,TIME,SRC,PACKET_SIZE,CUMULATIVE_PACKET_SIZE,PAGE_NUMBER,TOTAL_PACKET_SIZE
0,0.0,74.125.24.0-255,147,147,79,245213
1,2.3e-05,172.31.40.0-255,66,213,79,245213
2,2.9e-05,74.125.24.0-255,1484,1697,79,245213
3,3.4e-05,172.31.40.0-255,66,1763,79,245213
4,4e-05,74.125.24.0-255,2902,4665,79,245213
5,4.4e-05,172.31.40.0-255,66,4731,79,245213
6,5.2e-05,74.125.24.0-255,7156,11887,79,245213
7,5.6e-05,172.31.40.0-255,66,11953,79,245213
8,8.3e-05,74.125.24.0-255,2139,14092,79,245213
9,8.6e-05,172.31.40.0-255,66,14158,79,245213
10,0.000115,74.125.24.0-255,1484,15642,79,245213
11,0.000117,172.31.40.0-255,66,15708,79,245213
12,0.000121,74.125.24.0-255,1484,17192,79,245213
13,0.000123,172.31.40.0-255,66,17258,79,245213
14,0.000134,74.125.24.0-255,1484,18742,79,245213
15,0.000137,172.31.40.0-255,66,18808,79,245213
16,0.000142,74.125.24.0-255,2902,21710,79,245213
17,0.000144,172.31.40.0-255,66,21776,79,245213
18,0.000164,74.125.24.0-255,2902,24678,79,245213
19,0.000166,172.31.40.0-255,66,24744,79,245213
20,0.00019,74.125.24.0-255,6797,31541,79,245213
21,0.000192,172.31.40.0-255,66,31607,79,245213
22,0.000249,74.125.24.0-255,1484,33091,79,245213
23,0.000252,172.31.40.0-255,66,33157,79,245213
24,0.000277,74.125.24.0-255,2902,36059,79,245213
25,0.000279,172.31.40.0-255,66,36125,79,245213
26,0.000286,74.125.24.0-255,5738,41863,79,245213
27,0.000288,172.31.40.0-255,66,41929,79,245213
28,0.000305,74.125.24.0-255,2902,44831,79,245213
29,0.000307,172.31.40.0-255,66,44897,79,245213
30,0.000346,172.31.40.0-255,66,44963,79,245213
31,0.000351,74.125.24.0-255,4320,49283,79,245213
32,0.000354,172.31.40.0-255,66,49349,79,245213
33,0.000374,74.125.24.0-255,1484,50833,79,245213
34,0.000396,74.125.24.0-255,4297,55130,79,245213
35,0.000399,172.31.40.0-255,66,55196,79,245213
36,0.000402,74.125.24.0-255,351,55547,79,245213
37,0.000653,74.125.24.0-255,1484,57031,79,245213
38,0.000659,74.125.24.0-255,2902,59933,79,245213
39,0.000664,172.31.40.0-255,66,59999,79,245213
40,0.000668,172.31.40.0-255,66,60065,79,245213
41,0.000687,74.125.24.0-255,5738,65803,79,245213
42,0.00069,172.31.40.0-255,66,65869,79,245213
43,0.000713,172.31.40.0-255,66,65935,79,245213
44,0.000725,74.125.24.0-255,4320,70255,79,245213
45,0.000728,172.31.40.0-255,66,70321,79,245213
46,0.000735,74.125.24.0-255,5738,76059,79,245213
47,0.000737,172.31.40.0-255,66,76125,79,245213
48,0.000763,74.125.24.0-255,5020,81145,79,245213
49,0.000766,172.31.40.0-255,66,81211,79,245213
50,0.00106,74.125.24.0-255,1484,82695,79,245213
51,0.001066,74.125.24.0-255,2902,85597,79,245213
52,0.00107,172.31.40.0-255,66,85663,79,245213
53,0.001073,74.125.24.0-255,1484,87147,79,245213
54,0.001091,74.125.24.0-255,4320,91467,79,245213
55,0.001094,172.31.40.0-255,66,91533,79,245213
56,0.001138,74.125.24.0-255,4320,95853,79,245213
57,0.001141,172.31.40.0-255,66,95919,79,245213
58,0.001174,172.31.40.0-255,66,95985,79,245213
59,0.001186,172.31.40.0-255,66,96051,79,245213
60,0.001383,74.125.24.0-255,1484,97535,79,245213
61,0.00139,74.125.24.0-255,2902,100437,79,245213
62,0.001393,172.31.40.0-255,66,100503,79,245213
63,0.001397,74.125.24.0-255,1484,101987,79,245213
64,0.001416,74.125.24.0-255,4320,106307,79,245213
65,0.00142,172.31.40.0-255,66,106373,79,245213
66,0.001452,172.31.40.0-255,66,106439,79,245213
67,0.001462,172.31.40.0-255,66,106505,79,245213
68,0.001476,74.125.24.0-255,2184,108689,79,245213
69,0.001479,172.31.40.0-255,66,108755,79,245213
70,0.001697,74.125.24.0-255,1484,110239,79,245213
71,0.001704,74.125.24.0-255,2902,113141,79,245213
72,0.001707,172.31.40.0-255,66,113207,79,245213
73,0.001714,74.125.24.0-255,5738,118945,79,245213
74,0.001716,172.31.40.0-255,66,119011,79,245213
75,0.00172,74.125.24.0-255,1484,120495,79,245213
76,0.001754,172.31.40.0-255,66,120561,79,245213
77,0.001767,172.31.40.0-255,66,120627,79,245213
78,0.001799,74.125.24.0-255,1484,122111,79,245213
79,0.001816,74.125.24.0-255,2902,125013,79,245213
80,0.001819,172.31.40.0-255,66,125079,79,245213
81,0.001842,74.125.24.0-255,5738,130817,79,245213
82,0.001845,172.31.40.0-255,66,130883,79,245213
83,0.001852,74.125.24.0-255,5738,136621,79,245213
84,0.001854,172.31.40.0-255,66,136687,79,245213
85,0.001885,74.125.24.0-255,7156,143843,79,245213
86,0.001888,172.31.40.0-255,66,143909,79,245213
87,0.001909,74.125.24.0-255,7156,151065,79,245213
88,0.001912,172.31.40.0-255,66,151131,79,245213
89,0.001925,74.125.24.0-255,3602,154733,79,245213
90,0.001929,172.31.40.0-255,66,154799,79,245213
91,0.002072,74.125.24.0-255,1484,156283,79,245213
92,0.002077,74.125.24.0-255,1484,157767,79,245213
93,0.00208,172.31.40.0-255,66,157833,79,245213
94,0.002094,74.125.24.0-255,1484,159317,79,245213
95,0.002097,74.125.24.0-255,1484,160801,79,245213
96,0.002099,172.31.40.0-255,66,160867,79,245213
97,0.002128,74.125.24.0-255,4320,165187,79,245213
98,0.002131,172.31.40.0-255,66,165253,79,245213
99,0.002144,74.125.24.0-255,7156,172409,79,245213
100,0.002146,172.31.40.0-255,66,172475,79,245213
101,0.002161,172.31.40.0-255,66,172541,79,245213
102,0.002177,74.125.24.0-255,1484,174025,79,245213
103,0.002181,74.125.24.0-255,2184,176209,79,245213
104,0.002183,172.31.40.0-255,66,176275,79,245213
105,0.002306,74.125.24.0-255,1484,177759,79,245213
106,0.00232,74.125.24.0-255,2902,180661,79,245213
107,0.002324,172.31.40.0-255,66,180727,79,245213
108,0.002327,74.125.24.0-255,1484,182211,79,245213
109,0.002345,74.125.24.0-255,4320,186531,79,245213
110,0.002347,172.31.40.0-255,66,186597,79,245213
111,0.002353,74.125.24.0-255,4320,190917,79,245213
112,0.002355,172.31.40.0-255,66,190983,79,245213
113,0.00237,74.125.24.0-255,2902,193885,79,245213
114,0.002373,172.31.40.0-255,66,193951,79,245213
115,0.002406,172.31.40.0-255,66,194017,79,245213
116,0.00241,74.125.24.0-255,2184,196201,79,245213
117,0.002413,172.31.40.0-255,66,196267,79,245213
118,0.00247,172.31.40.0-255,66,196333,79,245213
119,0.002491,74.125.24.0-255,2902,199235,79,245213
120,0.002494,172.31.40.0-255,66,199301,79,245213
121,0.002508,172.31.40.0-255,66,199367,79,245213
122,0.002515,74.125.24.0-255,7156,206523,79,245213
123,0.002519,172.31.40.0-255,66,206589,79,245213
124,0.00254,74.125.24.0-255,3602,210191,79,245213
125,0.002542,172.31.40.0-255,66,210257,79,245213
126,0.002556,172.31.40.0-255,66,210323,79,245213
127,0.002568,172.31.40.0-255,66,210389,79,245213
128,0.005118,74.125.24.0-255,5738,216127,79,245213
129,0.005163,172.31.40.0-255,66,216193,79,245213
130,0.007698,74.125.24.0-255,5738,221931,79,245213
131,0.007705,172.31.40.0-255,66,221997,79,245213
132,0.010224,74.125.24.0-255,5738,227735,79,245213
133,0.010239,172.31.40.0-255,66,227801,79,245213
134,0.012853,74.125.24.0-255,5738,233539,79,245213
135,0.012869,172.31.40.0-255,66,233605,79,245213
136,0.015399,74.125.24.0-255,5738,239343,79,245213
137,0.015408,172.31.40.0-255,66,239409,79,245213
138,0.017952,74.125.24.0-255,5738,245147,79,245213
139,0.017959,172.31.40.0-255,66,245213,79,245213
140,0.0,74.125.24.0-255,153,153,79,114811
141,1.6e-05,172.31.40.0-255,66,219,79,114811
142,2.3e-05,74.125.24.0-255,1484,1703,79,114811
143,2.8e-05,172.31.40.0-255,66,1769,79,114811
144,4e-05,74.125.24.0-255,2902,4671,79,114811
145,4.4e-05,172.31.40.0-255,66,4737,79,114811
146,5.2e-05,74.125.24.0-255,7156,11893,79,114811
147,5.5e-05,172.31.40.0-255,66,11959,79,114811
148,0.000105,172.31.40.0-255,66,12025,79,114811
149,0.000122,172.31.40.0-255,66,12091,79,114811
150,0.000134,172.31.40.0-255,66,12157,79,114811
151,0.000167,74.125.24.0-255,3602,15759,79,114811
152,0.00017,172.31.40.0-255,66,15825,79,114811
153,0.000895,74.125.24.0-255,1484,17309,79,114811
154,0.0009,172.31.40.0-255,66,17375,79,114811
155,0.000909,74.125.24.0-255,2902,20277,79,114811
156,0.000911,172.31.40.0-255,66,20343,79,114811
157,0.000924,74.125.24.0-255,5738,26081,79,114811
158,0.000926,172.31.40.0-255,66,26147,79,114811
159,0.000933,74.125.24.0-255,5738,31885,79,114811
160,0.000939,172.31.40.0-255,66,31951,79,114811
161,0.000957,74.125.24.0-255,1403,33354,79,114811
162,0.000959,172.31.40.0-255,66,33420,79,114811
163,0.000984,172.31.40.0-255,66,33486,79,114811
164,0.001013,74.125.24.0-255,2902,36388,79,114811
165,0.001014,172.31.40.0-255,66,36454,79,114811
166,0.001026,172.31.40.0-255,66,36520,79,114811
167,0.001034,74.125.24.0-255,4320,40840,79,114811
168,0.001036,172.31.40.0-255,66,40906,79,114811
169,0.001058,74.125.24.0-255,3333,44239,79,114811
170,0.00106,172.31.40.0-255,66,44305,79,114811
171,0.001618,74.125.24.0-255,1484,45789,79,114811
172,0.001626,74.125.24.0-255,2902,48691,79,114811
173,0.00163,172.31.40.0-255,66,48757,79,114811
174,0.001637,74.125.24.0-255,5738,54495,79,114811
175,0.001639,172.31.40.0-255,66,54561,79,114811
176,0.001642,74.125.24.0-255,1484,56045,79,114811
177,0.001693,172.31.40.0-255,66,56111,79,114811
178,0.001704,172.31.40.0-255,66,56177,79,114811
179,0.002026,74.125.24.0-255,1484,57661,79,114811
180,0.002046,74.125.24.0-255,2902,60563,79,114811
181,0.00205,172.31.40.0-255,66,60629,79,114811
182,0.002055,74.125.24.0-255,1484,62113,79,114811
183,0.002087,74.125.24.0-255,4320,66433,79,114811
184,0.002089,172.31.40.0-255,66,66499,79,114811
185,0.002102,172.31.40.0-255,66,66565,79,114811
186,0.002131,74.125.24.0-255,2902,69467,79,114811
187,0.002133,172.31.40.0-255,66,69533,79,114811
188,0.002143,172.31.40.0-255,66,69599,79,114811
189,0.00218,172.31.40.0-255,66,69665,79,114811
190,0.002205,172.31.40.0-255,66,69731,79,114811
191,0.00221,74.125.24.0-255,4320,74051,79,114811
192,0.002212,172.31.40.0-255,66,74117,79,114811
193,0.002243,172.31.40.0-255,66,74183,79,114811
194,0.004529,74.125.24.0-255,5738,79921,79,114811
195,0.004535,172.31.40.0-255,66,79987,79,114811
196,0.006803,74.125.24.0-255,5738,85725,79,114811
197,0.006807,172.31.40.0-255,66,85791,79,114811
198,0.00909,74.125.24.0-255,5738,91529,79,114811
199,0.009096,172.31.40.0-255,66,91595,79,114811
200,0.011381,74.125.24.0-255,5738,97333,79,114811
201,0.011389,172.31.40.0-255,66,97399,79,114811
202,0.013671,74.125.24.0-255,5738,103137,79,114811
203,0.013679,172.31.40.0-255,66,103203,79,114811
204,0.015961,74.125.24.0-255,5738,108941,79,114811
205,0.015968,172.31.40.0-255,66,109007,79,114811
206,0.018243,74.125.24.0-255,5738,114745,79,114811
207,0.018249,172.31.40.0-255,66,114811,79,114811
208,0.0,172.217.26.0-255,153,153,79,133727
209,2.8e-05,172.31.40.0-255,66,219,79,133727
210,3.7e-05,172.217.26.0-255,1484,1703,79,133727
211,4.1e-05,172.31.40.0-255,66,1769,79,133727
212,5.5e-05,172.217.26.0-255,2902,4671,79,133727
213,5.9e-05,172.31.40.0-255,66,4737,79,133727
214,6.4e-05,172.217.26.0-255,2902,7639,79,133727
215,6.8e-05,172.31.40.0-255,66,7705,79,133727
216,7.5e-05,172.217.26.0-255,4320,12025,79,133727
217,7.7e-05,172.31.40.0-255,66,12091,79,133727
218,8.2e-05,172.217.26.0-255,2064,14155,79,133727
219,8.5e-05,172.31.40.0-255,66,14221,79,133727
220,0.000215,172.217.26.0-255,1484,15705,79,133727
221,0.000219,172.31.40.0-255,66,15771,79,133727
222,0.000225,172.217.26.0-255,2902,18673,79,133727
223,0.000227,172.31.40.0-255,66,18739,79,133727
224,0.000239,172.217.26.0-255,5738,24477,79,133727
225,0.000242,172.31.40.0-255,66,24543,79,133727
226,0.000289,172.217.26.0-255,4320,28863,79,133727
227,0.000292,172.31.40.0-255,66,28929,79,133727
228,0.000321,172.217.26.0-255,2543,31472,79,133727
229,0.000325,172.31.40.0-255,66,31538,79,133727
230,0.000489,172.217.26.0-255,1484,33022,79,133727
231,0.000493,172.31.40.0-255,66,33088,79,133727
232,0.000498,172.217.26.0-255,2902,35990,79,133727
233,0.000501,172.31.40.0-255,66,36056,79,133727
234,0.000533,172.217.26.0-255,5738,41794,79,133727
235,0.000536,172.31.40.0-255,66,41860,79,133727
236,0.000543,172.217.26.0-255,5738,47598,79,133727
237,0.000545,172.31.40.0-255,66,47664,79,133727
238,0.000587,172.31.40.0-255,66,47730,79,133727
239,0.000593,172.217.26.0-255,4320,52050,79,133727
240,0.000595,172.31.40.0-255,66,52116,79,133727
241,0.000635,172.217.26.0-255,5675,57791,79,133727
242,0.000638,172.31.40.0-255,66,57857,79,133727
243,0.001216,172.217.26.0-255,381,58238,79,133727
244,0.001238,172.31.40.0-255,66,58304,79,133727
245,0.001366,172.217.26.0-255,1484,59788,79,133727
246,0.001378,172.217.26.0-255,2902,62690,79,133727
247,0.001382,172.31.40.0-255,66,62756,79,133727
248,0.00139,172.217.26.0-255,5738,68494,79,133727
249,0.001392,172.31.40.0-255,66,68560,79,133727
250,0.001403,172.217.26.0-255,2902,71462,79,133727
251,0.001405,172.31.40.0-255,66,71528,79,133727
252,0.001441,172.217.26.0-255,2902,74430,79,133727
253,0.001444,172.31.40.0-255,66,74496,79,133727
254,0.001451,172.217.26.0-255,6797,81293,79,133727
255,0.001453,172.31.40.0-255,66,81359,79,133727
256,0.001469,172.31.40.0-255,66,81425,79,133727
257,0.001952,172.217.26.0-255,1484,82909,79,133727
258,0.0034,172.217.26.0-255,4320,87229,79,133727
259,0.003419,172.31.40.0-255,66,87295,79,133727
260,0.005378,172.217.26.0-255,5738,93033,79,133727
261,0.005382,172.31.40.0-255,66,93099,79,133727
262,0.007309,172.217.26.0-255,5738,98837,79,133727
263,0.007318,172.31.40.0-255,66,98903,79,133727
264,0.009267,172.217.26.0-255,5738,104641,79,133727
265,0.009281,172.31.40.0-255,66,104707,79,133727
266,0.011222,172.217.26.0-255,5738,110445,79,133727
267,0.011246,172.31.40.0-255,66,110511,79,133727
268,0.013199,172.217.26.0-255,5738,116249,79,133727
269,0.013215,172.31.40.0-255,66,116315,79,133727
270,0.015207,172.217.26.0-255,5738,122053,79,133727
271,0.015247,172.31.40.0-255,66,122119,79,133727
272,0.017227,172.217.26.0-255,5738,127857,79,133727
273,0.017244,172.31.40.0-255,66,127923,79,133727
274,0.019191,172.217.26.0-255,5738,133661,79,133727
275,0.019207,172.31.40.0-255,66,133727,79,133727
276,0.0,74.125.24.0-255,143,143,79,162109
277,2.3e-05,172.31.40.0-255,66,209,79,162109
278,3e-05,74.125.24.0-255,1484,1693,79,162109
279,3.4e-05,172.31.40.0-255,66,1759,79,162109
280,4e-05,74.125.24.0-255,2902,4661,79,162109
281,4.2e-05,172.31.40.0-255,66,4727,79,162109
282,5e-05,74.125.24.0-255,7156,11883,79,162109
283,5.3e-05,172.31.40.0-255,66,11949,79,162109
284,5.7e-05,74.125.24.0-255,2133,14082,79,162109
285,5.9e-05,172.31.40.0-255,66,14148,79,162109
286,9.2e-05,74.125.24.0-255,1484,15632,79,162109
287,9.5e-05,172.31.40.0-255,66,15698,79,162109
288,0.000116,74.125.24.0-255,2902,18600,79,162109
289,0.000118,172.31.40.0-255,66,18666,79,162109
290,0.000125,74.125.24.0-255,5738,24404,79,162109
291,0.000127,172.31.40.0-255,66,24470,79,162109
292,0.000151,74.125.24.0-255,4320,28790,79,162109
293,0.000154,172.31.40.0-255,66,28856,79,162109
294,0.000165,74.125.24.0-255,2543,31399,79,162109
295,0.000167,172.31.40.0-255,66,31465,79,162109
296,0.000297,74.125.24.0-255,1484,32949,79,162109
297,0.0003,172.31.40.0-255,66,33015,79,162109
298,0.000322,74.125.24.0-255,2902,35917,79,162109
299,0.000324,172.31.40.0-255,66,35983,79,162109
300,0.000331,74.125.24.0-255,5738,41721,79,162109
301,0.000333,172.31.40.0-255,66,41787,79,162109
302,0.00036,172.31.40.0-255,66,41853,79,162109
303,0.000387,74.125.24.0-255,2543,44396,79,162109
304,0.000389,172.31.40.0-255,66,44462,79,162109
305,0.000396,74.125.24.0-255,7156,51618,79,162109
306,0.000399,172.31.40.0-255,66,51684,79,162109
307,0.000446,74.125.24.0-255,2844,54528,79,162109
308,0.000449,172.31.40.0-255,66,54594,79,162109
309,0.000451,74.125.24.0-255,132,54726,79,162109
310,0.000455,74.125.24.0-255,343,55069,79,162109
311,0.000808,74.125.24.0-255,1484,56553,79,162109
312,0.000812,172.31.40.0-255,66,56619,79,162109
313,0.000816,74.125.24.0-255,2902,59521,79,162109
314,0.000819,172.31.40.0-255,66,59587,79,162109
315,0.000824,74.125.24.0-255,4320,63907,79,162109
316,0.000826,172.31.40.0-255,66,63973,79,162109
317,0.000838,74.125.24.0-255,1484,65457,79,162109
318,0.000851,74.125.24.0-255,2902,68359,79,162109
319,0.000854,172.31.40.0-255,66,68425,79,162109
320,0.000882,172.31.40.0-255,66,68491,79,162109
321,0.000889,74.125.24.0-255,5738,74229,79,162109
322,0.000891,172.31.40.0-255,66,74295,79,162109
323,0.000912,74.125.24.0-255,1484,75779,79,162109
324,0.000929,74.125.24.0-255,3602,79381,79,162109
325,0.000932,172.31.40.0-255,66,79447,79,162109
326,0.001714,74.125.24.0-255,1484,80931,79,162109
327,0.001721,74.125.24.0-255,2902,83833,79,162109
328,0.001726,172.31.40.0-255,66,83899,79,162109
329,0.001733,74.125.24.0-255,4320,88219,79,162109
330,0.001735,172.31.40.0-255,66,88285,79,162109
331,0.001749,74.125.24.0-255,1484,89769,79,162109
332,0.001754,74.125.24.0-255,2902,92671,79,162109
333,0.001756,172.31.40.0-255,66,92737,79,162109
334,0.001799,172.31.40.0-255,66,92803,79,162109
335,0.001811,172.31.40.0-255,66,92869,79,162109
336,0.003014,74.125.24.0-255,1484,94353,79,162109
337,0.003024,74.125.24.0-255,2902,97255,79,162109
338,0.003029,172.31.40.0-255,66,97321,79,162109
339,0.003036,74.125.24.0-255,4320,101641,79,162109
340,0.003039,172.31.40.0-255,66,101707,79,162109
341,0.003058,74.125.24.0-255,1484,103191,79,162109
342,0.003071,172.31.40.0-255,66,103257,79,162109
343,0.003082,172.31.40.0-255,66,103323,79,162109
344,0.003085,74.125.24.0-255,1484,104807,79,162109
345,0.003103,74.125.24.0-255,766,105573,79,162109
346,0.003105,172.31.40.0-255,66,105639,79,162109
347,0.003428,74.125.24.0-255,1484,107123,79,162109
348,0.003435,74.125.24.0-255,2902,110025,79,162109
349,0.003439,172.31.40.0-255,66,110091,79,162109
350,0.003448,74.125.24.0-255,5738,115829,79,162109
351,0.00345,172.31.40.0-255,66,115895,79,162109
352,0.003456,74.125.24.0-255,5738,121633,79,162109
353,0.003458,172.31.40.0-255,66,121699,79,162109
354,0.003461,74.125.24.0-255,1484,123183,79,162109
355,0.003497,172.31.40.0-255,66,123249,79,162109
356,0.003509,172.31.40.0-255,66,123315,79,162109
357,0.003516,74.125.24.0-255,5738,129053,79,162109
358,0.003518,172.31.40.0-255,66,129119,79,162109
359,0.003542,74.125.24.0-255,4320,133439,79,162109
360,0.003545,172.31.40.0-255,66,133505,79,162109
361,0.003552,74.125.24.0-255,5738,139243,79,162109
362,0.003553,172.31.40.0-255,66,139309,79,162109
363,0.003583,172.31.40.0-255,66,139375,79,162109
364,0.003612,172.31.40.0-255,66,139441,79,162109
365,0.003649,74.125.24.0-255,5738,145179,79,162109
366,0.003651,172.31.40.0-255,66,145245,79,162109
367,0.003691,74.125.24.0-255,4320,149565,79,162109
368,0.003694,172.31.40.0-255,66,149631,79,162109
369,0.003709,172.31.40.0-255,66,149697,79,162109
370,0.003726,172.31.40.0-255,66,149763,79,162109
371,0.003742,172.31.40.0-255,66,149829,79,162109
372,0.003766,74.125.24.0-255,5738,155567,79,162109
373,0.003769,172.31.40.0-255,66,155633,79,162109
374,0.003814,172.31.40.0-255,66,155699,79,162109
375,0.003826,172.31.40.0-255,66,155765,79,162109
376,0.00386,172.31.40.0-255,66,155831,79,162109
377,0.003879,74.125.24.0-255,5738,161569,79,162109
378,0.003882,172.31.40.0-255,66,161635,79,162109
379,0.003927,172.31.40.0-255,66,161701,79,162109
380,0.003945,172.31.40.0-255,66,161767,79,162109
381,0.003948,74.125.24.0-255,105,161872,79,162109
382,0.016687,172.31.40.0-255,66,161938,79,162109
383,0.016741,172.31.40.0-255,105,162043,79,162109
384,0.018956,74.125.24.0-255,66,162109,79,162109
385,0.0,172.217.194.0-255,149,149,79,97511
386,2.1e-05,172.31.40.0-255,66,215,79,97511
387,2.8e-05,172.217.194.0-255,1484,1699,79,97511
388,3.2e-05,172.31.40.0-255,66,1765,79,97511
389,3.8e-05,172.217.194.0-255,2902,4667,79,97511
390,4.8e-05,172.31.40.0-255,66,4733,79,97511
391,5.6e-05,172.217.194.0-255,7156,11889,79,97511
392,5.8e-05,172.31.40.0-255,66,11955,79,97511
393,6.1e-05,172.217.194.0-255,1484,13439,79,97511
394,6.4e-05,172.31.40.0-255,66,13505,79,97511
395,0.000108,172.31.40.0-255,66,13571,79,97511
396,0.000119,172.31.40.0-255,66,13637,79,97511
397,0.000176,172.217.194.0-255,4320,17957,79,97511
398,0.00018,172.31.40.0-255,66,18023,79,97511
399,0.000186,172.217.194.0-255,5738,23761,79,97511
400,0.000189,172.31.40.0-255,66,23827,79,97511
401,0.000193,172.217.194.0-255,1484,25311,79,97511
402,0.000195,172.31.40.0-255,66,25377,79,97511
403,0.000229,172.31.40.0-255,66,25443,79,97511
404,0.000242,172.31.40.0-255,66,25509,79,97511
405,0.000265,172.217.194.0-255,1376,26885,79,97511
406,0.000268,172.31.40.0-255,66,26951,79,97511
407,0.000396,172.217.194.0-255,120,27071,79,97511
408,0.0004,172.31.40.0-255,66,27137,79,97511
409,0.000514,172.217.194.0-255,380,27517,79,97511
410,0.000518,172.31.40.0-255,66,27583,79,97511
411,0.000739,172.217.194.0-255,1484,29067,79,97511
412,0.000745,172.31.40.0-255,66,29133,79,97511
413,0.00075,172.217.194.0-255,2902,32035,79,97511
414,0.000752,172.31.40.0-255,66,32101,79,97511
415,0.000758,172.217.194.0-255,5738,37839,79,97511
416,0.000766,172.31.40.0-255,66,37905,79,97511
417,0.000806,172.31.40.0-255,66,37971,79,97511
418,0.000817,172.31.40.0-255,66,38037,79,97511
419,0.00082,172.217.194.0-255,766,38803,79,97511
420,0.001474,172.31.40.0-255,66,38869,79,97511
421,0.001904,172.217.194.0-255,1484,40353,79,97511
422,0.001916,172.217.194.0-255,2902,43255,79,97511
423,0.001921,172.31.40.0-255,66,43321,79,97511
424,0.001929,172.217.194.0-255,5738,49059,79,97511
425,0.001931,172.31.40.0-255,66,49125,79,97511
426,0.001965,172.31.40.0-255,66,49191,79,97511
427,0.002002,172.217.194.0-255,4320,53511,79,97511
428,0.002004,172.31.40.0-255,66,53577,79,97511
429,0.002013,172.31.40.0-255,66,53643,79,97511
430,0.002021,172.217.194.0-255,2184,55827,79,97511
431,0.002023,172.31.40.0-255,66,55893,79,97511
432,0.004378,172.217.194.0-255,2902,58795,79,97511
433,0.004388,172.31.40.0-255,66,58861,79,97511
434,0.004416,172.217.194.0-255,2902,61763,79,97511
435,0.004418,172.31.40.0-255,66,61829,79,97511
436,0.006748,172.217.194.0-255,2902,64731,79,97511
437,0.006752,172.31.40.0-255,66,64797,79,97511
438,0.006782,172.217.194.0-255,2902,67699,79,97511
439,0.006784,172.31.40.0-255,66,67765,79,97511
440,0.009112,172.217.194.0-255,2902,70667,79,97511
441,0.00912,172.31.40.0-255,66,70733,79,97511
442,0.009144,172.217.194.0-255,2902,73635,79,97511
443,0.009146,172.31.40.0-255,66,73701,79,97511
444,0.011478,172.217.194.0-255,2902,76603,79,97511
445,0.011487,172.31.40.0-255,66,76669,79,97511
446,0.011517,172.217.194.0-255,2902,79571,79,97511
447,0.011519,172.31.40.0-255,66,79637,79,97511
448,0.013876,172.217.194.0-255,2902,82539,79,97511
449,0.013887,172.31.40.0-255,66,82605,79,97511
450,0.013953,172.217.194.0-255,2902,85507,79,97511
451,0.013956,172.31.40.0-255,66,85573,79,97511
452,0.01623,172.217.194.0-255,2902,88475,79,97511
453,0.016238,172.31.40.0-255,66,88541,79,97511
454,0.016304,172.217.194.0-255,2902,91443,79,97511
455,0.016307,172.31.40.0-255,66,91509,79,97511
456,0.018605,172.217.194.0-255,2902,94411,79,97511
457,0.018612,172.31.40.0-255,66,94477,79,97511
458,0.018646,172.217.194.0-255,1484,95961,79,97511
459,0.01866,172.217.194.0-255,1484,97445,79,97511
460,0.018663,172.31.40.0-255,66,97511,79,97511
461,0.0,172.217.194.0-255,152,152,79,214497
462,1.4e-05,172.31.40.0-255,66,218,79,214497
463,3.2e-05,172.217.194.0-255,1484,1702,79,214497
464,4.1e-05,172.31.40.0-255,66,1768,79,214497
465,4.7e-05,172.217.194.0-255,2902,4670,79,214497
466,5.1e-05,172.31.40.0-255,66,4736,79,214497
467,8.8e-05,172.217.194.0-255,7156,11892,79,214497
468,9.2e-05,172.31.40.0-255,66,11958,79,214497
469,9.7e-05,172.217.194.0-255,1991,13949,79,214497
470,9.9e-05,172.31.40.0-255,66,14015,79,214497
471,0.000153,172.217.194.0-255,1484,15499,79,214497
472,0.000156,172.31.40.0-255,66,15565,79,214497
473,0.000208,172.217.194.0-255,2902,18467,79,214497
474,0.000212,172.31.40.0-255,66,18533,79,214497
475,0.00022,172.217.194.0-255,5738,24271,79,214497
476,0.000224,172.31.40.0-255,66,24337,79,214497
477,0.000235,172.217.194.0-255,5738,30075,79,214497
478,0.000237,172.31.40.0-255,66,30141,79,214497
479,0.000278,172.31.40.0-255,66,30207,79,214497
480,0.000305,172.217.194.0-255,3961,34168,79,214497
481,0.000307,172.31.40.0-255,66,34234,79,214497
482,0.000655,172.217.194.0-255,1484,35718,79,214497
483,0.000661,172.31.40.0-255,66,35784,79,214497
484,0.000668,172.217.194.0-255,2902,38686,79,214497
485,0.000671,172.31.40.0-255,66,38752,79,214497
486,0.000677,172.217.194.0-255,5738,44490,79,214497
487,0.000684,172.31.40.0-255,66,44556,79,214497
488,0.000731,172.217.194.0-255,6797,51353,79,214497
489,0.000734,172.31.40.0-255,66,51419,79,214497
490,0.000761,172.217.194.0-255,645,52064,79,214497
491,0.000765,172.31.40.0-255,66,52130,79,214497
492,0.000792,172.217.194.0-255,1484,53614,79,214497
493,0.000799,172.217.194.0-255,4320,57934,79,214497
494,0.000801,172.31.40.0-255,66,58000,79,214497
495,0.000832,172.217.194.0-255,7156,65156,79,214497
496,0.000835,172.31.40.0-255,66,65222,79,214497
497,0.000866,172.217.194.0-255,2902,68124,79,214497
498,0.000869,172.31.40.0-255,66,68190,79,214497
499,0.000872,172.217.194.0-255,577,68767,79,214497
500,0.001306,172.31.40.0-255,66,68833,79,214497
501,0.001359,172.217.194.0-255,1484,70317,79,214497
502,0.001364,172.217.194.0-255,2902,73219,79,214497
503,0.001366,172.31.40.0-255,66,73285,79,214497
504,0.001371,172.217.194.0-255,2902,76187,79,214497
505,0.001373,172.31.40.0-255,66,76253,79,214497
506,0.001394,172.217.194.0-255,2902,79155,79,214497
507,0.001396,172.31.40.0-255,66,79221,79,214497
508,0.001402,172.217.194.0-255,4320,83541,79,214497
509,0.001404,172.31.40.0-255,66,83607,79,214497
510,0.001431,172.31.40.0-255,66,83673,79,214497
511,0.001437,172.217.194.0-255,5738,89411,79,214497
512,0.001439,172.31.40.0-255,66,89477,79,214497
513,0.001469,172.217.194.0-255,5020,94497,79,214497
514,0.001475,172.31.40.0-255,66,94563,79,214497
515,0.002629,172.217.194.0-255,1484,96047,79,214497
516,0.002641,172.217.194.0-255,2902,98949,79,214497
517,0.002646,172.31.40.0-255,66,99015,79,214497
518,0.002654,172.217.194.0-255,5738,104753,79,214497
519,0.002656,172.31.40.0-255,66,104819,79,214497
520,0.002693,172.31.40.0-255,66,104885,79,214497
521,0.002719,172.217.194.0-255,2902,107787,79,214497
522,0.002721,172.31.40.0-255,66,107853,79,214497
523,0.002724,172.217.194.0-255,1484,109337,79,214497
524,0.00274,172.31.40.0-255,66,109403,79,214497
525,0.003476,172.217.194.0-255,1484,110887,79,214497
526,0.003495,172.217.194.0-255,2902,113789,79,214497
527,0.003498,172.31.40.0-255,66,113855,79,214497
528,0.003503,172.217.194.0-255,2902,116757,79,214497
529,0.003505,172.31.40.0-255,66,116823,79,214497
530,0.00353,172.217.194.0-255,2902,119725,79,214497
531,0.003532,172.31.40.0-255,66,119791,79,214497
532,0.00354,172.217.194.0-255,7156,126947,79,214497
533,0.003542,172.31.40.0-255,66,127013,79,214497
534,0.003583,172.217.194.0-255,5738,132751,79,214497
535,0.003586,172.31.40.0-255,66,132817,79,214497
536,0.003593,172.217.194.0-255,7156,139973,79,214497
537,0.003595,172.31.40.0-255,66,140039,79,214497
538,0.003613,172.217.194.0-255,3602,143641,79,214497
539,0.003615,172.31.40.0-255,66,143707,79,214497
540,0.003654,172.217.194.0-255,2902,146609,79,214497
541,0.003657,172.31.40.0-255,66,146675,79,214497
542,0.00366,172.217.194.0-255,1484,148159,79,214497
543,0.003685,172.217.194.0-255,2902,151061,79,214497
544,0.003687,172.31.40.0-255,66,151127,79,214497
545,0.003708,172.217.194.0-255,5738,156865,79,214497
546,0.00371,172.31.40.0-255,66,156931,79,214497
547,0.003718,172.217.194.0-255,7156,164087,79,214497
548,0.003721,172.31.40.0-255,66,164153,79,214497
549,0.003748,172.217.194.0-255,1484,165637,79,214497
550,0.003777,172.31.40.0-255,66,165703,79,214497
551,0.003804,172.217.194.0-255,2902,168605,79,214497
552,0.003806,172.31.40.0-255,66,168671,79,214497
553,0.003811,172.217.194.0-255,2902,171573,79,214497
554,0.003813,172.31.40.0-255,66,171639,79,214497
555,0.003835,172.217.194.0-255,1484,173123,79,214497
556,0.003852,172.31.40.0-255,66,173189,79,214497
557,0.003868,172.217.194.0-255,4320,177509,79,214497
558,0.003874,172.31.40.0-255,66,177575,79,214497
559,0.003913,172.31.40.0-255,66,177641,79,214497
560,0.00393,172.31.40.0-255,66,177707,79,214497
561,0.003963,172.217.194.0-255,1484,179191,79,214497
562,0.003979,172.31.40.0-255,66,179257,79,214497
563,0.003983,172.217.194.0-255,2184,181441,79,214497
564,0.003986,172.31.40.0-255,66,181507,79,214497
565,0.004101,172.217.194.0-255,1484,182991,79,214497
566,0.004128,172.217.194.0-255,2902,185893,79,214497
567,0.004132,172.31.40.0-255,66,185959,79,214497
568,0.004161,172.217.194.0-255,5738,191697,79,214497
569,0.004164,172.31.40.0-255,66,191763,79,214497
570,0.004197,172.31.40.0-255,66,191829,79,214497
571,0.004216,172.217.194.0-255,1484,193313,79,214497
572,0.004254,172.217.194.0-255,1484,194797,79,214497
573,0.004258,172.31.40.0-255,66,194863,79,214497
574,0.004295,172.31.40.0-255,66,194929,79,214497
575,0.004322,172.217.194.0-255,4320,199249,79,214497
576,0.004325,172.31.40.0-255,66,199315,79,214497
577,0.004357,172.217.194.0-255,7156,206471,79,214497
578,0.004361,172.31.40.0-255,66,206537,79,214497
579,0.004372,172.31.40.0-255,66,206603,79,214497
580,0.004446,172.31.40.0-255,66,206669,79,214497
581,0.004461,172.31.40.0-255,66,206735,79,214497
582,0.004472,172.217.194.0-255,7156,213891,79,214497
583,0.004475,172.31.40.0-255,66,213957,79,214497
584,0.00454,172.31.40.0-255,66,214023,79,214497
585,0.004566,172.31.40.0-255,66,214089,79,214497
586,0.004576,172.31.40.0-255,66,214155,79,214497
587,0.00458,172.217.194.0-255,105,214260,79,214497
588,0.007608,172.31.40.0-255,66,214326,79,214497
589,0.007647,172.31.40.0-255,105,214431,79,214497
590,0.010239,172.217.194.0-255,66,214497,79,214497
591,0.0,172.217.194.0-255,146,146,79,229820
592,1.4e-05,172.31.40.0-255,66,212,79,229820
593,2.1e-05,172.217.194.0-255,1484,1696,79,229820
594,2.4e-05,172.31.40.0-255,66,1762,79,229820
595,3e-05,172.217.194.0-255,2902,4664,79,229820
596,3.4e-05,172.31.40.0-255,66,4730,79,229820
597,4e-05,172.217.194.0-255,4320,9050,79,229820
598,4.3e-05,172.31.40.0-255,66,9116,79,229820
599,6.4e-05,172.217.194.0-255,2902,12018,79,229820
600,6.6e-05,172.31.40.0-255,66,12084,79,229820
601,7.8e-05,172.31.40.0-255,66,12150,79,229820
602,0.000113,172.31.40.0-255,66,12216,79,229820
603,0.000177,172.217.194.0-255,1484,13700,79,229820
604,0.00018,172.31.40.0-255,66,13766,79,229820
605,0.000185,172.217.194.0-255,2902,16668,79,229820
606,0.000186,172.31.40.0-255,66,16734,79,229820
607,0.0002,172.217.194.0-255,4320,21054,79,229820
608,0.000203,172.31.40.0-255,66,21120,79,229820
609,0.000238,172.217.194.0-255,1484,22604,79,229820
610,0.000241,172.31.40.0-255,66,22670,79,229820
611,0.000248,172.217.194.0-255,6797,29467,79,229820
612,0.000251,172.31.40.0-255,66,29533,79,229820
613,0.000258,172.217.194.0-255,7156,36689,79,229820
614,0.000261,172.31.40.0-255,66,36755,79,229820
615,0.000266,172.217.194.0-255,4320,41075,79,229820
616,0.000269,172.31.40.0-255,66,41141,79,229820
617,0.000299,172.217.194.0-255,5668,46809,79,229820
618,0.000302,172.31.40.0-255,66,46875,79,229820
619,0.000304,172.217.194.0-255,366,47241,79,229820
620,0.000306,172.31.40.0-255,66,47307,79,229820
621,0.000473,172.217.194.0-255,1484,48791,79,229820
622,0.000491,172.217.194.0-255,2902,51693,79,229820
623,0.000497,172.217.194.0-255,4320,56013,79,229820
624,0.000508,172.217.194.0-255,1484,57497,79,229820
625,0.000521,172.217.194.0-255,4320,61817,79,229820
626,0.00053,172.31.40.0-255,66,61883,79,229820
627,0.000605,172.217.194.0-255,766,62649,79,229820
628,0.000609,172.31.40.0-255,66,62715,79,229820
629,0.000683,172.217.194.0-255,1484,64199,79,229820
630,0.000688,172.217.194.0-255,2902,67101,79,229820
631,0.000691,172.217.194.0-255,1484,68585,79,229820
632,0.00071,172.217.194.0-255,4320,72905,79,229820
633,0.000713,172.217.194.0-255,1484,74389,79,229820
634,0.000726,172.31.40.0-255,66,74455,79,229820
635,0.000745,172.31.40.0-255,66,74521,79,229820
636,0.00075,172.217.194.0-255,2902,77423,79,229820
637,0.000752,172.217.194.0-255,1484,78907,79,229820
638,0.000776,172.217.194.0-255,4320,83227,79,229820
639,0.000788,172.31.40.0-255,66,83293,79,229820
640,0.000798,172.217.194.0-255,5020,88313,79,229820
641,0.000806,172.217.194.0-255,7156,95469,79,229820
642,0.000817,172.217.194.0-255,2902,98371,79,229820
643,0.00082,172.31.40.0-255,66,98437,79,229820
644,0.000863,172.217.194.0-255,7156,105593,79,229820
645,0.000873,172.31.40.0-255,66,105659,79,229820
646,0.000878,172.217.194.0-255,3602,109261,79,229820
647,0.000887,172.31.40.0-255,66,109327,79,229820
648,0.001145,172.217.194.0-255,1484,110811,79,229820
649,0.001164,172.217.194.0-255,2902,113713,79,229820
650,0.001169,172.217.194.0-255,2902,116615,79,229820
651,0.001182,172.217.194.0-255,2902,119517,79,229820
652,0.001186,172.217.194.0-255,2902,122419,79,229820
653,0.001209,172.217.194.0-255,7156,129575,79,229820
654,0.001238,172.217.194.0-255,5738,135313,79,229820
655,0.001274,172.217.194.0-255,2902,138215,79,229820
656,0.001296,172.217.194.0-255,2902,141117,79,229820
657,0.001316,172.217.194.0-255,7156,148273,79,229820
658,0.001342,172.217.194.0-255,4320,152593,79,229820
659,0.001364,172.217.194.0-255,5020,157613,79,229820
660,0.001458,172.217.194.0-255,1484,159097,79,229820
661,0.001463,172.217.194.0-255,1484,160581,79,229820
662,0.001473,172.217.194.0-255,1484,162065,79,229820
663,0.001479,172.217.194.0-255,5738,167803,79,229820
664,0.001496,172.217.194.0-255,4320,172123,79,229820
665,0.001511,172.217.194.0-255,1484,173607,79,229820
666,0.001514,172.217.194.0-255,1484,175091,79,229820
667,0.001556,172.217.194.0-255,5020,180111,79,229820
668,0.001616,172.217.194.0-255,1484,181595,79,229820
669,0.001631,172.217.194.0-255,2902,184497,79,229820
670,0.001643,172.217.194.0-255,2902,187399,79,229820
671,0.001656,172.217.194.0-255,2902,190301,79,229820
672,0.001711,172.217.194.0-255,5738,196039,79,229820
673,0.001725,172.217.194.0-255,7156,203195,79,229820
674,0.001737,172.217.194.0-255,766,203961,79,229820
675,0.001876,172.217.194.0-255,1484,205445,79,229820
676,0.001959,172.217.194.0-255,2902,208347,79,229820
677,0.001978,172.217.194.0-255,1484,209831,79,229820
678,0.00199,172.217.194.0-255,2902,212733,79,229820
679,0.002019,172.217.194.0-255,1484,214217,79,229820
680,0.002026,172.217.194.0-255,5738,219955,79,229820
681,0.002052,172.217.194.0-255,7156,227111,79,229820
682,0.002103,172.217.194.0-255,2184,229295,79,229820
683,0.002222,172.217.194.0-255,105,229400,79,229820
684,0.009202,172.31.40.0-255,66,229466,79,229820
685,0.01174,172.217.194.0-255,105,229571,79,229820
686,0.011752,172.31.40.0-255,78,229649,79,229820
687,0.011894,172.31.40.0-255,105,229754,79,229820
688,0.014437,172.217.194.0-255,66,229820,79,229820
689,0.0,172.217.194.0-255,146,146,79,106812
690,2.3e-05,172.31.40.0-255,66,212,79,106812
691,3e-05,172.217.194.0-255,1484,1696,79,106812
692,3.4e-05,172.31.40.0-255,66,1762,79,106812
693,5e-05,172.217.194.0-255,2902,4664,79,106812
694,5.4e-05,172.31.40.0-255,66,4730,79,106812
695,6e-05,172.217.194.0-255,4320,9050,79,106812
696,6.3e-05,172.31.40.0-255,66,9116,79,106812
697,0.000118,172.31.40.0-255,66,9182,79,106812
698,0.000158,172.31.40.0-255,66,9248,79,106812
699,0.000164,172.217.194.0-255,2543,11791,79,106812
700,0.000166,172.31.40.0-255,66,11857,79,106812
701,0.000395,172.217.194.0-255,1484,13341,79,106812
702,0.000401,172.31.40.0-255,66,13407,79,106812
703,0.000407,172.217.194.0-255,2902,16309,79,106812
704,0.000427,172.31.40.0-255,66,16375,79,106812
705,0.000448,172.217.194.0-255,5738,22113,79,106812
706,0.000457,172.31.40.0-255,66,22179,79,106812
707,0.000483,172.217.194.0-255,1484,23663,79,106812
708,0.000485,172.31.40.0-255,66,23729,79,106812
709,0.00049,172.217.194.0-255,2902,26631,79,106812
710,0.000493,172.31.40.0-255,66,26697,79,106812
711,0.000524,172.217.194.0-255,2543,29240,79,106812
712,0.000527,172.31.40.0-255,66,29306,79,106812
713,0.000555,172.217.194.0-255,2902,32208,79,106812
714,0.000558,172.31.40.0-255,66,32274,79,106812
715,0.000563,172.217.194.0-255,4320,36594,79,106812
716,0.000566,172.31.40.0-255,66,36660,79,106812
717,0.000609,172.31.40.0-255,66,36726,79,106812
718,0.000613,172.217.194.0-255,1419,38145,79,106812
719,0.000671,172.217.194.0-255,363,38508,79,106812
720,0.000674,172.31.40.0-255,66,38574,79,106812
721,0.001366,172.217.194.0-255,1484,40058,79,106812
722,0.001376,172.217.194.0-255,2902,42960,79,106812
723,0.00138,172.31.40.0-255,66,43026,79,106812
724,0.001421,172.217.194.0-255,4320,47346,79,106812
725,0.001424,172.31.40.0-255,66,47412,79,106812
726,0.001456,172.217.194.0-255,5738,53150,79,106812
727,0.001459,172.31.40.0-255,66,53216,79,106812
728,0.001483,172.217.194.0-255,4320,57536,79,106812
729,0.001486,172.31.40.0-255,66,57602,79,106812
730,0.001515,172.31.40.0-255,66,57668,79,106812
731,0.001542,172.217.194.0-255,2902,60570,79,106812
732,0.001544,172.31.40.0-255,66,60636,79,106812
733,0.001556,172.217.194.0-255,766,61402,79,106812
734,0.003583,172.217.194.0-255,1484,62886,79,106812
735,0.00359,172.31.40.0-255,66,62952,79,106812
736,0.003621,172.217.194.0-255,2902,65854,79,106812
737,0.003624,172.31.40.0-255,66,65920,79,106812
738,0.005638,172.217.194.0-255,2902,68822,79,106812
739,0.005642,172.31.40.0-255,66,68888,79,106812
740,0.005696,172.217.194.0-255,2902,71790,79,106812
741,0.005698,172.31.40.0-255,66,71856,79,106812
742,0.007712,172.217.194.0-255,2902,74758,79,106812
743,0.007718,172.31.40.0-255,66,74824,79,106812
744,0.00775,172.217.194.0-255,2902,77726,79,106812
745,0.007752,172.31.40.0-255,66,77792,79,106812
746,0.009814,172.217.194.0-255,5738,83530,79,106812
747,0.009822,172.31.40.0-255,66,83596,79,106812
748,0.011896,172.217.194.0-255,5738,89334,79,106812
749,0.011903,172.31.40.0-255,66,89400,79,106812
750,0.013991,172.217.194.0-255,5738,95138,79,106812
751,0.013998,172.31.40.0-255,66,95204,79,106812
752,0.016073,172.217.194.0-255,5738,100942,79,106812
753,0.016081,172.31.40.0-255,66,101008,79,106812
754,0.018161,172.217.194.0-255,5738,106746,79,106812
755,0.018171,172.31.40.0-255,66,106812,79,106812
756,0.0,74.125.130.0-255,153,153,79,262599
757,2.4e-05,172.31.40.0-255,66,219,79,262599
758,3.1e-05,74.125.130.0-255,1484,1703,79,262599
759,3.6e-05,172.31.40.0-255,66,1769,79,262599
760,4.8e-05,74.125.130.0-255,2902,4671,79,262599
761,5.2e-05,172.31.40.0-255,66,4737,79,262599
762,5.7e-05,74.125.130.0-255,2902,7639,79,262599
763,6e-05,172.31.40.0-255,66,7705,79,262599
764,9.6e-05,74.125.130.0-255,2902,10607,79,262599
765,9.9e-05,172.31.40.0-255,66,10673,79,262599
766,0.000102,74.125.130.0-255,1484,12157,79,262599
767,0.000104,172.31.40.0-255,66,12223,79,262599
768,0.000125,74.125.130.0-255,7156,19379,79,262599
769,0.000129,172.31.40.0-255,66,19445,79,262599
770,0.000149,74.125.130.0-255,2038,21483,79,262599
771,0.000152,172.31.40.0-255,66,21549,79,262599
772,0.000157,74.125.130.0-255,2902,24451,79,262599
773,0.000158,172.31.40.0-255,66,24517,79,262599
774,0.000187,74.125.130.0-255,6797,31314,79,262599
775,0.000194,172.31.40.0-255,66,31380,79,262599
776,0.000379,74.125.130.0-255,1484,32864,79,262599
777,0.000385,172.31.40.0-255,66,32930,79,262599
778,0.000392,74.125.130.0-255,2902,35832,79,262599
779,0.000395,172.31.40.0-255,66,35898,79,262599
780,0.000421,74.125.130.0-255,5738,41636,79,262599
781,0.000425,172.31.40.0-255,66,41702,79,262599
782,0.00043,74.125.130.0-255,2902,44604,79,262599
783,0.000431,172.31.40.0-255,66,44670,79,262599
784,0.000461,74.125.130.0-255,3961,48631,79,262599
785,0.000464,172.31.40.0-255,66,48697,79,262599
786,0.000478,74.125.130.0-255,1484,50181,79,262599
787,0.00048,172.31.40.0-255,66,50247,79,262599
788,0.000489,74.125.130.0-255,2902,53149,79,262599
789,0.000492,172.31.40.0-255,66,53215,79,262599
790,0.000518,74.125.130.0-255,5738,58953,79,262599
791,0.000521,172.31.40.0-255,66,59019,79,262599
792,0.000524,74.125.130.0-255,1484,60503,79,262599
793,0.000559,74.125.130.0-255,5632,66135,79,262599
794,0.000577,74.125.130.0-255,120,66255,79,262599
795,0.000588,172.31.40.0-255,66,66321,79,262599
796,0.001021,74.125.130.0-255,1484,67805,79,262599
797,0.001028,74.125.130.0-255,2902,70707,79,262599
798,0.001031,172.31.40.0-255,66,70773,79,262599
799,0.001036,74.125.130.0-255,1484,72257,79,262599
800,0.001039,74.125.130.0-255,1484,73741,79,262599
801,0.001041,172.31.40.0-255,66,73807,79,262599
802,0.00106,74.125.130.0-255,1484,75291,79,262599
803,0.001064,74.125.130.0-255,1484,76775,79,262599
804,0.001066,172.31.40.0-255,66,76841,79,262599
805,0.001091,74.125.130.0-255,4320,81161,79,262599
806,0.001094,172.31.40.0-255,66,81227,79,262599
807,0.001102,74.125.130.0-255,7156,88383,79,262599
808,0.001104,172.31.40.0-255,66,88449,79,262599
809,0.001126,74.125.130.0-255,1484,89933,79,262599
810,0.001157,74.125.130.0-255,5738,95671,79,262599
811,0.001178,74.125.130.0-255,4320,99991,79,262599
812,0.00118,74.125.130.0-255,766,100757,79,262599
813,0.001193,172.31.40.0-255,66,100823,79,262599
814,0.001406,74.125.130.0-255,1484,102307,79,262599
815,0.001421,74.125.130.0-255,2902,105209,79,262599
816,0.001425,172.31.40.0-255,66,105275,79,262599
817,0.001459,74.125.130.0-255,4320,109595,79,262599
818,0.001462,172.31.40.0-255,66,109661,79,262599
819,0.001468,74.125.130.0-255,5738,115399,79,262599
820,0.001503,74.125.130.0-255,7156,122555,79,262599
821,0.001513,172.31.40.0-255,66,122621,79,262599
822,0.001531,74.125.130.0-255,7156,129777,79,262599
823,0.001548,172.31.40.0-255,66,129843,79,262599
824,0.001558,74.125.130.0-255,1484,131327,79,262599
825,0.001563,74.125.130.0-255,3602,134929,79,262599
826,0.001572,74.125.130.0-255,2902,137831,79,262599
827,0.001583,74.125.130.0-255,1484,139315,79,262599
828,0.001622,74.125.130.0-255,2902,142217,79,262599
829,0.001639,74.125.130.0-255,7156,149373,79,262599
830,0.001656,74.125.130.0-255,5738,155111,79,262599
831,0.001659,172.31.40.0-255,66,155177,79,262599
832,0.00167,172.31.40.0-255,66,155243,79,262599
833,0.001704,74.125.130.0-255,5020,160263,79,262599
834,0.001722,172.31.40.0-255,66,160329,79,262599
835,0.001798,74.125.130.0-255,1484,161813,79,262599
836,0.001813,74.125.130.0-255,2902,164715,79,262599
837,0.001831,74.125.130.0-255,5738,170453,79,262599
838,0.001854,74.125.130.0-255,5738,176191,79,262599
839,0.001862,172.31.40.0-255,66,176257,79,262599
840,0.001893,74.125.130.0-255,7156,183413,79,262599
841,0.001899,74.125.130.0-255,4320,187733,79,262599
842,0.001909,172.31.40.0-255,66,187799,79,262599
843,0.00193,74.125.130.0-255,6438,194237,79,262599
844,0.001948,172.31.40.0-255,66,194303,79,262599
845,0.00224,74.125.130.0-255,1484,195787,79,262599
846,0.002245,74.125.130.0-255,1484,197271,79,262599
847,0.002249,172.31.40.0-255,66,197337,79,262599
848,0.002281,74.125.130.0-255,2902,200239,79,262599
849,0.002287,74.125.130.0-255,5738,205977,79,262599
850,0.002306,74.125.130.0-255,4320,210297,79,262599
851,0.002311,172.31.40.0-255,66,210363,79,262599
852,0.002323,74.125.130.0-255,4320,214683,79,262599
853,0.002327,74.125.130.0-255,2902,217585,79,262599
854,0.002342,74.125.130.0-255,4320,221905,79,262599
855,0.002366,172.31.40.0-255,66,221971,79,262599
856,0.00466,74.125.130.0-255,5738,227709,79,262599
857,0.004668,172.31.40.0-255,66,227775,79,262599
858,0.006956,74.125.130.0-255,5738,233513,79,262599
859,0.006959,172.31.40.0-255,66,233579,79,262599
860,0.009269,74.125.130.0-255,5738,239317,79,262599
861,0.009275,172.31.40.0-255,66,239383,79,262599
862,0.011564,74.125.130.0-255,5738,245121,79,262599
863,0.011573,172.31.40.0-255,66,245187,79,262599
864,0.013865,74.125.130.0-255,5738,250925,79,262599
865,0.013872,172.31.40.0-255,66,250991,79,262599
866,0.016164,74.125.130.0-255,5738,256729,79,262599
867,0.016176,172.31.40.0-255,66,256795,79,262599
868,0.018467,74.125.130.0-255,5738,262533,79,262599
869,0.018475,172.31.40.0-255,66,262599,79,262599
870,0.0,74.125.68.0-255,145,145,79,235597
871,1.6e-05,172.31.40.0-255,66,211,79,235597
872,2.3e-05,74.125.68.0-255,1484,1695,79,235597
873,2.8e-05,172.31.40.0-255,66,1761,79,235597
874,4.2e-05,74.125.68.0-255,2902,4663,79,235597
875,4.6e-05,172.31.40.0-255,66,4729,79,235597
876,4.9e-05,74.125.68.0-255,1484,6213,79,235597
877,5.1e-05,172.31.40.0-255,66,6279,79,235597
878,5.6e-05,74.125.68.0-255,2902,9181,79,235597
879,5.9e-05,172.31.40.0-255,66,9247,79,235597
880,0.000115,74.125.68.0-255,6156,15403,79,235597
881,0.000119,172.31.40.0-255,66,15469,79,235597
882,0.000122,74.125.68.0-255,1484,16953,79,235597
883,0.000124,172.31.40.0-255,66,17019,79,235597
884,0.000143,74.125.68.0-255,1484,18503,79,235597
885,0.000146,172.31.40.0-255,66,18569,79,235597
886,0.000149,74.125.68.0-255,1484,20053,79,235597
887,0.000151,172.31.40.0-255,66,20119,79,235597
888,0.000194,172.31.40.0-255,66,20185,79,235597
889,0.000241,74.125.68.0-255,1125,21310,79,235597
890,0.000243,172.31.40.0-255,66,21376,79,235597
891,0.00027,74.125.68.0-255,4320,25696,79,235597
892,0.000274,172.31.40.0-255,66,25762,79,235597
893,0.000299,74.125.68.0-255,2902,28664,79,235597
894,0.000302,172.31.40.0-255,66,28730,79,235597
895,0.000329,74.125.68.0-255,4320,33050,79,235597
896,0.000332,172.31.40.0-255,66,33116,79,235597
897,0.000357,74.125.68.0-255,1484,34600,79,235597
898,0.00036,172.31.40.0-255,66,34666,79,235597
899,0.000394,74.125.68.0-255,3961,38627,79,235597
900,0.000398,172.31.40.0-255,66,38693,79,235597
901,0.000428,74.125.68.0-255,1484,40177,79,235597
902,0.000433,74.125.68.0-255,2902,43079,79,235597
903,0.000435,172.31.40.0-255,66,43145,79,235597
904,0.00046,74.125.68.0-255,1484,44629,79,235597
905,0.000465,74.125.68.0-255,2902,47531,79,235597
906,0.000467,172.31.40.0-255,66,47597,79,235597
907,0.000492,74.125.68.0-255,5738,53335,79,235597
908,0.000495,172.31.40.0-255,66,53401,79,235597
909,0.000533,74.125.68.0-255,3124,56525,79,235597
910,0.000536,172.31.40.0-255,66,56591,79,235597
911,0.000869,74.125.68.0-255,1484,58075,79,235597
912,0.000876,74.125.68.0-255,2902,60977,79,235597
913,0.00088,172.31.40.0-255,66,61043,79,235597
914,0.000919,74.125.68.0-255,4320,65363,79,235597
915,0.000922,172.31.40.0-255,66,65429,79,235597
916,0.000929,74.125.68.0-255,5738,71167,79,235597
917,0.000932,172.31.40.0-255,66,71233,79,235597
918,0.000983,74.125.68.0-255,4320,75553,79,235597
919,0.000987,172.31.40.0-255,66,75619,79,235597
920,0.001017,74.125.68.0-255,7156,82775,79,235597
921,0.001021,172.31.40.0-255,66,82841,79,235597
922,0.001066,74.125.68.0-255,1484,84325,79,235597
923,0.001085,74.125.68.0-255,4320,88645,79,235597
924,0.00109,172.31.40.0-255,66,88711,79,235597
925,0.001114,74.125.68.0-255,2184,90895,79,235597
926,0.001117,172.31.40.0-255,66,90961,79,235597
927,0.001224,74.125.68.0-255,1484,92445,79,235597
928,0.00123,74.125.68.0-255,2902,95347,79,235597
929,0.001234,172.31.40.0-255,66,95413,79,235597
930,0.001257,74.125.68.0-255,5738,101151,79,235597
931,0.001259,172.31.40.0-255,66,101217,79,235597
932,0.001292,74.125.68.0-255,4320,105537,79,235597
933,0.001295,172.31.40.0-255,66,105603,79,235597
934,0.001327,74.125.68.0-255,5738,111341,79,235597
935,0.001329,172.31.40.0-255,66,111407,79,235597
936,0.001375,74.125.68.0-255,5738,117145,79,235597
937,0.00138,172.31.40.0-255,66,117211,79,235597
938,0.001399,74.125.68.0-255,5738,122949,79,235597
939,0.001401,172.31.40.0-255,66,123015,79,235597
940,0.001466,74.125.68.0-255,2184,125199,79,235597
941,0.001471,172.31.40.0-255,66,125265,79,235597
942,0.001498,74.125.68.0-255,4320,129585,79,235597
943,0.001501,172.31.40.0-255,66,129651,79,235597
944,0.00152,74.125.68.0-255,4320,133971,79,235597
945,0.001523,172.31.40.0-255,66,134037,79,235597
946,0.001577,74.125.68.0-255,7156,141193,79,235597
947,0.001581,172.31.40.0-255,66,141259,79,235597
948,0.00161,74.125.68.0-255,5738,146997,79,235597
949,0.001614,172.31.40.0-255,66,147063,79,235597
950,0.001682,74.125.68.0-255,7156,154219,79,235597
951,0.001686,172.31.40.0-255,66,154285,79,235597
952,0.001716,74.125.68.0-255,5020,159305,79,235597
953,0.001719,172.31.40.0-255,66,159371,79,235597
954,0.001785,74.125.68.0-255,5738,165109,79,235597
955,0.00179,172.31.40.0-255,66,165175,79,235597
956,0.001799,74.125.68.0-255,2902,168077,79,235597
957,0.001806,172.31.40.0-255,66,168143,79,235597
958,0.001858,74.125.68.0-255,4320,172463,79,235597
959,0.001861,172.31.40.0-255,66,172529,79,235597
960,0.001933,172.31.40.0-255,66,172595,79,235597
961,0.001957,74.125.68.0-255,1484,174079,79,235597
962,0.002053,74.125.68.0-255,2184,176263,79,235597
963,0.002057,172.31.40.0-255,66,176329,79,235597
964,0.002096,172.31.40.0-255,66,176395,79,235597
965,0.002145,74.125.68.0-255,4320,180715,79,235597
966,0.002149,172.31.40.0-255,66,180781,79,235597
967,0.00219,172.31.40.0-255,66,180847,79,235597
968,0.00225,74.125.68.0-255,2902,183749,79,235597
969,0.002254,172.31.40.0-255,66,183815,79,235597
970,0.002297,172.31.40.0-255,66,183881,79,235597
971,0.002321,74.125.68.0-255,766,184647,79,235597
972,0.002502,74.125.68.0-255,5738,190385,79,235597
973,0.002507,172.31.40.0-255,66,190451,79,235597
974,0.002549,172.31.40.0-255,66,190517,79,235597
975,0.002645,74.125.68.0-255,4320,194837,79,235597
976,0.002649,172.31.40.0-255,66,194903,79,235597
977,0.002695,172.31.40.0-255,66,194969,79,235597
978,0.005018,74.125.68.0-255,5738,200707,79,235597
979,0.005036,172.31.40.0-255,66,200773,79,235597
980,0.007344,74.125.68.0-255,5738,206511,79,235597
981,0.007361,172.31.40.0-255,66,206577,79,235597
982,0.009662,74.125.68.0-255,5738,212315,79,235597
983,0.00967,172.31.40.0-255,66,212381,79,235597
984,0.011969,74.125.68.0-255,5738,218119,79,235597
985,0.011978,172.31.40.0-255,66,218185,79,235597
986,0.014281,74.125.68.0-255,5738,223923,79,235597
987,0.014288,172.31.40.0-255,66,223989,79,235597
988,0.016597,74.125.68.0-255,5738,229727,79,235597
989,0.016613,172.31.40.0-255,66,229793,79,235597
990,0.01893,74.125.68.0-255,5738,235531,79,235597
991,0.018945,172.31.40.0-255,66,235597,79,235597
992,0.0,74.125.24.0-255,299,299,79,257156
993,1.9e-05,172.31.40.0-255,66,365,79,257156
994,2.6e-05,74.125.24.0-255,1484,1849,79,257156
995,3.1e-05,172.31.40.0-255,66,1915,79,257156
996,3.8e-05,74.125.24.0-255,4320,6235,79,257156
997,4.1e-05,172.31.40.0-255,66,6301,79,257156
998,7.5e-05,172.31.40.0-255,66,6367,79,257156
999,0.000137,74.125.24.0-255,1484,7851,79,257156
1000,0.00014,172.31.40.0-255,66,7917,79,257156
1001,0.000145,74.125.24.0-255,2902,10819,79,257156
1002,0.000147,172.31.40.0-255,66,10885,79,257156
1003,0.000159,74.125.24.0-255,1484,12369,79,257156
1004,0.000162,172.31.40.0-255,66,12435,79,257156
1005,0.000183,74.125.24.0-255,4320,16755,79,257156
1006,0.000187,172.31.40.0-255,66,16821,79,257156
1007,0.000205,74.125.24.0-255,5738,22559,79,257156
1008,0.000208,172.31.40.0-255,66,22625,79,257156
1009,0.000236,74.125.24.0-255,5379,28004,79,257156
1010,0.000239,172.31.40.0-255,66,28070,79,257156
1011,0.000274,172.31.40.0-255,66,28136,79,257156
1012,0.000306,74.125.24.0-255,5738,33874,79,257156
1013,0.000309,172.31.40.0-255,66,33940,79,257156
1014,0.00032,172.31.40.0-255,66,34006,79,257156
1015,0.000357,74.125.24.0-255,114,34120,79,257156
1016,0.00036,172.31.40.0-255,66,34186,79,257156
1017,0.000586,74.125.24.0-255,1484,35670,79,257156
1018,0.000591,172.31.40.0-255,66,35736,79,257156
1019,0.000596,74.125.24.0-255,2902,38638,79,257156
1020,0.000599,172.31.40.0-255,66,38704,79,257156
1021,0.000632,74.125.24.0-255,5738,44442,79,257156
1022,0.000635,172.31.40.0-255,66,44508,79,257156
1023,0.000642,74.125.24.0-255,7156,51664,79,257156
1024,0.000644,172.31.40.0-255,66,51730,79,257156
1025,0.000651,74.125.24.0-255,7156,58886,79,257156
1026,0.000653,172.31.40.0-255,66,58952,79,257156
1027,0.000672,74.125.24.0-255,7156,66108,79,257156
1028,0.000675,172.31.40.0-255,66,66174,79,257156
1029,0.000678,74.125.24.0-255,2902,69076,79,257156
1030,0.00068,172.31.40.0-255,66,69142,79,257156
1031,0.000704,74.125.24.0-255,2184,71326,79,257156
1032,0.000706,172.31.40.0-255,66,71392,79,257156
1033,0.000712,74.125.24.0-255,5738,77130,79,257156
1034,0.000714,172.31.40.0-255,66,77196,79,257156
1035,0.000725,172.31.40.0-255,66,77262,79,257156
1036,0.000735,172.31.40.0-255,66,77328,79,257156
1037,0.000761,74.125.24.0-255,3602,80930,79,257156
1038,0.000764,172.31.40.0-255,66,80996,79,257156
1039,0.000821,74.125.24.0-255,1484,82480,79,257156
1040,0.00085,74.125.24.0-255,2902,85382,79,257156
1041,0.000853,172.31.40.0-255,66,85448,79,257156
1042,0.000876,74.125.24.0-255,5738,91186,79,257156
1043,0.000878,172.31.40.0-255,66,91252,79,257156
1044,0.000883,74.125.24.0-255,2902,94154,79,257156
1045,0.000884,172.31.40.0-255,66,94220,79,257156
1046,0.000899,74.125.24.0-255,1484,95704,79,257156
1047,0.000935,74.125.24.0-255,7156,102860,79,257156
1048,0.000936,172.31.40.0-255,66,102926,79,257156
1049,0.000957,74.125.24.0-255,4320,107246,79,257156
1050,0.00096,172.31.40.0-255,66,107312,79,257156
1051,0.000969,172.31.40.0-255,66,107378,79,257156
1052,0.001421,74.125.24.0-255,1484,108862,79,257156
1053,0.001427,74.125.24.0-255,2902,111764,79,257156
1054,0.001431,172.31.40.0-255,66,111830,79,257156
1055,0.001435,74.125.24.0-255,1484,113314,79,257156
1056,0.001452,74.125.24.0-255,2902,116216,79,257156
1057,0.001454,172.31.40.0-255,66,116282,79,257156
1058,0.00147,74.125.24.0-255,1484,117766,79,257156
1059,0.001484,74.125.24.0-255,4320,122086,79,257156
1060,0.001486,172.31.40.0-255,66,122152,79,257156
1061,0.001492,74.125.24.0-255,4320,126472,79,257156
1062,0.001494,172.31.40.0-255,66,126538,79,257156
1063,0.001507,74.125.24.0-255,2902,129440,79,257156
1064,0.00151,172.31.40.0-255,66,129506,79,257156
1065,0.001546,172.31.40.0-255,66,129572,79,257156
1066,0.001552,74.125.24.0-255,3602,133174,79,257156
1067,0.001554,172.31.40.0-255,66,133240,79,257156
1068,0.00158,74.125.24.0-255,4320,137560,79,257156
1069,0.001583,172.31.40.0-255,66,137626,79,257156
1070,0.00159,74.125.24.0-255,7156,144782,79,257156
1071,0.001592,172.31.40.0-255,66,144848,79,257156
1072,0.001606,74.125.24.0-255,2902,147750,79,257156
1073,0.001608,172.31.40.0-255,66,147816,79,257156
1074,0.001618,172.31.40.0-255,66,147882,79,257156
1075,0.001657,74.125.24.0-255,7156,155038,79,257156
1076,0.001661,172.31.40.0-255,66,155104,79,257156
1077,0.001681,74.125.24.0-255,3602,158706,79,257156
1078,0.001684,172.31.40.0-255,66,158772,79,257156
1079,0.001761,74.125.24.0-255,1484,160256,79,257156
1080,0.001766,74.125.24.0-255,2902,163158,79,257156
1081,0.001769,172.31.40.0-255,66,163224,79,257156
1082,0.001772,74.125.24.0-255,1484,164708,79,257156
1083,0.001792,74.125.24.0-255,4320,169028,79,257156
1084,0.001795,172.31.40.0-255,66,169094,79,257156
1085,0.001799,74.125.24.0-255,2902,171996,79,257156
1086,0.001801,172.31.40.0-255,66,172062,79,257156
1087,0.001825,74.125.24.0-255,4320,176382,79,257156
1088,0.001829,172.31.40.0-255,66,176448,79,257156
1089,0.001859,74.125.24.0-255,5738,182186,79,257156
1090,0.001863,172.31.40.0-255,66,182252,79,257156
1091,0.001865,74.125.24.0-255,1484,183736,79,257156
1092,0.001877,172.31.40.0-255,66,183802,79,257156
1093,0.001894,74.125.24.0-255,1484,185286,79,257156
1094,0.001916,74.125.24.0-255,2902,188188,79,257156
1095,0.001918,172.31.40.0-255,66,188254,79,257156
1096,0.001943,74.125.24.0-255,5738,193992,79,257156
1097,0.001946,172.31.40.0-255,66,194058,79,257156
1098,0.001949,74.125.24.0-255,1484,195542,79,257156
1099,0.001971,74.125.24.0-255,7156,202698,79,257156
1100,0.001974,172.31.40.0-255,66,202764,79,257156
1101,0.001992,74.125.24.0-255,1484,204248,79,257156
1102,0.002037,172.31.40.0-255,66,204314,79,257156
1103,0.002053,74.125.24.0-255,1484,205798,79,257156
1104,0.002088,172.31.40.0-255,66,205864,79,257156
1105,0.002092,74.125.24.0-255,2902,208766,79,257156
1106,0.002096,172.31.40.0-255,78,208844,79,257156
1107,0.002098,74.125.24.0-255,1484,210328,79,257156
1108,0.002101,172.31.40.0-255,66,210394,79,257156
1109,0.004109,74.125.24.0-255,1484,211878,79,257156
1110,0.004178,74.125.24.0-255,4320,216198,79,257156
1111,0.004183,172.31.40.0-255,66,216264,79,257156
1112,0.00629,74.125.24.0-255,5738,222002,79,257156
1113,0.006298,172.31.40.0-255,66,222068,79,257156
1114,0.008342,74.125.24.0-255,5738,227806,79,257156
1115,0.008348,172.31.40.0-255,66,227872,79,257156
1116,0.010418,74.125.24.0-255,5738,233610,79,257156
1117,0.010425,172.31.40.0-255,66,233676,79,257156
1118,0.01249,74.125.24.0-255,5738,239414,79,257156
1119,0.012497,172.31.40.0-255,66,239480,79,257156
1120,0.01454,74.125.24.0-255,5738,245218,79,257156
1121,0.014547,172.31.40.0-255,66,245284,79,257156
1122,0.016584,74.125.24.0-255,2902,248186,79,257156
1123,0.01659,172.31.40.0-255,66,248252,79,257156
1124,0.01661,74.125.24.0-255,2902,251154,79,257156
1125,0.016613,172.31.40.0-255,66,251220,79,257156
1126,0.018642,74.125.24.0-255,2902,254122,79,257156
1127,0.018653,172.31.40.0-255,66,254188,79,257156
1128,0.018676,74.125.24.0-255,2902,257090,79,257156
1129,0.018679,172.31.40.0-255,66,257156,79,257156
1130,0.0,74.125.200.0-255,153,153,79,241016
1131,1.9e-05,172.31.40.0-255,66,219,79,241016
1132,2.6e-05,74.125.200.0-255,1484,1703,79,241016
1133,3e-05,172.31.40.0-255,66,1769,79,241016
1134,3.6e-05,74.125.200.0-255,2902,4671,79,241016
1135,4e-05,172.31.40.0-255,66,4737,79,241016
1136,4.3e-05,74.125.200.0-255,1484,6221,79,241016
1137,4.6e-05,172.31.40.0-255,66,6287,79,241016
1138,5.1e-05,74.125.200.0-255,2902,9189,79,241016
1139,5.4e-05,172.31.40.0-255,66,9255,79,241016
1140,7.4e-05,74.125.200.0-255,1484,10739,79,241016
1141,7.6e-05,172.31.40.0-255,66,10805,79,241016
1142,9.9e-05,74.125.200.0-255,4866,15671,79,241016
1143,0.000102,172.31.40.0-255,66,15737,79,241016
1144,0.000106,74.125.200.0-255,2902,18639,79,241016
1145,0.000108,172.31.40.0-255,66,18705,79,241016
1146,0.000113,74.125.200.0-255,4320,23025,79,241016
1147,0.000116,172.31.40.0-255,66,23091,79,241016
1148,0.000154,172.31.40.0-255,66,23157,79,241016
1149,0.000236,74.125.200.0-255,1484,24641,79,241016
1150,0.00024,172.31.40.0-255,66,24707,79,241016
1151,0.000245,74.125.200.0-255,2902,27609,79,241016
1152,0.000247,172.31.40.0-255,66,27675,79,241016
1153,0.000275,74.125.200.0-255,5738,33413,79,241016
1154,0.000278,172.31.40.0-255,66,33479,79,241016
1155,0.000302,74.125.200.0-255,6797,40276,79,241016
1156,0.000305,172.31.40.0-255,66,40342,79,241016
1157,0.000331,74.125.200.0-255,7156,47498,79,241016
1158,0.000334,172.31.40.0-255,66,47564,79,241016
1159,0.000337,74.125.200.0-255,1484,49048,79,241016
1160,0.000339,172.31.40.0-255,66,49114,79,241016
1161,0.000362,74.125.200.0-255,7156,56270,79,241016
1162,0.000364,172.31.40.0-255,66,56336,79,241016
1163,0.000392,74.125.200.0-255,1481,57817,79,241016
1164,0.000414,74.125.200.0-255,331,58148,79,241016
1165,0.000417,172.31.40.0-255,66,58214,79,241016
1166,0.000499,74.125.200.0-255,1484,59698,79,241016
1167,0.000512,74.125.200.0-255,2902,62600,79,241016
1168,0.000515,172.31.40.0-255,66,62666,79,241016
1169,0.000539,74.125.200.0-255,5738,68404,79,241016
1170,0.000543,172.31.40.0-255,66,68470,79,241016
1171,0.000547,74.125.200.0-255,2902,71372,79,241016
1172,0.000549,172.31.40.0-255,66,71438,79,241016
1173,0.000597,172.31.40.0-255,66,71504,79,241016
1174,0.000612,172.31.40.0-255,66,71570,79,241016
1175,0.000913,74.125.200.0-255,1484,73054,79,241016
1176,0.000931,74.125.200.0-255,2902,75956,79,241016
1177,0.000935,172.31.40.0-255,66,76022,79,241016
1178,0.00094,74.125.200.0-255,2902,78924,79,241016
1179,0.000942,172.31.40.0-255,66,78990,79,241016
1180,0.000957,74.125.200.0-255,2902,81892,79,241016
1181,0.000959,172.31.40.0-255,66,81958,79,241016
1182,0.000962,74.125.200.0-255,1484,83442,79,241016
1183,0.00098,74.125.200.0-255,4320,87762,79,241016
1184,0.000982,172.31.40.0-255,66,87828,79,241016
1185,0.000985,74.125.200.0-255,1484,89312,79,241016
1186,0.001005,74.125.200.0-255,5738,95050,79,241016
1187,0.001007,172.31.40.0-255,66,95116,79,241016
1188,0.001026,74.125.200.0-255,5738,100854,79,241016
1189,0.001029,172.31.40.0-255,66,100920,79,241016
1190,0.001055,74.125.200.0-255,4470,105390,79,241016
1191,0.001058,172.31.40.0-255,66,105456,79,241016
1192,0.001063,74.125.200.0-255,4320,109776,79,241016
1193,0.001066,172.31.40.0-255,66,109842,79,241016
1194,0.001088,74.125.200.0-255,5738,115580,79,241016
1195,0.001091,172.31.40.0-255,66,115646,79,241016
1196,0.001106,74.125.200.0-255,1484,117130,79,241016
1197,0.001136,172.31.40.0-255,66,117196,79,241016
1198,0.001139,74.125.200.0-255,1484,118680,79,241016
1199,0.001156,74.125.200.0-255,2902,121582,79,241016
1200,0.001158,172.31.40.0-255,66,121648,79,241016
1201,0.001175,74.125.200.0-255,2902,124550,79,241016
1202,0.001178,172.31.40.0-255,66,124616,79,241016
1203,0.001216,74.125.200.0-255,4320,128936,79,241016
1204,0.001219,172.31.40.0-255,66,129002,79,241016
1205,0.001251,74.125.200.0-255,766,129768,79,241016
1206,0.001517,74.125.200.0-255,1484,131252,79,241016
1207,0.001521,172.31.40.0-255,66,131318,79,241016
1208,0.001526,74.125.200.0-255,2902,134220,79,241016
1209,0.001528,172.31.40.0-255,66,134286,79,241016
1210,0.00154,74.125.200.0-255,2902,137188,79,241016
1211,0.001542,172.31.40.0-255,66,137254,79,241016
1212,0.001565,74.125.200.0-255,2902,140156,79,241016
1213,0.001568,172.31.40.0-255,66,140222,79,241016
1214,0.001574,74.125.200.0-255,5738,145960,79,241016
1215,0.001577,172.31.40.0-255,66,146026,79,241016
1216,0.001589,74.125.200.0-255,2902,148928,79,241016
1217,0.001591,172.31.40.0-255,66,148994,79,241016
1218,0.001594,74.125.200.0-255,1484,150478,79,241016
1219,0.001628,74.125.200.0-255,5020,155498,79,241016
1220,0.001632,172.31.40.0-255,66,155564,79,241016
1221,0.001635,172.31.40.0-255,66,155630,79,241016
1222,0.001791,74.125.200.0-255,1484,157114,79,241016
1223,0.001812,74.125.200.0-255,2902,160016,79,241016
1224,0.001816,172.31.40.0-255,66,160082,79,241016
1225,0.001821,74.125.200.0-255,2902,162984,79,241016
1226,0.001823,172.31.40.0-255,66,163050,79,241016
1227,0.001827,74.125.200.0-255,2902,165952,79,241016
1228,0.001829,172.31.40.0-255,66,166018,79,241016
1229,0.001853,74.125.200.0-255,1484,167502,79,241016
1230,0.001865,172.31.40.0-255,66,167568,79,241016
1231,0.001871,74.125.200.0-255,4320,171888,79,241016
1232,0.001873,172.31.40.0-255,66,171954,79,241016
1233,0.001888,74.125.200.0-255,2902,174856,79,241016
1234,0.001891,172.31.40.0-255,66,174922,79,241016
1235,0.001928,74.125.200.0-255,6438,181360,79,241016
1236,0.001932,172.31.40.0-255,66,181426,79,241016
1237,0.001972,74.125.200.0-255,7156,188582,79,241016
1238,0.001976,172.31.40.0-255,66,188648,79,241016
1239,0.003942,74.125.200.0-255,5738,194386,79,241016
1240,0.003951,172.31.40.0-255,66,194452,79,241016
1241,0.005905,74.125.200.0-255,2902,197354,79,241016
1242,0.005909,172.31.40.0-255,66,197420,79,241016
1243,0.005932,74.125.200.0-255,2902,200322,79,241016
1244,0.005934,172.31.40.0-255,66,200388,79,241016
1245,0.007897,74.125.200.0-255,5738,206126,79,241016
1246,0.007913,172.31.40.0-255,66,206192,79,241016
1247,0.009935,74.125.200.0-255,5738,211930,79,241016
1248,0.009947,172.31.40.0-255,66,211996,79,241016
1249,0.011932,74.125.200.0-255,5738,217734,79,241016
1250,0.011944,172.31.40.0-255,66,217800,79,241016
1251,0.013909,74.125.200.0-255,5738,223538,79,241016
1252,0.013916,172.31.40.0-255,66,223604,79,241016
1253,0.015884,74.125.200.0-255,5738,229342,79,241016
1254,0.015892,172.31.40.0-255,66,229408,79,241016
1255,0.01786,74.125.200.0-255,5738,235146,79,241016
1256,0.017867,172.31.40.0-255,66,235212,79,241016
1257,0.019826,74.125.200.0-255,5738,240950,79,241016
1258,0.019834,172.31.40.0-255,66,241016,79,241016
1259,0.0,74.125.24.0-255,147,147,79,251177
1260,2.3e-05,172.31.40.0-255,66,213,79,251177
1261,3.1e-05,74.125.24.0-255,1484,1697,79,251177
1262,3.5e-05,172.31.40.0-255,66,1763,79,251177
1263,4.2e-05,74.125.24.0-255,2902,4665,79,251177
1264,4.5e-05,172.31.40.0-255,66,4731,79,251177
1265,5.1e-05,74.125.24.0-255,5738,10469,79,251177
1266,5.4e-05,172.31.40.0-255,66,10535,79,251177
1267,9.9e-05,74.125.24.0-255,4973,15508,79,251177
1268,0.000103,172.31.40.0-255,66,15574,79,251177
1269,0.000109,74.125.24.0-255,5738,21312,79,251177
1270,0.000112,172.31.40.0-255,66,21378,79,251177
1271,0.000127,172.31.40.0-255,66,21444,79,251177
1272,0.00014,172.31.40.0-255,66,21510,79,251177
1273,0.000143,74.125.24.0-255,766,22276,79,251177
1274,0.000145,172.31.40.0-255,66,22342,79,251177
1275,0.000304,74.125.24.0-255,1484,23826,79,251177
1276,0.000308,172.31.40.0-255,66,23892,79,251177
1277,0.000314,74.125.24.0-255,2902,26794,79,251177
1278,0.000317,172.31.40.0-255,66,26860,79,251177
1279,0.00032,74.125.24.0-255,1484,28344,79,251177
1280,0.000322,172.31.40.0-255,66,28410,79,251177
1281,0.000341,74.125.24.0-255,4320,32730,79,251177
1282,0.000343,172.31.40.0-255,66,32796,79,251177
1283,0.000369,74.125.24.0-255,2902,35698,79,251177
1284,0.000372,172.31.40.0-255,66,35764,79,251177
1285,0.000385,74.125.24.0-255,4236,40000,79,251177
1286,0.000388,172.31.40.0-255,66,40066,79,251177
1287,0.000664,74.125.24.0-255,129,40195,79,251177
1288,0.000669,172.31.40.0-255,66,40261,79,251177
1289,0.0007,74.125.24.0-255,1484,41745,79,251177
1290,0.000707,74.125.24.0-255,2902,44647,79,251177
1291,0.000722,74.125.24.0-255,1484,46131,79,251177
1292,0.000729,172.31.40.0-255,66,46197,79,251177
1293,0.00074,74.125.24.0-255,4320,50517,79,251177
1294,0.000745,172.31.40.0-255,66,50583,79,251177
1295,0.000755,74.125.24.0-255,4320,54903,79,251177
1296,0.000776,172.31.40.0-255,66,54969,79,251177
1297,0.000826,172.31.40.0-255,66,55035,79,251177
1298,0.000833,74.125.24.0-255,4320,59355,79,251177
1299,0.000835,74.125.24.0-255,766,60121,79,251177
1300,0.000856,172.31.40.0-255,66,60187,79,251177
1301,0.001105,74.125.24.0-255,1484,61671,79,251177
1302,0.001128,74.125.24.0-255,2902,64573,79,251177
1303,0.001132,172.31.40.0-255,66,64639,79,251177
1304,0.001139,74.125.24.0-255,5738,70377,79,251177
1305,0.001151,74.125.24.0-255,2902,73279,79,251177
1306,0.001164,172.31.40.0-255,66,73345,79,251177
1307,0.001169,74.125.24.0-255,4320,77665,79,251177
1308,0.001174,172.31.40.0-255,66,77731,79,251177
1309,0.001183,74.125.24.0-255,4320,82051,79,251177
1310,0.001206,74.125.24.0-255,3304,85355,79,251177
1311,0.001223,172.31.40.0-255,66,85421,79,251177
1312,0.001234,74.125.24.0-255,4320,89741,79,251177
1313,0.001292,74.125.24.0-255,3602,93343,79,251177
1314,0.0013,172.31.40.0-255,66,93409,79,251177
1315,0.001338,74.125.24.0-255,1484,94893,79,251177
1316,0.001343,74.125.24.0-255,2902,97795,79,251177
1317,0.001348,172.31.40.0-255,66,97861,79,251177
1318,0.001372,74.125.24.0-255,5738,103599,79,251177
1319,0.001386,74.125.24.0-255,2902,106501,79,251177
1320,0.001405,172.31.40.0-255,66,106567,79,251177
1321,0.001437,74.125.24.0-255,7156,113723,79,251177
1322,0.001446,172.31.40.0-255,66,113789,79,251177
1323,0.001456,74.125.24.0-255,3602,117391,79,251177
1324,0.001461,172.31.40.0-255,66,117457,79,251177
1325,0.002081,74.125.24.0-255,1484,118941,79,251177
1326,0.002089,74.125.24.0-255,2902,121843,79,251177
1327,0.002092,172.31.40.0-255,66,121909,79,251177
1328,0.002098,74.125.24.0-255,2902,124811,79,251177
1329,0.002114,172.31.40.0-255,66,124877,79,251177
1330,0.002119,74.125.24.0-255,2902,127779,79,251177
1331,0.002124,74.125.24.0-255,4320,132099,79,251177
1332,0.002128,74.125.24.0-255,2902,135001,79,251177
1333,0.002134,172.31.40.0-255,66,135067,79,251177
1334,0.002166,74.125.24.0-255,5738,140805,79,251177
1335,0.00218,172.31.40.0-255,66,140871,79,251177
1336,0.002195,74.125.24.0-255,7156,148027,79,251177
1337,0.0022,172.31.40.0-255,66,148093,79,251177
1338,0.00223,74.125.24.0-255,7156,155249,79,251177
1339,0.002329,74.125.24.0-255,1484,156733,79,251177
1340,0.002334,74.125.24.0-255,2902,159635,79,251177
1341,0.002337,74.125.24.0-255,1484,161119,79,251177
1342,0.002357,74.125.24.0-255,4320,165439,79,251177
1343,0.002391,74.125.24.0-255,1484,166923,79,251177
1344,0.002413,74.125.24.0-255,1484,168407,79,251177
1345,0.002417,74.125.24.0-255,2902,171309,79,251177
1346,0.002479,74.125.24.0-255,1484,172793,79,251177
1347,0.002496,74.125.24.0-255,2902,175695,79,251177
1348,0.002503,74.125.24.0-255,5738,181433,79,251177
1349,0.00252,74.125.24.0-255,4320,185753,79,251177
1350,0.002534,74.125.24.0-255,4320,190073,79,251177
1351,0.002559,74.125.24.0-255,1484,191557,79,251177
1352,0.002601,74.125.24.0-255,4320,195877,79,251177
1353,0.002635,74.125.24.0-255,7156,203033,79,251177
1354,0.002638,74.125.24.0-255,1484,204517,79,251177
1355,0.002652,74.125.24.0-255,2902,207419,79,251177
1356,0.002664,74.125.24.0-255,2184,209603,79,251177
1357,0.002691,74.125.24.0-255,1484,211087,79,251177
1358,0.002706,74.125.24.0-255,2902,213989,79,251177
1359,0.00271,74.125.24.0-255,1484,215473,79,251177
1360,0.002729,74.125.24.0-255,2902,218375,79,251177
1361,0.002744,74.125.24.0-255,2902,221277,79,251177
1362,0.002769,74.125.24.0-255,7156,228433,79,251177
1363,0.002788,74.125.24.0-255,5738,234171,79,251177
1364,0.002795,74.125.24.0-255,4320,238491,79,251177
1365,0.002819,74.125.24.0-255,5020,243511,79,251177
1366,0.002824,74.125.24.0-255,2902,246413,79,251177
1367,0.002884,74.125.24.0-255,4422,250835,79,251177
1368,0.002895,74.125.24.0-255,105,250940,79,251177
1369,0.006755,172.31.40.0-255,66,251006,79,251177
1370,0.008931,172.31.40.0-255,105,251111,79,251177
1371,0.011209,74.125.24.0-255,66,251177,79,251177
1372,0.0,172.31.40.0-255,105,105,79,276
1373,0.001802,157.240.24.0-255,105,210,79,276
1374,0.001814,172.31.40.0-255,66,276,79,276
1375,0.0,172.217.194.0-255,153,153,79,184936
1376,2e-05,172.31.40.0-255,66,219,79,184936
1377,2.7e-05,172.217.194.0-255,1484,1703,79,184936
1378,3.1e-05,172.31.40.0-255,66,1769,79,184936
1379,3.6e-05,172.217.194.0-255,2902,4671,79,184936
1380,3.9e-05,172.31.40.0-255,66,4737,79,184936
1381,5e-05,172.217.194.0-255,4320,9057,79,184936
1382,5.3e-05,172.31.40.0-255,66,9123,79,184936
1383,7.4e-05,172.217.194.0-255,2902,12025,79,184936
1384,7.6e-05,172.31.40.0-255,66,12091,79,184936
1385,8.8e-05,172.217.194.0-255,7156,19247,79,184936
1386,9e-05,172.31.40.0-255,66,19313,79,184936
1387,0.00012,172.31.40.0-255,66,19379,79,184936
1388,0.000124,172.217.194.0-255,3961,23340,79,184936
1389,0.000127,172.31.40.0-255,66,23406,79,184936
1390,0.000683,172.217.194.0-255,1484,24890,79,184936
1391,0.000689,172.31.40.0-255,66,24956,79,184936
1392,0.000697,172.217.194.0-255,2902,27858,79,184936
1393,0.000699,172.31.40.0-255,66,27924,79,184936
1394,0.000709,172.217.194.0-255,5738,33662,79,184936
1395,0.000711,172.31.40.0-255,66,33728,79,184936
1396,0.000721,172.217.194.0-255,1484,35212,79,184936
1397,0.000723,172.31.40.0-255,66,35278,79,184936
1398,0.000759,172.31.40.0-255,66,35344,79,184936
1399,0.000771,172.31.40.0-255,66,35410,79,184936
1400,0.000984,172.217.194.0-255,382,35792,79,184936
1401,0.000989,172.31.40.0-255,66,35858,79,184936
1402,0.001013,172.217.194.0-255,1484,37342,79,184936
1403,0.001016,172.31.40.0-255,66,37408,79,184936
1404,0.001033,172.217.194.0-255,4320,41728,79,184936
1405,0.001035,172.31.40.0-255,66,41794,79,184936
1406,0.001045,172.217.194.0-255,5738,47532,79,184936
1407,0.001066,172.217.194.0-255,4320,51852,79,184936
1408,0.001095,172.217.194.0-255,4320,56172,79,184936
1409,0.00111,172.217.194.0-255,3602,59774,79,184936
1410,0.001291,172.217.194.0-255,1484,61258,79,184936
1411,0.001298,172.217.194.0-255,2902,64160,79,184936
1412,0.001301,172.217.194.0-255,1484,65644,79,184936
1413,0.001321,172.217.194.0-255,4320,69964,79,184936
1414,0.00138,172.217.194.0-255,1484,71448,79,184936
1415,0.001386,172.217.194.0-255,7156,78604,79,184936
1416,0.001402,172.217.194.0-255,1484,80088,79,184936
1417,0.001433,172.217.194.0-255,6438,86526,79,184936
1418,0.001451,172.217.194.0-255,5738,92264,79,184936
1419,0.001463,172.217.194.0-255,2902,95166,79,184936
1420,0.001483,172.217.194.0-255,766,95932,79,184936
1421,0.001503,172.217.194.0-255,2902,98834,79,184936
1422,0.001521,172.217.194.0-255,7156,105990,79,184936
1423,0.001543,172.217.194.0-255,2902,108892,79,184936
1424,0.001584,172.217.194.0-255,2184,111076,79,184936
1425,0.001948,172.217.194.0-255,1484,112560,79,184936
1426,0.00196,172.217.194.0-255,1484,114044,79,184936
1427,0.001975,172.217.194.0-255,1484,115528,79,184936
1428,0.001986,172.217.194.0-255,2902,118430,79,184936
1429,0.001996,172.217.194.0-255,2902,121332,79,184936
1430,0.002006,172.217.194.0-255,1484,122816,79,184936
1431,0.002015,172.217.194.0-255,1484,124300,79,184936
1432,0.002029,172.217.194.0-255,5738,130038,79,184936
1433,0.002043,172.217.194.0-255,4320,134358,79,184936
1434,0.002047,172.217.194.0-255,4320,138678,79,184936
1435,0.002067,172.217.194.0-255,5738,144416,79,184936
1436,0.002074,172.217.194.0-255,7156,151572,79,184936
1437,0.002132,172.217.194.0-255,2902,154474,79,184936
1438,0.002182,172.217.194.0-255,1484,155958,79,184936
1439,0.002251,172.217.194.0-255,1484,157442,79,184936
1440,0.002311,172.217.194.0-255,766,158208,79,184936
1441,0.002314,172.217.194.0-255,1484,159692,79,184936
1442,0.002352,172.217.194.0-255,2184,161876,79,184936
1443,0.002371,172.217.194.0-255,4320,166196,79,184936
1444,0.002389,172.217.194.0-255,3602,169798,79,184936
1445,0.002425,172.217.194.0-255,1484,171282,79,184936
1446,0.002446,172.217.194.0-255,7156,178438,79,184936
1447,0.002464,172.217.194.0-255,4320,182758,79,184936
1448,0.002473,172.217.194.0-255,1770,184528,79,184936
1449,0.00998,172.31.40.0-255,66,184594,79,184936
1450,0.012064,172.217.194.0-255,105,184699,79,184936
1451,0.013087,172.31.40.0-255,66,184765,79,184936
1452,0.013123,172.31.40.0-255,105,184870,79,184936
1453,0.015475,172.217.194.0-255,66,184936,79,184936
1454,0.0,74.125.68.0-255,287,287,79,211546
1455,2e-05,172.31.40.0-255,66,353,79,211546
1456,2.7e-05,74.125.68.0-255,1484,1837,79,211546
1457,3.2e-05,172.31.40.0-255,66,1903,79,211546
1458,5.2e-05,74.125.68.0-255,4320,6223,79,211546
1459,5.6e-05,172.31.40.0-255,66,6289,79,211546
1460,9.8e-05,74.125.68.0-255,5738,12027,79,211546
1461,0.000101,172.31.40.0-255,66,12093,79,211546
1462,0.000105,74.125.68.0-255,1787,13880,79,211546
1463,0.000107,172.31.40.0-255,66,13946,79,211546
1464,0.000112,74.125.68.0-255,2902,16848,79,211546
1465,0.000115,172.31.40.0-255,66,16914,79,211546
1466,0.000144,74.125.68.0-255,5738,22652,79,211546
1467,0.000146,172.31.40.0-255,66,22718,79,211546
1468,0.000166,74.125.68.0-255,1484,24202,79,211546
1469,0.000168,172.31.40.0-255,66,24268,79,211546
1470,0.000174,74.125.68.0-255,4320,28588,79,211546
1471,0.000176,172.31.40.0-255,66,28654,79,211546
1472,0.0002,74.125.68.0-255,2543,31197,79,211546
1473,0.000202,172.31.40.0-255,66,31263,79,211546
1474,0.000302,74.125.68.0-255,1484,32747,79,211546
1475,0.000306,172.31.40.0-255,66,32813,79,211546
1476,0.000312,74.125.68.0-255,2902,35715,79,211546
1477,0.000314,172.31.40.0-255,66,35781,79,211546
1478,0.000342,74.125.68.0-255,5738,41519,79,211546
1479,0.000345,172.31.40.0-255,66,41585,79,211546
1480,0.000372,74.125.68.0-255,6797,48382,79,211546
1481,0.000375,172.31.40.0-255,66,48448,79,211546
1482,0.000383,74.125.68.0-255,7156,55604,79,211546
1483,0.000386,172.31.40.0-255,66,55670,79,211546
1484,0.000414,74.125.68.0-255,7156,62826,79,211546
1485,0.000417,172.31.40.0-255,66,62892,79,211546
1486,0.000456,74.125.68.0-255,2857,65749,79,211546
1487,0.000458,172.31.40.0-255,66,65815,79,211546
1488,0.000477,74.125.68.0-255,109,65924,79,211546
1489,0.000568,74.125.68.0-255,1484,67408,79,211546
1490,0.000573,172.31.40.0-255,66,67474,79,211546
1491,0.000577,74.125.68.0-255,1484,68958,79,211546
1492,0.000592,74.125.68.0-255,1484,70442,79,211546
1493,0.000595,172.31.40.0-255,66,70508,79,211546
1494,0.000601,74.125.68.0-255,4320,74828,79,211546
1495,0.000603,172.31.40.0-255,66,74894,79,211546
1496,0.000615,74.125.68.0-255,1484,76378,79,211546
1497,0.000619,74.125.68.0-255,2902,79280,79,211546
1498,0.000622,172.31.40.0-255,66,79346,79,211546
1499,0.000627,74.125.68.0-255,3961,83307,79,211546
1500,0.00063,172.31.40.0-255,66,83373,79,211546
1501,0.000673,172.31.40.0-255,66,83439,79,211546
1502,0.000677,74.125.68.0-255,2902,86341,79,211546
1503,0.000679,172.31.40.0-255,66,86407,79,211546
1504,0.000717,74.125.68.0-255,5621,92028,79,211546
1505,0.000721,172.31.40.0-255,66,92094,79,211546
1506,0.000919,74.125.68.0-255,1484,93578,79,211546
1507,0.000938,74.125.68.0-255,2902,96480,79,211546
1508,0.000942,172.31.40.0-255,66,96546,79,211546
1509,0.000948,74.125.68.0-255,2902,99448,79,211546
1510,0.00095,172.31.40.0-255,66,99514,79,211546
1511,0.000965,74.125.68.0-255,2902,102416,79,211546
1512,0.000968,172.31.40.0-255,66,102482,79,211546
1513,0.000974,74.125.68.0-255,5738,108220,79,211546
1514,0.000977,172.31.40.0-255,66,108286,79,211546
1515,0.000984,74.125.68.0-255,7156,115442,79,211546
1516,0.000986,172.31.40.0-255,66,115508,79,211546
1517,0.001033,172.31.40.0-255,66,115574,79,211546
1518,0.001263,74.125.68.0-255,1484,117058,79,211546
1519,0.001268,74.125.68.0-255,2902,119960,79,211546
1520,0.001271,172.31.40.0-255,66,120026,79,211546
1521,0.001275,74.125.68.0-255,1484,121510,79,211546
1522,0.001297,74.125.68.0-255,4320,125830,79,211546
1523,0.0013,172.31.40.0-255,66,125896,79,211546
1524,0.001318,74.125.68.0-255,5738,131634,79,211546
1525,0.001321,172.31.40.0-255,66,131700,79,211546
1526,0.001348,74.125.68.0-255,7156,138856,79,211546
1527,0.001351,172.31.40.0-255,66,138922,79,211546
1528,0.00137,74.125.68.0-255,1484,140406,79,211546
1529,0.001401,172.31.40.0-255,66,140472,79,211546
1530,0.001645,74.125.68.0-255,1484,141956,79,211546
1531,0.00165,74.125.68.0-255,1484,143440,79,211546
1532,0.001653,172.31.40.0-255,66,143506,79,211546
1533,0.001672,74.125.68.0-255,1484,144990,79,211546
1534,0.001677,74.125.68.0-255,2902,147892,79,211546
1535,0.001679,172.31.40.0-255,66,147958,79,211546
1536,0.001682,74.125.68.0-255,1484,149442,79,211546
1537,0.001703,74.125.68.0-255,2902,152344,79,211546
1538,0.001705,172.31.40.0-255,66,152410,79,211546
1539,0.001716,172.31.40.0-255,66,152476,79,211546
1540,0.001721,74.125.68.0-255,2902,155378,79,211546
1541,0.001723,172.31.40.0-255,66,155444,79,211546
1542,0.001741,74.125.68.0-255,2902,158346,79,211546
1543,0.001744,172.31.40.0-255,66,158412,79,211546
1544,0.001751,74.125.68.0-255,7156,165568,79,211546
1545,0.001752,172.31.40.0-255,66,165634,79,211546
1546,0.001755,74.125.68.0-255,766,166400,79,211546
1547,0.002561,172.31.40.0-255,66,166466,79,211546
1548,0.003956,74.125.68.0-255,4320,170786,79,211546
1549,0.003963,172.31.40.0-255,66,170852,79,211546
1550,0.00476,74.125.68.0-255,1484,172336,79,211546
1551,0.00617,74.125.68.0-255,4320,176656,79,211546
1552,0.006174,172.31.40.0-255,66,176722,79,211546
1553,0.008381,74.125.68.0-255,5738,182460,79,211546
1554,0.008387,172.31.40.0-255,66,182526,79,211546
1555,0.010598,74.125.68.0-255,5738,188264,79,211546
1556,0.010604,172.31.40.0-255,66,188330,79,211546
1557,0.012837,74.125.68.0-255,5738,194068,79,211546
1558,0.012846,172.31.40.0-255,66,194134,79,211546
1559,0.015051,74.125.68.0-255,5738,199872,79,211546
1560,0.015057,172.31.40.0-255,66,199938,79,211546
1561,0.017258,74.125.68.0-255,5738,205676,79,211546
1562,0.017265,172.31.40.0-255,66,205742,79,211546
1563,0.019474,74.125.68.0-255,5738,211480,79,211546
1564,0.01948,172.31.40.0-255,66,211546,79,211546
1565,0.0,74.125.68.0-255,152,152,79,208237
1566,2.4e-05,172.31.40.0-255,66,218,79,208237
1567,3.1e-05,74.125.68.0-255,1484,1702,79,208237
1568,3.6e-05,172.31.40.0-255,66,1768,79,208237
1569,4.2e-05,74.125.68.0-255,2902,4670,79,208237
1570,4.6e-05,172.31.40.0-255,66,4736,79,208237
1571,5.1e-05,74.125.68.0-255,2902,7638,79,208237
1572,5.3e-05,172.31.40.0-255,66,7704,79,208237
1573,5.9e-05,74.125.68.0-255,4320,12024,79,208237
1574,6.2e-05,172.31.40.0-255,66,12090,79,208237
1575,0.000103,74.125.68.0-255,2127,14217,79,208237
1576,0.000118,172.31.40.0-255,66,14283,79,208237
1577,0.000293,74.125.68.0-255,1484,15767,79,208237
1578,0.000298,172.31.40.0-255,66,15833,79,208237
1579,0.000305,74.125.68.0-255,2902,18735,79,208237
1580,0.000307,172.31.40.0-255,66,18801,79,208237
1581,0.000334,74.125.68.0-255,5738,24539,79,208237
1582,0.000336,172.31.40.0-255,66,24605,79,208237
1583,0.000364,74.125.68.0-255,2902,27507,79,208237
1584,0.000366,172.31.40.0-255,66,27573,79,208237
1585,0.000388,74.125.68.0-255,3961,31534,79,208237
1586,0.00039,172.31.40.0-255,66,31600,79,208237
1587,0.000398,74.125.68.0-255,7156,38756,79,208237
1588,0.0004,172.31.40.0-255,66,38822,79,208237
1589,0.000405,74.125.68.0-255,4320,43142,79,208237
1590,0.000407,172.31.40.0-255,66,43208,79,208237
1591,0.000423,74.125.68.0-255,5738,48946,79,208237
1592,0.000425,172.31.40.0-255,66,49012,79,208237
1593,0.000428,74.125.68.0-255,1484,50496,79,208237
1594,0.00043,172.31.40.0-255,66,50562,79,208237
1595,0.000462,172.31.40.0-255,66,50628,79,208237
1596,0.000468,74.125.68.0-255,5020,55648,79,208237
1597,0.00047,172.31.40.0-255,66,55714,79,208237
1598,0.000728,74.125.68.0-255,398,56112,79,208237
1599,0.00077,74.125.68.0-255,109,56221,79,208237
1600,0.001032,74.125.68.0-255,1484,57705,79,208237
1601,0.001037,172.31.40.0-255,66,57771,79,208237
1602,0.001042,74.125.68.0-255,1484,59255,79,208237
1603,0.001057,74.125.68.0-255,1484,60739,79,208237
1604,0.001059,172.31.40.0-255,66,60805,79,208237
1605,0.001063,74.125.68.0-255,1484,62289,79,208237
1606,0.001079,74.125.68.0-255,2902,65191,79,208237
1607,0.001081,172.31.40.0-255,66,65257,79,208237
1608,0.001099,74.125.68.0-255,5738,70995,79,208237
1609,0.001102,172.31.40.0-255,66,71061,79,208237
1610,0.001105,74.125.68.0-255,1484,72545,79,208237
1611,0.001125,74.125.68.0-255,2902,75447,79,208237
1612,0.001128,172.31.40.0-255,66,75513,79,208237
1613,0.001139,74.125.68.0-255,1484,76997,79,208237
1614,0.001156,74.125.68.0-255,4320,81317,79,208237
1615,0.001158,172.31.40.0-255,66,81383,79,208237
1616,0.001164,74.125.68.0-255,4320,85703,79,208237
1617,0.001166,172.31.40.0-255,66,85769,79,208237
1618,0.001169,74.125.68.0-255,1484,87253,79,208237
1619,0.001184,74.125.68.0-255,3602,90855,79,208237
1620,0.00119,172.31.40.0-255,66,90921,79,208237
1621,0.001556,74.125.68.0-255,1484,92405,79,208237
1622,0.001565,74.125.68.0-255,2902,95307,79,208237
1623,0.001569,172.31.40.0-255,66,95373,79,208237
1624,0.001587,74.125.68.0-255,1484,96857,79,208237
1625,0.001603,74.125.68.0-255,4320,101177,79,208237
1626,0.001605,172.31.40.0-255,66,101243,79,208237
1627,0.00161,74.125.68.0-255,2902,104145,79,208237
1628,0.001612,172.31.40.0-255,66,104211,79,208237
1629,0.001625,74.125.68.0-255,1484,105695,79,208237
1630,0.001632,74.125.68.0-255,5738,111433,79,208237
1631,0.001634,172.31.40.0-255,66,111499,79,208237
1632,0.001684,172.31.40.0-255,66,111565,79,208237
1633,0.001723,172.31.40.0-255,66,111631,79,208237
1634,0.001746,74.125.68.0-255,4320,115951,79,208237
1635,0.001748,172.31.40.0-255,66,116017,79,208237
1636,0.001769,74.125.68.0-255,4320,120337,79,208237
1637,0.001772,172.31.40.0-255,66,120403,79,208237
1638,0.001777,74.125.68.0-255,4320,124723,79,208237
1639,0.001779,172.31.40.0-255,66,124789,79,208237
1640,0.001782,74.125.68.0-255,1484,126273,79,208237
1641,0.001805,74.125.68.0-255,4320,130593,79,208237
1642,0.001808,172.31.40.0-255,66,130659,79,208237
1643,0.001811,74.125.68.0-255,1484,132143,79,208237
1644,0.001833,74.125.68.0-255,7156,139299,79,208237
1645,0.001835,172.31.40.0-255,66,139365,79,208237
1646,0.001869,74.125.68.0-255,3602,142967,79,208237
1647,0.001872,172.31.40.0-255,66,143033,79,208237
1648,0.001933,74.125.68.0-255,1484,144517,79,208237
1649,0.00195,74.125.68.0-255,2902,147419,79,208237
1650,0.001953,172.31.40.0-255,66,147485,79,208237
1651,0.001974,74.125.68.0-255,4320,151805,79,208237
1652,0.001977,172.31.40.0-255,66,151871,79,208237
1653,0.001998,74.125.68.0-255,4320,156191,79,208237
1654,0.002001,172.31.40.0-255,66,156257,79,208237
1655,0.002018,74.125.68.0-255,1484,157741,79,208237
1656,0.002022,74.125.68.0-255,2902,160643,79,208237
1657,0.002025,172.31.40.0-255,66,160709,79,208237
1658,0.002044,74.125.68.0-255,4320,165029,79,208237
1659,0.002047,172.31.40.0-255,66,165095,79,208237
1660,0.002071,172.31.40.0-255,66,165161,79,208237
1661,0.002086,74.125.68.0-255,1484,166645,79,208237
1662,0.002099,74.125.68.0-255,2184,168829,79,208237
1663,0.002101,172.31.40.0-255,66,168895,79,208237
1664,0.004316,74.125.68.0-255,1484,170379,79,208237
1665,0.004349,74.125.68.0-255,4320,174699,79,208237
1666,0.004354,172.31.40.0-255,66,174765,79,208237
1667,0.006593,74.125.68.0-255,5738,180503,79,208237
1668,0.006598,172.31.40.0-255,66,180569,79,208237
1669,0.008848,74.125.68.0-255,5738,186307,79,208237
1670,0.008854,172.31.40.0-255,66,186373,79,208237
1671,0.011102,74.125.68.0-255,5738,192111,79,208237
1672,0.011109,172.31.40.0-255,66,192177,79,208237
1673,0.013375,74.125.68.0-255,5738,197915,79,208237
1674,0.013383,172.31.40.0-255,66,197981,79,208237
1675,0.015645,74.125.68.0-255,4320,202301,79,208237
1676,0.015652,172.31.40.0-255,66,202367,79,208237
1677,0.015672,74.125.68.0-255,1484,203851,79,208237
1678,0.017901,74.125.68.0-255,4320,208171,79,208237
1679,0.017909,172.31.40.0-255,66,208237,79,208237
1680,0.0,74.125.68.0-255,148,148,79,299878
1681,2.2e-05,172.31.40.0-255,66,214,79,299878
1682,2.9e-05,74.125.68.0-255,1484,1698,79,299878
1683,3.4e-05,172.31.40.0-255,66,1764,79,299878
1684,3.9e-05,74.125.68.0-255,2902,4666,79,299878
1685,4.2e-05,172.31.40.0-255,66,4732,79,299878
1686,4.9e-05,74.125.68.0-255,5738,10470,79,299878
1687,5.2e-05,172.31.40.0-255,66,10536,79,299878
1688,5.7e-05,74.125.68.0-255,3518,14054,79,299878
1689,6.1e-05,172.31.40.0-255,66,14120,79,299878
1690,0.000141,74.125.68.0-255,1484,15604,79,299878
1691,0.000145,172.31.40.0-255,66,15670,79,299878
1692,0.000165,74.125.68.0-255,2902,18572,79,299878
1693,0.000167,172.31.40.0-255,66,18638,79,299878
1694,0.000172,74.125.68.0-255,2902,21540,79,299878
1695,0.000174,172.31.40.0-255,66,21606,79,299878
1696,0.00019,74.125.68.0-255,1484,23090,79,299878
1697,0.000192,172.31.40.0-255,66,23156,79,299878
1698,0.000223,74.125.68.0-255,5738,28894,79,299878
1699,0.000226,172.31.40.0-255,66,28960,79,299878
1700,0.000245,74.125.68.0-255,2543,31503,79,299878
1701,0.000247,172.31.40.0-255,66,31569,79,299878
1702,0.000258,172.31.40.0-255,66,31635,79,299878
1703,0.000261,74.125.68.0-255,1484,33119,79,299878
1704,0.000263,172.31.40.0-255,66,33185,79,299878
1705,0.000287,74.125.68.0-255,6797,39982,79,299878
1706,0.00029,172.31.40.0-255,66,40048,79,299878
1707,0.000342,74.125.68.0-255,1484,41532,79,299878
1708,0.000345,172.31.40.0-255,66,41598,79,299878
1709,0.000349,74.125.68.0-255,2902,44500,79,299878
1710,0.000352,172.31.40.0-255,66,44566,79,299878
1711,0.000354,74.125.68.0-255,1484,46050,79,299878
1712,0.000377,74.125.68.0-255,2902,48952,79,299878
1713,0.000379,172.31.40.0-255,66,49018,79,299878
1714,0.000383,74.125.68.0-255,2902,51920,79,299878
1715,0.000385,172.31.40.0-255,66,51986,79,299878
1716,0.0004,74.125.68.0-255,2902,54888,79,299878
1717,0.000402,172.31.40.0-255,66,54954,79,299878
1718,0.000427,74.125.68.0-255,2543,57497,79,299878
1719,0.00043,172.31.40.0-255,66,57563,79,299878
1720,0.000462,74.125.68.0-255,413,57976,79,299878
1721,0.000529,74.125.68.0-255,1484,59460,79,299878
1722,0.000532,172.31.40.0-255,66,59526,79,299878
1723,0.000581,74.125.68.0-255,2902,62428,79,299878
1724,0.000584,172.31.40.0-255,66,62494,79,299878
1725,0.000589,74.125.68.0-255,4320,66814,79,299878
1726,0.000591,172.31.40.0-255,66,66880,79,299878
1727,0.000596,74.125.68.0-255,5738,72618,79,299878
1728,0.000599,172.31.40.0-255,66,72684,79,299878
1729,0.000616,74.125.68.0-255,4320,77004,79,299878
1730,0.000619,172.31.40.0-255,66,77070,79,299878
1731,0.000647,74.125.68.0-255,6797,83867,79,299878
1732,0.00065,172.31.40.0-255,66,83933,79,299878
1733,0.000667,74.125.68.0-255,1484,85417,79,299878
1734,0.000683,74.125.68.0-255,6797,92214,79,299878
1735,0.000686,172.31.40.0-255,66,92280,79,299878
1736,0.000923,74.125.68.0-255,1484,93764,79,299878
1737,0.000937,74.125.68.0-255,2902,96666,79,299878
1738,0.00094,172.31.40.0-255,66,96732,79,299878
1739,0.000957,74.125.68.0-255,4320,101052,79,299878
1740,0.000959,172.31.40.0-255,66,101118,79,299878
1741,0.000983,74.125.68.0-255,1484,102602,79,299878
1742,0.000991,74.125.68.0-255,7156,109758,79,299878
1743,0.000994,172.31.40.0-255,66,109824,79,299878
1744,0.000998,74.125.68.0-255,2902,112726,79,299878
1745,0.001001,172.31.40.0-255,66,112792,79,299878
1746,0.001021,74.125.68.0-255,5738,118530,79,299878
1747,0.001024,172.31.40.0-255,66,118596,79,299878
1748,0.00103,74.125.68.0-255,5738,124334,79,299878
1749,0.001032,172.31.40.0-255,66,124400,79,299878
1750,0.001054,74.125.68.0-255,2184,126584,79,299878
1751,0.001057,172.31.40.0-255,66,126650,79,299878
1752,0.001145,74.125.68.0-255,1484,128134,79,299878
1753,0.001162,74.125.68.0-255,2902,131036,79,299878
1754,0.001167,172.31.40.0-255,66,131102,79,299878
1755,0.001187,74.125.68.0-255,2902,134004,79,299878
1756,0.00119,74.125.68.0-255,1484,135488,79,299878
1757,0.001193,172.31.40.0-255,66,135554,79,299878
1758,0.001203,74.125.68.0-255,2902,138456,79,299878
1759,0.001206,172.31.40.0-255,66,138522,79,299878
1760,0.001218,74.125.68.0-255,4320,142842,79,299878
1761,0.00122,172.31.40.0-255,66,142908,79,299878
1762,0.001244,74.125.68.0-255,4320,147228,79,299878
1763,0.001247,172.31.40.0-255,66,147294,79,299878
1764,0.001251,74.125.68.0-255,4320,151614,79,299878
1765,0.001254,172.31.40.0-255,66,151680,79,299878
1766,0.001282,74.125.68.0-255,2902,154582,79,299878
1767,0.001285,172.31.40.0-255,66,154648,79,299878
1768,0.001305,74.125.68.0-255,6438,161086,79,299878
1769,0.001308,172.31.40.0-255,66,161152,79,299878
1770,0.002053,74.125.68.0-255,1484,162636,79,299878
1771,0.002059,74.125.68.0-255,1484,164120,79,299878
1772,0.002062,172.31.40.0-255,66,164186,79,299878
1773,0.002086,74.125.68.0-255,1484,165670,79,299878
1774,0.002092,74.125.68.0-255,5738,171408,79,299878
1775,0.002094,172.31.40.0-255,66,171474,79,299878
1776,0.002098,74.125.68.0-255,2902,174376,79,299878
1777,0.0021,172.31.40.0-255,66,174442,79,299878
1778,0.002105,74.125.68.0-255,4320,178762,79,299878
1779,0.002107,172.31.40.0-255,66,178828,79,299878
1780,0.002127,74.125.68.0-255,7156,185984,79,299878
1781,0.002129,172.31.40.0-255,66,186050,79,299878
1782,0.002153,74.125.68.0-255,1484,187534,79,299878
1783,0.00216,74.125.68.0-255,5738,193272,79,299878
1784,0.002162,172.31.40.0-255,66,193338,79,299878
1785,0.002191,74.125.68.0-255,2184,195522,79,299878
1786,0.002194,172.31.40.0-255,66,195588,79,299878
1787,0.002276,74.125.68.0-255,1484,197072,79,299878
1788,0.00229,74.125.68.0-255,1484,198556,79,299878
1789,0.002293,172.31.40.0-255,66,198622,79,299878
1790,0.002297,74.125.68.0-255,1484,200106,79,299878
1791,0.002312,74.125.68.0-255,1484,201590,79,299878
1792,0.002314,172.31.40.0-255,66,201656,79,299878
1793,0.002318,74.125.68.0-255,2902,204558,79,299878
1794,0.00232,172.31.40.0-255,66,204624,79,299878
1795,0.002334,74.125.68.0-255,2902,207526,79,299878
1796,0.002337,172.31.40.0-255,66,207592,79,299878
1797,0.002341,74.125.68.0-255,2902,210494,79,299878
1798,0.002343,172.31.40.0-255,66,210560,79,299878
1799,0.002365,74.125.68.0-255,5738,216298,79,299878
1800,0.002368,74.125.68.0-255,1484,217782,79,299878
1801,0.002371,172.31.40.0-255,66,217848,79,299878
1802,0.002407,172.31.40.0-255,66,217914,79,299878
1803,0.002412,74.125.68.0-255,3602,221516,79,299878
1804,0.002414,172.31.40.0-255,66,221582,79,299878
1805,0.002419,74.125.68.0-255,4320,225902,79,299878
1806,0.002421,172.31.40.0-255,66,225968,79,299878
1807,0.002438,74.125.68.0-255,1484,227452,79,299878
1808,0.002451,74.125.68.0-255,5738,233190,79,299878
1809,0.002454,172.31.40.0-255,66,233256,79,299878
1810,0.002478,74.125.68.0-255,2902,236158,79,299878
1811,0.002481,172.31.40.0-255,66,236224,79,299878
1812,0.002493,172.31.40.0-255,66,236290,79,299878
1813,0.002527,74.125.68.0-255,5738,242028,79,299878
1814,0.002529,172.31.40.0-255,66,242094,79,299878
1815,0.002545,74.125.68.0-255,2184,244278,79,299878
1816,0.002547,172.31.40.0-255,66,244344,79,299878
1817,0.002563,74.125.68.0-255,1484,245828,79,299878
1818,0.002577,74.125.68.0-255,2902,248730,79,299878
1819,0.002579,172.31.40.0-255,66,248796,79,299878
1820,0.002598,74.125.68.0-255,4320,253116,79,299878
1821,0.0026,172.31.40.0-255,66,253182,79,299878
1822,0.002622,74.125.68.0-255,4320,257502,79,299878
1823,0.002624,172.31.40.0-255,66,257568,79,299878
1824,0.002639,74.125.68.0-255,1484,259052,79,299878
1825,0.002642,74.125.68.0-255,1484,260536,79,299878
1826,0.002644,172.31.40.0-255,66,260602,79,299878
1827,0.002672,74.125.68.0-255,4320,264922,79,299878
1828,0.002675,172.31.40.0-255,66,264988,79,299878
1829,0.005277,74.125.68.0-255,1484,266472,79,299878
1830,0.005303,74.125.68.0-255,4320,270792,79,299878
1831,0.005315,172.31.40.0-255,66,270858,79,299878
1832,0.007941,74.125.68.0-255,5738,276596,79,299878
1833,0.00796,172.31.40.0-255,66,276662,79,299878
1834,0.01059,74.125.68.0-255,5738,282400,79,299878
1835,0.010601,172.31.40.0-255,66,282466,79,299878
1836,0.013242,74.125.68.0-255,5738,288204,79,299878
1837,0.013257,172.31.40.0-255,66,288270,79,299878
1838,0.015893,74.125.68.0-255,5738,294008,79,299878
1839,0.015909,172.31.40.0-255,66,294074,79,299878
1840,0.01857,74.125.68.0-255,5738,299812,79,299878
1841,0.018587,172.31.40.0-255,66,299878,79,299878
1842,0.0,216.58.221.0-255,150,150,79,143340
1843,2.2e-05,172.31.40.0-255,66,216,79,143340
1844,2.9e-05,216.58.221.0-255,1484,1700,79,143340
1845,3.3e-05,172.31.40.0-255,66,1766,79,143340
1846,3.9e-05,216.58.221.0-255,2902,4668,79,143340
1847,4.2e-05,172.31.40.0-255,66,4734,79,143340
1848,4.9e-05,216.58.221.0-255,5738,10472,79,143340
1849,5.3e-05,172.31.40.0-255,66,10538,79,143340
1850,5.8e-05,216.58.221.0-255,3457,13995,79,143340
1851,6.1e-05,172.31.40.0-255,66,14061,79,143340
1852,0.000487,216.58.221.0-255,1484,15545,79,143340
1853,0.000493,172.31.40.0-255,66,15611,79,143340
1854,0.000501,216.58.221.0-255,2902,18513,79,143340
1855,0.000503,172.31.40.0-255,66,18579,79,143340
1856,0.000509,216.58.221.0-255,4320,22899,79,143340
1857,0.00051,172.31.40.0-255,66,22965,79,143340
1858,0.00056,216.58.221.0-255,2902,25867,79,143340
1859,0.000563,172.31.40.0-255,66,25933,79,143340
1860,0.000587,216.58.221.0-255,5379,31312,79,143340
1861,0.00059,172.31.40.0-255,66,31378,79,143340
1862,0.000653,216.58.221.0-255,1484,32862,79,143340
1863,0.000656,172.31.40.0-255,66,32928,79,143340
1864,0.00066,216.58.221.0-255,1484,34412,79,143340
1865,0.000661,172.31.40.0-255,66,34478,79,143340
1866,0.000679,216.58.221.0-255,2902,37380,79,143340
1867,0.000682,172.31.40.0-255,66,37446,79,143340
1868,0.000688,216.58.221.0-255,5738,43184,79,143340
1869,0.00069,172.31.40.0-255,66,43250,79,143340
1870,0.000694,216.58.221.0-255,2902,46152,79,143340
1871,0.000696,172.31.40.0-255,66,46218,79,143340
1872,0.000713,216.58.221.0-255,2543,48761,79,143340
1873,0.000715,172.31.40.0-255,66,48827,79,143340
1874,0.000943,216.58.221.0-255,1484,50311,79,143340
1875,0.000952,216.58.221.0-255,2902,53213,79,143340
1876,0.000957,172.31.40.0-255,66,53279,79,143340
1877,0.000961,216.58.221.0-255,2902,56181,79,143340
1878,0.000963,172.31.40.0-255,66,56247,79,143340
1879,0.000969,216.58.221.0-255,4320,60567,79,143340
1880,0.000971,172.31.40.0-255,66,60633,79,143340
1881,0.000992,216.58.221.0-255,2902,63535,79,143340
1882,0.000994,172.31.40.0-255,66,63601,79,143340
1883,0.000999,216.58.221.0-255,2834,66435,79,143340
1884,0.001001,172.31.40.0-255,66,66501,79,143340
1885,0.001695,216.58.221.0-255,130,66631,79,143340
1886,0.001811,216.58.221.0-255,1484,68115,79,143340
1887,0.001816,172.31.40.0-255,66,68181,79,143340
1888,0.001822,216.58.221.0-255,2902,71083,79,143340
1889,0.001825,172.31.40.0-255,66,71149,79,143340
1890,0.001831,216.58.221.0-255,5738,76887,79,143340
1891,0.001833,172.31.40.0-255,66,76953,79,143340
1892,0.001874,216.58.221.0-255,6797,83750,79,143340
1893,0.001876,172.31.40.0-255,66,83816,79,143340
1894,0.001914,216.58.221.0-255,7156,90972,79,143340
1895,0.001916,172.31.40.0-255,66,91038,79,143340
1896,0.001919,216.58.221.0-255,1484,92522,79,143340
1897,0.003811,216.58.221.0-255,4320,96842,79,143340
1898,0.003818,172.31.40.0-255,66,96908,79,143340
1899,0.00572,216.58.221.0-255,5738,102646,79,143340
1900,0.005727,172.31.40.0-255,66,102712,79,143340
1901,0.007629,216.58.221.0-255,5738,108450,79,143340
1902,0.007638,172.31.40.0-255,66,108516,79,143340
1903,0.009542,216.58.221.0-255,5738,114254,79,143340
1904,0.009549,172.31.40.0-255,66,114320,79,143340
1905,0.011442,216.58.221.0-255,5738,120058,79,143340
1906,0.011449,172.31.40.0-255,66,120124,79,143340
1907,0.01335,216.58.221.0-255,5738,125862,79,143340
1908,0.01336,172.31.40.0-255,66,125928,79,143340
1909,0.015253,216.58.221.0-255,5738,131666,79,143340
1910,0.015261,172.31.40.0-255,66,131732,79,143340
1911,0.017187,216.58.221.0-255,5738,137470,79,143340
1912,0.017196,172.31.40.0-255,66,137536,79,143340
1913,0.019101,216.58.221.0-255,5738,143274,79,143340
1914,0.019108,172.31.40.0-255,66,143340,79,143340
1915,0.0,172.217.194.0-255,150,150,79,229604
1916,2.4e-05,172.31.40.0-255,66,216,79,229604
1917,3e-05,172.217.194.0-255,1484,1700,79,229604
1918,3.4e-05,172.31.40.0-255,66,1766,79,229604
1919,4e-05,172.217.194.0-255,2902,4668,79,229604
1920,4.4e-05,172.31.40.0-255,66,4734,79,229604
1921,5.1e-05,172.217.194.0-255,7156,11890,79,229604
1922,5.4e-05,172.31.40.0-255,66,11956,79,229604
1923,5.8e-05,172.217.194.0-255,2138,14094,79,229604
1924,6e-05,172.31.40.0-255,66,14160,79,229604
1925,8.2e-05,172.217.194.0-255,2902,17062,79,229604
1926,8.4e-05,172.31.40.0-255,66,17128,79,229604
1927,0.000105,172.217.194.0-255,7156,24284,79,229604
1928,0.000107,172.31.40.0-255,66,24350,79,229604
1929,0.000113,172.217.194.0-255,5738,30088,79,229604
1930,0.000115,172.31.40.0-255,66,30154,79,229604
1931,0.000144,172.217.194.0-255,1125,31279,79,229604
1932,0.000147,172.31.40.0-255,66,31345,79,229604
1933,0.000204,172.217.194.0-255,1484,32829,79,229604
1934,0.000207,172.31.40.0-255,66,32895,79,229604
1935,0.00021,172.217.194.0-255,1484,34379,79,229604
1936,0.000213,172.31.40.0-255,66,34445,79,229604
1937,0.000224,172.217.194.0-255,1484,35929,79,229604
1938,0.000226,172.31.40.0-255,66,35995,79,229604
1939,0.000232,172.217.194.0-255,5738,41733,79,229604
1940,0.000235,172.31.40.0-255,66,41799,79,229604
1941,0.000258,172.217.194.0-255,6797,48596,79,229604
1942,0.00026,172.31.40.0-255,66,48662,79,229604
1943,0.000347,172.217.194.0-255,1484,50146,79,229604
1944,0.000351,172.31.40.0-255,66,50212,79,229604
1945,0.000356,172.217.194.0-255,2902,53114,79,229604
1946,0.000359,172.31.40.0-255,66,53180,79,229604
1947,0.000365,172.217.194.0-255,5738,58918,79,229604
1948,0.000407,172.217.194.0-255,2902,61820,79,229604
1949,0.000422,172.217.194.0-255,4260,66080,79,229604
1950,0.000433,172.217.194.0-255,380,66460,79,229604
1951,0.000505,172.31.40.0-255,66,66526,79,229604
1952,0.000659,172.217.194.0-255,1484,68010,79,229604
1953,0.000665,172.217.194.0-255,2902,70912,79,229604
1954,0.000683,172.217.194.0-255,4320,75232,79,229604
1955,0.000699,172.31.40.0-255,66,75298,79,229604
1956,0.000702,172.217.194.0-255,1484,76782,79,229604
1957,0.000707,172.217.194.0-255,4320,81102,79,229604
1958,0.000712,172.31.40.0-255,66,81168,79,229604
1959,0.000733,172.217.194.0-255,5738,86906,79,229604
1960,0.000758,172.31.40.0-255,66,86972,79,229604
1961,0.000769,172.217.194.0-255,5020,91992,79,229604
1962,0.000799,172.31.40.0-255,66,92058,79,229604
1963,0.00089,172.217.194.0-255,1484,93542,79,229604
1964,0.000896,172.217.194.0-255,2902,96444,79,229604
1965,0.000901,172.217.194.0-255,2902,99346,79,229604
1966,0.000911,172.31.40.0-255,66,99412,79,229604
1967,0.000923,172.217.194.0-255,2902,102314,79,229604
1968,0.000929,172.217.194.0-255,5738,108052,79,229604
1969,0.000931,172.217.194.0-255,1484,109536,79,229604
1970,0.000963,172.217.194.0-255,1484,111020,79,229604
1971,0.00097,172.31.40.0-255,66,111086,79,229604
1972,0.000979,172.217.194.0-255,3602,114688,79,229604
1973,0.000995,172.217.194.0-255,5738,120426,79,229604
1974,0.000998,172.31.40.0-255,66,120492,79,229604
1975,0.001006,172.217.194.0-255,1484,121976,79,229604
1976,0.001081,172.217.194.0-255,6438,128414,79,229604
1977,0.00109,172.31.40.0-255,66,128480,79,229604
1978,0.001111,172.217.194.0-255,7156,135636,79,229604
1979,0.001131,172.217.194.0-255,2902,138538,79,229604
1980,0.001155,172.31.40.0-255,66,138604,79,229604
1981,0.001229,172.31.40.0-255,66,138670,79,229604
1982,0.001241,172.217.194.0-255,2902,141572,79,229604
1983,0.00128,172.217.194.0-255,1484,143056,79,229604
1984,0.001283,172.31.40.0-255,66,143122,79,229604
1985,0.001289,172.31.40.0-255,66,143188,79,229604
1986,0.001324,172.31.40.0-255,66,143254,79,229604
1987,0.001339,172.217.194.0-255,1484,144738,79,229604
1988,0.001343,172.217.194.0-255,2902,147640,79,229604
1989,0.001367,172.217.194.0-255,5738,153378,79,229604
1990,0.00137,172.31.40.0-255,66,153444,79,229604
1991,0.001375,172.31.40.0-255,66,153510,79,229604
1992,0.001414,172.31.40.0-255,66,153576,79,229604
1993,0.00142,172.217.194.0-255,2902,156478,79,229604
1994,0.00143,172.217.194.0-255,766,157244,79,229604
1995,0.001442,172.31.40.0-255,66,157310,79,229604
1996,0.001468,172.217.194.0-255,1484,158794,79,229604
1997,0.001481,172.217.194.0-255,4320,163114,79,229604
1998,0.001486,172.217.194.0-255,2902,166016,79,229604
1999,0.001497,172.217.194.0-255,1484,167500,79,229604
2000,0.001504,172.217.194.0-255,5738,173238,79,229604
2001,0.001573,172.217.194.0-255,6438,179676,79,229604
2002,0.001576,172.31.40.0-255,66,179742,79,229604
2003,0.001582,172.31.40.0-255,66,179808,79,229604
2004,0.001601,172.217.194.0-255,7156,186964,79,229604
2005,0.001608,172.217.194.0-255,5738,192702,79,229604
2006,0.001642,172.217.194.0-255,4320,197022,79,229604
2007,0.001647,172.217.194.0-255,2902,199924,79,229604
2008,0.001652,172.31.40.0-255,66,199990,79,229604
2009,0.001697,172.217.194.0-255,2902,202892,79,229604
2010,0.001701,172.217.194.0-255,2902,205794,79,229604
2011,0.001708,172.31.40.0-255,66,205860,79,229604
2012,0.001749,172.31.40.0-255,66,205926,79,229604
2013,0.001761,172.217.194.0-255,1484,207410,79,229604
2014,0.001765,172.217.194.0-255,2902,210312,79,229604
2015,0.001781,172.217.194.0-255,5738,216050,79,229604
2016,0.001795,172.31.40.0-255,66,216116,79,229604
2017,0.001813,172.31.40.0-255,66,216182,79,229604
2018,0.001817,172.217.194.0-255,1484,217666,79,229604
2019,0.001857,172.217.194.0-255,4320,221986,79,229604
2020,0.001871,172.31.40.0-255,66,222052,79,229604
2021,0.001892,172.217.194.0-255,4320,226372,79,229604
2022,0.001918,172.217.194.0-255,2824,229196,79,229604
2023,0.001924,172.31.40.0-255,66,229262,79,229604
2024,0.001943,172.217.194.0-255,105,229367,79,229604
2025,0.00463,172.31.40.0-255,66,229433,79,229604
2026,0.004667,172.31.40.0-255,105,229538,79,229604
2027,0.006902,172.217.194.0-255,66,229604,79,229604
2028,0.0,172.217.194.0-255,146,146,79,243056
2029,2.1e-05,172.31.40.0-255,66,212,79,243056
2030,2.9e-05,172.217.194.0-255,1484,1696,79,243056
2031,3.3e-05,172.31.40.0-255,66,1762,79,243056
2032,3.9e-05,172.217.194.0-255,2902,4664,79,243056
2033,4.3e-05,172.31.40.0-255,66,4730,79,243056
2034,4.6e-05,172.217.194.0-255,1484,6214,79,243056
2035,4.9e-05,172.31.40.0-255,66,6280,79,243056
2036,8e-05,172.217.194.0-255,5738,12018,79,243056
2037,8.3e-05,172.31.40.0-255,66,12084,79,243056
2038,8.7e-05,172.217.194.0-255,2167,14251,79,243056
2039,8.9e-05,172.31.40.0-255,66,14317,79,243056
2040,0.000263,172.217.194.0-255,1484,15801,79,243056
2041,0.000269,172.31.40.0-255,66,15867,79,243056
2042,0.000291,172.217.194.0-255,2902,18769,79,243056
2043,0.000293,172.31.40.0-255,66,18835,79,243056
2044,0.0003,172.217.194.0-255,5738,24573,79,243056
2045,0.000302,172.31.40.0-255,66,24639,79,243056
2046,0.000344,172.31.40.0-255,66,24705,79,243056
2047,0.000347,172.217.194.0-255,1484,26189,79,243056
2048,0.000348,172.31.40.0-255,66,26255,79,243056
2049,0.000382,172.31.40.0-255,66,26321,79,243056
2050,0.000408,172.217.194.0-255,4320,30641,79,243056
2051,0.000411,172.31.40.0-255,66,30707,79,243056
2052,0.000421,172.31.40.0-255,66,30773,79,243056
2053,0.000442,172.217.194.0-255,362,31135,79,243056
2054,0.000444,172.31.40.0-255,66,31201,79,243056
2055,0.00052,172.217.194.0-255,381,31582,79,243056
2056,0.000525,172.31.40.0-255,66,31648,79,243056
2057,0.000823,172.217.194.0-255,1484,33132,79,243056
2058,0.00083,172.217.194.0-255,2902,36034,79,243056
2059,0.000834,172.31.40.0-255,66,36100,79,243056
2060,0.000842,172.217.194.0-255,5738,41838,79,243056
2061,0.000843,172.31.40.0-255,66,41904,79,243056
2062,0.000881,172.31.40.0-255,66,41970,79,243056
2063,0.000904,172.217.194.0-255,7156,49126,79,243056
2064,0.000907,172.31.40.0-255,66,49192,79,243056
2065,0.000928,172.217.194.0-255,3602,52794,79,243056
2066,0.000932,172.31.40.0-255,66,52860,79,243056
2067,0.001059,172.217.194.0-255,1484,54344,79,243056
2068,0.001063,172.217.194.0-255,1484,55828,79,243056
2069,0.001066,172.31.40.0-255,66,55894,79,243056
2070,0.001087,172.217.194.0-255,1484,57378,79,243056
2071,0.001093,172.217.194.0-255,5738,63116,79,243056
2072,0.001096,172.31.40.0-255,66,63182,79,243056
2073,0.001113,172.217.194.0-255,7156,70338,79,243056
2074,0.001115,172.31.40.0-255,66,70404,79,243056
2075,0.001123,172.217.194.0-255,7156,77560,79,243056
2076,0.001125,172.31.40.0-255,66,77626,79,243056
2077,0.001157,172.217.194.0-255,7156,84782,79,243056
2078,0.001162,172.217.194.0-255,2184,86966,79,243056
2079,0.001166,172.31.40.0-255,66,87032,79,243056
2080,0.001169,172.31.40.0-255,66,87098,79,243056
2081,0.001197,172.217.194.0-255,2902,90000,79,243056
2082,0.0012,172.31.40.0-255,66,90066,79,243056
2083,0.001219,172.217.194.0-255,5738,95804,79,243056
2084,0.001222,172.31.40.0-255,66,95870,79,243056
2085,0.001276,172.31.40.0-255,66,95936,79,243056
2086,0.001283,172.217.194.0-255,7156,103092,79,243056
2087,0.001286,172.31.40.0-255,66,103158,79,243056
2088,0.001321,172.31.40.0-255,66,103224,79,243056
2089,0.001336,172.217.194.0-255,1484,104708,79,243056
2090,0.001366,172.217.194.0-255,7156,111864,79,243056
2091,0.001369,172.31.40.0-255,66,111930,79,243056
2092,0.001376,172.217.194.0-255,7156,119086,79,243056
2093,0.001379,172.31.40.0-255,66,119152,79,243056
2094,0.001409,172.31.40.0-255,66,119218,79,243056
2095,0.001426,172.217.194.0-255,2902,122120,79,243056
2096,0.001429,172.31.40.0-255,66,122186,79,243056
2097,0.001432,172.217.194.0-255,766,122952,79,243056
2098,0.001463,172.217.194.0-255,1484,124436,79,243056
2099,0.001466,172.31.40.0-255,66,124502,79,243056
2100,0.001469,172.217.194.0-255,1484,125986,79,243056
2101,0.001485,172.217.194.0-255,1484,127470,79,243056
2102,0.001487,172.31.40.0-255,66,127536,79,243056
2103,0.001493,172.217.194.0-255,5738,133274,79,243056
2104,0.001496,172.31.40.0-255,66,133340,79,243056
2105,0.001518,172.217.194.0-255,2902,136242,79,243056
2106,0.001521,172.31.40.0-255,66,136308,79,243056
2107,0.001528,172.217.194.0-255,7156,143464,79,243056
2108,0.001529,172.31.40.0-255,66,143530,79,243056
2109,0.001548,172.217.194.0-255,2902,146432,79,243056
2110,0.001551,172.31.40.0-255,66,146498,79,243056
2111,0.001555,172.217.194.0-255,2902,149400,79,243056
2112,0.001557,172.31.40.0-255,66,149466,79,243056
2113,0.001584,172.31.40.0-255,66,149532,79,243056
2114,0.001651,172.217.194.0-255,1484,151016,79,243056
2115,0.001675,172.217.194.0-255,2902,153918,79,243056
2116,0.001679,172.31.40.0-255,66,153984,79,243056
2117,0.001691,172.217.194.0-255,5738,159722,79,243056
2118,0.001693,172.31.40.0-255,66,159788,79,243056
2119,0.001737,172.31.40.0-255,66,159854,79,243056
2120,0.001756,172.217.194.0-255,2902,162756,79,243056
2121,0.001758,172.31.40.0-255,66,162822,79,243056
2122,0.001762,172.217.194.0-255,2902,165724,79,243056
2123,0.001765,172.31.40.0-255,66,165790,79,243056
2124,0.001786,172.31.40.0-255,66,165856,79,243056
2125,0.001931,172.217.194.0-255,1484,167340,79,243056
2126,0.00195,172.217.194.0-255,2902,170242,79,243056
2127,0.001954,172.31.40.0-255,66,170308,79,243056
2128,0.001959,172.217.194.0-255,2902,173210,79,243056
2129,0.001961,172.31.40.0-255,66,173276,79,243056
2130,0.001975,172.217.194.0-255,2902,176178,79,243056
2131,0.001977,172.31.40.0-255,66,176244,79,243056
2132,0.001981,172.217.194.0-255,2902,179146,79,243056
2133,0.001983,172.31.40.0-255,66,179212,79,243056
2134,0.002007,172.217.194.0-255,7156,186368,79,243056
2135,0.002009,172.31.40.0-255,66,186434,79,243056
2136,0.002025,172.217.194.0-255,2902,189336,79,243056
2137,0.002027,172.31.40.0-255,66,189402,79,243056
2138,0.002042,172.217.194.0-255,7156,196558,79,243056
2139,0.002045,172.31.40.0-255,66,196624,79,243056
2140,0.00405,172.217.194.0-255,5738,202362,79,243056
2141,0.004057,172.31.40.0-255,66,202428,79,243056
2142,0.006093,172.217.194.0-255,5738,208166,79,243056
2143,0.0061,172.31.40.0-255,66,208232,79,243056
2144,0.008115,172.217.194.0-255,5738,213970,79,243056
2145,0.008125,172.31.40.0-255,66,214036,79,243056
2146,0.010149,172.217.194.0-255,5738,219774,79,243056
2147,0.010159,172.31.40.0-255,66,219840,79,243056
2148,0.012214,172.217.194.0-255,5738,225578,79,243056
2149,0.01222,172.31.40.0-255,66,225644,79,243056
2150,0.014245,172.217.194.0-255,5738,231382,79,243056
2151,0.014252,172.31.40.0-255,66,231448,79,243056
2152,0.016245,172.217.194.0-255,5738,237186,79,243056
2153,0.016253,172.31.40.0-255,66,237252,79,243056
2154,0.018267,172.217.194.0-255,5738,242990,79,243056
2155,0.018274,172.31.40.0-255,66,243056,79,243056
2156,0.0,172.217.194.0-255,150,150,79,191573
2157,2.1e-05,172.31.40.0-255,66,216,79,191573
2158,2.7e-05,172.217.194.0-255,1484,1700,79,191573
2159,3.1e-05,172.31.40.0-255,66,1766,79,191573
2160,3.7e-05,172.217.194.0-255,2902,4668,79,191573
2161,4.7e-05,172.31.40.0-255,66,4734,79,191573
2162,5.2e-05,172.217.194.0-255,4320,9054,79,191573
2163,5.4e-05,172.31.40.0-255,66,9120,79,191573
2164,6.5e-05,172.31.40.0-255,66,9186,79,191573
2165,6.9e-05,172.217.194.0-255,2902,12088,79,191573
2166,7.2e-05,172.31.40.0-255,66,12154,79,191573
2167,0.000108,172.31.40.0-255,66,12220,79,191573
2168,0.000147,172.217.194.0-255,1484,13704,79,191573
2169,0.000149,172.31.40.0-255,66,13770,79,191573
2170,0.000152,172.217.194.0-255,1484,15254,79,191573
2171,0.000154,172.31.40.0-255,66,15320,79,191573
2172,0.000191,172.217.194.0-255,1484,16804,79,191573
2173,0.000193,172.31.40.0-255,66,16870,79,191573
2174,0.000199,172.217.194.0-255,5738,22608,79,191573
2175,0.000201,172.31.40.0-255,66,22674,79,191573
2176,0.000207,172.217.194.0-255,6797,29471,79,191573
2177,0.000209,172.31.40.0-255,66,29537,79,191573
2178,0.000245,172.217.194.0-255,2831,32368,79,191573
2179,0.00025,172.31.40.0-255,66,32434,79,191573
2180,0.000252,172.31.40.0-255,66,32500,79,191573
2181,0.000291,172.217.194.0-255,366,32866,79,191573
2182,0.000294,172.31.40.0-255,66,32932,79,191573
2183,0.00038,172.217.194.0-255,1484,34416,79,191573
2184,0.000384,172.31.40.0-255,66,34482,79,191573
2185,0.000389,172.217.194.0-255,2902,37384,79,191573
2186,0.000391,172.31.40.0-255,66,37450,79,191573
2187,0.000424,172.217.194.0-255,5738,43188,79,191573
2188,0.000427,172.31.40.0-255,66,43254,79,191573
2189,0.000462,172.31.40.0-255,66,43320,79,191573
2190,0.000467,172.217.194.0-255,5738,49058,79,191573
2191,0.000469,172.31.40.0-255,66,49124,79,191573
2192,0.000491,172.217.194.0-255,5738,54862,79,191573
2193,0.000493,172.31.40.0-255,66,54928,79,191573
2194,0.000496,172.217.194.0-255,1125,56053,79,191573
2195,0.000728,172.217.194.0-255,1484,57537,79,191573
2196,0.000732,172.31.40.0-255,66,57603,79,191573
2197,0.000737,172.217.194.0-255,2902,60505,79,191573
2198,0.000739,172.31.40.0-255,66,60571,79,191573
2199,0.000766,172.217.194.0-255,5738,66309,79,191573
2200,0.000769,172.31.40.0-255,66,66375,79,191573
2201,0.000816,172.31.40.0-255,66,66441,79,191573
2202,0.000823,172.217.194.0-255,7156,73597,79,191573
2203,0.000825,172.31.40.0-255,66,73663,79,191573
2204,0.000852,172.217.194.0-255,3602,77265,79,191573
2205,0.000855,172.31.40.0-255,66,77331,79,191573
2206,0.001332,172.217.194.0-255,1484,78815,79,191573
2207,0.001337,172.217.194.0-255,2902,81717,79,191573
2208,0.00134,172.31.40.0-255,66,81783,79,191573
2209,0.001369,172.217.194.0-255,5738,87521,79,191573
2210,0.001371,172.31.40.0-255,66,87587,79,191573
2211,0.00141,172.31.40.0-255,66,87653,79,191573
2212,0.001421,172.31.40.0-255,66,87719,79,191573
2213,0.001709,172.217.194.0-255,1484,89203,79,191573
2214,0.001713,172.217.194.0-255,1484,90687,79,191573
2215,0.001716,172.31.40.0-255,66,90753,79,191573
2216,0.001743,172.217.194.0-255,1484,92237,79,191573
2217,0.00175,172.217.194.0-255,5738,97975,79,191573
2218,0.001752,172.31.40.0-255,66,98041,79,191573
2219,0.001756,172.217.194.0-255,2902,100943,79,191573
2220,0.001758,172.31.40.0-255,66,101009,79,191573
2221,0.001807,172.31.40.0-255,66,101075,79,191573
2222,0.001816,172.31.40.0-255,66,101141,79,191573
2223,0.001864,172.217.194.0-255,2184,103325,79,191573
2224,0.001867,172.31.40.0-255,66,103391,79,191573
2225,0.001909,172.217.194.0-255,1484,104875,79,191573
2226,0.001911,172.217.194.0-255,1484,106359,79,191573
2227,0.001915,172.31.40.0-255,66,106425,79,191573
2228,0.001926,172.217.194.0-255,1484,107909,79,191573
2229,0.001932,172.217.194.0-255,5738,113647,79,191573
2230,0.001938,172.31.40.0-255,66,113713,79,191573
2231,0.001943,172.217.194.0-255,4320,118033,79,191573
2232,0.001944,172.31.40.0-255,66,118099,79,191573
2233,0.001949,172.217.194.0-255,4320,122419,79,191573
2234,0.001951,172.31.40.0-255,66,122485,79,191573
2235,0.00198,172.217.194.0-255,7156,129641,79,191573
2236,0.001982,172.31.40.0-255,66,129707,79,191573
2237,0.001993,172.31.40.0-255,66,129773,79,191573
2238,0.002053,172.217.194.0-255,1484,131257,79,191573
2239,0.002065,172.217.194.0-255,2902,134159,79,191573
2240,0.002068,172.31.40.0-255,66,134225,79,191573
2241,0.002099,172.217.194.0-255,5738,139963,79,191573
2242,0.002101,172.31.40.0-255,66,140029,79,191573
2243,0.00213,172.217.194.0-255,4320,144349,79,191573
2244,0.002133,172.31.40.0-255,66,144415,79,191573
2245,0.004155,172.217.194.0-255,1484,145899,79,191573
2246,0.004191,172.217.194.0-255,4320,150219,79,191573
2247,0.004196,172.31.40.0-255,66,150285,79,191573
2248,0.006316,172.217.194.0-255,5738,156023,79,191573
2249,0.006331,172.31.40.0-255,66,156089,79,191573
2250,0.008419,172.217.194.0-255,5738,161827,79,191573
2251,0.008432,172.31.40.0-255,66,161893,79,191573
2252,0.01053,172.217.194.0-255,2902,164795,79,191573
2253,0.010534,172.31.40.0-255,66,164861,79,191573
2254,0.010553,172.217.194.0-255,2902,167763,79,191573
2255,0.010556,172.31.40.0-255,66,167829,79,191573
2256,0.012599,172.217.194.0-255,2902,170731,79,191573
2257,0.012607,172.31.40.0-255,66,170797,79,191573
2258,0.012636,172.217.194.0-255,2902,173699,79,191573
2259,0.01264,172.31.40.0-255,66,173765,79,191573
2260,0.014668,172.217.194.0-255,2902,176667,79,191573
2261,0.01468,172.31.40.0-255,66,176733,79,191573
2262,0.014705,172.217.194.0-255,2902,179635,79,191573
2263,0.014708,172.31.40.0-255,66,179701,79,191573
2264,0.016746,172.217.194.0-255,2902,182603,79,191573
2265,0.016755,172.31.40.0-255,66,182669,79,191573
2266,0.016784,172.217.194.0-255,2902,185571,79,191573
2267,0.016787,172.31.40.0-255,66,185637,79,191573
2268,0.018852,172.217.194.0-255,2902,188539,79,191573
2269,0.01886,172.31.40.0-255,66,188605,79,191573
2270,0.018889,172.217.194.0-255,2902,191507,79,191573
2271,0.018892,172.31.40.0-255,66,191573,79,191573
2272,0.0,172.217.160.0-255,146,146,79,131524
2273,2.6e-05,172.31.40.0-255,66,212,79,131524
2274,3.3e-05,172.217.160.0-255,1484,1696,79,131524
2275,3.8e-05,172.31.40.0-255,66,1762,79,131524
2276,4.4e-05,172.217.160.0-255,2902,4664,79,131524
2277,4.6e-05,172.31.40.0-255,66,4730,79,131524
2278,5.4e-05,172.217.160.0-255,7156,11886,79,131524
2279,5.9e-05,172.31.40.0-255,66,11952,79,131524
2280,6.3e-05,172.217.160.0-255,2040,13992,79,131524
2281,6.8e-05,172.31.40.0-255,66,14058,79,131524
2282,0.000347,172.217.160.0-255,1484,15542,79,131524
2283,0.000353,172.31.40.0-255,66,15608,79,131524
2284,0.00036,172.217.160.0-255,2902,18510,79,131524
2285,0.000363,172.31.40.0-255,66,18576,79,131524
2286,0.000369,172.217.160.0-255,5738,24314,79,131524
2287,0.000371,172.31.40.0-255,66,24380,79,131524
2288,0.00042,172.217.160.0-255,6797,31177,79,131524
2289,0.000423,172.31.40.0-255,66,31243,79,131524
2290,0.0005,172.217.160.0-255,1484,32727,79,131524
2291,0.000503,172.31.40.0-255,66,32793,79,131524
2292,0.000508,172.217.160.0-255,2902,35695,79,131524
2293,0.00051,172.31.40.0-255,66,35761,79,131524
2294,0.000525,172.217.160.0-255,5738,41499,79,131524
2295,0.000528,172.31.40.0-255,66,41565,79,131524
2296,0.000567,172.31.40.0-255,66,41631,79,131524
2297,0.000596,172.217.160.0-255,4320,45951,79,131524
2298,0.000599,172.31.40.0-255,66,46017,79,131524
2299,0.000634,172.31.40.0-255,66,46083,79,131524
2300,0.000964,172.217.160.0-255,121,46204,79,131524
2301,0.000969,172.31.40.0-255,66,46270,79,131524
2302,0.001107,172.217.160.0-255,1484,47754,79,131524
2303,0.001124,172.217.160.0-255,2902,50656,79,131524
2304,0.001127,172.31.40.0-255,66,50722,79,131524
2305,0.001133,172.217.160.0-255,5738,56460,79,131524
2306,0.001135,172.31.40.0-255,66,56526,79,131524
2307,0.001156,172.217.160.0-255,7156,63682,79,131524
2308,0.001159,172.31.40.0-255,66,63748,79,131524
2309,0.001187,172.217.160.0-255,3961,67709,79,131524
2310,0.001189,172.31.40.0-255,66,67775,79,131524
2311,0.001202,172.31.40.0-255,66,67841,79,131524
2312,0.001205,172.217.160.0-255,1125,68966,79,131524
2313,0.001518,172.31.40.0-255,66,69032,79,131524
2314,0.002841,172.217.160.0-255,4320,73352,79,131524
2315,0.00285,172.31.40.0-255,66,73418,79,131524
2316,0.003147,172.217.160.0-255,1484,74902,79,131524
2317,0.004491,172.217.160.0-255,4320,79222,79,131524
2318,0.004499,172.31.40.0-255,66,79288,79,131524
2319,0.006141,172.217.160.0-255,5738,85026,79,131524
2320,0.006146,172.31.40.0-255,66,85092,79,131524
2321,0.007805,172.217.160.0-255,5738,90830,79,131524
2322,0.00781,172.31.40.0-255,66,90896,79,131524
2323,0.009463,172.217.160.0-255,5738,96634,79,131524
2324,0.009473,172.31.40.0-255,66,96700,79,131524
2325,0.011121,172.217.160.0-255,5738,102438,79,131524
2326,0.011132,172.31.40.0-255,66,102504,79,131524
2327,0.01278,172.217.160.0-255,5738,108242,79,131524
2328,0.012789,172.31.40.0-255,66,108308,79,131524
2329,0.014437,172.217.160.0-255,5738,114046,79,131524
2330,0.014444,172.31.40.0-255,66,114112,79,131524
2331,0.016093,172.217.160.0-255,5738,119850,79,131524
2332,0.016103,172.31.40.0-255,66,119916,79,131524
2333,0.017757,172.217.160.0-255,5738,125654,79,131524
2334,0.017766,172.31.40.0-255,66,125720,79,131524
2335,0.019414,172.217.160.0-255,5738,131458,79,131524
2336,0.019423,172.31.40.0-255,66,131524,79,131524
2337,0.0,74.125.200.0-255,153,153,79,214436
2338,2.3e-05,172.31.40.0-255,66,219,79,214436
2339,3e-05,74.125.200.0-255,1484,1703,79,214436
2340,3.4e-05,172.31.40.0-255,66,1769,79,214436
2341,4e-05,74.125.200.0-255,2902,4671,79,214436
2342,4.3e-05,172.31.40.0-255,66,4737,79,214436
2343,5.6e-05,74.125.200.0-255,4320,9057,79,214436
2344,6e-05,172.31.40.0-255,66,9123,79,214436
2345,6.6e-05,74.125.200.0-255,4865,13988,79,214436
2346,6.9e-05,172.31.40.0-255,66,14054,79,214436
2347,0.00012,172.31.40.0-255,66,14120,79,214436
2348,0.000148,74.125.200.0-255,5379,19499,79,214436
2349,0.00015,172.31.40.0-255,66,19565,79,214436
2350,0.00019,74.125.200.0-255,1484,21049,79,214436
2351,0.000192,172.31.40.0-255,66,21115,79,214436
2352,0.000197,74.125.200.0-255,2902,24017,79,214436
2353,0.0002,172.31.40.0-255,66,24083,79,214436
2354,0.000227,74.125.200.0-255,5738,29821,79,214436
2355,0.00023,172.31.40.0-255,66,29887,79,214436
2356,0.000233,74.125.200.0-255,1484,31371,79,214436
2357,0.000235,172.31.40.0-255,66,31437,79,214436
2358,0.000261,74.125.200.0-255,4320,35757,79,214436
2359,0.000268,172.31.40.0-255,66,35823,79,214436
2360,0.000273,74.125.200.0-255,4320,40143,79,214436
2361,0.000275,172.31.40.0-255,66,40209,79,214436
2362,0.000305,74.125.200.0-255,2543,42752,79,214436
2363,0.000307,172.31.40.0-255,66,42818,79,214436
2364,0.000315,74.125.200.0-255,7156,49974,79,214436
2365,0.000317,172.31.40.0-255,66,50040,79,214436
2366,0.000365,74.125.200.0-255,4300,54340,79,214436
2367,0.000368,172.31.40.0-255,66,54406,79,214436
2368,0.00043,74.125.200.0-255,1484,55890,79,214436
2369,0.000443,74.125.200.0-255,1484,57374,79,214436
2370,0.000446,172.31.40.0-255,66,57440,79,214436
2371,0.000451,74.125.200.0-255,2902,60342,79,214436
2372,0.000453,172.31.40.0-255,66,60408,79,214436
2373,0.00049,74.125.200.0-255,5738,66146,79,214436
2374,0.000493,172.31.40.0-255,66,66212,79,214436
2375,0.000498,74.125.200.0-255,4320,70532,79,214436
2376,0.0005,172.31.40.0-255,66,70598,79,214436
2377,0.000536,74.125.200.0-255,3961,74559,79,214436
2378,0.000539,172.31.40.0-255,66,74625,79,214436
2379,0.00055,172.31.40.0-255,66,74691,79,214436
2380,0.000555,74.125.200.0-255,5379,80070,79,214436
2381,0.000558,172.31.40.0-255,66,80136,79,214436
2382,0.00098,74.125.200.0-255,1484,81620,79,214436
2383,0.000987,74.125.200.0-255,2902,84522,79,214436
2384,0.000991,172.31.40.0-255,66,84588,79,214436
2385,0.000995,74.125.200.0-255,2902,87490,79,214436
2386,0.000997,172.31.40.0-255,66,87556,79,214436
2387,0.001028,74.125.200.0-255,4320,91876,79,214436
2388,0.001031,172.31.40.0-255,66,91942,79,214436
2389,0.001066,74.125.200.0-255,7156,99098,79,214436
2390,0.001068,172.31.40.0-255,66,99164,79,214436
2391,0.001097,74.125.200.0-255,1484,100648,79,214436
2392,0.001106,74.125.200.0-255,7156,107804,79,214436
2393,0.001108,172.31.40.0-255,66,107870,79,214436
2394,0.001118,172.31.40.0-255,66,107936,79,214436
2395,0.001122,74.125.200.0-255,2902,110838,79,214436
2396,0.001124,172.31.40.0-255,66,110904,79,214436
2397,0.001129,74.125.200.0-255,4320,115224,79,214436
2398,0.001132,172.31.40.0-255,66,115290,79,214436
2399,0.001143,172.31.40.0-255,66,115356,79,214436
2400,0.001145,74.125.200.0-255,1484,116840,79,214436
2401,0.001176,74.125.200.0-255,5738,122578,79,214436
2402,0.001179,172.31.40.0-255,66,122644,79,214436
2403,0.001189,172.31.40.0-255,66,122710,79,214436
2404,0.001209,74.125.200.0-255,766,123476,79,214436
2405,0.001745,74.125.200.0-255,1484,124960,79,214436
2406,0.001749,172.31.40.0-255,66,125026,79,214436
2407,0.001761,74.125.200.0-255,2902,127928,79,214436
2408,0.001767,172.31.40.0-255,66,127994,79,214436
2409,0.001775,74.125.200.0-255,1484,129478,79,214436
2410,0.001799,74.125.200.0-255,2902,132380,79,214436
2411,0.001801,172.31.40.0-255,66,132446,79,214436
2412,0.001811,172.31.40.0-255,66,132512,79,214436
2413,0.001815,74.125.200.0-255,2902,135414,79,214436
2414,0.001821,172.31.40.0-255,66,135480,79,214436
2415,0.001841,74.125.200.0-255,2902,138382,79,214436
2416,0.001843,172.31.40.0-255,66,138448,79,214436
2417,0.00185,74.125.200.0-255,7156,145604,79,214436
2418,0.001851,172.31.40.0-255,66,145670,79,214436
2419,0.001875,74.125.200.0-255,3602,149272,79,214436
2420,0.001877,172.31.40.0-255,66,149338,79,214436
2421,0.00197,74.125.200.0-255,1484,150822,79,214436
2422,0.002005,74.125.200.0-255,2902,153724,79,214436
2423,0.002008,172.31.40.0-255,66,153790,79,214436
2424,0.002012,74.125.200.0-255,2902,156692,79,214436
2425,0.002014,172.31.40.0-255,66,156758,79,214436
2426,0.002043,74.125.200.0-255,2902,159660,79,214436
2427,0.002046,172.31.40.0-255,66,159726,79,214436
2428,0.002052,74.125.200.0-255,7156,166882,79,214436
2429,0.002054,172.31.40.0-255,66,166948,79,214436
2430,0.002088,172.31.40.0-255,66,167014,79,214436
2431,0.002122,74.125.200.0-255,1484,168498,79,214436
2432,0.002132,172.31.40.0-255,66,168564,79,214436
2433,0.004217,74.125.200.0-255,4320,172884,79,214436
2434,0.004224,172.31.40.0-255,66,172950,79,214436
2435,0.004255,74.125.200.0-255,1484,174434,79,214436
2436,0.006296,74.125.200.0-255,4320,178754,79,214436
2437,0.006299,172.31.40.0-255,66,178820,79,214436
2438,0.008375,74.125.200.0-255,2902,181722,79,214436
2439,0.008382,172.31.40.0-255,66,181788,79,214436
2440,0.008414,74.125.200.0-255,2902,184690,79,214436
2441,0.008416,172.31.40.0-255,66,184756,79,214436
2442,0.010463,74.125.200.0-255,2902,187658,79,214436
2443,0.01047,172.31.40.0-255,66,187724,79,214436
2444,0.0105,74.125.200.0-255,2902,190626,79,214436
2445,0.010503,172.31.40.0-255,66,190692,79,214436
2446,0.012547,74.125.200.0-255,2902,193594,79,214436
2447,0.012554,172.31.40.0-255,66,193660,79,214436
2448,0.012584,74.125.200.0-255,2902,196562,79,214436
2449,0.012587,172.31.40.0-255,66,196628,79,214436
2450,0.014638,74.125.200.0-255,2902,199530,79,214436
2451,0.014647,172.31.40.0-255,66,199596,79,214436
2452,0.014682,74.125.200.0-255,2902,202498,79,214436
2453,0.014685,172.31.40.0-255,66,202564,79,214436
2454,0.016731,74.125.200.0-255,2902,205466,79,214436
2455,0.016741,172.31.40.0-255,66,205532,79,214436
2456,0.016775,74.125.200.0-255,2902,208434,79,214436
2457,0.016778,172.31.40.0-255,66,208500,79,214436
2458,0.018821,74.125.200.0-255,2902,211402,79,214436
2459,0.018829,172.31.40.0-255,66,211468,79,214436
2460,0.018858,74.125.200.0-255,2902,214370,79,214436
2461,0.018862,172.31.40.0-255,66,214436,79,214436
2462,0.0,172.217.194.0-255,150,150,79,141337
2463,2.4e-05,172.31.40.0-255,66,216,79,141337
2464,3.1e-05,172.217.194.0-255,1484,1700,79,141337
2465,3.6e-05,172.31.40.0-255,66,1766,79,141337
2466,4.2e-05,172.217.194.0-255,2902,4668,79,141337
2467,4.5e-05,172.31.40.0-255,66,4734,79,141337
2468,5.4e-05,172.217.194.0-255,7156,11890,79,141337
2469,5.6e-05,172.31.40.0-255,66,11956,79,141337
2470,6e-05,172.217.194.0-255,2049,14005,79,141337
2471,6.3e-05,172.31.40.0-255,66,14071,79,141337
2472,0.000178,172.217.194.0-255,1484,15555,79,141337
2473,0.000182,172.31.40.0-255,66,15621,79,141337
2474,0.000187,172.217.194.0-255,2902,18523,79,141337
2475,0.00019,172.31.40.0-255,66,18589,79,141337
2476,0.000192,172.217.194.0-255,1484,20073,79,141337
2477,0.000205,172.31.40.0-255,66,20139,79,141337
2478,0.000231,172.217.194.0-255,4320,24459,79,141337
2479,0.000234,172.31.40.0-255,66,24525,79,141337
2480,0.000237,172.217.194.0-255,1484,26009,79,141337
2481,0.000239,172.31.40.0-255,66,26075,79,141337
2482,0.000263,172.217.194.0-255,1484,27559,79,141337
2483,0.000266,172.31.40.0-255,66,27625,79,141337
2484,0.000288,172.217.194.0-255,3961,31586,79,141337
2485,0.000291,172.31.40.0-255,66,31652,79,141337
2486,0.000324,172.217.194.0-255,1484,33136,79,141337
2487,0.000326,172.31.40.0-255,66,33202,79,141337
2488,0.000331,172.217.194.0-255,2902,36104,79,141337
2489,0.000333,172.31.40.0-255,66,36170,79,141337
2490,0.000359,172.217.194.0-255,4320,40490,79,141337
2491,0.000362,172.31.40.0-255,66,40556,79,141337
2492,0.000385,172.217.194.0-255,1484,42040,79,141337
2493,0.000387,172.31.40.0-255,66,42106,79,141337
2494,0.000395,172.217.194.0-255,6797,48903,79,141337
2495,0.00049,172.31.40.0-255,66,48969,79,141337
2496,0.001318,172.217.194.0-255,1484,50453,79,141337
2497,0.001329,172.217.194.0-255,2902,53355,79,141337
2498,0.001333,172.31.40.0-255,66,53421,79,141337
2499,0.001358,172.217.194.0-255,5738,59159,79,141337
2500,0.001385,172.217.194.0-255,4320,63479,79,141337
2501,0.001406,172.217.194.0-255,2543,66022,79,141337
2502,0.001487,172.217.194.0-255,1484,67506,79,141337
2503,0.001491,172.217.194.0-255,1484,68990,79,141337
2504,0.001503,172.217.194.0-255,1484,70474,79,141337
2505,0.001507,172.217.194.0-255,2902,73376,79,141337
2506,0.001525,172.217.194.0-255,2902,76278,79,141337
2507,0.001553,172.217.194.0-255,7156,83434,79,141337
2508,0.001571,172.217.194.0-255,3961,87395,79,141337
2509,0.001575,172.217.194.0-255,2902,90297,79,141337
2510,0.00159,172.217.194.0-255,4320,94617,79,141337
2511,0.001611,172.217.194.0-255,4320,98937,79,141337
2512,0.001615,172.217.194.0-255,1706,100643,79,141337
2513,0.002698,172.31.40.0-255,66,100709,79,141337
2514,0.00507,172.217.194.0-255,5738,106447,79,141337
2515,0.005076,172.31.40.0-255,66,106513,79,141337
2516,0.007426,172.217.194.0-255,5738,112251,79,141337
2517,0.007431,172.31.40.0-255,66,112317,79,141337
2518,0.009785,172.217.194.0-255,5738,118055,79,141337
2519,0.009794,172.31.40.0-255,66,118121,79,141337
2520,0.012136,172.217.194.0-255,5738,123859,79,141337
2521,0.012313,172.31.40.0-255,66,123925,79,141337
2522,0.01468,172.217.194.0-255,5738,129663,79,141337
2523,0.014687,172.31.40.0-255,66,129729,79,141337
2524,0.017048,172.217.194.0-255,5738,135467,79,141337
2525,0.017056,172.31.40.0-255,66,135533,79,141337
2526,0.019404,172.217.194.0-255,5738,141271,79,141337
2527,0.019411,172.31.40.0-255,66,141337,79,141337
2528,0.0,74.125.130.0-255,295,295,79,154257
2529,2.4e-05,172.31.40.0-255,66,361,79,154257
2530,3.1e-05,74.125.130.0-255,1484,1845,79,154257
2531,3.5e-05,172.31.40.0-255,66,1911,79,154257
2532,4.1e-05,74.125.130.0-255,4320,6231,79,154257
2533,4.4e-05,172.31.40.0-255,66,6297,79,154257
2534,4.7e-05,74.125.130.0-255,1484,7781,79,154257
2535,5.1e-05,172.31.40.0-255,66,7847,79,154257
2536,7.6e-05,74.125.130.0-255,4320,12167,79,154257
2537,7.9e-05,172.31.40.0-255,66,12233,79,154257
2538,8.2e-05,74.125.130.0-255,1484,13717,79,154257
2539,8.4e-05,172.31.40.0-255,66,13783,79,154257
2540,0.000107,74.125.130.0-255,3220,17003,79,154257
2541,0.00011,172.31.40.0-255,66,17069,79,154257
2542,0.000116,74.125.130.0-255,5738,22807,79,154257
2543,0.000118,172.31.40.0-255,66,22873,79,154257
2544,0.000165,172.31.40.0-255,66,22939,79,154257
2545,0.000734,74.125.130.0-255,1484,24423,79,154257
2546,0.00074,172.31.40.0-255,66,24489,79,154257
2547,0.000746,74.125.130.0-255,2902,27391,79,154257
2548,0.000748,172.31.40.0-255,66,27457,79,154257
2549,0.000752,74.125.130.0-255,2902,30359,79,154257
2550,0.000755,172.31.40.0-255,66,30425,79,154257
2551,0.00076,74.125.130.0-255,2902,33327,79,154257
2552,0.000763,172.31.40.0-255,66,33393,79,154257
2553,0.000781,74.125.130.0-255,1484,34877,79,154257
2554,0.000784,172.31.40.0-255,66,34943,79,154257
2555,0.00079,74.125.130.0-255,4320,39263,79,154257
2556,0.000792,172.31.40.0-255,66,39329,79,154257
2557,0.00083,74.125.130.0-255,4320,43649,79,154257
2558,0.000832,172.31.40.0-255,66,43715,79,154257
2559,0.000836,74.125.130.0-255,1484,45199,79,154257
2560,0.00085,172.31.40.0-255,66,45265,79,154257
2561,0.000853,74.125.130.0-255,766,46031,79,154257
2562,0.001131,172.31.40.0-255,66,46097,79,154257
2563,0.001166,74.125.130.0-255,646,46743,79,154257
2564,0.001189,74.125.130.0-255,1484,48227,79,154257
2565,0.001193,172.31.40.0-255,66,48293,79,154257
2566,0.001213,74.125.130.0-255,1484,49777,79,154257
2567,0.001218,74.125.130.0-255,2902,52679,79,154257
2568,0.001221,172.31.40.0-255,66,52745,79,154257
2569,0.001249,74.125.130.0-255,5738,58483,79,154257
2570,0.001252,172.31.40.0-255,66,58549,79,154257
2571,0.001273,74.125.130.0-255,5738,64287,79,154257
2572,0.001275,172.31.40.0-255,66,64353,79,154257
2573,0.001309,74.125.130.0-255,4320,68673,79,154257
2574,0.001312,172.31.40.0-255,66,68739,79,154257
2575,0.001326,172.31.40.0-255,66,68805,79,154257
2576,0.001328,74.125.130.0-255,766,69571,79,154257
2577,0.001547,172.31.40.0-255,66,69637,79,154257
2578,0.001966,74.125.130.0-255,1484,71121,79,154257
2579,0.001978,74.125.130.0-255,2902,74023,79,154257
2580,0.001982,172.31.40.0-255,66,74089,79,154257
2581,0.001991,74.125.130.0-255,5738,79827,79,154257
2582,0.001993,172.31.40.0-255,66,79893,79,154257
2583,0.002022,74.125.130.0-255,7156,87049,79,154257
2584,0.002025,172.31.40.0-255,66,87115,79,154257
2585,0.002046,74.125.130.0-255,4320,91435,79,154257
2586,0.002049,172.31.40.0-255,66,91501,79,154257
2587,0.002054,74.125.130.0-255,4320,95821,79,154257
2588,0.002056,172.31.40.0-255,66,95887,79,154257
2589,0.00208,172.31.40.0-255,66,95953,79,154257
2590,0.002298,74.125.130.0-255,1484,97437,79,154257
2591,0.002303,74.125.130.0-255,1484,98921,79,154257
2592,0.002307,172.31.40.0-255,66,98987,79,154257
2593,0.002322,74.125.130.0-255,1484,100471,79,154257
2594,0.002362,74.125.130.0-255,4320,104791,79,154257
2595,0.002366,172.31.40.0-255,66,104857,79,154257
2596,0.00237,74.125.130.0-255,2902,107759,79,154257
2597,0.002373,172.31.40.0-255,66,107825,79,154257
2598,0.00239,74.125.130.0-255,5738,113563,79,154257
2599,0.002393,172.31.40.0-255,66,113629,79,154257
2600,0.004737,74.125.130.0-255,5738,119367,79,154257
2601,0.00475,172.31.40.0-255,66,119433,79,154257
2602,0.007102,74.125.130.0-255,5738,125171,79,154257
2603,0.007115,172.31.40.0-255,66,125237,79,154257
2604,0.009459,74.125.130.0-255,5738,130975,79,154257
2605,0.009469,172.31.40.0-255,66,131041,79,154257
2606,0.011835,74.125.130.0-255,5738,136779,79,154257
2607,0.011851,172.31.40.0-255,66,136845,79,154257
2608,0.014211,74.125.130.0-255,5738,142583,79,154257
2609,0.014227,172.31.40.0-255,66,142649,79,154257
2610,0.01659,74.125.130.0-255,5738,148387,79,154257
2611,0.0166,172.31.40.0-255,66,148453,79,154257
2612,0.018965,74.125.130.0-255,5738,154191,79,154257
2613,0.018981,172.31.40.0-255,66,154257,79,154257
2614,0.0,74.125.24.0-255,153,153,79,187761
2615,1.9e-05,172.31.40.0-255,66,219,79,187761
2616,2.6e-05,74.125.24.0-255,1484,1703,79,187761
2617,3.1e-05,172.31.40.0-255,66,1769,79,187761
2618,3.7e-05,74.125.24.0-255,2902,4671,79,187761
2619,4.8e-05,172.31.40.0-255,66,4737,79,187761
2620,5.6e-05,74.125.24.0-255,7156,11893,79,187761
2621,6e-05,172.31.40.0-255,66,11959,79,187761
2622,6.4e-05,74.125.24.0-255,2156,14115,79,187761
2623,6.6e-05,172.31.40.0-255,66,14181,79,187761
2624,0.000481,74.125.24.0-255,1484,15665,79,187761
2625,0.000487,172.31.40.0-255,66,15731,79,187761
2626,0.000492,74.125.24.0-255,1484,17215,79,187761
2627,0.000495,172.31.40.0-255,66,17281,79,187761
2628,0.000525,74.125.24.0-255,1484,18765,79,187761
2629,0.000528,172.31.40.0-255,66,18831,79,187761
2630,0.000536,74.125.24.0-255,5738,24569,79,187761
2631,0.000538,172.31.40.0-255,66,24635,79,187761
2632,0.000551,74.125.24.0-255,6797,31432,79,187761
2633,0.000553,172.31.40.0-255,66,31498,79,187761
2634,0.000591,74.125.24.0-255,1484,32982,79,187761
2635,0.000593,172.31.40.0-255,66,33048,79,187761
2636,0.000597,74.125.24.0-255,1484,34532,79,187761
2637,0.000599,172.31.40.0-255,66,34598,79,187761
2638,0.000627,74.125.24.0-255,1484,36082,79,187761
2639,0.000629,172.31.40.0-255,66,36148,79,187761
2640,0.000637,74.125.24.0-255,5738,41886,79,187761
2641,0.000639,172.31.40.0-255,66,41952,79,187761
2642,0.00065,74.125.24.0-255,5738,47690,79,187761
2643,0.000652,172.31.40.0-255,66,47756,79,187761
2644,0.000655,74.125.24.0-255,1125,48881,79,187761
2645,0.000657,172.31.40.0-255,66,48947,79,187761
2646,0.00076,74.125.24.0-255,1484,50431,79,187761
2647,0.000783,74.125.24.0-255,2902,53333,79,187761
2648,0.000789,74.125.24.0-255,5738,59071,79,187761
2649,0.000794,172.31.40.0-255,66,59137,79,187761
2650,0.000798,172.31.40.0-255,66,59203,79,187761
2651,0.000819,74.125.24.0-255,1484,60687,79,187761
2652,0.000848,74.125.24.0-255,5379,66066,79,187761
2653,0.00085,172.31.40.0-255,66,66132,79,187761
2654,0.000853,74.125.24.0-255,645,66777,79,187761
2655,0.00109,74.125.24.0-255,1484,68261,79,187761
2656,0.001095,172.31.40.0-255,66,68327,79,187761
2657,0.001101,74.125.24.0-255,2902,71229,79,187761
2658,0.001103,172.31.40.0-255,66,71295,79,187761
2659,0.00111,74.125.24.0-255,4320,75615,79,187761
2660,0.001116,172.31.40.0-255,66,75681,79,187761
2661,0.001147,74.125.24.0-255,1484,77165,79,187761
2662,0.001154,74.125.24.0-255,7156,84321,79,187761
2663,0.001157,172.31.40.0-255,66,84387,79,187761
2664,0.001172,172.31.40.0-255,66,84453,79,187761
2665,0.001197,74.125.24.0-255,1484,85937,79,187761
2666,0.001201,74.125.24.0-255,2184,88121,79,187761
2667,0.001203,172.31.40.0-255,66,88187,79,187761
2668,0.001561,74.125.24.0-255,1484,89671,79,187761
2669,0.001578,74.125.24.0-255,2902,92573,79,187761
2670,0.001582,172.31.40.0-255,66,92639,79,187761
2671,0.001589,74.125.24.0-255,5738,98377,79,187761
2672,0.001591,172.31.40.0-255,66,98443,79,187761
2673,0.001594,74.125.24.0-255,1484,99927,79,187761
2674,0.001626,172.31.40.0-255,66,99993,79,187761
2675,0.001633,74.125.24.0-255,5738,105731,79,187761
2676,0.001635,172.31.40.0-255,66,105797,79,187761
2677,0.001662,74.125.24.0-255,5020,110817,79,187761
2678,0.001665,172.31.40.0-255,66,110883,79,187761
2679,0.001785,74.125.24.0-255,1484,112367,79,187761
2680,0.00179,74.125.24.0-255,1484,113851,79,187761
2681,0.001793,172.31.40.0-255,66,113917,79,187761
2682,0.00182,74.125.24.0-255,1484,115401,79,187761
2683,0.001826,74.125.24.0-255,5738,121139,79,187761
2684,0.001829,172.31.40.0-255,66,121205,79,187761
2685,0.001834,74.125.24.0-255,4320,125525,79,187761
2686,0.001836,172.31.40.0-255,66,125591,79,187761
2687,0.001874,172.31.40.0-255,66,125657,79,187761
2688,0.001877,74.125.24.0-255,1484,127141,79,187761
2689,0.001913,172.31.40.0-255,66,127207,79,187761
2690,0.002196,74.125.24.0-255,1484,128691,79,187761
2691,0.002202,74.125.24.0-255,2902,131593,79,187761
2692,0.002205,172.31.40.0-255,66,131659,79,187761
2693,0.002209,74.125.24.0-255,1484,133143,79,187761
2694,0.002237,74.125.24.0-255,4320,137463,79,187761
2695,0.002243,74.125.24.0-255,5738,143201,79,187761
2696,0.002247,172.31.40.0-255,66,143267,79,187761
2697,0.002254,172.31.40.0-255,66,143333,79,187761
2698,0.002258,74.125.24.0-255,2902,146235,79,187761
2699,0.00226,172.31.40.0-255,66,146301,79,187761
2700,0.002281,172.31.40.0-255,66,146367,79,187761
2701,0.002298,74.125.24.0-255,1484,147851,79,187761
2702,0.002305,74.125.24.0-255,5020,152871,79,187761
2703,0.00231,172.31.40.0-255,66,152937,79,187761
2704,0.004932,74.125.24.0-255,5738,158675,79,187761
2705,0.00494,172.31.40.0-255,66,158741,79,187761
2706,0.007563,74.125.24.0-255,5738,164479,79,187761
2707,0.007569,172.31.40.0-255,66,164545,79,187761
2708,0.010207,74.125.24.0-255,5738,170283,79,187761
2709,0.010215,172.31.40.0-255,66,170349,79,187761
2710,0.01284,74.125.24.0-255,5738,176087,79,187761
2711,0.012848,172.31.40.0-255,66,176153,79,187761
2712,0.015479,74.125.24.0-255,5738,181891,79,187761
2713,0.015486,172.31.40.0-255,66,181957,79,187761
2714,0.01812,74.125.24.0-255,5738,187695,79,187761
2715,0.018129,172.31.40.0-255,66,187761,79,187761
2716,0.0,74.125.200.0-255,152,152,79,185882
2717,2.3e-05,172.31.40.0-255,66,218,79,185882
2718,3.1e-05,74.125.200.0-255,1484,1702,79,185882
2719,3.6e-05,172.31.40.0-255,66,1768,79,185882
2720,4.1e-05,74.125.200.0-255,2902,4670,79,185882
2721,4.4e-05,172.31.40.0-255,66,4736,79,185882
2722,5e-05,74.125.200.0-255,4320,9056,79,185882
2723,5.3e-05,172.31.40.0-255,66,9122,79,185882
2724,6e-05,74.125.200.0-255,4910,14032,79,185882
2725,6.3e-05,172.31.40.0-255,66,14098,79,185882
2726,9.6e-05,74.125.200.0-255,1484,15582,79,185882
2727,9.8e-05,172.31.40.0-255,66,15648,79,185882
2728,0.000103,74.125.200.0-255,2902,18550,79,185882
2729,0.000105,172.31.40.0-255,66,18616,79,185882
2730,0.000132,74.125.200.0-255,5738,24354,79,185882
2731,0.000135,172.31.40.0-255,66,24420,79,185882
2732,0.000161,74.125.200.0-255,2902,27322,79,185882
2733,0.000163,172.31.40.0-255,66,27388,79,185882
2734,0.000168,74.125.200.0-255,3961,31349,79,185882
2735,0.000171,172.31.40.0-255,66,31415,79,185882
2736,0.000508,74.125.200.0-255,1484,32899,79,185882
2737,0.000515,172.31.40.0-255,66,32965,79,185882
2738,0.000521,74.125.200.0-255,2902,35867,79,185882
2739,0.000524,172.31.40.0-255,66,35933,79,185882
2740,0.000559,74.125.200.0-255,5738,41671,79,185882
2741,0.000562,172.31.40.0-255,66,41737,79,185882
2742,0.000566,74.125.200.0-255,2902,44639,79,185882
2743,0.000568,172.31.40.0-255,66,44705,79,185882
2744,0.000574,74.125.200.0-255,3961,48666,79,185882
2745,0.000577,172.31.40.0-255,66,48732,79,185882
2746,0.000675,74.125.200.0-255,1484,50216,79,185882
2747,0.000679,172.31.40.0-255,66,50282,79,185882
2748,0.000701,74.125.200.0-255,2902,53184,79,185882
2749,0.000724,74.125.200.0-255,4320,57504,79,185882
2750,0.00073,172.31.40.0-255,66,57570,79,185882
2751,0.000766,74.125.200.0-255,7156,64726,79,185882
2752,0.000771,172.31.40.0-255,66,64792,79,185882
2753,0.00079,74.125.200.0-255,1457,66249,79,185882
2754,0.001111,172.31.40.0-255,66,66315,79,185882
2755,0.001465,74.125.200.0-255,111,66426,79,185882
2756,0.001475,74.125.200.0-255,331,66757,79,185882
2757,0.001594,74.125.200.0-255,1484,68241,79,185882
2758,0.0016,74.125.200.0-255,2902,71143,79,185882
2759,0.001617,74.125.200.0-255,1484,72627,79,185882
2760,0.001641,74.125.200.0-255,4320,76947,79,185882
2761,0.001684,74.125.200.0-255,4320,81267,79,185882
2762,0.001709,74.125.200.0-255,4320,85587,79,185882
2763,0.001717,74.125.200.0-255,6797,92384,79,185882
2764,0.001788,74.125.200.0-255,1484,93868,79,185882
2765,0.001809,74.125.200.0-255,2902,96770,79,185882
2766,0.001833,74.125.200.0-255,5738,102508,79,185882
2767,0.001862,74.125.200.0-255,5738,108246,79,185882
2768,0.001883,74.125.200.0-255,5738,113984,79,185882
2769,0.001914,74.125.200.0-255,4320,118304,79,185882
2770,0.001961,74.125.200.0-255,1484,119788,79,185882
2771,0.001979,74.125.200.0-255,2902,122690,79,185882
2772,0.002001,74.125.200.0-255,5738,128428,79,185882
2773,0.002006,74.125.200.0-255,2902,131330,79,185882
2774,0.00202,74.125.200.0-255,1484,132814,79,185882
2775,0.002025,74.125.200.0-255,2902,135716,79,185882
2776,0.002043,74.125.200.0-255,2902,138618,79,185882
2777,0.00208,74.125.200.0-255,2184,140802,79,185882
2778,0.002508,74.125.200.0-255,1484,142286,79,185882
2779,0.002526,74.125.200.0-255,2902,145188,79,185882
2780,0.002529,74.125.200.0-255,1484,146672,79,185882
2781,0.002544,74.125.200.0-255,2902,149574,79,185882
2782,0.002574,74.125.200.0-255,2902,152476,79,185882
2783,0.002586,74.125.200.0-255,4320,156796,79,185882
2784,0.00346,172.31.40.0-255,66,156862,79,185882
2785,0.006049,74.125.200.0-255,5738,162600,79,185882
2786,0.006056,172.31.40.0-255,66,162666,79,185882
2787,0.008621,74.125.200.0-255,5738,168404,79,185882
2788,0.008819,172.31.40.0-255,66,168470,79,185882
2789,0.011398,74.125.200.0-255,5738,174208,79,185882
2790,0.011435,172.31.40.0-255,66,174274,79,185882
2791,0.014006,74.125.200.0-255,5738,180012,79,185882
2792,0.015523,172.31.40.0-255,66,180078,79,185882
2793,0.018109,74.125.200.0-255,5738,185816,79,185882
2794,0.018126,172.31.40.0-255,66,185882,79,185882
2795,0.0,172.217.194.0-255,150,150,79,120361
2796,2e-05,172.31.40.0-255,66,216,79,120361
2797,2.8e-05,172.217.194.0-255,1484,1700,79,120361
2798,3.2e-05,172.31.40.0-255,66,1766,79,120361
2799,3.8e-05,172.217.194.0-255,2902,4668,79,120361
2800,4.2e-05,172.31.40.0-255,66,4734,79,120361
2801,5e-05,172.217.194.0-255,7156,11890,79,120361
2802,5.3e-05,172.31.40.0-255,66,11956,79,120361
2803,0.00015,172.31.40.0-255,66,12022,79,120361
2804,0.000163,172.31.40.0-255,66,12088,79,120361
2805,0.000259,172.217.194.0-255,1484,13572,79,120361
2806,0.000263,172.31.40.0-255,66,13638,79,120361
2807,0.000269,172.217.194.0-255,2902,16540,79,120361
2808,0.000271,172.31.40.0-255,66,16606,79,120361
2809,0.000303,172.217.194.0-255,5738,22344,79,120361
2810,0.000306,172.31.40.0-255,66,22410,79,120361
2811,0.000308,172.217.194.0-255,1484,23894,79,120361
2812,0.00031,172.31.40.0-255,66,23960,79,120361
2813,0.000331,172.217.194.0-255,7156,31116,79,120361
2814,0.000333,172.31.40.0-255,66,31182,79,120361
2815,0.000348,172.217.194.0-255,2543,33725,79,120361
2816,0.000351,172.31.40.0-255,66,33791,79,120361
2817,0.000362,172.31.40.0-255,66,33857,79,120361
2818,0.000391,172.217.194.0-255,2902,36759,79,120361
2819,0.000393,172.31.40.0-255,66,36825,79,120361
2820,0.000413,172.217.194.0-255,1376,38201,79,120361
2821,0.000416,172.31.40.0-255,66,38267,79,120361
2822,0.000463,172.217.194.0-255,121,38388,79,120361
2823,0.000466,172.31.40.0-255,66,38454,79,120361
2824,0.000512,172.217.194.0-255,379,38833,79,120361
2825,0.000883,172.217.194.0-255,1484,40317,79,120361
2826,0.000888,172.31.40.0-255,66,40383,79,120361
2827,0.000892,172.217.194.0-255,1484,41867,79,120361
2828,0.000909,172.217.194.0-255,1484,43351,79,120361
2829,0.000913,172.217.194.0-255,2902,46253,79,120361
2830,0.000916,172.31.40.0-255,66,46319,79,120361
2831,0.000919,172.31.40.0-255,66,46385,79,120361
2832,0.000941,172.217.194.0-255,2902,49287,79,120361
2833,0.000944,172.31.40.0-255,66,49353,79,120361
2834,0.000958,172.31.40.0-255,66,49419,79,120361
2835,0.000971,172.31.40.0-255,66,49485,79,120361
2836,0.001836,172.217.194.0-255,1484,50969,79,120361
2837,0.001847,172.217.194.0-255,2902,53871,79,120361
2838,0.001851,172.31.40.0-255,66,53937,79,120361
2839,0.00186,172.217.194.0-255,5738,59675,79,120361
2840,0.001862,172.31.40.0-255,66,59741,79,120361
2841,0.0019,172.31.40.0-255,66,59807,79,120361
2842,0.001928,172.217.194.0-255,5738,65545,79,120361
2843,0.00193,172.31.40.0-255,66,65611,79,120361
2844,0.001952,172.217.194.0-255,6438,72049,79,120361
2845,0.001954,172.31.40.0-255,66,72115,79,120361
2846,0.002274,172.217.194.0-255,1484,73599,79,120361
2847,0.002281,172.217.194.0-255,2902,76501,79,120361
2848,0.002288,172.31.40.0-255,66,76567,79,120361
2849,0.002297,172.217.194.0-255,5738,82305,79,120361
2850,0.002299,172.31.40.0-255,66,82371,79,120361
2851,0.002327,172.31.40.0-255,66,82437,79,120361
2852,0.002353,172.217.194.0-255,4320,86757,79,120361
2853,0.002356,172.31.40.0-255,66,86823,79,120361
2854,0.002367,172.31.40.0-255,66,86889,79,120361
2855,0.004938,172.217.194.0-255,5738,92627,79,120361
2856,0.004943,172.31.40.0-255,66,92693,79,120361
2857,0.007483,172.217.194.0-255,4320,97013,79,120361
2858,0.00749,172.31.40.0-255,66,97079,79,120361
2859,0.007509,172.217.194.0-255,1484,98563,79,120361
2860,0.010057,172.217.194.0-255,4320,102883,79,120361
2861,0.010064,172.31.40.0-255,66,102949,79,120361
2862,0.012622,172.217.194.0-255,5738,108687,79,120361
2863,0.012631,172.31.40.0-255,66,108753,79,120361
2864,0.015257,172.217.194.0-255,5738,114491,79,120361
2865,0.015267,172.31.40.0-255,66,114557,79,120361
2866,0.017879,172.217.194.0-255,5738,120295,79,120361
2867,0.017888,172.31.40.0-255,66,120361,79,120361
2868,0.0,172.217.194.0-255,289,289,79,217884
2869,1.7e-05,172.31.40.0-255,66,355,79,217884
2870,2.4e-05,172.217.194.0-255,1484,1839,79,217884
2871,2.8e-05,172.31.40.0-255,66,1905,79,217884
2872,3.5e-05,172.217.194.0-255,4320,6225,79,217884
2873,3.8e-05,172.31.40.0-255,66,6291,79,217884
2874,9e-05,172.31.40.0-255,66,6357,79,217884
2875,0.000101,172.31.40.0-255,66,6423,79,217884
2876,0.000135,172.31.40.0-255,66,6489,79,217884
2877,0.000168,172.217.194.0-255,1484,7973,79,217884
2878,0.00017,172.31.40.0-255,66,8039,79,217884
2879,0.000188,172.217.194.0-255,2902,10941,79,217884
2880,0.000191,172.31.40.0-255,66,11007,79,217884
2881,0.000197,172.217.194.0-255,4320,15327,79,217884
2882,0.000199,172.31.40.0-255,66,15393,79,217884
2883,0.000221,172.217.194.0-255,1484,16877,79,217884
2884,0.000223,172.31.40.0-255,66,16943,79,217884
2885,0.000231,172.217.194.0-255,6797,23740,79,217884
2886,0.000233,172.31.40.0-255,66,23806,79,217884
2887,0.000269,172.217.194.0-255,4320,28126,79,217884
2888,0.000272,172.31.40.0-255,66,28192,79,217884
2889,0.000304,172.31.40.0-255,66,28258,79,217884
2890,0.000308,172.217.194.0-255,2862,31120,79,217884
2891,0.000311,172.31.40.0-255,66,31186,79,217884
2892,0.000313,172.217.194.0-255,367,31553,79,217884
2893,0.000315,172.31.40.0-255,66,31619,79,217884
2894,0.000487,172.217.194.0-255,1484,33103,79,217884
2895,0.000494,172.31.40.0-255,66,33169,79,217884
2896,0.000499,172.217.194.0-255,2902,36071,79,217884
2897,0.000502,172.31.40.0-255,66,36137,79,217884
2898,0.000518,172.217.194.0-255,5738,41875,79,217884
2899,0.000521,172.31.40.0-255,66,41941,79,217884
2900,0.000551,172.31.40.0-255,66,42007,79,217884
2901,0.000567,172.217.194.0-255,2902,44909,79,217884
2902,0.00057,172.31.40.0-255,66,44975,79,217884
2903,0.000573,172.217.194.0-255,1484,46459,79,217884
2904,0.000601,172.31.40.0-255,66,46525,79,217884
2905,0.001295,172.217.194.0-255,1484,48009,79,217884
2906,0.001303,172.217.194.0-255,2902,50911,79,217884
2907,0.001306,172.31.40.0-255,66,50977,79,217884
2908,0.001329,172.217.194.0-255,4320,55297,79,217884
2909,0.001332,172.31.40.0-255,66,55363,79,217884
2910,0.001358,172.217.194.0-255,1484,56847,79,217884
2911,0.001365,172.217.194.0-255,7156,64003,79,217884
2912,0.001368,172.31.40.0-255,66,64069,79,217884
2913,0.001381,172.31.40.0-255,66,64135,79,217884
2914,0.001397,172.217.194.0-255,1484,65619,79,217884
2915,0.001401,172.217.194.0-255,2184,67803,79,217884
2916,0.001405,172.31.40.0-255,66,67869,79,217884
2917,0.001479,172.217.194.0-255,1484,69353,79,217884
2918,0.001494,172.217.194.0-255,2902,72255,79,217884
2919,0.001498,172.31.40.0-255,66,72321,79,217884
2920,0.001501,172.217.194.0-255,1484,73805,79,217884
2921,0.001521,172.217.194.0-255,4320,78125,79,217884
2922,0.001539,172.31.40.0-255,66,78191,79,217884
2923,0.001553,172.31.40.0-255,66,78257,79,217884
2924,0.001584,172.217.194.0-255,4320,82577,79,217884
2925,0.001588,172.31.40.0-255,66,82643,79,217884
2926,0.001609,172.217.194.0-255,6438,89081,79,217884
2927,0.001613,172.31.40.0-255,66,89147,79,217884
2928,0.001619,172.217.194.0-255,4320,93467,79,217884
2929,0.001621,172.31.40.0-255,66,93533,79,217884
2930,0.001641,172.217.194.0-255,7156,100689,79,217884
2931,0.001644,172.31.40.0-255,66,100755,79,217884
2932,0.001657,172.31.40.0-255,66,100821,79,217884
2933,0.001669,172.217.194.0-255,1484,102305,79,217884
2934,0.001689,172.217.194.0-255,7156,109461,79,217884
2935,0.001692,172.31.40.0-255,66,109527,79,217884
2936,0.001712,172.217.194.0-255,2184,111711,79,217884
2937,0.001714,172.31.40.0-255,66,111777,79,217884
2938,0.001725,172.31.40.0-255,66,111843,79,217884
2939,0.001759,172.31.40.0-255,66,111909,79,217884
2940,0.001785,172.31.40.0-255,66,111975,79,217884
2941,0.001787,172.217.194.0-255,766,112741,79,217884
2942,0.001833,172.217.194.0-255,7156,119897,79,217884
2943,0.001836,172.31.40.0-255,66,119963,79,217884
2944,0.001862,172.217.194.0-255,4320,124283,79,217884
2945,0.001864,172.31.40.0-255,66,124349,79,217884
2946,0.001881,172.31.40.0-255,66,124415,79,217884
2947,0.001891,172.31.40.0-255,66,124481,79,217884
2948,0.001902,172.31.40.0-255,66,124547,79,217884
2949,0.001905,172.217.194.0-255,1484,126031,79,217884
2950,0.00193,172.217.194.0-255,5738,131769,79,217884
2951,0.001934,172.31.40.0-255,66,131835,79,217884
2952,0.001937,172.217.194.0-255,1484,133319,79,217884
2953,0.001962,172.31.40.0-255,66,133385,79,217884
2954,0.001975,172.217.194.0-255,3602,136987,79,217884
2955,0.001977,172.31.40.0-255,66,137053,79,217884
2956,0.001989,172.217.194.0-255,1484,138537,79,217884
2957,0.001994,172.217.194.0-255,2902,141439,79,217884
2958,0.001997,172.31.40.0-255,66,141505,79,217884
2959,0.002028,172.217.194.0-255,5738,147243,79,217884
2960,0.002031,172.31.40.0-255,66,147309,79,217884
2961,0.00205,172.217.194.0-255,4320,151629,79,217884
2962,0.002053,172.31.40.0-255,66,151695,79,217884
2963,0.002077,172.31.40.0-255,66,151761,79,217884
2964,0.002095,172.217.194.0-255,4320,156081,79,217884
2965,0.002098,172.31.40.0-255,66,156147,79,217884
2966,0.002122,172.217.194.0-255,6438,162585,79,217884
2967,0.002124,172.31.40.0-255,66,162651,79,217884
2968,0.002137,172.217.194.0-255,1484,164135,79,217884
2969,0.002141,172.217.194.0-255,2902,167037,79,217884
2970,0.002144,172.31.40.0-255,66,167103,79,217884
2971,0.002163,172.217.194.0-255,5738,172841,79,217884
2972,0.002166,172.31.40.0-255,66,172907,79,217884
2973,0.002196,172.217.194.0-255,1484,174391,79,217884
2974,0.002221,172.31.40.0-255,66,174457,79,217884
2975,0.002228,172.217.194.0-255,7156,181613,79,217884
2976,0.002231,172.31.40.0-255,66,181679,79,217884
2977,0.00225,172.217.194.0-255,5020,186699,79,217884
2978,0.002253,172.31.40.0-255,66,186765,79,217884
2979,0.002286,172.217.194.0-255,4320,191085,79,217884
2980,0.002289,172.31.40.0-255,66,191151,79,217884
2981,0.002316,172.31.40.0-255,66,191217,79,217884
2982,0.00232,172.217.194.0-255,4320,195537,79,217884
2983,0.002323,172.31.40.0-255,66,195603,79,217884
2984,0.002348,172.217.194.0-255,5738,201341,79,217884
2985,0.002352,172.31.40.0-255,66,201407,79,217884
2986,0.00238,172.31.40.0-255,66,201473,79,217884
2987,0.002387,172.217.194.0-255,5738,207211,79,217884
2988,0.002389,172.31.40.0-255,66,207277,79,217884
2989,0.002394,172.217.194.0-255,4320,211597,79,217884
2990,0.002396,172.31.40.0-255,66,211663,79,217884
2991,0.002429,172.217.194.0-255,5879,217542,79,217884
2992,0.002432,172.31.40.0-255,66,217608,79,217884
2993,0.002482,172.217.194.0-255,105,217713,79,217884
2994,0.019395,172.31.40.0-255,66,217779,79,217884
2995,0.019442,172.31.40.0-255,105,217884,79,217884
2996,0.0,74.125.200.0-255,293,293,79,259054
2997,2.2e-05,172.31.40.0-255,66,359,79,259054
2998,2.9e-05,74.125.200.0-255,1484,1843,79,259054
2999,3.3e-05,172.31.40.0-255,66,1909,79,259054
3000,4.8e-05,74.125.200.0-255,4320,6229,79,259054
3001,5.1e-05,172.31.40.0-255,66,6295,79,259054
3002,9.2e-05,172.31.40.0-255,66,6361,79,259054
3003,0.000205,74.125.200.0-255,1484,7845,79,259054
3004,0.000209,172.31.40.0-255,66,7911,79,259054
3005,0.000214,74.125.200.0-255,1484,9395,79,259054
3006,0.000216,172.31.40.0-255,66,9461,79,259054
3007,0.000237,74.125.200.0-255,1484,10945,79,259054
3008,0.000239,172.31.40.0-255,66,11011,79,259054
3009,0.00025,74.125.200.0-255,5738,16749,79,259054
3010,0.000253,172.31.40.0-255,66,16815,79,259054
3011,0.000292,74.125.200.0-255,1484,18299,79,259054
3012,0.000294,172.31.40.0-255,66,18365,79,259054
3013,0.00033,74.125.200.0-255,5379,23744,79,259054
3014,0.000333,172.31.40.0-255,66,23810,79,259054
3015,0.00034,74.125.200.0-255,7156,30966,79,259054
3016,0.000343,172.31.40.0-255,66,31032,79,259054
3017,0.000347,74.125.200.0-255,2902,33934,79,259054
3018,0.00035,172.31.40.0-255,66,34000,79,259054
3019,0.000357,74.125.200.0-255,4320,38320,79,259054
3020,0.000359,172.31.40.0-255,66,38386,79,259054
3021,0.000363,74.125.200.0-255,2543,40929,79,259054
3022,0.000366,172.31.40.0-255,66,40995,79,259054
3023,0.000512,74.125.200.0-255,1484,42479,79,259054
3024,0.000518,172.31.40.0-255,66,42545,79,259054
3025,0.000522,74.125.200.0-255,1484,44029,79,259054
3026,0.000524,172.31.40.0-255,66,44095,79,259054
3027,0.000544,74.125.200.0-255,1484,45579,79,259054
3028,0.000556,74.125.200.0-255,5738,51317,79,259054
3029,0.000559,172.31.40.0-255,66,51383,79,259054
3030,0.000563,74.125.200.0-255,2902,54285,79,259054
3031,0.000565,172.31.40.0-255,66,54351,79,259054
3032,0.000588,74.125.200.0-255,3961,58312,79,259054
3033,0.000591,172.31.40.0-255,66,58378,79,259054
3034,0.000651,74.125.200.0-255,1484,59862,79,259054
3035,0.000666,74.125.200.0-255,2902,62764,79,259054
3036,0.000669,172.31.40.0-255,66,62830,79,259054
3037,0.00068,74.125.200.0-255,1484,64314,79,259054
3038,0.000698,74.125.200.0-255,4320,68634,79,259054
3039,0.0007,172.31.40.0-255,66,68700,79,259054
3040,0.000703,74.125.200.0-255,1484,70184,79,259054
3041,0.000728,74.125.200.0-255,5738,75922,79,259054
3042,0.000731,172.31.40.0-255,66,75988,79,259054
3043,0.000782,172.31.40.0-255,66,76054,79,259054
3044,0.000816,74.125.200.0-255,4320,80374,79,259054
3045,0.000819,172.31.40.0-255,66,80440,79,259054
3046,0.000842,74.125.200.0-255,3602,84042,79,259054
3047,0.000845,172.31.40.0-255,66,84108,79,259054
3048,0.000847,74.125.200.0-255,648,84756,79,259054
3049,0.000932,74.125.200.0-255,1484,86240,79,259054
3050,0.000936,172.31.40.0-255,66,86306,79,259054
3051,0.000964,74.125.200.0-255,2902,89208,79,259054
3052,0.000967,172.31.40.0-255,66,89274,79,259054
3053,0.000971,74.125.200.0-255,2902,92176,79,259054
3054,0.000973,172.31.40.0-255,66,92242,79,259054
3055,0.000978,74.125.200.0-255,4320,96562,79,259054
3056,0.000981,172.31.40.0-255,66,96628,79,259054
3057,0.000984,74.125.200.0-255,1484,98112,79,259054
3058,0.001015,74.125.200.0-255,7156,105268,79,259054
3059,0.001018,172.31.40.0-255,66,105334,79,259054
3060,0.001029,172.31.40.0-255,66,105400,79,259054
3061,0.00107,74.125.200.0-255,5020,110420,79,259054
3062,0.001075,172.31.40.0-255,66,110486,79,259054
3063,0.001113,74.125.200.0-255,5738,116224,79,259054
3064,0.001116,172.31.40.0-255,66,116290,79,259054
3065,0.001147,74.125.200.0-255,7156,123446,79,259054
3066,0.00115,172.31.40.0-255,66,123512,79,259054
3067,0.001187,172.31.40.0-255,66,123578,79,259054
3068,0.001214,74.125.200.0-255,4320,127898,79,259054
3069,0.001217,172.31.40.0-255,66,127964,79,259054
3070,0.001228,74.125.200.0-255,2184,130148,79,259054
3071,0.001236,172.31.40.0-255,66,130214,79,259054
3072,0.001261,74.125.200.0-255,1484,131698,79,259054
3073,0.001287,74.125.200.0-255,5738,137436,79,259054
3074,0.00129,172.31.40.0-255,66,137502,79,259054
3075,0.001307,172.31.40.0-255,66,137568,79,259054
3076,0.001339,74.125.200.0-255,7156,144724,79,259054
3077,0.001342,172.31.40.0-255,66,144790,79,259054
3078,0.001352,172.31.40.0-255,66,144856,79,259054
3079,0.001355,74.125.200.0-255,1484,146340,79,259054
3080,0.001376,74.125.200.0-255,766,147106,79,259054
3081,0.001378,172.31.40.0-255,66,147172,79,259054
3082,0.001383,74.125.200.0-255,2902,150074,79,259054
3083,0.001385,172.31.40.0-255,66,150140,79,259054
3084,0.001393,74.125.200.0-255,7156,157296,79,259054
3085,0.001396,172.31.40.0-255,66,157362,79,259054
3086,0.001463,172.31.40.0-255,66,157428,79,259054
3087,0.001475,172.31.40.0-255,66,157494,79,259054
3088,0.001479,74.125.200.0-255,2184,159678,79,259054
3089,0.001481,172.31.40.0-255,66,159744,79,259054
3090,0.001526,74.125.200.0-255,2902,162646,79,259054
3091,0.001529,172.31.40.0-255,66,162712,79,259054
3092,0.001547,74.125.200.0-255,4320,167032,79,259054
3093,0.00155,172.31.40.0-255,66,167098,79,259054
3094,0.001614,172.31.40.0-255,66,167164,79,259054
3095,0.001622,74.125.200.0-255,7156,174320,79,259054
3096,0.001625,172.31.40.0-255,66,174386,79,259054
3097,0.001636,172.31.40.0-255,66,174452,79,259054
3098,0.00164,74.125.200.0-255,2184,176636,79,259054
3099,0.001642,172.31.40.0-255,66,176702,79,259054
3100,0.002047,74.125.200.0-255,1484,178186,79,259054
3101,0.002054,74.125.200.0-255,2902,181088,79,259054
3102,0.002058,172.31.40.0-255,66,181154,79,259054
3103,0.002086,74.125.200.0-255,4320,185474,79,259054
3104,0.002089,172.31.40.0-255,66,185540,79,259054
3105,0.002095,74.125.200.0-255,5738,191278,79,259054
3106,0.002097,172.31.40.0-255,66,191344,79,259054
3107,0.00214,172.31.40.0-255,66,191410,79,259054
3108,0.002146,74.125.200.0-255,5738,197148,79,259054
3109,0.002148,172.31.40.0-255,66,197214,79,259054
3110,0.002174,74.125.200.0-255,2184,199398,79,259054
3111,0.002177,172.31.40.0-255,66,199464,79,259054
3112,0.002182,74.125.200.0-255,2902,202366,79,259054
3113,0.002184,172.31.40.0-255,66,202432,79,259054
3114,0.002217,74.125.200.0-255,7156,209588,79,259054
3115,0.00222,172.31.40.0-255,66,209654,79,259054
3116,0.002224,74.125.200.0-255,1484,211138,79,259054
3117,0.002251,74.125.200.0-255,7156,218294,79,259054
3118,0.002254,172.31.40.0-255,66,218360,79,259054
3119,0.002266,172.31.40.0-255,66,218426,79,259054
3120,0.004502,74.125.200.0-255,5738,224164,79,259054
3121,0.004509,172.31.40.0-255,66,224230,79,259054
3122,0.006758,74.125.200.0-255,5738,229968,79,259054
3123,0.006776,172.31.40.0-255,66,230034,79,259054
3124,0.00903,74.125.200.0-255,5738,235772,79,259054
3125,0.009043,172.31.40.0-255,66,235838,79,259054
3126,0.011306,74.125.200.0-255,5738,241576,79,259054
3127,0.011324,172.31.40.0-255,66,241642,79,259054
3128,0.013553,74.125.200.0-255,5738,247380,79,259054
3129,0.01356,172.31.40.0-255,66,247446,79,259054
3130,0.015813,74.125.200.0-255,5738,253184,79,259054
3131,0.015822,172.31.40.0-255,66,253250,79,259054
3132,0.018059,74.125.200.0-255,5738,258988,79,259054
3133,0.018067,172.31.40.0-255,66,259054,79,259054
3134,0.0,74.125.24.0-255,143,143,79,185769
3135,3.8e-05,172.31.40.0-255,66,209,79,185769
3136,4.7e-05,74.125.24.0-255,1484,1693,79,185769
3137,5.1e-05,172.31.40.0-255,66,1759,79,185769
3138,5.7e-05,74.125.24.0-255,2902,4661,79,185769
3139,6.1e-05,172.31.40.0-255,66,4727,79,185769
3140,7e-05,74.125.24.0-255,7156,11883,79,185769
3141,7.3e-05,172.31.40.0-255,66,11949,79,185769
3142,7.8e-05,74.125.24.0-255,2102,14051,79,185769
3143,8.1e-05,172.31.40.0-255,66,14117,79,185769
3144,0.000403,74.125.24.0-255,1484,15601,79,185769
3145,0.000408,172.31.40.0-255,66,15667,79,185769
3146,0.000413,74.125.24.0-255,1484,17151,79,185769
3147,0.000416,172.31.40.0-255,66,17217,79,185769
3148,0.00043,74.125.24.0-255,1484,18701,79,185769
3149,0.000432,172.31.40.0-255,66,18767,79,185769
3150,0.000439,74.125.24.0-255,5738,24505,79,185769
3151,0.000441,172.31.40.0-255,66,24571,79,185769
3152,0.000465,74.125.24.0-255,6797,31368,79,185769
3153,0.000468,172.31.40.0-255,66,31434,79,185769
3154,0.000474,74.125.24.0-255,4320,35754,79,185769
3155,0.000477,172.31.40.0-255,66,35820,79,185769
3156,0.000493,74.125.24.0-255,2902,38722,79,185769
3157,0.000496,172.31.40.0-255,66,38788,79,185769
3158,0.00052,74.125.24.0-255,4320,43108,79,185769
3159,0.000523,172.31.40.0-255,66,43174,79,185769
3160,0.000551,74.125.24.0-255,5379,48553,79,185769
3161,0.000554,172.31.40.0-255,66,48619,79,185769
3162,0.000668,74.125.24.0-255,1484,50103,79,185769
3163,0.000672,172.31.40.0-255,66,50169,79,185769
3164,0.000676,74.125.24.0-255,1484,51653,79,185769
3165,0.000678,172.31.40.0-255,66,51719,79,185769
3166,0.000697,74.125.24.0-255,1484,53203,79,185769
3167,0.000705,74.125.24.0-255,5738,58941,79,185769
3168,0.000707,172.31.40.0-255,66,59007,79,185769
3169,0.000712,74.125.24.0-255,2902,61909,79,185769
3170,0.000714,172.31.40.0-255,66,61975,79,185769
3171,0.000744,74.125.24.0-255,4540,66515,79,185769
3172,0.000748,172.31.40.0-255,66,66581,79,185769
3173,0.000816,74.125.24.0-255,1484,68065,79,185769
3174,0.000834,74.125.24.0-255,2902,70967,79,185769
3175,0.000838,172.31.40.0-255,66,71033,79,185769
3176,0.000845,74.125.24.0-255,5738,76771,79,185769
3177,0.000847,172.31.40.0-255,66,76837,79,185769
3178,0.000865,74.125.24.0-255,2902,79739,79,185769
3179,0.000868,172.31.40.0-255,66,79805,79,185769
3180,0.000889,74.125.24.0-255,5379,85184,79,185769
3181,0.000891,172.31.40.0-255,66,85250,79,185769
3182,0.000899,74.125.24.0-255,7156,92406,79,185769
3183,0.000902,172.31.40.0-255,66,92472,79,185769
3184,0.000913,74.125.24.0-255,1484,93956,79,185769
3185,0.000916,74.125.24.0-255,1484,95440,79,185769
3186,0.000918,172.31.40.0-255,66,95506,79,185769
3187,0.000934,74.125.24.0-255,5379,100885,79,185769
3188,0.000937,172.31.40.0-255,66,100951,79,185769
3189,0.001206,74.125.24.0-255,1484,102435,79,185769
3190,0.001211,74.125.24.0-255,2902,105337,79,185769
3191,0.001221,172.31.40.0-255,66,105403,79,185769
3192,0.001247,74.125.24.0-255,5738,111141,79,185769
3193,0.001251,172.31.40.0-255,66,111207,79,185769
3194,0.001256,74.125.24.0-255,4320,115527,79,185769
3195,0.001258,172.31.40.0-255,66,115593,79,185769
3196,0.001282,172.31.40.0-255,66,115659,79,185769
3197,0.001294,172.31.40.0-255,66,115725,79,185769
3198,0.001987,74.125.24.0-255,1484,117209,79,185769
3199,0.002011,74.125.24.0-255,2902,120111,79,185769
3200,0.002015,172.31.40.0-255,66,120177,79,185769
3201,0.002023,74.125.24.0-255,5738,125915,79,185769
3202,0.002025,172.31.40.0-255,66,125981,79,185769
3203,0.002063,172.31.40.0-255,66,126047,79,185769
3204,0.002081,74.125.24.0-255,1484,127531,79,185769
3205,0.002112,172.31.40.0-255,66,127597,79,185769
3206,0.002369,74.125.24.0-255,1484,129081,79,185769
3207,0.002388,74.125.24.0-255,2902,131983,79,185769
3208,0.002393,172.31.40.0-255,66,132049,79,185769
3209,0.0024,74.125.24.0-255,5738,137787,79,185769
3210,0.002402,172.31.40.0-255,66,137853,79,185769
3211,0.002432,74.125.24.0-255,7156,145009,79,185769
3212,0.002435,172.31.40.0-255,66,145075,79,185769
3213,0.002452,74.125.24.0-255,1484,146559,79,185769
3214,0.004837,74.125.24.0-255,4320,150879,79,185769
3215,0.004844,172.31.40.0-255,66,150945,79,185769
3216,0.007254,74.125.24.0-255,5738,156683,79,185769
3217,0.007261,172.31.40.0-255,66,156749,79,185769
3218,0.009682,74.125.24.0-255,5738,162487,79,185769
3219,0.009688,172.31.40.0-255,66,162553,79,185769
3220,0.01209,74.125.24.0-255,5738,168291,79,185769
3221,0.012098,172.31.40.0-255,66,168357,79,185769
3222,0.01449,74.125.24.0-255,5738,174095,79,185769
3223,0.014498,172.31.40.0-255,66,174161,79,185769
3224,0.016889,74.125.24.0-255,5738,179899,79,185769
3225,0.0169,172.31.40.0-255,66,179965,79,185769
3226,0.019315,74.125.24.0-255,5738,185703,79,185769
3227,0.019333,172.31.40.0-255,66,185769,79,185769
3228,0.0,74.125.68.0-255,150,150,79,212278
3229,2.3e-05,172.31.40.0-255,66,216,79,212278
3230,3.1e-05,74.125.68.0-255,1484,1700,79,212278
3231,3.5e-05,172.31.40.0-255,66,1766,79,212278
3232,4e-05,74.125.68.0-255,2902,4668,79,212278
3233,4.4e-05,172.31.40.0-255,66,4734,79,212278
3234,5e-05,74.125.68.0-255,5738,10472,79,212278
3235,5.3e-05,172.31.40.0-255,66,10538,79,212278
3236,0.000102,74.125.68.0-255,3519,14057,79,212278
3237,0.000104,172.31.40.0-255,66,14123,79,212278
3238,0.000162,74.125.68.0-255,1484,15607,79,212278
3239,0.000166,172.31.40.0-255,66,15673,79,212278
3240,0.000178,74.125.68.0-255,2902,18575,79,212278
3241,0.000181,172.31.40.0-255,66,18641,79,212278
3242,0.000184,74.125.68.0-255,1484,20125,79,212278
3243,0.000186,172.31.40.0-255,66,20191,79,212278
3244,0.000205,74.125.68.0-255,2902,23093,79,212278
3245,0.000208,172.31.40.0-255,66,23159,79,212278
3246,0.000215,74.125.68.0-255,5738,28897,79,212278
3247,0.000217,172.31.40.0-255,66,28963,79,212278
3248,0.000239,74.125.68.0-255,1484,30447,79,212278
3249,0.000242,172.31.40.0-255,66,30513,79,212278
3250,0.000273,74.125.68.0-255,2543,33056,79,212278
3251,0.000276,172.31.40.0-255,66,33122,79,212278
3252,0.0003,74.125.68.0-255,5738,38860,79,212278
3253,0.000302,172.31.40.0-255,66,38926,79,212278
3254,0.000305,74.125.68.0-255,1484,40410,79,212278
3255,0.000307,172.31.40.0-255,66,40476,79,212278
3256,0.000324,74.125.68.0-255,5738,46214,79,212278
3257,0.000327,172.31.40.0-255,66,46280,79,212278
3258,0.000342,74.125.68.0-255,2543,48823,79,212278
3259,0.000344,172.31.40.0-255,66,48889,79,212278
3260,0.000381,74.125.68.0-255,2902,51791,79,212278
3261,0.000384,172.31.40.0-255,66,51857,79,212278
3262,0.000388,74.125.68.0-255,1484,53341,79,212278
3263,0.000412,74.125.68.0-255,2902,56243,79,212278
3264,0.000415,172.31.40.0-255,66,56309,79,212278
3265,0.000422,74.125.68.0-255,5738,62047,79,212278
3266,0.000424,172.31.40.0-255,66,62113,79,212278
3267,0.000447,74.125.68.0-255,1484,63597,79,212278
3268,0.000465,74.125.68.0-255,2543,66140,79,212278
3269,0.000467,172.31.40.0-255,66,66206,79,212278
3270,0.00047,74.125.68.0-255,400,66606,79,212278
3271,0.000574,74.125.68.0-255,110,66716,79,212278
3272,0.000723,74.125.68.0-255,1484,68200,79,212278
3273,0.000728,172.31.40.0-255,66,68266,79,212278
3274,0.000748,74.125.68.0-255,1484,69750,79,212278
3275,0.000764,74.125.68.0-255,2902,72652,79,212278
3276,0.000768,172.31.40.0-255,66,72718,79,212278
3277,0.000784,74.125.68.0-255,5738,78456,79,212278
3278,0.000786,172.31.40.0-255,66,78522,79,212278
3279,0.000813,74.125.68.0-255,5379,83901,79,212278
3280,0.000815,172.31.40.0-255,66,83967,79,212278
3281,0.000818,74.125.68.0-255,332,84299,79,212278
3282,0.000952,74.125.68.0-255,1484,85783,79,212278
3283,0.000957,172.31.40.0-255,66,85849,79,212278
3284,0.000974,74.125.68.0-255,2902,88751,79,212278
3285,0.000977,172.31.40.0-255,66,88817,79,212278
3286,0.000982,74.125.68.0-255,4320,93137,79,212278
3287,0.000985,172.31.40.0-255,66,93203,79,212278
3288,0.001003,74.125.68.0-255,1484,94687,79,212278
3289,0.001011,74.125.68.0-255,6797,101484,79,212278
3290,0.001013,172.31.40.0-255,66,101550,79,212278
3291,0.001221,74.125.68.0-255,1484,103034,79,212278
3292,0.001225,74.125.68.0-255,1484,104518,79,212278
3293,0.001228,172.31.40.0-255,66,104584,79,212278
3294,0.001247,74.125.68.0-255,1484,106068,79,212278
3295,0.001254,74.125.68.0-255,5738,111806,79,212278
3296,0.001257,172.31.40.0-255,66,111872,79,212278
3297,0.001278,74.125.68.0-255,7156,119028,79,212278
3298,0.001281,172.31.40.0-255,66,119094,79,212278
3299,0.001309,74.125.68.0-255,2902,121996,79,212278
3300,0.001312,172.31.40.0-255,66,122062,79,212278
3301,0.001345,172.31.40.0-255,66,122128,79,212278
3302,0.001349,74.125.68.0-255,2184,124312,79,212278
3303,0.001351,172.31.40.0-255,66,124378,79,212278
3304,0.0015,74.125.68.0-255,1484,125862,79,212278
3305,0.001532,74.125.68.0-255,1484,127346,79,212278
3306,0.001535,172.31.40.0-255,66,127412,79,212278
3307,0.001552,74.125.68.0-255,1484,128896,79,212278
3308,0.001559,74.125.68.0-255,5738,134634,79,212278
3309,0.001561,172.31.40.0-255,66,134700,79,212278
3310,0.001573,172.31.40.0-255,66,134766,79,212278
3311,0.001606,172.31.40.0-255,66,134832,79,212278
3312,0.00161,74.125.68.0-255,2184,137016,79,212278
3313,0.001612,172.31.40.0-255,66,137082,79,212278
3314,0.001882,74.125.68.0-255,1484,138566,79,212278
3315,0.001903,74.125.68.0-255,2902,141468,79,212278
3316,0.001906,172.31.40.0-255,66,141534,79,212278
3317,0.001912,74.125.68.0-255,4320,145854,79,212278
3318,0.001914,172.31.40.0-255,66,145920,79,212278
3319,0.001931,74.125.68.0-255,5738,151658,79,212278
3320,0.001933,172.31.40.0-255,66,151724,79,212278
3321,0.001961,74.125.68.0-255,4320,156044,79,212278
3322,0.001964,172.31.40.0-255,66,156110,79,212278
3323,0.001979,74.125.68.0-255,7156,163266,79,212278
3324,0.001981,172.31.40.0-255,66,163332,79,212278
3325,0.001988,74.125.68.0-255,5738,169070,79,212278
3326,0.00199,172.31.40.0-255,66,169136,79,212278
3327,0.002025,74.125.68.0-255,2184,171320,79,212278
3328,0.002029,172.31.40.0-255,66,171386,79,212278
3329,0.004262,74.125.68.0-255,2902,174288,79,212278
3330,0.00428,172.31.40.0-255,66,174354,79,212278
3331,0.004303,74.125.68.0-255,2902,177256,79,212278
3332,0.004306,172.31.40.0-255,66,177322,79,212278
3333,0.006548,74.125.68.0-255,2902,180224,79,212278
3334,0.006551,172.31.40.0-255,66,180290,79,212278
3335,0.006571,74.125.68.0-255,2902,183192,79,212278
3336,0.006573,172.31.40.0-255,66,183258,79,212278
3337,0.008828,74.125.68.0-255,5738,188996,79,212278
3338,0.008835,172.31.40.0-255,66,189062,79,212278
3339,0.011112,74.125.68.0-255,5738,194800,79,212278
3340,0.011121,172.31.40.0-255,66,194866,79,212278
3341,0.013403,74.125.68.0-255,5738,200604,79,212278
3342,0.013412,172.31.40.0-255,66,200670,79,212278
3343,0.015698,74.125.68.0-255,5738,206408,79,212278
3344,0.015709,172.31.40.0-255,66,206474,79,212278
3345,0.017982,74.125.68.0-255,5738,212212,79,212278
3346,0.017988,172.31.40.0-255,66,212278,79,212278
3347,0.0,74.125.24.0-255,143,143,79,232756
3348,2.2e-05,172.31.40.0-255,66,209,79,232756
3349,3e-05,74.125.24.0-255,1484,1693,79,232756
3350,3.5e-05,172.31.40.0-255,66,1759,79,232756
3351,4e-05,74.125.24.0-255,2902,4661,79,232756
3352,4.3e-05,172.31.40.0-255,66,4727,79,232756
3353,5.8e-05,74.125.24.0-255,7156,11883,79,232756
3354,6.1e-05,172.31.40.0-255,66,11949,79,232756
3355,6.5e-05,74.125.24.0-255,2125,14074,79,232756
3356,6.7e-05,172.31.40.0-255,66,14140,79,232756
3357,0.000101,74.125.24.0-255,2902,17042,79,232756
3358,0.000104,172.31.40.0-255,66,17108,79,232756
3359,0.000108,74.125.24.0-255,1484,18592,79,232756
3360,0.00011,172.31.40.0-255,66,18658,79,232756
3361,0.000141,74.125.24.0-255,2902,21560,79,232756
3362,0.000144,172.31.40.0-255,66,21626,79,232756
3363,0.000156,172.31.40.0-255,66,21692,79,232756
3364,0.000158,74.125.24.0-255,1125,22817,79,232756
3365,0.00016,172.31.40.0-255,66,22883,79,232756
3366,0.000256,74.125.24.0-255,1484,24367,79,232756
3367,0.000259,172.31.40.0-255,66,24433,79,232756
3368,0.000263,74.125.24.0-255,1484,25917,79,232756
3369,0.000264,172.31.40.0-255,66,25983,79,232756
3370,0.000288,74.125.24.0-255,1484,27467,79,232756
3371,0.000295,172.31.40.0-255,66,27533,79,232756
3372,0.000302,74.125.24.0-255,5738,33271,79,232756
3373,0.000305,172.31.40.0-255,66,33337,79,232756
3374,0.000317,172.31.40.0-255,66,33403,79,232756
3375,0.000329,172.31.40.0-255,66,33469,79,232756
3376,0.000354,74.125.24.0-255,2902,36371,79,232756
3377,0.000361,172.31.40.0-255,66,36437,79,232756
3378,0.000364,74.125.24.0-255,1404,37841,79,232756
3379,0.000394,74.125.24.0-255,409,38250,79,232756
3380,0.000396,172.31.40.0-255,66,38316,79,232756
3381,0.000597,74.125.24.0-255,1484,39800,79,232756
3382,0.000604,74.125.24.0-255,2902,42702,79,232756
3383,0.000608,172.31.40.0-255,66,42768,79,232756
3384,0.000616,74.125.24.0-255,5738,48506,79,232756
3385,0.000618,172.31.40.0-255,66,48572,79,232756
3386,0.000651,172.31.40.0-255,66,48638,79,232756
3387,0.000657,74.125.24.0-255,5738,54376,79,232756
3388,0.000659,172.31.40.0-255,66,54442,79,232756
3389,0.000684,74.125.24.0-255,5020,59462,79,232756
3390,0.000691,172.31.40.0-255,66,59528,79,232756
3391,0.001276,74.125.24.0-255,1484,61012,79,232756
3392,0.001291,74.125.24.0-255,2902,63914,79,232756
3393,0.001295,172.31.40.0-255,66,63980,79,232756
3394,0.001327,74.125.24.0-255,4320,68300,79,232756
3395,0.00133,172.31.40.0-255,66,68366,79,232756
3396,0.001341,172.31.40.0-255,66,68432,79,232756
3397,0.001365,74.125.24.0-255,5738,74170,79,232756
3398,0.001367,172.31.40.0-255,66,74236,79,232756
3399,0.001404,172.31.40.0-255,66,74302,79,232756
3400,0.001432,74.125.24.0-255,2184,76486,79,232756
3401,0.001434,172.31.40.0-255,66,76552,79,232756
3402,0.001516,74.125.24.0-255,1484,78036,79,232756
3403,0.001521,74.125.24.0-255,2902,80938,79,232756
3404,0.001524,172.31.40.0-255,66,81004,79,232756
3405,0.00156,74.125.24.0-255,5738,86742,79,232756
3406,0.001563,172.31.40.0-255,66,86808,79,232756
3407,0.00157,74.125.24.0-255,7156,93964,79,232756
3408,0.001572,172.31.40.0-255,66,94030,79,232756
3409,0.001618,172.31.40.0-255,66,94096,79,232756
3410,0.001623,74.125.24.0-255,2184,96280,79,232756
3411,0.001625,172.31.40.0-255,66,96346,79,232756
3412,0.00169,74.125.24.0-255,1484,97830,79,232756
3413,0.001705,74.125.24.0-255,2902,100732,79,232756
3414,0.001708,172.31.40.0-255,66,100798,79,232756
3415,0.001716,74.125.24.0-255,5738,106536,79,232756
3416,0.001717,172.31.40.0-255,66,106602,79,232756
3417,0.001795,172.31.40.0-255,66,106668,79,232756
3418,0.001801,74.125.24.0-255,5738,112406,79,232756
3419,0.001803,172.31.40.0-255,66,112472,79,232756
3420,0.001825,74.125.24.0-255,5020,117492,79,232756
3421,0.001831,172.31.40.0-255,66,117558,79,232756
3422,0.001866,74.125.24.0-255,4320,121878,79,232756
3423,0.001869,172.31.40.0-255,66,121944,79,232756
3424,0.001875,74.125.24.0-255,5738,127682,79,232756
3425,0.001877,172.31.40.0-255,66,127748,79,232756
3426,0.001918,172.31.40.0-255,66,127814,79,232756
3427,0.001937,172.31.40.0-255,66,127880,79,232756
3428,0.002077,74.125.24.0-255,1484,129364,79,232756
3429,0.002083,74.125.24.0-255,2902,132266,79,232756
3430,0.002086,172.31.40.0-255,66,132332,79,232756
3431,0.002092,74.125.24.0-255,4320,136652,79,232756
3432,0.002094,172.31.40.0-255,66,136718,79,232756
3433,0.002112,74.125.24.0-255,1484,138202,79,232756
3434,0.002129,74.125.24.0-255,7156,145358,79,232756
3435,0.002132,172.31.40.0-255,66,145424,79,232756
3436,0.002169,74.125.24.0-255,4320,149744,79,232756
3437,0.002171,172.31.40.0-255,66,149810,79,232756
3438,0.00219,172.31.40.0-255,66,149876,79,232756
3439,0.002213,74.125.24.0-255,1484,151360,79,232756
3440,0.002218,74.125.24.0-255,2902,154262,79,232756
3441,0.00222,172.31.40.0-255,66,154328,79,232756
3442,0.002224,74.125.24.0-255,2902,157230,79,232756
3443,0.002227,172.31.40.0-255,66,157296,79,232756
3444,0.002265,74.125.24.0-255,2902,160198,79,232756
3445,0.002267,172.31.40.0-255,66,160264,79,232756
3446,0.002287,172.31.40.0-255,66,160330,79,232756
3447,0.0023,172.31.40.0-255,66,160396,79,232756
3448,0.002378,74.125.24.0-255,1484,161880,79,232756
3449,0.002398,74.125.24.0-255,2902,164782,79,232756
3450,0.002401,172.31.40.0-255,66,164848,79,232756
3451,0.002408,74.125.24.0-255,5738,170586,79,232756
3452,0.00241,172.31.40.0-255,66,170652,79,232756
3453,0.002413,74.125.24.0-255,1484,172136,79,232756
3454,0.002437,74.125.24.0-255,2902,175038,79,232756
3455,0.002439,172.31.40.0-255,66,175104,79,232756
3456,0.002459,172.31.40.0-255,66,175170,79,232756
3457,0.002464,74.125.24.0-255,3602,178772,79,232756
3458,0.002467,172.31.40.0-255,66,178838,79,232756
3459,0.002524,74.125.24.0-255,1484,180322,79,232756
3460,0.00253,74.125.24.0-255,2902,183224,79,232756
3461,0.002533,172.31.40.0-255,66,183290,79,232756
3462,0.002536,74.125.24.0-255,1484,184774,79,232756
3463,0.002566,74.125.24.0-255,4320,189094,79,232756
3464,0.002569,172.31.40.0-255,66,189160,79,232756
3465,0.002575,74.125.24.0-255,5738,194898,79,232756
3466,0.002578,172.31.40.0-255,66,194964,79,232756
3467,0.002599,74.125.24.0-255,2902,197866,79,232756
3468,0.002605,172.31.40.0-255,66,197932,79,232756
3469,0.005196,74.125.24.0-255,5738,203670,79,232756
3470,0.005206,172.31.40.0-255,66,203736,79,232756
3471,0.007761,74.125.24.0-255,5738,209474,79,232756
3472,0.007773,172.31.40.0-255,66,209540,79,232756
3473,0.010348,74.125.24.0-255,5738,215278,79,232756
3474,0.010365,172.31.40.0-255,66,215344,79,232756
3475,0.012938,74.125.24.0-255,5738,221082,79,232756
3476,0.012947,172.31.40.0-255,66,221148,79,232756
3477,0.015529,74.125.24.0-255,5738,226886,79,232756
3478,0.015536,172.31.40.0-255,66,226952,79,232756
3479,0.018122,74.125.24.0-255,5738,232690,79,232756
3480,0.018139,172.31.40.0-255,66,232756,79,232756
3481,0.0,74.125.24.0-255,146,146,79,291364
3482,1.4e-05,172.31.40.0-255,66,212,79,291364
3483,1.9e-05,74.125.24.0-255,1484,1696,79,291364
3484,2.4e-05,172.31.40.0-255,66,1762,79,291364
3485,2.7e-05,74.125.24.0-255,1484,3246,79,291364
3486,3.6e-05,172.31.40.0-255,66,3312,79,291364
3487,6.8e-05,74.125.24.0-255,1484,4796,79,291364
3488,7.1e-05,172.31.40.0-255,66,4862,79,291364
3489,8.3e-05,74.125.24.0-255,4320,9182,79,291364
3490,8.5e-05,172.31.40.0-255,66,9248,79,291364
3491,0.000106,74.125.24.0-255,4875,14123,79,291364
3492,0.000109,172.31.40.0-255,66,14189,79,291364
3493,0.000142,74.125.24.0-255,5738,19927,79,291364
3494,0.000144,172.31.40.0-255,66,19993,79,291364
3495,0.000153,74.125.24.0-255,7156,27149,79,291364
3496,0.000155,172.31.40.0-255,66,27215,79,291364
3497,0.000198,74.125.24.0-255,3961,31176,79,291364
3498,0.000201,172.31.40.0-255,66,31242,79,291364
3499,0.000285,74.125.24.0-255,1484,32726,79,291364
3500,0.000288,172.31.40.0-255,66,32792,79,291364
3501,0.000294,74.125.24.0-255,2902,35694,79,291364
3502,0.000296,172.31.40.0-255,66,35760,79,291364
3503,0.000328,74.125.24.0-255,5738,41498,79,291364
3504,0.000331,172.31.40.0-255,66,41564,79,291364
3505,0.000335,74.125.24.0-255,2902,44466,79,291364
3506,0.000338,172.31.40.0-255,66,44532,79,291364
3507,0.000363,74.125.24.0-255,3961,48493,79,291364
3508,0.00037,172.31.40.0-255,66,48559,79,291364
3509,0.000487,74.125.24.0-255,1484,50043,79,291364
3510,0.000495,172.31.40.0-255,66,50109,79,291364
3511,0.0005,74.125.24.0-255,2902,53011,79,291364
3512,0.000503,172.31.40.0-255,66,53077,79,291364
3513,0.000514,74.125.24.0-255,5738,58815,79,291364
3514,0.000544,74.125.24.0-255,7140,65955,79,291364
3515,0.000585,172.31.40.0-255,66,66021,79,291364
3516,0.001214,74.125.24.0-255,333,66354,79,291364
3517,0.001246,74.125.24.0-255,1484,67838,79,291364
3518,0.001249,172.31.40.0-255,66,67904,79,291364
3519,0.001254,74.125.24.0-255,1484,69388,79,291364
3520,0.001278,74.125.24.0-255,1484,70872,79,291364
3521,0.001284,74.125.24.0-255,5738,76610,79,291364
3522,0.001319,74.125.24.0-255,4320,80930,79,291364
3523,0.001335,74.125.24.0-255,2543,83473,79,291364
3524,0.001411,74.125.24.0-255,1484,84957,79,291364
3525,0.001432,74.125.24.0-255,2902,87859,79,291364
3526,0.001438,74.125.24.0-255,5738,93597,79,291364
3527,0.001487,74.125.24.0-255,5738,99335,79,291364
3528,0.001503,74.125.24.0-255,1125,100460,79,291364
3529,0.001635,74.125.24.0-255,1484,101944,79,291364
3530,0.001652,74.125.24.0-255,2902,104846,79,291364
3531,0.001668,74.125.24.0-255,5738,110584,79,291364
3532,0.001692,74.125.24.0-255,4320,114904,79,291364
3533,0.001757,74.125.24.0-255,2184,117088,79,291364
3534,0.001799,74.125.24.0-255,1484,118572,79,291364
3535,0.001815,74.125.24.0-255,2902,121474,79,291364
3536,0.001819,74.125.24.0-255,2902,124376,79,291364
3537,0.001832,74.125.24.0-255,2902,127278,79,291364
3538,0.001843,74.125.24.0-255,2902,130180,79,291364
3539,0.001904,74.125.24.0-255,2184,132364,79,291364
3540,0.00192,74.125.24.0-255,1484,133848,79,291364
3541,0.001932,74.125.24.0-255,1484,135332,79,291364
3542,0.001941,74.125.24.0-255,1484,136816,79,291364
3543,0.001957,74.125.24.0-255,5738,142554,79,291364
3544,0.001964,74.125.24.0-255,7156,149710,79,291364
3545,0.001987,74.125.24.0-255,1484,151194,79,291364
3546,0.002019,74.125.24.0-255,766,151960,79,291364
3547,0.002054,74.125.24.0-255,1484,153444,79,291364
3548,0.002069,74.125.24.0-255,1484,154928,79,291364
3549,0.002085,74.125.24.0-255,1484,156412,79,291364
3550,0.002091,74.125.24.0-255,5738,162150,79,291364
3551,0.002115,74.125.24.0-255,7156,169306,79,291364
3552,0.002131,74.125.24.0-255,5738,175044,79,291364
3553,0.002133,74.125.24.0-255,1484,176528,79,291364
3554,0.002151,74.125.24.0-255,4320,180848,79,291364
3555,0.002168,74.125.24.0-255,2902,183750,79,291364
3556,0.00217,74.125.24.0-255,1484,185234,79,291364
3557,0.002172,74.125.24.0-255,766,186000,79,291364
3558,0.004838,74.125.24.0-255,1484,187484,79,291364
3559,0.004853,74.125.24.0-255,2902,190386,79,291364
3560,0.004875,74.125.24.0-255,5738,196124,79,291364
3561,0.004887,74.125.24.0-255,1484,197608,79,291364
3562,0.004919,74.125.24.0-255,7156,204764,79,291364
3563,0.004937,74.125.24.0-255,2902,207666,79,291364
3564,0.00494,74.125.24.0-255,766,208432,79,291364
3565,0.005032,74.125.24.0-255,1484,209916,79,291364
3566,0.005067,74.125.24.0-255,1484,211400,79,291364
3567,0.005087,74.125.24.0-255,2902,214302,79,291364
3568,0.005111,74.125.24.0-255,5738,220040,79,291364
3569,0.005118,74.125.24.0-255,5738,225778,79,291364
3570,0.005129,74.125.24.0-255,1484,227262,79,291364
3571,0.00523,74.125.24.0-255,4320,231582,79,291364
3572,0.005248,74.125.24.0-255,5738,237320,79,291364
3573,0.005266,74.125.24.0-255,3602,240922,79,291364
3574,0.005306,74.125.24.0-255,2902,243824,79,291364
3575,0.005317,74.125.24.0-255,1484,245308,79,291364
3576,0.005337,74.125.24.0-255,5738,251046,79,291364
3577,0.00537,74.125.24.0-255,5738,256784,79,291364
3578,0.005393,74.125.24.0-255,5738,262522,79,291364
3579,0.005398,74.125.24.0-255,2902,265424,79,291364
3580,0.005423,74.125.24.0-255,2902,268326,79,291364
3581,0.005441,74.125.24.0-255,6438,274764,79,291364
3582,0.005583,172.31.40.0-255,66,274830,79,291364
3583,0.005773,74.125.24.0-255,1484,276314,79,291364
3584,0.005787,74.125.24.0-255,2902,279216,79,291364
3585,0.00579,74.125.24.0-255,1484,280700,79,291364
3586,0.005808,74.125.24.0-255,4320,285020,79,291364
3587,0.005825,172.31.40.0-255,66,285086,79,291364
3588,0.00585,172.31.40.0-255,66,285152,79,291364
3589,0.005856,74.125.24.0-255,2902,288054,79,291364
3590,0.005896,74.125.24.0-255,2902,290956,79,291364
3591,0.005906,172.31.40.0-255,66,291022,79,291364
3592,0.005934,74.125.24.0-255,105,291127,79,291364
3593,0.005947,172.31.40.0-255,66,291193,79,291364
3594,0.008418,172.31.40.0-255,105,291298,79,291364
3595,0.010393,74.125.24.0-255,66,291364,79,291364
3596,0.0,74.125.130.0-255,147,147,79,183506
3597,2.4e-05,172.31.40.0-255,66,213,79,183506
3598,3.2e-05,74.125.130.0-255,1484,1697,79,183506
3599,3.6e-05,172.31.40.0-255,66,1763,79,183506
3600,4e-05,74.125.130.0-255,2902,4665,79,183506
3601,4.3e-05,172.31.40.0-255,66,4731,79,183506
3602,5.8e-05,74.125.130.0-255,7156,11887,79,183506
3603,6.1e-05,172.31.40.0-255,66,11953,79,183506
3604,6.4e-05,74.125.130.0-255,2034,13987,79,183506
3605,6.7e-05,172.31.40.0-255,66,14053,79,183506
3606,0.000133,74.125.130.0-255,1484,15537,79,183506
3607,0.000136,172.31.40.0-255,66,15603,79,183506
3608,0.000142,74.125.130.0-255,2902,18505,79,183506
3609,0.000144,172.31.40.0-255,66,18571,79,183506
3610,0.000175,74.125.130.0-255,4320,22891,79,183506
3611,0.000178,172.31.40.0-255,66,22957,79,183506
3612,0.000202,74.125.130.0-255,2902,25859,79,183506
3613,0.000205,172.31.40.0-255,66,25925,79,183506
3614,0.000238,74.125.130.0-255,5379,31304,79,183506
3615,0.000242,172.31.40.0-255,66,31370,79,183506
3616,0.000263,74.125.130.0-255,1484,32854,79,183506
3617,0.000266,172.31.40.0-255,66,32920,79,183506
3618,0.000286,74.125.130.0-255,2902,35822,79,183506
3619,0.00029,172.31.40.0-255,66,35888,79,183506
3620,0.000297,74.125.130.0-255,5738,41626,79,183506
3621,0.000299,172.31.40.0-255,66,41692,79,183506
3622,0.000304,74.125.130.0-255,4320,46012,79,183506
3623,0.000307,172.31.40.0-255,66,46078,79,183506
3624,0.000332,74.125.130.0-255,1484,47562,79,183506
3625,0.00034,172.31.40.0-255,66,47628,79,183506
3626,0.000344,74.125.130.0-255,1125,48753,79,183506
3627,0.000346,172.31.40.0-255,66,48819,79,183506
3628,0.000391,74.125.130.0-255,1484,50303,79,183506
3629,0.000405,74.125.130.0-255,2902,53205,79,183506
3630,0.000408,172.31.40.0-255,66,53271,79,183506
3631,0.000417,74.125.130.0-255,5738,59009,79,183506
3632,0.00042,172.31.40.0-255,66,59075,79,183506
3633,0.000464,74.125.130.0-255,7098,66173,79,183506
3634,0.00047,172.31.40.0-255,66,66239,79,183506
3635,0.000499,74.125.130.0-255,376,66615,79,183506
3636,0.000706,74.125.130.0-255,1484,68099,79,183506
3637,0.000711,172.31.40.0-255,66,68165,79,183506
3638,0.000716,74.125.130.0-255,2902,71067,79,183506
3639,0.000719,172.31.40.0-255,66,71133,79,183506
3640,0.000747,74.125.130.0-255,5738,76871,79,183506
3641,0.00075,172.31.40.0-255,66,76937,79,183506
3642,0.000754,74.125.130.0-255,2902,79839,79,183506
3643,0.000757,172.31.40.0-255,66,79905,79,183506
3644,0.000798,172.31.40.0-255,66,79971,79,183506
3645,0.000816,172.31.40.0-255,66,80037,79,183506
3646,0.00082,74.125.130.0-255,1125,81162,79,183506
3647,0.001078,172.31.40.0-255,66,81228,79,183506
3648,0.001929,74.125.130.0-255,1484,82712,79,183506
3649,0.001941,74.125.130.0-255,2902,85614,79,183506
3650,0.001945,172.31.40.0-255,66,85680,79,183506
3651,0.001953,74.125.130.0-255,5738,91418,79,183506
3652,0.001954,172.31.40.0-255,66,91484,79,183506
3653,0.001991,172.31.40.0-255,66,91550,79,183506
3654,0.002028,74.125.130.0-255,7156,98706,79,183506
3655,0.00203,172.31.40.0-255,66,98772,79,183506
3656,0.002058,74.125.130.0-255,3602,102374,79,183506
3657,0.002061,172.31.40.0-255,66,102440,79,183506
3658,0.002326,74.125.130.0-255,1484,103924,79,183506
3659,0.002346,74.125.130.0-255,2902,106826,79,183506
3660,0.002348,172.31.40.0-255,66,106892,79,183506
3661,0.002351,74.125.130.0-255,1484,108376,79,183506
3662,0.002376,74.125.130.0-255,4320,112696,79,183506
3663,0.002377,172.31.40.0-255,66,112762,79,183506
3664,0.002384,74.125.130.0-255,5738,118500,79,183506
3665,0.002386,172.31.40.0-255,66,118566,79,183506
3666,0.002397,74.125.130.0-255,7156,125722,79,183506
3667,0.002399,172.31.40.0-255,66,125788,79,183506
3668,0.002463,172.31.40.0-255,66,125854,79,183506
3669,0.002496,74.125.130.0-255,1484,127338,79,183506
3670,0.002513,74.125.130.0-255,2902,130240,79,183506
3671,0.002517,172.31.40.0-255,66,130306,79,183506
3672,0.002523,74.125.130.0-255,5738,136044,79,183506
3673,0.002525,172.31.40.0-255,66,136110,79,183506
3674,0.002527,74.125.130.0-255,1484,137594,79,183506
3675,0.002558,74.125.130.0-255,2902,140496,79,183506
3676,0.002561,172.31.40.0-255,66,140562,79,183506
3677,0.002567,74.125.130.0-255,5738,146300,79,183506
3678,0.002569,172.31.40.0-255,66,146366,79,183506
3679,0.002585,172.31.40.0-255,66,146432,79,183506
3680,0.002589,74.125.130.0-255,2184,148616,79,183506
3681,0.002591,172.31.40.0-255,66,148682,79,183506
3682,0.005154,74.125.130.0-255,5738,154420,79,183506
3683,0.005161,172.31.40.0-255,66,154486,79,183506
3684,0.007745,74.125.130.0-255,5738,160224,79,183506
3685,0.007752,172.31.40.0-255,66,160290,79,183506
3686,0.010329,74.125.130.0-255,5738,166028,79,183506
3687,0.010337,172.31.40.0-255,66,166094,79,183506
3688,0.012909,74.125.130.0-255,5738,171832,79,183506
3689,0.012917,172.31.40.0-255,66,171898,79,183506
3690,0.015497,74.125.130.0-255,5738,177636,79,183506
3691,0.015513,172.31.40.0-255,66,177702,79,183506
3692,0.018107,74.125.130.0-255,5738,183440,79,183506
3693,0.018124,172.31.40.0-255,66,183506,79,183506
3694,0.0,74.125.130.0-255,288,288,79,227414
3695,2.3e-05,172.31.40.0-255,66,354,79,227414
3696,2.9e-05,74.125.130.0-255,1484,1838,79,227414
3697,3.3e-05,172.31.40.0-255,66,1904,79,227414
3698,3.5e-05,74.125.130.0-255,1484,3388,79,227414
3699,3.8e-05,172.31.40.0-255,66,3454,79,227414
3700,5.1e-05,74.125.130.0-255,2902,6356,79,227414
3701,5.3e-05,172.31.40.0-255,66,6422,79,227414
3702,6e-05,74.125.130.0-255,5738,12160,79,227414
3703,6.2e-05,172.31.40.0-255,66,12226,79,227414
3704,6.6e-05,74.125.130.0-255,1830,14056,79,227414
3705,6.8e-05,172.31.40.0-255,66,14122,79,227414
3706,0.000249,74.125.130.0-255,1484,15606,79,227414
3707,0.000255,172.31.40.0-255,66,15672,79,227414
3708,0.000282,74.125.130.0-255,1484,17156,79,227414
3709,0.000285,172.31.40.0-255,66,17222,79,227414
3710,0.00029,74.125.130.0-255,2902,20124,79,227414
3711,0.000292,172.31.40.0-255,66,20190,79,227414
3712,0.000327,74.125.130.0-255,4320,24510,79,227414
3713,0.000329,172.31.40.0-255,66,24576,79,227414
3714,0.000358,74.125.130.0-255,5738,30314,79,227414
3715,0.000361,172.31.40.0-255,66,30380,79,227414
3716,0.000364,74.125.130.0-255,1125,31505,79,227414
3717,0.000365,172.31.40.0-255,66,31571,79,227414
3718,0.000562,74.125.130.0-255,1484,33055,79,227414
3719,0.000566,172.31.40.0-255,66,33121,79,227414
3720,0.000593,74.125.130.0-255,2902,36023,79,227414
3721,0.000596,172.31.40.0-255,66,36089,79,227414
3722,0.000609,74.125.130.0-255,4320,40409,79,227414
3723,0.000615,172.31.40.0-255,66,40475,79,227414
3724,0.000624,74.125.130.0-255,1484,41959,79,227414
3725,0.000626,74.125.130.0-255,1484,43443,79,227414
3726,0.000633,172.31.40.0-255,66,43509,79,227414
3727,0.000643,74.125.130.0-255,2902,46411,79,227414
3728,0.000648,172.31.40.0-255,66,46477,79,227414
3729,0.000687,74.125.130.0-255,3961,50438,79,227414
3730,0.000691,172.31.40.0-255,66,50504,79,227414
3731,0.000695,74.125.130.0-255,4320,54824,79,227414
3732,0.000697,172.31.40.0-255,66,54890,79,227414
3733,0.000724,74.125.130.0-255,4320,59210,79,227414
3734,0.000729,172.31.40.0-255,66,59276,79,227414
3735,0.000738,74.125.130.0-255,1484,60760,79,227414
3736,0.000771,74.125.130.0-255,1484,62244,79,227414
3737,0.000773,172.31.40.0-255,66,62310,79,227414
3738,0.000786,74.125.130.0-255,4251,66561,79,227414
3739,0.000795,172.31.40.0-255,66,66627,79,227414
3740,0.000817,74.125.130.0-255,364,66991,79,227414
3741,0.000925,74.125.130.0-255,1484,68475,79,227414
3742,0.000929,172.31.40.0-255,66,68541,79,227414
3743,0.000932,74.125.130.0-255,1484,70025,79,227414
3744,0.000954,74.125.130.0-255,1484,71509,79,227414
3745,0.000957,172.31.40.0-255,66,71575,79,227414
3746,0.000994,74.125.130.0-255,4320,75895,79,227414
3747,0.000996,172.31.40.0-255,66,75961,79,227414
3748,0.001006,74.125.130.0-255,1484,77445,79,227414
3749,0.001015,74.125.130.0-255,4320,81765,79,227414
3750,0.001017,172.31.40.0-255,66,81831,79,227414
3751,0.001023,74.125.130.0-255,5379,87210,79,227414
3752,0.001026,172.31.40.0-255,66,87276,79,227414
3753,0.001032,74.125.130.0-255,7156,94432,79,227414
3754,0.001034,172.31.40.0-255,66,94498,79,227414
3755,0.001081,74.125.130.0-255,5738,100236,79,227414
3756,0.001084,172.31.40.0-255,66,100302,79,227414
3757,0.001108,74.125.130.0-255,1125,101427,79,227414
3758,0.001488,172.31.40.0-255,66,101493,79,227414
3759,0.001642,74.125.130.0-255,1484,102977,79,227414
3760,0.001651,74.125.130.0-255,2902,105879,79,227414
3761,0.001654,172.31.40.0-255,66,105945,79,227414
3762,0.001679,74.125.130.0-255,5738,111683,79,227414
3763,0.001682,172.31.40.0-255,66,111749,79,227414
3764,0.001687,74.125.130.0-255,4320,116069,79,227414
3765,0.001689,172.31.40.0-255,66,116135,79,227414
3766,0.00174,74.125.130.0-255,1877,118012,79,227414
3767,0.001744,172.31.40.0-255,66,118078,79,227414
3768,0.002032,74.125.130.0-255,1484,119562,79,227414
3769,0.002056,74.125.130.0-255,2902,122464,79,227414
3770,0.00206,172.31.40.0-255,66,122530,79,227414
3771,0.002088,74.125.130.0-255,5738,128268,79,227414
3772,0.00209,172.31.40.0-255,66,128334,79,227414
3773,0.002114,74.125.130.0-255,1484,129818,79,227414
3774,0.002146,74.125.130.0-255,2902,132720,79,227414
3775,0.002149,172.31.40.0-255,66,132786,79,227414
3776,0.00217,74.125.130.0-255,3240,136026,79,227414
3777,0.002172,172.31.40.0-255,66,136092,79,227414
3778,0.002196,74.125.130.0-255,2902,138994,79,227414
3779,0.002198,172.31.40.0-255,66,139060,79,227414
3780,0.002202,74.125.130.0-255,2902,141962,79,227414
3781,0.002204,172.31.40.0-255,66,142028,79,227414
3782,0.002224,74.125.130.0-255,1484,143512,79,227414
3783,0.002264,172.31.40.0-255,66,143578,79,227414
3784,0.002268,74.125.130.0-255,2902,146480,79,227414
3785,0.00227,172.31.40.0-255,66,146546,79,227414
3786,0.002276,74.125.130.0-255,5738,152284,79,227414
3787,0.002278,172.31.40.0-255,66,152350,79,227414
3788,0.002313,74.125.130.0-255,7156,159506,79,227414
3789,0.002316,172.31.40.0-255,66,159572,79,227414
3790,0.00232,74.125.130.0-255,2184,161756,79,227414
3791,0.002324,172.31.40.0-255,66,161822,79,227414
3792,0.00243,74.125.130.0-255,1484,163306,79,227414
3793,0.002435,74.125.130.0-255,1484,164790,79,227414
3794,0.002438,172.31.40.0-255,66,164856,79,227414
3795,0.002464,74.125.130.0-255,1484,166340,79,227414
3796,0.002469,74.125.130.0-255,4320,170660,79,227414
3797,0.002471,172.31.40.0-255,66,170726,79,227414
3798,0.002475,74.125.130.0-255,2902,173628,79,227414
3799,0.002477,172.31.40.0-255,66,173694,79,227414
3800,0.002515,74.125.130.0-255,5738,179432,79,227414
3801,0.002518,172.31.40.0-255,66,179498,79,227414
3802,0.002524,74.125.130.0-255,5738,185236,79,227414
3803,0.002526,172.31.40.0-255,66,185302,79,227414
3804,0.002532,74.125.130.0-255,7156,192458,79,227414
3805,0.002535,172.31.40.0-255,66,192524,79,227414
3806,0.002537,74.125.130.0-255,1484,194008,79,227414
3807,0.005018,74.125.130.0-255,4320,198328,79,227414
3808,0.005023,172.31.40.0-255,66,198394,79,227414
3809,0.007536,74.125.130.0-255,5738,204132,79,227414
3810,0.007542,172.31.40.0-255,66,204198,79,227414
3811,0.010047,74.125.130.0-255,5738,209936,79,227414
3812,0.010054,172.31.40.0-255,66,210002,79,227414
3813,0.012553,74.125.130.0-255,5738,215740,79,227414
3814,0.012561,172.31.40.0-255,66,215806,79,227414
3815,0.015073,74.125.130.0-255,5738,221544,79,227414
3816,0.015084,172.31.40.0-255,66,221610,79,227414
3817,0.017588,74.125.130.0-255,5738,227348,79,227414
3818,0.017597,172.31.40.0-255,66,227414,79,227414
3819,0.0,172.31.40.0-255,66,66,79,66
3820,0.0,172.31.40.0-255,105,105,79,459
3821,0.00017,172.31.40.0-255,90,195,79,459
3822,0.000178,172.31.40.0-255,66,261,79,459
3823,0.002407,74.125.68.0-255,66,327,79,459
3824,0.002434,74.125.68.0-255,66,393,79,459
3825,0.002453,172.31.40.0-255,66,459,79,459
3826,0.0,172.217.194.0-255,150,150,79,242929
3827,1.8e-05,172.31.40.0-255,66,216,79,242929
3828,2.4e-05,172.217.194.0-255,1484,1700,79,242929
3829,2.8e-05,172.31.40.0-255,66,1766,79,242929
3830,4.4e-05,172.217.194.0-255,2902,4668,79,242929
3831,4.6e-05,172.31.40.0-255,66,4734,79,242929
3832,4.9e-05,172.217.194.0-255,1484,6218,79,242929
3833,5.2e-05,172.31.40.0-255,66,6284,79,242929
3834,7.2e-05,172.217.194.0-255,5738,12022,79,242929
3835,7.5e-05,172.31.40.0-255,66,12088,79,242929
3836,7.7e-05,172.217.194.0-255,1484,13572,79,242929
3837,7.9e-05,172.31.40.0-255,66,13638,79,242929
3838,0.000106,172.31.40.0-255,66,13704,79,242929
3839,0.000148,172.31.40.0-255,66,13770,79,242929
3840,0.000205,172.217.194.0-255,1484,15254,79,242929
3841,0.000208,172.31.40.0-255,66,15320,79,242929
3842,0.000212,172.217.194.0-255,2902,18222,79,242929
3843,0.000215,172.31.40.0-255,66,18288,79,242929
3844,0.000217,172.217.194.0-255,1484,19772,79,242929
3845,0.000219,172.31.40.0-255,66,19838,79,242929
3846,0.000246,172.217.194.0-255,4320,24158,79,242929
3847,0.000248,172.31.40.0-255,66,24224,79,242929
3848,0.000251,172.217.194.0-255,1484,25708,79,242929
3849,0.000252,172.31.40.0-255,66,25774,79,242929
3850,0.000282,172.217.194.0-255,2902,28676,79,242929
3851,0.000285,172.31.40.0-255,66,28742,79,242929
3852,0.000304,172.217.194.0-255,2543,31285,79,242929
3853,0.000305,172.31.40.0-255,66,31351,79,242929
3854,0.000567,172.217.194.0-255,1484,32835,79,242929
3855,0.000571,172.31.40.0-255,66,32901,79,242929
3856,0.000577,172.217.194.0-255,2902,35803,79,242929
3857,0.000579,172.31.40.0-255,66,35869,79,242929
3858,0.000608,172.217.194.0-255,5738,41607,79,242929
3859,0.00061,172.31.40.0-255,66,41673,79,242929
3860,0.000644,172.217.194.0-255,4320,45993,79,242929
3861,0.000647,172.31.40.0-255,66,46059,79,242929
3862,0.000669,172.217.194.0-255,3122,49181,79,242929
3863,0.000671,172.31.40.0-255,66,49247,79,242929
3864,0.000754,172.217.194.0-255,1484,50731,79,242929
3865,0.00076,172.217.194.0-255,2902,53633,79,242929
3866,0.000763,172.31.40.0-255,66,53699,79,242929
3867,0.000765,172.217.194.0-255,1484,55183,79,242929
3868,0.000783,172.217.194.0-255,2902,58085,79,242929
3869,0.000786,172.31.40.0-255,66,58151,79,242929
3870,0.000831,172.217.194.0-255,4320,62471,79,242929
3871,0.000835,172.31.40.0-255,66,62537,79,242929
3872,0.000855,172.217.194.0-255,3961,66498,79,242929
3873,0.000857,172.31.40.0-255,66,66564,79,242929
3874,0.000939,172.217.194.0-255,1484,68048,79,242929
3875,0.000957,172.217.194.0-255,2902,70950,79,242929
3876,0.00096,172.31.40.0-255,66,71016,79,242929
3877,0.000964,172.217.194.0-255,1484,72500,79,242929
3878,0.000985,172.217.194.0-255,4320,76820,79,242929
3879,0.000987,172.31.40.0-255,66,76886,79,242929
3880,0.000991,172.217.194.0-255,2902,79788,79,242929
3881,0.000993,172.31.40.0-255,66,79854,79,242929
3882,0.001009,172.217.194.0-255,3961,83815,79,242929
3883,0.001011,172.31.40.0-255,66,83881,79,242929
3884,0.001286,172.217.194.0-255,1484,85365,79,242929
3885,0.00129,172.217.194.0-255,1484,86849,79,242929
3886,0.001292,172.31.40.0-255,66,86915,79,242929
3887,0.001309,172.217.194.0-255,1484,88399,79,242929
3888,0.001315,172.217.194.0-255,5738,94137,79,242929
3889,0.001319,172.31.40.0-255,66,94203,79,242929
3890,0.001346,172.217.194.0-255,4320,98523,79,242929
3891,0.001349,172.31.40.0-255,66,98589,79,242929
3892,0.001389,172.31.40.0-255,66,98655,79,242929
3893,0.001392,172.217.194.0-255,1484,100139,79,242929
3894,0.001411,172.217.194.0-255,5738,105877,79,242929
3895,0.001413,172.31.40.0-255,66,105943,79,242929
3896,0.001431,172.217.194.0-255,3602,109545,79,242929
3897,0.001433,172.31.40.0-255,66,109611,79,242929
3898,0.001458,172.217.194.0-255,1484,111095,79,242929
3899,0.001469,172.217.194.0-255,2902,113997,79,242929
3900,0.001471,172.31.40.0-255,66,114063,79,242929
3901,0.001474,172.217.194.0-255,1484,115547,79,242929
3902,0.001493,172.217.194.0-255,4320,119867,79,242929
3903,0.001495,172.31.40.0-255,66,119933,79,242929
3904,0.001497,172.217.194.0-255,1484,121417,79,242929
3905,0.001524,172.31.40.0-255,66,121483,79,242929
3906,0.001555,172.217.194.0-255,5738,127221,79,242929
3907,0.001558,172.31.40.0-255,66,127287,79,242929
3908,0.001581,172.217.194.0-255,5020,132307,79,242929
3909,0.001584,172.31.40.0-255,66,132373,79,242929
3910,0.001802,172.217.194.0-255,1484,133857,79,242929
3911,0.001832,172.217.194.0-255,2902,136759,79,242929
3912,0.001837,172.31.40.0-255,66,136825,79,242929
3913,0.001845,172.217.194.0-255,5738,142563,79,242929
3914,0.001847,172.31.40.0-255,66,142629,79,242929
3915,0.001862,172.217.194.0-255,1484,144113,79,242929
3916,0.001891,172.31.40.0-255,66,144179,79,242929
3917,0.001908,172.217.194.0-255,2902,147081,79,242929
3918,0.00191,172.31.40.0-255,66,147147,79,242929
3919,0.001913,172.217.194.0-255,1484,148631,79,242929
3920,0.00194,172.31.40.0-255,66,148697,79,242929
3921,0.001987,172.217.194.0-255,1484,150181,79,242929
3922,0.001992,172.217.194.0-255,2902,153083,79,242929
3923,0.001996,172.31.40.0-255,66,153149,79,242929
3924,0.001999,172.217.194.0-255,1484,154633,79,242929
3925,0.002016,172.217.194.0-255,4320,158953,79,242929
3926,0.002019,172.31.40.0-255,66,159019,79,242929
3927,0.002022,172.217.194.0-255,1484,160503,79,242929
3928,0.002027,172.217.194.0-255,2902,163405,79,242929
3929,0.00203,172.31.40.0-255,66,163471,79,242929
3930,0.002056,172.217.194.0-255,5738,169209,79,242929
3931,0.002059,172.31.40.0-255,66,169275,79,242929
3932,0.002096,172.31.40.0-255,66,169341,79,242929
3933,0.002146,172.217.194.0-255,1484,170825,79,242929
3934,0.002151,172.217.194.0-255,2902,173727,79,242929
3935,0.002153,172.31.40.0-255,66,173793,79,242929
3936,0.002159,172.217.194.0-255,5738,179531,79,242929
3937,0.002162,172.31.40.0-255,66,179597,79,242929
3938,0.002181,172.31.40.0-255,66,179663,79,242929
3939,0.002192,172.31.40.0-255,66,179729,79,242929
3940,0.002211,172.217.194.0-255,1484,181213,79,242929
3941,0.002214,172.217.194.0-255,766,181979,79,242929
3942,0.002216,172.31.40.0-255,66,182045,79,242929
3943,0.002233,172.217.194.0-255,1484,183529,79,242929
3944,0.002244,172.217.194.0-255,1484,185013,79,242929
3945,0.002247,172.31.40.0-255,66,185079,79,242929
3946,0.002269,172.217.194.0-255,2902,187981,79,242929
3947,0.002272,172.31.40.0-255,66,188047,79,242929
3948,0.002284,172.31.40.0-255,66,188113,79,242929
3949,0.002291,172.217.194.0-255,7156,195269,79,242929
3950,0.002293,172.31.40.0-255,66,195335,79,242929
3951,0.002309,172.217.194.0-255,1484,196819,79,242929
3952,0.002312,172.217.194.0-255,1484,198303,79,242929
3953,0.002314,172.31.40.0-255,66,198369,79,242929
3954,0.002351,172.31.40.0-255,66,198435,79,242929
3955,0.002365,172.217.194.0-255,3602,202037,79,242929
3956,0.002367,172.31.40.0-255,66,202103,79,242929
3957,0.004622,172.217.194.0-255,1484,203587,79,242929
3958,0.004646,172.217.194.0-255,1484,205071,79,242929
3959,0.00465,172.31.40.0-255,66,205137,79,242929
3960,0.004663,172.217.194.0-255,2902,208039,79,242929
3961,0.004666,172.31.40.0-255,66,208105,79,242929
3962,0.006947,172.217.194.0-255,5738,213843,79,242929
3963,0.006958,172.31.40.0-255,66,213909,79,242929
3964,0.009262,172.217.194.0-255,5738,219647,79,242929
3965,0.009268,172.31.40.0-255,66,219713,79,242929
3966,0.011536,172.217.194.0-255,5738,225451,79,242929
3967,0.011543,172.31.40.0-255,66,225517,79,242929
3968,0.013831,172.217.194.0-255,5738,231255,79,242929
3969,0.01384,172.31.40.0-255,66,231321,79,242929
3970,0.016133,172.217.194.0-255,5738,237059,79,242929
3971,0.016141,172.31.40.0-255,66,237125,79,242929
3972,0.018423,172.217.194.0-255,5738,242863,79,242929
3973,0.018428,172.31.40.0-255,66,242929,79,242929
3974,0.0,74.125.68.0-255,297,297,79,134564
3975,2.3e-05,172.31.40.0-255,66,363,79,134564
3976,3.1e-05,74.125.68.0-255,1484,1847,79,134564
3977,3.7e-05,172.31.40.0-255,66,1913,79,134564
3978,4.3e-05,74.125.68.0-255,2902,4815,79,134564
3979,4.7e-05,172.31.40.0-255,66,4881,79,134564
3980,5.3e-05,74.125.68.0-255,5738,10619,79,134564
3981,5.6e-05,172.31.40.0-255,66,10685,79,134564
3982,5.9e-05,74.125.68.0-255,1484,12169,79,134564
3983,6.1e-05,172.31.40.0-255,66,12235,79,134564
3984,0.000119,172.31.40.0-255,66,12301,79,134564
3985,0.000136,74.125.68.0-255,2902,15203,79,134564
3986,0.000139,172.31.40.0-255,66,15269,79,134564
3987,0.000156,74.125.68.0-255,6797,22066,79,134564
3988,0.000159,172.31.40.0-255,66,22132,79,134564
3989,0.000269,74.125.68.0-255,1484,23616,79,134564
3990,0.000272,172.31.40.0-255,66,23682,79,134564
3991,0.00029,74.125.68.0-255,1484,25166,79,134564
3992,0.000293,172.31.40.0-255,66,25232,79,134564
3993,0.000307,74.125.68.0-255,1484,26716,79,134564
3994,0.00031,172.31.40.0-255,66,26782,79,134564
3995,0.000336,74.125.68.0-255,4320,31102,79,134564
3996,0.000339,172.31.40.0-255,66,31168,79,134564
3997,0.000357,74.125.68.0-255,4320,35488,79,134564
3998,0.000359,172.31.40.0-255,66,35554,79,134564
3999,0.000381,74.125.68.0-255,3961,39515,79,134564
4000,0.000384,172.31.40.0-255,66,39581,79,134564
4001,0.000391,74.125.68.0-255,7156,46737,79,134564
4002,0.000393,172.31.40.0-255,66,46803,79,134564
4003,0.000405,74.125.68.0-255,1484,48287,79,134564
4004,0.000407,172.31.40.0-255,66,48353,79,134564
4005,0.000415,74.125.68.0-255,7156,55509,79,134564
4006,0.000417,172.31.40.0-255,66,55575,79,134564
4007,0.000434,74.125.68.0-255,1436,57011,79,134564
4008,0.000446,74.125.68.0-255,112,57123,79,134564
4009,0.00056,74.125.68.0-255,1484,58607,79,134564
4010,0.000565,172.31.40.0-255,66,58673,79,134564
4011,0.000571,74.125.68.0-255,2902,61575,79,134564
4012,0.000573,172.31.40.0-255,66,61641,79,134564
4013,0.000588,74.125.68.0-255,4320,65961,79,134564
4014,0.00059,172.31.40.0-255,66,66027,79,134564
4015,0.000615,74.125.68.0-255,1484,67511,79,134564
4016,0.000622,74.125.68.0-255,5738,73249,79,134564
4017,0.000624,172.31.40.0-255,66,73315,79,134564
4018,0.00063,74.125.68.0-255,5738,79053,79,134564
4019,0.000632,172.31.40.0-255,66,79119,79,134564
4020,0.000642,74.125.68.0-255,1484,80603,79,134564
4021,0.000653,74.125.68.0-255,1484,82087,79,134564
4022,0.000655,172.31.40.0-255,66,82153,79,134564
4023,0.000678,74.125.68.0-255,4320,86473,79,134564
4024,0.000681,172.31.40.0-255,66,86539,79,134564
4025,0.000708,74.125.68.0-255,2902,89441,79,134564
4026,0.00071,172.31.40.0-255,66,89507,79,134564
4027,0.00073,74.125.68.0-255,2184,91691,79,134564
4028,0.000733,172.31.40.0-255,66,91757,79,134564
4029,0.00261,74.125.68.0-255,1484,93241,79,134564
4030,0.00262,74.125.68.0-255,2902,96143,79,134564
4031,0.002624,172.31.40.0-255,66,96209,79,134564
4032,0.002641,74.125.68.0-255,1484,97693,79,134564
4033,0.002644,74.125.68.0-255,1484,99177,79,134564
4034,0.002646,172.31.40.0-255,66,99243,79,134564
4035,0.002665,74.125.68.0-255,1484,100727,79,134564
4036,0.005259,74.125.68.0-255,1484,102211,79,134564
4037,0.005264,172.31.40.0-255,66,102277,79,134564
4038,0.005301,74.125.68.0-255,2902,105179,79,134564
4039,0.005303,172.31.40.0-255,66,105245,79,134564
4040,0.006133,172.31.40.0-255,101,105346,79,134564
4041,0.007905,74.125.68.0-255,2902,108248,79,134564
4042,0.007911,172.31.40.0-255,66,108314,79,134564
4043,0.007929,74.125.68.0-255,2902,111216,79,134564
4044,0.007932,172.31.40.0-255,66,111282,79,134564
4045,0.00873,74.125.68.0-255,66,111348,79,134564
4046,0.010552,74.125.68.0-255,5738,117086,79,134564
4047,0.010559,172.31.40.0-255,66,117152,79,134564
4048,0.013216,74.125.68.0-255,5738,122890,79,134564
4049,0.013227,172.31.40.0-255,66,122956,79,134564
4050,0.015864,74.125.68.0-255,5738,128694,79,134564
4051,0.015871,172.31.40.0-255,66,128760,79,134564
4052,0.01852,74.125.68.0-255,5738,134498,79,134564
4053,0.01853,172.31.40.0-255,66,134564,79,134564
4054,0.0,74.125.24.0-255,153,153,79,154633
4055,1.6e-05,172.31.40.0-255,66,219,79,154633
4056,2.4e-05,74.125.24.0-255,1484,1703,79,154633
4057,2.9e-05,172.31.40.0-255,66,1769,79,154633
4058,3.4e-05,74.125.24.0-255,2902,4671,79,154633
4059,3.7e-05,172.31.40.0-255,66,4737,79,154633
4060,7.5e-05,74.125.24.0-255,7156,11893,79,154633
4061,8e-05,172.31.40.0-255,66,11959,79,154633
4062,8.4e-05,74.125.24.0-255,2015,13974,79,154633
4063,8.6e-05,172.31.40.0-255,66,14040,79,154633
4064,9.1e-05,74.125.24.0-255,2902,16942,79,154633
4065,9.3e-05,172.31.40.0-255,66,17008,79,154633
4066,0.000101,74.125.24.0-255,7156,24164,79,154633
4067,0.000104,172.31.40.0-255,66,24230,79,154633
4068,0.00013,74.125.24.0-255,6797,31027,79,154633
4069,0.000133,172.31.40.0-255,66,31093,79,154633
4070,0.000573,74.125.24.0-255,1484,32577,79,154633
4071,0.000579,172.31.40.0-255,66,32643,79,154633
4072,0.000596,74.125.24.0-255,2902,35545,79,154633
4073,0.000599,172.31.40.0-255,66,35611,79,154633
4074,0.000618,74.125.24.0-255,1484,37095,79,154633
4075,0.000621,172.31.40.0-255,66,37161,79,154633
4076,0.000646,74.125.24.0-255,1484,38645,79,154633
4077,0.00065,172.31.40.0-255,66,38711,79,154633
4078,0.000656,74.125.24.0-255,4320,43031,79,154633
4079,0.000659,172.31.40.0-255,66,43097,79,154633
4080,0.000664,74.125.24.0-255,4320,47417,79,154633
4081,0.000666,172.31.40.0-255,66,47483,79,154633
4082,0.000693,74.125.24.0-255,5379,52862,79,154633
4083,0.000696,172.31.40.0-255,66,52928,79,154633
4084,0.000699,74.125.24.0-255,1484,54412,79,154633
4085,0.000701,172.31.40.0-255,66,54478,79,154633
4086,0.000728,74.125.24.0-255,2902,57380,79,154633
4087,0.000731,172.31.40.0-255,66,57446,79,154633
4088,0.000753,172.31.40.0-255,66,57512,79,154633
4089,0.000756,74.125.24.0-255,647,58159,79,154633
4090,0.000822,74.125.24.0-255,1484,59643,79,154633
4091,0.000825,172.31.40.0-255,66,59709,79,154633
4092,0.00083,74.125.24.0-255,2902,62611,79,154633
4093,0.000832,172.31.40.0-255,66,62677,79,154633
4094,0.000838,74.125.24.0-255,4320,66997,79,154633
4095,0.00084,172.31.40.0-255,66,67063,79,154633
4096,0.000861,74.125.24.0-255,1484,68547,79,154633
4097,0.000868,74.125.24.0-255,5738,74285,79,154633
4098,0.000871,172.31.40.0-255,66,74351,79,154633
4099,0.000892,74.125.24.0-255,7156,81507,79,154633
4100,0.000895,172.31.40.0-255,66,81573,79,154633
4101,0.000906,172.31.40.0-255,66,81639,79,154633
4102,0.000923,74.125.24.0-255,2184,83823,79,154633
4103,0.000925,172.31.40.0-255,66,83889,79,154633
4104,0.001283,74.125.24.0-255,1484,85373,79,154633
4105,0.001289,74.125.24.0-255,2902,88275,79,154633
4106,0.001292,172.31.40.0-255,66,88341,79,154633
4107,0.001297,74.125.24.0-255,2902,91243,79,154633
4108,0.001299,172.31.40.0-255,66,91309,79,154633
4109,0.001316,74.125.24.0-255,2902,94211,79,154633
4110,0.001319,172.31.40.0-255,66,94277,79,154633
4111,0.001323,74.125.24.0-255,2902,97179,79,154633
4112,0.001325,172.31.40.0-255,66,97245,79,154633
4113,0.00136,172.31.40.0-255,66,97311,79,154633
4114,0.001392,74.125.24.0-255,5738,103049,79,154633
4115,0.001394,172.31.40.0-255,66,103115,79,154633
4116,0.001409,74.125.24.0-255,5020,108135,79,154633
4117,0.001411,172.31.40.0-255,66,108201,79,154633
4118,0.003673,74.125.24.0-255,5738,113939,79,154633
4119,0.003681,172.31.40.0-255,66,114005,79,154633
4120,0.005959,74.125.24.0-255,5738,119743,79,154633
4121,0.005963,172.31.40.0-255,66,119809,79,154633
4122,0.008245,74.125.24.0-255,5738,125547,79,154633
4123,0.008254,172.31.40.0-255,66,125613,79,154633
4124,0.01054,74.125.24.0-255,5738,131351,79,154633
4125,0.010552,172.31.40.0-255,66,131417,79,154633
4126,0.012849,74.125.24.0-255,5738,137155,79,154633
4127,0.012858,172.31.40.0-255,66,137221,79,154633
4128,0.015116,74.125.24.0-255,5738,142959,79,154633
4129,0.015127,172.31.40.0-255,66,143025,79,154633
4130,0.017426,74.125.24.0-255,5738,148763,79,154633
4131,0.017434,172.31.40.0-255,66,148829,79,154633
4132,0.019764,74.125.24.0-255,5738,154567,79,154633
4133,0.019771,172.31.40.0-255,66,154633,79,154633
4134,0.0,172.217.194.0-255,153,153,79,61685
4135,2.3e-05,172.31.40.0-255,66,219,79,61685
4136,3e-05,172.217.194.0-255,1484,1703,79,61685
4137,3.4e-05,172.31.40.0-255,66,1769,79,61685
4138,4.1e-05,172.217.194.0-255,2902,4671,79,61685
4139,4.3e-05,172.31.40.0-255,66,4737,79,61685
4140,0.000104,172.217.194.0-255,7156,11893,79,61685
4141,0.000107,172.31.40.0-255,66,11959,79,61685
4142,0.000298,172.217.194.0-255,4320,16279,79,61685
4143,0.000304,172.31.40.0-255,66,16345,79,61685
4144,0.00034,172.31.40.0-255,66,16411,79,61685
4145,0.000755,172.217.194.0-255,2543,18954,79,61685
4146,0.00076,172.31.40.0-255,66,19020,79,61685
4147,0.000822,172.31.40.0-255,66,19086,79,61685
4148,0.000846,172.217.194.0-255,6797,25883,79,61685
4149,0.000848,172.31.40.0-255,66,25949,79,61685
4150,0.001304,172.31.40.0-255,66,26015,79,61685
4151,0.001327,172.217.194.0-255,3154,29169,79,61685
4152,0.001329,172.31.40.0-255,66,29235,79,61685
4153,0.00176,172.217.194.0-255,4320,33555,79,61685
4154,0.001763,172.31.40.0-255,66,33621,79,61685
4155,0.001797,172.31.40.0-255,66,33687,79,61685
4156,0.001828,172.31.40.0-255,66,33753,79,61685
4157,0.002767,172.31.40.0-255,66,33819,79,61685
4158,0.002813,172.31.40.0-255,66,33885,79,61685
4159,0.003772,172.31.40.0-255,66,33951,79,61685
4160,0.003856,172.31.40.0-255,66,34017,79,61685
4161,0.006414,172.217.194.0-255,4320,38337,79,61685
4162,0.006419,172.31.40.0-255,66,38403,79,61685
4163,0.006437,172.217.194.0-255,1484,39887,79,61685
4164,0.008987,172.217.194.0-255,4320,44207,79,61685
4165,0.008994,172.31.40.0-255,66,44273,79,61685
4166,0.011535,172.217.194.0-255,5738,50011,79,61685
4167,0.013293,172.31.40.0-255,66,50077,79,61685
4168,0.015849,172.217.194.0-255,5738,55815,79,61685
4169,0.015864,172.31.40.0-255,66,55881,79,61685
4170,0.018388,172.217.194.0-255,5738,61619,79,61685
4171,0.018398,172.31.40.0-255,66,61685,79,61685
4172,0.0,74.125.24.0-255,157,157,79,192379
4173,2.2e-05,172.31.40.0-255,66,223,79,192379
4174,2.8e-05,74.125.24.0-255,1484,1707,79,192379
4175,3.2e-05,172.31.40.0-255,66,1773,79,192379
4176,3.7e-05,74.125.24.0-255,2902,4675,79,192379
4177,4.6e-05,172.31.40.0-255,66,4741,79,192379
4178,8.4e-05,74.125.24.0-255,7156,11897,79,192379
4179,8.7e-05,172.31.40.0-255,66,11963,79,192379
4180,9.3e-05,74.125.24.0-255,5738,17701,79,192379
4181,9.5e-05,172.31.40.0-255,66,17767,79,192379
4182,0.000127,74.125.24.0-255,3485,21252,79,192379
4183,0.00013,172.31.40.0-255,66,21318,79,192379
4184,0.000141,172.31.40.0-255,66,21384,79,192379
4185,0.000266,74.125.24.0-255,1484,22868,79,192379
4186,0.00027,172.31.40.0-255,66,22934,79,192379
4187,0.000275,74.125.24.0-255,2902,25836,79,192379
4188,0.000277,172.31.40.0-255,66,25902,79,192379
4189,0.000309,74.125.24.0-255,2902,28804,79,192379
4190,0.000311,172.31.40.0-255,66,28870,79,192379
4191,0.000334,74.125.24.0-255,2902,31772,79,192379
4192,0.000337,172.31.40.0-255,66,31838,79,192379
4193,0.000348,74.125.24.0-255,2902,34740,79,192379
4194,0.00035,172.31.40.0-255,66,34806,79,192379
4195,0.000383,74.125.24.0-255,6797,41603,79,192379
4196,0.000386,172.31.40.0-255,66,41669,79,192379
4197,0.0004,172.31.40.0-255,66,41735,79,192379
4198,0.00044,74.125.24.0-255,386,42121,79,192379
4199,0.000443,172.31.40.0-255,66,42187,79,192379
4200,0.000573,74.125.24.0-255,1484,43671,79,192379
4201,0.000577,172.31.40.0-255,66,43737,79,192379
4202,0.000582,74.125.24.0-255,2902,46639,79,192379
4203,0.000583,172.31.40.0-255,66,46705,79,192379
4204,0.000614,74.125.24.0-255,5738,52443,79,192379
4205,0.000616,172.31.40.0-255,66,52509,79,192379
4206,0.000654,74.125.24.0-255,6248,58757,79,192379
4207,0.000657,172.31.40.0-255,66,58823,79,192379
4208,0.001176,74.125.24.0-255,1484,60307,79,192379
4209,0.001182,74.125.24.0-255,2902,63209,79,192379
4210,0.001185,172.31.40.0-255,66,63275,79,192379
4211,0.001209,74.125.24.0-255,5738,69013,79,192379
4212,0.001211,172.31.40.0-255,66,69079,79,192379
4213,0.001214,74.125.24.0-255,1484,70563,79,192379
4214,0.001239,172.31.40.0-255,66,70629,79,192379
4215,0.001247,74.125.24.0-255,7156,77785,79,192379
4216,0.001249,172.31.40.0-255,66,77851,79,192379
4217,0.001268,74.125.24.0-255,2902,80753,79,192379
4218,0.00127,172.31.40.0-255,66,80819,79,192379
4219,0.001273,74.125.24.0-255,766,81585,79,192379
4220,0.0015,172.31.40.0-255,66,81651,79,192379
4221,0.001585,74.125.24.0-255,1484,83135,79,192379
4222,0.001591,74.125.24.0-255,1484,84619,79,192379
4223,0.001594,172.31.40.0-255,66,84685,79,192379
4224,0.001621,74.125.24.0-255,1484,86169,79,192379
4225,0.001627,74.125.24.0-255,5738,91907,79,192379
4226,0.001629,172.31.40.0-255,66,91973,79,192379
4227,0.001639,172.31.40.0-255,66,92039,79,192379
4228,0.001688,74.125.24.0-255,7156,99195,79,192379
4229,0.001691,172.31.40.0-255,66,99261,79,192379
4230,0.00171,74.125.24.0-255,6438,105699,79,192379
4231,0.001712,172.31.40.0-255,66,105765,79,192379
4232,0.001717,74.125.24.0-255,2902,108667,79,192379
4233,0.001718,172.31.40.0-255,66,108733,79,192379
4234,0.001743,172.31.40.0-255,66,108799,79,192379
4235,0.001754,172.31.40.0-255,66,108865,79,192379
4236,0.001783,74.125.24.0-255,4320,113185,79,192379
4237,0.001785,172.31.40.0-255,66,113251,79,192379
4238,0.0018,74.125.24.0-255,3602,116853,79,192379
4239,0.001806,172.31.40.0-255,66,116919,79,192379
4240,0.001811,74.125.24.0-255,5738,122657,79,192379
4241,0.001813,172.31.40.0-255,66,122723,79,192379
4242,0.001847,74.125.24.0-255,2902,125625,79,192379
4243,0.00185,172.31.40.0-255,66,125691,79,192379
4244,0.001866,172.31.40.0-255,66,125757,79,192379
4245,0.00188,74.125.24.0-255,6438,132195,79,192379
4246,0.001882,172.31.40.0-255,66,132261,79,192379
4247,0.001935,74.125.24.0-255,1484,133745,79,192379
4248,0.00194,74.125.24.0-255,2902,136647,79,192379
4249,0.001943,172.31.40.0-255,66,136713,79,192379
4250,0.001948,74.125.24.0-255,5738,142451,79,192379
4251,0.00195,172.31.40.0-255,66,142517,79,192379
4252,0.001964,172.31.40.0-255,66,142583,79,192379
4253,0.001992,74.125.24.0-255,2902,145485,79,192379
4254,0.001994,172.31.40.0-255,66,145551,79,192379
4255,0.001997,74.125.24.0-255,1484,147035,79,192379
4256,0.002042,172.31.40.0-255,66,147101,79,192379
4257,0.002051,172.31.40.0-255,66,147167,79,192379
4258,0.002085,172.31.40.0-255,66,147233,79,192379
4259,0.002094,172.31.40.0-255,66,147299,79,192379
4260,0.004135,74.125.24.0-255,5738,153037,79,192379
4261,0.004143,172.31.40.0-255,66,153103,79,192379
4262,0.006168,74.125.24.0-255,4320,157423,79,192379
4263,0.006173,172.31.40.0-255,66,157489,79,192379
4264,0.006198,74.125.24.0-255,1484,158973,79,192379
4265,0.008219,74.125.24.0-255,4320,163293,79,192379
4266,0.008228,172.31.40.0-255,66,163359,79,192379
4267,0.010284,74.125.24.0-255,5738,169097,79,192379
4268,0.0103,172.31.40.0-255,66,169163,79,192379
4269,0.012345,74.125.24.0-255,5738,174901,79,192379
4270,0.012355,172.31.40.0-255,66,174967,79,192379
4271,0.014394,74.125.24.0-255,5738,180705,79,192379
4272,0.014405,172.31.40.0-255,66,180771,79,192379
4273,0.016446,74.125.24.0-255,5738,186509,79,192379
4274,0.01646,172.31.40.0-255,66,186575,79,192379
4275,0.018522,74.125.24.0-255,5738,192313,79,192379
4276,0.018536,172.31.40.0-255,66,192379,79,192379
4277,0.0,172.217.194.0-255,298,298,79,186597
4278,1.5e-05,172.31.40.0-255,66,364,79,186597
4279,2.2e-05,172.217.194.0-255,1484,1848,79,186597
4280,2.6e-05,172.31.40.0-255,66,1914,79,186597
4281,3.3e-05,172.217.194.0-255,4320,6234,79,186597
4282,4.4e-05,172.31.40.0-255,66,6300,79,186597
4283,5.1e-05,172.217.194.0-255,5738,12038,79,186597
4284,5.5e-05,172.31.40.0-255,66,12104,79,186597
4285,8.7e-05,172.217.194.0-255,1743,13847,79,186597
4286,9e-05,172.31.40.0-255,66,13913,79,186597
4287,9.5e-05,172.217.194.0-255,2902,16815,79,186597
4288,9.8e-05,172.31.40.0-255,66,16881,79,186597
4289,0.000152,172.31.40.0-255,66,16947,79,186597
4290,0.000167,172.31.40.0-255,66,17013,79,186597
4291,0.000178,172.31.40.0-255,66,17079,79,186597
4292,0.000249,172.217.194.0-255,1484,18563,79,186597
4293,0.000252,172.31.40.0-255,66,18629,79,186597
4294,0.000257,172.217.194.0-255,2902,21531,79,186597
4295,0.000259,172.31.40.0-255,66,21597,79,186597
4296,0.000266,172.217.194.0-255,5738,27335,79,186597
4297,0.000273,172.31.40.0-255,66,27401,79,186597
4298,0.000302,172.217.194.0-255,5738,33139,79,186597
4299,0.000306,172.31.40.0-255,66,33205,79,186597
4300,0.00033,172.217.194.0-255,1377,34582,79,186597
4301,0.000333,172.31.40.0-255,66,34648,79,186597
4302,0.000336,172.217.194.0-255,114,34762,79,186597
4303,0.000339,172.31.40.0-255,66,34828,79,186597
4304,0.000377,172.217.194.0-255,1484,36312,79,186597
4305,0.000379,172.31.40.0-255,66,36378,79,186597
4306,0.000397,172.217.194.0-255,2902,39280,79,186597
4307,0.0004,172.31.40.0-255,66,39346,79,186597
4308,0.000405,172.217.194.0-255,2902,42248,79,186597
4309,0.000407,172.31.40.0-255,66,42314,79,186597
4310,0.000439,172.217.194.0-255,4320,46634,79,186597
4311,0.000442,172.31.40.0-255,66,46700,79,186597
4312,0.00045,172.217.194.0-255,5738,52438,79,186597
4313,0.000452,172.31.40.0-255,66,52504,79,186597
4314,0.000464,172.217.194.0-255,5738,58242,79,186597
4315,0.000466,172.31.40.0-255,66,58308,79,186597
4316,0.000501,172.31.40.0-255,66,58374,79,186597
4317,0.000505,172.217.194.0-255,2184,60558,79,186597
4318,0.000516,172.217.194.0-255,3223,63781,79,186597
4319,0.000525,172.217.194.0-255,7156,70937,79,186597
4320,0.000534,172.217.194.0-255,7156,78093,79,186597
4321,0.000552,172.217.194.0-255,766,78859,79,186597
4322,0.000557,172.31.40.0-255,66,78925,79,186597
4323,0.000559,172.31.40.0-255,66,78991,79,186597
4324,0.00056,172.31.40.0-255,66,79057,79,186597
4325,0.000573,172.31.40.0-255,66,79123,79,186597
4326,0.000575,172.31.40.0-255,66,79189,79,186597
4327,0.000712,172.217.194.0-255,1484,80673,79,186597
4328,0.000717,172.31.40.0-255,66,80739,79,186597
4329,0.00072,172.217.194.0-255,1484,82223,79,186597
4330,0.000748,172.217.194.0-255,1484,83707,79,186597
4331,0.00075,172.31.40.0-255,66,83773,79,186597
4332,0.000757,172.217.194.0-255,5738,89511,79,186597
4333,0.00076,172.31.40.0-255,66,89577,79,186597
4334,0.000764,172.217.194.0-255,2902,92479,79,186597
4335,0.000766,172.31.40.0-255,66,92545,79,186597
4336,0.000771,172.217.194.0-255,4320,96865,79,186597
4337,0.000774,172.31.40.0-255,66,96931,79,186597
4338,0.000804,172.217.194.0-255,5738,102669,79,186597
4339,0.000807,172.31.40.0-255,66,102735,79,186597
4340,0.000825,172.31.40.0-255,66,102801,79,186597
4341,0.001203,172.217.194.0-255,1484,104285,79,186597
4342,0.00121,172.217.194.0-255,2902,107187,79,186597
4343,0.001214,172.31.40.0-255,66,107253,79,186597
4344,0.001218,172.217.194.0-255,1484,108737,79,186597
4345,0.001237,172.217.194.0-255,2902,111639,79,186597
4346,0.001251,172.31.40.0-255,66,111705,79,186597
4347,0.001259,172.217.194.0-255,1484,113189,79,186597
4348,0.001277,172.31.40.0-255,66,113255,79,186597
4349,0.001282,172.217.194.0-255,2902,116157,79,186597
4350,0.001284,172.31.40.0-255,66,116223,79,186597
4351,0.001328,172.31.40.0-255,66,116289,79,186597
4352,0.001556,172.217.194.0-255,1484,117773,79,186597
4353,0.001561,172.217.194.0-255,1484,119257,79,186597
4354,0.001564,172.31.40.0-255,66,119323,79,186597
4355,0.00159,172.217.194.0-255,1484,120807,79,186597
4356,0.001597,172.217.194.0-255,5738,126545,79,186597
4357,0.001599,172.31.40.0-255,66,126611,79,186597
4358,0.001616,172.217.194.0-255,4320,130931,79,186597
4359,0.001618,172.31.40.0-255,66,130997,79,186597
4360,0.001645,172.31.40.0-255,66,131063,79,186597
4361,0.001649,172.217.194.0-255,2902,133965,79,186597
4362,0.001651,172.31.40.0-255,66,134031,79,186597
4363,0.001695,172.31.40.0-255,66,134097,79,186597
4364,0.001711,172.31.40.0-255,66,134163,79,186597
4365,0.001731,172.217.194.0-255,1484,135647,79,186597
4366,0.001786,172.31.40.0-255,66,135713,79,186597
4367,0.001791,172.217.194.0-255,4320,140033,79,186597
4368,0.001793,172.31.40.0-255,66,140099,79,186597
4369,0.001833,172.31.40.0-255,66,140165,79,186597
4370,0.003955,172.217.194.0-255,5738,145903,79,186597
4371,0.003971,172.31.40.0-255,66,145969,79,186597
4372,0.006054,172.217.194.0-255,5738,151707,79,186597
4373,0.006068,172.31.40.0-255,66,151773,79,186597
4374,0.008189,172.217.194.0-255,5738,157511,79,186597
4375,0.008197,172.31.40.0-255,66,157577,79,186597
4376,0.0103,172.217.194.0-255,5738,163315,79,186597
4377,0.010306,172.31.40.0-255,66,163381,79,186597
4378,0.012392,172.217.194.0-255,5738,169119,79,186597
4379,0.0124,172.31.40.0-255,66,169185,79,186597
4380,0.014511,172.217.194.0-255,5738,174923,79,186597
4381,0.014518,172.31.40.0-255,66,174989,79,186597
4382,0.016617,172.217.194.0-255,5738,180727,79,186597
4383,0.01663,172.31.40.0-255,66,180793,79,186597
4384,0.018732,172.217.194.0-255,5738,186531,79,186597
4385,0.018746,172.31.40.0-255,66,186597,79,186597
4386,0.0,74.125.200.0-255,147,147,79,204183
4387,2.2e-05,172.31.40.0-255,66,213,79,204183
4388,2.9e-05,74.125.200.0-255,1484,1697,79,204183
4389,3.4e-05,172.31.40.0-255,66,1763,79,204183
4390,4.1e-05,74.125.200.0-255,2902,4665,79,204183
4391,4.4e-05,172.31.40.0-255,66,4731,79,204183
4392,5e-05,74.125.200.0-255,4320,9051,79,204183
4393,5.3e-05,172.31.40.0-255,66,9117,79,204183
4394,5.9e-05,74.125.200.0-255,4989,14106,79,204183
4395,6.3e-05,172.31.40.0-255,66,14172,79,204183
4396,0.000114,172.31.40.0-255,66,14238,79,204183
4397,0.000119,74.125.200.0-255,2902,17140,79,204183
4398,0.000121,172.31.40.0-255,66,17206,79,204183
4399,0.00014,74.125.200.0-255,2543,19749,79,204183
4400,0.000142,172.31.40.0-255,66,19815,79,204183
4401,0.000225,74.125.200.0-255,1484,21299,79,204183
4402,0.000228,172.31.40.0-255,66,21365,79,204183
4403,0.000232,74.125.200.0-255,1484,22849,79,204183
4404,0.000235,172.31.40.0-255,66,22915,79,204183
4405,0.000238,74.125.200.0-255,1484,24399,79,204183
4406,0.00024,172.31.40.0-255,66,24465,79,204183
4407,0.000259,74.125.200.0-255,1484,25949,79,204183
4408,0.000261,172.31.40.0-255,66,26015,79,204183
4409,0.000268,74.125.200.0-255,5738,31753,79,204183
4410,0.00027,172.31.40.0-255,66,31819,79,204183
4411,0.000283,74.125.200.0-255,1484,33303,79,204183
4412,0.000285,172.31.40.0-255,66,33369,79,204183
4413,0.0003,74.125.200.0-255,3961,37330,79,204183
4414,0.000303,172.31.40.0-255,66,37396,79,204183
4415,0.000344,74.125.200.0-255,5738,43134,79,204183
4416,0.000347,172.31.40.0-255,66,43200,79,204183
4417,0.000351,74.125.200.0-255,2902,46102,79,204183
4418,0.000355,74.125.200.0-255,1484,47586,79,204183
4419,0.000372,74.125.200.0-255,2902,50488,79,204183
4420,0.000392,74.125.200.0-255,2902,53390,79,204183
4421,0.00045,74.125.200.0-255,1465,54855,79,204183
4422,0.000504,74.125.200.0-255,1484,56339,79,204183
4423,0.000511,74.125.200.0-255,2902,59241,79,204183
4424,0.00053,74.125.200.0-255,2902,62143,79,204183
4425,0.000544,74.125.200.0-255,2902,65045,79,204183
4426,0.000549,74.125.200.0-255,4320,69365,79,204183
4427,0.000556,74.125.200.0-255,5738,75103,79,204183
4428,0.000577,172.31.40.0-255,66,75169,79,204183
4429,0.000594,74.125.200.0-255,2902,78071,79,204183
4430,0.000631,172.31.40.0-255,66,78137,79,204183
4431,0.000642,74.125.200.0-255,2464,80601,79,204183
4432,0.000663,172.31.40.0-255,66,80667,79,204183
4433,0.001164,74.125.200.0-255,1484,82151,79,204183
4434,0.00117,74.125.200.0-255,1484,83635,79,204183
4435,0.001173,172.31.40.0-255,66,83701,79,204183
4436,0.001191,74.125.200.0-255,1484,85185,79,204183
4437,0.001213,74.125.200.0-255,5738,90923,79,204183
4438,0.001219,74.125.200.0-255,4320,95243,79,204183
4439,0.001229,172.31.40.0-255,66,95309,79,204183
4440,0.001232,74.125.200.0-255,1484,96793,79,204183
4441,0.001238,74.125.200.0-255,5738,102531,79,204183
4442,0.00125,74.125.200.0-255,1484,104015,79,204183
4443,0.001268,74.125.200.0-255,2902,106917,79,204183
4444,0.001279,172.31.40.0-255,66,106983,79,204183
4445,0.001299,74.125.200.0-255,4320,111303,79,204183
4446,0.001304,172.31.40.0-255,66,111369,79,204183
4447,0.001342,74.125.200.0-255,1484,112853,79,204183
4448,0.001367,74.125.200.0-255,1484,114337,79,204183
4449,0.001372,172.31.40.0-255,66,114403,79,204183
4450,0.00139,74.125.200.0-255,766,115169,79,204183
4451,0.001465,74.125.200.0-255,1484,116653,79,204183
4452,0.001475,172.31.40.0-255,66,116719,79,204183
4453,0.001494,74.125.200.0-255,2902,119621,79,204183
4454,0.001508,74.125.200.0-255,4320,123941,79,204183
4455,0.001511,172.31.40.0-255,66,124007,79,204183
4456,0.001518,172.31.40.0-255,66,124073,79,204183
4457,0.001557,74.125.200.0-255,5738,129811,79,204183
4458,0.001572,172.31.40.0-255,66,129877,79,204183
4459,0.001575,74.125.200.0-255,1484,131361,79,204183
4460,0.00159,74.125.200.0-255,1484,132845,79,204183
4461,0.001605,74.125.200.0-255,1484,134329,79,204183
4462,0.001611,74.125.200.0-255,4320,138649,79,204183
4463,0.001615,172.31.40.0-255,66,138715,79,204183
4464,0.001624,74.125.200.0-255,1484,140199,79,204183
4465,0.001627,74.125.200.0-255,1484,141683,79,204183
4466,0.001632,74.125.200.0-255,2902,144585,79,204183
4467,0.001652,172.31.40.0-255,66,144651,79,204183
4468,0.001671,74.125.200.0-255,5020,149671,79,204183
4469,0.001685,172.31.40.0-255,66,149737,79,204183
4470,0.001757,74.125.200.0-255,1484,151221,79,204183
4471,0.001795,74.125.200.0-255,1484,152705,79,204183
4472,0.001807,74.125.200.0-255,1484,154189,79,204183
4473,0.00182,172.31.40.0-255,66,154255,79,204183
4474,0.001887,74.125.200.0-255,4320,158575,79,204183
4475,0.00189,172.31.40.0-255,66,158641,79,204183
4476,0.001941,74.125.200.0-255,4320,162961,79,204183
4477,0.001954,172.31.40.0-255,66,163027,79,204183
4478,0.001957,74.125.200.0-255,1484,164511,79,204183
4479,0.001979,74.125.200.0-255,1484,165995,79,204183
4480,0.001992,74.125.200.0-255,1484,167479,79,204183
4481,0.001996,172.31.40.0-255,66,167545,79,204183
4482,0.002013,74.125.200.0-255,4320,171865,79,204183
4483,0.002037,172.31.40.0-255,66,171931,79,204183
4484,0.002048,74.125.200.0-255,1484,173415,79,204183
4485,0.002066,74.125.200.0-255,2902,176317,79,204183
4486,0.002073,172.31.40.0-255,66,176383,79,204183
4487,0.004027,74.125.200.0-255,1484,177867,79,204183
4488,0.004106,74.125.200.0-255,2902,180769,79,204183
4489,0.00411,172.31.40.0-255,66,180835,79,204183
4490,0.004125,74.125.200.0-255,1484,182319,79,204183
4491,0.006106,74.125.200.0-255,4320,186639,79,204183
4492,0.012963,172.31.40.0-255,66,186705,79,204183
4493,0.013098,74.125.200.0-255,1484,188189,79,204183
4494,0.014966,74.125.200.0-255,4320,192509,79,204183
4495,0.014974,172.31.40.0-255,66,192575,79,204183
4496,0.016979,74.125.200.0-255,5738,198313,79,204183
4497,0.017099,172.31.40.0-255,66,198379,79,204183
4498,0.019104,74.125.200.0-255,5738,204117,79,204183
4499,0.019111,172.31.40.0-255,66,204183,79,204183
4500,0.0,74.125.24.0-255,159,159,79,254312
4501,2.6e-05,172.31.40.0-255,66,225,79,254312
4502,3.4e-05,74.125.24.0-255,1484,1709,79,254312
4503,3.9e-05,172.31.40.0-255,66,1775,79,254312
4504,5.3e-05,74.125.24.0-255,2902,4677,79,254312
4505,5.6e-05,172.31.40.0-255,66,4743,79,254312
4506,6.1e-05,74.125.24.0-255,2902,7645,79,254312
4507,6.3e-05,172.31.40.0-255,66,7711,79,254312
4508,0.000113,74.125.24.0-255,6353,14064,79,254312
4509,0.000116,172.31.40.0-255,66,14130,79,254312
4510,0.000124,74.125.24.0-255,7156,21286,79,254312
4511,0.000126,172.31.40.0-255,66,21352,79,254312
4512,0.000159,172.31.40.0-255,66,21418,79,254312
4513,0.000169,74.125.24.0-255,1484,22902,79,254312
4514,0.000171,172.31.40.0-255,66,22968,79,254312
4515,0.000229,172.31.40.0-255,66,23034,79,254312
4516,0.000255,74.125.24.0-255,5020,28054,79,254312
4517,0.000258,172.31.40.0-255,66,28120,79,254312
4518,0.000284,74.125.24.0-255,1484,29604,79,254312
4519,0.000287,172.31.40.0-255,66,29670,79,254312
4520,0.000292,74.125.24.0-255,2902,32572,79,254312
4521,0.000294,172.31.40.0-255,66,32638,79,254312
4522,0.000326,74.125.24.0-255,5738,38376,79,254312
4523,0.000328,172.31.40.0-255,66,38442,79,254312
4524,0.000351,74.125.24.0-255,5738,44180,79,254312
4525,0.000354,172.31.40.0-255,66,44246,79,254312
4526,0.000365,74.125.24.0-255,1448,45694,79,254312
4527,0.000371,172.31.40.0-255,66,45760,79,254312
4528,0.001056,74.125.24.0-255,332,46092,79,254312
4529,0.001063,172.31.40.0-255,66,46158,79,254312
4530,0.001409,74.125.24.0-255,1484,47642,79,254312
4531,0.001419,74.125.24.0-255,2902,50544,79,254312
4532,0.001423,172.31.40.0-255,66,50610,79,254312
4533,0.001428,74.125.24.0-255,1484,52094,79,254312
4534,0.001456,74.125.24.0-255,4320,56414,79,254312
4535,0.00146,172.31.40.0-255,66,56480,79,254312
4536,0.001478,172.31.40.0-255,66,56546,79,254312
4537,0.001511,172.31.40.0-255,66,56612,79,254312
4538,0.002839,74.125.24.0-255,1484,58096,79,254312
4539,0.002865,74.125.24.0-255,2902,60998,79,254312
4540,0.002869,172.31.40.0-255,66,61064,79,254312
4541,0.002877,74.125.24.0-255,5738,66802,79,254312
4542,0.002879,172.31.40.0-255,66,66868,79,254312
4543,0.002896,172.31.40.0-255,66,66934,79,254312
4544,0.002938,74.125.24.0-255,2902,69836,79,254312
4545,0.002941,172.31.40.0-255,66,69902,79,254312
4546,0.002953,172.31.40.0-255,66,69968,79,254312
4547,0.003509,74.125.24.0-255,1484,71452,79,254312
4548,0.003529,74.125.24.0-255,2902,74354,79,254312
4549,0.003533,172.31.40.0-255,66,74420,79,254312
4550,0.003536,74.125.24.0-255,1484,75904,79,254312
4551,0.00356,74.125.24.0-255,2902,78806,79,254312
4552,0.003562,172.31.40.0-255,66,78872,79,254312
4553,0.003573,172.31.40.0-255,66,78938,79,254312
4554,0.003609,172.31.40.0-255,66,79004,79,254312
4555,0.003637,74.125.24.0-255,6438,85442,79,254312
4556,0.003639,172.31.40.0-255,66,85508,79,254312
4557,0.003814,74.125.24.0-255,1484,86992,79,254312
4558,0.003835,74.125.24.0-255,2902,89894,79,254312
4559,0.003837,172.31.40.0-255,66,89960,79,254312
4560,0.003844,74.125.24.0-255,5738,95698,79,254312
4561,0.003847,172.31.40.0-255,66,95764,79,254312
4562,0.003857,74.125.24.0-255,4320,100084,79,254312
4563,0.00386,172.31.40.0-255,66,100150,79,254312
4564,0.003864,74.125.24.0-255,2902,103052,79,254312
4565,0.003867,172.31.40.0-255,66,103118,79,254312
4566,0.0039,172.31.40.0-255,66,103184,79,254312
4567,0.00391,172.31.40.0-255,66,103250,79,254312
4568,0.004115,74.125.24.0-255,1484,104734,79,254312
4569,0.004135,74.125.24.0-255,2902,107636,79,254312
4570,0.004137,172.31.40.0-255,66,107702,79,254312
4571,0.004144,74.125.24.0-255,5738,113440,79,254312
4572,0.004147,172.31.40.0-255,66,113506,79,254312
4573,0.004156,74.125.24.0-255,4320,117826,79,254312
4574,0.004159,172.31.40.0-255,66,117892,79,254312
4575,0.004204,172.31.40.0-255,66,117958,79,254312
4576,0.004247,74.125.24.0-255,5738,123696,79,254312
4577,0.00425,172.31.40.0-255,66,123762,79,254312
4578,0.004276,74.125.24.0-255,2184,125946,79,254312
4579,0.004279,172.31.40.0-255,66,126012,79,254312
4580,0.005475,74.125.24.0-255,1484,127496,79,254312
4581,0.005497,74.125.24.0-255,2902,130398,79,254312
4582,0.005502,172.31.40.0-255,66,130464,79,254312
4583,0.005506,74.125.24.0-255,1484,131948,79,254312
4584,0.00553,74.125.24.0-255,2902,134850,79,254312
4585,0.005533,172.31.40.0-255,66,134916,79,254312
4586,0.005536,74.125.24.0-255,1484,136400,79,254312
4587,0.00556,74.125.24.0-255,4320,140720,79,254312
4588,0.005563,172.31.40.0-255,66,140786,79,254312
4589,0.005584,172.31.40.0-255,66,140852,79,254312
4590,0.005589,74.125.24.0-255,4320,145172,79,254312
4591,0.005592,172.31.40.0-255,66,145238,79,254312
4592,0.005626,74.125.24.0-255,5738,150976,79,254312
4593,0.005629,172.31.40.0-255,66,151042,79,254312
4594,0.005632,74.125.24.0-255,766,151808,79,254312
4595,0.005818,74.125.24.0-255,1484,153292,79,254312
4596,0.005821,172.31.40.0-255,66,153358,79,254312
4597,0.005826,74.125.24.0-255,2902,156260,79,254312
4598,0.005828,172.31.40.0-255,66,156326,79,254312
4599,0.005858,74.125.24.0-255,5738,162064,79,254312
4600,0.005862,172.31.40.0-255,66,162130,79,254312
4601,0.005865,74.125.24.0-255,1484,163614,79,254312
4602,0.005903,172.31.40.0-255,66,163680,79,254312
4603,0.005907,74.125.24.0-255,2902,166582,79,254312
4604,0.00591,172.31.40.0-255,66,166648,79,254312
4605,0.005912,74.125.24.0-255,1484,168132,79,254312
4606,0.00592,74.125.24.0-255,1484,169616,79,254312
4607,0.005923,172.31.40.0-255,66,169682,79,254312
4608,0.005929,74.125.24.0-255,4320,174002,79,254312
4609,0.005932,172.31.40.0-255,66,174068,79,254312
4610,0.005957,74.125.24.0-255,3602,177670,79,254312
4611,0.00596,172.31.40.0-255,66,177736,79,254312
4612,0.005991,172.31.40.0-255,66,177802,79,254312
4613,0.005994,74.125.24.0-255,1484,179286,79,254312
4614,0.006029,172.31.40.0-255,66,179352,79,254312
4615,0.006052,74.125.24.0-255,2902,182254,79,254312
4616,0.006054,172.31.40.0-255,66,182320,79,254312
4617,0.006057,74.125.24.0-255,766,183086,79,254312
4618,0.006086,74.125.24.0-255,1484,184570,79,254312
4619,0.006088,172.31.40.0-255,66,184636,79,254312
4620,0.006133,74.125.24.0-255,2902,187538,79,254312
4621,0.006136,172.31.40.0-255,66,187604,79,254312
4622,0.006141,74.125.24.0-255,4320,191924,79,254312
4623,0.006144,172.31.40.0-255,66,191990,79,254312
4624,0.006184,172.31.40.0-255,66,192056,79,254312
4625,0.00619,74.125.24.0-255,4320,196376,79,254312
4626,0.006191,172.31.40.0-255,66,196442,79,254312
4627,0.006197,74.125.24.0-255,4320,200762,79,254312
4628,0.006199,172.31.40.0-255,66,200828,79,254312
4629,0.006231,74.125.24.0-255,4320,205148,79,254312
4630,0.006233,172.31.40.0-255,66,205214,79,254312
4631,0.006236,74.125.24.0-255,1484,206698,79,254312
4632,0.006239,74.125.24.0-255,1484,208182,79,254312
4633,0.006272,172.31.40.0-255,66,208248,79,254312
4634,0.006276,74.125.24.0-255,766,209014,79,254312
4635,0.006281,74.125.24.0-255,2902,211916,79,254312
4636,0.006284,172.31.40.0-255,66,211982,79,254312
4637,0.006287,74.125.24.0-255,1484,213466,79,254312
4638,0.006292,74.125.24.0-255,2902,216368,79,254312
4639,0.006303,172.31.40.0-255,66,216434,79,254312
4640,0.006323,74.125.24.0-255,2902,219336,79,254312
4641,0.006325,172.31.40.0-255,66,219402,79,254312
4642,0.006332,74.125.24.0-255,5738,225140,79,254312
4643,0.006334,172.31.40.0-255,66,225206,79,254312
4644,0.006337,74.125.24.0-255,1484,226690,79,254312
4645,0.006366,74.125.24.0-255,4320,231010,79,254312
4646,0.006369,172.31.40.0-255,66,231076,79,254312
4647,0.006398,74.125.24.0-255,4320,235396,79,254312
4648,0.0064,172.31.40.0-255,66,235462,79,254312
4649,0.006403,74.125.24.0-255,1484,236946,79,254312
4650,0.006408,74.125.24.0-255,2902,239848,79,254312
4651,0.00641,172.31.40.0-255,66,239914,79,254312
4652,0.006429,74.125.24.0-255,1484,241398,79,254312
4653,0.006433,74.125.24.0-255,2184,243582,79,254312
4654,0.006435,172.31.40.0-255,66,243648,79,254312
4655,0.00703,74.125.24.0-255,1484,245132,79,254312
4656,0.007038,74.125.24.0-255,2902,248034,79,254312
4657,0.007043,172.31.40.0-255,66,248100,79,254312
4658,0.00705,74.125.24.0-255,5738,253838,79,254312
4659,0.007053,172.31.40.0-255,66,253904,79,254312
4660,0.007141,172.31.40.0-255,66,253970,79,254312
4661,0.007144,74.125.24.0-255,105,254075,79,254312
4662,0.010229,172.31.40.0-255,66,254141,79,254312
4663,0.010287,172.31.40.0-255,105,254246,79,254312
4664,0.012322,74.125.24.0-255,66,254312,79,254312
4665,0.0,74.125.68.0-255,150,150,79,292193
4666,1.9e-05,172.31.40.0-255,66,216,79,292193
4667,2.6e-05,74.125.68.0-255,1484,1700,79,292193
4668,3e-05,172.31.40.0-255,66,1766,79,292193
4669,3.4e-05,74.125.68.0-255,2902,4668,79,292193
4670,3.8e-05,172.31.40.0-255,66,4734,79,292193
4671,5.7e-05,74.125.68.0-255,7156,11890,79,292193
4672,6e-05,172.31.40.0-255,66,11956,79,292193
4673,6.4e-05,74.125.68.0-255,2031,13987,79,292193
4674,6.6e-05,172.31.40.0-255,66,14053,79,292193
4675,0.000173,74.125.68.0-255,1484,15537,79,292193
4676,0.000176,172.31.40.0-255,66,15603,79,292193
4677,0.000181,74.125.68.0-255,2902,18505,79,292193
4678,0.000183,172.31.40.0-255,66,18571,79,292193
4679,0.000199,74.125.68.0-255,5738,24309,79,292193
4680,0.000201,172.31.40.0-255,66,24375,79,292193
4681,0.000229,74.125.68.0-255,5738,30113,79,292193
4682,0.000232,172.31.40.0-255,66,30179,79,292193
4683,0.000269,74.125.68.0-255,1125,31304,79,292193
4684,0.000272,172.31.40.0-255,66,31370,79,292193
4685,0.000274,74.125.68.0-255,1484,32854,79,292193
4686,0.000276,172.31.40.0-255,66,32920,79,292193
4687,0.000299,74.125.68.0-255,4320,37240,79,292193
4688,0.000301,172.31.40.0-255,66,37306,79,292193
4689,0.000322,74.125.68.0-255,4320,41626,79,292193
4690,0.000325,172.31.40.0-255,66,41692,79,292193
4691,0.000329,74.125.68.0-255,2902,44594,79,292193
4692,0.000331,172.31.40.0-255,66,44660,79,292193
4693,0.000354,74.125.68.0-255,2902,47562,79,292193
4694,0.000356,172.31.40.0-255,66,47628,79,292193
4695,0.000359,74.125.68.0-255,1125,48753,79,292193
4696,0.00036,172.31.40.0-255,66,48819,79,292193
4697,0.000425,74.125.68.0-255,1484,50303,79,292193
4698,0.000441,74.125.68.0-255,2902,53205,79,292193
4699,0.000444,172.31.40.0-255,66,53271,79,292193
4700,0.000466,74.125.68.0-255,5738,59009,79,292193
4701,0.000469,172.31.40.0-255,66,59075,79,292193
4702,0.000471,74.125.68.0-255,1484,60559,79,292193
4703,0.000497,74.125.68.0-255,4320,64879,79,292193
4704,0.000499,172.31.40.0-255,66,64945,79,292193
4705,0.000521,74.125.68.0-255,1419,66364,79,292193
4706,0.000577,74.125.68.0-255,1801,68165,79,292193
4707,0.000581,172.31.40.0-255,66,68231,79,292193
4708,0.000585,74.125.68.0-255,2902,71133,79,292193
4709,0.000587,172.31.40.0-255,66,71199,79,292193
4710,0.000622,74.125.68.0-255,7156,78355,79,292193
4711,0.000625,172.31.40.0-255,66,78421,79,292193
4712,0.000647,74.125.68.0-255,5379,83800,79,292193
4713,0.00065,172.31.40.0-255,66,83866,79,292193
4714,0.000703,74.125.68.0-255,1484,85350,79,292193
4715,0.000719,74.125.68.0-255,2902,88252,79,292193
4716,0.000722,172.31.40.0-255,66,88318,79,292193
4717,0.000725,74.125.68.0-255,1484,89802,79,292193
4718,0.000755,74.125.68.0-255,2902,92704,79,292193
4719,0.000758,172.31.40.0-255,66,92770,79,292193
4720,0.000765,74.125.68.0-255,5738,98508,79,292193
4721,0.000767,172.31.40.0-255,66,98574,79,292193
4722,0.00077,74.125.68.0-255,1484,100058,79,292193
4723,0.00082,74.125.68.0-255,1125,101183,79,292193
4724,0.000824,172.31.40.0-255,66,101249,79,292193
4725,0.001146,74.125.68.0-255,1484,102733,79,292193
4726,0.001152,74.125.68.0-255,2902,105635,79,292193
4727,0.001155,172.31.40.0-255,66,105701,79,292193
4728,0.001177,74.125.68.0-255,5738,111439,79,292193
4729,0.00118,172.31.40.0-255,66,111505,79,292193
4730,0.001184,74.125.68.0-255,2902,114407,79,292193
4731,0.001187,172.31.40.0-255,66,114473,79,292193
4732,0.001191,74.125.68.0-255,2902,117375,79,292193
4733,0.001193,172.31.40.0-255,66,117441,79,292193
4734,0.001211,74.125.68.0-255,1484,118925,79,292193
4735,0.001226,74.125.68.0-255,4320,123245,79,292193
4736,0.001229,172.31.40.0-255,66,123311,79,292193
4737,0.001249,74.125.68.0-255,4320,127631,79,292193
4738,0.001251,172.31.40.0-255,66,127697,79,292193
4739,0.001254,74.125.68.0-255,1484,129181,79,292193
4740,0.001258,74.125.68.0-255,2902,132083,79,292193
4741,0.00126,172.31.40.0-255,66,132149,79,292193
4742,0.001296,74.125.68.0-255,3602,135751,79,292193
4743,0.001299,172.31.40.0-255,66,135817,79,292193
4744,0.001408,74.125.68.0-255,1484,137301,79,292193
4745,0.001434,74.125.68.0-255,2902,140203,79,292193
4746,0.001437,172.31.40.0-255,66,140269,79,292193
4747,0.001461,74.125.68.0-255,4320,144589,79,292193
4748,0.001464,172.31.40.0-255,66,144655,79,292193
4749,0.001484,74.125.68.0-255,5738,150393,79,292193
4750,0.001487,172.31.40.0-255,66,150459,79,292193
4751,0.001509,74.125.68.0-255,2902,153361,79,292193
4752,0.001511,172.31.40.0-255,66,153427,79,292193
4753,0.001517,74.125.68.0-255,4320,157747,79,292193
4754,0.001519,172.31.40.0-255,66,157813,79,292193
4755,0.001525,74.125.68.0-255,5738,163551,79,292193
4756,0.001527,172.31.40.0-255,66,163617,79,292193
4757,0.001552,74.125.68.0-255,6438,170055,79,292193
4758,0.001554,172.31.40.0-255,66,170121,79,292193
4759,0.001712,74.125.68.0-255,1484,171605,79,292193
4760,0.001724,74.125.68.0-255,2902,174507,79,292193
4761,0.001727,172.31.40.0-255,66,174573,79,292193
4762,0.001746,74.125.68.0-255,1484,176057,79,292193
4763,0.001749,74.125.68.0-255,1484,177541,79,292193
4764,0.001751,172.31.40.0-255,66,177607,79,292193
4765,0.001768,74.125.68.0-255,1484,179091,79,292193
4766,0.001774,74.125.68.0-255,5738,184829,79,292193
4767,0.001776,172.31.40.0-255,66,184895,79,292193
4768,0.001798,74.125.68.0-255,4320,189215,79,292193
4769,0.0018,172.31.40.0-255,66,189281,79,292193
4770,0.001818,74.125.68.0-255,5738,195019,79,292193
4771,0.001822,172.31.40.0-255,66,195085,79,292193
4772,0.001866,172.31.40.0-255,66,195151,79,292193
4773,0.001906,74.125.68.0-255,1484,196635,79,292193
4774,0.001922,74.125.68.0-255,2902,199537,79,292193
4775,0.001924,172.31.40.0-255,66,199603,79,292193
4776,0.001952,74.125.68.0-255,5738,205341,79,292193
4777,0.001955,172.31.40.0-255,66,205407,79,292193
4778,0.001959,74.125.68.0-255,2902,208309,79,292193
4779,0.00196,172.31.40.0-255,66,208375,79,292193
4780,0.001965,74.125.68.0-255,4320,212695,79,292193
4781,0.001968,172.31.40.0-255,66,212761,79,292193
4782,0.00202,172.31.40.0-255,66,212827,79,292193
4783,0.002025,74.125.68.0-255,5738,218565,79,292193
4784,0.002027,172.31.40.0-255,66,218631,79,292193
4785,0.002033,74.125.68.0-255,6438,225069,79,292193
4786,0.002035,172.31.40.0-255,66,225135,79,292193
4787,0.002069,74.125.68.0-255,7156,232291,79,292193
4788,0.002072,172.31.40.0-255,66,232357,79,292193
4789,0.002086,172.31.40.0-255,66,232423,79,292193
4790,0.002102,74.125.68.0-255,4320,236743,79,292193
4791,0.002104,172.31.40.0-255,66,236809,79,292193
4792,0.002122,74.125.68.0-255,7156,243965,79,292193
4793,0.002124,172.31.40.0-255,66,244031,79,292193
4794,0.002167,172.31.40.0-255,66,244097,79,292193
4795,0.002195,74.125.68.0-255,2184,246281,79,292193
4796,0.002197,172.31.40.0-255,66,246347,79,292193
4797,0.002209,172.31.40.0-255,66,246413,79,292193
4798,0.002215,74.125.68.0-255,7156,253569,79,292193
4799,0.002217,172.31.40.0-255,66,253635,79,292193
4800,0.00225,74.125.68.0-255,3602,257237,79,292193
4801,0.002253,172.31.40.0-255,66,257303,79,292193
4802,0.004749,74.125.68.0-255,1484,258787,79,292193
4803,0.004776,74.125.68.0-255,4320,263107,79,292193
4804,0.004782,172.31.40.0-255,66,263173,79,292193
4805,0.007324,74.125.68.0-255,5738,268911,79,292193
4806,0.00733,172.31.40.0-255,66,268977,79,292193
4807,0.009868,74.125.68.0-255,5738,274715,79,292193
4808,0.009874,172.31.40.0-255,66,274781,79,292193
4809,0.01242,74.125.68.0-255,5738,280519,79,292193
4810,0.01243,172.31.40.0-255,66,280585,79,292193
4811,0.014973,74.125.68.0-255,5738,286323,79,292193
4812,0.01498,172.31.40.0-255,66,286389,79,292193
4813,0.017522,74.125.68.0-255,5738,292127,79,292193
4814,0.01753,172.31.40.0-255,66,292193,79,292193
4815,0.0,74.125.24.0-255,146,146,79,181088
4816,1.6e-05,172.31.40.0-255,66,212,79,181088
4817,2.2e-05,74.125.24.0-255,1484,1696,79,181088
4818,2.7e-05,172.31.40.0-255,66,1762,79,181088
4819,3.2e-05,74.125.24.0-255,2902,4664,79,181088
4820,4.3e-05,172.31.40.0-255,66,4730,79,181088
4821,4.9e-05,74.125.24.0-255,4320,9050,79,181088
4822,5.2e-05,172.31.40.0-255,66,9116,79,181088
4823,0.000106,74.125.24.0-255,4953,14069,79,181088
4824,0.00011,172.31.40.0-255,66,14135,79,181088
4825,0.000164,74.125.24.0-255,1484,15619,79,181088
4826,0.000168,172.31.40.0-255,66,15685,79,181088
4827,0.000173,74.125.24.0-255,2902,18587,79,181088
4828,0.000175,172.31.40.0-255,66,18653,79,181088
4829,0.000177,74.125.24.0-255,1484,20137,79,181088
4830,0.000179,172.31.40.0-255,66,20203,79,181088
4831,0.000216,74.125.24.0-255,4320,24523,79,181088
4832,0.000219,172.31.40.0-255,66,24589,79,181088
4833,0.000225,74.125.24.0-255,4320,28909,79,181088
4834,0.000227,172.31.40.0-255,66,28975,79,181088
4835,0.000262,74.125.24.0-255,6797,35772,79,181088
4836,0.000265,172.31.40.0-255,66,35838,79,181088
4837,0.000287,172.31.40.0-255,66,35904,79,181088
4838,0.000297,172.31.40.0-255,66,35970,79,181088
4839,0.000326,74.125.24.0-255,2184,38154,79,181088
4840,0.000328,172.31.40.0-255,66,38220,79,181088
4841,0.000424,74.125.24.0-255,646,38866,79,181088
4842,0.000428,172.31.40.0-255,66,38932,79,181088
4843,0.000573,74.125.24.0-255,1484,40416,79,181088
4844,0.000577,172.31.40.0-255,66,40482,79,181088
4845,0.000584,74.125.24.0-255,2902,43384,79,181088
4846,0.000587,172.31.40.0-255,66,43450,79,181088
4847,0.000598,74.125.24.0-255,5738,49188,79,181088
4848,0.000601,172.31.40.0-255,66,49254,79,181088
4849,0.000607,74.125.24.0-255,5738,54992,79,181088
4850,0.000609,172.31.40.0-255,66,55058,79,181088
4851,0.000655,172.31.40.0-255,66,55124,79,181088
4852,0.000687,74.125.24.0-255,2902,58026,79,181088
4853,0.00069,172.31.40.0-255,66,58092,79,181088
4854,0.000717,74.125.24.0-255,2184,60276,79,181088
4855,0.000719,172.31.40.0-255,66,60342,79,181088
4856,0.000874,74.125.24.0-255,1484,61826,79,181088
4857,0.000879,74.125.24.0-255,2902,64728,79,181088
4858,0.000884,74.125.24.0-255,4320,69048,79,181088
4859,0.000892,172.31.40.0-255,66,69114,79,181088
4860,0.0009,172.31.40.0-255,66,69180,79,181088
4861,0.000903,74.125.24.0-255,1484,70664,79,181088
4862,0.000909,74.125.24.0-255,4320,74984,79,181088
4863,0.000915,172.31.40.0-255,66,75050,79,181088
4864,0.00092,74.125.24.0-255,2902,77952,79,181088
4865,0.000922,172.31.40.0-255,66,78018,79,181088
4866,0.000969,172.31.40.0-255,66,78084,79,181088
4867,0.000979,172.31.40.0-255,66,78150,79,181088
4868,0.001334,74.125.24.0-255,1484,79634,79,181088
4869,0.00134,74.125.24.0-255,2902,82536,79,181088
4870,0.001344,172.31.40.0-255,66,82602,79,181088
4871,0.00135,74.125.24.0-255,4320,86922,79,181088
4872,0.001352,172.31.40.0-255,66,86988,79,181088
4873,0.001373,74.125.24.0-255,1484,88472,79,181088
4874,0.001375,74.125.24.0-255,1484,89956,79,181088
4875,0.001379,172.31.40.0-255,66,90022,79,181088
4876,0.001408,172.31.40.0-255,66,90088,79,181088
4877,0.001421,172.31.40.0-255,66,90154,79,181088
4878,0.001447,74.125.24.0-255,1484,91638,79,181088
4879,0.001453,74.125.24.0-255,2902,94540,79,181088
4880,0.001455,172.31.40.0-255,66,94606,79,181088
4881,0.001461,74.125.24.0-255,5738,100344,79,181088
4882,0.001464,172.31.40.0-255,66,100410,79,181088
4883,0.001486,74.125.24.0-255,7156,107566,79,181088
4884,0.001492,172.31.40.0-255,66,107632,79,181088
4885,0.001524,74.125.24.0-255,5738,113370,79,181088
4886,0.001527,172.31.40.0-255,66,113436,79,181088
4887,0.001539,172.31.40.0-255,66,113502,79,181088
4888,0.001551,74.125.24.0-255,5020,118522,79,181088
4889,0.001554,172.31.40.0-255,66,118588,79,181088
4890,0.00156,74.125.24.0-255,5738,124326,79,181088
4891,0.001562,172.31.40.0-255,66,124392,79,181088
4892,0.001565,74.125.24.0-255,1484,125876,79,181088
4893,0.00161,172.31.40.0-255,66,125942,79,181088
4894,0.001627,172.31.40.0-255,66,126008,79,181088
4895,0.001666,172.31.40.0-255,66,126074,79,181088
4896,0.001691,172.31.40.0-255,66,126140,79,181088
4897,0.001694,74.125.24.0-255,1484,127624,79,181088
4898,0.001734,172.31.40.0-255,66,127690,79,181088
4899,0.001823,74.125.24.0-255,1484,129174,79,181088
4900,0.001828,74.125.24.0-255,2902,132076,79,181088
4901,0.001831,172.31.40.0-255,66,132142,79,181088
4902,0.001849,74.125.24.0-255,2902,135044,79,181088
4903,0.001852,172.31.40.0-255,66,135110,79,181088
4904,0.001858,74.125.24.0-255,4320,139430,79,181088
4905,0.00186,172.31.40.0-255,66,139496,79,181088
4906,0.001885,74.125.24.0-255,2902,142398,79,181088
4907,0.001891,172.31.40.0-255,66,142464,79,181088
4908,0.001935,172.31.40.0-255,66,142530,79,181088
4909,0.001961,74.125.24.0-255,3602,146132,79,181088
4910,0.001965,172.31.40.0-255,66,146198,79,181088
4911,0.004521,74.125.24.0-255,1484,147682,79,181088
4912,0.004545,74.125.24.0-255,4320,152002,79,181088
4913,0.00455,172.31.40.0-255,66,152068,79,181088
4914,0.007136,74.125.24.0-255,5738,157806,79,181088
4915,0.007142,172.31.40.0-255,66,157872,79,181088
4916,0.009816,74.125.24.0-255,5738,163610,79,181088
4917,0.009825,172.31.40.0-255,66,163676,79,181088
4918,0.012422,74.125.24.0-255,5738,169414,79,181088
4919,0.012431,172.31.40.0-255,66,169480,79,181088
4920,0.015034,74.125.24.0-255,5738,175218,79,181088
4921,0.015042,172.31.40.0-255,66,175284,79,181088
4922,0.017648,74.125.24.0-255,5738,181022,79,181088
4923,0.017656,172.31.40.0-255,66,181088,79,181088
4924,0.0,172.31.40.0-255,235,235,79,301
4925,0.00736,74.125.24.0-255,66,301,79,301
4926,0.0,172.217.160.0-255,143,143,79,132841
4927,2.1e-05,172.31.40.0-255,66,209,79,132841
4928,2.8e-05,172.217.160.0-255,1484,1693,79,132841
4929,3.2e-05,172.31.40.0-255,66,1759,79,132841
4930,3.8e-05,172.217.160.0-255,2902,4661,79,132841
4931,4.1e-05,172.31.40.0-255,66,4727,79,132841
4932,4.9e-05,172.217.160.0-255,7156,11883,79,132841
4933,5.2e-05,172.31.40.0-255,66,11949,79,132841
4934,5.5e-05,172.217.160.0-255,1484,13433,79,132841
4935,5.8e-05,172.31.40.0-255,66,13499,79,132841
4936,8.9e-05,172.31.40.0-255,66,13565,79,132841
4937,0.000109,172.217.160.0-255,3961,17526,79,132841
4938,0.000111,172.31.40.0-255,66,17592,79,132841
4939,0.000136,172.217.160.0-255,4320,21912,79,132841
4940,0.000138,172.31.40.0-255,66,21978,79,132841
4941,0.00015,172.31.40.0-255,66,22044,79,132841
4942,0.000153,172.217.160.0-255,2543,24587,79,132841
4943,0.000155,172.31.40.0-255,66,24653,79,132841
4944,0.000265,172.217.160.0-255,1484,26137,79,132841
4945,0.00027,172.31.40.0-255,66,26203,79,132841
4946,0.000275,172.217.160.0-255,2902,29105,79,132841
4947,0.000278,172.31.40.0-255,66,29171,79,132841
4948,0.000284,172.217.160.0-255,5738,34909,79,132841
4949,0.000286,172.31.40.0-255,66,34975,79,132841
4950,0.000315,172.217.160.0-255,6797,41772,79,132841
4951,0.000318,172.31.40.0-255,66,41838,79,132841
4952,0.000985,172.217.160.0-255,645,42483,79,132841
4953,0.000991,172.31.40.0-255,66,42549,79,132841
4954,0.001121,172.217.160.0-255,1484,44033,79,132841
4955,0.001126,172.31.40.0-255,66,44099,79,132841
4956,0.001132,172.217.160.0-255,2902,47001,79,132841
4957,0.001134,172.31.40.0-255,66,47067,79,132841
4958,0.001137,172.217.160.0-255,1484,48551,79,132841
4959,0.00116,172.217.160.0-255,5738,54289,79,132841
4960,0.001162,172.31.40.0-255,66,54355,79,132841
4961,0.001165,172.217.160.0-255,1484,55839,79,132841
4962,0.001185,172.217.160.0-255,7156,62995,79,132841
4963,0.001187,172.31.40.0-255,66,63061,79,132841
4964,0.0012,172.217.160.0-255,4320,67381,79,132841
4965,0.001202,172.31.40.0-255,66,67447,79,132841
4966,0.001205,172.217.160.0-255,1484,68931,79,132841
4967,0.001235,172.31.40.0-255,66,68997,79,132841
4968,0.002886,172.217.160.0-255,5738,74735,79,132841
4969,0.002895,172.31.40.0-255,66,74801,79,132841
4970,0.004538,172.217.160.0-255,5738,80539,79,132841
4971,0.004542,172.31.40.0-255,66,80605,79,132841
4972,0.00618,172.217.160.0-255,5738,86343,79,132841
4973,0.006184,172.31.40.0-255,66,86409,79,132841
4974,0.007826,172.217.160.0-255,5738,92147,79,132841
4975,0.007833,172.31.40.0-255,66,92213,79,132841
4976,0.009481,172.217.160.0-255,5738,97951,79,132841
4977,0.009489,172.31.40.0-255,66,98017,79,132841
4978,0.011136,172.217.160.0-255,5738,103755,79,132841
4979,0.011143,172.31.40.0-255,66,103821,79,132841
4980,0.012786,172.217.160.0-255,5738,109559,79,132841
4981,0.012793,172.31.40.0-255,66,109625,79,132841
4982,0.014443,172.217.160.0-255,5738,115363,79,132841
4983,0.014451,172.31.40.0-255,66,115429,79,132841
4984,0.016099,172.217.160.0-255,5738,121167,79,132841
4985,0.016109,172.31.40.0-255,66,121233,79,132841
4986,0.017754,172.217.160.0-255,5738,126971,79,132841
4987,0.017762,172.31.40.0-255,66,127037,79,132841
4988,0.019402,172.217.160.0-255,5738,132775,79,132841
4989,0.019409,172.31.40.0-255,66,132841,79,132841
4990,0.0,172.217.194.0-255,153,153,79,181039
4991,2.2e-05,172.31.40.0-255,66,219,79,181039
4992,3e-05,172.217.194.0-255,1484,1703,79,181039
4993,3.4e-05,172.31.40.0-255,66,1769,79,181039
4994,3.9e-05,172.217.194.0-255,2902,4671,79,181039
4995,4.3e-05,172.31.40.0-255,66,4737,79,181039
4996,5.1e-05,172.217.194.0-255,7156,11893,79,181039
4997,5.4e-05,172.31.40.0-255,66,11959,79,181039
4998,5.9e-05,172.217.194.0-255,2902,14861,79,181039
4999,6.2e-05,172.31.40.0-255,66,14927,79,181039
5000,0.000107,172.31.40.0-255,66,14993,79,181039
5001,0.000112,172.217.194.0-255,2543,17536,79,181039
5002,0.000114,172.31.40.0-255,66,17602,79,181039
5003,0.00045,172.217.194.0-255,1484,19086,79,181039
5004,0.000456,172.31.40.0-255,66,19152,79,181039
5005,0.000461,172.217.194.0-255,2902,22054,79,181039
5006,0.000463,172.31.40.0-255,66,22120,79,181039
5007,0.000469,172.217.194.0-255,4320,26440,79,181039
5008,0.000471,172.31.40.0-255,66,26506,79,181039
5009,0.000492,172.217.194.0-255,1484,27990,79,181039
5010,0.000494,172.31.40.0-255,66,28056,79,181039
5011,0.000501,172.217.194.0-255,4320,32376,79,181039
5012,0.000502,172.31.40.0-255,66,32442,79,181039
5013,0.000532,172.31.40.0-255,66,32508,79,181039
5014,0.000545,172.31.40.0-255,66,32574,79,181039
5015,0.000548,172.217.194.0-255,766,33340,79,181039
5016,0.00055,172.31.40.0-255,66,33406,79,181039
5017,0.00064,172.217.194.0-255,360,33766,79,181039
5018,0.000643,172.31.40.0-255,66,33832,79,181039
5019,0.000671,172.217.194.0-255,1484,35316,79,181039
5020,0.000685,172.217.194.0-255,2902,38218,79,181039
5021,0.000688,172.31.40.0-255,66,38284,79,181039
5022,0.00072,172.217.194.0-255,1484,39768,79,181039
5023,0.000733,172.31.40.0-255,66,39834,79,181039
5024,0.000736,172.217.194.0-255,1420,41254,79,181039
5025,0.000784,172.217.194.0-255,1484,42738,79,181039
5026,0.000787,172.31.40.0-255,66,42804,79,181039
5027,0.000792,172.217.194.0-255,2902,45706,79,181039
5028,0.000794,172.31.40.0-255,66,45772,79,181039
5029,0.000797,172.217.194.0-255,1484,47256,79,181039
5030,0.000826,172.217.194.0-255,4320,51576,79,181039
5031,0.000829,172.31.40.0-255,66,51642,79,181039
5032,0.000836,172.217.194.0-255,6797,58439,79,181039
5033,0.000838,172.31.40.0-255,66,58505,79,181039
5034,0.001114,172.217.194.0-255,1484,59989,79,181039
5035,0.00112,172.217.194.0-255,2902,62891,79,181039
5036,0.001123,172.31.40.0-255,66,62957,79,181039
5037,0.001149,172.217.194.0-255,5738,68695,79,181039
5038,0.001152,172.31.40.0-255,66,68761,79,181039
5039,0.001158,172.217.194.0-255,4320,73081,79,181039
5040,0.00116,172.31.40.0-255,66,73147,79,181039
5041,0.001203,172.31.40.0-255,66,73213,79,181039
5042,0.00121,172.217.194.0-255,7156,80369,79,181039
5043,0.001212,172.31.40.0-255,66,80435,79,181039
5044,0.001245,172.217.194.0-255,3602,84037,79,181039
5045,0.001248,172.31.40.0-255,66,84103,79,181039
5046,0.001344,172.217.194.0-255,1484,85587,79,181039
5047,0.001359,172.217.194.0-255,2902,88489,79,181039
5048,0.001362,172.31.40.0-255,66,88555,79,181039
5049,0.001387,172.217.194.0-255,5738,94293,79,181039
5050,0.001391,172.217.194.0-255,2902,97195,79,181039
5051,0.001395,172.31.40.0-255,66,97261,79,181039
5052,0.001402,172.31.40.0-255,66,97327,79,181039
5053,0.001407,172.217.194.0-255,2902,100229,79,181039
5054,0.00141,172.31.40.0-255,66,100295,79,181039
5055,0.001431,172.217.194.0-255,7156,107451,79,181039
5056,0.001434,172.31.40.0-255,66,107517,79,181039
5057,0.001465,172.217.194.0-255,4320,111837,79,181039
5058,0.001467,172.31.40.0-255,66,111903,79,181039
5059,0.001491,172.217.194.0-255,6438,118341,79,181039
5060,0.001496,172.31.40.0-255,66,118407,79,181039
5061,0.001564,172.217.194.0-255,1484,119891,79,181039
5062,0.00157,172.217.194.0-255,2902,122793,79,181039
5063,0.001572,172.31.40.0-255,66,122859,79,181039
5064,0.001602,172.217.194.0-255,5738,128597,79,181039
5065,0.001605,172.31.40.0-255,66,128663,79,181039
5066,0.001619,172.217.194.0-255,5738,134401,79,181039
5067,0.001622,172.31.40.0-255,66,134467,79,181039
5068,0.001648,172.217.194.0-255,4320,138787,79,181039
5069,0.001651,172.31.40.0-255,66,138853,79,181039
5070,0.001664,172.31.40.0-255,66,138919,79,181039
5071,0.001711,172.217.194.0-255,2184,141103,79,181039
5072,0.001715,172.31.40.0-255,66,141169,79,181039
5073,0.004342,172.217.194.0-255,1484,142653,79,181039
5074,0.004353,172.217.194.0-255,2902,145555,79,181039
5075,0.004358,172.31.40.0-255,66,145621,79,181039
5076,0.004364,172.217.194.0-255,1484,147105,79,181039
5077,0.006709,172.217.194.0-255,4320,151425,79,181039
5078,0.006712,172.31.40.0-255,66,151491,79,181039
5079,0.009057,172.217.194.0-255,2902,154393,79,181039
5080,0.009065,172.31.40.0-255,66,154459,79,181039
5081,0.009086,172.217.194.0-255,2902,157361,79,181039
5082,0.009089,172.31.40.0-255,66,157427,79,181039
5083,0.011442,172.217.194.0-255,2902,160329,79,181039
5084,0.011451,172.31.40.0-255,66,160395,79,181039
5085,0.011472,172.217.194.0-255,2902,163297,79,181039
5086,0.011475,172.31.40.0-255,66,163363,79,181039
5087,0.013806,172.217.194.0-255,2902,166265,79,181039
5088,0.013814,172.31.40.0-255,66,166331,79,181039
5089,0.013835,172.217.194.0-255,2902,169233,79,181039
5090,0.013837,172.31.40.0-255,66,169299,79,181039
5091,0.01616,172.217.194.0-255,2902,172201,79,181039
5092,0.016169,172.31.40.0-255,66,172267,79,181039
5093,0.016191,172.217.194.0-255,2902,175169,79,181039
5094,0.016194,172.31.40.0-255,66,175235,79,181039
5095,0.018586,172.217.194.0-255,5738,180973,79,181039
5096,0.018594,172.31.40.0-255,66,181039,79,181039
5097,0.0,74.125.68.0-255,153,153,79,215483
5098,2.2e-05,172.31.40.0-255,66,219,79,215483
5099,2.9e-05,74.125.68.0-255,1484,1703,79,215483
5100,3.3e-05,172.31.40.0-255,66,1769,79,215483
5101,3.9e-05,74.125.68.0-255,2902,4671,79,215483
5102,4.2e-05,172.31.40.0-255,66,4737,79,215483
5103,4.8e-05,74.125.68.0-255,5738,10475,79,215483
5104,5.2e-05,172.31.40.0-255,66,10541,79,215483
5105,5.5e-05,74.125.68.0-255,1484,12025,79,215483
5106,5.7e-05,172.31.40.0-255,66,12091,79,215483
5107,8.1e-05,74.125.68.0-255,1928,14019,79,215483
5108,8.4e-05,172.31.40.0-255,66,14085,79,215483
5109,9e-05,74.125.68.0-255,4320,18405,79,215483
5110,9.3e-05,172.31.40.0-255,66,18471,79,215483
5111,0.000118,74.125.68.0-255,4320,22791,79,215483
5112,0.00012,172.31.40.0-255,66,22857,79,215483
5113,0.000126,74.125.68.0-255,5738,28595,79,215483
5114,0.000128,172.31.40.0-255,66,28661,79,215483
5115,0.000176,74.125.68.0-255,4320,32981,79,215483
5116,0.000179,172.31.40.0-255,66,33047,79,215483
5117,0.000203,74.125.68.0-255,7156,40203,79,215483
5118,0.000206,172.31.40.0-255,66,40269,79,215483
5119,0.00021,74.125.68.0-255,4320,44589,79,215483
5120,0.000212,172.31.40.0-255,66,44655,79,215483
5121,0.000216,74.125.68.0-255,1484,46139,79,215483
5122,0.000217,172.31.40.0-255,66,46205,79,215483
5123,0.000237,74.125.68.0-255,2184,48389,79,215483
5124,0.000241,172.31.40.0-255,66,48455,79,215483
5125,0.000263,74.125.68.0-255,4320,52775,79,215483
5126,0.000265,172.31.40.0-255,66,52841,79,215483
5127,0.00027,74.125.68.0-255,2902,55743,79,215483
5128,0.000272,172.31.40.0-255,66,55809,79,215483
5129,0.000277,74.125.68.0-255,4320,60129,79,215483
5130,0.000279,172.31.40.0-255,66,60195,79,215483
5131,0.00032,74.125.68.0-255,5379,65574,79,215483
5132,0.000323,172.31.40.0-255,66,65640,79,215483
5133,0.000418,74.125.68.0-255,1484,67124,79,215483
5134,0.000423,74.125.68.0-255,1484,68608,79,215483
5135,0.000426,172.31.40.0-255,66,68674,79,215483
5136,0.000439,74.125.68.0-255,1484,70158,79,215483
5137,0.000453,74.125.68.0-255,5738,75896,79,215483
5138,0.000455,172.31.40.0-255,66,75962,79,215483
5139,0.000481,172.31.40.0-255,66,76028,79,215483
5140,0.000506,172.31.40.0-255,66,76094,79,215483
5141,0.000509,74.125.68.0-255,1484,77578,79,215483
5142,0.000536,74.125.68.0-255,5738,83316,79,215483
5143,0.000538,172.31.40.0-255,66,83382,79,215483
5144,0.000557,74.125.68.0-255,1125,84507,79,215483
5145,0.001072,74.125.68.0-255,1484,85991,79,215483
5146,0.001077,172.31.40.0-255,66,86057,79,215483
5147,0.001083,74.125.68.0-255,2902,88959,79,215483
5148,0.001085,172.31.40.0-255,66,89025,79,215483
5149,0.001102,74.125.68.0-255,5738,94763,79,215483
5150,0.001104,172.31.40.0-255,66,94829,79,215483
5151,0.001143,172.31.40.0-255,66,94895,79,215483
5152,0.001146,74.125.68.0-255,1484,96379,79,215483
5153,0.001175,172.31.40.0-255,66,96445,79,215483
5154,0.001181,74.125.68.0-255,5020,101465,79,215483
5155,0.001183,172.31.40.0-255,66,101531,79,215483
5156,0.001229,74.125.68.0-255,1484,103015,79,215483
5157,0.001232,74.125.68.0-255,1484,104499,79,215483
5158,0.001235,172.31.40.0-255,66,104565,79,215483
5159,0.001248,74.125.68.0-255,1484,106049,79,215483
5160,0.001275,74.125.68.0-255,5738,111787,79,215483
5161,0.001279,172.31.40.0-255,66,111853,79,215483
5162,0.001285,74.125.68.0-255,5738,117591,79,215483
5163,0.001287,172.31.40.0-255,66,117657,79,215483
5164,0.001295,74.125.68.0-255,7156,124813,79,215483
5165,0.001296,172.31.40.0-255,66,124879,79,215483
5166,0.001335,74.125.68.0-255,7156,132035,79,215483
5167,0.001338,172.31.40.0-255,66,132101,79,215483
5168,0.001358,74.125.68.0-255,3602,135703,79,215483
5169,0.001361,172.31.40.0-255,66,135769,79,215483
5170,0.001375,74.125.68.0-255,1484,137253,79,215483
5171,0.001379,74.125.68.0-255,2902,140155,79,215483
5172,0.001382,172.31.40.0-255,66,140221,79,215483
5173,0.001412,74.125.68.0-255,5738,145959,79,215483
5174,0.001416,172.31.40.0-255,66,146025,79,215483
5175,0.001446,172.31.40.0-255,66,146091,79,215483
5176,0.001472,172.31.40.0-255,66,146157,79,215483
5177,0.001492,74.125.68.0-255,5020,151177,79,215483
5178,0.001495,172.31.40.0-255,66,151243,79,215483
5179,0.001576,74.125.68.0-255,1484,152727,79,215483
5180,0.001591,74.125.68.0-255,2902,155629,79,215483
5181,0.001595,172.31.40.0-255,66,155695,79,215483
5182,0.001611,74.125.68.0-255,2902,158597,79,215483
5183,0.001614,172.31.40.0-255,66,158663,79,215483
5184,0.00164,74.125.68.0-255,2902,161565,79,215483
5185,0.001643,172.31.40.0-255,66,161631,79,215483
5186,0.00165,74.125.68.0-255,7156,168787,79,215483
5187,0.001652,172.31.40.0-255,66,168853,79,215483
5188,0.001663,172.31.40.0-255,66,168919,79,215483
5189,0.001739,172.31.40.0-255,66,168985,79,215483
5190,0.002037,74.125.68.0-255,1484,170469,79,215483
5191,0.003747,74.125.68.0-255,4320,174789,79,215483
5192,0.003754,172.31.40.0-255,66,174855,79,215483
5193,0.005767,74.125.68.0-255,5738,180593,79,215483
5194,0.005772,172.31.40.0-255,66,180659,79,215483
5195,0.007795,74.125.68.0-255,5738,186397,79,215483
5196,0.007801,172.31.40.0-255,66,186463,79,215483
5197,0.009829,74.125.68.0-255,5738,192201,79,215483
5198,0.009845,172.31.40.0-255,66,192267,79,215483
5199,0.011873,74.125.68.0-255,5738,198005,79,215483
5200,0.011888,172.31.40.0-255,66,198071,79,215483
5201,0.01392,74.125.68.0-255,5738,203809,79,215483
5202,0.013935,172.31.40.0-255,66,203875,79,215483
5203,0.015955,74.125.68.0-255,5738,209613,79,215483
5204,0.015969,172.31.40.0-255,66,209679,79,215483
5205,0.017981,74.125.68.0-255,5738,215417,79,215483
5206,0.017988,172.31.40.0-255,66,215483,79,215483
5207,0.0,172.217.194.0-255,150,150,79,218454
5208,2.1e-05,172.31.40.0-255,66,216,79,218454
5209,2.8e-05,172.217.194.0-255,1484,1700,79,218454
5210,3.3e-05,172.31.40.0-255,66,1766,79,218454
5211,4.5e-05,172.217.194.0-255,2902,4668,79,218454
5212,4.8e-05,172.31.40.0-255,66,4734,79,218454
5213,5.6e-05,172.217.194.0-255,7156,11890,79,218454
5214,5.8e-05,172.31.40.0-255,66,11956,79,218454
5215,6.2e-05,172.217.194.0-255,1966,13922,79,218454
5216,6.4e-05,172.31.40.0-255,66,13988,79,218454
5217,0.000102,172.217.194.0-255,2902,16890,79,218454
5218,0.000105,172.31.40.0-255,66,16956,79,218454
5219,0.000109,172.217.194.0-255,2902,19858,79,218454
5220,0.000111,172.31.40.0-255,66,19924,79,218454
5221,0.000149,172.217.194.0-255,7156,27080,79,218454
5222,0.000152,172.31.40.0-255,66,27146,79,218454
5223,0.000162,172.217.194.0-255,1484,28630,79,218454
5224,0.000164,172.31.40.0-255,66,28696,79,218454
5225,0.000192,172.217.194.0-255,5379,34075,79,218454
5226,0.000194,172.31.40.0-255,66,34141,79,218454
5227,0.000201,172.217.194.0-255,7156,41297,79,218454
5228,0.000203,172.31.40.0-255,66,41363,79,218454
5229,0.000207,172.217.194.0-255,2902,44265,79,218454
5230,0.000209,172.31.40.0-255,66,44331,79,218454
5231,0.000235,172.217.194.0-255,3961,48292,79,218454
5232,0.000241,172.31.40.0-255,66,48358,79,218454
5233,0.000269,172.217.194.0-255,5738,54096,79,218454
5234,0.000272,172.31.40.0-255,66,54162,79,218454
5235,0.000296,172.217.194.0-255,1484,55646,79,218454
5236,0.000298,172.31.40.0-255,66,55712,79,218454
5237,0.000312,172.31.40.0-255,66,55778,79,218454
5238,0.000315,172.217.194.0-255,1125,56903,79,218454
5239,0.000347,172.217.194.0-255,649,57552,79,218454
5240,0.000349,172.31.40.0-255,66,57618,79,218454
5241,0.000511,172.217.194.0-255,1484,59102,79,218454
5242,0.000517,172.217.194.0-255,2902,62004,79,218454
5243,0.00052,172.31.40.0-255,66,62070,79,218454
5244,0.000524,172.217.194.0-255,1484,63554,79,218454
5245,0.000557,172.217.194.0-255,4320,67874,79,218454
5246,0.000561,172.31.40.0-255,66,67940,79,218454
5247,0.000573,172.31.40.0-255,66,68006,79,218454
5248,0.000585,172.31.40.0-255,66,68072,79,218454
5249,0.000612,172.217.194.0-255,766,68838,79,218454
5250,0.000902,172.217.194.0-255,1484,70322,79,218454
5251,0.000907,172.31.40.0-255,66,70388,79,218454
5252,0.000914,172.217.194.0-255,2902,73290,79,218454
5253,0.000916,172.31.40.0-255,66,73356,79,218454
5254,0.000922,172.217.194.0-255,5738,79094,79,218454
5255,0.00093,172.31.40.0-255,66,79160,79,218454
5256,0.000932,172.217.194.0-255,1484,80644,79,218454
5257,0.00094,172.217.194.0-255,7156,87800,79,218454
5258,0.000942,172.31.40.0-255,66,87866,79,218454
5259,0.000964,172.217.194.0-255,1484,89350,79,218454
5260,0.000967,172.217.194.0-255,1484,90834,79,218454
5261,0.000968,172.31.40.0-255,66,90900,79,218454
5262,0.00101,172.31.40.0-255,66,90966,79,218454
5263,0.001098,172.217.194.0-255,1484,92450,79,218454
5264,0.001104,172.217.194.0-255,2902,95352,79,218454
5265,0.001106,172.31.40.0-255,66,95418,79,218454
5266,0.001111,172.217.194.0-255,4320,99738,79,218454
5267,0.001113,172.31.40.0-255,66,99804,79,218454
5268,0.001145,172.217.194.0-255,1484,101288,79,218454
5269,0.001151,172.217.194.0-255,5738,107026,79,218454
5270,0.001154,172.31.40.0-255,66,107092,79,218454
5271,0.001169,172.31.40.0-255,66,107158,79,218454
5272,0.001221,172.217.194.0-255,5020,112178,79,218454
5273,0.001223,172.31.40.0-255,66,112244,79,218454
5274,0.001226,172.217.194.0-255,1484,113728,79,218454
5275,0.001229,172.217.194.0-255,2902,116630,79,218454
5276,0.001231,172.31.40.0-255,66,116696,79,218454
5277,0.001257,172.217.194.0-255,5738,122434,79,218454
5278,0.00126,172.31.40.0-255,66,122500,79,218454
5279,0.001265,172.217.194.0-255,4320,126820,79,218454
5280,0.001267,172.31.40.0-255,66,126886,79,218454
5281,0.001305,172.31.40.0-255,66,126952,79,218454
5282,0.001315,172.31.40.0-255,66,127018,79,218454
5283,0.001322,172.217.194.0-255,2184,129202,79,218454
5284,0.001324,172.31.40.0-255,66,129268,79,218454
5285,0.001736,172.217.194.0-255,1484,130752,79,218454
5286,0.001742,172.217.194.0-255,2902,133654,79,218454
5287,0.001745,172.31.40.0-255,66,133720,79,218454
5288,0.00175,172.217.194.0-255,4320,138040,79,218454
5289,0.001752,172.31.40.0-255,66,138106,79,218454
5290,0.00177,172.217.194.0-255,1484,139590,79,218454
5291,0.001777,172.217.194.0-255,7156,146746,79,218454
5292,0.001779,172.31.40.0-255,66,146812,79,218454
5293,0.001808,172.217.194.0-255,5738,152550,79,218454
5294,0.001811,172.31.40.0-255,66,152616,79,218454
5295,0.00182,172.31.40.0-255,66,152682,79,218454
5296,0.001846,172.217.194.0-255,5020,157702,79,218454
5297,0.001848,172.31.40.0-255,66,157768,79,218454
5298,0.001854,172.217.194.0-255,5738,163506,79,218454
5299,0.001855,172.31.40.0-255,66,163572,79,218454
5300,0.001887,172.31.40.0-255,66,163638,79,218454
5301,0.001923,172.217.194.0-255,4320,167958,79,218454
5302,0.001925,172.31.40.0-255,66,168024,79,218454
5303,0.001942,172.31.40.0-255,66,168090,79,218454
5304,0.001944,172.217.194.0-255,766,168856,79,218454
5305,0.00203,172.217.194.0-255,1484,170340,79,218454
5306,0.002034,172.31.40.0-255,66,170406,79,218454
5307,0.002065,172.217.194.0-255,2902,173308,79,218454
5308,0.002068,172.31.40.0-255,66,173374,79,218454
5309,0.00408,172.217.194.0-255,5738,179112,79,218454
5310,0.00409,172.31.40.0-255,66,179178,79,218454
5311,0.006099,172.217.194.0-255,5738,184916,79,218454
5312,0.006112,172.31.40.0-255,66,184982,79,218454
5313,0.008144,172.217.194.0-255,4320,189302,79,218454
5314,0.008148,172.31.40.0-255,66,189368,79,218454
5315,0.008178,172.217.194.0-255,1484,190852,79,218454
5316,0.010205,172.217.194.0-255,4320,195172,79,218454
5317,0.010224,172.31.40.0-255,66,195238,79,218454
5318,0.012288,172.217.194.0-255,5738,200976,79,218454
5319,0.012309,172.31.40.0-255,66,201042,79,218454
5320,0.014364,172.217.194.0-255,5738,206780,79,218454
5321,0.014383,172.31.40.0-255,66,206846,79,218454
5322,0.01645,172.217.194.0-255,5738,212584,79,218454
5323,0.016461,172.31.40.0-255,66,212650,79,218454
5324,0.018515,172.217.194.0-255,5738,218388,79,218454
5325,0.018533,172.31.40.0-255,66,218454,79,218454
5326,0.0,172.217.194.0-255,153,153,79,139296
5327,2.2e-05,172.31.40.0-255,66,219,79,139296
5328,3.1e-05,172.217.194.0-255,1484,1703,79,139296
5329,3.5e-05,172.31.40.0-255,66,1769,79,139296
5330,4.8e-05,172.217.194.0-255,2902,4671,79,139296
5331,5.1e-05,172.31.40.0-255,66,4737,79,139296
5332,5.9e-05,172.217.194.0-255,7156,11893,79,139296
5333,6.2e-05,172.31.40.0-255,66,11959,79,139296
5334,7.8e-05,172.217.194.0-255,1999,13958,79,139296
5335,8.5e-05,172.31.40.0-255,66,14024,79,139296
5336,0.000518,172.217.194.0-255,1484,15508,79,139296
5337,0.000524,172.31.40.0-255,66,15574,79,139296
5338,0.000533,172.217.194.0-255,2902,18476,79,139296
5339,0.000535,172.31.40.0-255,66,18542,79,139296
5340,0.000546,172.217.194.0-255,4320,22862,79,139296
5341,0.000548,172.31.40.0-255,66,22928,79,139296
5342,0.000573,172.217.194.0-255,1484,24412,79,139296
5343,0.000575,172.31.40.0-255,66,24478,79,139296
5344,0.000594,172.31.40.0-255,66,24544,79,139296
5345,0.000638,172.31.40.0-255,66,24610,79,139296
5346,0.000643,172.217.194.0-255,4320,28930,79,139296
5347,0.000645,172.31.40.0-255,66,28996,79,139296
5348,0.000689,172.31.40.0-255,66,29062,79,139296
5349,0.000692,172.217.194.0-255,377,29439,79,139296
5350,0.000694,172.31.40.0-255,66,29505,79,139296
5351,0.000697,172.217.194.0-255,100,29605,79,139296
5352,0.000699,172.31.40.0-255,66,29671,79,139296
5353,0.000752,172.217.194.0-255,1484,31155,79,139296
5354,0.000755,172.31.40.0-255,66,31221,79,139296
5355,0.000759,172.217.194.0-255,1484,32705,79,139296
5356,0.000784,172.217.194.0-255,1484,34189,79,139296
5357,0.000787,172.31.40.0-255,66,34255,79,139296
5358,0.000794,172.217.194.0-255,7156,41411,79,139296
5359,0.000797,172.31.40.0-255,66,41477,79,139296
5360,0.0008,172.217.194.0-255,1484,42961,79,139296
5361,0.000815,172.31.40.0-255,66,43027,79,139296
5362,0.00085,172.31.40.0-255,66,43093,79,139296
5363,0.000888,172.217.194.0-255,363,43456,79,139296
5364,0.001375,172.217.194.0-255,1484,44940,79,139296
5365,0.001381,172.31.40.0-255,66,45006,79,139296
5366,0.001389,172.217.194.0-255,2902,47908,79,139296
5367,0.001392,172.31.40.0-255,66,47974,79,139296
5368,0.001405,172.217.194.0-255,5738,53712,79,139296
5369,0.001408,172.31.40.0-255,66,53778,79,139296
5370,0.001462,172.31.40.0-255,66,53844,79,139296
5371,0.001478,172.31.40.0-255,66,53910,79,139296
5372,0.001632,172.217.194.0-255,1484,55394,79,139296
5373,0.001637,172.217.194.0-255,2902,58296,79,139296
5374,0.001639,172.31.40.0-255,66,58362,79,139296
5375,0.001665,172.217.194.0-255,5738,64100,79,139296
5376,0.001668,172.31.40.0-255,66,64166,79,139296
5377,0.001731,172.31.40.0-255,66,64232,79,139296
5378,0.001734,172.217.194.0-255,1484,65716,79,139296
5379,0.001763,172.31.40.0-255,66,65782,79,139296
5380,0.001826,172.217.194.0-255,1484,67266,79,139296
5381,0.001843,172.217.194.0-255,2902,70168,79,139296
5382,0.001845,172.31.40.0-255,66,70234,79,139296
5383,0.001876,172.217.194.0-255,5738,75972,79,139296
5384,0.001879,172.31.40.0-255,66,76038,79,139296
5385,0.001886,172.217.194.0-255,7156,83194,79,139296
5386,0.001889,172.31.40.0-255,66,83260,79,139296
5387,0.001927,172.217.194.0-255,5738,88998,79,139296
5388,0.00193,172.31.40.0-255,66,89064,79,139296
5389,0.001937,172.217.194.0-255,7156,96220,79,139296
5390,0.00194,172.31.40.0-255,66,96286,79,139296
5391,0.001949,172.217.194.0-255,3602,99888,79,139296
5392,0.001951,172.31.40.0-255,66,99954,79,139296
5393,0.00259,172.217.194.0-255,1484,101438,79,139296
5394,0.002598,172.217.194.0-255,2902,104340,79,139296
5395,0.002602,172.31.40.0-255,66,104406,79,139296
5396,0.002606,172.217.194.0-255,1484,105890,79,139296
5397,0.005151,172.217.194.0-255,4320,110210,79,139296
5398,0.005158,172.31.40.0-255,66,110276,79,139296
5399,0.007727,172.217.194.0-255,5738,116014,79,139296
5400,0.007736,172.31.40.0-255,66,116080,79,139296
5401,0.010317,172.217.194.0-255,5738,121818,79,139296
5402,0.010326,172.31.40.0-255,66,121884,79,139296
5403,0.012925,172.217.194.0-255,5738,127622,79,139296
5404,0.012946,172.31.40.0-255,66,127688,79,139296
5405,0.015533,172.217.194.0-255,5738,133426,79,139296
5406,0.015553,172.31.40.0-255,66,133492,79,139296
5407,0.018139,172.217.194.0-255,5738,139230,79,139296
5408,0.018147,172.31.40.0-255,66,139296,79,139296
5409,0.0,172.217.194.0-255,146,146,79,199335
5410,3.3e-05,172.31.40.0-255,66,212,79,199335
5411,4.1e-05,172.217.194.0-255,1484,1696,79,199335
5412,4.5e-05,172.31.40.0-255,66,1762,79,199335
5413,4.9e-05,172.217.194.0-255,2902,4664,79,199335
5414,5.2e-05,172.31.40.0-255,66,4730,79,199335
5415,5.4e-05,172.217.194.0-255,1484,6214,79,199335
5416,5.7e-05,172.31.40.0-255,66,6280,79,199335
5417,6.4e-05,172.217.194.0-255,5738,12018,79,199335
5418,6.6e-05,172.31.40.0-255,66,12084,79,199335
5419,8.5e-05,172.217.194.0-255,2099,14183,79,199335
5420,8.7e-05,172.31.40.0-255,66,14249,79,199335
5421,0.000107,172.217.194.0-255,2902,17151,79,199335
5422,0.000109,172.31.40.0-255,66,17217,79,199335
5423,0.000115,172.217.194.0-255,5738,22955,79,199335
5424,0.000118,172.31.40.0-255,66,23021,79,199335
5425,0.000128,172.217.194.0-255,1484,24505,79,199335
5426,0.00013,172.31.40.0-255,66,24571,79,199335
5427,0.000198,172.217.194.0-255,6797,31368,79,199335
5428,0.000202,172.31.40.0-255,66,31434,79,199335
5429,0.000206,172.217.194.0-255,2902,34336,79,199335
5430,0.000208,172.31.40.0-255,66,34402,79,199335
5431,0.000223,172.217.194.0-255,4320,38722,79,199335
5432,0.000226,172.31.40.0-255,66,38788,79,199335
5433,0.000262,172.31.40.0-255,66,38854,79,199335
5434,0.001079,172.217.194.0-255,1484,40338,79,199335
5435,0.001086,172.31.40.0-255,66,40404,79,199335
5436,0.001095,172.217.194.0-255,2902,43306,79,199335
5437,0.001097,172.31.40.0-255,66,43372,79,199335
5438,0.001103,172.217.194.0-255,4320,47692,79,199335
5439,0.001105,172.31.40.0-255,66,47758,79,199335
5440,0.001149,172.31.40.0-255,66,47824,79,199335
5441,0.001157,172.217.194.0-255,7156,54980,79,199335
5442,0.001159,172.31.40.0-255,66,55046,79,199335
5443,0.00118,172.31.40.0-255,66,55112,79,199335
5444,0.001197,172.217.194.0-255,2902,58014,79,199335
5445,0.001199,172.31.40.0-255,66,58080,79,199335
5446,0.00123,172.31.40.0-255,66,58146,79,199335
5447,0.00125,172.217.194.0-255,4320,62466,79,199335
5448,0.001252,172.31.40.0-255,66,62532,79,199335
5449,0.001256,172.217.194.0-255,1705,64237,79,199335
5450,0.001259,172.31.40.0-255,66,64303,79,199335
5451,0.001451,172.217.194.0-255,1484,65787,79,199335
5452,0.001486,172.217.194.0-255,2902,68689,79,199335
5453,0.001491,172.31.40.0-255,66,68755,79,199335
5454,0.001497,172.217.194.0-255,5738,74493,79,199335
5455,0.001499,172.31.40.0-255,66,74559,79,199335
5456,0.001503,172.217.194.0-255,2902,77461,79,199335
5457,0.001505,172.31.40.0-255,66,77527,79,199335
5458,0.001509,172.217.194.0-255,2902,80429,79,199335
5459,0.001511,172.31.40.0-255,66,80495,79,199335
5460,0.001546,172.31.40.0-255,66,80561,79,199335
5461,0.00155,172.217.194.0-255,2902,83463,79,199335
5462,0.001552,172.31.40.0-255,66,83529,79,199335
5463,0.001566,172.217.194.0-255,3602,87131,79,199335
5464,0.001568,172.31.40.0-255,66,87197,79,199335
5465,0.001605,172.217.194.0-255,1484,88681,79,199335
5466,0.001609,172.217.194.0-255,2902,91583,79,199335
5467,0.001611,172.31.40.0-255,66,91649,79,199335
5468,0.001633,172.217.194.0-255,5738,97387,79,199335
5469,0.001635,172.31.40.0-255,66,97453,79,199335
5470,0.001638,172.217.194.0-255,1484,98937,79,199335
5471,0.001653,172.217.194.0-255,2902,101839,79,199335
5472,0.001666,172.217.194.0-255,2902,104741,79,199335
5473,0.00168,172.217.194.0-255,2902,107643,79,199335
5474,0.00172,172.217.194.0-255,2902,110545,79,199335
5475,0.001742,172.217.194.0-255,766,111311,79,199335
5476,0.002119,172.217.194.0-255,1484,112795,79,199335
5477,0.002132,172.217.194.0-255,2902,115697,79,199335
5478,0.002142,172.217.194.0-255,1484,117181,79,199335
5479,0.002154,172.217.194.0-255,2902,120083,79,199335
5480,0.002163,172.217.194.0-255,1484,121567,79,199335
5481,0.00218,172.217.194.0-255,4320,125887,79,199335
5482,0.002202,172.217.194.0-255,7156,133043,79,199335
5483,0.002211,172.217.194.0-255,1484,134527,79,199335
5484,0.002242,172.217.194.0-255,1484,136011,79,199335
5485,0.002258,172.217.194.0-255,1484,137495,79,199335
5486,0.002274,172.217.194.0-255,2902,140397,79,199335
5487,0.002283,172.217.194.0-255,1484,141881,79,199335
5488,0.002303,172.217.194.0-255,3602,145483,79,199335
5489,0.002409,172.217.194.0-255,1484,146967,79,199335
5490,0.002421,172.217.194.0-255,2902,149869,79,199335
5491,0.002434,172.217.194.0-255,1484,151353,79,199335
5492,0.002448,172.217.194.0-255,4320,155673,79,199335
5493,0.002464,172.217.194.0-255,1484,157157,79,199335
5494,0.00248,172.217.194.0-255,7156,164313,79,199335
5495,0.002494,172.217.194.0-255,2902,167215,79,199335
5496,0.002532,172.217.194.0-255,1484,168699,79,199335
5497,0.002547,172.217.194.0-255,2902,171601,79,199335
5498,0.006451,172.31.40.0-255,66,171667,79,199335
5499,0.009107,172.217.194.0-255,4320,175987,79,199335
5500,0.009116,172.31.40.0-255,66,176053,79,199335
5501,0.009134,172.217.194.0-255,1484,177537,79,199335
5502,0.011767,172.217.194.0-255,4320,181857,79,199335
5503,0.011779,172.31.40.0-255,66,181923,79,199335
5504,0.014412,172.217.194.0-255,5738,187661,79,199335
5505,0.014455,172.31.40.0-255,66,187727,79,199335
5506,0.017136,172.217.194.0-255,5738,193465,79,199335
5507,0.017158,172.31.40.0-255,66,193531,79,199335
5508,0.019835,172.217.194.0-255,5738,199269,79,199335
5509,0.019851,172.31.40.0-255,66,199335,79,199335
5510,0.0,172.217.194.0-255,149,149,79,214493
5511,1.5e-05,172.31.40.0-255,66,215,79,214493
5512,2.2e-05,172.217.194.0-255,1484,1699,79,214493
5513,2.7e-05,172.31.40.0-255,66,1765,79,214493
5514,3.3e-05,172.217.194.0-255,2902,4667,79,214493
5515,3.6e-05,172.31.40.0-255,66,4733,79,214493
5516,5.2e-05,172.217.194.0-255,7156,11889,79,214493
5517,5.5e-05,172.31.40.0-255,66,11955,79,214493
5518,5.9e-05,172.217.194.0-255,2030,13985,79,214493
5519,6.2e-05,172.31.40.0-255,66,14051,79,214493
5520,0.000107,172.217.194.0-255,2902,16953,79,214493
5521,0.00011,172.31.40.0-255,66,17019,79,214493
5522,0.000115,172.217.194.0-255,4320,21339,79,214493
5523,0.000118,172.31.40.0-255,66,21405,79,214493
5524,0.000123,172.217.194.0-255,4320,25725,79,214493
5525,0.000125,172.31.40.0-255,66,25791,79,214493
5526,0.000156,172.217.194.0-255,4320,30111,79,214493
5527,0.00016,172.31.40.0-255,66,30177,79,214493
5528,0.000163,172.217.194.0-255,1125,31302,79,214493
5529,0.000165,172.31.40.0-255,66,31368,79,214493
5530,0.000216,172.217.194.0-255,1484,32852,79,214493
5531,0.000219,172.31.40.0-255,66,32918,79,214493
5532,0.000223,172.217.194.0-255,2902,35820,79,214493
5533,0.000225,172.31.40.0-255,66,35886,79,214493
5534,0.000248,172.217.194.0-255,4320,40206,79,214493
5535,0.000251,172.31.40.0-255,66,40272,79,214493
5536,0.000273,172.217.194.0-255,1484,41756,79,214493
5537,0.000275,172.31.40.0-255,66,41822,79,214493
5538,0.000287,172.217.194.0-255,6797,48619,79,214493
5539,0.000289,172.31.40.0-255,66,48685,79,214493
5540,0.000341,172.31.40.0-255,66,48751,79,214493
5541,0.000345,172.217.194.0-255,2834,51585,79,214493
5542,0.000414,172.217.194.0-255,3200,54785,79,214493
5543,0.000418,172.217.194.0-255,1484,56269,79,214493
5544,0.000435,172.217.194.0-255,2902,59171,79,214493
5545,0.000443,172.217.194.0-255,5738,64909,79,214493
5546,0.000459,172.217.194.0-255,3961,68870,79,214493
5547,0.000479,172.217.194.0-255,1484,70354,79,214493
5548,0.000482,172.217.194.0-255,1484,71838,79,214493
5549,0.000498,172.217.194.0-255,1484,73322,79,214493
5550,0.000501,172.217.194.0-255,1484,74806,79,214493
5551,0.00052,172.217.194.0-255,4320,79126,79,214493
5552,0.000525,172.217.194.0-255,4320,83446,79,214493
5553,0.000539,172.217.194.0-255,2543,85989,79,214493
5554,0.000637,172.31.40.0-255,66,86055,79,214493
5555,0.001133,172.217.194.0-255,1484,87539,79,214493
5556,0.001138,172.217.194.0-255,1484,89023,79,214493
5557,0.001141,172.31.40.0-255,66,89089,79,214493
5558,0.001175,172.217.194.0-255,1484,90573,79,214493
5559,0.001182,172.217.194.0-255,5738,96311,79,214493
5560,0.001194,172.31.40.0-255,66,96377,79,214493
5561,0.001214,172.217.194.0-255,4320,100697,79,214493
5562,0.001216,172.217.194.0-255,1484,102181,79,214493
5563,0.001241,172.217.194.0-255,4320,106501,79,214493
5564,0.001269,172.31.40.0-255,66,106567,79,214493
5565,0.001338,172.217.194.0-255,2902,109469,79,214493
5566,0.001391,172.31.40.0-255,66,109535,79,214493
5567,0.001405,172.217.194.0-255,6438,115973,79,214493
5568,0.001415,172.217.194.0-255,5020,120993,79,214493
5569,0.001421,172.217.194.0-255,5738,126731,79,214493
5570,0.001426,172.217.194.0-255,4320,131051,79,214493
5571,0.001453,172.217.194.0-255,7156,138207,79,214493
5572,0.001469,172.217.194.0-255,4320,142527,79,214493
5573,0.001476,172.31.40.0-255,66,142593,79,214493
5574,0.001486,172.217.194.0-255,3602,146195,79,214493
5575,0.001506,172.31.40.0-255,66,146261,79,214493
5576,0.001537,172.217.194.0-255,1484,147745,79,214493
5577,0.001542,172.217.194.0-255,2902,150647,79,214493
5578,0.00156,172.217.194.0-255,4320,154967,79,214493
5579,0.001564,172.31.40.0-255,66,155033,79,214493
5580,0.001569,172.31.40.0-255,66,155099,79,214493
5581,0.001578,172.217.194.0-255,1484,156583,79,214493
5582,0.001628,172.217.194.0-255,4320,160903,79,214493
5583,0.001639,172.217.194.0-255,766,161669,79,214493
5584,0.001641,172.31.40.0-255,66,161735,79,214493
5585,0.001653,172.31.40.0-255,66,161801,79,214493
5586,0.001683,172.217.194.0-255,1484,163285,79,214493
5587,0.001698,172.217.194.0-255,4320,167605,79,214493
5588,0.001703,172.217.194.0-255,2902,170507,79,214493
5589,0.001709,172.31.40.0-255,66,170573,79,214493
5590,0.001718,172.217.194.0-255,4320,174893,79,214493
5591,0.001723,172.217.194.0-255,4320,179213,79,214493
5592,0.001742,172.217.194.0-255,4320,183533,79,214493
5593,0.001748,172.217.194.0-255,5738,189271,79,214493
5594,0.001751,172.31.40.0-255,66,189337,79,214493
5595,0.001783,172.217.194.0-255,6438,195775,79,214493
5596,0.0018,172.217.194.0-255,7156,202931,79,214493
5597,0.001821,172.31.40.0-255,66,202997,79,214493
5598,0.001833,172.217.194.0-255,2902,205899,79,214493
5599,0.001853,172.31.40.0-255,66,205965,79,214493
5600,0.001918,172.31.40.0-255,66,206031,79,214493
5601,0.001985,172.31.40.0-255,66,206097,79,214493
5602,0.001993,172.217.194.0-255,2184,208281,79,214493
5603,0.001996,172.217.194.0-255,1484,209765,79,214493
5604,0.002006,172.217.194.0-255,4320,214085,79,214493
5605,0.002012,172.31.40.0-255,66,214151,79,214493
5606,0.002091,172.217.194.0-255,105,214256,79,214493
5607,0.003388,172.31.40.0-255,66,214322,79,214493
5608,0.005971,172.31.40.0-255,105,214427,79,214493
5609,0.008533,172.217.194.0-255,66,214493,79,214493
5610,0.0,172.217.26.0-255,66,66,79,66
5611,0.0,172.253.118.0-255,149,149,79,180559
5612,2.4e-05,172.31.40.0-255,66,215,79,180559
5613,3.2e-05,172.253.118.0-255,1484,1699,79,180559
5614,3.6e-05,172.31.40.0-255,66,1765,79,180559
5615,4.2e-05,172.253.118.0-255,2902,4667,79,180559
5616,4.5e-05,172.31.40.0-255,66,4733,79,180559
5617,5.3e-05,172.253.118.0-255,7156,11889,79,180559
5618,5.6e-05,172.31.40.0-255,66,11955,79,180559
5619,6.1e-05,172.253.118.0-255,2902,14857,79,180559
5620,6.4e-05,172.31.40.0-255,66,14923,79,180559
5621,8.8e-05,172.253.118.0-255,4856,19779,79,180559
5622,9.1e-05,172.31.40.0-255,66,19845,79,180559
5623,0.000102,172.31.40.0-255,66,19911,79,180559
5624,0.000127,172.253.118.0-255,2543,22454,79,180559
5625,0.000129,172.31.40.0-255,66,22520,79,180559
5626,0.000194,172.253.118.0-255,1484,24004,79,180559
5627,0.000196,172.31.40.0-255,66,24070,79,180559
5628,0.000201,172.253.118.0-255,2902,26972,79,180559
5629,0.000204,172.31.40.0-255,66,27038,79,180559
5630,0.00022,172.253.118.0-255,5738,32776,79,180559
5631,0.000223,172.31.40.0-255,66,32842,79,180559
5632,0.000238,172.253.118.0-255,1484,34326,79,180559
5633,0.00024,172.31.40.0-255,66,34392,79,180559
5634,0.00026,172.253.118.0-255,7156,41548,79,180559
5635,0.000262,172.31.40.0-255,66,41614,79,180559
5636,0.00028,172.253.118.0-255,2543,44157,79,180559
5637,0.000283,172.31.40.0-255,66,44223,79,180559
5638,0.000298,172.253.118.0-255,1484,45707,79,180559
5639,0.000301,172.31.40.0-255,66,45773,79,180559
5640,0.000337,172.31.40.0-255,66,45839,79,180559
5641,0.000545,172.253.118.0-255,380,46219,79,180559
5642,0.000689,172.253.118.0-255,1484,47703,79,180559
5643,0.000694,172.31.40.0-255,66,47769,79,180559
5644,0.0007,172.253.118.0-255,2902,50671,79,180559
5645,0.000702,172.31.40.0-255,66,50737,79,180559
5646,0.00072,172.253.118.0-255,5738,56475,79,180559
5647,0.000722,172.31.40.0-255,66,56541,79,180559
5648,0.000725,172.253.118.0-255,1484,58025,79,180559
5649,0.00076,172.253.118.0-255,7156,65181,79,180559
5650,0.000763,172.31.40.0-255,66,65247,79,180559
5651,0.000782,172.253.118.0-255,2543,67790,79,180559
5652,0.000784,172.31.40.0-255,66,67856,79,180559
5653,0.00079,172.253.118.0-255,5738,73594,79,180559
5654,0.000793,172.31.40.0-255,66,73660,79,180559
5655,0.000812,172.253.118.0-255,2902,76562,79,180559
5656,0.000815,172.31.40.0-255,66,76628,79,180559
5657,0.000839,172.253.118.0-255,3961,80589,79,180559
5658,0.000842,172.31.40.0-255,66,80655,79,180559
5659,0.000975,172.253.118.0-255,1484,82139,79,180559
5660,0.000981,172.253.118.0-255,2902,85041,79,180559
5661,0.000984,172.31.40.0-255,66,85107,79,180559
5662,0.001007,172.253.118.0-255,5738,90845,79,180559
5663,0.00101,172.31.40.0-255,66,90911,79,180559
5664,0.001055,172.253.118.0-255,4320,95231,79,180559
5665,0.001058,172.31.40.0-255,66,95297,79,180559
5666,0.001085,172.31.40.0-255,66,95363,79,180559
5667,0.001097,172.31.40.0-255,66,95429,79,180559
5668,0.001101,172.253.118.0-255,766,96195,79,180559
5669,0.001309,172.253.118.0-255,1484,97679,79,180559
5670,0.001313,172.31.40.0-255,66,97745,79,180559
5671,0.001319,172.253.118.0-255,2902,100647,79,180559
5672,0.001321,172.31.40.0-255,66,100713,79,180559
5673,0.001328,172.253.118.0-255,5738,106451,79,180559
5674,0.001329,172.31.40.0-255,66,106517,79,180559
5675,0.001363,172.31.40.0-255,66,106583,79,180559
5676,0.001399,172.253.118.0-255,2902,109485,79,180559
5677,0.001402,172.31.40.0-255,66,109551,79,180559
5678,0.001433,172.31.40.0-255,66,109617,79,180559
5679,0.001735,172.253.118.0-255,1484,111101,79,180559
5680,0.001742,172.253.118.0-255,2902,114003,79,180559
5681,0.001746,172.31.40.0-255,66,114069,79,180559
5682,0.001772,172.253.118.0-255,5738,119807,79,180559
5683,0.001775,172.31.40.0-255,66,119873,79,180559
5684,0.001822,172.31.40.0-255,66,119939,79,180559
5685,0.001854,172.253.118.0-255,7156,127095,79,180559
5686,0.001857,172.31.40.0-255,66,127161,79,180559
5687,0.001879,172.253.118.0-255,3602,130763,79,180559
5688,0.001882,172.31.40.0-255,66,130829,79,180559
5689,0.002156,172.253.118.0-255,1484,132313,79,180559
5690,0.002162,172.253.118.0-255,2902,135215,79,180559
5691,0.002166,172.31.40.0-255,66,135281,79,180559
5692,0.002174,172.253.118.0-255,5738,141019,79,180559
5693,0.002176,172.31.40.0-255,66,141085,79,180559
5694,0.002228,172.31.40.0-255,66,141151,79,180559
5695,0.002242,172.31.40.0-255,66,141217,79,180559
5696,0.002509,172.253.118.0-255,1484,142701,79,180559
5697,0.002528,172.253.118.0-255,2902,145603,79,180559
5698,0.002533,172.31.40.0-255,66,145669,79,180559
5699,0.004723,172.253.118.0-255,1484,147153,79,180559
5700,0.00504,172.253.118.0-255,4320,151473,79,180559
5701,0.005045,172.31.40.0-255,66,151539,79,180559
5702,0.007566,172.253.118.0-255,5738,157277,79,180559
5703,0.007571,172.31.40.0-255,66,157343,79,180559
5704,0.010099,172.253.118.0-255,5738,163081,79,180559
5705,0.010106,172.31.40.0-255,66,163147,79,180559
5706,0.012631,172.253.118.0-255,5738,168885,79,180559
5707,0.012639,172.31.40.0-255,66,168951,79,180559
5708,0.015183,172.253.118.0-255,5738,174689,79,180559
5709,0.015192,172.31.40.0-255,66,174755,79,180559
5710,0.017734,172.253.118.0-255,5738,180493,79,180559
5711,0.017745,172.31.40.0-255,66,180559,79,180559
5712,0.0,172.217.194.0-255,147,147,79,203899
5713,2.7e-05,172.31.40.0-255,66,213,79,203899
5714,3.4e-05,172.217.194.0-255,1484,1697,79,203899
5715,3.9e-05,172.31.40.0-255,66,1763,79,203899
5716,4.5e-05,172.217.194.0-255,2902,4665,79,203899
5717,4.9e-05,172.31.40.0-255,66,4731,79,203899
5718,5.6e-05,172.217.194.0-255,7156,11887,79,203899
5719,6e-05,172.31.40.0-255,66,11953,79,203899
5720,6.4e-05,172.217.194.0-255,1946,13899,79,203899
5721,6.7e-05,172.31.40.0-255,66,13965,79,203899
5722,0.000118,172.217.194.0-255,2902,16867,79,203899
5723,0.000123,172.31.40.0-255,66,16933,79,203899
5724,0.000128,172.217.194.0-255,4320,21253,79,203899
5725,0.000131,172.31.40.0-255,66,21319,79,203899
5726,0.000156,172.31.40.0-255,66,21385,79,203899
5727,0.00018,172.217.194.0-255,3961,25346,79,203899
5728,0.000183,172.31.40.0-255,66,25412,79,203899
5729,0.000188,172.217.194.0-255,4320,29732,79,203899
5730,0.000191,172.31.40.0-255,66,29798,79,203899
5731,0.000194,172.217.194.0-255,1484,31282,79,203899
5732,0.000196,172.31.40.0-255,66,31348,79,203899
5733,0.00023,172.31.40.0-255,66,31414,79,203899
5734,0.000249,172.217.194.0-255,1484,32898,79,203899
5735,0.000251,172.31.40.0-255,66,32964,79,203899
5736,0.000256,172.217.194.0-255,2902,35866,79,203899
5737,0.000259,172.31.40.0-255,66,35932,79,203899
5738,0.000265,172.217.194.0-255,5738,41670,79,203899
5739,0.000267,172.31.40.0-255,66,41736,79,203899
5740,0.000302,172.217.194.0-255,4320,46056,79,203899
5741,0.000304,172.31.40.0-255,66,46122,79,203899
5742,0.000319,172.217.194.0-255,2543,48665,79,203899
5743,0.000322,172.31.40.0-255,66,48731,79,203899
5744,0.000324,172.217.194.0-255,679,49410,79,203899
5745,0.000507,172.217.194.0-255,1484,50894,79,203899
5746,0.000513,172.31.40.0-255,66,50960,79,203899
5747,0.00052,172.217.194.0-255,2902,53862,79,203899
5748,0.000523,172.31.40.0-255,66,53928,79,203899
5749,0.000529,172.217.194.0-255,5738,59666,79,203899
5750,0.000531,172.31.40.0-255,66,59732,79,203899
5751,0.000543,172.217.194.0-255,1484,61216,79,203899
5752,0.000569,172.31.40.0-255,66,61282,79,203899
5753,0.000608,172.31.40.0-255,66,61348,79,203899
5754,0.000682,172.217.194.0-255,1484,62832,79,203899
5755,0.0007,172.217.194.0-255,2902,65734,79,203899
5756,0.000703,172.31.40.0-255,66,65800,79,203899
5757,0.00071,172.217.194.0-255,5738,71538,79,203899
5758,0.000714,172.31.40.0-255,66,71604,79,203899
5759,0.00075,172.31.40.0-255,66,71670,79,203899
5760,0.000761,172.31.40.0-255,66,71736,79,203899
5761,0.000764,172.217.194.0-255,766,72502,79,203899
5762,0.000989,172.217.194.0-255,1484,73986,79,203899
5763,0.000995,172.31.40.0-255,66,74052,79,203899
5764,0.001002,172.217.194.0-255,2902,76954,79,203899
5765,0.001005,172.31.40.0-255,66,77020,79,203899
5766,0.001012,172.217.194.0-255,5738,82758,79,203899
5767,0.001015,172.31.40.0-255,66,82824,79,203899
5768,0.001042,172.217.194.0-255,7156,89980,79,203899
5769,0.001045,172.31.40.0-255,66,90046,79,203899
5770,0.001065,172.217.194.0-255,5738,95784,79,203899
5771,0.001068,172.31.40.0-255,66,95850,79,203899
5772,0.001082,172.31.40.0-255,66,95916,79,203899
5773,0.001121,172.217.194.0-255,3602,99518,79,203899
5774,0.001125,172.31.40.0-255,66,99584,79,203899
5775,0.001131,172.217.194.0-255,4320,103904,79,203899
5776,0.001133,172.31.40.0-255,66,103970,79,203899
5777,0.001145,172.31.40.0-255,66,104036,79,203899
5778,0.001189,172.31.40.0-255,66,104102,79,203899
5779,0.001312,172.217.194.0-255,1484,105586,79,203899
5780,0.001319,172.217.194.0-255,2902,108488,79,203899
5781,0.001322,172.31.40.0-255,66,108554,79,203899
5782,0.001348,172.217.194.0-255,5738,114292,79,203899
5783,0.001351,172.31.40.0-255,66,114358,79,203899
5784,0.001364,172.31.40.0-255,66,114424,79,203899
5785,0.001377,172.31.40.0-255,66,114490,79,203899
5786,0.001416,172.217.194.0-255,5738,120228,79,203899
5787,0.001418,172.31.40.0-255,66,120294,79,203899
5788,0.001447,172.217.194.0-255,6438,126732,79,203899
5789,0.00145,172.31.40.0-255,66,126798,79,203899
5790,0.001469,172.31.40.0-255,66,126864,79,203899
5791,0.00148,172.31.40.0-255,66,126930,79,203899
5792,0.001528,172.217.194.0-255,1484,128414,79,203899
5793,0.001558,172.31.40.0-255,66,128480,79,203899
5794,0.001572,172.31.40.0-255,66,128546,79,203899
5795,0.001584,172.31.40.0-255,66,128612,79,203899
5796,0.001668,172.217.194.0-255,1484,130096,79,203899
5797,0.001672,172.217.194.0-255,1484,131580,79,203899
5798,0.001675,172.31.40.0-255,66,131646,79,203899
5799,0.00169,172.217.194.0-255,1484,133130,79,203899
5800,0.001693,172.217.194.0-255,1484,134614,79,203899
5801,0.001695,172.31.40.0-255,66,134680,79,203899
5802,0.001718,172.217.194.0-255,4320,139000,79,203899
5803,0.001725,172.217.194.0-255,7156,146156,79,203899
5804,0.001735,172.31.40.0-255,66,146222,79,203899
5805,0.001738,172.31.40.0-255,66,146288,79,203899
5806,0.001754,172.217.194.0-255,2902,149190,79,203899
5807,0.001757,172.31.40.0-255,66,149256,79,203899
5808,0.001787,172.31.40.0-255,66,149322,79,203899
5809,0.001798,172.217.194.0-255,1484,150806,79,203899
5810,0.001802,172.217.194.0-255,2184,152990,79,203899
5811,0.001804,172.31.40.0-255,66,153056,79,203899
5812,0.001823,172.217.194.0-255,1484,154540,79,203899
5813,0.001827,172.217.194.0-255,2902,157442,79,203899
5814,0.00183,172.31.40.0-255,66,157508,79,203899
5815,0.001846,172.217.194.0-255,5738,163246,79,203899
5816,0.001851,172.31.40.0-255,66,163312,79,203899
5817,0.001881,172.217.194.0-255,5738,169050,79,203899
5818,0.001885,172.31.40.0-255,66,169116,79,203899
5819,0.001912,172.217.194.0-255,7156,176272,79,203899
5820,0.001915,172.31.40.0-255,66,176338,79,203899
5821,0.001927,172.31.40.0-255,66,176404,79,203899
5822,0.001934,172.217.194.0-255,5738,182142,79,203899
5823,0.001937,172.31.40.0-255,66,182208,79,203899
5824,0.00198,172.31.40.0-255,66,182274,79,203899
5825,0.001988,172.217.194.0-255,7156,189430,79,203899
5826,0.00199,172.31.40.0-255,66,189496,79,203899
5827,0.002021,172.31.40.0-255,66,189562,79,203899
5828,0.002036,172.217.194.0-255,5020,194582,79,203899
5829,0.002038,172.31.40.0-255,66,194648,79,203899
5830,0.002042,172.217.194.0-255,2902,197550,79,203899
5831,0.002045,172.31.40.0-255,66,197616,79,203899
5832,0.002075,172.217.194.0-255,5941,203557,79,203899
5833,0.002079,172.31.40.0-255,66,203623,79,203899
5834,0.002082,172.217.194.0-255,105,203728,79,203899
5835,0.019467,172.31.40.0-255,66,203794,79,203899
5836,0.01955,172.31.40.0-255,105,203899,79,203899
5837,0.0,172.217.194.0-255,150,150,79,137798
5838,3.1e-05,172.31.40.0-255,66,216,79,137798
5839,3.8e-05,172.217.194.0-255,1484,1700,79,137798
5840,4.3e-05,172.31.40.0-255,66,1766,79,137798
5841,4.9e-05,172.217.194.0-255,2902,4668,79,137798
5842,5.1e-05,172.31.40.0-255,66,4734,79,137798
5843,6.6e-05,172.217.194.0-255,7156,11890,79,137798
5844,6.9e-05,172.31.40.0-255,66,11956,79,137798
5845,7.9e-05,172.31.40.0-255,66,12022,79,137798
5846,0.000119,172.31.40.0-255,66,12088,79,137798
5847,0.000205,172.217.194.0-255,1484,13572,79,137798
5848,0.000209,172.31.40.0-255,66,13638,79,137798
5849,0.000215,172.217.194.0-255,2902,16540,79,137798
5850,0.000217,172.31.40.0-255,66,16606,79,137798
5851,0.000229,172.217.194.0-255,5738,22344,79,137798
5852,0.000232,172.31.40.0-255,66,22410,79,137798
5853,0.000273,172.31.40.0-255,66,22476,79,137798
5854,0.0003,172.217.194.0-255,4320,26796,79,137798
5855,0.000304,172.31.40.0-255,66,26862,79,137798
5856,0.000342,172.31.40.0-255,66,26928,79,137798
5857,0.00041,172.217.194.0-255,1484,28412,79,137798
5858,0.000413,172.31.40.0-255,66,28478,79,137798
5859,0.000418,172.217.194.0-255,2902,31380,79,137798
5860,0.000421,172.31.40.0-255,66,31446,79,137798
5861,0.000424,172.217.194.0-255,1484,32930,79,137798
5862,0.000432,172.31.40.0-255,66,32996,79,137798
5863,0.000466,172.217.194.0-255,4320,37316,79,137798
5864,0.000469,172.31.40.0-255,66,37382,79,137798
5865,0.000483,172.31.40.0-255,66,37448,79,137798
5866,0.000501,172.31.40.0-255,66,37514,79,137798
5867,0.000745,172.217.194.0-255,1484,38998,79,137798
5868,0.000751,172.217.194.0-255,2902,41900,79,137798
5869,0.000755,172.31.40.0-255,66,41966,79,137798
5870,0.000761,172.217.194.0-255,4320,46286,79,137798
5871,0.000763,172.31.40.0-255,66,46352,79,137798
5872,0.00079,172.217.194.0-255,1484,47836,79,137798
5873,0.000795,172.217.194.0-255,4320,52156,79,137798
5874,0.000798,172.31.40.0-255,66,52222,79,137798
5875,0.000816,172.31.40.0-255,66,52288,79,137798
5876,0.000847,172.217.194.0-255,1484,53772,79,137798
5877,0.000874,172.217.194.0-255,6438,60210,79,137798
5878,0.000878,172.31.40.0-255,66,60276,79,137798
5879,0.000889,172.31.40.0-255,66,60342,79,137798
5880,0.000909,172.31.40.0-255,66,60408,79,137798
5881,0.000947,172.31.40.0-255,66,60474,79,137798
5882,0.000965,172.217.194.0-255,2184,62658,79,137798
5883,0.000969,172.31.40.0-255,66,62724,79,137798
5884,0.001003,172.31.40.0-255,66,62790,79,137798
5885,0.001032,172.217.194.0-255,1484,64274,79,137798
5886,0.00105,172.31.40.0-255,66,64340,79,137798
5887,0.001053,172.217.194.0-255,766,65106,79,137798
5888,0.001084,172.217.194.0-255,7156,72262,79,137798
5889,0.001087,172.31.40.0-255,66,72328,79,137798
5890,0.001122,172.217.194.0-255,7156,79484,79,137798
5891,0.001126,172.31.40.0-255,66,79550,79,137798
5892,0.001136,172.31.40.0-255,66,79616,79,137798
5893,0.001149,172.217.194.0-255,3602,83218,79,137798
5894,0.001152,172.31.40.0-255,66,83284,79,137798
5895,0.001282,172.217.194.0-255,1484,84768,79,137798
5896,0.001287,172.217.194.0-255,1484,86252,79,137798
5897,0.00129,172.31.40.0-255,66,86318,79,137798
5898,0.001317,172.217.194.0-255,1484,87802,79,137798
5899,0.001323,172.217.194.0-255,5738,93540,79,137798
5900,0.001326,172.31.40.0-255,66,93606,79,137798
5901,0.00136,172.31.40.0-255,66,93672,79,137798
5902,0.001372,172.217.194.0-255,1484,95156,79,137798
5903,0.001389,172.31.40.0-255,66,95222,79,137798
5904,0.001391,172.217.194.0-255,766,95988,79,137798
5905,0.001465,172.217.194.0-255,1484,97472,79,137798
5906,0.001469,172.31.40.0-255,66,97538,79,137798
5907,0.001474,172.217.194.0-255,2902,100440,79,137798
5908,0.001477,172.31.40.0-255,66,100506,79,137798
5909,0.00148,172.217.194.0-255,1484,101990,79,137798
5910,0.001504,172.217.194.0-255,4320,106310,79,137798
5911,0.001507,172.31.40.0-255,66,106376,79,137798
5912,0.001519,172.31.40.0-255,66,106442,79,137798
5913,0.001548,172.217.194.0-255,1484,107926,79,137798
5914,0.00156,172.31.40.0-255,66,107992,79,137798
5915,0.001609,172.31.40.0-255,66,108058,79,137798
5916,0.001632,172.31.40.0-255,66,108124,79,137798
5917,0.001636,172.217.194.0-255,2184,110308,79,137798
5918,0.001638,172.31.40.0-255,66,110374,79,137798
5919,0.001645,172.217.194.0-255,5738,116112,79,137798
5920,0.001647,172.31.40.0-255,66,116178,79,137798
5921,0.001688,172.217.194.0-255,1484,117662,79,137798
5922,0.00173,172.217.194.0-255,5738,123400,79,137798
5923,0.001734,172.31.40.0-255,66,123466,79,137798
5924,0.001747,172.31.40.0-255,66,123532,79,137798
5925,0.001759,172.217.194.0-255,6438,129970,79,137798
5926,0.001762,172.31.40.0-255,66,130036,79,137798
5927,0.001781,172.31.40.0-255,66,130102,79,137798
5928,0.001794,172.31.40.0-255,66,130168,79,137798
5929,0.001826,172.217.194.0-255,7156,137324,79,137798
5930,0.001829,172.31.40.0-255,66,137390,79,137798
5931,0.001871,172.31.40.0-255,66,137456,79,137798
5932,0.001875,172.217.194.0-255,105,137561,79,137798
5933,0.008802,172.31.40.0-255,66,137627,79,137798
5934,0.008828,172.31.40.0-255,105,137732,79,137798
5935,0.011293,172.217.194.0-255,66,137798,79,137798
5936,0.0,74.125.68.0-255,145,145,79,168406
5937,2.3e-05,172.31.40.0-255,66,211,79,168406
5938,3.1e-05,74.125.68.0-255,1484,1695,79,168406
5939,3.5e-05,172.31.40.0-255,66,1761,79,168406
5940,4.1e-05,74.125.68.0-255,2902,4663,79,168406
5941,4.5e-05,172.31.40.0-255,66,4729,79,168406
5942,5.2e-05,74.125.68.0-255,5738,10467,79,168406
5943,5.7e-05,172.31.40.0-255,66,10533,79,168406
5944,8.7e-05,74.125.68.0-255,3330,13863,79,168406
5945,9e-05,172.31.40.0-255,66,13929,79,168406
5946,0.000137,74.125.68.0-255,1484,15413,79,168406
5947,0.00014,172.31.40.0-255,66,15479,79,168406
5948,0.000144,74.125.68.0-255,1484,16963,79,168406
5949,0.000146,172.31.40.0-255,66,17029,79,168406
5950,0.000159,74.125.68.0-255,1484,18513,79,168406
5951,0.000161,172.31.40.0-255,66,18579,79,168406
5952,0.000167,74.125.68.0-255,4320,22899,79,168406
5953,0.00017,172.31.40.0-255,66,22965,79,168406
5954,0.000202,74.125.68.0-255,5738,28703,79,168406
5955,0.000205,172.31.40.0-255,66,28769,79,168406
5956,0.000229,74.125.68.0-255,5379,34148,79,168406
5957,0.000231,172.31.40.0-255,66,34214,79,168406
5958,0.000261,74.125.68.0-255,2902,37116,79,168406
5959,0.000263,172.31.40.0-255,66,37182,79,168406
5960,0.000277,74.125.68.0-255,2902,40084,79,168406
5961,0.000279,172.31.40.0-255,66,40150,79,168406
5962,0.000291,172.31.40.0-255,66,40216,79,168406
5963,0.000531,74.125.68.0-255,1484,41700,79,168406
5964,0.000536,172.31.40.0-255,66,41766,79,168406
5965,0.000543,74.125.68.0-255,2902,44668,79,168406
5966,0.000546,172.31.40.0-255,66,44734,79,168406
5967,0.000561,74.125.68.0-255,2902,47636,79,168406
5968,0.000564,172.31.40.0-255,66,47702,79,168406
5969,0.00059,74.125.68.0-255,2902,50604,79,168406
5970,0.000592,172.31.40.0-255,66,50670,79,168406
5971,0.000601,74.125.68.0-255,6797,57467,79,168406
5972,0.000603,172.31.40.0-255,66,57533,79,168406
5973,0.000606,74.125.68.0-255,647,58180,79,168406
5974,0.000658,74.125.68.0-255,1484,59664,79,168406
5975,0.000662,172.31.40.0-255,66,59730,79,168406
5976,0.000666,74.125.68.0-255,1484,61214,79,168406
5977,0.000681,74.125.68.0-255,1484,62698,79,168406
5978,0.000683,172.31.40.0-255,66,62764,79,168406
5979,0.000686,74.125.68.0-255,1484,64248,79,168406
5980,0.000707,74.125.68.0-255,4320,68568,79,168406
5981,0.00071,172.31.40.0-255,66,68634,79,168406
5982,0.000718,74.125.68.0-255,6797,75431,79,168406
5983,0.000721,172.31.40.0-255,66,75497,79,168406
5984,0.000748,74.125.68.0-255,7156,82653,79,168406
5985,0.000752,172.31.40.0-255,66,82719,79,168406
5986,0.000764,74.125.68.0-255,1484,84203,79,168406
5987,0.000778,74.125.68.0-255,4320,88523,79,168406
5988,0.00078,172.31.40.0-255,66,88589,79,168406
5989,0.000798,74.125.68.0-255,1484,90073,79,168406
5990,0.000815,74.125.68.0-255,2543,92616,79,168406
5991,0.000818,172.31.40.0-255,66,92682,79,168406
5992,0.00093,74.125.68.0-255,1484,94166,79,168406
5993,0.000934,74.125.68.0-255,1484,95650,79,168406
5994,0.000937,172.31.40.0-255,66,95716,79,168406
5995,0.000956,74.125.68.0-255,1484,97200,79,168406
5996,0.000964,74.125.68.0-255,5738,102938,79,168406
5997,0.000966,172.31.40.0-255,66,103004,79,168406
5998,0.000982,74.125.68.0-255,1484,104488,79,168406
5999,0.001007,172.31.40.0-255,66,104554,79,168406
6000,0.001037,172.31.40.0-255,66,104620,79,168406
6001,0.001042,74.125.68.0-255,2184,106804,79,168406
6002,0.001044,172.31.40.0-255,66,106870,79,168406
6003,0.00147,74.125.68.0-255,1484,108354,79,168406
6004,0.001476,74.125.68.0-255,1484,109838,79,168406
6005,0.001479,172.31.40.0-255,66,109904,79,168406
6006,0.001501,74.125.68.0-255,1484,111388,79,168406
6007,0.001508,74.125.68.0-255,5738,117126,79,168406
6008,0.00151,172.31.40.0-255,66,117192,79,168406
6009,0.001536,74.125.68.0-255,4320,121512,79,168406
6010,0.001538,172.31.40.0-255,66,121578,79,168406
6011,0.001571,172.31.40.0-255,66,121644,79,168406
6012,0.001599,172.31.40.0-255,66,121710,79,168406
6013,0.00385,74.125.68.0-255,5738,127448,79,168406
6014,0.003858,172.31.40.0-255,66,127514,79,168406
6015,0.006096,74.125.68.0-255,2902,130416,79,168406
6016,0.0061,172.31.40.0-255,66,130482,79,168406
6017,0.00612,74.125.68.0-255,2902,133384,79,168406
6018,0.006122,172.31.40.0-255,66,133450,79,168406
6019,0.008368,74.125.68.0-255,2902,136352,79,168406
6020,0.008376,172.31.40.0-255,66,136418,79,168406
6021,0.008392,74.125.68.0-255,2902,139320,79,168406
6022,0.008394,172.31.40.0-255,66,139386,79,168406
6023,0.010636,74.125.68.0-255,5738,145124,79,168406
6024,0.010646,172.31.40.0-255,66,145190,79,168406
6025,0.012902,74.125.68.0-255,5738,150928,79,168406
6026,0.012913,172.31.40.0-255,66,150994,79,168406
6027,0.015169,74.125.68.0-255,5738,156732,79,168406
6028,0.015178,172.31.40.0-255,66,156798,79,168406
6029,0.017427,74.125.68.0-255,5738,162536,79,168406
6030,0.017439,172.31.40.0-255,66,162602,79,168406
6031,0.019701,74.125.68.0-255,5738,168340,79,168406
6032,0.019714,172.31.40.0-255,66,168406,79,168406
6033,0.0,74.125.200.0-255,297,297,79,219721
6034,1.3e-05,172.31.40.0-255,66,363,79,219721
6035,1.8e-05,74.125.200.0-255,1484,1847,79,219721
6036,2.3e-05,172.31.40.0-255,66,1913,79,219721
6037,3e-05,74.125.200.0-255,4320,6233,79,219721
6038,4.1e-05,172.31.40.0-255,66,6299,79,219721
6039,4.7e-05,74.125.200.0-255,5738,12037,79,219721
6040,5e-05,172.31.40.0-255,66,12103,79,219721
6041,7.8e-05,74.125.200.0-255,2902,15005,79,219721
6042,8e-05,172.31.40.0-255,66,15071,79,219721
6043,9.6e-05,74.125.200.0-255,3185,18256,79,219721
6044,9.9e-05,172.31.40.0-255,66,18322,79,219721
6045,0.000105,74.125.200.0-255,5738,24060,79,219721
6046,0.000107,172.31.40.0-255,66,24126,79,219721
6047,0.000133,74.125.200.0-255,6797,30923,79,219721
6048,0.000139,172.31.40.0-255,66,30989,79,219721
6049,0.000299,74.125.200.0-255,1484,32473,79,219721
6050,0.000303,172.31.40.0-255,66,32539,79,219721
6051,0.00032,74.125.200.0-255,2902,35441,79,219721
6052,0.000322,172.31.40.0-255,66,35507,79,219721
6053,0.000328,74.125.200.0-255,4320,39827,79,219721
6054,0.00033,172.31.40.0-255,66,39893,79,219721
6055,0.000358,74.125.200.0-255,1484,41377,79,219721
6056,0.00036,172.31.40.0-255,66,41443,79,219721
6057,0.000365,74.125.200.0-255,4320,45763,79,219721
6058,0.000367,172.31.40.0-255,66,45829,79,219721
6059,0.000395,74.125.200.0-255,2543,48372,79,219721
6060,0.000397,172.31.40.0-255,66,48438,79,219721
6061,0.000403,74.125.200.0-255,5738,54176,79,219721
6062,0.000405,172.31.40.0-255,66,54242,79,219721
6063,0.000421,74.125.200.0-255,1484,55726,79,219721
6064,0.000423,172.31.40.0-255,66,55792,79,219721
6065,0.000431,74.125.200.0-255,2902,58694,79,219721
6066,0.000433,172.31.40.0-255,66,58760,79,219721
6067,0.000437,74.125.200.0-255,4320,63080,79,219721
6068,0.000442,172.31.40.0-255,66,63146,79,219721
6069,0.000471,74.125.200.0-255,2820,65966,79,219721
6070,0.000473,172.31.40.0-255,66,66032,79,219721
6071,0.000497,74.125.200.0-255,379,66411,79,219721
6072,0.000605,74.125.200.0-255,1484,67895,79,219721
6073,0.000609,172.31.40.0-255,66,67961,79,219721
6074,0.000614,74.125.200.0-255,2902,70863,79,219721
6075,0.000617,172.31.40.0-255,66,70929,79,219721
6076,0.000636,74.125.200.0-255,4320,75249,79,219721
6077,0.000638,172.31.40.0-255,66,75315,79,219721
6078,0.000663,74.125.200.0-255,1484,76799,79,219721
6079,0.000668,74.125.200.0-255,4320,81119,79,219721
6080,0.000676,172.31.40.0-255,66,81185,79,219721
6081,0.000701,74.125.200.0-255,2902,84087,79,219721
6082,0.000703,172.31.40.0-255,66,84153,79,219721
6083,0.000725,74.125.200.0-255,4320,88473,79,219721
6084,0.000728,172.31.40.0-255,66,88539,79,219721
6085,0.000759,74.125.200.0-255,2902,91441,79,219721
6086,0.000762,172.31.40.0-255,66,91507,79,219721
6087,0.00079,74.125.200.0-255,4320,95827,79,219721
6088,0.000795,172.31.40.0-255,66,95893,79,219721
6089,0.000819,74.125.200.0-255,5020,100913,79,219721
6090,0.000822,172.31.40.0-255,66,100979,79,219721
6091,0.000867,74.125.200.0-255,1484,102463,79,219721
6092,0.000883,74.125.200.0-255,2902,105365,79,219721
6093,0.000886,172.31.40.0-255,66,105431,79,219721
6094,0.000898,74.125.200.0-255,2902,108333,79,219721
6095,0.0009,172.31.40.0-255,66,108399,79,219721
6096,0.000925,74.125.200.0-255,2902,111301,79,219721
6097,0.000928,172.31.40.0-255,66,111367,79,219721
6098,0.000932,74.125.200.0-255,2902,114269,79,219721
6099,0.000934,172.31.40.0-255,66,114335,79,219721
6100,0.000938,74.125.200.0-255,4320,118655,79,219721
6101,0.00094,172.31.40.0-255,66,118721,79,219721
6102,0.000961,74.125.200.0-255,1484,120205,79,219721
6103,0.000988,74.125.200.0-255,7156,127361,79,219721
6104,0.000991,172.31.40.0-255,66,127427,79,219721
6105,0.000995,74.125.200.0-255,2902,130329,79,219721
6106,0.000997,172.31.40.0-255,66,130395,79,219721
6107,0.001016,74.125.200.0-255,2902,133297,79,219721
6108,0.001018,172.31.40.0-255,66,133363,79,219721
6109,0.00105,74.125.200.0-255,2184,135547,79,219721
6110,0.001053,172.31.40.0-255,66,135613,79,219721
6111,0.001058,74.125.200.0-255,5738,141351,79,219721
6112,0.00106,172.31.40.0-255,66,141417,79,219721
6113,0.001064,74.125.200.0-255,2902,144319,79,219721
6114,0.001071,172.31.40.0-255,66,144385,79,219721
6115,0.001132,74.125.200.0-255,4320,148705,79,219721
6116,0.001136,172.31.40.0-255,66,148771,79,219721
6117,0.001145,172.31.40.0-255,66,148837,79,219721
6118,0.001148,74.125.200.0-255,1484,150321,79,219721
6119,0.001156,74.125.200.0-255,2902,153223,79,219721
6120,0.001158,172.31.40.0-255,66,153289,79,219721
6121,0.001163,74.125.200.0-255,5738,159027,79,219721
6122,0.001165,172.31.40.0-255,66,159093,79,219721
6123,0.001169,74.125.200.0-255,2184,161277,79,219721
6124,0.001171,172.31.40.0-255,66,161343,79,219721
6125,0.002353,74.125.200.0-255,1484,162827,79,219721
6126,0.002381,74.125.200.0-255,2902,165729,79,219721
6127,0.002386,172.31.40.0-255,66,165795,79,219721
6128,0.002391,74.125.200.0-255,1484,167279,79,219721
6129,0.002396,74.125.200.0-255,2902,170181,79,219721
6130,0.002398,172.31.40.0-255,66,170247,79,219721
6131,0.00241,74.125.200.0-255,5738,175985,79,219721
6132,0.002412,172.31.40.0-255,66,176051,79,219721
6133,0.002436,74.125.200.0-255,4320,180371,79,219721
6134,0.002438,172.31.40.0-255,66,180437,79,219721
6135,0.002464,74.125.200.0-255,4320,184757,79,219721
6136,0.00247,172.31.40.0-255,66,184823,79,219721
6137,0.002482,172.31.40.0-255,66,184889,79,219721
6138,0.002485,74.125.200.0-255,766,185655,79,219721
6139,0.005025,74.125.200.0-255,4320,189975,79,219721
6140,0.005033,172.31.40.0-255,66,190041,79,219721
6141,0.007583,74.125.200.0-255,2902,192943,79,219721
6142,0.007588,172.31.40.0-255,66,193009,79,219721
6143,0.007615,74.125.200.0-255,2902,195911,79,219721
6144,0.007617,172.31.40.0-255,66,195977,79,219721
6145,0.010122,74.125.200.0-255,2902,198879,79,219721
6146,0.010129,172.31.40.0-255,66,198945,79,219721
6147,0.010151,74.125.200.0-255,2902,201847,79,219721
6148,0.010154,172.31.40.0-255,66,201913,79,219721
6149,0.012673,74.125.200.0-255,2902,204815,79,219721
6150,0.012682,172.31.40.0-255,66,204881,79,219721
6151,0.012715,74.125.200.0-255,2902,207783,79,219721
6152,0.012717,172.31.40.0-255,66,207849,79,219721
6153,0.015219,74.125.200.0-255,2902,210751,79,219721
6154,0.015226,172.31.40.0-255,66,210817,79,219721
6155,0.015261,74.125.200.0-255,2902,213719,79,219721
6156,0.015264,172.31.40.0-255,66,213785,79,219721
6157,0.017784,74.125.200.0-255,2902,216687,79,219721
6158,0.017795,172.31.40.0-255,66,216753,79,219721
6159,0.017829,74.125.200.0-255,2902,219655,79,219721
6160,0.017832,172.31.40.0-255,66,219721,79,219721
6161,0.0,74.125.68.0-255,146,146,79,268826
6162,1.7e-05,172.31.40.0-255,66,212,79,268826
6163,2.3e-05,74.125.68.0-255,1484,1696,79,268826
6164,2.7e-05,172.31.40.0-255,66,1762,79,268826
6165,3.2e-05,74.125.68.0-255,2902,4664,79,268826
6166,3.5e-05,172.31.40.0-255,66,4730,79,268826
6167,3.8e-05,74.125.68.0-255,1484,6214,79,268826
6168,4.2e-05,172.31.40.0-255,66,6280,79,268826
6169,7.2e-05,74.125.68.0-255,5738,12018,79,268826
6170,7.6e-05,172.31.40.0-255,66,12084,79,268826
6171,7.8e-05,74.125.68.0-255,1484,13568,79,268826
6172,8e-05,172.31.40.0-255,66,13634,79,268826
6173,9.1e-05,74.125.68.0-255,574,14208,79,268826
6174,9.4e-05,172.31.40.0-255,66,14274,79,268826
6175,0.000155,74.125.68.0-255,1484,15758,79,268826
6176,0.000158,172.31.40.0-255,66,15824,79,268826
6177,0.000161,74.125.68.0-255,1484,17308,79,268826
6178,0.000163,172.31.40.0-255,66,17374,79,268826
6179,0.000167,74.125.68.0-255,1484,18858,79,268826
6180,0.000169,172.31.40.0-255,66,18924,79,268826
6181,0.000197,74.125.68.0-255,1484,20408,79,268826
6182,0.000199,172.31.40.0-255,66,20474,79,268826
6183,0.000205,74.125.68.0-255,5738,26212,79,268826
6184,0.000208,172.31.40.0-255,66,26278,79,268826
6185,0.000215,74.125.68.0-255,5379,31657,79,268826
6186,0.000217,172.31.40.0-255,66,31723,79,268826
6187,0.000251,74.125.68.0-255,5738,37461,79,268826
6188,0.000255,172.31.40.0-255,66,37527,79,268826
6189,0.000259,74.125.68.0-255,2902,40429,79,268826
6190,0.000261,172.31.40.0-255,66,40495,79,268826
6191,0.000274,74.125.68.0-255,1484,41979,79,268826
6192,0.000276,172.31.40.0-255,66,42045,79,268826
6193,0.000282,74.125.68.0-255,4320,46365,79,268826
6194,0.000285,172.31.40.0-255,66,46431,79,268826
6195,0.000309,74.125.68.0-255,1484,47915,79,268826
6196,0.000312,74.125.68.0-255,1125,49040,79,268826
6197,0.000315,172.31.40.0-255,66,49106,79,268826
6198,0.000388,74.125.68.0-255,1484,50590,79,268826
6199,0.0004,74.125.68.0-255,2902,53492,79,268826
6200,0.000403,172.31.40.0-255,66,53558,79,268826
6201,0.000424,74.125.68.0-255,2902,56460,79,268826
6202,0.000426,172.31.40.0-255,66,56526,79,268826
6203,0.000431,74.125.68.0-255,4320,60846,79,268826
6204,0.000433,172.31.40.0-255,66,60912,79,268826
6205,0.000479,74.125.68.0-255,4320,65232,79,268826
6206,0.000482,172.31.40.0-255,66,65298,79,268826
6207,0.000498,74.125.68.0-255,1705,67003,79,268826
6208,0.000501,172.31.40.0-255,66,67069,79,268826
6209,0.000643,74.125.68.0-255,1484,68553,79,268826
6210,0.000651,74.125.68.0-255,2902,71455,79,268826
6211,0.000655,172.31.40.0-255,66,71521,79,268826
6212,0.000689,74.125.68.0-255,2902,74423,79,268826
6213,0.000692,172.31.40.0-255,66,74489,79,268826
6214,0.00071,74.125.68.0-255,1484,75973,79,268826
6215,0.000718,74.125.68.0-255,5738,81711,79,268826
6216,0.00072,172.31.40.0-255,66,81777,79,268826
6217,0.000768,74.125.68.0-255,2543,84320,79,268826
6218,0.000772,172.31.40.0-255,66,84386,79,268826
6219,0.000777,74.125.68.0-255,2902,87288,79,268826
6220,0.000779,172.31.40.0-255,66,87354,79,268826
6221,0.000806,74.125.68.0-255,7156,94510,79,268826
6222,0.000809,172.31.40.0-255,66,94576,79,268826
6223,0.000829,74.125.68.0-255,6248,100824,79,268826
6224,0.000832,172.31.40.0-255,66,100890,79,268826
6225,0.000873,74.125.68.0-255,1484,102374,79,268826
6226,0.000878,74.125.68.0-255,2902,105276,79,268826
6227,0.000881,172.31.40.0-255,66,105342,79,268826
6228,0.000907,74.125.68.0-255,5738,111080,79,268826
6229,0.00091,172.31.40.0-255,66,111146,79,268826
6230,0.00092,172.31.40.0-255,101,111247,79,268826
6231,0.000933,74.125.68.0-255,6783,118030,79,268826
6232,0.000938,172.31.40.0-255,66,118096,79,268826
6233,0.00124,74.125.68.0-255,1484,119580,79,268826
6234,0.001256,74.125.68.0-255,2902,122482,79,268826
6235,0.00126,172.31.40.0-255,66,122548,79,268826
6236,0.001283,74.125.68.0-255,5738,128286,79,268826
6237,0.001286,172.31.40.0-255,66,128352,79,268826
6238,0.001289,74.125.68.0-255,1484,129836,79,268826
6239,0.001311,74.125.68.0-255,5738,135574,79,268826
6240,0.001313,172.31.40.0-255,66,135640,79,268826
6241,0.001325,74.125.68.0-255,1484,137124,79,268826
6242,0.001362,172.31.40.0-255,66,137190,79,268826
6243,0.001382,74.125.68.0-255,3602,140792,79,268826
6244,0.001385,172.31.40.0-255,66,140858,79,268826
6245,0.00155,74.125.68.0-255,1484,142342,79,268826
6246,0.001569,74.125.68.0-255,1484,143826,79,268826
6247,0.001572,172.31.40.0-255,66,143892,79,268826
6248,0.001575,74.125.68.0-255,1484,145376,79,268826
6249,0.001587,74.125.68.0-255,1484,146860,79,268826
6250,0.00159,172.31.40.0-255,66,146926,79,268826
6251,0.001602,74.125.68.0-255,5738,152664,79,268826
6252,0.001606,172.31.40.0-255,66,152730,79,268826
6253,0.001627,74.125.68.0-255,2902,155632,79,268826
6254,0.00163,172.31.40.0-255,66,155698,79,268826
6255,0.001634,74.125.68.0-255,2902,158600,79,268826
6256,0.001636,172.31.40.0-255,66,158666,79,268826
6257,0.001648,74.125.68.0-255,1484,160150,79,268826
6258,0.00166,74.125.68.0-255,2902,163052,79,268826
6259,0.001663,172.31.40.0-255,66,163118,79,268826
6260,0.001681,74.125.68.0-255,5738,168856,79,268826
6261,0.001683,172.31.40.0-255,66,168922,79,268826
6262,0.0017,74.125.68.0-255,4320,173242,79,268826
6263,0.001702,172.31.40.0-255,66,173308,79,268826
6264,0.001737,74.125.68.0-255,2184,175492,79,268826
6265,0.00174,172.31.40.0-255,66,175558,79,268826
6266,0.001866,74.125.68.0-255,1484,177042,79,268826
6267,0.00187,74.125.68.0-255,1484,178526,79,268826
6268,0.001873,172.31.40.0-255,66,178592,79,268826
6269,0.001894,74.125.68.0-255,1484,180076,79,268826
6270,0.0019,74.125.68.0-255,4320,184396,79,268826
6271,0.001903,172.31.40.0-255,66,184462,79,268826
6272,0.001927,172.31.40.0-255,66,184528,79,268826
6273,0.001932,74.125.68.0-255,4320,188848,79,268826
6274,0.001935,172.31.40.0-255,66,188914,79,268826
6275,0.001938,74.125.68.0-255,1484,190398,79,268826
6276,0.001963,74.125.68.0-255,4320,194718,79,268826
6277,0.001967,172.31.40.0-255,66,194784,79,268826
6278,0.001987,74.125.68.0-255,5738,200522,79,268826
6279,0.001991,172.31.40.0-255,66,200588,79,268826
6280,0.002006,74.125.68.0-255,766,201354,79,268826
6281,0.002038,74.125.68.0-255,4320,205674,79,268826
6282,0.002043,172.31.40.0-255,66,205740,79,268826
6283,0.002065,74.125.68.0-255,5738,211478,79,268826
6284,0.002068,172.31.40.0-255,66,211544,79,268826
6285,0.002104,74.125.68.0-255,2902,214446,79,268826
6286,0.002107,172.31.40.0-255,66,214512,79,268826
6287,0.002136,172.31.40.0-255,66,214578,79,268826
6288,0.002142,74.125.68.0-255,4320,218898,79,268826
6289,0.002144,172.31.40.0-255,66,218964,79,268826
6290,0.002159,172.31.40.0-255,66,219030,79,268826
6291,0.002302,74.125.68.0-255,1484,220514,79,268826
6292,0.00232,74.125.68.0-255,2902,223416,79,268826
6293,0.002324,172.31.40.0-255,66,223482,79,268826
6294,0.002351,74.125.68.0-255,4320,227802,79,268826
6295,0.002355,172.31.40.0-255,66,227868,79,268826
6296,0.003204,74.125.68.0-255,66,227934,79,268826
6297,0.004636,74.125.68.0-255,1484,229418,79,268826
6298,0.004676,74.125.68.0-255,1484,230902,79,268826
6299,0.004681,172.31.40.0-255,66,230968,79,268826
6300,0.004697,74.125.68.0-255,2902,233870,79,268826
6301,0.0047,172.31.40.0-255,66,233936,79,268826
6302,0.006991,74.125.68.0-255,1484,235420,79,268826
6303,0.007004,74.125.68.0-255,4320,239740,79,268826
6304,0.007006,172.31.40.0-255,66,239806,79,268826
6305,0.009357,74.125.68.0-255,5738,245544,79,268826
6306,0.009364,172.31.40.0-255,66,245610,79,268826
6307,0.011709,74.125.68.0-255,5738,251348,79,268826
6308,0.011718,172.31.40.0-255,66,251414,79,268826
6309,0.014043,74.125.68.0-255,5738,257152,79,268826
6310,0.01405,172.31.40.0-255,66,257218,79,268826
6311,0.016379,74.125.68.0-255,5738,262956,79,268826
6312,0.016386,172.31.40.0-255,66,263022,79,268826
6313,0.018729,74.125.68.0-255,5738,268760,79,268826
6314,0.018738,172.31.40.0-255,66,268826,79,268826
6315,0.0,172.217.26.0-255,152,152,79,143673
6316,2.3e-05,172.31.40.0-255,66,218,79,143673
6317,3e-05,172.217.26.0-255,1484,1702,79,143673
6318,3.5e-05,172.31.40.0-255,66,1768,79,143673
6319,4.1e-05,172.217.26.0-255,2902,4670,79,143673
6320,4.4e-05,172.31.40.0-255,66,4736,79,143673
6321,5.2e-05,172.217.26.0-255,7156,11892,79,143673
6322,5.5e-05,172.31.40.0-255,66,11958,79,143673
6323,5.9e-05,172.217.26.0-255,1983,13941,79,143673
6324,6.3e-05,172.31.40.0-255,66,14007,79,143673
6325,0.000144,172.217.26.0-255,1484,15491,79,143673
6326,0.000148,172.31.40.0-255,66,15557,79,143673
6327,0.000154,172.217.26.0-255,2902,18459,79,143673
6328,0.000158,172.31.40.0-255,66,18525,79,143673
6329,0.000176,172.217.26.0-255,5738,24263,79,143673
6330,0.000178,172.31.40.0-255,66,24329,79,143673
6331,0.000203,172.217.26.0-255,1484,25813,79,143673
6332,0.000205,172.31.40.0-255,66,25879,79,143673
6333,0.000221,172.217.26.0-255,5379,31258,79,143673
6334,0.000224,172.31.40.0-255,66,31324,79,143673
6335,0.000247,172.217.26.0-255,1484,32808,79,143673
6336,0.000249,172.31.40.0-255,66,32874,79,143673
6337,0.000268,172.217.26.0-255,5738,38612,79,143673
6338,0.000271,172.31.40.0-255,66,38678,79,143673
6339,0.000277,172.217.26.0-255,5738,44416,79,143673
6340,0.00028,172.31.40.0-255,66,44482,79,143673
6341,0.000302,172.217.26.0-255,1484,45966,79,143673
6342,0.000304,172.31.40.0-255,66,46032,79,143673
6343,0.000324,172.217.26.0-255,2543,48575,79,143673
6344,0.000326,172.31.40.0-255,66,48641,79,143673
6345,0.000419,172.217.26.0-255,1484,50125,79,143673
6346,0.000423,172.31.40.0-255,66,50191,79,143673
6347,0.000428,172.217.26.0-255,2902,53093,79,143673
6348,0.000431,172.31.40.0-255,66,53159,79,143673
6349,0.000437,172.217.26.0-255,5738,58897,79,143673
6350,0.00044,172.31.40.0-255,66,58963,79,143673
6351,0.000462,172.217.26.0-255,5738,64701,79,143673
6352,0.000465,172.31.40.0-255,66,64767,79,143673
6353,0.000485,172.217.26.0-255,1452,66219,79,143673
6354,0.00099,172.31.40.0-255,66,66285,79,143673
6355,0.001376,172.217.26.0-255,116,66401,79,143673
6356,0.001485,172.217.26.0-255,1484,67885,79,143673
6357,0.001493,172.31.40.0-255,66,67951,79,143673
6358,0.001501,172.217.26.0-255,2902,70853,79,143673
6359,0.001504,172.31.40.0-255,66,70919,79,143673
6360,0.001509,172.217.26.0-255,2902,73821,79,143673
6361,0.001511,172.31.40.0-255,66,73887,79,143673
6362,0.001517,172.217.26.0-255,4320,78207,79,143673
6363,0.001519,172.31.40.0-255,66,78273,79,143673
6364,0.001545,172.31.40.0-255,66,78339,79,143673
6365,0.00155,172.217.26.0-255,2902,81241,79,143673
6366,0.001566,172.31.40.0-255,66,81307,79,143673
6367,0.001591,172.217.26.0-255,7156,88463,79,143673
6368,0.001593,172.31.40.0-255,66,88529,79,143673
6369,0.001613,172.217.26.0-255,2543,91072,79,143673
6370,0.001615,172.31.40.0-255,66,91138,79,143673
6371,0.003531,172.217.26.0-255,2902,94040,79,143673
6372,0.003537,172.31.40.0-255,66,94106,79,143673
6373,0.00356,172.217.26.0-255,2902,97008,79,143673
6374,0.003563,172.31.40.0-255,66,97074,79,143673
6375,0.0055,172.217.26.0-255,5738,102812,79,143673
6376,0.005507,172.31.40.0-255,66,102878,79,143673
6377,0.007459,172.217.26.0-255,5738,108616,79,143673
6378,0.007464,172.31.40.0-255,66,108682,79,143673
6379,0.007565,172.31.40.0-255,101,108783,79,143673
6380,0.00942,172.217.26.0-255,5738,114521,79,143673
6381,0.009427,172.31.40.0-255,66,114587,79,143673
6382,0.009498,172.217.26.0-255,66,114653,79,143673
6383,0.011379,172.217.26.0-255,5738,120391,79,143673
6384,0.011388,172.31.40.0-255,66,120457,79,143673
6385,0.013372,172.217.26.0-255,5738,126195,79,143673
6386,0.01338,172.31.40.0-255,66,126261,79,143673
6387,0.01533,172.217.26.0-255,5738,131999,79,143673
6388,0.015339,172.31.40.0-255,66,132065,79,143673
6389,0.017294,172.217.26.0-255,5738,137803,79,143673
6390,0.017301,172.31.40.0-255,66,137869,79,143673
6391,0.019258,172.217.26.0-255,5738,143607,79,143673
6392,0.019269,172.31.40.0-255,66,143673,79,143673
6393,0.0,172.31.40.0-255,105,105,79,105
6394,0.0,74.125.24.0-255,154,154,79,131829
6395,1.7e-05,172.31.40.0-255,66,220,79,131829
6396,2.3e-05,74.125.24.0-255,1484,1704,79,131829
6397,2.8e-05,172.31.40.0-255,66,1770,79,131829
6398,3.4e-05,74.125.24.0-255,2902,4672,79,131829
6399,3.8e-05,172.31.40.0-255,66,4738,79,131829
6400,7.3e-05,74.125.24.0-255,7156,11894,79,131829
6401,7.6e-05,172.31.40.0-255,66,11960,79,131829
6402,0.000196,74.125.24.0-255,2039,13999,79,131829
6403,0.0002,172.31.40.0-255,66,14065,79,131829
6404,0.000573,74.125.24.0-255,1484,15549,79,131829
6405,0.00058,172.31.40.0-255,66,15615,79,131829
6406,0.000588,74.125.24.0-255,2902,18517,79,131829
6407,0.000591,172.31.40.0-255,66,18583,79,131829
6408,0.000626,74.125.24.0-255,5738,24321,79,131829
6409,0.000629,172.31.40.0-255,66,24387,79,131829
6410,0.000734,74.125.24.0-255,4320,28707,79,131829
6411,0.000738,172.31.40.0-255,66,28773,79,131829
6412,0.000758,74.125.24.0-255,2543,31316,79,131829
6413,0.000762,172.31.40.0-255,66,31382,79,131829
6414,0.001192,74.125.24.0-255,1484,32866,79,131829
6415,0.001198,172.31.40.0-255,66,32932,79,131829
6416,0.001205,74.125.24.0-255,2902,35834,79,131829
6417,0.001207,172.31.40.0-255,66,35900,79,131829
6418,0.001246,74.125.24.0-255,2902,38802,79,131829
6419,0.001248,172.31.40.0-255,66,38868,79,131829
6420,0.001265,74.125.24.0-255,2902,41770,79,131829
6421,0.001268,172.31.40.0-255,66,41836,79,131829
6422,0.001372,74.125.24.0-255,4320,46156,79,131829
6423,0.001375,172.31.40.0-255,66,46222,79,131829
6424,0.001432,74.125.24.0-255,2902,49124,79,131829
6425,0.001435,172.31.40.0-255,66,49190,79,131829
6426,0.001465,172.31.40.0-255,66,49256,79,131829
6427,0.001674,74.125.24.0-255,5738,54994,79,131829
6428,0.001677,172.31.40.0-255,66,55060,79,131829
6429,0.001755,74.125.24.0-255,1125,56185,79,131829
6430,0.001769,74.125.24.0-255,646,56831,79,131829
6431,0.001771,172.31.40.0-255,66,56897,79,131829
6432,0.00187,74.125.24.0-255,1484,58381,79,131829
6433,0.001888,74.125.24.0-255,2902,61283,79,131829
6434,0.001891,172.31.40.0-255,66,61349,79,131829
6435,0.001937,74.125.24.0-255,5738,67087,79,131829
6436,0.00194,172.31.40.0-255,66,67153,79,131829
6437,0.00203,74.125.24.0-255,2902,70055,79,131829
6438,0.002033,172.31.40.0-255,66,70121,79,131829
6439,0.002047,74.125.24.0-255,2902,73023,79,131829
6440,0.002049,172.31.40.0-255,66,73089,79,131829
6441,0.002144,74.125.24.0-255,5738,78827,79,131829
6442,0.002147,172.31.40.0-255,66,78893,79,131829
6443,0.002169,74.125.24.0-255,7156,86049,79,131829
6444,0.002171,172.31.40.0-255,66,86115,79,131829
6445,0.002382,74.125.24.0-255,5020,91135,79,131829
6446,0.003701,172.31.40.0-255,66,91201,79,131829
6447,0.005782,74.125.24.0-255,5738,96939,79,131829
6448,0.005789,172.31.40.0-255,66,97005,79,131829
6449,0.007926,74.125.24.0-255,5738,102743,79,131829
6450,0.007934,172.31.40.0-255,66,102809,79,131829
6451,0.010028,74.125.24.0-255,5738,108547,79,131829
6452,0.010039,172.31.40.0-255,66,108613,79,131829
6453,0.012127,74.125.24.0-255,5738,114351,79,131829
6454,0.012136,172.31.40.0-255,66,114417,79,131829
6455,0.014267,74.125.24.0-255,5738,120155,79,131829
6456,0.014275,172.31.40.0-255,66,120221,79,131829
6457,0.016374,74.125.24.0-255,5738,125959,79,131829
6458,0.016383,172.31.40.0-255,66,126025,79,131829
6459,0.018475,74.125.24.0-255,5738,131763,79,131829
6460,0.018483,172.31.40.0-255,66,131829,79,131829
6461,0.0,172.217.194.0-255,149,149,79,201672
6462,2.2e-05,172.31.40.0-255,66,215,79,201672
6463,2.9e-05,172.217.194.0-255,1484,1699,79,201672
6464,3.4e-05,172.31.40.0-255,66,1765,79,201672
6465,4e-05,172.217.194.0-255,2902,4667,79,201672
6466,4.3e-05,172.31.40.0-255,66,4733,79,201672
6467,5e-05,172.217.194.0-255,5738,10471,79,201672
6468,5.3e-05,172.31.40.0-255,66,10537,79,201672
6469,0.0001,172.31.40.0-255,66,10603,79,201672
6470,0.000119,172.217.194.0-255,2028,12631,79,201672
6471,0.000122,172.31.40.0-255,66,12697,79,201672
6472,0.000129,172.217.194.0-255,6797,19494,79,201672
6473,0.000132,172.31.40.0-255,66,19560,79,201672
6474,0.00019,172.217.194.0-255,7156,26716,79,201672
6475,0.000193,172.31.40.0-255,66,26782,79,201672
6476,0.000217,172.217.194.0-255,5738,32520,79,201672
6477,0.00022,172.31.40.0-255,66,32586,79,201672
6478,0.000249,172.31.40.0-255,66,32652,79,201672
6479,0.000262,172.31.40.0-255,66,32718,79,201672
6480,0.000286,172.217.194.0-255,119,32837,79,201672
6481,0.000289,172.31.40.0-255,66,32903,79,201672
6482,0.000321,172.217.194.0-255,1484,34387,79,201672
6483,0.000324,172.31.40.0-255,66,34453,79,201672
6484,0.000328,172.217.194.0-255,1484,35937,79,201672
6485,0.00033,172.31.40.0-255,66,36003,79,201672
6486,0.000346,172.217.194.0-255,1484,37487,79,201672
6487,0.000348,172.31.40.0-255,66,37553,79,201672
6488,0.000352,172.217.194.0-255,1484,39037,79,201672
6489,0.000354,172.31.40.0-255,66,39103,79,201672
6490,0.000386,172.217.194.0-255,3961,43064,79,201672
6491,0.000391,172.217.194.0-255,2902,45966,79,201672
6492,0.000405,172.217.194.0-255,1484,47450,79,201672
6493,0.000442,172.217.194.0-255,859,48309,79,201672
6494,0.000523,172.217.194.0-255,1484,49793,79,201672
6495,0.000535,172.217.194.0-255,2902,52695,79,201672
6496,0.000554,172.31.40.0-255,66,52761,79,201672
6497,0.000575,172.217.194.0-255,5738,58499,79,201672
6498,0.000586,172.217.194.0-255,1484,59983,79,201672
6499,0.000605,172.217.194.0-255,5379,65362,79,201672
6500,0.000614,172.31.40.0-255,66,65428,79,201672
6501,0.000812,172.217.194.0-255,1484,66912,79,201672
6502,0.000818,172.217.194.0-255,2902,69814,79,201672
6503,0.000821,172.217.194.0-255,1484,71298,79,201672
6504,0.00083,172.31.40.0-255,66,71364,79,201672
6505,0.000837,172.217.194.0-255,4320,75684,79,201672
6506,0.000852,172.217.194.0-255,7156,82840,79,201672
6507,0.000873,172.217.194.0-255,5738,88578,79,201672
6508,0.000877,172.31.40.0-255,66,88644,79,201672
6509,0.000882,172.31.40.0-255,66,88710,79,201672
6510,0.000899,172.217.194.0-255,1484,90194,79,201672
6511,0.00094,172.31.40.0-255,66,90260,79,201672
6512,0.00099,172.217.194.0-255,1484,91744,79,201672
6513,0.000996,172.217.194.0-255,2902,94646,79,201672
6514,0.001001,172.31.40.0-255,66,94712,79,201672
6515,0.001024,172.217.194.0-255,5738,100450,79,201672
6516,0.001029,172.217.194.0-255,4320,104770,79,201672
6517,0.001038,172.31.40.0-255,66,104836,79,201672
6518,0.001061,172.31.40.0-255,66,104902,79,201672
6519,0.001103,172.217.194.0-255,4320,109222,79,201672
6520,0.001115,172.31.40.0-255,66,109288,79,201672
6521,0.001126,172.217.194.0-255,6438,115726,79,201672
6522,0.001136,172.31.40.0-255,66,115792,79,201672
6523,0.001143,172.217.194.0-255,5738,121530,79,201672
6524,0.001165,172.217.194.0-255,5738,127268,79,201672
6525,0.00122,172.31.40.0-255,66,127334,79,201672
6526,0.001236,172.31.40.0-255,66,127400,79,201672
6527,0.001249,172.217.194.0-255,4320,131720,79,201672
6528,0.001266,172.31.40.0-255,66,131786,79,201672
6529,0.001284,172.217.194.0-255,7156,138942,79,201672
6530,0.001307,172.217.194.0-255,1484,140426,79,201672
6531,0.001313,172.31.40.0-255,66,140492,79,201672
6532,0.001345,172.31.40.0-255,66,140558,79,201672
6533,0.001517,172.217.194.0-255,1484,142042,79,201672
6534,0.001528,172.217.194.0-255,2902,144944,79,201672
6535,0.001534,172.217.194.0-255,5738,150682,79,201672
6536,0.001541,172.31.40.0-255,66,150748,79,201672
6537,0.001574,172.217.194.0-255,5738,156486,79,201672
6538,0.001595,172.217.194.0-255,4320,160806,79,201672
6539,0.00161,172.217.194.0-255,2184,162990,79,201672
6540,0.001624,172.31.40.0-255,66,163056,79,201672
6541,0.001705,172.217.194.0-255,1484,164540,79,201672
6542,0.00171,172.217.194.0-255,2902,167442,79,201672
6543,0.001719,172.31.40.0-255,66,167508,79,201672
6544,0.00174,172.217.194.0-255,5738,173246,79,201672
6545,0.001743,172.217.194.0-255,1484,174730,79,201672
6546,0.001754,172.31.40.0-255,66,174796,79,201672
6547,0.001799,172.31.40.0-255,66,174862,79,201672
6548,0.001819,172.217.194.0-255,1484,176346,79,201672
6549,0.001834,172.217.194.0-255,2902,179248,79,201672
6550,0.001839,172.217.194.0-255,5738,184986,79,201672
6551,0.001858,172.31.40.0-255,66,185052,79,201672
6552,0.001893,172.31.40.0-255,66,185118,79,201672
6553,0.001896,172.217.194.0-255,1484,186602,79,201672
6554,0.001912,172.31.40.0-255,66,186668,79,201672
6555,0.001931,172.217.194.0-255,7156,193824,79,201672
6556,0.001946,172.31.40.0-255,66,193890,79,201672
6557,0.001979,172.217.194.0-255,5738,199628,79,201672
6558,0.002037,172.31.40.0-255,66,199694,79,201672
6559,0.002101,172.217.194.0-255,1636,201330,79,201672
6560,0.002103,172.217.194.0-255,105,201435,79,201672
6561,0.002892,172.31.40.0-255,66,201501,79,201672
6562,0.005161,172.31.40.0-255,105,201606,79,201672
6563,0.007381,172.217.194.0-255,66,201672,79,201672
6564,0.0,74.125.24.0-255,161,161,79,163824
6565,2.4e-05,172.31.40.0-255,66,227,79,163824
6566,4.9e-05,74.125.24.0-255,1484,1711,79,163824
6567,5.4e-05,172.31.40.0-255,66,1777,79,163824
6568,6e-05,74.125.24.0-255,2902,4679,79,163824
6569,6.3e-05,172.31.40.0-255,66,4745,79,163824
6570,7.1e-05,74.125.24.0-255,7156,11901,79,163824
6571,7.4e-05,172.31.40.0-255,66,11967,79,163824
6572,7.8e-05,74.125.24.0-255,2035,14002,79,163824
6573,8.1e-05,172.31.40.0-255,66,14068,79,163824
6574,0.000127,74.125.24.0-255,1484,15552,79,163824
6575,0.00013,172.31.40.0-255,66,15618,79,163824
6576,0.000155,74.125.24.0-255,2902,18520,79,163824
6577,0.000158,172.31.40.0-255,66,18586,79,163824
6578,0.000164,74.125.24.0-255,5738,24324,79,163824
6579,0.000167,172.31.40.0-255,66,24390,79,163824
6580,0.000193,74.125.24.0-255,4320,28710,79,163824
6581,0.000196,172.31.40.0-255,66,28776,79,163824
6582,0.000216,74.125.24.0-255,2543,31319,79,163824
6583,0.000218,172.31.40.0-255,66,31385,79,163824
6584,0.000548,74.125.24.0-255,1484,32869,79,163824
6585,0.000554,172.31.40.0-255,66,32935,79,163824
6586,0.00056,74.125.24.0-255,2902,35837,79,163824
6587,0.000563,172.31.40.0-255,66,35903,79,163824
6588,0.000574,74.125.24.0-255,5738,41641,79,163824
6589,0.000577,172.31.40.0-255,66,41707,79,163824
6590,0.000606,74.125.24.0-255,6797,48504,79,163824
6591,0.000609,172.31.40.0-255,66,48570,79,163824
6592,0.000888,74.125.24.0-255,1484,50054,79,163824
6593,0.000893,172.31.40.0-255,66,50120,79,163824
6594,0.000899,74.125.24.0-255,2902,53022,79,163824
6595,0.000901,172.31.40.0-255,66,53088,79,163824
6596,0.000923,74.125.24.0-255,5738,58826,79,163824
6597,0.000926,172.31.40.0-255,66,58892,79,163824
6598,0.000965,74.125.24.0-255,6797,65689,79,163824
6599,0.000968,172.31.40.0-255,66,65755,79,163824
6600,0.000971,74.125.24.0-255,396,66151,79,163824
6601,0.001003,74.125.24.0-255,1484,67635,79,163824
6602,0.001006,172.31.40.0-255,66,67701,79,163824
6603,0.001011,74.125.24.0-255,4320,72021,79,163824
6604,0.001013,172.31.40.0-255,66,72087,79,163824
6605,0.00105,172.31.40.0-255,66,72153,79,163824
6606,0.001053,74.125.24.0-255,1408,73561,79,163824
6607,0.001086,74.125.24.0-255,1484,75045,79,163824
6608,0.001089,172.31.40.0-255,66,75111,79,163824
6609,0.001093,74.125.24.0-255,2902,78013,79,163824
6610,0.001095,172.31.40.0-255,66,78079,79,163824
6611,0.001099,74.125.24.0-255,2902,80981,79,163824
6612,0.001102,172.31.40.0-255,66,81047,79,163824
6613,0.001127,74.125.24.0-255,2902,83949,79,163824
6614,0.001129,172.31.40.0-255,66,84015,79,163824
6615,0.001155,74.125.24.0-255,6797,90812,79,163824
6616,0.001157,172.31.40.0-255,66,90878,79,163824
6617,0.002092,74.125.24.0-255,1484,92362,79,163824
6618,0.002124,74.125.24.0-255,2902,95264,79,163824
6619,0.00213,172.31.40.0-255,66,95330,79,163824
6620,0.002137,74.125.24.0-255,5738,101068,79,163824
6621,0.002139,172.31.40.0-255,66,101134,79,163824
6622,0.002143,74.125.24.0-255,2902,104036,79,163824
6623,0.002145,172.31.40.0-255,66,104102,79,163824
6624,0.002181,74.125.24.0-255,7156,111258,79,163824
6625,0.002184,172.31.40.0-255,66,111324,79,163824
6626,0.002188,74.125.24.0-255,1484,112808,79,163824
6627,0.00222,172.31.40.0-255,66,112874,79,163824
6628,0.002292,74.125.24.0-255,1484,114358,79,163824
6629,0.002296,74.125.24.0-255,1484,115842,79,163824
6630,0.002299,172.31.40.0-255,66,115908,79,163824
6631,0.002326,74.125.24.0-255,1484,117392,79,163824
6632,0.002332,74.125.24.0-255,5738,123130,79,163824
6633,0.002335,172.31.40.0-255,66,123196,79,163824
6634,0.004631,74.125.24.0-255,5738,128934,79,163824
6635,0.004637,172.31.40.0-255,66,129000,79,163824
6636,0.00691,74.125.24.0-255,5738,134738,79,163824
6637,0.006916,172.31.40.0-255,66,134804,79,163824
6638,0.009198,74.125.24.0-255,5738,140542,79,163824
6639,0.009206,172.31.40.0-255,66,140608,79,163824
6640,0.011486,74.125.24.0-255,5738,146346,79,163824
6641,0.011495,172.31.40.0-255,66,146412,79,163824
6642,0.013787,74.125.24.0-255,5738,152150,79,163824
6643,0.013794,172.31.40.0-255,66,152216,79,163824
6644,0.016105,74.125.24.0-255,5738,157954,79,163824
6645,0.016114,172.31.40.0-255,66,158020,79,163824
6646,0.018409,74.125.24.0-255,5738,163758,79,163824
6647,0.018417,172.31.40.0-255,66,163824,79,163824
6648,0.0,172.217.194.0-255,153,153,79,100163
6649,1.8e-05,172.31.40.0-255,66,219,79,100163
6650,2.4e-05,172.217.194.0-255,1484,1703,79,100163
6651,2.8e-05,172.31.40.0-255,66,1769,79,100163
6652,3.4e-05,172.217.194.0-255,2902,4671,79,100163
6653,3.9e-05,172.31.40.0-255,66,4737,79,100163
6654,4.7e-05,172.217.194.0-255,7156,11893,79,100163
6655,4.9e-05,172.31.40.0-255,66,11959,79,100163
6656,7.1e-05,172.217.194.0-255,2902,14861,79,100163
6657,7.3e-05,172.31.40.0-255,66,14927,79,100163
6658,0.000112,172.31.40.0-255,66,14993,79,100163
6659,0.000142,172.217.194.0-255,2902,17895,79,100163
6660,0.000145,172.31.40.0-255,66,17961,79,100163
6661,0.000167,172.217.194.0-255,3961,21922,79,100163
6662,0.00017,172.31.40.0-255,66,21988,79,100163
6663,0.000189,172.217.194.0-255,2902,24890,79,100163
6664,0.000192,172.31.40.0-255,66,24956,79,100163
6665,0.000213,172.217.194.0-255,4320,29276,79,100163
6666,0.000216,172.31.40.0-255,66,29342,79,100163
6667,0.000231,172.217.194.0-255,4320,33662,79,100163
6668,0.000234,172.31.40.0-255,66,33728,79,100163
6669,0.000257,172.31.40.0-255,66,33794,79,100163
6670,0.000348,172.217.194.0-255,5738,39532,79,100163
6671,0.000353,172.31.40.0-255,66,39598,79,100163
6672,0.000372,172.217.194.0-255,5294,44892,79,100163
6673,0.000375,172.31.40.0-255,66,44958,79,100163
6674,0.000416,172.217.194.0-255,4320,49278,79,100163
6675,0.000419,172.31.40.0-255,78,49356,79,100163
6676,0.000443,172.31.40.0-255,78,49434,79,100163
6677,0.000446,172.217.194.0-255,118,49552,79,100163
6678,0.000495,172.217.194.0-255,2902,52454,79,100163
6679,0.000581,172.31.40.0-255,66,52520,79,100163
6680,0.000612,172.217.194.0-255,382,52902,79,100163
6681,0.000631,172.217.194.0-255,2902,55804,79,100163
6682,0.000636,172.31.40.0-255,66,55870,79,100163
6683,0.00066,172.217.194.0-255,5738,61608,79,100163
6684,0.000675,172.31.40.0-255,66,61674,79,100163
6685,0.000695,172.217.194.0-255,2902,64576,79,100163
6686,0.000713,172.31.40.0-255,66,64642,79,100163
6687,0.000733,172.31.40.0-255,66,64708,79,100163
6688,0.00078,172.217.194.0-255,5738,70446,79,100163
6689,0.000813,172.31.40.0-255,66,70512,79,100163
6690,0.000926,172.31.40.0-255,66,70578,79,100163
6691,0.001021,172.217.194.0-255,766,71344,79,100163
6692,0.001031,172.31.40.0-255,66,71410,79,100163
6693,0.001102,172.31.40.0-255,66,71476,79,100163
6694,0.001145,172.31.40.0-255,66,71542,79,100163
6695,0.001323,172.31.40.0-255,66,71608,79,100163
6696,0.001434,172.217.194.0-255,4320,75928,79,100163
6697,0.001457,172.217.194.0-255,6438,82366,79,100163
6698,0.00146,172.31.40.0-255,66,82432,79,100163
6699,0.001466,172.31.40.0-255,66,82498,79,100163
6700,0.001507,172.217.194.0-255,2902,85400,79,100163
6701,0.001522,172.31.40.0-255,66,85466,79,100163
6702,0.00159,172.217.194.0-255,6438,91904,79,100163
6703,0.001594,172.31.40.0-255,66,91970,79,100163
6704,0.001599,172.31.40.0-255,66,92036,79,100163
6705,0.001824,172.31.40.0-255,66,92102,79,100163
6706,0.001852,172.31.40.0-255,66,92168,79,100163
6707,0.001898,172.31.40.0-255,66,92234,79,100163
6708,0.002123,172.217.194.0-255,7156,99390,79,100163
6709,0.002135,172.31.40.0-255,66,99456,79,100163
6710,0.002154,172.31.40.0-255,66,99522,79,100163
6711,0.002193,172.31.40.0-255,66,99588,79,100163
6712,0.002261,172.31.40.0-255,101,99689,79,100163
6713,0.002561,172.31.40.0-255,66,99755,79,100163
6714,0.002636,172.31.40.0-255,66,99821,79,100163
6715,0.002693,172.217.194.0-255,105,99926,79,100163
6716,0.004151,172.217.194.0-255,66,99992,79,100163
6717,0.004695,172.31.40.0-255,105,100097,79,100163
6718,0.006616,172.217.194.0-255,66,100163,79,100163
6719,0.0,172.217.194.0-255,152,152,79,195048
6720,2.4e-05,172.31.40.0-255,66,218,79,195048
6721,3.1e-05,172.217.194.0-255,1484,1702,79,195048
6722,3.6e-05,172.31.40.0-255,66,1768,79,195048
6723,5e-05,172.217.194.0-255,2902,4670,79,195048
6724,5.5e-05,172.31.40.0-255,66,4736,79,195048
6725,6.3e-05,172.217.194.0-255,7156,11892,79,195048
6726,6.6e-05,172.31.40.0-255,66,11958,79,195048
6727,0.000103,172.217.194.0-255,5738,17696,79,195048
6728,0.000107,172.31.40.0-255,66,17762,79,195048
6729,0.000136,172.217.194.0-255,2010,19772,79,195048
6730,0.00014,172.31.40.0-255,66,19838,79,195048
6731,0.000155,172.31.40.0-255,66,19904,79,195048
6732,0.00016,172.217.194.0-255,2543,22447,79,195048
6733,0.000162,172.31.40.0-255,66,22513,79,195048
6734,0.000683,172.217.194.0-255,1484,23997,79,195048
6735,0.000689,172.217.194.0-255,2902,26899,79,195048
6736,0.000695,172.217.194.0-255,5738,32637,79,195048
6737,0.000713,172.31.40.0-255,66,32703,79,195048
6738,0.000717,172.31.40.0-255,66,32769,79,195048
6739,0.000725,172.31.40.0-255,66,32835,79,195048
6740,0.000737,172.217.194.0-255,6797,39632,79,195048
6741,0.00074,172.31.40.0-255,66,39698,79,195048
6742,0.000782,172.31.40.0-255,66,39764,79,195048
6743,0.000787,172.217.194.0-255,2543,42307,79,195048
6744,0.000789,172.31.40.0-255,66,42373,79,195048
6745,0.000792,172.217.194.0-255,380,42753,79,195048
6746,0.000794,172.31.40.0-255,66,42819,79,195048
6747,0.000836,172.217.194.0-255,363,43182,79,195048
6748,0.000839,172.31.40.0-255,66,43248,79,195048
6749,0.001035,172.217.194.0-255,1484,44732,79,195048
6750,0.00104,172.217.194.0-255,1484,46216,79,195048
6751,0.001044,172.31.40.0-255,66,46282,79,195048
6752,0.001071,172.217.194.0-255,1484,47766,79,195048
6753,0.001077,172.217.194.0-255,5738,53504,79,195048
6754,0.00108,172.31.40.0-255,66,53570,79,195048
6755,0.001087,172.217.194.0-255,7156,60726,79,195048
6756,0.001089,172.31.40.0-255,66,60792,79,195048
6757,0.001095,172.217.194.0-255,4320,65112,79,195048
6758,0.001098,172.31.40.0-255,66,65178,79,195048
6759,0.001141,172.31.40.0-255,66,65244,79,195048
6760,0.001146,172.217.194.0-255,2184,67428,79,195048
6761,0.001148,172.31.40.0-255,66,67494,79,195048
6762,0.001731,172.217.194.0-255,1484,68978,79,195048
6763,0.001741,172.217.194.0-255,2902,71880,79,195048
6764,0.001745,172.31.40.0-255,66,71946,79,195048
6765,0.001752,172.217.194.0-255,4320,76266,79,195048
6766,0.001755,172.31.40.0-255,66,76332,79,195048
6767,0.001789,172.217.194.0-255,1484,77816,79,195048
6768,0.001795,172.217.194.0-255,4320,82136,79,195048
6769,0.001798,172.31.40.0-255,66,82202,79,195048
6770,0.001804,172.217.194.0-255,5738,87940,79,195048
6771,0.001806,172.31.40.0-255,66,88006,79,195048
6772,0.001846,172.31.40.0-255,66,88072,79,195048
6773,0.001849,172.217.194.0-255,1484,89556,79,195048
6774,0.001877,172.217.194.0-255,2184,91740,79,195048
6775,0.00188,172.31.40.0-255,66,91806,79,195048
6776,0.001885,172.217.194.0-255,2902,94708,79,195048
6777,0.001888,172.31.40.0-255,66,94774,79,195048
6778,0.00192,172.217.194.0-255,7156,101930,79,195048
6779,0.001923,172.31.40.0-255,66,101996,79,195048
6780,0.001958,172.31.40.0-255,66,102062,79,195048
6781,0.001984,172.217.194.0-255,2902,104964,79,195048
6782,0.001986,172.31.40.0-255,66,105030,79,195048
6783,0.001993,172.217.194.0-255,5738,110768,79,195048
6784,0.001996,172.31.40.0-255,66,110834,79,195048
6785,0.002011,172.217.194.0-255,766,111600,79,195048
6786,0.002177,172.217.194.0-255,1484,113084,79,195048
6787,0.002183,172.31.40.0-255,66,113150,79,195048
6788,0.002189,172.217.194.0-255,2902,116052,79,195048
6789,0.002192,172.31.40.0-255,66,116118,79,195048
6790,0.002221,172.217.194.0-255,5738,121856,79,195048
6791,0.002224,172.31.40.0-255,66,121922,79,195048
6792,0.002254,172.31.40.0-255,66,121988,79,195048
6793,0.002279,172.217.194.0-255,1484,123472,79,195048
6794,0.002282,172.217.194.0-255,1484,124956,79,195048
6795,0.002284,172.31.40.0-255,66,125022,79,195048
6796,0.002289,172.217.194.0-255,2902,127924,79,195048
6797,0.002292,172.31.40.0-255,66,127990,79,195048
6798,0.002319,172.217.194.0-255,6438,134428,79,195048
6799,0.002323,172.31.40.0-255,66,134494,79,195048
6800,0.002425,172.217.194.0-255,1484,135978,79,195048
6801,0.002431,172.217.194.0-255,2902,138880,79,195048
6802,0.002435,172.31.40.0-255,66,138946,79,195048
6803,0.00246,172.217.194.0-255,5738,144684,79,195048
6804,0.002468,172.31.40.0-255,66,144750,79,195048
6805,0.002512,172.31.40.0-255,66,144816,79,195048
6806,0.002519,172.217.194.0-255,7156,151972,79,195048
6807,0.002521,172.31.40.0-255,66,152038,79,195048
6808,0.002611,172.31.40.0-255,66,152104,79,195048
6809,0.002638,172.31.40.0-255,66,152170,79,195048
6810,0.00264,172.217.194.0-255,766,152936,79,195048
6811,0.002677,172.31.40.0-255,66,153002,79,195048
6812,0.002697,172.217.194.0-255,7156,160158,79,195048
6813,0.002701,172.31.40.0-255,66,160224,79,195048
6814,0.005335,172.217.194.0-255,5738,165962,79,195048
6815,0.005354,172.31.40.0-255,66,166028,79,195048
6816,0.008004,172.217.194.0-255,5738,171766,79,195048
6817,0.008024,172.31.40.0-255,66,171832,79,195048
6818,0.010689,172.217.194.0-255,5738,177570,79,195048
6819,0.01071,172.31.40.0-255,66,177636,79,195048
6820,0.013329,172.217.194.0-255,5738,183374,79,195048
6821,0.013335,172.31.40.0-255,66,183440,79,195048
6822,0.01595,172.217.194.0-255,5738,189178,79,195048
6823,0.015962,172.31.40.0-255,66,189244,79,195048
6824,0.018588,172.217.194.0-255,5738,194982,79,195048
6825,0.018601,172.31.40.0-255,66,195048,79,195048
6826,0.0,172.217.27.0-255,150,150,79,164336
6827,2.2e-05,172.31.40.0-255,66,216,79,164336
6828,2.9e-05,172.217.27.0-255,1484,1700,79,164336
6829,3.5e-05,172.31.40.0-255,66,1766,79,164336
6830,4.8e-05,172.217.27.0-255,2902,4668,79,164336
6831,5.2e-05,172.31.40.0-255,66,4734,79,164336
6832,5.9e-05,172.217.27.0-255,5738,10472,79,164336
6833,6.3e-05,172.31.40.0-255,66,10538,79,164336
6834,6.8e-05,172.217.27.0-255,3517,14055,79,164336
6835,7.2e-05,172.31.40.0-255,66,14121,79,164336
6836,0.000163,172.217.27.0-255,1484,15605,79,164336
6837,0.000167,172.31.40.0-255,66,15671,79,164336
6838,0.000172,172.217.27.0-255,2902,18573,79,164336
6839,0.000175,172.31.40.0-255,66,18639,79,164336
6840,0.000179,172.217.27.0-255,2902,21541,79,164336
6841,0.000187,172.31.40.0-255,66,21607,79,164336
6842,0.000227,172.217.27.0-255,2902,24509,79,164336
6843,0.000231,172.31.40.0-255,66,24575,79,164336
6844,0.000237,172.217.27.0-255,4320,28895,79,164336
6845,0.000239,172.31.40.0-255,66,28961,79,164336
6846,0.000244,172.217.27.0-255,2543,31504,79,164336
6847,0.000245,172.31.40.0-255,66,31570,79,164336
6848,0.000386,172.217.27.0-255,1484,33054,79,164336
6849,0.00039,172.31.40.0-255,66,33120,79,164336
6850,0.000395,172.217.27.0-255,2902,36022,79,164336
6851,0.000397,172.31.40.0-255,66,36088,79,164336
6852,0.0004,172.217.27.0-255,1484,37572,79,164336
6853,0.000401,172.31.40.0-255,66,37638,79,164336
6854,0.000434,172.217.27.0-255,4320,41958,79,164336
6855,0.000437,172.31.40.0-255,66,42024,79,164336
6856,0.000443,172.217.27.0-255,5738,47762,79,164336
6857,0.000445,172.31.40.0-255,66,47828,79,164336
6858,0.00046,172.217.27.0-255,1125,48953,79,164336
6859,0.000565,172.217.27.0-255,1484,50437,79,164336
6860,0.000568,172.31.40.0-255,66,50503,79,164336
6861,0.000573,172.217.27.0-255,2902,53405,79,164336
6862,0.000575,172.31.40.0-255,66,53471,79,164336
6863,0.000591,172.217.27.0-255,2902,56373,79,164336
6864,0.000593,172.31.40.0-255,66,56439,79,164336
6865,0.000618,172.217.27.0-255,2902,59341,79,164336
6866,0.000623,172.31.40.0-255,66,59407,79,164336
6867,0.000627,172.217.27.0-255,2902,62309,79,164336
6868,0.000629,172.31.40.0-255,66,62375,79,164336
6869,0.000634,172.217.27.0-255,3961,66336,79,164336
6870,0.000636,172.31.40.0-255,66,66402,79,164336
6871,0.000638,172.217.27.0-255,393,66795,79,164336
6872,0.001024,172.217.27.0-255,349,67144,79,164336
6873,0.001057,172.217.27.0-255,1484,68628,79,164336
6874,0.001061,172.31.40.0-255,66,68694,79,164336
6875,0.001066,172.217.27.0-255,2902,71596,79,164336
6876,0.001068,172.31.40.0-255,66,71662,79,164336
6877,0.001086,172.217.27.0-255,1484,73146,79,164336
6878,0.001099,172.217.27.0-255,1484,74630,79,164336
6879,0.001101,172.31.40.0-255,66,74696,79,164336
6880,0.001126,172.217.27.0-255,2902,77598,79,164336
6881,0.001128,172.31.40.0-255,66,77664,79,164336
6882,0.001131,172.217.27.0-255,1484,79148,79,164336
6883,0.001136,172.217.27.0-255,5379,84527,79,164336
6884,0.001138,172.31.40.0-255,66,84593,79,164336
6885,0.001165,172.217.27.0-255,1484,86077,79,164336
6886,0.001184,172.217.27.0-255,2902,88979,79,164336
6887,0.001187,172.31.40.0-255,66,89045,79,164336
6888,0.001193,172.217.27.0-255,5738,94783,79,164336
6889,0.001194,172.31.40.0-255,66,94849,79,164336
6890,0.001219,172.217.27.0-255,5738,100587,79,164336
6891,0.001221,172.31.40.0-255,66,100653,79,164336
6892,0.001232,172.217.27.0-255,1125,101778,79,164336
6893,0.001503,172.31.40.0-255,66,101844,79,164336
6894,0.002848,172.217.27.0-255,4320,106164,79,164336
6895,0.002856,172.31.40.0-255,66,106230,79,164336
6896,0.003117,172.217.27.0-255,1484,107714,79,164336
6897,0.004491,172.217.27.0-255,4320,112034,79,164336
6898,0.004495,172.31.40.0-255,66,112100,79,164336
6899,0.006112,172.217.27.0-255,5738,117838,79,164336
6900,0.006115,172.31.40.0-255,66,117904,79,164336
6901,0.007737,172.217.27.0-255,5738,123642,79,164336
6902,0.007744,172.31.40.0-255,66,123708,79,164336
6903,0.009385,172.217.27.0-255,5738,129446,79,164336
6904,0.009392,172.31.40.0-255,66,129512,79,164336
6905,0.011024,172.217.27.0-255,5738,135250,79,164336
6906,0.011033,172.31.40.0-255,66,135316,79,164336
6907,0.012662,172.217.27.0-255,5738,141054,79,164336
6908,0.012669,172.31.40.0-255,66,141120,79,164336
6909,0.014305,172.217.27.0-255,5738,146858,79,164336
6910,0.014315,172.31.40.0-255,66,146924,79,164336
6911,0.015944,172.217.27.0-255,5738,152662,79,164336
6912,0.015955,172.31.40.0-255,66,152728,79,164336
6913,0.017587,172.217.27.0-255,5738,158466,79,164336
6914,0.017594,172.31.40.0-255,66,158532,79,164336
6915,0.01922,172.217.27.0-255,5738,164270,79,164336
6916,0.019226,172.31.40.0-255,66,164336,79,164336
6917,0.0,74.125.130.0-255,150,150,79,163191
6918,2.3e-05,172.31.40.0-255,66,216,79,163191
6919,3e-05,74.125.130.0-255,1484,1700,79,163191
6920,3.5e-05,172.31.40.0-255,66,1766,79,163191
6921,4.1e-05,74.125.130.0-255,2902,4668,79,163191
6922,4.4e-05,172.31.40.0-255,66,4734,79,163191
6923,5.1e-05,74.125.130.0-255,5738,10472,79,163191
6924,5.4e-05,172.31.40.0-255,66,10538,79,163191
6925,7.5e-05,74.125.130.0-255,3427,13965,79,163191
6926,7.8e-05,172.31.40.0-255,66,14031,79,163191
6927,0.000298,74.125.130.0-255,1484,15515,79,163191
6928,0.000305,172.31.40.0-255,66,15581,79,163191
6929,0.00031,74.125.130.0-255,2902,18483,79,163191
6930,0.000313,172.31.40.0-255,66,18549,79,163191
6931,0.000317,74.125.130.0-255,2902,21451,79,163191
6932,0.000319,172.31.40.0-255,66,21517,79,163191
6933,0.000322,74.125.130.0-255,1484,23001,79,163191
6934,0.000324,172.31.40.0-255,66,23067,79,163191
6935,0.000352,74.125.130.0-255,2902,25969,79,163191
6936,0.000354,172.31.40.0-255,66,26035,79,163191
6937,0.00037,74.125.130.0-255,5379,31414,79,163191
6938,0.000373,172.31.40.0-255,66,31480,79,163191
6939,0.000432,74.125.130.0-255,1484,32964,79,163191
6940,0.000436,172.31.40.0-255,66,33030,79,163191
6941,0.000439,74.125.130.0-255,1484,34514,79,163191
6942,0.000441,172.31.40.0-255,66,34580,79,163191
6943,0.000455,74.125.130.0-255,1484,36064,79,163191
6944,0.000458,172.31.40.0-255,66,36130,79,163191
6945,0.000464,74.125.130.0-255,5738,41868,79,163191
6946,0.000467,172.31.40.0-255,66,41934,79,163191
6947,0.000491,74.125.130.0-255,1484,43418,79,163191
6948,0.000493,172.31.40.0-255,66,43484,79,163191
6949,0.000508,74.125.130.0-255,2902,46386,79,163191
6950,0.00051,172.31.40.0-255,66,46452,79,163191
6951,0.000529,74.125.130.0-255,1484,47936,79,163191
6952,0.000565,74.125.130.0-255,1125,49061,79,163191
6953,0.000569,172.31.40.0-255,66,49127,79,163191
6954,0.00151,74.125.130.0-255,1484,50611,79,163191
6955,0.001551,74.125.130.0-255,1484,52095,79,163191
6956,0.001556,172.31.40.0-255,66,52161,79,163191
6957,0.001573,74.125.130.0-255,2902,55063,79,163191
6958,0.001576,172.31.40.0-255,66,55129,79,163191
6959,0.001605,74.125.130.0-255,5738,60867,79,163191
6960,0.001608,172.31.40.0-255,66,60933,79,163191
6961,0.001653,74.125.130.0-255,5379,66312,79,163191
6962,0.001656,172.31.40.0-255,66,66378,79,163191
6963,0.001677,74.125.130.0-255,4320,70698,79,163191
6964,0.00168,172.31.40.0-255,66,70764,79,163191
6965,0.001694,74.125.130.0-255,1484,72248,79,163191
6966,0.0017,74.125.130.0-255,2902,75150,79,163191
6967,0.001702,172.31.40.0-255,66,75216,79,163191
6968,0.001722,74.125.130.0-255,1484,76700,79,163191
6969,0.001754,74.125.130.0-255,4320,81020,79,163191
6970,0.001757,172.31.40.0-255,66,81086,79,163191
6971,0.001761,74.125.130.0-255,1484,82570,79,163191
6972,0.001779,74.125.130.0-255,4320,86890,79,163191
6973,0.001781,172.31.40.0-255,66,86956,79,163191
6974,0.001828,172.31.40.0-255,66,87022,79,163191
6975,0.001846,74.125.130.0-255,2184,89206,79,163191
6976,0.001849,172.31.40.0-255,66,89272,79,163191
6977,0.001954,74.125.130.0-255,1484,90756,79,163191
6978,0.001973,74.125.130.0-255,2902,93658,79,163191
6979,0.001978,172.31.40.0-255,66,93724,79,163191
6980,0.002014,74.125.130.0-255,4320,98044,79,163191
6981,0.002017,172.31.40.0-255,66,98110,79,163191
6982,0.002045,74.125.130.0-255,4320,102430,79,163191
6983,0.002048,172.31.40.0-255,66,102496,79,163191
6984,0.002062,74.125.130.0-255,1484,103980,79,163191
6985,0.002065,74.125.130.0-255,1484,105464,79,163191
6986,0.002067,172.31.40.0-255,66,105530,79,163191
6987,0.002093,74.125.130.0-255,5738,111268,79,163191
6988,0.002095,172.31.40.0-255,66,111334,79,163191
6989,0.002114,74.125.130.0-255,3849,115183,79,163191
6990,0.002117,172.31.40.0-255,66,115249,79,163191
6991,0.002123,74.125.130.0-255,5738,120987,79,163191
6992,0.002126,172.31.40.0-255,66,121053,79,163191
6993,0.002162,74.125.130.0-255,2664,123717,79,163191
6994,0.002164,172.31.40.0-255,66,123783,79,163191
6995,0.004392,74.125.130.0-255,2902,126685,79,163191
6996,0.004396,172.31.40.0-255,66,126751,79,163191
6997,0.004411,74.125.130.0-255,2902,129653,79,163191
6998,0.004415,172.31.40.0-255,66,129719,79,163191
6999,0.006647,74.125.130.0-255,4320,134039,79,163191
7000,0.006651,172.31.40.0-255,66,134105,79,163191
7001,0.006669,74.125.130.0-255,1484,135589,79,163191
7002,0.008902,74.125.130.0-255,4320,139909,79,163191
7003,0.00891,172.31.40.0-255,66,139975,79,163191
7004,0.011155,74.125.130.0-255,5738,145713,79,163191
7005,0.011165,172.31.40.0-255,66,145779,79,163191
7006,0.013444,74.125.130.0-255,5738,151517,79,163191
7007,0.013452,172.31.40.0-255,66,151583,79,163191
7008,0.015706,74.125.130.0-255,5738,157321,79,163191
7009,0.015716,172.31.40.0-255,66,157387,79,163191
7010,0.017974,74.125.130.0-255,5738,163125,79,163191
7011,0.017983,172.31.40.0-255,66,163191,79,163191
7012,0.0,172.217.194.0-255,155,155,79,164136
7013,2.3e-05,172.31.40.0-255,66,221,79,164136
7014,3e-05,172.217.194.0-255,1484,1705,79,164136
7015,3.5e-05,172.31.40.0-255,66,1771,79,164136
7016,4.1e-05,172.217.194.0-255,2902,4673,79,164136
7017,4.4e-05,172.31.40.0-255,66,4739,79,164136
7018,5.1e-05,172.217.194.0-255,5738,10477,79,164136
7019,5.3e-05,172.31.40.0-255,66,10543,79,164136
7020,8.9e-05,172.217.194.0-255,3433,13976,79,164136
7021,9.2e-05,172.31.40.0-255,66,14042,79,164136
7022,0.000112,172.217.194.0-255,1484,15526,79,164136
7023,0.000114,172.31.40.0-255,66,15592,79,164136
7024,0.000134,172.217.194.0-255,2902,18494,79,164136
7025,0.000136,172.31.40.0-255,66,18560,79,164136
7026,0.000143,172.217.194.0-255,7156,25716,79,164136
7027,0.000146,172.31.40.0-255,66,25782,79,164136
7028,0.000165,172.217.194.0-255,2902,28684,79,164136
7029,0.000167,172.31.40.0-255,66,28750,79,164136
7030,0.000171,172.217.194.0-255,2543,31293,79,164136
7031,0.000173,172.31.40.0-255,66,31359,79,164136
7032,0.000176,172.217.194.0-255,1484,32843,79,164136
7033,0.000177,172.31.40.0-255,66,32909,79,164136
7034,0.000208,172.31.40.0-255,66,32975,79,164136
7035,0.000212,172.217.194.0-255,2543,35518,79,164136
7036,0.000215,172.31.40.0-255,66,35584,79,164136
7037,0.000244,172.217.194.0-255,1484,37068,79,164136
7038,0.000248,172.31.40.0-255,66,37134,79,164136
7039,0.000275,172.31.40.0-255,66,37200,79,164136
7040,0.000301,172.217.194.0-255,5379,42579,79,164136
7041,0.000305,172.31.40.0-255,66,42645,79,164136
7042,0.000307,172.217.194.0-255,363,43008,79,164136
7043,0.000719,172.217.194.0-255,382,43390,79,164136
7044,0.00103,172.217.194.0-255,1484,44874,79,164136
7045,0.001035,172.31.40.0-255,66,44940,79,164136
7046,0.00104,172.217.194.0-255,2902,47842,79,164136
7047,0.001042,172.31.40.0-255,66,47908,79,164136
7048,0.001048,172.217.194.0-255,5738,53646,79,164136
7049,0.001051,172.31.40.0-255,66,53712,79,164136
7050,0.001055,172.217.194.0-255,2902,56614,79,164136
7051,0.001057,172.31.40.0-255,66,56680,79,164136
7052,0.001075,172.217.194.0-255,2902,59582,79,164136
7053,0.001078,172.31.40.0-255,66,59648,79,164136
7054,0.001084,172.217.194.0-255,4320,63968,79,164136
7055,0.001086,172.31.40.0-255,66,64034,79,164136
7056,0.001118,172.31.40.0-255,66,64100,79,164136
7057,0.001124,172.217.194.0-255,5020,69120,79,164136
7058,0.001126,172.31.40.0-255,66,69186,79,164136
7059,0.001303,172.217.194.0-255,1484,70670,79,164136
7060,0.001318,172.217.194.0-255,2902,73572,79,164136
7061,0.001322,172.31.40.0-255,66,73638,79,164136
7062,0.001329,172.217.194.0-255,5738,79376,79,164136
7063,0.001331,172.31.40.0-255,66,79442,79,164136
7064,0.001372,172.31.40.0-255,66,79508,79,164136
7065,0.001391,172.217.194.0-255,4320,83828,79,164136
7066,0.001394,172.31.40.0-255,66,83894,79,164136
7067,0.001409,172.217.194.0-255,1484,85378,79,164136
7068,0.001438,172.31.40.0-255,66,85444,79,164136
7069,0.001924,172.217.194.0-255,1484,86928,79,164136
7070,0.001933,172.217.194.0-255,2902,89830,79,164136
7071,0.001937,172.31.40.0-255,66,89896,79,164136
7072,0.001944,172.217.194.0-255,5738,95634,79,164136
7073,0.001946,172.31.40.0-255,66,95700,79,164136
7074,0.002001,172.31.40.0-255,66,95766,79,164136
7075,0.002013,172.31.40.0-255,66,95832,79,164136
7076,0.002026,172.217.194.0-255,1484,97316,79,164136
7077,0.00203,172.217.194.0-255,2902,100218,79,164136
7078,0.002032,172.31.40.0-255,66,100284,79,164136
7079,0.002036,172.217.194.0-255,1484,101768,79,164136
7080,0.002054,172.217.194.0-255,4320,106088,79,164136
7081,0.002056,172.31.40.0-255,66,106154,79,164136
7082,0.002072,172.217.194.0-255,1484,107638,79,164136
7083,0.002109,172.31.40.0-255,66,107704,79,164136
7084,0.002114,172.217.194.0-255,2902,110606,79,164136
7085,0.002115,172.31.40.0-255,66,110672,79,164136
7086,0.002142,172.31.40.0-255,66,110738,79,164136
7087,0.002154,172.31.40.0-255,66,110804,79,164136
7088,0.00219,172.31.40.0-255,66,110870,79,164136
7089,0.0022,172.31.40.0-255,66,110936,79,164136
7090,0.002219,172.217.194.0-255,6438,117374,79,164136
7091,0.002222,172.31.40.0-255,66,117440,79,164136
7092,0.002225,172.217.194.0-255,1484,118924,79,164136
7093,0.002261,172.31.40.0-255,66,118990,79,164136
7094,0.002289,172.217.194.0-255,2902,121892,79,164136
7095,0.002292,172.31.40.0-255,66,121958,79,164136
7096,0.0023,172.217.194.0-255,1484,123442,79,164136
7097,0.002316,172.31.40.0-255,66,123508,79,164136
7098,0.004634,172.217.194.0-255,5738,129246,79,164136
7099,0.004646,172.31.40.0-255,66,129312,79,164136
7100,0.006964,172.217.194.0-255,5738,135050,79,164136
7101,0.006969,172.31.40.0-255,66,135116,79,164136
7102,0.009328,172.217.194.0-255,5738,140854,79,164136
7103,0.009354,172.31.40.0-255,66,140920,79,164136
7104,0.011691,172.217.194.0-255,5738,146658,79,164136
7105,0.011711,172.31.40.0-255,66,146724,79,164136
7106,0.014039,172.217.194.0-255,5738,152462,79,164136
7107,0.014054,172.31.40.0-255,66,152528,79,164136
7108,0.016376,172.217.194.0-255,5738,158266,79,164136
7109,0.016386,172.31.40.0-255,66,158332,79,164136
7110,0.018705,172.217.194.0-255,5738,164070,79,164136
7111,0.018721,172.31.40.0-255,66,164136,79,164136
7112,0.0,74.125.200.0-255,295,295,79,282469
7113,1.6e-05,172.31.40.0-255,66,361,79,282469
7114,2.3e-05,74.125.200.0-255,1484,1845,79,282469
7115,2.7e-05,172.31.40.0-255,66,1911,79,282469
7116,4.2e-05,74.125.200.0-255,4320,6231,79,282469
7117,4.4e-05,172.31.40.0-255,66,6297,79,282469
7118,4.7e-05,74.125.200.0-255,1484,7781,79,282469
7119,4.9e-05,172.31.40.0-255,66,7847,79,282469
7120,5.4e-05,74.125.200.0-255,2902,10749,79,282469
7121,5.8e-05,172.31.40.0-255,66,10815,79,282469
7122,9.2e-05,74.125.200.0-255,3368,14183,79,282469
7123,9.6e-05,172.31.40.0-255,66,14249,79,282469
7124,0.000128,74.125.200.0-255,1484,15733,79,282469
7125,0.00013,172.31.40.0-255,66,15799,79,282469
7126,0.000159,74.125.200.0-255,2902,18701,79,282469
7127,0.000161,172.31.40.0-255,66,18767,79,282469
7128,0.000164,74.125.200.0-255,1484,20251,79,282469
7129,0.000167,172.31.40.0-255,66,20317,79,282469
7130,0.000171,74.125.200.0-255,2902,23219,79,282469
7131,0.000173,172.31.40.0-255,66,23285,79,282469
7132,0.000184,74.125.200.0-255,5738,29023,79,282469
7133,0.000186,172.31.40.0-255,66,29089,79,282469
7134,0.000191,74.125.200.0-255,3961,33050,79,282469
7135,0.000193,172.31.40.0-255,66,33116,79,282469
7136,0.000199,74.125.200.0-255,4320,37436,79,282469
7137,0.000202,172.31.40.0-255,66,37502,79,282469
7138,0.000244,172.31.40.0-255,66,37568,79,282469
7139,0.000246,74.125.200.0-255,1125,38693,79,282469
7140,0.000249,172.31.40.0-255,66,38759,79,282469
7141,0.001201,74.125.200.0-255,1484,40243,79,282469
7142,0.001209,172.31.40.0-255,66,40309,79,282469
7143,0.001218,74.125.200.0-255,2902,43211,79,282469
7144,0.00122,172.31.40.0-255,66,43277,79,282469
7145,0.001234,74.125.200.0-255,5738,49015,79,282469
7146,0.001236,172.31.40.0-255,66,49081,79,282469
7147,0.001275,74.125.200.0-255,6797,55878,79,282469
7148,0.001278,172.31.40.0-255,66,55944,79,282469
7149,0.001302,74.125.200.0-255,1484,57428,79,282469
7150,0.001307,74.125.200.0-255,2902,60330,79,282469
7151,0.001309,172.31.40.0-255,66,60396,79,282469
7152,0.001336,74.125.200.0-255,5738,66134,79,282469
7153,0.001338,172.31.40.0-255,66,66200,79,282469
7154,0.001363,74.125.200.0-255,2902,69102,79,282469
7155,0.001366,172.31.40.0-255,66,69168,79,282469
7156,0.001387,74.125.200.0-255,3961,73129,79,282469
7157,0.001389,172.31.40.0-255,66,73195,79,282469
7158,0.001397,74.125.200.0-255,7156,80351,79,282469
7159,0.001399,172.31.40.0-255,66,80417,79,282469
7160,0.001442,172.31.40.0-255,66,80483,79,282469
7161,0.001515,74.125.200.0-255,647,81130,79,282469
7162,0.001654,74.125.200.0-255,1484,82614,79,282469
7163,0.00166,172.31.40.0-255,66,82680,79,282469
7164,0.001667,74.125.200.0-255,2902,85582,79,282469
7165,0.001671,172.31.40.0-255,66,85648,79,282469
7166,0.00168,74.125.200.0-255,2902,88550,79,282469
7167,0.001682,172.31.40.0-255,66,88616,79,282469
7168,0.001711,74.125.200.0-255,2902,91518,79,282469
7169,0.001714,172.31.40.0-255,66,91584,79,282469
7170,0.001728,172.31.40.0-255,66,91650,79,282469
7171,0.0018,172.31.40.0-255,66,91716,79,282469
7172,0.001813,172.31.40.0-255,66,91782,79,282469
7173,0.001818,74.125.200.0-255,4320,96102,79,282469
7174,0.00182,172.31.40.0-255,66,96168,79,282469
7175,0.001852,74.125.200.0-255,7156,103324,79,282469
7176,0.001855,172.31.40.0-255,66,103390,79,282469
7177,0.001895,172.31.40.0-255,66,103456,79,282469
7178,0.001897,74.125.200.0-255,766,104222,79,282469
7179,0.001933,74.125.200.0-255,1484,105706,79,282469
7180,0.001936,172.31.40.0-255,66,105772,79,282469
7181,0.001939,74.125.200.0-255,1484,107256,79,282469
7182,0.001961,74.125.200.0-255,1484,108740,79,282469
7183,0.001963,172.31.40.0-255,66,108806,79,282469
7184,0.001967,74.125.200.0-255,2902,111708,79,282469
7185,0.001971,172.31.40.0-255,66,111774,79,282469
7186,0.001976,74.125.200.0-255,4320,116094,79,282469
7187,0.001979,172.31.40.0-255,66,116160,79,282469
7188,0.002002,74.125.200.0-255,4320,120480,79,282469
7189,0.002004,172.31.40.0-255,66,120546,79,282469
7190,0.002042,74.125.200.0-255,4320,124866,79,282469
7191,0.002046,172.31.40.0-255,66,124932,79,282469
7192,0.002052,74.125.200.0-255,4320,129252,79,282469
7193,0.002055,172.31.40.0-255,66,129318,79,282469
7194,0.002061,74.125.200.0-255,5738,135056,79,282469
7195,0.002064,172.31.40.0-255,66,135122,79,282469
7196,0.002069,74.125.200.0-255,3602,138724,79,282469
7197,0.002072,172.31.40.0-255,66,138790,79,282469
7198,0.002095,74.125.200.0-255,2902,141692,79,282469
7199,0.002097,172.31.40.0-255,66,141758,79,282469
7200,0.002128,74.125.200.0-255,1484,143242,79,282469
7201,0.002133,74.125.200.0-255,2902,146144,79,282469
7202,0.002136,172.31.40.0-255,66,146210,79,282469
7203,0.002141,74.125.200.0-255,4320,150530,79,282469
7204,0.002143,172.31.40.0-255,66,150596,79,282469
7205,0.002149,74.125.200.0-255,5738,156334,79,282469
7206,0.002152,172.31.40.0-255,66,156400,79,282469
7207,0.002185,74.125.200.0-255,2902,159302,79,282469
7208,0.002188,172.31.40.0-255,66,159368,79,282469
7209,0.002199,172.31.40.0-255,66,159434,79,282469
7210,0.002226,74.125.200.0-255,5020,164454,79,282469
7211,0.002229,172.31.40.0-255,66,164520,79,282469
7212,0.002629,74.125.200.0-255,1484,166004,79,282469
7213,0.002636,74.125.200.0-255,1484,167488,79,282469
7214,0.00264,172.31.40.0-255,66,167554,79,282469
7215,0.002672,74.125.200.0-255,1484,169038,79,282469
7216,0.002679,74.125.200.0-255,5738,174776,79,282469
7217,0.002682,172.31.40.0-255,66,174842,79,282469
7218,0.002686,74.125.200.0-255,2902,177744,79,282469
7219,0.002688,172.31.40.0-255,66,177810,79,282469
7220,0.002699,74.125.200.0-255,4320,182130,79,282469
7221,0.002702,172.31.40.0-255,66,182196,79,282469
7222,0.002719,74.125.200.0-255,5738,187934,79,282469
7223,0.002722,172.31.40.0-255,66,188000,79,282469
7224,0.002738,172.31.40.0-255,66,188066,79,282469
7225,0.002857,74.125.200.0-255,1484,189550,79,282469
7226,0.002862,74.125.200.0-255,2902,192452,79,282469
7227,0.002864,172.31.40.0-255,66,192518,79,282469
7228,0.002871,74.125.200.0-255,5738,198256,79,282469
7229,0.002873,172.31.40.0-255,66,198322,79,282469
7230,0.002885,74.125.200.0-255,5738,204060,79,282469
7231,0.002887,172.31.40.0-255,66,204126,79,282469
7232,0.002922,74.125.200.0-255,7156,211282,79,282469
7233,0.002925,172.31.40.0-255,66,211348,79,282469
7234,0.002931,74.125.200.0-255,5738,217086,79,282469
7235,0.002933,172.31.40.0-255,66,217152,79,282469
7236,0.002967,172.31.40.0-255,66,217218,79,282469
7237,0.003036,172.31.40.0-255,66,217284,79,282469
7238,0.003047,172.31.40.0-255,66,217350,79,282469
7239,0.00307,74.125.200.0-255,4320,221670,79,282469
7240,0.003073,172.31.40.0-255,66,221736,79,282469
7241,0.003079,74.125.200.0-255,3602,225338,79,282469
7242,0.003081,172.31.40.0-255,66,225404,79,282469
7243,0.003108,74.125.200.0-255,1484,226888,79,282469
7244,0.003134,74.125.200.0-255,7156,234044,79,282469
7245,0.003137,172.31.40.0-255,66,234110,79,282469
7246,0.003159,74.125.200.0-255,7156,241266,79,282469
7247,0.003161,172.31.40.0-255,66,241332,79,282469
7248,0.003183,74.125.200.0-255,1484,242816,79,282469
7249,0.003196,172.31.40.0-255,66,242882,79,282469
7250,0.003231,74.125.200.0-255,6438,249320,79,282469
7251,0.003233,172.31.40.0-255,66,249386,79,282469
7252,0.003237,74.125.200.0-255,2902,252288,79,282469
7253,0.00324,172.31.40.0-255,66,252354,79,282469
7254,0.00325,74.125.200.0-255,4320,256674,79,282469
7255,0.003252,172.31.40.0-255,66,256740,79,282469
7256,0.003263,172.31.40.0-255,66,256806,79,282469
7257,0.00328,74.125.200.0-255,5738,262544,79,282469
7258,0.003286,172.31.40.0-255,66,262610,79,282469
7259,0.003292,172.31.40.0-255,66,262676,79,282469
7260,0.003297,74.125.200.0-255,3602,266278,79,282469
7261,0.003299,172.31.40.0-255,66,266344,79,282469
7262,0.003308,74.125.200.0-255,4320,270664,79,282469
7263,0.003311,172.31.40.0-255,66,270730,79,282469
7264,0.003338,74.125.200.0-255,4320,275050,79,282469
7265,0.003341,172.31.40.0-255,66,275116,79,282469
7266,0.003348,74.125.200.0-255,6945,282061,79,282469
7267,0.003351,172.31.40.0-255,66,282127,79,282469
7268,0.003372,74.125.200.0-255,105,282232,79,282469
7269,0.009804,172.31.40.0-255,66,282298,79,282469
7270,0.009847,172.31.40.0-255,105,282403,79,282469
7271,0.01217,74.125.200.0-255,66,282469,79,282469
7272,0.0,172.217.194.0-255,148,148,79,146366
7273,2.2e-05,172.31.40.0-255,66,214,79,146366
7274,3e-05,172.217.194.0-255,1484,1698,79,146366
7275,3.4e-05,172.31.40.0-255,66,1764,79,146366
7276,4e-05,172.217.194.0-255,2902,4666,79,146366
7277,4.4e-05,172.31.40.0-255,66,4732,79,146366
7278,4.9e-05,172.217.194.0-255,2902,7634,79,146366
7279,5.2e-05,172.31.40.0-255,66,7700,79,146366
7280,7.7e-05,172.217.194.0-255,4320,12020,79,146366
7281,8.1e-05,172.31.40.0-255,66,12086,79,146366
7282,8.5e-05,172.217.194.0-255,1999,14085,79,146366
7283,8.8e-05,172.31.40.0-255,66,14151,79,146366
7284,0.000206,172.217.194.0-255,1484,15635,79,146366
7285,0.000209,172.31.40.0-255,66,15701,79,146366
7286,0.000215,172.217.194.0-255,2902,18603,79,146366
7287,0.000218,172.31.40.0-255,66,18669,79,146366
7288,0.000239,172.217.194.0-255,4320,22989,79,146366
7289,0.000242,172.31.40.0-255,66,23055,79,146366
7290,0.000315,172.31.40.0-255,66,23121,79,146366
7291,0.000335,172.217.194.0-255,1484,24605,79,146366
7292,0.000337,172.31.40.0-255,66,24671,79,146366
7293,0.000342,172.217.194.0-255,2902,27573,79,146366
7294,0.000344,172.31.40.0-255,66,27639,79,146366
7295,0.000366,172.217.194.0-255,5738,33377,79,146366
7296,0.000369,172.31.40.0-255,66,33443,79,146366
7297,0.0004,172.217.194.0-255,5738,39181,79,146366
7298,0.000403,172.31.40.0-255,66,39247,79,146366
7299,0.000421,172.217.194.0-255,1125,40372,79,146366
7300,0.000423,172.31.40.0-255,66,40438,79,146366
7301,0.00136,172.217.194.0-255,1484,41922,79,146366
7302,0.001367,172.31.40.0-255,66,41988,79,146366
7303,0.001376,172.217.194.0-255,2902,44890,79,146366
7304,0.001378,172.31.40.0-255,66,44956,79,146366
7305,0.001387,172.217.194.0-255,5738,50694,79,146366
7306,0.001389,172.31.40.0-255,66,50760,79,146366
7307,0.001392,172.217.194.0-255,1484,52244,79,146366
7308,0.001421,172.217.194.0-255,5379,57623,79,146366
7309,0.001423,172.31.40.0-255,66,57689,79,146366
7310,0.001442,172.217.194.0-255,1484,59173,79,146366
7311,0.001466,172.217.194.0-255,2902,62075,79,146366
7312,0.001469,172.31.40.0-255,66,62141,79,146366
7313,0.001492,172.217.194.0-255,5738,67879,79,146366
7314,0.001494,172.31.40.0-255,66,67945,79,146366
7315,0.001502,172.217.194.0-255,6797,74742,79,146366
7316,0.001504,172.31.40.0-255,66,74808,79,146366
7317,0.001558,172.31.40.0-255,66,74874,79,146366
7318,0.001563,172.217.194.0-255,3122,77996,79,146366
7319,0.001567,172.31.40.0-255,66,78062,79,146366
7320,0.002158,172.217.194.0-255,1484,79546,79,146366
7321,0.002166,172.217.194.0-255,2902,82448,79,146366
7322,0.002171,172.31.40.0-255,66,82514,79,146366
7323,0.002176,172.217.194.0-255,2902,85416,79,146366
7324,0.002179,172.31.40.0-255,66,85482,79,146366
7325,0.002194,172.217.194.0-255,2902,88384,79,146366
7326,0.002197,172.31.40.0-255,66,88450,79,146366
7327,0.002239,172.31.40.0-255,66,88516,79,146366
7328,0.002296,172.31.40.0-255,66,88582,79,146366
7329,0.002311,172.217.194.0-255,2184,90766,79,146366
7330,0.002314,172.31.40.0-255,66,90832,79,146366
7331,0.002333,172.217.194.0-255,1484,92316,79,146366
7332,0.002337,172.217.194.0-255,2902,95218,79,146366
7333,0.00234,172.31.40.0-255,66,95284,79,146366
7334,0.002343,172.217.194.0-255,1484,96768,79,146366
7335,0.002366,172.217.194.0-255,4320,101088,79,146366
7336,0.002369,172.31.40.0-255,66,101154,79,146366
7337,0.002374,172.217.194.0-255,4320,105474,79,146366
7338,0.002377,172.31.40.0-255,66,105540,79,146366
7339,0.00239,172.217.194.0-255,1484,107024,79,146366
7340,0.002402,172.31.40.0-255,66,107090,79,146366
7341,0.004751,172.217.194.0-255,5738,112828,79,146366
7342,0.004755,172.31.40.0-255,66,112894,79,146366
7343,0.007095,172.217.194.0-255,5738,118632,79,146366
7344,0.007102,172.31.40.0-255,66,118698,79,146366
7345,0.009464,172.217.194.0-255,5738,124436,79,146366
7346,0.009472,172.31.40.0-255,66,124502,79,146366
7347,0.011797,172.217.194.0-255,4320,128822,79,146366
7348,0.011807,172.31.40.0-255,66,128888,79,146366
7349,0.011826,172.217.194.0-255,1484,130372,79,146366
7350,0.014169,172.217.194.0-255,4320,134692,79,146366
7351,0.014176,172.31.40.0-255,66,134758,79,146366
7352,0.016544,172.217.194.0-255,5738,140496,79,146366
7353,0.016551,172.31.40.0-255,66,140562,79,146366
7354,0.018904,172.217.194.0-255,5738,146300,79,146366
7355,0.018916,172.31.40.0-255,66,146366,79,146366
7356,0.0,172.217.24.0-255,298,298,79,118992
7357,1.7e-05,172.31.40.0-255,66,364,79,118992
7358,2.2e-05,172.217.24.0-255,1484,1848,79,118992
7359,2.7e-05,172.31.40.0-255,66,1914,79,118992
7360,3.2e-05,172.217.24.0-255,2902,4816,79,118992
7361,3.4e-05,172.31.40.0-255,66,4882,79,118992
7362,4.6e-05,172.217.24.0-255,5738,10620,79,118992
7363,4.9e-05,172.31.40.0-255,66,10686,79,118992
7364,7.3e-05,172.217.24.0-255,3257,13943,79,118992
7365,7.6e-05,172.31.40.0-255,66,14009,79,118992
7366,0.000386,172.217.24.0-255,1484,15493,79,118992
7367,0.000392,172.31.40.0-255,66,15559,79,118992
7368,0.000397,172.217.24.0-255,2902,18461,79,118992
7369,0.000399,172.31.40.0-255,66,18527,79,118992
7370,0.00043,172.217.24.0-255,5738,24265,79,118992
7371,0.000432,172.31.40.0-255,66,24331,79,118992
7372,0.000439,172.217.24.0-255,6797,31128,79,118992
7373,0.000441,172.31.40.0-255,66,31194,79,118992
7374,0.000493,172.31.40.0-255,66,31260,79,118992
7375,0.000516,172.217.24.0-255,5379,36639,79,118992
7376,0.000518,172.31.40.0-255,66,36705,79,118992
7377,0.000546,172.217.24.0-255,2902,39607,79,118992
7378,0.000549,172.31.40.0-255,66,39673,79,118992
7379,0.000577,172.217.24.0-255,2902,42575,79,118992
7380,0.00058,172.31.40.0-255,66,42641,79,118992
7381,0.000591,172.31.40.0-255,66,42707,79,118992
7382,0.000629,172.217.24.0-255,1416,44123,79,118992
7383,0.000632,172.31.40.0-255,66,44189,79,118992
7384,0.001288,172.217.24.0-255,135,44324,79,118992
7385,0.001293,172.31.40.0-255,66,44390,79,118992
7386,0.001468,172.217.24.0-255,1484,45874,79,118992
7387,0.001475,172.217.24.0-255,2902,48776,79,118992
7388,0.001495,172.217.24.0-255,2902,51678,79,118992
7389,0.001508,172.217.24.0-255,2902,54580,79,118992
7390,0.001524,172.217.24.0-255,2902,57482,79,118992
7391,0.001545,172.217.24.0-255,3961,61443,79,118992
7392,0.001551,172.217.24.0-255,7156,68599,79,118992
7393,0.001577,172.217.24.0-255,4320,72919,79,118992
7394,0.001597,172.217.24.0-255,5379,78298,79,118992
7395,0.005948,172.31.40.0-255,66,78364,79,118992
7396,0.007897,172.217.24.0-255,5738,84102,79,118992
7397,0.007904,172.31.40.0-255,66,84168,79,118992
7398,0.009853,172.217.24.0-255,5738,89906,79,118992
7399,0.009861,172.31.40.0-255,66,89972,79,118992
7400,0.01181,172.217.24.0-255,5738,95710,79,118992
7401,0.011817,172.31.40.0-255,66,95776,79,118992
7402,0.013769,172.217.24.0-255,5738,101514,79,118992
7403,0.013776,172.31.40.0-255,66,101580,79,118992
7404,0.01574,172.217.24.0-255,5738,107318,79,118992
7405,0.01575,172.31.40.0-255,66,107384,79,118992
7406,0.017694,172.217.24.0-255,5738,113122,79,118992
7407,0.017702,172.31.40.0-255,66,113188,79,118992
7408,0.019648,172.217.24.0-255,5738,118926,79,118992
7409,0.019655,172.31.40.0-255,66,118992,79,118992
7410,0.0,172.31.40.0-255,66,66,79,66
7411,0.0,74.125.24.0-255,147,147,79,130526
7412,2.3e-05,172.31.40.0-255,66,213,79,130526
7413,3.1e-05,74.125.24.0-255,1484,1697,79,130526
7414,3.5e-05,172.31.40.0-255,66,1763,79,130526
7415,4e-05,74.125.24.0-255,2902,4665,79,130526
7416,4.4e-05,172.31.40.0-255,66,4731,79,130526
7417,5.1e-05,74.125.24.0-255,7156,11887,79,130526
7418,5.5e-05,172.31.40.0-255,66,11953,79,130526
7419,5.9e-05,74.125.24.0-255,2135,14088,79,130526
7420,6.1e-05,172.31.40.0-255,66,14154,79,130526
7421,9e-05,74.125.24.0-255,2902,17056,79,130526
7422,9.4e-05,172.31.40.0-255,66,17122,79,130526
7423,9.8e-05,74.125.24.0-255,2902,20024,79,130526
7424,0.0001,172.31.40.0-255,66,20090,79,130526
7425,0.000112,74.125.24.0-255,1484,21574,79,130526
7426,0.000115,172.31.40.0-255,66,21640,79,130526
7427,0.000125,172.31.40.0-255,66,21706,79,130526
7428,0.000128,74.125.24.0-255,1125,22831,79,130526
7429,0.00013,172.31.40.0-255,66,22897,79,130526
7430,0.000648,74.125.24.0-255,1484,24381,79,130526
7431,0.000655,172.31.40.0-255,66,24447,79,130526
7432,0.000661,74.125.24.0-255,2902,27349,79,130526
7433,0.000663,172.31.40.0-255,66,27415,79,130526
7434,0.000669,74.125.24.0-255,5738,33153,79,130526
7435,0.000672,172.31.40.0-255,66,33219,79,130526
7436,0.000703,74.125.24.0-255,5738,38957,79,130526
7437,0.000708,172.31.40.0-255,66,39023,79,130526
7438,0.00074,172.31.40.0-255,66,39089,79,130526
7439,0.000748,74.125.24.0-255,7156,46245,79,130526
7440,0.00075,172.31.40.0-255,66,46311,79,130526
7441,0.000764,74.125.24.0-255,2818,49129,79,130526
7442,0.000766,172.31.40.0-255,66,49195,79,130526
7443,0.001348,74.125.24.0-255,133,49328,79,130526
7444,0.001484,74.125.24.0-255,1484,50812,79,130526
7445,0.00149,172.31.40.0-255,66,50878,79,130526
7446,0.001497,74.125.24.0-255,2902,53780,79,130526
7447,0.001499,172.31.40.0-255,66,53846,79,130526
7448,0.001506,74.125.24.0-255,5738,59584,79,130526
7449,0.001508,172.31.40.0-255,66,59650,79,130526
7450,0.001513,74.125.24.0-255,2902,62552,79,130526
7451,0.001515,172.31.40.0-255,66,62618,79,130526
7452,0.001536,74.125.24.0-255,3961,66579,79,130526
7453,0.001538,172.31.40.0-255,66,66645,79,130526
7454,0.001575,74.125.24.0-255,1484,68129,79,130526
7455,0.001579,74.125.24.0-255,1484,69613,79,130526
7456,0.001581,172.31.40.0-255,66,69679,79,130526
7457,0.001596,74.125.24.0-255,1484,71163,79,130526
7458,0.0016,74.125.24.0-255,2902,74065,79,130526
7459,0.001602,172.31.40.0-255,66,74131,79,130526
7460,0.001628,74.125.24.0-255,2902,77033,79,130526
7461,0.001631,172.31.40.0-255,66,77099,79,130526
7462,0.001636,74.125.24.0-255,4320,81419,79,130526
7463,0.001638,172.31.40.0-255,66,81485,79,130526
7464,0.00167,74.125.24.0-255,2543,84028,79,130526
7465,0.001673,172.31.40.0-255,66,84094,79,130526
7466,0.003706,74.125.24.0-255,5738,89832,79,130526
7467,0.003712,172.31.40.0-255,66,89898,79,130526
7468,0.005775,74.125.24.0-255,5738,95636,79,130526
7469,0.005782,172.31.40.0-255,66,95702,79,130526
7470,0.007822,74.125.24.0-255,5738,101440,79,130526
7471,0.007827,172.31.40.0-255,66,101506,79,130526
7472,0.009857,74.125.24.0-255,5738,107244,79,130526
7473,0.009864,172.31.40.0-255,66,107310,79,130526
7474,0.011916,74.125.24.0-255,5738,113048,79,130526
7475,0.011923,172.31.40.0-255,66,113114,79,130526
7476,0.013976,74.125.24.0-255,5738,118852,79,130526
7477,0.013987,172.31.40.0-255,66,118918,79,130526
7478,0.016049,74.125.24.0-255,5738,124656,79,130526
7479,0.016056,172.31.40.0-255,66,124722,79,130526
7480,0.018076,74.125.24.0-255,5738,130460,79,130526
7481,0.018084,172.31.40.0-255,66,130526,79,130526
7482,0.0,172.217.194.0-255,150,150,79,111254
7483,1.1e-05,172.31.40.0-255,66,216,79,111254
7484,4.3e-05,172.217.194.0-255,1484,1700,79,111254
7485,4.7e-05,172.31.40.0-255,66,1766,79,111254
7486,5.3e-05,172.217.194.0-255,2902,4668,79,111254
7487,5.6e-05,172.31.40.0-255,66,4734,79,111254
7488,7.2e-05,172.217.194.0-255,4320,9054,79,111254
7489,7.5e-05,172.31.40.0-255,66,9120,79,111254
7490,0.000129,172.217.194.0-255,7156,16276,79,111254
7491,0.000132,172.31.40.0-255,66,16342,79,111254
7492,0.000162,172.217.194.0-255,4934,21276,79,111254
7493,0.000164,172.31.40.0-255,66,21342,79,111254
7494,0.000294,172.217.194.0-255,4320,25662,79,111254
7495,0.0003,172.31.40.0-255,66,25728,79,111254
7496,0.000318,172.217.194.0-255,5379,31107,79,111254
7497,0.000321,172.31.40.0-255,66,31173,79,111254
7498,0.000421,172.217.194.0-255,4320,35493,79,111254
7499,0.000425,172.31.40.0-255,66,35559,79,111254
7500,0.000502,172.217.194.0-255,7156,42715,79,111254
7501,0.000507,172.31.40.0-255,66,42781,79,111254
7502,0.000535,172.217.194.0-255,5379,48160,79,111254
7503,0.000538,172.31.40.0-255,66,48226,79,111254
7504,0.000676,172.217.194.0-255,1484,49710,79,111254
7505,0.00068,172.31.40.0-255,66,49776,79,111254
7506,0.000686,172.217.194.0-255,2902,52678,79,111254
7507,0.000688,172.31.40.0-255,66,52744,79,111254
7508,0.000709,172.217.194.0-255,4320,57064,79,111254
7509,0.000715,172.31.40.0-255,66,57130,79,111254
7510,0.000742,172.217.194.0-255,1484,58614,79,111254
7511,0.000746,172.31.40.0-255,66,58680,79,111254
7512,0.000805,172.31.40.0-255,66,58746,79,111254
7513,0.000892,172.217.194.0-255,5738,64484,79,111254
7514,0.000896,172.31.40.0-255,66,64550,79,111254
7515,0.000919,172.217.194.0-255,2902,67452,79,111254
7516,0.000922,172.31.40.0-255,66,67518,79,111254
7517,0.001,172.217.194.0-255,2902,70420,79,111254
7518,0.001004,172.31.40.0-255,66,70486,79,111254
7519,0.001031,172.31.40.0-255,66,70552,79,111254
7520,0.001159,172.217.194.0-255,4320,74872,79,111254
7521,0.001163,172.31.40.0-255,66,74938,79,111254
7522,0.0012,172.31.40.0-255,66,75004,79,111254
7523,0.001349,172.217.194.0-255,5738,80742,79,111254
7524,0.001354,172.31.40.0-255,66,80808,79,111254
7525,0.001399,172.31.40.0-255,66,80874,79,111254
7526,0.001585,172.31.40.0-255,66,80940,79,111254
7527,0.001616,172.31.40.0-255,66,81006,79,111254
7528,0.001641,172.217.194.0-255,4320,85326,79,111254
7529,0.001646,172.31.40.0-255,66,85392,79,111254
7530,0.002018,172.217.194.0-255,2184,87576,79,111254
7531,0.002023,172.31.40.0-255,66,87642,79,111254
7532,0.002045,172.31.40.0-255,66,87708,79,111254
7533,0.002108,172.31.40.0-255,66,87774,79,111254
7534,0.002675,172.31.40.0-255,66,87840,79,111254
7535,0.002733,172.31.40.0-255,66,87906,79,111254
7536,0.010606,172.31.40.0-255,66,87972,79,111254
7537,0.012053,172.217.194.0-255,1484,89456,79,111254
7538,0.012909,172.217.194.0-255,4320,93776,79,111254
7539,0.012915,172.31.40.0-255,66,93842,79,111254
7540,0.015186,172.217.194.0-255,5738,99580,79,111254
7541,0.015193,172.31.40.0-255,66,99646,79,111254
7542,0.017493,172.217.194.0-255,5738,105384,79,111254
7543,0.017509,172.31.40.0-255,66,105450,79,111254
7544,0.01983,172.217.194.0-255,5738,111188,79,111254
7545,0.019843,172.31.40.0-255,66,111254,79,111254
7546,0.0,74.125.68.0-255,291,291,79,291040
7547,1.8e-05,172.31.40.0-255,66,357,79,291040
7548,2.5e-05,74.125.68.0-255,1484,1841,79,291040
7549,3e-05,172.31.40.0-255,66,1907,79,291040
7550,3.7e-05,74.125.68.0-255,2902,4809,79,291040
7551,3.9e-05,172.31.40.0-255,66,4875,79,291040
7552,6.3e-05,74.125.68.0-255,5738,10613,79,291040
7553,6.6e-05,172.31.40.0-255,66,10679,79,291040
7554,7.1e-05,74.125.68.0-255,3345,14024,79,291040
7555,7.3e-05,172.31.40.0-255,66,14090,79,291040
7556,9.4e-05,74.125.68.0-255,1484,15574,79,291040
7557,9.7e-05,172.31.40.0-255,66,15640,79,291040
7558,0.000115,74.125.68.0-255,2902,18542,79,291040
7559,0.000118,172.31.40.0-255,66,18608,79,291040
7560,0.000122,74.125.68.0-255,2902,21510,79,291040
7561,0.000124,172.31.40.0-255,66,21576,79,291040
7562,0.000142,74.125.68.0-255,4320,25896,79,291040
7563,0.000145,172.31.40.0-255,66,25962,79,291040
7564,0.000167,74.125.68.0-255,4320,30282,79,291040
7565,0.000169,172.31.40.0-255,66,30348,79,291040
7566,0.000191,74.125.68.0-255,4320,34668,79,291040
7567,0.000193,172.31.40.0-255,66,34734,79,291040
7568,0.000198,74.125.68.0-255,2902,37636,79,291040
7569,0.000201,172.31.40.0-255,66,37702,79,291040
7570,0.00025,172.31.40.0-255,66,37768,79,291040
7571,0.000268,74.125.68.0-255,1484,39252,79,291040
7572,0.00027,172.31.40.0-255,66,39318,79,291040
7573,0.000291,74.125.68.0-255,4320,43638,79,291040
7574,0.000294,172.31.40.0-255,66,43704,79,291040
7575,0.000328,74.125.68.0-255,4320,48024,79,291040
7576,0.00033,172.31.40.0-255,66,48090,79,291040
7577,0.000348,74.125.68.0-255,2902,50992,79,291040
7578,0.000354,74.125.68.0-255,4271,55263,79,291040
7579,0.000357,74.125.68.0-255,109,55372,79,291040
7580,0.000462,74.125.68.0-255,1484,56856,79,291040
7581,0.000488,74.125.68.0-255,2902,59758,79,291040
7582,0.000495,74.125.68.0-255,4320,64078,79,291040
7583,0.000506,74.125.68.0-255,1484,65562,79,291040
7584,0.000522,74.125.68.0-255,2902,68464,79,291040
7585,0.000555,74.125.68.0-255,1484,69948,79,291040
7586,0.000583,74.125.68.0-255,2902,72850,79,291040
7587,0.000589,172.31.40.0-255,66,72916,79,291040
7588,0.000612,172.31.40.0-255,66,72982,79,291040
7589,0.000979,74.125.68.0-255,1484,74466,79,291040
7590,0.001003,74.125.68.0-255,2902,77368,79,291040
7591,0.001006,172.31.40.0-255,66,77434,79,291040
7592,0.00101,74.125.68.0-255,1484,78918,79,291040
7593,0.00103,74.125.68.0-255,4320,83238,79,291040
7594,0.001033,74.125.68.0-255,1484,84722,79,291040
7595,0.001052,74.125.68.0-255,4320,89042,79,291040
7596,0.001066,74.125.68.0-255,4320,93362,79,291040
7597,0.001069,172.31.40.0-255,66,93428,79,291040
7598,0.001074,172.31.40.0-255,66,93494,79,291040
7599,0.001105,172.31.40.0-255,66,93560,79,291040
7600,0.001125,74.125.68.0-255,2184,95744,79,291040
7601,0.001143,172.31.40.0-255,66,95810,79,291040
7602,0.001497,74.125.68.0-255,1484,97294,79,291040
7603,0.001502,74.125.68.0-255,1484,98778,79,291040
7604,0.001506,172.31.40.0-255,66,98844,79,291040
7605,0.001523,74.125.68.0-255,1484,100328,79,291040
7606,0.001529,74.125.68.0-255,4320,104648,79,291040
7607,0.001545,74.125.68.0-255,1484,106132,79,291040
7608,0.001548,172.31.40.0-255,66,106198,79,291040
7609,0.001569,74.125.68.0-255,5738,111936,79,291040
7610,0.001577,172.31.40.0-255,66,112002,79,291040
7611,0.001586,74.125.68.0-255,1484,113486,79,291040
7612,0.001591,74.125.68.0-255,4320,117806,79,291040
7613,0.001606,74.125.68.0-255,4320,122126,79,291040
7614,0.001621,172.31.40.0-255,66,122192,79,291040
7615,0.001631,74.125.68.0-255,2902,125094,79,291040
7616,0.001648,74.125.68.0-255,5020,130114,79,291040
7617,0.001657,172.31.40.0-255,66,130180,79,291040
7618,0.001689,74.125.68.0-255,4320,134500,79,291040
7619,0.001692,172.31.40.0-255,66,134566,79,291040
7620,0.00171,74.125.68.0-255,1484,136050,79,291040
7621,0.001719,74.125.68.0-255,7156,143206,79,291040
7622,0.001732,172.31.40.0-255,66,143272,79,291040
7623,0.001742,74.125.68.0-255,1484,144756,79,291040
7624,0.001791,74.125.68.0-255,5738,150494,79,291040
7625,0.001793,172.31.40.0-255,66,150560,79,291040
7626,0.001806,74.125.68.0-255,6438,156998,79,291040
7627,0.001809,74.125.68.0-255,1484,158482,79,291040
7628,0.001813,172.31.40.0-255,66,158548,79,291040
7629,0.001822,74.125.68.0-255,2902,161450,79,291040
7630,0.001842,172.31.40.0-255,66,161516,79,291040
7631,0.001862,74.125.68.0-255,2902,164418,79,291040
7632,0.001866,172.31.40.0-255,66,164484,79,291040
7633,0.001904,74.125.68.0-255,2902,167386,79,291040
7634,0.001915,172.31.40.0-255,66,167452,79,291040
7635,0.001933,172.31.40.0-255,66,167518,79,291040
7636,0.002005,74.125.68.0-255,1484,169002,79,291040
7637,0.002022,74.125.68.0-255,1484,170486,79,291040
7638,0.002037,74.125.68.0-255,1484,171970,79,291040
7639,0.002044,74.125.68.0-255,5738,177708,79,291040
7640,0.002048,74.125.68.0-255,2902,180610,79,291040
7641,0.002084,172.31.40.0-255,66,180676,79,291040
7642,0.002113,74.125.68.0-255,4320,184996,79,291040
7643,0.002196,74.125.68.0-255,1484,186480,79,291040
7644,0.002202,74.125.68.0-255,2902,189382,79,291040
7645,0.002214,74.125.68.0-255,1484,190866,79,291040
7646,0.00223,74.125.68.0-255,4320,195186,79,291040
7647,0.002259,74.125.68.0-255,7156,202342,79,291040
7648,0.002281,74.125.68.0-255,5738,208080,79,291040
7649,0.002314,74.125.68.0-255,4320,212400,79,291040
7650,0.00234,74.125.68.0-255,6438,218838,79,291040
7651,0.002345,74.125.68.0-255,4320,223158,79,291040
7652,0.002361,74.125.68.0-255,7156,230314,79,291040
7653,0.002365,74.125.68.0-255,2902,233216,79,291040
7654,0.002424,74.125.68.0-255,5738,238954,79,291040
7655,0.00243,74.125.68.0-255,3602,242556,79,291040
7656,0.002452,74.125.68.0-255,1484,244040,79,291040
7657,0.002489,74.125.68.0-255,7156,251196,79,291040
7658,0.002502,74.125.68.0-255,4320,255516,79,291040
7659,0.002507,74.125.68.0-255,4320,259836,79,291040
7660,0.002523,74.125.68.0-255,4320,264156,79,291040
7661,0.002542,74.125.68.0-255,3602,267758,79,291040
7662,0.006318,172.31.40.0-255,66,267824,79,291040
7663,0.008848,74.125.68.0-255,5738,273562,79,291040
7664,0.008854,172.31.40.0-255,66,273628,79,291040
7665,0.011396,74.125.68.0-255,5738,279366,79,291040
7666,0.012936,172.31.40.0-255,66,279432,79,291040
7667,0.01546,74.125.68.0-255,5738,285170,79,291040
7668,0.01547,172.31.40.0-255,66,285236,79,291040
7669,0.017986,74.125.68.0-255,5738,290974,79,291040
7670,0.017995,172.31.40.0-255,66,291040,79,291040
7671,0.0,74.125.200.0-255,150,150,79,124502
7672,2.1e-05,172.31.40.0-255,66,216,79,124502
7673,2.8e-05,74.125.200.0-255,1484,1700,79,124502
7674,3.2e-05,172.31.40.0-255,66,1766,79,124502
7675,3.8e-05,74.125.200.0-255,2902,4668,79,124502
7676,4e-05,172.31.40.0-255,66,4734,79,124502
7677,5.3e-05,74.125.200.0-255,2902,7636,79,124502
7678,5.7e-05,172.31.40.0-255,66,7702,79,124502
7679,6.3e-05,74.125.200.0-255,4320,12022,79,124502
7680,6.6e-05,172.31.40.0-255,66,12088,79,124502
7681,8.7e-05,74.125.200.0-255,1940,14028,79,124502
7682,9.5e-05,172.31.40.0-255,66,14094,79,124502
7683,0.000135,74.125.200.0-255,1484,15578,79,124502
7684,0.000138,172.31.40.0-255,66,15644,79,124502
7685,0.000143,74.125.200.0-255,2902,18546,79,124502
7686,0.000159,172.31.40.0-255,66,18612,79,124502
7687,0.000166,74.125.200.0-255,5738,24350,79,124502
7688,0.000169,172.31.40.0-255,66,24416,79,124502
7689,0.000207,74.125.200.0-255,6797,31213,79,124502
7690,0.00021,172.31.40.0-255,66,31279,79,124502
7691,0.000215,74.125.200.0-255,2902,34181,79,124502
7692,0.000217,172.31.40.0-255,66,34247,79,124502
7693,0.000237,74.125.200.0-255,4320,38567,79,124502
7694,0.00024,172.31.40.0-255,66,38633,79,124502
7695,0.000246,74.125.200.0-255,5738,44371,79,124502
7696,0.000248,172.31.40.0-255,66,44437,79,124502
7697,0.000274,74.125.200.0-255,3961,48398,79,124502
7698,0.000277,172.31.40.0-255,66,48464,79,124502
7699,0.000306,74.125.200.0-255,1484,49948,79,124502
7700,0.000309,172.31.40.0-255,66,50014,79,124502
7701,0.000321,74.125.200.0-255,2902,52916,79,124502
7702,0.000328,172.31.40.0-255,66,52982,79,124502
7703,0.000334,74.125.200.0-255,4320,57302,79,124502
7704,0.000336,172.31.40.0-255,66,57368,79,124502
7705,0.000365,74.125.200.0-255,1484,58852,79,124502
7706,0.000374,74.125.200.0-255,6797,65649,79,124502
7707,0.000377,172.31.40.0-255,66,65715,79,124502
7708,0.00038,74.125.200.0-255,400,66115,79,124502
7709,0.000401,74.125.200.0-255,109,66224,79,124502
7710,0.000991,172.31.40.0-255,66,66290,79,124502
7711,0.001675,74.125.200.0-255,333,66623,79,124502
7712,0.001947,74.125.200.0-255,1484,68107,79,124502
7713,0.001951,172.31.40.0-255,66,68173,79,124502
7714,0.001957,74.125.200.0-255,2902,71075,79,124502
7715,0.001958,172.31.40.0-255,66,71141,79,124502
7716,0.001982,74.125.200.0-255,5738,76879,79,124502
7717,0.001985,172.31.40.0-255,66,76945,79,124502
7718,0.002011,74.125.200.0-255,6797,83742,79,124502
7719,0.002012,172.31.40.0-255,66,83808,79,124502
7720,0.004297,74.125.200.0-255,5738,89546,79,124502
7721,0.004301,172.31.40.0-255,66,89612,79,124502
7722,0.006588,74.125.200.0-255,5738,95350,79,124502
7723,0.006594,172.31.40.0-255,66,95416,79,124502
7724,0.008907,74.125.200.0-255,5738,101154,79,124502
7725,0.008915,172.31.40.0-255,66,101220,79,124502
7726,0.011205,74.125.200.0-255,5738,106958,79,124502
7727,0.011211,172.31.40.0-255,66,107024,79,124502
7728,0.013506,74.125.200.0-255,5738,112762,79,124502
7729,0.013517,172.31.40.0-255,66,112828,79,124502
7730,0.015821,74.125.200.0-255,5738,118566,79,124502
7731,0.015831,172.31.40.0-255,66,118632,79,124502
7732,0.018126,74.125.200.0-255,4320,122952,79,124502
7733,0.018133,172.31.40.0-255,66,123018,79,124502
7734,0.01816,74.125.200.0-255,1484,124502,79,124502
7735,0.0,74.125.130.0-255,160,160,79,252309
7736,2.5e-05,172.31.40.0-255,66,226,79,252309
7737,3.2e-05,74.125.130.0-255,1484,1710,79,252309
7738,3.7e-05,172.31.40.0-255,66,1776,79,252309
7739,4.2e-05,74.125.130.0-255,2902,4678,79,252309
7740,4.7e-05,172.31.40.0-255,66,4744,79,252309
7741,5.4e-05,74.125.130.0-255,7156,11900,79,252309
7742,5.7e-05,172.31.40.0-255,66,11966,79,252309
7743,6.2e-05,74.125.130.0-255,2093,14059,79,252309
7744,6.4e-05,172.31.40.0-255,66,14125,79,252309
7745,6.9e-05,74.125.130.0-255,2902,17027,79,252309
7746,7.2e-05,172.31.40.0-255,66,17093,79,252309
7747,7.9e-05,74.125.130.0-255,7156,24249,79,252309
7748,8.2e-05,172.31.40.0-255,66,24315,79,252309
7749,8.5e-05,74.125.130.0-255,1484,25799,79,252309
7750,8.7e-05,172.31.40.0-255,66,25865,79,252309
7751,0.000109,74.125.130.0-255,5379,31244,79,252309
7752,0.000113,172.31.40.0-255,66,31310,79,252309
7753,0.000228,74.125.130.0-255,1484,32794,79,252309
7754,0.000232,172.31.40.0-255,66,32860,79,252309
7755,0.000237,74.125.130.0-255,2902,35762,79,252309
7756,0.00024,172.31.40.0-255,66,35828,79,252309
7757,0.000246,74.125.130.0-255,5738,41566,79,252309
7758,0.000248,172.31.40.0-255,66,41632,79,252309
7759,0.000274,74.125.130.0-255,2902,44534,79,252309
7760,0.000277,172.31.40.0-255,66,44600,79,252309
7761,0.000297,172.31.40.0-255,66,44666,79,252309
7762,0.000302,74.125.130.0-255,4320,48986,79,252309
7763,0.000304,172.31.40.0-255,66,49052,79,252309
7764,0.00033,74.125.130.0-255,5738,54790,79,252309
7765,0.000333,172.31.40.0-255,66,54856,79,252309
7766,0.000335,74.125.130.0-255,1077,55933,79,252309
7767,0.000372,74.125.130.0-255,368,56301,79,252309
7768,0.000539,74.125.130.0-255,1484,57785,79,252309
7769,0.000549,172.31.40.0-255,66,57851,79,252309
7770,0.000557,74.125.130.0-255,2902,60753,79,252309
7771,0.00056,172.31.40.0-255,66,60819,79,252309
7772,0.000566,74.125.130.0-255,5738,66557,79,252309
7773,0.000569,172.31.40.0-255,66,66623,79,252309
7774,0.000595,74.125.130.0-255,5738,72361,79,252309
7775,0.0006,172.31.40.0-255,66,72427,79,252309
7776,0.000622,74.125.130.0-255,5738,78165,79,252309
7777,0.000625,172.31.40.0-255,66,78231,79,252309
7778,0.000639,172.31.40.0-255,66,78297,79,252309
7779,0.000831,74.125.130.0-255,1484,79781,79,252309
7780,0.000838,74.125.130.0-255,2902,82683,79,252309
7781,0.000841,172.31.40.0-255,66,82749,79,252309
7782,0.00086,74.125.130.0-255,5738,88487,79,252309
7783,0.000862,172.31.40.0-255,66,88553,79,252309
7784,0.000888,74.125.130.0-255,4320,92873,79,252309
7785,0.000891,172.31.40.0-255,66,92939,79,252309
7786,0.000919,172.31.40.0-255,66,93005,79,252309
7787,0.000925,74.125.130.0-255,4320,97325,79,252309
7788,0.000927,172.31.40.0-255,66,97391,79,252309
7789,0.00098,74.125.130.0-255,2902,100293,79,252309
7790,0.000983,172.31.40.0-255,66,100359,79,252309
7791,0.001006,172.31.40.0-255,66,100425,79,252309
7792,0.001017,172.31.40.0-255,66,100491,79,252309
7793,0.001027,172.31.40.0-255,66,100557,79,252309
7794,0.001039,172.31.40.0-255,66,100623,79,252309
7795,0.001281,74.125.130.0-255,1484,102107,79,252309
7796,0.001286,74.125.130.0-255,1484,103591,79,252309
7797,0.001289,172.31.40.0-255,66,103657,79,252309
7798,0.001308,74.125.130.0-255,1484,105141,79,252309
7799,0.001314,74.125.130.0-255,2902,108043,79,252309
7800,0.001316,172.31.40.0-255,66,108109,79,252309
7801,0.001321,74.125.130.0-255,4320,112429,79,252309
7802,0.001323,172.31.40.0-255,66,112495,79,252309
7803,0.001342,74.125.130.0-255,5738,118233,79,252309
7804,0.001344,172.31.40.0-255,66,118299,79,252309
7805,0.001369,74.125.130.0-255,2902,121201,79,252309
7806,0.001372,172.31.40.0-255,66,121267,79,252309
7807,0.001375,74.125.130.0-255,1484,122751,79,252309
7808,0.001379,74.125.130.0-255,2902,125653,79,252309
7809,0.001381,172.31.40.0-255,66,125719,79,252309
7810,0.001385,74.125.130.0-255,2902,128621,79,252309
7811,0.001387,172.31.40.0-255,66,128687,79,252309
7812,0.001404,74.125.130.0-255,2902,131589,79,252309
7813,0.001406,172.31.40.0-255,66,131655,79,252309
7814,0.001411,74.125.130.0-255,3602,135257,79,252309
7815,0.001413,172.31.40.0-255,66,135323,79,252309
7816,0.001689,74.125.130.0-255,1484,136807,79,252309
7817,0.001706,74.125.130.0-255,2902,139709,79,252309
7818,0.001709,172.31.40.0-255,66,139775,79,252309
7819,0.001714,74.125.130.0-255,2902,142677,79,252309
7820,0.001716,172.31.40.0-255,66,142743,79,252309
7821,0.001729,74.125.130.0-255,1484,144227,79,252309
7822,0.001745,74.125.130.0-255,5738,149965,79,252309
7823,0.001747,172.31.40.0-255,66,150031,79,252309
7824,0.001769,74.125.130.0-255,2902,152933,79,252309
7825,0.001775,74.125.130.0-255,7156,160089,79,252309
7826,0.001779,172.31.40.0-255,66,160155,79,252309
7827,0.001781,172.31.40.0-255,66,160221,79,252309
7828,0.001807,172.31.40.0-255,66,160287,79,252309
7829,0.00181,74.125.130.0-255,766,161053,79,252309
7830,0.002036,74.125.130.0-255,1484,162537,79,252309
7831,0.00204,172.31.40.0-255,66,162603,79,252309
7832,0.002065,74.125.130.0-255,2902,165505,79,252309
7833,0.002068,172.31.40.0-255,66,165571,79,252309
7834,0.002072,74.125.130.0-255,2902,168473,79,252309
7835,0.002074,172.31.40.0-255,66,168539,79,252309
7836,0.002078,74.125.130.0-255,4320,172859,79,252309
7837,0.00208,172.31.40.0-255,66,172925,79,252309
7838,0.002095,74.125.130.0-255,1484,174409,79,252309
7839,0.002116,74.125.130.0-255,7156,181565,79,252309
7840,0.002119,172.31.40.0-255,66,181631,79,252309
7841,0.002124,74.125.130.0-255,4320,185951,79,252309
7842,0.002125,172.31.40.0-255,66,186017,79,252309
7843,0.002141,74.125.130.0-255,5738,191755,79,252309
7844,0.002143,172.31.40.0-255,66,191821,79,252309
7845,0.002174,74.125.130.0-255,3602,195423,79,252309
7846,0.002176,172.31.40.0-255,66,195489,79,252309
7847,0.002182,74.125.130.0-255,4320,199809,79,252309
7848,0.002184,172.31.40.0-255,66,199875,79,252309
7849,0.0022,74.125.130.0-255,1484,201359,79,252309
7850,0.002219,172.31.40.0-255,66,201425,79,252309
7851,0.002223,74.125.130.0-255,4320,205745,79,252309
7852,0.002225,172.31.40.0-255,66,205811,79,252309
7853,0.002264,74.125.130.0-255,5738,211549,79,252309
7854,0.002267,172.31.40.0-255,66,211615,79,252309
7855,0.002294,172.31.40.0-255,66,211681,79,252309
7856,0.004518,74.125.130.0-255,5738,217419,79,252309
7857,0.004525,172.31.40.0-255,66,217485,79,252309
7858,0.006776,74.125.130.0-255,5738,223223,79,252309
7859,0.006782,172.31.40.0-255,66,223289,79,252309
7860,0.00903,74.125.130.0-255,5738,229027,79,252309
7861,0.009035,172.31.40.0-255,66,229093,79,252309
7862,0.011271,74.125.130.0-255,5738,234831,79,252309
7863,0.011278,172.31.40.0-255,66,234897,79,252309
7864,0.013513,74.125.130.0-255,5738,240635,79,252309
7865,0.01352,172.31.40.0-255,66,240701,79,252309
7866,0.01577,74.125.130.0-255,5738,246439,79,252309
7867,0.015778,172.31.40.0-255,66,246505,79,252309
7868,0.018009,74.125.130.0-255,5738,252243,79,252309
7869,0.018016,172.31.40.0-255,66,252309,79,252309
7870,0.0,172.253.118.0-255,149,149,79,160814
7871,2.2e-05,172.31.40.0-255,66,215,79,160814
7872,2.9e-05,172.253.118.0-255,1484,1699,79,160814
7873,3.4e-05,172.31.40.0-255,66,1765,79,160814
7874,3.9e-05,172.253.118.0-255,2902,4667,79,160814
7875,4.3e-05,172.31.40.0-255,66,4733,79,160814
7876,4.8e-05,172.253.118.0-255,4320,9053,79,160814
7877,5.1e-05,172.31.40.0-255,66,9119,79,160814
7878,6.3e-05,172.31.40.0-255,66,9185,79,160814
7879,7.6e-05,172.31.40.0-255,66,9251,79,160814
7880,9.7e-05,172.253.118.0-255,2543,11794,79,160814
7881,0.0001,172.31.40.0-255,66,11860,79,160814
7882,0.000172,172.253.118.0-255,1484,13344,79,160814
7883,0.000175,172.31.40.0-255,66,13410,79,160814
7884,0.00018,172.253.118.0-255,2902,16312,79,160814
7885,0.000182,172.31.40.0-255,66,16378,79,160814
7886,0.000207,172.253.118.0-255,5738,22116,79,160814
7887,0.00021,172.31.40.0-255,66,22182,79,160814
7888,0.000216,172.253.118.0-255,5738,27920,79,160814
7889,0.000219,172.31.40.0-255,66,27986,79,160814
7890,0.000237,172.253.118.0-255,5379,33365,79,160814
7891,0.00024,172.31.40.0-255,66,33431,79,160814
7892,0.000253,172.31.40.0-255,66,33497,79,160814
7893,0.000256,172.253.118.0-255,1125,34622,79,160814
7894,0.000258,172.31.40.0-255,66,34688,79,160814
7895,0.000296,172.253.118.0-255,678,35366,79,160814
7896,0.000298,172.31.40.0-255,66,35432,79,160814
7897,0.000477,172.253.118.0-255,1484,36916,79,160814
7898,0.000482,172.31.40.0-255,66,36982,79,160814
7899,0.000488,172.253.118.0-255,2902,39884,79,160814
7900,0.000491,172.31.40.0-255,66,39950,79,160814
7901,0.000518,172.253.118.0-255,5738,45688,79,160814
7902,0.000521,172.31.40.0-255,66,45754,79,160814
7903,0.000527,172.253.118.0-255,5738,51492,79,160814
7904,0.000529,172.31.40.0-255,66,51558,79,160814
7905,0.000532,172.253.118.0-255,1484,53042,79,160814
7906,0.000556,172.31.40.0-255,66,53108,79,160814
7907,0.000573,172.253.118.0-255,5020,58128,79,160814
7908,0.000576,172.31.40.0-255,66,58194,79,160814
7909,0.000654,172.253.118.0-255,1484,59678,79,160814
7910,0.000661,172.253.118.0-255,2902,62580,79,160814
7911,0.000664,172.31.40.0-255,66,62646,79,160814
7912,0.000672,172.253.118.0-255,5738,68384,79,160814
7913,0.000674,172.31.40.0-255,66,68450,79,160814
7914,0.000679,172.253.118.0-255,4320,72770,79,160814
7915,0.000682,172.31.40.0-255,66,72836,79,160814
7916,0.000689,172.253.118.0-255,7156,79992,79,160814
7917,0.000692,172.31.40.0-255,66,80058,79,160814
7918,0.000717,172.253.118.0-255,4320,84378,79,160814
7919,0.000719,172.31.40.0-255,66,84444,79,160814
7920,0.000725,172.253.118.0-255,4320,88764,79,160814
7921,0.000727,172.31.40.0-255,66,88830,79,160814
7922,0.000753,172.253.118.0-255,3602,92432,79,160814
7923,0.000755,172.31.40.0-255,66,92498,79,160814
7924,0.000774,172.253.118.0-255,2902,95400,79,160814
7925,0.000776,172.31.40.0-255,66,95466,79,160814
7926,0.000781,172.253.118.0-255,4320,99786,79,160814
7927,0.000783,172.31.40.0-255,66,99852,79,160814
7928,0.000815,172.253.118.0-255,1484,101336,79,160814
7929,0.000866,172.253.118.0-255,2184,103520,79,160814
7930,0.000886,172.253.118.0-255,2902,106422,79,160814
7931,0.00091,172.253.118.0-255,7156,113578,79,160814
7932,0.001065,172.253.118.0-255,4320,117898,79,160814
7933,0.001068,172.253.118.0-255,1484,119382,79,160814
7934,0.001151,172.253.118.0-255,1484,120866,79,160814
7935,0.001168,172.253.118.0-255,2902,123768,79,160814
7936,0.001191,172.253.118.0-255,5738,129506,79,160814
7937,0.001205,172.253.118.0-255,4320,133826,79,160814
7938,0.001221,172.31.40.0-255,66,133892,79,160814
7939,0.001298,172.31.40.0-255,66,133958,79,160814
7940,0.001366,172.253.118.0-255,1484,135442,79,160814
7941,0.001381,172.253.118.0-255,2902,138344,79,160814
7942,0.001388,172.253.118.0-255,5738,144082,79,160814
7943,0.001422,172.31.40.0-255,66,144148,79,160814
7944,0.001443,172.31.40.0-255,66,144214,79,160814
7945,0.001534,172.253.118.0-255,1484,145698,79,160814
7946,0.001547,172.253.118.0-255,2902,148600,79,160814
7947,0.001554,172.31.40.0-255,66,148666,79,160814
7948,0.001578,172.253.118.0-255,5738,154404,79,160814
7949,0.001601,172.31.40.0-255,66,154470,79,160814
7950,0.001621,172.253.118.0-255,4320,158790,79,160814
7951,0.001629,172.31.40.0-255,66,158856,79,160814
7952,0.001661,172.31.40.0-255,66,158922,79,160814
7953,0.001669,172.253.118.0-255,1484,160406,79,160814
7954,0.00181,172.31.40.0-255,66,160472,79,160814
7955,0.001837,172.253.118.0-255,105,160577,79,160814
7956,0.001846,172.31.40.0-255,66,160643,79,160814
7957,0.004469,172.31.40.0-255,105,160748,79,160814
7958,0.006987,172.253.118.0-255,66,160814,79,160814
7959,0.0,172.217.194.0-255,153,153,79,174728
7960,2.3e-05,172.31.40.0-255,66,219,79,174728
7961,3e-05,172.217.194.0-255,1484,1703,79,174728
7962,3.5e-05,172.31.40.0-255,66,1769,79,174728
7963,4.1e-05,172.217.194.0-255,2902,4671,79,174728
7964,4.4e-05,172.31.40.0-255,66,4737,79,174728
7965,5.3e-05,172.217.194.0-255,7156,11893,79,174728
7966,5.6e-05,172.31.40.0-255,66,11959,79,174728
7967,6e-05,172.217.194.0-255,2020,13979,79,174728
7968,6.2e-05,172.31.40.0-255,66,14045,79,174728
7969,0.000148,172.217.194.0-255,1484,15529,79,174728
7970,0.000151,172.31.40.0-255,66,15595,79,174728
7971,0.000156,172.217.194.0-255,2902,18497,79,174728
7972,0.000159,172.31.40.0-255,66,18563,79,174728
7973,0.000184,172.217.194.0-255,5738,24301,79,174728
7974,0.000187,172.31.40.0-255,66,24367,79,174728
7975,0.000209,172.217.194.0-255,6797,31164,79,174728
7976,0.000212,172.31.40.0-255,66,31230,79,174728
7977,0.000431,172.217.194.0-255,1484,32714,79,174728
7978,0.000437,172.31.40.0-255,66,32780,79,174728
7979,0.000442,172.217.194.0-255,2902,35682,79,174728
7980,0.000445,172.31.40.0-255,66,35748,79,174728
7981,0.000466,172.217.194.0-255,5738,41486,79,174728
7982,0.000469,172.31.40.0-255,66,41552,79,174728
7983,0.000475,172.217.194.0-255,5738,47290,79,174728
7984,0.000477,172.31.40.0-255,66,47356,79,174728
7985,0.000489,172.217.194.0-255,1125,48481,79,174728
7986,0.000492,172.31.40.0-255,66,48547,79,174728
7987,0.000546,172.217.194.0-255,1484,50031,79,174728
7988,0.000549,172.31.40.0-255,66,50097,79,174728
7989,0.000553,172.217.194.0-255,1484,51581,79,174728
7990,0.000556,172.31.40.0-255,66,51647,79,174728
7991,0.000569,172.217.194.0-255,1484,53131,79,174728
7992,0.000577,172.217.194.0-255,5738,58869,79,174728
7993,0.000579,172.31.40.0-255,66,58935,79,174728
7994,0.000585,172.217.194.0-255,5738,64673,79,174728
7995,0.000587,172.31.40.0-255,66,64739,79,174728
7996,0.000625,172.217.194.0-255,1453,66192,79,174728
7997,0.000653,172.217.194.0-255,380,66572,79,174728
7998,0.000656,172.31.40.0-255,66,66638,79,174728
7999,0.00119,172.217.194.0-255,1484,68122,79,174728
8000,0.001208,172.217.194.0-255,2902,71024,79,174728
8001,0.001211,172.31.40.0-255,66,71090,79,174728
8002,0.001233,172.217.194.0-255,5738,76828,79,174728
8003,0.001236,172.31.40.0-255,66,76894,79,174728
8004,0.001241,172.217.194.0-255,2902,79796,79,174728
8005,0.001243,172.31.40.0-255,66,79862,79,174728
8006,0.001262,172.217.194.0-255,4320,84182,79,174728
8007,0.001264,172.31.40.0-255,66,84248,79,174728
8008,0.001306,172.31.40.0-255,66,84314,79,174728
8009,0.00131,172.217.194.0-255,2184,86498,79,174728
8010,0.001311,172.31.40.0-255,66,86564,79,174728
8011,0.00145,172.217.194.0-255,1484,88048,79,174728
8012,0.001455,172.217.194.0-255,2902,90950,79,174728
8013,0.001458,172.31.40.0-255,66,91016,79,174728
8014,0.00148,172.217.194.0-255,5738,96754,79,174728
8015,0.001482,172.31.40.0-255,66,96820,79,174728
8016,0.001509,172.31.40.0-255,66,96886,79,174728
8017,0.001525,172.217.194.0-255,1484,98370,79,174728
8018,0.001553,172.217.194.0-255,4320,102690,79,174728
8019,0.001555,172.31.40.0-255,66,102756,79,174728
8020,0.001573,172.217.194.0-255,6438,109194,79,174728
8021,0.001576,172.31.40.0-255,66,109260,79,174728
8022,0.001789,172.217.194.0-255,1484,110744,79,174728
8023,0.001796,172.217.194.0-255,1484,112228,79,174728
8024,0.001799,172.31.40.0-255,66,112294,79,174728
8025,0.00182,172.217.194.0-255,1484,113778,79,174728
8026,0.001826,172.217.194.0-255,5738,119516,79,174728
8027,0.001829,172.31.40.0-255,66,119582,79,174728
8028,0.001858,172.31.40.0-255,66,119648,79,174728
8029,0.001867,172.31.40.0-255,66,119714,79,174728
8030,0.001908,172.217.194.0-255,2184,121898,79,174728
8031,0.00191,172.31.40.0-255,66,121964,79,174728
8032,0.00383,172.217.194.0-255,2902,124866,79,174728
8033,0.003832,172.31.40.0-255,66,124932,79,174728
8034,0.003871,172.217.194.0-255,2902,127834,79,174728
8035,0.003873,172.31.40.0-255,66,127900,79,174728
8036,0.00579,172.217.194.0-255,2902,130802,79,174728
8037,0.005796,172.31.40.0-255,66,130868,79,174728
8038,0.005828,172.217.194.0-255,2902,133770,79,174728
8039,0.005831,172.31.40.0-255,66,133836,79,174728
8040,0.007751,172.217.194.0-255,2902,136738,79,174728
8041,0.007758,172.31.40.0-255,66,136804,79,174728
8042,0.007779,172.217.194.0-255,2902,139706,79,174728
8043,0.007782,172.31.40.0-255,66,139772,79,174728
8044,0.009706,172.217.194.0-255,2902,142674,79,174728
8045,0.009714,172.31.40.0-255,66,142740,79,174728
8046,0.009736,172.217.194.0-255,2902,145642,79,174728
8047,0.009739,172.31.40.0-255,66,145708,79,174728
8048,0.011717,172.217.194.0-255,5738,151446,79,174728
8049,0.011725,172.31.40.0-255,66,151512,79,174728
8050,0.013704,172.217.194.0-255,5738,157250,79,174728
8051,0.013713,172.31.40.0-255,66,157316,79,174728
8052,0.015672,172.217.194.0-255,5738,163054,79,174728
8053,0.015681,172.31.40.0-255,66,163120,79,174728
8054,0.017646,172.217.194.0-255,5738,168858,79,174728
8055,0.017653,172.31.40.0-255,66,168924,79,174728
8056,0.019621,172.217.194.0-255,5738,174662,79,174728
8057,0.019629,172.31.40.0-255,66,174728,79,174728
8058,0.0,172.217.194.0-255,147,147,79,195269
8059,1.4e-05,172.31.40.0-255,66,213,79,195269
8060,3.8e-05,172.217.194.0-255,1484,1697,79,195269
8061,4.3e-05,172.31.40.0-255,66,1763,79,195269
8062,5e-05,172.217.194.0-255,2902,4665,79,195269
8063,5.3e-05,172.31.40.0-255,66,4731,79,195269
8064,6.6e-05,172.217.194.0-255,1484,6215,79,195269
8065,6.9e-05,172.31.40.0-255,66,6281,79,195269
8066,8.8e-05,172.217.194.0-255,4320,10601,79,195269
8067,9e-05,172.31.40.0-255,66,10667,79,195269
8068,9.5e-05,172.217.194.0-255,3419,14086,79,195269
8069,9.8e-05,172.31.40.0-255,66,14152,79,195269
8070,0.000104,172.217.194.0-255,4320,18472,79,195269
8071,0.000107,172.31.40.0-255,66,18538,79,195269
8072,0.000136,172.217.194.0-255,7156,25694,79,195269
8073,0.000138,172.31.40.0-255,66,25760,79,195269
8074,0.000145,172.217.194.0-255,5379,31139,79,195269
8075,0.000147,172.31.40.0-255,66,31205,79,195269
8076,0.000203,172.217.194.0-255,1484,32689,79,195269
8077,0.000206,172.31.40.0-255,66,32755,79,195269
8078,0.000211,172.217.194.0-255,2902,35657,79,195269
8079,0.000214,172.31.40.0-255,66,35723,79,195269
8080,0.000238,172.217.194.0-255,4320,40043,79,195269
8081,0.000241,172.31.40.0-255,66,40109,79,195269
8082,0.000261,172.217.194.0-255,1484,41593,79,195269
8083,0.000264,172.31.40.0-255,66,41659,79,195269
8084,0.000278,172.31.40.0-255,66,41725,79,195269
8085,0.000284,172.217.194.0-255,4320,46045,79,195269
8086,0.000286,172.31.40.0-255,66,46111,79,195269
8087,0.000307,172.217.194.0-255,1484,47595,79,195269
8088,0.00031,172.31.40.0-255,66,47661,79,195269
8089,0.000329,172.217.194.0-255,2902,50563,79,195269
8090,0.000331,172.31.40.0-255,66,50629,79,195269
8091,0.000348,172.217.194.0-255,2184,52813,79,195269
8092,0.00035,172.31.40.0-255,66,52879,79,195269
8093,0.000375,172.217.194.0-255,676,53555,79,195269
8094,0.000453,172.217.194.0-255,1484,55039,79,195269
8095,0.000457,172.31.40.0-255,66,55105,79,195269
8096,0.000478,172.217.194.0-255,2902,58007,79,195269
8097,0.000481,172.31.40.0-255,66,58073,79,195269
8098,0.000485,172.217.194.0-255,4320,62393,79,195269
8099,0.000487,172.31.40.0-255,66,62459,79,195269
8100,0.0005,172.217.194.0-255,1484,63943,79,195269
8101,0.000511,172.217.194.0-255,2902,66845,79,195269
8102,0.000513,172.31.40.0-255,66,66911,79,195269
8103,0.000542,172.31.40.0-255,66,66977,79,195269
8104,0.000552,172.31.40.0-255,66,67043,79,195269
8105,0.000569,172.217.194.0-255,2184,69227,79,195269
8106,0.000572,172.31.40.0-255,66,69293,79,195269
8107,0.000835,172.217.194.0-255,1484,70777,79,195269
8108,0.000841,172.217.194.0-255,2902,73679,79,195269
8109,0.000844,172.31.40.0-255,66,73745,79,195269
8110,0.000848,172.217.194.0-255,2902,76647,79,195269
8111,0.000849,172.31.40.0-255,66,76713,79,195269
8112,0.000865,172.217.194.0-255,2902,79615,79,195269
8113,0.000867,172.31.40.0-255,66,79681,79,195269
8114,0.000877,172.31.40.0-255,66,79747,79,195269
8115,0.000928,172.217.194.0-255,2902,82649,79,195269
8116,0.000931,172.31.40.0-255,66,82715,79,195269
8117,0.001003,172.31.40.0-255,66,82781,79,195269
8118,0.001007,172.31.40.0-255,66,82847,79,195269
8119,0.001027,172.217.194.0-255,4320,87167,79,195269
8120,0.00103,172.31.40.0-255,66,87233,79,195269
8121,0.001046,172.31.40.0-255,66,87299,79,195269
8122,0.001068,172.217.194.0-255,1484,88783,79,195269
8123,0.001073,172.217.194.0-255,2902,91685,79,195269
8124,0.001075,172.31.40.0-255,66,91751,79,195269
8125,0.00108,172.217.194.0-255,5738,97489,79,195269
8126,0.001082,172.31.40.0-255,66,97555,79,195269
8127,0.001104,172.217.194.0-255,4320,101875,79,195269
8128,0.001106,172.31.40.0-255,66,101941,79,195269
8129,0.001155,172.31.40.0-255,66,102007,79,195269
8130,0.001158,172.31.40.0-255,66,102073,79,195269
8131,0.001169,172.217.194.0-255,7156,109229,79,195269
8132,0.001171,172.31.40.0-255,66,109295,79,195269
8133,0.001193,172.217.194.0-255,4320,113615,79,195269
8134,0.001196,172.31.40.0-255,66,113681,79,195269
8135,0.001218,172.31.40.0-255,66,113747,79,195269
8136,0.001235,172.217.194.0-255,1484,115231,79,195269
8137,0.001265,172.31.40.0-255,66,115297,79,195269
8138,0.001336,172.217.194.0-255,1484,116781,79,195269
8139,0.001341,172.217.194.0-255,2902,119683,79,195269
8140,0.001344,172.31.40.0-255,66,119749,79,195269
8141,0.001357,172.217.194.0-255,2902,122651,79,195269
8142,0.00136,172.31.40.0-255,66,122717,79,195269
8143,0.00138,172.217.194.0-255,2902,125619,79,195269
8144,0.001382,172.31.40.0-255,66,125685,79,195269
8145,0.001399,172.31.40.0-255,66,125751,79,195269
8146,0.001412,172.31.40.0-255,66,125817,79,195269
8147,0.001445,172.217.194.0-255,2184,128001,79,195269
8148,0.001449,172.31.40.0-255,66,128067,79,195269
8149,0.001467,172.217.194.0-255,1484,129551,79,195269
8150,0.00148,172.217.194.0-255,1484,131035,79,195269
8151,0.001482,172.31.40.0-255,66,131101,79,195269
8152,0.001508,172.217.194.0-255,7156,138257,79,195269
8153,0.001511,172.31.40.0-255,66,138323,79,195269
8154,0.001513,172.217.194.0-255,1484,139807,79,195269
8155,0.001548,172.217.194.0-255,2902,142709,79,195269
8156,0.001594,172.31.40.0-255,66,142775,79,195269
8157,0.001613,172.217.194.0-255,1484,144259,79,195269
8158,0.001618,172.217.194.0-255,2902,147161,79,195269
8159,0.00162,172.217.194.0-255,1484,148645,79,195269
8160,0.001635,172.217.194.0-255,4320,152965,79,195269
8161,0.001651,172.217.194.0-255,4320,157285,79,195269
8162,0.001656,172.31.40.0-255,66,157351,79,195269
8163,0.001667,172.217.194.0-255,7156,164507,79,195269
8164,0.001671,172.31.40.0-255,66,164573,79,195269
8165,0.001734,172.217.194.0-255,4320,168893,79,195269
8166,0.00174,172.31.40.0-255,66,168959,79,195269
8167,0.001778,172.217.194.0-255,5738,174697,79,195269
8168,0.001788,172.31.40.0-255,66,174763,79,195269
8169,0.00181,172.217.194.0-255,2902,177665,79,195269
8170,0.001825,172.217.194.0-255,4320,181985,79,195269
8171,0.00183,172.31.40.0-255,66,182051,79,195269
8172,0.001854,172.31.40.0-255,66,182117,79,195269
8173,0.001876,172.217.194.0-255,2184,184301,79,195269
8174,0.001897,172.31.40.0-255,66,184367,79,195269
8175,0.002176,172.217.194.0-255,1484,185851,79,195269
8176,0.00218,172.217.194.0-255,1484,187335,79,195269
8177,0.002183,172.31.40.0-255,66,187401,79,195269
8178,0.002203,172.217.194.0-255,1484,188885,79,195269
8179,0.002209,172.217.194.0-255,4320,193205,79,195269
8180,0.002233,172.31.40.0-255,66,193271,79,195269
8181,0.002247,172.217.194.0-255,1590,194861,79,195269
8182,0.002254,172.31.40.0-255,66,194927,79,195269
8183,0.004485,172.217.194.0-255,105,195032,79,195269
8184,0.010077,172.31.40.0-255,66,195098,79,195269
8185,0.010117,172.31.40.0-255,105,195203,79,195269
8186,0.012367,172.217.194.0-255,66,195269,79,195269
8187,0.0,172.217.194.0-255,150,150,79,253940
8188,2.6e-05,172.31.40.0-255,66,216,79,253940
8189,3.3e-05,172.217.194.0-255,1484,1700,79,253940
8190,3.8e-05,172.31.40.0-255,66,1766,79,253940
8191,4.4e-05,172.217.194.0-255,2902,4668,79,253940
8192,4.8e-05,172.31.40.0-255,66,4734,79,253940
8193,5.6e-05,172.217.194.0-255,7156,11890,79,253940
8194,5.9e-05,172.31.40.0-255,66,11956,79,253940
8195,7.3e-05,172.31.40.0-255,66,12022,79,253940
8196,9.8e-05,172.217.194.0-255,3527,15549,79,253940
8197,0.000101,172.31.40.0-255,66,15615,79,253940
8198,0.000105,172.217.194.0-255,1484,17099,79,253940
8199,0.000107,172.31.40.0-255,66,17165,79,253940
8200,0.000131,172.217.194.0-255,2543,19708,79,253940
8201,0.000134,172.31.40.0-255,66,19774,79,253940
8202,0.000165,172.217.194.0-255,1484,21258,79,253940
8203,0.000167,172.31.40.0-255,66,21324,79,253940
8204,0.000172,172.217.194.0-255,2902,24226,79,253940
8205,0.000174,172.31.40.0-255,66,24292,79,253940
8206,0.000178,172.217.194.0-255,2902,27194,79,253940
8207,0.000181,172.31.40.0-255,66,27260,79,253940
8208,0.000204,172.217.194.0-255,2902,30162,79,253940
8209,0.000206,172.31.40.0-255,66,30228,79,253940
8210,0.000213,172.217.194.0-255,5738,35966,79,253940
8211,0.000216,172.31.40.0-255,66,36032,79,253940
8212,0.00023,172.217.194.0-255,1125,37157,79,253940
8213,0.000233,172.31.40.0-255,66,37223,79,253940
8214,0.000254,172.217.194.0-255,1484,38707,79,253940
8215,0.000256,172.31.40.0-255,66,38773,79,253940
8216,0.000261,172.217.194.0-255,2902,41675,79,253940
8217,0.000263,172.31.40.0-255,66,41741,79,253940
8218,0.000269,172.217.194.0-255,5738,47479,79,253940
8219,0.000299,172.217.194.0-255,2902,50381,79,253940
8220,0.000337,172.217.194.0-255,3961,54342,79,253940
8221,0.000503,172.31.40.0-255,66,54408,79,253940
8222,0.000847,172.217.194.0-255,646,55054,79,253940
8223,0.001022,172.31.40.0-255,66,55120,79,253940
8224,0.00111,172.217.194.0-255,1484,56604,79,253940
8225,0.001118,172.217.194.0-255,2902,59506,79,253940
8226,0.001121,172.31.40.0-255,66,59572,79,253940
8227,0.001143,172.217.194.0-255,5738,65310,79,253940
8228,0.001146,172.31.40.0-255,66,65376,79,253940
8229,0.001152,172.217.194.0-255,4320,69696,79,253940
8230,0.001154,172.31.40.0-255,66,69762,79,253940
8231,0.001186,172.31.40.0-255,66,69828,79,253940
8232,0.00134,172.217.194.0-255,1484,71312,79,253940
8233,0.001354,172.217.194.0-255,2902,74214,79,253940
8234,0.001359,172.217.194.0-255,2902,77116,79,253940
8235,0.001372,172.217.194.0-255,2902,80018,79,253940
8236,0.001378,172.217.194.0-255,5738,85756,79,253940
8237,0.001396,172.217.194.0-255,5738,91494,79,253940
8238,0.001414,172.217.194.0-255,7156,98650,79,253940
8239,0.001439,172.217.194.0-255,5020,103670,79,253940
8240,0.001614,172.217.194.0-255,1484,105154,79,253940
8241,0.001623,172.217.194.0-255,2902,108056,79,253940
8242,0.001636,172.217.194.0-255,2902,110958,79,253940
8243,0.001648,172.217.194.0-255,2902,113860,79,253940
8244,0.001664,172.217.194.0-255,7156,121016,79,253940
8245,0.001687,172.217.194.0-255,2902,123918,79,253940
8246,0.001702,172.217.194.0-255,5738,129656,79,253940
8247,0.001719,172.217.194.0-255,5738,135394,79,253940
8248,0.001752,172.217.194.0-255,2184,137578,79,253940
8249,0.002028,172.217.194.0-255,1484,139062,79,253940
8250,0.002036,172.217.194.0-255,2902,141964,79,253940
8251,0.002039,172.217.194.0-255,1484,143448,79,253940
8252,0.002056,172.217.194.0-255,4320,147768,79,253940
8253,0.002061,172.217.194.0-255,2902,150670,79,253940
8254,0.002081,172.217.194.0-255,7156,157826,79,253940
8255,0.002095,172.217.194.0-255,1484,159310,79,253940
8256,0.0021,172.31.40.0-255,78,159388,79,253940
8257,0.002144,172.217.194.0-255,3602,162990,79,253940
8258,0.002462,172.217.194.0-255,1484,164474,79,253940
8259,0.002474,172.217.194.0-255,2902,167376,79,253940
8260,0.002498,172.217.194.0-255,5738,173114,79,253940
8261,0.002501,172.217.194.0-255,1484,174598,79,253940
8262,0.003087,172.217.194.0-255,1484,176082,79,253940
8263,0.00309,172.217.194.0-255,1484,177566,79,253940
8264,0.0031,172.217.194.0-255,1484,179050,79,253940
8265,0.003104,172.217.194.0-255,1484,180534,79,253940
8266,0.003126,172.217.194.0-255,4320,184854,79,253940
8267,0.003134,172.217.194.0-255,7156,192010,79,253940
8268,0.003157,172.217.194.0-255,2902,194912,79,253940
8269,0.003215,172.217.194.0-255,5738,200650,79,253940
8270,0.003382,172.217.194.0-255,1484,202134,79,253940
8271,0.003386,172.217.194.0-255,1484,203618,79,253940
8272,0.003405,172.217.194.0-255,1484,205102,79,253940
8273,0.003411,172.217.194.0-255,5738,210840,79,253940
8274,0.003433,172.217.194.0-255,4320,215160,79,253940
8275,0.003456,172.217.194.0-255,2902,218062,79,253940
8276,0.003481,172.217.194.0-255,7156,225218,79,253940
8277,0.003484,172.217.194.0-255,766,225984,79,253940
8278,0.003506,172.217.194.0-255,1484,227468,79,253940
8279,0.003509,172.217.194.0-255,1484,228952,79,253940
8280,0.003525,172.217.194.0-255,2902,231854,79,253940
8281,0.003529,172.217.194.0-255,1484,233338,79,253940
8282,0.00354,172.217.194.0-255,4320,237658,79,253940
8283,0.003563,172.217.194.0-255,4320,241978,79,253940
8284,0.003568,172.217.194.0-255,2902,244880,79,253940
8285,0.003608,172.217.194.0-255,2902,247782,79,253940
8286,0.003665,172.217.194.0-255,5738,253520,79,253940
8287,0.003708,172.217.194.0-255,105,253625,79,253940
8288,0.008739,172.31.40.0-255,66,253691,79,253940
8289,0.009504,172.31.40.0-255,78,253769,79,253940
8290,0.011585,172.31.40.0-255,105,253874,79,253940
8291,0.013625,172.217.194.0-255,66,253940,79,253940
8292,0.0,172.253.118.0-255,147,147,79,177014
8293,2.3e-05,172.31.40.0-255,66,213,79,177014
8294,3e-05,172.253.118.0-255,1484,1697,79,177014
8295,3.5e-05,172.31.40.0-255,66,1763,79,177014
8296,4.1e-05,172.253.118.0-255,2902,4665,79,177014
8297,4.5e-05,172.31.40.0-255,66,4731,79,177014
8298,5.1e-05,172.253.118.0-255,4320,9051,79,177014
8299,5.5e-05,172.31.40.0-255,66,9117,79,177014
8300,8e-05,172.253.118.0-255,2902,12019,79,177014
8301,8.3e-05,172.31.40.0-255,66,12085,79,177014
8302,0.000102,172.253.118.0-255,2037,14122,79,177014
8303,0.000105,172.31.40.0-255,66,14188,79,177014
8304,0.000187,172.253.118.0-255,1484,15672,79,177014
8305,0.00019,172.31.40.0-255,66,15738,79,177014
8306,0.00021,172.253.118.0-255,2902,18640,79,177014
8307,0.000212,172.31.40.0-255,66,18706,79,177014
8308,0.000242,172.253.118.0-255,5738,24444,79,177014
8309,0.000245,172.31.40.0-255,66,24510,79,177014
8310,0.000265,172.253.118.0-255,6797,31307,79,177014
8311,0.000268,172.31.40.0-255,66,31373,79,177014
8312,0.000303,172.253.118.0-255,4320,35693,79,177014
8313,0.000306,172.31.40.0-255,66,35759,79,177014
8314,0.000326,172.253.118.0-255,2902,38661,79,177014
8315,0.000329,172.31.40.0-255,66,38727,79,177014
8316,0.000333,172.253.118.0-255,2902,41629,79,177014
8317,0.000335,172.31.40.0-255,66,41695,79,177014
8318,0.000376,172.253.118.0-255,1484,43179,79,177014
8319,0.000379,172.31.40.0-255,66,43245,79,177014
8320,0.000403,172.253.118.0-255,5379,48624,79,177014
8321,0.000406,172.31.40.0-255,66,48690,79,177014
8322,0.000459,172.253.118.0-255,1484,50174,79,177014
8323,0.000461,172.31.40.0-255,66,50240,79,177014
8324,0.000476,172.253.118.0-255,2902,53142,79,177014
8325,0.000479,172.31.40.0-255,66,53208,79,177014
8326,0.000505,172.253.118.0-255,5738,58946,79,177014
8327,0.000508,172.31.40.0-255,66,59012,79,177014
8328,0.000513,172.253.118.0-255,4320,63332,79,177014
8329,0.000515,172.31.40.0-255,66,63398,79,177014
8330,0.000561,172.253.118.0-255,2543,65941,79,177014
8331,0.000564,172.31.40.0-255,66,66007,79,177014
8332,0.000754,172.253.118.0-255,411,66418,79,177014
8333,0.000792,172.253.118.0-255,1484,67902,79,177014
8334,0.000795,172.31.40.0-255,66,67968,79,177014
8335,0.000807,172.253.118.0-255,2902,70870,79,177014
8336,0.000809,172.31.40.0-255,66,70936,79,177014
8337,0.000834,172.253.118.0-255,1484,72420,79,177014
8338,0.000841,172.253.118.0-255,5738,78158,79,177014
8339,0.000843,172.31.40.0-255,66,78224,79,177014
8340,0.000846,172.253.118.0-255,1484,79708,79,177014
8341,0.000872,172.31.40.0-255,66,79774,79,177014
8342,0.000879,172.253.118.0-255,7156,86930,79,177014
8343,0.000881,172.31.40.0-255,66,86996,79,177014
8344,0.000922,172.253.118.0-255,3602,90598,79,177014
8345,0.000926,172.31.40.0-255,66,90664,79,177014
8346,0.001053,172.253.118.0-255,1484,92148,79,177014
8347,0.001059,172.253.118.0-255,2902,95050,79,177014
8348,0.001062,172.31.40.0-255,66,95116,79,177014
8349,0.001085,172.253.118.0-255,5738,100854,79,177014
8350,0.001088,172.31.40.0-255,66,100920,79,177014
8351,0.001104,172.253.118.0-255,4320,105240,79,177014
8352,0.001106,172.31.40.0-255,66,105306,79,177014
8353,0.001147,172.31.40.0-255,66,105372,79,177014
8354,0.001158,172.31.40.0-255,66,105438,79,177014
8355,0.001181,172.253.118.0-255,2184,107622,79,177014
8356,0.001183,172.31.40.0-255,66,107688,79,177014
8357,0.001818,172.253.118.0-255,1484,109172,79,177014
8358,0.001825,172.253.118.0-255,2902,112074,79,177014
8359,0.001828,172.31.40.0-255,66,112140,79,177014
8360,0.001834,172.253.118.0-255,4320,116460,79,177014
8361,0.001836,172.31.40.0-255,66,116526,79,177014
8362,0.001848,172.253.118.0-255,1484,118010,79,177014
8363,0.001862,172.253.118.0-255,2902,120912,79,177014
8364,0.001863,172.31.40.0-255,66,120978,79,177014
8365,0.00188,172.253.118.0-255,7156,128134,79,177014
8366,0.001883,172.31.40.0-255,66,128200,79,177014
8367,0.001895,172.253.118.0-255,2902,131102,79,177014
8368,0.001897,172.31.40.0-255,66,131168,79,177014
8369,0.001908,172.31.40.0-255,66,131234,79,177014
8370,0.00191,172.253.118.0-255,766,132000,79,177014
8371,0.004156,172.253.118.0-255,4320,136320,79,177014
8372,0.00416,172.31.40.0-255,66,136386,79,177014
8373,0.006417,172.253.118.0-255,5738,142124,79,177014
8374,0.006424,172.31.40.0-255,66,142190,79,177014
8375,0.008662,172.253.118.0-255,5738,147928,79,177014
8376,0.008669,172.31.40.0-255,66,147994,79,177014
8377,0.010918,172.253.118.0-255,5738,153732,79,177014
8378,0.010925,172.31.40.0-255,66,153798,79,177014
8379,0.013163,172.253.118.0-255,5738,159536,79,177014
8380,0.01317,172.31.40.0-255,66,159602,79,177014
8381,0.015435,172.253.118.0-255,5738,165340,79,177014
8382,0.015442,172.31.40.0-255,66,165406,79,177014
8383,0.017667,172.253.118.0-255,5738,171144,79,177014
8384,0.017674,172.31.40.0-255,66,171210,79,177014
8385,0.019932,172.253.118.0-255,5738,176948,79,177014
8386,0.019939,172.31.40.0-255,66,177014,79,177014
8387,0.0,74.125.24.0-255,148,148,79,108823
8388,2.4e-05,172.31.40.0-255,66,214,79,108823
8389,3.2e-05,74.125.24.0-255,1484,1698,79,108823
8390,3.6e-05,172.31.40.0-255,66,1764,79,108823
8391,5e-05,74.125.24.0-255,2902,4666,79,108823
8392,5.4e-05,172.31.40.0-255,66,4732,79,108823
8393,6.1e-05,74.125.24.0-255,7156,11888,79,108823
8394,6.4e-05,172.31.40.0-255,66,11954,79,108823
8395,6.8e-05,74.125.24.0-255,2091,14045,79,108823
8396,7.1e-05,172.31.40.0-255,66,14111,79,108823
8397,0.00048,74.125.24.0-255,1484,15595,79,108823
8398,0.000486,172.31.40.0-255,66,15661,79,108823
8399,0.000493,74.125.24.0-255,2902,18563,79,108823
8400,0.000496,172.31.40.0-255,66,18629,79,108823
8401,0.000508,74.125.24.0-255,5738,24367,79,108823
8402,0.000511,172.31.40.0-255,66,24433,79,108823
8403,0.000516,74.125.24.0-255,4320,28753,79,108823
8404,0.000518,172.31.40.0-255,66,28819,79,108823
8405,0.000603,172.31.40.0-255,66,28885,79,108823
8406,0.000619,74.125.24.0-255,1125,30010,79,108823
8407,0.000622,172.31.40.0-255,66,30076,79,108823
8408,0.000629,74.125.24.0-255,5738,35814,79,108823
8409,0.000631,172.31.40.0-255,66,35880,79,108823
8410,0.000665,74.125.24.0-255,3961,39841,79,108823
8411,0.000668,172.31.40.0-255,66,39907,79,108823
8412,0.001705,74.125.24.0-255,1484,41391,79,108823
8413,0.001713,172.31.40.0-255,66,41457,79,108823
8414,0.001724,74.125.24.0-255,2902,44359,79,108823
8415,0.001731,172.31.40.0-255,66,44425,79,108823
8416,0.001738,74.125.24.0-255,5738,50163,79,108823
8417,0.00174,172.31.40.0-255,66,50229,79,108823
8418,0.00177,74.125.24.0-255,1484,51713,79,108823
8419,0.001795,74.125.24.0-255,5962,57675,79,108823
8420,0.001798,172.31.40.0-255,66,57741,79,108823
8421,0.001896,74.125.24.0-255,1484,59225,79,108823
8422,0.001901,74.125.24.0-255,1484,60709,79,108823
8423,0.001904,172.31.40.0-255,66,60775,79,108823
8424,0.001929,74.125.24.0-255,1484,62259,79,108823
8425,0.001936,74.125.24.0-255,5738,67997,79,108823
8426,0.001939,172.31.40.0-255,66,68063,79,108823
8427,0.001977,172.31.40.0-255,66,68129,79,108823
8428,0.00199,172.31.40.0-255,66,68195,79,108823
8429,0.004551,74.125.24.0-255,5738,73933,79,108823
8430,0.004557,172.31.40.0-255,66,73999,79,108823
8431,0.007099,74.125.24.0-255,5738,79737,79,108823
8432,0.007107,172.31.40.0-255,66,79803,79,108823
8433,0.009675,74.125.24.0-255,5738,85541,79,108823
8434,0.009685,172.31.40.0-255,66,85607,79,108823
8435,0.012239,74.125.24.0-255,5738,91345,79,108823
8436,0.012249,172.31.40.0-255,66,91411,79,108823
8437,0.014841,74.125.24.0-255,5738,97149,79,108823
8438,0.014849,172.31.40.0-255,66,97215,79,108823
8439,0.017404,74.125.24.0-255,5738,102953,79,108823
8440,0.017413,172.31.40.0-255,66,103019,79,108823
8441,0.01998,74.125.24.0-255,5738,108757,79,108823
8442,0.019992,172.31.40.0-255,66,108823,79,108823
8443,0.0,172.217.194.0-255,153,153,79,139298
8444,2.2e-05,172.31.40.0-255,66,219,79,139298
8445,2.9e-05,172.217.194.0-255,1484,1703,79,139298
8446,3.3e-05,172.31.40.0-255,66,1769,79,139298
8447,3.9e-05,172.217.194.0-255,2902,4671,79,139298
8448,5.3e-05,172.31.40.0-255,66,4737,79,139298
8449,6.1e-05,172.217.194.0-255,7156,11893,79,139298
8450,6.5e-05,172.31.40.0-255,66,11959,79,139298
8451,6.9e-05,172.217.194.0-255,2902,14861,79,139298
8452,7.2e-05,172.31.40.0-255,66,14927,79,139298
8453,0.000124,172.31.40.0-255,66,14993,79,139298
8454,0.00013,172.217.194.0-255,3961,18954,79,139298
8455,0.000133,172.31.40.0-255,66,19020,79,139298
8456,0.000161,172.217.194.0-255,1484,20504,79,139298
8457,0.000163,172.31.40.0-255,66,20570,79,139298
8458,0.000168,172.217.194.0-255,2902,23472,79,139298
8459,0.00017,172.31.40.0-255,66,23538,79,139298
8460,0.000174,172.217.194.0-255,1484,25022,79,139298
8461,0.00018,172.31.40.0-255,66,25088,79,139298
8462,0.000205,172.217.194.0-255,4320,29408,79,139298
8463,0.000208,172.31.40.0-255,66,29474,79,139298
8464,0.000227,172.31.40.0-255,66,29540,79,139298
8465,0.000281,172.31.40.0-255,66,29606,79,139298
8466,0.000668,172.217.194.0-255,646,30252,79,139298
8467,0.000675,172.31.40.0-255,66,30318,79,139298
8468,0.000871,172.217.194.0-255,1484,31802,79,139298
8469,0.000877,172.31.40.0-255,66,31868,79,139298
8470,0.000883,172.217.194.0-255,2902,34770,79,139298
8471,0.000887,172.31.40.0-255,66,34836,79,139298
8472,0.000898,172.217.194.0-255,5738,40574,79,139298
8473,0.000901,172.31.40.0-255,66,40640,79,139298
8474,0.000915,172.31.40.0-255,66,40706,79,139298
8475,0.000926,172.31.40.0-255,66,40772,79,139298
8476,0.001007,172.217.194.0-255,2184,42956,79,139298
8477,0.00101,172.31.40.0-255,66,43022,79,139298
8478,0.001057,172.217.194.0-255,2902,45924,79,139298
8479,0.00106,172.31.40.0-255,66,45990,79,139298
8480,0.001088,172.217.194.0-255,7156,53146,79,139298
8481,0.001091,172.31.40.0-255,66,53212,79,139298
8482,0.001094,172.217.194.0-255,1484,54696,79,139298
8483,0.001127,172.31.40.0-255,66,54762,79,139298
8484,0.001154,172.217.194.0-255,1484,56246,79,139298
8485,0.001165,172.31.40.0-255,66,56312,79,139298
8486,0.001255,172.217.194.0-255,1484,57796,79,139298
8487,0.00126,172.217.194.0-255,2902,60698,79,139298
8488,0.001264,172.31.40.0-255,66,60764,79,139298
8489,0.001292,172.217.194.0-255,5738,66502,79,139298
8490,0.001294,172.31.40.0-255,66,66568,79,139298
8491,0.001311,172.31.40.0-255,66,66634,79,139298
8492,0.001362,172.31.40.0-255,66,66700,79,139298
8493,0.001392,172.217.194.0-255,5738,72438,79,139298
8494,0.001395,172.31.40.0-255,66,72504,79,139298
8495,0.001399,172.217.194.0-255,2902,75406,79,139298
8496,0.001402,172.31.40.0-255,66,75472,79,139298
8497,0.001435,172.217.194.0-255,4320,79792,79,139298
8498,0.001438,172.31.40.0-255,66,79858,79,139298
8499,0.001452,172.31.40.0-255,66,79924,79,139298
8500,0.001463,172.217.194.0-255,6438,86362,79,139298
8501,0.001465,172.31.40.0-255,66,86428,79,139298
8502,0.001508,172.217.194.0-255,1484,87912,79,139298
8503,0.001513,172.217.194.0-255,2902,90814,79,139298
8504,0.001516,172.31.40.0-255,66,90880,79,139298
8505,0.001523,172.217.194.0-255,5738,96618,79,139298
8506,0.001526,172.31.40.0-255,66,96684,79,139298
8507,0.001546,172.31.40.0-255,66,96750,79,139298
8508,0.00156,172.31.40.0-255,66,96816,79,139298
8509,0.001606,172.31.40.0-255,66,96882,79,139298
8510,0.001657,172.31.40.0-255,66,96948,79,139298
8511,0.001669,172.31.40.0-255,66,97014,79,139298
8512,0.001677,172.217.194.0-255,1484,98498,79,139298
8513,0.001681,172.217.194.0-255,2902,101400,79,139298
8514,0.001683,172.31.40.0-255,66,101466,79,139298
8515,0.001689,172.217.194.0-255,4320,105786,79,139298
8516,0.001691,172.31.40.0-255,66,105852,79,139298
8517,0.001717,172.217.194.0-255,1484,107336,79,139298
8518,0.001736,172.31.40.0-255,66,107402,79,139298
8519,0.001806,172.31.40.0-255,66,107468,79,139298
8520,0.001817,172.31.40.0-255,66,107534,79,139298
8521,0.001846,172.217.194.0-255,2902,110436,79,139298
8522,0.001849,172.31.40.0-255,66,110502,79,139298
8523,0.001859,172.31.40.0-255,66,110568,79,139298
8524,0.001895,172.31.40.0-255,66,110634,79,139298
8525,0.001923,172.217.194.0-255,766,111400,79,139298
8526,0.001937,172.31.40.0-255,66,111466,79,139298
8527,0.001954,172.31.40.0-255,66,111532,79,139298
8528,0.001988,172.217.194.0-255,7156,118688,79,139298
8529,0.001991,172.31.40.0-255,66,118754,79,139298
8530,0.002029,172.31.40.0-255,66,118820,79,139298
8531,0.002049,172.31.40.0-255,66,118886,79,139298
8532,0.002051,172.217.194.0-255,766,119652,79,139298
8533,0.002055,172.31.40.0-255,78,119730,79,139298
8534,0.002068,172.31.40.0-255,66,119796,79,139298
8535,0.004105,172.217.194.0-255,5738,125534,79,139298
8536,0.004113,172.31.40.0-255,66,125600,79,139298
8537,0.006154,172.217.194.0-255,5738,131338,79,139298
8538,0.006165,172.31.40.0-255,66,131404,79,139298
8539,0.008207,172.217.194.0-255,5738,137142,79,139298
8540,0.008219,172.31.40.0-255,66,137208,79,139298
8541,0.010254,172.217.194.0-255,1853,139061,79,139298
8542,0.010268,172.31.40.0-255,66,139127,79,139298
8543,0.016902,172.31.40.0-255,105,139232,79,139298
8544,0.018902,172.217.194.0-255,66,139298,79,139298
8545,0.0,172.217.194.0-255,298,298,79,145903
8546,2.4e-05,172.31.40.0-255,66,364,79,145903
8547,3.1e-05,172.217.194.0-255,1484,1848,79,145903
8548,3.5e-05,172.31.40.0-255,66,1914,79,145903
8549,6.8e-05,172.217.194.0-255,4320,6234,79,145903
8550,7.1e-05,172.31.40.0-255,66,6300,79,145903
8551,9.7e-05,172.217.194.0-255,5738,12038,79,145903
8552,0.0001,172.31.40.0-255,66,12104,79,145903
8553,0.000127,172.217.194.0-255,4320,16424,79,145903
8554,0.000131,172.31.40.0-255,66,16490,79,145903
8555,0.000152,172.217.194.0-255,4795,21285,79,145903
8556,0.000155,172.31.40.0-255,66,21351,79,145903
8557,0.000166,172.31.40.0-255,66,21417,79,145903
8558,0.000574,172.217.194.0-255,1484,22901,79,145903
8559,0.000581,172.31.40.0-255,66,22967,79,145903
8560,0.000587,172.217.194.0-255,2902,25869,79,145903
8561,0.00059,172.31.40.0-255,66,25935,79,145903
8562,0.000652,172.217.194.0-255,5738,31673,79,145903
8563,0.000656,172.31.40.0-255,66,31739,79,145903
8564,0.000663,172.217.194.0-255,5738,37477,79,145903
8565,0.000665,172.31.40.0-255,66,37543,79,145903
8566,0.000668,172.217.194.0-255,1484,39027,79,145903
8567,0.00067,172.31.40.0-255,66,39093,79,145903
8568,0.000709,172.31.40.0-255,66,39159,79,145903
8569,0.000725,172.217.194.0-255,3961,43120,79,145903
8570,0.000726,172.31.40.0-255,66,43186,79,145903
8571,0.000928,172.217.194.0-255,645,43831,79,145903
8572,0.000931,172.31.40.0-255,66,43897,79,145903
8573,0.000989,172.217.194.0-255,1484,45381,79,145903
8574,0.000993,172.31.40.0-255,66,45447,79,145903
8575,0.001006,172.217.194.0-255,2902,48349,79,145903
8576,0.001013,172.217.194.0-255,4320,52669,79,145903
8577,0.001027,172.217.194.0-255,1484,54153,79,145903
8578,0.001092,172.217.194.0-255,7156,61309,79,145903
8579,0.001543,172.217.194.0-255,1484,62793,79,145903
8580,0.001551,172.217.194.0-255,2902,65695,79,145903
8581,0.001557,172.217.194.0-255,4320,70015,79,145903
8582,0.001573,172.217.194.0-255,1484,71499,79,145903
8583,0.00158,172.217.194.0-255,7156,78655,79,145903
8584,0.001601,172.217.194.0-255,5738,84393,79,145903
8585,0.001608,172.217.194.0-255,5738,90131,79,145903
8586,0.001642,172.217.194.0-255,5020,95151,79,145903
8587,0.002432,172.217.194.0-255,1484,96635,79,145903
8588,0.002438,172.217.194.0-255,1484,98119,79,145903
8589,0.002452,172.217.194.0-255,1484,99603,79,145903
8590,0.002466,172.217.194.0-255,4320,103923,79,145903
8591,0.002479,172.217.194.0-255,1484,105407,79,145903
8592,0.002496,172.217.194.0-255,5738,111145,79,145903
8593,0.00252,172.217.194.0-255,7156,118301,79,145903
8594,0.002525,172.217.194.0-255,4320,122621,79,145903
8595,0.00579,172.31.40.0-255,66,122687,79,145903
8596,0.008334,172.217.194.0-255,5738,128425,79,145903
8597,0.008343,172.31.40.0-255,66,128491,79,145903
8598,0.010894,172.217.194.0-255,5738,134229,79,145903
8599,0.012725,172.31.40.0-255,66,134295,79,145903
8600,0.015225,172.217.194.0-255,5738,140033,79,145903
8601,0.015234,172.31.40.0-255,66,140099,79,145903
8602,0.017723,172.217.194.0-255,5738,145837,79,145903
8603,0.017733,172.31.40.0-255,66,145903,79,145903
8604,0.0,74.125.130.0-255,150,150,79,160817
8605,2.3e-05,172.31.40.0-255,66,216,79,160817
8606,3e-05,74.125.130.0-255,1484,1700,79,160817
8607,3.4e-05,172.31.40.0-255,66,1766,79,160817
8608,3.8e-05,74.125.130.0-255,2902,4668,79,160817
8609,4.1e-05,172.31.40.0-255,66,4734,79,160817
8610,4.7e-05,74.125.130.0-255,5738,10472,79,160817
8611,5e-05,172.31.40.0-255,66,10538,79,160817
8612,7.1e-05,74.125.130.0-255,3358,13896,79,160817
8613,7.3e-05,172.31.40.0-255,66,13962,79,160817
8614,0.000109,74.125.130.0-255,4320,18282,79,160817
8615,0.000113,172.31.40.0-255,66,18348,79,160817
8616,0.000116,74.125.130.0-255,1484,19832,79,160817
8617,0.000118,172.31.40.0-255,66,19898,79,160817
8618,0.000137,74.125.130.0-255,4320,24218,79,160817
8619,0.00014,172.31.40.0-255,66,24284,79,160817
8620,0.000174,74.125.130.0-255,6797,31081,79,160817
8621,0.000176,172.31.40.0-255,66,31147,79,160817
8622,0.0003,74.125.130.0-255,1484,32631,79,160817
8623,0.000303,172.31.40.0-255,66,32697,79,160817
8624,0.000309,74.125.130.0-255,2902,35599,79,160817
8625,0.000311,172.31.40.0-255,66,35665,79,160817
8626,0.000326,74.125.130.0-255,2902,38567,79,160817
8627,0.000329,172.31.40.0-255,66,38633,79,160817
8628,0.000339,74.125.130.0-255,1484,40117,79,160817
8629,0.000343,172.31.40.0-255,66,40183,79,160817
8630,0.000346,74.125.130.0-255,1484,41667,79,160817
8631,0.00035,172.31.40.0-255,66,41733,79,160817
8632,0.00038,172.31.40.0-255,66,41799,79,160817
8633,0.000387,74.125.130.0-255,5738,47537,79,160817
8634,0.000389,172.31.40.0-255,66,47603,79,160817
8635,0.000396,74.125.130.0-255,7156,54759,79,160817
8636,0.000401,172.31.40.0-255,66,54825,79,160817
8637,0.000437,74.125.130.0-255,2543,57368,79,160817
8638,0.000448,172.31.40.0-255,66,57434,79,160817
8639,0.000544,74.125.130.0-255,377,57811,79,160817
8640,0.000732,74.125.130.0-255,366,58177,79,160817
8641,0.000849,172.31.40.0-255,66,58243,79,160817
8642,0.001048,74.125.130.0-255,1484,59727,79,160817
8643,0.001058,74.125.130.0-255,2902,62629,79,160817
8644,0.001065,74.125.130.0-255,5738,68367,79,160817
8645,0.001069,74.125.130.0-255,2902,71269,79,160817
8646,0.001094,74.125.130.0-255,2902,74171,79,160817
8647,0.001116,74.125.130.0-255,7156,81327,79,160817
8648,0.00113,74.125.130.0-255,5738,87065,79,160817
8649,0.001147,74.125.130.0-255,5020,92085,79,160817
8650,0.001397,74.125.130.0-255,1484,93569,79,160817
8651,0.001404,74.125.130.0-255,2902,96471,79,160817
8652,0.001427,74.125.130.0-255,5738,102209,79,160817
8653,0.001431,74.125.130.0-255,2902,105111,79,160817
8654,0.00145,74.125.130.0-255,7156,112267,79,160817
8655,0.001456,74.125.130.0-255,5738,118005,79,160817
8656,0.001473,74.125.130.0-255,5738,123743,79,160817
8657,0.001488,74.125.130.0-255,2184,125927,79,160817
8658,0.006923,172.31.40.0-255,66,125993,79,160817
8659,0.00897,74.125.130.0-255,5738,131731,79,160817
8660,0.008985,172.31.40.0-255,66,131797,79,160817
8661,0.011001,74.125.130.0-255,5738,137535,79,160817
8662,0.011887,172.31.40.0-255,66,137601,79,160817
8663,0.013899,74.125.130.0-255,5738,143339,79,160817
8664,0.013907,172.31.40.0-255,66,143405,79,160817
8665,0.015921,74.125.130.0-255,5738,149143,79,160817
8666,0.01593,172.31.40.0-255,66,149209,79,160817
8667,0.017954,74.125.130.0-255,5738,154947,79,160817
8668,0.017969,172.31.40.0-255,66,155013,79,160817
8669,0.019987,74.125.130.0-255,5738,160751,79,160817
8670,0.019998,172.31.40.0-255,66,160817,79,160817
8671,0.0,172.217.194.0-255,160,160,79,190817
8672,2.3e-05,172.31.40.0-255,66,226,79,190817
8673,3.1e-05,172.217.194.0-255,1484,1710,79,190817
8674,3.5e-05,172.31.40.0-255,66,1776,79,190817
8675,4.2e-05,172.217.194.0-255,2902,4678,79,190817
8676,4.5e-05,172.31.40.0-255,66,4744,79,190817
8677,5.2e-05,172.217.194.0-255,5738,10482,79,190817
8678,5.5e-05,172.31.40.0-255,66,10548,79,190817
8679,0.000122,172.31.40.0-255,66,10614,79,190817
8680,0.000243,172.217.194.0-255,5738,16352,79,190817
8681,0.000247,172.31.40.0-255,66,16418,79,190817
8682,0.000267,172.217.194.0-255,1125,17543,79,190817
8683,0.00027,172.31.40.0-255,66,17609,79,190817
8684,0.000311,172.217.194.0-255,7156,24765,79,190817
8685,0.000314,172.31.40.0-255,66,24831,79,190817
8686,0.000394,172.217.194.0-255,7156,31987,79,190817
8687,0.000398,172.31.40.0-255,66,32053,79,190817
8688,0.000427,172.31.40.0-255,66,32119,79,190817
8689,0.000541,172.217.194.0-255,5738,37857,79,190817
8690,0.000546,172.31.40.0-255,66,37923,79,190817
8691,0.00057,172.217.194.0-255,5630,43553,79,190817
8692,0.000574,172.31.40.0-255,66,43619,79,190817
8693,0.000623,172.217.194.0-255,120,43739,79,190817
8694,0.000625,172.31.40.0-255,66,43805,79,190817
8695,0.00064,172.217.194.0-255,381,44186,79,190817
8696,0.000642,172.31.40.0-255,66,44252,79,190817
8697,0.000896,172.217.194.0-255,1484,45736,79,190817
8698,0.000901,172.31.40.0-255,66,45802,79,190817
8699,0.000907,172.217.194.0-255,2902,48704,79,190817
8700,0.000909,172.31.40.0-255,66,48770,79,190817
8701,0.000926,172.217.194.0-255,5738,54508,79,190817
8702,0.000932,172.31.40.0-255,66,54574,79,190817
8703,0.000993,172.217.194.0-255,6248,60822,79,190817
8704,0.000999,172.31.40.0-255,66,60888,79,190817
8705,0.00114,172.217.194.0-255,1484,62372,79,190817
8706,0.001145,172.217.194.0-255,2902,65274,79,190817
8707,0.001148,172.31.40.0-255,66,65340,79,190817
8708,0.001162,172.217.194.0-255,2902,68242,79,190817
8709,0.001177,172.217.194.0-255,2902,71144,79,190817
8710,0.001183,172.31.40.0-255,66,71210,79,190817
8711,0.001231,172.217.194.0-255,4320,75530,79,190817
8712,0.001244,172.31.40.0-255,66,75596,79,190817
8713,0.001282,172.31.40.0-255,66,75662,79,190817
8714,0.001365,172.217.194.0-255,5738,81400,79,190817
8715,0.001385,172.217.194.0-255,5020,86420,79,190817
8716,0.001388,172.31.40.0-255,66,86486,79,190817
8717,0.001393,172.31.40.0-255,66,86552,79,190817
8718,0.001588,172.217.194.0-255,1484,88036,79,190817
8719,0.001594,172.217.194.0-255,2902,90938,79,190817
8720,0.001597,172.31.40.0-255,66,91004,79,190817
8721,0.00162,172.217.194.0-255,5738,96742,79,190817
8722,0.001626,172.31.40.0-255,66,96808,79,190817
8723,0.00167,172.217.194.0-255,1484,98292,79,190817
8724,0.001681,172.217.194.0-255,1484,99776,79,190817
8725,0.001696,172.217.194.0-255,1484,101260,79,190817
8726,0.001727,172.31.40.0-255,66,101326,79,190817
8727,0.001755,172.31.40.0-255,66,101392,79,190817
8728,0.001837,172.217.194.0-255,5738,107130,79,190817
8729,0.001846,172.31.40.0-255,66,107196,79,190817
8730,0.001872,172.217.194.0-255,2184,109380,79,190817
8731,0.001886,172.31.40.0-255,66,109446,79,190817
8732,0.00221,172.217.194.0-255,1484,110930,79,190817
8733,0.002213,172.217.194.0-255,1484,112414,79,190817
8734,0.002216,172.31.40.0-255,66,112480,79,190817
8735,0.00223,172.217.194.0-255,1484,113964,79,190817
8736,0.002249,172.217.194.0-255,5738,119702,79,190817
8737,0.002276,172.31.40.0-255,66,119768,79,190817
8738,0.002291,172.217.194.0-255,2902,122670,79,190817
8739,0.002301,172.31.40.0-255,66,122736,79,190817
8740,0.002333,172.31.40.0-255,66,122802,79,190817
8741,0.002426,172.217.194.0-255,4320,127122,79,190817
8742,0.002439,172.31.40.0-255,66,127188,79,190817
8743,0.002451,172.217.194.0-255,6438,133626,79,190817
8744,0.002455,172.31.40.0-255,66,133692,79,190817
8745,0.002609,172.217.194.0-255,1484,135176,79,190817
8746,0.002632,172.217.194.0-255,2902,138078,79,190817
8747,0.002635,172.31.40.0-255,66,138144,79,190817
8748,0.002647,172.217.194.0-255,1484,139628,79,190817
8749,0.002664,172.217.194.0-255,4320,143948,79,190817
8750,0.002696,172.217.194.0-255,4320,148268,79,190817
8751,0.002711,172.217.194.0-255,1484,149752,79,190817
8752,0.002752,172.217.194.0-255,4320,154072,79,190817
8753,0.002798,172.217.194.0-255,1484,155556,79,190817
8754,0.002801,172.217.194.0-255,1484,157040,79,190817
8755,0.002947,172.217.194.0-255,5738,162778,79,190817
8756,0.003242,172.217.194.0-255,5020,167798,79,190817
8757,0.003634,172.217.194.0-255,5738,173536,79,190817
8758,0.004303,172.217.194.0-255,2902,176438,79,190817
8759,0.004931,172.217.194.0-255,4320,180758,79,190817
8760,0.00495,172.217.194.0-255,4320,185078,79,190817
8761,0.004973,172.217.194.0-255,4872,189950,79,190817
8762,0.011687,172.217.194.0-255,618,190568,79,190817
8763,0.011707,172.31.40.0-255,78,190646,79,190817
8764,0.015683,172.31.40.0-255,105,190751,79,190817
8765,0.017903,172.217.194.0-255,66,190817,79,190817
8766,0.0,172.217.194.0-255,155,155,79,227941
8767,2.4e-05,172.31.40.0-255,66,221,79,227941
8768,3.2e-05,172.217.194.0-255,1484,1705,79,227941
8769,3.7e-05,172.31.40.0-255,66,1771,79,227941
8770,4.3e-05,172.217.194.0-255,2902,4673,79,227941
8771,5.3e-05,172.31.40.0-255,66,4739,79,227941
8772,5.9e-05,172.217.194.0-255,4320,9059,79,227941
8773,6.2e-05,172.31.40.0-255,66,9125,79,227941
8774,6.8e-05,172.217.194.0-255,4876,14001,79,227941
8775,7.1e-05,172.31.40.0-255,66,14067,79,227941
8776,8.4e-05,172.31.40.0-255,66,14133,79,227941
8777,9e-05,172.217.194.0-255,5379,19512,79,227941
8778,9.4e-05,172.31.40.0-255,66,19578,79,227941
8779,0.000153,172.217.194.0-255,1484,21062,79,227941
8780,0.000156,172.31.40.0-255,66,21128,79,227941
8781,0.000193,172.217.194.0-255,2902,24030,79,227941
8782,0.000196,172.31.40.0-255,66,24096,79,227941
8783,0.0002,172.217.194.0-255,2902,26998,79,227941
8784,0.000202,172.31.40.0-255,66,27064,79,227941
8785,0.000214,172.217.194.0-255,7156,34220,79,227941
8786,0.000216,172.31.40.0-255,66,34286,79,227941
8787,0.000219,172.217.194.0-255,1484,35770,79,227941
8788,0.000221,172.31.40.0-255,66,35836,79,227941
8789,0.000269,172.31.40.0-255,66,35902,79,227941
8790,0.000274,172.217.194.0-255,2543,38445,79,227941
8791,0.000276,172.31.40.0-255,66,38511,79,227941
8792,0.000279,172.217.194.0-255,677,39188,79,227941
8793,0.000281,172.31.40.0-255,66,39254,79,227941
8794,0.00036,172.217.194.0-255,1484,40738,79,227941
8795,0.000364,172.31.40.0-255,66,40804,79,227941
8796,0.000369,172.217.194.0-255,2902,43706,79,227941
8797,0.000398,172.217.194.0-255,5738,49444,79,227941
8798,0.000442,172.217.194.0-255,7156,56600,79,227941
8799,0.000467,172.217.194.0-255,3961,60561,79,227941
8800,0.000488,172.217.194.0-255,1484,62045,79,227941
8801,0.00049,172.217.194.0-255,1125,63170,79,227941
8802,0.000591,172.31.40.0-255,66,63236,79,227941
8803,0.000845,172.217.194.0-255,1484,64720,79,227941
8804,0.000852,172.217.194.0-255,2902,67622,79,227941
8805,0.000875,172.217.194.0-255,5738,73360,79,227941
8806,0.000894,172.217.194.0-255,5738,79098,79,227941
8807,0.000897,172.31.40.0-255,66,79164,79,227941
8808,0.000902,172.31.40.0-255,66,79230,79,227941
8809,0.000932,172.217.194.0-255,7156,86386,79,227941
8810,0.000955,172.217.194.0-255,7156,93542,79,227941
8811,0.000973,172.217.194.0-255,3053,96595,79,227941
8812,0.000976,172.31.40.0-255,66,96661,79,227941
8813,0.000981,172.31.40.0-255,66,96727,79,227941
8814,0.001006,172.217.194.0-255,1484,98211,79,227941
8815,0.001011,172.217.194.0-255,2902,101113,79,227941
8816,0.001027,172.217.194.0-255,1484,102597,79,227941
8817,0.001041,172.217.194.0-255,4320,106917,79,227941
8818,0.001044,172.217.194.0-255,2902,109819,79,227941
8819,0.001048,172.31.40.0-255,66,109885,79,227941
8820,0.001053,172.31.40.0-255,66,109951,79,227941
8821,0.001078,172.217.194.0-255,5738,115689,79,227941
8822,0.001104,172.217.194.0-255,4320,120009,79,227941
8823,0.001117,172.31.40.0-255,66,120075,79,227941
8824,0.001148,172.31.40.0-255,66,120141,79,227941
8825,0.001152,172.217.194.0-255,766,120907,79,227941
8826,0.001235,172.217.194.0-255,1484,122391,79,227941
8827,0.001247,172.217.194.0-255,1484,123875,79,227941
8828,0.001255,172.31.40.0-255,66,123941,79,227941
8829,0.001266,172.217.194.0-255,1484,125425,79,227941
8830,0.001276,172.217.194.0-255,5738,131163,79,227941
8831,0.001292,172.31.40.0-255,66,131229,79,227941
8832,0.001343,172.31.40.0-255,66,131295,79,227941
8833,0.001351,172.217.194.0-255,1484,132779,79,227941
8834,0.001354,172.217.194.0-255,1484,134263,79,227941
8835,0.001358,172.31.40.0-255,66,134329,79,227941
8836,0.001375,172.217.194.0-255,1484,135813,79,227941
8837,0.001381,172.217.194.0-255,4320,140133,79,227941
8838,0.001399,172.217.194.0-255,1484,141617,79,227941
8839,0.00144,172.217.194.0-255,1484,143101,79,227941
8840,0.001472,172.217.194.0-255,2184,145285,79,227941
8841,0.001498,172.31.40.0-255,66,145351,79,227941
8842,0.00206,172.217.194.0-255,1484,146835,79,227941
8843,0.002064,172.217.194.0-255,1484,148319,79,227941
8844,0.00207,172.31.40.0-255,66,148385,79,227941
8845,0.002079,172.217.194.0-255,1484,149869,79,227941
8846,0.002086,172.217.194.0-255,1484,151353,79,227941
8847,0.002109,172.217.194.0-255,4320,155673,79,227941
8848,0.002113,172.31.40.0-255,66,155739,79,227941
8849,0.002124,172.217.194.0-255,4320,160059,79,227941
8850,0.002163,172.217.194.0-255,5738,165797,79,227941
8851,0.002176,172.217.194.0-255,1484,167281,79,227941
8852,0.0022,172.217.194.0-255,6438,173719,79,227941
8853,0.002207,172.217.194.0-255,7156,180875,79,227941
8854,0.002217,172.217.194.0-255,1484,182359,79,227941
8855,0.002238,172.217.194.0-255,7156,189515,79,227941
8856,0.002252,172.217.194.0-255,4320,193835,79,227941
8857,0.002297,172.217.194.0-255,7156,200991,79,227941
8858,0.002319,172.217.194.0-255,3602,204593,79,227941
8859,0.010149,172.31.40.0-255,66,204659,79,227941
8860,0.011451,172.217.194.0-255,1484,206143,79,227941
8861,0.012422,172.217.194.0-255,4320,210463,79,227941
8862,0.012428,172.31.40.0-255,66,210529,79,227941
8863,0.014693,172.217.194.0-255,5738,216267,79,227941
8864,0.014699,172.31.40.0-255,66,216333,79,227941
8865,0.01696,172.217.194.0-255,5738,222071,79,227941
8866,0.016979,172.31.40.0-255,66,222137,79,227941
8867,0.019251,172.217.194.0-255,5738,227875,79,227941
8868,0.019257,172.31.40.0-255,66,227941,79,227941
8869,0.0,104.244.42.0-255,66,66,79,66
8870,0.0,74.125.24.0-255,154,154,79,159462
8871,1.5e-05,172.31.40.0-255,66,220,79,159462
8872,2.2e-05,74.125.24.0-255,1484,1704,79,159462
8873,2.6e-05,172.31.40.0-255,66,1770,79,159462
8874,3.2e-05,74.125.24.0-255,2902,4672,79,159462
8875,3.5e-05,172.31.40.0-255,66,4738,79,159462
8876,4e-05,74.125.24.0-255,4320,9058,79,159462
8877,4.2e-05,172.31.40.0-255,66,9124,79,159462
8878,7.3e-05,172.31.40.0-255,66,9190,79,159462
8879,7.7e-05,74.125.24.0-255,2902,12092,79,159462
8880,7.9e-05,172.31.40.0-255,66,12158,79,159462
8881,9.5e-05,74.125.24.0-255,2902,15060,79,159462
8882,9.6e-05,172.31.40.0-255,66,15126,79,159462
8883,0.000124,74.125.24.0-255,5738,20864,79,159462
8884,0.000126,172.31.40.0-255,66,20930,79,159462
8885,0.000144,74.125.24.0-255,1125,22055,79,159462
8886,0.000146,172.31.40.0-255,66,22121,79,159462
8887,0.00023,74.125.24.0-255,1484,23605,79,159462
8888,0.000234,172.31.40.0-255,66,23671,79,159462
8889,0.000239,74.125.24.0-255,2902,26573,79,159462
8890,0.000241,172.31.40.0-255,66,26639,79,159462
8891,0.000253,74.125.24.0-255,2902,29541,79,159462
8892,0.000255,172.31.40.0-255,66,29607,79,159462
8893,0.000275,74.125.24.0-255,2902,32509,79,159462
8894,0.000277,172.31.40.0-255,66,32575,79,159462
8895,0.00028,74.125.24.0-255,1484,34059,79,159462
8896,0.000282,172.31.40.0-255,66,34125,79,159462
8897,0.00031,74.125.24.0-255,7156,41281,79,159462
8898,0.000312,172.31.40.0-255,66,41347,79,159462
8899,0.000323,172.31.40.0-255,66,41413,79,159462
8900,0.000346,74.125.24.0-255,5020,46433,79,159462
8901,0.000349,172.31.40.0-255,66,46499,79,159462
8902,0.000361,74.125.24.0-255,429,46928,79,159462
8903,0.000531,74.125.24.0-255,1484,48412,79,159462
8904,0.000535,172.31.40.0-255,66,48478,79,159462
8905,0.00054,74.125.24.0-255,2902,51380,79,159462
8906,0.000542,172.31.40.0-255,66,51446,79,159462
8907,0.000556,74.125.24.0-255,5738,57184,79,159462
8908,0.000559,172.31.40.0-255,66,57250,79,159462
8909,0.000594,74.125.24.0-255,5738,62988,79,159462
8910,0.000597,172.31.40.0-255,66,63054,79,159462
8911,0.000622,74.125.24.0-255,7156,70210,79,159462
8912,0.000625,172.31.40.0-255,66,70276,79,159462
8913,0.000627,74.125.24.0-255,1484,71760,79,159462
8914,0.000643,74.125.24.0-255,4320,76080,79,159462
8915,0.000645,172.31.40.0-255,66,76146,79,159462
8916,0.000678,172.31.40.0-255,66,76212,79,159462
8917,0.000691,172.31.40.0-255,66,76278,79,159462
8918,0.000696,74.125.24.0-255,4320,80598,79,159462
8919,0.000698,172.31.40.0-255,66,80664,79,159462
8920,0.000743,74.125.24.0-255,4320,84984,79,159462
8921,0.000746,172.31.40.0-255,66,85050,79,159462
8922,0.000767,74.125.24.0-255,6438,91488,79,159462
8923,0.000769,172.31.40.0-255,66,91554,79,159462
8924,0.001648,74.125.24.0-255,1484,93038,79,159462
8925,0.001667,74.125.24.0-255,2902,95940,79,159462
8926,0.001671,172.31.40.0-255,66,96006,79,159462
8927,0.001675,74.125.24.0-255,1484,97490,79,159462
8928,0.001692,74.125.24.0-255,4320,101810,79,159462
8929,0.001694,172.31.40.0-255,66,101876,79,159462
8930,0.001697,74.125.24.0-255,1484,103360,79,159462
8931,0.001725,172.31.40.0-255,66,103426,79,159462
8932,0.001728,74.125.24.0-255,1484,104910,79,159462
8933,0.001777,74.125.24.0-255,2902,107812,79,159462
8934,0.001779,172.31.40.0-255,66,107878,79,159462
8935,0.001784,74.125.24.0-255,5738,113616,79,159462
8936,0.001786,172.31.40.0-255,66,113682,79,159462
8937,0.001788,74.125.24.0-255,766,114448,79,159462
8938,0.003865,74.125.24.0-255,4320,118768,79,159462
8939,0.003868,172.31.40.0-255,66,118834,79,159462
8940,0.005922,74.125.24.0-255,5738,124572,79,159462
8941,0.005928,172.31.40.0-255,66,124638,79,159462
8942,0.00799,74.125.24.0-255,5738,130376,79,159462
8943,0.007998,172.31.40.0-255,66,130442,79,159462
8944,0.010073,74.125.24.0-255,5738,136180,79,159462
8945,0.010081,172.31.40.0-255,66,136246,79,159462
8946,0.012194,74.125.24.0-255,5738,141984,79,159462
8947,0.012202,172.31.40.0-255,66,142050,79,159462
8948,0.014272,74.125.24.0-255,5738,147788,79,159462
8949,0.014282,172.31.40.0-255,66,147854,79,159462
8950,0.016378,74.125.24.0-255,5738,153592,79,159462
8951,0.016386,172.31.40.0-255,66,153658,79,159462
8952,0.018478,74.125.24.0-255,5738,159396,79,159462
8953,0.018486,172.31.40.0-255,66,159462,79,159462
8954,0.0,172.217.194.0-255,143,143,79,178485
8955,2.6e-05,172.31.40.0-255,66,209,79,178485
8956,3.4e-05,172.217.194.0-255,1484,1693,79,178485
8957,4e-05,172.31.40.0-255,66,1759,79,178485
8958,5.5e-05,172.217.194.0-255,2902,4661,79,178485
8959,5.9e-05,172.31.40.0-255,66,4727,79,178485
8960,6.7e-05,172.217.194.0-255,5738,10465,79,178485
8961,7e-05,172.31.40.0-255,66,10531,79,178485
8962,9.2e-05,172.217.194.0-255,6400,16931,79,178485
8963,9.6e-05,172.31.40.0-255,66,16997,79,178485
8964,0.000108,172.217.194.0-255,7156,24153,79,178485
8965,0.000111,172.31.40.0-255,66,24219,79,178485
8966,0.00015,172.217.194.0-255,6797,31016,79,178485
8967,0.000154,172.31.40.0-255,66,31082,79,178485
8968,0.000223,172.217.194.0-255,1484,32566,79,178485
8969,0.000226,172.31.40.0-255,66,32632,79,178485
8970,0.000229,172.217.194.0-255,1484,34116,79,178485
8971,0.000231,172.31.40.0-255,66,34182,79,178485
8972,0.000252,172.217.194.0-255,1484,35666,79,178485
8973,0.000254,172.31.40.0-255,66,35732,79,178485
8974,0.000266,172.217.194.0-255,5738,41470,79,178485
8975,0.000268,172.31.40.0-255,66,41536,79,178485
8976,0.000301,172.217.194.0-255,6797,48333,79,178485
8977,0.000304,172.31.40.0-255,66,48399,79,178485
8978,0.001164,172.217.194.0-255,1484,49883,79,178485
8979,0.001171,172.31.40.0-255,66,49949,79,178485
8980,0.001181,172.217.194.0-255,2902,52851,79,178485
8981,0.001184,172.31.40.0-255,66,52917,79,178485
8982,0.001196,172.217.194.0-255,5738,58655,79,178485
8983,0.001199,172.31.40.0-255,66,58721,79,178485
8984,0.001204,172.217.194.0-255,2902,61623,79,178485
8985,0.001206,172.31.40.0-255,66,61689,79,178485
8986,0.001221,172.217.194.0-255,3961,65650,79,178485
8987,0.00123,172.31.40.0-255,66,65716,79,178485
8988,0.001307,172.217.194.0-255,1484,67200,79,178485
8989,0.001313,172.217.194.0-255,1484,68684,79,178485
8990,0.001316,172.31.40.0-255,66,68750,79,178485
8991,0.001342,172.217.194.0-255,1484,70234,79,178485
8992,0.001349,172.217.194.0-255,5738,75972,79,178485
8993,0.001352,172.31.40.0-255,66,76038,79,178485
8994,0.001358,172.217.194.0-255,4320,80358,79,178485
8995,0.00136,172.31.40.0-255,66,80424,79,178485
8996,0.001388,172.217.194.0-255,5379,85803,79,178485
8997,0.001394,172.31.40.0-255,66,85869,79,178485
8998,0.001407,172.31.40.0-255,66,85935,79,178485
8999,0.001418,172.31.40.0-255,66,86001,79,178485
9000,0.00147,172.31.40.0-255,66,86067,79,178485
9001,0.001509,172.217.194.0-255,1484,87551,79,178485
9002,0.001529,172.217.194.0-255,2902,90453,79,178485
9003,0.001532,172.31.40.0-255,66,90519,79,178485
9004,0.001539,172.217.194.0-255,5738,96257,79,178485
9005,0.001542,172.31.40.0-255,66,96323,79,178485
9006,0.00156,172.31.40.0-255,66,96389,79,178485
9007,0.001596,172.217.194.0-255,2902,99291,79,178485
9008,0.001598,172.31.40.0-255,66,99357,79,178485
9009,0.001616,172.31.40.0-255,66,99423,79,178485
9010,0.001619,172.217.194.0-255,766,100189,79,178485
9011,0.002129,172.217.194.0-255,1484,101673,79,178485
9012,0.002135,172.31.40.0-255,66,101739,79,178485
9013,0.002141,172.217.194.0-255,2902,104641,79,178485
9014,0.002144,172.31.40.0-255,66,104707,79,178485
9015,0.002176,172.217.194.0-255,5738,110445,79,178485
9016,0.002179,172.31.40.0-255,66,110511,79,178485
9017,0.002184,172.217.194.0-255,2902,113413,79,178485
9018,0.002186,172.31.40.0-255,66,113479,79,178485
9019,0.002231,172.217.194.0-255,7156,120635,79,178485
9020,0.002234,172.31.40.0-255,66,120701,79,178485
9021,0.002251,172.31.40.0-255,66,120767,79,178485
9022,0.002255,172.217.194.0-255,2184,122951,79,178485
9023,0.002258,172.31.40.0-255,66,123017,79,178485
9024,0.00236,172.217.194.0-255,1484,124501,79,178485
9025,0.002377,172.217.194.0-255,2902,127403,79,178485
9026,0.00238,172.31.40.0-255,66,127469,79,178485
9027,0.002387,172.217.194.0-255,5738,133207,79,178485
9028,0.00239,172.31.40.0-255,66,133273,79,178485
9029,0.002428,172.31.40.0-255,66,133339,79,178485
9030,0.002467,172.31.40.0-255,66,133405,79,178485
9031,0.002518,172.217.194.0-255,1484,134889,79,178485
9032,0.002523,172.217.194.0-255,2902,137791,79,178485
9033,0.002525,172.31.40.0-255,66,137857,79,178485
9034,0.002532,172.217.194.0-255,5738,143595,79,178485
9035,0.002535,172.31.40.0-255,66,143661,79,178485
9036,0.005003,172.217.194.0-255,5738,149399,79,178485
9037,0.005007,172.31.40.0-255,66,149465,79,178485
9038,0.007482,172.217.194.0-255,5738,155203,79,178485
9039,0.007488,172.31.40.0-255,66,155269,79,178485
9040,0.009987,172.217.194.0-255,5738,161007,79,178485
9041,0.010002,172.31.40.0-255,66,161073,79,178485
9042,0.012479,172.217.194.0-255,5738,166811,79,178485
9043,0.012501,172.31.40.0-255,66,166877,79,178485
9044,0.01502,172.217.194.0-255,5738,172615,79,178485
9045,0.015028,172.31.40.0-255,66,172681,79,178485
9046,0.017538,172.217.194.0-255,5738,178419,79,178485
9047,0.017545,172.31.40.0-255,66,178485,79,178485
9048,0.0,216.58.221.0-255,153,153,79,161090
9049,2.6e-05,172.31.40.0-255,66,219,79,161090
9050,3.3e-05,216.58.221.0-255,1484,1703,79,161090
9051,3.9e-05,172.31.40.0-255,66,1769,79,161090
9052,5.3e-05,216.58.221.0-255,2902,4671,79,161090
9053,5.8e-05,172.31.40.0-255,66,4737,79,161090
9054,6.1e-05,216.58.221.0-255,1484,6221,79,161090
9055,6.5e-05,172.31.40.0-255,66,6287,79,161090
9056,7.1e-05,216.58.221.0-255,2902,9189,79,161090
9057,7.4e-05,172.31.40.0-255,66,9255,79,161090
9058,8e-05,216.58.221.0-255,5010,14265,79,161090
9059,8.3e-05,172.31.40.0-255,66,14331,79,161090
9060,0.000105,216.58.221.0-255,2902,17233,79,161090
9061,0.000107,172.31.40.0-255,66,17299,79,161090
9062,0.000139,216.58.221.0-255,2902,20201,79,161090
9063,0.000142,172.31.40.0-255,66,20267,79,161090
9064,0.000146,216.58.221.0-255,2902,23169,79,161090
9065,0.000148,172.31.40.0-255,66,23235,79,161090
9066,0.000158,216.58.221.0-255,4320,27555,79,161090
9067,0.000161,172.31.40.0-255,66,27621,79,161090
9068,0.000164,216.58.221.0-255,1484,29105,79,161090
9069,0.000166,172.31.40.0-255,66,29171,79,161090
9070,0.000199,216.58.221.0-255,2543,31714,79,161090
9071,0.000202,172.31.40.0-255,66,31780,79,161090
9072,0.000226,216.58.221.0-255,1484,33264,79,161090
9073,0.000228,172.31.40.0-255,66,33330,79,161090
9074,0.000249,216.58.221.0-255,2902,36232,79,161090
9075,0.000251,172.31.40.0-255,66,36298,79,161090
9076,0.000257,216.58.221.0-255,4320,40618,79,161090
9077,0.000259,172.31.40.0-255,66,40684,79,161090
9078,0.000296,216.58.221.0-255,7156,47840,79,161090
9079,0.000299,172.31.40.0-255,66,47906,79,161090
9080,0.00031,216.58.221.0-255,1125,49031,79,161090
9081,0.000335,216.58.221.0-255,1484,50515,79,161090
9082,0.000338,172.31.40.0-255,66,50581,79,161090
9083,0.000343,216.58.221.0-255,4320,54901,79,161090
9084,0.000346,172.31.40.0-255,66,54967,79,161090
9085,0.000389,172.31.40.0-255,66,55033,79,161090
9086,0.000392,216.58.221.0-255,1125,56158,79,161090
9087,0.000719,216.58.221.0-255,357,56515,79,161090
9088,0.001021,216.58.221.0-255,132,56647,79,161090
9089,0.001111,172.31.40.0-255,66,56713,79,161090
9090,0.001192,216.58.221.0-255,1484,58197,79,161090
9091,0.0012,216.58.221.0-255,2902,61099,79,161090
9092,0.001203,172.31.40.0-255,66,61165,79,161090
9093,0.001233,216.58.221.0-255,5738,66903,79,161090
9094,0.001235,172.31.40.0-255,66,66969,79,161090
9095,0.00124,216.58.221.0-255,2902,69871,79,161090
9096,0.001242,172.31.40.0-255,66,69937,79,161090
9097,0.001248,216.58.221.0-255,3961,73898,79,161090
9098,0.001255,172.31.40.0-255,66,73964,79,161090
9099,0.001288,172.31.40.0-255,66,74030,79,161090
9100,0.001316,216.58.221.0-255,5738,79768,79,161090
9101,0.001318,172.31.40.0-255,66,79834,79,161090
9102,0.001348,216.58.221.0-255,2543,82377,79,161090
9103,0.00135,172.31.40.0-255,66,82443,79,161090
9104,0.001353,216.58.221.0-255,351,82794,79,161090
9105,0.001789,216.58.221.0-255,1484,84278,79,161090
9106,0.001796,172.31.40.0-255,66,84344,79,161090
9107,0.001804,216.58.221.0-255,2902,87246,79,161090
9108,0.001806,172.31.40.0-255,66,87312,79,161090
9109,0.001817,216.58.221.0-255,2902,90214,79,161090
9110,0.001819,172.31.40.0-255,66,90280,79,161090
9111,0.001825,216.58.221.0-255,4320,94600,79,161090
9112,0.001827,172.31.40.0-255,66,94666,79,161090
9113,0.001867,172.31.40.0-255,66,94732,79,161090
9114,0.001872,216.58.221.0-255,2902,97634,79,161090
9115,0.001874,172.31.40.0-255,66,97700,79,161090
9116,0.001901,216.58.221.0-255,4320,102020,79,161090
9117,0.001903,172.31.40.0-255,66,102086,79,161090
9118,0.001911,216.58.221.0-255,6438,108524,79,161090
9119,0.001914,172.31.40.0-255,66,108590,79,161090
9120,0.003854,216.58.221.0-255,5738,114328,79,161090
9121,0.003862,172.31.40.0-255,66,114394,79,161090
9122,0.005804,216.58.221.0-255,2902,117296,79,161090
9123,0.005809,172.31.40.0-255,66,117362,79,161090
9124,0.005836,216.58.221.0-255,2902,120264,79,161090
9125,0.005839,172.31.40.0-255,66,120330,79,161090
9126,0.007749,216.58.221.0-255,2902,123232,79,161090
9127,0.007756,172.31.40.0-255,66,123298,79,161090
9128,0.007787,216.58.221.0-255,2902,126200,79,161090
9129,0.00779,172.31.40.0-255,66,126266,79,161090
9130,0.009716,216.58.221.0-255,5738,132004,79,161090
9131,0.009724,172.31.40.0-255,66,132070,79,161090
9132,0.011663,216.58.221.0-255,5738,137808,79,161090
9133,0.011672,172.31.40.0-255,66,137874,79,161090
9134,0.013632,216.58.221.0-255,5738,143612,79,161090
9135,0.013644,172.31.40.0-255,66,143678,79,161090
9136,0.015595,216.58.221.0-255,5738,149416,79,161090
9137,0.015605,172.31.40.0-255,66,149482,79,161090
9138,0.017553,216.58.221.0-255,5738,155220,79,161090
9139,0.017562,172.31.40.0-255,66,155286,79,161090
9140,0.019515,216.58.221.0-255,5738,161024,79,161090
9141,0.019525,172.31.40.0-255,66,161090,79,161090
9142,0.0,74.125.24.0-255,294,294,79,123732
9143,2.2e-05,172.31.40.0-255,66,360,79,123732
9144,2.8e-05,74.125.24.0-255,1484,1844,79,123732
9145,3.2e-05,172.31.40.0-255,66,1910,79,123732
9146,4.7e-05,74.125.24.0-255,4320,6230,79,123732
9147,5e-05,172.31.40.0-255,66,6296,79,123732
9148,6.1e-05,172.31.40.0-255,66,6362,79,123732
9149,0.000107,74.125.24.0-255,7156,13518,79,123732
9150,0.00011,172.31.40.0-255,66,13584,79,123732
9151,0.000122,172.31.40.0-255,66,13650,79,123732
9152,0.000149,74.125.24.0-255,1125,14775,79,123732
9153,0.000151,172.31.40.0-255,66,14841,79,123732
9154,0.000339,74.125.24.0-255,1484,16325,79,123732
9155,0.000344,172.31.40.0-255,66,16391,79,123732
9156,0.000349,74.125.24.0-255,2902,19293,79,123732
9157,0.000352,172.31.40.0-255,66,19359,79,123732
9158,0.000364,74.125.24.0-255,5738,25097,79,123732
9159,0.000367,172.31.40.0-255,66,25163,79,123732
9160,0.000409,74.125.24.0-255,6797,31960,79,123732
9161,0.000411,172.31.40.0-255,66,32026,79,123732
9162,0.000443,74.125.24.0-255,7156,39182,79,123732
9163,0.000446,172.31.40.0-255,66,39248,79,123732
9164,0.00045,74.125.24.0-255,1484,40732,79,123732
9165,0.000452,172.31.40.0-255,66,40798,79,123732
9166,0.000484,74.125.24.0-255,7156,47954,79,123732
9167,0.000487,172.31.40.0-255,66,48020,79,123732
9168,0.000489,74.125.24.0-255,1125,49145,79,123732
9169,0.000492,172.31.40.0-255,66,49211,79,123732
9170,0.000555,74.125.24.0-255,399,49610,79,123732
9171,0.000557,172.31.40.0-255,66,49676,79,123732
9172,0.000653,74.125.24.0-255,344,50020,79,123732
9173,0.000813,74.125.24.0-255,1484,51504,79,123732
9174,0.000819,172.31.40.0-255,66,51570,79,123732
9175,0.000824,74.125.24.0-255,2902,54472,79,123732
9176,0.000827,172.31.40.0-255,66,54538,79,123732
9177,0.000838,74.125.24.0-255,5738,60276,79,123732
9178,0.000841,172.31.40.0-255,66,60342,79,123732
9179,0.000847,74.125.24.0-255,5738,66080,79,123732
9180,0.00085,172.31.40.0-255,66,66146,79,123732
9181,0.000881,74.125.24.0-255,1125,67271,79,123732
9182,0.001413,172.31.40.0-255,66,67337,79,123732
9183,0.001584,74.125.24.0-255,1484,68821,79,123732
9184,0.001593,74.125.24.0-255,2902,71723,79,123732
9185,0.001597,172.31.40.0-255,66,71789,79,123732
9186,0.001605,74.125.24.0-255,5738,77527,79,123732
9187,0.001607,172.31.40.0-255,66,77593,79,123732
9188,0.001619,74.125.24.0-255,5738,83331,79,123732
9189,0.001622,172.31.40.0-255,66,83397,79,123732
9190,0.001657,74.125.24.0-255,1125,84522,79,123732
9191,0.00394,74.125.24.0-255,4320,88842,79,123732
9192,0.003947,172.31.40.0-255,66,88908,79,123732
9193,0.006323,74.125.24.0-255,5738,94646,79,123732
9194,0.006331,172.31.40.0-255,66,94712,79,123732
9195,0.008684,74.125.24.0-255,5738,100450,79,123732
9196,0.00869,172.31.40.0-255,66,100516,79,123732
9197,0.011032,74.125.24.0-255,5738,106254,79,123732
9198,0.011041,172.31.40.0-255,66,106320,79,123732
9199,0.013399,74.125.24.0-255,5738,112058,79,123732
9200,0.013408,172.31.40.0-255,66,112124,79,123732
9201,0.015787,74.125.24.0-255,5738,117862,79,123732
9202,0.015797,172.31.40.0-255,66,117928,79,123732
9203,0.018159,74.125.24.0-255,5738,123666,79,123732
9204,0.018175,172.31.40.0-255,66,123732,79,123732
9205,0.0,172.217.194.0-255,155,155,79,135992
9206,2.7e-05,172.31.40.0-255,66,221,79,135992
9207,3.4e-05,172.217.194.0-255,1484,1705,79,135992
9208,3.8e-05,172.31.40.0-255,66,1771,79,135992
9209,5.2e-05,172.217.194.0-255,2902,4673,79,135992
9210,5.6e-05,172.31.40.0-255,66,4739,79,135992
9211,6.4e-05,172.217.194.0-255,7156,11895,79,135992
9212,6.8e-05,172.31.40.0-255,66,11961,79,135992
9213,0.000176,172.217.194.0-255,2002,13963,79,135992
9214,0.000181,172.31.40.0-255,66,14029,79,135992
9215,0.000209,172.217.194.0-255,2902,16931,79,135992
9216,0.000212,172.31.40.0-255,66,16997,79,135992
9217,0.000258,172.217.194.0-255,5738,22735,79,135992
9218,0.000261,172.31.40.0-255,66,22801,79,135992
9219,0.000279,172.217.194.0-255,1484,24285,79,135992
9220,0.000281,172.31.40.0-255,66,24351,79,135992
9221,0.000378,172.217.194.0-255,6797,31148,79,135992
9222,0.000382,172.31.40.0-255,66,31214,79,135992
9223,0.000489,172.217.194.0-255,7156,38370,79,135992
9224,0.000493,172.31.40.0-255,66,38436,79,135992
9225,0.000622,172.31.40.0-255,66,38502,79,135992
9226,0.000653,172.217.194.0-255,6797,45299,79,135992
9227,0.000656,172.31.40.0-255,66,45365,79,135992
9228,0.000874,172.217.194.0-255,5738,51103,79,135992
9229,0.000879,172.31.40.0-255,66,51169,79,135992
9230,0.000908,172.217.194.0-255,5379,56548,79,135992
9231,0.000911,172.31.40.0-255,66,56614,79,135992
9232,0.001027,172.217.194.0-255,646,57260,79,135992
9233,0.001031,172.31.40.0-255,66,57326,79,135992
9234,0.001063,172.217.194.0-255,7156,64482,79,135992
9235,0.001066,172.31.40.0-255,66,64548,79,135992
9236,0.001208,172.31.40.0-255,66,64614,79,135992
9237,0.001249,172.31.40.0-255,66,64680,79,135992
9238,0.001542,172.217.194.0-255,5020,69700,79,135992
9239,0.001546,172.31.40.0-255,66,69766,79,135992
9240,0.001639,172.31.40.0-255,66,69832,79,135992
9241,0.001683,172.31.40.0-255,66,69898,79,135992
9242,0.0021,172.217.194.0-255,5020,74918,79,135992
9243,0.002106,172.31.40.0-255,66,74984,79,135992
9244,0.002182,172.217.194.0-255,7156,82140,79,135992
9245,0.002187,172.31.40.0-255,66,82206,79,135992
9246,0.002244,172.31.40.0-255,66,82272,79,135992
9247,0.002893,172.217.194.0-255,7156,89428,79,135992
9248,0.002902,172.31.40.0-255,66,89494,79,135992
9249,0.002981,172.31.40.0-255,66,89560,79,135992
9250,0.005026,172.217.194.0-255,5738,95298,79,135992
9251,0.005033,172.31.40.0-255,66,95364,79,135992
9252,0.007047,172.217.194.0-255,5738,101102,79,135992
9253,0.007054,172.31.40.0-255,66,101168,79,135992
9254,0.00911,172.217.194.0-255,5738,106906,79,135992
9255,0.009122,172.31.40.0-255,66,106972,79,135992
9256,0.011192,172.217.194.0-255,5738,112710,79,135992
9257,0.011208,172.31.40.0-255,66,112776,79,135992
9258,0.01326,172.217.194.0-255,5738,118514,79,135992
9259,0.013278,172.31.40.0-255,66,118580,79,135992
9260,0.015396,172.217.194.0-255,5738,124318,79,135992
9261,0.015416,172.31.40.0-255,66,124384,79,135992
9262,0.017452,172.217.194.0-255,5738,130122,79,135992
9263,0.017468,172.31.40.0-255,66,130188,79,135992
9264,0.019541,172.217.194.0-255,5738,135926,79,135992
9265,0.01956,172.31.40.0-255,66,135992,79,135992
9266,0.0,74.125.68.0-255,153,153,79,153175
9267,2.2e-05,172.31.40.0-255,66,219,79,153175
9268,2.8e-05,74.125.68.0-255,1484,1703,79,153175
9269,3.2e-05,172.31.40.0-255,66,1769,79,153175
9270,3.8e-05,74.125.68.0-255,2902,4671,79,153175
9271,4.7e-05,172.31.40.0-255,66,4737,79,153175
9272,5.1e-05,74.125.68.0-255,2902,7639,79,153175
9273,5.4e-05,172.31.40.0-255,66,7705,79,153175
9274,5.8e-05,74.125.68.0-255,4320,12025,79,153175
9275,6.1e-05,172.31.40.0-255,66,12091,79,153175
9276,8.8e-05,74.125.68.0-255,1985,14076,79,153175
9277,9.4e-05,172.31.40.0-255,66,14142,79,153175
9278,0.000209,74.125.68.0-255,1484,15626,79,153175
9279,0.000212,172.31.40.0-255,66,15692,79,153175
9280,0.000236,74.125.68.0-255,2902,18594,79,153175
9281,0.000239,172.31.40.0-255,66,18660,79,153175
9282,0.000244,74.125.68.0-255,4320,22980,79,153175
9283,0.000246,172.31.40.0-255,66,23046,79,153175
9284,0.000283,74.125.68.0-255,2902,25948,79,153175
9285,0.000285,172.31.40.0-255,66,26014,79,153175
9286,0.000316,74.125.68.0-255,5379,31393,79,153175
9287,0.000318,172.31.40.0-255,66,31459,79,153175
9288,0.000511,74.125.68.0-255,1484,32943,79,153175
9289,0.000515,172.31.40.0-255,66,33009,79,153175
9290,0.000521,74.125.68.0-255,2902,35911,79,153175
9291,0.000523,172.31.40.0-255,66,35977,79,153175
9292,0.000544,74.125.68.0-255,2902,38879,79,153175
9293,0.000546,172.31.40.0-255,66,38945,79,153175
9294,0.000565,74.125.68.0-255,4320,43265,79,153175
9295,0.00057,172.31.40.0-255,66,43331,79,153175
9296,0.000603,74.125.68.0-255,5379,48710,79,153175
9297,0.000609,74.125.68.0-255,4320,53030,79,153175
9298,0.000614,172.31.40.0-255,66,53096,79,153175
9299,0.000617,172.31.40.0-255,66,53162,79,153175
9300,0.000639,74.125.68.0-255,1484,54646,79,153175
9301,0.000644,74.125.68.0-255,2902,57548,79,153175
9302,0.000647,172.31.40.0-255,66,57614,79,153175
9303,0.000682,172.31.40.0-255,66,57680,79,153175
9304,0.000685,74.125.68.0-255,412,58092,79,153175
9305,0.000834,74.125.68.0-255,331,58423,79,153175
9306,0.001106,172.31.40.0-255,66,58489,79,153175
9307,0.001138,74.125.68.0-255,1484,59973,79,153175
9308,0.001144,74.125.68.0-255,2902,62875,79,153175
9309,0.001147,172.31.40.0-255,66,62941,79,153175
9310,0.001194,74.125.68.0-255,5738,68679,79,153175
9311,0.001197,172.31.40.0-255,66,68745,79,153175
9312,0.0012,74.125.68.0-255,1484,70229,79,153175
9313,0.001221,74.125.68.0-255,2902,73131,79,153175
9314,0.001223,172.31.40.0-255,66,73197,79,153175
9315,0.00125,74.125.68.0-255,5738,78935,79,153175
9316,0.001252,172.31.40.0-255,66,79001,79,153175
9317,0.001255,74.125.68.0-255,1484,80485,79,153175
9318,0.00128,74.125.68.0-255,2902,83387,79,153175
9319,0.001283,172.31.40.0-255,66,83453,79,153175
9320,0.001319,74.125.68.0-255,5738,89191,79,153175
9321,0.001323,172.31.40.0-255,66,89257,79,153175
9322,0.001326,74.125.68.0-255,1484,90741,79,153175
9323,0.00133,74.125.68.0-255,2184,92925,79,153175
9324,0.001332,172.31.40.0-255,66,92991,79,153175
9325,0.001387,74.125.68.0-255,1484,94475,79,153175
9326,0.001391,74.125.68.0-255,1484,95959,79,153175
9327,0.001393,172.31.40.0-255,66,96025,79,153175
9328,0.001419,74.125.68.0-255,1484,97509,79,153175
9329,0.001422,74.125.68.0-255,1484,98993,79,153175
9330,0.001425,172.31.40.0-255,66,99059,79,153175
9331,0.00143,74.125.68.0-255,2902,101961,79,153175
9332,0.001432,172.31.40.0-255,66,102027,79,153175
9333,0.001436,74.125.68.0-255,2902,104929,79,153175
9334,0.001438,172.31.40.0-255,66,104995,79,153175
9335,0.001487,74.125.68.0-255,2902,107897,79,153175
9336,0.00149,172.31.40.0-255,66,107963,79,153175
9337,0.001502,172.31.40.0-255,66,108029,79,153175
9338,0.00155,172.31.40.0-255,66,108095,79,153175
9339,0.003625,74.125.68.0-255,4320,112415,79,153175
9340,0.003631,172.31.40.0-255,66,112481,79,153175
9341,0.003658,74.125.68.0-255,1484,113965,79,153175
9342,0.005692,74.125.68.0-255,4320,118285,79,153175
9343,0.005696,172.31.40.0-255,66,118351,79,153175
9344,0.008044,74.125.68.0-255,5738,124089,79,153175
9345,0.008051,172.31.40.0-255,66,124155,79,153175
9346,0.01031,74.125.68.0-255,5738,129893,79,153175
9347,0.010317,172.31.40.0-255,66,129959,79,153175
9348,0.012383,74.125.68.0-255,5738,135697,79,153175
9349,0.012391,172.31.40.0-255,66,135763,79,153175
9350,0.014455,74.125.68.0-255,5738,141501,79,153175
9351,0.014465,172.31.40.0-255,66,141567,79,153175
9352,0.016537,74.125.68.0-255,5738,147305,79,153175
9353,0.016546,172.31.40.0-255,66,147371,79,153175
9354,0.018709,74.125.68.0-255,5738,153109,79,153175
9355,0.018716,172.31.40.0-255,66,153175,79,153175
9356,0.0,172.217.194.0-255,153,153,79,163420
9357,2.4e-05,172.31.40.0-255,66,219,79,163420
9358,3.1e-05,172.217.194.0-255,1484,1703,79,163420
9359,3.6e-05,172.31.40.0-255,66,1769,79,163420
9360,4.2e-05,172.217.194.0-255,2902,4671,79,163420
9361,4.5e-05,172.31.40.0-255,66,4737,79,163420
9362,5.3e-05,172.217.194.0-255,7156,11893,79,163420
9363,6.4e-05,172.31.40.0-255,66,11959,79,163420
9364,7.8e-05,172.31.40.0-255,66,12025,79,163420
9365,0.000114,172.31.40.0-255,66,12091,79,163420
9366,0.000172,172.217.194.0-255,1484,13575,79,163420
9367,0.000175,172.31.40.0-255,66,13641,79,163420
9368,0.000196,172.217.194.0-255,2902,16543,79,163420
9369,0.000198,172.31.40.0-255,66,16609,79,163420
9370,0.000224,172.217.194.0-255,5738,22347,79,163420
9371,0.000226,172.31.40.0-255,66,22413,79,163420
9372,0.000255,172.31.40.0-255,66,22479,79,163420
9373,0.000284,172.31.40.0-255,66,22545,79,163420
9374,0.000308,172.217.194.0-255,2902,25447,79,163420
9375,0.000311,172.31.40.0-255,66,25513,79,163420
9376,0.000343,172.217.194.0-255,4216,29729,79,163420
9377,0.000346,172.31.40.0-255,66,29795,79,163420
9378,0.000348,172.217.194.0-255,116,29911,79,163420
9379,0.00035,172.31.40.0-255,66,29977,79,163420
9380,0.00048,172.217.194.0-255,380,30357,79,163420
9381,0.000486,172.31.40.0-255,66,30423,79,163420
9382,0.000598,172.217.194.0-255,1484,31907,79,163420
9383,0.000603,172.31.40.0-255,66,31973,79,163420
9384,0.000608,172.217.194.0-255,2902,34875,79,163420
9385,0.000611,172.31.40.0-255,66,34941,79,163420
9386,0.000645,172.217.194.0-255,5738,40679,79,163420
9387,0.000648,172.31.40.0-255,66,40745,79,163420
9388,0.00068,172.217.194.0-255,2902,43647,79,163420
9389,0.000684,172.31.40.0-255,66,43713,79,163420
9390,0.0007,172.217.194.0-255,3413,47126,79,163420
9391,0.000703,172.31.40.0-255,66,47192,79,163420
9392,0.000927,172.217.194.0-255,1484,48676,79,163420
9393,0.000947,172.217.194.0-255,2902,51578,79,163420
9394,0.00095,172.31.40.0-255,66,51644,79,163420
9395,0.000955,172.217.194.0-255,4320,55964,79,163420
9396,0.000957,172.31.40.0-255,66,56030,79,163420
9397,0.000976,172.217.194.0-255,1484,57514,79,163420
9398,0.001004,172.31.40.0-255,66,57580,79,163420
9399,0.001011,172.217.194.0-255,5738,63318,79,163420
9400,0.001013,172.31.40.0-255,66,63384,79,163420
9401,0.001027,172.217.194.0-255,1484,64868,79,163420
9402,0.001054,172.217.194.0-255,3602,68470,79,163420
9403,0.001057,172.31.40.0-255,66,68536,79,163420
9404,0.002067,172.217.194.0-255,1484,70020,79,163420
9405,0.002078,172.217.194.0-255,2902,72922,79,163420
9406,0.002083,172.31.40.0-255,66,72988,79,163420
9407,0.002092,172.217.194.0-255,5738,78726,79,163420
9408,0.002094,172.31.40.0-255,66,78792,79,163420
9409,0.002123,172.31.40.0-255,66,78858,79,163420
9410,0.002139,172.217.194.0-255,4320,83178,79,163420
9411,0.002146,172.31.40.0-255,66,83244,79,163420
9412,0.002153,172.217.194.0-255,7156,90400,79,163420
9413,0.002155,172.31.40.0-255,66,90466,79,163420
9414,0.002187,172.217.194.0-255,3602,94068,79,163420
9415,0.00219,172.31.40.0-255,66,94134,79,163420
9416,0.002196,172.217.194.0-255,4320,98454,79,163420
9417,0.002198,172.31.40.0-255,66,98520,79,163420
9418,0.002229,172.31.40.0-255,66,98586,79,163420
9419,0.002257,172.217.194.0-255,1484,100070,79,163420
9420,0.002263,172.217.194.0-255,5738,105808,79,163420
9421,0.002265,172.31.40.0-255,66,105874,79,163420
9422,0.002336,172.217.194.0-255,1484,107358,79,163420
9423,0.00237,172.31.40.0-255,66,107424,79,163420
9424,0.002591,172.217.194.0-255,1484,108908,79,163420
9425,0.002605,172.217.194.0-255,2902,111810,79,163420
9426,0.002608,172.31.40.0-255,66,111876,79,163420
9427,0.002613,172.217.194.0-255,2902,114778,79,163420
9428,0.002616,172.31.40.0-255,66,114844,79,163420
9429,0.002643,172.217.194.0-255,2902,117746,79,163420
9430,0.002646,172.31.40.0-255,66,117812,79,163420
9431,0.002654,172.217.194.0-255,7156,124968,79,163420
9432,0.002658,172.31.40.0-255,66,125034,79,163420
9433,0.002677,172.217.194.0-255,2902,127936,79,163420
9434,0.002679,172.31.40.0-255,66,128002,79,163420
9435,0.00272,172.31.40.0-255,66,128068,79,163420
9436,0.005337,172.217.194.0-255,2902,130970,79,163420
9437,0.005342,172.31.40.0-255,66,131036,79,163420
9438,0.005364,172.217.194.0-255,2902,133938,79,163420
9439,0.005367,172.31.40.0-255,66,134004,79,163420
9440,0.00796,172.217.194.0-255,2902,136906,79,163420
9441,0.007967,172.31.40.0-255,66,136972,79,163420
9442,0.007997,172.217.194.0-255,2902,139874,79,163420
9443,0.008,172.31.40.0-255,66,139940,79,163420
9444,0.010588,172.217.194.0-255,2902,142842,79,163420
9445,0.010598,172.31.40.0-255,66,142908,79,163420
9446,0.010629,172.217.194.0-255,2902,145810,79,163420
9447,0.010633,172.31.40.0-255,66,145876,79,163420
9448,0.013241,172.217.194.0-255,2902,148778,79,163420
9449,0.01325,172.31.40.0-255,66,148844,79,163420
9450,0.01328,172.217.194.0-255,2902,151746,79,163420
9451,0.013283,172.31.40.0-255,66,151812,79,163420
9452,0.015941,172.217.194.0-255,5738,157550,79,163420
9453,0.015953,172.31.40.0-255,66,157616,79,163420
9454,0.018613,172.217.194.0-255,5738,163354,79,163420
9455,0.018622,172.31.40.0-255,66,163420,79,163420
9456,0.0,74.125.200.0-255,297,297,79,213498
9457,2.2e-05,172.31.40.0-255,66,363,79,213498
9458,2.9e-05,74.125.200.0-255,1484,1847,79,213498
9459,3.3e-05,172.31.40.0-255,66,1913,79,213498
9460,4e-05,74.125.200.0-255,2902,4815,79,213498
9461,4.3e-05,172.31.40.0-255,66,4881,79,213498
9462,5.1e-05,74.125.200.0-255,5738,10619,79,213498
9463,5.3e-05,172.31.40.0-255,66,10685,79,213498
9464,5.9e-05,74.125.200.0-255,3294,13979,79,213498
9465,6.2e-05,172.31.40.0-255,66,14045,79,213498
9466,7.5e-05,172.31.40.0-255,66,14111,79,213498
9467,7.9e-05,74.125.200.0-255,2902,17013,79,213498
9468,8.2e-05,172.31.40.0-255,66,17079,79,213498
9469,8.6e-05,74.125.200.0-255,2543,19622,79,213498
9470,8.9e-05,172.31.40.0-255,66,19688,79,213498
9471,0.000167,74.125.200.0-255,1484,21172,79,213498
9472,0.000172,172.31.40.0-255,66,21238,79,213498
9473,0.000177,74.125.200.0-255,2902,24140,79,213498
9474,0.000179,172.31.40.0-255,66,24206,79,213498
9475,0.000182,74.125.200.0-255,1484,25690,79,213498
9476,0.000184,172.31.40.0-255,66,25756,79,213498
9477,0.000216,74.125.200.0-255,1484,27240,79,213498
9478,0.000218,172.31.40.0-255,66,27306,79,213498
9479,0.000224,74.125.200.0-255,4320,31626,79,213498
9480,0.000227,172.31.40.0-255,66,31692,79,213498
9481,0.000234,74.125.200.0-255,7156,38848,79,213498
9482,0.000237,172.31.40.0-255,66,38914,79,213498
9483,0.000264,74.125.200.0-255,2543,41457,79,213498
9484,0.000266,172.31.40.0-255,66,41523,79,213498
9485,0.000272,74.125.200.0-255,4320,45843,79,213498
9486,0.000274,172.31.40.0-255,66,45909,79,213498
9487,0.000309,74.125.200.0-255,2902,48811,79,213498
9488,0.000312,172.31.40.0-255,66,48877,79,213498
9489,0.000329,74.125.200.0-255,5724,54601,79,213498
9490,0.000332,172.31.40.0-255,66,54667,79,213498
9491,0.000401,74.125.200.0-255,332,54999,79,213498
9492,0.000981,74.125.200.0-255,1484,56483,79,213498
9493,0.000987,172.31.40.0-255,66,56549,79,213498
9494,0.001001,74.125.200.0-255,2902,59451,79,213498
9495,0.001003,172.31.40.0-255,66,59517,79,213498
9496,0.001006,74.125.200.0-255,1484,61001,79,213498
9497,0.00103,74.125.200.0-255,2902,63903,79,213498
9498,0.001033,172.31.40.0-255,66,63969,79,213498
9499,0.001039,74.125.200.0-255,5738,69707,79,213498
9500,0.001041,172.31.40.0-255,66,69773,79,213498
9501,0.001069,74.125.200.0-255,4320,74093,79,213498
9502,0.001072,172.31.40.0-255,66,74159,79,213498
9503,0.001079,74.125.200.0-255,5738,79897,79,213498
9504,0.00108,172.31.40.0-255,66,79963,79,213498
9505,0.001109,74.125.200.0-255,5738,85701,79,213498
9506,0.001112,172.31.40.0-255,66,85767,79,213498
9507,0.001148,74.125.200.0-255,1484,87251,79,213498
9508,0.001163,74.125.200.0-255,2184,89435,79,213498
9509,0.001165,172.31.40.0-255,66,89501,79,213498
9510,0.0012,74.125.200.0-255,1484,90985,79,213498
9511,0.001207,74.125.200.0-255,2902,93887,79,213498
9512,0.001209,172.31.40.0-255,66,93953,79,213498
9513,0.001213,74.125.200.0-255,1484,95437,79,213498
9514,0.00123,74.125.200.0-255,4320,99757,79,213498
9515,0.001234,172.31.40.0-255,66,99823,79,213498
9516,0.001264,172.31.40.0-255,66,99889,79,213498
9517,0.001284,74.125.200.0-255,2902,102791,79,213498
9518,0.001295,172.31.40.0-255,66,102857,79,213498
9519,0.001298,172.31.40.0-255,66,102923,79,213498
9520,0.001315,74.125.200.0-255,3053,105976,79,213498
9521,0.001318,172.31.40.0-255,66,106042,79,213498
9522,0.001565,74.125.200.0-255,1484,107526,79,213498
9523,0.001582,74.125.200.0-255,2902,110428,79,213498
9524,0.001585,172.31.40.0-255,66,110494,79,213498
9525,0.001603,74.125.200.0-255,2902,113396,79,213498
9526,0.001605,172.31.40.0-255,66,113462,79,213498
9527,0.00162,74.125.200.0-255,2902,116364,79,213498
9528,0.001622,172.31.40.0-255,66,116430,79,213498
9529,0.001663,74.125.200.0-255,2902,119332,79,213498
9530,0.001665,172.31.40.0-255,66,119398,79,213498
9531,0.001691,74.125.200.0-255,4320,123718,79,213498
9532,0.001694,172.31.40.0-255,66,123784,79,213498
9533,0.001704,172.31.40.0-255,66,123850,79,213498
9534,0.001709,74.125.200.0-255,2902,126752,79,213498
9535,0.00171,172.31.40.0-255,66,126818,79,213498
9536,0.001733,74.125.200.0-255,5020,131838,79,213498
9537,0.001736,172.31.40.0-255,66,131904,79,213498
9538,0.001916,74.125.200.0-255,1484,133388,79,213498
9539,0.001935,74.125.200.0-255,2902,136290,79,213498
9540,0.001938,172.31.40.0-255,66,136356,79,213498
9541,0.001944,74.125.200.0-255,4320,140676,79,213498
9542,0.001946,172.31.40.0-255,66,140742,79,213498
9543,0.001969,74.125.200.0-255,1484,142226,79,213498
9544,0.001974,74.125.200.0-255,2902,145128,79,213498
9545,0.001977,172.31.40.0-255,66,145194,79,213498
9546,0.001997,74.125.200.0-255,5738,150932,79,213498
9547,0.002,172.31.40.0-255,66,150998,79,213498
9548,0.002027,74.125.200.0-255,4320,155318,79,213498
9549,0.00203,172.31.40.0-255,66,155384,79,213498
9550,0.002035,74.125.200.0-255,4320,159704,79,213498
9551,0.002037,172.31.40.0-255,66,159770,79,213498
9552,0.002061,74.125.200.0-255,4320,164090,79,213498
9553,0.002064,172.31.40.0-255,66,164156,79,213498
9554,0.002085,74.125.200.0-255,2184,166340,79,213498
9555,0.002088,172.31.40.0-255,66,166406,79,213498
9556,0.004105,74.125.200.0-255,2902,169308,79,213498
9557,0.004114,172.31.40.0-255,66,169374,79,213498
9558,0.004136,74.125.200.0-255,2902,172276,79,213498
9559,0.004138,172.31.40.0-255,66,172342,79,213498
9560,0.006149,74.125.200.0-255,2902,175244,79,213498
9561,0.006153,172.31.40.0-255,66,175310,79,213498
9562,0.006186,74.125.200.0-255,2902,178212,79,213498
9563,0.006188,172.31.40.0-255,66,178278,79,213498
9564,0.008199,74.125.200.0-255,2902,181180,79,213498
9565,0.008203,172.31.40.0-255,66,181246,79,213498
9566,0.00824,74.125.200.0-255,2902,184148,79,213498
9567,0.008243,172.31.40.0-255,66,184214,79,213498
9568,0.010246,74.125.200.0-255,2902,187116,79,213498
9569,0.010256,172.31.40.0-255,66,187182,79,213498
9570,0.01028,74.125.200.0-255,2902,190084,79,213498
9571,0.010282,172.31.40.0-255,66,190150,79,213498
9572,0.012298,74.125.200.0-255,2902,193052,79,213498
9573,0.012307,172.31.40.0-255,66,193118,79,213498
9574,0.012323,74.125.200.0-255,2902,196020,79,213498
9575,0.012326,172.31.40.0-255,66,196086,79,213498
9576,0.014368,74.125.200.0-255,5738,201824,79,213498
9577,0.014378,172.31.40.0-255,66,201890,79,213498
9578,0.01644,74.125.200.0-255,5738,207628,79,213498
9579,0.016454,172.31.40.0-255,66,207694,79,213498
9580,0.018521,74.125.200.0-255,5738,213432,79,213498
9581,0.018535,172.31.40.0-255,66,213498,79,213498
9582,0.0,74.125.130.0-255,152,152,79,146013
9583,2.1e-05,172.31.40.0-255,66,218,79,146013
9584,2.8e-05,74.125.130.0-255,1484,1702,79,146013
9585,3.1e-05,172.31.40.0-255,66,1768,79,146013
9586,3.7e-05,74.125.130.0-255,2902,4670,79,146013
9587,4e-05,172.31.40.0-255,66,4736,79,146013
9588,4.4e-05,74.125.130.0-255,2902,7638,79,146013
9589,4.6e-05,172.31.40.0-255,66,7704,79,146013
9590,6.7e-05,74.125.130.0-255,2902,10606,79,146013
9591,6.9e-05,172.31.40.0-255,66,10672,79,146013
9592,7.3e-05,74.125.130.0-255,2902,13574,79,146013
9593,7.5e-05,172.31.40.0-255,66,13640,79,146013
9594,9.4e-05,74.125.130.0-255,566,14206,79,146013
9595,9.6e-05,172.31.40.0-255,66,14272,79,146013
9596,0.000245,74.125.130.0-255,1484,15756,79,146013
9597,0.000249,172.31.40.0-255,66,15822,79,146013
9598,0.000253,74.125.130.0-255,1484,17306,79,146013
9599,0.000255,172.31.40.0-255,66,17372,79,146013
9600,0.000269,74.125.130.0-255,1484,18856,79,146013
9601,0.000271,172.31.40.0-255,66,18922,79,146013
9602,0.000275,74.125.130.0-255,2902,21824,79,146013
9603,0.000277,172.31.40.0-255,66,21890,79,146013
9604,0.000302,74.125.130.0-255,4320,26210,79,146013
9605,0.000304,172.31.40.0-255,66,26276,79,146013
9606,0.000321,74.125.130.0-255,2902,29178,79,146013
9607,0.000323,172.31.40.0-255,66,29244,79,146013
9608,0.000352,74.125.130.0-255,3961,33205,79,146013
9609,0.000354,172.31.40.0-255,66,33271,79,146013
9610,0.000361,74.125.130.0-255,7156,40427,79,146013
9611,0.000363,172.31.40.0-255,66,40493,79,146013
9612,0.000365,74.125.130.0-255,1484,41977,79,146013
9613,0.000367,172.31.40.0-255,66,42043,79,146013
9614,0.00039,172.31.40.0-255,66,42109,79,146013
9615,0.000423,74.125.130.0-255,1484,43593,79,146013
9616,0.000451,172.31.40.0-255,66,43659,79,146013
9617,0.000454,74.125.130.0-255,378,44037,79,146013
9618,0.000572,74.125.130.0-255,99,44136,79,146013
9619,0.000705,172.31.40.0-255,101,44237,79,146013
9620,0.000849,74.125.130.0-255,1484,45721,79,146013
9621,0.000867,74.125.130.0-255,2902,48623,79,146013
9622,0.00087,172.31.40.0-255,66,48689,79,146013
9623,0.000874,74.125.130.0-255,1484,50173,79,146013
9624,0.000893,74.125.130.0-255,2902,53075,79,146013
9625,0.000895,172.31.40.0-255,66,53141,79,146013
9626,0.000919,74.125.130.0-255,5738,58879,79,146013
9627,0.000921,172.31.40.0-255,66,58945,79,146013
9628,0.000926,74.125.130.0-255,4320,63265,79,146013
9629,0.000928,172.31.40.0-255,66,63331,79,146013
9630,0.00093,74.125.130.0-255,1484,64815,79,146013
9631,0.000948,74.125.130.0-255,4320,69135,79,146013
9632,0.00095,172.31.40.0-255,66,69201,79,146013
9633,0.000973,74.125.130.0-255,1484,70685,79,146013
9634,0.000995,172.31.40.0-255,66,70751,79,146013
9635,0.002224,74.125.130.0-255,1484,72235,79,146013
9636,0.002233,74.125.130.0-255,2902,75137,79,146013
9637,0.002237,172.31.40.0-255,66,75203,79,146013
9638,0.002244,74.125.130.0-255,4320,79523,79,146013
9639,0.002246,172.31.40.0-255,66,79589,79,146013
9640,0.002257,74.125.130.0-255,1484,81073,79,146013
9641,0.00228,74.125.130.0-255,7156,88229,79,146013
9642,0.002282,172.31.40.0-255,66,88295,79,146013
9643,0.002287,74.125.130.0-255,4320,92615,79,146013
9644,0.002288,172.31.40.0-255,66,92681,79,146013
9645,0.002301,74.125.130.0-255,2902,95583,79,146013
9646,0.002303,172.31.40.0-255,66,95649,79,146013
9647,0.002323,74.125.130.0-255,2902,98551,79,146013
9648,0.002325,172.31.40.0-255,66,98617,79,146013
9649,0.002336,74.125.130.0-255,2902,101519,79,146013
9650,0.002338,172.31.40.0-255,66,101585,79,146013
9651,0.002362,74.125.130.0-255,3602,105187,79,146013
9652,0.002363,172.31.40.0-255,66,105253,79,146013
9653,0.003018,74.125.130.0-255,66,105319,79,146013
9654,0.00468,74.125.130.0-255,1484,106803,79,146013
9655,0.004697,74.125.130.0-255,4320,111123,79,146013
9656,0.004699,172.31.40.0-255,66,111189,79,146013
9657,0.007043,74.125.130.0-255,5738,116927,79,146013
9658,0.00705,172.31.40.0-255,66,116993,79,146013
9659,0.009406,74.125.130.0-255,5738,122731,79,146013
9660,0.009414,172.31.40.0-255,66,122797,79,146013
9661,0.011772,74.125.130.0-255,5738,128535,79,146013
9662,0.011778,172.31.40.0-255,66,128601,79,146013
9663,0.014115,74.125.130.0-255,5738,134339,79,146013
9664,0.014123,172.31.40.0-255,66,134405,79,146013
9665,0.016496,74.125.130.0-255,5738,140143,79,146013
9666,0.016503,172.31.40.0-255,66,140209,79,146013
9667,0.018849,74.125.130.0-255,5738,145947,79,146013
9668,0.018857,172.31.40.0-255,66,146013,79,146013
9669,0.0,74.125.24.0-255,148,148,79,178516
9670,1.4e-05,172.31.40.0-255,66,214,79,178516
9671,2.1e-05,74.125.24.0-255,1484,1698,79,178516
9672,2.6e-05,172.31.40.0-255,66,1764,79,178516
9673,3.1e-05,74.125.24.0-255,2902,4666,79,178516
9674,3.4e-05,172.31.40.0-255,66,4732,79,178516
9675,3.9e-05,74.125.24.0-255,2902,7634,79,178516
9676,4.2e-05,172.31.40.0-255,66,7700,79,178516
9677,6e-05,74.125.24.0-255,4320,12020,79,178516
9678,6.3e-05,172.31.40.0-255,66,12086,79,178516
9679,8.4e-05,74.125.24.0-255,1484,13570,79,178516
9680,8.6e-05,172.31.40.0-255,66,13636,79,178516
9681,0.000111,74.125.24.0-255,4937,18573,79,178516
9682,0.000114,172.31.40.0-255,66,18639,79,178516
9683,0.00012,74.125.24.0-255,7156,25795,79,178516
9684,0.000122,172.31.40.0-255,66,25861,79,178516
9685,0.000151,74.125.24.0-255,5379,31240,79,178516
9686,0.000154,172.31.40.0-255,66,31306,79,178516
9687,0.000582,74.125.24.0-255,1484,32790,79,178516
9688,0.000588,172.31.40.0-255,66,32856,79,178516
9689,0.000594,74.125.24.0-255,2902,35758,79,178516
9690,0.000596,172.31.40.0-255,66,35824,79,178516
9691,0.000599,74.125.24.0-255,1484,37308,79,178516
9692,0.000601,172.31.40.0-255,66,37374,79,178516
9693,0.000622,74.125.24.0-255,4320,41694,79,178516
9694,0.000625,172.31.40.0-255,66,41760,79,178516
9695,0.000628,74.125.24.0-255,1484,43244,79,178516
9696,0.00063,172.31.40.0-255,66,43310,79,178516
9697,0.000682,74.125.24.0-255,110,43420,79,178516
9698,0.000687,172.31.40.0-255,66,43486,79,178516
9699,0.000694,172.31.40.0-255,66,43552,79,178516
9700,0.000855,74.125.24.0-255,1484,45036,79,178516
9701,0.00086,172.31.40.0-255,66,45102,79,178516
9702,0.000865,74.125.24.0-255,2902,48004,79,178516
9703,0.000867,172.31.40.0-255,66,48070,79,178516
9704,0.000874,74.125.24.0-255,5738,53808,79,178516
9705,0.000876,172.31.40.0-255,66,53874,79,178516
9706,0.000893,74.125.24.0-255,1484,55358,79,178516
9707,0.000921,172.31.40.0-255,66,55424,79,178516
9708,0.000928,74.125.24.0-255,7156,62580,79,178516
9709,0.00093,172.31.40.0-255,66,62646,79,178516
9710,0.00096,74.125.24.0-255,2808,65454,79,178516
9711,0.000963,172.31.40.0-255,66,65520,79,178516
9712,0.001197,74.125.24.0-255,1484,67004,79,178516
9713,0.001204,74.125.24.0-255,2902,69906,79,178516
9714,0.001207,172.31.40.0-255,66,69972,79,178516
9715,0.001211,74.125.24.0-255,1484,71456,79,178516
9716,0.001232,74.125.24.0-255,4320,75776,79,178516
9717,0.001235,172.31.40.0-255,66,75842,79,178516
9718,0.001246,172.31.40.0-255,66,75908,79,178516
9719,0.001267,74.125.24.0-255,2902,78810,79,178516
9720,0.00127,172.31.40.0-255,66,78876,79,178516
9721,0.001282,172.31.40.0-255,66,78942,79,178516
9722,0.001486,74.125.24.0-255,1484,80426,79,178516
9723,0.001489,74.125.24.0-255,1484,81910,79,178516
9724,0.001495,172.31.40.0-255,66,81976,79,178516
9725,0.001503,74.125.24.0-255,1484,83460,79,178516
9726,0.00151,74.125.24.0-255,5738,89198,79,178516
9727,0.001513,172.31.40.0-255,66,89264,79,178516
9728,0.001518,74.125.24.0-255,4320,93584,79,178516
9729,0.00152,172.31.40.0-255,66,93650,79,178516
9730,0.001537,74.125.24.0-255,4320,97970,79,178516
9731,0.001539,172.31.40.0-255,66,98036,79,178516
9732,0.001609,172.31.40.0-255,66,98102,79,178516
9733,0.001629,74.125.24.0-255,6438,104540,79,178516
9734,0.001632,172.31.40.0-255,66,104606,79,178516
9735,0.001752,74.125.24.0-255,1484,106090,79,178516
9736,0.001757,74.125.24.0-255,1484,107574,79,178516
9737,0.00176,172.31.40.0-255,66,107640,79,178516
9738,0.001779,74.125.24.0-255,1484,109124,79,178516
9739,0.001786,74.125.24.0-255,5738,114862,79,178516
9740,0.001788,74.125.24.0-255,1484,116346,79,178516
9741,0.001792,172.31.40.0-255,66,116412,79,178516
9742,0.001816,172.31.40.0-255,66,116478,79,178516
9743,0.001834,74.125.24.0-255,1484,117962,79,178516
9744,0.001865,172.31.40.0-255,66,118028,79,178516
9745,0.001997,74.125.24.0-255,1484,119512,79,178516
9746,0.002002,74.125.24.0-255,2902,122414,79,178516
9747,0.002007,172.31.40.0-255,66,122480,79,178516
9748,0.002018,74.125.24.0-255,4320,126800,79,178516
9749,0.00202,172.31.40.0-255,66,126866,79,178516
9750,0.002033,74.125.24.0-255,1484,128350,79,178516
9751,0.00204,74.125.24.0-255,5738,134088,79,178516
9752,0.002042,172.31.40.0-255,66,134154,79,178516
9753,0.002062,74.125.24.0-255,1484,135638,79,178516
9754,0.002079,74.125.24.0-255,2184,137822,79,178516
9755,0.002097,172.31.40.0-255,66,137888,79,178516
9756,0.004392,74.125.24.0-255,5738,143626,79,178516
9757,0.0044,172.31.40.0-255,66,143692,79,178516
9758,0.006732,74.125.24.0-255,5738,149430,79,178516
9759,0.006736,172.31.40.0-255,66,149496,79,178516
9760,0.00902,74.125.24.0-255,5738,155234,79,178516
9761,0.009027,172.31.40.0-255,66,155300,79,178516
9762,0.011339,74.125.24.0-255,5738,161038,79,178516
9763,0.011356,172.31.40.0-255,66,161104,79,178516
9764,0.01365,74.125.24.0-255,5738,166842,79,178516
9765,0.013665,172.31.40.0-255,66,166908,79,178516
9766,0.015974,74.125.24.0-255,5738,172646,79,178516
9767,0.015989,172.31.40.0-255,66,172712,79,178516
9768,0.018292,74.125.24.0-255,5738,178450,79,178516
9769,0.018302,172.31.40.0-255,66,178516,79,178516
9770,0.0,216.58.221.0-255,152,152,79,117390
9771,1.8e-05,172.31.40.0-255,66,218,79,117390
9772,2.5e-05,216.58.221.0-255,1484,1702,79,117390
9773,3e-05,172.31.40.0-255,66,1768,79,117390
9774,3.7e-05,216.58.221.0-255,2902,4670,79,117390
9775,4.2e-05,172.31.40.0-255,66,4736,79,117390
9776,4.9e-05,216.58.221.0-255,4320,9056,79,117390
9777,5.1e-05,172.31.40.0-255,66,9122,79,117390
9778,7.3e-05,216.58.221.0-255,4954,14076,79,117390
9779,7.7e-05,172.31.40.0-255,66,14142,79,117390
9780,0.00011,216.58.221.0-255,5738,19880,79,117390
9781,0.000113,172.31.40.0-255,66,19946,79,117390
9782,0.000118,216.58.221.0-255,4320,24266,79,117390
9783,0.000121,172.31.40.0-255,66,24332,79,117390
9784,0.000138,216.58.221.0-255,5738,30070,79,117390
9785,0.000141,172.31.40.0-255,66,30136,79,117390
9786,0.000156,216.58.221.0-255,1125,31261,79,117390
9787,0.000158,172.31.40.0-255,66,31327,79,117390
9788,0.00062,216.58.221.0-255,1484,32811,79,117390
9789,0.000625,172.31.40.0-255,66,32877,79,117390
9790,0.000631,216.58.221.0-255,2902,35779,79,117390
9791,0.000633,172.31.40.0-255,66,35845,79,117390
9792,0.000639,216.58.221.0-255,4320,40165,79,117390
9793,0.000641,172.31.40.0-255,66,40231,79,117390
9794,0.000669,216.58.221.0-255,1484,41715,79,117390
9795,0.000671,172.31.40.0-255,66,41781,79,117390
9796,0.000679,216.58.221.0-255,6797,48578,79,117390
9797,0.000681,172.31.40.0-255,66,48644,79,117390
9798,0.000746,216.58.221.0-255,1484,50128,79,117390
9799,0.00075,172.31.40.0-255,66,50194,79,117390
9800,0.000755,216.58.221.0-255,2902,53096,79,117390
9801,0.000758,172.31.40.0-255,66,53162,79,117390
9802,0.000761,216.58.221.0-255,1484,54646,79,117390
9803,0.000783,216.58.221.0-255,2902,57548,79,117390
9804,0.00081,216.58.221.0-255,5738,63286,79,117390
9805,0.000825,216.58.221.0-255,2872,66158,79,117390
9806,0.000831,172.31.40.0-255,66,66224,79,117390
9807,0.001893,216.58.221.0-255,348,66572,79,117390
9808,0.002762,216.58.221.0-255,4320,70892,79,117390
9809,0.002768,172.31.40.0-255,66,70958,79,117390
9810,0.004705,216.58.221.0-255,5738,76696,79,117390
9811,0.004711,172.31.40.0-255,66,76762,79,117390
9812,0.006671,216.58.221.0-255,5738,82500,79,117390
9813,0.006686,172.31.40.0-255,66,82566,79,117390
9814,0.008631,216.58.221.0-255,5738,88304,79,117390
9815,0.008643,172.31.40.0-255,66,88370,79,117390
9816,0.01058,216.58.221.0-255,5738,94108,79,117390
9817,0.010589,172.31.40.0-255,66,94174,79,117390
9818,0.012532,216.58.221.0-255,5738,99912,79,117390
9819,0.012543,172.31.40.0-255,66,99978,79,117390
9820,0.014486,216.58.221.0-255,5738,105716,79,117390
9821,0.014496,172.31.40.0-255,66,105782,79,117390
9822,0.016448,216.58.221.0-255,5738,111520,79,117390
9823,0.016923,172.31.40.0-255,66,111586,79,117390
9824,0.018865,216.58.221.0-255,5738,117324,79,117390
9825,0.018873,172.31.40.0-255,66,117390,79,117390
9826,0.0,74.125.24.0-255,146,146,79,152214
9827,2.3e-05,172.31.40.0-255,66,212,79,152214
9828,3e-05,74.125.24.0-255,1484,1696,79,152214
9829,3.4e-05,172.31.40.0-255,66,1762,79,152214
9830,4.1e-05,74.125.24.0-255,2902,4664,79,152214
9831,4.4e-05,172.31.40.0-255,66,4730,79,152214
9832,5.2e-05,74.125.24.0-255,7156,11886,79,152214
9833,5.5e-05,172.31.40.0-255,66,11952,79,152214
9834,6e-05,74.125.24.0-255,2004,13956,79,152214
9835,6.3e-05,172.31.40.0-255,66,14022,79,152214
9836,0.000138,74.125.24.0-255,1484,15506,79,152214
9837,0.000141,172.31.40.0-255,66,15572,79,152214
9838,0.000146,74.125.24.0-255,2902,18474,79,152214
9839,0.000149,172.31.40.0-255,66,18540,79,152214
9840,0.000153,74.125.24.0-255,2902,21442,79,152214
9841,0.000156,172.31.40.0-255,66,21508,79,152214
9842,0.000191,74.125.24.0-255,7156,28664,79,152214
9843,0.000193,172.31.40.0-255,66,28730,79,152214
9844,0.000197,74.125.24.0-255,1484,30214,79,152214
9845,0.000199,172.31.40.0-255,66,30280,79,152214
9846,0.000224,172.31.40.0-255,66,30346,79,152214
9847,0.00024,74.125.24.0-255,2543,32889,79,152214
9848,0.000242,172.31.40.0-255,66,32955,79,152214
9849,0.000257,74.125.24.0-255,4320,37275,79,152214
9850,0.000259,172.31.40.0-255,66,37341,79,152214
9851,0.000295,172.31.40.0-255,66,37407,79,152214
9852,0.00031,74.125.24.0-255,2902,40309,79,152214
9853,0.000312,172.31.40.0-255,66,40375,79,152214
9854,0.000331,74.125.24.0-255,7102,47477,79,152214
9855,0.000334,172.31.40.0-255,66,47543,79,152214
9856,0.000336,74.125.24.0-255,381,47924,79,152214
9857,0.000575,74.125.24.0-255,1484,49408,79,152214
9858,0.000579,172.31.40.0-255,66,49474,79,152214
9859,0.000602,74.125.24.0-255,2902,52376,79,152214
9860,0.000606,172.31.40.0-255,66,52442,79,152214
9861,0.000613,74.125.24.0-255,5738,58180,79,152214
9862,0.000615,172.31.40.0-255,66,58246,79,152214
9863,0.000668,172.31.40.0-255,66,58312,79,152214
9864,0.000672,74.125.24.0-255,1484,59796,79,152214
9865,0.000687,74.125.24.0-255,2902,62698,79,152214
9866,0.00069,172.31.40.0-255,66,62764,79,152214
9867,0.000711,74.125.24.0-255,6438,69202,79,152214
9868,0.000715,172.31.40.0-255,66,69268,79,152214
9869,0.001754,74.125.24.0-255,1484,70752,79,152214
9870,0.001764,74.125.24.0-255,2902,73654,79,152214
9871,0.001769,172.31.40.0-255,66,73720,79,152214
9872,0.001777,74.125.24.0-255,5738,79458,79,152214
9873,0.001779,172.31.40.0-255,66,79524,79,152214
9874,0.001782,74.125.24.0-255,1484,81008,79,152214
9875,0.001816,172.31.40.0-255,66,81074,79,152214
9876,0.001835,74.125.24.0-255,1484,82558,79,152214
9877,0.00185,74.125.24.0-255,4320,86878,79,152214
9878,0.001852,172.31.40.0-255,66,86944,79,152214
9879,0.001875,172.31.40.0-255,66,87010,79,152214
9880,0.001891,172.31.40.0-255,66,87076,79,152214
9881,0.001906,74.125.24.0-255,1484,88560,79,152214
9882,0.001909,74.125.24.0-255,1484,90044,79,152214
9883,0.001911,172.31.40.0-255,66,90110,79,152214
9884,0.001943,172.31.40.0-255,66,90176,79,152214
9885,0.001946,74.125.24.0-255,1484,91660,79,152214
9886,0.001959,74.125.24.0-255,2902,94562,79,152214
9887,0.001961,172.31.40.0-255,66,94628,79,152214
9888,0.001987,74.125.24.0-255,5738,100366,79,152214
9889,0.00199,172.31.40.0-255,66,100432,79,152214
9890,0.002002,172.31.40.0-255,66,100498,79,152214
9891,0.00204,74.125.24.0-255,5738,106236,79,152214
9892,0.002043,172.31.40.0-255,66,106302,79,152214
9893,0.002067,74.125.24.0-255,6438,112740,79,152214
9894,0.002069,172.31.40.0-255,66,112806,79,152214
9895,0.004419,74.125.24.0-255,4320,117126,79,152214
9896,0.004427,172.31.40.0-255,66,117192,79,152214
9897,0.004446,74.125.24.0-255,1484,118676,79,152214
9898,0.006747,74.125.24.0-255,1484,120160,79,152214
9899,0.006751,172.31.40.0-255,66,120226,79,152214
9900,0.006769,74.125.24.0-255,2902,123128,79,152214
9901,0.006771,172.31.40.0-255,66,123194,79,152214
9902,0.009104,74.125.24.0-255,5738,128932,79,152214
9903,0.009112,172.31.40.0-255,66,128998,79,152214
9904,0.011453,74.125.24.0-255,5738,134736,79,152214
9905,0.011462,172.31.40.0-255,66,134802,79,152214
9906,0.013814,74.125.24.0-255,5738,140540,79,152214
9907,0.013821,172.31.40.0-255,66,140606,79,152214
9908,0.016151,74.125.24.0-255,5738,146344,79,152214
9909,0.016159,172.31.40.0-255,66,146410,79,152214
9910,0.018492,74.125.24.0-255,5738,152148,79,152214
9911,0.0185,172.31.40.0-255,66,152214,79,152214
9912,0.0,172.31.40.0-255,105,105,79,276
9913,0.001763,157.240.24.0-255,105,210,79,276
9914,0.001778,172.31.40.0-255,66,276,79,276
9915,0.0,172.253.118.0-255,152,152,79,112197
9916,1.6e-05,172.31.40.0-255,66,218,79,112197
9917,2.3e-05,172.253.118.0-255,1484,1702,79,112197
9918,2.7e-05,172.31.40.0-255,66,1768,79,112197
9919,3.3e-05,172.253.118.0-255,2902,4670,79,112197
9920,4.4e-05,172.31.40.0-255,66,4736,79,112197
9921,5.1e-05,172.253.118.0-255,5738,10474,79,112197
9922,5.4e-05,172.31.40.0-255,66,10540,79,112197
9923,8.7e-05,172.253.118.0-255,4320,14860,79,112197
9924,9e-05,172.31.40.0-255,66,14926,79,112197
9925,0.000128,172.253.118.0-255,6257,21183,79,112197
9926,0.000131,172.31.40.0-255,66,21249,79,112197
9927,0.000135,172.253.118.0-255,2902,24151,79,112197
9928,0.000138,172.31.40.0-255,66,24217,79,112197
9929,0.000164,172.253.118.0-255,6797,31014,79,112197
9930,0.000167,172.31.40.0-255,66,31080,79,112197
9931,0.000379,172.253.118.0-255,1484,32564,79,112197
9932,0.000384,172.31.40.0-255,66,32630,79,112197
9933,0.00039,172.253.118.0-255,2902,35532,79,112197
9934,0.000392,172.31.40.0-255,66,35598,79,112197
9935,0.000396,172.253.118.0-255,1484,37082,79,112197
9936,0.000404,172.31.40.0-255,66,37148,79,112197
9937,0.00043,172.253.118.0-255,1484,38632,79,112197
9938,0.000433,172.31.40.0-255,66,38698,79,112197
9939,0.000438,172.253.118.0-255,4320,43018,79,112197
9940,0.000441,172.31.40.0-255,66,43084,79,112197
9941,0.000443,172.253.118.0-255,1484,44568,79,112197
9942,0.000445,172.31.40.0-255,66,44634,79,112197
9943,0.000493,172.31.40.0-255,66,44700,79,112197
9944,0.000505,172.31.40.0-255,66,44766,79,112197
9945,0.000509,172.253.118.0-255,2543,47309,79,112197
9946,0.000511,172.31.40.0-255,66,47375,79,112197
9947,0.001149,172.253.118.0-255,648,48023,79,112197
9948,0.001329,172.253.118.0-255,1484,49507,79,112197
9949,0.001335,172.31.40.0-255,66,49573,79,112197
9950,0.001341,172.253.118.0-255,1484,51057,79,112197
9951,0.001362,172.253.118.0-255,1484,52541,79,112197
9952,0.001364,172.31.40.0-255,66,52607,79,112197
9953,0.001371,172.253.118.0-255,4320,56927,79,112197
9954,0.001372,172.31.40.0-255,66,56993,79,112197
9955,0.001375,172.253.118.0-255,1484,58477,79,112197
9956,0.001406,172.253.118.0-255,7156,65633,79,112197
9957,0.001409,172.31.40.0-255,66,65699,79,112197
9958,0.001453,172.31.40.0-255,66,65765,79,112197
9959,0.003525,172.253.118.0-255,5738,71503,79,112197
9960,0.003532,172.31.40.0-255,66,71569,79,112197
9961,0.005607,172.253.118.0-255,5738,77307,79,112197
9962,0.005614,172.31.40.0-255,66,77373,79,112197
9963,0.007703,172.253.118.0-255,5738,83111,79,112197
9964,0.00771,172.31.40.0-255,66,83177,79,112197
9965,0.009792,172.253.118.0-255,5738,88915,79,112197
9966,0.0098,172.31.40.0-255,66,88981,79,112197
9967,0.011873,172.253.118.0-255,5738,94719,79,112197
9968,0.011881,172.31.40.0-255,66,94785,79,112197
9969,0.013962,172.253.118.0-255,5738,100523,79,112197
9970,0.01397,172.31.40.0-255,66,100589,79,112197
9971,0.016037,172.253.118.0-255,5738,106327,79,112197
9972,0.016045,172.31.40.0-255,66,106393,79,112197
9973,0.018113,172.253.118.0-255,5738,112131,79,112197
9974,0.018121,172.31.40.0-255,66,112197,79,112197
9975,0.0,74.125.130.0-255,150,150,79,186637
9976,2.2e-05,172.31.40.0-255,66,216,79,186637
9977,3e-05,74.125.130.0-255,1484,1700,79,186637
9978,3.3e-05,172.31.40.0-255,66,1766,79,186637
9979,3.9e-05,74.125.130.0-255,2902,4668,79,186637
9980,4.2e-05,172.31.40.0-255,66,4734,79,186637
9981,4.7e-05,74.125.130.0-255,4320,9054,79,186637
9982,5e-05,172.31.40.0-255,66,9120,79,186637
9983,8.8e-05,74.125.130.0-255,4992,14112,79,186637
9984,9.1e-05,172.31.40.0-255,66,14178,79,186637
9985,0.000147,74.125.130.0-255,5738,19916,79,186637
9986,0.00015,172.31.40.0-255,66,19982,79,186637
9987,0.000209,74.125.130.0-255,1484,21466,79,186637
9988,0.000213,172.31.40.0-255,66,21532,79,186637
9989,0.000232,74.125.130.0-255,1484,23016,79,186637
9990,0.000235,172.31.40.0-255,66,23082,79,186637
9991,0.000257,74.125.130.0-255,4320,27402,79,186637
9992,0.00026,172.31.40.0-255,66,27468,79,186637
9993,0.000299,74.125.130.0-255,3961,31429,79,186637
9994,0.000302,172.31.40.0-255,66,31495,79,186637
9995,0.000408,74.125.130.0-255,1484,32979,79,186637
9996,0.000412,172.31.40.0-255,66,33045,79,186637
9997,0.000434,74.125.130.0-255,2902,35947,79,186637
9998,0.000437,172.31.40.0-255,66,36013,79,186637
9999,0.000443,74.125.130.0-255,4320,40333,79,186637
10000,0.000445,172.31.40.0-255,66,40399,79,186637
10001,0.00047,74.125.130.0-255,1484,41883,79,186637
10002,0.000472,172.31.40.0-255,66,41949,79,186637
10003,0.000521,74.125.130.0-255,6797,48746,79,186637
10004,0.000524,172.31.40.0-255,66,48812,79,186637
10005,0.000597,74.125.130.0-255,1484,50296,79,186637
10006,0.0006,172.31.40.0-255,66,50362,79,186637
10007,0.000614,74.125.130.0-255,1484,51846,79,186637
10008,0.000646,172.31.40.0-255,66,51912,79,186637
10009,0.000746,74.125.130.0-255,5630,57542,79,186637
10010,0.000757,172.31.40.0-255,66,57608,79,186637
10011,0.000774,74.125.130.0-255,435,58043,79,186637
10012,0.000821,74.125.130.0-255,1484,59527,79,186637
10013,0.000828,172.31.40.0-255,66,59593,79,186637
10014,0.000843,74.125.130.0-255,7156,66749,79,186637
10015,0.000877,172.31.40.0-255,66,66815,79,186637
10016,0.000909,74.125.130.0-255,2902,69717,79,186637
10017,0.00092,172.31.40.0-255,66,69783,79,186637
10018,0.000958,172.31.40.0-255,66,69849,79,186637
10019,0.001063,74.125.130.0-255,5738,75587,79,186637
10020,0.001067,172.31.40.0-255,66,75653,79,186637
10021,0.001093,74.125.130.0-255,7156,82809,79,186637
10022,0.0011,172.31.40.0-255,66,82875,79,186637
10023,0.001196,74.125.130.0-255,766,83641,79,186637
10024,0.001226,74.125.130.0-255,2902,86543,79,186637
10025,0.00123,172.31.40.0-255,66,86609,79,186637
10026,0.001261,74.125.130.0-255,2902,89511,79,186637
10027,0.001277,74.125.130.0-255,2902,92413,79,186637
10028,0.001284,172.31.40.0-255,66,92479,79,186637
10029,0.001368,74.125.130.0-255,5738,98217,79,186637
10030,0.001383,74.125.130.0-255,7156,105373,79,186637
10031,0.001395,172.31.40.0-255,66,105439,79,186637
10032,0.001489,74.125.130.0-255,5738,111177,79,186637
10033,0.001502,74.125.130.0-255,4320,115497,79,186637
10034,0.001515,74.125.130.0-255,2184,117681,79,186637
10035,0.001517,172.31.40.0-255,66,117747,79,186637
10036,0.001522,172.31.40.0-255,66,117813,79,186637
10037,0.001628,74.125.130.0-255,1484,119297,79,186637
10038,0.001644,74.125.130.0-255,2902,122199,79,186637
10039,0.001647,172.31.40.0-255,66,122265,79,186637
10040,0.001694,74.125.130.0-255,4320,126585,79,186637
10041,0.001698,172.31.40.0-255,66,126651,79,186637
10042,0.001708,74.125.130.0-255,5738,132389,79,186637
10043,0.001712,172.31.40.0-255,66,132455,79,186637
10044,0.001723,74.125.130.0-255,5738,138193,79,186637
10045,0.001738,74.125.130.0-255,2902,141095,79,186637
10046,0.001746,172.31.40.0-255,66,141161,79,186637
10047,0.001914,74.125.130.0-255,1484,142645,79,186637
10048,0.001928,74.125.130.0-255,2902,145547,79,186637
10049,0.001931,172.31.40.0-255,66,145613,79,186637
10050,0.001966,172.31.40.0-255,66,145679,79,186637
10051,0.002154,74.125.130.0-255,5738,151417,79,186637
10052,0.002159,172.31.40.0-255,66,151483,79,186637
10053,0.002204,172.31.40.0-255,66,151549,79,186637
10054,0.002475,172.31.40.0-255,66,151615,79,186637
10055,0.002493,74.125.130.0-255,2902,154517,79,186637
10056,0.002509,172.31.40.0-255,66,154583,79,186637
10057,0.004463,74.125.130.0-255,2902,157485,79,186637
10058,0.004469,172.31.40.0-255,66,157551,79,186637
10059,0.004503,74.125.130.0-255,2902,160453,79,186637
10060,0.006453,74.125.130.0-255,2902,163355,79,186637
10061,0.008296,172.31.40.0-255,66,163421,79,186637
10062,0.010284,74.125.130.0-255,5738,169159,79,186637
10063,0.010293,172.31.40.0-255,66,169225,79,186637
10064,0.012281,74.125.130.0-255,5738,174963,79,186637
10065,0.014079,172.31.40.0-255,66,175029,79,186637
10066,0.016072,74.125.130.0-255,5738,180767,79,186637
10067,0.01608,172.31.40.0-255,66,180833,79,186637
10068,0.018073,74.125.130.0-255,5738,186571,79,186637
10069,0.018081,172.31.40.0-255,66,186637,79,186637
10070,0.0,172.217.194.0-255,329,329,79,200507
10071,2.4e-05,172.31.40.0-255,66,395,79,200507
10072,3.1e-05,172.217.194.0-255,1484,1879,79,200507
10073,3.5e-05,172.31.40.0-255,66,1945,79,200507
10074,4.9e-05,172.217.194.0-255,4320,6265,79,200507
10075,5.2e-05,172.31.40.0-255,66,6331,79,200507
10076,8.9e-05,172.31.40.0-255,66,6397,79,200507
10077,0.000109,172.217.194.0-255,1484,7881,79,200507
10078,0.000112,172.31.40.0-255,66,7947,79,200507
10079,0.000149,172.217.194.0-255,7156,15103,79,200507
10080,0.000151,172.31.40.0-255,66,15169,79,200507
10081,0.000158,172.217.194.0-255,5738,20907,79,200507
10082,0.00016,172.31.40.0-255,66,20973,79,200507
10083,0.000176,172.217.194.0-255,2543,23516,79,200507
10084,0.000183,172.31.40.0-255,66,23582,79,200507
10085,0.000188,172.217.194.0-255,2902,26484,79,200507
10086,0.00019,172.31.40.0-255,66,26550,79,200507
10087,0.000195,172.217.194.0-255,2902,29452,79,200507
10088,0.000197,172.31.40.0-255,66,29518,79,200507
10089,0.000225,172.217.194.0-255,4320,33838,79,200507
10090,0.000227,172.31.40.0-255,66,33904,79,200507
10091,0.000232,172.217.194.0-255,2902,36806,79,200507
10092,0.000234,172.31.40.0-255,66,36872,79,200507
10093,0.000261,172.217.194.0-255,3961,40833,79,200507
10094,0.000264,172.31.40.0-255,66,40899,79,200507
10095,0.000469,172.217.194.0-255,1484,42383,79,200507
10096,0.000475,172.31.40.0-255,66,42449,79,200507
10097,0.000482,172.217.194.0-255,2902,45351,79,200507
10098,0.000485,172.31.40.0-255,66,45417,79,200507
10099,0.000488,172.217.194.0-255,1484,46901,79,200507
10100,0.00049,172.31.40.0-255,66,46967,79,200507
10101,0.000508,172.217.194.0-255,4320,51287,79,200507
10102,0.000514,172.31.40.0-255,66,51353,79,200507
10103,0.000532,172.217.194.0-255,2902,54255,79,200507
10104,0.000535,172.31.40.0-255,66,54321,79,200507
10105,0.000576,172.217.194.0-255,4543,58864,79,200507
10106,0.00058,172.31.40.0-255,66,58930,79,200507
10107,0.00059,172.31.40.0-255,66,58996,79,200507
10108,0.0006,172.31.40.0-255,66,59062,79,200507
10109,0.000651,172.31.40.0-255,66,59128,79,200507
10110,0.000683,172.31.40.0-255,66,59194,79,200507
10111,0.000686,172.217.194.0-255,1484,60678,79,200507
10112,0.000692,172.217.194.0-255,2902,63580,79,200507
10113,0.000694,172.31.40.0-255,66,63646,79,200507
10114,0.000728,172.217.194.0-255,5738,69384,79,200507
10115,0.00073,172.31.40.0-255,66,69450,79,200507
10116,0.000744,172.31.40.0-255,66,69516,79,200507
10117,0.000749,172.217.194.0-255,4320,73836,79,200507
10118,0.000751,172.31.40.0-255,66,73902,79,200507
10119,0.000787,172.217.194.0-255,1484,75386,79,200507
10120,0.000802,172.217.194.0-255,5020,80406,79,200507
10121,0.000804,172.31.40.0-255,66,80472,79,200507
10122,0.000827,172.217.194.0-255,7156,87628,79,200507
10123,0.00083,172.31.40.0-255,66,87694,79,200507
10124,0.000898,172.31.40.0-255,66,87760,79,200507
10125,0.000915,172.31.40.0-255,66,87826,79,200507
10126,0.001027,172.217.194.0-255,1484,89310,79,200507
10127,0.00104,172.217.194.0-255,2902,92212,79,200507
10128,0.001042,172.31.40.0-255,66,92278,79,200507
10129,0.001071,172.217.194.0-255,5738,98016,79,200507
10130,0.001074,172.31.40.0-255,66,98082,79,200507
10131,0.001081,172.217.194.0-255,7156,105238,79,200507
10132,0.001084,172.31.40.0-255,66,105304,79,200507
10133,0.001109,172.217.194.0-255,5738,111042,79,200507
10134,0.001111,172.31.40.0-255,66,111108,79,200507
10135,0.001124,172.31.40.0-255,66,111174,79,200507
10136,0.001162,172.31.40.0-255,66,111240,79,200507
10137,0.001165,172.217.194.0-255,1484,112724,79,200507
10138,0.001203,172.31.40.0-255,66,112790,79,200507
10139,0.001218,172.31.40.0-255,66,112856,79,200507
10140,0.001274,172.217.194.0-255,1484,114340,79,200507
10141,0.001288,172.217.194.0-255,2902,117242,79,200507
10142,0.00129,172.31.40.0-255,66,117308,79,200507
10143,0.001294,172.217.194.0-255,1484,118792,79,200507
10144,0.001323,172.217.194.0-255,4320,123112,79,200507
10145,0.001326,172.31.40.0-255,66,123178,79,200507
10146,0.001344,172.31.40.0-255,66,123244,79,200507
10147,0.00135,172.217.194.0-255,4320,127564,79,200507
10148,0.001352,172.31.40.0-255,66,127630,79,200507
10149,0.001381,172.217.194.0-255,6438,134068,79,200507
10150,0.001384,172.31.40.0-255,66,134134,79,200507
10151,0.001431,172.31.40.0-255,66,134200,79,200507
10152,0.001444,172.31.40.0-255,66,134266,79,200507
10153,0.001449,172.217.194.0-255,2902,137168,79,200507
10154,0.001451,172.31.40.0-255,66,137234,79,200507
10155,0.001482,172.217.194.0-255,6438,143672,79,200507
10156,0.001486,172.31.40.0-255,66,143738,79,200507
10157,0.001702,172.217.194.0-255,1484,145222,79,200507
10158,0.001718,172.217.194.0-255,2902,148124,79,200507
10159,0.001721,172.31.40.0-255,66,148190,79,200507
10160,0.001725,172.217.194.0-255,1484,149674,79,200507
10161,0.001753,172.217.194.0-255,4320,153994,79,200507
10162,0.001756,172.31.40.0-255,66,154060,79,200507
10163,0.001767,172.31.40.0-255,66,154126,79,200507
10164,0.001857,172.31.40.0-255,66,154192,79,200507
10165,0.001878,172.217.194.0-255,3602,157794,79,200507
10166,0.00188,172.31.40.0-255,66,157860,79,200507
10167,0.001884,172.217.194.0-255,1484,159344,79,200507
10168,0.001888,172.217.194.0-255,2902,162246,79,200507
10169,0.001891,172.31.40.0-255,66,162312,79,200507
10170,0.001895,172.217.194.0-255,2902,165214,79,200507
10171,0.001898,172.31.40.0-255,66,165280,79,200507
10172,0.001923,172.217.194.0-255,2902,168182,79,200507
10173,0.001926,172.31.40.0-255,66,168248,79,200507
10174,0.001933,172.217.194.0-255,7156,175404,79,200507
10175,0.001935,172.31.40.0-255,66,175470,79,200507
10176,0.001942,172.217.194.0-255,5738,181208,79,200507
10177,0.001944,172.31.40.0-255,66,181274,79,200507
10178,0.001983,172.31.40.0-255,66,181340,79,200507
10179,0.001988,172.217.194.0-255,2184,183524,79,200507
10180,0.00199,172.31.40.0-255,66,183590,79,200507
10181,0.002022,172.31.40.0-255,66,183656,79,200507
10182,0.002049,172.217.194.0-255,5738,189394,79,200507
10183,0.002057,172.31.40.0-255,66,189460,79,200507
10184,0.002074,172.31.40.0-255,66,189526,79,200507
10185,0.002088,172.31.40.0-255,66,189592,79,200507
10186,0.002112,172.217.194.0-255,4320,193912,79,200507
10187,0.002115,172.31.40.0-255,66,193978,79,200507
10188,0.002142,172.217.194.0-255,6121,200099,79,200507
10189,0.002145,172.31.40.0-255,66,200165,79,200507
10190,0.002149,172.217.194.0-255,105,200270,79,200507
10191,0.017593,172.31.40.0-255,66,200336,79,200507
10192,0.017645,172.31.40.0-255,105,200441,79,200507
10193,0.019936,172.217.194.0-255,66,200507,79,200507
10194,0.0,172.217.194.0-255,146,146,79,122536
10195,2.3e-05,172.31.40.0-255,66,212,79,122536
10196,2.9e-05,172.217.194.0-255,1484,1696,79,122536
10197,3.4e-05,172.31.40.0-255,66,1762,79,122536
10198,4e-05,172.217.194.0-255,2902,4664,79,122536
10199,5e-05,172.31.40.0-255,66,4730,79,122536
10200,5.5e-05,172.217.194.0-255,4320,9050,79,122536
10201,5.7e-05,172.31.40.0-255,66,9116,79,122536
10202,7.3e-05,172.217.194.0-255,1484,10600,79,122536
10203,7.5e-05,172.31.40.0-255,66,10666,79,122536
10204,0.000111,172.31.40.0-255,66,10732,79,122536
10205,0.000114,172.217.194.0-255,2902,13634,79,122536
10206,0.000116,172.31.40.0-255,66,13700,79,122536
10207,0.000119,172.217.194.0-255,1484,15184,79,122536
10208,0.000121,172.31.40.0-255,66,15250,79,122536
10209,0.000159,172.217.194.0-255,5379,20629,79,122536
10210,0.000162,172.31.40.0-255,66,20695,79,122536
10211,0.000201,172.217.194.0-255,1484,22179,79,122536
10212,0.000203,172.31.40.0-255,66,22245,79,122536
10213,0.000216,172.217.194.0-255,2902,25147,79,122536
10214,0.000222,172.31.40.0-255,66,25213,79,122536
10215,0.000225,172.217.194.0-255,1484,26697,79,122536
10216,0.000227,172.31.40.0-255,66,26763,79,122536
10217,0.000232,172.217.194.0-255,2902,29665,79,122536
10218,0.000235,172.31.40.0-255,66,29731,79,122536
10219,0.000272,172.217.194.0-255,5738,35469,79,122536
10220,0.000275,172.31.40.0-255,66,35535,79,122536
10221,0.000278,172.217.194.0-255,1484,37019,79,122536
10222,0.00028,172.31.40.0-255,66,37085,79,122536
10223,0.000314,172.31.40.0-255,66,37151,79,122536
10224,0.00035,172.31.40.0-255,66,37217,79,122536
10225,0.000353,172.217.194.0-255,394,37611,79,122536
10226,0.000478,172.217.194.0-255,381,37992,79,122536
10227,0.00082,172.217.194.0-255,1484,39476,79,122536
10228,0.000825,172.31.40.0-255,66,39542,79,122536
10229,0.000831,172.217.194.0-255,2902,42444,79,122536
10230,0.000834,172.31.40.0-255,66,42510,79,122536
10231,0.000837,172.217.194.0-255,1484,43994,79,122536
10232,0.000872,172.217.194.0-255,4320,48314,79,122536
10233,0.000875,172.31.40.0-255,66,48380,79,122536
10234,0.000896,172.31.40.0-255,66,48446,79,122536
10235,0.000904,172.217.194.0-255,7156,55602,79,122536
10236,0.000907,172.31.40.0-255,66,55668,79,122536
10237,0.000939,172.217.194.0-255,3602,59270,79,122536
10238,0.000943,172.31.40.0-255,66,59336,79,122536
10239,0.001222,172.217.194.0-255,1484,60820,79,122536
10240,0.001228,172.217.194.0-255,2902,63722,79,122536
10241,0.001231,172.31.40.0-255,66,63788,79,122536
10242,0.001253,172.217.194.0-255,5738,69526,79,122536
10243,0.001255,172.31.40.0-255,66,69592,79,122536
10244,0.00127,172.217.194.0-255,4320,73912,79,122536
10245,0.001276,172.31.40.0-255,66,73978,79,122536
10246,0.001315,172.31.40.0-255,66,74044,79,122536
10247,0.001319,172.31.40.0-255,66,74110,79,122536
10248,0.001324,172.217.194.0-255,2184,76294,79,122536
10249,0.00133,172.31.40.0-255,66,76360,79,122536
10250,0.002565,172.217.194.0-255,1484,77844,79,122536
10251,0.002577,172.217.194.0-255,2902,80746,79,122536
10252,0.002581,172.31.40.0-255,66,80812,79,122536
10253,0.00259,172.217.194.0-255,5738,86550,79,122536
10254,0.002592,172.31.40.0-255,66,86616,79,122536
10255,0.002623,172.31.40.0-255,66,86682,79,122536
10256,0.002651,172.217.194.0-255,1484,88166,79,122536
10257,0.002663,172.31.40.0-255,66,88232,79,122536
10258,0.002666,172.217.194.0-255,766,88998,79,122536
10259,0.005059,172.31.40.0-255,66,89064,79,122536
10260,0.005289,172.217.194.0-255,4320,93384,79,122536
10261,0.005293,172.31.40.0-255,66,93450,79,122536
10262,0.00769,172.217.194.0-255,1484,94934,79,122536
10263,0.007932,172.217.194.0-255,4320,99254,79,122536
10264,0.007938,172.31.40.0-255,66,99320,79,122536
10265,0.010562,172.217.194.0-255,5738,105058,79,122536
10266,0.01057,172.31.40.0-255,66,105124,79,122536
10267,0.013215,172.217.194.0-255,5738,110862,79,122536
10268,0.013223,172.31.40.0-255,66,110928,79,122536
10269,0.015909,172.217.194.0-255,5738,116666,79,122536
10270,0.015917,172.31.40.0-255,66,116732,79,122536
10271,0.018601,172.217.194.0-255,5738,122470,79,122536
10272,0.018613,172.31.40.0-255,66,122536,79,122536
10273,0.0,74.125.68.0-255,153,153,79,276654
10274,1.9e-05,172.31.40.0-255,66,219,79,276654
10275,2.5e-05,74.125.68.0-255,1484,1703,79,276654
10276,3e-05,172.31.40.0-255,66,1769,79,276654
10277,3.6e-05,74.125.68.0-255,2902,4671,79,276654
10278,4e-05,172.31.40.0-255,66,4737,79,276654
10279,4.3e-05,74.125.68.0-255,1484,6221,79,276654
10280,4.6e-05,172.31.40.0-255,66,6287,79,276654
10281,5.2e-05,74.125.68.0-255,2902,9189,79,276654
10282,5.4e-05,172.31.40.0-255,66,9255,79,276654
10283,9.5e-05,74.125.68.0-255,4970,14225,79,276654
10284,9.9e-05,172.31.40.0-255,66,14291,79,276654
10285,0.000249,74.125.68.0-255,1484,15775,79,276654
10286,0.000254,172.31.40.0-255,66,15841,79,276654
10287,0.000282,74.125.68.0-255,1484,17325,79,276654
10288,0.000284,172.31.40.0-255,66,17391,79,276654
10289,0.000297,74.125.68.0-255,2902,20293,79,276654
10290,0.0003,172.31.40.0-255,66,20359,79,276654
10291,0.000327,74.125.68.0-255,5738,26097,79,276654
10292,0.00033,172.31.40.0-255,66,26163,79,276654
10293,0.000336,74.125.68.0-255,5379,31542,79,276654
10294,0.000338,172.31.40.0-255,66,31608,79,276654
10295,0.000367,74.125.68.0-255,1484,33092,79,276654
10296,0.00037,172.31.40.0-255,66,33158,79,276654
10297,0.000391,74.125.68.0-255,4320,37478,79,276654
10298,0.000394,172.31.40.0-255,66,37544,79,276654
10299,0.000398,74.125.68.0-255,2902,40446,79,276654
10300,0.0004,172.31.40.0-255,66,40512,79,276654
10301,0.000406,74.125.68.0-255,4320,44832,79,276654
10302,0.000408,172.31.40.0-255,66,44898,79,276654
10303,0.000428,74.125.68.0-255,1484,46382,79,276654
10304,0.00043,172.31.40.0-255,66,46448,79,276654
10305,0.000443,74.125.68.0-255,2902,49350,79,276654
10306,0.000446,172.31.40.0-255,66,49416,79,276654
10307,0.000471,74.125.68.0-255,5738,55154,79,276654
10308,0.000473,172.31.40.0-255,66,55220,79,276654
10309,0.000504,74.125.68.0-255,7156,62376,79,276654
10310,0.000507,172.31.40.0-255,66,62442,79,276654
10311,0.000539,74.125.68.0-255,3602,66044,79,276654
10312,0.000541,172.31.40.0-255,66,66110,79,276654
10313,0.000567,74.125.68.0-255,364,66474,79,276654
10314,0.000606,74.125.68.0-255,135,66609,79,276654
10315,0.000743,74.125.68.0-255,1484,68093,79,276654
10316,0.000748,172.31.40.0-255,66,68159,79,276654
10317,0.000752,74.125.68.0-255,1484,69643,79,276654
10318,0.000766,74.125.68.0-255,1484,71127,79,276654
10319,0.000768,172.31.40.0-255,66,71193,79,276654
10320,0.000773,74.125.68.0-255,2902,74095,79,276654
10321,0.000775,172.31.40.0-255,66,74161,79,276654
10322,0.0008,74.125.68.0-255,2902,77063,79,276654
10323,0.000803,172.31.40.0-255,66,77129,79,276654
10324,0.000807,74.125.68.0-255,2902,80031,79,276654
10325,0.000809,172.31.40.0-255,66,80097,79,276654
10326,0.000814,74.125.68.0-255,4320,84417,79,276654
10327,0.000816,172.31.40.0-255,66,84483,79,276654
10328,0.000877,172.31.40.0-255,66,84549,79,276654
10329,0.000905,172.31.40.0-255,66,84615,79,276654
10330,0.000942,74.125.68.0-255,1484,86099,79,276654
10331,0.000956,74.125.68.0-255,2902,89001,79,276654
10332,0.000958,172.31.40.0-255,66,89067,79,276654
10333,0.000981,74.125.68.0-255,5738,94805,79,276654
10334,0.000984,172.31.40.0-255,66,94871,79,276654
10335,0.001021,74.125.68.0-255,4320,99191,79,276654
10336,0.001024,172.31.40.0-255,66,99257,79,276654
10337,0.001044,74.125.68.0-255,5738,104995,79,276654
10338,0.001047,74.125.68.0-255,1484,106479,79,276654
10339,0.001051,74.125.68.0-255,1484,107963,79,276654
10340,0.001062,74.125.68.0-255,1484,109447,79,276654
10341,0.001066,74.125.68.0-255,1484,110931,79,276654
10342,0.001084,74.125.68.0-255,4320,115251,79,276654
10343,0.00109,172.31.40.0-255,66,115317,79,276654
10344,0.001099,74.125.68.0-255,1484,116801,79,276654
10345,0.001115,74.125.68.0-255,2184,118985,79,276654
10346,0.001121,74.125.68.0-255,4320,123305,79,276654
10347,0.001135,172.31.40.0-255,66,123371,79,276654
10348,0.001147,74.125.68.0-255,1484,124855,79,276654
10349,0.001173,74.125.68.0-255,1484,126339,79,276654
10350,0.001189,74.125.68.0-255,5738,132077,79,276654
10351,0.001197,172.31.40.0-255,66,132143,79,276654
10352,0.001211,74.125.68.0-255,4320,136463,79,276654
10353,0.001239,172.31.40.0-255,66,136529,79,276654
10354,0.001265,74.125.68.0-255,1484,138013,79,276654
10355,0.001285,74.125.68.0-255,2902,140915,79,276654
10356,0.001289,172.31.40.0-255,66,140981,79,276654
10357,0.001312,74.125.68.0-255,5738,146719,79,276654
10358,0.001316,74.125.68.0-255,2902,149621,79,276654
10359,0.001321,74.125.68.0-255,4320,153941,79,276654
10360,0.001328,172.31.40.0-255,66,154007,79,276654
10361,0.001359,74.125.68.0-255,2902,156909,79,276654
10362,0.001368,172.31.40.0-255,66,156975,79,276654
10363,0.001375,74.125.68.0-255,1484,158459,79,276654
10364,0.001403,74.125.68.0-255,3602,162061,79,276654
10365,0.001415,172.31.40.0-255,66,162127,79,276654
10366,0.00146,74.125.68.0-255,1484,163611,79,276654
10367,0.001473,74.125.68.0-255,2902,166513,79,276654
10368,0.00148,172.31.40.0-255,66,166579,79,276654
10369,0.001489,74.125.68.0-255,2902,169481,79,276654
10370,0.001493,172.31.40.0-255,66,169547,79,276654
10371,0.001509,74.125.68.0-255,2902,172449,79,276654
10372,0.001514,74.125.68.0-255,4320,176769,79,276654
10373,0.001522,172.31.40.0-255,66,176835,79,276654
10374,0.001541,74.125.68.0-255,5738,182573,79,276654
10375,0.001544,74.125.68.0-255,1484,184057,79,276654
10376,0.001552,172.31.40.0-255,66,184123,79,276654
10377,0.001585,74.125.68.0-255,2184,186307,79,276654
10378,0.001587,74.125.68.0-255,342,186649,79,276654
10379,0.001591,172.31.40.0-255,66,186715,79,276654
10380,0.00164,74.125.68.0-255,1484,188199,79,276654
10381,0.001652,74.125.68.0-255,1484,189683,79,276654
10382,0.001667,172.31.40.0-255,66,189749,79,276654
10383,0.001672,74.125.68.0-255,2902,192651,79,276654
10384,0.001678,74.125.68.0-255,5738,198389,79,276654
10385,0.001684,172.31.40.0-255,66,198455,79,276654
10386,0.001709,74.125.68.0-255,2902,201357,79,276654
10387,0.001718,172.31.40.0-255,66,201423,79,276654
10388,0.001736,74.125.68.0-255,2902,204325,79,276654
10389,0.00174,172.31.40.0-255,66,204391,79,276654
10390,0.001809,74.125.68.0-255,5738,210129,79,276654
10391,0.001825,74.125.68.0-255,2184,212313,79,276654
10392,0.001832,172.31.40.0-255,66,212379,79,276654
10393,0.001938,74.125.68.0-255,1484,213863,79,276654
10394,0.001942,74.125.68.0-255,1484,215347,79,276654
10395,0.001947,172.31.40.0-255,66,215413,79,276654
10396,0.001955,74.125.68.0-255,1484,216897,79,276654
10397,0.001965,74.125.68.0-255,1484,218381,79,276654
10398,0.001981,74.125.68.0-255,4320,222701,79,276654
10399,0.001984,74.125.68.0-255,1484,224185,79,276654
10400,0.001993,172.31.40.0-255,66,224251,79,276654
10401,0.002013,74.125.68.0-255,5738,229989,79,276654
10402,0.002031,172.31.40.0-255,66,230055,79,276654
10403,0.00224,172.31.40.0-255,101,230156,79,276654
10404,0.004027,74.125.68.0-255,5738,235894,79,276654
10405,0.004034,172.31.40.0-255,66,235960,79,276654
10406,0.004183,74.125.68.0-255,66,236026,79,276654
10407,0.006013,74.125.68.0-255,5738,241764,79,276654
10408,0.006028,172.31.40.0-255,66,241830,79,276654
10409,0.008047,74.125.68.0-255,5738,247568,79,276654
10410,0.008062,172.31.40.0-255,66,247634,79,276654
10411,0.010037,74.125.68.0-255,5738,253372,79,276654
10412,0.010042,172.31.40.0-255,66,253438,79,276654
10413,0.012028,74.125.68.0-255,5738,259176,79,276654
10414,0.012032,172.31.40.0-255,66,259242,79,276654
10415,0.014013,74.125.68.0-255,5738,264980,79,276654
10416,0.014028,172.31.40.0-255,66,265046,79,276654
10417,0.016011,74.125.68.0-255,5738,270784,79,276654
10418,0.016019,172.31.40.0-255,66,270850,79,276654
10419,0.018011,74.125.68.0-255,5738,276588,79,276654
10420,0.018025,172.31.40.0-255,66,276654,79,276654
10421,0.0,172.217.27.0-255,153,153,79,155241
10422,3.2e-05,172.31.40.0-255,66,219,79,155241
10423,3.9e-05,172.217.27.0-255,1484,1703,79,155241
10424,4.4e-05,172.31.40.0-255,66,1769,79,155241
10425,4.7e-05,172.217.27.0-255,1484,3253,79,155241
10426,4.9e-05,172.31.40.0-255,66,3319,79,155241
10427,5.3e-05,172.217.27.0-255,2902,6221,79,155241
10428,5.5e-05,172.31.40.0-255,66,6287,79,155241
10429,6.2e-05,172.217.27.0-255,4320,10607,79,155241
10430,6.4e-05,172.31.40.0-255,66,10673,79,155241
10431,8.6e-05,172.217.27.0-255,1484,12157,79,155241
10432,8.9e-05,172.31.40.0-255,66,12223,79,155241
10433,9.4e-05,172.217.27.0-255,3417,15640,79,155241
10434,9.6e-05,172.31.40.0-255,66,15706,79,155241
10435,0.000101,172.217.27.0-255,4320,20026,79,155241
10436,0.000103,172.31.40.0-255,66,20092,79,155241
10437,0.000126,172.217.27.0-255,4320,24412,79,155241
10438,0.000128,172.31.40.0-255,66,24478,79,155241
10439,0.00015,172.217.27.0-255,5738,30216,79,155241
10440,0.000153,172.31.40.0-255,66,30282,79,155241
10441,0.000156,172.217.27.0-255,1125,31407,79,155241
10442,0.000158,172.31.40.0-255,66,31473,79,155241
10443,0.000271,172.217.27.0-255,1484,32957,79,155241
10444,0.000275,172.31.40.0-255,66,33023,79,155241
10445,0.000291,172.217.27.0-255,2902,35925,79,155241
10446,0.000294,172.31.40.0-255,66,35991,79,155241
10447,0.000297,172.217.27.0-255,1484,37475,79,155241
10448,0.000298,172.31.40.0-255,66,37541,79,155241
10449,0.000322,172.217.27.0-255,2902,40443,79,155241
10450,0.000325,172.31.40.0-255,66,40509,79,155241
10451,0.000349,172.217.27.0-255,4320,44829,79,155241
10452,0.000352,172.31.40.0-255,66,44895,79,155241
10453,0.000355,172.217.27.0-255,1484,46379,79,155241
10454,0.000377,172.217.27.0-255,3961,50340,79,155241
10455,0.00038,172.31.40.0-255,66,50406,79,155241
10456,0.000386,172.217.27.0-255,5738,56144,79,155241
10457,0.000393,172.31.40.0-255,66,56210,79,155241
10458,0.000411,172.31.40.0-255,66,56276,79,155241
10459,0.000654,172.217.27.0-255,114,56390,79,155241
10460,0.000775,172.217.27.0-255,1484,57874,79,155241
10461,0.000779,172.31.40.0-255,66,57940,79,155241
10462,0.000784,172.217.27.0-255,2902,60842,79,155241
10463,0.000789,172.31.40.0-255,66,60908,79,155241
10464,0.000798,172.217.27.0-255,2902,63810,79,155241
10465,0.0008,172.31.40.0-255,66,63876,79,155241
10466,0.000805,172.217.27.0-255,4320,68196,79,155241
10467,0.000807,172.31.40.0-255,66,68262,79,155241
10468,0.000838,172.217.27.0-255,1484,69746,79,155241
10469,0.000861,172.217.27.0-255,6797,76543,79,155241
10470,0.000865,172.31.40.0-255,66,76609,79,155241
10471,0.000876,172.31.40.0-255,66,76675,79,155241
10472,0.000907,172.217.27.0-255,5620,82295,79,155241
10473,0.00091,172.31.40.0-255,66,82361,79,155241
10474,0.001488,172.217.27.0-255,1484,83845,79,155241
10475,0.0015,172.217.27.0-255,2902,86747,79,155241
10476,0.001504,172.31.40.0-255,66,86813,79,155241
10477,0.001512,172.217.27.0-255,5738,92551,79,155241
10478,0.001514,172.31.40.0-255,66,92617,79,155241
10479,0.001566,172.31.40.0-255,66,92683,79,155241
10480,0.001583,172.31.40.0-255,66,92749,79,155241
10481,0.003199,172.217.27.0-255,5738,98487,79,155241
10482,0.003205,172.31.40.0-255,66,98553,79,155241
10483,0.004831,172.217.27.0-255,4320,102873,79,155241
10484,0.004835,172.31.40.0-255,66,102939,79,155241
10485,0.004852,172.217.27.0-255,1484,104423,79,155241
10486,0.006446,172.217.27.0-255,4320,108743,79,155241
10487,0.006453,172.31.40.0-255,66,108809,79,155241
10488,0.008074,172.217.27.0-255,5738,114547,79,155241
10489,0.00808,172.31.40.0-255,66,114613,79,155241
10490,0.00971,172.217.27.0-255,5738,120351,79,155241
10491,0.009716,172.31.40.0-255,66,120417,79,155241
10492,0.011336,172.217.27.0-255,5738,126155,79,155241
10493,0.011344,172.31.40.0-255,66,126221,79,155241
10494,0.01296,172.217.27.0-255,5738,131959,79,155241
10495,0.012967,172.31.40.0-255,66,132025,79,155241
10496,0.014585,172.217.27.0-255,5738,137763,79,155241
10497,0.014594,172.31.40.0-255,66,137829,79,155241
10498,0.016213,172.217.27.0-255,5738,143567,79,155241
10499,0.016221,172.31.40.0-255,66,143633,79,155241
10500,0.017839,172.217.27.0-255,5738,149371,79,155241
10501,0.017847,172.31.40.0-255,66,149437,79,155241
10502,0.019461,172.217.27.0-255,5738,155175,79,155241
10503,0.019468,172.31.40.0-255,66,155241,79,155241
10504,0.0,74.125.24.0-255,146,146,79,195961
10505,3.3e-05,172.31.40.0-255,66,212,79,195961
10506,4.1e-05,74.125.24.0-255,1484,1696,79,195961
10507,4.5e-05,172.31.40.0-255,66,1762,79,195961
10508,5e-05,74.125.24.0-255,2902,4664,79,195961
10509,5.2e-05,172.31.40.0-255,66,4730,79,195961
10510,6.6e-05,74.125.24.0-255,7156,11886,79,195961
10511,6.9e-05,172.31.40.0-255,66,11952,79,195961
10512,7.3e-05,74.125.24.0-255,2064,14016,79,195961
10513,7.6e-05,172.31.40.0-255,66,14082,79,195961
10514,0.000177,74.125.24.0-255,1484,15566,79,195961
10515,0.000183,172.31.40.0-255,66,15632,79,195961
10516,0.000191,74.125.24.0-255,2902,18534,79,195961
10517,0.000193,172.31.40.0-255,66,18600,79,195961
10518,0.000205,74.125.24.0-255,5738,24338,79,195961
10519,0.000208,172.31.40.0-255,66,24404,79,195961
10520,0.000213,74.125.24.0-255,4320,28724,79,195961
10521,0.000215,172.31.40.0-255,66,28790,79,195961
10522,0.000275,172.31.40.0-255,66,28856,79,195961
10523,0.000304,74.125.24.0-255,5738,34594,79,195961
10524,0.000307,172.31.40.0-255,66,34660,79,195961
10525,0.000321,74.125.24.0-255,1125,35785,79,195961
10526,0.000327,172.31.40.0-255,66,35851,79,195961
10527,0.000711,74.125.24.0-255,1484,37335,79,195961
10528,0.000716,172.31.40.0-255,66,37401,79,195961
10529,0.000742,74.125.24.0-255,2902,40303,79,195961
10530,0.000745,172.31.40.0-255,66,40369,79,195961
10531,0.000751,74.125.24.0-255,5738,46107,79,195961
10532,0.000755,172.31.40.0-255,66,46173,79,195961
10533,0.000792,74.125.24.0-255,4320,50493,79,195961
10534,0.000795,172.31.40.0-255,66,50559,79,195961
10535,0.000823,74.125.24.0-255,2543,53102,79,195961
10536,0.000826,172.31.40.0-255,66,53168,79,195961
10537,0.000834,74.125.24.0-255,7156,60324,79,195961
10538,0.000837,74.125.24.0-255,2902,63226,79,195961
10539,0.000837,172.31.40.0-255,66,63292,79,195961
10540,0.00084,172.31.40.0-255,66,63358,79,195961
10541,0.00088,172.31.40.0-255,66,63424,79,195961
10542,0.000886,74.125.24.0-255,5738,69162,79,195961
10543,0.000888,172.31.40.0-255,66,69228,79,195961
10544,0.000965,74.125.24.0-255,6438,75666,79,195961
10545,0.00097,172.31.40.0-255,66,75732,79,195961
10546,0.001028,74.125.24.0-255,647,76379,79,195961
10547,0.001053,74.125.24.0-255,1484,77863,79,195961
10548,0.001056,172.31.40.0-255,66,77929,79,195961
10549,0.001078,74.125.24.0-255,4320,82249,79,195961
10550,0.001081,172.31.40.0-255,66,82315,79,195961
10551,0.001117,172.31.40.0-255,66,82381,79,195961
10552,0.00115,74.125.24.0-255,1878,84259,79,195961
10553,0.001153,172.31.40.0-255,66,84325,79,195961
10554,0.001849,74.125.24.0-255,1484,85809,79,195961
10555,0.00186,74.125.24.0-255,2902,88711,79,195961
10556,0.001864,172.31.40.0-255,66,88777,79,195961
10557,0.001871,74.125.24.0-255,4320,93097,79,195961
10558,0.001873,172.31.40.0-255,66,93163,79,195961
10559,0.001897,74.125.24.0-255,1484,94647,79,195961
10560,0.00191,74.125.24.0-255,7156,101803,79,195961
10561,0.001913,172.31.40.0-255,66,101869,79,195961
10562,0.001918,74.125.24.0-255,2902,104771,79,195961
10563,0.00192,172.31.40.0-255,66,104837,79,195961
10564,0.001944,74.125.24.0-255,5738,110575,79,195961
10565,0.001947,172.31.40.0-255,66,110641,79,195961
10566,0.001957,172.31.40.0-255,66,110707,79,195961
10567,0.002304,74.125.24.0-255,1484,112191,79,195961
10568,0.002309,74.125.24.0-255,2902,115093,79,195961
10569,0.002312,172.31.40.0-255,66,115159,79,195961
10570,0.002338,74.125.24.0-255,5738,120897,79,195961
10571,0.00234,172.31.40.0-255,66,120963,79,195961
10572,0.002368,74.125.24.0-255,5738,126701,79,195961
10573,0.00237,172.31.40.0-255,66,126767,79,195961
10574,0.002398,74.125.24.0-255,4320,131087,79,195961
10575,0.002401,172.31.40.0-255,66,131153,79,195961
10576,0.002406,74.125.24.0-255,5738,136891,79,195961
10577,0.002408,172.31.40.0-255,66,136957,79,195961
10578,0.002425,74.125.24.0-255,5738,142695,79,195961
10579,0.002427,172.31.40.0-255,66,142761,79,195961
10580,0.00243,74.125.24.0-255,2184,144945,79,195961
10581,0.002432,172.31.40.0-255,66,145011,79,195961
10582,0.002478,172.31.40.0-255,66,145077,79,195961
10583,0.002484,74.125.24.0-255,5738,150815,79,195961
10584,0.002486,172.31.40.0-255,66,150881,79,195961
10585,0.002546,74.125.24.0-255,5738,156619,79,195961
10586,0.002548,172.31.40.0-255,66,156685,79,195961
10587,0.002573,74.125.24.0-255,4320,161005,79,195961
10588,0.002576,172.31.40.0-255,66,161071,79,195961
10589,0.005037,74.125.24.0-255,1484,162555,79,195961
10590,0.005058,74.125.24.0-255,4320,166875,79,195961
10591,0.005061,172.31.40.0-255,66,166941,79,195961
10592,0.007548,74.125.24.0-255,5738,172679,79,195961
10593,0.007554,172.31.40.0-255,66,172745,79,195961
10594,0.010058,74.125.24.0-255,5738,178483,79,195961
10595,0.010065,172.31.40.0-255,66,178549,79,195961
10596,0.012565,74.125.24.0-255,5738,184287,79,195961
10597,0.012574,172.31.40.0-255,66,184353,79,195961
10598,0.015091,74.125.24.0-255,5738,190091,79,195961
10599,0.015101,172.31.40.0-255,66,190157,79,195961
10600,0.017589,74.125.24.0-255,5738,195895,79,195961
10601,0.017597,172.31.40.0-255,66,195961,79,195961
10602,0.0,172.217.194.0-255,289,289,79,182227
10603,2.3e-05,172.31.40.0-255,66,355,79,182227
10604,3.1e-05,172.217.194.0-255,1484,1839,79,182227
10605,3.5e-05,172.31.40.0-255,66,1905,79,182227
10606,5e-05,172.217.194.0-255,4320,6225,79,182227
10607,5.3e-05,172.31.40.0-255,66,6291,79,182227
10608,6.4e-05,172.31.40.0-255,66,6357,79,182227
10609,0.00015,172.217.194.0-255,1484,7841,79,182227
10610,0.000153,172.31.40.0-255,66,7907,79,182227
10611,0.000159,172.217.194.0-255,2902,10809,79,182227
10612,0.00016,172.31.40.0-255,66,10875,79,182227
10613,0.000165,172.217.194.0-255,2902,13777,79,182227
10614,0.000171,172.31.40.0-255,66,13843,79,182227
10615,0.000197,172.217.194.0-255,2902,16745,79,182227
10616,0.0002,172.31.40.0-255,66,16811,79,182227
10617,0.000231,172.217.194.0-255,7156,23967,79,182227
10618,0.000234,172.31.40.0-255,66,24033,79,182227
10619,0.000265,172.217.194.0-255,6797,30830,79,182227
10620,0.000268,172.31.40.0-255,66,30896,79,182227
10621,0.00028,172.31.40.0-255,66,30962,79,182227
10622,0.000311,172.217.194.0-255,2902,33864,79,182227
10623,0.000314,172.31.40.0-255,66,33930,79,182227
10624,0.000329,172.31.40.0-255,66,33996,79,182227
10625,0.000331,172.217.194.0-255,408,34404,79,182227
10626,0.000333,172.31.40.0-255,66,34470,79,182227
10627,0.000362,172.217.194.0-255,1484,35954,79,182227
10628,0.000364,172.31.40.0-255,66,36020,79,182227
10629,0.000373,172.217.194.0-255,2902,38922,79,182227
10630,0.000375,172.31.40.0-255,66,38988,79,182227
10631,0.000382,172.217.194.0-255,5738,44726,79,182227
10632,0.000384,172.31.40.0-255,66,44792,79,182227
10633,0.000442,172.217.194.0-255,2902,47694,79,182227
10634,0.000445,172.31.40.0-255,66,47760,79,182227
10635,0.000471,172.217.194.0-255,3681,51441,79,182227
10636,0.000474,172.31.40.0-255,66,51507,79,182227
10637,0.000477,172.217.194.0-255,1484,52991,79,182227
10638,0.000501,172.217.194.0-255,2902,55893,79,182227
10639,0.000503,172.31.40.0-255,66,55959,79,182227
10640,0.000509,172.217.194.0-255,5738,61697,79,182227
10641,0.000511,172.31.40.0-255,66,61763,79,182227
10642,0.000535,172.217.194.0-255,2902,64665,79,182227
10643,0.000538,172.31.40.0-255,66,64731,79,182227
10644,0.000564,172.217.194.0-255,3961,68692,79,182227
10645,0.000566,172.31.40.0-255,66,68758,79,182227
10646,0.000584,172.31.40.0-255,66,68824,79,182227
10647,0.000621,172.217.194.0-255,1484,70308,79,182227
10648,0.000637,172.31.40.0-255,66,70374,79,182227
10649,0.000643,172.217.194.0-255,3602,73976,79,182227
10650,0.000646,172.31.40.0-255,66,74042,79,182227
10651,0.000651,172.217.194.0-255,4320,78362,79,182227
10652,0.000654,172.31.40.0-255,66,78428,79,182227
10653,0.00067,172.31.40.0-255,66,78494,79,182227
10654,0.000674,172.217.194.0-255,2543,81037,79,182227
10655,0.000676,172.31.40.0-255,66,81103,79,182227
10656,0.000725,172.217.194.0-255,1484,82587,79,182227
10657,0.000752,172.217.194.0-255,2902,85489,79,182227
10658,0.000756,172.31.40.0-255,66,85555,79,182227
10659,0.000761,172.217.194.0-255,4320,89875,79,182227
10660,0.000764,172.31.40.0-255,66,89941,79,182227
10661,0.000785,172.217.194.0-255,1484,91425,79,182227
10662,0.000796,172.217.194.0-255,4320,95745,79,182227
10663,0.000798,172.31.40.0-255,66,95811,79,182227
10664,0.000815,172.31.40.0-255,66,95877,79,182227
10665,0.000856,172.31.40.0-255,66,95943,79,182227
10666,0.000889,172.31.40.0-255,66,96009,79,182227
10667,0.001054,172.217.194.0-255,1484,97493,79,182227
10668,0.001058,172.217.194.0-255,1484,98977,79,182227
10669,0.001064,172.31.40.0-255,66,99043,79,182227
10670,0.001094,172.217.194.0-255,1484,100527,79,182227
10671,0.001101,172.217.194.0-255,5738,106265,79,182227
10672,0.001105,172.31.40.0-255,66,106331,79,182227
10673,0.001108,172.217.194.0-255,1484,107815,79,182227
10674,0.001146,172.31.40.0-255,66,107881,79,182227
10675,0.001162,172.31.40.0-255,66,107947,79,182227
10676,0.001165,172.217.194.0-255,766,108713,79,182227
10677,0.001625,172.217.194.0-255,1484,110197,79,182227
10678,0.00163,172.31.40.0-255,66,110263,79,182227
10679,0.001635,172.217.194.0-255,2902,113165,79,182227
10680,0.001638,172.31.40.0-255,66,113231,79,182227
10681,0.001644,172.217.194.0-255,5738,118969,79,182227
10682,0.001646,172.31.40.0-255,66,119035,79,182227
10683,0.001659,172.217.194.0-255,7156,126191,79,182227
10684,0.001661,172.31.40.0-255,66,126257,79,182227
10685,0.001695,172.217.194.0-255,7156,133413,79,182227
10686,0.001702,172.31.40.0-255,66,133479,79,182227
10687,0.00173,172.217.194.0-255,7156,140635,79,182227
10688,0.001733,172.31.40.0-255,66,140701,79,182227
10689,0.001737,172.217.194.0-255,2184,142885,79,182227
10690,0.001739,172.31.40.0-255,66,142951,79,182227
10691,0.004043,172.217.194.0-255,5738,148689,79,182227
10692,0.00405,172.31.40.0-255,66,148755,79,182227
10693,0.0064,172.217.194.0-255,5738,154493,79,182227
10694,0.006407,172.31.40.0-255,66,154559,79,182227
10695,0.008684,172.217.194.0-255,4320,158879,79,182227
10696,0.008691,172.31.40.0-255,66,158945,79,182227
10697,0.008722,172.217.194.0-255,1484,160429,79,182227
10698,0.011009,172.217.194.0-255,4320,164749,79,182227
10699,0.011015,172.31.40.0-255,66,164815,79,182227
10700,0.013309,172.217.194.0-255,5738,170553,79,182227
10701,0.013316,172.31.40.0-255,66,170619,79,182227
10702,0.015642,172.217.194.0-255,5738,176357,79,182227
10703,0.015648,172.31.40.0-255,66,176423,79,182227
10704,0.017961,172.217.194.0-255,5738,182161,79,182227
10705,0.017968,172.31.40.0-255,66,182227,79,182227
10706,0.0,172.31.40.0-255,105,105,79,276
10707,0.001753,157.240.24.0-255,105,210,79,276
10708,0.001763,172.31.40.0-255,66,276,79,276
10709,0.0,172.217.194.0-255,150,150,79,125442
10710,1.6e-05,172.31.40.0-255,66,216,79,125442
10711,2.2e-05,172.217.194.0-255,1484,1700,79,125442
10712,2.6e-05,172.31.40.0-255,66,1766,79,125442
10713,2.9e-05,172.217.194.0-255,1484,3250,79,125442
10714,3.2e-05,172.31.40.0-255,66,3316,79,125442
10715,6.3e-05,172.217.194.0-255,4320,7636,79,125442
10716,6.6e-05,172.31.40.0-255,66,7702,79,125442
10717,0.000132,172.217.194.0-255,5738,13440,79,125442
10718,0.000135,172.31.40.0-255,66,13506,79,125442
10719,0.000155,172.217.194.0-255,4903,18409,79,125442
10720,0.000158,172.31.40.0-255,66,18475,79,125442
10721,0.000315,172.217.194.0-255,7156,25631,79,125442
10722,0.000319,172.31.40.0-255,66,25697,79,125442
10723,0.000338,172.217.194.0-255,4320,30017,79,125442
10724,0.00034,172.31.40.0-255,66,30083,79,125442
10725,0.000523,172.217.194.0-255,7156,37239,79,125442
10726,0.000528,172.31.40.0-255,66,37305,79,125442
10727,0.000573,172.31.40.0-255,66,37371,79,125442
10728,0.000952,172.217.194.0-255,2902,40273,79,125442
10729,0.000956,172.31.40.0-255,66,40339,79,125442
10730,0.000992,172.31.40.0-255,66,40405,79,125442
10731,0.00113,172.217.194.0-255,435,40840,79,125442
10732,0.001134,172.31.40.0-255,66,40906,79,125442
10733,0.001153,172.217.194.0-255,5738,46644,79,125442
10734,0.001155,172.31.40.0-255,66,46710,79,125442
10735,0.001225,172.31.40.0-255,66,46776,79,125442
10736,0.001253,172.217.194.0-255,3602,50378,79,125442
10737,0.001255,172.31.40.0-255,66,50444,79,125442
10738,0.001774,172.31.40.0-255,66,50510,79,125442
10739,0.00183,172.31.40.0-255,66,50576,79,125442
10740,0.002355,172.217.194.0-255,1484,52060,79,125442
10741,0.002375,172.217.194.0-255,2902,54962,79,125442
10742,0.00238,172.31.40.0-255,66,55028,79,125442
10743,0.002428,172.217.194.0-255,4320,59348,79,125442
10744,0.002431,172.31.40.0-255,66,59414,79,125442
10745,0.002455,172.217.194.0-255,1484,60898,79,125442
10746,0.002541,172.217.194.0-255,5738,66636,79,125442
10747,0.002543,172.31.40.0-255,66,66702,79,125442
10748,0.002572,172.217.194.0-255,7156,73858,79,125442
10749,0.002574,172.31.40.0-255,66,73924,79,125442
10750,0.002763,172.217.194.0-255,7156,81080,79,125442
10751,0.002767,172.31.40.0-255,66,81146,79,125442
10752,0.002787,172.217.194.0-255,3602,84748,79,125442
10753,0.00279,172.31.40.0-255,66,84814,79,125442
10754,0.005089,172.217.194.0-255,5738,90552,79,125442
10755,0.005094,172.31.40.0-255,66,90618,79,125442
10756,0.007404,172.217.194.0-255,5738,96356,79,125442
10757,0.00741,172.31.40.0-255,66,96422,79,125442
10758,0.009741,172.217.194.0-255,5738,102160,79,125442
10759,0.009749,172.31.40.0-255,66,102226,79,125442
10760,0.012097,172.217.194.0-255,5738,107964,79,125442
10761,0.012106,172.31.40.0-255,66,108030,79,125442
10762,0.014443,172.217.194.0-255,5738,113768,79,125442
10763,0.014451,172.31.40.0-255,66,113834,79,125442
10764,0.016785,172.217.194.0-255,5738,119572,79,125442
10765,0.016794,172.31.40.0-255,66,119638,79,125442
10766,0.019117,172.217.194.0-255,5738,125376,79,125442
10767,0.019126,172.31.40.0-255,66,125442,79,125442
10768,0.0,172.31.40.0-255,105,105,79,276
10769,0.001762,157.240.7.0-255,105,210,79,276
10770,0.001774,172.31.40.0-255,66,276,79,276
10771,0.0,172.217.194.0-255,152,152,79,185604
10772,2e-05,172.31.40.0-255,66,218,79,185604
10773,2.7e-05,172.217.194.0-255,1484,1702,79,185604
10774,3.1e-05,172.31.40.0-255,66,1768,79,185604
10775,3.6e-05,172.217.194.0-255,2902,4670,79,185604
10776,3.9e-05,172.31.40.0-255,66,4736,79,185604
10777,4.7e-05,172.217.194.0-255,7156,11892,79,185604
10778,5e-05,172.31.40.0-255,66,11958,79,185604
10779,5.4e-05,172.217.194.0-255,2038,13996,79,185604
10780,5.7e-05,172.31.40.0-255,66,14062,79,185604
10781,6.3e-05,172.217.194.0-255,2902,16964,79,185604
10782,6.5e-05,172.31.40.0-255,66,17030,79,185604
10783,9.5e-05,172.31.40.0-255,66,17096,79,185604
10784,0.000102,172.217.194.0-255,5379,22475,79,185604
10785,0.000105,172.31.40.0-255,66,22541,79,185604
10786,0.000205,172.217.194.0-255,1484,24025,79,185604
10787,0.000208,172.31.40.0-255,66,24091,79,185604
10788,0.000213,172.217.194.0-255,2902,26993,79,185604
10789,0.000215,172.31.40.0-255,66,27059,79,185604
10790,0.00022,172.217.194.0-255,2902,29961,79,185604
10791,0.000223,172.31.40.0-255,66,30027,79,185604
10792,0.00024,172.217.194.0-255,2902,32929,79,185604
10793,0.000242,172.31.40.0-255,66,32995,79,185604
10794,0.00025,172.217.194.0-255,6797,39792,79,185604
10795,0.000252,172.31.40.0-255,66,39858,79,185604
10796,0.000267,172.217.194.0-255,1484,41342,79,185604
10797,0.000269,172.31.40.0-255,66,41408,79,185604
10798,0.000301,172.31.40.0-255,66,41474,79,185604
10799,0.000316,172.217.194.0-255,2902,44376,79,185604
10800,0.000319,172.31.40.0-255,66,44442,79,185604
10801,0.000336,172.217.194.0-255,2543,46985,79,185604
10802,0.000338,172.31.40.0-255,66,47051,79,185604
10803,0.000341,172.217.194.0-255,362,47413,79,185604
10804,0.000353,172.217.194.0-255,381,47794,79,185604
10805,0.000931,172.31.40.0-255,66,47860,79,185604
10806,0.001175,172.217.194.0-255,1484,49344,79,185604
10807,0.001184,172.217.194.0-255,2902,52246,79,185604
10808,0.001188,172.31.40.0-255,66,52312,79,185604
10809,0.001211,172.217.194.0-255,5738,58050,79,185604
10810,0.001213,172.31.40.0-255,66,58116,79,185604
10811,0.001245,172.217.194.0-255,6248,64364,79,185604
10812,0.001247,172.31.40.0-255,66,64430,79,185604
10813,0.001271,172.217.194.0-255,7156,71586,79,185604
10814,0.001273,172.31.40.0-255,66,71652,79,185604
10815,0.001292,172.217.194.0-255,1484,73136,79,185604
10816,0.001315,172.31.40.0-255,66,73202,79,185604
10817,0.001338,172.217.194.0-255,5738,78940,79,185604
10818,0.00134,172.31.40.0-255,66,79006,79,185604
10819,0.001353,172.217.194.0-255,4320,83326,79,185604
10820,0.001354,172.31.40.0-255,66,83392,79,185604
10821,0.001373,172.217.194.0-255,6438,89830,79,185604
10822,0.001375,172.31.40.0-255,66,89896,79,185604
10823,0.00149,172.217.194.0-255,1484,91380,79,185604
10824,0.001496,172.217.194.0-255,2902,94282,79,185604
10825,0.001499,172.31.40.0-255,66,94348,79,185604
10826,0.001503,172.217.194.0-255,2902,97250,79,185604
10827,0.001505,172.31.40.0-255,66,97316,79,185604
10828,0.00152,172.217.194.0-255,2902,100218,79,185604
10829,0.001522,172.31.40.0-255,66,100284,79,185604
10830,0.00153,172.217.194.0-255,5738,106022,79,185604
10831,0.001533,172.31.40.0-255,66,106088,79,185604
10832,0.001553,172.217.194.0-255,7156,113244,79,185604
10833,0.001556,172.31.40.0-255,66,113310,79,185604
10834,0.001566,172.31.40.0-255,66,113376,79,185604
10835,0.00159,172.217.194.0-255,2184,115560,79,185604
10836,0.001592,172.31.40.0-255,66,115626,79,185604
10837,0.001817,172.217.194.0-255,1484,117110,79,185604
10838,0.001825,172.217.194.0-255,2902,120012,79,185604
10839,0.001829,172.31.40.0-255,66,120078,79,185604
10840,0.001832,172.217.194.0-255,1484,121562,79,185604
10841,0.001852,172.217.194.0-255,4320,125882,79,185604
10842,0.001854,172.31.40.0-255,66,125948,79,185604
10843,0.001859,172.217.194.0-255,5738,131686,79,185604
10844,0.001861,172.31.40.0-255,66,131752,79,185604
10845,0.001881,172.217.194.0-255,2902,134654,79,185604
10846,0.001882,172.31.40.0-255,66,134720,79,185604
10847,0.0019,172.217.194.0-255,4320,139040,79,185604
10848,0.001902,172.31.40.0-255,66,139106,79,185604
10849,0.001933,172.31.40.0-255,66,139172,79,185604
10850,0.00395,172.217.194.0-255,5738,144910,79,185604
10851,0.003953,172.31.40.0-255,66,144976,79,185604
10852,0.006018,172.217.194.0-255,5738,150714,79,185604
10853,0.006023,172.31.40.0-255,66,150780,79,185604
10854,0.008055,172.217.194.0-255,5738,156518,79,185604
10855,0.008062,172.31.40.0-255,66,156584,79,185604
10856,0.01011,172.217.194.0-255,5738,162322,79,185604
10857,0.010117,172.31.40.0-255,66,162388,79,185604
10858,0.0122,172.217.194.0-255,5738,168126,79,185604
10859,0.012208,172.31.40.0-255,66,168192,79,185604
10860,0.014283,172.217.194.0-255,5738,173930,79,185604
10861,0.014294,172.31.40.0-255,66,173996,79,185604
10862,0.01638,172.217.194.0-255,5738,179734,79,185604
10863,0.016388,172.31.40.0-255,66,179800,79,185604
10864,0.018449,172.217.194.0-255,5738,185538,79,185604
10865,0.018457,172.31.40.0-255,66,185604,79,185604
10866,0.0,172.217.194.0-255,297,297,79,194411
10867,2.1e-05,172.31.40.0-255,66,363,79,194411
10868,2.8e-05,172.217.194.0-255,1484,1847,79,194411
10869,3.3e-05,172.31.40.0-255,66,1913,79,194411
10870,4e-05,172.217.194.0-255,4320,6233,79,194411
10871,4.3e-05,172.31.40.0-255,66,6299,79,194411
10872,6.2e-05,172.31.40.0-255,66,6365,79,194411
10873,7.5e-05,172.31.40.0-255,66,6431,79,194411
10874,0.000112,172.217.194.0-255,5379,11810,79,194411
10875,0.000116,172.31.40.0-255,66,11876,79,194411
10876,0.000158,172.217.194.0-255,1484,13360,79,194411
10877,0.000161,172.31.40.0-255,66,13426,79,194411
10878,0.000165,172.217.194.0-255,2902,16328,79,194411
10879,0.000167,172.31.40.0-255,66,16394,79,194411
10880,0.000209,172.217.194.0-255,5738,22132,79,194411
10881,0.000215,172.217.194.0-255,5738,27870,79,194411
10882,0.00022,172.31.40.0-255,66,27936,79,194411
10883,0.000228,172.31.40.0-255,66,28002,79,194411
10884,0.000235,172.217.194.0-255,7156,35158,79,194411
10885,0.000237,172.31.40.0-255,66,35224,79,194411
10886,0.000266,172.217.194.0-255,6797,42021,79,194411
10887,0.000268,172.31.40.0-255,66,42087,79,194411
10888,0.000273,172.217.194.0-255,4212,46299,79,194411
10889,0.000276,172.31.40.0-255,66,46365,79,194411
10890,0.000279,172.217.194.0-255,118,46483,79,194411
10891,0.000282,172.31.40.0-255,66,46549,79,194411
10892,0.000386,172.217.194.0-255,382,46931,79,194411
10893,0.000391,172.31.40.0-255,66,46997,79,194411
10894,0.000727,172.217.194.0-255,1484,48481,79,194411
10895,0.000732,172.31.40.0-255,66,48547,79,194411
10896,0.000739,172.217.194.0-255,2902,51449,79,194411
10897,0.000741,172.31.40.0-255,66,51515,79,194411
10898,0.000744,172.217.194.0-255,1484,52999,79,194411
10899,0.000775,172.217.194.0-255,4320,57319,79,194411
10900,0.000778,172.31.40.0-255,66,57385,79,194411
10901,0.000792,172.31.40.0-255,66,57451,79,194411
10902,0.000799,172.217.194.0-255,5738,63189,79,194411
10903,0.000801,172.31.40.0-255,66,63255,79,194411
10904,0.000836,172.217.194.0-255,5020,68275,79,194411
10905,0.000841,172.31.40.0-255,66,68341,79,194411
10906,0.00118,172.217.194.0-255,1484,69825,79,194411
10907,0.001184,172.217.194.0-255,1484,71309,79,194411
10908,0.001188,172.31.40.0-255,66,71375,79,194411
10909,0.001224,172.217.194.0-255,1484,72859,79,194411
10910,0.001231,172.217.194.0-255,5738,78597,79,194411
10911,0.001234,172.31.40.0-255,66,78663,79,194411
10912,0.001253,172.31.40.0-255,66,78729,79,194411
10913,0.001285,172.217.194.0-255,4320,83049,79,194411
10914,0.001287,172.31.40.0-255,66,83115,79,194411
10915,0.001316,172.217.194.0-255,6438,89553,79,194411
10916,0.001319,172.31.40.0-255,66,89619,79,194411
10917,0.00133,172.31.40.0-255,66,89685,79,194411
10918,0.001337,172.217.194.0-255,7156,96841,79,194411
10919,0.00134,172.31.40.0-255,66,96907,79,194411
10920,0.001366,172.217.194.0-255,2902,99809,79,194411
10921,0.001369,172.31.40.0-255,66,99875,79,194411
10922,0.001383,172.31.40.0-255,66,99941,79,194411
10923,0.001412,172.217.194.0-255,2184,102125,79,194411
10924,0.001415,172.31.40.0-255,66,102191,79,194411
10925,0.001438,172.217.194.0-255,1484,103675,79,194411
10926,0.001443,172.217.194.0-255,2902,106577,79,194411
10927,0.001445,172.31.40.0-255,66,106643,79,194411
10928,0.001449,172.217.194.0-255,1484,108127,79,194411
10929,0.001472,172.217.194.0-255,4320,112447,79,194411
10930,0.001476,172.31.40.0-255,66,112513,79,194411
10931,0.001482,172.217.194.0-255,5738,118251,79,194411
10932,0.001485,172.31.40.0-255,66,118317,79,194411
10933,0.001527,172.31.40.0-255,66,118383,79,194411
10934,0.00153,172.217.194.0-255,766,119149,79,194411
10935,0.001574,172.217.194.0-255,1484,120633,79,194411
10936,0.001577,172.217.194.0-255,1484,122117,79,194411
10937,0.00158,172.31.40.0-255,66,122183,79,194411
10938,0.001592,172.217.194.0-255,1484,123667,79,194411
10939,0.001599,172.31.40.0-255,66,123733,79,194411
10940,0.001606,172.217.194.0-255,5738,129471,79,194411
10941,0.001608,172.31.40.0-255,66,129537,79,194411
10942,0.001611,172.217.194.0-255,1484,131021,79,194411
10943,0.001642,172.31.40.0-255,66,131087,79,194411
10944,0.001697,172.31.40.0-255,66,131153,79,194411
10945,0.001834,172.217.194.0-255,1484,132637,79,194411
10946,0.001841,172.217.194.0-255,2902,135539,79,194411
10947,0.001844,172.31.40.0-255,66,135605,79,194411
10948,0.001852,172.217.194.0-255,5738,141343,79,194411
10949,0.001854,172.31.40.0-255,66,141409,79,194411
10950,0.001895,172.31.40.0-255,66,141475,79,194411
10951,0.001902,172.217.194.0-255,5738,147213,79,194411
10952,0.001918,172.31.40.0-255,66,147279,79,194411
10953,0.001943,172.217.194.0-255,6438,153717,79,194411
10954,0.001946,172.31.40.0-255,66,153783,79,194411
10955,0.004275,172.217.194.0-255,5738,159521,79,194411
10956,0.004284,172.31.40.0-255,66,159587,79,194411
10957,0.006622,172.217.194.0-255,5738,165325,79,194411
10958,0.006629,172.31.40.0-255,66,165391,79,194411
10959,0.008977,172.217.194.0-255,5738,171129,79,194411
10960,0.008995,172.31.40.0-255,66,171195,79,194411
10961,0.011344,172.217.194.0-255,5738,176933,79,194411
10962,0.011359,172.31.40.0-255,66,176999,79,194411
10963,0.013669,172.217.194.0-255,5738,182737,79,194411
10964,0.013676,172.31.40.0-255,66,182803,79,194411
10965,0.016017,172.217.194.0-255,5738,188541,79,194411
10966,0.016025,172.31.40.0-255,66,188607,79,194411
10967,0.018478,172.217.194.0-255,5738,194345,79,194411
10968,0.018491,172.31.40.0-255,66,194411,79,194411
10969,0.0,74.125.130.0-255,146,146,79,175535
10970,2.1e-05,172.31.40.0-255,66,212,79,175535
10971,2.8e-05,74.125.130.0-255,1484,1696,79,175535
10972,3.3e-05,172.31.40.0-255,66,1762,79,175535
10973,4.7e-05,74.125.130.0-255,2902,4664,79,175535
10974,4.9e-05,172.31.40.0-255,66,4730,79,175535
10975,5.6e-05,74.125.130.0-255,5738,10468,79,175535
10976,5.9e-05,172.31.40.0-255,66,10534,79,175535
10977,0.000107,74.125.130.0-255,3583,14117,79,175535
10978,0.00011,172.31.40.0-255,66,14183,79,175535
10979,0.000267,74.125.130.0-255,1484,15667,79,175535
10980,0.000272,172.31.40.0-255,66,15733,79,175535
10981,0.000277,74.125.130.0-255,2902,18635,79,175535
10982,0.000279,172.31.40.0-255,66,18701,79,175535
10983,0.000284,74.125.130.0-255,2902,21603,79,175535
10984,0.000286,172.31.40.0-255,66,21669,79,175535
10985,0.000308,74.125.130.0-255,2902,24571,79,175535
10986,0.000314,172.31.40.0-255,66,24637,79,175535
10987,0.000317,74.125.130.0-255,1484,26121,79,175535
10988,0.000319,172.31.40.0-255,66,26187,79,175535
10989,0.000324,74.125.130.0-255,2902,29089,79,175535
10990,0.000327,172.31.40.0-255,66,29155,79,175535
10991,0.000364,74.125.130.0-255,2543,31698,79,175535
10992,0.000367,172.31.40.0-255,66,31764,79,175535
10993,0.000495,74.125.130.0-255,1484,33248,79,175535
10994,0.0005,172.31.40.0-255,66,33314,79,175535
10995,0.000504,74.125.130.0-255,1484,34798,79,175535
10996,0.000506,172.31.40.0-255,66,34864,79,175535
10997,0.000509,74.125.130.0-255,1484,36348,79,175535
10998,0.000511,172.31.40.0-255,66,36414,79,175535
10999,0.000525,74.125.130.0-255,1484,37898,79,175535
11000,0.000528,172.31.40.0-255,66,37964,79,175535
11001,0.000534,74.125.130.0-255,5738,43702,79,175535
11002,0.000537,172.31.40.0-255,66,43768,79,175535
11003,0.00057,74.125.130.0-255,5379,49147,79,175535
11004,0.000579,172.31.40.0-255,66,49213,79,175535
11005,0.000587,74.125.130.0-255,5738,54951,79,175535
11006,0.00059,172.31.40.0-255,66,55017,79,175535
11007,0.000619,172.31.40.0-255,66,55083,79,175535
11008,0.000661,74.125.130.0-255,2796,57879,79,175535
11009,0.000664,172.31.40.0-255,66,57945,79,175535
11010,0.000688,74.125.130.0-255,122,58067,79,175535
11011,0.000877,74.125.130.0-255,1484,59551,79,175535
11012,0.000881,172.31.40.0-255,66,59617,79,175535
11013,0.000886,74.125.130.0-255,2902,62519,79,175535
11014,0.000889,172.31.40.0-255,66,62585,79,175535
11015,0.000918,74.125.130.0-255,5738,68323,79,175535
11016,0.000921,172.31.40.0-255,66,68389,79,175535
11017,0.000925,74.125.130.0-255,2902,71291,79,175535
11018,0.000928,172.31.40.0-255,66,71357,79,175535
11019,0.000933,74.125.130.0-255,3961,75318,79,175535
11020,0.000935,172.31.40.0-255,66,75384,79,175535
11021,0.000968,172.31.40.0-255,66,75450,79,175535
11022,0.001039,172.31.40.0-255,66,75516,79,175535
11023,0.001064,74.125.130.0-255,379,75895,79,175535
11024,0.001442,74.125.130.0-255,1484,77379,79,175535
11025,0.001454,172.31.40.0-255,66,77445,79,175535
11026,0.001459,74.125.130.0-255,2902,80347,79,175535
11027,0.001461,172.31.40.0-255,66,80413,79,175535
11028,0.001465,74.125.130.0-255,2902,83315,79,175535
11029,0.001468,172.31.40.0-255,66,83381,79,175535
11030,0.0015,74.125.130.0-255,2902,86283,79,175535
11031,0.001503,172.31.40.0-255,66,86349,79,175535
11032,0.00151,74.125.130.0-255,5738,92087,79,175535
11033,0.001512,172.31.40.0-255,66,92153,79,175535
11034,0.00154,74.125.130.0-255,1484,93637,79,175535
11035,0.001548,74.125.130.0-255,7156,100793,79,175535
11036,0.00155,172.31.40.0-255,66,100859,79,175535
11037,0.00156,172.31.40.0-255,66,100925,79,175535
11038,0.001563,74.125.130.0-255,766,101691,79,175535
11039,0.00198,172.31.40.0-255,66,101757,79,175535
11040,0.00207,74.125.130.0-255,1484,103241,79,175535
11041,0.002077,74.125.130.0-255,1484,104725,79,175535
11042,0.00208,172.31.40.0-255,66,104791,79,175535
11043,0.002085,74.125.130.0-255,2902,107693,79,175535
11044,0.002087,172.31.40.0-255,66,107759,79,175535
11045,0.002118,74.125.130.0-255,5738,113497,79,175535
11046,0.002121,172.31.40.0-255,66,113563,79,175535
11047,0.002124,74.125.130.0-255,1484,115047,79,175535
11048,0.002146,74.125.130.0-255,2902,117949,79,175535
11049,0.002148,172.31.40.0-255,66,118015,79,175535
11050,0.002161,74.125.130.0-255,2902,120917,79,175535
11051,0.002168,172.31.40.0-255,66,120983,79,175535
11052,0.002199,74.125.130.0-255,2902,123885,79,175535
11053,0.002201,172.31.40.0-255,66,123951,79,175535
11054,0.002208,74.125.130.0-255,7156,131107,79,175535
11055,0.00221,172.31.40.0-255,66,131173,79,175535
11056,0.002239,74.125.130.0-255,5020,136193,79,175535
11057,0.002241,172.31.40.0-255,66,136259,79,175535
11058,0.0045,74.125.130.0-255,5738,141997,79,175535
11059,0.004507,172.31.40.0-255,66,142063,79,175535
11060,0.006757,74.125.130.0-255,4320,146383,79,175535
11061,0.006761,172.31.40.0-255,66,146449,79,175535
11062,0.006789,74.125.130.0-255,1484,147933,79,175535
11063,0.009021,74.125.130.0-255,4320,152253,79,175535
11064,0.009028,172.31.40.0-255,66,152319,79,175535
11065,0.011298,74.125.130.0-255,5738,158057,79,175535
11066,0.011306,172.31.40.0-255,66,158123,79,175535
11067,0.013556,74.125.130.0-255,5738,163861,79,175535
11068,0.013563,172.31.40.0-255,66,163927,79,175535
11069,0.015838,74.125.130.0-255,5738,169665,79,175535
11070,0.015848,172.31.40.0-255,66,169731,79,175535
11071,0.018109,74.125.130.0-255,5738,175469,79,175535
11072,0.018116,172.31.40.0-255,66,175535,79,175535
11073,0.0,172.217.194.0-255,153,153,79,196569
11074,2.3e-05,172.31.40.0-255,66,219,79,196569
11075,3e-05,172.217.194.0-255,1484,1703,79,196569
11076,3.6e-05,172.31.40.0-255,66,1769,79,196569
11077,4.1e-05,172.217.194.0-255,2902,4671,79,196569
11078,5.3e-05,172.31.40.0-255,66,4737,79,196569
11079,6.1e-05,172.217.194.0-255,7156,11893,79,196569
11080,6.5e-05,172.31.40.0-255,66,11959,79,196569
11081,7e-05,172.217.194.0-255,2902,14861,79,196569
11082,7.3e-05,172.31.40.0-255,66,14927,79,196569
11083,0.000106,172.31.40.0-255,66,14993,79,196569
11084,0.000111,172.217.194.0-255,3961,18954,79,196569
11085,0.000114,172.31.40.0-255,66,19020,79,196569
11086,0.000152,172.217.194.0-255,1484,20504,79,196569
11087,0.000155,172.31.40.0-255,66,20570,79,196569
11088,0.00016,172.217.194.0-255,2902,23472,79,196569
11089,0.000162,172.31.40.0-255,66,23538,79,196569
11090,0.000165,172.217.194.0-255,1484,25022,79,196569
11091,0.000167,172.31.40.0-255,66,25088,79,196569
11092,0.000204,172.217.194.0-255,4320,29408,79,196569
11093,0.000206,172.31.40.0-255,66,29474,79,196569
11094,0.00022,172.31.40.0-255,66,29540,79,196569
11095,0.00024,172.217.194.0-255,1484,31024,79,196569
11096,0.000242,172.31.40.0-255,66,31090,79,196569
11097,0.000284,172.31.40.0-255,66,31156,79,196569
11098,0.000675,172.217.194.0-255,361,31517,79,196569
11099,0.00068,172.31.40.0-255,66,31583,79,196569
11100,0.000739,172.217.194.0-255,1484,33067,79,196569
11101,0.000742,172.31.40.0-255,66,33133,79,196569
11102,0.000746,172.217.194.0-255,1484,34617,79,196569
11103,0.000762,172.217.194.0-255,1484,36101,79,196569
11104,0.000765,172.31.40.0-255,66,36167,79,196569
11105,0.000768,172.217.194.0-255,1484,37651,79,196569
11106,0.000795,172.217.194.0-255,4320,41971,79,196569
11107,0.000798,172.31.40.0-255,66,42037,79,196569
11108,0.00081,172.31.40.0-255,66,42103,79,196569
11109,0.000836,172.217.194.0-255,2902,45005,79,196569
11110,0.000839,172.31.40.0-255,66,45071,79,196569
11111,0.000853,172.31.40.0-255,66,45137,79,196569
11112,0.001011,172.217.194.0-255,1484,46621,79,196569
11113,0.001026,172.217.194.0-255,2902,49523,79,196569
11114,0.001029,172.31.40.0-255,66,49589,79,196569
11115,0.001035,172.217.194.0-255,5738,55327,79,196569
11116,0.001038,172.31.40.0-255,66,55393,79,196569
11117,0.001071,172.217.194.0-255,4320,59713,79,196569
11118,0.001074,172.31.40.0-255,66,59779,79,196569
11119,0.00108,172.217.194.0-255,5738,65517,79,196569
11120,0.001082,172.31.40.0-255,66,65583,79,196569
11121,0.001133,172.31.40.0-255,66,65649,79,196569
11122,0.001139,172.217.194.0-255,3602,69251,79,196569
11123,0.001141,172.31.40.0-255,66,69317,79,196569
11124,0.001664,172.217.194.0-255,1484,70801,79,196569
11125,0.001687,172.217.194.0-255,2902,73703,79,196569
11126,0.001691,172.31.40.0-255,66,73769,79,196569
11127,0.001698,172.217.194.0-255,4320,78089,79,196569
11128,0.0017,172.31.40.0-255,66,78155,79,196569
11129,0.001731,172.217.194.0-255,1484,79639,79,196569
11130,0.001746,172.31.40.0-255,66,79705,79,196569
11131,0.001759,172.31.40.0-255,66,79771,79,196569
11132,0.001817,172.217.194.0-255,766,80537,79,196569
11133,0.002158,172.31.40.0-255,66,80603,79,196569
11134,0.002521,172.217.194.0-255,1484,82087,79,196569
11135,0.002531,172.217.194.0-255,2902,84989,79,196569
11136,0.002536,172.31.40.0-255,66,85055,79,196569
11137,0.002568,172.217.194.0-255,4320,89375,79,196569
11138,0.00257,172.31.40.0-255,66,89441,79,196569
11139,0.00258,172.217.194.0-255,1484,90925,79,196569
11140,0.002596,172.217.194.0-255,4320,95245,79,196569
11141,0.002598,172.31.40.0-255,66,95311,79,196569
11142,0.002626,172.217.194.0-255,2902,98213,79,196569
11143,0.002628,172.31.40.0-255,66,98279,79,196569
11144,0.002636,172.217.194.0-255,7156,105435,79,196569
11145,0.002638,172.31.40.0-255,66,105501,79,196569
11146,0.002665,172.217.194.0-255,5738,111239,79,196569
11147,0.002668,172.31.40.0-255,66,111305,79,196569
11148,0.002695,172.217.194.0-255,3602,114907,79,196569
11149,0.002697,172.31.40.0-255,66,114973,79,196569
11150,0.002762,172.217.194.0-255,1484,116457,79,196569
11151,0.002774,172.217.194.0-255,1484,117941,79,196569
11152,0.002777,172.31.40.0-255,66,118007,79,196569
11153,0.002807,172.217.194.0-255,1484,119491,79,196569
11154,0.002814,172.217.194.0-255,5738,125229,79,196569
11155,0.002816,172.31.40.0-255,66,125295,79,196569
11156,0.002828,172.31.40.0-255,66,125361,79,196569
11157,0.002852,172.217.194.0-255,2902,128263,79,196569
11158,0.002854,172.31.40.0-255,66,128329,79,196569
11159,0.002867,172.31.40.0-255,66,128395,79,196569
11160,0.002915,172.31.40.0-255,66,128461,79,196569
11161,0.002957,172.217.194.0-255,5020,133481,79,196569
11162,0.00296,172.31.40.0-255,66,133547,79,196569
11163,0.002974,172.31.40.0-255,66,133613,79,196569
11164,0.003023,172.217.194.0-255,1484,135097,79,196569
11165,0.003028,172.217.194.0-255,2902,137999,79,196569
11166,0.003031,172.31.40.0-255,66,138065,79,196569
11167,0.003038,172.217.194.0-255,5738,143803,79,196569
11168,0.00304,172.31.40.0-255,66,143869,79,196569
11169,0.003065,172.217.194.0-255,7156,151025,79,196569
11170,0.003067,172.31.40.0-255,66,151091,79,196569
11171,0.003095,172.217.194.0-255,5738,156829,79,196569
11172,0.003098,172.31.40.0-255,66,156895,79,196569
11173,0.00311,172.31.40.0-255,66,156961,79,196569
11174,0.003134,172.217.194.0-255,1484,158445,79,196569
11175,0.003138,172.217.194.0-255,2902,161347,79,196569
11176,0.00314,172.31.40.0-255,66,161413,79,196569
11177,0.003166,172.217.194.0-255,4320,165733,79,196569
11178,0.003169,172.31.40.0-255,66,165799,79,196569
11179,0.003172,172.217.194.0-255,1484,167283,79,196569
11180,0.003199,172.217.194.0-255,7156,174439,79,196569
11181,0.003202,172.31.40.0-255,66,174505,79,196569
11182,0.003205,172.217.194.0-255,1484,175989,79,196569
11183,0.003241,172.31.40.0-255,66,176055,79,196569
11184,0.003247,172.217.194.0-255,6438,182493,79,196569
11185,0.00325,172.31.40.0-255,66,182559,79,196569
11186,0.003257,172.217.194.0-255,1484,184043,79,196569
11187,0.003289,172.31.40.0-255,66,184109,79,196569
11188,0.003302,172.31.40.0-255,66,184175,79,196569
11189,0.003363,172.217.194.0-255,5020,189195,79,196569
11190,0.003366,172.31.40.0-255,66,189261,79,196569
11191,0.003369,172.217.194.0-255,1484,190745,79,196569
11192,0.00338,172.31.40.0-255,66,190811,79,196569
11193,0.003382,172.217.194.0-255,1484,192295,79,196569
11194,0.003451,172.31.40.0-255,66,192361,79,196569
11195,0.003455,172.217.194.0-255,2184,194545,79,196569
11196,0.003457,172.31.40.0-255,66,194611,79,196569
11197,0.00346,172.217.194.0-255,1484,196095,79,196569
11198,0.003471,172.31.40.0-255,66,196161,79,196569
11199,0.003484,172.31.40.0-255,66,196227,79,196569
11200,0.003571,172.217.194.0-255,105,196332,79,196569
11201,0.009214,172.31.40.0-255,66,196398,79,196569
11202,0.009252,172.31.40.0-255,105,196503,79,196569
11203,0.011543,172.217.194.0-255,66,196569,79,196569
11204,0.0,172.217.194.0-255,322,322,79,126027
11205,2.5e-05,172.31.40.0-255,66,388,79,126027
11206,3.2e-05,172.217.194.0-255,1484,1872,79,126027
11207,3.6e-05,172.31.40.0-255,66,1938,79,126027
11208,4.4e-05,172.217.194.0-255,4320,6258,79,126027
11209,4.7e-05,172.31.40.0-255,66,6324,79,126027
11210,8.7e-05,172.31.40.0-255,66,6390,79,126027
11211,9.8e-05,172.31.40.0-255,66,6456,79,126027
11212,0.000133,172.31.40.0-255,66,6522,79,126027
11213,0.000164,172.217.194.0-255,7156,13678,79,126027
11214,0.000167,172.31.40.0-255,66,13744,79,126027
11215,0.00018,172.31.40.0-255,66,13810,79,126027
11216,0.000228,172.217.194.0-255,121,13931,79,126027
11217,0.000233,172.31.40.0-255,66,13997,79,126027
11218,0.000236,172.31.40.0-255,66,14063,79,126027
11219,0.000246,172.217.194.0-255,380,14443,79,126027
11220,0.000248,172.31.40.0-255,66,14509,79,126027
11221,0.000459,172.217.194.0-255,1484,15993,79,126027
11222,0.000464,172.31.40.0-255,66,16059,79,126027
11223,0.000471,172.217.194.0-255,2902,18961,79,126027
11224,0.000473,172.31.40.0-255,66,19027,79,126027
11225,0.000478,172.217.194.0-255,2902,21929,79,126027
11226,0.000481,172.31.40.0-255,66,21995,79,126027
11227,0.000504,172.217.194.0-255,2902,24897,79,126027
11228,0.000507,172.31.40.0-255,66,24963,79,126027
11229,0.00052,172.31.40.0-255,66,25029,79,126027
11230,0.000531,172.217.194.0-255,1484,26513,79,126027
11231,0.000536,172.217.194.0-255,2902,29415,79,126027
11232,0.000539,172.31.40.0-255,66,29481,79,126027
11233,0.00057,172.31.40.0-255,66,29547,79,126027
11234,0.000804,172.217.194.0-255,1484,31031,79,126027
11235,0.000811,172.217.194.0-255,2902,33933,79,126027
11236,0.000815,172.31.40.0-255,66,33999,79,126027
11237,0.000823,172.217.194.0-255,5738,39737,79,126027
11238,0.000825,172.31.40.0-255,66,39803,79,126027
11239,0.000863,172.31.40.0-255,66,39869,79,126027
11240,0.000878,172.217.194.0-255,1484,41353,79,126027
11241,0.000901,172.31.40.0-255,66,41419,79,126027
11242,0.00092,172.217.194.0-255,3052,44471,79,126027
11243,0.000923,172.31.40.0-255,66,44537,79,126027
11244,0.000928,172.217.194.0-255,2902,47439,79,126027
11245,0.00093,172.31.40.0-255,66,47505,79,126027
11246,0.000936,172.217.194.0-255,4320,51825,79,126027
11247,0.000938,172.31.40.0-255,66,51891,79,126027
11248,0.000972,172.31.40.0-255,66,51957,79,126027
11249,0.000992,172.217.194.0-255,5738,57695,79,126027
11250,0.000995,172.31.40.0-255,66,57761,79,126027
11251,0.001025,172.31.40.0-255,66,57827,79,126027
11252,0.001073,172.217.194.0-255,1484,59311,79,126027
11253,0.001077,172.217.194.0-255,1484,60795,79,126027
11254,0.001079,172.31.40.0-255,66,60861,79,126027
11255,0.001092,172.217.194.0-255,1484,62345,79,126027
11256,0.001098,172.217.194.0-255,5738,68083,79,126027
11257,0.001101,172.31.40.0-255,66,68149,79,126027
11258,0.00117,172.31.40.0-255,66,68215,79,126027
11259,0.001183,172.31.40.0-255,66,68281,79,126027
11260,0.001189,172.217.194.0-255,4320,72601,79,126027
11261,0.001191,172.31.40.0-255,66,72667,79,126027
11262,0.00124,172.217.194.0-255,766,73433,79,126027
11263,0.001245,172.31.40.0-255,66,73499,79,126027
11264,0.001249,172.31.40.0-255,66,73565,79,126027
11265,0.001284,172.217.194.0-255,1484,75049,79,126027
11266,0.001287,172.31.40.0-255,66,75115,79,126027
11267,0.001292,172.217.194.0-255,2902,78017,79,126027
11268,0.001294,172.31.40.0-255,66,78083,79,126027
11269,0.001314,172.217.194.0-255,5738,83821,79,126027
11270,0.001316,172.31.40.0-255,66,83887,79,126027
11271,0.001337,172.217.194.0-255,4320,88207,79,126027
11272,0.00134,172.31.40.0-255,66,88273,79,126027
11273,0.001376,172.31.40.0-255,66,88339,79,126027
11274,0.001392,172.217.194.0-255,4320,92659,79,126027
11275,0.001394,172.31.40.0-255,66,92725,79,126027
11276,0.001423,172.217.194.0-255,6438,99163,79,126027
11277,0.001426,172.31.40.0-255,66,99229,79,126027
11278,0.001477,172.217.194.0-255,1484,100713,79,126027
11279,0.001497,172.217.194.0-255,2902,103615,79,126027
11280,0.001501,172.31.40.0-255,66,103681,79,126027
11281,0.001508,172.217.194.0-255,5738,109419,79,126027
11282,0.00151,172.31.40.0-255,66,109485,79,126027
11283,0.001547,172.31.40.0-255,66,109551,79,126027
11284,0.001559,172.31.40.0-255,66,109617,79,126027
11285,0.001888,172.217.194.0-255,1484,111101,79,126027
11286,0.001906,172.217.194.0-255,2902,114003,79,126027
11287,0.00191,172.31.40.0-255,66,114069,79,126027
11288,0.001916,172.217.194.0-255,5738,119807,79,126027
11289,0.001919,172.31.40.0-255,66,119873,79,126027
11290,0.001957,172.31.40.0-255,66,119939,79,126027
11291,0.001968,172.31.40.0-255,66,120005,79,126027
11292,0.002014,172.31.40.0-255,66,120071,79,126027
11293,0.002034,172.217.194.0-255,766,120837,79,126027
11294,0.002048,172.31.40.0-255,66,120903,79,126027
11295,0.002085,172.217.194.0-255,4320,125223,79,126027
11296,0.002088,172.31.40.0-255,66,125289,79,126027
11297,0.002132,172.31.40.0-255,66,125355,79,126027
11298,0.002147,172.31.40.0-255,66,125421,79,126027
11299,0.002159,172.31.40.0-255,66,125487,79,126027
11300,0.002171,172.31.40.0-255,66,125553,79,126027
11301,0.002206,172.31.40.0-255,66,125619,79,126027
11302,0.002219,172.31.40.0-255,66,125685,79,126027
11303,0.002298,172.217.194.0-255,105,125790,79,126027
11304,0.014059,172.31.40.0-255,66,125856,79,126027
11305,0.01411,172.31.40.0-255,105,125961,79,126027
11306,0.016611,172.217.194.0-255,66,126027,79,126027
11307,0.0,172.217.194.0-255,152,152,79,90947
11308,2.3e-05,172.31.40.0-255,66,218,79,90947
11309,3e-05,172.217.194.0-255,1484,1702,79,90947
11310,3.4e-05,172.31.40.0-255,66,1768,79,90947
11311,3.9e-05,172.217.194.0-255,2902,4670,79,90947
11312,5.2e-05,172.31.40.0-255,66,4736,79,90947
11313,0.000126,172.217.194.0-255,4320,9056,79,90947
11314,0.000131,172.31.40.0-255,66,9122,79,90947
11315,0.00024,172.217.194.0-255,2902,12024,79,90947
11316,0.000245,172.31.40.0-255,66,12090,79,90947
11317,0.000272,172.217.194.0-255,2111,14201,79,90947
11318,0.000275,172.31.40.0-255,66,14267,79,90947
11319,0.000369,172.217.194.0-255,2902,17169,79,90947
11320,0.000373,172.31.40.0-255,66,17235,79,90947
11321,0.000457,172.31.40.0-255,66,17301,79,90947
11322,0.000713,172.217.194.0-255,5738,23039,79,90947
11323,0.000718,172.31.40.0-255,66,23105,79,90947
11324,0.000768,172.31.40.0-255,66,23171,79,90947
11325,0.001271,172.217.194.0-255,1484,24655,79,90947
11326,0.001277,172.31.40.0-255,66,24721,79,90947
11327,0.001312,172.217.194.0-255,2902,27623,79,90947
11328,0.001315,172.31.40.0-255,66,27689,79,90947
11329,0.001399,172.217.194.0-255,5738,33427,79,90947
11330,0.001404,172.31.40.0-255,66,33493,79,90947
11331,0.001556,172.217.194.0-255,4320,37813,79,90947
11332,0.001562,172.31.40.0-255,66,37879,79,90947
11333,0.001591,172.31.40.0-255,66,37945,79,90947
11334,0.00195,172.217.194.0-255,5738,43683,79,90947
11335,0.001956,172.31.40.0-255,66,43749,79,90947
11336,0.002005,172.31.40.0-255,66,43815,79,90947
11337,0.00265,172.217.194.0-255,5738,49553,79,90947
11338,0.003384,172.217.194.0-255,1484,51037,79,90947
11339,0.003404,172.217.194.0-255,5020,56057,79,90947
11340,0.006767,172.31.40.0-255,66,56123,79,90947
11341,0.008846,172.217.194.0-255,5738,61861,79,90947
11342,0.008855,172.31.40.0-255,66,61927,79,90947
11343,0.010901,172.217.194.0-255,5738,67665,79,90947
11344,0.01091,172.31.40.0-255,66,67731,79,90947
11345,0.012968,172.217.194.0-255,5738,73469,79,90947
11346,0.012976,172.31.40.0-255,66,73535,79,90947
11347,0.015025,172.217.194.0-255,5738,79273,79,90947
11348,0.015033,172.31.40.0-255,66,79339,79,90947
11349,0.017065,172.217.194.0-255,5738,85077,79,90947
11350,0.017073,172.31.40.0-255,66,85143,79,90947
11351,0.019133,172.217.194.0-255,5738,90881,79,90947
11352,0.019145,172.31.40.0-255,66,90947,79,90947
11353,0.0,74.125.24.0-255,153,153,79,120983
11354,2.5e-05,172.31.40.0-255,66,219,79,120983
11355,3.2e-05,74.125.24.0-255,1484,1703,79,120983
11356,3.6e-05,172.31.40.0-255,66,1769,79,120983
11357,4.2e-05,74.125.24.0-255,2902,4671,79,120983
11358,4.5e-05,172.31.40.0-255,66,4737,79,120983
11359,6.8e-05,74.125.24.0-255,4320,9057,79,120983
11360,7.1e-05,172.31.40.0-255,66,9123,79,120983
11361,8.9e-05,74.125.24.0-255,1484,10607,79,120983
11362,9.1e-05,172.31.40.0-255,66,10673,79,120983
11363,0.00016,74.125.24.0-255,3492,14165,79,120983
11364,0.000165,172.31.40.0-255,66,14231,79,120983
11365,0.000268,74.125.24.0-255,1484,15715,79,120983
11366,0.000272,172.31.40.0-255,66,15781,79,120983
11367,0.000276,74.125.24.0-255,1484,17265,79,120983
11368,0.000278,172.31.40.0-255,66,17331,79,120983
11369,0.000293,74.125.24.0-255,2902,20233,79,120983
11370,0.000296,172.31.40.0-255,66,20299,79,120983
11371,0.000345,74.125.24.0-255,4320,24619,79,120983
11372,0.000348,172.31.40.0-255,66,24685,79,120983
11373,0.000365,74.125.24.0-255,1484,26169,79,120983
11374,0.000367,172.31.40.0-255,66,26235,79,120983
11375,0.000439,74.125.24.0-255,2902,29137,79,120983
11376,0.000443,172.31.40.0-255,66,29203,79,120983
11377,0.000462,74.125.24.0-255,2543,31746,79,120983
11378,0.000464,172.31.40.0-255,66,31812,79,120983
11379,0.000526,74.125.24.0-255,5738,37550,79,120983
11380,0.00053,172.31.40.0-255,66,37616,79,120983
11381,0.000552,74.125.24.0-255,5738,43354,79,120983
11382,0.000555,172.31.40.0-255,66,43420,79,120983
11383,0.000719,172.31.40.0-255,66,43486,79,120983
11384,0.000766,172.31.40.0-255,66,43552,79,120983
11385,0.001005,74.125.24.0-255,3602,47154,79,120983
11386,0.00101,172.31.40.0-255,66,47220,79,120983
11387,0.001046,74.125.24.0-255,442,47662,79,120983
11388,0.001067,74.125.24.0-255,4320,51982,79,120983
11389,0.001078,74.125.24.0-255,1484,53466,79,120983
11390,0.001082,172.31.40.0-255,66,53532,79,120983
11391,0.001188,74.125.24.0-255,2902,56434,79,120983
11392,0.001191,172.31.40.0-255,66,56500,79,120983
11393,0.001196,172.31.40.0-255,66,56566,79,120983
11394,0.001355,74.125.24.0-255,2902,59468,79,120983
11395,0.001359,172.31.40.0-255,66,59534,79,120983
11396,0.001409,172.31.40.0-255,66,59600,79,120983
11397,0.001583,74.125.24.0-255,332,59932,79,120983
11398,0.001604,74.125.24.0-255,1484,61416,79,120983
11399,0.001607,172.31.40.0-255,66,61482,79,120983
11400,0.001626,74.125.24.0-255,4320,65802,79,120983
11401,0.001644,172.31.40.0-255,66,65868,79,120983
11402,0.001698,74.125.24.0-255,7156,73024,79,120983
11403,0.001711,74.125.24.0-255,1484,74508,79,120983
11404,0.001722,172.31.40.0-255,66,74574,79,120983
11405,0.001836,74.125.24.0-255,4320,78894,79,120983
11406,0.00184,172.31.40.0-255,66,78960,79,120983
11407,0.001896,172.31.40.0-255,66,79026,79,120983
11408,0.002118,74.125.24.0-255,766,79792,79,120983
11409,0.002144,74.125.24.0-255,1484,81276,79,120983
11410,0.002148,172.31.40.0-255,66,81342,79,120983
11411,0.002171,74.125.24.0-255,4320,85662,79,120983
11412,0.002255,74.125.24.0-255,1484,87146,79,120983
11413,0.002393,74.125.24.0-255,1484,88630,79,120983
11414,0.002417,74.125.24.0-255,7156,95786,79,120983
11415,0.00789,172.31.40.0-255,66,95852,79,120983
11416,0.00815,172.31.40.0-255,101,95953,79,120983
11417,0.010195,74.125.24.0-255,2902,98855,79,120983
11418,0.010206,172.31.40.0-255,66,98921,79,120983
11419,0.010227,74.125.24.0-255,2902,101823,79,120983
11420,0.010425,74.125.24.0-255,66,101889,79,120983
11421,0.012476,172.31.40.0-255,66,101955,79,120983
11422,0.012501,74.125.24.0-255,2902,104857,79,120983
11423,0.012511,172.31.40.0-255,66,104923,79,120983
11424,0.014834,74.125.24.0-255,5738,110661,79,120983
11425,0.014846,172.31.40.0-255,66,110727,79,120983
11426,0.017168,74.125.24.0-255,4320,115047,79,120983
11427,0.017181,172.31.40.0-255,66,115113,79,120983
11428,0.0172,74.125.24.0-255,1484,116597,79,120983
11429,0.019495,74.125.24.0-255,4320,120917,79,120983
11430,0.019513,172.31.40.0-255,66,120983,79,120983
11431,0.0,74.125.24.0-255,146,146,79,227546
11432,2.1e-05,172.31.40.0-255,66,212,79,227546
11433,2.8e-05,74.125.24.0-255,1484,1696,79,227546
11434,3.2e-05,172.31.40.0-255,66,1762,79,227546
11435,3.8e-05,74.125.24.0-255,2902,4664,79,227546
11436,4.2e-05,172.31.40.0-255,66,4730,79,227546
11437,4.9e-05,74.125.24.0-255,7156,11886,79,227546
11438,5.2e-05,172.31.40.0-255,66,11952,79,227546
11439,5.6e-05,74.125.24.0-255,2067,14019,79,227546
11440,5.8e-05,172.31.40.0-255,66,14085,79,227546
11441,9.5e-05,74.125.24.0-255,1484,15569,79,227546
11442,9.7e-05,172.31.40.0-255,66,15635,79,227546
11443,0.000102,74.125.24.0-255,2902,18537,79,227546
11444,0.000105,172.31.40.0-255,66,18603,79,227546
11445,0.000125,74.125.24.0-255,4320,22923,79,227546
11446,0.000128,172.31.40.0-255,66,22989,79,227546
11447,0.000146,74.125.24.0-255,1484,24473,79,227546
11448,0.000148,172.31.40.0-255,66,24539,79,227546
11449,0.000154,74.125.24.0-255,5738,30277,79,227546
11450,0.000156,172.31.40.0-255,66,30343,79,227546
11451,0.000221,172.31.40.0-255,66,30409,79,227546
11452,0.000226,74.125.24.0-255,3961,34370,79,227546
11453,0.000228,172.31.40.0-255,66,34436,79,227546
11454,0.000482,74.125.24.0-255,1484,35920,79,227546
11455,0.000488,172.31.40.0-255,66,35986,79,227546
11456,0.000494,74.125.24.0-255,2902,38888,79,227546
11457,0.000496,172.31.40.0-255,66,38954,79,227546
11458,0.00052,74.125.24.0-255,4320,43274,79,227546
11459,0.000523,172.31.40.0-255,66,43340,79,227546
11460,0.000544,74.125.24.0-255,5738,49078,79,227546
11461,0.000547,172.31.40.0-255,66,49144,79,227546
11462,0.000569,74.125.24.0-255,3961,53105,79,227546
11463,0.000572,172.31.40.0-255,66,53171,79,227546
11464,0.000578,74.125.24.0-255,5738,58909,79,227546
11465,0.00058,172.31.40.0-255,66,58975,79,227546
11466,0.000606,74.125.24.0-255,4320,63295,79,227546
11467,0.000609,172.31.40.0-255,66,63361,79,227546
11468,0.000622,74.125.24.0-255,5379,68740,79,227546
11469,0.000624,172.31.40.0-255,66,68806,79,227546
11470,0.000662,74.125.24.0-255,4320,73126,79,227546
11471,0.000665,172.31.40.0-255,66,73192,79,227546
11472,0.000686,74.125.24.0-255,5738,78930,79,227546
11473,0.000689,172.31.40.0-255,66,78996,79,227546
11474,0.00072,74.125.24.0-255,2902,81898,79,227546
11475,0.000723,172.31.40.0-255,66,81964,79,227546
11476,0.00075,74.125.24.0-255,5959,87923,79,227546
11477,0.000753,172.31.40.0-255,66,87989,79,227546
11478,0.000765,172.31.40.0-255,66,88055,79,227546
11479,0.000803,74.125.24.0-255,4715,92770,79,227546
11480,0.000805,172.31.40.0-255,66,92836,79,227546
11481,0.001134,74.125.24.0-255,198,93034,79,227546
11482,0.001428,74.125.24.0-255,1484,94518,79,227546
11483,0.001433,172.31.40.0-255,66,94584,79,227546
11484,0.001438,74.125.24.0-255,2902,97486,79,227546
11485,0.00144,172.31.40.0-255,66,97552,79,227546
11486,0.00146,74.125.24.0-255,5738,103290,79,227546
11487,0.001464,172.31.40.0-255,66,103356,79,227546
11488,0.001491,172.31.40.0-255,66,103422,79,227546
11489,0.001498,74.125.24.0-255,5738,109160,79,227546
11490,0.0015,172.31.40.0-255,66,109226,79,227546
11491,0.001516,74.125.24.0-255,4320,113546,79,227546
11492,0.001518,172.31.40.0-255,66,113612,79,227546
11493,0.001524,74.125.24.0-255,4320,117932,79,227546
11494,0.001526,172.31.40.0-255,66,117998,79,227546
11495,0.001544,74.125.24.0-255,766,118764,79,227546
11496,0.001923,172.31.40.0-255,66,118830,79,227546
11497,0.002063,74.125.24.0-255,1484,120314,79,227546
11498,0.002073,74.125.24.0-255,2902,123216,79,227546
11499,0.002076,172.31.40.0-255,66,123282,79,227546
11500,0.002084,74.125.24.0-255,5738,129020,79,227546
11501,0.002086,172.31.40.0-255,66,129086,79,227546
11502,0.002092,74.125.24.0-255,4320,133406,79,227546
11503,0.002094,172.31.40.0-255,66,133472,79,227546
11504,0.002112,74.125.24.0-255,1484,134956,79,227546
11505,0.002117,74.125.24.0-255,2902,137858,79,227546
11506,0.002119,172.31.40.0-255,66,137924,79,227546
11507,0.00216,172.31.40.0-255,66,137990,79,227546
11508,0.002167,74.125.24.0-255,5020,143010,79,227546
11509,0.002168,172.31.40.0-255,66,143076,79,227546
11510,0.00219,74.125.24.0-255,1484,144560,79,227546
11511,0.002205,74.125.24.0-255,2902,147462,79,227546
11512,0.002207,172.31.40.0-255,66,147528,79,227546
11513,0.00223,74.125.24.0-255,1484,149012,79,227546
11514,0.002238,74.125.24.0-255,7156,156168,79,227546
11515,0.00224,172.31.40.0-255,66,156234,79,227546
11516,0.002251,172.31.40.0-255,66,156300,79,227546
11517,0.002282,74.125.24.0-255,5738,162038,79,227546
11518,0.002285,172.31.40.0-255,66,162104,79,227546
11519,0.002288,74.125.24.0-255,1484,163588,79,227546
11520,0.002294,74.125.24.0-255,5020,168608,79,227546
11521,0.002296,172.31.40.0-255,66,168674,79,227546
11522,0.00234,74.125.24.0-255,1484,170158,79,227546
11523,0.002355,74.125.24.0-255,4320,174478,79,227546
11524,0.002358,172.31.40.0-255,66,174544,79,227546
11525,0.002366,74.125.24.0-255,7156,181700,79,227546
11526,0.002368,172.31.40.0-255,66,181766,79,227546
11527,0.00239,74.125.24.0-255,4320,186086,79,227546
11528,0.002393,172.31.40.0-255,66,186152,79,227546
11529,0.00242,172.31.40.0-255,66,186218,79,227546
11530,0.002432,74.125.24.0-255,6438,192656,79,227546
11531,0.002434,172.31.40.0-255,66,192722,79,227546
11532,0.004998,74.125.24.0-255,5738,198460,79,227546
11533,0.005006,172.31.40.0-255,66,198526,79,227546
11534,0.007576,74.125.24.0-255,5738,204264,79,227546
11535,0.007582,172.31.40.0-255,66,204330,79,227546
11536,0.010168,74.125.24.0-255,5738,210068,79,227546
11537,0.01019,172.31.40.0-255,66,210134,79,227546
11538,0.012797,74.125.24.0-255,5738,215872,79,227546
11539,0.012811,172.31.40.0-255,66,215938,79,227546
11540,0.015395,74.125.24.0-255,5738,221676,79,227546
11541,0.015411,172.31.40.0-255,66,221742,79,227546
11542,0.018019,74.125.24.0-255,5738,227480,79,227546
11543,0.01804,172.31.40.0-255,66,227546,79,227546
11544,0.0,172.217.194.0-255,296,296,79,257112
11545,3.1e-05,172.31.40.0-255,66,362,79,257112
11546,3.9e-05,172.217.194.0-255,1484,1846,79,257112
11547,4.4e-05,172.31.40.0-255,66,1912,79,257112
11548,5.7e-05,172.217.194.0-255,4320,6232,79,257112
11549,6e-05,172.31.40.0-255,66,6298,79,257112
11550,7.3e-05,172.31.40.0-255,66,6364,79,257112
11551,9.1e-05,172.31.40.0-255,66,6430,79,257112
11552,0.000113,172.217.194.0-255,1484,7914,79,257112
11553,0.000116,172.31.40.0-255,66,7980,79,257112
11554,0.000121,172.217.194.0-255,2902,10882,79,257112
11555,0.000128,172.31.40.0-255,66,10948,79,257112
11556,0.000155,172.217.194.0-255,2902,13850,79,257112
11557,0.000158,172.31.40.0-255,66,13916,79,257112
11558,0.000188,172.217.194.0-255,2902,16818,79,257112
11559,0.000191,172.31.40.0-255,66,16884,79,257112
11560,0.000198,172.217.194.0-255,6797,23681,79,257112
11561,0.000201,172.31.40.0-255,66,23747,79,257112
11562,0.000209,172.217.194.0-255,7156,30903,79,257112
11563,0.000211,172.31.40.0-255,66,30969,79,257112
11564,0.000215,172.217.194.0-255,2902,33871,79,257112
11565,0.000218,172.31.40.0-255,66,33937,79,257112
11566,0.000251,172.217.194.0-255,5738,39675,79,257112
11567,0.000254,172.31.40.0-255,66,39741,79,257112
11568,0.000272,172.217.194.0-255,1125,40866,79,257112
11569,0.000275,172.31.40.0-255,66,40932,79,257112
11570,0.000817,172.217.194.0-255,645,41577,79,257112
11571,0.000823,172.31.40.0-255,66,41643,79,257112
11572,0.001084,172.217.194.0-255,1484,43127,79,257112
11573,0.001089,172.31.40.0-255,66,43193,79,257112
11574,0.001094,172.217.194.0-255,2902,46095,79,257112
11575,0.001097,172.31.40.0-255,66,46161,79,257112
11576,0.0011,172.217.194.0-255,1484,47645,79,257112
11577,0.001135,172.217.194.0-255,4320,51965,79,257112
11578,0.001137,172.31.40.0-255,66,52031,79,257112
11579,0.00115,172.31.40.0-255,66,52097,79,257112
11580,0.001153,172.217.194.0-255,1484,53581,79,257112
11581,0.001178,172.217.194.0-255,2902,56483,79,257112
11582,0.00118,172.31.40.0-255,66,56549,79,257112
11583,0.001206,172.217.194.0-255,6438,62987,79,257112
11584,0.001208,172.31.40.0-255,66,63053,79,257112
11585,0.001386,172.217.194.0-255,1484,64537,79,257112
11586,0.001399,172.217.194.0-255,2902,67439,79,257112
11587,0.001402,172.31.40.0-255,66,67505,79,257112
11588,0.001405,172.217.194.0-255,1484,68989,79,257112
11589,0.00143,172.217.194.0-255,4320,73309,79,257112
11590,0.001433,172.31.40.0-255,66,73375,79,257112
11591,0.001438,172.217.194.0-255,5738,79113,79,257112
11592,0.00144,172.31.40.0-255,66,79179,79,257112
11593,0.001462,172.217.194.0-255,2902,82081,79,257112
11594,0.001465,172.31.40.0-255,66,82147,79,257112
11595,0.001492,172.217.194.0-255,5738,87885,79,257112
11596,0.001494,172.31.40.0-255,66,87951,79,257112
11597,0.001526,172.31.40.0-255,66,88017,79,257112
11598,0.001538,172.217.194.0-255,1484,89501,79,257112
11599,0.001559,172.217.194.0-255,2902,92403,79,257112
11600,0.001561,172.31.40.0-255,66,92469,79,257112
11601,0.001576,172.217.194.0-255,5738,98207,79,257112
11602,0.001578,172.31.40.0-255,66,98273,79,257112
11603,0.001588,172.217.194.0-255,7156,105429,79,257112
11604,0.001591,172.31.40.0-255,66,105495,79,257112
11605,0.001621,172.217.194.0-255,5738,111233,79,257112
11606,0.001624,172.31.40.0-255,66,111299,79,257112
11607,0.001627,172.217.194.0-255,1484,112783,79,257112
11608,0.001657,172.31.40.0-255,66,112849,79,257112
11609,0.001715,172.217.194.0-255,1484,114333,79,257112
11610,0.001729,172.217.194.0-255,2902,117235,79,257112
11611,0.001732,172.31.40.0-255,66,117301,79,257112
11612,0.001757,172.217.194.0-255,4320,121621,79,257112
11613,0.00176,172.31.40.0-255,66,121687,79,257112
11614,0.001782,172.217.194.0-255,1484,123171,79,257112
11615,0.001794,172.31.40.0-255,66,123237,79,257112
11616,0.00181,172.217.194.0-255,2902,126139,79,257112
11617,0.001813,172.31.40.0-255,66,126205,79,257112
11618,0.001827,172.31.40.0-255,66,126271,79,257112
11619,0.001829,172.217.194.0-255,766,127037,79,257112
11620,0.00189,172.217.194.0-255,1484,128521,79,257112
11621,0.001893,172.31.40.0-255,66,128587,79,257112
11622,0.001898,172.217.194.0-255,2902,131489,79,257112
11623,0.0019,172.31.40.0-255,66,131555,79,257112
11624,0.001905,172.217.194.0-255,4320,135875,79,257112
11625,0.001906,172.31.40.0-255,66,135941,79,257112
11626,0.001925,172.217.194.0-255,1484,137425,79,257112
11627,0.001935,172.217.194.0-255,7156,144581,79,257112
11628,0.001937,172.31.40.0-255,66,144647,79,257112
11629,0.001958,172.217.194.0-255,5738,150385,79,257112
11630,0.00196,172.31.40.0-255,66,150451,79,257112
11631,0.001971,172.31.40.0-255,66,150517,79,257112
11632,0.002024,172.217.194.0-255,4320,154837,79,257112
11633,0.002026,172.31.40.0-255,66,154903,79,257112
11634,0.002032,172.217.194.0-255,5738,160641,79,257112
11635,0.002034,172.31.40.0-255,66,160707,79,257112
11636,0.002039,172.217.194.0-255,5738,166445,79,257112
11637,0.002041,172.31.40.0-255,66,166511,79,257112
11638,0.002066,172.217.194.0-255,5738,172249,79,257112
11639,0.002069,172.31.40.0-255,66,172315,79,257112
11640,0.002084,172.31.40.0-255,66,172381,79,257112
11641,0.0021,172.217.194.0-255,4320,176701,79,257112
11642,0.002112,172.217.194.0-255,4320,181021,79,257112
11643,0.002133,172.217.194.0-255,3602,184623,79,257112
11644,0.002149,172.31.40.0-255,66,184689,79,257112
11645,0.002157,172.217.194.0-255,1484,186173,79,257112
11646,0.002209,172.31.40.0-255,66,186239,79,257112
11647,0.002406,172.217.194.0-255,1484,187723,79,257112
11648,0.002412,172.217.194.0-255,2902,190625,79,257112
11649,0.002415,172.31.40.0-255,66,190691,79,257112
11650,0.002421,172.217.194.0-255,5738,196429,79,257112
11651,0.002425,172.31.40.0-255,66,196495,79,257112
11652,0.002458,172.217.194.0-255,1484,197979,79,257112
11653,0.002481,172.31.40.0-255,66,198045,79,257112
11654,0.002549,172.217.194.0-255,1484,199529,79,257112
11655,0.002569,172.217.194.0-255,2902,202431,79,257112
11656,0.002572,172.31.40.0-255,66,202497,79,257112
11657,0.002583,172.217.194.0-255,2902,205399,79,257112
11658,0.002598,172.217.194.0-255,2902,208301,79,257112
11659,0.002604,172.31.40.0-255,66,208367,79,257112
11660,0.002613,172.217.194.0-255,2902,211269,79,257112
11661,0.002634,172.31.40.0-255,66,211335,79,257112
11662,0.002648,172.217.194.0-255,1484,212819,79,257112
11663,0.002653,172.217.194.0-255,5738,218557,79,257112
11664,0.00266,172.217.194.0-255,3602,222159,79,257112
11665,0.002662,172.217.194.0-255,1484,223643,79,257112
11666,0.002669,172.31.40.0-255,66,223709,79,257112
11667,0.002678,172.217.194.0-255,1484,225193,79,257112
11668,0.002708,172.217.194.0-255,4320,229513,79,257112
11669,0.00271,172.217.194.0-255,1484,230997,79,257112
11670,0.002717,172.31.40.0-255,66,231063,79,257112
11671,0.002747,172.217.194.0-255,5738,236801,79,257112
11672,0.002761,172.217.194.0-255,766,237567,79,257112
11673,0.002764,172.217.194.0-255,1484,239051,79,257112
11674,0.002766,172.217.194.0-255,1484,240535,79,257112
11675,0.002787,172.217.194.0-255,4320,244855,79,257112
11676,0.002791,172.31.40.0-255,66,244921,79,257112
11677,0.002801,172.31.40.0-255,66,244987,79,257112
11678,0.002841,172.217.194.0-255,7156,252143,79,257112
11679,0.002863,172.217.194.0-255,2902,255045,79,257112
11680,0.002867,172.217.194.0-255,1725,256770,79,257112
11681,0.00287,172.217.194.0-255,105,256875,79,257112
11682,0.002898,172.31.40.0-255,66,256941,79,257112
11683,0.004773,172.31.40.0-255,105,257046,79,257112
11684,0.007287,172.217.194.0-255,66,257112,79,257112
11685,0.0,172.217.194.0-255,150,150,79,202704
11686,2.4e-05,172.31.40.0-255,66,216,79,202704
11687,3.1e-05,172.217.194.0-255,1484,1700,79,202704
11688,3.6e-05,172.31.40.0-255,66,1766,79,202704
11689,5e-05,172.217.194.0-255,2902,4668,79,202704
11690,5.3e-05,172.31.40.0-255,66,4734,79,202704
11691,5.9e-05,172.217.194.0-255,4320,9054,79,202704
11692,6.2e-05,172.31.40.0-255,66,9120,79,202704
11693,7.5e-05,172.31.40.0-255,66,9186,79,202704
11694,8.7e-05,172.31.40.0-255,66,9252,79,202704
11695,0.000131,172.217.194.0-255,1484,10736,79,202704
11696,0.000135,172.31.40.0-255,66,10802,79,202704
11697,0.00014,172.217.194.0-255,2902,13704,79,202704
11698,0.000142,172.31.40.0-255,66,13770,79,202704
11699,0.000149,172.217.194.0-255,5738,19508,79,202704
11700,0.000151,172.31.40.0-255,66,19574,79,202704
11701,0.000193,172.217.194.0-255,6797,26371,79,202704
11702,0.000196,172.31.40.0-255,66,26437,79,202704
11703,0.000481,172.217.194.0-255,1484,27921,79,202704
11704,0.000487,172.31.40.0-255,66,27987,79,202704
11705,0.000492,172.217.194.0-255,2902,30889,79,202704
11706,0.000494,172.31.40.0-255,66,30955,79,202704
11707,0.000506,172.217.194.0-255,5738,36693,79,202704
11708,0.000509,172.31.40.0-255,66,36759,79,202704
11709,0.000543,172.217.194.0-255,4320,41079,79,202704
11710,0.000545,172.31.40.0-255,66,41145,79,202704
11711,0.000576,172.217.194.0-255,2543,43688,79,202704
11712,0.000579,172.31.40.0-255,66,43754,79,202704
11713,0.000582,172.217.194.0-255,646,44400,79,202704
11714,0.000584,172.31.40.0-255,66,44466,79,202704
11715,0.001227,172.217.194.0-255,1484,45950,79,202704
11716,0.001237,172.217.194.0-255,2902,48852,79,202704
11717,0.001241,172.31.40.0-255,66,48918,79,202704
11718,0.001247,172.217.194.0-255,2902,51820,79,202704
11719,0.001249,172.31.40.0-255,66,51886,79,202704
11720,0.001267,172.217.194.0-255,2902,54788,79,202704
11721,0.001269,172.31.40.0-255,66,54854,79,202704
11722,0.00128,172.31.40.0-255,66,54920,79,202704
11723,0.00132,172.217.194.0-255,4320,59240,79,202704
11724,0.001323,172.31.40.0-255,66,59306,79,202704
11725,0.001335,172.31.40.0-255,66,59372,79,202704
11726,0.001423,172.217.194.0-255,1484,60856,79,202704
11727,0.001429,172.217.194.0-255,2902,63758,79,202704
11728,0.001432,172.31.40.0-255,66,63824,79,202704
11729,0.001436,172.217.194.0-255,1484,65308,79,202704
11730,0.001458,172.217.194.0-255,4320,69628,79,202704
11731,0.00146,172.31.40.0-255,66,69694,79,202704
11732,0.001464,172.217.194.0-255,1484,71178,79,202704
11733,0.001498,172.31.40.0-255,66,71244,79,202704
11734,0.001506,172.217.194.0-255,7156,78400,79,202704
11735,0.001509,172.31.40.0-255,66,78466,79,202704
11736,0.001529,172.217.194.0-255,1484,79950,79,202704
11737,0.001558,172.217.194.0-255,2184,82134,79,202704
11738,0.001562,172.31.40.0-255,66,82200,79,202704
11739,0.001824,172.217.194.0-255,1484,83684,79,202704
11740,0.001832,172.217.194.0-255,2902,86586,79,202704
11741,0.001836,172.31.40.0-255,66,86652,79,202704
11742,0.001841,172.217.194.0-255,2902,89554,79,202704
11743,0.001843,172.31.40.0-255,66,89620,79,202704
11744,0.001877,172.217.194.0-255,2902,92522,79,202704
11745,0.00188,172.31.40.0-255,66,92588,79,202704
11746,0.001893,172.31.40.0-255,66,92654,79,202704
11747,0.001896,172.217.194.0-255,1484,94138,79,202704
11748,0.001928,172.217.194.0-255,4320,98458,79,202704
11749,0.001931,172.31.40.0-255,66,98524,79,202704
11750,0.001962,172.217.194.0-255,5020,103544,79,202704
11751,0.001965,172.31.40.0-255,66,103610,79,202704
11752,0.001984,172.217.194.0-255,5738,109348,79,202704
11753,0.001986,172.31.40.0-255,66,109414,79,202704
11754,0.002016,172.217.194.0-255,7156,116570,79,202704
11755,0.002019,172.31.40.0-255,66,116636,79,202704
11756,0.002058,172.217.194.0-255,1484,118120,79,202704
11757,0.002075,172.31.40.0-255,66,118186,79,202704
11758,0.002079,172.217.194.0-255,3602,121788,79,202704
11759,0.002082,172.31.40.0-255,66,121854,79,202704
11760,0.002205,172.217.194.0-255,1484,123338,79,202704
11761,0.002212,172.217.194.0-255,2902,126240,79,202704
11762,0.002216,172.31.40.0-255,66,126306,79,202704
11763,0.002219,172.217.194.0-255,1484,127790,79,202704
11764,0.002251,172.217.194.0-255,4320,132110,79,202704
11765,0.002254,172.31.40.0-255,66,132176,79,202704
11766,0.002272,172.31.40.0-255,66,132242,79,202704
11767,0.002279,172.217.194.0-255,7156,139398,79,202704
11768,0.002282,172.31.40.0-255,66,139464,79,202704
11769,0.002321,172.217.194.0-255,3602,143066,79,202704
11770,0.002324,172.31.40.0-255,66,143132,79,202704
11771,0.002375,172.217.194.0-255,1484,144616,79,202704
11772,0.002379,172.217.194.0-255,1484,146100,79,202704
11773,0.002381,172.31.40.0-255,66,146166,79,202704
11774,0.002406,172.217.194.0-255,1484,147650,79,202704
11775,0.002413,172.217.194.0-255,5738,153388,79,202704
11776,0.002503,172.217.194.0-255,766,154154,79,202704
11777,0.002522,172.217.194.0-255,5738,159892,79,202704
11778,0.002535,172.217.194.0-255,4320,164212,79,202704
11779,0.002587,172.217.194.0-255,7156,171368,79,202704
11780,0.002647,172.217.194.0-255,6438,177806,79,202704
11781,0.002672,172.217.194.0-255,1484,179290,79,202704
11782,0.007938,172.31.40.0-255,66,179356,79,202704
11783,0.010585,172.217.194.0-255,5738,185094,79,202704
11784,0.010598,172.31.40.0-255,66,185160,79,202704
11785,0.01319,172.217.194.0-255,5738,190898,79,202704
11786,0.013203,172.31.40.0-255,66,190964,79,202704
11787,0.015824,172.217.194.0-255,2902,193866,79,202704
11788,0.015831,172.31.40.0-255,66,193932,79,202704
11789,0.015861,172.217.194.0-255,2902,196834,79,202704
11790,0.015865,172.31.40.0-255,66,196900,79,202704
11791,0.018463,172.217.194.0-255,5738,202638,79,202704
11792,0.018484,172.31.40.0-255,66,202704,79,202704
11793,0.0,172.217.194.0-255,159,159,79,254993
11794,3e-05,172.31.40.0-255,66,225,79,254993
11795,3.8e-05,172.217.194.0-255,1484,1709,79,254993
11796,4.3e-05,172.31.40.0-255,66,1775,79,254993
11797,4.9e-05,172.217.194.0-255,2902,4677,79,254993
11798,5.3e-05,172.31.40.0-255,66,4743,79,254993
11799,5.9e-05,172.217.194.0-255,5738,10481,79,254993
11800,6.2e-05,172.31.40.0-255,66,10547,79,254993
11801,8.8e-05,172.217.194.0-255,3560,14107,79,254993
11802,9.1e-05,172.31.40.0-255,66,14173,79,254993
11803,0.000128,172.217.194.0-255,1484,15657,79,254993
11804,0.000131,172.31.40.0-255,66,15723,79,254993
11805,0.000145,172.217.194.0-255,2902,18625,79,254993
11806,0.000147,172.31.40.0-255,66,18691,79,254993
11807,0.000152,172.217.194.0-255,2902,21593,79,254993
11808,0.000154,172.31.40.0-255,66,21659,79,254993
11809,0.000179,172.217.194.0-255,2902,24561,79,254993
11810,0.000181,172.31.40.0-255,66,24627,79,254993
11811,0.000189,172.217.194.0-255,6797,31424,79,254993
11812,0.000191,172.31.40.0-255,66,31490,79,254993
11813,0.000194,172.217.194.0-255,1484,32974,79,254993
11814,0.000196,172.31.40.0-255,66,33040,79,254993
11815,0.000226,172.217.194.0-255,5738,38778,79,254993
11816,0.000229,172.31.40.0-255,66,38844,79,254993
11817,0.000235,172.217.194.0-255,5738,44582,79,254993
11818,0.000238,172.31.40.0-255,66,44648,79,254993
11819,0.000252,172.217.194.0-255,3961,48609,79,254993
11820,0.000254,172.31.40.0-255,66,48675,79,254993
11821,0.000586,172.217.194.0-255,1484,50159,79,254993
11822,0.000593,172.31.40.0-255,66,50225,79,254993
11823,0.000599,172.217.194.0-255,2902,53127,79,254993
11824,0.000602,172.31.40.0-255,66,53193,79,254993
11825,0.000632,172.217.194.0-255,5738,58931,79,254993
11826,0.000635,172.31.40.0-255,66,58997,79,254993
11827,0.000642,172.217.194.0-255,6797,65794,79,254993
11828,0.000644,172.31.40.0-255,66,65860,79,254993
11829,0.000662,172.217.194.0-255,358,66218,79,254993
11830,0.000974,172.217.194.0-255,385,66603,79,254993
11831,0.001153,172.31.40.0-255,66,66669,79,254993
11832,0.001172,172.217.194.0-255,1484,68153,79,254993
11833,0.001185,172.217.194.0-255,2902,71055,79,254993
11834,0.001187,172.31.40.0-255,66,71121,79,254993
11835,0.001212,172.217.194.0-255,5738,76859,79,254993
11836,0.001215,172.31.40.0-255,66,76925,79,254993
11837,0.001255,172.217.194.0-255,6797,83722,79,254993
11838,0.001258,172.31.40.0-255,66,83788,79,254993
11839,0.001294,172.217.194.0-255,7156,90944,79,254993
11840,0.001297,172.31.40.0-255,66,91010,79,254993
11841,0.001324,172.31.40.0-255,66,91076,79,254993
11842,0.001336,172.217.194.0-255,1125,92201,79,254993
11843,0.001541,172.31.40.0-255,66,92267,79,254993
11844,0.001676,172.217.194.0-255,1484,93751,79,254993
11845,0.001692,172.217.194.0-255,2902,96653,79,254993
11846,0.001695,172.31.40.0-255,66,96719,79,254993
11847,0.001703,172.217.194.0-255,5738,102457,79,254993
11848,0.001705,172.31.40.0-255,66,102523,79,254993
11849,0.001748,172.31.40.0-255,66,102589,79,254993
11850,0.001756,172.217.194.0-255,7156,109745,79,254993
11851,0.001758,172.31.40.0-255,66,109811,79,254993
11852,0.001774,172.217.194.0-255,3602,113413,79,254993
11853,0.001776,172.31.40.0-255,66,113479,79,254993
11854,0.001822,172.31.40.0-255,66,113545,79,254993
11855,0.001886,172.31.40.0-255,66,113611,79,254993
11856,0.001901,172.31.40.0-255,66,113677,79,254993
11857,0.001904,172.217.194.0-255,766,114443,79,254993
11858,0.001957,172.217.194.0-255,1484,115927,79,254993
11859,0.001959,172.31.40.0-255,66,115993,79,254993
11860,0.001976,172.217.194.0-255,2902,118895,79,254993
11861,0.001979,172.31.40.0-255,66,118961,79,254993
11862,0.001985,172.217.194.0-255,4320,123281,79,254993
11863,0.001988,172.31.40.0-255,66,123347,79,254993
11864,0.002003,172.217.194.0-255,1484,124831,79,254993
11865,0.002006,172.217.194.0-255,1484,126315,79,254993
11866,0.002009,172.31.40.0-255,66,126381,79,254993
11867,0.002031,172.217.194.0-255,2902,129283,79,254993
11868,0.002034,172.31.40.0-255,66,129349,79,254993
11869,0.002051,172.217.194.0-255,5738,135087,79,254993
11870,0.002054,172.31.40.0-255,66,135153,79,254993
11871,0.002085,172.217.194.0-255,5738,140891,79,254993
11872,0.002088,172.31.40.0-255,66,140957,79,254993
11873,0.002099,172.31.40.0-255,66,141023,79,254993
11874,0.002101,172.217.194.0-255,1484,142507,79,254993
11875,0.002126,172.217.194.0-255,2902,145409,79,254993
11876,0.002128,172.31.40.0-255,66,145475,79,254993
11877,0.002134,172.217.194.0-255,5738,151213,79,254993
11878,0.002137,172.31.40.0-255,66,151279,79,254993
11879,0.002157,172.217.194.0-255,5738,157017,79,254993
11880,0.00216,172.31.40.0-255,66,157083,79,254993
11881,0.002189,172.217.194.0-255,7156,164239,79,254993
11882,0.002192,172.31.40.0-255,66,164305,79,254993
11883,0.002205,172.217.194.0-255,2902,167207,79,254993
11884,0.002208,172.31.40.0-255,66,167273,79,254993
11885,0.002229,172.31.40.0-255,66,167339,79,254993
11886,0.002263,172.217.194.0-255,4320,171659,79,254993
11887,0.002265,172.31.40.0-255,66,171725,79,254993
11888,0.002291,172.217.194.0-255,7156,178881,79,254993
11889,0.002294,172.31.40.0-255,66,178947,79,254993
11890,0.002311,172.31.40.0-255,66,179013,79,254993
11891,0.002338,172.217.194.0-255,4320,183333,79,254993
11892,0.002341,172.31.40.0-255,66,183399,79,254993
11893,0.002352,172.31.40.0-255,66,183465,79,254993
11894,0.002356,172.217.194.0-255,2902,186367,79,254993
11895,0.002359,172.31.40.0-255,66,186433,79,254993
11896,0.002363,172.217.194.0-255,1484,187917,79,254993
11897,0.002386,172.217.194.0-255,2902,190819,79,254993
11898,0.002389,172.31.40.0-255,66,190885,79,254993
11899,0.002392,172.217.194.0-255,1484,192369,79,254993
11900,0.002418,172.217.194.0-255,7156,199525,79,254993
11901,0.002421,172.31.40.0-255,66,199591,79,254993
11902,0.002424,172.217.194.0-255,1484,201075,79,254993
11903,0.002443,172.217.194.0-255,5738,206813,79,254993
11904,0.002446,172.31.40.0-255,66,206879,79,254993
11905,0.002491,172.31.40.0-255,66,206945,79,254993
11906,0.002523,172.217.194.0-255,5738,212683,79,254993
11907,0.002526,172.31.40.0-255,66,212749,79,254993
11908,0.002552,172.217.194.0-255,5738,218487,79,254993
11909,0.002556,172.31.40.0-255,66,218553,79,254993
11910,0.002566,172.31.40.0-255,66,218619,79,254993
11911,0.002607,172.217.194.0-255,4320,222939,79,254993
11912,0.002636,172.217.194.0-255,1484,224423,79,254993
11913,0.00264,172.217.194.0-255,2902,227325,79,254993
11914,0.002643,172.217.194.0-255,1484,228809,79,254993
11915,0.002658,172.217.194.0-255,4320,233129,79,254993
11916,0.002664,172.217.194.0-255,4320,237449,79,254993
11917,0.01056,172.31.40.0-255,66,237515,79,254993
11918,0.012922,172.217.194.0-255,1484,238999,79,254993
11919,0.013182,172.217.194.0-255,4320,243319,79,254993
11920,0.01319,172.31.40.0-255,66,243385,79,254993
11921,0.015817,172.217.194.0-255,5738,249123,79,254993
11922,0.015834,172.31.40.0-255,66,249189,79,254993
11923,0.018473,172.217.194.0-255,5738,254927,79,254993
11924,0.018492,172.31.40.0-255,66,254993,79,254993
11925,0.0,172.217.194.0-255,150,150,79,155199
11926,1.4e-05,172.31.40.0-255,66,216,79,155199
11927,2e-05,172.217.194.0-255,1484,1700,79,155199
11928,2.4e-05,172.31.40.0-255,66,1766,79,155199
11929,2.7e-05,172.217.194.0-255,1484,3250,79,155199
11930,3e-05,172.31.40.0-255,66,3316,79,155199
11931,5.5e-05,172.217.194.0-255,1484,4800,79,155199
11932,5.9e-05,172.31.40.0-255,66,4866,79,155199
11933,7.1e-05,172.217.194.0-255,5738,10604,79,155199
11934,7.3e-05,172.31.40.0-255,66,10670,79,155199
11935,0.000114,172.31.40.0-255,66,10736,79,155199
11936,0.000162,172.31.40.0-255,66,10802,79,155199
11937,0.000218,172.217.194.0-255,1484,12286,79,155199
11938,0.000221,172.31.40.0-255,66,12352,79,155199
11939,0.000244,172.217.194.0-255,2902,15254,79,155199
11940,0.000247,172.31.40.0-255,66,15320,79,155199
11941,0.000254,172.217.194.0-255,5738,21058,79,155199
11942,0.000256,172.31.40.0-255,66,21124,79,155199
11943,0.0003,172.31.40.0-255,66,21190,79,155199
11944,0.000306,172.217.194.0-255,5738,26928,79,155199
11945,0.000308,172.31.40.0-255,66,26994,79,155199
11946,0.000351,172.217.194.0-255,5630,32624,79,155199
11947,0.000354,172.31.40.0-255,66,32690,79,155199
11948,0.000712,172.217.194.0-255,1484,34174,79,155199
11949,0.000717,172.31.40.0-255,66,34240,79,155199
11950,0.000724,172.217.194.0-255,2902,37142,79,155199
11951,0.000727,172.31.40.0-255,66,37208,79,155199
11952,0.00074,172.217.194.0-255,5738,42946,79,155199
11953,0.000742,172.31.40.0-255,66,43012,79,155199
11954,0.000784,172.31.40.0-255,66,43078,79,155199
11955,0.000823,172.31.40.0-255,66,43144,79,155199
11956,0.000866,172.217.194.0-255,1484,44628,79,155199
11957,0.000871,172.217.194.0-255,2902,47530,79,155199
11958,0.000874,172.31.40.0-255,66,47596,79,155199
11959,0.000881,172.217.194.0-255,4320,51916,79,155199
11960,0.000883,172.31.40.0-255,66,51982,79,155199
11961,0.000902,172.217.194.0-255,1484,53466,79,155199
11962,0.000912,172.217.194.0-255,5738,59204,79,155199
11963,0.000914,172.31.40.0-255,66,59270,79,155199
11964,0.00094,172.217.194.0-255,5738,65008,79,155199
11965,0.000944,172.31.40.0-255,66,65074,79,155199
11966,0.000972,172.31.40.0-255,66,65140,79,155199
11967,0.001002,172.217.194.0-255,5020,70160,79,155199
11968,0.001004,172.31.40.0-255,66,70226,79,155199
11969,0.001008,172.217.194.0-255,2902,73128,79,155199
11970,0.001011,172.31.40.0-255,66,73194,79,155199
11971,0.001045,172.31.40.0-255,66,73260,79,155199
11972,0.001049,172.217.194.0-255,2902,76162,79,155199
11973,0.001051,172.31.40.0-255,66,76228,79,155199
11974,0.001092,172.31.40.0-255,66,76294,79,155199
11975,0.001112,172.31.40.0-255,66,76360,79,155199
11976,0.001117,172.217.194.0-255,3602,79962,79,155199
11977,0.00112,172.31.40.0-255,66,80028,79,155199
11978,0.001193,172.217.194.0-255,1484,81512,79,155199
11979,0.001198,172.217.194.0-255,2902,84414,79,155199
11980,0.001201,172.31.40.0-255,66,84480,79,155199
11981,0.001234,172.217.194.0-255,5738,90218,79,155199
11982,0.001237,172.31.40.0-255,66,90284,79,155199
11983,0.001248,172.31.40.0-255,66,90350,79,155199
11984,0.001271,172.217.194.0-255,2902,93252,79,155199
11985,0.001323,172.31.40.0-255,66,93318,79,155199
11986,0.001326,172.31.40.0-255,66,93384,79,155199
11987,0.001395,172.217.194.0-255,1484,94868,79,155199
11988,0.001411,172.217.194.0-255,2902,97770,79,155199
11989,0.001414,172.31.40.0-255,66,97836,79,155199
11990,0.001418,172.217.194.0-255,1484,99320,79,155199
11991,0.001436,172.217.194.0-255,4320,103640,79,155199
11992,0.001438,172.31.40.0-255,66,103706,79,155199
11993,0.001444,172.217.194.0-255,5738,109444,79,155199
11994,0.001446,172.31.40.0-255,66,109510,79,155199
11995,0.001478,172.217.194.0-255,7156,116666,79,155199
11996,0.00148,172.31.40.0-255,66,116732,79,155199
11997,0.001496,172.31.40.0-255,66,116798,79,155199
11998,0.001499,172.217.194.0-255,766,117564,79,155199
11999,0.001881,172.217.194.0-255,1484,119048,79,155199
12000,0.001885,172.31.40.0-255,66,119114,79,155199
12001,0.001919,172.217.194.0-255,2902,122016,79,155199
12002,0.001921,172.31.40.0-255,66,122082,79,155199
12003,0.001927,172.217.194.0-255,5738,127820,79,155199
12004,0.001929,172.31.40.0-255,66,127886,79,155199
12005,0.001932,172.217.194.0-255,1484,129370,79,155199
12006,0.001945,172.31.40.0-255,66,129436,79,155199
12007,0.001975,172.217.194.0-255,1484,130920,79,155199
12008,0.002006,172.31.40.0-255,66,130986,79,155199
12009,0.002055,172.31.40.0-255,66,131052,79,155199
12010,0.002071,172.31.40.0-255,66,131118,79,155199
12011,0.002073,172.217.194.0-255,1484,132602,79,155199
12012,0.002113,172.31.40.0-255,66,132668,79,155199
12013,0.002139,172.217.194.0-255,5020,137688,79,155199
12014,0.002152,172.31.40.0-255,66,137754,79,155199
12015,0.002155,172.31.40.0-255,66,137820,79,155199
12016,0.00218,172.217.194.0-255,5020,142840,79,155199
12017,0.002182,172.31.40.0-255,66,142906,79,155199
12018,0.002198,172.31.40.0-255,66,142972,79,155199
12019,0.00221,172.31.40.0-255,66,143038,79,155199
12020,0.002227,172.217.194.0-255,5738,148776,79,155199
12021,0.002232,172.31.40.0-255,66,148842,79,155199
12022,0.002291,172.31.40.0-255,66,148908,79,155199
12023,0.002298,172.217.194.0-255,5883,154791,79,155199
12024,0.002299,172.31.40.0-255,66,154857,79,155199
12025,0.002302,172.217.194.0-255,105,154962,79,155199
12026,0.00426,172.31.40.0-255,66,155028,79,155199
12027,0.00429,172.31.40.0-255,105,155133,79,155199
12028,0.006627,172.217.194.0-255,66,155199,79,155199
12029,0.0,74.125.68.0-255,153,153,79,251149
12030,2.8e-05,172.31.40.0-255,66,219,79,251149
12031,3.6e-05,74.125.68.0-255,1484,1703,79,251149
12032,4.1e-05,172.31.40.0-255,66,1769,79,251149
12033,4.8e-05,74.125.68.0-255,2902,4671,79,251149
12034,5.2e-05,172.31.40.0-255,66,4737,79,251149
12035,5.8e-05,74.125.68.0-255,4320,9057,79,251149
12036,6.2e-05,172.31.40.0-255,66,9123,79,251149
12037,6.8e-05,74.125.68.0-255,5013,14136,79,251149
12038,7.1e-05,172.31.40.0-255,66,14202,79,251149
12039,0.00044,74.125.68.0-255,1484,15686,79,251149
12040,0.000448,172.31.40.0-255,66,15752,79,251149
12041,0.000454,74.125.68.0-255,2902,18654,79,251149
12042,0.000456,172.31.40.0-255,66,18720,79,251149
12043,0.00046,74.125.68.0-255,1484,20204,79,251149
12044,0.000462,172.31.40.0-255,66,20270,79,251149
12045,0.000486,74.125.68.0-255,4320,24590,79,251149
12046,0.000491,74.125.68.0-255,4320,28910,79,251149
12047,0.000495,172.31.40.0-255,66,28976,79,251149
12048,0.000498,172.31.40.0-255,66,29042,79,251149
12049,0.000524,74.125.68.0-255,5379,34421,79,251149
12050,0.000528,172.31.40.0-255,66,34487,79,251149
12051,0.000547,74.125.68.0-255,2902,37389,79,251149
12052,0.00055,172.31.40.0-255,66,37455,79,251149
12053,0.000553,74.125.68.0-255,1484,38939,79,251149
12054,0.000555,172.31.40.0-255,66,39005,79,251149
12055,0.000593,172.31.40.0-255,66,39071,79,251149
12056,0.000596,74.125.68.0-255,1125,40196,79,251149
12057,0.000597,172.31.40.0-255,66,40262,79,251149
12058,0.000625,74.125.68.0-255,1484,41746,79,251149
12059,0.000629,172.31.40.0-255,66,41812,79,251149
12060,0.000632,74.125.68.0-255,1484,43296,79,251149
12061,0.000636,74.125.68.0-255,1484,44780,79,251149
12062,0.000657,74.125.68.0-255,1484,46264,79,251149
12063,0.000664,74.125.68.0-255,5738,52002,79,251149
12064,0.000689,74.125.68.0-255,2902,54904,79,251149
12065,0.000701,74.125.68.0-255,2850,57754,79,251149
12066,0.000756,74.125.68.0-255,1484,59238,79,251149
12067,0.00076,74.125.68.0-255,2902,62140,79,251149
12068,0.000776,74.125.68.0-255,1484,63624,79,251149
12069,0.00079,74.125.68.0-255,4320,67944,79,251149
12070,0.000794,74.125.68.0-255,2902,70846,79,251149
12071,0.000826,74.125.68.0-255,4320,75166,79,251149
12072,0.000847,74.125.68.0-255,6797,81963,79,251149
12073,0.000854,74.125.68.0-255,7156,89119,79,251149
12074,0.000888,74.125.68.0-255,2826,91945,79,251149
12075,0.001083,74.125.68.0-255,1484,93429,79,251149
12076,0.001089,74.125.68.0-255,2902,96331,79,251149
12077,0.001092,74.125.68.0-255,1484,97815,79,251149
12078,0.001108,74.125.68.0-255,2902,100717,79,251149
12079,0.001128,74.125.68.0-255,5738,106455,79,251149
12080,0.001148,74.125.68.0-255,2902,109357,79,251149
12081,0.001466,74.125.68.0-255,1484,110841,79,251149
12082,0.001472,74.125.68.0-255,1484,112325,79,251149
12083,0.001492,74.125.68.0-255,1484,113809,79,251149
12084,0.001499,74.125.68.0-255,5738,119547,79,251149
12085,0.001502,74.125.68.0-255,1484,121031,79,251149
12086,0.001523,74.125.68.0-255,5738,126769,79,251149
12087,0.001551,74.125.68.0-255,5738,132507,79,251149
12088,0.001572,74.125.68.0-255,1484,133991,79,251149
12089,0.001584,74.125.68.0-255,766,134757,79,251149
12090,0.001614,74.125.68.0-255,1484,136241,79,251149
12091,0.001637,74.125.68.0-255,4320,140561,79,251149
12092,0.001661,74.125.68.0-255,5738,146299,79,251149
12093,0.00167,74.125.68.0-255,7156,153455,79,251149
12094,0.001691,172.31.40.0-255,66,153521,79,251149
12095,0.001702,74.125.68.0-255,1484,155005,79,251149
12096,0.001744,74.125.68.0-255,2902,157907,79,251149
12097,0.001747,74.125.68.0-255,766,158673,79,251149
12098,0.001758,172.31.40.0-255,66,158739,79,251149
12099,0.001789,74.125.68.0-255,1484,160223,79,251149
12100,0.001803,74.125.68.0-255,2902,163125,79,251149
12101,0.001809,172.31.40.0-255,66,163191,79,251149
12102,0.001818,74.125.68.0-255,2902,166093,79,251149
12103,0.001823,172.31.40.0-255,66,166159,79,251149
12104,0.001835,74.125.68.0-255,2902,169061,79,251149
12105,0.001858,74.125.68.0-255,5738,174799,79,251149
12106,0.001876,74.125.68.0-255,7156,181955,79,251149
12107,0.001883,172.31.40.0-255,66,182021,79,251149
12108,0.001904,74.125.68.0-255,2902,184923,79,251149
12109,0.001916,172.31.40.0-255,66,184989,79,251149
12110,0.001935,172.31.40.0-255,66,185055,79,251149
12111,0.002003,74.125.68.0-255,1484,186539,79,251149
12112,0.00201,74.125.68.0-255,2902,189441,79,251149
12113,0.002016,172.31.40.0-255,66,189507,79,251149
12114,0.00204,74.125.68.0-255,5738,195245,79,251149
12115,0.002057,74.125.68.0-255,5738,200983,79,251149
12116,0.00206,172.31.40.0-255,66,201049,79,251149
12117,0.002068,172.31.40.0-255,66,201115,79,251149
12118,0.002084,74.125.68.0-255,5738,206853,79,251149
12119,0.002113,74.125.68.0-255,3602,210455,79,251149
12120,0.002122,172.31.40.0-255,66,210521,79,251149
12121,0.004189,74.125.68.0-255,5738,216259,79,251149
12122,0.004197,172.31.40.0-255,66,216325,79,251149
12123,0.006265,74.125.68.0-255,5738,222063,79,251149
12124,0.008524,172.31.40.0-255,66,222129,79,251149
12125,0.010596,74.125.68.0-255,5738,227867,79,251149
12126,0.010603,172.31.40.0-255,66,227933,79,251149
12127,0.012678,74.125.68.0-255,5738,233671,79,251149
12128,0.012692,172.31.40.0-255,66,233737,79,251149
12129,0.014759,74.125.68.0-255,5738,239475,79,251149
12130,0.014768,172.31.40.0-255,66,239541,79,251149
12131,0.016846,74.125.68.0-255,5738,245279,79,251149
12132,0.016853,172.31.40.0-255,66,245345,79,251149
12133,0.018931,74.125.68.0-255,5738,251083,79,251149
12134,0.018939,172.31.40.0-255,66,251149,79,251149
12135,0.0,74.125.130.0-255,143,143,79,228951
12136,2.2e-05,172.31.40.0-255,66,209,79,228951
12137,3e-05,74.125.130.0-255,1484,1693,79,228951
12138,3.5e-05,172.31.40.0-255,66,1759,79,228951
12139,4.8e-05,74.125.130.0-255,2902,4661,79,228951
12140,5.2e-05,172.31.40.0-255,66,4727,79,228951
12141,5.8e-05,74.125.130.0-255,4320,9047,79,228951
12142,6.2e-05,172.31.40.0-255,66,9113,79,228951
12143,9.1e-05,74.125.130.0-255,4903,14016,79,228951
12144,9.5e-05,172.31.40.0-255,66,14082,79,228951
12145,0.000176,74.125.130.0-255,1484,15566,79,228951
12146,0.000179,172.31.40.0-255,66,15632,79,228951
12147,0.000185,74.125.130.0-255,2902,18534,79,228951
12148,0.000187,172.31.40.0-255,66,18600,79,228951
12149,0.00019,74.125.130.0-255,1484,20084,79,228951
12150,0.000192,172.31.40.0-255,66,20150,79,228951
12151,0.000217,74.125.130.0-255,4320,24470,79,228951
12152,0.00022,172.31.40.0-255,66,24536,79,228951
12153,0.000254,74.125.130.0-255,2902,27438,79,228951
12154,0.000256,172.31.40.0-255,66,27504,79,228951
12155,0.000281,74.125.130.0-255,3961,31465,79,228951
12156,0.000284,172.31.40.0-255,66,31531,79,228951
12157,0.000366,74.125.130.0-255,1484,33015,79,228951
12158,0.00037,172.31.40.0-255,66,33081,79,228951
12159,0.000374,74.125.130.0-255,1484,34565,79,228951
12160,0.000376,172.31.40.0-255,66,34631,79,228951
12161,0.000381,74.125.130.0-255,2902,37533,79,228951
12162,0.000384,172.31.40.0-255,66,37599,79,228951
12163,0.00042,74.125.130.0-255,5738,43337,79,228951
12164,0.000423,172.31.40.0-255,66,43403,79,228951
12165,0.000428,74.125.130.0-255,4320,47723,79,228951
12166,0.00043,172.31.40.0-255,66,47789,79,228951
12167,0.000472,172.31.40.0-255,66,47855,79,228951
12168,0.000482,172.31.40.0-255,66,47921,79,228951
12169,0.000484,74.125.130.0-255,678,48599,79,228951
12170,0.000695,74.125.130.0-255,1484,50083,79,228951
12171,0.000699,172.31.40.0-255,66,50149,79,228951
12172,0.000705,74.125.130.0-255,2902,53051,79,228951
12173,0.000707,172.31.40.0-255,66,53117,79,228951
12174,0.000731,74.125.130.0-255,5738,58855,79,228951
12175,0.000734,172.31.40.0-255,66,58921,79,228951
12176,0.000737,74.125.130.0-255,1484,60405,79,228951
12177,0.000787,172.31.40.0-255,66,60471,79,228951
12178,0.000802,74.125.130.0-255,2184,62655,79,228951
12179,0.000807,172.31.40.0-255,66,62721,79,228951
12180,0.000926,74.125.130.0-255,1484,64205,79,228951
12181,0.000932,74.125.130.0-255,2902,67107,79,228951
12182,0.000935,172.31.40.0-255,66,67173,79,228951
12183,0.00094,74.125.130.0-255,2902,70075,79,228951
12184,0.000966,74.125.130.0-255,2902,72977,79,228951
12185,0.000973,74.125.130.0-255,7156,80133,79,228951
12186,0.000979,74.125.130.0-255,4320,84453,79,228951
12187,0.000994,74.125.130.0-255,4320,88773,79,228951
12188,0.001013,74.125.130.0-255,2902,91675,79,228951
12189,0.001022,172.31.40.0-255,66,91741,79,228951
12190,0.001033,74.125.130.0-255,5020,96761,79,228951
12191,0.00105,172.31.40.0-255,66,96827,79,228951
12192,0.001504,74.125.130.0-255,1484,98311,79,228951
12193,0.001511,74.125.130.0-255,2902,101213,79,228951
12194,0.001514,172.31.40.0-255,66,101279,79,228951
12195,0.001549,74.125.130.0-255,5738,107017,79,228951
12196,0.001553,172.31.40.0-255,66,107083,79,228951
12197,0.001565,172.31.40.0-255,66,107149,79,228951
12198,0.001587,74.125.130.0-255,2902,110051,79,228951
12199,0.001589,172.31.40.0-255,66,110117,79,228951
12200,0.0016,172.31.40.0-255,66,110183,79,228951
12201,0.001603,74.125.130.0-255,766,110949,79,228951
12202,0.001663,74.125.130.0-255,1484,112433,79,228951
12203,0.001666,172.31.40.0-255,66,112499,79,228951
12204,0.001672,74.125.130.0-255,2902,115401,79,228951
12205,0.001677,172.31.40.0-255,66,115467,79,228951
12206,0.001692,74.125.130.0-255,5738,121205,79,228951
12207,0.001694,74.125.130.0-255,1484,122689,79,228951
12208,0.0017,172.31.40.0-255,66,122755,79,228951
12209,0.001725,74.125.130.0-255,5738,128493,79,228951
12210,0.001749,74.125.130.0-255,2902,131395,79,228951
12211,0.001763,74.125.130.0-255,2184,133579,79,228951
12212,0.001786,172.31.40.0-255,66,133645,79,228951
12213,0.001874,74.125.130.0-255,1484,135129,79,228951
12214,0.00188,74.125.130.0-255,2902,138031,79,228951
12215,0.001883,172.31.40.0-255,66,138097,79,228951
12216,0.001898,74.125.130.0-255,1484,139581,79,228951
12217,0.00193,74.125.130.0-255,4320,143901,79,228951
12218,0.00198,172.31.40.0-255,66,143967,79,228951
12219,0.002034,172.31.40.0-255,66,144033,79,228951
12220,0.002099,74.125.130.0-255,1484,145517,79,228951
12221,0.002104,74.125.130.0-255,2902,148419,79,228951
12222,0.002115,74.125.130.0-255,1484,149903,79,228951
12223,0.002118,172.31.40.0-255,66,149969,79,228951
12224,0.002129,74.125.130.0-255,1484,151453,79,228951
12225,0.002134,74.125.130.0-255,4320,155773,79,228951
12226,0.002141,74.125.130.0-255,1484,157257,79,228951
12227,0.00217,74.125.130.0-255,7156,164413,79,228951
12228,0.002177,74.125.130.0-255,5738,170151,79,228951
12229,0.002233,74.125.130.0-255,2902,173053,79,228951
12230,0.002258,74.125.130.0-255,1484,174537,79,228951
12231,0.002278,74.125.130.0-255,2902,177439,79,228951
12232,0.002295,74.125.130.0-255,2184,179623,79,228951
12233,0.002317,74.125.130.0-255,5738,185361,79,228951
12234,0.002321,74.125.130.0-255,2902,188263,79,228951
12235,0.002327,74.125.130.0-255,4320,192583,79,228951
12236,0.002375,74.125.130.0-255,5738,198321,79,228951
12237,0.002399,74.125.130.0-255,6438,204759,79,228951
12238,0.00242,74.125.130.0-255,2902,207661,79,228951
12239,0.002434,74.125.130.0-255,4320,211981,79,228951
12240,0.002439,74.125.130.0-255,2902,214883,79,228951
12241,0.002457,74.125.130.0-255,5738,220621,79,228951
12242,0.002514,74.125.130.0-255,6438,227059,79,228951
12243,0.002623,74.125.130.0-255,1484,228543,79,228951
12244,0.012228,172.31.40.0-255,66,228609,79,228951
12245,0.013408,74.125.130.0-255,105,228714,79,228951
12246,0.014655,172.31.40.0-255,66,228780,79,228951
12247,0.014691,172.31.40.0-255,105,228885,79,228951
12248,0.01726,74.125.130.0-255,66,228951,79,228951
12249,0.0,74.125.24.0-255,146,146,79,192353
12250,2.5e-05,172.31.40.0-255,66,212,79,192353
12251,3.2e-05,74.125.24.0-255,1484,1696,79,192353
12252,3.7e-05,172.31.40.0-255,66,1762,79,192353
12253,4.3e-05,74.125.24.0-255,2902,4664,79,192353
12254,4.7e-05,172.31.40.0-255,66,4730,79,192353
12255,6.8e-05,74.125.24.0-255,1484,6214,79,192353
12256,7.1e-05,172.31.40.0-255,66,6280,79,192353
12257,0.000102,74.125.24.0-255,5738,12018,79,192353
12258,0.000106,172.31.40.0-255,66,12084,79,192353
12259,0.00011,74.125.24.0-255,1900,13984,79,192353
12260,0.000112,172.31.40.0-255,66,14050,79,192353
12261,0.000165,74.125.24.0-255,1484,15534,79,192353
12262,0.000168,172.31.40.0-255,66,15600,79,192353
12263,0.000173,74.125.24.0-255,2902,18502,79,192353
12264,0.000176,172.31.40.0-255,66,18568,79,192353
12265,0.000179,74.125.24.0-255,1484,20052,79,192353
12266,0.000181,172.31.40.0-255,66,20118,79,192353
12267,0.00021,74.125.24.0-255,4320,24438,79,192353
12268,0.000213,172.31.40.0-255,66,24504,79,192353
12269,0.000219,74.125.24.0-255,4320,28824,79,192353
12270,0.000221,172.31.40.0-255,66,28890,79,192353
12271,0.000237,74.125.24.0-255,2543,31433,79,192353
12272,0.000239,172.31.40.0-255,66,31499,79,192353
12273,0.000366,74.125.24.0-255,1484,32983,79,192353
12274,0.000371,172.31.40.0-255,66,33049,79,192353
12275,0.000375,74.125.24.0-255,1484,34533,79,192353
12276,0.000378,172.31.40.0-255,66,34599,79,192353
12277,0.000406,74.125.24.0-255,1484,36083,79,192353
12278,0.000408,172.31.40.0-255,66,36149,79,192353
12279,0.000415,74.125.24.0-255,5738,41887,79,192353
12280,0.000418,172.31.40.0-255,66,41953,79,192353
12281,0.000438,74.125.24.0-255,5738,47691,79,192353
12282,0.000458,74.125.24.0-255,1125,48816,79,192353
12283,0.000466,74.125.24.0-255,7156,55972,79,192353
12284,0.000471,74.125.24.0-255,2902,58874,79,192353
12285,0.000528,74.125.24.0-255,5738,64612,79,192353
12286,0.000542,74.125.24.0-255,1435,66047,79,192353
12287,0.000545,74.125.24.0-255,113,66160,79,192353
12288,0.000589,172.31.40.0-255,66,66226,79,192353
12289,0.000632,74.125.24.0-255,1484,67710,79,192353
12290,0.000655,74.125.24.0-255,2902,70612,79,192353
12291,0.000661,74.125.24.0-255,5738,76350,79,192353
12292,0.000674,74.125.24.0-255,1484,77834,79,192353
12293,0.000694,74.125.24.0-255,5379,83213,79,192353
12294,0.0007,74.125.24.0-255,4320,87533,79,192353
12295,0.000705,172.31.40.0-255,66,87599,79,192353
12296,0.00073,74.125.24.0-255,2806,90405,79,192353
12297,0.000746,172.31.40.0-255,66,90471,79,192353
12298,0.001183,74.125.24.0-255,1484,91955,79,192353
12299,0.00119,74.125.24.0-255,2902,94857,79,192353
12300,0.001193,172.31.40.0-255,66,94923,79,192353
12301,0.001215,74.125.24.0-255,5738,100661,79,192353
12302,0.001228,172.31.40.0-255,66,100727,79,192353
12303,0.001242,74.125.24.0-255,5738,106465,79,192353
12304,0.001285,74.125.24.0-255,2902,109367,79,192353
12305,0.001297,74.125.24.0-255,2184,111551,79,192353
12306,0.001303,172.31.40.0-255,66,111617,79,192353
12307,0.001813,74.125.24.0-255,1484,113101,79,192353
12308,0.001832,74.125.24.0-255,2902,116003,79,192353
12309,0.001836,172.31.40.0-255,66,116069,79,192353
12310,0.00184,74.125.24.0-255,1484,117553,79,192353
12311,0.001861,74.125.24.0-255,4320,121873,79,192353
12312,0.001867,172.31.40.0-255,66,121939,79,192353
12313,0.001877,74.125.24.0-255,4320,126259,79,192353
12314,0.001894,74.125.24.0-255,5738,131997,79,192353
12315,0.001913,74.125.24.0-255,2902,134899,79,192353
12316,0.001918,74.125.24.0-255,4320,139219,79,192353
12317,0.001921,172.31.40.0-255,66,139285,79,192353
12318,0.001926,172.31.40.0-255,66,139351,79,192353
12319,0.001937,74.125.24.0-255,2902,142253,79,192353
12320,0.00195,74.125.24.0-255,3602,145855,79,192353
12321,0.001965,172.31.40.0-255,66,145921,79,192353
12322,0.004024,74.125.24.0-255,5738,151659,79,192353
12323,0.004032,172.31.40.0-255,66,151725,79,192353
12324,0.006053,74.125.24.0-255,5738,157463,79,192353
12325,0.006896,172.31.40.0-255,66,157529,79,192353
12326,0.008929,74.125.24.0-255,5738,163267,79,192353
12327,0.00894,172.31.40.0-255,66,163333,79,192353
12328,0.011008,74.125.24.0-255,5738,169071,79,192353
12329,0.011016,172.31.40.0-255,66,169137,79,192353
12330,0.01305,74.125.24.0-255,5738,174875,79,192353
12331,0.013061,172.31.40.0-255,66,174941,79,192353
12332,0.015077,74.125.24.0-255,5738,180679,79,192353
12333,0.015086,172.31.40.0-255,66,180745,79,192353
12334,0.017128,74.125.24.0-255,5738,186483,79,192353
12335,0.01714,172.31.40.0-255,66,186549,79,192353
12336,0.019152,74.125.24.0-255,5738,192287,79,192353
12337,0.019162,172.31.40.0-255,66,192353,79,192353
12338,0.0,172.217.194.0-255,145,145,79,172653
12339,2e-05,172.31.40.0-255,66,211,79,172653
12340,2.6e-05,172.217.194.0-255,1484,1695,79,172653
12341,3.1e-05,172.31.40.0-255,66,1761,79,172653
12342,3.8e-05,172.217.194.0-255,2902,4663,79,172653
12343,4.2e-05,172.31.40.0-255,66,4729,79,172653
12344,5e-05,172.217.194.0-255,7156,11885,79,172653
12345,5.3e-05,172.31.40.0-255,66,11951,79,172653
12346,5.7e-05,172.217.194.0-255,1976,13927,79,172653
12347,6e-05,172.31.40.0-255,66,13993,79,172653
12348,0.000262,172.217.194.0-255,1484,15477,79,172653
12349,0.000268,172.31.40.0-255,66,15543,79,172653
12350,0.000285,172.217.194.0-255,2902,18445,79,172653
12351,0.000288,172.31.40.0-255,66,18511,79,172653
12352,0.000291,172.217.194.0-255,1484,19995,79,172653
12353,0.000293,172.31.40.0-255,66,20061,79,172653
12354,0.00031,172.217.194.0-255,4320,24381,79,172653
12355,0.000313,172.31.40.0-255,66,24447,79,172653
12356,0.000316,172.217.194.0-255,1484,25931,79,172653
12357,0.000317,172.31.40.0-255,66,25997,79,172653
12358,0.000343,172.217.194.0-255,5379,31376,79,172653
12359,0.000345,172.31.40.0-255,66,31442,79,172653
12360,0.000439,172.217.194.0-255,1484,32926,79,172653
12361,0.000443,172.31.40.0-255,66,32992,79,172653
12362,0.000447,172.217.194.0-255,1484,34476,79,172653
12363,0.000449,172.31.40.0-255,66,34542,79,172653
12364,0.000463,172.217.194.0-255,1484,36026,79,172653
12365,0.000466,172.31.40.0-255,66,36092,79,172653
12366,0.000471,172.217.194.0-255,2902,38994,79,172653
12367,0.000473,172.31.40.0-255,66,39060,79,172653
12368,0.000498,172.217.194.0-255,2902,41962,79,172653
12369,0.000502,172.31.40.0-255,66,42028,79,172653
12370,0.000513,172.31.40.0-255,66,42094,79,172653
12371,0.00053,172.217.194.0-255,3961,46055,79,172653
12372,0.000533,172.31.40.0-255,66,46121,79,172653
12373,0.000544,172.31.40.0-255,66,46187,79,172653
12374,0.000546,172.217.194.0-255,394,46581,79,172653
12375,0.000616,172.217.194.0-255,380,46961,79,172653
12376,0.00092,172.217.194.0-255,1484,48445,79,172653
12377,0.000926,172.31.40.0-255,66,48511,79,172653
12378,0.000932,172.217.194.0-255,2902,51413,79,172653
12379,0.000934,172.31.40.0-255,66,51479,79,172653
12380,0.000941,172.217.194.0-255,5738,57217,79,172653
12381,0.000943,172.31.40.0-255,66,57283,79,172653
12382,0.000967,172.217.194.0-255,1484,58767,79,172653
12383,0.000984,172.217.194.0-255,5379,64146,79,172653
12384,0.000989,172.31.40.0-255,66,64212,79,172653
12385,0.001014,172.217.194.0-255,7156,71368,79,172653
12386,0.001016,172.31.40.0-255,66,71434,79,172653
12387,0.001022,172.217.194.0-255,5738,77172,79,172653
12388,0.001024,172.31.40.0-255,66,77238,79,172653
12389,0.001042,172.217.194.0-255,3961,81199,79,172653
12390,0.001044,172.31.40.0-255,66,81265,79,172653
12391,0.001529,172.217.194.0-255,1484,82749,79,172653
12392,0.001538,172.217.194.0-255,2902,85651,79,172653
12393,0.001542,172.31.40.0-255,66,85717,79,172653
12394,0.001551,172.217.194.0-255,5738,91455,79,172653
12395,0.001553,172.31.40.0-255,66,91521,79,172653
12396,0.001559,172.217.194.0-255,5738,97259,79,172653
12397,0.001561,172.31.40.0-255,66,97325,79,172653
12398,0.001594,172.217.194.0-255,7156,104481,79,172653
12399,0.001597,172.31.40.0-255,66,104547,79,172653
12400,0.001609,172.31.40.0-255,66,104613,79,172653
12401,0.001651,172.217.194.0-255,1484,106097,79,172653
12402,0.001656,172.217.194.0-255,2902,108999,79,172653
12403,0.001659,172.31.40.0-255,66,109065,79,172653
12404,0.001665,172.217.194.0-255,5738,114803,79,172653
12405,0.001667,172.31.40.0-255,66,114869,79,172653
12406,0.001674,172.217.194.0-255,5738,120607,79,172653
12407,0.001676,172.31.40.0-255,66,120673,79,172653
12408,0.001697,172.217.194.0-255,7156,127829,79,172653
12409,0.0017,172.31.40.0-255,66,127895,79,172653
12410,0.001711,172.31.40.0-255,66,127961,79,172653
12411,0.001714,172.217.194.0-255,766,128727,79,172653
12412,0.002391,172.217.194.0-255,1484,130211,79,172653
12413,0.002398,172.31.40.0-255,66,130277,79,172653
12414,0.002404,172.217.194.0-255,2902,133179,79,172653
12415,0.002407,172.31.40.0-255,66,133245,79,172653
12416,0.004741,172.217.194.0-255,2902,136147,79,172653
12417,0.004746,172.31.40.0-255,66,136213,79,172653
12418,0.004762,172.217.194.0-255,2902,139115,79,172653
12419,0.004765,172.31.40.0-255,66,139181,79,172653
12420,0.007087,172.217.194.0-255,4320,143501,79,172653
12421,0.007095,172.31.40.0-255,66,143567,79,172653
12422,0.007108,172.217.194.0-255,1484,145051,79,172653
12423,0.009443,172.217.194.0-255,4320,149371,79,172653
12424,0.00945,172.31.40.0-255,66,149437,79,172653
12425,0.011776,172.217.194.0-255,5738,155175,79,172653
12426,0.011785,172.31.40.0-255,66,155241,79,172653
12427,0.014132,172.217.194.0-255,5738,160979,79,172653
12428,0.014141,172.31.40.0-255,66,161045,79,172653
12429,0.016462,172.217.194.0-255,5738,166783,79,172653
12430,0.016473,172.31.40.0-255,66,166849,79,172653
12431,0.018852,172.217.194.0-255,5738,172587,79,172653
12432,0.01886,172.31.40.0-255,66,172653,79,172653
12433,0.0,74.125.24.0-255,146,146,79,207300
12434,1.3e-05,172.31.40.0-255,66,212,79,207300
12435,2e-05,74.125.24.0-255,1484,1696,79,207300
12436,2.5e-05,172.31.40.0-255,66,1762,79,207300
12437,3.1e-05,74.125.24.0-255,2902,4664,79,207300
12438,3.5e-05,172.31.40.0-255,66,4730,79,207300
12439,5e-05,74.125.24.0-255,7156,11886,79,207300
12440,5.3e-05,172.31.40.0-255,66,11952,79,207300
12441,5.8e-05,74.125.24.0-255,1946,13898,79,207300
12442,6e-05,172.31.40.0-255,66,13964,79,207300
12443,0.000149,74.125.24.0-255,1484,15448,79,207300
12444,0.000152,172.31.40.0-255,66,15514,79,207300
12445,0.000157,74.125.24.0-255,2902,18416,79,207300
12446,0.00016,172.31.40.0-255,66,18482,79,207300
12447,0.000165,74.125.24.0-255,4320,22802,79,207300
12448,0.000172,172.31.40.0-255,66,22868,79,207300
12449,0.000202,74.125.24.0-255,1484,24352,79,207300
12450,0.000204,172.31.40.0-255,66,24418,79,207300
12451,0.000211,74.125.24.0-255,5738,30156,79,207300
12452,0.000214,172.31.40.0-255,66,30222,79,207300
12453,0.000226,74.125.24.0-255,6797,37019,79,207300
12454,0.000229,172.31.40.0-255,66,37085,79,207300
12455,0.000263,172.31.40.0-255,66,37151,79,207300
12456,0.000291,74.125.24.0-255,4320,41471,79,207300
12457,0.000293,172.31.40.0-255,66,41537,79,207300
12458,0.000334,172.31.40.0-255,66,41603,79,207300
12459,0.000337,74.125.24.0-255,330,41933,79,207300
12460,0.000339,172.31.40.0-255,66,41999,79,207300
12461,0.000684,74.125.24.0-255,1484,43483,79,207300
12462,0.00069,172.31.40.0-255,66,43549,79,207300
12463,0.000696,74.125.24.0-255,2902,46451,79,207300
12464,0.000699,172.31.40.0-255,66,46517,79,207300
12465,0.000709,74.125.24.0-255,4320,50837,79,207300
12466,0.000712,172.31.40.0-255,66,50903,79,207300
12467,0.000716,74.125.24.0-255,2902,53805,79,207300
12468,0.000719,172.31.40.0-255,66,53871,79,207300
12469,0.000754,74.125.24.0-255,5738,59609,79,207300
12470,0.00076,74.125.24.0-255,5738,65347,79,207300
12471,0.000765,172.31.40.0-255,66,65413,79,207300
12472,0.000768,172.31.40.0-255,66,65479,79,207300
12473,0.000811,172.31.40.0-255,66,65545,79,207300
12474,0.000943,74.125.24.0-255,1484,67029,79,207300
12475,0.000969,74.125.24.0-255,2902,69931,79,207300
12476,0.000973,172.31.40.0-255,66,69997,79,207300
12477,0.000978,74.125.24.0-255,4320,74317,79,207300
12478,0.000981,172.31.40.0-255,66,74383,79,207300
12479,0.000984,74.125.24.0-255,1484,75867,79,207300
12480,0.001009,74.125.24.0-255,7156,83023,79,207300
12481,0.001016,172.31.40.0-255,66,83089,79,207300
12482,0.001047,74.125.24.0-255,2902,85991,79,207300
12483,0.00105,172.31.40.0-255,66,86057,79,207300
12484,0.001085,172.31.40.0-255,66,86123,79,207300
12485,0.001111,74.125.24.0-255,2184,88307,79,207300
12486,0.001115,172.31.40.0-255,66,88373,79,207300
12487,0.001121,74.125.24.0-255,4320,92693,79,207300
12488,0.001124,172.31.40.0-255,66,92759,79,207300
12489,0.001134,74.125.24.0-255,5738,98497,79,207300
12490,0.001137,172.31.40.0-255,66,98563,79,207300
12491,0.001175,172.31.40.0-255,66,98629,79,207300
12492,0.001188,172.31.40.0-255,66,98695,79,207300
12493,0.001206,172.31.40.0-255,66,98761,79,207300
12494,0.00122,172.31.40.0-255,66,98827,79,207300
12495,0.001231,172.31.40.0-255,66,98893,79,207300
12496,0.001298,74.125.24.0-255,1484,100377,79,207300
12497,0.001303,74.125.24.0-255,2902,103279,79,207300
12498,0.001306,172.31.40.0-255,66,103345,79,207300
12499,0.001312,74.125.24.0-255,5738,109083,79,207300
12500,0.001314,172.31.40.0-255,66,109149,79,207300
12501,0.00133,172.31.40.0-255,66,109215,79,207300
12502,0.001352,74.125.24.0-255,1484,110699,79,207300
12503,0.001375,74.125.24.0-255,4320,115019,79,207300
12504,0.001378,172.31.40.0-255,66,115085,79,207300
12505,0.001408,74.125.24.0-255,6438,121523,79,207300
12506,0.001421,172.31.40.0-255,66,121589,79,207300
12507,0.001425,172.31.40.0-255,66,121655,79,207300
12508,0.001432,74.125.24.0-255,1484,123139,79,207300
12509,0.001453,172.31.40.0-255,66,123205,79,207300
12510,0.001456,74.125.24.0-255,1484,124689,79,207300
12511,0.001496,172.31.40.0-255,66,124755,79,207300
12512,0.001509,172.31.40.0-255,66,124821,79,207300
12513,0.001525,172.31.40.0-255,66,124887,79,207300
12514,0.001559,74.125.24.0-255,5738,130625,79,207300
12515,0.001562,172.31.40.0-255,66,130691,79,207300
12516,0.001569,74.125.24.0-255,7156,137847,79,207300
12517,0.001571,172.31.40.0-255,66,137913,79,207300
12518,0.001601,74.125.24.0-255,766,138679,79,207300
12519,0.001606,74.125.24.0-255,2902,141581,79,207300
12520,0.001609,172.31.40.0-255,66,141647,79,207300
12521,0.001612,74.125.24.0-255,1484,143131,79,207300
12522,0.001636,74.125.24.0-255,2902,146033,79,207300
12523,0.001639,172.31.40.0-255,66,146099,79,207300
12524,0.001649,172.31.40.0-255,66,146165,79,207300
12525,0.001687,74.125.24.0-255,4320,150485,79,207300
12526,0.001691,172.31.40.0-255,66,150551,79,207300
12527,0.00173,172.31.40.0-255,66,150617,79,207300
12528,0.001732,74.125.24.0-255,766,151383,79,207300
12529,0.001757,74.125.24.0-255,1484,152867,79,207300
12530,0.00176,172.31.40.0-255,66,152933,79,207300
12531,0.001765,74.125.24.0-255,4320,157253,79,207300
12532,0.001768,172.31.40.0-255,66,157319,79,207300
12533,0.001773,74.125.24.0-255,4320,161639,79,207300
12534,0.001775,172.31.40.0-255,66,161705,79,207300
12535,0.001787,74.125.24.0-255,5738,167443,79,207300
12536,0.001789,172.31.40.0-255,66,167509,79,207300
12537,0.001823,74.125.24.0-255,7156,174665,79,207300
12538,0.001826,172.31.40.0-255,66,174731,79,207300
12539,0.001844,172.31.40.0-255,66,174797,79,207300
12540,0.001923,74.125.24.0-255,1484,176281,79,207300
12541,0.001929,74.125.24.0-255,2902,179183,79,207300
12542,0.001931,172.31.40.0-255,66,179249,79,207300
12543,0.001935,74.125.24.0-255,1484,180733,79,207300
12544,0.001961,74.125.24.0-255,4320,185053,79,207300
12545,0.001964,172.31.40.0-255,66,185119,79,207300
12546,0.002015,172.31.40.0-255,66,185185,79,207300
12547,0.002047,74.125.24.0-255,1484,186669,79,207300
12548,0.002055,74.125.24.0-255,7156,193825,79,207300
12549,0.002058,172.31.40.0-255,66,193891,79,207300
12550,0.002062,74.125.24.0-255,3602,197493,79,207300
12551,0.002065,172.31.40.0-255,66,197559,79,207300
12552,0.00207,74.125.24.0-255,4320,201879,79,207300
12553,0.002072,172.31.40.0-255,66,201945,79,207300
12554,0.002089,172.31.40.0-255,66,202011,79,207300
12555,0.002095,74.125.24.0-255,4881,206892,79,207300
12556,0.002097,172.31.40.0-255,66,206958,79,207300
12557,0.0021,74.125.24.0-255,105,207063,79,207300
12558,0.005189,172.31.40.0-255,66,207129,79,207300
12559,0.005227,172.31.40.0-255,105,207234,79,207300
12560,0.00744,74.125.24.0-255,66,207300,79,207300
12561,0.0,74.125.68.0-255,152,152,79,201531
12562,2.1e-05,172.31.40.0-255,66,218,79,201531
12563,2.8e-05,74.125.68.0-255,1484,1702,79,201531
12564,3.2e-05,172.31.40.0-255,66,1768,79,201531
12565,3.8e-05,74.125.68.0-255,2902,4670,79,201531
12566,4.2e-05,172.31.40.0-255,66,4736,79,201531
12567,7.1e-05,74.125.68.0-255,7156,11892,79,201531
12568,7.4e-05,172.31.40.0-255,66,11958,79,201531
12569,7.9e-05,74.125.68.0-255,1984,13942,79,201531
12570,8.1e-05,172.31.40.0-255,66,14008,79,201531
12571,8.6e-05,74.125.68.0-255,2902,16910,79,201531
12572,8.8e-05,172.31.40.0-255,66,16976,79,201531
12573,0.000121,74.125.68.0-255,7156,24132,79,201531
12574,0.000124,172.31.40.0-255,66,24198,79,201531
12575,0.000127,74.125.68.0-255,1484,25682,79,201531
12576,0.000128,172.31.40.0-255,66,25748,79,201531
12577,0.00015,74.125.68.0-255,5379,31127,79,201531
12578,0.000152,172.31.40.0-255,66,31193,79,201531
12579,0.000223,74.125.68.0-255,1484,32677,79,201531
12580,0.000226,172.31.40.0-255,66,32743,79,201531
12581,0.00023,74.125.68.0-255,1484,34227,79,201531
12582,0.000232,172.31.40.0-255,66,34293,79,201531
12583,0.000247,74.125.68.0-255,1484,35777,79,201531
12584,0.000249,172.31.40.0-255,66,35843,79,201531
12585,0.000256,74.125.68.0-255,4320,40163,79,201531
12586,0.000259,172.31.40.0-255,66,40229,79,201531
12587,0.000274,74.125.68.0-255,1484,41713,79,201531
12588,0.000277,172.31.40.0-255,66,41779,79,201531
12589,0.000285,74.125.68.0-255,6797,48576,79,201531
12590,0.000287,172.31.40.0-255,66,48642,79,201531
12591,0.000315,74.125.68.0-255,7156,55798,79,201531
12592,0.000318,172.31.40.0-255,66,55864,79,201531
12593,0.000341,172.31.40.0-255,66,55930,79,201531
12594,0.000368,74.125.68.0-255,1125,57055,79,201531
12595,0.000432,74.125.68.0-255,646,57701,79,201531
12596,0.000435,172.31.40.0-255,66,57767,79,201531
12597,0.000879,74.125.68.0-255,1484,59251,79,201531
12598,0.000885,74.125.68.0-255,2902,62153,79,201531
12599,0.00089,172.31.40.0-255,66,62219,79,201531
12600,0.000907,74.125.68.0-255,5738,67957,79,201531
12601,0.000909,172.31.40.0-255,66,68023,79,201531
12602,0.000931,74.125.68.0-255,4320,72343,79,201531
12603,0.000934,172.31.40.0-255,66,72409,79,201531
12604,0.000957,172.31.40.0-255,66,72475,79,201531
12605,0.000982,74.125.68.0-255,1484,73959,79,201531
12606,0.001005,172.31.40.0-255,66,74025,79,201531
12607,0.001155,74.125.68.0-255,1484,75509,79,201531
12608,0.001172,74.125.68.0-255,2902,78411,79,201531
12609,0.001175,172.31.40.0-255,66,78477,79,201531
12610,0.001202,74.125.68.0-255,2902,81379,79,201531
12611,0.001205,172.31.40.0-255,66,81445,79,201531
12612,0.001211,74.125.68.0-255,4320,85765,79,201531
12613,0.001213,172.31.40.0-255,66,85831,79,201531
12614,0.001242,172.31.40.0-255,66,85897,79,201531
12615,0.001249,74.125.68.0-255,7156,93053,79,201531
12616,0.001252,172.31.40.0-255,66,93119,79,201531
12617,0.001308,74.125.68.0-255,6438,99557,79,201531
12618,0.001311,172.31.40.0-255,66,99623,79,201531
12619,0.00151,74.125.68.0-255,1484,101107,79,201531
12620,0.001516,74.125.68.0-255,2902,104009,79,201531
12621,0.001519,172.31.40.0-255,66,104075,79,201531
12622,0.001531,74.125.68.0-255,1484,105559,79,201531
12623,0.001548,74.125.68.0-255,4320,109879,79,201531
12624,0.00155,172.31.40.0-255,66,109945,79,201531
12625,0.001555,74.125.68.0-255,2902,112847,79,201531
12626,0.001557,172.31.40.0-255,66,112913,79,201531
12627,0.001562,74.125.68.0-255,4320,117233,79,201531
12628,0.001564,172.31.40.0-255,66,117299,79,201531
12629,0.001589,172.31.40.0-255,66,117365,79,201531
12630,0.001597,74.125.68.0-255,5738,123103,79,201531
12631,0.0016,172.31.40.0-255,66,123169,79,201531
12632,0.001643,74.125.68.0-255,2184,125353,79,201531
12633,0.001647,172.31.40.0-255,66,125419,79,201531
12634,0.001696,74.125.68.0-255,2902,128321,79,201531
12635,0.001701,172.31.40.0-255,66,128387,79,201531
12636,0.001704,74.125.68.0-255,1484,129871,79,201531
12637,0.001725,74.125.68.0-255,2902,132773,79,201531
12638,0.001728,172.31.40.0-255,66,132839,79,201531
12639,0.001733,74.125.68.0-255,2902,135741,79,201531
12640,0.001735,172.31.40.0-255,66,135807,79,201531
12641,0.001757,74.125.68.0-255,5738,141545,79,201531
12642,0.00176,172.31.40.0-255,66,141611,79,201531
12643,0.001765,74.125.68.0-255,4320,145931,79,201531
12644,0.001767,172.31.40.0-255,66,145997,79,201531
12645,0.001826,172.31.40.0-255,66,146063,79,201531
12646,0.002229,74.125.68.0-255,1484,147547,79,201531
12647,0.002253,74.125.68.0-255,2902,150449,79,201531
12648,0.002257,172.31.40.0-255,66,150515,79,201531
12649,0.002261,74.125.68.0-255,1484,151999,79,201531
12650,0.002265,74.125.68.0-255,2902,154901,79,201531
12651,0.002267,172.31.40.0-255,66,154967,79,201531
12652,0.002273,74.125.68.0-255,5738,160705,79,201531
12653,0.002275,172.31.40.0-255,66,160771,79,201531
12654,0.002332,172.31.40.0-255,66,160837,79,201531
12655,0.002343,172.31.40.0-255,66,160903,79,201531
12656,0.004655,74.125.68.0-255,5738,166641,79,201531
12657,0.004663,172.31.40.0-255,66,166707,79,201531
12658,0.006965,74.125.68.0-255,5738,172445,79,201531
12659,0.006968,172.31.40.0-255,66,172511,79,201531
12660,0.009295,74.125.68.0-255,5738,178249,79,201531
12661,0.009301,172.31.40.0-255,66,178315,79,201531
12662,0.011615,74.125.68.0-255,5738,184053,79,201531
12663,0.011625,172.31.40.0-255,66,184119,79,201531
12664,0.013946,74.125.68.0-255,5738,189857,79,201531
12665,0.013957,172.31.40.0-255,66,189923,79,201531
12666,0.016275,74.125.68.0-255,5738,195661,79,201531
12667,0.016287,172.31.40.0-255,66,195727,79,201531
12668,0.018601,74.125.68.0-255,5738,201465,79,201531
12669,0.018609,172.31.40.0-255,66,201531,79,201531
12670,0.0,172.217.194.0-255,153,153,79,221629
12671,1.5e-05,172.31.40.0-255,66,219,79,221629
12672,2.3e-05,172.217.194.0-255,1484,1703,79,221629
12673,2.8e-05,172.31.40.0-255,66,1769,79,221629
12674,3.4e-05,172.217.194.0-255,2902,4671,79,221629
12675,3.8e-05,172.31.40.0-255,66,4737,79,221629
12676,4.6e-05,172.217.194.0-255,7156,11893,79,221629
12677,5e-05,172.31.40.0-255,66,11959,79,221629
12678,5.5e-05,172.217.194.0-255,3454,15413,79,221629
12679,5.8e-05,172.31.40.0-255,66,15479,79,221629
12680,9.7e-05,172.31.40.0-255,66,15545,79,221629
12681,0.000102,172.217.194.0-255,2543,18088,79,221629
12682,0.000104,172.31.40.0-255,66,18154,79,221629
12683,0.000128,172.217.194.0-255,2902,21056,79,221629
12684,0.00013,172.31.40.0-255,66,21122,79,221629
12685,0.000138,172.217.194.0-255,7156,28278,79,221629
12686,0.00014,172.31.40.0-255,66,28344,79,221629
12687,0.000145,172.217.194.0-255,2902,31246,79,221629
12688,0.000147,172.31.40.0-255,66,31312,79,221629
12689,0.000176,172.217.194.0-255,3961,35273,79,221629
12690,0.000178,172.31.40.0-255,66,35339,79,221629
12691,0.000207,172.217.194.0-255,5738,41077,79,221629
12692,0.00021,172.31.40.0-255,66,41143,79,221629
12693,0.000236,172.217.194.0-255,7156,48299,79,221629
12694,0.000239,172.31.40.0-255,66,48365,79,221629
12695,0.000265,172.217.194.0-255,4605,52970,79,221629
12696,0.000268,172.31.40.0-255,66,53036,79,221629
12697,0.000556,172.217.194.0-255,1484,54520,79,221629
12698,0.000562,172.31.40.0-255,66,54586,79,221629
12699,0.000569,172.217.194.0-255,2902,57488,79,221629
12700,0.000571,172.31.40.0-255,66,57554,79,221629
12701,0.000577,172.217.194.0-255,5738,63292,79,221629
12702,0.000579,172.31.40.0-255,66,63358,79,221629
12703,0.00063,172.217.194.0-255,7156,70514,79,221629
12704,0.000633,172.31.40.0-255,66,70580,79,221629
12705,0.00066,172.217.194.0-255,5738,76318,79,221629
12706,0.000663,172.31.40.0-255,66,76384,79,221629
12707,0.000675,172.31.40.0-255,66,76450,79,221629
12708,0.000678,172.217.194.0-255,766,77216,79,221629
12709,0.000795,172.217.194.0-255,1484,78700,79,221629
12710,0.000798,172.31.40.0-255,66,78766,79,221629
12711,0.000803,172.217.194.0-255,2902,81668,79,221629
12712,0.000805,172.31.40.0-255,66,81734,79,221629
12713,0.000811,172.217.194.0-255,4320,86054,79,221629
12714,0.000814,172.31.40.0-255,66,86120,79,221629
12715,0.000833,172.217.194.0-255,1484,87604,79,221629
12716,0.000849,172.31.40.0-255,66,87670,79,221629
12717,0.000858,172.217.194.0-255,1484,89154,79,221629
12718,0.0009,172.31.40.0-255,66,89220,79,221629
12719,0.000967,172.217.194.0-255,1484,90704,79,221629
12720,0.000972,172.217.194.0-255,2902,93606,79,221629
12721,0.000975,172.31.40.0-255,66,93672,79,221629
12722,0.000981,172.217.194.0-255,4320,97992,79,221629
12723,0.000983,172.31.40.0-255,66,98058,79,221629
12724,0.000996,172.217.194.0-255,1484,99542,79,221629
12725,0.001017,172.31.40.0-255,66,99608,79,221629
12726,0.001038,172.217.194.0-255,2902,102510,79,221629
12727,0.001041,172.31.40.0-255,66,102576,79,221629
12728,0.001052,172.31.40.0-255,66,102642,79,221629
12729,0.001086,172.217.194.0-255,5738,108380,79,221629
12730,0.001089,172.31.40.0-255,66,108446,79,221629
12731,0.00112,172.31.40.0-255,66,108512,79,221629
12732,0.001136,172.31.40.0-255,66,108578,79,221629
12733,0.001152,172.31.40.0-255,66,108644,79,221629
12734,0.001164,172.31.40.0-255,66,108710,79,221629
12735,0.001186,172.217.194.0-255,7156,115866,79,221629
12736,0.001189,172.31.40.0-255,66,115932,79,221629
12737,0.0012,172.31.40.0-255,66,115998,79,221629
12738,0.001251,172.217.194.0-255,1484,117482,79,221629
12739,0.001266,172.217.194.0-255,2902,120384,79,221629
12740,0.001269,172.31.40.0-255,66,120450,79,221629
12741,0.001273,172.217.194.0-255,1484,121934,79,221629
12742,0.001295,172.217.194.0-255,4320,126254,79,221629
12743,0.001298,172.31.40.0-255,66,126320,79,221629
12744,0.001301,172.217.194.0-255,1484,127804,79,221629
12745,0.001314,172.217.194.0-255,7156,134960,79,221629
12746,0.001316,172.31.40.0-255,66,135026,79,221629
12747,0.001338,172.217.194.0-255,1484,136510,79,221629
12748,0.001353,172.31.40.0-255,66,136576,79,221629
12749,0.001494,172.217.194.0-255,1484,138060,79,221629
12750,0.001513,172.217.194.0-255,2902,140962,79,221629
12751,0.001516,172.31.40.0-255,66,141028,79,221629
12752,0.001521,172.217.194.0-255,2902,143930,79,221629
12753,0.001523,172.31.40.0-255,66,143996,79,221629
12754,0.001542,172.217.194.0-255,2902,146898,79,221629
12755,0.001545,172.31.40.0-255,66,146964,79,221629
12756,0.001552,172.217.194.0-255,7156,154120,79,221629
12757,0.001554,172.31.40.0-255,66,154186,79,221629
12758,0.001571,172.217.194.0-255,4320,158506,79,221629
12759,0.001574,172.31.40.0-255,66,158572,79,221629
12760,0.0016,172.31.40.0-255,66,158638,79,221629
12761,0.001605,172.217.194.0-255,2184,160822,79,221629
12762,0.001608,172.31.40.0-255,66,160888,79,221629
12763,0.001611,172.217.194.0-255,1484,162372,79,221629
12764,0.001633,172.217.194.0-255,1484,163856,79,221629
12765,0.001636,172.31.40.0-255,66,163922,79,221629
12766,0.001644,172.217.194.0-255,7156,171078,79,221629
12767,0.001646,172.31.40.0-255,66,171144,79,221629
12768,0.001652,172.217.194.0-255,5738,176882,79,221629
12769,0.001654,172.31.40.0-255,66,176948,79,221629
12770,0.001682,172.217.194.0-255,7156,184104,79,221629
12771,0.001685,172.31.40.0-255,66,184170,79,221629
12772,0.001707,172.217.194.0-255,7156,191326,79,221629
12773,0.00171,172.31.40.0-255,66,191392,79,221629
12774,0.001737,172.31.40.0-255,66,191458,79,221629
12775,0.001781,172.31.40.0-255,66,191524,79,221629
12776,0.0018,172.31.40.0-255,66,191590,79,221629
12777,0.001803,172.217.194.0-255,766,192356,79,221629
12778,0.001809,172.217.194.0-255,4320,196676,79,221629
12779,0.001811,172.31.40.0-255,66,196742,79,221629
12780,0.001817,172.217.194.0-255,5738,202480,79,221629
12781,0.001819,172.31.40.0-255,66,202546,79,221629
12782,0.001858,172.31.40.0-255,66,202612,79,221629
12783,0.001869,172.31.40.0-255,66,202678,79,221629
12784,0.001899,172.217.194.0-255,5738,208416,79,221629
12785,0.001902,172.31.40.0-255,66,208482,79,221629
12786,0.001925,172.217.194.0-255,5020,213502,79,221629
12787,0.001928,172.31.40.0-255,66,213568,79,221629
12788,0.001962,172.217.194.0-255,4320,217888,79,221629
12789,0.001965,172.31.40.0-255,66,217954,79,221629
12790,0.001986,172.217.194.0-255,3267,221221,79,221629
12791,0.001989,172.31.40.0-255,66,221287,79,221629
12792,0.001992,172.217.194.0-255,105,221392,79,221629
12793,0.00983,172.31.40.0-255,66,221458,79,221629
12794,0.009878,172.31.40.0-255,105,221563,79,221629
12795,0.011936,172.217.194.0-255,66,221629,79,221629
12796,0.0,74.125.200.0-255,150,150,79,214352
12797,1.5e-05,172.31.40.0-255,66,216,79,214352
12798,2.1e-05,74.125.200.0-255,1484,1700,79,214352
12799,2.5e-05,172.31.40.0-255,66,1766,79,214352
12800,4.4e-05,74.125.200.0-255,1484,3250,79,214352
12801,4.7e-05,172.31.40.0-255,66,3316,79,214352
12802,6.8e-05,74.125.200.0-255,2902,6218,79,214352
12803,7.1e-05,172.31.40.0-255,66,6284,79,214352
12804,0.000112,74.125.200.0-255,1484,7768,79,214352
12805,0.000115,172.31.40.0-255,66,7834,79,214352
12806,0.00012,74.125.200.0-255,2902,10736,79,214352
12807,0.000122,172.31.40.0-255,66,10802,79,214352
12808,0.000143,74.125.200.0-255,6283,17085,79,214352
12809,0.000145,172.31.40.0-255,66,17151,79,214352
12810,0.000149,74.125.200.0-255,2902,20053,79,214352
12811,0.000152,172.31.40.0-255,66,20119,79,214352
12812,0.000181,172.31.40.0-255,66,20185,79,214352
12813,0.0002,74.125.200.0-255,2543,22728,79,214352
12814,0.000202,172.31.40.0-255,66,22794,79,214352
12815,0.00026,74.125.200.0-255,1484,24278,79,214352
12816,0.000263,172.31.40.0-255,66,24344,79,214352
12817,0.000268,74.125.200.0-255,1484,25828,79,214352
12818,0.00027,172.31.40.0-255,66,25894,79,214352
12819,0.000282,74.125.200.0-255,1484,27378,79,214352
12820,0.000284,172.31.40.0-255,66,27444,79,214352
12821,0.000313,74.125.200.0-255,4320,31764,79,214352
12822,0.000316,172.31.40.0-255,66,31830,79,214352
12823,0.00032,74.125.200.0-255,2902,34732,79,214352
12824,0.000322,172.31.40.0-255,66,34798,79,214352
12825,0.000338,74.125.200.0-255,2902,37700,79,214352
12826,0.00034,172.31.40.0-255,66,37766,79,214352
12827,0.000363,74.125.200.0-255,3961,41727,79,214352
12828,0.000366,172.31.40.0-255,66,41793,79,214352
12829,0.000371,74.125.200.0-255,4320,46113,79,214352
12830,0.000373,172.31.40.0-255,66,46179,79,214352
12831,0.000378,74.125.200.0-255,2902,49081,79,214352
12832,0.00038,172.31.40.0-255,66,49147,79,214352
12833,0.000409,74.125.200.0-255,7156,56303,79,214352
12834,0.000412,172.31.40.0-255,66,56369,79,214352
12835,0.000415,74.125.200.0-255,1434,57803,79,214352
12836,0.000639,74.125.200.0-255,110,57913,79,214352
12837,0.000776,74.125.200.0-255,1484,59397,79,214352
12838,0.000782,172.31.40.0-255,66,59463,79,214352
12839,0.000788,74.125.200.0-255,2902,62365,79,214352
12840,0.00079,172.31.40.0-255,66,62431,79,214352
12841,0.000793,74.125.200.0-255,1484,63915,79,214352
12842,0.000814,74.125.200.0-255,2902,66817,79,214352
12843,0.000816,172.31.40.0-255,66,66883,79,214352
12844,0.000822,74.125.200.0-255,4320,71203,79,214352
12845,0.000824,172.31.40.0-255,66,71269,79,214352
12846,0.000842,74.125.200.0-255,1484,72753,79,214352
12847,0.000845,74.125.200.0-255,1484,74237,79,214352
12848,0.000847,172.31.40.0-255,66,74303,79,214352
12849,0.000878,172.31.40.0-255,66,74369,79,214352
12850,0.000908,74.125.200.0-255,2902,77271,79,214352
12851,0.000911,172.31.40.0-255,66,77337,79,214352
12852,0.000932,74.125.200.0-255,5379,82716,79,214352
12853,0.000934,172.31.40.0-255,66,82782,79,214352
12854,0.000987,74.125.200.0-255,1484,84266,79,214352
12855,0.000992,74.125.200.0-255,1484,85750,79,214352
12856,0.000994,172.31.40.0-255,66,85816,79,214352
12857,0.001014,74.125.200.0-255,1484,87300,79,214352
12858,0.00102,74.125.200.0-255,4320,91620,79,214352
12859,0.001023,172.31.40.0-255,66,91686,79,214352
12860,0.001048,74.125.200.0-255,1484,93170,79,214352
12861,0.001061,74.125.200.0-255,2902,96072,79,214352
12862,0.001064,172.31.40.0-255,66,96138,79,214352
12863,0.001082,74.125.200.0-255,1484,97622,79,214352
12864,0.001108,74.125.200.0-255,4320,101942,79,214352
12865,0.001112,172.31.40.0-255,66,102008,79,214352
12866,0.001124,172.31.40.0-255,66,102074,79,214352
12867,0.001147,74.125.200.0-255,2902,104976,79,214352
12868,0.001149,172.31.40.0-255,66,105042,79,214352
12869,0.001168,74.125.200.0-255,2184,107226,79,214352
12870,0.001171,172.31.40.0-255,66,107292,79,214352
12871,0.001192,74.125.200.0-255,5738,113030,79,214352
12872,0.001195,172.31.40.0-255,66,113096,79,214352
12873,0.0012,74.125.200.0-255,4320,117416,79,214352
12874,0.001202,172.31.40.0-255,66,117482,79,214352
12875,0.00123,74.125.200.0-255,5738,123220,79,214352
12876,0.001234,172.31.40.0-255,66,123286,79,214352
12877,0.001261,74.125.200.0-255,2902,126188,79,214352
12878,0.001264,172.31.40.0-255,66,126254,79,214352
12879,0.001269,74.125.200.0-255,2902,129156,79,214352
12880,0.001271,172.31.40.0-255,66,129222,79,214352
12881,0.001287,74.125.200.0-255,1484,130706,79,214352
12882,0.001293,74.125.200.0-255,4320,135026,79,214352
12883,0.001296,172.31.40.0-255,66,135092,79,214352
12884,0.001323,74.125.200.0-255,4320,139412,79,214352
12885,0.001327,172.31.40.0-255,66,139478,79,214352
12886,0.001331,74.125.200.0-255,2184,141662,79,214352
12887,0.001333,172.31.40.0-255,66,141728,79,214352
12888,0.001615,74.125.200.0-255,1484,143212,79,214352
12889,0.001624,74.125.200.0-255,2902,146114,79,214352
12890,0.001629,172.31.40.0-255,66,146180,79,214352
12891,0.001636,74.125.200.0-255,5738,151918,79,214352
12892,0.001638,172.31.40.0-255,66,151984,79,214352
12893,0.00166,74.125.200.0-255,2902,154886,79,214352
12894,0.001663,172.31.40.0-255,66,154952,79,214352
12895,0.001695,172.31.40.0-255,66,155018,79,214352
12896,0.001753,172.31.40.0-255,66,155084,79,214352
12897,0.001829,74.125.200.0-255,1484,156568,79,214352
12898,0.00185,74.125.200.0-255,2902,159470,79,214352
12899,0.001853,172.31.40.0-255,66,159536,79,214352
12900,0.001859,74.125.200.0-255,2902,162438,79,214352
12901,0.001862,172.31.40.0-255,66,162504,79,214352
12902,0.001877,74.125.200.0-255,2902,165406,79,214352
12903,0.001879,172.31.40.0-255,66,165472,79,214352
12904,0.001884,74.125.200.0-255,4320,169792,79,214352
12905,0.001886,172.31.40.0-255,66,169858,79,214352
12906,0.0019,74.125.200.0-255,2902,172760,79,214352
12907,0.001902,172.31.40.0-255,66,172826,79,214352
12908,0.001942,172.31.40.0-255,66,172892,79,214352
12909,0.001972,74.125.200.0-255,4320,177212,79,214352
12910,0.001975,172.31.40.0-255,66,177278,79,214352
12911,0.001992,74.125.200.0-255,2184,179462,79,214352
12912,0.001995,172.31.40.0-255,66,179528,79,214352
12913,0.004541,74.125.200.0-255,5738,185266,79,214352
12914,0.004547,172.31.40.0-255,66,185332,79,214352
12915,0.007115,74.125.200.0-255,5738,191070,79,214352
12916,0.007123,172.31.40.0-255,66,191136,79,214352
12917,0.009692,74.125.200.0-255,5738,196874,79,214352
12918,0.009699,172.31.40.0-255,66,196940,79,214352
12919,0.012296,74.125.200.0-255,5738,202678,79,214352
12920,0.012304,172.31.40.0-255,66,202744,79,214352
12921,0.014884,74.125.200.0-255,5738,208482,79,214352
12922,0.014902,172.31.40.0-255,66,208548,79,214352
12923,0.017494,74.125.200.0-255,5738,214286,79,214352
12924,0.017512,172.31.40.0-255,66,214352,79,214352
12925,0.0,74.125.24.0-255,146,146,79,204771
12926,1.5e-05,172.31.40.0-255,66,212,79,204771
12927,2.2e-05,74.125.24.0-255,1484,1696,79,204771
12928,2.6e-05,172.31.40.0-255,66,1762,79,204771
12929,3.1e-05,74.125.24.0-255,2902,4664,79,204771
12930,3.5e-05,172.31.40.0-255,66,4730,79,204771
12931,4.2e-05,74.125.24.0-255,7156,11886,79,204771
12932,4.6e-05,172.31.40.0-255,66,11952,79,204771
12933,5e-05,74.125.24.0-255,2067,14019,79,204771
12934,5.3e-05,172.31.40.0-255,66,14085,79,204771
12935,8.9e-05,74.125.24.0-255,2902,16987,79,204771
12936,9.2e-05,172.31.40.0-255,66,17053,79,204771
12937,0.00013,74.125.24.0-255,2902,19955,79,204771
12938,0.000132,172.31.40.0-255,66,20021,79,204771
12939,0.00014,74.125.24.0-255,7156,27177,79,204771
12940,0.000143,172.31.40.0-255,66,27243,79,204771
12941,0.000146,74.125.24.0-255,1484,28727,79,204771
12942,0.000148,172.31.40.0-255,66,28793,79,204771
12943,0.000169,74.125.24.0-255,2543,31336,79,204771
12944,0.000171,172.31.40.0-255,66,31402,79,204771
12945,0.00022,74.125.24.0-255,1484,32886,79,204771
12946,0.000223,172.31.40.0-255,66,32952,79,204771
12947,0.000228,74.125.24.0-255,2902,35854,79,204771
12948,0.00023,172.31.40.0-255,66,35920,79,204771
12949,0.000245,74.125.24.0-255,4320,40240,79,204771
12950,0.000247,172.31.40.0-255,66,40306,79,204771
12951,0.000259,74.125.24.0-255,1484,41790,79,204771
12952,0.000261,172.31.40.0-255,66,41856,79,204771
12953,0.000264,74.125.24.0-255,1484,43340,79,204771
12954,0.000266,172.31.40.0-255,66,43406,79,204771
12955,0.000281,74.125.24.0-255,4320,47726,79,204771
12956,0.000283,172.31.40.0-255,66,47792,79,204771
12957,0.000308,74.125.24.0-255,5379,53171,79,204771
12958,0.00031,172.31.40.0-255,66,53237,79,204771
12959,0.000321,172.31.40.0-255,66,53303,79,204771
12960,0.000358,74.125.24.0-255,4321,57624,79,204771
12961,0.000361,172.31.40.0-255,66,57690,79,204771
12962,0.00038,74.125.24.0-255,349,58039,79,204771
12963,0.000613,74.125.24.0-255,1484,59523,79,204771
12964,0.000618,172.31.40.0-255,66,59589,79,204771
12965,0.000624,74.125.24.0-255,2902,62491,79,204771
12966,0.000627,172.31.40.0-255,66,62557,79,204771
12967,0.000633,74.125.24.0-255,5738,68295,79,204771
12968,0.000636,172.31.40.0-255,66,68361,79,204771
12969,0.000639,74.125.24.0-255,1484,69845,79,204771
12970,0.000661,74.125.24.0-255,4320,74165,79,204771
12971,0.000663,172.31.40.0-255,66,74231,79,204771
12972,0.000666,74.125.24.0-255,1484,75715,79,204771
12973,0.000703,172.31.40.0-255,66,75781,79,204771
12974,0.000709,74.125.24.0-255,5020,80801,79,204771
12975,0.000712,172.31.40.0-255,66,80867,79,204771
12976,0.000961,74.125.24.0-255,1484,82351,79,204771
12977,0.000968,74.125.24.0-255,2902,85253,79,204771
12978,0.000971,172.31.40.0-255,66,85319,79,204771
12979,0.000977,74.125.24.0-255,4320,89639,79,204771
12980,0.000979,172.31.40.0-255,66,89705,79,204771
12981,0.000997,74.125.24.0-255,1484,91189,79,204771
12982,0.001002,74.125.24.0-255,4320,95509,79,204771
12983,0.001004,172.31.40.0-255,66,95575,79,204771
12984,0.001024,74.125.24.0-255,1484,97059,79,204771
12985,0.001032,74.125.24.0-255,7156,104215,79,204771
12986,0.001034,172.31.40.0-255,66,104281,79,204771
12987,0.001037,74.125.24.0-255,1484,105765,79,204771
12988,0.001073,172.31.40.0-255,66,105831,79,204771
12989,0.001106,74.125.24.0-255,1484,107315,79,204771
12990,0.001132,74.125.24.0-255,2902,110217,79,204771
12991,0.001135,172.31.40.0-255,66,110283,79,204771
12992,0.001158,74.125.24.0-255,4320,114603,79,204771
12993,0.001161,172.31.40.0-255,66,114669,79,204771
12994,0.001168,74.125.24.0-255,5738,120407,79,204771
12995,0.00117,172.31.40.0-255,66,120473,79,204771
12996,0.001213,172.31.40.0-255,66,120539,79,204771
12997,0.001224,172.31.40.0-255,66,120605,79,204771
12998,0.001255,74.125.24.0-255,2902,123507,79,204771
12999,0.001258,172.31.40.0-255,66,123573,79,204771
13000,0.001279,74.125.24.0-255,2902,126475,79,204771
13001,0.001282,172.31.40.0-255,66,126541,79,204771
13002,0.001289,74.125.24.0-255,7156,133697,79,204771
13003,0.001292,172.31.40.0-255,66,133763,79,204771
13004,0.001297,74.125.24.0-255,4320,138083,79,204771
13005,0.001299,172.31.40.0-255,66,138149,79,204771
13006,0.001339,172.31.40.0-255,66,138215,79,204771
13007,0.001345,74.125.24.0-255,6438,144653,79,204771
13008,0.001347,172.31.40.0-255,66,144719,79,204771
13009,0.001499,74.125.24.0-255,1484,146203,79,204771
13010,0.001505,74.125.24.0-255,2902,149105,79,204771
13011,0.001509,172.31.40.0-255,66,149171,79,204771
13012,0.001534,74.125.24.0-255,5738,154909,79,204771
13013,0.001536,172.31.40.0-255,66,154975,79,204771
13014,0.00154,74.125.24.0-255,2902,157877,79,204771
13015,0.001542,172.31.40.0-255,66,157943,79,204771
13016,0.001586,172.31.40.0-255,66,158009,79,204771
13017,0.001599,172.31.40.0-255,66,158075,79,204771
13018,0.003646,74.125.24.0-255,5738,163813,79,204771
13019,0.003652,172.31.40.0-255,66,163879,79,204771
13020,0.005709,74.125.24.0-255,2902,166781,79,204771
13021,0.005713,172.31.40.0-255,66,166847,79,204771
13022,0.005734,74.125.24.0-255,2902,169749,79,204771
13023,0.005736,172.31.40.0-255,66,169815,79,204771
13024,0.007749,74.125.24.0-255,2902,172717,79,204771
13025,0.007755,172.31.40.0-255,66,172783,79,204771
13026,0.00779,74.125.24.0-255,2902,175685,79,204771
13027,0.007792,172.31.40.0-255,66,175751,79,204771
13028,0.009827,74.125.24.0-255,5738,181489,79,204771
13029,0.009845,172.31.40.0-255,66,181555,79,204771
13030,0.011895,74.125.24.0-255,5738,187293,79,204771
13031,0.011908,172.31.40.0-255,66,187359,79,204771
13032,0.013967,74.125.24.0-255,5738,193097,79,204771
13033,0.01398,172.31.40.0-255,66,193163,79,204771
13034,0.016048,74.125.24.0-255,5738,198901,79,204771
13035,0.01606,172.31.40.0-255,66,198967,79,204771
13036,0.018104,74.125.24.0-255,5738,204705,79,204771
13037,0.018111,172.31.40.0-255,66,204771,79,204771
13038,0.0,74.125.200.0-255,295,295,79,185603
13039,2.2e-05,172.31.40.0-255,66,361,79,185603
13040,2.9e-05,74.125.200.0-255,1484,1845,79,185603
13041,3.3e-05,172.31.40.0-255,66,1911,79,185603
13042,6.7e-05,74.125.200.0-255,2902,4813,79,185603
13043,7.5e-05,172.31.40.0-255,66,4879,79,185603
13044,7.9e-05,74.125.200.0-255,1484,6363,79,185603
13045,8.1e-05,172.31.40.0-255,66,6429,79,185603
13046,8.6e-05,74.125.200.0-255,2902,9331,79,185603
13047,8.9e-05,172.31.40.0-255,66,9397,79,185603
13048,0.000122,74.125.200.0-255,4675,14072,79,185603
13049,0.000125,172.31.40.0-255,66,14138,79,185603
13050,0.000153,74.125.200.0-255,5738,19876,79,185603
13051,0.000156,172.31.40.0-255,66,19942,79,185603
13052,0.000161,74.125.200.0-255,4320,24262,79,185603
13053,0.000163,172.31.40.0-255,66,24328,79,185603
13054,0.000166,74.125.200.0-255,1484,25812,79,185603
13055,0.000168,172.31.40.0-255,66,25878,79,185603
13056,0.000196,74.125.200.0-255,4320,30198,79,185603
13057,0.000199,172.31.40.0-255,66,30264,79,185603
13058,0.000228,74.125.200.0-255,1125,31389,79,185603
13059,0.00023,172.31.40.0-255,66,31455,79,185603
13060,0.000322,74.125.200.0-255,1484,32939,79,185603
13061,0.000326,172.31.40.0-255,66,33005,79,185603
13062,0.000343,74.125.200.0-255,2902,35907,79,185603
13063,0.000346,172.31.40.0-255,66,35973,79,185603
13064,0.000378,74.125.200.0-255,4320,40293,79,185603
13065,0.000381,172.31.40.0-255,66,40359,79,185603
13066,0.000387,74.125.200.0-255,5738,46097,79,185603
13067,0.000389,172.31.40.0-255,66,46163,79,185603
13068,0.00041,74.125.200.0-255,1484,47647,79,185603
13069,0.000412,172.31.40.0-255,66,47713,79,185603
13070,0.000461,74.125.200.0-255,1484,49197,79,185603
13071,0.000487,74.125.200.0-255,6797,55994,79,185603
13072,0.000499,74.125.200.0-255,645,56639,79,185603
13073,0.000599,74.125.200.0-255,1484,58123,79,185603
13074,0.000603,172.31.40.0-255,66,58189,79,185603
13075,0.00063,74.125.200.0-255,1484,59673,79,185603
13076,0.000636,74.125.200.0-255,2902,62575,79,185603
13077,0.00066,74.125.200.0-255,5738,68313,79,185603
13078,0.000677,74.125.200.0-255,5379,73692,79,185603
13079,0.00071,172.31.40.0-255,66,73758,79,185603
13080,0.000721,74.125.200.0-255,5738,79496,79,185603
13081,0.000747,74.125.200.0-255,2543,82039,79,185603
13082,0.000765,172.31.40.0-255,66,82105,79,185603
13083,0.001381,74.125.200.0-255,1484,83589,79,185603
13084,0.001387,74.125.200.0-255,2902,86491,79,185603
13085,0.00139,172.31.40.0-255,66,86557,79,185603
13086,0.001423,74.125.200.0-255,5738,92295,79,185603
13087,0.00143,74.125.200.0-255,5738,98033,79,185603
13088,0.001454,74.125.200.0-255,5738,103771,79,185603
13089,0.001459,172.31.40.0-255,66,103837,79,185603
13090,0.001483,74.125.200.0-255,1484,105321,79,185603
13091,0.001489,74.125.200.0-255,4320,109641,79,185603
13092,0.001494,74.125.200.0-255,4320,113961,79,185603
13093,0.001504,74.125.200.0-255,1484,115445,79,185603
13094,0.001507,74.125.200.0-255,766,116211,79,185603
13095,0.001521,172.31.40.0-255,66,116277,79,185603
13096,0.001815,74.125.200.0-255,1484,117761,79,185603
13097,0.001833,74.125.200.0-255,2902,120663,79,185603
13098,0.001836,172.31.40.0-255,66,120729,79,185603
13099,0.001863,74.125.200.0-255,5738,126467,79,185603
13100,0.001886,172.31.40.0-255,66,126533,79,185603
13101,0.001892,74.125.200.0-255,4320,130853,79,185603
13102,0.001897,172.31.40.0-255,66,130919,79,185603
13103,0.001922,74.125.200.0-255,5738,136657,79,185603
13104,0.001925,74.125.200.0-255,1484,138141,79,185603
13105,0.001943,172.31.40.0-255,66,138207,79,185603
13106,0.001947,74.125.200.0-255,2902,141109,79,185603
13107,0.001952,172.31.40.0-255,66,141175,79,185603
13108,0.001981,74.125.200.0-255,5738,146913,79,185603
13109,0.001986,74.125.200.0-255,2902,149815,79,185603
13110,0.002005,172.31.40.0-255,66,149881,79,185603
13111,0.002008,74.125.200.0-255,766,150647,79,185603
13112,0.002295,172.31.40.0-255,66,150713,79,185603
13113,0.004121,74.125.200.0-255,4320,155033,79,185603
13114,0.004354,74.125.200.0-255,1484,156517,79,185603
13115,0.0073,172.31.40.0-255,66,156583,79,185603
13116,0.009364,74.125.200.0-255,5738,162321,79,185603
13117,0.010129,172.31.40.0-255,66,162387,79,185603
13118,0.01221,74.125.200.0-255,5738,168125,79,185603
13119,0.012219,172.31.40.0-255,66,168191,79,185603
13120,0.014278,74.125.200.0-255,5738,173929,79,185603
13121,0.014285,172.31.40.0-255,66,173995,79,185603
13122,0.01635,74.125.200.0-255,5738,179733,79,185603
13123,0.01636,172.31.40.0-255,66,179799,79,185603
13124,0.018427,74.125.200.0-255,5738,185537,79,185603
13125,0.018436,172.31.40.0-255,66,185603,79,185603
13126,0.0,172.217.194.0-255,161,161,79,216903
13127,2.8e-05,172.31.40.0-255,66,227,79,216903
13128,5.4e-05,172.217.194.0-255,1484,1711,79,216903
13129,5.8e-05,172.31.40.0-255,66,1777,79,216903
13130,6.3e-05,172.217.194.0-255,2902,4679,79,216903
13131,6.5e-05,172.31.40.0-255,66,4745,79,216903
13132,9.1e-05,172.217.194.0-255,5738,10483,79,216903
13133,9.4e-05,172.31.40.0-255,66,10549,79,216903
13134,0.000113,172.217.194.0-255,3448,13997,79,216903
13135,0.000116,172.31.40.0-255,66,14063,79,216903
13136,0.000154,172.217.194.0-255,1484,15547,79,216903
13137,0.000158,172.31.40.0-255,66,15613,79,216903
13138,0.000163,172.217.194.0-255,2902,18515,79,216903
13139,0.000165,172.31.40.0-255,66,18581,79,216903
13140,0.000169,172.217.194.0-255,2902,21483,79,216903
13141,0.000171,172.31.40.0-255,66,21549,79,216903
13142,0.000188,172.217.194.0-255,2902,24451,79,216903
13143,0.000191,172.31.40.0-255,66,24517,79,216903
13144,0.00023,172.217.194.0-255,6797,31314,79,216903
13145,0.000233,172.31.40.0-255,66,31380,79,216903
13146,0.000292,172.217.194.0-255,7156,38536,79,216903
13147,0.000296,172.31.40.0-255,66,38602,79,216903
13148,0.000324,172.31.40.0-255,66,38668,79,216903
13149,0.000521,172.217.194.0-255,1484,40152,79,216903
13150,0.000525,172.31.40.0-255,66,40218,79,216903
13151,0.00053,172.217.194.0-255,2902,43120,79,216903
13152,0.000533,172.31.40.0-255,66,43186,79,216903
13153,0.000538,172.217.194.0-255,4320,47506,79,216903
13154,0.00054,172.31.40.0-255,66,47572,79,216903
13155,0.000559,172.217.194.0-255,1484,49056,79,216903
13156,0.000562,172.31.40.0-255,66,49122,79,216903
13157,0.000569,172.217.194.0-255,6797,55919,79,216903
13158,0.000571,172.31.40.0-255,66,55985,79,216903
13159,0.000595,172.217.194.0-255,646,56631,79,216903
13160,0.000675,172.217.194.0-255,1484,58115,79,216903
13161,0.000679,172.31.40.0-255,66,58181,79,216903
13162,0.000697,172.217.194.0-255,2902,61083,79,216903
13163,0.0007,172.31.40.0-255,66,61149,79,216903
13164,0.000703,172.217.194.0-255,1484,62633,79,216903
13165,0.000734,172.217.194.0-255,4320,66953,79,216903
13166,0.000737,172.31.40.0-255,66,67019,79,216903
13167,0.000744,172.217.194.0-255,7156,74175,79,216903
13168,0.000747,172.31.40.0-255,66,74241,79,216903
13169,0.00076,172.31.40.0-255,66,74307,79,216903
13170,0.000765,172.217.194.0-255,2184,76491,79,216903
13171,0.000769,172.31.40.0-255,66,76557,79,216903
13172,0.001027,172.217.194.0-255,1484,78041,79,216903
13173,0.001033,172.217.194.0-255,2902,80943,79,216903
13174,0.001037,172.31.40.0-255,66,81009,79,216903
13175,0.001056,172.217.194.0-255,4320,85329,79,216903
13176,0.001059,172.31.40.0-255,66,85395,79,216903
13177,0.001071,172.217.194.0-255,1484,86879,79,216903
13178,0.001076,172.217.194.0-255,4320,91199,79,216903
13179,0.001079,172.31.40.0-255,66,91265,79,216903
13180,0.001104,172.31.40.0-255,66,91331,79,216903
13181,0.00113,172.217.194.0-255,7156,98487,79,216903
13182,0.001132,172.31.40.0-255,66,98553,79,216903
13183,0.001151,172.217.194.0-255,3602,102155,79,216903
13184,0.001153,172.31.40.0-255,66,102221,79,216903
13185,0.001545,172.217.194.0-255,1484,103705,79,216903
13186,0.001555,172.217.194.0-255,2902,106607,79,216903
13187,0.001559,172.31.40.0-255,66,106673,79,216903
13188,0.001565,172.217.194.0-255,2902,109575,79,216903
13189,0.001567,172.31.40.0-255,66,109641,79,216903
13190,0.001586,172.217.194.0-255,2902,112543,79,216903
13191,0.001588,172.31.40.0-255,66,112609,79,216903
13192,0.001594,172.217.194.0-255,4320,116929,79,216903
13193,0.001596,172.31.40.0-255,66,116995,79,216903
13194,0.0016,172.217.194.0-255,4320,121315,79,216903
13195,0.001603,172.31.40.0-255,66,121381,79,216903
13196,0.001621,172.217.194.0-255,7156,128537,79,216903
13197,0.001624,172.31.40.0-255,66,128603,79,216903
13198,0.001627,172.217.194.0-255,1484,130087,79,216903
13199,0.001656,172.217.194.0-255,6438,136525,79,216903
13200,0.001659,172.31.40.0-255,66,136591,79,216903
13201,0.001744,172.217.194.0-255,1484,138075,79,216903
13202,0.001749,172.217.194.0-255,2902,140977,79,216903
13203,0.001752,172.31.40.0-255,66,141043,79,216903
13204,0.001775,172.217.194.0-255,5738,146781,79,216903
13205,0.001777,172.31.40.0-255,66,146847,79,216903
13206,0.001792,172.217.194.0-255,4320,151167,79,216903
13207,0.001794,172.31.40.0-255,66,151233,79,216903
13208,0.001806,172.217.194.0-255,1484,152717,79,216903
13209,0.001819,172.31.40.0-255,66,152783,79,216903
13210,0.001837,172.217.194.0-255,2902,155685,79,216903
13211,0.00184,172.31.40.0-255,66,155751,79,216903
13212,0.001846,172.217.194.0-255,4320,160071,79,216903
13213,0.001848,172.31.40.0-255,66,160137,79,216903
13214,0.001884,172.31.40.0-255,66,160203,79,216903
13215,0.001899,172.31.40.0-255,66,160269,79,216903
13216,0.00191,172.31.40.0-255,66,160335,79,216903
13217,0.001988,172.31.40.0-255,66,160401,79,216903
13218,0.002006,172.31.40.0-255,66,160467,79,216903
13219,0.002027,172.217.194.0-255,5738,166205,79,216903
13220,0.002055,172.217.194.0-255,2902,169107,79,216903
13221,0.00206,172.217.194.0-255,4320,173427,79,216903
13222,0.002101,172.217.194.0-255,2902,176329,79,216903
13223,0.002136,172.217.194.0-255,7156,183485,79,216903
13224,0.002155,172.217.194.0-255,4320,187805,79,216903
13225,0.00216,172.217.194.0-255,5738,193543,79,216903
13226,0.002197,172.217.194.0-255,1484,195027,79,216903
13227,0.002259,172.217.194.0-255,7156,202183,79,216903
13228,0.002264,172.217.194.0-255,4320,206503,79,216903
13229,0.002282,172.217.194.0-255,7156,213659,79,216903
13230,0.002301,172.217.194.0-255,2902,216561,79,216903
13231,0.011857,172.217.194.0-255,105,216666,79,216903
13232,0.014498,172.31.40.0-255,66,216732,79,216903
13233,0.016895,172.31.40.0-255,105,216837,79,216903
13234,0.019161,172.217.194.0-255,66,216903,79,216903
13235,0.0,172.217.194.0-255,147,147,79,152406
13236,2.3e-05,172.31.40.0-255,66,213,79,152406
13237,3e-05,172.217.194.0-255,1484,1697,79,152406
13238,3.4e-05,172.31.40.0-255,66,1763,79,152406
13239,3.9e-05,172.217.194.0-255,2902,4665,79,152406
13240,4.2e-05,172.31.40.0-255,66,4731,79,152406
13241,5e-05,172.217.194.0-255,7156,11887,79,152406
13242,5.3e-05,172.31.40.0-255,66,11953,79,152406
13243,5.7e-05,172.217.194.0-255,2078,14031,79,152406
13244,6.1e-05,172.31.40.0-255,66,14097,79,152406
13245,9.2e-05,172.217.194.0-255,2902,16999,79,152406
13246,9.5e-05,172.31.40.0-255,66,17065,79,152406
13247,0.000122,172.217.194.0-255,2902,19967,79,152406
13248,0.000124,172.31.40.0-255,66,20033,79,152406
13249,0.000131,172.217.194.0-255,7156,27189,79,152406
13250,0.000134,172.31.40.0-255,66,27255,79,152406
13251,0.00017,172.217.194.0-255,3961,31216,79,152406
13252,0.000173,172.31.40.0-255,66,31282,79,152406
13253,0.000177,172.217.194.0-255,2902,34184,79,152406
13254,0.000179,172.31.40.0-255,66,34250,79,152406
13255,0.000199,172.217.194.0-255,1484,35734,79,152406
13256,0.000202,172.31.40.0-255,66,35800,79,152406
13257,0.000228,172.31.40.0-255,66,35866,79,152406
13258,0.000232,172.217.194.0-255,2543,38409,79,152406
13259,0.000234,172.31.40.0-255,66,38475,79,152406
13260,0.00025,172.217.194.0-255,1484,39959,79,152406
13261,0.000252,172.31.40.0-255,66,40025,79,152406
13262,0.000291,172.31.40.0-255,66,40091,79,152406
13263,0.000295,172.217.194.0-255,2817,42908,79,152406
13264,0.000297,172.31.40.0-255,66,42974,79,152406
13265,0.000464,172.217.194.0-255,116,43090,79,152406
13266,0.000478,172.217.194.0-255,384,43474,79,152406
13267,0.000845,172.217.194.0-255,1484,44958,79,152406
13268,0.000849,172.31.40.0-255,66,45024,79,152406
13269,0.000855,172.217.194.0-255,2902,47926,79,152406
13270,0.000857,172.31.40.0-255,66,47992,79,152406
13271,0.000864,172.217.194.0-255,5738,53730,79,152406
13272,0.000866,172.31.40.0-255,66,53796,79,152406
13273,0.000913,172.31.40.0-255,66,53862,79,152406
13274,0.000938,172.217.194.0-255,4320,58182,79,152406
13275,0.000941,172.31.40.0-255,66,58248,79,152406
13276,0.000966,172.217.194.0-255,6438,64686,79,152406
13277,0.000968,172.31.40.0-255,66,64752,79,152406
13278,0.001065,172.217.194.0-255,1484,66236,79,152406
13279,0.00107,172.217.194.0-255,1484,67720,79,152406
13280,0.001072,172.31.40.0-255,66,67786,79,152406
13281,0.001095,172.217.194.0-255,1484,69270,79,152406
13282,0.001101,172.217.194.0-255,5738,75008,79,152406
13283,0.001104,172.31.40.0-255,66,75074,79,152406
13284,0.001109,172.217.194.0-255,4320,79394,79,152406
13285,0.001111,172.31.40.0-255,66,79460,79,152406
13286,0.001118,172.217.194.0-255,7156,86616,79,152406
13287,0.001121,172.31.40.0-255,66,86682,79,152406
13288,0.001146,172.217.194.0-255,4320,91002,79,152406
13289,0.001149,172.31.40.0-255,66,91068,79,152406
13290,0.001159,172.31.40.0-255,66,91134,79,152406
13291,0.00213,172.217.194.0-255,1484,92618,79,152406
13292,0.002141,172.217.194.0-255,2902,95520,79,152406
13293,0.002145,172.31.40.0-255,66,95586,79,152406
13294,0.002153,172.217.194.0-255,5738,101324,79,152406
13295,0.002155,172.31.40.0-255,66,101390,79,152406
13296,0.002158,172.217.194.0-255,1484,102874,79,152406
13297,0.00218,172.217.194.0-255,7156,110030,79,152406
13298,0.002182,172.31.40.0-255,66,110096,79,152406
13299,0.002208,172.217.194.0-255,2902,112998,79,152406
13300,0.00221,172.31.40.0-255,66,113064,79,152406
13301,0.002244,172.31.40.0-255,66,113130,79,152406
13302,0.004493,172.217.194.0-255,4320,117450,79,152406
13303,0.004498,172.31.40.0-255,66,117516,79,152406
13304,0.004516,172.217.194.0-255,1484,119000,79,152406
13305,0.006747,172.217.194.0-255,4320,123320,79,152406
13306,0.006752,172.31.40.0-255,66,123386,79,152406
13307,0.009021,172.217.194.0-255,5738,129124,79,152406
13308,0.009029,172.31.40.0-255,66,129190,79,152406
13309,0.011294,172.217.194.0-255,5738,134928,79,152406
13310,0.011302,172.31.40.0-255,66,134994,79,152406
13311,0.013549,172.217.194.0-255,5738,140732,79,152406
13312,0.013557,172.31.40.0-255,66,140798,79,152406
13313,0.015827,172.217.194.0-255,5738,146536,79,152406
13314,0.015835,172.31.40.0-255,66,146602,79,152406
13315,0.018093,172.217.194.0-255,5738,152340,79,152406
13316,0.018101,172.31.40.0-255,66,152406,79,152406
13317,0.0,74.125.200.0-255,147,147,79,112575
13318,2.1e-05,172.31.40.0-255,66,213,79,112575
13319,2.9e-05,74.125.200.0-255,1484,1697,79,112575
13320,3.4e-05,172.31.40.0-255,66,1763,79,112575
13321,4.8e-05,74.125.200.0-255,2902,4665,79,112575
13322,5.3e-05,172.31.40.0-255,66,4731,79,112575
13323,6.1e-05,74.125.200.0-255,7156,11887,79,112575
13324,6.5e-05,172.31.40.0-255,66,11953,79,112575
13325,6.8e-05,74.125.200.0-255,1484,13437,79,112575
13326,7e-05,172.31.40.0-255,66,13503,79,112575
13327,0.000111,74.125.200.0-255,6361,19864,79,112575
13328,0.000115,172.31.40.0-255,66,19930,79,112575
13329,0.000131,172.31.40.0-255,66,19996,79,112575
13330,0.000196,74.125.200.0-255,1484,21480,79,112575
13331,0.000199,172.31.40.0-255,66,21546,79,112575
13332,0.000225,74.125.200.0-255,2902,24448,79,112575
13333,0.000227,172.31.40.0-255,66,24514,79,112575
13334,0.00025,74.125.200.0-255,5738,30252,79,112575
13335,0.000253,172.31.40.0-255,66,30318,79,112575
13336,0.000256,74.125.200.0-255,1484,31802,79,112575
13337,0.000258,172.31.40.0-255,66,31868,79,112575
13338,0.000295,74.125.200.0-255,1484,33352,79,112575
13339,0.000298,172.31.40.0-255,66,33418,79,112575
13340,0.000325,74.125.200.0-255,3961,37379,79,112575
13341,0.000328,172.31.40.0-255,66,37445,79,112575
13342,0.00064,74.125.200.0-255,1484,38929,79,112575
13343,0.000645,172.31.40.0-255,66,38995,79,112575
13344,0.000651,74.125.200.0-255,2902,41897,79,112575
13345,0.000654,172.31.40.0-255,66,41963,79,112575
13346,0.000664,74.125.200.0-255,4320,46283,79,112575
13347,0.000667,172.31.40.0-255,66,46349,79,112575
13348,0.000761,172.31.40.0-255,66,46415,79,112575
13349,0.001217,74.125.200.0-255,1484,47899,79,112575
13350,0.001227,74.125.200.0-255,2902,50801,79,112575
13351,0.001232,172.31.40.0-255,66,50867,79,112575
13352,0.00127,74.125.200.0-255,5738,56605,79,112575
13353,0.001274,74.125.200.0-255,2902,59507,79,112575
13354,0.001277,74.125.200.0-255,1484,60991,79,112575
13355,0.001295,74.125.200.0-255,2902,63893,79,112575
13356,0.00132,74.125.200.0-255,2902,66795,79,112575
13357,0.001339,74.125.200.0-255,4320,71115,79,112575
13358,0.001347,74.125.200.0-255,7156,78271,79,112575
13359,0.001362,74.125.200.0-255,1484,79755,79,112575
13360,0.001366,74.125.200.0-255,766,80521,79,112575
13361,0.002323,74.125.200.0-255,1484,82005,79,112575
13362,0.002329,74.125.200.0-255,1484,83489,79,112575
13363,0.006753,172.31.40.0-255,66,83555,79,112575
13364,0.009075,74.125.200.0-255,5738,89293,79,112575
13365,0.009082,172.31.40.0-255,66,89359,79,112575
13366,0.011399,74.125.200.0-255,5738,95097,79,112575
13367,0.011407,172.31.40.0-255,66,95163,79,112575
13368,0.013723,74.125.200.0-255,5738,100901,79,112575
13369,0.013733,172.31.40.0-255,66,100967,79,112575
13370,0.016042,74.125.200.0-255,5738,106705,79,112575
13371,0.016051,172.31.40.0-255,66,106771,79,112575
13372,0.018363,74.125.200.0-255,5738,112509,79,112575
13373,0.018372,172.31.40.0-255,66,112575,79,112575
13374,0.0,74.125.68.0-255,150,150,79,359543
13375,2.5e-05,172.31.40.0-255,66,216,79,359543
13376,3.2e-05,74.125.68.0-255,1484,1700,79,359543
13377,3.6e-05,172.31.40.0-255,66,1766,79,359543
13378,4.3e-05,74.125.68.0-255,2902,4668,79,359543
13379,5.4e-05,172.31.40.0-255,66,4734,79,359543
13380,5.9e-05,74.125.68.0-255,2902,7636,79,359543
13381,6.1e-05,172.31.40.0-255,66,7702,79,359543
13382,6.8e-05,74.125.68.0-255,4320,12022,79,359543
13383,7.1e-05,172.31.40.0-255,66,12088,79,359543
13384,0.000103,172.31.40.0-255,66,12154,79,359543
13385,0.000107,74.125.68.0-255,1484,13638,79,359543
13386,0.000109,172.31.40.0-255,66,13704,79,359543
13387,0.000147,172.31.40.0-255,66,13770,79,359543
13388,0.000225,74.125.68.0-255,1484,15254,79,359543
13389,0.000228,172.31.40.0-255,66,15320,79,359543
13390,0.000253,74.125.68.0-255,1484,16804,79,359543
13391,0.000255,172.31.40.0-255,66,16870,79,359543
13392,0.000261,74.125.68.0-255,2902,19772,79,359543
13393,0.000263,172.31.40.0-255,66,19838,79,359543
13394,0.000269,74.125.68.0-255,5738,25576,79,359543
13395,0.000276,172.31.40.0-255,66,25642,79,359543
13396,0.000306,74.125.68.0-255,5379,31021,79,359543
13397,0.000309,172.31.40.0-255,66,31087,79,359543
13398,0.000316,74.125.68.0-255,5738,36825,79,359543
13399,0.000318,172.31.40.0-255,66,36891,79,359543
13400,0.000348,74.125.68.0-255,5738,42629,79,359543
13401,0.00035,172.31.40.0-255,66,42695,79,359543
13402,0.000379,74.125.68.0-255,5687,48382,79,359543
13403,0.000382,172.31.40.0-255,66,48448,79,359543
13404,0.000384,74.125.68.0-255,115,48563,79,359543
13405,0.000407,74.125.68.0-255,330,48893,79,359543
13406,0.000608,74.125.68.0-255,1484,50377,79,359543
13407,0.000613,172.31.40.0-255,66,50443,79,359543
13408,0.000619,74.125.68.0-255,2902,53345,79,359543
13409,0.000622,172.31.40.0-255,66,53411,79,359543
13410,0.000653,74.125.68.0-255,5738,59149,79,359543
13411,0.000656,172.31.40.0-255,66,59215,79,359543
13412,0.000662,74.125.68.0-255,5738,64953,79,359543
13413,0.000673,74.125.68.0-255,4320,69273,79,359543
13414,0.000689,74.125.68.0-255,2902,72175,79,359543
13415,0.000693,172.31.40.0-255,66,72241,79,359543
13416,0.000699,74.125.68.0-255,1484,73725,79,359543
13417,0.00071,172.31.40.0-255,66,73791,79,359543
13418,0.000753,172.31.40.0-255,66,73857,79,359543
13419,0.000764,74.125.68.0-255,1484,75341,79,359543
13420,0.000785,74.125.68.0-255,2902,78243,79,359543
13421,0.000806,74.125.68.0-255,5738,83981,79,359543
13422,0.00081,74.125.68.0-255,2902,86883,79,359543
13423,0.000816,74.125.68.0-255,4320,91203,79,359543
13424,0.000855,172.31.40.0-255,66,91269,79,359543
13425,0.000874,74.125.68.0-255,7156,98425,79,359543
13426,0.000881,172.31.40.0-255,66,98491,79,359543
13427,0.000888,74.125.68.0-255,766,99257,79,359543
13428,0.000972,74.125.68.0-255,1484,100741,79,359543
13429,0.000976,74.125.68.0-255,1484,102225,79,359543
13430,0.000994,74.125.68.0-255,1484,103709,79,359543
13431,0.001001,74.125.68.0-255,4320,108029,79,359543
13432,0.001007,172.31.40.0-255,66,108095,79,359543
13433,0.001015,74.125.68.0-255,1484,109579,79,359543
13434,0.001023,74.125.68.0-255,2902,112481,79,359543
13435,0.001028,74.125.68.0-255,4320,116801,79,359543
13436,0.001038,74.125.68.0-255,1484,118285,79,359543
13437,0.001042,172.31.40.0-255,66,118351,79,359543
13438,0.001054,74.125.68.0-255,7156,125507,79,359543
13439,0.001065,74.125.68.0-255,7156,132663,79,359543
13440,0.001095,74.125.68.0-255,766,133429,79,359543
13441,0.001098,172.31.40.0-255,66,133495,79,359543
13442,0.001188,74.125.68.0-255,1484,134979,79,359543
13443,0.001192,74.125.68.0-255,1484,136463,79,359543
13444,0.001203,74.125.68.0-255,1484,137947,79,359543
13445,0.001206,74.125.68.0-255,1484,139431,79,359543
13446,0.001208,172.31.40.0-255,66,139497,79,359543
13447,0.001213,172.31.40.0-255,66,139563,79,359543
13448,0.001235,74.125.68.0-255,1484,141047,79,359543
13449,0.001244,74.125.68.0-255,4320,145367,79,359543
13450,0.001247,74.125.68.0-255,1484,146851,79,359543
13451,0.001262,172.31.40.0-255,66,146917,79,359543
13452,0.001275,74.125.68.0-255,7156,154073,79,359543
13453,0.001285,74.125.68.0-255,5738,159811,79,359543
13454,0.001292,172.31.40.0-255,66,159877,79,359543
13455,0.00132,74.125.68.0-255,7156,167033,79,359543
13456,0.001324,74.125.68.0-255,766,167799,79,359543
13457,0.001333,172.31.40.0-255,66,167865,79,359543
13458,0.001528,74.125.68.0-255,1484,169349,79,359543
13459,0.001532,74.125.68.0-255,1484,170833,79,359543
13460,0.001535,172.31.40.0-255,66,170899,79,359543
13461,0.001563,74.125.68.0-255,1484,172383,79,359543
13462,0.001569,74.125.68.0-255,5738,178121,79,359543
13463,0.001574,74.125.68.0-255,2902,181023,79,359543
13464,0.00159,74.125.68.0-255,2902,183925,79,359543
13465,0.001597,74.125.68.0-255,7156,191081,79,359543
13466,0.001612,172.31.40.0-255,66,191147,79,359543
13467,0.001625,74.125.68.0-255,5738,196885,79,359543
13468,0.001645,74.125.68.0-255,5020,201905,79,359543
13469,0.001655,172.31.40.0-255,66,201971,79,359543
13470,0.001835,74.125.68.0-255,1484,203455,79,359543
13471,0.00184,74.125.68.0-255,1484,204939,79,359543
13472,0.001843,172.31.40.0-255,66,205005,79,359543
13473,0.001875,74.125.68.0-255,1484,206489,79,359543
13474,0.001882,74.125.68.0-255,5738,212227,79,359543
13475,0.001893,74.125.68.0-255,5738,217965,79,359543
13476,0.001898,172.31.40.0-255,66,218031,79,359543
13477,0.001906,74.125.68.0-255,1484,219515,79,359543
13478,0.001926,74.125.68.0-255,5738,225253,79,359543
13479,0.001957,74.125.68.0-255,5738,230991,79,359543
13480,0.001961,172.31.40.0-255,66,231057,79,359543
13481,0.001967,172.31.40.0-255,66,231123,79,359543
13482,0.001997,74.125.68.0-255,6438,237561,79,359543
13483,0.002005,74.125.68.0-255,2902,240463,79,359543
13484,0.002009,74.125.68.0-255,2902,243365,79,359543
13485,0.002016,74.125.68.0-255,7156,250521,79,359543
13486,0.002036,74.125.68.0-255,5738,256259,79,359543
13487,0.002046,172.31.40.0-255,66,256325,79,359543
13488,0.00205,74.125.68.0-255,2902,259227,79,359543
13489,0.002055,74.125.68.0-255,2902,262129,79,359543
13490,0.002065,172.31.40.0-255,66,262195,79,359543
13491,0.002082,74.125.68.0-255,7156,269351,79,359543
13492,0.002085,74.125.68.0-255,766,270117,79,359543
13493,0.002088,74.125.68.0-255,1484,271601,79,359543
13494,0.002142,172.31.40.0-255,66,271667,79,359543
13495,0.002148,74.125.68.0-255,4320,275987,79,359543
13496,0.002151,74.125.68.0-255,2902,278889,79,359543
13497,0.002175,74.125.68.0-255,1484,280373,79,359543
13498,0.002181,74.125.68.0-255,5020,285393,79,359543
13499,0.002195,172.31.40.0-255,66,285459,79,359543
13500,0.002208,74.125.68.0-255,4320,289779,79,359543
13501,0.002233,74.125.68.0-255,5738,295517,79,359543
13502,0.002241,172.31.40.0-255,66,295583,79,359543
13503,0.002251,74.125.68.0-255,2902,298485,79,359543
13504,0.00226,172.31.40.0-255,66,298551,79,359543
13505,0.00229,74.125.68.0-255,7156,305707,79,359543
13506,0.002294,74.125.68.0-255,1484,307191,79,359543
13507,0.002299,74.125.68.0-255,4320,311511,79,359543
13508,0.002304,74.125.68.0-255,4320,315831,79,359543
13509,0.002309,74.125.68.0-255,3602,319433,79,359543
13510,0.002312,74.125.68.0-255,1484,320917,79,359543
13511,0.002323,172.31.40.0-255,66,320983,79,359543
13512,0.002354,74.125.68.0-255,7156,328139,79,359543
13513,0.002369,172.31.40.0-255,66,328205,79,359543
13514,0.002387,74.125.68.0-255,2902,331107,79,359543
13515,0.002392,172.31.40.0-255,66,331173,79,359543
13516,0.002408,74.125.68.0-255,7156,338329,79,359543
13517,0.002413,74.125.68.0-255,5020,343349,79,359543
13518,0.002433,172.31.40.0-255,66,343415,79,359543
13519,0.002444,74.125.68.0-255,5738,349153,79,359543
13520,0.002464,74.125.68.0-255,5738,354891,79,359543
13521,0.002468,74.125.68.0-255,4244,359135,79,359543
13522,0.002487,172.31.40.0-255,66,359201,79,359543
13523,0.002509,74.125.68.0-255,105,359306,79,359543
13524,0.004638,172.31.40.0-255,66,359372,79,359543
13525,0.004676,172.31.40.0-255,105,359477,79,359543
13526,0.006588,74.125.68.0-255,66,359543,79,359543
13527,0.0,172.31.40.0-255,105,105,79,276
13528,0.001763,157.240.24.0-255,105,210,79,276
13529,0.001773,172.31.40.0-255,66,276,79,276
13530,0.0,172.217.160.0-255,150,150,79,175079
13531,2.3e-05,172.31.40.0-255,66,216,79,175079
13532,3e-05,172.217.160.0-255,1484,1700,79,175079
13533,3.6e-05,172.31.40.0-255,66,1766,79,175079
13534,4.1e-05,172.217.160.0-255,2902,4668,79,175079
13535,5.2e-05,172.31.40.0-255,66,4734,79,175079
13536,5.8e-05,172.217.160.0-255,4320,9054,79,175079
13537,6.1e-05,172.31.40.0-255,66,9120,79,175079
13538,6.9e-05,172.217.160.0-255,5738,14858,79,175079
13539,7.4e-05,172.31.40.0-255,66,14924,79,175079
13540,0.000104,172.217.160.0-255,1937,16861,79,175079
13541,0.000107,172.31.40.0-255,66,16927,79,175079
13542,0.000119,172.217.160.0-255,5738,22665,79,175079
13543,0.000122,172.31.40.0-255,66,22731,79,175079
13544,0.000133,172.31.40.0-255,66,22797,79,175079
13545,0.000238,172.217.160.0-255,1484,24281,79,175079
13546,0.000242,172.31.40.0-255,66,24347,79,175079
13547,0.000248,172.217.160.0-255,2902,27249,79,175079
13548,0.00025,172.31.40.0-255,66,27315,79,175079
13549,0.000257,172.217.160.0-255,5738,33053,79,175079
13550,0.000264,172.31.40.0-255,66,33119,79,175079
13551,0.000269,172.217.160.0-255,2902,36021,79,175079
13552,0.000271,172.31.40.0-255,66,36087,79,175079
13553,0.000298,172.217.160.0-255,3961,40048,79,175079
13554,0.000301,172.31.40.0-255,66,40114,79,175079
13555,0.000583,172.217.160.0-255,1484,41598,79,175079
13556,0.000589,172.31.40.0-255,66,41664,79,175079
13557,0.000595,172.217.160.0-255,2902,44566,79,175079
13558,0.000598,172.31.40.0-255,66,44632,79,175079
13559,0.000604,172.217.160.0-255,4320,48952,79,175079
13560,0.000612,172.31.40.0-255,66,49018,79,175079
13561,0.000651,172.217.160.0-255,1484,50502,79,175079
13562,0.00066,172.217.160.0-255,6797,57299,79,175079
13563,0.000663,172.31.40.0-255,66,57365,79,175079
13564,0.000666,172.217.160.0-255,374,57739,79,175079
13565,0.00098,172.217.160.0-255,103,57842,79,175079
13566,0.00106,172.217.160.0-255,1484,59326,79,175079
13567,0.001066,172.31.40.0-255,66,59392,79,175079
13568,0.001072,172.217.160.0-255,2902,62294,79,175079
13569,0.001075,172.31.40.0-255,66,62360,79,175079
13570,0.001086,172.217.160.0-255,4320,66680,79,175079
13571,0.001088,172.31.40.0-255,66,66746,79,175079
13572,0.001133,172.217.160.0-255,5738,72484,79,175079
13573,0.001136,172.31.40.0-255,66,72550,79,175079
13574,0.001168,172.217.160.0-255,2543,75093,79,175079
13575,0.001171,172.31.40.0-255,66,75159,79,175079
13576,0.001174,172.217.160.0-255,1484,76643,79,175079
13577,0.001199,172.217.160.0-255,1484,78127,79,175079
13578,0.001201,172.31.40.0-255,66,78193,79,175079
13579,0.001206,172.217.160.0-255,4320,82513,79,175079
13580,0.001209,172.31.40.0-255,66,82579,79,175079
13581,0.001224,172.31.40.0-255,66,82645,79,175079
13582,0.001244,172.217.160.0-255,1422,84067,79,175079
13583,0.001315,172.217.160.0-255,1484,85551,79,175079
13584,0.001319,172.31.40.0-255,66,85617,79,175079
13585,0.001323,172.217.160.0-255,2902,88519,79,175079
13586,0.001326,172.31.40.0-255,66,88585,79,175079
13587,0.001329,172.217.160.0-255,1484,90069,79,175079
13588,0.001358,172.217.160.0-255,4320,94389,79,175079
13589,0.001361,172.31.40.0-255,66,94455,79,175079
13590,0.001391,172.217.160.0-255,6128,100583,79,175079
13591,0.001394,172.31.40.0-255,66,100649,79,175079
13592,0.001425,172.217.160.0-255,7156,107805,79,175079
13593,0.001427,172.31.40.0-255,66,107871,79,175079
13594,0.00143,172.217.160.0-255,1484,109355,79,175079
13595,0.001462,172.31.40.0-255,66,109421,79,175079
13596,0.001563,172.217.160.0-255,1484,110905,79,175079
13597,0.001569,172.217.160.0-255,2902,113807,79,175079
13598,0.001572,172.31.40.0-255,66,113873,79,175079
13599,0.001575,172.217.160.0-255,1484,115357,79,175079
13600,0.001602,172.217.160.0-255,4320,119677,79,175079
13601,0.001605,172.31.40.0-255,66,119743,79,175079
13602,0.001609,172.217.160.0-255,2902,122645,79,175079
13603,0.001611,172.31.40.0-255,66,122711,79,175079
13604,0.001652,172.31.40.0-255,66,122777,79,175079
13605,0.001664,172.31.40.0-255,66,122843,79,175079
13606,0.003646,172.217.160.0-255,5738,128581,79,175079
13607,0.003653,172.31.40.0-255,66,128647,79,175079
13608,0.005633,172.217.160.0-255,5738,134385,79,175079
13609,0.005637,172.31.40.0-255,66,134451,79,175079
13610,0.007621,172.217.160.0-255,5738,140189,79,175079
13611,0.007624,172.31.40.0-255,66,140255,79,175079
13612,0.009597,172.217.160.0-255,5738,145993,79,175079
13613,0.009605,172.31.40.0-255,66,146059,79,175079
13614,0.011581,172.217.160.0-255,5738,151797,79,175079
13615,0.011588,172.31.40.0-255,66,151863,79,175079
13616,0.013574,172.217.160.0-255,5738,157601,79,175079
13617,0.013582,172.31.40.0-255,66,157667,79,175079
13618,0.01556,172.217.160.0-255,5738,163405,79,175079
13619,0.015571,172.31.40.0-255,66,163471,79,175079
13620,0.017574,172.217.160.0-255,5738,169209,79,175079
13621,0.017581,172.31.40.0-255,66,169275,79,175079
13622,0.019562,172.217.160.0-255,5738,175013,79,175079
13623,0.019568,172.31.40.0-255,66,175079,79,175079
13624,0.0,74.125.24.0-255,152,152,79,144094
13625,2.3e-05,172.31.40.0-255,66,218,79,144094
13626,3.1e-05,74.125.24.0-255,1484,1702,79,144094
13627,3.7e-05,172.31.40.0-255,66,1768,79,144094
13628,4.5e-05,74.125.24.0-255,2902,4670,79,144094
13629,5.7e-05,172.31.40.0-255,66,4736,79,144094
13630,6.5e-05,74.125.24.0-255,7156,11892,79,144094
13631,6.9e-05,172.31.40.0-255,66,11958,79,144094
13632,7.3e-05,74.125.24.0-255,2099,14057,79,144094
13633,7.6e-05,172.31.40.0-255,66,14123,79,144094
13634,9.9e-05,74.125.24.0-255,1484,15607,79,144094
13635,0.000101,172.31.40.0-255,66,15673,79,144094
13636,0.000141,172.31.40.0-255,66,15739,79,144094
13637,0.000145,74.125.24.0-255,1484,17223,79,144094
13638,0.000147,172.31.40.0-255,66,17289,79,144094
13639,0.000182,74.125.24.0-255,3961,21250,79,144094
13640,0.000185,172.31.40.0-255,66,21316,79,144094
13641,0.000696,74.125.24.0-255,1484,22800,79,144094
13642,0.000701,172.31.40.0-255,66,22866,79,144094
13643,0.000708,74.125.24.0-255,2902,25768,79,144094
13644,0.00071,172.31.40.0-255,66,25834,79,144094
13645,0.000742,74.125.24.0-255,2902,28736,79,144094
13646,0.000745,172.31.40.0-255,66,28802,79,144094
13647,0.000751,74.125.24.0-255,4320,33122,79,144094
13648,0.000753,172.31.40.0-255,66,33188,79,144094
13649,0.000804,172.31.40.0-255,66,33254,79,144094
13650,0.000811,74.125.24.0-255,5738,38992,79,144094
13651,0.000813,172.31.40.0-255,66,39058,79,144094
13652,0.000868,172.31.40.0-255,66,39124,79,144094
13653,0.00094,74.125.24.0-255,399,39523,79,144094
13654,0.000962,74.125.24.0-255,109,39632,79,144094
13655,0.001414,74.125.24.0-255,1484,41116,79,144094
13656,0.001421,172.31.40.0-255,66,41182,79,144094
13657,0.001428,74.125.24.0-255,2902,44084,79,144094
13658,0.00143,172.31.40.0-255,66,44150,79,144094
13659,0.001478,74.125.24.0-255,4320,48470,79,144094
13660,0.001482,172.31.40.0-255,66,48536,79,144094
13661,0.001487,74.125.24.0-255,4320,52856,79,144094
13662,0.00149,172.31.40.0-255,66,52922,79,144094
13663,0.001517,74.125.24.0-255,4320,57242,79,144094
13664,0.001519,172.31.40.0-255,66,57308,79,144094
13665,0.001531,172.31.40.0-255,66,57374,79,144094
13666,0.001568,74.125.24.0-255,6438,63812,79,144094
13667,0.001572,172.31.40.0-255,66,63878,79,144094
13668,0.001921,74.125.24.0-255,1484,65362,79,144094
13669,0.001927,74.125.24.0-255,2902,68264,79,144094
13670,0.00193,172.31.40.0-255,66,68330,79,144094
13671,0.001958,74.125.24.0-255,5738,74068,79,144094
13672,0.001961,172.31.40.0-255,66,74134,79,144094
13673,0.001968,74.125.24.0-255,7156,81290,79,144094
13674,0.001971,172.31.40.0-255,66,81356,79,144094
13675,0.00199,74.125.24.0-255,1484,82840,79,144094
13676,0.002033,172.31.40.0-255,66,82906,79,144094
13677,0.002037,74.125.24.0-255,2184,85090,79,144094
13678,0.002039,172.31.40.0-255,66,85156,79,144094
13679,0.002061,74.125.24.0-255,2902,88058,79,144094
13680,0.002063,172.31.40.0-255,66,88124,79,144094
13681,0.002068,74.125.24.0-255,2902,91026,79,144094
13682,0.00207,172.31.40.0-255,66,91092,79,144094
13683,0.00211,74.125.24.0-255,7156,98248,79,144094
13684,0.002112,172.31.40.0-255,66,98314,79,144094
13685,0.002129,172.31.40.0-255,66,98380,79,144094
13686,0.002135,74.125.24.0-255,5020,103400,79,144094
13687,0.002138,172.31.40.0-255,66,103466,79,144094
13688,0.004398,74.125.24.0-255,5738,109204,79,144094
13689,0.004402,172.31.40.0-255,66,109270,79,144094
13690,0.006685,74.125.24.0-255,5738,115008,79,144094
13691,0.006692,172.31.40.0-255,66,115074,79,144094
13692,0.00899,74.125.24.0-255,5738,120812,79,144094
13693,0.008997,172.31.40.0-255,66,120878,79,144094
13694,0.011344,74.125.24.0-255,5738,126616,79,144094
13695,0.011354,172.31.40.0-255,66,126682,79,144094
13696,0.01366,74.125.24.0-255,5738,132420,79,144094
13697,0.013672,172.31.40.0-255,66,132486,79,144094
13698,0.015951,74.125.24.0-255,5738,138224,79,144094
13699,0.015959,172.31.40.0-255,66,138290,79,144094
13700,0.018245,74.125.24.0-255,5738,144028,79,144094
13701,0.018253,172.31.40.0-255,66,144094,79,144094
13702,0.0,74.125.24.0-255,143,143,79,162434
13703,2.3e-05,172.31.40.0-255,66,209,79,162434
13704,3.1e-05,74.125.24.0-255,1484,1693,79,162434
13705,3.6e-05,172.31.40.0-255,66,1759,79,162434
13706,4.1e-05,74.125.24.0-255,2902,4661,79,162434
13707,4.4e-05,172.31.40.0-255,66,4727,79,162434
13708,5.2e-05,74.125.24.0-255,7156,11883,79,162434
13709,5.5e-05,172.31.40.0-255,66,11949,79,162434
13710,5.9e-05,74.125.24.0-255,1941,13890,79,162434
13711,6.2e-05,172.31.40.0-255,66,13956,79,162434
13712,7.6e-05,172.31.40.0-255,66,14022,79,162434
13713,8.3e-05,74.125.24.0-255,7156,21178,79,162434
13714,8.6e-05,172.31.40.0-255,66,21244,79,162434
13715,0.000128,74.125.24.0-255,4320,25564,79,162434
13716,0.000131,172.31.40.0-255,66,25630,79,162434
13717,0.000156,74.125.24.0-255,7156,32786,79,162434
13718,0.000158,172.31.40.0-255,66,32852,79,162434
13719,0.000179,74.125.24.0-255,3602,36454,79,162434
13720,0.000181,172.31.40.0-255,66,36520,79,162434
13721,0.000455,74.125.24.0-255,1484,38004,79,162434
13722,0.00046,172.31.40.0-255,66,38070,79,162434
13723,0.000466,74.125.24.0-255,2902,40972,79,162434
13724,0.000469,172.31.40.0-255,66,41038,79,162434
13725,0.000472,74.125.24.0-255,1484,42522,79,162434
13726,0.000474,172.31.40.0-255,66,42588,79,162434
13727,0.000478,74.125.24.0-255,1484,44072,79,162434
13728,0.00048,172.31.40.0-255,66,44138,79,162434
13729,0.000508,74.125.24.0-255,1484,45622,79,162434
13730,0.000511,172.31.40.0-255,66,45688,79,162434
13731,0.000518,74.125.24.0-255,5738,51426,79,162434
13732,0.000521,172.31.40.0-255,66,51492,79,162434
13733,0.000525,74.125.24.0-255,2543,54035,79,162434
13734,0.000541,172.31.40.0-255,66,54101,79,162434
13735,0.000725,74.125.24.0-255,1484,55585,79,162434
13736,0.000743,74.125.24.0-255,2902,58487,79,162434
13737,0.000746,74.125.24.0-255,1484,59971,79,162434
13738,0.000751,172.31.40.0-255,66,60037,79,162434
13739,0.000771,74.125.24.0-255,4320,64357,79,162434
13740,0.000774,74.125.24.0-255,1484,65841,79,162434
13741,0.00079,172.31.40.0-255,66,65907,79,162434
13742,0.000797,74.125.24.0-255,5960,71867,79,162434
13743,0.000802,172.31.40.0-255,66,71933,79,162434
13744,0.001701,74.125.24.0-255,1484,73417,79,162434
13745,0.001711,74.125.24.0-255,1484,74901,79,162434
13746,0.001716,172.31.40.0-255,66,74967,79,162434
13747,0.001741,74.125.24.0-255,1484,76451,79,162434
13748,0.001748,74.125.24.0-255,5738,82189,79,162434
13749,0.001755,74.125.24.0-255,7156,89345,79,162434
13750,0.001773,74.125.24.0-255,5738,95083,79,162434
13751,0.001805,74.125.24.0-255,2184,97267,79,162434
13752,0.002102,74.125.24.0-255,1484,98751,79,162434
13753,0.002134,74.125.24.0-255,2902,101653,79,162434
13754,0.002156,74.125.24.0-255,4320,105973,79,162434
13755,0.002219,74.125.24.0-255,4320,110293,79,162434
13756,0.002234,74.125.24.0-255,3961,114254,79,162434
13757,0.002268,74.125.24.0-255,1484,115738,79,162434
13758,0.002283,74.125.24.0-255,1484,117222,79,162434
13759,0.002295,74.125.24.0-255,1484,118706,79,162434
13760,0.002297,74.125.24.0-255,1484,120190,79,162434
13761,0.002308,74.125.24.0-255,1484,121674,79,162434
13762,0.002319,74.125.24.0-255,2902,124576,79,162434
13763,0.002355,74.125.24.0-255,1484,126060,79,162434
13764,0.002396,74.125.24.0-255,1484,127544,79,162434
13765,0.002402,74.125.24.0-255,4320,131864,79,162434
13766,0.002417,74.125.24.0-255,1484,133348,79,162434
13767,0.006977,172.31.40.0-255,66,133414,79,162434
13768,0.009342,74.125.24.0-255,5738,139152,79,162434
13769,0.009351,172.31.40.0-255,66,139218,79,162434
13770,0.0117,74.125.24.0-255,5738,144956,79,162434
13771,0.011709,172.31.40.0-255,66,145022,79,162434
13772,0.014039,74.125.24.0-255,5738,150760,79,162434
13773,0.014054,172.31.40.0-255,66,150826,79,162434
13774,0.016441,74.125.24.0-255,5738,156564,79,162434
13775,0.016456,172.31.40.0-255,66,156630,79,162434
13776,0.018811,74.125.24.0-255,5738,162368,79,162434
13777,0.018821,172.31.40.0-255,66,162434,79,162434
13778,0.0,172.217.194.0-255,148,148,79,183061
13779,2.4e-05,172.31.40.0-255,66,214,79,183061
13780,3.1e-05,172.217.194.0-255,1484,1698,79,183061
13781,3.6e-05,172.31.40.0-255,66,1764,79,183061
13782,4.2e-05,172.217.194.0-255,2902,4666,79,183061
13783,5.3e-05,172.31.40.0-255,66,4732,79,183061
13784,6e-05,172.217.194.0-255,7156,11888,79,183061
13785,6.4e-05,172.31.40.0-255,66,11954,79,183061
13786,6.8e-05,172.217.194.0-255,1985,13939,79,183061
13787,7.1e-05,172.31.40.0-255,66,14005,79,183061
13788,0.000114,172.217.194.0-255,2902,16907,79,183061
13789,0.000118,172.31.40.0-255,66,16973,79,183061
13790,0.000121,172.217.194.0-255,1484,18457,79,183061
13791,0.000123,172.31.40.0-255,66,18523,79,183061
13792,0.00013,172.217.194.0-255,5738,24261,79,183061
13793,0.000133,172.31.40.0-255,66,24327,79,183061
13794,0.000177,172.217.194.0-255,6797,31124,79,183061
13795,0.00018,172.31.40.0-255,66,31190,79,183061
13796,0.000216,172.217.194.0-255,1484,32674,79,183061
13797,0.000219,172.31.40.0-255,66,32740,79,183061
13798,0.000224,172.217.194.0-255,2902,35642,79,183061
13799,0.000226,172.31.40.0-255,66,35708,79,183061
13800,0.00026,172.217.194.0-255,5738,41446,79,183061
13801,0.000263,172.31.40.0-255,66,41512,79,183061
13802,0.000282,172.31.40.0-255,66,41578,79,183061
13803,0.000305,172.217.194.0-255,2543,44121,79,183061
13804,0.000308,172.31.40.0-255,66,44187,79,183061
13805,0.000314,172.217.194.0-255,4320,48507,79,183061
13806,0.000316,172.31.40.0-255,66,48573,79,183061
13807,0.000343,172.217.194.0-255,5690,54263,79,183061
13808,0.000347,172.31.40.0-255,66,54329,79,183061
13809,0.000349,172.217.194.0-255,366,54695,79,183061
13810,0.000595,172.217.194.0-255,1484,56179,79,183061
13811,0.000602,172.31.40.0-255,66,56245,79,183061
13812,0.000608,172.217.194.0-255,2902,59147,79,183061
13813,0.000611,172.31.40.0-255,66,59213,79,183061
13814,0.000617,172.217.194.0-255,5738,64951,79,183061
13815,0.000624,172.31.40.0-255,66,65017,79,183061
13816,0.00063,172.217.194.0-255,4320,69337,79,183061
13817,0.000632,172.31.40.0-255,66,69403,79,183061
13818,0.000706,172.31.40.0-255,66,69469,79,183061
13819,0.00071,172.31.40.0-255,66,69535,79,183061
13820,0.001556,172.217.194.0-255,1484,71019,79,183061
13821,0.001606,172.217.194.0-255,1484,72503,79,183061
13822,0.001611,172.31.40.0-255,66,72569,79,183061
13823,0.001657,172.217.194.0-255,1484,74053,79,183061
13824,0.001725,172.217.194.0-255,1484,75537,79,183061
13825,0.001728,172.31.40.0-255,66,75603,79,183061
13826,0.001736,172.217.194.0-255,2902,78505,79,183061
13827,0.001738,172.31.40.0-255,66,78571,79,183061
13828,0.001749,172.217.194.0-255,5738,84309,79,183061
13829,0.001752,172.31.40.0-255,66,84375,79,183061
13830,0.001802,172.31.40.0-255,66,84441,79,183061
13831,0.001811,172.217.194.0-255,6438,90879,79,183061
13832,0.001813,172.31.40.0-255,66,90945,79,183061
13833,0.00184,172.217.194.0-255,1484,92429,79,183061
13834,0.00186,172.217.194.0-255,2902,95331,79,183061
13835,0.001862,172.31.40.0-255,66,95397,79,183061
13836,0.001871,172.217.194.0-255,5738,101135,79,183061
13837,0.001878,172.31.40.0-255,66,101201,79,183061
13838,0.001885,172.217.194.0-255,4320,105521,79,183061
13839,0.001887,172.31.40.0-255,66,105587,79,183061
13840,0.001931,172.31.40.0-255,66,105653,79,183061
13841,0.001948,172.31.40.0-255,66,105719,79,183061
13842,0.00196,172.31.40.0-255,66,105785,79,183061
13843,0.002011,172.217.194.0-255,7156,112941,79,183061
13844,0.002014,172.31.40.0-255,66,113007,79,183061
13845,0.002056,172.31.40.0-255,66,113073,79,183061
13846,0.00208,172.31.40.0-255,66,113139,79,183061
13847,0.002091,172.31.40.0-255,66,113205,79,183061
13848,0.002117,172.31.40.0-255,66,113271,79,183061
13849,0.00212,172.217.194.0-255,766,114037,79,183061
13850,0.002141,172.217.194.0-255,1484,115521,79,183061
13851,0.002144,172.31.40.0-255,66,115587,79,183061
13852,0.002149,172.217.194.0-255,2902,118489,79,183061
13853,0.002151,172.31.40.0-255,66,118555,79,183061
13854,0.002186,172.217.194.0-255,5738,124293,79,183061
13855,0.00219,172.31.40.0-255,66,124359,79,183061
13856,0.002209,172.31.40.0-255,66,124425,79,183061
13857,0.002212,172.217.194.0-255,1484,125909,79,183061
13858,0.002218,172.217.194.0-255,4320,130229,79,183061
13859,0.002221,172.31.40.0-255,66,130295,79,183061
13860,0.002278,172.217.194.0-255,5020,135315,79,183061
13861,0.002281,172.31.40.0-255,66,135381,79,183061
13862,0.002311,172.217.194.0-255,1484,136865,79,183061
13863,0.002316,172.217.194.0-255,2902,139767,79,183061
13864,0.002319,172.31.40.0-255,66,139833,79,183061
13865,0.002324,172.217.194.0-255,4320,144153,79,183061
13866,0.002327,172.31.40.0-255,66,144219,79,183061
13867,0.002353,172.217.194.0-255,1484,145703,79,183061
13868,0.002369,172.31.40.0-255,66,145769,79,183061
13869,0.002373,172.217.194.0-255,2902,148671,79,183061
13870,0.002375,172.31.40.0-255,66,148737,79,183061
13871,0.002397,172.217.194.0-255,1484,150221,79,183061
13872,0.002423,172.217.194.0-255,6438,156659,79,183061
13873,0.002427,172.31.40.0-255,66,156725,79,183061
13874,0.002458,172.217.194.0-255,7156,163881,79,183061
13875,0.00246,172.31.40.0-255,66,163947,79,183061
13876,0.002488,172.217.194.0-255,1484,165431,79,183061
13877,0.002501,172.31.40.0-255,66,165497,79,183061
13878,0.002528,172.31.40.0-255,66,165563,79,183061
13879,0.002559,172.31.40.0-255,66,165629,79,183061
13880,0.002577,172.31.40.0-255,66,165695,79,183061
13881,0.002589,172.31.40.0-255,66,165761,79,183061
13882,0.002619,172.217.194.0-255,4320,170081,79,183061
13883,0.002621,172.31.40.0-255,66,170147,79,183061
13884,0.00265,172.31.40.0-255,66,170213,79,183061
13885,0.002667,172.31.40.0-255,66,170279,79,183061
13886,0.002674,172.217.194.0-255,6438,176717,79,183061
13887,0.002677,172.31.40.0-255,66,176783,79,183061
13888,0.002679,172.217.194.0-255,1484,178267,79,183061
13889,0.002717,172.217.194.0-255,4320,182587,79,183061
13890,0.00272,172.31.40.0-255,66,182653,79,183061
13891,0.002761,172.31.40.0-255,66,182719,79,183061
13892,0.002764,172.217.194.0-255,105,182824,79,183061
13893,0.010694,172.31.40.0-255,66,182890,79,183061
13894,0.010738,172.31.40.0-255,105,182995,79,183061
13895,0.012745,172.217.194.0-255,66,183061,79,183061
13896,0.0,74.125.200.0-255,143,143,79,264865
13897,2.2e-05,172.31.40.0-255,66,209,79,264865
13898,2.9e-05,74.125.200.0-255,1484,1693,79,264865
13899,3.4e-05,172.31.40.0-255,66,1759,79,264865
13900,4.1e-05,74.125.200.0-255,2902,4661,79,264865
13901,5.3e-05,172.31.40.0-255,66,4727,79,264865
13902,6e-05,74.125.200.0-255,5738,10465,79,264865
13903,6.3e-05,172.31.40.0-255,66,10531,79,264865
13904,9.9e-05,74.125.200.0-255,3455,13986,79,264865
13905,0.000102,172.31.40.0-255,66,14052,79,264865
13906,0.000195,74.125.200.0-255,1484,15536,79,264865
13907,0.000198,172.31.40.0-255,66,15602,79,264865
13908,0.000217,74.125.200.0-255,2902,18504,79,264865
13909,0.00022,172.31.40.0-255,66,18570,79,264865
13910,0.000223,74.125.200.0-255,1484,20054,79,264865
13911,0.000225,172.31.40.0-255,66,20120,79,264865
13912,0.000273,74.125.200.0-255,2902,23022,79,264865
13913,0.000276,172.31.40.0-255,66,23088,79,264865
13914,0.000282,74.125.200.0-255,5738,28826,79,264865
13915,0.000285,172.31.40.0-255,66,28892,79,264865
13916,0.000287,74.125.200.0-255,1484,30376,79,264865
13917,0.000294,172.31.40.0-255,66,30442,79,264865
13918,0.000336,172.31.40.0-255,66,30508,79,264865
13919,0.000339,74.125.200.0-255,1484,31992,79,264865
13920,0.000341,172.31.40.0-255,66,32058,79,264865
13921,0.000366,74.125.200.0-255,5738,37796,79,264865
13922,0.000369,172.31.40.0-255,66,37862,79,264865
13923,0.000399,74.125.200.0-255,2902,40764,79,264865
13924,0.000402,172.31.40.0-255,66,40830,79,264865
13925,0.000408,74.125.200.0-255,5738,46568,79,264865
13926,0.000411,172.31.40.0-255,66,46634,79,264865
13927,0.000446,74.125.200.0-255,5738,52372,79,264865
13928,0.000449,172.31.40.0-255,66,52438,79,264865
13929,0.000454,74.125.200.0-255,3978,56416,79,264865
13930,0.000456,172.31.40.0-255,66,56482,79,264865
13931,0.000459,74.125.200.0-255,331,56813,79,264865
13932,0.000631,74.125.200.0-255,1484,58297,79,264865
13933,0.000636,172.31.40.0-255,66,58363,79,264865
13934,0.000642,74.125.200.0-255,2902,61265,79,264865
13935,0.000644,172.31.40.0-255,66,61331,79,264865
13936,0.000647,74.125.200.0-255,1484,62815,79,264865
13937,0.000686,74.125.200.0-255,4320,67135,79,264865
13938,0.000689,172.31.40.0-255,66,67201,79,264865
13939,0.000696,74.125.200.0-255,5738,72939,79,264865
13940,0.000698,172.31.40.0-255,66,73005,79,264865
13941,0.000705,74.125.200.0-255,4320,77325,79,264865
13942,0.000707,172.31.40.0-255,66,77391,79,264865
13943,0.000735,74.125.200.0-255,2902,80293,79,264865
13944,0.000737,172.31.40.0-255,66,80359,79,264865
13945,0.000743,74.125.200.0-255,4320,84679,79,264865
13946,0.000746,172.31.40.0-255,66,84745,79,264865
13947,0.000774,74.125.200.0-255,4320,89065,79,264865
13948,0.000776,172.31.40.0-255,66,89131,79,264865
13949,0.000802,74.125.200.0-255,2184,91315,79,264865
13950,0.000805,172.31.40.0-255,66,91381,79,264865
13951,0.001051,74.125.200.0-255,1484,92865,79,264865
13952,0.001056,74.125.200.0-255,2902,95767,79,264865
13953,0.001062,172.31.40.0-255,66,95833,79,264865
13954,0.001073,74.125.200.0-255,4320,100153,79,264865
13955,0.001076,172.31.40.0-255,66,100219,79,264865
13956,0.001099,74.125.200.0-255,5738,105957,79,264865
13957,0.001102,172.31.40.0-255,66,106023,79,264865
13958,0.001129,74.125.200.0-255,5738,111761,79,264865
13959,0.001132,172.31.40.0-255,66,111827,79,264865
13960,0.00116,74.125.200.0-255,5738,117565,79,264865
13961,0.001165,172.31.40.0-255,66,117631,79,264865
13962,0.001193,74.125.200.0-255,4320,121951,79,264865
13963,0.001196,172.31.40.0-255,66,122017,79,264865
13964,0.001226,74.125.200.0-255,3602,125619,79,264865
13965,0.001232,172.31.40.0-255,66,125685,79,264865
13966,0.001258,74.125.200.0-255,1484,127169,79,264865
13967,0.001276,74.125.200.0-255,2902,130071,79,264865
13968,0.00128,172.31.40.0-255,66,130137,79,264865
13969,0.001308,74.125.200.0-255,2902,133039,79,264865
13970,0.001311,172.31.40.0-255,66,133105,79,264865
13971,0.001322,74.125.200.0-255,1484,134589,79,264865
13972,0.001336,74.125.200.0-255,2902,137491,79,264865
13973,0.001339,172.31.40.0-255,66,137557,79,264865
13974,0.001344,74.125.200.0-255,2902,140459,79,264865
13975,0.001346,172.31.40.0-255,66,140525,79,264865
13976,0.001352,74.125.200.0-255,4320,144845,79,264865
13977,0.001358,172.31.40.0-255,66,144911,79,264865
13978,0.001361,74.125.200.0-255,1484,146395,79,264865
13979,0.001401,74.125.200.0-255,7156,153551,79,264865
13980,0.001405,172.31.40.0-255,66,153617,79,264865
13981,0.001411,74.125.200.0-255,4320,157937,79,264865
13982,0.001413,172.31.40.0-255,66,158003,79,264865
13983,0.001431,74.125.200.0-255,1484,159487,79,264865
13984,0.001459,74.125.200.0-255,766,160253,79,264865
13985,0.001463,172.31.40.0-255,66,160319,79,264865
13986,0.001475,74.125.200.0-255,1484,161803,79,264865
13987,0.001482,74.125.200.0-255,1484,163287,79,264865
13988,0.001485,172.31.40.0-255,66,163353,79,264865
13989,0.00149,74.125.200.0-255,2902,166255,79,264865
13990,0.001492,172.31.40.0-255,66,166321,79,264865
13991,0.001525,74.125.200.0-255,5738,172059,79,264865
13992,0.001528,172.31.40.0-255,66,172125,79,264865
13993,0.001553,74.125.200.0-255,4320,176445,79,264865
13994,0.001556,172.31.40.0-255,66,176511,79,264865
13995,0.001589,74.125.200.0-255,5738,182249,79,264865
13996,0.001592,172.31.40.0-255,66,182315,79,264865
13997,0.001597,74.125.200.0-255,2902,185217,79,264865
13998,0.001599,172.31.40.0-255,66,185283,79,264865
13999,0.001602,74.125.200.0-255,1484,186767,79,264865
14000,0.001629,74.125.200.0-255,2902,189669,79,264865
14001,0.001632,172.31.40.0-255,66,189735,79,264865
14002,0.00165,74.125.200.0-255,1484,191219,79,264865
14003,0.001683,74.125.200.0-255,1484,192703,79,264865
14004,0.001688,172.31.40.0-255,66,192769,79,264865
14005,0.001698,74.125.200.0-255,2184,194953,79,264865
14006,0.001761,172.31.40.0-255,66,195019,79,264865
14007,0.002004,74.125.200.0-255,1484,196503,79,264865
14008,0.00201,74.125.200.0-255,2902,199405,79,264865
14009,0.002037,74.125.200.0-255,5738,205143,79,264865
14010,0.002054,74.125.200.0-255,2902,208045,79,264865
14011,0.002068,74.125.200.0-255,4320,212365,79,264865
14012,0.002289,74.125.200.0-255,1484,213849,79,264865
14013,0.002296,74.125.200.0-255,2902,216751,79,264865
14014,0.002314,74.125.200.0-255,5738,222489,79,264865
14015,0.002352,74.125.200.0-255,5738,228227,79,264865
14016,0.002374,74.125.200.0-255,5738,233965,79,264865
14017,0.002376,74.125.200.0-255,1484,235449,79,264865
14018,0.006947,172.31.40.0-255,66,235515,79,264865
14019,0.006954,172.31.40.0-255,66,235581,79,264865
14020,0.006957,172.31.40.0-255,66,235647,79,264865
14021,0.006962,172.31.40.0-255,66,235713,79,264865
14022,0.006977,172.31.40.0-255,66,235779,79,264865
14023,0.00705,172.31.40.0-255,66,235845,79,264865
14024,0.009379,74.125.200.0-255,5738,241583,79,264865
14025,0.009388,172.31.40.0-255,66,241649,79,264865
14026,0.011711,74.125.200.0-255,5738,247387,79,264865
14027,0.011718,172.31.40.0-255,66,247453,79,264865
14028,0.014083,74.125.200.0-255,5738,253191,79,264865
14029,0.014091,172.31.40.0-255,66,253257,79,264865
14030,0.016414,74.125.200.0-255,5738,258995,79,264865
14031,0.016423,172.31.40.0-255,66,259061,79,264865
14032,0.018748,74.125.200.0-255,5738,264799,79,264865
14033,0.018757,172.31.40.0-255,66,264865,79,264865
14034,0.0,74.125.68.0-255,152,152,79,302275
14035,1.7e-05,172.31.40.0-255,66,218,79,302275
14036,2.3e-05,74.125.68.0-255,1484,1702,79,302275
14037,2.8e-05,172.31.40.0-255,66,1768,79,302275
14038,3.3e-05,74.125.68.0-255,2902,4670,79,302275
14039,3.6e-05,172.31.40.0-255,66,4736,79,302275
14040,3.9e-05,74.125.68.0-255,1484,6220,79,302275
14041,4.2e-05,172.31.40.0-255,66,6286,79,302275
14042,6.9e-05,74.125.68.0-255,5738,12024,79,302275
14043,7.2e-05,172.31.40.0-255,66,12090,79,302275
14044,7.7e-05,74.125.68.0-255,2045,14135,79,302275
14045,7.9e-05,172.31.40.0-255,66,14201,79,302275
14046,8.3e-05,74.125.68.0-255,2902,17103,79,302275
14047,8.5e-05,172.31.40.0-255,66,17169,79,302275
14048,9.2e-05,74.125.68.0-255,5738,22907,79,302275
14049,9.4e-05,172.31.40.0-255,66,22973,79,302275
14050,0.000106,74.125.68.0-255,1484,24457,79,302275
14051,0.000108,172.31.40.0-255,66,24523,79,302275
14052,0.000113,74.125.68.0-255,2902,27425,79,302275
14053,0.000115,172.31.40.0-255,66,27491,79,302275
14054,0.000123,74.125.68.0-255,3961,31452,79,302275
14055,0.000125,172.31.40.0-255,66,31518,79,302275
14056,0.000203,74.125.68.0-255,1484,33002,79,302275
14057,0.000206,172.31.40.0-255,66,33068,79,302275
14058,0.000261,74.125.68.0-255,2902,35970,79,302275
14059,0.000264,172.31.40.0-255,66,36036,79,302275
14060,0.000271,74.125.68.0-255,5738,41774,79,302275
14061,0.000273,172.31.40.0-255,66,41840,79,302275
14062,0.000278,74.125.68.0-255,4320,46160,79,302275
14063,0.00028,172.31.40.0-255,66,46226,79,302275
14064,0.000286,74.125.68.0-255,5738,51964,79,302275
14065,0.000289,172.31.40.0-255,66,52030,79,302275
14066,0.000328,172.31.40.0-255,66,52096,79,302275
14067,0.000332,74.125.68.0-255,2184,54280,79,302275
14068,0.000334,172.31.40.0-255,66,54346,79,302275
14069,0.000337,74.125.68.0-255,427,54773,79,302275
14070,0.000483,74.125.68.0-255,1484,56257,79,302275
14071,0.000487,172.31.40.0-255,66,56323,79,302275
14072,0.000492,74.125.68.0-255,2902,59225,79,302275
14073,0.000495,172.31.40.0-255,66,59291,79,302275
14074,0.000523,74.125.68.0-255,4320,63611,79,302275
14075,0.000526,172.31.40.0-255,66,63677,79,302275
14076,0.000532,74.125.68.0-255,5738,69415,79,302275
14077,0.000534,172.31.40.0-255,66,69481,79,302275
14078,0.00056,74.125.68.0-255,7156,76637,79,302275
14079,0.000563,172.31.40.0-255,66,76703,79,302275
14080,0.000585,74.125.68.0-255,4320,81023,79,302275
14081,0.000587,172.31.40.0-255,66,81089,79,302275
14082,0.000592,74.125.68.0-255,2902,83991,79,302275
14083,0.000594,172.31.40.0-255,66,84057,79,302275
14084,0.000635,74.125.68.0-255,5020,89077,79,302275
14085,0.000639,172.31.40.0-255,66,89143,79,302275
14086,0.000668,74.125.68.0-255,1484,90627,79,302275
14087,0.000682,74.125.68.0-255,2902,93529,79,302275
14088,0.000686,172.31.40.0-255,66,93595,79,302275
14089,0.000721,74.125.68.0-255,1484,95079,79,302275
14090,0.000739,74.125.68.0-255,2902,97981,79,302275
14091,0.000742,172.31.40.0-255,66,98047,79,302275
14092,0.000766,74.125.68.0-255,5738,103785,79,302275
14093,0.000769,172.31.40.0-255,66,103851,79,302275
14094,0.000772,74.125.68.0-255,1484,105335,79,302275
14095,0.000786,74.125.68.0-255,2902,108237,79,302275
14096,0.000789,172.31.40.0-255,66,108303,79,302275
14097,0.00081,74.125.68.0-255,5738,114041,79,302275
14098,0.000813,172.31.40.0-255,66,114107,79,302275
14099,0.000829,74.125.68.0-255,4320,118427,79,302275
14100,0.000833,172.31.40.0-255,66,118493,79,302275
14101,0.000843,74.125.68.0-255,5020,123513,79,302275
14102,0.000845,172.31.40.0-255,66,123579,79,302275
14103,0.000875,74.125.68.0-255,7156,130735,79,302275
14104,0.000878,172.31.40.0-255,66,130801,79,302275
14105,0.000896,74.125.68.0-255,2902,133703,79,302275
14106,0.000899,172.31.40.0-255,66,133769,79,302275
14107,0.000904,74.125.68.0-255,2902,136671,79,302275
14108,0.000906,172.31.40.0-255,66,136737,79,302275
14109,0.000911,74.125.68.0-255,2902,139639,79,302275
14110,0.000913,172.31.40.0-255,66,139705,79,302275
14111,0.000955,172.31.40.0-255,66,139771,79,302275
14112,0.000962,74.125.68.0-255,5738,145509,79,302275
14113,0.000964,172.31.40.0-255,66,145575,79,302275
14114,0.000986,74.125.68.0-255,766,146341,79,302275
14115,0.001031,74.125.68.0-255,1484,147825,79,302275
14116,0.001034,172.31.40.0-255,66,147891,79,302275
14117,0.001039,74.125.68.0-255,2902,150793,79,302275
14118,0.001042,172.31.40.0-255,66,150859,79,302275
14119,0.001064,74.125.68.0-255,5738,156597,79,302275
14120,0.001067,172.31.40.0-255,66,156663,79,302275
14121,0.001072,74.125.68.0-255,2902,159565,79,302275
14122,0.001074,172.31.40.0-255,66,159631,79,302275
14123,0.00109,74.125.68.0-255,2902,162533,79,302275
14124,0.001092,172.31.40.0-255,66,162599,79,302275
14125,0.001124,74.125.68.0-255,7156,169755,79,302275
14126,0.001126,172.31.40.0-255,66,169821,79,302275
14127,0.001131,74.125.68.0-255,2902,172723,79,302275
14128,0.001133,172.31.40.0-255,66,172789,79,302275
14129,0.001181,74.125.68.0-255,4320,177109,79,302275
14130,0.001185,172.31.40.0-255,66,177175,79,302275
14131,0.001204,74.125.68.0-255,3303,180478,79,302275
14132,0.001206,172.31.40.0-255,66,180544,79,302275
14133,0.001671,74.125.68.0-255,1484,182028,79,302275
14134,0.001685,74.125.68.0-255,2902,184930,79,302275
14135,0.001689,172.31.40.0-255,66,184996,79,302275
14136,0.001715,74.125.68.0-255,5738,190734,79,302275
14137,0.001718,172.31.40.0-255,66,190800,79,302275
14138,0.001765,74.125.68.0-255,2902,193702,79,302275
14139,0.001767,172.31.40.0-255,66,193768,79,302275
14140,0.001788,74.125.68.0-255,3961,197729,79,302275
14141,0.001791,172.31.40.0-255,66,197795,79,302275
14142,0.001891,74.125.68.0-255,1484,199279,79,302275
14143,0.001908,74.125.68.0-255,2902,202181,79,302275
14144,0.001911,172.31.40.0-255,66,202247,79,302275
14145,0.001917,74.125.68.0-255,4320,206567,79,302275
14146,0.001919,172.31.40.0-255,66,206633,79,302275
14147,0.00193,74.125.68.0-255,1484,208117,79,302275
14148,0.001933,74.125.68.0-255,1484,209601,79,302275
14149,0.001935,172.31.40.0-255,66,209667,79,302275
14150,0.001965,74.125.68.0-255,7156,216823,79,302275
14151,0.001968,172.31.40.0-255,66,216889,79,302275
14152,0.001974,74.125.68.0-255,4320,221209,79,302275
14153,0.001976,172.31.40.0-255,66,221275,79,302275
14154,0.001998,74.125.68.0-255,5738,227013,79,302275
14155,0.002,172.31.40.0-255,66,227079,79,302275
14156,0.002012,74.125.68.0-255,5020,232099,79,302275
14157,0.002015,172.31.40.0-255,66,232165,79,302275
14158,0.002039,74.125.68.0-255,5738,237903,79,302275
14159,0.002041,172.31.40.0-255,66,237969,79,302275
14160,0.002071,74.125.68.0-255,7156,245125,79,302275
14161,0.002073,172.31.40.0-255,66,245191,79,302275
14162,0.002112,172.31.40.0-255,66,245257,79,302275
14163,0.002165,172.31.40.0-255,66,245323,79,302275
14164,0.002175,74.125.68.0-255,4320,249643,79,302275
14165,0.002178,172.31.40.0-255,66,249709,79,302275
14166,0.002201,172.31.40.0-255,66,249775,79,302275
14167,0.002207,74.125.68.0-255,5738,255513,79,302275
14168,0.002209,172.31.40.0-255,66,255579,79,302275
14169,0.00226,74.125.68.0-255,2902,258481,79,302275
14170,0.002266,172.31.40.0-255,66,258547,79,302275
14171,0.002297,172.31.40.0-255,66,258613,79,302275
14172,0.002303,74.125.68.0-255,4320,262933,79,302275
14173,0.002305,172.31.40.0-255,66,262999,79,302275
14174,0.004553,74.125.68.0-255,5738,268737,79,302275
14175,0.004562,172.31.40.0-255,66,268803,79,302275
14176,0.006817,74.125.68.0-255,5738,274541,79,302275
14177,0.006831,172.31.40.0-255,66,274607,79,302275
14178,0.009074,74.125.68.0-255,5738,280345,79,302275
14179,0.009083,172.31.40.0-255,66,280411,79,302275
14180,0.011333,74.125.68.0-255,4320,284731,79,302275
14181,0.011338,172.31.40.0-255,66,284797,79,302275
14182,0.011352,74.125.68.0-255,1484,286281,79,302275
14183,0.01358,74.125.68.0-255,4320,290601,79,302275
14184,0.013586,172.31.40.0-255,66,290667,79,302275
14185,0.015836,74.125.68.0-255,5738,296405,79,302275
14186,0.015848,172.31.40.0-255,66,296471,79,302275
14187,0.018092,74.125.68.0-255,5738,302209,79,302275
14188,0.0181,172.31.40.0-255,66,302275,79,302275
14189,0.0,172.217.194.0-255,147,147,79,197536
14190,2e-05,172.31.40.0-255,66,213,79,197536
14191,2.7e-05,172.217.194.0-255,1484,1697,79,197536
14192,3.2e-05,172.31.40.0-255,66,1763,79,197536
14193,3.8e-05,172.217.194.0-255,2902,4665,79,197536
14194,4.2e-05,172.31.40.0-255,66,4731,79,197536
14195,5.5e-05,172.217.194.0-255,7156,11887,79,197536
14196,5.8e-05,172.31.40.0-255,66,11953,79,197536
14197,7.9e-05,172.217.194.0-255,2016,13969,79,197536
14198,8.1e-05,172.31.40.0-255,66,14035,79,197536
14199,8.9e-05,172.217.194.0-255,2902,16937,79,197536
14200,9.2e-05,172.31.40.0-255,66,17003,79,197536
14201,9.8e-05,172.217.194.0-255,7156,24159,79,197536
14202,0.0001,172.31.40.0-255,66,24225,79,197536
14203,0.000136,172.217.194.0-255,6797,31022,79,197536
14204,0.000139,172.31.40.0-255,66,31088,79,197536
14205,0.000198,172.217.194.0-255,1484,32572,79,197536
14206,0.000201,172.31.40.0-255,66,32638,79,197536
14207,0.000204,172.217.194.0-255,1484,34122,79,197536
14208,0.000206,172.31.40.0-255,66,34188,79,197536
14209,0.000234,172.217.194.0-255,1484,35672,79,197536
14210,0.000236,172.31.40.0-255,66,35738,79,197536
14211,0.000245,172.217.194.0-255,5738,41476,79,197536
14212,0.000248,172.31.40.0-255,66,41542,79,197536
14213,0.00025,172.217.194.0-255,1484,43026,79,197536
14214,0.000252,172.31.40.0-255,66,43092,79,197536
14215,0.000306,172.31.40.0-255,66,43158,79,197536
14216,0.000312,172.217.194.0-255,5738,48896,79,197536
14217,0.000314,172.31.40.0-255,66,48962,79,197536
14218,0.000317,172.217.194.0-255,1484,50446,79,197536
14219,0.000318,172.31.40.0-255,66,50512,79,197536
14220,0.000342,172.217.194.0-255,3164,53676,79,197536
14221,0.000345,172.31.40.0-255,66,53742,79,197536
14222,0.000535,172.217.194.0-255,1484,55226,79,197536
14223,0.00055,172.217.194.0-255,2902,58128,79,197536
14224,0.000555,172.31.40.0-255,66,58194,79,197536
14225,0.00056,172.217.194.0-255,4320,62514,79,197536
14226,0.000562,172.31.40.0-255,66,62580,79,197536
14227,0.000593,172.217.194.0-255,1484,64064,79,197536
14228,0.000598,172.217.194.0-255,4320,68384,79,197536
14229,0.000601,172.31.40.0-255,66,68450,79,197536
14230,0.000605,172.217.194.0-255,2902,71352,79,197536
14231,0.000607,172.31.40.0-255,66,71418,79,197536
14232,0.000657,172.31.40.0-255,66,71484,79,197536
14233,0.000662,172.217.194.0-255,3602,75086,79,197536
14234,0.000664,172.31.40.0-255,66,75152,79,197536
14235,0.000702,172.217.194.0-255,1484,76636,79,197536
14236,0.000717,172.217.194.0-255,2902,79538,79,197536
14237,0.000719,172.31.40.0-255,66,79604,79,197536
14238,0.000726,172.217.194.0-255,5738,85342,79,197536
14239,0.000728,172.31.40.0-255,66,85408,79,197536
14240,0.00079,172.31.40.0-255,66,85474,79,197536
14241,0.000796,172.217.194.0-255,7156,92630,79,197536
14242,0.000798,172.31.40.0-255,66,92696,79,197536
14243,0.000819,172.217.194.0-255,3602,96298,79,197536
14244,0.000821,172.31.40.0-255,66,96364,79,197536
14245,0.000887,172.217.194.0-255,1484,97848,79,197536
14246,0.000902,172.217.194.0-255,2902,100750,79,197536
14247,0.000904,172.31.40.0-255,66,100816,79,197536
14248,0.000908,172.217.194.0-255,1484,102300,79,197536
14249,0.000933,172.217.194.0-255,4320,106620,79,197536
14250,0.000937,172.217.194.0-255,4320,110940,79,197536
14251,0.000941,172.31.40.0-255,66,111006,79,197536
14252,0.000943,172.31.40.0-255,66,111072,79,197536
14253,0.000983,172.31.40.0-255,66,111138,79,197536
14254,0.000987,172.217.194.0-255,2902,114040,79,197536
14255,0.000989,172.31.40.0-255,66,114106,79,197536
14256,0.001023,172.31.40.0-255,66,114172,79,197536
14257,0.001628,172.217.194.0-255,1484,115656,79,197536
14258,0.001636,172.217.194.0-255,2902,118558,79,197536
14259,0.001639,172.31.40.0-255,66,118624,79,197536
14260,0.001645,172.217.194.0-255,2902,121526,79,197536
14261,0.001647,172.31.40.0-255,66,121592,79,197536
14262,0.00167,172.217.194.0-255,2902,124494,79,197536
14263,0.001673,172.31.40.0-255,66,124560,79,197536
14264,0.001684,172.31.40.0-255,66,124626,79,197536
14265,0.001718,172.217.194.0-255,4320,128946,79,197536
14266,0.00172,172.31.40.0-255,66,129012,79,197536
14267,0.001733,172.31.40.0-255,66,129078,79,197536
14268,0.001757,172.217.194.0-255,1484,130562,79,197536
14269,0.001778,172.217.194.0-255,2902,133464,79,197536
14270,0.00178,172.31.40.0-255,66,133530,79,197536
14271,0.001787,172.217.194.0-255,5738,139268,79,197536
14272,0.001789,172.31.40.0-255,66,139334,79,197536
14273,0.00183,172.31.40.0-255,66,139400,79,197536
14274,0.001842,172.31.40.0-255,66,139466,79,197536
14275,0.001851,172.217.194.0-255,2184,141650,79,197536
14276,0.001853,172.31.40.0-255,66,141716,79,197536
14277,0.001924,172.217.194.0-255,1484,143200,79,197536
14278,0.001929,172.217.194.0-255,2902,146102,79,197536
14279,0.001932,172.31.40.0-255,66,146168,79,197536
14280,0.001947,172.217.194.0-255,4320,150488,79,197536
14281,0.001953,172.31.40.0-255,66,150554,79,197536
14282,0.00196,172.217.194.0-255,5738,156292,79,197536
14283,0.001962,172.31.40.0-255,66,156358,79,197536
14284,0.002004,172.31.40.0-255,66,156424,79,197536
14285,0.002015,172.31.40.0-255,66,156490,79,197536
14286,0.002061,172.217.194.0-255,4320,160810,79,197536
14287,0.002065,172.31.40.0-255,66,160876,79,197536
14288,0.002071,172.217.194.0-255,4320,165196,79,197536
14289,0.002073,172.31.40.0-255,66,165262,79,197536
14290,0.002104,172.217.194.0-255,1484,166746,79,197536
14291,0.002116,172.31.40.0-255,66,166812,79,197536
14292,0.002128,172.31.40.0-255,66,166878,79,197536
14293,0.002183,172.217.194.0-255,5020,171898,79,197536
14294,0.002186,172.31.40.0-255,66,171964,79,197536
14295,0.002214,172.217.194.0-255,1484,173448,79,197536
14296,0.002219,172.217.194.0-255,2902,176350,79,197536
14297,0.002221,172.31.40.0-255,66,176416,79,197536
14298,0.002225,172.217.194.0-255,1484,177900,79,197536
14299,0.002252,172.217.194.0-255,4320,182220,79,197536
14300,0.002266,172.31.40.0-255,66,182286,79,197536
14301,0.002269,172.31.40.0-255,66,182352,79,197536
14302,0.002289,172.217.194.0-255,1484,183836,79,197536
14303,0.002308,172.31.40.0-255,66,183902,79,197536
14304,0.002322,172.31.40.0-255,66,183968,79,197536
14305,0.002359,172.217.194.0-255,7156,191124,79,197536
14306,0.002363,172.31.40.0-255,66,191190,79,197536
14307,0.002377,172.31.40.0-255,66,191256,79,197536
14308,0.002408,172.217.194.0-255,5020,196276,79,197536
14309,0.002411,172.31.40.0-255,66,196342,79,197536
14310,0.002434,172.31.40.0-255,66,196408,79,197536
14311,0.002445,172.31.40.0-255,66,196474,79,197536
14312,0.002492,172.31.40.0-255,66,196540,79,197536
14313,0.002495,172.217.194.0-255,105,196645,79,197536
14314,0.002498,172.217.194.0-255,129,196774,79,197536
14315,0.010427,172.31.40.0-255,105,196879,79,197536
14316,0.010468,172.31.40.0-255,105,196984,79,197536
14317,0.010704,172.31.40.0-255,90,197074,79,197536
14318,0.010714,172.31.40.0-255,66,197140,79,197536
14319,0.012996,172.217.194.0-255,66,197206,79,197536
14320,0.013007,172.217.194.0-255,66,197272,79,197536
14321,0.013235,172.217.194.0-255,66,197338,79,197536
14322,0.013265,172.217.194.0-255,66,197404,79,197536
14323,0.013271,172.31.40.0-255,66,197470,79,197536
14324,0.013275,172.217.194.0-255,66,197536,79,197536
14325,0.0,172.31.40.0-255,105,105,79,276
14326,0.001778,157.240.7.0-255,105,210,79,276
14327,0.001792,172.31.40.0-255,66,276,79,276
14328,0.0,172.217.194.0-255,66,66,79,66
14329,0.0,74.125.68.0-255,297,297,79,195433
14330,2.5e-05,172.31.40.0-255,66,363,79,195433
14331,3.3e-05,74.125.68.0-255,1484,1847,79,195433
14332,3.8e-05,172.31.40.0-255,66,1913,79,195433
14333,4.4e-05,74.125.68.0-255,2902,4815,79,195433
14334,4.7e-05,172.31.40.0-255,66,4881,79,195433
14335,6e-05,74.125.68.0-255,2902,7783,79,195433
14336,6.4e-05,172.31.40.0-255,66,7849,79,195433
14337,8.8e-05,74.125.68.0-255,1484,9333,79,195433
14338,9.1e-05,172.31.40.0-255,66,9399,79,195433
14339,9.9e-05,74.125.68.0-255,4643,14042,79,195433
14340,0.000101,172.31.40.0-255,66,14108,79,195433
14341,0.000123,74.125.68.0-255,4320,18428,79,195433
14342,0.000127,172.31.40.0-255,66,18494,79,195433
14343,0.000157,74.125.68.0-255,1484,19978,79,195433
14344,0.00016,172.31.40.0-255,66,20044,79,195433
14345,0.000168,74.125.68.0-255,4320,24364,79,195433
14346,0.00017,172.31.40.0-255,66,24430,79,195433
14347,0.000178,74.125.68.0-255,5738,30168,79,195433
14348,0.000181,172.31.40.0-255,66,30234,79,195433
14349,0.000184,74.125.68.0-255,1125,31359,79,195433
14350,0.000186,172.31.40.0-255,66,31425,79,195433
14351,0.00033,74.125.68.0-255,1484,32909,79,195433
14352,0.000335,172.31.40.0-255,66,32975,79,195433
14353,0.000341,74.125.68.0-255,2902,35877,79,195433
14354,0.000344,172.31.40.0-255,66,35943,79,195433
14355,0.000351,74.125.68.0-255,1484,37427,79,195433
14356,0.000354,172.31.40.0-255,66,37493,79,195433
14357,0.000359,74.125.68.0-255,2902,40395,79,195433
14358,0.000361,172.31.40.0-255,66,40461,79,195433
14359,0.000394,74.125.68.0-255,5738,46199,79,195433
14360,0.000397,172.31.40.0-255,66,46265,79,195433
14361,0.000404,74.125.68.0-255,5379,51644,79,195433
14362,0.000407,172.31.40.0-255,66,51710,79,195433
14363,0.00041,74.125.68.0-255,1484,53194,79,195433
14364,0.000444,74.125.68.0-255,4320,57514,79,195433
14365,0.000447,172.31.40.0-255,66,57580,79,195433
14366,0.00047,74.125.68.0-255,7156,64736,79,195433
14367,0.000474,172.31.40.0-255,66,64802,79,195433
14368,0.000502,74.125.68.0-255,1433,66235,79,195433
14369,0.000512,74.125.68.0-255,113,66348,79,195433
14370,0.000647,74.125.68.0-255,1484,67832,79,195433
14371,0.000652,172.31.40.0-255,66,67898,79,195433
14372,0.00068,74.125.68.0-255,2902,70800,79,195433
14373,0.000684,172.31.40.0-255,66,70866,79,195433
14374,0.000693,74.125.68.0-255,5738,76604,79,195433
14375,0.000695,172.31.40.0-255,66,76670,79,195433
14376,0.00072,74.125.68.0-255,6797,83467,79,195433
14377,0.000723,172.31.40.0-255,66,83533,79,195433
14378,0.000728,74.125.68.0-255,2902,86435,79,195433
14379,0.00073,172.31.40.0-255,66,86501,79,195433
14380,0.000763,74.125.68.0-255,4320,90821,79,195433
14381,0.000766,172.31.40.0-255,66,90887,79,195433
14382,0.000779,172.31.40.0-255,66,90953,79,195433
14383,0.001505,74.125.68.0-255,1484,92437,79,195433
14384,0.001525,74.125.68.0-255,2902,95339,79,195433
14385,0.001529,172.31.40.0-255,66,95405,79,195433
14386,0.001573,74.125.68.0-255,4320,99725,79,195433
14387,0.001576,172.31.40.0-255,66,99791,79,195433
14388,0.001616,74.125.68.0-255,5738,105529,79,195433
14389,0.00162,172.31.40.0-255,66,105595,79,195433
14390,0.001623,74.125.68.0-255,1484,107079,79,195433
14391,0.001627,74.125.68.0-255,2902,109981,79,195433
14392,0.001629,172.31.40.0-255,66,110047,79,195433
14393,0.001654,74.125.68.0-255,2902,112949,79,195433
14394,0.001657,172.31.40.0-255,66,113015,79,195433
14395,0.00168,74.125.68.0-255,2902,115917,79,195433
14396,0.001683,172.31.40.0-255,66,115983,79,195433
14397,0.001689,74.125.68.0-255,4320,120303,79,195433
14398,0.001691,172.31.40.0-255,66,120369,79,195433
14399,0.001697,74.125.68.0-255,5020,125389,79,195433
14400,0.0017,172.31.40.0-255,66,125455,79,195433
14401,0.001982,74.125.68.0-255,1484,126939,79,195433
14402,0.001997,74.125.68.0-255,1484,128423,79,195433
14403,0.002001,172.31.40.0-255,66,128489,79,195433
14404,0.002027,74.125.68.0-255,1484,129973,79,195433
14405,0.002035,74.125.68.0-255,5738,135711,79,195433
14406,0.002038,172.31.40.0-255,66,135777,79,195433
14407,0.002041,74.125.68.0-255,1484,137261,79,195433
14408,0.002095,172.31.40.0-255,66,137327,79,195433
14409,0.002103,74.125.68.0-255,7156,144483,79,195433
14410,0.002105,172.31.40.0-255,66,144549,79,195433
14411,0.002127,74.125.68.0-255,4320,148869,79,195433
14412,0.002133,172.31.40.0-255,66,148935,79,195433
14413,0.004153,74.125.68.0-255,1484,150419,79,195433
14414,0.004187,74.125.68.0-255,4320,154739,79,195433
14415,0.004193,172.31.40.0-255,66,154805,79,195433
14416,0.006248,74.125.68.0-255,5738,160543,79,195433
14417,0.006252,172.31.40.0-255,66,160609,79,195433
14418,0.008317,74.125.68.0-255,5738,166347,79,195433
14419,0.008325,172.31.40.0-255,66,166413,79,195433
14420,0.01039,74.125.68.0-255,5738,172151,79,195433
14421,0.010397,172.31.40.0-255,66,172217,79,195433
14422,0.012455,74.125.68.0-255,5738,177955,79,195433
14423,0.012463,172.31.40.0-255,66,178021,79,195433
14424,0.014531,74.125.68.0-255,5738,183759,79,195433
14425,0.014539,172.31.40.0-255,66,183825,79,195433
14426,0.016616,74.125.68.0-255,5738,189563,79,195433
14427,0.016625,172.31.40.0-255,66,189629,79,195433
14428,0.0187,74.125.68.0-255,5738,195367,79,195433
14429,0.01871,172.31.40.0-255,66,195433,79,195433
14430,0.0,74.125.130.0-255,150,150,79,209905
14431,2.3e-05,172.31.40.0-255,66,216,79,209905
14432,3.1e-05,74.125.130.0-255,1484,1700,79,209905
14433,3.6e-05,172.31.40.0-255,66,1766,79,209905
14434,4.9e-05,74.125.130.0-255,2902,4668,79,209905
14435,5.3e-05,172.31.40.0-255,66,4734,79,209905
14436,9e-05,74.125.130.0-255,4320,9054,79,209905
14437,9.3e-05,172.31.40.0-255,66,9120,79,209905
14438,9.9e-05,74.125.130.0-255,4902,14022,79,209905
14439,0.000101,172.31.40.0-255,66,14088,79,209905
14440,0.000132,74.125.130.0-255,5738,19826,79,209905
14441,0.000135,172.31.40.0-255,66,19892,79,209905
14442,0.000139,74.125.130.0-255,1484,21376,79,209905
14443,0.000153,172.31.40.0-255,66,21442,79,209905
14444,0.000159,74.125.130.0-255,4320,25762,79,209905
14445,0.000162,172.31.40.0-255,66,25828,79,209905
14446,0.000194,74.125.130.0-255,4320,30148,79,209905
14447,0.000197,172.31.40.0-255,66,30214,79,209905
14448,0.0002,74.125.130.0-255,1125,31339,79,209905
14449,0.000202,172.31.40.0-255,66,31405,79,209905
14450,0.000322,74.125.130.0-255,1484,32889,79,209905
14451,0.000326,172.31.40.0-255,66,32955,79,209905
14452,0.000339,74.125.130.0-255,2902,35857,79,209905
14453,0.000346,172.31.40.0-255,66,35923,79,209905
14454,0.000349,74.125.130.0-255,1484,37407,79,209905
14455,0.000351,172.31.40.0-255,66,37473,79,209905
14456,0.000371,74.125.130.0-255,2902,40375,79,209905
14457,0.000377,172.31.40.0-255,66,40441,79,209905
14458,0.000407,172.31.40.0-255,66,40507,79,209905
14459,0.00041,74.125.130.0-255,1484,41991,79,209905
14460,0.000413,172.31.40.0-255,66,42057,79,209905
14461,0.000458,74.125.130.0-255,6438,48495,79,209905
14462,0.000473,74.125.130.0-255,341,48836,79,209905
14463,0.000514,74.125.130.0-255,117,48953,79,209905
14464,0.000587,172.31.40.0-255,66,49019,79,209905
14465,0.000649,74.125.130.0-255,1484,50503,79,209905
14466,0.000654,74.125.130.0-255,2902,53405,79,209905
14467,0.000667,172.31.40.0-255,66,53471,79,209905
14468,0.000673,74.125.130.0-255,4320,57791,79,209905
14469,0.000678,172.31.40.0-255,66,57857,79,209905
14470,0.000702,74.125.130.0-255,1484,59341,79,209905
14471,0.000707,74.125.130.0-255,4320,63661,79,209905
14472,0.000725,74.125.130.0-255,2902,66563,79,209905
14473,0.00073,74.125.130.0-255,2902,69465,79,209905
14474,0.000738,172.31.40.0-255,66,69531,79,209905
14475,0.000761,74.125.130.0-255,5738,75269,79,209905
14476,0.000786,172.31.40.0-255,66,75335,79,209905
14477,0.00097,74.125.130.0-255,1484,76819,79,209905
14478,0.000975,74.125.130.0-255,1484,78303,79,209905
14479,0.000985,74.125.130.0-255,1484,79787,79,209905
14480,0.000988,74.125.130.0-255,1484,81271,79,209905
14481,0.000998,172.31.40.0-255,66,81337,79,209905
14482,0.001008,74.125.130.0-255,4320,85657,79,209905
14483,0.001018,172.31.40.0-255,66,85723,79,209905
14484,0.001032,74.125.130.0-255,7156,92879,79,209905
14485,0.001057,74.125.130.0-255,7156,100035,79,209905
14486,0.001064,172.31.40.0-255,66,100101,79,209905
14487,0.001113,74.125.130.0-255,5738,105839,79,209905
14488,0.001127,74.125.130.0-255,2902,108741,79,209905
14489,0.00113,74.125.130.0-255,502,109243,79,209905
14490,0.001145,172.31.40.0-255,66,109309,79,209905
14491,0.001481,74.125.130.0-255,1484,110793,79,209905
14492,0.001495,74.125.130.0-255,2902,113695,79,209905
14493,0.001498,172.31.40.0-255,66,113761,79,209905
14494,0.001502,74.125.130.0-255,1484,115245,79,209905
14495,0.001505,74.125.130.0-255,1484,116729,79,209905
14496,0.001527,74.125.130.0-255,1484,118213,79,209905
14497,0.001532,74.125.130.0-255,5738,123951,79,209905
14498,0.001537,172.31.40.0-255,66,124017,79,209905
14499,0.001546,74.125.130.0-255,1484,125501,79,209905
14500,0.001548,172.31.40.0-255,66,125567,79,209905
14501,0.001581,74.125.130.0-255,7156,132723,79,209905
14502,0.001593,74.125.130.0-255,766,133489,79,209905
14503,0.001612,172.31.40.0-255,66,133555,79,209905
14504,0.001837,74.125.130.0-255,1484,135039,79,209905
14505,0.001843,74.125.130.0-255,2902,137941,79,209905
14506,0.001846,172.31.40.0-255,66,138007,79,209905
14507,0.00185,74.125.130.0-255,1484,139491,79,209905
14508,0.001876,74.125.130.0-255,2902,142393,79,209905
14509,0.001888,172.31.40.0-255,66,142459,79,209905
14510,0.001904,74.125.130.0-255,5738,148197,79,209905
14511,0.001911,74.125.130.0-255,7156,155353,79,209905
14512,0.001916,172.31.40.0-255,66,155419,79,209905
14513,0.001924,74.125.130.0-255,2902,158321,79,209905
14514,0.001946,74.125.130.0-255,5738,164059,79,209905
14515,0.001967,74.125.130.0-255,5020,169079,79,209905
14516,0.001971,74.125.130.0-255,2902,171981,79,209905
14517,0.001985,74.125.130.0-255,2902,174883,79,209905
14518,0.001988,172.31.40.0-255,66,174949,79,209905
14519,0.001992,172.31.40.0-255,66,175015,79,209905
14520,0.002041,172.31.40.0-255,66,175081,79,209905
14521,0.004016,74.125.130.0-255,5738,180819,79,209905
14522,0.004022,172.31.40.0-255,66,180885,79,209905
14523,0.006009,74.125.130.0-255,5738,186623,79,209905
14524,0.008649,172.31.40.0-255,66,186689,79,209905
14525,0.010644,74.125.130.0-255,5738,192427,79,209905
14526,0.010654,172.31.40.0-255,66,192493,79,209905
14527,0.012635,74.125.130.0-255,5738,198231,79,209905
14528,0.014011,172.31.40.0-255,66,198297,79,209905
14529,0.016008,74.125.130.0-255,5738,204035,79,209905
14530,0.016017,172.31.40.0-255,66,204101,79,209905
14531,0.018015,74.125.130.0-255,5738,209839,79,209905
14532,0.018024,172.31.40.0-255,66,209905,79,209905
14533,0.0,172.31.40.0-255,66,66,79,66
14534,0.0,172.217.194.0-255,153,153,79,174858
14535,2.1e-05,172.31.40.0-255,66,219,79,174858
14536,2.9e-05,172.217.194.0-255,1484,1703,79,174858
14537,3.3e-05,172.31.40.0-255,66,1769,79,174858
14538,3.9e-05,172.217.194.0-255,2902,4671,79,174858
14539,4.1e-05,172.31.40.0-255,66,4737,79,174858
14540,5.8e-05,172.217.194.0-255,7156,11893,79,174858
14541,6.2e-05,172.31.40.0-255,66,11959,79,174858
14542,6.7e-05,172.217.194.0-255,2124,14083,79,174858
14543,6.9e-05,172.31.40.0-255,66,14149,79,174858
14544,7.4e-05,172.217.194.0-255,2902,17051,79,174858
14545,7.6e-05,172.31.40.0-255,66,17117,79,174858
14546,0.000102,172.217.194.0-255,1484,18601,79,174858
14547,0.000104,172.31.40.0-255,66,18667,79,174858
14548,0.00012,172.217.194.0-255,5738,24405,79,174858
14549,0.000123,172.31.40.0-255,66,24471,79,174858
14550,0.000157,172.217.194.0-255,6797,31268,79,174858
14551,0.000159,172.31.40.0-255,66,31334,79,174858
14552,0.000193,172.217.194.0-255,1484,32818,79,174858
14553,0.000195,172.31.40.0-255,66,32884,79,174858
14554,0.000201,172.217.194.0-255,2902,35786,79,174858
14555,0.000203,172.31.40.0-255,66,35852,79,174858
14556,0.00024,172.217.194.0-255,5738,41590,79,174858
14557,0.000244,172.31.40.0-255,66,41656,79,174858
14558,0.000249,172.217.194.0-255,4320,45976,79,174858
14559,0.000252,172.31.40.0-255,66,46042,79,174858
14560,0.000295,172.31.40.0-255,66,46108,79,174858
14561,0.000306,172.31.40.0-255,66,46174,79,174858
14562,0.000535,172.217.194.0-255,378,46552,79,174858
14563,0.000541,172.31.40.0-255,66,46618,79,174858
14564,0.000721,172.217.194.0-255,1484,48102,79,174858
14565,0.000738,172.217.194.0-255,2902,51004,79,174858
14566,0.000741,172.31.40.0-255,66,51070,79,174858
14567,0.000745,172.217.194.0-255,1484,52554,79,174858
14568,0.000766,172.217.194.0-255,4320,56874,79,174858
14569,0.000769,172.31.40.0-255,66,56940,79,174858
14570,0.000806,172.217.194.0-255,4320,61260,79,174858
14571,0.000809,172.31.40.0-255,66,61326,79,174858
14572,0.000839,172.31.40.0-255,66,61392,79,174858
14573,0.000846,172.217.194.0-255,7156,68548,79,174858
14574,0.000848,172.31.40.0-255,66,68614,79,174858
14575,0.000853,172.217.194.0-255,3900,72514,79,174858
14576,0.000855,172.31.40.0-255,66,72580,79,174858
14577,0.001431,172.217.194.0-255,1484,74064,79,174858
14578,0.001454,172.217.194.0-255,2902,76966,79,174858
14579,0.001458,172.31.40.0-255,66,77032,79,174858
14580,0.001466,172.217.194.0-255,5738,82770,79,174858
14581,0.001468,172.31.40.0-255,66,82836,79,174858
14582,0.001486,172.217.194.0-255,4320,87156,79,174858
14583,0.001489,172.31.40.0-255,66,87222,79,174858
14584,0.001517,172.31.40.0-255,66,87288,79,174858
14585,0.001525,172.217.194.0-255,7156,94444,79,174858
14586,0.001527,172.31.40.0-255,66,94510,79,174858
14587,0.001556,172.217.194.0-255,3602,98112,79,174858
14588,0.001559,172.31.40.0-255,66,98178,79,174858
14589,0.001624,172.217.194.0-255,1484,99662,79,174858
14590,0.001629,172.217.194.0-255,2902,102564,79,174858
14591,0.001632,172.31.40.0-255,66,102630,79,174858
14592,0.001659,172.217.194.0-255,2902,105532,79,174858
14593,0.001661,172.31.40.0-255,66,105598,79,174858
14594,0.001666,172.217.194.0-255,2902,108500,79,174858
14595,0.001668,172.31.40.0-255,66,108566,79,174858
14596,0.001686,172.217.194.0-255,1484,110050,79,174858
14597,0.001693,172.217.194.0-255,5738,115788,79,174858
14598,0.001699,172.31.40.0-255,66,115854,79,174858
14599,0.001717,172.217.194.0-255,2902,118756,79,174858
14600,0.001719,172.31.40.0-255,66,118822,79,174858
14601,0.001734,172.31.40.0-255,66,118888,79,174858
14602,0.001768,172.217.194.0-255,5020,123908,79,174858
14603,0.001772,172.31.40.0-255,66,123974,79,174858
14604,0.003774,172.217.194.0-255,5738,129712,79,174858
14605,0.00378,172.31.40.0-255,66,129778,79,174858
14606,0.005785,172.217.194.0-255,5738,135516,79,174858
14607,0.005788,172.31.40.0-255,66,135582,79,174858
14608,0.00781,172.217.194.0-255,5738,141320,79,174858
14609,0.007815,172.31.40.0-255,66,141386,79,174858
14610,0.009819,172.217.194.0-255,5738,147124,79,174858
14611,0.009826,172.31.40.0-255,66,147190,79,174858
14612,0.011812,172.217.194.0-255,5738,152928,79,174858
14613,0.011818,172.31.40.0-255,66,152994,79,174858
14614,0.013782,172.217.194.0-255,5738,158732,79,174858
14615,0.01379,172.31.40.0-255,66,158798,79,174858
14616,0.015764,172.217.194.0-255,4320,163118,79,174858
14617,0.015772,172.31.40.0-255,66,163184,79,174858
14618,0.015802,172.217.194.0-255,1484,164668,79,174858
14619,0.017761,172.217.194.0-255,4320,168988,79,174858
14620,0.017768,172.31.40.0-255,66,169054,79,174858
14621,0.019755,172.217.194.0-255,5738,174792,79,174858
14622,0.019762,172.31.40.0-255,66,174858,79,174858
14623,0.0,74.125.24.0-255,150,150,79,222602
14624,2.2e-05,172.31.40.0-255,66,216,79,222602
14625,2.9e-05,74.125.24.0-255,1484,1700,79,222602
14626,3.3e-05,172.31.40.0-255,66,1766,79,222602
14627,3.9e-05,74.125.24.0-255,2902,4668,79,222602
14628,4.9e-05,172.31.40.0-255,66,4734,79,222602
14629,5.7e-05,74.125.24.0-255,7156,11890,79,222602
14630,6e-05,172.31.40.0-255,66,11956,79,222602
14631,7.4e-05,172.31.40.0-255,66,12022,79,222602
14632,0.000116,172.31.40.0-255,66,12088,79,222602
14633,0.000167,74.125.24.0-255,1484,13572,79,222602
14634,0.00017,172.31.40.0-255,66,13638,79,222602
14635,0.000175,74.125.24.0-255,2902,16540,79,222602
14636,0.000178,172.31.40.0-255,66,16606,79,222602
14637,0.000183,74.125.24.0-255,4320,20926,79,222602
14638,0.000191,172.31.40.0-255,66,20992,79,222602
14639,0.000223,74.125.24.0-255,1484,22476,79,222602
14640,0.000226,172.31.40.0-255,66,22542,79,222602
14641,0.000234,74.125.24.0-255,6797,29339,79,222602
14642,0.000236,172.31.40.0-255,66,29405,79,222602
14643,0.00025,172.31.40.0-255,66,29471,79,222602
14644,0.000255,74.125.24.0-255,2842,32313,79,222602
14645,0.000258,172.31.40.0-255,66,32379,79,222602
14646,0.000285,74.125.24.0-255,412,32791,79,222602
14647,0.000288,172.31.40.0-255,66,32857,79,222602
14648,0.000462,74.125.24.0-255,1484,34341,79,222602
14649,0.000468,172.31.40.0-255,66,34407,79,222602
14650,0.000474,74.125.24.0-255,2902,37309,79,222602
14651,0.000476,172.31.40.0-255,66,37375,79,222602
14652,0.000487,74.125.24.0-255,4320,41695,79,222602
14653,0.000513,74.125.24.0-255,1484,43179,79,222602
14654,0.000532,74.125.24.0-255,7156,50335,79,222602
14655,0.000562,74.125.24.0-255,3602,53937,79,222602
14656,0.000572,172.31.40.0-255,66,54003,79,222602
14657,0.000679,74.125.24.0-255,1484,55487,79,222602
14658,0.000702,74.125.24.0-255,2902,58389,79,222602
14659,0.000722,74.125.24.0-255,5738,64127,79,222602
14660,0.000727,74.125.24.0-255,4320,68447,79,222602
14661,0.000761,74.125.24.0-255,1484,69931,79,222602
14662,0.000857,74.125.24.0-255,1484,71415,79,222602
14663,0.000864,74.125.24.0-255,2902,74317,79,222602
14664,0.000885,74.125.24.0-255,5738,80055,79,222602
14665,0.000888,74.125.24.0-255,1484,81539,79,222602
14666,0.000917,74.125.24.0-255,5738,87277,79,222602
14667,0.000938,74.125.24.0-255,5020,92297,79,222602
14668,0.000967,74.125.24.0-255,1484,93781,79,222602
14669,0.000972,74.125.24.0-255,2902,96683,79,222602
14670,0.000975,74.125.24.0-255,1484,98167,79,222602
14671,0.000995,74.125.24.0-255,4320,102487,79,222602
14672,0.001029,74.125.24.0-255,7156,109643,79,222602
14673,0.001066,74.125.24.0-255,3602,113245,79,222602
14674,0.001114,74.125.24.0-255,4320,117565,79,222602
14675,0.001121,74.125.24.0-255,4320,121885,79,222602
14676,0.001173,74.125.24.0-255,7156,129041,79,222602
14677,0.001266,74.125.24.0-255,1484,130525,79,222602
14678,0.001272,74.125.24.0-255,2902,133427,79,222602
14679,0.001285,74.125.24.0-255,2902,136329,79,222602
14680,0.001297,74.125.24.0-255,2902,139231,79,222602
14681,0.001339,74.125.24.0-255,7156,146387,79,222602
14682,0.001373,74.125.24.0-255,3602,149989,79,222602
14683,0.001584,74.125.24.0-255,1484,151473,79,222602
14684,0.001591,74.125.24.0-255,2902,154375,79,222602
14685,0.001614,74.125.24.0-255,5738,160113,79,222602
14686,0.00163,74.125.24.0-255,5738,165851,79,222602
14687,0.001648,74.125.24.0-255,4320,170171,79,222602
14688,0.001762,74.125.24.0-255,1484,171655,79,222602
14689,0.001837,74.125.24.0-255,1484,173139,79,222602
14690,0.001842,74.125.24.0-255,2902,176041,79,222602
14691,0.001846,74.125.24.0-255,2902,178943,79,222602
14692,0.001864,74.125.24.0-255,2902,181845,79,222602
14693,0.001878,74.125.24.0-255,4320,186165,79,222602
14694,0.0019,74.125.24.0-255,7156,193321,79,222602
14695,0.002114,74.125.24.0-255,1484,194805,79,222602
14696,0.00212,74.125.24.0-255,2902,197707,79,222602
14697,0.002123,74.125.24.0-255,1484,199191,79,222602
14698,0.002143,74.125.24.0-255,4320,203511,79,222602
14699,0.002165,74.125.24.0-255,5738,209249,79,222602
14700,0.00218,74.125.24.0-255,7156,216405,79,222602
14701,0.002233,74.125.24.0-255,5738,222143,79,222602
14702,0.002296,74.125.24.0-255,105,222248,79,222602
14703,0.008765,172.31.40.0-255,66,222314,79,222602
14704,0.011121,74.125.24.0-255,105,222419,79,222602
14705,0.011134,172.31.40.0-255,78,222497,79,222602
14706,0.017749,172.31.40.0-255,105,222602,79,222602
14707,0.0,74.125.24.0-255,153,153,79,212928
14708,2.2e-05,172.31.40.0-255,66,219,79,212928
14709,2.9e-05,74.125.24.0-255,1484,1703,79,212928
14710,3.4e-05,172.31.40.0-255,66,1769,79,212928
14711,4e-05,74.125.24.0-255,2902,4671,79,212928
14712,4.4e-05,172.31.40.0-255,66,4737,79,212928
14713,5.9e-05,74.125.24.0-255,7156,11893,79,212928
14714,6.2e-05,172.31.40.0-255,66,11959,79,212928
14715,9.6e-05,74.125.24.0-255,2029,13988,79,212928
14716,9.9e-05,172.31.40.0-255,66,14054,79,212928
14717,0.000275,74.125.24.0-255,1484,15538,79,212928
14718,0.00028,172.31.40.0-255,66,15604,79,212928
14719,0.000286,74.125.24.0-255,2902,18506,79,212928
14720,0.000289,172.31.40.0-255,66,18572,79,212928
14721,0.000324,74.125.24.0-255,5738,24310,79,212928
14722,0.000327,172.31.40.0-255,66,24376,79,212928
14723,0.000332,74.125.24.0-255,2902,27278,79,212928
14724,0.000334,172.31.40.0-255,66,27344,79,212928
14725,0.00034,74.125.24.0-255,3961,31305,79,212928
14726,0.000347,172.31.40.0-255,66,31371,79,212928
14727,0.000382,74.125.24.0-255,7156,38527,79,212928
14728,0.000385,172.31.40.0-255,66,38593,79,212928
14729,0.000417,172.31.40.0-255,66,38659,79,212928
14730,0.00042,74.125.24.0-255,1125,39784,79,212928
14731,0.000422,172.31.40.0-255,66,39850,79,212928
14732,0.000893,74.125.24.0-255,1484,41334,79,212928
14733,0.000897,172.31.40.0-255,66,41400,79,212928
14734,0.000902,74.125.24.0-255,2902,44302,79,212928
14735,0.000904,172.31.40.0-255,66,44368,79,212928
14736,0.000909,74.125.24.0-255,4320,48688,79,212928
14737,0.000911,172.31.40.0-255,66,48754,79,212928
14738,0.000939,74.125.24.0-255,1484,50238,79,212928
14739,0.000948,74.125.24.0-255,4320,54558,79,212928
14740,0.00095,172.31.40.0-255,66,54624,79,212928
14741,0.000981,74.125.24.0-255,2543,57167,79,212928
14742,0.000985,172.31.40.0-255,66,57233,79,212928
14743,0.001003,74.125.24.0-255,2902,60135,79,212928
14744,0.001005,172.31.40.0-255,66,60201,79,212928
14745,0.00101,74.125.24.0-255,2902,63103,79,212928
14746,0.001012,172.31.40.0-255,66,63169,79,212928
14747,0.00103,74.125.24.0-255,4320,67489,79,212928
14748,0.001033,74.125.24.0-255,2902,70391,79,212928
14749,0.001041,172.31.40.0-255,66,70457,79,212928
14750,0.001043,172.31.40.0-255,66,70523,79,212928
14751,0.001136,74.125.24.0-255,4285,74808,79,212928
14752,0.001139,172.31.40.0-255,66,74874,79,212928
14753,0.001168,74.125.24.0-255,4320,79194,79,212928
14754,0.00117,172.31.40.0-255,66,79260,79,212928
14755,0.00118,172.31.40.0-255,66,79326,79,212928
14756,0.0012,74.125.24.0-255,1484,80810,79,212928
14757,0.001204,74.125.24.0-255,2785,83595,79,212928
14758,0.001206,172.31.40.0-255,66,83661,79,212928
14759,0.001213,74.125.24.0-255,1484,85145,79,212928
14760,0.001247,172.31.40.0-255,66,85211,79,212928
14761,0.001274,74.125.24.0-255,1877,87088,79,212928
14762,0.001277,172.31.40.0-255,66,87154,79,212928
14763,0.001303,74.125.24.0-255,2902,90056,79,212928
14764,0.001306,172.31.40.0-255,66,90122,79,212928
14765,0.001331,74.125.24.0-255,2902,93024,79,212928
14766,0.001334,172.31.40.0-255,66,93090,79,212928
14767,0.001378,74.125.24.0-255,4320,97410,79,212928
14768,0.001383,74.125.24.0-255,5738,103148,79,212928
14769,0.001421,172.31.40.0-255,66,103214,79,212928
14770,0.001423,172.31.40.0-255,66,103280,79,212928
14771,0.001426,172.31.40.0-255,66,103346,79,212928
14772,0.001436,74.125.24.0-255,6076,109422,79,212928
14773,0.001457,74.125.24.0-255,766,110188,79,212928
14774,0.001462,172.31.40.0-255,66,110254,79,212928
14775,0.001463,172.31.40.0-255,66,110320,79,212928
14776,0.001756,74.125.24.0-255,1484,111804,79,212928
14777,0.00176,172.31.40.0-255,66,111870,79,212928
14778,0.001785,74.125.24.0-255,2902,114772,79,212928
14779,0.001788,172.31.40.0-255,66,114838,79,212928
14780,0.001794,74.125.24.0-255,5738,120576,79,212928
14781,0.001796,172.31.40.0-255,66,120642,79,212928
14782,0.001818,74.125.24.0-255,2902,123544,79,212928
14783,0.00182,172.31.40.0-255,66,123610,79,212928
14784,0.001868,172.31.40.0-255,66,123676,79,212928
14785,0.001871,172.31.40.0-255,66,123742,79,212928
14786,0.001883,74.125.24.0-255,1484,125226,79,212928
14787,0.001917,172.31.40.0-255,66,125292,79,212928
14788,0.001936,74.125.24.0-255,4320,129612,79,212928
14789,0.001941,74.125.24.0-255,5738,135350,79,212928
14790,0.001945,172.31.40.0-255,66,135416,79,212928
14791,0.001947,172.31.40.0-255,66,135482,79,212928
14792,0.001976,74.125.24.0-255,6438,141920,79,212928
14793,0.001979,172.31.40.0-255,66,141986,79,212928
14794,0.002033,74.125.24.0-255,1484,143470,79,212928
14795,0.002037,74.125.24.0-255,1484,144954,79,212928
14796,0.002039,172.31.40.0-255,66,145020,79,212928
14797,0.002062,74.125.24.0-255,1484,146504,79,212928
14798,0.002068,74.125.24.0-255,5738,152242,79,212928
14799,0.002071,172.31.40.0-255,66,152308,79,212928
14800,0.002075,74.125.24.0-255,4320,156628,79,212928
14801,0.002077,172.31.40.0-255,66,156694,79,212928
14802,0.002108,74.125.24.0-255,5738,162432,79,212928
14803,0.002113,172.31.40.0-255,66,162498,79,212928
14804,0.00217,74.125.24.0-255,4320,166818,79,212928
14805,0.002226,74.125.24.0-255,4320,171138,79,212928
14806,0.002242,74.125.24.0-255,2902,174040,79,212928
14807,0.002259,74.125.24.0-255,5738,179778,79,212928
14808,0.002277,74.125.24.0-255,2902,182680,79,212928
14809,0.002283,74.125.24.0-255,7156,189836,79,212928
14810,0.002314,74.125.24.0-255,766,190602,79,212928
14811,0.009641,172.31.40.0-255,66,190668,79,212928
14812,0.009649,172.31.40.0-255,66,190734,79,212928
14813,0.009653,172.31.40.0-255,66,190800,79,212928
14814,0.009656,172.31.40.0-255,66,190866,79,212928
14815,0.009675,172.31.40.0-255,66,190932,79,212928
14816,0.009678,172.31.40.0-255,66,190998,79,212928
14817,0.009692,172.31.40.0-255,66,191064,79,212928
14818,0.009693,172.31.40.0-255,66,191130,79,212928
14819,0.012023,74.125.24.0-255,4320,195450,79,212928
14820,0.012033,172.31.40.0-255,66,195516,79,212928
14821,0.014382,74.125.24.0-255,5738,201254,79,212928
14822,0.014389,172.31.40.0-255,66,201320,79,212928
14823,0.016741,74.125.24.0-255,5738,207058,79,212928
14824,0.016756,172.31.40.0-255,66,207124,79,212928
14825,0.019095,74.125.24.0-255,5738,212862,79,212928
14826,0.019104,172.31.40.0-255,66,212928,79,212928
14827,0.0,74.125.24.0-255,146,146,79,214887
14828,2.1e-05,172.31.40.0-255,66,212,79,214887
14829,2.8e-05,74.125.24.0-255,1484,1696,79,214887
14830,3.2e-05,172.31.40.0-255,66,1762,79,214887
14831,3.8e-05,74.125.24.0-255,2902,4664,79,214887
14832,4.1e-05,172.31.40.0-255,66,4730,79,214887
14833,5.4e-05,74.125.24.0-255,7156,11886,79,214887
14834,5.7e-05,172.31.40.0-255,66,11952,79,214887
14835,0.000111,74.125.24.0-255,2031,13983,79,214887
14836,0.000114,172.31.40.0-255,66,14049,79,214887
14837,0.000177,74.125.24.0-255,1484,15533,79,214887
14838,0.00018,172.31.40.0-255,66,15599,79,214887
14839,0.000185,74.125.24.0-255,2902,18501,79,214887
14840,0.000187,172.31.40.0-255,66,18567,79,214887
14841,0.00019,74.125.24.0-255,1484,20051,79,214887
14842,0.000191,172.31.40.0-255,66,20117,79,214887
14843,0.000225,74.125.24.0-255,4320,24437,79,214887
14844,0.000227,172.31.40.0-255,66,24503,79,214887
14845,0.000232,74.125.24.0-255,4320,28823,79,214887
14846,0.000234,172.31.40.0-255,66,28889,79,214887
14847,0.000257,74.125.24.0-255,2902,31791,79,214887
14848,0.000259,172.31.40.0-255,66,31857,79,214887
14849,0.0003,172.31.40.0-255,66,31923,79,214887
14850,0.000316,172.31.40.0-255,66,31989,79,214887
14851,0.00032,74.125.24.0-255,2902,34891,79,214887
14852,0.000323,172.31.40.0-255,66,34957,79,214887
14853,0.000351,74.125.24.0-255,6770,41727,79,214887
14854,0.000354,172.31.40.0-255,66,41793,79,214887
14855,0.000356,74.125.24.0-255,110,41903,79,214887
14856,0.000358,172.31.40.0-255,66,41969,79,214887
14857,0.000465,74.125.24.0-255,1484,43453,79,214887
14858,0.000483,74.125.24.0-255,2902,46355,79,214887
14859,0.000486,172.31.40.0-255,66,46421,79,214887
14860,0.00049,74.125.24.0-255,2902,49323,79,214887
14861,0.000492,172.31.40.0-255,66,49389,79,214887
14862,0.000515,74.125.24.0-255,2902,52291,79,214887
14863,0.000521,172.31.40.0-255,66,52357,79,214887
14864,0.000556,172.31.40.0-255,66,52423,79,214887
14865,0.000586,74.125.24.0-255,1484,53907,79,214887
14866,0.000594,74.125.24.0-255,7156,61063,79,214887
14867,0.000596,172.31.40.0-255,66,61129,79,214887
14868,0.0006,74.125.24.0-255,3602,64731,79,214887
14869,0.000602,172.31.40.0-255,66,64797,79,214887
14870,0.000636,74.125.24.0-255,1484,66281,79,214887
14871,0.000648,74.125.24.0-255,2902,69183,79,214887
14872,0.00065,172.31.40.0-255,66,69249,79,214887
14873,0.000653,74.125.24.0-255,1484,70733,79,214887
14874,0.000684,74.125.24.0-255,4320,75053,79,214887
14875,0.000687,172.31.40.0-255,66,75119,79,214887
14876,0.000697,172.31.40.0-255,66,75185,79,214887
14877,0.000737,74.125.24.0-255,7156,82341,79,214887
14878,0.00074,172.31.40.0-255,66,82407,79,214887
14879,0.000764,172.31.40.0-255,66,82473,79,214887
14880,0.000841,74.125.24.0-255,1484,83957,79,214887
14881,0.000846,74.125.24.0-255,2902,86859,79,214887
14882,0.000849,74.125.24.0-255,2902,89761,79,214887
14883,0.000853,172.31.40.0-255,66,89827,79,214887
14884,0.000856,172.31.40.0-255,66,89893,79,214887
14885,0.00088,74.125.24.0-255,2902,92795,79,214887
14886,0.000883,172.31.40.0-255,66,92861,79,214887
14887,0.000895,172.31.40.0-255,66,92927,79,214887
14888,0.000911,74.125.24.0-255,2902,95829,79,214887
14889,0.000912,172.31.40.0-255,66,95895,79,214887
14890,0.000918,74.125.24.0-255,1484,97379,79,214887
14891,0.000936,74.125.24.0-255,4320,101699,79,214887
14892,0.00094,172.31.40.0-255,66,101765,79,214887
14893,0.000948,74.125.24.0-255,5020,106785,79,214887
14894,0.000951,172.31.40.0-255,66,106851,79,214887
14895,0.00098,74.125.24.0-255,1484,108335,79,214887
14896,0.000984,74.125.24.0-255,2902,111237,79,214887
14897,0.000986,172.31.40.0-255,66,111303,79,214887
14898,0.001013,74.125.24.0-255,5738,117041,79,214887
14899,0.001015,172.31.40.0-255,66,117107,79,214887
14900,0.001034,74.125.24.0-255,7156,124263,79,214887
14901,0.001037,172.31.40.0-255,66,124329,79,214887
14902,0.001058,74.125.24.0-255,5738,130067,79,214887
14903,0.00106,172.31.40.0-255,66,130133,79,214887
14904,0.001067,74.125.24.0-255,7156,137289,79,214887
14905,0.001069,172.31.40.0-255,66,137355,79,214887
14906,0.001108,172.31.40.0-255,66,137421,79,214887
14907,0.001142,172.31.40.0-255,66,137487,79,214887
14908,0.001151,172.31.40.0-255,66,137553,79,214887
14909,0.001156,74.125.24.0-255,5738,143291,79,214887
14910,0.001162,172.31.40.0-255,66,143357,79,214887
14911,0.001181,74.125.24.0-255,766,144123,79,214887
14912,0.001204,74.125.24.0-255,7156,151279,79,214887
14913,0.001206,172.31.40.0-255,66,151345,79,214887
14914,0.001212,74.125.24.0-255,5738,157083,79,214887
14915,0.001214,172.31.40.0-255,66,157149,79,214887
14916,0.001261,172.31.40.0-255,66,157215,79,214887
14917,0.001268,74.125.24.0-255,6438,163653,79,214887
14918,0.001269,172.31.40.0-255,66,163719,79,214887
14919,0.001279,74.125.24.0-255,7156,170875,79,214887
14920,0.001282,172.31.40.0-255,66,170941,79,214887
14921,0.001344,172.31.40.0-255,66,171007,79,214887
14922,0.001354,172.31.40.0-255,66,171073,79,214887
14923,0.001361,74.125.24.0-255,1484,172557,79,214887
14924,0.001396,172.31.40.0-255,66,172623,79,214887
14925,0.001513,74.125.24.0-255,1484,174107,79,214887
14926,0.001536,74.125.24.0-255,2902,177009,79,214887
14927,0.001541,74.125.24.0-255,5738,182747,79,214887
14928,0.001545,172.31.40.0-255,66,182813,79,214887
14929,0.001552,172.31.40.0-255,66,182879,79,214887
14930,0.001556,74.125.24.0-255,2902,185781,79,214887
14931,0.001558,172.31.40.0-255,66,185847,79,214887
14932,0.001591,172.31.40.0-255,66,185913,79,214887
14933,0.001594,74.125.24.0-255,1484,187397,79,214887
14934,0.001614,74.125.24.0-255,2902,190299,79,214887
14935,0.001616,172.31.40.0-255,66,190365,79,214887
14936,0.001645,74.125.24.0-255,6438,196803,79,214887
14937,0.001648,172.31.40.0-255,66,196869,79,214887
14938,0.001658,172.31.40.0-255,66,196935,79,214887
14939,0.001669,74.125.24.0-255,7156,204091,79,214887
14940,0.001671,172.31.40.0-255,66,204157,79,214887
14941,0.001696,74.125.24.0-255,4320,208477,79,214887
14942,0.001702,172.31.40.0-255,66,208543,79,214887
14943,0.00172,74.125.24.0-255,5738,214281,79,214887
14944,0.001722,172.31.40.0-255,66,214347,79,214887
14945,0.001753,172.31.40.0-255,66,214413,79,214887
14946,0.001765,172.31.40.0-255,66,214479,79,214887
14947,0.001805,172.31.40.0-255,66,214545,79,214887
14948,0.001808,74.125.24.0-255,105,214650,79,214887
14949,0.011363,172.31.40.0-255,66,214716,79,214887
14950,0.011404,172.31.40.0-255,105,214821,79,214887
14951,0.013692,74.125.24.0-255,66,214887,79,214887
14952,0.0,172.217.194.0-255,150,150,79,256328
14953,2.2e-05,172.31.40.0-255,66,216,79,256328
14954,2.8e-05,172.217.194.0-255,1484,1700,79,256328
14955,3.2e-05,172.31.40.0-255,66,1766,79,256328
14956,3.6e-05,172.217.194.0-255,2902,4668,79,256328
14957,3.9e-05,172.31.40.0-255,66,4734,79,256328
14958,4.5e-05,172.217.194.0-255,4320,9054,79,256328
14959,4.7e-05,172.31.40.0-255,66,9120,79,256328
14960,7.5e-05,172.217.194.0-255,2902,12022,79,256328
14961,7.7e-05,172.31.40.0-255,66,12088,79,256328
14962,8.1e-05,172.217.194.0-255,1976,14064,79,256328
14963,8.3e-05,172.31.40.0-255,66,14130,79,256328
14964,0.000106,172.217.194.0-255,2902,17032,79,256328
14965,0.000108,172.31.40.0-255,66,17098,79,256328
14966,0.000127,172.217.194.0-255,4320,21418,79,256328
14967,0.000129,172.31.40.0-255,66,21484,79,256328
14968,0.000145,172.217.194.0-255,2902,24386,79,256328
14969,0.000147,172.31.40.0-255,66,24452,79,256328
14970,0.000152,172.217.194.0-255,4320,28772,79,256328
14971,0.000154,172.31.40.0-255,66,28838,79,256328
14972,0.000176,172.217.194.0-255,2543,31381,79,256328
14973,0.000178,172.31.40.0-255,66,31447,79,256328
14974,0.000453,172.217.194.0-255,1484,32931,79,256328
14975,0.000458,172.31.40.0-255,66,32997,79,256328
14976,0.000463,172.217.194.0-255,2902,35899,79,256328
14977,0.000465,172.31.40.0-255,66,35965,79,256328
14978,0.000471,172.217.194.0-255,5738,41703,79,256328
14979,0.000473,172.31.40.0-255,66,41769,79,256328
14980,0.000499,172.217.194.0-255,5738,47507,79,256328
14981,0.000502,172.31.40.0-255,66,47573,79,256328
14982,0.000523,172.217.194.0-255,2543,50116,79,256328
14983,0.000526,172.31.40.0-255,66,50182,79,256328
14984,0.000561,172.31.40.0-255,66,50248,79,256328
14985,0.000589,172.217.194.0-255,6797,57045,79,256328
14986,0.000592,172.31.40.0-255,66,57111,79,256328
14987,0.000594,172.217.194.0-255,362,57473,79,256328
14988,0.000597,172.217.194.0-255,381,57854,79,256328
14989,0.000865,172.217.194.0-255,1484,59338,79,256328
14990,0.000869,172.31.40.0-255,66,59404,79,256328
14991,0.000873,172.217.194.0-255,1484,60888,79,256328
14992,0.000891,172.217.194.0-255,1484,62372,79,256328
14993,0.000894,172.31.40.0-255,66,62438,79,256328
14994,0.000899,172.217.194.0-255,5738,68176,79,256328
14995,0.000901,172.31.40.0-255,66,68242,79,256328
14996,0.000919,172.217.194.0-255,7156,75398,79,256328
14997,0.000921,172.31.40.0-255,66,75464,79,256328
14998,0.000951,172.217.194.0-255,5738,81202,79,256328
14999,0.000953,172.31.40.0-255,66,81268,79,256328
15000,0.000964,172.31.40.0-255,66,81334,79,256328
15001,0.001188,172.217.194.0-255,1484,82818,79,256328
15002,0.001193,172.217.194.0-255,2902,85720,79,256328
15003,0.001196,172.31.40.0-255,66,85786,79,256328
15004,0.001203,172.217.194.0-255,5738,91524,79,256328
15005,0.001205,172.31.40.0-255,66,91590,79,256328
15006,0.001225,172.217.194.0-255,1484,93074,79,256328
15007,0.001244,172.217.194.0-255,4320,97394,79,256328
15008,0.001246,172.31.40.0-255,66,97460,79,256328
15009,0.00127,172.217.194.0-255,7156,104616,79,256328
15010,0.001272,172.31.40.0-255,66,104682,79,256328
15011,0.001283,172.31.40.0-255,66,104748,79,256328
15012,0.001381,172.217.194.0-255,1484,106232,79,256328
15013,0.001395,172.217.194.0-255,2902,109134,79,256328
15014,0.001398,172.31.40.0-255,66,109200,79,256328
15015,0.001402,172.217.194.0-255,2902,112102,79,256328
15016,0.001404,172.31.40.0-255,66,112168,79,256328
15017,0.001423,172.217.194.0-255,2902,115070,79,256328
15018,0.001427,172.217.194.0-255,4320,119390,79,256328
15019,0.001431,172.31.40.0-255,66,119456,79,256328
15020,0.001434,172.31.40.0-255,66,119522,79,256328
15021,0.001452,172.217.194.0-255,4320,123842,79,256328
15022,0.001454,172.31.40.0-255,66,123908,79,256328
15023,0.001491,172.217.194.0-255,4320,128228,79,256328
15024,0.001494,172.31.40.0-255,66,128294,79,256328
15025,0.001505,172.31.40.0-255,66,128360,79,256328
15026,0.001579,172.217.194.0-255,1484,129844,79,256328
15027,0.001593,172.217.194.0-255,2902,132746,79,256328
15028,0.001596,172.31.40.0-255,66,132812,79,256328
15029,0.001598,172.217.194.0-255,1484,134296,79,256328
15030,0.001615,172.217.194.0-255,4320,138616,79,256328
15031,0.001617,172.31.40.0-255,66,138682,79,256328
15032,0.001655,172.31.40.0-255,66,138748,79,256328
15033,0.001674,172.217.194.0-255,2902,141650,79,256328
15034,0.001677,172.31.40.0-255,66,141716,79,256328
15035,0.001688,172.31.40.0-255,66,141782,79,256328
15036,0.001794,172.217.194.0-255,1484,143266,79,256328
15037,0.001808,172.217.194.0-255,2902,146168,79,256328
15038,0.001811,172.31.40.0-255,66,146234,79,256328
15039,0.00183,172.217.194.0-255,4320,150554,79,256328
15040,0.001833,172.31.40.0-255,66,150620,79,256328
15041,0.001855,172.217.194.0-255,5738,156358,79,256328
15042,0.001857,172.31.40.0-255,66,156424,79,256328
15043,0.001862,172.217.194.0-255,2902,159326,79,256328
15044,0.001863,172.31.40.0-255,66,159392,79,256328
15045,0.001899,172.31.40.0-255,66,159458,79,256328
15046,0.001905,172.217.194.0-255,5738,165196,79,256328
15047,0.001908,172.31.40.0-255,66,165262,79,256328
15048,0.001924,172.217.194.0-255,2184,167446,79,256328
15049,0.001927,172.31.40.0-255,66,167512,79,256328
15050,0.001974,172.217.194.0-255,1484,168996,79,256328
15051,0.002007,172.217.194.0-255,1484,170480,79,256328
15052,0.00201,172.31.40.0-255,66,170546,79,256328
15053,0.002017,172.217.194.0-255,1484,172030,79,256328
15054,0.002023,172.217.194.0-255,5738,177768,79,256328
15055,0.002025,172.31.40.0-255,66,177834,79,256328
15056,0.002028,172.217.194.0-255,1484,179318,79,256328
15057,0.00207,172.31.40.0-255,66,179384,79,256328
15058,0.002081,172.31.40.0-255,66,179450,79,256328
15059,0.002096,172.217.194.0-255,2184,181634,79,256328
15060,0.002098,172.31.40.0-255,66,181700,79,256328
15061,0.002108,172.31.40.0-255,66,181766,79,256328
15062,0.002149,172.217.194.0-255,1484,183250,79,256328
15063,0.002165,172.217.194.0-255,7156,190406,79,256328
15064,0.002168,172.31.40.0-255,66,190472,79,256328
15065,0.0022,172.31.40.0-255,66,190538,79,256328
15066,0.00222,172.217.194.0-255,1484,192022,79,256328
15067,0.002224,172.217.194.0-255,2902,194924,79,256328
15068,0.002226,172.31.40.0-255,66,194990,79,256328
15069,0.002248,172.217.194.0-255,5738,200728,79,256328
15070,0.002251,172.31.40.0-255,66,200794,79,256328
15071,0.002264,172.217.194.0-255,4320,205114,79,256328
15072,0.002267,172.31.40.0-255,66,205180,79,256328
15073,0.002298,172.31.40.0-255,66,205246,79,256328
15074,0.002308,172.31.40.0-255,66,205312,79,256328
15075,0.002334,172.217.194.0-255,7156,212468,79,256328
15076,0.002337,172.31.40.0-255,66,212534,79,256328
15077,0.002358,172.217.194.0-255,4320,216854,79,256328
15078,0.00236,172.31.40.0-255,66,216920,79,256328
15079,0.002372,172.31.40.0-255,66,216986,79,256328
15080,0.00241,172.31.40.0-255,66,217052,79,256328
15081,0.004734,172.217.194.0-255,4320,221372,79,256328
15082,0.004739,172.31.40.0-255,66,221438,79,256328
15083,0.004755,172.217.194.0-255,1484,222922,79,256328
15084,0.007068,172.217.194.0-255,4320,227242,79,256328
15085,0.007077,172.31.40.0-255,66,227308,79,256328
15086,0.009419,172.217.194.0-255,5738,233046,79,256328
15087,0.009425,172.31.40.0-255,66,233112,79,256328
15088,0.011789,172.217.194.0-255,5738,238850,79,256328
15089,0.011805,172.31.40.0-255,66,238916,79,256328
15090,0.014145,172.217.194.0-255,5738,244654,79,256328
15091,0.014159,172.31.40.0-255,66,244720,79,256328
15092,0.016516,172.217.194.0-255,5738,250458,79,256328
15093,0.016531,172.31.40.0-255,66,250524,79,256328
15094,0.018872,172.217.194.0-255,5738,256262,79,256328
15095,0.018878,172.31.40.0-255,66,256328,79,256328
15096,0.0,74.125.24.0-255,156,156,79,221724
15097,2.1e-05,172.31.40.0-255,66,222,79,221724
15098,2.8e-05,74.125.24.0-255,1484,1706,79,221724
15099,3.3e-05,172.31.40.0-255,66,1772,79,221724
15100,3.8e-05,74.125.24.0-255,2902,4674,79,221724
15101,4.1e-05,172.31.40.0-255,66,4740,79,221724
15102,4.9e-05,74.125.24.0-255,7156,11896,79,221724
15103,5.1e-05,172.31.40.0-255,66,11962,79,221724
15104,8.4e-05,74.125.24.0-255,2166,14128,79,221724
15105,8.7e-05,172.31.40.0-255,66,14194,79,221724
15106,0.00015,74.125.24.0-255,1484,15678,79,221724
15107,0.000153,172.31.40.0-255,66,15744,79,221724
15108,0.000158,74.125.24.0-255,2902,18646,79,221724
15109,0.00016,172.31.40.0-255,66,18712,79,221724
15110,0.000166,74.125.24.0-255,4320,23032,79,221724
15111,0.000169,172.31.40.0-255,66,23098,79,221724
15112,0.000187,74.125.24.0-255,1484,24582,79,221724
15113,0.000189,172.31.40.0-255,66,24648,79,221724
15114,0.00021,74.125.24.0-255,6797,31445,79,221724
15115,0.000213,172.31.40.0-255,66,31511,79,221724
15116,0.000319,74.125.24.0-255,1484,32995,79,221724
15117,0.000323,172.31.40.0-255,66,33061,79,221724
15118,0.000329,74.125.24.0-255,2902,35963,79,221724
15119,0.000331,172.31.40.0-255,66,36029,79,221724
15120,0.000369,74.125.24.0-255,5738,41767,79,221724
15121,0.000372,172.31.40.0-255,66,41833,79,221724
15122,0.00038,74.125.24.0-255,6797,48630,79,221724
15123,0.000382,172.31.40.0-255,66,48696,79,221724
15124,0.000388,74.125.24.0-255,5738,54434,79,221724
15125,0.000391,172.31.40.0-255,66,54500,79,221724
15126,0.000425,172.31.40.0-255,66,54566,79,221724
15127,0.000429,74.125.24.0-255,2543,57109,79,221724
15128,0.000431,172.31.40.0-255,66,57175,79,221724
15129,0.000434,74.125.24.0-255,363,57538,79,221724
15130,0.000555,74.125.24.0-255,382,57920,79,221724
15131,0.000668,74.125.24.0-255,1484,59404,79,221724
15132,0.000673,172.31.40.0-255,66,59470,79,221724
15133,0.000677,74.125.24.0-255,2902,62372,79,221724
15134,0.00068,172.31.40.0-255,66,62438,79,221724
15135,0.000696,74.125.24.0-255,5738,68176,79,221724
15136,0.000699,172.31.40.0-255,66,68242,79,221724
15137,0.000704,74.125.24.0-255,4320,72562,79,221724
15138,0.000707,172.31.40.0-255,66,72628,79,221724
15139,0.000757,74.125.24.0-255,3961,76589,79,221724
15140,0.000761,172.31.40.0-255,66,76655,79,221724
15141,0.000766,74.125.24.0-255,4320,80975,79,221724
15142,0.000768,172.31.40.0-255,66,81041,79,221724
15143,0.000811,172.31.40.0-255,66,81107,79,221724
15144,0.000814,74.125.24.0-255,1125,82232,79,221724
15145,0.001071,74.125.24.0-255,1484,83716,79,221724
15146,0.001076,172.31.40.0-255,66,83782,79,221724
15147,0.001081,74.125.24.0-255,2902,86684,79,221724
15148,0.001084,172.31.40.0-255,66,86750,79,221724
15149,0.00109,74.125.24.0-255,5738,92488,79,221724
15150,0.001092,172.31.40.0-255,66,92554,79,221724
15151,0.001129,172.31.40.0-255,66,92620,79,221724
15152,0.001156,74.125.24.0-255,2902,95522,79,221724
15153,0.00116,172.31.40.0-255,66,95588,79,221724
15154,0.001191,172.31.40.0-255,66,95654,79,221724
15155,0.001319,74.125.24.0-255,1484,97138,79,221724
15156,0.001325,74.125.24.0-255,2902,100040,79,221724
15157,0.001328,172.31.40.0-255,66,100106,79,221724
15158,0.001332,74.125.24.0-255,1484,101590,79,221724
15159,0.00135,74.125.24.0-255,4320,105910,79,221724
15160,0.001352,172.31.40.0-255,66,105976,79,221724
15161,0.001362,172.31.40.0-255,66,106042,79,221724
15162,0.001384,74.125.24.0-255,4320,110362,79,221724
15163,0.001386,172.31.40.0-255,66,110428,79,221724
15164,0.001389,74.125.24.0-255,1484,111912,79,221724
15165,0.001409,74.125.24.0-255,4320,116232,79,221724
15166,0.001412,172.31.40.0-255,66,116298,79,221724
15167,0.001434,74.125.24.0-255,5020,121318,79,221724
15168,0.001437,172.31.40.0-255,66,121384,79,221724
15169,0.001954,74.125.24.0-255,1484,122868,79,221724
15170,0.001986,74.125.24.0-255,1484,124352,79,221724
15171,0.00199,172.31.40.0-255,66,124418,79,221724
15172,0.002009,74.125.24.0-255,1484,125902,79,221724
15173,0.002015,74.125.24.0-255,5738,131640,79,221724
15174,0.002018,172.31.40.0-255,66,131706,79,221724
15175,0.002024,74.125.24.0-255,5738,137444,79,221724
15176,0.002026,172.31.40.0-255,66,137510,79,221724
15177,0.002039,172.31.40.0-255,66,137576,79,221724
15178,0.00206,74.125.24.0-255,5020,142596,79,221724
15179,0.002062,172.31.40.0-255,66,142662,79,221724
15180,0.002211,74.125.24.0-255,1484,144146,79,221724
15181,0.002216,74.125.24.0-255,2902,147048,79,221724
15182,0.002219,172.31.40.0-255,66,147114,79,221724
15183,0.002223,74.125.24.0-255,1484,148598,79,221724
15184,0.002238,74.125.24.0-255,2902,151500,79,221724
15185,0.00224,172.31.40.0-255,66,151566,79,221724
15186,0.002264,74.125.24.0-255,1484,153050,79,221724
15187,0.00227,74.125.24.0-255,5738,158788,79,221724
15188,0.002272,172.31.40.0-255,66,158854,79,221724
15189,0.002298,172.31.40.0-255,66,158920,79,221724
15190,0.002318,74.125.24.0-255,1484,160404,79,221724
15191,0.002324,74.125.24.0-255,5020,165424,79,221724
15192,0.002327,172.31.40.0-255,66,165490,79,221724
15193,0.002376,74.125.24.0-255,1484,166974,79,221724
15194,0.00238,74.125.24.0-255,2902,169876,79,221724
15195,0.002383,172.31.40.0-255,66,169942,79,221724
15196,0.002404,74.125.24.0-255,2902,172844,79,221724
15197,0.002406,172.31.40.0-255,66,172910,79,221724
15198,0.002424,74.125.24.0-255,4320,177230,79,221724
15199,0.002427,172.31.40.0-255,66,177296,79,221724
15200,0.002486,74.125.24.0-255,2902,180198,79,221724
15201,0.00249,172.31.40.0-255,66,180264,79,221724
15202,0.002505,172.31.40.0-255,66,180330,79,221724
15203,0.002512,74.125.24.0-255,6438,186768,79,221724
15204,0.002514,172.31.40.0-255,66,186834,79,221724
15205,0.002657,74.125.24.0-255,1484,188318,79,221724
15206,0.005152,74.125.24.0-255,4320,192638,79,221724
15207,0.005163,172.31.40.0-255,66,192704,79,221724
15208,0.007778,74.125.24.0-255,5738,198442,79,221724
15209,0.007787,172.31.40.0-255,66,198508,79,221724
15210,0.010422,74.125.24.0-255,5738,204246,79,221724
15211,0.01043,172.31.40.0-255,66,204312,79,221724
15212,0.013052,74.125.24.0-255,5738,210050,79,221724
15213,0.013059,172.31.40.0-255,66,210116,79,221724
15214,0.015669,74.125.24.0-255,5738,215854,79,221724
15215,0.015678,172.31.40.0-255,66,215920,79,221724
15216,0.018374,74.125.24.0-255,5738,221658,79,221724
15217,0.018382,172.31.40.0-255,66,221724,79,221724
15218,0.0,216.58.221.0-255,150,150,79,152588
15219,1.7e-05,172.31.40.0-255,66,216,79,152588
15220,2.4e-05,216.58.221.0-255,1484,1700,79,152588
15221,2.9e-05,172.31.40.0-255,66,1766,79,152588
15222,3.4e-05,216.58.221.0-255,2902,4668,79,152588
15223,4.5e-05,172.31.40.0-255,66,4734,79,152588
15224,5.2e-05,216.58.221.0-255,7156,11890,79,152588
15225,5.6e-05,172.31.40.0-255,66,11956,79,152588
15226,6e-05,216.58.221.0-255,2126,14082,79,152588
15227,6.3e-05,172.31.40.0-255,66,14148,79,152588
15228,0.000455,216.58.221.0-255,1484,15632,79,152588
15229,0.000461,172.31.40.0-255,66,15698,79,152588
15230,0.000467,216.58.221.0-255,2902,18600,79,152588
15231,0.00047,172.31.40.0-255,66,18666,79,152588
15232,0.000503,216.58.221.0-255,5738,24404,79,152588
15233,0.000505,172.31.40.0-255,66,24470,79,152588
15234,0.000509,216.58.221.0-255,1484,25954,79,152588
15235,0.000511,172.31.40.0-255,66,26020,79,152588
15236,0.000547,216.58.221.0-255,5379,31399,79,152588
15237,0.00055,172.31.40.0-255,66,31465,79,152588
15238,0.000554,216.58.221.0-255,2902,34367,79,152588
15239,0.000556,172.31.40.0-255,66,34433,79,152588
15240,0.000587,216.58.221.0-255,4320,38753,79,152588
15241,0.00059,172.31.40.0-255,66,38819,79,152588
15242,0.000595,216.58.221.0-255,4320,43139,79,152588
15243,0.000597,172.31.40.0-255,66,43205,79,152588
15244,0.000639,216.58.221.0-255,4320,47525,79,152588
15245,0.000642,172.31.40.0-255,66,47591,79,152588
15246,0.000645,216.58.221.0-255,1125,48716,79,152588
15247,0.000647,172.31.40.0-255,66,48782,79,152588
15248,0.000804,216.58.221.0-255,1484,50266,79,152588
15249,0.000809,172.31.40.0-255,66,50332,79,152588
15250,0.000812,216.58.221.0-255,1484,51816,79,152588
15251,0.000817,216.58.221.0-255,2902,54718,79,152588
15252,0.000819,172.31.40.0-255,66,54784,79,152588
15253,0.000857,216.58.221.0-255,5738,60522,79,152588
15254,0.00086,172.31.40.0-255,66,60588,79,152588
15255,0.000889,216.58.221.0-255,5379,65967,79,152588
15256,0.000891,172.31.40.0-255,66,66033,79,152588
15257,0.000894,216.58.221.0-255,394,66427,79,152588
15258,0.001159,172.31.40.0-255,66,66493,79,152588
15259,0.001393,216.58.221.0-255,114,66607,79,152588
15260,0.00155,216.58.221.0-255,1484,68091,79,152588
15261,0.001556,172.31.40.0-255,66,68157,79,152588
15262,0.001563,216.58.221.0-255,2902,71059,79,152588
15263,0.001565,172.31.40.0-255,66,71125,79,152588
15264,0.001576,216.58.221.0-255,4320,75445,79,152588
15265,0.001579,172.31.40.0-255,66,75511,79,152588
15266,0.001611,216.58.221.0-255,1484,76995,79,152588
15267,0.001616,216.58.221.0-255,4320,81315,79,152588
15268,0.001618,172.31.40.0-255,66,81381,79,152588
15269,0.001622,216.58.221.0-255,1484,82865,79,152588
15270,0.001641,216.58.221.0-255,1390,84255,79,152588
15271,0.001643,172.31.40.0-255,66,84321,79,152588
15272,0.001715,216.58.221.0-255,1484,85805,79,152588
15273,0.001759,216.58.221.0-255,2902,88707,79,152588
15274,0.001763,172.31.40.0-255,66,88773,79,152588
15275,0.00177,216.58.221.0-255,5738,94511,79,152588
15276,0.001772,172.31.40.0-255,66,94577,79,152588
15277,0.001775,216.58.221.0-255,1484,96061,79,152588
15278,0.001803,216.58.221.0-255,5379,101440,79,152588
15279,0.001805,172.31.40.0-255,66,101506,79,152588
15280,0.003757,216.58.221.0-255,5738,107244,79,152588
15281,0.003763,172.31.40.0-255,66,107310,79,152588
15282,0.005709,216.58.221.0-255,1484,108794,79,152588
15283,0.005753,216.58.221.0-255,4320,113114,79,152588
15284,0.005755,172.31.40.0-255,66,113180,79,152588
15285,0.007741,216.58.221.0-255,5738,118918,79,152588
15286,0.007747,172.31.40.0-255,66,118984,79,152588
15287,0.009708,216.58.221.0-255,4320,123304,79,152588
15288,0.009715,172.31.40.0-255,66,123370,79,152588
15289,0.009741,216.58.221.0-255,1484,124854,79,152588
15290,0.011658,216.58.221.0-255,4320,129174,79,152588
15291,0.011664,172.31.40.0-255,66,129240,79,152588
15292,0.013608,216.58.221.0-255,5738,134978,79,152588
15293,0.013615,172.31.40.0-255,66,135044,79,152588
15294,0.015578,216.58.221.0-255,5738,140782,79,152588
15295,0.015586,172.31.40.0-255,66,140848,79,152588
15296,0.017551,216.58.221.0-255,5738,146586,79,152588
15297,0.017559,172.31.40.0-255,66,146652,79,152588
15298,0.019496,216.58.221.0-255,2902,149554,79,152588
15299,0.019502,172.31.40.0-255,66,149620,79,152588
15300,0.019531,216.58.221.0-255,2902,152522,79,152588
15301,0.019534,172.31.40.0-255,66,152588,79,152588
15302,0.0,74.125.24.0-255,150,150,79,220457
15303,2.3e-05,172.31.40.0-255,66,216,79,220457
15304,3e-05,74.125.24.0-255,1484,1700,79,220457
15305,3.5e-05,172.31.40.0-255,66,1766,79,220457
15306,4.1e-05,74.125.24.0-255,2902,4668,79,220457
15307,4.4e-05,172.31.40.0-255,66,4734,79,220457
15308,4.9e-05,74.125.24.0-255,2902,7636,79,220457
15309,5.9e-05,172.31.40.0-255,66,7702,79,220457
15310,7.8e-05,74.125.24.0-255,2902,10604,79,220457
15311,8.1e-05,172.31.40.0-255,66,10670,79,220457
15312,0.000108,74.125.24.0-255,2902,13572,79,220457
15313,0.000111,172.31.40.0-255,66,13638,79,220457
15314,0.000141,74.125.24.0-255,2139,15777,79,220457
15315,0.000144,172.31.40.0-255,66,15843,79,220457
15316,0.000151,74.125.24.0-255,5738,21581,79,220457
15317,0.000153,172.31.40.0-255,66,21647,79,220457
15318,0.000161,74.125.24.0-255,7156,28803,79,220457
15319,0.000163,172.31.40.0-255,66,28869,79,220457
15320,0.000195,74.125.24.0-255,5738,34607,79,220457
15321,0.000198,172.31.40.0-255,66,34673,79,220457
15322,0.000203,74.125.24.0-255,4320,38993,79,220457
15323,0.000205,172.31.40.0-255,66,39059,79,220457
15324,0.000214,74.125.24.0-255,7156,46215,79,220457
15325,0.000216,172.31.40.0-255,66,46281,79,220457
15326,0.000241,74.125.24.0-255,2184,48465,79,220457
15327,0.000244,172.31.40.0-255,66,48531,79,220457
15328,0.000625,74.125.24.0-255,1484,50015,79,220457
15329,0.000631,172.31.40.0-255,66,50081,79,220457
15330,0.000638,74.125.24.0-255,2902,52983,79,220457
15331,0.000641,172.31.40.0-255,66,53049,79,220457
15332,0.000677,74.125.24.0-255,4320,57369,79,220457
15333,0.00068,172.31.40.0-255,66,57435,79,220457
15334,0.000687,74.125.24.0-255,5738,63173,79,220457
15335,0.000689,172.31.40.0-255,66,63239,79,220457
15336,0.000727,74.125.24.0-255,2878,66117,79,220457
15337,0.000731,172.31.40.0-255,66,66183,79,220457
15338,0.001429,74.125.24.0-255,1484,67667,79,220457
15339,0.001439,74.125.24.0-255,2902,70569,79,220457
15340,0.001444,172.31.40.0-255,66,70635,79,220457
15341,0.001452,74.125.24.0-255,5738,76373,79,220457
15342,0.001454,172.31.40.0-255,66,76439,79,220457
15343,0.001477,74.125.24.0-255,7156,83595,79,220457
15344,0.00148,172.31.40.0-255,66,83661,79,220457
15345,0.001512,74.125.24.0-255,5738,89399,79,220457
15346,0.001514,172.31.40.0-255,66,89465,79,220457
15347,0.001519,74.125.24.0-255,2902,92367,79,220457
15348,0.001521,172.31.40.0-255,66,92433,79,220457
15349,0.001553,172.31.40.0-255,66,92499,79,220457
15350,0.001581,74.125.24.0-255,1484,93983,79,220457
15351,0.001605,74.125.24.0-255,2902,96885,79,220457
15352,0.001608,172.31.40.0-255,66,96951,79,220457
15353,0.001635,74.125.24.0-255,1484,98435,79,220457
15354,0.00164,74.125.24.0-255,2902,101337,79,220457
15355,0.001642,172.31.40.0-255,66,101403,79,220457
15356,0.001649,74.125.24.0-255,5738,107141,79,220457
15357,0.001651,172.31.40.0-255,66,107207,79,220457
15358,0.001689,172.31.40.0-255,66,107273,79,220457
15359,0.001712,74.125.24.0-255,1484,108757,79,220457
15360,0.001715,74.125.24.0-255,1484,110241,79,220457
15361,0.001717,172.31.40.0-255,66,110307,79,220457
15362,0.001733,172.31.40.0-255,66,110373,79,220457
15363,0.001763,74.125.24.0-255,2184,112557,79,220457
15364,0.001767,172.31.40.0-255,66,112623,79,220457
15365,0.001773,74.125.24.0-255,4320,116943,79,220457
15366,0.001775,172.31.40.0-255,66,117009,79,220457
15367,0.001822,172.31.40.0-255,66,117075,79,220457
15368,0.001861,172.31.40.0-255,66,117141,79,220457
15369,0.001872,172.31.40.0-255,66,117207,79,220457
15370,0.001889,172.31.40.0-255,66,117273,79,220457
15371,0.001993,74.125.24.0-255,1484,118757,79,220457
15372,0.002,74.125.24.0-255,2902,121659,79,220457
15373,0.002004,172.31.40.0-255,66,121725,79,220457
15374,0.002009,74.125.24.0-255,2902,124627,79,220457
15375,0.002011,172.31.40.0-255,66,124693,79,220457
15376,0.002031,74.125.24.0-255,2902,127595,79,220457
15377,0.002034,172.31.40.0-255,66,127661,79,220457
15378,0.002042,74.125.24.0-255,7156,134817,79,220457
15379,0.002044,172.31.40.0-255,66,134883,79,220457
15380,0.00207,74.125.24.0-255,5738,140621,79,220457
15381,0.002073,172.31.40.0-255,66,140687,79,220457
15382,0.002083,172.31.40.0-255,66,140753,79,220457
15383,0.002116,74.125.24.0-255,2184,142937,79,220457
15384,0.002119,172.31.40.0-255,66,143003,79,220457
15385,0.002142,74.125.24.0-255,1484,144487,79,220457
15386,0.002147,74.125.24.0-255,2902,147389,79,220457
15387,0.002149,172.31.40.0-255,66,147455,79,220457
15388,0.002155,74.125.24.0-255,4320,151775,79,220457
15389,0.002158,172.31.40.0-255,66,151841,79,220457
15390,0.002187,74.125.24.0-255,1484,153325,79,220457
15391,0.002207,172.31.40.0-255,66,153391,79,220457
15392,0.002224,172.31.40.0-255,66,153457,79,220457
15393,0.002301,74.125.24.0-255,1484,154941,79,220457
15394,0.002306,74.125.24.0-255,2902,157843,79,220457
15395,0.00231,172.31.40.0-255,66,157909,79,220457
15396,0.002315,74.125.24.0-255,2902,160811,79,220457
15397,0.002317,172.31.40.0-255,66,160877,79,220457
15398,0.002339,74.125.24.0-255,2902,163779,79,220457
15399,0.002341,172.31.40.0-255,66,163845,79,220457
15400,0.002346,74.125.24.0-255,4320,168165,79,220457
15401,0.002348,172.31.40.0-255,66,168231,79,220457
15402,0.002406,172.31.40.0-255,66,168297,79,220457
15403,0.00241,74.125.24.0-255,2902,171199,79,220457
15404,0.002412,172.31.40.0-255,66,171265,79,220457
15405,0.002417,74.125.24.0-255,2902,174167,79,220457
15406,0.002421,172.31.40.0-255,66,174233,79,220457
15407,0.002448,74.125.24.0-255,5020,179253,79,220457
15408,0.002451,172.31.40.0-255,66,179319,79,220457
15409,0.002471,74.125.24.0-255,1484,180803,79,220457
15410,0.002492,74.125.24.0-255,2902,183705,79,220457
15411,0.002495,172.31.40.0-255,66,183771,79,220457
15412,0.002499,74.125.24.0-255,1484,185255,79,220457
15413,0.002523,74.125.24.0-255,4320,189575,79,220457
15414,0.002526,172.31.40.0-255,66,189641,79,220457
15415,0.002533,74.125.24.0-255,7156,196797,79,220457
15416,0.002536,172.31.40.0-255,66,196863,79,220457
15417,0.002583,172.31.40.0-255,66,196929,79,220457
15418,0.002605,74.125.24.0-255,3602,200531,79,220457
15419,0.002607,172.31.40.0-255,66,200597,79,220457
15420,0.002621,172.31.40.0-255,66,200663,79,220457
15421,0.002661,74.125.24.0-255,1484,202147,79,220457
15422,0.002711,172.31.40.0-255,66,202213,79,220457
15423,0.002716,74.125.24.0-255,3666,205879,79,220457
15424,0.002718,172.31.40.0-255,66,205945,79,220457
15425,0.002739,74.125.24.0-255,1484,207429,79,220457
15426,0.002743,74.125.24.0-255,2902,210331,79,220457
15427,0.002746,172.31.40.0-255,66,210397,79,220457
15428,0.00275,74.125.24.0-255,2902,213299,79,220457
15429,0.002753,172.31.40.0-255,66,213365,79,220457
15430,0.002785,74.125.24.0-255,2902,216267,79,220457
15431,0.002788,172.31.40.0-255,66,216333,79,220457
15432,0.002803,172.31.40.0-255,66,216399,79,220457
15433,0.002842,172.31.40.0-255,66,216465,79,220457
15434,0.002888,74.125.24.0-255,1484,217949,79,220457
15435,0.002892,74.125.24.0-255,1886,219835,79,220457
15436,0.002895,172.31.40.0-255,66,219901,79,220457
15437,0.00292,74.125.24.0-255,97,219998,79,220457
15438,0.003001,74.125.24.0-255,105,220103,79,220457
15439,0.012401,74.125.24.0-255,105,220208,79,220457
15440,0.012422,172.31.40.0-255,78,220286,79,220457
15441,0.015583,172.31.40.0-255,105,220391,79,220457
15442,0.017809,74.125.24.0-255,66,220457,79,220457
15443,0.0,172.217.194.0-255,155,155,79,207194
15444,2.8e-05,172.31.40.0-255,66,221,79,207194
15445,3.6e-05,172.217.194.0-255,1484,1705,79,207194
15446,4e-05,172.31.40.0-255,66,1771,79,207194
15447,4.6e-05,172.217.194.0-255,2902,4673,79,207194
15448,4.9e-05,172.31.40.0-255,66,4739,79,207194
15449,5.7e-05,172.217.194.0-255,7156,11895,79,207194
15450,6e-05,172.31.40.0-255,66,11961,79,207194
15451,6.6e-05,172.217.194.0-255,3429,15390,79,207194
15452,6.9e-05,172.31.40.0-255,66,15456,79,207194
15453,7.6e-05,172.217.194.0-255,5738,21194,79,207194
15454,7.9e-05,172.31.40.0-255,66,21260,79,207194
15455,0.000107,172.217.194.0-255,7156,28416,79,207194
15456,0.000109,172.31.40.0-255,66,28482,79,207194
15457,0.000113,172.217.194.0-255,2543,31025,79,207194
15458,0.000116,172.31.40.0-255,66,31091,79,207194
15459,0.000202,172.217.194.0-255,1484,32575,79,207194
15460,0.000205,172.31.40.0-255,66,32641,79,207194
15461,0.000208,172.217.194.0-255,1484,34125,79,207194
15462,0.000211,172.31.40.0-255,66,34191,79,207194
15463,0.000223,172.217.194.0-255,1484,35675,79,207194
15464,0.000225,172.31.40.0-255,66,35741,79,207194
15465,0.000231,172.217.194.0-255,5738,41479,79,207194
15466,0.000234,172.31.40.0-255,66,41545,79,207194
15467,0.000254,172.217.194.0-255,1484,43029,79,207194
15468,0.000256,172.31.40.0-255,66,43095,79,207194
15469,0.000289,172.31.40.0-255,66,43161,79,207194
15470,0.000321,172.217.194.0-255,4320,47481,79,207194
15471,0.000323,172.31.40.0-255,66,47547,79,207194
15472,0.000343,172.217.194.0-255,5379,52926,79,207194
15473,0.000346,172.31.40.0-255,66,52992,79,207194
15474,0.000349,172.217.194.0-255,379,53371,79,207194
15475,0.000429,172.217.194.0-255,99,53470,79,207194
15476,0.000448,172.217.194.0-255,364,53834,79,207194
15477,0.00058,172.217.194.0-255,1484,55318,79,207194
15478,0.000585,172.31.40.0-255,66,55384,79,207194
15479,0.000591,172.217.194.0-255,2902,58286,79,207194
15480,0.000594,172.31.40.0-255,66,58352,79,207194
15481,0.0006,172.217.194.0-255,5738,64090,79,207194
15482,0.000603,172.31.40.0-255,66,64156,79,207194
15483,0.000633,172.217.194.0-255,7156,71312,79,207194
15484,0.000636,172.31.40.0-255,66,71378,79,207194
15485,0.000646,172.31.40.0-255,66,71444,79,207194
15486,0.000665,172.217.194.0-255,4320,75764,79,207194
15487,0.000667,172.31.40.0-255,66,75830,79,207194
15488,0.000671,172.217.194.0-255,2184,78014,79,207194
15489,0.000673,172.31.40.0-255,66,78080,79,207194
15490,0.000937,172.217.194.0-255,1484,79564,79,207194
15491,0.000943,172.217.194.0-255,2902,82466,79,207194
15492,0.000946,172.31.40.0-255,66,82532,79,207194
15493,0.000952,172.217.194.0-255,2902,85434,79,207194
15494,0.000954,172.31.40.0-255,66,85500,79,207194
15495,0.000971,172.217.194.0-255,2902,88402,79,207194
15496,0.000973,172.31.40.0-255,66,88468,79,207194
15497,0.000979,172.217.194.0-255,4320,92788,79,207194
15498,0.000981,172.31.40.0-255,66,92854,79,207194
15499,0.000987,172.217.194.0-255,5738,98592,79,207194
15500,0.000989,172.31.40.0-255,66,98658,79,207194
15501,0.000995,172.217.194.0-255,4320,102978,79,207194
15502,0.000996,172.31.40.0-255,66,103044,79,207194
15503,0.001024,172.217.194.0-255,7156,110200,79,207194
15504,0.001027,172.31.40.0-255,66,110266,79,207194
15505,0.001031,172.217.194.0-255,2184,112450,79,207194
15506,0.001033,172.31.40.0-255,66,112516,79,207194
15507,0.001408,172.217.194.0-255,1484,114000,79,207194
15508,0.001415,172.217.194.0-255,2902,116902,79,207194
15509,0.001418,172.31.40.0-255,66,116968,79,207194
15510,0.00144,172.217.194.0-255,5738,122706,79,207194
15511,0.001442,172.31.40.0-255,66,122772,79,207194
15512,0.001463,172.217.194.0-255,7156,129928,79,207194
15513,0.001465,172.31.40.0-255,66,129994,79,207194
15514,0.001496,172.217.194.0-255,5738,135732,79,207194
15515,0.001498,172.31.40.0-255,66,135798,79,207194
15516,0.001511,172.31.40.0-255,66,135864,79,207194
15517,0.001568,172.217.194.0-255,1484,137348,79,207194
15518,0.001584,172.217.194.0-255,2902,140250,79,207194
15519,0.001587,172.31.40.0-255,66,140316,79,207194
15520,0.001593,172.217.194.0-255,5738,146054,79,207194
15521,0.001595,172.31.40.0-255,66,146120,79,207194
15522,0.001617,172.217.194.0-255,4320,150440,79,207194
15523,0.001619,172.31.40.0-255,66,150506,79,207194
15524,0.001642,172.31.40.0-255,66,150572,79,207194
15525,0.001649,172.217.194.0-255,7156,157728,79,207194
15526,0.001651,172.31.40.0-255,66,157794,79,207194
15527,0.001668,172.217.194.0-255,3602,161396,79,207194
15528,0.001671,172.31.40.0-255,66,161462,79,207194
15529,0.001757,172.217.194.0-255,1484,162946,79,207194
15530,0.001776,172.217.194.0-255,2902,165848,79,207194
15531,0.001779,172.31.40.0-255,66,165914,79,207194
15532,0.001786,172.217.194.0-255,5738,171652,79,207194
15533,0.001788,172.31.40.0-255,66,171718,79,207194
15534,0.001813,172.31.40.0-255,66,171784,79,207194
15535,0.001829,172.217.194.0-255,4320,176104,79,207194
15536,0.001832,172.31.40.0-255,66,176170,79,207194
15537,0.001844,172.31.40.0-255,66,176236,79,207194
15538,0.00188,172.217.194.0-255,2902,179138,79,207194
15539,0.001882,172.31.40.0-255,66,179204,79,207194
15540,0.001909,172.31.40.0-255,66,179270,79,207194
15541,0.001912,172.217.194.0-255,1484,180754,79,207194
15542,0.001932,172.31.40.0-255,66,180820,79,207194
15543,0.00194,172.217.194.0-255,7156,187976,79,207194
15544,0.001943,172.31.40.0-255,66,188042,79,207194
15545,0.001959,172.217.194.0-255,3602,191644,79,207194
15546,0.001962,172.31.40.0-255,66,191710,79,207194
15547,0.001973,172.31.40.0-255,66,191776,79,207194
15548,0.001992,172.217.194.0-255,2902,194678,79,207194
15549,0.001995,172.31.40.0-255,66,194744,79,207194
15550,0.002009,172.31.40.0-255,66,194810,79,207194
15551,0.002043,172.217.194.0-255,2902,197712,79,207194
15552,0.002046,172.31.40.0-255,66,197778,79,207194
15553,0.002063,172.31.40.0-255,66,197844,79,207194
15554,0.002073,172.31.40.0-255,66,197910,79,207194
15555,0.002108,172.31.40.0-255,66,197976,79,207194
15556,0.002155,172.31.40.0-255,66,198042,79,207194
15557,0.002169,172.217.194.0-255,2902,200944,79,207194
15558,0.002171,172.31.40.0-255,66,201010,79,207194
15559,0.002188,172.31.40.0-255,66,201076,79,207194
15560,0.002204,172.31.40.0-255,66,201142,79,207194
15561,0.002207,172.217.194.0-255,1484,202626,79,207194
15562,0.002256,172.31.40.0-255,66,202692,79,207194
15563,0.002278,172.217.194.0-255,3136,205828,79,207194
15564,0.002281,172.31.40.0-255,66,205894,79,207194
15565,0.002284,172.217.194.0-255,97,205991,79,207194
15566,0.002286,172.217.194.0-255,105,206096,79,207194
15567,0.002288,172.217.194.0-255,129,206225,79,207194
15568,0.010851,172.31.40.0-255,105,206330,79,207194
15569,0.010903,172.31.40.0-255,105,206435,79,207194
15570,0.011161,172.31.40.0-255,90,206525,79,207194
15571,0.011171,172.31.40.0-255,66,206591,79,207194
15572,0.011689,172.217.194.0-255,129,206720,79,207194
15573,0.011701,172.31.40.0-255,78,206798,79,207194
15574,0.013118,172.217.194.0-255,66,206864,79,207194
15575,0.01314,172.217.194.0-255,66,206930,79,207194
15576,0.013367,172.217.194.0-255,66,206996,79,207194
15577,0.013399,172.217.194.0-255,66,207062,79,207194
15578,0.013404,172.31.40.0-255,66,207128,79,207194
15579,0.013416,172.217.194.0-255,66,207194,79,207194
15580,0.0,74.125.24.0-255,146,146,79,167259
15581,1.5e-05,172.31.40.0-255,66,212,79,167259
15582,2.1e-05,74.125.24.0-255,1484,1696,79,167259
15583,2.6e-05,172.31.40.0-255,66,1762,79,167259
15584,2.9e-05,74.125.24.0-255,1484,3246,79,167259
15585,3.1e-05,172.31.40.0-255,66,3312,79,167259
15586,6e-05,74.125.24.0-255,1484,4796,79,167259
15587,6.3e-05,172.31.40.0-255,66,4862,79,167259
15588,7.1e-05,74.125.24.0-255,1484,6346,79,167259
15589,7.3e-05,172.31.40.0-255,66,6412,79,167259
15590,7.8e-05,74.125.24.0-255,2902,9314,79,167259
15591,8.1e-05,172.31.40.0-255,66,9380,79,167259
15592,8.9e-05,74.125.24.0-255,6237,15617,79,167259
15593,9.1e-05,172.31.40.0-255,66,15683,79,167259
15594,9.6e-05,74.125.24.0-255,4320,20003,79,167259
15595,9.9e-05,172.31.40.0-255,66,20069,79,167259
15596,0.000143,74.125.24.0-255,5738,25807,79,167259
15597,0.000146,172.31.40.0-255,66,25873,79,167259
15598,0.000176,74.125.24.0-255,5379,31252,79,167259
15599,0.000178,172.31.40.0-255,66,31318,79,167259
15600,0.000222,74.125.24.0-255,1484,32802,79,167259
15601,0.000225,172.31.40.0-255,66,32868,79,167259
15602,0.000244,74.125.24.0-255,2902,35770,79,167259
15603,0.000247,172.31.40.0-255,66,35836,79,167259
15604,0.000252,74.125.24.0-255,4320,40156,79,167259
15605,0.000255,172.31.40.0-255,66,40222,79,167259
15606,0.000274,74.125.24.0-255,1484,41706,79,167259
15607,0.000276,172.31.40.0-255,66,41772,79,167259
15608,0.000311,172.31.40.0-255,66,41838,79,167259
15609,0.000321,172.31.40.0-255,66,41904,79,167259
15610,0.00035,74.125.24.0-255,1437,43341,79,167259
15611,0.000378,74.125.24.0-255,110,43451,79,167259
15612,0.000545,74.125.24.0-255,1484,44935,79,167259
15613,0.00055,172.31.40.0-255,66,45001,79,167259
15614,0.000556,74.125.24.0-255,2902,47903,79,167259
15615,0.000559,172.31.40.0-255,66,47969,79,167259
15616,0.000565,74.125.24.0-255,5738,53707,79,167259
15617,0.000573,172.31.40.0-255,66,53773,79,167259
15618,0.000603,172.31.40.0-255,66,53839,79,167259
15619,0.000634,74.125.24.0-255,5379,59218,79,167259
15620,0.000641,172.31.40.0-255,66,59284,79,167259
15621,0.000652,172.31.40.0-255,66,59350,79,167259
15622,0.000655,74.125.24.0-255,1125,60475,79,167259
15623,0.000853,74.125.24.0-255,1484,61959,79,167259
15624,0.000858,172.31.40.0-255,66,62025,79,167259
15625,0.000863,74.125.24.0-255,2902,64927,79,167259
15626,0.000865,172.31.40.0-255,66,64993,79,167259
15627,0.00087,74.125.24.0-255,2902,67895,79,167259
15628,0.000872,172.31.40.0-255,66,67961,79,167259
15629,0.00091,74.125.24.0-255,2902,70863,79,167259
15630,0.000913,172.31.40.0-255,66,70929,79,167259
15631,0.000927,172.31.40.0-255,66,70995,79,167259
15632,0.000943,172.31.40.0-255,66,71061,79,167259
15633,0.000946,74.125.24.0-255,766,71827,79,167259
15634,0.000973,74.125.24.0-255,1484,73311,79,167259
15635,0.000976,172.31.40.0-255,66,73377,79,167259
15636,0.000981,74.125.24.0-255,4320,77697,79,167259
15637,0.000984,172.31.40.0-255,66,77763,79,167259
15638,0.001014,172.31.40.0-255,66,77829,79,167259
15639,0.001024,74.125.24.0-255,4320,82149,79,167259
15640,0.001026,172.31.40.0-255,66,82215,79,167259
15641,0.001057,74.125.24.0-255,1484,83699,79,167259
15642,0.001095,172.31.40.0-255,66,83765,79,167259
15643,0.00113,74.125.24.0-255,1484,85249,79,167259
15644,0.001135,74.125.24.0-255,2902,88151,79,167259
15645,0.001138,172.31.40.0-255,66,88217,79,167259
15646,0.001141,74.125.24.0-255,1484,89701,79,167259
15647,0.001166,74.125.24.0-255,4320,94021,79,167259
15648,0.001169,172.31.40.0-255,66,94087,79,167259
15649,0.001176,74.125.24.0-255,7156,101243,79,167259
15650,0.001178,172.31.40.0-255,66,101309,79,167259
15651,0.001181,74.125.24.0-255,1484,102793,79,167259
15652,0.001226,172.31.40.0-255,66,102859,79,167259
15653,0.00123,74.125.24.0-255,2184,105043,79,167259
15654,0.001232,172.31.40.0-255,66,105109,79,167259
15655,0.001262,74.125.24.0-255,2902,108011,79,167259
15656,0.001265,172.31.40.0-255,66,108077,79,167259
15657,0.001271,74.125.24.0-255,4320,112397,79,167259
15658,0.001273,172.31.40.0-255,66,112463,79,167259
15659,0.001279,74.125.24.0-255,5738,118201,79,167259
15660,0.001282,172.31.40.0-255,66,118267,79,167259
15661,0.001307,74.125.24.0-255,2902,121169,79,167259
15662,0.001323,172.31.40.0-255,66,121235,79,167259
15663,0.001336,172.31.40.0-255,66,121301,79,167259
15664,0.001376,172.31.40.0-255,66,121367,79,167259
15665,0.001378,74.125.24.0-255,1484,122851,79,167259
15666,0.001382,74.125.24.0-255,2902,125753,79,167259
15667,0.001385,172.31.40.0-255,66,125819,79,167259
15668,0.001417,74.125.24.0-255,5738,131557,79,167259
15669,0.00142,172.31.40.0-255,66,131623,79,167259
15670,0.001437,172.31.40.0-255,66,131689,79,167259
15671,0.00145,172.31.40.0-255,66,131755,79,167259
15672,0.001482,74.125.24.0-255,1484,133239,79,167259
15673,0.001487,74.125.24.0-255,2184,135423,79,167259
15674,0.00149,172.31.40.0-255,66,135489,79,167259
15675,0.001494,74.125.24.0-255,2902,138391,79,167259
15676,0.001496,172.31.40.0-255,66,138457,79,167259
15677,0.001499,74.125.24.0-255,1484,139941,79,167259
15678,0.001538,74.125.24.0-255,5738,145679,79,167259
15679,0.001541,172.31.40.0-255,66,145745,79,167259
15680,0.001549,74.125.24.0-255,7156,152901,79,167259
15681,0.001551,172.31.40.0-255,66,152967,79,167259
15682,0.001571,172.31.40.0-255,66,153033,79,167259
15683,0.001585,172.31.40.0-255,66,153099,79,167259
15684,0.001644,172.31.40.0-255,66,153165,79,167259
15685,0.001687,74.125.24.0-255,2902,156067,79,167259
15686,0.00169,172.31.40.0-255,66,156133,79,167259
15687,0.001706,172.31.40.0-255,66,156199,79,167259
15688,0.001718,172.31.40.0-255,66,156265,79,167259
15689,0.001729,172.31.40.0-255,66,156331,79,167259
15690,0.001743,172.31.40.0-255,66,156397,79,167259
15691,0.001914,74.125.24.0-255,1484,157881,79,167259
15692,0.00192,74.125.24.0-255,2902,160783,79,167259
15693,0.001925,172.31.40.0-255,66,160849,79,167259
15694,0.001942,74.125.24.0-255,5738,166587,79,167259
15695,0.001947,172.31.40.0-255,66,166653,79,167259
15696,0.001983,172.31.40.0-255,66,166719,79,167259
15697,0.001993,172.31.40.0-255,66,166785,79,167259
15698,0.002005,172.31.40.0-255,66,166851,79,167259
15699,0.002041,172.31.40.0-255,66,166917,79,167259
15700,0.004058,74.125.24.0-255,105,167022,79,167259
15701,0.004861,172.31.40.0-255,66,167088,79,167259
15702,0.0049,172.31.40.0-255,105,167193,79,167259
15703,0.006881,74.125.24.0-255,66,167259,79,167259
15704,0.0,74.125.130.0-255,153,153,79,208494
15705,2.3e-05,172.31.40.0-255,66,219,79,208494
15706,3.1e-05,74.125.130.0-255,1484,1703,79,208494
15707,3.5e-05,172.31.40.0-255,66,1769,79,208494
15708,3.9e-05,74.125.130.0-255,1484,3253,79,208494
15709,4.2e-05,172.31.40.0-255,66,3319,79,208494
15710,4.8e-05,74.125.130.0-255,2902,6221,79,208494
15711,5.1e-05,172.31.40.0-255,66,6287,79,208494
15712,5.6e-05,74.125.130.0-255,2902,9189,79,208494
15713,5.9e-05,172.31.40.0-255,66,9255,79,208494
15714,8.4e-05,74.125.130.0-255,2902,12157,79,208494
15715,8.7e-05,172.31.40.0-255,66,12223,79,208494
15716,9.2e-05,74.125.130.0-255,1911,14134,79,208494
15717,9.5e-05,172.31.40.0-255,66,14200,79,208494
15718,0.000273,74.125.130.0-255,1484,15684,79,208494
15719,0.000279,172.31.40.0-255,66,15750,79,208494
15720,0.000285,74.125.130.0-255,2902,18652,79,208494
15721,0.000288,172.31.40.0-255,66,18718,79,208494
15722,0.000316,74.125.130.0-255,4320,23038,79,208494
15723,0.000319,172.31.40.0-255,66,23104,79,208494
15724,0.000334,74.125.130.0-255,2902,26006,79,208494
15725,0.000337,172.31.40.0-255,66,26072,79,208494
15726,0.000358,74.125.130.0-255,5379,31451,79,208494
15727,0.000361,172.31.40.0-255,66,31517,79,208494
15728,0.000369,74.125.130.0-255,7156,38673,79,208494
15729,0.000371,172.31.40.0-255,66,38739,79,208494
15730,0.000386,74.125.130.0-255,1484,40223,79,208494
15731,0.000388,172.31.40.0-255,66,40289,79,208494
15732,0.000394,74.125.130.0-255,4320,44609,79,208494
15733,0.000397,172.31.40.0-255,66,44675,79,208494
15734,0.00041,74.125.130.0-255,4320,48995,79,208494
15735,0.000413,172.31.40.0-255,66,49061,79,208494
15736,0.000445,74.125.130.0-255,7156,56217,79,208494
15737,0.000464,74.125.130.0-255,5738,61955,79,208494
15738,0.000476,74.125.130.0-255,2902,64857,79,208494
15739,0.000479,74.125.130.0-255,766,65623,79,208494
15740,0.000484,172.31.40.0-255,66,65689,79,208494
15741,0.000895,74.125.130.0-255,378,66067,79,208494
15742,0.000912,74.125.130.0-255,99,66166,79,208494
15743,0.001024,172.31.40.0-255,66,66232,79,208494
15744,0.001305,74.125.130.0-255,1484,67716,79,208494
15745,0.001316,74.125.130.0-255,2902,70618,79,208494
15746,0.00132,172.31.40.0-255,66,70684,79,208494
15747,0.001347,74.125.130.0-255,5738,76422,79,208494
15748,0.001352,74.125.130.0-255,2902,79324,79,208494
15749,0.001357,74.125.130.0-255,4320,83644,79,208494
15750,0.001403,74.125.130.0-255,4320,87964,79,208494
15751,0.00143,74.125.130.0-255,5738,93702,79,208494
15752,0.001445,74.125.130.0-255,1484,95186,79,208494
15753,0.001464,74.125.130.0-255,5020,100206,79,208494
15754,0.001532,74.125.130.0-255,1484,101690,79,208494
15755,0.001551,74.125.130.0-255,2902,104592,79,208494
15756,0.001554,74.125.130.0-255,1484,106076,79,208494
15757,0.001571,74.125.130.0-255,2902,108978,79,208494
15758,0.001601,74.125.130.0-255,4320,113298,79,208494
15759,0.001621,74.125.130.0-255,5738,119036,79,208494
15760,0.001649,74.125.130.0-255,4320,123356,79,208494
15761,0.001663,74.125.130.0-255,2184,125540,79,208494
15762,0.001687,74.125.130.0-255,7156,132696,79,208494
15763,0.001727,74.125.130.0-255,2902,135598,79,208494
15764,0.001743,74.125.130.0-255,1484,137082,79,208494
15765,0.001785,74.125.130.0-255,2184,139266,79,208494
15766,0.001788,74.125.130.0-255,364,139630,79,208494
15767,0.002223,74.125.130.0-255,1484,141114,79,208494
15768,0.002231,74.125.130.0-255,2902,144016,79,208494
15769,0.002251,74.125.130.0-255,5738,149754,79,208494
15770,0.002255,74.125.130.0-255,1484,151238,79,208494
15771,0.002269,74.125.130.0-255,2902,154140,79,208494
15772,0.002272,74.125.130.0-255,1484,155624,79,208494
15773,0.002291,74.125.130.0-255,4320,159944,79,208494
15774,0.002308,74.125.130.0-255,4320,164264,79,208494
15775,0.00234,74.125.130.0-255,7156,171420,79,208494
15776,0.002344,74.125.130.0-255,2184,173604,79,208494
15777,0.003932,172.31.40.0-255,66,173670,79,208494
15778,0.006506,74.125.130.0-255,5738,179408,79,208494
15779,0.006512,172.31.40.0-255,66,179474,79,208494
15780,0.009075,74.125.130.0-255,5738,185212,79,208494
15781,0.009082,172.31.40.0-255,66,185278,79,208494
15782,0.011648,74.125.130.0-255,5738,191016,79,208494
15783,0.011658,172.31.40.0-255,66,191082,79,208494
15784,0.014226,74.125.130.0-255,5738,196820,79,208494
15785,0.014233,172.31.40.0-255,66,196886,79,208494
15786,0.01681,74.125.130.0-255,5738,202624,79,208494
15787,0.016821,172.31.40.0-255,66,202690,79,208494
15788,0.019391,74.125.130.0-255,5738,208428,79,208494
15789,0.019405,172.31.40.0-255,66,208494,79,208494
15790,0.0,172.217.194.0-255,150,150,79,142436
15791,1.7e-05,172.31.40.0-255,66,216,79,142436
15792,2.4e-05,172.217.194.0-255,1484,1700,79,142436
15793,2.9e-05,172.31.40.0-255,66,1766,79,142436
15794,3.5e-05,172.217.194.0-255,2902,4668,79,142436
15795,4.6e-05,172.31.40.0-255,66,4734,79,142436
15796,5.3e-05,172.217.194.0-255,7156,11890,79,142436
15797,5.7e-05,172.31.40.0-255,66,11956,79,142436
15798,0.000105,172.31.40.0-255,66,12022,79,142436
15799,0.000109,172.217.194.0-255,2543,14565,79,142436
15800,0.000111,172.31.40.0-255,66,14631,79,142436
15801,0.000149,172.217.194.0-255,1484,16115,79,142436
15802,0.000151,172.31.40.0-255,66,16181,79,142436
15803,0.00016,172.217.194.0-255,2902,19083,79,142436
15804,0.000163,172.31.40.0-255,66,19149,79,142436
15805,0.000167,172.217.194.0-255,2902,22051,79,142436
15806,0.000169,172.31.40.0-255,66,22117,79,142436
15807,0.000181,172.217.194.0-255,2902,25019,79,142436
15808,0.000183,172.31.40.0-255,66,25085,79,142436
15809,0.000208,172.217.194.0-255,7156,32241,79,142436
15810,0.000214,172.31.40.0-255,66,32307,79,142436
15811,0.000242,172.217.194.0-255,6797,39104,79,142436
15812,0.000245,172.31.40.0-255,66,39170,79,142436
15813,0.000256,172.31.40.0-255,66,39236,79,142436
15814,0.000263,172.217.194.0-255,1448,40684,79,142436
15815,0.000265,172.31.40.0-255,66,40750,79,142436
15816,0.000595,172.217.194.0-255,364,41114,79,142436
15817,0.0006,172.31.40.0-255,66,41180,79,142436
15818,0.000794,172.217.194.0-255,1484,42664,79,142436
15819,0.000802,172.31.40.0-255,66,42730,79,142436
15820,0.00081,172.217.194.0-255,2902,45632,79,142436
15821,0.000812,172.31.40.0-255,66,45698,79,142436
15822,0.000818,172.217.194.0-255,5738,51436,79,142436
15823,0.000824,172.31.40.0-255,66,51502,79,142436
15824,0.00087,172.31.40.0-255,66,51568,79,142436
15825,0.000881,172.31.40.0-255,66,51634,79,142436
15826,0.00089,172.217.194.0-255,2184,53818,79,142436
15827,0.000892,172.31.40.0-255,66,53884,79,142436
15828,0.001615,172.217.194.0-255,1484,55368,79,142436
15829,0.001624,172.217.194.0-255,2902,58270,79,142436
15830,0.001628,172.31.40.0-255,66,58336,79,142436
15831,0.001635,172.217.194.0-255,5738,64074,79,142436
15832,0.001637,172.31.40.0-255,66,64140,79,142436
15833,0.001674,172.31.40.0-255,66,64206,79,142436
15834,0.001685,172.31.40.0-255,66,64272,79,142436
15835,0.001719,172.217.194.0-255,2184,66456,79,142436
15836,0.001721,172.31.40.0-255,66,66522,79,142436
15837,0.002044,172.217.194.0-255,1484,68006,79,142436
15838,0.002054,172.217.194.0-255,2902,70908,79,142436
15839,0.002058,172.31.40.0-255,66,70974,79,142436
15840,0.002065,172.217.194.0-255,5738,76712,79,142436
15841,0.002067,172.31.40.0-255,66,76778,79,142436
15842,0.002072,172.217.194.0-255,2902,79680,79,142436
15843,0.002078,172.31.40.0-255,66,79746,79,142436
15844,0.002137,172.217.194.0-255,7156,86902,79,142436
15845,0.002141,172.31.40.0-255,66,86968,79,142436
15846,0.002155,172.31.40.0-255,66,87034,79,142436
15847,0.002237,172.217.194.0-255,1484,88518,79,142436
15848,0.002264,172.217.194.0-255,2902,91420,79,142436
15849,0.002267,172.31.40.0-255,66,91486,79,142436
15850,0.002273,172.217.194.0-255,5738,97224,79,142436
15851,0.002276,172.31.40.0-255,66,97290,79,142436
15852,0.002281,172.217.194.0-255,4320,101610,79,142436
15853,0.002287,172.31.40.0-255,66,101676,79,142436
15854,0.002325,172.31.40.0-255,66,101742,79,142436
15855,0.002337,172.31.40.0-255,66,101808,79,142436
15856,0.004616,172.217.194.0-255,5738,107546,79,142436
15857,0.004622,172.31.40.0-255,66,107612,79,142436
15858,0.006917,172.217.194.0-255,5738,113350,79,142436
15859,0.006922,172.31.40.0-255,66,113416,79,142436
15860,0.009197,172.217.194.0-255,5738,119154,79,142436
15861,0.009204,172.31.40.0-255,66,119220,79,142436
15862,0.011491,172.217.194.0-255,5738,124958,79,142436
15863,0.011498,172.31.40.0-255,66,125024,79,142436
15864,0.01378,172.217.194.0-255,5738,130762,79,142436
15865,0.01379,172.31.40.0-255,66,130828,79,142436
15866,0.016066,172.217.194.0-255,5738,136566,79,142436
15867,0.016074,172.31.40.0-255,66,136632,79,142436
15868,0.018355,172.217.194.0-255,5738,142370,79,142436
15869,0.018362,172.31.40.0-255,66,142436,79,142436
15870,0.0,172.217.194.0-255,153,153,79,213681
15871,2e-05,172.31.40.0-255,66,219,79,213681
15872,2.8e-05,172.217.194.0-255,1484,1703,79,213681
15873,3.2e-05,172.31.40.0-255,66,1769,79,213681
15874,3.8e-05,172.217.194.0-255,2902,4671,79,213681
15875,4.1e-05,172.31.40.0-255,66,4737,79,213681
15876,5e-05,172.217.194.0-255,7156,11893,79,213681
15877,5.2e-05,172.31.40.0-255,66,11959,79,213681
15878,5.8e-05,172.217.194.0-255,4320,16279,79,213681
15879,6.1e-05,172.31.40.0-255,66,16345,79,213681
15880,8.7e-05,172.217.194.0-255,3400,19745,79,213681
15881,9e-05,172.31.40.0-255,66,19811,79,213681
15882,0.000108,172.217.194.0-255,1484,21295,79,213681
15883,0.00011,172.31.40.0-255,66,21361,79,213681
15884,0.000141,172.31.40.0-255,66,21427,79,213681
15885,0.000156,172.217.194.0-255,1484,22911,79,213681
15886,0.000158,172.31.40.0-255,66,22977,79,213681
15887,0.000161,172.217.194.0-255,1484,24461,79,213681
15888,0.000164,172.31.40.0-255,66,24527,79,213681
15889,0.000181,172.217.194.0-255,1484,26011,79,213681
15890,0.000183,172.31.40.0-255,66,26077,79,213681
15891,0.00019,172.217.194.0-255,5738,31815,79,213681
15892,0.000192,172.31.40.0-255,66,31881,79,213681
15893,0.000227,172.31.40.0-255,66,31947,79,213681
15894,0.000243,172.217.194.0-255,1125,33072,79,213681
15895,0.000245,172.31.40.0-255,66,33138,79,213681
15896,0.00025,172.217.194.0-255,2902,36040,79,213681
15897,0.000253,172.31.40.0-255,66,36106,79,213681
15898,0.000257,172.217.194.0-255,2902,39008,79,213681
15899,0.000259,172.31.40.0-255,66,39074,79,213681
15900,0.000288,172.217.194.0-255,4549,43623,79,213681
15901,0.00029,172.31.40.0-255,66,43689,79,213681
15902,0.000369,172.217.194.0-255,1484,45173,79,213681
15903,0.000376,172.217.194.0-255,2902,48075,79,213681
15904,0.000379,172.31.40.0-255,66,48141,79,213681
15905,0.000407,172.217.194.0-255,5738,53879,79,213681
15906,0.00041,172.31.40.0-255,66,53945,79,213681
15907,0.000414,172.217.194.0-255,2902,56847,79,213681
15908,0.000416,172.31.40.0-255,66,56913,79,213681
15909,0.000439,172.217.194.0-255,1484,58397,79,213681
15910,0.000463,172.31.40.0-255,66,58463,79,213681
15911,0.000469,172.217.194.0-255,4320,62783,79,213681
15912,0.000471,172.31.40.0-255,66,62849,79,213681
15913,0.000483,172.217.194.0-255,1484,64333,79,213681
15914,0.00053,172.31.40.0-255,66,64399,79,213681
15915,0.000559,172.217.194.0-255,5738,70137,79,213681
15916,0.000562,172.31.40.0-255,66,70203,79,213681
15917,0.000582,172.217.194.0-255,3961,74164,79,213681
15918,0.000584,172.31.40.0-255,66,74230,79,213681
15919,0.000658,172.217.194.0-255,1484,75714,79,213681
15920,0.000676,172.217.194.0-255,2902,78616,79,213681
15921,0.000679,172.31.40.0-255,66,78682,79,213681
15922,0.000685,172.217.194.0-255,4320,83002,79,213681
15923,0.000688,172.31.40.0-255,66,83068,79,213681
15924,0.000699,172.217.194.0-255,1484,84552,79,213681
15925,0.000705,172.217.194.0-255,5738,90290,79,213681
15926,0.000708,172.31.40.0-255,66,90356,79,213681
15927,0.000724,172.217.194.0-255,7156,97512,79,213681
15928,0.000737,172.31.40.0-255,66,97578,79,213681
15929,0.00074,172.31.40.0-255,66,97644,79,213681
15930,0.000764,172.217.194.0-255,2902,100546,79,213681
15931,0.000766,172.31.40.0-255,66,100612,79,213681
15932,0.000798,172.217.194.0-255,6438,107050,79,213681
15933,0.000801,172.31.40.0-255,66,107116,79,213681
15934,0.000813,172.31.40.0-255,66,107182,79,213681
15935,0.000816,172.217.194.0-255,1484,108666,79,213681
15936,0.00086,172.31.40.0-255,66,108732,79,213681
15937,0.000906,172.217.194.0-255,1484,110216,79,213681
15938,0.000928,172.217.194.0-255,2902,113118,79,213681
15939,0.000932,172.31.40.0-255,66,113184,79,213681
15940,0.000937,172.217.194.0-255,2902,116086,79,213681
15941,0.000939,172.31.40.0-255,66,116152,79,213681
15942,0.000954,172.217.194.0-255,2902,119054,79,213681
15943,0.000957,172.31.40.0-255,66,119120,79,213681
15944,0.000963,172.217.194.0-255,5738,124858,79,213681
15945,0.000966,172.31.40.0-255,66,124924,79,213681
15946,0.000993,172.217.194.0-255,7156,132080,79,213681
15947,0.000996,172.31.40.0-255,66,132146,79,213681
15948,0.001009,172.31.40.0-255,66,132212,79,213681
15949,0.001072,172.31.40.0-255,66,132278,79,213681
15950,0.001083,172.31.40.0-255,66,132344,79,213681
15951,0.001096,172.31.40.0-255,66,132410,79,213681
15952,0.001117,172.217.194.0-255,3602,136012,79,213681
15953,0.001119,172.31.40.0-255,66,136078,79,213681
15954,0.001938,172.217.194.0-255,1484,137562,79,213681
15955,0.001945,172.217.194.0-255,2902,140464,79,213681
15956,0.001949,172.31.40.0-255,66,140530,79,213681
15957,0.001954,172.217.194.0-255,2902,143432,79,213681
15958,0.001956,172.31.40.0-255,66,143498,79,213681
15959,0.001974,172.217.194.0-255,2902,146400,79,213681
15960,0.001976,172.31.40.0-255,66,146466,79,213681
15961,0.001982,172.217.194.0-255,4320,150786,79,213681
15962,0.001985,172.31.40.0-255,66,150852,79,213681
15963,0.002023,172.31.40.0-255,66,150918,79,213681
15964,0.002035,172.31.40.0-255,66,150984,79,213681
15965,0.002075,172.217.194.0-255,1484,152468,79,213681
15966,0.00208,172.217.194.0-255,2902,155370,79,213681
15967,0.002082,172.31.40.0-255,66,155436,79,213681
15968,0.002096,172.217.194.0-255,2902,158338,79,213681
15969,0.002098,172.31.40.0-255,66,158404,79,213681
15970,0.002112,172.217.194.0-255,2902,161306,79,213681
15971,0.002114,172.31.40.0-255,66,161372,79,213681
15972,0.002117,172.217.194.0-255,1484,162856,79,213681
15973,0.00212,172.217.194.0-255,1484,164340,79,213681
15974,0.002122,172.31.40.0-255,66,164406,79,213681
15975,0.002159,172.31.40.0-255,66,164472,79,213681
15976,0.002164,172.217.194.0-255,4320,168792,79,213681
15977,0.002167,172.31.40.0-255,66,168858,79,213681
15978,0.002188,172.31.40.0-255,66,168924,79,213681
15979,0.002196,172.217.194.0-255,5738,174662,79,213681
15980,0.002198,172.31.40.0-255,66,174728,79,213681
15981,0.002212,172.217.194.0-255,7156,181884,79,213681
15982,0.002215,172.31.40.0-255,66,181950,79,213681
15983,0.002218,172.217.194.0-255,1484,183434,79,213681
15984,0.002257,172.31.40.0-255,66,183500,79,213681
15985,0.002264,172.217.194.0-255,5738,189238,79,213681
15986,0.002266,172.31.40.0-255,66,189304,79,213681
15987,0.002302,172.217.194.0-255,7156,196460,79,213681
15988,0.002307,172.31.40.0-255,66,196526,79,213681
15989,0.002311,172.31.40.0-255,66,196592,79,213681
15990,0.002333,172.217.194.0-255,5738,202330,79,213681
15991,0.002336,172.31.40.0-255,66,202396,79,213681
15992,0.002372,172.31.40.0-255,66,202462,79,213681
15993,0.002409,172.217.194.0-255,5738,208200,79,213681
15994,0.002411,172.31.40.0-255,66,208266,79,213681
15995,0.002435,172.31.40.0-255,66,208332,79,213681
15996,0.002441,172.217.194.0-255,4844,213176,79,213681
15997,0.002443,172.31.40.0-255,66,213242,79,213681
15998,0.002446,172.217.194.0-255,97,213339,79,213681
15999,0.002449,172.217.194.0-255,105,213444,79,213681
16000,0.008993,172.31.40.0-255,66,213510,79,213681
16001,0.009031,172.31.40.0-255,105,213615,79,213681
16002,0.01162,172.217.194.0-255,66,213681,79,213681
16003,0.0,74.125.130.0-255,153,153,79,175895
16004,1.5e-05,172.31.40.0-255,66,219,79,175895
16005,2.1e-05,74.125.130.0-255,1484,1703,79,175895
16006,2.5e-05,172.31.40.0-255,66,1769,79,175895
16007,2.9e-05,74.125.130.0-255,1484,3253,79,175895
16008,3.2e-05,172.31.40.0-255,66,3319,79,175895
16009,6.9e-05,74.125.130.0-255,1484,4803,79,175895
16010,7.2e-05,172.31.40.0-255,66,4869,79,175895
16011,8e-05,74.125.130.0-255,5738,10607,79,175895
16012,8.3e-05,172.31.40.0-255,66,10673,79,175895
16013,8.5e-05,74.125.130.0-255,1484,12157,79,175895
16014,8.7e-05,172.31.40.0-255,66,12223,79,175895
16015,9.2e-05,74.125.130.0-255,2000,14223,79,175895
16016,9.5e-05,172.31.40.0-255,66,14289,79,175895
16017,0.000132,74.125.130.0-255,2902,17191,79,175895
16018,0.000135,172.31.40.0-255,66,17257,79,175895
16019,0.000156,74.125.130.0-255,1484,18741,79,175895
16020,0.00016,172.31.40.0-255,66,18807,79,175895
16021,0.000199,74.125.130.0-255,2902,21709,79,175895
16022,0.000202,172.31.40.0-255,66,21775,79,175895
16023,0.000211,74.125.130.0-255,7156,28931,79,175895
16024,0.000213,172.31.40.0-255,66,28997,79,175895
16025,0.000246,74.125.130.0-255,2543,31540,79,175895
16026,0.000248,172.31.40.0-255,66,31606,79,175895
16027,0.000349,74.125.130.0-255,1484,33090,79,175895
16028,0.000353,172.31.40.0-255,66,33156,79,175895
16029,0.000358,74.125.130.0-255,2902,36058,79,175895
16030,0.000361,172.31.40.0-255,66,36124,79,175895
16031,0.000381,74.125.130.0-255,1484,37608,79,175895
16032,0.000387,172.31.40.0-255,66,37674,79,175895
16033,0.000392,74.125.130.0-255,2902,40576,79,175895
16034,0.000394,172.31.40.0-255,66,40642,79,175895
16035,0.000401,74.125.130.0-255,5738,46380,79,175895
16036,0.000403,172.31.40.0-255,66,46446,79,175895
16037,0.000452,172.31.40.0-255,66,46512,79,175895
16038,0.000459,74.125.130.0-255,5738,52250,79,175895
16039,0.000461,172.31.40.0-255,66,52316,79,175895
16040,0.000489,74.125.130.0-255,766,53082,79,175895
16041,0.000623,74.125.130.0-255,379,53461,79,175895
16042,0.00092,74.125.130.0-255,98,53559,79,175895
16043,0.000973,74.125.130.0-255,1484,55043,79,175895
16044,0.000977,172.31.40.0-255,66,55109,79,175895
16045,0.000983,74.125.130.0-255,2902,58011,79,175895
16046,0.000986,172.31.40.0-255,66,58077,79,175895
16047,0.00099,74.125.130.0-255,2902,60979,79,175895
16048,0.000992,172.31.40.0-255,66,61045,79,175895
16049,0.001015,74.125.130.0-255,4320,65365,79,175895
16050,0.001022,172.31.40.0-255,66,65431,79,175895
16051,0.001057,172.31.40.0-255,66,65497,79,175895
16052,0.001063,74.125.130.0-255,4320,69817,79,175895
16053,0.001065,172.31.40.0-255,66,69883,79,175895
16054,0.001071,74.125.130.0-255,4320,74203,79,175895
16055,0.001077,172.31.40.0-255,66,74269,79,175895
16056,0.001099,74.125.130.0-255,1484,75753,79,175895
16057,0.001105,74.125.130.0-255,3602,79355,79,175895
16058,0.001107,172.31.40.0-255,66,79421,79,175895
16059,0.001762,74.125.130.0-255,1484,80905,79,175895
16060,0.001772,74.125.130.0-255,2902,83807,79,175895
16061,0.001777,172.31.40.0-255,66,83873,79,175895
16062,0.001824,74.125.130.0-255,5738,89611,79,175895
16063,0.001828,172.31.40.0-255,66,89677,79,175895
16064,0.001834,74.125.130.0-255,2902,92579,79,175895
16065,0.001836,172.31.40.0-255,66,92645,79,175895
16066,0.001847,74.125.130.0-255,4320,96965,79,175895
16067,0.001849,172.31.40.0-255,66,97031,79,175895
16068,0.001877,74.125.130.0-255,4320,101351,79,175895
16069,0.001879,172.31.40.0-255,66,101417,79,175895
16070,0.001909,74.125.130.0-255,4320,105737,79,175895
16071,0.001912,172.31.40.0-255,66,105803,79,175895
16072,0.001941,74.125.130.0-255,5738,111541,79,175895
16073,0.001943,172.31.40.0-255,66,111607,79,175895
16074,0.00197,74.125.130.0-255,2184,113791,79,175895
16075,0.001973,172.31.40.0-255,66,113857,79,175895
16076,0.002033,74.125.130.0-255,1484,115341,79,175895
16077,0.002039,74.125.130.0-255,2902,118243,79,175895
16078,0.002042,172.31.40.0-255,66,118309,79,175895
16079,0.00207,74.125.130.0-255,5738,124047,79,175895
16080,0.002073,172.31.40.0-255,66,124113,79,175895
16081,0.002079,74.125.130.0-255,4320,128433,79,175895
16082,0.002081,172.31.40.0-255,66,128499,79,175895
16083,0.002091,74.125.130.0-255,5738,134237,79,175895
16084,0.002093,172.31.40.0-255,66,134303,79,175895
16085,0.002132,172.31.40.0-255,66,134369,79,175895
16086,0.002136,74.125.130.0-255,2184,136553,79,175895
16087,0.002138,172.31.40.0-255,66,136619,79,175895
16088,0.00444,74.125.130.0-255,4320,140939,79,175895
16089,0.004448,172.31.40.0-255,66,141005,79,175895
16090,0.004462,74.125.130.0-255,1484,142489,79,175895
16091,0.006767,74.125.130.0-255,4320,146809,79,175895
16092,0.006773,172.31.40.0-255,66,146875,79,175895
16093,0.009088,74.125.130.0-255,5738,152613,79,175895
16094,0.009095,172.31.40.0-255,66,152679,79,175895
16095,0.011423,74.125.130.0-255,5738,158417,79,175895
16096,0.011431,172.31.40.0-255,66,158483,79,175895
16097,0.01376,74.125.130.0-255,5738,164221,79,175895
16098,0.013768,172.31.40.0-255,66,164287,79,175895
16099,0.016096,74.125.130.0-255,5738,170025,79,175895
16100,0.016106,172.31.40.0-255,66,170091,79,175895
16101,0.018435,74.125.130.0-255,5738,175829,79,175895
16102,0.018444,172.31.40.0-255,66,175895,79,175895
16103,0.0,74.125.24.0-255,153,153,79,175800
16104,2.4e-05,172.31.40.0-255,66,219,79,175800
16105,3.1e-05,74.125.24.0-255,1484,1703,79,175800
16106,3.6e-05,172.31.40.0-255,66,1769,79,175800
16107,4.1e-05,74.125.24.0-255,2902,4671,79,175800
16108,5.2e-05,172.31.40.0-255,66,4737,79,175800
16109,6e-05,74.125.24.0-255,7156,11893,79,175800
16110,6.2e-05,172.31.40.0-255,66,11959,79,175800
16111,6.7e-05,74.125.24.0-255,2101,14060,79,175800
16112,7e-05,172.31.40.0-255,66,14126,79,175800
16113,0.000237,74.125.24.0-255,1484,15610,79,175800
16114,0.000242,172.31.40.0-255,66,15676,79,175800
16115,0.000249,74.125.24.0-255,2902,18578,79,175800
16116,0.000252,172.31.40.0-255,66,18644,79,175800
16117,0.000258,74.125.24.0-255,5738,24382,79,175800
16118,0.000265,172.31.40.0-255,66,24448,79,175800
16119,0.000305,74.125.24.0-255,6797,31245,79,175800
16120,0.000308,172.31.40.0-255,66,31311,79,175800
16121,0.000455,74.125.24.0-255,1484,32795,79,175800
16122,0.000459,172.31.40.0-255,66,32861,79,175800
16123,0.000465,74.125.24.0-255,2902,35763,79,175800
16124,0.000467,172.31.40.0-255,66,35829,79,175800
16125,0.000479,74.125.24.0-255,5738,41567,79,175800
16126,0.000481,172.31.40.0-255,66,41633,79,175800
16127,0.000485,74.125.24.0-255,1484,43117,79,175800
16128,0.000486,172.31.40.0-255,66,43183,79,175800
16129,0.000521,74.125.24.0-255,2902,46085,79,175800
16130,0.000524,172.31.40.0-255,66,46151,79,175800
16131,0.000529,74.125.24.0-255,2543,48694,79,175800
16132,0.000531,172.31.40.0-255,66,48760,79,175800
16133,0.000644,74.125.24.0-255,1484,50244,79,175800
16134,0.000647,172.31.40.0-255,66,50310,79,175800
16135,0.000653,74.125.24.0-255,2902,53212,79,175800
16136,0.000655,172.31.40.0-255,66,53278,79,175800
16137,0.000689,74.125.24.0-255,5738,59016,79,175800
16138,0.000692,172.31.40.0-255,66,59082,79,175800
16139,0.000698,74.125.24.0-255,6797,65879,79,175800
16140,0.000701,172.31.40.0-255,66,65945,79,175800
16141,0.000753,74.125.24.0-255,677,66622,79,175800
16142,0.000828,74.125.24.0-255,1484,68106,79,175800
16143,0.000832,172.31.40.0-255,66,68172,79,175800
16144,0.000837,74.125.24.0-255,2902,71074,79,175800
16145,0.000839,172.31.40.0-255,66,71140,79,175800
16146,0.000863,74.125.24.0-255,4320,75460,79,175800
16147,0.000866,172.31.40.0-255,66,75526,79,175800
16148,0.000889,74.125.24.0-255,1484,77010,79,175800
16149,0.000893,74.125.24.0-255,2902,79912,79,175800
16150,0.000898,172.31.40.0-255,66,79978,79,175800
16151,0.00091,74.125.24.0-255,1484,81462,79,175800
16152,0.000936,74.125.24.0-255,2543,84005,79,175800
16153,0.000943,74.125.24.0-255,7156,91161,79,175800
16154,0.000947,172.31.40.0-255,66,91227,79,175800
16155,0.000949,172.31.40.0-255,66,91293,79,175800
16156,0.000992,74.125.24.0-255,5738,97031,79,175800
16157,0.001,172.31.40.0-255,66,97097,79,175800
16158,0.001005,74.125.24.0-255,3961,101058,79,175800
16159,0.001008,172.31.40.0-255,66,101124,79,175800
16160,0.001401,74.125.24.0-255,1484,102608,79,175800
16161,0.001408,74.125.24.0-255,2902,105510,79,175800
16162,0.001411,172.31.40.0-255,66,105576,79,175800
16163,0.001418,74.125.24.0-255,4320,109896,79,175800
16164,0.00142,172.31.40.0-255,66,109962,79,175800
16165,0.001438,74.125.24.0-255,1484,111446,79,175800
16166,0.001446,74.125.24.0-255,7156,118602,79,175800
16167,0.001454,172.31.40.0-255,66,118668,79,175800
16168,0.001469,172.31.40.0-255,66,118734,79,175800
16169,0.001499,74.125.24.0-255,2184,120918,79,175800
16170,0.001502,172.31.40.0-255,66,120984,79,175800
16171,0.002134,74.125.24.0-255,1484,122468,79,175800
16172,0.002142,74.125.24.0-255,2902,125370,79,175800
16173,0.002146,172.31.40.0-255,66,125436,79,175800
16174,0.002154,74.125.24.0-255,5738,131174,79,175800
16175,0.002156,172.31.40.0-255,66,131240,79,175800
16176,0.002167,74.125.24.0-255,1484,132724,79,175800
16177,0.002206,172.31.40.0-255,66,132790,79,175800
16178,0.002216,172.31.40.0-255,66,132856,79,175800
16179,0.002235,74.125.24.0-255,2184,135040,79,175800
16180,0.002241,172.31.40.0-255,66,135106,79,175800
16181,0.004597,74.125.24.0-255,5738,140844,79,175800
16182,0.004604,172.31.40.0-255,66,140910,79,175800
16183,0.006943,74.125.24.0-255,1484,142394,79,175800
16184,0.006958,74.125.24.0-255,4320,146714,79,175800
16185,0.006961,172.31.40.0-255,66,146780,79,175800
16186,0.009314,74.125.24.0-255,5738,152518,79,175800
16187,0.009322,172.31.40.0-255,66,152584,79,175800
16188,0.011665,74.125.24.0-255,5738,158322,79,175800
16189,0.011674,172.31.40.0-255,66,158388,79,175800
16190,0.014034,74.125.24.0-255,5738,164126,79,175800
16191,0.014043,172.31.40.0-255,66,164192,79,175800
16192,0.016406,74.125.24.0-255,5738,169930,79,175800
16193,0.016415,172.31.40.0-255,66,169996,79,175800
16194,0.018763,74.125.24.0-255,5738,175734,79,175800
16195,0.018771,172.31.40.0-255,66,175800,79,175800
16196,0.0,172.217.194.0-255,153,153,79,207593
16197,1.8e-05,172.31.40.0-255,66,219,79,207593
16198,2.5e-05,172.217.194.0-255,1484,1703,79,207593
16199,2.9e-05,172.31.40.0-255,66,1769,79,207593
16200,3.6e-05,172.217.194.0-255,2902,4671,79,207593
16201,4.8e-05,172.31.40.0-255,66,4737,79,207593
16202,7.1e-05,172.217.194.0-255,7156,11893,79,207593
16203,7.5e-05,172.31.40.0-255,66,11959,79,207593
16204,7.9e-05,172.217.194.0-255,2070,14029,79,207593
16205,8.1e-05,172.31.40.0-255,66,14095,79,207593
16206,0.000113,172.217.194.0-255,2902,16997,79,207593
16207,0.000116,172.31.40.0-255,66,17063,79,207593
16208,0.000124,172.217.194.0-255,7156,24219,79,207593
16209,0.000127,172.31.40.0-255,66,24285,79,207593
16210,0.000173,172.217.194.0-255,2902,27187,79,207593
16211,0.000176,172.31.40.0-255,66,27253,79,207593
16212,0.000211,172.31.40.0-255,66,27319,79,207593
16213,0.000236,172.31.40.0-255,66,27385,79,207593
16214,0.000429,172.217.194.0-255,1484,28869,79,207593
16215,0.000434,172.31.40.0-255,66,28935,79,207593
16216,0.000439,172.217.194.0-255,2902,31837,79,207593
16217,0.000441,172.31.40.0-255,66,31903,79,207593
16218,0.000448,172.217.194.0-255,5738,37641,79,207593
16219,0.000456,172.31.40.0-255,66,37707,79,207593
16220,0.000482,172.217.194.0-255,4320,42027,79,207593
16221,0.000485,172.31.40.0-255,66,42093,79,207593
16222,0.000512,172.217.194.0-255,2543,44636,79,207593
16223,0.000515,172.31.40.0-255,66,44702,79,207593
16224,0.000518,172.217.194.0-255,1484,46186,79,207593
16225,0.00052,172.31.40.0-255,66,46252,79,207593
16226,0.000545,172.217.194.0-255,1484,47736,79,207593
16227,0.000574,172.217.194.0-255,1484,49220,79,207593
16228,0.000577,172.31.40.0-255,66,49286,79,207593
16229,0.000583,172.217.194.0-255,5738,55024,79,207593
16230,0.000586,172.31.40.0-255,66,55090,79,207593
16231,0.000596,172.31.40.0-255,66,55156,79,207593
16232,0.000629,172.217.194.0-255,7156,62312,79,207593
16233,0.000632,172.31.40.0-255,66,62378,79,207593
16234,0.000659,172.217.194.0-255,1484,63862,79,207593
16235,0.000671,172.31.40.0-255,66,63928,79,207593
16236,0.000673,172.217.194.0-255,1484,65412,79,207593
16237,0.000696,172.217.194.0-255,2902,68314,79,207593
16238,0.000698,172.31.40.0-255,66,68380,79,207593
16239,0.000704,172.217.194.0-255,5738,74118,79,207593
16240,0.000707,172.31.40.0-255,66,74184,79,207593
16241,0.000733,172.217.194.0-255,6265,80449,79,207593
16242,0.000735,172.31.40.0-255,66,80515,79,207593
16243,0.000836,172.217.194.0-255,1484,81999,79,207593
16244,0.000842,172.217.194.0-255,2902,84901,79,207593
16245,0.000846,172.31.40.0-255,66,84967,79,207593
16246,0.000852,172.217.194.0-255,4320,89287,79,207593
16247,0.000855,172.31.40.0-255,66,89353,79,207593
16248,0.000885,172.217.194.0-255,1484,90837,79,207593
16249,0.0009,172.31.40.0-255,66,90903,79,207593
16250,0.000911,172.31.40.0-255,66,90969,79,207593
16251,0.000939,172.217.194.0-255,2184,93153,79,207593
16252,0.000942,172.31.40.0-255,66,93219,79,207593
16253,0.000985,172.217.194.0-255,1484,94703,79,207593
16254,0.001003,172.217.194.0-255,2902,97605,79,207593
16255,0.001007,172.31.40.0-255,66,97671,79,207593
16256,0.001014,172.217.194.0-255,5738,103409,79,207593
16257,0.001016,172.31.40.0-255,66,103475,79,207593
16258,0.001038,172.217.194.0-255,4320,107795,79,207593
16259,0.001041,172.31.40.0-255,66,107861,79,207593
16260,0.001073,172.217.194.0-255,1484,109345,79,207593
16261,0.001078,172.31.40.0-255,66,109411,79,207593
16262,0.001102,172.31.40.0-255,66,109477,79,207593
16263,0.001113,172.31.40.0-255,66,109543,79,207593
16264,0.001163,172.31.40.0-255,66,109609,79,207593
16265,0.001167,172.217.194.0-255,2184,111793,79,207593
16266,0.00117,172.31.40.0-255,66,111859,79,207593
16267,0.001265,172.217.194.0-255,1484,113343,79,207593
16268,0.001271,172.217.194.0-255,2902,116245,79,207593
16269,0.001274,172.31.40.0-255,66,116311,79,207593
16270,0.001279,172.217.194.0-255,2902,119213,79,207593
16271,0.001281,172.31.40.0-255,66,119279,79,207593
16272,0.001313,172.217.194.0-255,2902,122181,79,207593
16273,0.001316,172.31.40.0-255,66,122247,79,207593
16274,0.001323,172.217.194.0-255,7156,129403,79,207593
16275,0.001326,172.31.40.0-255,66,129469,79,207593
16276,0.001341,172.31.40.0-255,66,129535,79,207593
16277,0.001345,172.217.194.0-255,2184,131719,79,207593
16278,0.001347,172.31.40.0-255,66,131785,79,207593
16279,0.001393,172.217.194.0-255,1484,133269,79,207593
16280,0.001428,172.217.194.0-255,1484,134753,79,207593
16281,0.001431,172.31.40.0-255,66,134819,79,207593
16282,0.00144,172.217.194.0-255,7156,141975,79,207593
16283,0.001442,172.31.40.0-255,66,142041,79,207593
16284,0.001457,172.31.40.0-255,66,142107,79,207593
16285,0.00146,172.217.194.0-255,1484,143591,79,207593
16286,0.001467,172.217.194.0-255,6438,150029,79,207593
16287,0.001469,172.31.40.0-255,66,150095,79,207593
16288,0.001474,172.217.194.0-255,4320,154415,79,207593
16289,0.001476,172.31.40.0-255,66,154481,79,207593
16290,0.001511,172.217.194.0-255,2902,157383,79,207593
16291,0.001514,172.31.40.0-255,66,157449,79,207593
16292,0.00153,172.31.40.0-255,66,157515,79,207593
16293,0.001542,172.31.40.0-255,66,157581,79,207593
16294,0.001598,172.217.194.0-255,1484,159065,79,207593
16295,0.00162,172.217.194.0-255,2902,161967,79,207593
16296,0.001623,172.31.40.0-255,66,162033,79,207593
16297,0.00163,172.217.194.0-255,5738,167771,79,207593
16298,0.001632,172.31.40.0-255,66,167837,79,207593
16299,0.00164,172.217.194.0-255,1484,169321,79,207593
16300,0.001672,172.31.40.0-255,66,169387,79,207593
16301,0.001677,172.217.194.0-255,4320,173707,79,207593
16302,0.00168,172.31.40.0-255,66,173773,79,207593
16303,0.001703,172.217.194.0-255,6438,180211,79,207593
16304,0.001709,172.31.40.0-255,66,180277,79,207593
16305,0.001714,172.217.194.0-255,2902,183179,79,207593
16306,0.001716,172.31.40.0-255,66,183245,79,207593
16307,0.001733,172.217.194.0-255,1484,184729,79,207593
16308,0.001739,172.217.194.0-255,2902,187631,79,207593
16309,0.001741,172.31.40.0-255,66,187697,79,207593
16310,0.001774,172.217.194.0-255,2902,190599,79,207593
16311,0.001777,172.31.40.0-255,66,190665,79,207593
16312,0.00179,172.31.40.0-255,66,190731,79,207593
16313,0.001796,172.217.194.0-255,5738,196469,79,207593
16314,0.001798,172.31.40.0-255,66,196535,79,207593
16315,0.001824,172.217.194.0-255,4320,200855,79,207593
16316,0.001827,172.31.40.0-255,66,200921,79,207593
16317,0.001867,172.31.40.0-255,66,200987,79,207593
16318,0.001884,172.31.40.0-255,66,201053,79,207593
16319,0.001915,172.217.194.0-255,2902,203955,79,207593
16320,0.001918,172.31.40.0-255,66,204021,79,207593
16321,0.001923,172.217.194.0-255,3164,207185,79,207593
16322,0.001926,172.31.40.0-255,66,207251,79,207593
16323,0.001929,172.217.194.0-255,105,207356,79,207593
16324,0.009503,172.31.40.0-255,66,207422,79,207593
16325,0.009545,172.31.40.0-255,105,207527,79,207593
16326,0.012071,172.217.194.0-255,66,207593,79,207593
16327,0.0,172.217.194.0-255,152,152,79,174790
16328,2e-05,172.31.40.0-255,66,218,79,174790
16329,2.6e-05,172.217.194.0-255,1484,1702,79,174790
16330,3.1e-05,172.31.40.0-255,66,1768,79,174790
16331,3.6e-05,172.217.194.0-255,2902,4670,79,174790
16332,3.9e-05,172.31.40.0-255,66,4736,79,174790
16333,4.6e-05,172.217.194.0-255,5738,10474,79,174790
16334,4.9e-05,172.31.40.0-255,66,10540,79,174790
16335,6.9e-05,172.217.194.0-255,1484,12024,79,174790
16336,7.1e-05,172.31.40.0-255,66,12090,79,174790
16337,7.6e-05,172.217.194.0-255,2114,14204,79,174790
16338,7.8e-05,172.31.40.0-255,66,14270,79,174790
16339,0.000117,172.31.40.0-255,66,14336,79,174790
16340,0.000151,172.217.194.0-255,4320,18656,79,174790
16341,0.000154,172.31.40.0-255,66,18722,79,174790
16342,0.000176,172.217.194.0-255,2543,21265,79,174790
16343,0.000178,172.31.40.0-255,66,21331,79,174790
16344,0.000186,172.217.194.0-255,7156,28487,79,174790
16345,0.000188,172.31.40.0-255,66,28553,79,174790
16346,0.000202,172.217.194.0-255,2902,31455,79,174790
16347,0.000205,172.31.40.0-255,66,31521,79,174790
16348,0.000223,172.217.194.0-255,6797,38318,79,174790
16349,0.000225,172.31.40.0-255,66,38384,79,174790
16350,0.000241,172.217.194.0-255,1484,39868,79,174790
16351,0.000243,172.31.40.0-255,66,39934,79,174790
16352,0.000278,172.31.40.0-255,66,40000,79,174790
16353,0.000283,172.217.194.0-255,4320,44320,79,174790
16354,0.000285,172.31.40.0-255,66,44386,79,174790
16355,0.0003,172.217.194.0-255,2816,47202,79,174790
16356,0.000303,172.31.40.0-255,66,47268,79,174790
16357,0.000347,172.217.194.0-255,119,47387,79,174790
16358,0.000418,172.217.194.0-255,1484,48871,79,174790
16359,0.000423,172.31.40.0-255,66,48937,79,174790
16360,0.000428,172.217.194.0-255,2902,51839,79,174790
16361,0.00043,172.31.40.0-255,66,51905,79,174790
16362,0.000436,172.217.194.0-255,5738,57643,79,174790
16363,0.000438,172.31.40.0-255,66,57709,79,174790
16364,0.000471,172.217.194.0-255,6533,64242,79,174790
16365,0.000474,172.31.40.0-255,66,64308,79,174790
16366,0.000577,172.217.194.0-255,1484,65792,79,174790
16367,0.000583,172.217.194.0-255,2902,68694,79,174790
16368,0.000586,172.31.40.0-255,66,68760,79,174790
16369,0.00059,172.217.194.0-255,1484,70244,79,174790
16370,0.000612,172.217.194.0-255,4320,74564,79,174790
16371,0.000618,172.217.194.0-255,5738,80302,79,174790
16372,0.000626,172.31.40.0-255,66,80368,79,174790
16373,0.000629,172.31.40.0-255,66,80434,79,174790
16374,0.000632,172.217.194.0-255,1484,81918,79,174790
16375,0.000663,172.31.40.0-255,66,81984,79,174790
16376,0.000669,172.217.194.0-255,5020,87004,79,174790
16377,0.000671,172.31.40.0-255,66,87070,79,174790
16378,0.001687,172.217.194.0-255,1484,88554,79,174790
16379,0.001696,172.217.194.0-255,2902,91456,79,174790
16380,0.0017,172.31.40.0-255,66,91522,79,174790
16381,0.001707,172.217.194.0-255,2902,94424,79,174790
16382,0.001709,172.31.40.0-255,66,94490,79,174790
16383,0.001723,172.217.194.0-255,2902,97392,79,174790
16384,0.001725,172.31.40.0-255,66,97458,79,174790
16385,0.001759,172.31.40.0-255,66,97524,79,174790
16386,0.001786,172.217.194.0-255,2902,100426,79,174790
16387,0.001788,172.31.40.0-255,66,100492,79,174790
16388,0.001815,172.31.40.0-255,66,100558,79,174790
16389,0.001962,172.217.194.0-255,1484,102042,79,174790
16390,0.001977,172.217.194.0-255,2902,104944,79,174790
16391,0.00198,172.31.40.0-255,66,105010,79,174790
16392,0.001984,172.217.194.0-255,2902,107912,79,174790
16393,0.001987,172.31.40.0-255,66,107978,79,174790
16394,0.001999,172.217.194.0-255,2902,110880,79,174790
16395,0.002001,172.31.40.0-255,66,110946,79,174790
16396,0.00204,172.31.40.0-255,66,111012,79,174790
16397,0.002245,172.217.194.0-255,1484,112496,79,174790
16398,0.00225,172.217.194.0-255,2902,115398,79,174790
16399,0.002252,172.217.194.0-255,1484,116882,79,174790
16400,0.002283,172.217.194.0-255,4320,121202,79,174790
16401,0.00229,172.217.194.0-255,7156,128358,79,174790
16402,0.002316,172.217.194.0-255,5738,134096,79,174790
16403,0.002323,172.217.194.0-255,7156,141252,79,174790
16404,0.005926,172.31.40.0-255,66,141318,79,174790
16405,0.008244,172.217.194.0-255,5738,147056,79,174790
16406,0.008252,172.31.40.0-255,66,147122,79,174790
16407,0.010561,172.217.194.0-255,5738,152860,79,174790
16408,0.010569,172.31.40.0-255,66,152926,79,174790
16409,0.012898,172.217.194.0-255,5738,158664,79,174790
16410,0.012906,172.31.40.0-255,66,158730,79,174790
16411,0.01523,172.217.194.0-255,5738,164468,79,174790
16412,0.01524,172.31.40.0-255,66,164534,79,174790
16413,0.017534,172.217.194.0-255,4320,168854,79,174790
16414,0.017541,172.31.40.0-255,66,168920,79,174790
16415,0.017556,172.217.194.0-255,1484,170404,79,174790
16416,0.019836,172.217.194.0-255,4320,174724,79,174790
16417,0.019843,172.31.40.0-255,66,174790,79,174790
16418,0.0,74.125.24.0-255,146,146,79,185936
16419,1.6e-05,172.31.40.0-255,66,212,79,185936
16420,2.2e-05,74.125.24.0-255,1484,1696,79,185936
16421,2.6e-05,172.31.40.0-255,66,1762,79,185936
16422,3.1e-05,74.125.24.0-255,2902,4664,79,185936
16423,3.4e-05,172.31.40.0-255,66,4730,79,185936
16424,5.9e-05,74.125.24.0-255,7156,11886,79,185936
16425,6.3e-05,172.31.40.0-255,66,11952,79,185936
16426,6.7e-05,74.125.24.0-255,1983,13935,79,185936
16427,7e-05,172.31.40.0-255,66,14001,79,185936
16428,0.0001,74.125.24.0-255,2902,16903,79,185936
16429,0.000103,172.31.40.0-255,66,16969,79,185936
16430,0.000108,74.125.24.0-255,4320,21289,79,185936
16431,0.00011,172.31.40.0-255,66,21355,79,185936
16432,0.000119,172.31.40.0-255,66,21421,79,185936
16433,0.000122,74.125.24.0-255,1125,22546,79,185936
16434,0.000128,172.31.40.0-255,66,22612,79,185936
16435,0.000201,74.125.24.0-255,1484,24096,79,185936
16436,0.000204,172.31.40.0-255,66,24162,79,185936
16437,0.000207,74.125.24.0-255,1484,25646,79,185936
16438,0.000208,172.31.40.0-255,66,25712,79,185936
16439,0.000228,74.125.24.0-255,1484,27196,79,185936
16440,0.00023,172.31.40.0-255,66,27262,79,185936
16441,0.000236,74.125.24.0-255,5738,33000,79,185936
16442,0.000238,172.31.40.0-255,66,33066,79,185936
16443,0.000245,74.125.24.0-255,1484,34550,79,185936
16444,0.000246,172.31.40.0-255,66,34616,79,185936
16445,0.000287,172.31.40.0-255,66,34682,79,185936
16446,0.000321,172.31.40.0-255,66,34748,79,185936
16447,0.000349,74.125.24.0-255,1460,36208,79,185936
16448,0.000362,74.125.24.0-255,109,36317,79,185936
16449,0.000364,172.31.40.0-255,66,36383,79,185936
16450,0.000438,74.125.24.0-255,1484,37867,79,185936
16451,0.00045,74.125.24.0-255,2902,40769,79,185936
16452,0.000453,172.31.40.0-255,66,40835,79,185936
16453,0.000479,74.125.24.0-255,5738,46573,79,185936
16454,0.000481,172.31.40.0-255,66,46639,79,185936
16455,0.000513,74.125.24.0-255,4320,50959,79,185936
16456,0.000515,172.31.40.0-255,66,51025,79,185936
16457,0.000547,74.125.24.0-255,5379,56404,79,185936
16458,0.000549,172.31.40.0-255,66,56470,79,185936
16459,0.000559,172.31.40.0-255,66,56536,79,185936
16460,0.000567,74.125.24.0-255,3961,60497,79,185936
16461,0.00057,172.31.40.0-255,66,60563,79,185936
16462,0.000599,74.125.24.0-255,331,60894,79,185936
16463,0.000645,74.125.24.0-255,1484,62378,79,185936
16464,0.000648,172.31.40.0-255,66,62444,79,185936
16465,0.000651,74.125.24.0-255,1484,63928,79,185936
16466,0.000672,74.125.24.0-255,1484,65412,79,185936
16467,0.000675,172.31.40.0-255,66,65478,79,185936
16468,0.000682,74.125.24.0-255,5738,71216,79,185936
16469,0.000684,172.31.40.0-255,66,71282,79,185936
16470,0.000688,74.125.24.0-255,2902,74184,79,185936
16471,0.000689,172.31.40.0-255,66,74250,79,185936
16472,0.000734,172.31.40.0-255,66,74316,79,185936
16473,0.000739,74.125.24.0-255,4320,78636,79,185936
16474,0.00074,172.31.40.0-255,66,78702,79,185936
16475,0.00076,74.125.24.0-255,4320,83022,79,185936
16476,0.000762,172.31.40.0-255,66,83088,79,185936
16477,0.000854,74.125.24.0-255,7156,90244,79,185936
16478,0.000868,172.31.40.0-255,66,90310,79,185936
16479,0.000893,74.125.24.0-255,2184,92494,79,185936
16480,0.000914,74.125.24.0-255,7156,99650,79,185936
16481,0.000925,172.31.40.0-255,66,99716,79,185936
16482,0.000938,74.125.24.0-255,6438,106154,79,185936
16483,0.000962,74.125.24.0-255,7156,113310,79,185936
16484,0.000978,74.125.24.0-255,7156,120466,79,185936
16485,0.00098,74.125.24.0-255,1484,121950,79,185936
16486,0.000983,172.31.40.0-255,66,122016,79,185936
16487,0.001032,74.125.24.0-255,766,122782,79,185936
16488,0.001042,172.31.40.0-255,66,122848,79,185936
16489,0.001198,74.125.24.0-255,1484,124332,79,185936
16490,0.001201,74.125.24.0-255,1484,125816,79,185936
16491,0.001216,74.125.24.0-255,1484,127300,79,185936
16492,0.001221,74.125.24.0-255,5738,133038,79,185936
16493,0.001224,172.31.40.0-255,66,133104,79,185936
16494,0.001229,172.31.40.0-255,66,133170,79,185936
16495,0.00128,172.31.40.0-255,66,133236,79,185936
16496,0.001286,74.125.24.0-255,4320,137556,79,185936
16497,0.001303,172.31.40.0-255,66,137622,79,185936
16498,0.00135,74.125.24.0-255,1484,139106,79,185936
16499,0.001355,74.125.24.0-255,2902,142008,79,185936
16500,0.001365,172.31.40.0-255,66,142074,79,185936
16501,0.001374,74.125.24.0-255,5738,147812,79,185936
16502,0.001376,74.125.24.0-255,1484,149296,79,185936
16503,0.00138,172.31.40.0-255,66,149362,79,185936
16504,0.001427,74.125.24.0-255,4320,153682,79,185936
16505,0.001431,172.31.40.0-255,66,153748,79,185936
16506,0.001459,74.125.24.0-255,6438,160186,79,185936
16507,0.001472,172.31.40.0-255,66,160252,79,185936
16508,0.001518,74.125.24.0-255,1484,161736,79,185936
16509,0.001523,74.125.24.0-255,2902,164638,79,185936
16510,0.001525,74.125.24.0-255,1484,166122,79,185936
16511,0.001533,172.31.40.0-255,66,166188,79,185936
16512,0.001543,74.125.24.0-255,4320,170508,79,185936
16513,0.001562,172.31.40.0-255,66,170574,79,185936
16514,0.001606,172.31.40.0-255,66,170640,79,185936
16515,0.001614,74.125.24.0-255,2184,172824,79,185936
16516,0.001618,172.31.40.0-255,66,172890,79,185936
16517,0.001808,74.125.24.0-255,1484,174374,79,185936
16518,0.001813,74.125.24.0-255,2902,177276,79,185936
16519,0.001817,74.125.24.0-255,2902,180178,79,185936
16520,0.001826,172.31.40.0-255,66,180244,79,185936
16521,0.00183,74.125.24.0-255,2902,183146,79,185936
16522,0.001866,172.31.40.0-255,66,183212,79,185936
16523,0.001913,172.31.40.0-255,66,183278,79,185936
16524,0.001927,74.125.24.0-255,2184,185462,79,185936
16525,0.001968,172.31.40.0-255,66,185528,79,185936
16526,0.002012,172.31.40.0-255,66,185594,79,185936
16527,0.002014,74.125.24.0-255,105,185699,79,185936
16528,0.0086,172.31.40.0-255,66,185765,79,185936
16529,0.008642,172.31.40.0-255,105,185870,79,185936
16530,0.011186,74.125.24.0-255,66,185936,79,185936
16531,0.0,172.217.194.0-255,146,146,79,118413
16532,2.5e-05,172.31.40.0-255,66,212,79,118413
16533,3.1e-05,172.217.194.0-255,1484,1696,79,118413
16534,3.6e-05,172.31.40.0-255,66,1762,79,118413
16535,4.2e-05,172.217.194.0-255,2902,4664,79,118413
16536,5.5e-05,172.31.40.0-255,66,4730,79,118413
16537,6.1e-05,172.217.194.0-255,4320,9050,79,118413
16538,6.5e-05,172.31.40.0-255,66,9116,79,118413
16539,8.3e-05,172.217.194.0-255,1484,10600,79,118413
16540,8.6e-05,172.31.40.0-255,66,10666,79,118413
16541,0.00013,172.217.194.0-255,3527,14193,79,118413
16542,0.000134,172.31.40.0-255,66,14259,79,118413
16543,0.00014,172.217.194.0-255,5738,19997,79,118413
16544,0.000142,172.31.40.0-255,66,20063,79,118413
16545,0.00016,172.31.40.0-255,66,20129,79,118413
16546,0.000182,172.217.194.0-255,1125,21254,79,118413
16547,0.000184,172.31.40.0-255,66,21320,79,118413
16548,0.00057,172.217.194.0-255,1484,22804,79,118413
16549,0.000577,172.217.194.0-255,2902,25706,79,118413
16550,0.000584,172.31.40.0-255,66,25772,79,118413
16551,0.000589,172.31.40.0-255,66,25838,79,118413
16552,0.000603,172.217.194.0-255,2902,28740,79,118413
16553,0.000605,172.31.40.0-255,66,28806,79,118413
16554,0.000613,172.217.194.0-255,7156,35962,79,118413
16555,0.000615,172.31.40.0-255,66,36028,79,118413
16556,0.000646,172.217.194.0-255,4320,40348,79,118413
16557,0.000648,172.31.40.0-255,66,40414,79,118413
16558,0.00068,172.217.194.0-255,6797,47211,79,118413
16559,0.000683,172.31.40.0-255,66,47277,79,118413
16560,0.000689,172.217.194.0-255,2902,50179,79,118413
16561,0.000691,172.31.40.0-255,66,50245,79,118413
16562,0.000724,172.217.194.0-255,5379,55624,79,118413
16563,0.000727,172.31.40.0-255,66,55690,79,118413
16564,0.00073,172.217.194.0-255,378,56068,79,118413
16565,0.001079,172.31.40.0-255,66,56134,79,118413
16566,0.002105,172.217.194.0-255,365,56499,79,118413
16567,0.002137,172.217.194.0-255,1484,57983,79,118413
16568,0.002142,172.31.40.0-255,66,58049,79,118413
16569,0.00215,172.217.194.0-255,4320,62369,79,118413
16570,0.002152,172.31.40.0-255,66,62435,79,118413
16571,0.002171,172.31.40.0-255,66,62501,79,118413
16572,0.002201,172.217.194.0-255,1484,63985,79,118413
16573,0.002218,172.31.40.0-255,66,64051,79,118413
16574,0.002261,172.217.194.0-255,2184,66235,79,118413
16575,0.002263,172.31.40.0-255,66,66301,79,118413
16576,0.002267,172.217.194.0-255,2902,69203,79,118413
16577,0.00227,172.31.40.0-255,66,69269,79,118413
16578,0.002288,172.217.194.0-255,4320,73589,79,118413
16579,0.00229,172.31.40.0-255,66,73655,79,118413
16580,0.002323,172.31.40.0-255,66,73721,79,118413
16581,0.002364,172.31.40.0-255,66,73787,79,118413
16582,0.002399,172.217.194.0-255,2184,75971,79,118413
16583,0.002402,172.31.40.0-255,66,76037,79,118413
16584,0.002425,172.31.40.0-255,66,76103,79,118413
16585,0.002437,172.31.40.0-255,66,76169,79,118413
16586,0.002493,172.31.40.0-255,66,76235,79,118413
16587,0.002502,172.217.194.0-255,7156,83391,79,118413
16588,0.002505,172.31.40.0-255,66,83457,79,118413
16589,0.002548,172.31.40.0-255,66,83523,79,118413
16590,0.002567,172.31.40.0-255,66,83589,79,118413
16591,0.005022,172.217.194.0-255,5738,89327,79,118413
16592,0.005027,172.31.40.0-255,66,89393,79,118413
16593,0.007489,172.217.194.0-255,5738,95131,79,118413
16594,0.007496,172.31.40.0-255,66,95197,79,118413
16595,0.009974,172.217.194.0-255,5738,100935,79,118413
16596,0.009983,172.31.40.0-255,66,101001,79,118413
16597,0.012494,172.217.194.0-255,5738,106739,79,118413
16598,0.012502,172.31.40.0-255,66,106805,79,118413
16599,0.015003,172.217.194.0-255,5738,112543,79,118413
16600,0.015013,172.31.40.0-255,66,112609,79,118413
16601,0.017494,172.217.194.0-255,5738,118347,79,118413
16602,0.017503,172.31.40.0-255,66,118413,79,118413
16603,0.0,172.217.194.0-255,149,149,79,166141
16604,2.4e-05,172.31.40.0-255,66,215,79,166141
16605,3.2e-05,172.217.194.0-255,1484,1699,79,166141
16606,3.6e-05,172.31.40.0-255,66,1765,79,166141
16607,4.2e-05,172.217.194.0-255,2902,4667,79,166141
16608,4.6e-05,172.31.40.0-255,66,4733,79,166141
16609,5.4e-05,172.217.194.0-255,7156,11889,79,166141
16610,5.9e-05,172.31.40.0-255,66,11955,79,166141
16611,6.3e-05,172.217.194.0-255,1484,13439,79,166141
16612,6.5e-05,172.31.40.0-255,66,13505,79,166141
16613,7.3e-05,172.217.194.0-255,5738,19243,79,166141
16614,7.6e-05,172.31.40.0-255,66,19309,79,166141
16615,0.000117,172.31.40.0-255,66,19375,79,166141
16616,0.000121,172.217.194.0-255,2543,21918,79,166141
16617,0.000123,172.31.40.0-255,66,21984,79,166141
16618,0.000136,172.217.194.0-255,1484,23468,79,166141
16619,0.000139,172.31.40.0-255,66,23534,79,166141
16620,0.000143,172.217.194.0-255,2902,26436,79,166141
16621,0.000146,172.31.40.0-255,66,26502,79,166141
16622,0.000149,172.217.194.0-255,1484,27986,79,166141
16623,0.000151,172.31.40.0-255,66,28052,79,166141
16624,0.000171,172.217.194.0-255,4320,32372,79,166141
16625,0.000173,172.31.40.0-255,66,32438,79,166141
16626,0.000187,172.217.194.0-255,4320,36758,79,166141
16627,0.000189,172.31.40.0-255,66,36824,79,166141
16628,0.000222,172.31.40.0-255,66,36890,79,166141
16629,0.000225,172.217.194.0-255,1484,38374,79,166141
16630,0.000227,172.31.40.0-255,66,38440,79,166141
16631,0.000245,172.217.194.0-255,5738,44178,79,166141
16632,0.000248,172.31.40.0-255,66,44244,79,166141
16633,0.000267,172.217.194.0-255,2866,47110,79,166141
16634,0.000269,172.217.194.0-255,363,47473,79,166141
16635,0.000272,172.31.40.0-255,66,47539,79,166141
16636,0.000438,172.217.194.0-255,1484,49023,79,166141
16637,0.000443,172.31.40.0-255,66,49089,79,166141
16638,0.000448,172.217.194.0-255,2902,51991,79,166141
16639,0.000451,172.31.40.0-255,66,52057,79,166141
16640,0.000458,172.217.194.0-255,5738,57795,79,166141
16641,0.00046,172.31.40.0-255,66,57861,79,166141
16642,0.000503,172.31.40.0-255,66,57927,79,166141
16643,0.000516,172.31.40.0-255,66,57993,79,166141
16644,0.000561,172.217.194.0-255,1484,59477,79,166141
16645,0.000574,172.217.194.0-255,2902,62379,79,166141
16646,0.000576,172.31.40.0-255,66,62445,79,166141
16647,0.000597,172.217.194.0-255,5738,68183,79,166141
16648,0.0006,172.31.40.0-255,66,68249,79,166141
16649,0.00061,172.31.40.0-255,66,68315,79,166141
16650,0.000682,172.217.194.0-255,7156,75471,79,166141
16651,0.000687,172.31.40.0-255,66,75537,79,166141
16652,0.000716,172.31.40.0-255,66,75603,79,166141
16653,0.000824,172.217.194.0-255,1484,77087,79,166141
16654,0.000828,172.217.194.0-255,1484,78571,79,166141
16655,0.000831,172.31.40.0-255,66,78637,79,166141
16656,0.000853,172.217.194.0-255,1484,80121,79,166141
16657,0.00086,172.217.194.0-255,5738,85859,79,166141
16658,0.000863,172.31.40.0-255,66,85925,79,166141
16659,0.000866,172.217.194.0-255,1484,87409,79,166141
16660,0.000907,172.31.40.0-255,66,87475,79,166141
16661,0.000915,172.217.194.0-255,7156,94631,79,166141
16662,0.000917,172.31.40.0-255,66,94697,79,166141
16663,0.000975,172.217.194.0-255,3602,98299,79,166141
16664,0.000977,172.31.40.0-255,66,98365,79,166141
16665,0.000996,172.217.194.0-255,1484,99849,79,166141
16666,0.001001,172.217.194.0-255,2902,102751,79,166141
16667,0.001003,172.31.40.0-255,66,102817,79,166141
16668,0.001006,172.217.194.0-255,1484,104301,79,166141
16669,0.001034,172.217.194.0-255,4320,108621,79,166141
16670,0.001037,172.31.40.0-255,66,108687,79,166141
16671,0.001051,172.31.40.0-255,66,108753,79,166141
16672,0.001054,172.217.194.0-255,1484,110237,79,166141
16673,0.001088,172.217.194.0-255,2902,113139,79,166141
16674,0.00109,172.31.40.0-255,66,113205,79,166141
16675,0.001113,172.217.194.0-255,6438,119643,79,166141
16676,0.001115,172.31.40.0-255,66,119709,79,166141
16677,0.003428,172.217.194.0-255,5738,125447,79,166141
16678,0.003434,172.31.40.0-255,66,125513,79,166141
16679,0.005714,172.217.194.0-255,5738,131251,79,166141
16680,0.00572,172.31.40.0-255,66,131317,79,166141
16681,0.008038,172.217.194.0-255,5738,137055,79,166141
16682,0.008043,172.31.40.0-255,66,137121,79,166141
16683,0.010409,172.217.194.0-255,5738,142859,79,166141
16684,0.010417,172.31.40.0-255,66,142925,79,166141
16685,0.012744,172.217.194.0-255,5738,148663,79,166141
16686,0.012752,172.31.40.0-255,66,148729,79,166141
16687,0.015049,172.217.194.0-255,5738,154467,79,166141
16688,0.015056,172.31.40.0-255,66,154533,79,166141
16689,0.017344,172.217.194.0-255,5738,160271,79,166141
16690,0.017353,172.31.40.0-255,66,160337,79,166141
16691,0.019626,172.217.194.0-255,5738,166075,79,166141
16692,0.019634,172.31.40.0-255,66,166141,79,166141
16693,0.0,172.217.194.0-255,222,222,79,180684
16694,2.3e-05,172.31.40.0-255,66,288,79,180684
16695,3e-05,172.217.194.0-255,1484,1772,79,180684
16696,3.5e-05,172.31.40.0-255,66,1838,79,180684
16697,4.9e-05,172.217.194.0-255,4320,6158,79,180684
16698,5.2e-05,172.31.40.0-255,66,6224,79,180684
16699,6.6e-05,172.31.40.0-255,66,6290,79,180684
16700,7e-05,172.217.194.0-255,2902,9192,79,180684
16701,7.3e-05,172.31.40.0-255,66,9258,79,180684
16702,0.000113,172.217.194.0-255,7156,16414,79,180684
16703,0.000117,172.31.40.0-255,66,16480,79,180684
16704,0.000135,172.31.40.0-255,66,16546,79,180684
16705,0.000147,172.217.194.0-255,2902,19448,79,180684
16706,0.000149,172.31.40.0-255,66,19514,79,180684
16707,0.000156,172.217.194.0-255,766,20280,79,180684
16708,0.000158,172.31.40.0-255,66,20346,79,180684
16709,0.00018,172.217.194.0-255,4320,24666,79,180684
16710,0.000186,172.31.40.0-255,66,24732,79,180684
16711,0.000191,172.217.194.0-255,2902,27634,79,180684
16712,0.000194,172.31.40.0-255,66,27700,79,180684
16713,0.000216,172.217.194.0-255,2902,30602,79,180684
16714,0.000219,172.31.40.0-255,66,30668,79,180684
16715,0.000257,172.31.40.0-255,66,30734,79,180684
16716,0.000286,172.31.40.0-255,66,30800,79,180684
16717,0.000294,172.217.194.0-255,7156,37956,79,180684
16718,0.000298,172.31.40.0-255,66,38022,79,180684
16719,0.000327,172.217.194.0-255,4320,42342,79,180684
16720,0.00033,172.31.40.0-255,66,42408,79,180684
16721,0.000366,172.217.194.0-255,5020,47428,79,180684
16722,0.000369,172.31.40.0-255,66,47494,79,180684
16723,0.000375,172.31.40.0-255,66,47560,79,180684
16724,0.000507,172.217.194.0-255,1484,49044,79,180684
16725,0.000514,172.217.194.0-255,2902,51946,79,180684
16726,0.000539,172.217.194.0-255,5738,57684,79,180684
16727,0.000545,172.217.194.0-255,4320,62004,79,180684
16728,0.000572,172.217.194.0-255,1484,63488,79,180684
16729,0.000737,172.217.194.0-255,1484,64972,79,180684
16730,0.000749,172.217.194.0-255,2902,67874,79,180684
16731,0.000756,172.31.40.0-255,66,67940,79,180684
16732,0.000767,172.217.194.0-255,5738,73678,79,180684
16733,0.000789,172.217.194.0-255,5738,79416,79,180684
16734,0.000793,172.31.40.0-255,66,79482,79,180684
16735,0.000804,172.217.194.0-255,4320,83802,79,180684
16736,0.000834,172.31.40.0-255,66,83868,79,180684
16737,0.000844,172.217.194.0-255,2902,86770,79,180684
16738,0.000849,172.31.40.0-255,66,86836,79,180684
16739,0.0009,172.31.40.0-255,66,86902,79,180684
16740,0.001067,172.217.194.0-255,1484,88386,79,180684
16741,0.001073,172.217.194.0-255,2902,91288,79,180684
16742,0.00108,172.31.40.0-255,66,91354,79,180684
16743,0.001101,172.217.194.0-255,5738,97092,79,180684
16744,0.001106,172.217.194.0-255,2902,99994,79,180684
16745,0.001146,172.217.194.0-255,7156,107150,79,180684
16746,0.00115,172.31.40.0-255,66,107216,79,180684
16747,0.00116,172.217.194.0-255,3602,110818,79,180684
16748,0.001171,172.31.40.0-255,66,110884,79,180684
16749,0.001208,172.217.194.0-255,1484,112368,79,180684
16750,0.001214,172.217.194.0-255,2902,115270,79,180684
16751,0.00122,172.217.194.0-255,5738,121008,79,180684
16752,0.001239,172.217.194.0-255,4320,125328,79,180684
16753,0.001244,172.31.40.0-255,66,125394,79,180684
16754,0.001285,172.217.194.0-255,1484,126878,79,180684
16755,0.00129,172.217.194.0-255,2902,129780,79,180684
16756,0.001301,172.31.40.0-255,66,129846,79,180684
16757,0.001318,172.217.194.0-255,6438,136284,79,180684
16758,0.001323,172.31.40.0-255,66,136350,79,180684
16759,0.001369,172.217.194.0-255,1484,137834,79,180684
16760,0.001383,172.217.194.0-255,2902,140736,79,180684
16761,0.001389,172.31.40.0-255,66,140802,79,180684
16762,0.001413,172.217.194.0-255,5738,146540,79,180684
16763,0.001446,172.217.194.0-255,2902,149442,79,180684
16764,0.001463,172.31.40.0-255,66,149508,79,180684
16765,0.001526,172.217.194.0-255,1484,150992,79,180684
16766,0.001531,172.217.194.0-255,2902,153894,79,180684
16767,0.001548,172.217.194.0-255,5738,159632,79,180684
16768,0.001551,172.31.40.0-255,66,159698,79,180684
16769,0.001556,172.31.40.0-255,66,159764,79,180684
16770,0.001606,172.31.40.0-255,66,159830,79,180684
16771,0.001668,172.31.40.0-255,66,159896,79,180684
16772,0.001722,172.31.40.0-255,66,159962,79,180684
16773,0.001796,172.217.194.0-255,1484,161446,79,180684
16774,0.001802,172.217.194.0-255,2902,164348,79,180684
16775,0.001815,172.31.40.0-255,66,164414,79,180684
16776,0.001822,172.217.194.0-255,5738,170152,79,180684
16777,0.001832,172.31.40.0-255,66,170218,79,180684
16778,0.001864,172.217.194.0-255,2902,173120,79,180684
16779,0.001893,172.217.194.0-255,7156,180276,79,180684
16780,0.001898,172.31.40.0-255,66,180342,79,180684
16781,0.001954,172.217.194.0-255,105,180447,79,180684
16782,0.001959,172.31.40.0-255,66,180513,79,180684
16783,0.004682,172.31.40.0-255,105,180618,79,180684
16784,0.006878,172.217.194.0-255,66,180684,79,180684
16785,0.0,172.217.194.0-255,155,155,79,158177
16786,2.3e-05,172.31.40.0-255,66,221,79,158177
16787,3e-05,172.217.194.0-255,1484,1705,79,158177
16788,3.5e-05,172.31.40.0-255,66,1771,79,158177
16789,4.1e-05,172.217.194.0-255,2902,4673,79,158177
16790,5.3e-05,172.31.40.0-255,66,4739,79,158177
16791,6.1e-05,172.217.194.0-255,7156,11895,79,158177
16792,6.4e-05,172.31.40.0-255,66,11961,79,158177
16793,8.2e-05,172.31.40.0-255,66,12027,79,158177
16794,0.000122,172.217.194.0-255,2543,14570,79,158177
16795,0.000124,172.31.40.0-255,66,14636,79,158177
16796,0.000129,172.217.194.0-255,1484,16120,79,158177
16797,0.000131,172.31.40.0-255,66,16186,79,158177
16798,0.000154,172.217.194.0-255,1484,17670,79,158177
16799,0.000156,172.31.40.0-255,66,17736,79,158177
16800,0.000168,172.217.194.0-255,7156,24892,79,158177
16801,0.000171,172.31.40.0-255,66,24958,79,158177
16802,0.000175,172.217.194.0-255,1484,26442,79,158177
16803,0.000177,172.31.40.0-255,66,26508,79,158177
16804,0.000204,172.217.194.0-255,1484,27992,79,158177
16805,0.000207,172.31.40.0-255,66,28058,79,158177
16806,0.000249,172.31.40.0-255,66,28124,79,158177
16807,0.000256,172.217.194.0-255,7089,35213,79,158177
16808,0.000258,172.31.40.0-255,66,35279,79,158177
16809,0.000432,172.217.194.0-255,364,35643,79,158177
16810,0.000437,172.31.40.0-255,66,35709,79,158177
16811,0.000519,172.217.194.0-255,1484,37193,79,158177
16812,0.000523,172.31.40.0-255,66,37259,79,158177
16813,0.000528,172.217.194.0-255,2902,40161,79,158177
16814,0.000531,172.31.40.0-255,66,40227,79,158177
16815,0.000562,172.217.194.0-255,5738,45965,79,158177
16816,0.000566,172.31.40.0-255,66,46031,79,158177
16817,0.000573,172.217.194.0-255,6797,52828,79,158177
16818,0.000575,172.31.40.0-255,66,52894,79,158177
16819,0.000624,172.31.40.0-255,66,52960,79,158177
16820,0.00063,172.217.194.0-255,5738,58698,79,158177
16821,0.000632,172.31.40.0-255,66,58764,79,158177
16822,0.000641,172.217.194.0-255,2543,61307,79,158177
16823,0.000643,172.31.40.0-255,66,61373,79,158177
16824,0.002207,172.217.194.0-255,1484,62857,79,158177
16825,0.002218,172.217.194.0-255,2902,65759,79,158177
16826,0.002222,172.31.40.0-255,66,65825,79,158177
16827,0.002226,172.217.194.0-255,1484,67309,79,158177
16828,0.002253,172.217.194.0-255,4320,71629,79,158177
16829,0.002255,172.31.40.0-255,66,71695,79,158177
16830,0.002283,172.31.40.0-255,66,71761,79,158177
16831,0.0023,172.217.194.0-255,4320,76081,79,158177
16832,0.002303,172.31.40.0-255,66,76147,79,158177
16833,0.002307,172.217.194.0-255,2902,79049,79,158177
16834,0.002308,172.31.40.0-255,66,79115,79,158177
16835,0.002341,172.217.194.0-255,7156,86271,79,158177
16836,0.002343,172.31.40.0-255,66,86337,79,158177
16837,0.002346,172.217.194.0-255,766,87103,79,158177
16838,0.002348,172.217.194.0-255,1484,88587,79,158177
16839,0.00235,172.31.40.0-255,66,88653,79,158177
16840,0.002354,172.217.194.0-255,4320,92973,79,158177
16841,0.00237,172.217.194.0-255,7156,100129,79,158177
16842,0.002375,172.31.40.0-255,66,100195,79,158177
16843,0.002377,172.31.40.0-255,66,100261,79,158177
16844,0.002378,172.31.40.0-255,66,100327,79,158177
16845,0.002397,172.217.194.0-255,4320,104647,79,158177
16846,0.002399,172.31.40.0-255,66,104713,79,158177
16847,0.002433,172.217.194.0-255,6438,111151,79,158177
16848,0.002435,172.31.40.0-255,66,111217,79,158177
16849,0.002458,172.217.194.0-255,2902,114119,79,158177
16850,0.00246,172.31.40.0-255,66,114185,79,158177
16851,0.002491,172.217.194.0-255,4320,118505,79,158177
16852,0.002493,172.31.40.0-255,66,118571,79,158177
16853,0.002505,172.31.40.0-255,66,118637,79,158177
16854,0.002522,172.31.40.0-255,66,118703,79,158177
16855,0.00262,172.217.194.0-255,1484,120187,79,158177
16856,0.002625,172.217.194.0-255,2902,123089,79,158177
16857,0.002627,172.31.40.0-255,66,123155,79,158177
16858,0.00508,172.217.194.0-255,1484,124639,79,158177
16859,0.005144,172.217.194.0-255,1484,126123,79,158177
16860,0.005146,172.31.40.0-255,66,126189,79,158177
16861,0.00517,172.217.194.0-255,2902,129091,79,158177
16862,0.005173,172.31.40.0-255,66,129157,79,158177
16863,0.007775,172.217.194.0-255,5738,134895,79,158177
16864,0.007782,172.31.40.0-255,66,134961,79,158177
16865,0.01034,172.217.194.0-255,5738,140699,79,158177
16866,0.010348,172.31.40.0-255,66,140765,79,158177
16867,0.012994,172.217.194.0-255,5738,146503,79,158177
16868,0.013001,172.31.40.0-255,66,146569,79,158177
16869,0.015552,172.217.194.0-255,5738,152307,79,158177
16870,0.01556,172.31.40.0-255,66,152373,79,158177
16871,0.018163,172.217.194.0-255,5738,158111,79,158177
16872,0.01817,172.31.40.0-255,66,158177,79,158177
16873,0.0,74.125.24.0-255,146,146,79,146411
16874,1.9e-05,172.31.40.0-255,66,212,79,146411
16875,2.5e-05,74.125.24.0-255,1484,1696,79,146411
16876,3e-05,172.31.40.0-255,66,1762,79,146411
16877,3.5e-05,74.125.24.0-255,2902,4664,79,146411
16878,3.8e-05,172.31.40.0-255,66,4730,79,146411
16879,4.4e-05,74.125.24.0-255,5738,10468,79,146411
16880,4.7e-05,172.31.40.0-255,66,10534,79,146411
16881,6.7e-05,74.125.24.0-255,1484,12018,79,146411
16882,6.9e-05,172.31.40.0-255,66,12084,79,146411
16883,7.3e-05,74.125.24.0-255,2039,14123,79,146411
16884,7.5e-05,172.31.40.0-255,66,14189,79,146411
16885,0.0001,74.125.24.0-255,1484,15673,79,146411
16886,0.000102,172.31.40.0-255,66,15739,79,146411
16887,0.000128,172.31.40.0-255,66,15805,79,146411
16888,0.000131,74.125.24.0-255,1484,17289,79,146411
16889,0.000132,172.31.40.0-255,66,17355,79,146411
16890,0.000154,74.125.24.0-255,1484,18839,79,146411
16891,0.000156,172.31.40.0-255,66,18905,79,146411
16892,0.000174,74.125.24.0-255,2543,21448,79,146411
16893,0.000176,172.31.40.0-255,66,21514,79,146411
16894,0.000233,74.125.24.0-255,1484,22998,79,146411
16895,0.000235,172.31.40.0-255,66,23064,79,146411
16896,0.000257,74.125.24.0-255,2902,25966,79,146411
16897,0.00026,172.31.40.0-255,66,26032,79,146411
16898,0.000265,74.125.24.0-255,5738,31770,79,146411
16899,0.000267,172.31.40.0-255,66,31836,79,146411
16900,0.000321,74.125.24.0-255,5738,37574,79,146411
16901,0.000324,172.31.40.0-255,66,37640,79,146411
16902,0.000338,74.125.24.0-255,1125,38765,79,146411
16903,0.00034,172.31.40.0-255,66,38831,79,146411
16904,0.000772,74.125.24.0-255,1484,40315,79,146411
16905,0.000777,74.125.24.0-255,2902,43217,79,146411
16906,0.000781,172.31.40.0-255,66,43283,79,146411
16907,0.000814,74.125.24.0-255,5738,49021,79,146411
16908,0.000816,172.31.40.0-255,66,49087,79,146411
16909,0.000819,74.125.24.0-255,1484,50571,79,146411
16910,0.000836,74.125.24.0-255,5379,55950,79,146411
16911,0.000838,172.31.40.0-255,66,56016,79,146411
16912,0.000876,74.125.24.0-255,4320,60336,79,146411
16913,0.000878,172.31.40.0-255,66,60402,79,146411
16914,0.000884,74.125.24.0-255,5738,66140,79,146411
16915,0.000885,172.31.40.0-255,66,66206,79,146411
16916,0.000937,172.31.40.0-255,66,66272,79,146411
16917,0.000941,74.125.24.0-255,2902,69174,79,146411
16918,0.000942,172.31.40.0-255,66,69240,79,146411
16919,0.000961,74.125.24.0-255,5738,74978,79,146411
16920,0.000963,172.31.40.0-255,66,75044,79,146411
16921,0.000987,74.125.24.0-255,4320,79364,79,146411
16922,0.000989,172.31.40.0-255,66,79430,79,146411
16923,0.001011,74.125.24.0-255,3961,83391,79,146411
16924,0.001014,172.31.40.0-255,66,83457,79,146411
16925,0.001653,74.125.24.0-255,1484,84941,79,146411
16926,0.001662,74.125.24.0-255,2902,87843,79,146411
16927,0.001666,172.31.40.0-255,66,87909,79,146411
16928,0.00167,74.125.24.0-255,1484,89393,79,146411
16929,0.00169,74.125.24.0-255,4320,93713,79,146411
16930,0.001693,172.31.40.0-255,66,93779,79,146411
16931,0.0017,74.125.24.0-255,7156,100935,79,146411
16932,0.001701,172.31.40.0-255,66,101001,79,146411
16933,0.001716,74.125.24.0-255,2902,103903,79,146411
16934,0.001718,172.31.40.0-255,66,103969,79,146411
16935,0.001739,74.125.24.0-255,1484,105453,79,146411
16936,0.001777,172.31.40.0-255,66,105519,79,146411
16937,0.004113,74.125.24.0-255,5738,111257,79,146411
16938,0.00412,172.31.40.0-255,66,111323,79,146411
16939,0.006429,74.125.24.0-255,2902,114225,79,146411
16940,0.006435,172.31.40.0-255,66,114291,79,146411
16941,0.006457,74.125.24.0-255,2902,117193,79,146411
16942,0.00646,172.31.40.0-255,66,117259,79,146411
16943,0.008729,74.125.24.0-255,2902,120161,79,146411
16944,0.008737,172.31.40.0-255,66,120227,79,146411
16945,0.008775,74.125.24.0-255,2902,123129,79,146411
16946,0.008778,172.31.40.0-255,66,123195,79,146411
16947,0.011081,74.125.24.0-255,5738,128933,79,146411
16948,0.011089,172.31.40.0-255,66,128999,79,146411
16949,0.013389,74.125.24.0-255,5738,134737,79,146411
16950,0.013397,172.31.40.0-255,66,134803,79,146411
16951,0.015741,74.125.24.0-255,5738,140541,79,146411
16952,0.015752,172.31.40.0-255,66,140607,79,146411
16953,0.01809,74.125.24.0-255,5738,146345,79,146411
16954,0.018097,172.31.40.0-255,66,146411,79,146411
16955,0.0,172.217.194.0-255,149,149,79,140160
16956,2.3e-05,172.31.40.0-255,66,215,79,140160
16957,3e-05,172.217.194.0-255,1484,1699,79,140160
16958,3.6e-05,172.31.40.0-255,66,1765,79,140160
16959,4.2e-05,172.217.194.0-255,2902,4667,79,140160
16960,5.4e-05,172.31.40.0-255,66,4733,79,140160
16961,6e-05,172.217.194.0-255,4320,9053,79,140160
16962,6.3e-05,172.31.40.0-255,66,9119,79,140160
16963,9e-05,172.217.194.0-255,4864,13983,79,140160
16964,9.4e-05,172.31.40.0-255,66,14049,79,140160
16965,0.000183,172.217.194.0-255,1484,15533,79,140160
16966,0.000187,172.31.40.0-255,66,15599,79,140160
16967,0.000191,172.217.194.0-255,1484,17083,79,140160
16968,0.000193,172.31.40.0-255,66,17149,79,140160
16969,0.000213,172.217.194.0-255,1484,18633,79,140160
16970,0.000215,172.31.40.0-255,66,18699,79,140160
16971,0.000227,172.217.194.0-255,5738,24437,79,140160
16972,0.00023,172.31.40.0-255,66,24503,79,140160
16973,0.000236,172.217.194.0-255,4320,28823,79,140160
16974,0.000238,172.31.40.0-255,66,28889,79,140160
16975,0.000282,172.31.40.0-255,66,28955,79,140160
16976,0.000295,172.31.40.0-255,66,29021,79,140160
16977,0.000317,172.31.40.0-255,66,29087,79,140160
16978,0.00032,172.217.194.0-255,647,29734,79,140160
16979,0.000322,172.31.40.0-255,66,29800,79,140160
16980,0.000408,172.217.194.0-255,1484,31284,79,140160
16981,0.000411,172.31.40.0-255,66,31350,79,140160
16982,0.000417,172.217.194.0-255,2902,34252,79,140160
16983,0.000419,172.31.40.0-255,66,34318,79,140160
16984,0.00043,172.217.194.0-255,5738,40056,79,140160
16985,0.000432,172.31.40.0-255,66,40122,79,140160
16986,0.000437,172.217.194.0-255,2902,43024,79,140160
16987,0.00044,172.31.40.0-255,66,43090,79,140160
16988,0.000474,172.217.194.0-255,4320,47410,79,140160
16989,0.000477,172.31.40.0-255,66,47476,79,140160
16990,0.000496,172.31.40.0-255,66,47542,79,140160
16991,0.000517,172.217.194.0-255,1484,49026,79,140160
16992,0.000523,172.217.194.0-255,2184,51210,79,140160
16993,0.000526,172.31.40.0-255,66,51276,79,140160
16994,0.000598,172.217.194.0-255,1484,52760,79,140160
16995,0.000619,172.217.194.0-255,2902,55662,79,140160
16996,0.000621,172.31.40.0-255,66,55728,79,140160
16997,0.000628,172.217.194.0-255,5738,61466,79,140160
16998,0.000631,172.31.40.0-255,66,61532,79,140160
16999,0.000634,172.217.194.0-255,1484,63016,79,140160
17000,0.000676,172.31.40.0-255,66,63082,79,140160
17001,0.000694,172.31.40.0-255,66,63148,79,140160
17002,0.000732,172.31.40.0-255,66,63214,79,140160
17003,0.000746,172.31.40.0-255,66,63280,79,140160
17004,0.000786,172.31.40.0-255,66,63346,79,140160
17005,0.000813,172.217.194.0-255,1484,64830,79,140160
17006,0.000817,172.217.194.0-255,1484,66314,79,140160
17007,0.000819,172.31.40.0-255,66,66380,79,140160
17008,0.000852,172.217.194.0-255,1484,67864,79,140160
17009,0.000858,172.217.194.0-255,5738,73602,79,140160
17010,0.000861,172.31.40.0-255,66,73668,79,140160
17011,0.000872,172.31.40.0-255,66,73734,79,140160
17012,0.000902,172.217.194.0-255,4320,78054,79,140160
17013,0.000904,172.31.40.0-255,66,78120,79,140160
17014,0.000914,172.31.40.0-255,66,78186,79,140160
17015,0.000975,172.31.40.0-255,66,78252,79,140160
17016,0.000983,172.217.194.0-255,766,79018,79,140160
17017,0.001015,172.31.40.0-255,66,79084,79,140160
17018,0.001032,172.217.194.0-255,1484,80568,79,140160
17019,0.001037,172.217.194.0-255,2902,83470,79,140160
17020,0.001042,172.217.194.0-255,4320,87790,79,140160
17021,0.001053,172.217.194.0-255,1484,89274,79,140160
17022,0.001065,172.31.40.0-255,66,89340,79,140160
17023,0.001107,172.217.194.0-255,2902,92242,79,140160
17024,0.001122,172.217.194.0-255,2902,95144,79,140160
17025,0.001129,172.31.40.0-255,66,95210,79,140160
17026,0.001164,172.217.194.0-255,1484,96694,79,140160
17027,0.001171,172.31.40.0-255,66,96760,79,140160
17028,0.001261,172.217.194.0-255,5738,102498,79,140160
17029,0.001266,172.31.40.0-255,66,102564,79,140160
17030,0.001288,172.217.194.0-255,3602,106166,79,140160
17031,0.001291,172.217.194.0-255,1484,107650,79,140160
17032,0.001295,172.217.194.0-255,2902,110552,79,140160
17033,0.0013,172.217.194.0-255,4320,114872,79,140160
17034,0.001315,172.31.40.0-255,66,114938,79,140160
17035,0.001327,172.217.194.0-255,1484,116422,79,140160
17036,0.00137,172.217.194.0-255,4320,120742,79,140160
17037,0.0014,172.31.40.0-255,66,120808,79,140160
17038,0.001431,172.217.194.0-255,6438,127246,79,140160
17039,0.001454,172.217.194.0-255,1484,128730,79,140160
17040,0.00146,172.31.40.0-255,66,128796,79,140160
17041,0.001485,172.31.40.0-255,66,128862,79,140160
17042,0.001509,172.217.194.0-255,1484,130346,79,140160
17043,0.001539,172.217.194.0-255,2184,132530,79,140160
17044,0.001543,172.31.40.0-255,66,132596,79,140160
17045,0.001556,172.217.194.0-255,7156,139752,79,140160
17046,0.001566,172.31.40.0-255,66,139818,79,140160
17047,0.001602,172.217.194.0-255,105,139923,79,140160
17048,0.001616,172.31.40.0-255,66,139989,79,140160
17049,0.004631,172.31.40.0-255,105,140094,79,140160
17050,0.006683,172.217.194.0-255,66,140160,79,140160
17051,0.0,74.125.24.0-255,147,147,79,186791
17052,2.2e-05,172.31.40.0-255,66,213,79,186791
17053,2.9e-05,74.125.24.0-255,1484,1697,79,186791
17054,3.3e-05,172.31.40.0-255,66,1763,79,186791
17055,3.8e-05,74.125.24.0-255,2902,4665,79,186791
17056,4.1e-05,172.31.40.0-255,66,4731,79,186791
17057,4.7e-05,74.125.24.0-255,4320,9051,79,186791
17058,5e-05,172.31.40.0-255,66,9117,79,186791
17059,7.9e-05,74.125.24.0-255,2902,12019,79,186791
17060,8.1e-05,172.31.40.0-255,66,12085,79,186791
17061,8.7e-05,74.125.24.0-255,6303,18388,79,186791
17062,9e-05,172.31.40.0-255,66,18454,79,186791
17063,9.6e-05,74.125.24.0-255,7156,25610,79,186791
17064,9.8e-05,172.31.40.0-255,66,25676,79,186791
17065,0.000128,74.125.24.0-255,5379,31055,79,186791
17066,0.000131,172.31.40.0-255,66,31121,79,186791
17067,0.000178,74.125.24.0-255,1484,32605,79,186791
17068,0.00018,172.31.40.0-255,66,32671,79,186791
17069,0.000199,74.125.24.0-255,2902,35573,79,186791
17070,0.0002,172.31.40.0-255,66,35639,79,186791
17071,0.000204,74.125.24.0-255,2902,38541,79,186791
17072,0.000206,172.31.40.0-255,66,38607,79,186791
17073,0.000231,74.125.24.0-255,2902,41509,79,186791
17074,0.000233,172.31.40.0-255,66,41575,79,186791
17075,0.00024,74.125.24.0-255,6797,48372,79,186791
17076,0.000241,172.31.40.0-255,66,48438,79,186791
17077,0.000247,74.125.24.0-255,4320,52758,79,186791
17078,0.000249,172.31.40.0-255,66,52824,79,186791
17079,0.000295,172.31.40.0-255,66,52890,79,186791
17080,0.000299,74.125.24.0-255,2815,55705,79,186791
17081,0.000301,172.31.40.0-255,66,55771,79,186791
17082,0.000365,74.125.24.0-255,133,55904,79,186791
17083,0.000482,74.125.24.0-255,347,56251,79,186791
17084,0.000837,74.125.24.0-255,1484,57735,79,186791
17085,0.000843,172.31.40.0-255,66,57801,79,186791
17086,0.000848,74.125.24.0-255,2902,60703,79,186791
17087,0.00085,172.31.40.0-255,66,60769,79,186791
17088,0.000864,74.125.24.0-255,4320,65089,79,186791
17089,0.000866,172.31.40.0-255,66,65155,79,186791
17090,0.000887,74.125.24.0-255,1484,66639,79,186791
17091,0.000892,74.125.24.0-255,4320,70959,79,186791
17092,0.000894,172.31.40.0-255,66,71025,79,186791
17093,0.000915,74.125.24.0-255,2902,73927,79,186791
17094,0.000917,172.31.40.0-255,66,73993,79,186791
17095,0.000946,172.31.40.0-255,66,74059,79,186791
17096,0.000954,172.31.40.0-255,66,74125,79,186791
17097,0.001535,74.125.24.0-255,1484,75609,79,186791
17098,0.001544,74.125.24.0-255,2902,78511,79,186791
17099,0.001549,172.31.40.0-255,66,78577,79,186791
17100,0.001557,74.125.24.0-255,5738,84315,79,186791
17101,0.001559,172.31.40.0-255,66,84381,79,186791
17102,0.001599,172.31.40.0-255,66,84447,79,186791
17103,0.001605,74.125.24.0-255,4320,88767,79,186791
17104,0.001607,172.31.40.0-255,66,88833,79,186791
17105,0.001645,74.125.24.0-255,4320,93153,79,186791
17106,0.001649,172.31.40.0-255,66,93219,79,186791
17107,0.001669,74.125.24.0-255,2184,95403,79,186791
17108,0.001672,172.31.40.0-255,66,95469,79,186791
17109,0.001802,74.125.24.0-255,1484,96953,79,186791
17110,0.001808,74.125.24.0-255,2902,99855,79,186791
17111,0.001812,172.31.40.0-255,66,99921,79,186791
17112,0.00184,74.125.24.0-255,5738,105659,79,186791
17113,0.001846,74.125.24.0-255,5738,111397,79,186791
17114,0.00185,172.31.40.0-255,66,111463,79,186791
17115,0.001853,172.31.40.0-255,66,111529,79,186791
17116,0.00187,74.125.24.0-255,1484,113013,79,186791
17117,0.001873,74.125.24.0-255,1484,114497,79,186791
17118,0.001875,172.31.40.0-255,66,114563,79,186791
17119,0.001912,172.31.40.0-255,66,114629,79,186791
17120,0.001916,74.125.24.0-255,2184,116813,79,186791
17121,0.001918,172.31.40.0-255,66,116879,79,186791
17122,0.001989,74.125.24.0-255,1484,118363,79,186791
17123,0.002004,74.125.24.0-255,2902,121265,79,186791
17124,0.002007,172.31.40.0-255,66,121331,79,186791
17125,0.002059,74.125.24.0-255,5738,127069,79,186791
17126,0.002064,74.125.24.0-255,5738,132807,79,186791
17127,0.002068,172.31.40.0-255,66,132873,79,186791
17128,0.002074,172.31.40.0-255,66,132939,79,186791
17129,0.00208,74.125.24.0-255,4320,137259,79,186791
17130,0.002083,172.31.40.0-255,66,137325,79,186791
17131,0.002106,172.31.40.0-255,66,137391,79,186791
17132,0.00211,74.125.24.0-255,2902,140293,79,186791
17133,0.002112,172.31.40.0-255,66,140359,79,186791
17134,0.004158,74.125.24.0-255,5738,146097,79,186791
17135,0.004163,172.31.40.0-255,66,146163,79,186791
17136,0.006216,74.125.24.0-255,5738,151901,79,186791
17137,0.006222,172.31.40.0-255,66,151967,79,186791
17138,0.008267,74.125.24.0-255,5738,157705,79,186791
17139,0.008275,172.31.40.0-255,66,157771,79,186791
17140,0.010339,74.125.24.0-255,5738,163509,79,186791
17141,0.010349,172.31.40.0-255,66,163575,79,186791
17142,0.012435,74.125.24.0-255,5738,169313,79,186791
17143,0.012446,172.31.40.0-255,66,169379,79,186791
17144,0.014503,74.125.24.0-255,5738,175117,79,186791
17145,0.014513,172.31.40.0-255,66,175183,79,186791
17146,0.016564,74.125.24.0-255,5738,180921,79,186791
17147,0.016572,172.31.40.0-255,66,180987,79,186791
17148,0.018631,74.125.24.0-255,5738,186725,79,186791
17149,0.018638,172.31.40.0-255,66,186791,79,186791
17150,0.0,172.217.194.0-255,153,153,79,307491
17151,2.1e-05,172.31.40.0-255,66,219,79,307491
17152,2.8e-05,172.217.194.0-255,1484,1703,79,307491
17153,3.3e-05,172.31.40.0-255,66,1769,79,307491
17154,4.7e-05,172.217.194.0-255,2902,4671,79,307491
17155,5.2e-05,172.31.40.0-255,66,4737,79,307491
17156,5.8e-05,172.217.194.0-255,5738,10475,79,307491
17157,6.1e-05,172.31.40.0-255,66,10541,79,307491
17158,9.6e-05,172.217.194.0-255,3440,13981,79,307491
17159,9.9e-05,172.31.40.0-255,66,14047,79,307491
17160,0.000129,172.217.194.0-255,4320,18367,79,307491
17161,0.000133,172.31.40.0-255,66,18433,79,307491
17162,0.000155,172.217.194.0-255,4320,22753,79,307491
17163,0.000158,172.31.40.0-255,66,22819,79,307491
17164,0.000211,172.217.194.0-255,7156,29975,79,307491
17165,0.000214,172.31.40.0-255,66,30041,79,307491
17166,0.00024,172.217.194.0-255,1125,31166,79,307491
17167,0.000243,172.31.40.0-255,66,31232,79,307491
17168,0.000445,172.217.194.0-255,1484,32716,79,307491
17169,0.00045,172.31.40.0-255,66,32782,79,307491
17170,0.000456,172.217.194.0-255,2902,35684,79,307491
17171,0.00046,172.31.40.0-255,66,35750,79,307491
17172,0.000471,172.217.194.0-255,5738,41488,79,307491
17173,0.000474,172.31.40.0-255,66,41554,79,307491
17174,0.000499,172.217.194.0-255,1484,43038,79,307491
17175,0.000502,172.31.40.0-255,66,43104,79,307491
17176,0.000531,172.217.194.0-255,5379,48483,79,307491
17177,0.000534,172.31.40.0-255,66,48549,79,307491
17178,0.000544,172.217.194.0-255,5738,54287,79,307491
17179,0.000547,172.31.40.0-255,66,54353,79,307491
17180,0.000579,172.217.194.0-255,1484,55837,79,307491
17181,0.000583,172.31.40.0-255,66,55903,79,307491
17182,0.000595,172.31.40.0-255,66,55969,79,307491
17183,0.001038,172.217.194.0-255,646,56615,79,307491
17184,0.00108,172.31.40.0-255,66,56681,79,307491
17185,0.00118,172.217.194.0-255,1484,58165,79,307491
17186,0.001199,172.217.194.0-255,2902,61067,79,307491
17187,0.001202,172.31.40.0-255,66,61133,79,307491
17188,0.001227,172.217.194.0-255,5738,66871,79,307491
17189,0.001229,172.31.40.0-255,66,66937,79,307491
17190,0.001256,172.217.194.0-255,4320,71257,79,307491
17191,0.001258,172.31.40.0-255,66,71323,79,307491
17192,0.001296,172.31.40.0-255,66,71389,79,307491
17193,0.001307,172.217.194.0-255,1484,72873,79,307491
17194,0.001328,172.31.40.0-255,66,72939,79,307491
17195,0.001446,172.217.194.0-255,1484,74423,79,307491
17196,0.001463,172.217.194.0-255,2902,77325,79,307491
17197,0.001467,172.31.40.0-255,66,77391,79,307491
17198,0.001503,172.217.194.0-255,2902,80293,79,307491
17199,0.001506,172.31.40.0-255,66,80359,79,307491
17200,0.001535,172.217.194.0-255,4320,84679,79,307491
17201,0.001538,172.31.40.0-255,66,84745,79,307491
17202,0.001541,172.217.194.0-255,1484,86229,79,307491
17203,0.001571,172.217.194.0-255,7156,93385,79,307491
17204,0.001574,172.31.40.0-255,66,93451,79,307491
17205,0.001579,172.217.194.0-255,4320,97771,79,307491
17206,0.001582,172.31.40.0-255,66,97837,79,307491
17207,0.001626,172.217.194.0-255,5738,103575,79,307491
17208,0.001629,172.31.40.0-255,66,103641,79,307491
17209,0.001658,172.217.194.0-255,1484,105125,79,307491
17210,0.001662,172.217.194.0-255,2184,107309,79,307491
17211,0.001665,172.31.40.0-255,66,107375,79,307491
17212,0.001702,172.217.194.0-255,2902,110277,79,307491
17213,0.001705,172.31.40.0-255,66,110343,79,307491
17214,0.001747,172.217.194.0-255,2902,113245,79,307491
17215,0.00175,172.31.40.0-255,66,113311,79,307491
17216,0.001769,172.217.194.0-255,1484,114795,79,307491
17217,0.001772,172.217.194.0-255,1484,116279,79,307491
17218,0.001775,172.31.40.0-255,66,116345,79,307491
17219,0.001783,172.217.194.0-255,7156,123501,79,307491
17220,0.001786,172.31.40.0-255,66,123567,79,307491
17221,0.001812,172.217.194.0-255,2902,126469,79,307491
17222,0.001815,172.31.40.0-255,66,126535,79,307491
17223,0.001845,172.217.194.0-255,4320,130855,79,307491
17224,0.001848,172.31.40.0-255,66,130921,79,307491
17225,0.001884,172.217.194.0-255,2184,133105,79,307491
17226,0.002202,172.217.194.0-255,1484,134589,79,307491
17227,0.00221,172.217.194.0-255,2902,137491,79,307491
17228,0.002216,172.217.194.0-255,4320,141811,79,307491
17229,0.002263,172.217.194.0-255,4320,146131,79,307491
17230,0.002377,172.217.194.0-255,1484,147615,79,307491
17231,0.002382,172.217.194.0-255,2902,150517,79,307491
17232,0.002398,172.217.194.0-255,2902,153419,79,307491
17233,0.002415,172.217.194.0-255,2902,156321,79,307491
17234,0.002421,172.217.194.0-255,4320,160641,79,307491
17235,0.002436,172.217.194.0-255,5738,166379,79,307491
17236,0.002453,172.217.194.0-255,1484,167863,79,307491
17237,0.002479,172.217.194.0-255,4320,172183,79,307491
17238,0.002508,172.217.194.0-255,5738,177921,79,307491
17239,0.002511,172.217.194.0-255,2184,180105,79,307491
17240,0.002531,172.217.194.0-255,1484,181589,79,307491
17241,0.00255,172.217.194.0-255,2902,184491,79,307491
17242,0.002563,172.217.194.0-255,5738,190229,79,307491
17243,0.002581,172.217.194.0-255,2902,193131,79,307491
17244,0.002605,172.217.194.0-255,5738,198869,79,307491
17245,0.002641,172.217.194.0-255,1484,200353,79,307491
17246,0.002653,172.217.194.0-255,2902,203255,79,307491
17247,0.002665,172.217.194.0-255,4320,207575,79,307491
17248,0.002699,172.217.194.0-255,6438,214013,79,307491
17249,0.002794,172.217.194.0-255,1484,215497,79,307491
17250,0.002799,172.217.194.0-255,2902,218399,79,307491
17251,0.002816,172.217.194.0-255,4320,222719,79,307491
17252,0.002832,172.217.194.0-255,1484,224203,79,307491
17253,0.002836,172.217.194.0-255,1484,225687,79,307491
17254,0.002861,172.217.194.0-255,1484,227171,79,307491
17255,0.002874,172.217.194.0-255,1484,228655,79,307491
17256,0.002894,172.217.194.0-255,5738,234393,79,307491
17257,0.002902,172.217.194.0-255,7156,241549,79,307491
17258,0.002921,172.217.194.0-255,5738,247287,79,307491
17259,0.002925,172.217.194.0-255,766,248053,79,307491
17260,0.003022,172.217.194.0-255,1484,249537,79,307491
17261,0.00304,172.217.194.0-255,2902,252439,79,307491
17262,0.003047,172.217.194.0-255,5738,258177,79,307491
17263,0.003061,172.217.194.0-255,1484,259661,79,307491
17264,0.003088,172.217.194.0-255,1484,261145,79,307491
17265,0.003102,172.217.194.0-255,5738,266883,79,307491
17266,0.003125,172.217.194.0-255,3602,270485,79,307491
17267,0.003198,172.217.194.0-255,1484,271969,79,307491
17268,0.003221,172.217.194.0-255,2902,274871,79,307491
17269,0.003227,172.217.194.0-255,5738,280609,79,307491
17270,0.00323,172.217.194.0-255,1484,282093,79,307491
17271,0.003243,172.217.194.0-255,2902,284995,79,307491
17272,0.003338,172.217.194.0-255,4320,289315,79,307491
17273,0.003382,172.217.194.0-255,1484,290799,79,307491
17274,0.003399,172.217.194.0-255,2902,293701,79,307491
17275,0.003405,172.217.194.0-255,4320,298021,79,307491
17276,0.003424,172.217.194.0-255,1484,299505,79,307491
17277,0.003442,172.217.194.0-255,2902,302407,79,307491
17278,0.003457,172.217.194.0-255,4742,307149,79,307491
17279,0.003488,172.217.194.0-255,105,307254,79,307491
17280,0.003539,172.31.40.0-255,66,307320,79,307491
17281,0.006316,172.31.40.0-255,105,307425,79,307491
17282,0.008581,172.217.194.0-255,66,307491,79,307491
17283,0.0,74.125.24.0-255,153,153,79,162539
17284,2.2e-05,172.31.40.0-255,66,219,79,162539
17285,3e-05,74.125.24.0-255,1484,1703,79,162539
17286,3.4e-05,172.31.40.0-255,66,1769,79,162539
17287,4.5e-05,74.125.24.0-255,2902,4671,79,162539
17288,4.9e-05,172.31.40.0-255,66,4737,79,162539
17289,5.8e-05,74.125.24.0-255,7156,11893,79,162539
17290,6e-05,172.31.40.0-255,66,11959,79,162539
17291,6.3e-05,74.125.24.0-255,1484,13443,79,162539
17292,6.6e-05,172.31.40.0-255,66,13509,79,162539
17293,0.000103,172.31.40.0-255,66,13575,79,162539
17294,0.000127,74.125.24.0-255,2543,16118,79,162539
17295,0.00013,172.31.40.0-255,66,16184,79,162539
17296,0.000222,74.125.24.0-255,1484,17668,79,162539
17297,0.000226,172.31.40.0-255,66,17734,79,162539
17298,0.000231,74.125.24.0-255,2902,20636,79,162539
17299,0.000233,172.31.40.0-255,66,20702,79,162539
17300,0.000239,74.125.24.0-255,4320,25022,79,162539
17301,0.000241,172.31.40.0-255,66,25088,79,162539
17302,0.000275,74.125.24.0-255,1484,26572,79,162539
17303,0.000278,172.31.40.0-255,66,26638,79,162539
17304,0.000286,74.125.24.0-255,6797,33435,79,162539
17305,0.000288,172.31.40.0-255,66,33501,79,162539
17306,0.000337,74.125.24.0-255,1484,34985,79,162539
17307,0.00034,172.31.40.0-255,66,35051,79,162539
17308,0.000358,74.125.24.0-255,2902,37953,79,162539
17309,0.00036,172.31.40.0-255,66,38019,79,162539
17310,0.000391,74.125.24.0-255,5738,43757,79,162539
17311,0.000393,172.31.40.0-255,66,43823,79,162539
17312,0.000438,74.125.24.0-255,1484,45307,79,162539
17313,0.00044,172.31.40.0-255,66,45373,79,162539
17314,0.000471,74.125.24.0-255,5379,50752,79,162539
17315,0.000474,172.31.40.0-255,66,50818,79,162539
17316,0.000623,74.125.24.0-255,645,51463,79,162539
17317,0.000736,74.125.24.0-255,1484,52947,79,162539
17318,0.00074,172.31.40.0-255,66,53013,79,162539
17319,0.000746,74.125.24.0-255,2902,55915,79,162539
17320,0.000748,172.31.40.0-255,66,55981,79,162539
17321,0.000774,74.125.24.0-255,5738,61719,79,162539
17322,0.000802,172.31.40.0-255,66,61785,79,162539
17323,0.000829,172.31.40.0-255,66,61851,79,162539
17324,0.00086,172.31.40.0-255,66,61917,79,162539
17325,0.000902,74.125.24.0-255,1484,63401,79,162539
17326,0.000907,74.125.24.0-255,2902,66303,79,162539
17327,0.00091,172.31.40.0-255,66,66369,79,162539
17328,0.000917,74.125.24.0-255,5738,72107,79,162539
17329,0.00092,172.31.40.0-255,66,72173,79,162539
17330,0.000961,172.31.40.0-255,66,72239,79,162539
17331,0.000984,74.125.24.0-255,1484,73723,79,162539
17332,0.001018,172.31.40.0-255,66,73789,79,162539
17333,0.00106,172.31.40.0-255,66,73855,79,162539
17334,0.001074,172.31.40.0-255,66,73921,79,162539
17335,0.001106,74.125.24.0-255,2902,76823,79,162539
17336,0.001114,74.125.24.0-255,6438,83261,79,162539
17337,0.00112,74.125.24.0-255,7156,90417,79,162539
17338,0.001126,172.31.40.0-255,66,90483,79,162539
17339,0.001129,172.31.40.0-255,66,90549,79,162539
17340,0.001132,172.31.40.0-255,66,90615,79,162539
17341,0.001168,172.31.40.0-255,66,90681,79,162539
17342,0.001297,74.125.24.0-255,1484,92165,79,162539
17343,0.001302,74.125.24.0-255,1484,93649,79,162539
17344,0.001304,172.31.40.0-255,66,93715,79,162539
17345,0.001334,74.125.24.0-255,1484,95199,79,162539
17346,0.001341,74.125.24.0-255,5738,100937,79,162539
17347,0.001344,172.31.40.0-255,66,101003,79,162539
17348,0.001358,172.31.40.0-255,66,101069,79,162539
17349,0.00136,74.125.24.0-255,1484,102553,79,162539
17350,0.001408,172.31.40.0-255,66,102619,79,162539
17351,0.002231,74.125.24.0-255,1484,104103,79,162539
17352,0.002236,74.125.24.0-255,1484,105587,79,162539
17353,0.002247,172.31.40.0-255,66,105653,79,162539
17354,0.002251,74.125.24.0-255,1484,107137,79,162539
17355,0.002282,74.125.24.0-255,5738,112875,79,162539
17356,0.002285,172.31.40.0-255,66,112941,79,162539
17357,0.002298,172.31.40.0-255,66,113007,79,162539
17358,0.002332,172.31.40.0-255,66,113073,79,162539
17359,0.00236,74.125.24.0-255,1484,114557,79,162539
17360,0.00237,74.125.24.0-255,2902,117459,79,162539
17361,0.002372,172.31.40.0-255,66,117525,79,162539
17362,0.002378,74.125.24.0-255,4320,121845,79,162539
17363,0.002379,172.31.40.0-255,66,121911,79,162539
17364,0.004731,74.125.24.0-255,5738,127649,79,162539
17365,0.004739,172.31.40.0-255,66,127715,79,162539
17366,0.007069,74.125.24.0-255,5738,133453,79,162539
17367,0.007073,172.31.40.0-255,66,133519,79,162539
17368,0.009438,74.125.24.0-255,5738,139257,79,162539
17369,0.009444,172.31.40.0-255,66,139323,79,162539
17370,0.011829,74.125.24.0-255,5738,145061,79,162539
17371,0.011842,172.31.40.0-255,66,145127,79,162539
17372,0.014199,74.125.24.0-255,5738,150865,79,162539
17373,0.014208,172.31.40.0-255,66,150931,79,162539
17374,0.016559,74.125.24.0-255,5738,156669,79,162539
17375,0.016572,172.31.40.0-255,66,156735,79,162539
17376,0.018956,74.125.24.0-255,5738,162473,79,162539
17377,0.018968,172.31.40.0-255,66,162539,79,162539
17378,0.0,74.125.68.0-255,146,146,79,255419
17379,2.4e-05,172.31.40.0-255,66,212,79,255419
17380,3.1e-05,74.125.68.0-255,1484,1696,79,255419
17381,3.6e-05,172.31.40.0-255,66,1762,79,255419
17382,4.9e-05,74.125.68.0-255,2902,4664,79,255419
17383,5.3e-05,172.31.40.0-255,66,4730,79,255419
17384,5.9e-05,74.125.68.0-255,4320,9050,79,255419
17385,6.2e-05,172.31.40.0-255,66,9116,79,255419
17386,6.8e-05,74.125.68.0-255,4899,14015,79,255419
17387,7.1e-05,172.31.40.0-255,66,14081,79,255419
17388,0.000162,74.125.68.0-255,1484,15565,79,255419
17389,0.000165,172.31.40.0-255,66,15631,79,255419
17390,0.000191,74.125.68.0-255,2902,18533,79,255419
17391,0.000193,172.31.40.0-255,66,18599,79,255419
17392,0.0002,74.125.68.0-255,5738,24337,79,255419
17393,0.000203,172.31.40.0-255,66,24403,79,255419
17394,0.000239,74.125.68.0-255,6797,31200,79,255419
17395,0.000242,172.31.40.0-255,66,31266,79,255419
17396,0.000247,74.125.68.0-255,4320,35586,79,255419
17397,0.000249,172.31.40.0-255,66,35652,79,255419
17398,0.000286,74.125.68.0-255,2902,38554,79,255419
17399,0.000289,172.31.40.0-255,66,38620,79,255419
17400,0.000297,74.125.68.0-255,7156,45776,79,255419
17401,0.0003,172.31.40.0-255,66,45842,79,255419
17402,0.000317,74.125.68.0-255,7156,52998,79,255419
17403,0.000346,172.31.40.0-255,66,53064,79,255419
17404,0.000354,172.31.40.0-255,66,53130,79,255419
17405,0.000377,74.125.68.0-255,4181,57311,79,255419
17406,0.00038,172.31.40.0-255,66,57377,79,255419
17407,0.000505,74.125.68.0-255,1484,58861,79,255419
17408,0.000508,172.31.40.0-255,66,58927,79,255419
17409,0.000528,74.125.68.0-255,2902,61829,79,255419
17410,0.000531,172.31.40.0-255,66,61895,79,255419
17411,0.000536,74.125.68.0-255,4320,66215,79,255419
17412,0.000539,172.31.40.0-255,66,66281,79,255419
17413,0.000566,74.125.68.0-255,1484,67765,79,255419
17414,0.000579,172.31.40.0-255,66,67831,79,255419
17415,0.000582,74.125.68.0-255,1484,69315,79,255419
17416,0.000609,172.31.40.0-255,66,69381,79,255419
17417,0.00064,74.125.68.0-255,5020,74401,79,255419
17418,0.000643,172.31.40.0-255,66,74467,79,255419
17419,0.000752,74.125.68.0-255,1484,75951,79,255419
17420,0.000757,74.125.68.0-255,2902,78853,79,255419
17421,0.00076,172.31.40.0-255,66,78919,79,255419
17422,0.000767,74.125.68.0-255,5738,84657,79,255419
17423,0.00077,172.31.40.0-255,66,84723,79,255419
17424,0.000808,74.125.68.0-255,7156,91879,79,255419
17425,0.000811,172.31.40.0-255,66,91945,79,255419
17426,0.000832,74.125.68.0-255,2902,94847,79,255419
17427,0.000835,172.31.40.0-255,66,94913,79,255419
17428,0.000874,172.31.40.0-255,66,94979,79,255419
17429,0.000879,74.125.68.0-255,2184,97163,79,255419
17430,0.000881,172.31.40.0-255,66,97229,79,255419
17431,0.000914,74.125.68.0-255,1484,98713,79,255419
17432,0.000927,74.125.68.0-255,2902,101615,79,255419
17433,0.000929,172.31.40.0-255,66,101681,79,255419
17434,0.000953,74.125.68.0-255,5738,107419,79,255419
17435,0.000956,172.31.40.0-255,66,107485,79,255419
17436,0.000986,74.125.68.0-255,7156,114641,79,255419
17437,0.000988,172.31.40.0-255,66,114707,79,255419
17438,0.000996,74.125.68.0-255,7156,121863,79,255419
17439,0.000998,172.31.40.0-255,66,121929,79,255419
17440,0.001019,74.125.68.0-255,1484,123413,79,255419
17441,0.00104,74.125.68.0-255,1484,124897,79,255419
17442,0.001042,172.31.40.0-255,66,124963,79,255419
17443,0.001059,74.125.68.0-255,2902,127865,79,255419
17444,0.001061,172.31.40.0-255,66,127931,79,255419
17445,0.001079,74.125.68.0-255,3602,131533,79,255419
17446,0.001082,172.31.40.0-255,66,131599,79,255419
17447,0.001105,74.125.68.0-255,1484,133083,79,255419
17448,0.00111,74.125.68.0-255,2902,135985,79,255419
17449,0.001112,172.31.40.0-255,66,136051,79,255419
17450,0.001116,74.125.68.0-255,2902,138953,79,255419
17451,0.001118,172.31.40.0-255,66,139019,79,255419
17452,0.00114,74.125.68.0-255,2902,141921,79,255419
17453,0.001142,172.31.40.0-255,66,141987,79,255419
17454,0.00115,74.125.68.0-255,2902,144889,79,255419
17455,0.001153,172.31.40.0-255,66,144955,79,255419
17456,0.001185,74.125.68.0-255,4320,149275,79,255419
17457,0.001188,172.31.40.0-255,66,149341,79,255419
17458,0.001195,74.125.68.0-255,7156,156497,79,255419
17459,0.001197,172.31.40.0-255,66,156563,79,255419
17460,0.001229,74.125.68.0-255,5738,162301,79,255419
17461,0.001231,172.31.40.0-255,66,162367,79,255419
17462,0.001243,74.125.68.0-255,1484,163851,79,255419
17463,0.001268,74.125.68.0-255,2184,166035,79,255419
17464,0.00127,172.31.40.0-255,66,166101,79,255419
17465,0.001701,74.125.68.0-255,1484,167585,79,255419
17466,0.001708,74.125.68.0-255,2902,170487,79,255419
17467,0.001711,172.31.40.0-255,66,170553,79,255419
17468,0.001734,74.125.68.0-255,5738,176291,79,255419
17469,0.001737,172.31.40.0-255,66,176357,79,255419
17470,0.00174,74.125.68.0-255,1484,177841,79,255419
17471,0.00177,74.125.68.0-255,2902,180743,79,255419
17472,0.001774,172.31.40.0-255,66,180809,79,255419
17473,0.00178,74.125.68.0-255,5738,186547,79,255419
17474,0.001782,172.31.40.0-255,66,186613,79,255419
17475,0.001789,74.125.68.0-255,5738,192351,79,255419
17476,0.001791,172.31.40.0-255,66,192417,79,255419
17477,0.001827,74.125.68.0-255,5738,198155,79,255419
17478,0.001831,172.31.40.0-255,66,198221,79,255419
17479,0.001835,74.125.68.0-255,2184,200405,79,255419
17480,0.001837,172.31.40.0-255,66,200471,79,255419
17481,0.001906,172.31.40.0-255,66,200537,79,255419
17482,0.001934,74.125.68.0-255,7156,207693,79,255419
17483,0.001937,172.31.40.0-255,66,207759,79,255419
17484,0.001954,172.31.40.0-255,66,207825,79,255419
17485,0.001956,74.125.68.0-255,766,208591,79,255419
17486,0.003628,172.31.40.0-255,66,208657,79,255419
17487,0.003937,74.125.68.0-255,4320,212977,79,255419
17488,0.003943,172.31.40.0-255,66,213043,79,255419
17489,0.005622,74.125.68.0-255,1484,214527,79,255419
17490,0.005935,74.125.68.0-255,2902,217429,79,255419
17491,0.005939,172.31.40.0-255,66,217495,79,255419
17492,0.005952,74.125.68.0-255,1484,218979,79,255419
17493,0.007921,74.125.68.0-255,2902,221881,79,255419
17494,0.007924,172.31.40.0-255,66,221947,79,255419
17495,0.007949,74.125.68.0-255,1484,223431,79,255419
17496,0.009912,74.125.68.0-255,4320,227751,79,255419
17497,0.009918,172.31.40.0-255,66,227817,79,255419
17498,0.011931,74.125.68.0-255,4320,232137,79,255419
17499,0.011939,172.31.40.0-255,66,232203,79,255419
17500,0.011978,74.125.68.0-255,1484,233687,79,255419
17501,0.013946,74.125.68.0-255,4320,238007,79,255419
17502,0.013955,172.31.40.0-255,66,238073,79,255419
17503,0.015955,74.125.68.0-255,5738,243811,79,255419
17504,0.015981,172.31.40.0-255,66,243877,79,255419
17505,0.017974,74.125.68.0-255,5738,249615,79,255419
17506,0.017982,172.31.40.0-255,66,249681,79,255419
17507,0.019999,74.125.68.0-255,5738,255419,79,255419
17508,0.0,74.125.24.0-255,146,146,79,110446
17509,2.4e-05,172.31.40.0-255,66,212,79,110446
17510,3.1e-05,74.125.24.0-255,1484,1696,79,110446
17511,3.6e-05,172.31.40.0-255,66,1762,79,110446
17512,4.8e-05,74.125.24.0-255,2902,4664,79,110446
17513,5.2e-05,172.31.40.0-255,66,4730,79,110446
17514,5.8e-05,74.125.24.0-255,4320,9050,79,110446
17515,6.2e-05,172.31.40.0-255,66,9116,79,110446
17516,0.000106,74.125.24.0-255,4320,13436,79,110446
17517,0.000109,172.31.40.0-255,66,13502,79,110446
17518,0.000138,74.125.24.0-255,4857,18359,79,110446
17519,0.000141,172.31.40.0-255,66,18425,79,110446
17520,0.000155,172.31.40.0-255,66,18491,79,110446
17521,0.000229,74.125.24.0-255,5738,24229,79,110446
17522,0.000233,172.31.40.0-255,66,24295,79,110446
17523,0.00027,172.31.40.0-255,66,24361,79,110446
17524,0.000644,74.125.24.0-255,1484,25845,79,110446
17525,0.00065,172.31.40.0-255,66,25911,79,110446
17526,0.000656,74.125.24.0-255,2902,28813,79,110446
17527,0.000658,172.31.40.0-255,66,28879,79,110446
17528,0.000662,74.125.24.0-255,1484,30363,79,110446
17529,0.000664,172.31.40.0-255,66,30429,79,110446
17530,0.000696,74.125.24.0-255,4320,34749,79,110446
17531,0.000699,172.31.40.0-255,66,34815,79,110446
17532,0.000732,172.31.40.0-255,66,34881,79,110446
17533,0.000781,172.31.40.0-255,66,34947,79,110446
17534,0.000812,74.125.24.0-255,2902,37849,79,110446
17535,0.000815,172.31.40.0-255,66,37915,79,110446
17536,0.000844,74.125.24.0-255,6797,44712,79,110446
17537,0.000847,172.31.40.0-255,66,44778,79,110446
17538,0.000863,172.31.40.0-255,66,44844,79,110446
17539,0.001633,74.125.24.0-255,1484,46328,79,110446
17540,0.001645,74.125.24.0-255,2902,49230,79,110446
17541,0.001649,172.31.40.0-255,66,49296,79,110446
17542,0.001657,74.125.24.0-255,5738,55034,79,110446
17543,0.001659,172.31.40.0-255,66,55100,79,110446
17544,0.001698,172.31.40.0-255,66,55166,79,110446
17545,0.001706,74.125.24.0-255,7156,62322,79,110446
17546,0.001708,172.31.40.0-255,66,62388,79,110446
17547,0.001731,74.125.24.0-255,3602,65990,79,110446
17548,0.001737,172.31.40.0-255,66,66056,79,110446
17549,0.001863,74.125.24.0-255,1484,67540,79,110446
17550,0.001871,74.125.24.0-255,2902,70442,79,110446
17551,0.001874,172.31.40.0-255,66,70508,79,110446
17552,0.001882,74.125.24.0-255,5738,76246,79,110446
17553,0.001884,172.31.40.0-255,66,76312,79,110446
17554,0.001921,74.125.24.0-255,2902,79214,79,110446
17555,0.001924,172.31.40.0-255,66,79280,79,110446
17556,0.00193,74.125.24.0-255,4320,83600,79,110446
17557,0.001932,172.31.40.0-255,66,83666,79,110446
17558,0.001943,172.31.40.0-255,66,83732,79,110446
17559,0.001946,74.125.24.0-255,1484,85216,79,110446
17560,0.001987,74.125.24.0-255,6438,91654,79,110446
17561,0.00199,172.31.40.0-255,66,91720,79,110446
17562,0.002001,172.31.40.0-255,66,91786,79,110446
17563,0.002022,172.31.40.0-255,66,91852,79,110446
17564,0.002056,74.125.24.0-255,7156,99008,79,110446
17565,0.002059,172.31.40.0-255,66,99074,79,110446
17566,0.002081,172.31.40.0-255,66,99140,79,110446
17567,0.002116,74.125.24.0-255,3602,102742,79,110446
17568,0.002119,172.31.40.0-255,66,102808,79,110446
17569,0.002132,172.31.40.0-255,66,102874,79,110446
17570,0.002153,172.31.40.0-255,66,102940,79,110446
17571,0.002175,172.31.40.0-255,66,103006,79,110446
17572,0.002189,172.31.40.0-255,66,103072,79,110446
17573,0.002276,172.31.40.0-255,66,103138,79,110446
17574,0.00229,172.31.40.0-255,66,103204,79,110446
17575,0.002333,172.31.40.0-255,66,103270,79,110446
17576,0.002346,172.31.40.0-255,66,103336,79,110446
17577,0.00237,172.31.40.0-255,66,103402,79,110446
17578,0.002413,74.125.24.0-255,6438,109840,79,110446
17579,0.002417,172.31.40.0-255,66,109906,79,110446
17580,0.002448,172.31.40.0-255,66,109972,79,110446
17581,0.002461,172.31.40.0-255,66,110038,79,110446
17582,0.002475,172.31.40.0-255,66,110104,79,110446
17583,0.002478,74.125.24.0-255,105,110209,79,110446
17584,0.01058,172.31.40.0-255,66,110275,79,110446
17585,0.010622,172.31.40.0-255,105,110380,79,110446
17586,0.013209,74.125.24.0-255,66,110446,79,110446
17587,0.0,172.217.194.0-255,307,307,79,197858
17588,1.7e-05,172.31.40.0-255,66,373,79,197858
17589,2.4e-05,172.217.194.0-255,1484,1857,79,197858
17590,2.8e-05,172.31.40.0-255,66,1923,79,197858
17591,4.3e-05,172.217.194.0-255,4320,6243,79,197858
17592,4.6e-05,172.31.40.0-255,66,6309,79,197858
17593,9.5e-05,172.31.40.0-255,66,6375,79,197858
17594,0.000102,172.217.194.0-255,5738,12113,79,197858
17595,0.000104,172.31.40.0-255,66,12179,79,197858
17596,0.000129,172.217.194.0-255,2902,15081,79,197858
17597,0.000131,172.31.40.0-255,66,15147,79,197858
17598,0.000134,172.217.194.0-255,1484,16631,79,197858
17599,0.000136,172.31.40.0-255,66,16697,79,197858
17600,0.000162,172.217.194.0-255,6797,23494,79,197858
17601,0.000167,172.31.40.0-255,66,23560,79,197858
17602,0.000197,172.217.194.0-255,7156,30716,79,197858
17603,0.000204,172.31.40.0-255,66,30782,79,197858
17604,0.000241,172.217.194.0-255,7156,37938,79,197858
17605,0.000244,172.31.40.0-255,66,38004,79,197858
17606,0.000274,172.217.194.0-255,2543,40547,79,197858
17607,0.000277,172.31.40.0-255,66,40613,79,197858
17608,0.000297,172.31.40.0-255,66,40679,79,197858
17609,0.000327,172.217.194.0-255,4233,44912,79,197858
17610,0.000329,172.31.40.0-255,66,44978,79,197858
17611,0.000333,172.217.194.0-255,117,45095,79,197858
17612,0.000335,172.31.40.0-255,66,45161,79,197858
17613,0.000338,172.217.194.0-255,385,45546,79,197858
17614,0.000346,172.31.40.0-255,66,45612,79,197858
17615,0.000587,172.217.194.0-255,1484,47096,79,197858
17616,0.000594,172.31.40.0-255,66,47162,79,197858
17617,0.000599,172.217.194.0-255,2902,50064,79,197858
17618,0.000625,172.217.194.0-255,5738,55802,79,197858
17619,0.000632,172.217.194.0-255,5738,61540,79,197858
17620,0.000649,172.217.194.0-255,5738,67278,79,197858
17621,0.000675,172.217.194.0-255,4320,71598,79,197858
17622,0.000772,172.31.40.0-255,66,71664,79,197858
17623,0.000832,172.217.194.0-255,1484,73148,79,197858
17624,0.000839,172.217.194.0-255,2902,76050,79,197858
17625,0.000846,172.31.40.0-255,66,76116,79,197858
17626,0.000877,172.217.194.0-255,5738,81854,79,197858
17627,0.000885,172.217.194.0-255,7156,89010,79,197858
17628,0.000921,172.31.40.0-255,66,89076,79,197858
17629,0.000928,172.217.194.0-255,5738,94814,79,197858
17630,0.000931,172.217.194.0-255,2184,96998,79,197858
17631,0.000942,172.31.40.0-255,66,97064,79,197858
17632,0.000984,172.217.194.0-255,1484,98548,79,197858
17633,0.001007,172.217.194.0-255,2902,101450,79,197858
17634,0.001014,172.217.194.0-255,5738,107188,79,197858
17635,0.001016,172.217.194.0-255,1484,108672,79,197858
17636,0.001022,172.31.40.0-255,66,108738,79,197858
17637,0.001033,172.217.194.0-255,4320,113058,79,197858
17638,0.001044,172.31.40.0-255,66,113124,79,197858
17639,0.00105,172.217.194.0-255,1484,114608,79,197858
17640,0.001088,172.217.194.0-255,5020,119628,79,197858
17641,0.001096,172.31.40.0-255,66,119694,79,197858
17642,0.001364,172.217.194.0-255,1484,121178,79,197858
17643,0.001369,172.217.194.0-255,2902,124080,79,197858
17644,0.001389,172.217.194.0-255,5738,129818,79,197858
17645,0.001403,172.31.40.0-255,66,129884,79,197858
17646,0.001406,172.217.194.0-255,1484,131368,79,197858
17647,0.001463,172.31.40.0-255,66,131434,79,197858
17648,0.001871,172.217.194.0-255,1484,132918,79,197858
17649,0.001887,172.217.194.0-255,2902,135820,79,197858
17650,0.001891,172.31.40.0-255,66,135886,79,197858
17651,0.001896,172.217.194.0-255,2902,138788,79,197858
17652,0.001918,172.217.194.0-255,2902,141690,79,197858
17653,0.001936,172.217.194.0-255,4320,146010,79,197858
17654,0.001942,172.31.40.0-255,66,146076,79,197858
17655,0.001974,172.217.194.0-255,2902,148978,79,197858
17656,0.002015,172.217.194.0-255,1484,150462,79,197858
17657,0.002019,172.31.40.0-255,66,150528,79,197858
17658,0.002031,172.217.194.0-255,6438,156966,79,197858
17659,0.002053,172.31.40.0-255,66,157032,79,197858
17660,0.002185,172.217.194.0-255,1484,158516,79,197858
17661,0.002203,172.217.194.0-255,2902,161418,79,197858
17662,0.002206,172.31.40.0-255,66,161484,79,197858
17663,0.002214,172.217.194.0-255,5738,167222,79,197858
17664,0.002277,172.31.40.0-255,66,167288,79,197858
17665,0.00228,172.217.194.0-255,1484,168772,79,197858
17666,0.002346,172.31.40.0-255,66,168838,79,197858
17667,0.004608,172.217.194.0-255,5738,174576,79,197858
17668,0.004624,172.31.40.0-255,66,174642,79,197858
17669,0.006924,172.217.194.0-255,5738,180380,79,197858
17670,0.010951,172.31.40.0-255,66,180446,79,197858
17671,0.01324,172.217.194.0-255,5738,186184,79,197858
17672,0.013256,172.31.40.0-255,66,186250,79,197858
17673,0.015519,172.217.194.0-255,5738,191988,79,197858
17674,0.015533,172.31.40.0-255,66,192054,79,197858
17675,0.01781,172.217.194.0-255,5738,197792,79,197858
17676,0.017818,172.31.40.0-255,66,197858,79,197858
17677,0.0,74.125.68.0-255,143,143,79,136863
17678,1.7e-05,172.31.40.0-255,66,209,79,136863
17679,2.4e-05,74.125.68.0-255,1484,1693,79,136863
17680,2.8e-05,172.31.40.0-255,66,1759,79,136863
17681,3.1e-05,74.125.68.0-255,1484,3243,79,136863
17682,3.3e-05,172.31.40.0-255,66,3309,79,136863
17683,3.9e-05,74.125.68.0-255,2902,6211,79,136863
17684,4.3e-05,172.31.40.0-255,66,6277,79,136863
17685,5e-05,74.125.68.0-255,5738,12015,79,136863
17686,5.3e-05,172.31.40.0-255,66,12081,79,136863
17687,5.8e-05,74.125.68.0-255,2131,14212,79,136863
17688,6.1e-05,172.31.40.0-255,66,14278,79,136863
17689,0.000335,74.125.68.0-255,1484,15762,79,136863
17690,0.000342,172.31.40.0-255,66,15828,79,136863
17691,0.000347,74.125.68.0-255,2902,18730,79,136863
17692,0.00035,172.31.40.0-255,66,18796,79,136863
17693,0.000354,74.125.68.0-255,2902,21698,79,136863
17694,0.000357,172.31.40.0-255,66,21764,79,136863
17695,0.000374,74.125.68.0-255,1484,23248,79,136863
17696,0.000378,172.31.40.0-255,66,23314,79,136863
17697,0.000394,74.125.68.0-255,1484,24798,79,136863
17698,0.000396,172.31.40.0-255,66,24864,79,136863
17699,0.000421,74.125.68.0-255,6797,31661,79,136863
17700,0.000424,172.31.40.0-255,66,31727,79,136863
17701,0.000956,74.125.68.0-255,1484,33211,79,136863
17702,0.000962,172.31.40.0-255,66,33277,79,136863
17703,0.000971,74.125.68.0-255,2902,36179,79,136863
17704,0.000973,172.31.40.0-255,66,36245,79,136863
17705,0.000977,74.125.68.0-255,1484,37729,79,136863
17706,0.00098,172.31.40.0-255,66,37795,79,136863
17707,0.001006,74.125.68.0-255,4320,42115,79,136863
17708,0.001009,172.31.40.0-255,66,42181,79,136863
17709,0.001016,74.125.68.0-255,5738,47919,79,136863
17710,0.001018,172.31.40.0-255,66,47985,79,136863
17711,0.001051,74.125.68.0-255,6797,54782,79,136863
17712,0.001054,172.31.40.0-255,66,54848,79,136863
17713,0.001058,74.125.68.0-255,2902,57750,79,136863
17714,0.00106,172.31.40.0-255,66,57816,79,136863
17715,0.001109,74.125.68.0-255,2902,60718,79,136863
17716,0.001113,172.31.40.0-255,66,60784,79,136863
17717,0.001135,74.125.68.0-255,5379,66163,79,136863
17718,0.001139,172.31.40.0-255,66,66229,79,136863
17719,0.001933,74.125.68.0-255,648,66877,79,136863
17720,0.002087,74.125.68.0-255,1484,68361,79,136863
17721,0.002091,172.31.40.0-255,66,68427,79,136863
17722,0.002096,74.125.68.0-255,1484,69911,79,136863
17723,0.002113,74.125.68.0-255,1484,71395,79,136863
17724,0.002115,172.31.40.0-255,66,71461,79,136863
17725,0.00212,74.125.68.0-255,2902,74363,79,136863
17726,0.002123,172.31.40.0-255,66,74429,79,136863
17727,0.002129,74.125.68.0-255,4320,78749,79,136863
17728,0.002132,172.31.40.0-255,66,78815,79,136863
17729,0.002154,74.125.68.0-255,7156,85971,79,136863
17730,0.002157,172.31.40.0-255,66,86037,79,136863
17731,0.002175,74.125.68.0-255,1484,87521,79,136863
17732,0.002178,74.125.68.0-255,1484,89005,79,136863
17733,0.00218,172.31.40.0-255,66,89071,79,136863
17734,0.002184,74.125.68.0-255,2902,91973,79,136863
17735,0.002187,172.31.40.0-255,66,92039,79,136863
17736,0.00222,74.125.68.0-255,2902,94941,79,136863
17737,0.002222,172.31.40.0-255,66,95007,79,136863
17738,0.002228,74.125.68.0-255,4320,99327,79,136863
17739,0.002231,172.31.40.0-255,66,99393,79,136863
17740,0.002269,74.125.68.0-255,2184,101577,79,136863
17741,0.002272,172.31.40.0-255,66,101643,79,136863
17742,0.004769,74.125.68.0-255,2902,104545,79,136863
17743,0.004772,172.31.40.0-255,66,104611,79,136863
17744,0.004817,74.125.68.0-255,2902,107513,79,136863
17745,0.004821,172.31.40.0-255,66,107579,79,136863
17746,0.007325,74.125.68.0-255,2902,110481,79,136863
17747,0.007331,172.31.40.0-255,66,110547,79,136863
17748,0.007361,74.125.68.0-255,2902,113449,79,136863
17749,0.007363,172.31.40.0-255,66,113515,79,136863
17750,0.009884,74.125.68.0-255,2902,116417,79,136863
17751,0.009894,172.31.40.0-255,66,116483,79,136863
17752,0.009915,74.125.68.0-255,2902,119385,79,136863
17753,0.009918,172.31.40.0-255,66,119451,79,136863
17754,0.012456,74.125.68.0-255,5738,125189,79,136863
17755,0.012465,172.31.40.0-255,66,125255,79,136863
17756,0.015027,74.125.68.0-255,5738,130993,79,136863
17757,0.015038,172.31.40.0-255,66,131059,79,136863
17758,0.01761,74.125.68.0-255,5738,136797,79,136863
17759,0.017619,172.31.40.0-255,66,136863,79,136863
17760,0.0,74.125.24.0-255,292,292,79,213200
17761,1.8e-05,172.31.40.0-255,66,358,79,213200
17762,2.4e-05,74.125.24.0-255,1484,1842,79,213200
17763,2.9e-05,172.31.40.0-255,66,1908,79,213200
17764,3.5e-05,74.125.24.0-255,4320,6228,79,213200
17765,4.5e-05,172.31.40.0-255,66,6294,79,213200
17766,5.1e-05,74.125.24.0-255,4320,10614,79,213200
17767,5.5e-05,172.31.40.0-255,66,10680,79,213200
17768,0.0001,172.31.40.0-255,66,10746,79,213200
17769,0.000106,74.125.24.0-255,4320,15066,79,213200
17770,0.000108,172.31.40.0-255,66,15132,79,213200
17771,0.000138,74.125.24.0-255,5379,20511,79,213200
17772,0.00014,172.31.40.0-255,66,20577,79,213200
17773,0.000168,74.125.24.0-255,1484,22061,79,213200
17774,0.00017,172.31.40.0-255,66,22127,79,213200
17775,0.000176,74.125.24.0-255,2902,25029,79,213200
17776,0.000179,172.31.40.0-255,66,25095,79,213200
17777,0.000184,74.125.24.0-255,4320,29415,79,213200
17778,0.000186,172.31.40.0-255,66,29481,79,213200
17779,0.000208,74.125.24.0-255,1484,30965,79,213200
17780,0.00021,172.31.40.0-255,66,31031,79,213200
17781,0.000217,74.125.24.0-255,5738,36769,79,213200
17782,0.000219,172.31.40.0-255,66,36835,79,213200
17783,0.000256,74.125.24.0-255,2543,39378,79,213200
17784,0.000258,172.31.40.0-255,66,39444,79,213200
17785,0.0003,172.31.40.0-255,66,39510,79,213200
17786,0.000331,74.125.24.0-255,3961,43471,79,213200
17787,0.000334,172.31.40.0-255,66,43537,79,213200
17788,0.000337,74.125.24.0-255,396,43933,79,213200
17789,0.000339,172.31.40.0-255,66,43999,79,213200
17790,0.000342,74.125.24.0-255,110,44109,79,213200
17791,0.000542,74.125.24.0-255,333,44442,79,213200
17792,0.000643,74.125.24.0-255,1484,45926,79,213200
17793,0.000649,172.31.40.0-255,66,45992,79,213200
17794,0.000655,74.125.24.0-255,2902,48894,79,213200
17795,0.000657,172.31.40.0-255,66,48960,79,213200
17796,0.000668,74.125.24.0-255,5738,54698,79,213200
17797,0.00067,172.31.40.0-255,66,54764,79,213200
17798,0.000706,74.125.24.0-255,6797,61561,79,213200
17799,0.000709,172.31.40.0-255,66,61627,79,213200
17800,0.000716,74.125.24.0-255,5738,67365,79,213200
17801,0.000718,172.31.40.0-255,66,67431,79,213200
17802,0.000744,74.125.24.0-255,1484,68915,79,213200
17803,0.00076,74.125.24.0-255,2902,71817,79,213200
17804,0.000762,172.31.40.0-255,66,71883,79,213200
17805,0.000796,74.125.24.0-255,6797,78680,79,213200
17806,0.000799,172.31.40.0-255,66,78746,79,213200
17807,0.001139,74.125.24.0-255,1484,80230,79,213200
17808,0.001143,74.125.24.0-255,1484,81714,79,213200
17809,0.001149,172.31.40.0-255,66,81780,79,213200
17810,0.001158,74.125.24.0-255,1484,83264,79,213200
17811,0.001163,74.125.24.0-255,2902,86166,79,213200
17812,0.001166,172.31.40.0-255,66,86232,79,213200
17813,0.001178,74.125.24.0-255,7156,93388,79,213200
17814,0.00118,172.31.40.0-255,66,93454,79,213200
17815,0.001213,172.31.40.0-255,66,93520,79,213200
17816,0.001234,74.125.24.0-255,2902,96422,79,213200
17817,0.001236,172.31.40.0-255,66,96488,79,213200
17818,0.001243,74.125.24.0-255,5020,101508,79,213200
17819,0.001245,172.31.40.0-255,66,101574,79,213200
17820,0.001275,74.125.24.0-255,5738,107312,79,213200
17821,0.001281,172.31.40.0-255,66,107378,79,213200
17822,0.001297,74.125.24.0-255,7156,114534,79,213200
17823,0.001303,172.31.40.0-255,66,114600,79,213200
17824,0.001339,172.31.40.0-255,66,114666,79,213200
17825,0.001375,74.125.24.0-255,5738,120404,79,213200
17826,0.001379,172.31.40.0-255,66,120470,79,213200
17827,0.001386,74.125.24.0-255,6438,126908,79,213200
17828,0.001388,172.31.40.0-255,66,126974,79,213200
17829,0.001411,74.125.24.0-255,1484,128458,79,213200
17830,0.001415,74.125.24.0-255,2902,131360,79,213200
17831,0.001418,172.31.40.0-255,66,131426,79,213200
17832,0.001428,74.125.24.0-255,5738,137164,79,213200
17833,0.001431,172.31.40.0-255,66,137230,79,213200
17834,0.001481,172.31.40.0-255,66,137296,79,213200
17835,0.001492,172.31.40.0-255,66,137362,79,213200
17836,0.001498,74.125.24.0-255,5020,142382,79,213200
17837,0.0015,172.31.40.0-255,66,142448,79,213200
17838,0.002136,74.125.24.0-255,1484,143932,79,213200
17839,0.00214,74.125.24.0-255,1484,145416,79,213200
17840,0.002146,172.31.40.0-255,66,145482,79,213200
17841,0.002154,74.125.24.0-255,1484,146966,79,213200
17842,0.002157,74.125.24.0-255,1484,148450,79,213200
17843,0.002159,172.31.40.0-255,66,148516,79,213200
17844,0.002208,74.125.24.0-255,4320,152836,79,213200
17845,0.002212,172.31.40.0-255,66,152902,79,213200
17846,0.002225,172.31.40.0-255,66,152968,79,213200
17847,0.002233,74.125.24.0-255,7156,160124,79,213200
17848,0.002235,172.31.40.0-255,66,160190,79,213200
17849,0.002261,74.125.24.0-255,2902,163092,79,213200
17850,0.002264,172.31.40.0-255,66,163158,79,213200
17851,0.002267,74.125.24.0-255,766,163924,79,213200
17852,0.002282,74.125.24.0-255,1484,165408,79,213200
17853,0.002288,172.31.40.0-255,66,165474,79,213200
17854,0.002309,74.125.24.0-255,4320,169794,79,213200
17855,0.002311,172.31.40.0-255,66,169860,79,213200
17856,0.002367,74.125.24.0-255,4320,174180,79,213200
17857,0.002369,172.31.40.0-255,66,174246,79,213200
17858,0.002399,172.31.40.0-255,66,174312,79,213200
17859,0.002412,74.125.24.0-255,1484,175796,79,213200
17860,0.002431,172.31.40.0-255,66,175862,79,213200
17861,0.002454,74.125.24.0-255,2184,178046,79,213200
17862,0.002457,172.31.40.0-255,66,178112,79,213200
17863,0.005076,74.125.24.0-255,2902,181014,79,213200
17864,0.005084,172.31.40.0-255,66,181080,79,213200
17865,0.005114,74.125.24.0-255,2902,183982,79,213200
17866,0.005116,172.31.40.0-255,66,184048,79,213200
17867,0.007735,74.125.24.0-255,2902,186950,79,213200
17868,0.007749,172.31.40.0-255,66,187016,79,213200
17869,0.007786,74.125.24.0-255,2902,189918,79,213200
17870,0.007789,172.31.40.0-255,66,189984,79,213200
17871,0.010461,74.125.24.0-255,5738,195722,79,213200
17872,0.010478,172.31.40.0-255,66,195788,79,213200
17873,0.013129,74.125.24.0-255,5738,201526,79,213200
17874,0.013136,172.31.40.0-255,66,201592,79,213200
17875,0.015789,74.125.24.0-255,5738,207330,79,213200
17876,0.015798,172.31.40.0-255,66,207396,79,213200
17877,0.0185,74.125.24.0-255,5738,213134,79,213200
17878,0.018516,172.31.40.0-255,66,213200,79,213200
17879,0.0,74.125.24.0-255,143,143,79,154782
17880,2.5e-05,172.31.40.0-255,66,209,79,154782
17881,3.2e-05,74.125.24.0-255,1484,1693,79,154782
17882,3.7e-05,172.31.40.0-255,66,1759,79,154782
17883,5.2e-05,74.125.24.0-255,2902,4661,79,154782
17884,5.5e-05,172.31.40.0-255,66,4727,79,154782
17885,6.3e-05,74.125.24.0-255,7156,11883,79,154782
17886,6.8e-05,172.31.40.0-255,66,11949,79,154782
17887,7.2e-05,74.125.24.0-255,1941,13890,79,154782
17888,7.5e-05,172.31.40.0-255,66,13956,79,154782
17889,8.8e-05,172.31.40.0-255,66,14022,79,154782
17890,9.5e-05,74.125.24.0-255,5379,19401,79,154782
17891,9.8e-05,172.31.40.0-255,66,19467,79,154782
17892,0.000529,74.125.24.0-255,1484,20951,79,154782
17893,0.000534,74.125.24.0-255,1484,22435,79,154782
17894,0.000539,172.31.40.0-255,66,22501,79,154782
17895,0.000544,172.31.40.0-255,66,22567,79,154782
17896,0.000553,74.125.24.0-255,1484,24051,79,154782
17897,0.000555,172.31.40.0-255,66,24117,79,154782
17898,0.000567,74.125.24.0-255,5738,29855,79,154782
17899,0.00057,172.31.40.0-255,66,29921,79,154782
17900,0.000573,74.125.24.0-255,1484,31405,79,154782
17901,0.000575,172.31.40.0-255,66,31471,79,154782
17902,0.000615,172.31.40.0-255,66,31537,79,154782
17903,0.000622,74.125.24.0-255,7156,38693,79,154782
17904,0.000625,172.31.40.0-255,66,38759,79,154782
17905,0.00065,74.125.24.0-255,3602,42361,79,154782
17906,0.000653,172.31.40.0-255,66,42427,79,154782
17907,0.000732,74.125.24.0-255,357,42784,79,154782
17908,0.000735,172.31.40.0-255,66,42850,79,154782
17909,0.000761,74.125.24.0-255,1484,44334,79,154782
17910,0.000778,74.125.24.0-255,4320,48654,79,154782
17911,0.000781,172.31.40.0-255,66,48720,79,154782
17912,0.000823,172.31.40.0-255,66,48786,79,154782
17913,0.000826,74.125.24.0-255,1424,50210,79,154782
17914,0.001229,172.31.40.0-255,66,50276,79,154782
17915,0.001268,74.125.24.0-255,1484,51760,79,154782
17916,0.001281,74.125.24.0-255,2902,54662,79,154782
17917,0.001284,172.31.40.0-255,66,54728,79,154782
17918,0.00129,74.125.24.0-255,2902,57630,79,154782
17919,0.001292,172.31.40.0-255,66,57696,79,154782
17920,0.001323,74.125.24.0-255,2902,60598,79,154782
17921,0.001326,172.31.40.0-255,66,60664,79,154782
17922,0.001331,74.125.24.0-255,4320,64984,79,154782
17923,0.001333,172.31.40.0-255,66,65050,79,154782
17924,0.001346,172.31.40.0-255,66,65116,79,154782
17925,0.001386,172.31.40.0-255,66,65182,79,154782
17926,0.001431,74.125.24.0-255,1484,66666,79,154782
17927,0.001436,74.125.24.0-255,2902,69568,79,154782
17928,0.001438,172.31.40.0-255,66,69634,79,154782
17929,0.001443,74.125.24.0-255,4320,73954,79,154782
17930,0.001445,172.31.40.0-255,66,74020,79,154782
17931,0.001464,74.125.24.0-255,1484,75504,79,154782
17932,0.001473,74.125.24.0-255,4320,79824,79,154782
17933,0.001475,172.31.40.0-255,66,79890,79,154782
17934,0.00148,74.125.24.0-255,2902,82792,79,154782
17935,0.001482,172.31.40.0-255,66,82858,79,154782
17936,0.001524,172.31.40.0-255,66,82924,79,154782
17937,0.001535,172.31.40.0-255,66,82990,79,154782
17938,0.001551,172.31.40.0-255,66,83056,79,154782
17939,0.001604,172.31.40.0-255,66,83122,79,154782
17940,0.00164,74.125.24.0-255,4320,87442,79,154782
17941,0.001644,172.31.40.0-255,66,87508,79,154782
17942,0.001668,172.31.40.0-255,66,87574,79,154782
17943,0.001878,74.125.24.0-255,1484,89058,79,154782
17944,0.001883,74.125.24.0-255,2902,91960,79,154782
17945,0.001894,172.31.40.0-255,66,92026,79,154782
17946,0.001902,74.125.24.0-255,5738,97764,79,154782
17947,0.001904,172.31.40.0-255,66,97830,79,154782
17948,0.001943,172.31.40.0-255,66,97896,79,154782
17949,0.001987,172.31.40.0-255,66,97962,79,154782
17950,0.00227,74.125.24.0-255,1484,99446,79,154782
17951,0.002277,74.125.24.0-255,2902,102348,79,154782
17952,0.00228,172.31.40.0-255,66,102414,79,154782
17953,0.002284,74.125.24.0-255,1484,103898,79,154782
17954,0.002322,74.125.24.0-255,4320,108218,79,154782
17955,0.002326,172.31.40.0-255,66,108284,79,154782
17956,0.002334,172.31.40.0-255,66,108350,79,154782
17957,0.002344,74.125.24.0-255,5738,114088,79,154782
17958,0.002347,172.31.40.0-255,66,114154,79,154782
17959,0.004717,74.125.24.0-255,5738,119892,79,154782
17960,0.004724,172.31.40.0-255,66,119958,79,154782
17961,0.007015,74.125.24.0-255,5738,125696,79,154782
17962,0.007019,172.31.40.0-255,66,125762,79,154782
17963,0.009312,74.125.24.0-255,5738,131500,79,154782
17964,0.00933,172.31.40.0-255,66,131566,79,154782
17965,0.011636,74.125.24.0-255,5738,137304,79,154782
17966,0.011642,172.31.40.0-255,66,137370,79,154782
17967,0.013927,74.125.24.0-255,5738,143108,79,154782
17968,0.013946,172.31.40.0-255,66,143174,79,154782
17969,0.016237,74.125.24.0-255,5738,148912,79,154782
17970,0.01625,172.31.40.0-255,66,148978,79,154782
17971,0.018525,74.125.24.0-255,5738,154716,79,154782
17972,0.018534,172.31.40.0-255,66,154782,79,154782
17973,0.0,74.125.24.0-255,143,143,79,208310
17974,2.2e-05,172.31.40.0-255,66,209,79,208310
17975,2.9e-05,74.125.24.0-255,1484,1693,79,208310
17976,3.3e-05,172.31.40.0-255,66,1759,79,208310
17977,4.6e-05,74.125.24.0-255,2902,4661,79,208310
17978,5e-05,172.31.40.0-255,66,4727,79,208310
17979,5.7e-05,74.125.24.0-255,7156,11883,79,208310
17980,5.9e-05,172.31.40.0-255,66,11949,79,208310
17981,6.3e-05,74.125.24.0-255,2037,13986,79,208310
17982,6.5e-05,172.31.40.0-255,66,14052,79,208310
17983,0.000122,172.31.40.0-255,66,14118,79,208310
17984,0.000124,74.125.24.0-255,1484,15602,79,208310
17985,0.000126,172.31.40.0-255,66,15668,79,208310
17986,0.000157,74.125.24.0-255,6797,22465,79,208310
17987,0.000159,172.31.40.0-255,66,22531,79,208310
17988,0.000265,74.125.24.0-255,1484,24015,79,208310
17989,0.000268,172.31.40.0-255,66,24081,79,208310
17990,0.000274,74.125.24.0-255,2902,26983,79,208310
17991,0.000276,172.31.40.0-255,66,27049,79,208310
17992,0.000278,74.125.24.0-255,1484,28533,79,208310
17993,0.00028,172.31.40.0-255,66,28599,79,208310
17994,0.000315,74.125.24.0-255,4320,32919,79,208310
17995,0.000318,172.31.40.0-255,66,32985,79,208310
17996,0.000324,74.125.24.0-255,4320,37305,79,208310
17997,0.000326,172.31.40.0-255,66,37371,79,208310
17998,0.000342,172.31.40.0-255,66,37437,79,208310
17999,0.000348,74.125.24.0-255,7072,44509,79,208310
18000,0.00035,172.31.40.0-255,66,44575,79,208310
18001,0.00041,74.125.24.0-255,132,44707,79,208310
18002,0.000413,172.31.40.0-255,66,44773,79,208310
18003,0.000436,74.125.24.0-255,347,45120,79,208310
18004,0.000816,74.125.24.0-255,1484,46604,79,208310
18005,0.000821,172.31.40.0-255,66,46670,79,208310
18006,0.000827,74.125.24.0-255,2902,49572,79,208310
18007,0.000828,172.31.40.0-255,66,49638,79,208310
18008,0.000833,74.125.24.0-255,2902,52540,79,208310
18009,0.000838,172.31.40.0-255,66,52606,79,208310
18010,0.000864,74.125.24.0-255,2902,55508,79,208310
18011,0.000867,172.31.40.0-255,66,55574,79,208310
18012,0.000872,74.125.24.0-255,4320,59894,79,208310
18013,0.000873,172.31.40.0-255,66,59960,79,208310
18014,0.000888,172.31.40.0-255,66,60026,79,208310
18015,0.000938,172.31.40.0-255,66,60092,79,208310
18016,0.000951,172.31.40.0-255,66,60158,79,208310
18017,0.000979,74.125.24.0-255,7156,67314,79,208310
18018,0.000982,172.31.40.0-255,66,67380,79,208310
18019,0.000986,74.125.24.0-255,2184,69564,79,208310
18020,0.000988,172.31.40.0-255,66,69630,79,208310
18021,0.001025,74.125.24.0-255,1484,71114,79,208310
18022,0.001029,74.125.24.0-255,1484,72598,79,208310
18023,0.001031,172.31.40.0-255,66,72664,79,208310
18024,0.001042,74.125.24.0-255,1484,74148,79,208310
18025,0.001051,74.125.24.0-255,5738,79886,79,208310
18026,0.001054,172.31.40.0-255,66,79952,79,208310
18027,0.001087,172.31.40.0-255,66,80018,79,208310
18028,0.001115,74.125.24.0-255,2902,82920,79,208310
18029,0.001117,172.31.40.0-255,66,82986,79,208310
18030,0.001151,172.31.40.0-255,66,83052,79,208310
18031,0.001154,74.125.24.0-255,1484,84536,79,208310
18032,0.001174,74.125.24.0-255,2902,87438,79,208310
18033,0.001179,74.125.24.0-255,5738,93176,79,208310
18034,0.001183,172.31.40.0-255,66,93242,79,208310
18035,0.001189,172.31.40.0-255,66,93308,79,208310
18036,0.001194,74.125.24.0-255,4320,97628,79,208310
18037,0.001196,172.31.40.0-255,66,97694,79,208310
18038,0.00122,172.31.40.0-255,66,97760,79,208310
18039,0.001229,74.125.24.0-255,5738,103498,79,208310
18040,0.001231,172.31.40.0-255,66,103564,79,208310
18041,0.001284,74.125.24.0-255,5020,108584,79,208310
18042,0.001286,172.31.40.0-255,66,108650,79,208310
18043,0.001292,74.125.24.0-255,5738,114388,79,208310
18044,0.001294,172.31.40.0-255,66,114454,79,208310
18045,0.001329,172.31.40.0-255,66,114520,79,208310
18046,0.001365,74.125.24.0-255,7156,121676,79,208310
18047,0.001368,172.31.40.0-255,66,121742,79,208310
18048,0.001399,172.31.40.0-255,66,121808,79,208310
18049,0.001447,74.125.24.0-255,1484,123292,79,208310
18050,0.001452,74.125.24.0-255,2902,126194,79,208310
18051,0.001454,172.31.40.0-255,66,126260,79,208310
18052,0.001483,74.125.24.0-255,5738,131998,79,208310
18053,0.001486,172.31.40.0-255,66,132064,79,208310
18054,0.001514,172.31.40.0-255,66,132130,79,208310
18055,0.001544,74.125.24.0-255,2902,135032,79,208310
18056,0.001547,172.31.40.0-255,66,135098,79,208310
18057,0.001563,172.31.40.0-255,66,135164,79,208310
18058,0.001689,74.125.24.0-255,1484,136648,79,208310
18059,0.001701,74.125.24.0-255,2902,139550,79,208310
18060,0.001704,172.31.40.0-255,66,139616,79,208310
18061,0.00171,74.125.24.0-255,5738,145354,79,208310
18062,0.001712,172.31.40.0-255,66,145420,79,208310
18063,0.001739,74.125.24.0-255,5738,151158,79,208310
18064,0.001742,172.31.40.0-255,66,151224,79,208310
18065,0.00178,74.125.24.0-255,7156,158380,79,208310
18066,0.001783,172.31.40.0-255,66,158446,79,208310
18067,0.001794,172.31.40.0-255,66,158512,79,208310
18068,0.001802,74.125.24.0-255,766,159278,79,208310
18069,0.001805,74.125.24.0-255,1484,160762,79,208310
18070,0.001807,172.31.40.0-255,66,160828,79,208310
18071,0.001813,74.125.24.0-255,4320,165148,79,208310
18072,0.001816,172.31.40.0-255,66,165214,79,208310
18073,0.001821,74.125.24.0-255,4320,169534,79,208310
18074,0.001823,172.31.40.0-255,66,169600,79,208310
18075,0.001856,74.125.24.0-255,5738,175338,79,208310
18076,0.00186,172.31.40.0-255,66,175404,79,208310
18077,0.001881,172.31.40.0-255,66,175470,79,208310
18078,0.001902,74.125.24.0-255,2184,177654,79,208310
18079,0.001906,172.31.40.0-255,66,177720,79,208310
18080,0.001922,74.125.24.0-255,2902,180622,79,208310
18081,0.001924,172.31.40.0-255,66,180688,79,208310
18082,0.001931,74.125.24.0-255,4320,185008,79,208310
18083,0.001933,172.31.40.0-255,66,185074,79,208310
18084,0.001986,74.125.24.0-255,2902,187976,79,208310
18085,0.001991,172.31.40.0-255,66,188042,79,208310
18086,0.001999,74.125.24.0-255,7156,195198,79,208310
18087,0.002001,172.31.40.0-255,66,195264,79,208310
18088,0.002023,172.31.40.0-255,66,195330,79,208310
18089,0.002025,74.125.24.0-255,766,196096,79,208310
18090,0.00206,74.125.24.0-255,4320,200416,79,208310
18091,0.002063,172.31.40.0-255,66,200482,79,208310
18092,0.002069,74.125.24.0-255,5738,206220,79,208310
18093,0.002071,172.31.40.0-255,66,206286,79,208310
18094,0.002126,172.31.40.0-255,66,206352,79,208310
18095,0.002166,74.125.24.0-255,1484,207836,79,208310
18096,0.002182,172.31.40.0-255,66,207902,79,208310
18097,0.0022,172.31.40.0-255,66,207968,79,208310
18098,0.002211,172.31.40.0-255,66,208034,79,208310
18099,0.002214,74.125.24.0-255,105,208139,79,208310
18100,0.018578,172.31.40.0-255,66,208205,79,208310
18101,0.01863,172.31.40.0-255,105,208310,79,208310
18102,0.0,74.125.24.0-255,143,143,79,132158
18103,2.2e-05,172.31.40.0-255,66,209,79,132158
18104,2.9e-05,74.125.24.0-255,1484,1693,79,132158
18105,3.4e-05,172.31.40.0-255,66,1759,79,132158
18106,4e-05,74.125.24.0-255,2902,4661,79,132158
18107,5.2e-05,172.31.40.0-255,66,4727,79,132158
18108,6.1e-05,74.125.24.0-255,7156,11883,79,132158
18109,6.4e-05,172.31.40.0-255,66,11949,79,132158
18110,6.9e-05,74.125.24.0-255,1929,13878,79,132158
18111,7.2e-05,172.31.40.0-255,66,13944,79,132158
18112,0.000444,74.125.24.0-255,1484,15428,79,132158
18113,0.00045,172.31.40.0-255,66,15494,79,132158
18114,0.000457,74.125.24.0-255,2902,18396,79,132158
18115,0.00046,172.31.40.0-255,66,18462,79,132158
18116,0.000471,74.125.24.0-255,4320,22782,79,132158
18117,0.000473,172.31.40.0-255,66,22848,79,132158
18118,0.000516,74.125.24.0-255,1484,24332,79,132158
18119,0.000519,172.31.40.0-255,66,24398,79,132158
18120,0.000525,74.125.24.0-255,4320,28718,79,132158
18121,0.000528,172.31.40.0-255,66,28784,79,132158
18122,0.000532,74.125.24.0-255,2543,31327,79,132158
18123,0.000538,172.31.40.0-255,66,31393,79,132158
18124,0.000662,74.125.24.0-255,1484,32877,79,132158
18125,0.000667,172.31.40.0-255,66,32943,79,132158
18126,0.000687,74.125.24.0-255,2902,35845,79,132158
18127,0.00069,172.31.40.0-255,66,35911,79,132158
18128,0.0007,74.125.24.0-255,5738,41649,79,132158
18129,0.000703,172.31.40.0-255,66,41715,79,132158
18130,0.000747,74.125.24.0-255,6797,48512,79,132158
18131,0.00075,172.31.40.0-255,66,48578,79,132158
18132,0.001105,74.125.24.0-255,1484,50062,79,132158
18133,0.001111,172.31.40.0-255,66,50128,79,132158
18134,0.00112,74.125.24.0-255,2902,53030,79,132158
18135,0.001122,172.31.40.0-255,66,53096,79,132158
18136,0.001135,74.125.24.0-255,5738,58834,79,132158
18137,0.001137,172.31.40.0-255,66,58900,79,132158
18138,0.001144,74.125.24.0-255,5738,64638,79,132158
18139,0.001146,172.31.40.0-255,66,64704,79,132158
18140,0.001178,74.125.24.0-255,1125,65829,79,132158
18141,0.00215,74.125.24.0-255,1484,67313,79,132158
18142,0.002158,172.31.40.0-255,66,67379,79,132158
18143,0.002165,74.125.24.0-255,2902,70281,79,132158
18144,0.002168,172.31.40.0-255,66,70347,79,132158
18145,0.002195,74.125.24.0-255,5738,76085,79,132158
18146,0.002198,172.31.40.0-255,66,76151,79,132158
18147,0.002205,74.125.24.0-255,6797,82948,79,132158
18148,0.002207,172.31.40.0-255,66,83014,79,132158
18149,0.002239,74.125.24.0-255,4320,87334,79,132158
18150,0.002242,172.31.40.0-255,66,87400,79,132158
18151,0.002284,172.31.40.0-255,66,87466,79,132158
18152,0.002304,172.31.40.0-255,66,87532,79,132158
18153,0.002331,74.125.24.0-255,3602,91134,79,132158
18154,0.002334,172.31.40.0-255,66,91200,79,132158
18155,0.00466,74.125.24.0-255,1484,92684,79,132158
18156,0.004681,74.125.24.0-255,4320,97004,79,132158
18157,0.004685,172.31.40.0-255,66,97070,79,132158
18158,0.007019,74.125.24.0-255,5738,102808,79,132158
18159,0.007025,172.31.40.0-255,66,102874,79,132158
18160,0.009381,74.125.24.0-255,5738,108612,79,132158
18161,0.009386,172.31.40.0-255,66,108678,79,132158
18162,0.011733,74.125.24.0-255,5738,114416,79,132158
18163,0.011741,172.31.40.0-255,66,114482,79,132158
18164,0.014063,74.125.24.0-255,5738,120220,79,132158
18165,0.014069,172.31.40.0-255,66,120286,79,132158
18166,0.016436,74.125.24.0-255,2902,123188,79,132158
18167,0.016443,172.31.40.0-255,66,123254,79,132158
18168,0.01651,74.125.24.0-255,2902,126156,79,132158
18169,0.016514,172.31.40.0-255,66,126222,79,132158
18170,0.01881,74.125.24.0-255,2902,129124,79,132158
18171,0.01882,172.31.40.0-255,66,129190,79,132158
18172,0.018855,74.125.24.0-255,2902,132092,79,132158
18173,0.018858,172.31.40.0-255,66,132158,79,132158
18174,0.0,74.125.68.0-255,147,147,79,199512
18175,2.4e-05,172.31.40.0-255,66,213,79,199512
18176,3.2e-05,74.125.68.0-255,1484,1697,79,199512
18177,3.6e-05,172.31.40.0-255,66,1763,79,199512
18178,4.3e-05,74.125.68.0-255,2902,4665,79,199512
18179,4.6e-05,172.31.40.0-255,66,4731,79,199512
18180,5.5e-05,74.125.68.0-255,7156,11887,79,199512
18181,5.8e-05,172.31.40.0-255,66,11953,79,199512
18182,6.3e-05,74.125.68.0-255,2133,14086,79,199512
18183,6.6e-05,172.31.40.0-255,66,14152,79,199512
18184,0.000111,74.125.68.0-255,2902,17054,79,199512
18185,0.000114,172.31.40.0-255,66,17120,79,199512
18186,0.000121,74.125.68.0-255,7156,24276,79,199512
18187,0.000124,172.31.40.0-255,66,24342,79,199512
18188,0.000146,74.125.68.0-255,5738,30080,79,199512
18189,0.000149,172.31.40.0-255,66,30146,79,199512
18190,0.000187,74.125.68.0-255,2902,33048,79,199512
18191,0.00019,172.31.40.0-255,66,33114,79,199512
18192,0.000204,172.31.40.0-255,66,33180,79,199512
18193,0.00022,74.125.68.0-255,3602,36782,79,199512
18194,0.000222,172.31.40.0-255,66,36848,79,199512
18195,0.000247,74.125.68.0-255,4320,41168,79,199512
18196,0.00025,172.31.40.0-255,66,41234,79,199512
18197,0.000255,74.125.68.0-255,2902,44136,79,199512
18198,0.000257,172.31.40.0-255,66,44202,79,199512
18199,0.000279,74.125.68.0-255,1484,45686,79,199512
18200,0.000282,172.31.40.0-255,66,45752,79,199512
18201,0.000308,74.125.68.0-255,7156,52908,79,199512
18202,0.00031,172.31.40.0-255,66,52974,79,199512
18203,0.000313,74.125.68.0-255,1396,54370,79,199512
18204,0.000315,172.31.40.0-255,66,54436,79,199512
18205,0.00034,74.125.68.0-255,133,54569,79,199512
18206,0.000385,74.125.68.0-255,1484,56053,79,199512
18207,0.000388,172.31.40.0-255,66,56119,79,199512
18208,0.000393,74.125.68.0-255,2902,59021,79,199512
18209,0.000395,172.31.40.0-255,66,59087,79,199512
18210,0.000399,74.125.68.0-255,1484,60571,79,199512
18211,0.000417,74.125.68.0-255,1484,62055,79,199512
18212,0.000419,172.31.40.0-255,66,62121,79,199512
18213,0.000424,74.125.68.0-255,4320,66441,79,199512
18214,0.000428,172.31.40.0-255,66,66507,79,199512
18215,0.000452,74.125.68.0-255,1484,67991,79,199512
18216,0.000464,74.125.68.0-255,3961,71952,79,199512
18217,0.000467,172.31.40.0-255,66,72018,79,199512
18218,0.000527,74.125.68.0-255,1484,73502,79,199512
18219,0.000542,74.125.68.0-255,2902,76404,79,199512
18220,0.000545,172.31.40.0-255,66,76470,79,199512
18221,0.000548,74.125.68.0-255,1484,77954,79,199512
18222,0.000569,74.125.68.0-255,4320,82274,79,199512
18223,0.000572,172.31.40.0-255,66,82340,79,199512
18224,0.000575,74.125.68.0-255,1484,83824,79,199512
18225,0.000594,74.125.68.0-255,5379,89203,79,199512
18226,0.000597,172.31.40.0-255,66,89269,79,199512
18227,0.000599,74.125.68.0-255,347,89616,79,199512
18228,0.001101,74.125.68.0-255,1484,91100,79,199512
18229,0.001106,172.31.40.0-255,66,91166,79,199512
18230,0.001111,74.125.68.0-255,1484,92650,79,199512
18231,0.001128,74.125.68.0-255,1484,94134,79,199512
18232,0.00113,172.31.40.0-255,66,94200,79,199512
18233,0.001154,74.125.68.0-255,4320,98520,79,199512
18234,0.001157,172.31.40.0-255,66,98586,79,199512
18235,0.001182,172.31.40.0-255,66,98652,79,199512
18236,0.001206,74.125.68.0-255,4320,102972,79,199512
18237,0.001209,172.31.40.0-255,66,103038,79,199512
18238,0.001236,74.125.68.0-255,5738,108776,79,199512
18239,0.001239,172.31.40.0-255,66,108842,79,199512
18240,0.001246,74.125.68.0-255,6438,115280,79,199512
18241,0.001249,172.31.40.0-255,66,115346,79,199512
18242,0.001688,74.125.68.0-255,1484,116830,79,199512
18243,0.001695,74.125.68.0-255,2902,119732,79,199512
18244,0.001699,172.31.40.0-255,66,119798,79,199512
18245,0.001719,74.125.68.0-255,5738,125536,79,199512
18246,0.001722,172.31.40.0-255,66,125602,79,199512
18247,0.00175,74.125.68.0-255,1484,127086,79,199512
18248,0.001766,74.125.68.0-255,2902,129988,79,199512
18249,0.001769,172.31.40.0-255,66,130054,79,199512
18250,0.001773,74.125.68.0-255,2902,132956,79,199512
18251,0.001775,172.31.40.0-255,66,133022,79,199512
18252,0.001792,74.125.68.0-255,2902,135924,79,199512
18253,0.001794,172.31.40.0-255,66,135990,79,199512
18254,0.001799,74.125.68.0-255,4320,140310,79,199512
18255,0.001801,172.31.40.0-255,66,140376,79,199512
18256,0.001829,74.125.68.0-255,5738,146114,79,199512
18257,0.001832,172.31.40.0-255,66,146180,79,199512
18258,0.001848,74.125.68.0-255,1484,147664,79,199512
18259,0.001862,74.125.68.0-255,2184,149848,79,199512
18260,0.001865,172.31.40.0-255,66,149914,79,199512
18261,0.002298,74.125.68.0-255,1484,151398,79,199512
18262,0.002313,74.125.68.0-255,2902,154300,79,199512
18263,0.002316,172.31.40.0-255,66,154366,79,199512
18264,0.002334,74.125.68.0-255,1484,155850,79,199512
18265,0.002352,74.125.68.0-255,4320,160170,79,199512
18266,0.002355,172.31.40.0-255,66,160236,79,199512
18267,0.004672,74.125.68.0-255,5738,165974,79,199512
18268,0.00468,172.31.40.0-255,66,166040,79,199512
18269,0.006997,74.125.68.0-255,4320,170360,79,199512
18270,0.007001,172.31.40.0-255,66,170426,79,199512
18271,0.007024,74.125.68.0-255,1484,171910,79,199512
18272,0.009328,74.125.68.0-255,4320,176230,79,199512
18273,0.009336,172.31.40.0-255,66,176296,79,199512
18274,0.011706,74.125.68.0-255,5738,182034,79,199512
18275,0.011716,172.31.40.0-255,66,182100,79,199512
18276,0.01404,74.125.68.0-255,5738,187838,79,199512
18277,0.014049,172.31.40.0-255,66,187904,79,199512
18278,0.016384,74.125.68.0-255,5738,193642,79,199512
18279,0.016393,172.31.40.0-255,66,193708,79,199512
18280,0.018728,74.125.68.0-255,5738,199446,79,199512
18281,0.018739,172.31.40.0-255,66,199512,79,199512
18282,0.0,172.217.24.0-255,290,290,79,186438
18283,2.2e-05,172.31.40.0-255,66,356,79,186438
18284,2.9e-05,172.217.24.0-255,1484,1840,79,186438
18285,3.3e-05,172.31.40.0-255,66,1906,79,186438
18286,3.9e-05,172.217.24.0-255,4320,6226,79,186438
18287,4.2e-05,172.31.40.0-255,66,6292,79,186438
18288,5.5e-05,172.217.24.0-255,5738,12030,79,186438
18289,5.8e-05,172.31.40.0-255,66,12096,79,186438
18290,6.5e-05,172.217.24.0-255,6081,18177,79,186438
18291,6.7e-05,172.31.40.0-255,66,18243,79,186438
18292,7.4e-05,172.217.24.0-255,5738,23981,79,186438
18293,7.7e-05,172.31.40.0-255,66,24047,79,186438
18294,0.000116,172.217.24.0-255,6797,30844,79,186438
18295,0.00012,172.31.40.0-255,66,30910,79,186438
18296,0.000221,172.217.24.0-255,1484,32394,79,186438
18297,0.000225,172.31.40.0-255,66,32460,79,186438
18298,0.000228,172.217.24.0-255,1484,33944,79,186438
18299,0.000231,172.31.40.0-255,66,34010,79,186438
18300,0.000253,172.217.24.0-255,1484,35494,79,186438
18301,0.000256,172.31.40.0-255,66,35560,79,186438
18302,0.000267,172.217.24.0-255,5738,41298,79,186438
18303,0.000269,172.31.40.0-255,66,41364,79,186438
18304,0.000276,172.217.24.0-255,6797,48161,79,186438
18305,0.000278,172.31.40.0-255,66,48227,79,186438
18306,0.000326,172.217.24.0-255,1484,49711,79,186438
18307,0.000328,172.31.40.0-255,66,49777,79,186438
18308,0.000332,172.217.24.0-255,1484,51261,79,186438
18309,0.000334,172.31.40.0-255,66,51327,79,186438
18310,0.000364,172.217.24.0-255,1484,52811,79,186438
18311,0.000367,172.31.40.0-255,66,52877,79,186438
18312,0.000373,172.217.24.0-255,5738,58615,79,186438
18313,0.000375,172.31.40.0-255,66,58681,79,186438
18314,0.000407,172.217.24.0-255,6797,65478,79,186438
18315,0.000409,172.31.40.0-255,66,65544,79,186438
18316,0.000573,172.217.24.0-255,360,65904,79,186438
18317,0.000578,172.31.40.0-255,66,65970,79,186438
18318,0.000993,172.217.24.0-255,382,66352,79,186438
18319,0.000997,172.31.40.0-255,66,66418,79,186438
18320,0.001129,172.217.24.0-255,1484,67902,79,186438
18321,0.001133,172.31.40.0-255,66,67968,79,186438
18322,0.001137,172.217.24.0-255,1484,69452,79,186438
18323,0.001139,172.31.40.0-255,66,69518,79,186438
18324,0.001163,172.217.24.0-255,1484,71002,79,186438
18325,0.001166,172.31.40.0-255,66,71068,79,186438
18326,0.001177,172.217.24.0-255,5738,76806,79,186438
18327,0.001179,172.31.40.0-255,66,76872,79,186438
18328,0.001187,172.217.24.0-255,6797,83669,79,186438
18329,0.001188,172.31.40.0-255,66,83735,79,186438
18330,0.001213,172.217.24.0-255,1484,85219,79,186438
18331,0.001215,172.31.40.0-255,66,85285,79,186438
18332,0.001247,172.217.24.0-255,5738,91023,79,186438
18333,0.00125,172.31.40.0-255,66,91089,79,186438
18334,0.001257,172.217.24.0-255,5738,96827,79,186438
18335,0.001258,172.31.40.0-255,66,96893,79,186438
18336,0.001284,172.217.24.0-255,3961,100854,79,186438
18337,0.001287,172.31.40.0-255,66,100920,79,186438
18338,0.001569,172.217.24.0-255,1484,102404,79,186438
18339,0.001589,172.31.40.0-255,66,102470,79,186438
18340,0.001596,172.217.24.0-255,2902,105372,79,186438
18341,0.001599,172.31.40.0-255,66,105438,79,186438
18342,0.001608,172.217.24.0-255,2902,108340,79,186438
18343,0.00161,172.31.40.0-255,66,108406,79,186438
18344,0.001616,172.217.24.0-255,4320,112726,79,186438
18345,0.001618,172.31.40.0-255,66,112792,79,186438
18346,0.001628,172.31.40.0-255,66,112858,79,186438
18347,0.001674,172.31.40.0-255,66,112924,79,186438
18348,0.001728,172.217.24.0-255,1484,114408,79,186438
18349,0.001731,172.31.40.0-255,66,114474,79,186438
18350,0.001735,172.217.24.0-255,2902,117376,79,186438
18351,0.001737,172.31.40.0-255,66,117442,79,186438
18352,0.001744,172.217.24.0-255,5738,123180,79,186438
18353,0.00175,172.31.40.0-255,66,123246,79,186438
18354,0.001763,172.31.40.0-255,66,123312,79,186438
18355,0.001794,172.217.24.0-255,5738,129050,79,186438
18356,0.0018,172.31.40.0-255,66,129116,79,186438
18357,0.001827,172.217.24.0-255,5020,134136,79,186438
18358,0.00183,172.31.40.0-255,66,134202,79,186438
18359,0.003765,172.217.24.0-255,5738,139940,79,186438
18360,0.003772,172.31.40.0-255,66,140006,79,186438
18361,0.005727,172.217.24.0-255,5738,145744,79,186438
18362,0.005732,172.31.40.0-255,66,145810,79,186438
18363,0.007668,172.217.24.0-255,5738,151548,79,186438
18364,0.007674,172.31.40.0-255,66,151614,79,186438
18365,0.009621,172.217.24.0-255,5738,157352,79,186438
18366,0.009628,172.31.40.0-255,66,157418,79,186438
18367,0.011569,172.217.24.0-255,5738,163156,79,186438
18368,0.011577,172.31.40.0-255,66,163222,79,186438
18369,0.013514,172.217.24.0-255,5738,168960,79,186438
18370,0.013521,172.31.40.0-255,66,169026,79,186438
18371,0.015454,172.217.24.0-255,5738,174764,79,186438
18372,0.01546,172.31.40.0-255,66,174830,79,186438
18373,0.017403,172.217.24.0-255,5738,180568,79,186438
18374,0.017409,172.31.40.0-255,66,180634,79,186438
18375,0.019356,172.217.24.0-255,5738,186372,79,186438
18376,0.019367,172.31.40.0-255,66,186438,79,186438
18377,0.0,172.217.194.0-255,150,150,79,183933
18378,2.4e-05,172.31.40.0-255,66,216,79,183933
18379,3.1e-05,172.217.194.0-255,1484,1700,79,183933
18380,3.6e-05,172.31.40.0-255,66,1766,79,183933
18381,4.1e-05,172.217.194.0-255,2902,4668,79,183933
18382,4.5e-05,172.31.40.0-255,66,4734,79,183933
18383,5.3e-05,172.217.194.0-255,7156,11890,79,183933
18384,5.7e-05,172.31.40.0-255,66,11956,79,183933
18385,7.7e-05,172.217.194.0-255,2902,14858,79,183933
18386,8e-05,172.31.40.0-255,66,14924,79,183933
18387,0.000103,172.217.194.0-255,3486,18410,79,183933
18388,0.000106,172.31.40.0-255,66,18476,79,183933
18389,0.000114,172.217.194.0-255,7156,25632,79,183933
18390,0.000116,172.31.40.0-255,66,25698,79,183933
18391,0.000148,172.217.194.0-255,5379,31077,79,183933
18392,0.000151,172.31.40.0-255,66,31143,79,183933
18393,0.000179,172.217.194.0-255,1484,32627,79,183933
18394,0.000181,172.31.40.0-255,66,32693,79,183933
18395,0.000185,172.217.194.0-255,2902,35595,79,183933
18396,0.000188,172.31.40.0-255,66,35661,79,183933
18397,0.000202,172.217.194.0-255,2902,38563,79,183933
18398,0.000205,172.31.40.0-255,66,38629,79,183933
18399,0.000218,172.217.194.0-255,2902,41531,79,183933
18400,0.00022,172.31.40.0-255,66,41597,79,183933
18401,0.000226,172.217.194.0-255,4320,45917,79,183933
18402,0.000228,172.31.40.0-255,66,45983,79,183933
18403,0.000264,172.31.40.0-255,66,46049,79,183933
18404,0.000276,172.31.40.0-255,66,46115,79,183933
18405,0.000278,172.217.194.0-255,339,46454,79,183933
18406,0.000281,172.31.40.0-255,66,46520,79,183933
18407,0.000284,172.217.194.0-255,435,46955,79,183933
18408,0.000499,172.217.194.0-255,1484,48439,79,183933
18409,0.000505,172.31.40.0-255,66,48505,79,183933
18410,0.000511,172.217.194.0-255,2902,51407,79,183933
18411,0.000514,172.31.40.0-255,66,51473,79,183933
18412,0.000521,172.217.194.0-255,5738,57211,79,183933
18413,0.000524,172.31.40.0-255,66,57277,79,183933
18414,0.00057,172.31.40.0-255,66,57343,79,183933
18415,0.00059,172.217.194.0-255,2902,60245,79,183933
18416,0.000593,172.31.40.0-255,66,60311,79,183933
18417,0.000613,172.31.40.0-255,66,60377,79,183933
18418,0.000697,172.217.194.0-255,1484,61861,79,183933
18419,0.000701,172.217.194.0-255,1484,63345,79,183933
18420,0.000704,172.31.40.0-255,66,63411,79,183933
18421,0.000727,172.217.194.0-255,1484,64895,79,183933
18422,0.000734,172.217.194.0-255,5738,70633,79,183933
18423,0.000737,172.31.40.0-255,66,70699,79,183933
18424,0.000751,172.31.40.0-255,66,70765,79,183933
18425,0.000772,172.217.194.0-255,1484,72249,79,183933
18426,0.000786,172.31.40.0-255,66,72315,79,183933
18427,0.000807,172.217.194.0-255,7156,79471,79,183933
18428,0.00081,172.31.40.0-255,66,79537,79,183933
18429,0.000832,172.217.194.0-255,4320,83857,79,183933
18430,0.000835,172.31.40.0-255,66,83923,79,183933
18431,0.000849,172.31.40.0-255,66,83989,79,183933
18432,0.000874,172.31.40.0-255,66,84055,79,183933
18433,0.000954,172.217.194.0-255,1484,85539,79,183933
18434,0.000959,172.217.194.0-255,2902,88441,79,183933
18435,0.000962,172.31.40.0-255,66,88507,79,183933
18436,0.000965,172.217.194.0-255,1484,89991,79,183933
18437,0.000985,172.217.194.0-255,4320,94311,79,183933
18438,0.000988,172.31.40.0-255,66,94377,79,183933
18439,0.000999,172.31.40.0-255,66,94443,79,183933
18440,0.001016,172.217.194.0-255,2902,97345,79,183933
18441,0.001019,172.31.40.0-255,66,97411,79,183933
18442,0.001032,172.31.40.0-255,66,97477,79,183933
18443,0.001138,172.217.194.0-255,1484,98961,79,183933
18444,0.001158,172.217.194.0-255,2902,101863,79,183933
18445,0.001163,172.217.194.0-255,5738,107601,79,183933
18446,0.001203,172.31.40.0-255,66,107667,79,183933
18447,0.001212,172.31.40.0-255,66,107733,79,183933
18448,0.001225,172.31.40.0-255,66,107799,79,183933
18449,0.001238,172.31.40.0-255,66,107865,79,183933
18450,0.001274,172.217.194.0-255,1484,109349,79,183933
18451,0.001279,172.217.194.0-255,2902,112251,79,183933
18452,0.001282,172.31.40.0-255,66,112317,79,183933
18453,0.001288,172.217.194.0-255,5738,118055,79,183933
18454,0.001291,172.31.40.0-255,66,118121,79,183933
18455,0.001332,172.31.40.0-255,66,118187,79,183933
18456,0.001344,172.31.40.0-255,66,118253,79,183933
18457,0.001369,172.217.194.0-255,1484,119737,79,183933
18458,0.001388,172.217.194.0-255,2902,122639,79,183933
18459,0.001391,172.31.40.0-255,66,122705,79,183933
18460,0.001399,172.217.194.0-255,5738,128443,79,183933
18461,0.001401,172.31.40.0-255,66,128509,79,183933
18462,0.001414,172.217.194.0-255,2902,131411,79,183933
18463,0.001416,172.31.40.0-255,66,131477,79,183933
18464,0.001439,172.31.40.0-255,66,131543,79,183933
18465,0.001451,172.31.40.0-255,66,131609,79,183933
18466,0.001477,172.217.194.0-255,1484,133093,79,183933
18467,0.001508,172.31.40.0-255,66,133159,79,183933
18468,0.001538,172.217.194.0-255,5738,138897,79,183933
18469,0.00154,172.31.40.0-255,66,138963,79,183933
18470,0.001555,172.31.40.0-255,66,139029,79,183933
18471,0.001567,172.31.40.0-255,66,139095,79,183933
18472,0.001608,172.31.40.0-255,66,139161,79,183933
18473,0.001611,172.217.194.0-255,1484,140645,79,183933
18474,0.001615,172.217.194.0-255,2902,143547,79,183933
18475,0.001617,172.31.40.0-255,66,143613,79,183933
18476,0.001623,172.217.194.0-255,5738,149351,79,183933
18477,0.001626,172.31.40.0-255,66,149417,79,183933
18478,0.001634,172.217.194.0-255,7156,156573,79,183933
18479,0.001636,172.31.40.0-255,66,156639,79,183933
18480,0.001668,172.217.194.0-255,5738,162377,79,183933
18481,0.001713,172.31.40.0-255,66,162443,79,183933
18482,0.001721,172.31.40.0-255,66,162509,79,183933
18483,0.001725,172.217.194.0-255,2184,164693,79,183933
18484,0.001727,172.31.40.0-255,66,164759,79,183933
18485,0.001731,172.217.194.0-255,2902,167661,79,183933
18486,0.001733,172.31.40.0-255,66,167727,79,183933
18487,0.001742,172.217.194.0-255,7156,174883,79,183933
18488,0.001744,172.31.40.0-255,66,174949,79,183933
18489,0.00175,172.217.194.0-255,5738,180687,79,183933
18490,0.001753,172.31.40.0-255,66,180753,79,183933
18491,0.001773,172.217.194.0-255,2675,183428,79,183933
18492,0.001775,172.31.40.0-255,66,183494,79,183933
18493,0.001778,172.217.194.0-255,97,183591,79,183933
18494,0.001807,172.217.194.0-255,105,183696,79,183933
18495,0.004553,172.31.40.0-255,66,183762,79,183933
18496,0.004591,172.31.40.0-255,105,183867,79,183933
18497,0.006901,172.217.194.0-255,66,183933,79,183933
18498,0.0,74.125.24.0-255,153,153,79,270848
18499,1.5e-05,172.31.40.0-255,66,219,79,270848
18500,2.1e-05,74.125.24.0-255,1484,1703,79,270848
18501,2.5e-05,172.31.40.0-255,66,1769,79,270848
18502,3e-05,74.125.24.0-255,2902,4671,79,270848
18503,3.3e-05,172.31.40.0-255,66,4737,79,270848
18504,4e-05,74.125.24.0-255,7156,11893,79,270848
18505,4.3e-05,172.31.40.0-255,66,11959,79,270848
18506,8.6e-05,74.125.24.0-255,1992,13951,79,270848
18507,8.9e-05,172.31.40.0-255,66,14017,79,270848
18508,0.000229,74.125.24.0-255,1484,15501,79,270848
18509,0.000233,172.31.40.0-255,66,15567,79,270848
18510,0.000237,74.125.24.0-255,1484,17051,79,270848
18511,0.000239,172.31.40.0-255,66,17117,79,270848
18512,0.000254,74.125.24.0-255,1484,18601,79,270848
18513,0.000256,172.31.40.0-255,66,18667,79,270848
18514,0.000259,74.125.24.0-255,1484,20151,79,270848
18515,0.000261,172.31.40.0-255,66,20217,79,270848
18516,0.000275,74.125.24.0-255,4320,24537,79,270848
18517,0.000277,172.31.40.0-255,66,24603,79,270848
18518,0.000301,74.125.24.0-255,6797,31400,79,270848
18519,0.000304,172.31.40.0-255,66,31466,79,270848
18520,0.000445,74.125.24.0-255,1484,32950,79,270848
18521,0.000449,172.31.40.0-255,66,33016,79,270848
18522,0.000453,74.125.24.0-255,2902,35918,79,270848
18523,0.000455,172.31.40.0-255,66,35984,79,270848
18524,0.000479,74.125.24.0-255,5738,41722,79,270848
18525,0.000483,172.31.40.0-255,66,41788,79,270848
18526,0.00049,74.125.24.0-255,2902,44690,79,270848
18527,0.000492,172.31.40.0-255,66,44756,79,270848
18528,0.000504,74.125.24.0-255,1484,46240,79,270848
18529,0.000506,172.31.40.0-255,66,46306,79,270848
18530,0.000522,74.125.24.0-255,3961,50267,79,270848
18531,0.000525,172.31.40.0-255,66,50333,79,270848
18532,0.000528,74.125.24.0-255,1484,51817,79,270848
18533,0.000554,74.125.24.0-255,7156,58973,79,270848
18534,0.000558,172.31.40.0-255,66,59039,79,270848
18535,0.000561,74.125.24.0-255,2902,61941,79,270848
18536,0.000564,172.31.40.0-255,66,62007,79,270848
18537,0.000577,74.125.24.0-255,4268,66275,79,270848
18538,0.000579,172.31.40.0-255,66,66341,79,270848
18539,0.000582,74.125.24.0-255,114,66455,79,270848
18540,0.000621,74.125.24.0-255,331,66786,79,270848
18541,0.000933,74.125.24.0-255,1484,68270,79,270848
18542,0.000936,172.31.40.0-255,66,68336,79,270848
18543,0.000942,74.125.24.0-255,2902,71238,79,270848
18544,0.000944,172.31.40.0-255,66,71304,79,270848
18545,0.000949,74.125.24.0-255,4320,75624,79,270848
18546,0.000951,172.31.40.0-255,66,75690,79,270848
18547,0.000983,74.125.24.0-255,1484,77174,79,270848
18548,0.000987,74.125.24.0-255,1484,78658,79,270848
18549,0.00099,172.31.40.0-255,66,78724,79,270848
18550,0.001019,172.31.40.0-255,66,78790,79,270848
18551,0.001024,74.125.24.0-255,5738,84528,79,270848
18552,0.001026,172.31.40.0-255,66,84594,79,270848
18553,0.001056,74.125.24.0-255,7156,91750,79,270848
18554,0.001058,172.31.40.0-255,66,91816,79,270848
18555,0.00106,74.125.24.0-255,766,92582,79,270848
18556,0.001086,74.125.24.0-255,1484,94066,79,270848
18557,0.001088,172.31.40.0-255,66,94132,79,270848
18558,0.001108,74.125.24.0-255,2902,97034,79,270848
18559,0.00111,172.31.40.0-255,66,97100,79,270848
18560,0.001136,74.125.24.0-255,1484,98584,79,270848
18561,0.001147,172.31.40.0-255,66,98650,79,270848
18562,0.001154,74.125.24.0-255,7156,105806,79,270848
18563,0.001156,172.31.40.0-255,66,105872,79,270848
18564,0.00119,74.125.24.0-255,2902,108774,79,270848
18565,0.001193,172.31.40.0-255,66,108840,79,270848
18566,0.001222,172.31.40.0-255,66,108906,79,270848
18567,0.001225,74.125.24.0-255,1484,110390,79,270848
18568,0.001247,74.125.24.0-255,2902,113292,79,270848
18569,0.001249,172.31.40.0-255,66,113358,79,270848
18570,0.001255,74.125.24.0-255,5738,119096,79,270848
18571,0.001257,172.31.40.0-255,66,119162,79,270848
18572,0.001271,74.125.24.0-255,1484,120646,79,270848
18573,0.001286,74.125.24.0-255,4320,124966,79,270848
18574,0.001288,172.31.40.0-255,66,125032,79,270848
18575,0.001323,74.125.24.0-255,7156,132188,79,270848
18576,0.001327,172.31.40.0-255,66,132254,79,270848
18577,0.00135,172.31.40.0-255,66,132320,79,270848
18578,0.001353,74.125.24.0-255,766,133086,79,270848
18579,0.001394,74.125.24.0-255,1484,134570,79,270848
18580,0.001397,172.31.40.0-255,66,134636,79,270848
18581,0.0014,74.125.24.0-255,1484,136120,79,270848
18582,0.001434,74.125.24.0-255,4320,140440,79,270848
18583,0.001436,172.31.40.0-255,66,140506,79,270848
18584,0.001473,74.125.24.0-255,4320,144826,79,270848
18585,0.001475,172.31.40.0-255,66,144892,79,270848
18586,0.001494,74.125.24.0-255,5738,150630,79,270848
18587,0.001496,172.31.40.0-255,66,150696,79,270848
18588,0.001509,172.31.40.0-255,66,150762,79,270848
18589,0.001512,74.125.24.0-255,2184,152946,79,270848
18590,0.001514,172.31.40.0-255,66,153012,79,270848
18591,0.001538,74.125.24.0-255,1484,154496,79,270848
18592,0.001548,74.125.24.0-255,1484,155980,79,270848
18593,0.00155,172.31.40.0-255,66,156046,79,270848
18594,0.00158,74.125.24.0-255,1484,157530,79,270848
18595,0.001586,74.125.24.0-255,5738,163268,79,270848
18596,0.001589,172.31.40.0-255,66,163334,79,270848
18597,0.001593,74.125.24.0-255,4320,167654,79,270848
18598,0.001595,172.31.40.0-255,66,167720,79,270848
18599,0.001614,74.125.24.0-255,5738,173458,79,270848
18600,0.001617,172.31.40.0-255,66,173524,79,270848
18601,0.001635,74.125.24.0-255,2902,176426,79,270848
18602,0.001637,172.31.40.0-255,66,176492,79,270848
18603,0.001687,172.31.40.0-255,66,176558,79,270848
18604,0.001706,74.125.24.0-255,1484,178042,79,270848
18605,0.001711,74.125.24.0-255,2902,180944,79,270848
18606,0.001714,172.31.40.0-255,66,181010,79,270848
18607,0.00172,74.125.24.0-255,4320,185330,79,270848
18608,0.001738,74.125.24.0-255,1484,186814,79,270848
18609,0.001748,74.125.24.0-255,5738,192552,79,270848
18610,0.001786,74.125.24.0-255,1484,194036,79,270848
18611,0.001813,74.125.24.0-255,5020,199056,79,270848
18612,0.002085,74.125.24.0-255,1484,200540,79,270848
18613,0.002092,74.125.24.0-255,2902,203442,79,270848
18614,0.0021,74.125.24.0-255,5738,209180,79,270848
18615,0.002105,74.125.24.0-255,2902,212082,79,270848
18616,0.002122,74.125.24.0-255,1484,213566,79,270848
18617,0.002125,74.125.24.0-255,1484,215050,79,270848
18618,0.002461,74.125.24.0-255,1484,216534,79,270848
18619,0.002467,74.125.24.0-255,2902,219436,79,270848
18620,0.002503,74.125.24.0-255,5738,225174,79,270848
18621,0.002509,74.125.24.0-255,4320,229494,79,270848
18622,0.002527,74.125.24.0-255,4320,233814,79,270848
18623,0.002542,74.125.24.0-255,4320,238134,79,270848
18624,0.002559,74.125.24.0-255,2902,241036,79,270848
18625,0.005357,172.31.40.0-255,66,241102,79,270848
18626,0.007893,74.125.24.0-255,2902,244004,79,270848
18627,0.007899,172.31.40.0-255,66,244070,79,270848
18628,0.007918,74.125.24.0-255,2902,246972,79,270848
18629,0.007921,172.31.40.0-255,66,247038,79,270848
18630,0.010387,74.125.24.0-255,2902,249940,79,270848
18631,0.010394,172.31.40.0-255,66,250006,79,270848
18632,0.010437,74.125.24.0-255,2902,252908,79,270848
18633,0.01044,172.31.40.0-255,66,252974,79,270848
18634,0.012909,74.125.24.0-255,2902,255876,79,270848
18635,0.012916,172.31.40.0-255,66,255942,79,270848
18636,0.012955,74.125.24.0-255,1484,257426,79,270848
18637,0.012986,74.125.24.0-255,1484,258910,79,270848
18638,0.012989,172.31.40.0-255,66,258976,79,270848
18639,0.015448,74.125.24.0-255,2902,261878,79,270848
18640,0.015459,172.31.40.0-255,66,261944,79,270848
18641,0.01548,74.125.24.0-255,2902,264846,79,270848
18642,0.015483,172.31.40.0-255,66,264912,79,270848
18643,0.017941,74.125.24.0-255,2902,267814,79,270848
18644,0.01795,172.31.40.0-255,66,267880,79,270848
18645,0.017973,74.125.24.0-255,2902,270782,79,270848
18646,0.017977,172.31.40.0-255,66,270848,79,270848
18647,0.0,172.31.40.0-255,105,105,79,276
18648,0.001783,157.240.7.0-255,105,210,79,276
18649,0.001798,172.31.40.0-255,66,276,79,276
18650,0.0,74.125.68.0-255,310,310,79,313031
18651,1.8e-05,172.31.40.0-255,66,376,79,313031
18652,2.5e-05,74.125.68.0-255,1484,1860,79,313031
18653,3e-05,172.31.40.0-255,66,1926,79,313031
18654,3.4e-05,74.125.68.0-255,1484,3410,79,313031
18655,3.7e-05,172.31.40.0-255,66,3476,79,313031
18656,6e-05,74.125.68.0-255,1484,4960,79,313031
18657,6.3e-05,172.31.40.0-255,66,5026,79,313031
18658,7.4e-05,74.125.68.0-255,5738,10764,79,313031
18659,7.7e-05,172.31.40.0-255,66,10830,79,313031
18660,8.3e-05,74.125.68.0-255,3286,14116,79,313031
18661,8.6e-05,172.31.40.0-255,66,14182,79,313031
18662,9e-05,74.125.68.0-255,2902,17084,79,313031
18663,9.2e-05,172.31.40.0-255,66,17150,79,313031
18664,0.000117,74.125.68.0-255,1484,18634,79,313031
18665,0.000119,172.31.40.0-255,66,18700,79,313031
18666,0.000131,172.31.40.0-255,66,18766,79,313031
18667,0.000157,74.125.68.0-255,2543,21309,79,313031
18668,0.00016,172.31.40.0-255,66,21375,79,313031
18669,0.000246,74.125.68.0-255,1484,22859,79,313031
18670,0.00025,172.31.40.0-255,66,22925,79,313031
18671,0.000256,74.125.68.0-255,2902,25827,79,313031
18672,0.000258,172.31.40.0-255,66,25893,79,313031
18673,0.000279,74.125.68.0-255,5738,31631,79,313031
18674,0.000282,172.31.40.0-255,66,31697,79,313031
18675,0.000298,74.125.68.0-255,5738,37435,79,313031
18676,0.0003,172.31.40.0-255,66,37501,79,313031
18677,0.000318,74.125.68.0-255,1125,38626,79,313031
18678,0.00032,172.31.40.0-255,66,38692,79,313031
18679,0.000365,172.31.40.0-255,66,38758,79,313031
18680,0.000394,74.125.68.0-255,6797,45555,79,313031
18681,0.000397,172.31.40.0-255,66,45621,79,313031
18682,0.000562,74.125.68.0-255,396,46017,79,313031
18683,0.000671,74.125.68.0-255,1484,47501,79,313031
18684,0.000681,172.31.40.0-255,66,47567,79,313031
18685,0.000688,74.125.68.0-255,2902,50469,79,313031
18686,0.00069,172.31.40.0-255,66,50535,79,313031
18687,0.000695,74.125.68.0-255,2902,53437,79,313031
18688,0.000702,172.31.40.0-255,66,53503,79,313031
18689,0.000729,74.125.68.0-255,1484,54987,79,313031
18690,0.000742,172.31.40.0-255,66,55053,79,313031
18691,0.000747,74.125.68.0-255,2902,57955,79,313031
18692,0.00075,172.31.40.0-255,66,58021,79,313031
18693,0.000798,74.125.68.0-255,5738,63759,79,313031
18694,0.000801,172.31.40.0-255,66,63825,79,313031
18695,0.000829,74.125.68.0-255,6498,70323,79,313031
18696,0.000833,172.31.40.0-255,66,70389,79,313031
18697,0.000943,74.125.68.0-255,1484,71873,79,313031
18698,0.000946,74.125.68.0-255,1484,73357,79,313031
18699,0.000956,172.31.40.0-255,66,73423,79,313031
18700,0.00096,74.125.68.0-255,1484,74907,79,313031
18701,0.000991,74.125.68.0-255,5738,80645,79,313031
18702,0.000994,172.31.40.0-255,66,80711,79,313031
18703,0.001,74.125.68.0-255,5738,86449,79,313031
18704,0.001002,172.31.40.0-255,66,86515,79,313031
18705,0.00101,74.125.68.0-255,7156,93671,79,313031
18706,0.001014,172.31.40.0-255,66,93737,79,313031
18707,0.00109,172.31.40.0-255,66,93803,79,313031
18708,0.001095,74.125.68.0-255,2184,95987,79,313031
18709,0.001097,172.31.40.0-255,66,96053,79,313031
18710,0.001187,74.125.68.0-255,1484,97537,79,313031
18711,0.001191,74.125.68.0-255,1484,99021,79,313031
18712,0.001195,172.31.40.0-255,66,99087,79,313031
18713,0.001211,74.125.68.0-255,1484,100571,79,313031
18714,0.001221,74.125.68.0-255,5738,106309,79,313031
18715,0.001224,172.31.40.0-255,66,106375,79,313031
18716,0.001252,74.125.68.0-255,7156,113531,79,313031
18717,0.001255,172.31.40.0-255,66,113597,79,313031
18718,0.001277,74.125.68.0-255,5738,119335,79,313031
18719,0.001279,172.31.40.0-255,66,119401,79,313031
18720,0.00131,172.31.40.0-255,66,119467,79,313031
18721,0.001338,74.125.68.0-255,5020,124487,79,313031
18722,0.001342,172.31.40.0-255,66,124553,79,313031
18723,0.001357,172.31.40.0-255,66,124619,79,313031
18724,0.001364,74.125.68.0-255,7156,131775,79,313031
18725,0.001367,172.31.40.0-255,66,131841,79,313031
18726,0.001373,74.125.68.0-255,7156,138997,79,313031
18727,0.001375,172.31.40.0-255,66,139063,79,313031
18728,0.001397,74.125.68.0-255,1484,140547,79,313031
18729,0.001399,74.125.68.0-255,766,141313,79,313031
18730,0.001401,172.31.40.0-255,66,141379,79,313031
18731,0.001426,74.125.68.0-255,1484,142863,79,313031
18732,0.00143,74.125.68.0-255,1484,144347,79,313031
18733,0.001432,172.31.40.0-255,66,144413,79,313031
18734,0.001465,74.125.68.0-255,2902,147315,79,313031
18735,0.001469,172.31.40.0-255,66,147381,79,313031
18736,0.001473,74.125.68.0-255,2902,150283,79,313031
18737,0.001475,172.31.40.0-255,66,150349,79,313031
18738,0.00148,74.125.68.0-255,4320,154669,79,313031
18739,0.001482,172.31.40.0-255,66,154735,79,313031
18740,0.001493,172.31.40.0-255,66,154801,79,313031
18741,0.001497,74.125.68.0-255,2902,157703,79,313031
18742,0.0015,172.31.40.0-255,66,157769,79,313031
18743,0.001537,74.125.68.0-255,5738,163507,79,313031
18744,0.001541,172.31.40.0-255,66,163573,79,313031
18745,0.001562,74.125.68.0-255,3602,167175,79,313031
18746,0.00157,172.31.40.0-255,66,167241,79,313031
18747,0.001599,74.125.68.0-255,1484,168725,79,313031
18748,0.001617,74.125.68.0-255,2902,171627,79,313031
18749,0.001621,172.31.40.0-255,66,171693,79,313031
18750,0.001632,74.125.68.0-255,2902,174595,79,313031
18751,0.001635,172.31.40.0-255,66,174661,79,313031
18752,0.001652,74.125.68.0-255,2902,177563,79,313031
18753,0.001655,172.31.40.0-255,66,177629,79,313031
18754,0.001663,74.125.68.0-255,2902,180531,79,313031
18755,0.001666,172.31.40.0-255,66,180597,79,313031
18756,0.001677,74.125.68.0-255,4320,184917,79,313031
18757,0.001679,172.31.40.0-255,66,184983,79,313031
18758,0.001685,74.125.68.0-255,4320,189303,79,313031
18759,0.001687,172.31.40.0-255,66,189369,79,313031
18760,0.001711,74.125.68.0-255,4320,193689,79,313031
18761,0.001713,172.31.40.0-255,66,193755,79,313031
18762,0.00172,74.125.68.0-255,5738,199493,79,313031
18763,0.001729,172.31.40.0-255,66,199559,79,313031
18764,0.001751,74.125.68.0-255,6438,205997,79,313031
18765,0.001757,74.125.68.0-255,5738,211735,79,313031
18766,0.00176,74.125.68.0-255,1484,213219,79,313031
18767,0.00179,74.125.68.0-255,5738,218957,79,313031
18768,0.001793,74.125.68.0-255,1484,220441,79,313031
18769,0.00181,74.125.68.0-255,7156,227597,79,313031
18770,0.001812,172.31.40.0-255,66,227663,79,313031
18771,0.001823,74.125.68.0-255,4320,231983,79,313031
18772,0.001833,172.31.40.0-255,66,232049,79,313031
18773,0.001847,74.125.68.0-255,1484,233533,79,313031
18774,0.001865,74.125.68.0-255,2184,235717,79,313031
18775,0.00188,172.31.40.0-255,66,235783,79,313031
18776,0.001903,74.125.68.0-255,1484,237267,79,313031
18777,0.001909,74.125.68.0-255,2902,240169,79,313031
18778,0.001923,172.31.40.0-255,66,240235,79,313031
18779,0.001934,74.125.68.0-255,5738,245973,79,313031
18780,0.00198,172.31.40.0-255,66,246039,79,313031
18781,0.002017,74.125.68.0-255,2184,248223,79,313031
18782,0.002034,172.31.40.0-255,66,248289,79,313031
18783,0.002048,74.125.68.0-255,1484,249773,79,313031
18784,0.002057,74.125.68.0-255,2902,252675,79,313031
18785,0.002071,74.125.68.0-255,4320,256995,79,313031
18786,0.002082,74.125.68.0-255,1484,258479,79,313031
18787,0.00209,172.31.40.0-255,66,258545,79,313031
18788,0.002105,74.125.68.0-255,1484,260029,79,313031
18789,0.002138,172.31.40.0-255,66,260095,79,313031
18790,0.00228,74.125.68.0-255,7156,267251,79,313031
18791,0.002292,74.125.68.0-255,2902,270153,79,313031
18792,0.002296,74.125.68.0-255,2184,272337,79,313031
18793,0.002308,172.31.40.0-255,66,272403,79,313031
18794,0.0046,74.125.68.0-255,5738,278141,79,313031
18795,0.004606,172.31.40.0-255,66,278207,79,313031
18796,0.006888,74.125.68.0-255,5738,283945,79,313031
18797,0.006895,172.31.40.0-255,66,284011,79,313031
18798,0.009177,74.125.68.0-255,5738,289749,79,313031
18799,0.009183,172.31.40.0-255,66,289815,79,313031
18800,0.011466,74.125.68.0-255,5738,295553,79,313031
18801,0.011472,172.31.40.0-255,66,295619,79,313031
18802,0.013755,74.125.68.0-255,5738,301357,79,313031
18803,0.013762,172.31.40.0-255,66,301423,79,313031
18804,0.016047,74.125.68.0-255,5738,307161,79,313031
18805,0.016055,172.31.40.0-255,66,307227,79,313031
18806,0.018353,74.125.68.0-255,5738,312965,79,313031
18807,0.018363,172.31.40.0-255,66,313031,79,313031
18808,0.0,172.217.194.0-255,152,152,79,232076
18809,1.9e-05,172.31.40.0-255,66,218,79,232076
18810,2.7e-05,172.217.194.0-255,1484,1702,79,232076
18811,3.1e-05,172.31.40.0-255,66,1768,79,232076
18812,4.4e-05,172.217.194.0-255,2902,4670,79,232076
18813,4.8e-05,172.31.40.0-255,66,4736,79,232076
18814,5.4e-05,172.217.194.0-255,4320,9056,79,232076
18815,5.8e-05,172.31.40.0-255,66,9122,79,232076
18816,9.3e-05,172.217.194.0-255,4320,13442,79,232076
18817,9.6e-05,172.31.40.0-255,66,13508,79,232076
18818,0.000119,172.217.194.0-255,4875,18383,79,232076
18819,0.000122,172.31.40.0-255,66,18449,79,232076
18820,0.000128,172.217.194.0-255,4320,22769,79,232076
18821,0.00013,172.31.40.0-255,66,22835,79,232076
18822,0.000159,172.217.194.0-255,5738,28573,79,232076
18823,0.000162,172.31.40.0-255,66,28639,79,232076
18824,0.000166,172.217.194.0-255,2543,31182,79,232076
18825,0.000169,172.31.40.0-255,66,31248,79,232076
18826,0.000231,172.217.194.0-255,1484,32732,79,232076
18827,0.000233,172.31.40.0-255,66,32798,79,232076
18828,0.000265,172.217.194.0-255,2902,35700,79,232076
18829,0.000268,172.31.40.0-255,66,35766,79,232076
18830,0.000271,172.217.194.0-255,1484,37250,79,232076
18831,0.000273,172.31.40.0-255,66,37316,79,232076
18832,0.000304,172.217.194.0-255,4320,41636,79,232076
18833,0.000307,172.31.40.0-255,66,41702,79,232076
18834,0.000311,172.217.194.0-255,2902,44604,79,232076
18835,0.000313,172.31.40.0-255,66,44670,79,232076
18836,0.000358,172.31.40.0-255,66,44736,79,232076
18837,0.000361,172.217.194.0-255,1484,46220,79,232076
18838,0.000363,172.31.40.0-255,66,46286,79,232076
18839,0.000397,172.217.194.0-255,679,46965,79,232076
18840,0.000556,172.217.194.0-255,1484,48449,79,232076
18841,0.000561,172.217.194.0-255,1484,49933,79,232076
18842,0.000577,172.217.194.0-255,1484,51417,79,232076
18843,0.000585,172.217.194.0-255,5738,57155,79,232076
18844,0.000605,172.217.194.0-255,7156,64311,79,232076
18845,0.000624,172.217.194.0-255,4320,68631,79,232076
18846,0.000634,172.31.40.0-255,66,68697,79,232076
18847,0.000671,172.217.194.0-255,2184,70881,79,232076
18848,0.000724,172.31.40.0-255,66,70947,79,232076
18849,0.00106,172.217.194.0-255,1484,72431,79,232076
18850,0.001067,172.217.194.0-255,2902,75333,79,232076
18851,0.001086,172.217.194.0-255,5738,81071,79,232076
18852,0.001092,172.31.40.0-255,66,81137,79,232076
18853,0.001129,172.31.40.0-255,66,81203,79,232076
18854,0.001141,172.217.194.0-255,1484,82687,79,232076
18855,0.001161,172.217.194.0-255,1484,84171,79,232076
18856,0.001164,172.217.194.0-255,2902,87073,79,232076
18857,0.001182,172.31.40.0-255,66,87139,79,232076
18858,0.001188,172.217.194.0-255,5738,92877,79,232076
18859,0.001193,172.31.40.0-255,66,92943,79,232076
18860,0.001233,172.217.194.0-255,1484,94427,79,232076
18861,0.001242,172.31.40.0-255,66,94493,79,232076
18862,0.00126,172.217.194.0-255,1484,95977,79,232076
18863,0.001263,172.217.194.0-255,1484,97461,79,232076
18864,0.001288,172.217.194.0-255,5738,103199,79,232076
18865,0.001298,172.31.40.0-255,66,103265,79,232076
18866,0.001316,172.217.194.0-255,3602,106867,79,232076
18867,0.001396,172.217.194.0-255,1484,108351,79,232076
18868,0.001401,172.217.194.0-255,2902,111253,79,232076
18869,0.001404,172.217.194.0-255,1484,112737,79,232076
18870,0.001427,172.217.194.0-255,4320,117057,79,232076
18871,0.001475,172.217.194.0-255,2902,119959,79,232076
18872,0.001515,172.217.194.0-255,2184,122143,79,232076
18873,0.001518,172.217.194.0-255,1484,123627,79,232076
18874,0.001537,172.217.194.0-255,2902,126529,79,232076
18875,0.001543,172.217.194.0-255,4320,130849,79,232076
18876,0.001559,172.217.194.0-255,1484,132333,79,232076
18877,0.001567,172.217.194.0-255,7156,139489,79,232076
18878,0.001581,172.217.194.0-255,4320,143809,79,232076
18879,0.001617,172.217.194.0-255,2184,145993,79,232076
18880,0.001629,172.217.194.0-255,2902,148895,79,232076
18881,0.001634,172.217.194.0-255,4320,153215,79,232076
18882,0.001654,172.217.194.0-255,2902,156117,79,232076
18883,0.001675,172.217.194.0-255,4320,160437,79,232076
18884,0.00173,172.217.194.0-255,2902,163339,79,232076
18885,0.001752,172.217.194.0-255,4320,167659,79,232076
18886,0.001772,172.217.194.0-255,3602,171261,79,232076
18887,0.001816,172.217.194.0-255,1484,172745,79,232076
18888,0.001822,172.217.194.0-255,2902,175647,79,232076
18889,0.001826,172.217.194.0-255,2902,178549,79,232076
18890,0.00184,172.217.194.0-255,2902,181451,79,232076
18891,0.001908,172.217.194.0-255,2902,184353,79,232076
18892,0.001973,172.217.194.0-255,2902,187255,79,232076
18893,0.001987,172.217.194.0-255,2902,190157,79,232076
18894,0.00199,172.217.194.0-255,1484,191641,79,232076
18895,0.00202,172.217.194.0-255,5738,197379,79,232076
18896,0.002038,172.217.194.0-255,4320,201699,79,232076
18897,0.002051,172.217.194.0-255,2184,203883,79,232076
18898,0.002073,172.217.194.0-255,1484,205367,79,232076
18899,0.002077,172.217.194.0-255,2902,208269,79,232076
18900,0.002084,172.217.194.0-255,5738,214007,79,232076
18901,0.002086,172.217.194.0-255,1484,215491,79,232076
18902,0.00212,172.217.194.0-255,1484,216975,79,232076
18903,0.002165,172.217.194.0-255,4320,221295,79,232076
18904,0.002171,172.217.194.0-255,4320,225615,79,232076
18905,0.002182,172.217.194.0-255,1484,227099,79,232076
18906,0.002185,172.217.194.0-255,1484,228583,79,232076
18907,0.002216,172.217.194.0-255,1484,230067,79,232076
18908,0.002271,172.217.194.0-255,1484,231551,79,232076
18909,0.002308,172.217.194.0-255,105,231656,79,232076
18910,0.009968,172.31.40.0-255,66,231722,79,232076
18911,0.011707,172.217.194.0-255,105,231827,79,232076
18912,0.01172,172.31.40.0-255,78,231905,79,232076
18913,0.01308,172.31.40.0-255,105,232010,79,232076
18914,0.01561,172.217.194.0-255,66,232076,79,232076
18915,0.0,74.125.200.0-255,146,146,79,184524
18916,2.3e-05,172.31.40.0-255,66,212,79,184524
18917,3.1e-05,74.125.200.0-255,1484,1696,79,184524
18918,3.6e-05,172.31.40.0-255,66,1762,79,184524
18919,4.6e-05,74.125.200.0-255,1484,3246,79,184524
18920,4.9e-05,172.31.40.0-255,66,3312,79,184524
18921,7.6e-05,74.125.200.0-255,2902,6214,79,184524
18922,7.9e-05,172.31.40.0-255,66,6280,79,184524
18923,0.0001,74.125.200.0-255,2902,9182,79,184524
18924,0.000103,172.31.40.0-255,66,9248,79,184524
18925,0.000134,74.125.200.0-255,2902,12150,79,184524
18926,0.000137,172.31.40.0-255,66,12216,79,184524
18927,0.000142,74.125.200.0-255,2118,14334,79,184524
18928,0.000144,172.31.40.0-255,66,14400,79,184524
18929,0.000197,74.125.200.0-255,1484,15884,79,184524
18930,0.000199,172.31.40.0-255,66,15950,79,184524
18931,0.000204,74.125.200.0-255,2902,18852,79,184524
18932,0.000206,172.31.40.0-255,66,18918,79,184524
18933,0.000249,74.125.200.0-255,4320,23238,79,184524
18934,0.000252,172.31.40.0-255,66,23304,79,184524
18935,0.000263,74.125.200.0-255,1484,24788,79,184524
18936,0.000265,172.31.40.0-255,66,24854,79,184524
18937,0.000278,74.125.200.0-255,6797,31651,79,184524
18938,0.000281,172.31.40.0-255,66,31717,79,184524
18939,0.000326,74.125.200.0-255,1484,33201,79,184524
18940,0.000328,172.31.40.0-255,66,33267,79,184524
18941,0.000333,74.125.200.0-255,2902,36169,79,184524
18942,0.000336,172.31.40.0-255,66,36235,79,184524
18943,0.000365,74.125.200.0-255,2902,39137,79,184524
18944,0.000367,172.31.40.0-255,66,39203,79,184524
18945,0.000394,74.125.200.0-255,5738,44941,79,184524
18946,0.000397,172.31.40.0-255,66,45007,79,184524
18947,0.000419,74.125.200.0-255,1484,46491,79,184524
18948,0.000422,172.31.40.0-255,66,46557,79,184524
18949,0.000427,74.125.200.0-255,2543,49100,79,184524
18950,0.000429,172.31.40.0-255,66,49166,79,184524
18951,0.000438,74.125.200.0-255,2902,52068,79,184524
18952,0.000441,172.31.40.0-255,66,52134,79,184524
18953,0.000445,74.125.200.0-255,2902,55036,79,184524
18954,0.000448,172.31.40.0-255,66,55102,79,184524
18955,0.000473,74.125.200.0-255,4320,59422,79,184524
18956,0.000476,172.31.40.0-255,66,59488,79,184524
18957,0.000484,74.125.200.0-255,7105,66593,79,184524
18958,0.000487,172.31.40.0-255,66,66659,79,184524
18959,0.000489,74.125.200.0-255,112,66771,79,184524
18960,0.000492,172.31.40.0-255,66,66837,79,184524
18961,0.000495,74.125.200.0-255,331,67168,79,184524
18962,0.000498,172.31.40.0-255,66,67234,79,184524
18963,0.000668,74.125.200.0-255,1484,68718,79,184524
18964,0.000672,172.31.40.0-255,66,68784,79,184524
18965,0.000676,74.125.200.0-255,1484,70268,79,184524
18966,0.000678,172.31.40.0-255,66,70334,79,184524
18967,0.000698,74.125.200.0-255,1484,71818,79,184524
18968,0.000722,74.125.200.0-255,1484,73302,79,184524
18969,0.000728,74.125.200.0-255,2902,76204,79,184524
18970,0.000733,74.125.200.0-255,2902,79106,79,184524
18971,0.000744,74.125.200.0-255,2902,82008,79,184524
18972,0.000748,74.125.200.0-255,2902,84910,79,184524
18973,0.000763,74.125.200.0-255,1484,86394,79,184524
18974,0.000766,74.125.200.0-255,1484,87878,79,184524
18975,0.000784,74.125.200.0-255,4320,92198,79,184524
18976,0.000802,74.125.200.0-255,2902,95100,79,184524
18977,0.000817,74.125.200.0-255,4320,99420,79,184524
18978,0.000829,74.125.200.0-255,2184,101604,79,184524
18979,0.000983,74.125.200.0-255,1484,103088,79,184524
18980,0.000998,74.125.200.0-255,2902,105990,79,184524
18981,0.001002,74.125.200.0-255,1484,107474,79,184524
18982,0.00102,74.125.200.0-255,1484,108958,79,184524
18983,0.001023,74.125.200.0-255,1484,110442,79,184524
18984,0.001046,74.125.200.0-255,5738,116180,79,184524
18985,0.001061,74.125.200.0-255,4320,120500,79,184524
18986,0.001109,74.125.200.0-255,3602,124102,79,184524
18987,0.001696,172.31.40.0-255,66,124168,79,184524
18988,0.002419,74.125.200.0-255,1484,125652,79,184524
18989,0.002426,74.125.200.0-255,2902,128554,79,184524
18990,0.002433,172.31.40.0-255,66,128620,79,184524
18991,0.002445,74.125.200.0-255,5738,134358,79,184524
18992,0.00246,172.31.40.0-255,66,134424,79,184524
18993,0.002473,74.125.200.0-255,4320,138744,79,184524
18994,0.002512,74.125.200.0-255,4320,143064,79,184524
18995,0.002518,172.31.40.0-255,66,143130,79,184524
18996,0.002552,74.125.200.0-255,4320,147450,79,184524
18997,0.002565,74.125.200.0-255,2184,149634,79,184524
18998,0.00257,172.31.40.0-255,66,149700,79,184524
18999,0.005198,74.125.200.0-255,5738,155438,79,184524
19000,0.005207,172.31.40.0-255,66,155504,79,184524
19001,0.00783,74.125.200.0-255,5738,161242,79,184524
19002,0.007835,172.31.40.0-255,66,161308,79,184524
19003,0.010475,74.125.200.0-255,5738,167046,79,184524
19004,0.010482,172.31.40.0-255,66,167112,79,184524
19005,0.013109,74.125.200.0-255,5738,172850,79,184524
19006,0.013118,172.31.40.0-255,66,172916,79,184524
19007,0.015755,74.125.200.0-255,5738,178654,79,184524
19008,0.015763,172.31.40.0-255,66,178720,79,184524
19009,0.018405,74.125.200.0-255,5738,184458,79,184524
19010,0.01842,172.31.40.0-255,66,184524,79,184524
19011,0.0,74.125.130.0-255,295,295,79,233717
19012,2.3e-05,172.31.40.0-255,66,361,79,233717
19013,3e-05,74.125.130.0-255,1484,1845,79,233717
19014,3.5e-05,172.31.40.0-255,66,1911,79,233717
19015,4.8e-05,74.125.130.0-255,4320,6231,79,233717
19016,5.1e-05,172.31.40.0-255,66,6297,79,233717
19017,5.6e-05,74.125.130.0-255,2902,9199,79,233717
19018,5.8e-05,172.31.40.0-255,66,9265,79,233717
19019,9e-05,74.125.130.0-255,2902,12167,79,233717
19020,9.3e-05,172.31.40.0-255,66,12233,79,233717
19021,9.7e-05,74.125.130.0-255,2902,15135,79,233717
19022,9.9e-05,172.31.40.0-255,66,15201,79,233717
19023,0.000125,74.125.130.0-255,4655,19856,79,233717
19024,0.000128,172.31.40.0-255,66,19922,79,233717
19025,0.000151,172.31.40.0-255,66,19988,79,233717
19026,0.000176,172.31.40.0-255,66,20054,79,233717
19027,0.000207,74.125.130.0-255,1484,21538,79,233717
19028,0.000209,172.31.40.0-255,66,21604,79,233717
19029,0.000224,172.31.40.0-255,66,21670,79,233717
19030,0.000312,74.125.130.0-255,1484,23154,79,233717
19031,0.000315,172.31.40.0-255,66,23220,79,233717
19032,0.000319,74.125.130.0-255,1484,24704,79,233717
19033,0.000321,172.31.40.0-255,66,24770,79,233717
19034,0.000347,74.125.130.0-255,1484,26254,79,233717
19035,0.000349,172.31.40.0-255,66,26320,79,233717
19036,0.000356,74.125.130.0-255,5738,32058,79,233717
19037,0.000363,172.31.40.0-255,66,32124,79,233717
19038,0.000392,74.125.130.0-255,7054,39178,79,233717
19039,0.000395,172.31.40.0-255,66,39244,79,233717
19040,0.000398,74.125.130.0-255,397,39641,79,233717
19041,0.00078,74.125.130.0-255,1484,41125,79,233717
19042,0.000788,74.125.130.0-255,2902,44027,79,233717
19043,0.000795,172.31.40.0-255,66,44093,79,233717
19044,0.000807,74.125.130.0-255,2902,46995,79,233717
19045,0.000822,74.125.130.0-255,4320,51315,79,233717
19046,0.000842,172.31.40.0-255,66,51381,79,233717
19047,0.000848,74.125.130.0-255,5738,57119,79,233717
19048,0.000853,172.31.40.0-255,66,57185,79,233717
19049,0.000866,74.125.130.0-255,2902,60087,79,233717
19050,0.000872,74.125.130.0-255,4320,64407,79,233717
19051,0.000878,74.125.130.0-255,5738,70145,79,233717
19052,0.000917,74.125.130.0-255,3602,73747,79,233717
19053,0.000929,172.31.40.0-255,66,73813,79,233717
19054,0.001196,74.125.130.0-255,1484,75297,79,233717
19055,0.001213,74.125.130.0-255,2902,78199,79,233717
19056,0.001218,172.31.40.0-255,66,78265,79,233717
19057,0.001247,74.125.130.0-255,4320,82585,79,233717
19058,0.001261,74.125.130.0-255,4320,86905,79,233717
19059,0.00127,172.31.40.0-255,66,86971,79,233717
19060,0.001282,74.125.130.0-255,4320,91291,79,233717
19061,0.001301,74.125.130.0-255,1484,92775,79,233717
19062,0.001313,74.125.130.0-255,1484,94259,79,233717
19063,0.001318,172.31.40.0-255,66,94325,79,233717
19064,0.001334,74.125.130.0-255,5020,99345,79,233717
19065,0.001345,74.125.130.0-255,5738,105083,79,233717
19066,0.001364,74.125.130.0-255,1484,106567,79,233717
19067,0.001396,74.125.130.0-255,4320,110887,79,233717
19068,0.001401,172.31.40.0-255,66,110953,79,233717
19069,0.001422,74.125.130.0-255,2184,113137,79,233717
19070,0.001428,172.31.40.0-255,66,113203,79,233717
19071,0.00148,74.125.130.0-255,1484,114687,79,233717
19072,0.001498,74.125.130.0-255,2902,117589,79,233717
19073,0.001512,74.125.130.0-255,1484,119073,79,233717
19074,0.001524,74.125.130.0-255,2902,121975,79,233717
19075,0.001529,172.31.40.0-255,66,122041,79,233717
19076,0.001534,172.31.40.0-255,66,122107,79,233717
19077,0.001565,74.125.130.0-255,5738,127845,79,233717
19078,0.001574,74.125.130.0-255,1484,129329,79,233717
19079,0.00159,172.31.40.0-255,66,129395,79,233717
19080,0.001602,74.125.130.0-255,5738,135133,79,233717
19081,0.001633,74.125.130.0-255,2902,138035,79,233717
19082,0.001636,74.125.130.0-255,1484,139519,79,233717
19083,0.00164,74.125.130.0-255,2902,142421,79,233717
19084,0.001666,74.125.130.0-255,5020,147441,79,233717
19085,0.001723,74.125.130.0-255,2902,150343,79,233717
19086,0.001729,74.125.130.0-255,2902,153245,79,233717
19087,0.00174,74.125.130.0-255,1484,154729,79,233717
19088,0.00178,74.125.130.0-255,2902,157631,79,233717
19089,0.0018,74.125.130.0-255,4320,161951,79,233717
19090,0.001811,74.125.130.0-255,1484,163435,79,233717
19091,0.001863,74.125.130.0-255,2902,166337,79,233717
19092,0.001869,74.125.130.0-255,5738,172075,79,233717
19093,0.001917,74.125.130.0-255,4320,176395,79,233717
19094,0.00193,74.125.130.0-255,2184,178579,79,233717
19095,0.001945,74.125.130.0-255,2902,181481,79,233717
19096,0.001968,74.125.130.0-255,4320,185801,79,233717
19097,0.001971,74.125.130.0-255,1484,187285,79,233717
19098,0.001995,74.125.130.0-255,4320,191605,79,233717
19099,0.001999,74.125.130.0-255,2902,194507,79,233717
19100,0.002027,74.125.130.0-255,4320,198827,79,233717
19101,0.002031,74.125.130.0-255,2902,201729,79,233717
19102,0.002045,74.125.130.0-255,2902,204631,79,233717
19103,0.006982,172.31.40.0-255,66,204697,79,233717
19104,0.009021,74.125.130.0-255,5738,210435,79,233717
19105,0.009029,172.31.40.0-255,66,210501,79,233717
19106,0.011055,74.125.130.0-255,5738,216239,79,233717
19107,0.01134,172.31.40.0-255,66,216305,79,233717
19108,0.013374,74.125.130.0-255,5738,222043,79,233717
19109,0.01338,172.31.40.0-255,66,222109,79,233717
19110,0.015404,74.125.130.0-255,5738,227847,79,233717
19111,0.015411,172.31.40.0-255,66,227913,79,233717
19112,0.017431,74.125.130.0-255,5738,233651,79,233717
19113,0.018399,172.31.40.0-255,66,233717,79,233717
19114,0.0,172.217.194.0-255,297,297,79,217614
19115,2.2e-05,172.31.40.0-255,66,363,79,217614
19116,2.9e-05,172.217.194.0-255,1484,1847,79,217614
19117,3.3e-05,172.31.40.0-255,66,1913,79,217614
19118,4.7e-05,172.217.194.0-255,4320,6233,79,217614
19119,5e-05,172.31.40.0-255,66,6299,79,217614
19120,6.8e-05,172.217.194.0-255,2902,9201,79,217614
19121,7e-05,172.31.40.0-255,66,9267,79,217614
19122,0.000104,172.217.194.0-255,4766,14033,79,217614
19123,0.000107,172.31.40.0-255,66,14099,79,217614
19124,0.000118,172.31.40.0-255,66,14165,79,217614
19125,0.000134,172.31.40.0-255,66,14231,79,217614
19126,0.000203,172.217.194.0-255,1484,15715,79,217614
19127,0.000205,172.31.40.0-255,66,15781,79,217614
19128,0.00021,172.217.194.0-255,2902,18683,79,217614
19129,0.000212,172.31.40.0-255,66,18749,79,217614
19130,0.000215,172.217.194.0-255,1484,20233,79,217614
19131,0.000218,172.31.40.0-255,66,20299,79,217614
19132,0.000247,172.217.194.0-255,1484,21783,79,217614
19133,0.000254,172.31.40.0-255,66,21849,79,217614
19134,0.000264,172.217.194.0-255,7156,29005,79,217614
19135,0.000266,172.31.40.0-255,66,29071,79,217614
19136,0.000296,172.217.194.0-255,2543,31614,79,217614
19137,0.000298,172.31.40.0-255,66,31680,79,217614
19138,0.00035,172.217.194.0-255,1484,33164,79,217614
19139,0.000352,172.31.40.0-255,66,33230,79,217614
19140,0.000357,172.217.194.0-255,2902,36132,79,217614
19141,0.000359,172.31.40.0-255,66,36198,79,217614
19142,0.000394,172.217.194.0-255,5738,41936,79,217614
19143,0.000397,172.31.40.0-255,66,42002,79,217614
19144,0.000426,172.217.194.0-255,4320,46322,79,217614
19145,0.000428,172.31.40.0-255,66,46388,79,217614
19146,0.000457,172.217.194.0-255,2543,48931,79,217614
19147,0.00046,172.31.40.0-255,66,48997,79,217614
19148,0.000514,172.217.194.0-255,361,49358,79,217614
19149,0.000672,172.217.194.0-255,1484,50842,79,217614
19150,0.000677,172.31.40.0-255,66,50908,79,217614
19151,0.000682,172.217.194.0-255,2902,53810,79,217614
19152,0.000685,172.31.40.0-255,66,53876,79,217614
19153,0.000689,172.217.194.0-255,1484,55360,79,217614
19154,0.000726,172.217.194.0-255,4320,59680,79,217614
19155,0.00073,172.31.40.0-255,66,59746,79,217614
19156,0.000742,172.31.40.0-255,66,59812,79,217614
19157,0.000774,172.217.194.0-255,2902,62714,79,217614
19158,0.000777,172.31.40.0-255,66,62780,79,217614
19159,0.000794,172.31.40.0-255,66,62846,79,217614
19160,0.000832,172.31.40.0-255,66,62912,79,217614
19161,0.001047,172.217.194.0-255,1484,64396,79,217614
19162,0.001054,172.217.194.0-255,2902,67298,79,217614
19163,0.001057,172.31.40.0-255,66,67364,79,217614
19164,0.001089,172.217.194.0-255,5738,73102,79,217614
19165,0.001091,172.31.40.0-255,66,73168,79,217614
19166,0.001095,172.217.194.0-255,1484,74652,79,217614
19167,0.00112,172.31.40.0-255,66,74718,79,217614
19168,0.001132,172.31.40.0-255,66,74784,79,217614
19169,0.001156,172.217.194.0-255,766,75550,79,217614
19170,0.001328,172.217.194.0-255,1484,77034,79,217614
19171,0.001334,172.31.40.0-255,66,77100,79,217614
19172,0.001339,172.217.194.0-255,2902,80002,79,217614
19173,0.001341,172.31.40.0-255,66,80068,79,217614
19174,0.001352,172.217.194.0-255,4320,84388,79,217614
19175,0.001354,172.31.40.0-255,66,84454,79,217614
19176,0.001365,172.217.194.0-255,1484,85938,79,217614
19177,0.001372,172.217.194.0-255,7156,93094,79,217614
19178,0.001374,172.31.40.0-255,66,93160,79,217614
19179,0.001406,172.217.194.0-255,2902,96062,79,217614
19180,0.001409,172.31.40.0-255,66,96128,79,217614
19181,0.001412,172.217.194.0-255,1484,97612,79,217614
19182,0.001465,172.31.40.0-255,66,97678,79,217614
19183,0.001511,172.217.194.0-255,1484,99162,79,217614
19184,0.001515,172.217.194.0-255,2902,102064,79,217614
19185,0.001518,172.31.40.0-255,66,102130,79,217614
19186,0.001551,172.217.194.0-255,5738,107868,79,217614
19187,0.001555,172.31.40.0-255,66,107934,79,217614
19188,0.001561,172.217.194.0-255,7156,115090,79,217614
19189,0.001564,172.31.40.0-255,66,115156,79,217614
19190,0.001582,172.217.194.0-255,1484,116640,79,217614
19191,0.001623,172.31.40.0-255,66,116706,79,217614
19192,0.001627,172.217.194.0-255,2184,118890,79,217614
19193,0.001629,172.31.40.0-255,66,118956,79,217614
19194,0.001915,172.217.194.0-255,1484,120440,79,217614
19195,0.001935,172.217.194.0-255,2902,123342,79,217614
19196,0.001938,172.31.40.0-255,66,123408,79,217614
19197,0.001945,172.217.194.0-255,5738,129146,79,217614
19198,0.001948,172.31.40.0-255,66,129212,79,217614
19199,0.001985,172.31.40.0-255,66,129278,79,217614
19200,0.002032,172.217.194.0-255,7156,136434,79,217614
19201,0.002035,172.31.40.0-255,66,136500,79,217614
19202,0.002059,172.217.194.0-255,1484,137984,79,217614
19203,0.002069,172.217.194.0-255,2184,140168,79,217614
19204,0.002071,172.31.40.0-255,66,140234,79,217614
19205,0.002103,172.217.194.0-255,1484,141718,79,217614
19206,0.002106,172.217.194.0-255,1484,143202,79,217614
19207,0.002109,172.31.40.0-255,66,143268,79,217614
19208,0.002134,172.217.194.0-255,1484,144752,79,217614
19209,0.00214,172.217.194.0-255,5738,150490,79,217614
19210,0.002143,172.31.40.0-255,66,150556,79,217614
19211,0.002148,172.217.194.0-255,4320,154876,79,217614
19212,0.002151,172.31.40.0-255,66,154942,79,217614
19213,0.002183,172.31.40.0-255,66,155008,79,217614
19214,0.002191,172.217.194.0-255,7156,162164,79,217614
19215,0.002193,172.31.40.0-255,66,162230,79,217614
19216,0.002235,172.217.194.0-255,3602,165832,79,217614
19217,0.002238,172.31.40.0-255,66,165898,79,217614
19218,0.002273,172.217.194.0-255,2184,168082,79,217614
19219,0.002288,172.217.194.0-255,2902,170984,79,217614
19220,0.002303,172.217.194.0-255,1484,172468,79,217614
19221,0.002308,172.31.40.0-255,66,172534,79,217614
19222,0.002339,172.217.194.0-255,5738,178272,79,217614
19223,0.002376,172.31.40.0-255,66,178338,79,217614
19224,0.004725,172.217.194.0-255,5738,184076,79,217614
19225,0.004732,172.31.40.0-255,66,184142,79,217614
19226,0.007066,172.217.194.0-255,5738,189880,79,217614
19227,0.007071,172.31.40.0-255,66,189946,79,217614
19228,0.009396,172.217.194.0-255,4320,194266,79,217614
19229,0.009403,172.31.40.0-255,66,194332,79,217614
19230,0.009433,172.217.194.0-255,1484,195816,79,217614
19231,0.011709,172.217.194.0-255,4320,200136,79,217614
19232,0.011717,172.31.40.0-255,66,200202,79,217614
19233,0.014075,172.217.194.0-255,5738,205940,79,217614
19234,0.014093,172.31.40.0-255,66,206006,79,217614
19235,0.016431,172.217.194.0-255,5738,211744,79,217614
19236,0.016444,172.31.40.0-255,66,211810,79,217614
19237,0.018792,172.217.194.0-255,5738,217548,79,217614
19238,0.018801,172.31.40.0-255,66,217614,79,217614
19239,0.0,74.125.24.0-255,156,156,79,174417
19240,3.3e-05,172.31.40.0-255,66,222,79,174417
19241,4e-05,74.125.24.0-255,1484,1706,79,174417
19242,4.4e-05,172.31.40.0-255,66,1772,79,174417
19243,4.9e-05,74.125.24.0-255,2902,4674,79,174417
19244,5.9e-05,172.31.40.0-255,66,4740,79,174417
19245,6.6e-05,74.125.24.0-255,7156,11896,79,174417
19246,7e-05,172.31.40.0-255,66,11962,79,174417
19247,7.2e-05,74.125.24.0-255,1484,13446,79,174417
19248,7.4e-05,172.31.40.0-255,66,13512,79,174417
19249,0.000119,172.31.40.0-255,66,13578,79,174417
19250,0.000123,74.125.24.0-255,2543,16121,79,174417
19251,0.000125,172.31.40.0-255,66,16187,79,174417
19252,0.000164,74.125.24.0-255,2902,19089,79,174417
19253,0.000169,172.31.40.0-255,66,19155,79,174417
19254,0.000175,74.125.24.0-255,4320,23475,79,174417
19255,0.000178,172.31.40.0-255,66,23541,79,174417
19256,0.000181,74.125.24.0-255,1484,25025,79,174417
19257,0.000183,172.31.40.0-255,66,25091,79,174417
19258,0.00021,74.125.24.0-255,7156,32247,79,174417
19259,0.000213,172.31.40.0-255,66,32313,79,174417
19260,0.000216,74.125.24.0-255,1125,33438,79,174417
19261,0.000218,172.31.40.0-255,66,33504,79,174417
19262,0.000276,74.125.24.0-255,1484,34988,79,174417
19263,0.000279,172.31.40.0-255,66,35054,79,174417
19264,0.000284,74.125.24.0-255,2902,37956,79,174417
19265,0.000289,172.31.40.0-255,66,38022,79,174417
19266,0.00031,74.125.24.0-255,5738,43760,79,174417
19267,0.000313,172.31.40.0-255,66,43826,79,174417
19268,0.000358,74.125.24.0-255,5738,49564,79,174417
19269,0.000362,172.31.40.0-255,66,49630,79,174417
19270,0.000386,74.125.24.0-255,1705,51335,79,174417
19271,0.000389,172.31.40.0-255,66,51401,79,174417
19272,0.000417,172.31.40.0-255,66,51467,79,174417
19273,0.000452,172.31.40.0-255,66,51533,79,174417
19274,0.000488,172.31.40.0-255,66,51599,79,174417
19275,0.000728,74.125.24.0-255,1484,53083,79,174417
19276,0.000744,74.125.24.0-255,2902,55985,79,174417
19277,0.000747,172.31.40.0-255,66,56051,79,174417
19278,0.000754,74.125.24.0-255,5738,61789,79,174417
19279,0.000756,172.31.40.0-255,66,61855,79,174417
19280,0.000774,74.125.24.0-255,4320,66175,79,174417
19281,0.000777,172.31.40.0-255,66,66241,79,174417
19282,0.000799,74.125.24.0-255,4320,70561,79,174417
19283,0.000802,172.31.40.0-255,66,70627,79,174417
19284,0.000813,172.31.40.0-255,66,70693,79,174417
19285,0.000838,74.125.24.0-255,5020,75713,79,174417
19286,0.000841,172.31.40.0-255,66,75779,79,174417
19287,0.000894,74.125.24.0-255,1484,77263,79,174417
19288,0.000899,74.125.24.0-255,2902,80165,79,174417
19289,0.000902,172.31.40.0-255,66,80231,79,174417
19290,0.000908,74.125.24.0-255,5738,85969,79,174417
19291,0.00091,172.31.40.0-255,66,86035,79,174417
19292,0.000937,74.125.24.0-255,7156,93191,79,174417
19293,0.000941,172.31.40.0-255,66,93257,79,174417
19294,0.000951,172.31.40.0-255,66,93323,79,174417
19295,0.000987,172.31.40.0-255,66,93389,79,174417
19296,0.001027,74.125.24.0-255,5738,99127,79,174417
19297,0.001031,172.31.40.0-255,66,99193,79,174417
19298,0.001051,74.125.24.0-255,5738,104931,79,174417
19299,0.001055,172.31.40.0-255,66,104997,79,174417
19300,0.00108,74.125.24.0-255,1484,106481,79,174417
19301,0.001094,74.125.24.0-255,4320,110801,79,174417
19302,0.001097,172.31.40.0-255,66,110867,79,174417
19303,0.001136,172.31.40.0-255,66,110933,79,174417
19304,0.001143,74.125.24.0-255,6438,117371,79,174417
19305,0.001145,172.31.40.0-255,66,117437,79,174417
19306,0.001173,74.125.24.0-255,5738,123175,79,174417
19307,0.001177,172.31.40.0-255,66,123241,79,174417
19308,0.001206,74.125.24.0-255,1484,124725,79,174417
19309,0.001209,74.125.24.0-255,1484,126209,79,174417
19310,0.001212,172.31.40.0-255,66,126275,79,174417
19311,0.001224,172.31.40.0-255,66,126341,79,174417
19312,0.001227,74.125.24.0-255,1484,127825,79,174417
19313,0.001277,172.31.40.0-255,66,127891,79,174417
19314,0.001282,74.125.24.0-255,4320,132211,79,174417
19315,0.001285,172.31.40.0-255,66,132277,79,174417
19316,0.001312,74.125.24.0-255,5738,138015,79,174417
19317,0.001315,172.31.40.0-255,66,138081,79,174417
19318,0.001364,172.31.40.0-255,66,138147,79,174417
19319,0.001376,172.31.40.0-255,66,138213,79,174417
19320,0.001398,74.125.24.0-255,3602,141815,79,174417
19321,0.001401,172.31.40.0-255,66,141881,79,174417
19322,0.001499,74.125.24.0-255,1484,143365,79,174417
19323,0.001516,74.125.24.0-255,2902,146267,79,174417
19324,0.001519,172.31.40.0-255,66,146333,79,174417
19325,0.001525,74.125.24.0-255,5738,152071,79,174417
19326,0.001527,172.31.40.0-255,66,152137,79,174417
19327,0.001553,74.125.24.0-255,4320,156457,79,174417
19328,0.001557,172.31.40.0-255,66,156523,79,174417
19329,0.00159,172.31.40.0-255,66,156589,79,174417
19330,0.001608,74.125.24.0-255,2902,159491,79,174417
19331,0.001611,172.31.40.0-255,66,159557,79,174417
19332,0.001622,172.31.40.0-255,66,159623,79,174417
19333,0.001742,74.125.24.0-255,1484,161107,79,174417
19334,0.001762,74.125.24.0-255,2902,164009,79,174417
19335,0.001765,172.31.40.0-255,66,164075,79,174417
19336,0.001772,74.125.24.0-255,5738,169813,79,174417
19337,0.001775,172.31.40.0-255,66,169879,79,174417
19338,0.001821,172.31.40.0-255,66,169945,79,174417
19339,0.001834,172.31.40.0-255,66,170011,79,174417
19340,0.001925,172.31.40.0-255,66,170077,79,174417
19341,0.001939,172.31.40.0-255,66,170143,79,174417
19342,0.001977,172.31.40.0-255,66,170209,79,174417
19343,0.001994,172.31.40.0-255,66,170275,79,174417
19344,0.002016,74.125.24.0-255,3602,173877,79,174417
19345,0.002019,172.31.40.0-255,66,173943,79,174417
19346,0.002032,172.31.40.0-255,66,174009,79,174417
19347,0.002057,172.31.40.0-255,66,174075,79,174417
19348,0.00206,74.125.24.0-255,105,174180,79,174417
19349,0.003603,172.31.40.0-255,66,174246,79,174417
19350,0.00363,172.31.40.0-255,105,174351,79,174417
19351,0.005845,74.125.24.0-255,66,174417,79,174417
19352,0.0,74.125.24.0-255,153,153,79,160775
19353,2.3e-05,172.31.40.0-255,66,219,79,160775
19354,3e-05,74.125.24.0-255,1484,1703,79,160775
19355,3.5e-05,172.31.40.0-255,66,1769,79,160775
19356,4.8e-05,74.125.24.0-255,2902,4671,79,160775
19357,5.2e-05,172.31.40.0-255,66,4737,79,160775
19358,6e-05,74.125.24.0-255,7156,11893,79,160775
19359,6.3e-05,172.31.40.0-255,66,11959,79,160775
19360,6.8e-05,74.125.24.0-255,2092,14051,79,160775
19361,7.1e-05,172.31.40.0-255,66,14117,79,160775
19362,7.5e-05,74.125.24.0-255,2902,17019,79,160775
19363,7.8e-05,172.31.40.0-255,66,17085,79,160775
19364,8.2e-05,74.125.24.0-255,2902,19987,79,160775
19365,8.5e-05,172.31.40.0-255,66,20053,79,160775
19366,0.000122,74.125.24.0-255,4320,24373,79,160775
19367,0.000125,172.31.40.0-255,66,24439,79,160775
19368,0.000133,74.125.24.0-255,6797,31236,79,160775
19369,0.000135,172.31.40.0-255,66,31302,79,160775
19370,0.000294,74.125.24.0-255,1484,32786,79,160775
19371,0.000299,172.31.40.0-255,66,32852,79,160775
19372,0.000305,74.125.24.0-255,2902,35754,79,160775
19373,0.000308,172.31.40.0-255,66,35820,79,160775
19374,0.000312,74.125.24.0-255,2902,38722,79,160775
19375,0.000314,172.31.40.0-255,66,38788,79,160775
19376,0.000336,74.125.24.0-255,1484,40272,79,160775
19377,0.000339,172.31.40.0-255,66,40338,79,160775
19378,0.00035,74.125.24.0-255,5738,46076,79,160775
19379,0.000352,172.31.40.0-255,66,46142,79,160775
19380,0.000366,172.31.40.0-255,66,46208,79,160775
19381,0.000372,74.125.24.0-255,5738,51946,79,160775
19382,0.000375,172.31.40.0-255,66,52012,79,160775
19383,0.000412,74.125.24.0-255,1706,53718,79,160775
19384,0.000495,172.31.40.0-255,66,53784,79,160775
19385,0.000709,74.125.24.0-255,1484,55268,79,160775
19386,0.000715,74.125.24.0-255,2902,58170,79,160775
19387,0.000718,172.31.40.0-255,66,58236,79,160775
19388,0.000753,74.125.24.0-255,5738,63974,79,160775
19389,0.000756,172.31.40.0-255,66,64040,79,160775
19390,0.000777,74.125.24.0-255,4320,68360,79,160775
19391,0.000801,172.31.40.0-255,66,68426,79,160775
19392,0.000854,74.125.24.0-255,2902,71328,79,160775
19393,0.000876,74.125.24.0-255,3602,74930,79,160775
19394,0.000884,172.31.40.0-255,66,74996,79,160775
19395,0.00097,74.125.24.0-255,1484,76480,79,160775
19396,0.00099,74.125.24.0-255,2902,79382,79,160775
19397,0.000997,74.125.24.0-255,5738,85120,79,160775
19398,0.001003,172.31.40.0-255,66,85186,79,160775
19399,0.001011,74.125.24.0-255,1484,86670,79,160775
19400,0.001042,74.125.24.0-255,7156,93826,79,160775
19401,0.001061,172.31.40.0-255,66,93892,79,160775
19402,0.001089,74.125.24.0-255,4320,98212,79,160775
19403,0.001103,74.125.24.0-255,766,98978,79,160775
19404,0.001111,172.31.40.0-255,66,99044,79,160775
19405,0.001137,74.125.24.0-255,1484,100528,79,160775
19406,0.001144,74.125.24.0-255,4320,104848,79,160775
19407,0.001146,172.31.40.0-255,66,104914,79,160775
19408,0.001211,74.125.24.0-255,7156,112070,79,160775
19409,0.001217,172.31.40.0-255,66,112136,79,160775
19410,0.001227,74.125.24.0-255,2902,115038,79,160775
19411,0.001278,74.125.24.0-255,5738,120776,79,160775
19412,0.001314,172.31.40.0-255,66,120842,79,160775
19413,0.001759,74.125.24.0-255,1484,122326,79,160775
19414,0.001767,74.125.24.0-255,2902,125228,79,160775
19415,0.001771,172.31.40.0-255,66,125294,79,160775
19416,0.001777,74.125.24.0-255,4320,129614,79,160775
19417,0.001791,172.31.40.0-255,66,129680,79,160775
19418,0.001819,172.31.40.0-255,66,129746,79,160775
19419,0.001828,74.125.24.0-255,2902,132648,79,160775
19420,0.001879,172.31.40.0-255,66,132714,79,160775
19421,0.002063,74.125.24.0-255,1484,134198,79,160775
19422,0.002087,74.125.24.0-255,2902,137100,79,160775
19423,0.002093,74.125.24.0-255,5738,142838,79,160775
19424,0.002098,172.31.40.0-255,66,142904,79,160775
19425,0.002234,74.125.24.0-255,1484,144388,79,160775
19426,0.002239,74.125.24.0-255,2902,147290,79,160775
19427,0.002254,74.125.24.0-255,2902,150192,79,160775
19428,0.002278,74.125.24.0-255,2902,153094,79,160775
19429,0.002344,74.125.24.0-255,4320,157414,79,160775
19430,0.002502,74.125.24.0-255,2902,160316,79,160775
19431,0.002568,74.125.24.0-255,105,160421,79,160775
19432,0.011924,74.125.24.0-255,105,160526,79,160775
19433,0.011946,172.31.40.0-255,78,160604,79,160775
19434,0.017049,172.31.40.0-255,105,160709,79,160775
19435,0.019632,74.125.24.0-255,66,160775,79,160775
19436,0.0,74.125.24.0-255,156,156,79,169685
19437,2.1e-05,172.31.40.0-255,66,222,79,169685
19438,2.8e-05,74.125.24.0-255,1484,1706,79,169685
19439,3.3e-05,172.31.40.0-255,66,1772,79,169685
19440,3.9e-05,74.125.24.0-255,2902,4674,79,169685
19441,4.8e-05,172.31.40.0-255,66,4740,79,169685
19442,5.6e-05,74.125.24.0-255,5738,10478,79,169685
19443,5.9e-05,172.31.40.0-255,66,10544,79,169685
19444,8.7e-05,74.125.24.0-255,3418,13962,79,169685
19445,9e-05,172.31.40.0-255,66,14028,79,169685
19446,0.000158,74.125.24.0-255,1484,15512,79,169685
19447,0.000162,172.31.40.0-255,66,15578,79,169685
19448,0.000165,74.125.24.0-255,1484,17062,79,169685
19449,0.000167,172.31.40.0-255,66,17128,79,169685
19450,0.000201,74.125.24.0-255,1484,18612,79,169685
19451,0.000203,172.31.40.0-255,66,18678,79,169685
19452,0.00021,74.125.24.0-255,5738,24416,79,169685
19453,0.000213,172.31.40.0-255,66,24482,79,169685
19454,0.000235,74.125.24.0-255,4320,28802,79,169685
19455,0.000238,172.31.40.0-255,66,28868,79,169685
19456,0.000265,74.125.24.0-255,2543,31411,79,169685
19457,0.000268,172.31.40.0-255,66,31477,79,169685
19458,0.000275,74.125.24.0-255,7156,38633,79,169685
19459,0.000277,172.31.40.0-255,66,38699,79,169685
19460,0.000281,74.125.24.0-255,2902,41601,79,169685
19461,0.000283,172.31.40.0-255,66,41667,79,169685
19462,0.000289,74.125.24.0-255,4320,45987,79,169685
19463,0.000293,172.31.40.0-255,66,46053,79,169685
19464,0.000325,74.125.24.0-255,2543,48596,79,169685
19465,0.000328,172.31.40.0-255,66,48662,79,169685
19466,0.000332,74.125.24.0-255,2902,51564,79,169685
19467,0.000335,172.31.40.0-255,66,51630,79,169685
19468,0.000345,74.125.24.0-255,1484,53114,79,169685
19469,0.000375,74.125.24.0-255,5738,58852,79,169685
19470,0.000377,172.31.40.0-255,66,58918,79,169685
19471,0.000384,74.125.24.0-255,6797,65715,79,169685
19472,0.000386,172.31.40.0-255,66,65781,79,169685
19473,0.000557,74.125.24.0-255,400,66181,79,169685
19474,0.000785,74.125.24.0-255,112,66293,79,169685
19475,0.00091,74.125.24.0-255,1484,67777,79,169685
19476,0.000915,172.31.40.0-255,66,67843,79,169685
19477,0.000939,74.125.24.0-255,2902,70745,79,169685
19478,0.000941,172.31.40.0-255,66,70811,79,169685
19479,0.000948,74.125.24.0-255,5738,76549,79,169685
19480,0.00095,172.31.40.0-255,66,76615,79,169685
19481,0.000976,74.125.24.0-255,1484,78099,79,169685
19482,0.001019,172.31.40.0-255,66,78165,79,169685
19483,0.001028,172.31.40.0-255,66,78231,79,169685
19484,0.001469,74.125.24.0-255,1484,79715,79,169685
19485,0.001487,74.125.24.0-255,2902,82617,79,169685
19486,0.001491,172.31.40.0-255,66,82683,79,169685
19487,0.001534,74.125.24.0-255,4320,87003,79,169685
19488,0.001542,172.31.40.0-255,66,87069,79,169685
19489,0.001568,74.125.24.0-255,5738,92807,79,169685
19490,0.001571,172.31.40.0-255,66,92873,79,169685
19491,0.001578,74.125.24.0-255,5738,98611,79,169685
19492,0.00158,172.31.40.0-255,66,98677,79,169685
19493,0.001603,74.125.24.0-255,1484,100161,79,169685
19494,0.001611,74.125.24.0-255,7156,107317,79,169685
19495,0.001614,172.31.40.0-255,66,107383,79,169685
19496,0.001641,74.125.24.0-255,2902,110285,79,169685
19497,0.001644,172.31.40.0-255,66,110351,79,169685
19498,0.001664,74.125.24.0-255,2184,112535,79,169685
19499,0.001666,172.31.40.0-255,66,112601,79,169685
19500,0.001948,74.125.24.0-255,1484,114085,79,169685
19501,0.001968,74.125.24.0-255,2902,116987,79,169685
19502,0.001974,172.31.40.0-255,66,117053,79,169685
19503,0.002012,74.125.24.0-255,5738,122791,79,169685
19504,0.002014,172.31.40.0-255,66,122857,79,169685
19505,0.002024,172.31.40.0-255,66,122923,79,169685
19506,0.002042,172.31.40.0-255,66,122989,79,169685
19507,0.002063,74.125.24.0-255,1484,124473,79,169685
19508,0.002113,172.31.40.0-255,66,124539,79,169685
19509,0.002123,172.31.40.0-255,66,124605,79,169685
19510,0.004187,74.125.24.0-255,5738,130343,79,169685
19511,0.004194,172.31.40.0-255,66,130409,79,169685
19512,0.006223,74.125.24.0-255,4320,134729,79,169685
19513,0.006227,172.31.40.0-255,66,134795,79,169685
19514,0.006251,74.125.24.0-255,1484,136279,79,169685
19515,0.008273,74.125.24.0-255,4320,140599,79,169685
19516,0.00828,172.31.40.0-255,66,140665,79,169685
19517,0.010377,74.125.24.0-255,5738,146403,79,169685
19518,0.010384,172.31.40.0-255,66,146469,79,169685
19519,0.012429,74.125.24.0-255,5738,152207,79,169685
19520,0.012437,172.31.40.0-255,66,152273,79,169685
19521,0.014488,74.125.24.0-255,5738,158011,79,169685
19522,0.014496,172.31.40.0-255,66,158077,79,169685
19523,0.016575,74.125.24.0-255,5738,163815,79,169685
19524,0.016586,172.31.40.0-255,66,163881,79,169685
19525,0.018675,74.125.24.0-255,5738,169619,79,169685
19526,0.018682,172.31.40.0-255,66,169685,79,169685
19527,0.0,74.125.24.0-255,288,288,79,203223
19528,2.4e-05,172.31.40.0-255,66,354,79,203223
19529,3e-05,74.125.24.0-255,1484,1838,79,203223
19530,3.4e-05,172.31.40.0-255,66,1904,79,203223
19531,4.1e-05,74.125.24.0-255,4320,6224,79,203223
19532,4.4e-05,172.31.40.0-255,66,6290,79,203223
19533,5.7e-05,74.125.24.0-255,4320,10610,79,203223
19534,6.1e-05,172.31.40.0-255,66,10676,79,203223
19535,0.000109,172.31.40.0-255,66,10742,79,203223
19536,0.000115,74.125.24.0-255,4320,15062,79,203223
19537,0.000117,172.31.40.0-255,66,15128,79,203223
19538,0.000141,74.125.24.0-255,2902,18030,79,203223
19539,0.000143,172.31.40.0-255,66,18096,79,203223
19540,0.000164,74.125.24.0-255,2543,20639,79,203223
19541,0.000167,172.31.40.0-255,66,20705,79,203223
19542,0.000272,74.125.24.0-255,1484,22189,79,203223
19543,0.000275,172.31.40.0-255,66,22255,79,203223
19544,0.000279,74.125.24.0-255,1484,23739,79,203223
19545,0.000281,172.31.40.0-255,66,23805,79,203223
19546,0.00031,74.125.24.0-255,1484,25289,79,203223
19547,0.000312,172.31.40.0-255,66,25355,79,203223
19548,0.000315,74.125.24.0-255,1484,26839,79,203223
19549,0.000317,172.31.40.0-255,66,26905,79,203223
19550,0.00032,74.125.24.0-255,1484,28389,79,203223
19551,0.000321,172.31.40.0-255,66,28455,79,203223
19552,0.000347,74.125.24.0-255,4320,32775,79,203223
19553,0.00035,172.31.40.0-255,66,32841,79,203223
19554,0.000356,74.125.24.0-255,5379,38220,79,203223
19555,0.000358,172.31.40.0-255,66,38286,79,203223
19556,0.0004,172.31.40.0-255,66,38352,79,203223
19557,0.000404,74.125.24.0-255,3961,42313,79,203223
19558,0.000406,172.31.40.0-255,66,42379,79,203223
19559,0.00044,74.125.24.0-255,443,42822,79,203223
19560,0.000493,74.125.24.0-255,331,43153,79,203223
19561,0.000742,74.125.24.0-255,1484,44637,79,203223
19562,0.000746,172.31.40.0-255,66,44703,79,203223
19563,0.000751,74.125.24.0-255,2902,47605,79,203223
19564,0.000753,172.31.40.0-255,66,47671,79,203223
19565,0.000759,74.125.24.0-255,5738,53409,79,203223
19566,0.000761,172.31.40.0-255,66,53475,79,203223
19567,0.000789,74.125.24.0-255,2902,56377,79,203223
19568,0.000792,172.31.40.0-255,66,56443,79,203223
19569,0.000829,172.31.40.0-255,66,56509,79,203223
19570,0.00084,172.31.40.0-255,66,56575,79,203223
19571,0.001204,74.125.24.0-255,1484,58059,79,203223
19572,0.00121,74.125.24.0-255,2902,60961,79,203223
19573,0.001213,172.31.40.0-255,66,61027,79,203223
19574,0.001217,74.125.24.0-255,1484,62511,79,203223
19575,0.00124,74.125.24.0-255,4320,66831,79,203223
19576,0.001242,172.31.40.0-255,66,66897,79,203223
19577,0.001273,172.31.40.0-255,66,66963,79,203223
19578,0.00128,74.125.24.0-255,7156,74119,79,203223
19579,0.001282,172.31.40.0-255,66,74185,79,203223
19580,0.001313,74.125.24.0-255,3602,77787,79,203223
19581,0.001315,172.31.40.0-255,66,77853,79,203223
19582,0.001339,74.125.24.0-255,1484,79337,79,203223
19583,0.001353,74.125.24.0-255,2902,82239,79,203223
19584,0.001355,172.31.40.0-255,66,82305,79,203223
19585,0.001384,74.125.24.0-255,5738,88043,79,203223
19586,0.001386,172.31.40.0-255,66,88109,79,203223
19587,0.001393,74.125.24.0-255,7156,95265,79,203223
19588,0.001394,172.31.40.0-255,66,95331,79,203223
19589,0.001422,74.125.24.0-255,2902,98233,79,203223
19590,0.001425,172.31.40.0-255,66,98299,79,203223
19591,0.00143,74.125.24.0-255,4320,102619,79,203223
19592,0.001431,172.31.40.0-255,66,102685,79,203223
19593,0.001437,74.125.24.0-255,5738,108423,79,203223
19594,0.001439,172.31.40.0-255,66,108489,79,203223
19595,0.001476,74.125.24.0-255,3602,112091,79,203223
19596,0.00148,172.31.40.0-255,66,112157,79,203223
19597,0.001554,74.125.24.0-255,4320,116477,79,203223
19598,0.001557,172.31.40.0-255,66,116543,79,203223
19599,0.001563,74.125.24.0-255,4320,120863,79,203223
19600,0.001565,172.31.40.0-255,66,120929,79,203223
19601,0.001582,74.125.24.0-255,1484,122413,79,203223
19602,0.001588,74.125.24.0-255,5738,128151,79,203223
19603,0.001591,172.31.40.0-255,66,128217,79,203223
19604,0.001625,74.125.24.0-255,5738,133955,79,203223
19605,0.001628,172.31.40.0-255,66,134021,79,203223
19606,0.001644,172.31.40.0-255,66,134087,79,203223
19607,0.001702,74.125.24.0-255,1484,135571,79,203223
19608,0.001707,74.125.24.0-255,2902,138473,79,203223
19609,0.001709,172.31.40.0-255,66,138539,79,203223
19610,0.001716,74.125.24.0-255,5738,144277,79,203223
19611,0.001717,172.31.40.0-255,66,144343,79,203223
19612,0.001767,172.31.40.0-255,66,144409,79,203223
19613,0.001802,172.31.40.0-255,66,144475,79,203223
19614,0.001827,74.125.24.0-255,2184,146659,79,203223
19615,0.00183,172.31.40.0-255,66,146725,79,203223
19616,0.002374,74.125.24.0-255,1484,148209,79,203223
19617,0.002378,74.125.24.0-255,1484,149693,79,203223
19618,0.002381,172.31.40.0-255,66,149759,79,203223
19619,0.002394,74.125.24.0-255,1484,151243,79,203223
19620,0.002403,74.125.24.0-255,5738,156981,79,203223
19621,0.002405,172.31.40.0-255,66,157047,79,203223
19622,0.002446,172.31.40.0-255,66,157113,79,203223
19623,0.00245,74.125.24.0-255,2902,160015,79,203223
19624,0.002452,172.31.40.0-255,66,160081,79,203223
19625,0.002478,172.31.40.0-255,66,160147,79,203223
19626,0.002482,74.125.24.0-255,2902,163049,79,203223
19627,0.002488,172.31.40.0-255,66,163115,79,203223
19628,0.002529,172.31.40.0-255,66,163181,79,203223
19629,0.002542,172.31.40.0-255,66,163247,79,203223
19630,0.002547,74.125.24.0-255,5738,168985,79,203223
19631,0.002549,172.31.40.0-255,66,169051,79,203223
19632,0.002574,74.125.24.0-255,766,169817,79,203223
19633,0.00522,74.125.24.0-255,4320,174137,79,203223
19634,0.005227,172.31.40.0-255,66,174203,79,203223
19635,0.007867,74.125.24.0-255,5738,179941,79,203223
19636,0.007875,172.31.40.0-255,66,180007,79,203223
19637,0.010486,74.125.24.0-255,5738,185745,79,203223
19638,0.010491,172.31.40.0-255,66,185811,79,203223
19639,0.013147,74.125.24.0-255,5738,191549,79,203223
19640,0.013155,172.31.40.0-255,66,191615,79,203223
19641,0.015816,74.125.24.0-255,5738,197353,79,203223
19642,0.015825,172.31.40.0-255,66,197419,79,203223
19643,0.018442,74.125.24.0-255,5738,203157,79,203223
19644,0.01845,172.31.40.0-255,66,203223,79,203223
19645,0.0,74.125.200.0-255,152,152,79,292135
19646,1.6e-05,172.31.40.0-255,66,218,79,292135
19647,2.2e-05,74.125.200.0-255,1484,1702,79,292135
19648,2.6e-05,172.31.40.0-255,66,1768,79,292135
19649,4.6e-05,74.125.200.0-255,2902,4670,79,292135
19650,4.9e-05,172.31.40.0-255,66,4736,79,292135
19651,7.2e-05,74.125.200.0-255,5738,10474,79,292135
19652,7.6e-05,172.31.40.0-255,66,10540,79,292135
19653,0.00011,74.125.200.0-255,4320,14860,79,292135
19654,0.000113,172.31.40.0-255,66,14926,79,292135
19655,0.000128,74.125.200.0-255,2151,17077,79,292135
19656,0.000131,172.31.40.0-255,66,17143,79,292135
19657,0.000134,74.125.200.0-255,1484,18627,79,292135
19658,0.000136,172.31.40.0-255,66,18693,79,292135
19659,0.000141,74.125.200.0-255,2902,21595,79,292135
19660,0.000143,172.31.40.0-255,66,21661,79,292135
19661,0.000156,74.125.200.0-255,1484,23145,79,292135
19662,0.000158,172.31.40.0-255,66,23211,79,292135
19663,0.000185,74.125.200.0-255,4320,27531,79,292135
19664,0.000187,172.31.40.0-255,66,27597,79,292135
19665,0.00019,74.125.200.0-255,1484,29081,79,292135
19666,0.000192,172.31.40.0-255,66,29147,79,292135
19667,0.000196,74.125.200.0-255,2543,31690,79,292135
19668,0.000198,172.31.40.0-255,66,31756,79,292135
19669,0.000536,74.125.200.0-255,1484,33240,79,292135
19670,0.000541,172.31.40.0-255,66,33306,79,292135
19671,0.000545,74.125.200.0-255,1484,34790,79,292135
19672,0.000547,172.31.40.0-255,66,34856,79,292135
19673,0.000561,74.125.200.0-255,1484,36340,79,292135
19674,0.000565,172.31.40.0-255,66,36406,79,292135
19675,0.000575,74.125.200.0-255,2902,39308,79,292135
19676,0.000577,172.31.40.0-255,66,39374,79,292135
19677,0.000591,74.125.200.0-255,1484,40858,79,292135
19678,0.000595,74.125.200.0-255,1484,42342,79,292135
19679,0.000597,172.31.40.0-255,66,42408,79,292135
19680,0.000622,74.125.200.0-255,4320,46728,79,292135
19681,0.000625,172.31.40.0-255,66,46794,79,292135
19682,0.000631,74.125.200.0-255,4320,51114,79,292135
19683,0.000633,172.31.40.0-255,66,51180,79,292135
19684,0.000657,74.125.200.0-255,1484,52664,79,292135
19685,0.000664,74.125.200.0-255,7156,59820,79,292135
19686,0.000667,172.31.40.0-255,66,59886,79,292135
19687,0.00069,74.125.200.0-255,4320,64206,79,292135
19688,0.000693,172.31.40.0-255,66,64272,79,292135
19689,0.000728,74.125.200.0-255,2184,66456,79,292135
19690,0.000731,172.31.40.0-255,66,66522,79,292135
19691,0.000901,74.125.200.0-255,399,66921,79,292135
19692,0.000953,74.125.200.0-255,1484,68405,79,292135
19693,0.000957,172.31.40.0-255,66,68471,79,292135
19694,0.000976,74.125.200.0-255,1484,69955,79,292135
19695,0.00099,74.125.200.0-255,2902,72857,79,292135
19696,0.000993,172.31.40.0-255,66,72923,79,292135
19697,0.001011,74.125.200.0-255,5738,78661,79,292135
19698,0.001014,172.31.40.0-255,66,78727,79,292135
19699,0.001031,74.125.200.0-255,2902,81629,79,292135
19700,0.001033,172.31.40.0-255,66,81695,79,292135
19701,0.001055,74.125.200.0-255,1484,83179,79,292135
19702,0.00106,74.125.200.0-255,4320,87499,79,292135
19703,0.001062,172.31.40.0-255,66,87565,79,292135
19704,0.001078,74.125.200.0-255,1484,89049,79,292135
19705,0.001083,74.125.200.0-255,4320,93369,79,292135
19706,0.001085,172.31.40.0-255,66,93435,79,292135
19707,0.001101,74.125.200.0-255,1484,94919,79,292135
19708,0.001131,74.125.200.0-255,6438,101357,79,292135
19709,0.001135,172.31.40.0-255,66,101423,79,292135
19710,0.001217,74.125.200.0-255,1484,102907,79,292135
19711,0.001256,74.125.200.0-255,1484,104391,79,292135
19712,0.00126,172.31.40.0-255,66,104457,79,292135
19713,0.001264,74.125.200.0-255,2902,107359,79,292135
19714,0.001266,172.31.40.0-255,66,107425,79,292135
19715,0.00127,74.125.200.0-255,1484,108909,79,292135
19716,0.001286,74.125.200.0-255,4320,113229,79,292135
19717,0.001289,172.31.40.0-255,66,113295,79,292135
19718,0.001292,74.125.200.0-255,1484,114779,79,292135
19719,0.00131,74.125.200.0-255,2902,117681,79,292135
19720,0.001312,172.31.40.0-255,66,117747,79,292135
19721,0.001316,74.125.200.0-255,823,118570,79,292135
19722,0.001611,172.31.40.0-255,66,118636,79,292135
19723,0.002119,74.125.200.0-255,1484,120120,79,292135
19724,0.00213,74.125.200.0-255,2902,123022,79,292135
19725,0.002134,172.31.40.0-255,66,123088,79,292135
19726,0.002142,74.125.200.0-255,5738,128826,79,292135
19727,0.002144,172.31.40.0-255,66,128892,79,292135
19728,0.002149,74.125.200.0-255,2902,131794,79,292135
19729,0.002151,172.31.40.0-255,66,131860,79,292135
19730,0.002176,74.125.200.0-255,2902,134762,79,292135
19731,0.002179,172.31.40.0-255,66,134828,79,292135
19732,0.002206,74.125.200.0-255,7156,141984,79,292135
19733,0.002209,172.31.40.0-255,66,142050,79,292135
19734,0.002214,74.125.200.0-255,4320,146370,79,292135
19735,0.002216,172.31.40.0-255,66,146436,79,292135
19736,0.002223,74.125.200.0-255,5738,152174,79,292135
19737,0.002225,172.31.40.0-255,66,152240,79,292135
19738,0.002248,74.125.200.0-255,766,153006,79,292135
19739,0.002635,74.125.200.0-255,1484,154490,79,292135
19740,0.002641,172.31.40.0-255,66,154556,79,292135
19741,0.002667,74.125.200.0-255,2902,157458,79,292135
19742,0.002669,172.31.40.0-255,66,157524,79,292135
19743,0.002674,74.125.200.0-255,4320,161844,79,292135
19744,0.002676,172.31.40.0-255,66,161910,79,292135
19745,0.002698,74.125.200.0-255,5738,167648,79,292135
19746,0.0027,172.31.40.0-255,66,167714,79,292135
19747,0.002728,74.125.200.0-255,2902,170616,79,292135
19748,0.00273,172.31.40.0-255,66,170682,79,292135
19749,0.002737,74.125.200.0-255,7156,177838,79,292135
19750,0.002739,172.31.40.0-255,66,177904,79,292135
19751,0.002751,172.31.40.0-255,66,177970,79,292135
19752,0.002754,74.125.200.0-255,766,178736,79,292135
19753,0.003065,74.125.200.0-255,1484,180220,79,292135
19754,0.003068,172.31.40.0-255,66,180286,79,292135
19755,0.003071,74.125.200.0-255,1484,181770,79,292135
19756,0.003085,74.125.200.0-255,1484,183254,79,292135
19757,0.003088,172.31.40.0-255,66,183320,79,292135
19758,0.003091,74.125.200.0-255,1484,184804,79,292135
19759,0.003111,74.125.200.0-255,4320,189124,79,292135
19760,0.003114,172.31.40.0-255,66,189190,79,292135
19761,0.003118,74.125.200.0-255,2902,192092,79,292135
19762,0.00312,172.31.40.0-255,66,192158,79,292135
19763,0.003123,74.125.200.0-255,1484,193642,79,292135
19764,0.003152,172.31.40.0-255,66,193708,79,292135
19765,0.003178,172.31.40.0-255,66,193774,79,292135
19766,0.00348,74.125.200.0-255,1484,195258,79,292135
19767,0.003486,74.125.200.0-255,2902,198160,79,292135
19768,0.003491,172.31.40.0-255,66,198226,79,292135
19769,0.003494,74.125.200.0-255,1484,199710,79,292135
19770,0.003517,74.125.200.0-255,4320,204030,79,292135
19771,0.00352,172.31.40.0-255,66,204096,79,292135
19772,0.003524,74.125.200.0-255,2902,206998,79,292135
19773,0.003526,172.31.40.0-255,66,207064,79,292135
19774,0.003531,74.125.200.0-255,4320,211384,79,292135
19775,0.003534,172.31.40.0-255,66,211450,79,292135
19776,0.003568,172.31.40.0-255,66,211516,79,292135
19777,0.003583,172.31.40.0-255,66,211582,79,292135
19778,0.003731,74.125.200.0-255,1484,213066,79,292135
19779,0.003735,74.125.200.0-255,2902,215968,79,292135
19780,0.003738,172.31.40.0-255,66,216034,79,292135
19781,0.003744,74.125.200.0-255,5738,221772,79,292135
19782,0.003746,172.31.40.0-255,66,221838,79,292135
19783,0.003752,74.125.200.0-255,5738,227576,79,292135
19784,0.003755,172.31.40.0-255,66,227642,79,292135
19785,0.003761,74.125.200.0-255,7156,234798,79,292135
19786,0.003764,172.31.40.0-255,66,234864,79,292135
19787,0.003775,172.31.40.0-255,66,234930,79,292135
19788,0.003787,172.31.40.0-255,66,234996,79,292135
19789,0.0038,172.31.40.0-255,66,235062,79,292135
19790,0.003869,172.31.40.0-255,66,235128,79,292135
19791,0.00388,172.31.40.0-255,66,235194,79,292135
19792,0.003915,172.31.40.0-255,66,235260,79,292135
19793,0.003935,74.125.200.0-255,4320,239580,79,292135
19794,0.003938,172.31.40.0-255,66,239646,79,292135
19795,0.003943,74.125.200.0-255,3602,243248,79,292135
19796,0.003945,172.31.40.0-255,66,243314,79,292135
19797,0.00395,74.125.200.0-255,4320,247634,79,292135
19798,0.003952,172.31.40.0-255,66,247700,79,292135
19799,0.003983,74.125.200.0-255,4320,252020,79,292135
19800,0.003986,172.31.40.0-255,66,252086,79,292135
19801,0.004008,74.125.200.0-255,5738,257824,79,292135
19802,0.004013,74.125.200.0-255,4320,262144,79,292135
19803,0.004017,172.31.40.0-255,66,262210,79,292135
19804,0.004024,172.31.40.0-255,66,262276,79,292135
19805,0.004044,74.125.200.0-255,2902,265178,79,292135
19806,0.004047,172.31.40.0-255,66,265244,79,292135
19807,0.004085,172.31.40.0-255,66,265310,79,292135
19808,0.0041,172.31.40.0-255,66,265376,79,292135
19809,0.004126,74.125.200.0-255,7156,272532,79,292135
19810,0.004132,74.125.200.0-255,5738,278270,79,292135
19811,0.004138,172.31.40.0-255,66,278336,79,292135
19812,0.004154,74.125.200.0-255,7156,285492,79,292135
19813,0.004166,74.125.200.0-255,2184,287676,79,292135
19814,0.004175,172.31.40.0-255,66,287742,79,292135
19815,0.004191,74.125.200.0-255,3705,291447,79,292135
19816,0.004206,172.31.40.0-255,66,291513,79,292135
19817,0.004216,74.125.200.0-255,97,291610,79,292135
19818,0.004253,74.125.200.0-255,105,291715,79,292135
19819,0.012576,172.31.40.0-255,66,291781,79,292135
19820,0.012624,172.31.40.0-255,105,291886,79,292135
19821,0.013814,74.125.200.0-255,105,291991,79,292135
19822,0.013825,172.31.40.0-255,78,292069,79,292135
19823,0.014925,74.125.200.0-255,66,292135,79,292135
19824,0.0,74.125.130.0-255,150,150,79,197829
19825,2.4e-05,172.31.40.0-255,66,216,79,197829
19826,3.1e-05,74.125.130.0-255,1484,1700,79,197829
19827,3.5e-05,172.31.40.0-255,66,1766,79,197829
19828,3.9e-05,74.125.130.0-255,1484,3250,79,197829
19829,4.2e-05,172.31.40.0-255,66,3316,79,197829
19830,4.8e-05,74.125.130.0-255,2902,6218,79,197829
19831,5.1e-05,172.31.40.0-255,66,6284,79,197829
19832,5.7e-05,74.125.130.0-255,5738,12022,79,197829
19833,6e-05,172.31.40.0-255,66,12088,79,197829
19834,8.5e-05,74.125.130.0-255,2142,14230,79,197829
19835,8.8e-05,172.31.40.0-255,66,14296,79,197829
19836,0.000278,74.125.130.0-255,1484,15780,79,197829
19837,0.000284,172.31.40.0-255,66,15846,79,197829
19838,0.00029,74.125.130.0-255,2902,18748,79,197829
19839,0.000293,172.31.40.0-255,66,18814,79,197829
19840,0.000297,74.125.130.0-255,2902,21716,79,197829
19841,0.000299,172.31.40.0-255,66,21782,79,197829
19842,0.000319,74.125.130.0-255,2902,24684,79,197829
19843,0.000322,172.31.40.0-255,66,24750,79,197829
19844,0.000325,74.125.130.0-255,1484,26234,79,197829
19845,0.000327,172.31.40.0-255,66,26300,79,197829
19846,0.000356,74.125.130.0-255,5379,31679,79,197829
19847,0.000359,172.31.40.0-255,66,31745,79,197829
19848,0.000498,74.125.130.0-255,1484,33229,79,197829
19849,0.000502,172.31.40.0-255,66,33295,79,197829
19850,0.000535,74.125.130.0-255,2902,36197,79,197829
19851,0.000539,172.31.40.0-255,66,36263,79,197829
19852,0.000545,74.125.130.0-255,5738,42001,79,197829
19853,0.000549,172.31.40.0-255,66,42067,79,197829
19854,0.000565,74.125.130.0-255,2902,44969,79,197829
19855,0.000568,172.31.40.0-255,66,45035,79,197829
19856,0.000574,74.125.130.0-255,3961,48996,79,197829
19857,0.000577,172.31.40.0-255,66,49062,79,197829
19858,0.000603,74.125.130.0-255,1484,50546,79,197829
19859,0.00062,74.125.130.0-255,2902,53448,79,197829
19860,0.000622,172.31.40.0-255,66,53514,79,197829
19861,0.000628,74.125.130.0-255,5738,59252,79,197829
19862,0.000631,172.31.40.0-255,66,59318,79,197829
19863,0.000635,74.125.130.0-255,2902,62220,79,197829
19864,0.000638,172.31.40.0-255,66,62286,79,197829
19865,0.000657,74.125.130.0-255,3961,66247,79,197829
19866,0.00066,172.31.40.0-255,66,66313,79,197829
19867,0.000759,74.125.130.0-255,646,66959,79,197829
19868,0.000933,74.125.130.0-255,1484,68443,79,197829
19869,0.000939,172.31.40.0-255,66,68509,79,197829
19870,0.000945,74.125.130.0-255,2902,71411,79,197829
19871,0.000947,172.31.40.0-255,66,71477,79,197829
19872,0.000952,74.125.130.0-255,2902,74379,79,197829
19873,0.000954,172.31.40.0-255,66,74445,79,197829
19874,0.000958,74.125.130.0-255,2902,77347,79,197829
19875,0.00096,172.31.40.0-255,66,77413,79,197829
19876,0.000974,74.125.130.0-255,1484,78897,79,197829
19877,0.000994,74.125.130.0-255,5379,84276,79,197829
19878,0.000997,172.31.40.0-255,66,84342,79,197829
19879,0.001036,74.125.130.0-255,4320,88662,79,197829
19880,0.00104,172.31.40.0-255,66,88728,79,197829
19881,0.001058,74.125.130.0-255,1484,90212,79,197829
19882,0.001064,74.125.130.0-255,2902,93114,79,197829
19883,0.001067,172.31.40.0-255,66,93180,79,197829
19884,0.001072,74.125.130.0-255,4320,97500,79,197829
19885,0.001074,172.31.40.0-255,66,97566,79,197829
19886,0.001095,74.125.130.0-255,3961,101527,79,197829
19887,0.001098,172.31.40.0-255,66,101593,79,197829
19888,0.002066,74.125.130.0-255,1484,103077,79,197829
19889,0.002078,74.125.130.0-255,2902,105979,79,197829
19890,0.002082,172.31.40.0-255,66,106045,79,197829
19891,0.002104,74.125.130.0-255,4320,110365,79,197829
19892,0.002107,172.31.40.0-255,66,110431,79,197829
19893,0.002122,74.125.130.0-255,1484,111915,79,197829
19894,0.002142,74.125.130.0-255,4320,116235,79,197829
19895,0.002144,172.31.40.0-255,66,116301,79,197829
19896,0.00215,74.125.130.0-255,4320,120621,79,197829
19897,0.002152,172.31.40.0-255,66,120687,79,197829
19898,0.002169,74.125.130.0-255,4320,125007,79,197829
19899,0.002171,172.31.40.0-255,66,125073,79,197829
19900,0.002178,74.125.130.0-255,5738,130811,79,197829
19901,0.00218,172.31.40.0-255,66,130877,79,197829
19902,0.002194,74.125.130.0-255,4320,135197,79,197829
19903,0.002196,172.31.40.0-255,66,135263,79,197829
19904,0.002199,74.125.130.0-255,766,136029,79,197829
19905,0.002402,74.125.130.0-255,1484,137513,79,197829
19906,0.002409,172.31.40.0-255,66,137579,79,197829
19907,0.002428,74.125.130.0-255,1484,139063,79,197829
19908,0.002445,74.125.130.0-255,1484,140547,79,197829
19909,0.002447,172.31.40.0-255,66,140613,79,197829
19910,0.002461,74.125.130.0-255,1484,142097,79,197829
19911,0.002483,74.125.130.0-255,2902,144999,79,197829
19912,0.002485,172.31.40.0-255,66,145065,79,197829
19913,0.002492,74.125.130.0-255,5738,150803,79,197829
19914,0.002494,172.31.40.0-255,66,150869,79,197829
19915,0.002497,74.125.130.0-255,1484,152353,79,197829
19916,0.002515,74.125.130.0-255,1484,153837,79,197829
19917,0.002517,172.31.40.0-255,66,153903,79,197829
19918,0.002534,74.125.130.0-255,4320,158223,79,197829
19919,0.002536,172.31.40.0-255,66,158289,79,197829
19920,0.00255,74.125.130.0-255,2902,161191,79,197829
19921,0.002552,172.31.40.0-255,66,161257,79,197829
19922,0.002566,74.125.130.0-255,2902,164159,79,197829
19923,0.002568,172.31.40.0-255,66,164225,79,197829
19924,0.005087,74.125.130.0-255,2902,167127,79,197829
19925,0.005094,172.31.40.0-255,66,167193,79,197829
19926,0.005113,74.125.130.0-255,2902,170095,79,197829
19927,0.005116,172.31.40.0-255,66,170161,79,197829
19928,0.007642,74.125.130.0-255,4320,174481,79,197829
19929,0.007649,172.31.40.0-255,66,174547,79,197829
19930,0.007668,74.125.130.0-255,1484,176031,79,197829
19931,0.010192,74.125.130.0-255,4320,180351,79,197829
19932,0.010199,172.31.40.0-255,66,180417,79,197829
19933,0.012757,74.125.130.0-255,5738,186155,79,197829
19934,0.012767,172.31.40.0-255,66,186221,79,197829
19935,0.015322,74.125.130.0-255,5738,191959,79,197829
19936,0.015334,172.31.40.0-255,66,192025,79,197829
19937,0.017883,74.125.130.0-255,5738,197763,79,197829
19938,0.017893,172.31.40.0-255,66,197829,79,197829
19939,0.0,172.217.194.0-255,143,143,79,160893
19940,1.7e-05,172.31.40.0-255,66,209,79,160893
19941,2.4e-05,172.217.194.0-255,1484,1693,79,160893
19942,2.8e-05,172.31.40.0-255,66,1759,79,160893
19943,3.4e-05,172.217.194.0-255,2902,4661,79,160893
19944,4.6e-05,172.31.40.0-255,66,4727,79,160893
19945,5.3e-05,172.217.194.0-255,5738,10465,79,160893
19946,5.6e-05,172.31.40.0-255,66,10531,79,160893
19947,8.6e-05,172.217.194.0-255,6409,16940,79,160893
19948,8.9e-05,172.31.40.0-255,66,17006,79,160893
19949,9.6e-05,172.217.194.0-255,7156,24162,79,160893
19950,9.9e-05,172.31.40.0-255,66,24228,79,160893
19951,0.00013,172.217.194.0-255,7156,31384,79,160893
19952,0.000133,172.31.40.0-255,66,31450,79,160893
19953,0.000164,172.217.194.0-255,7156,38606,79,160893
19954,0.000167,172.31.40.0-255,66,38672,79,160893
19955,0.000171,172.217.194.0-255,1484,40156,79,160893
19956,0.000173,172.31.40.0-255,66,40222,79,160893
19957,0.000208,172.31.40.0-255,66,40288,79,160893
19958,0.000211,172.217.194.0-255,1484,41772,79,160893
19959,0.000214,172.31.40.0-255,66,41838,79,160893
19960,0.000255,172.217.194.0-255,2902,44740,79,160893
19961,0.000258,172.31.40.0-255,66,44806,79,160893
19962,0.000264,172.217.194.0-255,5738,50544,79,160893
19963,0.000267,172.31.40.0-255,66,50610,79,160893
19964,0.00027,172.217.194.0-255,1484,52094,79,160893
19965,0.000272,172.31.40.0-255,66,52160,79,160893
19966,0.000302,172.217.194.0-255,5652,57812,79,160893
19967,0.000304,172.31.40.0-255,66,57878,79,160893
19968,0.000334,172.217.194.0-255,4320,62198,79,160893
19969,0.000337,172.31.40.0-255,66,62264,79,160893
19970,0.000352,172.217.194.0-255,2902,65166,79,160893
19971,0.00036,172.31.40.0-255,66,65232,79,160893
19972,0.00037,172.31.40.0-255,66,65298,79,160893
19973,0.000373,172.217.194.0-255,1484,66782,79,160893
19974,0.000418,172.31.40.0-255,66,66848,79,160893
19975,0.000421,172.217.194.0-255,502,67350,79,160893
19976,0.000426,172.217.194.0-255,2902,70252,79,160893
19977,0.000428,172.31.40.0-255,66,70318,79,160893
19978,0.000433,172.217.194.0-255,4320,74638,79,160893
19979,0.000435,172.31.40.0-255,66,74704,79,160893
19980,0.000441,172.217.194.0-255,5738,80442,79,160893
19981,0.000444,172.31.40.0-255,66,80508,79,160893
19982,0.000464,172.217.194.0-255,2902,83410,79,160893
19983,0.000467,172.31.40.0-255,66,83476,79,160893
19984,0.00047,172.217.194.0-255,1484,84960,79,160893
19985,0.000523,172.31.40.0-255,66,85026,79,160893
19986,0.000528,172.217.194.0-255,4320,89346,79,160893
19987,0.000531,172.31.40.0-255,66,89412,79,160893
19988,0.000571,172.31.40.0-255,66,89478,79,160893
19989,0.000595,172.217.194.0-255,1484,90962,79,160893
19990,0.0006,172.217.194.0-255,2902,93864,79,160893
19991,0.000602,172.31.40.0-255,66,93930,79,160893
19992,0.000605,172.217.194.0-255,1484,95414,79,160893
19993,0.000639,172.217.194.0-255,4320,99734,79,160893
19994,0.000642,172.31.40.0-255,66,99800,79,160893
19995,0.000649,172.217.194.0-255,6797,106597,79,160893
19996,0.000651,172.31.40.0-255,66,106663,79,160893
19997,0.00126,172.217.194.0-255,1484,108147,79,160893
19998,0.001279,172.217.194.0-255,2902,111049,79,160893
19999,0.001283,172.31.40.0-255,66,111115,79,160893
20000,0.001289,172.217.194.0-255,4320,115435,79,160893
20001,0.001291,172.31.40.0-255,66,115501,79,160893
20002,0.001318,172.217.194.0-255,1484,116985,79,160893
20003,0.001332,172.31.40.0-255,66,117051,79,160893
20004,0.001337,172.217.194.0-255,4320,121371,79,160893
20005,0.00134,172.31.40.0-255,66,121437,79,160893
20006,0.001367,172.217.194.0-255,6438,127875,79,160893
20007,0.001374,172.31.40.0-255,66,127941,79,160893
20008,0.001379,172.217.194.0-255,2902,130843,79,160893
20009,0.001381,172.31.40.0-255,66,130909,79,160893
20010,0.001385,172.217.194.0-255,2902,133811,79,160893
20011,0.001387,172.31.40.0-255,66,133877,79,160893
20012,0.001419,172.217.194.0-255,1484,135361,79,160893
20013,0.00143,172.31.40.0-255,66,135427,79,160893
20014,0.001505,172.217.194.0-255,1484,136911,79,160893
20015,0.001511,172.31.40.0-255,66,136977,79,160893
20016,0.00156,172.31.40.0-255,66,137043,79,160893
20017,0.001579,172.31.40.0-255,66,137109,79,160893
20018,0.001592,172.31.40.0-255,66,137175,79,160893
20019,0.001607,172.31.40.0-255,66,137241,79,160893
20020,0.001619,172.31.40.0-255,66,137307,79,160893
20021,0.00163,172.31.40.0-255,66,137373,79,160893
20022,0.001684,172.31.40.0-255,66,137439,79,160893
20023,0.001687,172.217.194.0-255,766,138205,79,160893
20024,0.001715,172.217.194.0-255,4320,142525,79,160893
20025,0.001718,172.31.40.0-255,66,142591,79,160893
20026,0.00175,172.31.40.0-255,66,142657,79,160893
20027,0.001753,172.217.194.0-255,1484,144141,79,160893
20028,0.001793,172.31.40.0-255,66,144207,79,160893
20029,0.001928,172.217.194.0-255,1484,145691,79,160893
20030,0.001943,172.217.194.0-255,2902,148593,79,160893
20031,0.001946,172.31.40.0-255,66,148659,79,160893
20032,0.001952,172.217.194.0-255,4320,152979,79,160893
20033,0.001954,172.31.40.0-255,66,153045,79,160893
20034,0.00199,172.31.40.0-255,66,153111,79,160893
20035,0.002017,172.217.194.0-255,4320,157431,79,160893
20036,0.00202,172.31.40.0-255,66,157497,79,160893
20037,0.002059,172.31.40.0-255,66,157563,79,160893
20038,0.002075,172.31.40.0-255,66,157629,79,160893
20039,0.002079,172.217.194.0-255,2576,160205,79,160893
20040,0.002081,172.31.40.0-255,66,160271,79,160893
20041,0.002085,172.217.194.0-255,97,160368,79,160893
20042,0.002147,172.217.194.0-255,105,160473,79,160893
20043,0.012244,172.31.40.0-255,66,160539,79,160893
20044,0.012296,172.31.40.0-255,105,160644,79,160893
20045,0.012962,172.217.194.0-255,105,160749,79,160893
20046,0.012972,172.31.40.0-255,78,160827,79,160893
20047,0.014834,172.217.194.0-255,66,160893,79,160893
20048,0.0,74.125.130.0-255,153,153,79,243743
20049,1.3e-05,172.31.40.0-255,66,219,79,243743
20050,1.9e-05,74.125.130.0-255,1484,1703,79,243743
20051,2.4e-05,172.31.40.0-255,66,1769,79,243743
20052,4e-05,74.125.130.0-255,2902,4671,79,243743
20053,4.3e-05,172.31.40.0-255,66,4737,79,243743
20054,4.7e-05,74.125.130.0-255,2902,7639,79,243743
20055,4.9e-05,172.31.40.0-255,66,7705,79,243743
20056,6.7e-05,74.125.130.0-255,1484,9189,79,243743
20057,6.9e-05,172.31.40.0-255,66,9255,79,243743
20058,8.2e-05,74.125.130.0-255,2902,12157,79,243743
20059,8.5e-05,172.31.40.0-255,66,12223,79,243743
20060,0.000107,74.125.130.0-255,2062,14285,79,243743
20061,0.000109,172.31.40.0-255,66,14351,79,243743
20062,0.000141,74.125.130.0-255,1484,15835,79,243743
20063,0.000143,172.31.40.0-255,66,15901,79,243743
20064,0.000148,74.125.130.0-255,2902,18803,79,243743
20065,0.00015,172.31.40.0-255,66,18869,79,243743
20066,0.000172,74.125.130.0-255,4320,23189,79,243743
20067,0.000174,172.31.40.0-255,66,23255,79,243743
20068,0.000194,74.125.130.0-255,1484,24739,79,243743
20069,0.000196,172.31.40.0-255,66,24805,79,243743
20070,0.000202,74.125.130.0-255,5738,30543,79,243743
20071,0.000204,172.31.40.0-255,66,30609,79,243743
20072,0.000225,74.125.130.0-255,1125,31734,79,243743
20073,0.000227,172.31.40.0-255,66,31800,79,243743
20074,0.000477,74.125.130.0-255,1484,33284,79,243743
20075,0.000481,172.31.40.0-255,66,33350,79,243743
20076,0.000486,74.125.130.0-255,2902,36252,79,243743
20077,0.000488,172.31.40.0-255,66,36318,79,243743
20078,0.000492,74.125.130.0-255,2902,39220,79,243743
20079,0.000494,172.31.40.0-255,66,39286,79,243743
20080,0.000498,74.125.130.0-255,2902,42188,79,243743
20081,0.0005,172.31.40.0-255,66,42254,79,243743
20082,0.000521,74.125.130.0-255,1484,43738,79,243743
20083,0.000538,74.125.130.0-255,5738,49476,79,243743
20084,0.000541,172.31.40.0-255,66,49542,79,243743
20085,0.000554,74.125.130.0-255,3961,53503,79,243743
20086,0.000557,172.31.40.0-255,66,53569,79,243743
20087,0.00056,74.125.130.0-255,2902,56471,79,243743
20088,0.000563,172.31.40.0-255,66,56537,79,243743
20089,0.000604,74.125.130.0-255,4320,60857,79,243743
20090,0.00061,172.31.40.0-255,66,60923,79,243743
20091,0.000629,74.125.130.0-255,5379,66302,79,243743
20092,0.000631,172.31.40.0-255,66,66368,79,243743
20093,0.000634,74.125.130.0-255,366,66734,79,243743
20094,0.00065,74.125.130.0-255,377,67111,79,243743
20095,0.000885,74.125.130.0-255,1484,68595,79,243743
20096,0.000889,74.125.130.0-255,2902,71497,79,243743
20097,0.000893,172.31.40.0-255,66,71563,79,243743
20098,0.0009,172.31.40.0-255,66,71629,79,243743
20099,0.000911,74.125.130.0-255,2902,74531,79,243743
20100,0.000913,172.31.40.0-255,66,74597,79,243743
20101,0.000935,74.125.130.0-255,1484,76081,79,243743
20102,0.000941,74.125.130.0-255,5738,81819,79,243743
20103,0.000943,172.31.40.0-255,66,81885,79,243743
20104,0.000946,74.125.130.0-255,1484,83369,79,243743
20105,0.000974,172.31.40.0-255,66,83435,79,243743
20106,0.00098,74.125.130.0-255,5738,89173,79,243743
20107,0.000982,172.31.40.0-255,66,89239,79,243743
20108,0.001011,74.125.130.0-255,2184,91423,79,243743
20109,0.001013,172.31.40.0-255,66,91489,79,243743
20110,0.001061,74.125.130.0-255,1484,92973,79,243743
20111,0.001078,74.125.130.0-255,2902,95875,79,243743
20112,0.001081,172.31.40.0-255,66,95941,79,243743
20113,0.001107,74.125.130.0-255,5738,101679,79,243743
20114,0.00111,74.125.130.0-255,1484,103163,79,243743
20115,0.001114,172.31.40.0-255,66,103229,79,243743
20116,0.001133,74.125.130.0-255,7156,110385,79,243743
20117,0.001136,74.125.130.0-255,1484,111869,79,243743
20118,0.001139,172.31.40.0-255,66,111935,79,243743
20119,0.001165,172.31.40.0-255,66,112001,79,243743
20120,0.001171,74.125.130.0-255,4320,116321,79,243743
20121,0.001173,172.31.40.0-255,66,116387,79,243743
20122,0.001189,74.125.130.0-255,766,117153,79,243743
20123,0.001345,74.125.130.0-255,1484,118637,79,243743
20124,0.001349,172.31.40.0-255,66,118703,79,243743
20125,0.001354,74.125.130.0-255,2902,121605,79,243743
20126,0.001357,172.31.40.0-255,66,121671,79,243743
20127,0.001401,74.125.130.0-255,4320,125991,79,243743
20128,0.001404,172.31.40.0-255,66,126057,79,243743
20129,0.00141,74.125.130.0-255,5738,131795,79,243743
20130,0.001412,172.31.40.0-255,66,131861,79,243743
20131,0.00142,74.125.130.0-255,7156,139017,79,243743
20132,0.001422,172.31.40.0-255,66,139083,79,243743
20133,0.001448,74.125.130.0-255,4320,143403,79,243743
20134,0.001451,172.31.40.0-255,66,143469,79,243743
20135,0.001456,74.125.130.0-255,4320,147789,79,243743
20136,0.001457,172.31.40.0-255,66,147855,79,243743
20137,0.001469,74.125.130.0-255,1484,149339,79,243743
20138,0.001485,74.125.130.0-255,2184,151523,79,243743
20139,0.001488,172.31.40.0-255,66,151589,79,243743
20140,0.001595,74.125.130.0-255,1484,153073,79,243743
20141,0.0016,74.125.130.0-255,1484,154557,79,243743
20142,0.001602,172.31.40.0-255,66,154623,79,243743
20143,0.001622,74.125.130.0-255,1484,156107,79,243743
20144,0.001628,74.125.130.0-255,5738,161845,79,243743
20145,0.001631,172.31.40.0-255,66,161911,79,243743
20146,0.001643,74.125.130.0-255,1484,163395,79,243743
20147,0.001665,74.125.130.0-255,5738,169133,79,243743
20148,0.001668,172.31.40.0-255,66,169199,79,243743
20149,0.001688,74.125.130.0-255,5738,174937,79,243743
20150,0.001691,172.31.40.0-255,66,175003,79,243743
20151,0.001725,172.31.40.0-255,66,175069,79,243743
20152,0.001745,172.31.40.0-255,66,175135,79,243743
20153,0.001769,74.125.130.0-255,766,175901,79,243743
20154,0.001784,172.31.40.0-255,66,175967,79,243743
20155,0.001799,74.125.130.0-255,2902,178869,79,243743
20156,0.001801,172.31.40.0-255,66,178935,79,243743
20157,0.001807,74.125.130.0-255,5020,183955,79,243743
20158,0.001809,172.31.40.0-255,66,184021,79,243743
20159,0.001971,74.125.130.0-255,1484,185505,79,243743
20160,0.001977,74.125.130.0-255,2902,188407,79,243743
20161,0.00198,172.31.40.0-255,66,188473,79,243743
20162,0.002006,74.125.130.0-255,5738,194211,79,243743
20163,0.002009,172.31.40.0-255,66,194277,79,243743
20164,0.002018,74.125.130.0-255,2902,197179,79,243743
20165,0.002021,172.31.40.0-255,66,197245,79,243743
20166,0.002038,74.125.130.0-255,1484,198729,79,243743
20167,0.004022,74.125.130.0-255,4320,203049,79,243743
20168,0.004033,172.31.40.0-255,66,203115,79,243743
20169,0.006044,74.125.130.0-255,5738,208853,79,243743
20170,0.006048,172.31.40.0-255,66,208919,79,243743
20171,0.008061,74.125.130.0-255,5738,214657,79,243743
20172,0.00807,172.31.40.0-255,66,214723,79,243743
20173,0.010076,74.125.130.0-255,5738,220461,79,243743
20174,0.010089,172.31.40.0-255,66,220527,79,243743
20175,0.012108,74.125.130.0-255,5738,226265,79,243743
20176,0.012116,172.31.40.0-255,66,226331,79,243743
20177,0.014138,74.125.130.0-255,5738,232069,79,243743
20178,0.01415,172.31.40.0-255,66,232135,79,243743
20179,0.016151,74.125.130.0-255,5738,237873,79,243743
20180,0.016159,172.31.40.0-255,66,237939,79,243743
20181,0.018159,74.125.130.0-255,5738,243677,79,243743
20182,0.018166,172.31.40.0-255,66,243743,79,243743
20183,0.0,74.125.24.0-255,153,153,79,240226
20184,1.6e-05,172.31.40.0-255,66,219,79,240226
20185,2.3e-05,74.125.24.0-255,1484,1703,79,240226
20186,2.8e-05,172.31.40.0-255,66,1769,79,240226
20187,3.4e-05,74.125.24.0-255,2902,4671,79,240226
20188,3.6e-05,172.31.40.0-255,66,4737,79,240226
20189,4.3e-05,74.125.24.0-255,5738,10475,79,240226
20190,4.6e-05,172.31.40.0-255,66,10541,79,240226
20191,4.9e-05,74.125.24.0-255,1484,12025,79,240226
20192,5.2e-05,172.31.40.0-255,66,12091,79,240226
20193,7.5e-05,74.125.24.0-255,2120,14211,79,240226
20194,7.7e-05,172.31.40.0-255,66,14277,79,240226
20195,0.000225,74.125.24.0-255,1484,15761,79,240226
20196,0.000231,172.31.40.0-255,66,15827,79,240226
20197,0.000236,74.125.24.0-255,2902,18729,79,240226
20198,0.000239,172.31.40.0-255,66,18795,79,240226
20199,0.000244,74.125.24.0-255,4320,23115,79,240226
20200,0.000247,172.31.40.0-255,66,23181,79,240226
20201,0.000264,74.125.24.0-255,1484,24665,79,240226
20202,0.000266,172.31.40.0-255,66,24731,79,240226
20203,0.000274,74.125.24.0-255,6797,31528,79,240226
20204,0.000277,172.31.40.0-255,66,31594,79,240226
20205,0.000367,74.125.24.0-255,1484,33078,79,240226
20206,0.00037,172.31.40.0-255,66,33144,79,240226
20207,0.000374,74.125.24.0-255,1484,34628,79,240226
20208,0.000376,172.31.40.0-255,66,34694,79,240226
20209,0.000389,74.125.24.0-255,1484,36178,79,240226
20210,0.000391,172.31.40.0-255,66,36244,79,240226
20211,0.000399,74.125.24.0-255,5738,41982,79,240226
20212,0.000402,172.31.40.0-255,66,42048,79,240226
20213,0.000407,74.125.24.0-255,2902,44950,79,240226
20214,0.000409,172.31.40.0-255,66,45016,79,240226
20215,0.000429,74.125.24.0-255,3961,48977,79,240226
20216,0.000432,172.31.40.0-255,66,49043,79,240226
20217,0.000444,74.125.24.0-255,1484,50527,79,240226
20218,0.000474,172.31.40.0-255,66,50593,79,240226
20219,0.000478,74.125.24.0-255,2543,53136,79,240226
20220,0.00048,172.31.40.0-255,66,53202,79,240226
20221,0.000504,74.125.24.0-255,409,53611,79,240226
20222,0.000558,74.125.24.0-255,334,53945,79,240226
20223,0.000821,74.125.24.0-255,1484,55429,79,240226
20224,0.000826,172.31.40.0-255,66,55495,79,240226
20225,0.000833,74.125.24.0-255,2902,58397,79,240226
20226,0.000835,172.31.40.0-255,66,58463,79,240226
20227,0.000841,74.125.24.0-255,5738,64201,79,240226
20228,0.000843,172.31.40.0-255,66,64267,79,240226
20229,0.000883,172.31.40.0-255,66,64333,79,240226
20230,0.000919,74.125.24.0-255,5738,70071,79,240226
20231,0.000923,172.31.40.0-255,66,70137,79,240226
20232,0.000948,74.125.24.0-255,5020,75157,79,240226
20233,0.00095,172.31.40.0-255,66,75223,79,240226
20234,0.000972,74.125.24.0-255,1484,76707,79,240226
20235,0.000977,74.125.24.0-255,2902,79609,79,240226
20236,0.000979,172.31.40.0-255,66,79675,79,240226
20237,0.001005,74.125.24.0-255,5738,85413,79,240226
20238,0.001008,172.31.40.0-255,66,85479,79,240226
20239,0.001011,74.125.24.0-255,1484,86963,79,240226
20240,0.001037,172.31.40.0-255,66,87029,79,240226
20241,0.001065,74.125.24.0-255,2902,89931,79,240226
20242,0.001069,172.31.40.0-255,66,89997,79,240226
20243,0.001102,172.31.40.0-255,66,90063,79,240226
20244,0.001332,74.125.24.0-255,1484,91547,79,240226
20245,0.001338,74.125.24.0-255,2902,94449,79,240226
20246,0.001344,74.125.24.0-255,5738,100187,79,240226
20247,0.001346,74.125.24.0-255,1484,101671,79,240226
20248,0.001353,172.31.40.0-255,66,101737,79,240226
20249,0.001364,172.31.40.0-255,66,101803,79,240226
20250,0.001378,172.31.40.0-255,66,101869,79,240226
20251,0.001385,74.125.24.0-255,7156,109025,79,240226
20252,0.001388,172.31.40.0-255,66,109091,79,240226
20253,0.001462,172.31.40.0-255,66,109157,79,240226
20254,0.00149,74.125.24.0-255,7156,116313,79,240226
20255,0.001493,172.31.40.0-255,66,116379,79,240226
20256,0.001523,172.31.40.0-255,66,116445,79,240226
20257,0.001772,74.125.24.0-255,1484,117929,79,240226
20258,0.001777,74.125.24.0-255,1484,119413,79,240226
20259,0.00178,172.31.40.0-255,66,119479,79,240226
20260,0.001805,74.125.24.0-255,1484,120963,79,240226
20261,0.001812,74.125.24.0-255,5738,126701,79,240226
20262,0.001814,172.31.40.0-255,66,126767,79,240226
20263,0.001821,74.125.24.0-255,2902,129669,79,240226
20264,0.001824,172.31.40.0-255,66,129735,79,240226
20265,0.001852,172.31.40.0-255,66,129801,79,240226
20266,0.001872,74.125.24.0-255,4320,134121,79,240226
20267,0.001874,172.31.40.0-255,66,134187,79,240226
20268,0.001904,74.125.24.0-255,6438,140625,79,240226
20269,0.001912,172.31.40.0-255,66,140691,79,240226
20270,0.002013,74.125.24.0-255,1484,142175,79,240226
20271,0.002019,74.125.24.0-255,2902,145077,79,240226
20272,0.002023,172.31.40.0-255,66,145143,79,240226
20273,0.002049,74.125.24.0-255,5738,150881,79,240226
20274,0.002052,172.31.40.0-255,66,150947,79,240226
20275,0.002065,74.125.24.0-255,7156,158103,79,240226
20276,0.002084,74.125.24.0-255,5738,163841,79,240226
20277,0.002125,74.125.24.0-255,5738,169579,79,240226
20278,0.002164,74.125.24.0-255,1484,171063,79,240226
20279,0.00239,74.125.24.0-255,1484,172547,79,240226
20280,0.002396,74.125.24.0-255,2902,175449,79,240226
20281,0.002399,74.125.24.0-255,1484,176933,79,240226
20282,0.002419,74.125.24.0-255,4320,181253,79,240226
20283,0.002426,74.125.24.0-255,4320,185573,79,240226
20284,0.002441,74.125.24.0-255,5738,191311,79,240226
20285,0.002479,74.125.24.0-255,1484,192795,79,240226
20286,0.002584,74.125.24.0-255,1484,194279,79,240226
20287,0.002589,74.125.24.0-255,2902,197181,79,240226
20288,0.002594,74.125.24.0-255,5738,202919,79,240226
20289,0.002601,74.125.24.0-255,5738,208657,79,240226
20290,0.002613,74.125.24.0-255,766,209423,79,240226
20291,0.002616,74.125.24.0-255,1484,210907,79,240226
20292,0.002957,172.31.40.0-255,66,210973,79,240226
20293,0.005616,74.125.24.0-255,5738,216711,79,240226
20294,0.005882,172.31.40.0-255,66,216777,79,240226
20295,0.008496,74.125.24.0-255,4320,221097,79,240226
20296,0.008515,74.125.24.0-255,1484,222581,79,240226
20297,0.010199,172.31.40.0-255,66,222647,79,240226
20298,0.010501,172.31.40.0-255,101,222748,79,240226
20299,0.012819,74.125.24.0-255,5738,228486,79,240226
20300,0.012826,172.31.40.0-255,66,228552,79,240226
20301,0.01307,74.125.24.0-255,66,228618,79,240226
20302,0.015456,74.125.24.0-255,5738,234356,79,240226
20303,0.015466,172.31.40.0-255,66,234422,79,240226
20304,0.018114,74.125.24.0-255,5738,240160,79,240226
20305,0.018127,172.31.40.0-255,66,240226,79,240226
20306,0.0,172.253.118.0-255,153,153,79,223275
20307,2.2e-05,172.31.40.0-255,66,219,79,223275
20308,3e-05,172.253.118.0-255,1484,1703,79,223275
20309,3.6e-05,172.31.40.0-255,66,1769,79,223275
20310,4.2e-05,172.253.118.0-255,2902,4671,79,223275
20311,4.5e-05,172.31.40.0-255,66,4737,79,223275
20312,5.4e-05,172.253.118.0-255,7156,11893,79,223275
20313,5.7e-05,172.31.40.0-255,66,11959,79,223275
20314,6.1e-05,172.253.118.0-255,2090,14049,79,223275
20315,6.3e-05,172.31.40.0-255,66,14115,79,223275
20316,0.00013,172.253.118.0-255,1484,15599,79,223275
20317,0.000132,172.31.40.0-255,66,15665,79,223275
20318,0.000137,172.253.118.0-255,2902,18567,79,223275
20319,0.000139,172.31.40.0-255,66,18633,79,223275
20320,0.000157,172.253.118.0-255,1484,20117,79,223275
20321,0.00016,172.31.40.0-255,66,20183,79,223275
20322,0.000177,172.253.118.0-255,4320,24503,79,223275
20323,0.00018,172.31.40.0-255,66,24569,79,223275
20324,0.000195,172.253.118.0-255,4320,28889,79,223275
20325,0.000197,172.31.40.0-255,66,28955,79,223275
20326,0.00021,172.253.118.0-255,2543,31498,79,223275
20327,0.000212,172.31.40.0-255,66,31564,79,223275
20328,0.000217,172.253.118.0-255,2902,34466,79,223275
20329,0.000219,172.31.40.0-255,66,34532,79,223275
20330,0.000253,172.253.118.0-255,4320,38852,79,223275
20331,0.000256,172.31.40.0-255,66,38918,79,223275
20332,0.000268,172.31.40.0-255,66,38984,79,223275
20333,0.000609,172.253.118.0-255,1484,40468,79,223275
20334,0.000615,172.31.40.0-255,66,40534,79,223275
20335,0.000621,172.253.118.0-255,2902,43436,79,223275
20336,0.000624,172.31.40.0-255,66,43502,79,223275
20337,0.00063,172.253.118.0-255,4320,47822,79,223275
20338,0.000633,172.31.40.0-255,66,47888,79,223275
20339,0.000658,172.253.118.0-255,1484,49372,79,223275
20340,0.000666,172.253.118.0-255,5738,55110,79,223275
20341,0.000669,172.31.40.0-255,66,55176,79,223275
20342,0.000687,172.253.118.0-255,1705,56881,79,223275
20343,0.00069,172.31.40.0-255,66,56947,79,223275
20344,0.000694,172.253.118.0-255,2902,59849,79,223275
20345,0.000696,172.31.40.0-255,66,59915,79,223275
20346,0.000717,172.253.118.0-255,1484,61399,79,223275
20347,0.000736,172.253.118.0-255,5738,67137,79,223275
20348,0.000739,172.31.40.0-255,66,67203,79,223275
20349,0.000746,172.253.118.0-255,6797,74000,79,223275
20350,0.000748,172.31.40.0-255,66,74066,79,223275
20351,0.000785,172.253.118.0-255,7156,81222,79,223275
20352,0.000789,172.31.40.0-255,66,81288,79,223275
20353,0.000797,172.253.118.0-255,7156,88444,79,223275
20354,0.0008,172.31.40.0-255,66,88510,79,223275
20355,0.000816,172.253.118.0-255,1484,89994,79,223275
20356,0.00083,172.253.118.0-255,1125,91119,79,223275
20357,0.000832,172.31.40.0-255,66,91185,79,223275
20358,0.00142,172.253.118.0-255,1484,92669,79,223275
20359,0.001426,172.253.118.0-255,2902,95571,79,223275
20360,0.00143,172.31.40.0-255,66,95637,79,223275
20361,0.001434,172.253.118.0-255,1484,97121,79,223275
20362,0.001457,172.253.118.0-255,4320,101441,79,223275
20363,0.001459,172.31.40.0-255,66,101507,79,223275
20364,0.001464,172.253.118.0-255,2902,104409,79,223275
20365,0.001466,172.31.40.0-255,66,104475,79,223275
20366,0.001478,172.31.40.0-255,66,104541,79,223275
20367,0.001492,172.253.118.0-255,1484,106025,79,223275
20368,0.001526,172.253.118.0-255,2902,108927,79,223275
20369,0.001529,172.31.40.0-255,66,108993,79,223275
20370,0.001561,172.31.40.0-255,66,109059,79,223275
20371,0.001607,172.253.118.0-255,1484,110543,79,223275
20372,0.001612,172.253.118.0-255,2902,113445,79,223275
20373,0.001615,172.31.40.0-255,66,113511,79,223275
20374,0.001639,172.253.118.0-255,5738,119249,79,223275
20375,0.001642,172.31.40.0-255,66,119315,79,223275
20376,0.001668,172.31.40.0-255,66,119381,79,223275
20377,0.001697,172.253.118.0-255,4320,123701,79,223275
20378,0.0017,172.31.40.0-255,66,123767,79,223275
20379,0.001729,172.31.40.0-255,66,123833,79,223275
20380,0.00178,172.253.118.0-255,1484,125317,79,223275
20381,0.001785,172.253.118.0-255,2902,128219,79,223275
20382,0.001788,172.31.40.0-255,66,128285,79,223275
20383,0.001808,172.253.118.0-255,2902,131187,79,223275
20384,0.00181,172.31.40.0-255,66,131253,79,223275
20385,0.001829,172.253.118.0-255,1484,132737,79,223275
20386,0.001836,172.253.118.0-255,5738,138475,79,223275
20387,0.001839,172.31.40.0-255,66,138541,79,223275
20388,0.001857,172.253.118.0-255,2902,141443,79,223275
20389,0.001861,172.31.40.0-255,66,141509,79,223275
20390,0.001871,172.253.118.0-255,4320,145829,79,223275
20391,0.001873,172.31.40.0-255,66,145895,79,223275
20392,0.001897,172.253.118.0-255,1484,147379,79,223275
20393,0.001919,172.253.118.0-255,7156,154535,79,223275
20394,0.001922,172.31.40.0-255,66,154601,79,223275
20395,0.001927,172.253.118.0-255,3602,158203,79,223275
20396,0.00193,172.31.40.0-255,66,158269,79,223275
20397,0.002086,172.253.118.0-255,1484,159753,79,223275
20398,0.002092,172.253.118.0-255,2902,162655,79,223275
20399,0.002095,172.31.40.0-255,66,162721,79,223275
20400,0.002112,172.253.118.0-255,2902,165623,79,223275
20401,0.002115,172.31.40.0-255,66,165689,79,223275
20402,0.002131,172.253.118.0-255,2902,168591,79,223275
20403,0.002133,172.31.40.0-255,66,168657,79,223275
20404,0.00214,172.253.118.0-255,5738,174395,79,223275
20405,0.002142,172.31.40.0-255,66,174461,79,223275
20406,0.002166,172.253.118.0-255,4320,178781,79,223275
20407,0.002168,172.31.40.0-255,66,178847,79,223275
20408,0.002182,172.31.40.0-255,66,178913,79,223275
20409,0.002215,172.253.118.0-255,3602,182515,79,223275
20410,0.002218,172.31.40.0-255,66,182581,79,223275
20411,0.004406,172.253.118.0-255,1484,184065,79,223275
20412,0.00445,172.253.118.0-255,4320,188385,79,223275
20413,0.004457,172.31.40.0-255,66,188451,79,223275
20414,0.00669,172.253.118.0-255,5738,194189,79,223275
20415,0.006694,172.31.40.0-255,66,194255,79,223275
20416,0.008927,172.253.118.0-255,5738,199993,79,223275
20417,0.008935,172.31.40.0-255,66,200059,79,223275
20418,0.011194,172.253.118.0-255,5738,205797,79,223275
20419,0.011211,172.31.40.0-255,66,205863,79,223275
20420,0.01347,172.253.118.0-255,5738,211601,79,223275
20421,0.013487,172.31.40.0-255,66,211667,79,223275
20422,0.015731,172.253.118.0-255,5738,217405,79,223275
20423,0.015746,172.31.40.0-255,66,217471,79,223275
20424,0.018008,172.253.118.0-255,5738,223209,79,223275
20425,0.018028,172.31.40.0-255,66,223275,79,223275
20426,0.0,172.217.194.0-255,153,153,79,190368
20427,1.9e-05,172.31.40.0-255,66,219,79,190368
20428,2.7e-05,172.217.194.0-255,1484,1703,79,190368
20429,3.2e-05,172.31.40.0-255,66,1769,79,190368
20430,3.7e-05,172.217.194.0-255,2902,4671,79,190368
20431,4.1e-05,172.31.40.0-255,66,4737,79,190368
20432,4.7e-05,172.217.194.0-255,5738,10475,79,190368
20433,5e-05,172.31.40.0-255,66,10541,79,190368
20434,7.1e-05,172.217.194.0-255,3529,14070,79,190368
20435,7.4e-05,172.31.40.0-255,66,14136,79,190368
20436,0.000134,172.217.194.0-255,4320,18456,79,190368
20437,0.000138,172.31.40.0-255,66,18522,79,190368
20438,0.000144,172.217.194.0-255,5738,24260,79,190368
20439,0.000146,172.31.40.0-255,66,24326,79,190368
20440,0.000171,172.217.194.0-255,4320,28646,79,190368
20441,0.000174,172.31.40.0-255,66,28712,79,190368
20442,0.000202,172.31.40.0-255,66,28778,79,190368
20443,0.000224,172.217.194.0-255,4320,33098,79,190368
20444,0.000226,172.31.40.0-255,66,33164,79,190368
20445,0.000251,172.217.194.0-255,6797,39961,79,190368
20446,0.000254,172.31.40.0-255,66,40027,79,190368
20447,0.000717,172.217.194.0-255,1484,41511,79,190368
20448,0.000723,172.31.40.0-255,66,41577,79,190368
20449,0.00073,172.217.194.0-255,2902,44479,79,190368
20450,0.000732,172.31.40.0-255,66,44545,79,190368
20451,0.000737,172.217.194.0-255,2902,47447,79,190368
20452,0.00074,172.31.40.0-255,66,47513,79,190368
20453,0.000746,172.217.194.0-255,4320,51833,79,190368
20454,0.000748,172.31.40.0-255,66,51899,79,190368
20455,0.000783,172.217.194.0-255,1484,53383,79,190368
20456,0.000786,172.31.40.0-255,66,53449,79,190368
20457,0.000803,172.217.194.0-255,3961,57410,79,190368
20458,0.000806,172.31.40.0-255,66,57476,79,190368
20459,0.000858,172.217.194.0-255,1484,58960,79,190368
20460,0.000864,172.217.194.0-255,2902,61862,79,190368
20461,0.000867,172.31.40.0-255,66,61928,79,190368
20462,0.000893,172.217.194.0-255,5738,67666,79,190368
20463,0.000895,172.31.40.0-255,66,67732,79,190368
20464,0.000935,172.217.194.0-255,4320,72052,79,190368
20465,0.00094,172.31.40.0-255,66,72118,79,190368
20466,0.00096,172.31.40.0-255,66,72184,79,190368
20467,0.000972,172.31.40.0-255,66,72250,79,190368
20468,0.001234,172.217.194.0-255,1484,73734,79,190368
20469,0.001244,172.217.194.0-255,2902,76636,79,190368
20470,0.001248,172.31.40.0-255,66,76702,79,190368
20471,0.001251,172.217.194.0-255,1484,78186,79,190368
20472,0.001272,172.217.194.0-255,4320,82506,79,190368
20473,0.001275,172.31.40.0-255,66,82572,79,190368
20474,0.001287,172.31.40.0-255,66,82638,79,190368
20475,0.001305,172.217.194.0-255,2902,85540,79,190368
20476,0.001307,172.31.40.0-255,66,85606,79,190368
20477,0.001314,172.217.194.0-255,7156,92762,79,190368
20478,0.001317,172.31.40.0-255,66,92828,79,190368
20479,0.001337,172.217.194.0-255,3052,95880,79,190368
20480,0.00134,172.31.40.0-255,66,95946,79,190368
20481,0.001354,172.217.194.0-255,1484,97430,79,190368
20482,0.001368,172.217.194.0-255,1484,98914,79,190368
20483,0.00137,172.31.40.0-255,66,98980,79,190368
20484,0.001391,172.217.194.0-255,1484,100464,79,190368
20485,0.001398,172.217.194.0-255,5738,106202,79,190368
20486,0.0014,172.31.40.0-255,66,106268,79,190368
20487,0.001406,172.217.194.0-255,4320,110588,79,190368
20488,0.001408,172.31.40.0-255,66,110654,79,190368
20489,0.001432,172.31.40.0-255,66,110720,79,190368
20490,0.001474,172.31.40.0-255,66,110786,79,190368
20491,0.001836,172.217.194.0-255,1484,112270,79,190368
20492,0.001841,172.217.194.0-255,1484,113754,79,190368
20493,0.001844,172.31.40.0-255,66,113820,79,190368
20494,0.001884,172.217.194.0-255,1484,115304,79,190368
20495,0.001891,172.217.194.0-255,5738,121042,79,190368
20496,0.001894,172.31.40.0-255,66,121108,79,190368
20497,0.001905,172.31.40.0-255,66,121174,79,190368
20498,0.00195,172.31.40.0-255,66,121240,79,190368
20499,0.001973,172.217.194.0-255,7156,128396,79,190368
20500,0.001978,172.31.40.0-255,66,128462,79,190368
20501,0.001993,172.217.194.0-255,7156,135618,79,190368
20502,0.001996,172.31.40.0-255,66,135684,79,190368
20503,0.002009,172.31.40.0-255,66,135750,79,190368
20504,0.002028,172.217.194.0-255,5738,141488,79,190368
20505,0.00203,172.31.40.0-255,66,141554,79,190368
20506,0.002036,172.217.194.0-255,3602,145156,79,190368
20507,0.002038,172.31.40.0-255,66,145222,79,190368
20508,0.004038,172.217.194.0-255,1484,146706,79,190368
20509,0.004064,172.217.194.0-255,4320,151026,79,190368
20510,0.00407,172.31.40.0-255,66,151092,79,190368
20511,0.006058,172.217.194.0-255,4320,155412,79,190368
20512,0.006061,172.31.40.0-255,66,155478,79,190368
20513,0.006081,172.217.194.0-255,1484,156962,79,190368
20514,0.008089,172.217.194.0-255,4320,161282,79,190368
20515,0.008093,172.31.40.0-255,66,161348,79,190368
20516,0.010124,172.217.194.0-255,5738,167086,79,190368
20517,0.010131,172.31.40.0-255,66,167152,79,190368
20518,0.012196,172.217.194.0-255,5738,172890,79,190368
20519,0.012204,172.31.40.0-255,66,172956,79,190368
20520,0.014252,172.217.194.0-255,5738,178694,79,190368
20521,0.014264,172.31.40.0-255,66,178760,79,190368
20522,0.016293,172.217.194.0-255,5738,184498,79,190368
20523,0.016307,172.31.40.0-255,66,184564,79,190368
20524,0.018323,172.217.194.0-255,5738,190302,79,190368
20525,0.018337,172.31.40.0-255,66,190368,79,190368
20526,0.0,74.125.24.0-255,153,153,79,191435
20527,1.8e-05,172.31.40.0-255,66,219,79,191435
20528,2.5e-05,74.125.24.0-255,1484,1703,79,191435
20529,3e-05,172.31.40.0-255,66,1769,79,191435
20530,3.5e-05,74.125.24.0-255,2902,4671,79,191435
20531,3.9e-05,172.31.40.0-255,66,4737,79,191435
20532,4.3e-05,74.125.24.0-255,1484,6221,79,191435
20533,4.5e-05,172.31.40.0-255,66,6287,79,191435
20534,5e-05,74.125.24.0-255,2902,9189,79,191435
20535,5.2e-05,172.31.40.0-255,66,9255,79,191435
20536,9.4e-05,74.125.24.0-255,2902,12157,79,191435
20537,9.7e-05,172.31.40.0-255,66,12223,79,191435
20538,0.000116,74.125.24.0-255,2100,14323,79,191435
20539,0.000119,172.31.40.0-255,66,14389,79,191435
20540,0.000134,74.125.24.0-255,1484,15873,79,191435
20541,0.000136,172.31.40.0-255,66,15939,79,191435
20542,0.00014,74.125.24.0-255,1484,17423,79,191435
20543,0.000142,172.31.40.0-255,66,17489,79,191435
20544,0.000159,74.125.24.0-255,1484,18973,79,191435
20545,0.000161,172.31.40.0-255,66,19039,79,191435
20546,0.000167,74.125.24.0-255,5738,24777,79,191435
20547,0.000169,172.31.40.0-255,66,24843,79,191435
20548,0.000192,74.125.24.0-255,6797,31640,79,191435
20549,0.000195,172.31.40.0-255,66,31706,79,191435
20550,0.000221,74.125.24.0-255,7156,38862,79,191435
20551,0.000223,172.31.40.0-255,66,38928,79,191435
20552,0.000244,74.125.24.0-255,1484,40412,79,191435
20553,0.000246,172.31.40.0-255,66,40478,79,191435
20554,0.000276,172.31.40.0-255,66,40544,79,191435
20555,0.000338,74.125.24.0-255,1484,42028,79,191435
20556,0.000341,172.31.40.0-255,66,42094,79,191435
20557,0.000346,74.125.24.0-255,2902,44996,79,191435
20558,0.000365,74.125.24.0-255,5738,50734,79,191435
20559,0.000386,74.125.24.0-255,4320,55054,79,191435
20560,0.0004,74.125.24.0-255,2890,57944,79,191435
20561,0.000459,74.125.24.0-255,1484,59428,79,191435
20562,0.000476,74.125.24.0-255,2902,62330,79,191435
20563,0.000489,74.125.24.0-255,4320,66650,79,191435
20564,0.000527,74.125.24.0-255,4320,70970,79,191435
20565,0.000545,74.125.24.0-255,5379,76349,79,191435
20566,0.000551,74.125.24.0-255,5738,82087,79,191435
20567,0.000563,172.31.40.0-255,66,82153,79,191435
20568,0.000596,74.125.24.0-255,4320,86473,79,191435
20569,0.000609,172.31.40.0-255,66,86539,79,191435
20570,0.000623,74.125.24.0-255,5379,91918,79,191435
20571,0.000626,74.125.24.0-255,331,92249,79,191435
20572,0.00063,172.31.40.0-255,66,92315,79,191435
20573,0.000722,74.125.24.0-255,1484,93799,79,191435
20574,0.000737,74.125.24.0-255,2902,96701,79,191435
20575,0.000753,74.125.24.0-255,4320,101021,79,191435
20576,0.000757,172.31.40.0-255,66,101087,79,191435
20577,0.000764,74.125.24.0-255,1484,102571,79,191435
20578,0.000775,172.31.40.0-255,66,102637,79,191435
20579,0.000786,74.125.24.0-255,4320,106957,79,191435
20580,0.000813,74.125.24.0-255,4320,111277,79,191435
20581,0.000826,74.125.24.0-255,1484,112761,79,191435
20582,0.000832,172.31.40.0-255,66,112827,79,191435
20583,0.000852,74.125.24.0-255,5020,117847,79,191435
20584,0.000868,172.31.40.0-255,66,117913,79,191435
20585,0.001462,74.125.24.0-255,1484,119397,79,191435
20586,0.001467,74.125.24.0-255,2902,122299,79,191435
20587,0.001473,172.31.40.0-255,66,122365,79,191435
20588,0.001485,74.125.24.0-255,5738,128103,79,191435
20589,0.00152,172.31.40.0-255,66,128169,79,191435
20590,0.00159,172.31.40.0-255,66,128235,79,191435
20591,0.00162,74.125.24.0-255,4320,132555,79,191435
20592,0.001623,74.125.24.0-255,2902,135457,79,191435
20593,0.001626,172.31.40.0-255,66,135523,79,191435
20594,0.001655,74.125.24.0-255,4320,139843,79,191435
20595,0.001667,172.31.40.0-255,66,139909,79,191435
20596,0.001687,74.125.24.0-255,766,140675,79,191435
20597,0.001709,172.31.40.0-255,66,140741,79,191435
20598,0.001871,74.125.24.0-255,1484,142225,79,191435
20599,0.001887,74.125.24.0-255,2902,145127,79,191435
20600,0.001891,172.31.40.0-255,66,145193,79,191435
20601,0.001894,74.125.24.0-255,1484,146677,79,191435
20602,0.001914,74.125.24.0-255,4320,150997,79,191435
20603,0.001919,74.125.24.0-255,4320,155317,79,191435
20604,0.001935,74.125.24.0-255,4320,159637,79,191435
20605,0.00195,172.31.40.0-255,66,159703,79,191435
20606,0.001962,74.125.24.0-255,1484,161187,79,191435
20607,0.001967,172.31.40.0-255,66,161253,79,191435
20608,0.001985,74.125.24.0-255,3602,164855,79,191435
20609,0.002001,172.31.40.0-255,66,164921,79,191435
20610,0.002259,74.125.24.0-255,1484,166405,79,191435
20611,0.002264,74.125.24.0-255,1484,167889,79,191435
20612,0.002267,172.31.40.0-255,66,167955,79,191435
20613,0.002291,74.125.24.0-255,1484,169439,79,191435
20614,0.002294,74.125.24.0-255,1484,170923,79,191435
20615,0.002298,172.31.40.0-255,66,170989,79,191435
20616,0.004526,74.125.24.0-255,2902,173891,79,191435
20617,0.004533,172.31.40.0-255,66,173957,79,191435
20618,0.004556,74.125.24.0-255,2902,176859,79,191435
20619,0.006787,74.125.24.0-255,2902,179761,79,191435
20620,0.008468,172.31.40.0-255,66,179827,79,191435
20621,0.010757,74.125.24.0-255,5738,185565,79,191435
20622,0.010765,172.31.40.0-255,66,185631,79,191435
20623,0.013053,74.125.24.0-255,5738,191369,79,191435
20624,0.018125,172.31.40.0-255,66,191435,79,191435
20625,0.0,216.58.203.0-255,319,319,79,193460
20626,1.9e-05,172.31.40.0-255,66,385,79,193460
20627,2.4e-05,216.58.203.0-255,1484,1869,79,193460
20628,2.8e-05,172.31.40.0-255,66,1935,79,193460
20629,3.4e-05,216.58.203.0-255,2902,4837,79,193460
20630,3.7e-05,172.31.40.0-255,66,4903,79,193460
20631,4.2e-05,216.58.203.0-255,4320,9223,79,193460
20632,4.4e-05,172.31.40.0-255,66,9289,79,193460
20633,7.3e-05,216.58.203.0-255,4320,13609,79,193460
20634,7.6e-05,172.31.40.0-255,66,13675,79,193460
20635,9.4e-05,216.58.203.0-255,4867,18542,79,193460
20636,9.6e-05,172.31.40.0-255,66,18608,79,193460
20637,0.000106,172.31.40.0-255,66,18674,79,193460
20638,0.000141,216.58.203.0-255,2543,21217,79,193460
20639,0.000143,172.31.40.0-255,66,21283,79,193460
20640,0.00017,216.58.203.0-255,1484,22767,79,193460
20641,0.000172,172.31.40.0-255,66,22833,79,193460
20642,0.000192,216.58.203.0-255,2902,25735,79,193460
20643,0.000194,172.31.40.0-255,66,25801,79,193460
20644,0.000199,216.58.203.0-255,5738,31539,79,193460
20645,0.000201,172.31.40.0-255,66,31605,79,193460
20646,0.000223,216.58.203.0-255,4320,35925,79,193460
20647,0.000226,172.31.40.0-255,66,35991,79,193460
20648,0.000242,216.58.203.0-255,2543,38534,79,193460
20649,0.000244,172.31.40.0-255,66,38600,79,193460
20650,0.000274,216.58.203.0-255,4320,42920,79,193460
20651,0.000277,172.31.40.0-255,66,42986,79,193460
20652,0.00028,216.58.203.0-255,1484,44470,79,193460
20653,0.000281,172.31.40.0-255,66,44536,79,193460
20654,0.0003,216.58.203.0-255,4320,48856,79,193460
20655,0.000303,172.31.40.0-255,66,48922,79,193460
20656,0.000326,216.58.203.0-255,4320,53242,79,193460
20657,0.000329,172.31.40.0-255,66,53308,79,193460
20658,0.00034,216.58.203.0-255,2873,56181,79,193460
20659,0.000342,172.31.40.0-255,66,56247,79,193460
20660,0.00064,216.58.203.0-255,114,56361,79,193460
20661,0.000816,216.58.203.0-255,1484,57845,79,193460
20662,0.000821,172.31.40.0-255,66,57911,79,193460
20663,0.000827,216.58.203.0-255,2902,60813,79,193460
20664,0.000829,172.31.40.0-255,66,60879,79,193460
20665,0.000832,216.58.203.0-255,1484,62363,79,193460
20666,0.000849,216.58.203.0-255,2902,65265,79,193460
20667,0.000851,172.31.40.0-255,66,65331,79,193460
20668,0.000887,216.58.203.0-255,7156,72487,79,193460
20669,0.000891,172.31.40.0-255,66,72553,79,193460
20670,0.000894,172.31.40.0-255,66,72619,79,193460
20671,0.000917,216.58.203.0-255,5738,78357,79,193460
20672,0.000919,172.31.40.0-255,66,78423,79,193460
20673,0.000935,216.58.203.0-255,2543,80966,79,193460
20674,0.000937,172.31.40.0-255,66,81032,79,193460
20675,0.001169,216.58.203.0-255,1484,82516,79,193460
20676,0.001176,216.58.203.0-255,2902,85418,79,193460
20677,0.001179,172.31.40.0-255,66,85484,79,193460
20678,0.001184,216.58.203.0-255,2902,88386,79,193460
20679,0.001186,172.31.40.0-255,66,88452,79,193460
20680,0.001203,216.58.203.0-255,2902,91354,79,193460
20681,0.001206,172.31.40.0-255,66,91420,79,193460
20682,0.001233,172.31.40.0-255,66,91486,79,193460
20683,0.001271,172.31.40.0-255,66,91552,79,193460
20684,0.001349,216.58.203.0-255,1484,93036,79,193460
20685,0.001364,216.58.203.0-255,2902,95938,79,193460
20686,0.001367,172.31.40.0-255,66,96004,79,193460
20687,0.00137,216.58.203.0-255,1484,97488,79,193460
20688,0.001397,216.58.203.0-255,4320,101808,79,193460
20689,0.0014,172.31.40.0-255,66,101874,79,193460
20690,0.001408,216.58.203.0-255,7156,109030,79,193460
20691,0.00141,172.31.40.0-255,66,109096,79,193460
20692,0.001421,172.31.40.0-255,66,109162,79,193460
20693,0.001462,172.31.40.0-255,66,109228,79,193460
20694,0.001503,216.58.203.0-255,1484,110712,79,193460
20695,0.001517,216.58.203.0-255,2902,113614,79,193460
20696,0.00152,172.31.40.0-255,66,113680,79,193460
20697,0.001551,216.58.203.0-255,5738,119418,79,193460
20698,0.001555,172.31.40.0-255,66,119484,79,193460
20699,0.001558,216.58.203.0-255,1484,120968,79,193460
20700,0.001562,216.58.203.0-255,2902,123870,79,193460
20701,0.001565,172.31.40.0-255,66,123936,79,193460
20702,0.001572,216.58.203.0-255,5738,129674,79,193460
20703,0.001574,172.31.40.0-255,66,129740,79,193460
20704,0.001613,172.31.40.0-255,66,129806,79,193460
20705,0.001616,216.58.203.0-255,766,130572,79,193460
20706,0.003251,216.58.203.0-255,4320,134892,79,193460
20707,0.003258,172.31.40.0-255,66,134958,79,193460
20708,0.004885,216.58.203.0-255,2902,137860,79,193460
20709,0.004889,172.31.40.0-255,66,137926,79,193460
20710,0.004931,216.58.203.0-255,2902,140828,79,193460
20711,0.004934,172.31.40.0-255,66,140894,79,193460
20712,0.006518,216.58.203.0-255,2902,143796,79,193460
20713,0.006525,172.31.40.0-255,66,143862,79,193460
20714,0.006538,216.58.203.0-255,1484,145346,79,193460
20715,0.00655,216.58.203.0-255,1484,146830,79,193460
20716,0.006553,172.31.40.0-255,66,146896,79,193460
20717,0.00815,216.58.203.0-255,2902,149798,79,193460
20718,0.008156,172.31.40.0-255,66,149864,79,193460
20719,0.008174,216.58.203.0-255,2902,152766,79,193460
20720,0.008177,172.31.40.0-255,66,152832,79,193460
20721,0.009786,216.58.203.0-255,5738,158570,79,193460
20722,0.009795,172.31.40.0-255,66,158636,79,193460
20723,0.011446,216.58.203.0-255,5738,164374,79,193460
20724,0.011456,172.31.40.0-255,66,164440,79,193460
20725,0.013093,216.58.203.0-255,5738,170178,79,193460
20726,0.013102,172.31.40.0-255,66,170244,79,193460
20727,0.014742,216.58.203.0-255,5738,175982,79,193460
20728,0.014752,172.31.40.0-255,66,176048,79,193460
20729,0.016418,216.58.203.0-255,5738,181786,79,193460
20730,0.01643,172.31.40.0-255,66,181852,79,193460
20731,0.018078,216.58.203.0-255,5738,187590,79,193460
20732,0.018095,172.31.40.0-255,66,187656,79,193460
20733,0.01973,216.58.203.0-255,5738,193394,79,193460
20734,0.019744,172.31.40.0-255,66,193460,79,193460
20735,0.0,172.217.194.0-255,300,300,79,141477
20736,2.1e-05,172.31.40.0-255,66,366,79,141477
20737,2.7e-05,172.217.194.0-255,1484,1850,79,141477
20738,3.3e-05,172.31.40.0-255,66,1916,79,141477
20739,4.1e-05,172.217.194.0-255,4320,6236,79,141477
20740,4.5e-05,172.31.40.0-255,66,6302,79,141477
20741,6.7e-05,172.217.194.0-255,4320,10622,79,141477
20742,7.1e-05,172.31.40.0-255,66,10688,79,141477
20743,9.4e-05,172.217.194.0-255,3230,13918,79,141477
20744,9.6e-05,172.31.40.0-255,66,13984,79,141477
20745,0.000329,172.217.194.0-255,1484,15468,79,141477
20746,0.000335,172.31.40.0-255,66,15534,79,141477
20747,0.000341,172.217.194.0-255,2902,18436,79,141477
20748,0.000344,172.31.40.0-255,66,18502,79,141477
20749,0.000372,172.217.194.0-255,5738,24240,79,141477
20750,0.000375,172.31.40.0-255,66,24306,79,141477
20751,0.000379,172.217.194.0-255,2902,27208,79,141477
20752,0.000382,172.31.40.0-255,66,27274,79,141477
20753,0.000418,172.217.194.0-255,1484,28758,79,141477
20754,0.000421,172.31.40.0-255,66,28824,79,141477
20755,0.000452,172.31.40.0-255,66,28890,79,141477
20756,0.000455,172.217.194.0-255,1484,30374,79,141477
20757,0.000457,172.31.40.0-255,66,30440,79,141477
20758,0.000479,172.217.194.0-255,2902,33342,79,141477
20759,0.000482,172.31.40.0-255,66,33408,79,141477
20760,0.00051,172.31.40.0-255,66,33474,79,141477
20761,0.000549,172.217.194.0-255,2902,36376,79,141477
20762,0.000552,172.31.40.0-255,66,36442,79,141477
20763,0.000576,172.31.40.0-255,66,36508,79,141477
20764,0.000959,172.217.194.0-255,348,36856,79,141477
20765,0.000981,172.217.194.0-255,397,37253,79,141477
20766,0.00113,172.31.40.0-255,66,37319,79,141477
20767,0.00114,172.217.194.0-255,1484,38803,79,141477
20768,0.001145,172.217.194.0-255,2902,41705,79,141477
20769,0.001149,172.31.40.0-255,66,41771,79,141477
20770,0.001168,172.217.194.0-255,2902,44673,79,141477
20771,0.001171,172.31.40.0-255,66,44739,79,141477
20772,0.001195,172.217.194.0-255,2902,47641,79,141477
20773,0.001198,172.31.40.0-255,66,47707,79,141477
20774,0.001208,172.31.40.0-255,66,47773,79,141477
20775,0.001225,172.217.194.0-255,4320,52093,79,141477
20776,0.001227,172.31.40.0-255,66,52159,79,141477
20777,0.001239,172.31.40.0-255,66,52225,79,141477
20778,0.001278,172.217.194.0-255,1484,53709,79,141477
20779,0.001305,172.217.194.0-255,2902,56611,79,141477
20780,0.001309,172.31.40.0-255,66,56677,79,141477
20781,0.001314,172.217.194.0-255,2902,59579,79,141477
20782,0.001316,172.31.40.0-255,66,59645,79,141477
20783,0.001329,172.217.194.0-255,1484,61129,79,141477
20784,0.001333,172.217.194.0-255,2902,64031,79,141477
20785,0.001335,172.31.40.0-255,66,64097,79,141477
20786,0.001362,172.217.194.0-255,5738,69835,79,141477
20787,0.001365,172.31.40.0-255,66,69901,79,141477
20788,0.001375,172.31.40.0-255,66,69967,79,141477
20789,0.001438,172.217.194.0-255,7156,77123,79,141477
20790,0.001442,172.31.40.0-255,66,77189,79,141477
20791,0.001472,172.31.40.0-255,66,77255,79,141477
20792,0.001487,172.31.40.0-255,66,77321,79,141477
20793,0.001523,172.217.194.0-255,6438,83759,79,141477
20794,0.001527,172.31.40.0-255,66,83825,79,141477
20795,0.002517,172.217.194.0-255,1484,85309,79,141477
20796,0.002526,172.217.194.0-255,2902,88211,79,141477
20797,0.00253,172.31.40.0-255,66,88277,79,141477
20798,0.002536,172.217.194.0-255,2902,91179,79,141477
20799,0.002538,172.31.40.0-255,66,91245,79,141477
20800,0.002562,172.217.194.0-255,2902,94147,79,141477
20801,0.002565,172.31.40.0-255,66,94213,79,141477
20802,0.002578,172.217.194.0-255,4320,98533,79,141477
20803,0.00258,172.31.40.0-255,66,98599,79,141477
20804,0.002584,172.217.194.0-255,1484,100083,79,141477
20805,0.00261,172.31.40.0-255,66,100149,79,141477
20806,0.002654,172.217.194.0-255,6438,106587,79,141477
20807,0.002657,172.31.40.0-255,66,106653,79,141477
20808,0.005298,172.217.194.0-255,5738,112391,79,141477
20809,0.005308,172.31.40.0-255,66,112457,79,141477
20810,0.007943,172.217.194.0-255,5738,118195,79,141477
20811,0.007947,172.31.40.0-255,66,118261,79,141477
20812,0.010558,172.217.194.0-255,5738,123999,79,141477
20813,0.010565,172.31.40.0-255,66,124065,79,141477
20814,0.013216,172.217.194.0-255,5738,129803,79,141477
20815,0.013224,172.31.40.0-255,66,129869,79,141477
20816,0.015842,172.217.194.0-255,5738,135607,79,141477
20817,0.015851,172.31.40.0-255,66,135673,79,141477
20818,0.018477,172.217.194.0-255,5738,141411,79,141477
20819,0.018488,172.31.40.0-255,66,141477,79,141477
20820,0.0,172.217.194.0-255,153,153,79,146470
20821,2.4e-05,172.31.40.0-255,66,219,79,146470
20822,3.2e-05,172.217.194.0-255,1484,1703,79,146470
20823,3.7e-05,172.31.40.0-255,66,1769,79,146470
20824,4.2e-05,172.217.194.0-255,2902,4671,79,146470
20825,5.3e-05,172.31.40.0-255,66,4737,79,146470
20826,5.8e-05,172.217.194.0-255,2902,7639,79,146470
20827,6.1e-05,172.31.40.0-255,66,7705,79,146470
20828,6.7e-05,172.217.194.0-255,4320,12025,79,146470
20829,6.9e-05,172.31.40.0-255,66,12091,79,146470
20830,8.1e-05,172.31.40.0-255,66,12157,79,146470
20831,8.7e-05,172.217.194.0-255,4320,16477,79,146470
20832,8.9e-05,172.31.40.0-255,66,16543,79,146470
20833,0.000126,172.217.194.0-255,5379,21922,79,146470
20834,0.000129,172.31.40.0-255,66,21988,79,146470
20835,0.000199,172.217.194.0-255,1484,23472,79,146470
20836,0.000202,172.31.40.0-255,66,23538,79,146470
20837,0.000208,172.217.194.0-255,2902,26440,79,146470
20838,0.00021,172.31.40.0-255,66,26506,79,146470
20839,0.000222,172.217.194.0-255,5738,32244,79,146470
20840,0.000224,172.31.40.0-255,66,32310,79,146470
20841,0.00026,172.217.194.0-255,6797,39107,79,146470
20842,0.000262,172.31.40.0-255,66,39173,79,146470
20843,0.000275,172.31.40.0-255,66,39239,79,146470
20844,0.0003,172.217.194.0-255,4320,43559,79,146470
20845,0.000302,172.31.40.0-255,66,43625,79,146470
20846,0.000307,172.217.194.0-255,2832,46457,79,146470
20847,0.000328,172.31.40.0-255,66,46523,79,146470
20848,0.000785,172.217.194.0-255,365,46888,79,146470
20849,0.000791,172.31.40.0-255,66,46954,79,146470
20850,0.000971,172.217.194.0-255,1484,48438,79,146470
20851,0.000978,172.217.194.0-255,2902,51340,79,146470
20852,0.000981,172.31.40.0-255,66,51406,79,146470
20853,0.000988,172.217.194.0-255,4320,55726,79,146470
20854,0.00099,172.31.40.0-255,66,55792,79,146470
20855,0.001026,172.217.194.0-255,1484,57276,79,146470
20856,0.001041,172.31.40.0-255,66,57342,79,146470
20857,0.001048,172.217.194.0-255,7156,64498,79,146470
20858,0.00105,172.31.40.0-255,66,64564,79,146470
20859,0.001075,172.217.194.0-255,3602,68166,79,146470
20860,0.001078,172.31.40.0-255,66,68232,79,146470
20861,0.001393,172.217.194.0-255,1484,69716,79,146470
20862,0.001415,172.217.194.0-255,2902,72618,79,146470
20863,0.001418,172.31.40.0-255,66,72684,79,146470
20864,0.001428,172.217.194.0-255,5738,78422,79,146470
20865,0.00143,172.31.40.0-255,66,78488,79,146470
20866,0.001464,172.31.40.0-255,66,78554,79,146470
20867,0.001506,172.31.40.0-255,66,78620,79,146470
20868,0.001511,172.217.194.0-255,2184,80804,79,146470
20869,0.001513,172.31.40.0-255,66,80870,79,146470
20870,0.002226,172.217.194.0-255,1484,82354,79,146470
20871,0.002236,172.217.194.0-255,2902,85256,79,146470
20872,0.00224,172.31.40.0-255,66,85322,79,146470
20873,0.002248,172.217.194.0-255,5738,91060,79,146470
20874,0.00225,172.31.40.0-255,66,91126,79,146470
20875,0.002255,172.217.194.0-255,2902,94028,79,146470
20876,0.002262,172.31.40.0-255,66,94094,79,146470
20877,0.002304,172.31.40.0-255,66,94160,79,146470
20878,0.002337,172.217.194.0-255,4320,98480,79,146470
20879,0.002339,172.31.40.0-255,66,98546,79,146470
20880,0.002371,172.217.194.0-255,6438,104984,79,146470
20881,0.002373,172.31.40.0-255,66,105050,79,146470
20882,0.00465,172.217.194.0-255,5738,110788,79,146470
20883,0.004657,172.31.40.0-255,66,110854,79,146470
20884,0.006931,172.217.194.0-255,2902,113756,79,146470
20885,0.006934,172.31.40.0-255,66,113822,79,146470
20886,0.006959,172.217.194.0-255,2902,116724,79,146470
20887,0.006961,172.31.40.0-255,66,116790,79,146470
20888,0.00921,172.217.194.0-255,2902,119692,79,146470
20889,0.009217,172.31.40.0-255,66,119758,79,146470
20890,0.009258,172.217.194.0-255,2902,122660,79,146470
20891,0.009261,172.31.40.0-255,66,122726,79,146470
20892,0.011515,172.217.194.0-255,2902,125628,79,146470
20893,0.011523,172.31.40.0-255,66,125694,79,146470
20894,0.011551,172.217.194.0-255,2902,128596,79,146470
20895,0.011554,172.31.40.0-255,66,128662,79,146470
20896,0.01382,172.217.194.0-255,2902,131564,79,146470
20897,0.013829,172.31.40.0-255,66,131630,79,146470
20898,0.013863,172.217.194.0-255,2902,134532,79,146470
20899,0.013867,172.31.40.0-255,66,134598,79,146470
20900,0.016135,172.217.194.0-255,2902,137500,79,146470
20901,0.016141,172.31.40.0-255,66,137566,79,146470
20902,0.016172,172.217.194.0-255,2902,140468,79,146470
20903,0.016175,172.31.40.0-255,66,140534,79,146470
20904,0.018404,172.217.194.0-255,2902,143436,79,146470
20905,0.018414,172.31.40.0-255,66,143502,79,146470
20906,0.018447,172.217.194.0-255,2902,146404,79,146470
20907,0.01845,172.31.40.0-255,66,146470,79,146470
20908,0.0,172.217.194.0-255,146,146,79,205170
20909,2.1e-05,172.31.40.0-255,66,212,79,205170
20910,2.9e-05,172.217.194.0-255,1484,1696,79,205170
20911,3.3e-05,172.31.40.0-255,66,1762,79,205170
20912,4.7e-05,172.217.194.0-255,2902,4664,79,205170
20913,5.1e-05,172.31.40.0-255,66,4730,79,205170
20914,5.9e-05,172.217.194.0-255,7156,11886,79,205170
20915,6.2e-05,172.31.40.0-255,66,11952,79,205170
20916,9.7e-05,172.217.194.0-255,2136,14088,79,205170
20917,0.0001,172.31.40.0-255,66,14154,79,205170
20918,0.000925,172.217.194.0-255,1484,15638,79,205170
20919,0.000932,172.31.40.0-255,66,15704,79,205170
20920,0.000941,172.217.194.0-255,2902,18606,79,205170
20921,0.000944,172.31.40.0-255,66,18672,79,205170
20922,0.000985,172.217.194.0-255,5738,24410,79,205170
20923,0.000988,172.31.40.0-255,66,24476,79,205170
20924,0.000994,172.217.194.0-255,2902,27378,79,205170
20925,0.000996,172.31.40.0-255,66,27444,79,205170
20926,0.001026,172.217.194.0-255,3961,31405,79,205170
20927,0.00103,172.31.40.0-255,66,31471,79,205170
20928,0.001035,172.217.194.0-255,4320,35791,79,205170
20929,0.001037,172.31.40.0-255,66,35857,79,205170
20930,0.001059,172.217.194.0-255,2902,38759,79,205170
20931,0.001062,172.31.40.0-255,66,38825,79,205170
20932,0.001078,172.31.40.0-255,66,38891,79,205170
20933,0.001081,172.217.194.0-255,1125,40016,79,205170
20934,0.001082,172.31.40.0-255,66,40082,79,205170
20935,0.001109,172.217.194.0-255,1484,41566,79,205170
20936,0.001115,172.31.40.0-255,66,41632,79,205170
20937,0.001122,172.217.194.0-255,4320,45952,79,205170
20938,0.001125,172.31.40.0-255,66,46018,79,205170
20939,0.001177,172.217.194.0-255,1379,47397,79,205170
20940,0.001289,172.217.194.0-255,401,47798,79,205170
20941,0.001323,172.217.194.0-255,1484,49282,79,205170
20942,0.001348,172.217.194.0-255,4320,53602,79,205170
20943,0.001352,172.217.194.0-255,1484,55086,79,205170
20944,0.001393,172.217.194.0-255,2902,57988,79,205170
20945,0.001417,172.217.194.0-255,6797,64785,79,205170
20946,0.00142,172.217.194.0-255,1484,66269,79,205170
20947,0.001446,172.217.194.0-255,2902,69171,79,205170
20948,0.001461,172.217.194.0-255,3961,73132,79,205170
20949,0.001631,172.217.194.0-255,1484,74616,79,205170
20950,0.001637,172.217.194.0-255,1484,76100,79,205170
20951,0.001653,172.217.194.0-255,1484,77584,79,205170
20952,0.001658,172.217.194.0-255,2902,80486,79,205170
20953,0.001679,172.217.194.0-255,2902,83388,79,205170
20954,0.001687,172.217.194.0-255,7156,90544,79,205170
20955,0.001703,172.217.194.0-255,5738,96282,79,205170
20956,0.001909,172.217.194.0-255,1484,97766,79,205170
20957,0.001916,172.217.194.0-255,2902,100668,79,205170
20958,0.001929,172.217.194.0-255,2902,103570,79,205170
20959,0.001941,172.217.194.0-255,2902,106472,79,205170
20960,0.001952,172.217.194.0-255,2902,109374,79,205170
20961,0.002001,172.217.194.0-255,2184,111558,79,205170
20962,0.002003,172.217.194.0-255,1484,113042,79,205170
20963,0.002047,172.217.194.0-255,1484,114526,79,205170
20964,0.002057,172.217.194.0-255,1484,116010,79,205170
20965,0.002063,172.217.194.0-255,5738,121748,79,205170
20966,0.002068,172.217.194.0-255,5738,127486,79,205170
20967,0.002072,172.217.194.0-255,2902,130388,79,205170
20968,0.002103,172.217.194.0-255,5020,135408,79,205170
20969,0.002133,172.217.194.0-255,1484,136892,79,205170
20970,0.002144,172.217.194.0-255,4320,141212,79,205170
20971,0.002147,172.217.194.0-255,1484,142696,79,205170
20972,0.00217,172.217.194.0-255,4320,147016,79,205170
20973,0.002191,172.217.194.0-255,2902,149918,79,205170
20974,0.002239,172.217.194.0-255,4320,154238,79,205170
20975,0.002258,172.217.194.0-255,2902,157140,79,205170
20976,0.002262,172.217.194.0-255,2184,159324,79,205170
20977,0.002381,172.217.194.0-255,1484,160808,79,205170
20978,0.002397,172.217.194.0-255,2902,163710,79,205170
20979,0.0024,172.217.194.0-255,1484,165194,79,205170
20980,0.002417,172.217.194.0-255,1484,166678,79,205170
20981,0.002435,172.217.194.0-255,5738,172416,79,205170
20982,0.002451,172.217.194.0-255,1484,173900,79,205170
20983,0.002456,172.217.194.0-255,4320,178220,79,205170
20984,0.002515,172.217.194.0-255,1484,179704,79,205170
20985,0.00253,172.217.194.0-255,2184,181888,79,205170
20986,0.008115,172.31.40.0-255,66,181954,79,205170
20987,0.010721,172.217.194.0-255,5738,187692,79,205170
20988,0.010733,172.31.40.0-255,66,187758,79,205170
20989,0.01332,172.217.194.0-255,5738,193496,79,205170
20990,0.013328,172.31.40.0-255,66,193562,79,205170
20991,0.015909,172.217.194.0-255,5738,199300,79,205170
20992,0.015928,172.31.40.0-255,66,199366,79,205170
20993,0.018487,172.217.194.0-255,5738,205104,79,205170
20994,0.018497,172.31.40.0-255,66,205170,79,205170
20995,0.0,74.125.24.0-255,154,154,79,101236
20996,2.1e-05,172.31.40.0-255,66,220,79,101236
20997,2.7e-05,74.125.24.0-255,1484,1704,79,101236
20998,3.1e-05,172.31.40.0-255,66,1770,79,101236
20999,3.6e-05,74.125.24.0-255,2902,4672,79,101236
21000,3.9e-05,172.31.40.0-255,66,4738,79,101236
21001,8.6e-05,74.125.24.0-255,2902,7640,79,101236
21002,8.8e-05,172.31.40.0-255,66,7706,79,101236
21003,0.000113,74.125.24.0-255,4320,12026,79,101236
21004,0.000116,172.31.40.0-255,66,12092,79,101236
21005,0.00021,74.125.24.0-255,2067,14159,79,101236
21006,0.000213,172.31.40.0-255,66,14225,79,101236
21007,0.000253,74.125.24.0-255,2902,17127,79,101236
21008,0.000256,172.31.40.0-255,66,17193,79,101236
21009,0.000316,74.125.24.0-255,7156,24349,79,101236
21010,0.000319,172.31.40.0-255,66,24415,79,101236
21011,0.000448,74.125.24.0-255,1484,25899,79,101236
21012,0.000451,172.31.40.0-255,66,25965,79,101236
21013,0.000495,172.31.40.0-255,66,26031,79,101236
21014,0.000722,74.125.24.0-255,2902,28933,79,101236
21015,0.000726,172.31.40.0-255,66,28999,79,101236
21016,0.000743,74.125.24.0-255,2902,31901,79,101236
21017,0.000746,172.31.40.0-255,66,31967,79,101236
21018,0.000819,74.125.24.0-255,4320,36287,79,101236
21019,0.000822,172.31.40.0-255,66,36353,79,101236
21020,0.000864,172.31.40.0-255,66,36419,79,101236
21021,0.001195,74.125.24.0-255,363,36782,79,101236
21022,0.001199,172.31.40.0-255,66,36848,79,101236
21023,0.001211,74.125.24.0-255,412,37260,79,101236
21024,0.001217,172.31.40.0-255,66,37326,79,101236
21025,0.00193,74.125.24.0-255,1484,38810,79,101236
21026,0.001939,74.125.24.0-255,2902,41712,79,101236
21027,0.001987,74.125.24.0-255,4320,46032,79,101236
21028,0.002004,74.125.24.0-255,1484,47516,79,101236
21029,0.002087,172.31.40.0-255,66,47582,79,101236
21030,0.002122,74.125.24.0-255,7156,54738,79,101236
21031,0.002144,74.125.24.0-255,5738,60476,79,101236
21032,0.00215,172.31.40.0-255,66,60542,79,101236
21033,0.00239,172.31.40.0-255,66,60608,79,101236
21034,0.004694,74.125.24.0-255,5738,66346,79,101236
21035,0.004701,172.31.40.0-255,66,66412,79,101236
21036,0.007046,74.125.24.0-255,5738,72150,79,101236
21037,0.007052,172.31.40.0-255,66,72216,79,101236
21038,0.009383,74.125.24.0-255,5738,77954,79,101236
21039,0.00939,172.31.40.0-255,66,78020,79,101236
21040,0.011706,74.125.24.0-255,5738,83758,79,101236
21041,0.011719,172.31.40.0-255,66,83824,79,101236
21042,0.014062,74.125.24.0-255,5738,89562,79,101236
21043,0.014316,172.31.40.0-255,66,89628,79,101236
21044,0.016642,74.125.24.0-255,5738,95366,79,101236
21045,0.016653,172.31.40.0-255,66,95432,79,101236
21046,0.018994,74.125.24.0-255,5738,101170,79,101236
21047,0.019003,172.31.40.0-255,66,101236,79,101236
21048,0.0,74.125.68.0-255,153,153,79,260592
21049,2.2e-05,172.31.40.0-255,66,219,79,260592
21050,2.9e-05,74.125.68.0-255,1484,1703,79,260592
21051,3.3e-05,172.31.40.0-255,66,1769,79,260592
21052,4e-05,74.125.68.0-255,2902,4671,79,260592
21053,5.2e-05,172.31.40.0-255,66,4737,79,260592
21054,5.7e-05,74.125.68.0-255,2902,7639,79,260592
21055,6e-05,172.31.40.0-255,66,7705,79,260592
21056,6.7e-05,74.125.68.0-255,4320,12025,79,260592
21057,7e-05,172.31.40.0-255,66,12091,79,260592
21058,7.3e-05,74.125.68.0-255,1484,13575,79,260592
21059,7.5e-05,172.31.40.0-255,66,13641,79,260592
21060,0.000113,172.31.40.0-255,66,13707,79,260592
21061,0.000126,172.31.40.0-255,66,13773,79,260592
21062,0.000314,74.125.68.0-255,1484,15257,79,260592
21063,0.00032,172.31.40.0-255,66,15323,79,260592
21064,0.000324,74.125.68.0-255,1484,16807,79,260592
21065,0.000326,172.31.40.0-255,66,16873,79,260592
21066,0.000356,74.125.68.0-255,2902,19775,79,260592
21067,0.000359,172.31.40.0-255,66,19841,79,260592
21068,0.000366,74.125.68.0-255,5738,25579,79,260592
21069,0.000369,172.31.40.0-255,66,25645,79,260592
21070,0.000403,74.125.68.0-255,5379,31024,79,260592
21071,0.000406,172.31.40.0-255,66,31090,79,260592
21072,0.000412,74.125.68.0-255,5738,36828,79,260592
21073,0.000414,172.31.40.0-255,66,36894,79,260592
21074,0.000454,74.125.68.0-255,7156,44050,79,260592
21075,0.000457,172.31.40.0-255,66,44116,79,260592
21076,0.000484,74.125.68.0-255,4239,48355,79,260592
21077,0.000487,172.31.40.0-255,66,48421,79,260592
21078,0.000521,74.125.68.0-255,130,48551,79,260592
21079,0.000664,74.125.68.0-255,1484,50035,79,260592
21080,0.000669,172.31.40.0-255,66,50101,79,260592
21081,0.000699,74.125.68.0-255,2902,53003,79,260592
21082,0.000702,172.31.40.0-255,66,53069,79,260592
21083,0.000708,74.125.68.0-255,4320,57389,79,260592
21084,0.000711,172.31.40.0-255,66,57455,79,260592
21085,0.000736,172.31.40.0-255,66,57521,79,260592
21086,0.000744,74.125.68.0-255,5738,63259,79,260592
21087,0.000746,172.31.40.0-255,66,63325,79,260592
21088,0.000751,74.125.68.0-255,2902,66227,79,260592
21089,0.000753,172.31.40.0-255,66,66293,79,260592
21090,0.000791,74.125.68.0-255,4320,70613,79,260592
21091,0.000795,172.31.40.0-255,66,70679,79,260592
21092,0.000801,74.125.68.0-255,3602,74281,79,260592
21093,0.000803,172.31.40.0-255,66,74347,79,260592
21094,0.00085,74.125.68.0-255,1484,75831,79,260592
21095,0.000856,74.125.68.0-255,2902,78733,79,260592
21096,0.000858,172.31.40.0-255,66,78799,79,260592
21097,0.000879,74.125.68.0-255,5738,84537,79,260592
21098,0.000881,172.31.40.0-255,66,84603,79,260592
21099,0.000884,74.125.68.0-255,1484,86087,79,260592
21100,0.000906,74.125.68.0-255,1484,87571,79,260592
21101,0.000908,172.31.40.0-255,66,87637,79,260592
21102,0.000913,74.125.68.0-255,4320,91957,79,260592
21103,0.000916,172.31.40.0-255,66,92023,79,260592
21104,0.000961,74.125.68.0-255,4320,96343,79,260592
21105,0.000964,172.31.40.0-255,66,96409,79,260592
21106,0.000968,74.125.68.0-255,2902,99311,79,260592
21107,0.00097,172.31.40.0-255,66,99377,79,260592
21108,0.00099,74.125.68.0-255,2902,102279,79,260592
21109,0.000992,172.31.40.0-255,66,102345,79,260592
21110,0.000998,74.125.68.0-255,4320,106665,79,260592
21111,0.001,172.31.40.0-255,66,106731,79,260592
21112,0.001034,74.125.68.0-255,5020,111751,79,260592
21113,0.001037,172.31.40.0-255,66,111817,79,260592
21114,0.00104,74.125.68.0-255,1484,113301,79,260592
21115,0.001062,74.125.68.0-255,2902,116203,79,260592
21116,0.001064,172.31.40.0-255,66,116269,79,260592
21117,0.001097,74.125.68.0-255,5738,122007,79,260592
21118,0.0011,172.31.40.0-255,66,122073,79,260592
21119,0.001106,74.125.68.0-255,4320,126393,79,260592
21120,0.001108,172.31.40.0-255,66,126459,79,260592
21121,0.001113,74.125.68.0-255,4320,130779,79,260592
21122,0.001119,172.31.40.0-255,66,130845,79,260592
21123,0.001141,74.125.68.0-255,1484,132329,79,260592
21124,0.001154,172.31.40.0-255,66,132395,79,260592
21125,0.001294,74.125.68.0-255,1484,133879,79,260592
21126,0.0013,74.125.68.0-255,2902,136781,79,260592
21127,0.001303,172.31.40.0-255,66,136847,79,260592
21128,0.001326,74.125.68.0-255,5738,142585,79,260592
21129,0.00133,172.31.40.0-255,66,142651,79,260592
21130,0.001351,74.125.68.0-255,6495,149146,79,260592
21131,0.001354,172.31.40.0-255,66,149212,79,260592
21132,0.001389,74.125.68.0-255,7156,156368,79,260592
21133,0.001392,172.31.40.0-255,66,156434,79,260592
21134,0.00142,74.125.68.0-255,4320,160754,79,260592
21135,0.001423,172.31.40.0-255,66,160820,79,260592
21136,0.001469,74.125.68.0-255,4320,165140,79,260592
21137,0.001472,172.31.40.0-255,66,165206,79,260592
21138,0.001484,172.31.40.0-255,66,165272,79,260592
21139,0.001505,74.125.68.0-255,1484,166756,79,260592
21140,0.001534,172.31.40.0-255,66,166822,79,260592
21141,0.001615,74.125.68.0-255,1484,168306,79,260592
21142,0.001637,74.125.68.0-255,1484,169790,79,260592
21143,0.00164,172.31.40.0-255,66,169856,79,260592
21144,0.001668,74.125.68.0-255,2902,172758,79,260592
21145,0.001671,172.31.40.0-255,66,172824,79,260592
21146,0.001678,74.125.68.0-255,5738,178562,79,260592
21147,0.00168,172.31.40.0-255,66,178628,79,260592
21148,0.001722,172.31.40.0-255,66,178694,79,260592
21149,0.001728,74.125.68.0-255,5738,184432,79,260592
21150,0.001729,172.31.40.0-255,66,184498,79,260592
21151,0.001761,74.125.68.0-255,5738,190236,79,260592
21152,0.001764,172.31.40.0-255,66,190302,79,260592
21153,0.001768,74.125.68.0-255,766,191068,79,260592
21154,0.001771,74.125.68.0-255,1484,192552,79,260592
21155,0.001773,172.31.40.0-255,66,192618,79,260592
21156,0.001778,74.125.68.0-255,4320,196938,79,260592
21157,0.001782,172.31.40.0-255,66,197004,79,260592
21158,0.001813,172.31.40.0-255,66,197070,79,260592
21159,0.00185,172.31.40.0-255,66,197136,79,260592
21160,0.001853,74.125.68.0-255,1484,198620,79,260592
21161,0.001938,74.125.68.0-255,4320,202940,79,260592
21162,0.001942,172.31.40.0-255,66,203006,79,260592
21163,0.001976,172.31.40.0-255,66,203072,79,260592
21164,0.001995,172.31.40.0-255,66,203138,79,260592
21165,0.002015,74.125.68.0-255,5738,208876,79,260592
21166,0.002018,172.31.40.0-255,66,208942,79,260592
21167,0.002025,74.125.68.0-255,7156,216098,79,260592
21168,0.002027,172.31.40.0-255,66,216164,79,260592
21169,0.00203,74.125.68.0-255,766,216930,79,260592
21170,0.004084,74.125.68.0-255,4320,221250,79,260592
21171,0.004089,172.31.40.0-255,66,221316,79,260592
21172,0.006161,74.125.68.0-255,4320,225636,79,260592
21173,0.006168,172.31.40.0-255,66,225702,79,260592
21174,0.006187,74.125.68.0-255,1484,227186,79,260592
21175,0.008239,74.125.68.0-255,4320,231506,79,260592
21176,0.008243,172.31.40.0-255,66,231572,79,260592
21177,0.010312,74.125.68.0-255,5738,237310,79,260592
21178,0.010318,172.31.40.0-255,66,237376,79,260592
21179,0.012382,74.125.68.0-255,5738,243114,79,260592
21180,0.012388,172.31.40.0-255,66,243180,79,260592
21181,0.014479,74.125.68.0-255,5738,248918,79,260592
21182,0.014487,172.31.40.0-255,66,248984,79,260592
21183,0.016557,74.125.68.0-255,5738,254722,79,260592
21184,0.016565,172.31.40.0-255,66,254788,79,260592
21185,0.018633,74.125.68.0-255,5738,260526,79,260592
21186,0.018644,172.31.40.0-255,66,260592,79,260592
21187,0.0,74.125.200.0-255,147,147,79,313634
21188,2.2e-05,172.31.40.0-255,66,213,79,313634
21189,2.8e-05,74.125.200.0-255,1484,1697,79,313634
21190,3.2e-05,172.31.40.0-255,66,1763,79,313634
21191,3.7e-05,74.125.200.0-255,2902,4665,79,313634
21192,4.5e-05,172.31.40.0-255,66,4731,79,313634
21193,8e-05,74.125.200.0-255,5738,10469,79,313634
21194,8.3e-05,172.31.40.0-255,66,10535,79,313634
21195,8.7e-05,74.125.200.0-255,2902,13437,79,313634
21196,8.9e-05,172.31.40.0-255,66,13503,79,313634
21197,9.8e-05,74.125.200.0-255,1484,14987,79,313634
21198,0.0001,172.31.40.0-255,66,15053,79,313634
21199,0.000121,74.125.200.0-255,2133,17186,79,313634
21200,0.000123,172.31.40.0-255,66,17252,79,313634
21201,0.000133,172.31.40.0-255,66,17318,79,313634
21202,0.000174,74.125.200.0-255,2902,20220,79,313634
21203,0.000176,172.31.40.0-255,66,20286,79,313634
21204,0.000199,74.125.200.0-255,2543,22829,79,313634
21205,0.000201,172.31.40.0-255,66,22895,79,313634
21206,0.000242,74.125.200.0-255,1484,24379,79,313634
21207,0.000245,172.31.40.0-255,66,24445,79,313634
21208,0.00025,74.125.200.0-255,2902,27347,79,313634
21209,0.000252,172.31.40.0-255,66,27413,79,313634
21210,0.000285,74.125.200.0-255,1484,28897,79,313634
21211,0.000287,172.31.40.0-255,66,28963,79,313634
21212,0.000311,74.125.200.0-255,4320,33283,79,313634
21213,0.000314,172.31.40.0-255,66,33349,79,313634
21214,0.00032,74.125.200.0-255,5738,39087,79,313634
21215,0.000322,172.31.40.0-255,66,39153,79,313634
21216,0.00033,74.125.200.0-255,6797,45950,79,313634
21217,0.000333,172.31.40.0-255,66,46016,79,313634
21218,0.000341,74.125.200.0-255,7156,53172,79,313634
21219,0.000345,172.31.40.0-255,66,53238,79,313634
21220,0.000388,74.125.200.0-255,4261,57499,79,313634
21221,0.000391,172.31.40.0-255,66,57565,79,313634
21222,0.000416,74.125.200.0-255,127,57692,79,313634
21223,0.000438,74.125.200.0-255,348,58040,79,313634
21224,0.000657,74.125.200.0-255,1484,59524,79,313634
21225,0.000663,172.31.40.0-255,66,59590,79,313634
21226,0.000674,74.125.200.0-255,2902,62492,79,313634
21227,0.000677,172.31.40.0-255,66,62558,79,313634
21228,0.000688,74.125.200.0-255,5738,68296,79,313634
21229,0.00069,172.31.40.0-255,66,68362,79,313634
21230,0.000694,74.125.200.0-255,1484,69846,79,313634
21231,0.000728,74.125.200.0-255,5738,75584,79,313634
21232,0.000731,172.31.40.0-255,66,75650,79,313634
21233,0.000769,172.31.40.0-255,66,75716,79,313634
21234,0.000794,74.125.200.0-255,2184,77900,79,313634
21235,0.000797,172.31.40.0-255,66,77966,79,313634
21236,0.000929,74.125.200.0-255,1484,79450,79,313634
21237,0.000935,74.125.200.0-255,2902,82352,79,313634
21238,0.000938,172.31.40.0-255,66,82418,79,313634
21239,0.000972,74.125.200.0-255,5738,88156,79,313634
21240,0.000974,172.31.40.0-255,66,88222,79,313634
21241,0.000981,74.125.200.0-255,5738,93960,79,313634
21242,0.000983,172.31.40.0-255,66,94026,79,313634
21243,0.001025,74.125.200.0-255,7156,101182,79,313634
21244,0.001032,74.125.200.0-255,5738,106920,79,313634
21245,0.001057,74.125.200.0-255,5020,111940,79,313634
21246,0.001062,172.31.40.0-255,66,112006,79,313634
21247,0.001154,74.125.200.0-255,1484,113490,79,313634
21248,0.00116,74.125.200.0-255,2902,116392,79,313634
21249,0.001176,172.31.40.0-255,66,116458,79,313634
21250,0.001189,74.125.200.0-255,4320,120778,79,313634
21251,0.001203,74.125.200.0-255,1484,122262,79,313634
21252,0.001207,74.125.200.0-255,2902,125164,79,313634
21253,0.00122,74.125.200.0-255,2902,128066,79,313634
21254,0.001237,74.125.200.0-255,7156,135222,79,313634
21255,0.001241,172.31.40.0-255,66,135288,79,313634
21256,0.001246,172.31.40.0-255,66,135354,79,313634
21257,0.001306,172.31.40.0-255,66,135420,79,313634
21258,0.001364,74.125.200.0-255,1484,136904,79,313634
21259,0.001371,74.125.200.0-255,2902,139806,79,313634
21260,0.001377,74.125.200.0-255,5738,145544,79,313634
21261,0.001409,74.125.200.0-255,4320,149864,79,313634
21262,0.001418,172.31.40.0-255,66,149930,79,313634
21263,0.00146,74.125.200.0-255,5738,155668,79,313634
21264,0.00147,172.31.40.0-255,66,155734,79,313634
21265,0.001482,74.125.200.0-255,5020,160754,79,313634
21266,0.001501,172.31.40.0-255,66,160820,79,313634
21267,0.001551,74.125.200.0-255,1484,162304,79,313634
21268,0.001577,74.125.200.0-255,2902,165206,79,313634
21269,0.00158,74.125.200.0-255,1484,166690,79,313634
21270,0.0016,74.125.200.0-255,4320,171010,79,313634
21271,0.001658,172.31.40.0-255,66,171076,79,313634
21272,0.001681,74.125.200.0-255,2184,173260,79,313634
21273,0.00169,172.31.40.0-255,66,173326,79,313634
21274,0.001713,74.125.200.0-255,1484,174810,79,313634
21275,0.001717,74.125.200.0-255,1484,176294,79,313634
21276,0.001727,74.125.200.0-255,1484,177778,79,313634
21277,0.001735,172.31.40.0-255,66,177844,79,313634
21278,0.001743,74.125.200.0-255,5738,183582,79,313634
21279,0.001752,172.31.40.0-255,66,183648,79,313634
21280,0.001766,74.125.200.0-255,5738,189386,79,313634
21281,0.001782,74.125.200.0-255,7156,196542,79,313634
21282,0.001811,74.125.200.0-255,4320,200862,79,313634
21283,0.001828,74.125.200.0-255,6438,207300,79,313634
21284,0.001838,172.31.40.0-255,66,207366,79,313634
21285,0.001895,74.125.200.0-255,1484,208850,79,313634
21286,0.001899,74.125.200.0-255,1484,210334,79,313634
21287,0.001911,74.125.200.0-255,1484,211818,79,313634
21288,0.001925,74.125.200.0-255,5738,217556,79,313634
21289,0.001937,172.31.40.0-255,66,217622,79,313634
21290,0.001985,172.31.40.0-255,66,217688,79,313634
21291,0.002013,74.125.200.0-255,5738,223426,79,313634
21292,0.00202,172.31.40.0-255,66,223492,79,313634
21293,0.00204,74.125.200.0-255,5020,228512,79,313634
21294,0.002052,172.31.40.0-255,66,228578,79,313634
21295,0.002061,74.125.200.0-255,1484,230062,79,313634
21296,0.002078,74.125.200.0-255,2902,232964,79,313634
21297,0.002092,74.125.200.0-255,2902,235866,79,313634
21298,0.00211,172.31.40.0-255,66,235932,79,313634
21299,0.002114,74.125.200.0-255,2902,238834,79,313634
21300,0.00212,74.125.200.0-255,4320,243154,79,313634
21301,0.002141,74.125.200.0-255,5738,248892,79,313634
21302,0.002144,172.31.40.0-255,66,248958,79,313634
21303,0.002176,74.125.200.0-255,7156,256114,79,313634
21304,0.002193,74.125.200.0-255,4320,260434,79,313634
21305,0.002198,74.125.200.0-255,4320,264754,79,313634
21306,0.002207,172.31.40.0-255,66,264820,79,313634
21307,0.002229,74.125.200.0-255,4320,269140,79,313634
21308,0.002235,172.31.40.0-255,66,269206,79,313634
21309,0.002259,74.125.200.0-255,4320,273526,79,313634
21310,0.002285,74.125.200.0-255,766,274292,79,313634
21311,0.002293,172.31.40.0-255,66,274358,79,313634
21312,0.004557,74.125.200.0-255,5738,280096,79,313634
21313,0.004563,172.31.40.0-255,66,280162,79,313634
21314,0.006837,74.125.200.0-255,5738,285900,79,313634
21315,0.006844,172.31.40.0-255,66,285966,79,313634
21316,0.009107,74.125.200.0-255,4320,290286,79,313634
21317,0.00911,172.31.40.0-255,66,290352,79,313634
21318,0.009133,74.125.200.0-255,1484,291836,79,313634
21319,0.011393,74.125.200.0-255,4320,296156,79,313634
21320,0.011411,172.31.40.0-255,66,296222,79,313634
21321,0.013703,74.125.200.0-255,5738,301960,79,313634
21322,0.013719,172.31.40.0-255,66,302026,79,313634
21323,0.016042,74.125.200.0-255,5738,307764,79,313634
21324,0.016059,172.31.40.0-255,66,307830,79,313634
21325,0.018342,74.125.200.0-255,5738,313568,79,313634
21326,0.01835,172.31.40.0-255,66,313634,79,313634
21327,0.0,74.125.68.0-255,146,146,79,138026
21328,2.5e-05,172.31.40.0-255,66,212,79,138026
21329,3.1e-05,74.125.68.0-255,1484,1696,79,138026
21330,3.5e-05,172.31.40.0-255,66,1762,79,138026
21331,3.8e-05,74.125.68.0-255,1484,3246,79,138026
21332,4.1e-05,172.31.40.0-255,66,3312,79,138026
21333,6.7e-05,74.125.68.0-255,1484,4796,79,138026
21334,7e-05,172.31.40.0-255,66,4862,79,138026
21335,7.6e-05,74.125.68.0-255,4320,9182,79,138026
21336,7.8e-05,172.31.40.0-255,66,9248,79,138026
21337,8.4e-05,74.125.68.0-255,4837,14085,79,138026
21338,8.6e-05,172.31.40.0-255,66,14151,79,138026
21339,0.000786,74.125.68.0-255,1484,15635,79,138026
21340,0.000793,172.31.40.0-255,66,15701,79,138026
21341,0.0008,74.125.68.0-255,2902,18603,79,138026
21342,0.000802,172.31.40.0-255,66,18669,79,138026
21343,0.000807,74.125.68.0-255,2902,21571,79,138026
21344,0.000809,172.31.40.0-255,66,21637,79,138026
21345,0.000834,74.125.68.0-255,2902,24539,79,138026
21346,0.000838,172.31.40.0-255,66,24605,79,138026
21347,0.000841,74.125.68.0-255,1484,26089,79,138026
21348,0.000843,172.31.40.0-255,66,26155,79,138026
21349,0.000847,74.125.68.0-255,2902,29057,79,138026
21350,0.000848,172.31.40.0-255,66,29123,79,138026
21351,0.000868,74.125.68.0-255,2543,31666,79,138026
21352,0.000871,172.31.40.0-255,66,31732,79,138026
21353,0.00089,74.125.68.0-255,2902,34634,79,138026
21354,0.000895,172.31.40.0-255,66,34700,79,138026
21355,0.000899,74.125.68.0-255,2902,37602,79,138026
21356,0.000901,172.31.40.0-255,66,37668,79,138026
21357,0.000915,74.125.68.0-255,4320,41988,79,138026
21358,0.000917,172.31.40.0-255,66,42054,79,138026
21359,0.000923,74.125.68.0-255,5738,47792,79,138026
21360,0.000949,74.125.68.0-255,7156,54948,79,138026
21361,0.000977,74.125.68.0-255,2902,57850,79,138026
21362,0.000992,74.125.68.0-255,5738,63588,79,138026
21363,0.001001,74.125.68.0-255,2184,65772,79,138026
21364,0.001032,74.125.68.0-255,399,66171,79,138026
21365,0.001131,74.125.68.0-255,343,66514,79,138026
21366,0.001332,74.125.68.0-255,1484,67998,79,138026
21367,0.001345,74.125.68.0-255,2902,70900,79,138026
21368,0.001361,74.125.68.0-255,2902,73802,79,138026
21369,0.001378,74.125.68.0-255,2902,76704,79,138026
21370,0.001382,74.125.68.0-255,2902,79606,79,138026
21371,0.0014,74.125.68.0-255,4320,83926,79,138026
21372,0.001419,74.125.68.0-255,5738,89664,79,138026
21373,0.001467,74.125.68.0-255,766,90430,79,138026
21374,0.002918,172.31.40.0-255,66,90496,79,138026
21375,0.005198,74.125.68.0-255,5738,96234,79,138026
21376,0.005204,172.31.40.0-255,66,96300,79,138026
21377,0.007491,74.125.68.0-255,5738,102038,79,138026
21378,0.007499,172.31.40.0-255,66,102104,79,138026
21379,0.009797,74.125.68.0-255,5738,107842,79,138026
21380,0.009809,172.31.40.0-255,66,107908,79,138026
21381,0.012095,74.125.68.0-255,5738,113646,79,138026
21382,0.012103,172.31.40.0-255,66,113712,79,138026
21383,0.014405,74.125.68.0-255,5738,119450,79,138026
21384,0.014412,172.31.40.0-255,66,119516,79,138026
21385,0.016679,74.125.68.0-255,5738,125254,79,138026
21386,0.016687,172.31.40.0-255,66,125320,79,138026
21387,0.018987,74.125.68.0-255,5738,131058,79,138026
21388,0.018996,172.31.40.0-255,66,131124,79,138026
21389,0.019747,172.31.40.0-255,172,131296,79,138026
21390,0.01978,172.31.40.0-255,1108,132404,79,138026
21391,0.019842,172.31.40.0-255,1514,133918,79,138026
21392,0.019844,172.31.40.0-255,1514,135432,79,138026
21393,0.019845,172.31.40.0-255,1514,136946,79,138026
21394,0.019846,172.31.40.0-255,1080,138026,79,138026
21395,0.0,74.125.24.0-255,153,153,79,236877
21396,3.5e-05,172.31.40.0-255,66,219,79,236877
21397,4.2e-05,74.125.24.0-255,1484,1703,79,236877
21398,4.7e-05,172.31.40.0-255,66,1769,79,236877
21399,5.5e-05,74.125.24.0-255,2902,4671,79,236877
21400,6e-05,172.31.40.0-255,66,4737,79,236877
21401,6.4e-05,74.125.24.0-255,1484,6221,79,236877
21402,6.6e-05,172.31.40.0-255,66,6287,79,236877
21403,7.4e-05,74.125.24.0-255,5738,12025,79,236877
21404,7.7e-05,172.31.40.0-255,66,12091,79,236877
21405,8.1e-05,74.125.24.0-255,2126,14217,79,236877
21406,8.4e-05,172.31.40.0-255,66,14283,79,236877
21407,0.000103,74.125.24.0-255,2902,17185,79,236877
21408,0.000106,172.31.40.0-255,66,17251,79,236877
21409,0.000109,74.125.24.0-255,1484,18735,79,236877
21410,0.000111,172.31.40.0-255,66,18801,79,236877
21411,0.000143,74.125.24.0-255,1484,20285,79,236877
21412,0.000146,172.31.40.0-255,66,20351,79,236877
21413,0.000155,74.125.24.0-255,7156,27507,79,236877
21414,0.000157,172.31.40.0-255,66,27573,79,236877
21415,0.00016,74.125.24.0-255,1484,29057,79,236877
21416,0.000162,172.31.40.0-255,66,29123,79,236877
21417,0.000199,172.31.40.0-255,66,29189,79,236877
21418,0.000235,74.125.24.0-255,5738,34927,79,236877
21419,0.000238,172.31.40.0-255,66,34993,79,236877
21420,0.000257,74.125.24.0-255,3961,38954,79,236877
21421,0.000261,172.31.40.0-255,66,39020,79,236877
21422,0.000315,74.125.24.0-255,1484,40504,79,236877
21423,0.000319,172.31.40.0-255,66,40570,79,236877
21424,0.000332,74.125.24.0-255,2902,43472,79,236877
21425,0.000335,172.31.40.0-255,66,43538,79,236877
21426,0.000338,74.125.24.0-255,1484,45022,79,236877
21427,0.000369,74.125.24.0-255,4320,49342,79,236877
21428,0.000371,172.31.40.0-255,66,49408,79,236877
21429,0.000382,74.125.24.0-255,7142,56550,79,236877
21430,0.000384,172.31.40.0-255,66,56616,79,236877
21431,0.000402,74.125.24.0-255,331,56947,79,236877
21432,0.000681,74.125.24.0-255,1484,58431,79,236877
21433,0.000686,172.31.40.0-255,66,58497,79,236877
21434,0.000692,74.125.24.0-255,2902,61399,79,236877
21435,0.000695,172.31.40.0-255,66,61465,79,236877
21436,0.000735,74.125.24.0-255,4320,65785,79,236877
21437,0.000739,172.31.40.0-255,66,65851,79,236877
21438,0.000756,74.125.24.0-255,1484,67335,79,236877
21439,0.000763,74.125.24.0-255,4320,71655,79,236877
21440,0.000766,172.31.40.0-255,66,71721,79,236877
21441,0.000778,172.31.40.0-255,66,71787,79,236877
21442,0.000789,172.31.40.0-255,66,71853,79,236877
21443,0.00125,74.125.24.0-255,1484,73337,79,236877
21444,0.001255,74.125.24.0-255,1484,74821,79,236877
21445,0.001259,172.31.40.0-255,66,74887,79,236877
21446,0.001283,74.125.24.0-255,1484,76371,79,236877
21447,0.001291,74.125.24.0-255,5738,82109,79,236877
21448,0.001293,172.31.40.0-255,66,82175,79,236877
21449,0.0013,74.125.24.0-255,4320,86495,79,236877
21450,0.001302,172.31.40.0-255,66,86561,79,236877
21451,0.001305,74.125.24.0-255,1484,88045,79,236877
21452,0.001336,172.31.40.0-255,66,88111,79,236877
21453,0.001339,74.125.24.0-255,1484,89595,79,236877
21454,0.00136,74.125.24.0-255,6438,96033,79,236877
21455,0.001363,172.31.40.0-255,66,96099,79,236877
21456,0.001428,74.125.24.0-255,1484,97583,79,236877
21457,0.001434,74.125.24.0-255,2902,100485,79,236877
21458,0.001437,172.31.40.0-255,66,100551,79,236877
21459,0.00146,74.125.24.0-255,5738,106289,79,236877
21460,0.001463,172.31.40.0-255,66,106355,79,236877
21461,0.001497,172.31.40.0-255,66,106421,79,236877
21462,0.001517,74.125.24.0-255,2902,109323,79,236877
21463,0.00152,172.31.40.0-255,66,109389,79,236877
21464,0.001525,74.125.24.0-255,4320,113709,79,236877
21465,0.001527,172.31.40.0-255,66,113775,79,236877
21466,0.001531,74.125.24.0-255,1484,115259,79,236877
21467,0.001557,74.125.24.0-255,5020,120279,79,236877
21468,0.001562,172.31.40.0-255,66,120345,79,236877
21469,0.001598,74.125.24.0-255,5738,126083,79,236877
21470,0.001601,172.31.40.0-255,66,126149,79,236877
21471,0.001608,74.125.24.0-255,5738,131887,79,236877
21472,0.00161,172.31.40.0-255,66,131953,79,236877
21473,0.001625,74.125.24.0-255,1484,133437,79,236877
21474,0.001643,74.125.24.0-255,2902,136339,79,236877
21475,0.001645,172.31.40.0-255,66,136405,79,236877
21476,0.001652,74.125.24.0-255,4320,140725,79,236877
21477,0.001655,172.31.40.0-255,66,140791,79,236877
21478,0.001658,74.125.24.0-255,1484,142275,79,236877
21479,0.001677,74.125.24.0-255,4320,146595,79,236877
21480,0.00168,172.31.40.0-255,66,146661,79,236877
21481,0.001705,74.125.24.0-255,2902,149563,79,236877
21482,0.001708,172.31.40.0-255,66,149629,79,236877
21483,0.001714,74.125.24.0-255,5020,154649,79,236877
21484,0.001717,172.31.40.0-255,66,154715,79,236877
21485,0.002065,74.125.24.0-255,1484,156199,79,236877
21486,0.002071,74.125.24.0-255,2902,159101,79,236877
21487,0.002076,172.31.40.0-255,66,159167,79,236877
21488,0.002087,74.125.24.0-255,4320,163487,79,236877
21489,0.00209,172.31.40.0-255,66,163553,79,236877
21490,0.002126,74.125.24.0-255,1484,165037,79,236877
21491,0.002134,74.125.24.0-255,7156,172193,79,236877
21492,0.002137,172.31.40.0-255,66,172259,79,236877
21493,0.00214,74.125.24.0-255,1484,173743,79,236877
21494,0.00217,172.31.40.0-255,66,173809,79,236877
21495,0.002187,74.125.24.0-255,1484,175293,79,236877
21496,0.002194,74.125.24.0-255,4320,179613,79,236877
21497,0.002196,172.31.40.0-255,66,179679,79,236877
21498,0.002215,74.125.24.0-255,3602,183281,79,236877
21499,0.002218,172.31.40.0-255,66,183347,79,236877
21500,0.002234,172.31.40.0-255,66,183413,79,236877
21501,0.002252,172.31.40.0-255,66,183479,79,236877
21502,0.002275,74.125.24.0-255,2902,186381,79,236877
21503,0.002278,172.31.40.0-255,66,186447,79,236877
21504,0.002281,74.125.24.0-255,766,187213,79,236877
21505,0.002284,74.125.24.0-255,1484,188697,79,236877
21506,0.002286,172.31.40.0-255,66,188763,79,236877
21507,0.00229,74.125.24.0-255,2902,191665,79,236877
21508,0.002293,172.31.40.0-255,66,191731,79,236877
21509,0.0023,74.125.24.0-255,5738,197469,79,236877
21510,0.002302,172.31.40.0-255,66,197535,79,236877
21511,0.002355,74.125.24.0-255,4320,201855,79,236877
21512,0.002357,172.31.40.0-255,66,201921,79,236877
21513,0.002391,172.31.40.0-255,66,201987,79,236877
21514,0.002403,172.31.40.0-255,66,202053,79,236877
21515,0.004955,74.125.24.0-255,5738,207791,79,236877
21516,0.004973,172.31.40.0-255,66,207857,79,236877
21517,0.007578,74.125.24.0-255,5738,213595,79,236877
21518,0.007595,172.31.40.0-255,66,213661,79,236877
21519,0.010206,74.125.24.0-255,5738,219399,79,236877
21520,0.010218,172.31.40.0-255,66,219465,79,236877
21521,0.012797,74.125.24.0-255,5738,225203,79,236877
21522,0.012804,172.31.40.0-255,66,225269,79,236877
21523,0.015387,74.125.24.0-255,5738,231007,79,236877
21524,0.015394,172.31.40.0-255,66,231073,79,236877
21525,0.017959,74.125.24.0-255,5738,236811,79,236877
21526,0.017967,172.31.40.0-255,66,236877,79,236877
21527,0.0,74.125.24.0-255,153,153,79,147829
21528,1.4e-05,172.31.40.0-255,66,219,79,147829
21529,2e-05,74.125.24.0-255,1484,1703,79,147829
21530,2.4e-05,172.31.40.0-255,66,1769,79,147829
21531,2.9e-05,74.125.24.0-255,2902,4671,79,147829
21532,3.2e-05,172.31.40.0-255,66,4737,79,147829
21533,4.4e-05,74.125.24.0-255,4320,9057,79,147829
21534,4.7e-05,172.31.40.0-255,66,9123,79,147829
21535,5.9e-05,74.125.24.0-255,1484,10607,79,147829
21536,6.1e-05,172.31.40.0-255,66,10673,79,147829
21537,6.8e-05,74.125.24.0-255,1484,12157,79,147829
21538,6.9e-05,172.31.40.0-255,66,12223,79,147829
21539,9.4e-05,74.125.24.0-255,2036,14259,79,147829
21540,0.0001,172.31.40.0-255,66,14325,79,147829
21541,0.000123,74.125.24.0-255,1484,15809,79,147829
21542,0.000125,172.31.40.0-255,66,15875,79,147829
21543,0.000129,74.125.24.0-255,2902,18777,79,147829
21544,0.000131,172.31.40.0-255,66,18843,79,147829
21545,0.000158,74.125.24.0-255,5738,24581,79,147829
21546,0.00016,172.31.40.0-255,66,24647,79,147829
21547,0.000196,74.125.24.0-255,6797,31444,79,147829
21548,0.000199,172.31.40.0-255,66,31510,79,147829
21549,0.000651,74.125.24.0-255,1484,32994,79,147829
21550,0.000658,172.31.40.0-255,66,33060,79,147829
21551,0.000663,74.125.24.0-255,2902,35962,79,147829
21552,0.000666,172.31.40.0-255,66,36028,79,147829
21553,0.000671,74.125.24.0-255,2902,38930,79,147829
21554,0.000672,172.31.40.0-255,66,38996,79,147829
21555,0.000706,74.125.24.0-255,7156,46152,79,147829
21556,0.000708,172.31.40.0-255,66,46218,79,147829
21557,0.000737,74.125.24.0-255,7156,53374,79,147829
21558,0.00074,172.31.40.0-255,66,53440,79,147829
21559,0.000765,74.125.24.0-255,3961,57401,79,147829
21560,0.000768,172.31.40.0-255,66,57467,79,147829
21561,0.000781,74.125.24.0-255,1484,58951,79,147829
21562,0.000806,74.125.24.0-255,7105,66056,79,147829
21563,0.000808,172.31.40.0-255,66,66122,79,147829
21564,0.00082,74.125.24.0-255,377,66499,79,147829
21565,0.001087,172.31.40.0-255,66,66565,79,147829
21566,0.00123,74.125.24.0-255,1484,68049,79,147829
21567,0.00124,74.125.24.0-255,2902,70951,79,147829
21568,0.001245,172.31.40.0-255,66,71017,79,147829
21569,0.001252,74.125.24.0-255,4320,75337,79,147829
21570,0.001254,172.31.40.0-255,66,75403,79,147829
21571,0.001278,74.125.24.0-255,1484,76887,79,147829
21572,0.001286,74.125.24.0-255,7156,84043,79,147829
21573,0.001292,172.31.40.0-255,66,84109,79,147829
21574,0.0013,74.125.24.0-255,7156,91265,79,147829
21575,0.001302,172.31.40.0-255,66,91331,79,147829
21576,0.001339,74.125.24.0-255,7156,98487,79,147829
21577,0.001342,172.31.40.0-255,66,98553,79,147829
21578,0.001348,74.125.24.0-255,2184,100737,79,147829
21579,0.00135,172.31.40.0-255,66,100803,79,147829
21580,0.002312,74.125.24.0-255,1484,102287,79,147829
21581,0.003635,74.125.24.0-255,1484,103771,79,147829
21582,0.00364,172.31.40.0-255,66,103837,79,147829
21583,0.003669,74.125.24.0-255,2902,106739,79,147829
21584,0.003673,172.31.40.0-255,66,106805,79,147829
21585,0.005922,74.125.24.0-255,2902,109707,79,147829
21586,0.005929,172.31.40.0-255,66,109773,79,147829
21587,0.005971,74.125.24.0-255,2902,112675,79,147829
21588,0.005973,172.31.40.0-255,66,112741,79,147829
21589,0.008241,74.125.24.0-255,2902,115643,79,147829
21590,0.008249,172.31.40.0-255,66,115709,79,147829
21591,0.00828,74.125.24.0-255,2902,118611,79,147829
21592,0.008283,172.31.40.0-255,66,118677,79,147829
21593,0.01053,74.125.24.0-255,2902,121579,79,147829
21594,0.010538,172.31.40.0-255,66,121645,79,147829
21595,0.010568,74.125.24.0-255,2902,124547,79,147829
21596,0.010571,172.31.40.0-255,66,124613,79,147829
21597,0.012919,74.125.24.0-255,5738,130351,79,147829
21598,0.012928,172.31.40.0-255,66,130417,79,147829
21599,0.015255,74.125.24.0-255,5738,136155,79,147829
21600,0.015268,172.31.40.0-255,66,136221,79,147829
21601,0.017585,74.125.24.0-255,5738,141959,79,147829
21602,0.017593,172.31.40.0-255,66,142025,79,147829
21603,0.019893,74.125.24.0-255,5738,147763,79,147829
21604,0.019901,172.31.40.0-255,66,147829,79,147829
21605,0.0,172.217.194.0-255,146,146,79,259953
21606,2.3e-05,172.31.40.0-255,66,212,79,259953
21607,3.1e-05,172.217.194.0-255,1484,1696,79,259953
21608,3.5e-05,172.31.40.0-255,66,1762,79,259953
21609,5.9e-05,172.217.194.0-255,2902,4664,79,259953
21610,6.3e-05,172.31.40.0-255,66,4730,79,259953
21611,7.1e-05,172.217.194.0-255,7156,11886,79,259953
21612,7.4e-05,172.31.40.0-255,66,11952,79,259953
21613,7.8e-05,172.217.194.0-255,1983,13935,79,259953
21614,8e-05,172.31.40.0-255,66,14001,79,259953
21615,0.000156,172.217.194.0-255,1484,15485,79,259953
21616,0.000158,172.31.40.0-255,66,15551,79,259953
21617,0.000164,172.217.194.0-255,2902,18453,79,259953
21618,0.000166,172.31.40.0-255,66,18519,79,259953
21619,0.00017,172.217.194.0-255,2902,21421,79,259953
21620,0.000173,172.31.40.0-255,66,21487,79,259953
21621,0.000193,172.217.194.0-255,2902,24389,79,259953
21622,0.000196,172.31.40.0-255,66,24455,79,259953
21623,0.000199,172.217.194.0-255,1484,25939,79,259953
21624,0.000201,172.31.40.0-255,66,26005,79,259953
21625,0.000221,172.217.194.0-255,5379,31384,79,259953
21626,0.000224,172.31.40.0-255,66,31450,79,259953
21627,0.000285,172.217.194.0-255,1484,32934,79,259953
21628,0.000288,172.31.40.0-255,66,33000,79,259953
21629,0.000294,172.217.194.0-255,2902,35902,79,259953
21630,0.000296,172.31.40.0-255,66,35968,79,259953
21631,0.000309,172.217.194.0-255,1484,37452,79,259953
21632,0.000311,172.31.40.0-255,66,37518,79,259953
21633,0.000333,172.217.194.0-255,2902,40420,79,259953
21634,0.000336,172.31.40.0-255,66,40486,79,259953
21635,0.000342,172.217.194.0-255,5738,46224,79,259953
21636,0.000344,172.31.40.0-255,66,46290,79,259953
21637,0.000347,172.217.194.0-255,1484,47774,79,259953
21638,0.000368,172.217.194.0-255,1125,48899,79,259953
21639,0.000371,172.31.40.0-255,66,48965,79,259953
21640,0.000376,172.217.194.0-255,2902,51867,79,259953
21641,0.000378,172.31.40.0-255,66,51933,79,259953
21642,0.000385,172.217.194.0-255,7156,59089,79,259953
21643,0.000387,172.31.40.0-255,66,59155,79,259953
21644,0.000417,172.217.194.0-255,7120,66275,79,259953
21645,0.000419,172.31.40.0-255,66,66341,79,259953
21646,0.000479,172.217.194.0-255,363,66704,79,259953
21647,0.00103,172.31.40.0-255,66,66770,79,259953
21648,0.001074,172.217.194.0-255,1484,68254,79,259953
21649,0.001079,172.217.194.0-255,1484,69738,79,259953
21650,0.001082,172.31.40.0-255,66,69804,79,259953
21651,0.0011,172.217.194.0-255,1484,71288,79,259953
21652,0.001106,172.217.194.0-255,5738,77026,79,259953
21653,0.001109,172.31.40.0-255,66,77092,79,259953
21654,0.001131,172.217.194.0-255,5738,82830,79,259953
21655,0.001133,172.31.40.0-255,66,82896,79,259953
21656,0.001152,172.217.194.0-255,576,83472,79,259953
21657,0.001198,172.217.194.0-255,1484,84956,79,259953
21658,0.001202,172.31.40.0-255,66,85022,79,259953
21659,0.001207,172.217.194.0-255,4320,89342,79,259953
21660,0.001209,172.31.40.0-255,66,89408,79,259953
21661,0.001213,172.217.194.0-255,2902,92310,79,259953
21662,0.001215,172.31.40.0-255,66,92376,79,259953
21663,0.00124,172.217.194.0-255,2902,95278,79,259953
21664,0.001242,172.31.40.0-255,66,95344,79,259953
21665,0.001249,172.217.194.0-255,7156,102500,79,259953
21666,0.001251,172.31.40.0-255,66,102566,79,259953
21667,0.001278,172.217.194.0-255,4320,106886,79,259953
21668,0.001281,172.31.40.0-255,66,106952,79,259953
21669,0.001309,172.31.40.0-255,66,107018,79,259953
21670,0.001312,172.217.194.0-255,766,107784,79,259953
21671,0.001653,172.217.194.0-255,1484,109268,79,259953
21672,0.001658,172.31.40.0-255,66,109334,79,259953
21673,0.001664,172.217.194.0-255,2902,112236,79,259953
21674,0.001666,172.31.40.0-255,66,112302,79,259953
21675,0.001672,172.217.194.0-255,5738,118040,79,259953
21676,0.001674,172.31.40.0-255,66,118106,79,259953
21677,0.001708,172.31.40.0-255,66,118172,79,259953
21678,0.001772,172.217.194.0-255,5738,123910,79,259953
21679,0.001776,172.31.40.0-255,66,123976,79,259953
21680,0.001796,172.217.194.0-255,5020,128996,79,259953
21681,0.001798,172.31.40.0-255,66,129062,79,259953
21682,0.002121,172.217.194.0-255,1484,130546,79,259953
21683,0.00213,172.217.194.0-255,2902,133448,79,259953
21684,0.002134,172.31.40.0-255,66,133514,79,259953
21685,0.002142,172.217.194.0-255,5738,139252,79,259953
21686,0.002144,172.31.40.0-255,66,139318,79,259953
21687,0.002155,172.217.194.0-255,1484,140802,79,259953
21688,0.002186,172.31.40.0-255,66,140868,79,259953
21689,0.002198,172.217.194.0-255,2902,143770,79,259953
21690,0.0022,172.31.40.0-255,66,143836,79,259953
21691,0.002233,172.31.40.0-255,66,143902,79,259953
21692,0.002259,172.217.194.0-255,1484,145386,79,259953
21693,0.002263,172.217.194.0-255,2902,148288,79,259953
21694,0.002266,172.31.40.0-255,66,148354,79,259953
21695,0.002286,172.217.194.0-255,5738,154092,79,259953
21696,0.002288,172.31.40.0-255,66,154158,79,259953
21697,0.002293,172.217.194.0-255,2902,157060,79,259953
21698,0.002295,172.31.40.0-255,66,157126,79,259953
21699,0.002309,172.217.194.0-255,2902,160028,79,259953
21700,0.002312,172.31.40.0-255,66,160094,79,259953
21701,0.002348,172.31.40.0-255,66,160160,79,259953
21702,0.002371,172.31.40.0-255,66,160226,79,259953
21703,0.002391,172.217.194.0-255,5020,165246,79,259953
21704,0.002394,172.31.40.0-255,66,165312,79,259953
21705,0.002408,172.31.40.0-255,66,165378,79,259953
21706,0.002425,172.31.40.0-255,66,165444,79,259953
21707,0.002468,172.217.194.0-255,5738,171182,79,259953
21708,0.002471,172.31.40.0-255,66,171248,79,259953
21709,0.002508,172.31.40.0-255,66,171314,79,259953
21710,0.002531,172.217.194.0-255,2902,174216,79,259953
21711,0.002534,172.31.40.0-255,66,174282,79,259953
21712,0.002545,172.31.40.0-255,66,174348,79,259953
21713,0.002578,172.217.194.0-255,1484,175832,79,259953
21714,0.002583,172.217.194.0-255,2902,178734,79,259953
21715,0.002586,172.31.40.0-255,66,178800,79,259953
21716,0.002608,172.217.194.0-255,5738,184538,79,259953
21717,0.002611,172.31.40.0-255,66,184604,79,259953
21718,0.002628,172.217.194.0-255,5738,190342,79,259953
21719,0.002631,172.31.40.0-255,66,190408,79,259953
21720,0.002658,172.217.194.0-255,5738,196146,79,259953
21721,0.002661,172.31.40.0-255,66,196212,79,259953
21722,0.002664,172.217.194.0-255,1484,197696,79,259953
21723,0.002676,172.31.40.0-255,66,197762,79,259953
21724,0.0027,172.217.194.0-255,4320,202082,79,259953
21725,0.002703,172.31.40.0-255,66,202148,79,259953
21726,0.002738,172.31.40.0-255,66,202214,79,259953
21727,0.002742,172.217.194.0-255,1484,203698,79,259953
21728,0.002744,172.31.40.0-255,78,203776,79,259953
21729,0.002746,172.217.194.0-255,766,204542,79,259953
21730,0.002749,172.31.40.0-255,66,204608,79,259953
21731,0.002752,172.217.194.0-255,1484,206092,79,259953
21732,0.002758,172.217.194.0-255,2902,208994,79,259953
21733,0.00276,172.31.40.0-255,66,209060,79,259953
21734,0.002807,172.217.194.0-255,7156,216216,79,259953
21735,0.00281,172.31.40.0-255,66,216282,79,259953
21736,0.002833,172.217.194.0-255,3602,219884,79,259953
21737,0.002836,172.31.40.0-255,66,219950,79,259953
21738,0.002847,172.31.40.0-255,66,220016,79,259953
21739,0.002873,172.217.194.0-255,2902,222918,79,259953
21740,0.002876,172.31.40.0-255,66,222984,79,259953
21741,0.002889,172.31.40.0-255,66,223050,79,259953
21742,0.002892,172.217.194.0-255,1484,224534,79,259953
21743,0.002903,172.31.40.0-255,66,224600,79,259953
21744,0.002906,172.217.194.0-255,1484,226084,79,259953
21745,0.002909,172.217.194.0-255,1484,227568,79,259953
21746,0.002911,172.31.40.0-255,66,227634,79,259953
21747,0.002914,172.217.194.0-255,1484,229118,79,259953
21748,0.002939,172.217.194.0-255,2902,232020,79,259953
21749,0.002942,172.31.40.0-255,66,232086,79,259953
21750,0.00295,172.217.194.0-255,7156,239242,79,259953
21751,0.002952,172.31.40.0-255,66,239308,79,259953
21752,0.002991,172.217.194.0-255,2902,242210,79,259953
21753,0.002994,172.31.40.0-255,66,242276,79,259953
21754,0.003002,172.217.194.0-255,7156,249432,79,259953
21755,0.003005,172.31.40.0-255,66,249498,79,259953
21756,0.003012,172.217.194.0-255,7156,256654,79,259953
21757,0.003015,172.31.40.0-255,66,256720,79,259953
21758,0.003019,172.217.194.0-255,2891,259611,79,259953
21759,0.003021,172.31.40.0-255,66,259677,79,259953
21760,0.003024,172.217.194.0-255,105,259782,79,259953
21761,0.017909,172.31.40.0-255,66,259848,79,259953
21762,0.017971,172.31.40.0-255,105,259953,79,259953
21763,0.0,74.125.200.0-255,296,296,79,170023
21764,2.3e-05,172.31.40.0-255,66,362,79,170023
21765,3e-05,74.125.200.0-255,1484,1846,79,170023
21766,3.4e-05,172.31.40.0-255,66,1912,79,170023
21767,5e-05,74.125.200.0-255,2902,4814,79,170023
21768,5.4e-05,172.31.40.0-255,66,4880,79,170023
21769,5.9e-05,74.125.200.0-255,4320,9200,79,170023
21770,6.2e-05,172.31.40.0-255,66,9266,79,170023
21771,6.6e-05,74.125.200.0-255,1484,10750,79,170023
21772,6.8e-05,172.31.40.0-255,66,10816,79,170023
21773,0.000114,172.31.40.0-255,66,10882,79,170023
21774,0.00012,74.125.200.0-255,4320,15202,79,170023
21775,0.000122,172.31.40.0-255,66,15268,79,170023
21776,0.000152,172.31.40.0-255,66,15334,79,170023
21777,0.000242,74.125.200.0-255,1484,16818,79,170023
21778,0.000245,172.31.40.0-255,66,16884,79,170023
21779,0.000249,74.125.200.0-255,2902,19786,79,170023
21780,0.000252,172.31.40.0-255,66,19852,79,170023
21781,0.000255,74.125.200.0-255,1484,21336,79,170023
21782,0.000256,172.31.40.0-255,66,21402,79,170023
21783,0.000278,74.125.200.0-255,4320,25722,79,170023
21784,0.000281,172.31.40.0-255,66,25788,79,170023
21785,0.000293,74.125.200.0-255,6797,32585,79,170023
21786,0.000295,172.31.40.0-255,66,32651,79,170023
21787,0.000309,74.125.200.0-255,5738,38389,79,170023
21788,0.000312,172.31.40.0-255,66,38455,79,170023
21789,0.000331,74.125.200.0-255,1484,39939,79,170023
21790,0.000333,172.31.40.0-255,66,40005,79,170023
21791,0.000339,74.125.200.0-255,4320,44325,79,170023
21792,0.000341,172.31.40.0-255,66,44391,79,170023
21793,0.000364,74.125.200.0-255,5690,50081,79,170023
21794,0.000367,172.31.40.0-255,66,50147,79,170023
21795,0.000374,74.125.200.0-255,112,50259,79,170023
21796,0.000469,74.125.200.0-255,330,50589,79,170023
21797,0.000789,74.125.200.0-255,1484,52073,79,170023
21798,0.000794,172.31.40.0-255,66,52139,79,170023
21799,0.000813,74.125.200.0-255,2902,55041,79,170023
21800,0.000816,172.31.40.0-255,66,55107,79,170023
21801,0.000822,74.125.200.0-255,4320,59427,79,170023
21802,0.000824,172.31.40.0-255,66,59493,79,170023
21803,0.000858,74.125.200.0-255,1484,60977,79,170023
21804,0.000869,172.31.40.0-255,66,61043,79,170023
21805,0.000873,74.125.200.0-255,1484,62527,79,170023
21806,0.000911,172.31.40.0-255,66,62593,79,170023
21807,0.000918,74.125.200.0-255,5020,67613,79,170023
21808,0.000926,172.31.40.0-255,66,67679,79,170023
21809,0.001423,74.125.200.0-255,1484,69163,79,170023
21810,0.001442,74.125.200.0-255,2902,72065,79,170023
21811,0.001446,172.31.40.0-255,66,72131,79,170023
21812,0.001452,74.125.200.0-255,4320,76451,79,170023
21813,0.001454,172.31.40.0-255,66,76517,79,170023
21814,0.001487,74.125.200.0-255,5738,82255,79,170023
21815,0.00149,74.125.200.0-255,1484,83739,79,170023
21816,0.001494,172.31.40.0-255,66,83805,79,170023
21817,0.001524,172.31.40.0-255,66,83871,79,170023
21818,0.001529,74.125.200.0-255,4320,88191,79,170023
21819,0.001531,172.31.40.0-255,66,88257,79,170023
21820,0.001557,74.125.200.0-255,3602,91859,79,170023
21821,0.001559,172.31.40.0-255,66,91925,79,170023
21822,0.002172,74.125.200.0-255,1484,93409,79,170023
21823,0.002181,74.125.200.0-255,2902,96311,79,170023
21824,0.002185,172.31.40.0-255,66,96377,79,170023
21825,0.002192,74.125.200.0-255,4320,100697,79,170023
21826,0.002194,172.31.40.0-255,66,100763,79,170023
21827,0.002222,74.125.200.0-255,1484,102247,79,170023
21828,0.002229,74.125.200.0-255,5738,107985,79,170023
21829,0.002231,172.31.40.0-255,66,108051,79,170023
21830,0.002242,74.125.200.0-255,7156,115207,79,170023
21831,0.002244,172.31.40.0-255,66,115273,79,170023
21832,0.002285,172.31.40.0-255,66,115339,79,170023
21833,0.002529,74.125.200.0-255,1484,116823,79,170023
21834,0.002548,74.125.200.0-255,2902,119725,79,170023
21835,0.002552,172.31.40.0-255,66,119791,79,170023
21836,0.002556,74.125.200.0-255,1484,121275,79,170023
21837,0.002575,74.125.200.0-255,4320,125595,79,170023
21838,0.002578,172.31.40.0-255,66,125661,79,170023
21839,0.002585,74.125.200.0-255,7156,132817,79,170023
21840,0.002587,172.31.40.0-255,66,132883,79,170023
21841,0.002667,172.31.40.0-255,66,132949,79,170023
21842,0.002671,74.125.200.0-255,2184,135133,79,170023
21843,0.002673,172.31.40.0-255,66,135199,79,170023
21844,0.005283,74.125.200.0-255,5738,140937,79,170023
21845,0.005291,172.31.40.0-255,66,141003,79,170023
21846,0.007894,74.125.200.0-255,5738,146741,79,170023
21847,0.007902,172.31.40.0-255,66,146807,79,170023
21848,0.010523,74.125.200.0-255,5738,152545,79,170023
21849,0.01053,172.31.40.0-255,66,152611,79,170023
21850,0.013149,74.125.200.0-255,5738,158349,79,170023
21851,0.013161,172.31.40.0-255,66,158415,79,170023
21852,0.015787,74.125.200.0-255,5738,164153,79,170023
21853,0.015807,172.31.40.0-255,66,164219,79,170023
21854,0.018426,74.125.200.0-255,5738,169957,79,170023
21855,0.018442,172.31.40.0-255,66,170023,79,170023
21856,0.0,172.217.194.0-255,297,297,79,186654
21857,2.2e-05,172.31.40.0-255,66,363,79,186654
21858,2.8e-05,172.217.194.0-255,1484,1847,79,186654
21859,3.3e-05,172.31.40.0-255,66,1913,79,186654
21860,4.8e-05,172.217.194.0-255,4320,6233,79,186654
21861,5.1e-05,172.31.40.0-255,66,6299,79,186654
21862,5.8e-05,172.217.194.0-255,5738,12037,79,186654
21863,6.1e-05,172.31.40.0-255,66,12103,79,186654
21864,8.8e-05,172.217.194.0-255,1930,14033,79,186654
21865,9.1e-05,172.31.40.0-255,66,14099,79,186654
21866,0.000141,172.217.194.0-255,1484,15583,79,186654
21867,0.000144,172.31.40.0-255,66,15649,79,186654
21868,0.000149,172.217.194.0-255,2902,18551,79,186654
21869,0.000151,172.31.40.0-255,66,18617,79,186654
21870,0.00018,172.217.194.0-255,5738,24355,79,186654
21871,0.000183,172.31.40.0-255,66,24421,79,186654
21872,0.00019,172.217.194.0-255,6797,31218,79,186654
21873,0.000192,172.31.40.0-255,66,31284,79,186654
21874,0.000208,172.217.194.0-255,1484,32768,79,186654
21875,0.000211,172.31.40.0-255,66,32834,79,186654
21876,0.00025,172.217.194.0-255,5738,38572,79,186654
21877,0.000268,172.217.194.0-255,5738,44310,79,186654
21878,0.000272,172.31.40.0-255,66,44376,79,186654
21879,0.000279,172.31.40.0-255,66,44442,79,186654
21880,0.000282,172.31.40.0-255,66,44508,79,186654
21881,0.00029,172.217.194.0-255,1484,45992,79,186654
21882,0.000292,172.31.40.0-255,66,46058,79,186654
21883,0.000322,172.217.194.0-255,3943,50001,79,186654
21884,0.000325,172.31.40.0-255,66,50067,79,186654
21885,0.000328,172.217.194.0-255,367,50434,79,186654
21886,0.00033,172.31.40.0-255,66,50500,79,186654
21887,0.000587,172.217.194.0-255,1484,51984,79,186654
21888,0.000595,172.217.194.0-255,2902,54886,79,186654
21889,0.000599,172.31.40.0-255,66,54952,79,186654
21890,0.000606,172.217.194.0-255,5738,60690,79,186654
21891,0.000609,172.31.40.0-255,66,60756,79,186654
21892,0.000643,172.31.40.0-255,66,60822,79,186654
21893,0.000656,172.31.40.0-255,66,60888,79,186654
21894,0.0008,172.217.194.0-255,1484,62372,79,186654
21895,0.000827,172.217.194.0-255,2902,65274,79,186654
21896,0.00083,172.31.40.0-255,66,65340,79,186654
21897,0.000838,172.217.194.0-255,5738,71078,79,186654
21898,0.000841,172.31.40.0-255,66,71144,79,186654
21899,0.000856,172.31.40.0-255,66,71210,79,186654
21900,0.000894,172.217.194.0-255,4320,75530,79,186654
21901,0.000897,172.31.40.0-255,66,75596,79,186654
21902,0.000939,172.31.40.0-255,66,75662,79,186654
21903,0.001398,172.217.194.0-255,1484,77146,79,186654
21904,0.001403,172.217.194.0-255,1484,78630,79,186654
21905,0.001406,172.31.40.0-255,66,78696,79,186654
21906,0.001427,172.217.194.0-255,1484,80180,79,186654
21907,0.001433,172.217.194.0-255,5738,85918,79,186654
21908,0.001435,172.31.40.0-255,66,85984,79,186654
21909,0.00144,172.217.194.0-255,4320,90304,79,186654
21910,0.001442,172.31.40.0-255,66,90370,79,186654
21911,0.001477,172.31.40.0-255,66,90436,79,186654
21912,0.001487,172.31.40.0-255,66,90502,79,186654
21913,0.001516,172.217.194.0-255,2184,92686,79,186654
21914,0.001519,172.31.40.0-255,66,92752,79,186654
21915,0.001569,172.217.194.0-255,1484,94236,79,186654
21916,0.001574,172.217.194.0-255,2902,97138,79,186654
21917,0.001577,172.31.40.0-255,66,97204,79,186654
21918,0.001608,172.217.194.0-255,5738,102942,79,186654
21919,0.001613,172.217.194.0-255,4320,107262,79,186654
21920,0.001617,172.31.40.0-255,66,107328,79,186654
21921,0.001624,172.31.40.0-255,66,107394,79,186654
21922,0.001635,172.31.40.0-255,66,107460,79,186654
21923,0.001646,172.217.194.0-255,7156,114616,79,186654
21924,0.001648,172.31.40.0-255,66,114682,79,186654
21925,0.001673,172.217.194.0-255,2902,117584,79,186654
21926,0.001676,172.31.40.0-255,66,117650,79,186654
21927,0.0017,172.217.194.0-255,766,118416,79,186654
21928,0.00174,172.217.194.0-255,1484,119900,79,186654
21929,0.001744,172.31.40.0-255,66,119966,79,186654
21930,0.001749,172.217.194.0-255,2902,122868,79,186654
21931,0.001751,172.31.40.0-255,66,122934,79,186654
21932,0.001778,172.217.194.0-255,5738,128672,79,186654
21933,0.001781,172.31.40.0-255,66,128738,79,186654
21934,0.001799,172.31.40.0-255,66,128804,79,186654
21935,0.001879,172.31.40.0-255,66,128870,79,186654
21936,0.001882,172.217.194.0-255,1484,130354,79,186654
21937,0.001907,172.217.194.0-255,2902,133256,79,186654
21938,0.00191,172.31.40.0-255,66,133322,79,186654
21939,0.001917,172.217.194.0-255,5738,139060,79,186654
21940,0.001919,172.31.40.0-255,66,139126,79,186654
21941,0.001922,172.217.194.0-255,1484,140610,79,186654
21942,0.001971,172.31.40.0-255,66,140676,79,186654
21943,0.001988,172.31.40.0-255,66,140742,79,186654
21944,0.001991,172.217.194.0-255,766,141508,79,186654
21945,0.003298,172.31.40.0-255,66,141574,79,186654
21946,0.004016,172.217.194.0-255,4320,145894,79,186654
21947,0.004023,172.31.40.0-255,66,145960,79,186654
21948,0.005318,172.217.194.0-255,1484,147444,79,186654
21949,0.006062,172.217.194.0-255,4320,151764,79,186654
21950,0.006069,172.31.40.0-255,66,151830,79,186654
21951,0.008104,172.217.194.0-255,5738,157568,79,186654
21952,0.008111,172.31.40.0-255,66,157634,79,186654
21953,0.010129,172.217.194.0-255,5738,163372,79,186654
21954,0.010134,172.31.40.0-255,66,163438,79,186654
21955,0.012133,172.217.194.0-255,5738,169176,79,186654
21956,0.012139,172.31.40.0-255,66,169242,79,186654
21957,0.01415,172.217.194.0-255,5738,174980,79,186654
21958,0.014157,172.31.40.0-255,66,175046,79,186654
21959,0.016204,172.217.194.0-255,5738,180784,79,186654
21960,0.016212,172.31.40.0-255,66,180850,79,186654
21961,0.018255,172.217.194.0-255,5738,186588,79,186654
21962,0.018263,172.31.40.0-255,66,186654,79,186654
21963,0.0,172.253.118.0-255,152,152,79,186352
21964,2.4e-05,172.31.40.0-255,66,218,79,186352
21965,3.1e-05,172.253.118.0-255,1484,1702,79,186352
21966,3.7e-05,172.31.40.0-255,66,1768,79,186352
21967,4.3e-05,172.253.118.0-255,2902,4670,79,186352
21968,4.7e-05,172.31.40.0-255,66,4736,79,186352
21969,6.2e-05,172.253.118.0-255,7156,11892,79,186352
21970,6.6e-05,172.31.40.0-255,66,11958,79,186352
21971,0.000109,172.31.40.0-255,66,12024,79,186352
21972,0.000137,172.253.118.0-255,3401,15425,79,186352
21973,0.000139,172.31.40.0-255,66,15491,79,186352
21974,0.000167,172.253.118.0-255,6797,22288,79,186352
21975,0.00017,172.31.40.0-255,66,22354,79,186352
21976,0.000286,172.253.118.0-255,1484,23838,79,186352
21977,0.00029,172.31.40.0-255,66,23904,79,186352
21978,0.000296,172.253.118.0-255,2902,26806,79,186352
21979,0.000299,172.31.40.0-255,66,26872,79,186352
21980,0.000301,172.253.118.0-255,1484,28356,79,186352
21981,0.000304,172.31.40.0-255,66,28422,79,186352
21982,0.000316,172.253.118.0-255,5738,34160,79,186352
21983,0.000319,172.31.40.0-255,66,34226,79,186352
21984,0.00039,172.31.40.0-255,66,34292,79,186352
21985,0.000414,172.253.118.0-255,1125,35417,79,186352
21986,0.000416,172.31.40.0-255,66,35483,79,186352
21987,0.000428,172.31.40.0-255,66,35549,79,186352
21988,0.000454,172.253.118.0-255,109,35658,79,186352
21989,0.00046,172.31.40.0-255,66,35724,79,186352
21990,0.000573,172.253.118.0-255,1484,37208,79,186352
21991,0.000577,172.31.40.0-255,66,37274,79,186352
21992,0.000583,172.253.118.0-255,2902,40176,79,186352
21993,0.000586,172.31.40.0-255,66,40242,79,186352
21994,0.00061,172.253.118.0-255,5738,45980,79,186352
21995,0.000613,172.31.40.0-255,66,46046,79,186352
21996,0.000651,172.31.40.0-255,66,46112,79,186352
21997,0.000698,172.31.40.0-255,66,46178,79,186352
21998,0.000701,172.253.118.0-255,332,46510,79,186352
21999,0.001002,172.253.118.0-255,1484,47994,79,186352
22000,0.001007,172.31.40.0-255,66,48060,79,186352
22001,0.001019,172.253.118.0-255,2902,50962,79,186352
22002,0.001025,172.31.40.0-255,66,51028,79,186352
22003,0.001029,172.253.118.0-255,1484,52512,79,186352
22004,0.001061,172.253.118.0-255,4320,56832,79,186352
22005,0.001064,172.31.40.0-255,66,56898,79,186352
22006,0.001073,172.253.118.0-255,7156,64054,79,186352
22007,0.001075,172.31.40.0-255,66,64120,79,186352
22008,0.001107,172.253.118.0-255,5738,69858,79,186352
22009,0.00111,172.31.40.0-255,66,69924,79,186352
22010,0.001115,172.253.118.0-255,2902,72826,79,186352
22011,0.001117,172.31.40.0-255,66,72892,79,186352
22012,0.001158,172.31.40.0-255,66,72958,79,186352
22013,0.001653,172.253.118.0-255,1484,74442,79,186352
22014,0.00167,172.253.118.0-255,2902,77344,79,186352
22015,0.001673,172.31.40.0-255,66,77410,79,186352
22016,0.001712,172.253.118.0-255,5738,83148,79,186352
22017,0.001715,172.31.40.0-255,66,83214,79,186352
22018,0.001721,172.253.118.0-255,2902,86116,79,186352
22019,0.001723,172.31.40.0-255,66,86182,79,186352
22020,0.001764,172.31.40.0-255,66,86248,79,186352
22021,0.001782,172.253.118.0-255,5738,91986,79,186352
22022,0.001784,172.31.40.0-255,66,92052,79,186352
22023,0.001806,172.253.118.0-255,5020,97072,79,186352
22024,0.001812,172.31.40.0-255,66,97138,79,186352
22025,0.00185,172.253.118.0-255,1484,98622,79,186352
22026,0.001877,172.31.40.0-255,66,98688,79,186352
22027,0.001889,172.31.40.0-255,66,98754,79,186352
22028,0.001907,172.31.40.0-255,66,98820,79,186352
22029,0.001911,172.253.118.0-255,766,99586,79,186352
22030,0.002102,172.253.118.0-255,1484,101070,79,186352
22031,0.002107,172.31.40.0-255,66,101136,79,186352
22032,0.002112,172.253.118.0-255,2902,104038,79,186352
22033,0.002114,172.31.40.0-255,66,104104,79,186352
22034,0.00212,172.253.118.0-255,4320,108424,79,186352
22035,0.002126,172.31.40.0-255,66,108490,79,186352
22036,0.002158,172.31.40.0-255,66,108556,79,186352
22037,0.00218,172.253.118.0-255,2902,111458,79,186352
22038,0.002182,172.31.40.0-255,66,111524,79,186352
22039,0.002216,172.31.40.0-255,66,111590,79,186352
22040,0.002422,172.253.118.0-255,1484,113074,79,186352
22041,0.002427,172.253.118.0-255,1484,114558,79,186352
22042,0.00243,172.31.40.0-255,66,114624,79,186352
22043,0.002458,172.253.118.0-255,1484,116108,79,186352
22044,0.002465,172.253.118.0-255,5738,121846,79,186352
22045,0.002467,172.31.40.0-255,66,121912,79,186352
22046,0.002506,172.31.40.0-255,66,121978,79,186352
22047,0.002517,172.31.40.0-255,66,122044,79,186352
22048,0.002539,172.253.118.0-255,2902,124946,79,186352
22049,0.002545,172.31.40.0-255,66,125012,79,186352
22050,0.002553,172.253.118.0-255,6438,131450,79,186352
22051,0.002556,172.31.40.0-255,66,131516,79,186352
22052,0.002562,172.253.118.0-255,5738,137254,79,186352
22053,0.002564,172.31.40.0-255,66,137320,79,186352
22054,0.002599,172.253.118.0-255,1484,138804,79,186352
22055,0.002613,172.31.40.0-255,66,138870,79,186352
22056,0.002615,172.253.118.0-255,1484,140354,79,186352
22057,0.00262,172.253.118.0-255,4320,144674,79,186352
22058,0.002627,172.31.40.0-255,66,144740,79,186352
22059,0.002634,172.253.118.0-255,5738,150478,79,186352
22060,0.002636,172.31.40.0-255,66,150544,79,186352
22061,0.002638,172.253.118.0-255,766,151310,79,186352
22062,0.002664,172.253.118.0-255,5738,157048,79,186352
22063,0.002667,172.31.40.0-255,66,157114,79,186352
22064,0.002692,172.253.118.0-255,2902,160016,79,186352
22065,0.002694,172.31.40.0-255,66,160082,79,186352
22066,0.002704,172.253.118.0-255,5738,165820,79,186352
22067,0.002707,172.31.40.0-255,66,165886,79,186352
22068,0.002711,172.253.118.0-255,2902,168788,79,186352
22069,0.002714,172.31.40.0-255,66,168854,79,186352
22070,0.002755,172.31.40.0-255,66,168920,79,186352
22071,0.00276,172.253.118.0-255,3602,172522,79,186352
22072,0.002763,172.31.40.0-255,66,172588,79,186352
22073,0.002794,172.253.118.0-255,7156,179744,79,186352
22074,0.002798,172.31.40.0-255,66,179810,79,186352
22075,0.002813,172.31.40.0-255,66,179876,79,186352
22076,0.002863,172.31.40.0-255,66,179942,79,186352
22077,0.002901,172.31.40.0-255,66,180008,79,186352
22078,0.00292,172.31.40.0-255,66,180074,79,186352
22079,0.00295,172.253.118.0-255,5738,185812,79,186352
22080,0.002953,172.31.40.0-255,66,185878,79,186352
22081,0.003,172.31.40.0-255,66,185944,79,186352
22082,0.003019,172.31.40.0-255,66,186010,79,186352
22083,0.003073,172.253.118.0-255,105,186115,79,186352
22084,0.007933,172.31.40.0-255,66,186181,79,186352
22085,0.007973,172.31.40.0-255,105,186286,79,186352
22086,0.009923,172.253.118.0-255,66,186352,79,186352
22087,0.0,172.217.194.0-255,148,148,79,177897
22088,2.3e-05,172.31.40.0-255,66,214,79,177897
22089,3.1e-05,172.217.194.0-255,1484,1698,79,177897
22090,3.5e-05,172.31.40.0-255,66,1764,79,177897
22091,4.2e-05,172.217.194.0-255,2902,4666,79,177897
22092,5.3e-05,172.31.40.0-255,66,4732,79,177897
22093,6.1e-05,172.217.194.0-255,7156,11888,79,177897
22094,6.4e-05,172.31.40.0-255,66,11954,79,177897
22095,6.8e-05,172.217.194.0-255,2020,13974,79,177897
22096,7.1e-05,172.31.40.0-255,66,14040,79,177897
22097,0.000108,172.217.194.0-255,1484,15524,79,177897
22098,0.00011,172.31.40.0-255,66,15590,79,177897
22099,0.000123,172.217.194.0-255,2902,18492,79,177897
22100,0.00013,172.31.40.0-255,66,18558,79,177897
22101,0.000136,172.217.194.0-255,5738,24296,79,177897
22102,0.000138,172.31.40.0-255,66,24362,79,177897
22103,0.000141,172.217.194.0-255,1484,25846,79,177897
22104,0.000143,172.31.40.0-255,66,25912,79,177897
22105,0.000171,172.217.194.0-255,2902,28814,79,177897
22106,0.000173,172.31.40.0-255,66,28880,79,177897
22107,0.000194,172.217.194.0-255,5738,34618,79,177897
22108,0.0002,172.31.40.0-255,66,34684,79,177897
22109,0.00023,172.217.194.0-255,6797,41481,79,177897
22110,0.000233,172.31.40.0-255,66,41547,79,177897
22111,0.000241,172.217.194.0-255,6797,48344,79,177897
22112,0.000243,172.31.40.0-255,66,48410,79,177897
22113,0.000275,172.31.40.0-255,66,48476,79,177897
22114,0.000302,172.217.194.0-255,1484,49960,79,177897
22115,0.000304,172.31.40.0-255,66,50026,79,177897
22116,0.000311,172.217.194.0-255,4571,54597,79,177897
22117,0.000313,172.31.40.0-255,66,54663,79,177897
22118,0.000413,172.217.194.0-255,1484,56147,79,177897
22119,0.000434,172.217.194.0-255,2902,59049,79,177897
22120,0.000438,172.31.40.0-255,66,59115,79,177897
22121,0.000441,172.217.194.0-255,1484,60599,79,177897
22122,0.000464,172.217.194.0-255,4320,64919,79,177897
22123,0.000467,172.31.40.0-255,66,64985,79,177897
22124,0.000504,172.217.194.0-255,6797,71782,79,177897
22125,0.000507,172.31.40.0-255,66,71848,79,177897
22126,0.0006,172.217.194.0-255,1484,73332,79,177897
22127,0.000605,172.217.194.0-255,2902,76234,79,177897
22128,0.000609,172.31.40.0-255,66,76300,79,177897
22129,0.000613,172.217.194.0-255,2902,79202,79,177897
22130,0.000616,172.31.40.0-255,66,79268,79,177897
22131,0.000636,172.217.194.0-255,2902,82170,79,177897
22132,0.000642,172.31.40.0-255,66,82236,79,177897
22133,0.000672,172.217.194.0-255,2902,85138,79,177897
22134,0.000675,172.31.40.0-255,66,85204,79,177897
22135,0.000702,172.217.194.0-255,3961,89165,79,177897
22136,0.000705,172.31.40.0-255,66,89231,79,177897
22137,0.001387,172.217.194.0-255,1484,90715,79,177897
22138,0.001391,172.217.194.0-255,1484,92199,79,177897
22139,0.001394,172.31.40.0-255,66,92265,79,177897
22140,0.001423,172.217.194.0-255,1484,93749,79,177897
22141,0.001429,172.217.194.0-255,5738,99487,79,177897
22142,0.001432,172.31.40.0-255,66,99553,79,177897
22143,0.001487,172.31.40.0-255,66,99619,79,177897
22144,0.001541,172.217.194.0-255,5738,105357,79,177897
22145,0.001544,172.31.40.0-255,66,105423,79,177897
22146,0.001569,172.217.194.0-255,5020,110443,79,177897
22147,0.001571,172.31.40.0-255,66,110509,79,177897
22148,0.001609,172.217.194.0-255,1484,111993,79,177897
22149,0.00164,172.31.40.0-255,66,112059,79,177897
22150,0.001652,172.31.40.0-255,66,112125,79,177897
22151,0.001666,172.217.194.0-255,1484,113609,79,177897
22152,0.001677,172.217.194.0-255,2902,116511,79,177897
22153,0.001679,172.31.40.0-255,66,116577,79,177897
22154,0.001705,172.217.194.0-255,6438,123015,79,177897
22155,0.001708,172.31.40.0-255,66,123081,79,177897
22156,0.002094,172.217.194.0-255,1484,124565,79,177897
22157,0.0021,172.217.194.0-255,2902,127467,79,177897
22158,0.002102,172.31.40.0-255,66,127533,79,177897
22159,0.002135,172.217.194.0-255,5738,133271,79,177897
22160,0.002137,172.31.40.0-255,66,133337,79,177897
22161,0.002148,172.31.40.0-255,66,133403,79,177897
22162,0.002193,172.31.40.0-255,66,133469,79,177897
22163,0.002231,172.31.40.0-255,66,133535,79,177897
22164,0.002241,172.31.40.0-255,66,133601,79,177897
22165,0.002267,172.217.194.0-255,3602,137203,79,177897
22166,0.00227,172.31.40.0-255,66,137269,79,177897
22167,0.004641,172.217.194.0-255,5738,143007,79,177897
22168,0.004648,172.31.40.0-255,66,143073,79,177897
22169,0.006977,172.217.194.0-255,5738,148811,79,177897
22170,0.006981,172.31.40.0-255,66,148877,79,177897
22171,0.00935,172.217.194.0-255,5738,154615,79,177897
22172,0.009357,172.31.40.0-255,66,154681,79,177897
22173,0.011713,172.217.194.0-255,5738,160419,79,177897
22174,0.011719,172.31.40.0-255,66,160485,79,177897
22175,0.014055,172.217.194.0-255,5738,166223,79,177897
22176,0.014064,172.31.40.0-255,66,166289,79,177897
22177,0.016413,172.217.194.0-255,5738,172027,79,177897
22178,0.016426,172.31.40.0-255,66,172093,79,177897
22179,0.018775,172.217.194.0-255,5738,177831,79,177897
22180,0.018783,172.31.40.0-255,66,177897,79,177897
22181,0.0,172.217.194.0-255,149,149,79,158707
22182,2e-05,172.31.40.0-255,66,215,79,158707
22183,2.7e-05,172.217.194.0-255,1484,1699,79,158707
22184,3.2e-05,172.31.40.0-255,66,1765,79,158707
22185,3.9e-05,172.217.194.0-255,2902,4667,79,158707
22186,4.2e-05,172.31.40.0-255,66,4733,79,158707
22187,4.9e-05,172.217.194.0-255,7156,11889,79,158707
22188,5.3e-05,172.31.40.0-255,66,11955,79,158707
22189,5.7e-05,172.217.194.0-255,2902,14857,79,158707
22190,6e-05,172.31.40.0-255,66,14923,79,158707
22191,9.3e-05,172.31.40.0-255,66,14989,79,158707
22192,0.000101,172.217.194.0-255,6797,21786,79,158707
22193,0.000103,172.31.40.0-255,66,21852,79,158707
22194,0.00014,172.217.194.0-255,1484,23336,79,158707
22195,0.000143,172.31.40.0-255,66,23402,79,158707
22196,0.000147,172.217.194.0-255,2902,26304,79,158707
22197,0.000149,172.31.40.0-255,66,26370,79,158707
22198,0.000156,172.217.194.0-255,5738,32108,79,158707
22199,0.000159,172.31.40.0-255,66,32174,79,158707
22200,0.000202,172.31.40.0-255,66,32240,79,158707
22201,0.000213,172.31.40.0-255,66,32306,79,158707
22202,0.000276,172.217.194.0-255,366,32672,79,158707
22203,0.000279,172.31.40.0-255,66,32738,79,158707
22204,0.000387,172.217.194.0-255,1484,34222,79,158707
22205,0.000392,172.31.40.0-255,66,34288,79,158707
22206,0.000397,172.217.194.0-255,2902,37190,79,158707
22207,0.0004,172.31.40.0-255,66,37256,79,158707
22208,0.000404,172.217.194.0-255,1484,38740,79,158707
22209,0.000406,172.31.40.0-255,66,38806,79,158707
22210,0.000446,172.217.194.0-255,4320,43126,79,158707
22211,0.00045,172.31.40.0-255,66,43192,79,158707
22212,0.000464,172.31.40.0-255,66,43258,79,158707
22213,0.000476,172.31.40.0-255,66,43324,79,158707
22214,0.000837,172.217.194.0-255,1484,44808,79,158707
22215,0.000844,172.217.194.0-255,2902,47710,79,158707
22216,0.000848,172.31.40.0-255,66,47776,79,158707
22217,0.000856,172.217.194.0-255,5738,53514,79,158707
22218,0.000858,172.31.40.0-255,66,53580,79,158707
22219,0.00088,172.217.194.0-255,5738,59318,79,158707
22220,0.000883,172.31.40.0-255,66,59384,79,158707
22221,0.000901,172.217.194.0-255,7156,66540,79,158707
22222,0.000904,172.31.40.0-255,66,66606,79,158707
22223,0.000911,172.217.194.0-255,5738,72344,79,158707
22224,0.000913,172.31.40.0-255,66,72410,79,158707
22225,0.000932,172.217.194.0-255,5020,77430,79,158707
22226,0.000936,172.31.40.0-255,66,77496,79,158707
22227,0.001058,172.217.194.0-255,1484,78980,79,158707
22228,0.001065,172.217.194.0-255,2902,81882,79,158707
22229,0.001068,172.31.40.0-255,66,81948,79,158707
22230,0.001073,172.217.194.0-255,2902,84850,79,158707
22231,0.001075,172.31.40.0-255,66,84916,79,158707
22232,0.001094,172.217.194.0-255,2902,87818,79,158707
22233,0.001097,172.31.40.0-255,66,87884,79,158707
22234,0.0011,172.217.194.0-255,1484,89368,79,158707
22235,0.001135,172.31.40.0-255,66,89434,79,158707
22236,0.001148,172.31.40.0-255,66,89500,79,158707
22237,0.001546,172.217.194.0-255,1484,90984,79,158707
22238,0.001553,172.217.194.0-255,2902,93886,79,158707
22239,0.001557,172.31.40.0-255,66,93952,79,158707
22240,0.001564,172.217.194.0-255,5738,99690,79,158707
22241,0.001566,172.31.40.0-255,66,99756,79,158707
22242,0.001589,172.217.194.0-255,7156,106912,79,158707
22243,0.001592,172.31.40.0-255,66,106978,79,158707
22244,0.001597,172.217.194.0-255,2902,109880,79,158707
22245,0.001598,172.31.40.0-255,66,109946,79,158707
22246,0.00164,172.31.40.0-255,66,110012,79,158707
22247,0.001644,172.217.194.0-255,2184,112196,79,158707
22248,0.001646,172.31.40.0-255,66,112262,79,158707
22249,0.001708,172.217.194.0-255,1484,113746,79,158707
22250,0.001713,172.217.194.0-255,2902,116648,79,158707
22251,0.001716,172.31.40.0-255,66,116714,79,158707
22252,0.001719,172.217.194.0-255,1484,118198,79,158707
22253,0.001741,172.217.194.0-255,4320,122518,79,158707
22254,0.001743,172.31.40.0-255,66,122584,79,158707
22255,0.001747,172.217.194.0-255,1484,124068,79,158707
22256,0.001769,172.31.40.0-255,66,124134,79,158707
22257,0.001796,172.217.194.0-255,4320,128454,79,158707
22258,0.001799,172.31.40.0-255,66,128520,79,158707
22259,0.001853,172.31.40.0-255,66,128586,79,158707
22260,0.001877,172.31.40.0-255,66,128652,79,158707
22261,0.001881,172.217.194.0-255,2184,130836,79,158707
22262,0.001883,172.31.40.0-255,66,130902,79,158707
22263,0.001886,172.217.194.0-255,1484,132386,79,158707
22264,0.00189,172.217.194.0-255,2902,135288,79,158707
22265,0.001892,172.31.40.0-255,66,135354,79,158707
22266,0.001897,172.217.194.0-255,2902,138256,79,158707
22267,0.001899,172.31.40.0-255,66,138322,79,158707
22268,0.001921,172.217.194.0-255,2902,141224,79,158707
22269,0.001924,172.31.40.0-255,66,141290,79,158707
22270,0.001937,172.31.40.0-255,66,141356,79,158707
22271,0.001977,172.217.194.0-255,7156,148512,79,158707
22272,0.001979,172.31.40.0-255,66,148578,79,158707
22273,0.002008,172.217.194.0-255,2902,151480,79,158707
22274,0.002011,172.31.40.0-255,66,151546,79,158707
22275,0.002024,172.31.40.0-255,66,151612,79,158707
22276,0.002036,172.31.40.0-255,66,151678,79,158707
22277,0.002082,172.31.40.0-255,66,151744,79,158707
22278,0.002101,172.31.40.0-255,66,151810,79,158707
22279,0.002112,172.31.40.0-255,66,151876,79,158707
22280,0.002146,172.217.194.0-255,2902,154778,79,158707
22281,0.002149,172.31.40.0-255,66,154844,79,158707
22282,0.002176,172.31.40.0-255,66,154910,79,158707
22283,0.002198,172.31.40.0-255,66,154976,79,158707
22284,0.002212,172.31.40.0-255,66,155042,79,158707
22285,0.002235,172.217.194.0-255,3257,158299,79,158707
22286,0.002238,172.31.40.0-255,66,158365,79,158707
22287,0.002241,172.217.194.0-255,105,158470,79,158707
22288,0.010967,172.31.40.0-255,66,158536,79,158707
22289,0.011008,172.31.40.0-255,105,158641,79,158707
22290,0.013257,172.217.194.0-255,66,158707,79,158707
22291,0.0,172.217.194.0-255,148,148,79,158332
22292,2.3e-05,172.31.40.0-255,66,214,79,158332
22293,3e-05,172.217.194.0-255,1484,1698,79,158332
22294,3.5e-05,172.31.40.0-255,66,1764,79,158332
22295,4e-05,172.217.194.0-255,2902,4666,79,158332
22296,4.2e-05,172.31.40.0-255,66,4732,79,158332
22297,4.9e-05,172.217.194.0-255,5738,10470,79,158332
22298,5.1e-05,172.31.40.0-255,66,10536,79,158332
22299,7.5e-05,172.217.194.0-255,1484,12020,79,158332
22300,7.8e-05,172.31.40.0-255,66,12086,79,158332
22301,8.2e-05,172.217.194.0-255,2067,14153,79,158332
22302,8.4e-05,172.31.40.0-255,66,14219,79,158332
22303,0.000124,172.217.194.0-255,5738,19957,79,158332
22304,0.000127,172.31.40.0-255,66,20023,79,158332
22305,0.000146,172.217.194.0-255,5738,25761,79,158332
22306,0.000148,172.31.40.0-255,66,25827,79,158332
22307,0.000154,172.217.194.0-255,4320,30147,79,158332
22308,0.000157,172.31.40.0-255,66,30213,79,158332
22309,0.00016,172.217.194.0-255,1125,31338,79,158332
22310,0.000162,172.31.40.0-255,66,31404,79,158332
22311,0.000243,172.217.194.0-255,1484,32888,79,158332
22312,0.000246,172.31.40.0-255,66,32954,79,158332
22313,0.000267,172.217.194.0-255,2902,35856,79,158332
22314,0.00027,172.31.40.0-255,66,35922,79,158332
22315,0.000274,172.217.194.0-255,2902,38824,79,158332
22316,0.000276,172.31.40.0-255,66,38890,79,158332
22317,0.000282,172.217.194.0-255,4320,43210,79,158332
22318,0.000284,172.31.40.0-255,66,43276,79,158332
22319,0.000308,172.217.194.0-255,4320,47596,79,158332
22320,0.00031,172.31.40.0-255,66,47662,79,158332
22321,0.000331,172.217.194.0-255,4320,51982,79,158332
22322,0.000333,172.31.40.0-255,66,52048,79,158332
22323,0.00034,172.217.194.0-255,7156,59204,79,158332
22324,0.000343,172.31.40.0-255,66,59270,79,158332
22325,0.000382,172.217.194.0-255,6438,65708,79,158332
22326,0.000384,172.31.40.0-255,66,65774,79,158332
22327,0.000407,172.217.194.0-255,394,66168,79,158332
22328,0.000486,172.217.194.0-255,1484,67652,79,158332
22329,0.000489,172.31.40.0-255,66,67718,79,158332
22330,0.000493,172.217.194.0-255,1484,69202,79,158332
22331,0.000506,172.217.194.0-255,1484,70686,79,158332
22332,0.000508,172.31.40.0-255,66,70752,79,158332
22333,0.000516,172.217.194.0-255,5738,76490,79,158332
22334,0.000518,172.31.40.0-255,66,76556,79,158332
22335,0.000523,172.217.194.0-255,2902,79458,79,158332
22336,0.000525,172.31.40.0-255,66,79524,79,158332
22337,0.000548,172.217.194.0-255,4320,83844,79,158332
22338,0.000551,172.31.40.0-255,66,83910,79,158332
22339,0.000556,172.217.194.0-255,4320,88230,79,158332
22340,0.000558,172.31.40.0-255,66,88296,79,158332
22341,0.000579,172.31.40.0-255,66,88362,79,158332
22342,0.000583,172.217.194.0-255,2184,90546,79,158332
22343,0.000587,172.31.40.0-255,66,90612,79,158332
22344,0.000612,172.217.194.0-255,380,90992,79,158332
22345,0.00127,172.217.194.0-255,1484,92476,79,158332
22346,0.001276,172.31.40.0-255,66,92542,79,158332
22347,0.001282,172.217.194.0-255,2902,95444,79,158332
22348,0.001284,172.31.40.0-255,66,95510,79,158332
22349,0.00129,172.217.194.0-255,5738,101248,79,158332
22350,0.001292,172.31.40.0-255,66,101314,79,158332
22351,0.001323,172.31.40.0-255,66,101380,79,158332
22352,0.001352,172.217.194.0-255,1484,102864,79,158332
22353,0.001366,172.31.40.0-255,66,102930,79,158332
22354,0.00171,172.217.194.0-255,1484,104414,79,158332
22355,0.001734,172.217.194.0-255,2902,107316,79,158332
22356,0.001738,172.31.40.0-255,66,107382,79,158332
22357,0.001744,172.217.194.0-255,4320,111702,79,158332
22358,0.001747,172.31.40.0-255,66,111768,79,158332
22359,0.001808,172.31.40.0-255,66,111834,79,158332
22360,0.001825,172.31.40.0-255,66,111900,79,158332
22361,0.003813,172.217.194.0-255,5738,117638,79,158332
22362,0.003821,172.31.40.0-255,66,117704,79,158332
22363,0.005842,172.217.194.0-255,5738,123442,79,158332
22364,0.005848,172.31.40.0-255,66,123508,79,158332
22365,0.007864,172.217.194.0-255,5738,129246,79,158332
22366,0.007874,172.31.40.0-255,66,129312,79,158332
22367,0.009952,172.217.194.0-255,5738,135050,79,158332
22368,0.009966,172.31.40.0-255,66,135116,79,158332
22369,0.011995,172.217.194.0-255,5738,140854,79,158332
22370,0.012005,172.31.40.0-255,66,140920,79,158332
22371,0.014076,172.217.194.0-255,5738,146658,79,158332
22372,0.014085,172.31.40.0-255,66,146724,79,158332
22373,0.016094,172.217.194.0-255,5738,152462,79,158332
22374,0.016104,172.31.40.0-255,66,152528,79,158332
22375,0.018185,172.217.194.0-255,5738,158266,79,158332
22376,0.0182,172.31.40.0-255,66,158332,79,158332
22377,0.0,172.217.194.0-255,149,149,79,212291
22378,2.2e-05,172.31.40.0-255,66,215,79,212291
22379,2.9e-05,172.217.194.0-255,1484,1699,79,212291
22380,3.3e-05,172.31.40.0-255,66,1765,79,212291
22381,3.8e-05,172.217.194.0-255,2902,4667,79,212291
22382,4e-05,172.31.40.0-255,66,4733,79,212291
22383,6.2e-05,172.217.194.0-255,5738,10471,79,212291
22384,6.4e-05,172.31.40.0-255,66,10537,79,212291
22385,9.3e-05,172.217.194.0-255,3448,13985,79,212291
22386,9.6e-05,172.31.40.0-255,66,14051,79,212291
22387,0.000102,172.217.194.0-255,4320,18371,79,212291
22388,0.000104,172.31.40.0-255,66,18437,79,212291
22389,0.000143,172.217.194.0-255,7156,25593,79,212291
22390,0.000145,172.31.40.0-255,66,25659,79,212291
22391,0.000166,172.217.194.0-255,2902,28561,79,212291
22392,0.000168,172.31.40.0-255,66,28627,79,212291
22393,0.000172,172.217.194.0-255,2543,31170,79,212291
22394,0.000174,172.31.40.0-255,66,31236,79,212291
22395,0.000344,172.217.194.0-255,1484,32720,79,212291
22396,0.000348,172.31.40.0-255,66,32786,79,212291
22397,0.000352,172.217.194.0-255,1484,34270,79,212291
22398,0.000354,172.31.40.0-255,66,34336,79,212291
22399,0.000368,172.217.194.0-255,1484,35820,79,212291
22400,0.000369,172.31.40.0-255,66,35886,79,212291
22401,0.000375,172.217.194.0-255,4320,40206,79,212291
22402,0.000377,172.31.40.0-255,66,40272,79,212291
22403,0.000397,172.217.194.0-255,1484,41756,79,212291
22404,0.000399,172.31.40.0-255,66,41822,79,212291
22405,0.000404,172.217.194.0-255,4320,46142,79,212291
22406,0.000406,172.31.40.0-255,66,46208,79,212291
22407,0.000426,172.217.194.0-255,5379,51587,79,212291
22408,0.000428,172.31.40.0-255,66,51653,79,212291
22409,0.00044,172.31.40.0-255,66,51719,79,212291
22410,0.000467,172.217.194.0-255,3961,55680,79,212291
22411,0.000469,172.31.40.0-255,66,55746,79,212291
22412,0.000471,172.217.194.0-255,341,56087,79,212291
22413,0.000707,172.217.194.0-255,117,56204,79,212291
22414,0.000786,172.217.194.0-255,1484,57688,79,212291
22415,0.00079,172.31.40.0-255,66,57754,79,212291
22416,0.000795,172.217.194.0-255,2902,60656,79,212291
22417,0.000796,172.31.40.0-255,66,60722,79,212291
22418,0.000801,172.217.194.0-255,4320,65042,79,212291
22419,0.000803,172.31.40.0-255,66,65108,79,212291
22420,0.000849,172.217.194.0-255,1484,66592,79,212291
22421,0.000873,172.217.194.0-255,6797,73389,79,212291
22422,0.000876,172.31.40.0-255,66,73455,79,212291
22423,0.000901,172.217.194.0-255,7156,80611,79,212291
22424,0.000903,172.31.40.0-255,66,80677,79,212291
22425,0.000919,172.217.194.0-255,1484,82161,79,212291
22426,0.000929,172.31.40.0-255,66,82227,79,212291
22427,0.001518,172.217.194.0-255,1484,83711,79,212291
22428,0.001525,172.217.194.0-255,1484,85195,79,212291
22429,0.00153,172.31.40.0-255,66,85261,79,212291
22430,0.001552,172.217.194.0-255,1484,86745,79,212291
22431,0.00156,172.217.194.0-255,5738,92483,79,212291
22432,0.001562,172.31.40.0-255,66,92549,79,212291
22433,0.00157,172.217.194.0-255,7156,99705,79,212291
22434,0.001572,172.31.40.0-255,66,99771,79,212291
22435,0.001619,172.31.40.0-255,66,99837,79,212291
22436,0.001624,172.217.194.0-255,2184,102021,79,212291
22437,0.001626,172.31.40.0-255,66,102087,79,212291
22438,0.001821,172.217.194.0-255,1484,103571,79,212291
22439,0.001828,172.217.194.0-255,2902,106473,79,212291
22440,0.001831,172.31.40.0-255,66,106539,79,212291
22441,0.001856,172.217.194.0-255,5738,112277,79,212291
22442,0.001858,172.31.40.0-255,66,112343,79,212291
22443,0.00187,172.31.40.0-255,66,112409,79,212291
22444,0.001886,172.217.194.0-255,4320,116729,79,212291
22445,0.001889,172.31.40.0-255,66,116795,79,212291
22446,0.001908,172.217.194.0-255,1484,118279,79,212291
22447,0.001929,172.217.194.0-255,4320,122599,79,212291
22448,0.001932,172.31.40.0-255,66,122665,79,212291
22449,0.00197,172.31.40.0-255,66,122731,79,212291
22450,0.001985,172.31.40.0-255,66,122797,79,212291
22451,0.001997,172.31.40.0-255,66,122863,79,212291
22452,0.002022,172.31.40.0-255,66,122929,79,212291
22453,0.002041,172.31.40.0-255,66,122995,79,212291
22454,0.002052,172.31.40.0-255,66,123061,79,212291
22455,0.0021,172.31.40.0-255,66,123127,79,212291
22456,0.002146,172.31.40.0-255,66,123193,79,212291
22457,0.00215,172.217.194.0-255,1081,124274,79,212291
22458,0.002183,172.217.194.0-255,1484,125758,79,212291
22459,0.002185,172.31.40.0-255,66,125824,79,212291
22460,0.00219,172.217.194.0-255,2902,128726,79,212291
22461,0.002193,172.31.40.0-255,66,128792,79,212291
22462,0.002199,172.217.194.0-255,5738,134530,79,212291
22463,0.002202,172.31.40.0-255,66,134596,79,212291
22464,0.002264,172.217.194.0-255,4320,138916,79,212291
22465,0.002267,172.31.40.0-255,66,138982,79,212291
22466,0.002279,172.31.40.0-255,66,139048,79,212291
22467,0.002294,172.31.40.0-255,66,139114,79,212291
22468,0.002309,172.31.40.0-255,66,139180,79,212291
22469,0.002317,172.217.194.0-255,7156,146336,79,212291
22470,0.00232,172.31.40.0-255,66,146402,79,212291
22471,0.002346,172.217.194.0-255,6438,152840,79,212291
22472,0.002349,172.31.40.0-255,66,152906,79,212291
22473,0.002356,172.217.194.0-255,7156,160062,79,212291
22474,0.002359,172.31.40.0-255,66,160128,79,212291
22475,0.002374,172.217.194.0-255,1484,161612,79,212291
22476,0.002387,172.31.40.0-255,66,161678,79,212291
22477,0.002405,172.217.194.0-255,4320,165998,79,212291
22478,0.00247,172.217.194.0-255,7156,173154,79,212291
22479,0.002489,172.217.194.0-255,5738,178892,79,212291
22480,0.002521,172.217.194.0-255,5738,184630,79,212291
22481,0.002529,172.217.194.0-255,6438,191068,79,212291
22482,0.005956,172.31.40.0-255,66,191134,79,212291
22483,0.008475,172.217.194.0-255,5738,196872,79,212291
22484,0.008482,172.31.40.0-255,66,196938,79,212291
22485,0.011042,172.217.194.0-255,5738,202676,79,212291
22486,0.011048,172.31.40.0-255,66,202742,79,212291
22487,0.013596,172.217.194.0-255,5738,208480,79,212291
22488,0.013604,172.31.40.0-255,66,208546,79,212291
22489,0.016169,172.217.194.0-255,3508,212054,79,212291
22490,0.016181,172.31.40.0-255,66,212120,79,212291
22491,0.016599,172.31.40.0-255,105,212225,79,212291
22492,0.019148,172.217.194.0-255,66,212291,79,212291
22493,0.0,74.125.130.0-255,150,150,79,150528
22494,1.7e-05,172.31.40.0-255,66,216,79,150528
22495,2.4e-05,74.125.130.0-255,1484,1700,79,150528
22496,2.8e-05,172.31.40.0-255,66,1766,79,150528
22497,4.7e-05,74.125.130.0-255,2902,4668,79,150528
22498,5.1e-05,172.31.40.0-255,66,4734,79,150528
22499,6.7e-05,74.125.130.0-255,4320,9054,79,150528
22500,7e-05,172.31.40.0-255,66,9120,79,150528
22501,7.6e-05,74.125.130.0-255,4320,13440,79,150528
22502,7.9e-05,172.31.40.0-255,66,13506,79,150528
22503,0.000103,74.125.130.0-255,581,14087,79,150528
22504,0.000105,172.31.40.0-255,66,14153,79,150528
22505,0.000108,74.125.130.0-255,1484,15637,79,150528
22506,0.000111,172.31.40.0-255,66,15703,79,150528
22507,0.000114,74.125.130.0-255,1484,17187,79,150528
22508,0.000116,172.31.40.0-255,66,17253,79,150528
22509,0.00014,74.125.130.0-255,1484,18737,79,150528
22510,0.000142,172.31.40.0-255,66,18803,79,150528
22511,0.000155,74.125.130.0-255,1484,20287,79,150528
22512,0.000157,172.31.40.0-255,66,20353,79,150528
22513,0.000178,74.125.130.0-255,4320,24673,79,150528
22514,0.000181,172.31.40.0-255,66,24739,79,150528
22515,0.000188,74.125.130.0-255,7156,31895,79,150528
22516,0.000191,172.31.40.0-255,66,31961,79,150528
22517,0.00021,74.125.130.0-255,5738,37699,79,150528
22518,0.000212,172.31.40.0-255,66,37765,79,150528
22519,0.000233,74.125.130.0-255,2902,40667,79,150528
22520,0.000236,172.31.40.0-255,66,40733,79,150528
22521,0.000256,74.125.130.0-255,4320,45053,79,150528
22522,0.000259,172.31.40.0-255,66,45119,79,150528
22523,0.000276,74.125.130.0-255,3602,48721,79,150528
22524,0.000278,172.31.40.0-255,66,48787,79,150528
22525,0.000582,74.125.130.0-255,1484,50271,79,150528
22526,0.0006,74.125.130.0-255,2902,53173,79,150528
22527,0.000607,172.31.40.0-255,66,53239,79,150528
22528,0.000626,74.125.130.0-255,2902,56141,79,150528
22529,0.000629,172.31.40.0-255,66,56207,79,150528
22530,0.000653,74.125.130.0-255,1484,57691,79,150528
22531,0.00066,74.125.130.0-255,4320,62011,79,150528
22532,0.000663,172.31.40.0-255,66,62077,79,150528
22533,0.000682,74.125.130.0-255,1484,63561,79,150528
22534,0.000707,74.125.130.0-255,3131,66692,79,150528
22535,0.00071,172.31.40.0-255,66,66758,79,150528
22536,0.000855,74.125.130.0-255,1484,68242,79,150528
22537,0.000879,74.125.130.0-255,2902,71144,79,150528
22538,0.000882,172.31.40.0-255,66,71210,79,150528
22539,0.000907,74.125.130.0-255,5738,76948,79,150528
22540,0.00091,172.31.40.0-255,66,77014,79,150528
22541,0.000913,74.125.130.0-255,1484,78498,79,150528
22542,0.000931,74.125.130.0-255,2902,81400,79,150528
22543,0.000933,172.31.40.0-255,66,81466,79,150528
22544,0.000964,74.125.130.0-255,5738,87204,79,150528
22545,0.000967,172.31.40.0-255,66,87270,79,150528
22546,0.000973,74.125.130.0-255,5738,93008,79,150528
22547,0.000975,172.31.40.0-255,66,93074,79,150528
22548,0.000996,74.125.130.0-255,7156,100230,79,150528
22549,0.001,172.31.40.0-255,66,100296,79,150528
22550,0.001002,74.125.130.0-255,766,101062,79,150528
22551,0.003017,74.125.130.0-255,4320,105382,79,150528
22552,0.003025,172.31.40.0-255,66,105448,79,150528
22553,0.005071,74.125.130.0-255,4320,109768,79,150528
22554,0.005076,172.31.40.0-255,66,109834,79,150528
22555,0.005093,74.125.130.0-255,1484,111318,79,150528
22556,0.007103,74.125.130.0-255,4320,115638,79,150528
22557,0.007108,172.31.40.0-255,66,115704,79,150528
22558,0.009134,74.125.130.0-255,5738,121442,79,150528
22559,0.009143,172.31.40.0-255,66,121508,79,150528
22560,0.011169,74.125.130.0-255,5738,127246,79,150528
22561,0.011179,172.31.40.0-255,66,127312,79,150528
22562,0.013222,74.125.130.0-255,5738,133050,79,150528
22563,0.013231,172.31.40.0-255,66,133116,79,150528
22564,0.01526,74.125.130.0-255,5738,138854,79,150528
22565,0.01527,172.31.40.0-255,66,138920,79,150528
22566,0.017288,74.125.130.0-255,5738,144658,79,150528
22567,0.017294,172.31.40.0-255,66,144724,79,150528
22568,0.019334,74.125.130.0-255,5738,150462,79,150528
22569,0.019342,172.31.40.0-255,66,150528,79,150528
22570,0.0,172.217.194.0-255,156,156,79,199796
22571,2.2e-05,172.31.40.0-255,66,222,79,199796
22572,3e-05,172.217.194.0-255,1484,1706,79,199796
22573,3.4e-05,172.31.40.0-255,66,1772,79,199796
22574,3.9e-05,172.217.194.0-255,2902,4674,79,199796
22575,4.2e-05,172.31.40.0-255,66,4740,79,199796
22576,5e-05,172.217.194.0-255,7156,11896,79,199796
22577,5.3e-05,172.31.40.0-255,66,11962,79,199796
22578,5.7e-05,172.217.194.0-255,2028,13990,79,199796
22579,5.9e-05,172.31.40.0-255,66,14056,79,199796
22580,0.000148,172.217.194.0-255,1484,15540,79,199796
22581,0.000151,172.31.40.0-255,66,15606,79,199796
22582,0.000156,172.217.194.0-255,2902,18508,79,199796
22583,0.000159,172.31.40.0-255,66,18574,79,199796
22584,0.000172,172.217.194.0-255,2902,21476,79,199796
22585,0.000175,172.31.40.0-255,66,21542,79,199796
22586,0.000189,172.217.194.0-255,2902,24444,79,199796
22587,0.000191,172.31.40.0-255,66,24510,79,199796
22588,0.000221,172.217.194.0-255,6797,31307,79,199796
22589,0.000224,172.31.40.0-255,66,31373,79,199796
22590,0.000365,172.217.194.0-255,1484,32857,79,199796
22591,0.000369,172.31.40.0-255,66,32923,79,199796
22592,0.000374,172.217.194.0-255,2902,35825,79,199796
22593,0.000377,172.31.40.0-255,66,35891,79,199796
22594,0.000383,172.217.194.0-255,5738,41629,79,199796
22595,0.000385,172.31.40.0-255,66,41695,79,199796
22596,0.000413,172.217.194.0-255,6797,48492,79,199796
22597,0.000416,172.31.40.0-255,66,48558,79,199796
22598,0.000557,172.217.194.0-255,1484,50042,79,199796
22599,0.000563,172.31.40.0-255,66,50108,79,199796
22600,0.000571,172.217.194.0-255,2902,53010,79,199796
22601,0.000573,172.31.40.0-255,66,53076,79,199796
22602,0.000595,172.217.194.0-255,5738,58814,79,199796
22603,0.000598,172.31.40.0-255,66,58880,79,199796
22604,0.000601,172.217.194.0-255,1484,60364,79,199796
22605,0.000619,172.217.194.0-255,5959,66323,79,199796
22606,0.000622,172.31.40.0-255,66,66389,79,199796
22607,0.001179,172.217.194.0-255,1484,67873,79,199796
22608,0.001188,172.217.194.0-255,2902,70775,79,199796
22609,0.001193,172.31.40.0-255,66,70841,79,199796
22610,0.001201,172.217.194.0-255,5738,76579,79,199796
22611,0.001203,172.31.40.0-255,66,76645,79,199796
22612,0.001244,172.217.194.0-255,2902,79547,79,199796
22613,0.001247,172.31.40.0-255,66,79613,79,199796
22614,0.001264,172.217.194.0-255,3961,83574,79,199796
22615,0.001266,172.31.40.0-255,66,83640,79,199796
22616,0.001312,172.217.194.0-255,1484,85124,79,199796
22617,0.001316,172.217.194.0-255,1484,86608,79,199796
22618,0.001319,172.31.40.0-255,66,86674,79,199796
22619,0.001337,172.217.194.0-255,1484,88158,79,199796
22620,0.001344,172.217.194.0-255,5738,93896,79,199796
22621,0.001346,172.31.40.0-255,66,93962,79,199796
22622,0.001366,172.217.194.0-255,1484,95446,79,199796
22623,0.001378,172.217.194.0-255,2902,98348,79,199796
22624,0.00138,172.31.40.0-255,66,98414,79,199796
22625,0.001401,172.217.194.0-255,2543,100957,79,199796
22626,0.001403,172.31.40.0-255,66,101023,79,199796
22627,0.001488,172.217.194.0-255,1484,102507,79,199796
22628,0.001492,172.217.194.0-255,1484,103991,79,199796
22629,0.001494,172.31.40.0-255,66,104057,79,199796
22630,0.00151,172.217.194.0-255,1484,105541,79,199796
22631,0.001517,172.217.194.0-255,5738,111279,79,199796
22632,0.001519,172.31.40.0-255,66,111345,79,199796
22633,0.001533,172.217.194.0-255,2902,114247,79,199796
22634,0.001535,172.31.40.0-255,66,114313,79,199796
22635,0.001549,172.217.194.0-255,3297,117610,79,199796
22636,0.001551,172.31.40.0-255,66,117676,79,199796
22637,0.001714,172.217.194.0-255,1484,119160,79,199796
22638,0.001721,172.217.194.0-255,2902,122062,79,199796
22639,0.001724,172.31.40.0-255,66,122128,79,199796
22640,0.001742,172.217.194.0-255,4320,126448,79,199796
22641,0.001744,172.31.40.0-255,66,126514,79,199796
22642,0.001763,172.217.194.0-255,1484,127998,79,199796
22643,0.001777,172.217.194.0-255,2902,130900,79,199796
22644,0.001779,172.31.40.0-255,66,130966,79,199796
22645,0.001799,172.217.194.0-255,4656,135622,79,199796
22646,0.001801,172.31.40.0-255,66,135688,79,199796
22647,0.002096,172.217.194.0-255,1484,137172,79,199796
22648,0.002103,172.217.194.0-255,2902,140074,79,199796
22649,0.002106,172.31.40.0-255,66,140140,79,199796
22650,0.00211,172.217.194.0-255,1484,141624,79,199796
22651,0.002136,172.217.194.0-255,4320,145944,79,199796
22652,0.002138,172.31.40.0-255,66,146010,79,199796
22653,0.002143,172.217.194.0-255,4320,150330,79,199796
22654,0.002144,172.31.40.0-255,66,150396,79,199796
22655,0.002165,172.217.194.0-255,7156,157552,79,199796
22656,0.002167,172.31.40.0-255,66,157618,79,199796
22657,0.002183,172.217.194.0-255,1484,159102,79,199796
22658,0.002218,172.31.40.0-255,66,159168,79,199796
22659,0.004465,172.217.194.0-255,5738,164906,79,199796
22660,0.004469,172.31.40.0-255,66,164972,79,199796
22661,0.006739,172.217.194.0-255,5738,170710,79,199796
22662,0.006746,172.31.40.0-255,66,170776,79,199796
22663,0.008998,172.217.194.0-255,5738,176514,79,199796
22664,0.009005,172.31.40.0-255,66,176580,79,199796
22665,0.011265,172.217.194.0-255,5738,182318,79,199796
22666,0.011272,172.31.40.0-255,66,182384,79,199796
22667,0.013533,172.217.194.0-255,5738,188122,79,199796
22668,0.01354,172.31.40.0-255,66,188188,79,199796
22669,0.015808,172.217.194.0-255,5738,193926,79,199796
22670,0.015816,172.31.40.0-255,66,193992,79,199796
22671,0.018069,172.217.194.0-255,5738,199730,79,199796
22672,0.018076,172.31.40.0-255,66,199796,79,199796
22673,0.0,74.125.24.0-255,146,146,79,199131
22674,3e-05,172.31.40.0-255,66,212,79,199131
22675,3.7e-05,74.125.24.0-255,1484,1696,79,199131
22676,4.2e-05,172.31.40.0-255,66,1762,79,199131
22677,4.8e-05,74.125.24.0-255,2902,4664,79,199131
22678,5.2e-05,172.31.40.0-255,66,4730,79,199131
22679,5.8e-05,74.125.24.0-255,4320,9050,79,199131
22680,6.1e-05,172.31.40.0-255,66,9116,79,199131
22681,7.4e-05,172.31.40.0-255,66,9182,79,199131
22682,8.7e-05,172.31.40.0-255,66,9248,79,199131
22683,0.000112,74.125.24.0-255,4320,13568,79,199131
22684,0.000115,172.31.40.0-255,66,13634,79,199131
22685,0.000134,74.125.24.0-255,4320,17954,79,199131
22686,0.000137,172.31.40.0-255,66,18020,79,199131
22687,0.000164,74.125.24.0-255,4320,22340,79,199131
22688,0.000166,172.31.40.0-255,66,22406,79,199131
22689,0.000187,74.125.24.0-255,3961,26367,79,199131
22690,0.00019,172.31.40.0-255,66,26433,79,199131
22691,0.000366,74.125.24.0-255,1484,27917,79,199131
22692,0.00037,172.31.40.0-255,66,27983,79,199131
22693,0.000389,74.125.24.0-255,1484,29467,79,199131
22694,0.000392,172.31.40.0-255,66,29533,79,199131
22695,0.000403,74.125.24.0-255,1484,31017,79,199131
22696,0.000405,172.31.40.0-255,66,31083,79,199131
22697,0.000419,74.125.24.0-255,1484,32567,79,199131
22698,0.000421,172.31.40.0-255,66,32633,79,199131
22699,0.000441,74.125.24.0-255,5738,38371,79,199131
22700,0.000444,172.31.40.0-255,66,38437,79,199131
22701,0.000496,74.125.24.0-255,6797,45234,79,199131
22702,0.0005,172.31.40.0-255,66,45300,79,199131
22703,0.000503,74.125.24.0-255,1484,46784,79,199131
22704,0.000535,172.31.40.0-255,66,46850,79,199131
22705,0.000577,172.31.40.0-255,66,46916,79,199131
22706,0.000589,172.31.40.0-255,66,46982,79,199131
22707,0.000623,74.125.24.0-255,2543,49525,79,199131
22708,0.000626,172.31.40.0-255,66,49591,79,199131
22709,0.000711,74.125.24.0-255,1484,51075,79,199131
22710,0.000715,74.125.24.0-255,1484,52559,79,199131
22711,0.000718,172.31.40.0-255,66,52625,79,199131
22712,0.000736,74.125.24.0-255,1484,54109,79,199131
22713,0.000743,74.125.24.0-255,5738,59847,79,199131
22714,0.000748,172.31.40.0-255,66,59913,79,199131
22715,0.00077,74.125.24.0-255,7156,67069,79,199131
22716,0.000772,172.31.40.0-255,66,67135,79,199131
22717,0.000776,74.125.24.0-255,1484,68619,79,199131
22718,0.000796,172.31.40.0-255,66,68685,79,199131
22719,0.000818,74.125.24.0-255,4320,73005,79,199131
22720,0.00082,172.31.40.0-255,66,73071,79,199131
22721,0.000824,74.125.24.0-255,1636,74707,79,199131
22722,0.000826,172.31.40.0-255,66,74773,79,199131
22723,0.000853,74.125.24.0-255,2902,77675,79,199131
22724,0.000856,172.31.40.0-255,66,77741,79,199131
22725,0.000864,74.125.24.0-255,7156,84897,79,199131
22726,0.000866,172.31.40.0-255,66,84963,79,199131
22727,0.00089,172.31.40.0-255,66,85029,79,199131
22728,0.00092,74.125.24.0-255,7156,92185,79,199131
22729,0.000923,172.31.40.0-255,66,92251,79,199131
22730,0.000955,74.125.24.0-255,5020,97271,79,199131
22731,0.000958,172.31.40.0-255,66,97337,79,199131
22732,0.001222,74.125.24.0-255,1484,98821,79,199131
22733,0.001229,74.125.24.0-255,2902,101723,79,199131
22734,0.001232,172.31.40.0-255,66,101789,79,199131
22735,0.001259,74.125.24.0-255,5738,107527,79,199131
22736,0.001262,172.31.40.0-255,66,107593,79,199131
22737,0.001265,74.125.24.0-255,1484,109077,79,199131
22738,0.001287,74.125.24.0-255,4320,113397,79,199131
22739,0.00129,172.31.40.0-255,66,113463,79,199131
22740,0.001294,74.125.24.0-255,2902,116365,79,199131
22741,0.001296,172.31.40.0-255,66,116431,79,199131
22742,0.001327,172.31.40.0-255,66,116497,79,199131
22743,0.001333,74.125.24.0-255,5020,121517,79,199131
22744,0.001335,172.31.40.0-255,66,121583,79,199131
22745,0.001379,74.125.24.0-255,1484,123067,79,199131
22746,0.001394,74.125.24.0-255,2902,125969,79,199131
22747,0.001397,172.31.40.0-255,66,126035,79,199131
22748,0.001421,74.125.24.0-255,5738,131773,79,199131
22749,0.001425,172.31.40.0-255,66,131839,79,199131
22750,0.00143,74.125.24.0-255,2902,134741,79,199131
22751,0.001432,172.31.40.0-255,66,134807,79,199131
22752,0.001447,74.125.24.0-255,1484,136291,79,199131
22753,0.00146,172.31.40.0-255,66,136357,79,199131
22754,0.001479,74.125.24.0-255,1484,137841,79,199131
22755,0.001505,172.31.40.0-255,66,137907,79,199131
22756,0.001531,74.125.24.0-255,1484,139391,79,199131
22757,0.001535,74.125.24.0-255,2902,142293,79,199131
22758,0.001541,172.31.40.0-255,66,142359,79,199131
22759,0.001548,74.125.24.0-255,1484,143843,79,199131
22760,0.001564,74.125.24.0-255,4320,148163,79,199131
22761,0.001567,172.31.40.0-255,66,148229,79,199131
22762,0.001603,172.31.40.0-255,66,148295,79,199131
22763,0.001624,74.125.24.0-255,4320,152615,79,199131
22764,0.001627,172.31.40.0-255,66,152681,79,199131
22765,0.001662,172.31.40.0-255,66,152747,79,199131
22766,0.00176,74.125.24.0-255,1484,154231,79,199131
22767,0.001766,74.125.24.0-255,2902,157133,79,199131
22768,0.001769,172.31.40.0-255,66,157199,79,199131
22769,0.001776,74.125.24.0-255,5738,162937,79,199131
22770,0.001778,172.31.40.0-255,66,163003,79,199131
22771,0.001782,74.125.24.0-255,1484,164487,79,199131
22772,0.001818,172.31.40.0-255,66,164553,79,199131
22773,0.001835,74.125.24.0-255,2902,167455,79,199131
22774,0.001838,172.31.40.0-255,66,167521,79,199131
22775,0.001863,172.31.40.0-255,66,167587,79,199131
22776,0.002185,74.125.24.0-255,1484,169071,79,199131
22777,0.002193,74.125.24.0-255,2902,171973,79,199131
22778,0.002196,172.31.40.0-255,66,172039,79,199131
22779,0.0022,74.125.24.0-255,1484,173523,79,199131
22780,0.002222,74.125.24.0-255,4320,177843,79,199131
22781,0.002225,172.31.40.0-255,66,177909,79,199131
22782,0.002242,74.125.24.0-255,7156,185065,79,199131
22783,0.002244,172.31.40.0-255,66,185131,79,199131
22784,0.002262,74.125.24.0-255,5738,190869,79,199131
22785,0.002265,172.31.40.0-255,66,190935,79,199131
22786,0.002299,172.31.40.0-255,66,191001,79,199131
22787,0.00232,74.125.24.0-255,3602,194603,79,199131
22788,0.002323,172.31.40.0-255,66,194669,79,199131
22789,0.002335,172.31.40.0-255,66,194735,79,199131
22790,0.002368,172.31.40.0-255,66,194801,79,199131
22791,0.002404,172.31.40.0-255,66,194867,79,199131
22792,0.00242,172.31.40.0-255,66,194933,79,199131
22793,0.002431,172.31.40.0-255,66,194999,79,199131
22794,0.002469,172.31.40.0-255,66,195065,79,199131
22795,0.002476,74.125.24.0-255,3658,198723,79,199131
22796,0.002478,172.31.40.0-255,66,198789,79,199131
22797,0.002481,74.125.24.0-255,105,198894,79,199131
22798,0.009931,172.31.40.0-255,66,198960,79,199131
22799,0.009981,172.31.40.0-255,105,199065,79,199131
22800,0.012508,74.125.24.0-255,66,199131,79,199131
22801,0.0,74.125.130.0-255,150,150,79,264161
22802,2.3e-05,172.31.40.0-255,66,216,79,264161
22803,3.1e-05,74.125.130.0-255,1484,1700,79,264161
22804,3.5e-05,172.31.40.0-255,66,1766,79,264161
22805,3.9e-05,74.125.130.0-255,1484,3250,79,264161
22806,4.2e-05,172.31.40.0-255,66,3316,79,264161
22807,5.5e-05,74.125.130.0-255,2902,6218,79,264161
22808,6e-05,172.31.40.0-255,66,6284,79,264161
22809,6.7e-05,74.125.130.0-255,5738,12022,79,264161
22810,7e-05,172.31.40.0-255,66,12088,79,264161
22811,7.3e-05,74.125.130.0-255,1484,13572,79,264161
22812,7.6e-05,172.31.40.0-255,66,13638,79,264161
22813,0.0001,74.125.130.0-255,683,14321,79,264161
22814,0.000103,172.31.40.0-255,66,14387,79,264161
22815,0.000175,74.125.130.0-255,1484,15871,79,264161
22816,0.00018,172.31.40.0-255,66,15937,79,264161
22817,0.000184,74.125.130.0-255,2902,18839,79,264161
22818,0.000187,172.31.40.0-255,66,18905,79,264161
22819,0.00022,74.125.130.0-255,5738,24643,79,264161
22820,0.000223,172.31.40.0-255,66,24709,79,264161
22821,0.00023,74.125.130.0-255,6797,31506,79,264161
22822,0.000232,172.31.40.0-255,66,31572,79,264161
22823,0.000272,74.125.130.0-255,5738,37310,79,264161
22824,0.000275,172.31.40.0-255,66,37376,79,264161
22825,0.000297,74.125.130.0-255,1484,38860,79,264161
22826,0.0003,172.31.40.0-255,66,38926,79,264161
22827,0.000303,74.125.130.0-255,1484,40410,79,264161
22828,0.000305,172.31.40.0-255,66,40476,79,264161
22829,0.00031,74.125.130.0-255,2902,43378,79,264161
22830,0.000312,172.31.40.0-255,66,43444,79,264161
22831,0.000338,74.125.130.0-255,5379,48823,79,264161
22832,0.000341,172.31.40.0-255,66,48889,79,264161
22833,0.000401,74.125.130.0-255,1484,50373,79,264161
22834,0.000407,74.125.130.0-255,2902,53275,79,264161
22835,0.00041,172.31.40.0-255,66,53341,79,264161
22836,0.000437,74.125.130.0-255,5738,59079,79,264161
22837,0.00044,172.31.40.0-255,66,59145,79,264161
22838,0.000468,74.125.130.0-255,6797,65942,79,264161
22839,0.00047,172.31.40.0-255,66,66008,79,264161
22840,0.000505,74.125.130.0-255,647,66655,79,264161
22841,0.000682,74.125.130.0-255,1484,68139,79,264161
22842,0.000688,172.31.40.0-255,66,68205,79,264161
22843,0.000694,74.125.130.0-255,2902,71107,79,264161
22844,0.000696,172.31.40.0-255,66,71173,79,264161
22845,0.000725,74.125.130.0-255,5738,76911,79,264161
22846,0.000728,172.31.40.0-255,66,76977,79,264161
22847,0.000731,74.125.130.0-255,1484,78461,79,264161
22848,0.000758,74.125.130.0-255,5379,83840,79,264161
22849,0.000761,172.31.40.0-255,66,83906,79,264161
22850,0.000768,74.125.130.0-255,7156,91062,79,264161
22851,0.000771,172.31.40.0-255,66,91128,79,264161
22852,0.000791,74.125.130.0-255,5738,96866,79,264161
22853,0.000798,172.31.40.0-255,66,96932,79,264161
22854,0.000839,74.125.130.0-255,3961,100893,79,264161
22855,0.000842,172.31.40.0-255,66,100959,79,264161
22856,0.000948,74.125.130.0-255,1484,102443,79,264161
22857,0.000954,74.125.130.0-255,2902,105345,79,264161
22858,0.000958,172.31.40.0-255,66,105411,79,264161
22859,0.000991,74.125.130.0-255,5738,111149,79,264161
22860,0.000995,172.31.40.0-255,66,111215,79,264161
22861,0.001002,74.125.130.0-255,7156,118371,79,264161
22862,0.001004,172.31.40.0-255,66,118437,79,264161
22863,0.001048,172.31.40.0-255,66,118503,79,264161
22864,0.001072,74.125.130.0-255,5738,124241,79,264161
22865,0.001075,172.31.40.0-255,66,124307,79,264161
22866,0.001106,74.125.130.0-255,2184,126491,79,264161
22867,0.001109,172.31.40.0-255,66,126557,79,264161
22868,0.001137,74.125.130.0-255,2902,129459,79,264161
22869,0.00114,172.31.40.0-255,66,129525,79,264161
22870,0.001143,74.125.130.0-255,1484,131009,79,264161
22871,0.001168,74.125.130.0-255,2902,133911,79,264161
22872,0.001171,172.31.40.0-255,66,133977,79,264161
22873,0.001181,172.31.40.0-255,66,134043,79,264161
22874,0.001192,74.125.130.0-255,7156,141199,79,264161
22875,0.001195,172.31.40.0-255,66,141265,79,264161
22876,0.001258,172.31.40.0-255,66,141331,79,264161
22877,0.001263,74.125.130.0-255,2184,143515,79,264161
22878,0.001265,172.31.40.0-255,66,143581,79,264161
22879,0.001482,74.125.130.0-255,1484,145065,79,264161
22880,0.001488,74.125.130.0-255,2902,147967,79,264161
22881,0.001493,172.31.40.0-255,66,148033,79,264161
22882,0.001496,74.125.130.0-255,1484,149517,79,264161
22883,0.0015,74.125.130.0-255,1484,151001,79,264161
22884,0.001501,172.31.40.0-255,66,151067,79,264161
22885,0.001531,74.125.130.0-255,1484,152551,79,264161
22886,0.001538,74.125.130.0-255,5738,158289,79,264161
22887,0.00154,172.31.40.0-255,66,158355,79,264161
22888,0.001576,172.31.40.0-255,66,158421,79,264161
22889,0.001595,74.125.130.0-255,2902,161323,79,264161
22890,0.001597,172.31.40.0-255,66,161389,79,264161
22891,0.001906,74.125.130.0-255,1484,162873,79,264161
22892,0.001921,74.125.130.0-255,2902,165775,79,264161
22893,0.001928,74.125.130.0-255,4320,170095,79,264161
22894,0.001942,74.125.130.0-255,1484,171579,79,264161
22895,0.001959,74.125.130.0-255,4320,175899,79,264161
22896,0.001975,74.125.130.0-255,5738,181637,79,264161
22897,0.001991,74.125.130.0-255,7156,188793,79,264161
22898,0.002008,74.125.130.0-255,4320,193113,79,264161
22899,0.002012,74.125.130.0-255,2184,195297,79,264161
22900,0.002015,74.125.130.0-255,2902,198199,79,264161
22901,0.002038,74.125.130.0-255,7156,205355,79,264161
22902,0.002065,74.125.130.0-255,5738,211093,79,264161
22903,0.002081,74.125.130.0-255,5738,216831,79,264161
22904,0.002091,74.125.130.0-255,1484,218315,79,264161
22905,0.002094,74.125.130.0-255,1484,219799,79,264161
22906,0.002114,74.125.130.0-255,2902,222701,79,264161
22907,0.00212,74.125.130.0-255,5738,228439,79,264161
22908,0.002134,74.125.130.0-255,766,229205,79,264161
22909,0.002251,74.125.130.0-255,1484,230689,79,264161
22910,0.002268,74.125.130.0-255,2902,233591,79,264161
22911,0.002294,74.125.130.0-255,5738,239329,79,264161
22912,0.002297,74.125.130.0-255,1484,240813,79,264161
22913,0.009165,172.31.40.0-255,66,240879,79,264161
22914,0.011296,74.125.130.0-255,1484,242363,79,264161
22915,0.01145,74.125.130.0-255,4320,246683,79,264161
22916,0.011457,172.31.40.0-255,66,246749,79,264161
22917,0.013746,74.125.130.0-255,5738,252487,79,264161
22918,0.013755,172.31.40.0-255,66,252553,79,264161
22919,0.01605,74.125.130.0-255,5738,258291,79,264161
22920,0.016063,172.31.40.0-255,66,258357,79,264161
22921,0.018353,74.125.130.0-255,5738,264095,79,264161
22922,0.018366,172.31.40.0-255,66,264161,79,264161
22923,0.0,172.217.194.0-255,153,153,79,223942
22924,2.1e-05,172.31.40.0-255,66,219,79,223942
22925,2.7e-05,172.217.194.0-255,1484,1703,79,223942
22926,3.2e-05,172.31.40.0-255,66,1769,79,223942
22927,3.8e-05,172.217.194.0-255,2902,4671,79,223942
22928,4e-05,172.31.40.0-255,66,4737,79,223942
22929,4.7e-05,172.217.194.0-255,7156,11893,79,223942
22930,5e-05,172.31.40.0-255,66,11959,79,223942
22931,7e-05,172.217.194.0-255,7156,19115,79,223942
22932,7.3e-05,172.31.40.0-255,66,19181,79,223942
22933,8.9e-05,172.217.194.0-255,6253,25434,79,223942
22934,9.1e-05,172.31.40.0-255,66,25500,79,223942
22935,0.000113,172.217.194.0-255,2902,28402,79,223942
22936,0.000116,172.31.40.0-255,66,28468,79,223942
22937,0.000128,172.217.194.0-255,2543,31011,79,223942
22938,0.00013,172.31.40.0-255,66,31077,79,223942
22939,0.000172,172.217.194.0-255,1484,32561,79,223942
22940,0.000175,172.31.40.0-255,66,32627,79,223942
22941,0.000181,172.217.194.0-255,2902,35529,79,223942
22942,0.000183,172.31.40.0-255,66,35595,79,223942
22943,0.0002,172.217.194.0-255,1484,37079,79,223942
22944,0.000202,172.31.40.0-255,66,37145,79,223942
22945,0.000217,172.217.194.0-255,4320,41465,79,223942
22946,0.000219,172.31.40.0-255,66,41531,79,223942
22947,0.000226,172.217.194.0-255,5738,47269,79,223942
22948,0.000229,172.31.40.0-255,66,47335,79,223942
22949,0.000263,172.31.40.0-255,66,47401,79,223942
22950,0.000288,172.217.194.0-255,5379,52780,79,223942
22951,0.000291,172.31.40.0-255,66,52846,79,223942
22952,0.000296,172.217.194.0-255,4273,57119,79,223942
22953,0.000298,172.31.40.0-255,66,57185,79,223942
22954,0.000301,172.217.194.0-255,99,57284,79,223942
22955,0.000472,172.217.194.0-255,362,57646,79,223942
22956,0.000611,172.217.194.0-255,1484,59130,79,223942
22957,0.000614,172.31.40.0-255,66,59196,79,223942
22958,0.00062,172.217.194.0-255,2902,62098,79,223942
22959,0.000622,172.31.40.0-255,66,62164,79,223942
22960,0.000651,172.217.194.0-255,5738,67902,79,223942
22961,0.000654,172.31.40.0-255,66,67968,79,223942
22962,0.000674,172.217.194.0-255,2902,70870,79,223942
22963,0.000677,172.31.40.0-255,66,70936,79,223942
22964,0.000698,172.217.194.0-255,3961,74897,79,223942
22965,0.000701,172.31.40.0-255,66,74963,79,223942
22966,0.000738,172.217.194.0-255,7156,82119,79,223942
22967,0.000741,172.31.40.0-255,66,82185,79,223942
22968,0.000752,172.31.40.0-255,66,82251,79,223942
22969,0.000763,172.217.194.0-255,1125,83376,79,223942
22970,0.001386,172.217.194.0-255,1484,84860,79,223942
22971,0.001392,172.31.40.0-255,66,84926,79,223942
22972,0.001398,172.217.194.0-255,2902,87828,79,223942
22973,0.0014,172.31.40.0-255,66,87894,79,223942
22974,0.001408,172.217.194.0-255,5738,93632,79,223942
22975,0.001411,172.31.40.0-255,66,93698,79,223942
22976,0.001443,172.31.40.0-255,66,93764,79,223942
22977,0.001482,172.217.194.0-255,2902,96666,79,223942
22978,0.001484,172.31.40.0-255,66,96732,79,223942
22979,0.001509,172.217.194.0-255,1484,98216,79,223942
22980,0.001513,172.217.194.0-255,2902,101118,79,223942
22981,0.001518,172.217.194.0-255,5738,106856,79,223942
22982,0.001522,172.217.194.0-255,2902,109758,79,223942
22983,0.001526,172.31.40.0-255,66,109824,79,223942
22984,0.001535,172.31.40.0-255,66,109890,79,223942
22985,0.001538,172.31.40.0-255,66,109956,79,223942
22986,0.001541,172.31.40.0-255,66,110022,79,223942
22987,0.001553,172.31.40.0-255,66,110088,79,223942
22988,0.001565,172.31.40.0-255,66,110154,79,223942
22989,0.001731,172.217.194.0-255,1484,111638,79,223942
22990,0.001738,172.217.194.0-255,2902,114540,79,223942
22991,0.001741,172.31.40.0-255,66,114606,79,223942
22992,0.001756,172.217.194.0-255,2902,117508,79,223942
22993,0.001758,172.31.40.0-255,66,117574,79,223942
22994,0.001772,172.217.194.0-255,2902,120476,79,223942
22995,0.001774,172.31.40.0-255,66,120542,79,223942
22996,0.001779,172.217.194.0-255,4320,124862,79,223942
22997,0.001781,172.31.40.0-255,66,124928,79,223942
22998,0.001816,172.217.194.0-255,2902,127830,79,223942
22999,0.001824,172.31.40.0-255,66,127896,79,223942
23000,0.001827,172.31.40.0-255,66,127962,79,223942
23001,0.001837,172.31.40.0-255,66,128028,79,223942
23002,0.001856,172.217.194.0-255,1484,129512,79,223942
23003,0.001869,172.217.194.0-255,2902,132414,79,223942
23004,0.001872,172.31.40.0-255,66,132480,79,223942
23005,0.001895,172.217.194.0-255,5738,138218,79,223942
23006,0.001899,172.31.40.0-255,66,138284,79,223942
23007,0.001903,172.217.194.0-255,2902,141186,79,223942
23008,0.001905,172.31.40.0-255,66,141252,79,223942
23009,0.001929,172.31.40.0-255,66,141318,79,223942
23010,0.001964,172.217.194.0-255,2902,144220,79,223942
23011,0.001966,172.31.40.0-255,66,144286,79,223942
23012,0.001989,172.217.194.0-255,7156,151442,79,223942
23013,0.001992,172.31.40.0-255,66,151508,79,223942
23014,0.002014,172.217.194.0-255,3602,155110,79,223942
23015,0.002017,172.31.40.0-255,66,155176,79,223942
23016,0.00203,172.31.40.0-255,66,155242,79,223942
23017,0.002053,172.217.194.0-255,2902,158144,79,223942
23018,0.002056,172.31.40.0-255,66,158210,79,223942
23019,0.002069,172.31.40.0-255,66,158276,79,223942
23020,0.002093,172.217.194.0-255,6438,164714,79,223942
23021,0.002096,172.31.40.0-255,66,164780,79,223942
23022,0.002208,172.217.194.0-255,1484,166264,79,223942
23023,0.002214,172.217.194.0-255,2902,169166,79,223942
23024,0.002216,172.31.40.0-255,66,169232,79,223942
23025,0.002223,172.217.194.0-255,5738,174970,79,223942
23026,0.002225,172.31.40.0-255,66,175036,79,223942
23027,0.002244,172.217.194.0-255,5738,180774,79,223942
23028,0.002246,172.31.40.0-255,66,180840,79,223942
23029,0.002282,172.217.194.0-255,7156,187996,79,223942
23030,0.002286,172.31.40.0-255,66,188062,79,223942
23031,0.0023,172.31.40.0-255,66,188128,79,223942
23032,0.002335,172.31.40.0-255,66,188194,79,223942
23033,0.002346,172.31.40.0-255,66,188260,79,223942
23034,0.002414,172.31.40.0-255,66,188326,79,223942
23035,0.005003,172.217.194.0-255,2902,191228,79,223942
23036,0.00501,172.31.40.0-255,66,191294,79,223942
23037,0.005031,172.217.194.0-255,2902,194196,79,223942
23038,0.005033,172.31.40.0-255,66,194262,79,223942
23039,0.007587,172.217.194.0-255,2902,197164,79,223942
23040,0.00759,172.31.40.0-255,66,197230,79,223942
23041,0.007623,172.217.194.0-255,2902,200132,79,223942
23042,0.007625,172.31.40.0-255,66,200198,79,223942
23043,0.010193,172.217.194.0-255,2902,203100,79,223942
23044,0.0102,172.31.40.0-255,66,203166,79,223942
23045,0.010226,172.217.194.0-255,2902,206068,79,223942
23046,0.010229,172.31.40.0-255,66,206134,79,223942
23047,0.012801,172.217.194.0-255,2902,209036,79,223942
23048,0.012809,172.31.40.0-255,66,209102,79,223942
23049,0.012833,172.217.194.0-255,2902,212004,79,223942
23050,0.012837,172.31.40.0-255,66,212070,79,223942
23051,0.015383,172.217.194.0-255,2902,214972,79,223942
23052,0.01539,172.31.40.0-255,66,215038,79,223942
23053,0.015412,172.217.194.0-255,2902,217940,79,223942
23054,0.015414,172.31.40.0-255,66,218006,79,223942
23055,0.017977,172.217.194.0-255,2902,220908,79,223942
23056,0.017986,172.31.40.0-255,66,220974,79,223942
23057,0.018004,172.217.194.0-255,2902,223876,79,223942
23058,0.018007,172.31.40.0-255,66,223942,79,223942
23059,0.0,172.217.194.0-255,153,153,79,120538
23060,2.7e-05,172.31.40.0-255,66,219,79,120538
23061,3.4e-05,172.217.194.0-255,1484,1703,79,120538
23062,3.9e-05,172.31.40.0-255,66,1769,79,120538
23063,5.3e-05,172.217.194.0-255,2902,4671,79,120538
23064,5.7e-05,172.31.40.0-255,66,4737,79,120538
23065,6.5e-05,172.217.194.0-255,7156,11893,79,120538
23066,6.8e-05,172.31.40.0-255,66,11959,79,120538
23067,0.00012,172.31.40.0-255,66,12025,79,120538
23068,0.000184,172.217.194.0-255,5379,17404,79,120538
23069,0.000187,172.31.40.0-255,66,17470,79,120538
23070,0.000216,172.217.194.0-255,5738,23208,79,120538
23071,0.000219,172.31.40.0-255,66,23274,79,120538
23072,0.000276,172.31.40.0-255,66,23340,79,120538
23073,0.000294,172.217.194.0-255,3961,27301,79,120538
23074,0.000297,172.31.40.0-255,66,27367,79,120538
23075,0.000368,172.31.40.0-255,66,27433,79,120538
23076,0.000397,172.217.194.0-255,5379,32812,79,120538
23077,0.0004,172.31.40.0-255,66,32878,79,120538
23078,0.000448,172.217.194.0-255,379,33257,79,120538
23079,0.00045,172.31.40.0-255,66,33323,79,120538
23080,0.000525,172.217.194.0-255,366,33689,79,120538
23081,0.000529,172.31.40.0-255,66,33755,79,120538
23082,0.000704,172.217.194.0-255,1484,35239,79,120538
23083,0.000709,172.31.40.0-255,66,35305,79,120538
23084,0.000714,172.217.194.0-255,2902,38207,79,120538
23085,0.000717,172.31.40.0-255,66,38273,79,120538
23086,0.000729,172.217.194.0-255,4320,42593,79,120538
23087,0.000732,172.31.40.0-255,66,42659,79,120538
23088,0.000755,172.217.194.0-255,1484,44143,79,120538
23089,0.000762,172.217.194.0-255,5738,49881,79,120538
23090,0.000779,172.31.40.0-255,66,49947,79,120538
23091,0.000811,172.217.194.0-255,7156,57103,79,120538
23092,0.000815,172.31.40.0-255,66,57169,79,120538
23093,0.000832,172.217.194.0-255,5738,62907,79,120538
23094,0.000834,172.31.40.0-255,66,62973,79,120538
23095,0.000907,172.217.194.0-255,7156,70129,79,120538
23096,0.000912,172.31.40.0-255,66,70195,79,120538
23097,0.000941,172.217.194.0-255,3602,73797,79,120538
23098,0.000944,172.31.40.0-255,66,73863,79,120538
23099,0.001002,172.31.40.0-255,66,73929,79,120538
23100,0.001064,172.217.194.0-255,1484,75413,79,120538
23101,0.001084,172.31.40.0-255,66,75479,79,120538
23102,0.001111,172.217.194.0-255,5738,81217,79,120538
23103,0.001117,172.31.40.0-255,66,81283,79,120538
23104,0.001201,172.217.194.0-255,4320,85603,79,120538
23105,0.001206,172.31.40.0-255,66,85669,79,120538
23106,0.001248,172.31.40.0-255,66,85735,79,120538
23107,0.00131,172.217.194.0-255,4320,90055,79,120538
23108,0.001315,172.31.40.0-255,66,90121,79,120538
23109,0.001344,172.217.194.0-255,5738,95859,79,120538
23110,0.001349,172.31.40.0-255,66,95925,79,120538
23111,0.001403,172.31.40.0-255,66,95991,79,120538
23112,0.001461,172.31.40.0-255,66,96057,79,120538
23113,0.001651,172.31.40.0-255,66,96123,79,120538
23114,0.001839,172.31.40.0-255,66,96189,79,120538
23115,0.001877,172.31.40.0-255,66,96255,79,120538
23116,0.002101,172.31.40.0-255,66,96321,79,120538
23117,0.002148,172.31.40.0-255,66,96387,79,120538
23118,0.002349,172.31.40.0-255,66,96453,79,120538
23119,0.002415,172.31.40.0-255,66,96519,79,120538
23120,0.002819,172.217.194.0-255,5738,102257,79,120538
23121,0.002822,172.31.40.0-255,66,102323,79,120538
23122,0.002854,172.217.194.0-255,7138,109461,79,120538
23123,0.002857,172.31.40.0-255,66,109527,79,120538
23124,0.002919,172.217.194.0-255,4320,113847,79,120538
23125,0.002922,172.31.40.0-255,66,113913,79,120538
23126,0.003026,172.31.40.0-255,66,113979,79,120538
23127,0.003056,172.217.194.0-255,6322,120301,79,120538
23128,0.003059,172.31.40.0-255,66,120367,79,120538
23129,0.008042,172.31.40.0-255,105,120472,79,120538
23130,0.010197,172.217.194.0-255,66,120538,79,120538
23131,0.0,172.217.160.0-255,150,150,79,120230
23132,2e-05,172.31.40.0-255,66,216,79,120230
23133,2.7e-05,172.217.160.0-255,1484,1700,79,120230
23134,3e-05,172.31.40.0-255,66,1766,79,120230
23135,4.3e-05,172.217.160.0-255,2902,4668,79,120230
23136,4.5e-05,172.31.40.0-255,66,4734,79,120230
23137,9.4e-05,172.217.160.0-255,5738,10472,79,120230
23138,9.7e-05,172.31.40.0-255,66,10538,79,120230
23139,0.000195,172.217.160.0-255,1484,12022,79,120230
23140,0.000198,172.31.40.0-255,66,12088,79,120230
23141,0.000223,172.217.160.0-255,4935,17023,79,120230
23142,0.000226,172.31.40.0-255,66,17089,79,120230
23143,0.000334,172.217.160.0-255,4320,21409,79,120230
23144,0.000337,172.31.40.0-255,66,21475,79,120230
23145,0.000425,172.217.160.0-255,5738,27213,79,120230
23146,0.000429,172.31.40.0-255,66,27279,79,120230
23147,0.000452,172.217.160.0-255,3961,31240,79,120230
23148,0.000455,172.31.40.0-255,66,31306,79,120230
23149,0.00063,172.217.160.0-255,1484,32790,79,120230
23150,0.000633,172.31.40.0-255,66,32856,79,120230
23151,0.000667,172.31.40.0-255,66,32922,79,120230
23152,0.000859,172.31.40.0-255,66,32988,79,120230
23153,0.000897,172.31.40.0-255,66,33054,79,120230
23154,0.001304,172.217.160.0-255,2543,35597,79,120230
23155,0.001309,172.31.40.0-255,66,35663,79,120230
23156,0.001326,172.217.160.0-255,372,36035,79,120230
23157,0.001328,172.31.40.0-255,66,36101,79,120230
23158,0.001351,172.217.160.0-255,1484,37585,79,120230
23159,0.001353,172.31.40.0-255,66,37651,79,120230
23160,0.001379,172.217.160.0-255,2939,40590,79,120230
23161,0.001455,172.217.160.0-255,5738,46328,79,120230
23162,0.001471,172.217.160.0-255,4320,50648,79,120230
23163,0.001668,172.217.160.0-255,2902,53550,79,120230
23164,0.00168,172.217.160.0-255,5738,59288,79,120230
23165,0.002077,172.217.160.0-255,4320,63608,79,120230
23166,0.002094,172.217.160.0-255,7156,70764,79,120230
23167,0.002513,172.217.160.0-255,4320,75084,79,120230
23168,0.00292,172.31.40.0-255,66,75150,79,120230
23169,0.003016,172.217.160.0-255,4320,79470,79,120230
23170,0.003023,172.31.40.0-255,66,79536,79,120230
23171,0.003084,172.31.40.0-255,66,79602,79,120230
23172,0.005004,172.217.160.0-255,5738,85340,79,120230
23173,0.00501,172.31.40.0-255,66,85406,79,120230
23174,0.006922,172.217.160.0-255,5738,91144,79,120230
23175,0.00694,172.31.40.0-255,66,91210,79,120230
23176,0.00883,172.217.160.0-255,5738,96948,79,120230
23177,0.008838,172.31.40.0-255,66,97014,79,120230
23178,0.010731,172.217.160.0-255,5738,102752,79,120230
23179,0.011051,172.31.40.0-255,66,102818,79,120230
23180,0.012954,172.217.160.0-255,5738,108556,79,120230
23181,0.012962,172.31.40.0-255,66,108622,79,120230
23182,0.014882,172.217.160.0-255,5738,114360,79,120230
23183,0.017607,172.31.40.0-255,66,114426,79,120230
23184,0.019502,172.217.160.0-255,5738,120164,79,120230
23185,0.019512,172.31.40.0-255,66,120230,79,120230
23186,0.0,74.125.200.0-255,146,146,79,230399
23187,2.4e-05,172.31.40.0-255,66,212,79,230399
23188,3.2e-05,74.125.200.0-255,1484,1696,79,230399
23189,3.6e-05,172.31.40.0-255,66,1762,79,230399
23190,4.9e-05,74.125.200.0-255,2902,4664,79,230399
23191,5.3e-05,172.31.40.0-255,66,4730,79,230399
23192,6.1e-05,74.125.200.0-255,7156,11886,79,230399
23193,6.5e-05,172.31.40.0-255,66,11952,79,230399
23194,0.000134,172.31.40.0-255,66,12018,79,230399
23195,0.000151,172.31.40.0-255,66,12084,79,230399
23196,0.000154,74.125.200.0-255,1125,13209,79,230399
23197,0.000156,172.31.40.0-255,66,13275,79,230399
23198,0.000228,74.125.200.0-255,1484,14759,79,230399
23199,0.000231,172.31.40.0-255,66,14825,79,230399
23200,0.000235,74.125.200.0-255,1484,16309,79,230399
23201,0.000237,172.31.40.0-255,66,16375,79,230399
23202,0.000269,74.125.200.0-255,1484,17859,79,230399
23203,0.000271,172.31.40.0-255,66,17925,79,230399
23204,0.000276,74.125.200.0-255,2902,20827,79,230399
23205,0.000279,172.31.40.0-255,66,20893,79,230399
23206,0.000289,74.125.200.0-255,4320,25213,79,230399
23207,0.000292,172.31.40.0-255,66,25279,79,230399
23208,0.000303,74.125.200.0-255,1484,26763,79,230399
23209,0.000305,172.31.40.0-255,66,26829,79,230399
23210,0.000344,172.31.40.0-255,66,26895,79,230399
23211,0.000361,172.31.40.0-255,66,26961,79,230399
23212,0.000365,74.125.200.0-255,2823,29784,79,230399
23213,0.000367,172.31.40.0-255,66,29850,79,230399
23214,0.000392,74.125.200.0-255,130,29980,79,230399
23215,0.000484,74.125.200.0-255,1484,31464,79,230399
23216,0.000488,172.31.40.0-255,66,31530,79,230399
23217,0.000494,74.125.200.0-255,2902,34432,79,230399
23218,0.000497,172.31.40.0-255,66,34498,79,230399
23219,0.00052,74.125.200.0-255,5738,40236,79,230399
23220,0.000523,172.31.40.0-255,66,40302,79,230399
23221,0.000531,74.125.200.0-255,2902,43204,79,230399
23222,0.000534,172.31.40.0-255,66,43270,79,230399
23223,0.00056,74.125.200.0-255,4320,47590,79,230399
23224,0.000563,172.31.40.0-255,66,47656,79,230399
23225,0.000576,74.125.200.0-255,7156,54812,79,230399
23226,0.000578,172.31.40.0-255,66,54878,79,230399
23227,0.00062,172.31.40.0-255,66,54944,79,230399
23228,0.000622,74.125.200.0-255,766,55710,79,230399
23229,0.000642,74.125.200.0-255,345,56055,79,230399
23230,0.000733,74.125.200.0-255,1484,57539,79,230399
23231,0.000736,172.31.40.0-255,66,57605,79,230399
23232,0.000763,74.125.200.0-255,2902,60507,79,230399
23233,0.000766,172.31.40.0-255,66,60573,79,230399
23234,0.000772,74.125.200.0-255,4320,64893,79,230399
23235,0.000775,172.31.40.0-255,66,64959,79,230399
23236,0.00079,74.125.200.0-255,5738,70697,79,230399
23237,0.000797,172.31.40.0-255,66,70763,79,230399
23238,0.000826,74.125.200.0-255,2902,73665,79,230399
23239,0.000829,172.31.40.0-255,66,73731,79,230399
23240,0.000841,172.31.40.0-255,66,73797,79,230399
23241,0.000871,74.125.200.0-255,5886,79683,79,230399
23242,0.000874,172.31.40.0-255,66,79749,79,230399
23243,0.000912,74.125.200.0-255,1484,81233,79,230399
23244,0.000929,74.125.200.0-255,4320,85553,79,230399
23245,0.000932,172.31.40.0-255,66,85619,79,230399
23246,0.00094,74.125.200.0-255,7156,92775,79,230399
23247,0.000942,172.31.40.0-255,66,92841,79,230399
23248,0.000972,74.125.200.0-255,7156,99997,79,230399
23249,0.000975,172.31.40.0-255,66,100063,79,230399
23250,0.001003,74.125.200.0-255,5738,105801,79,230399
23251,0.001005,172.31.40.0-255,66,105867,79,230399
23252,0.001024,74.125.200.0-255,2902,108769,79,230399
23253,0.001027,172.31.40.0-255,66,108835,79,230399
23254,0.001054,74.125.200.0-255,5020,113855,79,230399
23255,0.001057,172.31.40.0-255,66,113921,79,230399
23256,0.001091,74.125.200.0-255,1484,115405,79,230399
23257,0.001113,74.125.200.0-255,2902,118307,79,230399
23258,0.001116,172.31.40.0-255,66,118373,79,230399
23259,0.001119,74.125.200.0-255,1484,119857,79,230399
23260,0.001122,74.125.200.0-255,1484,121341,79,230399
23261,0.001124,172.31.40.0-255,66,121407,79,230399
23262,0.001155,74.125.200.0-255,4320,125727,79,230399
23263,0.001158,172.31.40.0-255,66,125793,79,230399
23264,0.00117,172.31.40.0-255,66,125859,79,230399
23265,0.00119,74.125.200.0-255,4320,130179,79,230399
23266,0.001198,172.31.40.0-255,66,130245,79,230399
23267,0.001203,74.125.200.0-255,4320,134565,79,230399
23268,0.001205,172.31.40.0-255,66,134631,79,230399
23269,0.001273,74.125.200.0-255,5020,139651,79,230399
23270,0.001276,172.31.40.0-255,66,139717,79,230399
23271,0.001283,74.125.200.0-255,5738,145455,79,230399
23272,0.001286,172.31.40.0-255,66,145521,79,230399
23273,0.001302,172.31.40.0-255,66,145587,79,230399
23274,0.001316,172.31.40.0-255,66,145653,79,230399
23275,0.001322,74.125.200.0-255,4320,149973,79,230399
23276,0.001324,172.31.40.0-255,66,150039,79,230399
23277,0.001354,74.125.200.0-255,2184,152223,79,230399
23278,0.001357,172.31.40.0-255,66,152289,79,230399
23279,0.001417,74.125.200.0-255,1484,153773,79,230399
23280,0.001435,74.125.200.0-255,2902,156675,79,230399
23281,0.001438,172.31.40.0-255,66,156741,79,230399
23282,0.001444,74.125.200.0-255,5738,162479,79,230399
23283,0.001446,172.31.40.0-255,66,162545,79,230399
23284,0.001507,172.31.40.0-255,66,162611,79,230399
23285,0.001538,74.125.200.0-255,2902,165513,79,230399
23286,0.001541,172.31.40.0-255,66,165579,79,230399
23287,0.00156,172.31.40.0-255,66,165645,79,230399
23288,0.001594,74.125.200.0-255,1484,167129,79,230399
23289,0.00161,74.125.200.0-255,2902,170031,79,230399
23290,0.001613,172.31.40.0-255,66,170097,79,230399
23291,0.00164,74.125.200.0-255,4320,174417,79,230399
23292,0.001643,172.31.40.0-255,66,174483,79,230399
23293,0.001649,74.125.200.0-255,5738,180221,79,230399
23294,0.001651,172.31.40.0-255,66,180287,79,230399
23295,0.001697,172.31.40.0-255,66,180353,79,230399
23296,0.001703,74.125.200.0-255,4320,184673,79,230399
23297,0.001706,172.31.40.0-255,66,184739,79,230399
23298,0.001726,74.125.200.0-255,3602,188341,79,230399
23299,0.001729,172.31.40.0-255,66,188407,79,230399
23300,0.00181,74.125.200.0-255,1484,189891,79,230399
23301,0.001829,74.125.200.0-255,1484,191375,79,230399
23302,0.001833,172.31.40.0-255,66,191441,79,230399
23303,0.001838,74.125.200.0-255,2902,194343,79,230399
23304,0.00184,172.31.40.0-255,66,194409,79,230399
23305,0.001845,74.125.200.0-255,2902,197311,79,230399
23306,0.001852,172.31.40.0-255,66,197377,79,230399
23307,0.001881,74.125.200.0-255,2902,200279,79,230399
23308,0.001884,172.31.40.0-255,66,200345,79,230399
23309,0.001904,172.31.40.0-255,66,200411,79,230399
23310,0.001929,74.125.200.0-255,4320,204731,79,230399
23311,0.001933,172.31.40.0-255,66,204797,79,230399
23312,0.001964,74.125.200.0-255,5020,209817,79,230399
23313,0.001967,172.31.40.0-255,66,209883,79,230399
23314,0.001972,74.125.200.0-255,2902,212785,79,230399
23315,0.001974,172.31.40.0-255,66,212851,79,230399
23316,0.001995,74.125.200.0-255,4320,217171,79,230399
23317,0.002001,172.31.40.0-255,66,217237,79,230399
23318,0.002012,172.31.40.0-255,66,217303,79,230399
23319,0.002058,172.31.40.0-255,66,217369,79,230399
23320,0.002133,172.31.40.0-255,66,217435,79,230399
23321,0.002155,74.125.200.0-255,766,218201,79,230399
23322,0.002163,74.125.200.0-255,5738,223939,79,230399
23323,0.002165,172.31.40.0-255,66,224005,79,230399
23324,0.002187,74.125.200.0-255,1484,225489,79,230399
23325,0.002244,74.125.200.0-255,4634,230123,79,230399
23326,0.002295,74.125.200.0-255,105,230228,79,230399
23327,0.002541,172.31.40.0-255,66,230294,79,230399
23328,0.018191,172.31.40.0-255,105,230399,79,230399
23329,0.0,74.125.200.0-255,150,150,79,328692
23330,1.8e-05,172.31.40.0-255,66,216,79,328692
23331,2.5e-05,74.125.200.0-255,1484,1700,79,328692
23332,2.9e-05,172.31.40.0-255,66,1766,79,328692
23333,3.5e-05,74.125.200.0-255,2902,4668,79,328692
23334,3.8e-05,172.31.40.0-255,66,4734,79,328692
23335,6.3e-05,74.125.200.0-255,4320,9054,79,328692
23336,6.5e-05,172.31.40.0-255,66,9120,79,328692
23337,8.4e-05,74.125.200.0-255,4320,13440,79,328692
23338,8.6e-05,172.31.40.0-255,66,13506,79,328692
23339,0.000107,74.125.200.0-255,632,14138,79,328692
23340,0.000109,172.31.40.0-255,66,14204,79,328692
23341,0.000194,74.125.200.0-255,1484,15688,79,328692
23342,0.000198,172.31.40.0-255,66,15754,79,328692
23343,0.000201,74.125.200.0-255,1484,17238,79,328692
23344,0.000203,172.31.40.0-255,66,17304,79,328692
23345,0.000217,74.125.200.0-255,1484,18788,79,328692
23346,0.000219,172.31.40.0-255,66,18854,79,328692
23347,0.000222,74.125.200.0-255,1484,20338,79,328692
23348,0.000224,172.31.40.0-255,66,20404,79,328692
23349,0.000246,74.125.200.0-255,4320,24724,79,328692
23350,0.000249,172.31.40.0-255,66,24790,79,328692
23351,0.000254,74.125.200.0-255,5738,30528,79,328692
23352,0.000256,172.31.40.0-255,66,30594,79,328692
23353,0.000286,74.125.200.0-255,1484,32078,79,328692
23354,0.000288,172.31.40.0-255,66,32144,79,328692
23355,0.000311,74.125.200.0-255,5379,37523,79,328692
23356,0.000314,172.31.40.0-255,66,37589,79,328692
23357,0.000321,74.125.200.0-255,7156,44745,79,328692
23358,0.000323,172.31.40.0-255,66,44811,79,328692
23359,0.000325,74.125.200.0-255,1484,46295,79,328692
23360,0.000327,172.31.40.0-255,66,46361,79,328692
23361,0.000352,74.125.200.0-255,2543,48904,79,328692
23362,0.000354,172.31.40.0-255,66,48970,79,328692
23363,0.000383,74.125.200.0-255,4320,53290,79,328692
23364,0.000385,172.31.40.0-255,66,53356,79,328692
23365,0.000405,74.125.200.0-255,5738,59094,79,328692
23366,0.000408,172.31.40.0-255,66,59160,79,328692
23367,0.000442,74.125.200.0-255,6797,65957,79,328692
23368,0.000444,172.31.40.0-255,66,66023,79,328692
23369,0.000467,74.125.200.0-255,648,66671,79,328692
23370,0.000498,74.125.200.0-255,1484,68155,79,328692
23371,0.000501,172.31.40.0-255,66,68221,79,328692
23372,0.000518,74.125.200.0-255,4320,72541,79,328692
23373,0.000522,172.31.40.0-255,66,72607,79,328692
23374,0.000556,74.125.200.0-255,7156,79763,79,328692
23375,0.000559,172.31.40.0-255,66,79829,79,328692
23376,0.000587,172.31.40.0-255,66,79895,79,328692
23377,0.000646,172.31.40.0-255,66,79961,79,328692
23378,0.00065,74.125.200.0-255,2184,82145,79,328692
23379,0.000652,172.31.40.0-255,66,82211,79,328692
23380,0.000752,74.125.200.0-255,1484,83695,79,328692
23381,0.00077,74.125.200.0-255,2902,86597,79,328692
23382,0.000773,172.31.40.0-255,66,86663,79,328692
23383,0.000794,74.125.200.0-255,5738,92401,79,328692
23384,0.000797,172.31.40.0-255,66,92467,79,328692
23385,0.000812,74.125.200.0-255,1484,93951,79,328692
23386,0.000818,74.125.200.0-255,5738,99689,79,328692
23387,0.000821,172.31.40.0-255,66,99755,79,328692
23388,0.000843,74.125.200.0-255,2902,102657,79,328692
23389,0.000846,172.31.40.0-255,66,102723,79,328692
23390,0.000858,172.31.40.0-255,66,102789,79,328692
23391,0.000894,74.125.200.0-255,3602,106391,79,328692
23392,0.000898,172.31.40.0-255,66,106457,79,328692
23393,0.000979,74.125.200.0-255,1484,107941,79,328692
23394,0.001,74.125.200.0-255,2902,110843,79,328692
23395,0.001004,172.31.40.0-255,66,110909,79,328692
23396,0.00101,74.125.200.0-255,4320,115229,79,328692
23397,0.001012,172.31.40.0-255,66,115295,79,328692
23398,0.001049,172.31.40.0-255,66,115361,79,328692
23399,0.00106,172.31.40.0-255,66,115427,79,328692
23400,0.001096,74.125.200.0-255,2902,118329,79,328692
23401,0.001099,172.31.40.0-255,66,118395,79,328692
23402,0.001122,74.125.200.0-255,5020,123415,79,328692
23403,0.001125,172.31.40.0-255,66,123481,79,328692
23404,0.001205,74.125.200.0-255,1484,124965,79,328692
23405,0.001224,74.125.200.0-255,2902,127867,79,328692
23406,0.001227,172.31.40.0-255,66,127933,79,328692
23407,0.001247,74.125.200.0-255,4320,132253,79,328692
23408,0.00125,172.31.40.0-255,66,132319,79,328692
23409,0.001271,74.125.200.0-255,5738,138057,79,328692
23410,0.001274,172.31.40.0-255,66,138123,79,328692
23411,0.0013,74.125.200.0-255,4320,142443,79,328692
23412,0.001303,172.31.40.0-255,66,142509,79,328692
23413,0.001325,74.125.200.0-255,2902,145411,79,328692
23414,0.001328,172.31.40.0-255,66,145477,79,328692
23415,0.001339,172.31.40.0-255,66,145543,79,328692
23416,0.001343,74.125.200.0-255,1484,147027,79,328692
23417,0.001369,74.125.200.0-255,5020,152047,79,328692
23418,0.001372,172.31.40.0-255,66,152113,79,328692
23419,0.001379,74.125.200.0-255,7156,159269,79,328692
23420,0.001382,172.31.40.0-255,66,159335,79,328692
23421,0.001422,172.31.40.0-255,66,159401,79,328692
23422,0.001429,74.125.200.0-255,4320,163721,79,328692
23423,0.001431,172.31.40.0-255,66,163787,79,328692
23424,0.00147,74.125.200.0-255,4320,168107,79,328692
23425,0.001474,172.31.40.0-255,66,168173,79,328692
23426,0.001498,74.125.200.0-255,5020,173193,79,328692
23427,0.001501,172.31.40.0-255,66,173259,79,328692
23428,0.001559,74.125.200.0-255,1484,174743,79,328692
23429,0.001578,74.125.200.0-255,2902,177645,79,328692
23430,0.001582,172.31.40.0-255,66,177711,79,328692
23431,0.001603,74.125.200.0-255,2902,180613,79,328692
23432,0.001606,172.31.40.0-255,66,180679,79,328692
23433,0.001623,74.125.200.0-255,1484,182163,79,328692
23434,0.001658,74.125.200.0-255,5738,187901,79,328692
23435,0.001661,74.125.200.0-255,1484,189385,79,328692
23436,0.001665,172.31.40.0-255,66,189451,79,328692
23437,0.001696,74.125.200.0-255,2902,192353,79,328692
23438,0.001699,172.31.40.0-255,66,192419,79,328692
23439,0.001702,74.125.200.0-255,1484,193903,79,328692
23440,0.001719,74.125.200.0-255,2902,196805,79,328692
23441,0.001721,172.31.40.0-255,66,196871,79,328692
23442,0.00175,74.125.200.0-255,5738,202609,79,328692
23443,0.001752,172.31.40.0-255,66,202675,79,328692
23444,0.001756,74.125.200.0-255,1484,204159,79,328692
23445,0.001814,74.125.200.0-255,3602,207761,79,328692
23446,0.001818,172.31.40.0-255,66,207827,79,328692
23447,0.001912,74.125.200.0-255,1484,209311,79,328692
23448,0.001928,74.125.200.0-255,2902,212213,79,328692
23449,0.001931,172.31.40.0-255,66,212279,79,328692
23450,0.001953,74.125.200.0-255,5738,218017,79,328692
23451,0.001956,172.31.40.0-255,66,218083,79,328692
23452,0.001959,74.125.200.0-255,1484,219567,79,328692
23453,0.001988,74.125.200.0-255,4320,223887,79,328692
23454,0.001991,172.31.40.0-255,66,223953,79,328692
23455,0.002017,74.125.200.0-255,4320,228273,79,328692
23456,0.00202,172.31.40.0-255,66,228339,79,328692
23457,0.002025,74.125.200.0-255,4320,232659,79,328692
23458,0.002027,172.31.40.0-255,66,232725,79,328692
23459,0.002041,74.125.200.0-255,2902,235627,79,328692
23460,0.002043,172.31.40.0-255,66,235693,79,328692
23461,0.002063,74.125.200.0-255,5738,241431,79,328692
23462,0.002066,172.31.40.0-255,66,241497,79,328692
23463,0.002087,74.125.200.0-255,2184,243681,79,328692
23464,0.00209,172.31.40.0-255,66,243747,79,328692
23465,0.002093,74.125.200.0-255,1484,245231,79,328692
23466,0.002097,74.125.200.0-255,2902,248133,79,328692
23467,0.002099,172.31.40.0-255,66,248199,79,328692
23468,0.002106,74.125.200.0-255,5738,253937,79,328692
23469,0.002109,172.31.40.0-255,66,254003,79,328692
23470,0.002114,74.125.200.0-255,4320,258323,79,328692
23471,0.002118,172.31.40.0-255,66,258389,79,328692
23472,0.002146,74.125.200.0-255,4320,262709,79,328692
23473,0.002149,172.31.40.0-255,66,262775,79,328692
23474,0.00216,172.31.40.0-255,66,262841,79,328692
23475,0.002163,74.125.200.0-255,1484,264325,79,328692
23476,0.002178,74.125.200.0-255,2184,266509,79,328692
23477,0.002181,172.31.40.0-255,66,266575,79,328692
23478,0.002186,74.125.200.0-255,4320,270895,79,328692
23479,0.002188,172.31.40.0-255,66,270961,79,328692
23480,0.002204,74.125.200.0-255,2902,273863,79,328692
23481,0.002206,172.31.40.0-255,66,273929,79,328692
23482,0.002235,74.125.200.0-255,7156,281085,79,328692
23483,0.002238,172.31.40.0-255,66,281151,79,328692
23484,0.002243,74.125.200.0-255,4320,285471,79,328692
23485,0.002246,172.31.40.0-255,66,285537,79,328692
23486,0.002273,74.125.200.0-255,2902,288439,79,328692
23487,0.002275,172.31.40.0-255,66,288505,79,328692
23488,0.002309,172.31.40.0-255,66,288571,79,328692
23489,0.002333,74.125.200.0-255,7156,295727,79,328692
23490,0.002336,172.31.40.0-255,66,295793,79,328692
23491,0.002358,172.31.40.0-255,66,295859,79,328692
23492,0.002363,74.125.200.0-255,4320,300179,79,328692
23493,0.002366,172.31.40.0-255,66,300245,79,328692
23494,0.002394,74.125.200.0-255,2902,303147,79,328692
23495,0.002398,172.31.40.0-255,66,303213,79,328692
23496,0.004689,74.125.200.0-255,2902,306115,79,328692
23497,0.004696,172.31.40.0-255,66,306181,79,328692
23498,0.00472,74.125.200.0-255,2902,309083,79,328692
23499,0.004723,172.31.40.0-255,66,309149,79,328692
23500,0.007053,74.125.200.0-255,2902,312051,79,328692
23501,0.007073,172.31.40.0-255,66,312117,79,328692
23502,0.007081,74.125.200.0-255,2902,315019,79,328692
23503,0.007084,172.31.40.0-255,66,315085,79,328692
23504,0.009414,74.125.200.0-255,5738,320823,79,328692
23505,0.00943,172.31.40.0-255,66,320889,79,328692
23506,0.011763,74.125.200.0-255,5738,326627,79,328692
23507,0.011768,172.31.40.0-255,66,326693,79,328692
23508,0.014176,74.125.200.0-255,1762,328455,79,328692
23509,0.014185,172.31.40.0-255,66,328521,79,328692
23510,0.015501,172.31.40.0-255,105,328626,79,328692
23511,0.017799,74.125.200.0-255,66,328692,79,328692
23512,0.0,172.253.118.0-255,146,146,79,149346
23513,2e-05,172.31.40.0-255,66,212,79,149346
23514,2.8e-05,172.253.118.0-255,1484,1696,79,149346
23515,3.3e-05,172.31.40.0-255,66,1762,79,149346
23516,3.9e-05,172.253.118.0-255,2902,4664,79,149346
23517,4.2e-05,172.31.40.0-255,66,4730,79,149346
23518,5.2e-05,172.253.118.0-255,7156,11886,79,149346
23519,5.7e-05,172.31.40.0-255,66,11952,79,149346
23520,0.000102,172.253.118.0-255,2148,14100,79,149346
23521,0.000105,172.31.40.0-255,66,14166,79,149346
23522,0.000123,172.253.118.0-255,1484,15650,79,149346
23523,0.000125,172.31.40.0-255,66,15716,79,149346
23524,0.000146,172.253.118.0-255,2902,18618,79,149346
23525,0.000149,172.31.40.0-255,66,18684,79,149346
23526,0.000152,172.253.118.0-255,1484,20168,79,149346
23527,0.000154,172.31.40.0-255,66,20234,79,149346
23528,0.000173,172.253.118.0-255,4320,24554,79,149346
23529,0.000208,172.31.40.0-255,66,24620,79,149346
23530,0.000231,172.253.118.0-255,6797,31417,79,149346
23531,0.000233,172.31.40.0-255,66,31483,79,149346
23532,0.00027,172.253.118.0-255,5738,37221,79,149346
23533,0.000273,172.31.40.0-255,66,37287,79,149346
23534,0.000297,172.31.40.0-255,66,37353,79,149346
23535,0.000405,172.253.118.0-255,2543,39896,79,149346
23536,0.00041,172.31.40.0-255,66,39962,79,149346
23537,0.000782,172.253.118.0-255,1484,41446,79,149346
23538,0.000788,172.31.40.0-255,66,41512,79,149346
23539,0.000792,172.253.118.0-255,2902,44414,79,149346
23540,0.000795,172.31.40.0-255,66,44480,79,149346
23541,0.000798,172.253.118.0-255,1484,45964,79,149346
23542,0.0008,172.31.40.0-255,66,46030,79,149346
23543,0.000816,172.253.118.0-255,4320,50350,79,149346
23544,0.000819,172.31.40.0-255,66,50416,79,149346
23545,0.000859,172.253.118.0-255,6797,57213,79,149346
23546,0.000863,172.31.40.0-255,66,57279,79,149346
23547,0.000974,172.253.118.0-255,1484,58763,79,149346
23548,0.000981,172.253.118.0-255,2902,61665,79,149346
23549,0.000984,172.31.40.0-255,66,61731,79,149346
23550,0.000988,172.253.118.0-255,1484,63215,79,149346
23551,0.001012,172.253.118.0-255,4320,67535,79,149346
23552,0.001015,172.31.40.0-255,66,67601,79,149346
23553,0.001058,172.253.118.0-255,4320,71921,79,149346
23554,0.001062,172.31.40.0-255,66,71987,79,149346
23555,0.001092,172.31.40.0-255,66,72053,79,149346
23556,0.001167,172.253.118.0-255,4320,76373,79,149346
23557,0.001171,172.31.40.0-255,66,76439,79,149346
23558,0.001191,172.253.118.0-255,5379,81818,79,149346
23559,0.001194,172.31.40.0-255,66,81884,79,149346
23560,0.001256,172.253.118.0-255,1484,83368,79,149346
23561,0.001262,172.253.118.0-255,2902,86270,79,149346
23562,0.001265,172.31.40.0-255,66,86336,79,149346
23563,0.001283,172.253.118.0-255,1484,87820,79,149346
23564,0.001298,172.253.118.0-255,4320,92140,79,149346
23565,0.001301,172.31.40.0-255,66,92206,79,149346
23566,0.001346,172.253.118.0-255,7156,99362,79,149346
23567,0.00135,172.31.40.0-255,66,99428,79,149346
23568,0.001376,172.253.118.0-255,5738,105166,79,149346
23569,0.001379,172.31.40.0-255,66,105232,79,149346
23570,0.001454,172.253.118.0-255,5738,110970,79,149346
23571,0.001463,172.31.40.0-255,66,111036,79,149346
23572,0.001467,172.253.118.0-255,1484,112520,79,149346
23573,0.001526,172.253.118.0-255,3602,116122,79,149346
23574,0.00153,172.31.40.0-255,66,116188,79,149346
23575,0.00157,172.31.40.0-255,66,116254,79,149346
23576,0.001723,172.253.118.0-255,2902,119156,79,149346
23577,0.001727,172.31.40.0-255,66,119222,79,149346
23578,0.001759,172.31.40.0-255,66,119288,79,149346
23579,0.001848,172.253.118.0-255,4320,123608,79,149346
23580,0.001852,172.31.40.0-255,66,123674,79,149346
23581,0.001883,172.31.40.0-255,66,123740,79,149346
23582,0.001974,172.253.118.0-255,2902,126642,79,149346
23583,0.001977,172.31.40.0-255,66,126708,79,149346
23584,0.002012,172.31.40.0-255,66,126774,79,149346
23585,0.002166,172.253.118.0-255,4320,131094,79,149346
23586,0.002172,172.31.40.0-255,66,131160,79,149346
23587,0.002207,172.31.40.0-255,66,131226,79,149346
23588,0.002442,172.31.40.0-255,66,131292,79,149346
23589,0.002503,172.31.40.0-255,66,131358,79,149346
23590,0.002747,172.31.40.0-255,66,131424,79,149346
23591,0.002784,172.31.40.0-255,66,131490,79,149346
23592,0.003032,172.31.40.0-255,66,131556,79,149346
23593,0.003067,172.31.40.0-255,66,131622,79,149346
23594,0.003093,172.31.40.0-255,66,131688,79,149346
23595,0.003131,172.31.40.0-255,66,131754,79,149346
23596,0.003593,172.253.118.0-255,1466,133220,79,149346
23597,0.003602,172.253.118.0-255,4320,137540,79,149346
23598,0.003607,172.31.40.0-255,66,137606,79,149346
23599,0.013581,172.31.40.0-255,66,137672,79,149346
23600,0.014585,172.253.118.0-255,1484,139156,79,149346
23601,0.016169,172.253.118.0-255,4320,143476,79,149346
23602,0.016176,172.31.40.0-255,66,143542,79,149346
23603,0.018787,172.253.118.0-255,5738,149280,79,149346
23604,0.018805,172.31.40.0-255,66,149346,79,149346
23605,0.0,172.217.194.0-255,153,153,79,145704
23606,1.9e-05,172.31.40.0-255,66,219,79,145704
23607,2.5e-05,172.217.194.0-255,1484,1703,79,145704
23608,3e-05,172.31.40.0-255,66,1769,79,145704
23609,3.5e-05,172.217.194.0-255,2902,4671,79,145704
23610,4.4e-05,172.31.40.0-255,66,4737,79,145704
23611,5.1e-05,172.217.194.0-255,7156,11893,79,145704
23612,5.4e-05,172.31.40.0-255,66,11959,79,145704
23613,5.7e-05,172.217.194.0-255,2074,14033,79,145704
23614,6e-05,172.31.40.0-255,66,14099,79,145704
23615,9.4e-05,172.217.194.0-255,1484,15583,79,145704
23616,9.6e-05,172.31.40.0-255,66,15649,79,145704
23617,0.000121,172.217.194.0-255,2902,18551,79,145704
23618,0.000123,172.31.40.0-255,66,18617,79,145704
23619,0.000128,172.217.194.0-255,5738,24355,79,145704
23620,0.00013,172.31.40.0-255,66,24421,79,145704
23621,0.000152,172.217.194.0-255,6797,31218,79,145704
23622,0.000154,172.31.40.0-255,66,31284,79,145704
23623,0.000277,172.217.194.0-255,1484,32768,79,145704
23624,0.000281,172.31.40.0-255,66,32834,79,145704
23625,0.000286,172.217.194.0-255,2902,35736,79,145704
23626,0.000288,172.31.40.0-255,66,35802,79,145704
23627,0.000291,172.217.194.0-255,1484,37286,79,145704
23628,0.000293,172.31.40.0-255,66,37352,79,145704
23629,0.000313,172.217.194.0-255,4320,41672,79,145704
23630,0.000315,172.31.40.0-255,66,41738,79,145704
23631,0.000319,172.217.194.0-255,2902,44640,79,145704
23632,0.000321,172.31.40.0-255,66,44706,79,145704
23633,0.000358,172.31.40.0-255,66,44772,79,145704
23634,0.000368,172.31.40.0-255,66,44838,79,145704
23635,0.000415,172.217.194.0-255,119,44957,79,145704
23636,0.000418,172.217.194.0-255,381,45338,79,145704
23637,0.00069,172.217.194.0-255,1484,46822,79,145704
23638,0.000695,172.31.40.0-255,66,46888,79,145704
23639,0.0007,172.217.194.0-255,2902,49790,79,145704
23640,0.000701,172.31.40.0-255,66,49856,79,145704
23641,0.000705,172.217.194.0-255,2902,52758,79,145704
23642,0.000707,172.31.40.0-255,66,52824,79,145704
23643,0.000731,172.217.194.0-255,2902,55726,79,145704
23644,0.000733,172.31.40.0-255,66,55792,79,145704
23645,0.000744,172.31.40.0-255,66,55858,79,145704
23646,0.00077,172.217.194.0-255,1484,57342,79,145704
23647,0.000789,172.31.40.0-255,66,57408,79,145704
23648,0.000815,172.217.194.0-255,2184,59592,79,145704
23649,0.000817,172.31.40.0-255,66,59658,79,145704
23650,0.001255,172.217.194.0-255,1484,61142,79,145704
23651,0.00126,172.217.194.0-255,2902,64044,79,145704
23652,0.001263,172.31.40.0-255,66,64110,79,145704
23653,0.001268,172.217.194.0-255,4320,68430,79,145704
23654,0.00127,172.31.40.0-255,66,68496,79,145704
23655,0.001293,172.217.194.0-255,1484,69980,79,145704
23656,0.001308,172.31.40.0-255,66,70046,79,145704
23657,0.001338,172.217.194.0-255,1484,71530,79,145704
23658,0.001362,172.31.40.0-255,66,71596,79,145704
23659,0.001518,172.217.194.0-255,1484,73080,79,145704
23660,0.001536,172.217.194.0-255,2902,75982,79,145704
23661,0.001539,172.31.40.0-255,66,76048,79,145704
23662,0.001545,172.217.194.0-255,5738,81786,79,145704
23663,0.001547,172.31.40.0-255,66,81852,79,145704
23664,0.001571,172.217.194.0-255,2902,84754,79,145704
23665,0.001573,172.31.40.0-255,66,84820,79,145704
23666,0.001609,172.31.40.0-255,66,84886,79,145704
23667,0.001618,172.31.40.0-255,66,84952,79,145704
23668,0.001622,172.217.194.0-255,2184,87136,79,145704
23669,0.001623,172.31.40.0-255,66,87202,79,145704
23670,0.001786,172.217.194.0-255,1484,88686,79,145704
23671,0.001791,172.217.194.0-255,1484,90170,79,145704
23672,0.001794,172.31.40.0-255,66,90236,79,145704
23673,0.001814,172.217.194.0-255,1484,91720,79,145704
23674,0.00182,172.217.194.0-255,5738,97458,79,145704
23675,0.001822,172.31.40.0-255,66,97524,79,145704
23676,0.001827,172.217.194.0-255,2902,100426,79,145704
23677,0.001828,172.31.40.0-255,66,100492,79,145704
23678,0.001868,172.31.40.0-255,66,100558,79,145704
23679,0.001908,172.31.40.0-255,66,100624,79,145704
23680,0.004143,172.217.194.0-255,5738,106362,79,145704
23681,0.00415,172.31.40.0-255,66,106428,79,145704
23682,0.006371,172.217.194.0-255,4320,110748,79,145704
23683,0.006375,172.31.40.0-255,66,110814,79,145704
23684,0.006397,172.217.194.0-255,1484,112298,79,145704
23685,0.008607,172.217.194.0-255,4320,116618,79,145704
23686,0.008616,172.31.40.0-255,66,116684,79,145704
23687,0.010855,172.217.194.0-255,5738,122422,79,145704
23688,0.010863,172.31.40.0-255,66,122488,79,145704
23689,0.013087,172.217.194.0-255,5738,128226,79,145704
23690,0.013094,172.31.40.0-255,66,128292,79,145704
23691,0.015303,172.217.194.0-255,5738,134030,79,145704
23692,0.015309,172.31.40.0-255,66,134096,79,145704
23693,0.01755,172.217.194.0-255,5738,139834,79,145704
23694,0.017558,172.31.40.0-255,66,139900,79,145704
23695,0.019768,172.217.194.0-255,5738,145638,79,145704
23696,0.019775,172.31.40.0-255,66,145704,79,145704
23697,0.0,172.217.194.0-255,297,297,79,197708
23698,2.5e-05,172.31.40.0-255,66,363,79,197708
23699,3.2e-05,172.217.194.0-255,1484,1847,79,197708
23700,3.7e-05,172.31.40.0-255,66,1913,79,197708
23701,4.4e-05,172.217.194.0-255,4320,6233,79,197708
23702,4.7e-05,172.31.40.0-255,66,6299,79,197708
23703,7e-05,172.31.40.0-255,66,6365,79,197708
23704,8.3e-05,172.31.40.0-255,66,6431,79,197708
23705,0.000132,172.217.194.0-255,5379,11810,79,197708
23706,0.000137,172.31.40.0-255,66,11876,79,197708
23707,0.000162,172.217.194.0-255,1484,13360,79,197708
23708,0.000165,172.31.40.0-255,66,13426,79,197708
23709,0.00017,172.217.194.0-255,2902,16328,79,197708
23710,0.000172,172.31.40.0-255,66,16394,79,197708
23711,0.000177,172.217.194.0-255,2902,19296,79,197708
23712,0.000179,172.31.40.0-255,66,19362,79,197708
23713,0.000202,172.217.194.0-255,2902,22264,79,197708
23714,0.000205,172.31.40.0-255,66,22330,79,197708
23715,0.000208,172.217.194.0-255,1484,23814,79,197708
23716,0.00021,172.31.40.0-255,66,23880,79,197708
23717,0.00026,172.31.40.0-255,66,23946,79,197708
23718,0.000266,172.217.194.0-255,4320,28266,79,197708
23719,0.000268,172.31.40.0-255,66,28332,79,197708
23720,0.000305,172.217.194.0-255,7122,35454,79,197708
23721,0.000309,172.31.40.0-255,66,35520,79,197708
23722,0.000359,172.217.194.0-255,1484,37004,79,197708
23723,0.000363,172.31.40.0-255,66,37070,79,197708
23724,0.000369,172.217.194.0-255,2902,39972,79,197708
23725,0.000371,172.31.40.0-255,66,40038,79,197708
23726,0.000376,172.217.194.0-255,5738,45776,79,197708
23727,0.000456,172.217.194.0-255,3676,49452,79,197708
23728,0.000485,172.217.194.0-255,1484,50936,79,197708
23729,0.000513,172.217.194.0-255,2902,53838,79,197708
23730,0.000589,172.217.194.0-255,5379,59217,79,197708
23731,0.000691,172.31.40.0-255,66,59283,79,197708
23732,0.000785,172.217.194.0-255,1484,60767,79,197708
23733,0.000793,172.217.194.0-255,2902,63669,79,197708
23734,0.000796,172.217.194.0-255,1484,65153,79,197708
23735,0.000814,172.31.40.0-255,66,65219,79,197708
23736,0.000847,172.217.194.0-255,4320,69539,79,197708
23737,0.000856,172.217.194.0-255,5738,75277,79,197708
23738,0.000858,172.217.194.0-255,1125,76402,79,197708
23739,0.000898,172.31.40.0-255,66,76468,79,197708
23740,0.001165,172.217.194.0-255,1484,77952,79,197708
23741,0.001173,172.217.194.0-255,2902,80854,79,197708
23742,0.001178,172.217.194.0-255,4320,85174,79,197708
23743,0.001201,172.31.40.0-255,66,85240,79,197708
23744,0.001206,172.217.194.0-255,1484,86724,79,197708
23745,0.001225,172.217.194.0-255,1484,88208,79,197708
23746,0.001235,172.31.40.0-255,66,88274,79,197708
23747,0.001293,172.31.40.0-255,66,88340,79,197708
23748,0.00172,172.217.194.0-255,1484,89824,79,197708
23749,0.001727,172.217.194.0-255,2902,92726,79,197708
23750,0.00173,172.31.40.0-255,66,92792,79,197708
23751,0.001736,172.217.194.0-255,5738,98530,79,197708
23752,0.001759,172.217.194.0-255,5738,104268,79,197708
23753,0.001761,172.31.40.0-255,66,104334,79,197708
23754,0.001765,172.31.40.0-255,66,104400,79,197708
23755,0.001775,172.217.194.0-255,7156,111556,79,197708
23756,0.001791,172.217.194.0-255,1484,113040,79,197708
23757,0.001799,172.31.40.0-255,66,113106,79,197708
23758,0.001835,172.217.194.0-255,1484,114590,79,197708
23759,0.001845,172.31.40.0-255,66,114656,79,197708
23760,0.001853,172.217.194.0-255,2902,117558,79,197708
23761,0.001856,172.217.194.0-255,2902,120460,79,197708
23762,0.001869,172.217.194.0-255,2902,123362,79,197708
23763,0.001871,172.31.40.0-255,66,123428,79,197708
23764,0.001887,172.217.194.0-255,5738,129166,79,197708
23765,0.001897,172.31.40.0-255,66,129232,79,197708
23766,0.001912,172.217.194.0-255,5738,134970,79,197708
23767,0.001924,172.31.40.0-255,66,135036,79,197708
23768,0.001946,172.217.194.0-255,7156,142192,79,197708
23769,0.001951,172.217.194.0-255,5020,147212,79,197708
23770,0.001959,172.31.40.0-255,66,147278,79,197708
23771,0.002044,172.217.194.0-255,1484,148762,79,197708
23772,0.002068,172.217.194.0-255,2902,151664,79,197708
23773,0.002071,172.217.194.0-255,1484,153148,79,197708
23774,0.002075,172.31.40.0-255,66,153214,79,197708
23775,0.002099,172.217.194.0-255,4320,157534,79,197708
23776,0.002101,172.31.40.0-255,66,157600,79,197708
23777,0.002107,172.217.194.0-255,5738,163338,79,197708
23778,0.002133,172.31.40.0-255,66,163404,79,197708
23779,0.002141,172.217.194.0-255,4320,167724,79,197708
23780,0.002145,172.31.40.0-255,66,167790,79,197708
23781,0.002187,172.217.194.0-255,766,168556,79,197708
23782,0.002195,172.31.40.0-255,66,168622,79,197708
23783,0.004319,172.217.194.0-255,5738,174360,79,197708
23784,0.004327,172.31.40.0-255,66,174426,79,197708
23785,0.006466,172.217.194.0-255,5738,180164,79,197708
23786,0.011485,172.31.40.0-255,66,180230,79,197708
23787,0.013485,172.217.194.0-255,1484,181714,79,197708
23788,0.013614,172.217.194.0-255,4320,186034,79,197708
23789,0.013623,172.31.40.0-255,66,186100,79,197708
23790,0.015758,172.217.194.0-255,5738,191838,79,197708
23791,0.015835,172.31.40.0-255,66,191904,79,197708
23792,0.017982,172.217.194.0-255,5738,197642,79,197708
23793,0.017988,172.31.40.0-255,66,197708,79,197708
23794,0.0,74.125.24.0-255,150,150,79,141831
23795,2.2e-05,172.31.40.0-255,66,216,79,141831
23796,3e-05,74.125.24.0-255,1484,1700,79,141831
23797,3.5e-05,172.31.40.0-255,66,1766,79,141831
23798,4.2e-05,74.125.24.0-255,2902,4668,79,141831
23799,4.5e-05,172.31.40.0-255,66,4734,79,141831
23800,5.4e-05,74.125.24.0-255,7156,11890,79,141831
23801,5.7e-05,172.31.40.0-255,66,11956,79,141831
23802,6.1e-05,74.125.24.0-255,2118,14074,79,141831
23803,6.3e-05,172.31.40.0-255,66,14140,79,141831
23804,6.8e-05,74.125.24.0-255,2902,17042,79,141831
23805,7.1e-05,172.31.40.0-255,66,17108,79,141831
23806,0.000104,74.125.24.0-255,7156,24264,79,141831
23807,0.000107,172.31.40.0-255,66,24330,79,141831
23808,0.000113,74.125.24.0-255,5738,30068,79,141831
23809,0.000115,172.31.40.0-255,66,30134,79,141831
23810,0.000137,74.125.24.0-255,1125,31259,79,141831
23811,0.000139,172.31.40.0-255,66,31325,79,141831
23812,0.000618,74.125.24.0-255,1484,32809,79,141831
23813,0.000624,172.31.40.0-255,66,32875,79,141831
23814,0.000631,74.125.24.0-255,2902,35777,79,141831
23815,0.000633,172.31.40.0-255,66,35843,79,141831
23816,0.000639,74.125.24.0-255,5738,41581,79,141831
23817,0.000641,172.31.40.0-255,66,41647,79,141831
23818,0.000644,74.125.24.0-255,1484,43131,79,141831
23819,0.000646,172.31.40.0-255,66,43197,79,141831
23820,0.000668,74.125.24.0-255,5379,48576,79,141831
23821,0.00067,172.31.40.0-255,66,48642,79,141831
23822,0.000706,74.125.24.0-255,4320,52962,79,141831
23823,0.000709,172.31.40.0-255,66,53028,79,141831
23824,0.000724,74.125.24.0-255,2902,55930,79,141831
23825,0.000727,172.31.40.0-255,66,55996,79,141831
23826,0.00073,74.125.24.0-255,1484,57480,79,141831
23827,0.000756,74.125.24.0-255,5738,63218,79,141831
23828,0.000759,172.31.40.0-255,66,63284,79,141831
23829,0.000776,74.125.24.0-255,2543,65827,79,141831
23830,0.000778,172.31.40.0-255,66,65893,79,141831
23831,0.001293,74.125.24.0-255,412,66305,79,141831
23832,0.001431,74.125.24.0-255,330,66635,79,141831
23833,0.001678,74.125.24.0-255,1484,68119,79,141831
23834,0.001685,172.31.40.0-255,66,68185,79,141831
23835,0.00169,74.125.24.0-255,1484,69669,79,141831
23836,0.001705,74.125.24.0-255,1484,71153,79,141831
23837,0.001707,172.31.40.0-255,66,71219,79,141831
23838,0.001715,74.125.24.0-255,5738,76957,79,141831
23839,0.001716,172.31.40.0-255,66,77023,79,141831
23840,0.001719,74.125.24.0-255,1484,78507,79,141831
23841,0.001741,74.125.24.0-255,4320,82827,79,141831
23842,0.001743,172.31.40.0-255,66,82893,79,141831
23843,0.001768,74.125.24.0-255,1125,84018,79,141831
23844,0.001799,74.125.24.0-255,1484,85502,79,141831
23845,0.001801,172.31.40.0-255,66,85568,79,141831
23846,0.00182,74.125.24.0-255,4320,89888,79,141831
23847,0.001822,172.31.40.0-255,66,89954,79,141831
23848,0.001829,74.125.24.0-255,5738,95692,79,141831
23849,0.001831,172.31.40.0-255,66,95758,79,141831
23850,0.001871,74.125.24.0-255,5379,101137,79,141831
23851,0.001875,172.31.40.0-255,66,101203,79,141831
23852,0.004186,74.125.24.0-255,5738,106941,79,141831
23853,0.004194,172.31.40.0-255,66,107007,79,141831
23854,0.006495,74.125.24.0-255,5738,112745,79,141831
23855,0.006502,172.31.40.0-255,66,112811,79,141831
23856,0.008822,74.125.24.0-255,5738,118549,79,141831
23857,0.008828,172.31.40.0-255,66,118615,79,141831
23858,0.011139,74.125.24.0-255,5738,124353,79,141831
23859,0.011147,172.31.40.0-255,66,124419,79,141831
23860,0.013437,74.125.24.0-255,5738,130157,79,141831
23861,0.013444,172.31.40.0-255,66,130223,79,141831
23862,0.01572,74.125.24.0-255,5738,135961,79,141831
23863,0.015728,172.31.40.0-255,66,136027,79,141831
23864,0.018024,74.125.24.0-255,5738,141765,79,141831
23865,0.018031,172.31.40.0-255,66,141831,79,141831
23866,0.0,74.125.68.0-255,153,153,79,339981
23867,2.3e-05,172.31.40.0-255,66,219,79,339981
23868,3e-05,74.125.68.0-255,1484,1703,79,339981
23869,3.5e-05,172.31.40.0-255,66,1769,79,339981
23870,6.5e-05,74.125.68.0-255,2902,4671,79,339981
23871,6.9e-05,172.31.40.0-255,66,4737,79,339981
23872,7.8e-05,74.125.68.0-255,7156,11893,79,339981
23873,8.2e-05,172.31.40.0-255,66,11959,79,339981
23874,8.5e-05,74.125.68.0-255,1484,13443,79,339981
23875,8.8e-05,172.31.40.0-255,66,13509,79,339981
23876,0.000112,74.125.68.0-255,2101,15610,79,339981
23877,0.000114,172.31.40.0-255,66,15676,79,339981
23878,0.000119,74.125.68.0-255,2902,18578,79,339981
23879,0.000122,172.31.40.0-255,66,18644,79,339981
23880,0.000156,74.125.68.0-255,2902,21546,79,339981
23881,0.000159,172.31.40.0-255,66,21612,79,339981
23882,0.000194,74.125.68.0-255,4320,25932,79,339981
23883,0.000197,172.31.40.0-255,66,25998,79,339981
23884,0.000201,74.125.68.0-255,2902,28900,79,339981
23885,0.000203,172.31.40.0-255,66,28966,79,339981
23886,0.000248,74.125.68.0-255,2543,31509,79,339981
23887,0.000253,172.31.40.0-255,66,31575,79,339981
23888,0.000288,74.125.68.0-255,1484,33059,79,339981
23889,0.000291,172.31.40.0-255,66,33125,79,339981
23890,0.000317,74.125.68.0-255,2902,36027,79,339981
23891,0.00032,172.31.40.0-255,66,36093,79,339981
23892,0.000327,74.125.68.0-255,5738,41831,79,339981
23893,0.00033,172.31.40.0-255,66,41897,79,339981
23894,0.000332,74.125.68.0-255,1484,43381,79,339981
23895,0.000335,172.31.40.0-255,66,43447,79,339981
23896,0.000339,74.125.68.0-255,2902,46349,79,339981
23897,0.000341,172.31.40.0-255,66,46415,79,339981
23898,0.000385,74.125.68.0-255,2543,48958,79,339981
23899,0.000397,74.125.68.0-255,1484,50442,79,339981
23900,0.000409,74.125.68.0-255,1484,51926,79,339981
23901,0.000433,74.125.68.0-255,7156,59082,79,339981
23902,0.000485,74.125.68.0-255,4320,63402,79,339981
23903,0.000502,74.125.68.0-255,2849,66251,79,339981
23904,0.000545,74.125.68.0-255,114,66365,79,339981
23905,0.000572,74.125.68.0-255,1484,67849,79,339981
23906,0.000606,74.125.68.0-255,1484,69333,79,339981
23907,0.000632,74.125.68.0-255,2902,72235,79,339981
23908,0.00066,172.31.40.0-255,66,72301,79,339981
23909,0.00069,74.125.68.0-255,4320,76621,79,339981
23910,0.000694,74.125.68.0-255,1484,78105,79,339981
23911,0.000717,74.125.68.0-255,2902,81007,79,339981
23912,0.000726,172.31.40.0-255,66,81073,79,339981
23913,0.000735,74.125.68.0-255,2902,83975,79,339981
23914,0.000753,74.125.68.0-255,2902,86877,79,339981
23915,0.000757,172.31.40.0-255,66,86943,79,339981
23916,0.000777,74.125.68.0-255,1484,88427,79,339981
23917,0.000783,74.125.68.0-255,4320,92747,79,339981
23918,0.000796,74.125.68.0-255,4320,97067,79,339981
23919,0.000814,172.31.40.0-255,66,97133,79,339981
23920,0.000842,74.125.68.0-255,3602,100735,79,339981
23921,0.000848,172.31.40.0-255,66,100801,79,339981
23922,0.000908,74.125.68.0-255,332,101133,79,339981
23923,0.00096,74.125.68.0-255,1484,102617,79,339981
23924,0.000973,74.125.68.0-255,2902,105519,79,339981
23925,0.000983,172.31.40.0-255,66,105585,79,339981
23926,0.000992,74.125.68.0-255,2902,108487,79,339981
23927,0.001015,74.125.68.0-255,2902,111389,79,339981
23928,0.001018,172.31.40.0-255,66,111455,79,339981
23929,0.001035,74.125.68.0-255,2902,114357,79,339981
23930,0.001052,172.31.40.0-255,66,114423,79,339981
23931,0.001078,74.125.68.0-255,5738,120161,79,339981
23932,0.001093,74.125.68.0-255,5020,125181,79,339981
23933,0.001107,172.31.40.0-255,66,125247,79,339981
23934,0.001133,74.125.68.0-255,1484,126731,79,339981
23935,0.001147,74.125.68.0-255,2902,129633,79,339981
23936,0.001162,74.125.68.0-255,2902,132535,79,339981
23937,0.001174,74.125.68.0-255,1484,134019,79,339981
23938,0.001181,74.125.68.0-255,5738,139757,79,339981
23939,0.001189,172.31.40.0-255,66,139823,79,339981
23940,0.001195,172.31.40.0-255,66,139889,79,339981
23941,0.001241,74.125.68.0-255,5738,145627,79,339981
23942,0.001262,172.31.40.0-255,66,145693,79,339981
23943,0.001271,74.125.68.0-255,2184,147877,79,339981
23944,0.001281,172.31.40.0-255,66,147943,79,339981
23945,0.001336,74.125.68.0-255,1484,149427,79,339981
23946,0.001352,74.125.68.0-255,2902,152329,79,339981
23947,0.001358,172.31.40.0-255,66,152395,79,339981
23948,0.001399,74.125.68.0-255,4320,156715,79,339981
23949,0.001406,74.125.68.0-255,4320,161035,79,339981
23950,0.001416,172.31.40.0-255,66,161101,79,339981
23951,0.001424,74.125.68.0-255,1484,162585,79,339981
23952,0.001427,74.125.68.0-255,1484,164069,79,339981
23953,0.001433,172.31.40.0-255,66,164135,79,339981
23954,0.001461,74.125.68.0-255,2902,167037,79,339981
23955,0.001472,74.125.68.0-255,1484,168521,79,339981
23956,0.001491,74.125.68.0-255,4320,172841,79,339981
23957,0.001497,172.31.40.0-255,66,172907,79,339981
23958,0.001511,74.125.68.0-255,4320,177227,79,339981
23959,0.001527,74.125.68.0-255,2902,180129,79,339981
23960,0.001531,74.125.68.0-255,2184,182313,79,339981
23961,0.001551,172.31.40.0-255,66,182379,79,339981
23962,0.001602,74.125.68.0-255,1484,183863,79,339981
23963,0.001605,74.125.68.0-255,1484,185347,79,339981
23964,0.001612,172.31.40.0-255,66,185413,79,339981
23965,0.00163,74.125.68.0-255,1484,186897,79,339981
23966,0.001633,74.125.68.0-255,1484,188381,79,339981
23967,0.001638,74.125.68.0-255,2902,191283,79,339981
23968,0.001651,172.31.40.0-255,66,191349,79,339981
23969,0.001689,74.125.68.0-255,4320,195669,79,339981
23970,0.001693,74.125.68.0-255,1484,197153,79,339981
23971,0.001714,74.125.68.0-255,4320,201473,79,339981
23972,0.001719,74.125.68.0-255,2902,204375,79,339981
23973,0.001724,172.31.40.0-255,66,204441,79,339981
23974,0.001747,74.125.68.0-255,3602,208043,79,339981
23975,0.001772,172.31.40.0-255,66,208109,79,339981
23976,0.001825,74.125.68.0-255,1484,209593,79,339981
23977,0.001838,74.125.68.0-255,2902,212495,79,339981
23978,0.001857,172.31.40.0-255,66,212561,79,339981
23979,0.001877,74.125.68.0-255,5738,218299,79,339981
23980,0.001918,74.125.68.0-255,4320,222619,79,339981
23981,0.001941,74.125.68.0-255,5738,228357,79,339981
23982,0.001946,74.125.68.0-255,4320,232677,79,339981
23983,0.001963,74.125.68.0-255,766,233443,79,339981
23984,0.001972,172.31.40.0-255,66,233509,79,339981
23985,0.002,74.125.68.0-255,1484,234993,79,339981
23986,0.002019,74.125.68.0-255,2902,237895,79,339981
23987,0.002029,172.31.40.0-255,66,237961,79,339981
23988,0.002039,74.125.68.0-255,4320,242281,79,339981
23989,0.002057,172.31.40.0-255,66,242347,79,339981
23990,0.00206,74.125.68.0-255,1484,243831,79,339981
23991,0.002066,74.125.68.0-255,5738,249569,79,339981
23992,0.002073,74.125.68.0-255,7156,256725,79,339981
23993,0.002104,74.125.68.0-255,2902,259627,79,339981
23994,0.002117,172.31.40.0-255,66,259693,79,339981
23995,0.002154,74.125.68.0-255,2902,262595,79,339981
23996,0.002161,172.31.40.0-255,66,262661,79,339981
23997,0.002178,74.125.68.0-255,7156,269817,79,339981
23998,0.002197,74.125.68.0-255,5738,275555,79,339981
23999,0.002211,74.125.68.0-255,5738,281293,79,339981
24000,0.002217,74.125.68.0-255,5738,287031,79,339981
24001,0.002222,172.31.40.0-255,66,287097,79,339981
24002,0.002256,74.125.68.0-255,1484,288581,79,339981
24003,0.002284,172.31.40.0-255,66,288647,79,339981
24004,0.002318,74.125.68.0-255,7156,295803,79,339981
24005,0.002324,74.125.68.0-255,4320,300123,79,339981
24006,0.002333,172.31.40.0-255,66,300189,79,339981
24007,0.002357,74.125.68.0-255,4320,304509,79,339981
24008,0.002363,74.125.68.0-255,5020,309529,79,339981
24009,0.002389,74.125.68.0-255,5738,315267,79,339981
24010,0.002393,172.31.40.0-255,66,315333,79,339981
24011,0.002398,172.31.40.0-255,66,315399,79,339981
24012,0.002452,74.125.68.0-255,6438,321837,79,339981
24013,0.002472,74.125.68.0-255,2902,324739,79,339981
24014,0.002478,172.31.40.0-255,66,324805,79,339981
24015,0.002487,74.125.68.0-255,4320,329125,79,339981
24016,0.002492,172.31.40.0-255,66,329191,79,339981
24017,0.002516,74.125.68.0-255,5738,334929,79,339981
24018,0.002519,74.125.68.0-255,1484,336413,79,339981
24019,0.002553,172.31.40.0-255,66,336479,79,339981
24020,0.005023,74.125.68.0-255,3436,339915,79,339981
24021,0.005029,172.31.40.0-255,66,339981,79,339981
24022,0.0,172.217.194.0-255,151,151,79,258489
24023,3.2e-05,172.31.40.0-255,66,217,79,258489
24024,3.8e-05,172.217.194.0-255,1484,1701,79,258489
24025,4.3e-05,172.31.40.0-255,66,1767,79,258489
24026,4.9e-05,172.217.194.0-255,2902,4669,79,258489
24027,5.3e-05,172.31.40.0-255,66,4735,79,258489
24028,6.1e-05,172.217.194.0-255,7156,11891,79,258489
24029,6.5e-05,172.31.40.0-255,66,11957,79,258489
24030,6.9e-05,172.217.194.0-255,2036,13993,79,258489
24031,7.1e-05,172.31.40.0-255,66,14059,79,258489
24032,0.000118,172.217.194.0-255,4320,18379,79,258489
24033,0.000122,172.31.40.0-255,66,18445,79,258489
24034,0.000127,172.217.194.0-255,2902,21347,79,258489
24035,0.000129,172.31.40.0-255,66,21413,79,258489
24036,0.000145,172.217.194.0-255,2902,24315,79,258489
24037,0.000148,172.31.40.0-255,66,24381,79,258489
24038,0.000166,172.217.194.0-255,4320,28701,79,258489
24039,0.000169,172.31.40.0-255,66,28767,79,258489
24040,0.000197,172.217.194.0-255,2543,31310,79,258489
24041,0.000199,172.31.40.0-255,66,31376,79,258489
24042,0.000225,172.217.194.0-255,1484,32860,79,258489
24043,0.000227,172.31.40.0-255,66,32926,79,258489
24044,0.000231,172.217.194.0-255,2902,35828,79,258489
24045,0.000233,172.31.40.0-255,66,35894,79,258489
24046,0.00025,172.217.194.0-255,5738,41632,79,258489
24047,0.000253,172.31.40.0-255,66,41698,79,258489
24048,0.000285,172.217.194.0-255,6797,48495,79,258489
24049,0.000288,172.31.40.0-255,66,48561,79,258489
24050,0.000309,172.217.194.0-255,4320,52881,79,258489
24051,0.000311,172.31.40.0-255,66,52947,79,258489
24052,0.000342,172.31.40.0-255,66,53013,79,258489
24053,0.000347,172.217.194.0-255,2797,55810,79,258489
24054,0.000349,172.31.40.0-255,66,55876,79,258489
24055,0.000352,172.217.194.0-255,119,55995,79,258489
24056,0.000375,172.217.194.0-255,378,56373,79,258489
24057,0.000541,172.217.194.0-255,1484,57857,79,258489
24058,0.000546,172.31.40.0-255,66,57923,79,258489
24059,0.000552,172.217.194.0-255,2902,60825,79,258489
24060,0.000554,172.31.40.0-255,66,60891,79,258489
24061,0.000578,172.217.194.0-255,5738,66629,79,258489
24062,0.000581,172.31.40.0-255,66,66695,79,258489
24063,0.000586,172.217.194.0-255,4320,71015,79,258489
24064,0.000589,172.31.40.0-255,66,71081,79,258489
24065,0.000592,172.217.194.0-255,1484,72565,79,258489
24066,0.000618,172.31.40.0-255,66,72631,79,258489
24067,0.000652,172.31.40.0-255,66,72697,79,258489
24068,0.001006,172.217.194.0-255,1484,74181,79,258489
24069,0.001014,172.217.194.0-255,2902,77083,79,258489
24070,0.001018,172.31.40.0-255,66,77149,79,258489
24071,0.001024,172.217.194.0-255,2902,80051,79,258489
24072,0.001026,172.31.40.0-255,66,80117,79,258489
24073,0.001048,172.217.194.0-255,2902,83019,79,258489
24074,0.00105,172.31.40.0-255,66,83085,79,258489
24075,0.001057,172.217.194.0-255,5738,88823,79,258489
24076,0.001059,172.31.40.0-255,66,88889,79,258489
24077,0.001062,172.217.194.0-255,1484,90373,79,258489
24078,0.001092,172.217.194.0-255,5738,96111,79,258489
24079,0.001095,172.31.40.0-255,66,96177,79,258489
24080,0.00112,172.217.194.0-255,5738,101915,79,258489
24081,0.001124,172.31.40.0-255,66,101981,79,258489
24082,0.00113,172.217.194.0-255,5020,107001,79,258489
24083,0.001132,172.31.40.0-255,66,107067,79,258489
24084,0.00125,172.217.194.0-255,1484,108551,79,258489
24085,0.001269,172.217.194.0-255,2902,111453,79,258489
24086,0.001272,172.31.40.0-255,66,111519,79,258489
24087,0.001276,172.217.194.0-255,1484,113003,79,258489
24088,0.001295,172.217.194.0-255,4320,117323,79,258489
24089,0.001298,172.31.40.0-255,66,117389,79,258489
24090,0.001306,172.217.194.0-255,7156,124545,79,258489
24091,0.001308,172.31.40.0-255,66,124611,79,258489
24092,0.001324,172.217.194.0-255,2902,127513,79,258489
24093,0.001327,172.31.40.0-255,66,127579,79,258489
24094,0.001342,172.217.194.0-255,2902,130481,79,258489
24095,0.001344,172.31.40.0-255,66,130547,79,258489
24096,0.001397,172.31.40.0-255,66,130613,79,258489
24097,0.001496,172.217.194.0-255,1484,132097,79,258489
24098,0.001502,172.217.194.0-255,2902,134999,79,258489
24099,0.001505,172.31.40.0-255,66,135065,79,258489
24100,0.001528,172.217.194.0-255,5738,140803,79,258489
24101,0.001531,172.31.40.0-255,66,140869,79,258489
24102,0.0016,172.217.194.0-255,2184,143053,79,258489
24103,0.001604,172.31.40.0-255,66,143119,79,258489
24104,0.001608,172.31.40.0-255,66,143185,79,258489
24105,0.001616,172.31.40.0-255,66,143251,79,258489
24106,0.002155,172.217.194.0-255,1484,144735,79,258489
24107,0.002176,172.217.194.0-255,2902,147637,79,258489
24108,0.00218,172.31.40.0-255,66,147703,79,258489
24109,0.002186,172.217.194.0-255,4320,152023,79,258489
24110,0.002188,172.31.40.0-255,66,152089,79,258489
24111,0.002208,172.217.194.0-255,1484,153573,79,258489
24112,0.00222,172.31.40.0-255,66,153639,79,258489
24113,0.002257,172.217.194.0-255,2902,156541,79,258489
24114,0.00226,172.31.40.0-255,66,156607,79,258489
24115,0.002294,172.31.40.0-255,66,156673,79,258489
24116,0.002368,172.217.194.0-255,1484,158157,79,258489
24117,0.002385,172.217.194.0-255,2902,161059,79,258489
24118,0.002388,172.31.40.0-255,66,161125,79,258489
24119,0.002391,172.217.194.0-255,1484,162609,79,258489
24120,0.002412,172.217.194.0-255,1484,164093,79,258489
24121,0.002414,172.31.40.0-255,66,164159,79,258489
24122,0.002418,172.217.194.0-255,1484,165643,79,258489
24123,0.002433,172.217.194.0-255,1484,167127,79,258489
24124,0.002436,172.31.40.0-255,66,167193,79,258489
24125,0.002464,172.31.40.0-255,66,167259,79,258489
24126,0.002476,172.31.40.0-255,66,167325,79,258489
24127,0.002508,172.217.194.0-255,5020,172345,79,258489
24128,0.002511,172.31.40.0-255,66,172411,79,258489
24129,0.002526,172.31.40.0-255,66,172477,79,258489
24130,0.002529,172.217.194.0-255,1484,173961,79,258489
24131,0.002532,172.217.194.0-255,1484,175445,79,258489
24132,0.002534,172.31.40.0-255,66,175511,79,258489
24133,0.002547,172.31.40.0-255,66,175577,79,258489
24134,0.002572,172.217.194.0-255,1484,177061,79,258489
24135,0.002578,172.217.194.0-255,3602,180663,79,258489
24136,0.00258,172.31.40.0-255,66,180729,79,258489
24137,0.002595,172.217.194.0-255,4320,185049,79,258489
24138,0.002597,172.31.40.0-255,66,185115,79,258489
24139,0.002602,172.217.194.0-255,2902,188017,79,258489
24140,0.002605,172.31.40.0-255,66,188083,79,258489
24141,0.002632,172.217.194.0-255,4320,192403,79,258489
24142,0.002635,172.31.40.0-255,66,192469,79,258489
24143,0.002642,172.217.194.0-255,7156,199625,79,258489
24144,0.002645,172.31.40.0-255,66,199691,79,258489
24145,0.002657,172.217.194.0-255,1484,201175,79,258489
24146,0.002663,172.217.194.0-255,4320,205495,79,258489
24147,0.002666,172.31.40.0-255,66,205561,79,258489
24148,0.002686,172.217.194.0-255,7156,212717,79,258489
24149,0.002689,172.31.40.0-255,66,212783,79,258489
24150,0.002692,172.217.194.0-255,1484,214267,79,258489
24151,0.002695,172.217.194.0-255,766,215033,79,258489
24152,0.002697,172.31.40.0-255,66,215099,79,258489
24153,0.002728,172.217.194.0-255,1484,216583,79,258489
24154,0.002748,172.217.194.0-255,4320,220903,79,258489
24155,0.002751,172.31.40.0-255,66,220969,79,258489
24156,0.002774,172.217.194.0-255,4320,225289,79,258489
24157,0.002777,172.31.40.0-255,66,225355,79,258489
24158,0.002782,172.217.194.0-255,4320,229675,79,258489
24159,0.002785,172.31.40.0-255,66,229741,79,258489
24160,0.0028,172.217.194.0-255,5738,235479,79,258489
24161,0.002803,172.31.40.0-255,66,235545,79,258489
24162,0.002838,172.31.40.0-255,66,235611,79,258489
24163,0.002902,172.31.40.0-255,66,235677,79,258489
24164,0.002912,172.31.40.0-255,66,235743,79,258489
24165,0.002918,172.217.194.0-255,5738,241481,79,258489
24166,0.00292,172.31.40.0-255,66,241547,79,258489
24167,0.002927,172.217.194.0-255,5738,247285,79,258489
24168,0.00293,172.31.40.0-255,66,247351,79,258489
24169,0.002953,172.217.194.0-255,2184,249535,79,258489
24170,0.002956,172.31.40.0-255,66,249601,79,258489
24171,0.00296,172.217.194.0-255,2902,252503,79,258489
24172,0.002962,172.31.40.0-255,66,252569,79,258489
24173,0.002965,172.217.194.0-255,1484,254053,79,258489
24174,0.002977,172.31.40.0-255,66,254119,79,258489
24175,0.002979,172.217.194.0-255,1484,255603,79,258489
24176,0.003016,172.217.194.0-255,1683,257286,79,258489
24177,0.00302,172.31.40.0-255,66,257352,79,258489
24178,0.003053,172.217.194.0-255,105,257457,79,258489
24179,0.003076,172.217.194.0-255,129,257586,79,258489
24180,0.011583,172.31.40.0-255,105,257691,79,258489
24181,0.011624,172.31.40.0-255,105,257796,79,258489
24182,0.011873,172.31.40.0-255,90,257886,79,258489
24183,0.01188,172.31.40.0-255,66,257952,79,258489
24184,0.012862,172.217.194.0-255,129,258081,79,258489
24185,0.012873,172.31.40.0-255,78,258159,79,258489
24186,0.013896,172.217.194.0-255,66,258225,79,258489
24187,0.013913,172.217.194.0-255,66,258291,79,258489
24188,0.014172,172.217.194.0-255,66,258357,79,258489
24189,0.014361,172.217.194.0-255,66,258423,79,258489
24190,0.01437,172.31.40.0-255,66,258489,79,258489
24191,0.0,172.217.194.0-255,143,143,79,75047
24192,2.3e-05,172.31.40.0-255,66,209,79,75047
24193,3e-05,172.217.194.0-255,1484,1693,79,75047
24194,3.5e-05,172.31.40.0-255,66,1759,79,75047
24195,4.1e-05,172.217.194.0-255,2902,4661,79,75047
24196,4.4e-05,172.31.40.0-255,66,4727,79,75047
24197,5e-05,172.217.194.0-255,4320,9047,79,75047
24198,5.3e-05,172.31.40.0-255,66,9113,79,75047
24199,0.000102,172.31.40.0-255,66,9179,79,75047
24200,0.000232,172.217.194.0-255,7156,16335,79,75047
24201,0.000236,172.31.40.0-255,66,16401,79,75047
24202,0.000336,172.217.194.0-255,7156,23557,79,75047
24203,0.00034,172.31.40.0-255,66,23623,79,75047
24204,0.000385,172.31.40.0-255,66,23689,79,75047
24205,0.000554,172.217.194.0-255,5738,29427,79,75047
24206,0.000561,172.31.40.0-255,66,29493,79,75047
24207,0.000604,172.31.40.0-255,66,29559,79,75047
24208,0.000617,172.217.194.0-255,1430,30989,79,75047
24209,0.000619,172.31.40.0-255,66,31055,79,75047
24210,0.000902,172.31.40.0-255,66,31121,79,75047
24211,0.000926,172.31.40.0-255,66,31187,79,75047
24212,0.001138,172.31.40.0-255,66,31253,79,75047
24213,0.001173,172.31.40.0-255,66,31319,79,75047
24214,0.001391,172.217.194.0-255,4320,35639,79,75047
24215,0.001397,172.31.40.0-255,66,35705,79,75047
24216,0.001456,172.31.40.0-255,66,35771,79,75047
24217,0.001495,172.31.40.0-255,66,35837,79,75047
24218,0.001992,172.31.40.0-255,66,35903,79,75047
24219,0.002773,172.217.194.0-255,5738,41641,79,75047
24220,0.003556,172.217.194.0-255,4320,45961,79,75047
24221,0.003647,172.217.194.0-255,5738,51699,79,75047
24222,0.00958,172.31.40.0-255,66,51765,79,75047
24223,0.011232,172.217.194.0-255,1484,53249,79,75047
24224,0.011799,172.217.194.0-255,4320,57569,79,75047
24225,0.011805,172.31.40.0-255,66,57635,79,75047
24226,0.014052,172.217.194.0-255,5738,63373,79,75047
24227,0.014061,172.31.40.0-255,66,63439,79,75047
24228,0.016278,172.217.194.0-255,5738,69177,79,75047
24229,0.016286,172.31.40.0-255,66,69243,79,75047
24230,0.018519,172.217.194.0-255,5738,74981,79,75047
24231,0.018536,172.31.40.0-255,66,75047,79,75047
24232,0.0,74.125.24.0-255,291,291,79,146787
24233,2e-05,172.31.40.0-255,66,357,79,146787
24234,2.7e-05,74.125.24.0-255,1484,1841,79,146787
24235,3.1e-05,172.31.40.0-255,66,1907,79,146787
24236,4.6e-05,74.125.24.0-255,4320,6227,79,146787
24237,5e-05,172.31.40.0-255,66,6293,79,146787
24238,6e-05,172.31.40.0-255,66,6359,79,146787
24239,0.0001,74.125.24.0-255,1484,7843,79,146787
24240,0.000103,172.31.40.0-255,66,7909,79,146787
24241,0.000108,74.125.24.0-255,2902,10811,79,146787
24242,0.00011,172.31.40.0-255,66,10877,79,146787
24243,0.000116,74.125.24.0-255,4320,15197,79,146787
24244,0.000123,172.31.40.0-255,66,15263,79,146787
24245,0.000143,74.125.24.0-255,1484,16747,79,146787
24246,0.000145,172.31.40.0-255,66,16813,79,146787
24247,0.000157,74.125.24.0-255,6797,23610,79,146787
24248,0.00016,172.31.40.0-255,66,23676,79,146787
24249,0.000201,74.125.24.0-255,1484,25160,79,146787
24250,0.000203,172.31.40.0-255,66,25226,79,146787
24251,0.000209,74.125.24.0-255,2902,28128,79,146787
24252,0.000211,172.31.40.0-255,66,28194,79,146787
24253,0.000222,74.125.24.0-255,5738,33932,79,146787
24254,0.000225,172.31.40.0-255,66,33998,79,146787
24255,0.000266,74.125.24.0-255,6797,40795,79,146787
24256,0.000268,172.31.40.0-255,66,40861,79,146787
24257,0.000295,74.125.24.0-255,7156,48017,79,146787
24258,0.000298,172.31.40.0-255,66,48083,79,146787
24259,0.000303,74.125.24.0-255,4320,52403,79,146787
24260,0.000306,172.31.40.0-255,66,52469,79,146787
24261,0.000325,74.125.24.0-255,4320,56789,79,146787
24262,0.000333,172.31.40.0-255,66,56855,79,146787
24263,0.000336,74.125.24.0-255,1460,58315,79,146787
24264,0.000485,74.125.24.0-255,109,58424,79,146787
24265,0.00049,172.31.40.0-255,66,58490,79,146787
24266,0.000494,74.125.24.0-255,331,58821,79,146787
24267,0.000757,74.125.24.0-255,1484,60305,79,146787
24268,0.000762,172.31.40.0-255,66,60371,79,146787
24269,0.000768,74.125.24.0-255,2902,63273,79,146787
24270,0.000771,172.31.40.0-255,66,63339,79,146787
24271,0.000782,74.125.24.0-255,5738,69077,79,146787
24272,0.000785,172.31.40.0-255,66,69143,79,146787
24273,0.00083,172.31.40.0-255,66,69209,79,146787
24274,0.000843,172.31.40.0-255,66,69275,79,146787
24275,0.000854,74.125.24.0-255,5020,74295,79,146787
24276,0.000856,172.31.40.0-255,66,74361,79,146787
24277,0.001135,74.125.24.0-255,1484,75845,79,146787
24278,0.001153,74.125.24.0-255,2902,78747,79,146787
24279,0.001157,172.31.40.0-255,66,78813,79,146787
24280,0.001161,74.125.24.0-255,1484,80297,79,146787
24281,0.001188,74.125.24.0-255,4320,84617,79,146787
24282,0.00119,172.31.40.0-255,66,84683,79,146787
24283,0.001204,172.31.40.0-255,66,84749,79,146787
24284,0.001215,74.125.24.0-255,7156,91905,79,146787
24285,0.001218,172.31.40.0-255,66,91971,79,146787
24286,0.001277,74.125.24.0-255,2902,94873,79,146787
24287,0.00128,172.31.40.0-255,66,94939,79,146787
24288,0.001305,74.125.24.0-255,766,95705,79,146787
24289,0.00187,172.31.40.0-255,66,95771,79,146787
24290,0.0033,74.125.24.0-255,1484,97255,79,146787
24291,0.003319,74.125.24.0-255,2902,100157,79,146787
24292,0.003325,172.31.40.0-255,66,100223,79,146787
24293,0.003939,74.125.24.0-255,1484,101707,79,146787
24294,0.005393,74.125.24.0-255,4320,106027,79,146787
24295,0.005397,172.31.40.0-255,66,106093,79,146787
24296,0.007445,74.125.24.0-255,1484,107577,79,146787
24297,0.007468,74.125.24.0-255,4320,111897,79,146787
24298,0.00747,172.31.40.0-255,66,111963,79,146787
24299,0.009555,74.125.24.0-255,5738,117701,79,146787
24300,0.009562,172.31.40.0-255,66,117767,79,146787
24301,0.011634,74.125.24.0-255,5738,123505,79,146787
24302,0.011641,172.31.40.0-255,66,123571,79,146787
24303,0.013703,74.125.24.0-255,5738,129309,79,146787
24304,0.013711,172.31.40.0-255,66,129375,79,146787
24305,0.015797,74.125.24.0-255,5738,135113,79,146787
24306,0.015805,172.31.40.0-255,66,135179,79,146787
24307,0.017873,74.125.24.0-255,5738,140917,79,146787
24308,0.01788,172.31.40.0-255,66,140983,79,146787
24309,0.019948,74.125.24.0-255,5738,146721,79,146787
24310,0.019956,172.31.40.0-255,66,146787,79,146787
24311,0.0,74.125.200.0-255,150,150,79,185053
24312,2e-05,172.31.40.0-255,66,216,79,185053
24313,2.7e-05,74.125.200.0-255,1484,1700,79,185053
24314,3.2e-05,172.31.40.0-255,66,1766,79,185053
24315,3.8e-05,74.125.200.0-255,2902,4668,79,185053
24316,4.2e-05,172.31.40.0-255,66,4734,79,185053
24317,4.9e-05,74.125.200.0-255,5738,10472,79,185053
24318,5.2e-05,172.31.40.0-255,66,10538,79,185053
24319,9.2e-05,74.125.200.0-255,3422,13960,79,185053
24320,9.4e-05,172.31.40.0-255,66,14026,79,185053
24321,0.000189,74.125.200.0-255,1484,15510,79,185053
24322,0.000193,172.31.40.0-255,66,15576,79,185053
24323,0.000197,74.125.200.0-255,1484,17060,79,185053
24324,0.000199,172.31.40.0-255,66,17126,79,185053
24325,0.000214,74.125.200.0-255,1484,18610,79,185053
24326,0.000216,172.31.40.0-255,66,18676,79,185053
24327,0.000235,74.125.200.0-255,5738,24414,79,185053
24328,0.000238,172.31.40.0-255,66,24480,79,185053
24329,0.000261,74.125.200.0-255,1484,25964,79,185053
24330,0.000264,172.31.40.0-255,66,26030,79,185053
24331,0.000284,74.125.200.0-255,5379,31409,79,185053
24332,0.000286,172.31.40.0-255,66,31475,79,185053
24333,0.000463,74.125.200.0-255,1484,32959,79,185053
24334,0.000467,172.31.40.0-255,66,33025,79,185053
24335,0.000474,74.125.200.0-255,2902,35927,79,185053
24336,0.000476,172.31.40.0-255,66,35993,79,185053
24337,0.000491,74.125.200.0-255,1484,37477,79,185053
24338,0.000493,172.31.40.0-255,66,37543,79,185053
24339,0.000515,74.125.200.0-255,2902,40445,79,185053
24340,0.000523,172.31.40.0-255,66,40511,79,185053
24341,0.000527,74.125.200.0-255,1484,41995,79,185053
24342,0.000529,172.31.40.0-255,66,42061,79,185053
24343,0.000549,74.125.200.0-255,4320,46381,79,185053
24344,0.000552,172.31.40.0-255,66,46447,79,185053
24345,0.000584,74.125.200.0-255,2543,48990,79,185053
24346,0.000588,172.31.40.0-255,66,49056,79,185053
24347,0.001036,74.125.200.0-255,1484,50540,79,185053
24348,0.001046,74.125.200.0-255,2902,53442,79,185053
24349,0.00105,172.31.40.0-255,66,53508,79,185053
24350,0.001072,74.125.200.0-255,2902,56410,79,185053
24351,0.001074,172.31.40.0-255,66,56476,79,185053
24352,0.001112,74.125.200.0-255,2902,59378,79,185053
24353,0.001115,172.31.40.0-255,66,59444,79,185053
24354,0.001121,74.125.200.0-255,4320,63764,79,185053
24355,0.001123,172.31.40.0-255,66,63830,79,185053
24356,0.001137,74.125.200.0-255,2543,66373,79,185053
24357,0.001139,172.31.40.0-255,66,66439,79,185053
24358,0.001178,74.125.200.0-255,2902,69341,79,185053
24359,0.001181,172.31.40.0-255,66,69407,79,185053
24360,0.0012,74.125.200.0-255,1484,70891,79,185053
24361,0.001204,74.125.200.0-255,1484,72375,79,185053
24362,0.001206,172.31.40.0-255,66,72441,79,185053
24363,0.001219,74.125.200.0-255,1484,73925,79,185053
24364,0.001236,74.125.200.0-255,1484,75409,79,185053
24365,0.001239,172.31.40.0-255,66,75475,79,185053
24366,0.001261,74.125.200.0-255,4320,79795,79,185053
24367,0.001264,172.31.40.0-255,66,79861,79,185053
24368,0.001302,74.125.200.0-255,3961,83822,79,185053
24369,0.001306,172.31.40.0-255,66,83888,79,185053
24370,0.001309,74.125.200.0-255,646,84534,79,185053
24371,0.001545,74.125.200.0-255,1484,86018,79,185053
24372,0.001551,172.31.40.0-255,66,86084,79,185053
24373,0.001557,74.125.200.0-255,2902,88986,79,185053
24374,0.00156,172.31.40.0-255,66,89052,79,185053
24375,0.001567,74.125.200.0-255,5738,94790,79,185053
24376,0.001569,172.31.40.0-255,66,94856,79,185053
24377,0.001612,74.125.200.0-255,4320,99176,79,185053
24378,0.001616,172.31.40.0-255,66,99242,79,185053
24379,0.001647,172.31.40.0-255,66,99308,79,185053
24380,0.001726,74.125.200.0-255,1484,100792,79,185053
24381,0.001759,172.31.40.0-255,66,100858,79,185053
24382,0.00194,74.125.200.0-255,1484,102342,79,185053
24383,0.001956,74.125.200.0-255,2902,105244,79,185053
24384,0.00196,172.31.40.0-255,66,105310,79,185053
24385,0.001964,74.125.200.0-255,1484,106794,79,185053
24386,0.00197,74.125.200.0-255,4320,111114,79,185053
24387,0.001973,172.31.40.0-255,66,111180,79,185053
24388,0.001997,74.125.200.0-255,1484,112664,79,185053
24389,0.002027,74.125.200.0-255,5379,118043,79,185053
24390,0.00203,172.31.40.0-255,66,118109,79,185053
24391,0.002072,74.125.200.0-255,1484,119593,79,185053
24392,0.002093,74.125.200.0-255,2902,122495,79,185053
24393,0.002096,172.31.40.0-255,66,122561,79,185053
24394,0.002131,74.125.200.0-255,5738,128299,79,185053
24395,0.002133,172.31.40.0-255,66,128365,79,185053
24396,0.002171,74.125.200.0-255,2902,131267,79,185053
24397,0.002174,172.31.40.0-255,66,131333,79,185053
24398,0.002196,74.125.200.0-255,7156,138489,79,185053
24399,0.002199,172.31.40.0-255,66,138555,79,185053
24400,0.002262,74.125.200.0-255,5738,144293,79,185053
24401,0.002265,172.31.40.0-255,66,144359,79,185053
24402,0.002296,172.31.40.0-255,66,144425,79,185053
24403,0.004569,74.125.200.0-255,5738,150163,79,185053
24404,0.004576,172.31.40.0-255,66,150229,79,185053
24405,0.006873,74.125.200.0-255,5738,155967,79,185053
24406,0.006888,172.31.40.0-255,66,156033,79,185053
24407,0.009156,74.125.200.0-255,5738,161771,79,185053
24408,0.009165,172.31.40.0-255,66,161837,79,185053
24409,0.011445,74.125.200.0-255,5738,167575,79,185053
24410,0.011464,172.31.40.0-255,66,167641,79,185053
24411,0.013758,74.125.200.0-255,5738,173379,79,185053
24412,0.013776,172.31.40.0-255,66,173445,79,185053
24413,0.016065,74.125.200.0-255,5738,179183,79,185053
24414,0.016083,172.31.40.0-255,66,179249,79,185053
24415,0.018385,74.125.200.0-255,5738,184987,79,185053
24416,0.018406,172.31.40.0-255,66,185053,79,185053
24417,0.0,74.125.68.0-255,145,145,79,323950
24418,2.6e-05,172.31.40.0-255,66,211,79,323950
24419,5.5e-05,74.125.68.0-255,1484,1695,79,323950
24420,6e-05,172.31.40.0-255,66,1761,79,323950
24421,6.6e-05,74.125.68.0-255,2902,4663,79,323950
24422,7e-05,172.31.40.0-255,66,4729,79,323950
24423,7.7e-05,74.125.68.0-255,5738,10467,79,323950
24424,8e-05,172.31.40.0-255,66,10533,79,323950
24425,8.5e-05,74.125.68.0-255,3447,13980,79,323950
24426,8.8e-05,172.31.40.0-255,66,14046,79,323950
24427,0.000159,74.125.68.0-255,2902,16948,79,323950
24428,0.000164,172.31.40.0-255,66,17014,79,323950
24429,0.000177,74.125.68.0-255,1484,18498,79,323950
24430,0.000179,172.31.40.0-255,66,18564,79,323950
24431,0.000183,74.125.68.0-255,1484,20048,79,323950
24432,0.000185,172.31.40.0-255,66,20114,79,323950
24433,0.000193,74.125.68.0-255,7156,27270,79,323950
24434,0.000195,172.31.40.0-255,66,27336,79,323950
24435,0.0002,74.125.68.0-255,3961,31297,79,323950
24436,0.000203,172.31.40.0-255,66,31363,79,323950
24437,0.000281,74.125.68.0-255,1484,32847,79,323950
24438,0.000284,172.31.40.0-255,66,32913,79,323950
24439,0.000304,74.125.68.0-255,2902,35815,79,323950
24440,0.000306,172.31.40.0-255,66,35881,79,323950
24441,0.000311,74.125.68.0-255,2902,38783,79,323950
24442,0.000314,172.31.40.0-255,66,38849,79,323950
24443,0.000336,74.125.68.0-255,2902,41751,79,323950
24444,0.000339,172.31.40.0-255,66,41817,79,323950
24445,0.000356,74.125.68.0-255,1484,43301,79,323950
24446,0.000358,172.31.40.0-255,66,43367,79,323950
24447,0.000388,172.31.40.0-255,66,43433,79,323950
24448,0.0004,172.31.40.0-255,66,43499,79,323950
24449,0.000405,74.125.68.0-255,4270,47769,79,323950
24450,0.000407,172.31.40.0-255,66,47835,79,323950
24451,0.000441,74.125.68.0-255,377,48212,79,323950
24452,0.000678,74.125.68.0-255,1484,49696,79,323950
24453,0.000681,172.31.40.0-255,66,49762,79,323950
24454,0.000686,74.125.68.0-255,2902,52664,79,323950
24455,0.000689,172.31.40.0-255,66,52730,79,323950
24456,0.000693,74.125.68.0-255,2902,55632,79,323950
24457,0.000695,172.31.40.0-255,66,55698,79,323950
24458,0.000713,74.125.68.0-255,4320,60018,79,323950
24459,0.000716,172.31.40.0-255,66,60084,79,323950
24460,0.000745,172.31.40.0-255,66,60150,79,323950
24461,0.000751,74.125.68.0-255,4320,64470,79,323950
24462,0.000753,172.31.40.0-255,66,64536,79,323950
24463,0.000766,74.125.68.0-255,1484,66020,79,323950
24464,0.000773,74.125.68.0-255,5738,71758,79,323950
24465,0.000776,172.31.40.0-255,66,71824,79,323950
24466,0.00079,74.125.68.0-255,1484,73308,79,323950
24467,0.000794,74.125.68.0-255,766,74074,79,323950
24468,0.000796,172.31.40.0-255,66,74140,79,323950
24469,0.000921,74.125.68.0-255,1484,75624,79,323950
24470,0.000937,74.125.68.0-255,2902,78526,79,323950
24471,0.00094,172.31.40.0-255,66,78592,79,323950
24472,0.000945,74.125.68.0-255,2902,81494,79,323950
24473,0.000947,172.31.40.0-255,66,81560,79,323950
24474,0.000959,74.125.68.0-255,1484,83044,79,323950
24475,0.000964,74.125.68.0-255,4320,87364,79,323950
24476,0.000967,172.31.40.0-255,66,87430,79,323950
24477,0.000986,74.125.68.0-255,1484,88914,79,323950
24478,0.001001,74.125.68.0-255,4320,93234,79,323950
24479,0.001004,172.31.40.0-255,66,93300,79,323950
24480,0.001024,74.125.68.0-255,5738,99038,79,323950
24481,0.001027,172.31.40.0-255,66,99104,79,323950
24482,0.001048,74.125.68.0-255,1484,100588,79,323950
24483,0.001067,172.31.40.0-255,66,100654,79,323950
24484,0.001138,74.125.68.0-255,1484,102138,79,323950
24485,0.001143,74.125.68.0-255,2902,105040,79,323950
24486,0.001146,172.31.40.0-255,66,105106,79,323950
24487,0.001167,74.125.68.0-255,4320,109426,79,323950
24488,0.00117,172.31.40.0-255,66,109492,79,323950
24489,0.001183,74.125.68.0-255,2902,112394,79,323950
24490,0.001185,172.31.40.0-255,66,112460,79,323950
24491,0.00121,74.125.68.0-255,5738,118198,79,323950
24492,0.001213,172.31.40.0-255,66,118264,79,323950
24493,0.001221,74.125.68.0-255,7156,125420,79,323950
24494,0.001223,172.31.40.0-255,66,125486,79,323950
24495,0.001267,74.125.68.0-255,4320,129806,79,323950
24496,0.00127,172.31.40.0-255,66,129872,79,323950
24497,0.001289,74.125.68.0-255,4320,134192,79,323950
24498,0.001292,172.31.40.0-255,66,134258,79,323950
24499,0.001294,74.125.68.0-255,766,135024,79,323950
24500,0.001297,74.125.68.0-255,1484,136508,79,323950
24501,0.001299,172.31.40.0-255,66,136574,79,323950
24502,0.001305,74.125.68.0-255,4320,140894,79,323950
24503,0.001307,172.31.40.0-255,66,140960,79,323950
24504,0.001318,172.31.40.0-255,66,141026,79,323950
24505,0.001339,74.125.68.0-255,1484,142510,79,323950
24506,0.001353,172.31.40.0-255,66,142576,79,323950
24507,0.00136,74.125.68.0-255,6438,149014,79,323950
24508,0.001362,172.31.40.0-255,66,149080,79,323950
24509,0.001416,74.125.68.0-255,1484,150564,79,323950
24510,0.001433,74.125.68.0-255,2902,153466,79,323950
24511,0.001435,172.31.40.0-255,66,153532,79,323950
24512,0.001454,74.125.68.0-255,5738,159270,79,323950
24513,0.001456,172.31.40.0-255,66,159336,79,323950
24514,0.001461,74.125.68.0-255,2902,162238,79,323950
24515,0.001463,172.31.40.0-255,66,162304,79,323950
24516,0.001469,74.125.68.0-255,4320,166624,79,323950
24517,0.001472,172.31.40.0-255,66,166690,79,323950
24518,0.001492,74.125.68.0-255,5738,172428,79,323950
24519,0.001494,172.31.40.0-255,66,172494,79,323950
24520,0.00152,74.125.68.0-255,2902,175396,79,323950
24521,0.001523,172.31.40.0-255,66,175462,79,323950
24522,0.001529,74.125.68.0-255,5738,181200,79,323950
24523,0.001561,74.125.68.0-255,2184,183384,79,323950
24524,0.001577,74.125.68.0-255,2902,186286,79,323950
24525,0.001598,74.125.68.0-255,2902,189188,79,323950
24526,0.001614,74.125.68.0-255,4320,193508,79,323950
24527,0.001618,74.125.68.0-255,2902,196410,79,323950
24528,0.001649,74.125.68.0-255,7156,203566,79,323950
24529,0.001725,74.125.68.0-255,4320,207886,79,323950
24530,0.001736,74.125.68.0-255,766,208652,79,323950
24531,0.001739,74.125.68.0-255,1484,210136,79,323950
24532,0.001745,74.125.68.0-255,4320,214456,79,323950
24533,0.001757,74.125.68.0-255,1484,215940,79,323950
24534,0.00177,74.125.68.0-255,2902,218842,79,323950
24535,0.001777,74.125.68.0-255,5738,224580,79,323950
24536,0.001823,74.125.68.0-255,2902,227482,79,323950
24537,0.001879,74.125.68.0-255,3602,231084,79,323950
24538,0.002018,74.125.68.0-255,1484,232568,79,323950
24539,0.002052,74.125.68.0-255,2902,235470,79,323950
24540,0.00206,74.125.68.0-255,5738,241208,79,323950
24541,0.002063,74.125.68.0-255,1484,242692,79,323950
24542,0.002133,74.125.68.0-255,2184,244876,79,323950
24543,0.002198,74.125.68.0-255,1484,246360,79,323950
24544,0.002202,74.125.68.0-255,1484,247844,79,323950
24545,0.002214,74.125.68.0-255,1484,249328,79,323950
24546,0.002217,74.125.68.0-255,1484,250812,79,323950
24547,0.002222,74.125.68.0-255,2902,253714,79,323950
24548,0.002268,74.125.68.0-255,5738,259452,79,323950
24549,0.002274,74.125.68.0-255,4320,263772,79,323950
24550,0.002299,74.125.68.0-255,7156,270928,79,323950
24551,0.002324,74.125.68.0-255,4320,275248,79,323950
24552,0.00234,74.125.68.0-255,3602,278850,79,323950
24553,0.002384,74.125.68.0-255,1484,280334,79,323950
24554,0.002423,74.125.68.0-255,2902,283236,79,323950
24555,0.002426,74.125.68.0-255,1484,284720,79,323950
24556,0.002443,74.125.68.0-255,1484,286204,79,323950
24557,0.002448,74.125.68.0-255,4320,290524,79,323950
24558,0.002473,74.125.68.0-255,2902,293426,79,323950
24559,0.002493,74.125.68.0-255,4320,297746,79,323950
24560,0.00253,74.125.68.0-255,4320,302066,79,323950
24561,0.002547,74.125.68.0-255,2184,304250,79,323950
24562,0.002592,172.31.40.0-255,66,304316,79,323950
24563,0.005208,74.125.68.0-255,5738,310054,79,323950
24564,0.005215,172.31.40.0-255,66,310120,79,323950
24565,0.007851,74.125.68.0-255,5738,315858,79,323950
24566,0.007859,172.31.40.0-255,66,315924,79,323950
24567,0.010445,74.125.68.0-255,5738,321662,79,323950
24568,0.010451,172.31.40.0-255,66,321728,79,323950
24569,0.01304,74.125.68.0-255,1985,323713,79,323950
24570,0.013055,172.31.40.0-255,66,323779,79,323950
24571,0.014156,172.31.40.0-255,105,323884,79,323950
24572,0.016701,74.125.68.0-255,66,323950,79,323950
24573,0.0,172.31.40.0-255,105,105,79,276
24574,0.001781,157.240.7.0-255,105,210,79,276
24575,0.001796,172.31.40.0-255,66,276,79,276
24576,0.0,74.125.24.0-255,152,152,79,175795
24577,2.3e-05,172.31.40.0-255,66,218,79,175795
24578,3e-05,74.125.24.0-255,1484,1702,79,175795
24579,3.5e-05,172.31.40.0-255,66,1768,79,175795
24580,4.1e-05,74.125.24.0-255,2902,4670,79,175795
24581,4.4e-05,172.31.40.0-255,66,4736,79,175795
24582,5.2e-05,74.125.24.0-255,7156,11892,79,175795
24583,5.5e-05,172.31.40.0-255,66,11958,79,175795
24584,6.2e-05,74.125.24.0-255,5738,17696,79,175795
24585,6.6e-05,172.31.40.0-255,66,17762,79,175795
24586,9.2e-05,74.125.24.0-255,2001,19763,79,175795
24587,9.5e-05,172.31.40.0-255,66,19829,79,175795
24588,0.00011,172.31.40.0-255,66,19895,79,175795
24589,0.000714,74.125.24.0-255,1484,21379,79,175795
24590,0.00072,172.31.40.0-255,66,21445,79,175795
24591,0.000727,74.125.24.0-255,2902,24347,79,175795
24592,0.000729,172.31.40.0-255,66,24413,79,175795
24593,0.000751,74.125.24.0-255,5738,30151,79,175795
24594,0.000754,172.31.40.0-255,66,30217,79,175795
24595,0.000759,74.125.24.0-255,2902,33119,79,175795
24596,0.00076,172.31.40.0-255,66,33185,79,175795
24597,0.000796,74.125.24.0-255,5738,38923,79,175795
24598,0.000799,172.31.40.0-255,66,38989,79,175795
24599,0.00082,74.125.24.0-255,5379,44368,79,175795
24600,0.000822,172.31.40.0-255,66,44434,79,175795
24601,0.000827,74.125.24.0-255,4320,48754,79,175795
24602,0.000829,172.31.40.0-255,66,48820,79,175795
24603,0.00085,74.125.24.0-255,1484,50304,79,175795
24604,0.000852,172.31.40.0-255,66,50370,79,175795
24605,0.000871,74.125.24.0-255,4285,54655,79,175795
24606,0.000873,172.31.40.0-255,66,54721,79,175795
24607,0.00101,74.125.24.0-255,1484,56205,79,175795
24608,0.001017,74.125.24.0-255,2902,59107,79,175795
24609,0.001021,74.125.24.0-255,1484,60591,79,175795
24610,0.001035,74.125.24.0-255,4320,64911,79,175795
24611,0.001055,74.125.24.0-255,5738,70649,79,175795
24612,0.001077,74.125.24.0-255,7156,77805,79,175795
24613,0.001082,74.125.24.0-255,2902,80707,79,175795
24614,0.001125,74.125.24.0-255,1484,82191,79,175795
24615,0.001168,74.125.24.0-255,1484,83675,79,175795
24616,0.001189,74.125.24.0-255,4320,87995,79,175795
24617,0.001247,74.125.24.0-255,3602,91597,79,175795
24618,0.001261,74.125.24.0-255,332,91929,79,175795
24619,0.001278,74.125.24.0-255,1484,93413,79,175795
24620,0.00129,74.125.24.0-255,4320,97733,79,175795
24621,0.001303,74.125.24.0-255,1484,99217,79,175795
24622,0.001321,74.125.24.0-255,7156,106373,79,175795
24623,0.001383,74.125.24.0-255,1484,107857,79,175795
24624,0.001404,74.125.24.0-255,5020,112877,79,175795
24625,0.001527,74.125.24.0-255,1484,114361,79,175795
24626,0.001533,74.125.24.0-255,2902,117263,79,175795
24627,0.001537,74.125.24.0-255,1484,118747,79,175795
24628,0.001555,74.125.24.0-255,4320,123067,79,175795
24629,0.001558,74.125.24.0-255,1484,124551,79,175795
24630,0.001586,74.125.24.0-255,1484,126035,79,175795
24631,0.001798,74.125.24.0-255,1484,127519,79,175795
24632,0.001804,74.125.24.0-255,2902,130421,79,175795
24633,0.001824,74.125.24.0-255,5738,136159,79,175795
24634,0.001865,74.125.24.0-255,1484,137643,79,175795
24635,0.001871,74.125.24.0-255,7156,144799,79,175795
24636,0.001898,74.125.24.0-255,3602,148401,79,175795
24637,0.001976,74.125.24.0-255,1484,149885,79,175795
24638,0.001992,74.125.24.0-255,2902,152787,79,175795
24639,0.002013,74.125.24.0-255,5738,158525,79,175795
24640,0.002026,74.125.24.0-255,2902,161427,79,175795
24641,0.002066,74.125.24.0-255,1484,162911,79,175795
24642,0.00216,74.125.24.0-255,4320,167231,79,175795
24643,0.002303,74.125.24.0-255,5020,172251,79,175795
24644,0.006218,172.31.40.0-255,66,172317,79,175795
24645,0.008529,74.125.24.0-255,3241,175558,79,175795
24646,0.008542,172.31.40.0-255,66,175624,79,175795
24647,0.013977,172.31.40.0-255,105,175729,79,175795
24648,0.016215,74.125.24.0-255,66,175795,79,175795
24649,0.0,74.125.130.0-255,295,295,79,234359
24650,1.9e-05,172.31.40.0-255,66,361,79,234359
24651,2.6e-05,74.125.130.0-255,1484,1845,79,234359
24652,3e-05,172.31.40.0-255,66,1911,79,234359
24653,3.6e-05,74.125.130.0-255,2902,4813,79,234359
24654,4e-05,172.31.40.0-255,66,4879,79,234359
24655,7e-05,74.125.130.0-255,4320,9199,79,234359
24656,7.4e-05,172.31.40.0-255,66,9265,79,234359
24657,7.7e-05,74.125.130.0-255,1484,10749,79,234359
24658,7.9e-05,172.31.40.0-255,66,10815,79,234359
24659,9.6e-05,74.125.130.0-255,3250,14065,79,234359
24660,0.0001,172.31.40.0-255,66,14131,79,234359
24661,0.000104,74.125.130.0-255,2902,17033,79,234359
24662,0.000106,172.31.40.0-255,66,17099,79,234359
24663,0.000109,74.125.130.0-255,1484,18583,79,234359
24664,0.000111,172.31.40.0-255,66,18649,79,234359
24665,0.000134,74.125.130.0-255,2902,21551,79,234359
24666,0.000137,172.31.40.0-255,66,21617,79,234359
24667,0.000144,74.125.130.0-255,5738,27355,79,234359
24668,0.000146,172.31.40.0-255,66,27421,79,234359
24669,0.000169,74.125.130.0-255,2902,30323,79,234359
24670,0.000172,172.31.40.0-255,66,30389,79,234359
24671,0.000175,74.125.130.0-255,1125,31514,79,234359
24672,0.000177,172.31.40.0-255,66,31580,79,234359
24673,0.000339,74.125.130.0-255,1484,33064,79,234359
24674,0.000344,172.31.40.0-255,66,33130,79,234359
24675,0.000351,74.125.130.0-255,2902,36032,79,234359
24676,0.000353,172.31.40.0-255,66,36098,79,234359
24677,0.000368,74.125.130.0-255,2902,39000,79,234359
24678,0.000372,172.31.40.0-255,66,39066,79,234359
24679,0.000378,74.125.130.0-255,4320,43386,79,234359
24680,0.00038,172.31.40.0-255,66,43452,79,234359
24681,0.000422,74.125.130.0-255,5738,49190,79,234359
24682,0.000425,172.31.40.0-255,66,49256,79,234359
24683,0.000444,74.125.130.0-255,2543,51799,79,234359
24684,0.000447,172.31.40.0-255,66,51865,79,234359
24685,0.000454,74.125.130.0-255,7156,59021,79,234359
24686,0.000457,172.31.40.0-255,66,59087,79,234359
24687,0.000477,74.125.130.0-255,1484,60571,79,234359
24688,0.000483,74.125.130.0-255,2902,63473,79,234359
24689,0.000485,172.31.40.0-255,66,63539,79,234359
24690,0.000521,74.125.130.0-255,2831,66370,79,234359
24691,0.000523,172.31.40.0-255,66,66436,79,234359
24692,0.000543,74.125.130.0-255,367,66803,79,234359
24693,0.000728,74.125.130.0-255,1484,68287,79,234359
24694,0.000732,172.31.40.0-255,66,68353,79,234359
24695,0.000737,74.125.130.0-255,2902,71255,79,234359
24696,0.00074,172.31.40.0-255,66,71321,79,234359
24697,0.000761,74.125.130.0-255,5738,77059,79,234359
24698,0.000766,74.125.130.0-255,4320,81379,79,234359
24699,0.00077,172.31.40.0-255,66,81445,79,234359
24700,0.000773,172.31.40.0-255,66,81511,79,234359
24701,0.000789,74.125.130.0-255,5738,87249,79,234359
24702,0.000791,172.31.40.0-255,66,87315,79,234359
24703,0.000847,172.31.40.0-255,66,87381,79,234359
24704,0.000864,74.125.130.0-255,1484,88865,79,234359
24705,0.000869,74.125.130.0-255,2184,91049,79,234359
24706,0.000871,172.31.40.0-255,66,91115,79,234359
24707,0.001085,74.125.130.0-255,1484,92599,79,234359
24708,0.001108,74.125.130.0-255,2902,95501,79,234359
24709,0.001111,172.31.40.0-255,66,95567,79,234359
24710,0.001118,74.125.130.0-255,5738,101305,79,234359
24711,0.00112,172.31.40.0-255,66,101371,79,234359
24712,0.001123,74.125.130.0-255,1484,102855,79,234359
24713,0.001146,74.125.130.0-255,2902,105757,79,234359
24714,0.001152,74.125.130.0-255,5738,111495,79,234359
24715,0.001156,172.31.40.0-255,66,111561,79,234359
24716,0.001163,172.31.40.0-255,66,111627,79,234359
24717,0.001175,74.125.130.0-255,2902,114529,79,234359
24718,0.001177,172.31.40.0-255,66,114595,79,234359
24719,0.00121,172.31.40.0-255,66,114661,79,234359
24720,0.001229,74.125.130.0-255,2184,116845,79,234359
24721,0.001231,172.31.40.0-255,66,116911,79,234359
24722,0.001361,74.125.130.0-255,1484,118395,79,234359
24723,0.001378,74.125.130.0-255,2902,121297,79,234359
24724,0.001382,172.31.40.0-255,66,121363,79,234359
24725,0.001387,74.125.130.0-255,2902,124265,79,234359
24726,0.001389,172.31.40.0-255,66,124331,79,234359
24727,0.001401,74.125.130.0-255,1484,125815,79,234359
24728,0.001422,74.125.130.0-255,7156,132971,79,234359
24729,0.001425,172.31.40.0-255,66,133037,79,234359
24730,0.001438,74.125.130.0-255,1484,134521,79,234359
24731,0.001441,74.125.130.0-255,1484,136005,79,234359
24732,0.001444,172.31.40.0-255,66,136071,79,234359
24733,0.001469,74.125.130.0-255,1484,137555,79,234359
24734,0.001482,74.125.130.0-255,1484,139039,79,234359
24735,0.001485,172.31.40.0-255,66,139105,79,234359
24736,0.001492,74.125.130.0-255,5738,144843,79,234359
24737,0.001495,172.31.40.0-255,66,144909,79,234359
24738,0.001499,74.125.130.0-255,2902,147811,79,234359
24739,0.001501,172.31.40.0-255,66,147877,79,234359
24740,0.001516,74.125.130.0-255,3602,151479,79,234359
24741,0.001518,172.31.40.0-255,66,151545,79,234359
24742,0.001996,74.125.130.0-255,1484,153029,79,234359
24743,0.002012,74.125.130.0-255,2902,155931,79,234359
24744,0.002016,172.31.40.0-255,66,155997,79,234359
24745,0.002046,74.125.130.0-255,4320,160317,79,234359
24746,0.002049,172.31.40.0-255,66,160383,79,234359
24747,0.002056,74.125.130.0-255,5738,166121,79,234359
24748,0.002059,172.31.40.0-255,66,166187,79,234359
24749,0.00208,74.125.130.0-255,1484,167671,79,234359
24750,0.002097,74.125.130.0-255,4320,171991,79,234359
24751,0.0021,172.31.40.0-255,66,172057,79,234359
24752,0.002125,74.125.130.0-255,5738,177795,79,234359
24753,0.002128,172.31.40.0-255,66,177861,79,234359
24754,0.002134,74.125.130.0-255,4320,182181,79,234359
24755,0.002136,172.31.40.0-255,66,182247,79,234359
24756,0.002186,172.31.40.0-255,66,182313,79,234359
24757,0.002189,172.31.40.0-255,66,182379,79,234359
24758,0.002207,74.125.130.0-255,4320,186699,79,234359
24759,0.00221,172.31.40.0-255,66,186765,79,234359
24760,0.002213,74.125.130.0-255,1484,188249,79,234359
24761,0.002217,74.125.130.0-255,2902,191151,79,234359
24762,0.002219,172.31.40.0-255,66,191217,79,234359
24763,0.002226,74.125.130.0-255,5738,196955,79,234359
24764,0.002228,172.31.40.0-255,66,197021,79,234359
24765,0.002233,74.125.130.0-255,2184,199205,79,234359
24766,0.002234,172.31.40.0-255,66,199271,79,234359
24767,0.004737,74.125.130.0-255,2902,202173,79,234359
24768,0.004745,172.31.40.0-255,66,202239,79,234359
24769,0.004766,74.125.130.0-255,2902,205141,79,234359
24770,0.004769,172.31.40.0-255,66,205207,79,234359
24771,0.007258,74.125.130.0-255,2902,208109,79,234359
24772,0.007262,172.31.40.0-255,66,208175,79,234359
24773,0.007281,74.125.130.0-255,2902,211077,79,234359
24774,0.007283,172.31.40.0-255,66,211143,79,234359
24775,0.009786,74.125.130.0-255,5738,216881,79,234359
24776,0.009792,172.31.40.0-255,66,216947,79,234359
24777,0.012333,74.125.130.0-255,5738,222685,79,234359
24778,0.01236,172.31.40.0-255,66,222751,79,234359
24779,0.01489,74.125.130.0-255,5738,228489,79,234359
24780,0.014906,172.31.40.0-255,66,228555,79,234359
24781,0.017451,74.125.130.0-255,5738,234293,79,234359
24782,0.017467,172.31.40.0-255,66,234359,79,234359
24783,0.0,74.125.24.0-255,152,152,79,235001
24784,1.6e-05,172.31.40.0-255,66,218,79,235001
24785,2.3e-05,74.125.24.0-255,1484,1702,79,235001
24786,2.8e-05,172.31.40.0-255,66,1768,79,235001
24787,3.1e-05,74.125.24.0-255,1484,3252,79,235001
24788,4.4e-05,172.31.40.0-255,66,3318,79,235001
24789,5.2e-05,74.125.24.0-255,4320,7638,79,235001
24790,5.5e-05,172.31.40.0-255,66,7704,79,235001
24791,6.9e-05,172.31.40.0-255,66,7770,79,235001
24792,7.7e-05,74.125.24.0-255,7156,14926,79,235001
24793,7.9e-05,172.31.40.0-255,66,14992,79,235001
24794,0.000102,74.125.24.0-255,4320,19312,79,235001
24795,0.000109,172.31.40.0-255,66,19378,79,235001
24796,0.000112,74.125.24.0-255,1125,20503,79,235001
24797,0.000115,172.31.40.0-255,66,20569,79,235001
24798,0.000193,74.125.24.0-255,1484,22053,79,235001
24799,0.000196,172.31.40.0-255,66,22119,79,235001
24800,0.000204,74.125.24.0-255,2902,25021,79,235001
24801,0.000206,172.31.40.0-255,66,25087,79,235001
24802,0.000224,74.125.24.0-255,4320,29407,79,235001
24803,0.000231,172.31.40.0-255,66,29473,79,235001
24804,0.000237,74.125.24.0-255,5738,35211,79,235001
24805,0.00024,172.31.40.0-255,66,35277,79,235001
24806,0.000294,74.125.24.0-255,2902,38179,79,235001
24807,0.000296,172.31.40.0-255,66,38245,79,235001
24808,0.00033,172.31.40.0-255,66,38311,79,235001
24809,0.000337,74.125.24.0-255,7114,45425,79,235001
24810,0.00034,172.31.40.0-255,66,45491,79,235001
24811,0.000342,74.125.24.0-255,107,45598,79,235001
24812,0.000345,172.31.40.0-255,66,45664,79,235001
24813,0.000425,74.125.24.0-255,1484,47148,79,235001
24814,0.00044,74.125.24.0-255,2902,50050,79,235001
24815,0.000443,172.31.40.0-255,66,50116,79,235001
24816,0.000449,74.125.24.0-255,2902,53018,79,235001
24817,0.00045,172.31.40.0-255,66,53084,79,235001
24818,0.000478,74.125.24.0-255,2902,55986,79,235001
24819,0.000481,172.31.40.0-255,66,56052,79,235001
24820,0.000486,74.125.24.0-255,2902,58954,79,235001
24821,0.000488,172.31.40.0-255,66,59020,79,235001
24822,0.000531,74.125.24.0-255,6797,65817,79,235001
24823,0.000533,172.31.40.0-255,66,65883,79,235001
24824,0.00055,172.31.40.0-255,66,65949,79,235001
24825,0.000555,74.125.24.0-255,3961,69910,79,235001
24826,0.000557,172.31.40.0-255,66,69976,79,235001
24827,0.000601,74.125.24.0-255,331,70307,79,235001
24828,0.000678,74.125.24.0-255,1484,71791,79,235001
24829,0.000682,172.31.40.0-255,66,71857,79,235001
24830,0.000687,74.125.24.0-255,2902,74759,79,235001
24831,0.00069,172.31.40.0-255,66,74825,79,235001
24832,0.000694,74.125.24.0-255,2902,77727,79,235001
24833,0.000696,172.31.40.0-255,66,77793,79,235001
24834,0.000719,74.125.24.0-255,2902,80695,79,235001
24835,0.000722,172.31.40.0-255,66,80761,79,235001
24836,0.000729,74.125.24.0-255,5738,86499,79,235001
24837,0.000731,172.31.40.0-255,66,86565,79,235001
24838,0.000767,74.125.24.0-255,7156,93721,79,235001
24839,0.00077,172.31.40.0-255,66,93787,79,235001
24840,0.000773,74.125.24.0-255,1484,95271,79,235001
24841,0.000779,74.125.24.0-255,4320,99591,79,235001
24842,0.000782,172.31.40.0-255,66,99657,79,235001
24843,0.000811,74.125.24.0-255,5020,104677,79,235001
24844,0.000814,172.31.40.0-255,66,104743,79,235001
24845,0.000886,74.125.24.0-255,1484,106227,79,235001
24846,0.000891,74.125.24.0-255,2902,109129,79,235001
24847,0.000894,172.31.40.0-255,66,109195,79,235001
24848,0.000898,74.125.24.0-255,1484,110679,79,235001
24849,0.000929,74.125.24.0-255,4320,114999,79,235001
24850,0.000932,172.31.40.0-255,66,115065,79,235001
24851,0.000946,172.31.40.0-255,66,115131,79,235001
24852,0.000975,74.125.24.0-255,4320,119451,79,235001
24853,0.000979,172.31.40.0-255,66,119517,79,235001
24854,0.001014,172.31.40.0-255,66,119583,79,235001
24855,0.00104,74.125.24.0-255,2902,122485,79,235001
24856,0.001043,172.31.40.0-255,66,122551,79,235001
24857,0.001048,74.125.24.0-255,4320,126871,79,235001
24858,0.00105,172.31.40.0-255,66,126937,79,235001
24859,0.001053,74.125.24.0-255,1484,128421,79,235001
24860,0.001085,74.125.24.0-255,7156,135577,79,235001
24861,0.001087,172.31.40.0-255,66,135643,79,235001
24862,0.001096,74.125.24.0-255,7156,142799,79,235001
24863,0.001098,172.31.40.0-255,66,142865,79,235001
24864,0.001126,74.125.24.0-255,5738,148603,79,235001
24865,0.001129,172.31.40.0-255,66,148669,79,235001
24866,0.001132,74.125.24.0-255,1484,150153,79,235001
24867,0.001157,74.125.24.0-255,3602,153755,79,235001
24868,0.00116,172.31.40.0-255,66,153821,79,235001
24869,0.001198,74.125.24.0-255,1484,155305,79,235001
24870,0.001203,74.125.24.0-255,2902,158207,79,235001
24871,0.001212,172.31.40.0-255,66,158273,79,235001
24872,0.001241,74.125.24.0-255,5738,164011,79,235001
24873,0.001269,172.31.40.0-255,66,164077,79,235001
24874,0.001356,172.31.40.0-255,66,164143,79,235001
24875,0.00136,74.125.24.0-255,2184,166327,79,235001
24876,0.001363,74.125.24.0-255,1484,167811,79,235001
24877,0.001366,74.125.24.0-255,2902,170713,79,235001
24878,0.001368,74.125.24.0-255,1484,172197,79,235001
24879,0.001388,74.125.24.0-255,4320,176517,79,235001
24880,0.001393,74.125.24.0-255,4320,180837,79,235001
24881,0.001398,172.31.40.0-255,66,180903,79,235001
24882,0.001423,74.125.24.0-255,7156,188059,79,235001
24883,0.00146,172.31.40.0-255,66,188125,79,235001
24884,0.001472,172.31.40.0-255,66,188191,79,235001
24885,0.001481,74.125.24.0-255,3602,191793,79,235001
24886,0.001508,172.31.40.0-255,66,191859,79,235001
24887,0.001567,74.125.24.0-255,1484,193343,79,235001
24888,0.001569,74.125.24.0-255,1484,194827,79,235001
24889,0.001581,74.125.24.0-255,1484,196311,79,235001
24890,0.001587,74.125.24.0-255,4320,200631,79,235001
24891,0.001598,172.31.40.0-255,66,200697,79,235001
24892,0.001608,74.125.24.0-255,1484,202181,79,235001
24893,0.00162,74.125.24.0-255,7156,209337,79,235001
24894,0.001645,74.125.24.0-255,2902,212239,79,235001
24895,0.001653,172.31.40.0-255,66,212305,79,235001
24896,0.001692,74.125.24.0-255,1484,213789,79,235001
24897,0.001694,74.125.24.0-255,766,214555,79,235001
24898,0.001699,172.31.40.0-255,66,214621,79,235001
24899,0.001773,74.125.24.0-255,1484,216105,79,235001
24900,0.001777,74.125.24.0-255,1484,217589,79,235001
24901,0.001795,74.125.24.0-255,1484,219073,79,235001
24902,0.001802,74.125.24.0-255,5738,224811,79,235001
24903,0.001806,74.125.24.0-255,2902,227713,79,235001
24904,0.001821,172.31.40.0-255,66,227779,79,235001
24905,0.001886,172.31.40.0-255,66,227845,79,235001
24906,0.001889,74.125.24.0-255,766,228611,79,235001
24907,0.001913,172.31.40.0-255,66,228677,79,235001
24908,0.001958,74.125.24.0-255,4320,232997,79,235001
24909,0.001985,172.31.40.0-255,66,233063,79,235001
24910,0.002094,74.125.24.0-255,1596,234659,79,235001
24911,0.002096,74.125.24.0-255,105,234764,79,235001
24912,0.002111,172.31.40.0-255,66,234830,79,235001
24913,0.004853,172.31.40.0-255,105,234935,79,235001
24914,0.007102,74.125.24.0-255,66,235001,79,235001
24915,0.0,172.217.27.0-255,156,156,79,147628
24916,2.3e-05,172.31.40.0-255,66,222,79,147628
24917,3e-05,172.217.27.0-255,1484,1706,79,147628
24918,3.5e-05,172.31.40.0-255,66,1772,79,147628
24919,4.1e-05,172.217.27.0-255,2902,4674,79,147628
24920,5.2e-05,172.31.40.0-255,66,4740,79,147628
24921,6e-05,172.217.27.0-255,7156,11896,79,147628
24922,6.3e-05,172.31.40.0-255,66,11962,79,147628
24923,6.7e-05,172.217.27.0-255,2040,14002,79,147628
24924,7e-05,172.31.40.0-255,66,14068,79,147628
24925,8.8e-05,172.217.27.0-255,2902,16970,79,147628
24926,9.2e-05,172.31.40.0-255,66,17036,79,147628
24927,0.000101,172.217.27.0-255,4320,21356,79,147628
24928,0.000104,172.31.40.0-255,66,21422,79,147628
24929,0.000108,172.217.27.0-255,2902,24324,79,147628
24930,0.00011,172.31.40.0-255,66,24390,79,147628
24931,0.000146,172.217.27.0-255,5738,30128,79,147628
24932,0.00015,172.31.40.0-255,66,30194,79,147628
24933,0.000153,172.217.27.0-255,1125,31319,79,147628
24934,0.000155,172.31.40.0-255,66,31385,79,147628
24935,0.000195,172.217.27.0-255,1484,32869,79,147628
24936,0.000198,172.31.40.0-255,66,32935,79,147628
24937,0.000203,172.217.27.0-255,2902,35837,79,147628
24938,0.000206,172.31.40.0-255,66,35903,79,147628
24939,0.000209,172.217.27.0-255,1484,37387,79,147628
24940,0.000211,172.31.40.0-255,66,37453,79,147628
24941,0.000241,172.217.27.0-255,4320,41773,79,147628
24942,0.000243,172.31.40.0-255,66,41839,79,147628
24943,0.000279,172.217.27.0-255,6797,48636,79,147628
24944,0.000281,172.31.40.0-255,66,48702,79,147628
24945,0.000858,172.217.27.0-255,1484,50186,79,147628
24946,0.000864,172.31.40.0-255,66,50252,79,147628
24947,0.000871,172.217.27.0-255,2902,53154,79,147628
24948,0.000873,172.31.40.0-255,66,53220,79,147628
24949,0.000885,172.217.27.0-255,4320,57540,79,147628
24950,0.000887,172.31.40.0-255,66,57606,79,147628
24951,0.000893,172.217.27.0-255,5738,63344,79,147628
24952,0.000895,172.31.40.0-255,66,63410,79,147628
24953,0.000919,172.217.27.0-255,2543,65953,79,147628
24954,0.000922,172.31.40.0-255,66,66019,79,147628
24955,0.001218,172.217.27.0-255,1484,67503,79,147628
24956,0.001227,172.217.27.0-255,2902,70405,79,147628
24957,0.00123,172.31.40.0-255,66,70471,79,147628
24958,0.001235,172.217.27.0-255,1484,71955,79,147628
24959,0.001241,172.217.27.0-255,5738,77693,79,147628
24960,0.001244,172.31.40.0-255,66,77759,79,147628
24961,0.001284,172.217.27.0-255,5959,83718,79,147628
24962,0.001287,172.31.40.0-255,66,83784,79,147628
24963,0.002926,172.217.27.0-255,5738,89522,79,147628
24964,0.002932,172.31.40.0-255,66,89588,79,147628
24965,0.004599,172.217.27.0-255,5738,95326,79,147628
24966,0.004603,172.31.40.0-255,66,95392,79,147628
24967,0.006244,172.217.27.0-255,5738,101130,79,147628
24968,0.00625,172.31.40.0-255,66,101196,79,147628
24969,0.007896,172.217.27.0-255,5738,106934,79,147628
24970,0.007904,172.31.40.0-255,66,107000,79,147628
24971,0.009547,172.217.27.0-255,5738,112738,79,147628
24972,0.009556,172.31.40.0-255,66,112804,79,147628
24973,0.011198,172.217.27.0-255,5738,118542,79,147628
24974,0.011205,172.31.40.0-255,66,118608,79,147628
24975,0.012845,172.217.27.0-255,5738,124346,79,147628
24976,0.012853,172.31.40.0-255,66,124412,79,147628
24977,0.01449,172.217.27.0-255,5738,130150,79,147628
24978,0.014498,172.31.40.0-255,66,130216,79,147628
24979,0.016174,172.217.27.0-255,5738,135954,79,147628
24980,0.01618,172.31.40.0-255,66,136020,79,147628
24981,0.017823,172.217.27.0-255,5738,141758,79,147628
24982,0.01783,172.31.40.0-255,66,141824,79,147628
24983,0.019474,172.217.27.0-255,5738,147562,79,147628
24984,0.019481,172.31.40.0-255,66,147628,79,147628
24985,0.0,74.125.24.0-255,153,153,79,219758
24986,1.8e-05,172.31.40.0-255,66,219,79,219758
24987,3.5e-05,74.125.24.0-255,1484,1703,79,219758
24988,3.9e-05,172.31.40.0-255,66,1769,79,219758
24989,4.6e-05,74.125.24.0-255,2902,4671,79,219758
24990,4.9e-05,172.31.40.0-255,66,4737,79,219758
24991,5.6e-05,74.125.24.0-255,7156,11893,79,219758
24992,5.9e-05,172.31.40.0-255,66,11959,79,219758
24993,6.3e-05,74.125.24.0-255,2038,13997,79,219758
24994,6.6e-05,172.31.40.0-255,66,14063,79,219758
24995,0.000109,74.125.24.0-255,1484,15547,79,219758
24996,0.000111,172.31.40.0-255,66,15613,79,219758
24997,0.000133,74.125.24.0-255,2902,18515,79,219758
24998,0.000136,172.31.40.0-255,66,18581,79,219758
24999,0.000141,74.125.24.0-255,2902,21483,79,219758
25000,0.000143,172.31.40.0-255,66,21549,79,219758
25001,0.000158,74.125.24.0-255,2902,24451,79,219758
25002,0.00016,172.31.40.0-255,66,24517,79,219758
25003,0.000165,74.125.24.0-255,2902,27419,79,219758
25004,0.000167,172.31.40.0-255,66,27485,79,219758
25005,0.000186,74.125.24.0-255,3961,31446,79,219758
25006,0.000188,172.31.40.0-255,66,31512,79,219758
25007,0.000255,74.125.24.0-255,1484,32996,79,219758
25008,0.000259,172.31.40.0-255,66,33062,79,219758
25009,0.000262,74.125.24.0-255,1484,34546,79,219758
25010,0.000264,172.31.40.0-255,66,34612,79,219758
25011,0.000283,74.125.24.0-255,1484,36096,79,219758
25012,0.000286,172.31.40.0-255,66,36162,79,219758
25013,0.000293,74.125.24.0-255,5738,41900,79,219758
25014,0.000295,172.31.40.0-255,66,41966,79,219758
25015,0.000333,172.31.40.0-255,66,42032,79,219758
25016,0.000357,74.125.24.0-255,1484,43516,79,219758
25017,0.000381,172.31.40.0-255,66,43582,79,219758
25018,0.000384,74.125.24.0-255,110,43692,79,219758
25019,0.000486,74.125.24.0-255,332,44024,79,219758
25020,0.000793,74.125.24.0-255,1484,45508,79,219758
25021,0.000798,74.125.24.0-255,2902,48410,79,219758
25022,0.000803,172.31.40.0-255,66,48476,79,219758
25023,0.000812,172.31.40.0-255,66,48542,79,219758
25024,0.000818,74.125.24.0-255,4320,52862,79,219758
25025,0.00082,172.31.40.0-255,66,52928,79,219758
25026,0.00084,74.125.24.0-255,1484,54412,79,219758
25027,0.000863,172.31.40.0-255,66,54478,79,219758
25028,0.000876,74.125.24.0-255,1484,55962,79,219758
25029,0.000912,172.31.40.0-255,66,56028,79,219758
25030,0.001161,74.125.24.0-255,1484,57512,79,219758
25031,0.001167,74.125.24.0-255,2902,60414,79,219758
25032,0.00117,172.31.40.0-255,66,60480,79,219758
25033,0.001174,74.125.24.0-255,1484,61964,79,219758
25034,0.001195,74.125.24.0-255,4320,66284,79,219758
25035,0.001198,172.31.40.0-255,66,66350,79,219758
25036,0.001236,74.125.24.0-255,7156,73506,79,219758
25037,0.00124,172.31.40.0-255,66,73572,79,219758
25038,0.001262,74.125.24.0-255,5738,79310,79,219758
25039,0.001264,172.31.40.0-255,66,79376,79,219758
25040,0.00127,74.125.24.0-255,5738,85114,79,219758
25041,0.001273,172.31.40.0-255,66,85180,79,219758
25042,0.001301,74.125.24.0-255,6438,91618,79,219758
25043,0.001304,172.31.40.0-255,66,91684,79,219758
25044,0.001328,74.125.24.0-255,4320,96004,79,219758
25045,0.001331,172.31.40.0-255,66,96070,79,219758
25046,0.001347,74.125.24.0-255,2902,98972,79,219758
25047,0.00135,172.31.40.0-255,66,99038,79,219758
25048,0.001357,74.125.24.0-255,7156,106194,79,219758
25049,0.00136,172.31.40.0-255,66,106260,79,219758
25050,0.001388,74.125.24.0-255,5738,111998,79,219758
25051,0.001391,172.31.40.0-255,66,112064,79,219758
25052,0.001394,74.125.24.0-255,1484,113548,79,219758
25053,0.001426,172.31.40.0-255,66,113614,79,219758
25054,0.001439,172.31.40.0-255,66,113680,79,219758
25055,0.001444,74.125.24.0-255,4320,118000,79,219758
25056,0.001447,172.31.40.0-255,66,118066,79,219758
25057,0.001467,74.125.24.0-255,4320,122386,79,219758
25058,0.00147,172.31.40.0-255,66,122452,79,219758
25059,0.001499,74.125.24.0-255,5738,128190,79,219758
25060,0.001502,172.31.40.0-255,66,128256,79,219758
25061,0.001526,74.125.24.0-255,6438,134694,79,219758
25062,0.001529,172.31.40.0-255,66,134760,79,219758
25063,0.001543,172.31.40.0-255,66,134826,79,219758
25064,0.001549,74.125.24.0-255,4320,139146,79,219758
25065,0.001551,172.31.40.0-255,66,139212,79,219758
25066,0.00159,172.31.40.0-255,66,139278,79,219758
25067,0.001596,74.125.24.0-255,2902,142180,79,219758
25068,0.001598,172.31.40.0-255,66,142246,79,219758
25069,0.001615,74.125.24.0-255,3602,145848,79,219758
25070,0.001618,172.31.40.0-255,66,145914,79,219758
25071,0.001655,74.125.24.0-255,1484,147398,79,219758
25072,0.00166,74.125.24.0-255,2902,150300,79,219758
25073,0.001663,172.31.40.0-255,66,150366,79,219758
25074,0.001717,74.125.24.0-255,5738,156104,79,219758
25075,0.00172,172.31.40.0-255,66,156170,79,219758
25076,0.001739,172.31.40.0-255,66,156236,79,219758
25077,0.001741,74.125.24.0-255,1484,157720,79,219758
25078,0.001745,74.125.24.0-255,1484,159204,79,219758
25079,0.001747,172.31.40.0-255,66,159270,79,219758
25080,0.001776,172.31.40.0-255,66,159336,79,219758
25081,0.001821,74.125.24.0-255,1484,160820,79,219758
25082,0.001844,74.125.24.0-255,2902,163722,79,219758
25083,0.001847,172.31.40.0-255,66,163788,79,219758
25084,0.001854,74.125.24.0-255,5738,169526,79,219758
25085,0.001856,172.31.40.0-255,66,169592,79,219758
25086,0.001863,74.125.24.0-255,7156,176748,79,219758
25087,0.001865,172.31.40.0-255,66,176814,79,219758
25088,0.001904,74.125.24.0-255,2184,178998,79,219758
25089,0.001908,172.31.40.0-255,66,179064,79,219758
25090,0.001911,172.31.40.0-255,66,179130,79,219758
25091,0.004451,74.125.24.0-255,5738,184868,79,219758
25092,0.004457,172.31.40.0-255,66,184934,79,219758
25093,0.006993,74.125.24.0-255,5738,190672,79,219758
25094,0.006997,172.31.40.0-255,66,190738,79,219758
25095,0.009527,74.125.24.0-255,5738,196476,79,219758
25096,0.009533,172.31.40.0-255,66,196542,79,219758
25097,0.012094,74.125.24.0-255,5738,202280,79,219758
25098,0.012101,172.31.40.0-255,66,202346,79,219758
25099,0.014658,74.125.24.0-255,5738,208084,79,219758
25100,0.014667,172.31.40.0-255,66,208150,79,219758
25101,0.01722,74.125.24.0-255,5738,213888,79,219758
25102,0.017226,172.31.40.0-255,66,213954,79,219758
25103,0.01977,74.125.24.0-255,5738,219692,79,219758
25104,0.019779,172.31.40.0-255,66,219758,79,219758
25105,0.0,172.217.194.0-255,147,147,79,255585
25106,3.4e-05,172.31.40.0-255,66,213,79,255585
25107,4e-05,172.217.194.0-255,1484,1697,79,255585
25108,4.4e-05,172.31.40.0-255,66,1763,79,255585
25109,4.9e-05,172.217.194.0-255,2902,4665,79,255585
25110,5.2e-05,172.31.40.0-255,66,4731,79,255585
25111,5.8e-05,172.217.194.0-255,7156,11887,79,255585
25112,6.1e-05,172.31.40.0-255,66,11953,79,255585
25113,8.4e-05,172.217.194.0-255,2116,14069,79,255585
25114,8.8e-05,172.31.40.0-255,66,14135,79,255585
25115,0.000623,172.217.194.0-255,1484,15619,79,255585
25116,0.00063,172.31.40.0-255,66,15685,79,255585
25117,0.000639,172.217.194.0-255,2902,18587,79,255585
25118,0.000641,172.31.40.0-255,66,18653,79,255585
25119,0.000644,172.217.194.0-255,1484,20137,79,255585
25120,0.000646,172.31.40.0-255,66,20203,79,255585
25121,0.000676,172.217.194.0-255,4320,24523,79,255585
25122,0.00068,172.31.40.0-255,66,24589,79,255585
25123,0.000696,172.217.194.0-255,4320,28909,79,255585
25124,0.000705,172.31.40.0-255,66,28975,79,255585
25125,0.000711,172.217.194.0-255,2543,31518,79,255585
25126,0.000714,172.31.40.0-255,66,31584,79,255585
25127,0.001176,172.217.194.0-255,1484,33068,79,255585
25128,0.001183,172.31.40.0-255,66,33134,79,255585
25129,0.001192,172.217.194.0-255,2902,36036,79,255585
25130,0.001194,172.31.40.0-255,66,36102,79,255585
25131,0.001199,172.217.194.0-255,2902,39004,79,255585
25132,0.0012,172.31.40.0-255,66,39070,79,255585
25133,0.001205,172.217.194.0-255,2902,41972,79,255585
25134,0.001206,172.31.40.0-255,66,42038,79,255585
25135,0.001228,172.217.194.0-255,4320,46358,79,255585
25136,0.001231,172.31.40.0-255,66,46424,79,255585
25137,0.001244,172.217.194.0-255,3961,50385,79,255585
25138,0.001247,172.31.40.0-255,66,50451,79,255585
25139,0.001251,172.217.194.0-255,2902,53353,79,255585
25140,0.001253,172.31.40.0-255,66,53419,79,255585
25141,0.001277,172.217.194.0-255,1484,54903,79,255585
25142,0.001288,172.31.40.0-255,66,54969,79,255585
25143,0.001291,172.217.194.0-255,1125,56094,79,255585
25144,0.001535,172.31.40.0-255,66,56160,79,255585
25145,0.001741,172.217.194.0-255,645,56805,79,255585
25146,0.001763,172.31.40.0-255,66,56871,79,255585
25147,0.001922,172.217.194.0-255,1484,58355,79,255585
25148,0.001929,172.217.194.0-255,2902,61257,79,255585
25149,0.001932,172.31.40.0-255,66,61323,79,255585
25150,0.001954,172.217.194.0-255,5738,67061,79,255585
25151,0.001956,172.31.40.0-255,66,67127,79,255585
25152,0.001963,172.217.194.0-255,5738,72865,79,255585
25153,0.001964,172.31.40.0-255,66,72931,79,255585
25154,0.001984,172.217.194.0-255,4320,77251,79,255585
25155,0.001986,172.31.40.0-255,66,77317,79,255585
25156,0.001996,172.31.40.0-255,66,77383,79,255585
25157,0.002016,172.217.194.0-255,2902,80285,79,255585
25158,0.002019,172.31.40.0-255,66,80351,79,255585
25159,0.002024,172.217.194.0-255,2184,82535,79,255585
25160,0.002026,172.31.40.0-255,66,82601,79,255585
25161,0.002299,172.217.194.0-255,1484,84085,79,255585
25162,0.002314,172.217.194.0-255,2902,86987,79,255585
25163,0.002317,172.31.40.0-255,66,87053,79,255585
25164,0.002352,172.217.194.0-255,2902,89955,79,255585
25165,0.002355,172.31.40.0-255,66,90021,79,255585
25166,0.002388,172.217.194.0-255,2902,92923,79,255585
25167,0.00239,172.31.40.0-255,66,92989,79,255585
25168,0.002394,172.217.194.0-255,2902,95891,79,255585
25169,0.002395,172.31.40.0-255,66,95957,79,255585
25170,0.002398,172.217.194.0-255,1484,97441,79,255585
25171,0.002432,172.217.194.0-255,5738,103179,79,255585
25172,0.002434,172.31.40.0-255,66,103245,79,255585
25173,0.002455,172.217.194.0-255,7156,110401,79,255585
25174,0.002457,172.31.40.0-255,66,110467,79,255585
25175,0.002517,172.217.194.0-255,2902,113369,79,255585
25176,0.00252,172.31.40.0-255,66,113435,79,255585
25177,0.002534,172.217.194.0-255,3602,117037,79,255585
25178,0.002536,172.31.40.0-255,66,117103,79,255585
25179,0.002807,172.217.194.0-255,1484,118587,79,255585
25180,0.002813,172.217.194.0-255,1484,120071,79,255585
25181,0.002815,172.31.40.0-255,66,120137,79,255585
25182,0.002832,172.217.194.0-255,1484,121621,79,255585
25183,0.002835,172.217.194.0-255,1484,123105,79,255585
25184,0.002836,172.31.40.0-255,66,123171,79,255585
25185,0.002848,172.217.194.0-255,4320,127491,79,255585
25186,0.002849,172.31.40.0-255,66,127557,79,255585
25187,0.002869,172.217.194.0-255,7156,134713,79,255585
25188,0.002871,172.31.40.0-255,66,134779,79,255585
25189,0.002891,172.217.194.0-255,5738,140517,79,255585
25190,0.002893,172.31.40.0-255,66,140583,79,255585
25191,0.002896,172.217.194.0-255,2902,143485,79,255585
25192,0.002898,172.31.40.0-255,66,143551,79,255585
25193,0.002917,172.217.194.0-255,2902,146453,79,255585
25194,0.002919,172.31.40.0-255,66,146519,79,255585
25195,0.002921,172.217.194.0-255,1484,148003,79,255585
25196,0.002934,172.217.194.0-255,1484,149487,79,255585
25197,0.002935,172.31.40.0-255,66,149553,79,255585
25198,0.002947,172.217.194.0-255,2184,151737,79,255585
25199,0.002949,172.31.40.0-255,66,151803,79,255585
25200,0.003054,172.217.194.0-255,1484,153287,79,255585
25201,0.003069,172.217.194.0-255,2902,156189,79,255585
25202,0.003072,172.31.40.0-255,66,156255,79,255585
25203,0.003075,172.217.194.0-255,1484,157739,79,255585
25204,0.003093,172.217.194.0-255,4320,162059,79,255585
25205,0.003096,172.31.40.0-255,66,162125,79,255585
25206,0.003101,172.217.194.0-255,4320,166445,79,255585
25207,0.003103,172.31.40.0-255,66,166511,79,255585
25208,0.003119,172.217.194.0-255,5738,172249,79,255585
25209,0.003129,172.31.40.0-255,66,172315,79,255585
25210,0.003147,172.217.194.0-255,2902,175217,79,255585
25211,0.003149,172.31.40.0-255,66,175283,79,255585
25212,0.003176,172.31.40.0-255,66,175349,79,255585
25213,0.003206,172.217.194.0-255,1484,176833,79,255585
25214,0.00323,172.217.194.0-255,2902,179735,79,255585
25215,0.003233,172.31.40.0-255,66,179801,79,255585
25216,0.003239,172.217.194.0-255,5738,185539,79,255585
25217,0.003241,172.31.40.0-255,66,185605,79,255585
25218,0.003253,172.31.40.0-255,66,185671,79,255585
25219,0.003293,172.217.194.0-255,4320,189991,79,255585
25220,0.003296,172.31.40.0-255,66,190057,79,255585
25221,0.003327,172.31.40.0-255,66,190123,79,255585
25222,0.003338,172.217.194.0-255,7156,197279,79,255585
25223,0.003341,172.31.40.0-255,66,197345,79,255585
25224,0.003378,172.31.40.0-255,66,197411,79,255585
25225,0.003384,172.217.194.0-255,6438,203849,79,255585
25226,0.003386,172.31.40.0-255,66,203915,79,255585
25227,0.003404,172.217.194.0-255,7156,211071,79,255585
25228,0.003406,172.31.40.0-255,66,211137,79,255585
25229,0.003439,172.31.40.0-255,66,211203,79,255585
25230,0.003467,172.217.194.0-255,4320,215523,79,255585
25231,0.00347,172.31.40.0-255,66,215589,79,255585
25232,0.003476,172.217.194.0-255,6438,222027,79,255585
25233,0.003478,172.31.40.0-255,66,222093,79,255585
25234,0.003514,172.217.194.0-255,4320,226413,79,255585
25235,0.003516,172.31.40.0-255,66,226479,79,255585
25236,0.003563,172.31.40.0-255,66,226545,79,255585
25237,0.003574,172.31.40.0-255,66,226611,79,255585
25238,0.003576,172.217.194.0-255,1484,228095,79,255585
25239,0.00359,172.31.40.0-255,66,228161,79,255585
25240,0.003596,172.217.194.0-255,6438,234599,79,255585
25241,0.003598,172.31.40.0-255,66,234665,79,255585
25242,0.003604,172.217.194.0-255,7156,241821,79,255585
25243,0.003607,172.31.40.0-255,66,241887,79,255585
25244,0.003611,172.217.194.0-255,2902,244789,79,255585
25245,0.003614,172.31.40.0-255,66,244855,79,255585
25246,0.003658,172.31.40.0-255,66,244921,79,255585
25247,0.003661,172.217.194.0-255,1484,246405,79,255585
25248,0.003667,172.217.194.0-255,7156,253561,79,255585
25249,0.00367,172.31.40.0-255,66,253627,79,255585
25250,0.003686,172.217.194.0-255,1484,255111,79,255585
25251,0.00371,172.31.40.0-255,66,255177,79,255585
25252,0.003734,172.217.194.0-255,105,255282,79,255585
25253,0.003738,172.31.40.0-255,66,255348,79,255585
25254,0.0083,172.31.40.0-255,66,255414,79,255585
25255,0.008351,172.31.40.0-255,105,255519,79,255585
25256,0.010621,172.217.194.0-255,66,255585,79,255585
25257,0.0,172.217.194.0-255,150,150,79,174122
25258,1.4e-05,172.31.40.0-255,66,216,79,174122
25259,2e-05,172.217.194.0-255,1484,1700,79,174122
25260,2.5e-05,172.31.40.0-255,66,1766,79,174122
25261,4.9e-05,172.217.194.0-255,2902,4668,79,174122
25262,5.5e-05,172.31.40.0-255,66,4734,79,174122
25263,6e-05,172.217.194.0-255,2902,7636,79,174122
25264,6.3e-05,172.31.40.0-255,66,7702,79,174122
25265,8.6e-05,172.217.194.0-255,4320,12022,79,174122
25266,8.9e-05,172.31.40.0-255,66,12088,79,174122
25267,0.000106,172.31.40.0-255,66,12154,79,174122
25268,0.000139,172.217.194.0-255,7156,19310,79,174122
25269,0.000142,172.31.40.0-255,66,19376,79,174122
25270,0.000167,172.217.194.0-255,2543,21919,79,174122
25271,0.000169,172.31.40.0-255,66,21985,79,174122
25272,0.000243,172.217.194.0-255,1484,23469,79,174122
25273,0.000246,172.31.40.0-255,66,23535,79,174122
25274,0.000251,172.217.194.0-255,2902,26437,79,174122
25275,0.000254,172.31.40.0-255,66,26503,79,174122
25276,0.00029,172.217.194.0-255,5738,32241,79,174122
25277,0.000292,172.31.40.0-255,66,32307,79,174122
25278,0.000297,172.217.194.0-255,2902,35209,79,174122
25279,0.000299,172.31.40.0-255,66,35275,79,174122
25280,0.000343,172.31.40.0-255,66,35341,79,174122
25281,0.000354,172.31.40.0-255,66,35407,79,174122
25282,0.000607,172.217.194.0-255,403,35810,79,174122
25283,0.000613,172.31.40.0-255,66,35876,79,174122
25284,0.000638,172.217.194.0-255,1484,37360,79,174122
25285,0.000641,172.31.40.0-255,66,37426,79,174122
25286,0.000672,172.217.194.0-255,4320,41746,79,174122
25287,0.000676,172.31.40.0-255,66,41812,79,174122
25288,0.000683,172.217.194.0-255,7156,48968,79,174122
25289,0.000686,172.31.40.0-255,66,49034,79,174122
25290,0.000723,172.217.194.0-255,3961,52995,79,174122
25291,0.000726,172.31.40.0-255,66,53061,79,174122
25292,0.000781,172.217.194.0-255,1484,54545,79,174122
25293,0.000799,172.217.194.0-255,2902,57447,79,174122
25294,0.000802,172.31.40.0-255,66,57513,79,174122
25295,0.000809,172.217.194.0-255,5738,63251,79,174122
25296,0.000811,172.31.40.0-255,66,63317,79,174122
25297,0.000814,172.217.194.0-255,1484,64801,79,174122
25298,0.000846,172.217.194.0-255,2902,67703,79,174122
25299,0.000848,172.31.40.0-255,66,67769,79,174122
25300,0.000856,172.217.194.0-255,5738,73507,79,174122
25301,0.000858,172.31.40.0-255,66,73573,79,174122
25302,0.000888,172.217.194.0-255,5738,79311,79,174122
25303,0.000891,172.31.40.0-255,66,79377,79,174122
25304,0.000904,172.31.40.0-255,66,79443,79,174122
25305,0.000931,172.217.194.0-255,5738,85181,79,174122
25306,0.000934,172.31.40.0-255,66,85247,79,174122
25307,0.00098,172.31.40.0-255,66,85313,79,174122
25308,0.001001,172.31.40.0-255,66,85379,79,174122
25309,0.001026,172.217.194.0-255,1484,86863,79,174122
25310,0.001053,172.217.194.0-255,7156,94019,79,174122
25311,0.001056,172.31.40.0-255,66,94085,79,174122
25312,0.001073,172.31.40.0-255,66,94151,79,174122
25313,0.001076,172.217.194.0-255,1484,95635,79,174122
25314,0.001108,172.31.40.0-255,66,95701,79,174122
25315,0.001152,172.31.40.0-255,66,95767,79,174122
25316,0.001177,172.217.194.0-255,2902,98669,79,174122
25317,0.001179,172.31.40.0-255,66,98735,79,174122
25318,0.001182,172.217.194.0-255,1484,100219,79,174122
25319,0.001188,172.217.194.0-255,4320,104539,79,174122
25320,0.00119,172.31.40.0-255,66,104605,79,174122
25321,0.001226,172.31.40.0-255,66,104671,79,174122
25322,0.001464,172.217.194.0-255,1484,106155,79,174122
25323,0.00147,172.217.194.0-255,2902,109057,79,174122
25324,0.001472,172.217.194.0-255,1484,110541,79,174122
25325,0.00148,172.31.40.0-255,66,110607,79,174122
25326,0.001493,172.217.194.0-255,4320,114927,79,174122
25327,0.001499,172.31.40.0-255,66,114993,79,174122
25328,0.001518,172.217.194.0-255,7156,122149,79,174122
25329,0.001525,172.31.40.0-255,66,122215,79,174122
25330,0.001556,172.217.194.0-255,5738,127953,79,174122
25331,0.001608,172.31.40.0-255,66,128019,79,174122
25332,0.001612,172.31.40.0-255,66,128085,79,174122
25333,0.001656,172.217.194.0-255,1484,129569,79,174122
25334,0.001673,172.217.194.0-255,2902,132471,79,174122
25335,0.001677,172.31.40.0-255,66,132537,79,174122
25336,0.001683,172.217.194.0-255,4320,136857,79,174122
25337,0.001685,172.31.40.0-255,66,136923,79,174122
25338,0.001713,172.217.194.0-255,7156,144079,79,174122
25339,0.001716,172.31.40.0-255,66,144145,79,174122
25340,0.001741,172.217.194.0-255,1484,145629,79,174122
25341,0.001748,172.217.194.0-255,7156,152785,79,174122
25342,0.001753,172.31.40.0-255,66,152851,79,174122
25343,0.001771,172.31.40.0-255,66,152917,79,174122
25344,0.001808,172.217.194.0-255,1484,154401,79,174122
25345,0.001812,172.217.194.0-255,1484,155885,79,174122
25346,0.001815,172.31.40.0-255,66,155951,79,174122
25347,0.001842,172.217.194.0-255,1484,157435,79,174122
25348,0.001849,172.217.194.0-255,5738,163173,79,174122
25349,0.001852,172.31.40.0-255,66,163239,79,174122
25350,0.001864,172.31.40.0-255,66,163305,79,174122
25351,0.001886,172.217.194.0-255,2902,166207,79,174122
25352,0.001892,172.31.40.0-255,66,166273,79,174122
25353,0.001905,172.31.40.0-255,66,166339,79,174122
25354,0.001941,172.217.194.0-255,766,167105,79,174122
25355,0.001955,172.31.40.0-255,66,167171,79,174122
25356,0.001972,172.31.40.0-255,66,167237,79,174122
25357,0.001997,172.217.194.0-255,2902,170139,79,174122
25358,0.002,172.31.40.0-255,66,170205,79,174122
25359,0.002014,172.31.40.0-255,66,170271,79,174122
25360,0.002072,172.31.40.0-255,66,170337,79,174122
25361,0.002115,172.31.40.0-255,66,170403,79,174122
25362,0.002142,172.217.194.0-255,3311,173714,79,174122
25363,0.002151,172.31.40.0-255,66,173780,79,174122
25364,0.002154,172.217.194.0-255,105,173885,79,174122
25365,0.01736,172.31.40.0-255,66,173951,79,174122
25366,0.017412,172.31.40.0-255,105,174056,79,174122
25367,0.019981,172.217.194.0-255,66,174122,79,174122
25368,0.0,74.125.24.0-255,146,146,79,129510
25369,1.4e-05,172.31.40.0-255,66,212,79,129510
25370,2e-05,74.125.24.0-255,1484,1696,79,129510
25371,2.4e-05,172.31.40.0-255,66,1762,79,129510
25372,2.9e-05,74.125.24.0-255,2902,4664,79,129510
25373,3.2e-05,172.31.40.0-255,66,4730,79,129510
25374,3.6e-05,74.125.24.0-255,2902,7632,79,129510
25375,4.7e-05,172.31.40.0-255,66,7698,79,129510
25376,7.7e-05,74.125.24.0-255,2902,10600,79,129510
25377,8e-05,172.31.40.0-255,66,10666,79,129510
25378,9.5e-05,172.31.40.0-255,66,10732,79,129510
25379,0.000105,172.31.40.0-255,66,10798,79,129510
25380,0.000266,74.125.24.0-255,1484,12282,79,129510
25381,0.00027,172.31.40.0-255,66,12348,79,129510
25382,0.000276,74.125.24.0-255,2902,15250,79,129510
25383,0.000277,172.31.40.0-255,66,15316,79,129510
25384,0.00028,74.125.24.0-255,1484,16800,79,129510
25385,0.000283,172.31.40.0-255,66,16866,79,129510
25386,0.000314,74.125.24.0-255,4320,21186,79,129510
25387,0.000316,172.31.40.0-255,66,21252,79,129510
25388,0.000327,172.31.40.0-255,66,21318,79,129510
25389,0.000359,74.125.24.0-255,3961,25279,79,129510
25390,0.000362,172.31.40.0-255,66,25345,79,129510
25391,0.000378,172.31.40.0-255,66,25411,79,129510
25392,0.00038,74.125.24.0-255,111,25522,79,129510
25393,0.000382,172.31.40.0-255,66,25588,79,129510
25394,0.000555,74.125.24.0-255,332,25920,79,129510
25395,0.00056,172.31.40.0-255,66,25986,79,129510
25396,0.000983,74.125.24.0-255,1484,27470,79,129510
25397,0.000991,74.125.24.0-255,2902,30372,79,129510
25398,0.000995,172.31.40.0-255,66,30438,79,129510
25399,0.001025,74.125.24.0-255,5738,36176,79,129510
25400,0.001028,172.31.40.0-255,66,36242,79,129510
25401,0.001034,74.125.24.0-255,7156,43398,79,129510
25402,0.001036,172.31.40.0-255,66,43464,79,129510
25403,0.001068,74.125.24.0-255,6797,50261,79,129510
25404,0.00107,172.31.40.0-255,66,50327,79,129510
25405,0.00108,172.31.40.0-255,66,50393,79,129510
25406,0.001082,74.125.24.0-255,1125,51518,79,129510
25407,0.001639,74.125.24.0-255,1484,53002,79,129510
25408,0.001646,172.31.40.0-255,66,53068,79,129510
25409,0.001653,74.125.24.0-255,2902,55970,79,129510
25410,0.001655,172.31.40.0-255,66,56036,79,129510
25411,0.001668,74.125.24.0-255,5738,61774,79,129510
25412,0.00167,172.31.40.0-255,66,61840,79,129510
25413,0.001674,74.125.24.0-255,1484,63324,79,129510
25414,0.001718,172.31.40.0-255,66,63390,79,129510
25415,0.001736,172.31.40.0-255,66,63456,79,129510
25416,0.00187,74.125.24.0-255,1484,64940,79,129510
25417,0.001883,74.125.24.0-255,2902,67842,79,129510
25418,0.001887,172.31.40.0-255,66,67908,79,129510
25419,0.001889,74.125.24.0-255,1484,69392,79,129510
25420,0.001921,74.125.24.0-255,4320,73712,79,129510
25421,0.001924,172.31.40.0-255,66,73778,79,129510
25422,0.001929,74.125.24.0-255,2902,76680,79,129510
25423,0.001932,172.31.40.0-255,66,76746,79,129510
25424,0.001949,172.31.40.0-255,66,76812,79,129510
25425,0.002013,172.31.40.0-255,66,76878,79,129510
25426,0.002218,74.125.24.0-255,1484,78362,79,129510
25427,0.002223,74.125.24.0-255,2902,81264,79,129510
25428,0.002226,172.31.40.0-255,66,81330,79,129510
25429,0.002231,74.125.24.0-255,2902,84232,79,129510
25430,0.002233,172.31.40.0-255,66,84298,79,129510
25431,0.002252,74.125.24.0-255,2902,87200,79,129510
25432,0.002256,172.31.40.0-255,66,87266,79,129510
25433,0.002274,172.31.40.0-255,66,87332,79,129510
25434,0.002277,74.125.24.0-255,1484,88816,79,129510
25435,0.002335,172.31.40.0-255,66,88882,79,129510
25436,0.004608,74.125.24.0-255,5738,94620,79,129510
25437,0.004614,172.31.40.0-255,66,94686,79,129510
25438,0.006858,74.125.24.0-255,5738,100424,79,129510
25439,0.006862,172.31.40.0-255,66,100490,79,129510
25440,0.009105,74.125.24.0-255,5738,106228,79,129510
25441,0.009113,172.31.40.0-255,66,106294,79,129510
25442,0.011382,74.125.24.0-255,5738,112032,79,129510
25443,0.01139,172.31.40.0-255,66,112098,79,129510
25444,0.013651,74.125.24.0-255,5738,117836,79,129510
25445,0.013659,172.31.40.0-255,66,117902,79,129510
25446,0.015953,74.125.24.0-255,5738,123640,79,129510
25447,0.01596,172.31.40.0-255,66,123706,79,129510
25448,0.018237,74.125.24.0-255,5738,129444,79,129510
25449,0.018245,172.31.40.0-255,66,129510,79,129510
25450,0.0,172.217.194.0-255,153,153,79,272473
25451,2.3e-05,172.31.40.0-255,66,219,79,272473
25452,3e-05,172.217.194.0-255,1484,1703,79,272473
25453,3.5e-05,172.31.40.0-255,66,1769,79,272473
25454,4.1e-05,172.217.194.0-255,2902,4671,79,272473
25455,4.5e-05,172.31.40.0-255,66,4737,79,272473
25456,4.9e-05,172.217.194.0-255,2902,7639,79,272473
25457,5.2e-05,172.31.40.0-255,66,7705,79,272473
25458,8e-05,172.217.194.0-255,6283,13988,79,272473
25459,8.4e-05,172.31.40.0-255,66,14054,79,272473
25460,0.00012,172.217.194.0-255,7156,21210,79,272473
25461,0.000123,172.31.40.0-255,66,21276,79,272473
25462,0.000138,172.217.194.0-255,4320,25596,79,272473
25463,0.000142,172.31.40.0-255,66,25662,79,272473
25464,0.000178,172.217.194.0-255,5379,31041,79,272473
25465,0.000181,172.31.40.0-255,66,31107,79,272473
25466,0.000204,172.217.194.0-255,1484,32591,79,272473
25467,0.000206,172.31.40.0-255,66,32657,79,272473
25468,0.000228,172.217.194.0-255,4320,36977,79,272473
25469,0.00023,172.31.40.0-255,66,37043,79,272473
25470,0.000233,172.217.194.0-255,1484,38527,79,272473
25471,0.000235,172.31.40.0-255,66,38593,79,272473
25472,0.000251,172.217.194.0-255,2902,41495,79,272473
25473,0.000254,172.31.40.0-255,66,41561,79,272473
25474,0.000282,172.217.194.0-255,5738,47299,79,272473
25475,0.000285,172.31.40.0-255,66,47365,79,272473
25476,0.000287,172.217.194.0-255,1125,48490,79,272473
25477,0.000289,172.31.40.0-255,66,48556,79,272473
25478,0.000472,172.217.194.0-255,1484,50040,79,272473
25479,0.000477,172.31.40.0-255,66,50106,79,272473
25480,0.000482,172.217.194.0-255,2902,53008,79,272473
25481,0.000485,172.31.40.0-255,66,53074,79,272473
25482,0.000488,172.217.194.0-255,1484,54558,79,272473
25483,0.000505,172.217.194.0-255,4320,58878,79,272473
25484,0.000508,172.31.40.0-255,66,58944,79,272473
25485,0.000531,172.217.194.0-255,4320,63264,79,272473
25486,0.000534,172.31.40.0-255,66,63330,79,272473
25487,0.000549,172.217.194.0-255,2543,65873,79,272473
25488,0.000551,172.31.40.0-255,66,65939,79,272473
25489,0.000601,172.217.194.0-255,1484,67423,79,272473
25490,0.000606,172.217.194.0-255,2902,70325,79,272473
25491,0.000609,172.31.40.0-255,66,70391,79,272473
25492,0.000613,172.217.194.0-255,1484,71875,79,272473
25493,0.000633,172.217.194.0-255,4320,76195,79,272473
25494,0.000635,172.31.40.0-255,66,76261,79,272473
25495,0.00064,172.217.194.0-255,4320,80581,79,272473
25496,0.000642,172.31.40.0-255,66,80647,79,272473
25497,0.000699,172.217.194.0-255,3961,84608,79,272473
25498,0.000706,172.217.194.0-255,6797,91405,79,272473
25499,0.000721,172.31.40.0-255,66,91471,79,272473
25500,0.00092,172.217.194.0-255,1484,92955,79,272473
25501,0.000927,172.217.194.0-255,2902,95857,79,272473
25502,0.00093,172.31.40.0-255,66,95923,79,272473
25503,0.000934,172.217.194.0-255,1484,97407,79,272473
25504,0.000954,172.217.194.0-255,4320,101727,79,272473
25505,0.000956,172.217.194.0-255,1484,103211,79,272473
25506,0.000986,172.31.40.0-255,66,103277,79,272473
25507,0.000995,172.217.194.0-255,2902,106179,79,272473
25508,0.000998,172.217.194.0-255,1484,107663,79,272473
25509,0.001003,172.31.40.0-255,66,107729,79,272473
25510,0.001013,172.217.194.0-255,4320,112049,79,272473
25511,0.001031,172.217.194.0-255,5020,117069,79,272473
25512,0.001054,172.31.40.0-255,66,117135,79,272473
25513,0.001088,172.217.194.0-255,1484,118619,79,272473
25514,0.001093,172.217.194.0-255,2902,121521,79,272473
25515,0.001098,172.217.194.0-255,4320,125841,79,272473
25516,0.001108,172.217.194.0-255,1484,127325,79,272473
25517,0.001112,172.31.40.0-255,66,127391,79,272473
25518,0.001149,172.217.194.0-255,1484,128875,79,272473
25519,0.001153,172.217.194.0-255,1484,130359,79,272473
25520,0.001158,172.31.40.0-255,66,130425,79,272473
25521,0.001222,172.217.194.0-255,4320,134745,79,272473
25522,0.001229,172.31.40.0-255,66,134811,79,272473
25523,0.001241,172.217.194.0-255,7156,141967,79,272473
25524,0.001248,172.217.194.0-255,5738,147705,79,272473
25525,0.001253,172.217.194.0-255,4320,152025,79,272473
25526,0.001258,172.31.40.0-255,66,152091,79,272473
25527,0.001328,172.31.40.0-255,66,152157,79,272473
25528,0.00149,172.217.194.0-255,1484,153641,79,272473
25529,0.001496,172.217.194.0-255,2902,156543,79,272473
25530,0.001499,172.31.40.0-255,66,156609,79,272473
25531,0.001523,172.217.194.0-255,5738,162347,79,272473
25532,0.001525,172.217.194.0-255,1484,163831,79,272473
25533,0.001561,172.31.40.0-255,66,163897,79,272473
25534,0.001581,172.31.40.0-255,66,163963,79,272473
25535,0.002217,172.217.194.0-255,1484,165447,79,272473
25536,0.002225,172.217.194.0-255,2902,168349,79,272473
25537,0.002228,172.31.40.0-255,66,168415,79,272473
25538,0.002232,172.217.194.0-255,1484,169899,79,272473
25539,0.002254,172.217.194.0-255,4320,174219,79,272473
25540,0.002259,172.217.194.0-255,4320,178539,79,272473
25541,0.002315,172.217.194.0-255,1484,180023,79,272473
25542,0.002336,172.217.194.0-255,7156,187179,79,272473
25543,0.002352,172.217.194.0-255,2184,189363,79,272473
25544,0.002386,172.217.194.0-255,2902,192265,79,272473
25545,0.002406,172.217.194.0-255,7156,199421,79,272473
25546,0.002412,172.217.194.0-255,4320,203741,79,272473
25547,0.002439,172.217.194.0-255,7156,210897,79,272473
25548,0.002447,172.217.194.0-255,7156,218053,79,272473
25549,0.002462,172.217.194.0-255,5020,223073,79,272473
25550,0.002506,172.217.194.0-255,1484,224557,79,272473
25551,0.002521,172.217.194.0-255,2902,227459,79,272473
25552,0.002526,172.217.194.0-255,4320,231779,79,272473
25553,0.002547,172.217.194.0-255,1484,233263,79,272473
25554,0.002573,172.217.194.0-255,1484,234747,79,272473
25555,0.002579,172.217.194.0-255,4320,239067,79,272473
25556,0.002598,172.217.194.0-255,4320,243387,79,272473
25557,0.005599,172.31.40.0-255,66,243453,79,272473
25558,0.008212,172.217.194.0-255,5738,249191,79,272473
25559,0.00822,172.31.40.0-255,66,249257,79,272473
25560,0.010742,172.217.194.0-255,5738,254995,79,272473
25561,0.010749,172.31.40.0-255,66,255061,79,272473
25562,0.013333,172.217.194.0-255,5738,260799,79,272473
25563,0.013342,172.31.40.0-255,66,260865,79,272473
25564,0.015911,172.217.194.0-255,5738,266603,79,272473
25565,0.015921,172.31.40.0-255,66,266669,79,272473
25566,0.018487,172.217.194.0-255,5738,272407,79,272473
25567,0.018499,172.31.40.0-255,66,272473,79,272473
25568,0.0,91.189.92.0-255,97,97,79,392
25569,2.7e-05,172.31.40.0-255,66,163,79,392
25570,3.3e-05,91.189.92.0-255,66,229,79,392
25571,0.000116,172.31.40.0-255,97,326,79,392
25572,0.000139,172.31.40.0-255,66,392,79,392
25573,0.0,74.125.24.0-255,153,153,79,231327
25574,2.2e-05,172.31.40.0-255,66,219,79,231327
25575,2.9e-05,74.125.24.0-255,1484,1703,79,231327
25576,3.3e-05,172.31.40.0-255,66,1769,79,231327
25577,3.9e-05,74.125.24.0-255,2902,4671,79,231327
25578,4.2e-05,172.31.40.0-255,66,4737,79,231327
25579,4.9e-05,74.125.24.0-255,7156,11893,79,231327
25580,5.3e-05,172.31.40.0-255,66,11959,79,231327
25581,5.8e-05,74.125.24.0-255,4320,16279,79,231327
25582,6.1e-05,172.31.40.0-255,66,16345,79,231327
25583,9.1e-05,74.125.24.0-255,6270,22615,79,231327
25584,9.4e-05,172.31.40.0-255,66,22681,79,231327
25585,0.000111,74.125.24.0-255,7156,29837,79,231327
25586,0.000113,172.31.40.0-255,66,29903,79,231327
25587,0.000132,74.125.24.0-255,1125,31028,79,231327
25588,0.000135,172.31.40.0-255,66,31094,79,231327
25589,0.000637,74.125.24.0-255,1484,32578,79,231327
25590,0.000642,172.31.40.0-255,66,32644,79,231327
25591,0.000648,74.125.24.0-255,2902,35546,79,231327
25592,0.00065,172.31.40.0-255,66,35612,79,231327
25593,0.000656,74.125.24.0-255,5738,41350,79,231327
25594,0.000659,172.31.40.0-255,66,41416,79,231327
25595,0.000664,74.125.24.0-255,4320,45736,79,231327
25596,0.000666,172.31.40.0-255,66,45802,79,231327
25597,0.000694,74.125.24.0-255,3961,49763,79,231327
25598,0.000696,172.31.40.0-255,66,49829,79,231327
25599,0.000707,172.31.40.0-255,66,49895,79,231327
25600,0.000716,74.125.24.0-255,7072,56967,79,231327
25601,0.000718,172.31.40.0-255,66,57033,79,231327
25602,0.000753,74.125.24.0-255,7156,64189,79,231327
25603,0.000755,172.31.40.0-255,66,64255,79,231327
25604,0.00077,74.125.24.0-255,2902,67157,79,231327
25605,0.000773,172.31.40.0-255,66,67223,79,231327
25606,0.000794,74.125.24.0-255,6531,73754,79,231327
25607,0.000796,172.31.40.0-255,66,73820,79,231327
25608,0.000966,74.125.24.0-255,1484,75304,79,231327
25609,0.000971,74.125.24.0-255,1484,76788,79,231327
25610,0.000974,172.31.40.0-255,66,76854,79,231327
25611,0.000993,74.125.24.0-255,1484,78338,79,231327
25612,0.001,74.125.24.0-255,5738,84076,79,231327
25613,0.001003,172.31.40.0-255,66,84142,79,231327
25614,0.00103,74.125.24.0-255,2902,87044,79,231327
25615,0.001032,172.31.40.0-255,66,87110,79,231327
25616,0.001063,74.125.24.0-255,7156,94266,79,231327
25617,0.001076,74.125.24.0-255,2184,96450,79,231327
25618,0.001079,172.31.40.0-255,66,96516,79,231327
25619,0.001086,172.31.40.0-255,66,96582,79,231327
25620,0.00109,172.31.40.0-255,66,96648,79,231327
25621,0.001365,74.125.24.0-255,1484,98132,79,231327
25622,0.001371,74.125.24.0-255,2902,101034,79,231327
25623,0.001374,172.31.40.0-255,66,101100,79,231327
25624,0.001395,74.125.24.0-255,5738,106838,79,231327
25625,0.001397,172.31.40.0-255,66,106904,79,231327
25626,0.001401,74.125.24.0-255,1484,108388,79,231327
25627,0.00143,172.31.40.0-255,66,108454,79,231327
25628,0.001433,74.125.24.0-255,1484,109938,79,231327
25629,0.001467,172.31.40.0-255,66,110004,79,231327
25630,0.00147,74.125.24.0-255,766,110770,79,231327
25631,0.001567,74.125.24.0-255,1484,112254,79,231327
25632,0.001571,172.31.40.0-255,66,112320,79,231327
25633,0.001591,74.125.24.0-255,2902,115222,79,231327
25634,0.001593,172.31.40.0-255,66,115288,79,231327
25635,0.0016,74.125.24.0-255,5738,121026,79,231327
25636,0.001602,172.31.40.0-255,66,121092,79,231327
25637,0.001627,74.125.24.0-255,2902,123994,79,231327
25638,0.001629,172.31.40.0-255,66,124060,79,231327
25639,0.001648,74.125.24.0-255,5738,129798,79,231327
25640,0.001651,172.31.40.0-255,66,129864,79,231327
25641,0.001662,172.31.40.0-255,66,129930,79,231327
25642,0.001692,74.125.24.0-255,5020,134950,79,231327
25643,0.001695,172.31.40.0-255,66,135016,79,231327
25644,0.001701,74.125.24.0-255,5738,140754,79,231327
25645,0.001704,172.31.40.0-255,66,140820,79,231327
25646,0.001742,172.31.40.0-255,66,140886,79,231327
25647,0.001753,172.31.40.0-255,66,140952,79,231327
25648,0.001795,74.125.24.0-255,6438,147390,79,231327
25649,0.001798,172.31.40.0-255,66,147456,79,231327
25650,0.001857,74.125.24.0-255,1484,148940,79,231327
25651,0.001863,74.125.24.0-255,2902,151842,79,231327
25652,0.001866,172.31.40.0-255,66,151908,79,231327
25653,0.001891,74.125.24.0-255,5738,157646,79,231327
25654,0.001894,172.31.40.0-255,66,157712,79,231327
25655,0.001901,74.125.24.0-255,7156,164868,79,231327
25656,0.001904,172.31.40.0-255,66,164934,79,231327
25657,0.001948,74.125.24.0-255,2184,167118,79,231327
25658,0.001959,172.31.40.0-255,66,167184,79,231327
25659,0.001962,172.31.40.0-255,66,167250,79,231327
25660,0.001992,74.125.24.0-255,1484,168734,79,231327
25661,0.001997,74.125.24.0-255,2902,171636,79,231327
25662,0.002,172.31.40.0-255,66,171702,79,231327
25663,0.002021,172.31.40.0-255,101,171803,79,231327
25664,0.002036,74.125.24.0-255,5738,177541,79,231327
25665,0.002038,172.31.40.0-255,66,177607,79,231327
25666,0.002045,74.125.24.0-255,7156,184763,79,231327
25667,0.002049,172.31.40.0-255,66,184829,79,231327
25668,0.003962,74.125.24.0-255,66,184895,79,231327
25669,0.004069,74.125.24.0-255,5738,190633,79,231327
25670,0.004075,172.31.40.0-255,66,190699,79,231327
25671,0.006059,74.125.24.0-255,5738,196437,79,231327
25672,0.006063,172.31.40.0-255,66,196503,79,231327
25673,0.008051,74.125.24.0-255,5738,202241,79,231327
25674,0.008055,172.31.40.0-255,66,202307,79,231327
25675,0.010053,74.125.24.0-255,5738,208045,79,231327
25676,0.01006,172.31.40.0-255,66,208111,79,231327
25677,0.01206,74.125.24.0-255,5738,213849,79,231327
25678,0.012068,172.31.40.0-255,66,213915,79,231327
25679,0.014072,74.125.24.0-255,5738,219653,79,231327
25680,0.014079,172.31.40.0-255,66,219719,79,231327
25681,0.01608,74.125.24.0-255,5738,225457,79,231327
25682,0.01609,172.31.40.0-255,66,225523,79,231327
25683,0.018075,74.125.24.0-255,5738,231261,79,231327
25684,0.018082,172.31.40.0-255,66,231327,79,231327
25685,0.0,172.217.194.0-255,152,152,79,164405
25686,2.2e-05,172.31.40.0-255,66,218,79,164405
25687,3e-05,172.217.194.0-255,1484,1702,79,164405
25688,3.4e-05,172.31.40.0-255,66,1768,79,164405
25689,4.9e-05,172.217.194.0-255,2902,4670,79,164405
25690,5.3e-05,172.31.40.0-255,66,4736,79,164405
25691,6.1e-05,172.217.194.0-255,7156,11892,79,164405
25692,6.4e-05,172.31.40.0-255,66,11958,79,164405
25693,6.8e-05,172.217.194.0-255,2154,14112,79,164405
25694,7e-05,172.31.40.0-255,66,14178,79,164405
25695,8.4e-05,172.31.40.0-255,66,14244,79,164405
25696,0.000117,172.217.194.0-255,1484,15728,79,164405
25697,0.00012,172.31.40.0-255,66,15794,79,164405
25698,0.000148,172.217.194.0-255,3961,19755,79,164405
25699,0.000151,172.31.40.0-255,66,19821,79,164405
25700,0.000158,172.217.194.0-255,1484,21305,79,164405
25701,0.000161,172.31.40.0-255,66,21371,79,164405
25702,0.000165,172.217.194.0-255,2902,24273,79,164405
25703,0.000168,172.31.40.0-255,66,24339,79,164405
25704,0.000175,172.217.194.0-255,5738,30077,79,164405
25705,0.000177,172.31.40.0-255,66,30143,79,164405
25706,0.000208,172.217.194.0-255,2902,33045,79,164405
25707,0.00021,172.31.40.0-255,66,33111,79,164405
25708,0.000238,172.217.194.0-255,3961,37072,79,164405
25709,0.000241,172.31.40.0-255,66,37138,79,164405
25710,0.000535,172.217.194.0-255,1484,38622,79,164405
25711,0.00054,172.31.40.0-255,66,38688,79,164405
25712,0.000546,172.217.194.0-255,2902,41590,79,164405
25713,0.00055,172.31.40.0-255,66,41656,79,164405
25714,0.000559,172.217.194.0-255,2902,44558,79,164405
25715,0.000561,172.31.40.0-255,66,44624,79,164405
25716,0.000591,172.217.194.0-255,2902,47526,79,164405
25717,0.000594,172.31.40.0-255,66,47592,79,164405
25718,0.000597,172.217.194.0-255,1484,49076,79,164405
25719,0.000628,172.217.194.0-255,5379,54455,79,164405
25720,0.000631,172.31.40.0-255,66,54521,79,164405
25721,0.00075,172.217.194.0-255,1484,56005,79,164405
25722,0.000783,172.217.194.0-255,1484,57489,79,164405
25723,0.000787,172.31.40.0-255,66,57555,79,164405
25724,0.000793,172.217.194.0-255,2902,60457,79,164405
25725,0.000795,172.31.40.0-255,66,60523,79,164405
25726,0.0008,172.217.194.0-255,2902,63425,79,164405
25727,0.000806,172.31.40.0-255,66,63491,79,164405
25728,0.000844,172.217.194.0-255,7156,70647,79,164405
25729,0.000848,172.31.40.0-255,66,70713,79,164405
25730,0.000853,172.217.194.0-255,1705,72418,79,164405
25731,0.000855,172.31.40.0-255,66,72484,79,164405
25732,0.001123,172.217.194.0-255,1484,73968,79,164405
25733,0.001129,172.217.194.0-255,2902,76870,79,164405
25734,0.001132,172.31.40.0-255,66,76936,79,164405
25735,0.00116,172.217.194.0-255,5738,82674,79,164405
25736,0.001163,172.31.40.0-255,66,82740,79,164405
25737,0.00117,172.217.194.0-255,7156,89896,79,164405
25738,0.001172,172.31.40.0-255,66,89962,79,164405
25739,0.001209,172.31.40.0-255,66,90028,79,164405
25740,0.001226,172.217.194.0-255,5738,95766,79,164405
25741,0.00123,172.217.194.0-255,2902,98668,79,164405
25742,0.001235,172.31.40.0-255,66,98734,79,164405
25743,0.001238,172.31.40.0-255,66,98800,79,164405
25744,0.001263,172.217.194.0-255,2938,101738,79,164405
25745,0.001266,172.31.40.0-255,66,101804,79,164405
25746,0.001286,172.31.40.0-255,66,101870,79,164405
25747,0.001297,172.31.40.0-255,66,101936,79,164405
25748,0.001299,172.217.194.0-255,198,102134,79,164405
25749,0.001689,172.217.194.0-255,1484,103618,79,164405
25750,0.001693,172.31.40.0-255,66,103684,79,164405
25751,0.001699,172.217.194.0-255,2902,106586,79,164405
25752,0.001701,172.31.40.0-255,66,106652,79,164405
25753,0.00172,172.217.194.0-255,4320,110972,79,164405
25754,0.001728,172.31.40.0-255,66,111038,79,164405
25755,0.001747,172.217.194.0-255,5738,116776,79,164405
25756,0.001749,172.31.40.0-255,66,116842,79,164405
25757,0.00178,172.217.194.0-255,2902,119744,79,164405
25758,0.001783,172.31.40.0-255,66,119810,79,164405
25759,0.0018,172.31.40.0-255,66,119876,79,164405
25760,0.001831,172.217.194.0-255,5020,124896,79,164405
25761,0.001834,172.31.40.0-255,66,124962,79,164405
25762,0.004141,172.217.194.0-255,5738,130700,79,164405
25763,0.004148,172.31.40.0-255,66,130766,79,164405
25764,0.006459,172.217.194.0-255,4320,135086,79,164405
25765,0.006464,172.31.40.0-255,66,135152,79,164405
25766,0.006489,172.217.194.0-255,1484,136636,79,164405
25767,0.008795,172.217.194.0-255,4320,140956,79,164405
25768,0.008802,172.31.40.0-255,66,141022,79,164405
25769,0.011108,172.217.194.0-255,5738,146760,79,164405
25770,0.011117,172.31.40.0-255,66,146826,79,164405
25771,0.013471,172.217.194.0-255,5738,152564,79,164405
25772,0.013479,172.31.40.0-255,66,152630,79,164405
25773,0.015796,172.217.194.0-255,5738,158368,79,164405
25774,0.015804,172.31.40.0-255,66,158434,79,164405
25775,0.016292,172.31.40.0-255,101,158535,79,164405
25776,0.018135,172.217.194.0-255,5738,164273,79,164405
25777,0.018143,172.31.40.0-255,66,164339,79,164405
25778,0.018567,172.217.194.0-255,66,164405,79,164405
25779,0.0,172.31.40.0-255,66,66,79,66
25780,0.0,74.125.130.0-255,147,147,79,126426
25781,2.3e-05,172.31.40.0-255,66,213,79,126426
25782,3.1e-05,74.125.130.0-255,1484,1697,79,126426
25783,3.5e-05,172.31.40.0-255,66,1763,79,126426
25784,4.1e-05,74.125.130.0-255,2902,4665,79,126426
25785,4.5e-05,172.31.40.0-255,66,4731,79,126426
25786,5.1e-05,74.125.130.0-255,4320,9051,79,126426
25787,5.4e-05,172.31.40.0-255,66,9117,79,126426
25788,7.5e-05,74.125.130.0-255,2902,12019,79,126426
25789,7.8e-05,172.31.40.0-255,66,12085,79,126426
25790,0.000116,74.125.130.0-255,6426,18511,79,126426
25791,0.000119,172.31.40.0-255,66,18577,79,126426
25792,0.00013,172.31.40.0-255,66,18643,79,126426
25793,0.000135,74.125.130.0-255,2543,21186,79,126426
25794,0.000137,172.31.40.0-255,66,21252,79,126426
25795,0.000301,74.125.130.0-255,1484,22736,79,126426
25796,0.000306,172.31.40.0-255,66,22802,79,126426
25797,0.000311,74.125.130.0-255,2902,25704,79,126426
25798,0.000314,172.31.40.0-255,66,25770,79,126426
25799,0.000318,74.125.130.0-255,2902,28672,79,126426
25800,0.000321,172.31.40.0-255,66,28738,79,126426
25801,0.000356,74.125.130.0-255,1484,30222,79,126426
25802,0.000359,172.31.40.0-255,66,30288,79,126426
25803,0.000366,74.125.130.0-255,5738,36026,79,126426
25804,0.000369,172.31.40.0-255,66,36092,79,126426
25805,0.000371,74.125.130.0-255,1484,37576,79,126426
25806,0.000373,172.31.40.0-255,66,37642,79,126426
25807,0.000399,74.125.130.0-255,2543,40185,79,126426
25808,0.000402,172.31.40.0-255,66,40251,79,126426
25809,0.000407,74.125.130.0-255,4320,44571,79,126426
25810,0.00041,172.31.40.0-255,66,44637,79,126426
25811,0.000412,74.125.130.0-255,1484,46121,79,126426
25812,0.00044,172.31.40.0-255,66,46187,79,126426
25813,0.000443,74.125.130.0-255,1382,47569,79,126426
25814,0.000459,74.125.130.0-255,111,47680,79,126426
25815,0.000573,74.125.130.0-255,1484,49164,79,126426
25816,0.000578,172.31.40.0-255,66,49230,79,126426
25817,0.000601,74.125.130.0-255,2902,52132,79,126426
25818,0.000605,172.31.40.0-255,66,52198,79,126426
25819,0.000611,74.125.130.0-255,5738,57936,79,126426
25820,0.000613,172.31.40.0-255,66,58002,79,126426
25821,0.000645,172.31.40.0-255,66,58068,79,126426
25822,0.000685,74.125.130.0-255,5738,63806,79,126426
25823,0.000688,172.31.40.0-255,66,63872,79,126426
25824,0.000711,74.125.130.0-255,5738,69610,79,126426
25825,0.000714,172.31.40.0-255,66,69676,79,126426
25826,0.000719,74.125.130.0-255,2184,71860,79,126426
25827,0.000721,172.31.40.0-255,66,71926,79,126426
25828,0.000724,74.125.130.0-255,384,72310,79,126426
25829,0.001086,74.125.130.0-255,1484,73794,79,126426
25830,0.001091,172.31.40.0-255,66,73860,79,126426
25831,0.001097,74.125.130.0-255,2902,76762,79,126426
25832,0.001099,172.31.40.0-255,66,76828,79,126426
25833,0.001127,74.125.130.0-255,5738,82566,79,126426
25834,0.00113,172.31.40.0-255,66,82632,79,126426
25835,0.00115,74.125.130.0-255,2902,85534,79,126426
25836,0.001152,172.31.40.0-255,66,85600,79,126426
25837,0.001185,172.31.40.0-255,66,85666,79,126426
25838,0.001198,172.31.40.0-255,66,85732,79,126426
25839,0.003595,74.125.130.0-255,5738,91470,79,126426
25840,0.003601,172.31.40.0-255,66,91536,79,126426
25841,0.005981,74.125.130.0-255,1484,93020,79,126426
25842,0.005996,74.125.130.0-255,4320,97340,79,126426
25843,0.005999,172.31.40.0-255,66,97406,79,126426
25844,0.008398,74.125.130.0-255,5738,103144,79,126426
25845,0.008405,172.31.40.0-255,66,103210,79,126426
25846,0.010828,74.125.130.0-255,5738,108948,79,126426
25847,0.010837,172.31.40.0-255,66,109014,79,126426
25848,0.013223,74.125.130.0-255,5738,114752,79,126426
25849,0.013231,172.31.40.0-255,66,114818,79,126426
25850,0.015619,74.125.130.0-255,5738,120556,79,126426
25851,0.015627,172.31.40.0-255,66,120622,79,126426
25852,0.018023,74.125.130.0-255,5738,126360,79,126426
25853,0.018037,172.31.40.0-255,66,126426,79,126426
25854,0.0,74.125.24.0-255,148,148,79,158365
25855,1.9e-05,172.31.40.0-255,66,214,79,158365
25856,2.6e-05,74.125.24.0-255,1484,1698,79,158365
25857,3e-05,172.31.40.0-255,66,1764,79,158365
25858,3.5e-05,74.125.24.0-255,2902,4666,79,158365
25859,3.9e-05,172.31.40.0-255,66,4732,79,158365
25860,4.8e-05,74.125.24.0-255,7156,11888,79,158365
25861,5.1e-05,172.31.40.0-255,66,11954,79,158365
25862,5.5e-05,74.125.24.0-255,2115,14069,79,158365
25863,5.8e-05,172.31.40.0-255,66,14135,79,158365
25864,0.000102,74.125.24.0-255,1484,15619,79,158365
25865,0.000104,172.31.40.0-255,66,15685,79,158365
25866,0.000121,74.125.24.0-255,2902,18587,79,158365
25867,0.000124,172.31.40.0-255,66,18653,79,158365
25868,0.000127,74.125.24.0-255,1484,20137,79,158365
25869,0.000129,172.31.40.0-255,66,20203,79,158365
25870,0.000156,74.125.24.0-255,4320,24523,79,158365
25871,0.000159,172.31.40.0-255,66,24589,79,158365
25872,0.000166,74.125.24.0-255,6797,31386,79,158365
25873,0.000168,172.31.40.0-255,66,31452,79,158365
25874,0.000278,74.125.24.0-255,1484,32936,79,158365
25875,0.000282,172.31.40.0-255,66,33002,79,158365
25876,0.000287,74.125.24.0-255,1484,34486,79,158365
25877,0.000288,172.31.40.0-255,66,34552,79,158365
25878,0.000307,74.125.24.0-255,1484,36036,79,158365
25879,0.000309,172.31.40.0-255,66,36102,79,158365
25880,0.000316,74.125.24.0-255,5738,41840,79,158365
25881,0.000318,172.31.40.0-255,66,41906,79,158365
25882,0.000333,74.125.24.0-255,2902,44808,79,158365
25883,0.000335,172.31.40.0-255,66,44874,79,158365
25884,0.000369,172.31.40.0-255,66,44940,79,158365
25885,0.000373,74.125.24.0-255,2902,47842,79,158365
25886,0.000375,172.31.40.0-255,66,47908,79,158365
25887,0.00039,74.125.24.0-255,4320,52228,79,158365
25888,0.000392,172.31.40.0-255,66,52294,79,158365
25889,0.000407,74.125.24.0-255,2543,54837,79,158365
25890,0.00041,172.31.40.0-255,66,54903,79,158365
25891,0.000495,74.125.24.0-255,414,55317,79,158365
25892,0.000527,74.125.24.0-255,329,55646,79,158365
25893,0.000807,74.125.24.0-255,1484,57130,79,158365
25894,0.000812,172.31.40.0-255,66,57196,79,158365
25895,0.000818,74.125.24.0-255,2902,60098,79,158365
25896,0.000821,172.31.40.0-255,66,60164,79,158365
25897,0.000825,74.125.24.0-255,2902,63066,79,158365
25898,0.000827,172.31.40.0-255,66,63132,79,158365
25899,0.000855,74.125.24.0-255,2902,66034,79,158365
25900,0.000858,172.31.40.0-255,66,66100,79,158365
25901,0.000871,172.31.40.0-255,66,66166,79,158365
25902,0.000876,74.125.24.0-255,4320,70486,79,158365
25903,0.000879,172.31.40.0-255,66,70552,79,158365
25904,0.000905,74.125.24.0-255,5738,76290,79,158365
25905,0.000908,172.31.40.0-255,66,76356,79,158365
25906,0.000911,74.125.24.0-255,217,76573,79,158365
25907,0.000957,74.125.24.0-255,1484,78057,79,158365
25908,0.000961,172.31.40.0-255,66,78123,79,158365
25909,0.000966,74.125.24.0-255,2902,81025,79,158365
25910,0.000968,172.31.40.0-255,66,81091,79,158365
25911,0.001016,74.125.24.0-255,5738,86829,79,158365
25912,0.001022,74.125.24.0-255,5738,92567,79,158365
25913,0.001032,172.31.40.0-255,66,92633,79,158365
25914,0.001035,172.31.40.0-255,66,92699,79,158365
25915,0.001047,172.31.40.0-255,66,92765,79,158365
25916,0.00106,74.125.24.0-255,2902,95667,79,158365
25917,0.001063,172.31.40.0-255,66,95733,79,158365
25918,0.001068,74.125.24.0-255,5020,100753,79,158365
25919,0.001071,172.31.40.0-255,66,100819,79,158365
25920,0.001881,74.125.24.0-255,1484,102303,79,158365
25921,0.001891,74.125.24.0-255,2902,105205,79,158365
25922,0.001895,172.31.40.0-255,66,105271,79,158365
25923,0.001902,74.125.24.0-255,4320,109591,79,158365
25924,0.001904,172.31.40.0-255,66,109657,79,158365
25925,0.00192,74.125.24.0-255,1484,111141,79,158365
25926,0.001924,74.125.24.0-255,2902,114043,79,158365
25927,0.001926,172.31.40.0-255,66,114109,79,158365
25928,0.001929,74.125.24.0-255,1484,115593,79,158365
25929,0.001962,172.31.40.0-255,66,115659,79,158365
25930,0.001965,74.125.24.0-255,1484,117143,79,158365
25931,0.001993,172.31.40.0-255,66,117209,79,158365
25932,0.004553,74.125.24.0-255,5738,122947,79,158365
25933,0.004561,172.31.40.0-255,66,123013,79,158365
25934,0.007111,74.125.24.0-255,2902,125915,79,158365
25935,0.007114,172.31.40.0-255,66,125981,79,158365
25936,0.007133,74.125.24.0-255,2902,128883,79,158365
25937,0.007135,172.31.40.0-255,66,128949,79,158365
25938,0.009644,74.125.24.0-255,2902,131851,79,158365
25939,0.009651,172.31.40.0-255,66,131917,79,158365
25940,0.009674,74.125.24.0-255,2902,134819,79,158365
25941,0.009677,172.31.40.0-255,66,134885,79,158365
25942,0.012201,74.125.24.0-255,2902,137787,79,158365
25943,0.012208,172.31.40.0-255,66,137853,79,158365
25944,0.012233,74.125.24.0-255,2902,140755,79,158365
25945,0.012236,172.31.40.0-255,66,140821,79,158365
25946,0.014767,74.125.24.0-255,2902,143723,79,158365
25947,0.014775,172.31.40.0-255,66,143789,79,158365
25948,0.014797,74.125.24.0-255,2902,146691,79,158365
25949,0.0148,172.31.40.0-255,66,146757,79,158365
25950,0.017339,74.125.24.0-255,5738,152495,79,158365
25951,0.017347,172.31.40.0-255,66,152561,79,158365
25952,0.0199,74.125.24.0-255,5738,158299,79,158365
25953,0.019907,172.31.40.0-255,66,158365,79,158365
25954,0.0,172.217.194.0-255,153,153,79,123112
25955,1.5e-05,172.31.40.0-255,66,219,79,123112
25956,3.6e-05,172.217.194.0-255,1484,1703,79,123112
25957,4e-05,172.31.40.0-255,66,1769,79,123112
25958,4.6e-05,172.217.194.0-255,2902,4671,79,123112
25959,4.9e-05,172.31.40.0-255,66,4737,79,123112
25960,5.6e-05,172.217.194.0-255,5738,10475,79,123112
25961,5.9e-05,172.31.40.0-255,66,10541,79,123112
25962,9.5e-05,172.217.194.0-255,3495,14036,79,123112
25963,9.7e-05,172.31.40.0-255,66,14102,79,123112
25964,0.000103,172.217.194.0-255,4320,18422,79,123112
25965,0.000106,172.31.40.0-255,66,18488,79,123112
25966,0.000134,172.217.194.0-255,4320,22808,79,123112
25967,0.000137,172.31.40.0-255,66,22874,79,123112
25968,0.000161,172.217.194.0-255,5738,28612,79,123112
25969,0.000164,172.31.40.0-255,66,28678,79,123112
25970,0.000168,172.217.194.0-255,2543,31221,79,123112
25971,0.00017,172.31.40.0-255,66,31287,79,123112
25972,0.00041,172.217.194.0-255,1484,32771,79,123112
25973,0.000415,172.31.40.0-255,66,32837,79,123112
25974,0.000421,172.217.194.0-255,2902,35739,79,123112
25975,0.000423,172.31.40.0-255,66,35805,79,123112
25976,0.000429,172.217.194.0-255,5738,41543,79,123112
25977,0.000432,172.31.40.0-255,66,41609,79,123112
25978,0.000473,172.31.40.0-255,66,41675,79,123112
25979,0.000485,172.31.40.0-255,66,41741,79,123112
25980,0.000498,172.217.194.0-255,2902,44643,79,123112
25981,0.000501,172.31.40.0-255,66,44709,79,123112
25982,0.000503,172.217.194.0-255,1125,45834,79,123112
25983,0.000505,172.31.40.0-255,66,45900,79,123112
25984,0.000857,172.217.194.0-255,360,46260,79,123112
25985,0.001035,172.31.40.0-255,66,46326,79,123112
25986,0.001703,172.217.194.0-255,1484,47810,79,123112
25987,0.001714,172.217.194.0-255,2902,50712,79,123112
25988,0.001732,172.217.194.0-255,4320,55032,79,123112
25989,0.001753,172.217.194.0-255,1484,56516,79,123112
25990,0.001814,172.217.194.0-255,5020,61536,79,123112
25991,0.002026,172.217.194.0-255,1484,63020,79,123112
25992,0.002042,172.217.194.0-255,2902,65922,79,123112
25993,0.002063,172.217.194.0-255,5738,71660,79,123112
25994,0.002107,172.217.194.0-255,1484,73144,79,123112
25995,0.002207,172.217.194.0-255,4320,77464,79,123112
25996,0.002271,172.217.194.0-255,4320,81784,79,123112
25997,0.00229,172.217.194.0-255,3602,85386,79,123112
25998,0.002321,172.217.194.0-255,4320,89706,79,123112
25999,0.002363,172.217.194.0-255,4320,94026,79,123112
26000,0.007002,172.31.40.0-255,66,94092,79,123112
26001,0.009318,172.217.194.0-255,5738,99830,79,123112
26002,0.009326,172.31.40.0-255,66,99896,79,123112
26003,0.011628,172.217.194.0-255,5738,105634,79,123112
26004,0.011645,172.31.40.0-255,66,105700,79,123112
26005,0.013951,172.217.194.0-255,5738,111438,79,123112
26006,0.01466,172.31.40.0-255,66,111504,79,123112
26007,0.016992,172.217.194.0-255,5738,117242,79,123112
26008,0.017003,172.31.40.0-255,66,117308,79,123112
26009,0.019334,172.217.194.0-255,5738,123046,79,123112
26010,0.019346,172.31.40.0-255,66,123112,79,123112
26011,0.0,74.125.24.0-255,153,153,79,155110
26012,2.1e-05,172.31.40.0-255,66,219,79,155110
26013,2.7e-05,74.125.24.0-255,1484,1703,79,155110
26014,3.1e-05,172.31.40.0-255,66,1769,79,155110
26015,3.7e-05,74.125.24.0-255,2902,4671,79,155110
26016,4e-05,172.31.40.0-255,66,4737,79,155110
26017,5.6e-05,74.125.24.0-255,7156,11893,79,155110
26018,5.9e-05,172.31.40.0-255,66,11959,79,155110
26019,6.3e-05,74.125.24.0-255,2001,13960,79,155110
26020,6.6e-05,172.31.40.0-255,66,14026,79,155110
26021,0.000566,74.125.24.0-255,1484,15510,79,155110
26022,0.000572,172.31.40.0-255,66,15576,79,155110
26023,0.000581,74.125.24.0-255,2902,18478,79,155110
26024,0.000583,172.31.40.0-255,66,18544,79,155110
26025,0.000596,74.125.24.0-255,5738,24282,79,155110
26026,0.000598,172.31.40.0-255,66,24348,79,155110
26027,0.000631,74.125.24.0-255,6797,31145,79,155110
26028,0.000634,172.31.40.0-255,66,31211,79,155110
26029,0.000826,74.125.24.0-255,1484,32695,79,155110
26030,0.00083,172.31.40.0-255,66,32761,79,155110
26031,0.000837,74.125.24.0-255,2902,35663,79,155110
26032,0.00084,172.31.40.0-255,66,35729,79,155110
26033,0.000843,74.125.24.0-255,1484,37213,79,155110
26034,0.000845,172.31.40.0-255,66,37279,79,155110
26035,0.000889,74.125.24.0-255,4320,41599,79,155110
26036,0.000893,172.31.40.0-255,66,41665,79,155110
26037,0.000902,74.125.24.0-255,6797,48462,79,155110
26038,0.000904,172.31.40.0-255,66,48528,79,155110
26039,0.000919,172.31.40.0-255,66,48594,79,155110
26040,0.000924,74.125.24.0-255,2543,51137,79,155110
26041,0.000925,172.31.40.0-255,66,51203,79,155110
26042,0.001061,74.125.24.0-255,647,51850,79,155110
26043,0.001282,74.125.24.0-255,1484,53334,79,155110
26044,0.001288,172.31.40.0-255,66,53400,79,155110
26045,0.001295,74.125.24.0-255,2902,56302,79,155110
26046,0.001298,172.31.40.0-255,66,56368,79,155110
26047,0.001306,74.125.24.0-255,1484,57852,79,155110
26048,0.001334,74.125.24.0-255,2902,60754,79,155110
26049,0.001336,172.31.40.0-255,66,60820,79,155110
26050,0.001374,172.31.40.0-255,66,60886,79,155110
26051,0.001381,74.125.24.0-255,7156,68042,79,155110
26052,0.001383,172.31.40.0-255,66,68108,79,155110
26053,0.001435,172.31.40.0-255,66,68174,79,155110
26054,0.001565,74.125.24.0-255,1484,69658,79,155110
26055,0.00158,74.125.24.0-255,2902,72560,79,155110
26056,0.001583,172.31.40.0-255,66,72626,79,155110
26057,0.001586,74.125.24.0-255,1484,74110,79,155110
26058,0.001612,74.125.24.0-255,4320,78430,79,155110
26059,0.001614,172.31.40.0-255,66,78496,79,155110
26060,0.001617,74.125.24.0-255,1484,79980,79,155110
26061,0.001645,172.31.40.0-255,66,80046,79,155110
26062,0.001709,172.31.40.0-255,66,80112,79,155110
26063,0.001802,74.125.24.0-255,1484,81596,79,155110
26064,0.001805,74.125.24.0-255,1484,83080,79,155110
26065,0.001807,172.31.40.0-255,66,83146,79,155110
26066,0.001832,74.125.24.0-255,1484,84630,79,155110
26067,0.001839,74.125.24.0-255,5738,90368,79,155110
26068,0.001842,172.31.40.0-255,66,90434,79,155110
26069,0.001845,74.125.24.0-255,1484,91918,79,155110
26070,0.001892,172.31.40.0-255,66,91984,79,155110
26071,0.001898,74.125.24.0-255,5738,97722,79,155110
26072,0.001901,172.31.40.0-255,66,97788,79,155110
26073,0.001931,74.125.24.0-255,5020,102808,79,155110
26074,0.001933,172.31.40.0-255,66,102874,79,155110
26075,0.003924,74.125.24.0-255,5738,108612,79,155110
26076,0.00393,172.31.40.0-255,66,108678,79,155110
26077,0.005919,74.125.24.0-255,5738,114416,79,155110
26078,0.005926,172.31.40.0-255,66,114482,79,155110
26079,0.007911,74.125.24.0-255,5738,120220,79,155110
26080,0.007919,172.31.40.0-255,66,120286,79,155110
26081,0.009902,74.125.24.0-255,5738,126024,79,155110
26082,0.00991,172.31.40.0-255,66,126090,79,155110
26083,0.01192,74.125.24.0-255,5738,131828,79,155110
26084,0.011928,172.31.40.0-255,66,131894,79,155110
26085,0.013961,74.125.24.0-255,5738,137632,79,155110
26086,0.013968,172.31.40.0-255,66,137698,79,155110
26087,0.015947,74.125.24.0-255,5738,143436,79,155110
26088,0.015955,172.31.40.0-255,66,143502,79,155110
26089,0.017938,74.125.24.0-255,5738,149240,79,155110
26090,0.017945,172.31.40.0-255,66,149306,79,155110
26091,0.019929,74.125.24.0-255,5738,155044,79,155110
26092,0.019937,172.31.40.0-255,66,155110,79,155110
26093,0.0,172.217.194.0-255,146,146,79,192941
26094,2.6e-05,172.31.40.0-255,66,212,79,192941
26095,3.4e-05,172.217.194.0-255,1484,1696,79,192941
26096,3.8e-05,172.31.40.0-255,66,1762,79,192941
26097,5.1e-05,172.217.194.0-255,2902,4664,79,192941
26098,5.5e-05,172.31.40.0-255,66,4730,79,192941
26099,6.3e-05,172.217.194.0-255,7156,11886,79,192941
26100,6.7e-05,172.31.40.0-255,66,11952,79,192941
26101,7.1e-05,172.217.194.0-255,2118,14070,79,192941
26102,7.3e-05,172.31.40.0-255,66,14136,79,192941
26103,0.000179,172.217.194.0-255,1484,15620,79,192941
26104,0.000182,172.31.40.0-255,66,15686,79,192941
26105,0.000187,172.217.194.0-255,2902,18588,79,192941
26106,0.00019,172.31.40.0-255,66,18654,79,192941
26107,0.000201,172.217.194.0-255,5738,24392,79,192941
26108,0.000204,172.31.40.0-255,66,24458,79,192941
26109,0.000208,172.217.194.0-255,2902,27360,79,192941
26110,0.000211,172.31.40.0-255,66,27426,79,192941
26111,0.000234,172.217.194.0-255,2902,30328,79,192941
26112,0.000237,172.31.40.0-255,66,30394,79,192941
26113,0.000264,172.217.194.0-255,4320,34714,79,192941
26114,0.000267,172.31.40.0-255,66,34780,79,192941
26115,0.000305,172.31.40.0-255,66,34846,79,192941
26116,0.000309,172.217.194.0-255,3961,38807,79,192941
26117,0.000312,172.31.40.0-255,66,38873,79,192941
26118,0.000341,172.217.194.0-255,1484,40357,79,192941
26119,0.000344,172.31.40.0-255,66,40423,79,192941
26120,0.00038,172.31.40.0-255,66,40489,79,192941
26121,0.000386,172.217.194.0-255,4541,45030,79,192941
26122,0.000389,172.31.40.0-255,66,45096,79,192941
26123,0.000438,172.217.194.0-255,1484,46580,79,192941
26124,0.000468,172.217.194.0-255,2902,49482,79,192941
26125,0.000471,172.31.40.0-255,66,49548,79,192941
26126,0.000474,172.217.194.0-255,1484,51032,79,192941
26127,0.000501,172.217.194.0-255,2902,53934,79,192941
26128,0.000503,172.31.40.0-255,66,54000,79,192941
26129,0.000536,172.31.40.0-255,66,54066,79,192941
26130,0.000563,172.217.194.0-255,2902,56968,79,192941
26131,0.000565,172.31.40.0-255,66,57034,79,192941
26132,0.000593,172.217.194.0-255,5738,62772,79,192941
26133,0.000596,172.31.40.0-255,66,62838,79,192941
26134,0.000603,172.217.194.0-255,7156,69994,79,192941
26135,0.000606,172.31.40.0-255,66,70060,79,192941
26136,0.000608,172.217.194.0-255,576,70636,79,192941
26137,0.00097,172.217.194.0-255,1484,72120,79,192941
26138,0.000976,172.31.40.0-255,66,72186,79,192941
26139,0.000984,172.217.194.0-255,2902,75088,79,192941
26140,0.000986,172.31.40.0-255,66,75154,79,192941
26141,0.000997,172.217.194.0-255,5738,80892,79,192941
26142,0.001,172.31.40.0-255,66,80958,79,192941
26143,0.001032,172.217.194.0-255,7156,88114,79,192941
26144,0.001035,172.31.40.0-255,66,88180,79,192941
26145,0.001067,172.217.194.0-255,5738,93918,79,192941
26146,0.00107,172.31.40.0-255,66,93984,79,192941
26147,0.00108,172.31.40.0-255,66,94050,79,192941
26148,0.001102,172.217.194.0-255,2184,96234,79,192941
26149,0.001105,172.31.40.0-255,66,96300,79,192941
26150,0.00156,172.217.194.0-255,1484,97784,79,192941
26151,0.001565,172.217.194.0-255,1484,99268,79,192941
26152,0.001568,172.31.40.0-255,66,99334,79,192941
26153,0.001594,172.217.194.0-255,1484,100818,79,192941
26154,0.001601,172.217.194.0-255,5738,106556,79,192941
26155,0.001603,172.31.40.0-255,66,106622,79,192941
26156,0.001612,172.217.194.0-255,7156,113778,79,192941
26157,0.001614,172.31.40.0-255,66,113844,79,192941
26158,0.001643,172.217.194.0-255,1484,115328,79,192941
26159,0.001655,172.31.40.0-255,66,115394,79,192941
26160,0.001661,172.217.194.0-255,5020,120414,79,192941
26161,0.001663,172.31.40.0-255,66,120480,79,192941
26162,0.001775,172.217.194.0-255,1484,121964,79,192941
26163,0.001781,172.217.194.0-255,2902,124866,79,192941
26164,0.001784,172.31.40.0-255,66,124932,79,192941
26165,0.001788,172.217.194.0-255,1484,126416,79,192941
26166,0.001818,172.217.194.0-255,4320,130736,79,192941
26167,0.001821,172.31.40.0-255,66,130802,79,192941
26168,0.001839,172.31.40.0-255,66,130868,79,192941
26169,0.001874,172.31.40.0-255,66,130934,79,192941
26170,0.002024,172.217.194.0-255,1484,132418,79,192941
26171,0.002029,172.217.194.0-255,2902,135320,79,192941
26172,0.002033,172.31.40.0-255,66,135386,79,192941
26173,0.002068,172.217.194.0-255,5738,141124,79,192941
26174,0.00207,172.31.40.0-255,66,141190,79,192941
26175,0.002076,172.217.194.0-255,5738,146928,79,192941
26176,0.002078,172.31.40.0-255,66,146994,79,192941
26177,0.002102,172.31.40.0-255,66,147060,79,192941
26178,0.002134,172.217.194.0-255,5020,152080,79,192941
26179,0.002137,172.31.40.0-255,66,152146,79,192941
26180,0.002287,172.31.40.0-255,101,152247,79,192941
26181,0.004496,172.217.194.0-255,5738,157985,79,192941
26182,0.004503,172.31.40.0-255,66,158051,79,192941
26183,0.00458,172.217.194.0-255,66,158117,79,192941
26184,0.006838,172.217.194.0-255,5738,163855,79,192941
26185,0.006842,172.31.40.0-255,66,163921,79,192941
26186,0.009212,172.217.194.0-255,5738,169659,79,192941
26187,0.009219,172.31.40.0-255,66,169725,79,192941
26188,0.011582,172.217.194.0-255,5738,175463,79,192941
26189,0.011595,172.31.40.0-255,66,175529,79,192941
26190,0.013975,172.217.194.0-255,5738,181267,79,192941
26191,0.013986,172.31.40.0-255,66,181333,79,192941
26192,0.016327,172.217.194.0-255,5738,187071,79,192941
26193,0.016335,172.31.40.0-255,66,187137,79,192941
26194,0.018697,172.217.194.0-255,5738,192875,79,192941
26195,0.018708,172.31.40.0-255,66,192941,79,192941
26196,0.0,216.58.203.0-255,146,146,79,155370
26197,2.4e-05,172.31.40.0-255,66,212,79,155370
26198,3e-05,216.58.203.0-255,1484,1696,79,155370
26199,3.6e-05,172.31.40.0-255,66,1762,79,155370
26200,4.2e-05,216.58.203.0-255,2902,4664,79,155370
26201,4.5e-05,172.31.40.0-255,66,4730,79,155370
26202,5.3e-05,216.58.203.0-255,7156,11886,79,155370
26203,5.7e-05,172.31.40.0-255,66,11952,79,155370
26204,6.1e-05,216.58.203.0-255,2076,14028,79,155370
26205,6.5e-05,172.31.40.0-255,66,14094,79,155370
26206,0.000301,216.58.203.0-255,1484,15578,79,155370
26207,0.000307,172.31.40.0-255,66,15644,79,155370
26208,0.000314,216.58.203.0-255,2902,18546,79,155370
26209,0.000317,172.31.40.0-255,66,18612,79,155370
26210,0.000335,216.58.203.0-255,5738,24350,79,155370
26211,0.000338,172.31.40.0-255,66,24416,79,155370
26212,0.000363,216.58.203.0-255,6797,31213,79,155370
26213,0.000366,172.31.40.0-255,66,31279,79,155370
26214,0.000591,216.58.203.0-255,1484,32763,79,155370
26215,0.000596,172.31.40.0-255,66,32829,79,155370
26216,0.000603,216.58.203.0-255,2902,35731,79,155370
26217,0.000605,172.31.40.0-255,66,35797,79,155370
26218,0.000622,216.58.203.0-255,4320,40117,79,155370
26219,0.000625,172.31.40.0-255,66,40183,79,155370
26220,0.000666,172.31.40.0-255,66,40249,79,155370
26221,0.000674,216.58.203.0-255,7156,47405,79,155370
26222,0.000677,172.31.40.0-255,66,47471,79,155370
26223,0.000693,216.58.203.0-255,1484,48955,79,155370
26224,0.000696,172.31.40.0-255,66,49021,79,155370
26225,0.00071,216.58.203.0-255,4320,53341,79,155370
26226,0.000713,172.31.40.0-255,66,53407,79,155370
26227,0.00073,216.58.203.0-255,2835,56242,79,155370
26228,0.000733,172.31.40.0-255,66,56308,79,155370
26229,0.001264,216.58.203.0-255,386,56694,79,155370
26230,0.001384,216.58.203.0-255,1484,58178,79,155370
26231,0.001389,172.31.40.0-255,66,58244,79,155370
26232,0.001396,216.58.203.0-255,2902,61146,79,155370
26233,0.001398,172.31.40.0-255,66,61212,79,155370
26234,0.001415,216.58.203.0-255,4320,65532,79,155370
26235,0.001418,172.31.40.0-255,66,65598,79,155370
26236,0.001437,216.58.203.0-255,1484,67082,79,155370
26237,0.001443,216.58.203.0-255,4320,71402,79,155370
26238,0.001445,172.31.40.0-255,66,71468,79,155370
26239,0.001471,216.58.203.0-255,2543,74011,79,155370
26240,0.001474,172.31.40.0-255,66,74077,79,155370
26241,0.001492,216.58.203.0-255,1484,75561,79,155370
26242,0.001508,216.58.203.0-255,1484,77045,79,155370
26243,0.001511,172.31.40.0-255,66,77111,79,155370
26244,0.001514,216.58.203.0-255,1484,78595,79,155370
26245,0.001518,216.58.203.0-255,2902,81497,79,155370
26246,0.00152,172.31.40.0-255,66,81563,79,155370
26247,0.001523,216.58.203.0-255,1484,83047,79,155370
26248,0.001551,216.58.203.0-255,4320,87367,79,155370
26249,0.001554,172.31.40.0-255,66,87433,79,155370
26250,0.001599,216.58.203.0-255,3961,91394,79,155370
26251,0.001601,172.31.40.0-255,66,91460,79,155370
26252,0.003173,216.58.203.0-255,1484,92944,79,155370
26253,0.003228,216.58.203.0-255,4320,97264,79,155370
26254,0.003232,172.31.40.0-255,66,97330,79,155370
26255,0.004863,216.58.203.0-255,5738,103068,79,155370
26256,0.004867,172.31.40.0-255,66,103134,79,155370
26257,0.006491,216.58.203.0-255,5738,108872,79,155370
26258,0.006494,172.31.40.0-255,66,108938,79,155370
26259,0.008135,216.58.203.0-255,5738,114676,79,155370
26260,0.008142,172.31.40.0-255,66,114742,79,155370
26261,0.009795,216.58.203.0-255,5738,120480,79,155370
26262,0.009802,172.31.40.0-255,66,120546,79,155370
26263,0.011438,216.58.203.0-255,5738,126284,79,155370
26264,0.011445,172.31.40.0-255,66,126350,79,155370
26265,0.013086,216.58.203.0-255,5738,132088,79,155370
26266,0.013092,172.31.40.0-255,66,132154,79,155370
26267,0.014736,216.58.203.0-255,5738,137892,79,155370
26268,0.014743,172.31.40.0-255,66,137958,79,155370
26269,0.016383,216.58.203.0-255,5738,143696,79,155370
26270,0.016392,172.31.40.0-255,66,143762,79,155370
26271,0.018038,216.58.203.0-255,5738,149500,79,155370
26272,0.018045,172.31.40.0-255,66,149566,79,155370
26273,0.019679,216.58.203.0-255,5738,155304,79,155370
26274,0.019687,172.31.40.0-255,66,155370,79,155370
26275,0.0,74.125.24.0-255,150,150,79,186962
26276,3.3e-05,172.31.40.0-255,66,216,79,186962
26277,4e-05,74.125.24.0-255,1484,1700,79,186962
26278,4.5e-05,172.31.40.0-255,66,1766,79,186962
26279,5.6e-05,74.125.24.0-255,2902,4668,79,186962
26280,5.9e-05,172.31.40.0-255,66,4734,79,186962
26281,6.3e-05,74.125.24.0-255,2902,7636,79,186962
26282,6.6e-05,172.31.40.0-255,66,7702,79,186962
26283,6.9e-05,74.125.24.0-255,1484,9186,79,186962
26284,7.1e-05,172.31.40.0-255,66,9252,79,186962
26285,0.000116,172.31.40.0-255,66,9318,79,186962
26286,0.000127,172.31.40.0-255,66,9384,79,186962
26287,0.000292,74.125.24.0-255,1484,10868,79,186962
26288,0.000296,172.31.40.0-255,66,10934,79,186962
26289,0.000301,74.125.24.0-255,2902,13836,79,186962
26290,0.000303,172.31.40.0-255,66,13902,79,186962
26291,0.000332,74.125.24.0-255,5738,19640,79,186962
26292,0.000336,172.31.40.0-255,66,19706,79,186962
26293,0.000355,74.125.24.0-255,4320,24026,79,186962
26294,0.000358,172.31.40.0-255,66,24092,79,186962
26295,0.000386,74.125.24.0-255,7156,31248,79,186962
26296,0.000389,172.31.40.0-255,66,31314,79,186962
26297,0.000423,172.31.40.0-255,66,31380,79,186962
26298,0.000434,74.125.24.0-255,766,32146,79,186962
26299,0.000437,172.31.40.0-255,66,32212,79,186962
26300,0.000444,74.125.24.0-255,402,32614,79,186962
26301,0.000446,172.31.40.0-255,66,32680,79,186962
26302,0.000448,74.125.24.0-255,108,32788,79,186962
26303,0.00045,172.31.40.0-255,66,32854,79,186962
26304,0.000639,74.125.24.0-255,1484,34338,79,186962
26305,0.000652,74.125.24.0-255,2902,37240,79,186962
26306,0.000656,172.31.40.0-255,66,37306,79,186962
26307,0.000679,74.125.24.0-255,5738,43044,79,186962
26308,0.000681,172.31.40.0-255,66,43110,79,186962
26309,0.000685,74.125.24.0-255,1484,44594,79,186962
26310,0.000711,172.31.40.0-255,66,44660,79,186962
26311,0.00072,172.31.40.0-255,66,44726,79,186962
26312,0.000763,74.125.24.0-255,1868,46594,79,186962
26313,0.000766,172.31.40.0-255,66,46660,79,186962
26314,0.000793,74.125.24.0-255,2902,49562,79,186962
26315,0.000795,172.31.40.0-255,66,49628,79,186962
26316,0.000826,74.125.24.0-255,2902,52530,79,186962
26317,0.000828,172.31.40.0-255,66,52596,79,186962
26318,0.000834,74.125.24.0-255,7156,59752,79,186962
26319,0.000836,172.31.40.0-255,66,59818,79,186962
26320,0.000877,172.31.40.0-255,66,59884,79,186962
26321,0.000882,74.125.24.0-255,5020,64904,79,186962
26322,0.000884,172.31.40.0-255,66,64970,79,186962
26323,0.000926,74.125.24.0-255,7156,72126,79,186962
26324,0.000929,172.31.40.0-255,66,72192,79,186962
26325,0.000965,172.31.40.0-255,66,72258,79,186962
26326,0.000995,74.125.24.0-255,1484,73742,79,186962
26327,0.001007,74.125.24.0-255,2902,76644,79,186962
26328,0.00101,172.31.40.0-255,66,76710,79,186962
26329,0.001038,74.125.24.0-255,5738,82448,79,186962
26330,0.00104,172.31.40.0-255,66,82514,79,186962
26331,0.00105,172.31.40.0-255,66,82580,79,186962
26332,0.001087,74.125.24.0-255,4320,86900,79,186962
26333,0.001091,172.31.40.0-255,66,86966,79,186962
26334,0.001098,172.31.40.0-255,66,87032,79,186962
26335,0.001274,74.125.24.0-255,1484,88516,79,186962
26336,0.001279,74.125.24.0-255,2902,91418,79,186962
26337,0.001282,172.31.40.0-255,66,91484,79,186962
26338,0.001285,74.125.24.0-255,1484,92968,79,186962
26339,0.001302,74.125.24.0-255,4320,97288,79,186962
26340,0.001305,172.31.40.0-255,66,97354,79,186962
26341,0.001337,172.31.40.0-255,66,97420,79,186962
26342,0.001366,172.31.40.0-255,66,97486,79,186962
26343,0.00142,74.125.24.0-255,5738,103224,79,186962
26344,0.001423,172.31.40.0-255,66,103290,79,186962
26345,0.001454,74.125.24.0-255,4320,107610,79,186962
26346,0.001456,172.31.40.0-255,66,107676,79,186962
26347,0.001468,172.31.40.0-255,66,107742,79,186962
26348,0.001524,74.125.24.0-255,5738,113480,79,186962
26349,0.001554,172.31.40.0-255,66,113546,79,186962
26350,0.001561,74.125.24.0-255,6438,119984,79,186962
26351,0.001565,172.31.40.0-255,66,120050,79,186962
26352,0.001605,74.125.24.0-255,1484,121534,79,186962
26353,0.001616,74.125.24.0-255,2902,124436,79,186962
26354,0.001619,172.31.40.0-255,66,124502,79,186962
26355,0.001654,74.125.24.0-255,5738,130240,79,186962
26356,0.001658,172.31.40.0-255,66,130306,79,186962
26357,0.001672,172.31.40.0-255,66,130372,79,186962
26358,0.001703,74.125.24.0-255,1484,131856,79,186962
26359,0.001717,172.31.40.0-255,66,131922,79,186962
26360,0.001942,74.125.24.0-255,1484,133406,79,186962
26361,0.001948,74.125.24.0-255,2902,136308,79,186962
26362,0.001952,172.31.40.0-255,66,136374,79,186962
26363,0.001958,74.125.24.0-255,5738,142112,79,186962
26364,0.001961,172.31.40.0-255,66,142178,79,186962
26365,0.002009,172.31.40.0-255,66,142244,79,186962
26366,0.002048,172.31.40.0-255,66,142310,79,186962
26367,0.002384,74.125.24.0-255,1484,143794,79,186962
26368,0.002389,74.125.24.0-255,1484,145278,79,186962
26369,0.002392,172.31.40.0-255,66,145344,79,186962
26370,0.00242,74.125.24.0-255,1484,146828,79,186962
26371,0.004388,74.125.24.0-255,1484,148312,79,186962
26372,0.004393,172.31.40.0-255,66,148378,79,186962
26373,0.004746,74.125.24.0-255,2902,151280,79,186962
26374,0.004748,172.31.40.0-255,66,151346,79,186962
26375,0.006772,74.125.24.0-255,2902,154248,79,186962
26376,0.006775,172.31.40.0-255,66,154314,79,186962
26377,0.007093,74.125.24.0-255,2902,157216,79,186962
26378,0.007095,172.31.40.0-255,66,157282,79,186962
26379,0.009121,74.125.24.0-255,2902,160184,79,186962
26380,0.009127,172.31.40.0-255,66,160250,79,186962
26381,0.009433,74.125.24.0-255,2902,163152,79,186962
26382,0.009439,172.31.40.0-255,66,163218,79,186962
26383,0.0115,74.125.24.0-255,2902,166120,79,186962
26384,0.011508,172.31.40.0-255,66,166186,79,186962
26385,0.011793,74.125.24.0-255,2902,169088,79,186962
26386,0.011799,172.31.40.0-255,66,169154,79,186962
26387,0.013874,74.125.24.0-255,2902,172056,79,186962
26388,0.013879,172.31.40.0-255,66,172122,79,186962
26389,0.014135,74.125.24.0-255,2902,175024,79,186962
26390,0.014141,172.31.40.0-255,66,175090,79,186962
26391,0.016237,74.125.24.0-255,2902,177992,79,186962
26392,0.016243,172.31.40.0-255,66,178058,79,186962
26393,0.016499,74.125.24.0-255,2902,180960,79,186962
26394,0.016503,172.31.40.0-255,66,181026,79,186962
26395,0.018628,74.125.24.0-255,2902,183928,79,186962
26396,0.018634,172.31.40.0-255,66,183994,79,186962
26397,0.018843,74.125.24.0-255,2902,186896,79,186962
26398,0.018848,172.31.40.0-255,66,186962,79,186962
26399,0.0,172.217.194.0-255,161,161,79,222637
26400,2.1e-05,172.31.40.0-255,66,227,79,222637
26401,2.8e-05,172.217.194.0-255,1484,1711,79,222637
26402,3.3e-05,172.31.40.0-255,66,1777,79,222637
26403,3.9e-05,172.217.194.0-255,2902,4679,79,222637
26404,4.2e-05,172.31.40.0-255,66,4745,79,222637
26405,4.9e-05,172.217.194.0-255,7156,11901,79,222637
26406,5.2e-05,172.31.40.0-255,66,11967,79,222637
26407,5.7e-05,172.217.194.0-255,2091,14058,79,222637
26408,6e-05,172.31.40.0-255,66,14124,79,222637
26409,0.000278,172.217.194.0-255,1484,15608,79,222637
26410,0.000283,172.31.40.0-255,66,15674,79,222637
26411,0.000289,172.217.194.0-255,2902,18576,79,222637
26412,0.000292,172.31.40.0-255,66,18642,79,222637
26413,0.000296,172.217.194.0-255,2902,21544,79,222637
26414,0.000299,172.31.40.0-255,66,21610,79,222637
26415,0.000304,172.217.194.0-255,4320,25930,79,222637
26416,0.000307,172.31.40.0-255,66,25996,79,222637
26417,0.000333,172.217.194.0-255,2902,28898,79,222637
26418,0.000336,172.31.40.0-255,66,28964,79,222637
26419,0.00034,172.217.194.0-255,2543,31507,79,222637
26420,0.000343,172.31.40.0-255,66,31573,79,222637
26421,0.000414,172.217.194.0-255,1484,33057,79,222637
26422,0.000417,172.31.40.0-255,66,33123,79,222637
26423,0.000434,172.217.194.0-255,2902,36025,79,222637
26424,0.000438,172.31.40.0-255,66,36091,79,222637
26425,0.00044,172.217.194.0-255,1484,37575,79,222637
26426,0.000442,172.31.40.0-255,66,37641,79,222637
26427,0.000447,172.217.194.0-255,2902,40543,79,222637
26428,0.000449,172.31.40.0-255,66,40609,79,222637
26429,0.00047,172.217.194.0-255,4320,44929,79,222637
26430,0.000473,172.31.40.0-255,66,44995,79,222637
26431,0.000492,172.217.194.0-255,1484,46479,79,222637
26432,0.000512,172.217.194.0-255,4320,50799,79,222637
26433,0.000515,172.31.40.0-255,66,50865,79,222637
26434,0.000541,172.31.40.0-255,66,50931,79,222637
26435,0.00056,172.217.194.0-255,4320,55251,79,222637
26436,0.000562,172.31.40.0-255,66,55317,79,222637
26437,0.000584,172.217.194.0-255,1745,57062,79,222637
26438,0.000589,172.31.40.0-255,66,57128,79,222637
26439,0.000973,172.217.194.0-255,1484,58612,79,222637
26440,0.00098,172.217.194.0-255,2902,61514,79,222637
26441,0.000983,172.31.40.0-255,66,61580,79,222637
26442,0.000988,172.217.194.0-255,2902,64482,79,222637
26443,0.000991,172.31.40.0-255,66,64548,79,222637
26444,0.001005,172.217.194.0-255,2902,67450,79,222637
26445,0.001007,172.31.40.0-255,66,67516,79,222637
26446,0.001012,172.217.194.0-255,2902,70418,79,222637
26447,0.001014,172.31.40.0-255,66,70484,79,222637
26448,0.001046,172.31.40.0-255,66,70550,79,222637
26449,0.001064,172.217.194.0-255,1484,72034,79,222637
26450,0.001088,172.31.40.0-255,66,72100,79,222637
26451,0.001235,172.217.194.0-255,1484,73584,79,222637
26452,0.001256,172.217.194.0-255,2902,76486,79,222637
26453,0.00126,172.31.40.0-255,66,76552,79,222637
26454,0.001267,172.217.194.0-255,5738,82290,79,222637
26455,0.001269,172.31.40.0-255,66,82356,79,222637
26456,0.001272,172.217.194.0-255,1484,83840,79,222637
26457,0.001314,172.31.40.0-255,66,83906,79,222637
26458,0.00132,172.217.194.0-255,4320,88226,79,222637
26459,0.001322,172.31.40.0-255,66,88292,79,222637
26460,0.001339,172.217.194.0-255,5020,93312,79,222637
26461,0.001343,172.31.40.0-255,66,93378,79,222637
26462,0.001376,172.217.194.0-255,1484,94862,79,222637
26463,0.001381,172.217.194.0-255,2902,97764,79,222637
26464,0.001384,172.31.40.0-255,66,97830,79,222637
26465,0.001387,172.217.194.0-255,1484,99314,79,222637
26466,0.001403,172.217.194.0-255,4320,103634,79,222637
26467,0.001406,172.31.40.0-255,66,103700,79,222637
26468,0.001411,172.217.194.0-255,4320,108020,79,222637
26469,0.001414,172.31.40.0-255,66,108086,79,222637
26470,0.001447,172.31.40.0-255,66,108152,79,222637
26471,0.00146,172.31.40.0-255,66,108218,79,222637
26472,0.002019,172.217.194.0-255,1484,109702,79,222637
26473,0.002027,172.217.194.0-255,2902,112604,79,222637
26474,0.002032,172.31.40.0-255,66,112670,79,222637
26475,0.002037,172.217.194.0-255,2902,115572,79,222637
26476,0.002039,172.31.40.0-255,66,115638,79,222637
26477,0.002043,172.217.194.0-255,1484,117122,79,222637
26478,0.002046,172.217.194.0-255,1484,118606,79,222637
26479,0.002048,172.31.40.0-255,66,118672,79,222637
26480,0.002074,172.217.194.0-255,5738,124410,79,222637
26481,0.002076,172.31.40.0-255,66,124476,79,222637
26482,0.002091,172.217.194.0-255,2902,127378,79,222637
26483,0.002093,172.31.40.0-255,66,127444,79,222637
26484,0.002136,172.31.40.0-255,66,127510,79,222637
26485,0.00214,172.217.194.0-255,2184,129694,79,222637
26486,0.002142,172.31.40.0-255,66,129760,79,222637
26487,0.002228,172.217.194.0-255,1484,131244,79,222637
26488,0.002243,172.217.194.0-255,2902,134146,79,222637
26489,0.002246,172.31.40.0-255,66,134212,79,222637
26490,0.00225,172.217.194.0-255,1484,135696,79,222637
26491,0.002268,172.217.194.0-255,4320,140016,79,222637
26492,0.002271,172.31.40.0-255,66,140082,79,222637
26493,0.002287,172.217.194.0-255,5738,145820,79,222637
26494,0.00229,172.31.40.0-255,66,145886,79,222637
26495,0.002329,172.217.194.0-255,7156,153042,79,222637
26496,0.002332,172.31.40.0-255,66,153108,79,222637
26497,0.002343,172.31.40.0-255,66,153174,79,222637
26498,0.002346,172.217.194.0-255,766,153940,79,222637
26499,0.002401,172.217.194.0-255,1484,155424,79,222637
26500,0.002405,172.31.40.0-255,66,155490,79,222637
26501,0.00241,172.217.194.0-255,2902,158392,79,222637
26502,0.002412,172.31.40.0-255,66,158458,79,222637
26503,0.002417,172.217.194.0-255,4320,162778,79,222637
26504,0.002419,172.31.40.0-255,66,162844,79,222637
26505,0.002422,172.217.194.0-255,1484,164328,79,222637
26506,0.002446,172.217.194.0-255,4320,168648,79,222637
26507,0.002449,172.31.40.0-255,66,168714,79,222637
26508,0.002455,172.217.194.0-255,5738,174452,79,222637
26509,0.002458,172.31.40.0-255,66,174518,79,222637
26510,0.002499,172.31.40.0-255,66,174584,79,222637
26511,0.002502,172.217.194.0-255,1484,176068,79,222637
26512,0.002506,172.217.194.0-255,2184,178252,79,222637
26513,0.002509,172.31.40.0-255,66,178318,79,222637
26514,0.002531,172.217.194.0-255,7156,185474,79,222637
26515,0.002535,172.31.40.0-255,66,185540,79,222637
26516,0.002555,172.217.194.0-255,1484,187024,79,222637
26517,0.002558,172.217.194.0-255,1484,188508,79,222637
26518,0.00256,172.31.40.0-255,66,188574,79,222637
26519,0.002575,172.31.40.0-255,66,188640,79,222637
26520,0.002577,172.217.194.0-255,1484,190124,79,222637
26521,0.002602,172.31.40.0-255,66,190190,79,222637
26522,0.002608,172.217.194.0-255,5738,195928,79,222637
26523,0.002611,172.31.40.0-255,66,195994,79,222637
26524,0.002614,172.217.194.0-255,1484,197478,79,222637
26525,0.002617,172.217.194.0-255,1484,198962,79,222637
26526,0.002619,172.31.40.0-255,66,199028,79,222637
26527,0.002654,172.31.40.0-255,66,199094,79,222637
26528,0.002689,172.31.40.0-255,66,199160,79,222637
26529,0.002694,172.217.194.0-255,4320,203480,79,222637
26530,0.002724,172.217.194.0-255,5738,209218,79,222637
26531,0.00274,172.217.194.0-255,7156,216374,79,222637
26532,0.002766,172.217.194.0-255,5738,222112,79,222637
26533,0.002888,172.217.194.0-255,105,222217,79,222637
26534,0.01063,172.31.40.0-255,66,222283,79,222637
26535,0.01101,172.217.194.0-255,105,222388,79,222637
26536,0.011022,172.31.40.0-255,78,222466,79,222637
26537,0.013278,172.31.40.0-255,105,222571,79,222637
26538,0.015236,172.217.194.0-255,66,222637,79,222637
26539,0.0,172.253.118.0-255,151,151,79,233931
26540,2.4e-05,172.31.40.0-255,66,217,79,233931
26541,3.2e-05,172.253.118.0-255,1484,1701,79,233931
26542,3.6e-05,172.31.40.0-255,66,1767,79,233931
26543,4.2e-05,172.253.118.0-255,2902,4669,79,233931
26544,4.5e-05,172.31.40.0-255,66,4735,79,233931
26545,6.1e-05,172.253.118.0-255,7156,11891,79,233931
26546,6.4e-05,172.31.40.0-255,66,11957,79,233931
26547,6.8e-05,172.253.118.0-255,2111,14068,79,233931
26548,7.1e-05,172.31.40.0-255,66,14134,79,233931
26549,0.000152,172.253.118.0-255,1484,15618,79,233931
26550,0.000156,172.31.40.0-255,66,15684,79,233931
26551,0.000161,172.253.118.0-255,2902,18586,79,233931
26552,0.000164,172.31.40.0-255,66,18652,79,233931
26553,0.000167,172.253.118.0-255,1484,20136,79,233931
26554,0.000173,172.31.40.0-255,66,20202,79,233931
26555,0.000207,172.253.118.0-255,4320,24522,79,233931
26556,0.00021,172.31.40.0-255,66,24588,79,233931
26557,0.000217,172.253.118.0-255,4320,28908,79,233931
26558,0.000219,172.31.40.0-255,66,28974,79,233931
26559,0.000243,172.253.118.0-255,2543,31517,79,233931
26560,0.000246,172.31.40.0-255,66,31583,79,233931
26561,0.000377,172.253.118.0-255,1484,33067,79,233931
26562,0.000382,172.31.40.0-255,66,33133,79,233931
26563,0.000388,172.253.118.0-255,2902,36035,79,233931
26564,0.000391,172.31.40.0-255,66,36101,79,233931
26565,0.000403,172.253.118.0-255,4320,40421,79,233931
26566,0.000406,172.31.40.0-255,66,40487,79,233931
26567,0.000431,172.253.118.0-255,1484,41971,79,233931
26568,0.000433,172.31.40.0-255,66,42037,79,233931
26569,0.000446,172.31.40.0-255,66,42103,79,233931
26570,0.000478,172.253.118.0-255,3961,46064,79,233931
26571,0.00048,172.31.40.0-255,66,46130,79,233931
26572,0.000491,172.31.40.0-255,66,46196,79,233931
26573,0.000494,172.253.118.0-255,1125,47321,79,233931
26574,0.001041,172.31.40.0-255,66,47387,79,233931
26575,0.001428,172.253.118.0-255,646,48033,79,233931
26576,0.001455,172.253.118.0-255,1484,49517,79,233931
26577,0.001459,172.31.40.0-255,66,49583,79,233931
26578,0.001466,172.253.118.0-255,2902,52485,79,233931
26579,0.001468,172.31.40.0-255,66,52551,79,233931
26580,0.001482,172.253.118.0-255,5738,58289,79,233931
26581,0.001484,172.31.40.0-255,66,58355,79,233931
26582,0.001537,172.31.40.0-255,66,58421,79,233931
26583,0.001562,172.253.118.0-255,1484,59905,79,233931
26584,0.001569,172.253.118.0-255,5738,65643,79,233931
26585,0.001571,172.31.40.0-255,66,65709,79,233931
26586,0.001577,172.253.118.0-255,5020,70729,79,233931
26587,0.001579,172.31.40.0-255,66,70795,79,233931
26588,0.00181,172.253.118.0-255,1484,72279,79,233931
26589,0.001818,172.253.118.0-255,2902,75181,79,233931
26590,0.001822,172.31.40.0-255,66,75247,79,233931
26591,0.00183,172.253.118.0-255,5738,80985,79,233931
26592,0.001832,172.31.40.0-255,66,81051,79,233931
26593,0.001876,172.31.40.0-255,66,81117,79,233931
26594,0.001895,172.31.40.0-255,66,81183,79,233931
26595,0.001957,172.253.118.0-255,1484,82667,79,233931
26596,0.001973,172.253.118.0-255,2902,85569,79,233931
26597,0.001976,172.31.40.0-255,66,85635,79,233931
26598,0.00198,172.253.118.0-255,1484,87119,79,233931
26599,0.002007,172.253.118.0-255,4320,91439,79,233931
26600,0.00201,172.31.40.0-255,66,91505,79,233931
26601,0.002025,172.31.40.0-255,66,91571,79,233931
26602,0.002031,172.253.118.0-255,5738,97309,79,233931
26603,0.002034,172.31.40.0-255,66,97375,79,233931
26604,0.002077,172.253.118.0-255,5020,102395,79,233931
26605,0.00208,172.31.40.0-255,66,102461,79,233931
26606,0.002561,172.253.118.0-255,1484,103945,79,233931
26607,0.002575,172.253.118.0-255,2902,106847,79,233931
26608,0.002578,172.31.40.0-255,66,106913,79,233931
26609,0.002581,172.253.118.0-255,1484,108397,79,233931
26610,0.002608,172.253.118.0-255,4320,112717,79,233931
26611,0.002611,172.31.40.0-255,66,112783,79,233931
26612,0.002621,172.31.40.0-255,66,112849,79,233931
26613,0.002645,172.253.118.0-255,2902,115751,79,233931
26614,0.002647,172.31.40.0-255,66,115817,79,233931
26615,0.002659,172.253.118.0-255,5738,121555,79,233931
26616,0.002662,172.31.40.0-255,66,121621,79,233931
26617,0.002664,172.253.118.0-255,1484,123105,79,233931
26618,0.00267,172.253.118.0-255,3602,126707,79,233931
26619,0.002672,172.31.40.0-255,66,126773,79,233931
26620,0.003626,172.253.118.0-255,1484,128257,79,233931
26621,0.003644,172.253.118.0-255,2902,131159,79,233931
26622,0.003648,172.31.40.0-255,66,131225,79,233931
26623,0.003651,172.253.118.0-255,1484,132709,79,233931
26624,0.003678,172.253.118.0-255,4320,137029,79,233931
26625,0.003681,172.31.40.0-255,66,137095,79,233931
26626,0.003699,172.31.40.0-255,66,137161,79,233931
26627,0.003729,172.253.118.0-255,1484,138645,79,233931
26628,0.003737,172.253.118.0-255,7156,145801,79,233931
26629,0.003739,172.31.40.0-255,66,145867,79,233931
26630,0.003742,172.253.118.0-255,1484,147351,79,233931
26631,0.003746,172.253.118.0-255,2184,149535,79,233931
26632,0.003749,172.31.40.0-255,66,149601,79,233931
26633,0.003829,172.253.118.0-255,1484,151085,79,233931
26634,0.003834,172.253.118.0-255,2902,153987,79,233931
26635,0.003837,172.31.40.0-255,66,154053,79,233931
26636,0.00384,172.253.118.0-255,1484,155537,79,233931
26637,0.00386,172.253.118.0-255,4320,159857,79,233931
26638,0.003863,172.31.40.0-255,66,159923,79,233931
26639,0.003879,172.31.40.0-255,66,159989,79,233931
26640,0.003909,172.253.118.0-255,4320,164309,79,233931
26641,0.003911,172.31.40.0-255,66,164375,79,233931
26642,0.003928,172.31.40.0-255,66,164441,79,233931
26643,0.003945,172.31.40.0-255,66,164507,79,233931
26644,0.003994,172.253.118.0-255,7156,171663,79,233931
26645,0.003997,172.31.40.0-255,66,171729,79,233931
26646,0.00403,172.253.118.0-255,6438,178167,79,233931
26647,0.004033,172.31.40.0-255,66,178233,79,233931
26648,0.004049,172.31.40.0-255,66,178299,79,233931
26649,0.004095,172.31.40.0-255,66,178365,79,233931
26650,0.004105,172.31.40.0-255,66,178431,79,233931
26651,0.004108,172.253.118.0-255,1484,179915,79,233931
26652,0.004119,172.31.40.0-255,66,179981,79,233931
26653,0.004121,172.253.118.0-255,1484,181465,79,233931
26654,0.004124,172.31.40.0-255,78,181543,79,233931
26655,0.004129,172.253.118.0-255,4320,185863,79,233931
26656,0.004132,172.31.40.0-255,66,185929,79,233931
26657,0.004135,172.253.118.0-255,1484,187413,79,233931
26658,0.004138,172.253.118.0-255,1484,188897,79,233931
26659,0.00414,172.31.40.0-255,66,188963,79,233931
26660,0.004151,172.31.40.0-255,66,189029,79,233931
26661,0.004156,172.253.118.0-255,2902,191931,79,233931
26662,0.004158,172.31.40.0-255,66,191997,79,233931
26663,0.004196,172.253.118.0-255,4320,196317,79,233931
26664,0.004199,172.31.40.0-255,66,196383,79,233931
26665,0.004235,172.31.40.0-255,66,196449,79,233931
26666,0.004239,172.253.118.0-255,2902,199351,79,233931
26667,0.004241,172.31.40.0-255,66,199417,79,233931
26668,0.004244,172.253.118.0-255,1484,200901,79,233931
26669,0.004256,172.253.118.0-255,7156,208057,79,233931
26670,0.004259,172.31.40.0-255,66,208123,79,233931
26671,0.004262,172.253.118.0-255,1484,209607,79,233931
26672,0.004269,172.253.118.0-255,7156,216763,79,233931
26673,0.004271,172.31.40.0-255,66,216829,79,233931
26674,0.004295,172.253.118.0-255,6438,223267,79,233931
26675,0.004298,172.31.40.0-255,66,223333,79,233931
26676,0.004337,172.253.118.0-255,7156,230489,79,233931
26677,0.00434,172.31.40.0-255,66,230555,79,233931
26678,0.004344,172.253.118.0-255,2902,233457,79,233931
26679,0.004346,172.31.40.0-255,66,233523,79,233931
26680,0.004391,172.31.40.0-255,66,233589,79,233931
26681,0.004394,172.253.118.0-255,105,233694,79,233931
26682,0.012623,172.31.40.0-255,66,233760,79,233931
26683,0.012674,172.31.40.0-255,105,233865,79,233931
26684,0.014882,172.253.118.0-255,66,233931,79,233931
26685,0.0,172.217.194.0-255,296,296,79,169227
26686,2.2e-05,172.31.40.0-255,66,362,79,169227
26687,2.8e-05,172.217.194.0-255,1484,1846,79,169227
26688,3.2e-05,172.31.40.0-255,66,1912,79,169227
26689,3.9e-05,172.217.194.0-255,4320,6232,79,169227
26690,4.9e-05,172.31.40.0-255,66,6298,79,169227
26691,7.1e-05,172.31.40.0-255,66,6364,79,169227
26692,7.6e-05,172.217.194.0-255,5738,12102,79,169227
26693,7.9e-05,172.31.40.0-255,66,12168,79,169227
26694,0.000111,172.31.40.0-255,66,12234,79,169227
26695,0.00018,172.217.194.0-255,1484,13718,79,169227
26696,0.000184,172.31.40.0-255,66,13784,79,169227
26697,0.00019,172.217.194.0-255,2902,16686,79,169227
26698,0.000192,172.31.40.0-255,66,16752,79,169227
26699,0.000195,172.217.194.0-255,1484,18236,79,169227
26700,0.000201,172.31.40.0-255,66,18302,79,169227
26701,0.000235,172.217.194.0-255,4320,22622,79,169227
26702,0.000238,172.31.40.0-255,66,22688,79,169227
26703,0.000245,172.217.194.0-255,6797,29485,79,169227
26704,0.000247,172.31.40.0-255,66,29551,79,169227
26705,0.000252,172.217.194.0-255,4320,33871,79,169227
26706,0.000259,172.31.40.0-255,66,33937,79,169227
26707,0.000297,172.31.40.0-255,66,34003,79,169227
26708,0.000302,172.217.194.0-255,2834,36837,79,169227
26709,0.000304,172.31.40.0-255,66,36903,79,169227
26710,0.000347,172.217.194.0-255,5738,42641,79,169227
26711,0.00035,172.31.40.0-255,66,42707,79,169227
26712,0.000387,172.31.40.0-255,66,42773,79,169227
26713,0.000389,172.217.194.0-255,1484,44257,79,169227
26714,0.000395,172.217.194.0-255,2902,47159,79,169227
26715,0.000397,172.31.40.0-255,66,47225,79,169227
26716,0.000433,172.217.194.0-255,5738,52963,79,169227
26717,0.000435,172.31.40.0-255,66,53029,79,169227
26718,0.00044,172.217.194.0-255,4320,57349,79,169227
26719,0.000442,172.31.40.0-255,66,57415,79,169227
26720,0.000473,172.217.194.0-255,2543,59958,79,169227
26721,0.000475,172.31.40.0-255,66,60024,79,169227
26722,0.000595,172.217.194.0-255,1484,61508,79,169227
26723,0.0006,172.217.194.0-255,2902,64410,79,169227
26724,0.000603,172.31.40.0-255,66,64476,79,169227
26725,0.000609,172.217.194.0-255,4320,68796,79,169227
26726,0.000611,172.31.40.0-255,66,68862,79,169227
26727,0.000644,172.217.194.0-255,1484,70346,79,169227
26728,0.000657,172.31.40.0-255,66,70412,79,169227
26729,0.000696,172.31.40.0-255,66,70478,79,169227
26730,0.000861,172.217.194.0-255,1484,71962,79,169227
26731,0.000881,172.217.194.0-255,2902,74864,79,169227
26732,0.000885,172.31.40.0-255,66,74930,79,169227
26733,0.000892,172.217.194.0-255,4320,79250,79,169227
26734,0.000895,172.31.40.0-255,66,79316,79,169227
26735,0.000905,172.217.194.0-255,5738,85054,79,169227
26736,0.000908,172.31.40.0-255,66,85120,79,169227
26737,0.000939,172.217.194.0-255,2902,88022,79,169227
26738,0.000941,172.31.40.0-255,66,88088,79,169227
26739,0.000962,172.31.40.0-255,66,88154,79,169227
26740,0.000994,172.31.40.0-255,66,88220,79,169227
26741,0.001059,172.31.40.0-255,66,88286,79,169227
26742,0.001075,172.217.194.0-255,1484,89770,79,169227
26743,0.001091,172.31.40.0-255,66,89836,79,169227
26744,0.001125,172.217.194.0-255,1484,91320,79,169227
26745,0.001139,172.217.194.0-255,2902,94222,79,169227
26746,0.001142,172.31.40.0-255,66,94288,79,169227
26747,0.001148,172.217.194.0-255,5738,100026,79,169227
26748,0.001151,172.31.40.0-255,66,100092,79,169227
26749,0.001167,172.217.194.0-255,1484,101576,79,169227
26750,0.00119,172.31.40.0-255,66,101642,79,169227
26751,0.0012,172.31.40.0-255,66,101708,79,169227
26752,0.001221,172.217.194.0-255,1484,103192,79,169227
26753,0.001233,172.217.194.0-255,766,103958,79,169227
26754,0.001235,172.31.40.0-255,66,104024,79,169227
26755,0.001299,172.217.194.0-255,1484,105508,79,169227
26756,0.001316,172.217.194.0-255,2902,108410,79,169227
26757,0.001318,172.31.40.0-255,66,108476,79,169227
26758,0.001324,172.217.194.0-255,5738,114214,79,169227
26759,0.001326,172.31.40.0-255,66,114280,79,169227
26760,0.001349,172.217.194.0-255,7156,121436,79,169227
26761,0.001352,172.31.40.0-255,66,121502,79,169227
26762,0.001361,172.217.194.0-255,2902,124404,79,169227
26763,0.001363,172.31.40.0-255,66,124470,79,169227
26764,0.001413,172.31.40.0-255,66,124536,79,169227
26765,0.001418,172.217.194.0-255,2184,126720,79,169227
26766,0.00142,172.31.40.0-255,66,126786,79,169227
26767,0.001425,172.217.194.0-255,2902,129688,79,169227
26768,0.001431,172.31.40.0-255,66,129754,79,169227
26769,0.001439,172.217.194.0-255,7156,136910,79,169227
26770,0.001441,172.31.40.0-255,66,136976,79,169227
26771,0.001447,172.217.194.0-255,4320,141296,79,169227
26772,0.0015,172.217.194.0-255,2902,144198,79,169227
26773,0.001503,172.31.40.0-255,66,144264,79,169227
26774,0.00151,172.31.40.0-255,66,144330,79,169227
26775,0.001563,172.31.40.0-255,66,144396,79,169227
26776,0.001594,172.217.194.0-255,2902,147298,79,169227
26777,0.001599,172.31.40.0-255,66,147364,79,169227
26778,0.001607,172.217.194.0-255,2902,150266,79,169227
26779,0.001631,172.217.194.0-255,5738,156004,79,169227
26780,0.001668,172.31.40.0-255,66,156070,79,169227
26781,0.001691,172.217.194.0-255,6438,162508,79,169227
26782,0.001794,172.217.194.0-255,2184,164692,79,169227
26783,0.001799,172.217.194.0-255,4193,168885,79,169227
26784,0.001802,172.217.194.0-255,105,168990,79,169227
26785,0.001812,172.31.40.0-255,66,169056,79,169227
26786,0.004712,172.31.40.0-255,105,169161,79,169227
26787,0.007006,172.217.194.0-255,66,169227,79,169227
26788,0.0,172.217.194.0-255,150,150,79,232622
26789,1.5e-05,172.31.40.0-255,66,216,79,232622
26790,2.2e-05,172.217.194.0-255,1484,1700,79,232622
26791,2.6e-05,172.31.40.0-255,66,1766,79,232622
26792,3.3e-05,172.217.194.0-255,2902,4668,79,232622
26793,3.7e-05,172.31.40.0-255,66,4734,79,232622
26794,4.6e-05,172.217.194.0-255,7156,11890,79,232622
26795,4.9e-05,172.31.40.0-255,66,11956,79,232622
26796,5.3e-05,172.217.194.0-255,1967,13923,79,232622
26797,5.5e-05,172.31.40.0-255,66,13989,79,232622
26798,7.9e-05,172.217.194.0-255,2902,16891,79,232622
26799,8.2e-05,172.31.40.0-255,66,16957,79,232622
26800,0.000111,172.217.194.0-255,7156,24113,79,232622
26801,0.000113,172.31.40.0-255,66,24179,79,232622
26802,0.000121,172.217.194.0-255,6797,30976,79,232622
26803,0.000123,172.31.40.0-255,66,31042,79,232622
26804,0.000198,172.217.194.0-255,1484,32526,79,232622
26805,0.000201,172.31.40.0-255,66,32592,79,232622
26806,0.000206,172.217.194.0-255,2902,35494,79,232622
26807,0.000209,172.31.40.0-255,66,35560,79,232622
26808,0.000228,172.217.194.0-255,5738,41298,79,232622
26809,0.000231,172.31.40.0-255,66,41364,79,232622
26810,0.000264,172.217.194.0-255,6797,48161,79,232622
26811,0.000267,172.31.40.0-255,66,48227,79,232622
26812,0.000306,172.217.194.0-255,5738,53965,79,232622
26813,0.000309,172.31.40.0-255,66,54031,79,232622
26814,0.000329,172.217.194.0-255,1484,55515,79,232622
26815,0.000331,172.31.40.0-255,66,55581,79,232622
26816,0.000338,172.217.194.0-255,7156,62737,79,232622
26817,0.000341,172.31.40.0-255,66,62803,79,232622
26818,0.000358,172.217.194.0-255,2841,65644,79,232622
26819,0.000361,172.31.40.0-255,66,65710,79,232622
26820,0.00038,172.217.194.0-255,384,66094,79,232622
26821,0.000682,172.217.194.0-255,1484,67578,79,232622
26822,0.000687,172.31.40.0-255,66,67644,79,232622
26823,0.000693,172.217.194.0-255,2902,70546,79,232622
26824,0.000696,172.31.40.0-255,66,70612,79,232622
26825,0.000702,172.217.194.0-255,5738,76350,79,232622
26826,0.000704,172.31.40.0-255,66,76416,79,232622
26827,0.000738,172.31.40.0-255,66,76482,79,232622
26828,0.000757,172.217.194.0-255,1484,77966,79,232622
26829,0.000773,172.217.194.0-255,4320,82286,79,232622
26830,0.000777,172.31.40.0-255,66,82352,79,232622
26831,0.000798,172.217.194.0-255,6438,88790,79,232622
26832,0.000801,172.31.40.0-255,66,88856,79,232622
26833,0.000926,172.217.194.0-255,1484,90340,79,232622
26834,0.000932,172.217.194.0-255,2902,93242,79,232622
26835,0.000935,172.31.40.0-255,66,93308,79,232622
26836,0.000938,172.217.194.0-255,1484,94792,79,232622
26837,0.000959,172.217.194.0-255,4320,99112,79,232622
26838,0.000962,172.31.40.0-255,66,99178,79,232622
26839,0.000975,172.217.194.0-255,4320,103498,79,232622
26840,0.000978,172.31.40.0-255,66,103564,79,232622
26841,0.001011,172.31.40.0-255,66,103630,79,232622
26842,0.001019,172.217.194.0-255,5738,109368,79,232622
26843,0.001022,172.31.40.0-255,66,109434,79,232622
26844,0.00106,172.31.40.0-255,66,109500,79,232622
26845,0.001063,172.31.40.0-255,66,109566,79,232622
26846,0.001111,172.31.40.0-255,66,109632,79,232622
26847,0.00113,172.217.194.0-255,5020,114652,79,232622
26848,0.001133,172.31.40.0-255,66,114718,79,232622
26849,0.001446,172.217.194.0-255,1484,116202,79,232622
26850,0.001463,172.217.194.0-255,2902,119104,79,232622
26851,0.001467,172.31.40.0-255,66,119170,79,232622
26852,0.001474,172.217.194.0-255,5738,124908,79,232622
26853,0.001476,172.31.40.0-255,66,124974,79,232622
26854,0.001527,172.217.194.0-255,1484,126458,79,232622
26855,0.001552,172.31.40.0-255,66,126524,79,232622
26856,0.001565,172.31.40.0-255,66,126590,79,232622
26857,0.001611,172.217.194.0-255,1484,128074,79,232622
26858,0.001617,172.217.194.0-255,2902,130976,79,232622
26859,0.001619,172.31.40.0-255,66,131042,79,232622
26860,0.001623,172.217.194.0-255,1484,132526,79,232622
26861,0.001641,172.217.194.0-255,4320,136846,79,232622
26862,0.001643,172.31.40.0-255,66,136912,79,232622
26863,0.00165,172.217.194.0-255,7156,144068,79,232622
26864,0.001652,172.31.40.0-255,66,144134,79,232622
26865,0.001657,172.217.194.0-255,2902,147036,79,232622
26866,0.001659,172.31.40.0-255,66,147102,79,232622
26867,0.001699,172.31.40.0-255,66,147168,79,232622
26868,0.001703,172.217.194.0-255,2184,149352,79,232622
26869,0.001705,172.31.40.0-255,66,149418,79,232622
26870,0.001732,172.217.194.0-255,2902,152320,79,232622
26871,0.001734,172.31.40.0-255,66,152386,79,232622
26872,0.001742,172.217.194.0-255,7156,159542,79,232622
26873,0.001744,172.31.40.0-255,66,159608,79,232622
26874,0.001748,172.217.194.0-255,2902,162510,79,232622
26875,0.001751,172.31.40.0-255,66,162576,79,232622
26876,0.001783,172.217.194.0-255,4320,166896,79,232622
26877,0.001786,172.31.40.0-255,66,166962,79,232622
26878,0.001808,172.217.194.0-255,5738,172700,79,232622
26879,0.001811,172.31.40.0-255,66,172766,79,232622
26880,0.001838,172.31.40.0-255,66,172832,79,232622
26881,0.001877,172.31.40.0-255,66,172898,79,232622
26882,0.00189,172.31.40.0-255,66,172964,79,232622
26883,0.001905,172.217.194.0-255,1484,174448,79,232622
26884,0.001919,172.217.194.0-255,3602,178050,79,232622
26885,0.001922,172.31.40.0-255,66,178116,79,232622
26886,0.001938,172.217.194.0-255,5738,183854,79,232622
26887,0.001941,172.31.40.0-255,66,183920,79,232622
26888,0.001966,172.217.194.0-255,7156,191076,79,232622
26889,0.001969,172.31.40.0-255,66,191142,79,232622
26890,0.002003,172.31.40.0-255,66,191208,79,232622
26891,0.002009,172.217.194.0-255,4320,195528,79,232622
26892,0.002011,172.31.40.0-255,66,195594,79,232622
26893,0.00203,172.217.194.0-255,2184,197778,79,232622
26894,0.002033,172.31.40.0-255,66,197844,79,232622
26895,0.002043,172.217.194.0-255,1484,199328,79,232622
26896,0.002065,172.217.194.0-255,5738,205066,79,232622
26897,0.002072,172.217.194.0-255,7156,212222,79,232622
26898,0.002075,172.31.40.0-255,66,212288,79,232622
26899,0.002083,172.31.40.0-255,66,212354,79,232622
26900,0.002091,172.217.194.0-255,7156,219510,79,232622
26901,0.002094,172.31.40.0-255,66,219576,79,232622
26902,0.002112,172.31.40.0-255,66,219642,79,232622
26903,0.002117,172.217.194.0-255,3602,223244,79,232622
26904,0.00212,172.31.40.0-255,66,223310,79,232622
26905,0.002125,172.217.194.0-255,4320,227630,79,232622
26906,0.002128,172.31.40.0-255,66,227696,79,232622
26907,0.002201,172.31.40.0-255,66,227762,79,232622
26908,0.002219,172.31.40.0-255,66,227828,79,232622
26909,0.002225,172.217.194.0-255,4320,232148,79,232622
26910,0.002227,172.31.40.0-255,66,232214,79,232622
26911,0.002261,172.31.40.0-255,66,232280,79,232622
26912,0.002265,172.217.194.0-255,105,232385,79,232622
26913,0.012891,172.31.40.0-255,66,232451,79,232622
26914,0.012942,172.31.40.0-255,105,232556,79,232622
26915,0.015229,172.217.194.0-255,66,232622,79,232622
26916,0.0,74.125.24.0-255,146,146,79,165000
26917,2.5e-05,172.31.40.0-255,66,212,79,165000
26918,3.2e-05,74.125.24.0-255,1484,1696,79,165000
26919,3.7e-05,172.31.40.0-255,66,1762,79,165000
26920,4.3e-05,74.125.24.0-255,2902,4664,79,165000
26921,4.7e-05,172.31.40.0-255,66,4730,79,165000
26922,5.5e-05,74.125.24.0-255,7156,11886,79,165000
26923,6e-05,172.31.40.0-255,66,11952,79,165000
26924,6.5e-05,74.125.24.0-255,3516,15468,79,165000
26925,6.8e-05,172.31.40.0-255,66,15534,79,165000
26926,7.4e-05,74.125.24.0-255,4320,19854,79,165000
26927,7.7e-05,172.31.40.0-255,66,19920,79,165000
26928,0.000113,172.31.40.0-255,66,19986,79,165000
26929,0.000134,74.125.24.0-255,1484,21470,79,165000
26930,0.000136,172.31.40.0-255,66,21536,79,165000
26931,0.00014,74.125.24.0-255,1125,22661,79,165000
26932,0.000142,172.31.40.0-255,66,22727,79,165000
26933,0.000222,74.125.24.0-255,1484,24211,79,165000
26934,0.000225,172.31.40.0-255,66,24277,79,165000
26935,0.00023,74.125.24.0-255,2902,27179,79,165000
26936,0.000232,172.31.40.0-255,66,27245,79,165000
26937,0.000235,74.125.24.0-255,1484,28729,79,165000
26938,0.000237,172.31.40.0-255,66,28795,79,165000
26939,0.00026,74.125.24.0-255,4320,33115,79,165000
26940,0.000263,172.31.40.0-255,66,33181,79,165000
26941,0.00027,74.125.24.0-255,6797,39978,79,165000
26942,0.000272,172.31.40.0-255,66,40044,79,165000
26943,0.000293,74.125.24.0-255,1484,41528,79,165000
26944,0.000296,172.31.40.0-255,66,41594,79,165000
26945,0.000317,172.31.40.0-255,66,41660,79,165000
26946,0.000336,74.125.24.0-255,1484,43144,79,165000
26947,0.000342,74.125.24.0-255,2857,46001,79,165000
26948,0.000344,172.31.40.0-255,66,46067,79,165000
26949,0.000426,74.125.24.0-255,109,46176,79,165000
26950,0.000559,74.125.24.0-255,1484,47660,79,165000
26951,0.000571,172.31.40.0-255,66,47726,79,165000
26952,0.000576,74.125.24.0-255,2902,50628,79,165000
26953,0.000579,172.31.40.0-255,66,50694,79,165000
26954,0.000599,74.125.24.0-255,2902,53596,79,165000
26955,0.000602,172.31.40.0-255,66,53662,79,165000
26956,0.000625,74.125.24.0-255,2902,56564,79,165000
26957,0.000627,172.31.40.0-255,66,56630,79,165000
26958,0.000632,74.125.24.0-255,2902,59532,79,165000
26959,0.000634,172.31.40.0-255,66,59598,79,165000
26960,0.000664,74.125.24.0-255,3644,63242,79,165000
26961,0.000668,172.31.40.0-255,66,63308,79,165000
26962,0.000767,74.125.24.0-255,1484,64792,79,165000
26963,0.000791,74.125.24.0-255,1484,66276,79,165000
26964,0.000794,172.31.40.0-255,66,66342,79,165000
26965,0.000813,74.125.24.0-255,1484,67826,79,165000
26966,0.000819,74.125.24.0-255,5738,73564,79,165000
26967,0.000831,172.31.40.0-255,66,73630,79,165000
26968,0.000834,172.31.40.0-255,66,73696,79,165000
26969,0.000853,74.125.24.0-255,1484,75180,79,165000
26970,0.000867,74.125.24.0-255,2184,77364,79,165000
26971,0.000873,172.31.40.0-255,66,77430,79,165000
26972,0.000959,74.125.24.0-255,1484,78914,79,165000
26973,0.000965,74.125.24.0-255,2902,81816,79,165000
26974,0.000973,172.31.40.0-255,66,81882,79,165000
26975,0.000989,74.125.24.0-255,5738,87620,79,165000
26976,0.001001,172.31.40.0-255,66,87686,79,165000
26977,0.001024,74.125.24.0-255,5738,93424,79,165000
26978,0.001043,74.125.24.0-255,5020,98444,79,165000
26979,0.001055,172.31.40.0-255,66,98510,79,165000
26980,0.001767,74.125.24.0-255,1484,99994,79,165000
26981,0.001773,74.125.24.0-255,2902,102896,79,165000
26982,0.001777,172.31.40.0-255,66,102962,79,165000
26983,0.0018,74.125.24.0-255,5738,108700,79,165000
26984,0.001802,172.31.40.0-255,66,108766,79,165000
26985,0.00181,74.125.24.0-255,7156,115922,79,165000
26986,0.001812,172.31.40.0-255,66,115988,79,165000
26987,0.00185,172.31.40.0-255,66,116054,79,165000
26988,0.001854,74.125.24.0-255,2184,118238,79,165000
26989,0.001856,172.31.40.0-255,66,118304,79,165000
26990,0.002145,74.125.24.0-255,1484,119788,79,165000
26991,0.002152,74.125.24.0-255,2902,122690,79,165000
26992,0.002155,172.31.40.0-255,66,122756,79,165000
26993,0.002163,74.125.24.0-255,5738,128494,79,165000
26994,0.002165,172.31.40.0-255,66,128560,79,165000
26995,0.002181,74.125.24.0-255,1484,130044,79,165000
26996,0.002206,172.31.40.0-255,66,130110,79,165000
26997,0.002219,172.31.40.0-255,66,130176,79,165000
26998,0.004751,74.125.24.0-255,5738,135914,79,165000
26999,0.004758,172.31.40.0-255,66,135980,79,165000
27000,0.007305,74.125.24.0-255,5738,141718,79,165000
27001,0.007313,172.31.40.0-255,66,141784,79,165000
27002,0.009873,74.125.24.0-255,5738,147522,79,165000
27003,0.009889,172.31.40.0-255,66,147588,79,165000
27004,0.012401,74.125.24.0-255,5738,153326,79,165000
27005,0.012408,172.31.40.0-255,66,153392,79,165000
27006,0.014972,74.125.24.0-255,5738,159130,79,165000
27007,0.01498,172.31.40.0-255,66,159196,79,165000
27008,0.017506,74.125.24.0-255,5738,164934,79,165000
27009,0.017515,172.31.40.0-255,66,165000,79,165000
27010,0.0,74.125.24.0-255,146,146,79,236251
27011,3.2e-05,172.31.40.0-255,66,212,79,236251
27012,3.9e-05,74.125.24.0-255,1484,1696,79,236251
27013,4.4e-05,172.31.40.0-255,66,1762,79,236251
27014,4.8e-05,74.125.24.0-255,2902,4664,79,236251
27015,5e-05,172.31.40.0-255,66,4730,79,236251
27016,5.4e-05,74.125.24.0-255,2902,7632,79,236251
27017,5.7e-05,172.31.40.0-255,66,7698,79,236251
27018,7.2e-05,74.125.24.0-255,4320,12018,79,236251
27019,7.4e-05,172.31.40.0-255,66,12084,79,236251
27020,0.000109,172.31.40.0-255,66,12150,79,236251
27021,0.000115,74.125.24.0-255,4320,16470,79,236251
27022,0.000116,172.31.40.0-255,66,16536,79,236251
27023,0.000159,74.125.24.0-255,2902,19438,79,236251
27024,0.000162,172.31.40.0-255,66,19504,79,236251
27025,0.000184,74.125.24.0-255,2543,22047,79,236251
27026,0.000187,172.31.40.0-255,66,22113,79,236251
27027,0.00023,74.125.24.0-255,1484,23597,79,236251
27028,0.000234,172.31.40.0-255,66,23663,79,236251
27029,0.000259,74.125.24.0-255,2902,26565,79,236251
27030,0.000262,172.31.40.0-255,66,26631,79,236251
27031,0.000267,74.125.24.0-255,4320,30951,79,236251
27032,0.000269,172.31.40.0-255,66,31017,79,236251
27033,0.000275,74.125.24.0-255,5738,36755,79,236251
27034,0.000277,172.31.40.0-255,66,36821,79,236251
27035,0.000298,74.125.24.0-255,1484,38305,79,236251
27036,0.000313,172.31.40.0-255,66,38371,79,236251
27037,0.000344,172.31.40.0-255,66,38437,79,236251
27038,0.00035,74.125.24.0-255,5738,44175,79,236251
27039,0.000352,172.31.40.0-255,66,44241,79,236251
27040,0.000369,74.125.24.0-255,1714,45955,79,236251
27041,0.000372,172.31.40.0-255,66,46021,79,236251
27042,0.000411,74.125.24.0-255,2902,48923,79,236251
27043,0.000415,172.31.40.0-255,66,48989,79,236251
27044,0.000418,74.125.24.0-255,1484,50473,79,236251
27045,0.000435,74.125.24.0-255,2902,53375,79,236251
27046,0.00044,74.125.24.0-255,4320,57695,79,236251
27047,0.000441,172.31.40.0-255,66,57761,79,236251
27048,0.000445,172.31.40.0-255,66,57827,79,236251
27049,0.000457,74.125.24.0-255,4320,62147,79,236251
27050,0.00046,172.31.40.0-255,66,62213,79,236251
27051,0.000462,74.125.24.0-255,1125,63338,79,236251
27052,0.000484,74.125.24.0-255,1484,64822,79,236251
27053,0.000487,172.31.40.0-255,66,64888,79,236251
27054,0.00049,74.125.24.0-255,1484,66372,79,236251
27055,0.00051,74.125.24.0-255,2902,69274,79,236251
27056,0.000512,172.31.40.0-255,66,69340,79,236251
27057,0.000521,74.125.24.0-255,7156,76496,79,236251
27058,0.000523,172.31.40.0-255,66,76562,79,236251
27059,0.000566,74.125.24.0-255,2902,79464,79,236251
27060,0.000569,172.31.40.0-255,66,79530,79,236251
27061,0.000587,74.125.24.0-255,1125,80655,79,236251
27062,0.000607,74.125.24.0-255,4320,84975,79,236251
27063,0.00061,172.31.40.0-255,66,85041,79,236251
27064,0.000636,74.125.24.0-255,1484,86525,79,236251
27065,0.000638,172.31.40.0-255,66,86591,79,236251
27066,0.000663,74.125.24.0-255,5738,92329,79,236251
27067,0.000667,172.31.40.0-255,66,92395,79,236251
27068,0.000676,74.125.24.0-255,1484,93879,79,236251
27069,0.000704,172.31.40.0-255,66,93945,79,236251
27070,0.000742,172.31.40.0-255,66,94011,79,236251
27071,0.000753,172.31.40.0-255,66,94077,79,236251
27072,0.000784,74.125.24.0-255,1484,95561,79,236251
27073,0.000814,172.31.40.0-255,66,95627,79,236251
27074,0.000853,172.31.40.0-255,66,95693,79,236251
27075,0.000863,172.31.40.0-255,66,95759,79,236251
27076,0.000929,172.31.40.0-255,66,95825,79,236251
27077,0.000949,74.125.24.0-255,2902,98727,79,236251
27078,0.000952,172.31.40.0-255,66,98793,79,236251
27079,0.000986,172.31.40.0-255,66,98859,79,236251
27080,0.000988,74.125.24.0-255,1484,100343,79,236251
27081,0.001003,172.31.40.0-255,66,100409,79,236251
27082,0.001006,74.125.24.0-255,1484,101893,79,236251
27083,0.001023,74.125.24.0-255,2184,104077,79,236251
27084,0.001026,172.31.40.0-255,66,104143,79,236251
27085,0.001178,74.125.24.0-255,1484,105627,79,236251
27086,0.001197,74.125.24.0-255,2902,108529,79,236251
27087,0.001201,172.31.40.0-255,66,108595,79,236251
27088,0.001207,74.125.24.0-255,5738,114333,79,236251
27089,0.001209,172.31.40.0-255,66,114399,79,236251
27090,0.001232,74.125.24.0-255,7156,121555,79,236251
27091,0.001235,172.31.40.0-255,66,121621,79,236251
27092,0.001263,74.125.24.0-255,5738,127359,79,236251
27093,0.001266,172.31.40.0-255,66,127425,79,236251
27094,0.001273,74.125.24.0-255,7156,134581,79,236251
27095,0.001275,172.31.40.0-255,66,134647,79,236251
27096,0.001299,74.125.24.0-255,3602,138249,79,236251
27097,0.001302,172.31.40.0-255,66,138315,79,236251
27098,0.001358,74.125.24.0-255,1484,139799,79,236251
27099,0.001362,74.125.24.0-255,1484,141283,79,236251
27100,0.001365,172.31.40.0-255,66,141349,79,236251
27101,0.001385,74.125.24.0-255,1484,142833,79,236251
27102,0.001391,74.125.24.0-255,5738,148571,79,236251
27103,0.001394,172.31.40.0-255,66,148637,79,236251
27104,0.001399,74.125.24.0-255,4320,152957,79,236251
27105,0.001402,172.31.40.0-255,66,153023,79,236251
27106,0.00141,74.125.24.0-255,1484,154507,79,236251
27107,0.00145,172.31.40.0-255,66,154573,79,236251
27108,0.001456,172.31.40.0-255,66,154639,79,236251
27109,0.001554,74.125.24.0-255,1484,156123,79,236251
27110,0.001559,74.125.24.0-255,2902,159025,79,236251
27111,0.001561,172.31.40.0-255,66,159091,79,236251
27112,0.001595,74.125.24.0-255,5738,164829,79,236251
27113,0.001598,172.31.40.0-255,66,164895,79,236251
27114,0.001603,74.125.24.0-255,4320,169215,79,236251
27115,0.001605,172.31.40.0-255,66,169281,79,236251
27116,0.001623,74.125.24.0-255,1484,170765,79,236251
27117,0.001654,172.31.40.0-255,66,170831,79,236251
27118,0.00166,74.125.24.0-255,5738,176569,79,236251
27119,0.001663,172.31.40.0-255,66,176635,79,236251
27120,0.001675,74.125.24.0-255,2184,178819,79,236251
27121,0.001678,172.31.40.0-255,66,178885,79,236251
27122,0.001883,74.125.24.0-255,1484,180369,79,236251
27123,0.001888,74.125.24.0-255,1484,181853,79,236251
27124,0.001891,172.31.40.0-255,66,181919,79,236251
27125,0.001917,74.125.24.0-255,1484,183403,79,236251
27126,0.001924,74.125.24.0-255,5738,189141,79,236251
27127,0.001927,172.31.40.0-255,66,189207,79,236251
27128,0.001942,74.125.24.0-255,5738,194945,79,236251
27129,0.001945,172.31.40.0-255,66,195011,79,236251
27130,0.001967,74.125.24.0-255,7156,202167,79,236251
27131,0.00197,172.31.40.0-255,66,202233,79,236251
27132,0.001977,74.125.24.0-255,7156,209389,79,236251
27133,0.001979,172.31.40.0-255,66,209455,79,236251
27134,0.002049,74.125.24.0-255,4320,213775,79,236251
27135,0.002053,172.31.40.0-255,66,213841,79,236251
27136,0.00208,74.125.24.0-255,5020,218861,79,236251
27137,0.002083,172.31.40.0-255,66,218927,79,236251
27138,0.002094,172.31.40.0-255,66,218993,79,236251
27139,0.002103,172.31.40.0-255,66,219059,79,236251
27140,0.002123,74.125.24.0-255,7156,226215,79,236251
27141,0.002125,172.31.40.0-255,66,226281,79,236251
27142,0.002146,74.125.24.0-255,3602,229883,79,236251
27143,0.00215,172.31.40.0-255,66,229949,79,236251
27144,0.002157,172.31.40.0-255,66,230015,79,236251
27145,0.002185,74.125.24.0-255,5731,235746,79,236251
27146,0.002188,172.31.40.0-255,66,235812,79,236251
27147,0.00219,74.125.24.0-255,97,235909,79,236251
27148,0.002258,74.125.24.0-255,105,236014,79,236251
27149,0.007766,172.31.40.0-255,66,236080,79,236251
27150,0.007797,172.31.40.0-255,105,236185,79,236251
27151,0.010005,74.125.24.0-255,66,236251,79,236251
27152,0.0,172.217.194.0-255,153,153,79,206135
27153,2.1e-05,172.31.40.0-255,66,219,79,206135
27154,2.9e-05,172.217.194.0-255,1484,1703,79,206135
27155,3.3e-05,172.31.40.0-255,66,1769,79,206135
27156,4.6e-05,172.217.194.0-255,2902,4671,79,206135
27157,5.1e-05,172.31.40.0-255,66,4737,79,206135
27158,5.6e-05,172.217.194.0-255,4320,9057,79,206135
27159,6e-05,172.31.40.0-255,66,9123,79,206135
27160,8.5e-05,172.217.194.0-255,4858,13981,79,206135
27161,9.3e-05,172.31.40.0-255,66,14047,79,206135
27162,0.000306,172.217.194.0-255,1484,15531,79,206135
27163,0.000311,172.31.40.0-255,66,15597,79,206135
27164,0.000318,172.217.194.0-255,2902,18499,79,206135
27165,0.00032,172.31.40.0-255,66,18565,79,206135
27166,0.00035,172.217.194.0-255,4320,22885,79,206135
27167,0.000353,172.31.40.0-255,66,22951,79,206135
27168,0.000384,172.217.194.0-255,4320,27271,79,206135
27169,0.000387,172.31.40.0-255,66,27337,79,206135
27170,0.000417,172.217.194.0-255,3961,31298,79,206135
27171,0.00042,172.31.40.0-255,66,31364,79,206135
27172,0.000471,172.217.194.0-255,1484,32848,79,206135
27173,0.000474,172.31.40.0-255,66,32914,79,206135
27174,0.000479,172.217.194.0-255,2902,35816,79,206135
27175,0.000482,172.31.40.0-255,66,35882,79,206135
27176,0.000487,172.217.194.0-255,4320,40202,79,206135
27177,0.00049,172.31.40.0-255,66,40268,79,206135
27178,0.000504,172.217.194.0-255,1484,41752,79,206135
27179,0.000506,172.31.40.0-255,66,41818,79,206135
27180,0.00057,172.217.194.0-255,7156,48974,79,206135
27181,0.000573,172.31.40.0-255,66,49040,79,206135
27182,0.000608,172.217.194.0-255,2543,51583,79,206135
27183,0.000612,172.31.40.0-255,66,51649,79,206135
27184,0.000629,172.31.40.0-255,66,51715,79,206135
27185,0.000634,172.217.194.0-255,3961,55676,79,206135
27186,0.000637,172.31.40.0-255,66,55742,79,206135
27187,0.000698,172.217.194.0-255,645,56387,79,206135
27188,0.000802,172.217.194.0-255,1484,57871,79,206135
27189,0.000807,172.217.194.0-255,2902,60773,79,206135
27190,0.000817,172.31.40.0-255,66,60839,79,206135
27191,0.000821,172.31.40.0-255,66,60905,79,206135
27192,0.000827,172.217.194.0-255,5738,66643,79,206135
27193,0.000831,172.31.40.0-255,66,66709,79,206135
27194,0.000842,172.217.194.0-255,5738,72447,79,206135
27195,0.000845,172.31.40.0-255,66,72513,79,206135
27196,0.000878,172.217.194.0-255,7156,79669,79,206135
27197,0.000881,172.31.40.0-255,66,79735,79,206135
27198,0.000894,172.31.40.0-255,66,79801,79,206135
27199,0.000896,172.217.194.0-255,1484,81285,79,206135
27200,0.000932,172.217.194.0-255,5020,86305,79,206135
27201,0.000936,172.31.40.0-255,66,86371,79,206135
27202,0.000943,172.217.194.0-255,7156,93527,79,206135
27203,0.000945,172.31.40.0-255,66,93593,79,206135
27204,0.00096,172.31.40.0-255,66,93659,79,206135
27205,0.000984,172.217.194.0-255,1484,95143,79,206135
27206,0.00099,172.217.194.0-255,5020,100163,79,206135
27207,0.000993,172.31.40.0-255,66,100229,79,206135
27208,0.001015,172.217.194.0-255,5738,105967,79,206135
27209,0.001018,172.31.40.0-255,66,106033,79,206135
27210,0.001052,172.31.40.0-255,66,106099,79,206135
27211,0.001069,172.31.40.0-255,66,106165,79,206135
27212,0.001096,172.217.194.0-255,1484,107649,79,206135
27213,0.0011,172.217.194.0-255,766,108415,79,206135
27214,0.001102,172.31.40.0-255,66,108481,79,206135
27215,0.001182,172.217.194.0-255,1484,109965,79,206135
27216,0.001189,172.217.194.0-255,2902,112867,79,206135
27217,0.001192,172.31.40.0-255,66,112933,79,206135
27218,0.001198,172.217.194.0-255,4320,117253,79,206135
27219,0.0012,172.31.40.0-255,66,117319,79,206135
27220,0.001224,172.217.194.0-255,1484,118803,79,206135
27221,0.001238,172.31.40.0-255,66,118869,79,206135
27222,0.001266,172.217.194.0-255,2902,121771,79,206135
27223,0.001269,172.31.40.0-255,66,121837,79,206135
27224,0.001282,172.31.40.0-255,66,121903,79,206135
27225,0.00149,172.217.194.0-255,1484,123387,79,206135
27226,0.001497,172.217.194.0-255,2902,126289,79,206135
27227,0.0015,172.31.40.0-255,66,126355,79,206135
27228,0.001504,172.217.194.0-255,1484,127839,79,206135
27229,0.00153,172.217.194.0-255,4320,132159,79,206135
27230,0.001533,172.31.40.0-255,66,132225,79,206135
27231,0.001548,172.31.40.0-255,66,132291,79,206135
27232,0.001579,172.31.40.0-255,66,132357,79,206135
27233,0.001607,172.217.194.0-255,4320,136677,79,206135
27234,0.00161,172.31.40.0-255,66,136743,79,206135
27235,0.001649,172.217.194.0-255,7156,143899,79,206135
27236,0.001652,172.31.40.0-255,66,143965,79,206135
27237,0.001678,172.31.40.0-255,66,144031,79,206135
27238,0.001692,172.31.40.0-255,66,144097,79,206135
27239,0.001768,172.31.40.0-255,66,144163,79,206135
27240,0.001774,172.217.194.0-255,5738,149901,79,206135
27241,0.001777,172.31.40.0-255,66,149967,79,206135
27242,0.001789,172.31.40.0-255,66,150033,79,206135
27243,0.001825,172.217.194.0-255,5020,155053,79,206135
27244,0.001829,172.31.40.0-255,66,155119,79,206135
27245,0.002285,172.217.194.0-255,1484,156603,79,206135
27246,0.002292,172.217.194.0-255,2902,159505,79,206135
27247,0.002295,172.31.40.0-255,66,159571,79,206135
27248,0.002302,172.217.194.0-255,5738,165309,79,206135
27249,0.002304,172.31.40.0-255,66,165375,79,206135
27250,0.002347,172.31.40.0-255,66,165441,79,206135
27251,0.002359,172.31.40.0-255,66,165507,79,206135
27252,0.004728,172.217.194.0-255,5738,171245,79,206135
27253,0.004734,172.31.40.0-255,66,171311,79,206135
27254,0.007111,172.217.194.0-255,5738,177049,79,206135
27255,0.007117,172.31.40.0-255,66,177115,79,206135
27256,0.009529,172.217.194.0-255,5738,182853,79,206135
27257,0.009536,172.31.40.0-255,66,182919,79,206135
27258,0.011883,172.217.194.0-255,5738,188657,79,206135
27259,0.01189,172.31.40.0-255,66,188723,79,206135
27260,0.014228,172.217.194.0-255,5738,194461,79,206135
27261,0.014235,172.31.40.0-255,66,194527,79,206135
27262,0.016592,172.217.194.0-255,5738,200265,79,206135
27263,0.016599,172.31.40.0-255,66,200331,79,206135
27264,0.018933,172.217.194.0-255,5738,206069,79,206135
27265,0.018941,172.31.40.0-255,66,206135,79,206135
27266,0.0,74.125.68.0-255,149,149,79,264725
27267,2.3e-05,172.31.40.0-255,66,215,79,264725
27268,3e-05,74.125.68.0-255,1484,1699,79,264725
27269,3.5e-05,172.31.40.0-255,66,1765,79,264725
27270,4.2e-05,74.125.68.0-255,2902,4667,79,264725
27271,5.4e-05,172.31.40.0-255,66,4733,79,264725
27272,7.4e-05,74.125.68.0-255,5738,10471,79,264725
27273,7.8e-05,172.31.40.0-255,66,10537,79,264725
27274,8.4e-05,74.125.68.0-255,3511,14048,79,264725
27275,8.7e-05,172.31.40.0-255,66,14114,79,264725
27276,0.000153,74.125.68.0-255,4320,18434,79,264725
27277,0.000157,172.31.40.0-255,66,18500,79,264725
27278,0.000189,74.125.68.0-255,5738,24238,79,264725
27279,0.000192,172.31.40.0-255,66,24304,79,264725
27280,0.000195,74.125.68.0-255,1484,25788,79,264725
27281,0.000197,172.31.40.0-255,66,25854,79,264725
27282,0.000201,74.125.68.0-255,1484,27338,79,264725
27283,0.000204,172.31.40.0-255,66,27404,79,264725
27284,0.000229,74.125.68.0-255,1484,28888,79,264725
27285,0.000232,172.31.40.0-255,66,28954,79,264725
27286,0.000237,74.125.68.0-255,2543,31497,79,264725
27287,0.00024,172.31.40.0-255,66,31563,79,264725
27288,0.000333,74.125.68.0-255,1484,33047,79,264725
27289,0.000337,172.31.40.0-255,66,33113,79,264725
27290,0.000343,74.125.68.0-255,2902,36015,79,264725
27291,0.000345,172.31.40.0-255,66,36081,79,264725
27292,0.000393,74.125.68.0-255,5738,41819,79,264725
27293,0.000397,172.31.40.0-255,66,41885,79,264725
27294,0.000402,74.125.68.0-255,4320,46205,79,264725
27295,0.000404,172.31.40.0-255,66,46271,79,264725
27296,0.000441,74.125.68.0-255,2543,48814,79,264725
27297,0.000445,172.31.40.0-255,66,48880,79,264725
27298,0.000451,74.125.68.0-255,4320,53200,79,264725
27299,0.000453,172.31.40.0-255,66,53266,79,264725
27300,0.000488,74.125.68.0-255,5738,59004,79,264725
27301,0.000491,172.31.40.0-255,66,59070,79,264725
27302,0.000499,74.125.68.0-255,7106,66176,79,264725
27303,0.000501,172.31.40.0-255,66,66242,79,264725
27304,0.000587,74.125.68.0-255,346,66588,79,264725
27305,0.000704,74.125.68.0-255,1484,68072,79,264725
27306,0.000709,172.31.40.0-255,66,68138,79,264725
27307,0.000738,74.125.68.0-255,1484,69622,79,264725
27308,0.000741,74.125.68.0-255,1484,71106,79,264725
27309,0.000744,172.31.40.0-255,66,71172,79,264725
27310,0.00077,74.125.68.0-255,1484,72656,79,264725
27311,0.000778,74.125.68.0-255,5738,78394,79,264725
27312,0.00078,172.31.40.0-255,66,78460,79,264725
27313,0.000783,74.125.68.0-255,1484,79944,79,264725
27314,0.00081,74.125.68.0-255,2902,82846,79,264725
27315,0.000812,172.31.40.0-255,66,82912,79,264725
27316,0.000831,74.125.68.0-255,3961,86873,79,264725
27317,0.000834,172.31.40.0-255,66,86939,79,264725
27318,0.000838,74.125.68.0-255,2902,89841,79,264725
27319,0.00084,172.31.40.0-255,66,89907,79,264725
27320,0.00088,74.125.68.0-255,1484,91391,79,264725
27321,0.000893,172.31.40.0-255,66,91457,79,264725
27322,0.00159,74.125.68.0-255,1484,92941,79,264725
27323,0.001607,74.125.68.0-255,2902,95843,79,264725
27324,0.00161,172.31.40.0-255,66,95909,79,264725
27325,0.001638,74.125.68.0-255,5738,101647,79,264725
27326,0.001641,172.31.40.0-255,66,101713,79,264725
27327,0.001669,74.125.68.0-255,4320,106033,79,264725
27328,0.001672,172.31.40.0-255,66,106099,79,264725
27329,0.001677,74.125.68.0-255,4320,110419,79,264725
27330,0.001679,172.31.40.0-255,66,110485,79,264725
27331,0.001698,74.125.68.0-255,1484,111969,79,264725
27332,0.001706,74.125.68.0-255,1484,113453,79,264725
27333,0.001708,172.31.40.0-255,66,113519,79,264725
27334,0.001756,172.31.40.0-255,66,113585,79,264725
27335,0.001761,74.125.68.0-255,3602,117187,79,264725
27336,0.001763,172.31.40.0-255,66,117253,79,264725
27337,0.001823,74.125.68.0-255,1484,118737,79,264725
27338,0.001837,74.125.68.0-255,2902,121639,79,264725
27339,0.001842,172.31.40.0-255,66,121705,79,264725
27340,0.001852,74.125.68.0-255,2902,124607,79,264725
27341,0.001856,172.31.40.0-255,66,124673,79,264725
27342,0.001872,74.125.68.0-255,1484,126157,79,264725
27343,0.001878,74.125.68.0-255,4320,130477,79,264725
27344,0.001881,172.31.40.0-255,66,130543,79,264725
27345,0.001908,74.125.68.0-255,4320,134863,79,264725
27346,0.001911,172.31.40.0-255,66,134929,79,264725
27347,0.001918,74.125.68.0-255,5738,140667,79,264725
27348,0.00192,172.31.40.0-255,66,140733,79,264725
27349,0.001928,74.125.68.0-255,7156,147889,79,264725
27350,0.00193,172.31.40.0-255,66,147955,79,264725
27351,0.001989,74.125.68.0-255,3602,151557,79,264725
27352,0.001993,172.31.40.0-255,66,151623,79,264725
27353,0.002088,74.125.68.0-255,1484,153107,79,264725
27354,0.002105,74.125.68.0-255,2902,156009,79,264725
27355,0.002108,172.31.40.0-255,66,156075,79,264725
27356,0.002145,74.125.68.0-255,5738,161813,79,264725
27357,0.002148,172.31.40.0-255,66,161879,79,264725
27358,0.002176,74.125.68.0-255,7156,169035,79,264725
27359,0.002178,172.31.40.0-255,66,169101,79,264725
27360,0.002206,74.125.68.0-255,7156,176257,79,264725
27361,0.002208,172.31.40.0-255,66,176323,79,264725
27362,0.00224,74.125.68.0-255,5738,182061,79,264725
27363,0.002243,74.125.68.0-255,1484,183545,79,264725
27364,0.002248,172.31.40.0-255,66,183611,79,264725
27365,0.002258,74.125.68.0-255,2184,185795,79,264725
27366,0.002265,172.31.40.0-255,66,185861,79,264725
27367,0.002355,74.125.68.0-255,1484,187345,79,264725
27368,0.00236,74.125.68.0-255,2902,190247,79,264725
27369,0.002363,172.31.40.0-255,66,190313,79,264725
27370,0.002388,74.125.68.0-255,4320,194633,79,264725
27371,0.002391,172.31.40.0-255,66,194699,79,264725
27372,0.002417,74.125.68.0-255,1484,196183,79,264725
27373,0.002423,74.125.68.0-255,4320,200503,79,264725
27374,0.002425,172.31.40.0-255,66,200569,79,264725
27375,0.002431,74.125.68.0-255,5738,206307,79,264725
27376,0.002433,172.31.40.0-255,66,206373,79,264725
27377,0.002439,74.125.68.0-255,4320,210693,79,264725
27378,0.002442,172.31.40.0-255,66,210759,79,264725
27379,0.002481,74.125.68.0-255,7156,217915,79,264725
27380,0.002484,172.31.40.0-255,66,217981,79,264725
27381,0.002488,74.125.68.0-255,2184,220165,79,264725
27382,0.00249,172.31.40.0-255,66,220231,79,264725
27383,0.00253,172.31.40.0-255,66,220297,79,264725
27384,0.002566,74.125.68.0-255,2902,223199,79,264725
27385,0.002569,172.31.40.0-255,66,223265,79,264725
27386,0.002588,172.31.40.0-255,66,223331,79,264725
27387,0.002595,74.125.68.0-255,6438,229769,79,264725
27388,0.002597,172.31.40.0-255,66,229835,79,264725
27389,0.002644,172.31.40.0-255,66,229901,79,264725
27390,0.005263,74.125.68.0-255,5738,235639,79,264725
27391,0.005286,172.31.40.0-255,66,235705,79,264725
27392,0.007904,74.125.68.0-255,5738,241443,79,264725
27393,0.007919,172.31.40.0-255,66,241509,79,264725
27394,0.010517,74.125.68.0-255,5738,247247,79,264725
27395,0.010529,172.31.40.0-255,66,247313,79,264725
27396,0.013129,74.125.68.0-255,5738,253051,79,264725
27397,0.013134,172.31.40.0-255,66,253117,79,264725
27398,0.015735,74.125.68.0-255,5738,258855,79,264725
27399,0.015742,172.31.40.0-255,66,258921,79,264725
27400,0.018365,74.125.68.0-255,5738,264659,79,264725
27401,0.018384,172.31.40.0-255,66,264725,79,264725
27402,0.0,172.217.194.0-255,291,291,79,178440
27403,2.9e-05,172.31.40.0-255,66,357,79,178440
27404,3.6e-05,172.217.194.0-255,1484,1841,79,178440
27405,4e-05,172.31.40.0-255,66,1907,79,178440
27406,4.6e-05,172.217.194.0-255,4320,6227,79,178440
27407,5.5e-05,172.31.40.0-255,66,6293,79,178440
27408,6.1e-05,172.217.194.0-255,2902,9195,79,178440
27409,6.4e-05,172.31.40.0-255,66,9261,79,178440
27410,7.2e-05,172.217.194.0-255,4320,13581,79,178440
27411,7.5e-05,172.31.40.0-255,66,13647,79,178440
27412,7.8e-05,172.217.194.0-255,1484,15131,79,178440
27413,7.9e-05,172.31.40.0-255,66,15197,79,178440
27414,0.000109,172.31.40.0-255,66,15263,79,178440
27415,0.000114,172.217.194.0-255,4320,19583,79,178440
27416,0.000116,172.31.40.0-255,66,19649,79,178440
27417,0.000149,172.217.194.0-255,3961,23610,79,178440
27418,0.000152,172.31.40.0-255,66,23676,79,178440
27419,0.000205,172.217.194.0-255,1484,25160,79,178440
27420,0.000207,172.31.40.0-255,66,25226,79,178440
27421,0.000217,172.217.194.0-255,1484,26710,79,178440
27422,0.000219,172.31.40.0-255,66,26776,79,178440
27423,0.000242,172.217.194.0-255,1484,28260,79,178440
27424,0.000251,172.217.194.0-255,5738,33998,79,178440
27425,0.000266,172.31.40.0-255,66,34064,79,178440
27426,0.000269,172.31.40.0-255,66,34130,79,178440
27427,0.000271,172.31.40.0-255,66,34196,79,178440
27428,0.000282,172.217.194.0-255,5738,39934,79,178440
27429,0.000304,172.217.194.0-255,5969,45903,79,178440
27430,0.000309,172.217.194.0-255,1484,47387,79,178440
27431,0.000315,172.217.194.0-255,2902,50289,79,178440
27432,0.000322,172.217.194.0-255,5738,56027,79,178440
27433,0.000326,172.31.40.0-255,66,56093,79,178440
27434,0.000332,172.31.40.0-255,66,56159,79,178440
27435,0.000333,172.31.40.0-255,66,56225,79,178440
27436,0.000333,172.31.40.0-255,66,56291,79,178440
27437,0.000352,172.217.194.0-255,5738,62029,79,178440
27438,0.000354,172.31.40.0-255,66,62095,79,178440
27439,0.000396,172.31.40.0-255,66,62161,79,178440
27440,0.000406,172.31.40.0-255,66,62227,79,178440
27441,0.000615,172.217.194.0-255,1484,63711,79,178440
27442,0.000622,172.217.194.0-255,2902,66613,79,178440
27443,0.000625,172.31.40.0-255,66,66679,79,178440
27444,0.000628,172.217.194.0-255,1484,68163,79,178440
27445,0.000647,172.217.194.0-255,4320,72483,79,178440
27446,0.000668,172.31.40.0-255,66,72549,79,178440
27447,0.000676,172.217.194.0-255,2902,75451,79,178440
27448,0.000681,172.31.40.0-255,66,75517,79,178440
27449,0.000708,172.217.194.0-255,1484,77001,79,178440
27450,0.00072,172.217.194.0-255,2902,79903,79,178440
27451,0.000726,172.31.40.0-255,66,79969,79,178440
27452,0.000741,172.31.40.0-255,66,80035,79,178440
27453,0.00078,172.217.194.0-255,1484,81519,79,178440
27454,0.0008,172.217.194.0-255,2902,84421,79,178440
27455,0.000814,172.31.40.0-255,66,84487,79,178440
27456,0.000835,172.217.194.0-255,5738,90225,79,178440
27457,0.000879,172.217.194.0-255,4320,94545,79,178440
27458,0.000882,172.31.40.0-255,66,94611,79,178440
27459,0.000886,172.31.40.0-255,66,94677,79,178440
27460,0.0009,172.217.194.0-255,2902,97579,79,178440
27461,0.000917,172.217.194.0-255,1484,99063,79,178440
27462,0.000919,172.217.194.0-255,766,99829,79,178440
27463,0.000927,172.31.40.0-255,66,99895,79,178440
27464,0.001011,172.217.194.0-255,1484,101379,79,178440
27465,0.001027,172.217.194.0-255,2902,104281,79,178440
27466,0.001032,172.217.194.0-255,2902,107183,79,178440
27467,0.001047,172.217.194.0-255,2902,110085,79,178440
27468,0.00105,172.31.40.0-255,66,110151,79,178440
27469,0.001054,172.31.40.0-255,66,110217,79,178440
27470,0.001065,172.217.194.0-255,2902,113119,79,178440
27471,0.001074,172.31.40.0-255,66,113185,79,178440
27472,0.001127,172.217.194.0-255,766,113951,79,178440
27473,0.00114,172.31.40.0-255,66,114017,79,178440
27474,0.001172,172.217.194.0-255,1484,115501,79,178440
27475,0.001189,172.217.194.0-255,1484,116985,79,178440
27476,0.001194,172.217.194.0-255,4320,121305,79,178440
27477,0.0012,172.31.40.0-255,66,121371,79,178440
27478,0.001211,172.217.194.0-255,1484,122855,79,178440
27479,0.001233,172.217.194.0-255,5738,128593,79,178440
27480,0.001248,172.217.194.0-255,2902,131495,79,178440
27481,0.001253,172.217.194.0-255,5738,137233,79,178440
27482,0.001256,172.31.40.0-255,66,137299,79,178440
27483,0.001261,172.31.40.0-255,66,137365,79,178440
27484,0.001278,172.217.194.0-255,1484,138849,79,178440
27485,0.001283,172.217.194.0-255,4320,143169,79,178440
27486,0.001296,172.31.40.0-255,66,143235,79,178440
27487,0.001391,172.217.194.0-255,3602,146837,79,178440
27488,0.001393,172.217.194.0-255,1484,148321,79,178440
27489,0.001397,172.31.40.0-255,66,148387,79,178440
27490,0.001403,172.31.40.0-255,66,148453,79,178440
27491,0.001459,172.217.194.0-255,5738,154191,79,178440
27492,0.001471,172.31.40.0-255,66,154257,79,178440
27493,0.001477,172.217.194.0-255,3602,157859,79,178440
27494,0.00148,172.217.194.0-255,2902,160761,79,178440
27495,0.001486,172.31.40.0-255,66,160827,79,178440
27496,0.001511,172.217.194.0-255,7156,167983,79,178440
27497,0.001562,172.217.194.0-255,4320,172303,79,178440
27498,0.001645,172.31.40.0-255,66,172369,79,178440
27499,0.001715,172.217.194.0-255,5729,178098,79,178440
27500,0.001719,172.217.194.0-255,105,178203,79,178440
27501,0.001732,172.31.40.0-255,66,178269,79,178440
27502,0.012358,172.31.40.0-255,105,178374,79,178440
27503,0.014662,172.217.194.0-255,66,178440,79,178440
27504,0.0,172.217.194.0-255,156,156,79,135158
27505,2.4e-05,172.31.40.0-255,66,222,79,135158
27506,3.1e-05,172.217.194.0-255,1484,1706,79,135158
27507,3.6e-05,172.31.40.0-255,66,1772,79,135158
27508,4.3e-05,172.217.194.0-255,2902,4674,79,135158
27509,5.6e-05,172.31.40.0-255,66,4740,79,135158
27510,6.3e-05,172.217.194.0-255,7156,11896,79,135158
27511,6.6e-05,172.31.40.0-255,66,11962,79,135158
27512,7.1e-05,172.217.194.0-255,2065,14027,79,135158
27513,7.3e-05,172.31.40.0-255,66,14093,79,135158
27514,0.00023,172.217.194.0-255,1484,15577,79,135158
27515,0.000235,172.31.40.0-255,66,15643,79,135158
27516,0.000241,172.217.194.0-255,2902,18545,79,135158
27517,0.000244,172.31.40.0-255,66,18611,79,135158
27518,0.000255,172.217.194.0-255,5738,24349,79,135158
27519,0.000258,172.31.40.0-255,66,24415,79,135158
27520,0.000284,172.217.194.0-255,6797,31212,79,135158
27521,0.000286,172.31.40.0-255,66,31278,79,135158
27522,0.00034,172.217.194.0-255,7156,38434,79,135158
27523,0.000343,172.31.40.0-255,66,38500,79,135158
27524,0.000349,172.217.194.0-255,5738,44238,79,135158
27525,0.000352,172.31.40.0-255,66,44304,79,135158
27526,0.000391,172.217.194.0-255,3961,48265,79,135158
27527,0.000394,172.31.40.0-255,66,48331,79,135158
27528,0.001455,172.217.194.0-255,1484,49815,79,135158
27529,0.001463,172.31.40.0-255,66,49881,79,135158
27530,0.001474,172.217.194.0-255,2902,52783,79,135158
27531,0.001476,172.31.40.0-255,66,52849,79,135158
27532,0.001489,172.217.194.0-255,5738,58587,79,135158
27533,0.001491,172.31.40.0-255,66,58653,79,135158
27534,0.0015,172.217.194.0-255,7156,65809,79,135158
27535,0.001502,172.31.40.0-255,66,65875,79,135158
27536,0.00153,172.217.194.0-255,287,66162,79,135158
27537,0.001551,172.217.194.0-255,4320,70482,79,135158
27538,0.001554,172.31.40.0-255,66,70548,79,135158
27539,0.001585,172.217.194.0-255,5738,76286,79,135158
27540,0.001588,172.31.40.0-255,66,76352,79,135158
27541,0.001601,172.31.40.0-255,66,76418,79,135158
27542,0.001609,172.217.194.0-255,7156,83574,79,135158
27543,0.001611,172.31.40.0-255,66,83640,79,135158
27544,0.001651,172.217.194.0-255,5020,88660,79,135158
27545,0.001655,172.31.40.0-255,66,88726,79,135158
27546,0.003708,172.217.194.0-255,5738,94464,79,135158
27547,0.003719,172.31.40.0-255,66,94530,79,135158
27548,0.005788,172.217.194.0-255,5738,100268,79,135158
27549,0.0058,172.31.40.0-255,66,100334,79,135158
27550,0.007871,172.217.194.0-255,5738,106072,79,135158
27551,0.00788,172.31.40.0-255,66,106138,79,135158
27552,0.009929,172.217.194.0-255,5738,111876,79,135158
27553,0.009935,172.31.40.0-255,66,111942,79,135158
27554,0.011999,172.217.194.0-255,5738,117680,79,135158
27555,0.012011,172.31.40.0-255,66,117746,79,135158
27556,0.014083,172.217.194.0-255,5738,123484,79,135158
27557,0.014099,172.31.40.0-255,66,123550,79,135158
27558,0.016147,172.217.194.0-255,5738,129288,79,135158
27559,0.016156,172.31.40.0-255,66,129354,79,135158
27560,0.018237,172.217.194.0-255,5738,135092,79,135158
27561,0.018244,172.31.40.0-255,66,135158,79,135158
27562,0.0,172.217.194.0-255,143,143,79,152237
27563,2.1e-05,172.31.40.0-255,66,209,79,152237
27564,2.8e-05,172.217.194.0-255,1484,1693,79,152237
27565,3.2e-05,172.31.40.0-255,66,1759,79,152237
27566,3.7e-05,172.217.194.0-255,2902,4661,79,152237
27567,4.1e-05,172.31.40.0-255,66,4727,79,152237
27568,4.9e-05,172.217.194.0-255,7156,11883,79,152237
27569,5.2e-05,172.31.40.0-255,66,11949,79,152237
27570,6.9e-05,172.31.40.0-255,66,12015,79,152237
27571,7.4e-05,172.217.194.0-255,2543,14558,79,152237
27572,7.6e-05,172.31.40.0-255,66,14624,79,152237
27573,0.000118,172.217.194.0-255,2902,17526,79,152237
27574,0.000121,172.31.40.0-255,66,17592,79,152237
27575,0.000128,172.217.194.0-255,7156,24748,79,152237
27576,0.000131,172.31.40.0-255,66,24814,79,152237
27577,0.000133,172.217.194.0-255,1484,26298,79,152237
27578,0.000136,172.31.40.0-255,66,26364,79,152237
27579,0.000154,172.217.194.0-255,4320,30684,79,152237
27580,0.000157,172.31.40.0-255,66,30750,79,152237
27581,0.000188,172.31.40.0-255,66,30816,79,152237
27582,0.000195,172.217.194.0-255,6797,37613,79,152237
27583,0.000198,172.31.40.0-255,66,37679,79,152237
27584,0.000235,172.217.194.0-255,646,38325,79,152237
27585,0.000237,172.31.40.0-255,66,38391,79,152237
27586,0.000622,172.217.194.0-255,1484,39875,79,152237
27587,0.000628,172.31.40.0-255,66,39941,79,152237
27588,0.000634,172.217.194.0-255,2902,42843,79,152237
27589,0.000636,172.31.40.0-255,66,42909,79,152237
27590,0.000644,172.217.194.0-255,5738,48647,79,152237
27591,0.000646,172.31.40.0-255,66,48713,79,152237
27592,0.000664,172.217.194.0-255,1484,50197,79,152237
27593,0.000687,172.31.40.0-255,66,50263,79,152237
27594,0.000699,172.31.40.0-255,66,50329,79,152237
27595,0.001205,172.217.194.0-255,1484,51813,79,152237
27596,0.001223,172.217.194.0-255,2902,54715,79,152237
27597,0.001227,172.31.40.0-255,66,54781,79,152237
27598,0.001234,172.217.194.0-255,5738,60519,79,152237
27599,0.001236,172.31.40.0-255,66,60585,79,152237
27600,0.001239,172.217.194.0-255,1484,62069,79,152237
27601,0.001262,172.31.40.0-255,66,62135,79,152237
27602,0.001283,172.217.194.0-255,2902,65037,79,152237
27603,0.001285,172.31.40.0-255,66,65103,79,152237
27604,0.001297,172.31.40.0-255,66,65169,79,152237
27605,0.001495,172.217.194.0-255,1484,66653,79,152237
27606,0.001501,172.217.194.0-255,2902,69555,79,152237
27607,0.001505,172.31.40.0-255,66,69621,79,152237
27608,0.001509,172.217.194.0-255,2902,72523,79,152237
27609,0.001511,172.31.40.0-255,66,72589,79,152237
27610,0.001525,172.217.194.0-255,2902,75491,79,152237
27611,0.001527,172.31.40.0-255,66,75557,79,152237
27612,0.001532,172.217.194.0-255,2902,78459,79,152237
27613,0.001534,172.31.40.0-255,66,78525,79,152237
27614,0.001565,172.31.40.0-255,66,78591,79,152237
27615,0.001571,172.217.194.0-255,4320,82911,79,152237
27616,0.001573,172.31.40.0-255,66,82977,79,152237
27617,0.001598,172.217.194.0-255,6438,89415,79,152237
27618,0.001601,172.31.40.0-255,66,89481,79,152237
27619,0.001653,172.217.194.0-255,1484,90965,79,152237
27620,0.001673,172.217.194.0-255,2902,93867,79,152237
27621,0.001676,172.31.40.0-255,66,93933,79,152237
27622,0.001682,172.217.194.0-255,5738,99671,79,152237
27623,0.001684,172.31.40.0-255,66,99737,79,152237
27624,0.001687,172.217.194.0-255,1484,101221,79,152237
27625,0.001712,172.31.40.0-255,66,101287,79,152237
27626,0.001751,172.31.40.0-255,66,101353,79,152237
27627,0.003714,172.217.194.0-255,5738,107091,79,152237
27628,0.00372,172.31.40.0-255,66,107157,79,152237
27629,0.00571,172.217.194.0-255,5738,112895,79,152237
27630,0.005715,172.31.40.0-255,66,112961,79,152237
27631,0.007682,172.217.194.0-255,4320,117281,79,152237
27632,0.007686,172.31.40.0-255,66,117347,79,152237
27633,0.007704,172.217.194.0-255,1484,118831,79,152237
27634,0.009653,172.217.194.0-255,4320,123151,79,152237
27635,0.00966,172.31.40.0-255,66,123217,79,152237
27636,0.011611,172.217.194.0-255,5738,128955,79,152237
27637,0.011617,172.31.40.0-255,66,129021,79,152237
27638,0.01359,172.217.194.0-255,5738,134759,79,152237
27639,0.013597,172.31.40.0-255,66,134825,79,152237
27640,0.01557,172.217.194.0-255,5738,140563,79,152237
27641,0.01558,172.31.40.0-255,66,140629,79,152237
27642,0.017557,172.217.194.0-255,5738,146367,79,152237
27643,0.017565,172.31.40.0-255,66,146433,79,152237
27644,0.019539,172.217.194.0-255,5738,152171,79,152237
27645,0.019546,172.31.40.0-255,66,152237,79,152237
27646,0.0,74.125.24.0-255,146,146,79,160228
27647,4.6e-05,172.31.40.0-255,66,212,79,160228
27648,5.3e-05,74.125.24.0-255,1484,1696,79,160228
27649,5.7e-05,172.31.40.0-255,66,1762,79,160228
27650,6.2e-05,74.125.24.0-255,2902,4664,79,160228
27651,6.4e-05,172.31.40.0-255,66,4730,79,160228
27652,7e-05,74.125.24.0-255,4320,9050,79,160228
27653,7.3e-05,172.31.40.0-255,66,9116,79,160228
27654,0.000104,74.125.24.0-255,4821,13937,79,160228
27655,0.000107,172.31.40.0-255,66,14003,79,160228
27656,0.000177,74.125.24.0-255,1484,15487,79,160228
27657,0.000182,172.31.40.0-255,66,15553,79,160228
27658,0.000189,74.125.24.0-255,2902,18455,79,160228
27659,0.000191,172.31.40.0-255,66,18521,79,160228
27660,0.000197,74.125.24.0-255,4320,22841,79,160228
27661,0.0002,172.31.40.0-255,66,22907,79,160228
27662,0.000221,74.125.24.0-255,1484,24391,79,160228
27663,0.000223,172.31.40.0-255,66,24457,79,160228
27664,0.000375,74.125.24.0-255,6797,31254,79,160228
27665,0.000381,172.31.40.0-255,66,31320,79,160228
27666,0.000453,74.125.24.0-255,1484,32804,79,160228
27667,0.000459,172.31.40.0-255,66,32870,79,160228
27668,0.000466,74.125.24.0-255,2902,35772,79,160228
27669,0.000468,172.31.40.0-255,66,35838,79,160228
27670,0.000473,74.125.24.0-255,2902,38740,79,160228
27671,0.000476,172.31.40.0-255,66,38806,79,160228
27672,0.000499,74.125.24.0-255,7156,45962,79,160228
27673,0.000506,172.31.40.0-255,66,46028,79,160228
27674,0.000529,74.125.24.0-255,4320,50348,79,160228
27675,0.000533,172.31.40.0-255,66,50414,79,160228
27676,0.000557,74.125.24.0-255,5379,55793,79,160228
27677,0.000561,172.31.40.0-255,66,55859,79,160228
27678,0.000614,172.31.40.0-255,66,55925,79,160228
27679,0.000617,74.125.24.0-255,343,56268,79,160228
27680,0.001151,172.31.40.0-255,66,56334,79,160228
27681,0.001262,74.125.24.0-255,1484,57818,79,160228
27682,0.001271,74.125.24.0-255,2902,60720,79,160228
27683,0.001274,172.31.40.0-255,66,60786,79,160228
27684,0.001281,74.125.24.0-255,5738,66524,79,160228
27685,0.001283,172.31.40.0-255,66,66590,79,160228
27686,0.001297,172.31.40.0-255,66,66656,79,160228
27687,0.001369,172.31.40.0-255,66,66722,79,160228
27688,0.001389,74.125.24.0-255,2184,68906,79,160228
27689,0.001393,172.31.40.0-255,66,68972,79,160228
27690,0.001658,74.125.24.0-255,1484,70456,79,160228
27691,0.001674,74.125.24.0-255,2902,73358,79,160228
27692,0.001677,172.31.40.0-255,66,73424,79,160228
27693,0.001702,74.125.24.0-255,4320,77744,79,160228
27694,0.001705,172.31.40.0-255,66,77810,79,160228
27695,0.001711,74.125.24.0-255,4320,82130,79,160228
27696,0.001713,172.31.40.0-255,66,82196,79,160228
27697,0.00173,74.125.24.0-255,4320,86516,79,160228
27698,0.001732,172.31.40.0-255,66,86582,79,160228
27699,0.001751,74.125.24.0-255,7156,93738,79,160228
27700,0.001755,172.31.40.0-255,66,93804,79,160228
27701,0.00178,74.125.24.0-255,4320,98124,79,160228
27702,0.001783,172.31.40.0-255,66,98190,79,160228
27703,0.001788,74.125.24.0-255,2902,101092,79,160228
27704,0.00179,172.31.40.0-255,66,101158,79,160228
27705,0.001803,74.125.24.0-255,2184,103342,79,160228
27706,0.001807,172.31.40.0-255,66,103408,79,160228
27707,0.002031,74.125.24.0-255,1484,104892,79,160228
27708,0.002039,74.125.24.0-255,2902,107794,79,160228
27709,0.002043,172.31.40.0-255,66,107860,79,160228
27710,0.002046,74.125.24.0-255,1484,109344,79,160228
27711,0.002061,74.125.24.0-255,4320,113664,79,160228
27712,0.002064,172.31.40.0-255,66,113730,79,160228
27713,0.002067,74.125.24.0-255,1484,115214,79,160228
27714,0.004129,74.125.24.0-255,4320,119534,79,160228
27715,0.004142,172.31.40.0-255,66,119600,79,160228
27716,0.006183,74.125.24.0-255,5738,125338,79,160228
27717,0.006194,172.31.40.0-255,66,125404,79,160228
27718,0.008242,74.125.24.0-255,5738,131142,79,160228
27719,0.008257,172.31.40.0-255,66,131208,79,160228
27720,0.010279,74.125.24.0-255,5738,136946,79,160228
27721,0.010295,172.31.40.0-255,66,137012,79,160228
27722,0.012351,74.125.24.0-255,5738,142750,79,160228
27723,0.012364,172.31.40.0-255,66,142816,79,160228
27724,0.014388,74.125.24.0-255,5738,148554,79,160228
27725,0.014405,172.31.40.0-255,66,148620,79,160228
27726,0.016507,74.125.24.0-255,5738,154358,79,160228
27727,0.016521,172.31.40.0-255,66,154424,79,160228
27728,0.018555,74.125.24.0-255,5738,160162,79,160228
27729,0.018571,172.31.40.0-255,66,160228,79,160228
27730,0.0,74.125.200.0-255,298,298,79,343166
27731,2e-05,172.31.40.0-255,66,364,79,343166
27732,2.7e-05,74.125.200.0-255,1484,1848,79,343166
27733,3.1e-05,172.31.40.0-255,66,1914,79,343166
27734,3.9e-05,74.125.200.0-255,4320,6234,79,343166
27735,4.1e-05,172.31.40.0-255,66,6300,79,343166
27736,4.7e-05,74.125.200.0-255,4320,10620,79,343166
27737,4.9e-05,172.31.40.0-255,66,10686,79,343166
27738,9.5e-05,74.125.200.0-255,3158,13844,79,343166
27739,9.7e-05,172.31.40.0-255,66,13910,79,343166
27740,0.00018,74.125.200.0-255,1484,15394,79,343166
27741,0.000183,172.31.40.0-255,66,15460,79,343166
27742,0.000187,74.125.200.0-255,1484,16944,79,343166
27743,0.000189,172.31.40.0-255,66,17010,79,343166
27744,0.000214,74.125.200.0-255,1484,18494,79,343166
27745,0.000217,172.31.40.0-255,66,18560,79,343166
27746,0.000224,74.125.200.0-255,5738,24298,79,343166
27747,0.000226,172.31.40.0-255,66,24364,79,343166
27748,0.000265,74.125.200.0-255,2902,27266,79,343166
27749,0.000268,172.31.40.0-255,66,27332,79,343166
27750,0.000288,74.125.200.0-255,3961,31293,79,343166
27751,0.000291,172.31.40.0-255,66,31359,79,343166
27752,0.000298,74.125.200.0-255,7156,38515,79,343166
27753,0.0003,172.31.40.0-255,66,38581,79,343166
27754,0.000322,74.125.200.0-255,2902,41483,79,343166
27755,0.000325,172.31.40.0-255,66,41549,79,343166
27756,0.000354,172.31.40.0-255,66,41615,79,343166
27757,0.00036,74.125.200.0-255,5738,47353,79,343166
27758,0.000363,172.31.40.0-255,66,47419,79,343166
27759,0.000378,74.125.200.0-255,7156,54575,79,343166
27760,0.000381,172.31.40.0-255,66,54641,79,343166
27761,0.000385,74.125.200.0-255,2184,56825,79,343166
27762,0.000387,172.31.40.0-255,66,56891,79,343166
27763,0.000706,74.125.200.0-255,399,57290,79,343166
27764,0.000956,74.125.200.0-255,111,57401,79,343166
27765,0.001112,172.31.40.0-255,66,57467,79,343166
27766,0.001588,74.125.200.0-255,1484,58951,79,343166
27767,0.001596,74.125.200.0-255,2902,61853,79,343166
27768,0.001601,172.31.40.0-255,66,61919,79,343166
27769,0.001609,74.125.200.0-255,5738,67657,79,343166
27770,0.001611,172.31.40.0-255,66,67723,79,343166
27771,0.001617,74.125.200.0-255,4320,72043,79,343166
27772,0.001619,172.31.40.0-255,66,72109,79,343166
27773,0.001622,74.125.200.0-255,1484,73593,79,343166
27774,0.001648,74.125.200.0-255,4320,77913,79,343166
27775,0.001651,172.31.40.0-255,66,77979,79,343166
27776,0.001658,74.125.200.0-255,5738,83717,79,343166
27777,0.00166,172.31.40.0-255,66,83783,79,343166
27778,0.001681,74.125.200.0-255,5738,89521,79,343166
27779,0.001683,172.31.40.0-255,66,89587,79,343166
27780,0.001707,74.125.200.0-255,2184,91771,79,343166
27781,0.001709,172.31.40.0-255,66,91837,79,343166
27782,0.001825,74.125.200.0-255,1484,93321,79,343166
27783,0.001839,74.125.200.0-255,2902,96223,79,343166
27784,0.001843,172.31.40.0-255,66,96289,79,343166
27785,0.001865,74.125.200.0-255,5738,102027,79,343166
27786,0.001867,172.31.40.0-255,66,102093,79,343166
27787,0.001873,74.125.200.0-255,4320,106413,79,343166
27788,0.001875,172.31.40.0-255,66,106479,79,343166
27789,0.001897,74.125.200.0-255,2902,109381,79,343166
27790,0.001899,172.31.40.0-255,66,109447,79,343166
27791,0.001923,172.31.40.0-255,66,109513,79,343166
27792,0.001937,74.125.200.0-255,5738,115251,79,343166
27793,0.00194,172.31.40.0-255,66,115317,79,343166
27794,0.00196,74.125.200.0-255,2184,117501,79,343166
27795,0.001962,172.31.40.0-255,66,117567,79,343166
27796,0.002089,74.125.200.0-255,1484,119051,79,343166
27797,0.002107,74.125.200.0-255,1484,120535,79,343166
27798,0.002111,172.31.40.0-255,66,120601,79,343166
27799,0.002129,74.125.200.0-255,2902,123503,79,343166
27800,0.002132,172.31.40.0-255,66,123569,79,343166
27801,0.002154,74.125.200.0-255,5738,129307,79,343166
27802,0.002157,172.31.40.0-255,66,129373,79,343166
27803,0.00216,74.125.200.0-255,1484,130857,79,343166
27804,0.002175,74.125.200.0-255,5738,136595,79,343166
27805,0.002178,172.31.40.0-255,66,136661,79,343166
27806,0.002218,74.125.200.0-255,4320,140981,79,343166
27807,0.00222,172.31.40.0-255,66,141047,79,343166
27808,0.002233,74.125.200.0-255,4320,145367,79,343166
27809,0.002235,172.31.40.0-255,66,145433,79,343166
27810,0.002243,74.125.200.0-255,6438,151871,79,343166
27811,0.002245,172.31.40.0-255,66,151937,79,343166
27812,0.002262,74.125.200.0-255,1484,153421,79,343166
27813,0.002275,74.125.200.0-255,1484,154905,79,343166
27814,0.002278,172.31.40.0-255,66,154971,79,343166
27815,0.002297,74.125.200.0-255,1484,156455,79,343166
27816,0.002301,74.125.200.0-255,1484,157939,79,343166
27817,0.002303,172.31.40.0-255,66,158005,79,343166
27818,0.002306,74.125.200.0-255,1484,159489,79,343166
27819,0.002309,74.125.200.0-255,1484,160973,79,343166
27820,0.002311,172.31.40.0-255,66,161039,79,343166
27821,0.002325,74.125.200.0-255,4320,165359,79,343166
27822,0.002328,172.31.40.0-255,66,165425,79,343166
27823,0.002331,74.125.200.0-255,1484,166909,79,343166
27824,0.002354,74.125.200.0-255,2902,169811,79,343166
27825,0.002375,74.125.200.0-255,7156,176967,79,343166
27826,0.002378,74.125.200.0-255,1484,178451,79,343166
27827,0.002401,74.125.200.0-255,7156,185607,79,343166
27828,0.002426,74.125.200.0-255,5738,191345,79,343166
27829,0.002438,74.125.200.0-255,2184,193529,79,343166
27830,0.00245,74.125.200.0-255,2902,196431,79,343166
27831,0.002474,74.125.200.0-255,5738,202169,79,343166
27832,0.002481,74.125.200.0-255,5738,207907,79,343166
27833,0.002484,74.125.200.0-255,1484,209391,79,343166
27834,0.002487,74.125.200.0-255,1484,210875,79,343166
27835,0.002508,74.125.200.0-255,2902,213777,79,343166
27836,0.002539,74.125.200.0-255,2902,216679,79,343166
27837,0.002556,74.125.200.0-255,2902,219581,79,343166
27838,0.002558,74.125.200.0-255,766,220347,79,343166
27839,0.002577,74.125.200.0-255,1484,221831,79,343166
27840,0.00259,74.125.200.0-255,1484,223315,79,343166
27841,0.002602,74.125.200.0-255,1484,224799,79,343166
27842,0.002619,74.125.200.0-255,1484,226283,79,343166
27843,0.002623,74.125.200.0-255,2902,229185,79,343166
27844,0.002653,74.125.200.0-255,4320,233505,79,343166
27845,0.00269,74.125.200.0-255,1484,234989,79,343166
27846,0.002697,74.125.200.0-255,4320,239309,79,343166
27847,0.0027,74.125.200.0-255,1484,240793,79,343166
27848,0.002704,74.125.200.0-255,2902,243695,79,343166
27849,0.002706,74.125.200.0-255,1484,245179,79,343166
27850,0.002709,74.125.200.0-255,1484,246663,79,343166
27851,0.002719,74.125.200.0-255,1484,248147,79,343166
27852,0.002734,74.125.200.0-255,2902,251049,79,343166
27853,0.00275,74.125.200.0-255,4320,255369,79,343166
27854,0.002765,74.125.200.0-255,1484,256853,79,343166
27855,0.002768,74.125.200.0-255,1484,258337,79,343166
27856,0.002811,74.125.200.0-255,7156,265493,79,343166
27857,0.002835,74.125.200.0-255,5020,270513,79,343166
27858,0.00284,74.125.200.0-255,4320,274833,79,343166
27859,0.002846,74.125.200.0-255,4320,279153,79,343166
27860,0.002859,74.125.200.0-255,1484,280637,79,343166
27861,0.002878,74.125.200.0-255,1484,282121,79,343166
27862,0.002908,74.125.200.0-255,4320,286441,79,343166
27863,0.002961,74.125.200.0-255,7156,293597,79,343166
27864,0.002994,74.125.200.0-255,3602,297199,79,343166
27865,0.003012,74.125.200.0-255,7156,304355,79,343166
27866,0.003085,74.125.200.0-255,3602,307957,79,343166
27867,0.003091,74.125.200.0-255,4320,312277,79,343166
27868,0.003102,74.125.200.0-255,1484,313761,79,343166
27869,0.00314,74.125.200.0-255,2902,316663,79,343166
27870,0.00316,74.125.200.0-255,7156,323819,79,343166
27871,0.003191,74.125.200.0-255,4320,328139,79,343166
27872,0.003206,74.125.200.0-255,6438,334577,79,343166
27873,0.003239,74.125.200.0-255,5738,340315,79,343166
27874,0.003256,74.125.200.0-255,2509,342824,79,343166
27875,0.003275,74.125.200.0-255,105,342929,79,343166
27876,0.008864,172.31.40.0-255,66,342995,79,343166
27877,0.011705,172.31.40.0-255,105,343100,79,343166
27878,0.013958,74.125.200.0-255,66,343166,79,343166
27879,0.0,172.217.194.0-255,153,153,79,234149
27880,2.3e-05,172.31.40.0-255,66,219,79,234149
27881,3.1e-05,172.217.194.0-255,1484,1703,79,234149
27882,3.6e-05,172.31.40.0-255,66,1769,79,234149
27883,5e-05,172.217.194.0-255,2902,4671,79,234149
27884,5.4e-05,172.31.40.0-255,66,4737,79,234149
27885,6.2e-05,172.217.194.0-255,7156,11893,79,234149
27886,6.5e-05,172.31.40.0-255,66,11959,79,234149
27887,9.1e-05,172.217.194.0-255,4912,16871,79,234149
27888,9.5e-05,172.31.40.0-255,66,16937,79,234149
27889,0.000106,172.217.194.0-255,5738,22675,79,234149
27890,0.000108,172.31.40.0-255,66,22741,79,234149
27891,0.000146,172.31.40.0-255,66,22807,79,234149
27892,0.000159,172.217.194.0-255,2902,25709,79,234149
27893,0.000162,172.31.40.0-255,66,25775,79,234149
27894,0.000192,172.217.194.0-255,5738,31513,79,234149
27895,0.000195,172.31.40.0-255,66,31579,79,234149
27896,0.000206,172.31.40.0-255,66,31645,79,234149
27897,0.000238,172.217.194.0-255,4320,35965,79,234149
27898,0.00024,172.31.40.0-255,66,36031,79,234149
27899,0.000273,172.217.194.0-255,5738,41769,79,234149
27900,0.000276,172.31.40.0-255,66,41835,79,234149
27901,0.000291,172.217.194.0-255,1484,43319,79,234149
27902,0.000297,172.31.40.0-255,66,43385,79,234149
27903,0.000326,172.217.194.0-255,5379,48764,79,234149
27904,0.000329,172.31.40.0-255,66,48830,79,234149
27905,0.000332,172.217.194.0-255,394,49224,79,234149
27906,0.000334,172.31.40.0-255,66,49290,79,234149
27907,0.000407,172.217.194.0-255,379,49669,79,234149
27908,0.000411,172.31.40.0-255,66,49735,79,234149
27909,0.000714,172.217.194.0-255,1484,51219,79,234149
27910,0.000719,172.31.40.0-255,66,51285,79,234149
27911,0.000726,172.217.194.0-255,2902,54187,79,234149
27912,0.000729,172.31.40.0-255,66,54253,79,234149
27913,0.000741,172.217.194.0-255,5738,59991,79,234149
27914,0.000744,172.31.40.0-255,66,60057,79,234149
27915,0.000746,172.217.194.0-255,1484,61541,79,234149
27916,0.000749,172.31.40.0-255,66,61607,79,234149
27917,0.000797,172.31.40.0-255,66,61673,79,234149
27918,0.000815,172.217.194.0-255,5738,67411,79,234149
27919,0.000818,172.31.40.0-255,66,67477,79,234149
27920,0.000847,172.217.194.0-255,6438,73915,79,234149
27921,0.00085,172.31.40.0-255,66,73981,79,234149
27922,0.001054,172.217.194.0-255,1484,75465,79,234149
27923,0.001059,172.31.40.0-255,66,75531,79,234149
27924,0.001065,172.217.194.0-255,2902,78433,79,234149
27925,0.001092,172.217.194.0-255,5738,84171,79,234149
27926,0.001123,172.217.194.0-255,5738,89909,79,234149
27927,0.00114,172.217.194.0-255,7156,97065,79,234149
27928,0.001161,172.217.194.0-255,2184,99249,79,234149
27929,0.001164,172.31.40.0-255,66,99315,79,234149
27930,0.001168,172.31.40.0-255,66,99381,79,234149
27931,0.001214,172.31.40.0-255,66,99447,79,234149
27932,0.001234,172.217.194.0-255,5738,105185,79,234149
27933,0.001273,172.31.40.0-255,66,105251,79,234149
27934,0.001283,172.31.40.0-255,66,105317,79,234149
27935,0.001646,172.217.194.0-255,1484,106801,79,234149
27936,0.00165,172.217.194.0-255,2902,109703,79,234149
27937,0.001654,172.31.40.0-255,66,109769,79,234149
27938,0.001684,172.217.194.0-255,5738,115507,79,234149
27939,0.00169,172.217.194.0-255,5738,121245,79,234149
27940,0.001704,172.31.40.0-255,66,121311,79,234149
27941,0.001709,172.217.194.0-255,4320,125631,79,234149
27942,0.001714,172.31.40.0-255,66,125697,79,234149
27943,0.001733,172.217.194.0-255,7156,132853,79,234149
27944,0.001757,172.217.194.0-255,6438,139291,79,234149
27945,0.001763,172.31.40.0-255,66,139357,79,234149
27946,0.001778,172.217.194.0-255,2902,142259,79,234149
27947,0.001781,172.31.40.0-255,66,142325,79,234149
27948,0.001804,172.217.194.0-255,4320,146645,79,234149
27949,0.001858,172.217.194.0-255,766,147411,79,234149
27950,0.001861,172.31.40.0-255,66,147477,79,234149
27951,0.001866,172.31.40.0-255,66,147543,79,234149
27952,0.001904,172.217.194.0-255,1484,149027,79,234149
27953,0.001908,172.217.194.0-255,2902,151929,79,234149
27954,0.001911,172.217.194.0-255,1484,153413,79,234149
27955,0.001917,172.31.40.0-255,66,153479,79,234149
27956,0.001928,172.217.194.0-255,4320,157799,79,234149
27957,0.00194,172.217.194.0-255,1484,159283,79,234149
27958,0.001954,172.217.194.0-255,5738,165021,79,234149
27959,0.001962,172.31.40.0-255,66,165087,79,234149
27960,0.002011,172.217.194.0-255,2184,167271,79,234149
27961,0.002015,172.31.40.0-255,66,167337,79,234149
27962,0.002049,172.217.194.0-255,1484,168821,79,234149
27963,0.002063,172.217.194.0-255,2902,171723,79,234149
27964,0.002067,172.31.40.0-255,66,171789,79,234149
27965,0.002086,172.217.194.0-255,4320,176109,79,234149
27966,0.002093,172.31.40.0-255,66,176175,79,234149
27967,0.002103,172.217.194.0-255,5738,181913,79,234149
27968,0.002128,172.217.194.0-255,5738,187651,79,234149
27969,0.002137,172.31.40.0-255,66,187717,79,234149
27970,0.004214,172.217.194.0-255,5738,193455,79,234149
27971,0.004221,172.31.40.0-255,66,193521,79,234149
27972,0.006324,172.217.194.0-255,5738,199259,79,234149
27973,0.006328,172.31.40.0-255,66,199325,79,234149
27974,0.008395,172.217.194.0-255,5738,205063,79,234149
27975,0.008401,172.31.40.0-255,66,205129,79,234149
27976,0.010485,172.217.194.0-255,5738,210867,79,234149
27977,0.010491,172.31.40.0-255,66,210933,79,234149
27978,0.012557,172.217.194.0-255,5738,216671,79,234149
27979,0.012566,172.31.40.0-255,66,216737,79,234149
27980,0.014655,172.217.194.0-255,5738,222475,79,234149
27981,0.014663,172.31.40.0-255,66,222541,79,234149
27982,0.016751,172.217.194.0-255,5738,228279,79,234149
27983,0.016764,172.31.40.0-255,66,228345,79,234149
27984,0.018862,172.217.194.0-255,5738,234083,79,234149
27985,0.018871,172.31.40.0-255,66,234149,79,234149
27986,0.0,172.217.194.0-255,153,153,79,129043
27987,3.3e-05,172.31.40.0-255,66,219,79,129043
27988,4.1e-05,172.217.194.0-255,1484,1703,79,129043
27989,4.5e-05,172.31.40.0-255,66,1769,79,129043
27990,4.9e-05,172.217.194.0-255,2902,4671,79,129043
27991,5.2e-05,172.31.40.0-255,66,4737,79,129043
27992,5.8e-05,172.217.194.0-255,4320,9057,79,129043
27993,6.1e-05,172.31.40.0-255,66,9123,79,129043
27994,8e-05,172.217.194.0-255,2902,12025,79,129043
27995,8.6e-05,172.31.40.0-255,66,12091,79,129043
27996,0.00016,172.217.194.0-255,2134,14225,79,129043
27997,0.000164,172.31.40.0-255,66,14291,79,129043
27998,0.000177,172.217.194.0-255,1484,15775,79,129043
27999,0.000181,172.31.40.0-255,66,15841,79,129043
28000,0.000198,172.217.194.0-255,1484,17325,79,129043
28001,0.000201,172.31.40.0-255,66,17391,79,129043
28002,0.000219,172.217.194.0-255,2902,20293,79,129043
28003,0.000222,172.31.40.0-255,66,20359,79,129043
28004,0.000236,172.217.194.0-255,4320,24679,79,129043
28005,0.000239,172.31.40.0-255,66,24745,79,129043
28006,0.000316,172.217.194.0-255,4320,29065,79,129043
28007,0.00032,172.31.40.0-255,66,29131,79,129043
28008,0.000338,172.217.194.0-255,2543,31674,79,129043
28009,0.000341,172.31.40.0-255,66,31740,79,129043
28010,0.000407,172.217.194.0-255,2902,34642,79,129043
28011,0.000412,172.31.40.0-255,66,34708,79,129043
28012,0.000435,172.217.194.0-255,5738,40446,79,129043
28013,0.000438,172.31.40.0-255,66,40512,79,129043
28014,0.000551,172.217.194.0-255,4320,44832,79,129043
28015,0.000555,172.31.40.0-255,66,44898,79,129043
28016,0.000592,172.31.40.0-255,66,44964,79,129043
28017,0.000633,172.31.40.0-255,66,45030,79,129043
28018,0.000862,172.217.194.0-255,378,45408,79,129043
28019,0.000868,172.31.40.0-255,78,45486,79,129043
28020,0.000872,172.217.194.0-255,117,45603,79,129043
28021,0.000909,172.31.40.0-255,66,45669,79,129043
28022,0.001224,172.217.194.0-255,1484,47153,79,129043
28023,0.001234,172.217.194.0-255,2902,50055,79,129043
28024,0.001261,172.217.194.0-255,1484,51539,79,129043
28025,0.001279,172.217.194.0-255,4320,55859,79,129043
28026,0.001465,172.217.194.0-255,4320,60179,79,129043
28027,0.001814,172.217.194.0-255,1484,61663,79,129043
28028,0.00182,172.217.194.0-255,1484,63147,79,129043
28029,0.001835,172.217.194.0-255,1484,64631,79,129043
28030,0.00186,172.217.194.0-255,1484,66115,79,129043
28031,0.001874,172.217.194.0-255,4320,70435,79,129043
28032,0.001934,172.217.194.0-255,5738,76173,79,129043
28033,0.001952,172.217.194.0-255,7156,83329,79,129043
28034,0.002114,172.217.194.0-255,1484,84813,79,129043
28035,0.002143,172.217.194.0-255,2902,87715,79,129043
28036,0.002167,172.217.194.0-255,6438,94153,79,129043
28037,0.002573,172.31.40.0-255,66,94219,79,129043
28038,0.005146,172.217.194.0-255,5738,99957,79,129043
28039,0.005151,172.31.40.0-255,66,100023,79,129043
28040,0.007712,172.217.194.0-255,5738,105761,79,129043
28041,0.007718,172.31.40.0-255,66,105827,79,129043
28042,0.01034,172.217.194.0-255,5738,111565,79,129043
28043,0.010348,172.31.40.0-255,66,111631,79,129043
28044,0.012944,172.217.194.0-255,5738,117369,79,129043
28045,0.012956,172.31.40.0-255,66,117435,79,129043
28046,0.01556,172.217.194.0-255,5738,123173,79,129043
28047,0.015572,172.31.40.0-255,66,123239,79,129043
28048,0.018184,172.217.194.0-255,5738,128977,79,129043
28049,0.018192,172.31.40.0-255,66,129043,79,129043
28050,0.0,74.125.68.0-255,217,217,79,209637
28051,2.4e-05,172.31.40.0-255,66,283,79,209637
28052,3.1e-05,74.125.68.0-255,1484,1767,79,209637
28053,3.5e-05,172.31.40.0-255,66,1833,79,209637
28054,3.9e-05,74.125.68.0-255,1484,3317,79,209637
28055,4.2e-05,172.31.40.0-255,66,3383,79,209637
28056,4.9e-05,74.125.68.0-255,2902,6285,79,209637
28057,5.2e-05,172.31.40.0-255,66,6351,79,209637
28058,5.8e-05,74.125.68.0-255,5738,12089,79,209637
28059,6.2e-05,172.31.40.0-255,66,12155,79,209637
28060,6.6e-05,74.125.68.0-255,2147,14302,79,209637
28061,6.8e-05,172.31.40.0-255,66,14368,79,209637
28062,0.000659,74.125.68.0-255,1484,15852,79,209637
28063,0.000667,172.31.40.0-255,66,15918,79,209637
28064,0.000676,74.125.68.0-255,2902,18820,79,209637
28065,0.000678,172.31.40.0-255,66,18886,79,209637
28066,0.000698,74.125.68.0-255,4320,23206,79,209637
28067,0.0007,172.31.40.0-255,66,23272,79,209637
28068,0.000735,74.125.68.0-255,4320,27592,79,209637
28069,0.000738,172.31.40.0-255,66,27658,79,209637
28070,0.000764,74.125.68.0-255,3961,31619,79,209637
28071,0.000768,172.31.40.0-255,66,31685,79,209637
28072,0.000782,74.125.68.0-255,1484,33169,79,209637
28073,0.000784,172.31.40.0-255,66,33235,79,209637
28074,0.000798,74.125.68.0-255,4320,37555,79,209637
28075,0.000802,172.31.40.0-255,66,37621,79,209637
28076,0.000823,74.125.68.0-255,7156,44777,79,209637
28077,0.000825,172.31.40.0-255,66,44843,79,209637
28078,0.00083,74.125.68.0-255,2902,47745,79,209637
28079,0.000832,172.31.40.0-255,66,47811,79,209637
28080,0.000874,74.125.68.0-255,1125,48936,79,209637
28081,0.000877,172.31.40.0-255,66,49002,79,209637
28082,0.000958,74.125.68.0-255,1484,50486,79,209637
28083,0.000966,74.125.68.0-255,2902,53388,79,209637
28084,0.00097,172.31.40.0-255,66,53454,79,209637
28085,0.000974,74.125.68.0-255,1484,54938,79,209637
28086,0.000992,74.125.68.0-255,4320,59258,79,209637
28087,0.000996,172.31.40.0-255,66,59324,79,209637
28088,0.001018,74.125.68.0-255,4320,63644,79,209637
28089,0.001021,172.31.40.0-255,66,63710,79,209637
28090,0.001037,74.125.68.0-255,2815,66525,79,209637
28091,0.00104,172.31.40.0-255,66,66591,79,209637
28092,0.001243,74.125.68.0-255,132,66723,79,209637
28093,0.001416,74.125.68.0-255,1484,68207,79,209637
28094,0.001423,172.31.40.0-255,66,68273,79,209637
28095,0.001429,74.125.68.0-255,2902,71175,79,209637
28096,0.001432,172.31.40.0-255,66,71241,79,209637
28097,0.001435,74.125.68.0-255,1484,72725,79,209637
28098,0.001459,74.125.68.0-255,2902,75627,79,209637
28099,0.001478,172.31.40.0-255,66,75693,79,209637
28100,0.001483,74.125.68.0-255,2902,78595,79,209637
28101,0.001485,172.31.40.0-255,66,78661,79,209637
28102,0.001503,74.125.68.0-255,2902,81563,79,209637
28103,0.001505,172.31.40.0-255,66,81629,79,209637
28104,0.001544,74.125.68.0-255,6797,88426,79,209637
28105,0.001547,172.31.40.0-255,66,88492,79,209637
28106,0.001552,74.125.68.0-255,2902,91394,79,209637
28107,0.001553,172.31.40.0-255,66,91460,79,209637
28108,0.001592,74.125.68.0-255,4320,95780,79,209637
28109,0.001595,172.31.40.0-255,66,95846,79,209637
28110,0.001602,74.125.68.0-255,5379,101225,79,209637
28111,0.001605,172.31.40.0-255,66,101291,79,209637
28112,0.00213,74.125.68.0-255,1484,102775,79,209637
28113,0.002146,74.125.68.0-255,2902,105677,79,209637
28114,0.002149,172.31.40.0-255,66,105743,79,209637
28115,0.002155,74.125.68.0-255,4320,110063,79,209637
28116,0.002158,172.31.40.0-255,66,110129,79,209637
28117,0.002173,74.125.68.0-255,1484,111613,79,209637
28118,0.002197,74.125.68.0-255,7156,118769,79,209637
28119,0.002199,172.31.40.0-255,66,118835,79,209637
28120,0.002203,74.125.68.0-255,2902,121737,79,209637
28121,0.002205,172.31.40.0-255,66,121803,79,209637
28122,0.002225,74.125.68.0-255,5738,127541,79,209637
28123,0.002228,172.31.40.0-255,66,127607,79,209637
28124,0.002257,74.125.68.0-255,5738,133345,79,209637
28125,0.00226,172.31.40.0-255,66,133411,79,209637
28126,0.002277,74.125.68.0-255,2184,135595,79,209637
28127,0.002279,172.31.40.0-255,66,135661,79,209637
28128,0.002295,74.125.68.0-255,1484,137145,79,209637
28129,0.00231,74.125.68.0-255,2902,140047,79,209637
28130,0.002313,172.31.40.0-255,66,140113,79,209637
28131,0.002334,74.125.68.0-255,5738,145851,79,209637
28132,0.002337,172.31.40.0-255,66,145917,79,209637
28133,0.00234,74.125.68.0-255,1484,147401,79,209637
28134,0.002352,74.125.68.0-255,1484,148885,79,209637
28135,0.002354,172.31.40.0-255,66,148951,79,209637
28136,0.00236,74.125.68.0-255,4320,153271,79,209637
28137,0.002363,172.31.40.0-255,66,153337,79,209637
28138,0.002395,172.31.40.0-255,66,153403,79,209637
28139,0.002402,74.125.68.0-255,5738,159141,79,209637
28140,0.002404,172.31.40.0-255,66,159207,79,209637
28141,0.002423,74.125.68.0-255,1484,160691,79,209637
28142,0.002434,74.125.68.0-255,766,161457,79,209637
28143,0.002436,172.31.40.0-255,66,161523,79,209637
28144,0.002467,74.125.68.0-255,1484,163007,79,209637
28145,0.002486,74.125.68.0-255,4320,167327,79,209637
28146,0.002489,172.31.40.0-255,66,167393,79,209637
28147,0.002512,74.125.68.0-255,5738,173131,79,209637
28148,0.002515,172.31.40.0-255,66,173197,79,209637
28149,0.002519,74.125.68.0-255,2902,176099,79,209637
28150,0.002521,172.31.40.0-255,66,176165,79,209637
28151,0.005052,74.125.68.0-255,4320,180485,79,209637
28152,0.00506,172.31.40.0-255,66,180551,79,209637
28153,0.005071,74.125.68.0-255,1484,182035,79,209637
28154,0.007555,74.125.68.0-255,4320,186355,79,209637
28155,0.007563,172.31.40.0-255,66,186421,79,209637
28156,0.010073,74.125.68.0-255,5738,192159,79,209637
28157,0.010085,172.31.40.0-255,66,192225,79,209637
28158,0.01259,74.125.68.0-255,5738,197963,79,209637
28159,0.012603,172.31.40.0-255,66,198029,79,209637
28160,0.015104,74.125.68.0-255,5738,203767,79,209637
28161,0.015112,172.31.40.0-255,66,203833,79,209637
28162,0.017603,74.125.68.0-255,5738,209571,79,209637
28163,0.01761,172.31.40.0-255,66,209637,79,209637
28164,0.0,74.125.24.0-255,291,291,79,177486
28165,2.4e-05,172.31.40.0-255,66,357,79,177486
28166,3.1e-05,74.125.24.0-255,1484,1841,79,177486
28167,3.5e-05,172.31.40.0-255,66,1907,79,177486
28168,4.2e-05,74.125.24.0-255,4320,6227,79,177486
28169,4.5e-05,172.31.40.0-255,66,6293,79,177486
28170,6.4e-05,172.31.40.0-255,66,6359,79,177486
28171,7.1e-05,74.125.24.0-255,7156,13515,79,177486
28172,7.4e-05,172.31.40.0-255,66,13581,79,177486
28173,7.8e-05,74.125.24.0-255,1484,15065,79,177486
28174,8e-05,172.31.40.0-255,66,15131,79,177486
28175,0.000112,74.125.24.0-255,6797,21928,79,177486
28176,0.000115,172.31.40.0-255,66,21994,79,177486
28177,0.000165,74.125.24.0-255,1484,23478,79,177486
28178,0.000167,172.31.40.0-255,66,23544,79,177486
28179,0.000171,74.125.24.0-255,1484,25028,79,177486
28180,0.000173,172.31.40.0-255,66,25094,79,177486
28181,0.000205,74.125.24.0-255,1484,26578,79,177486
28182,0.000207,172.31.40.0-255,66,26644,79,177486
28183,0.000213,74.125.24.0-255,5738,32382,79,177486
28184,0.000216,172.31.40.0-255,66,32448,79,177486
28185,0.000221,74.125.24.0-255,4320,36768,79,177486
28186,0.000223,172.31.40.0-255,66,36834,79,177486
28187,0.000253,172.31.40.0-255,66,36900,79,177486
28188,0.000264,172.31.40.0-255,66,36966,79,177486
28189,0.00029,74.125.24.0-255,1378,38344,79,177486
28190,0.000292,172.31.40.0-255,66,38410,79,177486
28191,0.000422,74.125.24.0-255,1484,39894,79,177486
28192,0.000426,172.31.40.0-255,66,39960,79,177486
28193,0.000432,74.125.24.0-255,2902,42862,79,177486
28194,0.000434,172.31.40.0-255,66,42928,79,177486
28195,0.000437,74.125.24.0-255,1484,44412,79,177486
28196,0.000464,74.125.24.0-255,4320,48732,79,177486
28197,0.000467,172.31.40.0-255,66,48798,79,177486
28198,0.000473,74.125.24.0-255,5738,54536,79,177486
28199,0.000475,172.31.40.0-255,66,54602,79,177486
28200,0.000478,74.125.24.0-255,1484,56086,79,177486
28201,0.000521,172.31.40.0-255,66,56152,79,177486
28202,0.000527,74.125.24.0-255,5020,61172,79,177486
28203,0.000529,172.31.40.0-255,66,61238,79,177486
28204,0.000703,74.125.24.0-255,1484,62722,79,177486
28205,0.000723,74.125.24.0-255,2902,65624,79,177486
28206,0.000727,172.31.40.0-255,66,65690,79,177486
28207,0.00073,74.125.24.0-255,1484,67174,79,177486
28208,0.000756,74.125.24.0-255,2902,70076,79,177486
28209,0.000759,172.31.40.0-255,66,70142,79,177486
28210,0.000771,172.31.40.0-255,66,70208,79,177486
28211,0.000844,172.31.40.0-255,66,70274,79,177486
28212,0.000857,172.31.40.0-255,66,70340,79,177486
28213,0.000875,74.125.24.0-255,1484,71824,79,177486
28214,0.000879,74.125.24.0-255,1484,73308,79,177486
28215,0.000882,172.31.40.0-255,66,73374,79,177486
28216,0.000927,172.31.40.0-255,66,73440,79,177486
28217,0.000933,74.125.24.0-255,5738,79178,79,177486
28218,0.000935,172.31.40.0-255,66,79244,79,177486
28219,0.000971,74.125.24.0-255,3602,82846,79,177486
28220,0.000974,172.31.40.0-255,66,82912,79,177486
28221,0.001314,74.125.24.0-255,1484,84396,79,177486
28222,0.00132,74.125.24.0-255,2902,87298,79,177486
28223,0.001323,172.31.40.0-255,66,87364,79,177486
28224,0.001327,74.125.24.0-255,1484,88848,79,177486
28225,0.001361,74.125.24.0-255,4320,93168,79,177486
28226,0.001364,172.31.40.0-255,66,93234,79,177486
28227,0.001369,74.125.24.0-255,2902,96136,79,177486
28228,0.001371,172.31.40.0-255,66,96202,79,177486
28229,0.001373,74.125.24.0-255,1484,97686,79,177486
28230,0.001413,74.125.24.0-255,7156,104842,79,177486
28231,0.001418,172.31.40.0-255,66,104908,79,177486
28232,0.00142,172.31.40.0-255,66,104974,79,177486
28233,0.001436,74.125.24.0-255,2902,107876,79,177486
28234,0.001439,172.31.40.0-255,66,107942,79,177486
28235,0.001485,172.31.40.0-255,66,108008,79,177486
28236,0.00153,172.31.40.0-255,66,108074,79,177486
28237,0.001533,74.125.24.0-255,766,108840,79,177486
28238,0.001618,74.125.24.0-255,1484,110324,79,177486
28239,0.001621,172.31.40.0-255,66,110390,79,177486
28240,0.001625,74.125.24.0-255,1484,111874,79,177486
28241,0.001651,74.125.24.0-255,1484,113358,79,177486
28242,0.001654,172.31.40.0-255,66,113424,79,177486
28243,0.001661,74.125.24.0-255,5738,119162,79,177486
28244,0.001663,172.31.40.0-255,66,119228,79,177486
28245,0.001666,74.125.24.0-255,1484,120712,79,177486
28246,0.001673,74.125.24.0-255,1484,122196,79,177486
28247,0.001675,172.31.40.0-255,66,122262,79,177486
28248,0.001715,74.125.24.0-255,7156,129418,79,177486
28249,0.001717,172.31.40.0-255,66,129484,79,177486
28250,0.00173,172.31.40.0-255,66,129550,79,177486
28251,0.001754,74.125.24.0-255,3602,133152,79,177486
28252,0.001758,172.31.40.0-255,66,133218,79,177486
28253,0.001796,172.31.40.0-255,66,133284,79,177486
28254,0.00181,172.31.40.0-255,66,133350,79,177486
28255,0.00185,74.125.24.0-255,7156,140506,79,177486
28256,0.001853,172.31.40.0-255,66,140572,79,177486
28257,0.001865,74.125.24.0-255,1484,142056,79,177486
28258,0.001871,74.125.24.0-255,4320,146376,79,177486
28259,0.001873,172.31.40.0-255,66,146442,79,177486
28260,0.001913,172.31.40.0-255,66,146508,79,177486
28261,0.001916,74.125.24.0-255,1484,147992,79,177486
28262,0.001963,172.31.40.0-255,66,148058,79,177486
28263,0.001992,172.31.40.0-255,66,148124,79,177486
28264,0.002004,74.125.24.0-255,7156,155280,79,177486
28265,0.002016,74.125.24.0-255,7156,162436,79,177486
28266,0.002022,172.31.40.0-255,66,162502,79,177486
28267,0.002034,74.125.24.0-255,7156,169658,79,177486
28268,0.002075,74.125.24.0-255,4320,173978,79,177486
28269,0.002092,74.125.24.0-255,2902,176880,79,177486
28270,0.002097,172.31.40.0-255,66,176946,79,177486
28271,0.002136,172.31.40.0-255,66,177012,79,177486
28272,0.002176,172.31.40.0-255,66,177078,79,177486
28273,0.0022,172.31.40.0-255,66,177144,79,177486
28274,0.002207,74.125.24.0-255,105,177249,79,177486
28275,0.009932,172.31.40.0-255,66,177315,79,177486
28276,0.009978,172.31.40.0-255,105,177420,79,177486
28277,0.012556,74.125.24.0-255,66,177486,79,177486
28278,0.0,74.125.68.0-255,152,152,79,201787
28279,2.3e-05,172.31.40.0-255,66,218,79,201787
28280,2.9e-05,74.125.68.0-255,1484,1702,79,201787
28281,3.4e-05,172.31.40.0-255,66,1768,79,201787
28282,3.9e-05,74.125.68.0-255,2902,4670,79,201787
28283,5e-05,172.31.40.0-255,66,4736,79,201787
28284,5.4e-05,74.125.68.0-255,2902,7638,79,201787
28285,5.7e-05,172.31.40.0-255,66,7704,79,201787
28286,6.3e-05,74.125.68.0-255,4320,12024,79,201787
28287,6.6e-05,172.31.40.0-255,66,12090,79,201787
28288,0.000107,74.125.68.0-255,2031,14121,79,201787
28289,0.00011,172.31.40.0-255,66,14187,79,201787
28290,0.000145,74.125.68.0-255,2902,17089,79,201787
28291,0.000148,172.31.40.0-255,66,17155,79,201787
28292,0.000188,74.125.68.0-255,4320,21475,79,201787
28293,0.000191,172.31.40.0-255,66,21541,79,201787
28294,0.000202,172.31.40.0-255,66,21607,79,201787
28295,0.000209,74.125.68.0-255,1125,22732,79,201787
28296,0.000211,172.31.40.0-255,66,22798,79,201787
28297,0.000359,74.125.68.0-255,1484,24282,79,201787
28298,0.000364,172.31.40.0-255,66,24348,79,201787
28299,0.000395,74.125.68.0-255,2902,27250,79,201787
28300,0.000399,172.31.40.0-255,66,27316,79,201787
28301,0.000406,74.125.68.0-255,5738,33054,79,201787
28302,0.000408,172.31.40.0-255,66,33120,79,201787
28303,0.000434,74.125.68.0-255,2902,36022,79,201787
28304,0.000441,172.31.40.0-255,66,36088,79,201787
28305,0.000466,74.125.68.0-255,3961,40049,79,201787
28306,0.000468,172.31.40.0-255,66,40115,79,201787
28307,0.000471,74.125.68.0-255,1484,41599,79,201787
28308,0.000474,172.31.40.0-255,66,41665,79,201787
28309,0.000478,74.125.68.0-255,2902,44567,79,201787
28310,0.000505,74.125.68.0-255,2902,47469,79,201787
28311,0.000519,74.125.68.0-255,2902,50371,79,201787
28312,0.000538,74.125.68.0-255,1484,51855,79,201787
28313,0.000557,74.125.68.0-255,5379,57234,79,201787
28314,0.0006,172.31.40.0-255,66,57300,79,201787
28315,0.000628,74.125.68.0-255,413,57713,79,201787
28316,0.000723,74.125.68.0-255,1484,59197,79,201787
28317,0.000741,74.125.68.0-255,2902,62099,79,201787
28318,0.000752,172.31.40.0-255,66,62165,79,201787
28319,0.000756,74.125.68.0-255,1484,63649,79,201787
28320,0.000782,74.125.68.0-255,1484,65133,79,201787
28321,0.000788,74.125.68.0-255,4320,69453,79,201787
28322,0.000807,172.31.40.0-255,66,69519,79,201787
28323,0.000828,74.125.68.0-255,5738,75257,79,201787
28324,0.000846,74.125.68.0-255,3961,79218,79,201787
28325,0.000851,74.125.68.0-255,2902,82120,79,201787
28326,0.000859,172.31.40.0-255,66,82186,79,201787
28327,0.00087,74.125.68.0-255,7156,89342,79,201787
28328,0.000877,74.125.68.0-255,1484,90826,79,201787
28329,0.000883,172.31.40.0-255,66,90892,79,201787
28330,0.000907,74.125.68.0-255,809,91701,79,201787
28331,0.000996,74.125.68.0-255,1484,93185,79,201787
28332,0.001016,74.125.68.0-255,2902,96087,79,201787
28333,0.001019,172.31.40.0-255,66,96153,79,201787
28334,0.001025,172.31.40.0-255,66,96219,79,201787
28335,0.001054,74.125.68.0-255,4320,100539,79,201787
28336,0.001073,74.125.68.0-255,5738,106277,79,201787
28337,0.001089,172.31.40.0-255,66,106343,79,201787
28338,0.001128,74.125.68.0-255,5738,112081,79,201787
28339,0.001148,74.125.68.0-255,5020,117101,79,201787
28340,0.001161,172.31.40.0-255,66,117167,79,201787
28341,0.001352,74.125.68.0-255,1484,118651,79,201787
28342,0.001367,74.125.68.0-255,2902,121553,79,201787
28343,0.001373,172.31.40.0-255,66,121619,79,201787
28344,0.001386,74.125.68.0-255,4320,125939,79,201787
28345,0.001409,74.125.68.0-255,4320,130259,79,201787
28346,0.00142,172.31.40.0-255,66,130325,79,201787
28347,0.001426,74.125.68.0-255,4320,134645,79,201787
28348,0.001432,74.125.68.0-255,5738,140383,79,201787
28349,0.001451,172.31.40.0-255,66,140449,79,201787
28350,0.00148,74.125.68.0-255,2902,143351,79,201787
28351,0.001485,172.31.40.0-255,66,143417,79,201787
28352,0.001531,172.31.40.0-255,66,143483,79,201787
28353,0.001841,74.125.68.0-255,1484,144967,79,201787
28354,0.001848,74.125.68.0-255,2902,147869,79,201787
28355,0.001851,172.31.40.0-255,66,147935,79,201787
28356,0.001856,74.125.68.0-255,2902,150837,79,201787
28357,0.001861,172.31.40.0-255,66,150903,79,201787
28358,0.00188,74.125.68.0-255,2902,153805,79,201787
28359,0.001883,74.125.68.0-255,1484,155289,79,201787
28360,0.001908,74.125.68.0-255,4320,159609,79,201787
28361,0.001914,74.125.68.0-255,7156,166765,79,201787
28362,0.001917,172.31.40.0-255,66,166831,79,201787
28363,0.001922,172.31.40.0-255,66,166897,79,201787
28364,0.001999,172.31.40.0-255,66,166963,79,201787
28365,0.004595,74.125.68.0-255,5738,172701,79,201787
28366,0.004603,172.31.40.0-255,66,172767,79,201787
28367,0.007211,74.125.68.0-255,5738,178505,79,201787
28368,0.009348,172.31.40.0-255,66,178571,79,201787
28369,0.011966,74.125.68.0-255,5738,184309,79,201787
28370,0.011975,172.31.40.0-255,66,184375,79,201787
28371,0.014593,74.125.68.0-255,5738,190113,79,201787
28372,0.014603,172.31.40.0-255,66,190179,79,201787
28373,0.017212,74.125.68.0-255,5738,195917,79,201787
28374,0.017373,172.31.40.0-255,66,195983,79,201787
28375,0.019978,74.125.68.0-255,5738,201721,79,201787
28376,0.019987,172.31.40.0-255,66,201787,79,201787
28377,0.0,74.125.24.0-255,153,153,79,128863
28378,1.6e-05,172.31.40.0-255,66,219,79,128863
28379,2.3e-05,74.125.24.0-255,1484,1703,79,128863
28380,2.7e-05,172.31.40.0-255,66,1769,79,128863
28381,3.2e-05,74.125.24.0-255,2902,4671,79,128863
28382,3.5e-05,172.31.40.0-255,66,4737,79,128863
28383,4.3e-05,74.125.24.0-255,7156,11893,79,128863
28384,4.7e-05,172.31.40.0-255,66,11959,79,128863
28385,8.8e-05,74.125.24.0-255,2067,14026,79,128863
28386,9e-05,172.31.40.0-255,66,14092,79,128863
28387,0.000118,74.125.24.0-255,2902,16994,79,128863
28388,0.000121,172.31.40.0-255,66,17060,79,128863
28389,0.00015,74.125.24.0-255,5738,22798,79,128863
28390,0.000153,172.31.40.0-255,66,22864,79,128863
28391,0.000174,74.125.24.0-255,1484,24348,79,128863
28392,0.000177,172.31.40.0-255,66,24414,79,128863
28393,0.000185,74.125.24.0-255,6797,31211,79,128863
28394,0.000187,172.31.40.0-255,66,31277,79,128863
28395,0.000348,74.125.24.0-255,1484,32761,79,128863
28396,0.000352,172.31.40.0-255,66,32827,79,128863
28397,0.000358,74.125.24.0-255,2902,35729,79,128863
28398,0.00036,172.31.40.0-255,66,35795,79,128863
28399,0.000367,74.125.24.0-255,5738,41533,79,128863
28400,0.00037,172.31.40.0-255,66,41599,79,128863
28401,0.000389,74.125.24.0-255,1484,43083,79,128863
28402,0.000392,172.31.40.0-255,66,43149,79,128863
28403,0.000425,172.31.40.0-255,66,43215,79,128863
28404,0.000436,172.31.40.0-255,66,43281,79,128863
28405,0.000442,74.125.24.0-255,4234,47515,79,128863
28406,0.000444,172.31.40.0-255,66,47581,79,128863
28407,0.000844,74.125.24.0-255,130,47711,79,128863
28408,0.000874,74.125.24.0-255,350,48061,79,128863
28409,0.000923,172.31.40.0-255,66,48127,79,128863
28410,0.001349,74.125.24.0-255,1484,49611,79,128863
28411,0.001368,74.125.24.0-255,2902,52513,79,128863
28412,0.001372,172.31.40.0-255,66,52579,79,128863
28413,0.001381,74.125.24.0-255,5738,58317,79,128863
28414,0.001383,172.31.40.0-255,66,58383,79,128863
28415,0.001404,74.125.24.0-255,4320,62703,79,128863
28416,0.001406,172.31.40.0-255,66,62769,79,128863
28417,0.001456,74.125.24.0-255,5738,68507,79,128863
28418,0.001459,172.31.40.0-255,66,68573,79,128863
28419,0.001467,74.125.24.0-255,7156,75729,79,128863
28420,0.001469,172.31.40.0-255,66,75795,79,128863
28421,0.001506,74.125.24.0-255,2902,78697,79,128863
28422,0.001509,172.31.40.0-255,66,78763,79,128863
28423,0.001527,74.125.24.0-255,3602,82365,79,128863
28424,0.001529,172.31.40.0-255,66,82431,79,128863
28425,0.003793,74.125.24.0-255,1484,83915,79,128863
28426,0.003833,74.125.24.0-255,4320,88235,79,128863
28427,0.003838,172.31.40.0-255,66,88301,79,128863
28428,0.006131,74.125.24.0-255,5738,94039,79,128863
28429,0.006134,172.31.40.0-255,66,94105,79,128863
28430,0.008435,74.125.24.0-255,5738,99843,79,128863
28431,0.008442,172.31.40.0-255,66,99909,79,128863
28432,0.010753,74.125.24.0-255,5738,105647,79,128863
28433,0.010761,172.31.40.0-255,66,105713,79,128863
28434,0.013062,74.125.24.0-255,5738,111451,79,128863
28435,0.013068,172.31.40.0-255,66,111517,79,128863
28436,0.015358,74.125.24.0-255,5738,117255,79,128863
28437,0.015367,172.31.40.0-255,66,117321,79,128863
28438,0.017677,74.125.24.0-255,5738,123059,79,128863
28439,0.017684,172.31.40.0-255,66,123125,79,128863
28440,0.019997,74.125.24.0-255,5738,128863,79,128863
28441,0.0,172.253.118.0-255,153,153,79,115816
28442,2.2e-05,172.31.40.0-255,66,219,79,115816
28443,2.9e-05,172.253.118.0-255,1484,1703,79,115816
28444,3.3e-05,172.31.40.0-255,66,1769,79,115816
28445,3.8e-05,172.253.118.0-255,2902,4671,79,115816
28446,4.1e-05,172.31.40.0-255,66,4737,79,115816
28447,5.4e-05,172.253.118.0-255,7156,11893,79,115816
28448,5.7e-05,172.31.40.0-255,66,11959,79,115816
28449,6e-05,172.253.118.0-255,2033,13992,79,115816
28450,6.3e-05,172.31.40.0-255,66,14058,79,115816
28451,0.000138,172.253.118.0-255,1484,15542,79,115816
28452,0.000141,172.31.40.0-255,66,15608,79,115816
28453,0.000169,172.253.118.0-255,2902,18510,79,115816
28454,0.000172,172.31.40.0-255,66,18576,79,115816
28455,0.0002,172.253.118.0-255,5738,24314,79,115816
28456,0.000203,172.31.40.0-255,66,24380,79,115816
28457,0.000208,172.253.118.0-255,4320,28700,79,115816
28458,0.000209,172.31.40.0-255,66,28766,79,115816
28459,0.000228,172.253.118.0-255,2543,31309,79,115816
28460,0.00023,172.31.40.0-255,66,31375,79,115816
28461,0.000328,172.253.118.0-255,1484,32859,79,115816
28462,0.000332,172.31.40.0-255,66,32925,79,115816
28463,0.000358,172.253.118.0-255,2902,35827,79,115816
28464,0.000361,172.31.40.0-255,66,35893,79,115816
28465,0.000366,172.253.118.0-255,5738,41631,79,115816
28466,0.000368,172.31.40.0-255,66,41697,79,115816
28467,0.000391,172.253.118.0-255,1484,43181,79,115816
28468,0.000393,172.31.40.0-255,66,43247,79,115816
28469,0.000428,172.31.40.0-255,66,43313,79,115816
28470,0.000434,172.253.118.0-255,7156,50469,79,115816
28471,0.000436,172.31.40.0-255,66,50535,79,115816
28472,0.000459,172.253.118.0-255,2822,53357,79,115816
28473,0.000461,172.31.40.0-255,66,53423,79,115816
28474,0.000924,172.253.118.0-255,131,53554,79,115816
28475,0.000966,172.31.40.0-255,66,53620,79,115816
28476,0.001158,172.253.118.0-255,1484,55104,79,115816
28477,0.001167,172.253.118.0-255,2902,58006,79,115816
28478,0.00117,172.31.40.0-255,66,58072,79,115816
28479,0.001177,172.253.118.0-255,5738,63810,79,115816
28480,0.001179,172.31.40.0-255,66,63876,79,115816
28481,0.001227,172.253.118.0-255,2902,66778,79,115816
28482,0.001231,172.31.40.0-255,66,66844,79,115816
28483,0.001255,172.31.40.0-255,66,66910,79,115816
28484,0.001277,172.253.118.0-255,1484,68394,79,115816
28485,0.001303,172.31.40.0-255,66,68460,79,115816
28486,0.003623,172.253.118.0-255,5738,74198,79,115816
28487,0.00363,172.31.40.0-255,66,74264,79,115816
28488,0.005949,172.253.118.0-255,2902,77166,79,115816
28489,0.005952,172.31.40.0-255,66,77232,79,115816
28490,0.005977,172.253.118.0-255,2902,80134,79,115816
28491,0.005979,172.31.40.0-255,66,80200,79,115816
28492,0.008262,172.253.118.0-255,2902,83102,79,115816
28493,0.008269,172.31.40.0-255,66,83168,79,115816
28494,0.008305,172.253.118.0-255,2902,86070,79,115816
28495,0.008308,172.31.40.0-255,66,86136,79,115816
28496,0.010587,172.253.118.0-255,2902,89038,79,115816
28497,0.010594,172.31.40.0-255,66,89104,79,115816
28498,0.010623,172.253.118.0-255,2902,92006,79,115816
28499,0.010626,172.31.40.0-255,66,92072,79,115816
28500,0.012918,172.253.118.0-255,2902,94974,79,115816
28501,0.012925,172.31.40.0-255,66,95040,79,115816
28502,0.012958,172.253.118.0-255,2902,97942,79,115816
28503,0.01296,172.31.40.0-255,66,98008,79,115816
28504,0.015293,172.253.118.0-255,2902,100910,79,115816
28505,0.015302,172.31.40.0-255,66,100976,79,115816
28506,0.015328,172.253.118.0-255,2902,103878,79,115816
28507,0.015331,172.31.40.0-255,66,103944,79,115816
28508,0.01761,172.253.118.0-255,2902,106846,79,115816
28509,0.017619,172.31.40.0-255,66,106912,79,115816
28510,0.017658,172.253.118.0-255,2902,109814,79,115816
28511,0.017661,172.31.40.0-255,66,109880,79,115816
28512,0.019945,172.253.118.0-255,2902,112782,79,115816
28513,0.019954,172.31.40.0-255,66,112848,79,115816
28514,0.019981,172.253.118.0-255,2902,115750,79,115816
28515,0.019984,172.31.40.0-255,66,115816,79,115816
28516,0.0,172.217.194.0-255,156,156,79,181921
28517,2e-05,172.31.40.0-255,66,222,79,181921
28518,2.7e-05,172.217.194.0-255,1484,1706,79,181921
28519,3.2e-05,172.31.40.0-255,66,1772,79,181921
28520,3.8e-05,172.217.194.0-255,2902,4674,79,181921
28521,4.2e-05,172.31.40.0-255,66,4740,79,181921
28522,5.7e-05,172.217.194.0-255,7156,11896,79,181921
28523,6e-05,172.31.40.0-255,66,11962,79,181921
28524,6.4e-05,172.217.194.0-255,2100,14062,79,181921
28525,6.8e-05,172.31.40.0-255,66,14128,79,181921
28526,0.000131,172.217.194.0-255,1484,15612,79,181921
28527,0.000134,172.31.40.0-255,66,15678,79,181921
28528,0.000138,172.217.194.0-255,1484,17162,79,181921
28529,0.00014,172.31.40.0-255,66,17228,79,181921
28530,0.000165,172.217.194.0-255,1484,18712,79,181921
28531,0.000171,172.31.40.0-255,66,18778,79,181921
28532,0.000178,172.217.194.0-255,5738,24516,79,181921
28533,0.000181,172.31.40.0-255,66,24582,79,181921
28534,0.00023,172.217.194.0-255,6797,31379,79,181921
28535,0.000232,172.31.40.0-255,66,31445,79,181921
28536,0.000237,172.217.194.0-255,4320,35765,79,181921
28537,0.00024,172.31.40.0-255,66,35831,79,181921
28538,0.000261,172.217.194.0-255,2902,38733,79,181921
28539,0.000264,172.31.40.0-255,66,38799,79,181921
28540,0.000277,172.31.40.0-255,66,38865,79,181921
28541,0.000316,172.217.194.0-255,4320,43185,79,181921
28542,0.000318,172.31.40.0-255,66,43251,79,181921
28543,0.000362,172.31.40.0-255,66,43317,79,181921
28544,0.000364,172.217.194.0-255,366,43683,79,181921
28545,0.000366,172.31.40.0-255,66,43749,79,181921
28546,0.000476,172.217.194.0-255,1484,45233,79,181921
28547,0.000493,172.217.194.0-255,2902,48135,79,181921
28548,0.000496,172.31.40.0-255,66,48201,79,181921
28549,0.000531,172.217.194.0-255,5738,53939,79,181921
28550,0.000534,172.31.40.0-255,66,54005,79,181921
28551,0.000542,172.217.194.0-255,7156,61161,79,181921
28552,0.000544,172.31.40.0-255,66,61227,79,181921
28553,0.00056,172.217.194.0-255,2902,64129,79,181921
28554,0.000563,172.31.40.0-255,66,64195,79,181921
28555,0.000573,172.217.194.0-255,5738,69933,79,181921
28556,0.000575,172.31.40.0-255,66,69999,79,181921
28557,0.000624,172.31.40.0-255,66,70065,79,181921
28558,0.000639,172.31.40.0-255,66,70131,79,181921
28559,0.000641,172.217.194.0-255,1484,71615,79,181921
28560,0.000647,172.217.194.0-255,2902,74517,79,181921
28561,0.000649,172.31.40.0-255,66,74583,79,181921
28562,0.000687,172.31.40.0-255,66,74649,79,181921
28563,0.00073,172.217.194.0-255,5738,80387,79,181921
28564,0.000733,172.31.40.0-255,66,80453,79,181921
28565,0.000763,172.31.40.0-255,66,80519,79,181921
28566,0.000766,172.217.194.0-255,1484,82003,79,181921
28567,0.00081,172.31.40.0-255,66,82069,79,181921
28568,0.001029,172.217.194.0-255,1484,83553,79,181921
28569,0.001041,172.217.194.0-255,1484,85037,79,181921
28570,0.001045,172.31.40.0-255,66,85103,79,181921
28571,0.001059,172.217.194.0-255,1484,86587,79,181921
28572,0.00107,172.217.194.0-255,5738,92325,79,181921
28573,0.001073,172.31.40.0-255,66,92391,79,181921
28574,0.001088,172.31.40.0-255,66,92457,79,181921
28575,0.001092,172.217.194.0-255,2902,95359,79,181921
28576,0.001095,172.31.40.0-255,66,95425,79,181921
28577,0.001131,172.31.40.0-255,66,95491,79,181921
28578,0.00116,172.217.194.0-255,1484,96975,79,181921
28579,0.001165,172.217.194.0-255,2902,99877,79,181921
28580,0.001168,172.31.40.0-255,66,99943,79,181921
28581,0.001206,172.217.194.0-255,1484,101427,79,181921
28582,0.001231,172.217.194.0-255,4320,105747,79,181921
28583,0.001234,172.31.40.0-255,66,105813,79,181921
28584,0.00124,172.217.194.0-255,5738,111551,79,181921
28585,0.001243,172.31.40.0-255,66,111617,79,181921
28586,0.001257,172.31.40.0-255,66,111683,79,181921
28587,0.001263,172.217.194.0-255,5020,116703,79,181921
28588,0.001265,172.31.40.0-255,66,116769,79,181921
28589,0.001301,172.217.194.0-255,5738,122507,79,181921
28590,0.001304,172.31.40.0-255,66,122573,79,181921
28591,0.00131,172.217.194.0-255,5738,128311,79,181921
28592,0.001313,172.31.40.0-255,66,128377,79,181921
28593,0.001316,172.217.194.0-255,1484,129861,79,181921
28594,0.001366,172.31.40.0-255,66,129927,79,181921
28595,0.001433,172.31.40.0-255,66,129993,79,181921
28596,0.001461,172.217.194.0-255,1484,131477,79,181921
28597,0.001466,172.217.194.0-255,1484,132961,79,181921
28598,0.001479,172.217.194.0-255,1484,134445,79,181921
28599,0.001491,172.217.194.0-255,1484,135929,79,181921
28600,0.001508,172.217.194.0-255,4320,140249,79,181921
28601,0.001543,172.31.40.0-255,66,140315,79,181921
28602,0.001565,172.31.40.0-255,66,140381,79,181921
28603,0.001573,172.217.194.0-255,7156,147537,79,181921
28604,0.001594,172.217.194.0-255,5738,153275,79,181921
28605,0.001608,172.217.194.0-255,4320,157595,79,181921
28606,0.001637,172.217.194.0-255,2902,160497,79,181921
28607,0.001643,172.31.40.0-255,66,160563,79,181921
28608,0.001688,172.217.194.0-255,2184,162747,79,181921
28609,0.001718,172.217.194.0-255,4320,167067,79,181921
28610,0.001722,172.217.194.0-255,3602,170669,79,181921
28611,0.00173,172.31.40.0-255,66,170735,79,181921
28612,0.001736,172.217.194.0-255,5738,176473,79,181921
28613,0.001742,172.31.40.0-255,66,176539,79,181921
28614,0.001834,172.217.194.0-255,2902,179441,79,181921
28615,0.001837,172.217.194.0-255,1484,180925,79,181921
28616,0.001857,172.217.194.0-255,105,181030,79,181921
28617,0.001859,172.217.194.0-255,129,181159,79,181921
28618,0.001867,172.31.40.0-255,66,181225,79,181921
28619,0.013209,172.31.40.0-255,105,181330,79,181921
28620,0.013255,172.31.40.0-255,105,181435,79,181921
28621,0.013483,172.31.40.0-255,90,181525,79,181921
28622,0.013493,172.31.40.0-255,66,181591,79,181921
28623,0.015769,172.217.194.0-255,66,181657,79,181921
28624,0.015796,172.217.194.0-255,66,181723,79,181921
28625,0.015997,172.217.194.0-255,66,181789,79,181921
28626,0.016098,172.217.194.0-255,66,181855,79,181921
28627,0.016107,172.31.40.0-255,66,181921,79,181921
28628,0.0,172.217.194.0-255,150,150,79,171387
28629,1.7e-05,172.31.40.0-255,66,216,79,171387
28630,2.5e-05,172.217.194.0-255,1484,1700,79,171387
28631,2.9e-05,172.31.40.0-255,66,1766,79,171387
28632,3.6e-05,172.217.194.0-255,2902,4668,79,171387
28633,4e-05,172.31.40.0-255,66,4734,79,171387
28634,4.3e-05,172.217.194.0-255,1484,6218,79,171387
28635,4.5e-05,172.31.40.0-255,66,6284,79,171387
28636,6.6e-05,172.217.194.0-255,5738,12022,79,171387
28637,6.9e-05,172.31.40.0-255,66,12088,79,171387
28638,7.3e-05,172.217.194.0-255,2011,14099,79,171387
28639,7.5e-05,172.31.40.0-255,66,14165,79,171387
28640,0.000118,172.217.194.0-255,2902,17067,79,171387
28641,0.000121,172.31.40.0-255,66,17133,79,171387
28642,0.000134,172.217.194.0-255,2902,20035,79,171387
28643,0.000137,172.31.40.0-255,66,20101,79,171387
28644,0.000153,172.217.194.0-255,1484,21585,79,171387
28645,0.000155,172.31.40.0-255,66,21651,79,171387
28646,0.000162,172.217.194.0-255,5738,27389,79,171387
28647,0.000164,172.31.40.0-255,66,27455,79,171387
28648,0.000188,172.217.194.0-255,2902,30357,79,171387
28649,0.00019,172.31.40.0-255,66,30423,79,171387
28650,0.000193,172.217.194.0-255,1125,31548,79,171387
28651,0.000196,172.31.40.0-255,66,31614,79,171387
28652,0.000222,172.217.194.0-255,7156,38770,79,171387
28653,0.000225,172.31.40.0-255,66,38836,79,171387
28654,0.000249,172.217.194.0-255,4320,43156,79,171387
28655,0.000251,172.31.40.0-255,66,43222,79,171387
28656,0.000254,172.217.194.0-255,1484,44706,79,171387
28657,0.000256,172.31.40.0-255,66,44772,79,171387
28658,0.000284,172.217.194.0-255,3961,48733,79,171387
28659,0.000287,172.31.40.0-255,66,48799,79,171387
28660,0.00039,172.217.194.0-255,1484,50283,79,171387
28661,0.000406,172.217.194.0-255,2902,53185,79,171387
28662,0.000409,172.31.40.0-255,66,53251,79,171387
28663,0.000426,172.217.194.0-255,1484,54735,79,171387
28664,0.000444,172.217.194.0-255,4320,59055,79,171387
28665,0.000447,172.31.40.0-255,66,59121,79,171387
28666,0.000455,172.217.194.0-255,6797,65918,79,171387
28667,0.000457,172.31.40.0-255,66,65984,79,171387
28668,0.00046,172.217.194.0-255,378,66362,79,171387
28669,0.00076,172.217.194.0-255,365,66727,79,171387
28670,0.000824,172.217.194.0-255,1484,68211,79,171387
28671,0.000828,172.31.40.0-255,66,68277,79,171387
28672,0.000873,172.217.194.0-255,1484,69761,79,171387
28673,0.0009,172.217.194.0-255,2902,72663,79,171387
28674,0.000903,172.31.40.0-255,66,72729,79,171387
28675,0.000923,172.217.194.0-255,1484,74213,79,171387
28676,0.000931,172.217.194.0-255,7156,81369,79,171387
28677,0.000934,172.31.40.0-255,66,81435,79,171387
28678,0.000949,172.217.194.0-255,2902,84337,79,171387
28679,0.000951,172.31.40.0-255,66,84403,79,171387
28680,0.000984,172.31.40.0-255,66,84469,79,171387
28681,0.001019,172.217.194.0-255,6438,90907,79,171387
28682,0.001022,172.31.40.0-255,66,90973,79,171387
28683,0.001352,172.217.194.0-255,1484,92457,79,171387
28684,0.001359,172.217.194.0-255,2902,95359,79,171387
28685,0.001362,172.31.40.0-255,66,95425,79,171387
28686,0.001384,172.217.194.0-255,5738,101163,79,171387
28687,0.001387,172.31.40.0-255,66,101229,79,171387
28688,0.001437,172.31.40.0-255,66,101295,79,171387
28689,0.001456,172.217.194.0-255,5738,107033,79,171387
28690,0.001458,172.31.40.0-255,66,107099,79,171387
28691,0.001486,172.217.194.0-255,6438,113537,79,171387
28692,0.001488,172.31.40.0-255,66,113603,79,171387
28693,0.001858,172.217.194.0-255,1484,115087,79,171387
28694,0.001864,172.217.194.0-255,2902,117989,79,171387
28695,0.001867,172.31.40.0-255,66,118055,79,171387
28696,0.001874,172.217.194.0-255,4320,122375,79,171387
28697,0.001875,172.31.40.0-255,66,122441,79,171387
28698,0.001887,172.217.194.0-255,1484,123925,79,171387
28699,0.001899,172.217.194.0-255,2902,126827,79,171387
28700,0.001901,172.31.40.0-255,66,126893,79,171387
28701,0.001919,172.31.40.0-255,66,126959,79,171387
28702,0.001937,172.217.194.0-255,1484,128443,79,171387
28703,0.001946,172.31.40.0-255,66,128509,79,171387
28704,0.001963,172.217.194.0-255,2184,130693,79,171387
28705,0.001965,172.31.40.0-255,66,130759,79,171387
28706,0.004277,172.217.194.0-255,5738,136497,79,171387
28707,0.004284,172.31.40.0-255,66,136563,79,171387
28708,0.006597,172.217.194.0-255,5738,142301,79,171387
28709,0.006603,172.31.40.0-255,66,142367,79,171387
28710,0.008907,172.217.194.0-255,5738,148105,79,171387
28711,0.008913,172.31.40.0-255,66,148171,79,171387
28712,0.011255,172.217.194.0-255,5738,153909,79,171387
28713,0.011263,172.31.40.0-255,66,153975,79,171387
28714,0.013581,172.217.194.0-255,5738,159713,79,171387
28715,0.01359,172.31.40.0-255,66,159779,79,171387
28716,0.015906,172.217.194.0-255,5738,165517,79,171387
28717,0.015915,172.31.40.0-255,66,165583,79,171387
28718,0.01828,172.217.194.0-255,5738,171321,79,171387
28719,0.01829,172.31.40.0-255,66,171387,79,171387
28720,0.0,74.125.200.0-255,297,297,79,247224
28721,2.3e-05,172.31.40.0-255,66,363,79,247224
28722,3.1e-05,74.125.200.0-255,1484,1847,79,247224
28723,3.6e-05,172.31.40.0-255,66,1913,79,247224
28724,4.3e-05,74.125.200.0-255,4320,6233,79,247224
28725,5.4e-05,172.31.40.0-255,66,6299,79,247224
28726,7.1e-05,74.125.200.0-255,1484,7783,79,247224
28727,7.4e-05,172.31.40.0-255,66,7849,79,247224
28728,0.000106,74.125.200.0-255,6104,13953,79,247224
28729,0.000109,172.31.40.0-255,66,14019,79,247224
28730,0.000277,74.125.200.0-255,1484,15503,79,247224
28731,0.000282,172.31.40.0-255,66,15569,79,247224
28732,0.000287,74.125.200.0-255,2902,18471,79,247224
28733,0.00029,172.31.40.0-255,66,18537,79,247224
28734,0.000314,74.125.200.0-255,5738,24275,79,247224
28735,0.000317,172.31.40.0-255,66,24341,79,247224
28736,0.00035,74.125.200.0-255,6797,31138,79,247224
28737,0.000353,172.31.40.0-255,66,31204,79,247224
28738,0.000434,74.125.200.0-255,1484,32688,79,247224
28739,0.000439,172.31.40.0-255,66,32754,79,247224
28740,0.000464,74.125.200.0-255,2902,35656,79,247224
28741,0.000467,172.31.40.0-255,66,35722,79,247224
28742,0.000491,74.125.200.0-255,1484,37206,79,247224
28743,0.000494,172.31.40.0-255,66,37272,79,247224
28744,0.000499,74.125.200.0-255,2902,40174,79,247224
28745,0.000501,172.31.40.0-255,66,40240,79,247224
28746,0.000504,74.125.200.0-255,1484,41724,79,247224
28747,0.000507,172.31.40.0-255,66,41790,79,247224
28748,0.000537,74.125.200.0-255,4320,46110,79,247224
28749,0.00054,172.31.40.0-255,66,46176,79,247224
28750,0.000544,74.125.200.0-255,2543,48719,79,247224
28751,0.000547,172.31.40.0-255,66,48785,79,247224
28752,0.00057,74.125.200.0-255,2902,51687,79,247224
28753,0.000572,172.31.40.0-255,66,51753,79,247224
28754,0.000585,74.125.200.0-255,2902,54655,79,247224
28755,0.000587,172.31.40.0-255,66,54721,79,247224
28756,0.000618,74.125.200.0-255,4320,59041,79,247224
28757,0.000622,172.31.40.0-255,66,59107,79,247224
28758,0.000629,74.125.200.0-255,6797,65904,79,247224
28759,0.000631,172.31.40.0-255,66,65970,79,247224
28760,0.000634,74.125.200.0-255,393,66363,79,247224
28761,0.000672,74.125.200.0-255,350,66713,79,247224
28762,0.000775,74.125.200.0-255,1484,68197,79,247224
28763,0.000779,172.31.40.0-255,66,68263,79,247224
28764,0.000785,74.125.200.0-255,2902,71165,79,247224
28765,0.000787,172.31.40.0-255,66,71231,79,247224
28766,0.000823,74.125.200.0-255,5738,76969,79,247224
28767,0.000826,172.31.40.0-255,66,77035,79,247224
28768,0.000833,74.125.200.0-255,5738,82773,79,247224
28769,0.000835,172.31.40.0-255,66,82839,79,247224
28770,0.000849,74.125.200.0-255,4320,87159,79,247224
28771,0.000851,172.31.40.0-255,66,87225,79,247224
28772,0.000854,74.125.200.0-255,1484,88709,79,247224
28773,0.000884,74.125.200.0-255,2184,90893,79,247224
28774,0.00089,172.31.40.0-255,66,90959,79,247224
28775,0.000904,172.31.40.0-255,66,91025,79,247224
28776,0.001276,74.125.200.0-255,1484,92509,79,247224
28777,0.001303,74.125.200.0-255,1484,93993,79,247224
28778,0.001307,172.31.40.0-255,66,94059,79,247224
28779,0.001335,74.125.200.0-255,1484,95543,79,247224
28780,0.001341,74.125.200.0-255,5738,101281,79,247224
28781,0.001355,172.31.40.0-255,66,101347,79,247224
28782,0.001358,172.31.40.0-255,66,101413,79,247224
28783,0.001381,74.125.200.0-255,4320,105733,79,247224
28784,0.001384,172.31.40.0-255,66,105799,79,247224
28785,0.001389,74.125.200.0-255,2902,108701,79,247224
28786,0.001391,172.31.40.0-255,66,108767,79,247224
28787,0.001428,172.31.40.0-255,66,108833,79,247224
28788,0.001467,74.125.200.0-255,1484,110317,79,247224
28789,0.001483,74.125.200.0-255,2902,113219,79,247224
28790,0.001486,172.31.40.0-255,66,113285,79,247224
28791,0.001493,74.125.200.0-255,4320,117605,79,247224
28792,0.001495,172.31.40.0-255,66,117671,79,247224
28793,0.001535,172.31.40.0-255,66,117737,79,247224
28794,0.001546,172.31.40.0-255,66,117803,79,247224
28795,0.001591,74.125.200.0-255,2902,120705,79,247224
28796,0.001594,172.31.40.0-255,66,120771,79,247224
28797,0.001627,74.125.200.0-255,5020,125791,79,247224
28798,0.001629,172.31.40.0-255,66,125857,79,247224
28799,0.001652,74.125.200.0-255,1484,127341,79,247224
28800,0.001656,74.125.200.0-255,2902,130243,79,247224
28801,0.001661,172.31.40.0-255,66,130309,79,247224
28802,0.001674,74.125.200.0-255,4320,134629,79,247224
28803,0.001677,172.31.40.0-255,66,134695,79,247224
28804,0.001694,74.125.200.0-255,1484,136179,79,247224
28805,0.001698,74.125.200.0-255,2902,139081,79,247224
28806,0.0017,172.31.40.0-255,66,139147,79,247224
28807,0.001706,74.125.200.0-255,4320,143467,79,247224
28808,0.001708,172.31.40.0-255,66,143533,79,247224
28809,0.001714,74.125.200.0-255,5738,149271,79,247224
28810,0.001717,172.31.40.0-255,66,149337,79,247224
28811,0.00175,74.125.200.0-255,2902,152239,79,247224
28812,0.001753,172.31.40.0-255,66,152305,79,247224
28813,0.001764,172.31.40.0-255,66,152371,79,247224
28814,0.001851,74.125.200.0-255,1484,153855,79,247224
28815,0.001856,74.125.200.0-255,1484,155339,79,247224
28816,0.001859,172.31.40.0-255,66,155405,79,247224
28817,0.001881,74.125.200.0-255,1484,156889,79,247224
28818,0.001888,74.125.200.0-255,5738,162627,79,247224
28819,0.001891,172.31.40.0-255,66,162693,79,247224
28820,0.001898,74.125.200.0-255,5738,168431,79,247224
28821,0.001901,172.31.40.0-255,66,168497,79,247224
28822,0.001906,74.125.200.0-255,4320,172817,79,247224
28823,0.001909,172.31.40.0-255,66,172883,79,247224
28824,0.001933,74.125.200.0-255,2902,175785,79,247224
28825,0.001935,172.31.40.0-255,66,175851,79,247224
28826,0.001941,74.125.200.0-255,4320,180171,79,247224
28827,0.001944,172.31.40.0-255,66,180237,79,247224
28828,0.001979,74.125.200.0-255,6438,186675,79,247224
28829,0.001991,74.125.200.0-255,1484,188159,79,247224
28830,0.002002,172.31.40.0-255,66,188225,79,247224
28831,0.002005,172.31.40.0-255,66,188291,79,247224
28832,0.002022,74.125.200.0-255,4320,192611,79,247224
28833,0.002025,172.31.40.0-255,66,192677,79,247224
28834,0.002032,74.125.200.0-255,7156,199833,79,247224
28835,0.002035,172.31.40.0-255,66,199899,79,247224
28836,0.002037,74.125.200.0-255,1484,201383,79,247224
28837,0.002259,172.31.40.0-255,101,201484,79,247224
28838,0.004016,74.125.200.0-255,4320,205804,79,247224
28839,0.004023,172.31.40.0-255,66,205870,79,247224
28840,0.00423,74.125.200.0-255,1484,207354,79,247224
28841,0.006023,74.125.200.0-255,4320,211674,79,247224
28842,0.006026,172.31.40.0-255,66,211740,79,247224
28843,0.008017,74.125.200.0-255,5738,217478,79,247224
28844,0.008024,172.31.40.0-255,66,217544,79,247224
28845,0.010029,74.125.200.0-255,2902,220446,79,247224
28846,0.010036,172.31.40.0-255,66,220512,79,247224
28847,0.010065,74.125.200.0-255,2902,223414,79,247224
28848,0.010069,172.31.40.0-255,66,223480,79,247224
28849,0.012073,74.125.200.0-255,2902,226382,79,247224
28850,0.012086,172.31.40.0-255,66,226448,79,247224
28851,0.012118,74.125.200.0-255,2902,229350,79,247224
28852,0.012121,172.31.40.0-255,66,229416,79,247224
28853,0.014086,74.125.200.0-255,2902,232318,79,247224
28854,0.014098,172.31.40.0-255,66,232384,79,247224
28855,0.014132,74.125.200.0-255,2902,235286,79,247224
28856,0.014135,172.31.40.0-255,66,235352,79,247224
28857,0.016084,74.125.200.0-255,2902,238254,79,247224
28858,0.016094,172.31.40.0-255,66,238320,79,247224
28859,0.016146,74.125.200.0-255,2902,241222,79,247224
28860,0.01615,172.31.40.0-255,66,241288,79,247224
28861,0.018104,74.125.200.0-255,2902,244190,79,247224
28862,0.018113,172.31.40.0-255,66,244256,79,247224
28863,0.018144,74.125.200.0-255,2902,247158,79,247224
28864,0.018149,172.31.40.0-255,66,247224,79,247224
28865,0.0,74.125.24.0-255,153,153,79,142342
28866,1.9e-05,172.31.40.0-255,66,219,79,142342
28867,2.7e-05,74.125.24.0-255,1484,1703,79,142342
28868,3.1e-05,172.31.40.0-255,66,1769,79,142342
28869,3.6e-05,74.125.24.0-255,2902,4671,79,142342
28870,4.8e-05,172.31.40.0-255,66,4737,79,142342
28871,5.7e-05,74.125.24.0-255,7156,11893,79,142342
28872,6e-05,172.31.40.0-255,66,11959,79,142342
28873,6.5e-05,74.125.24.0-255,4320,16279,79,142342
28874,6.8e-05,172.31.40.0-255,66,16345,79,142342
28875,0.000117,172.31.40.0-255,66,16411,79,142342
28876,0.000122,74.125.24.0-255,3961,20372,79,142342
28877,0.000124,172.31.40.0-255,66,20438,79,142342
28878,0.000174,74.125.24.0-255,1484,21922,79,142342
28879,0.000177,172.31.40.0-255,66,21988,79,142342
28880,0.000182,74.125.24.0-255,2902,24890,79,142342
28881,0.000184,172.31.40.0-255,66,24956,79,142342
28882,0.000223,74.125.24.0-255,5738,30694,79,142342
28883,0.000226,172.31.40.0-255,66,30760,79,142342
28884,0.000232,74.125.24.0-255,5738,36498,79,142342
28885,0.000234,172.31.40.0-255,66,36564,79,142342
28886,0.000262,74.125.24.0-255,1125,37689,79,142342
28887,0.000264,172.31.40.0-255,66,37755,79,142342
28888,0.000579,74.125.24.0-255,1484,39239,79,142342
28889,0.000585,172.31.40.0-255,66,39305,79,142342
28890,0.000592,74.125.24.0-255,2902,42207,79,142342
28891,0.000594,172.31.40.0-255,66,42273,79,142342
28892,0.000598,74.125.24.0-255,2902,45175,79,142342
28893,0.000601,172.31.40.0-255,66,45241,79,142342
28894,0.000625,74.125.24.0-255,2902,48143,79,142342
28895,0.000632,172.31.40.0-255,66,48209,79,142342
28896,0.000639,74.125.24.0-255,6797,55006,79,142342
28897,0.000642,172.31.40.0-255,66,55072,79,142342
28898,0.000679,172.31.40.0-255,66,55138,79,142342
28899,0.000725,172.31.40.0-255,66,55204,79,142342
28900,0.001387,74.125.24.0-255,1484,56688,79,142342
28901,0.001397,74.125.24.0-255,2902,59590,79,142342
28902,0.0014,172.31.40.0-255,66,59656,79,142342
28903,0.001406,74.125.24.0-255,2902,62558,79,142342
28904,0.001409,172.31.40.0-255,66,62624,79,142342
28905,0.001441,74.125.24.0-255,2902,65526,79,142342
28906,0.001444,172.31.40.0-255,66,65592,79,142342
28907,0.001448,74.125.24.0-255,2902,68494,79,142342
28908,0.00145,172.31.40.0-255,66,68560,79,142342
28909,0.001481,172.31.40.0-255,66,68626,79,142342
28910,0.001485,74.125.24.0-255,2902,71528,79,142342
28911,0.001487,172.31.40.0-255,66,71594,79,142342
28912,0.00153,74.125.24.0-255,7156,78750,79,142342
28913,0.001532,172.31.40.0-255,66,78816,79,142342
28914,0.001556,74.125.24.0-255,766,79582,79,142342
28915,0.001911,74.125.24.0-255,1484,81066,79,142342
28916,0.001916,172.31.40.0-255,66,81132,79,142342
28917,0.001923,74.125.24.0-255,2902,84034,79,142342
28918,0.001925,172.31.40.0-255,66,84100,79,142342
28919,0.001932,74.125.24.0-255,5738,89838,79,142342
28920,0.001939,172.31.40.0-255,66,89904,79,142342
28921,0.001947,74.125.24.0-255,5773,95677,79,142342
28922,0.001963,172.31.40.0-255,66,95743,79,142342
28923,0.004002,74.125.24.0-255,5738,101481,79,142342
28924,0.004009,172.31.40.0-255,66,101547,79,142342
28925,0.006046,74.125.24.0-255,5738,107285,79,142342
28926,0.006053,172.31.40.0-255,66,107351,79,142342
28927,0.006997,172.31.40.0-255,101,107452,79,142342
28928,0.008072,74.125.24.0-255,5738,113190,79,142342
28929,0.008079,172.31.40.0-255,66,113256,79,142342
28930,0.008973,74.125.24.0-255,66,113322,79,142342
28931,0.010124,74.125.24.0-255,5738,119060,79,142342
28932,0.010132,172.31.40.0-255,66,119126,79,142342
28933,0.012148,74.125.24.0-255,5738,124864,79,142342
28934,0.012157,172.31.40.0-255,66,124930,79,142342
28935,0.014189,74.125.24.0-255,5738,130668,79,142342
28936,0.014196,172.31.40.0-255,66,130734,79,142342
28937,0.016229,74.125.24.0-255,5738,136472,79,142342
28938,0.016238,172.31.40.0-255,66,136538,79,142342
28939,0.018246,74.125.24.0-255,5738,142276,79,142342
28940,0.018252,172.31.40.0-255,66,142342,79,142342
28941,0.0,172.217.194.0-255,146,146,79,225574
28942,2.5e-05,172.31.40.0-255,66,212,79,225574
28943,3.2e-05,172.217.194.0-255,1484,1696,79,225574
28944,3.7e-05,172.31.40.0-255,66,1762,79,225574
28945,4.4e-05,172.217.194.0-255,2902,4664,79,225574
28946,4.8e-05,172.31.40.0-255,66,4730,79,225574
28947,5.4e-05,172.217.194.0-255,4320,9050,79,225574
28948,5.8e-05,172.31.40.0-255,66,9116,79,225574
28949,8.6e-05,172.217.194.0-255,4906,14022,79,225574
28950,8.9e-05,172.31.40.0-255,66,14088,79,225574
28951,0.000145,172.217.194.0-255,1484,15572,79,225574
28952,0.000147,172.31.40.0-255,66,15638,79,225574
28953,0.000164,172.217.194.0-255,2902,18540,79,225574
28954,0.000166,172.31.40.0-255,66,18606,79,225574
28955,0.000194,172.217.194.0-255,5738,24344,79,225574
28956,0.000196,172.31.40.0-255,66,24410,79,225574
28957,0.000202,172.217.194.0-255,5738,30148,79,225574
28958,0.000204,172.31.40.0-255,66,30214,79,225574
28959,0.000237,172.217.194.0-255,5738,35952,79,225574
28960,0.00024,172.31.40.0-255,66,36018,79,225574
28961,0.000269,172.31.40.0-255,66,36084,79,225574
28962,0.000274,172.217.194.0-255,3961,40045,79,225574
28963,0.000277,172.31.40.0-255,66,40111,79,225574
28964,0.000318,172.217.194.0-255,4320,44431,79,225574
28965,0.000321,172.31.40.0-255,66,44497,79,225574
28966,0.000351,172.31.40.0-255,66,44563,79,225574
28967,0.000354,172.217.194.0-255,677,45240,79,225574
28968,0.000356,172.31.40.0-255,66,45306,79,225574
28969,0.000599,172.217.194.0-255,1484,46790,79,225574
28970,0.000605,172.31.40.0-255,66,46856,79,225574
28971,0.000611,172.217.194.0-255,2902,49758,79,225574
28972,0.000622,172.31.40.0-255,66,49824,79,225574
28973,0.000634,172.217.194.0-255,5738,55562,79,225574
28974,0.000652,172.31.40.0-255,66,55628,79,225574
28975,0.000689,172.217.194.0-255,7156,62784,79,225574
28976,0.000704,172.31.40.0-255,66,62850,79,225574
28977,0.000712,172.217.194.0-255,5738,68588,79,225574
28978,0.000716,172.217.194.0-255,4320,72908,79,225574
28979,0.000721,172.31.40.0-255,66,72974,79,225574
28980,0.000734,172.217.194.0-255,6438,79412,79,225574
28981,0.000774,172.217.194.0-255,2902,82314,79,225574
28982,0.000778,172.31.40.0-255,66,82380,79,225574
28983,0.000799,172.217.194.0-255,2902,85282,79,225574
28984,0.000814,172.31.40.0-255,66,85348,79,225574
28985,0.000908,172.31.40.0-255,66,85414,79,225574
28986,0.000919,172.217.194.0-255,4320,89734,79,225574
28987,0.000925,172.217.194.0-255,3602,93336,79,225574
28988,0.000949,172.31.40.0-255,66,93402,79,225574
28989,0.000958,172.217.194.0-255,1484,94886,79,225574
28990,0.000988,172.217.194.0-255,2902,97788,79,225574
28991,0.001005,172.31.40.0-255,66,97854,79,225574
28992,0.001017,172.217.194.0-255,5738,103592,79,225574
28993,0.001023,172.217.194.0-255,5738,109330,79,225574
28994,0.001031,172.31.40.0-255,66,109396,79,225574
28995,0.001041,172.217.194.0-255,2902,112298,79,225574
28996,0.001067,172.217.194.0-255,766,113064,79,225574
28997,0.001086,172.31.40.0-255,66,113130,79,225574
28998,0.001102,172.217.194.0-255,4320,117450,79,225574
28999,0.001112,172.31.40.0-255,66,117516,79,225574
29000,0.001137,172.217.194.0-255,2902,120418,79,225574
29001,0.001158,172.217.194.0-255,1484,121902,79,225574
29002,0.001174,172.217.194.0-255,7156,129058,79,225574
29003,0.001181,172.31.40.0-255,66,129124,79,225574
29004,0.001207,172.217.194.0-255,766,129890,79,225574
29005,0.00121,172.217.194.0-255,1484,131374,79,225574
29006,0.001214,172.217.194.0-255,1484,132858,79,225574
29007,0.001225,172.217.194.0-255,2902,135760,79,225574
29008,0.001231,172.31.40.0-255,66,135826,79,225574
29009,0.00124,172.217.194.0-255,1484,137310,79,225574
29010,0.001269,172.217.194.0-255,5738,143048,79,225574
29011,0.001282,172.217.194.0-255,2902,145950,79,225574
29012,0.001296,172.31.40.0-255,66,146016,79,225574
29013,0.001308,172.217.194.0-255,4320,150336,79,225574
29014,0.001323,172.217.194.0-255,5020,155356,79,225574
29015,0.001351,172.217.194.0-255,1484,156840,79,225574
29016,0.001354,172.217.194.0-255,1484,158324,79,225574
29017,0.001366,172.31.40.0-255,66,158390,79,225574
29018,0.001398,172.31.40.0-255,66,158456,79,225574
29019,0.00142,172.217.194.0-255,7156,165612,79,225574
29020,0.001441,172.217.194.0-255,3602,169214,79,225574
29021,0.001459,172.31.40.0-255,66,169280,79,225574
29022,0.001733,172.217.194.0-255,1484,170764,79,225574
29023,0.001758,172.217.194.0-255,2902,173666,79,225574
29024,0.001765,172.217.194.0-255,5738,179404,79,225574
29025,0.001781,172.31.40.0-255,66,179470,79,225574
29026,0.001791,172.217.194.0-255,4320,183790,79,225574
29027,0.001804,172.217.194.0-255,2902,186692,79,225574
29028,0.001815,172.31.40.0-255,66,186758,79,225574
29029,0.001837,172.217.194.0-255,5738,192496,79,225574
29030,0.001841,172.217.194.0-255,2184,194680,79,225574
29031,0.001846,172.31.40.0-255,66,194746,79,225574
29032,0.001909,172.217.194.0-255,7156,201902,79,225574
29033,0.001929,172.217.194.0-255,1484,203386,79,225574
29034,0.001953,172.31.40.0-255,66,203452,79,225574
29035,0.001959,172.31.40.0-255,66,203518,79,225574
29036,0.001971,172.217.194.0-255,5020,208538,79,225574
29037,0.002001,172.31.40.0-255,66,208604,79,225574
29038,0.002012,172.217.194.0-255,2902,211506,79,225574
29039,0.002018,172.217.194.0-255,6438,217944,79,225574
29040,0.002023,172.31.40.0-255,66,218010,79,225574
29041,0.002046,172.217.194.0-255,7156,225166,79,225574
29042,0.002057,172.31.40.0-255,66,225232,79,225574
29043,0.002077,172.217.194.0-255,105,225337,79,225574
29044,0.002087,172.31.40.0-255,66,225403,79,225574
29045,0.013916,172.31.40.0-255,105,225508,79,225574
29046,0.016495,172.217.194.0-255,66,225574,79,225574
29047,0.0,74.125.24.0-255,150,150,79,123910
29048,2e-05,172.31.40.0-255,66,216,79,123910
29049,2.7e-05,74.125.24.0-255,1484,1700,79,123910
29050,3.2e-05,172.31.40.0-255,66,1766,79,123910
29051,4.4e-05,74.125.24.0-255,2902,4668,79,123910
29052,4.7e-05,172.31.40.0-255,66,4734,79,123910
29053,5.3e-05,74.125.24.0-255,4320,9054,79,123910
29054,5.6e-05,172.31.40.0-255,66,9120,79,123910
29055,7.7e-05,74.125.24.0-255,2902,12022,79,123910
29056,8.3e-05,172.31.40.0-255,66,12088,79,123910
29057,8.8e-05,74.125.24.0-255,1939,14027,79,123910
29058,9e-05,172.31.40.0-255,66,14093,79,123910
29059,0.000223,74.125.24.0-255,1484,15577,79,123910
29060,0.000227,172.31.40.0-255,66,15643,79,123910
29061,0.000232,74.125.24.0-255,2902,18545,79,123910
29062,0.000235,172.31.40.0-255,66,18611,79,123910
29063,0.000238,74.125.24.0-255,2902,21513,79,123910
29064,0.00024,172.31.40.0-255,66,21579,79,123910
29065,0.000256,74.125.24.0-255,2902,24481,79,123910
29066,0.000258,172.31.40.0-255,66,24547,79,123910
29067,0.000267,74.125.24.0-255,4320,28867,79,123910
29068,0.000269,172.31.40.0-255,66,28933,79,123910
29069,0.000294,74.125.24.0-255,2543,31476,79,123910
29070,0.000297,172.31.40.0-255,66,31542,79,123910
29071,0.000303,74.125.24.0-255,7156,38698,79,123910
29072,0.000306,172.31.40.0-255,66,38764,79,123910
29073,0.000311,74.125.24.0-255,5738,44502,79,123910
29074,0.000313,172.31.40.0-255,66,44568,79,123910
29075,0.000355,172.31.40.0-255,66,44634,79,123910
29076,0.000367,172.31.40.0-255,66,44700,79,123910
29077,0.000369,74.125.24.0-255,400,45100,79,123910
29078,0.000501,74.125.24.0-255,109,45209,79,123910
29079,0.000715,74.125.24.0-255,1484,46693,79,123910
29080,0.000719,172.31.40.0-255,66,46759,79,123910
29081,0.000724,74.125.24.0-255,2902,49661,79,123910
29082,0.000725,172.31.40.0-255,66,49727,79,123910
29083,0.000747,74.125.24.0-255,5738,55465,79,123910
29084,0.000752,172.31.40.0-255,66,55531,79,123910
29085,0.000806,172.31.40.0-255,66,55597,79,123910
29086,0.000833,74.125.24.0-255,2902,58499,79,123910
29087,0.000835,172.31.40.0-255,66,58565,79,123910
29088,0.000845,172.31.40.0-255,66,58631,79,123910
29089,0.000849,74.125.24.0-255,2449,61080,79,123910
29090,0.000851,172.31.40.0-255,66,61146,79,123910
29091,0.001743,74.125.24.0-255,1484,62630,79,123910
29092,0.001753,74.125.24.0-255,2902,65532,79,123910
29093,0.001757,172.31.40.0-255,66,65598,79,123910
29094,0.001764,74.125.24.0-255,4320,69918,79,123910
29095,0.001765,172.31.40.0-255,66,69984,79,123910
29096,0.001787,74.125.24.0-255,1484,71468,79,123910
29097,0.001799,172.31.40.0-255,66,71534,79,123910
29098,0.001836,74.125.24.0-255,5738,77272,79,123910
29099,0.001838,172.31.40.0-255,66,77338,79,123910
29100,0.001866,74.125.24.0-255,5020,82358,79,123910
29101,0.001868,172.31.40.0-255,66,82424,79,123910
29102,0.004163,74.125.24.0-255,1484,83908,79,123910
29103,0.004182,74.125.24.0-255,4320,88228,79,123910
29104,0.004185,172.31.40.0-255,66,88294,79,123910
29105,0.006509,74.125.24.0-255,2902,91196,79,123910
29106,0.006514,172.31.40.0-255,66,91262,79,123910
29107,0.006541,74.125.24.0-255,2902,94164,79,123910
29108,0.006543,172.31.40.0-255,66,94230,79,123910
29109,0.008824,74.125.24.0-255,2902,97132,79,123910
29110,0.008833,172.31.40.0-255,66,97198,79,123910
29111,0.008863,74.125.24.0-255,2902,100100,79,123910
29112,0.008865,172.31.40.0-255,66,100166,79,123910
29113,0.011143,74.125.24.0-255,2902,103068,79,123910
29114,0.011168,172.31.40.0-255,66,103134,79,123910
29115,0.011202,74.125.24.0-255,2902,106036,79,123910
29116,0.011205,172.31.40.0-255,66,106102,79,123910
29117,0.013495,74.125.24.0-255,2902,109004,79,123910
29118,0.013506,172.31.40.0-255,66,109070,79,123910
29119,0.013516,74.125.24.0-255,2902,111972,79,123910
29120,0.013525,172.31.40.0-255,66,112038,79,123910
29121,0.015779,74.125.24.0-255,2902,114940,79,123910
29122,0.015787,172.31.40.0-255,66,115006,79,123910
29123,0.015834,74.125.24.0-255,2902,117908,79,123910
29124,0.015836,172.31.40.0-255,66,117974,79,123910
29125,0.018137,74.125.24.0-255,2902,120876,79,123910
29126,0.018145,172.31.40.0-255,66,120942,79,123910
29127,0.018179,74.125.24.0-255,2902,123844,79,123910
29128,0.018181,172.31.40.0-255,66,123910,79,123910
29129,0.0,74.125.130.0-255,150,150,79,183210
29130,2.2e-05,172.31.40.0-255,66,216,79,183210
29131,3e-05,74.125.130.0-255,1484,1700,79,183210
29132,3.4e-05,172.31.40.0-255,66,1766,79,183210
29133,4e-05,74.125.130.0-255,2902,4668,79,183210
29134,5e-05,172.31.40.0-255,66,4734,79,183210
29135,8.7e-05,74.125.130.0-255,1484,6218,79,183210
29136,9e-05,172.31.40.0-255,66,6284,79,183210
29137,0.000139,74.125.130.0-255,2902,9186,79,183210
29138,0.000142,172.31.40.0-255,66,9252,79,183210
29139,0.000144,74.125.130.0-255,1484,10736,79,183210
29140,0.000146,172.31.40.0-255,66,10802,79,183210
29141,0.000151,74.125.130.0-255,2902,13704,79,183210
29142,0.000153,172.31.40.0-255,66,13770,79,183210
29143,0.00016,74.125.130.0-255,585,14355,79,183210
29144,0.000162,172.31.40.0-255,66,14421,79,183210
29145,0.000191,74.125.130.0-255,1484,15905,79,183210
29146,0.000197,172.31.40.0-255,66,15971,79,183210
29147,0.000203,74.125.130.0-255,4320,20291,79,183210
29148,0.000205,172.31.40.0-255,66,20357,79,183210
29149,0.000233,74.125.130.0-255,1484,21841,79,183210
29150,0.000235,172.31.40.0-255,66,21907,79,183210
29151,0.000262,74.125.130.0-255,2902,24809,79,183210
29152,0.000265,172.31.40.0-255,66,24875,79,183210
29153,0.000295,74.125.130.0-255,5738,30613,79,183210
29154,0.000298,172.31.40.0-255,66,30679,79,183210
29155,0.000326,74.125.130.0-255,1125,31804,79,183210
29156,0.000329,172.31.40.0-255,66,31870,79,183210
29157,0.000606,74.125.130.0-255,1484,33354,79,183210
29158,0.000611,172.31.40.0-255,66,33420,79,183210
29159,0.000616,74.125.130.0-255,1484,34904,79,183210
29160,0.000618,172.31.40.0-255,66,34970,79,183210
29161,0.00064,74.125.130.0-255,1484,36454,79,183210
29162,0.000651,74.125.130.0-255,4320,40774,79,183210
29163,0.000654,172.31.40.0-255,66,40840,79,183210
29164,0.000685,74.125.130.0-255,5738,46578,79,183210
29165,0.000688,172.31.40.0-255,66,46644,79,183210
29166,0.0007,74.125.130.0-255,1484,48128,79,183210
29167,0.000709,74.125.130.0-255,4320,52448,79,183210
29168,0.000711,172.31.40.0-255,66,52514,79,183210
29169,0.000739,74.125.130.0-255,4320,56834,79,183210
29170,0.000743,172.31.40.0-255,66,56900,79,183210
29171,0.000747,74.125.130.0-255,2902,59802,79,183210
29172,0.000749,172.31.40.0-255,66,59868,79,183210
29173,0.000754,74.125.130.0-255,4320,64188,79,183210
29174,0.000756,172.31.40.0-255,66,64254,79,183210
29175,0.00079,74.125.130.0-255,2184,66438,79,183210
29176,0.000793,172.31.40.0-255,66,66504,79,183210
29177,0.00084,74.125.130.0-255,379,66883,79,183210
29178,0.000853,74.125.130.0-255,99,66982,79,183210
29179,0.001015,74.125.130.0-255,1484,68466,79,183210
29180,0.001019,172.31.40.0-255,66,68532,79,183210
29181,0.001033,74.125.130.0-255,1484,70016,79,183210
29182,0.001059,74.125.130.0-255,2902,72918,79,183210
29183,0.001062,172.31.40.0-255,66,72984,79,183210
29184,0.001065,74.125.130.0-255,1484,74468,79,183210
29185,0.001098,74.125.130.0-255,4320,78788,79,183210
29186,0.001101,172.31.40.0-255,66,78854,79,183210
29187,0.001108,74.125.130.0-255,5738,84592,79,183210
29188,0.00111,172.31.40.0-255,66,84658,79,183210
29189,0.001128,74.125.130.0-255,1484,86142,79,183210
29190,0.001139,74.125.130.0-255,4320,90462,79,183210
29191,0.001141,172.31.40.0-255,66,90528,79,183210
29192,0.001169,74.125.130.0-255,5738,96266,79,183210
29193,0.001172,172.31.40.0-255,66,96332,79,183210
29194,0.0012,74.125.130.0-255,5020,101352,79,183210
29195,0.001203,172.31.40.0-255,66,101418,79,183210
29196,0.001662,74.125.130.0-255,1484,102902,79,183210
29197,0.001677,74.125.130.0-255,2902,105804,79,183210
29198,0.001681,172.31.40.0-255,66,105870,79,183210
29199,0.001715,74.125.130.0-255,4320,110190,79,183210
29200,0.001717,172.31.40.0-255,66,110256,79,183210
29201,0.001737,74.125.130.0-255,4320,114576,79,183210
29202,0.001739,172.31.40.0-255,66,114642,79,183210
29203,0.001766,74.125.130.0-255,5738,120380,79,183210
29204,0.001768,172.31.40.0-255,66,120446,79,183210
29205,0.001789,74.125.130.0-255,5738,126184,79,183210
29206,0.001792,172.31.40.0-255,66,126250,79,183210
29207,0.001818,74.125.130.0-255,7156,133406,79,183210
29208,0.00182,172.31.40.0-255,66,133472,79,183210
29209,0.00185,74.125.130.0-255,1484,134956,79,183210
29210,0.001879,74.125.130.0-255,766,135722,79,183210
29211,0.001882,172.31.40.0-255,66,135788,79,183210
29212,0.004064,74.125.130.0-255,2902,138690,79,183210
29213,0.00407,172.31.40.0-255,66,138756,79,183210
29214,0.004109,74.125.130.0-255,2902,141658,79,183210
29215,0.004111,172.31.40.0-255,66,141724,79,183210
29216,0.006299,74.125.130.0-255,2902,144626,79,183210
29217,0.006303,172.31.40.0-255,66,144692,79,183210
29218,0.006335,74.125.130.0-255,1484,146176,79,183210
29219,0.006346,74.125.130.0-255,1484,147660,79,183210
29220,0.006349,172.31.40.0-255,66,147726,79,183210
29221,0.008553,74.125.130.0-255,2902,150628,79,183210
29222,0.00856,172.31.40.0-255,66,150694,79,183210
29223,0.008593,74.125.130.0-255,2902,153596,79,183210
29224,0.008595,172.31.40.0-255,66,153662,79,183210
29225,0.010795,74.125.130.0-255,2902,156564,79,183210
29226,0.010803,172.31.40.0-255,66,156630,79,183210
29227,0.010824,74.125.130.0-255,2902,159532,79,183210
29228,0.010827,172.31.40.0-255,66,159598,79,183210
29229,0.013051,74.125.130.0-255,2902,162500,79,183210
29230,0.013059,172.31.40.0-255,66,162566,79,183210
29231,0.013089,74.125.130.0-255,2902,165468,79,183210
29232,0.013092,172.31.40.0-255,66,165534,79,183210
29233,0.015292,74.125.130.0-255,2902,168436,79,183210
29234,0.015299,172.31.40.0-255,66,168502,79,183210
29235,0.015331,74.125.130.0-255,2902,171404,79,183210
29236,0.015333,172.31.40.0-255,66,171470,79,183210
29237,0.017528,74.125.130.0-255,2902,174372,79,183210
29238,0.017535,172.31.40.0-255,66,174438,79,183210
29239,0.017568,74.125.130.0-255,2902,177340,79,183210
29240,0.01757,172.31.40.0-255,66,177406,79,183210
29241,0.019798,74.125.130.0-255,5738,183144,79,183210
29242,0.019807,172.31.40.0-255,66,183210,79,183210
29243,0.0,172.217.27.0-255,152,152,79,181908
29244,2.2e-05,172.31.40.0-255,66,218,79,181908
29245,2.9e-05,172.217.27.0-255,1484,1702,79,181908
29246,3.4e-05,172.31.40.0-255,66,1768,79,181908
29247,3.9e-05,172.217.27.0-255,2902,4670,79,181908
29248,4.3e-05,172.31.40.0-255,66,4736,79,181908
29249,5e-05,172.217.27.0-255,7156,11892,79,181908
29250,5.4e-05,172.31.40.0-255,66,11958,79,181908
29251,5.8e-05,172.217.27.0-255,2137,14095,79,181908
29252,6.1e-05,172.31.40.0-255,66,14161,79,181908
29253,6.4e-05,172.217.27.0-255,1484,15645,79,181908
29254,6.7e-05,172.31.40.0-255,66,15711,79,181908
29255,9.6e-05,172.217.27.0-255,1484,17195,79,181908
29256,9.9e-05,172.31.40.0-255,66,17261,79,181908
29257,0.000107,172.217.27.0-255,7156,24417,79,181908
29258,0.000109,172.31.40.0-255,66,24483,79,181908
29259,0.00014,172.217.27.0-255,6797,31280,79,181908
29260,0.000143,172.31.40.0-255,66,31346,79,181908
29261,0.000206,172.217.27.0-255,1484,32830,79,181908
29262,0.00021,172.31.40.0-255,66,32896,79,181908
29263,0.000215,172.217.27.0-255,2902,35798,79,181908
29264,0.000217,172.31.40.0-255,66,35864,79,181908
29265,0.000223,172.217.27.0-255,4320,40184,79,181908
29266,0.000226,172.31.40.0-255,66,40250,79,181908
29267,0.000244,172.217.27.0-255,1484,41734,79,181908
29268,0.000246,172.31.40.0-255,66,41800,79,181908
29269,0.000252,172.217.27.0-255,4320,46120,79,181908
29270,0.000254,172.31.40.0-255,66,46186,79,181908
29271,0.000274,172.217.27.0-255,2543,48729,79,181908
29272,0.000277,172.31.40.0-255,66,48795,79,181908
29273,0.000281,172.217.27.0-255,2902,51697,79,181908
29274,0.000283,172.31.40.0-255,66,51763,79,181908
29275,0.000299,172.217.27.0-255,4320,56083,79,181908
29276,0.000302,172.31.40.0-255,66,56149,79,181908
29277,0.000339,172.31.40.0-255,66,56215,79,181908
29278,0.000677,172.217.27.0-255,133,56348,79,181908
29279,0.000813,172.217.27.0-255,1484,57832,79,181908
29280,0.000818,172.31.40.0-255,66,57898,79,181908
29281,0.000824,172.217.27.0-255,2902,60800,79,181908
29282,0.000827,172.31.40.0-255,66,60866,79,181908
29283,0.000833,172.217.27.0-255,4320,65186,79,181908
29284,0.000834,172.31.40.0-255,66,65252,79,181908
29285,0.000851,172.217.27.0-255,1484,66736,79,181908
29286,0.000883,172.217.27.0-255,4320,71056,79,181908
29287,0.000886,172.31.40.0-255,66,71122,79,181908
29288,0.000931,172.217.27.0-255,7156,78278,79,181908
29289,0.000935,172.31.40.0-255,66,78344,79,181908
29290,0.000956,172.217.27.0-255,5379,83723,79,181908
29291,0.000959,172.31.40.0-255,66,83789,79,181908
29292,0.001006,172.217.27.0-255,6797,90586,79,181908
29293,0.001009,172.31.40.0-255,66,90652,79,181908
29294,0.001441,172.217.27.0-255,1484,92136,79,181908
29295,0.001446,172.217.27.0-255,1484,93620,79,181908
29296,0.00145,172.31.40.0-255,66,93686,79,181908
29297,0.00147,172.217.27.0-255,1484,95170,79,181908
29298,0.001477,172.217.27.0-255,5738,100908,79,181908
29299,0.001479,172.31.40.0-255,66,100974,79,181908
29300,0.001483,172.217.27.0-255,2902,103876,79,181908
29301,0.001485,172.31.40.0-255,66,103942,79,181908
29302,0.00151,172.31.40.0-255,66,104008,79,181908
29303,0.001555,172.217.27.0-255,5738,109746,79,181908
29304,0.001558,172.31.40.0-255,66,109812,79,181908
29305,0.00158,172.217.27.0-255,5020,114832,79,181908
29306,0.001583,172.31.40.0-255,66,114898,79,181908
29307,0.001641,172.31.40.0-255,66,114964,79,181908
29308,0.001659,172.217.27.0-255,2902,117866,79,181908
29309,0.001662,172.31.40.0-255,66,117932,79,181908
29310,0.001683,172.31.40.0-255,66,117998,79,181908
29311,0.00171,172.31.40.0-255,66,118064,79,181908
29312,0.003335,172.217.27.0-255,5738,123802,79,181908
29313,0.003342,172.31.40.0-255,66,123868,79,181908
29314,0.004975,172.217.27.0-255,5738,129606,79,181908
29315,0.004978,172.31.40.0-255,66,129672,79,181908
29316,0.006619,172.217.27.0-255,5738,135410,79,181908
29317,0.006626,172.31.40.0-255,66,135476,79,181908
29318,0.00825,172.217.27.0-255,5738,141214,79,181908
29319,0.008256,172.31.40.0-255,66,141280,79,181908
29320,0.009898,172.217.27.0-255,5738,147018,79,181908
29321,0.009906,172.31.40.0-255,66,147084,79,181908
29322,0.011543,172.217.27.0-255,5738,152822,79,181908
29323,0.011551,172.31.40.0-255,66,152888,79,181908
29324,0.013182,172.217.27.0-255,5738,158626,79,181908
29325,0.013188,172.31.40.0-255,66,158692,79,181908
29326,0.014824,172.217.27.0-255,5738,164430,79,181908
29327,0.014831,172.31.40.0-255,66,164496,79,181908
29328,0.016456,172.217.27.0-255,5738,170234,79,181908
29329,0.016463,172.31.40.0-255,66,170300,79,181908
29330,0.018093,172.217.27.0-255,5738,176038,79,181908
29331,0.0181,172.31.40.0-255,66,176104,79,181908
29332,0.019744,172.217.27.0-255,5738,181842,79,181908
29333,0.019752,172.31.40.0-255,66,181908,79,181908
29334,0.0,74.125.130.0-255,146,146,79,280734
29335,2.1e-05,172.31.40.0-255,66,212,79,280734
29336,2.8e-05,74.125.130.0-255,1484,1696,79,280734
29337,3.4e-05,172.31.40.0-255,66,1762,79,280734
29338,3.9e-05,74.125.130.0-255,2902,4664,79,280734
29339,4.2e-05,172.31.40.0-255,66,4730,79,280734
29340,4.8e-05,74.125.130.0-255,4320,9050,79,280734
29341,5.1e-05,172.31.40.0-255,66,9116,79,280734
29342,5.7e-05,74.125.130.0-255,4858,13974,79,280734
29343,6e-05,172.31.40.0-255,66,14040,79,280734
29344,8e-05,74.125.130.0-255,4320,18360,79,280734
29345,8.3e-05,172.31.40.0-255,66,18426,79,280734
29346,0.000103,74.125.130.0-255,5738,24164,79,280734
29347,0.000106,172.31.40.0-255,66,24230,79,280734
29348,0.00013,74.125.130.0-255,2902,27132,79,280734
29349,0.000133,172.31.40.0-255,66,27198,79,280734
29350,0.000148,74.125.130.0-255,3961,31159,79,280734
29351,0.00015,172.31.40.0-255,66,31225,79,280734
29352,0.000248,74.125.130.0-255,1484,32709,79,280734
29353,0.000252,172.31.40.0-255,66,32775,79,280734
29354,0.000257,74.125.130.0-255,2902,35677,79,280734
29355,0.00026,172.31.40.0-255,66,35743,79,280734
29356,0.000272,74.125.130.0-255,1484,37227,79,280734
29357,0.000274,172.31.40.0-255,66,37293,79,280734
29358,0.000287,74.125.130.0-255,2902,40195,79,280734
29359,0.00029,172.31.40.0-255,66,40261,79,280734
29360,0.000296,74.125.130.0-255,5738,45999,79,280734
29361,0.000298,172.31.40.0-255,66,46065,79,280734
29362,0.000342,74.125.130.0-255,6797,52862,79,280734
29363,0.000345,172.31.40.0-255,66,52928,79,280734
29364,0.000352,74.125.130.0-255,7156,60084,79,280734
29365,0.000355,172.31.40.0-255,66,60150,79,280734
29366,0.00041,74.125.130.0-255,5636,65786,79,280734
29367,0.000412,172.31.40.0-255,66,65852,79,280734
29368,0.000415,74.125.130.0-255,115,65967,79,280734
29369,0.000459,74.125.130.0-255,383,66350,79,280734
29370,0.000578,74.125.130.0-255,1484,67834,79,280734
29371,0.000583,172.31.40.0-255,66,67900,79,280734
29372,0.000588,74.125.130.0-255,2902,70802,79,280734
29373,0.000591,172.31.40.0-255,66,70868,79,280734
29374,0.000606,74.125.130.0-255,1484,72352,79,280734
29375,0.00062,74.125.130.0-255,4320,76672,79,280734
29376,0.000624,172.31.40.0-255,66,76738,79,280734
29377,0.000628,74.125.130.0-255,2902,79640,79,280734
29378,0.00063,172.31.40.0-255,66,79706,79,280734
29379,0.000641,74.125.130.0-255,1484,81190,79,280734
29380,0.000646,74.125.130.0-255,4320,85510,79,280734
29381,0.000649,172.31.40.0-255,66,85576,79,280734
29382,0.000662,74.125.130.0-255,1484,87060,79,280734
29383,0.000699,172.31.40.0-255,66,87126,79,280734
29384,0.000718,74.125.130.0-255,1484,88610,79,280734
29385,0.000731,74.125.130.0-255,2184,90794,79,280734
29386,0.000734,172.31.40.0-255,66,90860,79,280734
29387,0.000863,74.125.130.0-255,1484,92344,79,280734
29388,0.000877,74.125.130.0-255,2902,95246,79,280734
29389,0.000881,172.31.40.0-255,66,95312,79,280734
29390,0.000895,74.125.130.0-255,1484,96796,79,280734
29391,0.0009,74.125.130.0-255,2902,99698,79,280734
29392,0.000902,172.31.40.0-255,66,99764,79,280734
29393,0.00092,74.125.130.0-255,4320,104084,79,280734
29394,0.000922,172.31.40.0-255,66,104150,79,280734
29395,0.000945,74.125.130.0-255,1484,105634,79,280734
29396,0.000957,172.31.40.0-255,66,105700,79,280734
29397,0.000975,74.125.130.0-255,1484,107184,79,280734
29398,0.000991,74.125.130.0-255,4320,111504,79,280734
29399,0.000995,172.31.40.0-255,66,111570,79,280734
29400,0.001013,74.125.130.0-255,5020,116590,79,280734
29401,0.001016,172.31.40.0-255,66,116656,79,280734
29402,0.00105,74.125.130.0-255,1484,118140,79,280734
29403,0.001079,74.125.130.0-255,2902,121042,79,280734
29404,0.001082,172.31.40.0-255,66,121108,79,280734
29405,0.001098,74.125.130.0-255,1484,122592,79,280734
29406,0.001112,74.125.130.0-255,1484,124076,79,280734
29407,0.001115,172.31.40.0-255,66,124142,79,280734
29408,0.001121,74.125.130.0-255,4320,128462,79,280734
29409,0.001123,172.31.40.0-255,66,128528,79,280734
29410,0.001128,74.125.130.0-255,2902,131430,79,280734
29411,0.00113,172.31.40.0-255,66,131496,79,280734
29412,0.001165,74.125.130.0-255,5738,137234,79,280734
29413,0.001168,172.31.40.0-255,66,137300,79,280734
29414,0.001174,74.125.130.0-255,4320,141620,79,280734
29415,0.001176,172.31.40.0-255,66,141686,79,280734
29416,0.001182,74.125.130.0-255,5738,147424,79,280734
29417,0.001184,172.31.40.0-255,66,147490,79,280734
29418,0.001187,74.125.130.0-255,1484,148974,79,280734
29419,0.001208,74.125.130.0-255,2184,151158,79,280734
29420,0.001211,172.31.40.0-255,66,151224,79,280734
29421,0.001376,74.125.130.0-255,1484,152708,79,280734
29422,0.001394,74.125.130.0-255,2902,155610,79,280734
29423,0.001398,172.31.40.0-255,66,155676,79,280734
29424,0.001401,74.125.130.0-255,1484,157160,79,280734
29425,0.001416,74.125.130.0-255,2902,160062,79,280734
29426,0.001419,172.31.40.0-255,66,160128,79,280734
29427,0.001422,74.125.130.0-255,1484,161612,79,280734
29428,0.001439,74.125.130.0-255,4320,165932,79,280734
29429,0.001441,172.31.40.0-255,66,165998,79,280734
29430,0.001446,74.125.130.0-255,4320,170318,79,280734
29431,0.001448,172.31.40.0-255,66,170384,79,280734
29432,0.00147,74.125.130.0-255,1484,171868,79,280734
29433,0.001478,74.125.130.0-255,7156,179024,79,280734
29434,0.001481,172.31.40.0-255,66,179090,79,280734
29435,0.001508,74.125.130.0-255,1484,180574,79,280734
29436,0.001526,74.125.130.0-255,5020,185594,79,280734
29437,0.00153,172.31.40.0-255,66,185660,79,280734
29438,0.001567,74.125.130.0-255,1484,187144,79,280734
29439,0.001572,74.125.130.0-255,2902,190046,79,280734
29440,0.001575,172.31.40.0-255,66,190112,79,280734
29441,0.001596,74.125.130.0-255,2902,193014,79,280734
29442,0.001599,172.31.40.0-255,66,193080,79,280734
29443,0.001616,74.125.130.0-255,2902,195982,79,280734
29444,0.001619,172.31.40.0-255,66,196048,79,280734
29445,0.001623,74.125.130.0-255,2902,198950,79,280734
29446,0.001626,172.31.40.0-255,66,199016,79,280734
29447,0.001631,74.125.130.0-255,4320,203336,79,280734
29448,0.001633,172.31.40.0-255,66,203402,79,280734
29449,0.001639,74.125.130.0-255,5738,209140,79,280734
29450,0.001642,172.31.40.0-255,66,209206,79,280734
29451,0.001658,74.125.130.0-255,2902,212108,79,280734
29452,0.00166,172.31.40.0-255,66,212174,79,280734
29453,0.00167,172.31.40.0-255,66,212240,79,280734
29454,0.001969,74.125.130.0-255,1484,213724,79,280734
29455,0.001987,74.125.130.0-255,2902,216626,79,280734
29456,0.00199,172.31.40.0-255,66,216692,79,280734
29457,0.002023,74.125.130.0-255,1484,218176,79,280734
29458,0.00204,74.125.130.0-255,4320,222496,79,280734
29459,0.002042,172.31.40.0-255,66,222562,79,280734
29460,0.002054,74.125.130.0-255,7156,229718,79,280734
29461,0.002057,172.31.40.0-255,66,229784,79,280734
29462,0.002069,172.31.40.0-255,66,229850,79,280734
29463,0.002094,74.125.130.0-255,4320,234170,79,280734
29464,0.002097,172.31.40.0-255,66,234236,79,280734
29465,0.002099,74.125.130.0-255,1484,235720,79,280734
29466,0.004138,74.125.130.0-255,4320,240040,79,280734
29467,0.004145,172.31.40.0-255,66,240106,79,280734
29468,0.006196,74.125.130.0-255,5738,245844,79,280734
29469,0.006211,172.31.40.0-255,66,245910,79,280734
29470,0.008265,74.125.130.0-255,5738,251648,79,280734
29471,0.008296,172.31.40.0-255,66,251714,79,280734
29472,0.010344,74.125.130.0-255,5738,257452,79,280734
29473,0.010352,172.31.40.0-255,66,257518,79,280734
29474,0.012395,74.125.130.0-255,5738,263256,79,280734
29475,0.012403,172.31.40.0-255,66,263322,79,280734
29476,0.014464,74.125.130.0-255,5738,269060,79,280734
29477,0.014477,172.31.40.0-255,66,269126,79,280734
29478,0.016517,74.125.130.0-255,5738,274864,79,280734
29479,0.016525,172.31.40.0-255,66,274930,79,280734
29480,0.018566,74.125.130.0-255,5738,280668,79,280734
29481,0.018574,172.31.40.0-255,66,280734,79,280734
29482,0.0,172.217.194.0-255,287,287,79,87985
29483,2.3e-05,172.31.40.0-255,66,353,79,87985
29484,3e-05,172.217.194.0-255,1484,1837,79,87985
29485,3.4e-05,172.31.40.0-255,66,1903,79,87985
29486,4.8e-05,172.217.194.0-255,4320,6223,79,87985
29487,5.1e-05,172.31.40.0-255,66,6289,79,87985
29488,9e-05,172.31.40.0-255,66,6355,79,87985
29489,0.000107,172.31.40.0-255,66,6421,79,87985
29490,0.000111,172.217.194.0-255,2543,8964,79,87985
29491,0.000114,172.31.40.0-255,66,9030,79,87985
29492,0.000269,172.217.194.0-255,1484,10514,79,87985
29493,0.000273,172.31.40.0-255,66,10580,79,87985
29494,0.000279,172.217.194.0-255,2902,13482,79,87985
29495,0.000282,172.31.40.0-255,66,13548,79,87985
29496,0.000292,172.217.194.0-255,4320,17868,79,87985
29497,0.000294,172.31.40.0-255,66,17934,79,87985
29498,0.000324,172.217.194.0-255,1484,19418,79,87985
29499,0.000326,172.31.40.0-255,66,19484,79,87985
29500,0.000334,172.217.194.0-255,6797,26281,79,87985
29501,0.000337,172.31.40.0-255,66,26347,79,87985
29502,0.000349,172.31.40.0-255,66,26413,79,87985
29503,0.000383,172.217.194.0-255,4320,30733,79,87985
29504,0.000386,172.31.40.0-255,66,30799,79,87985
29505,0.000391,172.217.194.0-255,2793,33592,79,87985
29506,0.000394,172.31.40.0-255,66,33658,79,87985
29507,0.000397,172.217.194.0-255,120,33778,79,87985
29508,0.0004,172.31.40.0-255,66,33844,79,87985
29509,0.001362,172.217.194.0-255,384,34228,79,87985
29510,0.001373,172.31.40.0-255,66,34294,79,87985
29511,0.001711,172.217.194.0-255,1484,35778,79,87985
29512,0.001722,172.217.194.0-255,2902,38680,79,87985
29513,0.001727,172.31.40.0-255,66,38746,79,87985
29514,0.001735,172.217.194.0-255,5738,44484,79,87985
29515,0.001738,172.31.40.0-255,66,44550,79,87985
29516,0.001767,172.217.194.0-255,2902,47452,79,87985
29517,0.001769,172.31.40.0-255,66,47518,79,87985
29518,0.001811,172.31.40.0-255,66,47584,79,87985
29519,0.001826,172.31.40.0-255,66,47650,79,87985
29520,0.00183,172.217.194.0-255,1125,48775,79,87985
29521,0.004117,172.217.194.0-255,4320,53095,79,87985
29522,0.004132,172.31.40.0-255,66,53161,79,87985
29523,0.006411,172.217.194.0-255,5738,58899,79,87985
29524,0.006419,172.31.40.0-255,66,58965,79,87985
29525,0.008697,172.217.194.0-255,5738,64703,79,87985
29526,0.008709,172.31.40.0-255,66,64769,79,87985
29527,0.011052,172.217.194.0-255,5738,70507,79,87985
29528,0.011069,172.31.40.0-255,66,70573,79,87985
29529,0.013357,172.217.194.0-255,5738,76311,79,87985
29530,0.013369,172.31.40.0-255,66,76377,79,87985
29531,0.015674,172.217.194.0-255,5738,82115,79,87985
29532,0.015683,172.31.40.0-255,66,82181,79,87985
29533,0.017941,172.217.194.0-255,5738,87919,79,87985
29534,0.017949,172.31.40.0-255,66,87985,79,87985
29535,0.0,172.217.194.0-255,153,153,79,183425
29536,2.3e-05,172.31.40.0-255,66,219,79,183425
29537,3e-05,172.217.194.0-255,1484,1703,79,183425
29538,3.5e-05,172.31.40.0-255,66,1769,79,183425
29539,4.1e-05,172.217.194.0-255,2902,4671,79,183425
29540,4.5e-05,172.31.40.0-255,66,4737,79,183425
29541,4.8e-05,172.217.194.0-255,1484,6221,79,183425
29542,5.1e-05,172.31.40.0-255,66,6287,79,183425
29543,5.8e-05,172.217.194.0-255,5738,12025,79,183425
29544,6.2e-05,172.31.40.0-255,66,12091,79,183425
29545,7.8e-05,172.31.40.0-255,66,12157,79,183425
29546,8.2e-05,172.217.194.0-255,2902,15059,79,183425
29547,8.4e-05,172.31.40.0-255,66,15125,79,183425
29548,0.000107,172.217.194.0-255,2543,17668,79,183425
29549,0.000109,172.31.40.0-255,66,17734,79,183425
29550,0.000154,172.217.194.0-255,1484,19218,79,183425
29551,0.000156,172.31.40.0-255,66,19284,79,183425
29552,0.000161,172.217.194.0-255,2902,22186,79,183425
29553,0.000163,172.31.40.0-255,66,22252,79,183425
29554,0.00018,172.217.194.0-255,5738,27990,79,183425
29555,0.000182,172.31.40.0-255,66,28056,79,183425
29556,0.000206,172.217.194.0-255,2902,30958,79,183425
29557,0.000209,172.31.40.0-255,66,31024,79,183425
29558,0.000245,172.31.40.0-255,66,31090,79,183425
29559,0.000257,172.31.40.0-255,66,31156,79,183425
29560,0.00026,172.217.194.0-255,118,31274,79,183425
29561,0.000262,172.31.40.0-255,66,31340,79,183425
29562,0.000292,172.217.194.0-255,380,31720,79,183425
29563,0.000296,172.31.40.0-255,66,31786,79,183425
29564,0.000472,172.217.194.0-255,1484,33270,79,183425
29565,0.000481,172.217.194.0-255,2902,36172,79,183425
29566,0.000485,172.31.40.0-255,66,36238,79,183425
29567,0.000515,172.217.194.0-255,4320,40558,79,183425
29568,0.000517,172.31.40.0-255,66,40624,79,183425
29569,0.000537,172.217.194.0-255,1484,42108,79,183425
29570,0.000552,172.31.40.0-255,66,42174,79,183425
29571,0.000564,172.31.40.0-255,66,42240,79,183425
29572,0.00097,172.217.194.0-255,1484,43724,79,183425
29573,0.000976,172.217.194.0-255,2902,46626,79,183425
29574,0.000979,172.31.40.0-255,66,46692,79,183425
29575,0.000987,172.217.194.0-255,5738,52430,79,183425
29576,0.00099,172.31.40.0-255,66,52496,79,183425
29577,0.000993,172.217.194.0-255,1484,53980,79,183425
29578,0.001026,172.31.40.0-255,66,54046,79,183425
29579,0.001054,172.217.194.0-255,7156,61202,79,183425
29580,0.001056,172.31.40.0-255,66,61268,79,183425
29581,0.001072,172.217.194.0-255,6438,67706,79,183425
29582,0.001075,172.31.40.0-255,66,67772,79,183425
29583,0.001096,172.217.194.0-255,1484,69256,79,183425
29584,0.001109,172.217.194.0-255,2902,72158,79,183425
29585,0.001112,172.31.40.0-255,66,72224,79,183425
29586,0.001115,172.217.194.0-255,1484,73708,79,183425
29587,0.001129,172.217.194.0-255,4320,78028,79,183425
29588,0.001132,172.31.40.0-255,66,78094,79,183425
29589,0.00116,172.217.194.0-255,7156,85250,79,183425
29590,0.001163,172.31.40.0-255,66,85316,79,183425
29591,0.001179,172.217.194.0-255,5738,91054,79,183425
29592,0.001181,172.31.40.0-255,66,91120,79,183425
29593,0.001184,172.217.194.0-255,1484,92604,79,183425
29594,0.001208,172.217.194.0-255,4320,96924,79,183425
29595,0.001213,172.31.40.0-255,66,96990,79,183425
29596,0.001238,172.217.194.0-255,5020,102010,79,183425
29597,0.001242,172.31.40.0-255,66,102076,79,183425
29598,0.001263,172.217.194.0-255,5738,107814,79,183425
29599,0.001266,172.31.40.0-255,66,107880,79,183425
29600,0.001281,172.217.194.0-255,4320,112200,79,183425
29601,0.001297,172.31.40.0-255,66,112266,79,183425
29602,0.0013,172.31.40.0-255,66,112332,79,183425
29603,0.001338,172.31.40.0-255,66,112398,79,183425
29604,0.001355,172.217.194.0-255,4320,116718,79,183425
29605,0.001357,172.31.40.0-255,66,116784,79,183425
29606,0.001399,172.31.40.0-255,66,116850,79,183425
29607,0.001415,172.31.40.0-255,66,116916,79,183425
29608,0.001421,172.217.194.0-255,4320,121236,79,183425
29609,0.001423,172.31.40.0-255,66,121302,79,183425
29610,0.001468,172.31.40.0-255,66,121368,79,183425
29611,0.001489,172.31.40.0-255,66,121434,79,183425
29612,0.001497,172.217.194.0-255,6438,127872,79,183425
29613,0.0015,172.31.40.0-255,66,127938,79,183425
29614,0.001552,172.217.194.0-255,1484,129422,79,183425
29615,0.001557,172.217.194.0-255,2902,132324,79,183425
29616,0.001559,172.31.40.0-255,66,132390,79,183425
29617,0.001565,172.217.194.0-255,5738,138128,79,183425
29618,0.001568,172.31.40.0-255,66,138194,79,183425
29619,0.001575,172.217.194.0-255,7156,145350,79,183425
29620,0.001579,172.31.40.0-255,66,145416,79,183425
29621,0.001589,172.31.40.0-255,66,145482,79,183425
29622,0.001613,172.217.194.0-255,4320,149802,79,183425
29623,0.001616,172.31.40.0-255,66,149868,79,183425
29624,0.001639,172.217.194.0-255,3602,153470,79,183425
29625,0.001642,172.31.40.0-255,66,153536,79,183425
29626,0.001674,172.31.40.0-255,66,153602,79,183425
29627,0.001685,172.31.40.0-255,66,153668,79,183425
29628,0.001708,172.217.194.0-255,5738,159406,79,183425
29629,0.001711,172.31.40.0-255,66,159472,79,183425
29630,0.001801,172.31.40.0-255,66,159538,79,183425
29631,0.001816,172.31.40.0-255,66,159604,79,183425
29632,0.001867,172.217.194.0-255,4320,163924,79,183425
29633,0.001873,172.31.40.0-255,66,163990,79,183425
29634,0.001906,172.217.194.0-255,7156,171146,79,183425
29635,0.001911,172.31.40.0-255,66,171212,79,183425
29636,0.001933,172.217.194.0-255,5738,176950,79,183425
29637,0.00194,172.217.194.0-255,6067,183017,79,183425
29638,0.001963,172.31.40.0-255,66,183083,79,183425
29639,0.001978,172.217.194.0-255,105,183188,79,183425
29640,0.010599,172.31.40.0-255,66,183254,79,183425
29641,0.01065,172.31.40.0-255,105,183359,79,183425
29642,0.0129,172.217.194.0-255,66,183425,79,183425
29643,0.0,74.125.24.0-255,153,153,79,220491
29644,1.9e-05,172.31.40.0-255,66,219,79,220491
29645,2.6e-05,74.125.24.0-255,1484,1703,79,220491
29646,3.1e-05,172.31.40.0-255,66,1769,79,220491
29647,4.5e-05,74.125.24.0-255,2902,4671,79,220491
29648,4.8e-05,172.31.40.0-255,66,4737,79,220491
29649,5.5e-05,74.125.24.0-255,5738,10475,79,220491
29650,5.8e-05,172.31.40.0-255,66,10541,79,220491
29651,9.7e-05,74.125.24.0-255,5738,16279,79,220491
29652,0.0001,172.31.40.0-255,66,16345,79,220491
29653,0.000134,74.125.24.0-255,3535,19880,79,220491
29654,0.000137,172.31.40.0-255,66,19946,79,220491
29655,0.000154,172.31.40.0-255,66,20012,79,220491
29656,0.000157,74.125.24.0-255,1125,21137,79,220491
29657,0.000159,172.31.40.0-255,66,21203,79,220491
29658,0.000207,74.125.24.0-255,1484,22687,79,220491
29659,0.00021,172.31.40.0-255,66,22753,79,220491
29660,0.000213,74.125.24.0-255,1484,24237,79,220491
29661,0.000215,172.31.40.0-255,66,24303,79,220491
29662,0.000233,74.125.24.0-255,1484,25787,79,220491
29663,0.000238,74.125.24.0-255,4320,30107,79,220491
29664,0.000246,172.31.40.0-255,66,30173,79,220491
29665,0.000249,172.31.40.0-255,66,30239,79,220491
29666,0.000256,74.125.24.0-255,1484,31723,79,220491
29667,0.000263,172.31.40.0-255,66,31789,79,220491
29668,0.000266,74.125.24.0-255,1484,33273,79,220491
29669,0.000271,74.125.24.0-255,1484,34757,79,220491
29670,0.000276,172.31.40.0-255,66,34823,79,220491
29671,0.000278,172.31.40.0-255,66,34889,79,220491
29672,0.000325,172.31.40.0-255,66,34955,79,220491
29673,0.000335,172.31.40.0-255,66,35021,79,220491
29674,0.000452,74.125.24.0-255,647,35668,79,220491
29675,0.000591,74.125.24.0-255,1484,37152,79,220491
29676,0.000596,172.31.40.0-255,66,37218,79,220491
29677,0.000602,74.125.24.0-255,2902,40120,79,220491
29678,0.000605,172.31.40.0-255,66,40186,79,220491
29679,0.000637,74.125.24.0-255,5738,45924,79,220491
29680,0.00064,172.31.40.0-255,66,45990,79,220491
29681,0.000647,74.125.24.0-255,6797,52787,79,220491
29682,0.00065,172.31.40.0-255,66,52853,79,220491
29683,0.000676,74.125.24.0-255,4320,57173,79,220491
29684,0.00068,172.31.40.0-255,66,57239,79,220491
29685,0.000703,74.125.24.0-255,2902,60141,79,220491
29686,0.000706,172.31.40.0-255,66,60207,79,220491
29687,0.000711,74.125.24.0-255,4320,64527,79,220491
29688,0.000714,172.31.40.0-255,66,64593,79,220491
29689,0.000741,74.125.24.0-255,5379,69972,79,220491
29690,0.000744,172.31.40.0-255,66,70038,79,220491
29691,0.001113,74.125.24.0-255,1484,71522,79,220491
29692,0.001119,74.125.24.0-255,2902,74424,79,220491
29693,0.001122,172.31.40.0-255,66,74490,79,220491
29694,0.001128,74.125.24.0-255,4320,78810,79,220491
29695,0.001131,172.31.40.0-255,66,78876,79,220491
29696,0.001162,74.125.24.0-255,1484,80360,79,220491
29697,0.001167,74.125.24.0-255,4320,84680,79,220491
29698,0.001169,172.31.40.0-255,66,84746,79,220491
29699,0.001186,172.31.40.0-255,66,84812,79,220491
29700,0.001196,172.31.40.0-255,66,84878,79,220491
29701,0.001305,74.125.24.0-255,1484,86362,79,220491
29702,0.001311,74.125.24.0-255,2902,89264,79,220491
29703,0.001314,172.31.40.0-255,66,89330,79,220491
29704,0.00132,74.125.24.0-255,4320,93650,79,220491
29705,0.001322,172.31.40.0-255,66,93716,79,220491
29706,0.001342,74.125.24.0-255,1484,95200,79,220491
29707,0.001358,172.31.40.0-255,66,95266,79,220491
29708,0.001433,74.125.24.0-255,7156,102422,79,220491
29709,0.001437,172.31.40.0-255,66,102488,79,220491
29710,0.001463,74.125.24.0-255,6438,108926,79,220491
29711,0.001466,172.31.40.0-255,66,108992,79,220491
29712,0.001491,74.125.24.0-255,1484,110476,79,220491
29713,0.001496,74.125.24.0-255,2902,113378,79,220491
29714,0.001498,172.31.40.0-255,66,113444,79,220491
29715,0.001506,74.125.24.0-255,5738,119182,79,220491
29716,0.001508,172.31.40.0-255,66,119248,79,220491
29717,0.001514,74.125.24.0-255,5738,124986,79,220491
29718,0.001521,172.31.40.0-255,66,125052,79,220491
29719,0.00155,74.125.24.0-255,7156,132208,79,220491
29720,0.001557,172.31.40.0-255,66,132274,79,220491
29721,0.001569,172.31.40.0-255,66,132340,79,220491
29722,0.001595,74.125.24.0-255,766,133106,79,220491
29723,0.002216,74.125.24.0-255,1484,134590,79,220491
29724,0.00222,172.31.40.0-255,66,134656,79,220491
29725,0.002226,74.125.24.0-255,2902,137558,79,220491
29726,0.002228,172.31.40.0-255,66,137624,79,220491
29727,0.002256,74.125.24.0-255,5738,143362,79,220491
29728,0.002267,74.125.24.0-255,7156,150518,79,220491
29729,0.002271,172.31.40.0-255,66,150584,79,220491
29730,0.002274,172.31.40.0-255,66,150650,79,220491
29731,0.002282,74.125.24.0-255,1484,152134,79,220491
29732,0.00232,172.31.40.0-255,66,152200,79,220491
29733,0.002325,74.125.24.0-255,2184,154384,79,220491
29734,0.002327,172.31.40.0-255,66,154450,79,220491
29735,0.00241,74.125.24.0-255,1484,155934,79,220491
29736,0.002415,74.125.24.0-255,2902,158836,79,220491
29737,0.002418,172.31.40.0-255,66,158902,79,220491
29738,0.002425,74.125.24.0-255,5738,164640,79,220491
29739,0.002427,172.31.40.0-255,66,164706,79,220491
29740,0.002466,172.31.40.0-255,66,164772,79,220491
29741,0.002474,74.125.24.0-255,7156,171928,79,220491
29742,0.002476,172.31.40.0-255,66,171994,79,220491
29743,0.002518,172.31.40.0-255,66,172060,79,220491
29744,0.002557,74.125.24.0-255,6438,178498,79,220491
29745,0.00256,172.31.40.0-255,66,178564,79,220491
29746,0.002578,172.31.40.0-255,66,178630,79,220491
29747,0.002583,74.125.24.0-255,3602,182232,79,220491
29748,0.002585,172.31.40.0-255,66,182298,79,220491
29749,0.002589,74.125.24.0-255,2902,185200,79,220491
29750,0.002591,172.31.40.0-255,66,185266,79,220491
29751,0.002614,74.125.24.0-255,1484,186750,79,220491
29752,0.002631,172.31.40.0-255,66,186816,79,220491
29753,0.002648,74.125.24.0-255,2902,189718,79,220491
29754,0.002651,172.31.40.0-255,66,189784,79,220491
29755,0.002689,172.31.40.0-255,66,189850,79,220491
29756,0.002691,74.125.24.0-255,1484,191334,79,220491
29757,0.002698,74.125.24.0-255,5020,196354,79,220491
29758,0.002705,172.31.40.0-255,66,196420,79,220491
29759,0.002708,74.125.24.0-255,1484,197904,79,220491
29760,0.002746,74.125.24.0-255,7156,205060,79,220491
29761,0.002748,172.31.40.0-255,66,205126,79,220491
29762,0.002785,74.125.24.0-255,4320,209446,79,220491
29763,0.002787,172.31.40.0-255,66,209512,79,220491
29764,0.002802,172.31.40.0-255,66,209578,79,220491
29765,0.002807,74.125.24.0-255,2902,212480,79,220491
29766,0.002809,172.31.40.0-255,66,212546,79,220491
29767,0.002811,74.125.24.0-255,1484,214030,79,220491
29768,0.002825,172.31.40.0-255,66,214096,79,220491
29769,0.002875,74.125.24.0-255,2902,216998,79,220491
29770,0.002878,74.125.24.0-255,1484,218482,79,220491
29771,0.002889,74.125.24.0-255,1484,219966,79,220491
29772,0.002938,74.125.24.0-255,105,220071,79,220491
29773,0.011925,172.31.40.0-255,66,220137,79,220491
29774,0.013259,74.125.24.0-255,105,220242,79,220491
29775,0.013271,172.31.40.0-255,78,220320,79,220491
29776,0.014092,172.31.40.0-255,105,220425,79,220491
29777,0.016677,74.125.24.0-255,66,220491,79,220491
29778,0.0,172.217.194.0-255,153,153,79,143244
29779,2.7e-05,172.31.40.0-255,66,219,79,143244
29780,3.6e-05,172.217.194.0-255,1484,1703,79,143244
29781,4.1e-05,172.31.40.0-255,66,1769,79,143244
29782,4.7e-05,172.217.194.0-255,2902,4671,79,143244
29783,5.1e-05,172.31.40.0-255,66,4737,79,143244
29784,5.9e-05,172.217.194.0-255,7156,11893,79,143244
29785,6.2e-05,172.31.40.0-255,66,11959,79,143244
29786,6.6e-05,172.217.194.0-255,2014,13973,79,143244
29787,6.9e-05,172.31.40.0-255,66,14039,79,143244
29788,0.00021,172.217.194.0-255,1484,15523,79,143244
29789,0.000214,172.31.40.0-255,66,15589,79,143244
29790,0.000238,172.217.194.0-255,2902,18491,79,143244
29791,0.000241,172.31.40.0-255,66,18557,79,143244
29792,0.000244,172.217.194.0-255,1484,20041,79,143244
29793,0.000246,172.31.40.0-255,66,20107,79,143244
29794,0.000274,172.217.194.0-255,4320,24427,79,143244
29795,0.000277,172.31.40.0-255,66,24493,79,143244
29796,0.000314,172.217.194.0-255,4320,28813,79,143244
29797,0.000317,172.31.40.0-255,66,28879,79,143244
29798,0.000336,172.217.194.0-255,2543,31422,79,143244
29799,0.000338,172.31.40.0-255,66,31488,79,143244
29800,0.000396,172.217.194.0-255,1484,32972,79,143244
29801,0.0004,172.31.40.0-255,66,33038,79,143244
29802,0.000405,172.217.194.0-255,2902,35940,79,143244
29803,0.000407,172.31.40.0-255,66,36006,79,143244
29804,0.000425,172.217.194.0-255,5738,41744,79,143244
29805,0.000428,172.31.40.0-255,66,41810,79,143244
29806,0.000453,172.217.194.0-255,1484,43294,79,143244
29807,0.000456,172.31.40.0-255,66,43360,79,143244
29808,0.000487,172.31.40.0-255,66,43426,79,143244
29809,0.000518,172.217.194.0-255,2543,45969,79,143244
29810,0.000564,172.31.40.0-255,66,46035,79,143244
29811,0.000617,172.217.194.0-255,375,46410,79,143244
29812,0.000658,172.217.194.0-255,368,46778,79,143244
29813,0.000811,172.217.194.0-255,1484,48262,79,143244
29814,0.000814,172.217.194.0-255,1484,49746,79,143244
29815,0.000824,172.217.194.0-255,1484,51230,79,143244
29816,0.000829,172.217.194.0-255,2902,54132,79,143244
29817,0.000849,172.217.194.0-255,2902,57034,79,143244
29818,0.000857,172.31.40.0-255,66,57100,79,143244
29819,0.000898,172.217.194.0-255,5738,62838,79,143244
29820,0.000905,172.31.40.0-255,66,62904,79,143244
29821,0.000915,172.217.194.0-255,5020,67924,79,143244
29822,0.000926,172.31.40.0-255,66,67990,79,143244
29823,0.002205,172.217.194.0-255,1484,69474,79,143244
29824,0.002218,172.217.194.0-255,2902,72376,79,143244
29825,0.002223,172.31.40.0-255,66,72442,79,143244
29826,0.00223,172.217.194.0-255,2902,75344,79,143244
29827,0.002247,172.217.194.0-255,2902,78246,79,143244
29828,0.002254,172.217.194.0-255,5738,83984,79,143244
29829,0.002276,172.217.194.0-255,7156,91140,79,143244
29830,0.002282,172.217.194.0-255,5738,96878,79,143244
29831,0.00232,172.217.194.0-255,4320,101198,79,143244
29832,0.002398,172.217.194.0-255,7156,108354,79,143244
29833,0.003442,172.31.40.0-255,66,108420,79,143244
29834,0.00575,172.217.194.0-255,5738,114158,79,143244
29835,0.005756,172.31.40.0-255,66,114224,79,143244
29836,0.008054,172.217.194.0-255,5738,119962,79,143244
29837,0.00806,172.31.40.0-255,66,120028,79,143244
29838,0.01035,172.217.194.0-255,5738,125766,79,143244
29839,0.010358,172.31.40.0-255,66,125832,79,143244
29840,0.012663,172.217.194.0-255,5738,131570,79,143244
29841,0.012671,172.31.40.0-255,66,131636,79,143244
29842,0.014968,172.217.194.0-255,5738,137374,79,143244
29843,0.015464,172.31.40.0-255,66,137440,79,143244
29844,0.017794,172.217.194.0-255,5738,143178,79,143244
29845,0.017813,172.31.40.0-255,66,143244,79,143244
29846,0.0,74.125.24.0-255,146,146,79,234761
29847,2.3e-05,172.31.40.0-255,66,212,79,234761
29848,3e-05,74.125.24.0-255,1484,1696,79,234761
29849,3.4e-05,172.31.40.0-255,66,1762,79,234761
29850,4.9e-05,74.125.24.0-255,2902,4664,79,234761
29851,5.2e-05,172.31.40.0-255,66,4730,79,234761
29852,7e-05,74.125.24.0-255,4320,9050,79,234761
29853,7.3e-05,172.31.40.0-255,66,9116,79,234761
29854,0.000108,74.125.24.0-255,2902,12018,79,234761
29855,0.000111,172.31.40.0-255,66,12084,79,234761
29856,0.000123,172.31.40.0-255,66,12150,79,234761
29857,0.000126,74.125.24.0-255,1484,13634,79,234761
29858,0.000128,172.31.40.0-255,66,13700,79,234761
29859,0.000167,172.31.40.0-255,66,13766,79,234761
29860,0.000173,74.125.24.0-255,5738,19504,79,234761
29861,0.000176,172.31.40.0-255,66,19570,79,234761
29862,0.00018,74.125.24.0-255,2902,22472,79,234761
29863,0.000186,172.31.40.0-255,66,22538,79,234761
29864,0.00021,74.125.24.0-255,4320,26858,79,234761
29865,0.000214,172.31.40.0-255,66,26924,79,234761
29866,0.000224,74.125.24.0-255,3961,30885,79,234761
29867,0.000227,172.31.40.0-255,66,30951,79,234761
29868,0.000557,74.125.24.0-255,1484,32435,79,234761
29869,0.000562,172.31.40.0-255,66,32501,79,234761
29870,0.000568,74.125.24.0-255,2902,35403,79,234761
29871,0.000571,172.31.40.0-255,66,35469,79,234761
29872,0.000575,74.125.24.0-255,2902,38371,79,234761
29873,0.000583,172.31.40.0-255,66,38437,79,234761
29874,0.000608,74.125.24.0-255,2902,41339,79,234761
29875,0.000615,172.31.40.0-255,66,41405,79,234761
29876,0.000643,74.125.24.0-255,6797,48202,79,234761
29877,0.000646,172.31.40.0-255,66,48268,79,234761
29878,0.00065,74.125.24.0-255,1484,49752,79,234761
29879,0.000674,74.125.24.0-255,5738,55490,79,234761
29880,0.000677,172.31.40.0-255,66,55556,79,234761
29881,0.000681,74.125.24.0-255,2902,58458,79,234761
29882,0.000684,172.31.40.0-255,66,58524,79,234761
29883,0.000705,74.125.24.0-255,2902,61426,79,234761
29884,0.000708,172.31.40.0-255,66,61492,79,234761
29885,0.000735,74.125.24.0-255,4541,66033,79,234761
29886,0.000738,172.31.40.0-255,66,66099,79,234761
29887,0.000741,74.125.24.0-255,1484,67583,79,234761
29888,0.00077,74.125.24.0-255,4320,71903,79,234761
29889,0.000773,172.31.40.0-255,66,71969,79,234761
29890,0.000776,74.125.24.0-255,1484,73453,79,234761
29891,0.000812,172.31.40.0-255,66,73519,79,234761
29892,0.0017,74.125.24.0-255,1484,75003,79,234761
29893,0.00171,74.125.24.0-255,2902,77905,79,234761
29894,0.001714,172.31.40.0-255,66,77971,79,234761
29895,0.001722,74.125.24.0-255,5738,83709,79,234761
29896,0.001724,172.31.40.0-255,66,83775,79,234761
29897,0.001764,172.31.40.0-255,66,83841,79,234761
29898,0.001769,74.125.24.0-255,2902,86743,79,234761
29899,0.001771,172.31.40.0-255,66,86809,79,234761
29900,0.001803,172.31.40.0-255,66,86875,79,234761
29901,0.002873,74.125.24.0-255,1484,88359,79,234761
29902,0.002882,74.125.24.0-255,2902,91261,79,234761
29903,0.002887,172.31.40.0-255,66,91327,79,234761
29904,0.002895,74.125.24.0-255,5738,97065,79,234761
29905,0.002897,172.31.40.0-255,66,97131,79,234761
29906,0.002926,172.31.40.0-255,66,97197,79,234761
29907,0.002952,74.125.24.0-255,1484,98681,79,234761
29908,0.00296,74.125.24.0-255,5738,104419,79,234761
29909,0.002963,172.31.40.0-255,66,104485,79,234761
29910,0.002992,74.125.24.0-255,5738,110223,79,234761
29911,0.002994,172.31.40.0-255,66,110289,79,234761
29912,0.002999,74.125.24.0-255,2184,112473,79,234761
29913,0.003001,172.31.40.0-255,66,112539,79,234761
29914,0.003046,74.125.24.0-255,1484,114023,79,234761
29915,0.003067,74.125.24.0-255,2902,116925,79,234761
29916,0.003069,172.31.40.0-255,66,116991,79,234761
29917,0.003075,74.125.24.0-255,4320,121311,79,234761
29918,0.003077,172.31.40.0-255,66,121377,79,234761
29919,0.003105,74.125.24.0-255,1484,122861,79,234761
29920,0.003116,172.31.40.0-255,66,122927,79,234761
29921,0.003185,74.125.24.0-255,4320,127247,79,234761
29922,0.003187,172.31.40.0-255,66,127313,79,234761
29923,0.003207,74.125.24.0-255,5738,133051,79,234761
29924,0.003209,172.31.40.0-255,66,133117,79,234761
29925,0.003216,74.125.24.0-255,5020,138137,79,234761
29926,0.003218,172.31.40.0-255,66,138203,79,234761
29927,0.003297,74.125.24.0-255,1484,139687,79,234761
29928,0.003301,74.125.24.0-255,1484,141171,79,234761
29929,0.003304,172.31.40.0-255,66,141237,79,234761
29930,0.003331,74.125.24.0-255,1484,142721,79,234761
29931,0.003334,74.125.24.0-255,1484,144205,79,234761
29932,0.003337,172.31.40.0-255,66,144271,79,234761
29933,0.003355,172.31.40.0-255,66,144337,79,234761
29934,0.003358,74.125.24.0-255,1484,145821,79,234761
29935,0.003392,172.31.40.0-255,66,145887,79,234761
29936,0.003395,74.125.24.0-255,1484,147371,79,234761
29937,0.003398,74.125.24.0-255,766,148137,79,234761
29938,0.0034,172.31.40.0-255,66,148203,79,234761
29939,0.003436,74.125.24.0-255,1484,149687,79,234761
29940,0.003448,74.125.24.0-255,4320,154007,79,234761
29941,0.00345,172.31.40.0-255,66,154073,79,234761
29942,0.003467,172.31.40.0-255,66,154139,79,234761
29943,0.003473,74.125.24.0-255,5738,159877,79,234761
29944,0.003475,172.31.40.0-255,66,159943,79,234761
29945,0.003513,74.125.24.0-255,2902,162845,79,234761
29946,0.003516,172.31.40.0-255,66,162911,79,234761
29947,0.003548,172.31.40.0-255,66,162977,79,234761
29948,0.003572,74.125.24.0-255,1484,164461,79,234761
29949,0.003576,74.125.24.0-255,1484,165945,79,234761
29950,0.003578,172.31.40.0-255,66,166011,79,234761
29951,0.003603,74.125.24.0-255,1484,167495,79,234761
29952,0.003611,74.125.24.0-255,5738,173233,79,234761
29953,0.003613,172.31.40.0-255,66,173299,79,234761
29954,0.003624,172.31.40.0-255,66,173365,79,234761
29955,0.003641,172.31.40.0-255,66,173431,79,234761
29956,0.003677,74.125.24.0-255,5020,178451,79,234761
29957,0.00368,172.31.40.0-255,66,178517,79,234761
29958,0.003704,74.125.24.0-255,2902,181419,79,234761
29959,0.003707,172.31.40.0-255,66,181485,79,234761
29960,0.00371,74.125.24.0-255,1484,182969,79,234761
29961,0.003734,74.125.24.0-255,2902,185871,79,234761
29962,0.003737,172.31.40.0-255,66,185937,79,234761
29963,0.003745,74.125.24.0-255,7156,193093,79,234761
29964,0.003747,172.31.40.0-255,66,193159,79,234761
29965,0.003759,74.125.24.0-255,1484,194643,79,234761
29966,0.003794,172.31.40.0-255,66,194709,79,234761
29967,0.003906,74.125.24.0-255,1484,196193,79,234761
29968,0.003911,74.125.24.0-255,1484,197677,79,234761
29969,0.003914,172.31.40.0-255,66,197743,79,234761
29970,0.003931,74.125.24.0-255,1484,199227,79,234761
29971,0.003938,74.125.24.0-255,5738,204965,79,234761
29972,0.003942,172.31.40.0-255,66,205031,79,234761
29973,0.003946,74.125.24.0-255,2902,207933,79,234761
29974,0.003948,172.31.40.0-255,66,207999,79,234761
29975,0.003988,172.31.40.0-255,66,208065,79,234761
29976,0.003996,74.125.24.0-255,7156,215221,79,234761
29977,0.004003,172.31.40.0-255,66,215287,79,234761
29978,0.004031,74.125.24.0-255,6438,221725,79,234761
29979,0.004035,172.31.40.0-255,66,221791,79,234761
29980,0.004042,74.125.24.0-255,7156,228947,79,234761
29981,0.004043,172.31.40.0-255,66,229013,79,234761
29982,0.004123,172.31.40.0-255,66,229079,79,234761
29983,0.004128,74.125.24.0-255,4320,233399,79,234761
29984,0.004131,172.31.40.0-255,66,233465,79,234761
29985,0.00415,172.31.40.0-255,66,233531,79,234761
29986,0.004186,172.31.40.0-255,66,233597,79,234761
29987,0.00419,74.125.24.0-255,822,234419,79,234761
29988,0.004193,74.125.24.0-255,105,234524,79,234761
29989,0.008336,172.31.40.0-255,66,234590,79,234761
29990,0.00838,172.31.40.0-255,105,234695,79,234761
29991,0.010946,74.125.24.0-255,66,234761,79,234761
29992,0.0,74.125.24.0-255,156,156,79,247253
29993,2.3e-05,172.31.40.0-255,66,222,79,247253
29994,3e-05,74.125.24.0-255,1484,1706,79,247253
29995,3.5e-05,172.31.40.0-255,66,1772,79,247253
29996,4.1e-05,74.125.24.0-255,2902,4674,79,247253
29997,5.2e-05,172.31.40.0-255,66,4740,79,247253
29998,6e-05,74.125.24.0-255,5738,10478,79,247253
29999,6.3e-05,172.31.40.0-255,66,10544,79,247253
30000,9.8e-05,74.125.24.0-255,3481,14025,79,247253
30001,0.000101,172.31.40.0-255,66,14091,79,247253
30002,0.000304,74.125.24.0-255,1484,15575,79,247253
30003,0.00031,172.31.40.0-255,66,15641,79,247253
30004,0.000316,74.125.24.0-255,2902,18543,79,247253
30005,0.000319,172.31.40.0-255,66,18609,79,247253
30006,0.000322,74.125.24.0-255,1484,20093,79,247253
30007,0.000329,172.31.40.0-255,66,20159,79,247253
30008,0.000371,74.125.24.0-255,2902,23061,79,247253
30009,0.000374,172.31.40.0-255,66,23127,79,247253
30010,0.000381,74.125.24.0-255,5738,28865,79,247253
30011,0.0004,172.31.40.0-255,66,28931,79,247253
30012,0.000405,74.125.24.0-255,2543,31474,79,247253
30013,0.000408,172.31.40.0-255,66,31540,79,247253
30014,0.000512,74.125.24.0-255,1484,33024,79,247253
30015,0.000517,172.31.40.0-255,66,33090,79,247253
30016,0.000523,74.125.24.0-255,2902,35992,79,247253
30017,0.000526,172.31.40.0-255,66,36058,79,247253
30018,0.000529,74.125.24.0-255,1484,37542,79,247253
30019,0.000536,172.31.40.0-255,66,37608,79,247253
30020,0.000575,74.125.24.0-255,4320,41928,79,247253
30021,0.000578,172.31.40.0-255,66,41994,79,247253
30022,0.000586,74.125.24.0-255,6797,48791,79,247253
30023,0.000588,172.31.40.0-255,66,48857,79,247253
30024,0.000609,172.31.40.0-255,66,48923,79,247253
30025,0.000613,74.125.24.0-255,2820,51743,79,247253
30026,0.000618,74.125.24.0-255,132,51875,79,247253
30027,0.000623,172.31.40.0-255,66,51941,79,247253
30028,0.000665,74.125.24.0-255,342,52283,79,247253
30029,0.00089,74.125.24.0-255,1484,53767,79,247253
30030,0.000894,172.31.40.0-255,66,53833,79,247253
30031,0.000924,74.125.24.0-255,2902,56735,79,247253
30032,0.000927,172.31.40.0-255,66,56801,79,247253
30033,0.000933,74.125.24.0-255,5738,62539,79,247253
30034,0.000935,172.31.40.0-255,66,62605,79,247253
30035,0.000948,74.125.24.0-255,7156,69761,79,247253
30036,0.00095,172.31.40.0-255,66,69827,79,247253
30037,0.000987,74.125.24.0-255,5738,75565,79,247253
30038,0.00099,172.31.40.0-255,66,75631,79,247253
30039,0.001008,172.31.40.0-255,66,75697,79,247253
30040,0.001149,74.125.24.0-255,1484,77181,79,247253
30041,0.001155,74.125.24.0-255,2902,80083,79,247253
30042,0.001158,172.31.40.0-255,66,80149,79,247253
30043,0.001163,74.125.24.0-255,2902,83051,79,247253
30044,0.001165,172.31.40.0-255,66,83117,79,247253
30045,0.001186,74.125.24.0-255,2902,86019,79,247253
30046,0.001189,172.31.40.0-255,66,86085,79,247253
30047,0.001199,74.125.24.0-255,5738,91823,79,247253
30048,0.001202,172.31.40.0-255,66,91889,79,247253
30049,0.001234,74.125.24.0-255,7156,99045,79,247253
30050,0.001241,172.31.40.0-255,66,99111,79,247253
30051,0.001253,172.31.40.0-255,66,99177,79,247253
30052,0.001345,74.125.24.0-255,1484,100661,79,247253
30053,0.001358,74.125.24.0-255,2902,103563,79,247253
30054,0.001361,172.31.40.0-255,66,103629,79,247253
30055,0.001393,74.125.24.0-255,5738,109367,79,247253
30056,0.001396,172.31.40.0-255,66,109433,79,247253
30057,0.001407,172.31.40.0-255,66,109499,79,247253
30058,0.001473,74.125.24.0-255,5738,115237,79,247253
30059,0.001477,172.31.40.0-255,66,115303,79,247253
30060,0.001514,172.31.40.0-255,66,115369,79,247253
30061,0.001602,74.125.24.0-255,1484,116853,79,247253
30062,0.00162,74.125.24.0-255,2902,119755,79,247253
30063,0.001624,172.31.40.0-255,66,119821,79,247253
30064,0.001628,74.125.24.0-255,1484,121305,79,247253
30065,0.001656,74.125.24.0-255,4320,125625,79,247253
30066,0.00166,74.125.24.0-255,2902,128527,79,247253
30067,0.001664,172.31.40.0-255,66,128593,79,247253
30068,0.001667,172.31.40.0-255,66,128659,79,247253
30069,0.001694,74.125.24.0-255,7156,135815,79,247253
30070,0.001697,172.31.40.0-255,66,135881,79,247253
30071,0.001716,172.31.40.0-255,66,135947,79,247253
30072,0.001777,74.125.24.0-255,1484,137431,79,247253
30073,0.001782,74.125.24.0-255,2902,140333,79,247253
30074,0.001784,172.31.40.0-255,66,140399,79,247253
30075,0.001791,74.125.24.0-255,5738,146137,79,247253
30076,0.001794,172.31.40.0-255,66,146203,79,247253
30077,0.001805,74.125.24.0-255,5738,151941,79,247253
30078,0.001807,172.31.40.0-255,66,152007,79,247253
30079,0.001851,172.31.40.0-255,66,152073,79,247253
30080,0.001857,74.125.24.0-255,5020,157093,79,247253
30081,0.00186,172.31.40.0-255,66,157159,79,247253
30082,0.001983,74.125.24.0-255,1484,158643,79,247253
30083,0.002,74.125.24.0-255,2902,161545,79,247253
30084,0.002003,172.31.40.0-255,66,161611,79,247253
30085,0.002031,74.125.24.0-255,5738,167349,79,247253
30086,0.002034,172.31.40.0-255,66,167415,79,247253
30087,0.002059,74.125.24.0-255,5738,173153,79,247253
30088,0.002066,172.31.40.0-255,66,173219,79,247253
30089,0.002088,74.125.24.0-255,7156,180375,79,247253
30090,0.00209,172.31.40.0-255,66,180441,79,247253
30091,0.00213,172.31.40.0-255,66,180507,79,247253
30092,0.002214,74.125.24.0-255,1484,181991,79,247253
30093,0.002235,74.125.24.0-255,2902,184893,79,247253
30094,0.002241,74.125.24.0-255,5738,190631,79,247253
30095,0.002247,74.125.24.0-255,4320,194951,79,247253
30096,0.002253,172.31.40.0-255,66,195017,79,247253
30097,0.002282,74.125.24.0-255,5738,200755,79,247253
30098,0.002307,74.125.24.0-255,5738,206493,79,247253
30099,0.002318,172.31.40.0-255,66,206559,79,247253
30100,0.002354,172.31.40.0-255,66,206625,79,247253
30101,0.004633,74.125.24.0-255,5738,212363,79,247253
30102,0.00464,172.31.40.0-255,66,212429,79,247253
30103,0.00697,74.125.24.0-255,5738,218167,79,247253
30104,0.006984,172.31.40.0-255,66,218233,79,247253
30105,0.009302,74.125.24.0-255,5738,223971,79,247253
30106,0.009319,172.31.40.0-255,66,224037,79,247253
30107,0.011597,74.125.24.0-255,5738,229775,79,247253
30108,0.011604,172.31.40.0-255,66,229841,79,247253
30109,0.013898,74.125.24.0-255,5738,235579,79,247253
30110,0.013902,172.31.40.0-255,66,235645,79,247253
30111,0.016205,74.125.24.0-255,5738,241383,79,247253
30112,0.01622,172.31.40.0-255,66,241449,79,247253
30113,0.018543,74.125.24.0-255,5738,247187,79,247253
30114,0.018557,172.31.40.0-255,66,247253,79,247253
30115,0.0,74.125.24.0-255,156,156,79,106293
30116,2e-05,172.31.40.0-255,66,222,79,106293
30117,2.7e-05,74.125.24.0-255,1484,1706,79,106293
30118,3.2e-05,172.31.40.0-255,66,1772,79,106293
30119,3.7e-05,74.125.24.0-255,2902,4674,79,106293
30120,4.8e-05,172.31.40.0-255,66,4740,79,106293
30121,5.6e-05,74.125.24.0-255,7156,11896,79,106293
30122,6e-05,172.31.40.0-255,66,11962,79,106293
30123,6.5e-05,74.125.24.0-255,2016,13978,79,106293
30124,6.8e-05,172.31.40.0-255,66,14044,79,106293
30125,0.001184,74.125.24.0-255,1484,15528,79,106293
30126,0.001209,172.31.40.0-255,66,15594,79,106293
30127,0.001217,74.125.24.0-255,2902,18496,79,106293
30128,0.001219,172.31.40.0-255,66,18562,79,106293
30129,0.001233,74.125.24.0-255,5738,24300,79,106293
30130,0.001235,172.31.40.0-255,66,24366,79,106293
30131,0.00124,74.125.24.0-255,4320,28686,79,106293
30132,0.001243,172.31.40.0-255,66,28752,79,106293
30133,0.001267,74.125.24.0-255,2543,31295,79,106293
30134,0.001274,172.31.40.0-255,66,31361,79,106293
30135,0.001492,74.125.24.0-255,1484,32845,79,106293
30136,0.001495,172.31.40.0-255,66,32911,79,106293
30137,0.001499,74.125.24.0-255,2902,35813,79,106293
30138,0.001502,172.31.40.0-255,66,35879,79,106293
30139,0.001533,74.125.24.0-255,5738,41617,79,106293
30140,0.001536,172.31.40.0-255,66,41683,79,106293
30141,0.001579,74.125.24.0-255,6797,48480,79,106293
30142,0.001582,172.31.40.0-255,66,48546,79,106293
30143,0.00161,74.125.24.0-255,7156,55702,79,106293
30144,0.001613,172.31.40.0-255,66,55768,79,106293
30145,0.001619,74.125.24.0-255,5738,61506,79,106293
30146,0.001621,172.31.40.0-255,66,61572,79,106293
30147,0.001668,74.125.24.0-255,3961,65533,79,106293
30148,0.001672,172.31.40.0-255,66,65599,79,106293
30149,0.003899,74.125.24.0-255,1484,67083,79,106293
30150,0.003959,74.125.24.0-255,4320,71403,79,106293
30151,0.003965,172.31.40.0-255,66,71469,79,106293
30152,0.006262,74.125.24.0-255,5738,77207,79,106293
30153,0.00627,172.31.40.0-255,66,77273,79,106293
30154,0.008564,74.125.24.0-255,5738,83011,79,106293
30155,0.008572,172.31.40.0-255,66,83077,79,106293
30156,0.010887,74.125.24.0-255,5738,88815,79,106293
30157,0.010895,172.31.40.0-255,66,88881,79,106293
30158,0.013195,74.125.24.0-255,5738,94619,79,106293
30159,0.013202,172.31.40.0-255,66,94685,79,106293
30160,0.015526,74.125.24.0-255,5738,100423,79,106293
30161,0.015533,172.31.40.0-255,66,100489,79,106293
30162,0.017859,74.125.24.0-255,5738,106227,79,106293
30163,0.017866,172.31.40.0-255,66,106293,79,106293
30164,0.0,172.217.194.0-255,298,298,79,165997
30165,3.7e-05,172.31.40.0-255,66,364,79,165997
30166,4.3e-05,172.217.194.0-255,1484,1848,79,165997
30167,4.7e-05,172.31.40.0-255,66,1914,79,165997
30168,5.3e-05,172.217.194.0-255,4320,6234,79,165997
30169,5.6e-05,172.31.40.0-255,66,6300,79,165997
30170,6.8e-05,172.217.194.0-255,7156,13456,79,165997
30171,7.1e-05,172.31.40.0-255,66,13522,79,165997
30172,7.3e-05,172.217.194.0-255,405,13927,79,165997
30173,7.5e-05,172.31.40.0-255,66,13993,79,165997
30174,0.000103,172.217.194.0-255,1484,15477,79,165997
30175,0.000106,172.31.40.0-255,66,15543,79,165997
30176,0.00011,172.217.194.0-255,2902,18445,79,165997
30177,0.000112,172.31.40.0-255,66,18511,79,165997
30178,0.000145,172.217.194.0-255,1484,19995,79,165997
30179,0.000148,172.31.40.0-255,66,20061,79,165997
30180,0.000158,172.31.40.0-255,66,20127,79,165997
30181,0.000165,172.217.194.0-255,1125,21252,79,165997
30182,0.000167,172.31.40.0-255,66,21318,79,165997
30183,0.000232,172.217.194.0-255,1484,22802,79,165997
30184,0.000235,172.31.40.0-255,66,22868,79,165997
30185,0.000258,172.217.194.0-255,2902,25770,79,165997
30186,0.000261,172.31.40.0-255,66,25836,79,165997
30187,0.000266,172.217.194.0-255,5738,31574,79,165997
30188,0.000268,172.31.40.0-255,66,31640,79,165997
30189,0.00033,172.31.40.0-255,66,31706,79,165997
30190,0.00034,172.31.40.0-255,66,31772,79,165997
30191,0.000347,172.217.194.0-255,120,31892,79,165997
30192,0.000349,172.31.40.0-255,66,31958,79,165997
30193,0.000396,172.217.194.0-255,379,32337,79,165997
30194,0.000684,172.217.194.0-255,1484,33821,79,165997
30195,0.000688,172.31.40.0-255,66,33887,79,165997
30196,0.000693,172.217.194.0-255,2902,36789,79,165997
30197,0.000694,172.31.40.0-255,66,36855,79,165997
30198,0.000715,172.217.194.0-255,5738,42593,79,165997
30199,0.000722,172.217.194.0-255,7156,49749,79,165997
30200,0.000722,172.31.40.0-255,66,49815,79,165997
30201,0.000736,172.31.40.0-255,66,49881,79,165997
30202,0.00075,172.217.194.0-255,7156,57037,79,165997
30203,0.000758,172.31.40.0-255,66,57103,79,165997
30204,0.000782,172.217.194.0-255,7156,64259,79,165997
30205,0.000787,172.217.194.0-255,2184,66443,79,165997
30206,0.000787,172.31.40.0-255,66,66509,79,165997
30207,0.000791,172.31.40.0-255,66,66575,79,165997
30208,0.000847,172.217.194.0-255,1484,68059,79,165997
30209,0.000865,172.217.194.0-255,2902,70961,79,165997
30210,0.000868,172.31.40.0-255,66,71027,79,165997
30211,0.000873,172.217.194.0-255,5738,76765,79,165997
30212,0.00088,172.31.40.0-255,66,76831,79,165997
30213,0.000905,172.217.194.0-255,4320,81151,79,165997
30214,0.000909,172.31.40.0-255,66,81217,79,165997
30215,0.000947,172.31.40.0-255,66,81283,79,165997
30216,0.000951,172.31.40.0-255,66,81349,79,165997
30217,0.000993,172.217.194.0-255,1484,82833,79,165997
30218,0.000998,172.217.194.0-255,2902,85735,79,165997
30219,0.001006,172.31.40.0-255,66,85801,79,165997
30220,0.001034,172.217.194.0-255,5738,91539,79,165997
30221,0.001037,172.31.40.0-255,66,91605,79,165997
30222,0.001049,172.31.40.0-255,66,91671,79,165997
30223,0.001089,172.217.194.0-255,2184,93855,79,165997
30224,0.001089,172.31.40.0-255,66,93921,79,165997
30225,0.001092,172.31.40.0-255,66,93987,79,165997
30226,0.001131,172.217.194.0-255,1484,95471,79,165997
30227,0.001134,172.217.194.0-255,1484,96955,79,165997
30228,0.001142,172.31.40.0-255,66,97021,79,165997
30229,0.001148,172.217.194.0-255,1484,98505,79,165997
30230,0.001154,172.217.194.0-255,5738,104243,79,165997
30231,0.001161,172.31.40.0-255,66,104309,79,165997
30232,0.00119,172.217.194.0-255,1484,105793,79,165997
30233,0.001191,172.31.40.0-255,66,105859,79,165997
30234,0.001229,172.31.40.0-255,66,105925,79,165997
30235,0.001315,172.217.194.0-255,1484,107409,79,165997
30236,0.001332,172.217.194.0-255,2902,110311,79,165997
30237,0.001335,172.31.40.0-255,66,110377,79,165997
30238,0.001359,172.217.194.0-255,5738,116115,79,165997
30239,0.001363,172.31.40.0-255,66,116181,79,165997
30240,0.001407,172.31.40.0-255,66,116247,79,165997
30241,0.001418,172.31.40.0-255,66,116313,79,165997
30242,0.001502,172.31.40.0-255,66,116379,79,165997
30243,0.001511,172.217.194.0-255,2902,119281,79,165997
30244,0.001514,172.31.40.0-255,66,119347,79,165997
30245,0.001554,172.31.40.0-255,66,119413,79,165997
30246,0.001556,172.217.194.0-255,7156,126569,79,165997
30247,0.001559,172.217.194.0-255,2902,129471,79,165997
30248,0.001567,172.31.40.0-255,66,129537,79,165997
30249,0.001586,172.217.194.0-255,5738,135275,79,165997
30250,0.001593,172.31.40.0-255,66,135341,79,165997
30251,0.001609,172.31.40.0-255,66,135407,79,165997
30252,0.001626,172.217.194.0-255,7156,142563,79,165997
30253,0.001629,172.217.194.0-255,766,143329,79,165997
30254,0.001632,172.31.40.0-255,66,143395,79,165997
30255,0.001669,172.217.194.0-255,4320,147715,79,165997
30256,0.001672,172.31.40.0-255,66,147781,79,165997
30257,0.001694,172.31.40.0-255,66,147847,79,165997
30258,0.001703,172.217.194.0-255,5738,153585,79,165997
30259,0.001707,172.31.40.0-255,66,153651,79,165997
30260,0.001738,172.31.40.0-255,66,153717,79,165997
30261,0.001742,172.31.40.0-255,66,153783,79,165997
30262,0.001783,172.217.194.0-255,5738,159521,79,165997
30263,0.001789,172.31.40.0-255,66,159587,79,165997
30264,0.0018,172.31.40.0-255,66,159653,79,165997
30265,0.001816,172.217.194.0-255,4320,163973,79,165997
30266,0.001824,172.31.40.0-255,66,164039,79,165997
30267,0.001868,172.217.194.0-255,1484,165523,79,165997
30268,0.001876,172.31.40.0-255,66,165589,79,165997
30269,0.00188,172.31.40.0-255,66,165655,79,165997
30270,0.00192,172.217.194.0-255,105,165760,79,165997
30271,0.001928,172.31.40.0-255,66,165826,79,165997
30272,0.003326,172.31.40.0-255,105,165931,79,165997
30273,0.005882,172.217.194.0-255,66,165997,79,165997
30274,0.0,74.125.24.0-255,149,149,79,152400
30275,2.3e-05,172.31.40.0-255,66,215,79,152400
30276,3e-05,74.125.24.0-255,1484,1699,79,152400
30277,3.4e-05,172.31.40.0-255,66,1765,79,152400
30278,4e-05,74.125.24.0-255,2902,4667,79,152400
30279,5e-05,172.31.40.0-255,66,4733,79,152400
30280,5.8e-05,74.125.24.0-255,7156,11889,79,152400
30281,6.2e-05,172.31.40.0-255,66,11955,79,152400
30282,7.9e-05,172.31.40.0-255,66,12021,79,152400
30283,0.000106,74.125.24.0-255,5379,17400,79,152400
30284,0.000113,172.31.40.0-255,66,17466,79,152400
30285,0.000181,74.125.24.0-255,1484,18950,79,152400
30286,0.000185,172.31.40.0-255,66,19016,79,152400
30287,0.000212,74.125.24.0-255,2902,21918,79,152400
30288,0.000215,172.31.40.0-255,66,21984,79,152400
30289,0.00022,74.125.24.0-255,4320,26304,79,152400
30290,0.000222,172.31.40.0-255,66,26370,79,152400
30291,0.000251,74.125.24.0-255,4320,30690,79,152400
30292,0.000257,172.31.40.0-255,66,30756,79,152400
30293,0.000283,74.125.24.0-255,5379,36135,79,152400
30294,0.000286,172.31.40.0-255,66,36201,79,152400
30295,0.000298,172.31.40.0-255,66,36267,79,152400
30296,0.000303,74.125.24.0-255,4320,40587,79,152400
30297,0.000306,172.31.40.0-255,66,40653,79,152400
30298,0.000337,74.125.24.0-255,1398,42051,79,152400
30299,0.000339,172.31.40.0-255,66,42117,79,152400
30300,0.000342,74.125.24.0-255,127,42244,79,152400
30301,0.000344,172.31.40.0-255,66,42310,79,152400
30302,0.000363,74.125.24.0-255,352,42662,79,152400
30303,0.000365,172.31.40.0-255,66,42728,79,152400
30304,0.000509,74.125.24.0-255,1484,44212,79,152400
30305,0.000517,74.125.24.0-255,2902,47114,79,152400
30306,0.000529,74.125.24.0-255,1484,48598,79,152400
30307,0.000544,74.125.24.0-255,4320,52918,79,152400
30308,0.00055,74.125.24.0-255,4320,57238,79,152400
30309,0.00058,74.125.24.0-255,5738,62976,79,152400
30310,0.000594,74.125.24.0-255,5738,68714,79,152400
30311,0.000597,74.125.24.0-255,1484,70198,79,152400
30312,0.000621,74.125.24.0-255,6438,76636,79,152400
30313,0.000658,172.31.40.0-255,66,76702,79,152400
30314,0.000902,74.125.24.0-255,1484,78186,79,152400
30315,0.000916,74.125.24.0-255,1484,79670,79,152400
30316,0.000933,172.31.40.0-255,66,79736,79,152400
30317,0.000937,74.125.24.0-255,1484,81220,79,152400
30318,0.000943,74.125.24.0-255,5738,86958,79,152400
30319,0.000966,74.125.24.0-255,7156,94114,79,152400
30320,0.000979,172.31.40.0-255,66,94180,79,152400
30321,0.001012,74.125.24.0-255,3602,97782,79,152400
30322,0.00103,172.31.40.0-255,66,97848,79,152400
30323,0.001042,74.125.24.0-255,4320,102168,79,152400
30324,0.001064,172.31.40.0-255,66,102234,79,152400
30325,0.001091,74.125.24.0-255,1484,103718,79,152400
30326,0.001102,172.31.40.0-255,66,103784,79,152400
30327,0.001144,74.125.24.0-255,5738,109522,79,152400
30328,0.00116,74.125.24.0-255,2184,111706,79,152400
30329,0.001176,172.31.40.0-255,66,111772,79,152400
30330,0.003243,74.125.24.0-255,5738,117510,79,152400
30331,0.003253,172.31.40.0-255,66,117576,79,152400
30332,0.005338,74.125.24.0-255,5738,123314,79,152400
30333,0.007848,172.31.40.0-255,66,123380,79,152400
30334,0.009916,74.125.24.0-255,5738,129118,79,152400
30335,0.009928,172.31.40.0-255,66,129184,79,152400
30336,0.012004,74.125.24.0-255,5738,134922,79,152400
30337,0.012013,172.31.40.0-255,66,134988,79,152400
30338,0.014098,74.125.24.0-255,5738,140726,79,152400
30339,0.014112,172.31.40.0-255,66,140792,79,152400
30340,0.016194,74.125.24.0-255,5738,146530,79,152400
30341,0.016207,172.31.40.0-255,66,146596,79,152400
30342,0.018277,74.125.24.0-255,5738,152334,79,152400
30343,0.01829,172.31.40.0-255,66,152400,79,152400
30344,0.0,74.125.24.0-255,297,297,79,260464
30345,1.8e-05,172.31.40.0-255,66,363,79,260464
30346,2.4e-05,74.125.24.0-255,1484,1847,79,260464
30347,2.8e-05,172.31.40.0-255,66,1913,79,260464
30348,3.5e-05,74.125.24.0-255,4320,6233,79,260464
30349,3.8e-05,172.31.40.0-255,66,6299,79,260464
30350,7.1e-05,74.125.24.0-255,2902,9201,79,260464
30351,7.4e-05,172.31.40.0-255,66,9267,79,260464
30352,0.0001,74.125.24.0-255,6094,15361,79,260464
30353,0.000102,172.31.40.0-255,66,15427,79,260464
30354,0.000117,172.31.40.0-255,66,15493,79,260464
30355,0.00012,74.125.24.0-255,1125,16618,79,260464
30356,0.000123,172.31.40.0-255,66,16684,79,260464
30357,0.000127,74.125.24.0-255,1484,18168,79,260464
30358,0.000129,172.31.40.0-255,66,18234,79,260464
30359,0.000135,74.125.24.0-255,4320,22554,79,260464
30360,0.000138,172.31.40.0-255,66,22620,79,260464
30361,0.000177,172.31.40.0-255,66,22686,79,260464
30362,0.000179,74.125.24.0-255,1125,23811,79,260464
30363,0.000181,172.31.40.0-255,66,23877,79,260464
30364,0.000213,74.125.24.0-255,1484,25361,79,260464
30365,0.000216,172.31.40.0-255,66,25427,79,260464
30366,0.000233,74.125.24.0-255,4320,29747,79,260464
30367,0.000236,172.31.40.0-255,66,29813,79,260464
30368,0.000243,74.125.24.0-255,7156,36969,79,260464
30369,0.000245,172.31.40.0-255,66,37035,79,260464
30370,0.000269,74.125.24.0-255,4293,41328,79,260464
30371,0.000271,172.31.40.0-255,66,41394,79,260464
30372,0.000489,74.125.24.0-255,114,41508,79,260464
30373,0.000495,172.31.40.0-255,66,41574,79,260464
30374,0.000632,74.125.24.0-255,1484,43058,79,260464
30375,0.00064,74.125.24.0-255,2902,45960,79,260464
30376,0.000643,172.31.40.0-255,66,46026,79,260464
30377,0.000647,74.125.24.0-255,1484,47510,79,260464
30378,0.000664,74.125.24.0-255,4320,51830,79,260464
30379,0.000667,172.31.40.0-255,66,51896,79,260464
30380,0.000694,74.125.24.0-255,2902,54798,79,260464
30381,0.000697,172.31.40.0-255,66,54864,79,260464
30382,0.00072,172.31.40.0-255,66,54930,79,260464
30383,0.000736,74.125.24.0-255,4320,59250,79,260464
30384,0.000739,172.31.40.0-255,66,59316,79,260464
30385,0.000756,74.125.24.0-255,5620,64936,79,260464
30386,0.000759,172.31.40.0-255,66,65002,79,260464
30387,0.000906,74.125.24.0-255,1484,66486,79,260464
30388,0.000911,74.125.24.0-255,2902,69388,79,260464
30389,0.000914,172.31.40.0-255,66,69454,79,260464
30390,0.000917,74.125.24.0-255,1484,70938,79,260464
30391,0.000938,74.125.24.0-255,4320,75258,79,260464
30392,0.000941,172.31.40.0-255,66,75324,79,260464
30393,0.000952,172.31.40.0-255,66,75390,79,260464
30394,0.000983,74.125.24.0-255,2902,78292,79,260464
30395,0.000985,172.31.40.0-255,66,78358,79,260464
30396,0.000996,172.31.40.0-255,66,78424,79,260464
30397,0.000998,74.125.24.0-255,766,79190,79,260464
30398,0.001338,74.125.24.0-255,1484,80674,79,260464
30399,0.001342,172.31.40.0-255,66,80740,79,260464
30400,0.001346,74.125.24.0-255,2902,83642,79,260464
30401,0.001348,172.31.40.0-255,66,83708,79,260464
30402,0.001352,74.125.24.0-255,2902,86610,79,260464
30403,0.001354,172.31.40.0-255,66,86676,79,260464
30404,0.001374,74.125.24.0-255,2902,89578,79,260464
30405,0.001377,172.31.40.0-255,66,89644,79,260464
30406,0.001406,74.125.24.0-255,4320,93964,79,260464
30407,0.001407,172.31.40.0-255,66,94030,79,260464
30408,0.001434,172.31.40.0-255,66,94096,79,260464
30409,0.001439,74.125.24.0-255,5738,99834,79,260464
30410,0.001441,172.31.40.0-255,66,99900,79,260464
30411,0.001446,74.125.24.0-255,5020,104920,79,260464
30412,0.001448,172.31.40.0-255,66,104986,79,260464
30413,0.001546,74.125.24.0-255,1484,106470,79,260464
30414,0.001563,74.125.24.0-255,2902,109372,79,260464
30415,0.001566,172.31.40.0-255,66,109438,79,260464
30416,0.00157,74.125.24.0-255,2902,112340,79,260464
30417,0.001572,172.31.40.0-255,66,112406,79,260464
30418,0.001591,74.125.24.0-255,2902,115308,79,260464
30419,0.001593,172.31.40.0-255,66,115374,79,260464
30420,0.001609,74.125.24.0-255,7156,122530,79,260464
30421,0.001611,172.31.40.0-255,66,122596,79,260464
30422,0.00163,74.125.24.0-255,5738,128334,79,260464
30423,0.001632,172.31.40.0-255,66,128400,79,260464
30424,0.001649,74.125.24.0-255,4320,132720,79,260464
30425,0.001652,172.31.40.0-255,66,132786,79,260464
30426,0.001665,74.125.24.0-255,6438,139224,79,260464
30427,0.001667,172.31.40.0-255,66,139290,79,260464
30428,0.001784,74.125.24.0-255,1484,140774,79,260464
30429,0.001798,74.125.24.0-255,2902,143676,79,260464
30430,0.0018,172.31.40.0-255,66,143742,79,260464
30431,0.001805,74.125.24.0-255,2902,146644,79,260464
30432,0.001807,172.31.40.0-255,66,146710,79,260464
30433,0.001824,74.125.24.0-255,2902,149612,79,260464
30434,0.001826,172.31.40.0-255,66,149678,79,260464
30435,0.001832,74.125.24.0-255,7156,156834,79,260464
30436,0.001834,172.31.40.0-255,66,156900,79,260464
30437,0.001854,74.125.24.0-255,5738,162638,79,260464
30438,0.001857,172.31.40.0-255,66,162704,79,260464
30439,0.001867,172.31.40.0-255,66,162770,79,260464
30440,0.001973,74.125.24.0-255,1484,164254,79,260464
30441,0.001978,74.125.24.0-255,2902,167156,79,260464
30442,0.001981,172.31.40.0-255,66,167222,79,260464
30443,0.002003,74.125.24.0-255,5738,172960,79,260464
30444,0.002005,172.31.40.0-255,66,173026,79,260464
30445,0.002016,74.125.24.0-255,7156,180182,79,260464
30446,0.002018,172.31.40.0-255,66,180248,79,260464
30447,0.002052,172.31.40.0-255,66,180314,79,260464
30448,0.002057,74.125.24.0-255,5020,185334,79,260464
30449,0.002059,172.31.40.0-255,66,185400,79,260464
30450,0.002096,74.125.24.0-255,1484,186884,79,260464
30451,0.002131,172.31.40.0-255,66,186950,79,260464
30452,0.002141,172.31.40.0-255,66,187016,79,260464
30453,0.002174,74.125.24.0-255,1484,188500,79,260464
30454,0.002179,74.125.24.0-255,2902,191402,79,260464
30455,0.002181,172.31.40.0-255,66,191468,79,260464
30456,0.002187,74.125.24.0-255,5738,197206,79,260464
30457,0.002189,172.31.40.0-255,66,197272,79,260464
30458,0.002208,74.125.24.0-255,5738,203010,79,260464
30459,0.00221,172.31.40.0-255,66,203076,79,260464
30460,0.002231,74.125.24.0-255,7156,210232,79,260464
30461,0.002234,172.31.40.0-255,66,210298,79,260464
30462,0.002239,74.125.24.0-255,5738,216036,79,260464
30463,0.002241,172.31.40.0-255,66,216102,79,260464
30464,0.002289,74.125.24.0-255,5020,221122,79,260464
30465,0.002291,172.31.40.0-255,66,221188,79,260464
30466,0.00458,74.125.24.0-255,5738,226926,79,260464
30467,0.004588,172.31.40.0-255,66,226992,79,260464
30468,0.006876,74.125.24.0-255,4320,231312,79,260464
30469,0.006884,172.31.40.0-255,66,231378,79,260464
30470,0.006902,74.125.24.0-255,1484,232862,79,260464
30471,0.009178,74.125.24.0-255,4320,237182,79,260464
30472,0.009183,172.31.40.0-255,66,237248,79,260464
30473,0.01148,74.125.24.0-255,5738,242986,79,260464
30474,0.011486,172.31.40.0-255,66,243052,79,260464
30475,0.013765,74.125.24.0-255,5738,248790,79,260464
30476,0.013772,172.31.40.0-255,66,248856,79,260464
30477,0.016077,74.125.24.0-255,5738,254594,79,260464
30478,0.016084,172.31.40.0-255,66,254660,79,260464
30479,0.018415,74.125.24.0-255,5738,260398,79,260464
30480,0.018424,172.31.40.0-255,66,260464,79,260464
30481,0.0,172.31.40.0-255,105,105,79,105
30482,0.0,74.125.68.0-255,153,153,79,194998
30483,2e-05,172.31.40.0-255,66,219,79,194998
30484,2.7e-05,74.125.68.0-255,1484,1703,79,194998
30485,3.2e-05,172.31.40.0-255,66,1769,79,194998
30486,3.8e-05,74.125.68.0-255,2902,4671,79,194998
30487,4.1e-05,172.31.40.0-255,66,4737,79,194998
30488,4.4e-05,74.125.68.0-255,1484,6221,79,194998
30489,4.7e-05,172.31.40.0-255,66,6287,79,194998
30490,5.2e-05,74.125.68.0-255,1484,7771,79,194998
30491,5.4e-05,172.31.40.0-255,66,7837,79,194998
30492,7.2e-05,74.125.68.0-255,1484,9321,79,194998
30493,7.6e-05,172.31.40.0-255,66,9387,79,194998
30494,9.4e-05,74.125.68.0-255,4320,13707,79,194998
30495,9.7e-05,172.31.40.0-255,66,13773,79,194998
30496,0.000114,74.125.68.0-255,587,14360,79,194998
30497,0.000116,172.31.40.0-255,66,14426,79,194998
30498,0.000383,74.125.68.0-255,1484,15910,79,194998
30499,0.000389,172.31.40.0-255,66,15976,79,194998
30500,0.000395,74.125.68.0-255,2902,18878,79,194998
30501,0.000398,172.31.40.0-255,66,18944,79,194998
30502,0.00043,74.125.68.0-255,5738,24682,79,194998
30503,0.000434,172.31.40.0-255,66,24748,79,194998
30504,0.000438,74.125.68.0-255,1484,26232,79,194998
30505,0.00044,172.31.40.0-255,66,26298,79,194998
30506,0.000462,74.125.68.0-255,5379,31677,79,194998
30507,0.000465,172.31.40.0-255,66,31743,79,194998
30508,0.000715,74.125.68.0-255,1484,33227,79,194998
30509,0.00072,172.31.40.0-255,66,33293,79,194998
30510,0.000727,74.125.68.0-255,2902,36195,79,194998
30511,0.000729,172.31.40.0-255,66,36261,79,194998
30512,0.000734,74.125.68.0-255,2902,39163,79,194998
30513,0.000736,172.31.40.0-255,66,39229,79,194998
30514,0.000762,74.125.68.0-255,4320,43549,79,194998
30515,0.000777,172.31.40.0-255,66,43615,79,194998
30516,0.000805,74.125.68.0-255,1125,44740,79,194998
30517,0.000837,172.31.40.0-255,66,44806,79,194998
30518,0.000841,172.31.40.0-255,66,44872,79,194998
30519,0.000853,74.125.68.0-255,2543,47415,79,194998
30520,0.000871,172.31.40.0-255,66,47481,79,194998
30521,0.001386,74.125.68.0-255,647,48128,79,194998
30522,0.001413,74.125.68.0-255,1484,49612,79,194998
30523,0.001418,172.31.40.0-255,66,49678,79,194998
30524,0.001426,74.125.68.0-255,4320,53998,79,194998
30525,0.001439,74.125.68.0-255,1484,55482,79,194998
30526,0.001457,74.125.68.0-255,2902,58384,79,194998
30527,0.001463,74.125.68.0-255,5738,64122,79,194998
30528,0.001498,74.125.68.0-255,5738,69860,79,194998
30529,0.001518,74.125.68.0-255,5738,75598,79,194998
30530,0.001524,74.125.68.0-255,4320,79918,79,194998
30531,0.001578,74.125.68.0-255,2184,82102,79,194998
30532,0.00194,74.125.68.0-255,1484,83586,79,194998
30533,0.001947,74.125.68.0-255,2902,86488,79,194998
30534,0.001952,74.125.68.0-255,1484,87972,79,194998
30535,0.001972,74.125.68.0-255,4320,92292,79,194998
30536,0.001976,74.125.68.0-255,2902,95194,79,194998
30537,0.001991,74.125.68.0-255,4320,99514,79,194998
30538,0.002027,74.125.68.0-255,5738,105252,79,194998
30539,0.002048,74.125.68.0-255,7156,112408,79,194998
30540,0.00206,74.125.68.0-255,1484,113892,79,194998
30541,0.002078,74.125.68.0-255,2184,116076,79,194998
30542,0.002108,74.125.68.0-255,2902,118978,79,194998
30543,0.002128,74.125.68.0-255,4320,123298,79,194998
30544,0.002152,74.125.68.0-255,1484,124782,79,194998
30545,0.002171,74.125.68.0-255,7156,131938,79,194998
30546,0.002175,74.125.68.0-255,4320,136258,79,194998
30547,0.00221,74.125.68.0-255,4320,140578,79,194998
30548,0.002222,74.125.68.0-255,1484,142062,79,194998
30549,0.002286,74.125.68.0-255,1484,143546,79,194998
30550,0.002316,74.125.68.0-255,2902,146448,79,194998
30551,0.002321,74.125.68.0-255,4320,150768,79,194998
30552,0.002346,74.125.68.0-255,5738,156506,79,194998
30553,0.002377,74.125.68.0-255,2902,159408,79,194998
30554,0.002403,74.125.68.0-255,5738,165146,79,194998
30555,0.002415,74.125.68.0-255,766,165912,79,194998
30556,0.004695,172.31.40.0-255,66,165978,79,194998
30557,0.007227,74.125.68.0-255,5738,171716,79,194998
30558,0.007233,172.31.40.0-255,66,171782,79,194998
30559,0.009731,74.125.68.0-255,5738,177520,79,194998
30560,0.009739,172.31.40.0-255,66,177586,79,194998
30561,0.012246,74.125.68.0-255,5738,183324,79,194998
30562,0.014573,172.31.40.0-255,66,183390,79,194998
30563,0.017077,74.125.68.0-255,5738,189128,79,194998
30564,0.017088,172.31.40.0-255,66,189194,79,194998
30565,0.019589,74.125.68.0-255,5738,194932,79,194998
30566,0.019598,172.31.40.0-255,66,194998,79,194998
30567,0.0,172.217.194.0-255,150,150,79,153426
30568,1.5e-05,172.31.40.0-255,66,216,79,153426
30569,2.1e-05,172.217.194.0-255,1484,1700,79,153426
30570,2.5e-05,172.31.40.0-255,66,1766,79,153426
30571,3e-05,172.217.194.0-255,2902,4668,79,153426
30572,3.4e-05,172.31.40.0-255,66,4734,79,153426
30573,4e-05,172.217.194.0-255,7156,11890,79,153426
30574,4.3e-05,172.31.40.0-255,66,11956,79,153426
30575,4.6e-05,172.217.194.0-255,1484,13440,79,153426
30576,4.8e-05,172.31.40.0-255,66,13506,79,153426
30577,7.7e-05,172.31.40.0-255,66,13572,79,153426
30578,0.00011,172.217.194.0-255,1484,15056,79,153426
30579,0.000112,172.31.40.0-255,66,15122,79,153426
30580,0.000136,172.217.194.0-255,6797,21919,79,153426
30581,0.000138,172.31.40.0-255,66,21985,79,153426
30582,0.000151,172.217.194.0-255,1484,23469,79,153426
30583,0.000153,172.31.40.0-255,66,23535,79,153426
30584,0.000156,172.217.194.0-255,1484,25019,79,153426
30585,0.000157,172.31.40.0-255,66,25085,79,153426
30586,0.000173,172.217.194.0-255,1484,26569,79,153426
30587,0.000175,172.31.40.0-255,66,26635,79,153426
30588,0.00018,172.217.194.0-255,5738,32373,79,153426
30589,0.000182,172.31.40.0-255,66,32439,79,153426
30590,0.000235,172.31.40.0-255,66,32505,79,153426
30591,0.000252,172.217.194.0-255,1484,33989,79,153426
30592,0.000254,172.31.40.0-255,66,34055,79,153426
30593,0.000279,172.31.40.0-255,66,34121,79,153426
30594,0.000301,172.217.194.0-255,98,34219,79,153426
30595,0.000304,172.31.40.0-255,66,34285,79,153426
30596,0.000391,172.217.194.0-255,1484,35769,79,153426
30597,0.000396,172.217.194.0-255,2902,38671,79,153426
30598,0.000399,172.31.40.0-255,66,38737,79,153426
30599,0.000423,172.217.194.0-255,5738,44475,79,153426
30600,0.000425,172.31.40.0-255,66,44541,79,153426
30601,0.000452,172.217.194.0-255,4320,48861,79,153426
30602,0.000454,172.31.40.0-255,66,48927,79,153426
30603,0.000469,172.217.194.0-255,2543,51470,79,153426
30604,0.000471,172.31.40.0-255,66,51536,79,153426
30605,0.000686,172.217.194.0-255,1484,53020,79,153426
30606,0.000699,172.217.194.0-255,1484,54504,79,153426
30607,0.000702,172.31.40.0-255,66,54570,79,153426
30608,0.000714,172.217.194.0-255,2902,57472,79,153426
30609,0.000715,172.31.40.0-255,66,57538,79,153426
30610,0.00072,172.217.194.0-255,2902,60440,79,153426
30611,0.000721,172.31.40.0-255,66,60506,79,153426
30612,0.000741,172.217.194.0-255,2902,63408,79,153426
30613,0.000743,172.31.40.0-255,66,63474,79,153426
30614,0.000765,172.217.194.0-255,1484,64958,79,153426
30615,0.000805,172.31.40.0-255,66,65024,79,153426
30616,0.000818,172.31.40.0-255,66,65090,79,153426
30617,0.00082,172.217.194.0-255,1484,66574,79,153426
30618,0.000844,172.31.40.0-255,66,66640,79,153426
30619,0.000866,172.217.194.0-255,1903,68543,79,153426
30620,0.000868,172.31.40.0-255,66,68609,79,153426
30621,0.000882,172.217.194.0-255,1484,70093,79,153426
30622,0.000885,172.217.194.0-255,1484,71577,79,153426
30623,0.000887,172.31.40.0-255,66,71643,79,153426
30624,0.000913,172.217.194.0-255,1484,73127,79,153426
30625,0.00092,172.217.194.0-255,5738,78865,79,153426
30626,0.000922,172.31.40.0-255,66,78931,79,153426
30627,0.000925,172.217.194.0-255,1484,80415,79,153426
30628,0.000953,172.31.40.0-255,66,80481,79,153426
30629,0.000974,172.217.194.0-255,4320,84801,79,153426
30630,0.000976,172.31.40.0-255,66,84867,79,153426
30631,0.001007,172.31.40.0-255,66,84933,79,153426
30632,0.00102,172.31.40.0-255,66,84999,79,153426
30633,0.001045,172.217.194.0-255,1484,86483,79,153426
30634,0.00106,172.31.40.0-255,66,86549,79,153426
30635,0.001074,172.31.40.0-255,66,86615,79,153426
30636,0.001102,172.217.194.0-255,1484,88099,79,153426
30637,0.001116,172.31.40.0-255,66,88165,79,153426
30638,0.001118,172.217.194.0-255,1484,89649,79,153426
30639,0.001122,172.217.194.0-255,2902,92551,79,153426
30640,0.001124,172.31.40.0-255,66,92617,79,153426
30641,0.001161,172.217.194.0-255,1484,94101,79,153426
30642,0.001185,172.217.194.0-255,4320,98421,79,153426
30643,0.001188,172.31.40.0-255,66,98487,79,153426
30644,0.001203,172.31.40.0-255,66,98553,79,153426
30645,0.001214,172.31.40.0-255,66,98619,79,153426
30646,0.001309,172.217.194.0-255,1484,100103,79,153426
30647,0.001314,172.217.194.0-255,2902,103005,79,153426
30648,0.001317,172.31.40.0-255,66,103071,79,153426
30649,0.001339,172.217.194.0-255,5738,108809,79,153426
30650,0.001342,172.31.40.0-255,66,108875,79,153426
30651,0.001361,172.217.194.0-255,2902,111777,79,153426
30652,0.001363,172.31.40.0-255,66,111843,79,153426
30653,0.001393,172.31.40.0-255,66,111909,79,153426
30654,0.001403,172.31.40.0-255,66,111975,79,153426
30655,0.001442,172.217.194.0-255,1484,113459,79,153426
30656,0.001446,172.217.194.0-255,2902,116361,79,153426
30657,0.001449,172.31.40.0-255,66,116427,79,153426
30658,0.001461,172.217.194.0-255,2902,119329,79,153426
30659,0.001462,172.31.40.0-255,66,119395,79,153426
30660,0.001479,172.217.194.0-255,2902,122297,79,153426
30661,0.001481,172.31.40.0-255,66,122363,79,153426
30662,0.001484,172.217.194.0-255,1484,123847,79,153426
30663,0.001516,172.31.40.0-255,66,123913,79,153426
30664,0.001526,172.217.194.0-255,1484,125397,79,153426
30665,0.001538,172.31.40.0-255,66,125463,79,153426
30666,0.001544,172.217.194.0-255,5738,131201,79,153426
30667,0.001546,172.31.40.0-255,66,131267,79,153426
30668,0.001577,172.217.194.0-255,7156,138423,79,153426
30669,0.001581,172.31.40.0-255,66,138489,79,153426
30670,0.001593,172.31.40.0-255,66,138555,79,153426
30671,0.001632,172.31.40.0-255,66,138621,79,153426
30672,0.001653,172.217.194.0-255,7156,145777,79,153426
30673,0.001658,172.31.40.0-255,66,145843,79,153426
30674,0.001673,172.217.194.0-255,5738,151581,79,153426
30675,0.00171,172.31.40.0-255,66,151647,79,153426
30676,0.001714,172.31.40.0-255,66,151713,79,153426
30677,0.001722,172.217.194.0-255,1371,153084,79,153426
30678,0.001724,172.217.194.0-255,105,153189,79,153426
30679,0.004115,172.31.40.0-255,66,153255,79,153426
30680,0.004152,172.31.40.0-255,105,153360,79,153426
30681,0.006463,172.217.194.0-255,66,153426,79,153426
30682,0.0,74.125.200.0-255,143,143,79,194935
30683,3.1e-05,172.31.40.0-255,66,209,79,194935
30684,3.9e-05,74.125.200.0-255,1484,1693,79,194935
30685,4.4e-05,172.31.40.0-255,66,1759,79,194935
30686,5e-05,74.125.200.0-255,2902,4661,79,194935
30687,5.3e-05,172.31.40.0-255,66,4727,79,194935
30688,5.9e-05,74.125.200.0-255,4320,9047,79,194935
30689,6.2e-05,172.31.40.0-255,66,9113,79,194935
30690,8.9e-05,74.125.200.0-255,4819,13932,79,194935
30691,9.2e-05,172.31.40.0-255,66,13998,79,194935
30692,0.000126,74.125.200.0-255,1484,15482,79,194935
30693,0.000128,172.31.40.0-255,66,15548,79,194935
30694,0.000149,74.125.200.0-255,2902,18450,79,194935
30695,0.000151,172.31.40.0-255,66,18516,79,194935
30696,0.000167,74.125.200.0-255,4320,22836,79,194935
30697,0.000169,172.31.40.0-255,66,22902,79,194935
30698,0.000196,74.125.200.0-255,1484,24386,79,194935
30699,0.000198,172.31.40.0-255,66,24452,79,194935
30700,0.000203,74.125.200.0-255,2902,27354,79,194935
30701,0.000205,172.31.40.0-255,66,27420,79,194935
30702,0.00021,74.125.200.0-255,3961,31381,79,194935
30703,0.000212,172.31.40.0-255,66,31447,79,194935
30704,0.000227,74.125.200.0-255,2902,34349,79,194935
30705,0.00023,172.31.40.0-255,66,34415,79,194935
30706,0.000259,74.125.200.0-255,4320,38735,79,194935
30707,0.000262,172.31.40.0-255,66,38801,79,194935
30708,0.000272,172.31.40.0-255,66,38867,79,194935
30709,0.000275,74.125.200.0-255,1125,39992,79,194935
30710,0.000277,172.31.40.0-255,66,40058,79,194935
30711,0.000458,74.125.200.0-255,1484,41542,79,194935
30712,0.000462,172.31.40.0-255,66,41608,79,194935
30713,0.000468,74.125.200.0-255,2902,44510,79,194935
30714,0.000471,172.31.40.0-255,66,44576,79,194935
30715,0.000474,74.125.200.0-255,1484,46060,79,194935
30716,0.000502,74.125.200.0-255,1484,47544,79,194935
30717,0.000504,172.31.40.0-255,66,47610,79,194935
30718,0.00051,74.125.200.0-255,4320,51930,79,194935
30719,0.000512,172.31.40.0-255,66,51996,79,194935
30720,0.000531,74.125.200.0-255,1484,53480,79,194935
30721,0.000547,74.125.200.0-255,4543,58023,79,194935
30722,0.000549,172.31.40.0-255,66,58089,79,194935
30723,0.00121,74.125.200.0-255,1484,59573,79,194935
30724,0.001219,74.125.200.0-255,2902,62475,79,194935
30725,0.001223,172.31.40.0-255,66,62541,79,194935
30726,0.001264,74.125.200.0-255,2902,65443,79,194935
30727,0.001266,172.31.40.0-255,66,65509,79,194935
30728,0.001272,74.125.200.0-255,4320,69829,79,194935
30729,0.001274,172.31.40.0-255,66,69895,79,194935
30730,0.001295,74.125.200.0-255,1484,71379,79,194935
30731,0.001309,74.125.200.0-255,2902,74281,79,194935
30732,0.001311,172.31.40.0-255,66,74347,79,194935
30733,0.001363,74.125.200.0-255,2543,76890,79,194935
30734,0.001366,172.31.40.0-255,66,76956,79,194935
30735,0.001388,74.125.200.0-255,2902,79858,79,194935
30736,0.001391,172.31.40.0-255,66,79924,79,194935
30737,0.001398,74.125.200.0-255,7156,87080,79,194935
30738,0.0014,172.31.40.0-255,66,87146,79,194935
30739,0.001444,74.125.200.0-255,5379,92525,79,194935
30740,0.001447,172.31.40.0-255,66,92591,79,194935
30741,0.001496,74.125.200.0-255,2902,95493,79,194935
30742,0.0015,172.31.40.0-255,66,95559,79,194935
30743,0.001524,74.125.200.0-255,4320,99879,79,194935
30744,0.001526,172.31.40.0-255,66,99945,79,194935
30745,0.001557,74.125.200.0-255,5738,105683,79,194935
30746,0.00156,172.31.40.0-255,66,105749,79,194935
30747,0.001584,74.125.200.0-255,2902,108651,79,194935
30748,0.001586,172.31.40.0-255,66,108717,79,194935
30749,0.001593,74.125.200.0-255,5738,114455,79,194935
30750,0.001596,172.31.40.0-255,66,114521,79,194935
30751,0.001603,74.125.200.0-255,7156,121677,79,194935
30752,0.001606,172.31.40.0-255,66,121743,79,194935
30753,0.001611,74.125.200.0-255,2902,124645,79,194935
30754,0.001613,172.31.40.0-255,66,124711,79,194935
30755,0.00163,74.125.200.0-255,2184,126895,79,194935
30756,0.001633,172.31.40.0-255,66,126961,79,194935
30757,0.001671,74.125.200.0-255,1484,128445,79,194935
30758,0.001698,74.125.200.0-255,2902,131347,79,194935
30759,0.001701,172.31.40.0-255,66,131413,79,194935
30760,0.001718,74.125.200.0-255,2902,134315,79,194935
30761,0.001721,172.31.40.0-255,66,134381,79,194935
30762,0.001731,74.125.200.0-255,1484,135865,79,194935
30763,0.001798,172.31.40.0-255,66,135931,79,194935
30764,0.00181,172.31.40.0-255,66,135997,79,194935
30765,0.001813,74.125.200.0-255,1484,137481,79,194935
30766,0.00184,74.125.200.0-255,2902,140383,79,194935
30767,0.001843,172.31.40.0-255,66,140449,79,194935
30768,0.001859,74.125.200.0-255,2184,142633,79,194935
30769,0.001861,172.31.40.0-255,66,142699,79,194935
30770,0.003846,74.125.200.0-255,5738,148437,79,194935
30771,0.003855,172.31.40.0-255,66,148503,79,194935
30772,0.005841,74.125.200.0-255,5738,154241,79,194935
30773,0.005847,172.31.40.0-255,66,154307,79,194935
30774,0.007839,74.125.200.0-255,5738,160045,79,194935
30775,0.007844,172.31.40.0-255,66,160111,79,194935
30776,0.009862,74.125.200.0-255,5738,165849,79,194935
30777,0.009874,172.31.40.0-255,66,165915,79,194935
30778,0.011903,74.125.200.0-255,5738,171653,79,194935
30779,0.011914,172.31.40.0-255,66,171719,79,194935
30780,0.01392,74.125.200.0-255,5738,177457,79,194935
30781,0.013927,172.31.40.0-255,66,177523,79,194935
30782,0.015949,74.125.200.0-255,5738,183261,79,194935
30783,0.015957,172.31.40.0-255,66,183327,79,194935
30784,0.017963,74.125.200.0-255,5738,189065,79,194935
30785,0.017971,172.31.40.0-255,66,189131,79,194935
30786,0.019978,74.125.200.0-255,5738,194869,79,194935
30787,0.019986,172.31.40.0-255,66,194935,79,194935
30788,0.0,74.125.24.0-255,153,153,79,243263
30789,2.6e-05,172.31.40.0-255,66,219,79,243263
30790,3.2e-05,74.125.24.0-255,1484,1703,79,243263
30791,3.7e-05,172.31.40.0-255,66,1769,79,243263
30792,4.8e-05,74.125.24.0-255,2902,4671,79,243263
30793,5.1e-05,172.31.40.0-255,66,4737,79,243263
30794,5.6e-05,74.125.24.0-255,4320,9057,79,243263
30795,5.9e-05,172.31.40.0-255,66,9123,79,243263
30796,6.9e-05,172.31.40.0-255,66,9189,79,243263
30797,0.000109,172.31.40.0-255,66,9255,79,243263
30798,0.0002,74.125.24.0-255,1484,10739,79,243263
30799,0.000203,172.31.40.0-255,66,10805,79,243263
30800,0.000224,74.125.24.0-255,2902,13707,79,243263
30801,0.000226,172.31.40.0-255,66,13773,79,243263
30802,0.000231,74.125.24.0-255,4320,18093,79,243263
30803,0.000234,172.31.40.0-255,66,18159,79,243263
30804,0.00024,74.125.24.0-255,5738,23897,79,243263
30805,0.000242,172.31.40.0-255,66,23963,79,243263
30806,0.000277,172.31.40.0-255,66,24029,79,243263
30807,0.000308,74.125.24.0-255,2543,26572,79,243263
30808,0.00031,172.31.40.0-255,66,26638,79,243263
30809,0.000317,74.125.24.0-255,6797,33435,79,243263
30810,0.000319,172.31.40.0-255,66,33501,79,243263
30811,0.000321,74.125.24.0-255,411,33912,79,243263
30812,0.000323,172.31.40.0-255,66,33978,79,243263
30813,0.000365,74.125.24.0-255,331,34309,79,243263
30814,0.000368,172.31.40.0-255,66,34375,79,243263
30815,0.000696,74.125.24.0-255,1484,35859,79,243263
30816,0.000702,172.31.40.0-255,66,35925,79,243263
30817,0.000707,74.125.24.0-255,1484,37409,79,243263
30818,0.000731,74.125.24.0-255,1484,38893,79,243263
30819,0.000737,74.125.24.0-255,5738,44631,79,243263
30820,0.000739,74.125.24.0-255,1484,46115,79,243263
30821,0.000745,172.31.40.0-255,66,46181,79,243263
30822,0.000748,172.31.40.0-255,66,46247,79,243263
30823,0.000768,172.31.40.0-255,66,46313,79,243263
30824,0.000796,74.125.24.0-255,7156,53469,79,243263
30825,0.0008,172.31.40.0-255,66,53535,79,243263
30826,0.000833,74.125.24.0-255,4320,57855,79,243263
30827,0.000836,172.31.40.0-255,66,57921,79,243263
30828,0.000841,74.125.24.0-255,2184,60105,79,243263
30829,0.000843,172.31.40.0-255,66,60171,79,243263
30830,0.00088,74.125.24.0-255,2902,63073,79,243263
30831,0.000884,172.31.40.0-255,66,63139,79,243263
30832,0.000913,74.125.24.0-255,5738,68877,79,243263
30833,0.000917,172.31.40.0-255,66,68943,79,243263
30834,0.000928,172.31.40.0-255,66,69009,79,243263
30835,0.000971,172.31.40.0-255,66,69075,79,243263
30836,0.001064,74.125.24.0-255,1484,70559,79,243263
30837,0.00107,74.125.24.0-255,2902,73461,79,243263
30838,0.001073,172.31.40.0-255,66,73527,79,243263
30839,0.00108,74.125.24.0-255,4320,77847,79,243263
30840,0.001083,172.31.40.0-255,66,77913,79,243263
30841,0.001101,74.125.24.0-255,1484,79397,79,243263
30842,0.001112,74.125.24.0-255,5738,85135,79,243263
30843,0.001115,172.31.40.0-255,66,85201,79,243263
30844,0.001128,172.31.40.0-255,66,85267,79,243263
30845,0.001152,74.125.24.0-255,1484,86751,79,243263
30846,0.001158,74.125.24.0-255,5020,91771,79,243263
30847,0.001161,172.31.40.0-255,66,91837,79,243263
30848,0.001218,74.125.24.0-255,1484,93321,79,243263
30849,0.001224,74.125.24.0-255,2902,96223,79,243263
30850,0.001227,172.31.40.0-255,66,96289,79,243263
30851,0.00123,74.125.24.0-255,1484,97773,79,243263
30852,0.001258,74.125.24.0-255,4320,102093,79,243263
30853,0.001261,172.31.40.0-255,66,102159,79,243263
30854,0.001268,74.125.24.0-255,5738,107897,79,243263
30855,0.00127,172.31.40.0-255,66,107963,79,243263
30856,0.001307,172.31.40.0-255,66,108029,79,243263
30857,0.001335,74.125.24.0-255,4320,112349,79,243263
30858,0.001338,172.31.40.0-255,66,112415,79,243263
30859,0.001341,74.125.24.0-255,766,113181,79,243263
30860,0.001344,74.125.24.0-255,1484,114665,79,243263
30861,0.001346,172.31.40.0-255,66,114731,79,243263
30862,0.001379,74.125.24.0-255,5738,120469,79,243263
30863,0.001382,172.31.40.0-255,66,120535,79,243263
30864,0.001392,172.31.40.0-255,66,120601,79,243263
30865,0.001399,74.125.24.0-255,7156,127757,79,243263
30866,0.001402,172.31.40.0-255,66,127823,79,243263
30867,0.001434,172.31.40.0-255,66,127889,79,243263
30868,0.001436,74.125.24.0-255,766,128655,79,243263
30869,0.001457,74.125.24.0-255,1484,130139,79,243263
30870,0.001459,172.31.40.0-255,66,130205,79,243263
30871,0.001497,74.125.24.0-255,2902,133107,79,243263
30872,0.0015,172.31.40.0-255,66,133173,79,243263
30873,0.001506,74.125.24.0-255,5738,138911,79,243263
30874,0.001508,172.31.40.0-255,66,138977,79,243263
30875,0.001561,172.31.40.0-255,66,139043,79,243263
30876,0.001592,74.125.24.0-255,1484,140527,79,243263
30877,0.0016,74.125.24.0-255,7156,147683,79,243263
30878,0.001603,172.31.40.0-255,66,147749,79,243263
30879,0.001609,74.125.24.0-255,3602,151351,79,243263
30880,0.001611,172.31.40.0-255,66,151417,79,243263
30881,0.001616,74.125.24.0-255,4320,155737,79,243263
30882,0.001618,172.31.40.0-255,66,155803,79,243263
30883,0.00163,172.31.40.0-255,66,155869,79,243263
30884,0.001641,172.31.40.0-255,66,155935,79,243263
30885,0.001683,172.31.40.0-255,66,156001,79,243263
30886,0.001688,74.125.24.0-255,2184,158185,79,243263
30887,0.00169,172.31.40.0-255,66,158251,79,243263
30888,0.001695,74.125.24.0-255,2902,161153,79,243263
30889,0.001697,172.31.40.0-255,66,161219,79,243263
30890,0.001729,74.125.24.0-255,7156,168375,79,243263
30891,0.001737,74.125.24.0-255,7156,175531,79,243263
30892,0.001742,172.31.40.0-255,66,175597,79,243263
30893,0.001745,172.31.40.0-255,66,175663,79,243263
30894,0.001766,74.125.24.0-255,4320,179983,79,243263
30895,0.001768,172.31.40.0-255,66,180049,79,243263
30896,0.00178,172.31.40.0-255,66,180115,79,243263
30897,0.00181,74.125.24.0-255,3602,183717,79,243263
30898,0.001813,172.31.40.0-255,66,183783,79,243263
30899,0.00183,74.125.24.0-255,1484,185267,79,243263
30900,0.001839,74.125.24.0-255,2902,188169,79,243263
30901,0.001841,172.31.40.0-255,66,188235,79,243263
30902,0.001846,74.125.24.0-255,4320,192555,79,243263
30903,0.001848,172.31.40.0-255,66,192621,79,243263
30904,0.001859,74.125.24.0-255,1484,194105,79,243263
30905,0.001868,74.125.24.0-255,5738,199843,79,243263
30906,0.001871,172.31.40.0-255,66,199909,79,243263
30907,0.001901,172.31.40.0-255,66,199975,79,243263
30908,0.001927,74.125.24.0-255,2902,202877,79,243263
30909,0.001929,172.31.40.0-255,66,202943,79,243263
30910,0.001935,74.125.24.0-255,5020,207963,79,243263
30911,0.001937,172.31.40.0-255,66,208029,79,243263
30912,0.001957,74.125.24.0-255,5738,213767,79,243263
30913,0.001962,172.31.40.0-255,66,213833,79,243263
30914,0.001989,74.125.24.0-255,4320,218153,79,243263
30915,0.001992,172.31.40.0-255,66,218219,79,243263
30916,0.001997,74.125.24.0-255,5738,223957,79,243263
30917,0.002,172.31.40.0-255,66,224023,79,243263
30918,0.002007,74.125.24.0-255,7156,231179,79,243263
30919,0.002009,172.31.40.0-255,66,231245,79,243263
30920,0.002035,74.125.24.0-255,4320,235565,79,243263
30921,0.002037,172.31.40.0-255,66,235631,79,243263
30922,0.002044,74.125.24.0-255,6438,242069,79,243263
30923,0.002046,172.31.40.0-255,66,242135,79,243263
30924,0.002084,172.31.40.0-255,66,242201,79,243263
30925,0.002114,172.31.40.0-255,66,242267,79,243263
30926,0.002117,74.125.24.0-255,105,242372,79,243263
30927,0.002147,74.125.24.0-255,129,242501,79,243263
30928,0.010155,172.31.40.0-255,105,242606,79,243263
30929,0.01021,172.31.40.0-255,105,242711,79,243263
30930,0.010423,172.31.40.0-255,90,242801,79,243263
30931,0.010433,172.31.40.0-255,66,242867,79,243263
30932,0.012707,74.125.24.0-255,66,242933,79,243263
30933,0.01273,74.125.24.0-255,66,242999,79,243263
30934,0.012934,74.125.24.0-255,66,243065,79,243263
30935,0.012948,74.125.24.0-255,66,243131,79,243263
30936,0.012955,172.31.40.0-255,66,243197,79,243263
30937,0.012989,74.125.24.0-255,66,243263,79,243263
30938,0.0,172.31.40.0-255,105,105,79,459
30939,0.000414,172.31.40.0-255,90,195,79,459
30940,0.000432,172.31.40.0-255,66,261,79,459
30941,0.002709,74.125.200.0-255,66,327,79,459
30942,0.002736,74.125.200.0-255,66,393,79,459
30943,0.002749,172.31.40.0-255,66,459,79,459
30944,0.0,74.125.68.0-255,150,150,79,153003
30945,2.3e-05,172.31.40.0-255,66,216,79,153003
30946,3e-05,74.125.68.0-255,1484,1700,79,153003
30947,3.4e-05,172.31.40.0-255,66,1766,79,153003
30948,4.9e-05,74.125.68.0-255,2902,4668,79,153003
30949,5.4e-05,172.31.40.0-255,66,4734,79,153003
30950,6.1e-05,74.125.68.0-255,5738,10472,79,153003
30951,6.5e-05,172.31.40.0-255,66,10538,79,153003
30952,7e-05,74.125.68.0-255,3430,13968,79,153003
30953,7.4e-05,172.31.40.0-255,66,14034,79,153003
30954,0.000164,74.125.68.0-255,1484,15518,79,153003
30955,0.000168,172.31.40.0-255,66,15584,79,153003
30956,0.000174,74.125.68.0-255,2902,18486,79,153003
30957,0.000176,172.31.40.0-255,66,18552,79,153003
30958,0.000194,74.125.68.0-255,4320,22872,79,153003
30959,0.000197,172.31.40.0-255,66,22938,79,153003
30960,0.000225,74.125.68.0-255,1484,24422,79,153003
30961,0.000227,172.31.40.0-255,66,24488,79,153003
30962,0.000236,74.125.68.0-255,6797,31285,79,153003
30963,0.000238,172.31.40.0-255,66,31351,79,153003
30964,0.00046,74.125.68.0-255,1484,32835,79,153003
30965,0.000465,172.31.40.0-255,66,32901,79,153003
30966,0.00047,74.125.68.0-255,1484,34385,79,153003
30967,0.000472,172.31.40.0-255,66,34451,79,153003
30968,0.000477,74.125.68.0-255,2902,37353,79,153003
30969,0.000487,172.31.40.0-255,66,37419,79,153003
30970,0.000493,74.125.68.0-255,5738,43157,79,153003
30971,0.000496,172.31.40.0-255,66,43223,79,153003
30972,0.000532,172.31.40.0-255,66,43289,79,153003
30973,0.00057,172.31.40.0-255,66,43355,79,153003
30974,0.000574,74.125.68.0-255,2902,46257,79,153003
30975,0.000576,172.31.40.0-255,66,46323,79,153003
30976,0.000597,74.125.68.0-255,2543,48866,79,153003
30977,0.000603,172.31.40.0-255,66,48932,79,153003
30978,0.000631,74.125.68.0-255,411,49343,79,153003
30979,0.000668,74.125.68.0-255,334,49677,79,153003
30980,0.000858,74.125.68.0-255,1484,51161,79,153003
30981,0.000862,172.31.40.0-255,66,51227,79,153003
30982,0.000874,74.125.68.0-255,1484,52711,79,153003
30983,0.000883,74.125.68.0-255,2902,55613,79,153003
30984,0.000885,172.31.40.0-255,66,55679,79,153003
30985,0.000917,74.125.68.0-255,5738,61417,79,153003
30986,0.000919,172.31.40.0-255,66,61483,79,153003
30987,0.000922,74.125.68.0-255,1484,62967,79,153003
30988,0.000951,172.31.40.0-255,66,63033,79,153003
30989,0.000958,74.125.68.0-255,5738,68771,79,153003
30990,0.000961,172.31.40.0-255,66,68837,79,153003
30991,0.000998,74.125.68.0-255,5738,74575,79,153003
30992,0.001001,172.31.40.0-255,66,74641,79,153003
30993,0.001004,74.125.68.0-255,766,75407,79,153003
30994,0.001495,172.31.40.0-255,66,75473,79,153003
30995,0.001742,74.125.68.0-255,1484,76957,79,153003
30996,0.001752,74.125.68.0-255,2902,79859,79,153003
30997,0.001756,172.31.40.0-255,66,79925,79,153003
30998,0.001809,74.125.68.0-255,5738,85663,79,153003
30999,0.001813,172.31.40.0-255,66,85729,79,153003
31000,0.00182,74.125.68.0-255,5738,91467,79,153003
31001,0.001822,172.31.40.0-255,66,91533,79,153003
31002,0.001834,74.125.68.0-255,7156,98689,79,153003
31003,0.001837,172.31.40.0-255,66,98755,79,153003
31004,0.00184,74.125.68.0-255,1484,100239,79,153003
31005,0.001879,172.31.40.0-255,66,100305,79,153003
31006,0.002085,74.125.68.0-255,1484,101789,79,153003
31007,0.002091,74.125.68.0-255,1484,103273,79,153003
31008,0.002095,172.31.40.0-255,66,103339,79,153003
31009,0.002126,74.125.68.0-255,1484,104823,79,153003
31010,0.002132,74.125.68.0-255,5738,110561,79,153003
31011,0.002135,172.31.40.0-255,66,110627,79,153003
31012,0.002182,172.31.40.0-255,66,110693,79,153003
31013,0.002207,74.125.68.0-255,2902,113595,79,153003
31014,0.00221,172.31.40.0-255,66,113661,79,153003
31015,0.002222,172.31.40.0-255,66,113727,79,153003
31016,0.004701,74.125.68.0-255,5738,119465,79,153003
31017,0.004709,172.31.40.0-255,66,119531,79,153003
31018,0.007213,74.125.68.0-255,4320,123851,79,153003
31019,0.007217,172.31.40.0-255,66,123917,79,153003
31020,0.007246,74.125.68.0-255,1484,125401,79,153003
31021,0.009701,74.125.68.0-255,4320,129721,79,153003
31022,0.009709,172.31.40.0-255,66,129787,79,153003
31023,0.0122,74.125.68.0-255,5738,135525,79,153003
31024,0.012215,172.31.40.0-255,66,135591,79,153003
31025,0.014711,74.125.68.0-255,5738,141329,79,153003
31026,0.014722,172.31.40.0-255,66,141395,79,153003
31027,0.017202,74.125.68.0-255,5738,147133,79,153003
31028,0.017211,172.31.40.0-255,66,147199,79,153003
31029,0.01969,74.125.68.0-255,5738,152937,79,153003
31030,0.019697,172.31.40.0-255,66,153003,79,153003
31031,0.0,74.125.24.0-255,147,147,79,125235
31032,2.3e-05,172.31.40.0-255,66,213,79,125235
31033,3.1e-05,74.125.24.0-255,1484,1697,79,125235
31034,3.5e-05,172.31.40.0-255,66,1763,79,125235
31035,4.9e-05,74.125.24.0-255,2902,4665,79,125235
31036,5.3e-05,172.31.40.0-255,66,4731,79,125235
31037,6.1e-05,74.125.24.0-255,5738,10469,79,125235
31038,6.3e-05,172.31.40.0-255,66,10535,79,125235
31039,6.9e-05,74.125.24.0-255,3491,14026,79,125235
31040,7.2e-05,172.31.40.0-255,66,14092,79,125235
31041,9.7e-05,74.125.24.0-255,4320,18412,79,125235
31042,0.0001,172.31.40.0-255,66,18478,79,125235
31043,0.000134,74.125.24.0-255,5738,24216,79,125235
31044,0.000137,172.31.40.0-255,66,24282,79,125235
31045,0.000191,74.125.24.0-255,6797,31079,79,125235
31046,0.000195,172.31.40.0-255,66,31145,79,125235
31047,0.000258,74.125.24.0-255,1484,32629,79,125235
31048,0.00026,172.31.40.0-255,66,32695,79,125235
31049,0.000285,74.125.24.0-255,2902,35597,79,125235
31050,0.000288,172.31.40.0-255,66,35663,79,125235
31051,0.000294,74.125.24.0-255,5738,41401,79,125235
31052,0.000297,172.31.40.0-255,66,41467,79,125235
31053,0.000335,172.31.40.0-255,66,41533,79,125235
31054,0.000339,74.125.24.0-255,2902,44435,79,125235
31055,0.000342,172.31.40.0-255,66,44501,79,125235
31056,0.000378,172.31.40.0-255,66,44567,79,125235
31057,0.000382,74.125.24.0-255,2184,46751,79,125235
31058,0.000384,172.31.40.0-255,66,46817,79,125235
31059,0.000387,74.125.24.0-255,442,47259,79,125235
31060,0.000389,172.31.40.0-255,66,47325,79,125235
31061,0.001081,74.125.24.0-255,332,47657,79,125235
31062,0.001127,74.125.24.0-255,1484,49141,79,125235
31063,0.001132,172.31.40.0-255,66,49207,79,125235
31064,0.00114,74.125.24.0-255,4320,53527,79,125235
31065,0.001142,172.31.40.0-255,66,53593,79,125235
31066,0.001147,74.125.24.0-255,2902,56495,79,125235
31067,0.001154,172.31.40.0-255,66,56561,79,125235
31068,0.001193,74.125.24.0-255,5738,62299,79,125235
31069,0.001197,172.31.40.0-255,66,62365,79,125235
31070,0.001219,172.31.40.0-255,66,62431,79,125235
31071,0.001222,74.125.24.0-255,766,63197,79,125235
31072,0.001502,172.31.40.0-255,66,63263,79,125235
31073,0.001799,74.125.24.0-255,1484,64747,79,125235
31074,0.001832,74.125.24.0-255,1484,66231,79,125235
31075,0.001836,172.31.40.0-255,66,66297,79,125235
31076,0.001842,74.125.24.0-255,2902,69199,79,125235
31077,0.001845,172.31.40.0-255,66,69265,79,125235
31078,0.001856,74.125.24.0-255,5738,75003,79,125235
31079,0.001859,172.31.40.0-255,66,75069,79,125235
31080,0.001905,172.31.40.0-255,66,75135,79,125235
31081,0.001914,74.125.24.0-255,7156,82291,79,125235
31082,0.001916,172.31.40.0-255,66,82357,79,125235
31083,0.001945,74.125.24.0-255,2184,84541,79,125235
31084,0.001948,172.31.40.0-255,66,84607,79,125235
31085,0.004244,74.125.24.0-255,5738,90345,79,125235
31086,0.004251,172.31.40.0-255,66,90411,79,125235
31087,0.006609,74.125.24.0-255,5738,96149,79,125235
31088,0.006616,172.31.40.0-255,66,96215,79,125235
31089,0.008963,74.125.24.0-255,5738,101953,79,125235
31090,0.008971,172.31.40.0-255,66,102019,79,125235
31091,0.011296,74.125.24.0-255,5738,107757,79,125235
31092,0.011306,172.31.40.0-255,66,107823,79,125235
31093,0.013693,74.125.24.0-255,5738,113561,79,125235
31094,0.013702,172.31.40.0-255,66,113627,79,125235
31095,0.016045,74.125.24.0-255,5738,119365,79,125235
31096,0.016056,172.31.40.0-255,66,119431,79,125235
31097,0.018381,74.125.24.0-255,5738,125169,79,125235
31098,0.018391,172.31.40.0-255,66,125235,79,125235
31099,0.0,74.125.200.0-255,153,153,79,223201
31100,2.3e-05,172.31.40.0-255,66,219,79,223201
31101,3.1e-05,74.125.200.0-255,1484,1703,79,223201
31102,3.7e-05,172.31.40.0-255,66,1769,79,223201
31103,4.2e-05,74.125.200.0-255,2902,4671,79,223201
31104,4.6e-05,172.31.40.0-255,66,4737,79,223201
31105,5.2e-05,74.125.200.0-255,4320,9057,79,223201
31106,5.6e-05,172.31.40.0-255,66,9123,79,223201
31107,6.3e-05,74.125.200.0-255,5738,14861,79,223201
31108,6.6e-05,172.31.40.0-255,66,14927,79,223201
31109,0.000103,74.125.200.0-255,3455,18382,79,223201
31110,0.000106,172.31.40.0-255,66,18448,79,223201
31111,0.000111,74.125.200.0-255,2902,21350,79,223201
31112,0.000114,172.31.40.0-255,66,21416,79,223201
31113,0.000119,74.125.200.0-255,4320,25736,79,223201
31114,0.000121,172.31.40.0-255,66,25802,79,223201
31115,0.000127,74.125.200.0-255,5379,31181,79,223201
31116,0.000131,172.31.40.0-255,66,31247,79,223201
31117,0.00023,74.125.200.0-255,1484,32731,79,223201
31118,0.000234,172.31.40.0-255,66,32797,79,223201
31119,0.000241,74.125.200.0-255,1484,34281,79,223201
31120,0.000242,172.31.40.0-255,66,34347,79,223201
31121,0.000258,74.125.200.0-255,1484,35831,79,223201
31122,0.000261,172.31.40.0-255,66,35897,79,223201
31123,0.000268,74.125.200.0-255,5738,41635,79,223201
31124,0.00027,172.31.40.0-255,66,41701,79,223201
31125,0.000302,74.125.200.0-255,6797,48498,79,223201
31126,0.000305,172.31.40.0-255,66,48564,79,223201
31127,0.000312,74.125.200.0-255,7156,55720,79,223201
31128,0.000314,172.31.40.0-255,66,55786,79,223201
31129,0.000343,172.31.40.0-255,66,55852,79,223201
31130,0.000358,74.125.200.0-255,1125,56977,79,223201
31131,0.000512,74.125.200.0-255,391,57368,79,223201
31132,0.000574,74.125.200.0-255,352,57720,79,223201
31133,0.000579,172.31.40.0-255,66,57786,79,223201
31134,0.000777,74.125.200.0-255,1484,59270,79,223201
31135,0.000783,74.125.200.0-255,2902,62172,79,223201
31136,0.000786,172.31.40.0-255,66,62238,79,223201
31137,0.000798,74.125.200.0-255,1484,63722,79,223201
31138,0.000816,74.125.200.0-255,4320,68042,79,223201
31139,0.000818,172.31.40.0-255,66,68108,79,223201
31140,0.000833,74.125.200.0-255,2902,71010,79,223201
31141,0.000835,172.31.40.0-255,66,71076,79,223201
31142,0.000863,172.31.40.0-255,66,71142,79,223201
31143,0.000886,74.125.200.0-255,4320,75462,79,223201
31144,0.00089,172.31.40.0-255,66,75528,79,223201
31145,0.000914,74.125.200.0-255,6438,81966,79,223201
31146,0.000917,172.31.40.0-255,66,82032,79,223201
31147,0.000936,74.125.200.0-255,7156,89188,79,223201
31148,0.000939,172.31.40.0-255,66,89254,79,223201
31149,0.000971,172.31.40.0-255,66,89320,79,223201
31150,0.000999,172.31.40.0-255,66,89386,79,223201
31151,0.001017,74.125.200.0-255,1484,90870,79,223201
31152,0.001031,74.125.200.0-255,2902,93772,79,223201
31153,0.001034,172.31.40.0-255,66,93838,79,223201
31154,0.001055,74.125.200.0-255,3602,97440,79,223201
31155,0.001058,172.31.40.0-255,66,97506,79,223201
31156,0.001083,74.125.200.0-255,7156,104662,79,223201
31157,0.001086,172.31.40.0-255,66,104728,79,223201
31158,0.001089,74.125.200.0-255,1484,106212,79,223201
31159,0.001102,74.125.200.0-255,2902,109114,79,223201
31160,0.001109,172.31.40.0-255,66,109180,79,223201
31161,0.001115,74.125.200.0-255,2902,112082,79,223201
31162,0.001117,172.31.40.0-255,66,112148,79,223201
31163,0.001132,74.125.200.0-255,2902,115050,79,223201
31164,0.001134,172.31.40.0-255,66,115116,79,223201
31165,0.001142,74.125.200.0-255,7156,122272,79,223201
31166,0.001145,172.31.40.0-255,66,122338,79,223201
31167,0.001149,74.125.200.0-255,2902,125240,79,223201
31168,0.001152,172.31.40.0-255,66,125306,79,223201
31169,0.001173,74.125.200.0-255,5738,131044,79,223201
31170,0.001177,172.31.40.0-255,66,131110,79,223201
31171,0.00118,74.125.200.0-255,766,131876,79,223201
31172,0.001571,74.125.200.0-255,1484,133360,79,223201
31173,0.001575,172.31.40.0-255,66,133426,79,223201
31174,0.001581,74.125.200.0-255,2902,136328,79,223201
31175,0.001583,172.31.40.0-255,66,136394,79,223201
31176,0.001587,74.125.200.0-255,1484,137878,79,223201
31177,0.001607,74.125.200.0-255,2902,140780,79,223201
31178,0.001609,172.31.40.0-255,66,140846,79,223201
31179,0.001614,74.125.200.0-255,2902,143748,79,223201
31180,0.001616,172.31.40.0-255,66,143814,79,223201
31181,0.001641,74.125.200.0-255,5738,149552,79,223201
31182,0.001644,172.31.40.0-255,66,149618,79,223201
31183,0.001648,74.125.200.0-255,1484,151102,79,223201
31184,0.001652,74.125.200.0-255,2902,154004,79,223201
31185,0.001654,172.31.40.0-255,66,154070,79,223201
31186,0.001675,74.125.200.0-255,5738,159808,79,223201
31187,0.001677,172.31.40.0-255,66,159874,79,223201
31188,0.00168,74.125.200.0-255,1484,161358,79,223201
31189,0.001705,74.125.200.0-255,2902,164260,79,223201
31190,0.001707,172.31.40.0-255,66,164326,79,223201
31191,0.001741,74.125.200.0-255,2184,166510,79,223201
31192,0.001744,172.31.40.0-255,66,166576,79,223201
31193,0.001946,74.125.200.0-255,1484,168060,79,223201
31194,0.001967,74.125.200.0-255,1484,169544,79,223201
31195,0.00197,172.31.40.0-255,66,169610,79,223201
31196,0.002397,172.31.40.0-255,101,169711,79,223201
31197,0.003687,74.125.200.0-255,2902,172613,79,223201
31198,0.003695,172.31.40.0-255,66,172679,79,223201
31199,0.003919,74.125.200.0-255,2902,175581,79,223201
31200,0.003923,172.31.40.0-255,66,175647,79,223201
31201,0.0043,74.125.200.0-255,66,175713,79,223201
31202,0.005633,74.125.200.0-255,2902,178615,79,223201
31203,0.005638,172.31.40.0-255,66,178681,79,223201
31204,0.00585,74.125.200.0-255,2902,181583,79,223201
31205,0.005852,172.31.40.0-255,66,181649,79,223201
31206,0.007583,74.125.200.0-255,2902,184551,79,223201
31207,0.007589,172.31.40.0-255,66,184617,79,223201
31208,0.007802,74.125.200.0-255,2902,187519,79,223201
31209,0.007809,172.31.40.0-255,66,187585,79,223201
31210,0.009553,74.125.200.0-255,2902,190487,79,223201
31211,0.009561,172.31.40.0-255,66,190553,79,223201
31212,0.009748,74.125.200.0-255,2902,193455,79,223201
31213,0.009754,172.31.40.0-255,66,193521,79,223201
31214,0.011507,74.125.200.0-255,2902,196423,79,223201
31215,0.011515,172.31.40.0-255,66,196489,79,223201
31216,0.011696,74.125.200.0-255,2902,199391,79,223201
31217,0.011701,172.31.40.0-255,66,199457,79,223201
31218,0.013457,74.125.200.0-255,2902,202359,79,223201
31219,0.013466,172.31.40.0-255,66,202425,79,223201
31220,0.013624,74.125.200.0-255,2902,205327,79,223201
31221,0.01363,172.31.40.0-255,66,205393,79,223201
31222,0.015397,74.125.200.0-255,2902,208295,79,223201
31223,0.015405,172.31.40.0-255,66,208361,79,223201
31224,0.015601,74.125.200.0-255,2902,211263,79,223201
31225,0.015606,172.31.40.0-255,66,211329,79,223201
31226,0.017346,74.125.200.0-255,2902,214231,79,223201
31227,0.017354,172.31.40.0-255,66,214297,79,223201
31228,0.017548,74.125.200.0-255,2902,217199,79,223201
31229,0.017553,172.31.40.0-255,66,217265,79,223201
31230,0.01931,74.125.200.0-255,2902,220167,79,223201
31231,0.019327,172.31.40.0-255,66,220233,79,223201
31232,0.019488,74.125.200.0-255,2902,223135,79,223201
31233,0.019492,172.31.40.0-255,66,223201,79,223201
31234,0.0,172.217.194.0-255,297,297,79,137668
31235,1.6e-05,172.31.40.0-255,66,363,79,137668
31236,2.3e-05,172.217.194.0-255,1484,1847,79,137668
31237,2.8e-05,172.31.40.0-255,66,1913,79,137668
31238,4.3e-05,172.217.194.0-255,4320,6233,79,137668
31239,4.7e-05,172.31.40.0-255,66,6299,79,137668
31240,5e-05,172.217.194.0-255,1484,7783,79,137668
31241,5.2e-05,172.31.40.0-255,66,7849,79,137668
31242,9.2e-05,172.217.194.0-255,6230,14079,79,137668
31243,9.6e-05,172.31.40.0-255,66,14145,79,137668
31244,0.0001,172.217.194.0-255,2902,17047,79,137668
31245,0.000102,172.31.40.0-255,66,17113,79,137668
31246,0.000127,172.217.194.0-255,4320,21433,79,137668
31247,0.00013,172.31.40.0-255,66,21499,79,137668
31248,0.000147,172.31.40.0-255,66,21565,79,137668
31249,0.000191,172.217.194.0-255,1484,23049,79,137668
31250,0.000194,172.31.40.0-255,66,23115,79,137668
31251,0.0002,172.217.194.0-255,2902,26017,79,137668
31252,0.000203,172.31.40.0-255,66,26083,79,137668
31253,0.000206,172.217.194.0-255,1484,27567,79,137668
31254,0.000212,172.31.40.0-255,66,27633,79,137668
31255,0.000227,172.217.194.0-255,4320,31953,79,137668
31256,0.00023,172.31.40.0-255,66,32019,79,137668
31257,0.000237,172.217.194.0-255,6797,38816,79,137668
31258,0.000244,172.31.40.0-255,66,38882,79,137668
31259,0.000271,172.217.194.0-255,4320,43202,79,137668
31260,0.000274,172.31.40.0-255,66,43268,79,137668
31261,0.000305,172.31.40.0-255,66,43334,79,137668
31262,0.00031,172.217.194.0-255,2543,45877,79,137668
31263,0.000313,172.31.40.0-255,66,45943,79,137668
31264,0.000704,172.217.194.0-255,648,46591,79,137668
31265,0.000806,172.217.194.0-255,1484,48075,79,137668
31266,0.000812,172.31.40.0-255,66,48141,79,137668
31267,0.000817,172.217.194.0-255,2902,51043,79,137668
31268,0.00082,172.31.40.0-255,66,51109,79,137668
31269,0.000853,172.217.194.0-255,5738,56847,79,137668
31270,0.000856,172.31.40.0-255,66,56913,79,137668
31271,0.000859,172.217.194.0-255,1484,58397,79,137668
31272,0.000888,172.31.40.0-255,66,58463,79,137668
31273,0.000908,172.31.40.0-255,66,58529,79,137668
31274,0.00094,172.217.194.0-255,1484,60013,79,137668
31275,0.000944,172.217.194.0-255,1484,61497,79,137668
31276,0.000947,172.31.40.0-255,66,61563,79,137668
31277,0.000976,172.217.194.0-255,1484,63047,79,137668
31278,0.000984,172.217.194.0-255,5738,68785,79,137668
31279,0.000986,172.31.40.0-255,66,68851,79,137668
31280,0.001,172.31.40.0-255,66,68917,79,137668
31281,0.001027,172.217.194.0-255,1484,70401,79,137668
31282,0.001031,172.217.194.0-255,1484,71885,79,137668
31283,0.001033,172.31.40.0-255,66,71951,79,137668
31284,0.001037,172.217.194.0-255,1484,73435,79,137668
31285,0.001073,172.31.40.0-255,66,73501,79,137668
31286,0.001108,172.217.194.0-255,1484,74985,79,137668
31287,0.001113,172.217.194.0-255,2902,77887,79,137668
31288,0.001116,172.31.40.0-255,66,77953,79,137668
31289,0.001119,172.217.194.0-255,1484,79437,79,137668
31290,0.001149,172.217.194.0-255,4320,83757,79,137668
31291,0.001152,172.31.40.0-255,66,83823,79,137668
31292,0.001158,172.217.194.0-255,4320,88143,79,137668
31293,0.00116,172.31.40.0-255,66,88209,79,137668
31294,0.001176,172.31.40.0-255,66,88275,79,137668
31295,0.001214,172.217.194.0-255,2902,91177,79,137668
31296,0.001217,172.31.40.0-255,66,91243,79,137668
31297,0.001228,172.31.40.0-255,66,91309,79,137668
31298,0.001261,172.217.194.0-255,1484,92793,79,137668
31299,0.001266,172.217.194.0-255,2902,95695,79,137668
31300,0.001268,172.31.40.0-255,66,95761,79,137668
31301,0.001291,172.217.194.0-255,5738,101499,79,137668
31302,0.001294,172.31.40.0-255,66,101565,79,137668
31303,0.001301,172.217.194.0-255,7156,108721,79,137668
31304,0.001304,172.31.40.0-255,66,108787,79,137668
31305,0.001357,172.31.40.0-255,66,108853,79,137668
31306,0.001371,172.31.40.0-255,66,108919,79,137668
31307,0.001396,172.217.194.0-255,6438,115357,79,137668
31308,0.001398,172.31.40.0-255,66,115423,79,137668
31309,0.001426,172.31.40.0-255,66,115489,79,137668
31310,0.001457,172.217.194.0-255,5020,120509,79,137668
31311,0.00146,172.31.40.0-255,66,120575,79,137668
31312,0.001503,172.217.194.0-255,4320,124895,79,137668
31313,0.001506,172.31.40.0-255,66,124961,79,137668
31314,0.001559,172.31.40.0-255,66,125027,79,137668
31315,0.001577,172.31.40.0-255,66,125093,79,137668
31316,0.001585,172.217.194.0-255,7156,132249,79,137668
31317,0.001587,172.31.40.0-255,66,132315,79,137668
31318,0.001638,172.31.40.0-255,66,132381,79,137668
31319,0.001656,172.31.40.0-255,66,132447,79,137668
31320,0.001705,172.31.40.0-255,66,132513,79,137668
31321,0.001729,172.217.194.0-255,1484,133997,79,137668
31322,0.001748,172.31.40.0-255,66,134063,79,137668
31323,0.001796,172.31.40.0-255,66,134129,79,137668
31324,0.001823,172.217.194.0-255,2902,137031,79,137668
31325,0.001825,172.31.40.0-255,66,137097,79,137668
31326,0.001867,172.31.40.0-255,66,137163,79,137668
31327,0.001933,172.31.40.0-255,66,137229,79,137668
31328,0.00197,172.31.40.0-255,66,137295,79,137668
31329,0.002027,172.217.194.0-255,136,137431,79,137668
31330,0.0129,172.31.40.0-255,66,137497,79,137668
31331,0.017491,172.31.40.0-255,105,137602,79,137668
31332,0.019968,172.217.194.0-255,66,137668,79,137668
31333,0.0,172.217.194.0-255,150,150,79,199159
31334,2.2e-05,172.31.40.0-255,66,216,79,199159
31335,2.8e-05,172.217.194.0-255,1484,1700,79,199159
31336,3.2e-05,172.31.40.0-255,66,1766,79,199159
31337,3.7e-05,172.217.194.0-255,2902,4668,79,199159
31338,3.9e-05,172.31.40.0-255,66,4734,79,199159
31339,4.6e-05,172.217.194.0-255,7156,11890,79,199159
31340,4.7e-05,172.31.40.0-255,66,11956,79,199159
31341,9.6e-05,172.217.194.0-255,4856,16812,79,199159
31342,9.8e-05,172.31.40.0-255,66,16878,79,199159
31343,0.000104,172.217.194.0-255,5738,22616,79,199159
31344,0.000106,172.31.40.0-255,66,22682,79,199159
31345,0.000144,172.217.194.0-255,2902,25584,79,199159
31346,0.000146,172.31.40.0-255,66,25650,79,199159
31347,0.000167,172.217.194.0-255,5379,31029,79,199159
31348,0.000169,172.31.40.0-255,66,31095,79,199159
31349,0.000198,172.217.194.0-255,1484,32579,79,199159
31350,0.0002,172.31.40.0-255,66,32645,79,199159
31351,0.000219,172.217.194.0-255,2902,35547,79,199159
31352,0.000222,172.31.40.0-255,66,35613,79,199159
31353,0.000228,172.217.194.0-255,5738,41351,79,199159
31354,0.000229,172.31.40.0-255,66,41417,79,199159
31355,0.000259,172.31.40.0-255,66,41483,79,199159
31356,0.000285,172.31.40.0-255,66,41549,79,199159
31357,0.00031,172.217.194.0-255,6797,48346,79,199159
31358,0.000312,172.31.40.0-255,66,48412,79,199159
31359,0.000315,172.217.194.0-255,341,48753,79,199159
31360,0.000316,172.31.40.0-255,66,48819,79,199159
31361,0.000331,172.217.194.0-255,432,49251,79,199159
31362,0.000333,172.31.40.0-255,66,49317,79,199159
31363,0.001378,172.217.194.0-255,1484,50801,79,199159
31364,0.001389,172.217.194.0-255,2902,53703,79,199159
31365,0.001393,172.31.40.0-255,66,53769,79,199159
31366,0.0014,172.217.194.0-255,5738,59507,79,199159
31367,0.001402,172.31.40.0-255,66,59573,79,199159
31368,0.001424,172.217.194.0-255,4320,63893,79,199159
31369,0.001427,172.31.40.0-255,66,63959,79,199159
31370,0.001452,172.31.40.0-255,66,64025,79,199159
31371,0.001464,172.217.194.0-255,2902,66927,79,199159
31372,0.001476,172.31.40.0-255,66,66993,79,199159
31373,0.001499,172.31.40.0-255,66,67059,79,199159
31374,0.001524,172.217.194.0-255,2902,69961,79,199159
31375,0.001526,172.31.40.0-255,66,70027,79,199159
31376,0.001531,172.217.194.0-255,4320,74347,79,199159
31377,0.001533,172.31.40.0-255,66,74413,79,199159
31378,0.001537,172.217.194.0-255,2902,77315,79,199159
31379,0.001538,172.31.40.0-255,66,77381,79,199159
31380,0.001565,172.217.194.0-255,5738,83119,79,199159
31381,0.001568,172.31.40.0-255,66,83185,79,199159
31382,0.001582,172.31.40.0-255,66,83251,79,199159
31383,0.001619,172.217.194.0-255,4320,87571,79,199159
31384,0.001621,172.31.40.0-255,66,87637,79,199159
31385,0.001658,172.31.40.0-255,66,87703,79,199159
31386,0.001665,172.217.194.0-255,7156,94859,79,199159
31387,0.001667,172.31.40.0-255,66,94925,79,199159
31388,0.001688,172.31.40.0-255,66,94991,79,199159
31389,0.001691,172.217.194.0-255,766,95757,79,199159
31390,0.001725,172.217.194.0-255,1484,97241,79,199159
31391,0.001728,172.31.40.0-255,66,97307,79,199159
31392,0.001732,172.217.194.0-255,1484,98791,79,199159
31393,0.001737,172.217.194.0-255,4320,103111,79,199159
31394,0.00174,172.31.40.0-255,66,103177,79,199159
31395,0.001772,172.31.40.0-255,66,103243,79,199159
31396,0.00179,172.217.194.0-255,1484,104727,79,199159
31397,0.00185,172.31.40.0-255,66,104793,79,199159
31398,0.00187,172.217.194.0-255,2184,106977,79,199159
31399,0.001873,172.31.40.0-255,66,107043,79,199159
31400,0.001891,172.31.40.0-255,66,107109,79,199159
31401,0.001903,172.31.40.0-255,66,107175,79,199159
31402,0.001909,172.217.194.0-255,6438,113613,79,199159
31403,0.001912,172.31.40.0-255,66,113679,79,199159
31404,0.001938,172.217.194.0-255,4320,117999,79,199159
31405,0.00194,172.31.40.0-255,66,118065,79,199159
31406,0.001964,172.217.194.0-255,2902,120967,79,199159
31407,0.001967,172.31.40.0-255,66,121033,79,199159
31408,0.001977,172.31.40.0-255,66,121099,79,199159
31409,0.001993,172.31.40.0-255,66,121165,79,199159
31410,0.002018,172.31.40.0-255,66,121231,79,199159
31411,0.002021,172.217.194.0-255,766,121997,79,199159
31412,0.002064,172.217.194.0-255,7156,129153,79,199159
31413,0.002067,172.31.40.0-255,66,129219,79,199159
31414,0.002079,172.217.194.0-255,2902,132121,79,199159
31415,0.002081,172.31.40.0-255,66,132187,79,199159
31416,0.002094,172.31.40.0-255,66,132253,79,199159
31417,0.002096,172.217.194.0-255,1484,133737,79,199159
31418,0.00213,172.31.40.0-255,66,133803,79,199159
31419,0.002193,172.217.194.0-255,1484,135287,79,199159
31420,0.002198,172.217.194.0-255,2902,138189,79,199159
31421,0.002201,172.31.40.0-255,66,138255,79,199159
31422,0.002225,172.217.194.0-255,5738,143993,79,199159
31423,0.002228,172.31.40.0-255,66,144059,79,199159
31424,0.002248,172.217.194.0-255,4320,148379,79,199159
31425,0.002251,172.31.40.0-255,66,148445,79,199159
31426,0.002278,172.31.40.0-255,66,148511,79,199159
31427,0.002289,172.31.40.0-255,66,148577,79,199159
31428,0.002292,172.217.194.0-255,766,149343,79,199159
31429,0.002386,172.217.194.0-255,1484,150827,79,199159
31430,0.002389,172.31.40.0-255,66,150893,79,199159
31431,0.002393,172.217.194.0-255,1484,152377,79,199159
31432,0.002405,172.217.194.0-255,1484,153861,79,199159
31433,0.002408,172.31.40.0-255,66,153927,79,199159
31434,0.002415,172.217.194.0-255,5738,159665,79,199159
31435,0.002418,172.31.40.0-255,66,159731,79,199159
31436,0.002421,172.217.194.0-255,1484,161215,79,199159
31437,0.002454,172.31.40.0-255,66,161281,79,199159
31438,0.002458,172.217.194.0-255,2902,164183,79,199159
31439,0.00246,172.31.40.0-255,66,164249,79,199159
31440,0.002463,172.217.194.0-255,1484,165733,79,199159
31441,0.002491,172.217.194.0-255,5738,171471,79,199159
31442,0.002495,172.31.40.0-255,66,171537,79,199159
31443,0.002498,172.217.194.0-255,1484,173021,79,199159
31444,0.00251,172.217.194.0-255,2184,175205,79,199159
31445,0.002513,172.31.40.0-255,66,175271,79,199159
31446,0.002578,172.217.194.0-255,2902,178173,79,199159
31447,0.00258,172.31.40.0-255,66,178239,79,199159
31448,0.002585,172.217.194.0-255,2902,181141,79,199159
31449,0.002587,172.31.40.0-255,66,181207,79,199159
31450,0.0026,172.217.194.0-255,1484,182691,79,199159
31451,0.002608,172.217.194.0-255,7156,189847,79,199159
31452,0.002611,172.31.40.0-255,66,189913,79,199159
31453,0.00265,172.217.194.0-255,4320,194233,79,199159
31454,0.002653,172.31.40.0-255,66,194299,79,199159
31455,0.002687,172.217.194.0-255,4320,198619,79,199159
31456,0.00269,172.31.40.0-255,66,198685,79,199159
31457,0.002707,172.31.40.0-255,66,198751,79,199159
31458,0.002719,172.31.40.0-255,66,198817,79,199159
31459,0.002722,172.217.194.0-255,105,198922,79,199159
31460,0.009857,172.31.40.0-255,66,198988,79,199159
31461,0.009891,172.31.40.0-255,105,199093,79,199159
31462,0.012128,172.217.194.0-255,66,199159,79,199159
31463,0.0,74.125.24.0-255,153,153,79,191254
31464,1.4e-05,172.31.40.0-255,66,219,79,191254
31465,2.1e-05,74.125.24.0-255,1484,1703,79,191254
31466,2.5e-05,172.31.40.0-255,66,1769,79,191254
31467,3.1e-05,74.125.24.0-255,2902,4671,79,191254
31468,3.4e-05,172.31.40.0-255,66,4737,79,191254
31469,5e-05,74.125.24.0-255,7156,11893,79,191254
31470,5.4e-05,172.31.40.0-255,66,11959,79,191254
31471,5.8e-05,74.125.24.0-255,1949,13908,79,191254
31472,6.1e-05,172.31.40.0-255,66,13974,79,191254
31473,0.0001,74.125.24.0-255,1484,15458,79,191254
31474,0.000103,172.31.40.0-255,66,15524,79,191254
31475,0.000112,74.125.24.0-255,2902,18426,79,191254
31476,0.000114,172.31.40.0-255,66,18492,79,191254
31477,0.00012,74.125.24.0-255,4320,22812,79,191254
31478,0.000123,172.31.40.0-255,66,22878,79,191254
31479,0.000154,74.125.24.0-255,1484,24362,79,191254
31480,0.000157,172.31.40.0-255,66,24428,79,191254
31481,0.000163,74.125.24.0-255,4320,28748,79,191254
31482,0.000165,172.31.40.0-255,66,28814,79,191254
31483,0.000192,74.125.24.0-255,2543,31357,79,191254
31484,0.000194,172.31.40.0-255,66,31423,79,191254
31485,0.000241,74.125.24.0-255,1484,32907,79,191254
31486,0.000244,172.31.40.0-255,66,32973,79,191254
31487,0.000249,74.125.24.0-255,2902,35875,79,191254
31488,0.000252,172.31.40.0-255,66,35941,79,191254
31489,0.000259,74.125.24.0-255,5738,41679,79,191254
31490,0.000261,172.31.40.0-255,66,41745,79,191254
31491,0.0003,172.31.40.0-255,66,41811,79,191254
31492,0.000303,74.125.24.0-255,1484,43295,79,191254
31493,0.000305,172.31.40.0-255,66,43361,79,191254
31494,0.000358,172.31.40.0-255,66,43427,79,191254
31495,0.000361,74.125.24.0-255,377,43804,79,191254
31496,0.001005,74.125.24.0-255,1484,45288,79,191254
31497,0.001012,172.31.40.0-255,66,45354,79,191254
31498,0.001018,74.125.24.0-255,2902,48256,79,191254
31499,0.00102,172.31.40.0-255,66,48322,79,191254
31500,0.001056,74.125.24.0-255,5738,54060,79,191254
31501,0.001059,172.31.40.0-255,66,54126,79,191254
31502,0.001067,74.125.24.0-255,7156,61282,79,191254
31503,0.00107,172.31.40.0-255,66,61348,79,191254
31504,0.001093,74.125.24.0-255,5738,67086,79,191254
31505,0.001096,172.31.40.0-255,66,67152,79,191254
31506,0.001099,74.125.24.0-255,1484,68636,79,191254
31507,0.001115,172.31.40.0-255,66,68702,79,191254
31508,0.001579,74.125.24.0-255,1484,70186,79,191254
31509,0.001589,74.125.24.0-255,2902,73088,79,191254
31510,0.001593,172.31.40.0-255,66,73154,79,191254
31511,0.001601,74.125.24.0-255,5738,78892,79,191254
31512,0.001603,172.31.40.0-255,66,78958,79,191254
31513,0.001608,74.125.24.0-255,4320,83278,79,191254
31514,0.001615,172.31.40.0-255,66,83344,79,191254
31515,0.001618,74.125.24.0-255,1484,84828,79,191254
31516,0.001653,172.31.40.0-255,66,84894,79,191254
31517,0.001664,172.31.40.0-255,66,84960,79,191254
31518,0.001718,74.125.24.0-255,1484,86444,79,191254
31519,0.001722,74.125.24.0-255,1484,87928,79,191254
31520,0.001724,172.31.40.0-255,66,87994,79,191254
31521,0.001755,74.125.24.0-255,1484,89478,79,191254
31522,0.001763,74.125.24.0-255,5738,95216,79,191254
31523,0.001765,172.31.40.0-255,66,95282,79,191254
31524,0.001777,172.31.40.0-255,66,95348,79,191254
31525,0.001822,172.31.40.0-255,66,95414,79,191254
31526,0.001849,74.125.24.0-255,3602,99016,79,191254
31527,0.001851,172.31.40.0-255,66,99082,79,191254
31528,0.001925,74.125.24.0-255,1484,100566,79,191254
31529,0.001931,74.125.24.0-255,2902,103468,79,191254
31530,0.001936,172.31.40.0-255,66,103534,79,191254
31531,0.001942,74.125.24.0-255,4320,107854,79,191254
31532,0.001945,172.31.40.0-255,66,107920,79,191254
31533,0.001974,74.125.24.0-255,1484,109404,79,191254
31534,0.001986,172.31.40.0-255,66,109470,79,191254
31535,0.002016,74.125.24.0-255,7156,116626,79,191254
31536,0.00202,172.31.40.0-255,66,116692,79,191254
31537,0.002054,172.31.40.0-255,66,116758,79,191254
31538,0.002109,74.125.24.0-255,1484,118242,79,191254
31539,0.002114,74.125.24.0-255,2902,121144,79,191254
31540,0.002116,172.31.40.0-255,66,121210,79,191254
31541,0.002123,74.125.24.0-255,5738,126948,79,191254
31542,0.002126,172.31.40.0-255,66,127014,79,191254
31543,0.002131,74.125.24.0-255,4320,131334,79,191254
31544,0.002133,172.31.40.0-255,66,131400,79,191254
31545,0.00214,74.125.24.0-255,7156,138556,79,191254
31546,0.002143,172.31.40.0-255,66,138622,79,191254
31547,0.002178,74.125.24.0-255,4320,142942,79,191254
31548,0.002181,172.31.40.0-255,66,143008,79,191254
31549,0.002193,172.31.40.0-255,66,143074,79,191254
31550,0.002207,172.31.40.0-255,66,143140,79,191254
31551,0.002214,74.125.24.0-255,1484,144624,79,191254
31552,0.00226,172.31.40.0-255,66,144690,79,191254
31553,0.002266,74.125.24.0-255,5738,150428,79,191254
31554,0.002269,172.31.40.0-255,66,150494,79,191254
31555,0.002299,172.31.40.0-255,66,150560,79,191254
31556,0.00231,172.31.40.0-255,66,150626,79,191254
31557,0.004568,74.125.24.0-255,5738,156364,79,191254
31558,0.004587,172.31.40.0-255,66,156430,79,191254
31559,0.006857,74.125.24.0-255,5738,162168,79,191254
31560,0.006879,172.31.40.0-255,66,162234,79,191254
31561,0.00914,74.125.24.0-255,5738,167972,79,191254
31562,0.009149,172.31.40.0-255,66,168038,79,191254
31563,0.011408,74.125.24.0-255,5738,173776,79,191254
31564,0.011414,172.31.40.0-255,66,173842,79,191254
31565,0.0137,74.125.24.0-255,5738,179580,79,191254
31566,0.013714,172.31.40.0-255,66,179646,79,191254
31567,0.015976,74.125.24.0-255,5738,185384,79,191254
31568,0.015982,172.31.40.0-255,66,185450,79,191254
31569,0.018262,74.125.24.0-255,5738,191188,79,191254
31570,0.018275,172.31.40.0-255,66,191254,79,191254
31571,0.0,74.125.130.0-255,153,153,79,147043
31572,1.5e-05,172.31.40.0-255,66,219,79,147043
31573,2.1e-05,74.125.130.0-255,1484,1703,79,147043
31574,2.5e-05,172.31.40.0-255,66,1769,79,147043
31575,3.1e-05,74.125.130.0-255,2902,4671,79,147043
31576,4.4e-05,172.31.40.0-255,66,4737,79,147043
31577,5.1e-05,74.125.130.0-255,7156,11893,79,147043
31578,5.4e-05,172.31.40.0-255,66,11959,79,147043
31579,5.8e-05,74.125.130.0-255,2031,13990,79,147043
31580,5.9e-05,172.31.40.0-255,66,14056,79,147043
31581,0.000464,74.125.130.0-255,1484,15540,79,147043
31582,0.000469,172.31.40.0-255,66,15606,79,147043
31583,0.000477,74.125.130.0-255,2902,18508,79,147043
31584,0.000479,172.31.40.0-255,66,18574,79,147043
31585,0.000491,74.125.130.0-255,5738,24312,79,147043
31586,0.000493,172.31.40.0-255,66,24378,79,147043
31587,0.000528,74.125.130.0-255,6797,31175,79,147043
31588,0.000533,172.31.40.0-255,66,31241,79,147043
31589,0.000912,74.125.130.0-255,1484,32725,79,147043
31590,0.000917,172.31.40.0-255,66,32791,79,147043
31591,0.000925,74.125.130.0-255,2902,35693,79,147043
31592,0.000927,172.31.40.0-255,66,35759,79,147043
31593,0.000938,74.125.130.0-255,5738,41497,79,147043
31594,0.00094,172.31.40.0-255,66,41563,79,147043
31595,0.00097,74.125.130.0-255,5738,47301,79,147043
31596,0.000972,172.31.40.0-255,66,47367,79,147043
31597,0.001006,172.31.40.0-255,66,47433,79,147043
31598,0.001032,172.31.40.0-255,66,47499,79,147043
31599,0.001507,74.125.130.0-255,366,47865,79,147043
31600,0.001513,172.31.40.0-255,66,47931,79,147043
31601,0.001709,74.125.130.0-255,1484,49415,79,147043
31602,0.001724,74.125.130.0-255,1484,50899,79,147043
31603,0.001727,172.31.40.0-255,66,50965,79,147043
31604,0.001758,74.125.130.0-255,1484,52449,79,147043
31605,0.001765,74.125.130.0-255,5738,58187,79,147043
31606,0.001767,172.31.40.0-255,66,58253,79,147043
31607,0.001773,74.125.130.0-255,6797,65050,79,147043
31608,0.001775,172.31.40.0-255,66,65116,79,147043
31609,0.001808,74.125.130.0-255,7156,72272,79,147043
31610,0.001814,172.31.40.0-255,66,72338,79,147043
31611,0.001823,74.125.130.0-255,5738,78076,79,147043
31612,0.001827,172.31.40.0-255,66,78142,79,147043
31613,0.001867,74.125.130.0-255,3961,82103,79,147043
31614,0.001886,172.31.40.0-255,66,82169,79,147043
31615,0.002041,74.125.130.0-255,1484,83653,79,147043
31616,0.002057,74.125.130.0-255,2902,86555,79,147043
31617,0.002061,74.125.130.0-255,1484,88039,79,147043
31618,0.002077,74.125.130.0-255,2902,90941,79,147043
31619,0.002084,172.31.40.0-255,66,91007,79,147043
31620,0.002097,74.125.130.0-255,5738,96745,79,147043
31621,0.002131,172.31.40.0-255,66,96811,79,147043
31622,0.002172,74.125.130.0-255,4320,101131,79,147043
31623,0.002187,74.125.130.0-255,5738,106869,79,147043
31624,0.002192,172.31.40.0-255,66,106935,79,147043
31625,0.002215,74.125.130.0-255,766,107701,79,147043
31626,0.002523,172.31.40.0-255,66,107767,79,147043
31627,0.004405,74.125.130.0-255,4320,112087,79,147043
31628,0.00441,172.31.40.0-255,66,112153,79,147043
31629,0.004733,74.125.130.0-255,1484,113637,79,147043
31630,0.006616,74.125.130.0-255,4320,117957,79,147043
31631,0.006621,172.31.40.0-255,66,118023,79,147043
31632,0.008843,74.125.130.0-255,5738,123761,79,147043
31633,0.008849,172.31.40.0-255,66,123827,79,147043
31634,0.011067,74.125.130.0-255,5738,129565,79,147043
31635,0.011073,172.31.40.0-255,66,129631,79,147043
31636,0.0133,74.125.130.0-255,5738,135369,79,147043
31637,0.013308,172.31.40.0-255,66,135435,79,147043
31638,0.015527,74.125.130.0-255,5738,141173,79,147043
31639,0.015534,172.31.40.0-255,66,141239,79,147043
31640,0.017782,74.125.130.0-255,5738,146977,79,147043
31641,0.017799,172.31.40.0-255,66,147043,79,147043
31642,0.0,172.217.27.0-255,152,152,79,216094
31643,1.3e-05,172.31.40.0-255,66,218,79,216094
31644,1.9e-05,172.217.27.0-255,1484,1702,79,216094
31645,2.3e-05,172.31.40.0-255,66,1768,79,216094
31646,2.8e-05,172.217.27.0-255,2902,4670,79,216094
31647,3.1e-05,172.31.40.0-255,66,4736,79,216094
31648,5.2e-05,172.217.27.0-255,1484,6220,79,216094
31649,5.5e-05,172.31.40.0-255,66,6286,79,216094
31650,5.9e-05,172.217.27.0-255,1484,7770,79,216094
31651,6.1e-05,172.31.40.0-255,66,7836,79,216094
31652,7.4e-05,172.217.27.0-255,1484,9320,79,216094
31653,7.7e-05,172.31.40.0-255,66,9386,79,216094
31654,0.000112,172.217.27.0-255,6291,15677,79,216094
31655,0.000115,172.31.40.0-255,66,15743,79,216094
31656,0.00012,172.217.27.0-255,4320,20063,79,216094
31657,0.000122,172.31.40.0-255,66,20129,79,216094
31658,0.000129,172.217.27.0-255,5738,25867,79,216094
31659,0.000131,172.31.40.0-255,66,25933,79,216094
31660,0.000164,172.217.27.0-255,5379,31312,79,216094
31661,0.000166,172.31.40.0-255,66,31378,79,216094
31662,0.000224,172.217.27.0-255,1484,32862,79,216094
31663,0.000228,172.31.40.0-255,66,32928,79,216094
31664,0.000231,172.217.27.0-255,1484,34412,79,216094
31665,0.000233,172.31.40.0-255,66,34478,79,216094
31666,0.000246,172.217.27.0-255,1484,35962,79,216094
31667,0.000249,172.31.40.0-255,66,36028,79,216094
31668,0.000255,172.217.27.0-255,5738,41766,79,216094
31669,0.000257,172.31.40.0-255,66,41832,79,216094
31670,0.000262,172.217.27.0-255,4320,46152,79,216094
31671,0.000264,172.31.40.0-255,66,46218,79,216094
31672,0.00029,172.217.27.0-255,2902,49120,79,216094
31673,0.000293,172.31.40.0-255,66,49186,79,216094
31674,0.000305,172.31.40.0-255,66,49252,79,216094
31675,0.000326,172.217.27.0-255,4320,53572,79,216094
31676,0.000328,172.31.40.0-255,66,53638,79,216094
31677,0.000332,172.217.27.0-255,2472,56110,79,216094
31678,0.000334,172.31.40.0-255,66,56176,79,216094
31679,0.000666,172.217.27.0-255,139,56315,79,216094
31680,0.000862,172.217.27.0-255,1484,57799,79,216094
31681,0.000867,172.31.40.0-255,66,57865,79,216094
31682,0.000873,172.217.27.0-255,2902,60767,79,216094
31683,0.000875,172.31.40.0-255,66,60833,79,216094
31684,0.000901,172.217.27.0-255,4320,65153,79,216094
31685,0.000905,172.31.40.0-255,66,65219,79,216094
31686,0.000914,172.217.27.0-255,1484,66703,79,216094
31687,0.000924,172.31.40.0-255,66,66769,79,216094
31688,0.000942,172.217.27.0-255,4320,71089,79,216094
31689,0.000944,172.31.40.0-255,66,71155,79,216094
31690,0.000957,172.31.40.0-255,66,71221,79,216094
31691,0.000983,172.217.27.0-255,1484,72705,79,216094
31692,0.000987,172.217.27.0-255,1484,74189,79,216094
31693,0.000989,172.31.40.0-255,66,74255,79,216094
31694,0.001003,172.217.27.0-255,1484,75739,79,216094
31695,0.001009,172.217.27.0-255,5738,81477,79,216094
31696,0.001012,172.31.40.0-255,66,81543,79,216094
31697,0.001054,172.31.40.0-255,66,81609,79,216094
31698,0.001094,172.31.40.0-255,66,81675,79,216094
31699,0.001173,172.217.27.0-255,1484,83159,79,216094
31700,0.00118,172.217.27.0-255,2902,86061,79,216094
31701,0.001183,172.31.40.0-255,66,86127,79,216094
31702,0.001187,172.217.27.0-255,1484,87611,79,216094
31703,0.001207,172.217.27.0-255,4320,91931,79,216094
31704,0.00121,172.31.40.0-255,66,91997,79,216094
31705,0.001225,172.217.27.0-255,4320,96317,79,216094
31706,0.001228,172.31.40.0-255,66,96383,79,216094
31707,0.001265,172.31.40.0-255,66,96449,79,216094
31708,0.001277,172.31.40.0-255,66,96515,79,216094
31709,0.001387,172.217.27.0-255,1484,97999,79,216094
31710,0.001393,172.217.27.0-255,2902,100901,79,216094
31711,0.001396,172.31.40.0-255,66,100967,79,216094
31712,0.00142,172.217.27.0-255,5738,106705,79,216094
31713,0.001422,172.31.40.0-255,66,106771,79,216094
31714,0.001451,172.31.40.0-255,66,106837,79,216094
31715,0.001458,172.217.27.0-255,7156,113993,79,216094
31716,0.001461,172.31.40.0-255,66,114059,79,216094
31717,0.001479,172.217.27.0-255,1484,115543,79,216094
31718,0.001493,172.217.27.0-255,2184,117727,79,216094
31719,0.001496,172.31.40.0-255,66,117793,79,216094
31720,0.001723,172.217.27.0-255,1484,119277,79,216094
31721,0.001737,172.217.27.0-255,2902,122179,79,216094
31722,0.00174,172.31.40.0-255,66,122245,79,216094
31723,0.001745,172.217.27.0-255,2902,125147,79,216094
31724,0.001747,172.31.40.0-255,66,125213,79,216094
31725,0.001761,172.217.27.0-255,1484,126697,79,216094
31726,0.001773,172.217.27.0-255,2902,129599,79,216094
31727,0.001775,172.31.40.0-255,66,129665,79,216094
31728,0.001779,172.217.27.0-255,1484,131149,79,216094
31729,0.001796,172.217.27.0-255,7156,138305,79,216094
31730,0.001798,172.31.40.0-255,66,138371,79,216094
31731,0.001821,172.217.27.0-255,4320,142691,79,216094
31732,0.001824,172.31.40.0-255,66,142757,79,216094
31733,0.001831,172.217.27.0-255,7156,149913,79,216094
31734,0.001833,172.31.40.0-255,66,149979,79,216094
31735,0.001836,172.217.27.0-255,2184,152163,79,216094
31736,0.001838,172.31.40.0-255,66,152229,79,216094
31737,0.00184,172.217.27.0-255,1484,153713,79,216094
31738,0.001853,172.217.27.0-255,1484,155197,79,216094
31739,0.001855,172.31.40.0-255,66,155263,79,216094
31740,0.001871,172.217.27.0-255,1484,156747,79,216094
31741,0.001874,172.217.27.0-255,2902,159649,79,216094
31742,0.001876,172.217.27.0-255,1484,161133,79,216094
31743,0.001879,172.31.40.0-255,66,161199,79,216094
31744,0.001899,172.217.27.0-255,2902,164101,79,216094
31745,0.001901,172.31.40.0-255,66,164167,79,216094
31746,0.001928,172.217.27.0-255,5738,169905,79,216094
31747,0.001931,172.31.40.0-255,66,169971,79,216094
31748,0.001936,172.217.27.0-255,4320,174291,79,216094
31749,0.001939,172.31.40.0-255,66,174357,79,216094
31750,0.001942,172.217.27.0-255,1484,175841,79,216094
31751,0.001973,172.31.40.0-255,66,175907,79,216094
31752,0.001976,172.217.27.0-255,1484,177391,79,216094
31753,0.002016,172.31.40.0-255,66,177457,79,216094
31754,0.002022,172.217.27.0-255,4320,181777,79,216094
31755,0.002024,172.31.40.0-255,66,181843,79,216094
31756,0.002029,172.217.27.0-255,2902,184745,79,216094
31757,0.002031,172.31.40.0-255,66,184811,79,216094
31758,0.002042,172.31.40.0-255,66,184877,79,216094
31759,0.002064,172.217.27.0-255,4320,189197,79,216094
31760,0.002067,172.31.40.0-255,66,189263,79,216094
31761,0.002079,172.217.27.0-255,5738,195001,79,216094
31762,0.002081,172.31.40.0-255,66,195067,79,216094
31763,0.002097,172.217.27.0-255,5020,200087,79,216094
31764,0.002099,172.31.40.0-255,66,200153,79,216094
31765,0.002114,172.31.40.0-255,66,200219,79,216094
31766,0.002145,172.217.27.0-255,1484,201703,79,216094
31767,0.002158,172.31.40.0-255,66,201769,79,216094
31768,0.002169,172.31.40.0-255,66,201835,79,216094
31769,0.00218,172.31.40.0-255,66,201901,79,216094
31770,0.002248,172.31.40.0-255,66,201967,79,216094
31771,0.00226,172.31.40.0-255,66,202033,79,216094
31772,0.002265,172.217.27.0-255,4320,206353,79,216094
31773,0.002267,172.31.40.0-255,66,206419,79,216094
31774,0.002301,172.31.40.0-255,66,206485,79,216094
31775,0.002315,172.217.27.0-255,2902,209387,79,216094
31776,0.002317,172.31.40.0-255,66,209453,79,216094
31777,0.002345,172.31.40.0-255,66,209519,79,216094
31778,0.002357,172.31.40.0-255,66,209585,79,216094
31779,0.002373,172.217.27.0-255,2902,212487,79,216094
31780,0.002375,172.31.40.0-255,66,212553,79,216094
31781,0.002381,172.217.27.0-255,3133,215686,79,216094
31782,0.002383,172.31.40.0-255,66,215752,79,216094
31783,0.002405,172.217.27.0-255,105,215857,79,216094
31784,0.009432,172.31.40.0-255,66,215923,79,216094
31785,0.009472,172.31.40.0-255,105,216028,79,216094
31786,0.011059,172.217.27.0-255,66,216094,79,216094
31787,0.0,74.125.24.0-255,153,153,79,241295
31788,1.6e-05,172.31.40.0-255,66,219,79,241295
31789,2.3e-05,74.125.24.0-255,1484,1703,79,241295
31790,2.7e-05,172.31.40.0-255,66,1769,79,241295
31791,3.3e-05,74.125.24.0-255,2902,4671,79,241295
31792,3.5e-05,172.31.40.0-255,66,4737,79,241295
31793,5.9e-05,74.125.24.0-255,1484,6221,79,241295
31794,6.1e-05,172.31.40.0-255,66,6287,79,241295
31795,6.5e-05,74.125.24.0-255,2902,9189,79,241295
31796,6.8e-05,172.31.40.0-255,66,9255,79,241295
31797,8.8e-05,74.125.24.0-255,4320,13575,79,241295
31798,9e-05,172.31.40.0-255,66,13641,79,241295
31799,0.00011,74.125.24.0-255,709,14350,79,241295
31800,0.000112,172.31.40.0-255,66,14416,79,241295
31801,0.000213,74.125.24.0-255,1484,15900,79,241295
31802,0.000217,172.31.40.0-255,66,15966,79,241295
31803,0.000222,74.125.24.0-255,2902,18868,79,241295
31804,0.000224,172.31.40.0-255,66,18934,79,241295
31805,0.000245,74.125.24.0-255,5738,24672,79,241295
31806,0.000247,172.31.40.0-255,66,24738,79,241295
31807,0.000253,74.125.24.0-255,4320,29058,79,241295
31808,0.000254,172.31.40.0-255,66,29124,79,241295
31809,0.000272,74.125.24.0-255,2543,31667,79,241295
31810,0.000274,172.31.40.0-255,66,31733,79,241295
31811,0.000308,172.31.40.0-255,66,31799,79,241295
31812,0.000342,74.125.24.0-255,5379,37178,79,241295
31813,0.000345,172.31.40.0-255,66,37244,79,241295
31814,0.000607,74.125.24.0-255,1484,38728,79,241295
31815,0.000611,172.31.40.0-255,66,38794,79,241295
31816,0.000616,74.125.24.0-255,2902,41696,79,241295
31817,0.000618,172.31.40.0-255,66,41762,79,241295
31818,0.00065,74.125.24.0-255,5738,47500,79,241295
31819,0.000652,172.31.40.0-255,66,47566,79,241295
31820,0.000659,74.125.24.0-255,6797,54363,79,241295
31821,0.000661,172.31.40.0-255,66,54429,79,241295
31822,0.000698,74.125.24.0-255,400,54829,79,241295
31823,0.000817,74.125.24.0-255,344,55173,79,241295
31824,0.000926,172.31.40.0-255,66,55239,79,241295
31825,0.000944,74.125.24.0-255,1484,56723,79,241295
31826,0.000958,74.125.24.0-255,2902,59625,79,241295
31827,0.000961,172.31.40.0-255,66,59691,79,241295
31828,0.000966,74.125.24.0-255,4320,64011,79,241295
31829,0.000968,172.31.40.0-255,66,64077,79,241295
31830,0.000979,74.125.24.0-255,1484,65561,79,241295
31831,0.001011,74.125.24.0-255,2902,68463,79,241295
31832,0.001014,172.31.40.0-255,66,68529,79,241295
31833,0.001035,74.125.24.0-255,5379,73908,79,241295
31834,0.001038,172.31.40.0-255,66,73974,79,241295
31835,0.001041,74.125.24.0-255,1484,75458,79,241295
31836,0.00106,74.125.24.0-255,7156,82614,79,241295
31837,0.001062,172.31.40.0-255,66,82680,79,241295
31838,0.001092,74.125.24.0-255,6797,89477,79,241295
31839,0.001094,172.31.40.0-255,66,89543,79,241295
31840,0.001185,74.125.24.0-255,1484,91027,79,241295
31841,0.001199,74.125.24.0-255,2902,93929,79,241295
31842,0.001202,172.31.40.0-255,66,93995,79,241295
31843,0.001208,74.125.24.0-255,5738,99733,79,241295
31844,0.00121,172.31.40.0-255,66,99799,79,241295
31845,0.001249,172.31.40.0-255,66,99865,79,241295
31846,0.001266,74.125.24.0-255,2902,102767,79,241295
31847,0.001268,172.31.40.0-255,66,102833,79,241295
31848,0.001273,74.125.24.0-255,4320,107153,79,241295
31849,0.001275,172.31.40.0-255,66,107219,79,241295
31850,0.001309,74.125.24.0-255,6438,113657,79,241295
31851,0.001312,172.31.40.0-255,66,113723,79,241295
31852,0.001333,74.125.24.0-255,1484,115207,79,241295
31853,0.001337,74.125.24.0-255,2902,118109,79,241295
31854,0.001339,172.31.40.0-255,66,118175,79,241295
31855,0.001341,74.125.24.0-255,1484,119659,79,241295
31856,0.001359,74.125.24.0-255,4320,123979,79,241295
31857,0.001362,172.31.40.0-255,66,124045,79,241295
31858,0.001366,74.125.24.0-255,4320,128365,79,241295
31859,0.001368,172.31.40.0-255,66,128431,79,241295
31860,0.001395,172.31.40.0-255,66,128497,79,241295
31861,0.001409,74.125.24.0-255,2902,131399,79,241295
31862,0.001411,172.31.40.0-255,66,131465,79,241295
31863,0.001441,172.31.40.0-255,66,131531,79,241295
31864,0.00148,74.125.24.0-255,1484,133015,79,241295
31865,0.001484,74.125.24.0-255,2902,135917,79,241295
31866,0.001486,172.31.40.0-255,66,135983,79,241295
31867,0.001509,74.125.24.0-255,5738,141721,79,241295
31868,0.001512,172.31.40.0-255,66,141787,79,241295
31869,0.001516,74.125.24.0-255,4320,146107,79,241295
31870,0.001518,172.31.40.0-255,66,146173,79,241295
31871,0.001538,172.31.40.0-255,66,146239,79,241295
31872,0.001553,74.125.24.0-255,4320,150559,79,241295
31873,0.001556,172.31.40.0-255,66,150625,79,241295
31874,0.001573,74.125.24.0-255,6438,157063,79,241295
31875,0.001575,172.31.40.0-255,66,157129,79,241295
31876,0.001915,74.125.24.0-255,1484,158613,79,241295
31877,0.001941,74.125.24.0-255,2902,161515,79,241295
31878,0.001946,172.31.40.0-255,66,161581,79,241295
31879,0.001953,74.125.24.0-255,5738,167319,79,241295
31880,0.001955,172.31.40.0-255,66,167385,79,241295
31881,0.001959,74.125.24.0-255,2902,170287,79,241295
31882,0.001962,172.31.40.0-255,66,170353,79,241295
31883,0.001977,74.125.24.0-255,2902,173255,79,241295
31884,0.001979,172.31.40.0-255,66,173321,79,241295
31885,0.001986,74.125.24.0-255,7156,180477,79,241295
31886,0.001988,172.31.40.0-255,66,180543,79,241295
31887,0.00201,74.125.24.0-255,2902,183445,79,241295
31888,0.002012,172.31.40.0-255,66,183511,79,241295
31889,0.002037,172.31.40.0-255,66,183577,79,241295
31890,0.002048,172.31.40.0-255,66,183643,79,241295
31891,0.002107,172.31.40.0-255,66,183709,79,241295
31892,0.002113,74.125.24.0-255,5020,188729,79,241295
31893,0.002115,172.31.40.0-255,66,188795,79,241295
31894,0.002152,74.125.24.0-255,1484,190279,79,241295
31895,0.002172,74.125.24.0-255,2902,193181,79,241295
31896,0.002174,172.31.40.0-255,66,193247,79,241295
31897,0.00218,74.125.24.0-255,5738,198985,79,241295
31898,0.002183,172.31.40.0-255,66,199051,79,241295
31899,0.002186,74.125.24.0-255,1484,200535,79,241295
31900,0.00222,172.31.40.0-255,66,200601,79,241295
31901,0.002231,172.31.40.0-255,66,200667,79,241295
31902,0.004494,74.125.24.0-255,5738,206405,79,241295
31903,0.004498,172.31.40.0-255,66,206471,79,241295
31904,0.006743,74.125.24.0-255,5738,212209,79,241295
31905,0.006753,172.31.40.0-255,66,212275,79,241295
31906,0.009002,74.125.24.0-255,5738,218013,79,241295
31907,0.009008,172.31.40.0-255,66,218079,79,241295
31908,0.011274,74.125.24.0-255,5738,223817,79,241295
31909,0.011281,172.31.40.0-255,66,223883,79,241295
31910,0.013552,74.125.24.0-255,5738,229621,79,241295
31911,0.01356,172.31.40.0-255,66,229687,79,241295
31912,0.015812,74.125.24.0-255,5738,235425,79,241295
31913,0.01582,172.31.40.0-255,66,235491,79,241295
31914,0.018069,74.125.24.0-255,5738,241229,79,241295
31915,0.018077,172.31.40.0-255,66,241295,79,241295
31916,0.0,172.217.27.0-255,150,150,79,176556
31917,1.4e-05,172.31.40.0-255,66,216,79,176556
31918,2e-05,172.217.27.0-255,1484,1700,79,176556
31919,2.5e-05,172.31.40.0-255,66,1766,79,176556
31920,3.7e-05,172.217.27.0-255,2902,4668,79,176556
31921,4e-05,172.31.40.0-255,66,4734,79,176556
31922,4.3e-05,172.217.27.0-255,1484,6218,79,176556
31923,4.6e-05,172.31.40.0-255,66,6284,79,176556
31924,7.9e-05,172.217.27.0-255,1484,7768,79,176556
31925,8.2e-05,172.31.40.0-255,66,7834,79,176556
31926,8.9e-05,172.217.27.0-255,4320,12154,79,176556
31927,9.1e-05,172.31.40.0-255,66,12220,79,176556
31928,0.000125,172.217.27.0-255,4320,16540,79,176556
31929,0.000127,172.31.40.0-255,66,16606,79,176556
31930,0.000152,172.217.27.0-255,2116,18722,79,176556
31931,0.000154,172.31.40.0-255,66,18788,79,176556
31932,0.000162,172.217.27.0-255,7156,25944,79,176556
31933,0.000168,172.31.40.0-255,66,26010,79,176556
31934,0.000223,172.217.27.0-255,2902,28912,79,176556
31935,0.000227,172.31.40.0-255,66,28978,79,176556
31936,0.00025,172.217.27.0-255,2543,31521,79,176556
31937,0.000253,172.31.40.0-255,66,31587,79,176556
31938,0.000282,172.217.27.0-255,1484,33071,79,176556
31939,0.000285,172.31.40.0-255,66,33137,79,176556
31940,0.000288,172.217.27.0-255,1484,34621,79,176556
31941,0.000291,172.31.40.0-255,66,34687,79,176556
31942,0.000311,172.217.27.0-255,1484,36171,79,176556
31943,0.000318,172.31.40.0-255,66,36237,79,176556
31944,0.000325,172.217.27.0-255,5738,41975,79,176556
31945,0.000328,172.31.40.0-255,66,42041,79,176556
31946,0.000355,172.217.27.0-255,2902,44943,79,176556
31947,0.000361,172.31.40.0-255,66,45009,79,176556
31948,0.000367,172.217.27.0-255,3961,48970,79,176556
31949,0.000513,172.31.40.0-255,66,49036,79,176556
31950,0.000603,172.217.27.0-255,1484,50520,79,176556
31951,0.00062,172.217.27.0-255,2902,53422,79,176556
31952,0.000638,172.31.40.0-255,66,53488,79,176556
31953,0.000668,172.217.27.0-255,4320,57808,79,176556
31954,0.000681,172.31.40.0-255,66,57874,79,176556
31955,0.000719,172.31.40.0-255,66,57940,79,176556
31956,0.001008,172.217.27.0-255,1484,59424,79,176556
31957,0.001026,172.217.27.0-255,2902,62326,79,176556
31958,0.00103,172.31.40.0-255,66,62392,79,176556
31959,0.001034,172.217.27.0-255,1484,63876,79,176556
31960,0.001067,172.217.27.0-255,4320,68196,79,176556
31961,0.001069,172.31.40.0-255,66,68262,79,176556
31962,0.001077,172.217.27.0-255,6797,75059,79,176556
31963,0.001079,172.31.40.0-255,66,75125,79,176556
31964,0.001112,172.217.27.0-255,1484,76609,79,176556
31965,0.001132,172.217.27.0-255,2902,79511,79,176556
31966,0.001135,172.31.40.0-255,66,79577,79,176556
31967,0.001141,172.217.27.0-255,4320,83897,79,176556
31968,0.001162,172.217.27.0-255,1484,85381,79,176556
31969,0.00117,172.217.27.0-255,7156,92537,79,176556
31970,0.001176,172.31.40.0-255,66,92603,79,176556
31971,0.001205,172.217.27.0-255,1484,94087,79,176556
31972,0.001242,172.217.27.0-255,2902,96989,79,176556
31973,0.001247,172.31.40.0-255,66,97055,79,176556
31974,0.001256,172.217.27.0-255,2902,99957,79,176556
31975,0.001274,172.217.27.0-255,2902,102859,79,176556
31976,0.001281,172.217.27.0-255,6022,108881,79,176556
31977,0.001303,172.31.40.0-255,66,108947,79,176556
31978,0.0015,172.217.27.0-255,763,109710,79,176556
31979,0.001669,172.217.27.0-255,1484,111194,79,176556
31980,0.001674,172.31.40.0-255,66,111260,79,176556
31981,0.002981,172.217.27.0-255,2902,114162,79,176556
31982,0.002989,172.31.40.0-255,66,114228,79,176556
31983,0.00333,172.217.27.0-255,2902,117130,79,176556
31984,0.003333,172.31.40.0-255,66,117196,79,176556
31985,0.004666,172.217.27.0-255,2902,120098,79,176556
31986,0.004671,172.31.40.0-255,66,120164,79,176556
31987,0.004984,172.217.27.0-255,2902,123066,79,176556
31988,0.004987,172.31.40.0-255,66,123132,79,176556
31989,0.006359,172.217.27.0-255,2902,126034,79,176556
31990,0.006364,172.31.40.0-255,66,126100,79,176556
31991,0.006642,172.217.27.0-255,2902,129002,79,176556
31992,0.006646,172.31.40.0-255,66,129068,79,176556
31993,0.008025,172.217.27.0-255,2902,131970,79,176556
31994,0.008031,172.31.40.0-255,66,132036,79,176556
31995,0.008299,172.217.27.0-255,2902,134938,79,176556
31996,0.008305,172.31.40.0-255,66,135004,79,176556
31997,0.009702,172.217.27.0-255,2902,137906,79,176556
31998,0.00971,172.31.40.0-255,66,137972,79,176556
31999,0.009991,172.217.27.0-255,2902,140874,79,176556
32000,0.009997,172.31.40.0-255,66,140940,79,176556
32001,0.011363,172.217.27.0-255,2902,143842,79,176556
32002,0.01137,172.31.40.0-255,66,143908,79,176556
32003,0.011646,172.217.27.0-255,2902,146810,79,176556
32004,0.011653,172.31.40.0-255,66,146876,79,176556
32005,0.013051,172.217.27.0-255,2902,149778,79,176556
32006,0.013058,172.31.40.0-255,66,149844,79,176556
32007,0.013304,172.217.27.0-255,2902,152746,79,176556
32008,0.01331,172.31.40.0-255,66,152812,79,176556
32009,0.014713,172.217.27.0-255,2902,155714,79,176556
32010,0.01472,172.31.40.0-255,66,155780,79,176556
32011,0.014958,172.217.27.0-255,2902,158682,79,176556
32012,0.014964,172.31.40.0-255,66,158748,79,176556
32013,0.016373,172.217.27.0-255,2902,161650,79,176556
32014,0.016378,172.31.40.0-255,66,161716,79,176556
32015,0.016612,172.217.27.0-255,2902,164618,79,176556
32016,0.016616,172.31.40.0-255,66,164684,79,176556
32017,0.018033,172.217.27.0-255,2902,167586,79,176556
32018,0.01804,172.31.40.0-255,66,167652,79,176556
32019,0.018264,172.217.27.0-255,2902,170554,79,176556
32020,0.018269,172.31.40.0-255,66,170620,79,176556
32021,0.01969,172.217.27.0-255,2902,173522,79,176556
32022,0.019697,172.31.40.0-255,66,173588,79,176556
32023,0.019926,172.217.27.0-255,2902,176490,79,176556
32024,0.019931,172.31.40.0-255,66,176556,79,176556
32025,0.0,172.217.194.0-255,149,149,79,222729
32026,3e-05,172.31.40.0-255,66,215,79,222729
32027,3.8e-05,172.217.194.0-255,1484,1699,79,222729
32028,4.3e-05,172.31.40.0-255,66,1765,79,222729
32029,4.8e-05,172.217.194.0-255,2902,4667,79,222729
32030,5.9e-05,172.31.40.0-255,66,4733,79,222729
32031,6.3e-05,172.217.194.0-255,1484,6217,79,222729
32032,6.6e-05,172.31.40.0-255,66,6283,79,222729
32033,7.3e-05,172.217.194.0-255,5738,12021,79,222729
32034,7.6e-05,172.31.40.0-255,66,12087,79,222729
32035,8e-05,172.217.194.0-255,2048,14135,79,222729
32036,8.2e-05,172.31.40.0-255,66,14201,79,222729
32037,0.00028,172.217.194.0-255,1484,15685,79,222729
32038,0.000286,172.31.40.0-255,66,15751,79,222729
32039,0.000292,172.217.194.0-255,2902,18653,79,222729
32040,0.000294,172.31.40.0-255,66,18719,79,222729
32041,0.000304,172.217.194.0-255,4320,23039,79,222729
32042,0.000306,172.31.40.0-255,66,23105,79,222729
32043,0.000331,172.217.194.0-255,1484,24589,79,222729
32044,0.000333,172.31.40.0-255,66,24655,79,222729
32045,0.000341,172.217.194.0-255,6797,31452,79,222729
32046,0.000344,172.31.40.0-255,66,31518,79,222729
32047,0.000537,172.217.194.0-255,1484,33002,79,222729
32048,0.000543,172.31.40.0-255,66,33068,79,222729
32049,0.000549,172.217.194.0-255,2902,35970,79,222729
32050,0.00055,172.31.40.0-255,66,36036,79,222729
32051,0.000562,172.217.194.0-255,4320,40356,79,222729
32052,0.000565,172.31.40.0-255,66,40422,79,222729
32053,0.00059,172.217.194.0-255,1484,41906,79,222729
32054,0.000592,172.31.40.0-255,66,41972,79,222729
32055,0.000599,172.217.194.0-255,5738,47710,79,222729
32056,0.000602,172.31.40.0-255,66,47776,79,222729
32057,0.000634,172.217.194.0-255,1125,48901,79,222729
32058,0.000643,172.217.194.0-255,7156,56057,79,222729
32059,0.000646,172.31.40.0-255,66,56123,79,222729
32060,0.000662,172.31.40.0-255,66,56189,79,222729
32061,0.001279,172.217.194.0-255,646,56835,79,222729
32062,0.001365,172.217.194.0-255,1484,58319,79,222729
32063,0.00137,172.31.40.0-255,66,58385,79,222729
32064,0.001376,172.217.194.0-255,2902,61287,79,222729
32065,0.001378,172.31.40.0-255,66,61353,79,222729
32066,0.001385,172.217.194.0-255,5738,67091,79,222729
32067,0.001387,172.31.40.0-255,66,67157,79,222729
32068,0.00143,172.31.40.0-255,66,67223,79,222729
32069,0.001437,172.217.194.0-255,5738,72961,79,222729
32070,0.001439,172.31.40.0-255,66,73027,79,222729
32071,0.001471,172.217.194.0-255,5020,78047,79,222729
32072,0.001474,172.31.40.0-255,66,78113,79,222729
32073,0.001878,172.217.194.0-255,1484,79597,79,222729
32074,0.001887,172.217.194.0-255,2902,82499,79,222729
32075,0.001891,172.31.40.0-255,66,82565,79,222729
32076,0.001897,172.217.194.0-255,2902,85467,79,222729
32077,0.001899,172.31.40.0-255,66,85533,79,222729
32078,0.001931,172.217.194.0-255,2902,88435,79,222729
32079,0.001933,172.31.40.0-255,66,88501,79,222729
32080,0.001951,172.31.40.0-255,66,88567,79,222729
32081,0.001996,172.217.194.0-255,7156,95723,79,222729
32082,0.001999,172.31.40.0-255,66,95789,79,222729
32083,0.002027,172.217.194.0-255,3602,99391,79,222729
32084,0.002031,172.31.40.0-255,66,99457,79,222729
32085,0.002252,172.217.194.0-255,1484,100941,79,222729
32086,0.00227,172.217.194.0-255,2902,103843,79,222729
32087,0.002274,172.31.40.0-255,66,103909,79,222729
32088,0.002281,172.217.194.0-255,5738,109647,79,222729
32089,0.002283,172.31.40.0-255,66,109713,79,222729
32090,0.002285,172.217.194.0-255,1484,111197,79,222729
32091,0.002296,172.217.194.0-255,4320,115517,79,222729
32092,0.002298,172.31.40.0-255,66,115583,79,222729
32093,0.002333,172.217.194.0-255,4320,119903,79,222729
32094,0.002336,172.31.40.0-255,66,119969,79,222729
32095,0.002373,172.217.194.0-255,2902,122871,79,222729
32096,0.002377,172.31.40.0-255,66,122937,79,222729
32097,0.002393,172.31.40.0-255,66,123003,79,222729
32098,0.002523,172.217.194.0-255,1484,124487,79,222729
32099,0.00253,172.217.194.0-255,2902,127389,79,222729
32100,0.002533,172.31.40.0-255,66,127455,79,222729
32101,0.00256,172.217.194.0-255,5738,133193,79,222729
32102,0.002563,172.31.40.0-255,66,133259,79,222729
32103,0.002566,172.217.194.0-255,1484,134743,79,222729
32104,0.002593,172.217.194.0-255,4320,139063,79,222729
32105,0.002596,172.31.40.0-255,66,139129,79,222729
32106,0.002615,172.217.194.0-255,4320,143449,79,222729
32107,0.002617,172.31.40.0-255,66,143515,79,222729
32108,0.002656,172.31.40.0-255,66,143581,79,222729
32109,0.002716,172.217.194.0-255,1484,145065,79,222729
32110,0.002729,172.217.194.0-255,2902,147967,79,222729
32111,0.002731,172.31.40.0-255,66,148033,79,222729
32112,0.002757,172.217.194.0-255,5738,153771,79,222729
32113,0.00276,172.31.40.0-255,66,153837,79,222729
32114,0.002765,172.217.194.0-255,4320,158157,79,222729
32115,0.002767,172.31.40.0-255,66,158223,79,222729
32116,0.002784,172.217.194.0-255,2902,161125,79,222729
32117,0.00279,172.31.40.0-255,66,161191,79,222729
32118,0.002811,172.217.194.0-255,5738,166929,79,222729
32119,0.002815,172.31.40.0-255,66,166995,79,222729
32120,0.002839,172.31.40.0-255,66,167061,79,222729
32121,0.002843,172.217.194.0-255,2184,169245,79,222729
32122,0.002845,172.31.40.0-255,66,169311,79,222729
32123,0.002871,172.217.194.0-255,1484,170795,79,222729
32124,0.002876,172.217.194.0-255,2902,173697,79,222729
32125,0.002882,172.31.40.0-255,66,173763,79,222729
32126,0.002889,172.217.194.0-255,5738,179501,79,222729
32127,0.002891,172.31.40.0-255,66,179567,79,222729
32128,0.002944,172.31.40.0-255,66,179633,79,222729
32129,0.002955,172.31.40.0-255,66,179699,79,222729
32130,0.002975,172.217.194.0-255,2184,181883,79,222729
32131,0.002981,172.31.40.0-255,66,181949,79,222729
32132,0.003027,172.217.194.0-255,1484,183433,79,222729
32133,0.003031,172.217.194.0-255,1484,184917,79,222729
32134,0.003033,172.31.40.0-255,66,184983,79,222729
32135,0.003059,172.217.194.0-255,1484,186467,79,222729
32136,0.003066,172.217.194.0-255,5738,192205,79,222729
32137,0.003069,172.31.40.0-255,66,192271,79,222729
32138,0.003076,172.217.194.0-255,7156,199427,79,222729
32139,0.003079,172.31.40.0-255,66,199493,79,222729
32140,0.003089,172.217.194.0-255,7156,206649,79,222729
32141,0.003092,172.31.40.0-255,66,206715,79,222729
32142,0.003144,172.217.194.0-255,7156,213871,79,222729
32143,0.003148,172.31.40.0-255,66,213937,79,222729
32144,0.00317,172.31.40.0-255,66,214003,79,222729
32145,0.003186,172.31.40.0-255,66,214069,79,222729
32146,0.003193,172.217.194.0-255,6438,220507,79,222729
32147,0.003195,172.31.40.0-255,66,220573,79,222729
32148,0.003239,172.217.194.0-255,1484,222057,79,222729
32149,0.003288,172.31.40.0-255,66,222123,79,222729
32150,0.0033,172.31.40.0-255,66,222189,79,222729
32151,0.003326,172.31.40.0-255,66,222255,79,222729
32152,0.003369,172.31.40.0-255,66,222321,79,222729
32153,0.003386,172.31.40.0-255,66,222387,79,222729
32154,0.003389,172.217.194.0-255,105,222492,79,222729
32155,0.006457,172.31.40.0-255,66,222558,79,222729
32156,0.006497,172.31.40.0-255,105,222663,79,222729
32157,0.008754,172.217.194.0-255,66,222729,79,222729
32158,0.0,172.217.194.0-255,150,150,79,202672
32159,1.3e-05,172.31.40.0-255,66,216,79,202672
32160,2e-05,172.217.194.0-255,1484,1700,79,202672
32161,2.4e-05,172.31.40.0-255,66,1766,79,202672
32162,3e-05,172.217.194.0-255,2902,4668,79,202672
32163,3.3e-05,172.31.40.0-255,66,4734,79,202672
32164,4e-05,172.217.194.0-255,4320,9054,79,202672
32165,4.3e-05,172.31.40.0-255,66,9120,79,202672
32166,6.8e-05,172.217.194.0-255,2902,12022,79,202672
32167,7.1e-05,172.31.40.0-255,66,12088,79,202672
32168,7.6e-05,172.217.194.0-255,2029,14117,79,202672
32169,7.8e-05,172.31.40.0-255,66,14183,79,202672
32170,0.000118,172.217.194.0-255,5738,19921,79,202672
32171,0.000121,172.31.40.0-255,66,19987,79,202672
32172,0.000153,172.217.194.0-255,5738,25725,79,202672
32173,0.000156,172.31.40.0-255,66,25791,79,202672
32174,0.000167,172.217.194.0-255,5379,31170,79,202672
32175,0.00017,172.31.40.0-255,66,31236,79,202672
32176,0.000237,172.217.194.0-255,1484,32720,79,202672
32177,0.000241,172.31.40.0-255,66,32786,79,202672
32178,0.000246,172.217.194.0-255,2902,35688,79,202672
32179,0.000249,172.31.40.0-255,66,35754,79,202672
32180,0.000294,172.217.194.0-255,5738,41492,79,202672
32181,0.000297,172.31.40.0-255,66,41558,79,202672
32182,0.000357,172.31.40.0-255,66,41624,79,202672
32183,0.000368,172.31.40.0-255,66,41690,79,202672
32184,0.000375,172.217.194.0-255,1438,43128,79,202672
32185,0.000378,172.31.40.0-255,66,43194,79,202672
32186,0.000437,172.217.194.0-255,365,43559,79,202672
32187,0.00044,172.31.40.0-255,66,43625,79,202672
32188,0.000523,172.217.194.0-255,1484,45109,79,202672
32189,0.000544,172.217.194.0-255,2902,48011,79,202672
32190,0.000547,172.31.40.0-255,66,48077,79,202672
32191,0.000552,172.217.194.0-255,2902,50979,79,202672
32192,0.000554,172.31.40.0-255,66,51045,79,202672
32193,0.000598,172.217.194.0-255,2902,53947,79,202672
32194,0.000602,172.31.40.0-255,66,54013,79,202672
32195,0.00061,172.217.194.0-255,6247,60260,79,202672
32196,0.000612,172.31.40.0-255,66,60326,79,202672
32197,0.000924,172.217.194.0-255,1484,61810,79,202672
32198,0.000932,172.217.194.0-255,2902,64712,79,202672
32199,0.000935,172.31.40.0-255,66,64778,79,202672
32200,0.000942,172.217.194.0-255,4320,69098,79,202672
32201,0.000944,172.31.40.0-255,66,69164,79,202672
32202,0.000969,172.217.194.0-255,1484,70648,79,202672
32203,0.000982,172.31.40.0-255,66,70714,79,202672
32204,0.001019,172.217.194.0-255,2902,73616,79,202672
32205,0.001022,172.31.40.0-255,66,73682,79,202672
32206,0.00103,172.217.194.0-255,7156,80838,79,202672
32207,0.001032,172.31.40.0-255,66,80904,79,202672
32208,0.001037,172.217.194.0-255,3602,84506,79,202672
32209,0.001044,172.31.40.0-255,66,84572,79,202672
32210,0.001208,172.217.194.0-255,1484,86056,79,202672
32211,0.001226,172.217.194.0-255,2902,88958,79,202672
32212,0.001229,172.31.40.0-255,66,89024,79,202672
32213,0.001233,172.217.194.0-255,1484,90508,79,202672
32214,0.00126,172.217.194.0-255,4320,94828,79,202672
32215,0.001263,172.31.40.0-255,66,94894,79,202672
32216,0.001275,172.217.194.0-255,2902,97796,79,202672
32217,0.001277,172.31.40.0-255,66,97862,79,202672
32218,0.001324,172.31.40.0-255,66,97928,79,202672
32219,0.001348,172.217.194.0-255,5738,103666,79,202672
32220,0.001352,172.31.40.0-255,66,103732,79,202672
32221,0.001358,172.217.194.0-255,5020,108752,79,202672
32222,0.001361,172.31.40.0-255,66,108818,79,202672
32223,0.001413,172.217.194.0-255,1484,110302,79,202672
32224,0.001427,172.217.194.0-255,2902,113204,79,202672
32225,0.001429,172.31.40.0-255,66,113270,79,202672
32226,0.001432,172.217.194.0-255,1484,114754,79,202672
32227,0.00146,172.217.194.0-255,5738,120492,79,202672
32228,0.001462,172.31.40.0-255,66,120558,79,202672
32229,0.001517,172.31.40.0-255,66,120624,79,202672
32230,0.00153,172.31.40.0-255,66,120690,79,202672
32231,0.001578,172.217.194.0-255,1484,122174,79,202672
32232,0.001582,172.217.194.0-255,1484,123658,79,202672
32233,0.001585,172.31.40.0-255,66,123724,79,202672
32234,0.001626,172.217.194.0-255,1484,125208,79,202672
32235,0.001633,172.217.194.0-255,5738,130946,79,202672
32236,0.001636,172.31.40.0-255,66,131012,79,202672
32237,0.001649,172.31.40.0-255,66,131078,79,202672
32238,0.001666,172.31.40.0-255,66,131144,79,202672
32239,0.001761,172.31.40.0-255,66,131210,79,202672
32240,0.001788,172.217.194.0-255,4320,135530,79,202672
32241,0.00179,172.31.40.0-255,66,135596,79,202672
32242,0.001807,172.31.40.0-255,66,135662,79,202672
32243,0.001921,172.217.194.0-255,1484,137146,79,202672
32244,0.001928,172.217.194.0-255,2902,140048,79,202672
32245,0.001932,172.31.40.0-255,66,140114,79,202672
32246,0.001968,172.217.194.0-255,5738,145852,79,202672
32247,0.001972,172.31.40.0-255,66,145918,79,202672
32248,0.001984,172.31.40.0-255,66,145984,79,202672
32249,0.001994,172.217.194.0-255,4320,150304,79,202672
32250,0.001996,172.31.40.0-255,66,150370,79,202672
32251,0.003894,172.217.194.0-255,1484,151854,79,202672
32252,0.003917,172.217.194.0-255,4320,156174,79,202672
32253,0.003922,172.31.40.0-255,66,156240,79,202672
32254,0.00586,172.217.194.0-255,5738,161978,79,202672
32255,0.005866,172.31.40.0-255,66,162044,79,202672
32256,0.007811,172.217.194.0-255,5738,167782,79,202672
32257,0.007826,172.31.40.0-255,66,167848,79,202672
32258,0.009772,172.217.194.0-255,5738,173586,79,202672
32259,0.009788,172.31.40.0-255,66,173652,79,202672
32260,0.011705,172.217.194.0-255,5738,179390,79,202672
32261,0.011712,172.31.40.0-255,66,179456,79,202672
32262,0.013656,172.217.194.0-255,5738,185194,79,202672
32263,0.013665,172.31.40.0-255,66,185260,79,202672
32264,0.015628,172.217.194.0-255,5738,190998,79,202672
32265,0.015635,172.31.40.0-255,66,191064,79,202672
32266,0.017579,172.217.194.0-255,5738,196802,79,202672
32267,0.017591,172.31.40.0-255,66,196868,79,202672
32268,0.019548,172.217.194.0-255,5738,202606,79,202672
32269,0.019556,172.31.40.0-255,66,202672,79,202672
32270,0.0,172.253.118.0-255,146,146,79,204420
32271,2.3e-05,172.31.40.0-255,66,212,79,204420
32272,3e-05,172.253.118.0-255,1484,1696,79,204420
32273,3.5e-05,172.31.40.0-255,66,1762,79,204420
32274,4e-05,172.253.118.0-255,2902,4664,79,204420
32275,4.3e-05,172.31.40.0-255,66,4730,79,204420
32276,5.8e-05,172.253.118.0-255,7156,11886,79,204420
32277,6.1e-05,172.31.40.0-255,66,11952,79,204420
32278,6.5e-05,172.253.118.0-255,2138,14090,79,204420
32279,6.9e-05,172.31.40.0-255,66,14156,79,204420
32280,7.3e-05,172.253.118.0-255,2902,17058,79,204420
32281,7.6e-05,172.31.40.0-255,66,17124,79,204420
32282,8e-05,172.253.118.0-255,2902,20026,79,204420
32283,8.2e-05,172.31.40.0-255,66,20092,79,204420
32284,0.000112,172.253.118.0-255,4320,24412,79,204420
32285,0.000115,172.31.40.0-255,66,24478,79,204420
32286,0.000123,172.253.118.0-255,6797,31275,79,204420
32287,0.000125,172.31.40.0-255,66,31341,79,204420
32288,0.000236,172.253.118.0-255,1484,32825,79,204420
32289,0.000239,172.31.40.0-255,66,32891,79,204420
32290,0.000263,172.253.118.0-255,2902,35793,79,204420
32291,0.000266,172.31.40.0-255,66,35859,79,204420
32292,0.000271,172.253.118.0-255,4320,40179,79,204420
32293,0.000274,172.31.40.0-255,66,40245,79,204420
32294,0.000302,172.253.118.0-255,5738,45983,79,204420
32295,0.000305,172.31.40.0-255,66,46049,79,204420
32296,0.000321,172.253.118.0-255,3961,50010,79,204420
32297,0.000323,172.31.40.0-255,66,50076,79,204420
32298,0.00034,172.31.40.0-255,66,50142,79,204420
32299,0.000389,172.253.118.0-255,4301,54443,79,204420
32300,0.000392,172.31.40.0-255,66,54509,79,204420
32301,0.000463,172.253.118.0-255,1484,55993,79,204420
32302,0.000469,172.253.118.0-255,2902,58895,79,204420
32303,0.000472,172.31.40.0-255,66,58961,79,204420
32304,0.000498,172.253.118.0-255,5738,64699,79,204420
32305,0.000501,172.31.40.0-255,66,64765,79,204420
32306,0.000529,172.31.40.0-255,66,64831,79,204420
32307,0.000553,172.253.118.0-255,2543,67374,79,204420
32308,0.000556,172.31.40.0-255,66,67440,79,204420
32309,0.000579,172.253.118.0-255,7156,74596,79,204420
32310,0.000582,172.31.40.0-255,66,74662,79,204420
32311,0.000608,172.253.118.0-255,3961,78623,79,204420
32312,0.000611,172.31.40.0-255,66,78689,79,204420
32313,0.001173,172.253.118.0-255,1484,80173,79,204420
32314,0.001197,172.253.118.0-255,2902,83075,79,204420
32315,0.001201,172.31.40.0-255,66,83141,79,204420
32316,0.001208,172.253.118.0-255,4320,87461,79,204420
32317,0.001211,172.31.40.0-255,66,87527,79,204420
32318,0.001232,172.253.118.0-255,1484,89011,79,204420
32319,0.001244,172.253.118.0-255,5738,94749,79,204420
32320,0.001246,172.31.40.0-255,66,94815,79,204420
32321,0.001249,172.253.118.0-255,1484,96299,79,204420
32322,0.001291,172.31.40.0-255,66,96365,79,204420
32323,0.001298,172.253.118.0-255,5020,101385,79,204420
32324,0.0013,172.31.40.0-255,66,101451,79,204420
32325,0.001395,172.253.118.0-255,1484,102935,79,204420
32326,0.0014,172.253.118.0-255,2902,105837,79,204420
32327,0.001403,172.31.40.0-255,66,105903,79,204420
32328,0.001408,172.253.118.0-255,2902,108805,79,204420
32329,0.00141,172.31.40.0-255,66,108871,79,204420
32330,0.001432,172.253.118.0-255,2902,111773,79,204420
32331,0.001435,172.31.40.0-255,66,111839,79,204420
32332,0.001441,172.253.118.0-255,5738,117577,79,204420
32333,0.001443,172.31.40.0-255,66,117643,79,204420
32334,0.001471,172.253.118.0-255,1484,119127,79,204420
32335,0.001489,172.31.40.0-255,66,119193,79,204420
32336,0.001494,172.253.118.0-255,2184,121377,79,204420
32337,0.001496,172.31.40.0-255,66,121443,79,204420
32338,0.001721,172.253.118.0-255,1484,122927,79,204420
32339,0.001726,172.253.118.0-255,1484,124411,79,204420
32340,0.001729,172.31.40.0-255,66,124477,79,204420
32341,0.001753,172.253.118.0-255,1484,125961,79,204420
32342,0.00176,172.253.118.0-255,5738,131699,79,204420
32343,0.001763,172.31.40.0-255,66,131765,79,204420
32344,0.001803,172.31.40.0-255,66,131831,79,204420
32345,0.001814,172.31.40.0-255,66,131897,79,204420
32346,0.001847,172.253.118.0-255,2184,134081,79,204420
32347,0.00185,172.31.40.0-255,66,134147,79,204420
32348,0.002043,172.253.118.0-255,1484,135631,79,204420
32349,0.002048,172.253.118.0-255,2902,138533,79,204420
32350,0.002054,172.31.40.0-255,66,138599,79,204420
32351,0.002075,172.253.118.0-255,5738,144337,79,204420
32352,0.002078,172.31.40.0-255,66,144403,79,204420
32353,0.002092,172.31.40.0-255,66,144469,79,204420
32354,0.002099,172.253.118.0-255,7156,151625,79,204420
32355,0.002102,172.31.40.0-255,66,151691,79,204420
32356,0.002158,172.31.40.0-255,66,151757,79,204420
32357,0.002197,172.31.40.0-255,66,151823,79,204420
32358,0.00221,172.31.40.0-255,66,151889,79,204420
32359,0.002244,172.31.40.0-255,66,151955,79,204420
32360,0.002257,172.31.40.0-255,66,152021,79,204420
32361,0.00227,172.31.40.0-255,66,152087,79,204420
32362,0.002299,172.253.118.0-255,5020,157107,79,204420
32363,0.002302,172.31.40.0-255,66,157173,79,204420
32364,0.002313,172.253.118.0-255,5738,162911,79,204420
32365,0.002316,172.31.40.0-255,66,162977,79,204420
32366,0.002319,172.253.118.0-255,1484,164461,79,204420
32367,0.002324,172.253.118.0-255,2902,167363,79,204420
32368,0.002325,172.31.40.0-255,66,167429,79,204420
32369,0.002376,172.31.40.0-255,66,167495,79,204420
32370,0.002379,172.253.118.0-255,1484,168979,79,204420
32371,0.002385,172.253.118.0-255,4320,173299,79,204420
32372,0.002392,172.31.40.0-255,66,173365,79,204420
32373,0.002431,172.31.40.0-255,66,173431,79,204420
32374,0.002456,172.253.118.0-255,1484,174915,79,204420
32375,0.002459,172.253.118.0-255,1484,176399,79,204420
32376,0.002462,172.31.40.0-255,66,176465,79,204420
32377,0.002523,172.253.118.0-255,4320,180785,79,204420
32378,0.002526,172.31.40.0-255,66,180851,79,204420
32379,0.002537,172.31.40.0-255,66,180917,79,204420
32380,0.002545,172.253.118.0-255,2902,183819,79,204420
32381,0.002547,172.31.40.0-255,66,183885,79,204420
32382,0.00255,172.253.118.0-255,1484,185369,79,204420
32383,0.002555,172.253.118.0-255,3602,188971,79,204420
32384,0.002558,172.31.40.0-255,66,189037,79,204420
32385,0.002601,172.253.118.0-255,4320,193357,79,204420
32386,0.002605,172.31.40.0-255,66,193423,79,204420
32387,0.002609,172.253.118.0-255,2902,196325,79,204420
32388,0.002611,172.31.40.0-255,66,196391,79,204420
32389,0.002634,172.31.40.0-255,66,196457,79,204420
32390,0.002677,172.31.40.0-255,66,196523,79,204420
32391,0.002688,172.31.40.0-255,66,196589,79,204420
32392,0.002704,172.253.118.0-255,5738,202327,79,204420
32393,0.002707,172.31.40.0-255,66,202393,79,204420
32394,0.002735,172.253.118.0-255,1619,204012,79,204420
32395,0.002738,172.31.40.0-255,66,204078,79,204420
32396,0.002741,172.253.118.0-255,105,204183,79,204420
32397,0.013392,172.31.40.0-255,66,204249,79,204420
32398,0.013442,172.31.40.0-255,105,204354,79,204420
32399,0.015626,172.253.118.0-255,66,204420,79,204420
32400,0.0,74.125.24.0-255,153,153,79,206635
32401,2.4e-05,172.31.40.0-255,66,219,79,206635
32402,3.1e-05,74.125.24.0-255,1484,1703,79,206635
32403,3.6e-05,172.31.40.0-255,66,1769,79,206635
32404,4.3e-05,74.125.24.0-255,2902,4671,79,206635
32405,4.5e-05,172.31.40.0-255,66,4737,79,206635
32406,5.4e-05,74.125.24.0-255,7156,11893,79,206635
32407,5.8e-05,172.31.40.0-255,66,11959,79,206635
32408,6.3e-05,74.125.24.0-255,4320,16279,79,206635
32409,6.6e-05,172.31.40.0-255,66,16345,79,206635
32410,9.1e-05,74.125.24.0-255,6292,22637,79,206635
32411,9.4e-05,172.31.40.0-255,66,22703,79,206635
32412,0.000109,74.125.24.0-255,1484,24187,79,206635
32413,0.000111,172.31.40.0-255,66,24253,79,206635
32414,0.000134,74.125.24.0-255,6797,31050,79,206635
32415,0.000137,172.31.40.0-255,66,31116,79,206635
32416,0.000172,74.125.24.0-255,7156,38272,79,206635
32417,0.000175,172.31.40.0-255,66,38338,79,206635
32418,0.000181,74.125.24.0-255,5738,44076,79,206635
32419,0.000184,172.31.40.0-255,66,44142,79,206635
32420,0.000197,74.125.24.0-255,2902,47044,79,206635
32421,0.000199,172.31.40.0-255,66,47110,79,206635
32422,0.000215,74.125.24.0-255,5738,52848,79,206635
32423,0.000217,172.31.40.0-255,66,52914,79,206635
32424,0.000248,74.125.24.0-255,363,53277,79,206635
32425,0.000252,172.31.40.0-255,66,53343,79,206635
32426,0.000255,172.31.40.0-255,66,53409,79,206635
32427,0.000302,74.125.24.0-255,380,53789,79,206635
32428,0.000305,172.31.40.0-255,66,53855,79,206635
32429,0.000532,74.125.24.0-255,1484,55339,79,206635
32430,0.000538,172.31.40.0-255,66,55405,79,206635
32431,0.000544,74.125.24.0-255,2902,58307,79,206635
32432,0.000546,172.31.40.0-255,66,58373,79,206635
32433,0.000552,74.125.24.0-255,4320,62693,79,206635
32434,0.000554,172.31.40.0-255,66,62759,79,206635
32435,0.000572,74.125.24.0-255,1484,64243,79,206635
32436,0.000576,74.125.24.0-255,1484,65727,79,206635
32437,0.000579,172.31.40.0-255,66,65793,79,206635
32438,0.000615,172.31.40.0-255,66,65859,79,206635
32439,0.000627,172.31.40.0-255,66,65925,79,206635
32440,0.000691,74.125.24.0-255,1484,67409,79,206635
32441,0.000697,74.125.24.0-255,2902,70311,79,206635
32442,0.0007,172.31.40.0-255,66,70377,79,206635
32443,0.000724,74.125.24.0-255,5738,76115,79,206635
32444,0.000727,172.31.40.0-255,66,76181,79,206635
32445,0.000737,172.31.40.0-255,66,76247,79,206635
32446,0.000765,74.125.24.0-255,4320,80567,79,206635
32447,0.000768,172.31.40.0-255,66,80633,79,206635
32448,0.000779,172.31.40.0-255,66,80699,79,206635
32449,0.000825,74.125.24.0-255,2184,82883,79,206635
32450,0.000828,172.31.40.0-255,66,82949,79,206635
32451,0.001094,74.125.24.0-255,1484,84433,79,206635
32452,0.001102,74.125.24.0-255,2902,87335,79,206635
32453,0.001106,172.31.40.0-255,66,87401,79,206635
32454,0.001113,74.125.24.0-255,5738,93139,79,206635
32455,0.001115,172.31.40.0-255,66,93205,79,206635
32456,0.001138,74.125.24.0-255,1484,94689,79,206635
32457,0.001161,172.31.40.0-255,66,94755,79,206635
32458,0.001165,74.125.24.0-255,2902,97657,79,206635
32459,0.001167,172.31.40.0-255,66,97723,79,206635
32460,0.001185,74.125.24.0-255,5738,103461,79,206635
32461,0.001188,172.31.40.0-255,66,103527,79,206635
32462,0.001202,74.125.24.0-255,2184,105711,79,206635
32463,0.001206,172.31.40.0-255,66,105777,79,206635
32464,0.00121,74.125.24.0-255,2902,108679,79,206635
32465,0.001213,172.31.40.0-255,66,108745,79,206635
32466,0.00124,74.125.24.0-255,7156,115901,79,206635
32467,0.001243,172.31.40.0-255,66,115967,79,206635
32468,0.00128,172.31.40.0-255,66,116033,79,206635
32469,0.001321,74.125.24.0-255,4320,120353,79,206635
32470,0.001324,172.31.40.0-255,66,120419,79,206635
32471,0.001339,74.125.24.0-255,3602,124021,79,206635
32472,0.001342,172.31.40.0-255,66,124087,79,206635
32473,0.001358,74.125.24.0-255,1484,125571,79,206635
32474,0.001377,74.125.24.0-255,7156,132727,79,206635
32475,0.001379,172.31.40.0-255,66,132793,79,206635
32476,0.001387,74.125.24.0-255,5738,138531,79,206635
32477,0.001389,172.31.40.0-255,66,138597,79,206635
32478,0.001434,172.31.40.0-255,66,138663,79,206635
32479,0.001439,74.125.24.0-255,3602,142265,79,206635
32480,0.001441,172.31.40.0-255,66,142331,79,206635
32481,0.001447,74.125.24.0-255,4320,146651,79,206635
32482,0.001449,172.31.40.0-255,66,146717,79,206635
32483,0.001479,172.31.40.0-255,66,146783,79,206635
32484,0.00149,74.125.24.0-255,4320,151103,79,206635
32485,0.001493,172.31.40.0-255,66,151169,79,206635
32486,0.001516,172.31.40.0-255,66,151235,79,206635
32487,0.001539,172.31.40.0-255,66,151301,79,206635
32488,0.001565,172.31.40.0-255,66,151367,79,206635
32489,0.001568,74.125.24.0-255,1484,152851,79,206635
32490,0.001599,172.31.40.0-255,66,152917,79,206635
32491,0.001614,74.125.24.0-255,1484,154401,79,206635
32492,0.001619,74.125.24.0-255,3602,158003,79,206635
32493,0.001622,172.31.40.0-255,66,158069,79,206635
32494,0.001656,74.125.24.0-255,1484,159553,79,206635
32495,0.001662,74.125.24.0-255,2902,162455,79,206635
32496,0.001665,172.31.40.0-255,66,162521,79,206635
32497,0.001672,74.125.24.0-255,5738,168259,79,206635
32498,0.001675,172.31.40.0-255,66,168325,79,206635
32499,0.001734,172.31.40.0-255,66,168391,79,206635
32500,0.001746,172.31.40.0-255,66,168457,79,206635
32501,0.001748,74.125.24.0-255,766,169223,79,206635
32502,0.001768,74.125.24.0-255,1484,170707,79,206635
32503,0.00177,172.31.40.0-255,66,170773,79,206635
32504,0.001791,74.125.24.0-255,4320,175093,79,206635
32505,0.001794,172.31.40.0-255,66,175159,79,206635
32506,0.001805,172.31.40.0-255,66,175225,79,206635
32507,0.001843,172.31.40.0-255,66,175291,79,206635
32508,0.001847,74.125.24.0-255,2902,178193,79,206635
32509,0.001849,172.31.40.0-255,66,178259,79,206635
32510,0.001872,74.125.24.0-255,6438,184697,79,206635
32511,0.001875,74.125.24.0-255,2902,187599,79,206635
32512,0.00188,172.31.40.0-255,66,187665,79,206635
32513,0.001883,172.31.40.0-255,66,187731,79,206635
32514,0.001906,74.125.24.0-255,7156,194887,79,206635
32515,0.001909,172.31.40.0-255,66,194953,79,206635
32516,0.001923,172.31.40.0-255,66,195019,79,206635
32517,0.001955,74.125.24.0-255,7156,202175,79,206635
32518,0.001958,172.31.40.0-255,66,202241,79,206635
32519,0.001979,172.31.40.0-255,66,202307,79,206635
32520,0.001984,74.125.24.0-255,3332,205639,79,206635
32521,0.001986,172.31.40.0-255,66,205705,79,206635
32522,0.002004,74.125.24.0-255,105,205810,79,206635
32523,0.003946,74.125.24.0-255,129,205939,79,206635
32524,0.009334,172.31.40.0-255,105,206044,79,206635
32525,0.009371,172.31.40.0-255,105,206149,79,206635
32526,0.009601,172.31.40.0-255,90,206239,79,206635
32527,0.00961,172.31.40.0-255,66,206305,79,206635
32528,0.011304,74.125.24.0-255,66,206371,79,206635
32529,0.011312,74.125.24.0-255,66,206437,79,206635
32530,0.011553,74.125.24.0-255,66,206503,79,206635
32531,0.011573,74.125.24.0-255,66,206569,79,206635
32532,0.011578,172.31.40.0-255,66,206635,79,206635
32533,0.0,74.125.24.0-255,150,150,79,124277
32534,1.8e-05,172.31.40.0-255,66,216,79,124277
32535,2.4e-05,74.125.24.0-255,1484,1700,79,124277
32536,3e-05,172.31.40.0-255,66,1766,79,124277
32537,5e-05,74.125.24.0-255,2902,4668,79,124277
32538,5.4e-05,172.31.40.0-255,66,4734,79,124277
32539,5.9e-05,74.125.24.0-255,2902,7636,79,124277
32540,6.2e-05,172.31.40.0-255,66,7702,79,124277
32541,7.4e-05,172.31.40.0-255,66,7768,79,124277
32542,7.9e-05,74.125.24.0-255,2902,10670,79,124277
32543,8.2e-05,172.31.40.0-255,66,10736,79,124277
32544,0.000127,172.31.40.0-255,66,10802,79,124277
32545,0.000155,74.125.24.0-255,1484,12286,79,124277
32546,0.000157,172.31.40.0-255,66,12352,79,124277
32547,0.00016,74.125.24.0-255,1484,13836,79,124277
32548,0.000162,172.31.40.0-255,66,13902,79,124277
32549,0.000179,74.125.24.0-255,1484,15386,79,124277
32550,0.000181,172.31.40.0-255,66,15452,79,124277
32551,0.000187,74.125.24.0-255,5738,21190,79,124277
32552,0.00019,172.31.40.0-255,66,21256,79,124277
32553,0.000194,74.125.24.0-255,2902,24158,79,124277
32554,0.000197,172.31.40.0-255,66,24224,79,124277
32555,0.000229,172.31.40.0-255,66,24290,79,124277
32556,0.000235,74.125.24.0-255,5738,30028,79,124277
32557,0.000237,172.31.40.0-255,66,30094,79,124277
32558,0.000258,74.125.24.0-255,6797,36891,79,124277
32559,0.000261,172.31.40.0-255,66,36957,79,124277
32560,0.001008,74.125.24.0-255,648,37605,79,124277
32561,0.001013,172.31.40.0-255,66,37671,79,124277
32562,0.001226,74.125.24.0-255,1484,39155,79,124277
32563,0.001234,74.125.24.0-255,2902,42057,79,124277
32564,0.001238,172.31.40.0-255,66,42123,79,124277
32565,0.001242,74.125.24.0-255,1484,43607,79,124277
32566,0.001264,74.125.24.0-255,4320,47927,79,124277
32567,0.001267,172.31.40.0-255,66,47993,79,124277
32568,0.001273,74.125.24.0-255,4320,52313,79,124277
32569,0.001275,172.31.40.0-255,66,52379,79,124277
32570,0.001281,74.125.24.0-255,5738,58117,79,124277
32571,0.001283,172.31.40.0-255,66,58183,79,124277
32572,0.00129,74.125.24.0-255,5738,63921,79,124277
32573,0.001292,172.31.40.0-255,66,63987,79,124277
32574,0.001313,74.125.24.0-255,5738,69725,79,124277
32575,0.001315,172.31.40.0-255,66,69791,79,124277
32576,0.00132,74.125.24.0-255,2184,71975,79,124277
32577,0.001322,172.31.40.0-255,66,72041,79,124277
32578,0.003337,74.125.24.0-255,5738,77779,79,124277
32579,0.003344,172.31.40.0-255,66,77845,79,124277
32580,0.00535,74.125.24.0-255,5738,83583,79,124277
32581,0.005356,172.31.40.0-255,66,83649,79,124277
32582,0.007348,74.125.24.0-255,5738,89387,79,124277
32583,0.007355,172.31.40.0-255,66,89453,79,124277
32584,0.009386,74.125.24.0-255,5738,95191,79,124277
32585,0.009394,172.31.40.0-255,66,95257,79,124277
32586,0.011393,74.125.24.0-255,5738,100995,79,124277
32587,0.011405,172.31.40.0-255,66,101061,79,124277
32588,0.013436,74.125.24.0-255,5738,106799,79,124277
32589,0.013448,172.31.40.0-255,66,106865,79,124277
32590,0.015455,74.125.24.0-255,5738,112603,79,124277
32591,0.015466,172.31.40.0-255,66,112669,79,124277
32592,0.01748,74.125.24.0-255,5738,118407,79,124277
32593,0.017487,172.31.40.0-255,66,118473,79,124277
32594,0.019503,74.125.24.0-255,5738,124211,79,124277
32595,0.019509,172.31.40.0-255,66,124277,79,124277
32596,0.0,172.217.194.0-255,177,177,79,156299
32597,2.3e-05,172.31.40.0-255,66,243,79,156299
32598,3.1e-05,172.217.194.0-255,1484,1727,79,156299
32599,3.5e-05,172.31.40.0-255,66,1793,79,156299
32600,4e-05,172.217.194.0-255,2902,4695,79,156299
32601,4.3e-05,172.31.40.0-255,66,4761,79,156299
32602,4.9e-05,172.217.194.0-255,5738,10499,79,156299
32603,5.2e-05,172.31.40.0-255,66,10565,79,156299
32604,9e-05,172.31.40.0-255,66,10631,79,156299
32605,9.8e-05,172.217.194.0-255,6797,17428,79,156299
32606,0.0001,172.31.40.0-255,66,17494,79,156299
32607,0.000176,172.217.194.0-255,1484,18978,79,156299
32608,0.000179,172.31.40.0-255,66,19044,79,156299
32609,0.000185,172.217.194.0-255,2902,21946,79,156299
32610,0.000186,172.31.40.0-255,66,22012,79,156299
32611,0.000191,172.217.194.0-255,2902,24914,79,156299
32612,0.000193,172.31.40.0-255,66,24980,79,156299
32613,0.000227,172.217.194.0-255,2902,27882,79,156299
32614,0.000231,172.31.40.0-255,66,27948,79,156299
32615,0.000245,172.31.40.0-255,66,28014,79,156299
32616,0.000256,172.31.40.0-255,66,28080,79,156299
32617,0.000298,172.217.194.0-255,1706,29786,79,156299
32618,0.000301,172.31.40.0-255,66,29852,79,156299
32619,0.000332,172.217.194.0-255,2902,32754,79,156299
32620,0.000335,172.31.40.0-255,66,32820,79,156299
32621,0.00034,172.217.194.0-255,2902,35722,79,156299
32622,0.000342,172.31.40.0-255,66,35788,79,156299
32623,0.000366,172.217.194.0-255,7156,42944,79,156299
32624,0.000368,172.31.40.0-255,66,43010,79,156299
32625,0.000385,172.217.194.0-255,1484,44494,79,156299
32626,0.000411,172.31.40.0-255,66,44560,79,156299
32627,0.000423,172.31.40.0-255,66,44626,79,156299
32628,0.000426,172.217.194.0-255,1125,45751,79,156299
32629,0.001134,172.217.194.0-255,1484,47235,79,156299
32630,0.00114,172.217.194.0-255,2902,50137,79,156299
32631,0.001142,172.217.194.0-255,1484,51621,79,156299
32632,0.001153,172.31.40.0-255,66,51687,79,156299
32633,0.001158,172.31.40.0-255,66,51753,79,156299
32634,0.001164,172.217.194.0-255,4320,56073,79,156299
32635,0.001166,172.31.40.0-255,66,56139,79,156299
32636,0.001171,172.217.194.0-255,2902,59041,79,156299
32637,0.001173,172.31.40.0-255,66,59107,79,156299
32638,0.00121,172.31.40.0-255,66,59173,79,156299
32639,0.001222,172.31.40.0-255,66,59239,79,156299
32640,0.001604,172.217.194.0-255,1484,60723,79,156299
32641,0.00161,172.217.194.0-255,2902,63625,79,156299
32642,0.001612,172.31.40.0-255,66,63691,79,156299
32643,0.001633,172.217.194.0-255,5738,69429,79,156299
32644,0.001636,172.31.40.0-255,66,69495,79,156299
32645,0.001641,172.217.194.0-255,4320,73815,79,156299
32646,0.001642,172.31.40.0-255,66,73881,79,156299
32647,0.001677,172.31.40.0-255,66,73947,79,156299
32648,0.001687,172.31.40.0-255,66,74013,79,156299
32649,0.001984,172.217.194.0-255,1484,75497,79,156299
32650,0.001991,172.217.194.0-255,2902,78399,79,156299
32651,0.001994,172.31.40.0-255,66,78465,79,156299
32652,0.002001,172.217.194.0-255,5738,84203,79,156299
32653,0.002003,172.31.40.0-255,66,84269,79,156299
32654,0.002006,172.217.194.0-255,1484,85753,79,156299
32655,0.002021,172.217.194.0-255,4320,90073,79,156299
32656,0.002023,172.31.40.0-255,66,90139,79,156299
32657,0.002038,172.217.194.0-255,2902,93041,79,156299
32658,0.00204,172.31.40.0-255,66,93107,79,156299
32659,0.002059,172.31.40.0-255,66,93173,79,156299
32660,0.002066,172.217.194.0-255,7156,100329,79,156299
32661,0.002067,172.31.40.0-255,66,100395,79,156299
32662,0.002093,172.217.194.0-255,2184,102579,79,156299
32663,0.002095,172.31.40.0-255,66,102645,79,156299
32664,0.002102,172.217.194.0-255,7156,109801,79,156299
32665,0.002104,172.31.40.0-255,66,109867,79,156299
32666,0.004162,172.217.194.0-255,5738,115605,79,156299
32667,0.004169,172.31.40.0-255,66,115671,79,156299
32668,0.006217,172.217.194.0-255,5738,121409,79,156299
32669,0.006223,172.31.40.0-255,66,121475,79,156299
32670,0.008238,172.217.194.0-255,5738,127213,79,156299
32671,0.008245,172.31.40.0-255,66,127279,79,156299
32672,0.01027,172.217.194.0-255,5738,133017,79,156299
32673,0.010276,172.31.40.0-255,66,133083,79,156299
32674,0.012347,172.217.194.0-255,5738,138821,79,156299
32675,0.012354,172.31.40.0-255,66,138887,79,156299
32676,0.014477,172.217.194.0-255,5738,144625,79,156299
32677,0.014486,172.31.40.0-255,66,144691,79,156299
32678,0.016521,172.217.194.0-255,5738,150429,79,156299
32679,0.016529,172.31.40.0-255,66,150495,79,156299
32680,0.018601,172.217.194.0-255,5738,156233,79,156299
32681,0.018618,172.31.40.0-255,66,156299,79,156299
32682,0.0,172.217.194.0-255,150,150,79,149106
32683,3.6e-05,172.31.40.0-255,66,216,79,149106
32684,4.2e-05,172.217.194.0-255,1484,1700,79,149106
32685,4.6e-05,172.31.40.0-255,66,1766,79,149106
32686,5.8e-05,172.217.194.0-255,2902,4668,79,149106
32687,6.1e-05,172.31.40.0-255,66,4734,79,149106
32688,6.9e-05,172.217.194.0-255,7156,11890,79,149106
32689,7.2e-05,172.31.40.0-255,66,11956,79,149106
32690,7.5e-05,172.217.194.0-255,2099,14055,79,149106
32691,7.8e-05,172.31.40.0-255,66,14121,79,149106
32692,0.000146,172.31.40.0-255,66,14187,79,149106
32693,0.000154,172.217.194.0-255,5379,19566,79,149106
32694,0.000156,172.31.40.0-255,66,19632,79,149106
32695,0.000158,172.217.194.0-255,1484,21116,79,149106
32696,0.00016,172.31.40.0-255,66,21182,79,149106
32697,0.000199,172.217.194.0-255,2902,24084,79,149106
32698,0.000202,172.31.40.0-255,66,24150,79,149106
32699,0.000209,172.217.194.0-255,5738,29888,79,149106
32700,0.000211,172.31.40.0-255,66,29954,79,149106
32701,0.000226,172.31.40.0-255,66,30020,79,149106
32702,0.000228,172.217.194.0-255,1484,31504,79,149106
32703,0.00023,172.31.40.0-255,66,31570,79,149106
32704,0.000268,172.31.40.0-255,66,31636,79,149106
32705,0.000308,172.217.194.0-255,100,31736,79,149106
32706,0.000312,172.31.40.0-255,66,31802,79,149106
32707,0.000616,172.217.194.0-255,364,32166,79,149106
32708,0.000622,172.31.40.0-255,66,32232,79,149106
32709,0.000806,172.217.194.0-255,1484,33716,79,149106
32710,0.000812,172.31.40.0-255,66,33782,79,149106
32711,0.000817,172.217.194.0-255,2902,36684,79,149106
32712,0.00082,172.31.40.0-255,66,36750,79,149106
32713,0.000825,172.217.194.0-255,4320,41070,79,149106
32714,0.000827,172.31.40.0-255,66,41136,79,149106
32715,0.000863,172.217.194.0-255,1484,42620,79,149106
32716,0.000879,172.31.40.0-255,66,42686,79,149106
32717,0.000894,172.31.40.0-255,66,42752,79,149106
32718,0.001374,172.217.194.0-255,1484,44236,79,149106
32719,0.001383,172.217.194.0-255,2902,47138,79,149106
32720,0.001387,172.31.40.0-255,66,47204,79,149106
32721,0.001395,172.217.194.0-255,5738,52942,79,149106
32722,0.001397,172.31.40.0-255,66,53008,79,149106
32723,0.001429,172.31.40.0-255,66,53074,79,149106
32724,0.001442,172.31.40.0-255,66,53140,79,149106
32725,0.001469,172.217.194.0-255,766,53906,79,149106
32726,0.001538,172.217.194.0-255,1484,55390,79,149106
32727,0.001541,172.31.40.0-255,66,55456,79,149106
32728,0.001546,172.217.194.0-255,2902,58358,79,149106
32729,0.001548,172.31.40.0-255,66,58424,79,149106
32730,0.001576,172.217.194.0-255,5738,64162,79,149106
32731,0.001578,172.31.40.0-255,66,64228,79,149106
32732,0.001605,172.31.40.0-255,66,64294,79,149106
32733,0.00161,172.217.194.0-255,2902,67196,79,149106
32734,0.001612,172.31.40.0-255,66,67262,79,149106
32735,0.00165,172.31.40.0-255,66,67328,79,149106
32736,0.001681,172.217.194.0-255,1484,68812,79,149106
32737,0.001685,172.217.194.0-255,2902,71714,79,149106
32738,0.001687,172.31.40.0-255,66,71780,79,149106
32739,0.001692,172.217.194.0-255,2902,74682,79,149106
32740,0.001694,172.31.40.0-255,66,74748,79,149106
32741,0.001714,172.217.194.0-255,2902,77650,79,149106
32742,0.001716,172.31.40.0-255,66,77716,79,149106
32743,0.001728,172.217.194.0-255,7156,84872,79,149106
32744,0.00173,172.31.40.0-255,66,84938,79,149106
32745,0.001764,172.217.194.0-255,5738,90676,79,149106
32746,0.001767,172.31.40.0-255,66,90742,79,149106
32747,0.001929,172.217.194.0-255,1484,92226,79,149106
32748,0.001943,172.217.194.0-255,2902,95128,79,149106
32749,0.001966,172.217.194.0-255,5738,100866,79,149106
32750,0.002001,172.217.194.0-255,1484,102350,79,149106
32751,0.002049,172.217.194.0-255,1484,103834,79,149106
32752,0.002064,172.217.194.0-255,2902,106736,79,149106
32753,0.002087,172.217.194.0-255,5738,112474,79,149106
32754,0.002091,172.217.194.0-255,2902,115376,79,149106
32755,0.002107,172.217.194.0-255,4320,119696,79,149106
32756,0.002125,172.217.194.0-255,1484,121180,79,149106
32757,0.002152,172.217.194.0-255,2184,123364,79,149106
32758,0.002191,172.217.194.0-255,1484,124848,79,149106
32759,0.002205,172.217.194.0-255,2902,127750,79,149106
32760,0.00221,172.217.194.0-255,4320,132070,79,149106
32761,0.002223,172.217.194.0-255,1484,133554,79,149106
32762,0.002237,172.217.194.0-255,4320,137874,79,149106
32763,0.002285,172.217.194.0-255,766,138640,79,149106
32764,0.002308,172.217.194.0-255,1484,140124,79,149106
32765,0.002324,172.217.194.0-255,4320,144444,79,149106
32766,0.002473,172.217.194.0-255,4320,148764,79,149106
32767,0.00259,172.217.194.0-255,105,148869,79,149106
32768,0.008476,172.31.40.0-255,66,148935,79,149106
32769,0.011402,172.31.40.0-255,105,149040,79,149106
32770,0.013918,172.217.194.0-255,66,149106,79,149106
32771,0.0,172.217.194.0-255,150,150,79,190706
32772,2.3e-05,172.31.40.0-255,66,216,79,190706
32773,3.1e-05,172.217.194.0-255,1484,1700,79,190706
32774,3.5e-05,172.31.40.0-255,66,1766,79,190706
32775,4.1e-05,172.217.194.0-255,2902,4668,79,190706
32776,4.3e-05,172.31.40.0-255,66,4734,79,190706
32777,5.1e-05,172.217.194.0-255,7156,11890,79,190706
32778,5.4e-05,172.31.40.0-255,66,11956,79,190706
32779,8.2e-05,172.217.194.0-255,2065,14021,79,190706
32780,8.5e-05,172.31.40.0-255,66,14087,79,190706
32781,0.000104,172.217.194.0-255,1484,15571,79,190706
32782,0.000106,172.31.40.0-255,66,15637,79,190706
32783,0.000125,172.217.194.0-255,1484,17121,79,190706
32784,0.000127,172.31.40.0-255,66,17187,79,190706
32785,0.000133,172.217.194.0-255,4320,21507,79,190706
32786,0.000135,172.31.40.0-255,66,21573,79,190706
32787,0.000141,172.217.194.0-255,4320,25893,79,190706
32788,0.000143,172.31.40.0-255,66,25959,79,190706
32789,0.000158,172.217.194.0-255,4320,30279,79,190706
32790,0.00016,172.31.40.0-255,66,30345,79,190706
32791,0.000163,172.217.194.0-255,1125,31470,79,190706
32792,0.000166,172.31.40.0-255,66,31536,79,190706
32793,0.000242,172.217.194.0-255,1484,33020,79,190706
32794,0.000245,172.31.40.0-255,66,33086,79,190706
32795,0.000262,172.217.194.0-255,2902,35988,79,190706
32796,0.000264,172.31.40.0-255,66,36054,79,190706
32797,0.00027,172.217.194.0-255,5738,41792,79,190706
32798,0.000273,172.31.40.0-255,66,41858,79,190706
32799,0.00028,172.217.194.0-255,6797,48655,79,190706
32800,0.000282,172.31.40.0-255,66,48721,79,190706
32801,0.00029,172.217.194.0-255,7156,55877,79,190706
32802,0.000292,172.31.40.0-255,66,55943,79,190706
32803,0.000339,172.31.40.0-255,66,56009,79,190706
32804,0.000342,172.217.194.0-255,119,56128,79,190706
32805,0.000369,172.217.194.0-255,378,56506,79,190706
32806,0.00086,172.217.194.0-255,1484,57990,79,190706
32807,0.000866,172.217.194.0-255,2902,60892,79,190706
32808,0.000872,172.31.40.0-255,66,60958,79,190706
32809,0.000876,172.31.40.0-255,66,61024,79,190706
32810,0.000887,172.217.194.0-255,5738,66762,79,190706
32811,0.000889,172.31.40.0-255,66,66828,79,190706
32812,0.000917,172.31.40.0-255,66,66894,79,190706
32813,0.000963,172.31.40.0-255,66,66960,79,190706
32814,0.001225,172.217.194.0-255,1484,68444,79,190706
32815,0.001233,172.217.194.0-255,2902,71346,79,190706
32816,0.001237,172.31.40.0-255,66,71412,79,190706
32817,0.001245,172.217.194.0-255,5738,77150,79,190706
32818,0.001247,172.31.40.0-255,66,77216,79,190706
32819,0.001273,172.217.194.0-255,5738,82954,79,190706
32820,0.001276,172.31.40.0-255,66,83020,79,190706
32821,0.001294,172.217.194.0-255,7156,90176,79,190706
32822,0.001297,172.31.40.0-255,66,90242,79,190706
32823,0.00131,172.31.40.0-255,66,90308,79,190706
32824,0.002071,172.217.194.0-255,1484,91792,79,190706
32825,0.002079,172.217.194.0-255,2902,94694,79,190706
32826,0.002084,172.31.40.0-255,66,94760,79,190706
32827,0.002093,172.217.194.0-255,5738,100498,79,190706
32828,0.002096,172.31.40.0-255,66,100564,79,190706
32829,0.002101,172.217.194.0-255,2902,103466,79,190706
32830,0.002104,172.31.40.0-255,66,103532,79,190706
32831,0.002123,172.217.194.0-255,2902,106434,79,190706
32832,0.002125,172.31.40.0-255,66,106500,79,190706
32833,0.002133,172.217.194.0-255,7156,113656,79,190706
32834,0.002135,172.31.40.0-255,66,113722,79,190706
32835,0.002164,172.217.194.0-255,5738,119460,79,190706
32836,0.002167,172.31.40.0-255,66,119526,79,190706
32837,0.002173,172.217.194.0-255,5020,124546,79,190706
32838,0.002175,172.31.40.0-255,66,124612,79,190706
32839,0.002179,172.217.194.0-255,1484,126096,79,190706
32840,0.002199,172.217.194.0-255,4320,130416,79,190706
32841,0.002202,172.31.40.0-255,66,130482,79,190706
32842,0.002209,172.217.194.0-255,7156,137638,79,190706
32843,0.002211,172.31.40.0-255,66,137704,79,190706
32844,0.002232,172.217.194.0-255,5738,143442,79,190706
32845,0.002235,172.31.40.0-255,66,143508,79,190706
32846,0.002245,172.31.40.0-255,66,143574,79,190706
32847,0.002267,172.217.194.0-255,6438,150012,79,190706
32848,0.00227,172.31.40.0-255,66,150078,79,190706
32849,0.004474,172.217.194.0-255,5738,155816,79,190706
32850,0.004478,172.31.40.0-255,66,155882,79,190706
32851,0.006702,172.217.194.0-255,5738,161620,79,190706
32852,0.006711,172.31.40.0-255,66,161686,79,190706
32853,0.008944,172.217.194.0-255,5738,167424,79,190706
32854,0.00895,172.31.40.0-255,66,167490,79,190706
32855,0.011176,172.217.194.0-255,5738,173228,79,190706
32856,0.011188,172.31.40.0-255,66,173294,79,190706
32857,0.013423,172.217.194.0-255,5738,179032,79,190706
32858,0.013437,172.31.40.0-255,66,179098,79,190706
32859,0.015667,172.217.194.0-255,5738,184836,79,190706
32860,0.015683,172.31.40.0-255,66,184902,79,190706
32861,0.017974,172.217.194.0-255,5738,190640,79,190706
32862,0.017988,172.31.40.0-255,66,190706,79,190706
32863,0.0,74.125.200.0-255,152,152,79,119622
32864,2.3e-05,172.31.40.0-255,66,218,79,119622
32865,3e-05,74.125.200.0-255,1484,1702,79,119622
32866,3.4e-05,172.31.40.0-255,66,1768,79,119622
32867,4.8e-05,74.125.200.0-255,2902,4670,79,119622
32868,5.2e-05,172.31.40.0-255,66,4736,79,119622
32869,8.9e-05,74.125.200.0-255,2902,7638,79,119622
32870,9.2e-05,172.31.40.0-255,66,7704,79,119622
32871,0.000156,74.125.200.0-255,4320,12024,79,119622
32872,0.000159,172.31.40.0-255,66,12090,79,119622
32873,0.00025,74.125.200.0-255,4320,16410,79,119622
32874,0.000255,172.31.40.0-255,66,16476,79,119622
32875,0.000283,74.125.200.0-255,4848,21324,79,119622
32876,0.000286,172.31.40.0-255,66,21390,79,119622
32877,0.000458,74.125.200.0-255,2902,24292,79,119622
32878,0.000463,172.31.40.0-255,66,24358,79,119622
32879,0.000494,74.125.200.0-255,6797,31155,79,119622
32880,0.000498,172.31.40.0-255,66,31221,79,119622
32881,0.000673,74.125.200.0-255,5738,36959,79,119622
32882,0.000678,172.31.40.0-255,66,37025,79,119622
32883,0.00071,74.125.200.0-255,7156,44181,79,119622
32884,0.000712,172.31.40.0-255,66,44247,79,119622
32885,0.000964,74.125.200.0-255,5738,49985,79,119622
32886,0.000969,172.31.40.0-255,66,50051,79,119622
32887,0.001014,172.31.40.0-255,66,50117,79,119622
32888,0.001401,74.125.200.0-255,377,50494,79,119622
32889,0.001407,172.31.40.0-255,66,50560,79,119622
32890,0.001564,74.125.200.0-255,1484,52044,79,119622
32891,0.001569,172.31.40.0-255,66,52110,79,119622
32892,0.001574,74.125.200.0-255,1484,53594,79,119622
32893,0.001577,172.31.40.0-255,66,53660,79,119622
32894,0.001594,74.125.200.0-255,1484,55144,79,119622
32895,0.00164,74.125.200.0-255,5738,60882,79,119622
32896,0.00176,74.125.200.0-255,4320,65202,79,119622
32897,0.001858,74.125.200.0-255,5738,70940,79,119622
32898,0.001879,74.125.200.0-255,5738,76678,79,119622
32899,0.002112,74.125.200.0-255,5738,82416,79,119622
32900,0.002133,74.125.200.0-255,1484,83900,79,119622
32901,0.002245,74.125.200.0-255,766,84666,79,119622
32902,0.004753,172.31.40.0-255,66,84732,79,119622
32903,0.006774,74.125.200.0-255,5738,90470,79,119622
32904,0.00678,172.31.40.0-255,66,90536,79,119622
32905,0.00877,74.125.200.0-255,5738,96274,79,119622
32906,0.008776,172.31.40.0-255,66,96340,79,119622
32907,0.010778,74.125.200.0-255,5738,102078,79,119622
32908,0.010786,172.31.40.0-255,66,102144,79,119622
32909,0.012785,74.125.200.0-255,5738,107882,79,119622
32910,0.0152,172.31.40.0-255,66,107948,79,119622
32911,0.017234,74.125.200.0-255,5738,113686,79,119622
32912,0.017243,172.31.40.0-255,66,113752,79,119622
32913,0.019237,74.125.200.0-255,1484,115236,79,119622
32914,0.019264,74.125.200.0-255,4320,119556,79,119622
32915,0.01927,172.31.40.0-255,66,119622,79,119622
32916,0.0,74.125.24.0-255,153,153,79,225602
32917,2.1e-05,172.31.40.0-255,66,219,79,225602
32918,2.9e-05,74.125.24.0-255,1484,1703,79,225602
32919,3.3e-05,172.31.40.0-255,66,1769,79,225602
32920,3.8e-05,74.125.24.0-255,2902,4671,79,225602
32921,4.1e-05,172.31.40.0-255,66,4737,79,225602
32922,4.5e-05,74.125.24.0-255,2902,7639,79,225602
32923,4.7e-05,172.31.40.0-255,66,7705,79,225602
32924,7.9e-05,74.125.24.0-255,6192,13897,79,225602
32925,8.2e-05,172.31.40.0-255,66,13963,79,225602
32926,0.000107,74.125.24.0-255,7156,21119,79,225602
32927,0.000109,172.31.40.0-255,66,21185,79,225602
32928,0.000115,74.125.24.0-255,4320,25505,79,225602
32929,0.000117,172.31.40.0-255,66,25571,79,225602
32930,0.000135,74.125.24.0-255,5379,30950,79,225602
32931,0.000137,172.31.40.0-255,66,31016,79,225602
32932,0.000164,74.125.24.0-255,2902,33918,79,225602
32933,0.000166,172.31.40.0-255,66,33984,79,225602
32934,0.000178,74.125.24.0-255,2902,36886,79,225602
32935,0.000186,74.125.24.0-255,7156,44042,79,225602
32936,0.000189,172.31.40.0-255,66,44108,79,225602
32937,0.000192,172.31.40.0-255,66,44174,79,225602
32938,0.00022,74.125.24.0-255,3961,48135,79,225602
32939,0.000223,172.31.40.0-255,66,48201,79,225602
32940,0.000257,74.125.24.0-255,1484,49685,79,225602
32941,0.00026,172.31.40.0-255,66,49751,79,225602
32942,0.000283,74.125.24.0-255,2902,52653,79,225602
32943,0.000286,172.31.40.0-255,66,52719,79,225602
32944,0.000291,74.125.24.0-255,4320,57039,79,225602
32945,0.000294,172.31.40.0-255,66,57105,79,225602
32946,0.000325,172.31.40.0-255,66,57171,79,225602
32947,0.00042,74.125.24.0-255,112,57283,79,225602
32948,0.000445,74.125.24.0-255,332,57615,79,225602
32949,0.000687,74.125.24.0-255,1484,59099,79,225602
32950,0.000692,172.31.40.0-255,66,59165,79,225602
32951,0.000698,74.125.24.0-255,2902,62067,79,225602
32952,0.0007,172.31.40.0-255,66,62133,79,225602
32953,0.000707,74.125.24.0-255,5738,67871,79,225602
32954,0.000708,172.31.40.0-255,66,67937,79,225602
32955,0.000721,74.125.24.0-255,2902,70839,79,225602
32956,0.000723,172.31.40.0-255,66,70905,79,225602
32957,0.000767,74.125.24.0-255,1125,72030,79,225602
32958,0.000789,172.31.40.0-255,66,72096,79,225602
32959,0.001089,74.125.24.0-255,1484,73580,79,225602
32960,0.001095,74.125.24.0-255,2902,76482,79,225602
32961,0.001113,172.31.40.0-255,66,76548,79,225602
32962,0.001121,74.125.24.0-255,5738,82286,79,225602
32963,0.001285,74.125.24.0-255,1484,83770,79,225602
32964,0.001333,74.125.24.0-255,2902,86672,79,225602
32965,0.00134,74.125.24.0-255,5738,92410,79,225602
32966,0.001385,74.125.24.0-255,2902,95312,79,225602
32967,0.001589,74.125.24.0-255,1484,96796,79,225602
32968,0.001596,74.125.24.0-255,2902,99698,79,225602
32969,0.001615,74.125.24.0-255,4320,104018,79,225602
32970,0.00163,74.125.24.0-255,1484,105502,79,225602
32971,0.001652,74.125.24.0-255,5738,111240,79,225602
32972,0.001668,74.125.24.0-255,7156,118396,79,225602
32973,0.001676,74.125.24.0-255,7156,125552,79,225602
32974,0.001751,74.125.24.0-255,5020,130572,79,225602
32975,0.001793,74.125.24.0-255,1484,132056,79,225602
32976,0.001807,74.125.24.0-255,2902,134958,79,225602
32977,0.001822,74.125.24.0-255,4320,139278,79,225602
32978,0.001833,74.125.24.0-255,1484,140762,79,225602
32979,0.001877,74.125.24.0-255,2902,143664,79,225602
32980,0.001889,74.125.24.0-255,766,144430,79,225602
32981,0.001926,74.125.24.0-255,1484,145914,79,225602
32982,0.00193,74.125.24.0-255,1484,147398,79,225602
32983,0.001945,74.125.24.0-255,2902,150300,79,225602
32984,0.001948,74.125.24.0-255,1484,151784,79,225602
32985,0.001952,74.125.24.0-255,2902,154686,79,225602
32986,0.001977,74.125.24.0-255,5738,160424,79,225602
32987,0.001982,74.125.24.0-255,4320,164744,79,225602
32988,0.00201,74.125.24.0-255,5020,169764,79,225602
32989,0.002051,74.125.24.0-255,5738,175502,79,225602
32990,0.002149,74.125.24.0-255,2902,178404,79,225602
32991,0.002151,74.125.24.0-255,766,179170,79,225602
32992,0.002154,74.125.24.0-255,1484,180654,79,225602
32993,0.002159,74.125.24.0-255,4320,184974,79,225602
32994,0.002202,74.125.24.0-255,1484,186458,79,225602
32995,0.002272,74.125.24.0-255,1484,187942,79,225602
32996,0.002277,74.125.24.0-255,2902,190844,79,225602
32997,0.002301,74.125.24.0-255,5738,196582,79,225602
32998,0.002307,74.125.24.0-255,5738,202320,79,225602
32999,0.009254,172.31.40.0-255,66,202386,79,225602
33000,0.01166,74.125.24.0-255,5738,208124,79,225602
33001,0.011671,172.31.40.0-255,66,208190,79,225602
33002,0.01396,74.125.24.0-255,5738,213928,79,225602
33003,0.013967,172.31.40.0-255,66,213994,79,225602
33004,0.016324,74.125.24.0-255,5738,219732,79,225602
33005,0.016337,172.31.40.0-255,66,219798,79,225602
33006,0.018696,74.125.24.0-255,5738,225536,79,225602
33007,0.018712,172.31.40.0-255,66,225602,79,225602
33008,0.0,74.125.24.0-255,143,143,79,199227
33009,2.3e-05,172.31.40.0-255,66,209,79,199227
33010,3e-05,74.125.24.0-255,1484,1693,79,199227
33011,3.5e-05,172.31.40.0-255,66,1759,79,199227
33012,4.2e-05,74.125.24.0-255,2902,4661,79,199227
33013,4.5e-05,172.31.40.0-255,66,4727,79,199227
33014,5.2e-05,74.125.24.0-255,5738,10465,79,199227
33015,5.5e-05,172.31.40.0-255,66,10531,79,199227
33016,8.8e-05,74.125.24.0-255,6405,16936,79,199227
33017,9.1e-05,172.31.40.0-255,66,17002,79,199227
33018,9.6e-05,74.125.24.0-255,2902,19904,79,199227
33019,9.9e-05,172.31.40.0-255,66,19970,79,199227
33020,0.000129,172.31.40.0-255,66,20036,79,199227
33021,0.000179,74.125.24.0-255,1484,21520,79,199227
33022,0.000181,172.31.40.0-255,66,21586,79,199227
33023,0.000197,74.125.24.0-255,2902,24488,79,199227
33024,0.000199,172.31.40.0-255,66,24554,79,199227
33025,0.000204,74.125.24.0-255,2902,27456,79,199227
33026,0.000206,172.31.40.0-255,66,27522,79,199227
33027,0.000226,74.125.24.0-255,2902,30424,79,199227
33028,0.000229,172.31.40.0-255,66,30490,79,199227
33029,0.000235,74.125.24.0-255,5738,36228,79,199227
33030,0.000237,172.31.40.0-255,66,36294,79,199227
33031,0.000259,74.125.24.0-255,5379,41673,79,199227
33032,0.000262,172.31.40.0-255,66,41739,79,199227
33033,0.000279,74.125.24.0-255,5738,47477,79,199227
33034,0.000282,172.31.40.0-255,66,47543,79,199227
33035,0.00031,74.125.24.0-255,6797,54340,79,199227
33036,0.000314,172.31.40.0-255,66,54406,79,199227
33037,0.000412,74.125.24.0-255,404,54810,79,199227
33038,0.000416,172.31.40.0-255,66,54876,79,199227
33039,0.000441,74.125.24.0-255,341,55217,79,199227
33040,0.000817,74.125.24.0-255,1484,56701,79,199227
33041,0.000823,172.31.40.0-255,66,56767,79,199227
33042,0.000829,74.125.24.0-255,2902,59669,79,199227
33043,0.000831,172.31.40.0-255,66,59735,79,199227
33044,0.000834,74.125.24.0-255,1484,61219,79,199227
33045,0.000857,74.125.24.0-255,4320,65539,79,199227
33046,0.00086,172.31.40.0-255,66,65605,79,199227
33047,0.000898,172.31.40.0-255,66,65671,79,199227
33048,0.000915,74.125.24.0-255,1484,67155,79,199227
33049,0.000939,172.31.40.0-255,66,67221,79,199227
33050,0.000953,74.125.24.0-255,766,67987,79,199227
33051,0.001261,74.125.24.0-255,1484,69471,79,199227
33052,0.001266,172.31.40.0-255,66,69537,79,199227
33053,0.001271,74.125.24.0-255,2902,72439,79,199227
33054,0.001273,172.31.40.0-255,66,72505,79,199227
33055,0.001277,74.125.24.0-255,1484,73989,79,199227
33056,0.00132,74.125.24.0-255,4320,78309,79,199227
33057,0.001324,172.31.40.0-255,66,78375,79,199227
33058,0.001332,74.125.24.0-255,7156,85531,79,199227
33059,0.001334,172.31.40.0-255,66,85597,79,199227
33060,0.00135,74.125.24.0-255,5738,91335,79,199227
33061,0.001352,172.31.40.0-255,66,91401,79,199227
33062,0.001383,172.31.40.0-255,66,91467,79,199227
33063,0.001401,74.125.24.0-255,1484,92951,79,199227
33064,0.001403,74.125.24.0-255,766,93717,79,199227
33065,0.001405,172.31.40.0-255,66,93783,79,199227
33066,0.001409,74.125.24.0-255,1484,95267,79,199227
33067,0.001413,74.125.24.0-255,4320,99587,79,199227
33068,0.001416,172.31.40.0-255,66,99653,79,199227
33069,0.00142,74.125.24.0-255,2902,102555,79,199227
33070,0.001423,172.31.40.0-255,66,102621,79,199227
33071,0.001452,74.125.24.0-255,7156,109777,79,199227
33072,0.001456,172.31.40.0-255,66,109843,79,199227
33073,0.001472,172.31.40.0-255,66,109909,79,199227
33074,0.001475,74.125.24.0-255,2184,112093,79,199227
33075,0.001478,172.31.40.0-255,66,112159,79,199227
33076,0.001513,74.125.24.0-255,1484,113643,79,199227
33077,0.001529,74.125.24.0-255,1484,115127,79,199227
33078,0.001531,172.31.40.0-255,66,115193,79,199227
33079,0.001538,74.125.24.0-255,7156,122349,79,199227
33080,0.001541,172.31.40.0-255,66,122415,79,199227
33081,0.001546,74.125.24.0-255,2902,125317,79,199227
33082,0.001548,172.31.40.0-255,66,125383,79,199227
33083,0.001585,172.31.40.0-255,66,125449,79,199227
33084,0.001594,172.31.40.0-255,66,125515,79,199227
33085,0.001621,74.125.24.0-255,5738,131253,79,199227
33086,0.001624,172.31.40.0-255,66,131319,79,199227
33087,0.001642,74.125.24.0-255,1484,132803,79,199227
33088,0.001648,74.125.24.0-255,4320,137123,79,199227
33089,0.001651,172.31.40.0-255,66,137189,79,199227
33090,0.001674,74.125.24.0-255,4320,141509,79,199227
33091,0.001676,172.31.40.0-255,66,141575,79,199227
33092,0.001692,74.125.24.0-255,4320,145895,79,199227
33093,0.001694,172.31.40.0-255,66,145961,79,199227
33094,0.001709,74.125.24.0-255,7156,153117,79,199227
33095,0.001712,172.31.40.0-255,66,153183,79,199227
33096,0.001728,74.125.24.0-255,5738,158921,79,199227
33097,0.001731,172.31.40.0-255,66,158987,79,199227
33098,0.001734,74.125.24.0-255,766,159753,79,199227
33099,0.002784,172.31.40.0-255,66,159819,79,199227
33100,0.00406,74.125.24.0-255,4320,164139,79,199227
33101,0.004068,172.31.40.0-255,66,164205,79,199227
33102,0.005175,74.125.24.0-255,1484,165689,79,199227
33103,0.006953,74.125.24.0-255,1484,167173,79,199227
33104,0.006957,172.31.40.0-255,66,167239,79,199227
33105,0.006976,74.125.24.0-255,2902,170141,79,199227
33106,0.006978,172.31.40.0-255,66,170207,79,199227
33107,0.009374,74.125.24.0-255,5738,175945,79,199227
33108,0.009382,172.31.40.0-255,66,176011,79,199227
33109,0.011806,74.125.24.0-255,5738,181749,79,199227
33110,0.011824,172.31.40.0-255,66,181815,79,199227
33111,0.014169,74.125.24.0-255,5738,187553,79,199227
33112,0.014184,172.31.40.0-255,66,187619,79,199227
33113,0.016547,74.125.24.0-255,5738,193357,79,199227
33114,0.016556,172.31.40.0-255,66,193423,79,199227
33115,0.018921,74.125.24.0-255,5738,199161,79,199227
33116,0.018929,172.31.40.0-255,66,199227,79,199227
33117,0.0,74.125.24.0-255,150,150,79,160681
33118,2.2e-05,172.31.40.0-255,66,216,79,160681
33119,3e-05,74.125.24.0-255,1484,1700,79,160681
33120,3.5e-05,172.31.40.0-255,66,1766,79,160681
33121,4e-05,74.125.24.0-255,2902,4668,79,160681
33122,4.4e-05,172.31.40.0-255,66,4734,79,160681
33123,5.1e-05,74.125.24.0-255,7156,11890,79,160681
33124,5.4e-05,172.31.40.0-255,66,11956,79,160681
33125,5.9e-05,74.125.24.0-255,2017,13973,79,160681
33126,6.2e-05,172.31.40.0-255,66,14039,79,160681
33127,0.000119,74.125.24.0-255,1484,15523,79,160681
33128,0.000121,172.31.40.0-255,66,15589,79,160681
33129,0.000126,74.125.24.0-255,2902,18491,79,160681
33130,0.000129,172.31.40.0-255,66,18557,79,160681
33131,0.000134,74.125.24.0-255,5738,24295,79,160681
33132,0.000137,172.31.40.0-255,66,24361,79,160681
33133,0.000194,74.125.24.0-255,2902,27263,79,160681
33134,0.000197,172.31.40.0-255,66,27329,79,160681
33135,0.000218,74.125.24.0-255,3961,31290,79,160681
33136,0.000222,172.31.40.0-255,66,31356,79,160681
33137,0.000258,74.125.24.0-255,1484,32840,79,160681
33138,0.00026,172.31.40.0-255,66,32906,79,160681
33139,0.000287,74.125.24.0-255,2902,35808,79,160681
33140,0.00029,172.31.40.0-255,66,35874,79,160681
33141,0.000293,74.125.24.0-255,1484,37358,79,160681
33142,0.000295,172.31.40.0-255,66,37424,79,160681
33143,0.000301,74.125.24.0-255,5738,43162,79,160681
33144,0.000304,172.31.40.0-255,66,43228,79,160681
33145,0.000308,74.125.24.0-255,2902,46130,79,160681
33146,0.000311,172.31.40.0-255,66,46196,79,160681
33147,0.000331,74.125.24.0-255,2543,48739,79,160681
33148,0.000334,172.31.40.0-255,66,48805,79,160681
33149,0.000711,74.125.24.0-255,1484,50289,79,160681
33150,0.000729,74.125.24.0-255,2902,53191,79,160681
33151,0.000733,172.31.40.0-255,66,53257,79,160681
33152,0.000763,74.125.24.0-255,5738,58995,79,160681
33153,0.000771,74.125.24.0-255,6797,65792,79,160681
33154,0.000791,172.31.40.0-255,66,65858,79,160681
33155,0.00081,74.125.24.0-255,1484,67342,79,160681
33156,0.000831,74.125.24.0-255,2902,70244,79,160681
33157,0.000837,74.125.24.0-255,5738,75982,79,160681
33158,0.00084,74.125.24.0-255,1484,77466,79,160681
33159,0.000864,172.31.40.0-255,66,77532,79,160681
33160,0.000896,74.125.24.0-255,4320,81852,79,160681
33161,0.000913,74.125.24.0-255,1704,83556,79,160681
33162,0.000917,172.31.40.0-255,66,83622,79,160681
33163,0.000922,172.31.40.0-255,66,83688,79,160681
33164,0.001163,74.125.24.0-255,1484,85172,79,160681
33165,0.001169,74.125.24.0-255,2902,88074,79,160681
33166,0.001173,172.31.40.0-255,66,88140,79,160681
33167,0.0012,74.125.24.0-255,5738,93878,79,160681
33168,0.001215,172.31.40.0-255,66,93944,79,160681
33169,0.001221,74.125.24.0-255,4320,98264,79,160681
33170,0.001225,172.31.40.0-255,66,98330,79,160681
33171,0.001305,172.31.40.0-255,66,98396,79,160681
33172,0.001901,74.125.24.0-255,1484,99880,79,160681
33173,0.001924,74.125.24.0-255,2902,102782,79,160681
33174,0.001928,172.31.40.0-255,66,102848,79,160681
33175,0.001934,74.125.24.0-255,2902,105750,79,160681
33176,0.00195,74.125.24.0-255,2902,108652,79,160681
33177,0.001953,74.125.24.0-255,1484,110136,79,160681
33178,0.001971,74.125.24.0-255,4831,114967,79,160681
33179,0.001978,74.125.24.0-255,5738,120705,79,160681
33180,0.002042,74.125.24.0-255,3602,124307,79,160681
33181,0.002091,74.125.24.0-255,1484,125791,79,160681
33182,0.007303,172.31.40.0-255,66,125857,79,160681
33183,0.00938,74.125.24.0-255,5738,131595,79,160681
33184,0.009388,172.31.40.0-255,66,131661,79,160681
33185,0.011452,74.125.24.0-255,5738,137399,79,160681
33186,0.011477,172.31.40.0-255,66,137465,79,160681
33187,0.013486,74.125.24.0-255,5738,143203,79,160681
33188,0.013494,172.31.40.0-255,66,143269,79,160681
33189,0.015528,74.125.24.0-255,5738,149007,79,160681
33190,0.015535,172.31.40.0-255,66,149073,79,160681
33191,0.017618,74.125.24.0-255,5738,154811,79,160681
33192,0.017631,172.31.40.0-255,66,154877,79,160681
33193,0.019672,74.125.24.0-255,5738,160615,79,160681
33194,0.01968,172.31.40.0-255,66,160681,79,160681
33195,0.0,74.125.24.0-255,152,152,79,249346
33196,2e-05,172.31.40.0-255,66,218,79,249346
33197,2.7e-05,74.125.24.0-255,1484,1702,79,249346
33198,3.2e-05,172.31.40.0-255,66,1768,79,249346
33199,3.7e-05,74.125.24.0-255,2902,4670,79,249346
33200,4.1e-05,172.31.40.0-255,66,4736,79,249346
33201,4.8e-05,74.125.24.0-255,7156,11892,79,249346
33202,5.1e-05,172.31.40.0-255,66,11958,79,249346
33203,8e-05,172.31.40.0-255,66,12024,79,249346
33204,0.000102,74.125.24.0-255,1484,13508,79,249346
33205,0.000105,172.31.40.0-255,66,13574,79,249346
33206,0.000124,74.125.24.0-255,5379,18953,79,249346
33207,0.000127,172.31.40.0-255,66,19019,79,249346
33208,0.000157,74.125.24.0-255,1484,20503,79,249346
33209,0.00016,172.31.40.0-255,66,20569,79,249346
33210,0.000182,74.125.24.0-255,2902,23471,79,249346
33211,0.000188,74.125.24.0-255,5738,29209,79,249346
33212,0.000191,172.31.40.0-255,66,29275,79,249346
33213,0.000194,172.31.40.0-255,66,29341,79,249346
33214,0.000205,74.125.24.0-255,1484,30825,79,249346
33215,0.000207,172.31.40.0-255,66,30891,79,249346
33216,0.000239,172.31.40.0-255,66,30957,79,249346
33217,0.000242,74.125.24.0-255,1484,32441,79,249346
33218,0.000243,172.31.40.0-255,66,32507,79,249346
33219,0.000282,172.31.40.0-255,66,32573,79,249346
33220,0.000297,74.125.24.0-255,443,33016,79,249346
33221,0.000299,172.31.40.0-255,66,33082,79,249346
33222,0.000346,74.125.24.0-255,331,33413,79,249346
33223,0.000348,172.31.40.0-255,66,33479,79,249346
33224,0.000508,74.125.24.0-255,1484,34963,79,249346
33225,0.000532,74.125.24.0-255,2902,37865,79,249346
33226,0.000536,172.31.40.0-255,66,37931,79,249346
33227,0.000542,74.125.24.0-255,5738,43669,79,249346
33228,0.000544,172.31.40.0-255,66,43735,79,249346
33229,0.000564,74.125.24.0-255,1484,45219,79,249346
33230,0.000581,74.125.24.0-255,5379,50598,79,249346
33231,0.000584,172.31.40.0-255,66,50664,79,249346
33232,0.000604,74.125.24.0-255,7156,57820,79,249346
33233,0.000607,172.31.40.0-255,66,57886,79,249346
33234,0.000625,74.125.24.0-255,2902,60788,79,249346
33235,0.000628,172.31.40.0-255,66,60854,79,249346
33236,0.000647,74.125.24.0-255,6797,67651,79,249346
33237,0.00065,172.31.40.0-255,66,67717,79,249346
33238,0.000992,74.125.24.0-255,1484,69201,79,249346
33239,0.000996,74.125.24.0-255,2902,72103,79,249346
33240,0.001001,172.31.40.0-255,66,72169,79,249346
33241,0.001011,74.125.24.0-255,5738,77907,79,249346
33242,0.001014,172.31.40.0-255,66,77973,79,249346
33243,0.001047,172.31.40.0-255,66,78039,79,249346
33244,0.001066,74.125.24.0-255,2902,80941,79,249346
33245,0.001068,172.31.40.0-255,66,81007,79,249346
33246,0.001071,74.125.24.0-255,1484,82491,79,249346
33247,0.001091,74.125.24.0-255,1484,83975,79,249346
33248,0.001094,172.31.40.0-255,66,84041,79,249346
33249,0.001118,172.31.40.0-255,66,84107,79,249346
33250,0.001194,74.125.24.0-255,1484,85591,79,249346
33251,0.001199,74.125.24.0-255,2902,88493,79,249346
33252,0.001201,172.31.40.0-255,66,88559,79,249346
33253,0.001237,74.125.24.0-255,5738,94297,79,249346
33254,0.00124,172.31.40.0-255,66,94363,79,249346
33255,0.001244,74.125.24.0-255,4320,98683,79,249346
33256,0.001246,172.31.40.0-255,66,98749,79,249346
33257,0.001263,172.31.40.0-255,66,98815,79,249346
33258,0.001278,74.125.24.0-255,2902,101717,79,249346
33259,0.00128,172.31.40.0-255,66,101783,79,249346
33260,0.001296,74.125.24.0-255,7156,108939,79,249346
33261,0.001298,172.31.40.0-255,66,109005,79,249346
33262,0.00131,74.125.24.0-255,766,109771,79,249346
33263,0.001338,74.125.24.0-255,5738,115509,79,249346
33264,0.001341,172.31.40.0-255,66,115575,79,249346
33265,0.001359,74.125.24.0-255,2902,118477,79,249346
33266,0.001362,172.31.40.0-255,66,118543,79,249346
33267,0.001372,172.31.40.0-255,66,118609,79,249346
33268,0.001421,74.125.24.0-255,5738,124347,79,249346
33269,0.001424,172.31.40.0-255,66,124413,79,249346
33270,0.001446,172.31.40.0-255,66,124479,79,249346
33271,0.001503,74.125.24.0-255,1484,125963,79,249346
33272,0.001519,74.125.24.0-255,2902,128865,79,249346
33273,0.001523,172.31.40.0-255,66,128931,79,249346
33274,0.001544,74.125.24.0-255,5738,134669,79,249346
33275,0.001546,172.31.40.0-255,66,134735,79,249346
33276,0.001574,74.125.24.0-255,2902,137637,79,249346
33277,0.001579,74.125.24.0-255,4320,141957,79,249346
33278,0.001582,172.31.40.0-255,66,142023,79,249346
33279,0.001584,172.31.40.0-255,66,142089,79,249346
33280,0.001597,74.125.24.0-255,7156,149245,79,249346
33281,0.0016,172.31.40.0-255,66,149311,79,249346
33282,0.001613,74.125.24.0-255,1484,150795,79,249346
33283,0.001653,74.125.24.0-255,5738,156533,79,249346
33284,0.001656,172.31.40.0-255,66,156599,79,249346
33285,0.001676,74.125.24.0-255,2184,158783,79,249346
33286,0.001679,172.31.40.0-255,66,158849,79,249346
33287,0.001712,74.125.24.0-255,2902,161751,79,249346
33288,0.001715,172.31.40.0-255,66,161817,79,249346
33289,0.00172,74.125.24.0-255,4320,166137,79,249346
33290,0.001722,172.31.40.0-255,66,166203,79,249346
33291,0.001736,172.31.40.0-255,66,166269,79,249346
33292,0.001755,74.125.24.0-255,7156,173425,79,249346
33293,0.001758,172.31.40.0-255,66,173491,79,249346
33294,0.001785,74.125.24.0-255,1484,174975,79,249346
33295,0.001795,172.31.40.0-255,66,175041,79,249346
33296,0.001886,74.125.24.0-255,1484,176525,79,249346
33297,0.001891,74.125.24.0-255,2902,179427,79,249346
33298,0.001893,172.31.40.0-255,66,179493,79,249346
33299,0.001925,74.125.24.0-255,5738,185231,79,249346
33300,0.001927,172.31.40.0-255,66,185297,79,249346
33301,0.001944,74.125.24.0-255,5738,191035,79,249346
33302,0.001946,172.31.40.0-255,66,191101,79,249346
33303,0.001968,74.125.24.0-255,7156,198257,79,249346
33304,0.001971,172.31.40.0-255,66,198323,79,249346
33305,0.001981,172.31.40.0-255,66,198389,79,249346
33306,0.001997,74.125.24.0-255,766,199155,79,249346
33307,0.002056,74.125.24.0-255,1484,200639,79,249346
33308,0.002058,172.31.40.0-255,66,200705,79,249346
33309,0.002063,74.125.24.0-255,2902,203607,79,249346
33310,0.002065,172.31.40.0-255,66,203673,79,249346
33311,0.002074,74.125.24.0-255,1484,205157,79,249346
33312,0.002093,74.125.24.0-255,4320,209477,79,249346
33313,0.002095,172.31.40.0-255,66,209543,79,249346
33314,0.002139,74.125.24.0-255,7156,216699,79,249346
33315,0.002141,172.31.40.0-255,66,216765,79,249346
33316,0.002154,74.125.24.0-255,5738,222503,79,249346
33317,0.002156,172.31.40.0-255,66,222569,79,249346
33318,0.002161,74.125.24.0-255,5738,228307,79,249346
33319,0.002163,172.31.40.0-255,66,228373,79,249346
33320,0.00219,74.125.24.0-255,5020,233393,79,249346
33321,0.002192,172.31.40.0-255,66,233459,79,249346
33322,0.002203,172.31.40.0-255,66,233525,79,249346
33323,0.002205,74.125.24.0-255,1484,235009,79,249346
33324,0.00225,172.31.40.0-255,66,235075,79,249346
33325,0.00231,74.125.24.0-255,6438,241513,79,249346
33326,0.002318,172.31.40.0-255,66,241579,79,249346
33327,0.002325,74.125.24.0-255,7156,248735,79,249346
33328,0.002329,172.31.40.0-255,66,248801,79,249346
33329,0.002369,74.125.24.0-255,137,248938,79,249346
33330,0.002373,172.31.40.0-255,66,249004,79,249346
33331,0.002379,74.125.24.0-255,105,249109,79,249346
33332,0.004266,172.31.40.0-255,66,249175,79,249346
33333,0.004303,172.31.40.0-255,105,249280,79,249346
33334,0.006814,74.125.24.0-255,66,249346,79,249346
33335,0.0,74.125.24.0-255,154,154,79,220290
33336,2.6e-05,172.31.40.0-255,66,220,79,220290
33337,3.3e-05,74.125.24.0-255,1484,1704,79,220290
33338,3.7e-05,172.31.40.0-255,66,1770,79,220290
33339,4.2e-05,74.125.24.0-255,2902,4672,79,220290
33340,4.5e-05,172.31.40.0-255,66,4738,79,220290
33341,5.2e-05,74.125.24.0-255,7156,11894,79,220290
33342,5.5e-05,172.31.40.0-255,66,11960,79,220290
33343,8.3e-05,74.125.24.0-255,2037,13997,79,220290
33344,8.7e-05,172.31.40.0-255,66,14063,79,220290
33345,0.000108,74.125.24.0-255,2902,16965,79,220290
33346,0.000111,172.31.40.0-255,66,17031,79,220290
33347,0.000142,74.125.24.0-255,7156,24187,79,220290
33348,0.000146,172.31.40.0-255,66,24253,79,220290
33349,0.000149,74.125.24.0-255,1484,25737,79,220290
33350,0.000151,172.31.40.0-255,66,25803,79,220290
33351,0.000178,74.125.24.0-255,5379,31182,79,220290
33352,0.000181,172.31.40.0-255,66,31248,79,220290
33353,0.000314,74.125.24.0-255,1484,32732,79,220290
33354,0.000319,172.31.40.0-255,66,32798,79,220290
33355,0.000325,74.125.24.0-255,2902,35700,79,220290
33356,0.000327,172.31.40.0-255,66,35766,79,220290
33357,0.000331,74.125.24.0-255,2902,38668,79,220290
33358,0.000334,172.31.40.0-255,66,38734,79,220290
33359,0.000353,74.125.24.0-255,2902,41636,79,220290
33360,0.000355,172.31.40.0-255,66,41702,79,220290
33361,0.00037,74.125.24.0-255,2902,44604,79,220290
33362,0.000372,172.31.40.0-255,66,44670,79,220290
33363,0.000388,74.125.24.0-255,3961,48631,79,220290
33364,0.000392,172.31.40.0-255,66,48697,79,220290
33365,0.000398,74.125.24.0-255,7156,55853,79,220290
33366,0.000401,172.31.40.0-255,66,55919,79,220290
33367,0.00043,172.31.40.0-255,66,55985,79,220290
33368,0.001034,74.125.24.0-255,645,56630,79,220290
33369,0.001086,172.31.40.0-255,66,56696,79,220290
33370,0.001219,74.125.24.0-255,1484,58180,79,220290
33371,0.001227,74.125.24.0-255,2902,61082,79,220290
33372,0.001231,172.31.40.0-255,66,61148,79,220290
33373,0.001256,74.125.24.0-255,5738,66886,79,220290
33374,0.001259,172.31.40.0-255,66,66952,79,220290
33375,0.001263,74.125.24.0-255,2902,69854,79,220290
33376,0.001265,172.31.40.0-255,66,69920,79,220290
33377,0.00129,172.31.40.0-255,66,69986,79,220290
33378,0.001311,74.125.24.0-255,1484,71470,79,220290
33379,0.001342,172.31.40.0-255,66,71536,79,220290
33380,0.001756,74.125.24.0-255,1484,73020,79,220290
33381,0.001763,74.125.24.0-255,2902,75922,79,220290
33382,0.001767,172.31.40.0-255,66,75988,79,220290
33383,0.001795,74.125.24.0-255,5738,81726,79,220290
33384,0.001798,172.31.40.0-255,66,81792,79,220290
33385,0.001804,74.125.24.0-255,5738,87530,79,220290
33386,0.001806,172.31.40.0-255,66,87596,79,220290
33387,0.001851,172.31.40.0-255,66,87662,79,220290
33388,0.001858,74.125.24.0-255,5020,92682,79,220290
33389,0.00186,172.31.40.0-255,66,92748,79,220290
33390,0.002155,74.125.24.0-255,1484,94232,79,220290
33391,0.002162,74.125.24.0-255,2902,97134,79,220290
33392,0.002167,172.31.40.0-255,66,97200,79,220290
33393,0.002175,74.125.24.0-255,5738,102938,79,220290
33394,0.002178,172.31.40.0-255,66,103004,79,220290
33395,0.0022,74.125.24.0-255,5738,108742,79,220290
33396,0.002203,172.31.40.0-255,66,108808,79,220290
33397,0.002233,74.125.24.0-255,7156,115964,79,220290
33398,0.002237,172.31.40.0-255,66,116030,79,220290
33399,0.002244,74.125.24.0-255,7156,123186,79,220290
33400,0.002247,172.31.40.0-255,66,123252,79,220290
33401,0.002251,74.125.24.0-255,3602,126854,79,220290
33402,0.002254,172.31.40.0-255,66,126920,79,220290
33403,0.002258,74.125.24.0-255,1484,128404,79,220290
33404,0.002262,74.125.24.0-255,2902,131306,79,220290
33405,0.002264,172.31.40.0-255,66,131372,79,220290
33406,0.002267,74.125.24.0-255,1484,132856,79,220290
33407,0.002286,74.125.24.0-255,4320,137176,79,220290
33408,0.002289,172.31.40.0-255,66,137242,79,220290
33409,0.002293,74.125.24.0-255,4320,141562,79,220290
33410,0.002295,172.31.40.0-255,66,141628,79,220290
33411,0.002317,74.125.24.0-255,5738,147366,79,220290
33412,0.00232,172.31.40.0-255,66,147432,79,220290
33413,0.002327,74.125.24.0-255,7156,154588,79,220290
33414,0.00233,172.31.40.0-255,66,154654,79,220290
33415,0.002356,74.125.24.0-255,1484,156138,79,220290
33416,0.002379,74.125.24.0-255,5020,161158,79,220290
33417,0.002384,172.31.40.0-255,66,161224,79,220290
33418,0.002408,74.125.24.0-255,7156,168380,79,220290
33419,0.002411,172.31.40.0-255,66,168446,79,220290
33420,0.002415,74.125.24.0-255,2902,171348,79,220290
33421,0.002418,172.31.40.0-255,66,171414,79,220290
33422,0.002438,74.125.24.0-255,5738,177152,79,220290
33423,0.002441,172.31.40.0-255,66,177218,79,220290
33424,0.002444,74.125.24.0-255,1484,178702,79,220290
33425,0.002447,74.125.24.0-255,1484,180186,79,220290
33426,0.002449,172.31.40.0-255,66,180252,79,220290
33427,0.002452,74.125.24.0-255,1484,181736,79,220290
33428,0.00247,74.125.24.0-255,1484,183220,79,220290
33429,0.002473,172.31.40.0-255,78,183298,79,220290
33430,0.002476,74.125.24.0-255,1484,184782,79,220290
33431,0.002479,172.31.40.0-255,66,184848,79,220290
33432,0.002503,74.125.24.0-255,1484,186332,79,220290
33433,0.002532,172.31.40.0-255,66,186398,79,220290
33434,0.002712,74.125.24.0-255,1484,187882,79,220290
33435,0.002718,74.125.24.0-255,2902,190784,79,220290
33436,0.002722,172.31.40.0-255,66,190850,79,220290
33437,0.002749,74.125.24.0-255,5738,196588,79,220290
33438,0.002752,172.31.40.0-255,66,196654,79,220290
33439,0.002756,74.125.24.0-255,2902,199556,79,220290
33440,0.002758,172.31.40.0-255,66,199622,79,220290
33441,0.00279,172.31.40.0-255,66,199688,79,220290
33442,0.002803,172.31.40.0-255,66,199754,79,220290
33443,0.002877,74.125.24.0-255,7156,206910,79,220290
33444,0.002881,172.31.40.0-255,66,206976,79,220290
33445,0.00291,172.31.40.0-255,66,207042,79,220290
33446,0.002919,172.31.40.0-255,66,207108,79,220290
33447,0.003005,74.125.24.0-255,5738,212846,79,220290
33448,0.003065,74.125.24.0-255,7156,220002,79,220290
33449,0.003094,74.125.24.0-255,105,220107,79,220290
33450,0.013009,74.125.24.0-255,105,220212,79,220290
33451,0.013035,172.31.40.0-255,78,220290,79,220290
33452,0.0,172.217.27.0-255,146,146,79,120637
33453,2.4e-05,172.31.40.0-255,66,212,79,120637
33454,3.2e-05,172.217.27.0-255,1484,1696,79,120637
33455,3.7e-05,172.31.40.0-255,66,1762,79,120637
33456,5.1e-05,172.217.27.0-255,2902,4664,79,120637
33457,5.4e-05,172.31.40.0-255,66,4730,79,120637
33458,6.1e-05,172.217.27.0-255,5738,10468,79,120637
33459,6.4e-05,172.31.40.0-255,66,10534,79,120637
33460,0.000101,172.217.27.0-255,3430,13964,79,120637
33461,0.000104,172.31.40.0-255,66,14030,79,120637
33462,0.000534,172.217.27.0-255,1484,15514,79,120637
33463,0.00054,172.31.40.0-255,66,15580,79,120637
33464,0.000548,172.217.27.0-255,2902,18482,79,120637
33465,0.00055,172.31.40.0-255,66,18548,79,120637
33466,0.000562,172.217.27.0-255,5738,24286,79,120637
33467,0.000564,172.31.40.0-255,66,24352,79,120637
33468,0.000601,172.217.27.0-255,6797,31149,79,120637
33469,0.000605,172.31.40.0-255,66,31215,79,120637
33470,0.000613,172.217.27.0-255,7156,38371,79,120637
33471,0.000615,172.31.40.0-255,66,38437,79,120637
33472,0.000694,172.31.40.0-255,66,38503,79,120637
33473,0.000721,172.217.27.0-255,1484,39987,79,120637
33474,0.000723,172.31.40.0-255,66,40053,79,120637
33475,0.000727,172.217.27.0-255,1484,41537,79,120637
33476,0.000728,172.31.40.0-255,66,41603,79,120637
33477,0.000753,172.217.27.0-255,2902,44505,79,120637
33478,0.00076,172.31.40.0-255,66,44571,79,120637
33479,0.000766,172.217.27.0-255,5738,50309,79,120637
33480,0.000769,172.31.40.0-255,66,50375,79,120637
33481,0.000794,172.217.27.0-255,5682,56057,79,120637
33482,0.000801,172.31.40.0-255,66,56123,79,120637
33483,0.001595,172.217.27.0-255,115,56238,79,120637
33484,0.00242,172.217.27.0-255,4320,60558,79,120637
33485,0.002426,172.31.40.0-255,66,60624,79,120637
33486,0.004071,172.217.27.0-255,5738,66362,79,120637
33487,0.004077,172.31.40.0-255,66,66428,79,120637
33488,0.005716,172.217.27.0-255,5738,72166,79,120637
33489,0.005723,172.31.40.0-255,66,72232,79,120637
33490,0.007359,172.217.27.0-255,4320,76552,79,120637
33491,0.007366,172.31.40.0-255,66,76618,79,120637
33492,0.007395,172.217.27.0-255,1484,78102,79,120637
33493,0.009019,172.217.27.0-255,4320,82422,79,120637
33494,0.009026,172.31.40.0-255,66,82488,79,120637
33495,0.010666,172.217.27.0-255,5738,88226,79,120637
33496,0.010673,172.31.40.0-255,66,88292,79,120637
33497,0.01231,172.217.27.0-255,5738,94030,79,120637
33498,0.012318,172.31.40.0-255,66,94096,79,120637
33499,0.013949,172.217.27.0-255,5738,99834,79,120637
33500,0.013957,172.31.40.0-255,66,99900,79,120637
33501,0.015596,172.217.27.0-255,5738,105638,79,120637
33502,0.015603,172.31.40.0-255,66,105704,79,120637
33503,0.017233,172.217.27.0-255,5738,111442,79,120637
33504,0.01724,172.31.40.0-255,66,111508,79,120637
33505,0.017737,172.31.40.0-255,172,111680,79,120637
33506,0.01777,172.31.40.0-255,1105,112785,79,120637
33507,0.017828,172.31.40.0-255,1514,114299,79,120637
33508,0.017829,172.31.40.0-255,336,114635,79,120637
33509,0.018887,172.217.27.0-255,5738,120373,79,120637
33510,0.018894,172.31.40.0-255,66,120439,79,120637
33511,0.019313,104.244.42.0-255,66,120505,79,120637
33512,0.01934,104.244.42.0-255,66,120571,79,120637
33513,0.01942,104.244.42.0-255,66,120637,79,120637
33514,0.0,74.125.130.0-255,153,153,79,174787
33515,1.7e-05,172.31.40.0-255,66,219,79,174787
33516,2.4e-05,74.125.130.0-255,1484,1703,79,174787
33517,2.8e-05,172.31.40.0-255,66,1769,79,174787
33518,3.5e-05,74.125.130.0-255,2902,4671,79,174787
33519,3.8e-05,172.31.40.0-255,66,4737,79,174787
33520,5.1e-05,74.125.130.0-255,2902,7639,79,174787
33521,5.5e-05,172.31.40.0-255,66,7705,79,174787
33522,6.2e-05,74.125.130.0-255,4320,12025,79,174787
33523,6.5e-05,172.31.40.0-255,66,12091,79,174787
33524,7.2e-05,74.125.130.0-255,5738,17829,79,174787
33525,7.4e-05,172.31.40.0-255,66,17895,79,174787
33526,0.000111,74.125.130.0-255,3456,21351,79,174787
33527,0.000114,172.31.40.0-255,66,21417,79,174787
33528,0.000125,172.31.40.0-255,66,21483,79,174787
33529,0.000168,74.125.130.0-255,1125,22608,79,174787
33530,0.000171,172.31.40.0-255,66,22674,79,174787
33531,0.000287,74.125.130.0-255,1484,24158,79,174787
33532,0.000291,172.31.40.0-255,66,24224,79,174787
33533,0.000297,74.125.130.0-255,2902,27126,79,174787
33534,0.000299,172.31.40.0-255,66,27192,79,174787
33535,0.000305,74.125.130.0-255,4320,31512,79,174787
33536,0.000314,172.31.40.0-255,66,31578,79,174787
33537,0.000336,74.125.130.0-255,1484,33062,79,174787
33538,0.000339,172.31.40.0-255,66,33128,79,174787
33539,0.000352,172.31.40.0-255,66,33194,79,174787
33540,0.000389,172.31.40.0-255,66,33260,79,174787
33541,0.000423,74.125.130.0-255,3961,37221,79,174787
33542,0.000425,172.31.40.0-255,66,37287,79,174787
33543,0.000811,74.125.130.0-255,646,37933,79,174787
33544,0.000982,74.125.130.0-255,1484,39417,79,174787
33545,0.000987,172.31.40.0-255,66,39483,79,174787
33546,0.000993,74.125.130.0-255,2902,42385,79,174787
33547,0.000995,172.31.40.0-255,66,42451,79,174787
33548,0.001005,74.125.130.0-255,2902,45353,79,174787
33549,0.001007,172.31.40.0-255,66,45419,79,174787
33550,0.001036,74.125.130.0-255,2902,48321,79,174787
33551,0.001039,172.31.40.0-255,66,48387,79,174787
33552,0.001042,74.125.130.0-255,1484,49871,79,174787
33553,0.001067,74.125.130.0-255,4830,54701,79,174787
33554,0.00107,172.31.40.0-255,66,54767,79,174787
33555,0.001108,74.125.130.0-255,1484,56251,79,174787
33556,0.001126,74.125.130.0-255,2902,59153,79,174787
33557,0.001129,172.31.40.0-255,66,59219,79,174787
33558,0.001154,74.125.130.0-255,4320,63539,79,174787
33559,0.001157,172.31.40.0-255,66,63605,79,174787
33560,0.001189,74.125.130.0-255,5738,69343,79,174787
33561,0.001193,74.125.130.0-255,2543,71886,79,174787
33562,0.001201,172.31.40.0-255,66,71952,79,174787
33563,0.001205,172.31.40.0-255,66,72018,79,174787
33564,0.001366,74.125.130.0-255,1484,73502,79,174787
33565,0.001381,74.125.130.0-255,2902,76404,79,174787
33566,0.001385,172.31.40.0-255,66,76470,79,174787
33567,0.001389,74.125.130.0-255,1484,77954,79,174787
33568,0.001407,74.125.130.0-255,4320,82274,79,174787
33569,0.001409,172.31.40.0-255,66,82340,79,174787
33570,0.001413,74.125.130.0-255,1484,83824,79,174787
33571,0.001444,172.31.40.0-255,66,83890,79,174787
33572,0.001493,172.31.40.0-255,66,83956,79,174787
33573,0.001524,74.125.130.0-255,3602,87558,79,174787
33574,0.001527,172.31.40.0-255,66,87624,79,174787
33575,0.001562,74.125.130.0-255,1484,89108,79,174787
33576,0.001581,74.125.130.0-255,2902,92010,79,174787
33577,0.001585,172.31.40.0-255,66,92076,79,174787
33578,0.001612,74.125.130.0-255,5738,97814,79,174787
33579,0.001615,172.31.40.0-255,66,97880,79,174787
33580,0.001622,74.125.130.0-255,6797,104677,79,174787
33581,0.001625,172.31.40.0-255,66,104743,79,174787
33582,0.001693,74.125.130.0-255,1484,106227,79,174787
33583,0.00171,74.125.130.0-255,2902,109129,79,174787
33584,0.001713,172.31.40.0-255,66,109195,79,174787
33585,0.001724,74.125.130.0-255,1484,110679,79,174787
33586,0.001748,74.125.130.0-255,4320,114999,79,174787
33587,0.001751,172.31.40.0-255,66,115065,79,174787
33588,0.001757,74.125.130.0-255,4320,119385,79,174787
33589,0.001759,172.31.40.0-255,66,119451,79,174787
33590,0.001783,74.125.130.0-255,7156,126607,79,174787
33591,0.001789,172.31.40.0-255,66,126673,79,174787
33592,0.001795,74.125.130.0-255,2902,129575,79,174787
33593,0.001797,172.31.40.0-255,66,129641,79,174787
33594,0.001841,172.31.40.0-255,66,129707,79,174787
33595,0.00389,74.125.130.0-255,4320,134027,79,174787
33596,0.003897,172.31.40.0-255,66,134093,79,174787
33597,0.003922,74.125.130.0-255,1484,135577,79,174787
33598,0.00595,74.125.130.0-255,4320,139897,79,174787
33599,0.005954,172.31.40.0-255,66,139963,79,174787
33600,0.008015,74.125.130.0-255,5738,145701,79,174787
33601,0.008022,172.31.40.0-255,66,145767,79,174787
33602,0.010077,74.125.130.0-255,5738,151505,79,174787
33603,0.010085,172.31.40.0-255,66,151571,79,174787
33604,0.012171,74.125.130.0-255,5738,157309,79,174787
33605,0.01218,172.31.40.0-255,66,157375,79,174787
33606,0.014236,74.125.130.0-255,5738,163113,79,174787
33607,0.014246,172.31.40.0-255,66,163179,79,174787
33608,0.016295,74.125.130.0-255,5738,168917,79,174787
33609,0.016302,172.31.40.0-255,66,168983,79,174787
33610,0.018392,74.125.130.0-255,5738,174721,79,174787
33611,0.018399,172.31.40.0-255,66,174787,79,174787
33612,0.0,172.217.194.0-255,149,149,79,225295
33613,2.1e-05,172.31.40.0-255,66,215,79,225295
33614,2.8e-05,172.217.194.0-255,1484,1699,79,225295
33615,3.3e-05,172.31.40.0-255,66,1765,79,225295
33616,3.9e-05,172.217.194.0-255,2902,4667,79,225295
33617,5e-05,172.31.40.0-255,66,4733,79,225295
33618,5.8e-05,172.217.194.0-255,7156,11889,79,225295
33619,6e-05,172.31.40.0-255,66,11955,79,225295
33620,6.4e-05,172.217.194.0-255,2030,13985,79,225295
33621,6.7e-05,172.31.40.0-255,66,14051,79,225295
33622,0.000106,172.217.194.0-255,2902,16953,79,225295
33623,0.000109,172.31.40.0-255,66,17019,79,225295
33624,0.000116,172.217.194.0-255,7156,24175,79,225295
33625,0.000119,172.31.40.0-255,66,24241,79,225295
33626,0.000131,172.217.194.0-255,6797,31038,79,225295
33627,0.000134,172.31.40.0-255,66,31104,79,225295
33628,0.000177,172.217.194.0-255,1484,32588,79,225295
33629,0.000179,172.31.40.0-255,66,32654,79,225295
33630,0.000184,172.217.194.0-255,2902,35556,79,225295
33631,0.000187,172.31.40.0-255,66,35622,79,225295
33632,0.000191,172.217.194.0-255,2902,38524,79,225295
33633,0.000193,172.31.40.0-255,66,38590,79,225295
33634,0.000231,172.217.194.0-255,2902,41492,79,225295
33635,0.000233,172.31.40.0-255,66,41558,79,225295
33636,0.000241,172.217.194.0-255,6797,48355,79,225295
33637,0.000243,172.31.40.0-255,66,48421,79,225295
33638,0.000269,172.217.194.0-255,1484,49905,79,225295
33639,0.000271,172.31.40.0-255,66,49971,79,225295
33640,0.000276,172.217.194.0-255,2902,52873,79,225295
33641,0.000278,172.31.40.0-255,66,52939,79,225295
33642,0.000283,172.217.194.0-255,2902,55841,79,225295
33643,0.000289,172.31.40.0-255,66,55907,79,225295
33644,0.000318,172.217.194.0-255,2902,58809,79,225295
33645,0.000321,172.31.40.0-255,66,58875,79,225295
33646,0.000328,172.217.194.0-255,7123,65998,79,225295
33647,0.00033,172.31.40.0-255,66,66064,79,225295
33648,0.000333,172.217.194.0-255,381,66445,79,225295
33649,0.000414,172.217.194.0-255,1484,67929,79,225295
33650,0.000417,172.31.40.0-255,66,67995,79,225295
33651,0.000451,172.217.194.0-255,2902,70897,79,225295
33652,0.000454,172.31.40.0-255,66,70963,79,225295
33653,0.000476,172.217.194.0-255,5738,76701,79,225295
33654,0.000479,172.31.40.0-255,66,76767,79,225295
33655,0.000482,172.217.194.0-255,1484,78251,79,225295
33656,0.000519,172.217.194.0-255,5379,83630,79,225295
33657,0.000521,172.31.40.0-255,66,83696,79,225295
33658,0.000958,172.217.194.0-255,1484,85180,79,225295
33659,0.000965,172.217.194.0-255,1484,86664,79,225295
33660,0.000969,172.31.40.0-255,66,86730,79,225295
33661,0.001002,172.217.194.0-255,1484,88214,79,225295
33662,0.001008,172.217.194.0-255,5738,93952,79,225295
33663,0.001013,172.31.40.0-255,66,94018,79,225295
33664,0.001027,172.217.194.0-255,6797,100815,79,225295
33665,0.001037,172.31.40.0-255,66,100881,79,225295
33666,0.001103,172.217.194.0-255,1484,102365,79,225295
33667,0.001118,172.217.194.0-255,2902,105267,79,225295
33668,0.001121,172.31.40.0-255,66,105333,79,225295
33669,0.001127,172.217.194.0-255,2902,108235,79,225295
33670,0.001129,172.31.40.0-255,66,108301,79,225295
33671,0.001162,172.217.194.0-255,2902,111203,79,225295
33672,0.001164,172.31.40.0-255,66,111269,79,225295
33673,0.001184,172.31.40.0-255,66,111335,79,225295
33674,0.001197,172.31.40.0-255,66,111401,79,225295
33675,0.001239,172.217.194.0-255,1484,112885,79,225295
33676,0.001245,172.217.194.0-255,2902,115787,79,225295
33677,0.001252,172.31.40.0-255,66,115853,79,225295
33678,0.001259,172.217.194.0-255,5738,121591,79,225295
33679,0.001262,172.31.40.0-255,66,121657,79,225295
33680,0.001305,172.31.40.0-255,66,121723,79,225295
33681,0.001322,172.31.40.0-255,66,121789,79,225295
33682,0.001326,172.217.194.0-255,2184,123973,79,225295
33683,0.001328,172.31.40.0-255,66,124039,79,225295
33684,0.001366,172.217.194.0-255,2902,126941,79,225295
33685,0.001369,172.31.40.0-255,66,127007,79,225295
33686,0.001375,172.217.194.0-255,4320,131327,79,225295
33687,0.001378,172.31.40.0-255,66,131393,79,225295
33688,0.001412,172.31.40.0-255,66,131459,79,225295
33689,0.001446,172.31.40.0-255,66,131525,79,225295
33690,0.00148,172.31.40.0-255,66,131591,79,225295
33691,0.001485,172.217.194.0-255,2902,134493,79,225295
33692,0.001486,172.31.40.0-255,66,134559,79,225295
33693,0.001539,172.31.40.0-255,66,134625,79,225295
33694,0.001558,172.31.40.0-255,66,134691,79,225295
33695,0.001563,172.217.194.0-255,3602,138293,79,225295
33696,0.001566,172.31.40.0-255,66,138359,79,225295
33697,0.0016,172.217.194.0-255,1484,139843,79,225295
33698,0.001609,172.217.194.0-255,2902,142745,79,225295
33699,0.001612,172.31.40.0-255,66,142811,79,225295
33700,0.001617,172.217.194.0-255,2902,145713,79,225295
33701,0.00162,172.31.40.0-255,66,145779,79,225295
33702,0.001651,172.217.194.0-255,2902,148681,79,225295
33703,0.001654,172.31.40.0-255,66,148747,79,225295
33704,0.001665,172.217.194.0-255,7156,155903,79,225295
33705,0.001667,172.31.40.0-255,66,155969,79,225295
33706,0.001741,172.31.40.0-255,66,156035,79,225295
33707,0.00206,172.217.194.0-255,1484,157519,79,225295
33708,0.002066,172.217.194.0-255,2902,160421,79,225295
33709,0.002069,172.31.40.0-255,66,160487,79,225295
33710,0.002073,172.217.194.0-255,1484,161971,79,225295
33711,0.002103,172.217.194.0-255,4320,166291,79,225295
33712,0.002109,172.217.194.0-255,7156,173447,79,225295
33713,0.002113,172.217.194.0-255,2902,176349,79,225295
33714,0.002117,172.31.40.0-255,66,176415,79,225295
33715,0.002125,172.31.40.0-255,66,176481,79,225295
33716,0.002128,172.31.40.0-255,66,176547,79,225295
33717,0.002145,172.31.40.0-255,66,176613,79,225295
33718,0.002149,172.217.194.0-255,2184,178797,79,225295
33719,0.002151,172.31.40.0-255,66,178863,79,225295
33720,0.004273,172.217.194.0-255,5738,184601,79,225295
33721,0.004279,172.31.40.0-255,66,184667,79,225295
33722,0.006389,172.217.194.0-255,5738,190405,79,225295
33723,0.006396,172.31.40.0-255,66,190471,79,225295
33724,0.008497,172.217.194.0-255,5738,196209,79,225295
33725,0.0085,172.31.40.0-255,66,196275,79,225295
33726,0.010621,172.217.194.0-255,5738,202013,79,225295
33727,0.010628,172.31.40.0-255,66,202079,79,225295
33728,0.012776,172.217.194.0-255,5738,207817,79,225295
33729,0.012784,172.31.40.0-255,66,207883,79,225295
33730,0.014925,172.217.194.0-255,5738,213621,79,225295
33731,0.014933,172.31.40.0-255,66,213687,79,225295
33732,0.017065,172.217.194.0-255,5738,219425,79,225295
33733,0.017073,172.31.40.0-255,66,219491,79,225295
33734,0.019212,172.217.194.0-255,5738,225229,79,225295
33735,0.01922,172.31.40.0-255,66,225295,79,225295
33736,0.0,74.125.24.0-255,296,296,79,189692
33737,1.8e-05,172.31.40.0-255,66,362,79,189692
33738,2.4e-05,74.125.24.0-255,1484,1846,79,189692
33739,2.8e-05,172.31.40.0-255,66,1912,79,189692
33740,3.5e-05,74.125.24.0-255,4320,6232,79,189692
33741,3.7e-05,172.31.40.0-255,66,6298,79,189692
33742,6.7e-05,74.125.24.0-255,5738,12036,79,189692
33743,7.1e-05,172.31.40.0-255,66,12102,79,189692
33744,9.4e-05,74.125.24.0-255,1804,13906,79,189692
33745,9.6e-05,172.31.40.0-255,66,13972,79,189692
33746,0.000142,74.125.24.0-255,1484,15456,79,189692
33747,0.000144,172.31.40.0-255,66,15522,79,189692
33748,0.000149,74.125.24.0-255,2902,18424,79,189692
33749,0.000152,172.31.40.0-255,66,18490,79,189692
33750,0.000169,74.125.24.0-255,5738,24228,79,189692
33751,0.000172,172.31.40.0-255,66,24294,79,189692
33752,0.000215,74.125.24.0-255,2902,27196,79,189692
33753,0.000217,172.31.40.0-255,66,27262,79,189692
33754,0.000254,172.31.40.0-255,66,27328,79,189692
33755,0.000271,74.125.24.0-255,4320,31648,79,189692
33756,0.000273,172.31.40.0-255,66,31714,79,189692
33757,0.000302,74.125.24.0-255,6797,38511,79,189692
33758,0.000305,172.31.40.0-255,66,38577,79,189692
33759,0.000318,172.31.40.0-255,66,38643,79,189692
33760,0.000323,74.125.24.0-255,3961,42604,79,189692
33761,0.000325,172.31.40.0-255,66,42670,79,189692
33762,0.000345,74.125.24.0-255,413,43083,79,189692
33763,0.000348,172.31.40.0-255,66,43149,79,189692
33764,0.000471,74.125.24.0-255,331,43480,79,189692
33765,0.000475,172.31.40.0-255,66,43546,79,189692
33766,0.00085,74.125.24.0-255,1484,45030,79,189692
33767,0.000869,74.125.24.0-255,2902,47932,79,189692
33768,0.000873,172.31.40.0-255,66,47998,79,189692
33769,0.00088,74.125.24.0-255,4320,52318,79,189692
33770,0.000882,172.31.40.0-255,66,52384,79,189692
33771,0.00091,74.125.24.0-255,1484,53868,79,189692
33772,0.000922,172.31.40.0-255,66,53934,79,189692
33773,0.000925,74.125.24.0-255,1484,55418,79,189692
33774,0.00096,172.31.40.0-255,66,55484,79,189692
33775,0.001553,74.125.24.0-255,1484,56968,79,189692
33776,0.001558,74.125.24.0-255,1484,58452,79,189692
33777,0.001561,172.31.40.0-255,66,58518,79,189692
33778,0.001577,74.125.24.0-255,1484,60002,79,189692
33779,0.001606,74.125.24.0-255,4320,64322,79,189692
33780,0.001609,172.31.40.0-255,66,64388,79,189692
33781,0.001631,74.125.24.0-255,1484,65872,79,189692
33782,0.001638,74.125.24.0-255,5738,71610,79,189692
33783,0.00164,172.31.40.0-255,66,71676,79,189692
33784,0.001672,74.125.24.0-255,7156,78832,79,189692
33785,0.001674,172.31.40.0-255,66,78898,79,189692
33786,0.001699,74.125.24.0-255,5738,84636,79,189692
33787,0.001702,172.31.40.0-255,66,84702,79,189692
33788,0.00171,74.125.24.0-255,5020,89722,79,189692
33789,0.001712,172.31.40.0-255,66,89788,79,189692
33790,0.001844,74.125.24.0-255,1484,91272,79,189692
33791,0.001848,74.125.24.0-255,1484,92756,79,189692
33792,0.001851,172.31.40.0-255,66,92822,79,189692
33793,0.001866,74.125.24.0-255,1484,94306,79,189692
33794,0.00189,74.125.24.0-255,5738,100044,79,189692
33795,0.001893,172.31.40.0-255,66,100110,79,189692
33796,0.001898,74.125.24.0-255,2902,103012,79,189692
33797,0.0019,172.31.40.0-255,66,103078,79,189692
33798,0.001929,172.31.40.0-255,66,103144,79,189692
33799,0.001935,74.125.24.0-255,4320,107464,79,189692
33800,0.001937,172.31.40.0-255,66,107530,79,189692
33801,0.001962,74.125.24.0-255,1484,109014,79,189692
33802,0.001975,74.125.24.0-255,2902,111916,79,189692
33803,0.001979,172.31.40.0-255,66,111982,79,189692
33804,0.001989,74.125.24.0-255,2184,114166,79,189692
33805,0.001992,172.31.40.0-255,66,114232,79,189692
33806,0.002024,74.125.24.0-255,1484,115716,79,189692
33807,0.002039,74.125.24.0-255,2902,118618,79,189692
33808,0.002042,172.31.40.0-255,66,118684,79,189692
33809,0.002046,74.125.24.0-255,1484,120168,79,189692
33810,0.002061,74.125.24.0-255,1484,121652,79,189692
33811,0.002063,172.31.40.0-255,66,121718,79,189692
33812,0.002093,74.125.24.0-255,4320,126038,79,189692
33813,0.002096,172.31.40.0-255,66,126104,79,189692
33814,0.002115,74.125.24.0-255,2902,129006,79,189692
33815,0.002118,172.31.40.0-255,66,129072,79,189692
33816,0.002139,74.125.24.0-255,4320,133392,79,189692
33817,0.002142,172.31.40.0-255,66,133458,79,189692
33818,0.002186,172.31.40.0-255,66,133524,79,189692
33819,0.002191,74.125.24.0-255,4320,137844,79,189692
33820,0.002193,172.31.40.0-255,66,137910,79,189692
33821,0.002206,74.125.24.0-255,766,138676,79,189692
33822,0.002272,74.125.24.0-255,1484,140160,79,189692
33823,0.002276,172.31.40.0-255,66,140226,79,189692
33824,0.002282,74.125.24.0-255,2902,143128,79,189692
33825,0.002284,172.31.40.0-255,66,143194,79,189692
33826,0.002303,74.125.24.0-255,5738,148932,79,189692
33827,0.002305,172.31.40.0-255,66,148998,79,189692
33828,0.002334,74.125.24.0-255,1484,150482,79,189692
33829,0.004634,74.125.24.0-255,4320,154802,79,189692
33830,0.004642,172.31.40.0-255,66,154868,79,189692
33831,0.006992,74.125.24.0-255,5738,160606,79,189692
33832,0.006998,172.31.40.0-255,66,160672,79,189692
33833,0.009343,74.125.24.0-255,5738,166410,79,189692
33834,0.009347,172.31.40.0-255,66,166476,79,189692
33835,0.011688,74.125.24.0-255,5738,172214,79,189692
33836,0.011696,172.31.40.0-255,66,172280,79,189692
33837,0.01401,74.125.24.0-255,5738,178018,79,189692
33838,0.014021,172.31.40.0-255,66,178084,79,189692
33839,0.016338,74.125.24.0-255,5738,183822,79,189692
33840,0.016346,172.31.40.0-255,66,183888,79,189692
33841,0.018668,74.125.24.0-255,5738,189626,79,189692
33842,0.018675,172.31.40.0-255,66,189692,79,189692
33843,0.0,74.125.130.0-255,152,152,79,138669
33844,3.2e-05,172.31.40.0-255,66,218,79,138669
33845,3.9e-05,74.125.130.0-255,1484,1702,79,138669
33846,4.3e-05,172.31.40.0-255,66,1768,79,138669
33847,4.9e-05,74.125.130.0-255,2902,4670,79,138669
33848,5.2e-05,172.31.40.0-255,66,4736,79,138669
33849,6.6e-05,74.125.130.0-255,7156,11892,79,138669
33850,6.9e-05,172.31.40.0-255,66,11958,79,138669
33851,0.000104,74.125.130.0-255,2022,13980,79,138669
33852,0.000107,172.31.40.0-255,66,14046,79,138669
33853,0.000248,74.125.130.0-255,1484,15530,79,138669
33854,0.000252,172.31.40.0-255,66,15596,79,138669
33855,0.000268,74.125.130.0-255,2902,18498,79,138669
33856,0.000274,172.31.40.0-255,66,18564,79,138669
33857,0.000309,74.125.130.0-255,5738,24302,79,138669
33858,0.000312,172.31.40.0-255,66,24368,79,138669
33859,0.000317,74.125.130.0-255,4320,28688,79,138669
33860,0.000319,172.31.40.0-255,66,28754,79,138669
33861,0.000348,74.125.130.0-255,1484,30238,79,138669
33862,0.00035,172.31.40.0-255,66,30304,79,138669
33863,0.000367,74.125.130.0-255,1125,31429,79,138669
33864,0.000369,172.31.40.0-255,66,31495,79,138669
33865,0.000805,74.125.130.0-255,1484,32979,79,138669
33866,0.000811,172.31.40.0-255,66,33045,79,138669
33867,0.000819,74.125.130.0-255,2902,35947,79,138669
33868,0.000821,172.31.40.0-255,66,36013,79,138669
33869,0.000834,74.125.130.0-255,5738,41751,79,138669
33870,0.000836,172.31.40.0-255,66,41817,79,138669
33871,0.000862,74.125.130.0-255,2902,44719,79,138669
33872,0.000865,172.31.40.0-255,66,44785,79,138669
33873,0.000888,74.125.130.0-255,3961,48746,79,138669
33874,0.000894,172.31.40.0-255,66,48812,79,138669
33875,0.000986,74.125.130.0-255,1484,50296,79,138669
33876,0.00101,74.125.130.0-255,2902,53198,79,138669
33877,0.001014,172.31.40.0-255,66,53264,79,138669
33878,0.00102,74.125.130.0-255,4320,57584,79,138669
33879,0.001022,172.31.40.0-255,66,57650,79,138669
33880,0.001081,172.31.40.0-255,66,57716,79,138669
33881,0.001084,74.125.130.0-255,381,58097,79,138669
33882,0.00117,74.125.130.0-255,1484,59581,79,138669
33883,0.001174,172.31.40.0-255,66,59647,79,138669
33884,0.001199,74.125.130.0-255,2902,62549,79,138669
33885,0.001202,172.31.40.0-255,66,62615,79,138669
33886,0.001205,74.125.130.0-255,1484,64099,79,138669
33887,0.001233,74.125.130.0-255,4320,68419,79,138669
33888,0.001236,172.31.40.0-255,66,68485,79,138669
33889,0.001239,74.125.130.0-255,1484,69969,79,138669
33890,0.001243,74.125.130.0-255,2902,72871,79,138669
33891,0.001245,172.31.40.0-255,66,72937,79,138669
33892,0.001265,74.125.130.0-255,2543,75480,79,138669
33893,0.001267,172.31.40.0-255,66,75546,79,138669
33894,0.001318,74.125.130.0-255,1484,77030,79,138669
33895,0.001334,74.125.130.0-255,2902,79932,79,138669
33896,0.001337,172.31.40.0-255,66,79998,79,138669
33897,0.001339,74.125.130.0-255,1484,81482,79,138669
33898,0.001366,74.125.130.0-255,4320,85802,79,138669
33899,0.001369,172.31.40.0-255,66,85868,79,138669
33900,0.001374,74.125.130.0-255,4320,90188,79,138669
33901,0.001377,172.31.40.0-255,66,90254,79,138669
33902,0.001423,74.125.130.0-255,2543,92797,79,138669
33903,0.001425,172.31.40.0-255,66,92863,79,138669
33904,0.003428,74.125.130.0-255,2902,95765,79,138669
33905,0.003436,172.31.40.0-255,66,95831,79,138669
33906,0.003495,74.125.130.0-255,2902,98733,79,138669
33907,0.003498,172.31.40.0-255,66,98799,79,138669
33908,0.005519,74.125.130.0-255,2902,101701,79,138669
33909,0.005525,172.31.40.0-255,66,101767,79,138669
33910,0.005554,74.125.130.0-255,2902,104669,79,138669
33911,0.005557,172.31.40.0-255,66,104735,79,138669
33912,0.007602,74.125.130.0-255,2902,107637,79,138669
33913,0.007609,172.31.40.0-255,66,107703,79,138669
33914,0.00764,74.125.130.0-255,2902,110605,79,138669
33915,0.007643,172.31.40.0-255,66,110671,79,138669
33916,0.009694,74.125.130.0-255,2902,113573,79,138669
33917,0.009703,172.31.40.0-255,66,113639,79,138669
33918,0.009737,74.125.130.0-255,2902,116541,79,138669
33919,0.00974,172.31.40.0-255,66,116607,79,138669
33920,0.011791,74.125.130.0-255,2902,119509,79,138669
33921,0.011798,172.31.40.0-255,66,119575,79,138669
33922,0.01183,74.125.130.0-255,2902,122477,79,138669
33923,0.011833,172.31.40.0-255,66,122543,79,138669
33924,0.013889,74.125.130.0-255,1484,124027,79,138669
33925,0.013911,74.125.130.0-255,2902,126929,79,138669
33926,0.013916,172.31.40.0-255,66,126995,79,138669
33927,0.013945,74.125.130.0-255,1484,128479,79,138669
33928,0.015975,74.125.130.0-255,4320,132799,79,138669
33929,0.015982,172.31.40.0-255,66,132865,79,138669
33930,0.018083,74.125.130.0-255,5738,138603,79,138669
33931,0.018091,172.31.40.0-255,66,138669,79,138669
33932,0.0,172.217.24.0-255,150,150,79,186448
33933,2.3e-05,172.31.40.0-255,66,216,79,186448
33934,3e-05,172.217.24.0-255,1484,1700,79,186448
33935,3.4e-05,172.31.40.0-255,66,1766,79,186448
33936,4e-05,172.217.24.0-255,2902,4668,79,186448
33937,4.3e-05,172.31.40.0-255,66,4734,79,186448
33938,5.1e-05,172.217.24.0-255,7156,11890,79,186448
33939,5.4e-05,172.31.40.0-255,66,11956,79,186448
33940,6e-05,172.217.24.0-255,4907,16863,79,186448
33941,6.2e-05,172.31.40.0-255,66,16929,79,186448
33942,6.8e-05,172.217.24.0-255,5738,22667,79,186448
33943,7.1e-05,172.31.40.0-255,66,22733,79,186448
33944,8.3e-05,172.31.40.0-255,66,22799,79,186448
33945,0.000326,172.217.24.0-255,1484,24283,79,186448
33946,0.000333,172.31.40.0-255,66,24349,79,186448
33947,0.000353,172.217.24.0-255,2902,27251,79,186448
33948,0.000356,172.31.40.0-255,66,27317,79,186448
33949,0.000362,172.217.24.0-255,2902,30219,79,186448
33950,0.000365,172.31.40.0-255,66,30285,79,186448
33951,0.000369,172.217.24.0-255,4320,34605,79,186448
33952,0.000371,172.31.40.0-255,66,34671,79,186448
33953,0.000377,172.217.24.0-255,4320,38991,79,186448
33954,0.000379,172.31.40.0-255,66,39057,79,186448
33955,0.000407,172.217.24.0-255,5379,44436,79,186448
33956,0.00041,172.31.40.0-255,66,44502,79,186448
33957,0.000424,172.217.24.0-255,1484,45986,79,186448
33958,0.000426,172.31.40.0-255,66,46052,79,186448
33959,0.000466,172.31.40.0-255,66,46118,79,186448
33960,0.000516,172.217.24.0-255,392,46510,79,186448
33961,0.00052,172.31.40.0-255,66,46576,79,186448
33962,0.001029,172.217.24.0-255,351,46927,79,186448
33963,0.001068,172.31.40.0-255,66,46993,79,186448
33964,0.001196,172.217.24.0-255,1484,48477,79,186448
33965,0.001205,172.217.24.0-255,2902,51379,79,186448
33966,0.001209,172.31.40.0-255,66,51445,79,186448
33967,0.001216,172.217.24.0-255,5738,57183,79,186448
33968,0.001218,172.31.40.0-255,66,57249,79,186448
33969,0.001228,172.31.40.0-255,66,57315,79,186448
33970,0.001235,172.217.24.0-255,5738,63053,79,186448
33971,0.001237,172.31.40.0-255,66,63119,79,186448
33972,0.001261,172.217.24.0-255,2902,66021,79,186448
33973,0.001264,172.31.40.0-255,66,66087,79,186448
33974,0.001267,172.217.24.0-255,1484,67571,79,186448
33975,0.001288,172.217.24.0-255,5379,72950,79,186448
33976,0.00129,172.31.40.0-255,66,73016,79,186448
33977,0.001534,172.217.24.0-255,1484,74500,79,186448
33978,0.00154,172.217.24.0-255,1484,75984,79,186448
33979,0.001543,172.31.40.0-255,66,76050,79,186448
33980,0.001564,172.217.24.0-255,1484,77534,79,186448
33981,0.001572,172.217.24.0-255,5738,83272,79,186448
33982,0.001574,172.31.40.0-255,66,83338,79,186448
33983,0.00158,172.217.24.0-255,4320,87658,79,186448
33984,0.001582,172.31.40.0-255,66,87724,79,186448
33985,0.001603,172.31.40.0-255,66,87790,79,186448
33986,0.001606,172.217.24.0-255,1484,89274,79,186448
33987,0.001627,172.31.40.0-255,66,89340,79,186448
33988,0.001644,172.217.24.0-255,766,90106,79,186448
33989,0.001669,172.217.24.0-255,1484,91590,79,186448
33990,0.001671,172.31.40.0-255,66,91656,79,186448
33991,0.001676,172.217.24.0-255,2902,94558,79,186448
33992,0.001678,172.31.40.0-255,66,94624,79,186448
33993,0.001711,172.217.24.0-255,5738,100362,79,186448
33994,0.001714,172.31.40.0-255,66,100428,79,186448
33995,0.001728,172.31.40.0-255,66,100494,79,186448
33996,0.001734,172.217.24.0-255,7156,107650,79,186448
33997,0.001737,172.31.40.0-255,66,107716,79,186448
33998,0.001754,172.217.24.0-255,3602,111318,79,186448
33999,0.001756,172.31.40.0-255,66,111384,79,186448
34000,0.001812,172.217.24.0-255,2902,114286,79,186448
34001,0.001816,172.31.40.0-255,66,114352,79,186448
34002,0.001821,172.217.24.0-255,4320,118672,79,186448
34003,0.001824,172.31.40.0-255,66,118738,79,186448
34004,0.001828,172.217.24.0-255,2902,121640,79,186448
34005,0.00183,172.31.40.0-255,66,121706,79,186448
34006,0.001858,172.217.24.0-255,5738,127444,79,186448
34007,0.001861,172.31.40.0-255,66,127510,79,186448
34008,0.001873,172.31.40.0-255,66,127576,79,186448
34009,0.001912,172.217.24.0-255,1484,129060,79,186448
34010,0.001933,172.217.24.0-255,6438,135498,79,186448
34011,0.001936,172.31.40.0-255,66,135564,79,186448
34012,0.003852,172.217.24.0-255,5738,141302,79,186448
34013,0.003858,172.31.40.0-255,66,141368,79,186448
34014,0.005808,172.217.24.0-255,4320,145688,79,186448
34015,0.005813,172.31.40.0-255,66,145754,79,186448
34016,0.00583,172.217.24.0-255,1484,147238,79,186448
34017,0.007743,172.217.24.0-255,4320,151558,79,186448
34018,0.00775,172.31.40.0-255,66,151624,79,186448
34019,0.009694,172.217.24.0-255,5738,157362,79,186448
34020,0.009702,172.31.40.0-255,66,157428,79,186448
34021,0.011635,172.217.24.0-255,5738,163166,79,186448
34022,0.011644,172.31.40.0-255,66,163232,79,186448
34023,0.013581,172.217.24.0-255,5738,168970,79,186448
34024,0.013588,172.31.40.0-255,66,169036,79,186448
34025,0.015524,172.217.24.0-255,5738,174774,79,186448
34026,0.015536,172.31.40.0-255,66,174840,79,186448
34027,0.017471,172.217.24.0-255,5738,180578,79,186448
34028,0.017483,172.31.40.0-255,66,180644,79,186448
34029,0.019422,172.217.24.0-255,5738,186382,79,186448
34030,0.01943,172.31.40.0-255,66,186448,79,186448
34031,0.0,172.217.194.0-255,153,153,79,189320
34032,1.3e-05,172.31.40.0-255,66,219,79,189320
34033,5.1e-05,172.217.194.0-255,1484,1703,79,189320
34034,5.6e-05,172.31.40.0-255,66,1769,79,189320
34035,5.9e-05,172.217.194.0-255,1484,3253,79,189320
34036,6.1e-05,172.31.40.0-255,66,3319,79,189320
34037,6.4e-05,172.217.194.0-255,1484,4803,79,189320
34038,6.7e-05,172.31.40.0-255,66,4869,79,189320
34039,9.1e-05,172.217.194.0-255,2902,7771,79,189320
34040,9.4e-05,172.31.40.0-255,66,7837,79,189320
34041,0.000107,172.31.40.0-255,66,7903,79,189320
34042,0.000111,172.217.194.0-255,2902,10805,79,189320
34043,0.000114,172.31.40.0-255,66,10871,79,189320
34044,0.00015,172.31.40.0-255,66,10937,79,189320
34045,0.000169,172.217.194.0-255,1484,12421,79,189320
34046,0.000171,172.31.40.0-255,66,12487,79,189320
34047,0.000175,172.217.194.0-255,2902,15389,79,189320
34048,0.000178,172.31.40.0-255,66,15455,79,189320
34049,0.000181,172.217.194.0-255,1484,16939,79,189320
34050,0.000183,172.31.40.0-255,66,17005,79,189320
34051,0.000209,172.217.194.0-255,4320,21325,79,189320
34052,0.000211,172.31.40.0-255,66,21391,79,189320
34053,0.000257,172.217.194.0-255,4320,25711,79,189320
34054,0.00026,172.31.40.0-255,66,25777,79,189320
34055,0.000279,172.217.194.0-255,2543,28320,79,189320
34056,0.000282,172.31.40.0-255,66,28386,79,189320
34057,0.00034,172.217.194.0-255,1484,29870,79,189320
34058,0.000344,172.31.40.0-255,66,29936,79,189320
34059,0.000348,172.217.194.0-255,1484,31420,79,189320
34060,0.00035,172.31.40.0-255,66,31486,79,189320
34061,0.000363,172.217.194.0-255,1484,32970,79,189320
34062,0.000368,172.217.194.0-255,2902,35872,79,189320
34063,0.000371,172.31.40.0-255,66,35938,79,189320
34064,0.000391,172.217.194.0-255,2902,38840,79,189320
34065,0.000394,172.31.40.0-255,66,38906,79,189320
34066,0.000397,172.217.194.0-255,1484,40390,79,189320
34067,0.000417,172.217.194.0-255,5675,46065,79,189320
34068,0.000419,172.31.40.0-255,66,46131,79,189320
34069,0.001271,172.217.194.0-255,381,46512,79,189320
34070,0.001306,172.217.194.0-255,1484,47996,79,189320
34071,0.001311,172.31.40.0-255,66,48062,79,189320
34072,0.001318,172.217.194.0-255,2902,50964,79,189320
34073,0.00132,172.31.40.0-255,66,51030,79,189320
34074,0.001335,172.217.194.0-255,1484,52514,79,189320
34075,0.00135,172.217.194.0-255,4320,56834,79,189320
34076,0.001352,172.31.40.0-255,66,56900,79,189320
34077,0.001355,172.217.194.0-255,1484,58384,79,189320
34078,0.001373,172.217.194.0-255,5738,64122,79,189320
34079,0.001376,172.31.40.0-255,66,64188,79,189320
34080,0.001396,172.217.194.0-255,2902,67090,79,189320
34081,0.001398,172.31.40.0-255,66,67156,79,189320
34082,0.001414,172.217.194.0-255,2902,70058,79,189320
34083,0.001416,172.31.40.0-255,66,70124,79,189320
34084,0.00145,172.31.40.0-255,66,70190,79,189320
34085,0.001476,172.217.194.0-255,1484,71674,79,189320
34086,0.00148,172.217.194.0-255,2902,74576,79,189320
34087,0.001482,172.31.40.0-255,66,74642,79,189320
34088,0.001505,172.217.194.0-255,5738,80380,79,189320
34089,0.001508,172.31.40.0-255,66,80446,79,189320
34090,0.001518,172.31.40.0-255,66,80512,79,189320
34091,0.00156,172.217.194.0-255,2902,83414,79,189320
34092,0.001562,172.31.40.0-255,66,83480,79,189320
34093,0.001599,172.31.40.0-255,66,83546,79,189320
34094,0.001773,172.217.194.0-255,1484,85030,79,189320
34095,0.001781,172.217.194.0-255,2902,87932,79,189320
34096,0.001786,172.31.40.0-255,66,87998,79,189320
34097,0.001793,172.217.194.0-255,5738,93736,79,189320
34098,0.001795,172.31.40.0-255,66,93802,79,189320
34099,0.001819,172.217.194.0-255,4320,98122,79,189320
34100,0.001822,172.31.40.0-255,66,98188,79,189320
34101,0.00185,172.31.40.0-255,66,98254,79,189320
34102,0.00191,172.31.40.0-255,66,98320,79,189320
34103,0.002029,172.217.194.0-255,1484,99804,79,189320
34104,0.002034,172.217.194.0-255,2902,102706,79,189320
34105,0.002037,172.31.40.0-255,66,102772,79,189320
34106,0.00204,172.217.194.0-255,1484,104256,79,189320
34107,0.002057,172.217.194.0-255,4320,108576,79,189320
34108,0.00206,172.31.40.0-255,66,108642,79,189320
34109,0.002086,172.217.194.0-255,7156,115798,79,189320
34110,0.002088,172.31.40.0-255,66,115864,79,189320
34111,0.002109,172.217.194.0-255,5738,121602,79,189320
34112,0.002112,172.31.40.0-255,66,121668,79,189320
34113,0.002123,172.31.40.0-255,66,121734,79,189320
34114,0.002142,172.217.194.0-255,2184,123918,79,189320
34115,0.002144,172.31.40.0-255,66,123984,79,189320
34116,0.002233,172.217.194.0-255,1484,125468,79,189320
34117,0.002246,172.217.194.0-255,2902,128370,79,189320
34118,0.002249,172.31.40.0-255,66,128436,79,189320
34119,0.002252,172.217.194.0-255,1484,129920,79,189320
34120,0.002271,172.217.194.0-255,4320,134240,79,189320
34121,0.002274,172.31.40.0-255,66,134306,79,189320
34122,0.002282,172.217.194.0-255,7156,141462,79,189320
34123,0.002284,172.31.40.0-255,66,141528,79,189320
34124,0.002287,172.217.194.0-255,1484,143012,79,189320
34125,0.002316,172.31.40.0-255,66,143078,79,189320
34126,0.002335,172.217.194.0-255,2902,145980,79,189320
34127,0.002337,172.31.40.0-255,66,146046,79,189320
34128,0.002341,172.217.194.0-255,2184,148230,79,189320
34129,0.002343,172.31.40.0-255,66,148296,79,189320
34130,0.004726,172.217.194.0-255,5738,154034,79,189320
34131,0.004733,172.31.40.0-255,66,154100,79,189320
34132,0.007085,172.217.194.0-255,2902,157002,79,189320
34133,0.007089,172.31.40.0-255,66,157068,79,189320
34134,0.007109,172.217.194.0-255,2902,159970,79,189320
34135,0.007111,172.31.40.0-255,66,160036,79,189320
34136,0.009491,172.217.194.0-255,2902,162938,79,189320
34137,0.009498,172.31.40.0-255,66,163004,79,189320
34138,0.00952,172.217.194.0-255,2902,165906,79,189320
34139,0.009522,172.31.40.0-255,66,165972,79,189320
34140,0.01187,172.217.194.0-255,2902,168874,79,189320
34141,0.011881,172.31.40.0-255,66,168940,79,189320
34142,0.011903,172.217.194.0-255,2902,171842,79,189320
34143,0.011907,172.31.40.0-255,66,171908,79,189320
34144,0.014258,172.217.194.0-255,5738,177646,79,189320
34145,0.014268,172.31.40.0-255,66,177712,79,189320
34146,0.016653,172.217.194.0-255,5738,183450,79,189320
34147,0.016661,172.31.40.0-255,66,183516,79,189320
34148,0.019055,172.217.194.0-255,5738,189254,79,189320
34149,0.019066,172.31.40.0-255,66,189320,79,189320
34150,0.0,74.125.24.0-255,146,146,79,175520
34151,2.3e-05,172.31.40.0-255,66,212,79,175520
34152,3e-05,74.125.24.0-255,1484,1696,79,175520
34153,3.6e-05,172.31.40.0-255,66,1762,79,175520
34154,5.1e-05,74.125.24.0-255,2902,4664,79,175520
34155,5.6e-05,172.31.40.0-255,66,4730,79,175520
34156,6.4e-05,74.125.24.0-255,7156,11886,79,175520
34157,6.7e-05,172.31.40.0-255,66,11952,79,175520
34158,7.2e-05,74.125.24.0-255,1999,13951,79,175520
34159,7.4e-05,172.31.40.0-255,66,14017,79,175520
34160,8.2e-05,74.125.24.0-255,5738,19755,79,175520
34161,8.4e-05,172.31.40.0-255,66,19821,79,175520
34162,0.000125,74.125.24.0-255,5738,25559,79,175520
34163,0.000129,172.31.40.0-255,66,25625,79,175520
34164,0.000135,74.125.24.0-255,5379,31004,79,175520
34165,0.000138,172.31.40.0-255,66,31070,79,175520
34166,0.000144,74.125.24.0-255,5738,36808,79,175520
34167,0.000146,172.31.40.0-255,66,36874,79,175520
34168,0.000158,172.31.40.0-255,66,36940,79,175520
34169,0.000205,74.125.24.0-255,2543,39483,79,175520
34170,0.000208,172.31.40.0-255,66,39549,79,175520
34171,0.00041,74.125.24.0-255,1484,41033,79,175520
34172,0.000415,172.31.40.0-255,66,41099,79,175520
34173,0.000422,74.125.24.0-255,2902,44001,79,175520
34174,0.000425,172.31.40.0-255,66,44067,79,175520
34175,0.000437,74.125.24.0-255,5738,49805,79,175520
34176,0.000439,172.31.40.0-255,66,49871,79,175520
34177,0.000451,74.125.24.0-255,1484,51355,79,175520
34178,0.000453,172.31.40.0-255,66,51421,79,175520
34179,0.000482,74.125.24.0-255,5379,56800,79,175520
34180,0.000484,172.31.40.0-255,66,56866,79,175520
34181,0.000514,74.125.24.0-255,1484,58350,79,175520
34182,0.000528,74.125.24.0-255,2902,61252,79,175520
34183,0.000544,74.125.24.0-255,5738,66990,79,175520
34184,0.000572,74.125.24.0-255,6797,73787,79,175520
34185,0.000593,74.125.24.0-255,646,74433,79,175520
34186,0.00064,172.31.40.0-255,66,74499,79,175520
34187,0.000701,74.125.24.0-255,1484,75983,79,175520
34188,0.000723,74.125.24.0-255,2902,78885,79,175520
34189,0.000725,74.125.24.0-255,1484,80369,79,175520
34190,0.000732,172.31.40.0-255,66,80435,79,175520
34191,0.000744,74.125.24.0-255,4320,84755,79,175520
34192,0.00077,74.125.24.0-255,6797,91552,79,175520
34193,0.000774,74.125.24.0-255,2902,94454,79,175520
34194,0.000788,74.125.24.0-255,4320,98774,79,175520
34195,0.000807,172.31.40.0-255,66,98840,79,175520
34196,0.000856,172.31.40.0-255,66,98906,79,175520
34197,0.000991,74.125.24.0-255,1484,100390,79,175520
34198,0.001016,74.125.24.0-255,2902,103292,79,175520
34199,0.001022,74.125.24.0-255,2902,106194,79,175520
34200,0.001035,74.125.24.0-255,2902,109096,79,175520
34201,0.001048,74.125.24.0-255,4320,113416,79,175520
34202,0.001058,172.31.40.0-255,66,113482,79,175520
34203,0.001113,74.125.24.0-255,2184,115666,79,175520
34204,0.001116,172.31.40.0-255,66,115732,79,175520
34205,0.001121,172.31.40.0-255,66,115798,79,175520
34206,0.001672,74.125.24.0-255,1484,117282,79,175520
34207,0.001678,74.125.24.0-255,2902,120184,79,175520
34208,0.001681,172.31.40.0-255,66,120250,79,175520
34209,0.001688,74.125.24.0-255,4320,124570,79,175520
34210,0.001714,74.125.24.0-255,1484,126054,79,175520
34211,0.001719,74.125.24.0-255,2902,128956,79,175520
34212,0.001726,172.31.40.0-255,66,129022,79,175520
34213,0.001998,74.125.24.0-255,1484,130506,79,175520
34214,0.002005,74.125.24.0-255,2902,133408,79,175520
34215,0.002022,74.125.24.0-255,2902,136310,79,175520
34216,0.002035,74.125.24.0-255,2902,139212,79,175520
34217,0.002048,74.125.24.0-255,1484,140696,79,175520
34218,0.002076,74.125.24.0-255,5738,146434,79,175520
34219,0.006329,172.31.40.0-255,66,146500,79,175520
34220,0.008398,74.125.24.0-255,5738,152238,79,175520
34221,0.008405,172.31.40.0-255,66,152304,79,175520
34222,0.010489,74.125.24.0-255,5738,158042,79,175520
34223,0.010497,172.31.40.0-255,66,158108,79,175520
34224,0.012589,74.125.24.0-255,5738,163846,79,175520
34225,0.013948,172.31.40.0-255,66,163912,79,175520
34226,0.016034,74.125.24.0-255,5738,169650,79,175520
34227,0.016051,172.31.40.0-255,66,169716,79,175520
34228,0.018143,74.125.24.0-255,5738,175454,79,175520
34229,0.018162,172.31.40.0-255,66,175520,79,175520
34230,0.0,172.217.27.0-255,152,152,79,112807
34231,3.2e-05,172.31.40.0-255,66,218,79,112807
34232,4e-05,172.217.27.0-255,1484,1702,79,112807
34233,4.6e-05,172.31.40.0-255,66,1768,79,112807
34234,5e-05,172.217.27.0-255,2902,4670,79,112807
34235,6e-05,172.31.40.0-255,66,4736,79,112807
34236,6.7e-05,172.217.27.0-255,7156,11892,79,112807
34237,7e-05,172.31.40.0-255,66,11958,79,112807
34238,8.1e-05,172.31.40.0-255,66,12024,79,112807
34239,0.000121,172.31.40.0-255,66,12090,79,112807
34240,0.000209,172.217.27.0-255,1484,13574,79,112807
34241,0.000213,172.31.40.0-255,66,13640,79,112807
34242,0.000232,172.217.27.0-255,2902,16542,79,112807
34243,0.000234,172.31.40.0-255,66,16608,79,112807
34244,0.00024,172.217.27.0-255,5738,22346,79,112807
34245,0.000243,172.31.40.0-255,66,22412,79,112807
34246,0.000247,172.217.27.0-255,4320,26732,79,112807
34247,0.00025,172.31.40.0-255,66,26798,79,112807
34248,0.000262,172.217.27.0-255,2543,29341,79,112807
34249,0.000265,172.31.40.0-255,66,29407,79,112807
34250,0.000691,172.217.27.0-255,1484,30891,79,112807
34251,0.000696,172.31.40.0-255,66,30957,79,112807
34252,0.000705,172.217.27.0-255,2902,33859,79,112807
34253,0.000708,172.31.40.0-255,66,33925,79,112807
34254,0.000719,172.217.27.0-255,4320,38245,79,112807
34255,0.000721,172.31.40.0-255,66,38311,79,112807
34256,0.000773,172.31.40.0-255,66,38377,79,112807
34257,0.000954,172.217.27.0-255,1484,39861,79,112807
34258,0.000964,172.31.40.0-255,66,39927,79,112807
34259,0.000969,172.217.27.0-255,1484,41411,79,112807
34260,0.000974,172.217.27.0-255,2902,44313,79,112807
34261,0.000984,172.31.40.0-255,66,44379,79,112807
34262,0.00099,172.217.27.0-255,5738,50117,79,112807
34263,0.000993,172.31.40.0-255,66,50183,79,112807
34264,0.001058,172.31.40.0-255,66,50249,79,112807
34265,0.001069,172.31.40.0-255,66,50315,79,112807
34266,0.002726,172.217.27.0-255,5738,56053,79,112807
34267,0.002732,172.31.40.0-255,66,56119,79,112807
34268,0.004386,172.217.27.0-255,5738,61857,79,112807
34269,0.004391,172.31.40.0-255,66,61923,79,112807
34270,0.006047,172.217.27.0-255,4320,66243,79,112807
34271,0.006052,172.31.40.0-255,66,66309,79,112807
34272,0.006075,172.217.27.0-255,1484,67793,79,112807
34273,0.007715,172.217.27.0-255,4320,72113,79,112807
34274,0.007722,172.31.40.0-255,66,72179,79,112807
34275,0.009384,172.217.27.0-255,5738,77917,79,112807
34276,0.009392,172.31.40.0-255,66,77983,79,112807
34277,0.011057,172.217.27.0-255,5738,83721,79,112807
34278,0.011065,172.31.40.0-255,66,83787,79,112807
34279,0.012722,172.217.27.0-255,5738,89525,79,112807
34280,0.012729,172.31.40.0-255,66,89591,79,112807
34281,0.014425,172.217.27.0-255,5738,95329,79,112807
34282,0.014436,172.31.40.0-255,66,95395,79,112807
34283,0.016102,172.217.27.0-255,5738,101133,79,112807
34284,0.016108,172.31.40.0-255,66,101199,79,112807
34285,0.017773,172.217.27.0-255,5738,106937,79,112807
34286,0.01778,172.31.40.0-255,66,107003,79,112807
34287,0.019446,172.217.27.0-255,5738,112741,79,112807
34288,0.019454,172.31.40.0-255,66,112807,79,112807
34289,0.0,172.217.194.0-255,183,183,79,82363
34290,2.5e-05,172.31.40.0-255,66,249,79,82363
34291,3.3e-05,172.217.194.0-255,1484,1733,79,82363
34292,3.8e-05,172.31.40.0-255,66,1799,79,82363
34293,4.5e-05,172.217.194.0-255,2902,4701,79,82363
34294,4.8e-05,172.31.40.0-255,66,4767,79,82363
34295,0.000102,172.217.194.0-255,7156,11923,79,82363
34296,0.000105,172.31.40.0-255,66,11989,79,82363
34297,0.000302,172.217.194.0-255,2041,14030,79,82363
34298,0.000307,172.31.40.0-255,66,14096,79,82363
34299,0.000358,172.217.194.0-255,7156,21252,79,82363
34300,0.000362,172.31.40.0-255,66,21318,79,82363
34301,0.000374,172.217.194.0-255,4320,25638,79,82363
34302,0.000377,172.31.40.0-255,66,25704,79,82363
34303,0.000666,172.217.194.0-255,5738,31442,79,82363
34304,0.00067,172.31.40.0-255,66,31508,79,82363
34305,0.000695,172.217.194.0-255,5379,36887,79,82363
34306,0.000697,172.31.40.0-255,66,36953,79,82363
34307,0.000979,172.31.40.0-255,66,37019,79,82363
34308,0.001014,172.31.40.0-255,66,37085,79,82363
34309,0.001773,172.31.40.0-255,66,37151,79,82363
34310,0.001804,172.31.40.0-255,66,37217,79,82363
34311,0.002667,172.217.194.0-255,7156,44373,79,82363
34312,0.002672,172.31.40.0-255,66,44439,79,82363
34313,0.002703,172.31.40.0-255,66,44505,79,82363
34314,0.003394,172.217.194.0-255,2902,47407,79,82363
34315,0.003397,172.31.40.0-255,66,47473,79,82363
34316,0.003465,172.217.194.0-255,7156,54629,79,82363
34317,0.006723,172.31.40.0-255,66,54695,79,82363
34318,0.009038,172.217.194.0-255,5738,60433,79,82363
34319,0.009049,172.31.40.0-255,66,60499,79,82363
34320,0.011372,172.217.194.0-255,5738,66237,79,82363
34321,0.011384,172.31.40.0-255,66,66303,79,82363
34322,0.013703,172.217.194.0-255,4320,70623,79,82363
34323,0.013715,172.31.40.0-255,66,70689,79,82363
34324,0.013738,172.217.194.0-255,1484,72173,79,82363
34325,0.016049,172.217.194.0-255,4320,76493,79,82363
34326,0.016061,172.31.40.0-255,66,76559,79,82363
34327,0.018386,172.217.194.0-255,5738,82297,79,82363
34328,0.018401,172.31.40.0-255,66,82363,79,82363
34329,0.0,74.125.68.0-255,152,152,79,158874
34330,1.4e-05,172.31.40.0-255,66,218,79,158874
34331,2.1e-05,74.125.68.0-255,1484,1702,79,158874
34332,2.5e-05,172.31.40.0-255,66,1768,79,158874
34333,3e-05,74.125.68.0-255,2902,4670,79,158874
34334,3.3e-05,172.31.40.0-255,66,4736,79,158874
34335,4e-05,74.125.68.0-255,5738,10474,79,158874
34336,4.5e-05,172.31.40.0-255,66,10540,79,158874
34337,7.1e-05,74.125.68.0-255,3428,13968,79,158874
34338,7.4e-05,172.31.40.0-255,66,14034,79,158874
34339,0.000148,74.125.68.0-255,1484,15518,79,158874
34340,0.000151,172.31.40.0-255,66,15584,79,158874
34341,0.000175,74.125.68.0-255,2902,18486,79,158874
34342,0.000177,172.31.40.0-255,66,18552,79,158874
34343,0.000183,74.125.68.0-255,5738,24290,79,158874
34344,0.000185,172.31.40.0-255,66,24356,79,158874
34345,0.000231,74.125.68.0-255,6797,31153,79,158874
34346,0.000235,172.31.40.0-255,66,31219,79,158874
34347,0.000277,74.125.68.0-255,4320,35539,79,158874
34348,0.00028,172.31.40.0-255,66,35605,79,158874
34349,0.000294,74.125.68.0-255,2902,38507,79,158874
34350,0.000297,172.31.40.0-255,66,38573,79,158874
34351,0.000303,74.125.68.0-255,5738,44311,79,158874
34352,0.000305,172.31.40.0-255,66,44377,79,158874
34353,0.000347,74.125.68.0-255,3961,48338,79,158874
34354,0.00035,172.31.40.0-255,66,48404,79,158874
34355,0.000705,74.125.68.0-255,1484,49888,79,158874
34356,0.000711,172.31.40.0-255,66,49954,79,158874
34357,0.000717,74.125.68.0-255,2902,52856,79,158874
34358,0.000719,172.31.40.0-255,66,52922,79,158874
34359,0.000735,74.125.68.0-255,1484,54406,79,158874
34360,0.000738,172.31.40.0-255,66,54472,79,158874
34361,0.000761,74.125.68.0-255,2902,57374,79,158874
34362,0.000763,172.31.40.0-255,66,57440,79,158874
34363,0.000769,74.125.68.0-255,4320,61760,79,158874
34364,0.000771,172.31.40.0-255,66,61826,79,158874
34365,0.000783,74.125.68.0-255,1484,63310,79,158874
34366,0.000788,74.125.68.0-255,2543,65853,79,158874
34367,0.00079,172.31.40.0-255,66,65919,79,158874
34368,0.000806,74.125.68.0-255,647,66566,79,158874
34369,0.001339,74.125.68.0-255,1484,68050,79,158874
34370,0.001345,172.31.40.0-255,66,68116,79,158874
34371,0.001352,74.125.68.0-255,2902,71018,79,158874
34372,0.001355,172.31.40.0-255,66,71084,79,158874
34373,0.001362,74.125.68.0-255,5738,76822,79,158874
34374,0.001365,172.31.40.0-255,66,76888,79,158874
34375,0.00138,74.125.68.0-255,1484,78372,79,158874
34376,0.001401,74.125.68.0-255,7156,85528,79,158874
34377,0.001404,172.31.40.0-255,66,85594,79,158874
34378,0.001445,172.31.40.0-255,66,85660,79,158874
34379,0.001449,74.125.68.0-255,2902,88562,79,158874
34380,0.001452,172.31.40.0-255,66,88628,79,158874
34381,0.001487,74.125.68.0-255,2184,90812,79,158874
34382,0.00149,172.31.40.0-255,66,90878,79,158874
34383,0.001593,74.125.68.0-255,1484,92362,79,158874
34384,0.001598,74.125.68.0-255,2902,95264,79,158874
34385,0.001601,172.31.40.0-255,66,95330,79,158874
34386,0.001623,74.125.68.0-255,5738,101068,79,158874
34387,0.001626,172.31.40.0-255,66,101134,79,158874
34388,0.001661,172.31.40.0-255,66,101200,79,158874
34389,0.001667,74.125.68.0-255,7156,108356,79,158874
34390,0.001669,172.31.40.0-255,66,108422,79,158874
34391,0.001684,74.125.68.0-255,2902,111324,79,158874
34392,0.001686,172.31.40.0-255,66,111390,79,158874
34393,0.001692,74.125.68.0-255,5020,116410,79,158874
34394,0.001694,172.31.40.0-255,66,116476,79,158874
34395,0.00399,74.125.68.0-255,5738,122214,79,158874
34396,0.003996,172.31.40.0-255,66,122280,79,158874
34397,0.006306,74.125.68.0-255,5738,128018,79,158874
34398,0.006314,172.31.40.0-255,66,128084,79,158874
34399,0.008651,74.125.68.0-255,4320,132404,79,158874
34400,0.008658,172.31.40.0-255,66,132470,79,158874
34401,0.0087,74.125.68.0-255,1484,133954,79,158874
34402,0.01097,74.125.68.0-255,4320,138274,79,158874
34403,0.010978,172.31.40.0-255,66,138340,79,158874
34404,0.013302,74.125.68.0-255,5738,144078,79,158874
34405,0.013309,172.31.40.0-255,66,144144,79,158874
34406,0.015629,74.125.68.0-255,5738,149882,79,158874
34407,0.015636,172.31.40.0-255,66,149948,79,158874
34408,0.018,74.125.68.0-255,5738,155686,79,158874
34409,0.018007,172.31.40.0-255,66,155752,79,158874
34410,0.019562,172.31.40.0-255,167,155919,79,158874
34411,0.01959,172.31.40.0-255,1105,157024,79,158874
34412,0.019649,172.31.40.0-255,1514,158538,79,158874
34413,0.019651,172.31.40.0-255,336,158874,79,158874
34414,0.0,74.125.24.0-255,153,153,79,57133
34415,2.2e-05,172.31.40.0-255,66,219,79,57133
34416,3e-05,74.125.24.0-255,1484,1703,79,57133
34417,3.4e-05,172.31.40.0-255,66,1769,79,57133
34418,3.9e-05,74.125.24.0-255,2902,4671,79,57133
34419,4.2e-05,172.31.40.0-255,66,4737,79,57133
34420,4.9e-05,74.125.24.0-255,5738,10475,79,57133
34421,5.2e-05,172.31.40.0-255,66,10541,79,57133
34422,7.8e-05,74.125.24.0-255,3403,13944,79,57133
34423,8.1e-05,172.31.40.0-255,66,14010,79,57133
34424,0.004529,74.125.24.0-255,1484,15494,79,57133
34425,0.00454,172.31.40.0-255,66,15560,79,57133
34426,0.00455,74.125.24.0-255,2902,18462,79,57133
34427,0.004553,172.31.40.0-255,66,18528,79,57133
34428,0.004575,74.125.24.0-255,1484,20012,79,57133
34429,0.004578,172.31.40.0-255,66,20078,79,57133
34430,0.006858,74.125.24.0-255,4320,24398,79,57133
34431,0.006866,172.31.40.0-255,66,24464,79,57133
34432,0.006889,74.125.24.0-255,1484,25948,79,57133
34433,0.006891,172.31.40.0-255,66,26014,79,57133
34434,0.00917,74.125.24.0-255,4320,30334,79,57133
34435,0.009179,172.31.40.0-255,66,30400,79,57133
34436,0.009198,74.125.24.0-255,1484,31884,79,57133
34437,0.009201,172.31.40.0-255,66,31950,79,57133
34438,0.011495,74.125.24.0-255,5738,37688,79,57133
34439,0.011506,172.31.40.0-255,66,37754,79,57133
34440,0.01382,74.125.24.0-255,4320,42074,79,57133
34441,0.013829,172.31.40.0-255,66,42140,79,57133
34442,0.013851,74.125.24.0-255,1484,43624,79,57133
34443,0.013854,172.31.40.0-255,66,43690,79,57133
34444,0.015993,172.31.40.0-255,166,43856,79,57133
34445,0.016025,172.31.40.0-255,1129,44985,79,57133
34446,0.016085,172.31.40.0-255,1514,46499,79,57133
34447,0.016087,172.31.40.0-255,312,46811,79,57133
34448,0.016154,74.125.24.0-255,4320,51131,79,57133
34449,0.01616,172.31.40.0-255,66,51197,79,57133
34450,0.016178,74.125.24.0-255,1484,52681,79,57133
34451,0.018469,74.125.24.0-255,4320,57001,79,57133
34452,0.018475,172.31.40.0-255,66,57067,79,57133
34453,0.018494,104.244.42.0-255,66,57133,79,57133
34454,0.0,74.125.24.0-255,153,153,79,192906
34455,2.2e-05,172.31.40.0-255,66,219,79,192906
34456,3e-05,74.125.24.0-255,1484,1703,79,192906
34457,3.5e-05,172.31.40.0-255,66,1769,79,192906
34458,4.1e-05,74.125.24.0-255,2902,4671,79,192906
34459,4.5e-05,172.31.40.0-255,66,4737,79,192906
34460,5.2e-05,74.125.24.0-255,5738,10475,79,192906
34461,5.5e-05,172.31.40.0-255,66,10541,79,192906
34462,8.5e-05,74.125.24.0-255,6290,16831,79,192906
34463,8.8e-05,172.31.40.0-255,66,16897,79,192906
34464,9.6e-05,74.125.24.0-255,7156,24053,79,192906
34465,9.9e-05,172.31.40.0-255,66,24119,79,192906
34466,0.00012,74.125.24.0-255,4320,28439,79,192906
34467,0.000122,172.31.40.0-255,66,28505,79,192906
34468,0.00014,74.125.24.0-255,2543,31048,79,192906
34469,0.000143,172.31.40.0-255,66,31114,79,192906
34470,0.000179,74.125.24.0-255,1484,32598,79,192906
34471,0.000181,172.31.40.0-255,66,32664,79,192906
34472,0.000184,74.125.24.0-255,1484,34148,79,192906
34473,0.000186,172.31.40.0-255,66,34214,79,192906
34474,0.000204,74.125.24.0-255,1484,35698,79,192906
34475,0.000207,172.31.40.0-255,66,35764,79,192906
34476,0.000214,74.125.24.0-255,5738,41502,79,192906
34477,0.000216,172.31.40.0-255,66,41568,79,192906
34478,0.000243,74.125.24.0-255,6797,48365,79,192906
34479,0.000246,172.31.40.0-255,66,48431,79,192906
34480,0.000251,74.125.24.0-255,4320,52751,79,192906
34481,0.000253,172.31.40.0-255,66,52817,79,192906
34482,0.000291,172.31.40.0-255,66,52883,79,192906
34483,0.000295,74.125.24.0-255,2818,55701,79,192906
34484,0.000297,172.31.40.0-255,66,55767,79,192906
34485,0.0003,74.125.24.0-255,132,55899,79,192906
34486,0.000328,74.125.24.0-255,1484,57383,79,192906
34487,0.000331,172.31.40.0-255,66,57449,79,192906
34488,0.00035,74.125.24.0-255,2902,60351,79,192906
34489,0.000352,172.31.40.0-255,66,60417,79,192906
34490,0.000359,74.125.24.0-255,5738,66155,79,192906
34491,0.000361,172.31.40.0-255,66,66221,79,192906
34492,0.000381,74.125.24.0-255,1484,67705,79,192906
34493,0.000388,74.125.24.0-255,5379,73084,79,192906
34494,0.00039,172.31.40.0-255,66,73150,79,192906
34495,0.000415,74.125.24.0-255,2902,76052,79,192906
34496,0.000417,172.31.40.0-255,66,76118,79,192906
34497,0.000446,172.31.40.0-255,66,76184,79,192906
34498,0.000474,74.125.24.0-255,2543,78727,79,192906
34499,0.000477,172.31.40.0-255,66,78793,79,192906
34500,0.000566,74.125.24.0-255,1484,80277,79,192906
34501,0.000571,74.125.24.0-255,2902,83179,79,192906
34502,0.000574,172.31.40.0-255,66,83245,79,192906
34503,0.000588,74.125.24.0-255,2902,86147,79,192906
34504,0.00059,172.31.40.0-255,66,86213,79,192906
34505,0.000613,74.125.24.0-255,2902,89115,79,192906
34506,0.000616,172.31.40.0-255,66,89181,79,192906
34507,0.00063,172.31.40.0-255,66,89247,79,192906
34508,0.000641,172.31.40.0-255,66,89313,79,192906
34509,0.000692,74.125.24.0-255,4320,93633,79,192906
34510,0.000695,172.31.40.0-255,66,93699,79,192906
34511,0.000766,172.31.40.0-255,66,93765,79,192906
34512,0.000779,172.31.40.0-255,66,93831,79,192906
34513,0.000843,74.125.24.0-255,1484,95315,79,192906
34514,0.000861,74.125.24.0-255,2902,98217,79,192906
34515,0.000864,172.31.40.0-255,66,98283,79,192906
34516,0.000878,74.125.24.0-255,5738,104021,79,192906
34517,0.000881,172.31.40.0-255,66,104087,79,192906
34518,0.000884,74.125.24.0-255,1484,105571,79,192906
34519,0.000912,74.125.24.0-255,5738,111309,79,192906
34520,0.000915,172.31.40.0-255,66,111375,79,192906
34521,0.00093,172.31.40.0-255,66,111441,79,192906
34522,0.000934,74.125.24.0-255,2184,113625,79,192906
34523,0.000936,172.31.40.0-255,66,113691,79,192906
34524,0.001043,74.125.24.0-255,1484,115175,79,192906
34525,0.001061,74.125.24.0-255,2902,118077,79,192906
34526,0.001065,172.31.40.0-255,66,118143,79,192906
34527,0.00107,74.125.24.0-255,4320,122463,79,192906
34528,0.001072,172.31.40.0-255,66,122529,79,192906
34529,0.001091,74.125.24.0-255,1484,124013,79,192906
34530,0.001098,74.125.24.0-255,6797,130810,79,192906
34531,0.001101,172.31.40.0-255,66,130876,79,192906
34532,0.001115,74.125.24.0-255,4320,135196,79,192906
34533,0.001117,172.31.40.0-255,66,135262,79,192906
34534,0.001155,74.125.24.0-255,5738,141000,79,192906
34535,0.001159,172.31.40.0-255,66,141066,79,192906
34536,0.001163,172.31.40.0-255,66,141132,79,192906
34537,0.001203,74.125.24.0-255,5738,146870,79,192906
34538,0.001216,172.31.40.0-255,66,146936,79,192906
34539,0.001241,172.31.40.0-255,66,147002,79,192906
34540,0.001261,74.125.24.0-255,1484,148486,79,192906
34541,0.001266,74.125.24.0-255,2902,151388,79,192906
34542,0.001279,74.125.24.0-255,5738,157126,79,192906
34543,0.001288,172.31.40.0-255,66,157192,79,192906
34544,0.00131,74.125.24.0-255,7156,164348,79,192906
34545,0.001316,74.125.24.0-255,5738,170086,79,192906
34546,0.001324,172.31.40.0-255,66,170152,79,192906
34547,0.001343,74.125.24.0-255,1484,171636,79,192906
34548,0.001355,172.31.40.0-255,66,171702,79,192906
34549,0.001422,74.125.24.0-255,2902,174604,79,192906
34550,0.001478,172.31.40.0-255,66,174670,79,192906
34551,0.001482,74.125.24.0-255,2184,176854,79,192906
34552,0.001502,172.31.40.0-255,66,176920,79,192906
34553,0.001507,74.125.24.0-255,4320,181240,79,192906
34554,0.001519,74.125.24.0-255,4320,185560,79,192906
34555,0.001557,172.31.40.0-255,66,185626,79,192906
34556,0.001582,74.125.24.0-255,4320,189946,79,192906
34557,0.0016,74.125.24.0-255,2618,192564,79,192906
34558,0.001613,74.125.24.0-255,105,192669,79,192906
34559,0.001628,172.31.40.0-255,66,192735,79,192906
34560,0.012907,172.31.40.0-255,105,192840,79,192906
34561,0.015142,74.125.24.0-255,66,192906,79,192906
34562,0.0,74.125.24.0-255,153,153,79,243235
34563,1.6e-05,172.31.40.0-255,66,219,79,243235
34564,2.3e-05,74.125.24.0-255,1484,1703,79,243235
34565,2.7e-05,172.31.40.0-255,66,1769,79,243235
34566,3.3e-05,74.125.24.0-255,2902,4671,79,243235
34567,4.4e-05,172.31.40.0-255,66,4737,79,243235
34568,5.2e-05,74.125.24.0-255,7156,11893,79,243235
34569,5.6e-05,172.31.40.0-255,66,11959,79,243235
34570,9.6e-05,172.31.40.0-255,66,12025,79,243235
34571,0.000139,74.125.24.0-255,4870,16895,79,243235
34572,0.000142,172.31.40.0-255,66,16961,79,243235
34573,0.000147,74.125.24.0-255,2543,19504,79,243235
34574,0.00015,172.31.40.0-255,66,19570,79,243235
34575,0.000371,74.125.24.0-255,1484,21054,79,243235
34576,0.000377,172.31.40.0-255,66,21120,79,243235
34577,0.000383,74.125.24.0-255,2902,24022,79,243235
34578,0.000386,172.31.40.0-255,66,24088,79,243235
34579,0.00042,74.125.24.0-255,2902,26990,79,243235
34580,0.000423,172.31.40.0-255,66,27056,79,243235
34581,0.000435,74.125.24.0-255,7156,34212,79,243235
34582,0.000437,172.31.40.0-255,66,34278,79,243235
34583,0.000466,74.125.24.0-255,2543,36821,79,243235
34584,0.000469,172.31.40.0-255,66,36887,79,243235
34585,0.000474,74.125.24.0-255,2902,39789,79,243235
34586,0.000476,172.31.40.0-255,66,39855,79,243235
34587,0.000503,74.125.24.0-255,2902,42757,79,243235
34588,0.000506,172.31.40.0-255,66,42823,79,243235
34589,0.000512,74.125.24.0-255,4320,47143,79,243235
34590,0.000515,172.31.40.0-255,66,47209,79,243235
34591,0.00054,74.125.24.0-255,2902,50111,79,243235
34592,0.000543,172.31.40.0-255,66,50177,79,243235
34593,0.00057,74.125.24.0-255,4238,54415,79,243235
34594,0.000573,172.31.40.0-255,66,54481,79,243235
34595,0.000949,74.125.24.0-255,377,54858,79,243235
34596,0.001093,74.125.24.0-255,1484,56342,79,243235
34597,0.001098,172.31.40.0-255,66,56408,79,243235
34598,0.001104,74.125.24.0-255,2902,59310,79,243235
34599,0.001106,172.31.40.0-255,66,59376,79,243235
34600,0.001112,74.125.24.0-255,5738,65114,79,243235
34601,0.00112,172.31.40.0-255,66,65180,79,243235
34602,0.001168,172.31.40.0-255,66,65246,79,243235
34603,0.001174,74.125.24.0-255,5738,70984,79,243235
34604,0.001177,172.31.40.0-255,66,71050,79,243235
34605,0.001229,74.125.24.0-255,5020,76070,79,243235
34606,0.001232,172.31.40.0-255,66,76136,79,243235
34607,0.001398,74.125.24.0-255,1484,77620,79,243235
34608,0.001426,74.125.24.0-255,2902,80522,79,243235
34609,0.001433,74.125.24.0-255,5738,86260,79,243235
34610,0.001437,172.31.40.0-255,66,86326,79,243235
34611,0.001441,172.31.40.0-255,66,86392,79,243235
34612,0.001483,172.31.40.0-255,66,86458,79,243235
34613,0.001517,74.125.24.0-255,1484,87942,79,243235
34614,0.001537,172.31.40.0-255,66,88008,79,243235
34615,0.001543,74.125.24.0-255,4320,92328,79,243235
34616,0.001545,172.31.40.0-255,66,92394,79,243235
34617,0.001551,74.125.24.0-255,5738,98132,79,243235
34618,0.001554,172.31.40.0-255,66,98198,79,243235
34619,0.001567,172.31.40.0-255,66,98264,79,243235
34620,0.001571,74.125.24.0-255,2902,101166,79,243235
34621,0.001573,172.31.40.0-255,66,101232,79,243235
34622,0.001638,172.31.40.0-255,66,101298,79,243235
34623,0.001746,74.125.24.0-255,1484,102782,79,243235
34624,0.00177,74.125.24.0-255,2902,105684,79,243235
34625,0.001774,172.31.40.0-255,66,105750,79,243235
34626,0.001794,74.125.24.0-255,2902,108652,79,243235
34627,0.001801,172.31.40.0-255,66,108718,79,243235
34628,0.001824,74.125.24.0-255,2902,111620,79,243235
34629,0.001827,172.31.40.0-255,66,111686,79,243235
34630,0.001837,172.31.40.0-255,66,111752,79,243235
34631,0.001842,74.125.24.0-255,2902,114654,79,243235
34632,0.001844,172.31.40.0-255,66,114720,79,243235
34633,0.001881,74.125.24.0-255,7156,121876,79,243235
34634,0.001885,172.31.40.0-255,66,121942,79,243235
34635,0.001891,74.125.24.0-255,5020,126962,79,243235
34636,0.001894,172.31.40.0-255,66,127028,79,243235
34637,0.002137,74.125.24.0-255,1484,128512,79,243235
34638,0.002145,74.125.24.0-255,2902,131414,79,243235
34639,0.002149,172.31.40.0-255,66,131480,79,243235
34640,0.002156,74.125.24.0-255,4320,135800,79,243235
34641,0.002158,172.31.40.0-255,66,135866,79,243235
34642,0.00218,74.125.24.0-255,1484,137350,79,243235
34643,0.002186,74.125.24.0-255,4320,141670,79,243235
34644,0.002193,172.31.40.0-255,66,141736,79,243235
34645,0.002207,172.31.40.0-255,66,141802,79,243235
34646,0.00225,172.31.40.0-255,66,141868,79,243235
34647,0.002262,172.31.40.0-255,66,141934,79,243235
34648,0.002291,74.125.24.0-255,4320,146254,79,243235
34649,0.002293,172.31.40.0-255,66,146320,79,243235
34650,0.002315,172.31.40.0-255,66,146386,79,243235
34651,0.002362,74.125.24.0-255,1484,147870,79,243235
34652,0.002366,74.125.24.0-255,1484,149354,79,243235
34653,0.002368,172.31.40.0-255,66,149420,79,243235
34654,0.002375,74.125.24.0-255,4320,153740,79,243235
34655,0.002377,172.31.40.0-255,66,153806,79,243235
34656,0.002382,74.125.24.0-255,4320,158126,79,243235
34657,0.002387,172.31.40.0-255,66,158192,79,243235
34658,0.002411,74.125.24.0-255,1484,159676,79,243235
34659,0.002418,74.125.24.0-255,7156,166832,79,243235
34660,0.002421,172.31.40.0-255,66,166898,79,243235
34661,0.002452,74.125.24.0-255,4320,171218,79,243235
34662,0.002455,172.31.40.0-255,66,171284,79,243235
34663,0.002458,74.125.24.0-255,1484,172768,79,243235
34664,0.002469,172.31.40.0-255,66,172834,79,243235
34665,0.002508,74.125.24.0-255,1484,174318,79,243235
34666,0.002523,74.125.24.0-255,2902,177220,79,243235
34667,0.002525,172.31.40.0-255,66,177286,79,243235
34668,0.002557,74.125.24.0-255,5738,183024,79,243235
34669,0.00256,172.31.40.0-255,66,183090,79,243235
34670,0.002575,74.125.24.0-255,4320,187410,79,243235
34671,0.002578,172.31.40.0-255,66,187476,79,243235
34672,0.002629,172.31.40.0-255,66,187542,79,243235
34673,0.002632,74.125.24.0-255,1484,189026,79,243235
34674,0.002646,172.31.40.0-255,66,189092,79,243235
34675,0.002648,74.125.24.0-255,1484,190576,79,243235
34676,0.002651,74.125.24.0-255,1484,192060,79,243235
34677,0.002653,172.31.40.0-255,66,192126,79,243235
34678,0.002709,172.31.40.0-255,66,192192,79,243235
34679,0.002712,74.125.24.0-255,1484,193676,79,243235
34680,0.002721,172.31.40.0-255,66,193742,79,243235
34681,0.002742,74.125.24.0-255,2902,196644,79,243235
34682,0.002744,172.31.40.0-255,66,196710,79,243235
34683,0.002751,74.125.24.0-255,2902,199612,79,243235
34684,0.002753,172.31.40.0-255,66,199678,79,243235
34685,0.002758,74.125.24.0-255,5020,204698,79,243235
34686,0.00276,172.31.40.0-255,66,204764,79,243235
34687,0.002816,74.125.24.0-255,2902,207666,79,243235
34688,0.00282,172.31.40.0-255,66,207732,79,243235
34689,0.002848,74.125.24.0-255,1484,209216,79,243235
34690,0.002855,74.125.24.0-255,5738,214954,79,243235
34691,0.002857,172.31.40.0-255,66,215020,79,243235
34692,0.00286,74.125.24.0-255,1484,216504,79,243235
34693,0.002878,74.125.24.0-255,2902,219406,79,243235
34694,0.002881,172.31.40.0-255,66,219472,79,243235
34695,0.002916,74.125.24.0-255,5738,225210,79,243235
34696,0.002919,172.31.40.0-255,66,225276,79,243235
34697,0.00293,172.31.40.0-255,66,225342,79,243235
34698,0.002937,74.125.24.0-255,3602,228944,79,243235
34699,0.002939,172.31.40.0-255,66,229010,79,243235
34700,0.002963,74.125.24.0-255,4320,233330,79,243235
34701,0.002965,172.31.40.0-255,66,233396,79,243235
34702,0.003012,74.125.24.0-255,7156,240552,79,243235
34703,0.003015,172.31.40.0-255,66,240618,79,243235
34704,0.003025,172.31.40.0-255,66,240684,79,243235
34705,0.003029,74.125.24.0-255,2143,242827,79,243235
34706,0.00303,172.31.40.0-255,66,242893,79,243235
34707,0.003086,74.125.24.0-255,105,242998,79,243235
34708,0.00861,172.31.40.0-255,66,243064,79,243235
34709,0.008645,172.31.40.0-255,105,243169,79,243235
34710,0.010879,74.125.24.0-255,66,243235,79,243235
34711,0.0,74.125.130.0-255,143,143,79,290667
34712,2.6e-05,172.31.40.0-255,66,209,79,290667
34713,3.4e-05,74.125.130.0-255,1484,1693,79,290667
34714,3.8e-05,172.31.40.0-255,66,1759,79,290667
34715,4.4e-05,74.125.130.0-255,2902,4661,79,290667
34716,5.5e-05,172.31.40.0-255,66,4727,79,290667
34717,6.1e-05,74.125.130.0-255,4320,9047,79,290667
34718,6.3e-05,172.31.40.0-255,66,9113,79,290667
34719,0.000105,74.125.130.0-255,4903,14016,79,290667
34720,0.000108,172.31.40.0-255,66,14082,79,290667
34721,0.000164,74.125.130.0-255,1484,15566,79,290667
34722,0.000166,172.31.40.0-255,66,15632,79,290667
34723,0.000179,74.125.130.0-255,2902,18534,79,290667
34724,0.000186,172.31.40.0-255,66,18600,79,290667
34725,0.000189,74.125.130.0-255,1484,20084,79,290667
34726,0.000191,172.31.40.0-255,66,20150,79,290667
34727,0.000195,74.125.130.0-255,2902,23052,79,290667
34728,0.000197,172.31.40.0-255,66,23118,79,290667
34729,0.000228,74.125.130.0-255,5738,28856,79,290667
34730,0.000234,172.31.40.0-255,66,28922,79,290667
34731,0.000239,74.125.130.0-255,2543,31465,79,290667
34732,0.000241,172.31.40.0-255,66,31531,79,290667
34733,0.000272,74.125.130.0-255,2902,34433,79,290667
34734,0.000274,172.31.40.0-255,66,34499,79,290667
34735,0.000278,74.125.130.0-255,1484,35983,79,290667
34736,0.000279,172.31.40.0-255,66,36049,79,290667
34737,0.000305,74.125.130.0-255,5738,41787,79,290667
34738,0.000312,172.31.40.0-255,66,41853,79,290667
34739,0.000353,74.125.130.0-255,6797,48650,79,290667
34740,0.000355,172.31.40.0-255,66,48716,79,290667
34741,0.000395,74.125.130.0-255,1484,50200,79,290667
34742,0.000398,172.31.40.0-255,66,50266,79,290667
34743,0.000416,74.125.130.0-255,2902,53168,79,290667
34744,0.000419,172.31.40.0-255,66,53234,79,290667
34745,0.000427,74.125.130.0-255,2902,56136,79,290667
34746,0.000429,172.31.40.0-255,66,56202,79,290667
34747,0.000461,74.125.130.0-255,2902,59104,79,290667
34748,0.000464,172.31.40.0-255,66,59170,79,290667
34749,0.000467,74.125.130.0-255,1484,60654,79,290667
34750,0.000473,74.125.130.0-255,2902,63556,79,290667
34751,0.00048,172.31.40.0-255,66,63622,79,290667
34752,0.000485,74.125.130.0-255,2543,66165,79,290667
34753,0.000487,172.31.40.0-255,66,66231,79,290667
34754,0.000531,74.125.130.0-255,646,66877,79,290667
34755,0.000547,74.125.130.0-255,1484,68361,79,290667
34756,0.00055,172.31.40.0-255,66,68427,79,290667
34757,0.000575,74.125.130.0-255,4320,72747,79,290667
34758,0.000578,172.31.40.0-255,66,72813,79,290667
34759,0.000598,74.125.130.0-255,7156,79969,79,290667
34760,0.000601,172.31.40.0-255,66,80035,79,290667
34761,0.00063,74.125.130.0-255,2902,82937,79,290667
34762,0.000632,172.31.40.0-255,66,83003,79,290667
34763,0.000635,74.125.130.0-255,1125,84128,79,290667
34764,0.000663,74.125.130.0-255,1484,85612,79,290667
34765,0.000665,172.31.40.0-255,66,85678,79,290667
34766,0.000684,74.125.130.0-255,4320,89998,79,290667
34767,0.000687,172.31.40.0-255,66,90064,79,290667
34768,0.00069,74.125.130.0-255,1484,91548,79,290667
34769,0.000711,74.125.130.0-255,2902,94450,79,290667
34770,0.000713,172.31.40.0-255,66,94516,79,290667
34771,0.00072,74.125.130.0-255,5738,100254,79,290667
34772,0.000722,172.31.40.0-255,66,100320,79,290667
34773,0.000755,74.125.130.0-255,1125,101445,79,290667
34774,0.000855,74.125.130.0-255,1484,102929,79,290667
34775,0.000859,172.31.40.0-255,66,102995,79,290667
34776,0.000864,74.125.130.0-255,2902,105897,79,290667
34777,0.000867,172.31.40.0-255,66,105963,79,290667
34778,0.000902,74.125.130.0-255,5738,111701,79,290667
34779,0.000905,172.31.40.0-255,66,111767,79,290667
34780,0.000908,74.125.130.0-255,1484,113251,79,290667
34781,0.000913,74.125.130.0-255,2902,116153,79,290667
34782,0.000915,172.31.40.0-255,66,116219,79,290667
34783,0.00095,74.125.130.0-255,2902,119121,79,290667
34784,0.000953,172.31.40.0-255,66,119187,79,290667
34785,0.000977,74.125.130.0-255,2902,122089,79,290667
34786,0.00098,172.31.40.0-255,66,122155,79,290667
34787,0.000988,74.125.130.0-255,7156,129311,79,290667
34788,0.00099,172.31.40.0-255,66,129377,79,290667
34789,0.001002,74.125.130.0-255,6438,135815,79,290667
34790,0.001005,172.31.40.0-255,66,135881,79,290667
34791,0.001113,74.125.130.0-255,1484,137365,79,290667
34792,0.00112,74.125.130.0-255,2902,140267,79,290667
34793,0.001123,172.31.40.0-255,66,140333,79,290667
34794,0.001153,74.125.130.0-255,5738,146071,79,290667
34795,0.001157,172.31.40.0-255,66,146137,79,290667
34796,0.001161,74.125.130.0-255,2902,149039,79,290667
34797,0.001164,172.31.40.0-255,66,149105,79,290667
34798,0.001168,74.125.130.0-255,2902,152007,79,290667
34799,0.001175,172.31.40.0-255,66,152073,79,290667
34800,0.001202,74.125.130.0-255,1484,153557,79,290667
34801,0.00121,74.125.130.0-255,7156,160713,79,290667
34802,0.001213,172.31.40.0-255,66,160779,79,290667
34803,0.001251,172.31.40.0-255,66,160845,79,290667
34804,0.001254,74.125.130.0-255,766,161611,79,290667
34805,0.001317,74.125.130.0-255,1484,163095,79,290667
34806,0.001322,172.31.40.0-255,66,163161,79,290667
34807,0.001325,74.125.130.0-255,1484,164645,79,290667
34808,0.001347,74.125.130.0-255,1484,166129,79,290667
34809,0.00135,172.31.40.0-255,66,166195,79,290667
34810,0.001356,74.125.130.0-255,5738,171933,79,290667
34811,0.001359,172.31.40.0-255,66,171999,79,290667
34812,0.001363,74.125.130.0-255,2902,174901,79,290667
34813,0.001365,172.31.40.0-255,66,174967,79,290667
34814,0.001371,74.125.130.0-255,4320,179287,79,290667
34815,0.001373,172.31.40.0-255,66,179353,79,290667
34816,0.001411,172.31.40.0-255,66,179419,79,290667
34817,0.001415,74.125.130.0-255,2902,182321,79,290667
34818,0.001417,172.31.40.0-255,66,182387,79,290667
34819,0.001462,74.125.130.0-255,5020,187407,79,290667
34820,0.001466,172.31.40.0-255,66,187473,79,290667
34821,0.001696,74.125.130.0-255,1484,188957,79,290667
34822,0.001703,74.125.130.0-255,2902,191859,79,290667
34823,0.001706,172.31.40.0-255,66,191925,79,290667
34824,0.00171,74.125.130.0-255,1484,193409,79,290667
34825,0.00174,74.125.130.0-255,2902,196311,79,290667
34826,0.001742,172.31.40.0-255,66,196377,79,290667
34827,0.001749,74.125.130.0-255,5738,202115,79,290667
34828,0.001751,172.31.40.0-255,66,202181,79,290667
34829,0.001788,74.125.130.0-255,7156,209337,79,290667
34830,0.00179,172.31.40.0-255,66,209403,79,290667
34831,0.001818,74.125.130.0-255,2902,212305,79,290667
34832,0.001831,172.31.40.0-255,66,212371,79,290667
34833,0.001838,172.31.40.0-255,66,212437,79,290667
34834,0.001886,74.125.130.0-255,1484,213921,79,290667
34835,0.001902,74.125.130.0-255,2902,216823,79,290667
34836,0.001904,172.31.40.0-255,66,216889,79,290667
34837,0.00191,74.125.130.0-255,4320,221209,79,290667
34838,0.001912,172.31.40.0-255,66,221275,79,290667
34839,0.00195,74.125.130.0-255,5738,227013,79,290667
34840,0.001954,172.31.40.0-255,66,227079,79,290667
34841,0.00202,74.125.130.0-255,7156,234235,79,290667
34842,0.002024,172.31.40.0-255,66,234301,79,290667
34843,0.002035,172.31.40.0-255,66,234367,79,290667
34844,0.002043,74.125.130.0-255,2902,237269,79,290667
34845,0.002045,172.31.40.0-255,66,237335,79,290667
34846,0.002048,74.125.130.0-255,766,238101,79,290667
34847,0.002233,74.125.130.0-255,1484,239585,79,290667
34848,0.002237,172.31.40.0-255,66,239651,79,290667
34849,0.002268,74.125.130.0-255,2902,242553,79,290667
34850,0.00227,172.31.40.0-255,66,242619,79,290667
34851,0.002275,74.125.130.0-255,2902,245521,79,290667
34852,0.002277,172.31.40.0-255,66,245587,79,290667
34853,0.002283,74.125.130.0-255,4320,249907,79,290667
34854,0.00229,172.31.40.0-255,66,249973,79,290667
34855,0.004527,74.125.130.0-255,1484,251457,79,290667
34856,0.004558,74.125.130.0-255,4320,255777,79,290667
34857,0.004564,172.31.40.0-255,66,255843,79,290667
34858,0.006823,74.125.130.0-255,5738,261581,79,290667
34859,0.006827,172.31.40.0-255,66,261647,79,290667
34860,0.009103,74.125.130.0-255,5738,267385,79,290667
34861,0.009118,172.31.40.0-255,66,267451,79,290667
34862,0.011395,74.125.130.0-255,5738,273189,79,290667
34863,0.011412,172.31.40.0-255,66,273255,79,290667
34864,0.013701,74.125.130.0-255,5738,278993,79,290667
34865,0.013723,172.31.40.0-255,66,279059,79,290667
34866,0.015998,74.125.130.0-255,5738,284797,79,290667
34867,0.016013,172.31.40.0-255,66,284863,79,290667
34868,0.018286,74.125.130.0-255,5738,290601,79,290667
34869,0.018303,172.31.40.0-255,66,290667,79,290667
34870,0.0,172.217.194.0-255,153,153,79,202797
34871,2.5e-05,172.31.40.0-255,66,219,79,202797
34872,3.2e-05,172.217.194.0-255,1484,1703,79,202797
34873,3.7e-05,172.31.40.0-255,66,1769,79,202797
34874,4.3e-05,172.217.194.0-255,2902,4671,79,202797
34875,4.7e-05,172.31.40.0-255,66,4737,79,202797
34876,5.5e-05,172.217.194.0-255,7156,11893,79,202797
34877,5.9e-05,172.31.40.0-255,66,11959,79,202797
34878,6.4e-05,172.217.194.0-255,4320,16279,79,202797
34879,6.8e-05,172.31.40.0-255,66,16345,79,202797
34880,0.000105,172.31.40.0-255,66,16411,79,202797
34881,0.000112,172.217.194.0-255,5379,21790,79,202797
34882,0.000114,172.31.40.0-255,66,21856,79,202797
34883,0.00012,172.217.194.0-255,5738,27594,79,202797
34884,0.000122,172.31.40.0-255,66,27660,79,202797
34885,0.000159,172.217.194.0-255,4320,31980,79,202797
34886,0.000162,172.31.40.0-255,66,32046,79,202797
34887,0.000187,172.217.194.0-255,6797,38843,79,202797
34888,0.000189,172.31.40.0-255,66,38909,79,202797
34889,0.000443,172.217.194.0-255,1484,40393,79,202797
34890,0.000447,172.31.40.0-255,66,40459,79,202797
34891,0.000453,172.217.194.0-255,2902,43361,79,202797
34892,0.000456,172.31.40.0-255,66,43427,79,202797
34893,0.000461,172.217.194.0-255,2902,46329,79,202797
34894,0.000463,172.31.40.0-255,66,46395,79,202797
34895,0.000485,172.217.194.0-255,2902,49297,79,202797
34896,0.000488,172.31.40.0-255,66,49363,79,202797
34897,0.000491,172.217.194.0-255,1484,50847,79,202797
34898,0.000494,172.31.40.0-255,66,50913,79,202797
34899,0.000527,172.217.194.0-255,5379,56292,79,202797
34900,0.00053,172.31.40.0-255,66,56358,79,202797
34901,0.000562,172.217.194.0-255,4320,60678,79,202797
34902,0.000567,172.31.40.0-255,66,60744,79,202797
34903,0.000584,172.217.194.0-255,5738,66482,79,202797
34904,0.000587,172.31.40.0-255,66,66548,79,202797
34905,0.000622,172.217.194.0-255,1484,68032,79,202797
34906,0.000644,172.217.194.0-255,5379,73411,79,202797
34907,0.000648,172.31.40.0-255,66,73477,79,202797
34908,0.000655,172.217.194.0-255,7156,80633,79,202797
34909,0.000658,172.31.40.0-255,66,80699,79,202797
34910,0.000694,172.31.40.0-255,66,80765,79,202797
34911,0.000828,172.217.194.0-255,1484,82249,79,202797
34912,0.000835,172.217.194.0-255,2902,85151,79,202797
34913,0.000838,172.31.40.0-255,66,85217,79,202797
34914,0.00087,172.217.194.0-255,2902,88119,79,202797
34915,0.000872,172.31.40.0-255,66,88185,79,202797
34916,0.000893,172.217.194.0-255,2902,91087,79,202797
34917,0.000895,172.31.40.0-255,66,91153,79,202797
34918,0.00091,172.31.40.0-255,66,91219,79,202797
34919,0.000914,172.217.194.0-255,2902,94121,79,202797
34920,0.000917,172.31.40.0-255,66,94187,79,202797
34921,0.00092,172.217.194.0-255,1484,95671,79,202797
34922,0.000949,172.217.194.0-255,6438,102109,79,202797
34923,0.000952,172.31.40.0-255,66,102175,79,202797
34924,0.001094,172.217.194.0-255,1484,103659,79,202797
34925,0.001111,172.217.194.0-255,2902,106561,79,202797
34926,0.001115,172.31.40.0-255,66,106627,79,202797
34927,0.00112,172.217.194.0-255,2902,109529,79,202797
34928,0.001123,172.31.40.0-255,66,109595,79,202797
34929,0.001139,172.217.194.0-255,2902,112497,79,202797
34930,0.001141,172.31.40.0-255,66,112563,79,202797
34931,0.001153,172.31.40.0-255,66,112629,79,202797
34932,0.001183,172.217.194.0-255,5738,118367,79,202797
34933,0.001186,172.31.40.0-255,66,118433,79,202797
34934,0.001214,172.31.40.0-255,66,118499,79,202797
34935,0.001425,172.217.194.0-255,1484,119983,79,202797
34936,0.001443,172.217.194.0-255,2902,122885,79,202797
34937,0.001447,172.31.40.0-255,66,122951,79,202797
34938,0.001454,172.217.194.0-255,5738,128689,79,202797
34939,0.001456,172.31.40.0-255,66,128755,79,202797
34940,0.001478,172.31.40.0-255,66,128821,79,202797
34941,0.001504,172.217.194.0-255,4320,133141,79,202797
34942,0.001507,172.31.40.0-255,66,133207,79,202797
34943,0.00152,172.31.40.0-255,66,133273,79,202797
34944,0.001648,172.217.194.0-255,1484,134757,79,202797
34945,0.001654,172.217.194.0-255,2902,137659,79,202797
34946,0.001656,172.31.40.0-255,66,137725,79,202797
34947,0.001682,172.217.194.0-255,5738,143463,79,202797
34948,0.001684,172.31.40.0-255,66,143529,79,202797
34949,0.001696,172.31.40.0-255,66,143595,79,202797
34950,0.001713,172.217.194.0-255,1484,145079,79,202797
34951,0.00174,172.217.194.0-255,1484,146563,79,202797
34952,0.001742,172.31.40.0-255,66,146629,79,202797
34953,0.001773,172.31.40.0-255,66,146695,79,202797
34954,0.001776,172.217.194.0-255,1484,148179,79,202797
34955,0.00178,172.217.194.0-255,2902,151081,79,202797
34956,0.001782,172.31.40.0-255,66,151147,79,202797
34957,0.001838,172.31.40.0-255,66,151213,79,202797
34958,0.001846,172.217.194.0-255,6438,157651,79,202797
34959,0.001848,172.31.40.0-255,66,157717,79,202797
34960,0.00392,172.217.194.0-255,5738,163455,79,202797
34961,0.003933,172.31.40.0-255,66,163521,79,202797
34962,0.005983,172.217.194.0-255,4320,167841,79,202797
34963,0.005986,172.31.40.0-255,66,167907,79,202797
34964,0.006005,172.217.194.0-255,1484,169391,79,202797
34965,0.008008,172.217.194.0-255,4320,173711,79,202797
34966,0.008016,172.31.40.0-255,66,173777,79,202797
34967,0.010083,172.217.194.0-255,5738,179515,79,202797
34968,0.010091,172.31.40.0-255,66,179581,79,202797
34969,0.012121,172.217.194.0-255,5738,185319,79,202797
34970,0.012138,172.31.40.0-255,66,185385,79,202797
34971,0.014219,172.217.194.0-255,5738,191123,79,202797
34972,0.014239,172.31.40.0-255,66,191189,79,202797
34973,0.016301,172.217.194.0-255,5738,196927,79,202797
34974,0.016319,172.31.40.0-255,66,196993,79,202797
34975,0.018378,172.217.194.0-255,5738,202731,79,202797
34976,0.018396,172.31.40.0-255,66,202797,79,202797
34977,0.0,172.217.194.0-255,291,291,79,221476
34978,2.3e-05,172.31.40.0-255,66,357,79,221476
34979,3e-05,172.217.194.0-255,1484,1841,79,221476
34980,3.5e-05,172.31.40.0-255,66,1907,79,221476
34981,4.2e-05,172.217.194.0-255,4320,6227,79,221476
34982,4.6e-05,172.31.40.0-255,66,6293,79,221476
34983,5.9e-05,172.31.40.0-255,66,6359,79,221476
34984,0.000125,172.31.40.0-255,66,6425,79,221476
34985,0.00013,172.217.194.0-255,3961,10386,79,221476
34986,0.000132,172.31.40.0-255,66,10452,79,221476
34987,0.000147,172.217.194.0-255,2902,13354,79,221476
34988,0.000151,172.31.40.0-255,66,13420,79,221476
34989,0.000166,172.217.194.0-255,1484,14904,79,221476
34990,0.000168,172.31.40.0-255,66,14970,79,221476
34991,0.000174,172.217.194.0-255,5738,20708,79,221476
34992,0.000177,172.31.40.0-255,66,20774,79,221476
34993,0.000227,172.31.40.0-255,66,20840,79,221476
34994,0.000247,172.217.194.0-255,2543,23383,79,221476
34995,0.000249,172.31.40.0-255,66,23449,79,221476
34996,0.00026,172.31.40.0-255,66,23515,79,221476
34997,0.000264,172.217.194.0-255,1484,24999,79,221476
34998,0.000266,172.31.40.0-255,66,25065,79,221476
34999,0.000287,172.217.194.0-255,1448,26513,79,221476
35000,0.00029,172.31.40.0-255,66,26579,79,221476
35001,0.000388,172.217.194.0-255,1484,28063,79,221476
35002,0.000391,172.31.40.0-255,66,28129,79,221476
35003,0.000396,172.217.194.0-255,2902,31031,79,221476
35004,0.000399,172.31.40.0-255,66,31097,79,221476
35005,0.000436,172.217.194.0-255,5738,36835,79,221476
35006,0.00044,172.31.40.0-255,66,36901,79,221476
35007,0.000447,172.217.194.0-255,6797,43698,79,221476
35008,0.00045,172.31.40.0-255,66,43764,79,221476
35009,0.000453,172.217.194.0-255,1484,45248,79,221476
35010,0.000486,172.31.40.0-255,66,45314,79,221476
35011,0.00049,172.217.194.0-255,2543,47857,79,221476
35012,0.000492,172.31.40.0-255,66,47923,79,221476
35013,0.000627,172.217.194.0-255,1484,49407,79,221476
35014,0.000634,172.217.194.0-255,2902,52309,79,221476
35015,0.000637,172.31.40.0-255,66,52375,79,221476
35016,0.000684,172.217.194.0-255,5738,58113,79,221476
35017,0.000687,172.31.40.0-255,66,58179,79,221476
35018,0.000701,172.31.40.0-255,66,58245,79,221476
35019,0.000712,172.31.40.0-255,66,58311,79,221476
35020,0.000747,172.217.194.0-255,5738,64049,79,221476
35021,0.00075,172.31.40.0-255,66,64115,79,221476
35022,0.000785,172.31.40.0-255,66,64181,79,221476
35023,0.000792,172.217.194.0-255,7156,71337,79,221476
35024,0.000794,172.31.40.0-255,66,71403,79,221476
35025,0.000818,172.217.194.0-255,5738,77141,79,221476
35026,0.00082,172.31.40.0-255,66,77207,79,221476
35027,0.000847,172.217.194.0-255,1484,78691,79,221476
35028,0.000855,172.217.194.0-255,6735,85426,79,221476
35029,0.000857,172.31.40.0-255,66,85492,79,221476
35030,0.000911,172.217.194.0-255,1484,86976,79,221476
35031,0.000925,172.217.194.0-255,2902,89878,79,221476
35032,0.000928,172.31.40.0-255,66,89944,79,221476
35033,0.000931,172.217.194.0-255,1484,91428,79,221476
35034,0.000952,172.217.194.0-255,4320,95748,79,221476
35035,0.000955,172.31.40.0-255,66,95814,79,221476
35036,0.000987,172.31.40.0-255,66,95880,79,221476
35037,0.000993,172.217.194.0-255,4320,100200,79,221476
35038,0.000996,172.31.40.0-255,66,100266,79,221476
35039,0.001016,172.31.40.0-255,66,100332,79,221476
35040,0.001027,172.217.194.0-255,766,101098,79,221476
35041,0.001129,172.217.194.0-255,1484,102582,79,221476
35042,0.001133,172.31.40.0-255,66,102648,79,221476
35043,0.001138,172.217.194.0-255,2902,105550,79,221476
35044,0.00114,172.31.40.0-255,66,105616,79,221476
35045,0.001166,172.217.194.0-255,5738,111354,79,221476
35046,0.001168,172.31.40.0-255,66,111420,79,221476
35047,0.001188,172.217.194.0-255,4320,115740,79,221476
35048,0.00119,172.31.40.0-255,66,115806,79,221476
35049,0.001207,172.217.194.0-255,7156,122962,79,221476
35050,0.001209,172.31.40.0-255,66,123028,79,221476
35051,0.001236,172.217.194.0-255,1484,124512,79,221476
35052,0.001251,172.31.40.0-255,66,124578,79,221476
35053,0.001283,172.217.194.0-255,1484,126062,79,221476
35054,0.001286,172.217.194.0-255,1484,127546,79,221476
35055,0.001289,172.31.40.0-255,66,127612,79,221476
35056,0.001308,172.217.194.0-255,1484,129096,79,221476
35057,0.001314,172.217.194.0-255,5738,134834,79,221476
35058,0.001317,172.31.40.0-255,66,134900,79,221476
35059,0.001357,172.31.40.0-255,66,134966,79,221476
35060,0.001373,172.217.194.0-255,2902,137868,79,221476
35061,0.001376,172.31.40.0-255,66,137934,79,221476
35062,0.00141,172.217.194.0-255,1484,139418,79,221476
35063,0.001423,172.217.194.0-255,2902,142320,79,221476
35064,0.001449,172.217.194.0-255,5738,148058,79,221476
35065,0.001567,172.217.194.0-255,5738,153796,79,221476
35066,0.001576,172.217.194.0-255,7156,160952,79,221476
35067,0.001592,172.217.194.0-255,2902,163854,79,221476
35068,0.00164,172.217.194.0-255,6438,170292,79,221476
35069,0.001977,172.31.40.0-255,66,170358,79,221476
35070,0.002027,172.217.194.0-255,1484,171842,79,221476
35071,0.002042,172.217.194.0-255,2902,174744,79,221476
35072,0.002066,172.217.194.0-255,5738,180482,79,221476
35073,0.002073,172.217.194.0-255,4320,184802,79,221476
35074,0.002091,172.217.194.0-255,2902,187704,79,221476
35075,0.002115,172.217.194.0-255,4320,192024,79,221476
35076,0.002164,172.217.194.0-255,5738,197762,79,221476
35077,0.002199,172.217.194.0-255,2184,199946,79,221476
35078,0.002222,172.217.194.0-255,3602,203548,79,221476
35079,0.002334,172.31.40.0-255,66,203614,79,221476
35080,0.004647,172.217.194.0-255,5738,209352,79,221476
35081,0.004656,172.31.40.0-255,66,209418,79,221476
35082,0.006963,172.217.194.0-255,5738,215156,79,221476
35083,0.006971,172.31.40.0-255,66,215222,79,221476
35084,0.009252,172.217.194.0-255,5738,220960,79,221476
35085,0.009257,172.31.40.0-255,66,221026,79,221476
35086,0.011605,172.217.194.0-255,279,221305,79,221476
35087,0.018835,172.31.40.0-255,66,221371,79,221476
35088,0.018887,172.31.40.0-255,105,221476,79,221476
35089,0.0,172.217.194.0-255,292,292,79,122987
35090,1.6e-05,172.31.40.0-255,66,358,79,122987
35091,2.2e-05,172.217.194.0-255,1484,1842,79,122987
35092,2.7e-05,172.31.40.0-255,66,1908,79,122987
35093,3.3e-05,172.217.194.0-255,4320,6228,79,122987
35094,4.5e-05,172.31.40.0-255,66,6294,79,122987
35095,5.7e-05,172.31.40.0-255,66,6360,79,122987
35096,0.000104,172.31.40.0-255,66,6426,79,122987
35097,0.000123,172.217.194.0-255,2902,9328,79,122987
35098,0.000125,172.31.40.0-255,66,9394,79,122987
35099,0.000158,172.217.194.0-255,7156,16550,79,122987
35100,0.000161,172.31.40.0-255,66,16616,79,122987
35101,0.000183,172.217.194.0-255,6797,23413,79,122987
35102,0.000186,172.31.40.0-255,66,23479,79,122987
35103,0.000439,172.217.194.0-255,1484,24963,79,122987
35104,0.000445,172.31.40.0-255,66,25029,79,122987
35105,0.000452,172.217.194.0-255,2902,27931,79,122987
35106,0.000454,172.31.40.0-255,66,27997,79,122987
35107,0.000465,172.217.194.0-255,5738,33735,79,122987
35108,0.000468,172.31.40.0-255,66,33801,79,122987
35109,0.000508,172.31.40.0-255,66,33867,79,122987
35110,0.001764,172.217.194.0-255,1484,35351,79,122987
35111,0.001771,172.31.40.0-255,66,35417,79,122987
35112,0.001781,172.217.194.0-255,2902,38319,79,122987
35113,0.001783,172.31.40.0-255,66,38385,79,122987
35114,0.001796,172.217.194.0-255,5738,44123,79,122987
35115,0.001798,172.31.40.0-255,66,44189,79,122987
35116,0.001806,172.217.194.0-255,7156,51345,79,122987
35117,0.001808,172.31.40.0-255,66,51411,79,122987
35118,0.001837,172.217.194.0-255,5738,57149,79,122987
35119,0.001839,172.31.40.0-255,66,57215,79,122987
35120,0.001851,172.31.40.0-255,66,57281,79,122987
35121,0.001859,172.217.194.0-255,766,58047,79,122987
35122,0.002234,172.217.194.0-255,1484,59531,79,122987
35123,0.002239,172.31.40.0-255,66,59597,79,122987
35124,0.002246,172.217.194.0-255,2902,62499,79,122987
35125,0.002248,172.31.40.0-255,66,62565,79,122987
35126,0.002281,172.217.194.0-255,4320,66885,79,122987
35127,0.002284,172.31.40.0-255,66,66951,79,122987
35128,0.002289,172.217.194.0-255,5738,72689,79,122987
35129,0.002291,172.31.40.0-255,66,72755,79,122987
35130,0.002294,172.217.194.0-255,1484,74239,79,122987
35131,0.00232,172.31.40.0-255,66,74305,79,122987
35132,0.002354,172.217.194.0-255,1484,75789,79,122987
35133,0.002361,172.217.194.0-255,7156,82945,79,122987
35134,0.002363,172.31.40.0-255,66,83011,79,122987
35135,0.002366,172.217.194.0-255,766,83777,79,122987
35136,0.004698,172.217.194.0-255,4320,88097,79,122987
35137,0.004704,172.31.40.0-255,66,88163,79,122987
35138,0.007033,172.217.194.0-255,5738,93901,79,122987
35139,0.007039,172.31.40.0-255,66,93967,79,122987
35140,0.009366,172.217.194.0-255,5738,99705,79,122987
35141,0.009373,172.31.40.0-255,66,99771,79,122987
35142,0.011707,172.217.194.0-255,5738,105509,79,122987
35143,0.011713,172.31.40.0-255,66,105575,79,122987
35144,0.014077,172.217.194.0-255,5738,111313,79,122987
35145,0.014087,172.31.40.0-255,66,111379,79,122987
35146,0.01644,172.217.194.0-255,5738,117117,79,122987
35147,0.01645,172.31.40.0-255,66,117183,79,122987
35148,0.018795,172.217.194.0-255,5738,122921,79,122987
35149,0.018806,172.31.40.0-255,66,122987,79,122987
35150,0.0,74.125.200.0-255,154,154,79,241447
35151,2.2e-05,172.31.40.0-255,66,220,79,241447
35152,3e-05,74.125.200.0-255,1484,1704,79,241447
35153,3.4e-05,172.31.40.0-255,66,1770,79,241447
35154,3.7e-05,74.125.200.0-255,1484,3254,79,241447
35155,4.7e-05,172.31.40.0-255,66,3320,79,241447
35156,5.3e-05,74.125.200.0-255,2902,6222,79,241447
35157,5.7e-05,172.31.40.0-255,66,6288,79,241447
35158,7.9e-05,74.125.200.0-255,5738,12026,79,241447
35159,8.6e-05,172.31.40.0-255,66,12092,79,241447
35160,9e-05,74.125.200.0-255,2134,14226,79,241447
35161,9.2e-05,172.31.40.0-255,66,14292,79,241447
35162,0.000125,74.125.200.0-255,2902,17194,79,241447
35163,0.000129,172.31.40.0-255,66,17260,79,241447
35164,0.000134,74.125.200.0-255,4320,21580,79,241447
35165,0.000137,172.31.40.0-255,66,21646,79,241447
35166,0.000155,74.125.200.0-255,2902,24548,79,241447
35167,0.000161,172.31.40.0-255,66,24614,79,241447
35168,0.000196,74.125.200.0-255,2902,27516,79,241447
35169,0.000199,172.31.40.0-255,66,27582,79,241447
35170,0.000219,74.125.200.0-255,3961,31543,79,241447
35171,0.000221,172.31.40.0-255,66,31609,79,241447
35172,0.000276,74.125.200.0-255,1484,33093,79,241447
35173,0.000279,172.31.40.0-255,66,33159,79,241447
35174,0.000313,74.125.200.0-255,2902,36061,79,241447
35175,0.000316,172.31.40.0-255,66,36127,79,241447
35176,0.000351,74.125.200.0-255,5738,41865,79,241447
35177,0.000354,172.31.40.0-255,66,41931,79,241447
35178,0.000358,74.125.200.0-255,1484,43415,79,241447
35179,0.00036,172.31.40.0-255,66,43481,79,241447
35180,0.000392,172.31.40.0-255,66,43547,79,241447
35181,0.000399,74.125.200.0-255,5738,49285,79,241447
35182,0.000401,172.31.40.0-255,66,49351,79,241447
35183,0.000414,74.125.200.0-255,4320,53671,79,241447
35184,0.000417,172.31.40.0-255,66,53737,79,241447
35185,0.000447,74.125.200.0-255,1484,55221,79,241447
35186,0.000463,74.125.200.0-255,2549,57770,79,241447
35187,0.000465,172.31.40.0-255,66,57836,79,241447
35188,0.000529,74.125.200.0-255,1484,59320,79,241447
35189,0.00055,74.125.200.0-255,2902,62222,79,241447
35190,0.000553,172.31.40.0-255,66,62288,79,241447
35191,0.000581,74.125.200.0-255,4320,66608,79,241447
35192,0.000584,172.31.40.0-255,66,66674,79,241447
35193,0.000587,74.125.200.0-255,1484,68158,79,241447
35194,0.000615,74.125.200.0-255,7156,75314,79,241447
35195,0.000618,172.31.40.0-255,66,75380,79,241447
35196,0.000622,74.125.200.0-255,2902,78282,79,241447
35197,0.000624,172.31.40.0-255,66,78348,79,241447
35198,0.000658,74.125.200.0-255,7156,85504,79,241447
35199,0.000661,172.31.40.0-255,66,85570,79,241447
35200,0.000693,74.125.200.0-255,5738,91308,79,241447
35201,0.000695,172.31.40.0-255,66,91374,79,241447
35202,0.000698,74.125.200.0-255,1043,92417,79,241447
35203,0.00132,74.125.200.0-255,1484,93901,79,241447
35204,0.001325,172.31.40.0-255,66,93967,79,241447
35205,0.001331,74.125.200.0-255,2902,96869,79,241447
35206,0.001333,172.31.40.0-255,66,96935,79,241447
35207,0.001364,74.125.200.0-255,5738,102673,79,241447
35208,0.001367,172.31.40.0-255,66,102739,79,241447
35209,0.001373,74.125.200.0-255,5738,108477,79,241447
35210,0.001375,172.31.40.0-255,66,108543,79,241447
35211,0.001404,74.125.200.0-255,1484,110027,79,241447
35212,0.001414,172.31.40.0-255,66,110093,79,241447
35213,0.001419,74.125.200.0-255,2902,112995,79,241447
35214,0.001421,172.31.40.0-255,66,113061,79,241447
35215,0.001451,74.125.200.0-255,5020,118081,79,241447
35216,0.001455,172.31.40.0-255,66,118147,79,241447
35217,0.001468,74.125.200.0-255,2902,121049,79,241447
35218,0.001475,172.31.40.0-255,66,121115,79,241447
35219,0.001478,74.125.200.0-255,1484,122599,79,241447
35220,0.001509,74.125.200.0-255,2902,125501,79,241447
35221,0.001511,172.31.40.0-255,66,125567,79,241447
35222,0.001521,172.31.40.0-255,66,125633,79,241447
35223,0.001558,74.125.200.0-255,7156,132789,79,241447
35224,0.001561,172.31.40.0-255,66,132855,79,241447
35225,0.001571,172.31.40.0-255,66,132921,79,241447
35226,0.001576,74.125.200.0-255,3602,136523,79,241447
35227,0.001584,74.125.200.0-255,4320,140843,79,241447
35228,0.001622,172.31.40.0-255,66,140909,79,241447
35229,0.001624,172.31.40.0-255,66,140975,79,241447
35230,0.001661,172.31.40.0-255,66,141041,79,241447
35231,0.001665,74.125.200.0-255,2902,143943,79,241447
35232,0.001667,172.31.40.0-255,66,144009,79,241447
35233,0.001673,74.125.200.0-255,4320,148329,79,241447
35234,0.001675,172.31.40.0-255,66,148395,79,241447
35235,0.001686,172.31.40.0-255,66,148461,79,241447
35236,0.001689,74.125.200.0-255,1484,149945,79,241447
35237,0.001718,74.125.200.0-255,766,150711,79,241447
35238,0.001721,172.31.40.0-255,66,150777,79,241447
35239,0.001936,74.125.200.0-255,1484,152261,79,241447
35240,0.001942,74.125.200.0-255,2902,155163,79,241447
35241,0.001945,172.31.40.0-255,66,155229,79,241447
35242,0.001972,74.125.200.0-255,5738,160967,79,241447
35243,0.001974,172.31.40.0-255,66,161033,79,241447
35244,0.001978,74.125.200.0-255,2902,163935,79,241447
35245,0.00198,172.31.40.0-255,66,164001,79,241447
35246,0.002003,74.125.200.0-255,4320,168321,79,241447
35247,0.002005,172.31.40.0-255,66,168387,79,241447
35248,0.00202,172.31.40.0-255,66,168453,79,241447
35249,0.002023,74.125.200.0-255,1484,169937,79,241447
35250,0.002058,74.125.200.0-255,6438,176375,79,241447
35251,0.002062,172.31.40.0-255,66,176441,79,241447
35252,0.002152,74.125.200.0-255,1484,177925,79,241447
35253,0.002166,74.125.200.0-255,2902,180827,79,241447
35254,0.002169,172.31.40.0-255,66,180893,79,241447
35255,0.002175,74.125.200.0-255,4320,185213,79,241447
35256,0.002177,172.31.40.0-255,66,185279,79,241447
35257,0.002201,74.125.200.0-255,1484,186763,79,241447
35258,0.002213,74.125.200.0-255,7156,193919,79,241447
35259,0.002216,172.31.40.0-255,66,193985,79,241447
35260,0.002253,172.31.40.0-255,66,194051,79,241447
35261,0.002281,74.125.200.0-255,4320,198371,79,241447
35262,0.002283,172.31.40.0-255,66,198437,79,241447
35263,0.002287,74.125.200.0-255,2184,200621,79,241447
35264,0.00229,172.31.40.0-255,66,200687,79,241447
35265,0.00453,74.125.200.0-255,5738,206425,79,241447
35266,0.004549,172.31.40.0-255,66,206491,79,241447
35267,0.006807,74.125.200.0-255,5738,212229,79,241447
35268,0.006826,172.31.40.0-255,66,212295,79,241447
35269,0.009068,74.125.200.0-255,1484,213779,79,241447
35270,0.009091,74.125.200.0-255,4320,218099,79,241447
35271,0.009095,172.31.40.0-255,66,218165,79,241447
35272,0.011336,74.125.200.0-255,5738,223903,79,241447
35273,0.011343,172.31.40.0-255,66,223969,79,241447
35274,0.013584,74.125.200.0-255,5738,229707,79,241447
35275,0.01359,172.31.40.0-255,66,229773,79,241447
35276,0.01591,74.125.200.0-255,5738,235511,79,241447
35277,0.015925,172.31.40.0-255,66,235577,79,241447
35278,0.018187,74.125.200.0-255,4320,239897,79,241447
35279,0.018195,172.31.40.0-255,66,239963,79,241447
35280,0.018222,74.125.200.0-255,1484,241447,79,241447
35281,0.0,172.217.194.0-255,290,290,79,203800
35282,2e-05,172.31.40.0-255,66,356,79,203800
35283,2.7e-05,172.217.194.0-255,1484,1840,79,203800
35284,3.1e-05,172.31.40.0-255,66,1906,79,203800
35285,4.6e-05,172.217.194.0-255,4320,6226,79,203800
35286,5e-05,172.31.40.0-255,66,6292,79,203800
35287,7.7e-05,172.217.194.0-255,4320,10612,79,203800
35288,8.1e-05,172.31.40.0-255,66,10678,79,203800
35289,0.000102,172.217.194.0-255,3243,13921,79,203800
35290,0.000109,172.31.40.0-255,66,13987,79,203800
35291,0.000112,172.217.194.0-255,1484,15471,79,203800
35292,0.000114,172.31.40.0-255,66,15537,79,203800
35293,0.000119,172.217.194.0-255,2902,18439,79,203800
35294,0.000121,172.31.40.0-255,66,18505,79,203800
35295,0.000127,172.217.194.0-255,5738,24243,79,203800
35296,0.00013,172.31.40.0-255,66,24309,79,203800
35297,0.000167,172.217.194.0-255,6797,31106,79,203800
35298,0.00017,172.31.40.0-255,66,31172,79,203800
35299,0.000278,172.217.194.0-255,1484,32656,79,203800
35300,0.000282,172.31.40.0-255,66,32722,79,203800
35301,0.000288,172.217.194.0-255,2902,35624,79,203800
35302,0.00029,172.31.40.0-255,66,35690,79,203800
35303,0.000324,172.217.194.0-255,5738,41428,79,203800
35304,0.000327,172.31.40.0-255,66,41494,79,203800
35305,0.000355,172.31.40.0-255,66,41560,79,203800
35306,0.000382,172.217.194.0-255,2543,44103,79,203800
35307,0.000384,172.31.40.0-255,66,44169,79,203800
35308,0.000388,172.217.194.0-255,2902,47071,79,203800
35309,0.00039,172.31.40.0-255,66,47137,79,203800
35310,0.000419,172.217.194.0-255,7098,54235,79,203800
35311,0.000422,172.31.40.0-255,66,54301,79,203800
35312,0.000429,172.217.194.0-255,385,54686,79,203800
35313,0.000846,172.217.194.0-255,1484,56170,79,203800
35314,0.000852,172.31.40.0-255,66,56236,79,203800
35315,0.000858,172.217.194.0-255,2902,59138,79,203800
35316,0.00086,172.31.40.0-255,66,59204,79,203800
35317,0.000872,172.217.194.0-255,5738,64942,79,203800
35318,0.000875,172.31.40.0-255,66,65008,79,203800
35319,0.000878,172.217.194.0-255,1484,66492,79,203800
35320,0.000924,172.31.40.0-255,66,66558,79,203800
35321,0.000942,172.31.40.0-255,66,66624,79,203800
35322,0.001302,172.217.194.0-255,1484,68108,79,203800
35323,0.001309,172.217.194.0-255,2902,71010,79,203800
35324,0.001312,172.31.40.0-255,66,71076,79,203800
35325,0.001349,172.217.194.0-255,5738,76814,79,203800
35326,0.001352,172.31.40.0-255,66,76880,79,203800
35327,0.001358,172.217.194.0-255,4320,81200,79,203800
35328,0.00136,172.31.40.0-255,66,81266,79,203800
35329,0.001401,172.31.40.0-255,66,81332,79,203800
35330,0.001417,172.31.40.0-255,66,81398,79,203800
35331,0.001445,172.217.194.0-255,1484,82882,79,203800
35332,0.001449,172.217.194.0-255,2902,85784,79,203800
35333,0.001452,172.31.40.0-255,66,85850,79,203800
35334,0.00148,172.217.194.0-255,5738,91588,79,203800
35335,0.001483,172.31.40.0-255,66,91654,79,203800
35336,0.001489,172.217.194.0-255,4320,95974,79,203800
35337,0.001491,172.31.40.0-255,66,96040,79,203800
35338,0.001539,172.31.40.0-255,66,96106,79,203800
35339,0.001546,172.31.40.0-255,66,96172,79,203800
35340,0.001587,172.217.194.0-255,1484,97656,79,203800
35341,0.001592,172.217.194.0-255,2902,100558,79,203800
35342,0.001595,172.31.40.0-255,66,100624,79,203800
35343,0.001628,172.217.194.0-255,5738,106362,79,203800
35344,0.001631,172.31.40.0-255,66,106428,79,203800
35345,0.001642,172.31.40.0-255,66,106494,79,203800
35346,0.001677,172.31.40.0-255,66,106560,79,203800
35347,0.001683,172.217.194.0-255,5020,111580,79,203800
35348,0.001686,172.31.40.0-255,66,111646,79,203800
35349,0.001959,172.217.194.0-255,1484,113130,79,203800
35350,0.001964,172.217.194.0-255,1484,114614,79,203800
35351,0.001967,172.31.40.0-255,66,114680,79,203800
35352,0.001996,172.217.194.0-255,1484,116164,79,203800
35353,0.002003,172.217.194.0-255,5738,121902,79,203800
35354,0.002005,172.31.40.0-255,66,121968,79,203800
35355,0.002011,172.217.194.0-255,4320,126288,79,203800
35356,0.002012,172.31.40.0-255,66,126354,79,203800
35357,0.00204,172.217.194.0-255,5738,132092,79,203800
35358,0.002042,172.31.40.0-255,66,132158,79,203800
35359,0.002053,172.31.40.0-255,66,132224,79,203800
35360,0.002098,172.217.194.0-255,5020,137244,79,203800
35361,0.0021,172.31.40.0-255,66,137310,79,203800
35362,0.002116,172.31.40.0-255,66,137376,79,203800
35363,0.002142,172.31.40.0-255,66,137442,79,203800
35364,0.002145,172.217.194.0-255,1484,138926,79,203800
35365,0.002149,172.217.194.0-255,2902,141828,79,203800
35366,0.002151,172.31.40.0-255,66,141894,79,203800
35367,0.002184,172.217.194.0-255,5738,147632,79,203800
35368,0.002187,172.31.40.0-255,66,147698,79,203800
35369,0.002198,172.31.40.0-255,66,147764,79,203800
35370,0.002223,172.217.194.0-255,4320,152084,79,203800
35371,0.002225,172.31.40.0-255,66,152150,79,203800
35372,0.002228,172.217.194.0-255,1484,153634,79,203800
35373,0.002235,172.217.194.0-255,7156,160790,79,203800
35374,0.002237,172.31.40.0-255,66,160856,79,203800
35375,0.002285,172.31.40.0-255,66,160922,79,203800
35376,0.002308,172.217.194.0-255,2184,163106,79,203800
35377,0.002317,172.31.40.0-255,66,163172,79,203800
35378,0.004651,172.217.194.0-255,5738,168910,79,203800
35379,0.004659,172.31.40.0-255,66,168976,79,203800
35380,0.006992,172.217.194.0-255,5738,174714,79,203800
35381,0.007,172.31.40.0-255,66,174780,79,203800
35382,0.009366,172.217.194.0-255,5738,180518,79,203800
35383,0.009381,172.31.40.0-255,66,180584,79,203800
35384,0.011761,172.217.194.0-255,5738,186322,79,203800
35385,0.01178,172.31.40.0-255,66,186388,79,203800
35386,0.01414,172.217.194.0-255,5738,192126,79,203800
35387,0.014159,172.31.40.0-255,66,192192,79,203800
35388,0.016524,172.217.194.0-255,5738,197930,79,203800
35389,0.01654,172.31.40.0-255,66,197996,79,203800
35390,0.018895,172.217.194.0-255,5738,203734,79,203800
35391,0.018906,172.31.40.0-255,66,203800,79,203800
35392,0.0,172.31.40.0-255,105,105,79,459
35393,0.000287,172.31.40.0-255,90,195,79,459
35394,0.000299,172.31.40.0-255,66,261,79,459
35395,0.002638,74.125.130.0-255,66,327,79,459
35396,0.002651,74.125.130.0-255,66,393,79,459
35397,0.002659,172.31.40.0-255,66,459,79,459
35398,0.0,172.217.194.0-255,150,150,79,163371
35399,1.6e-05,172.31.40.0-255,66,216,79,163371
35400,2.3e-05,172.217.194.0-255,1484,1700,79,163371
35401,2.8e-05,172.31.40.0-255,66,1766,79,163371
35402,4.1e-05,172.217.194.0-255,2902,4668,79,163371
35403,4.3e-05,172.31.40.0-255,66,4734,79,163371
35404,5e-05,172.217.194.0-255,5738,10472,79,163371
35405,5.4e-05,172.31.40.0-255,66,10538,79,163371
35406,0.0001,172.31.40.0-255,66,10604,79,163371
35407,0.000148,172.217.194.0-255,6797,17401,79,163371
35408,0.000151,172.31.40.0-255,66,17467,79,163371
35409,0.000179,172.217.194.0-255,7156,24623,79,163371
35410,0.000182,172.31.40.0-255,66,24689,79,163371
35411,0.000211,172.217.194.0-255,7156,31845,79,163371
35412,0.000213,172.31.40.0-255,66,31911,79,163371
35413,0.000232,172.217.194.0-255,2543,34454,79,163371
35414,0.000234,172.31.40.0-255,66,34520,79,163371
35415,0.000261,172.217.194.0-255,7156,41676,79,163371
35416,0.000264,172.31.40.0-255,66,41742,79,163371
35417,0.000302,172.31.40.0-255,66,41808,79,163371
35418,0.000861,172.217.194.0-255,645,42453,79,163371
35419,0.000866,172.31.40.0-255,66,42519,79,163371
35420,0.000892,172.217.194.0-255,1484,44003,79,163371
35421,0.000894,172.31.40.0-255,66,44069,79,163371
35422,0.000925,172.217.194.0-255,4320,48389,79,163371
35423,0.00093,172.217.194.0-255,2902,51291,79,163371
35424,0.000933,172.31.40.0-255,66,51357,79,163371
35425,0.000936,172.31.40.0-255,66,51423,79,163371
35426,0.000965,172.217.194.0-255,7156,58579,79,163371
35427,0.000969,172.31.40.0-255,66,58645,79,163371
35428,0.000981,172.31.40.0-255,66,58711,79,163371
35429,0.001012,172.217.194.0-255,2902,61613,79,163371
35430,0.001022,172.31.40.0-255,66,61679,79,163371
35431,0.001049,172.217.194.0-255,5020,66699,79,163371
35432,0.001052,172.31.40.0-255,66,66765,79,163371
35433,0.001103,172.217.194.0-255,4320,71085,79,163371
35434,0.001108,172.31.40.0-255,66,71151,79,163371
35435,0.00112,172.217.194.0-255,1484,72635,79,163371
35436,0.001132,172.217.194.0-255,7156,79791,79,163371
35437,0.001135,172.31.40.0-255,66,79857,79,163371
35438,0.001166,172.31.40.0-255,66,79923,79,163371
35439,0.001227,172.217.194.0-255,5738,85661,79,163371
35440,0.00123,172.31.40.0-255,66,85727,79,163371
35441,0.001242,172.217.194.0-255,766,86493,79,163371
35442,0.001626,172.217.194.0-255,1484,87977,79,163371
35443,0.001631,172.31.40.0-255,66,88043,79,163371
35444,0.001636,172.217.194.0-255,2902,90945,79,163371
35445,0.001638,172.31.40.0-255,66,91011,79,163371
35446,0.00167,172.217.194.0-255,5738,96749,79,163371
35447,0.001673,172.31.40.0-255,66,96815,79,163371
35448,0.001684,172.31.40.0-255,66,96881,79,163371
35449,0.001715,172.217.194.0-255,2902,99783,79,163371
35450,0.001717,172.31.40.0-255,66,99849,79,163371
35451,0.00175,172.31.40.0-255,66,99915,79,163371
35452,0.001773,172.217.194.0-255,2184,102099,79,163371
35453,0.001775,172.31.40.0-255,66,102165,79,163371
35454,0.002181,172.217.194.0-255,1484,103649,79,163371
35455,0.002188,172.217.194.0-255,2902,106551,79,163371
35456,0.002191,172.31.40.0-255,66,106617,79,163371
35457,0.002219,172.217.194.0-255,5738,112355,79,163371
35458,0.002222,172.31.40.0-255,66,112421,79,163371
35459,0.002225,172.217.194.0-255,1484,113905,79,163371
35460,0.002229,172.217.194.0-255,2902,116807,79,163371
35461,0.002231,172.31.40.0-255,66,116873,79,163371
35462,0.002249,172.217.194.0-255,5738,122611,79,163371
35463,0.002257,172.31.40.0-255,66,122677,79,163371
35464,0.002308,172.31.40.0-255,66,122743,79,163371
35465,0.004657,172.217.194.0-255,5738,128481,79,163371
35466,0.004664,172.31.40.0-255,66,128547,79,163371
35467,0.006977,172.217.194.0-255,5738,134285,79,163371
35468,0.006984,172.31.40.0-255,66,134351,79,163371
35469,0.009317,172.217.194.0-255,5738,140089,79,163371
35470,0.009324,172.31.40.0-255,66,140155,79,163371
35471,0.011674,172.217.194.0-255,5738,145893,79,163371
35472,0.011683,172.31.40.0-255,66,145959,79,163371
35473,0.013996,172.217.194.0-255,5738,151697,79,163371
35474,0.014004,172.31.40.0-255,66,151763,79,163371
35475,0.016334,172.217.194.0-255,5738,157501,79,163371
35476,0.016343,172.31.40.0-255,66,157567,79,163371
35477,0.018654,172.217.194.0-255,5738,163305,79,163371
35478,0.018663,172.31.40.0-255,66,163371,79,163371
35479,0.0,74.125.200.0-255,153,153,79,210018
35480,1.5e-05,172.31.40.0-255,66,219,79,210018
35481,2.1e-05,74.125.200.0-255,1484,1703,79,210018
35482,2.6e-05,172.31.40.0-255,66,1769,79,210018
35483,3e-05,74.125.200.0-255,1484,3253,79,210018
35484,3.3e-05,172.31.40.0-255,66,3319,79,210018
35485,4.7e-05,74.125.200.0-255,2902,6221,79,210018
35486,5.1e-05,172.31.40.0-255,66,6287,79,210018
35487,9e-05,74.125.200.0-255,2902,9189,79,210018
35488,9.3e-05,172.31.40.0-255,66,9255,79,210018
35489,0.00012,74.125.200.0-255,1484,10739,79,210018
35490,0.000122,172.31.40.0-255,66,10805,79,210018
35491,0.000147,74.125.200.0-255,1484,12289,79,210018
35492,0.000149,172.31.40.0-255,66,12355,79,210018
35493,0.000154,74.125.200.0-255,2031,14386,79,210018
35494,0.000156,172.31.40.0-255,66,14452,79,210018
35495,0.000186,74.125.200.0-255,2902,17354,79,210018
35496,0.000188,172.31.40.0-255,66,17420,79,210018
35497,0.000219,74.125.200.0-255,4320,21740,79,210018
35498,0.000222,172.31.40.0-255,66,21806,79,210018
35499,0.000242,74.125.200.0-255,4320,26126,79,210018
35500,0.000244,172.31.40.0-255,66,26192,79,210018
35501,0.000268,74.125.200.0-255,1484,27676,79,210018
35502,0.00027,172.31.40.0-255,66,27742,79,210018
35503,0.000306,74.125.200.0-255,3961,31703,79,210018
35504,0.000309,172.31.40.0-255,66,31769,79,210018
35505,0.000408,74.125.200.0-255,1484,33253,79,210018
35506,0.000412,172.31.40.0-255,66,33319,79,210018
35507,0.000444,74.125.200.0-255,2902,36221,79,210018
35508,0.000447,172.31.40.0-255,66,36287,79,210018
35509,0.000452,74.125.200.0-255,4320,40607,79,210018
35510,0.000455,172.31.40.0-255,66,40673,79,210018
35511,0.000495,172.31.40.0-255,66,40739,79,210018
35512,0.000535,172.31.40.0-255,66,40805,79,210018
35513,0.000539,74.125.200.0-255,2902,43707,79,210018
35514,0.000542,172.31.40.0-255,66,43773,79,210018
35515,0.000547,74.125.200.0-255,4320,48093,79,210018
35516,0.000555,172.31.40.0-255,66,48159,79,210018
35517,0.000577,74.125.200.0-255,1393,49552,79,210018
35518,0.000621,74.125.200.0-255,132,49684,79,210018
35519,0.000869,74.125.200.0-255,1484,51168,79,210018
35520,0.000874,172.31.40.0-255,66,51234,79,210018
35521,0.00088,74.125.200.0-255,2902,54136,79,210018
35522,0.000882,172.31.40.0-255,66,54202,79,210018
35523,0.000909,74.125.200.0-255,4320,58522,79,210018
35524,0.000911,172.31.40.0-255,66,58588,79,210018
35525,0.000944,172.31.40.0-255,66,58654,79,210018
35526,0.000949,74.125.200.0-255,2902,61556,79,210018
35527,0.000951,172.31.40.0-255,66,61622,79,210018
35528,0.001025,172.31.40.0-255,66,61688,79,210018
35529,0.001056,74.125.200.0-255,3602,65290,79,210018
35530,0.001059,172.31.40.0-255,66,65356,79,210018
35531,0.001106,74.125.200.0-255,1484,66840,79,210018
35532,0.001111,74.125.200.0-255,1484,68324,79,210018
35533,0.001113,172.31.40.0-255,66,68390,79,210018
35534,0.001144,74.125.200.0-255,1484,69874,79,210018
35535,0.001151,74.125.200.0-255,5738,75612,79,210018
35536,0.001154,172.31.40.0-255,66,75678,79,210018
35537,0.00116,74.125.200.0-255,4320,79998,79,210018
35538,0.001162,172.31.40.0-255,66,80064,79,210018
35539,0.001208,74.125.200.0-255,5738,85802,79,210018
35540,0.001212,172.31.40.0-255,66,85868,79,210018
35541,0.001216,74.125.200.0-255,2902,88770,79,210018
35542,0.001218,172.31.40.0-255,66,88836,79,210018
35543,0.001248,74.125.200.0-255,4320,93156,79,210018
35544,0.001251,172.31.40.0-255,66,93222,79,210018
35545,0.001254,74.125.200.0-255,1484,94706,79,210018
35546,0.001279,74.125.200.0-255,2902,97608,79,210018
35547,0.001281,172.31.40.0-255,66,97674,79,210018
35548,0.001306,74.125.200.0-255,2184,99858,79,210018
35549,0.00131,172.31.40.0-255,66,99924,79,210018
35550,0.001313,74.125.200.0-255,1484,101408,79,210018
35551,0.001338,74.125.200.0-255,1484,102892,79,210018
35552,0.00134,172.31.40.0-255,66,102958,79,210018
35553,0.001348,74.125.200.0-255,7156,110114,79,210018
35554,0.00135,172.31.40.0-255,66,110180,79,210018
35555,0.001375,74.125.200.0-255,2902,113082,79,210018
35556,0.001378,172.31.40.0-255,66,113148,79,210018
35557,0.001399,74.125.200.0-255,1484,114632,79,210018
35558,0.001477,74.125.200.0-255,1484,116116,79,210018
35559,0.001481,172.31.40.0-255,66,116182,79,210018
35560,0.00151,74.125.200.0-255,1484,117666,79,210018
35561,0.001514,74.125.200.0-255,1484,119150,79,210018
35562,0.001516,172.31.40.0-255,66,119216,79,210018
35563,0.001535,74.125.200.0-255,1484,120700,79,210018
35564,0.001541,74.125.200.0-255,5738,126438,79,210018
35565,0.001544,172.31.40.0-255,66,126504,79,210018
35566,0.001549,74.125.200.0-255,2902,129406,79,210018
35567,0.001551,172.31.40.0-255,66,129472,79,210018
35568,0.001583,74.125.200.0-255,2902,132374,79,210018
35569,0.001586,172.31.40.0-255,66,132440,79,210018
35570,0.001606,74.125.200.0-255,2184,134624,79,210018
35571,0.001608,172.31.40.0-255,66,134690,79,210018
35572,0.00171,74.125.200.0-255,1484,136174,79,210018
35573,0.001724,74.125.200.0-255,2902,139076,79,210018
35574,0.001728,172.31.40.0-255,66,139142,79,210018
35575,0.001761,74.125.200.0-255,5738,144880,79,210018
35576,0.001764,172.31.40.0-255,66,144946,79,210018
35577,0.001767,74.125.200.0-255,1484,146430,79,210018
35578,0.001771,74.125.200.0-255,2902,149332,79,210018
35579,0.001773,172.31.40.0-255,66,149398,79,210018
35580,0.001778,74.125.200.0-255,2902,152300,79,210018
35581,0.001783,172.31.40.0-255,66,152366,79,210018
35582,0.001801,74.125.200.0-255,2902,155268,79,210018
35583,0.001808,172.31.40.0-255,66,155334,79,210018
35584,0.00182,172.31.40.0-255,66,155400,79,210018
35585,0.00186,74.125.200.0-255,3602,159002,79,210018
35586,0.001863,172.31.40.0-255,66,159068,79,210018
35587,0.003715,74.125.200.0-255,1484,160552,79,210018
35588,0.003759,74.125.200.0-255,4320,164872,79,210018
35589,0.003764,172.31.40.0-255,66,164938,79,210018
35590,0.005688,74.125.200.0-255,4320,169258,79,210018
35591,0.005692,172.31.40.0-255,66,169324,79,210018
35592,0.005708,74.125.200.0-255,1484,170808,79,210018
35593,0.007596,74.125.200.0-255,4320,175128,79,210018
35594,0.007602,172.31.40.0-255,66,175194,79,210018
35595,0.00951,74.125.200.0-255,5738,180932,79,210018
35596,0.009517,172.31.40.0-255,66,180998,79,210018
35597,0.011448,74.125.200.0-255,5738,186736,79,210018
35598,0.011459,172.31.40.0-255,66,186802,79,210018
35599,0.01338,74.125.200.0-255,5738,192540,79,210018
35600,0.013396,172.31.40.0-255,66,192606,79,210018
35601,0.015318,74.125.200.0-255,5738,198344,79,210018
35602,0.015328,172.31.40.0-255,66,198410,79,210018
35603,0.017238,74.125.200.0-255,5738,204148,79,210018
35604,0.017249,172.31.40.0-255,66,204214,79,210018
35605,0.019166,74.125.200.0-255,5738,209952,79,210018
35606,0.019173,172.31.40.0-255,66,210018,79,210018
35607,0.0,172.217.194.0-255,146,146,79,138041
35608,2.4e-05,172.31.40.0-255,66,212,79,138041
35609,3.2e-05,172.217.194.0-255,1484,1696,79,138041
35610,3.7e-05,172.31.40.0-255,66,1762,79,138041
35611,5e-05,172.217.194.0-255,2902,4664,79,138041
35612,5.3e-05,172.31.40.0-255,66,4730,79,138041
35613,6.1e-05,172.217.194.0-255,7156,11886,79,138041
35614,6.3e-05,172.31.40.0-255,66,11952,79,138041
35615,6.9e-05,172.217.194.0-255,4320,16272,79,138041
35616,7.1e-05,172.31.40.0-255,66,16338,79,138041
35617,0.000116,172.31.40.0-255,66,16404,79,138041
35618,0.000129,172.31.40.0-255,66,16470,79,138041
35619,0.000135,172.217.194.0-255,4320,20790,79,138041
35620,0.000137,172.31.40.0-255,66,20856,79,138041
35621,0.000207,172.31.40.0-255,66,20922,79,138041
35622,0.000232,172.217.194.0-255,2117,23039,79,138041
35623,0.000234,172.31.40.0-255,66,23105,79,138041
35624,0.000237,172.217.194.0-255,98,23203,79,138041
35625,0.000239,172.31.40.0-255,66,23269,79,138041
35626,0.000287,172.217.194.0-255,1484,24753,79,138041
35627,0.000291,172.31.40.0-255,66,24819,79,138041
35628,0.000316,172.217.194.0-255,2902,27721,79,138041
35629,0.000319,172.31.40.0-255,66,27787,79,138041
35630,0.000324,172.217.194.0-255,2902,30689,79,138041
35631,0.000326,172.31.40.0-255,66,30755,79,138041
35632,0.000363,172.217.194.0-255,2902,33657,79,138041
35633,0.000365,172.31.40.0-255,66,33723,79,138041
35634,0.000378,172.31.40.0-255,66,33789,79,138041
35635,0.000429,172.31.40.0-255,66,33855,79,138041
35636,0.000966,172.217.194.0-255,1484,35339,79,138041
35637,0.000974,172.217.194.0-255,2902,38241,79,138041
35638,0.000978,172.31.40.0-255,66,38307,79,138041
35639,0.000984,172.217.194.0-255,2902,41209,79,138041
35640,0.000987,172.31.40.0-255,66,41275,79,138041
35641,0.001009,172.217.194.0-255,2902,44177,79,138041
35642,0.001014,172.217.194.0-255,4320,48497,79,138041
35643,0.001019,172.31.40.0-255,66,48563,79,138041
35644,0.001022,172.31.40.0-255,66,48629,79,138041
35645,0.001045,172.31.40.0-255,66,48695,79,138041
35646,0.001048,172.217.194.0-255,1484,50179,79,138041
35647,0.001069,172.217.194.0-255,2902,53081,79,138041
35648,0.001071,172.31.40.0-255,66,53147,79,138041
35649,0.001093,172.217.194.0-255,6438,59585,79,138041
35650,0.001096,172.31.40.0-255,66,59651,79,138041
35651,0.001413,172.217.194.0-255,1484,61135,79,138041
35652,0.001419,172.217.194.0-255,2902,64037,79,138041
35653,0.001422,172.31.40.0-255,66,64103,79,138041
35654,0.001426,172.217.194.0-255,1484,65587,79,138041
35655,0.001455,172.217.194.0-255,4320,69907,79,138041
35656,0.001459,172.31.40.0-255,66,69973,79,138041
35657,0.001472,172.31.40.0-255,66,70039,79,138041
35658,0.001478,172.217.194.0-255,5738,75777,79,138041
35659,0.00148,172.31.40.0-255,66,75843,79,138041
35660,0.001514,172.217.194.0-255,5020,80863,79,138041
35661,0.001518,172.31.40.0-255,66,80929,79,138041
35662,0.001564,172.217.194.0-255,1484,82413,79,138041
35663,0.001568,172.217.194.0-255,1484,83897,79,138041
35664,0.001571,172.31.40.0-255,66,83963,79,138041
35665,0.001582,172.217.194.0-255,1484,85447,79,138041
35666,0.001591,172.217.194.0-255,5738,91185,79,138041
35667,0.001598,172.31.40.0-255,66,91251,79,138041
35668,0.001611,172.217.194.0-255,5738,96989,79,138041
35669,0.001618,172.31.40.0-255,66,97055,79,138041
35670,0.001638,172.217.194.0-255,7156,104211,79,138041
35671,0.001641,172.31.40.0-255,66,104277,79,138041
35672,0.001653,172.31.40.0-255,66,104343,79,138041
35673,0.001656,172.217.194.0-255,766,105109,79,138041
35674,0.001707,172.217.194.0-255,1484,106593,79,138041
35675,0.00171,172.31.40.0-255,66,106659,79,138041
35676,0.001723,172.217.194.0-255,2902,109561,79,138041
35677,0.001731,172.31.40.0-255,66,109627,79,138041
35678,0.001743,172.217.194.0-255,1484,111111,79,138041
35679,0.001754,172.217.194.0-255,5738,116849,79,138041
35680,0.001757,172.31.40.0-255,66,116915,79,138041
35681,0.001769,172.31.40.0-255,66,116981,79,138041
35682,0.001772,172.217.194.0-255,1484,118465,79,138041
35683,0.0018,172.31.40.0-255,66,118531,79,138041
35684,0.001827,172.217.194.0-255,766,119297,79,138041
35685,0.001874,172.217.194.0-255,1484,120781,79,138041
35686,0.001877,172.31.40.0-255,66,120847,79,138041
35687,0.001882,172.217.194.0-255,2902,123749,79,138041
35688,0.001884,172.31.40.0-255,66,123815,79,138041
35689,0.001917,172.217.194.0-255,5738,129553,79,138041
35690,0.00192,172.31.40.0-255,66,129619,79,138041
35691,0.00194,172.31.40.0-255,66,129685,79,138041
35692,0.001951,172.31.40.0-255,66,129751,79,138041
35693,0.002018,172.31.40.0-255,66,129817,79,138041
35694,0.002033,172.31.40.0-255,66,129883,79,138041
35695,0.002077,172.31.40.0-255,66,129949,79,138041
35696,0.002113,172.217.194.0-255,5738,135687,79,138041
35697,0.002116,172.31.40.0-255,66,135753,79,138041
35698,0.002131,172.31.40.0-255,66,135819,79,138041
35699,0.002145,172.31.40.0-255,66,135885,79,138041
35700,0.002167,172.217.194.0-255,1484,137369,79,138041
35701,0.00218,172.31.40.0-255,66,137435,79,138041
35702,0.002221,172.31.40.0-255,66,137501,79,138041
35703,0.002266,172.31.40.0-255,66,137567,79,138041
35704,0.002291,172.31.40.0-255,66,137633,79,138041
35705,0.002302,172.31.40.0-255,66,137699,79,138041
35706,0.00233,172.217.194.0-255,105,137804,79,138041
35707,0.015808,172.31.40.0-255,66,137870,79,138041
35708,0.015862,172.31.40.0-255,105,137975,79,138041
35709,0.018154,172.217.194.0-255,66,138041,79,138041
35710,0.0,74.125.130.0-255,150,150,79,323898
35711,2.1e-05,172.31.40.0-255,66,216,79,323898
35712,2.6e-05,74.125.130.0-255,1484,1700,79,323898
35713,3e-05,172.31.40.0-255,66,1766,79,323898
35714,3.3e-05,74.125.130.0-255,1484,3250,79,323898
35715,3.5e-05,172.31.40.0-255,66,3316,79,323898
35716,5.9e-05,74.125.130.0-255,2902,6218,79,323898
35717,6.2e-05,172.31.40.0-255,66,6284,79,323898
35718,6.6e-05,74.125.130.0-255,2902,9186,79,323898
35719,6.8e-05,172.31.40.0-255,66,9252,79,323898
35720,8.8e-05,74.125.130.0-255,2902,12154,79,323898
35721,9e-05,172.31.40.0-255,66,12220,79,323898
35722,0.000108,74.125.130.0-255,4875,17095,79,323898
35723,0.00011,172.31.40.0-255,66,17161,79,323898
35724,0.000131,74.125.130.0-255,1484,18645,79,323898
35725,0.000133,172.31.40.0-255,66,18711,79,323898
35726,0.000147,74.125.130.0-255,4320,23031,79,323898
35727,0.000149,172.31.40.0-255,66,23097,79,323898
35728,0.00018,74.125.130.0-255,4320,27417,79,323898
35729,0.000183,172.31.40.0-255,66,27483,79,323898
35730,0.000203,74.125.130.0-255,3961,31444,79,323898
35731,0.000206,172.31.40.0-255,66,31510,79,323898
35732,0.000249,74.125.130.0-255,2902,34412,79,323898
35733,0.000252,172.31.40.0-255,66,34478,79,323898
35734,0.000274,74.125.130.0-255,2902,37380,79,323898
35735,0.000276,172.31.40.0-255,66,37446,79,323898
35736,0.000281,74.125.130.0-255,2902,40348,79,323898
35737,0.000283,172.31.40.0-255,66,40414,79,323898
35738,0.000321,74.125.130.0-255,4320,44734,79,323898
35739,0.000326,172.31.40.0-255,66,44800,79,323898
35740,0.00033,74.125.130.0-255,2902,47702,79,323898
35741,0.000332,172.31.40.0-255,66,47768,79,323898
35742,0.000374,74.125.130.0-255,1125,48893,79,323898
35743,0.000571,74.125.130.0-255,1484,50377,79,323898
35744,0.000599,172.31.40.0-255,66,50443,79,323898
35745,0.000605,74.125.130.0-255,2902,53345,79,323898
35746,0.000608,74.125.130.0-255,1484,54829,79,323898
35747,0.000619,74.125.130.0-255,1484,56313,79,323898
35748,0.000625,172.31.40.0-255,66,56379,79,323898
35749,0.000637,74.125.130.0-255,1484,57863,79,323898
35750,0.000643,74.125.130.0-255,4320,62183,79,323898
35751,0.00066,74.125.130.0-255,1484,63667,79,323898
35752,0.000687,172.31.40.0-255,66,63733,79,323898
35753,0.000704,74.125.130.0-255,2853,66586,79,323898
35754,0.000737,172.31.40.0-255,66,66652,79,323898
35755,0.000848,74.125.130.0-255,1484,68136,79,323898
35756,0.000854,74.125.130.0-255,2902,71038,79,323898
35757,0.000877,74.125.130.0-255,1484,72522,79,323898
35758,0.000897,74.125.130.0-255,4320,76842,79,323898
35759,0.000901,74.125.130.0-255,1484,78326,79,323898
35760,0.00092,74.125.130.0-255,2902,81228,79,323898
35761,0.000933,172.31.40.0-255,66,81294,79,323898
35762,0.000956,74.125.130.0-255,3961,85255,79,323898
35763,0.000982,74.125.130.0-255,4320,89575,79,323898
35764,0.001009,74.125.130.0-255,5738,95313,79,323898
35765,0.00102,172.31.40.0-255,66,95379,79,323898
35766,0.001055,74.125.130.0-255,4320,99699,79,323898
35767,0.001072,74.125.130.0-255,1125,100824,79,323898
35768,0.001079,172.31.40.0-255,66,100890,79,323898
35769,0.001253,74.125.130.0-255,1484,102374,79,323898
35770,0.001275,74.125.130.0-255,2902,105276,79,323898
35771,0.001282,172.31.40.0-255,66,105342,79,323898
35772,0.001304,74.125.130.0-255,5738,111080,79,323898
35773,0.001328,74.125.130.0-255,1484,112564,79,323898
35774,0.001333,74.125.130.0-255,2902,115466,79,323898
35775,0.001352,74.125.130.0-255,4320,119786,79,323898
35776,0.001369,74.125.130.0-255,1484,121270,79,323898
35777,0.001376,172.31.40.0-255,66,121336,79,323898
35778,0.001392,74.125.130.0-255,1484,122820,79,323898
35779,0.00141,74.125.130.0-255,2902,125722,79,323898
35780,0.001436,74.125.130.0-255,5738,131460,79,323898
35781,0.001443,172.31.40.0-255,66,131526,79,323898
35782,0.001458,74.125.130.0-255,1484,133010,79,323898
35783,0.001476,74.125.130.0-255,2184,135194,79,323898
35784,0.001493,172.31.40.0-255,66,135260,79,323898
35785,0.001738,74.125.130.0-255,1484,136744,79,323898
35786,0.001749,74.125.130.0-255,1484,138228,79,323898
35787,0.001752,172.31.40.0-255,66,138294,79,323898
35788,0.001767,74.125.130.0-255,1484,139778,79,323898
35789,0.00177,74.125.130.0-255,1484,141262,79,323898
35790,0.001774,172.31.40.0-255,66,141328,79,323898
35791,0.001781,74.125.130.0-255,1484,142812,79,323898
35792,0.001798,74.125.130.0-255,4320,147132,79,323898
35793,0.001812,74.125.130.0-255,1484,148616,79,323898
35794,0.001828,74.125.130.0-255,4320,152936,79,323898
35795,0.001831,172.31.40.0-255,66,153002,79,323898
35796,0.001835,172.31.40.0-255,66,153068,79,323898
35797,0.001845,74.125.130.0-255,2902,155970,79,323898
35798,0.001862,74.125.130.0-255,4320,160290,79,323898
35799,0.001867,172.31.40.0-255,66,160356,79,323898
35800,0.001912,74.125.130.0-255,5738,166094,79,323898
35801,0.001924,172.31.40.0-255,66,166160,79,323898
35802,0.001973,74.125.130.0-255,3602,169762,79,323898
35803,0.001979,172.31.40.0-255,66,169828,79,323898
35804,0.002239,74.125.130.0-255,1484,171312,79,323898
35805,0.002255,74.125.130.0-255,2902,174214,79,323898
35806,0.002258,172.31.40.0-255,66,174280,79,323898
35807,0.002262,74.125.130.0-255,1484,175764,79,323898
35808,0.002281,74.125.130.0-255,4320,180084,79,323898
35809,0.002299,74.125.130.0-255,1484,181568,79,323898
35810,0.002302,172.31.40.0-255,66,181634,79,323898
35811,0.002318,74.125.130.0-255,5738,187372,79,323898
35812,0.002334,172.31.40.0-255,66,187438,79,323898
35813,0.002354,74.125.130.0-255,4320,191758,79,323898
35814,0.00236,172.31.40.0-255,66,191824,79,323898
35815,0.002374,74.125.130.0-255,2902,194726,79,323898
35816,0.002382,172.31.40.0-255,66,194792,79,323898
35817,0.002414,74.125.130.0-255,5738,200530,79,323898
35818,0.002432,74.125.130.0-255,2902,203432,79,323898
35819,0.002438,172.31.40.0-255,66,203498,79,323898
35820,0.002451,74.125.130.0-255,766,204264,79,323898
35821,0.002472,74.125.130.0-255,2902,207166,79,323898
35822,0.002488,172.31.40.0-255,66,207232,79,323898
35823,0.002503,74.125.130.0-255,5738,212970,79,323898
35824,0.002519,172.31.40.0-255,66,213036,79,323898
35825,0.002531,74.125.130.0-255,1484,214520,79,323898
35826,0.002548,74.125.130.0-255,1484,216004,79,323898
35827,0.002563,74.125.130.0-255,2902,218906,79,323898
35828,0.002572,172.31.40.0-255,66,218972,79,323898
35829,0.002581,74.125.130.0-255,2902,221874,79,323898
35830,0.002585,172.31.40.0-255,66,221940,79,323898
35831,0.002617,172.31.40.0-255,66,222006,79,323898
35832,0.002702,74.125.130.0-255,1484,223490,79,323898
35833,0.002715,74.125.130.0-255,5020,228510,79,323898
35834,0.002722,172.31.40.0-255,66,228576,79,323898
35835,0.002733,74.125.130.0-255,4320,232896,79,323898
35836,0.002752,172.31.40.0-255,66,232962,79,323898
35837,0.00276,74.125.130.0-255,2902,235864,79,323898
35838,0.002764,172.31.40.0-255,66,235930,79,323898
35839,0.00278,74.125.130.0-255,7156,243086,79,323898
35840,0.002794,74.125.130.0-255,2902,245988,79,323898
35841,0.002862,74.125.130.0-255,4320,250308,79,323898
35842,0.00289,74.125.130.0-255,2184,252492,79,323898
35843,0.002983,74.125.130.0-255,2902,255394,79,323898
35844,0.003001,74.125.130.0-255,7156,262550,79,323898
35845,0.003025,74.125.130.0-255,7156,269706,79,323898
35846,0.003105,74.125.130.0-255,4320,274026,79,323898
35847,0.003229,74.125.130.0-255,2902,276928,79,323898
35848,0.003246,74.125.130.0-255,4320,281248,79,323898
35849,0.003266,74.125.130.0-255,4320,285568,79,323898
35850,0.00327,172.31.40.0-255,66,285634,79,323898
35851,0.003275,172.31.40.0-255,66,285700,79,323898
35852,0.003319,74.125.130.0-255,4320,290020,79,323898
35853,0.00334,74.125.130.0-255,4320,294340,79,323898
35854,0.003344,172.31.40.0-255,66,294406,79,323898
35855,0.003348,172.31.40.0-255,66,294472,79,323898
35856,0.003391,172.31.40.0-255,66,294538,79,323898
35857,0.003401,74.125.130.0-255,5020,299558,79,323898
35858,0.003405,172.31.40.0-255,66,299624,79,323898
35859,0.003479,74.125.130.0-255,1484,301108,79,323898
35860,0.003528,172.31.40.0-255,66,301174,79,323898
35861,0.003586,74.125.130.0-255,1484,302658,79,323898
35862,0.003601,74.125.130.0-255,2902,305560,79,323898
35863,0.003605,172.31.40.0-255,66,305626,79,323898
35864,0.003621,172.31.40.0-255,66,305692,79,323898
35865,0.003658,172.31.40.0-255,66,305758,79,323898
35866,0.003755,74.125.130.0-255,4320,310078,79,323898
35867,0.003761,172.31.40.0-255,66,310144,79,323898
35868,0.003798,172.31.40.0-255,66,310210,79,323898
35869,0.003818,172.31.40.0-255,66,310276,79,323898
35870,0.004066,74.125.130.0-255,7156,317432,79,323898
35871,0.00408,172.31.40.0-255,66,317498,79,323898
35872,0.004087,74.125.130.0-255,5961,323459,79,323898
35873,0.004089,74.125.130.0-255,97,323556,79,323898
35874,0.004091,74.125.130.0-255,105,323661,79,323898
35875,0.004096,172.31.40.0-255,66,323727,79,323898
35876,0.005568,172.31.40.0-255,105,323832,79,323898
35877,0.00789,74.125.130.0-255,66,323898,79,323898
35878,0.0,74.125.24.0-255,153,153,79,141121
35879,2.3e-05,172.31.40.0-255,66,219,79,141121
35880,3e-05,74.125.24.0-255,1484,1703,79,141121
35881,3.5e-05,172.31.40.0-255,66,1769,79,141121
35882,4e-05,74.125.24.0-255,2902,4671,79,141121
35883,5.2e-05,172.31.40.0-255,66,4737,79,141121
35884,6e-05,74.125.24.0-255,5738,10475,79,141121
35885,6.3e-05,172.31.40.0-255,66,10541,79,141121
35886,0.000117,172.31.40.0-255,66,10607,79,141121
35887,0.000125,74.125.24.0-255,6797,17404,79,141121
35888,0.000128,172.31.40.0-255,66,17470,79,141121
35889,0.000255,74.125.24.0-255,1484,18954,79,141121
35890,0.000259,172.31.40.0-255,66,19020,79,141121
35891,0.000264,74.125.24.0-255,2902,21922,79,141121
35892,0.000266,172.31.40.0-255,66,21988,79,141121
35893,0.000303,74.125.24.0-255,5738,27726,79,141121
35894,0.000306,172.31.40.0-255,66,27792,79,141121
35895,0.00032,172.31.40.0-255,66,27858,79,141121
35896,0.000332,74.125.24.0-255,5738,33596,79,141121
35897,0.000334,172.31.40.0-255,66,33662,79,141121
35898,0.000355,74.125.24.0-255,1484,35146,79,141121
35899,0.000358,172.31.40.0-255,66,35212,79,141121
35900,0.000367,74.125.24.0-255,3897,39109,79,141121
35901,0.00037,172.31.40.0-255,66,39175,79,141121
35902,0.000429,74.125.24.0-255,127,39302,79,141121
35903,0.000431,172.31.40.0-255,66,39368,79,141121
35904,0.000658,74.125.24.0-255,1484,40852,79,141121
35905,0.000663,172.31.40.0-255,66,40918,79,141121
35906,0.000669,74.125.24.0-255,2902,43820,79,141121
35907,0.000672,172.31.40.0-255,66,43886,79,141121
35908,0.000694,74.125.24.0-255,5738,49624,79,141121
35909,0.000697,172.31.40.0-255,66,49690,79,141121
35910,0.000717,74.125.24.0-255,7156,56846,79,141121
35911,0.00072,172.31.40.0-255,66,56912,79,141121
35912,0.000755,74.125.24.0-255,5738,62650,79,141121
35913,0.000758,172.31.40.0-255,66,62716,79,141121
35914,0.000766,74.125.24.0-255,7156,69872,79,141121
35915,0.000768,172.31.40.0-255,66,69938,79,141121
35916,0.00079,74.125.24.0-255,3602,73540,79,141121
35917,0.000793,172.31.40.0-255,66,73606,79,141121
35918,0.001647,74.125.24.0-255,1484,75090,79,141121
35919,0.001656,74.125.24.0-255,2902,77992,79,141121
35920,0.00166,172.31.40.0-255,66,78058,79,141121
35921,0.001698,74.125.24.0-255,5738,83796,79,141121
35922,0.001701,172.31.40.0-255,66,83862,79,141121
35923,0.001704,74.125.24.0-255,1484,85346,79,141121
35924,0.001707,74.125.24.0-255,1484,86830,79,141121
35925,0.001709,172.31.40.0-255,66,86896,79,141121
35926,0.001744,74.125.24.0-255,7156,94052,79,141121
35927,0.001747,172.31.40.0-255,66,94118,79,141121
35928,0.001758,172.31.40.0-255,66,94184,79,141121
35929,0.001784,74.125.24.0-255,2902,97086,79,141121
35930,0.001786,172.31.40.0-255,66,97152,79,141121
35931,0.00179,74.125.24.0-255,2184,99336,79,141121
35932,0.001792,172.31.40.0-255,66,99402,79,141121
35933,0.004117,74.125.24.0-255,2902,102304,79,141121
35934,0.004124,172.31.40.0-255,66,102370,79,141121
35935,0.004152,74.125.24.0-255,2902,105272,79,141121
35936,0.004154,172.31.40.0-255,66,105338,79,141121
35937,0.006447,74.125.24.0-255,2902,108240,79,141121
35938,0.006452,172.31.40.0-255,66,108306,79,141121
35939,0.0065,74.125.24.0-255,2902,111208,79,141121
35940,0.006503,172.31.40.0-255,66,111274,79,141121
35941,0.008805,74.125.24.0-255,2902,114176,79,141121
35942,0.008812,172.31.40.0-255,66,114242,79,141121
35943,0.008856,74.125.24.0-255,2902,117144,79,141121
35944,0.00886,172.31.40.0-255,66,117210,79,141121
35945,0.011139,74.125.24.0-255,2902,120112,79,141121
35946,0.011148,172.31.40.0-255,66,120178,79,141121
35947,0.011195,74.125.24.0-255,2902,123080,79,141121
35948,0.011197,172.31.40.0-255,66,123146,79,141121
35949,0.013019,172.31.40.0-255,101,123247,79,141121
35950,0.013442,74.125.24.0-255,2902,126149,79,141121
35951,0.013449,172.31.40.0-255,66,126215,79,141121
35952,0.013507,74.125.24.0-255,2902,129117,79,141121
35953,0.01351,172.31.40.0-255,66,129183,79,141121
35954,0.015296,74.125.24.0-255,66,129249,79,141121
35955,0.015743,74.125.24.0-255,2902,132151,79,141121
35956,0.015751,172.31.40.0-255,66,132217,79,141121
35957,0.015803,74.125.24.0-255,2902,135119,79,141121
35958,0.015807,172.31.40.0-255,66,135185,79,141121
35959,0.01808,74.125.24.0-255,2902,138087,79,141121
35960,0.018088,172.31.40.0-255,66,138153,79,141121
35961,0.018155,74.125.24.0-255,2902,141055,79,141121
35962,0.018158,172.31.40.0-255,66,141121,79,141121
35963,0.0,172.217.26.0-255,153,153,79,225899
35964,2.3e-05,172.31.40.0-255,66,219,79,225899
35965,2.9e-05,172.217.26.0-255,1484,1703,79,225899
35966,3.3e-05,172.31.40.0-255,66,1769,79,225899
35967,3.9e-05,172.217.26.0-255,2902,4671,79,225899
35968,4.2e-05,172.31.40.0-255,66,4737,79,225899
35969,5.8e-05,172.217.26.0-255,7156,11893,79,225899
35970,6.1e-05,172.31.40.0-255,66,11959,79,225899
35971,6.8e-05,172.217.26.0-255,6232,18191,79,225899
35972,7.1e-05,172.31.40.0-255,66,18257,79,225899
35973,7.8e-05,172.217.26.0-255,7156,25413,79,225899
35974,8.1e-05,172.31.40.0-255,66,25479,79,225899
35975,0.000104,172.217.26.0-255,5379,30858,79,225899
35976,0.000112,172.31.40.0-255,66,30924,79,225899
35977,0.000165,172.217.26.0-255,1484,32408,79,225899
35978,0.000168,172.31.40.0-255,66,32474,79,225899
35979,0.000172,172.217.26.0-255,2902,35376,79,225899
35980,0.000175,172.31.40.0-255,66,35442,79,225899
35981,0.00018,172.217.26.0-255,4320,39762,79,225899
35982,0.000187,172.31.40.0-255,66,39828,79,225899
35983,0.000197,172.217.26.0-255,1484,41312,79,225899
35984,0.000199,172.31.40.0-255,66,41378,79,225899
35985,0.000206,172.217.26.0-255,5738,47116,79,225899
35986,0.000209,172.31.40.0-255,66,47182,79,225899
35987,0.00024,172.217.26.0-255,7156,54338,79,225899
35988,0.000243,172.31.40.0-255,66,54404,79,225899
35989,0.000256,172.217.26.0-255,2902,57306,79,225899
35990,0.000258,172.31.40.0-255,66,57372,79,225899
35991,0.000288,172.31.40.0-255,66,57438,79,225899
35992,0.000839,172.217.26.0-255,385,57823,79,225899
35993,0.000844,172.31.40.0-255,66,57889,79,225899
35994,0.001025,172.217.26.0-255,1484,59373,79,225899
35995,0.001031,172.217.26.0-255,2902,62275,79,225899
35996,0.001034,172.31.40.0-255,66,62341,79,225899
35997,0.00104,172.217.26.0-255,2902,65243,79,225899
35998,0.001042,172.31.40.0-255,66,65309,79,225899
35999,0.001069,172.217.26.0-255,2902,68211,79,225899
36000,0.001071,172.31.40.0-255,66,68277,79,225899
36001,0.001082,172.31.40.0-255,66,68343,79,225899
36002,0.001127,172.217.26.0-255,4320,72663,79,225899
36003,0.00113,172.31.40.0-255,66,72729,79,225899
36004,0.001138,172.217.26.0-255,7156,79885,79,225899
36005,0.00114,172.31.40.0-255,66,79951,79,225899
36006,0.001149,172.217.26.0-255,3602,83553,79,225899
36007,0.001151,172.31.40.0-255,66,83619,79,225899
36008,0.001314,172.217.26.0-255,1484,85103,79,225899
36009,0.001319,172.217.26.0-255,1484,86587,79,225899
36010,0.001322,172.31.40.0-255,66,86653,79,225899
36011,0.001355,172.217.26.0-255,1484,88137,79,225899
36012,0.00136,172.217.26.0-255,2902,91039,79,225899
36013,0.001363,172.31.40.0-255,66,91105,79,225899
36014,0.001368,172.217.26.0-255,4320,95425,79,225899
36015,0.00137,172.31.40.0-255,66,95491,79,225899
36016,0.001375,172.217.26.0-255,4320,99811,79,225899
36017,0.001377,172.31.40.0-255,66,99877,79,225899
36018,0.001405,172.217.26.0-255,4320,104197,79,225899
36019,0.001407,172.31.40.0-255,66,104263,79,225899
36020,0.001426,172.31.40.0-255,66,104329,79,225899
36021,0.001457,172.217.26.0-255,1484,105813,79,225899
36022,0.001462,172.217.26.0-255,2902,108715,79,225899
36023,0.001465,172.31.40.0-255,66,108781,79,225899
36024,0.001471,172.217.26.0-255,5738,114519,79,225899
36025,0.001474,172.31.40.0-255,66,114585,79,225899
36026,0.001512,172.217.26.0-255,2902,117487,79,225899
36027,0.001514,172.31.40.0-255,66,117553,79,225899
36028,0.001553,172.31.40.0-255,66,117619,79,225899
36029,0.001565,172.31.40.0-255,66,117685,79,225899
36030,0.001568,172.217.26.0-255,1484,119169,79,225899
36031,0.001577,172.217.26.0-255,2902,122071,79,225899
36032,0.001579,172.31.40.0-255,66,122137,79,225899
36033,0.001586,172.217.26.0-255,5738,127875,79,225899
36034,0.001589,172.31.40.0-255,66,127941,79,225899
36035,0.001591,172.217.26.0-255,1484,129425,79,225899
36036,0.00162,172.217.26.0-255,1484,130909,79,225899
36037,0.001627,172.31.40.0-255,66,130975,79,225899
36038,0.001633,172.217.26.0-255,4320,135295,79,225899
36039,0.001635,172.31.40.0-255,66,135361,79,225899
36040,0.001646,172.31.40.0-255,66,135427,79,225899
36041,0.001653,172.217.26.0-255,5738,141165,79,225899
36042,0.001655,172.31.40.0-255,66,141231,79,225899
36043,0.001682,172.217.26.0-255,2184,143415,79,225899
36044,0.001688,172.31.40.0-255,66,143481,79,225899
36045,0.001713,172.217.26.0-255,1484,144965,79,225899
36046,0.001733,172.217.26.0-255,2902,147867,79,225899
36047,0.001736,172.31.40.0-255,66,147933,79,225899
36048,0.001743,172.217.26.0-255,5738,153671,79,225899
36049,0.001745,172.31.40.0-255,66,153737,79,225899
36050,0.00175,172.217.26.0-255,4320,158057,79,225899
36051,0.001758,172.31.40.0-255,66,158123,79,225899
36052,0.001791,172.217.26.0-255,1484,159607,79,225899
36053,0.0018,172.217.26.0-255,7156,166763,79,225899
36054,0.001803,172.31.40.0-255,66,166829,79,225899
36055,0.001814,172.31.40.0-255,66,166895,79,225899
36056,0.00184,172.217.26.0-255,2184,169079,79,225899
36057,0.001842,172.31.40.0-255,66,169145,79,225899
36058,0.001942,172.217.26.0-255,1484,170629,79,225899
36059,0.001948,172.217.26.0-255,2902,173531,79,225899
36060,0.001952,172.31.40.0-255,66,173597,79,225899
36061,0.001971,172.217.26.0-255,1484,175081,79,225899
36062,0.003894,172.217.26.0-255,4320,179401,79,225899
36063,0.003903,172.31.40.0-255,66,179467,79,225899
36064,0.005849,172.217.26.0-255,5738,185205,79,225899
36065,0.005853,172.31.40.0-255,66,185271,79,225899
36066,0.007801,172.217.26.0-255,5738,191009,79,225899
36067,0.00782,172.31.40.0-255,66,191075,79,225899
36068,0.009756,172.217.26.0-255,5738,196813,79,225899
36069,0.009763,172.31.40.0-255,66,196879,79,225899
36070,0.011717,172.217.26.0-255,5738,202617,79,225899
36071,0.01173,172.31.40.0-255,66,202683,79,225899
36072,0.013676,172.217.26.0-255,5738,208421,79,225899
36073,0.013684,172.31.40.0-255,66,208487,79,225899
36074,0.015624,172.217.26.0-255,5738,214225,79,225899
36075,0.015631,172.31.40.0-255,66,214291,79,225899
36076,0.01759,172.217.26.0-255,5738,220029,79,225899
36077,0.017604,172.31.40.0-255,66,220095,79,225899
36078,0.019551,172.217.26.0-255,5738,225833,79,225899
36079,0.019559,172.31.40.0-255,66,225899,79,225899
36080,0.0,74.125.24.0-255,153,153,79,244236
36081,2.1e-05,172.31.40.0-255,66,219,79,244236
36082,2.8e-05,74.125.24.0-255,1484,1703,79,244236
36083,3.2e-05,172.31.40.0-255,66,1769,79,244236
36084,4.6e-05,74.125.24.0-255,2902,4671,79,244236
36085,4.9e-05,172.31.40.0-255,66,4737,79,244236
36086,5.5e-05,74.125.24.0-255,5738,10475,79,244236
36087,5.7e-05,172.31.40.0-255,66,10541,79,244236
36088,7.5e-05,74.125.24.0-255,1484,12025,79,244236
36089,7.8e-05,172.31.40.0-255,66,12091,79,244236
36090,0.000102,74.125.24.0-255,2031,14122,79,244236
36091,0.000104,172.31.40.0-255,66,14188,79,244236
36092,0.000186,74.125.24.0-255,1484,15672,79,244236
36093,0.000189,172.31.40.0-255,66,15738,79,244236
36094,0.000217,74.125.24.0-255,2902,18640,79,244236
36095,0.00022,172.31.40.0-255,66,18706,79,244236
36096,0.000227,74.125.24.0-255,5738,24444,79,244236
36097,0.000229,172.31.40.0-255,66,24510,79,244236
36098,0.000233,74.125.24.0-255,2902,27412,79,244236
36099,0.000235,172.31.40.0-255,66,27478,79,244236
36100,0.000269,74.125.24.0-255,1484,28962,79,244236
36101,0.000271,172.31.40.0-255,66,29028,79,244236
36102,0.000308,172.31.40.0-255,66,29094,79,244236
36103,0.000319,172.31.40.0-255,66,29160,79,244236
36104,0.000346,74.125.24.0-255,2902,32062,79,244236
36105,0.000349,172.31.40.0-255,66,32128,79,244236
36106,0.000361,172.31.40.0-255,66,32194,79,244236
36107,0.000411,74.125.24.0-255,3938,36132,79,244236
36108,0.000414,172.31.40.0-255,66,36198,79,244236
36109,0.000451,74.125.24.0-255,110,36308,79,244236
36110,0.000595,74.125.24.0-255,1484,37792,79,244236
36111,0.0006,172.31.40.0-255,66,37858,79,244236
36112,0.00061,74.125.24.0-255,2902,40760,79,244236
36113,0.000613,172.31.40.0-255,66,40826,79,244236
36114,0.000645,74.125.24.0-255,5738,46564,79,244236
36115,0.000648,172.31.40.0-255,66,46630,79,244236
36116,0.000653,74.125.24.0-255,4320,50950,79,244236
36117,0.000655,172.31.40.0-255,66,51016,79,244236
36118,0.000659,74.125.24.0-255,2902,53918,79,244236
36119,0.000661,172.31.40.0-255,66,53984,79,244236
36120,0.000695,172.31.40.0-255,66,54050,79,244236
36121,0.000706,172.31.40.0-255,66,54116,79,244236
36122,0.001079,74.125.24.0-255,1484,55600,79,244236
36123,0.001083,74.125.24.0-255,1484,57084,79,244236
36124,0.001086,172.31.40.0-255,66,57150,79,244236
36125,0.0011,74.125.24.0-255,1484,58634,79,244236
36126,0.001108,74.125.24.0-255,4320,62954,79,244236
36127,0.00111,172.31.40.0-255,66,63020,79,244236
36128,0.001136,74.125.24.0-255,1484,64504,79,244236
36129,0.001149,172.31.40.0-255,66,64570,79,244236
36130,0.001175,74.125.24.0-255,2902,67472,79,244236
36131,0.001177,172.31.40.0-255,66,67538,79,244236
36132,0.001183,74.125.24.0-255,5738,73276,79,244236
36133,0.001184,172.31.40.0-255,66,73342,79,244236
36134,0.001203,74.125.24.0-255,2902,76244,79,244236
36135,0.001205,172.31.40.0-255,66,76310,79,244236
36136,0.001234,74.125.24.0-255,3602,79912,79,244236
36137,0.001237,172.31.40.0-255,66,79978,79,244236
36138,0.001243,74.125.24.0-255,7156,87134,79,244236
36139,0.001257,172.31.40.0-255,66,87200,79,244236
36140,0.001258,172.31.40.0-255,66,87266,79,244236
36141,0.001289,74.125.24.0-255,5738,93004,79,244236
36142,0.001291,172.31.40.0-255,66,93070,79,244236
36143,0.001302,172.31.40.0-255,66,93136,79,244236
36144,0.001304,74.125.24.0-255,1484,94620,79,244236
36145,0.001332,74.125.24.0-255,2902,97522,79,244236
36146,0.001334,172.31.40.0-255,66,97588,79,244236
36147,0.00134,74.125.24.0-255,5738,103326,79,244236
36148,0.001342,172.31.40.0-255,66,103392,79,244236
36149,0.001382,172.31.40.0-255,66,103458,79,244236
36150,0.001441,172.31.40.0-255,66,103524,79,244236
36151,0.001457,74.125.24.0-255,2184,105708,79,244236
36152,0.001459,172.31.40.0-255,66,105774,79,244236
36153,0.001466,74.125.24.0-255,7156,112930,79,244236
36154,0.001468,172.31.40.0-255,66,112996,79,244236
36155,0.001499,74.125.24.0-255,4320,117316,79,244236
36156,0.001501,172.31.40.0-255,66,117382,79,244236
36157,0.001507,74.125.24.0-255,7156,124538,79,244236
36158,0.001509,172.31.40.0-255,66,124604,79,244236
36159,0.001537,74.125.24.0-255,4320,128924,79,244236
36160,0.00154,172.31.40.0-255,66,128990,79,244236
36161,0.001573,172.31.40.0-255,66,129056,79,244236
36162,0.001636,74.125.24.0-255,1484,130540,79,244236
36163,0.001656,74.125.24.0-255,2902,133442,79,244236
36164,0.001659,172.31.40.0-255,66,133508,79,244236
36165,0.001664,74.125.24.0-255,5738,139246,79,244236
36166,0.001666,172.31.40.0-255,66,139312,79,244236
36167,0.001669,74.125.24.0-255,2902,142214,79,244236
36168,0.001672,172.31.40.0-255,66,142280,79,244236
36169,0.001695,74.125.24.0-255,2902,145182,79,244236
36170,0.001698,172.31.40.0-255,66,145248,79,244236
36171,0.001708,74.125.24.0-255,5738,150986,79,244236
36172,0.00171,172.31.40.0-255,66,151052,79,244236
36173,0.00174,74.125.24.0-255,7156,158208,79,244236
36174,0.001743,172.31.40.0-255,66,158274,79,244236
36175,0.001748,74.125.24.0-255,5020,163294,79,244236
36176,0.00175,172.31.40.0-255,66,163360,79,244236
36177,0.00205,74.125.24.0-255,1484,164844,79,244236
36178,0.002056,74.125.24.0-255,2902,167746,79,244236
36179,0.002059,172.31.40.0-255,66,167812,79,244236
36180,0.00209,74.125.24.0-255,4320,172132,79,244236
36181,0.002092,172.31.40.0-255,66,172198,79,244236
36182,0.002103,172.31.40.0-255,66,172264,79,244236
36183,0.002148,172.31.40.0-255,66,172330,79,244236
36184,0.002179,74.125.24.0-255,7156,179486,79,244236
36185,0.002182,172.31.40.0-255,66,179552,79,244236
36186,0.002185,74.125.24.0-255,766,180318,79,244236
36187,0.002265,74.125.24.0-255,1484,181802,79,244236
36188,0.002269,172.31.40.0-255,66,181868,79,244236
36189,0.002296,74.125.24.0-255,2902,184770,79,244236
36190,0.002299,172.31.40.0-255,66,184836,79,244236
36191,0.002305,74.125.24.0-255,5738,190574,79,244236
36192,0.002307,172.31.40.0-255,66,190640,79,244236
36193,0.00231,74.125.24.0-255,1484,192124,79,244236
36194,0.00235,172.31.40.0-255,66,192190,79,244236
36195,0.002367,172.31.40.0-255,66,192256,79,244236
36196,0.002391,74.125.24.0-255,2902,195158,79,244236
36197,0.002394,172.31.40.0-255,66,195224,79,244236
36198,0.002433,172.31.40.0-255,66,195290,79,244236
36199,0.002436,172.31.40.0-255,66,195356,79,244236
36200,0.002448,74.125.24.0-255,4320,199676,79,244236
36201,0.002451,172.31.40.0-255,66,199742,79,244236
36202,0.002477,74.125.24.0-255,6438,206180,79,244236
36203,0.00248,172.31.40.0-255,66,206246,79,244236
36204,0.002534,74.125.24.0-255,1484,207730,79,244236
36205,0.002581,74.125.24.0-255,2902,210632,79,244236
36206,0.002584,172.31.40.0-255,66,210698,79,244236
36207,0.002587,74.125.24.0-255,1484,212182,79,244236
36208,0.00514,74.125.24.0-255,4320,216502,79,244236
36209,0.005159,172.31.40.0-255,66,216568,79,244236
36210,0.007703,74.125.24.0-255,5738,222306,79,244236
36211,0.00772,172.31.40.0-255,66,222372,79,244236
36212,0.010243,74.125.24.0-255,4320,226692,79,244236
36213,0.010247,172.31.40.0-255,66,226758,79,244236
36214,0.010272,74.125.24.0-255,1484,228242,79,244236
36215,0.012791,74.125.24.0-255,4320,232562,79,244236
36216,0.012798,172.31.40.0-255,66,232628,79,244236
36217,0.015361,74.125.24.0-255,5738,238366,79,244236
36218,0.015377,172.31.40.0-255,66,238432,79,244236
36219,0.017965,74.125.24.0-255,5738,244170,79,244236
36220,0.017982,172.31.40.0-255,66,244236,79,244236
36221,0.0,74.125.200.0-255,296,296,79,239368
36222,2.4e-05,172.31.40.0-255,66,362,79,239368
36223,3.2e-05,74.125.200.0-255,1484,1846,79,239368
36224,3.7e-05,172.31.40.0-255,66,1912,79,239368
36225,4.4e-05,74.125.200.0-255,4320,6232,79,239368
36226,4.7e-05,172.31.40.0-255,66,6298,79,239368
36227,6.7e-05,74.125.200.0-255,1484,7782,79,239368
36228,6.9e-05,172.31.40.0-255,66,7848,79,239368
36229,9e-05,74.125.200.0-255,6174,14022,79,239368
36230,9.4e-05,172.31.40.0-255,66,14088,79,239368
36231,0.000103,172.31.40.0-255,66,14154,79,239368
36232,0.000159,172.31.40.0-255,66,14220,79,239368
36233,0.000172,172.31.40.0-255,66,14286,79,239368
36234,0.000175,74.125.200.0-255,766,15052,79,239368
36235,0.000177,172.31.40.0-255,66,15118,79,239368
36236,0.000526,74.125.200.0-255,1484,16602,79,239368
36237,0.000532,172.31.40.0-255,66,16668,79,239368
36238,0.000554,74.125.200.0-255,2902,19570,79,239368
36239,0.000557,172.31.40.0-255,66,19636,79,239368
36240,0.000563,74.125.200.0-255,5738,25374,79,239368
36241,0.000567,172.31.40.0-255,66,25440,79,239368
36242,0.000573,74.125.200.0-255,5738,31178,79,239368
36243,0.000576,172.31.40.0-255,66,31244,79,239368
36244,0.000623,74.125.200.0-255,1714,32958,79,239368
36245,0.000626,172.31.40.0-255,66,33024,79,239368
36246,0.000931,74.125.200.0-255,1484,34508,79,239368
36247,0.000937,172.31.40.0-255,66,34574,79,239368
36248,0.000944,74.125.200.0-255,2902,37476,79,239368
36249,0.000947,172.31.40.0-255,66,37542,79,239368
36250,0.000967,74.125.200.0-255,5738,43280,79,239368
36251,0.000969,172.31.40.0-255,66,43346,79,239368
36252,0.000975,74.125.200.0-255,4320,47666,79,239368
36253,0.000977,172.31.40.0-255,66,47732,79,239368
36254,0.00098,74.125.200.0-255,1484,49216,79,239368
36255,0.001001,74.125.200.0-255,4320,53536,79,239368
36256,0.001003,172.31.40.0-255,66,53602,79,239368
36257,0.001031,172.31.40.0-255,66,53668,79,239368
36258,0.001035,74.125.200.0-255,2184,55852,79,239368
36259,0.001037,172.31.40.0-255,66,55918,79,239368
36260,0.001111,74.125.200.0-255,1484,57402,79,239368
36261,0.001117,74.125.200.0-255,1484,58886,79,239368
36262,0.00112,172.31.40.0-255,66,58952,79,239368
36263,0.001141,74.125.200.0-255,2902,61854,79,239368
36264,0.001148,74.125.200.0-255,5738,67592,79,239368
36265,0.001165,172.31.40.0-255,66,67658,79,239368
36266,0.001176,74.125.200.0-255,4320,71978,79,239368
36267,0.001181,172.31.40.0-255,66,72044,79,239368
36268,0.001223,74.125.200.0-255,5738,77782,79,239368
36269,0.001226,172.31.40.0-255,66,77848,79,239368
36270,0.001231,172.31.40.0-255,66,77914,79,239368
36271,0.001258,74.125.200.0-255,4320,82234,79,239368
36272,0.001261,74.125.200.0-255,1484,83718,79,239368
36273,0.00127,172.31.40.0-255,66,83784,79,239368
36274,0.001283,74.125.200.0-255,4320,88104,79,239368
36275,0.001306,74.125.200.0-255,1484,89588,79,239368
36276,0.00132,172.31.40.0-255,66,89654,79,239368
36277,0.001333,74.125.200.0-255,2184,91838,79,239368
36278,0.001348,74.125.200.0-255,2902,94740,79,239368
36279,0.00135,74.125.200.0-255,1484,96224,79,239368
36280,0.001353,172.31.40.0-255,66,96290,79,239368
36281,0.001374,74.125.200.0-255,5738,102028,79,239368
36282,0.001379,74.125.200.0-255,2902,104930,79,239368
36283,0.001396,74.125.200.0-255,7156,112086,79,239368
36284,0.001403,172.31.40.0-255,66,112152,79,239368
36285,0.001425,74.125.200.0-255,1484,113636,79,239368
36286,0.00146,74.125.200.0-255,766,114402,79,239368
36287,0.001464,172.31.40.0-255,66,114468,79,239368
36288,0.001528,74.125.200.0-255,5738,120206,79,239368
36289,0.001534,172.31.40.0-255,66,120272,79,239368
36290,0.001558,74.125.200.0-255,7156,127428,79,239368
36291,0.001577,74.125.200.0-255,6438,133866,79,239368
36292,0.001583,74.125.200.0-255,7156,141022,79,239368
36293,0.001591,172.31.40.0-255,66,141088,79,239368
36294,0.001612,74.125.200.0-255,7156,148244,79,239368
36295,0.001638,172.31.40.0-255,66,148310,79,239368
36296,0.001677,74.125.200.0-255,2902,151212,79,239368
36297,0.001691,74.125.200.0-255,5738,156950,79,239368
36298,0.001703,172.31.40.0-255,66,157016,79,239368
36299,0.001718,74.125.200.0-255,2902,159918,79,239368
36300,0.001725,74.125.200.0-255,4320,164238,79,239368
36301,0.001745,74.125.200.0-255,4320,168558,79,239368
36302,0.001751,172.31.40.0-255,66,168624,79,239368
36303,0.001783,74.125.200.0-255,766,169390,79,239368
36304,0.001787,172.31.40.0-255,66,169456,79,239368
36305,0.0018,74.125.200.0-255,1484,170940,79,239368
36306,0.001817,74.125.200.0-255,1484,172424,79,239368
36307,0.001827,74.125.200.0-255,1484,173908,79,239368
36308,0.001832,74.125.200.0-255,2902,176810,79,239368
36309,0.001849,74.125.200.0-255,2902,179712,79,239368
36310,0.001852,74.125.200.0-255,1484,181196,79,239368
36311,0.00186,172.31.40.0-255,66,181262,79,239368
36312,0.001879,74.125.200.0-255,5738,187000,79,239368
36313,0.001899,172.31.40.0-255,66,187066,79,239368
36314,0.002093,172.31.40.0-255,66,187132,79,239368
36315,0.00403,74.125.200.0-255,5738,192870,79,239368
36316,0.004036,172.31.40.0-255,66,192936,79,239368
36317,0.005983,74.125.200.0-255,5738,198674,79,239368
36318,0.005997,172.31.40.0-255,66,198740,79,239368
36319,0.007956,74.125.200.0-255,5738,204478,79,239368
36320,0.007972,172.31.40.0-255,66,204544,79,239368
36321,0.009914,74.125.200.0-255,5738,210282,79,239368
36322,0.009923,172.31.40.0-255,66,210348,79,239368
36323,0.011887,74.125.200.0-255,5738,216086,79,239368
36324,0.011894,172.31.40.0-255,66,216152,79,239368
36325,0.013918,74.125.200.0-255,5738,221890,79,239368
36326,0.013948,172.31.40.0-255,66,221956,79,239368
36327,0.01587,74.125.200.0-255,5738,227694,79,239368
36328,0.015874,172.31.40.0-255,66,227760,79,239368
36329,0.017804,74.125.200.0-255,5738,233498,79,239368
36330,0.017812,172.31.40.0-255,66,233564,79,239368
36331,0.019757,74.125.200.0-255,5738,239302,79,239368
36332,0.019766,172.31.40.0-255,66,239368,79,239368
36333,0.0,172.217.160.0-255,153,153,79,236867
36334,1.4e-05,172.31.40.0-255,66,219,79,236867
36335,2.2e-05,172.217.160.0-255,1484,1703,79,236867
36336,2.6e-05,172.31.40.0-255,66,1769,79,236867
36337,3.1e-05,172.217.160.0-255,2902,4671,79,236867
36338,3.4e-05,172.31.40.0-255,66,4737,79,236867
36339,3.9e-05,172.217.160.0-255,4320,9057,79,236867
36340,4.2e-05,172.31.40.0-255,66,9123,79,236867
36341,7.8e-05,172.31.40.0-255,66,9189,79,236867
36342,0.000101,172.217.160.0-255,4320,13509,79,236867
36343,0.000103,172.31.40.0-255,66,13575,79,236867
36344,0.000135,172.31.40.0-255,66,13641,79,236867
36345,0.000166,172.217.160.0-255,1484,15125,79,236867
36346,0.000168,172.31.40.0-255,66,15191,79,236867
36347,0.000189,172.217.160.0-255,2902,18093,79,236867
36348,0.000192,172.31.40.0-255,66,18159,79,236867
36349,0.000198,172.217.160.0-255,5738,23897,79,236867
36350,0.0002,172.31.40.0-255,66,23963,79,236867
36351,0.000224,172.217.160.0-255,1484,25447,79,236867
36352,0.000226,172.31.40.0-255,66,25513,79,236867
36353,0.000239,172.217.160.0-255,4320,29833,79,236867
36354,0.000242,172.31.40.0-255,66,29899,79,236867
36355,0.000253,172.217.160.0-255,1125,31024,79,236867
36356,0.000255,172.31.40.0-255,66,31090,79,236867
36357,0.000353,172.217.160.0-255,1484,32574,79,236867
36358,0.000356,172.31.40.0-255,66,32640,79,236867
36359,0.000361,172.217.160.0-255,2902,35542,79,236867
36360,0.000363,172.31.40.0-255,66,35608,79,236867
36361,0.00037,172.217.160.0-255,5738,41346,79,236867
36362,0.000372,172.31.40.0-255,66,41412,79,236867
36363,0.000435,172.217.160.0-255,4320,45732,79,236867
36364,0.000441,172.217.160.0-255,2849,48581,79,236867
36365,0.000606,172.217.160.0-255,104,48685,79,236867
36366,0.00067,172.31.40.0-255,66,48751,79,236867
36367,0.00071,172.217.160.0-255,1484,50235,79,236867
36368,0.000716,172.217.160.0-255,2902,53137,79,236867
36369,0.000721,172.31.40.0-255,66,53203,79,236867
36370,0.000747,172.217.160.0-255,5738,58941,79,236867
36371,0.000754,172.217.160.0-255,6797,65738,79,236867
36372,0.000759,172.31.40.0-255,66,65804,79,236867
36373,0.00078,172.217.160.0-255,5738,71542,79,236867
36374,0.000796,172.31.40.0-255,66,71608,79,236867
36375,0.000815,172.217.160.0-255,2543,74151,79,236867
36376,0.000819,172.217.160.0-255,2902,77053,79,236867
36377,0.000823,172.217.160.0-255,4320,81373,79,236867
36378,0.000845,172.217.160.0-255,2902,84275,79,236867
36379,0.000852,172.217.160.0-255,6398,90673,79,236867
36380,0.000858,172.31.40.0-255,66,90739,79,236867
36381,0.000878,172.217.160.0-255,2902,93641,79,236867
36382,0.000887,172.31.40.0-255,66,93707,79,236867
36383,0.000912,172.217.160.0-255,4320,98027,79,236867
36384,0.000918,172.217.160.0-255,5738,103765,79,236867
36385,0.000922,172.31.40.0-255,66,103831,79,236867
36386,0.000945,172.217.160.0-255,4391,108222,79,236867
36387,0.000963,172.217.160.0-255,5738,113960,79,236867
36388,0.000968,172.31.40.0-255,66,114026,79,236867
36389,0.001004,172.217.160.0-255,4320,118346,79,236867
36390,0.001025,172.217.160.0-255,6515,124861,79,236867
36391,0.001033,172.31.40.0-255,66,124927,79,236867
36392,0.001063,172.217.160.0-255,1484,126411,79,236867
36393,0.001067,172.217.160.0-255,1484,127895,79,236867
36394,0.001082,172.217.160.0-255,1484,129379,79,236867
36395,0.001089,172.217.160.0-255,5738,135117,79,236867
36396,0.001098,172.31.40.0-255,66,135183,79,236867
36397,0.001134,172.31.40.0-255,66,135249,79,236867
36398,0.001152,172.217.160.0-255,5738,140987,79,236867
36399,0.001175,172.217.160.0-255,6438,147425,79,236867
36400,0.00118,172.31.40.0-255,66,147491,79,236867
36401,0.001197,172.217.160.0-255,1484,148975,79,236867
36402,0.001221,172.217.160.0-255,2902,151877,79,236867
36403,0.001227,172.217.160.0-255,5738,157615,79,236867
36404,0.001229,172.217.160.0-255,1484,159099,79,236867
36405,0.001241,172.217.160.0-255,4320,163419,79,236867
36406,0.001244,172.31.40.0-255,66,163485,79,236867
36407,0.001266,172.217.160.0-255,7156,170641,79,236867
36408,0.001268,172.217.160.0-255,1484,172125,79,236867
36409,0.001273,172.31.40.0-255,66,172191,79,236867
36410,0.001313,172.31.40.0-255,66,172257,79,236867
36411,0.001507,172.217.160.0-255,1484,173741,79,236867
36412,0.001526,172.217.160.0-255,2902,176643,79,236867
36413,0.001532,172.217.160.0-255,5738,182381,79,236867
36414,0.001538,172.31.40.0-255,66,182447,79,236867
36415,0.001547,172.217.160.0-255,1484,183931,79,236867
36416,0.001559,172.217.160.0-255,4320,188251,79,236867
36417,0.001566,172.31.40.0-255,66,188317,79,236867
36418,0.001589,172.217.160.0-255,7156,195473,79,236867
36419,0.001594,172.217.160.0-255,5738,201211,79,236867
36420,0.001644,172.217.160.0-255,5020,206231,79,236867
36421,0.001648,172.31.40.0-255,66,206297,79,236867
36422,0.001653,172.31.40.0-255,66,206363,79,236867
36423,0.003308,172.217.160.0-255,5738,212101,79,236867
36424,0.003313,172.31.40.0-255,66,212167,79,236867
36425,0.004982,172.217.160.0-255,5738,217905,79,236867
36426,0.011153,172.217.160.0-255,1484,219389,79,236867
36427,0.014159,172.31.40.0-255,66,219455,79,236867
36428,0.015866,172.217.160.0-255,5738,225193,79,236867
36429,0.015873,172.31.40.0-255,66,225259,79,236867
36430,0.017526,172.217.160.0-255,5738,230997,79,236867
36431,0.017535,172.31.40.0-255,66,231063,79,236867
36432,0.019182,172.217.160.0-255,5738,236801,79,236867
36433,0.019191,172.31.40.0-255,66,236867,79,236867
36434,0.0,172.217.27.0-255,146,146,79,199192
36435,1.9e-05,172.31.40.0-255,66,212,79,199192
36436,2.6e-05,172.217.27.0-255,1484,1696,79,199192
36437,3e-05,172.31.40.0-255,66,1762,79,199192
36438,3.6e-05,172.217.27.0-255,2902,4664,79,199192
36439,4e-05,172.31.40.0-255,66,4730,79,199192
36440,4.8e-05,172.217.27.0-255,7156,11886,79,199192
36441,5.1e-05,172.31.40.0-255,66,11952,79,199192
36442,5.8e-05,172.217.27.0-255,4876,16828,79,199192
36443,6e-05,172.31.40.0-255,66,16894,79,199192
36444,6.6e-05,172.217.27.0-255,5738,22632,79,199192
36445,6.9e-05,172.31.40.0-255,66,22698,79,199192
36446,9.8e-05,172.217.27.0-255,4320,27018,79,199192
36447,0.000101,172.31.40.0-255,66,27084,79,199192
36448,0.00012,172.217.27.0-255,3961,31045,79,199192
36449,0.000123,172.31.40.0-255,66,31111,79,199192
36450,0.000174,172.217.27.0-255,1484,32595,79,199192
36451,0.000176,172.31.40.0-255,66,32661,79,199192
36452,0.000181,172.217.27.0-255,2902,35563,79,199192
36453,0.000183,172.31.40.0-255,66,35629,79,199192
36454,0.0002,172.217.27.0-255,4320,39949,79,199192
36455,0.000203,172.31.40.0-255,66,40015,79,199192
36456,0.000209,172.217.27.0-255,5738,45753,79,199192
36457,0.000212,172.31.40.0-255,66,45819,79,199192
36458,0.000236,172.217.27.0-255,5738,51557,79,199192
36459,0.000239,172.31.40.0-255,66,51623,79,199192
36460,0.000258,172.217.27.0-255,6797,58420,79,199192
36461,0.000261,172.31.40.0-255,66,58486,79,199192
36462,0.000268,172.217.27.0-255,7068,65554,79,199192
36463,0.00027,172.31.40.0-255,66,65620,79,199192
36464,0.000691,172.217.27.0-255,130,65750,79,199192
36465,0.000697,172.31.40.0-255,66,65816,79,199192
36466,0.000725,172.217.27.0-255,1484,67300,79,199192
36467,0.000729,172.217.27.0-255,1484,68784,79,199192
36468,0.000732,172.31.40.0-255,66,68850,79,199192
36469,0.000748,172.217.27.0-255,1484,70334,79,199192
36470,0.000754,172.217.27.0-255,4320,74654,79,199192
36471,0.000757,172.31.40.0-255,66,74720,79,199192
36472,0.000762,172.217.27.0-255,2902,77622,79,199192
36473,0.000764,172.31.40.0-255,66,77688,79,199192
36474,0.000788,172.217.27.0-255,2902,80590,79,199192
36475,0.000791,172.31.40.0-255,66,80656,79,199192
36476,0.000812,172.217.27.0-255,2543,83199,79,199192
36477,0.000815,172.217.27.0-255,2902,86101,79,199192
36478,0.000819,172.31.40.0-255,66,86167,79,199192
36479,0.000822,172.31.40.0-255,66,86233,79,199192
36480,0.000844,172.217.27.0-255,7156,93389,79,199192
36481,0.000847,172.31.40.0-255,66,93455,79,199192
36482,0.000853,172.217.27.0-255,4320,97775,79,199192
36483,0.000855,172.31.40.0-255,66,97841,79,199192
36484,0.000872,172.217.27.0-255,2543,100384,79,199192
36485,0.000874,172.31.40.0-255,66,100450,79,199192
36486,0.000958,172.217.27.0-255,1484,101934,79,199192
36487,0.000962,172.217.27.0-255,1484,103418,79,199192
36488,0.000965,172.31.40.0-255,66,103484,79,199192
36489,0.000987,172.217.27.0-255,1484,104968,79,199192
36490,0.000994,172.217.27.0-255,5738,110706,79,199192
36491,0.000997,172.31.40.0-255,66,110772,79,199192
36492,0.001029,172.31.40.0-255,66,110838,79,199192
36493,0.001072,172.217.27.0-255,5738,116576,79,199192
36494,0.001076,172.31.40.0-255,66,116642,79,199192
36495,0.001097,172.217.27.0-255,5020,121662,79,199192
36496,0.0011,172.31.40.0-255,66,121728,79,199192
36497,0.001139,172.217.27.0-255,1484,123212,79,199192
36498,0.001142,172.217.27.0-255,1484,124696,79,199192
36499,0.001145,172.31.40.0-255,66,124762,79,199192
36500,0.001165,172.217.27.0-255,1484,126246,79,199192
36501,0.00117,172.217.27.0-255,4320,130566,79,199192
36502,0.001173,172.31.40.0-255,66,130632,79,199192
36503,0.001231,172.217.27.0-255,5738,136370,79,199192
36504,0.001234,172.31.40.0-255,66,136436,79,199192
36505,0.001246,172.31.40.0-255,66,136502,79,199192
36506,0.001255,172.31.40.0-255,66,136568,79,199192
36507,0.001546,172.217.27.0-255,1484,138052,79,199192
36508,0.001566,172.217.27.0-255,2902,140954,79,199192
36509,0.001569,172.31.40.0-255,66,141020,79,199192
36510,0.001577,172.217.27.0-255,5738,146758,79,199192
36511,0.001579,172.31.40.0-255,66,146824,79,199192
36512,0.001624,172.31.40.0-255,66,146890,79,199192
36513,0.001637,172.31.40.0-255,66,146956,79,199192
36514,0.003268,172.217.27.0-255,5738,152694,79,199192
36515,0.00572,172.31.40.0-255,66,152760,79,199192
36516,0.007343,172.217.27.0-255,5738,158498,79,199192
36517,0.007348,172.31.40.0-255,66,158564,79,199192
36518,0.008973,172.217.27.0-255,5738,164302,79,199192
36519,0.008981,172.31.40.0-255,66,164368,79,199192
36520,0.010623,172.217.27.0-255,5738,170106,79,199192
36521,0.010631,172.31.40.0-255,66,170172,79,199192
36522,0.012264,172.217.27.0-255,5738,175910,79,199192
36523,0.012272,172.31.40.0-255,66,175976,79,199192
36524,0.013893,172.217.27.0-255,5738,181714,79,199192
36525,0.0139,172.31.40.0-255,66,181780,79,199192
36526,0.015535,172.217.27.0-255,5738,187518,79,199192
36527,0.015543,172.31.40.0-255,66,187584,79,199192
36528,0.01718,172.217.27.0-255,5738,193322,79,199192
36529,0.01719,172.31.40.0-255,66,193388,79,199192
36530,0.018835,172.217.27.0-255,5738,199126,79,199192
36531,0.018843,172.31.40.0-255,66,199192,79,199192
36532,0.0,74.125.68.0-255,146,146,79,311930
36533,1.4e-05,172.31.40.0-255,66,212,79,311930
36534,2e-05,74.125.68.0-255,1484,1696,79,311930
36535,2.4e-05,172.31.40.0-255,66,1762,79,311930
36536,2.8e-05,74.125.68.0-255,1484,3246,79,311930
36537,3.1e-05,172.31.40.0-255,66,3312,79,311930
36538,5.6e-05,74.125.68.0-255,1484,4796,79,311930
36539,5.8e-05,172.31.40.0-255,66,4862,79,311930
36540,6.4e-05,74.125.68.0-255,4320,9182,79,311930
36541,6.7e-05,172.31.40.0-255,66,9248,79,311930
36542,8.4e-05,74.125.68.0-255,2902,12150,79,311930
36543,8.6e-05,172.31.40.0-255,66,12216,79,311930
36544,9.9e-05,74.125.68.0-255,2039,14255,79,311930
36545,0.000101,172.31.40.0-255,66,14321,79,311930
36546,0.000137,74.125.68.0-255,2902,17223,79,311930
36547,0.00014,172.31.40.0-255,66,17289,79,311930
36548,0.000158,74.125.68.0-255,4320,21609,79,311930
36549,0.00016,172.31.40.0-255,66,21675,79,311930
36550,0.000172,74.125.68.0-255,2902,24577,79,311930
36551,0.000174,172.31.40.0-255,66,24643,79,311930
36552,0.000198,74.125.68.0-255,5738,30381,79,311930
36553,0.000202,172.31.40.0-255,66,30447,79,311930
36554,0.000204,74.125.68.0-255,1125,31572,79,311930
36555,0.000206,172.31.40.0-255,66,31638,79,311930
36556,0.00028,74.125.68.0-255,1484,33122,79,311930
36557,0.000284,172.31.40.0-255,66,33188,79,311930
36558,0.0003,74.125.68.0-255,2902,36090,79,311930
36559,0.000303,172.31.40.0-255,66,36156,79,311930
36560,0.000331,74.125.68.0-255,5738,41894,79,311930
36561,0.000334,172.31.40.0-255,66,41960,79,311930
36562,0.00035,74.125.68.0-255,6797,48757,79,311930
36563,0.000353,172.31.40.0-255,66,48823,79,311930
36564,0.000356,74.125.68.0-255,1484,50307,79,311930
36565,0.000379,74.125.68.0-255,5738,56045,79,311930
36566,0.000382,172.31.40.0-255,66,56111,79,311930
36567,0.000412,172.31.40.0-255,66,56177,79,311930
36568,0.000722,74.125.68.0-255,645,56822,79,311930
36569,0.000859,74.125.68.0-255,1484,58306,79,311930
36570,0.000864,172.31.40.0-255,66,58372,79,311930
36571,0.000867,74.125.68.0-255,1484,59856,79,311930
36572,0.000884,74.125.68.0-255,1484,61340,79,311930
36573,0.000887,172.31.40.0-255,66,61406,79,311930
36574,0.000893,74.125.68.0-255,5738,67144,79,311930
36575,0.000895,172.31.40.0-255,66,67210,79,311930
36576,0.00092,74.125.68.0-255,4320,71530,79,311930
36577,0.000923,172.31.40.0-255,66,71596,79,311930
36578,0.000929,74.125.68.0-255,5738,77334,79,311930
36579,0.00093,172.31.40.0-255,66,77400,79,311930
36580,0.000955,74.125.68.0-255,2902,80302,79,311930
36581,0.000957,172.31.40.0-255,66,80368,79,311930
36582,0.000987,172.31.40.0-255,66,80434,79,311930
36583,0.000991,74.125.68.0-255,2184,82618,79,311930
36584,0.000993,172.31.40.0-255,66,82684,79,311930
36585,0.001085,74.125.68.0-255,1484,84168,79,311930
36586,0.001105,74.125.68.0-255,2902,87070,79,311930
36587,0.001108,172.31.40.0-255,66,87136,79,311930
36588,0.00112,74.125.68.0-255,1484,88620,79,311930
36589,0.001135,74.125.68.0-255,2902,91522,79,311930
36590,0.001138,172.31.40.0-255,66,91588,79,311930
36591,0.001141,74.125.68.0-255,1484,93072,79,311930
36592,0.001161,74.125.68.0-255,4320,97392,79,311930
36593,0.001165,74.125.68.0-255,5738,103130,79,311930
36594,0.001169,172.31.40.0-255,66,103196,79,311930
36595,0.001172,172.31.40.0-255,66,103262,79,311930
36596,0.001184,74.125.68.0-255,4320,107582,79,311930
36597,0.001186,172.31.40.0-255,66,107648,79,311930
36598,0.001202,74.125.68.0-255,2902,110550,79,311930
36599,0.001204,172.31.40.0-255,66,110616,79,311930
36600,0.001219,74.125.68.0-255,5738,116354,79,311930
36601,0.001222,172.31.40.0-255,66,116420,79,311930
36602,0.001236,74.125.68.0-255,766,117186,79,311930
36603,0.00132,74.125.68.0-255,1484,118670,79,311930
36604,0.001323,172.31.40.0-255,66,118736,79,311930
36605,0.001328,74.125.68.0-255,2902,121638,79,311930
36606,0.00133,172.31.40.0-255,66,121704,79,311930
36607,0.00136,74.125.68.0-255,5738,127442,79,311930
36608,0.001363,172.31.40.0-255,66,127508,79,311930
36609,0.001367,74.125.68.0-255,2902,130410,79,311930
36610,0.001369,172.31.40.0-255,66,130476,79,311930
36611,0.001381,74.125.68.0-255,1484,131960,79,311930
36612,0.001386,74.125.68.0-255,5738,137698,79,311930
36613,0.001389,172.31.40.0-255,66,137764,79,311930
36614,0.001405,74.125.68.0-255,2902,140666,79,311930
36615,0.001407,172.31.40.0-255,66,140732,79,311930
36616,0.001425,172.31.40.0-255,66,140798,79,311930
36617,0.001428,74.125.68.0-255,2184,142982,79,311930
36618,0.00143,172.31.40.0-255,66,143048,79,311930
36619,0.001547,74.125.68.0-255,1484,144532,79,311930
36620,0.001564,74.125.68.0-255,2902,147434,79,311930
36621,0.001568,172.31.40.0-255,66,147500,79,311930
36622,0.001582,74.125.68.0-255,5738,153238,79,311930
36623,0.001584,172.31.40.0-255,66,153304,79,311930
36624,0.001594,74.125.68.0-255,1484,154788,79,311930
36625,0.001606,74.125.68.0-255,5738,160526,79,311930
36626,0.001608,172.31.40.0-255,66,160592,79,311930
36627,0.001625,74.125.68.0-255,1484,162076,79,311930
36628,0.001655,172.31.40.0-255,66,162142,79,311930
36629,0.00167,74.125.68.0-255,1484,163626,79,311930
36630,0.001686,74.125.68.0-255,3602,167228,79,311930
36631,0.001689,172.31.40.0-255,66,167294,79,311930
36632,0.001692,74.125.68.0-255,1484,168778,79,311930
36633,0.001709,74.125.68.0-255,4320,173098,79,311930
36634,0.001712,172.31.40.0-255,66,173164,79,311930
36635,0.001729,74.125.68.0-255,5738,178902,79,311930
36636,0.001731,172.31.40.0-255,66,178968,79,311930
36637,0.001751,74.125.68.0-255,5738,184706,79,311930
36638,0.001754,172.31.40.0-255,66,184772,79,311930
36639,0.001767,172.31.40.0-255,66,184838,79,311930
36640,0.001784,74.125.68.0-255,2902,187740,79,311930
36641,0.001786,172.31.40.0-255,66,187806,79,311930
36642,0.001791,74.125.68.0-255,3602,191408,79,311930
36643,0.001794,172.31.40.0-255,66,191474,79,311930
36644,0.001799,74.125.68.0-255,4320,195794,79,311930
36645,0.001801,172.31.40.0-255,66,195860,79,311930
36646,0.00184,172.31.40.0-255,66,195926,79,311930
36647,0.001846,74.125.68.0-255,4320,200246,79,311930
36648,0.001848,172.31.40.0-255,66,200312,79,311930
36649,0.001908,172.31.40.0-255,66,200378,79,311930
36650,0.001919,74.125.68.0-255,2184,202562,79,311930
36651,0.001921,172.31.40.0-255,66,202628,79,311930
36652,0.001932,172.31.40.0-255,66,202694,79,311930
36653,0.001952,74.125.68.0-255,7156,209850,79,311930
36654,0.001955,172.31.40.0-255,66,209916,79,311930
36655,0.001961,74.125.68.0-255,5738,215654,79,311930
36656,0.001964,172.31.40.0-255,66,215720,79,311930
36657,0.001991,74.125.68.0-255,4320,220040,79,311930
36658,0.001994,172.31.40.0-255,66,220106,79,311930
36659,0.002024,172.31.40.0-255,66,220172,79,311930
36660,0.002039,74.125.68.0-255,4320,224492,79,311930
36661,0.002041,74.125.68.0-255,1484,225976,79,311930
36662,0.002044,172.31.40.0-255,66,226042,79,311930
36663,0.002056,74.125.68.0-255,4320,230362,79,311930
36664,0.002059,172.31.40.0-255,66,230428,79,311930
36665,0.002074,74.125.68.0-255,1484,231912,79,311930
36666,0.00209,74.125.68.0-255,4320,236232,79,311930
36667,0.002094,172.31.40.0-255,66,236298,79,311930
36668,0.002119,74.125.68.0-255,5738,242036,79,311930
36669,0.002122,172.31.40.0-255,66,242102,79,311930
36670,0.002127,74.125.68.0-255,4320,246422,79,311930
36671,0.00213,172.31.40.0-255,66,246488,79,311930
36672,0.00214,74.125.68.0-255,1484,247972,79,311930
36673,0.002157,74.125.68.0-255,6438,254410,79,311930
36674,0.002159,172.31.40.0-255,66,254476,79,311930
36675,0.002243,172.31.40.0-255,66,254542,79,311930
36676,0.002248,74.125.68.0-255,4320,258862,79,311930
36677,0.002251,172.31.40.0-255,66,258928,79,311930
36678,0.002293,74.125.68.0-255,5738,264666,79,311930
36679,0.002295,172.31.40.0-255,66,264732,79,311930
36680,0.002323,172.31.40.0-255,66,264798,79,311930
36681,0.002329,74.125.68.0-255,6438,271236,79,311930
36682,0.002332,172.31.40.0-255,66,271302,79,311930
36683,0.00461,74.125.68.0-255,5738,277040,79,311930
36684,0.004618,172.31.40.0-255,66,277106,79,311930
36685,0.006889,74.125.68.0-255,5738,282844,79,311930
36686,0.006896,172.31.40.0-255,66,282910,79,311930
36687,0.009173,74.125.68.0-255,5738,288648,79,311930
36688,0.009179,172.31.40.0-255,66,288714,79,311930
36689,0.011453,74.125.68.0-255,5738,294452,79,311930
36690,0.01146,172.31.40.0-255,66,294518,79,311930
36691,0.013742,74.125.68.0-255,5738,300256,79,311930
36692,0.013751,172.31.40.0-255,66,300322,79,311930
36693,0.016046,74.125.68.0-255,5738,306060,79,311930
36694,0.016056,172.31.40.0-255,66,306126,79,311930
36695,0.018352,74.125.68.0-255,5738,311864,79,311930
36696,0.018362,172.31.40.0-255,66,311930,79,311930
36697,0.0,172.217.194.0-255,146,146,79,172941
36698,2.2e-05,172.31.40.0-255,66,212,79,172941
36699,3e-05,172.217.194.0-255,1484,1696,79,172941
36700,3.4e-05,172.31.40.0-255,66,1762,79,172941
36701,4.9e-05,172.217.194.0-255,2902,4664,79,172941
36702,5.3e-05,172.31.40.0-255,66,4730,79,172941
36703,6.1e-05,172.217.194.0-255,7156,11886,79,172941
36704,6.5e-05,172.31.40.0-255,66,11952,79,172941
36705,6.9e-05,172.217.194.0-255,2035,13987,79,172941
36706,7.1e-05,172.31.40.0-255,66,14053,79,172941
36707,0.000322,172.217.194.0-255,1484,15537,79,172941
36708,0.000326,172.31.40.0-255,66,15603,79,172941
36709,0.000332,172.217.194.0-255,2902,18505,79,172941
36710,0.000335,172.31.40.0-255,66,18571,79,172941
36711,0.000362,172.217.194.0-255,5738,24309,79,172941
36712,0.000366,172.31.40.0-255,66,24375,79,172941
36713,0.000373,172.217.194.0-255,6797,31172,79,172941
36714,0.000376,172.31.40.0-255,66,31238,79,172941
36715,0.000411,172.31.40.0-255,66,31304,79,172941
36716,0.000438,172.217.194.0-255,2902,34206,79,172941
36717,0.00044,172.31.40.0-255,66,34272,79,172941
36718,0.000444,172.217.194.0-255,2543,36815,79,172941
36719,0.000447,172.31.40.0-255,66,36881,79,172941
36720,0.000987,172.217.194.0-255,1484,38365,79,172941
36721,0.000993,172.31.40.0-255,66,38431,79,172941
36722,0.001,172.217.194.0-255,2902,41333,79,172941
36723,0.001002,172.31.40.0-255,66,41399,79,172941
36724,0.001036,172.217.194.0-255,5738,47137,79,172941
36725,0.001039,172.31.40.0-255,66,47203,79,172941
36726,0.001047,172.217.194.0-255,6797,54000,79,172941
36727,0.001049,172.31.40.0-255,66,54066,79,172941
36728,0.001091,172.31.40.0-255,66,54132,79,172941
36729,0.001098,172.217.194.0-255,4320,58452,79,172941
36730,0.0011,172.31.40.0-255,66,58518,79,172941
36731,0.001127,172.217.194.0-255,4320,62838,79,172941
36732,0.001129,172.31.40.0-255,66,62904,79,172941
36733,0.001144,172.31.40.0-255,66,62970,79,172941
36734,0.001177,172.217.194.0-255,5020,67990,79,172941
36735,0.00118,172.31.40.0-255,66,68056,79,172941
36736,0.001471,172.217.194.0-255,1484,69540,79,172941
36737,0.001488,172.217.194.0-255,2902,72442,79,172941
36738,0.001492,172.31.40.0-255,66,72508,79,172941
36739,0.001498,172.217.194.0-255,5738,78246,79,172941
36740,0.001501,172.31.40.0-255,66,78312,79,172941
36741,0.001504,172.217.194.0-255,1484,79796,79,172941
36742,0.001593,172.31.40.0-255,66,79862,79,172941
36743,0.001596,172.31.40.0-255,66,79928,79,172941
36744,0.00161,172.217.194.0-255,1484,81412,79,172941
36745,0.001634,172.217.194.0-255,2902,84314,79,172941
36746,0.001637,172.31.40.0-255,66,84380,79,172941
36747,0.001641,172.217.194.0-255,2902,87282,79,172941
36748,0.001643,172.31.40.0-255,66,87348,79,172941
36749,0.001667,172.217.194.0-255,2902,90250,79,172941
36750,0.00167,172.31.40.0-255,66,90316,79,172941
36751,0.001684,172.31.40.0-255,66,90382,79,172941
36752,0.001687,172.217.194.0-255,1484,91866,79,172941
36753,0.00172,172.217.194.0-255,5738,97604,79,172941
36754,0.001723,172.31.40.0-255,66,97670,79,172941
36755,0.001728,172.217.194.0-255,3602,101272,79,172941
36756,0.00173,172.31.40.0-255,66,101338,79,172941
36757,0.001819,172.217.194.0-255,1484,102822,79,172941
36758,0.001833,172.217.194.0-255,2902,105724,79,172941
36759,0.001837,172.31.40.0-255,66,105790,79,172941
36760,0.001844,172.217.194.0-255,5738,111528,79,172941
36761,0.001847,172.31.40.0-255,66,111594,79,172941
36762,0.001863,172.217.194.0-255,1484,113078,79,172941
36763,0.001895,172.31.40.0-255,66,113144,79,172941
36764,0.001904,172.217.194.0-255,7156,120300,79,172941
36765,0.001906,172.31.40.0-255,66,120366,79,172941
36766,0.001932,172.217.194.0-255,3602,123968,79,172941
36767,0.001935,172.31.40.0-255,66,124034,79,172941
36768,0.001937,172.217.194.0-255,1484,125518,79,172941
36769,0.001942,172.217.194.0-255,2902,128420,79,172941
36770,0.001944,172.31.40.0-255,66,128486,79,172941
36771,0.001947,172.217.194.0-255,1484,129970,79,172941
36772,0.001979,172.217.194.0-255,4320,134290,79,172941
36773,0.001982,172.31.40.0-255,66,134356,79,172941
36774,0.002008,172.217.194.0-255,7156,141512,79,172941
36775,0.002011,172.31.40.0-255,66,141578,79,172941
36776,0.00204,172.217.194.0-255,5738,147316,79,172941
36777,0.002043,172.31.40.0-255,66,147382,79,172941
36778,0.002056,172.31.40.0-255,66,147448,79,172941
36779,0.002077,172.31.40.0-255,66,147514,79,172941
36780,0.002129,172.31.40.0-255,66,147580,79,172941
36781,0.002139,172.31.40.0-255,66,147646,79,172941
36782,0.002157,172.217.194.0-255,7156,154802,79,172941
36783,0.00216,172.31.40.0-255,66,154868,79,172941
36784,0.002171,172.31.40.0-255,66,154934,79,172941
36785,0.002189,172.217.194.0-255,766,155700,79,172941
36786,0.002198,172.31.40.0-255,66,155766,79,172941
36787,0.002339,172.31.40.0-255,66,155832,79,172941
36788,0.002349,172.217.194.0-255,3602,159434,79,172941
36789,0.002375,172.31.40.0-255,66,159500,79,172941
36790,0.002387,172.217.194.0-255,7156,166656,79,172941
36791,0.002417,172.217.194.0-255,2902,169558,79,172941
36792,0.00244,172.31.40.0-255,66,169624,79,172941
36793,0.00246,172.217.194.0-255,2909,172533,79,172941
36794,0.002473,172.31.40.0-255,66,172599,79,172941
36795,0.004803,172.217.194.0-255,105,172704,79,172941
36796,0.011269,172.31.40.0-255,66,172770,79,172941
36797,0.011308,172.31.40.0-255,105,172875,79,172941
36798,0.013645,172.217.194.0-255,66,172941,79,172941
36799,0.0,172.217.194.0-255,153,153,79,161440
36800,2.3e-05,172.31.40.0-255,66,219,79,161440
36801,3e-05,172.217.194.0-255,1484,1703,79,161440
36802,3.5e-05,172.31.40.0-255,66,1769,79,161440
36803,4.1e-05,172.217.194.0-255,2902,4671,79,161440
36804,5.2e-05,172.31.40.0-255,66,4737,79,161440
36805,6.1e-05,172.217.194.0-255,7156,11893,79,161440
36806,6.4e-05,172.31.40.0-255,66,11959,79,161440
36807,6.8e-05,172.217.194.0-255,1986,13945,79,161440
36808,7.1e-05,172.31.40.0-255,66,14011,79,161440
36809,0.000512,172.217.194.0-255,1484,15495,79,161440
36810,0.000518,172.31.40.0-255,66,15561,79,161440
36811,0.000524,172.217.194.0-255,2902,18463,79,161440
36812,0.000526,172.31.40.0-255,66,18529,79,161440
36813,0.000532,172.217.194.0-255,4320,22849,79,161440
36814,0.000539,172.31.40.0-255,66,22915,79,161440
36815,0.000568,172.217.194.0-255,1484,24399,79,161440
36816,0.00057,172.31.40.0-255,66,24465,79,161440
36817,0.000585,172.31.40.0-255,66,24531,79,161440
36818,0.000591,172.217.194.0-255,4320,28851,79,161440
36819,0.000593,172.31.40.0-255,66,28917,79,161440
36820,0.000635,172.31.40.0-255,66,28983,79,161440
36821,0.000638,172.217.194.0-255,1484,30467,79,161440
36822,0.00064,172.31.40.0-255,66,30533,79,161440
36823,0.00068,172.31.40.0-255,66,30599,79,161440
36824,0.000821,172.217.194.0-255,1484,32083,79,161440
36825,0.000825,172.31.40.0-255,66,32149,79,161440
36826,0.00083,172.217.194.0-255,2902,35051,79,161440
36827,0.000832,172.31.40.0-255,66,35117,79,161440
36828,0.000838,172.217.194.0-255,4320,39437,79,161440
36829,0.000841,172.31.40.0-255,66,39503,79,161440
36830,0.000871,172.217.194.0-255,1484,40987,79,161440
36831,0.000885,172.31.40.0-255,66,41053,79,161440
36832,0.000905,172.217.194.0-255,1484,42537,79,161440
36833,0.000934,172.31.40.0-255,66,42603,79,161440
36834,0.000993,172.217.194.0-255,1484,44087,79,161440
36835,0.001007,172.217.194.0-255,2902,46989,79,161440
36836,0.00101,172.217.194.0-255,1484,48473,79,161440
36837,0.001015,172.31.40.0-255,66,48539,79,161440
36838,0.00103,172.217.194.0-255,4320,52859,79,161440
36839,0.001036,172.31.40.0-255,66,52925,79,161440
36840,0.001049,172.31.40.0-255,66,52991,79,161440
36841,0.001055,172.217.194.0-255,4320,57311,79,161440
36842,0.001057,172.31.40.0-255,66,57377,79,161440
36843,0.001093,172.217.194.0-255,6438,63815,79,161440
36844,0.0011,172.31.40.0-255,66,63881,79,161440
36845,0.001214,172.217.194.0-255,1484,65365,79,161440
36846,0.001219,172.217.194.0-255,1484,66849,79,161440
36847,0.001222,172.31.40.0-255,66,66915,79,161440
36848,0.001254,172.217.194.0-255,1484,68399,79,161440
36849,0.001262,172.217.194.0-255,5738,74137,79,161440
36850,0.001265,172.31.40.0-255,66,74203,79,161440
36851,0.001272,172.217.194.0-255,7156,81359,79,161440
36852,0.001275,172.31.40.0-255,66,81425,79,161440
36853,0.001285,172.31.40.0-255,66,81491,79,161440
36854,0.001311,172.217.194.0-255,5738,87229,79,161440
36855,0.001313,172.31.40.0-255,66,87295,79,161440
36856,0.001365,172.31.40.0-255,66,87361,79,161440
36857,0.0014,172.217.194.0-255,5020,92381,79,161440
36858,0.001403,172.31.40.0-255,66,92447,79,161440
36859,0.00142,172.31.40.0-255,66,92513,79,161440
36860,0.001633,172.217.194.0-255,1484,93997,79,161440
36861,0.001653,172.217.194.0-255,1484,95481,79,161440
36862,0.001657,172.31.40.0-255,66,95547,79,161440
36863,0.00166,172.217.194.0-255,1484,97031,79,161440
36864,0.001688,172.217.194.0-255,1484,98515,79,161440
36865,0.001691,172.31.40.0-255,66,98581,79,161440
36866,0.001697,172.217.194.0-255,5738,104319,79,161440
36867,0.0017,172.31.40.0-255,66,104385,79,161440
36868,0.00171,172.217.194.0-255,5738,110123,79,161440
36869,0.001713,172.31.40.0-255,66,110189,79,161440
36870,0.001745,172.217.194.0-255,7156,117345,79,161440
36871,0.001748,172.31.40.0-255,66,117411,79,161440
36872,0.001754,172.217.194.0-255,4320,121731,79,161440
36873,0.001756,172.31.40.0-255,66,121797,79,161440
36874,0.00179,172.217.194.0-255,5020,126817,79,161440
36875,0.001793,172.31.40.0-255,66,126883,79,161440
36876,0.001888,172.217.194.0-255,1484,128367,79,161440
36877,0.001892,172.217.194.0-255,1484,129851,79,161440
36878,0.001895,172.31.40.0-255,66,129917,79,161440
36879,0.001923,172.217.194.0-255,1484,131401,79,161440
36880,0.001929,172.217.194.0-255,5738,137139,79,161440
36881,0.001932,172.31.40.0-255,66,137205,79,161440
36882,0.00195,172.31.40.0-255,66,137271,79,161440
36883,0.001974,172.217.194.0-255,2902,140173,79,161440
36884,0.001976,172.31.40.0-255,66,140239,79,161440
36885,0.001989,172.31.40.0-255,66,140305,79,161440
36886,0.002036,172.31.40.0-255,66,140371,79,161440
36887,0.002054,172.31.40.0-255,66,140437,79,161440
36888,0.002061,172.217.194.0-255,5020,145457,79,161440
36889,0.002063,172.31.40.0-255,66,145523,79,161440
36890,0.002068,172.217.194.0-255,4320,149843,79,161440
36891,0.002071,172.31.40.0-255,66,149909,79,161440
36892,0.002145,172.217.194.0-255,1484,151393,79,161440
36893,0.002154,172.31.40.0-255,66,151459,79,161440
36894,0.002165,172.217.194.0-255,4320,155779,79,161440
36895,0.002171,172.31.40.0-255,66,155845,79,161440
36896,0.002251,172.31.40.0-255,66,155911,79,161440
36897,0.002266,172.217.194.0-255,5020,160931,79,161440
36898,0.002333,172.31.40.0-255,66,160997,79,161440
36899,0.002505,172.31.40.0-255,101,161098,79,161440
36900,0.004577,172.217.194.0-255,105,161203,79,161440
36901,0.004723,172.217.194.0-255,66,161269,79,161440
36902,0.004807,172.31.40.0-255,105,161374,79,161440
36903,0.007032,172.217.194.0-255,66,161440,79,161440
36904,0.0,172.217.194.0-255,153,153,79,129496
36905,1.7e-05,172.31.40.0-255,66,219,79,129496
36906,2.4e-05,172.217.194.0-255,1484,1703,79,129496
36907,2.9e-05,172.31.40.0-255,66,1769,79,129496
36908,3.4e-05,172.217.194.0-255,2902,4671,79,129496
36909,3.8e-05,172.31.40.0-255,66,4737,79,129496
36910,5.3e-05,172.217.194.0-255,7156,11893,79,129496
36911,5.8e-05,172.31.40.0-255,66,11959,79,129496
36912,6.2e-05,172.217.194.0-255,2133,14092,79,129496
36913,6.5e-05,172.31.40.0-255,66,14158,79,129496
36914,0.000133,172.31.40.0-255,66,14224,79,129496
36915,0.000136,172.217.194.0-255,1484,15708,79,129496
36916,0.000139,172.31.40.0-255,66,15774,79,129496
36917,0.000164,172.217.194.0-255,3961,19735,79,129496
36918,0.000172,172.31.40.0-255,66,19801,79,129496
36919,0.000635,172.217.194.0-255,1484,21285,79,129496
36920,0.000641,172.31.40.0-255,66,21351,79,129496
36921,0.000648,172.217.194.0-255,2902,24253,79,129496
36922,0.00065,172.31.40.0-255,66,24319,79,129496
36923,0.000672,172.217.194.0-255,4320,28639,79,129496
36924,0.000675,172.31.40.0-255,66,28705,79,129496
36925,0.000701,172.217.194.0-255,1484,30189,79,129496
36926,0.000704,172.31.40.0-255,66,30255,79,129496
36927,0.000719,172.31.40.0-255,66,30321,79,129496
36928,0.000738,172.217.194.0-255,1484,31805,79,129496
36929,0.00074,172.31.40.0-255,66,31871,79,129496
36930,0.00078,172.31.40.0-255,66,31937,79,129496
36931,0.000783,172.217.194.0-255,377,32314,79,129496
36932,0.000785,172.31.40.0-255,66,32380,79,129496
36933,0.000865,172.217.194.0-255,1484,33864,79,129496
36934,0.00087,172.217.194.0-255,2902,36766,79,129496
36935,0.000874,172.31.40.0-255,66,36832,79,129496
36936,0.000908,172.217.194.0-255,5738,42570,79,129496
36937,0.000911,172.31.40.0-255,66,42636,79,129496
36938,0.000951,172.31.40.0-255,66,42702,79,129496
36939,0.000963,172.31.40.0-255,66,42768,79,129496
36940,0.000989,172.217.194.0-255,766,43534,79,129496
36941,0.001405,172.217.194.0-255,1484,45018,79,129496
36942,0.00141,172.217.194.0-255,2902,47920,79,129496
36943,0.001416,172.217.194.0-255,5738,53658,79,129496
36944,0.001425,172.31.40.0-255,66,53724,79,129496
36945,0.001429,172.31.40.0-255,66,53790,79,129496
36946,0.001431,172.31.40.0-255,66,53856,79,129496
36947,0.001478,172.31.40.0-255,66,53922,79,129496
36948,0.00149,172.31.40.0-255,66,53988,79,129496
36949,0.001533,172.31.40.0-255,66,54054,79,129496
36950,0.00158,172.31.40.0-255,66,54120,79,129496
36951,0.001584,172.217.194.0-255,1484,55604,79,129496
36952,0.001599,172.217.194.0-255,2184,57788,79,129496
36953,0.001604,172.31.40.0-255,66,57854,79,129496
36954,0.00162,172.217.194.0-255,7156,65010,79,129496
36955,0.001626,172.31.40.0-255,66,65076,79,129496
36956,0.001664,172.31.40.0-255,66,65142,79,129496
36957,0.001672,172.217.194.0-255,7156,72298,79,129496
36958,0.001674,172.31.40.0-255,66,72364,79,129496
36959,0.001714,172.31.40.0-255,66,72430,79,129496
36960,0.001753,172.217.194.0-255,5738,78168,79,129496
36961,0.001756,172.31.40.0-255,66,78234,79,129496
36962,0.001806,172.31.40.0-255,66,78300,79,129496
36963,0.001824,172.217.194.0-255,766,79066,79,129496
36964,0.001845,172.31.40.0-255,66,79132,79,129496
36965,0.001984,172.217.194.0-255,1484,80616,79,129496
36966,0.001998,172.217.194.0-255,2902,83518,79,129496
36967,0.002001,172.31.40.0-255,66,83584,79,129496
36968,0.002006,172.217.194.0-255,2902,86486,79,129496
36969,0.002008,172.31.40.0-255,66,86552,79,129496
36970,0.002031,172.217.194.0-255,2902,89454,79,129496
36971,0.002038,172.31.40.0-255,66,89520,79,129496
36972,0.002356,172.217.194.0-255,1484,91004,79,129496
36973,0.002363,172.217.194.0-255,2902,93906,79,129496
36974,0.00239,172.217.194.0-255,5738,99644,79,129496
36975,0.002428,172.217.194.0-255,1484,101128,79,129496
36976,0.002452,172.217.194.0-255,2902,104030,79,129496
36977,0.00249,172.217.194.0-255,2902,106932,79,129496
36978,0.002558,172.217.194.0-255,5020,111952,79,129496
36979,0.010201,172.31.40.0-255,66,112018,79,129496
36980,0.012474,172.217.194.0-255,1484,113502,79,129496
36981,0.012765,172.217.194.0-255,4320,117822,79,129496
36982,0.012773,172.31.40.0-255,66,117888,79,129496
36983,0.015332,172.217.194.0-255,5738,123626,79,129496
36984,0.015339,172.31.40.0-255,66,123692,79,129496
36985,0.017881,172.217.194.0-255,5738,129430,79,129496
36986,0.017889,172.31.40.0-255,66,129496,79,129496
