,TIME,SRC,PACKET_SIZE,CUMULATIVE_PACKET_SIZE,PAGE_NUMBER,TOTAL_PACKET_SIZE
0,0.0,74.125.130.0-255,288,288,19,305964
1,2.5e-05,172.31.36.0-255,66,354,19,305964
2,3.2e-05,74.125.130.0-255,1484,1838,19,305964
3,3.6e-05,172.31.36.0-255,66,1904,19,305964
4,4.2e-05,74.125.130.0-255,4320,6224,19,305964
5,5.7e-05,172.31.36.0-255,66,6290,19,305964
6,6.5e-05,74.125.130.0-255,7156,13446,19,305964
7,6.8e-05,172.31.36.0-255,66,13512,19,305964
8,0.000105,74.125.130.0-255,7541,21053,19,305964
9,0.000109,172.31.36.0-255,66,21119,19,305964
10,0.000116,74.125.130.0-255,7156,28275,19,305964
11,0.00012,172.31.36.0-255,66,28341,19,305964
12,0.00014,74.125.130.0-255,1484,29825,19,305964
13,0.000142,172.31.36.0-255,66,29891,19,305964
14,0.000167,74.125.130.0-255,1125,31016,19,305964
15,0.00017,172.31.36.0-255,66,31082,19,305964
16,0.000245,74.125.130.0-255,1484,32566,19,305964
17,0.000249,172.31.36.0-255,66,32632,19,305964
18,0.000255,74.125.130.0-255,2902,35534,19,305964
19,0.000259,172.31.36.0-255,66,35600,19,305964
20,0.000285,74.125.130.0-255,5738,41338,19,305964
21,0.000288,172.31.36.0-255,66,41404,19,305964
22,0.000321,74.125.130.0-255,6797,48201,19,305964
23,0.000325,172.31.36.0-255,66,48267,19,305964
24,0.000333,74.125.130.0-255,7156,55423,19,305964
25,0.000335,172.31.36.0-255,66,55489,19,305964
26,0.000357,74.125.130.0-255,2902,58391,19,305964
27,0.00036,172.31.36.0-255,66,58457,19,305964
28,0.000389,74.125.130.0-255,7048,65505,19,305964
29,0.000392,172.31.36.0-255,66,65571,19,305964
30,0.000396,74.125.130.0-255,115,65686,19,305964
31,0.000398,172.31.36.0-255,66,65752,19,305964
32,0.000495,74.125.130.0-255,1484,67236,19,305964
33,0.000508,74.125.130.0-255,2902,70138,19,305964
34,0.000512,172.31.36.0-255,66,70204,19,305964
35,0.000542,74.125.130.0-255,5738,75942,19,305964
36,0.000545,172.31.36.0-255,66,76008,19,305964
37,0.000548,74.125.130.0-255,1484,77492,19,305964
38,0.000574,74.125.130.0-255,4320,81812,19,305964
39,0.000578,172.31.36.0-255,66,81878,19,305964
40,0.000595,74.125.130.0-255,1125,83003,19,305964
41,0.000619,74.125.130.0-255,1484,84487,19,305964
42,0.000622,172.31.36.0-255,66,84553,19,305964
43,0.000626,74.125.130.0-255,1484,86037,19,305964
44,0.000648,74.125.130.0-255,2902,88939,19,305964
45,0.000651,172.31.36.0-255,66,89005,19,305964
46,0.000658,74.125.130.0-255,5738,94743,19,305964
47,0.000661,172.31.36.0-255,66,94809,19,305964
48,0.000689,74.125.130.0-255,1484,96293,19,305964
49,0.000711,74.125.130.0-255,3961,100254,19,305964
50,0.000715,172.31.36.0-255,66,100320,19,305964
51,0.000895,74.125.130.0-255,1484,101804,19,305964
52,0.00091,74.125.130.0-255,2902,104706,19,305964
53,0.000913,172.31.36.0-255,66,104772,19,305964
54,0.000919,74.125.130.0-255,2902,107674,19,305964
55,0.000921,172.31.36.0-255,66,107740,19,305964
56,0.00095,74.125.130.0-255,2902,110642,19,305964
57,0.000953,172.31.36.0-255,66,110708,19,305964
58,0.000959,74.125.130.0-255,2902,113610,19,305964
59,0.000961,172.31.36.0-255,66,113676,19,305964
60,0.000992,74.125.130.0-255,9992,123668,19,305964
61,0.000995,172.31.36.0-255,66,123734,19,305964
62,0.001027,172.31.36.0-255,66,123800,19,305964
63,0.001033,74.125.130.0-255,4320,128120,19,305964
64,0.001035,172.31.36.0-255,66,128186,19,305964
65,0.001074,74.125.130.0-255,8574,136760,19,305964
66,0.001078,172.31.36.0-255,66,136826,19,305964
67,0.001087,74.125.130.0-255,8574,145400,19,305964
68,0.001089,172.31.36.0-255,66,145466,19,305964
69,0.001099,74.125.130.0-255,9992,155458,19,305964
70,0.001102,172.31.36.0-255,66,155524,19,305964
71,0.001105,74.125.130.0-255,766,156290,19,305964
72,0.001436,74.125.130.0-255,1484,157774,19,305964
73,0.001441,172.31.36.0-255,66,157840,19,305964
74,0.001446,74.125.130.0-255,2902,160742,19,305964
75,0.001448,172.31.36.0-255,66,160808,19,305964
76,0.001451,74.125.130.0-255,1484,162292,19,305964
77,0.001483,74.125.130.0-255,4320,166612,19,305964
78,0.001489,172.31.36.0-255,66,166678,19,305964
79,0.001497,74.125.130.0-255,1484,168162,19,305964
80,0.001516,74.125.130.0-255,2902,171064,19,305964
81,0.001519,172.31.36.0-255,66,171130,19,305964
82,0.001525,74.125.130.0-255,4320,175450,19,305964
83,0.001527,172.31.36.0-255,66,175516,19,305964
84,0.001554,74.125.130.0-255,2902,178418,19,305964
85,0.001557,172.31.36.0-255,66,178484,19,305964
86,0.001581,74.125.130.0-255,5738,184222,19,305964
87,0.001584,172.31.36.0-255,66,184288,19,305964
88,0.001588,74.125.130.0-255,2902,187190,19,305964
89,0.00159,172.31.36.0-255,66,187256,19,305964
90,0.00162,74.125.130.0-255,3602,190858,19,305964
91,0.001623,172.31.36.0-255,66,190924,19,305964
92,0.001672,74.125.130.0-255,4320,195244,19,305964
93,0.001676,172.31.36.0-255,66,195310,19,305964
94,0.001698,74.125.130.0-255,5738,201048,19,305964
95,0.001701,172.31.36.0-255,66,201114,19,305964
96,0.001729,74.125.130.0-255,4320,205434,19,305964
97,0.001732,172.31.36.0-255,66,205500,19,305964
98,0.001778,74.125.130.0-255,1484,206984,19,305964
99,0.001801,74.125.130.0-255,4320,211304,19,305964
100,0.001806,172.31.36.0-255,66,211370,19,305964
101,0.001809,74.125.130.0-255,8574,219944,19,305964
102,0.001811,172.31.36.0-255,66,220010,19,305964
103,0.001836,74.125.130.0-255,5020,225030,19,305964
104,0.001839,172.31.36.0-255,66,225096,19,305964
105,0.001974,74.125.130.0-255,1484,226580,19,305964
106,0.001999,74.125.130.0-255,2902,229482,19,305964
107,0.002004,172.31.36.0-255,66,229548,19,305964
108,0.002023,74.125.130.0-255,4320,233868,19,305964
109,0.002026,172.31.36.0-255,66,233934,19,305964
110,0.002034,74.125.130.0-255,5738,239672,19,305964
111,0.002036,172.31.36.0-255,66,239738,19,305964
112,0.002074,74.125.130.0-255,5738,245476,19,305964
113,0.002077,172.31.36.0-255,66,245542,19,305964
114,0.002112,74.125.130.0-255,5738,251280,19,305964
115,0.002116,172.31.36.0-255,66,251346,19,305964
116,0.002121,74.125.130.0-255,4320,255666,19,305964
117,0.002123,172.31.36.0-255,66,255732,19,305964
118,0.002126,74.125.130.0-255,1484,257216,19,305964
119,0.002152,74.125.130.0-255,2184,259400,19,305964
120,0.002155,172.31.36.0-255,66,259466,19,305964
121,0.004229,74.125.130.0-255,1484,260950,19,305964
122,0.004248,74.125.130.0-255,4320,265270,19,305964
123,0.004254,172.31.36.0-255,66,265336,19,305964
124,0.006369,74.125.130.0-255,5738,271074,19,305964
125,0.006378,172.31.36.0-255,66,271140,19,305964
126,0.008505,74.125.130.0-255,5738,276878,19,305964
127,0.008515,172.31.36.0-255,66,276944,19,305964
128,0.010638,74.125.130.0-255,5738,282682,19,305964
129,0.010647,172.31.36.0-255,66,282748,19,305964
130,0.012771,74.125.130.0-255,5738,288486,19,305964
131,0.012782,172.31.36.0-255,66,288552,19,305964
132,0.014906,74.125.130.0-255,5738,294290,19,305964
133,0.014915,172.31.36.0-255,66,294356,19,305964
134,0.017039,74.125.130.0-255,5738,300094,19,305964
135,0.017052,172.31.36.0-255,66,300160,19,305964
136,0.019184,74.125.130.0-255,5738,305898,19,305964
137,0.019199,172.31.36.0-255,66,305964,19,305964
138,0.0,74.125.24.0-255,153,153,19,213278
139,3.7e-05,172.31.36.0-255,66,219,19,213278
140,4.4e-05,74.125.24.0-255,1484,1703,19,213278
141,4.9e-05,172.31.36.0-255,66,1769,19,213278
142,5.4e-05,74.125.24.0-255,2902,4671,19,213278
143,5.7e-05,172.31.36.0-255,66,4737,19,213278
144,6.5e-05,74.125.24.0-255,7156,11893,19,213278
145,6.8e-05,172.31.36.0-255,66,11959,19,213278
146,7.3e-05,74.125.24.0-255,4320,16279,19,213278
147,7.5e-05,172.31.36.0-255,66,16345,19,213278
148,9.8e-05,74.125.24.0-255,10567,26912,19,213278
149,0.000101,172.31.36.0-255,66,26978,19,213278
150,0.000104,74.125.24.0-255,1484,28462,19,213278
151,0.000106,172.31.36.0-255,66,28528,19,213278
152,0.000129,74.125.24.0-255,2543,31071,19,213278
153,0.000133,172.31.36.0-255,66,31137,19,213278
154,0.000165,74.125.24.0-255,2902,34039,19,213278
155,0.000168,172.31.36.0-255,66,34105,19,213278
156,0.000191,74.125.24.0-255,4320,38425,19,213278
157,0.000194,172.31.36.0-255,66,38491,19,213278
158,0.0002,74.125.24.0-255,4320,42811,19,213278
159,0.000203,172.31.36.0-255,66,42877,19,213278
160,0.000219,74.125.24.0-255,4320,47197,19,213278
161,0.000221,172.31.36.0-255,66,47263,19,213278
162,0.000224,74.125.24.0-255,1484,48747,19,213278
163,0.000227,172.31.36.0-255,66,48813,19,213278
164,0.000265,172.31.36.0-255,66,48879,19,213278
165,0.000271,74.125.24.0-255,3934,52813,19,213278
166,0.000273,172.31.36.0-255,66,52879,19,213278
167,0.000288,74.125.24.0-255,111,52990,19,213278
168,0.000291,172.31.36.0-255,66,53056,19,213278
169,0.000825,74.125.24.0-255,1484,54540,19,213278
170,0.000833,74.125.24.0-255,2902,57442,19,213278
171,0.000837,172.31.36.0-255,66,57508,19,213278
172,0.000841,74.125.24.0-255,1484,58992,19,213278
173,0.000862,74.125.24.0-255,4320,63312,19,213278
174,0.000865,172.31.36.0-255,66,63378,19,213278
175,0.000899,172.31.36.0-255,66,63444,19,213278
176,0.000906,74.125.24.0-255,5738,69182,19,213278
177,0.000908,172.31.36.0-255,66,69248,19,213278
178,0.000922,74.125.24.0-255,2902,72150,19,213278
179,0.000925,172.31.36.0-255,66,72216,19,213278
180,0.000953,74.125.24.0-255,2184,74400,19,213278
181,0.000956,172.31.36.0-255,66,74466,19,213278
182,0.001633,74.125.24.0-255,332,74798,19,213278
183,0.001661,74.125.24.0-255,1484,76282,19,213278
184,0.001666,172.31.36.0-255,66,76348,19,213278
185,0.001671,74.125.24.0-255,1484,77832,19,213278
186,0.001689,74.125.24.0-255,2902,80734,19,213278
187,0.001692,172.31.36.0-255,66,80800,19,213278
188,0.001702,74.125.24.0-255,8574,89374,19,213278
189,0.001704,172.31.36.0-255,66,89440,19,213278
190,0.001737,172.31.36.0-255,66,89506,19,213278
191,0.001744,74.125.24.0-255,5020,94526,19,213278
192,0.001746,172.31.36.0-255,66,94592,19,213278
193,0.001846,74.125.24.0-255,1484,96076,19,213278
194,0.001856,74.125.24.0-255,2902,98978,19,213278
195,0.001858,172.31.36.0-255,66,99044,19,213278
196,0.001861,74.125.24.0-255,1484,100528,19,213278
197,0.001881,74.125.24.0-255,4320,104848,19,213278
198,0.001883,172.31.36.0-255,66,104914,19,213278
199,0.001889,74.125.24.0-255,5738,110652,19,213278
200,0.001891,172.31.36.0-255,66,110718,19,213278
201,0.00191,74.125.24.0-255,7156,117874,19,213278
202,0.001912,172.31.36.0-255,66,117940,19,213278
203,0.001951,74.125.24.0-255,7156,125096,19,213278
204,0.001954,172.31.36.0-255,66,125162,19,213278
205,0.001975,74.125.24.0-255,2902,128064,19,213278
206,0.001978,172.31.36.0-255,66,128130,19,213278
207,0.00198,74.125.24.0-255,766,128896,19,213278
208,0.001991,74.125.24.0-255,1484,130380,19,213278
209,0.001992,172.31.36.0-255,66,130446,19,213278
210,0.001995,74.125.24.0-255,1484,131930,19,213278
211,0.002007,74.125.24.0-255,1484,133414,19,213278
212,0.002008,172.31.36.0-255,66,133480,19,213278
213,0.002013,74.125.24.0-255,2902,136382,19,213278
214,0.002016,172.31.36.0-255,66,136448,19,213278
215,0.002037,74.125.24.0-255,2902,139350,19,213278
216,0.00204,172.31.36.0-255,66,139416,19,213278
217,0.002045,74.125.24.0-255,5738,145154,19,213278
218,0.002047,172.31.36.0-255,66,145220,19,213278
219,0.002065,74.125.24.0-255,7156,152376,19,213278
220,0.002068,172.31.36.0-255,66,152442,19,213278
221,0.002075,74.125.24.0-255,8574,161016,19,213278
222,0.002078,172.31.36.0-255,66,161082,19,213278
223,0.002099,74.125.24.0-255,2184,163266,19,213278
224,0.002101,172.31.36.0-255,66,163332,19,213278
225,0.002105,74.125.24.0-255,2902,166234,19,213278
226,0.002107,172.31.36.0-255,66,166300,19,213278
227,0.002127,74.125.24.0-255,8574,174874,19,213278
228,0.00213,172.31.36.0-255,66,174940,19,213278
229,0.002165,172.31.36.0-255,66,175006,19,213278
230,0.002173,74.125.24.0-255,7856,182862,19,213278
231,0.002176,172.31.36.0-255,66,182928,19,213278
232,0.002208,172.31.36.0-255,66,182994,19,213278
233,0.002258,172.31.36.0-255,66,183060,19,213278
234,0.002277,172.31.36.0-255,66,183126,19,213278
235,0.002307,74.125.24.0-255,2184,185310,19,213278
236,0.002309,172.31.36.0-255,66,185376,19,213278
237,0.00233,172.31.36.0-255,66,185442,19,213278
238,0.002345,172.31.36.0-255,66,185508,19,213278
239,0.002395,172.31.36.0-255,66,185574,19,213278
240,0.002428,172.31.36.0-255,66,185640,19,213278
241,0.00244,172.31.36.0-255,66,185706,19,213278
242,0.004776,74.125.24.0-255,5738,191444,19,213278
243,0.00478,172.31.36.0-255,66,191510,19,213278
244,0.007151,74.125.24.0-255,5738,197248,19,213278
245,0.007158,172.31.36.0-255,66,197314,19,213278
246,0.009476,74.125.24.0-255,5738,203052,19,213278
247,0.009483,172.31.36.0-255,66,203118,19,213278
248,0.0118,74.125.24.0-255,5738,208856,19,213278
249,0.011808,172.31.36.0-255,66,208922,19,213278
250,0.014125,74.125.24.0-255,4119,213041,19,213278
251,0.014139,172.31.36.0-255,66,213107,19,213278
252,0.014738,172.31.36.0-255,105,213212,19,213278
253,0.017016,74.125.24.0-255,66,213278,19,213278
254,0.0,74.125.68.0-255,152,152,19,399709
255,1.7e-05,172.31.36.0-255,66,218,19,399709
256,2.5e-05,74.125.68.0-255,1484,1702,19,399709
257,3e-05,172.31.36.0-255,66,1768,19,399709
258,5e-05,74.125.68.0-255,2902,4670,19,399709
259,5.3e-05,172.31.36.0-255,66,4736,19,399709
260,6.1e-05,74.125.68.0-255,5738,10474,19,399709
261,6.4e-05,172.31.36.0-255,66,10540,19,399709
262,8.8e-05,74.125.68.0-255,3394,13934,19,399709
263,9e-05,172.31.36.0-255,66,14000,19,399709
264,9.6e-05,74.125.68.0-255,2902,16902,19,399709
265,9.8e-05,172.31.36.0-255,66,16968,19,399709
266,0.000118,74.125.68.0-255,1484,18452,19,399709
267,0.00012,172.31.36.0-255,66,18518,19,399709
268,0.000123,74.125.68.0-255,1484,20002,19,399709
269,0.000125,172.31.36.0-255,66,20068,19,399709
270,0.000145,74.125.68.0-255,5738,25806,19,399709
271,0.000148,172.31.36.0-255,66,25872,19,399709
272,0.00018,74.125.68.0-255,5379,31251,19,399709
273,0.000182,172.31.36.0-255,66,31317,19,399709
274,0.000303,74.125.68.0-255,1484,32801,19,399709
275,0.000307,172.31.36.0-255,66,32867,19,399709
276,0.000312,74.125.68.0-255,2902,35769,19,399709
277,0.000315,172.31.36.0-255,66,35835,19,399709
278,0.000336,74.125.68.0-255,1484,37319,19,399709
279,0.000339,172.31.36.0-255,66,37385,19,399709
280,0.000359,74.125.68.0-255,2902,40287,19,399709
281,0.000361,172.31.36.0-255,66,40353,19,399709
282,0.000367,74.125.68.0-255,5738,46091,19,399709
283,0.000369,172.31.36.0-255,66,46157,19,399709
284,0.000399,74.125.68.0-255,4320,50477,19,399709
285,0.000401,172.31.36.0-255,66,50543,19,399709
286,0.000433,74.125.68.0-255,1484,52027,19,399709
287,0.000454,74.125.68.0-255,4320,56347,19,399709
288,0.000458,172.31.36.0-255,66,56413,19,399709
289,0.00046,74.125.68.0-255,1484,57897,19,399709
290,0.000473,74.125.68.0-255,1484,59381,19,399709
291,0.000476,172.31.36.0-255,66,59447,19,399709
292,0.000489,74.125.68.0-255,1484,60931,19,399709
293,0.000508,74.125.68.0-255,2902,63833,19,399709
294,0.00051,172.31.36.0-255,66,63899,19,399709
295,0.000586,74.125.68.0-255,2184,66083,19,399709
296,0.00059,172.31.36.0-255,66,66149,19,399709
297,0.000607,74.125.68.0-255,358,66507,19,399709
298,0.000611,74.125.68.0-255,136,66643,19,399709
299,0.000784,74.125.68.0-255,1484,68127,19,399709
300,0.000787,172.31.36.0-255,66,68193,19,399709
301,0.000791,74.125.68.0-255,1484,69677,19,399709
302,0.000802,74.125.68.0-255,1484,71161,19,399709
303,0.000804,172.31.36.0-255,66,71227,19,399709
304,0.000841,74.125.68.0-255,4320,75547,19,399709
305,0.000844,172.31.36.0-255,66,75613,19,399709
306,0.00086,74.125.68.0-255,1484,77097,19,399709
307,0.000868,74.125.68.0-255,7156,84253,19,399709
308,0.00087,172.31.36.0-255,66,84319,19,399709
309,0.000892,74.125.68.0-255,7156,91475,19,399709
310,0.000894,172.31.36.0-255,66,91541,19,399709
311,0.000897,74.125.68.0-255,1484,93025,19,399709
312,0.000917,74.125.68.0-255,7156,100181,19,399709
313,0.00092,172.31.36.0-255,66,100247,19,399709
314,0.000923,74.125.68.0-255,766,101013,19,399709
315,0.001043,74.125.68.0-255,1484,102497,19,399709
316,0.001047,172.31.36.0-255,66,102563,19,399709
317,0.001066,74.125.68.0-255,2902,105465,19,399709
318,0.001068,172.31.36.0-255,66,105531,19,399709
319,0.001087,74.125.68.0-255,4320,109851,19,399709
320,0.00109,172.31.36.0-255,66,109917,19,399709
321,0.001093,74.125.68.0-255,1484,111401,19,399709
322,0.001116,74.125.68.0-255,4320,115721,19,399709
323,0.00112,172.31.36.0-255,66,115787,19,399709
324,0.001132,74.125.68.0-255,2902,118689,19,399709
325,0.001134,172.31.36.0-255,66,118755,19,399709
326,0.001158,74.125.68.0-255,4320,123075,19,399709
327,0.00116,172.31.36.0-255,66,123141,19,399709
328,0.001182,74.125.68.0-255,1484,124625,19,399709
329,0.0012,74.125.68.0-255,5738,130363,19,399709
330,0.001203,172.31.36.0-255,66,130429,19,399709
331,0.001223,74.125.68.0-255,5738,136167,19,399709
332,0.001228,172.31.36.0-255,66,136233,19,399709
333,0.001244,74.125.68.0-255,2184,138417,19,399709
334,0.001247,172.31.36.0-255,66,138483,19,399709
335,0.001252,74.125.68.0-255,2902,141385,19,399709
336,0.001254,172.31.36.0-255,66,141451,19,399709
337,0.001291,74.125.68.0-255,4320,145771,19,399709
338,0.001296,172.31.36.0-255,66,145837,19,399709
339,0.001318,74.125.68.0-255,2902,148739,19,399709
340,0.001322,172.31.36.0-255,66,148805,19,399709
341,0.00133,74.125.68.0-255,8574,157379,19,399709
342,0.001333,172.31.36.0-255,66,157445,19,399709
343,0.001338,74.125.68.0-255,4320,161765,19,399709
344,0.00134,172.31.36.0-255,66,161831,19,399709
345,0.001365,74.125.68.0-255,5738,167569,19,399709
346,0.001369,172.31.36.0-255,66,167635,19,399709
347,0.001391,74.125.68.0-255,2184,169819,19,399709
348,0.001395,172.31.36.0-255,66,169885,19,399709
349,0.001437,74.125.68.0-255,1484,171369,19,399709
350,0.001474,74.125.68.0-255,2902,174271,19,399709
351,0.001479,172.31.36.0-255,66,174337,19,399709
352,0.001483,74.125.68.0-255,2902,177239,19,399709
353,0.001485,172.31.36.0-255,66,177305,19,399709
354,0.001498,74.125.68.0-255,2902,180207,19,399709
355,0.0015,172.31.36.0-255,66,180273,19,399709
356,0.001521,74.125.68.0-255,1484,181757,19,399709
357,0.001528,74.125.68.0-255,7156,188913,19,399709
358,0.001531,172.31.36.0-255,66,188979,19,399709
359,0.001543,74.125.68.0-255,1484,190463,19,399709
360,0.001549,74.125.68.0-255,5738,196201,19,399709
361,0.001551,172.31.36.0-255,66,196267,19,399709
362,0.001568,74.125.68.0-255,1484,197751,19,399709
363,0.001593,74.125.68.0-255,5738,203489,19,399709
364,0.001597,172.31.36.0-255,66,203555,19,399709
365,0.001614,74.125.68.0-255,766,204321,19,399709
366,0.001639,74.125.68.0-255,2902,207223,19,399709
367,0.001641,172.31.36.0-255,66,207289,19,399709
368,0.001664,74.125.68.0-255,4320,211609,19,399709
369,0.001667,172.31.36.0-255,66,211675,19,399709
370,0.00167,74.125.68.0-255,1484,213159,19,399709
371,0.001699,74.125.68.0-255,7156,220315,19,399709
372,0.001702,172.31.36.0-255,66,220381,19,399709
373,0.001708,74.125.68.0-255,5738,226119,19,399709
374,0.00171,172.31.36.0-255,66,226185,19,399709
375,0.001733,74.125.68.0-255,7156,233341,19,399709
376,0.001736,172.31.36.0-255,66,233407,19,399709
377,0.001764,74.125.68.0-255,1484,234891,19,399709
378,0.001769,74.125.68.0-255,2902,237793,19,399709
379,0.001771,172.31.36.0-255,66,237859,19,399709
380,0.001802,74.125.68.0-255,3602,241461,19,399709
381,0.001805,172.31.36.0-255,66,241527,19,399709
382,0.001809,74.125.68.0-255,2902,244429,19,399709
383,0.001811,172.31.36.0-255,66,244495,19,399709
384,0.001825,74.125.68.0-255,1484,245979,19,399709
385,0.001877,74.125.68.0-255,9992,255971,19,399709
386,0.001881,172.31.36.0-255,66,256037,19,399709
387,0.001886,74.125.68.0-255,2902,258939,19,399709
388,0.001888,172.31.36.0-255,66,259005,19,399709
389,0.001909,74.125.68.0-255,8574,267579,19,399709
390,0.001912,172.31.36.0-255,66,267645,19,399709
391,0.001916,74.125.68.0-255,4320,271965,19,399709
392,0.001918,172.31.36.0-255,66,272031,19,399709
393,0.001939,74.125.68.0-255,766,272797,19,399709
394,0.001965,74.125.68.0-255,1484,274281,19,399709
395,0.001969,172.31.36.0-255,66,274347,19,399709
396,0.001973,74.125.68.0-255,1484,275831,19,399709
397,0.001992,74.125.68.0-255,2902,278733,19,399709
398,0.001996,172.31.36.0-255,66,278799,19,399709
399,0.002001,74.125.68.0-255,4320,283119,19,399709
400,0.002003,172.31.36.0-255,66,283185,19,399709
401,0.002007,74.125.68.0-255,1484,284669,19,399709
402,0.002028,74.125.68.0-255,4320,288989,19,399709
403,0.002032,172.31.36.0-255,66,289055,19,399709
404,0.002074,74.125.68.0-255,5738,294793,19,399709
405,0.002077,172.31.36.0-255,66,294859,19,399709
406,0.002101,74.125.68.0-255,5738,300597,19,399709
407,0.002105,74.125.68.0-255,4320,304917,19,399709
408,0.002108,74.125.68.0-255,2184,307101,19,399709
409,0.002113,172.31.36.0-255,66,307167,19,399709
410,0.002123,172.31.36.0-255,66,307233,19,399709
411,0.002125,172.31.36.0-255,66,307299,19,399709
412,0.002168,74.125.68.0-255,1484,308783,19,399709
413,0.002174,74.125.68.0-255,2902,311685,19,399709
414,0.002177,172.31.36.0-255,66,311751,19,399709
415,0.0022,74.125.68.0-255,5738,317489,19,399709
416,0.002204,172.31.36.0-255,66,317555,19,399709
417,0.002208,74.125.68.0-255,2902,320457,19,399709
418,0.00221,172.31.36.0-255,66,320523,19,399709
419,0.002216,74.125.68.0-255,4320,324843,19,399709
420,0.002218,172.31.36.0-255,66,324909,19,399709
421,0.002249,74.125.68.0-255,8574,333483,19,399709
422,0.002254,172.31.36.0-255,66,333549,19,399709
423,0.002261,74.125.68.0-255,5738,339287,19,399709
424,0.002263,172.31.36.0-255,66,339353,19,399709
425,0.002281,74.125.68.0-255,1484,340837,19,399709
426,0.002304,74.125.68.0-255,5020,345857,19,399709
427,0.002308,172.31.36.0-255,66,345923,19,399709
428,0.002314,74.125.68.0-255,5738,351661,19,399709
429,0.002317,172.31.36.0-255,66,351727,19,399709
430,0.002319,74.125.68.0-255,1484,353211,19,399709
431,0.002344,74.125.68.0-255,5738,358949,19,399709
432,0.002347,172.31.36.0-255,66,359015,19,399709
433,0.002349,74.125.68.0-255,1484,360499,19,399709
434,0.004654,74.125.68.0-255,4320,364819,19,399709
435,0.004662,172.31.36.0-255,66,364885,19,399709
436,0.006986,74.125.68.0-255,5738,370623,19,399709
437,0.006992,172.31.36.0-255,66,370689,19,399709
438,0.00934,74.125.68.0-255,5738,376427,19,399709
439,0.009346,172.31.36.0-255,66,376493,19,399709
440,0.011658,74.125.68.0-255,5738,382231,19,399709
441,0.011665,172.31.36.0-255,66,382297,19,399709
442,0.013998,74.125.68.0-255,5738,388035,19,399709
443,0.014007,172.31.36.0-255,66,388101,19,399709
444,0.016322,74.125.68.0-255,5738,393839,19,399709
445,0.016329,172.31.36.0-255,66,393905,19,399709
446,0.018657,74.125.68.0-255,5738,399643,19,399709
447,0.018666,172.31.36.0-255,66,399709,19,399709
448,0.0,172.217.194.0-255,153,153,19,210751
449,3.1e-05,172.31.36.0-255,66,219,19,210751
450,3.8e-05,172.217.194.0-255,1484,1703,19,210751
451,4.1e-05,172.31.36.0-255,66,1769,19,210751
452,4.7e-05,172.217.194.0-255,2902,4671,19,210751
453,5.8e-05,172.31.36.0-255,66,4737,19,210751
454,6.5e-05,172.217.194.0-255,5738,10475,19,210751
455,6.8e-05,172.31.36.0-255,66,10541,19,210751
456,7.2e-05,172.217.194.0-255,3446,13987,19,210751
457,7.6e-05,172.31.36.0-255,66,14053,19,210751
458,0.00011,172.217.194.0-255,1484,15537,19,210751
459,0.000113,172.31.36.0-255,66,15603,19,210751
460,0.000146,172.217.194.0-255,2902,18505,19,210751
461,0.00015,172.31.36.0-255,66,18571,19,210751
462,0.000157,172.217.194.0-255,5738,24309,19,210751
463,0.000159,172.31.36.0-255,66,24375,19,210751
464,0.00017,172.217.194.0-255,2902,27277,19,210751
465,0.000172,172.31.36.0-255,66,27343,19,210751
466,0.000186,172.217.194.0-255,2902,30245,19,210751
467,0.000192,172.31.36.0-255,66,30311,19,210751
468,0.000233,172.31.36.0-255,66,30377,19,210751
469,0.000239,172.217.194.0-255,3961,34338,19,210751
470,0.000243,172.31.36.0-255,66,34404,19,210751
471,0.000303,172.217.194.0-255,7156,41560,19,210751
472,0.000307,172.31.36.0-255,66,41626,19,210751
473,0.000341,172.217.194.0-255,9633,51259,19,210751
474,0.000346,172.31.36.0-255,66,51325,19,210751
475,0.00035,172.217.194.0-255,377,51702,19,210751
476,0.000352,172.31.36.0-255,66,51768,19,210751
477,0.000581,172.217.194.0-255,99,51867,19,210751
478,0.000586,172.31.36.0-255,66,51933,19,210751
479,0.000682,172.217.194.0-255,1484,53417,19,210751
480,0.000688,172.217.194.0-255,2902,56319,19,210751
481,0.000691,172.31.36.0-255,66,56385,19,210751
482,0.000697,172.217.194.0-255,5738,62123,19,210751
483,0.000699,172.31.36.0-255,66,62189,19,210751
484,0.000735,172.217.194.0-255,9992,72181,19,210751
485,0.000739,172.31.36.0-255,66,72247,19,210751
486,0.000757,172.217.194.0-255,3961,76208,19,210751
487,0.000766,172.31.36.0-255,66,76274,19,210751
488,0.000775,172.217.194.0-255,9633,85907,19,210751
489,0.000777,172.31.36.0-255,66,85973,19,210751
490,0.00078,172.217.194.0-255,364,86337,19,210751
491,0.0011,172.31.36.0-255,66,86403,19,210751
492,0.001256,172.217.194.0-255,1484,87887,19,210751
493,0.001266,172.217.194.0-255,2902,90789,19,210751
494,0.00127,172.31.36.0-255,66,90855,19,210751
495,0.001278,172.217.194.0-255,5738,96593,19,210751
496,0.00128,172.31.36.0-255,66,96659,19,210751
497,0.001293,172.217.194.0-255,4320,100979,19,210751
498,0.001296,172.31.36.0-255,66,101045,19,210751
499,0.001341,172.217.194.0-255,8574,109619,19,210751
500,0.001345,172.31.36.0-255,66,109685,19,210751
501,0.001353,172.217.194.0-255,7156,116841,19,210751
502,0.001356,172.31.36.0-255,66,116907,19,210751
503,0.001367,172.217.194.0-255,3602,120509,19,210751
504,0.00137,172.31.36.0-255,66,120575,19,210751
505,0.001424,172.217.194.0-255,1484,122059,19,210751
506,0.00143,172.217.194.0-255,2902,124961,19,210751
507,0.001433,172.31.36.0-255,66,125027,19,210751
508,0.001437,172.217.194.0-255,1484,126511,19,210751
509,0.001466,172.217.194.0-255,4320,130831,19,210751
510,0.001469,172.31.36.0-255,66,130897,19,210751
511,0.001489,172.31.36.0-255,66,130963,19,210751
512,0.001517,172.217.194.0-255,2902,133865,19,210751
513,0.001522,172.31.36.0-255,66,133931,19,210751
514,0.001544,172.217.194.0-255,7856,141787,19,210751
515,0.001547,172.31.36.0-255,66,141853,19,210751
516,0.002036,172.217.194.0-255,1484,143337,19,210751
517,0.002044,172.217.194.0-255,2902,146239,19,210751
518,0.002048,172.31.36.0-255,66,146305,19,210751
519,0.002056,172.217.194.0-255,5738,152043,19,210751
520,0.002058,172.31.36.0-255,66,152109,19,210751
521,0.002104,172.31.36.0-255,66,152175,19,210751
522,0.00211,172.217.194.0-255,5738,157913,19,210751
523,0.002112,172.31.36.0-255,66,157979,19,210751
524,0.002135,172.217.194.0-255,4320,162299,19,210751
525,0.002138,172.31.36.0-255,66,162365,19,210751
526,0.002141,172.217.194.0-255,766,163131,19,210751
527,0.002432,172.31.36.0-255,66,163197,19,210751
528,0.004253,172.217.194.0-255,2902,166099,19,210751
529,0.004258,172.31.36.0-255,66,166165,19,210751
530,0.004285,172.217.194.0-255,1484,167649,19,210751
531,0.004511,172.217.194.0-255,1484,169133,19,210751
532,0.004516,172.31.36.0-255,66,169199,19,210751
533,0.006338,172.217.194.0-255,2902,172101,19,210751
534,0.006345,172.31.36.0-255,66,172167,19,210751
535,0.006588,172.217.194.0-255,2902,175069,19,210751
536,0.006593,172.31.36.0-255,66,175135,19,210751
537,0.008417,172.217.194.0-255,2902,178037,19,210751
538,0.008428,172.31.36.0-255,66,178103,19,210751
539,0.008681,172.217.194.0-255,2902,181005,19,210751
540,0.008687,172.31.36.0-255,66,181071,19,210751
541,0.010499,172.217.194.0-255,2902,183973,19,210751
542,0.010507,172.31.36.0-255,66,184039,19,210751
543,0.010762,172.217.194.0-255,2902,186941,19,210751
544,0.010769,172.31.36.0-255,66,187007,19,210751
545,0.012571,172.217.194.0-255,2902,189909,19,210751
546,0.012578,172.31.36.0-255,66,189975,19,210751
547,0.012844,172.217.194.0-255,2902,192877,19,210751
548,0.012847,172.31.36.0-255,66,192943,19,210751
549,0.01465,172.217.194.0-255,2902,195845,19,210751
550,0.014657,172.31.36.0-255,66,195911,19,210751
551,0.014906,172.217.194.0-255,2902,198813,19,210751
552,0.014912,172.31.36.0-255,66,198879,19,210751
553,0.016727,172.217.194.0-255,2902,201781,19,210751
554,0.016736,172.31.36.0-255,66,201847,19,210751
555,0.016976,172.217.194.0-255,2902,204749,19,210751
556,0.016981,172.31.36.0-255,66,204815,19,210751
557,0.018821,172.217.194.0-255,2902,207717,19,210751
558,0.018831,172.31.36.0-255,66,207783,19,210751
559,0.019119,172.217.194.0-255,2902,210685,19,210751
560,0.019124,172.31.36.0-255,66,210751,19,210751
561,0.0,172.217.160.0-255,153,153,19,221838
562,1.5e-05,172.31.36.0-255,66,219,19,221838
563,2.2e-05,172.217.160.0-255,1484,1703,19,221838
564,2.7e-05,172.31.36.0-255,66,1769,19,221838
565,4.2e-05,172.217.160.0-255,2902,4671,19,221838
566,4.5e-05,172.31.36.0-255,66,4737,19,221838
567,5.3e-05,172.217.160.0-255,5738,10475,19,221838
568,5.5e-05,172.31.36.0-255,66,10541,19,221838
569,6.3e-05,172.217.160.0-255,7156,17697,19,221838
570,6.6e-05,172.31.36.0-255,66,17763,19,221838
571,9.9e-05,172.217.160.0-255,6289,24052,19,221838
572,0.000102,172.31.36.0-255,66,24118,19,221838
573,0.000109,172.217.160.0-255,6797,30915,19,221838
574,0.000111,172.31.36.0-255,66,30981,19,221838
575,0.000221,172.217.160.0-255,1484,32465,19,221838
576,0.000226,172.31.36.0-255,66,32531,19,221838
577,0.000232,172.217.160.0-255,2902,35433,19,221838
578,0.000234,172.31.36.0-255,66,35499,19,221838
579,0.000237,172.217.160.0-255,1484,36983,19,221838
580,0.000244,172.31.36.0-255,66,37049,19,221838
581,0.000269,172.217.160.0-255,4320,41369,19,221838
582,0.000271,172.31.36.0-255,66,41435,19,221838
583,0.000298,172.217.160.0-255,6797,48232,19,221838
584,0.000301,172.31.36.0-255,66,48298,19,221838
585,0.00051,172.217.160.0-255,1484,49782,19,221838
586,0.000515,172.31.36.0-255,66,49848,19,221838
587,0.000521,172.217.160.0-255,2902,52750,19,221838
588,0.000523,172.31.36.0-255,66,52816,19,221838
589,0.000535,172.217.160.0-255,5738,58554,19,221838
590,0.000538,172.31.36.0-255,66,58620,19,221838
591,0.000592,172.217.160.0-255,7104,65724,19,221838
592,0.000596,172.31.36.0-255,66,65790,19,221838
593,0.001083,172.217.160.0-255,102,65892,19,221838
594,0.00111,172.31.36.0-255,66,65958,19,221838
595,0.001176,172.217.160.0-255,1484,67442,19,221838
596,0.001185,172.217.160.0-255,2902,70344,19,221838
597,0.001188,172.217.160.0-255,1484,71828,19,221838
598,0.001208,172.217.160.0-255,4320,76148,19,221838
599,0.001231,172.217.160.0-255,4320,80468,19,221838
600,0.001248,172.217.160.0-255,2543,83011,19,221838
601,0.001263,172.217.160.0-255,4320,87331,19,221838
602,0.001279,172.217.160.0-255,2902,90233,19,221838
603,0.001287,172.217.160.0-255,8574,98807,19,221838
604,0.001314,172.217.160.0-255,1125,99932,19,221838
605,0.001514,172.217.160.0-255,1484,101416,19,221838
606,0.001521,172.217.160.0-255,2902,104318,19,221838
607,0.001528,172.217.160.0-255,5738,110056,19,221838
608,0.001544,172.217.160.0-255,1484,111540,19,221838
609,0.001562,172.217.160.0-255,8574,120114,19,221838
610,0.001579,172.217.160.0-255,2902,123016,19,221838
611,0.00161,172.217.160.0-255,4320,127336,19,221838
612,0.001627,172.217.160.0-255,6438,133774,19,221838
613,0.001657,172.217.160.0-255,2902,136676,19,221838
614,0.001682,172.217.160.0-255,8574,145250,19,221838
615,0.001688,172.217.160.0-255,4320,149570,19,221838
616,0.001741,172.217.160.0-255,3602,153172,19,221838
617,0.001889,172.217.160.0-255,1484,154656,19,221838
618,0.001896,172.217.160.0-255,2902,157558,19,221838
619,0.001923,172.217.160.0-255,5738,163296,19,221838
620,0.00194,172.217.160.0-255,5738,169034,19,221838
621,0.001956,172.217.160.0-255,7156,176190,19,221838
622,0.001964,172.217.160.0-255,8574,184764,19,221838
623,0.001968,172.217.160.0-255,2184,186948,19,221838
624,0.003404,172.31.36.0-255,66,187014,19,221838
625,0.005368,172.217.160.0-255,5738,192752,19,221838
626,0.005374,172.31.36.0-255,66,192818,19,221838
627,0.007325,172.217.160.0-255,5738,198556,19,221838
628,0.007331,172.31.36.0-255,66,198622,19,221838
629,0.009269,172.217.160.0-255,5738,204360,19,221838
630,0.009276,172.31.36.0-255,66,204426,19,221838
631,0.011221,172.217.160.0-255,5738,210164,19,221838
632,0.011998,172.31.36.0-255,66,210230,19,221838
633,0.013951,172.217.160.0-255,5738,215968,19,221838
634,0.013961,172.31.36.0-255,66,216034,19,221838
635,0.015918,172.217.160.0-255,5738,221772,19,221838
636,0.019326,172.31.36.0-255,66,221838,19,221838
637,0.0,74.125.24.0-255,153,153,19,209783
638,3.3e-05,172.31.36.0-255,66,219,19,209783
639,3.9e-05,74.125.24.0-255,1484,1703,19,209783
640,4.4e-05,172.31.36.0-255,66,1769,19,209783
641,4.8e-05,74.125.24.0-255,1484,3253,19,209783
642,5e-05,172.31.36.0-255,66,3319,19,209783
643,6.7e-05,74.125.24.0-255,1484,4803,19,209783
644,6.9e-05,172.31.36.0-255,66,4869,19,209783
645,9.1e-05,74.125.24.0-255,4320,9189,19,209783
646,9.3e-05,172.31.36.0-255,66,9255,19,209783
647,0.000117,74.125.24.0-255,4911,14166,19,209783
648,0.00012,172.31.36.0-255,66,14232,19,209783
649,0.000141,74.125.24.0-255,5738,19970,19,209783
650,0.000143,172.31.36.0-255,66,20036,19,209783
651,0.000179,74.125.24.0-255,8574,28610,19,209783
652,0.000182,172.31.36.0-255,66,28676,19,209783
653,0.000202,74.125.24.0-255,2543,31219,19,209783
654,0.000204,172.31.36.0-255,66,31285,19,209783
655,0.000327,74.125.24.0-255,1484,32769,19,209783
656,0.000331,172.31.36.0-255,66,32835,19,209783
657,0.000336,74.125.24.0-255,2902,35737,19,209783
658,0.000338,172.31.36.0-255,66,35803,19,209783
659,0.000342,74.125.24.0-255,2902,38705,19,209783
660,0.000348,172.31.36.0-255,66,38771,19,209783
661,0.000367,74.125.24.0-255,2902,41673,19,209783
662,0.00037,172.31.36.0-255,66,41739,19,209783
663,0.000378,74.125.24.0-255,5738,47477,19,209783
664,0.00038,172.31.36.0-255,66,47543,19,209783
665,0.000408,74.125.24.0-255,5738,53281,19,209783
666,0.000411,172.31.36.0-255,66,53347,19,209783
667,0.000438,74.125.24.0-255,8215,61562,19,209783
668,0.000441,172.31.36.0-255,66,61628,19,209783
669,0.000448,74.125.24.0-255,4235,65863,19,209783
670,0.00045,172.31.36.0-255,66,65929,19,209783
671,0.000465,74.125.24.0-255,380,66309,19,209783
672,0.00066,74.125.24.0-255,1484,67793,19,209783
673,0.000664,172.31.36.0-255,66,67859,19,209783
674,0.000669,74.125.24.0-255,2902,70761,19,209783
675,0.000671,172.31.36.0-255,66,70827,19,209783
676,0.0007,74.125.24.0-255,5738,76565,19,209783
677,0.000703,172.31.36.0-255,66,76631,19,209783
678,0.00072,74.125.24.0-255,1484,78115,19,209783
679,0.000741,74.125.24.0-255,5379,83494,19,209783
680,0.000745,172.31.36.0-255,66,83560,19,209783
681,0.000751,74.125.24.0-255,7156,90716,19,209783
682,0.000753,172.31.36.0-255,66,90782,19,209783
683,0.000783,74.125.24.0-255,9633,100415,19,209783
684,0.000786,172.31.36.0-255,66,100481,19,209783
685,0.001418,74.125.24.0-255,1484,101965,19,209783
686,0.001429,74.125.24.0-255,2902,104867,19,209783
687,0.001434,172.31.36.0-255,66,104933,19,209783
688,0.001442,74.125.24.0-255,5738,110671,19,209783
689,0.001444,172.31.36.0-255,66,110737,19,209783
690,0.001448,74.125.24.0-255,2902,113639,19,209783
691,0.00145,172.31.36.0-255,66,113705,19,209783
692,0.00151,74.125.24.0-255,2902,116607,19,209783
693,0.001514,172.31.36.0-255,66,116673,19,209783
694,0.001533,74.125.24.0-255,7156,123829,19,209783
695,0.001536,172.31.36.0-255,66,123895,19,209783
696,0.001543,74.125.24.0-255,4320,128215,19,209783
697,0.001545,172.31.36.0-255,66,128281,19,209783
698,0.001563,74.125.24.0-255,6438,134719,19,209783
699,0.001567,172.31.36.0-255,66,134785,19,209783
700,0.002209,74.125.24.0-255,1484,136269,19,209783
701,0.002218,74.125.24.0-255,2902,139171,19,209783
702,0.002222,172.31.36.0-255,66,139237,19,209783
703,0.002246,74.125.24.0-255,1484,140721,19,209783
704,0.002261,74.125.24.0-255,4320,145041,19,209783
705,0.002263,172.31.36.0-255,66,145107,19,209783
706,0.002268,74.125.24.0-255,2902,148009,19,209783
707,0.002269,172.31.36.0-255,66,148075,19,209783
708,0.002295,74.125.24.0-255,8574,156649,19,209783
709,0.002298,172.31.36.0-255,66,156715,19,209783
710,0.002313,74.125.24.0-255,1484,158199,19,209783
711,0.002319,74.125.24.0-255,5738,163937,19,209783
712,0.002321,172.31.36.0-255,66,164003,19,209783
713,0.002337,74.125.24.0-255,1484,165487,19,209783
714,0.002366,74.125.24.0-255,3602,169089,19,209783
715,0.002369,172.31.36.0-255,66,169155,19,209783
716,0.004707,74.125.24.0-255,5738,174893,19,209783
717,0.004714,172.31.36.0-255,66,174959,19,209783
718,0.007042,74.125.24.0-255,5738,180697,19,209783
719,0.007048,172.31.36.0-255,66,180763,19,209783
720,0.009386,74.125.24.0-255,5738,186501,19,209783
721,0.009394,172.31.36.0-255,66,186567,19,209783
722,0.011722,74.125.24.0-255,5738,192305,19,209783
723,0.01173,172.31.36.0-255,66,192371,19,209783
724,0.014072,74.125.24.0-255,5738,198109,19,209783
725,0.014081,172.31.36.0-255,66,198175,19,209783
726,0.016429,74.125.24.0-255,5738,203913,19,209783
727,0.016436,172.31.36.0-255,66,203979,19,209783
728,0.018782,74.125.24.0-255,5738,209717,19,209783
729,0.018789,172.31.36.0-255,66,209783,19,209783
730,0.0,74.125.24.0-255,143,143,19,278714
731,2.4e-05,172.31.36.0-255,66,209,19,278714
732,3.2e-05,74.125.24.0-255,1484,1693,19,278714
733,3.7e-05,172.31.36.0-255,66,1759,19,278714
734,4.3e-05,74.125.24.0-255,2902,4661,19,278714
735,5.6e-05,172.31.36.0-255,66,4727,19,278714
736,6.1e-05,74.125.24.0-255,2902,7629,19,278714
737,6.3e-05,172.31.36.0-255,66,7695,19,278714
738,7.3e-05,74.125.24.0-255,7683,15378,19,278714
739,7.6e-05,172.31.36.0-255,66,15444,19,278714
740,0.000119,172.31.36.0-255,66,15510,19,278714
741,0.000179,74.125.24.0-255,1484,16994,19,278714
742,0.000182,172.31.36.0-255,66,17060,19,278714
743,0.00021,74.125.24.0-255,2902,19962,19,278714
744,0.000213,172.31.36.0-255,66,20028,19,278714
745,0.00022,74.125.24.0-255,5738,25766,19,278714
746,0.000223,172.31.36.0-255,66,25832,19,278714
747,0.000238,172.31.36.0-255,66,25898,19,278714
748,0.000251,74.125.24.0-255,1125,27023,19,278714
749,0.000253,172.31.36.0-255,66,27089,19,278714
750,0.000285,74.125.24.0-255,4320,31409,19,278714
751,0.000287,172.31.36.0-255,66,31475,19,278714
752,0.000312,74.125.24.0-255,5678,37153,19,278714
753,0.000315,172.31.36.0-255,66,37219,19,278714
754,0.000356,74.125.24.0-255,132,37351,19,278714
755,0.000359,172.31.36.0-255,66,37417,19,278714
756,0.000432,74.125.24.0-255,345,37762,19,278714
757,0.000436,172.31.36.0-255,66,37828,19,278714
758,0.000966,74.125.24.0-255,1484,39312,19,278714
759,0.000974,172.31.36.0-255,66,39378,19,278714
760,0.000982,74.125.24.0-255,2902,42280,19,278714
761,0.000985,172.31.36.0-255,66,42346,19,278714
762,0.000996,74.125.24.0-255,5738,48084,19,278714
763,0.000999,172.31.36.0-255,66,48150,19,278714
764,0.001005,74.125.24.0-255,4320,52470,19,278714
765,0.001008,172.31.36.0-255,66,52536,19,278714
766,0.001022,172.31.36.0-255,66,52602,19,278714
767,0.00106,74.125.24.0-255,7856,60458,19,278714
768,0.001065,172.31.36.0-255,66,60524,19,278714
769,0.00138,74.125.24.0-255,1484,62008,19,278714
770,0.00139,74.125.24.0-255,2902,64910,19,278714
771,0.001395,172.31.36.0-255,66,64976,19,278714
772,0.001403,74.125.24.0-255,5738,70714,19,278714
773,0.001405,172.31.36.0-255,66,70780,19,278714
774,0.001458,74.125.24.0-255,8574,79354,19,278714
775,0.001462,172.31.36.0-255,66,79420,19,278714
776,0.001488,74.125.24.0-255,1484,80904,19,278714
777,0.001519,74.125.24.0-255,8574,89478,19,278714
778,0.001524,172.31.36.0-255,66,89544,19,278714
779,0.001529,74.125.24.0-255,5020,94564,19,278714
780,0.001532,172.31.36.0-255,66,94630,19,278714
781,0.001603,74.125.24.0-255,1484,96114,19,278714
782,0.001619,74.125.24.0-255,2902,99016,19,278714
783,0.001623,172.31.36.0-255,66,99082,19,278714
784,0.001629,74.125.24.0-255,5738,104820,19,278714
785,0.001632,172.31.36.0-255,66,104886,19,278714
786,0.001673,74.125.24.0-255,9992,114878,19,278714
787,0.001676,172.31.36.0-255,66,114944,19,278714
788,0.001707,74.125.24.0-255,8574,123518,19,278714
789,0.00171,172.31.36.0-255,66,123584,19,278714
790,0.001738,74.125.24.0-255,5020,128604,19,278714
791,0.001743,172.31.36.0-255,66,128670,19,278714
792,0.001785,74.125.24.0-255,1484,130154,19,278714
793,0.001789,74.125.24.0-255,2902,133056,19,278714
794,0.001792,172.31.36.0-255,66,133122,19,278714
795,0.001795,74.125.24.0-255,1484,134606,19,278714
796,0.001821,74.125.24.0-255,4320,138926,19,278714
797,0.001823,172.31.36.0-255,66,138992,19,278714
798,0.001831,74.125.24.0-255,7156,146148,19,278714
799,0.001833,172.31.36.0-255,66,146214,19,278714
800,0.00186,74.125.24.0-255,5738,151952,19,278714
801,0.001863,172.31.36.0-255,66,152018,19,278714
802,0.001867,74.125.24.0-255,2902,154920,19,278714
803,0.00187,172.31.36.0-255,66,154986,19,278714
804,0.001897,74.125.24.0-255,7856,162842,19,278714
805,0.0019,172.31.36.0-255,66,162908,19,278714
806,0.001903,74.125.24.0-255,1484,164392,19,278714
807,0.001926,74.125.24.0-255,2902,167294,19,278714
808,0.001928,172.31.36.0-255,66,167360,19,278714
809,0.001934,74.125.24.0-255,5738,173098,19,278714
810,0.001936,172.31.36.0-255,66,173164,19,278714
811,0.001968,172.31.36.0-255,66,173230,19,278714
812,0.001971,74.125.24.0-255,1484,174714,19,278714
813,0.002001,74.125.24.0-255,7156,181870,19,278714
814,0.002003,172.31.36.0-255,66,181936,19,278714
815,0.002036,74.125.24.0-255,2184,184120,19,278714
816,0.002038,172.31.36.0-255,66,184186,19,278714
817,0.00205,74.125.24.0-255,1484,185670,19,278714
818,0.00207,74.125.24.0-255,2902,188572,19,278714
819,0.002073,172.31.36.0-255,66,188638,19,278714
820,0.002079,74.125.24.0-255,5738,194376,19,278714
821,0.002081,172.31.36.0-255,66,194442,19,278714
822,0.002084,74.125.24.0-255,1484,195926,19,278714
823,0.002142,172.31.36.0-255,66,195992,19,278714
824,0.002148,74.125.24.0-255,5738,201730,19,278714
825,0.002151,172.31.36.0-255,66,201796,19,278714
826,0.002156,74.125.24.0-255,5020,206816,19,278714
827,0.002171,172.31.36.0-255,66,206882,19,278714
828,0.002177,74.125.24.0-255,5738,212620,19,278714
829,0.00218,172.31.36.0-255,66,212686,19,278714
830,0.002185,74.125.24.0-255,4320,217006,19,278714
831,0.002188,172.31.36.0-255,66,217072,19,278714
832,0.002226,74.125.24.0-255,8574,225646,19,278714
833,0.002231,172.31.36.0-255,66,225712,19,278714
834,0.002246,172.31.36.0-255,66,225778,19,278714
835,0.002282,74.125.24.0-255,2902,228680,19,278714
836,0.002285,172.31.36.0-255,66,228746,19,278714
837,0.002334,74.125.24.0-255,9274,238020,19,278714
838,0.002338,172.31.36.0-255,66,238086,19,278714
839,0.004562,74.125.24.0-255,5738,243824,19,278714
840,0.004573,172.31.36.0-255,66,243890,19,278714
841,0.006813,74.125.24.0-255,5738,249628,19,278714
842,0.006825,172.31.36.0-255,66,249694,19,278714
843,0.009066,74.125.24.0-255,5738,255432,19,278714
844,0.00908,172.31.36.0-255,66,255498,19,278714
845,0.01133,74.125.24.0-255,5738,261236,19,278714
846,0.011345,172.31.36.0-255,66,261302,19,278714
847,0.013573,74.125.24.0-255,5738,267040,19,278714
848,0.013589,172.31.36.0-255,66,267106,19,278714
849,0.015828,74.125.24.0-255,5738,272844,19,278714
850,0.015843,172.31.36.0-255,66,272910,19,278714
851,0.018088,74.125.24.0-255,5738,278648,19,278714
852,0.018104,172.31.36.0-255,66,278714,19,278714
853,0.0,74.125.24.0-255,146,146,19,296581
854,2.2e-05,172.31.36.0-255,66,212,19,296581
855,3e-05,74.125.24.0-255,1484,1696,19,296581
856,3.4e-05,172.31.36.0-255,66,1762,19,296581
857,4.1e-05,74.125.24.0-255,2902,4664,19,296581
858,4.4e-05,172.31.36.0-255,66,4730,19,296581
859,5.2e-05,74.125.24.0-255,7156,11886,19,296581
860,5.5e-05,172.31.36.0-255,66,11952,19,296581
861,6e-05,74.125.24.0-255,2003,13955,19,296581
862,6.3e-05,172.31.36.0-255,66,14021,19,296581
863,0.000118,74.125.24.0-255,1484,15505,19,296581
864,0.000121,172.31.36.0-255,66,15571,19,296581
865,0.000127,74.125.24.0-255,2902,18473,19,296581
866,0.00013,172.31.36.0-255,66,18539,19,296581
867,0.000137,74.125.24.0-255,5738,24277,19,296581
868,0.000139,172.31.36.0-255,66,24343,19,296581
869,0.000157,74.125.24.0-255,6797,31140,19,296581
870,0.000159,172.31.36.0-255,66,31206,19,296581
871,0.000188,74.125.24.0-255,7156,38362,19,296581
872,0.000191,172.31.36.0-255,66,38428,19,296581
873,0.000208,74.125.24.0-255,1484,39912,19,296581
874,0.00021,172.31.36.0-255,66,39978,19,296581
875,0.000232,74.125.24.0-255,8215,48193,19,296581
876,0.000234,172.31.36.0-255,66,48259,19,296581
877,0.000273,74.125.24.0-255,1484,49743,19,296581
878,0.000275,172.31.36.0-255,66,49809,19,296581
879,0.000296,74.125.24.0-255,2902,52711,19,296581
880,0.000298,172.31.36.0-255,66,52777,19,296581
881,0.000305,74.125.24.0-255,5738,58515,19,296581
882,0.000307,172.31.36.0-255,66,58581,19,296581
883,0.000312,74.125.24.0-255,4320,62901,19,296581
884,0.000315,172.31.36.0-255,66,62967,19,296581
885,0.000358,74.125.24.0-255,3187,66154,19,296581
886,0.00036,172.31.36.0-255,66,66220,19,296581
887,0.000488,74.125.24.0-255,1484,67704,19,296581
888,0.000505,74.125.24.0-255,2902,70606,19,296581
889,0.000509,172.31.36.0-255,66,70672,19,296581
890,0.000513,74.125.24.0-255,2902,73574,19,296581
891,0.000515,172.31.36.0-255,66,73640,19,296581
892,0.000528,74.125.24.0-255,2902,76542,19,296581
893,0.000531,172.31.36.0-255,66,76608,19,296581
894,0.000569,74.125.24.0-255,9633,86241,19,296581
895,0.000574,172.31.36.0-255,66,86307,19,296581
896,0.00058,74.125.24.0-255,5738,92045,19,296581
897,0.000582,172.31.36.0-255,66,92111,19,296581
898,0.000598,74.125.24.0-255,4320,96431,19,296581
899,0.000601,172.31.36.0-255,66,96497,19,296581
900,0.000606,74.125.24.0-255,3410,99907,19,296581
901,0.000608,172.31.36.0-255,66,99973,19,296581
902,0.001019,74.125.24.0-255,1484,101457,19,296581
903,0.001025,74.125.24.0-255,2902,104359,19,296581
904,0.001029,172.31.36.0-255,66,104425,19,296581
905,0.001036,74.125.24.0-255,5738,110163,19,296581
906,0.001039,172.31.36.0-255,66,110229,19,296581
907,0.001066,74.125.24.0-255,8574,118803,19,296581
908,0.001068,172.31.36.0-255,66,118869,19,296581
909,0.001094,74.125.24.0-255,4320,123189,19,296581
910,0.001097,172.31.36.0-255,66,123255,19,296581
911,0.001104,74.125.24.0-255,7156,130411,19,296581
912,0.001106,172.31.36.0-255,66,130477,19,296581
913,0.001111,74.125.24.0-255,2902,133379,19,296581
914,0.001113,172.31.36.0-255,66,133445,19,296581
915,0.001131,74.125.24.0-255,766,134211,19,296581
916,0.001642,74.125.24.0-255,1484,135695,19,296581
917,0.001648,172.31.36.0-255,66,135761,19,296581
918,0.001653,74.125.24.0-255,2902,138663,19,296581
919,0.001655,172.31.36.0-255,66,138729,19,296581
920,0.001661,74.125.24.0-255,5738,144467,19,296581
921,0.001664,172.31.36.0-255,66,144533,19,296581
922,0.001667,74.125.24.0-255,1484,146017,19,296581
923,0.001707,172.31.36.0-255,66,146083,19,296581
924,0.001726,74.125.24.0-255,4320,150403,19,296581
925,0.001728,172.31.36.0-255,66,150469,19,296581
926,0.001749,74.125.24.0-255,6438,156907,19,296581
927,0.001752,172.31.36.0-255,66,156973,19,296581
928,0.001778,74.125.24.0-255,4320,161293,19,296581
929,0.001781,172.31.36.0-255,66,161359,19,296581
930,0.001793,74.125.24.0-255,5738,167097,19,296581
931,0.001827,172.31.36.0-255,66,167163,19,296581
932,0.001862,172.31.36.0-255,66,167229,19,296581
933,0.001877,172.31.36.0-255,66,167295,19,296581
934,0.00189,172.31.36.0-255,66,167361,19,296581
935,0.001916,172.31.36.0-255,66,167427,19,296581
936,0.001926,74.125.24.0-255,1484,168911,19,296581
937,0.001929,74.125.24.0-255,2902,171813,19,296581
938,0.001935,172.31.36.0-255,66,171879,19,296581
939,0.001955,74.125.24.0-255,5738,177617,19,296581
940,0.001959,74.125.24.0-255,2902,180519,19,296581
941,0.00197,172.31.36.0-255,66,180585,19,296581
942,0.001989,74.125.24.0-255,9992,190577,19,296581
943,0.001995,74.125.24.0-255,7156,197733,19,296581
944,0.002002,172.31.36.0-255,66,197799,19,296581
945,0.002021,74.125.24.0-255,3602,201401,19,296581
946,0.00204,172.31.36.0-255,66,201467,19,296581
947,0.002081,74.125.24.0-255,4320,205787,19,296581
948,0.002084,172.31.36.0-255,66,205853,19,296581
949,0.002091,74.125.24.0-255,8574,214427,19,296581
950,0.002119,172.31.36.0-255,66,214493,19,296581
951,0.002136,74.125.24.0-255,1484,215977,19,296581
952,0.002144,74.125.24.0-255,6438,222415,19,296581
953,0.002159,172.31.36.0-255,66,222481,19,296581
954,0.002219,74.125.24.0-255,1484,223965,19,296581
955,0.002234,74.125.24.0-255,2902,226867,19,296581
956,0.002239,74.125.24.0-255,2902,229769,19,296581
957,0.002254,74.125.24.0-255,2902,232671,19,296581
958,0.002256,74.125.24.0-255,1484,234155,19,296581
959,0.002259,172.31.36.0-255,66,234221,19,296581
960,0.002265,172.31.36.0-255,66,234287,19,296581
961,0.002298,74.125.24.0-255,9992,244279,19,296581
962,0.002314,172.31.36.0-255,66,244345,19,296581
963,0.002334,74.125.24.0-255,2902,247247,19,296581
964,0.00234,172.31.36.0-255,66,247313,19,296581
965,0.002369,74.125.24.0-255,8574,255887,19,296581
966,0.002425,172.31.36.0-255,66,255953,19,296581
967,0.004759,74.125.24.0-255,5738,261691,19,296581
968,0.004766,172.31.36.0-255,66,261757,19,296581
969,0.007086,74.125.24.0-255,5738,267495,19,296581
970,0.007091,172.31.36.0-255,66,267561,19,296581
971,0.009394,74.125.24.0-255,5738,273299,19,296581
972,0.009398,172.31.36.0-255,66,273365,19,296581
973,0.011736,74.125.24.0-255,5738,279103,19,296581
974,0.011743,172.31.36.0-255,66,279169,19,296581
975,0.014078,74.125.24.0-255,5738,284907,19,296581
976,0.014086,172.31.36.0-255,66,284973,19,296581
977,0.01642,74.125.24.0-255,5738,290711,19,296581
978,0.016428,172.31.36.0-255,66,290777,19,296581
979,0.018766,74.125.24.0-255,5738,296515,19,296581
980,0.018775,172.31.36.0-255,66,296581,19,296581
981,0.0,172.217.194.0-255,153,153,19,288031
982,2.9e-05,172.31.36.0-255,66,219,19,288031
983,4.4e-05,172.217.194.0-255,1484,1703,19,288031
984,5.3e-05,172.31.36.0-255,66,1769,19,288031
985,5.9e-05,172.217.194.0-255,2902,4671,19,288031
986,6.3e-05,172.31.36.0-255,66,4737,19,288031
987,9.8e-05,172.217.194.0-255,7156,11893,19,288031
988,0.000106,172.31.36.0-255,66,11959,19,288031
989,0.000121,172.31.36.0-255,66,12025,19,288031
990,0.000153,172.217.194.0-255,5379,17404,19,288031
991,0.000156,172.31.36.0-255,66,17470,19,288031
992,0.000185,172.217.194.0-255,5738,23208,19,288031
993,0.000188,172.31.36.0-255,66,23274,19,288031
994,0.000192,172.217.194.0-255,2902,26176,19,288031
995,0.000196,172.31.36.0-255,66,26242,19,288031
996,0.000225,172.217.194.0-255,8215,34457,19,288031
997,0.000228,172.31.36.0-255,66,34523,19,288031
998,0.000241,172.31.36.0-255,66,34589,19,288031
999,0.000247,172.217.194.0-255,5665,40254,19,288031
1000,0.00025,172.31.36.0-255,66,40320,19,288031
1001,0.000275,172.217.194.0-255,400,40720,19,288031
1002,0.000284,172.31.36.0-255,66,40786,19,288031
1003,0.000425,172.217.194.0-255,1484,42270,19,288031
1004,0.00043,172.31.36.0-255,66,42336,19,288031
1005,0.000435,172.217.194.0-255,2902,45238,19,288031
1006,0.000438,172.31.36.0-255,66,45304,19,288031
1007,0.000441,172.217.194.0-255,1484,46788,19,288031
1008,0.000449,172.31.36.0-255,66,46854,19,288031
1009,0.000482,172.217.194.0-255,4320,51174,19,288031
1010,0.000486,172.31.36.0-255,66,51240,19,288031
1011,0.000489,172.217.194.0-255,1484,52724,19,288031
1012,0.000497,172.217.194.0-255,8574,61298,19,288031
1013,0.000501,172.217.194.0-255,2902,64200,19,288031
1014,0.000503,172.31.36.0-255,66,64266,19,288031
1015,0.000506,172.31.36.0-255,66,64332,19,288031
1016,0.000544,172.217.194.0-255,10143,74475,19,288031
1017,0.000548,172.31.36.0-255,66,74541,19,288031
1018,0.000592,172.217.194.0-255,1484,76025,19,288031
1019,0.000597,172.217.194.0-255,2902,78927,19,288031
1020,0.0006,172.31.36.0-255,66,78993,19,288031
1021,0.000624,172.217.194.0-255,5738,84731,19,288031
1022,0.000627,172.31.36.0-255,66,84797,19,288031
1023,0.000659,172.217.194.0-255,6797,91594,19,288031
1024,0.000663,172.31.36.0-255,66,91660,19,288031
1025,0.000937,172.217.194.0-255,1484,93144,19,288031
1026,0.000945,172.217.194.0-255,2902,96046,19,288031
1027,0.000948,172.31.36.0-255,66,96112,19,288031
1028,0.000953,172.217.194.0-255,1484,97596,19,288031
1029,0.000984,172.217.194.0-255,4320,101916,19,288031
1030,0.000987,172.31.36.0-255,66,101982,19,288031
1031,0.001005,172.31.36.0-255,66,102048,19,288031
1032,0.00105,172.217.194.0-255,8574,110622,19,288031
1033,0.001054,172.31.36.0-255,66,110688,19,288031
1034,0.001068,172.217.194.0-255,2184,112872,19,288031
1035,0.001071,172.31.36.0-255,66,112938,19,288031
1036,0.001164,172.217.194.0-255,1484,114422,19,288031
1037,0.001169,172.217.194.0-255,2902,117324,19,288031
1038,0.001172,172.31.36.0-255,66,117390,19,288031
1039,0.001179,172.217.194.0-255,5738,123128,19,288031
1040,0.001181,172.31.36.0-255,66,123194,19,288031
1041,0.001211,172.217.194.0-255,9992,133186,19,288031
1042,0.001215,172.31.36.0-255,66,133252,19,288031
1043,0.001229,172.217.194.0-255,2902,136154,19,288031
1044,0.001237,172.31.36.0-255,66,136220,19,288031
1045,0.001246,172.217.194.0-255,9992,146212,19,288031
1046,0.001249,172.31.36.0-255,66,146278,19,288031
1047,0.001251,172.217.194.0-255,766,147044,19,288031
1048,0.001288,172.217.194.0-255,1484,148528,19,288031
1049,0.001292,172.31.36.0-255,66,148594,19,288031
1050,0.001319,172.217.194.0-255,2902,151496,19,288031
1051,0.001322,172.31.36.0-255,66,151562,19,288031
1052,0.001329,172.217.194.0-255,5738,157300,19,288031
1053,0.001331,172.31.36.0-255,66,157366,19,288031
1054,0.001368,172.217.194.0-255,5738,163104,19,288031
1055,0.001372,172.31.36.0-255,66,163170,19,288031
1056,0.001406,172.217.194.0-255,4320,167490,19,288031
1057,0.001409,172.31.36.0-255,66,167556,19,288031
1058,0.001429,172.217.194.0-255,2184,169740,19,288031
1059,0.00143,172.31.36.0-255,66,169806,19,288031
1060,0.001434,172.31.36.0-255,66,169872,19,288031
1061,0.001473,172.217.194.0-255,1484,171356,19,288031
1062,0.001479,172.217.194.0-255,2902,174258,19,288031
1063,0.001481,172.217.194.0-255,1484,175742,19,288031
1064,0.001484,172.31.36.0-255,66,175808,19,288031
1065,0.001507,172.217.194.0-255,4320,180128,19,288031
1066,0.001512,172.31.36.0-255,66,180194,19,288031
1067,0.001513,172.217.194.0-255,5738,185932,19,288031
1068,0.001515,172.31.36.0-255,66,185998,19,288031
1069,0.001552,172.217.194.0-255,7156,193154,19,288031
1070,0.001556,172.31.36.0-255,66,193220,19,288031
1071,0.00156,172.217.194.0-255,1484,194704,19,288031
1072,0.001586,172.217.194.0-255,9274,203978,19,288031
1073,0.00159,172.31.36.0-255,66,204044,19,288031
1074,0.0016,172.217.194.0-255,4320,208364,19,288031
1075,0.001603,172.31.36.0-255,66,208430,19,288031
1076,0.001619,172.217.194.0-255,5738,214168,19,288031
1077,0.001623,172.31.36.0-255,66,214234,19,288031
1078,0.001644,172.31.36.0-255,66,214300,19,288031
1079,0.001675,172.217.194.0-255,6438,220738,19,288031
1080,0.001679,172.31.36.0-255,66,220804,19,288031
1081,0.001756,172.217.194.0-255,1484,222288,19,288031
1082,0.001761,172.217.194.0-255,2902,225190,19,288031
1083,0.001764,172.31.36.0-255,66,225256,19,288031
1084,0.001799,172.217.194.0-255,5738,230994,19,288031
1085,0.001802,172.31.36.0-255,66,231060,19,288031
1086,0.001815,172.31.36.0-255,66,231126,19,288031
1087,0.001821,172.217.194.0-255,4320,235446,19,288031
1088,0.001823,172.31.36.0-255,66,235512,19,288031
1089,0.001851,172.217.194.0-255,6438,241950,19,288031
1090,0.001854,172.31.36.0-255,66,242016,19,288031
1091,0.00192,172.31.36.0-255,66,242082,19,288031
1092,0.001957,172.31.36.0-255,66,242148,19,288031
1093,0.001965,172.217.194.0-255,7856,250004,19,288031
1094,0.001968,172.31.36.0-255,66,250070,19,288031
1095,0.001976,172.217.194.0-255,8574,258644,19,288031
1096,0.001979,172.31.36.0-255,66,258710,19,288031
1097,0.001987,172.217.194.0-255,9992,268702,19,288031
1098,0.00199,172.31.36.0-255,66,268768,19,288031
1099,0.001998,172.217.194.0-255,8574,277342,19,288031
1100,0.002001,172.31.36.0-255,66,277408,19,288031
1101,0.002043,172.217.194.0-255,6438,283846,19,288031
1102,0.002047,172.31.36.0-255,66,283912,19,288031
1103,0.002071,172.31.36.0-255,66,283978,19,288031
1104,0.002072,172.217.194.0-255,3645,287623,19,288031
1105,0.002074,172.31.36.0-255,66,287689,19,288031
1106,0.002118,172.217.194.0-255,105,287794,19,288031
1107,0.006035,172.31.36.0-255,66,287860,19,288031
1108,0.006061,172.31.36.0-255,105,287965,19,288031
1109,0.008087,172.217.194.0-255,66,288031,19,288031
1110,0.0,172.217.194.0-255,153,153,19,313708
1111,1.5e-05,172.31.36.0-255,66,219,19,313708
1112,2.2e-05,172.217.194.0-255,1484,1703,19,313708
1113,2.7e-05,172.31.36.0-255,66,1769,19,313708
1114,3.3e-05,172.217.194.0-255,2902,4671,19,313708
1115,3.5e-05,172.31.36.0-255,66,4737,19,313708
1116,4.3e-05,172.217.194.0-255,7156,11893,19,313708
1117,4.5e-05,172.31.36.0-255,66,11959,19,313708
1118,4.9e-05,172.217.194.0-255,2017,13976,19,313708
1119,5.2e-05,172.31.36.0-255,66,14042,19,313708
1120,0.000236,172.217.194.0-255,1484,15526,19,313708
1121,0.000241,172.31.36.0-255,66,15592,19,313708
1122,0.000248,172.217.194.0-255,2902,18494,19,313708
1123,0.00025,172.31.36.0-255,66,18560,19,313708
1124,0.000256,172.217.194.0-255,4320,22880,19,313708
1125,0.000258,172.31.36.0-255,66,22946,19,313708
1126,0.000283,172.217.194.0-255,1484,24430,19,313708
1127,0.000286,172.31.36.0-255,66,24496,19,313708
1128,0.000292,172.217.194.0-255,4320,28816,19,313708
1129,0.000294,172.31.36.0-255,66,28882,19,313708
1130,0.000315,172.217.194.0-255,2543,31425,19,313708
1131,0.000317,172.31.36.0-255,66,31491,19,313708
1132,0.000391,172.217.194.0-255,1484,32975,19,313708
1133,0.000395,172.31.36.0-255,66,33041,19,313708
1134,0.000399,172.217.194.0-255,2902,35943,19,313708
1135,0.000402,172.31.36.0-255,66,36009,19,313708
1136,0.000459,172.217.194.0-255,5738,41747,19,313708
1137,0.000462,172.31.36.0-255,66,41813,19,313708
1138,0.000469,172.217.194.0-255,6797,48610,19,313708
1139,0.000471,172.31.36.0-255,66,48676,19,313708
1140,0.000486,172.217.194.0-255,1484,50160,19,313708
1141,0.000488,172.31.36.0-255,66,50226,19,313708
1142,0.000491,172.217.194.0-255,1484,51710,19,313708
1143,0.000511,172.217.194.0-255,1484,53194,19,313708
1144,0.000513,172.31.36.0-255,66,53260,19,313708
1145,0.00052,172.217.194.0-255,5738,58998,19,313708
1146,0.000522,172.31.36.0-255,66,59064,19,313708
1147,0.000542,172.217.194.0-255,2902,61966,19,313708
1148,0.000544,172.31.36.0-255,66,62032,19,313708
1149,0.00057,172.217.194.0-255,3961,65993,19,313708
1150,0.000573,172.31.36.0-255,66,66059,19,313708
1151,0.000576,172.217.194.0-255,377,66436,19,313708
1152,0.000657,172.217.194.0-255,365,66801,19,313708
1153,0.000789,172.217.194.0-255,1484,68285,19,313708
1154,0.000793,172.31.36.0-255,66,68351,19,313708
1155,0.000798,172.217.194.0-255,1484,69835,19,313708
1156,0.000814,172.217.194.0-255,1484,71319,19,313708
1157,0.000816,172.31.36.0-255,66,71385,19,313708
1158,0.000824,172.217.194.0-255,5738,77123,19,313708
1159,0.000826,172.31.36.0-255,66,77189,19,313708
1160,0.000854,172.217.194.0-255,8574,85763,19,313708
1161,0.000857,172.31.36.0-255,66,85829,19,313708
1162,0.000877,172.217.194.0-255,5379,91208,19,313708
1163,0.000879,172.31.36.0-255,66,91274,19,313708
1164,0.000887,172.217.194.0-255,7156,98430,19,313708
1165,0.00089,172.31.36.0-255,66,98496,19,313708
1166,0.000905,172.217.194.0-255,2543,101039,19,313708
1167,0.000907,172.31.36.0-255,66,101105,19,313708
1168,0.001147,172.217.194.0-255,1484,102589,19,313708
1169,0.001162,172.217.194.0-255,2902,105491,19,313708
1170,0.001166,172.31.36.0-255,66,105557,19,313708
1171,0.001174,172.217.194.0-255,5738,111295,19,313708
1172,0.001176,172.31.36.0-255,66,111361,19,313708
1173,0.001211,172.31.36.0-255,66,111427,19,313708
1174,0.001229,172.217.194.0-255,1484,112911,19,313708
1175,0.001244,172.217.194.0-255,7156,120067,19,313708
1176,0.001247,172.31.36.0-255,66,120133,19,313708
1177,0.001267,172.217.194.0-255,3602,123735,19,313708
1178,0.001269,172.31.36.0-255,66,123801,19,313708
1179,0.001404,172.217.194.0-255,1484,125285,19,313708
1180,0.001409,172.217.194.0-255,2902,128187,19,313708
1181,0.001412,172.31.36.0-255,66,128253,19,313708
1182,0.001419,172.217.194.0-255,5738,133991,19,313708
1183,0.001421,172.31.36.0-255,66,134057,19,313708
1184,0.00144,172.217.194.0-255,1484,135541,19,313708
1185,0.001467,172.217.194.0-255,9992,145533,19,313708
1186,0.001471,172.31.36.0-255,66,145599,19,313708
1187,0.001489,172.217.194.0-255,1484,147083,19,313708
1188,0.001491,172.217.194.0-255,1484,148567,19,313708
1189,0.001495,172.31.36.0-255,66,148633,19,313708
1190,0.001505,172.217.194.0-255,2902,151535,19,313708
1191,0.001508,172.31.36.0-255,66,151601,19,313708
1192,0.001532,172.217.194.0-255,6438,158039,19,313708
1193,0.001534,172.31.36.0-255,66,158105,19,313708
1194,0.001555,172.217.194.0-255,2902,161007,19,313708
1195,0.001557,172.31.36.0-255,66,161073,19,313708
1196,0.001563,172.217.194.0-255,4320,165393,19,313708
1197,0.001565,172.31.36.0-255,66,165459,19,313708
1198,0.00157,172.217.194.0-255,4320,169779,19,313708
1199,0.001572,172.31.36.0-255,66,169845,19,313708
1200,0.001588,172.217.194.0-255,4320,174165,19,313708
1201,0.00159,172.31.36.0-255,66,174231,19,313708
1202,0.00163,172.31.36.0-255,66,174297,19,313708
1203,0.001652,172.217.194.0-255,7156,181453,19,313708
1204,0.001655,172.31.36.0-255,66,181519,19,313708
1205,0.001681,172.217.194.0-255,10692,192211,19,313708
1206,0.001684,172.31.36.0-255,66,192277,19,313708
1207,0.00175,172.31.36.0-255,66,192343,19,313708
1208,0.001755,172.217.194.0-255,3602,195945,19,313708
1209,0.001758,172.31.36.0-255,66,196011,19,313708
1210,0.001764,172.217.194.0-255,4320,200331,19,313708
1211,0.001767,172.31.36.0-255,66,200397,19,313708
1212,0.001772,172.217.194.0-255,2902,203299,19,313708
1213,0.001775,172.31.36.0-255,66,203365,19,313708
1214,0.001801,172.217.194.0-255,7156,210521,19,313708
1215,0.001804,172.31.36.0-255,66,210587,19,313708
1216,0.001812,172.217.194.0-255,1484,212071,19,313708
1217,0.001835,172.31.36.0-255,66,212137,19,313708
1218,0.001856,172.217.194.0-255,5020,217157,19,313708
1219,0.001859,172.31.36.0-255,66,217223,19,313708
1220,0.001877,172.217.194.0-255,2902,220125,19,313708
1221,0.00188,172.31.36.0-255,66,220191,19,313708
1222,0.001903,172.217.194.0-255,9992,230183,19,313708
1223,0.001906,172.31.36.0-255,66,230249,19,313708
1224,0.001928,172.217.194.0-255,5738,235987,19,313708
1225,0.001932,172.31.36.0-255,66,236053,19,313708
1226,0.001973,172.217.194.0-255,8574,244627,19,313708
1227,0.001976,172.31.36.0-255,66,244693,19,313708
1228,0.002,172.217.194.0-255,6438,251131,19,313708
1229,0.002003,172.31.36.0-255,66,251197,19,313708
1230,0.00201,172.217.194.0-255,7156,258353,19,313708
1231,0.002013,172.31.36.0-255,66,258419,19,313708
1232,0.00204,172.217.194.0-255,8574,266993,19,313708
1233,0.002043,172.31.36.0-255,66,267059,19,313708
1234,0.002056,172.31.36.0-255,66,267125,19,313708
1235,0.002075,172.217.194.0-255,6438,273563,19,313708
1236,0.002077,172.31.36.0-255,66,273629,19,313708
1237,0.002099,172.217.194.0-255,5738,279367,19,313708
1238,0.002112,172.31.36.0-255,66,279433,19,313708
1239,0.002145,172.31.36.0-255,66,279499,19,313708
1240,0.00217,172.217.194.0-255,5738,285237,19,313708
1241,0.002182,172.31.36.0-255,66,285303,19,313708
1242,0.002196,172.217.194.0-255,9274,294577,19,313708
1243,0.002201,172.31.36.0-255,66,294643,19,313708
1244,0.002211,172.217.194.0-255,4320,298963,19,313708
1245,0.002248,172.31.36.0-255,66,299029,19,313708
1246,0.002267,172.217.194.0-255,7156,306185,19,313708
1247,0.002272,172.31.36.0-255,66,306251,19,313708
1248,0.002341,172.217.194.0-255,5738,311989,19,313708
1249,0.002354,172.217.194.0-255,1377,313366,19,313708
1250,0.002356,172.217.194.0-255,105,313471,19,313708
1251,0.002362,172.31.36.0-255,66,313537,19,313708
1252,0.00464,172.31.36.0-255,105,313642,19,313708
1253,0.006936,172.217.194.0-255,66,313708,19,313708
1254,0.0,172.217.194.0-255,150,150,19,136486
1255,2.4e-05,172.31.36.0-255,66,216,19,136486
1256,3.2e-05,172.217.194.0-255,1484,1700,19,136486
1257,3.6e-05,172.31.36.0-255,66,1766,19,136486
1258,4.2e-05,172.217.194.0-255,2902,4668,19,136486
1259,4.4e-05,172.31.36.0-255,66,4734,19,136486
1260,6.1e-05,172.217.194.0-255,7156,11890,19,136486
1261,6.5e-05,172.31.36.0-255,66,11956,19,136486
1262,6.9e-05,172.217.194.0-255,2101,14057,19,136486
1263,7.2e-05,172.31.36.0-255,66,14123,19,136486
1264,9.3e-05,172.217.194.0-255,1484,15607,19,136486
1265,9.6e-05,172.31.36.0-255,66,15673,19,136486
1266,0.000122,172.217.194.0-255,2902,18575,19,136486
1267,0.000124,172.31.36.0-255,66,18641,19,136486
1268,0.000131,172.217.194.0-255,5738,24379,19,136486
1269,0.000134,172.31.36.0-255,66,24445,19,136486
1270,0.000161,172.217.194.0-255,6797,31242,19,136486
1271,0.000164,172.31.36.0-255,66,31308,19,136486
1272,0.000229,172.217.194.0-255,1484,32792,19,136486
1273,0.000231,172.31.36.0-255,66,32858,19,136486
1274,0.000235,172.217.194.0-255,1484,34342,19,136486
1275,0.000237,172.31.36.0-255,66,34408,19,136486
1276,0.000268,172.217.194.0-255,1484,35892,19,136486
1277,0.00027,172.31.36.0-255,66,35958,19,136486
1278,0.000277,172.217.194.0-255,5738,41696,19,136486
1279,0.00028,172.31.36.0-255,66,41762,19,136486
1280,0.000319,172.217.194.0-255,6797,48559,19,136486
1281,0.000322,172.31.36.0-255,66,48625,19,136486
1282,0.000348,172.217.194.0-255,5738,54363,19,136486
1283,0.000351,172.31.36.0-255,66,54429,19,136486
1284,0.000377,172.217.194.0-255,1484,55913,19,136486
1285,0.000379,172.31.36.0-255,66,55979,19,136486
1286,0.000388,172.217.194.0-255,8574,64553,19,136486
1287,0.00039,172.31.36.0-255,66,64619,19,136486
1288,0.000398,172.217.194.0-255,1455,66074,19,136486
1289,0.000586,172.217.194.0-255,378,66452,19,136486
1290,0.000591,172.31.36.0-255,66,66518,19,136486
1291,0.000711,172.217.194.0-255,1484,68002,19,136486
1292,0.000726,172.217.194.0-255,2902,70904,19,136486
1293,0.000729,172.31.36.0-255,66,70970,19,136486
1294,0.000762,172.217.194.0-255,5738,76708,19,136486
1295,0.000766,172.31.36.0-255,66,76774,19,136486
1296,0.000773,172.217.194.0-255,5738,82512,19,136486
1297,0.000775,172.31.36.0-255,66,82578,19,136486
1298,0.000778,172.217.194.0-255,576,83154,19,136486
1299,0.001138,172.217.194.0-255,1484,84638,19,136486
1300,0.001142,172.31.36.0-255,66,84704,19,136486
1301,0.001165,172.217.194.0-255,2902,87606,19,136486
1302,0.001167,172.31.36.0-255,66,87672,19,136486
1303,0.001173,172.217.194.0-255,2902,90574,19,136486
1304,0.001175,172.31.36.0-255,66,90640,19,136486
1305,0.001181,172.217.194.0-255,5738,96378,19,136486
1306,0.001183,172.31.36.0-255,66,96444,19,136486
1307,0.001215,172.217.194.0-255,1484,97928,19,136486
1308,0.001235,172.31.36.0-255,66,97994,19,136486
1309,0.00124,172.217.194.0-255,3602,101596,19,136486
1310,0.001242,172.31.36.0-255,66,101662,19,136486
1311,0.00391,172.217.194.0-255,5738,107400,19,136486
1312,0.003929,172.31.36.0-255,66,107466,19,136486
1313,0.006592,172.217.194.0-255,5738,113204,19,136486
1314,0.0066,172.31.36.0-255,66,113270,19,136486
1315,0.009249,172.217.194.0-255,5738,119008,19,136486
1316,0.00926,172.31.36.0-255,66,119074,19,136486
1317,0.011982,172.217.194.0-255,5738,124812,19,136486
1318,0.012001,172.31.36.0-255,66,124878,19,136486
1319,0.014634,172.217.194.0-255,5738,130616,19,136486
1320,0.014651,172.31.36.0-255,66,130682,19,136486
1321,0.017322,172.217.194.0-255,5738,136420,19,136486
1322,0.017342,172.31.36.0-255,66,136486,19,136486
1323,0.0,172.217.194.0-255,153,153,19,247981
1324,2.6e-05,172.31.36.0-255,66,219,19,247981
1325,3.3e-05,172.217.194.0-255,1484,1703,19,247981
1326,3.7e-05,172.31.36.0-255,66,1769,19,247981
1327,4.2e-05,172.217.194.0-255,2902,4671,19,247981
1328,5.1e-05,172.31.36.0-255,66,4737,19,247981
1329,5.9e-05,172.217.194.0-255,7156,11893,19,247981
1330,6.2e-05,172.31.36.0-255,66,11959,19,247981
1331,6.6e-05,172.217.194.0-255,1975,13934,19,247981
1332,6.9e-05,172.31.36.0-255,66,14000,19,247981
1333,0.000173,172.217.194.0-255,1484,15484,19,247981
1334,0.000178,172.31.36.0-255,66,15550,19,247981
1335,0.000184,172.217.194.0-255,2902,18452,19,247981
1336,0.000187,172.31.36.0-255,66,18518,19,247981
1337,0.00019,172.217.194.0-255,1484,20002,19,247981
1338,0.000191,172.31.36.0-255,66,20068,19,247981
1339,0.000232,172.217.194.0-255,4320,24388,19,247981
1340,0.000236,172.31.36.0-255,66,24454,19,247981
1341,0.000243,172.217.194.0-255,6797,31251,19,247981
1342,0.000246,172.31.36.0-255,66,31317,19,247981
1343,0.000265,172.31.36.0-255,66,31383,19,247981
1344,0.000271,172.217.194.0-255,5738,37121,19,247981
1345,0.000273,172.31.36.0-255,66,37187,19,247981
1346,0.000319,172.31.36.0-255,66,37253,19,247981
1347,0.000322,172.217.194.0-255,380,37633,19,247981
1348,0.000324,172.31.36.0-255,66,37699,19,247981
1349,0.000358,172.217.194.0-255,365,38064,19,247981
1350,0.000363,172.31.36.0-255,66,38130,19,247981
1351,0.00048,172.217.194.0-255,1484,39614,19,247981
1352,0.000484,172.31.36.0-255,66,39680,19,247981
1353,0.000489,172.217.194.0-255,2902,42582,19,247981
1354,0.000494,172.31.36.0-255,66,42648,19,247981
1355,0.000525,172.217.194.0-255,5738,48386,19,247981
1356,0.000528,172.31.36.0-255,66,48452,19,247981
1357,0.000536,172.217.194.0-255,6246,54698,19,247981
1358,0.000538,172.31.36.0-255,66,54764,19,247981
1359,0.001153,172.217.194.0-255,1484,56248,19,247981
1360,0.001165,172.217.194.0-255,2902,59150,19,247981
1361,0.001169,172.31.36.0-255,66,59216,19,247981
1362,0.001176,172.217.194.0-255,5738,64954,19,247981
1363,0.001178,172.31.36.0-255,66,65020,19,247981
1364,0.001217,172.31.36.0-255,66,65086,19,247981
1365,0.001222,172.217.194.0-255,2902,67988,19,247981
1366,0.001224,172.31.36.0-255,66,68054,19,247981
1367,0.001265,172.217.194.0-255,7856,75910,19,247981
1368,0.001269,172.31.36.0-255,66,75976,19,247981
1369,0.001634,172.217.194.0-255,1484,77460,19,247981
1370,0.001642,172.217.194.0-255,2902,80362,19,247981
1371,0.001646,172.31.36.0-255,66,80428,19,247981
1372,0.001652,172.217.194.0-255,5738,86166,19,247981
1373,0.001654,172.31.36.0-255,66,86232,19,247981
1374,0.001704,172.31.36.0-255,66,86298,19,247981
1375,0.001713,172.217.194.0-255,10692,96990,19,247981
1376,0.001714,172.31.36.0-255,66,97056,19,247981
1377,0.001743,172.217.194.0-255,5738,102794,19,247981
1378,0.001746,172.31.36.0-255,66,102860,19,247981
1379,0.001774,172.217.194.0-255,8574,111434,19,247981
1380,0.001776,172.31.36.0-255,66,111500,19,247981
1381,0.001787,172.31.36.0-255,66,111566,19,247981
1382,0.001809,172.217.194.0-255,4320,115886,19,247981
1383,0.001811,172.31.36.0-255,66,115952,19,247981
1384,0.001816,172.217.194.0-255,3602,119554,19,247981
1385,0.001818,172.31.36.0-255,66,119620,19,247981
1386,0.00183,172.217.194.0-255,2902,122522,19,247981
1387,0.001832,172.31.36.0-255,66,122588,19,247981
1388,0.001875,172.31.36.0-255,66,122654,19,247981
1389,0.001891,172.31.36.0-255,66,122720,19,247981
1390,0.001944,172.217.194.0-255,1484,124204,19,247981
1391,0.001947,172.217.194.0-255,2902,127106,19,247981
1392,0.001949,172.31.36.0-255,66,127172,19,247981
1393,0.001954,172.217.194.0-255,5738,132910,19,247981
1394,0.001956,172.31.36.0-255,66,132976,19,247981
1395,0.001966,172.217.194.0-255,7156,140132,19,247981
1396,0.001968,172.31.36.0-255,66,140198,19,247981
1397,0.001975,172.217.194.0-255,7156,147354,19,247981
1398,0.001976,172.31.36.0-255,66,147420,19,247981
1399,0.002001,172.217.194.0-255,7156,154576,19,247981
1400,0.002003,172.31.36.0-255,66,154642,19,247981
1401,0.002007,172.217.194.0-255,2184,156826,19,247981
1402,0.002008,172.31.36.0-255,66,156892,19,247981
1403,0.002041,172.217.194.0-255,1484,158376,19,247981
1404,0.002056,172.217.194.0-255,2902,161278,19,247981
1405,0.002059,172.31.36.0-255,66,161344,19,247981
1406,0.002062,172.217.194.0-255,2902,164246,19,247981
1407,0.002064,172.31.36.0-255,66,164312,19,247981
1408,0.002091,172.217.194.0-255,2902,167214,19,247981
1409,0.002093,172.31.36.0-255,66,167280,19,247981
1410,0.002104,172.31.36.0-255,66,167346,19,247981
1411,0.00211,172.217.194.0-255,7156,174502,19,247981
1412,0.002112,172.31.36.0-255,66,174568,19,247981
1413,0.002138,172.217.194.0-255,3602,178170,19,247981
1414,0.00214,172.31.36.0-255,66,178236,19,247981
1415,0.002177,172.217.194.0-255,1484,179720,19,247981
1416,0.002191,172.217.194.0-255,2902,182622,19,247981
1417,0.002193,172.31.36.0-255,66,182688,19,247981
1418,0.002218,172.217.194.0-255,4320,187008,19,247981
1419,0.00222,172.31.36.0-255,66,187074,19,247981
1420,0.002226,172.217.194.0-255,8574,195648,19,247981
1421,0.002228,172.31.36.0-255,66,195714,19,247981
1422,0.002256,172.217.194.0-255,4320,200034,19,247981
1423,0.002259,172.31.36.0-255,66,200100,19,247981
1424,0.0023,172.31.36.0-255,66,200166,19,247981
1425,0.002311,172.31.36.0-255,66,200232,19,247981
1426,0.002335,172.217.194.0-255,1484,201716,19,247981
1427,0.002337,172.31.36.0-255,78,201794,19,247981
1428,0.002341,172.217.194.0-255,2902,204696,19,247981
1429,0.002343,172.31.36.0-255,78,204774,19,247981
1430,0.002388,172.31.36.0-255,78,204852,19,247981
1431,0.00241,172.217.194.0-255,2184,207036,19,247981
1432,0.003121,172.31.36.0-255,66,207102,19,247981
1433,0.00468,172.217.194.0-255,2902,210004,19,247981
1434,0.004686,172.31.36.0-255,66,210070,19,247981
1435,0.005407,172.217.194.0-255,2902,212972,19,247981
1436,0.005411,172.31.36.0-255,66,213038,19,247981
1437,0.006988,172.217.194.0-255,2902,215940,19,247981
1438,0.006994,172.31.36.0-255,66,216006,19,247981
1439,0.007735,172.217.194.0-255,2902,218908,19,247981
1440,0.007742,172.31.36.0-255,66,218974,19,247981
1441,0.009289,172.217.194.0-255,2902,221876,19,247981
1442,0.009296,172.31.36.0-255,66,221942,19,247981
1443,0.010044,172.217.194.0-255,2902,224844,19,247981
1444,0.010051,172.31.36.0-255,66,224910,19,247981
1445,0.011599,172.217.194.0-255,2902,227812,19,247981
1446,0.011607,172.31.36.0-255,66,227878,19,247981
1447,0.012345,172.217.194.0-255,2902,230780,19,247981
1448,0.012353,172.31.36.0-255,66,230846,19,247981
1449,0.013903,172.217.194.0-255,2902,233748,19,247981
1450,0.01391,172.31.36.0-255,66,233814,19,247981
1451,0.014652,172.217.194.0-255,2902,236716,19,247981
1452,0.01466,172.31.36.0-255,66,236782,19,247981
1453,0.016188,172.217.194.0-255,2902,239684,19,247981
1454,0.016195,172.31.36.0-255,66,239750,19,247981
1455,0.016991,172.217.194.0-255,2902,242652,19,247981
1456,0.016997,172.31.36.0-255,66,242718,19,247981
1457,0.018494,172.217.194.0-255,2902,245620,19,247981
1458,0.018501,172.31.36.0-255,66,245686,19,247981
1459,0.019297,172.217.194.0-255,2124,247810,19,247981
1460,0.019303,172.31.36.0-255,66,247876,19,247981
1461,0.01959,172.31.36.0-255,105,247981,19,247981
1462,0.0,74.125.24.0-255,146,146,19,190135
1463,6.5e-05,172.31.36.0-255,66,212,19,190135
1464,7.2e-05,74.125.24.0-255,1484,1696,19,190135
1465,7.6e-05,172.31.36.0-255,66,1762,19,190135
1466,8.2e-05,74.125.24.0-255,2902,4664,19,190135
1467,8.5e-05,172.31.36.0-255,66,4730,19,190135
1468,9.2e-05,74.125.24.0-255,7156,11886,19,190135
1469,9.5e-05,172.31.36.0-255,66,11952,19,190135
1470,9.9e-05,74.125.24.0-255,2028,13980,19,190135
1471,0.000101,172.31.36.0-255,66,14046,19,190135
1472,0.000149,74.125.24.0-255,1484,15530,19,190135
1473,0.000152,172.31.36.0-255,66,15596,19,190135
1474,0.000157,74.125.24.0-255,2902,18498,19,190135
1475,0.00016,172.31.36.0-255,66,18564,19,190135
1476,0.000163,74.125.24.0-255,1484,20048,19,190135
1477,0.000164,172.31.36.0-255,66,20114,19,190135
1478,0.000187,74.125.24.0-255,4320,24434,19,190135
1479,0.00019,172.31.36.0-255,66,24500,19,190135
1480,0.000197,74.125.24.0-255,6797,31297,19,190135
1481,0.000199,172.31.36.0-255,66,31363,19,190135
1482,0.00087,74.125.24.0-255,1484,32847,19,190135
1483,0.000876,172.31.36.0-255,66,32913,19,190135
1484,0.000885,74.125.24.0-255,2902,35815,19,190135
1485,0.000888,172.31.36.0-255,66,35881,19,190135
1486,0.000894,74.125.24.0-255,5738,41619,19,190135
1487,0.000895,172.31.36.0-255,66,41685,19,190135
1488,0.000922,74.125.24.0-255,5738,47423,19,190135
1489,0.000925,172.31.36.0-255,66,47489,19,190135
1490,0.000948,74.125.24.0-255,8215,55704,19,190135
1491,0.000951,172.31.36.0-255,66,55770,19,190135
1492,0.00096,74.125.24.0-255,9944,65714,19,190135
1493,0.000962,172.31.36.0-255,66,65780,19,190135
1494,0.000983,74.125.24.0-255,345,66125,19,190135
1495,0.000987,172.31.36.0-255,66,66191,19,190135
1496,0.001132,74.125.24.0-255,1484,67675,19,190135
1497,0.001136,172.31.36.0-255,66,67741,19,190135
1498,0.001157,74.125.24.0-255,2902,70643,19,190135
1499,0.00116,172.31.36.0-255,66,70709,19,190135
1500,0.001165,74.125.24.0-255,5738,76447,19,190135
1501,0.001168,172.31.36.0-255,66,76513,19,190135
1502,0.001196,74.125.24.0-255,8215,84728,19,190135
1503,0.001199,172.31.36.0-255,66,84794,19,190135
1504,0.001205,74.125.24.0-255,7156,91950,19,190135
1505,0.001208,172.31.36.0-255,66,92016,19,190135
1506,0.001221,74.125.24.0-255,1484,93500,19,190135
1507,0.001224,172.31.36.0-255,66,93566,19,190135
1508,0.001242,74.125.24.0-255,4320,97886,19,190135
1509,0.001244,172.31.36.0-255,66,97952,19,190135
1510,0.001263,74.125.24.0-255,2543,100495,19,190135
1511,0.001266,172.31.36.0-255,66,100561,19,190135
1512,0.001514,74.125.24.0-255,1484,102045,19,190135
1513,0.001517,172.31.36.0-255,66,102111,19,190135
1514,0.001537,74.125.24.0-255,2902,105013,19,190135
1515,0.00154,172.31.36.0-255,66,105079,19,190135
1516,0.001545,74.125.24.0-255,5738,110817,19,190135
1517,0.001548,172.31.36.0-255,66,110883,19,190135
1518,0.001552,74.125.24.0-255,2902,113785,19,190135
1519,0.001554,172.31.36.0-255,66,113851,19,190135
1520,0.001582,74.125.24.0-255,5738,119589,19,190135
1521,0.001585,172.31.36.0-255,66,119655,19,190135
1522,0.001604,74.125.24.0-255,1484,121139,19,190135
1523,0.001792,74.125.24.0-255,1484,122623,19,190135
1524,0.001795,74.125.24.0-255,1484,124107,19,190135
1525,0.001806,74.125.24.0-255,1484,125591,19,190135
1526,0.00181,74.125.24.0-255,2902,128493,19,190135
1527,0.001827,74.125.24.0-255,2902,131395,19,190135
1528,0.001829,74.125.24.0-255,1484,132879,19,190135
1529,0.001875,74.125.24.0-255,8574,141453,19,190135
1530,0.001885,74.125.24.0-255,2184,143637,19,190135
1531,0.00318,172.31.36.0-255,66,143703,19,190135
1532,0.005174,74.125.24.0-255,5738,149441,19,190135
1533,0.005179,172.31.36.0-255,66,149507,19,190135
1534,0.007166,74.125.24.0-255,5738,155245,19,190135
1535,0.007172,172.31.36.0-255,66,155311,19,190135
1536,0.009164,74.125.24.0-255,5738,161049,19,190135
1537,0.009171,172.31.36.0-255,66,161115,19,190135
1538,0.011141,74.125.24.0-255,5738,166853,19,190135
1539,0.011145,172.31.36.0-255,66,166919,19,190135
1540,0.013131,74.125.24.0-255,5738,172657,19,190135
1541,0.013138,172.31.36.0-255,66,172723,19,190135
1542,0.015146,74.125.24.0-255,5738,178461,19,190135
1543,0.015152,172.31.36.0-255,66,178527,19,190135
1544,0.017157,74.125.24.0-255,5738,184265,19,190135
1545,0.017165,172.31.36.0-255,66,184331,19,190135
1546,0.019148,74.125.24.0-255,5738,190069,19,190135
1547,0.019154,172.31.36.0-255,66,190135,19,190135
1548,0.0,172.217.194.0-255,146,146,19,315627
1549,1.7e-05,172.31.36.0-255,66,212,19,315627
1550,2.4e-05,172.217.194.0-255,1484,1696,19,315627
1551,2.9e-05,172.31.36.0-255,66,1762,19,315627
1552,3.5e-05,172.217.194.0-255,2902,4664,19,315627
1553,4.7e-05,172.31.36.0-255,66,4730,19,315627
1554,5.6e-05,172.217.194.0-255,7156,11886,19,315627
1555,5.9e-05,172.31.36.0-255,66,11952,19,315627
1556,0.000117,172.217.194.0-255,6403,18355,19,315627
1557,0.000122,172.31.36.0-255,66,18421,19,315627
1558,0.000127,172.217.194.0-255,2902,21323,19,315627
1559,0.000129,172.31.36.0-255,66,21389,19,315627
1560,0.000157,172.217.194.0-255,4320,25709,19,315627
1561,0.000161,172.31.36.0-255,66,25775,19,315627
1562,0.000167,172.217.194.0-255,5379,31154,19,315627
1563,0.00017,172.31.36.0-255,66,31220,19,315627
1564,0.000213,172.217.194.0-255,5738,36958,19,315627
1565,0.000216,172.31.36.0-255,66,37024,19,315627
1566,0.000222,172.217.194.0-255,4320,41344,19,315627
1567,0.000225,172.31.36.0-255,66,41410,19,315627
1568,0.000252,172.217.194.0-255,2902,44312,19,315627
1569,0.000254,172.31.36.0-255,66,44378,19,315627
1570,0.000275,172.217.194.0-255,3961,48339,19,315627
1571,0.000277,172.31.36.0-255,66,48405,19,315627
1572,0.000309,172.217.194.0-255,7156,55561,19,315627
1573,0.000312,172.31.36.0-255,66,55627,19,315627
1574,0.000321,172.217.194.0-255,8574,64201,19,315627
1575,0.000323,172.31.36.0-255,66,64267,19,315627
1576,0.000348,172.217.194.0-255,1420,65687,19,315627
1577,0.00035,172.31.36.0-255,66,65753,19,315627
1578,0.000386,172.217.194.0-255,383,66136,19,315627
1579,0.000389,172.31.36.0-255,66,66202,19,315627
1580,0.000506,172.217.194.0-255,1484,67686,19,315627
1581,0.000512,172.217.194.0-255,2902,70588,19,315627
1582,0.000516,172.31.36.0-255,66,70654,19,315627
1583,0.000523,172.217.194.0-255,5738,76392,19,315627
1584,0.000526,172.31.36.0-255,66,76458,19,315627
1585,0.00057,172.217.194.0-255,6797,83255,19,315627
1586,0.000573,172.31.36.0-255,66,83321,19,315627
1587,0.000581,172.217.194.0-255,7156,90477,19,315627
1588,0.000584,172.31.36.0-255,66,90543,19,315627
1589,0.000609,172.217.194.0-255,4320,94863,19,315627
1590,0.000612,172.31.36.0-255,66,94929,19,315627
1591,0.000637,172.217.194.0-255,5379,100308,19,315627
1592,0.000644,172.31.36.0-255,66,100374,19,315627
1593,0.000974,172.217.194.0-255,1484,101858,19,315627
1594,0.000978,172.217.194.0-255,1484,103342,19,315627
1595,0.00099,172.31.36.0-255,66,103408,19,315627
1596,0.000994,172.217.194.0-255,1484,104892,19,315627
1597,0.001001,172.217.194.0-255,5738,110630,19,315627
1598,0.001007,172.31.36.0-255,66,110696,19,315627
1599,0.001013,172.217.194.0-255,4320,115016,19,315627
1600,0.001016,172.31.36.0-255,66,115082,19,315627
1601,0.001047,172.217.194.0-255,5738,120820,19,315627
1602,0.001053,172.31.36.0-255,66,120886,19,315627
1603,0.001085,172.31.36.0-255,66,120952,19,315627
1604,0.00111,172.217.194.0-255,766,121718,19,315627
1605,0.001254,172.217.194.0-255,1484,123202,19,315627
1606,0.001258,172.31.36.0-255,66,123268,19,315627
1607,0.001292,172.217.194.0-255,2902,126170,19,315627
1608,0.001295,172.31.36.0-255,66,126236,19,315627
1609,0.001301,172.217.194.0-255,5738,131974,19,315627
1610,0.001303,172.31.36.0-255,66,132040,19,315627
1611,0.001329,172.217.194.0-255,5738,137778,19,315627
1612,0.001332,172.31.36.0-255,66,137844,19,315627
1613,0.001375,172.31.36.0-255,66,137910,19,315627
1614,0.001404,172.217.194.0-255,5020,142930,19,315627
1615,0.001407,172.31.36.0-255,66,142996,19,315627
1616,0.001753,172.217.194.0-255,1484,144480,19,315627
1617,0.00176,172.217.194.0-255,2902,147382,19,315627
1618,0.001763,172.31.36.0-255,66,147448,19,315627
1619,0.001767,172.217.194.0-255,1484,148932,19,315627
1620,0.001796,172.217.194.0-255,4320,153252,19,315627
1621,0.001799,172.31.36.0-255,66,153318,19,315627
1622,0.001806,172.217.194.0-255,7156,160474,19,315627
1623,0.001808,172.31.36.0-255,66,160540,19,315627
1624,0.001838,172.217.194.0-255,5738,166278,19,315627
1625,0.00184,172.31.36.0-255,66,166344,19,315627
1626,0.001851,172.217.194.0-255,10692,177036,19,315627
1627,0.001853,172.31.36.0-255,66,177102,19,315627
1628,0.002479,172.217.194.0-255,1484,178586,19,315627
1629,0.002486,172.217.194.0-255,2902,181488,19,315627
1630,0.002489,172.31.36.0-255,66,181554,19,315627
1631,0.002495,172.217.194.0-255,4320,185874,19,315627
1632,0.002498,172.31.36.0-255,66,185940,19,315627
1633,0.002521,172.217.194.0-255,1484,187424,19,315627
1634,0.002534,172.217.194.0-255,7156,194580,19,315627
1635,0.002536,172.31.36.0-255,66,194646,19,315627
1636,0.002571,172.217.194.0-255,9992,204638,19,315627
1637,0.002574,172.31.36.0-255,66,204704,19,315627
1638,0.002605,172.217.194.0-255,4320,209024,19,315627
1639,0.002609,172.217.194.0-255,2184,211208,19,315627
1640,0.002614,172.31.36.0-255,66,211274,19,315627
1641,0.002617,172.31.36.0-255,66,211340,19,315627
1642,0.002802,172.217.194.0-255,1484,212824,19,315627
1643,0.002825,172.217.194.0-255,1484,214308,19,315627
1644,0.002828,172.31.36.0-255,66,214374,19,315627
1645,0.00286,172.217.194.0-255,4320,218694,19,315627
1646,0.002864,172.31.36.0-255,66,218760,19,315627
1647,0.002884,172.217.194.0-255,9992,228752,19,315627
1648,0.002887,172.31.36.0-255,66,228818,19,315627
1649,0.002893,172.217.194.0-255,2902,231720,19,315627
1650,0.002895,172.31.36.0-255,66,231786,19,315627
1651,0.002898,172.217.194.0-255,1484,233270,19,315627
1652,0.002905,172.217.194.0-255,4320,237590,19,315627
1653,0.002907,172.31.36.0-255,66,237656,19,315627
1654,0.00291,172.217.194.0-255,1484,239140,19,315627
1655,0.002951,172.217.194.0-255,1484,240624,19,315627
1656,0.002953,172.31.36.0-255,66,240690,19,315627
1657,0.002963,172.217.194.0-255,4320,245010,19,315627
1658,0.002965,172.31.36.0-255,66,245076,19,315627
1659,0.002991,172.217.194.0-255,7856,252932,19,315627
1660,0.002994,172.31.36.0-255,66,252998,19,315627
1661,0.002997,172.217.194.0-255,1484,254482,19,315627
1662,0.003028,172.217.194.0-255,7156,261638,19,315627
1663,0.003031,172.31.36.0-255,66,261704,19,315627
1664,0.003034,172.217.194.0-255,1484,263188,19,315627
1665,0.00308,172.31.36.0-255,66,263254,19,315627
1666,0.003103,172.217.194.0-255,9992,273246,19,315627
1667,0.003106,172.31.36.0-255,66,273312,19,315627
1668,0.003139,172.217.194.0-255,10692,284004,19,315627
1669,0.003143,172.31.36.0-255,66,284070,19,315627
1670,0.003155,172.31.36.0-255,66,284136,19,315627
1671,0.003173,172.217.194.0-255,3602,287738,19,315627
1672,0.003176,172.31.36.0-255,66,287804,19,315627
1673,0.003194,172.31.36.0-255,66,287870,19,315627
1674,0.003207,172.31.36.0-255,66,287936,19,315627
1675,0.003214,172.217.194.0-255,5738,293674,19,315627
1676,0.003217,172.31.36.0-255,66,293740,19,315627
1677,0.003231,172.217.194.0-255,3602,297342,19,315627
1678,0.003233,172.31.36.0-255,66,297408,19,315627
1679,0.003236,172.217.194.0-255,1484,298892,19,315627
1680,0.00325,172.217.194.0-255,9992,308884,19,315627
1681,0.003253,172.31.36.0-255,66,308950,19,315627
1682,0.003303,172.31.36.0-255,66,309016,19,315627
1683,0.003336,172.217.194.0-255,6203,315219,19,315627
1684,0.003339,172.31.36.0-255,66,315285,19,315627
1685,0.003343,172.217.194.0-255,105,315390,19,315627
1686,0.010848,172.31.36.0-255,66,315456,19,315627
1687,0.010893,172.31.36.0-255,105,315561,19,315627
1688,0.013514,172.217.194.0-255,66,315627,19,315627
1689,0.0,172.217.194.0-255,150,150,19,247518
1690,2.9e-05,172.31.36.0-255,66,216,19,247518
1691,3.5e-05,172.217.194.0-255,1484,1700,19,247518
1692,3.9e-05,172.31.36.0-255,66,1766,19,247518
1693,4.4e-05,172.217.194.0-255,2902,4668,19,247518
1694,4.6e-05,172.31.36.0-255,66,4734,19,247518
1695,5.1e-05,172.217.194.0-255,2902,7636,19,247518
1696,5.3e-05,172.31.36.0-255,66,7702,19,247518
1697,9.5e-05,172.217.194.0-255,2902,10604,19,247518
1698,9.8e-05,172.31.36.0-255,66,10670,19,247518
1699,0.000119,172.217.194.0-255,4910,15580,19,247518
1700,0.000121,172.31.36.0-255,66,15646,19,247518
1701,0.000127,172.217.194.0-255,4320,19966,19,247518
1702,0.00013,172.31.36.0-255,66,20032,19,247518
1703,0.000135,172.217.194.0-255,4320,24352,19,247518
1704,0.000137,172.31.36.0-255,66,24418,19,247518
1705,0.000175,172.217.194.0-255,9992,34410,19,247518
1706,0.000178,172.31.36.0-255,66,34476,19,247518
1707,0.000192,172.31.36.0-255,66,34542,19,247518
1708,0.000224,172.217.194.0-255,5738,40280,19,247518
1709,0.000227,172.31.36.0-255,66,40346,19,247518
1710,0.000233,172.217.194.0-255,7156,47502,19,247518
1711,0.000236,172.31.36.0-255,66,47568,19,247518
1712,0.000256,172.217.194.0-255,4266,51834,19,247518
1713,0.000259,172.31.36.0-255,66,51900,19,247518
1714,0.000283,172.217.194.0-255,1484,53384,19,247518
1715,0.000286,172.31.36.0-255,66,53450,19,247518
1716,0.000304,172.217.194.0-255,2902,56352,19,247518
1717,0.000307,172.31.36.0-255,66,56418,19,247518
1718,0.000311,172.217.194.0-255,1484,57902,19,247518
1719,0.000313,172.31.36.0-255,66,57968,19,247518
1720,0.000341,172.217.194.0-255,8574,66542,19,247518
1721,0.000345,172.31.36.0-255,66,66608,19,247518
1722,0.000361,172.217.194.0-255,3916,70524,19,247518
1723,0.000362,172.31.36.0-255,66,70590,19,247518
1724,0.000366,172.31.36.0-255,66,70656,19,247518
1725,0.000468,172.217.194.0-255,1484,72140,19,247518
1726,0.000481,172.217.194.0-255,1484,73624,19,247518
1727,0.000484,172.31.36.0-255,66,73690,19,247518
1728,0.000506,172.217.194.0-255,1484,75174,19,247518
1729,0.000512,172.217.194.0-255,5738,80912,19,247518
1730,0.000515,172.31.36.0-255,66,80978,19,247518
1731,0.000524,172.217.194.0-255,7156,88134,19,247518
1732,0.000526,172.31.36.0-255,66,88200,19,247518
1733,0.000541,172.217.194.0-255,5738,93938,19,247518
1734,0.000545,172.31.36.0-255,66,94004,19,247518
1735,0.000579,172.217.194.0-255,10692,104696,19,247518
1736,0.000583,172.31.36.0-255,66,104762,19,247518
1737,0.000789,172.217.194.0-255,1484,106246,19,247518
1738,0.000794,172.217.194.0-255,2902,109148,19,247518
1739,0.000797,172.31.36.0-255,66,109214,19,247518
1740,0.000816,172.217.194.0-255,2902,112116,19,247518
1741,0.000818,172.31.36.0-255,66,112182,19,247518
1742,0.000842,172.217.194.0-255,2902,115084,19,247518
1743,0.000845,172.31.36.0-255,66,115150,19,247518
1744,0.000857,172.31.36.0-255,66,115216,19,247518
1745,0.000874,172.217.194.0-255,1484,116700,19,247518
1746,0.000882,172.217.194.0-255,8574,125274,19,247518
1747,0.000884,172.31.36.0-255,66,125340,19,247518
1748,0.000905,172.217.194.0-255,2184,127524,19,247518
1749,0.000907,172.31.36.0-255,66,127590,19,247518
1750,0.001248,172.217.194.0-255,1484,129074,19,247518
1751,0.001253,172.217.194.0-255,2902,131976,19,247518
1752,0.001256,172.31.36.0-255,66,132042,19,247518
1753,0.001276,172.217.194.0-255,5738,137780,19,247518
1754,0.001279,172.31.36.0-255,66,137846,19,247518
1755,0.001306,172.31.36.0-255,66,137912,19,247518
1756,0.001325,172.217.194.0-255,1484,139396,19,247518
1757,0.001331,172.217.194.0-255,5738,145134,19,247518
1758,0.001335,172.31.36.0-255,66,145200,19,247518
1759,0.001357,172.217.194.0-255,5020,150220,19,247518
1760,0.001359,172.31.36.0-255,66,150286,19,247518
1761,0.001553,172.217.194.0-255,1484,151770,19,247518
1762,0.001557,172.217.194.0-255,1484,153254,19,247518
1763,0.00156,172.31.36.0-255,66,153320,19,247518
1764,0.001576,172.217.194.0-255,1484,154804,19,247518
1765,0.001582,172.217.194.0-255,4320,159124,19,247518
1766,0.001584,172.31.36.0-255,66,159190,19,247518
1767,0.00159,172.217.194.0-255,5738,164928,19,247518
1768,0.001593,172.31.36.0-255,66,164994,19,247518
1769,0.001632,172.31.36.0-255,66,165060,19,247518
1770,0.00164,172.217.194.0-255,7856,172916,19,247518
1771,0.001643,172.31.36.0-255,66,172982,19,247518
1772,0.001684,172.217.194.0-255,1484,174466,19,247518
1773,0.001705,172.217.194.0-255,7156,181622,19,247518
1774,0.001708,172.31.36.0-255,66,181688,19,247518
1775,0.001722,172.217.194.0-255,9992,191680,19,247518
1776,0.001725,172.31.36.0-255,66,191746,19,247518
1777,0.001731,172.217.194.0-255,4320,196066,19,247518
1778,0.001734,172.31.36.0-255,66,196132,19,247518
1779,0.001769,172.217.194.0-255,10692,206824,19,247518
1780,0.001772,172.31.36.0-255,66,206890,19,247518
1781,0.004078,172.217.194.0-255,5738,212628,19,247518
1782,0.004085,172.31.36.0-255,66,212694,19,247518
1783,0.00639,172.217.194.0-255,5738,218432,19,247518
1784,0.006398,172.31.36.0-255,66,218498,19,247518
1785,0.008687,172.217.194.0-255,5738,224236,19,247518
1786,0.008693,172.31.36.0-255,66,224302,19,247518
1787,0.010989,172.217.194.0-255,5738,230040,19,247518
1788,0.010999,172.31.36.0-255,66,230106,19,247518
1789,0.013284,172.217.194.0-255,5738,235844,19,247518
1790,0.013291,172.31.36.0-255,66,235910,19,247518
1791,0.015611,172.217.194.0-255,5738,241648,19,247518
1792,0.015623,172.31.36.0-255,66,241714,19,247518
1793,0.017898,172.217.194.0-255,5738,247452,19,247518
1794,0.017906,172.31.36.0-255,66,247518,19,247518
1795,0.0,172.217.194.0-255,153,153,19,214570
1796,2.3e-05,172.31.36.0-255,66,219,19,214570
1797,3e-05,172.217.194.0-255,1484,1703,19,214570
1798,3.5e-05,172.31.36.0-255,66,1769,19,214570
1799,4.9e-05,172.217.194.0-255,2902,4671,19,214570
1800,5.2e-05,172.31.36.0-255,66,4737,19,214570
1801,5.9e-05,172.217.194.0-255,5738,10475,19,214570
1802,6.2e-05,172.31.36.0-255,66,10541,19,214570
1803,6.9e-05,172.217.194.0-255,6331,16872,19,214570
1804,7.3e-05,172.31.36.0-255,66,16938,19,214570
1805,7.9e-05,172.217.194.0-255,5738,22676,19,214570
1806,8.2e-05,172.31.36.0-255,66,22742,19,214570
1807,0.000124,172.217.194.0-255,4320,27062,19,214570
1808,0.000128,172.31.36.0-255,66,27128,19,214570
1809,0.000162,172.217.194.0-255,3961,31089,19,214570
1810,0.000165,172.31.36.0-255,66,31155,19,214570
1811,0.000175,172.217.194.0-255,8574,39729,19,214570
1812,0.000177,172.31.36.0-255,66,39795,19,214570
1813,0.00019,172.217.194.0-255,7156,46951,19,214570
1814,0.000192,172.31.36.0-255,66,47017,19,214570
1815,0.000217,172.217.194.0-255,1125,48142,19,214570
1816,0.000219,172.31.36.0-255,66,48208,19,214570
1817,0.000561,172.217.194.0-255,1484,49692,19,214570
1818,0.000566,172.217.194.0-255,2902,52594,19,214570
1819,0.000576,172.31.36.0-255,66,52660,19,214570
1820,0.000581,172.31.36.0-255,66,52726,19,214570
1821,0.000587,172.217.194.0-255,4320,57046,19,214570
1822,0.00059,172.31.36.0-255,66,57112,19,214570
1823,0.000643,172.217.194.0-255,4320,61432,19,214570
1824,0.000647,172.31.36.0-255,66,61498,19,214570
1825,0.000665,172.217.194.0-255,3961,65459,19,214570
1826,0.000667,172.31.36.0-255,66,65525,19,214570
1827,0.000671,172.217.194.0-255,1484,67009,19,214570
1828,0.000701,172.217.194.0-255,7156,74165,19,214570
1829,0.000704,172.31.36.0-255,66,74231,19,214570
1830,0.000711,172.217.194.0-255,5738,79969,19,214570
1831,0.000714,172.31.36.0-255,66,80035,19,214570
1832,0.000723,172.217.194.0-255,2902,82937,19,214570
1833,0.000724,172.31.36.0-255,66,83003,19,214570
1834,0.000764,172.31.36.0-255,66,83069,19,214570
1835,0.000768,172.217.194.0-255,2543,85612,19,214570
1836,0.00077,172.31.36.0-255,66,85678,19,214570
1837,0.000773,172.217.194.0-255,646,86324,19,214570
1838,0.00138,172.217.194.0-255,1484,87808,19,214570
1839,0.001385,172.31.36.0-255,66,87874,19,214570
1840,0.001391,172.217.194.0-255,2902,90776,19,214570
1841,0.001393,172.31.36.0-255,66,90842,19,214570
1842,0.001396,172.217.194.0-255,1484,92326,19,214570
1843,0.001418,172.217.194.0-255,4320,96646,19,214570
1844,0.00142,172.31.36.0-255,66,96712,19,214570
1845,0.001439,172.31.36.0-255,66,96778,19,214570
1846,0.001483,172.217.194.0-255,10692,107470,19,214570
1847,0.001486,172.31.36.0-255,66,107536,19,214570
1848,0.00188,172.217.194.0-255,1484,109020,19,214570
1849,0.001886,172.217.194.0-255,2902,111922,19,214570
1850,0.001889,172.31.36.0-255,66,111988,19,214570
1851,0.001895,172.217.194.0-255,2902,114890,19,214570
1852,0.001897,172.31.36.0-255,66,114956,19,214570
1853,0.00192,172.217.194.0-255,2902,117858,19,214570
1854,0.001922,172.31.36.0-255,66,117924,19,214570
1855,0.001926,172.217.194.0-255,1484,119408,19,214570
1856,0.001938,172.217.194.0-255,8574,127982,19,214570
1857,0.00194,172.31.36.0-255,66,128048,19,214570
1858,0.001973,172.217.194.0-255,7156,135204,19,214570
1859,0.001975,172.31.36.0-255,66,135270,19,214570
1860,0.002003,172.217.194.0-255,6438,141708,19,214570
1861,0.002006,172.31.36.0-255,66,141774,19,214570
1862,0.002158,172.217.194.0-255,1484,143258,19,214570
1863,0.002163,172.217.194.0-255,2902,146160,19,214570
1864,0.002169,172.31.36.0-255,66,146226,19,214570
1865,0.002181,172.217.194.0-255,5738,151964,19,214570
1866,0.002183,172.31.36.0-255,66,152030,19,214570
1867,0.002222,172.31.36.0-255,66,152096,19,214570
1868,0.002233,172.217.194.0-255,10692,162788,19,214570
1869,0.00224,172.31.36.0-255,66,162854,19,214570
1870,0.002294,172.217.194.0-255,4320,167174,19,214570
1871,0.002296,172.31.36.0-255,66,167240,19,214570
1872,0.002339,172.31.36.0-255,66,167306,19,214570
1873,0.002342,172.217.194.0-255,1484,168790,19,214570
1874,0.002354,172.217.194.0-255,6438,175228,19,214570
1875,0.002356,172.31.36.0-255,66,175294,19,214570
1876,0.00464,172.217.194.0-255,5738,181032,19,214570
1877,0.004648,172.31.36.0-255,66,181098,19,214570
1878,0.006868,172.217.194.0-255,4320,185418,19,214570
1879,0.006872,172.31.36.0-255,66,185484,19,214570
1880,0.006896,172.217.194.0-255,1484,186968,19,214570
1881,0.009132,172.217.194.0-255,4320,191288,19,214570
1882,0.009139,172.31.36.0-255,66,191354,19,214570
1883,0.011357,172.217.194.0-255,5738,197092,19,214570
1884,0.01137,172.31.36.0-255,66,197158,19,214570
1885,0.013602,172.217.194.0-255,5738,202896,19,214570
1886,0.013611,172.31.36.0-255,66,202962,19,214570
1887,0.015849,172.217.194.0-255,5738,208700,19,214570
1888,0.015856,172.31.36.0-255,66,208766,19,214570
1889,0.01809,172.217.194.0-255,5738,214504,19,214570
1890,0.018103,172.31.36.0-255,66,214570,19,214570
1891,0.0,172.31.36.0-255,105,105,19,276
1892,0.001822,157.240.13.0-255,105,210,19,276
1893,0.001834,172.31.36.0-255,66,276,19,276
1894,0.0,74.125.200.0-255,151,151,19,165969
1895,3e-05,172.31.36.0-255,66,217,19,165969
1896,3.6e-05,74.125.200.0-255,1484,1701,19,165969
1897,4e-05,172.31.36.0-255,66,1767,19,165969
1898,4.4e-05,74.125.200.0-255,2902,4669,19,165969
1899,4.7e-05,172.31.36.0-255,66,4735,19,165969
1900,8.3e-05,74.125.200.0-255,7156,11891,19,165969
1901,8.8e-05,172.31.36.0-255,66,11957,19,165969
1902,9.2e-05,74.125.200.0-255,2039,13996,19,165969
1903,9.5e-05,172.31.36.0-255,66,14062,19,165969
1904,0.000326,74.125.200.0-255,1484,15546,19,165969
1905,0.00033,172.31.36.0-255,66,15612,19,165969
1906,0.000358,74.125.200.0-255,2902,18514,19,165969
1907,0.000362,172.31.36.0-255,66,18580,19,165969
1908,0.000369,74.125.200.0-255,5738,24318,19,165969
1909,0.000371,172.31.36.0-255,66,24384,19,165969
1910,0.000419,74.125.200.0-255,6797,31181,19,165969
1911,0.000423,172.31.36.0-255,66,31247,19,165969
1912,0.000428,74.125.200.0-255,2902,34149,19,165969
1913,0.000431,172.31.36.0-255,66,34215,19,165969
1914,0.000471,74.125.200.0-255,4320,38535,19,165969
1915,0.000475,74.125.200.0-255,4320,42855,19,165969
1916,0.000477,172.31.36.0-255,66,42921,19,165969
1917,0.000482,172.31.36.0-255,66,42987,19,165969
1918,0.000491,74.125.200.0-255,5379,48366,19,165969
1919,0.000498,172.31.36.0-255,66,48432,19,165969
1920,0.001431,74.125.200.0-255,1484,49916,19,165969
1921,0.001437,172.31.36.0-255,66,49982,19,165969
1922,0.001447,74.125.200.0-255,2902,52884,19,165969
1923,0.001449,172.31.36.0-255,66,52950,19,165969
1924,0.00146,74.125.200.0-255,4320,57270,19,165969
1925,0.001463,172.31.36.0-255,66,57336,19,165969
1926,0.001496,74.125.200.0-255,9633,66969,19,165969
1927,0.001498,172.31.36.0-255,66,67035,19,165969
1928,0.001502,74.125.200.0-255,4320,71355,19,165969
1929,0.001504,172.31.36.0-255,66,71421,19,165969
1930,0.001564,74.125.200.0-255,7156,78577,19,165969
1931,0.001567,172.31.36.0-255,66,78643,19,165969
1932,0.001592,74.125.200.0-255,4541,83184,19,165969
1933,0.001594,172.31.36.0-255,66,83250,19,165969
1934,0.0016,74.125.200.0-255,5738,88988,19,165969
1935,0.001603,172.31.36.0-255,66,89054,19,165969
1936,0.001627,74.125.200.0-255,1484,90538,19,165969
1937,0.001635,74.125.200.0-255,7156,97694,19,165969
1938,0.001638,172.31.36.0-255,66,97760,19,165969
1939,0.001663,74.125.200.0-255,1484,99244,19,165969
1940,0.001666,74.125.200.0-255,1125,100369,19,165969
1941,0.001668,172.31.36.0-255,66,100435,19,165969
1942,0.002255,74.125.200.0-255,1484,101919,19,165969
1943,0.00227,74.125.200.0-255,2902,104821,19,165969
1944,0.002273,172.31.36.0-255,66,104887,19,165969
1945,0.002297,74.125.200.0-255,5738,110625,19,165969
1946,0.0023,172.31.36.0-255,66,110691,19,165969
1947,0.002304,74.125.200.0-255,2902,113593,19,165969
1948,0.002306,172.31.36.0-255,66,113659,19,165969
1949,0.002323,74.125.200.0-255,1484,115143,19,165969
1950,0.002357,172.31.36.0-255,66,115209,19,165969
1951,0.002362,74.125.200.0-255,4320,119529,19,165969
1952,0.002364,172.31.36.0-255,66,119595,19,165969
1953,0.002387,74.125.200.0-255,3602,123197,19,165969
1954,0.002394,172.31.36.0-255,66,123263,19,165969
1955,0.002508,74.125.200.0-255,1484,124747,19,165969
1956,0.002519,74.125.200.0-255,2902,127649,19,165969
1957,0.002522,172.31.36.0-255,66,127715,19,165969
1958,0.002545,74.125.200.0-255,2902,130617,19,165969
1959,0.002548,172.31.36.0-255,66,130683,19,165969
1960,0.005025,74.125.200.0-255,2902,133585,19,165969
1961,0.00503,172.31.36.0-255,66,133651,19,165969
1962,0.005052,74.125.200.0-255,2902,136553,19,165969
1963,0.005054,172.31.36.0-255,66,136619,19,165969
1964,0.007585,74.125.200.0-255,2902,139521,19,165969
1965,0.007591,172.31.36.0-255,66,139587,19,165969
1966,0.007624,74.125.200.0-255,2902,142489,19,165969
1967,0.007627,172.31.36.0-255,66,142555,19,165969
1968,0.010119,74.125.200.0-255,2902,145457,19,165969
1969,0.010125,172.31.36.0-255,66,145523,19,165969
1970,0.010138,74.125.200.0-255,2902,148425,19,165969
1971,0.010143,172.31.36.0-255,66,148491,19,165969
1972,0.012653,74.125.200.0-255,5738,154229,19,165969
1973,0.012661,172.31.36.0-255,66,154295,19,165969
1974,0.015182,74.125.200.0-255,5738,160033,19,165969
1975,0.015189,172.31.36.0-255,66,160099,19,165969
1976,0.017705,74.125.200.0-255,4320,164419,19,165969
1977,0.017711,172.31.36.0-255,66,164485,19,165969
1978,0.017741,74.125.200.0-255,1484,165969,19,165969
1979,0.0,172.217.194.0-255,143,143,19,275329
1980,2.8e-05,172.31.36.0-255,66,209,19,275329
1981,3.5e-05,172.217.194.0-255,1484,1693,19,275329
1982,3.9e-05,172.31.36.0-255,66,1759,19,275329
1983,4.5e-05,172.217.194.0-255,2902,4661,19,275329
1984,5.5e-05,172.31.36.0-255,66,4727,19,275329
1985,6.2e-05,172.217.194.0-255,7156,11883,19,275329
1986,6.4e-05,172.31.36.0-255,66,11949,19,275329
1987,7.1e-05,172.217.194.0-255,4873,16822,19,275329
1988,7.3e-05,172.31.36.0-255,66,16888,19,275329
1989,7.8e-05,172.217.194.0-255,4320,21208,19,275329
1990,8e-05,172.31.36.0-255,66,21274,19,275329
1991,0.000123,172.217.194.0-255,9633,30907,19,275329
1992,0.000126,172.31.36.0-255,66,30973,19,275329
1993,0.000149,172.217.194.0-255,1484,32457,19,275329
1994,0.000152,172.31.36.0-255,66,32523,19,275329
1995,0.000166,172.217.194.0-255,2902,35425,19,275329
1996,0.000174,172.31.36.0-255,66,35491,19,275329
1997,0.00018,172.217.194.0-255,5738,41229,19,275329
1998,0.000182,172.31.36.0-255,66,41295,19,275329
1999,0.000224,172.31.36.0-255,66,41361,19,275329
2000,0.000233,172.217.194.0-255,9924,51285,19,275329
2001,0.000236,172.31.36.0-255,66,51351,19,275329
2002,0.000239,172.217.194.0-255,100,51451,19,275329
2003,0.00024,172.31.36.0-255,66,51517,19,275329
2004,0.000308,172.217.194.0-255,361,51878,19,275329
2005,0.000312,172.31.36.0-255,66,51944,19,275329
2006,0.000501,172.217.194.0-255,1484,53428,19,275329
2007,0.000505,172.31.36.0-255,66,53494,19,275329
2008,0.000511,172.217.194.0-255,2902,56396,19,275329
2009,0.000514,172.31.36.0-255,66,56462,19,275329
2010,0.000526,172.217.194.0-255,5738,62200,19,275329
2011,0.000529,172.31.36.0-255,66,62266,19,275329
2012,0.000541,172.217.194.0-255,1484,63750,19,275329
2013,0.000581,172.31.36.0-255,66,63816,19,275329
2014,0.000592,172.217.194.0-255,10692,74508,19,275329
2015,0.000596,172.31.36.0-255,66,74574,19,275329
2016,0.000886,172.217.194.0-255,1484,76058,19,275329
2017,0.000893,172.217.194.0-255,2902,78960,19,275329
2018,0.000897,172.31.36.0-255,66,79026,19,275329
2019,0.000904,172.217.194.0-255,5738,84764,19,275329
2020,0.000907,172.31.36.0-255,66,84830,19,275329
2021,0.00094,172.31.36.0-255,66,84896,19,275329
2022,0.000949,172.217.194.0-255,9992,94888,19,275329
2023,0.000951,172.31.36.0-255,66,94954,19,275329
2024,0.001019,172.217.194.0-255,7856,102810,19,275329
2025,0.001024,172.31.36.0-255,66,102876,19,275329
2026,0.001031,172.217.194.0-255,8574,111450,19,275329
2027,0.001034,172.31.36.0-255,66,111516,19,275329
2028,0.001052,172.31.36.0-255,66,111582,19,275329
2029,0.001149,172.217.194.0-255,1484,113066,19,275329
2030,0.001156,172.217.194.0-255,2902,115968,19,275329
2031,0.001159,172.31.36.0-255,66,116034,19,275329
2032,0.001187,172.217.194.0-255,5738,121772,19,275329
2033,0.001191,172.31.36.0-255,66,121838,19,275329
2034,0.0012,172.217.194.0-255,9992,131830,19,275329
2035,0.001202,172.31.36.0-255,66,131896,19,275329
2036,0.001241,172.217.194.0-255,2902,134798,19,275329
2037,0.001246,172.31.36.0-255,66,134864,19,275329
2038,0.001277,172.217.194.0-255,10692,145556,19,275329
2039,0.00128,172.31.36.0-255,66,145622,19,275329
2040,0.001744,172.217.194.0-255,1484,147106,19,275329
2041,0.001751,172.217.194.0-255,2902,150008,19,275329
2042,0.001755,172.31.36.0-255,66,150074,19,275329
2043,0.001785,172.217.194.0-255,5738,155812,19,275329
2044,0.001788,172.31.36.0-255,66,155878,19,275329
2045,0.001801,172.31.36.0-255,66,155944,19,275329
2046,0.001805,172.217.194.0-255,4320,160264,19,275329
2047,0.001808,172.31.36.0-255,66,160330,19,275329
2048,0.001833,172.217.194.0-255,6438,166768,19,275329
2049,0.001836,172.31.36.0-255,66,166834,19,275329
2050,0.001942,172.217.194.0-255,1484,168318,19,275329
2051,0.001945,172.217.194.0-255,1484,169802,19,275329
2052,0.001948,172.31.36.0-255,66,169868,19,275329
2053,0.001969,172.217.194.0-255,1484,171352,19,275329
2054,0.001975,172.217.194.0-255,5738,177090,19,275329
2055,0.001978,172.31.36.0-255,66,177156,19,275329
2056,0.001982,172.217.194.0-255,2902,180058,19,275329
2057,0.001984,172.31.36.0-255,66,180124,19,275329
2058,0.002024,172.217.194.0-255,9992,190116,19,275329
2059,0.002026,172.31.36.0-255,66,190182,19,275329
2060,0.002032,172.217.194.0-255,5738,195920,19,275329
2061,0.002035,172.31.36.0-255,66,195986,19,275329
2062,0.002037,172.217.194.0-255,1484,197470,19,275329
2063,0.002042,172.217.194.0-255,3602,201072,19,275329
2064,0.002046,172.31.36.0-255,66,201138,19,275329
2065,0.002076,172.217.194.0-255,9992,211130,19,275329
2066,0.002078,172.31.36.0-255,66,211196,19,275329
2067,0.002083,172.217.194.0-255,4320,215516,19,275329
2068,0.002091,172.217.194.0-255,8574,224090,19,275329
2069,0.002095,172.217.194.0-255,1484,225574,19,275329
2070,0.002098,172.31.36.0-255,66,225640,19,275329
2071,0.0021,172.31.36.0-255,66,225706,19,275329
2072,0.002126,172.217.194.0-255,9274,234980,19,275329
2073,0.002129,172.31.36.0-255,66,235046,19,275329
2074,0.002131,172.217.194.0-255,1484,236530,19,275329
2075,0.00217,172.217.194.0-255,8574,245104,19,275329
2076,0.002173,172.31.36.0-255,66,245170,19,275329
2077,0.00218,172.217.194.0-255,7156,252326,19,275329
2078,0.002182,172.31.36.0-255,66,252392,19,275329
2079,0.002185,172.217.194.0-255,2902,255294,19,275329
2080,0.002187,172.31.36.0-255,66,255360,19,275329
2081,0.002261,172.31.36.0-255,66,255426,19,275329
2082,0.002264,172.217.194.0-255,1484,256910,19,275329
2083,0.002282,172.31.36.0-255,66,256976,19,275329
2084,0.00229,172.217.194.0-255,9274,266250,19,275329
2085,0.002293,172.31.36.0-255,66,266316,19,275329
2086,0.002315,172.217.194.0-255,4320,270636,19,275329
2087,0.002318,172.31.36.0-255,66,270702,19,275329
2088,0.00232,172.217.194.0-255,1291,271993,19,275329
2089,0.002323,172.31.36.0-255,78,272071,19,275329
2090,0.002339,172.31.36.0-255,78,272149,19,275329
2091,0.002369,172.217.194.0-255,2184,274333,19,275329
2092,0.002372,172.31.36.0-255,66,274399,19,275329
2093,0.002376,172.217.194.0-255,105,274504,19,275329
2094,0.002378,172.217.194.0-255,129,274633,19,275329
2095,0.007745,172.31.36.0-255,105,274738,19,275329
2096,0.007769,172.31.36.0-255,105,274843,19,275329
2097,0.007987,172.31.36.0-255,90,274933,19,275329
2098,0.007997,172.31.36.0-255,66,274999,19,275329
2099,0.009691,172.217.194.0-255,66,275065,19,275329
2100,0.009726,172.217.194.0-255,66,275131,19,275329
2101,0.009923,172.217.194.0-255,66,275197,19,275329
2102,0.009951,172.217.194.0-255,66,275263,19,275329
2103,0.009956,172.31.36.0-255,66,275329,19,275329
2104,0.0,74.125.200.0-255,153,153,19,262147
2105,2.5e-05,172.31.36.0-255,66,219,19,262147
2106,5.8e-05,74.125.200.0-255,1484,1703,19,262147
2107,6.2e-05,172.31.36.0-255,66,1769,19,262147
2108,6.7e-05,74.125.200.0-255,2902,4671,19,262147
2109,6.9e-05,172.31.36.0-255,66,4737,19,262147
2110,9.5e-05,74.125.200.0-255,5738,10475,19,262147
2111,9.8e-05,172.31.36.0-255,66,10541,19,262147
2112,0.000101,74.125.200.0-255,1484,12025,19,262147
2113,0.000102,172.31.36.0-255,66,12091,19,262147
2114,0.000123,74.125.200.0-255,2063,14154,19,262147
2115,0.000126,172.31.36.0-255,66,14220,19,262147
2116,0.000307,74.125.200.0-255,1484,15704,19,262147
2117,0.000312,172.31.36.0-255,66,15770,19,262147
2118,0.000337,74.125.200.0-255,2902,18672,19,262147
2119,0.00034,172.31.36.0-255,66,18738,19,262147
2120,0.000367,74.125.200.0-255,5738,24476,19,262147
2121,0.00037,172.31.36.0-255,66,24542,19,262147
2122,0.000378,74.125.200.0-255,6797,31339,19,262147
2123,0.00038,172.31.36.0-255,66,31405,19,262147
2124,0.000457,74.125.200.0-255,1484,32889,19,262147
2125,0.000461,172.31.36.0-255,66,32955,19,262147
2126,0.000479,74.125.200.0-255,2902,35857,19,262147
2127,0.000483,172.31.36.0-255,66,35923,19,262147
2128,0.00049,74.125.200.0-255,1484,37407,19,262147
2129,0.000493,172.31.36.0-255,66,37473,19,262147
2130,0.000516,74.125.200.0-255,4320,41793,19,262147
2131,0.000519,172.31.36.0-255,66,41859,19,262147
2132,0.000525,74.125.200.0-255,5738,47597,19,262147
2133,0.000527,172.31.36.0-255,66,47663,19,262147
2134,0.00053,74.125.200.0-255,2902,50565,19,262147
2135,0.000533,172.31.36.0-255,66,50631,19,262147
2136,0.000566,74.125.200.0-255,3961,54592,19,262147
2137,0.000569,172.31.36.0-255,66,54658,19,262147
2138,0.000577,74.125.200.0-255,8574,63232,19,262147
2139,0.000578,172.31.36.0-255,66,63298,19,262147
2140,0.000599,74.125.200.0-255,2543,65841,19,262147
2141,0.000602,172.31.36.0-255,66,65907,19,262147
2142,0.00122,74.125.200.0-255,646,66553,19,262147
2143,0.001258,74.125.200.0-255,1484,68037,19,262147
2144,0.001261,172.31.36.0-255,66,68103,19,262147
2145,0.001279,74.125.200.0-255,2902,71005,19,262147
2146,0.001281,172.31.36.0-255,66,71071,19,262147
2147,0.0013,74.125.200.0-255,5738,76809,19,262147
2148,0.001302,172.31.36.0-255,66,76875,19,262147
2149,0.001325,74.125.200.0-255,2902,79777,19,262147
2150,0.001326,172.31.36.0-255,66,79843,19,262147
2151,0.001355,74.125.200.0-255,8574,88417,19,262147
2152,0.001356,172.31.36.0-255,66,88483,19,262147
2153,0.001362,74.125.200.0-255,5738,94221,19,262147
2154,0.001363,172.31.36.0-255,66,94287,19,262147
2155,0.001377,74.125.200.0-255,4320,98607,19,262147
2156,0.001379,172.31.36.0-255,66,98673,19,262147
2157,0.001398,74.125.200.0-255,2184,100857,19,262147
2158,0.0014,172.31.36.0-255,66,100923,19,262147
2159,0.001417,74.125.200.0-255,1484,102407,19,262147
2160,0.001423,74.125.200.0-255,1484,103891,19,262147
2161,0.001425,172.31.36.0-255,66,103957,19,262147
2162,0.001436,74.125.200.0-255,1484,105441,19,262147
2163,0.001459,74.125.200.0-255,5738,111179,19,262147
2164,0.001461,172.31.36.0-255,66,111245,19,262147
2165,0.001484,74.125.200.0-255,5738,116983,19,262147
2166,0.001486,172.31.36.0-255,66,117049,19,262147
2167,0.001489,74.125.200.0-255,1484,118533,19,262147
2168,0.001509,74.125.200.0-255,5738,124271,19,262147
2169,0.001511,172.31.36.0-255,66,124337,19,262147
2170,0.001514,74.125.200.0-255,1484,125821,19,262147
2171,0.001542,74.125.200.0-255,9274,135095,19,262147
2172,0.001544,172.31.36.0-255,66,135161,19,262147
2173,0.001571,172.31.36.0-255,66,135227,19,262147
2174,0.001575,74.125.200.0-255,4320,139547,19,262147
2175,0.001577,172.31.36.0-255,66,139613,19,262147
2176,0.001645,172.31.36.0-255,66,139679,19,262147
2177,0.001673,74.125.200.0-255,1484,141163,19,262147
2178,0.001675,74.125.200.0-255,766,141929,19,262147
2179,0.001677,172.31.36.0-255,66,141995,19,262147
2180,0.001679,74.125.200.0-255,1484,143479,19,262147
2181,0.001681,74.125.200.0-255,1484,144963,19,262147
2182,0.001683,172.31.36.0-255,66,145029,19,262147
2183,0.001703,74.125.200.0-255,1484,146513,19,262147
2184,0.001732,74.125.200.0-255,5738,152251,19,262147
2185,0.001735,172.31.36.0-255,66,152317,19,262147
2186,0.001739,74.125.200.0-255,2902,155219,19,262147
2187,0.001741,172.31.36.0-255,66,155285,19,262147
2188,0.001745,74.125.200.0-255,4320,159605,19,262147
2189,0.001752,172.31.36.0-255,66,159671,19,262147
2190,0.001755,74.125.200.0-255,1484,161155,19,262147
2191,0.001787,74.125.200.0-255,7156,168311,19,262147
2192,0.00179,172.31.36.0-255,66,168377,19,262147
2193,0.001796,74.125.200.0-255,7156,175533,19,262147
2194,0.001798,172.31.36.0-255,66,175599,19,262147
2195,0.001827,74.125.200.0-255,766,176365,19,262147
2196,0.001931,74.125.200.0-255,1484,177849,19,262147
2197,0.001934,172.31.36.0-255,66,177915,19,262147
2198,0.001937,74.125.200.0-255,1484,179399,19,262147
2199,0.00196,74.125.200.0-255,1484,180883,19,262147
2200,0.001962,172.31.36.0-255,66,180949,19,262147
2201,0.001968,74.125.200.0-255,5738,186687,19,262147
2202,0.00197,172.31.36.0-255,66,186753,19,262147
2203,0.001972,74.125.200.0-255,1484,188237,19,262147
2204,0.002002,74.125.200.0-255,7156,195393,19,262147
2205,0.002005,172.31.36.0-255,66,195459,19,262147
2206,0.002011,74.125.200.0-255,7156,202615,19,262147
2207,0.002013,172.31.36.0-255,66,202681,19,262147
2208,0.002044,74.125.200.0-255,7856,210537,19,262147
2209,0.002048,172.31.36.0-255,66,210603,19,262147
2210,0.004004,74.125.200.0-255,4320,214923,19,262147
2211,0.004009,172.31.36.0-255,66,214989,19,262147
2212,0.004033,74.125.200.0-255,1484,216473,19,262147
2213,0.005973,74.125.200.0-255,4320,220793,19,262147
2214,0.005976,172.31.36.0-255,66,220859,19,262147
2215,0.007964,74.125.200.0-255,5738,226597,19,262147
2216,0.007972,172.31.36.0-255,66,226663,19,262147
2217,0.009963,74.125.200.0-255,5738,232401,19,262147
2218,0.009971,172.31.36.0-255,66,232467,19,262147
2219,0.011948,74.125.200.0-255,2902,235369,19,262147
2220,0.011956,172.31.36.0-255,66,235435,19,262147
2221,0.011997,74.125.200.0-255,2902,238337,19,262147
2222,0.012001,172.31.36.0-255,66,238403,19,262147
2223,0.013925,74.125.200.0-255,2902,241305,19,262147
2224,0.013932,172.31.36.0-255,66,241371,19,262147
2225,0.013978,74.125.200.0-255,2902,244273,19,262147
2226,0.013981,172.31.36.0-255,66,244339,19,262147
2227,0.015907,74.125.200.0-255,2902,247241,19,262147
2228,0.015915,172.31.36.0-255,66,247307,19,262147
2229,0.015955,74.125.200.0-255,2902,250209,19,262147
2230,0.015959,172.31.36.0-255,66,250275,19,262147
2231,0.017886,74.125.200.0-255,2902,253177,19,262147
2232,0.017893,172.31.36.0-255,66,253243,19,262147
2233,0.017933,74.125.200.0-255,2902,256145,19,262147
2234,0.017936,172.31.36.0-255,66,256211,19,262147
2235,0.019872,74.125.200.0-255,2902,259113,19,262147
2236,0.019879,172.31.36.0-255,66,259179,19,262147
2237,0.019916,74.125.200.0-255,2902,262081,19,262147
2238,0.019921,172.31.36.0-255,66,262147,19,262147
2239,0.0,74.125.68.0-255,153,153,19,187421
2240,2.3e-05,172.31.36.0-255,66,219,19,187421
2241,3e-05,74.125.68.0-255,1484,1703,19,187421
2242,3.6e-05,172.31.36.0-255,66,1769,19,187421
2243,4.1e-05,74.125.68.0-255,2902,4671,19,187421
2244,5.3e-05,172.31.36.0-255,66,4737,19,187421
2245,6e-05,74.125.68.0-255,5738,10475,19,187421
2246,6.3e-05,172.31.36.0-255,66,10541,19,187421
2247,0.000102,74.125.68.0-255,3566,14107,19,187421
2248,0.000105,172.31.36.0-255,66,14173,19,187421
2249,0.000157,74.125.68.0-255,1484,15657,19,187421
2250,0.00016,172.31.36.0-255,66,15723,19,187421
2251,0.000186,74.125.68.0-255,2902,18625,19,187421
2252,0.000189,172.31.36.0-255,66,18691,19,187421
2253,0.000196,74.125.68.0-255,5738,24429,19,187421
2254,0.000198,172.31.36.0-255,66,24495,19,187421
2255,0.000207,74.125.68.0-255,4320,28815,19,187421
2256,0.000209,172.31.36.0-255,66,28881,19,187421
2257,0.000251,74.125.68.0-255,2543,31424,19,187421
2258,0.000254,172.31.36.0-255,66,31490,19,187421
2259,0.00038,74.125.68.0-255,1484,32974,19,187421
2260,0.000384,172.31.36.0-255,66,33040,19,187421
2261,0.00039,74.125.68.0-255,2902,35942,19,187421
2262,0.000393,172.31.36.0-255,66,36008,19,187421
2263,0.000396,74.125.68.0-255,1484,37492,19,187421
2264,0.000403,172.31.36.0-255,66,37558,19,187421
2265,0.000433,74.125.68.0-255,2902,40460,19,187421
2266,0.000436,172.31.36.0-255,66,40526,19,187421
2267,0.000442,74.125.68.0-255,5738,46264,19,187421
2268,0.000445,172.31.36.0-255,66,46330,19,187421
2269,0.000471,74.125.68.0-255,2543,48873,19,187421
2270,0.000473,172.31.36.0-255,66,48939,19,187421
2271,0.000477,74.125.68.0-255,2902,51841,19,187421
2272,0.00048,172.31.36.0-255,66,51907,19,187421
2273,0.000491,74.125.68.0-255,4320,56227,19,187421
2274,0.000493,172.31.36.0-255,66,56293,19,187421
2275,0.000528,74.125.68.0-255,2902,59195,19,187421
2276,0.000531,172.31.36.0-255,66,59261,19,187421
2277,0.000538,74.125.68.0-255,6797,66058,19,187421
2278,0.00054,172.31.36.0-255,66,66124,19,187421
2279,0.000547,74.125.68.0-255,359,66483,19,187421
2280,0.000734,74.125.68.0-255,135,66618,19,187421
2281,0.000752,74.125.68.0-255,347,66965,19,187421
2282,0.001079,74.125.68.0-255,1484,68449,19,187421
2283,0.001084,172.31.36.0-255,66,68515,19,187421
2284,0.00109,74.125.68.0-255,2902,71417,19,187421
2285,0.001092,172.31.36.0-255,66,71483,19,187421
2286,0.001119,74.125.68.0-255,5738,77221,19,187421
2287,0.001121,172.31.36.0-255,66,77287,19,187421
2288,0.001133,74.125.68.0-255,5738,83025,19,187421
2289,0.001135,172.31.36.0-255,66,83091,19,187421
2290,0.001146,74.125.68.0-255,1484,84575,19,187421
2291,0.001162,74.125.68.0-255,1484,86059,19,187421
2292,0.001165,172.31.36.0-255,66,86125,19,187421
2293,0.001204,172.31.36.0-255,66,86191,19,187421
2294,0.001209,74.125.68.0-255,3602,89793,19,187421
2295,0.001212,172.31.36.0-255,66,89859,19,187421
2296,0.001999,74.125.68.0-255,1484,91343,19,187421
2297,0.00201,74.125.68.0-255,2902,94245,19,187421
2298,0.002015,172.31.36.0-255,66,94311,19,187421
2299,0.002022,74.125.68.0-255,4320,98631,19,187421
2300,0.002024,172.31.36.0-255,66,98697,19,187421
2301,0.002055,74.125.68.0-255,2902,101599,19,187421
2302,0.002058,172.31.36.0-255,66,101665,19,187421
2303,0.002096,74.125.68.0-255,2902,104567,19,187421
2304,0.002098,172.31.36.0-255,66,104633,19,187421
2305,0.002116,172.31.36.0-255,66,104699,19,187421
2306,0.002121,74.125.68.0-255,4320,109019,19,187421
2307,0.002123,172.31.36.0-255,66,109085,19,187421
2308,0.002128,74.125.68.0-255,3602,112687,19,187421
2309,0.002131,172.31.36.0-255,66,112753,19,187421
2310,0.002184,74.125.68.0-255,4320,117073,19,187421
2311,0.002187,172.31.36.0-255,66,117139,19,187421
2312,0.002191,74.125.68.0-255,1484,118623,19,187421
2313,0.002198,74.125.68.0-255,7156,125779,19,187421
2314,0.002205,172.31.36.0-255,66,125845,19,187421
2315,0.002235,74.125.68.0-255,5738,131583,19,187421
2316,0.002238,172.31.36.0-255,66,131649,19,187421
2317,0.002261,74.125.68.0-255,8574,140223,19,187421
2318,0.002263,172.31.36.0-255,66,140289,19,187421
2319,0.002292,74.125.68.0-255,6438,146727,19,187421
2320,0.002294,172.31.36.0-255,66,146793,19,187421
2321,0.004568,74.125.68.0-255,5738,152531,19,187421
2322,0.004578,172.31.36.0-255,66,152597,19,187421
2323,0.006849,74.125.68.0-255,5738,158335,19,187421
2324,0.006853,172.31.36.0-255,66,158401,19,187421
2325,0.009149,74.125.68.0-255,5738,164139,19,187421
2326,0.00916,172.31.36.0-255,66,164205,19,187421
2327,0.011474,74.125.68.0-255,5738,169943,19,187421
2328,0.01149,172.31.36.0-255,66,170009,19,187421
2329,0.0138,74.125.68.0-255,5738,175747,19,187421
2330,0.013814,172.31.36.0-255,66,175813,19,187421
2331,0.016095,74.125.68.0-255,5738,181551,19,187421
2332,0.016107,172.31.36.0-255,66,181617,19,187421
2333,0.018394,74.125.68.0-255,5738,187355,19,187421
2334,0.018405,172.31.36.0-255,66,187421,19,187421
2335,0.0,74.125.24.0-255,153,153,19,203586
2336,3.6e-05,172.31.36.0-255,66,219,19,203586
2337,4.3e-05,74.125.24.0-255,1484,1703,19,203586
2338,4.6e-05,172.31.36.0-255,66,1769,19,203586
2339,5.1e-05,74.125.24.0-255,2902,4671,19,203586
2340,5.4e-05,172.31.36.0-255,66,4737,19,203586
2341,6.2e-05,74.125.24.0-255,5738,10475,19,203586
2342,6.5e-05,172.31.36.0-255,66,10541,19,203586
2343,7.2e-05,74.125.24.0-255,7156,17697,19,203586
2344,7.5e-05,172.31.36.0-255,66,17763,19,203586
2345,9.5e-05,74.125.24.0-255,3437,21200,19,203586
2346,9.7e-05,172.31.36.0-255,66,21266,19,203586
2347,0.000109,172.31.36.0-255,66,21332,19,203586
2348,0.000127,74.125.24.0-255,2902,24234,19,203586
2349,0.000129,172.31.36.0-255,66,24300,19,203586
2350,0.000168,172.31.36.0-255,66,24366,19,203586
2351,0.000181,74.125.24.0-255,7156,31522,19,203586
2352,0.000183,172.31.36.0-255,66,31588,19,203586
2353,0.000211,74.125.24.0-255,8574,40162,19,203586
2354,0.000214,172.31.36.0-255,66,40228,19,203586
2355,0.000216,74.125.24.0-255,1465,41693,19,203586
2356,0.000218,172.31.36.0-255,66,41759,19,203586
2357,0.000233,74.125.24.0-255,347,42106,19,203586
2358,0.000235,172.31.36.0-255,66,42172,19,203586
2359,0.000434,74.125.24.0-255,1484,43656,19,203586
2360,0.000442,172.31.36.0-255,66,43722,19,203586
2361,0.000449,74.125.24.0-255,2902,46624,19,203586
2362,0.000451,172.31.36.0-255,66,46690,19,203586
2363,0.000455,74.125.24.0-255,1484,48174,19,203586
2364,0.000457,172.31.36.0-255,66,48240,19,203586
2365,0.000479,74.125.24.0-255,4320,52560,19,203586
2366,0.000483,172.31.36.0-255,66,52626,19,203586
2367,0.000487,74.125.24.0-255,2902,55528,19,203586
2368,0.00049,172.31.36.0-255,66,55594,19,203586
2369,0.000493,74.125.24.0-255,1484,57078,19,203586
2370,0.000525,74.125.24.0-255,8574,65652,19,203586
2371,0.000531,172.31.36.0-255,66,65718,19,203586
2372,0.00054,74.125.24.0-255,9992,75710,19,203586
2373,0.000544,172.31.36.0-255,66,75776,19,203586
2374,0.000564,74.125.24.0-255,766,76542,19,203586
2375,0.001261,74.125.24.0-255,1484,78026,19,203586
2376,0.001267,172.31.36.0-255,66,78092,19,203586
2377,0.001273,74.125.24.0-255,2902,80994,19,203586
2378,0.001275,172.31.36.0-255,66,81060,19,203586
2379,0.001282,74.125.24.0-255,5738,86798,19,203586
2380,0.001284,172.31.36.0-255,66,86864,19,203586
2381,0.00131,74.125.24.0-255,4320,91184,19,203586
2382,0.001313,172.31.36.0-255,66,91250,19,203586
2383,0.001338,74.125.24.0-255,8574,99824,19,203586
2384,0.001341,172.31.36.0-255,66,99890,19,203586
2385,0.001351,74.125.24.0-255,10692,110582,19,203586
2386,0.001353,172.31.36.0-255,66,110648,19,203586
2387,0.001704,74.125.24.0-255,1484,112132,19,203586
2388,0.001726,74.125.24.0-255,2902,115034,19,203586
2389,0.001731,172.31.36.0-255,66,115100,19,203586
2390,0.001738,74.125.24.0-255,5738,120838,19,203586
2391,0.00174,172.31.36.0-255,66,120904,19,203586
2392,0.001743,74.125.24.0-255,1484,122388,19,203586
2393,0.001769,74.125.24.0-255,5738,128126,19,203586
2394,0.001772,172.31.36.0-255,66,128192,19,203586
2395,0.00178,74.125.24.0-255,7156,135348,19,203586
2396,0.001782,172.31.36.0-255,66,135414,19,203586
2397,0.00181,74.125.24.0-255,7156,142570,19,203586
2398,0.001814,172.31.36.0-255,66,142636,19,203586
2399,0.001819,74.125.24.0-255,2184,144820,19,203586
2400,0.001821,172.31.36.0-255,66,144886,19,203586
2401,0.002,74.125.24.0-255,1484,146370,19,203586
2402,0.002006,74.125.24.0-255,2902,149272,19,203586
2403,0.002009,172.31.36.0-255,66,149338,19,203586
2404,0.002015,74.125.24.0-255,4320,153658,19,203586
2405,0.002019,172.31.36.0-255,66,153724,19,203586
2406,0.002029,74.125.24.0-255,1484,155208,19,203586
2407,0.002033,74.125.24.0-255,1484,156692,19,203586
2408,0.002035,172.31.36.0-255,66,156758,19,203586
2409,0.004031,74.125.24.0-255,2902,159660,19,203586
2410,0.00404,172.31.36.0-255,66,159726,19,203586
2411,0.004076,74.125.24.0-255,2902,162628,19,203586
2412,0.004079,172.31.36.0-255,66,162694,19,203586
2413,0.006063,74.125.24.0-255,2902,165596,19,203586
2414,0.006072,172.31.36.0-255,66,165662,19,203586
2415,0.006094,74.125.24.0-255,2902,168564,19,203586
2416,0.006097,172.31.36.0-255,66,168630,19,203586
2417,0.008078,74.125.24.0-255,2902,171532,19,203586
2418,0.008087,172.31.36.0-255,66,171598,19,203586
2419,0.008119,74.125.24.0-255,2902,174500,19,203586
2420,0.008121,172.31.36.0-255,66,174566,19,203586
2421,0.010148,74.125.24.0-255,5738,180304,19,203586
2422,0.010161,172.31.36.0-255,66,180370,19,203586
2423,0.012195,74.125.24.0-255,5738,186108,19,203586
2424,0.01221,172.31.36.0-255,66,186174,19,203586
2425,0.014252,74.125.24.0-255,5738,191912,19,203586
2426,0.014268,172.31.36.0-255,66,191978,19,203586
2427,0.016307,74.125.24.0-255,5738,197716,19,203586
2428,0.016317,172.31.36.0-255,66,197782,19,203586
2429,0.018371,74.125.24.0-255,5738,203520,19,203586
2430,0.018384,172.31.36.0-255,66,203586,19,203586
2431,0.0,74.125.130.0-255,149,149,19,192401
2432,2.3e-05,172.31.36.0-255,66,215,19,192401
2433,3.1e-05,74.125.130.0-255,1484,1699,19,192401
2434,3.5e-05,172.31.36.0-255,66,1765,19,192401
2435,4.2e-05,74.125.130.0-255,2902,4667,19,192401
2436,4.6e-05,172.31.36.0-255,66,4733,19,192401
2437,5.2e-05,74.125.130.0-255,5738,10471,19,192401
2438,5.6e-05,172.31.36.0-255,66,10537,19,192401
2439,6.1e-05,74.125.130.0-255,3476,14013,19,192401
2440,6.3e-05,172.31.36.0-255,66,14079,19,192401
2441,0.000182,74.125.130.0-255,1484,15563,19,192401
2442,0.000187,172.31.36.0-255,66,15629,19,192401
2443,0.000191,74.125.130.0-255,1484,17113,19,192401
2444,0.000193,172.31.36.0-255,66,17179,19,192401
2445,0.000207,74.125.130.0-255,1484,18663,19,192401
2446,0.000209,172.31.36.0-255,66,18729,19,192401
2447,0.000216,74.125.130.0-255,4320,23049,19,192401
2448,0.000218,172.31.36.0-255,66,23115,19,192401
2449,0.000259,74.125.130.0-255,2902,26017,19,192401
2450,0.000262,172.31.36.0-255,66,26083,19,192401
2451,0.000285,74.125.130.0-255,5379,31462,19,192401
2452,0.000288,172.31.36.0-255,66,31528,19,192401
2453,0.000591,74.125.130.0-255,1484,33012,19,192401
2454,0.000597,172.31.36.0-255,66,33078,19,192401
2455,0.000602,74.125.130.0-255,2902,35980,19,192401
2456,0.000604,172.31.36.0-255,66,36046,19,192401
2457,0.000632,74.125.130.0-255,4320,40366,19,192401
2458,0.000635,172.31.36.0-255,66,40432,19,192401
2459,0.00067,74.125.130.0-255,7156,47588,19,192401
2460,0.000673,172.31.36.0-255,66,47654,19,192401
2461,0.000691,74.125.130.0-255,2543,50197,19,192401
2462,0.000694,172.31.36.0-255,66,50263,19,192401
2463,0.000699,74.125.130.0-255,4320,54583,19,192401
2464,0.000701,172.31.36.0-255,66,54649,19,192401
2465,0.000716,74.125.130.0-255,1484,56133,19,192401
2466,0.000737,74.125.130.0-255,9633,65766,19,192401
2467,0.00074,172.31.36.0-255,66,65832,19,192401
2468,0.000743,74.125.130.0-255,366,66198,19,192401
2469,0.000775,74.125.130.0-255,379,66577,19,192401
2470,0.001073,172.31.36.0-255,66,66643,19,192401
2471,0.001483,74.125.130.0-255,1484,68127,19,192401
2472,0.001494,74.125.130.0-255,2902,71029,19,192401
2473,0.001498,172.31.36.0-255,66,71095,19,192401
2474,0.001505,74.125.130.0-255,4320,75415,19,192401
2475,0.001507,172.31.36.0-255,66,75481,19,192401
2476,0.001523,74.125.130.0-255,1484,76965,19,192401
2477,0.001526,74.125.130.0-255,1484,78449,19,192401
2478,0.001528,172.31.36.0-255,66,78515,19,192401
2479,0.001533,74.125.130.0-255,2902,81417,19,192401
2480,0.001535,172.31.36.0-255,66,81483,19,192401
2481,0.001565,74.125.130.0-255,5738,87221,19,192401
2482,0.001567,172.31.36.0-255,66,87287,19,192401
2483,0.001574,74.125.130.0-255,5738,93025,19,192401
2484,0.001576,172.31.36.0-255,66,93091,19,192401
2485,0.001591,74.125.130.0-255,4320,97411,19,192401
2486,0.001593,172.31.36.0-255,66,97477,19,192401
2487,0.001618,74.125.130.0-255,1484,98961,19,192401
2488,0.001632,74.125.130.0-255,2184,101145,19,192401
2489,0.001635,172.31.36.0-255,66,101211,19,192401
2490,0.001933,74.125.130.0-255,1484,102695,19,192401
2491,0.001941,74.125.130.0-255,2902,105597,19,192401
2492,0.001945,172.31.36.0-255,66,105663,19,192401
2493,0.001963,74.125.130.0-255,2902,108565,19,192401
2494,0.001965,172.31.36.0-255,66,108631,19,192401
2495,0.001989,74.125.130.0-255,2902,111533,19,192401
2496,0.001992,172.31.36.0-255,66,111599,19,192401
2497,0.001996,74.125.130.0-255,2902,114501,19,192401
2498,0.001998,172.31.36.0-255,66,114567,19,192401
2499,0.002017,74.125.130.0-255,9992,124559,19,192401
2500,0.00202,172.31.36.0-255,66,124625,19,192401
2501,0.002026,74.125.130.0-255,5738,130363,19,192401
2502,0.002029,172.31.36.0-255,66,130429,19,192401
2503,0.00208,74.125.130.0-255,5020,135449,19,192401
2504,0.002084,172.31.36.0-255,66,135515,19,192401
2505,0.002298,74.125.130.0-255,1484,136999,19,192401
2506,0.002313,74.125.130.0-255,2902,139901,19,192401
2507,0.002315,172.31.36.0-255,66,139967,19,192401
2508,0.002336,74.125.130.0-255,2902,142869,19,192401
2509,0.002338,172.31.36.0-255,66,142935,19,192401
2510,0.002344,74.125.130.0-255,4320,147255,19,192401
2511,0.002346,172.31.36.0-255,66,147321,19,192401
2512,0.002367,74.125.130.0-255,4320,151641,19,192401
2513,0.00237,172.31.36.0-255,66,151707,19,192401
2514,0.004679,74.125.130.0-255,1484,153191,19,192401
2515,0.004699,74.125.130.0-255,4320,157511,19,192401
2516,0.004702,172.31.36.0-255,66,157577,19,192401
2517,0.007037,74.125.130.0-255,5738,163315,19,192401
2518,0.007045,172.31.36.0-255,66,163381,19,192401
2519,0.009435,74.125.130.0-255,5738,169119,19,192401
2520,0.009445,172.31.36.0-255,66,169185,19,192401
2521,0.011788,74.125.130.0-255,5738,174923,19,192401
2522,0.011796,172.31.36.0-255,66,174989,19,192401
2523,0.014151,74.125.130.0-255,5738,180727,19,192401
2524,0.014159,172.31.36.0-255,66,180793,19,192401
2525,0.016495,74.125.130.0-255,5738,186531,19,192401
2526,0.016502,172.31.36.0-255,66,186597,19,192401
2527,0.018854,74.125.130.0-255,5738,192335,19,192401
2528,0.018862,172.31.36.0-255,66,192401,19,192401
2529,0.0,74.125.24.0-255,146,146,19,272722
2530,2.8e-05,172.31.36.0-255,66,212,19,272722
2531,3.5e-05,74.125.24.0-255,1484,1696,19,272722
2532,3.9e-05,172.31.36.0-255,66,1762,19,272722
2533,4.4e-05,74.125.24.0-255,2902,4664,19,272722
2534,4.6e-05,172.31.36.0-255,66,4730,19,272722
2535,4.9e-05,74.125.24.0-255,1484,6214,19,272722
2536,5.2e-05,172.31.36.0-255,66,6280,19,272722
2537,8.1e-05,74.125.24.0-255,5738,12018,19,272722
2538,8.3e-05,172.31.36.0-255,66,12084,19,272722
2539,8.8e-05,74.125.24.0-255,2092,14176,19,272722
2540,9e-05,172.31.36.0-255,66,14242,19,272722
2541,0.000108,74.125.24.0-255,2902,17144,19,272722
2542,0.000111,172.31.36.0-255,66,17210,19,272722
2543,0.000151,74.125.24.0-255,4320,21530,19,272722
2544,0.000154,172.31.36.0-255,66,21596,19,272722
2545,0.000175,74.125.24.0-255,2902,24498,19,272722
2546,0.000178,172.31.36.0-255,66,24564,19,272722
2547,0.000187,74.125.24.0-255,6797,31361,19,272722
2548,0.000189,172.31.36.0-255,66,31427,19,272722
2549,0.000235,74.125.24.0-255,1484,32911,19,272722
2550,0.000239,172.31.36.0-255,66,32977,19,272722
2551,0.000244,74.125.24.0-255,2902,35879,19,272722
2552,0.000247,172.31.36.0-255,66,35945,19,272722
2553,0.00025,74.125.24.0-255,1484,37429,19,272722
2554,0.000252,172.31.36.0-255,66,37495,19,272722
2555,0.000275,74.125.24.0-255,4320,41815,19,272722
2556,0.000279,172.31.36.0-255,66,41881,19,272722
2557,0.000285,74.125.24.0-255,4320,46201,19,272722
2558,0.000288,172.31.36.0-255,66,46267,19,272722
2559,0.000318,74.125.24.0-255,5379,51646,19,272722
2560,0.000321,172.31.36.0-255,66,51712,19,272722
2561,0.000331,74.125.24.0-255,9992,61704,19,272722
2562,0.000334,172.31.36.0-255,66,61770,19,272722
2563,0.00034,74.125.24.0-255,4236,66006,19,272722
2564,0.000342,172.31.36.0-255,66,66072,19,272722
2565,0.000712,74.125.24.0-255,130,66202,19,272722
2566,0.000717,172.31.36.0-255,66,66268,19,272722
2567,0.000853,74.125.24.0-255,1484,67752,19,272722
2568,0.000859,172.31.36.0-255,66,67818,19,272722
2569,0.000867,74.125.24.0-255,2902,70720,19,272722
2570,0.00087,172.31.36.0-255,66,70786,19,272722
2571,0.000895,74.125.24.0-255,5738,76524,19,272722
2572,0.000898,172.31.36.0-255,66,76590,19,272722
2573,0.000905,74.125.24.0-255,6797,83387,19,272722
2574,0.000908,172.31.36.0-255,66,83453,19,272722
2575,0.000956,74.125.24.0-255,8574,92027,19,272722
2576,0.000959,172.31.36.0-255,66,92093,19,272722
2577,0.000981,74.125.24.0-255,5738,97831,19,272722
2578,0.000984,172.31.36.0-255,66,97897,19,272722
2579,0.000988,74.125.24.0-255,1484,99381,19,272722
2580,0.00099,172.31.36.0-255,66,99447,19,272722
2581,0.000993,74.125.24.0-255,1125,100572,19,272722
2582,0.000995,172.31.36.0-255,66,100638,19,272722
2583,0.001429,74.125.24.0-255,1484,102122,19,272722
2584,0.001436,172.31.36.0-255,66,102188,19,272722
2585,0.001442,74.125.24.0-255,2902,105090,19,272722
2586,0.001444,172.31.36.0-255,66,105156,19,272722
2587,0.001473,74.125.24.0-255,4320,109476,19,272722
2588,0.001476,172.31.36.0-255,66,109542,19,272722
2589,0.001481,74.125.24.0-255,5738,115280,19,272722
2590,0.001483,172.31.36.0-255,66,115346,19,272722
2591,0.001507,74.125.24.0-255,8574,123920,19,272722
2592,0.001509,172.31.36.0-255,66,123986,19,272722
2593,0.001526,74.125.24.0-255,2902,126888,19,272722
2594,0.001557,74.125.24.0-255,2902,129790,19,272722
2595,0.001571,74.125.24.0-255,5020,134810,19,272722
2596,0.0017,74.125.24.0-255,1484,136294,19,272722
2597,0.00171,74.125.24.0-255,2902,139196,19,272722
2598,0.001724,74.125.24.0-255,1484,140680,19,272722
2599,0.001739,74.125.24.0-255,4320,145000,19,272722
2600,0.001756,74.125.24.0-255,2902,147902,19,272722
2601,0.001771,74.125.24.0-255,2902,150804,19,272722
2602,0.001794,74.125.24.0-255,4320,155124,19,272722
2603,0.001808,74.125.24.0-255,2902,158026,19,272722
2604,0.001815,74.125.24.0-255,7156,165182,19,272722
2605,0.001859,74.125.24.0-255,3602,168784,19,272722
2606,0.002061,74.125.24.0-255,1484,170268,19,272722
2607,0.002076,74.125.24.0-255,2902,173170,19,272722
2608,0.002101,74.125.24.0-255,5738,178908,19,272722
2609,0.002122,74.125.24.0-255,5738,184646,19,272722
2610,0.002135,74.125.24.0-255,1484,186130,19,272722
2611,0.002149,74.125.24.0-255,4320,190450,19,272722
2612,0.002163,74.125.24.0-255,7156,197606,19,272722
2613,0.002169,74.125.24.0-255,5020,202626,19,272722
2614,0.002221,74.125.24.0-255,1484,204110,19,272722
2615,0.002233,74.125.24.0-255,2902,207012,19,272722
2616,0.002254,74.125.24.0-255,5738,212750,19,272722
2617,0.002272,74.125.24.0-255,7156,219906,19,272722
2618,0.002286,74.125.24.0-255,4320,224226,19,272722
2619,0.002303,74.125.24.0-255,5738,229964,19,272722
2620,0.002328,74.125.24.0-255,7156,237120,19,272722
2621,0.002393,74.125.24.0-255,8574,245694,19,272722
2622,0.002423,74.125.24.0-255,1484,247178,19,272722
2623,0.002487,74.125.24.0-255,4320,251498,19,272722
2624,0.00255,74.125.24.0-255,1484,252982,19,272722
2625,0.002567,74.125.24.0-255,6438,259420,19,272722
2626,0.00258,74.125.24.0-255,1484,260904,19,272722
2627,0.002665,74.125.24.0-255,1484,262388,19,272722
2628,0.002674,74.125.24.0-255,9992,272380,19,272722
2629,0.002722,74.125.24.0-255,105,272485,19,272722
2630,0.003982,172.31.36.0-255,66,272551,19,272722
2631,0.006496,172.31.36.0-255,105,272656,19,272722
2632,0.009133,74.125.24.0-255,66,272722,19,272722
2633,0.0,74.125.24.0-255,153,153,19,322034
2634,3e-05,172.31.36.0-255,66,219,19,322034
2635,3.8e-05,74.125.24.0-255,1484,1703,19,322034
2636,4.3e-05,172.31.36.0-255,66,1769,19,322034
2637,4.9e-05,74.125.24.0-255,2902,4671,19,322034
2638,5.1e-05,172.31.36.0-255,66,4737,19,322034
2639,5.4e-05,74.125.24.0-255,1484,6221,19,322034
2640,5.7e-05,172.31.36.0-255,66,6287,19,322034
2641,8.4e-05,74.125.24.0-255,4320,10607,19,322034
2642,8.9e-05,172.31.36.0-255,66,10673,19,322034
2643,0.000119,74.125.24.0-255,6254,16927,19,322034
2644,0.000122,172.31.36.0-255,66,16993,19,322034
2645,0.000125,74.125.24.0-255,1484,18477,19,322034
2646,0.000127,172.31.36.0-255,66,18543,19,322034
2647,0.000133,74.125.24.0-255,4320,22863,19,322034
2648,0.000135,172.31.36.0-255,66,22929,19,322034
2649,0.000152,74.125.24.0-255,5738,28667,19,322034
2650,0.000155,172.31.36.0-255,66,28733,19,322034
2651,0.000159,74.125.24.0-255,2543,31276,19,322034
2652,0.000161,172.31.36.0-255,66,31342,19,322034
2653,0.000283,74.125.24.0-255,1484,32826,19,322034
2654,0.000288,172.31.36.0-255,66,32892,19,322034
2655,0.000293,74.125.24.0-255,2902,35794,19,322034
2656,0.000296,172.31.36.0-255,66,35860,19,322034
2657,0.000302,74.125.24.0-255,5738,41598,19,322034
2658,0.000304,172.31.36.0-255,66,41664,19,322034
2659,0.000333,74.125.24.0-255,7156,48820,19,322034
2660,0.000336,172.31.36.0-255,66,48886,19,322034
2661,0.000343,74.125.24.0-255,5738,54624,19,322034
2662,0.000345,172.31.36.0-255,66,54690,19,322034
2663,0.000376,74.125.24.0-255,8574,63264,19,322034
2664,0.00038,172.31.36.0-255,66,63330,19,322034
2665,0.000384,74.125.24.0-255,2184,65514,19,322034
2666,0.000386,172.31.36.0-255,66,65580,19,322034
2667,0.000389,74.125.24.0-255,401,65981,19,322034
2668,0.000424,74.125.24.0-255,111,66092,19,322034
2669,0.000569,74.125.24.0-255,1484,67576,19,322034
2670,0.000573,74.125.24.0-255,2902,70478,19,322034
2671,0.000574,172.31.36.0-255,66,70544,19,322034
2672,0.000578,172.31.36.0-255,66,70610,19,322034
2673,0.000583,74.125.24.0-255,1484,72094,19,322034
2674,0.000602,74.125.24.0-255,4320,76414,19,322034
2675,0.000605,172.31.36.0-255,66,76480,19,322034
2676,0.000612,74.125.24.0-255,5738,82218,19,322034
2677,0.000614,172.31.36.0-255,66,82284,19,322034
2678,0.000638,74.125.24.0-255,7156,89440,19,322034
2679,0.000641,172.31.36.0-255,66,89506,19,322034
2680,0.000676,74.125.24.0-255,10692,100198,19,322034
2681,0.000679,172.31.36.0-255,66,100264,19,322034
2682,0.000934,74.125.24.0-255,1484,101748,19,322034
2683,0.00094,74.125.24.0-255,2902,104650,19,322034
2684,0.000942,172.31.36.0-255,66,104716,19,322034
2685,0.00097,74.125.24.0-255,5738,110454,19,322034
2686,0.000972,172.31.36.0-255,66,110520,19,322034
2687,0.000978,74.125.24.0-255,4320,114840,19,322034
2688,0.00098,172.31.36.0-255,66,114906,19,322034
2689,0.001021,172.31.36.0-255,66,114972,19,322034
2690,0.001026,74.125.24.0-255,4320,119292,19,322034
2691,0.001028,172.31.36.0-255,66,119358,19,322034
2692,0.001067,74.125.24.0-255,3602,122960,19,322034
2693,0.00107,172.31.36.0-255,66,123026,19,322034
2694,0.001106,74.125.24.0-255,4320,127346,19,322034
2695,0.001109,172.31.36.0-255,66,127412,19,322034
2696,0.001115,74.125.24.0-255,4320,131732,19,322034
2697,0.001117,172.31.36.0-255,66,131798,19,322034
2698,0.001134,74.125.24.0-255,5738,137536,19,322034
2699,0.001137,172.31.36.0-255,66,137602,19,322034
2700,0.001142,74.125.24.0-255,4320,141922,19,322034
2701,0.001144,172.31.36.0-255,66,141988,19,322034
2702,0.001172,74.125.24.0-255,7156,149144,19,322034
2703,0.001175,172.31.36.0-255,66,149210,19,322034
2704,0.00118,74.125.24.0-255,4320,153530,19,322034
2705,0.001182,172.31.36.0-255,66,153596,19,322034
2706,0.001219,74.125.24.0-255,3602,157198,19,322034
2707,0.001222,172.31.36.0-255,66,157264,19,322034
2708,0.001274,74.125.24.0-255,1484,158748,19,322034
2709,0.001289,74.125.24.0-255,2902,161650,19,322034
2710,0.001291,172.31.36.0-255,66,161716,19,322034
2711,0.001311,74.125.24.0-255,4320,166036,19,322034
2712,0.001313,172.31.36.0-255,66,166102,19,322034
2713,0.00133,74.125.24.0-255,1484,167586,19,322034
2714,0.001336,74.125.24.0-255,7156,174742,19,322034
2715,0.001338,172.31.36.0-255,66,174808,19,322034
2716,0.001357,74.125.24.0-255,4320,179128,19,322034
2717,0.001359,172.31.36.0-255,66,179194,19,322034
2718,0.00138,74.125.24.0-255,9992,189186,19,322034
2719,0.001383,172.31.36.0-255,66,189252,19,322034
2720,0.001386,74.125.24.0-255,2184,191436,19,322034
2721,0.001389,172.31.36.0-255,66,191502,19,322034
2722,0.001469,74.125.24.0-255,1484,192986,19,322034
2723,0.001484,74.125.24.0-255,2902,195888,19,322034
2724,0.001486,172.31.36.0-255,66,195954,19,322034
2725,0.001506,74.125.24.0-255,5738,201692,19,322034
2726,0.001509,172.31.36.0-255,66,201758,19,322034
2727,0.001532,74.125.24.0-255,1484,203242,19,322034
2728,0.001545,74.125.24.0-255,2902,206144,19,322034
2729,0.001547,172.31.36.0-255,66,206210,19,322034
2730,0.00155,74.125.24.0-255,1484,207694,19,322034
2731,0.00157,74.125.24.0-255,4320,212014,19,322034
2732,0.001573,172.31.36.0-255,66,212080,19,322034
2733,0.001576,74.125.24.0-255,1484,213564,19,322034
2734,0.00158,74.125.24.0-255,4320,217884,19,322034
2735,0.001582,172.31.36.0-255,66,217950,19,322034
2736,0.001598,74.125.24.0-255,4320,222270,19,322034
2737,0.0016,172.31.36.0-255,66,222336,19,322034
2738,0.001617,74.125.24.0-255,3602,225938,19,322034
2739,0.001619,172.31.36.0-255,66,226004,19,322034
2740,0.00178,74.125.24.0-255,1484,227488,19,322034
2741,0.001792,74.125.24.0-255,2902,230390,19,322034
2742,0.001795,172.31.36.0-255,66,230456,19,322034
2743,0.001799,74.125.24.0-255,2902,233358,19,322034
2744,0.001805,172.31.36.0-255,66,233424,19,322034
2745,0.001815,74.125.24.0-255,2902,236326,19,322034
2746,0.001819,172.31.36.0-255,66,236392,19,322034
2747,0.001837,74.125.24.0-255,9992,246384,19,322034
2748,0.00184,172.31.36.0-255,66,246450,19,322034
2749,0.001882,74.125.24.0-255,4320,250770,19,322034
2750,0.001885,172.31.36.0-255,66,250836,19,322034
2751,0.001917,172.31.36.0-255,66,250902,19,322034
2752,0.001931,74.125.24.0-255,1484,252386,19,322034
2753,0.001932,172.31.36.0-255,66,252452,19,322034
2754,0.001956,74.125.24.0-255,8574,261026,19,322034
2755,0.001959,172.31.36.0-255,66,261092,19,322034
2756,0.001991,74.125.24.0-255,8574,269666,19,322034
2757,0.001994,172.31.36.0-255,66,269732,19,322034
2758,0.002028,172.31.36.0-255,66,269798,19,322034
2759,0.003944,74.125.24.0-255,5738,275536,19,322034
2760,0.00395,172.31.36.0-255,66,275602,19,322034
2761,0.005872,74.125.24.0-255,5738,281340,19,322034
2762,0.005875,172.31.36.0-255,66,281406,19,322034
2763,0.007806,74.125.24.0-255,5738,287144,19,322034
2764,0.007812,172.31.36.0-255,66,287210,19,322034
2765,0.009741,74.125.24.0-255,5738,292948,19,322034
2766,0.009748,172.31.36.0-255,66,293014,19,322034
2767,0.011691,74.125.24.0-255,5738,298752,19,322034
2768,0.011698,172.31.36.0-255,66,298818,19,322034
2769,0.013628,74.125.24.0-255,5738,304556,19,322034
2770,0.013636,172.31.36.0-255,66,304622,19,322034
2771,0.01556,74.125.24.0-255,5738,310360,19,322034
2772,0.015567,172.31.36.0-255,66,310426,19,322034
2773,0.017501,74.125.24.0-255,5738,316164,19,322034
2774,0.017507,172.31.36.0-255,66,316230,19,322034
2775,0.019456,74.125.24.0-255,5738,321968,19,322034
2776,0.019463,172.31.36.0-255,66,322034,19,322034
2777,0.0,172.31.36.0-255,66,66,19,66
2778,0.0,172.31.36.0-255,105,105,19,276
2779,0.001782,157.240.13.0-255,105,210,19,276
2780,0.001799,172.31.36.0-255,66,276,19,276
2781,0.0,74.125.24.0-255,146,146,19,181039
2782,3.7e-05,172.31.36.0-255,66,212,19,181039
2783,4.4e-05,74.125.24.0-255,1484,1696,19,181039
2784,4.9e-05,172.31.36.0-255,66,1762,19,181039
2785,6.3e-05,74.125.24.0-255,2902,4664,19,181039
2786,6.7e-05,172.31.36.0-255,66,4730,19,181039
2787,7.1e-05,74.125.24.0-255,2902,7632,19,181039
2788,7.4e-05,172.31.36.0-255,66,7698,19,181039
2789,7.9e-05,74.125.24.0-255,4320,12018,19,181039
2790,8.2e-05,172.31.36.0-255,66,12084,19,181039
2791,8.6e-05,74.125.24.0-255,2902,14986,19,181039
2792,8.8e-05,172.31.36.0-255,66,15052,19,181039
2793,0.000124,74.125.24.0-255,6192,21244,19,181039
2794,0.000133,172.31.36.0-255,66,21310,19,181039
2795,0.000143,74.125.24.0-255,9633,30943,19,181039
2796,0.000145,172.31.36.0-255,66,31009,19,181039
2797,0.000209,74.125.24.0-255,1484,32493,19,181039
2798,0.000215,172.31.36.0-255,66,32559,19,181039
2799,0.00022,74.125.24.0-255,2902,35461,19,181039
2800,0.000221,172.31.36.0-255,66,35527,19,181039
2801,0.000227,74.125.24.0-255,2902,38429,19,181039
2802,0.000236,172.31.36.0-255,66,38495,19,181039
2803,0.000245,74.125.24.0-255,7156,45651,19,181039
2804,0.000247,172.31.36.0-255,66,45717,19,181039
2805,0.000255,74.125.24.0-255,6797,52514,19,181039
2806,0.000258,172.31.36.0-255,66,52580,19,181039
2807,0.000265,74.125.24.0-255,7156,59736,19,181039
2808,0.000268,172.31.36.0-255,66,59802,19,181039
2809,0.000274,74.125.24.0-255,5685,65487,19,181039
2810,0.000277,172.31.36.0-255,66,65553,19,181039
2811,0.000309,74.125.24.0-255,114,65667,19,181039
2812,0.000311,172.31.36.0-255,66,65733,19,181039
2813,0.000468,74.125.24.0-255,332,66065,19,181039
2814,0.00081,74.125.24.0-255,1484,67549,19,181039
2815,0.000814,172.31.36.0-255,66,67615,19,181039
2816,0.00082,74.125.24.0-255,2902,70517,19,181039
2817,0.000822,172.31.36.0-255,66,70583,19,181039
2818,0.000881,74.125.24.0-255,5738,76321,19,181039
2819,0.000885,172.31.36.0-255,66,76387,19,181039
2820,0.000891,74.125.24.0-255,4320,80707,19,181039
2821,0.000893,172.31.36.0-255,66,80773,19,181039
2822,0.000905,74.125.24.0-255,5738,86511,19,181039
2823,0.000908,172.31.36.0-255,66,86577,19,181039
2824,0.000913,74.125.24.0-255,2902,89479,19,181039
2825,0.000917,172.31.36.0-255,66,89545,19,181039
2826,0.000955,74.125.24.0-255,8574,98119,19,181039
2827,0.000959,172.31.36.0-255,66,98185,19,181039
2828,0.000963,74.125.24.0-255,2184,100369,19,181039
2829,0.000966,172.31.36.0-255,66,100435,19,181039
2830,0.001228,74.125.24.0-255,1484,101919,19,181039
2831,0.001233,74.125.24.0-255,1484,103403,19,181039
2832,0.001236,172.31.36.0-255,66,103469,19,181039
2833,0.001261,74.125.24.0-255,1484,104953,19,181039
2834,0.001266,74.125.24.0-255,4320,109273,19,181039
2835,0.001269,172.31.36.0-255,66,109339,19,181039
2836,0.001287,74.125.24.0-255,1484,110823,19,181039
2837,0.001319,74.125.24.0-255,5738,116561,19,181039
2838,0.001322,172.31.36.0-255,66,116627,19,181039
2839,0.001344,74.125.24.0-255,7156,123783,19,181039
2840,0.001347,172.31.36.0-255,66,123849,19,181039
2841,0.001356,74.125.24.0-255,10692,134541,19,181039
2842,0.001359,172.31.36.0-255,66,134607,19,181039
2843,0.00348,74.125.24.0-255,5738,140345,19,181039
2844,0.003486,172.31.36.0-255,66,140411,19,181039
2845,0.005541,74.125.24.0-255,5738,146149,19,181039
2846,0.005547,172.31.36.0-255,66,146215,19,181039
2847,0.007651,74.125.24.0-255,5738,151953,19,181039
2848,0.007656,172.31.36.0-255,66,152019,19,181039
2849,0.009714,74.125.24.0-255,5738,157757,19,181039
2850,0.00972,172.31.36.0-255,66,157823,19,181039
2851,0.011812,74.125.24.0-255,5738,163561,19,181039
2852,0.011822,172.31.36.0-255,66,163627,19,181039
2853,0.013918,74.125.24.0-255,5738,169365,19,181039
2854,0.013929,172.31.36.0-255,66,169431,19,181039
2855,0.016053,74.125.24.0-255,5738,175169,19,181039
2856,0.016066,172.31.36.0-255,66,175235,19,181039
2857,0.018163,74.125.24.0-255,5738,180973,19,181039
2858,0.018174,172.31.36.0-255,66,181039,19,181039
2859,0.0,172.217.194.0-255,153,153,19,199816
2860,2.9e-05,172.31.36.0-255,66,219,19,199816
2861,3.6e-05,172.217.194.0-255,1484,1703,19,199816
2862,4e-05,172.31.36.0-255,66,1769,19,199816
2863,4.6e-05,172.217.194.0-255,2902,4671,19,199816
2864,5.7e-05,172.31.36.0-255,66,4737,19,199816
2865,6.6e-05,172.217.194.0-255,7156,11893,19,199816
2866,7e-05,172.31.36.0-255,66,11959,19,199816
2867,7.4e-05,172.217.194.0-255,1947,13906,19,199816
2868,7.6e-05,172.31.36.0-255,66,13972,19,199816
2869,8.8e-05,172.31.36.0-255,66,14038,19,199816
2870,9.4e-05,172.217.194.0-255,4320,18358,19,199816
2871,9.8e-05,172.31.36.0-255,66,18424,19,199816
2872,0.000127,172.217.194.0-255,1125,19549,19,199816
2873,0.00013,172.31.36.0-255,66,19615,19,199816
2874,0.001193,172.217.194.0-255,1484,21099,19,199816
2875,0.001199,172.31.36.0-255,66,21165,19,199816
2876,0.001207,172.217.194.0-255,1484,22649,19,199816
2877,0.00121,172.31.36.0-255,66,22715,19,199816
2878,0.001221,172.217.194.0-255,2902,25617,19,199816
2879,0.001224,172.31.36.0-255,66,25683,19,199816
2880,0.00123,172.217.194.0-255,4320,30003,19,199816
2881,0.001232,172.31.36.0-255,66,30069,19,199816
2882,0.001249,172.217.194.0-255,1484,31553,19,199816
2883,0.001251,172.31.36.0-255,66,31619,19,199816
2884,0.001262,172.217.194.0-255,7156,38775,19,199816
2885,0.001264,172.31.36.0-255,66,38841,19,199816
2886,0.001287,172.217.194.0-255,1484,40325,19,199816
2887,0.001292,172.31.36.0-255,66,40391,19,199816
2888,0.001314,172.217.194.0-255,8574,48965,19,199816
2889,0.001316,172.31.36.0-255,66,49031,19,199816
2890,0.00134,172.217.194.0-255,1484,50515,19,199816
2891,0.001359,172.217.194.0-255,3602,54117,19,199816
2892,0.001362,172.31.36.0-255,66,54183,19,199816
2893,0.001733,172.217.194.0-255,1484,55667,19,199816
2894,0.00174,172.217.194.0-255,2902,58569,19,199816
2895,0.001744,172.31.36.0-255,66,58635,19,199816
2896,0.001748,172.217.194.0-255,1484,60119,19,199816
2897,0.001769,172.217.194.0-255,4320,64439,19,199816
2898,0.001771,172.31.36.0-255,66,64505,19,199816
2899,0.001777,172.217.194.0-255,5738,70243,19,199816
2900,0.001779,172.31.36.0-255,66,70309,19,199816
2901,0.001811,172.217.194.0-255,8574,78883,19,199816
2902,0.001813,172.31.36.0-255,66,78949,19,199816
2903,0.001847,172.217.194.0-255,4541,83490,19,199816
2904,0.001849,172.31.36.0-255,66,83556,19,199816
2905,0.001867,172.31.36.0-255,66,83622,19,199816
2906,0.001902,172.217.194.0-255,9274,92896,19,199816
2907,0.001905,172.31.36.0-255,66,92962,19,199816
2908,0.002046,172.217.194.0-255,1484,94446,19,199816
2909,0.002051,172.217.194.0-255,2902,97348,19,199816
2910,0.002054,172.31.36.0-255,66,97414,19,199816
2911,0.002058,172.217.194.0-255,2902,100316,19,199816
2912,0.00206,172.31.36.0-255,66,100382,19,199816
2913,0.002083,172.217.194.0-255,2902,103284,19,199816
2914,0.002086,172.31.36.0-255,66,103350,19,199816
2915,0.002088,172.217.194.0-255,1484,104834,19,199816
2916,0.002121,172.217.194.0-255,8574,113408,19,199816
2917,0.002127,172.217.194.0-255,7156,120564,19,199816
2918,0.00213,172.31.36.0-255,66,120630,19,199816
2919,0.002133,172.31.36.0-255,66,120696,19,199816
2920,0.00216,172.217.194.0-255,5738,126434,19,199816
2921,0.002179,172.31.36.0-255,66,126500,19,199816
2922,0.002193,172.31.36.0-255,66,126566,19,199816
2923,0.002236,172.217.194.0-255,9274,135840,19,199816
2924,0.002288,172.217.194.0-255,4320,140160,19,199816
2925,0.002303,172.31.36.0-255,66,140226,19,199816
2926,0.002307,172.31.36.0-255,66,140292,19,199816
2927,0.002309,172.31.36.0-255,66,140358,19,199816
2928,0.002326,172.217.194.0-255,9992,150350,19,199816
2929,0.002329,172.31.36.0-255,66,150416,19,199816
2930,0.002345,172.31.36.0-255,66,150482,19,199816
2931,0.002359,172.31.36.0-255,66,150548,19,199816
2932,0.002367,172.217.194.0-255,8574,159122,19,199816
2933,0.002369,172.31.36.0-255,66,159188,19,199816
2934,0.004675,172.217.194.0-255,5738,164926,19,199816
2935,0.004682,172.31.36.0-255,66,164992,19,199816
2936,0.006985,172.217.194.0-255,5738,170730,19,199816
2937,0.006991,172.31.36.0-255,66,170796,19,199816
2938,0.009309,172.217.194.0-255,5738,176534,19,199816
2939,0.009318,172.31.36.0-255,66,176600,19,199816
2940,0.011658,172.217.194.0-255,5738,182338,19,199816
2941,0.011668,172.31.36.0-255,66,182404,19,199816
2942,0.013965,172.217.194.0-255,5738,188142,19,199816
2943,0.013973,172.31.36.0-255,66,188208,19,199816
2944,0.016307,172.217.194.0-255,5738,193946,19,199816
2945,0.016319,172.31.36.0-255,66,194012,19,199816
2946,0.0186,172.217.194.0-255,5738,199750,19,199816
2947,0.018607,172.31.36.0-255,66,199816,19,199816
2948,0.0,74.125.200.0-255,150,150,19,226009
2949,2.6e-05,172.31.36.0-255,66,216,19,226009
2950,3.4e-05,74.125.200.0-255,1484,1700,19,226009
2951,3.7e-05,172.31.36.0-255,66,1766,19,226009
2952,4.2e-05,74.125.200.0-255,2902,4668,19,226009
2953,4.4e-05,172.31.36.0-255,66,4734,19,226009
2954,6e-05,74.125.200.0-255,7156,11890,19,226009
2955,6.2e-05,172.31.36.0-255,66,11956,19,226009
2956,0.000105,74.125.200.0-255,2077,14033,19,226009
2957,0.000108,172.31.36.0-255,66,14099,19,226009
2958,0.000113,74.125.200.0-255,2902,17001,19,226009
2959,0.000115,172.31.36.0-255,66,17067,19,226009
2960,0.000153,74.125.200.0-255,7156,24223,19,226009
2961,0.000157,172.31.36.0-255,66,24289,19,226009
2962,0.000166,74.125.200.0-255,6797,31086,19,226009
2963,0.000174,172.31.36.0-255,66,31152,19,226009
2964,0.000246,74.125.200.0-255,1484,32636,19,226009
2965,0.00025,172.31.36.0-255,66,32702,19,226009
2966,0.000276,74.125.200.0-255,2902,35604,19,226009
2967,0.000281,172.31.36.0-255,66,35670,19,226009
2968,0.000287,74.125.200.0-255,5738,41408,19,226009
2969,0.00029,172.31.36.0-255,66,41474,19,226009
2970,0.000329,74.125.200.0-255,6797,48271,19,226009
2971,0.000336,74.125.200.0-255,7156,55427,19,226009
2972,0.000336,172.31.36.0-255,66,55493,19,226009
2973,0.00034,172.31.36.0-255,66,55559,19,226009
2974,0.000379,74.125.200.0-255,9908,65467,19,226009
2975,0.000383,172.31.36.0-255,66,65533,19,226009
2976,0.000386,74.125.200.0-255,130,65663,19,226009
2977,0.000388,172.31.36.0-255,66,65729,19,226009
2978,0.000427,74.125.200.0-255,350,66079,19,226009
2979,0.00043,172.31.36.0-255,66,66145,19,226009
2980,0.000667,74.125.200.0-255,1484,67629,19,226009
2981,0.000673,74.125.200.0-255,2902,70531,19,226009
2982,0.000683,172.31.36.0-255,66,70597,19,226009
2983,0.000686,74.125.200.0-255,2902,73499,19,226009
2984,0.000688,172.31.36.0-255,66,73565,19,226009
2985,0.000726,74.125.200.0-255,2902,76467,19,226009
2986,0.000729,172.31.36.0-255,66,76533,19,226009
2987,0.000736,74.125.200.0-255,7156,83689,19,226009
2988,0.00074,172.31.36.0-255,66,83755,19,226009
2989,0.000776,74.125.200.0-255,5738,89493,19,226009
2990,0.000779,172.31.36.0-255,66,89559,19,226009
2991,0.000807,74.125.200.0-255,2902,92461,19,226009
2992,0.00081,172.31.36.0-255,66,92527,19,226009
2993,0.000818,74.125.200.0-255,7856,100383,19,226009
2994,0.000821,172.31.36.0-255,66,100449,19,226009
2995,0.001079,74.125.200.0-255,1484,101933,19,226009
2996,0.001097,74.125.200.0-255,2902,104835,19,226009
2997,0.0011,172.31.36.0-255,66,104901,19,226009
2998,0.001107,74.125.200.0-255,5738,110639,19,226009
2999,0.00111,172.31.36.0-255,66,110705,19,226009
3000,0.001153,74.125.200.0-255,7156,117861,19,226009
3001,0.001157,172.31.36.0-255,66,117927,19,226009
3002,0.00119,74.125.200.0-255,5738,123665,19,226009
3003,0.001194,172.31.36.0-255,66,123731,19,226009
3004,0.001202,74.125.200.0-255,9992,133723,19,226009
3005,0.00121,172.31.36.0-255,66,133789,19,226009
3006,0.001213,74.125.200.0-255,766,134555,19,226009
3007,0.001396,172.31.36.0-255,66,134621,19,226009
3008,0.00189,74.125.200.0-255,1484,136105,19,226009
3009,0.001913,74.125.200.0-255,1484,137589,19,226009
3010,0.001918,172.31.36.0-255,66,137655,19,226009
3011,0.001947,74.125.200.0-255,2902,140557,19,226009
3012,0.001949,172.31.36.0-255,66,140623,19,226009
3013,0.001979,74.125.200.0-255,1484,142107,19,226009
3014,0.001984,74.125.200.0-255,2902,145009,19,226009
3015,0.001987,172.31.36.0-255,66,145075,19,226009
3016,0.001991,74.125.200.0-255,1484,146559,19,226009
3017,0.002015,74.125.200.0-255,4320,150879,19,226009
3018,0.002018,172.31.36.0-255,66,150945,19,226009
3019,0.002022,74.125.200.0-255,2902,153847,19,226009
3020,0.002025,172.31.36.0-255,66,153913,19,226009
3021,0.002037,74.125.200.0-255,4320,158233,19,226009
3022,0.002039,172.31.36.0-255,66,158299,19,226009
3023,0.002049,74.125.200.0-255,8574,166873,19,226009
3024,0.002052,172.31.36.0-255,66,166939,19,226009
3025,0.002056,74.125.200.0-255,2184,169123,19,226009
3026,0.002058,172.31.36.0-255,66,169189,19,226009
3027,0.002263,74.125.200.0-255,1484,170673,19,226009
3028,0.002279,74.125.200.0-255,2902,173575,19,226009
3029,0.002282,172.31.36.0-255,66,173641,19,226009
3030,0.002286,74.125.200.0-255,1484,175125,19,226009
3031,0.00231,74.125.200.0-255,4320,179445,19,226009
3032,0.002312,172.31.36.0-255,66,179511,19,226009
3033,0.002319,74.125.200.0-255,7156,186667,19,226009
3034,0.002321,172.31.36.0-255,66,186733,19,226009
3035,0.004625,74.125.200.0-255,5738,192471,19,226009
3036,0.00463,172.31.36.0-255,66,192537,19,226009
3037,0.006939,74.125.200.0-255,4320,196857,19,226009
3038,0.006942,172.31.36.0-255,66,196923,19,226009
3039,0.00696,74.125.200.0-255,1484,198407,19,226009
3040,0.009251,74.125.200.0-255,4320,202727,19,226009
3041,0.009259,172.31.36.0-255,66,202793,19,226009
3042,0.011582,74.125.200.0-255,5738,208531,19,226009
3043,0.011588,172.31.36.0-255,66,208597,19,226009
3044,0.013926,74.125.200.0-255,5738,214335,19,226009
3045,0.013938,172.31.36.0-255,66,214401,19,226009
3046,0.016256,74.125.200.0-255,5738,220139,19,226009
3047,0.016263,172.31.36.0-255,66,220205,19,226009
3048,0.018577,74.125.200.0-255,5738,225943,19,226009
3049,0.018585,172.31.36.0-255,66,226009,19,226009
3050,0.0,74.125.24.0-255,213,213,19,173513
3051,2.2e-05,172.31.36.0-255,66,279,19,173513
3052,2.9e-05,74.125.24.0-255,1484,1763,19,173513
3053,3.3e-05,172.31.36.0-255,66,1829,19,173513
3054,3.9e-05,74.125.24.0-255,2902,4731,19,173513
3055,4.1e-05,172.31.36.0-255,66,4797,19,173513
3056,4.8e-05,74.125.24.0-255,5738,10535,19,173513
3057,5.1e-05,172.31.36.0-255,66,10601,19,173513
3058,7.2e-05,74.125.24.0-255,1484,12085,19,173513
3059,7.5e-05,172.31.36.0-255,66,12151,19,173513
3060,9.2e-05,74.125.24.0-255,1833,13984,19,173513
3061,9.4e-05,172.31.36.0-255,66,14050,19,173513
3062,0.000161,74.125.24.0-255,1484,15534,19,173513
3063,0.000164,172.31.36.0-255,66,15600,19,173513
3064,0.000169,74.125.24.0-255,2902,18502,19,173513
3065,0.000171,172.31.36.0-255,66,18568,19,173513
3066,0.000187,74.125.24.0-255,2902,21470,19,173513
3067,0.00019,172.31.36.0-255,66,21536,19,173513
3068,0.000212,74.125.24.0-255,2902,24438,19,173513
3069,0.000215,172.31.36.0-255,66,24504,19,173513
3070,0.000236,74.125.24.0-255,2902,27406,19,173513
3071,0.000239,172.31.36.0-255,66,27472,19,173513
3072,0.000253,74.125.24.0-255,3961,31433,19,173513
3073,0.000256,172.31.36.0-255,66,31499,19,173513
3074,0.000363,74.125.24.0-255,1484,32983,19,173513
3075,0.000368,172.31.36.0-255,66,33049,19,173513
3076,0.000372,74.125.24.0-255,1484,34533,19,173513
3077,0.000374,172.31.36.0-255,66,34599,19,173513
3078,0.000389,74.125.24.0-255,1484,36083,19,173513
3079,0.000391,172.31.36.0-255,66,36149,19,173513
3080,0.000395,74.125.24.0-255,1484,37633,19,173513
3081,0.000398,172.31.36.0-255,66,37699,19,173513
3082,0.000416,74.125.24.0-255,4320,42019,19,173513
3083,0.000419,172.31.36.0-255,66,42085,19,173513
3084,0.000457,74.125.24.0-255,4320,46405,19,173513
3085,0.00046,172.31.36.0-255,66,46471,19,173513
3086,0.000488,74.125.24.0-255,9633,56104,19,173513
3087,0.000491,172.31.36.0-255,66,56170,19,173513
3088,0.000517,74.125.24.0-255,4320,60490,19,173513
3089,0.00052,172.31.36.0-255,66,60556,19,173513
3090,0.000542,74.125.24.0-255,5654,66210,19,173513
3091,0.000545,172.31.36.0-255,66,66276,19,173513
3092,0.000579,74.125.24.0-255,127,66403,19,173513
3093,0.000691,74.125.24.0-255,1484,67887,19,173513
3094,0.000697,172.31.36.0-255,66,67953,19,173513
3095,0.000703,74.125.24.0-255,2902,70855,19,173513
3096,0.000706,172.31.36.0-255,66,70921,19,173513
3097,0.000712,74.125.24.0-255,5738,76659,19,173513
3098,0.000715,172.31.36.0-255,66,76725,19,173513
3099,0.000777,172.31.36.0-255,66,76791,19,173513
3100,0.000795,74.125.24.0-255,7156,83947,19,173513
3101,0.000797,172.31.36.0-255,66,84013,19,173513
3102,0.000819,74.125.24.0-255,2543,86556,19,173513
3103,0.000821,172.31.36.0-255,66,86622,19,173513
3104,0.001458,74.125.24.0-255,351,86973,19,173513
3105,0.001697,172.31.36.0-255,66,87039,19,173513
3106,0.001751,74.125.24.0-255,1484,88523,19,173513
3107,0.001755,74.125.24.0-255,1484,90007,19,173513
3108,0.001758,172.31.36.0-255,66,90073,19,173513
3109,0.001777,74.125.24.0-255,1484,91557,19,173513
3110,0.001784,74.125.24.0-255,5738,97295,19,173513
3111,0.001786,172.31.36.0-255,66,97361,19,173513
3112,0.001809,74.125.24.0-255,8574,105935,19,173513
3113,0.001811,172.31.36.0-255,66,106001,19,173513
3114,0.001832,74.125.24.0-255,4320,110321,19,173513
3115,0.001835,172.31.36.0-255,66,110387,19,173513
3116,0.001843,74.125.24.0-255,8574,118961,19,173513
3117,0.001845,172.31.36.0-255,66,119027,19,173513
3118,0.001863,74.125.24.0-255,2184,121211,19,173513
3119,0.001865,172.31.36.0-255,66,121277,19,173513
3120,0.003836,74.125.24.0-255,5738,127015,19,173513
3121,0.003845,172.31.36.0-255,66,127081,19,173513
3122,0.005803,74.125.24.0-255,5738,132819,19,173513
3123,0.00581,172.31.36.0-255,66,132885,19,173513
3124,0.007792,74.125.24.0-255,5738,138623,19,173513
3125,0.007797,172.31.36.0-255,66,138689,19,173513
3126,0.00979,74.125.24.0-255,5738,144427,19,173513
3127,0.009797,172.31.36.0-255,66,144493,19,173513
3128,0.011812,74.125.24.0-255,5738,150231,19,173513
3129,0.011823,172.31.36.0-255,66,150297,19,173513
3130,0.013827,74.125.24.0-255,5738,156035,19,173513
3131,0.013836,172.31.36.0-255,66,156101,19,173513
3132,0.015806,74.125.24.0-255,5738,161839,19,173513
3133,0.015813,172.31.36.0-255,66,161905,19,173513
3134,0.01776,74.125.24.0-255,5738,167643,19,173513
3135,0.017768,172.31.36.0-255,66,167709,19,173513
3136,0.019741,74.125.24.0-255,5738,173447,19,173513
3137,0.019751,172.31.36.0-255,66,173513,19,173513
3138,0.0,74.125.24.0-255,146,146,19,286765
3139,2.3e-05,172.31.36.0-255,66,212,19,286765
3140,2.9e-05,74.125.24.0-255,1484,1696,19,286765
3141,3.4e-05,172.31.36.0-255,66,1762,19,286765
3142,4e-05,74.125.24.0-255,2902,4664,19,286765
3143,4.3e-05,172.31.36.0-255,66,4730,19,286765
3144,7.3e-05,74.125.24.0-255,5738,10468,19,286765
3145,7.7e-05,172.31.36.0-255,66,10534,19,286765
3146,9.6e-05,74.125.24.0-255,3484,14018,19,286765
3147,9.8e-05,172.31.36.0-255,66,14084,19,286765
3148,0.000272,74.125.24.0-255,1484,15568,19,286765
3149,0.000277,172.31.36.0-255,66,15634,19,286765
3150,0.000283,74.125.24.0-255,2902,18536,19,286765
3151,0.000285,172.31.36.0-255,66,18602,19,286765
3152,0.00029,74.125.24.0-255,4320,22922,19,286765
3153,0.000293,172.31.36.0-255,66,22988,19,286765
3154,0.000311,74.125.24.0-255,5738,28726,19,286765
3155,0.000313,172.31.36.0-255,66,28792,19,286765
3156,0.000354,74.125.24.0-255,2543,31335,19,286765
3157,0.000356,172.31.36.0-255,66,31401,19,286765
3158,0.0006,74.125.24.0-255,1484,32885,19,286765
3159,0.000604,172.31.36.0-255,66,32951,19,286765
3160,0.000635,74.125.24.0-255,2902,35853,19,286765
3161,0.000637,172.31.36.0-255,66,35919,19,286765
3162,0.000645,74.125.24.0-255,5738,41657,19,286765
3163,0.000647,172.31.36.0-255,66,41723,19,286765
3164,0.000678,74.125.24.0-255,9633,51356,19,286765
3165,0.000686,74.125.24.0-255,9992,61348,19,286765
3166,0.00069,172.31.36.0-255,66,61414,19,286765
3167,0.000694,172.31.36.0-255,66,61480,19,286765
3168,0.000702,74.125.24.0-255,1484,62964,19,286765
3169,0.000704,172.31.36.0-255,66,63030,19,286765
3170,0.000723,74.125.24.0-255,2543,65573,19,286765
3171,0.000726,172.31.36.0-255,66,65639,19,286765
3172,0.000844,74.125.24.0-255,646,66285,19,286765
3173,0.000849,172.31.36.0-255,66,66351,19,286765
3174,0.000986,74.125.24.0-255,1484,67835,19,286765
3175,0.000991,74.125.24.0-255,1484,69319,19,286765
3176,0.000994,172.31.36.0-255,66,69385,19,286765
3177,0.001013,74.125.24.0-255,1484,70869,19,286765
3178,0.00102,74.125.24.0-255,5738,76607,19,286765
3179,0.001025,74.125.24.0-255,4320,80927,19,286765
3180,0.001031,172.31.36.0-255,66,80993,19,286765
3181,0.001074,74.125.24.0-255,7156,88149,19,286765
3182,0.001094,74.125.24.0-255,4320,92469,19,286765
3183,0.001101,74.125.24.0-255,7856,100325,19,286765
3184,0.001106,74.125.24.0-255,4320,104645,19,286765
3185,0.00111,172.31.36.0-255,66,104711,19,286765
3186,0.001137,74.125.24.0-255,4320,109031,19,286765
3187,0.001144,74.125.24.0-255,7156,116187,19,286765
3188,0.001153,74.125.24.0-255,8574,124761,19,286765
3189,0.001158,172.31.36.0-255,66,124827,19,286765
3190,0.001182,74.125.24.0-255,8574,133401,19,286765
3191,0.001186,74.125.24.0-255,766,134167,19,286765
3192,0.001197,172.31.36.0-255,66,134233,19,286765
3193,0.00124,74.125.24.0-255,1484,135717,19,286765
3194,0.001243,74.125.24.0-255,1484,137201,19,286765
3195,0.001249,172.31.36.0-255,66,137267,19,286765
3196,0.001258,74.125.24.0-255,1484,138751,19,286765
3197,0.001266,74.125.24.0-255,5738,144489,19,286765
3198,0.001273,74.125.24.0-255,7156,151645,19,286765
3199,0.001286,74.125.24.0-255,2902,154547,19,286765
3200,0.001299,172.31.36.0-255,66,154613,19,286765
3201,0.001325,74.125.24.0-255,2184,156797,19,286765
3202,0.001342,172.31.36.0-255,66,156863,19,286765
3203,0.001398,74.125.24.0-255,1484,158347,19,286765
3204,0.001404,74.125.24.0-255,2902,161249,19,286765
3205,0.001417,74.125.24.0-255,1484,162733,19,286765
3206,0.00142,172.31.36.0-255,66,162799,19,286765
3207,0.001436,74.125.24.0-255,4320,167119,19,286765
3208,0.001442,74.125.24.0-255,5738,172857,19,286765
3209,0.001464,74.125.24.0-255,1484,174341,19,286765
3210,0.001474,172.31.36.0-255,66,174407,19,286765
3211,0.001488,74.125.24.0-255,5020,179427,19,286765
3212,0.001517,172.31.36.0-255,66,179493,19,286765
3213,0.001694,74.125.24.0-255,1484,180977,19,286765
3214,0.001699,74.125.24.0-255,2902,183879,19,286765
3215,0.001715,172.31.36.0-255,66,183945,19,286765
3216,0.001721,74.125.24.0-255,5738,189683,19,286765
3217,0.001726,74.125.24.0-255,4320,194003,19,286765
3218,0.001732,172.31.36.0-255,66,194069,19,286765
3219,0.001741,74.125.24.0-255,2902,196971,19,286765
3220,0.001745,74.125.24.0-255,2902,199873,19,286765
3221,0.001783,74.125.24.0-255,2184,202057,19,286765
3222,0.00179,172.31.36.0-255,66,202123,19,286765
3223,0.002084,74.125.24.0-255,1484,203607,19,286765
3224,0.00209,74.125.24.0-255,2902,206509,19,286765
3225,0.002093,172.31.36.0-255,66,206575,19,286765
3226,0.002117,74.125.24.0-255,5738,212313,19,286765
3227,0.002123,74.125.24.0-255,5738,218051,19,286765
3228,0.002148,74.125.24.0-255,7156,225207,19,286765
3229,0.002156,74.125.24.0-255,8574,233781,19,286765
3230,0.002183,74.125.24.0-255,2184,235965,19,286765
3231,0.002472,74.125.24.0-255,1484,237449,19,286765
3232,0.002478,74.125.24.0-255,2902,240351,19,286765
3233,0.002491,74.125.24.0-255,1484,241835,19,286765
3234,0.00252,74.125.24.0-255,4320,246155,19,286765
3235,0.002535,74.125.24.0-255,1484,247639,19,286765
3236,0.002553,74.125.24.0-255,8574,256213,19,286765
3237,0.002575,74.125.24.0-255,2184,258397,19,286765
3238,0.002591,74.125.24.0-255,2902,261299,19,286765
3239,0.002628,74.125.24.0-255,2184,263483,19,286765
3240,0.008186,172.31.36.0-255,66,263549,19,286765
3241,0.010821,74.125.24.0-255,5738,269287,19,286765
3242,0.01083,172.31.36.0-255,66,269353,19,286765
3243,0.0134,74.125.24.0-255,5738,275091,19,286765
3244,0.01463,172.31.36.0-255,66,275157,19,286765
3245,0.017244,74.125.24.0-255,5738,280895,19,286765
3246,0.017252,172.31.36.0-255,66,280961,19,286765
3247,0.019838,74.125.24.0-255,5738,286699,19,286765
3248,0.019847,172.31.36.0-255,66,286765,19,286765
3249,0.0,74.125.24.0-255,150,150,19,214192
3250,3.3e-05,172.31.36.0-255,66,216,19,214192
3251,3.9e-05,74.125.24.0-255,1484,1700,19,214192
3252,4.4e-05,172.31.36.0-255,66,1766,19,214192
3253,4.8e-05,74.125.24.0-255,2902,4668,19,214192
3254,5.1e-05,172.31.36.0-255,66,4734,19,214192
3255,5.8e-05,74.125.24.0-255,7156,11890,19,214192
3256,6e-05,172.31.36.0-255,66,11956,19,214192
3257,8.5e-05,74.125.24.0-255,2010,13966,19,214192
3258,8.7e-05,172.31.36.0-255,66,14032,19,214192
3259,0.000204,74.125.24.0-255,1484,15516,19,214192
3260,0.000208,172.31.36.0-255,66,15582,19,214192
3261,0.000214,74.125.24.0-255,2902,18484,19,214192
3262,0.000217,172.31.36.0-255,66,18550,19,214192
3263,0.000223,74.125.24.0-255,5738,24288,19,214192
3264,0.000226,172.31.36.0-255,66,24354,19,214192
3265,0.000285,74.125.24.0-255,6797,31151,19,214192
3266,0.000289,172.31.36.0-255,66,31217,19,214192
3267,0.000328,74.125.24.0-255,7156,38373,19,214192
3268,0.000332,172.31.36.0-255,66,38439,19,214192
3269,0.000337,74.125.24.0-255,4320,42759,19,214192
3270,0.000339,172.31.36.0-255,66,42825,19,214192
3271,0.000374,74.125.24.0-255,2902,45727,19,214192
3272,0.000378,172.31.36.0-255,66,45793,19,214192
3273,0.000394,74.125.24.0-255,2543,48336,19,214192
3274,0.000397,172.31.36.0-255,66,48402,19,214192
3275,0.000704,74.125.24.0-255,1484,49886,19,214192
3276,0.000708,172.31.36.0-255,66,49952,19,214192
3277,0.000718,74.125.24.0-255,2902,52854,19,214192
3278,0.00072,172.31.36.0-255,66,52920,19,214192
3279,0.000726,74.125.24.0-255,5738,58658,19,214192
3280,0.000728,172.31.36.0-255,66,58724,19,214192
3281,0.000731,74.125.24.0-255,1484,60208,19,214192
3282,0.000786,74.125.24.0-255,5992,66200,19,214192
3283,0.00079,172.31.36.0-255,66,66266,19,214192
3284,0.001053,74.125.24.0-255,1484,67750,19,214192
3285,0.001061,74.125.24.0-255,2902,70652,19,214192
3286,0.001065,172.31.36.0-255,66,70718,19,214192
3287,0.001092,74.125.24.0-255,5738,76456,19,214192
3288,0.001095,172.31.36.0-255,66,76522,19,214192
3289,0.001102,74.125.24.0-255,7156,83678,19,214192
3290,0.001105,172.31.36.0-255,66,83744,19,214192
3291,0.001133,172.31.36.0-255,66,83810,19,214192
3292,0.001138,74.125.24.0-255,2184,85994,19,214192
3293,0.00114,172.31.36.0-255,66,86060,19,214192
3294,0.001447,74.125.24.0-255,1484,87544,19,214192
3295,0.001463,74.125.24.0-255,2902,90446,19,214192
3296,0.001466,172.31.36.0-255,66,90512,19,214192
3297,0.001472,74.125.24.0-255,5738,96250,19,214192
3298,0.001474,172.31.36.0-255,66,96316,19,214192
3299,0.0015,74.125.24.0-255,8574,104890,19,214192
3300,0.001502,172.31.36.0-255,66,104956,19,214192
3301,0.001551,74.125.24.0-255,7156,112112,19,214192
3302,0.001554,172.31.36.0-255,66,112178,19,214192
3303,0.001576,74.125.24.0-255,7856,120034,19,214192
3304,0.001578,172.31.36.0-255,66,120100,19,214192
3305,0.001581,74.125.24.0-255,1484,121584,19,214192
3306,0.001598,74.125.24.0-255,4320,125904,19,214192
3307,0.001601,172.31.36.0-255,66,125970,19,214192
3308,0.001607,74.125.24.0-255,7156,133126,19,214192
3309,0.001609,172.31.36.0-255,66,133192,19,214192
3310,0.001658,172.31.36.0-255,66,133258,19,214192
3311,0.001677,74.125.24.0-255,1484,134742,19,214192
3312,0.001683,74.125.24.0-255,6438,141180,19,214192
3313,0.001685,172.31.36.0-255,66,141246,19,214192
3314,0.001819,74.125.24.0-255,1484,142730,19,214192
3315,0.001835,74.125.24.0-255,2902,145632,19,214192
3316,0.001838,172.31.36.0-255,66,145698,19,214192
3317,0.001841,74.125.24.0-255,1484,147182,19,214192
3318,0.001854,74.125.24.0-255,2902,150084,19,214192
3319,0.001856,172.31.36.0-255,66,150150,19,214192
3320,0.00188,74.125.24.0-255,8574,158724,19,214192
3321,0.001882,172.31.36.0-255,66,158790,19,214192
3322,0.00193,172.31.36.0-255,66,158856,19,214192
3323,0.001955,74.125.24.0-255,2902,161758,19,214192
3324,0.001958,172.31.36.0-255,66,161824,19,214192
3325,0.001963,74.125.24.0-255,4320,166144,19,214192
3326,0.001965,172.31.36.0-255,66,166210,19,214192
3327,0.001972,74.125.24.0-255,8574,174784,19,214192
3328,0.001974,172.31.36.0-255,66,174850,19,214192
3329,0.002045,172.31.36.0-255,66,174916,19,214192
3330,0.004341,74.125.24.0-255,4320,179236,19,214192
3331,0.004344,172.31.36.0-255,66,179302,19,214192
3332,0.004357,74.125.24.0-255,1484,180786,19,214192
3333,0.006674,74.125.24.0-255,4320,185106,19,214192
3334,0.00668,172.31.36.0-255,66,185172,19,214192
3335,0.009017,74.125.24.0-255,5738,190910,19,214192
3336,0.009024,172.31.36.0-255,66,190976,19,214192
3337,0.011362,74.125.24.0-255,5738,196714,19,214192
3338,0.011368,172.31.36.0-255,66,196780,19,214192
3339,0.013704,74.125.24.0-255,5738,202518,19,214192
3340,0.013712,172.31.36.0-255,66,202584,19,214192
3341,0.016059,74.125.24.0-255,5738,208322,19,214192
3342,0.016068,172.31.36.0-255,66,208388,19,214192
3343,0.018426,74.125.24.0-255,5738,214126,19,214192
3344,0.018433,172.31.36.0-255,66,214192,19,214192
3345,0.0,172.217.160.0-255,153,153,19,257501
3346,3.4e-05,172.31.36.0-255,66,219,19,257501
3347,4.2e-05,172.217.160.0-255,1484,1703,19,257501
3348,4.6e-05,172.31.36.0-255,66,1769,19,257501
3349,5.1e-05,172.217.160.0-255,2902,4671,19,257501
3350,5.4e-05,172.31.36.0-255,66,4737,19,257501
3351,6.1e-05,172.217.160.0-255,7156,11893,19,257501
3352,6.4e-05,172.31.36.0-255,66,11959,19,257501
3353,9.4e-05,172.217.160.0-255,1969,13928,19,257501
3354,9.6e-05,172.31.36.0-255,66,13994,19,257501
3355,0.000166,172.217.160.0-255,1484,15478,19,257501
3356,0.000169,172.31.36.0-255,66,15544,19,257501
3357,0.000175,172.217.160.0-255,2902,18446,19,257501
3358,0.000178,172.31.36.0-255,66,18512,19,257501
3359,0.000181,172.217.160.0-255,1484,19996,19,257501
3360,0.000183,172.31.36.0-255,66,20062,19,257501
3361,0.00021,172.217.160.0-255,4320,24382,19,257501
3362,0.000213,172.31.36.0-255,66,24448,19,257501
3363,0.000222,172.217.160.0-255,6797,31245,19,257501
3364,0.000224,172.31.36.0-255,66,31311,19,257501
3365,0.000269,172.217.160.0-255,2902,34213,19,257501
3366,0.000272,172.31.36.0-255,66,34279,19,257501
3367,0.000287,172.217.160.0-255,4320,38599,19,257501
3368,0.000293,172.31.36.0-255,66,38665,19,257501
3369,0.000334,172.217.160.0-255,9633,48298,19,257501
3370,0.000338,172.31.36.0-255,66,48364,19,257501
3371,0.000487,172.217.160.0-255,1484,49848,19,257501
3372,0.00049,172.217.160.0-255,1484,51332,19,257501
3373,0.000491,172.31.36.0-255,66,51398,19,257501
3374,0.000496,172.31.36.0-255,66,51464,19,257501
3375,0.00051,172.217.160.0-255,1484,52948,19,257501
3376,0.000513,172.31.36.0-255,66,53014,19,257501
3377,0.000519,172.217.160.0-255,5738,58752,19,257501
3378,0.000522,172.31.36.0-255,66,58818,19,257501
3379,0.000551,172.217.160.0-255,5738,64556,19,257501
3380,0.000554,172.31.36.0-255,66,64622,19,257501
3381,0.000582,172.217.160.0-255,1396,66018,19,257501
3382,0.000825,172.31.36.0-255,66,66084,19,257501
3383,0.00089,172.217.160.0-255,406,66490,19,257501
3384,0.000986,172.217.160.0-255,1484,67974,19,257501
3385,0.000991,172.31.36.0-255,66,68040,19,257501
3386,0.000997,172.217.160.0-255,2902,70942,19,257501
3387,0.000999,172.31.36.0-255,66,71008,19,257501
3388,0.001004,172.217.160.0-255,2902,73910,19,257501
3389,0.001006,172.31.36.0-255,66,73976,19,257501
3390,0.001025,172.217.160.0-255,2902,76878,19,257501
3391,0.001028,172.31.36.0-255,66,76944,19,257501
3392,0.001047,172.217.160.0-255,6797,83741,19,257501
3393,0.00105,172.31.36.0-255,66,83807,19,257501
3394,0.001091,172.217.160.0-255,7156,90963,19,257501
3395,0.001095,172.31.36.0-255,66,91029,19,257501
3396,0.001117,172.217.160.0-255,7156,98185,19,257501
3397,0.00112,172.31.36.0-255,66,98251,19,257501
3398,0.001188,172.217.160.0-255,2543,100794,19,257501
3399,0.001191,172.31.36.0-255,66,100860,19,257501
3400,0.00121,172.217.160.0-255,2902,103762,19,257501
3401,0.001213,172.31.36.0-255,66,103828,19,257501
3402,0.001234,172.217.160.0-255,8574,112402,19,257501
3403,0.001236,172.31.36.0-255,66,112468,19,257501
3404,0.001256,172.217.160.0-255,1484,113952,19,257501
3405,0.0013,172.217.160.0-255,4320,118272,19,257501
3406,0.001304,172.31.36.0-255,66,118338,19,257501
3407,0.001334,172.31.36.0-255,66,118404,19,257501
3408,0.001417,172.217.160.0-255,3241,121645,19,257501
3409,0.001421,172.31.36.0-255,66,121711,19,257501
3410,0.001444,172.217.160.0-255,4320,126031,19,257501
3411,0.001448,172.31.36.0-255,66,126097,19,257501
3412,0.001465,172.217.160.0-255,2902,128999,19,257501
3413,0.001467,172.31.36.0-255,66,129065,19,257501
3414,0.001488,172.217.160.0-255,7156,136221,19,257501
3415,0.001491,172.31.36.0-255,66,136287,19,257501
3416,0.001539,172.217.160.0-255,4320,140607,19,257501
3417,0.001542,172.31.36.0-255,66,140673,19,257501
3418,0.001569,172.31.36.0-255,66,140739,19,257501
3419,0.001585,172.217.160.0-255,2184,142923,19,257501
3420,0.001588,172.31.36.0-255,66,142989,19,257501
3421,0.001807,172.217.160.0-255,1484,144473,19,257501
3422,0.001811,172.217.160.0-255,2902,147375,19,257501
3423,0.001814,172.31.36.0-255,66,147441,19,257501
3424,0.001829,172.217.160.0-255,5738,153179,19,257501
3425,0.001832,172.31.36.0-255,66,153245,19,257501
3426,0.001902,172.217.160.0-255,7156,160401,19,257501
3427,0.001905,172.31.36.0-255,66,160467,19,257501
3428,0.001923,172.217.160.0-255,5738,166205,19,257501
3429,0.001925,172.31.36.0-255,66,166271,19,257501
3430,0.001954,172.217.160.0-255,5738,172009,19,257501
3431,0.001957,172.31.36.0-255,66,172075,19,257501
3432,0.001977,172.217.160.0-255,5020,177095,19,257501
3433,0.001979,172.31.36.0-255,66,177161,19,257501
3434,0.002017,172.217.160.0-255,1484,178645,19,257501
3435,0.002044,172.217.160.0-255,9992,188637,19,257501
3436,0.002046,172.31.36.0-255,66,188703,19,257501
3437,0.002104,172.217.160.0-255,2902,191605,19,257501
3438,0.002107,172.31.36.0-255,66,191671,19,257501
3439,0.002129,172.217.160.0-255,8574,200245,19,257501
3440,0.002131,172.31.36.0-255,66,200311,19,257501
3441,0.00216,172.217.160.0-255,10692,211003,19,257501
3442,0.002162,172.31.36.0-255,66,211069,19,257501
3443,0.004131,172.217.160.0-255,5738,216807,19,257501
3444,0.004135,172.31.36.0-255,66,216873,19,257501
3445,0.006106,172.217.160.0-255,5738,222611,19,257501
3446,0.006111,172.31.36.0-255,66,222677,19,257501
3447,0.008092,172.217.160.0-255,5738,228415,19,257501
3448,0.008099,172.31.36.0-255,66,228481,19,257501
3449,0.010091,172.217.160.0-255,5738,234219,19,257501
3450,0.010109,172.31.36.0-255,66,234285,19,257501
3451,0.012102,172.217.160.0-255,5738,240023,19,257501
3452,0.012119,172.31.36.0-255,66,240089,19,257501
3453,0.014099,172.217.160.0-255,5738,245827,19,257501
3454,0.014115,172.31.36.0-255,66,245893,19,257501
3455,0.016088,172.217.160.0-255,5738,251631,19,257501
3456,0.016098,172.31.36.0-255,66,251697,19,257501
3457,0.018074,172.217.160.0-255,5738,257435,19,257501
3458,0.018081,172.31.36.0-255,66,257501,19,257501
3459,0.0,74.125.24.0-255,152,152,19,280779
3460,2.2e-05,172.31.36.0-255,66,218,19,280779
3461,3e-05,74.125.24.0-255,1484,1702,19,280779
3462,3.5e-05,172.31.36.0-255,66,1768,19,280779
3463,4.8e-05,74.125.24.0-255,2902,4670,19,280779
3464,5.2e-05,172.31.36.0-255,66,4736,19,280779
3465,6e-05,74.125.24.0-255,7156,11892,19,280779
3466,6.4e-05,172.31.36.0-255,66,11958,19,280779
3467,6.6e-05,74.125.24.0-255,1484,13442,19,280779
3468,6.9e-05,172.31.36.0-255,66,13508,19,280779
3469,8.6e-05,172.31.36.0-255,66,13574,19,280779
3470,9e-05,74.125.24.0-255,2543,16117,19,280779
3471,9.3e-05,172.31.36.0-255,66,16183,19,280779
3472,0.000172,74.125.24.0-255,1484,17667,19,280779
3473,0.000175,172.31.36.0-255,66,17733,19,280779
3474,0.00018,74.125.24.0-255,2902,20635,19,280779
3475,0.000183,172.31.36.0-255,66,20701,19,280779
3476,0.000186,74.125.24.0-255,1484,22185,19,280779
3477,0.000192,172.31.36.0-255,66,22251,19,280779
3478,0.000224,74.125.24.0-255,4320,26571,19,280779
3479,0.000227,172.31.36.0-255,66,26637,19,280779
3480,0.000234,74.125.24.0-255,6797,33434,19,280779
3481,0.000237,172.31.36.0-255,66,33500,19,280779
3482,0.000241,74.125.24.0-255,2902,36402,19,280779
3483,0.000246,172.31.36.0-255,66,36468,19,280779
3484,0.000267,74.125.24.0-255,4320,40788,19,280779
3485,0.00027,172.31.36.0-255,66,40854,19,280779
3486,0.000308,74.125.24.0-255,9633,50487,19,280779
3487,0.000311,172.31.36.0-255,66,50553,19,280779
3488,0.000502,74.125.24.0-255,646,51199,19,280779
3489,0.000507,172.31.36.0-255,66,51265,19,280779
3490,0.000654,74.125.24.0-255,1484,52749,19,280779
3491,0.000661,74.125.24.0-255,2902,55651,19,280779
3492,0.000665,172.31.36.0-255,66,55717,19,280779
3493,0.00067,74.125.24.0-255,2902,58619,19,280779
3494,0.000672,172.31.36.0-255,66,58685,19,280779
3495,0.000696,74.125.24.0-255,4320,63005,19,280779
3496,0.000704,172.31.36.0-255,66,63071,19,280779
3497,0.000713,74.125.24.0-255,8574,71645,19,280779
3498,0.000716,172.31.36.0-255,66,71711,19,280779
3499,0.000747,74.125.24.0-255,8574,80285,19,280779
3500,0.000751,172.31.36.0-255,66,80351,19,280779
3501,0.000782,74.125.24.0-255,5020,85371,19,280779
3502,0.000787,172.31.36.0-255,66,85437,19,280779
3503,0.001066,74.125.24.0-255,1484,86921,19,280779
3504,0.001074,74.125.24.0-255,2902,89823,19,280779
3505,0.001078,172.31.36.0-255,66,89889,19,280779
3506,0.001084,74.125.24.0-255,2902,92791,19,280779
3507,0.001086,172.31.36.0-255,66,92857,19,280779
3508,0.001117,74.125.24.0-255,2902,95759,19,280779
3509,0.00112,172.31.36.0-255,66,95825,19,280779
3510,0.001124,74.125.24.0-255,1484,97309,19,280779
3511,0.001159,74.125.24.0-255,8574,105883,19,280779
3512,0.001175,172.31.36.0-255,66,105949,19,280779
3513,0.001179,172.31.36.0-255,66,106015,19,280779
3514,0.001239,74.125.24.0-255,1484,107499,19,280779
3515,0.001257,74.125.24.0-255,2902,110401,19,280779
3516,0.00126,172.31.36.0-255,66,110467,19,280779
3517,0.001267,74.125.24.0-255,5738,116205,19,280779
3518,0.00127,172.31.36.0-255,66,116271,19,280779
3519,0.001304,172.31.36.0-255,66,116337,19,280779
3520,0.001311,74.125.24.0-255,5738,122075,19,280779
3521,0.001313,172.31.36.0-255,66,122141,19,280779
3522,0.00133,74.125.24.0-255,1484,123625,19,280779
3523,0.001352,74.125.24.0-255,3602,127227,19,280779
3524,0.001355,172.31.36.0-255,66,127293,19,280779
3525,0.001809,74.125.24.0-255,1484,128777,19,280779
3526,0.001836,74.125.24.0-255,2902,131679,19,280779
3527,0.00184,172.31.36.0-255,66,131745,19,280779
3528,0.001847,74.125.24.0-255,5738,137483,19,280779
3529,0.001849,172.31.36.0-255,66,137549,19,280779
3530,0.001857,74.125.24.0-255,1484,139033,19,280779
3531,0.001866,74.125.24.0-255,8574,147607,19,280779
3532,0.001868,172.31.36.0-255,66,147673,19,280779
3533,0.001905,74.125.24.0-255,4320,151993,19,280779
3534,0.001908,172.31.36.0-255,66,152059,19,280779
3535,0.001945,74.125.24.0-255,9274,161333,19,280779
3536,0.001947,172.31.36.0-255,66,161399,19,280779
3537,0.00195,74.125.24.0-255,1484,162883,19,280779
3538,0.001954,74.125.24.0-255,1484,164367,19,280779
3539,0.001956,172.31.36.0-255,66,164433,19,280779
3540,0.001977,74.125.24.0-255,1484,165917,19,280779
3541,0.001982,74.125.24.0-255,5738,171655,19,280779
3542,0.001984,172.31.36.0-255,66,171721,19,280779
3543,0.002043,74.125.24.0-255,7156,178877,19,280779
3544,0.002046,172.31.36.0-255,66,178943,19,280779
3545,0.002079,74.125.24.0-255,5738,184681,19,280779
3546,0.002082,172.31.36.0-255,66,184747,19,280779
3547,0.002092,74.125.24.0-255,10692,195439,19,280779
3548,0.0021,172.31.36.0-255,66,195505,19,280779
3549,0.002104,74.125.24.0-255,2902,198407,19,280779
3550,0.002106,172.31.36.0-255,66,198473,19,280779
3551,0.002142,74.125.24.0-255,7156,205629,19,280779
3552,0.002145,172.31.36.0-255,66,205695,19,280779
3553,0.002174,172.31.36.0-255,66,205761,19,280779
3554,0.002186,172.31.36.0-255,66,205827,19,280779
3555,0.002299,74.125.24.0-255,1484,207311,19,280779
3556,0.002305,74.125.24.0-255,2902,210213,19,280779
3557,0.00231,172.31.36.0-255,66,210279,19,280779
3558,0.002314,74.125.24.0-255,1484,211763,19,280779
3559,0.002337,74.125.24.0-255,4320,216083,19,280779
3560,0.00234,172.31.36.0-255,66,216149,19,280779
3561,0.002352,74.125.24.0-255,1484,217633,19,280779
3562,0.002378,74.125.24.0-255,5738,223371,19,280779
3563,0.002382,172.31.36.0-255,66,223437,19,280779
3564,0.002385,74.125.24.0-255,1484,224921,19,280779
3565,0.002388,74.125.24.0-255,1484,226405,19,280779
3566,0.002391,172.31.36.0-255,66,226471,19,280779
3567,0.002429,74.125.24.0-255,8574,235045,19,280779
3568,0.002433,172.31.36.0-255,66,235111,19,280779
3569,0.002438,74.125.24.0-255,5020,240131,19,280779
3570,0.002441,172.31.36.0-255,66,240197,19,280779
3571,0.002484,74.125.24.0-255,1484,241681,19,280779
3572,0.00249,74.125.24.0-255,2902,244583,19,280779
3573,0.002494,172.31.36.0-255,66,244649,19,280779
3574,0.002524,74.125.24.0-255,5738,250387,19,280779
3575,0.002528,172.31.36.0-255,66,250453,19,280779
3576,0.002565,172.31.36.0-255,66,250519,19,280779
3577,0.002568,74.125.24.0-255,1484,252003,19,280779
3578,0.002577,74.125.24.0-255,9274,261277,19,280779
3579,0.002585,172.31.36.0-255,66,261343,19,280779
3580,0.00259,74.125.24.0-255,4320,265663,19,280779
3581,0.002593,172.31.36.0-255,66,265729,19,280779
3582,0.002623,172.31.36.0-255,66,265795,19,280779
3583,0.002651,74.125.24.0-255,4320,270115,19,280779
3584,0.002654,172.31.36.0-255,66,270181,19,280779
3585,0.002671,172.31.36.0-255,66,270247,19,280779
3586,0.00268,74.125.24.0-255,9992,280239,19,280779
3587,0.002683,172.31.36.0-255,66,280305,19,280779
3588,0.002738,172.31.36.0-255,66,280371,19,280779
3589,0.002769,172.31.36.0-255,66,280437,19,280779
3590,0.002788,74.125.24.0-255,105,280542,19,280779
3591,0.009096,172.31.36.0-255,66,280608,19,280779
3592,0.009152,172.31.36.0-255,105,280713,19,280779
3593,0.01142,74.125.24.0-255,66,280779,19,280779
3594,0.0,74.125.200.0-255,298,298,19,214587
3595,3.4e-05,172.31.36.0-255,66,364,19,214587
3596,4.1e-05,74.125.200.0-255,1484,1848,19,214587
3597,4.5e-05,172.31.36.0-255,66,1914,19,214587
3598,5e-05,74.125.200.0-255,2902,4816,19,214587
3599,5.3e-05,172.31.36.0-255,66,4882,19,214587
3600,6e-05,74.125.200.0-255,5738,10620,19,214587
3601,6.3e-05,172.31.36.0-255,66,10686,19,214587
3602,8.3e-05,74.125.200.0-255,3304,13990,19,214587
3603,8.6e-05,172.31.36.0-255,66,14056,19,214587
3604,0.000225,74.125.200.0-255,1484,15540,19,214587
3605,0.00023,172.31.36.0-255,66,15606,19,214587
3606,0.000235,74.125.200.0-255,2902,18508,19,214587
3607,0.000238,172.31.36.0-255,66,18574,19,214587
3608,0.000254,74.125.200.0-255,5738,24312,19,214587
3609,0.000257,172.31.36.0-255,66,24378,19,214587
3610,0.000288,74.125.200.0-255,6797,31175,19,214587
3611,0.000292,172.31.36.0-255,66,31241,19,214587
3612,0.000318,74.125.200.0-255,7156,38397,19,214587
3613,0.000321,172.31.36.0-255,66,38463,19,214587
3614,0.000341,74.125.200.0-255,2902,41365,19,214587
3615,0.000343,172.31.36.0-255,66,41431,19,214587
3616,0.000368,74.125.200.0-255,5738,47169,19,214587
3617,0.000371,172.31.36.0-255,66,47235,19,214587
3618,0.000374,74.125.200.0-255,1125,48360,19,214587
3619,0.000376,172.31.36.0-255,66,48426,19,214587
3620,0.001034,74.125.200.0-255,1484,49910,19,214587
3621,0.00104,172.31.36.0-255,66,49976,19,214587
3622,0.001051,74.125.200.0-255,2902,52878,19,214587
3623,0.001053,172.31.36.0-255,66,52944,19,214587
3624,0.001071,74.125.200.0-255,2902,55846,19,214587
3625,0.001074,172.31.36.0-255,66,55912,19,214587
3626,0.001098,74.125.200.0-255,2902,58814,19,214587
3627,0.001102,172.31.36.0-255,66,58880,19,214587
3628,0.001108,74.125.200.0-255,5738,64618,19,214587
3629,0.00111,172.31.36.0-255,66,64684,19,214587
3630,0.00113,74.125.200.0-255,6797,71481,19,214587
3631,0.001133,172.31.36.0-255,66,71547,19,214587
3632,0.001138,74.125.200.0-255,4320,75867,19,214587
3633,0.00114,172.31.36.0-255,66,75933,19,214587
3634,0.001165,74.125.200.0-255,4320,80253,19,214587
3635,0.001168,172.31.36.0-255,66,80319,19,214587
3636,0.001178,74.125.200.0-255,9992,90311,19,214587
3637,0.001181,172.31.36.0-255,66,90377,19,214587
3638,0.001184,74.125.200.0-255,1484,91861,19,214587
3639,0.001216,74.125.200.0-255,7856,99717,19,214587
3640,0.00122,172.31.36.0-255,66,99783,19,214587
3641,0.001223,74.125.200.0-255,646,100429,19,214587
3642,0.001475,74.125.200.0-255,1484,101913,19,214587
3643,0.001481,172.31.36.0-255,66,101979,19,214587
3644,0.001487,74.125.200.0-255,2902,104881,19,214587
3645,0.001489,172.31.36.0-255,66,104947,19,214587
3646,0.001494,74.125.200.0-255,2902,107849,19,214587
3647,0.001496,172.31.36.0-255,66,107915,19,214587
3648,0.001515,74.125.200.0-255,1484,109399,19,214587
3649,0.001521,74.125.200.0-255,5738,115137,19,214587
3650,0.001524,172.31.36.0-255,66,115203,19,214587
3651,0.001558,172.31.36.0-255,66,115269,19,214587
3652,0.001564,74.125.200.0-255,5738,121007,19,214587
3653,0.001566,172.31.36.0-255,66,121073,19,214587
3654,0.001601,74.125.200.0-255,2184,123257,19,214587
3655,0.001604,172.31.36.0-255,66,123323,19,214587
3656,0.001736,74.125.200.0-255,1484,124807,19,214587
3657,0.001756,74.125.200.0-255,2902,127709,19,214587
3658,0.00176,172.31.36.0-255,66,127775,19,214587
3659,0.001781,74.125.200.0-255,1484,129259,19,214587
3660,0.001785,74.125.200.0-255,2902,132161,19,214587
3661,0.001787,172.31.36.0-255,66,132227,19,214587
3662,0.001793,74.125.200.0-255,5738,137965,19,214587
3663,0.001794,172.31.36.0-255,66,138031,19,214587
3664,0.001831,172.31.36.0-255,66,138097,19,214587
3665,0.001858,74.125.200.0-255,2902,140999,19,214587
3666,0.001861,172.31.36.0-255,66,141065,19,214587
3667,0.001883,74.125.200.0-255,5020,146085,19,214587
3668,0.001885,172.31.36.0-255,66,146151,19,214587
3669,0.002291,74.125.200.0-255,1484,147635,19,214587
3670,0.002308,74.125.200.0-255,1484,149119,19,214587
3671,0.002311,172.31.36.0-255,66,149185,19,214587
3672,0.00234,74.125.200.0-255,2902,152087,19,214587
3673,0.002345,172.31.36.0-255,66,152153,19,214587
3674,0.002372,74.125.200.0-255,2902,155055,19,214587
3675,0.002375,172.31.36.0-255,66,155121,19,214587
3676,0.002378,74.125.200.0-255,1484,156605,19,214587
3677,0.002396,74.125.200.0-255,2902,159507,19,214587
3678,0.002398,172.31.36.0-255,66,159573,19,214587
3679,0.002415,74.125.200.0-255,1484,161057,19,214587
3680,0.00243,74.125.200.0-255,1484,162541,19,214587
3681,0.002432,172.31.36.0-255,66,162607,19,214587
3682,0.002449,74.125.200.0-255,1484,164091,19,214587
3683,0.002452,74.125.200.0-255,1484,165575,19,214587
3684,0.002454,172.31.36.0-255,66,165641,19,214587
3685,0.002476,74.125.200.0-255,4320,169961,19,214587
3686,0.002479,172.31.36.0-255,66,170027,19,214587
3687,0.002502,74.125.200.0-255,1484,171511,19,214587
3688,0.00252,74.125.200.0-255,5738,177249,19,214587
3689,0.002523,172.31.36.0-255,66,177315,19,214587
3690,0.002527,74.125.200.0-255,2902,180217,19,214587
3691,0.002529,172.31.36.0-255,66,180283,19,214587
3692,0.002549,74.125.200.0-255,766,181049,19,214587
3693,0.002768,172.31.36.0-255,66,181115,19,214587
3694,0.005086,74.125.200.0-255,4320,185435,19,214587
3695,0.005093,172.31.36.0-255,66,185501,19,214587
3696,0.005307,74.125.200.0-255,1484,186985,19,214587
3697,0.007628,74.125.200.0-255,4320,191305,19,214587
3698,0.007634,172.31.36.0-255,66,191371,19,214587
3699,0.010189,74.125.200.0-255,5738,197109,19,214587
3700,0.010198,172.31.36.0-255,66,197175,19,214587
3701,0.012791,74.125.200.0-255,5738,202913,19,214587
3702,0.012802,172.31.36.0-255,66,202979,19,214587
3703,0.015399,74.125.200.0-255,5738,208717,19,214587
3704,0.015417,172.31.36.0-255,66,208783,19,214587
3705,0.017984,74.125.200.0-255,5738,214521,19,214587
3706,0.017999,172.31.36.0-255,66,214587,19,214587
3707,0.0,172.217.194.0-255,153,153,19,282591
3708,1.5e-05,172.31.36.0-255,66,219,19,282591
3709,2.1e-05,172.217.194.0-255,1484,1703,19,282591
3710,2.5e-05,172.31.36.0-255,66,1769,19,282591
3711,3.2e-05,172.217.194.0-255,2902,4671,19,282591
3712,3.5e-05,172.31.36.0-255,66,4737,19,282591
3713,3.9e-05,172.217.194.0-255,1484,6221,19,282591
3714,4.1e-05,172.31.36.0-255,66,6287,19,282591
3715,7.4e-05,172.217.194.0-255,5738,12025,19,282591
3716,7.8e-05,172.31.36.0-255,66,12091,19,282591
3717,8.2e-05,172.217.194.0-255,1949,14040,19,282591
3718,8.4e-05,172.31.36.0-255,66,14106,19,282591
3719,0.000139,172.217.194.0-255,1484,15590,19,282591
3720,0.000142,172.31.36.0-255,66,15656,19,282591
3721,0.000156,172.217.194.0-255,2902,18558,19,282591
3722,0.000159,172.31.36.0-255,66,18624,19,282591
3723,0.000166,172.217.194.0-255,5738,24362,19,282591
3724,0.000168,172.31.36.0-255,66,24428,19,282591
3725,0.000171,172.217.194.0-255,1484,25912,19,282591
3726,0.000173,172.31.36.0-255,66,25978,19,282591
3727,0.000198,172.217.194.0-255,5379,31357,19,282591
3728,0.0002,172.31.36.0-255,66,31423,19,282591
3729,0.000241,172.31.36.0-255,66,31489,19,282591
3730,0.000244,172.217.194.0-255,1484,32973,19,282591
3731,0.000246,172.31.36.0-255,66,33039,19,282591
3732,0.000263,172.217.194.0-255,7156,40195,19,282591
3733,0.000266,172.31.36.0-255,66,40261,19,282591
3734,0.000282,172.217.194.0-255,2902,43163,19,282591
3735,0.000284,172.31.36.0-255,66,43229,19,282591
3736,0.00029,172.217.194.0-255,4320,47549,19,282591
3737,0.000292,172.31.36.0-255,66,47615,19,282591
3738,0.000314,172.217.194.0-255,3602,51217,19,282591
3739,0.000317,172.31.36.0-255,66,51283,19,282591
3740,0.00032,172.217.194.0-255,380,51663,19,282591
3741,0.000434,172.217.194.0-255,364,52027,19,282591
3742,0.000913,172.217.194.0-255,1484,53511,19,282591
3743,0.000918,172.31.36.0-255,66,53577,19,282591
3744,0.000923,172.217.194.0-255,2902,56479,19,282591
3745,0.000925,172.31.36.0-255,66,56545,19,282591
3746,0.000927,172.217.194.0-255,1484,58029,19,282591
3747,0.000959,172.217.194.0-255,4320,62349,19,282591
3748,0.000961,172.31.36.0-255,66,62415,19,282591
3749,0.000967,172.217.194.0-255,5738,68153,19,282591
3750,0.000969,172.31.36.0-255,66,68219,19,282591
3751,0.000981,172.31.36.0-255,66,68285,19,282591
3752,0.000998,172.217.194.0-255,1484,69769,19,282591
3753,0.001003,172.217.194.0-255,5020,74789,19,282591
3754,0.001005,172.31.36.0-255,66,74855,19,282591
3755,0.00104,172.217.194.0-255,1484,76339,19,282591
3756,0.00106,172.217.194.0-255,2902,79241,19,282591
3757,0.001063,172.31.36.0-255,66,79307,19,282591
3758,0.001069,172.217.194.0-255,5738,85045,19,282591
3759,0.001071,172.31.36.0-255,66,85111,19,282591
3760,0.001104,172.31.36.0-255,66,85177,19,282591
3761,0.001112,172.217.194.0-255,8574,93751,19,282591
3762,0.001114,172.31.36.0-255,66,93817,19,282591
3763,0.001129,172.217.194.0-255,1484,95301,19,282591
3764,0.001138,172.217.194.0-255,766,96067,19,282591
3765,0.001141,172.31.36.0-255,66,96133,19,282591
3766,0.001182,172.217.194.0-255,1484,97617,19,282591
3767,0.001194,172.217.194.0-255,2902,100519,19,282591
3768,0.001198,172.31.36.0-255,66,100585,19,282591
3769,0.001207,172.217.194.0-255,2902,103487,19,282591
3770,0.001209,172.31.36.0-255,66,103553,19,282591
3771,0.001226,172.217.194.0-255,2902,106455,19,282591
3772,0.001229,172.31.36.0-255,66,106521,19,282591
3773,0.001238,172.217.194.0-255,9992,116513,19,282591
3774,0.001239,172.31.36.0-255,66,116579,19,282591
3775,0.001261,172.217.194.0-255,2902,119481,19,282591
3776,0.001267,172.217.194.0-255,7156,126637,19,282591
3777,0.001271,172.31.36.0-255,66,126703,19,282591
3778,0.001273,172.31.36.0-255,66,126769,19,282591
3779,0.00129,172.217.194.0-255,3602,130371,19,282591
3780,0.001292,172.31.36.0-255,66,130437,19,282591
3781,0.001539,172.217.194.0-255,1484,131921,19,282591
3782,0.001545,172.217.194.0-255,2902,134823,19,282591
3783,0.001548,172.31.36.0-255,66,134889,19,282591
3784,0.001597,172.217.194.0-255,5738,140627,19,282591
3785,0.0016,172.31.36.0-255,66,140693,19,282591
3786,0.001614,172.31.36.0-255,66,140759,19,282591
3787,0.001625,172.217.194.0-255,10692,151451,19,282591
3788,0.001627,172.31.36.0-255,66,151517,19,282591
3789,0.001678,172.217.194.0-255,1484,153001,19,282591
3790,0.001683,172.217.194.0-255,1484,154485,19,282591
3791,0.001686,172.31.36.0-255,66,154551,19,282591
3792,0.001703,172.217.194.0-255,1484,156035,19,282591
3793,0.00171,172.217.194.0-255,5738,161773,19,282591
3794,0.001713,172.31.36.0-255,66,161839,19,282591
3795,0.00172,172.217.194.0-255,7156,168995,19,282591
3796,0.001722,172.31.36.0-255,66,169061,19,282591
3797,0.001748,172.31.36.0-255,66,169127,19,282591
3798,0.001771,172.217.194.0-255,2902,172029,19,282591
3799,0.001773,172.31.36.0-255,66,172095,19,282591
3800,0.001777,172.217.194.0-255,2184,174279,19,282591
3801,0.001779,172.31.36.0-255,66,174345,19,282591
3802,0.001825,172.217.194.0-255,1484,175829,19,282591
3803,0.001831,172.217.194.0-255,2902,178731,19,282591
3804,0.001835,172.31.36.0-255,66,178797,19,282591
3805,0.001839,172.217.194.0-255,2902,181699,19,282591
3806,0.001841,172.31.36.0-255,66,181765,19,282591
3807,0.001857,172.217.194.0-255,2902,184667,19,282591
3808,0.001861,172.31.36.0-255,66,184733,19,282591
3809,0.001872,172.217.194.0-255,7156,191889,19,282591
3810,0.001874,172.31.36.0-255,66,191955,19,282591
3811,0.001897,172.217.194.0-255,2902,194857,19,282591
3812,0.0019,172.31.36.0-255,66,194923,19,282591
3813,0.001922,172.217.194.0-255,7156,202079,19,282591
3814,0.001924,172.31.36.0-255,66,202145,19,282591
3815,0.001946,172.217.194.0-255,6438,208583,19,282591
3816,0.001949,172.31.36.0-255,66,208649,19,282591
3817,0.001977,172.217.194.0-255,2902,211551,19,282591
3818,0.00198,172.31.36.0-255,66,211617,19,282591
3819,0.001986,172.217.194.0-255,4320,215937,19,282591
3820,0.001988,172.31.36.0-255,66,216003,19,282591
3821,0.001994,172.217.194.0-255,4320,220323,19,282591
3822,0.001996,172.31.36.0-255,66,220389,19,282591
3823,0.002016,172.217.194.0-255,4320,224709,19,282591
3824,0.002024,172.217.194.0-255,7156,231865,19,282591
3825,0.002037,172.31.36.0-255,66,231931,19,282591
3826,0.002054,172.217.194.0-255,9992,241923,19,282591
3827,0.002062,172.217.194.0-255,8574,250497,19,282591
3828,0.002066,172.31.36.0-255,66,250563,19,282591
3829,0.00209,172.217.194.0-255,9274,259837,19,282591
3830,0.002113,172.31.36.0-255,66,259903,19,282591
3831,0.002134,172.217.194.0-255,4320,264223,19,282591
3832,0.002195,172.31.36.0-255,66,264289,19,282591
3833,0.0022,172.31.36.0-255,66,264355,19,282591
3834,0.002212,172.217.194.0-255,3602,267957,19,282591
3835,0.002263,172.217.194.0-255,4320,272277,19,282591
3836,0.002273,172.217.194.0-255,9809,282086,19,282591
3837,0.002275,172.217.194.0-255,97,282183,19,282591
3838,0.002277,172.217.194.0-255,105,282288,19,282591
3839,0.002281,172.31.36.0-255,66,282354,19,282591
3840,0.002294,172.31.36.0-255,66,282420,19,282591
3841,0.011309,172.31.36.0-255,105,282525,19,282591
3842,0.013981,172.217.194.0-255,66,282591,19,282591
3843,0.0,74.125.68.0-255,149,149,19,163761
3844,2.5e-05,172.31.36.0-255,66,215,19,163761
3845,3.4e-05,74.125.68.0-255,1484,1699,19,163761
3846,4.1e-05,172.31.36.0-255,66,1765,19,163761
3847,5.4e-05,74.125.68.0-255,2902,4667,19,163761
3848,5.7e-05,172.31.36.0-255,66,4733,19,163761
3849,6.4e-05,74.125.68.0-255,5738,10471,19,163761
3850,6.7e-05,172.31.36.0-255,66,10537,19,163761
3851,0.000101,74.125.68.0-255,3436,13973,19,163761
3852,0.000105,172.31.36.0-255,66,14039,19,163761
3853,0.00011,74.125.68.0-255,1484,15523,19,163761
3854,0.000112,172.31.36.0-255,66,15589,19,163761
3855,0.00014,74.125.68.0-255,2902,18491,19,163761
3856,0.000143,172.31.36.0-255,66,18557,19,163761
3857,0.000216,74.125.68.0-255,5738,24295,19,163761
3858,0.000219,172.31.36.0-255,66,24361,19,163761
3859,0.000247,74.125.68.0-255,1484,25845,19,163761
3860,0.000249,172.31.36.0-255,66,25911,19,163761
3861,0.000256,74.125.68.0-255,5379,31290,19,163761
3862,0.000258,172.31.36.0-255,66,31356,19,163761
3863,0.000432,74.125.68.0-255,1484,32840,19,163761
3864,0.000437,172.31.36.0-255,66,32906,19,163761
3865,0.000444,74.125.68.0-255,2902,35808,19,163761
3866,0.000446,172.31.36.0-255,66,35874,19,163761
3867,0.000478,74.125.68.0-255,5738,41612,19,163761
3868,0.000481,172.31.36.0-255,66,41678,19,163761
3869,0.000518,74.125.68.0-255,5738,47416,19,163761
3870,0.000521,172.31.36.0-255,66,47482,19,163761
3871,0.000572,74.125.68.0-255,1125,48607,19,163761
3872,0.000575,172.31.36.0-255,66,48673,19,163761
3873,0.000994,74.125.68.0-255,1484,50157,19,163761
3874,0.000999,172.31.36.0-255,66,50223,19,163761
3875,0.001005,74.125.68.0-255,2902,53125,19,163761
3876,0.001007,172.31.36.0-255,66,53191,19,163761
3877,0.001043,74.125.68.0-255,5738,58929,19,163761
3878,0.001046,172.31.36.0-255,66,58995,19,163761
3879,0.001085,74.125.68.0-255,4320,63315,19,163761
3880,0.001087,172.31.36.0-255,66,63381,19,163761
3881,0.001139,74.125.68.0-255,3122,66503,19,163761
3882,0.001142,172.31.36.0-255,66,66569,19,163761
3883,0.001575,74.125.68.0-255,1484,68053,19,163761
3884,0.001588,74.125.68.0-255,2902,70955,19,163761
3885,0.001592,172.31.36.0-255,66,71021,19,163761
3886,0.001621,74.125.68.0-255,4320,75341,19,163761
3887,0.001623,172.31.36.0-255,66,75407,19,163761
3888,0.00167,74.125.68.0-255,4320,79727,19,163761
3889,0.001672,172.31.36.0-255,66,79793,19,163761
3890,0.001698,74.125.68.0-255,1484,81277,19,163761
3891,0.001705,74.125.68.0-255,5738,87015,19,163761
3892,0.001707,172.31.36.0-255,66,87081,19,163761
3893,0.001733,74.125.68.0-255,1484,88565,19,163761
3894,0.001812,74.125.68.0-255,5738,94303,19,163761
3895,0.001816,172.31.36.0-255,66,94369,19,163761
3896,0.001835,74.125.68.0-255,5738,100107,19,163761
3897,0.001838,172.31.36.0-255,66,100173,19,163761
3898,0.001888,74.125.68.0-255,766,100939,19,163761
3899,0.002231,74.125.68.0-255,1484,102423,19,163761
3900,0.002237,172.31.36.0-255,66,102489,19,163761
3901,0.002245,74.125.68.0-255,2902,105391,19,163761
3902,0.002247,172.31.36.0-255,66,105457,19,163761
3903,0.002272,74.125.68.0-255,2902,108359,19,163761
3904,0.002274,172.31.36.0-255,66,108425,19,163761
3905,0.00231,74.125.68.0-255,2902,111327,19,163761
3906,0.002312,172.31.36.0-255,66,111393,19,163761
3907,0.002323,74.125.68.0-255,1484,112877,19,163761
3908,0.002352,74.125.68.0-255,5738,118615,19,163761
3909,0.002355,172.31.36.0-255,66,118681,19,163761
3910,0.002381,74.125.68.0-255,4320,123001,19,163761
3911,0.002383,172.31.36.0-255,66,123067,19,163761
3912,0.004656,74.125.68.0-255,1484,124551,19,163761
3913,0.004683,74.125.68.0-255,4320,128871,19,163761
3914,0.00469,172.31.36.0-255,66,128937,19,163761
3915,0.007,74.125.68.0-255,5738,134675,19,163761
3916,0.007007,172.31.36.0-255,66,134741,19,163761
3917,0.00944,74.125.68.0-255,5738,140479,19,163761
3918,0.009452,172.31.36.0-255,66,140545,19,163761
3919,0.011766,74.125.68.0-255,5738,146283,19,163761
3920,0.011781,172.31.36.0-255,66,146349,19,163761
3921,0.014112,74.125.68.0-255,5738,152087,19,163761
3922,0.014129,172.31.36.0-255,66,152153,19,163761
3923,0.016457,74.125.68.0-255,5738,157891,19,163761
3924,0.01647,172.31.36.0-255,66,157957,19,163761
3925,0.018789,74.125.68.0-255,5738,163695,19,163761
3926,0.018804,172.31.36.0-255,66,163761,19,163761
3927,0.0,74.125.24.0-255,148,148,19,145955
3928,2.6e-05,172.31.36.0-255,66,214,19,145955
3929,3.2e-05,74.125.24.0-255,1484,1698,19,145955
3930,3.6e-05,172.31.36.0-255,66,1764,19,145955
3931,4.1e-05,74.125.24.0-255,2902,4666,19,145955
3932,4.4e-05,172.31.36.0-255,66,4732,19,145955
3933,5e-05,74.125.24.0-255,5738,10470,19,145955
3934,5.3e-05,172.31.36.0-255,66,10536,19,145955
3935,7.5e-05,74.125.24.0-255,1484,12020,19,145955
3936,7.8e-05,172.31.36.0-255,66,12086,19,145955
3937,9e-05,74.125.24.0-255,10548,22634,19,145955
3938,9.2e-05,172.31.36.0-255,66,22700,19,145955
3939,0.000111,74.125.24.0-255,5738,28438,19,145955
3940,0.000114,172.31.36.0-255,66,28504,19,145955
3941,0.000149,74.125.24.0-255,2543,31047,19,145955
3942,0.000152,172.31.36.0-255,66,31113,19,145955
3943,0.00016,74.125.24.0-255,8574,39687,19,145955
3944,0.000162,172.31.36.0-255,66,39753,19,145955
3945,0.000168,74.125.24.0-255,5738,45491,19,145955
3946,0.00017,172.31.36.0-255,66,45557,19,145955
3947,0.000223,74.125.24.0-255,2543,48100,19,145955
3948,0.000226,172.31.36.0-255,66,48166,19,145955
3949,0.001794,74.125.24.0-255,1484,49650,19,145955
3950,0.0018,172.31.36.0-255,66,49716,19,145955
3951,0.001811,74.125.24.0-255,2902,52618,19,145955
3952,0.001813,172.31.36.0-255,66,52684,19,145955
3953,0.001819,74.125.24.0-255,5738,58422,19,145955
3954,0.001821,172.31.36.0-255,66,58488,19,145955
3955,0.001826,74.125.24.0-255,4320,62808,19,145955
3956,0.001828,172.31.36.0-255,66,62874,19,145955
3957,0.001855,74.125.24.0-255,2543,65417,19,145955
3958,0.001858,172.31.36.0-255,66,65483,19,145955
3959,0.001866,74.125.24.0-255,7156,72639,19,145955
3960,0.001868,172.31.36.0-255,66,72705,19,145955
3961,0.001885,74.125.24.0-255,5738,78443,19,145955
3962,0.0019,74.125.24.0-255,1484,79927,19,145955
3963,0.001906,74.125.24.0-255,7156,87083,19,145955
3964,0.001921,74.125.24.0-255,1484,88567,19,145955
3965,0.001939,74.125.24.0-255,1484,90051,19,145955
3966,0.001951,74.125.24.0-255,2902,92953,19,145955
3967,0.001966,74.125.24.0-255,4320,97273,19,145955
3968,0.001977,74.125.24.0-255,2184,99457,19,145955
3969,0.004176,172.31.36.0-255,66,99523,19,145955
3970,0.006138,74.125.24.0-255,5738,105261,19,145955
3971,0.006144,172.31.36.0-255,66,105327,19,145955
3972,0.008077,74.125.24.0-255,5738,111065,19,145955
3973,0.008083,172.31.36.0-255,66,111131,19,145955
3974,0.010069,74.125.24.0-255,5738,116869,19,145955
3975,0.010077,172.31.36.0-255,66,116935,19,145955
3976,0.012028,74.125.24.0-255,5738,122673,19,145955
3977,0.012035,172.31.36.0-255,66,122739,19,145955
3978,0.014029,74.125.24.0-255,5738,128477,19,145955
3979,0.014036,172.31.36.0-255,66,128543,19,145955
3980,0.01603,74.125.24.0-255,5738,134281,19,145955
3981,0.016038,172.31.36.0-255,66,134347,19,145955
3982,0.017988,74.125.24.0-255,5738,140085,19,145955
3983,0.017996,172.31.36.0-255,66,140151,19,145955
3984,0.01994,74.125.24.0-255,5738,145889,19,145955
3985,0.019946,172.31.36.0-255,66,145955,19,145955
3986,0.0,172.217.194.0-255,154,154,19,229607
3987,2.3e-05,172.31.36.0-255,66,220,19,229607
3988,4.9e-05,172.217.194.0-255,1484,1704,19,229607
3989,5.4e-05,172.31.36.0-255,66,1770,19,229607
3990,6e-05,172.217.194.0-255,2902,4672,19,229607
3991,6.4e-05,172.31.36.0-255,66,4738,19,229607
3992,6.8e-05,172.217.194.0-255,2902,7640,19,229607
3993,7.1e-05,172.31.36.0-255,66,7706,19,229607
3994,8.7e-05,172.217.194.0-255,1484,9190,19,229607
3995,9e-05,172.31.36.0-255,66,9256,19,229607
3996,0.000115,172.217.194.0-255,4938,14194,19,229607
3997,0.000119,172.31.36.0-255,66,14260,19,229607
3998,0.00013,172.217.194.0-255,7156,21416,19,229607
3999,0.000133,172.31.36.0-255,66,21482,19,229607
4000,0.000136,172.217.194.0-255,1484,22966,19,229607
4001,0.000138,172.31.36.0-255,66,23032,19,229607
4002,0.000185,172.31.36.0-255,66,23098,19,229607
4003,0.000239,172.217.194.0-255,10692,33790,19,229607
4004,0.000242,172.31.36.0-255,66,33856,19,229607
4005,0.000282,172.217.194.0-255,5738,39594,19,229607
4006,0.000285,172.31.36.0-255,66,39660,19,229607
4007,0.000314,172.217.194.0-255,5738,45398,19,229607
4008,0.000317,172.31.36.0-255,66,45464,19,229607
4009,0.000344,172.217.194.0-255,2902,48366,19,229607
4010,0.000348,172.31.36.0-255,66,48432,19,229607
4011,0.000378,172.217.194.0-255,2543,50975,19,229607
4012,0.00038,172.31.36.0-255,66,51041,19,229607
4013,0.000383,172.217.194.0-255,363,51404,19,229607
4014,0.000385,172.31.36.0-255,66,51470,19,229607
4015,0.000719,172.217.194.0-255,379,51849,19,229607
4016,0.000727,172.31.36.0-255,66,51915,19,229607
4017,0.000994,172.217.194.0-255,1484,53399,19,229607
4018,0.001002,172.217.194.0-255,2902,56301,19,229607
4019,0.001005,172.31.36.0-255,66,56367,19,229607
4020,0.001036,172.217.194.0-255,5738,62105,19,229607
4021,0.001039,172.31.36.0-255,66,62171,19,229607
4022,0.001047,172.217.194.0-255,5738,67909,19,229607
4023,0.00105,172.31.36.0-255,66,67975,19,229607
4024,0.00107,172.217.194.0-255,4320,72295,19,229607
4025,0.001077,172.31.36.0-255,66,72361,19,229607
4026,0.001081,172.217.194.0-255,2902,75263,19,229607
4027,0.001084,172.31.36.0-255,66,75329,19,229607
4028,0.00112,172.217.194.0-255,10144,85473,19,229607
4029,0.001123,172.31.36.0-255,66,85539,19,229607
4030,0.001164,172.217.194.0-255,1484,87023,19,229607
4031,0.001168,172.217.194.0-255,1484,88507,19,229607
4032,0.001171,172.31.36.0-255,66,88573,19,229607
4033,0.00119,172.217.194.0-255,1484,90057,19,229607
4034,0.001197,172.217.194.0-255,5738,95795,19,229607
4035,0.001199,172.31.36.0-255,66,95861,19,229607
4036,0.001268,172.31.36.0-255,66,95927,19,229607
4037,0.001297,172.217.194.0-255,4320,100247,19,229607
4038,0.001299,172.31.36.0-255,66,100313,19,229607
4039,0.001329,172.217.194.0-255,6438,106751,19,229607
4040,0.001331,172.31.36.0-255,66,106817,19,229607
4041,0.001612,172.217.194.0-255,1484,108301,19,229607
4042,0.001618,172.217.194.0-255,2902,111203,19,229607
4043,0.001622,172.31.36.0-255,66,111269,19,229607
4044,0.001629,172.217.194.0-255,5738,117007,19,229607
4045,0.001631,172.31.36.0-255,66,117073,19,229607
4046,0.001658,172.217.194.0-255,7156,124229,19,229607
4047,0.00166,172.31.36.0-255,66,124295,19,229607
4048,0.001715,172.31.36.0-255,66,124361,19,229607
4049,0.001727,172.217.194.0-255,1484,125845,19,229607
4050,0.001758,172.217.194.0-255,2184,128029,19,229607
4051,0.00176,172.31.36.0-255,66,128095,19,229607
4052,0.001788,172.217.194.0-255,2902,130997,19,229607
4053,0.00179,172.31.36.0-255,66,131063,19,229607
4054,0.001797,172.217.194.0-255,7156,138219,19,229607
4055,0.0018,172.31.36.0-255,66,138285,19,229607
4056,0.001827,172.217.194.0-255,4320,142605,19,229607
4057,0.001829,172.31.36.0-255,66,142671,19,229607
4058,0.001856,172.217.194.0-255,2902,145573,19,229607
4059,0.001859,172.31.36.0-255,66,145639,19,229607
4060,0.001864,172.217.194.0-255,2902,148541,19,229607
4061,0.001866,172.31.36.0-255,66,148607,19,229607
4062,0.00191,172.31.36.0-255,66,148673,19,229607
4063,0.001957,172.217.194.0-255,4320,152993,19,229607
4064,0.001961,172.31.36.0-255,66,153059,19,229607
4065,0.002005,172.31.36.0-255,66,153125,19,229607
4066,0.0021,172.217.194.0-255,2902,156027,19,229607
4067,0.002104,172.31.36.0-255,66,156093,19,229607
4068,0.002133,172.217.194.0-255,5020,161113,19,229607
4069,0.002137,172.31.36.0-255,66,161179,19,229607
4070,0.002173,172.217.194.0-255,5738,166917,19,229607
4071,0.002177,172.31.36.0-255,66,166983,19,229607
4072,0.002197,172.217.194.0-255,7156,174139,19,229607
4073,0.0022,172.31.36.0-255,66,174205,19,229607
4074,0.002204,172.217.194.0-255,2902,177107,19,229607
4075,0.002207,172.31.36.0-255,66,177173,19,229607
4076,0.002277,172.31.36.0-255,66,177239,19,229607
4077,0.002337,172.217.194.0-255,7156,184395,19,229607
4078,0.002342,172.31.36.0-255,66,184461,19,229607
4079,0.002401,172.31.36.0-255,66,184527,19,229607
4080,0.002554,172.217.194.0-255,4320,188847,19,229607
4081,0.002559,172.31.36.0-255,66,188913,19,229607
4082,0.002614,172.31.36.0-255,66,188979,19,229607
4083,0.00488,172.217.194.0-255,5738,194717,19,229607
4084,0.004888,172.31.36.0-255,66,194783,19,229607
4085,0.007205,172.217.194.0-255,5738,200521,19,229607
4086,0.007209,172.31.36.0-255,66,200587,19,229607
4087,0.009456,172.217.194.0-255,5738,206325,19,229607
4088,0.009461,172.31.36.0-255,66,206391,19,229607
4089,0.011715,172.217.194.0-255,5738,212129,19,229607
4090,0.011723,172.31.36.0-255,66,212195,19,229607
4091,0.013975,172.217.194.0-255,5738,217933,19,229607
4092,0.013984,172.31.36.0-255,66,217999,19,229607
4093,0.01625,172.217.194.0-255,5738,223737,19,229607
4094,0.016263,172.31.36.0-255,66,223803,19,229607
4095,0.018554,172.217.194.0-255,5738,229541,19,229607
4096,0.018567,172.31.36.0-255,66,229607,19,229607
4097,0.0,74.125.24.0-255,296,296,19,220004
4098,2.2e-05,172.31.36.0-255,66,362,19,220004
4099,2.8e-05,74.125.24.0-255,1484,1846,19,220004
4100,3.2e-05,172.31.36.0-255,66,1912,19,220004
4101,3.8e-05,74.125.24.0-255,4320,6232,19,220004
4102,4.1e-05,172.31.36.0-255,66,6298,19,220004
4103,4.6e-05,74.125.24.0-255,4320,10618,19,220004
4104,4.8e-05,172.31.36.0-255,66,10684,19,220004
4105,7e-05,172.31.36.0-255,66,10750,19,220004
4106,7.7e-05,74.125.24.0-255,6797,17547,19,220004
4107,8e-05,172.31.36.0-255,66,17613,19,220004
4108,0.000192,74.125.24.0-255,1484,19097,19,220004
4109,0.000195,172.31.36.0-255,66,19163,19,220004
4110,0.000198,74.125.24.0-255,1484,20647,19,220004
4111,0.0002,172.31.36.0-255,66,20713,19,220004
4112,0.000221,74.125.24.0-255,1484,22197,19,220004
4113,0.000226,172.31.36.0-255,66,22263,19,220004
4114,0.000233,74.125.24.0-255,5738,28001,19,220004
4115,0.000235,172.31.36.0-255,66,28067,19,220004
4116,0.000241,74.125.24.0-255,5738,33805,19,220004
4117,0.000243,172.31.36.0-255,66,33871,19,220004
4118,0.000283,74.125.24.0-255,8215,42086,19,220004
4119,0.000286,172.31.36.0-255,66,42152,19,220004
4120,0.000295,74.125.24.0-255,9908,52060,19,220004
4121,0.000297,172.31.36.0-255,66,52126,19,220004
4122,0.000304,74.125.24.0-255,382,52508,19,220004
4123,0.000306,172.31.36.0-255,66,52574,19,220004
4124,0.000418,74.125.24.0-255,1484,54058,19,220004
4125,0.000422,172.31.36.0-255,66,54124,19,220004
4126,0.000426,74.125.24.0-255,2902,57026,19,220004
4127,0.000428,172.31.36.0-255,66,57092,19,220004
4128,0.000432,74.125.24.0-255,2902,59994,19,220004
4129,0.000434,172.31.36.0-255,66,60060,19,220004
4130,0.000467,74.125.24.0-255,2902,62962,19,220004
4131,0.000469,172.31.36.0-255,66,63028,19,220004
4132,0.000486,172.31.36.0-255,66,63094,19,220004
4133,0.00051,74.125.24.0-255,4320,67414,19,220004
4134,0.000512,172.31.36.0-255,66,67480,19,220004
4135,0.000538,74.125.24.0-255,5379,72859,19,220004
4136,0.00054,172.31.36.0-255,66,72925,19,220004
4137,0.00073,74.125.24.0-255,1484,74409,19,220004
4138,0.000738,74.125.24.0-255,2902,77311,19,220004
4139,0.00074,172.31.36.0-255,66,77377,19,220004
4140,0.000746,74.125.24.0-255,4320,81697,19,220004
4141,0.000747,172.31.36.0-255,66,81763,19,220004
4142,0.000782,74.125.24.0-255,1484,83247,19,220004
4143,0.000791,74.125.24.0-255,9992,93239,19,220004
4144,0.000794,172.31.36.0-255,66,93305,19,220004
4145,0.000828,172.31.36.0-255,66,93371,19,220004
4146,0.000852,74.125.24.0-255,2184,95555,19,220004
4147,0.000854,172.31.36.0-255,66,95621,19,220004
4148,0.000868,172.31.36.0-255,66,95687,19,220004
4149,0.000882,74.125.24.0-255,7156,102843,19,220004
4150,0.000885,172.31.36.0-255,66,102909,19,220004
4151,0.000941,172.31.36.0-255,66,102975,19,220004
4152,0.001324,74.125.24.0-255,1484,104459,19,220004
4153,0.001332,74.125.24.0-255,2902,107361,19,220004
4154,0.001335,172.31.36.0-255,66,107427,19,220004
4155,0.001383,74.125.24.0-255,5738,113165,19,220004
4156,0.001386,172.31.36.0-255,66,113231,19,220004
4157,0.0014,172.31.36.0-255,66,113297,19,220004
4158,0.001405,74.125.24.0-255,4320,117617,19,220004
4159,0.001408,172.31.36.0-255,66,117683,19,220004
4160,0.001443,74.125.24.0-255,6438,124121,19,220004
4161,0.001445,172.31.36.0-255,66,124187,19,220004
4162,0.001479,74.125.24.0-255,5738,129925,19,220004
4163,0.001482,172.31.36.0-255,66,129991,19,220004
4164,0.0015,74.125.24.0-255,1484,131475,19,220004
4165,0.001507,74.125.24.0-255,5738,137213,19,220004
4166,0.00151,172.31.36.0-255,66,137279,19,220004
4167,0.001552,74.125.24.0-255,9992,147271,19,220004
4168,0.001555,172.31.36.0-255,66,147337,19,220004
4169,0.001586,74.125.24.0-255,4320,151657,19,220004
4170,0.001589,172.31.36.0-255,66,151723,19,220004
4171,0.001596,74.125.24.0-255,6438,158161,19,220004
4172,0.001599,172.31.36.0-255,66,158227,19,220004
4173,0.001606,74.125.24.0-255,1484,159711,19,220004
4174,0.001627,74.125.24.0-255,2902,162613,19,220004
4175,0.00163,172.31.36.0-255,66,162679,19,220004
4176,0.001636,74.125.24.0-255,5738,168417,19,220004
4177,0.001639,172.31.36.0-255,66,168483,19,220004
4178,0.00165,74.125.24.0-255,5738,174221,19,220004
4179,0.001652,172.31.36.0-255,66,174287,19,220004
4180,0.001662,74.125.24.0-255,4320,178607,19,220004
4181,0.001665,172.31.36.0-255,66,178673,19,220004
4182,0.001695,74.125.24.0-255,8574,187247,19,220004
4183,0.001699,172.31.36.0-255,66,187313,19,220004
4184,0.001705,74.125.24.0-255,5020,192333,19,220004
4185,0.001707,172.31.36.0-255,66,192399,19,220004
4186,0.001737,74.125.24.0-255,5738,198137,19,220004
4187,0.00174,172.31.36.0-255,66,198203,19,220004
4188,0.001758,172.31.36.0-255,66,198269,19,220004
4189,0.001828,172.31.36.0-255,66,198335,19,220004
4190,0.001835,74.125.24.0-255,5738,204073,19,220004
4191,0.001838,172.31.36.0-255,66,204139,19,220004
4192,0.001853,172.31.36.0-255,66,204205,19,220004
4193,0.0019,172.31.36.0-255,66,204271,19,220004
4194,0.001915,172.31.36.0-255,66,204337,19,220004
4195,0.001933,172.31.36.0-255,66,204403,19,220004
4196,0.001949,74.125.24.0-255,5020,209423,19,220004
4197,0.001951,172.31.36.0-255,66,209489,19,220004
4198,0.001974,172.31.36.0-255,66,209555,19,220004
4199,0.002004,74.125.24.0-255,4320,213875,19,220004
4200,0.002006,172.31.36.0-255,66,213941,19,220004
4201,0.002013,74.125.24.0-255,5655,219596,19,220004
4202,0.002016,172.31.36.0-255,66,219662,19,220004
4203,0.002043,74.125.24.0-255,105,219767,19,220004
4204,0.010626,172.31.36.0-255,66,219833,19,220004
4205,0.010671,172.31.36.0-255,105,219938,19,220004
4206,0.012908,74.125.24.0-255,66,220004,19,220004
4207,0.0,74.125.68.0-255,153,153,19,313275
4208,2.9e-05,172.31.36.0-255,66,219,19,313275
4209,3.4e-05,74.125.68.0-255,1484,1703,19,313275
4210,3.8e-05,172.31.36.0-255,66,1769,19,313275
4211,6.4e-05,74.125.68.0-255,2902,4671,19,313275
4212,6.7e-05,172.31.36.0-255,66,4737,19,313275
4213,7.5e-05,74.125.68.0-255,4320,9057,19,313275
4214,7.8e-05,172.31.36.0-255,66,9123,19,313275
4215,0.000105,74.125.68.0-255,4811,13934,19,313275
4216,0.000107,172.31.36.0-255,66,14000,19,313275
4217,0.000208,74.125.68.0-255,1484,15484,19,313275
4218,0.000212,172.31.36.0-255,66,15550,19,313275
4219,0.000217,74.125.68.0-255,2902,18452,19,313275
4220,0.000218,172.31.36.0-255,66,18518,19,313275
4221,0.000247,74.125.68.0-255,5738,24256,19,313275
4222,0.000251,172.31.36.0-255,66,24322,19,313275
4223,0.000284,74.125.68.0-255,6797,31119,19,313275
4224,0.000287,172.31.36.0-255,66,31185,19,313275
4225,0.000369,74.125.68.0-255,1484,32669,19,313275
4226,0.000372,172.31.36.0-255,66,32735,19,313275
4227,0.000377,74.125.68.0-255,2902,35637,19,313275
4228,0.000381,172.31.36.0-255,66,35703,19,313275
4229,0.000401,74.125.68.0-255,4320,40023,19,313275
4230,0.000403,172.31.36.0-255,66,40089,19,313275
4231,0.000409,74.125.68.0-255,5738,45827,19,313275
4232,0.000411,172.31.36.0-255,66,45893,19,313275
4233,0.000453,74.125.68.0-255,4320,50213,19,313275
4234,0.000458,172.31.36.0-255,66,50279,19,313275
4235,0.000475,74.125.68.0-255,6797,57076,19,313275
4236,0.000478,172.31.36.0-255,66,57142,19,313275
4237,0.000516,74.125.68.0-255,2902,60044,19,313275
4238,0.000519,172.31.36.0-255,66,60110,19,313275
4239,0.00055,74.125.68.0-255,5711,65821,19,313275
4240,0.000554,172.31.36.0-255,66,65887,19,313275
4241,0.000557,74.125.68.0-255,110,65997,19,313275
4242,0.00056,74.125.68.0-255,332,66329,19,313275
4243,0.000684,172.31.36.0-255,66,66395,19,313275
4244,0.000741,74.125.68.0-255,1484,67879,19,313275
4245,0.000748,74.125.68.0-255,1484,69363,19,313275
4246,0.000751,172.31.36.0-255,66,69429,19,313275
4247,0.000774,74.125.68.0-255,1484,70913,19,313275
4248,0.00078,74.125.68.0-255,5738,76651,19,313275
4249,0.000783,172.31.36.0-255,66,76717,19,313275
4250,0.000831,74.125.68.0-255,4320,81037,19,313275
4251,0.000835,172.31.36.0-255,66,81103,19,313275
4252,0.000861,74.125.68.0-255,8574,89677,19,313275
4253,0.000865,172.31.36.0-255,66,89743,19,313275
4254,0.000871,74.125.68.0-255,5738,95481,19,313275
4255,0.000873,172.31.36.0-255,66,95547,19,313275
4256,0.000904,74.125.68.0-255,5020,100567,19,313275
4257,0.000907,172.31.36.0-255,66,100633,19,313275
4258,0.001038,74.125.68.0-255,1484,102117,19,313275
4259,0.001045,74.125.68.0-255,2902,105019,19,313275
4260,0.001048,172.31.36.0-255,66,105085,19,313275
4261,0.001081,74.125.68.0-255,4320,109405,19,313275
4262,0.001084,172.31.36.0-255,66,109471,19,313275
4263,0.00109,74.125.68.0-255,5738,115209,19,313275
4264,0.001092,172.31.36.0-255,66,115275,19,313275
4265,0.001105,74.125.68.0-255,1484,116759,19,313275
4266,0.00113,74.125.68.0-255,9992,126751,19,313275
4267,0.001132,172.31.36.0-255,66,126817,19,313275
4268,0.001195,74.125.68.0-255,4320,131137,19,313275
4269,0.001198,172.31.36.0-255,66,131203,19,313275
4270,0.001228,74.125.68.0-255,3602,134805,19,313275
4271,0.00123,172.31.36.0-255,66,134871,19,313275
4272,0.001251,74.125.68.0-255,1484,136355,19,313275
4273,0.001256,74.125.68.0-255,2902,139257,19,313275
4274,0.001258,172.31.36.0-255,66,139323,19,313275
4275,0.001283,74.125.68.0-255,2902,142225,19,313275
4276,0.001285,172.31.36.0-255,66,142291,19,313275
4277,0.00132,74.125.68.0-255,4320,146611,19,313275
4278,0.001322,172.31.36.0-255,66,146677,19,313275
4279,0.001329,74.125.68.0-255,8574,155251,19,313275
4280,0.001331,172.31.36.0-255,66,155317,19,313275
4281,0.001368,74.125.68.0-255,4320,159637,19,313275
4282,0.001371,172.31.36.0-255,66,159703,19,313275
4283,0.001398,74.125.68.0-255,2902,162605,19,313275
4284,0.0014,172.31.36.0-255,66,162671,19,313275
4285,0.001441,74.125.68.0-255,2902,165573,19,313275
4286,0.001444,172.31.36.0-255,66,165639,19,313275
4287,0.001471,74.125.68.0-255,3602,169241,19,313275
4288,0.001474,172.31.36.0-255,66,169307,19,313275
4289,0.00148,74.125.68.0-255,7156,176463,19,313275
4290,0.001482,172.31.36.0-255,66,176529,19,313275
4291,0.001503,74.125.68.0-255,2902,179431,19,313275
4292,0.001505,172.31.36.0-255,66,179497,19,313275
4293,0.001527,74.125.68.0-255,1484,180981,19,313275
4294,0.001541,74.125.68.0-255,5738,186719,19,313275
4295,0.001544,172.31.36.0-255,66,186785,19,313275
4296,0.001576,74.125.68.0-255,2902,189687,19,313275
4297,0.001578,172.31.36.0-255,66,189753,19,313275
4298,0.00161,74.125.68.0-255,8574,198327,19,313275
4299,0.001623,74.125.68.0-255,1484,199811,19,313275
4300,0.001639,74.125.68.0-255,3602,203413,19,313275
4301,0.001933,74.125.68.0-255,1484,204897,19,313275
4302,0.001949,74.125.68.0-255,2902,207799,19,313275
4303,0.001968,74.125.68.0-255,4320,212119,19,313275
4304,0.001991,74.125.68.0-255,7156,219275,19,313275
4305,0.002009,74.125.68.0-255,1484,220759,19,313275
4306,0.002021,74.125.68.0-255,2902,223661,19,313275
4307,0.002037,74.125.68.0-255,2902,226563,19,313275
4308,0.002074,74.125.68.0-255,4320,230883,19,313275
4309,0.002087,74.125.68.0-255,2902,233785,19,313275
4310,0.002112,74.125.68.0-255,5020,238805,19,313275
4311,0.002137,74.125.68.0-255,4320,243125,19,313275
4312,0.002153,74.125.68.0-255,4320,247445,19,313275
4313,0.002193,74.125.68.0-255,5738,253183,19,313275
4314,0.002234,74.125.68.0-255,5738,258921,19,313275
4315,0.002277,74.125.68.0-255,4320,263241,19,313275
4316,0.002303,74.125.68.0-255,7856,271097,19,313275
4317,0.002354,74.125.68.0-255,1484,272581,19,313275
4318,0.002895,172.31.36.0-255,66,272647,19,313275
4319,0.005144,74.125.68.0-255,5738,278385,19,313275
4320,0.00515,172.31.36.0-255,66,278451,19,313275
4321,0.00735,74.125.68.0-255,5738,284189,19,313275
4322,0.007355,172.31.36.0-255,66,284255,19,313275
4323,0.009564,74.125.68.0-255,5738,289993,19,313275
4324,0.009571,172.31.36.0-255,66,290059,19,313275
4325,0.011791,74.125.68.0-255,5738,295797,19,313275
4326,0.011802,172.31.36.0-255,66,295863,19,313275
4327,0.014028,74.125.68.0-255,5738,301601,19,313275
4328,0.014041,172.31.36.0-255,66,301667,19,313275
4329,0.016267,74.125.68.0-255,5738,307405,19,313275
4330,0.016286,172.31.36.0-255,66,307471,19,313275
4331,0.018499,74.125.68.0-255,5738,313209,19,313275
4332,0.018513,172.31.36.0-255,66,313275,19,313275
4333,0.0,172.217.24.0-255,153,153,19,125209
4334,3.6e-05,172.31.36.0-255,66,219,19,125209
4335,4.4e-05,172.217.24.0-255,1484,1703,19,125209
4336,4.8e-05,172.31.36.0-255,66,1769,19,125209
4337,5.3e-05,172.217.24.0-255,2902,4671,19,125209
4338,6.4e-05,172.31.36.0-255,66,4737,19,125209
4339,7.1e-05,172.217.24.0-255,5738,10475,19,125209
4340,7.4e-05,172.31.36.0-255,66,10541,19,125209
4341,9.3e-05,172.217.24.0-255,3422,13963,19,125209
4342,9.7e-05,172.31.36.0-255,66,14029,19,125209
4343,0.000538,172.217.24.0-255,1484,15513,19,125209
4344,0.000545,172.31.36.0-255,66,15579,19,125209
4345,0.000558,172.217.24.0-255,2902,18481,19,125209
4346,0.000567,172.31.36.0-255,66,18547,19,125209
4347,0.000575,172.217.24.0-255,5738,24285,19,125209
4348,0.000577,172.31.36.0-255,66,24351,19,125209
4349,0.000584,172.217.24.0-255,6797,31148,19,125209
4350,0.000587,172.31.36.0-255,66,31214,19,125209
4351,0.000631,172.31.36.0-255,66,31280,19,125209
4352,0.00064,172.217.24.0-255,9992,41272,19,125209
4353,0.000644,172.31.36.0-255,66,41338,19,125209
4354,0.00068,172.217.24.0-255,4320,45658,19,125209
4355,0.000684,172.31.36.0-255,66,45724,19,125209
4356,0.000715,172.217.24.0-255,5020,50744,19,125209
4357,0.000719,172.31.36.0-255,66,50810,19,125209
4358,0.000722,172.217.24.0-255,358,51168,19,125209
4359,0.000724,172.31.36.0-255,66,51234,19,125209
4360,0.001438,172.217.24.0-255,131,51365,19,125209
4361,0.001444,172.31.36.0-255,66,51431,19,125209
4362,0.001587,172.217.24.0-255,1484,52915,19,125209
4363,0.001592,172.31.36.0-255,66,52981,19,125209
4364,0.001599,172.217.24.0-255,2902,55883,19,125209
4365,0.001601,172.31.36.0-255,66,55949,19,125209
4366,0.001607,172.217.24.0-255,5738,61687,19,125209
4367,0.001614,172.31.36.0-255,66,61753,19,125209
4368,0.001632,172.217.24.0-255,1484,63237,19,125209
4369,0.001667,172.31.36.0-255,66,63303,19,125209
4370,0.001676,172.217.24.0-255,8574,71877,19,125209
4371,0.001677,172.31.36.0-255,66,71943,19,125209
4372,0.001707,172.217.24.0-255,2184,74127,19,125209
4373,0.00171,172.31.36.0-255,66,74193,19,125209
4374,0.003601,172.217.24.0-255,2902,77095,19,125209
4375,0.003606,172.31.36.0-255,66,77161,19,125209
4376,0.003635,172.217.24.0-255,2902,80063,19,125209
4377,0.003638,172.31.36.0-255,66,80129,19,125209
4378,0.00555,172.217.24.0-255,4320,84449,19,125209
4379,0.005555,172.31.36.0-255,66,84515,19,125209
4380,0.005578,172.217.24.0-255,1484,85999,19,125209
4381,0.007497,172.217.24.0-255,4320,90319,19,125209
4382,0.007504,172.31.36.0-255,66,90385,19,125209
4383,0.009447,172.217.24.0-255,5738,96123,19,125209
4384,0.009459,172.31.36.0-255,66,96189,19,125209
4385,0.011413,172.217.24.0-255,5738,101927,19,125209
4386,0.011423,172.31.36.0-255,66,101993,19,125209
4387,0.013378,172.217.24.0-255,5738,107731,19,125209
4388,0.013393,172.31.36.0-255,66,107797,19,125209
4389,0.015342,172.217.24.0-255,5738,113535,19,125209
4390,0.015353,172.31.36.0-255,66,113601,19,125209
4391,0.017299,172.217.24.0-255,5738,119339,19,125209
4392,0.017308,172.31.36.0-255,66,119405,19,125209
4393,0.019308,172.217.24.0-255,5738,125143,19,125209
4394,0.019315,172.31.36.0-255,66,125209,19,125209
4395,0.0,74.125.68.0-255,153,153,19,152446
4396,2.7e-05,172.31.36.0-255,66,219,19,152446
4397,3.2e-05,74.125.68.0-255,1484,1703,19,152446
4398,3.7e-05,172.31.36.0-255,66,1769,19,152446
4399,6.1e-05,74.125.68.0-255,1484,3253,19,152446
4400,6.3e-05,172.31.36.0-255,66,3319,19,152446
4401,6.8e-05,74.125.68.0-255,2902,6221,19,152446
4402,7e-05,172.31.36.0-255,66,6287,19,152446
4403,0.0001,74.125.68.0-255,2902,9189,19,152446
4404,0.000103,172.31.36.0-255,66,9255,19,152446
4405,0.00012,74.125.68.0-255,2902,12157,19,152446
4406,0.000123,172.31.36.0-255,66,12223,19,152446
4407,0.000127,74.125.68.0-255,2001,14224,19,152446
4408,0.000129,172.31.36.0-255,66,14290,19,152446
4409,0.000133,74.125.68.0-255,2902,17192,19,152446
4410,0.000135,172.31.36.0-255,66,17258,19,152446
4411,0.000142,74.125.68.0-255,7156,24414,19,152446
4412,0.000145,172.31.36.0-255,66,24480,19,152446
4413,0.000149,74.125.68.0-255,2902,27382,19,152446
4414,0.000151,172.31.36.0-255,66,27448,19,152446
4415,0.000174,74.125.68.0-255,3961,31409,19,152446
4416,0.000177,172.31.36.0-255,66,31475,19,152446
4417,0.000549,74.125.68.0-255,1484,32959,19,152446
4418,0.000554,172.31.36.0-255,66,33025,19,152446
4419,0.000562,74.125.68.0-255,2902,35927,19,152446
4420,0.000565,172.31.36.0-255,66,35993,19,152446
4421,0.000578,74.125.68.0-255,1484,37477,19,152446
4422,0.00058,172.31.36.0-255,66,37543,19,152446
4423,0.000593,74.125.68.0-255,4320,41863,19,152446
4424,0.000595,172.31.36.0-255,66,41929,19,152446
4425,0.0006,74.125.68.0-255,2902,44831,19,152446
4426,0.000602,172.31.36.0-255,66,44897,19,152446
4427,0.000623,74.125.68.0-255,1484,46381,19,152446
4428,0.000646,74.125.68.0-255,5379,51760,19,152446
4429,0.000649,172.31.36.0-255,66,51826,19,152446
4430,0.000675,74.125.68.0-255,5738,57564,19,152446
4431,0.000678,172.31.36.0-255,66,57630,19,152446
4432,0.000685,74.125.68.0-255,7156,64786,19,152446
4433,0.000687,172.31.36.0-255,66,64852,19,152446
4434,0.000712,74.125.68.0-255,1436,66288,19,152446
4435,0.00073,74.125.68.0-255,111,66399,19,152446
4436,0.00075,74.125.68.0-255,331,66730,19,152446
4437,0.000754,172.31.36.0-255,66,66796,19,152446
4438,0.001063,74.125.68.0-255,1484,68280,19,152446
4439,0.001095,74.125.68.0-255,2902,71182,19,152446
4440,0.001103,172.31.36.0-255,66,71248,19,152446
4441,0.001122,74.125.68.0-255,1484,72732,19,152446
4442,0.001135,74.125.68.0-255,4320,77052,19,152446
4443,0.001137,172.31.36.0-255,66,77118,19,152446
4444,0.00114,74.125.68.0-255,1484,78602,19,152446
4445,0.001162,74.125.68.0-255,2902,81504,19,152446
4446,0.001164,172.31.36.0-255,66,81570,19,152446
4447,0.001186,74.125.68.0-255,2902,84472,19,152446
4448,0.001188,172.31.36.0-255,66,84538,19,152446
4449,0.001202,74.125.68.0-255,2902,87440,19,152446
4450,0.001204,172.31.36.0-255,66,87506,19,152446
4451,0.001206,74.125.68.0-255,1484,88990,19,152446
4452,0.001212,74.125.68.0-255,2902,91892,19,152446
4453,0.001214,172.31.36.0-255,66,91958,19,152446
4454,0.001244,74.125.68.0-255,5738,97696,19,152446
4455,0.001246,172.31.36.0-255,66,97762,19,152446
4456,0.001248,74.125.68.0-255,1484,99246,19,152446
4457,0.001252,74.125.68.0-255,2184,101430,19,152446
4458,0.001254,172.31.36.0-255,66,101496,19,152446
4459,0.003205,74.125.68.0-255,1484,102980,19,152446
4460,0.003234,74.125.68.0-255,4320,107300,19,152446
4461,0.003238,172.31.36.0-255,66,107366,19,152446
4462,0.005202,74.125.68.0-255,5738,113104,19,152446
4463,0.005207,172.31.36.0-255,66,113170,19,152446
4464,0.007174,74.125.68.0-255,5738,118908,19,152446
4465,0.007181,172.31.36.0-255,66,118974,19,152446
4466,0.009157,74.125.68.0-255,5738,124712,19,152446
4467,0.009165,172.31.36.0-255,66,124778,19,152446
4468,0.011139,74.125.68.0-255,5738,130516,19,152446
4469,0.011146,172.31.36.0-255,66,130582,19,152446
4470,0.013136,74.125.68.0-255,4320,134902,19,152446
4471,0.013143,172.31.36.0-255,66,134968,19,152446
4472,0.013174,74.125.68.0-255,1484,136452,19,152446
4473,0.015123,74.125.68.0-255,4320,140772,19,152446
4474,0.015135,172.31.36.0-255,66,140838,19,152446
4475,0.017112,74.125.68.0-255,5738,146576,19,152446
4476,0.01712,172.31.36.0-255,66,146642,19,152446
4477,0.019111,74.125.68.0-255,5738,152380,19,152446
4478,0.019119,172.31.36.0-255,66,152446,19,152446
4479,0.0,74.125.24.0-255,209,209,19,351985
4480,2.9e-05,172.31.36.0-255,66,275,19,351985
4481,3.4e-05,74.125.24.0-255,1484,1759,19,351985
4482,3.9e-05,172.31.36.0-255,66,1825,19,351985
4483,4.4e-05,74.125.24.0-255,2902,4727,19,351985
4484,4.7e-05,172.31.36.0-255,66,4793,19,351985
4485,7.3e-05,74.125.24.0-255,5738,10531,19,351985
4486,7.6e-05,172.31.36.0-255,66,10597,19,351985
4487,0.0001,74.125.24.0-255,2902,13499,19,351985
4488,0.000103,172.31.36.0-255,66,13565,19,351985
4489,0.000124,74.125.24.0-255,3273,16838,19,351985
4490,0.000127,172.31.36.0-255,66,16904,19,351985
4491,0.000136,74.125.24.0-255,7156,24060,19,351985
4492,0.000138,172.31.36.0-255,66,24126,19,351985
4493,0.000141,74.125.24.0-255,1484,25610,19,351985
4494,0.000142,172.31.36.0-255,66,25676,19,351985
4495,0.000162,74.125.24.0-255,5379,31055,19,351985
4496,0.000165,172.31.36.0-255,66,31121,19,351985
4497,0.000355,74.125.24.0-255,1484,32605,19,351985
4498,0.000361,172.31.36.0-255,66,32671,19,351985
4499,0.000365,74.125.24.0-255,1484,34155,19,351985
4500,0.000367,172.31.36.0-255,66,34221,19,351985
4501,0.000381,74.125.24.0-255,1484,35705,19,351985
4502,0.000385,172.31.36.0-255,66,35771,19,351985
4503,0.000391,74.125.24.0-255,5738,41509,19,351985
4504,0.000394,172.31.36.0-255,66,41575,19,351985
4505,0.000398,74.125.24.0-255,2902,44477,19,351985
4506,0.000401,172.31.36.0-255,66,44543,19,351985
4507,0.000444,74.125.24.0-255,2902,47445,19,351985
4508,0.000447,172.31.36.0-255,66,47511,19,351985
4509,0.000474,74.125.24.0-255,8215,55726,19,351985
4510,0.000477,172.31.36.0-255,66,55792,19,351985
4511,0.000483,74.125.24.0-255,4320,60112,19,351985
4512,0.000486,172.31.36.0-255,66,60178,19,351985
4513,0.000509,74.125.24.0-255,5379,65557,19,351985
4514,0.000512,172.31.36.0-255,66,65623,19,351985
4515,0.000569,74.125.24.0-255,645,66268,19,351985
4516,0.000715,74.125.24.0-255,1484,67752,19,351985
4517,0.000719,172.31.36.0-255,66,67818,19,351985
4518,0.000725,74.125.24.0-255,2902,70720,19,351985
4519,0.000727,172.31.36.0-255,66,70786,19,351985
4520,0.000755,74.125.24.0-255,5738,76524,19,351985
4521,0.000758,172.31.36.0-255,66,76590,19,351985
4522,0.000766,74.125.24.0-255,6797,83387,19,351985
4523,0.000768,172.31.36.0-255,66,83453,19,351985
4524,0.000813,74.125.24.0-255,1484,84937,19,351985
4525,0.000826,74.125.24.0-255,2902,87839,19,351985
4526,0.000829,172.31.36.0-255,66,87905,19,351985
4527,0.000834,74.125.24.0-255,2902,90807,19,351985
4528,0.000836,172.31.36.0-255,66,90873,19,351985
4529,0.000851,74.125.24.0-255,2902,93775,19,351985
4530,0.000856,172.31.36.0-255,66,93841,19,351985
4531,0.000866,74.125.24.0-255,6797,100638,19,351985
4532,0.000869,172.31.36.0-255,66,100704,19,351985
4533,0.001905,74.125.24.0-255,1484,102188,19,351985
4534,0.001914,74.125.24.0-255,2902,105090,19,351985
4535,0.001919,172.31.36.0-255,66,105156,19,351985
4536,0.001926,74.125.24.0-255,4320,109476,19,351985
4537,0.001929,172.31.36.0-255,66,109542,19,351985
4538,0.001944,74.125.24.0-255,1484,111026,19,351985
4539,0.00197,74.125.24.0-255,2902,113928,19,351985
4540,0.001973,172.31.36.0-255,66,113994,19,351985
4541,0.001997,74.125.24.0-255,7156,121150,19,351985
4542,0.001999,172.31.36.0-255,66,121216,19,351985
4543,0.002019,74.125.24.0-255,2902,124118,19,351985
4544,0.002022,172.31.36.0-255,66,124184,19,351985
4545,0.002029,74.125.24.0-255,7156,131340,19,351985
4546,0.002031,172.31.36.0-255,66,131406,19,351985
4547,0.002037,74.125.24.0-255,4320,135726,19,351985
4548,0.002039,172.31.36.0-255,66,135792,19,351985
4549,0.002064,172.31.36.0-255,66,135858,19,351985
4550,0.002072,74.125.24.0-255,8574,144432,19,351985
4551,0.002074,172.31.36.0-255,66,144498,19,351985
4552,0.002101,74.125.24.0-255,8574,153072,19,351985
4553,0.002104,172.31.36.0-255,66,153138,19,351985
4554,0.00211,74.125.24.0-255,3602,156740,19,351985
4555,0.002112,172.31.36.0-255,66,156806,19,351985
4556,0.002115,74.125.24.0-255,1484,158290,19,351985
4557,0.002144,74.125.24.0-255,2902,161192,19,351985
4558,0.002146,172.31.36.0-255,66,161258,19,351985
4559,0.002151,74.125.24.0-255,4320,165578,19,351985
4560,0.002154,172.31.36.0-255,66,165644,19,351985
4561,0.002168,74.125.24.0-255,1484,167128,19,351985
4562,0.002171,74.125.24.0-255,1484,168612,19,351985
4563,0.002173,172.31.36.0-255,66,168678,19,351985
4564,0.002208,172.31.36.0-255,66,168744,19,351985
4565,0.002213,74.125.24.0-255,4320,173064,19,351985
4566,0.002216,172.31.36.0-255,66,173130,19,351985
4567,0.00222,74.125.24.0-255,2902,176032,19,351985
4568,0.002222,172.31.36.0-255,66,176098,19,351985
4569,0.002225,74.125.24.0-255,1484,177582,19,351985
4570,0.00224,74.125.24.0-255,2184,179766,19,351985
4571,0.002243,172.31.36.0-255,66,179832,19,351985
4572,0.0023,74.125.24.0-255,1484,181316,19,351985
4573,0.002304,74.125.24.0-255,1484,182800,19,351985
4574,0.002306,172.31.36.0-255,66,182866,19,351985
4575,0.002323,74.125.24.0-255,1484,184350,19,351985
4576,0.002329,74.125.24.0-255,5738,190088,19,351985
4577,0.002332,172.31.36.0-255,66,190154,19,351985
4578,0.002337,74.125.24.0-255,4320,194474,19,351985
4579,0.002339,172.31.36.0-255,66,194540,19,351985
4580,0.002374,172.31.36.0-255,66,194606,19,351985
4581,0.002394,74.125.24.0-255,7856,202462,19,351985
4582,0.002396,172.31.36.0-255,66,202528,19,351985
4583,0.002936,74.125.24.0-255,1484,204012,19,351985
4584,0.002959,74.125.24.0-255,2902,206914,19,351985
4585,0.002961,172.31.36.0-255,66,206980,19,351985
4586,0.002964,74.125.24.0-255,1484,208464,19,351985
4587,0.002978,74.125.24.0-255,4320,212784,19,351985
4588,0.002981,172.31.36.0-255,66,212850,19,351985
4589,0.002992,74.125.24.0-255,7156,220006,19,351985
4590,0.002995,172.31.36.0-255,66,220072,19,351985
4591,0.003047,74.125.24.0-255,1484,221556,19,351985
4592,0.003067,74.125.24.0-255,8574,230130,19,351985
4593,0.00307,172.31.36.0-255,66,230196,19,351985
4594,0.003089,74.125.24.0-255,4320,234516,19,351985
4595,0.003091,172.31.36.0-255,66,234582,19,351985
4596,0.003096,74.125.24.0-255,2184,236766,19,351985
4597,0.003098,172.31.36.0-255,66,236832,19,351985
4598,0.003162,74.125.24.0-255,1484,238316,19,351985
4599,0.003173,74.125.24.0-255,2902,241218,19,351985
4600,0.003176,172.31.36.0-255,66,241284,19,351985
4601,0.00318,74.125.24.0-255,2902,244186,19,351985
4602,0.003182,172.31.36.0-255,66,244252,19,351985
4603,0.003195,74.125.24.0-255,2902,247154,19,351985
4604,0.003197,172.31.36.0-255,66,247220,19,351985
4605,0.003244,74.125.24.0-255,2902,250122,19,351985
4606,0.003246,172.31.36.0-255,66,250188,19,351985
4607,0.003264,74.125.24.0-255,9992,260180,19,351985
4608,0.003267,172.31.36.0-255,66,260246,19,351985
4609,0.003273,74.125.24.0-255,7156,267402,19,351985
4610,0.003275,172.31.36.0-255,66,267468,19,351985
4611,0.003279,74.125.24.0-255,3602,271070,19,351985
4612,0.003281,172.31.36.0-255,66,271136,19,351985
4613,0.00333,74.125.24.0-255,1484,272620,19,351985
4614,0.003346,74.125.24.0-255,2902,275522,19,351985
4615,0.003348,172.31.36.0-255,66,275588,19,351985
4616,0.003351,74.125.24.0-255,1484,277072,19,351985
4617,0.003371,74.125.24.0-255,4320,281392,19,351985
4618,0.003374,172.31.36.0-255,66,281458,19,351985
4619,0.003379,74.125.24.0-255,5738,287196,19,351985
4620,0.003381,172.31.36.0-255,66,287262,19,351985
4621,0.003403,74.125.24.0-255,7156,294418,19,351985
4622,0.003405,172.31.36.0-255,66,294484,19,351985
4623,0.003424,74.125.24.0-255,4320,298804,19,351985
4624,0.003427,172.31.36.0-255,66,298870,19,351985
4625,0.003448,74.125.24.0-255,6438,305308,19,351985
4626,0.003451,172.31.36.0-255,66,305374,19,351985
4627,0.003608,74.125.24.0-255,1484,306858,19,351985
4628,0.003621,74.125.24.0-255,2902,309760,19,351985
4629,0.003624,172.31.36.0-255,66,309826,19,351985
4630,0.003642,74.125.24.0-255,5738,315564,19,351985
4631,0.003644,172.31.36.0-255,66,315630,19,351985
4632,0.003667,74.125.24.0-255,8574,324204,19,351985
4633,0.00367,172.31.36.0-255,66,324270,19,351985
4634,0.003701,74.125.24.0-255,4320,328590,19,351985
4635,0.003703,172.31.36.0-255,66,328656,19,351985
4636,0.003712,74.125.24.0-255,10692,339348,19,351985
4637,0.003714,172.31.36.0-255,66,339414,19,351985
4638,0.003758,172.31.36.0-255,66,339480,19,351985
4639,0.003777,74.125.24.0-255,5738,345218,19,351985
4640,0.00378,172.31.36.0-255,66,345284,19,351985
4641,0.003786,74.125.24.0-255,6293,351577,19,351985
4642,0.003788,172.31.36.0-255,66,351643,19,351985
4643,0.003791,74.125.24.0-255,105,351748,19,351985
4644,0.008908,172.31.36.0-255,66,351814,19,351985
4645,0.00894,172.31.36.0-255,105,351919,19,351985
4646,0.010989,74.125.24.0-255,66,351985,19,351985
4647,0.0,172.217.194.0-255,298,298,19,235923
4648,3.2e-05,172.31.36.0-255,66,364,19,235923
4649,3.8e-05,172.217.194.0-255,1484,1848,19,235923
4650,4.2e-05,172.31.36.0-255,66,1914,19,235923
4651,4.8e-05,172.217.194.0-255,4320,6234,19,235923
4652,5.1e-05,172.31.36.0-255,66,6300,19,235923
4653,6.5e-05,172.217.194.0-255,5738,12038,19,235923
4654,6.7e-05,172.31.36.0-255,66,12104,19,235923
4655,0.0001,172.217.194.0-255,1821,13925,19,235923
4656,0.000104,172.31.36.0-255,66,13991,19,235923
4657,0.00019,172.217.194.0-255,1484,15475,19,235923
4658,0.000194,172.31.36.0-255,66,15541,19,235923
4659,0.0002,172.217.194.0-255,2902,18443,19,235923
4660,0.000203,172.31.36.0-255,66,18509,19,235923
4661,0.000215,172.217.194.0-255,5738,24247,19,235923
4662,0.000217,172.31.36.0-255,66,24313,19,235923
4663,0.00025,172.217.194.0-255,8215,32528,19,235923
4664,0.000253,172.31.36.0-255,66,32594,19,235923
4665,0.000261,172.217.194.0-255,7156,39750,19,235923
4666,0.000263,172.31.36.0-255,66,39816,19,235923
4667,0.000288,172.217.194.0-255,8574,48390,19,235923
4668,0.000292,172.31.36.0-255,66,48456,19,235923
4669,0.000295,172.217.194.0-255,1484,49940,19,235923
4670,0.000298,172.31.36.0-255,66,50006,19,235923
4671,0.000345,172.31.36.0-255,66,50072,19,235923
4672,0.000348,172.217.194.0-255,646,50718,19,235923
4673,0.00035,172.31.36.0-255,66,50784,19,235923
4674,0.000487,172.217.194.0-255,1484,52268,19,235923
4675,0.000491,172.31.36.0-255,66,52334,19,235923
4676,0.000497,172.217.194.0-255,2902,55236,19,235923
4677,0.000499,172.31.36.0-255,66,55302,19,235923
4678,0.000504,172.217.194.0-255,2902,58204,19,235923
4679,0.000515,172.31.36.0-255,66,58270,19,235923
4680,0.000533,172.217.194.0-255,2902,61172,19,235923
4681,0.000548,172.31.36.0-255,66,61238,19,235923
4682,0.000553,172.31.36.0-255,66,61304,19,235923
4683,0.000554,172.217.194.0-255,4320,65624,19,235923
4684,0.000567,172.31.36.0-255,66,65690,19,235923
4685,0.000597,172.217.194.0-255,6438,72128,19,235923
4686,0.000609,172.31.36.0-255,66,72194,19,235923
4687,0.000638,172.217.194.0-255,1484,73678,19,235923
4688,0.000643,172.217.194.0-255,2902,76580,19,235923
4689,0.000646,172.31.36.0-255,66,76646,19,235923
4690,0.000652,172.217.194.0-255,5738,82384,19,235923
4691,0.000661,172.31.36.0-255,66,82450,19,235923
4692,0.000704,172.217.194.0-255,6248,88698,19,235923
4693,0.000708,172.217.194.0-255,1484,90182,19,235923
4694,0.000715,172.31.36.0-255,66,90248,19,235923
4695,0.000726,172.217.194.0-255,5738,95986,19,235923
4696,0.000734,172.31.36.0-255,66,96052,19,235923
4697,0.000737,172.217.194.0-255,4320,100372,19,235923
4698,0.000749,172.31.36.0-255,66,100438,19,235923
4699,0.000784,172.31.36.0-255,66,100504,19,235923
4700,0.000788,172.217.194.0-255,10692,111196,19,235923
4701,0.000804,172.31.36.0-255,66,111262,19,235923
4702,0.000927,172.217.194.0-255,1484,112746,19,235923
4703,0.000931,172.217.194.0-255,1484,114230,19,235923
4704,0.000934,172.31.36.0-255,66,114296,19,235923
4705,0.000958,172.217.194.0-255,1484,115780,19,235923
4706,0.000965,172.217.194.0-255,5738,121518,19,235923
4707,0.00097,172.217.194.0-255,4320,125838,19,235923
4708,0.000973,172.31.36.0-255,66,125904,19,235923
4709,0.000978,172.31.36.0-255,66,125970,19,235923
4710,0.001002,172.217.194.0-255,2902,128872,19,235923
4711,0.001011,172.31.36.0-255,66,128938,19,235923
4712,0.001021,172.217.194.0-255,2184,131122,19,235923
4713,0.00103,172.31.36.0-255,66,131188,19,235923
4714,0.001086,172.217.194.0-255,2902,134090,19,235923
4715,0.001094,172.217.194.0-255,7156,141246,19,235923
4716,0.001094,172.31.36.0-255,66,141312,19,235923
4717,0.001101,172.31.36.0-255,66,141378,19,235923
4718,0.001114,172.31.36.0-255,66,141444,19,235923
4719,0.001149,172.31.36.0-255,66,141510,19,235923
4720,0.001541,172.217.194.0-255,1484,142994,19,235923
4721,0.001548,172.217.194.0-255,2902,145896,19,235923
4722,0.001552,172.31.36.0-255,66,145962,19,235923
4723,0.001582,172.217.194.0-255,5738,151700,19,235923
4724,0.001587,172.217.194.0-255,2902,154602,19,235923
4725,0.00159,172.31.36.0-255,66,154668,19,235923
4726,0.001595,172.31.36.0-255,66,154734,19,235923
4727,0.001604,172.217.194.0-255,7156,161890,19,235923
4728,0.001612,172.31.36.0-255,66,161956,19,235923
4729,0.001662,172.217.194.0-255,2902,164858,19,235923
4730,0.001662,172.31.36.0-255,66,164924,19,235923
4731,0.001667,172.31.36.0-255,66,164990,19,235923
4732,0.001713,172.31.36.0-255,66,165056,19,235923
4733,0.001717,172.31.36.0-255,66,165122,19,235923
4734,0.001749,172.217.194.0-255,7856,172978,19,235923
4735,0.001762,172.31.36.0-255,66,173044,19,235923
4736,0.001979,172.217.194.0-255,1484,174528,19,235923
4737,0.001996,172.217.194.0-255,2902,177430,19,235923
4738,0.002,172.31.36.0-255,66,177496,19,235923
4739,0.002007,172.217.194.0-255,5738,183234,19,235923
4740,0.002014,172.31.36.0-255,66,183300,19,235923
4741,0.002026,172.217.194.0-255,5738,189038,19,235923
4742,0.002035,172.31.36.0-255,66,189104,19,235923
4743,0.002053,172.217.194.0-255,7156,196260,19,235923
4744,0.002057,172.217.194.0-255,1484,197744,19,235923
4745,0.002059,172.31.36.0-255,66,197810,19,235923
4746,0.002087,172.217.194.0-255,4320,202130,19,235923
4747,0.00209,172.31.36.0-255,66,202196,19,235923
4748,0.002122,172.217.194.0-255,5020,207216,19,235923
4749,0.002134,172.31.36.0-255,66,207282,19,235923
4750,0.002138,172.217.194.0-255,4320,211602,19,235923
4751,0.00215,172.31.36.0-255,66,211668,19,235923
4752,0.002174,172.217.194.0-255,5738,217406,19,235923
4753,0.002187,172.31.36.0-255,66,217472,19,235923
4754,0.00223,172.31.36.0-255,66,217538,19,235923
4755,0.002234,172.217.194.0-255,5020,222558,19,235923
4756,0.002243,172.31.36.0-255,66,222624,19,235923
4757,0.002278,172.217.194.0-255,4320,226944,19,235923
4758,0.002282,172.31.36.0-255,66,227010,19,235923
4759,0.002328,172.217.194.0-255,3602,230612,19,235923
4760,0.002341,172.31.36.0-255,66,230678,19,235923
4761,0.002357,172.217.194.0-255,4837,235515,19,235923
4762,0.002366,172.31.36.0-255,66,235581,19,235923
4763,0.004563,172.217.194.0-255,105,235686,19,235923
4764,0.010774,172.31.36.0-255,66,235752,19,235923
4765,0.010814,172.31.36.0-255,105,235857,19,235923
4766,0.013022,172.217.194.0-255,66,235923,19,235923
4767,0.0,172.253.118.0-255,153,153,19,281783
4768,1.8e-05,172.31.36.0-255,66,219,19,281783
4769,4.7e-05,172.253.118.0-255,1484,1703,19,281783
4770,5.3e-05,172.31.36.0-255,66,1769,19,281783
4771,5.9e-05,172.253.118.0-255,2902,4671,19,281783
4772,6.2e-05,172.31.36.0-255,66,4737,19,281783
4773,8.4e-05,172.253.118.0-255,2902,7639,19,281783
4774,8.7e-05,172.31.36.0-255,66,7705,19,281783
4775,0.000126,172.253.118.0-255,4320,12025,19,281783
4776,0.00013,172.31.36.0-255,66,12091,19,281783
4777,0.000135,172.253.118.0-255,2077,14168,19,281783
4778,0.000137,172.31.36.0-255,66,14234,19,281783
4779,0.00015,172.31.36.0-255,66,14300,19,281783
4780,0.000156,172.253.118.0-255,4320,18620,19,281783
4781,0.000159,172.31.36.0-255,66,18686,19,281783
4782,0.000171,172.253.118.0-255,1125,19811,19,281783
4783,0.000174,172.31.36.0-255,66,19877,19,281783
4784,0.000259,172.253.118.0-255,1484,21361,19,281783
4785,0.000263,172.31.36.0-255,66,21427,19,281783
4786,0.000268,172.253.118.0-255,2902,24329,19,281783
4787,0.000271,172.31.36.0-255,66,24395,19,281783
4788,0.000305,172.253.118.0-255,2902,27297,19,281783
4789,0.000309,172.31.36.0-255,66,27363,19,281783
4790,0.000315,172.253.118.0-255,4320,31683,19,281783
4791,0.000317,172.31.36.0-255,66,31749,19,281783
4792,0.000352,172.253.118.0-255,5379,37128,19,281783
4793,0.000356,172.31.36.0-255,66,37194,19,281783
4794,0.000359,172.253.118.0-255,1484,38678,19,281783
4795,0.000361,172.31.36.0-255,66,38744,19,281783
4796,0.000384,172.253.118.0-255,4320,43064,19,281783
4797,0.000387,172.31.36.0-255,66,43130,19,281783
4798,0.000399,172.253.118.0-255,5738,48868,19,281783
4799,0.000401,172.31.36.0-255,66,48934,19,281783
4800,0.000433,172.253.118.0-255,5379,54313,19,281783
4801,0.000436,172.31.36.0-255,66,54379,19,281783
4802,0.00047,172.253.118.0-255,363,54742,19,281783
4803,0.000492,172.253.118.0-255,382,55124,19,281783
4804,0.000609,172.253.118.0-255,1484,56608,19,281783
4805,0.000615,172.31.36.0-255,66,56674,19,281783
4806,0.000621,172.253.118.0-255,2902,59576,19,281783
4807,0.000624,172.31.36.0-255,66,59642,19,281783
4808,0.000657,172.253.118.0-255,2902,62544,19,281783
4809,0.00066,172.31.36.0-255,66,62610,19,281783
4810,0.000666,172.253.118.0-255,4320,66930,19,281783
4811,0.000669,172.31.36.0-255,66,66996,19,281783
4812,0.000702,172.253.118.0-255,5379,72375,19,281783
4813,0.000705,172.31.36.0-255,66,72441,19,281783
4814,0.000841,172.253.118.0-255,1484,73925,19,281783
4815,0.000848,172.253.118.0-255,2902,76827,19,281783
4816,0.000852,172.31.36.0-255,66,76893,19,281783
4817,0.000856,172.253.118.0-255,1484,78377,19,281783
4818,0.000899,172.253.118.0-255,4320,82697,19,281783
4819,0.000903,172.31.36.0-255,66,82763,19,281783
4820,0.000911,172.253.118.0-255,6797,89560,19,281783
4821,0.000913,172.31.36.0-255,66,89626,19,281783
4822,0.00138,172.253.118.0-255,1484,91110,19,281783
4823,0.001389,172.253.118.0-255,2902,94012,19,281783
4824,0.001393,172.31.36.0-255,66,94078,19,281783
4825,0.001401,172.253.118.0-255,5738,99816,19,281783
4826,0.001403,172.31.36.0-255,66,99882,19,281783
4827,0.001449,172.31.36.0-255,66,99948,19,281783
4828,0.00146,172.253.118.0-255,10692,110640,19,281783
4829,0.001466,172.31.36.0-255,66,110706,19,281783
4830,0.001557,172.253.118.0-255,1484,112190,19,281783
4831,0.001578,172.253.118.0-255,2902,115092,19,281783
4832,0.001581,172.31.36.0-255,66,115158,19,281783
4833,0.001588,172.253.118.0-255,5738,120896,19,281783
4834,0.00159,172.31.36.0-255,66,120962,19,281783
4835,0.001601,172.253.118.0-255,5738,126700,19,281783
4836,0.001604,172.31.36.0-255,66,126766,19,281783
4837,0.001607,172.253.118.0-255,1484,128250,19,281783
4838,0.001655,172.31.36.0-255,66,128316,19,281783
4839,0.001662,172.253.118.0-255,5020,133336,19,281783
4840,0.001664,172.31.36.0-255,66,133402,19,281783
4841,0.00182,172.253.118.0-255,1484,134886,19,281783
4842,0.001833,172.253.118.0-255,2902,137788,19,281783
4843,0.001837,172.31.36.0-255,66,137854,19,281783
4844,0.001869,172.253.118.0-255,5738,143592,19,281783
4845,0.001872,172.31.36.0-255,66,143658,19,281783
4846,0.001875,172.253.118.0-255,1484,145142,19,281783
4847,0.001915,172.31.36.0-255,66,145208,19,281783
4848,0.001922,172.253.118.0-255,7156,152364,19,281783
4849,0.001925,172.31.36.0-255,66,152430,19,281783
4850,0.001991,172.253.118.0-255,3602,156032,19,281783
4851,0.001994,172.31.36.0-255,66,156098,19,281783
4852,0.002077,172.253.118.0-255,1484,157582,19,281783
4853,0.002083,172.253.118.0-255,2902,160484,19,281783
4854,0.002086,172.31.36.0-255,66,160550,19,281783
4855,0.002089,172.253.118.0-255,1484,162034,19,281783
4856,0.002119,172.253.118.0-255,1484,163518,19,281783
4857,0.002121,172.31.36.0-255,66,163584,19,281783
4858,0.002129,172.253.118.0-255,7156,170740,19,281783
4859,0.002132,172.31.36.0-255,66,170806,19,281783
4860,0.00217,172.31.36.0-255,66,170872,19,281783
4861,0.002268,172.253.118.0-255,5020,175892,19,281783
4862,0.002273,172.31.36.0-255,66,175958,19,281783
4863,0.002279,172.253.118.0-255,5738,181696,19,281783
4864,0.002283,172.31.36.0-255,66,181762,19,281783
4865,0.002306,172.31.36.0-255,66,181828,19,281783
4866,0.002314,172.253.118.0-255,7156,188984,19,281783
4867,0.002322,172.253.118.0-255,6438,195422,19,281783
4868,0.002328,172.31.36.0-255,66,195488,19,281783
4869,0.00233,172.31.36.0-255,66,195554,19,281783
4870,0.002394,172.253.118.0-255,1484,197038,19,281783
4871,0.002408,172.253.118.0-255,2902,199940,19,281783
4872,0.002411,172.31.36.0-255,66,200006,19,281783
4873,0.002417,172.253.118.0-255,4320,204326,19,281783
4874,0.002419,172.31.36.0-255,66,204392,19,281783
4875,0.002458,172.253.118.0-255,1484,205876,19,281783
4876,0.002465,172.253.118.0-255,7156,213032,19,281783
4877,0.002468,172.31.36.0-255,66,213098,19,281783
4878,0.002471,172.253.118.0-255,1484,214582,19,281783
4879,0.002474,172.253.118.0-255,1484,216066,19,281783
4880,0.002476,172.31.36.0-255,66,216132,19,281783
4881,0.002486,172.253.118.0-255,9992,226124,19,281783
4882,0.002488,172.31.36.0-255,66,226190,19,281783
4883,0.002494,172.253.118.0-255,3602,229792,19,281783
4884,0.002496,172.31.36.0-255,66,229858,19,281783
4885,0.002577,172.253.118.0-255,1484,231342,19,281783
4886,0.002581,172.253.118.0-255,1484,232826,19,281783
4887,0.002584,172.31.36.0-255,66,232892,19,281783
4888,0.00261,172.253.118.0-255,1484,234376,19,281783
4889,0.002617,172.253.118.0-255,5738,240114,19,281783
4890,0.00262,172.31.36.0-255,66,240180,19,281783
4891,0.00263,172.253.118.0-255,8574,248754,19,281783
4892,0.002633,172.31.36.0-255,66,248820,19,281783
4893,0.002661,172.253.118.0-255,4320,253140,19,281783
4894,0.002663,172.253.118.0-255,1484,254624,19,281783
4895,0.002672,172.253.118.0-255,9274,263898,19,281783
4896,0.002676,172.253.118.0-255,4320,268218,19,281783
4897,0.002688,172.253.118.0-255,2902,271120,19,281783
4898,0.002692,172.31.36.0-255,66,271186,19,281783
4899,0.002706,172.31.36.0-255,66,271252,19,281783
4900,0.002709,172.31.36.0-255,66,271318,19,281783
4901,0.002712,172.31.36.0-255,66,271384,19,281783
4902,0.002717,172.253.118.0-255,2902,274286,19,281783
4903,0.002719,172.31.36.0-255,66,274352,19,281783
4904,0.002738,172.31.36.0-255,66,274418,19,281783
4905,0.00274,172.253.118.0-255,1484,275902,19,281783
4906,0.002786,172.31.36.0-255,66,275968,19,281783
4907,0.002836,172.31.36.0-255,66,276034,19,281783
4908,0.002863,172.253.118.0-255,1484,277518,19,281783
4909,0.002869,172.253.118.0-255,3602,281120,19,281783
4910,0.002871,172.31.36.0-255,66,281186,19,281783
4911,0.002875,172.253.118.0-255,138,281324,19,281783
4912,0.002912,172.253.118.0-255,105,281429,19,281783
4913,0.011967,172.253.118.0-255,105,281534,19,281783
4914,0.011988,172.31.36.0-255,78,281612,19,281783
4915,0.017445,172.31.36.0-255,105,281717,19,281783
4916,0.019751,172.253.118.0-255,66,281783,19,281783
4917,0.0,172.217.194.0-255,153,153,19,283562
4918,2.4e-05,172.31.36.0-255,66,219,19,283562
4919,3e-05,172.217.194.0-255,1484,1703,19,283562
4920,3.5e-05,172.31.36.0-255,66,1769,19,283562
4921,4.1e-05,172.217.194.0-255,2902,4671,19,283562
4922,4.4e-05,172.31.36.0-255,66,4737,19,283562
4923,5.2e-05,172.217.194.0-255,7156,11893,19,283562
4924,5.5e-05,172.31.36.0-255,66,11959,19,283562
4925,6.1e-05,172.217.194.0-255,3472,15431,19,283562
4926,6.4e-05,172.31.36.0-255,66,15497,19,283562
4927,0.000102,172.217.194.0-255,9992,25489,19,283562
4928,0.000105,172.31.36.0-255,66,25555,19,283562
4929,0.000131,172.217.194.0-255,2902,28457,19,283562
4930,0.000134,172.31.36.0-255,66,28523,19,283562
4931,0.000139,172.217.194.0-255,2543,31066,19,283562
4932,0.000142,172.31.36.0-255,66,31132,19,283562
4933,0.000146,172.217.194.0-255,2902,34034,19,283562
4934,0.000149,172.31.36.0-255,66,34100,19,283562
4935,0.000156,172.217.194.0-255,7156,41256,19,283562
4936,0.000158,172.31.36.0-255,66,41322,19,283562
4937,0.000178,172.217.194.0-255,2902,44224,19,283562
4938,0.00018,172.31.36.0-255,66,44290,19,283562
4939,0.000216,172.217.194.0-255,9633,53923,19,283562
4940,0.000219,172.31.36.0-255,66,53989,19,283562
4941,0.000227,172.217.194.0-255,8574,62563,19,283562
4942,0.000229,172.31.36.0-255,66,62629,19,283562
4943,0.000246,172.217.194.0-255,2543,65172,19,283562
4944,0.000248,172.31.36.0-255,66,65238,19,283562
4945,0.000485,172.217.194.0-255,646,65884,19,283562
4946,0.000491,172.31.36.0-255,66,65950,19,283562
4947,0.000578,172.217.194.0-255,1484,67434,19,283562
4948,0.000583,172.217.194.0-255,2902,70336,19,283562
4949,0.000593,172.31.36.0-255,66,70402,19,283562
4950,0.000597,172.31.36.0-255,66,70468,19,283562
4951,0.000619,172.217.194.0-255,5738,76206,19,283562
4952,0.000622,172.31.36.0-255,66,76272,19,283562
4953,0.000628,172.217.194.0-255,5738,82010,19,283562
4954,0.000631,172.31.36.0-255,66,82076,19,283562
4955,0.000645,172.31.36.0-255,66,82142,19,283562
4956,0.000648,172.217.194.0-255,1484,83626,19,283562
4957,0.000675,172.217.194.0-255,3602,87228,19,283562
4958,0.000678,172.31.36.0-255,66,87294,19,283562
4959,0.000685,172.217.194.0-255,5738,93032,19,283562
4960,0.000687,172.31.36.0-255,66,93098,19,283562
4961,0.000711,172.217.194.0-255,5738,98836,19,283562
4962,0.000714,172.31.36.0-255,66,98902,19,283562
4963,0.000738,172.217.194.0-255,7156,106058,19,283562
4964,0.000742,172.31.36.0-255,66,106124,19,283562
4965,0.000751,172.217.194.0-255,8574,114698,19,283562
4966,0.000754,172.31.36.0-255,66,114764,19,283562
4967,0.000793,172.217.194.0-255,4320,119084,19,283562
4968,0.000796,172.31.36.0-255,66,119150,19,283562
4969,0.000823,172.217.194.0-255,10692,129842,19,283562
4970,0.000827,172.31.36.0-255,66,129908,19,283562
4971,0.000839,172.31.36.0-255,66,129974,19,283562
4972,0.000868,172.217.194.0-255,4320,134294,19,283562
4973,0.000871,172.31.36.0-255,66,134360,19,283562
4974,0.000881,172.217.194.0-255,9274,143634,19,283562
4975,0.000883,172.31.36.0-255,66,143700,19,283562
4976,0.000886,172.217.194.0-255,1484,145184,19,283562
4977,0.00089,172.217.194.0-255,2902,148086,19,283562
4978,0.000893,172.31.36.0-255,66,148152,19,283562
4979,0.000899,172.217.194.0-255,5738,153890,19,283562
4980,0.000901,172.31.36.0-255,66,153956,19,283562
4981,0.000927,172.217.194.0-255,7156,161112,19,283562
4982,0.00093,172.31.36.0-255,66,161178,19,283562
4983,0.000955,172.217.194.0-255,8574,169752,19,283562
4984,0.000957,172.31.36.0-255,66,169818,19,283562
4985,0.00098,172.217.194.0-255,5738,175556,19,283562
4986,0.000982,172.31.36.0-255,66,175622,19,283562
4987,0.000987,172.217.194.0-255,2184,177806,19,283562
4988,0.000989,172.31.36.0-255,66,177872,19,283562
4989,0.001013,172.217.194.0-255,1484,179356,19,283562
4990,0.001052,172.31.36.0-255,66,179422,19,283562
4991,0.001055,172.217.194.0-255,1484,180906,19,283562
4992,0.001124,172.31.36.0-255,66,180972,19,283562
4993,0.001138,172.217.194.0-255,1484,182456,19,283562
4994,0.001157,172.217.194.0-255,2902,185358,19,283562
4995,0.00116,172.31.36.0-255,66,185424,19,283562
4996,0.001167,172.217.194.0-255,5738,191162,19,283562
4997,0.001169,172.31.36.0-255,66,191228,19,283562
4998,0.001197,172.217.194.0-255,7156,198384,19,283562
4999,0.001201,172.31.36.0-255,66,198450,19,283562
5000,0.001239,172.217.194.0-255,7156,205606,19,283562
5001,0.001244,172.31.36.0-255,66,205672,19,283562
5002,0.001267,172.217.194.0-255,9274,214946,19,283562
5003,0.00127,172.31.36.0-255,66,215012,19,283562
5004,0.001294,172.217.194.0-255,1484,216496,19,283562
5005,0.001298,172.217.194.0-255,2902,219398,19,283562
5006,0.001301,172.31.36.0-255,66,219464,19,283562
5007,0.001314,172.217.194.0-255,1484,220948,19,283562
5008,0.001331,172.217.194.0-255,4320,225268,19,283562
5009,0.001335,172.31.36.0-255,66,225334,19,283562
5010,0.001343,172.217.194.0-255,7156,232490,19,283562
5011,0.001345,172.31.36.0-255,66,232556,19,283562
5012,0.001349,172.217.194.0-255,2902,235458,19,283562
5013,0.001351,172.31.36.0-255,66,235524,19,283562
5014,0.001391,172.31.36.0-255,66,235590,19,283562
5015,0.001396,172.217.194.0-255,2184,237774,19,283562
5016,0.001398,172.31.36.0-255,66,237840,19,283562
5017,0.001402,172.217.194.0-255,2902,240742,19,283562
5018,0.001405,172.31.36.0-255,66,240808,19,283562
5019,0.001412,172.217.194.0-255,7156,247964,19,283562
5020,0.001415,172.31.36.0-255,66,248030,19,283562
5021,0.001457,172.31.36.0-255,66,248096,19,283562
5022,0.001465,172.217.194.0-255,7856,255952,19,283562
5023,0.001467,172.31.36.0-255,66,256018,19,283562
5024,0.00147,172.217.194.0-255,1484,257502,19,283562
5025,0.001502,172.31.36.0-255,66,257568,19,283562
5026,0.001518,172.217.194.0-255,7156,264724,19,283562
5027,0.001521,172.31.36.0-255,66,264790,19,283562
5028,0.001557,172.217.194.0-255,5738,270528,19,283562
5029,0.001561,172.31.36.0-255,66,270594,19,283562
5030,0.001569,172.217.194.0-255,7856,278450,19,283562
5031,0.001572,172.31.36.0-255,66,278516,19,283562
5032,0.001591,172.31.36.0-255,66,278582,19,283562
5033,0.00163,172.31.36.0-255,66,278648,19,283562
5034,0.001636,172.217.194.0-255,4405,283053,19,283562
5035,0.001639,172.31.36.0-255,66,283119,19,283562
5036,0.001642,172.217.194.0-255,105,283224,19,283562
5037,0.001824,172.31.36.0-255,101,283325,19,283562
5038,0.004217,172.217.194.0-255,66,283391,19,283562
5039,0.010922,172.31.36.0-255,105,283496,19,283562
5040,0.013292,172.217.194.0-255,66,283562,19,283562
5041,0.0,172.217.194.0-255,152,152,19,146947
5042,3.3e-05,172.31.36.0-255,66,218,19,146947
5043,4.1e-05,172.217.194.0-255,1484,1702,19,146947
5044,4.5e-05,172.31.36.0-255,66,1768,19,146947
5045,5e-05,172.217.194.0-255,2902,4670,19,146947
5046,5.2e-05,172.31.36.0-255,66,4736,19,146947
5047,6e-05,172.217.194.0-255,7156,11892,19,146947
5048,6.3e-05,172.31.36.0-255,66,11958,19,146947
5049,6.7e-05,172.217.194.0-255,2109,14067,19,146947
5050,6.9e-05,172.31.36.0-255,66,14133,19,146947
5051,0.000101,172.217.194.0-255,2902,17035,19,146947
5052,0.000105,172.31.36.0-255,66,17101,19,146947
5053,0.000133,172.217.194.0-255,8574,25675,19,146947
5054,0.000136,172.31.36.0-255,66,25741,19,146947
5055,0.000142,172.217.194.0-255,5379,31120,19,146947
5056,0.000144,172.31.36.0-255,66,31186,19,146947
5057,0.000269,172.217.194.0-255,1484,32670,19,146947
5058,0.000275,172.31.36.0-255,66,32736,19,146947
5059,0.000288,172.217.194.0-255,1484,34220,19,146947
5060,0.00029,172.31.36.0-255,66,34286,19,146947
5061,0.000314,172.217.194.0-255,1484,35770,19,146947
5062,0.000316,172.31.36.0-255,66,35836,19,146947
5063,0.000325,172.217.194.0-255,5738,41574,19,146947
5064,0.000328,172.31.36.0-255,66,41640,19,146947
5065,0.000344,172.217.194.0-255,2902,44542,19,146947
5066,0.000346,172.31.36.0-255,66,44608,19,146947
5067,0.000367,172.217.194.0-255,3961,48569,19,146947
5068,0.000371,172.31.36.0-255,66,48635,19,146947
5069,0.000385,172.31.36.0-255,66,48701,19,146947
5070,0.000389,172.217.194.0-255,2543,51244,19,146947
5071,0.000391,172.31.36.0-255,66,51310,19,146947
5072,0.000658,172.217.194.0-255,647,51957,19,146947
5073,0.000743,172.217.194.0-255,1484,53441,19,146947
5074,0.000749,172.31.36.0-255,66,53507,19,146947
5075,0.000755,172.217.194.0-255,2902,56409,19,146947
5076,0.000757,172.31.36.0-255,66,56475,19,146947
5077,0.000768,172.217.194.0-255,1484,57959,19,146947
5078,0.000786,172.217.194.0-255,4320,62279,19,146947
5079,0.00079,172.31.36.0-255,66,62345,19,146947
5080,0.000794,172.217.194.0-255,4320,66665,19,146947
5081,0.000797,172.31.36.0-255,66,66731,19,146947
5082,0.000841,172.217.194.0-255,2543,69274,19,146947
5083,0.000845,172.31.36.0-255,66,69340,19,146947
5084,0.00086,172.31.36.0-255,66,69406,19,146947
5085,0.000864,172.217.194.0-255,2543,71949,19,146947
5086,0.000866,172.31.36.0-255,66,72015,19,146947
5087,0.001447,172.217.194.0-255,1484,73499,19,146947
5088,0.001456,172.217.194.0-255,2902,76401,19,146947
5089,0.001461,172.31.36.0-255,66,76467,19,146947
5090,0.001468,172.217.194.0-255,5738,82205,19,146947
5091,0.00147,172.31.36.0-255,66,82271,19,146947
5092,0.001473,172.217.194.0-255,1484,83755,19,146947
5093,0.001512,172.31.36.0-255,66,83821,19,146947
5094,0.001543,172.217.194.0-255,4320,88141,19,146947
5095,0.001546,172.31.36.0-255,66,88207,19,146947
5096,0.001582,172.217.194.0-255,6438,94645,19,146947
5097,0.001584,172.31.36.0-255,66,94711,19,146947
5098,0.003583,172.217.194.0-255,5738,100449,19,146947
5099,0.00359,172.31.36.0-255,66,100515,19,146947
5100,0.00557,172.217.194.0-255,5738,106253,19,146947
5101,0.005577,172.31.36.0-255,66,106319,19,146947
5102,0.007611,172.217.194.0-255,5738,112057,19,146947
5103,0.007619,172.31.36.0-255,66,112123,19,146947
5104,0.009618,172.217.194.0-255,5738,117861,19,146947
5105,0.009625,172.31.36.0-255,66,117927,19,146947
5106,0.01167,172.217.194.0-255,5738,123665,19,146947
5107,0.011678,172.31.36.0-255,66,123731,19,146947
5108,0.013674,172.217.194.0-255,5738,129469,19,146947
5109,0.013681,172.31.36.0-255,66,129535,19,146947
5110,0.015671,172.217.194.0-255,5738,135273,19,146947
5111,0.01568,172.31.36.0-255,66,135339,19,146947
5112,0.017677,172.217.194.0-255,5738,141077,19,146947
5113,0.017683,172.31.36.0-255,66,141143,19,146947
5114,0.019687,172.217.194.0-255,5738,146881,19,146947
5115,0.019694,172.31.36.0-255,66,146947,19,146947
5116,0.0,74.125.24.0-255,165,165,19,168521
5117,3.4e-05,172.31.36.0-255,66,231,19,168521
5118,4.1e-05,74.125.24.0-255,1484,1715,19,168521
5119,4.6e-05,172.31.36.0-255,66,1781,19,168521
5120,5.1e-05,74.125.24.0-255,2902,4683,19,168521
5121,5.4e-05,172.31.36.0-255,66,4749,19,168521
5122,6.2e-05,74.125.24.0-255,7156,11905,19,168521
5123,6.4e-05,172.31.36.0-255,66,11971,19,168521
5124,6.9e-05,74.125.24.0-255,1974,13945,19,168521
5125,7.1e-05,172.31.36.0-255,66,14011,19,168521
5126,0.000116,74.125.24.0-255,1484,15495,19,168521
5127,0.000119,172.31.36.0-255,66,15561,19,168521
5128,0.000139,74.125.24.0-255,2902,18463,19,168521
5129,0.000142,172.31.36.0-255,66,18529,19,168521
5130,0.000149,74.125.24.0-255,5738,24267,19,168521
5131,0.000151,172.31.36.0-255,66,24333,19,168521
5132,0.000167,74.125.24.0-255,1484,25817,19,168521
5133,0.00017,172.31.36.0-255,66,25883,19,168521
5134,0.000197,74.125.24.0-255,4320,30203,19,168521
5135,0.000202,172.31.36.0-255,66,30269,19,168521
5136,0.000223,74.125.24.0-255,6797,37066,19,168521
5137,0.000226,172.31.36.0-255,66,37132,19,168521
5138,0.000229,74.125.24.0-255,1484,38616,19,168521
5139,0.000231,172.31.36.0-255,66,38682,19,168521
5140,0.000265,74.125.24.0-255,8574,47256,19,168521
5141,0.000267,172.31.36.0-255,66,47322,19,168521
5142,0.000283,74.125.24.0-255,1125,48447,19,168521
5143,0.000285,172.31.36.0-255,66,48513,19,168521
5144,0.00057,74.125.24.0-255,1484,49997,19,168521
5145,0.000574,172.31.36.0-255,66,50063,19,168521
5146,0.000578,74.125.24.0-255,1484,51547,19,168521
5147,0.000581,172.31.36.0-255,66,51613,19,168521
5148,0.000611,74.125.24.0-255,1484,53097,19,168521
5149,0.000618,74.125.24.0-255,5738,58835,19,168521
5150,0.000621,172.31.36.0-255,66,58901,19,168521
5151,0.000626,74.125.24.0-255,2902,61803,19,168521
5152,0.000628,172.31.36.0-255,66,61869,19,168521
5153,0.000644,74.125.24.0-255,3961,65830,19,168521
5154,0.000647,172.31.36.0-255,66,65896,19,168521
5155,0.00065,74.125.24.0-255,413,66309,19,168521
5156,0.000831,172.31.36.0-255,66,66375,19,168521
5157,0.000852,74.125.24.0-255,330,66705,19,168521
5158,0.000896,172.31.36.0-255,66,66771,19,168521
5159,0.001068,74.125.24.0-255,1484,68255,19,168521
5160,0.001078,74.125.24.0-255,2902,71157,19,168521
5161,0.001082,172.31.36.0-255,66,71223,19,168521
5162,0.00109,74.125.24.0-255,5738,76961,19,168521
5163,0.001092,172.31.36.0-255,66,77027,19,168521
5164,0.001113,74.125.24.0-255,4320,81347,19,168521
5165,0.001117,172.31.36.0-255,66,81413,19,168521
5166,0.001145,74.125.24.0-255,8574,89987,19,168521
5167,0.001148,172.31.36.0-255,66,90053,19,168521
5168,0.001194,74.125.24.0-255,7156,97209,19,168521
5169,0.001199,172.31.36.0-255,66,97275,19,168521
5170,0.001227,74.125.24.0-255,3602,100877,19,168521
5171,0.001231,172.31.36.0-255,66,100943,19,168521
5172,0.001756,74.125.24.0-255,1484,102427,19,168521
5173,0.001764,74.125.24.0-255,2902,105329,19,168521
5174,0.001768,172.31.36.0-255,66,105395,19,168521
5175,0.001775,74.125.24.0-255,5738,111133,19,168521
5176,0.001777,172.31.36.0-255,66,111199,19,168521
5177,0.001803,74.125.24.0-255,9992,121191,19,168521
5178,0.001806,172.31.36.0-255,66,121257,19,168521
5179,0.001823,74.125.24.0-255,2902,124159,19,168521
5180,0.001825,172.31.36.0-255,66,124225,19,168521
5181,0.001875,74.125.24.0-255,1484,125709,19,168521
5182,0.001884,74.125.24.0-255,9274,134983,19,168521
5183,0.001887,172.31.36.0-255,66,135049,19,168521
5184,0.004472,74.125.24.0-255,4320,139369,19,168521
5185,0.004475,172.31.36.0-255,66,139435,19,168521
5186,0.004484,74.125.24.0-255,1484,140919,19,168521
5187,0.007066,74.125.24.0-255,4320,145239,19,168521
5188,0.007075,172.31.36.0-255,66,145305,19,168521
5189,0.009664,74.125.24.0-255,5738,151043,19,168521
5190,0.009672,172.31.36.0-255,66,151109,19,168521
5191,0.012246,74.125.24.0-255,5738,156847,19,168521
5192,0.012254,172.31.36.0-255,66,156913,19,168521
5193,0.014874,74.125.24.0-255,5738,162651,19,168521
5194,0.014884,172.31.36.0-255,66,162717,19,168521
5195,0.017471,74.125.24.0-255,5738,168455,19,168521
5196,0.01748,172.31.36.0-255,66,168521,19,168521
5197,0.0,172.217.194.0-255,150,150,19,198999
5198,2.3e-05,172.31.36.0-255,66,216,19,198999
5199,3.2e-05,172.217.194.0-255,1484,1700,19,198999
5200,3.7e-05,172.31.36.0-255,66,1766,19,198999
5201,4.3e-05,172.217.194.0-255,2902,4668,19,198999
5202,5.4e-05,172.31.36.0-255,66,4734,19,198999
5203,6.2e-05,172.217.194.0-255,7156,11890,19,198999
5204,6.6e-05,172.31.36.0-255,66,11956,19,198999
5205,8.4e-05,172.31.36.0-255,66,12022,19,198999
5206,0.00013,172.217.194.0-255,2543,14565,19,198999
5207,0.000138,172.31.36.0-255,66,14631,19,198999
5208,0.000173,172.217.194.0-255,1484,16115,19,198999
5209,0.000176,172.31.36.0-255,66,16181,19,198999
5210,0.00018,172.217.194.0-255,2902,19083,19,198999
5211,0.000183,172.31.36.0-255,66,19149,19,198999
5212,0.000224,172.217.194.0-255,5738,24887,19,198999
5213,0.000227,172.31.36.0-255,66,24953,19,198999
5214,0.000246,172.31.36.0-255,66,25019,19,198999
5215,0.000249,172.217.194.0-255,1484,26503,19,198999
5216,0.000251,172.31.36.0-255,66,26569,19,198999
5217,0.000294,172.31.36.0-255,66,26635,19,198999
5218,0.000298,172.217.194.0-255,100,26735,19,198999
5219,0.0003,172.31.36.0-255,66,26801,19,198999
5220,0.000337,172.217.194.0-255,1484,28285,19,198999
5221,0.00034,172.217.194.0-255,1484,29769,19,198999
5222,0.000345,172.31.36.0-255,66,29835,19,198999
5223,0.000352,172.31.36.0-255,66,29901,19,198999
5224,0.000358,172.217.194.0-255,4320,34221,19,198999
5225,0.000365,172.31.36.0-255,66,34287,19,198999
5226,0.0004,172.217.194.0-255,9930,44217,19,198999
5227,0.000402,172.31.36.0-255,66,44283,19,198999
5228,0.000454,172.217.194.0-255,5738,50021,19,198999
5229,0.000458,172.31.36.0-255,66,50087,19,198999
5230,0.000495,172.217.194.0-255,7156,57243,19,198999
5231,0.000499,172.31.36.0-255,66,57309,19,198999
5232,0.000504,172.217.194.0-255,3961,61270,19,198999
5233,0.000507,172.31.36.0-255,66,61336,19,198999
5234,0.000923,172.217.194.0-255,1484,62820,19,198999
5235,0.000931,172.217.194.0-255,2902,65722,19,198999
5236,0.000935,172.31.36.0-255,66,65788,19,198999
5237,0.000942,172.217.194.0-255,4320,70108,19,198999
5238,0.000944,172.31.36.0-255,66,70174,19,198999
5239,0.000965,172.217.194.0-255,1484,71658,19,198999
5240,0.00097,172.217.194.0-255,2902,74560,19,198999
5241,0.000976,172.31.36.0-255,66,74626,19,198999
5242,0.001008,172.217.194.0-255,5738,80364,19,198999
5243,0.001012,172.217.194.0-255,2902,83266,19,198999
5244,0.001018,172.31.36.0-255,66,83332,19,198999
5245,0.001021,172.31.36.0-255,66,83398,19,198999
5246,0.001061,172.31.36.0-255,66,83464,19,198999
5247,0.001064,172.217.194.0-255,1484,84948,19,198999
5248,0.001069,172.217.194.0-255,2902,87850,19,198999
5249,0.001071,172.31.36.0-255,66,87916,19,198999
5250,0.001076,172.217.194.0-255,4320,92236,19,198999
5251,0.001079,172.31.36.0-255,66,92302,19,198999
5252,0.001115,172.217.194.0-255,1484,93786,19,198999
5253,0.001134,172.217.194.0-255,8574,102360,19,198999
5254,0.001139,172.31.36.0-255,66,102426,19,198999
5255,0.001148,172.31.36.0-255,66,102492,19,198999
5256,0.001171,172.217.194.0-255,2184,104676,19,198999
5257,0.001177,172.31.36.0-255,66,104742,19,198999
5258,0.001181,172.217.194.0-255,2902,107644,19,198999
5259,0.001184,172.31.36.0-255,66,107710,19,198999
5260,0.001191,172.217.194.0-255,5738,113448,19,198999
5261,0.001193,172.31.36.0-255,66,113514,19,198999
5262,0.001217,172.217.194.0-255,1484,114998,19,198999
5263,0.001238,172.31.36.0-255,66,115064,19,198999
5264,0.001267,172.217.194.0-255,4320,119384,19,198999
5265,0.00127,172.31.36.0-255,66,119450,19,198999
5266,0.001298,172.217.194.0-255,3602,123052,19,198999
5267,0.001302,172.31.36.0-255,66,123118,19,198999
5268,0.00131,172.217.194.0-255,8574,131692,19,198999
5269,0.001312,172.31.36.0-255,66,131758,19,198999
5270,0.001357,172.217.194.0-255,2902,134660,19,198999
5271,0.001359,172.31.36.0-255,66,134726,19,198999
5272,0.001397,172.217.194.0-255,4320,139046,19,198999
5273,0.0014,172.31.36.0-255,66,139112,19,198999
5274,0.001421,172.31.36.0-255,66,139178,19,198999
5275,0.001436,172.31.36.0-255,66,139244,19,198999
5276,0.001458,172.31.36.0-255,66,139310,19,198999
5277,0.001487,172.217.194.0-255,2184,141494,19,198999
5278,0.00149,172.31.36.0-255,66,141560,19,198999
5279,0.001523,172.217.194.0-255,1484,143044,19,198999
5280,0.001527,172.217.194.0-255,1484,144528,19,198999
5281,0.001529,172.31.36.0-255,66,144594,19,198999
5282,0.001541,172.217.194.0-255,1484,146078,19,198999
5283,0.001551,172.217.194.0-255,5738,151816,19,198999
5284,0.001554,172.31.36.0-255,66,151882,19,198999
5285,0.00156,172.217.194.0-255,5738,157620,19,198999
5286,0.001563,172.31.36.0-255,66,157686,19,198999
5287,0.00159,172.217.194.0-255,7156,164842,19,198999
5288,0.001602,172.31.36.0-255,66,164908,19,198999
5289,0.001611,172.217.194.0-255,8574,173482,19,198999
5290,0.001613,172.31.36.0-255,66,173548,19,198999
5291,0.001618,172.217.194.0-255,2184,175732,19,198999
5292,0.00162,172.31.36.0-255,66,175798,19,198999
5293,0.001664,172.217.194.0-255,2902,178700,19,198999
5294,0.001667,172.31.36.0-255,66,178766,19,198999
5295,0.001675,172.217.194.0-255,7156,185922,19,198999
5296,0.001678,172.31.36.0-255,66,185988,19,198999
5297,0.001688,172.217.194.0-255,5738,191726,19,198999
5298,0.00169,172.31.36.0-255,66,191792,19,198999
5299,0.00175,172.31.36.0-255,66,191858,19,198999
5300,0.001785,172.217.194.0-255,5020,196878,19,198999
5301,0.001788,172.31.36.0-255,66,196944,19,198999
5302,0.001818,172.31.36.0-255,66,197010,19,198999
5303,0.001847,172.217.194.0-255,1484,198494,19,198999
5304,0.001892,172.217.194.0-255,97,198591,19,198999
5305,0.001936,172.31.36.0-255,66,198657,19,198999
5306,0.001944,172.217.194.0-255,105,198762,19,198999
5307,0.004682,172.31.36.0-255,66,198828,19,198999
5308,0.00472,172.31.36.0-255,105,198933,19,198999
5309,0.007289,172.217.194.0-255,66,198999,19,198999
5310,0.0,74.125.24.0-255,153,153,19,140095
5311,3.5e-05,172.31.36.0-255,66,219,19,140095
5312,4.2e-05,74.125.24.0-255,1484,1703,19,140095
5313,4.7e-05,172.31.36.0-255,66,1769,19,140095
5314,5.1e-05,74.125.24.0-255,2902,4671,19,140095
5315,5.4e-05,172.31.36.0-255,66,4737,19,140095
5316,6.3e-05,74.125.24.0-255,7156,11893,19,140095
5317,6.6e-05,172.31.36.0-255,66,11959,19,140095
5318,7e-05,74.125.24.0-255,1994,13953,19,140095
5319,7.2e-05,172.31.36.0-255,66,14019,19,140095
5320,0.000274,74.125.24.0-255,1484,15503,19,140095
5321,0.000279,172.31.36.0-255,66,15569,19,140095
5322,0.000285,74.125.24.0-255,2902,18471,19,140095
5323,0.000289,172.31.36.0-255,66,18537,19,140095
5324,0.000294,74.125.24.0-255,4320,22857,19,140095
5325,0.000297,172.31.36.0-255,66,22923,19,140095
5326,0.000316,74.125.24.0-255,1484,24407,19,140095
5327,0.00032,172.31.36.0-255,66,24473,19,140095
5328,0.000329,74.125.24.0-255,6797,31270,19,140095
5329,0.000331,172.31.36.0-255,66,31336,19,140095
5330,0.000377,74.125.24.0-255,7156,38492,19,140095
5331,0.000383,172.31.36.0-255,66,38558,19,140095
5332,0.000393,74.125.24.0-255,8574,47132,19,140095
5333,0.000396,172.31.36.0-255,66,47198,19,140095
5334,0.00042,74.125.24.0-255,1125,48323,19,140095
5335,0.000423,172.31.36.0-255,66,48389,19,140095
5336,0.000729,74.125.24.0-255,1484,49873,19,140095
5337,0.000734,172.31.36.0-255,66,49939,19,140095
5338,0.000754,74.125.24.0-255,2902,52841,19,140095
5339,0.000757,172.31.36.0-255,66,52907,19,140095
5340,0.000761,74.125.24.0-255,2902,55809,19,140095
5341,0.000764,172.31.36.0-255,66,55875,19,140095
5342,0.000791,74.125.24.0-255,2902,58777,19,140095
5343,0.000794,172.31.36.0-255,66,58843,19,140095
5344,0.0008,74.125.24.0-255,4320,63163,19,140095
5345,0.000802,172.31.36.0-255,66,63229,19,140095
5346,0.000839,74.125.24.0-255,3154,66383,19,140095
5347,0.000842,172.31.36.0-255,66,66449,19,140095
5348,0.001246,74.125.24.0-255,1484,67933,19,140095
5349,0.001259,74.125.24.0-255,2902,70835,19,140095
5350,0.001263,172.31.36.0-255,66,70901,19,140095
5351,0.001271,74.125.24.0-255,5738,76639,19,140095
5352,0.001273,172.31.36.0-255,66,76705,19,140095
5353,0.001277,74.125.24.0-255,1484,78189,19,140095
5354,0.001299,74.125.24.0-255,5379,83568,19,140095
5355,0.001301,172.31.36.0-255,66,83634,19,140095
5356,0.00134,74.125.24.0-255,4320,87954,19,140095
5357,0.001343,172.31.36.0-255,66,88020,19,140095
5358,0.00136,74.125.24.0-255,1484,89504,19,140095
5359,0.001368,74.125.24.0-255,7156,96660,19,140095
5360,0.00137,172.31.36.0-255,66,96726,19,140095
5361,0.001393,74.125.24.0-255,3961,100687,19,140095
5362,0.001396,172.31.36.0-255,66,100753,19,140095
5363,0.00368,74.125.24.0-255,1484,102237,19,140095
5364,0.003706,74.125.24.0-255,2902,105139,19,140095
5365,0.003711,172.31.36.0-255,66,105205,19,140095
5366,0.003729,74.125.24.0-255,1484,106689,19,140095
5367,0.006044,74.125.24.0-255,4320,111009,19,140095
5368,0.00605,172.31.36.0-255,66,111075,19,140095
5369,0.008381,74.125.24.0-255,5738,116813,19,140095
5370,0.008393,172.31.36.0-255,66,116879,19,140095
5371,0.010723,74.125.24.0-255,5738,122617,19,140095
5372,0.010735,172.31.36.0-255,66,122683,19,140095
5373,0.013082,74.125.24.0-255,5738,128421,19,140095
5374,0.013099,172.31.36.0-255,66,128487,19,140095
5375,0.01542,74.125.24.0-255,5738,134225,19,140095
5376,0.015438,172.31.36.0-255,66,134291,19,140095
5377,0.0178,74.125.24.0-255,5738,140029,19,140095
5378,0.017821,172.31.36.0-255,66,140095,19,140095
5379,0.0,74.125.24.0-255,336,336,19,311200
5380,3.3e-05,172.31.36.0-255,66,402,19,311200
5381,4e-05,74.125.24.0-255,1484,1886,19,311200
5382,4.4e-05,172.31.36.0-255,66,1952,19,311200
5383,5.1e-05,74.125.24.0-255,4320,6272,19,311200
5384,5.6e-05,172.31.36.0-255,66,6338,19,311200
5385,6.5e-05,74.125.24.0-255,8900,15238,19,311200
5386,6.8e-05,172.31.36.0-255,66,15304,19,311200
5387,7.7e-05,74.125.24.0-255,9992,25296,19,311200
5388,8.1e-05,172.31.36.0-255,66,25362,19,311200
5389,8.4e-05,74.125.24.0-255,1484,26846,19,311200
5390,8.6e-05,172.31.36.0-255,66,26912,19,311200
5391,0.000112,74.125.24.0-255,3961,30873,19,311200
5392,0.000114,172.31.36.0-255,66,30939,19,311200
5393,0.000138,74.125.24.0-255,1484,32423,19,311200
5394,0.000142,172.31.36.0-255,66,32489,19,311200
5395,0.000145,74.125.24.0-255,1484,33973,19,311200
5396,0.000147,172.31.36.0-255,66,34039,19,311200
5397,0.000165,74.125.24.0-255,1484,35523,19,311200
5398,0.000168,172.31.36.0-255,66,35589,19,311200
5399,0.000174,74.125.24.0-255,5738,41327,19,311200
5400,0.000176,172.31.36.0-255,66,41393,19,311200
5401,0.00018,74.125.24.0-255,2902,44295,19,311200
5402,0.000182,172.31.36.0-255,66,44361,19,311200
5403,0.000203,74.125.24.0-255,9992,54353,19,311200
5404,0.000206,172.31.36.0-255,66,54419,19,311200
5405,0.000215,74.125.24.0-255,9992,64411,19,311200
5406,0.000218,172.31.36.0-255,66,64477,19,311200
5407,0.000234,74.125.24.0-255,1065,65542,19,311200
5408,0.000236,172.31.36.0-255,66,65608,19,311200
5409,0.00027,74.125.24.0-255,134,65742,19,311200
5410,0.000273,172.31.36.0-255,66,65808,19,311200
5411,0.000355,74.125.24.0-255,1484,67292,19,311200
5412,0.000364,74.125.24.0-255,2902,70194,19,311200
5413,0.000367,172.31.36.0-255,66,70260,19,311200
5414,0.000393,74.125.24.0-255,5738,75998,19,311200
5415,0.000397,172.31.36.0-255,66,76064,19,311200
5416,0.000405,74.125.24.0-255,6492,82556,19,311200
5417,0.000412,172.31.36.0-255,66,82622,19,311200
5418,0.000898,74.125.24.0-255,1484,84106,19,311200
5419,0.000919,74.125.24.0-255,2902,87008,19,311200
5420,0.000923,172.31.36.0-255,66,87074,19,311200
5421,0.000927,74.125.24.0-255,1484,88558,19,311200
5422,0.000948,74.125.24.0-255,4320,92878,19,311200
5423,0.000951,172.31.36.0-255,66,92944,19,311200
5424,0.000973,74.125.24.0-255,8574,101518,19,311200
5425,0.000977,172.31.36.0-255,66,101584,19,311200
5426,0.00098,74.125.24.0-255,1484,103068,19,311200
5427,0.000997,74.125.24.0-255,5738,108806,19,311200
5428,0.001,172.31.36.0-255,66,108872,19,311200
5429,0.001023,74.125.24.0-255,2902,111774,19,311200
5430,0.001026,172.31.36.0-255,66,111840,19,311200
5431,0.001032,74.125.24.0-255,5020,116860,19,311200
5432,0.001035,172.31.36.0-255,66,116926,19,311200
5433,0.001227,74.125.24.0-255,1484,118410,19,311200
5434,0.001248,74.125.24.0-255,2902,121312,19,311200
5435,0.001252,172.31.36.0-255,66,121378,19,311200
5436,0.001259,74.125.24.0-255,5738,127116,19,311200
5437,0.001261,172.31.36.0-255,66,127182,19,311200
5438,0.001277,74.125.24.0-255,5738,132920,19,311200
5439,0.001281,172.31.36.0-255,66,132986,19,311200
5440,0.001297,74.125.24.0-255,2902,135888,19,311200
5441,0.0013,172.31.36.0-255,66,135954,19,311200
5442,0.001322,74.125.24.0-255,9992,145946,19,311200
5443,0.001325,172.31.36.0-255,66,146012,19,311200
5444,0.00133,74.125.24.0-255,5020,151032,19,311200
5445,0.001333,172.31.36.0-255,66,151098,19,311200
5446,0.001375,74.125.24.0-255,1484,152582,19,311200
5447,0.001393,74.125.24.0-255,2902,155484,19,311200
5448,0.001396,172.31.36.0-255,66,155550,19,311200
5449,0.001411,74.125.24.0-255,5738,161288,19,311200
5450,0.001413,172.31.36.0-255,66,161354,19,311200
5451,0.001418,74.125.24.0-255,2902,164256,19,311200
5452,0.001422,172.31.36.0-255,66,164322,19,311200
5453,0.001447,74.125.24.0-255,4320,168642,19,311200
5454,0.00145,172.31.36.0-255,66,168708,19,311200
5455,0.001459,74.125.24.0-255,8574,177282,19,311200
5456,0.001461,172.31.36.0-255,66,177348,19,311200
5457,0.001488,74.125.24.0-255,5738,183086,19,311200
5458,0.001492,172.31.36.0-255,66,183152,19,311200
5459,0.001496,74.125.24.0-255,2184,185336,19,311200
5460,0.001497,172.31.36.0-255,66,185402,19,311200
5461,0.001542,74.125.24.0-255,1484,186886,19,311200
5462,0.001564,74.125.24.0-255,2902,189788,19,311200
5463,0.001567,172.31.36.0-255,66,189854,19,311200
5464,0.001573,74.125.24.0-255,5738,195592,19,311200
5465,0.001575,172.31.36.0-255,66,195658,19,311200
5466,0.00161,74.125.24.0-255,8574,204232,19,311200
5467,0.001629,172.31.36.0-255,66,204298,19,311200
5468,0.001652,74.125.24.0-255,4320,208618,19,311200
5469,0.001655,172.31.36.0-255,66,208684,19,311200
5470,0.001665,74.125.24.0-255,10692,219376,19,311200
5471,0.001667,172.31.36.0-255,66,219442,19,311200
5472,0.00171,74.125.24.0-255,1484,220926,19,311200
5473,0.001734,74.125.24.0-255,2902,223828,19,311200
5474,0.001741,172.31.36.0-255,66,223894,19,311200
5475,0.001751,74.125.24.0-255,5738,229632,19,311200
5476,0.001754,172.31.36.0-255,66,229698,19,311200
5477,0.001757,74.125.24.0-255,1484,231182,19,311200
5478,0.001783,74.125.24.0-255,4320,235502,19,311200
5479,0.001786,172.31.36.0-255,66,235568,19,311200
5480,0.001793,74.125.24.0-255,7156,242724,19,311200
5481,0.001795,172.31.36.0-255,66,242790,19,311200
5482,0.001828,74.125.24.0-255,5738,248528,19,311200
5483,0.001831,172.31.36.0-255,66,248594,19,311200
5484,0.001841,74.125.24.0-255,5020,253614,19,311200
5485,0.001844,172.31.36.0-255,66,253680,19,311200
5486,0.001853,74.125.24.0-255,9992,263672,19,311200
5487,0.001856,172.31.36.0-255,66,263738,19,311200
5488,0.00188,74.125.24.0-255,4320,268058,19,311200
5489,0.001883,172.31.36.0-255,66,268124,19,311200
5490,0.001899,172.31.36.0-255,66,268190,19,311200
5491,0.001931,74.125.24.0-255,3602,271792,19,311200
5492,0.001935,172.31.36.0-255,66,271858,19,311200
5493,0.004221,74.125.24.0-255,1484,273342,19,311200
5494,0.004272,74.125.24.0-255,4320,277662,19,311200
5495,0.004277,172.31.36.0-255,66,277728,19,311200
5496,0.006595,74.125.24.0-255,5738,283466,19,311200
5497,0.006601,172.31.36.0-255,66,283532,19,311200
5498,0.00893,74.125.24.0-255,4320,287852,19,311200
5499,0.008934,172.31.36.0-255,66,287918,19,311200
5500,0.008953,74.125.24.0-255,1484,289402,19,311200
5501,0.011286,74.125.24.0-255,4320,293722,19,311200
5502,0.011295,172.31.36.0-255,66,293788,19,311200
5503,0.013636,74.125.24.0-255,5738,299526,19,311200
5504,0.013646,172.31.36.0-255,66,299592,19,311200
5505,0.015989,74.125.24.0-255,5738,305330,19,311200
5506,0.015998,172.31.36.0-255,66,305396,19,311200
5507,0.018353,74.125.24.0-255,5738,311134,19,311200
5508,0.018364,172.31.36.0-255,66,311200,19,311200
5509,0.0,74.125.24.0-255,152,152,19,283874
5510,2.4e-05,172.31.36.0-255,66,218,19,283874
5511,3.1e-05,74.125.24.0-255,1484,1702,19,283874
5512,3.5e-05,172.31.36.0-255,66,1768,19,283874
5513,5.1e-05,74.125.24.0-255,2902,4670,19,283874
5514,5.5e-05,172.31.36.0-255,66,4736,19,283874
5515,6.3e-05,74.125.24.0-255,7156,11892,19,283874
5516,6.6e-05,172.31.36.0-255,66,11958,19,283874
5517,7.1e-05,74.125.24.0-255,2045,14003,19,283874
5518,7.4e-05,172.31.36.0-255,66,14069,19,283874
5519,8.8e-05,172.31.36.0-255,66,14135,19,283874
5520,9.5e-05,74.125.24.0-255,5379,19514,19,283874
5521,9.8e-05,172.31.36.0-255,66,19580,19,283874
5522,0.000124,74.125.24.0-255,1484,21064,19,283874
5523,0.000131,172.31.36.0-255,66,21130,19,283874
5524,0.000136,74.125.24.0-255,2902,24032,19,283874
5525,0.000138,172.31.36.0-255,66,24098,19,283874
5526,0.000145,74.125.24.0-255,5738,29836,19,283874
5527,0.000148,172.31.36.0-255,66,29902,19,283874
5528,0.000179,74.125.24.0-255,6797,36699,19,283874
5529,0.000182,172.31.36.0-255,66,36765,19,283874
5530,0.00022,74.125.24.0-255,1484,38249,19,283874
5531,0.000222,172.31.36.0-255,66,38315,19,283874
5532,0.000229,74.125.24.0-255,2902,41217,19,283874
5533,0.000232,172.31.36.0-255,66,41283,19,283874
5534,0.000262,74.125.24.0-255,5738,47021,19,283874
5535,0.000265,172.31.36.0-255,66,47087,19,283874
5536,0.000272,74.125.24.0-255,5738,52825,19,283874
5537,0.000274,172.31.36.0-255,66,52891,19,283874
5538,0.000302,74.125.24.0-255,1459,54350,19,283874
5539,0.000305,172.31.36.0-255,66,54416,19,283874
5540,0.000546,74.125.24.0-255,343,54759,19,283874
5541,0.000689,74.125.24.0-255,1484,56243,19,283874
5542,0.000694,172.31.36.0-255,66,56309,19,283874
5543,0.0007,74.125.24.0-255,2902,59211,19,283874
5544,0.000745,74.125.24.0-255,2902,62113,19,283874
5545,0.000752,74.125.24.0-255,7156,69269,19,283874
5546,0.000756,74.125.24.0-255,1994,71263,19,283874
5547,0.000779,172.31.36.0-255,101,71364,19,283874
5548,0.001118,74.125.24.0-255,1484,72848,19,283874
5549,0.001125,74.125.24.0-255,2902,75750,19,283874
5550,0.001128,172.31.36.0-255,66,75816,19,283874
5551,0.001133,74.125.24.0-255,2902,78718,19,283874
5552,0.001159,74.125.24.0-255,2902,81620,19,283874
5553,0.001165,74.125.24.0-255,2902,84522,19,283874
5554,0.001174,172.31.36.0-255,66,84588,19,283874
5555,0.001206,74.125.24.0-255,9992,94580,19,283874
5556,0.001209,74.125.24.0-255,1484,96064,19,283874
5557,0.001217,172.31.36.0-255,66,96130,19,283874
5558,0.001236,74.125.24.0-255,7156,103286,19,283874
5559,0.001252,74.125.24.0-255,2184,105470,19,283874
5560,0.001261,172.31.36.0-255,66,105536,19,283874
5561,0.001696,74.125.24.0-255,1484,107020,19,283874
5562,0.001711,74.125.24.0-255,2902,109922,19,283874
5563,0.001715,172.31.36.0-255,66,109988,19,283874
5564,0.001721,74.125.24.0-255,4320,114308,19,283874
5565,0.001724,172.31.36.0-255,66,114374,19,283874
5566,0.001758,74.125.24.0-255,8574,122948,19,283874
5567,0.00176,172.31.36.0-255,66,123014,19,283874
5568,0.001783,74.125.24.0-255,1484,124498,19,283874
5569,0.001797,74.125.24.0-255,4320,128818,19,283874
5570,0.0018,172.31.36.0-255,66,128884,19,283874
5571,0.00184,74.125.24.0-255,10692,139576,19,283874
5572,0.001852,74.125.24.0-255,1484,141060,19,283874
5573,0.001855,74.125.24.0-255,1484,142544,19,283874
5574,0.001864,74.125.24.0-255,1484,144028,19,283874
5575,0.00188,74.125.24.0-255,2902,146930,19,283874
5576,0.00189,74.125.24.0-255,1484,148414,19,283874
5577,0.001893,172.31.36.0-255,66,148480,19,283874
5578,0.001901,74.125.24.0-255,1484,149964,19,283874
5579,0.001906,74.125.24.0-255,4320,154284,19,283874
5580,0.001917,172.31.36.0-255,66,154350,19,283874
5581,0.001929,74.125.24.0-255,4320,158670,19,283874
5582,0.001959,74.125.24.0-255,7156,165826,19,283874
5583,0.001967,74.125.24.0-255,7856,173682,19,283874
5584,0.001969,172.31.36.0-255,66,173748,19,283874
5585,0.001979,172.31.36.0-255,66,173814,19,283874
5586,0.002025,74.125.24.0-255,1484,175298,19,283874
5587,0.002041,74.125.24.0-255,2902,178200,19,283874
5588,0.002049,74.125.24.0-255,5738,183938,19,283874
5589,0.002055,172.31.36.0-255,66,184004,19,283874
5590,0.002078,74.125.24.0-255,7156,191160,19,283874
5591,0.002093,172.31.36.0-255,66,191226,19,283874
5592,0.002115,74.125.24.0-255,5738,196964,19,283874
5593,0.002123,74.125.24.0-255,7156,204120,19,283874
5594,0.00214,74.125.24.0-255,3602,207722,19,283874
5595,0.002145,172.31.36.0-255,66,207788,19,283874
5596,0.002223,74.125.24.0-255,1484,209272,19,283874
5597,0.002229,74.125.24.0-255,2902,212174,19,283874
5598,0.002235,74.125.24.0-255,5738,217912,19,283874
5599,0.002251,74.125.24.0-255,1484,219396,19,283874
5600,0.002256,172.31.36.0-255,66,219462,19,283874
5601,0.002279,74.125.24.0-255,1484,220946,19,283874
5602,0.002303,74.125.24.0-255,9274,230220,19,283874
5603,0.002349,74.125.24.0-255,8574,238794,19,283874
5604,0.002366,74.125.24.0-255,2902,241696,19,283874
5605,0.002374,74.125.24.0-255,8574,250270,19,283874
5606,0.003044,74.125.24.0-255,66,250336,19,283874
5607,0.006047,172.31.36.0-255,66,250402,19,283874
5608,0.008347,74.125.24.0-255,4320,254722,19,283874
5609,0.008353,172.31.36.0-255,66,254788,19,283874
5610,0.00838,74.125.24.0-255,1484,256272,19,283874
5611,0.010627,74.125.24.0-255,4320,260592,19,283874
5612,0.010634,172.31.36.0-255,66,260658,19,283874
5613,0.012923,74.125.24.0-255,5738,266396,19,283874
5614,0.012931,172.31.36.0-255,66,266462,19,283874
5615,0.015187,74.125.24.0-255,5738,272200,19,283874
5616,0.015194,172.31.36.0-255,66,272266,19,283874
5617,0.017456,74.125.24.0-255,5738,278004,19,283874
5618,0.017468,172.31.36.0-255,66,278070,19,283874
5619,0.019716,74.125.24.0-255,5738,283808,19,283874
5620,0.019724,172.31.36.0-255,66,283874,19,283874
5621,0.0,172.217.194.0-255,145,145,19,332233
5622,2.9e-05,172.31.36.0-255,66,211,19,332233
5623,3.6e-05,172.217.194.0-255,1484,1695,19,332233
5624,4e-05,172.31.36.0-255,66,1761,19,332233
5625,4.5e-05,172.217.194.0-255,2902,4663,19,332233
5626,4.7e-05,172.31.36.0-255,66,4729,19,332233
5627,5.5e-05,172.217.194.0-255,7156,11885,19,332233
5628,5.7e-05,172.31.36.0-255,66,11951,19,332233
5629,5.9e-05,172.217.194.0-255,1484,13435,19,332233
5630,6.2e-05,172.31.36.0-255,66,13501,19,332233
5631,0.000107,172.217.194.0-255,2902,16403,19,332233
5632,0.00011,172.31.36.0-255,66,16469,19,332233
5633,0.000136,172.217.194.0-255,7700,24169,19,332233
5634,0.00014,172.31.36.0-255,66,24235,19,332233
5635,0.000158,172.217.194.0-255,2902,27137,19,332233
5636,0.000164,172.31.36.0-255,66,27203,19,332233
5637,0.000182,172.217.194.0-255,3961,31164,19,332233
5638,0.000185,172.31.36.0-255,66,31230,19,332233
5639,0.000249,172.217.194.0-255,1484,32714,19,332233
5640,0.000252,172.31.36.0-255,66,32780,19,332233
5641,0.000286,172.217.194.0-255,2902,35682,19,332233
5642,0.00029,172.31.36.0-255,66,35748,19,332233
5643,0.000296,172.217.194.0-255,5738,41486,19,332233
5644,0.0003,172.31.36.0-255,66,41552,19,332233
5645,0.000326,172.217.194.0-255,4320,45872,19,332233
5646,0.00033,172.31.36.0-255,66,45938,19,332233
5647,0.000374,172.217.194.0-255,8574,54512,19,332233
5648,0.000378,172.31.36.0-255,66,54578,19,332233
5649,0.000398,172.217.194.0-255,1125,55703,19,332233
5650,0.000401,172.31.36.0-255,66,55769,19,332233
5651,0.00041,172.217.194.0-255,9887,65656,19,332233
5652,0.000413,172.31.36.0-255,66,65722,19,332233
5653,0.000448,172.217.194.0-255,432,66154,19,332233
5654,0.000573,172.217.194.0-255,1484,67638,19,332233
5655,0.000577,172.31.36.0-255,66,67704,19,332233
5656,0.000583,172.217.194.0-255,2902,70606,19,332233
5657,0.000585,172.31.36.0-255,66,70672,19,332233
5658,0.000614,172.217.194.0-255,2902,73574,19,332233
5659,0.00062,172.31.36.0-255,66,73640,19,332233
5660,0.000629,172.217.194.0-255,2902,76542,19,332233
5661,0.000632,172.31.36.0-255,66,76608,19,332233
5662,0.000645,172.31.36.0-255,66,76674,19,332233
5663,0.000691,172.217.194.0-255,10692,87366,19,332233
5664,0.000695,172.31.36.0-255,66,87432,19,332233
5665,0.000875,172.217.194.0-255,1484,88916,19,332233
5666,0.000882,172.217.194.0-255,2902,91818,19,332233
5667,0.000887,172.217.194.0-255,4320,96138,19,332233
5668,0.000886,172.31.36.0-255,66,96204,19,332233
5669,0.00089,172.31.36.0-255,66,96270,19,332233
5670,0.000903,172.217.194.0-255,1484,97754,19,332233
5671,0.000921,172.217.194.0-255,5738,103492,19,332233
5672,0.000924,172.31.36.0-255,66,103558,19,332233
5673,0.000947,172.217.194.0-255,7156,110714,19,332233
5674,0.00095,172.31.36.0-255,66,110780,19,332233
5675,0.000959,172.217.194.0-255,9992,120772,19,332233
5676,0.000962,172.31.36.0-255,66,120838,19,332233
5677,0.000965,172.217.194.0-255,766,121604,19,332233
5678,0.000986,172.217.194.0-255,1484,123088,19,332233
5679,0.000989,172.31.36.0-255,66,123154,19,332233
5680,0.000994,172.217.194.0-255,4320,127474,19,332233
5681,0.000997,172.31.36.0-255,66,127540,19,332233
5682,0.001,172.217.194.0-255,1484,129024,19,332233
5683,0.001031,172.217.194.0-255,8574,137598,19,332233
5684,0.001036,172.31.36.0-255,66,137664,19,332233
5685,0.001043,172.217.194.0-255,7156,144820,19,332233
5686,0.001045,172.31.36.0-255,66,144886,19,332233
5687,0.00107,172.217.194.0-255,5738,150624,19,332233
5688,0.001073,172.31.36.0-255,66,150690,19,332233
5689,0.001096,172.217.194.0-255,5020,155710,19,332233
5690,0.001099,172.31.36.0-255,66,155776,19,332233
5691,0.001141,172.217.194.0-255,1484,157260,19,332233
5692,0.001158,172.217.194.0-255,2902,160162,19,332233
5693,0.001162,172.31.36.0-255,66,160228,19,332233
5694,0.001183,172.217.194.0-255,5738,165966,19,332233
5695,0.001186,172.31.36.0-255,66,166032,19,332233
5696,0.001192,172.217.194.0-255,5738,171770,19,332233
5697,0.001194,172.31.36.0-255,66,171836,19,332233
5698,0.001225,172.31.36.0-255,66,171902,19,332233
5699,0.001242,172.217.194.0-255,5020,176922,19,332233
5700,0.001245,172.31.36.0-255,66,176988,19,332233
5701,0.001269,172.217.194.0-255,2902,179890,19,332233
5702,0.001272,172.31.36.0-255,66,179956,19,332233
5703,0.001289,172.217.194.0-255,2902,182858,19,332233
5704,0.001291,172.31.36.0-255,66,182924,19,332233
5705,0.001297,172.217.194.0-255,7156,190080,19,332233
5706,0.0013,172.31.36.0-255,66,190146,19,332233
5707,0.00133,172.31.36.0-255,66,190212,19,332233
5708,0.001358,172.217.194.0-255,2902,193114,19,332233
5709,0.001361,172.31.36.0-255,66,193180,19,332233
5710,0.00138,172.217.194.0-255,9274,202454,19,332233
5711,0.001385,172.31.36.0-255,66,202520,19,332233
5712,0.001388,172.217.194.0-255,9992,212512,19,332233
5713,0.00139,172.31.36.0-255,66,212578,19,332233
5714,0.001425,172.217.194.0-255,2902,215480,19,332233
5715,0.001428,172.31.36.0-255,66,215546,19,332233
5716,0.001436,172.217.194.0-255,9992,225538,19,332233
5717,0.001438,172.31.36.0-255,66,225604,19,332233
5718,0.001484,172.217.194.0-255,5020,230624,19,332233
5719,0.001488,172.31.36.0-255,66,230690,19,332233
5720,0.001532,172.217.194.0-255,1484,232174,19,332233
5721,0.001538,172.217.194.0-255,2902,235076,19,332233
5722,0.001541,172.31.36.0-255,66,235142,19,332233
5723,0.001556,172.217.194.0-255,2902,238044,19,332233
5724,0.001558,172.31.36.0-255,66,238110,19,332233
5725,0.001582,172.217.194.0-255,2902,241012,19,332233
5726,0.001585,172.31.36.0-255,66,241078,19,332233
5727,0.001593,172.217.194.0-255,9992,251070,19,332233
5728,0.001596,172.31.36.0-255,66,251136,19,332233
5729,0.00162,172.217.194.0-255,2902,254038,19,332233
5730,0.001623,172.31.36.0-255,66,254104,19,332233
5731,0.001628,172.217.194.0-255,4320,258424,19,332233
5732,0.00163,172.31.36.0-255,66,258490,19,332233
5733,0.001661,172.217.194.0-255,6438,264928,19,332233
5734,0.001665,172.31.36.0-255,66,264994,19,332233
5735,0.001739,172.217.194.0-255,1484,266478,19,332233
5736,0.001744,172.217.194.0-255,2902,269380,19,332233
5737,0.001747,172.31.36.0-255,66,269446,19,332233
5738,0.001762,172.217.194.0-255,2902,272348,19,332233
5739,0.001764,172.31.36.0-255,66,272414,19,332233
5740,0.001785,172.217.194.0-255,2902,275316,19,332233
5741,0.001787,172.31.36.0-255,66,275382,19,332233
5742,0.001792,172.217.194.0-255,2902,278284,19,332233
5743,0.001794,172.31.36.0-255,66,278350,19,332233
5744,0.001821,172.217.194.0-255,9992,288342,19,332233
5745,0.001824,172.31.36.0-255,66,288408,19,332233
5746,0.001829,172.217.194.0-255,5738,294146,19,332233
5747,0.001832,172.31.36.0-255,66,294212,19,332233
5748,0.001872,172.217.194.0-255,5020,299232,19,332233
5749,0.001876,172.31.36.0-255,66,299298,19,332233
5750,0.001916,172.217.194.0-255,1484,300782,19,332233
5751,0.00192,172.217.194.0-255,2902,303684,19,332233
5752,0.001923,172.31.36.0-255,66,303750,19,332233
5753,0.001944,172.217.194.0-255,5738,309488,19,332233
5754,0.001947,172.31.36.0-255,66,309554,19,332233
5755,0.001962,172.217.194.0-255,1484,311038,19,332233
5756,0.001985,172.31.36.0-255,66,311104,19,332233
5757,0.002005,172.217.194.0-255,4320,315424,19,332233
5758,0.002009,172.31.36.0-255,66,315490,19,332233
5759,0.002028,172.31.36.0-255,66,315556,19,332233
5760,0.002046,172.217.194.0-255,5020,320576,19,332233
5761,0.002048,172.31.36.0-255,66,320642,19,332233
5762,0.002062,172.31.36.0-255,66,320708,19,332233
5763,0.002093,172.217.194.0-255,10692,331400,19,332233
5764,0.002097,172.31.36.0-255,66,331466,19,332233
5765,0.0021,172.217.194.0-255,328,331794,19,332233
5766,0.00215,172.217.194.0-255,97,331891,19,332233
5767,0.002211,172.217.194.0-255,105,331996,19,332233
5768,0.003441,172.31.36.0-255,66,332062,19,332233
5769,0.003468,172.31.36.0-255,105,332167,19,332233
5770,0.006016,172.217.194.0-255,66,332233,19,332233
5771,0.0,74.125.24.0-255,149,149,19,304645
5772,2e-05,172.31.36.0-255,66,215,19,304645
5773,2.7e-05,74.125.24.0-255,1484,1699,19,304645
5774,3.1e-05,172.31.36.0-255,66,1765,19,304645
5775,3.6e-05,74.125.24.0-255,2902,4667,19,304645
5776,3.8e-05,172.31.36.0-255,66,4733,19,304645
5777,4.5e-05,74.125.24.0-255,7156,11889,19,304645
5778,4.9e-05,172.31.36.0-255,66,11955,19,304645
5779,7.9e-05,74.125.24.0-255,7738,19693,19,304645
5780,8.2e-05,172.31.36.0-255,66,19759,19,304645
5781,0.000104,74.125.24.0-255,5738,25497,19,304645
5782,0.000106,172.31.36.0-255,66,25563,19,304645
5783,0.00012,74.125.24.0-255,5379,30942,19,304645
5784,0.000122,172.31.36.0-255,66,31008,19,304645
5785,0.000167,74.125.24.0-255,1484,32492,19,304645
5786,0.000169,172.31.36.0-255,66,32558,19,304645
5787,0.000174,74.125.24.0-255,2902,35460,19,304645
5788,0.000175,172.31.36.0-255,66,35526,19,304645
5789,0.000201,74.125.24.0-255,5738,41264,19,304645
5790,0.000203,172.31.36.0-255,66,41330,19,304645
5791,0.000209,74.125.24.0-255,6797,48127,19,304645
5792,0.000211,172.31.36.0-255,66,48193,19,304645
5793,0.000264,172.31.36.0-255,66,48259,19,304645
5794,0.000295,74.125.24.0-255,2819,51078,19,304645
5795,0.000297,172.31.36.0-255,66,51144,19,304645
5796,0.000343,74.125.24.0-255,129,51273,19,304645
5797,0.000346,172.31.36.0-255,66,51339,19,304645
5798,0.000479,74.125.24.0-255,1484,52823,19,304645
5799,0.000484,74.125.24.0-255,2902,55725,19,304645
5800,0.00049,74.125.24.0-255,5738,61463,19,304645
5801,0.000495,172.31.36.0-255,66,61529,19,304645
5802,0.000503,172.31.36.0-255,66,61595,19,304645
5803,0.000506,172.31.36.0-255,66,61661,19,304645
5804,0.000552,172.31.36.0-255,66,61727,19,304645
5805,0.000561,74.125.24.0-255,9334,71061,19,304645
5806,0.000563,172.31.36.0-255,66,71127,19,304645
5807,0.000625,74.125.24.0-255,1484,72611,19,304645
5808,0.000641,74.125.24.0-255,2902,75513,19,304645
5809,0.000643,172.31.36.0-255,66,75579,19,304645
5810,0.000649,74.125.24.0-255,5738,81317,19,304645
5811,0.000651,172.31.36.0-255,66,81383,19,304645
5812,0.00067,74.125.24.0-255,2902,84285,19,304645
5813,0.000672,172.31.36.0-255,66,84351,19,304645
5814,0.000693,74.125.24.0-255,9992,94343,19,304645
5815,0.000695,172.31.36.0-255,66,94409,19,304645
5816,0.0007,74.125.24.0-255,2902,97311,19,304645
5817,0.000702,172.31.36.0-255,66,97377,19,304645
5818,0.000723,74.125.24.0-255,7856,105233,19,304645
5819,0.000726,172.31.36.0-255,66,105299,19,304645
5820,0.000769,74.125.24.0-255,1484,106783,19,304645
5821,0.000774,74.125.24.0-255,2902,109685,19,304645
5822,0.000776,172.31.36.0-255,66,109751,19,304645
5823,0.000799,74.125.24.0-255,5738,115489,19,304645
5824,0.000802,172.31.36.0-255,66,115555,19,304645
5825,0.000804,74.125.24.0-255,1484,117039,19,304645
5826,0.000824,74.125.24.0-255,8574,125613,19,304645
5827,0.000827,172.31.36.0-255,66,125679,19,304645
5828,0.000848,74.125.24.0-255,2902,128581,19,304645
5829,0.00085,172.31.36.0-255,66,128647,19,304645
5830,0.000874,74.125.24.0-255,10692,139339,19,304645
5831,0.000877,172.31.36.0-255,66,139405,19,304645
5832,0.000923,74.125.24.0-255,1484,140889,19,304645
5833,0.00094,74.125.24.0-255,2902,143791,19,304645
5834,0.000942,172.31.36.0-255,66,143857,19,304645
5835,0.00095,74.125.24.0-255,5738,149595,19,304645
5836,0.000952,172.31.36.0-255,66,149661,19,304645
5837,0.000955,74.125.24.0-255,1484,151145,19,304645
5838,0.000979,74.125.24.0-255,8574,159719,19,304645
5839,0.000982,172.31.36.0-255,66,159785,19,304645
5840,0.001021,74.125.24.0-255,8574,168359,19,304645
5841,0.001024,172.31.36.0-255,66,168425,19,304645
5842,0.001044,74.125.24.0-255,5020,173445,19,304645
5843,0.001046,172.31.36.0-255,66,173511,19,304645
5844,0.001108,74.125.24.0-255,1484,174995,19,304645
5845,0.001127,74.125.24.0-255,2902,177897,19,304645
5846,0.001129,172.31.36.0-255,66,177963,19,304645
5847,0.001152,74.125.24.0-255,5738,183701,19,304645
5848,0.00116,74.125.24.0-255,8574,192275,19,304645
5849,0.00117,172.31.36.0-255,66,192341,19,304645
5850,0.001179,74.125.24.0-255,4320,196661,19,304645
5851,0.001185,74.125.24.0-255,7156,203817,19,304645
5852,0.001217,172.31.36.0-255,66,203883,19,304645
5853,0.001258,74.125.24.0-255,3602,207485,19,304645
5854,0.001266,74.125.24.0-255,7156,214641,19,304645
5855,0.001271,172.31.36.0-255,66,214707,19,304645
5856,0.001283,74.125.24.0-255,2902,217609,19,304645
5857,0.001285,172.31.36.0-255,66,217675,19,304645
5858,0.001291,74.125.24.0-255,5020,222695,19,304645
5859,0.001305,172.31.36.0-255,66,222761,19,304645
5860,0.001316,74.125.24.0-255,5738,228499,19,304645
5861,0.001321,74.125.24.0-255,5738,234237,19,304645
5862,0.001326,172.31.36.0-255,66,234303,19,304645
5863,0.001343,74.125.24.0-255,8574,242877,19,304645
5864,0.001357,74.125.24.0-255,4320,247197,19,304645
5865,0.001362,172.31.36.0-255,66,247263,19,304645
5866,0.001373,74.125.24.0-255,7156,254419,19,304645
5867,0.001382,172.31.36.0-255,66,254485,19,304645
5868,0.001386,74.125.24.0-255,2184,256669,19,304645
5869,0.001408,172.31.36.0-255,66,256735,19,304645
5870,0.001429,74.125.24.0-255,9992,266727,19,304645
5871,0.001434,74.125.24.0-255,2902,269629,19,304645
5872,0.001438,172.31.36.0-255,66,269695,19,304645
5873,0.001461,74.125.24.0-255,8574,278269,19,304645
5874,0.001488,74.125.24.0-255,5738,284007,19,304645
5875,0.001493,172.31.36.0-255,66,284073,19,304645
5876,0.001521,74.125.24.0-255,10692,294765,19,304645
5877,0.001548,172.31.36.0-255,66,294831,19,304645
5878,0.001564,74.125.24.0-255,1484,296315,19,304645
5879,0.001606,172.31.36.0-255,66,296381,19,304645
5880,0.00161,74.125.24.0-255,2902,299283,19,304645
5881,0.001615,172.31.36.0-255,66,299349,19,304645
5882,0.001624,74.125.24.0-255,4888,304237,19,304645
5883,0.001649,172.31.36.0-255,66,304303,19,304645
5884,0.001683,74.125.24.0-255,105,304408,19,304645
5885,0.008406,172.31.36.0-255,66,304474,19,304645
5886,0.008447,172.31.36.0-255,105,304579,19,304645
5887,0.010742,74.125.24.0-255,66,304645,19,304645
5888,0.0,172.253.118.0-255,150,150,19,362909
5889,1.5e-05,172.31.36.0-255,66,216,19,362909
5890,2.2e-05,172.253.118.0-255,1484,1700,19,362909
5891,2.7e-05,172.31.36.0-255,66,1766,19,362909
5892,3.3e-05,172.253.118.0-255,2902,4668,19,362909
5893,4.4e-05,172.31.36.0-255,66,4734,19,362909
5894,4.9e-05,172.253.118.0-255,4320,9054,19,362909
5895,5.3e-05,172.31.36.0-255,66,9120,19,362909
5896,8.9e-05,172.253.118.0-255,4940,14060,19,362909
5897,9.2e-05,172.31.36.0-255,66,14126,19,362909
5898,0.000168,172.253.118.0-255,1484,15610,19,362909
5899,0.000171,172.31.36.0-255,66,15676,19,362909
5900,0.000176,172.253.118.0-255,2902,18578,19,362909
5901,0.000178,172.31.36.0-255,66,18644,19,362909
5902,0.000206,172.253.118.0-255,5738,24382,19,362909
5903,0.000208,172.31.36.0-255,66,24448,19,362909
5904,0.000239,172.253.118.0-255,6797,31245,19,362909
5905,0.000243,172.31.36.0-255,66,31311,19,362909
5906,0.000281,172.253.118.0-255,4320,35631,19,362909
5907,0.000284,172.31.36.0-255,66,35697,19,362909
5908,0.000309,172.253.118.0-255,1484,37181,19,362909
5909,0.000312,172.31.36.0-255,66,37247,19,362909
5910,0.00032,172.253.118.0-255,7156,44403,19,362909
5911,0.000322,172.31.36.0-255,66,44469,19,362909
5912,0.000332,172.253.118.0-255,3961,48430,19,362909
5913,0.000335,172.31.36.0-255,66,48496,19,362909
5914,0.000562,172.253.118.0-255,1484,49980,19,362909
5915,0.000567,172.31.36.0-255,66,50046,19,362909
5916,0.000572,172.253.118.0-255,1484,51530,19,362909
5917,0.000574,172.31.36.0-255,66,51596,19,362909
5918,0.000593,172.253.118.0-255,1484,53080,19,362909
5919,0.000595,172.31.36.0-255,66,53146,19,362909
5920,0.000603,172.253.118.0-255,4320,57466,19,362909
5921,0.000605,172.31.36.0-255,66,57532,19,362909
5922,0.000612,172.253.118.0-255,5738,63270,19,362909
5923,0.000614,172.31.36.0-255,66,63336,19,362909
5924,0.00065,172.253.118.0-255,3122,66458,19,362909
5925,0.000654,172.31.36.0-255,66,66524,19,362909
5926,0.000691,172.253.118.0-255,1484,68008,19,362909
5927,0.000695,172.253.118.0-255,1484,69492,19,362909
5928,0.000697,172.31.36.0-255,66,69558,19,362909
5929,0.000729,172.253.118.0-255,1484,71042,19,362909
5930,0.000737,172.253.118.0-255,5738,76780,19,362909
5931,0.00074,172.31.36.0-255,66,76846,19,362909
5932,0.000761,172.31.36.0-255,66,76912,19,362909
5933,0.000786,172.253.118.0-255,1484,78396,19,362909
5934,0.000818,172.253.118.0-255,9274,87670,19,362909
5935,0.000821,172.31.36.0-255,66,87736,19,362909
5936,0.000979,172.253.118.0-255,1484,89220,19,362909
5937,0.000984,172.253.118.0-255,2902,92122,19,362909
5938,0.000988,172.31.36.0-255,66,92188,19,362909
5939,0.000993,172.253.118.0-255,4320,96508,19,362909
5940,0.000996,172.31.36.0-255,66,96574,19,362909
5941,0.001015,172.253.118.0-255,1484,98058,19,362909
5942,0.001023,172.253.118.0-255,5738,103796,19,362909
5943,0.00103,172.31.36.0-255,66,103862,19,362909
5944,0.001033,172.253.118.0-255,1484,105346,19,362909
5945,0.00106,172.31.36.0-255,66,105412,19,362909
5946,0.001064,172.253.118.0-255,2902,108314,19,362909
5947,0.001067,172.31.36.0-255,66,108380,19,362909
5948,0.001088,172.253.118.0-255,2184,110564,19,362909
5949,0.001093,172.31.36.0-255,66,110630,19,362909
5950,0.001238,172.253.118.0-255,1484,112114,19,362909
5951,0.001272,172.253.118.0-255,1484,113598,19,362909
5952,0.001275,172.31.36.0-255,66,113664,19,362909
5953,0.001301,172.253.118.0-255,1484,115148,19,362909
5954,0.001308,172.253.118.0-255,5738,120886,19,362909
5955,0.00131,172.31.36.0-255,66,120952,19,362909
5956,0.001328,172.31.36.0-255,66,121018,19,362909
5957,0.001337,172.253.118.0-255,8574,129592,19,362909
5958,0.001339,172.31.36.0-255,66,129658,19,362909
5959,0.001344,172.253.118.0-255,2184,131842,19,362909
5960,0.001346,172.31.36.0-255,66,131908,19,362909
5961,0.001604,172.253.118.0-255,1484,133392,19,362909
5962,0.001609,172.253.118.0-255,1484,134876,19,362909
5963,0.001613,172.31.36.0-255,66,134942,19,362909
5964,0.001637,172.253.118.0-255,1484,136426,19,362909
5965,0.001645,172.253.118.0-255,5738,142164,19,362909
5966,0.001647,172.31.36.0-255,66,142230,19,362909
5967,0.001651,172.253.118.0-255,1484,143714,19,362909
5968,0.001682,172.253.118.0-255,5738,149452,19,362909
5969,0.001684,172.31.36.0-255,66,149518,19,362909
5970,0.001688,172.253.118.0-255,1484,151002,19,362909
5971,0.001716,172.253.118.0-255,9992,160994,19,362909
5972,0.001719,172.31.36.0-255,66,161060,19,362909
5973,0.001748,172.253.118.0-255,2902,163962,19,362909
5974,0.001751,172.31.36.0-255,66,164028,19,362909
5975,0.001755,172.253.118.0-255,2184,166212,19,362909
5976,0.001757,172.31.36.0-255,66,166278,19,362909
5977,0.002005,172.253.118.0-255,1484,167762,19,362909
5978,0.002012,172.253.118.0-255,2902,170664,19,362909
5979,0.002015,172.31.36.0-255,66,170730,19,362909
5980,0.002022,172.253.118.0-255,5738,176468,19,362909
5981,0.002024,172.31.36.0-255,66,176534,19,362909
5982,0.002052,172.253.118.0-255,4320,180854,19,362909
5983,0.002055,172.31.36.0-255,66,180920,19,362909
5984,0.00209,172.253.118.0-255,8574,189494,19,362909
5985,0.002093,172.31.36.0-255,66,189560,19,362909
5986,0.002096,172.253.118.0-255,1484,191044,19,362909
5987,0.00214,172.253.118.0-255,9274,200318,19,362909
5988,0.002143,172.31.36.0-255,66,200384,19,362909
5989,0.002334,172.253.118.0-255,1484,201868,19,362909
5990,0.002339,172.253.118.0-255,1484,203352,19,362909
5991,0.002343,172.31.36.0-255,66,203418,19,362909
5992,0.002368,172.253.118.0-255,1484,204902,19,362909
5993,0.002373,172.253.118.0-255,2902,207804,19,362909
5994,0.002376,172.31.36.0-255,66,207870,19,362909
5995,0.00238,172.253.118.0-255,1484,209354,19,362909
5996,0.002382,172.253.118.0-255,1484,210838,19,362909
5997,0.002385,172.31.36.0-255,66,210904,19,362909
5998,0.002426,172.253.118.0-255,8574,219478,19,362909
5999,0.00243,172.31.36.0-255,66,219544,19,362909
6000,0.002439,172.253.118.0-255,8574,228118,19,362909
6001,0.002446,172.31.36.0-255,66,228184,19,362909
6002,0.002449,172.253.118.0-255,1484,229668,19,362909
6003,0.002456,172.253.118.0-255,5020,234688,19,362909
6004,0.002459,172.31.36.0-255,66,234754,19,362909
6005,0.002543,172.253.118.0-255,1484,236238,19,362909
6006,0.00256,172.253.118.0-255,2902,239140,19,362909
6007,0.002564,172.31.36.0-255,66,239206,19,362909
6008,0.002571,172.253.118.0-255,5738,244944,19,362909
6009,0.002573,172.31.36.0-255,66,245010,19,362909
6010,0.00258,172.253.118.0-255,1484,246494,19,362909
6011,0.00261,172.253.118.0-255,5738,252232,19,362909
6012,0.002614,172.31.36.0-255,66,252298,19,362909
6013,0.002617,172.253.118.0-255,1484,253782,19,362909
6014,0.002649,172.253.118.0-255,9992,263774,19,362909
6015,0.002652,172.31.36.0-255,66,263840,19,362909
6016,0.002655,172.253.118.0-255,1484,265324,19,362909
6017,0.002658,172.253.118.0-255,1484,266808,19,362909
6018,0.002659,172.31.36.0-255,66,266874,19,362909
6019,0.002669,172.253.118.0-255,2184,269058,19,362909
6020,0.002671,172.31.36.0-255,66,269124,19,362909
6021,0.002749,172.253.118.0-255,1484,270608,19,362909
6022,0.002765,172.253.118.0-255,2902,273510,19,362909
6023,0.00277,172.31.36.0-255,66,273576,19,362909
6024,0.002775,172.253.118.0-255,2902,276478,19,362909
6025,0.002777,172.31.36.0-255,66,276544,19,362909
6026,0.002808,172.253.118.0-255,2902,279446,19,362909
6027,0.002811,172.31.36.0-255,66,279512,19,362909
6028,0.002829,172.31.36.0-255,66,279578,19,362909
6029,0.002877,172.253.118.0-255,9992,289570,19,362909
6030,0.00288,172.31.36.0-255,66,289636,19,362909
6031,0.00289,172.253.118.0-255,766,290402,19,362909
6032,0.002893,172.253.118.0-255,1484,291886,19,362909
6033,0.002895,172.31.36.0-255,66,291952,19,362909
6034,0.002905,172.253.118.0-255,2902,294854,19,362909
6035,0.002907,172.31.36.0-255,66,294920,19,362909
6036,0.002913,172.253.118.0-255,5738,300658,19,362909
6037,0.002915,172.31.36.0-255,66,300724,19,362909
6038,0.002947,172.253.118.0-255,5738,306462,19,362909
6039,0.002954,172.31.36.0-255,66,306528,19,362909
6040,0.002957,172.253.118.0-255,1484,308012,19,362909
6041,0.002985,172.253.118.0-255,9992,318004,19,362909
6042,0.002988,172.31.36.0-255,66,318070,19,362909
6043,0.003021,172.253.118.0-255,7856,325926,19,362909
6044,0.003024,172.31.36.0-255,66,325992,19,362909
6045,0.003028,172.253.118.0-255,2902,328894,19,362909
6046,0.003031,172.31.36.0-255,66,328960,19,362909
6047,0.003065,172.253.118.0-255,9992,338952,19,362909
6048,0.003068,172.31.36.0-255,66,339018,19,362909
6049,0.003072,172.253.118.0-255,2902,341920,19,362909
6050,0.003074,172.31.36.0-255,66,341986,19,362909
6051,0.003106,172.253.118.0-255,9992,351978,19,362909
6052,0.003108,172.31.36.0-255,66,352044,19,362909
6053,0.003115,172.253.118.0-255,6438,358482,19,362909
6054,0.003117,172.31.36.0-255,66,358548,19,362909
6055,0.003123,172.253.118.0-255,3953,362501,19,362909
6056,0.003125,172.31.36.0-255,66,362567,19,362909
6057,0.003164,172.253.118.0-255,105,362672,19,362909
6058,0.009398,172.31.36.0-255,66,362738,19,362909
6059,0.009438,172.31.36.0-255,105,362843,19,362909
6060,0.011729,172.253.118.0-255,66,362909,19,362909
6061,0.0,216.58.221.0-255,152,152,19,186276
6062,2e-05,172.31.36.0-255,66,218,19,186276
6063,2.6e-05,216.58.221.0-255,1484,1702,19,186276
6064,3.1e-05,172.31.36.0-255,66,1768,19,186276
6065,4.4e-05,216.58.221.0-255,2902,4670,19,186276
6066,4.8e-05,172.31.36.0-255,66,4736,19,186276
6067,5.4e-05,216.58.221.0-255,5738,10474,19,186276
6068,5.6e-05,172.31.36.0-255,66,10540,19,186276
6069,7.4e-05,216.58.221.0-255,1484,12024,19,186276
6070,7.7e-05,172.31.36.0-255,66,12090,19,186276
6071,0.000104,216.58.221.0-255,2101,14191,19,186276
6072,0.000106,172.31.36.0-255,66,14257,19,186276
6073,0.000133,216.58.221.0-255,4320,18577,19,186276
6074,0.000136,172.31.36.0-255,66,18643,19,186276
6075,0.000142,216.58.221.0-255,7156,25799,19,186276
6076,0.000144,172.31.36.0-255,66,25865,19,186276
6077,0.000185,216.58.221.0-255,5379,31244,19,186276
6078,0.000188,172.31.36.0-255,66,31310,19,186276
6079,0.000337,216.58.221.0-255,1484,32794,19,186276
6080,0.000342,172.31.36.0-255,66,32860,19,186276
6081,0.000347,216.58.221.0-255,2902,35762,19,186276
6082,0.000349,172.31.36.0-255,66,35828,19,186276
6083,0.000385,216.58.221.0-255,5738,41566,19,186276
6084,0.000388,172.31.36.0-255,66,41632,19,186276
6085,0.000395,216.58.221.0-255,6797,48429,19,186276
6086,0.000397,172.31.36.0-255,66,48495,19,186276
6087,0.000691,216.58.221.0-255,1484,49979,19,186276
6088,0.000695,172.31.36.0-255,66,50045,19,186276
6089,0.000701,216.58.221.0-255,2902,52947,19,186276
6090,0.000702,172.31.36.0-255,66,53013,19,186276
6091,0.000723,216.58.221.0-255,4320,57333,19,186276
6092,0.000729,172.31.36.0-255,66,57399,19,186276
6093,0.000733,216.58.221.0-255,2902,60301,19,186276
6094,0.000735,172.31.36.0-255,66,60367,19,186276
6095,0.000758,216.58.221.0-255,2902,63269,19,186276
6096,0.00076,172.31.36.0-255,66,63335,19,186276
6097,0.000768,216.58.221.0-255,2543,65878,19,186276
6098,0.000769,172.31.36.0-255,66,65944,19,186276
6099,0.000772,216.58.221.0-255,356,66300,19,186276
6100,0.001023,216.58.221.0-255,141,66441,19,186276
6101,0.001027,172.31.36.0-255,66,66507,19,186276
6102,0.001048,172.31.36.0-255,66,66573,19,186276
6103,0.001157,216.58.221.0-255,1484,68057,19,186276
6104,0.001166,216.58.221.0-255,2902,70959,19,186276
6105,0.001169,172.31.36.0-255,66,71025,19,186276
6106,0.001175,216.58.221.0-255,4320,75345,19,186276
6107,0.001177,172.31.36.0-255,66,75411,19,186276
6108,0.001193,216.58.221.0-255,1484,76895,19,186276
6109,0.001239,216.58.221.0-255,6797,83692,19,186276
6110,0.001242,172.31.36.0-255,66,83758,19,186276
6111,0.001289,216.58.221.0-255,4320,88078,19,186276
6112,0.001293,172.31.36.0-255,66,88144,19,186276
6113,0.001308,216.58.221.0-255,2902,91046,19,186276
6114,0.001315,172.31.36.0-255,66,91112,19,186276
6115,0.00132,216.58.221.0-255,4320,95432,19,186276
6116,0.001322,172.31.36.0-255,66,95498,19,186276
6117,0.001328,216.58.221.0-255,5379,100877,19,186276
6118,0.00133,172.31.36.0-255,66,100943,19,186276
6119,0.001333,216.58.221.0-255,343,101286,19,186276
6120,0.001866,216.58.221.0-255,1484,102770,19,186276
6121,0.001873,172.31.36.0-255,66,102836,19,186276
6122,0.00188,216.58.221.0-255,2902,105738,19,186276
6123,0.001882,172.31.36.0-255,66,105804,19,186276
6124,0.001892,216.58.221.0-255,5738,111542,19,186276
6125,0.001894,172.31.36.0-255,66,111608,19,186276
6126,0.001899,216.58.221.0-255,4320,115928,19,186276
6127,0.001901,172.31.36.0-255,66,115994,19,186276
6128,0.001938,216.58.221.0-255,8574,124568,19,186276
6129,0.001941,172.31.36.0-255,66,124634,19,186276
6130,0.001949,216.58.221.0-255,9992,134626,19,186276
6131,0.001951,172.31.36.0-255,66,134692,19,186276
6132,0.001958,216.58.221.0-255,766,135458,19,186276
6133,0.003885,216.58.221.0-255,4320,139778,19,186276
6134,0.003889,172.31.36.0-255,66,139844,19,186276
6135,0.005843,216.58.221.0-255,5738,145582,19,186276
6136,0.005848,172.31.36.0-255,66,145648,19,186276
6137,0.007801,216.58.221.0-255,5738,151386,19,186276
6138,0.007808,172.31.36.0-255,66,151452,19,186276
6139,0.009759,216.58.221.0-255,5738,157190,19,186276
6140,0.009769,172.31.36.0-255,66,157256,19,186276
6141,0.011722,216.58.221.0-255,5738,162994,19,186276
6142,0.01173,172.31.36.0-255,66,163060,19,186276
6143,0.01368,216.58.221.0-255,5738,168798,19,186276
6144,0.013686,172.31.36.0-255,66,168864,19,186276
6145,0.015632,216.58.221.0-255,5738,174602,19,186276
6146,0.015639,172.31.36.0-255,66,174668,19,186276
6147,0.017585,216.58.221.0-255,5738,180406,19,186276
6148,0.017592,172.31.36.0-255,66,180472,19,186276
6149,0.019551,216.58.221.0-255,5738,186210,19,186276
6150,0.019561,172.31.36.0-255,66,186276,19,186276
6151,0.0,74.125.68.0-255,220,220,19,249064
6152,2.5e-05,172.31.36.0-255,66,286,19,249064
6153,3.2e-05,74.125.68.0-255,1484,1770,19,249064
6154,3.8e-05,172.31.36.0-255,66,1836,19,249064
6155,4.4e-05,74.125.68.0-255,4320,6156,19,249064
6156,4.8e-05,172.31.36.0-255,66,6222,19,249064
6157,5.3e-05,74.125.68.0-255,2902,9124,19,249064
6158,5.6e-05,172.31.36.0-255,66,9190,19,249064
6159,6.2e-05,74.125.68.0-255,4320,13510,19,249064
6160,6.6e-05,172.31.36.0-255,66,13576,19,249064
6161,6.8e-05,74.125.68.0-255,454,14030,19,249064
6162,7.1e-05,172.31.36.0-255,66,14096,19,249064
6163,0.000141,74.125.68.0-255,1484,15580,19,249064
6164,0.000144,172.31.36.0-255,66,15646,19,249064
6165,0.000165,74.125.68.0-255,2902,18548,19,249064
6166,0.000168,172.31.36.0-255,66,18614,19,249064
6167,0.000196,74.125.68.0-255,4320,22934,19,249064
6168,0.000198,172.31.36.0-255,66,23000,19,249064
6169,0.000216,74.125.68.0-255,1484,24484,19,249064
6170,0.000219,172.31.36.0-255,66,24550,19,249064
6171,0.000227,74.125.68.0-255,6797,31347,19,249064
6172,0.000229,172.31.36.0-255,66,31413,19,249064
6173,0.000339,74.125.68.0-255,1484,32897,19,249064
6174,0.000343,172.31.36.0-255,66,32963,19,249064
6175,0.000347,74.125.68.0-255,1484,34447,19,249064
6176,0.000349,172.31.36.0-255,66,34513,19,249064
6177,0.000372,74.125.68.0-255,2902,37415,19,249064
6178,0.000374,172.31.36.0-255,66,37481,19,249064
6179,0.000392,74.125.68.0-255,1484,38965,19,249064
6180,0.000394,172.31.36.0-255,66,39031,19,249064
6181,0.000411,74.125.68.0-255,4320,43351,19,249064
6182,0.000414,172.31.36.0-255,66,43417,19,249064
6183,0.000451,74.125.68.0-255,6797,50214,19,249064
6184,0.000454,172.31.36.0-255,66,50280,19,249064
6185,0.000475,74.125.68.0-255,7156,57436,19,249064
6186,0.000478,172.31.36.0-255,66,57502,19,249064
6187,0.000521,74.125.68.0-255,8492,65994,19,249064
6188,0.000524,172.31.36.0-255,66,66060,19,249064
6189,0.000542,74.125.68.0-255,378,66438,19,249064
6190,0.000632,74.125.68.0-255,1484,67922,19,249064
6191,0.000636,172.31.36.0-255,66,67988,19,249064
6192,0.000669,74.125.68.0-255,2902,70890,19,249064
6193,0.000673,172.31.36.0-255,66,70956,19,249064
6194,0.000678,74.125.68.0-255,2902,73858,19,249064
6195,0.000681,172.31.36.0-255,66,73924,19,249064
6196,0.000694,74.125.68.0-255,1484,75408,19,249064
6197,0.000698,74.125.68.0-255,1484,76892,19,249064
6198,0.000701,172.31.36.0-255,66,76958,19,249064
6199,0.000725,74.125.68.0-255,2902,79860,19,249064
6200,0.000728,172.31.36.0-255,66,79926,19,249064
6201,0.000735,74.125.68.0-255,5738,85664,19,249064
6202,0.000737,172.31.36.0-255,66,85730,19,249064
6203,0.000768,74.125.68.0-255,5738,91468,19,249064
6204,0.000771,172.31.36.0-255,66,91534,19,249064
6205,0.000777,74.125.68.0-255,4320,95854,19,249064
6206,0.000779,172.31.36.0-255,66,95920,19,249064
6207,0.000794,74.125.68.0-255,2902,98822,19,249064
6208,0.000797,172.31.36.0-255,66,98888,19,249064
6209,0.000811,74.125.68.0-255,2184,101072,19,249064
6210,0.000813,172.31.36.0-255,66,101138,19,249064
6211,0.001049,74.125.68.0-255,1484,102622,19,249064
6212,0.001085,74.125.68.0-255,1484,104106,19,249064
6213,0.001089,172.31.36.0-255,66,104172,19,249064
6214,0.001108,74.125.68.0-255,1484,105656,19,249064
6215,0.001161,74.125.68.0-255,2902,108558,19,249064
6216,0.001165,172.31.36.0-255,66,108624,19,249064
6217,0.001221,74.125.68.0-255,4320,112944,19,249064
6218,0.001224,172.31.36.0-255,66,113010,19,249064
6219,0.001258,74.125.68.0-255,4320,117330,19,249064
6220,0.001262,172.31.36.0-255,66,117396,19,249064
6221,0.001278,74.125.68.0-255,1484,118880,19,249064
6222,0.001286,74.125.68.0-255,7156,126036,19,249064
6223,0.001289,172.31.36.0-255,66,126102,19,249064
6224,0.001314,74.125.68.0-255,2902,129004,19,249064
6225,0.001316,172.31.36.0-255,66,129070,19,249064
6226,0.00134,74.125.68.0-255,6438,135508,19,249064
6227,0.001343,172.31.36.0-255,66,135574,19,249064
6228,0.001904,74.125.68.0-255,1484,137058,19,249064
6229,0.00191,74.125.68.0-255,2902,139960,19,249064
6230,0.001929,172.31.36.0-255,66,140026,19,249064
6231,0.001933,74.125.68.0-255,1484,141510,19,249064
6232,0.001937,74.125.68.0-255,2902,144412,19,249064
6233,0.001939,172.31.36.0-255,66,144478,19,249064
6234,0.001944,74.125.68.0-255,2902,147380,19,249064
6235,0.001946,172.31.36.0-255,66,147446,19,249064
6236,0.00197,74.125.68.0-255,2902,150348,19,249064
6237,0.001977,74.125.68.0-255,7156,157504,19,249064
6238,0.001981,172.31.36.0-255,66,157570,19,249064
6239,0.001988,172.31.36.0-255,66,157636,19,249064
6240,0.001993,74.125.68.0-255,2902,160538,19,249064
6241,0.001995,172.31.36.0-255,66,160604,19,249064
6242,0.002019,74.125.68.0-255,4320,164924,19,249064
6243,0.002022,172.31.36.0-255,66,164990,19,249064
6244,0.002045,74.125.68.0-255,6438,171428,19,249064
6245,0.002049,172.31.36.0-255,66,171494,19,249064
6246,0.002052,74.125.68.0-255,1484,172978,19,249064
6247,0.002087,74.125.68.0-255,4320,177298,19,249064
6248,0.002089,172.31.36.0-255,66,177364,19,249064
6249,0.002125,74.125.68.0-255,9992,187356,19,249064
6250,0.002128,172.31.36.0-255,66,187422,19,249064
6251,0.002137,74.125.68.0-255,8574,195996,19,249064
6252,0.002139,172.31.36.0-255,66,196062,19,249064
6253,0.002148,74.125.68.0-255,7856,203918,19,249064
6254,0.00215,172.31.36.0-255,66,203984,19,249064
6255,0.00423,74.125.68.0-255,5738,209722,19,249064
6256,0.004237,172.31.36.0-255,66,209788,19,249064
6257,0.006311,74.125.68.0-255,4320,214108,19,249064
6258,0.006315,172.31.36.0-255,66,214174,19,249064
6259,0.006333,74.125.68.0-255,1484,215658,19,249064
6260,0.008414,74.125.68.0-255,4320,219978,19,249064
6261,0.008422,172.31.36.0-255,66,220044,19,249064
6262,0.01051,74.125.68.0-255,5738,225782,19,249064
6263,0.010519,172.31.36.0-255,66,225848,19,249064
6264,0.012598,74.125.68.0-255,5738,231586,19,249064
6265,0.012606,172.31.36.0-255,66,231652,19,249064
6266,0.014699,74.125.68.0-255,5738,237390,19,249064
6267,0.014707,172.31.36.0-255,66,237456,19,249064
6268,0.016794,74.125.68.0-255,5738,243194,19,249064
6269,0.016803,172.31.36.0-255,66,243260,19,249064
6270,0.018903,74.125.68.0-255,5738,248998,19,249064
6271,0.018913,172.31.36.0-255,66,249064,19,249064
6272,0.0,172.217.194.0-255,153,153,19,204431
6273,2.5e-05,172.31.36.0-255,66,219,19,204431
6274,3.1e-05,172.217.194.0-255,1484,1703,19,204431
6275,3.7e-05,172.31.36.0-255,66,1769,19,204431
6276,5.1e-05,172.217.194.0-255,2902,4671,19,204431
6277,5.5e-05,172.31.36.0-255,66,4737,19,204431
6278,6.5e-05,172.217.194.0-255,7156,11893,19,204431
6279,6.8e-05,172.31.36.0-255,66,11959,19,204431
6280,7.3e-05,172.217.194.0-255,2012,13971,19,204431
6281,7.6e-05,172.31.36.0-255,66,14037,19,204431
6282,0.000282,172.217.194.0-255,1484,15521,19,204431
6283,0.000287,172.31.36.0-255,66,15587,19,204431
6284,0.000293,172.217.194.0-255,2902,18489,19,204431
6285,0.000296,172.31.36.0-255,66,18555,19,204431
6286,0.000301,172.217.194.0-255,2902,21457,19,204431
6287,0.000308,172.31.36.0-255,66,21523,19,204431
6288,0.000314,172.217.194.0-255,4320,25843,19,204431
6289,0.000316,172.31.36.0-255,66,25909,19,204431
6290,0.000351,172.217.194.0-255,9633,35542,19,204431
6291,0.000355,172.31.36.0-255,66,35608,19,204431
6292,0.000378,172.217.194.0-255,5738,41346,19,204431
6293,0.00038,172.31.36.0-255,66,41412,19,204431
6294,0.000387,172.217.194.0-255,4320,45732,19,204431
6295,0.000389,172.31.36.0-255,66,45798,19,204431
6296,0.000431,172.31.36.0-255,66,45864,19,204431
6297,0.000438,172.217.194.0-255,6438,52302,19,204431
6298,0.00044,172.31.36.0-255,66,52368,19,204431
6299,0.000591,172.217.194.0-255,378,52746,19,204431
6300,0.000596,172.31.36.0-255,66,52812,19,204431
6301,0.000639,172.217.194.0-255,365,53177,19,204431
6302,0.000642,172.31.36.0-255,66,53243,19,204431
6303,0.000703,172.217.194.0-255,1484,54727,19,204431
6304,0.00072,172.217.194.0-255,2902,57629,19,204431
6305,0.000724,172.31.36.0-255,66,57695,19,204431
6306,0.00073,172.217.194.0-255,5738,63433,19,204431
6307,0.000733,172.31.36.0-255,66,63499,19,204431
6308,0.000774,172.31.36.0-255,66,63565,19,204431
6309,0.000781,172.217.194.0-255,7156,70721,19,204431
6310,0.000784,172.31.36.0-255,66,70787,19,204431
6311,0.000817,172.217.194.0-255,3602,74389,19,204431
6312,0.000821,172.31.36.0-255,66,74455,19,204431
6313,0.001057,172.217.194.0-255,1484,75939,19,204431
6314,0.001064,172.217.194.0-255,2902,78841,19,204431
6315,0.001067,172.31.36.0-255,66,78907,19,204431
6316,0.001071,172.217.194.0-255,1484,80391,19,204431
6317,0.001101,172.217.194.0-255,4320,84711,19,204431
6318,0.001103,172.31.36.0-255,66,84777,19,204431
6319,0.001122,172.31.36.0-255,66,84843,19,204431
6320,0.001132,172.217.194.0-255,10692,95535,19,204431
6321,0.001134,172.31.36.0-255,66,95601,19,204431
6322,0.001214,172.217.194.0-255,1484,97085,19,204431
6323,0.001229,172.217.194.0-255,2902,99987,19,204431
6324,0.001232,172.31.36.0-255,66,100053,19,204431
6325,0.001239,172.217.194.0-255,5738,105791,19,204431
6326,0.001241,172.31.36.0-255,66,105857,19,204431
6327,0.001284,172.31.36.0-255,66,105923,19,204431
6328,0.001294,172.217.194.0-255,10692,116615,19,204431
6329,0.001297,172.31.36.0-255,66,116681,19,204431
6330,0.001386,172.31.36.0-255,66,116747,19,204431
6331,0.001405,172.31.36.0-255,66,116813,19,204431
6332,0.001429,172.217.194.0-255,1484,118297,19,204431
6333,0.001433,172.217.194.0-255,2902,121199,19,204431
6334,0.001435,172.31.36.0-255,66,121265,19,204431
6335,0.001439,172.217.194.0-255,1484,122749,19,204431
6336,0.001464,172.217.194.0-255,4320,127069,19,204431
6337,0.001468,172.31.36.0-255,66,127135,19,204431
6338,0.001476,172.217.194.0-255,8574,135709,19,204431
6339,0.001479,172.31.36.0-255,66,135775,19,204431
6340,0.00151,172.217.194.0-255,4320,140095,19,204431
6341,0.00152,172.217.194.0-255,10692,150787,19,204431
6342,0.001524,172.31.36.0-255,66,150853,19,204431
6343,0.001527,172.31.36.0-255,66,150919,19,204431
6344,0.001562,172.217.194.0-255,1484,152403,19,204431
6345,0.001568,172.217.194.0-255,2902,155305,19,204431
6346,0.001571,172.31.36.0-255,66,155371,19,204431
6347,0.001596,172.217.194.0-255,5738,161109,19,204431
6348,0.001599,172.31.36.0-255,66,161175,19,204431
6349,0.001665,172.217.194.0-255,10692,171867,19,204431
6350,0.001677,172.31.36.0-255,66,171933,19,204431
6351,0.001738,172.217.194.0-255,1484,173417,19,204431
6352,0.001741,172.217.194.0-255,1484,174901,19,204431
6353,0.001744,172.217.194.0-255,1484,176385,19,204431
6354,0.001837,172.217.194.0-255,4320,180705,19,204431
6355,0.001852,172.217.194.0-255,2902,183607,19,204431
6356,0.001856,172.217.194.0-255,2902,186509,19,204431
6357,0.001874,172.217.194.0-255,5738,192247,19,204431
6358,0.001939,172.217.194.0-255,3602,195849,19,204431
6359,0.001965,172.217.194.0-255,7382,203231,19,204431
6360,0.001994,172.217.194.0-255,105,203336,19,204431
6361,0.006431,172.31.36.0-255,66,203402,19,204431
6362,0.006435,172.31.36.0-255,66,203468,19,204431
6363,0.00644,172.31.36.0-255,66,203534,19,204431
6364,0.006444,172.31.36.0-255,66,203600,19,204431
6365,0.006476,172.31.36.0-255,66,203666,19,204431
6366,0.006478,172.31.36.0-255,66,203732,19,204431
6367,0.006479,172.31.36.0-255,66,203798,19,204431
6368,0.00648,172.31.36.0-255,66,203864,19,204431
6369,0.006481,172.31.36.0-255,66,203930,19,204431
6370,0.006482,172.31.36.0-255,66,203996,19,204431
6371,0.006483,172.31.36.0-255,66,204062,19,204431
6372,0.006484,172.31.36.0-255,66,204128,19,204431
6373,0.006498,172.31.36.0-255,66,204194,19,204431
6374,0.009054,172.31.36.0-255,66,204260,19,204431
6375,0.009091,172.31.36.0-255,105,204365,19,204431
6376,0.011561,172.217.194.0-255,66,204431,19,204431
6377,0.0,74.125.200.0-255,219,219,19,173893
6378,3.2e-05,172.31.36.0-255,66,285,19,173893
6379,3.9e-05,74.125.200.0-255,1484,1769,19,173893
6380,4.3e-05,172.31.36.0-255,66,1835,19,173893
6381,4.9e-05,74.125.200.0-255,4320,6155,19,173893
6382,5.2e-05,172.31.36.0-255,66,6221,19,173893
6383,8.4e-05,74.125.200.0-255,7561,13782,19,173893
6384,9e-05,172.31.36.0-255,66,13848,19,173893
6385,0.00027,74.125.200.0-255,1484,15332,19,173893
6386,0.000275,172.31.36.0-255,66,15398,19,173893
6387,0.00028,74.125.200.0-255,2902,18300,19,173893
6388,0.000283,172.31.36.0-255,66,18366,19,173893
6389,0.000313,74.125.200.0-255,5738,24104,19,173893
6390,0.000317,74.125.200.0-255,2902,27006,19,173893
6391,0.000318,172.31.36.0-255,66,27072,19,173893
6392,0.000322,172.31.36.0-255,66,27138,19,173893
6393,0.000339,74.125.200.0-255,3961,31099,19,173893
6394,0.000342,172.31.36.0-255,66,31165,19,173893
6395,0.000501,74.125.200.0-255,1484,32649,19,173893
6396,0.000505,172.31.36.0-255,66,32715,19,173893
6397,0.000526,74.125.200.0-255,1484,34199,19,173893
6398,0.000529,172.31.36.0-255,66,34265,19,173893
6399,0.000534,74.125.200.0-255,2902,37167,19,173893
6400,0.000537,172.31.36.0-255,66,37233,19,173893
6401,0.000564,74.125.200.0-255,5738,42971,19,173893
6402,0.000568,172.31.36.0-255,66,43037,19,173893
6403,0.000571,74.125.200.0-255,1484,44521,19,173893
6404,0.000573,172.31.36.0-255,66,44587,19,173893
6405,0.000579,74.125.200.0-255,2902,47489,19,173893
6406,0.000582,172.31.36.0-255,66,47555,19,173893
6407,0.000625,74.125.200.0-255,4320,51875,19,173893
6408,0.000628,172.31.36.0-255,66,51941,19,173893
6409,0.000642,74.125.200.0-255,1125,53066,19,173893
6410,0.000648,74.125.200.0-255,5738,58804,19,173893
6411,0.000651,172.31.36.0-255,66,58870,19,173893
6412,0.000675,74.125.200.0-255,1484,60354,19,173893
6413,0.00069,74.125.200.0-255,5658,66012,19,173893
6414,0.000693,172.31.36.0-255,66,66078,19,173893
6415,0.000774,74.125.200.0-255,129,66207,19,173893
6416,0.000835,172.31.36.0-255,66,66273,19,173893
6417,0.001067,74.125.200.0-255,1484,67757,19,173893
6418,0.001094,74.125.200.0-255,2902,70659,19,173893
6419,0.001098,172.31.36.0-255,66,70725,19,173893
6420,0.001104,74.125.200.0-255,2902,73627,19,173893
6421,0.001106,172.31.36.0-255,66,73693,19,173893
6422,0.001119,74.125.200.0-255,1484,75177,19,173893
6423,0.001127,74.125.200.0-255,8574,83751,19,173893
6424,0.00113,172.31.36.0-255,66,83817,19,173893
6425,0.001155,74.125.200.0-255,7156,90973,19,173893
6426,0.001158,172.31.36.0-255,66,91039,19,173893
6427,0.001166,74.125.200.0-255,8574,99613,19,173893
6428,0.001168,172.31.36.0-255,66,99679,19,173893
6429,0.00117,74.125.200.0-255,766,100445,19,173893
6430,0.001468,172.31.36.0-255,66,100511,19,173893
6431,0.002104,74.125.200.0-255,1484,101995,19,173893
6432,0.002115,74.125.200.0-255,2902,104897,19,173893
6433,0.002119,172.31.36.0-255,66,104963,19,173893
6434,0.002126,74.125.200.0-255,5738,110701,19,173893
6435,0.002129,172.31.36.0-255,66,110767,19,173893
6436,0.002159,74.125.200.0-255,8574,119341,19,173893
6437,0.002163,172.31.36.0-255,66,119407,19,173893
6438,0.002195,74.125.200.0-255,9992,129399,19,173893
6439,0.002199,172.31.36.0-255,66,129465,19,173893
6440,0.002204,74.125.200.0-255,1484,130949,19,173893
6441,0.002225,74.125.200.0-255,3602,134551,19,173893
6442,0.002228,172.31.36.0-255,66,134617,19,173893
6443,0.004494,74.125.200.0-255,5738,140355,19,173893
6444,0.004499,172.31.36.0-255,66,140421,19,173893
6445,0.006777,74.125.200.0-255,5738,146159,19,173893
6446,0.006782,172.31.36.0-255,66,146225,19,173893
6447,0.009062,74.125.200.0-255,4320,150545,19,173893
6448,0.009069,172.31.36.0-255,66,150611,19,173893
6449,0.009091,74.125.200.0-255,1484,152095,19,173893
6450,0.011347,74.125.200.0-255,4320,156415,19,173893
6451,0.011355,172.31.36.0-255,66,156481,19,173893
6452,0.013636,74.125.200.0-255,5738,162219,19,173893
6453,0.013647,172.31.36.0-255,66,162285,19,173893
6454,0.015932,74.125.200.0-255,5738,168023,19,173893
6455,0.015941,172.31.36.0-255,66,168089,19,173893
6456,0.018221,74.125.200.0-255,5738,173827,19,173893
6457,0.018229,172.31.36.0-255,66,173893,19,173893
6458,0.0,74.125.68.0-255,154,154,19,156235
6459,1.9e-05,172.31.36.0-255,66,220,19,156235
6460,2.5e-05,74.125.68.0-255,1484,1704,19,156235
6461,2.9e-05,172.31.36.0-255,66,1770,19,156235
6462,3.4e-05,74.125.68.0-255,2902,4672,19,156235
6463,3.7e-05,172.31.36.0-255,66,4738,19,156235
6464,4.8e-05,74.125.68.0-255,1484,6222,19,156235
6465,5e-05,172.31.36.0-255,66,6288,19,156235
6466,7.4e-05,74.125.68.0-255,2902,9190,19,156235
6467,7.7e-05,172.31.36.0-255,66,9256,19,156235
6468,0.000107,74.125.68.0-255,6267,15523,19,156235
6469,0.00011,172.31.36.0-255,66,15589,19,156235
6470,0.000166,74.125.68.0-255,2902,18491,19,156235
6471,0.00017,172.31.36.0-255,66,18557,19,156235
6472,0.000197,74.125.68.0-255,7156,25713,19,156235
6473,0.000201,172.31.36.0-255,66,25779,19,156235
6474,0.000217,74.125.68.0-255,4320,30099,19,156235
6475,0.00022,172.31.36.0-255,66,30165,19,156235
6476,0.00032,74.125.68.0-255,1125,31290,19,156235
6477,0.000324,172.31.36.0-255,66,31356,19,156235
6478,0.000342,74.125.68.0-255,1484,32840,19,156235
6479,0.000345,172.31.36.0-255,66,32906,19,156235
6480,0.000348,74.125.68.0-255,1484,34390,19,156235
6481,0.00035,172.31.36.0-255,66,34456,19,156235
6482,0.000372,74.125.68.0-255,2902,37358,19,156235
6483,0.000379,172.31.36.0-255,66,37424,19,156235
6484,0.000405,74.125.68.0-255,5738,43162,19,156235
6485,0.000408,172.31.36.0-255,66,43228,19,156235
6486,0.000435,74.125.68.0-255,4320,47548,19,156235
6487,0.000438,172.31.36.0-255,66,47614,19,156235
6488,0.000516,74.125.68.0-255,2902,50516,19,156235
6489,0.000519,172.31.36.0-255,66,50582,19,156235
6490,0.000568,172.31.36.0-255,66,50648,19,156235
6491,0.00069,74.125.68.0-255,110,50758,19,156235
6492,0.000696,74.125.68.0-255,334,51092,19,156235
6493,0.000725,74.125.68.0-255,2902,53994,19,156235
6494,0.000749,74.125.68.0-255,1484,55478,19,156235
6495,0.000757,172.31.36.0-255,66,55544,19,156235
6496,0.000769,74.125.68.0-255,2902,58446,19,156235
6497,0.000793,74.125.68.0-255,2902,61348,19,156235
6498,0.000805,74.125.68.0-255,2902,64250,19,156235
6499,0.000826,172.31.36.0-255,66,64316,19,156235
6500,0.000865,74.125.68.0-255,5379,69695,19,156235
6501,0.000886,172.31.36.0-255,66,69761,19,156235
6502,0.000928,74.125.68.0-255,7156,76917,19,156235
6503,0.000934,172.31.36.0-255,66,76983,19,156235
6504,0.000945,74.125.68.0-255,5738,82721,19,156235
6505,0.000958,172.31.36.0-255,66,82787,19,156235
6506,0.001065,74.125.68.0-255,2543,85330,19,156235
6507,0.001082,172.31.36.0-255,66,85396,19,156235
6508,0.001092,74.125.68.0-255,2902,88298,19,156235
6509,0.001112,172.31.36.0-255,66,88364,19,156235
6510,0.001146,74.125.68.0-255,7156,95520,19,156235
6511,0.001169,172.31.36.0-255,66,95586,19,156235
6512,0.001198,74.125.68.0-255,1484,97070,19,156235
6513,0.001258,172.31.36.0-255,66,97136,19,156235
6514,0.001383,74.125.68.0-255,4320,101456,19,156235
6515,0.001395,172.31.36.0-255,66,101522,19,156235
6516,0.001431,74.125.68.0-255,3602,105124,19,156235
6517,0.001438,172.31.36.0-255,66,105190,19,156235
6518,0.001474,74.125.68.0-255,2902,108092,19,156235
6519,0.001482,172.31.36.0-255,66,108158,19,156235
6520,0.001586,172.31.36.0-255,66,108224,19,156235
6521,0.001807,74.125.68.0-255,6438,114662,19,156235
6522,0.00181,172.31.36.0-255,66,114728,19,156235
6523,0.001848,74.125.68.0-255,8574,123302,19,156235
6524,0.001858,172.31.36.0-255,66,123368,19,156235
6525,0.001908,172.31.36.0-255,66,123434,19,156235
6526,0.002244,172.31.36.0-255,66,123500,19,156235
6527,0.00244,172.31.36.0-255,66,123566,19,156235
6528,0.002514,74.125.68.0-255,1466,125032,19,156235
6529,0.002813,172.31.36.0-255,66,125098,19,156235
6530,0.00314,172.31.36.0-255,66,125164,19,156235
6531,0.003209,172.31.36.0-255,66,125230,19,156235
6532,0.003551,74.125.68.0-255,8574,133804,19,156235
6533,0.003557,172.31.36.0-255,66,133870,19,156235
6534,0.003696,172.31.36.0-255,66,133936,19,156235
6535,0.00597,74.125.68.0-255,5738,139674,19,156235
6536,0.005977,172.31.36.0-255,66,139740,19,156235
6537,0.008251,74.125.68.0-255,5738,145478,19,156235
6538,0.014608,172.31.36.0-255,66,145544,19,156235
6539,0.016771,74.125.68.0-255,1484,147028,19,156235
6540,0.016868,74.125.68.0-255,4320,151348,19,156235
6541,0.016874,172.31.36.0-255,66,151414,19,156235
6542,0.019221,74.125.68.0-255,4650,156064,19,156235
6543,0.01926,172.31.36.0-255,66,156130,19,156235
6544,0.019423,172.31.36.0-255,105,156235,19,156235
6545,0.0,74.125.24.0-255,152,152,19,156250
6546,3.6e-05,172.31.36.0-255,66,218,19,156250
6547,4.3e-05,74.125.24.0-255,1484,1702,19,156250
6548,4.8e-05,172.31.36.0-255,66,1768,19,156250
6549,6.1e-05,74.125.24.0-255,2902,4670,19,156250
6550,6.4e-05,172.31.36.0-255,66,4736,19,156250
6551,6.7e-05,74.125.24.0-255,1484,6220,19,156250
6552,6.9e-05,172.31.36.0-255,66,6286,19,156250
6553,9.4e-05,74.125.24.0-255,1484,7770,19,156250
6554,9.7e-05,172.31.36.0-255,66,7836,19,156250
6555,0.000129,74.125.24.0-255,6268,14104,19,156250
6556,0.000132,172.31.36.0-255,66,14170,19,156250
6557,0.000739,74.125.24.0-255,1484,15654,19,156250
6558,0.000745,172.31.36.0-255,66,15720,19,156250
6559,0.000777,74.125.24.0-255,1484,17204,19,156250
6560,0.000782,172.31.36.0-255,66,17270,19,156250
6561,0.000809,74.125.24.0-255,1484,18754,19,156250
6562,0.000812,172.31.36.0-255,66,18820,19,156250
6563,0.000817,74.125.24.0-255,2902,21722,19,156250
6564,0.000819,172.31.36.0-255,66,21788,19,156250
6565,0.000855,74.125.24.0-255,4320,26108,19,156250
6566,0.000859,172.31.36.0-255,66,26174,19,156250
6567,0.000918,74.125.24.0-255,5379,31553,19,156250
6568,0.000922,172.31.36.0-255,66,31619,19,156250
6569,0.001002,74.125.24.0-255,5738,37357,19,156250
6570,0.001007,172.31.36.0-255,66,37423,19,156250
6571,0.001085,74.125.24.0-255,4320,41743,19,156250
6572,0.00109,172.31.36.0-255,66,41809,19,156250
6573,0.00111,74.125.24.0-255,6797,48606,19,156250
6574,0.001114,172.31.36.0-255,66,48672,19,156250
6575,0.001357,74.125.24.0-255,1484,50156,19,156250
6576,0.001362,172.31.36.0-255,66,50222,19,156250
6577,0.001368,74.125.24.0-255,2902,53124,19,156250
6578,0.00139,74.125.24.0-255,1484,54608,19,156250
6579,0.001404,74.125.24.0-255,4320,58928,19,156250
6580,0.001481,74.125.24.0-255,2902,61830,19,156250
6581,0.0015,74.125.24.0-255,3961,65791,19,156250
6582,0.001593,74.125.24.0-255,1484,67275,19,156250
6583,0.001628,74.125.24.0-255,2902,70177,19,156250
6584,0.001659,74.125.24.0-255,1484,71661,19,156250
6585,0.001676,74.125.24.0-255,4320,75981,19,156250
6586,0.001777,74.125.24.0-255,4320,80301,19,156250
6587,0.001793,74.125.24.0-255,4320,84621,19,156250
6588,0.001805,74.125.24.0-255,2902,87523,19,156250
6589,0.001821,74.125.24.0-255,1484,89007,19,156250
6590,0.001973,74.125.24.0-255,1484,90491,19,156250
6591,0.001989,74.125.24.0-255,4320,94811,19,156250
6592,0.002011,74.125.24.0-255,5020,99831,19,156250
6593,0.002133,74.125.24.0-255,647,100478,19,156250
6594,0.00216,74.125.24.0-255,2902,103380,19,156250
6595,0.002179,74.125.24.0-255,9992,113372,19,156250
6596,0.002358,74.125.24.0-255,4320,117692,19,156250
6597,0.00244,74.125.24.0-255,2902,120594,19,156250
6598,0.002481,74.125.24.0-255,766,121360,19,156250
6599,0.003504,172.31.36.0-255,66,121426,19,156250
6600,0.006087,74.125.24.0-255,5738,127164,19,156250
6601,0.006098,172.31.36.0-255,66,127230,19,156250
6602,0.008689,74.125.24.0-255,5738,132968,19,156250
6603,0.008697,172.31.36.0-255,66,133034,19,156250
6604,0.011244,74.125.24.0-255,5738,138772,19,156250
6605,0.011252,172.31.36.0-255,66,138838,19,156250
6606,0.013839,74.125.24.0-255,5738,144576,19,156250
6607,0.013852,172.31.36.0-255,66,144642,19,156250
6608,0.016427,74.125.24.0-255,5738,150380,19,156250
6609,0.016435,172.31.36.0-255,66,150446,19,156250
6610,0.019001,74.125.24.0-255,5738,156184,19,156250
6611,0.01901,172.31.36.0-255,66,156250,19,156250
6612,0.0,74.125.24.0-255,153,153,19,248159
6613,2.1e-05,172.31.36.0-255,66,219,19,248159
6614,2.8e-05,74.125.24.0-255,1484,1703,19,248159
6615,3.3e-05,172.31.36.0-255,66,1769,19,248159
6616,3.9e-05,74.125.24.0-255,2902,4671,19,248159
6617,5.1e-05,172.31.36.0-255,66,4737,19,248159
6618,5.5e-05,74.125.24.0-255,2902,7639,19,248159
6619,5.8e-05,172.31.36.0-255,66,7705,19,248159
6620,9.4e-05,74.125.24.0-255,6346,14051,19,248159
6621,9.7e-05,172.31.36.0-255,66,14117,19,248159
6622,0.000179,74.125.24.0-255,1484,15601,19,248159
6623,0.000183,172.31.36.0-255,66,15667,19,248159
6624,0.000188,74.125.24.0-255,2902,18569,19,248159
6625,0.00019,172.31.36.0-255,66,18635,19,248159
6626,0.000193,74.125.24.0-255,1484,20119,19,248159
6627,0.0002,172.31.36.0-255,66,20185,19,248159
6628,0.000229,74.125.24.0-255,4320,24505,19,248159
6629,0.000232,172.31.36.0-255,66,24571,19,248159
6630,0.00024,74.125.24.0-255,6797,31368,19,248159
6631,0.000242,172.31.36.0-255,66,31434,19,248159
6632,0.000409,74.125.24.0-255,1484,32918,19,248159
6633,0.000414,172.31.36.0-255,66,32984,19,248159
6634,0.00042,74.125.24.0-255,2902,35886,19,248159
6635,0.000424,172.31.36.0-255,66,35952,19,248159
6636,0.000451,74.125.24.0-255,1484,37436,19,248159
6637,0.000453,172.31.36.0-255,66,37502,19,248159
6638,0.000471,74.125.24.0-255,4320,41822,19,248159
6639,0.000475,172.31.36.0-255,66,41888,19,248159
6640,0.00048,74.125.24.0-255,4320,46208,19,248159
6641,0.000483,172.31.36.0-255,66,46274,19,248159
6642,0.00053,74.125.24.0-255,9633,55907,19,248159
6643,0.000534,172.31.36.0-255,66,55973,19,248159
6644,0.000543,74.125.24.0-255,9633,65606,19,248159
6645,0.000546,172.31.36.0-255,66,65672,19,248159
6646,0.001006,74.125.24.0-255,389,66061,19,248159
6647,0.001012,172.31.36.0-255,66,66127,19,248159
6648,0.001039,74.125.24.0-255,1484,67611,19,248159
6649,0.001042,172.31.36.0-255,66,67677,19,248159
6650,0.001046,74.125.24.0-255,1484,69161,19,248159
6651,0.001048,172.31.36.0-255,66,69227,19,248159
6652,0.001062,74.125.24.0-255,2902,72129,19,248159
6653,0.001065,172.31.36.0-255,66,72195,19,248159
6654,0.001075,74.125.24.0-255,4320,76515,19,248159
6655,0.001078,172.31.36.0-255,66,76581,19,248159
6656,0.001105,74.125.24.0-255,5738,82319,19,248159
6657,0.001108,172.31.36.0-255,66,82385,19,248159
6658,0.001111,74.125.24.0-255,1484,83869,19,248159
6659,0.001113,172.31.36.0-255,66,83935,19,248159
6660,0.001176,172.31.36.0-255,66,84001,19,248159
6661,0.001404,74.125.24.0-255,1484,85485,19,248159
6662,0.001408,172.31.36.0-255,66,85551,19,248159
6663,0.001438,74.125.24.0-255,2902,88453,19,248159
6664,0.001441,172.31.36.0-255,66,88519,19,248159
6665,0.001448,74.125.24.0-255,5738,94257,19,248159
6666,0.00145,172.31.36.0-255,66,94323,19,248159
6667,0.001453,74.125.24.0-255,1484,95807,19,248159
6668,0.001456,172.31.36.0-255,66,95873,19,248159
6669,0.00147,74.125.24.0-255,4320,100193,19,248159
6670,0.001473,172.31.36.0-255,66,100259,19,248159
6671,0.001488,74.125.24.0-255,1484,101743,19,248159
6672,0.00149,172.31.36.0-255,66,101809,19,248159
6673,0.001532,172.31.36.0-255,66,101875,19,248159
6674,0.00155,74.125.24.0-255,3602,105477,19,248159
6675,0.001553,172.31.36.0-255,66,105543,19,248159
6676,0.001731,74.125.24.0-255,1484,107027,19,248159
6677,0.001753,74.125.24.0-255,2902,109929,19,248159
6678,0.001756,172.31.36.0-255,66,109995,19,248159
6679,0.001764,74.125.24.0-255,5738,115733,19,248159
6680,0.001772,172.31.36.0-255,66,115799,19,248159
6681,0.001786,74.125.24.0-255,2902,118701,19,248159
6682,0.001804,172.31.36.0-255,66,118767,19,248159
6683,0.001819,74.125.24.0-255,9992,128759,19,248159
6684,0.001829,74.125.24.0-255,5738,134497,19,248159
6685,0.00184,74.125.24.0-255,2902,137399,19,248159
6686,0.001845,172.31.36.0-255,66,137465,19,248159
6687,0.001853,74.125.24.0-255,2184,139649,19,248159
6688,0.001879,74.125.24.0-255,5738,145387,19,248159
6689,0.001896,74.125.24.0-255,5738,151125,19,248159
6690,0.001905,172.31.36.0-255,66,151191,19,248159
6691,0.001937,74.125.24.0-255,7156,158347,19,248159
6692,0.001946,74.125.24.0-255,7156,165503,19,248159
6693,0.001958,172.31.36.0-255,66,165569,19,248159
6694,0.001982,74.125.24.0-255,7856,173425,19,248159
6695,0.002005,172.31.36.0-255,66,173491,19,248159
6696,0.002028,74.125.24.0-255,1484,174975,19,248159
6697,0.002034,74.125.24.0-255,2902,177877,19,248159
6698,0.002058,74.125.24.0-255,5738,183615,19,248159
6699,0.002063,172.31.36.0-255,66,183681,19,248159
6700,0.002073,74.125.24.0-255,4320,188001,19,248159
6701,0.002084,172.31.36.0-255,66,188067,19,248159
6702,0.0021,74.125.24.0-255,5738,193805,19,248159
6703,0.002113,74.125.24.0-255,4320,198125,19,248159
6704,0.002127,172.31.36.0-255,66,198191,19,248159
6705,0.002141,74.125.24.0-255,9274,207465,19,248159
6706,0.002152,172.31.36.0-255,66,207531,19,248159
6707,0.004489,74.125.24.0-255,5738,213269,19,248159
6708,0.004496,172.31.36.0-255,66,213335,19,248159
6709,0.006796,74.125.24.0-255,5738,219073,19,248159
6710,0.006799,172.31.36.0-255,66,219139,19,248159
6711,0.009144,74.125.24.0-255,5738,224877,19,248159
6712,0.009151,172.31.36.0-255,66,224943,19,248159
6713,0.01149,74.125.24.0-255,5738,230681,19,248159
6714,0.011498,172.31.36.0-255,66,230747,19,248159
6715,0.013823,74.125.24.0-255,5738,236485,19,248159
6716,0.013833,172.31.36.0-255,66,236551,19,248159
6717,0.016216,74.125.24.0-255,5738,242289,19,248159
6718,0.016222,172.31.36.0-255,66,242355,19,248159
6719,0.018549,74.125.24.0-255,5738,248093,19,248159
6720,0.018558,172.31.36.0-255,66,248159,19,248159
6721,0.0,74.125.68.0-255,152,152,19,216792
6722,2.4e-05,172.31.36.0-255,66,218,19,216792
6723,3.2e-05,74.125.68.0-255,1484,1702,19,216792
6724,3.6e-05,172.31.36.0-255,66,1768,19,216792
6725,4.2e-05,74.125.68.0-255,2902,4670,19,216792
6726,4.5e-05,172.31.36.0-255,66,4736,19,216792
6727,5e-05,74.125.68.0-255,2902,7638,19,216792
6728,5.3e-05,172.31.36.0-255,66,7704,19,216792
6729,7.2e-05,74.125.68.0-255,2902,10606,19,216792
6730,7.5e-05,172.31.36.0-255,66,10672,19,216792
6731,9.7e-05,74.125.68.0-255,1484,12156,19,216792
6732,0.0001,172.31.36.0-255,66,12222,19,216792
6733,0.000122,74.125.68.0-255,2048,14270,19,216792
6734,0.000124,172.31.36.0-255,66,14336,19,216792
6735,0.000245,74.125.68.0-255,1484,15820,19,216792
6736,0.00025,172.31.36.0-255,66,15886,19,216792
6737,0.000256,74.125.68.0-255,2902,18788,19,216792
6738,0.000259,172.31.36.0-255,66,18854,19,216792
6739,0.000279,74.125.68.0-255,5738,24592,19,216792
6740,0.000282,172.31.36.0-255,66,24658,19,216792
6741,0.000287,74.125.68.0-255,2902,27560,19,216792
6742,0.000288,172.31.36.0-255,66,27626,19,216792
6743,0.000308,74.125.68.0-255,2902,30528,19,216792
6744,0.000311,172.31.36.0-255,66,30594,19,216792
6745,0.000335,74.125.68.0-255,2902,33496,19,216792
6746,0.000337,172.31.36.0-255,66,33562,19,216792
6747,0.000361,74.125.68.0-255,3961,37523,19,216792
6748,0.000363,172.31.36.0-255,66,37589,19,216792
6749,0.00037,74.125.68.0-255,5738,43327,19,216792
6750,0.000372,172.31.36.0-255,66,43393,19,216792
6751,0.00041,74.125.68.0-255,2902,46295,19,216792
6752,0.000413,172.31.36.0-255,66,46361,19,216792
6753,0.000432,74.125.68.0-255,2543,48904,19,216792
6754,0.000503,172.31.36.0-255,66,48970,19,216792
6755,0.000957,74.125.68.0-255,1484,50454,19,216792
6756,0.000972,74.125.68.0-255,2902,53356,19,216792
6757,0.000976,172.31.36.0-255,66,53422,19,216792
6758,0.001021,74.125.68.0-255,2902,56324,19,216792
6759,0.00104,172.31.36.0-255,66,56390,19,216792
6760,0.001059,74.125.68.0-255,2902,59292,19,216792
6761,0.001065,172.31.36.0-255,66,59358,19,216792
6762,0.001083,74.125.68.0-255,1484,60842,19,216792
6763,0.001102,74.125.68.0-255,2902,63744,19,216792
6764,0.001106,74.125.68.0-255,2543,66287,19,216792
6765,0.001115,172.31.36.0-255,66,66353,19,216792
6766,0.001138,74.125.68.0-255,645,66998,19,216792
6767,0.001233,172.31.36.0-255,66,67064,19,216792
6768,0.001345,74.125.68.0-255,1484,68548,19,216792
6769,0.001352,74.125.68.0-255,1484,70032,19,216792
6770,0.001369,74.125.68.0-255,2902,72934,19,216792
6771,0.001372,74.125.68.0-255,1484,74418,19,216792
6772,0.00139,74.125.68.0-255,4320,78738,19,216792
6773,0.001418,74.125.68.0-255,6797,85535,19,216792
6774,0.001441,74.125.68.0-255,4320,89855,19,216792
6775,0.001456,74.125.68.0-255,2902,92757,19,216792
6776,0.001461,74.125.68.0-255,2902,95659,19,216792
6777,0.001482,74.125.68.0-255,5379,101038,19,216792
6778,0.001646,74.125.68.0-255,1484,102522,19,216792
6779,0.001666,74.125.68.0-255,2902,105424,19,216792
6780,0.001686,74.125.68.0-255,4320,109744,19,216792
6781,0.001721,74.125.68.0-255,7156,116900,19,216792
6782,0.001733,74.125.68.0-255,1484,118384,19,216792
6783,0.001772,74.125.68.0-255,5738,124122,19,216792
6784,0.001785,74.125.68.0-255,2902,127024,19,216792
6785,0.001821,74.125.68.0-255,6262,133286,19,216792
6786,0.001974,74.125.68.0-255,1484,134770,19,216792
6787,0.001979,74.125.68.0-255,1484,136254,19,216792
6788,0.001993,74.125.68.0-255,1484,137738,19,216792
6789,0.001999,74.125.68.0-255,5738,143476,19,216792
6790,0.002028,74.125.68.0-255,7156,150632,19,216792
6791,0.002052,74.125.68.0-255,8574,159206,19,216792
6792,0.002064,74.125.68.0-255,1484,160690,19,216792
6793,0.002069,74.125.68.0-255,2902,163592,19,216792
6794,0.002117,74.125.68.0-255,3602,167194,19,216792
6795,0.002353,74.125.68.0-255,1484,168678,19,216792
6796,0.002366,74.125.68.0-255,1484,170162,19,216792
6797,0.002391,74.125.68.0-255,2902,173064,19,216792
6798,0.00241,74.125.68.0-255,5738,178802,19,216792
6799,0.002413,74.125.68.0-255,1484,180286,19,216792
6800,0.002425,74.125.68.0-255,1484,181770,19,216792
6801,0.002442,74.125.68.0-255,1484,183254,19,216792
6802,0.002501,74.125.68.0-255,1484,184738,19,216792
6803,0.00254,74.125.68.0-255,1484,186222,19,216792
6804,0.002572,74.125.68.0-255,1484,187706,19,216792
6805,0.006227,172.31.36.0-255,66,187772,19,216792
6806,0.008802,74.125.68.0-255,5738,193510,19,216792
6807,0.00881,172.31.36.0-255,66,193576,19,216792
6808,0.011376,74.125.68.0-255,5738,199314,19,216792
6809,0.011385,172.31.36.0-255,66,199380,19,216792
6810,0.014005,74.125.68.0-255,5738,205118,19,216792
6811,0.014013,172.31.36.0-255,66,205184,19,216792
6812,0.016596,74.125.68.0-255,5738,210922,19,216792
6813,0.016609,172.31.36.0-255,66,210988,19,216792
6814,0.019174,74.125.68.0-255,5738,216726,19,216792
6815,0.019182,172.31.36.0-255,66,216792,19,216792
6816,0.0,74.125.68.0-255,217,217,19,306578
6817,2.4e-05,172.31.36.0-255,66,283,19,306578
6818,3.2e-05,74.125.68.0-255,1484,1767,19,306578
6819,3.6e-05,172.31.36.0-255,66,1833,19,306578
6820,4.2e-05,74.125.68.0-255,2902,4735,19,306578
6821,4.5e-05,172.31.36.0-255,66,4801,19,306578
6822,5.2e-05,74.125.68.0-255,5738,10539,19,306578
6823,5.6e-05,172.31.36.0-255,66,10605,19,306578
6824,7.8e-05,74.125.68.0-255,3286,13891,19,306578
6825,8.1e-05,172.31.36.0-255,66,13957,19,306578
6826,8.6e-05,74.125.68.0-255,4320,18277,19,306578
6827,8.9e-05,172.31.36.0-255,66,18343,19,306578
6828,0.000112,74.125.68.0-255,4320,22663,19,306578
6829,0.000115,172.31.36.0-255,66,22729,19,306578
6830,0.00014,74.125.68.0-255,5738,28467,19,306578
6831,0.000142,172.31.36.0-255,66,28533,19,306578
6832,0.000147,74.125.68.0-255,2543,31076,19,306578
6833,0.000149,172.31.36.0-255,66,31142,19,306578
6834,0.000218,74.125.68.0-255,1484,32626,19,306578
6835,0.000221,172.31.36.0-255,66,32692,19,306578
6836,0.000239,74.125.68.0-255,2902,35594,19,306578
6837,0.000241,172.31.36.0-255,66,35660,19,306578
6838,0.000265,74.125.68.0-255,4320,39980,19,306578
6839,0.000268,172.31.36.0-255,66,40046,19,306578
6840,0.000286,74.125.68.0-255,1484,41530,19,306578
6841,0.000288,172.31.36.0-255,66,41596,19,306578
6842,0.000294,74.125.68.0-255,4320,45916,19,306578
6843,0.000296,172.31.36.0-255,66,45982,19,306578
6844,0.000316,74.125.68.0-255,4320,50302,19,306578
6845,0.000318,172.31.36.0-255,66,50368,19,306578
6846,0.000343,74.125.68.0-255,2902,53270,19,306578
6847,0.000346,172.31.36.0-255,66,53336,19,306578
6848,0.000377,172.31.36.0-255,66,53402,19,306578
6849,0.0004,74.125.68.0-255,358,53760,19,306578
6850,0.000484,74.125.68.0-255,139,53899,19,306578
6851,0.000627,74.125.68.0-255,1484,55383,19,306578
6852,0.000633,172.31.36.0-255,66,55449,19,306578
6853,0.000651,74.125.68.0-255,2902,58351,19,306578
6854,0.000654,172.31.36.0-255,66,58417,19,306578
6855,0.000677,74.125.68.0-255,5738,64155,19,306578
6856,0.000681,172.31.36.0-255,66,64221,19,306578
6857,0.000686,74.125.68.0-255,2902,67123,19,306578
6858,0.000689,172.31.36.0-255,66,67189,19,306578
6859,0.000707,74.125.68.0-255,7156,74345,19,306578
6860,0.000709,172.31.36.0-255,66,74411,19,306578
6861,0.000714,74.125.68.0-255,2902,77313,19,306578
6862,0.000716,172.31.36.0-255,66,77379,19,306578
6863,0.00074,74.125.68.0-255,7156,84535,19,306578
6864,0.000743,172.31.36.0-255,66,84601,19,306578
6865,0.000765,74.125.68.0-255,1484,86085,19,306578
6866,0.000771,74.125.68.0-255,1881,87966,19,306578
6867,0.000774,172.31.36.0-255,66,88032,19,306578
6868,0.000835,74.125.68.0-255,1484,89516,19,306578
6869,0.000853,74.125.68.0-255,2902,92418,19,306578
6870,0.000857,172.31.36.0-255,66,92484,19,306578
6871,0.00088,74.125.68.0-255,4320,96804,19,306578
6872,0.000884,172.31.36.0-255,66,96870,19,306578
6873,0.000902,74.125.68.0-255,1484,98354,19,306578
6874,0.000907,74.125.68.0-255,2902,101256,19,306578
6875,0.00091,172.31.36.0-255,66,101322,19,306578
6876,0.000915,74.125.68.0-255,2902,104224,19,306578
6877,0.000917,172.31.36.0-255,66,104290,19,306578
6878,0.000942,74.125.68.0-255,1484,105774,19,306578
6879,0.000952,74.125.68.0-255,8574,114348,19,306578
6880,0.000955,172.31.36.0-255,66,114414,19,306578
6881,0.000958,74.125.68.0-255,1484,115898,19,306578
6882,0.001005,74.125.68.0-255,4320,120218,19,306578
6883,0.00101,172.31.36.0-255,66,120284,19,306578
6884,0.001019,74.125.68.0-255,2184,122468,19,306578
6885,0.001021,172.31.36.0-255,66,122534,19,306578
6886,0.00116,74.125.68.0-255,1484,124018,19,306578
6887,0.001191,74.125.68.0-255,2902,126920,19,306578
6888,0.001195,74.125.68.0-255,2902,129822,19,306578
6889,0.001199,172.31.36.0-255,66,129888,19,306578
6890,0.001203,172.31.36.0-255,66,129954,19,306578
6891,0.001215,74.125.68.0-255,4320,134274,19,306578
6892,0.001218,172.31.36.0-255,66,134340,19,306578
6893,0.00125,74.125.68.0-255,8574,142914,19,306578
6894,0.001254,172.31.36.0-255,66,142980,19,306578
6895,0.001259,74.125.68.0-255,4320,147300,19,306578
6896,0.001262,172.31.36.0-255,66,147366,19,306578
6897,0.001282,74.125.68.0-255,5738,153104,19,306578
6898,0.001285,172.31.36.0-255,66,153170,19,306578
6899,0.001303,74.125.68.0-255,3602,156772,19,306578
6900,0.001305,172.31.36.0-255,66,156838,19,306578
6901,0.001423,74.125.68.0-255,1484,158322,19,306578
6902,0.001442,74.125.68.0-255,1484,159806,19,306578
6903,0.001446,172.31.36.0-255,66,159872,19,306578
6904,0.001468,74.125.68.0-255,1484,161356,19,306578
6905,0.001474,74.125.68.0-255,4320,165676,19,306578
6906,0.001477,172.31.36.0-255,66,165742,19,306578
6907,0.001545,74.125.68.0-255,8574,174316,19,306578
6908,0.001548,172.31.36.0-255,66,174382,19,306578
6909,0.001553,74.125.68.0-255,4320,178702,19,306578
6910,0.001555,172.31.36.0-255,66,178768,19,306578
6911,0.001562,74.125.68.0-255,5738,184506,19,306578
6912,0.001564,172.31.36.0-255,66,184572,19,306578
6913,0.001571,74.125.68.0-255,6438,191010,19,306578
6914,0.001574,172.31.36.0-255,66,191076,19,306578
6915,0.001642,74.125.68.0-255,1484,192560,19,306578
6916,0.001648,74.125.68.0-255,2902,195462,19,306578
6917,0.001651,172.31.36.0-255,66,195528,19,306578
6918,0.001655,74.125.68.0-255,1484,197012,19,306578
6919,0.001673,74.125.68.0-255,4320,201332,19,306578
6920,0.001676,172.31.36.0-255,66,201398,19,306578
6921,0.001695,74.125.68.0-255,5738,207136,19,306578
6922,0.001698,172.31.36.0-255,66,207202,19,306578
6923,0.001724,74.125.68.0-255,7156,214358,19,306578
6924,0.001727,172.31.36.0-255,66,214424,19,306578
6925,0.001733,74.125.68.0-255,5738,220162,19,306578
6926,0.001735,172.31.36.0-255,66,220228,19,306578
6927,0.00175,74.125.68.0-255,1484,221712,19,306578
6928,0.001768,74.125.68.0-255,3602,225314,19,306578
6929,0.001771,172.31.36.0-255,66,225380,19,306578
6930,0.001853,74.125.68.0-255,1484,226864,19,306578
6931,0.001883,74.125.68.0-255,2902,229766,19,306578
6932,0.001887,172.31.36.0-255,66,229832,19,306578
6933,0.001891,74.125.68.0-255,1484,231316,19,306578
6934,0.001914,74.125.68.0-255,4320,235636,19,306578
6935,0.001916,172.31.36.0-255,66,235702,19,306578
6936,0.001926,74.125.68.0-255,4320,240022,19,306578
6937,0.001929,172.31.36.0-255,66,240088,19,306578
6938,0.001948,74.125.68.0-255,7156,247244,19,306578
6939,0.00195,172.31.36.0-255,66,247310,19,306578
6940,0.001963,74.125.68.0-255,2902,250212,19,306578
6941,0.001966,172.31.36.0-255,66,250278,19,306578
6942,0.001999,74.125.68.0-255,9274,259552,19,306578
6943,0.002002,172.31.36.0-255,66,259618,19,306578
6944,0.002097,74.125.68.0-255,1484,261102,19,306578
6945,0.004097,74.125.68.0-255,4320,265422,19,306578
6946,0.004105,172.31.36.0-255,66,265488,19,306578
6947,0.006196,74.125.68.0-255,5738,271226,19,306578
6948,0.006203,172.31.36.0-255,66,271292,19,306578
6949,0.008287,74.125.68.0-255,5738,277030,19,306578
6950,0.008294,172.31.36.0-255,66,277096,19,306578
6951,0.010377,74.125.68.0-255,2902,279998,19,306578
6952,0.010381,172.31.36.0-255,66,280064,19,306578
6953,0.0104,74.125.68.0-255,2902,282966,19,306578
6954,0.010402,172.31.36.0-255,66,283032,19,306578
6955,0.012448,74.125.68.0-255,2902,285934,19,306578
6956,0.012455,172.31.36.0-255,66,286000,19,306578
6957,0.012478,74.125.68.0-255,2902,288902,19,306578
6958,0.012481,172.31.36.0-255,66,288968,19,306578
6959,0.014536,74.125.68.0-255,1484,290452,19,306578
6960,0.014556,74.125.68.0-255,1484,291936,19,306578
6961,0.01456,172.31.36.0-255,66,292002,19,306578
6962,0.014566,74.125.68.0-255,2902,294904,19,306578
6963,0.014569,172.31.36.0-255,66,294970,19,306578
6964,0.016644,74.125.68.0-255,5738,300708,19,306578
6965,0.016654,172.31.36.0-255,66,300774,19,306578
6966,0.018734,74.125.68.0-255,5738,306512,19,306578
6967,0.018742,172.31.36.0-255,66,306578,19,306578
6968,0.0,74.125.24.0-255,150,150,19,169290
6969,1.6e-05,172.31.36.0-255,66,216,19,169290
6970,3.4e-05,74.125.24.0-255,1484,1700,19,169290
6971,3.9e-05,172.31.36.0-255,66,1766,19,169290
6972,4.6e-05,74.125.24.0-255,2902,4668,19,169290
6973,4.9e-05,172.31.36.0-255,66,4734,19,169290
6974,5.4e-05,74.125.24.0-255,2902,7636,19,169290
6975,5.7e-05,172.31.36.0-255,66,7702,19,169290
6976,6.6e-05,74.125.24.0-255,6222,13924,19,169290
6977,6.9e-05,172.31.36.0-255,66,13990,19,169290
6978,0.000159,74.125.24.0-255,1484,15474,19,169290
6979,0.000163,172.31.36.0-255,66,15540,19,169290
6980,0.000185,74.125.24.0-255,2902,18442,19,169290
6981,0.000189,172.31.36.0-255,66,18508,19,169290
6982,0.000196,74.125.24.0-255,5738,24246,19,169290
6983,0.000198,172.31.36.0-255,66,24312,19,169290
6984,0.000229,74.125.24.0-255,6797,31109,19,169290
6985,0.000231,172.31.36.0-255,66,31175,19,169290
6986,0.000342,74.125.24.0-255,1484,32659,19,169290
6987,0.000346,172.31.36.0-255,66,32725,19,169290
6988,0.000352,74.125.24.0-255,2902,35627,19,169290
6989,0.000354,172.31.36.0-255,66,35693,19,169290
6990,0.000376,74.125.24.0-255,2902,38595,19,169290
6991,0.000378,172.31.36.0-255,66,38661,19,169290
6992,0.000382,74.125.24.0-255,1484,40145,19,169290
6993,0.000384,172.31.36.0-255,66,40211,19,169290
6994,0.000397,74.125.24.0-255,1484,41695,19,169290
6995,0.000399,172.31.36.0-255,66,41761,19,169290
6996,0.000421,74.125.24.0-255,1484,43245,19,169290
6997,0.000423,172.31.36.0-255,66,43311,19,169290
6998,0.000429,74.125.24.0-255,4320,47631,19,169290
6999,0.000432,172.31.36.0-255,66,47697,19,169290
7000,0.000443,74.125.24.0-255,1125,48822,19,169290
7001,0.000468,74.125.24.0-255,4320,53142,19,169290
7002,0.000481,74.125.24.0-255,1484,54626,19,169290
7003,0.000484,74.125.24.0-255,1484,56110,19,169290
7004,0.000505,74.125.24.0-255,4320,60430,19,169290
7005,0.000508,74.125.24.0-255,1484,61914,19,169290
7006,0.000523,74.125.24.0-255,4294,66208,19,169290
7007,0.000534,74.125.24.0-255,108,66316,19,169290
7008,0.000566,172.31.36.0-255,66,66382,19,169290
7009,0.000764,74.125.24.0-255,334,66716,19,169290
7010,0.001121,172.31.36.0-255,66,66782,19,169290
7011,0.001262,74.125.24.0-255,1484,68266,19,169290
7012,0.001272,74.125.24.0-255,2902,71168,19,169290
7013,0.001276,74.125.24.0-255,2902,74070,19,169290
7014,0.001295,74.125.24.0-255,2902,76972,19,169290
7015,0.001318,74.125.24.0-255,8574,85546,19,169290
7016,0.001336,74.125.24.0-255,4320,89866,19,169290
7017,0.001368,74.125.24.0-255,5738,95604,19,169290
7018,0.001382,74.125.24.0-255,5020,100624,19,169290
7019,0.001633,74.125.24.0-255,1484,102108,19,169290
7020,0.001641,74.125.24.0-255,2902,105010,19,169290
7021,0.00166,74.125.24.0-255,5738,110748,19,169290
7022,0.001676,74.125.24.0-255,4320,115068,19,169290
7023,0.001693,74.125.24.0-255,8574,123642,19,169290
7024,0.0017,74.125.24.0-255,7156,130798,19,169290
7025,0.001739,74.125.24.0-255,3602,134400,19,169290
7026,0.006737,172.31.36.0-255,66,134466,19,169290
7027,0.008803,74.125.24.0-255,5738,140204,19,169290
7028,0.008811,172.31.36.0-255,66,140270,19,169290
7029,0.010872,74.125.24.0-255,5738,146008,19,169290
7030,0.01088,172.31.36.0-255,66,146074,19,169290
7031,0.012947,74.125.24.0-255,5738,151812,19,169290
7032,0.013557,172.31.36.0-255,66,151878,19,169290
7033,0.015613,74.125.24.0-255,5738,157616,19,169290
7034,0.01562,172.31.36.0-255,66,157682,19,169290
7035,0.017654,74.125.24.0-255,5738,163420,19,169290
7036,0.017661,172.31.36.0-255,66,163486,19,169290
7037,0.01972,74.125.24.0-255,5738,169224,19,169290
7038,0.019728,172.31.36.0-255,66,169290,19,169290
7039,0.0,74.125.130.0-255,151,151,19,247098
7040,1.6e-05,172.31.36.0-255,66,217,19,247098
7041,2.4e-05,74.125.130.0-255,1484,1701,19,247098
7042,2.9e-05,172.31.36.0-255,66,1767,19,247098
7043,4.2e-05,74.125.130.0-255,2902,4669,19,247098
7044,4.7e-05,172.31.36.0-255,66,4735,19,247098
7045,5.3e-05,74.125.130.0-255,4320,9055,19,247098
7046,5.7e-05,172.31.36.0-255,66,9121,19,247098
7047,8.4e-05,74.125.130.0-255,4924,14045,19,247098
7048,9.2e-05,172.31.36.0-255,66,14111,19,247098
7049,0.000194,74.125.130.0-255,1484,15595,19,247098
7050,0.000199,172.31.36.0-255,66,15661,19,247098
7051,0.000228,74.125.130.0-255,2902,18563,19,247098
7052,0.00023,172.31.36.0-255,66,18629,19,247098
7053,0.000236,74.125.130.0-255,4320,22949,19,247098
7054,0.000239,172.31.36.0-255,66,23015,19,247098
7055,0.000269,74.125.130.0-255,1484,24499,19,247098
7056,0.000272,172.31.36.0-255,66,24565,19,247098
7057,0.00028,74.125.130.0-255,6797,31362,19,247098
7058,0.000282,172.31.36.0-255,66,31428,19,247098
7059,0.000289,74.125.130.0-255,1484,32912,19,247098
7060,0.000291,172.31.36.0-255,66,32978,19,247098
7061,0.000296,74.125.130.0-255,2902,35880,19,247098
7062,0.000298,172.31.36.0-255,66,35946,19,247098
7063,0.000305,74.125.130.0-255,5738,41684,19,247098
7064,0.000307,172.31.36.0-255,66,41750,19,247098
7065,0.000337,74.125.130.0-255,6797,48547,19,247098
7066,0.00034,172.31.36.0-255,66,48613,19,247098
7067,0.000373,74.125.130.0-255,2902,51515,19,247098
7068,0.000376,172.31.36.0-255,66,51581,19,247098
7069,0.000379,74.125.130.0-255,1484,53065,19,247098
7070,0.000381,172.31.36.0-255,66,53131,19,247098
7071,0.000405,74.125.130.0-255,2902,56033,19,247098
7072,0.000408,172.31.36.0-255,66,56099,19,247098
7073,0.000417,74.125.130.0-255,8574,64673,19,247098
7074,0.000419,172.31.36.0-255,66,64739,19,247098
7075,0.000422,74.125.130.0-255,1125,65864,19,247098
7076,0.000445,74.125.130.0-255,346,66210,19,247098
7077,0.000558,74.125.130.0-255,398,66608,19,247098
7078,0.000561,172.31.36.0-255,66,66674,19,247098
7079,0.000694,74.125.130.0-255,1484,68158,19,247098
7080,0.0007,74.125.130.0-255,2902,71060,19,247098
7081,0.000703,172.31.36.0-255,66,71126,19,247098
7082,0.000723,74.125.130.0-255,5738,76864,19,247098
7083,0.000726,172.31.36.0-255,66,76930,19,247098
7084,0.000734,74.125.130.0-255,6797,83727,19,247098
7085,0.000737,172.31.36.0-255,66,83793,19,247098
7086,0.000778,74.125.130.0-255,7156,90949,19,247098
7087,0.000781,172.31.36.0-255,66,91015,19,247098
7088,0.000787,74.125.130.0-255,4320,95335,19,247098
7089,0.000789,172.31.36.0-255,66,95401,19,247098
7090,0.000821,74.125.130.0-255,5379,100780,19,247098
7091,0.000824,172.31.36.0-255,66,100846,19,247098
7092,0.001215,74.125.130.0-255,1484,102330,19,247098
7093,0.001231,74.125.130.0-255,2902,105232,19,247098
7094,0.001234,172.31.36.0-255,66,105298,19,247098
7095,0.001238,74.125.130.0-255,1484,106782,19,247098
7096,0.001241,74.125.130.0-255,1484,108266,19,247098
7097,0.001243,172.31.36.0-255,66,108332,19,247098
7098,0.001262,74.125.130.0-255,1484,109816,19,247098
7099,0.001268,74.125.130.0-255,5738,115554,19,247098
7100,0.001285,172.31.36.0-255,66,115620,19,247098
7101,0.001317,172.31.36.0-255,66,115686,19,247098
7102,0.001325,74.125.130.0-255,6438,122124,19,247098
7103,0.001327,172.31.36.0-255,66,122190,19,247098
7104,0.001368,74.125.130.0-255,1484,123674,19,247098
7105,0.001389,74.125.130.0-255,2902,126576,19,247098
7106,0.001392,172.31.36.0-255,66,126642,19,247098
7107,0.001399,74.125.130.0-255,5738,132380,19,247098
7108,0.001401,172.31.36.0-255,66,132446,19,247098
7109,0.001411,74.125.130.0-255,4320,136766,19,247098
7110,0.001413,172.31.36.0-255,66,136832,19,247098
7111,0.001456,172.31.36.0-255,66,136898,19,247098
7112,0.001459,74.125.130.0-255,1484,138382,19,247098
7113,0.001487,74.125.130.0-255,6438,144820,19,247098
7114,0.001492,172.31.36.0-255,66,144886,19,247098
7115,0.001556,74.125.130.0-255,1484,146370,19,247098
7116,0.00157,74.125.130.0-255,2902,149272,19,247098
7117,0.001573,172.31.36.0-255,66,149338,19,247098
7118,0.00163,74.125.130.0-255,5738,155076,19,247098
7119,0.001633,172.31.36.0-255,66,155142,19,247098
7120,0.001641,74.125.130.0-255,7156,162298,19,247098
7121,0.001644,172.31.36.0-255,66,162364,19,247098
7122,0.001656,74.125.130.0-255,8574,170938,19,247098
7123,0.001658,172.31.36.0-255,66,171004,19,247098
7124,0.001664,74.125.130.0-255,5738,176742,19,247098
7125,0.001667,172.31.36.0-255,66,176808,19,247098
7126,0.001696,74.125.130.0-255,2184,178992,19,247098
7127,0.001699,172.31.36.0-255,66,179058,19,247098
7128,0.001864,74.125.130.0-255,1484,180542,19,247098
7129,0.001871,74.125.130.0-255,2902,183444,19,247098
7130,0.001874,172.31.36.0-255,66,183510,19,247098
7131,0.001881,74.125.130.0-255,5738,189248,19,247098
7132,0.001884,172.31.36.0-255,66,189314,19,247098
7133,0.001922,172.31.36.0-255,66,189380,19,247098
7134,0.00193,74.125.130.0-255,8574,197954,19,247098
7135,0.001933,172.31.36.0-255,66,198020,19,247098
7136,0.001968,74.125.130.0-255,2184,200204,19,247098
7137,0.001971,172.31.36.0-255,66,200270,19,247098
7138,0.003955,74.125.130.0-255,2902,203172,19,247098
7139,0.003963,172.31.36.0-255,66,203238,19,247098
7140,0.003983,74.125.130.0-255,2902,206140,19,247098
7141,0.003985,172.31.36.0-255,66,206206,19,247098
7142,0.005969,74.125.130.0-255,2902,209108,19,247098
7143,0.005973,172.31.36.0-255,66,209174,19,247098
7144,0.006003,74.125.130.0-255,2902,212076,19,247098
7145,0.006005,172.31.36.0-255,66,212142,19,247098
7146,0.007979,74.125.130.0-255,2902,215044,19,247098
7147,0.007982,172.31.36.0-255,66,215110,19,247098
7148,0.008005,74.125.130.0-255,2902,218012,19,247098
7149,0.008008,172.31.36.0-255,66,218078,19,247098
7150,0.01,74.125.130.0-255,5738,223816,19,247098
7151,0.010008,172.31.36.0-255,66,223882,19,247098
7152,0.01203,74.125.130.0-255,5738,229620,19,247098
7153,0.012038,172.31.36.0-255,66,229686,19,247098
7154,0.014054,74.125.130.0-255,5738,235424,19,247098
7155,0.014062,172.31.36.0-255,66,235490,19,247098
7156,0.01607,74.125.130.0-255,5738,241228,19,247098
7157,0.016079,172.31.36.0-255,66,241294,19,247098
7158,0.018089,74.125.130.0-255,5738,247032,19,247098
7159,0.018096,172.31.36.0-255,66,247098,19,247098
7160,0.0,172.217.194.0-255,153,153,19,312411
7161,3e-05,172.31.36.0-255,66,219,19,312411
7162,3.7e-05,172.217.194.0-255,1484,1703,19,312411
7163,4.3e-05,172.31.36.0-255,66,1769,19,312411
7164,4.8e-05,172.217.194.0-255,2902,4671,19,312411
7165,6e-05,172.31.36.0-255,66,4737,19,312411
7166,6.7e-05,172.217.194.0-255,5738,10475,19,312411
7167,7.1e-05,172.31.36.0-255,66,10541,19,312411
7168,0.00012,172.217.194.0-255,3446,13987,19,312411
7169,0.000125,172.31.36.0-255,66,14053,19,312411
7170,0.000131,172.217.194.0-255,4320,18373,19,312411
7171,0.000133,172.31.36.0-255,66,18439,19,312411
7172,0.000141,172.217.194.0-255,9992,28431,19,312411
7173,0.000143,172.31.36.0-255,66,28497,19,312411
7174,0.000148,172.217.194.0-255,2543,31040,19,312411
7175,0.00015,172.31.36.0-255,66,31106,19,312411
7176,0.000266,172.217.194.0-255,1484,32590,19,312411
7177,0.000271,172.31.36.0-255,66,32656,19,312411
7178,0.000276,172.217.194.0-255,2902,35558,19,312411
7179,0.000279,172.31.36.0-255,66,35624,19,312411
7180,0.000303,172.217.194.0-255,5738,41362,19,312411
7181,0.000313,172.31.36.0-255,66,41428,19,312411
7182,0.000332,172.217.194.0-255,4320,45748,19,312411
7183,0.000335,172.31.36.0-255,66,45814,19,312411
7184,0.000369,172.217.194.0-255,9633,55447,19,312411
7185,0.000373,172.31.36.0-255,66,55513,19,312411
7186,0.00038,172.217.194.0-255,5738,61251,19,312411
7187,0.000382,172.31.36.0-255,66,61317,19,312411
7188,0.00041,172.217.194.0-255,4285,65602,19,312411
7189,0.000414,172.31.36.0-255,66,65668,19,312411
7190,0.000417,172.217.194.0-255,364,66032,19,312411
7191,0.00042,172.31.36.0-255,66,66098,19,312411
7192,0.000511,172.217.194.0-255,1484,67582,19,312411
7193,0.000517,172.217.194.0-255,2902,70484,19,312411
7194,0.00052,172.31.36.0-255,66,70550,19,312411
7195,0.000525,172.217.194.0-255,2902,73452,19,312411
7196,0.000527,172.31.36.0-255,66,73518,19,312411
7197,0.000556,172.217.194.0-255,2902,76420,19,312411
7198,0.000565,172.31.36.0-255,66,76486,19,312411
7199,0.000573,172.217.194.0-255,5738,82224,19,312411
7200,0.000575,172.31.36.0-255,66,82290,19,312411
7201,0.000589,172.31.36.0-255,66,82356,19,312411
7202,0.000592,172.217.194.0-255,1484,83840,19,312411
7203,0.000621,172.217.194.0-255,3602,87442,19,312411
7204,0.000624,172.31.36.0-255,66,87508,19,312411
7205,0.000824,172.217.194.0-255,1484,88992,19,312411
7206,0.00083,172.217.194.0-255,2902,91894,19,312411
7207,0.000833,172.31.36.0-255,66,91960,19,312411
7208,0.000839,172.217.194.0-255,5738,97698,19,312411
7209,0.000841,172.31.36.0-255,66,97764,19,312411
7210,0.000854,172.217.194.0-255,5738,103502,19,312411
7211,0.000857,172.31.36.0-255,66,103568,19,312411
7212,0.000868,172.217.194.0-255,1484,105052,19,312411
7213,0.000906,172.31.36.0-255,66,105118,19,312411
7214,0.000912,172.217.194.0-255,5020,110138,19,312411
7215,0.000914,172.31.36.0-255,66,110204,19,312411
7216,0.001003,172.217.194.0-255,1484,111688,19,312411
7217,0.001008,172.217.194.0-255,2902,114590,19,312411
7218,0.001012,172.31.36.0-255,66,114656,19,312411
7219,0.001042,172.217.194.0-255,5738,120394,19,312411
7220,0.001045,172.31.36.0-255,66,120460,19,312411
7221,0.001054,172.217.194.0-255,8574,129034,19,312411
7222,0.001056,172.31.36.0-255,66,129100,19,312411
7223,0.001087,172.217.194.0-255,4320,133420,19,312411
7224,0.00109,172.31.36.0-255,66,133486,19,312411
7225,0.001098,172.217.194.0-255,8574,142060,19,312411
7226,0.001106,172.31.36.0-255,66,142126,19,312411
7227,0.00111,172.217.194.0-255,2184,144310,19,312411
7228,0.001112,172.31.36.0-255,66,144376,19,312411
7229,0.001138,172.217.194.0-255,2902,147278,19,312411
7230,0.001141,172.31.36.0-255,66,147344,19,312411
7231,0.001149,172.217.194.0-255,7156,154500,19,312411
7232,0.001151,172.31.36.0-255,66,154566,19,312411
7233,0.001186,172.31.36.0-255,66,154632,19,312411
7234,0.001247,172.217.194.0-255,9274,163906,19,312411
7235,0.00125,172.31.36.0-255,66,163972,19,312411
7236,0.001865,172.217.194.0-255,1484,165456,19,312411
7237,0.001884,172.217.194.0-255,2902,168358,19,312411
7238,0.001889,172.217.194.0-255,4320,172678,19,312411
7239,0.00189,172.31.36.0-255,66,172744,19,312411
7240,0.001894,172.31.36.0-255,66,172810,19,312411
7241,0.001903,172.217.194.0-255,1484,174294,19,312411
7242,0.001915,172.217.194.0-255,5738,180032,19,312411
7243,0.001918,172.31.36.0-255,66,180098,19,312411
7244,0.001957,172.217.194.0-255,7156,187254,19,312411
7245,0.00196,172.31.36.0-255,66,187320,19,312411
7246,0.001969,172.217.194.0-255,8574,195894,19,312411
7247,0.001972,172.31.36.0-255,66,195960,19,312411
7248,0.001975,172.217.194.0-255,2184,198144,19,312411
7249,0.001977,172.31.36.0-255,66,198210,19,312411
7250,0.002081,172.217.194.0-255,1484,199694,19,312411
7251,0.002086,172.217.194.0-255,2902,202596,19,312411
7252,0.002089,172.31.36.0-255,66,202662,19,312411
7253,0.002118,172.217.194.0-255,5738,208400,19,312411
7254,0.002121,172.31.36.0-255,66,208466,19,312411
7255,0.002127,172.217.194.0-255,5738,214204,19,312411
7256,0.002129,172.31.36.0-255,66,214270,19,312411
7257,0.002199,172.217.194.0-255,7156,221426,19,312411
7258,0.002203,172.31.36.0-255,66,221492,19,312411
7259,0.002212,172.217.194.0-255,8574,230066,19,312411
7260,0.002214,172.31.36.0-255,66,230132,19,312411
7261,0.002218,172.217.194.0-255,2184,232316,19,312411
7262,0.002219,172.31.36.0-255,66,232382,19,312411
7263,0.002253,172.217.194.0-255,2902,235284,19,312411
7264,0.002257,172.31.36.0-255,66,235350,19,312411
7265,0.00226,172.217.194.0-255,1484,236834,19,312411
7266,0.002266,172.217.194.0-255,5738,242572,19,312411
7267,0.002268,172.31.36.0-255,66,242638,19,312411
7268,0.002276,172.217.194.0-255,8574,251212,19,312411
7269,0.002279,172.31.36.0-255,66,251278,19,312411
7270,0.002314,172.217.194.0-255,4320,255598,19,312411
7271,0.002317,172.31.36.0-255,66,255664,19,312411
7272,0.002327,172.217.194.0-255,10692,266356,19,312411
7273,0.002329,172.31.36.0-255,66,266422,19,312411
7274,0.002366,172.31.36.0-255,66,266488,19,312411
7275,0.002375,172.217.194.0-255,7156,273644,19,312411
7276,0.002377,172.31.36.0-255,66,273710,19,312411
7277,0.002414,172.217.194.0-255,5738,279448,19,312411
7278,0.002418,172.31.36.0-255,66,279514,19,312411
7279,0.002427,172.217.194.0-255,9274,288788,19,312411
7280,0.00243,172.31.36.0-255,66,288854,19,312411
7281,0.002436,172.217.194.0-255,4320,293174,19,312411
7282,0.002438,172.31.36.0-255,66,293240,19,312411
7283,0.002482,172.31.36.0-255,66,293306,19,312411
7284,0.002491,172.217.194.0-255,9274,302580,19,312411
7285,0.002493,172.31.36.0-255,66,302646,19,312411
7286,0.002579,172.31.36.0-255,66,302712,19,312411
7287,0.002606,172.217.194.0-255,1484,304196,19,312411
7288,0.002615,172.217.194.0-255,7807,312003,19,312411
7289,0.002618,172.31.36.0-255,66,312069,19,312411
7290,0.005083,172.217.194.0-255,105,312174,19,312411
7291,0.007659,172.31.36.0-255,66,312240,19,312411
7292,0.007685,172.31.36.0-255,105,312345,19,312411
7293,0.010133,172.217.194.0-255,66,312411,19,312411
7294,0.0,74.125.24.0-255,153,153,19,299479
7295,2.7e-05,172.31.36.0-255,66,219,19,299479
7296,3.5e-05,74.125.24.0-255,1484,1703,19,299479
7297,4e-05,172.31.36.0-255,66,1769,19,299479
7298,4.5e-05,74.125.24.0-255,2902,4671,19,299479
7299,4.8e-05,172.31.36.0-255,66,4737,19,299479
7300,5.5e-05,74.125.24.0-255,7156,11893,19,299479
7301,5.8e-05,172.31.36.0-255,66,11959,19,299479
7302,8e-05,74.125.24.0-255,2081,14040,19,299479
7303,8.3e-05,172.31.36.0-255,66,14106,19,299479
7304,0.000111,74.125.24.0-255,1484,15590,19,299479
7305,0.000113,172.31.36.0-255,66,15656,19,299479
7306,0.000119,74.125.24.0-255,2902,18558,19,299479
7307,0.000121,172.31.36.0-255,66,18624,19,299479
7308,0.000124,74.125.24.0-255,1484,20108,19,299479
7309,0.000126,172.31.36.0-255,66,20174,19,299479
7310,0.000145,74.125.24.0-255,4320,24494,19,299479
7311,0.000148,172.31.36.0-255,66,24560,19,299479
7312,0.000166,74.125.24.0-255,4320,28880,19,299479
7313,0.000168,172.31.36.0-255,66,28946,19,299479
7314,0.000189,74.125.24.0-255,2543,31489,19,299479
7315,0.000191,172.31.36.0-255,66,31555,19,299479
7316,0.000287,74.125.24.0-255,1484,33039,19,299479
7317,0.000292,172.31.36.0-255,66,33105,19,299479
7318,0.000296,74.125.24.0-255,2902,36007,19,299479
7319,0.000299,172.31.36.0-255,66,36073,19,299479
7320,0.000305,74.125.24.0-255,5738,41811,19,299479
7321,0.000308,172.31.36.0-255,66,41877,19,299479
7322,0.000339,74.125.24.0-255,6797,48674,19,299479
7323,0.000343,172.31.36.0-255,66,48740,19,299479
7324,0.000348,74.125.24.0-255,4320,53060,19,299479
7325,0.00035,172.31.36.0-255,66,53126,19,299479
7326,0.000374,74.125.24.0-255,9992,63118,19,299479
7327,0.000377,172.31.36.0-255,66,63184,19,299479
7328,0.000382,74.125.24.0-255,2844,66028,19,299479
7329,0.000384,172.31.36.0-255,66,66094,19,299479
7330,0.000432,74.125.24.0-255,131,66225,19,299479
7331,0.000435,172.31.36.0-255,66,66291,19,299479
7332,0.0005,74.125.24.0-255,342,66633,19,299479
7333,0.000504,172.31.36.0-255,66,66699,19,299479
7334,0.000891,74.125.24.0-255,1484,68183,19,299479
7335,0.000896,172.31.36.0-255,66,68249,19,299479
7336,0.000905,74.125.24.0-255,2902,71151,19,299479
7337,0.000907,172.31.36.0-255,66,71217,19,299479
7338,0.000914,74.125.24.0-255,5738,76955,19,299479
7339,0.000916,172.31.36.0-255,66,77021,19,299479
7340,0.000969,172.31.36.0-255,66,77087,19,299479
7341,0.000983,172.31.36.0-255,66,77153,19,299479
7342,0.001187,74.125.24.0-255,1484,78637,19,299479
7343,0.001195,74.125.24.0-255,2902,81539,19,299479
7344,0.001199,172.31.36.0-255,66,81605,19,299479
7345,0.001203,74.125.24.0-255,1484,83089,19,299479
7346,0.001221,74.125.24.0-255,4320,87409,19,299479
7347,0.001224,172.31.36.0-255,66,87475,19,299479
7348,0.001236,172.31.36.0-255,66,87541,19,299479
7349,0.001243,74.125.24.0-255,5738,93279,19,299479
7350,0.001246,172.31.36.0-255,66,93345,19,299479
7351,0.001263,74.125.24.0-255,4320,97665,19,299479
7352,0.001267,172.31.36.0-255,66,97731,19,299479
7353,0.001278,74.125.24.0-255,766,98497,19,299479
7354,0.0018,74.125.24.0-255,1484,99981,19,299479
7355,0.001805,74.125.24.0-255,1484,101465,19,299479
7356,0.001818,74.125.24.0-255,1484,102949,19,299479
7357,0.001824,74.125.24.0-255,5738,108687,19,299479
7358,0.001844,74.125.24.0-255,1484,110171,19,299479
7359,0.001858,74.125.24.0-255,5738,115909,19,299479
7360,0.001871,74.125.24.0-255,5738,121647,19,299479
7361,0.001898,74.125.24.0-255,10692,132339,19,299479
7362,0.001918,74.125.24.0-255,9992,142331,19,299479
7363,0.00192,74.125.24.0-255,1484,143815,19,299479
7364,0.001945,74.125.24.0-255,9992,153807,19,299479
7365,0.001961,74.125.24.0-255,1484,155291,19,299479
7366,0.001984,74.125.24.0-255,10692,165983,19,299479
7367,0.002004,74.125.24.0-255,2902,168885,19,299479
7368,0.002019,74.125.24.0-255,5738,174623,19,299479
7369,0.00204,74.125.24.0-255,4320,178943,19,299479
7370,0.002044,74.125.24.0-255,4320,183263,19,299479
7371,0.002058,74.125.24.0-255,2902,186165,19,299479
7372,0.002071,74.125.24.0-255,5738,191903,19,299479
7373,0.002094,74.125.24.0-255,7856,199759,19,299479
7374,0.00212,74.125.24.0-255,1484,201243,19,299479
7375,0.002132,74.125.24.0-255,2902,204145,19,299479
7376,0.002141,74.125.24.0-255,1484,205629,19,299479
7377,0.00216,74.125.24.0-255,4320,209949,19,299479
7378,0.002253,74.125.24.0-255,7156,217105,19,299479
7379,0.002279,74.125.24.0-255,5020,222125,19,299479
7380,0.002308,74.125.24.0-255,1484,223609,19,299479
7381,0.002327,74.125.24.0-255,6438,230047,19,299479
7382,0.002351,74.125.24.0-255,2902,232949,19,299479
7383,0.002368,74.125.24.0-255,5738,238687,19,299479
7384,0.002373,74.125.24.0-255,4320,243007,19,299479
7385,0.002426,74.125.24.0-255,7156,250163,19,299479
7386,0.002439,74.125.24.0-255,2184,252347,19,299479
7387,0.002444,74.125.24.0-255,4320,256667,19,299479
7388,0.002465,74.125.24.0-255,5738,262405,19,299479
7389,0.002504,74.125.24.0-255,1484,263889,19,299479
7390,0.002518,74.125.24.0-255,4320,268209,19,299479
7391,0.002533,74.125.24.0-255,2184,270393,19,299479
7392,0.005328,172.31.36.0-255,66,270459,19,299479
7393,0.007847,74.125.24.0-255,5738,276197,19,299479
7394,0.007853,172.31.36.0-255,66,276263,19,299479
7395,0.010351,74.125.24.0-255,5738,282001,19,299479
7396,0.010357,172.31.36.0-255,66,282067,19,299479
7397,0.012825,74.125.24.0-255,5738,287805,19,299479
7398,0.012832,172.31.36.0-255,66,287871,19,299479
7399,0.015335,74.125.24.0-255,5738,293609,19,299479
7400,0.015346,172.31.36.0-255,66,293675,19,299479
7401,0.017841,74.125.24.0-255,5738,299413,19,299479
7402,0.01785,172.31.36.0-255,66,299479,19,299479
7403,0.0,172.217.194.0-255,150,150,19,317376
7404,3.8e-05,172.31.36.0-255,66,216,19,317376
7405,4.6e-05,172.217.194.0-255,1484,1700,19,317376
7406,5.1e-05,172.31.36.0-255,66,1766,19,317376
7407,5.6e-05,172.217.194.0-255,2902,4668,19,317376
7408,5.8e-05,172.31.36.0-255,66,4734,19,317376
7409,6.3e-05,172.217.194.0-255,4320,9054,19,317376
7410,6.5e-05,172.31.36.0-255,66,9120,19,317376
7411,7.2e-05,172.217.194.0-255,5738,14858,19,317376
7412,7.4e-05,172.31.36.0-255,66,14924,19,317376
7413,0.000101,172.217.194.0-255,3429,18353,19,317376
7414,0.000104,172.31.36.0-255,66,18419,19,317376
7415,0.000113,172.217.194.0-255,9992,28411,19,317376
7416,0.000115,172.31.36.0-255,66,28477,19,317376
7417,0.000137,172.217.194.0-255,2543,31020,19,317376
7418,0.000139,172.31.36.0-255,66,31086,19,317376
7419,0.000189,172.217.194.0-255,1484,32570,19,317376
7420,0.000193,172.31.36.0-255,66,32636,19,317376
7421,0.000199,172.217.194.0-255,2902,35538,19,317376
7422,0.000201,172.31.36.0-255,66,35604,19,317376
7423,0.000207,172.217.194.0-255,5738,41342,19,317376
7424,0.00021,172.31.36.0-255,66,41408,19,317376
7425,0.000241,172.217.194.0-255,9992,51400,19,317376
7426,0.000244,172.31.36.0-255,66,51466,19,317376
7427,0.000263,172.217.194.0-255,3961,55427,19,317376
7428,0.000266,172.31.36.0-255,66,55493,19,317376
7429,0.000273,172.217.194.0-255,4320,59813,19,317376
7430,0.000275,172.31.36.0-255,66,59879,19,317376
7431,0.000305,172.217.194.0-255,5669,65548,19,317376
7432,0.000308,172.31.36.0-255,66,65614,19,317376
7433,0.000311,172.217.194.0-255,98,65712,19,317376
7434,0.000313,172.31.36.0-255,66,65778,19,317376
7435,0.000402,172.217.194.0-255,1484,67262,19,317376
7436,0.000409,172.217.194.0-255,2902,70164,19,317376
7437,0.000416,172.31.36.0-255,66,70230,19,317376
7438,0.000434,172.217.194.0-255,5738,75968,19,317376
7439,0.000444,172.31.36.0-255,66,76034,19,317376
7440,0.000457,172.217.194.0-255,6797,82831,19,317376
7441,0.000465,172.31.36.0-255,66,82897,19,317376
7442,0.0005,172.217.194.0-255,1484,84381,19,317376
7443,0.000528,172.217.194.0-255,9992,94373,19,317376
7444,0.000535,172.31.36.0-255,66,94439,19,317376
7445,0.000543,172.217.194.0-255,1484,95923,19,317376
7446,0.000562,172.217.194.0-255,3961,99884,19,317376
7447,0.000578,172.31.36.0-255,66,99950,19,317376
7448,0.000621,172.217.194.0-255,1484,101434,19,317376
7449,0.000626,172.217.194.0-255,2902,104336,19,317376
7450,0.000631,172.31.36.0-255,66,104402,19,317376
7451,0.000643,172.217.194.0-255,5738,110140,19,317376
7452,0.000647,172.217.194.0-255,1484,111624,19,317376
7453,0.000649,172.31.36.0-255,66,111690,19,317376
7454,0.000672,172.217.194.0-255,4320,116010,19,317376
7455,0.000679,172.217.194.0-255,7156,123166,19,317376
7456,0.00068,172.31.36.0-255,66,123232,19,317376
7457,0.000685,172.31.36.0-255,66,123298,19,317376
7458,0.000708,172.217.194.0-255,5738,129036,19,317376
7459,0.000721,172.31.36.0-255,66,129102,19,317376
7460,0.00073,172.217.194.0-255,4738,133840,19,317376
7461,0.000737,172.31.36.0-255,66,133906,19,317376
7462,0.000775,172.217.194.0-255,1484,135390,19,317376
7463,0.000778,172.217.194.0-255,1484,136874,19,317376
7464,0.000792,172.31.36.0-255,66,136940,19,317376
7465,0.000805,172.217.194.0-255,1484,138424,19,317376
7466,0.000812,172.217.194.0-255,5738,144162,19,317376
7467,0.000815,172.31.36.0-255,66,144228,19,317376
7468,0.000816,172.217.194.0-255,4320,148548,19,317376
7469,0.00082,172.31.36.0-255,66,148614,19,317376
7470,0.000864,172.31.36.0-255,66,148680,19,317376
7471,0.000867,172.217.194.0-255,1484,150164,19,317376
7472,0.000885,172.217.194.0-255,4320,154484,19,317376
7473,0.000892,172.31.36.0-255,66,154550,19,317376
7474,0.000898,172.217.194.0-255,2184,156734,19,317376
7475,0.000906,172.31.36.0-255,66,156800,19,317376
7476,0.000938,172.217.194.0-255,1484,158284,19,317376
7477,0.000943,172.217.194.0-255,2902,161186,19,317376
7478,0.000956,172.31.36.0-255,66,161252,19,317376
7479,0.000984,172.217.194.0-255,1484,162736,19,317376
7480,0.001,172.217.194.0-255,4320,167056,19,317376
7481,0.001004,172.31.36.0-255,66,167122,19,317376
7482,0.001021,172.31.36.0-255,66,167188,19,317376
7483,0.001023,172.217.194.0-255,8574,175762,19,317376
7484,0.001035,172.31.36.0-255,66,175828,19,317376
7485,0.001069,172.217.194.0-255,4320,180148,19,317376
7486,0.001077,172.31.36.0-255,66,180214,19,317376
7487,0.001115,172.31.36.0-255,66,180280,19,317376
7488,0.001119,172.217.194.0-255,2902,183182,19,317376
7489,0.001133,172.31.36.0-255,66,183248,19,317376
7490,0.001136,172.217.194.0-255,5738,188986,19,317376
7491,0.001148,172.217.194.0-255,1484,190470,19,317376
7492,0.001149,172.31.36.0-255,66,190536,19,317376
7493,0.001166,172.217.194.0-255,2184,192720,19,317376
7494,0.001179,172.31.36.0-255,66,192786,19,317376
7495,0.00118,172.217.194.0-255,1484,194270,19,317376
7496,0.001195,172.217.194.0-255,2902,197172,19,317376
7497,0.001198,172.217.194.0-255,1484,198656,19,317376
7498,0.001198,172.31.36.0-255,66,198722,19,317376
7499,0.001226,172.217.194.0-255,4320,203042,19,317376
7500,0.00124,172.217.194.0-255,7156,210198,19,317376
7501,0.001239,172.31.36.0-255,66,210264,19,317376
7502,0.001242,172.217.194.0-255,1484,211748,19,317376
7503,0.001244,172.31.36.0-255,66,211814,19,317376
7504,0.001269,172.217.194.0-255,9992,221806,19,317376
7505,0.001282,172.217.194.0-255,2902,224708,19,317376
7506,0.001286,172.217.194.0-255,2184,226892,19,317376
7507,0.001297,172.31.36.0-255,66,226958,19,317376
7508,0.001638,172.217.194.0-255,1484,228442,19,317376
7509,0.001655,172.217.194.0-255,2902,231344,19,317376
7510,0.001659,172.31.36.0-255,66,231410,19,317376
7511,0.001663,172.217.194.0-255,1484,232894,19,317376
7512,0.00168,172.217.194.0-255,4320,237214,19,317376
7513,0.001685,172.217.194.0-255,4320,241534,19,317376
7514,0.001687,172.31.36.0-255,66,241600,19,317376
7515,0.001692,172.31.36.0-255,66,241666,19,317376
7516,0.001722,172.217.194.0-255,8574,250240,19,317376
7517,0.001727,172.31.36.0-255,66,250306,19,317376
7518,0.00173,172.217.194.0-255,5738,256044,19,317376
7519,0.00174,172.31.36.0-255,66,256110,19,317376
7520,0.001749,172.217.194.0-255,7156,263266,19,317376
7521,0.001759,172.31.36.0-255,66,263332,19,317376
7522,0.001766,172.217.194.0-255,7856,271188,19,317376
7523,0.00177,172.217.194.0-255,2902,274090,19,317376
7524,0.001774,172.31.36.0-255,66,274156,19,317376
7525,0.001796,172.217.194.0-255,8574,282730,19,317376
7526,0.001803,172.31.36.0-255,66,282796,19,317376
7527,0.00182,172.31.36.0-255,66,282862,19,317376
7528,0.001925,172.217.194.0-255,1484,284346,19,317376
7529,0.001944,172.217.194.0-255,2902,287248,19,317376
7530,0.001947,172.217.194.0-255,1484,288732,19,317376
7531,0.001957,172.31.36.0-255,66,288798,19,317376
7532,0.001966,172.217.194.0-255,4320,293118,19,317376
7533,0.00197,172.217.194.0-255,2902,296020,19,317376
7534,0.001976,172.31.36.0-255,66,296086,19,317376
7535,0.002006,172.217.194.0-255,9992,306078,19,317376
7536,0.002016,172.217.194.0-255,10692,316770,19,317376
7537,0.002016,172.31.36.0-255,66,316836,19,317376
7538,0.002024,172.31.36.0-255,66,316902,19,317376
7539,0.002091,172.31.36.0-255,66,316968,19,317376
7540,0.002125,172.217.194.0-255,105,317073,19,317376
7541,0.002127,172.31.36.0-255,66,317139,19,317376
7542,0.008343,172.31.36.0-255,66,317205,19,317376
7543,0.008378,172.31.36.0-255,105,317310,19,317376
7544,0.010693,172.217.194.0-255,66,317376,19,317376
7545,0.0,172.217.194.0-255,153,153,19,215608
7546,1.6e-05,172.31.36.0-255,66,219,19,215608
7547,2.3e-05,172.217.194.0-255,1484,1703,19,215608
7548,2.7e-05,172.31.36.0-255,66,1769,19,215608
7549,3.2e-05,172.217.194.0-255,2902,4671,19,215608
7550,3.4e-05,172.31.36.0-255,66,4737,19,215608
7551,3.9e-05,172.217.194.0-255,2902,7639,19,215608
7552,4.1e-05,172.31.36.0-255,66,7705,19,215608
7553,6.4e-05,172.217.194.0-255,4320,12025,19,215608
7554,6.7e-05,172.31.36.0-255,66,12091,19,215608
7555,7.2e-05,172.217.194.0-255,2065,14156,19,215608
7556,7.5e-05,172.31.36.0-255,66,14222,19,215608
7557,0.000103,172.217.194.0-255,1484,15706,19,215608
7558,0.000105,172.31.36.0-255,66,15772,19,215608
7559,0.00011,172.217.194.0-255,2902,18674,19,215608
7560,0.000112,172.31.36.0-255,66,18740,19,215608
7561,0.000129,172.217.194.0-255,5738,24478,19,215608
7562,0.000132,172.31.36.0-255,66,24544,19,215608
7563,0.000153,172.217.194.0-255,2902,27446,19,215608
7564,0.000155,172.31.36.0-255,66,27512,19,215608
7565,0.000176,172.217.194.0-255,3961,31473,19,215608
7566,0.000179,172.31.36.0-255,66,31539,19,215608
7567,0.000337,172.217.194.0-255,1484,33023,19,215608
7568,0.000343,172.31.36.0-255,66,33089,19,215608
7569,0.000349,172.217.194.0-255,2902,35991,19,215608
7570,0.000352,172.31.36.0-255,66,36057,19,215608
7571,0.000355,172.217.194.0-255,1484,37541,19,215608
7572,0.000357,172.31.36.0-255,66,37607,19,215608
7573,0.00038,172.217.194.0-255,4320,41927,19,215608
7574,0.000383,172.31.36.0-255,66,41993,19,215608
7575,0.000413,172.217.194.0-255,9992,51985,19,215608
7576,0.000416,172.31.36.0-255,66,52051,19,215608
7577,0.000433,172.217.194.0-255,3961,56012,19,215608
7578,0.000436,172.31.36.0-255,66,56078,19,215608
7579,0.000439,172.217.194.0-255,1484,57562,19,215608
7580,0.000461,172.217.194.0-255,7156,64718,19,215608
7581,0.000465,172.31.36.0-255,66,64784,19,215608
7582,0.000476,172.217.194.0-255,1125,65909,19,215608
7583,0.000494,172.217.194.0-255,362,66271,19,215608
7584,0.000511,172.217.194.0-255,381,66652,19,215608
7585,0.000515,172.31.36.0-255,66,66718,19,215608
7586,0.000751,172.217.194.0-255,1484,68202,19,215608
7587,0.000757,172.217.194.0-255,1484,69686,19,215608
7588,0.000761,172.31.36.0-255,66,69752,19,215608
7589,0.000784,172.217.194.0-255,1484,71236,19,215608
7590,0.000792,172.217.194.0-255,5738,76974,19,215608
7591,0.000794,172.31.36.0-255,66,77040,19,215608
7592,0.000807,172.31.36.0-255,66,77106,19,215608
7593,0.00083,172.217.194.0-255,1484,78590,19,215608
7594,0.00084,172.217.194.0-255,10692,89282,19,215608
7595,0.000843,172.31.36.0-255,66,89348,19,215608
7596,0.001126,172.217.194.0-255,1484,90832,19,215608
7597,0.001131,172.217.194.0-255,1484,92316,19,215608
7598,0.001136,172.31.36.0-255,66,92382,19,215608
7599,0.001155,172.217.194.0-255,1484,93866,19,215608
7600,0.001161,172.217.194.0-255,5738,99604,19,215608
7601,0.001164,172.31.36.0-255,66,99670,19,215608
7602,0.001196,172.31.36.0-255,66,99736,19,215608
7603,0.001214,172.217.194.0-255,1484,101220,19,215608
7604,0.00122,172.217.194.0-255,4320,105540,19,215608
7605,0.001222,172.31.36.0-255,66,105606,19,215608
7606,0.001248,172.217.194.0-255,6438,112044,19,215608
7607,0.001251,172.31.36.0-255,66,112110,19,215608
7608,0.001969,172.217.194.0-255,1484,113594,19,215608
7609,0.001977,172.217.194.0-255,1484,115078,19,215608
7610,0.001981,172.31.36.0-255,66,115144,19,215608
7611,0.002,172.217.194.0-255,1484,116628,19,215608
7612,0.002022,172.217.194.0-255,4320,120948,19,215608
7613,0.002024,172.31.36.0-255,66,121014,19,215608
7614,0.002044,172.217.194.0-255,2902,123916,19,215608
7615,0.002046,172.31.36.0-255,66,123982,19,215608
7616,0.002063,172.217.194.0-255,5738,129720,19,215608
7617,0.002066,172.31.36.0-255,66,129786,19,215608
7618,0.002075,172.217.194.0-255,9992,139778,19,215608
7619,0.002077,172.31.36.0-255,66,139844,19,215608
7620,0.002097,172.217.194.0-255,6438,146282,19,215608
7621,0.002099,172.31.36.0-255,66,146348,19,215608
7622,0.002259,172.217.194.0-255,1484,147832,19,215608
7623,0.002305,172.217.194.0-255,2902,150734,19,215608
7624,0.002309,172.31.36.0-255,66,150800,19,215608
7625,0.002316,172.217.194.0-255,4320,155120,19,215608
7626,0.002318,172.31.36.0-255,66,155186,19,215608
7627,0.002352,172.217.194.0-255,2902,158088,19,215608
7628,0.002355,172.31.36.0-255,66,158154,19,215608
7629,0.002358,172.217.194.0-255,1484,159638,19,215608
7630,0.002376,172.217.194.0-255,2902,162540,19,215608
7631,0.002379,172.31.36.0-255,66,162606,19,215608
7632,0.002397,172.217.194.0-255,1484,164090,19,215608
7633,0.002416,172.217.194.0-255,5738,169828,19,215608
7634,0.002419,172.31.36.0-255,66,169894,19,215608
7635,0.002446,172.217.194.0-255,8574,178468,19,215608
7636,0.002448,172.31.36.0-255,66,178534,19,215608
7637,0.002453,172.217.194.0-255,2184,180718,19,215608
7638,0.002455,172.31.36.0-255,66,180784,19,215608
7639,0.005005,172.217.194.0-255,5738,186522,19,215608
7640,0.005012,172.31.36.0-255,66,186588,19,215608
7641,0.007555,172.217.194.0-255,5738,192326,19,215608
7642,0.007559,172.31.36.0-255,66,192392,19,215608
7643,0.010141,172.217.194.0-255,5738,198130,19,215608
7644,0.01015,172.31.36.0-255,66,198196,19,215608
7645,0.012721,172.217.194.0-255,5738,203934,19,215608
7646,0.012729,172.31.36.0-255,66,204000,19,215608
7647,0.015315,172.217.194.0-255,5738,209738,19,215608
7648,0.015323,172.31.36.0-255,66,209804,19,215608
7649,0.017905,172.217.194.0-255,5738,215542,19,215608
7650,0.017916,172.31.36.0-255,66,215608,19,215608
7651,0.0,74.125.68.0-255,146,146,19,182768
7652,2.4e-05,172.31.36.0-255,66,212,19,182768
7653,3.1e-05,74.125.68.0-255,1484,1696,19,182768
7654,3.6e-05,172.31.36.0-255,66,1762,19,182768
7655,5.1e-05,74.125.68.0-255,2902,4664,19,182768
7656,5.4e-05,172.31.36.0-255,66,4730,19,182768
7657,5.9e-05,74.125.68.0-255,2902,7632,19,182768
7658,6.2e-05,172.31.36.0-255,66,7698,19,182768
7659,6.8e-05,74.125.68.0-255,4320,12018,19,182768
7660,7.1e-05,172.31.36.0-255,66,12084,19,182768
7661,0.000121,74.125.68.0-255,9126,21210,19,182768
7662,0.000125,172.31.36.0-255,66,21276,19,182768
7663,0.000132,74.125.68.0-255,7156,28432,19,182768
7664,0.000135,172.31.36.0-255,66,28498,19,182768
7665,0.000159,74.125.68.0-255,2543,31041,19,182768
7666,0.000161,172.31.36.0-255,66,31107,19,182768
7667,0.000243,74.125.68.0-255,1484,32591,19,182768
7668,0.000246,172.31.36.0-255,66,32657,19,182768
7669,0.00025,74.125.68.0-255,1484,34141,19,182768
7670,0.000253,172.31.36.0-255,66,34207,19,182768
7671,0.00028,74.125.68.0-255,1484,35691,19,182768
7672,0.000282,172.31.36.0-255,66,35757,19,182768
7673,0.000312,74.125.68.0-255,5738,41495,19,182768
7674,0.000315,172.31.36.0-255,66,41561,19,182768
7675,0.00032,74.125.68.0-255,2902,44463,19,182768
7676,0.000323,172.31.36.0-255,66,44529,19,182768
7677,0.000356,74.125.68.0-255,3961,48490,19,182768
7678,0.000359,172.31.36.0-255,66,48556,19,182768
7679,0.000371,74.125.68.0-255,1484,50040,19,182768
7680,0.000378,172.31.36.0-255,66,50106,19,182768
7681,0.000383,74.125.68.0-255,2902,53008,19,182768
7682,0.000385,172.31.36.0-255,66,53074,19,182768
7683,0.00041,74.125.68.0-255,5738,58812,19,182768
7684,0.000413,172.31.36.0-255,66,58878,19,182768
7685,0.000417,74.125.68.0-255,2902,61780,19,182768
7686,0.000419,172.31.36.0-255,66,61846,19,182768
7687,0.00045,74.125.68.0-255,4246,66092,19,182768
7688,0.000453,172.31.36.0-255,66,66158,19,182768
7689,0.000475,74.125.68.0-255,122,66280,19,182768
7690,0.000623,74.125.68.0-255,1484,67764,19,182768
7691,0.000627,172.31.36.0-255,66,67830,19,182768
7692,0.000632,74.125.68.0-255,1484,69314,19,182768
7693,0.000654,74.125.68.0-255,1484,70798,19,182768
7694,0.00066,74.125.68.0-255,5738,76536,19,182768
7695,0.000688,172.31.36.0-255,66,76602,19,182768
7696,0.000691,172.31.36.0-255,66,76668,19,182768
7697,0.000717,74.125.68.0-255,4320,80988,19,182768
7698,0.00072,172.31.36.0-255,66,81054,19,182768
7699,0.000726,74.125.68.0-255,5639,86693,19,182768
7700,0.000728,172.31.36.0-255,66,86759,19,182768
7701,0.000738,74.125.68.0-255,9992,96751,19,182768
7702,0.00074,172.31.36.0-255,66,96817,19,182768
7703,0.000767,74.125.68.0-255,3961,100778,19,182768
7704,0.000786,172.31.36.0-255,66,100844,19,182768
7705,0.001438,74.125.68.0-255,1484,102328,19,182768
7706,0.001464,74.125.68.0-255,2902,105230,19,182768
7707,0.001467,74.125.68.0-255,1484,106714,19,182768
7708,0.001476,172.31.36.0-255,66,106780,19,182768
7709,0.001504,74.125.68.0-255,2902,109682,19,182768
7710,0.001507,172.31.36.0-255,66,109748,19,182768
7711,0.001533,74.125.68.0-255,5738,115486,19,182768
7712,0.001536,172.31.36.0-255,66,115552,19,182768
7713,0.001568,74.125.68.0-255,7156,122708,19,182768
7714,0.001571,172.31.36.0-255,66,122774,19,182768
7715,0.001577,74.125.68.0-255,4320,127094,19,182768
7716,0.001579,172.31.36.0-255,66,127160,19,182768
7717,0.001607,74.125.68.0-255,1484,128644,19,182768
7718,0.001614,74.125.68.0-255,6438,135082,19,182768
7719,0.001616,172.31.36.0-255,66,135148,19,182768
7720,0.00225,74.125.68.0-255,1484,136632,19,182768
7721,0.00226,74.125.68.0-255,1484,138116,19,182768
7722,0.002265,172.31.36.0-255,66,138182,19,182768
7723,0.003857,74.125.68.0-255,2902,141084,19,182768
7724,0.003864,172.31.36.0-255,66,141150,19,182768
7725,0.004501,74.125.68.0-255,1484,142634,19,182768
7726,0.004514,74.125.68.0-255,1484,144118,19,182768
7727,0.004517,172.31.36.0-255,66,144184,19,182768
7728,0.006095,74.125.68.0-255,2902,147086,19,182768
7729,0.006098,172.31.36.0-255,66,147152,19,182768
7730,0.006743,74.125.68.0-255,2902,150054,19,182768
7731,0.006745,172.31.36.0-255,66,150120,19,182768
7732,0.008322,74.125.68.0-255,2902,153022,19,182768
7733,0.008329,172.31.36.0-255,66,153088,19,182768
7734,0.008982,74.125.68.0-255,2902,155990,19,182768
7735,0.008988,172.31.36.0-255,66,156056,19,182768
7736,0.010562,74.125.68.0-255,2902,158958,19,182768
7737,0.010571,172.31.36.0-255,66,159024,19,182768
7738,0.011225,74.125.68.0-255,2902,161926,19,182768
7739,0.011232,172.31.36.0-255,66,161992,19,182768
7740,0.012805,74.125.68.0-255,2902,164894,19,182768
7741,0.012813,172.31.36.0-255,66,164960,19,182768
7742,0.013478,74.125.68.0-255,2902,167862,19,182768
7743,0.013486,172.31.36.0-255,66,167928,19,182768
7744,0.01505,74.125.68.0-255,2902,170830,19,182768
7745,0.01506,172.31.36.0-255,66,170896,19,182768
7746,0.015728,74.125.68.0-255,2902,173798,19,182768
7747,0.015736,172.31.36.0-255,66,173864,19,182768
7748,0.017296,74.125.68.0-255,2902,176766,19,182768
7749,0.017305,172.31.36.0-255,66,176832,19,182768
7750,0.017969,74.125.68.0-255,2902,179734,19,182768
7751,0.017975,172.31.36.0-255,66,179800,19,182768
7752,0.019572,74.125.68.0-255,2902,182702,19,182768
7753,0.019579,172.31.36.0-255,66,182768,19,182768
7754,0.0,74.125.24.0-255,153,153,19,303036
7755,3.1e-05,172.31.36.0-255,66,219,19,303036
7756,3.8e-05,74.125.24.0-255,1484,1703,19,303036
7757,4.3e-05,172.31.36.0-255,66,1769,19,303036
7758,4.7e-05,74.125.24.0-255,2902,4671,19,303036
7759,5e-05,172.31.36.0-255,66,4737,19,303036
7760,5.7e-05,74.125.24.0-255,7156,11893,19,303036
7761,6e-05,172.31.36.0-255,66,11959,19,303036
7762,6.4e-05,74.125.24.0-255,2902,14861,19,303036
7763,6.7e-05,172.31.36.0-255,66,14927,19,303036
7764,9.6e-05,74.125.24.0-255,6269,21196,19,303036
7765,9.9e-05,172.31.36.0-255,66,21262,19,303036
7766,0.000108,74.125.24.0-255,9633,30895,19,303036
7767,0.00011,172.31.36.0-255,66,30961,19,303036
7768,0.000184,74.125.24.0-255,1484,32445,19,303036
7769,0.000188,172.31.36.0-255,66,32511,19,303036
7770,0.000193,74.125.24.0-255,1484,33995,19,303036
7771,0.000195,172.31.36.0-255,66,34061,19,303036
7772,0.000207,74.125.24.0-255,1484,35545,19,303036
7773,0.000209,172.31.36.0-255,66,35611,19,303036
7774,0.000216,74.125.24.0-255,5738,41349,19,303036
7775,0.000219,172.31.36.0-255,66,41415,19,303036
7776,0.000223,74.125.24.0-255,2902,44317,19,303036
7777,0.000225,172.31.36.0-255,66,44383,19,303036
7778,0.000267,172.31.36.0-255,66,44449,19,303036
7779,0.00027,74.125.24.0-255,1484,45933,19,303036
7780,0.000272,172.31.36.0-255,66,45999,19,303036
7781,0.000293,74.125.24.0-255,8486,54485,19,303036
7782,0.000296,172.31.36.0-255,66,54551,19,303036
7783,0.0003,74.125.24.0-255,136,54687,19,303036
7784,0.000302,172.31.36.0-255,66,54753,19,303036
7785,0.000372,74.125.24.0-255,347,55100,19,303036
7786,0.000376,172.31.36.0-255,66,55166,19,303036
7787,0.000704,74.125.24.0-255,1484,56650,19,303036
7788,0.00071,172.31.36.0-255,66,56716,19,303036
7789,0.000715,74.125.24.0-255,2902,59618,19,303036
7790,0.00072,172.31.36.0-255,66,59684,19,303036
7791,0.000749,74.125.24.0-255,4320,64004,19,303036
7792,0.000752,172.31.36.0-255,66,64070,19,303036
7793,0.000766,74.125.24.0-255,1484,65554,19,303036
7794,0.000775,74.125.24.0-255,9992,75546,19,303036
7795,0.000788,172.31.36.0-255,66,75612,19,303036
7796,0.000811,172.31.36.0-255,66,75678,19,303036
7797,0.000819,74.125.24.0-255,766,76444,19,303036
7798,0.000953,74.125.24.0-255,1484,77928,19,303036
7799,0.000957,172.31.36.0-255,66,77994,19,303036
7800,0.000962,74.125.24.0-255,2902,80896,19,303036
7801,0.000973,172.31.36.0-255,66,80962,19,303036
7802,0.000979,74.125.24.0-255,5738,86700,19,303036
7803,0.000992,172.31.36.0-255,66,86766,19,303036
7804,0.000996,74.125.24.0-255,7156,93922,19,303036
7805,0.001006,172.31.36.0-255,66,93988,19,303036
7806,0.001013,74.125.24.0-255,2902,96890,19,303036
7807,0.001016,172.31.36.0-255,66,96956,19,303036
7808,0.001042,74.125.24.0-255,8574,105530,19,303036
7809,0.001058,74.125.24.0-255,5020,110550,19,303036
7810,0.001058,172.31.36.0-255,66,110616,19,303036
7811,0.001063,172.31.36.0-255,66,110682,19,303036
7812,0.001091,74.125.24.0-255,7156,117838,19,303036
7813,0.001096,172.31.36.0-255,66,117904,19,303036
7814,0.001104,74.125.24.0-255,4320,122224,19,303036
7815,0.00111,172.31.36.0-255,66,122290,19,303036
7816,0.001124,172.31.36.0-255,66,122356,19,303036
7817,0.001138,74.125.24.0-255,2902,125258,19,303036
7818,0.001152,172.31.36.0-255,66,125324,19,303036
7819,0.001158,74.125.24.0-255,6438,131762,19,303036
7820,0.001186,172.31.36.0-255,66,131828,19,303036
7821,0.001374,74.125.24.0-255,1484,133312,19,303036
7822,0.001391,74.125.24.0-255,2902,136214,19,303036
7823,0.001395,172.31.36.0-255,66,136280,19,303036
7824,0.0014,74.125.24.0-255,2902,139182,19,303036
7825,0.00141,172.31.36.0-255,66,139248,19,303036
7826,0.001416,74.125.24.0-255,2902,142150,19,303036
7827,0.001426,172.31.36.0-255,66,142216,19,303036
7828,0.001427,74.125.24.0-255,1484,143700,19,303036
7829,0.00145,74.125.24.0-255,9992,153692,19,303036
7830,0.001453,172.31.36.0-255,66,153758,19,303036
7831,0.001456,74.125.24.0-255,1484,155242,19,303036
7832,0.001486,74.125.24.0-255,10692,165934,19,303036
7833,0.001496,172.31.36.0-255,66,166000,19,303036
7834,0.00158,74.125.24.0-255,1484,167484,19,303036
7835,0.001598,74.125.24.0-255,2902,170386,19,303036
7836,0.001602,172.31.36.0-255,66,170452,19,303036
7837,0.001612,74.125.24.0-255,2902,173354,19,303036
7838,0.001616,172.31.36.0-255,66,173420,19,303036
7839,0.00163,74.125.24.0-255,2902,176322,19,303036
7840,0.001634,172.31.36.0-255,66,176388,19,303036
7841,0.001642,74.125.24.0-255,7156,183544,19,303036
7842,0.001645,172.31.36.0-255,66,183610,19,303036
7843,0.00166,74.125.24.0-255,1484,185094,19,303036
7844,0.001688,74.125.24.0-255,2902,187996,19,303036
7845,0.001697,172.31.36.0-255,66,188062,19,303036
7846,0.001726,172.31.36.0-255,66,188128,19,303036
7847,0.00201,74.125.24.0-255,1484,189612,19,303036
7848,0.002016,74.125.24.0-255,2902,192514,19,303036
7849,0.002019,172.31.36.0-255,66,192580,19,303036
7850,0.002024,74.125.24.0-255,1484,194064,19,303036
7851,0.002043,74.125.24.0-255,4320,198384,19,303036
7852,0.002048,74.125.24.0-255,4320,202704,19,303036
7853,0.00205,172.31.36.0-255,66,202770,19,303036
7854,0.002054,172.31.36.0-255,66,202836,19,303036
7855,0.002103,74.125.24.0-255,7856,210692,19,303036
7856,0.00224,74.125.24.0-255,1484,212176,19,303036
7857,0.002246,74.125.24.0-255,2902,215078,19,303036
7858,0.002261,74.125.24.0-255,1484,216562,19,303036
7859,0.002277,74.125.24.0-255,4320,220882,19,303036
7860,0.002289,74.125.24.0-255,2902,223784,19,303036
7861,0.002311,74.125.24.0-255,9992,233776,19,303036
7862,0.002317,74.125.24.0-255,4320,238096,19,303036
7863,0.002333,74.125.24.0-255,2902,240998,19,303036
7864,0.002355,74.125.24.0-255,5738,246736,19,303036
7865,0.002418,74.125.24.0-255,4320,251056,19,303036
7866,0.002444,74.125.24.0-255,7156,258212,19,303036
7867,0.002458,74.125.24.0-255,3602,261814,19,303036
7868,0.002491,172.31.36.0-255,66,261880,19,303036
7869,0.004855,74.125.24.0-255,2902,264782,19,303036
7870,0.004861,172.31.36.0-255,66,264848,19,303036
7871,0.004891,74.125.24.0-255,2902,267750,19,303036
7872,0.004894,172.31.36.0-255,66,267816,19,303036
7873,0.007224,74.125.24.0-255,2902,270718,19,303036
7874,0.007228,172.31.36.0-255,66,270784,19,303036
7875,0.007255,74.125.24.0-255,2902,273686,19,303036
7876,0.007258,172.31.36.0-255,66,273752,19,303036
7877,0.009586,74.125.24.0-255,2902,276654,19,303036
7878,0.009593,172.31.36.0-255,66,276720,19,303036
7879,0.009611,74.125.24.0-255,2902,279622,19,303036
7880,0.009614,172.31.36.0-255,66,279688,19,303036
7881,0.011933,74.125.24.0-255,2902,282590,19,303036
7882,0.011941,172.31.36.0-255,66,282656,19,303036
7883,0.011961,74.125.24.0-255,2902,285558,19,303036
7884,0.011964,172.31.36.0-255,66,285624,19,303036
7885,0.014319,74.125.24.0-255,5738,291362,19,303036
7886,0.014326,172.31.36.0-255,66,291428,19,303036
7887,0.016703,74.125.24.0-255,5738,297166,19,303036
7888,0.01671,172.31.36.0-255,66,297232,19,303036
7889,0.019075,74.125.24.0-255,5738,302970,19,303036
7890,0.01909,172.31.36.0-255,66,303036,19,303036
7891,0.0,172.217.194.0-255,153,153,19,97888
7892,3.4e-05,172.31.36.0-255,66,219,19,97888
7893,4.1e-05,172.217.194.0-255,1484,1703,19,97888
7894,4.6e-05,172.31.36.0-255,66,1769,19,97888
7895,5.8e-05,172.217.194.0-255,2902,4671,19,97888
7896,6e-05,172.31.36.0-255,66,4737,19,97888
7897,0.000127,172.217.194.0-255,2902,7639,19,97888
7898,0.00013,172.31.36.0-255,66,7705,19,97888
7899,0.000157,172.217.194.0-255,4320,12025,19,97888
7900,0.00016,172.31.36.0-255,66,12091,19,97888
7901,0.000341,172.217.194.0-255,5738,17829,19,97888
7902,0.000351,172.31.36.0-255,66,17895,19,97888
7903,0.000362,172.217.194.0-255,6312,24207,19,97888
7904,0.00037,172.31.36.0-255,66,24273,19,97888
7905,0.000704,172.217.194.0-255,6797,31070,19,97888
7906,0.000709,172.31.36.0-255,66,31136,19,97888
7907,0.000897,172.217.194.0-255,8574,39710,19,97888
7908,0.000905,172.31.36.0-255,66,39776,19,97888
7909,0.000927,172.217.194.0-255,8215,47991,19,97888
7910,0.000931,172.31.36.0-255,66,48057,19,97888
7911,0.001392,172.217.194.0-255,5738,53795,19,97888
7912,0.001397,172.31.36.0-255,66,53861,19,97888
7913,0.001435,172.31.36.0-255,66,53927,19,97888
7914,0.001888,172.217.194.0-255,4320,58247,19,97888
7915,0.00189,172.31.36.0-255,66,58313,19,97888
7916,0.001965,172.31.36.0-255,66,58379,19,97888
7917,0.00286,172.217.194.0-255,7156,65535,19,97888
7918,0.002862,172.31.36.0-255,66,65601,19,97888
7919,0.002908,172.31.36.0-255,66,65667,19,97888
7920,0.003822,172.217.194.0-255,4320,69987,19,97888
7921,0.00458,172.31.36.0-255,66,70053,19,97888
7922,0.005314,172.31.36.0-255,101,70154,19,97888
7923,0.006865,172.217.194.0-255,4320,74474,19,97888
7924,0.006871,172.31.36.0-255,66,74540,19,97888
7925,0.006897,172.217.194.0-255,1484,76024,19,97888
7926,0.007521,172.217.194.0-255,66,76090,19,97888
7927,0.009153,172.217.194.0-255,4320,80410,19,97888
7928,0.009166,172.31.36.0-255,66,80476,19,97888
7929,0.011459,172.217.194.0-255,5738,86214,19,97888
7930,0.015277,172.31.36.0-255,66,86280,19,97888
7931,0.017583,172.217.194.0-255,5738,92018,19,97888
7932,0.017601,172.31.36.0-255,66,92084,19,97888
7933,0.019913,172.217.194.0-255,5738,97822,19,97888
7934,0.01993,172.31.36.0-255,66,97888,19,97888
7935,0.0,172.217.194.0-255,146,146,19,273349
7936,2.7e-05,172.31.36.0-255,66,212,19,273349
7937,3.4e-05,172.217.194.0-255,1484,1696,19,273349
7938,3.8e-05,172.31.36.0-255,66,1762,19,273349
7939,4.4e-05,172.217.194.0-255,2902,4664,19,273349
7940,4.7e-05,172.31.36.0-255,66,4730,19,273349
7941,5.4e-05,172.217.194.0-255,7156,11886,19,273349
7942,5.7e-05,172.31.36.0-255,66,11952,19,273349
7943,8.3e-05,172.217.194.0-255,2093,14045,19,273349
7944,8.6e-05,172.31.36.0-255,66,14111,19,273349
7945,0.000114,172.217.194.0-255,1484,15595,19,273349
7946,0.000117,172.31.36.0-255,66,15661,19,273349
7947,0.000142,172.217.194.0-255,7156,22817,19,273349
7948,0.000144,172.31.36.0-255,66,22883,19,273349
7949,0.000165,172.217.194.0-255,5738,28621,19,273349
7950,0.000168,172.31.36.0-255,66,28687,19,273349
7951,0.000181,172.217.194.0-255,2543,31230,19,273349
7952,0.000184,172.31.36.0-255,66,31296,19,273349
7953,0.000213,172.217.194.0-255,4320,35616,19,273349
7954,0.000216,172.31.36.0-255,66,35682,19,273349
7955,0.000231,172.217.194.0-255,2902,38584,19,273349
7956,0.000234,172.31.36.0-255,66,38650,19,273349
7957,0.000242,172.217.194.0-255,8574,47224,19,273349
7958,0.000244,172.31.36.0-255,66,47290,19,273349
7959,0.000285,172.217.194.0-255,8574,55864,19,273349
7960,0.000289,172.31.36.0-255,66,55930,19,273349
7961,0.000306,172.217.194.0-255,6797,62727,19,273349
7962,0.000309,172.31.36.0-255,66,62793,19,273349
7963,0.000313,172.217.194.0-255,2794,65587,19,273349
7964,0.000315,172.31.36.0-255,66,65653,19,273349
7965,0.000339,172.217.194.0-255,117,65770,19,273349
7966,0.000342,172.31.36.0-255,66,65836,19,273349
7967,0.000457,172.217.194.0-255,383,66219,19,273349
7968,0.000699,172.217.194.0-255,1484,67703,19,273349
7969,0.000703,172.31.36.0-255,66,67769,19,273349
7970,0.000709,172.217.194.0-255,2902,70671,19,273349
7971,0.000711,172.31.36.0-255,66,70737,19,273349
7972,0.000739,172.217.194.0-255,5738,76475,19,273349
7973,0.000742,172.31.36.0-255,66,76541,19,273349
7974,0.000747,172.217.194.0-255,2902,79443,19,273349
7975,0.000749,172.31.36.0-255,66,79509,19,273349
7976,0.000763,172.217.194.0-255,4320,83829,19,273349
7977,0.000766,172.31.36.0-255,66,83895,19,273349
7978,0.000791,172.217.194.0-255,5738,89633,19,273349
7979,0.000793,172.31.36.0-255,66,89699,19,273349
7980,0.000824,172.217.194.0-255,2902,92601,19,273349
7981,0.000828,172.31.36.0-255,66,92667,19,273349
7982,0.000855,172.217.194.0-255,7856,100523,19,273349
7983,0.000859,172.31.36.0-255,66,100589,19,273349
7984,0.001123,172.217.194.0-255,1484,102073,19,273349
7985,0.001132,172.217.194.0-255,2902,104975,19,273349
7986,0.001137,172.31.36.0-255,66,105041,19,273349
7987,0.001145,172.217.194.0-255,4320,109361,19,273349
7988,0.001147,172.31.36.0-255,66,109427,19,273349
7989,0.001159,172.217.194.0-255,1484,110911,19,273349
7990,0.001163,172.217.194.0-255,1484,112395,19,273349
7991,0.001165,172.31.36.0-255,66,112461,19,273349
7992,0.001195,172.31.36.0-255,66,112527,19,273349
7993,0.001241,172.217.194.0-255,4320,116847,19,273349
7994,0.001245,172.31.36.0-255,66,116913,19,273349
7995,0.00127,172.217.194.0-255,6438,123351,19,273349
7996,0.001273,172.31.36.0-255,66,123417,19,273349
7997,0.00192,172.217.194.0-255,1484,124901,19,273349
7998,0.001927,172.217.194.0-255,2902,127803,19,273349
7999,0.001931,172.31.36.0-255,66,127869,19,273349
8000,0.001937,172.217.194.0-255,4320,132189,19,273349
8001,0.001939,172.31.36.0-255,66,132255,19,273349
8002,0.001965,172.217.194.0-255,1484,133739,19,273349
8003,0.001979,172.31.36.0-255,66,133805,19,273349
8004,0.002011,172.217.194.0-255,2902,136707,19,273349
8005,0.002013,172.31.36.0-255,66,136773,19,273349
8006,0.002035,172.217.194.0-255,7856,144629,19,273349
8007,0.002037,172.31.36.0-255,66,144695,19,273349
8008,0.002185,172.217.194.0-255,1484,146179,19,273349
8009,0.002204,172.217.194.0-255,2902,149081,19,273349
8010,0.002207,172.31.36.0-255,66,149147,19,273349
8011,0.002211,172.217.194.0-255,1484,150631,19,273349
8012,0.002229,172.217.194.0-255,4320,154951,19,273349
8013,0.002231,172.31.36.0-255,66,155017,19,273349
8014,0.002234,172.217.194.0-255,1484,156501,19,273349
8015,0.002268,172.31.36.0-255,66,156567,19,273349
8016,0.002274,172.217.194.0-255,7156,163723,19,273349
8017,0.002276,172.31.36.0-255,66,163789,19,273349
8018,0.002296,172.217.194.0-255,1484,165273,19,273349
8019,0.002347,172.217.194.0-255,7156,172429,19,273349
8020,0.00235,172.31.36.0-255,66,172495,19,273349
8021,0.002369,172.217.194.0-255,2184,174679,19,273349
8022,0.002372,172.31.36.0-255,66,174745,19,273349
8023,0.002379,172.217.194.0-255,8574,183319,19,273349
8024,0.002381,172.31.36.0-255,66,183385,19,273349
8025,0.002389,172.217.194.0-255,8574,191959,19,273349
8026,0.002391,172.31.36.0-255,66,192025,19,273349
8027,0.00241,172.217.194.0-255,7156,199181,19,273349
8028,0.002412,172.31.36.0-255,66,199247,19,273349
8029,0.002424,172.217.194.0-255,2184,201431,19,273349
8030,0.002427,172.31.36.0-255,66,201497,19,273349
8031,0.002451,172.217.194.0-255,2902,204399,19,273349
8032,0.002453,172.31.36.0-255,66,204465,19,273349
8033,0.002466,172.31.36.0-255,66,204531,19,273349
8034,0.002486,172.217.194.0-255,1484,206015,19,273349
8035,0.002493,172.217.194.0-255,7156,213171,19,273349
8036,0.002496,172.31.36.0-255,66,213237,19,273349
8037,0.00252,172.31.36.0-255,66,213303,19,273349
8038,0.002523,172.217.194.0-255,1484,214787,19,273349
8039,0.002543,172.217.194.0-255,5738,220525,19,273349
8040,0.002546,172.31.36.0-255,66,220591,19,273349
8041,0.002549,172.217.194.0-255,2902,223493,19,273349
8042,0.002552,172.31.36.0-255,66,223559,19,273349
8043,0.002565,172.217.194.0-255,4320,227879,19,273349
8044,0.002567,172.31.36.0-255,66,227945,19,273349
8045,0.002599,172.31.36.0-255,66,228011,19,273349
8046,0.002617,172.217.194.0-255,2184,230195,19,273349
8047,0.00262,172.31.36.0-255,66,230261,19,273349
8048,0.002624,172.217.194.0-255,2902,233163,19,273349
8049,0.002626,172.31.36.0-255,66,233229,19,273349
8050,0.002672,172.217.194.0-255,5738,238967,19,273349
8051,0.002674,172.31.36.0-255,66,239033,19,273349
8052,0.002699,172.217.194.0-255,9992,249025,19,273349
8053,0.002702,172.31.36.0-255,66,249091,19,273349
8054,0.002704,172.217.194.0-255,1484,250575,19,273349
8055,0.00275,172.217.194.0-255,4320,254895,19,273349
8056,0.002763,172.217.194.0-255,2902,257797,19,273349
8057,0.002779,172.217.194.0-255,5020,262817,19,273349
8058,0.002782,172.217.194.0-255,1484,264301,19,273349
8059,0.002796,172.217.194.0-255,2902,267203,19,273349
8060,0.002806,172.217.194.0-255,1484,268687,19,273349
8061,0.002893,172.217.194.0-255,4320,273007,19,273349
8062,0.002923,172.217.194.0-255,105,273112,19,273349
8063,0.003834,172.31.36.0-255,66,273178,19,273349
8064,0.006084,172.31.36.0-255,105,273283,19,273349
8065,0.008295,172.217.194.0-255,66,273349,19,273349
8066,0.0,172.217.194.0-255,153,153,19,149809
8067,2.8e-05,172.31.36.0-255,66,219,19,149809
8068,3.5e-05,172.217.194.0-255,1484,1703,19,149809
8069,3.9e-05,172.31.36.0-255,66,1769,19,149809
8070,4.4e-05,172.217.194.0-255,2902,4671,19,149809
8071,4.7e-05,172.31.36.0-255,66,4737,19,149809
8072,5.4e-05,172.217.194.0-255,7156,11893,19,149809
8073,5.6e-05,172.31.36.0-255,66,11959,19,149809
8074,9.5e-05,172.31.36.0-255,66,12025,19,149809
8075,0.000112,172.217.194.0-255,3457,15482,19,149809
8076,0.000114,172.31.36.0-255,66,15548,19,149809
8077,0.000132,172.217.194.0-255,3961,19509,19,149809
8078,0.000135,172.31.36.0-255,66,19575,19,149809
8079,0.000305,172.217.194.0-255,1484,21059,19,149809
8080,0.00031,172.31.36.0-255,66,21125,19,149809
8081,0.000327,172.217.194.0-255,1484,22609,19,149809
8082,0.00033,172.31.36.0-255,66,22675,19,149809
8083,0.000346,172.217.194.0-255,2902,25577,19,149809
8084,0.00035,172.31.36.0-255,66,25643,19,149809
8085,0.000356,172.217.194.0-255,5738,31381,19,149809
8086,0.000359,172.31.36.0-255,66,31447,19,149809
8087,0.000393,172.217.194.0-255,9992,41439,19,149809
8088,0.000397,172.31.36.0-255,66,41505,19,149809
8089,0.000428,172.31.36.0-255,66,41571,19,149809
8090,0.00043,172.217.194.0-255,766,42337,19,149809
8091,0.000432,172.31.36.0-255,66,42403,19,149809
8092,0.00052,172.217.194.0-255,376,42779,19,149809
8093,0.000524,172.31.36.0-255,66,42845,19,149809
8094,0.000562,172.217.194.0-255,366,43211,19,149809
8095,0.000565,172.31.36.0-255,66,43277,19,149809
8096,0.000603,172.217.194.0-255,1484,44761,19,149809
8097,0.000625,172.217.194.0-255,4320,49081,19,149809
8098,0.000629,172.31.36.0-255,66,49147,19,149809
8099,0.000633,172.217.194.0-255,1484,50631,19,149809
8100,0.000648,172.217.194.0-255,1484,52115,19,149809
8101,0.000662,172.31.36.0-255,66,52181,19,149809
8102,0.000686,172.217.194.0-255,7156,59337,19,149809
8103,0.000699,172.31.36.0-255,66,59403,19,149809
8104,0.000702,172.217.194.0-255,1484,60887,19,149809
8105,0.000734,172.217.194.0-255,1484,62371,19,149809
8106,0.000744,172.31.36.0-255,66,62437,19,149809
8107,0.00075,172.217.194.0-255,2902,65339,19,149809
8108,0.000761,172.31.36.0-255,66,65405,19,149809
8109,0.000774,172.217.194.0-255,4320,69725,19,149809
8110,0.000784,172.31.36.0-255,66,69791,19,149809
8111,0.000787,172.217.194.0-255,1484,71275,19,149809
8112,0.000807,172.217.194.0-255,6438,77713,19,149809
8113,0.000812,172.31.36.0-255,66,77779,19,149809
8114,0.001484,172.217.194.0-255,1484,79263,19,149809
8115,0.001495,172.217.194.0-255,2902,82165,19,149809
8116,0.0015,172.31.36.0-255,66,82231,19,149809
8117,0.001521,172.217.194.0-255,4320,86551,19,149809
8118,0.001545,172.217.194.0-255,8574,95125,19,149809
8119,0.001555,172.217.194.0-255,1484,96609,19,149809
8120,0.001575,172.217.194.0-255,2902,99511,19,149809
8121,0.001598,172.217.194.0-255,5738,105249,19,149809
8122,0.001623,172.217.194.0-255,2902,108151,19,149809
8123,0.001635,172.217.194.0-255,1484,109635,19,149809
8124,0.001662,172.217.194.0-255,2184,111819,19,149809
8125,0.005521,172.31.36.0-255,66,111885,19,149809
8126,0.007499,172.217.194.0-255,4320,116205,19,149809
8127,0.007506,172.31.36.0-255,66,116271,19,149809
8128,0.007525,172.217.194.0-255,1484,117755,19,149809
8129,0.009504,172.217.194.0-255,4320,122075,19,149809
8130,0.009511,172.31.36.0-255,66,122141,19,149809
8131,0.011459,172.217.194.0-255,5738,127879,19,149809
8132,0.011503,172.31.36.0-255,66,127945,19,149809
8133,0.013464,172.217.194.0-255,5738,133683,19,149809
8134,0.013473,172.31.36.0-255,66,133749,19,149809
8135,0.015461,172.217.194.0-255,4320,138069,19,149809
8136,0.01547,172.31.36.0-255,66,138135,19,149809
8137,0.015491,172.217.194.0-255,1484,139619,19,149809
8138,0.017426,172.217.194.0-255,4320,143939,19,149809
8139,0.017435,172.31.36.0-255,66,144005,19,149809
8140,0.019402,172.217.194.0-255,5738,149743,19,149809
8141,0.019446,172.31.36.0-255,66,149809,19,149809
8142,0.0,172.217.27.0-255,146,146,19,155774
8143,3.5e-05,172.31.36.0-255,66,212,19,155774
8144,4.3e-05,172.217.27.0-255,1484,1696,19,155774
8145,4.7e-05,172.31.36.0-255,66,1762,19,155774
8146,6.1e-05,172.217.27.0-255,2902,4664,19,155774
8147,6.4e-05,172.31.36.0-255,66,4730,19,155774
8148,6.9e-05,172.217.27.0-255,4320,9050,19,155774
8149,7.2e-05,172.31.36.0-255,66,9116,19,155774
8150,8.1e-05,172.217.27.0-255,9094,18210,19,155774
8151,8.4e-05,172.31.36.0-255,66,18276,19,155774
8152,9.7e-05,172.31.36.0-255,66,18342,19,155774
8153,0.000178,172.217.27.0-255,1484,19826,19,155774
8154,0.000185,172.31.36.0-255,66,19892,19,155774
8155,0.00019,172.217.27.0-255,2902,22794,19,155774
8156,0.000192,172.31.36.0-255,66,22860,19,155774
8157,0.000198,172.217.27.0-255,4320,27180,19,155774
8158,0.000201,172.31.36.0-255,66,27246,19,155774
8159,0.000218,172.217.27.0-255,1484,28730,19,155774
8160,0.000226,172.31.36.0-255,66,28796,19,155774
8161,0.000233,172.217.27.0-255,5738,34534,19,155774
8162,0.000235,172.31.36.0-255,66,34600,19,155774
8163,0.000278,172.217.27.0-255,8215,42815,19,155774
8164,0.000283,172.31.36.0-255,66,42881,19,155774
8165,0.000289,172.217.27.0-255,5738,48619,19,155774
8166,0.000291,172.31.36.0-255,66,48685,19,155774
8167,0.000302,172.217.27.0-255,4256,52941,19,155774
8168,0.000305,172.31.36.0-255,66,53007,19,155774
8169,0.000647,172.217.27.0-255,133,53140,19,155774
8170,0.000652,172.31.36.0-255,66,53206,19,155774
8171,0.000773,172.217.27.0-255,1484,54690,19,155774
8172,0.000777,172.31.36.0-255,66,54756,19,155774
8173,0.000782,172.217.27.0-255,2902,57658,19,155774
8174,0.000785,172.31.36.0-255,66,57724,19,155774
8175,0.000789,172.217.27.0-255,2902,60626,19,155774
8176,0.000798,172.31.36.0-255,66,60692,19,155774
8177,0.000803,172.217.27.0-255,4320,65012,19,155774
8178,0.000806,172.31.36.0-255,66,65078,19,155774
8179,0.000846,172.217.27.0-255,9633,74711,19,155774
8180,0.000852,172.31.36.0-255,66,74777,19,155774
8181,0.000853,172.217.27.0-255,5738,80515,19,155774
8182,0.000856,172.31.36.0-255,66,80581,19,155774
8183,0.00089,172.217.27.0-255,6797,87378,19,155774
8184,0.000893,172.31.36.0-255,66,87444,19,155774
8185,0.001692,172.217.27.0-255,1484,88928,19,155774
8186,0.001702,172.217.27.0-255,1484,90412,19,155774
8187,0.001706,172.31.36.0-255,66,90478,19,155774
8188,0.002529,172.217.27.0-255,2902,93380,19,155774
8189,0.002532,172.31.36.0-255,66,93446,19,155774
8190,0.003358,172.217.27.0-255,2902,96348,19,155774
8191,0.003361,172.31.36.0-255,66,96414,19,155774
8192,0.004174,172.217.27.0-255,2902,99316,19,155774
8193,0.004177,172.31.36.0-255,66,99382,19,155774
8194,0.004999,172.217.27.0-255,2902,102284,19,155774
8195,0.005001,172.31.36.0-255,66,102350,19,155774
8196,0.00581,172.217.27.0-255,2902,105252,19,155774
8197,0.005813,172.31.36.0-255,66,105318,19,155774
8198,0.00664,172.217.27.0-255,2902,108220,19,155774
8199,0.006646,172.31.36.0-255,66,108286,19,155774
8200,0.007454,172.217.27.0-255,2902,111188,19,155774
8201,0.00746,172.31.36.0-255,66,111254,19,155774
8202,0.008286,172.217.27.0-255,2902,114156,19,155774
8203,0.008293,172.31.36.0-255,66,114222,19,155774
8204,0.009104,172.217.27.0-255,2902,117124,19,155774
8205,0.00911,172.31.36.0-255,66,117190,19,155774
8206,0.009937,172.217.27.0-255,2902,120092,19,155774
8207,0.009943,172.31.36.0-255,66,120158,19,155774
8208,0.010743,172.217.27.0-255,2902,123060,19,155774
8209,0.010749,172.31.36.0-255,66,123126,19,155774
8210,0.011585,172.217.27.0-255,2902,126028,19,155774
8211,0.011593,172.31.36.0-255,66,126094,19,155774
8212,0.0124,172.217.27.0-255,2902,128996,19,155774
8213,0.012407,172.31.36.0-255,66,129062,19,155774
8214,0.013241,172.217.27.0-255,2902,131964,19,155774
8215,0.013248,172.31.36.0-255,66,132030,19,155774
8216,0.014053,172.217.27.0-255,2902,134932,19,155774
8217,0.014059,172.31.36.0-255,66,134998,19,155774
8218,0.014892,172.217.27.0-255,2902,137900,19,155774
8219,0.014898,172.31.36.0-255,66,137966,19,155774
8220,0.015699,172.217.27.0-255,2902,140868,19,155774
8221,0.015705,172.31.36.0-255,66,140934,19,155774
8222,0.016547,172.217.27.0-255,2902,143836,19,155774
8223,0.016553,172.31.36.0-255,66,143902,19,155774
8224,0.017354,172.217.27.0-255,2902,146804,19,155774
8225,0.01736,172.31.36.0-255,66,146870,19,155774
8226,0.018198,172.217.27.0-255,2902,149772,19,155774
8227,0.018202,172.31.36.0-255,66,149838,19,155774
8228,0.018991,172.217.27.0-255,2902,152740,19,155774
8229,0.018996,172.31.36.0-255,66,152806,19,155774
8230,0.019843,172.217.27.0-255,2902,155708,19,155774
8231,0.019848,172.31.36.0-255,66,155774,19,155774
8232,0.0,74.125.130.0-255,153,153,19,282844
8233,3.3e-05,172.31.36.0-255,66,219,19,282844
8234,4e-05,74.125.130.0-255,1484,1703,19,282844
8235,4.4e-05,172.31.36.0-255,66,1769,19,282844
8236,4.9e-05,74.125.130.0-255,2902,4671,19,282844
8237,5.2e-05,172.31.36.0-255,66,4737,19,282844
8238,6.7e-05,74.125.130.0-255,7156,11893,19,282844
8239,7e-05,172.31.36.0-255,66,11959,19,282844
8240,7.6e-05,74.125.130.0-255,5738,17697,19,282844
8241,7.9e-05,172.31.36.0-255,66,17763,19,282844
8242,0.000115,74.125.130.0-255,2056,19819,19,282844
8243,0.000118,172.31.36.0-255,66,19885,19,282844
8244,0.000125,74.125.130.0-255,7156,27041,19,282844
8245,0.000127,172.31.36.0-255,66,27107,19,282844
8246,0.000154,74.125.130.0-255,3961,31068,19,282844
8247,0.000157,172.31.36.0-255,66,31134,19,282844
8248,0.000206,74.125.130.0-255,1484,32618,19,282844
8249,0.00021,172.31.36.0-255,66,32684,19,282844
8250,0.000234,74.125.130.0-255,2902,35586,19,282844
8251,0.000237,172.31.36.0-255,66,35652,19,282844
8252,0.000241,74.125.130.0-255,1484,37136,19,282844
8253,0.000242,172.31.36.0-255,66,37202,19,282844
8254,0.000267,74.125.130.0-255,4320,41522,19,282844
8255,0.00027,172.31.36.0-255,66,41588,19,282844
8256,0.000283,74.125.130.0-255,6797,48385,19,282844
8257,0.000285,172.31.36.0-255,66,48451,19,282844
8258,0.000623,74.125.130.0-255,1484,49935,19,282844
8259,0.000627,172.31.36.0-255,66,50001,19,282844
8260,0.000633,74.125.130.0-255,2902,52903,19,282844
8261,0.000636,172.31.36.0-255,66,52969,19,282844
8262,0.000658,74.125.130.0-255,4320,57289,19,282844
8263,0.000661,172.31.36.0-255,66,57355,19,282844
8264,0.000667,74.125.130.0-255,4320,61675,19,282844
8265,0.000669,172.31.36.0-255,66,61741,19,282844
8266,0.000691,74.125.130.0-255,1484,63225,19,282844
8267,0.000702,74.125.130.0-255,1484,64709,19,282844
8268,0.000705,172.31.36.0-255,66,64775,19,282844
8269,0.000737,74.125.130.0-255,6797,71572,19,282844
8270,0.00074,172.31.36.0-255,66,71638,19,282844
8271,0.000747,74.125.130.0-255,7156,78794,19,282844
8272,0.000749,172.31.36.0-255,66,78860,19,282844
8273,0.000766,74.125.130.0-255,1484,80344,19,282844
8274,0.00077,74.125.130.0-255,1484,81828,19,282844
8275,0.00078,172.31.36.0-255,66,81894,19,282844
8276,0.000798,74.125.130.0-255,1125,83019,19,282844
8277,0.000919,172.31.36.0-255,66,83085,19,282844
8278,0.001071,74.125.130.0-255,1484,84569,19,282844
8279,0.00108,74.125.130.0-255,2902,87471,19,282844
8280,0.001084,172.31.36.0-255,66,87537,19,282844
8281,0.001116,74.125.130.0-255,2902,90439,19,282844
8282,0.001119,172.31.36.0-255,66,90505,19,282844
8283,0.001123,74.125.130.0-255,1484,91989,19,282844
8284,0.001145,74.125.130.0-255,2902,94891,19,282844
8285,0.001148,172.31.36.0-255,66,94957,19,282844
8286,0.001176,74.125.130.0-255,4320,99277,19,282844
8287,0.00118,172.31.36.0-255,66,99343,19,282844
8288,0.001212,74.125.130.0-255,1705,101048,19,282844
8289,0.001216,172.31.36.0-255,66,101114,19,282844
8290,0.001397,74.125.130.0-255,1484,102598,19,282844
8291,0.001402,74.125.130.0-255,1484,104082,19,282844
8292,0.001406,172.31.36.0-255,66,104148,19,282844
8293,0.001437,74.125.130.0-255,2902,107050,19,282844
8294,0.001441,172.31.36.0-255,66,107116,19,282844
8295,0.00147,74.125.130.0-255,5738,112854,19,282844
8296,0.001473,172.31.36.0-255,66,112920,19,282844
8297,0.001476,74.125.130.0-255,1484,114404,19,282844
8298,0.001481,74.125.130.0-255,2902,117306,19,282844
8299,0.001483,172.31.36.0-255,66,117372,19,282844
8300,0.001522,74.125.130.0-255,1980,119352,19,282844
8301,0.001526,172.31.36.0-255,66,119418,19,282844
8302,0.001556,74.125.130.0-255,2902,122320,19,282844
8303,0.001559,172.31.36.0-255,66,122386,19,282844
8304,0.001562,74.125.130.0-255,1484,123870,19,282844
8305,0.001584,74.125.130.0-255,2902,126772,19,282844
8306,0.001587,172.31.36.0-255,66,126838,19,282844
8307,0.001604,74.125.130.0-255,2902,129740,19,282844
8308,0.001606,172.31.36.0-255,66,129806,19,282844
8309,0.001612,74.125.130.0-255,5738,135544,19,282844
8310,0.001614,172.31.36.0-255,66,135610,19,282844
8311,0.001617,74.125.130.0-255,1484,137094,19,282844
8312,0.001643,74.125.130.0-255,5738,142832,19,282844
8313,0.001647,172.31.36.0-255,66,142898,19,282844
8314,0.001674,74.125.130.0-255,2902,145800,19,282844
8315,0.001678,172.31.36.0-255,66,145866,19,282844
8316,0.001684,74.125.130.0-255,6438,152304,19,282844
8317,0.001687,172.31.36.0-255,66,152370,19,282844
8318,0.001798,74.125.130.0-255,1484,153854,19,282844
8319,0.001803,74.125.130.0-255,1484,155338,19,282844
8320,0.001806,172.31.36.0-255,66,155404,19,282844
8321,0.001834,74.125.130.0-255,2902,158306,19,282844
8322,0.001837,172.31.36.0-255,66,158372,19,282844
8323,0.001843,74.125.130.0-255,5738,164110,19,282844
8324,0.001845,172.31.36.0-255,66,164176,19,282844
8325,0.00188,74.125.130.0-255,8574,172750,19,282844
8326,0.001883,172.31.36.0-255,66,172816,19,282844
8327,0.001889,74.125.130.0-255,4320,177136,19,282844
8328,0.00189,172.31.36.0-255,66,177202,19,282844
8329,0.001919,74.125.130.0-255,5738,182940,19,282844
8330,0.001923,172.31.36.0-255,66,183006,19,282844
8331,0.001928,74.125.130.0-255,3602,186608,19,282844
8332,0.00193,172.31.36.0-255,66,186674,19,282844
8333,0.002051,74.125.130.0-255,1484,188158,19,282844
8334,0.002055,74.125.130.0-255,1484,189642,19,282844
8335,0.002058,172.31.36.0-255,66,189708,19,282844
8336,0.002085,74.125.130.0-255,1484,191192,19,282844
8337,0.002092,74.125.130.0-255,5738,196930,19,282844
8338,0.002095,172.31.36.0-255,66,196996,19,282844
8339,0.002126,74.125.130.0-255,9992,206988,19,282844
8340,0.002129,172.31.36.0-255,66,207054,19,282844
8341,0.002145,74.125.130.0-255,2902,209956,19,282844
8342,0.002148,172.31.36.0-255,66,210022,19,282844
8343,0.002174,74.125.130.0-255,7156,217178,19,282844
8344,0.002178,172.31.36.0-255,66,217244,19,282844
8345,0.002206,74.125.130.0-255,3602,220846,19,282844
8346,0.002209,172.31.36.0-255,66,220912,19,282844
8347,0.002317,74.125.130.0-255,1484,222396,19,282844
8348,0.002333,74.125.130.0-255,2902,225298,19,282844
8349,0.002335,172.31.36.0-255,66,225364,19,282844
8350,0.002339,74.125.130.0-255,1484,226848,19,282844
8351,0.002365,74.125.130.0-255,4320,231168,19,282844
8352,0.002367,172.31.36.0-255,66,231234,19,282844
8353,0.002372,74.125.130.0-255,4320,235554,19,282844
8354,0.002374,172.31.36.0-255,66,235620,19,282844
8355,0.00238,74.125.130.0-255,5738,241358,19,282844
8356,0.002387,172.31.36.0-255,66,241424,19,282844
8357,0.004739,74.125.130.0-255,5738,247162,19,282844
8358,0.004744,172.31.36.0-255,66,247228,19,282844
8359,0.0071,74.125.130.0-255,2902,250130,19,282844
8360,0.007107,172.31.36.0-255,66,250196,19,282844
8361,0.007142,74.125.130.0-255,2902,253098,19,282844
8362,0.007146,172.31.36.0-255,66,253164,19,282844
8363,0.009481,74.125.130.0-255,2902,256066,19,282844
8364,0.009489,172.31.36.0-255,66,256132,19,282844
8365,0.009526,74.125.130.0-255,2902,259034,19,282844
8366,0.00953,172.31.36.0-255,66,259100,19,282844
8367,0.011849,74.125.130.0-255,2902,262002,19,282844
8368,0.011857,172.31.36.0-255,66,262068,19,282844
8369,0.011893,74.125.130.0-255,2902,264970,19,282844
8370,0.011897,172.31.36.0-255,66,265036,19,282844
8371,0.014232,74.125.130.0-255,2902,267938,19,282844
8372,0.014241,172.31.36.0-255,66,268004,19,282844
8373,0.014275,74.125.130.0-255,2902,270906,19,282844
8374,0.014279,172.31.36.0-255,66,270972,19,282844
8375,0.016613,74.125.130.0-255,2902,273874,19,282844
8376,0.016621,172.31.36.0-255,66,273940,19,282844
8377,0.016654,74.125.130.0-255,2902,276842,19,282844
8378,0.016658,172.31.36.0-255,66,276908,19,282844
8379,0.018992,74.125.130.0-255,2902,279810,19,282844
8380,0.019017,172.31.36.0-255,66,279876,19,282844
8381,0.01905,74.125.130.0-255,2902,282778,19,282844
8382,0.019054,172.31.36.0-255,66,282844,19,282844
8383,0.0,172.217.194.0-255,146,146,19,281500
8384,2.1e-05,172.31.36.0-255,66,212,19,281500
8385,2.8e-05,172.217.194.0-255,1484,1696,19,281500
8386,3.2e-05,172.31.36.0-255,66,1762,19,281500
8387,3.8e-05,172.217.194.0-255,2902,4664,19,281500
8388,4.2e-05,172.31.36.0-255,66,4730,19,281500
8389,4.9e-05,172.217.194.0-255,7156,11886,19,281500
8390,5.1e-05,172.31.36.0-255,66,11952,19,281500
8391,8.5e-05,172.217.194.0-255,4882,16834,19,281500
8392,8.9e-05,172.31.36.0-255,66,16900,19,281500
8393,9.4e-05,172.217.194.0-255,2902,19802,19,281500
8394,9.6e-05,172.31.36.0-255,66,19868,19,281500
8395,0.00011,172.217.194.0-255,2902,22770,19,281500
8396,0.000113,172.31.36.0-255,66,22836,19,281500
8397,0.000144,172.217.194.0-255,7156,29992,19,281500
8398,0.000148,172.31.36.0-255,66,30058,19,281500
8399,0.000164,172.217.194.0-255,1125,31183,19,281500
8400,0.000166,172.31.36.0-255,66,31249,19,281500
8401,0.000184,172.217.194.0-255,5738,36987,19,281500
8402,0.000187,172.31.36.0-255,66,37053,19,281500
8403,0.000209,172.217.194.0-255,2902,39955,19,281500
8404,0.000212,172.31.36.0-255,66,40021,19,281500
8405,0.000219,172.217.194.0-255,7156,47177,19,281500
8406,0.000221,172.31.36.0-255,66,47243,19,281500
8407,0.000236,172.217.194.0-255,1125,48368,19,281500
8408,0.000238,172.31.36.0-255,66,48434,19,281500
8409,0.000298,172.217.194.0-255,1484,49918,19,281500
8410,0.000301,172.31.36.0-255,66,49984,19,281500
8411,0.000321,172.217.194.0-255,2902,52886,19,281500
8412,0.000324,172.31.36.0-255,66,52952,19,281500
8413,0.00033,172.217.194.0-255,5738,58690,19,281500
8414,0.000332,172.31.36.0-255,66,58756,19,281500
8415,0.000337,172.217.194.0-255,2902,61658,19,281500
8416,0.000356,172.217.194.0-255,3961,65619,19,281500
8417,0.000368,172.217.194.0-255,678,66297,19,281500
8418,0.000466,172.217.194.0-255,1484,67781,19,281500
8419,0.000472,172.217.194.0-255,2902,70683,19,281500
8420,0.000487,172.217.194.0-255,5738,76421,19,281500
8421,0.000506,172.217.194.0-255,4320,80741,19,281500
8422,0.000543,172.31.36.0-255,66,80807,19,281500
8423,0.000549,172.217.194.0-255,1993,82800,19,281500
8424,0.000559,172.31.36.0-255,66,82866,19,281500
8425,0.000757,172.217.194.0-255,1484,84350,19,281500
8426,0.000774,172.217.194.0-255,2902,87252,19,281500
8427,0.000779,172.217.194.0-255,4320,91572,19,281500
8428,0.000792,172.217.194.0-255,1484,93056,19,281500
8429,0.000805,172.217.194.0-255,1484,94540,19,281500
8430,0.000824,172.217.194.0-255,7156,101696,19,281500
8431,0.000836,172.31.36.0-255,66,101762,19,281500
8432,0.000858,172.217.194.0-255,4320,106082,19,281500
8433,0.000865,172.31.36.0-255,66,106148,19,281500
8434,0.000878,172.217.194.0-255,10692,116840,19,281500
8435,0.000883,172.31.36.0-255,66,116906,19,281500
8436,0.001307,172.217.194.0-255,1484,118390,19,281500
8437,0.001314,172.217.194.0-255,2902,121292,19,281500
8438,0.001318,172.31.36.0-255,66,121358,19,281500
8439,0.00135,172.217.194.0-255,4320,125678,19,281500
8440,0.001354,172.31.36.0-255,66,125744,19,281500
8441,0.001363,172.217.194.0-255,1484,127228,19,281500
8442,0.001384,172.217.194.0-255,9992,137220,19,281500
8443,0.001387,172.31.36.0-255,66,137286,19,281500
8444,0.001413,172.217.194.0-255,3602,140888,19,281500
8445,0.001416,172.217.194.0-255,1484,142372,19,281500
8446,0.001431,172.31.36.0-255,66,142438,19,281500
8447,0.001437,172.217.194.0-255,2902,145340,19,281500
8448,0.001441,172.217.194.0-255,4320,149660,19,281500
8449,0.001446,172.31.36.0-255,66,149726,19,281500
8450,0.001467,172.217.194.0-255,5738,155464,19,281500
8451,0.00147,172.217.194.0-255,1484,156948,19,281500
8452,0.001481,172.31.36.0-255,66,157014,19,281500
8453,0.001516,172.31.36.0-255,66,157080,19,281500
8454,0.001533,172.217.194.0-255,766,157846,19,281500
8455,0.001563,172.217.194.0-255,2902,160748,19,281500
8456,0.00157,172.31.36.0-255,66,160814,19,281500
8457,0.00158,172.217.194.0-255,4320,165134,19,281500
8458,0.001591,172.31.36.0-255,66,165200,19,281500
8459,0.001596,172.217.194.0-255,4320,169520,19,281500
8460,0.001612,172.217.194.0-255,4320,173840,19,281500
8461,0.001618,172.217.194.0-255,4320,178160,19,281500
8462,0.001635,172.217.194.0-255,8574,186734,19,281500
8463,0.001652,172.31.36.0-255,66,186800,19,281500
8464,0.001666,172.217.194.0-255,2902,189702,19,281500
8465,0.001687,172.217.194.0-255,6438,196140,19,281500
8466,0.00169,172.217.194.0-255,1484,197624,19,281500
8467,0.001723,172.217.194.0-255,8574,206198,19,281500
8468,0.001729,172.217.194.0-255,4320,210518,19,281500
8469,0.001761,172.217.194.0-255,2184,212702,19,281500
8470,0.002173,172.217.194.0-255,1484,214186,19,281500
8471,0.002178,172.217.194.0-255,1484,215670,19,281500
8472,0.002191,172.217.194.0-255,1484,217154,19,281500
8473,0.002198,172.217.194.0-255,5738,222892,19,281500
8474,0.002223,172.217.194.0-255,2902,225794,19,281500
8475,0.002236,172.217.194.0-255,2902,228696,19,281500
8476,0.00225,172.217.194.0-255,4320,233016,19,281500
8477,0.00227,172.217.194.0-255,2902,235918,19,281500
8478,0.00228,172.217.194.0-255,10692,246610,19,281500
8479,0.00585,172.31.36.0-255,66,246676,19,281500
8480,0.008126,172.217.194.0-255,5738,252414,19,281500
8481,0.008137,172.31.36.0-255,66,252480,19,281500
8482,0.010373,172.217.194.0-255,5738,258218,19,281500
8483,0.010383,172.31.36.0-255,66,258284,19,281500
8484,0.012644,172.217.194.0-255,5738,264022,19,281500
8485,0.012653,172.31.36.0-255,66,264088,19,281500
8486,0.014914,172.217.194.0-255,5738,269826,19,281500
8487,0.01493,172.31.36.0-255,66,269892,19,281500
8488,0.017192,172.217.194.0-255,5738,275630,19,281500
8489,0.017206,172.31.36.0-255,66,275696,19,281500
8490,0.019494,172.217.194.0-255,5738,281434,19,281500
8491,0.019507,172.31.36.0-255,66,281500,19,281500
8492,0.0,172.217.194.0-255,153,153,19,223559
8493,2.3e-05,172.31.36.0-255,66,219,19,223559
8494,3.1e-05,172.217.194.0-255,1484,1703,19,223559
8495,3.5e-05,172.31.36.0-255,66,1769,19,223559
8496,4e-05,172.217.194.0-255,2902,4671,19,223559
8497,5.2e-05,172.31.36.0-255,66,4737,19,223559
8498,6e-05,172.217.194.0-255,7156,11893,19,223559
8499,6.4e-05,172.31.36.0-255,66,11959,19,223559
8500,6.8e-05,172.217.194.0-255,2048,14007,19,223559
8501,7.1e-05,172.31.36.0-255,66,14073,19,223559
8502,0.000252,172.217.194.0-255,1484,15557,19,223559
8503,0.000257,172.31.36.0-255,66,15623,19,223559
8504,0.000263,172.217.194.0-255,2902,18525,19,223559
8505,0.000266,172.31.36.0-255,66,18591,19,223559
8506,0.000272,172.217.194.0-255,4320,22911,19,223559
8507,0.00028,172.31.36.0-255,66,22977,19,223559
8508,0.000318,172.217.194.0-255,1484,24461,19,223559
8509,0.000321,172.31.36.0-255,66,24527,19,223559
8510,0.000329,172.217.194.0-255,6797,31324,19,223559
8511,0.000331,172.31.36.0-255,66,31390,19,223559
8512,0.00035,172.31.36.0-255,66,31456,19,223559
8513,0.000354,172.217.194.0-255,2543,33999,19,223559
8514,0.000356,172.31.36.0-255,66,34065,19,223559
8515,0.000382,172.217.194.0-255,2902,36967,19,223559
8516,0.000385,172.31.36.0-255,66,37033,19,223559
8517,0.000388,172.217.194.0-255,1484,38517,19,223559
8518,0.000395,172.31.36.0-255,66,38583,19,223559
8519,0.000433,172.217.194.0-255,5738,44321,19,223559
8520,0.000435,172.31.36.0-255,66,44387,19,223559
8521,0.000443,172.217.194.0-255,7084,51471,19,223559
8522,0.000446,172.31.36.0-255,66,51537,19,223559
8523,0.000449,172.217.194.0-255,100,51637,19,223559
8524,0.000575,172.217.194.0-255,1484,53121,19,223559
8525,0.000579,172.31.36.0-255,66,53187,19,223559
8526,0.000584,172.217.194.0-255,2902,56089,19,223559
8527,0.000587,172.31.36.0-255,66,56155,19,223559
8528,0.000592,172.217.194.0-255,4320,60475,19,223559
8529,0.0006,172.31.36.0-255,66,60541,19,223559
8530,0.000613,172.217.194.0-255,1484,62025,19,223559
8531,0.000624,172.217.194.0-255,5738,67763,19,223559
8532,0.000626,172.31.36.0-255,66,67829,19,223559
8533,0.000668,172.31.36.0-255,66,67895,19,223559
8534,0.000674,172.217.194.0-255,3961,71856,19,223559
8535,0.000676,172.31.36.0-255,66,71922,19,223559
8536,0.000679,172.217.194.0-255,365,72287,19,223559
8537,0.000876,172.217.194.0-255,1484,73771,19,223559
8538,0.00088,172.31.36.0-255,66,73837,19,223559
8539,0.000886,172.217.194.0-255,2902,76739,19,223559
8540,0.000888,172.31.36.0-255,66,76805,19,223559
8541,0.000923,172.217.194.0-255,5738,82543,19,223559
8542,0.000926,172.31.36.0-255,66,82609,19,223559
8543,0.000939,172.31.36.0-255,66,82675,19,223559
8544,0.000952,172.217.194.0-255,9992,92667,19,223559
8545,0.000956,172.31.36.0-255,66,92733,19,223559
8546,0.000958,172.217.194.0-255,766,93499,19,223559
8547,0.001075,172.217.194.0-255,1484,94983,19,223559
8548,0.001081,172.31.36.0-255,66,95049,19,223559
8549,0.001091,172.217.194.0-255,2902,97951,19,223559
8550,0.001094,172.31.36.0-255,66,98017,19,223559
8551,0.001125,172.217.194.0-255,5738,103755,19,223559
8552,0.001128,172.31.36.0-255,66,103821,19,223559
8553,0.001148,172.31.36.0-255,66,103887,19,223559
8554,0.00115,172.217.194.0-255,1484,105371,19,223559
8555,0.001171,172.217.194.0-255,1484,106855,19,223559
8556,0.001174,172.31.36.0-255,66,106921,19,223559
8557,0.001203,172.217.194.0-255,7856,114777,19,223559
8558,0.001207,172.31.36.0-255,66,114843,19,223559
8559,0.001333,172.217.194.0-255,1484,116327,19,223559
8560,0.001339,172.217.194.0-255,2902,119229,19,223559
8561,0.001342,172.31.36.0-255,66,119295,19,223559
8562,0.001348,172.217.194.0-255,5738,125033,19,223559
8563,0.00135,172.31.36.0-255,66,125099,19,223559
8564,0.001386,172.217.194.0-255,9992,135091,19,223559
8565,0.001389,172.31.36.0-255,66,135157,19,223559
8566,0.001417,172.217.194.0-255,2902,138059,19,223559
8567,0.001419,172.31.36.0-255,66,138125,19,223559
8568,0.001429,172.217.194.0-255,10692,148817,19,223559
8569,0.001436,172.31.36.0-255,66,148883,19,223559
8570,0.002054,172.217.194.0-255,1484,150367,19,223559
8571,0.002059,172.217.194.0-255,2902,153269,19,223559
8572,0.002062,172.31.36.0-255,66,153335,19,223559
8573,0.002088,172.217.194.0-255,5738,159073,19,223559
8574,0.00209,172.31.36.0-255,66,159139,19,223559
8575,0.002096,172.217.194.0-255,5738,164877,19,223559
8576,0.002098,172.31.36.0-255,66,164943,19,223559
8577,0.002114,172.217.194.0-255,1484,166427,19,223559
8578,0.002146,172.31.36.0-255,66,166493,19,223559
8579,0.00215,172.217.194.0-255,2184,168677,19,223559
8580,0.002152,172.31.36.0-255,66,168743,19,223559
8581,0.002235,172.217.194.0-255,1484,170227,19,223559
8582,0.002238,172.217.194.0-255,1484,171711,19,223559
8583,0.002241,172.31.36.0-255,66,171777,19,223559
8584,0.002267,172.217.194.0-255,1484,173261,19,223559
8585,0.002273,172.217.194.0-255,5738,178999,19,223559
8586,0.002275,172.31.36.0-255,66,179065,19,223559
8587,0.002297,172.31.36.0-255,66,179131,19,223559
8588,0.002352,172.31.36.0-255,66,179197,19,223559
8589,0.002382,172.217.194.0-255,3602,182799,19,223559
8590,0.002384,172.31.36.0-255,66,182865,19,223559
8591,0.002403,172.31.36.0-255,66,182931,19,223559
8592,0.004723,172.217.194.0-255,5738,188669,19,223559
8593,0.00473,172.31.36.0-255,66,188735,19,223559
8594,0.007026,172.217.194.0-255,5738,194473,19,223559
8595,0.007034,172.31.36.0-255,66,194539,19,223559
8596,0.009365,172.217.194.0-255,5738,200277,19,223559
8597,0.009374,172.31.36.0-255,66,200343,19,223559
8598,0.01174,172.217.194.0-255,5738,206081,19,223559
8599,0.011747,172.31.36.0-255,66,206147,19,223559
8600,0.014077,172.217.194.0-255,5738,211885,19,223559
8601,0.014086,172.31.36.0-255,66,211951,19,223559
8602,0.01646,172.217.194.0-255,5738,217689,19,223559
8603,0.016471,172.31.36.0-255,66,217755,19,223559
8604,0.01881,172.217.194.0-255,5738,223493,19,223559
8605,0.018818,172.31.36.0-255,66,223559,19,223559
8606,0.0,74.125.24.0-255,297,297,19,334448
8607,3.4e-05,172.31.36.0-255,66,363,19,334448
8608,4.1e-05,74.125.24.0-255,1484,1847,19,334448
8609,4.5e-05,172.31.36.0-255,66,1913,19,334448
8610,5.8e-05,74.125.24.0-255,4320,6233,19,334448
8611,6.1e-05,172.31.36.0-255,66,6299,19,334448
8612,6.5e-05,74.125.24.0-255,2902,9201,19,334448
8613,6.7e-05,172.31.36.0-255,66,9267,19,334448
8614,7.6e-05,74.125.24.0-255,8895,18162,19,334448
8615,7.9e-05,172.31.36.0-255,66,18228,19,334448
8616,0.00012,172.31.36.0-255,66,18294,19,334448
8617,0.000146,74.125.24.0-255,1484,19778,19,334448
8618,0.000149,172.31.36.0-255,66,19844,19,334448
8619,0.000153,74.125.24.0-255,2902,22746,19,334448
8620,0.000156,172.31.36.0-255,66,22812,19,334448
8621,0.000187,74.125.24.0-255,5738,28550,19,334448
8622,0.00019,172.31.36.0-255,66,28616,19,334448
8623,0.0002,74.125.24.0-255,6797,35413,19,334448
8624,0.000202,172.31.36.0-255,66,35479,19,334448
8625,0.000377,74.125.24.0-255,1484,36963,19,334448
8626,0.000382,172.31.36.0-255,66,37029,19,334448
8627,0.000388,74.125.24.0-255,2902,39931,19,334448
8628,0.000392,172.31.36.0-255,66,39997,19,334448
8629,0.000407,74.125.24.0-255,5738,45735,19,334448
8630,0.00041,172.31.36.0-255,66,45801,19,334448
8631,0.000415,74.125.24.0-255,4320,50121,19,334448
8632,0.000419,172.31.36.0-255,66,50187,19,334448
8633,0.00047,74.125.24.0-255,3125,53312,19,334448
8634,0.000474,172.31.36.0-255,66,53378,19,334448
8635,0.000668,74.125.24.0-255,1484,54862,19,334448
8636,0.000672,172.31.36.0-255,66,54928,19,334448
8637,0.000677,74.125.24.0-255,2902,57830,19,334448
8638,0.00068,172.31.36.0-255,66,57896,19,334448
8639,0.000713,74.125.24.0-255,5738,63634,19,334448
8640,0.000716,172.31.36.0-255,66,63700,19,334448
8641,0.00073,172.31.36.0-255,66,63766,19,334448
8642,0.000742,74.125.24.0-255,5738,69504,19,334448
8643,0.000745,172.31.36.0-255,66,69570,19,334448
8644,0.000789,74.125.24.0-255,5020,74590,19,334448
8645,0.000793,172.31.36.0-255,66,74656,19,334448
8646,0.000908,74.125.24.0-255,1484,76140,19,334448
8647,0.000914,74.125.24.0-255,2902,79042,19,334448
8648,0.000917,172.31.36.0-255,66,79108,19,334448
8649,0.00095,74.125.24.0-255,5738,84846,19,334448
8650,0.000953,172.31.36.0-255,66,84912,19,334448
8651,0.000957,74.125.24.0-255,1484,86396,19,334448
8652,0.000964,74.125.24.0-255,8574,94970,19,334448
8653,0.000973,172.31.36.0-255,66,95036,19,334448
8654,0.000998,74.125.24.0-255,9992,105028,19,334448
8655,0.001004,172.31.36.0-255,66,105094,19,334448
8656,0.001016,74.125.24.0-255,3602,108696,19,334448
8657,0.001024,172.31.36.0-255,66,108762,19,334448
8658,0.001082,74.125.24.0-255,1484,110246,19,334448
8659,0.001095,74.125.24.0-255,2902,113148,19,334448
8660,0.001099,172.31.36.0-255,66,113214,19,334448
8661,0.00113,74.125.24.0-255,5738,118952,19,334448
8662,0.001133,172.31.36.0-255,66,119018,19,334448
8663,0.00114,74.125.24.0-255,7156,126174,19,334448
8664,0.001142,172.31.36.0-255,66,126240,19,334448
8665,0.001164,172.31.36.0-255,66,126306,19,334448
8666,0.001168,74.125.24.0-255,2184,128490,19,334448
8667,0.00117,172.31.36.0-255,66,128556,19,334448
8668,0.001218,74.125.24.0-255,2902,131458,19,334448
8669,0.001223,74.125.24.0-255,4320,135778,19,334448
8670,0.001223,172.31.36.0-255,66,135844,19,334448
8671,0.001227,172.31.36.0-255,66,135910,19,334448
8672,0.001265,74.125.24.0-255,8574,144484,19,334448
8673,0.001269,172.31.36.0-255,66,144550,19,334448
8674,0.001278,74.125.24.0-255,9992,154542,19,334448
8675,0.00128,172.31.36.0-255,66,154608,19,334448
8676,0.001322,74.125.24.0-255,7856,162464,19,334448
8677,0.001326,172.31.36.0-255,66,162530,19,334448
8678,0.001389,74.125.24.0-255,1484,164014,19,334448
8679,0.001407,74.125.24.0-255,2902,166916,19,334448
8680,0.00141,172.31.36.0-255,66,166982,19,334448
8681,0.001416,74.125.24.0-255,4320,171302,19,334448
8682,0.001418,172.31.36.0-255,66,171368,19,334448
8683,0.001435,74.125.24.0-255,1484,172852,19,334448
8684,0.001447,74.125.24.0-255,7156,180008,19,334448
8685,0.001452,172.31.36.0-255,66,180074,19,334448
8686,0.001453,74.125.24.0-255,7156,187230,19,334448
8687,0.001455,172.31.36.0-255,66,187296,19,334448
8688,0.001476,74.125.24.0-255,7156,194452,19,334448
8689,0.001479,172.31.36.0-255,66,194518,19,334448
8690,0.001482,74.125.24.0-255,2184,196702,19,334448
8691,0.001484,172.31.36.0-255,66,196768,19,334448
8692,0.001529,74.125.24.0-255,7156,203924,19,334448
8693,0.001533,172.31.36.0-255,66,203990,19,334448
8694,0.001578,74.125.24.0-255,2902,206892,19,334448
8695,0.001582,172.31.36.0-255,66,206958,19,334448
8696,0.001593,74.125.24.0-255,5738,212696,19,334448
8697,0.0016,172.31.36.0-255,66,212762,19,334448
8698,0.001632,172.31.36.0-255,66,212828,19,334448
8699,0.001636,74.125.24.0-255,766,213594,19,334448
8700,0.001642,74.125.24.0-255,8574,222168,19,334448
8701,0.001645,172.31.36.0-255,66,222234,19,334448
8702,0.001652,74.125.24.0-255,9992,232226,19,334448
8703,0.001654,172.31.36.0-255,66,232292,19,334448
8704,0.001696,172.31.36.0-255,66,232358,19,334448
8705,0.001742,74.125.24.0-255,1484,233842,19,334448
8706,0.001759,74.125.24.0-255,2902,236744,19,334448
8707,0.001762,172.31.36.0-255,66,236810,19,334448
8708,0.001769,74.125.24.0-255,5738,242548,19,334448
8709,0.001771,172.31.36.0-255,66,242614,19,334448
8710,0.001791,74.125.24.0-255,8574,251188,19,334448
8711,0.001794,172.31.36.0-255,66,251254,19,334448
8712,0.001824,74.125.24.0-255,4320,255574,19,334448
8713,0.001827,172.31.36.0-255,66,255640,19,334448
8714,0.001838,74.125.24.0-255,10692,266332,19,334448
8715,0.001845,172.31.36.0-255,66,266398,19,334448
8716,0.00187,74.125.24.0-255,1484,267882,19,334448
8717,0.001885,74.125.24.0-255,5738,273620,19,334448
8718,0.001889,172.31.36.0-255,66,273686,19,334448
8719,0.001897,74.125.24.0-255,8574,282260,19,334448
8720,0.001899,172.31.36.0-255,66,282326,19,334448
8721,0.001931,74.125.24.0-255,9992,292318,19,334448
8722,0.001936,172.31.36.0-255,66,292384,19,334448
8723,0.001973,74.125.24.0-255,7156,299540,19,334448
8724,0.001976,172.31.36.0-255,66,299606,19,334448
8725,0.001979,74.125.24.0-255,766,300372,19,334448
8726,0.001982,74.125.24.0-255,1484,301856,19,334448
8727,0.001984,172.31.36.0-255,66,301922,19,334448
8728,0.001989,74.125.24.0-255,2902,304824,19,334448
8729,0.001997,172.31.36.0-255,66,304890,19,334448
8730,0.002003,74.125.24.0-255,5738,310628,19,334448
8731,0.002005,172.31.36.0-255,66,310694,19,334448
8732,0.002052,74.125.24.0-255,9992,320686,19,334448
8733,0.002057,172.31.36.0-255,66,320752,19,334448
8734,0.002089,74.125.24.0-255,2902,323654,19,334448
8735,0.002093,172.31.36.0-255,66,323720,19,334448
8736,0.0021,74.125.24.0-255,5738,329458,19,334448
8737,0.002103,172.31.36.0-255,66,329524,19,334448
8738,0.002114,74.125.24.0-255,4516,334040,19,334448
8739,0.002118,172.31.36.0-255,66,334106,19,334448
8740,0.002121,74.125.24.0-255,105,334211,19,334448
8741,0.009477,172.31.36.0-255,66,334277,19,334448
8742,0.009522,172.31.36.0-255,105,334382,19,334448
8743,0.012118,74.125.24.0-255,66,334448,19,334448
8744,0.0,74.125.24.0-255,153,153,19,140428
8745,2.3e-05,172.31.36.0-255,66,219,19,140428
8746,3.1e-05,74.125.24.0-255,1484,1703,19,140428
8747,3.5e-05,172.31.36.0-255,66,1769,19,140428
8748,4.8e-05,74.125.24.0-255,2902,4671,19,140428
8749,5.1e-05,172.31.36.0-255,66,4737,19,140428
8750,5.9e-05,74.125.24.0-255,5738,10475,19,140428
8751,6.1e-05,172.31.36.0-255,66,10541,19,140428
8752,6.8e-05,74.125.24.0-255,5738,16279,19,140428
8753,7.1e-05,172.31.36.0-255,66,16345,19,140428
8754,0.000109,74.125.24.0-255,7602,23947,19,140428
8755,0.000112,172.31.36.0-255,66,24013,19,140428
8756,0.00012,74.125.24.0-255,6797,30810,19,140428
8757,0.000122,172.31.36.0-255,66,30876,19,140428
8758,0.000231,74.125.24.0-255,1484,32360,19,140428
8759,0.000235,172.31.36.0-255,66,32426,19,140428
8760,0.00024,74.125.24.0-255,2902,35328,19,140428
8761,0.000242,172.31.36.0-255,66,35394,19,140428
8762,0.000248,74.125.24.0-255,5738,41132,19,140428
8763,0.00025,172.31.36.0-255,66,41198,19,140428
8764,0.000297,74.125.24.0-255,6797,47995,19,140428
8765,0.0003,172.31.36.0-255,66,48061,19,140428
8766,0.001177,74.125.24.0-255,1484,49545,19,140428
8767,0.001183,172.31.36.0-255,66,49611,19,140428
8768,0.001191,74.125.24.0-255,2902,52513,19,140428
8769,0.001192,172.31.36.0-255,66,52579,19,140428
8770,0.001203,74.125.24.0-255,5738,58317,19,140428
8771,0.001205,172.31.36.0-255,66,58383,19,140428
8772,0.001249,74.125.24.0-255,6797,65180,19,140428
8773,0.001251,172.31.36.0-255,66,65246,19,140428
8774,0.001307,74.125.24.0-255,1484,66730,19,140428
8775,0.00131,172.31.36.0-255,66,66796,19,140428
8776,0.001316,74.125.24.0-255,2902,69698,19,140428
8777,0.001341,74.125.24.0-255,5738,75436,19,140428
8778,0.001348,74.125.24.0-255,6797,82233,19,140428
8779,0.001382,74.125.24.0-255,5738,87971,19,140428
8780,0.001405,74.125.24.0-255,8574,96545,19,140428
8781,0.001409,74.125.24.0-255,2543,99088,19,140428
8782,0.00142,74.125.24.0-255,646,99734,19,140428
8783,0.00486,172.31.36.0-255,66,99800,19,140428
8784,0.006863,74.125.24.0-255,5738,105538,19,140428
8785,0.006869,172.31.36.0-255,66,105604,19,140428
8786,0.008855,74.125.24.0-255,5738,111342,19,140428
8787,0.008862,172.31.36.0-255,66,111408,19,140428
8788,0.010852,74.125.24.0-255,5738,117146,19,140428
8789,0.011696,172.31.36.0-255,66,117212,19,140428
8790,0.013631,74.125.24.0-255,5738,122950,19,140428
8791,0.013639,172.31.36.0-255,66,123016,19,140428
8792,0.015591,74.125.24.0-255,5738,128754,19,140428
8793,0.015957,172.31.36.0-255,66,128820,19,140428
8794,0.017949,74.125.24.0-255,5738,134558,19,140428
8795,0.017958,172.31.36.0-255,66,134624,19,140428
8796,0.019907,74.125.24.0-255,5738,140362,19,140428
8797,0.019917,172.31.36.0-255,66,140428,19,140428
8798,0.0,172.31.36.0-255,165,165,19,231
8799,0.008383,74.125.24.0-255,66,231,19,231
8800,0.0,74.125.130.0-255,152,152,19,325085
8801,2.9e-05,172.31.36.0-255,66,218,19,325085
8802,3.7e-05,74.125.130.0-255,1484,1702,19,325085
8803,4.1e-05,172.31.36.0-255,66,1768,19,325085
8804,4.7e-05,74.125.130.0-255,2902,4670,19,325085
8805,5.7e-05,172.31.36.0-255,66,4736,19,325085
8806,6.4e-05,74.125.130.0-255,5738,10474,19,325085
8807,6.7e-05,172.31.36.0-255,66,10540,19,325085
8808,8e-05,74.125.130.0-255,1484,12024,19,325085
8809,8.3e-05,172.31.36.0-255,66,12090,19,325085
8810,0.000123,172.31.36.0-255,66,12156,19,325085
8811,0.000129,74.125.130.0-255,4320,16476,19,325085
8812,0.000131,172.31.36.0-255,66,16542,19,325085
8813,0.000156,74.125.130.0-255,2543,19085,19,325085
8814,0.000164,172.31.36.0-255,66,19151,19,325085
8815,0.000214,74.125.130.0-255,1484,20635,19,325085
8816,0.000217,172.31.36.0-255,66,20701,19,325085
8817,0.000244,74.125.130.0-255,2902,23603,19,325085
8818,0.000247,172.31.36.0-255,66,23669,19,325085
8819,0.000252,74.125.130.0-255,4320,27989,19,325085
8820,0.000255,172.31.36.0-255,66,28055,19,325085
8821,0.000259,74.125.130.0-255,2902,30957,19,325085
8822,0.00027,172.31.36.0-255,66,31023,19,325085
8823,0.000296,74.125.130.0-255,6797,37820,19,325085
8824,0.000305,172.31.36.0-255,66,37886,19,325085
8825,0.000312,74.125.130.0-255,5738,43624,19,325085
8826,0.000314,172.31.36.0-255,66,43690,19,325085
8827,0.000321,74.125.130.0-255,7156,50846,19,325085
8828,0.000323,172.31.36.0-255,66,50912,19,325085
8829,0.000376,74.125.130.0-255,3133,54045,19,325085
8830,0.000379,172.31.36.0-255,66,54111,19,325085
8831,0.000454,74.125.130.0-255,1484,55595,19,325085
8832,0.000459,74.125.130.0-255,2902,58497,19,325085
8833,0.000462,172.31.36.0-255,66,58563,19,325085
8834,0.000466,74.125.130.0-255,1484,60047,19,325085
8835,0.000496,74.125.130.0-255,4320,64367,19,325085
8836,0.000499,172.31.36.0-255,66,64433,19,325085
8837,0.000507,74.125.130.0-255,6797,71230,19,325085
8838,0.00051,172.31.36.0-255,66,71296,19,325085
8839,0.000522,74.125.130.0-255,2902,74198,19,325085
8840,0.000524,172.31.36.0-255,66,74264,19,325085
8841,0.000539,74.125.130.0-255,4320,78584,19,325085
8842,0.000546,172.31.36.0-255,66,78650,19,325085
8843,0.000555,74.125.130.0-255,9633,88283,19,325085
8844,0.000558,172.31.36.0-255,66,88349,19,325085
8845,0.000858,74.125.130.0-255,1484,89833,19,325085
8846,0.000864,74.125.130.0-255,2902,92735,19,325085
8847,0.000867,172.31.36.0-255,66,92801,19,325085
8848,0.000871,74.125.130.0-255,1484,94285,19,325085
8849,0.00089,74.125.130.0-255,4320,98605,19,325085
8850,0.000893,172.31.36.0-255,66,98671,19,325085
8851,0.0009,74.125.130.0-255,5738,104409,19,325085
8852,0.000902,172.31.36.0-255,66,104475,19,325085
8853,0.000906,74.125.130.0-255,2902,107377,19,325085
8854,0.000908,172.31.36.0-255,66,107443,19,325085
8855,0.000941,74.125.130.0-255,4320,111763,19,325085
8856,0.000945,172.31.36.0-255,66,111829,19,325085
8857,0.000949,74.125.130.0-255,2902,114731,19,325085
8858,0.000952,172.31.36.0-255,66,114797,19,325085
8859,0.000987,74.125.130.0-255,7856,122653,19,325085
8860,0.000994,172.31.36.0-255,66,122719,19,325085
8861,0.001132,74.125.130.0-255,1484,124203,19,325085
8862,0.001144,74.125.130.0-255,1484,125687,19,325085
8863,0.001148,74.125.130.0-255,2902,128589,19,325085
8864,0.001149,172.31.36.0-255,66,128655,19,325085
8865,0.001153,172.31.36.0-255,66,128721,19,325085
8866,0.001179,74.125.130.0-255,5738,134459,19,325085
8867,0.001188,172.31.36.0-255,66,134525,19,325085
8868,0.001214,74.125.130.0-255,2902,137427,19,325085
8869,0.001217,172.31.36.0-255,66,137493,19,325085
8870,0.001222,74.125.130.0-255,4320,141813,19,325085
8871,0.001224,172.31.36.0-255,66,141879,19,325085
8872,0.001252,74.125.130.0-255,1484,143363,19,325085
8873,0.001266,74.125.130.0-255,4320,147683,19,325085
8874,0.00127,172.31.36.0-255,66,147749,19,325085
8875,0.001278,74.125.130.0-255,7156,154905,19,325085
8876,0.00128,172.31.36.0-255,66,154971,19,325085
8877,0.001314,74.125.130.0-255,3602,158573,19,325085
8878,0.001317,172.31.36.0-255,66,158639,19,325085
8879,0.001323,74.125.130.0-255,4320,162959,19,325085
8880,0.001325,172.31.36.0-255,66,163025,19,325085
8881,0.001359,74.125.130.0-255,2902,165927,19,325085
8882,0.001362,172.31.36.0-255,66,165993,19,325085
8883,0.001368,74.125.130.0-255,4320,170313,19,325085
8884,0.00137,172.31.36.0-255,66,170379,19,325085
8885,0.00141,74.125.130.0-255,8574,178953,19,325085
8886,0.001413,172.31.36.0-255,66,179019,19,325085
8887,0.001421,74.125.130.0-255,7156,186175,19,325085
8888,0.001424,172.31.36.0-255,66,186241,19,325085
8889,0.001457,74.125.130.0-255,5020,191261,19,325085
8890,0.00146,172.31.36.0-255,66,191327,19,325085
8891,0.001522,74.125.130.0-255,1484,192811,19,325085
8892,0.001526,74.125.130.0-255,1484,194295,19,325085
8893,0.001529,172.31.36.0-255,66,194361,19,325085
8894,0.001564,74.125.130.0-255,1484,195845,19,325085
8895,0.00157,74.125.130.0-255,5738,201583,19,325085
8896,0.001573,172.31.36.0-255,66,201649,19,325085
8897,0.001579,74.125.130.0-255,4320,205969,19,325085
8898,0.001581,172.31.36.0-255,66,206035,19,325085
8899,0.001587,74.125.130.0-255,5738,211773,19,325085
8900,0.001595,172.31.36.0-255,66,211839,19,325085
8901,0.001604,74.125.130.0-255,8574,220413,19,325085
8902,0.001607,172.31.36.0-255,66,220479,19,325085
8903,0.001639,74.125.130.0-255,2902,223381,19,325085
8904,0.001642,172.31.36.0-255,66,223447,19,325085
8905,0.001646,74.125.130.0-255,2184,225631,19,325085
8906,0.001649,172.31.36.0-255,66,225697,19,325085
8907,0.0017,74.125.130.0-255,1484,227181,19,325085
8908,0.001715,74.125.130.0-255,2902,230083,19,325085
8909,0.001718,172.31.36.0-255,66,230149,19,325085
8910,0.001723,74.125.130.0-255,2902,233051,19,325085
8911,0.001726,172.31.36.0-255,66,233117,19,325085
8912,0.001746,74.125.130.0-255,2902,236019,19,325085
8913,0.001753,172.31.36.0-255,66,236085,19,325085
8914,0.001804,74.125.130.0-255,7156,243241,19,325085
8915,0.001808,172.31.36.0-255,66,243307,19,325085
8916,0.001849,74.125.130.0-255,5738,249045,19,325085
8917,0.001853,172.31.36.0-255,66,249111,19,325085
8918,0.001861,74.125.130.0-255,8574,257685,19,325085
8919,0.001864,172.31.36.0-255,66,257751,19,325085
8920,0.001885,172.31.36.0-255,66,257817,19,325085
8921,0.0019,172.31.36.0-255,66,257883,19,325085
8922,0.001905,74.125.130.0-255,5020,262903,19,325085
8923,0.001907,172.31.36.0-255,66,262969,19,325085
8924,0.001913,74.125.130.0-255,5738,268707,19,325085
8925,0.001916,172.31.36.0-255,66,268773,19,325085
8926,0.001928,172.31.36.0-255,66,268839,19,325085
8927,0.001935,74.125.130.0-255,5738,274577,19,325085
8928,0.001938,172.31.36.0-255,66,274643,19,325085
8929,0.001945,74.125.130.0-255,7156,281799,19,325085
8930,0.001948,172.31.36.0-255,66,281865,19,325085
8931,0.001995,74.125.130.0-255,5020,286885,19,325085
8932,0.001998,172.31.36.0-255,66,286951,19,325085
8933,0.002005,74.125.130.0-255,5738,292689,19,325085
8934,0.002008,172.31.36.0-255,66,292755,19,325085
8935,0.002023,74.125.130.0-255,9992,302747,19,325085
8936,0.002026,172.31.36.0-255,66,302813,19,325085
8937,0.00206,74.125.130.0-255,2902,305715,19,325085
8938,0.002063,172.31.36.0-255,66,305781,19,325085
8939,0.002071,74.125.130.0-255,8574,314355,19,325085
8940,0.002073,172.31.36.0-255,66,314421,19,325085
8941,0.002083,74.125.130.0-255,4320,318741,19,325085
8942,0.002086,172.31.36.0-255,66,318807,19,325085
8943,0.002131,172.31.36.0-255,66,318873,19,325085
8944,0.002137,74.125.130.0-255,5738,324611,19,325085
8945,0.002139,172.31.36.0-255,66,324677,19,325085
8946,0.002181,172.31.36.0-255,66,324743,19,325085
8947,0.002184,74.125.130.0-255,105,324848,19,325085
8948,0.007586,172.31.36.0-255,66,324914,19,325085
8949,0.007615,172.31.36.0-255,105,325019,19,325085
8950,0.00988,74.125.130.0-255,66,325085,19,325085
8951,0.0,74.125.24.0-255,298,298,19,184599
8952,1.7e-05,172.31.36.0-255,66,364,19,184599
8953,2.3e-05,74.125.24.0-255,1484,1848,19,184599
8954,2.7e-05,172.31.36.0-255,66,1914,19,184599
8955,4.2e-05,74.125.24.0-255,4320,6234,19,184599
8956,4.6e-05,172.31.36.0-255,66,6300,19,184599
8957,5.6e-05,74.125.24.0-255,7529,13829,19,184599
8958,5.9e-05,172.31.36.0-255,66,13895,19,184599
8959,8.6e-05,74.125.24.0-255,1484,15379,19,184599
8960,9.4e-05,172.31.36.0-255,66,15445,19,184599
8961,9.8e-05,74.125.24.0-255,2902,18347,19,184599
8962,0.000101,172.31.36.0-255,66,18413,19,184599
8963,0.00015,74.125.24.0-255,5738,24151,19,184599
8964,0.000154,172.31.36.0-255,66,24217,19,184599
8965,0.000157,74.125.24.0-255,1484,25701,19,184599
8966,0.000159,172.31.36.0-255,66,25767,19,184599
8967,0.0002,74.125.24.0-255,5379,31146,19,184599
8968,0.000202,172.31.36.0-255,66,31212,19,184599
8969,0.000241,74.125.24.0-255,1484,32696,19,184599
8970,0.000243,172.31.36.0-255,66,32762,19,184599
8971,0.000271,74.125.24.0-255,2902,35664,19,184599
8972,0.000274,172.31.36.0-255,66,35730,19,184599
8973,0.00028,74.125.24.0-255,5738,41468,19,184599
8974,0.000283,172.31.36.0-255,66,41534,19,184599
8975,0.000303,172.31.36.0-255,66,41600,19,184599
8976,0.000309,74.125.24.0-255,4320,45920,19,184599
8977,0.000311,172.31.36.0-255,66,45986,19,184599
8978,0.000341,74.125.24.0-255,5738,51724,19,184599
8979,0.000347,172.31.36.0-255,66,51790,19,184599
8980,0.000351,74.125.24.0-255,1125,52915,19,184599
8981,0.000353,172.31.36.0-255,66,52981,19,184599
8982,0.000488,74.125.24.0-255,411,53392,19,184599
8983,0.000519,74.125.24.0-255,331,53723,19,184599
8984,0.000718,74.125.24.0-255,1484,55207,19,184599
8985,0.000724,74.125.24.0-255,2902,58109,19,184599
8986,0.000738,74.125.24.0-255,2902,61011,19,184599
8987,0.00075,172.31.36.0-255,66,61077,19,184599
8988,0.00076,74.125.24.0-255,2902,63979,19,184599
8989,0.000767,74.125.24.0-255,8574,72553,19,184599
8990,0.000783,172.31.36.0-255,66,72619,19,184599
8991,0.000786,74.125.24.0-255,1484,74103,19,184599
8992,0.000816,74.125.24.0-255,5738,79841,19,184599
8993,0.000823,172.31.36.0-255,66,79907,19,184599
8994,0.000844,74.125.24.0-255,7856,87763,19,184599
8995,0.000863,172.31.36.0-255,66,87829,19,184599
8996,0.001651,74.125.24.0-255,1484,89313,19,184599
8997,0.001661,74.125.24.0-255,2902,92215,19,184599
8998,0.001665,172.31.36.0-255,66,92281,19,184599
8999,0.001672,74.125.24.0-255,5738,98019,19,184599
9000,0.001697,74.125.24.0-255,5738,103757,19,184599
9001,0.001703,74.125.24.0-255,5738,109495,19,184599
9002,0.001725,74.125.24.0-255,7156,116651,19,184599
9003,0.001731,74.125.24.0-255,5020,121671,19,184599
9004,0.001777,74.125.24.0-255,5738,127409,19,184599
9005,0.001781,74.125.24.0-255,1484,128893,19,184599
9006,0.001784,74.125.24.0-255,1484,130377,19,184599
9007,0.001805,74.125.24.0-255,7156,137533,19,184599
9008,0.001833,74.125.24.0-255,2902,140435,19,184599
9009,0.001876,74.125.24.0-255,2902,143337,19,184599
9010,0.001913,74.125.24.0-255,8574,151911,19,184599
9011,0.001962,74.125.24.0-255,3602,155513,19,184599
9012,0.007827,172.31.36.0-255,66,155579,19,184599
9013,0.009842,74.125.24.0-255,5738,161317,19,184599
9014,0.009851,172.31.36.0-255,66,161383,19,184599
9015,0.011889,74.125.24.0-255,5738,167121,19,184599
9016,0.011896,172.31.36.0-255,66,167187,19,184599
9017,0.013919,74.125.24.0-255,5738,172925,19,184599
9018,0.014192,172.31.36.0-255,66,172991,19,184599
9019,0.016244,74.125.24.0-255,5738,178729,19,184599
9020,0.016252,172.31.36.0-255,66,178795,19,184599
9021,0.018273,74.125.24.0-255,5738,184533,19,184599
9022,0.018281,172.31.36.0-255,66,184599,19,184599
9023,0.0,74.125.130.0-255,149,149,19,234454
9024,2.3e-05,172.31.36.0-255,66,215,19,234454
9025,3e-05,74.125.130.0-255,1484,1699,19,234454
9026,3.5e-05,172.31.36.0-255,66,1765,19,234454
9027,5.6e-05,74.125.130.0-255,2902,4667,19,234454
9028,5.9e-05,172.31.36.0-255,66,4733,19,234454
9029,6.7e-05,74.125.130.0-255,5738,10471,19,234454
9030,7e-05,172.31.36.0-255,66,10537,19,234454
9031,7.5e-05,74.125.130.0-255,3437,13974,19,234454
9032,7.8e-05,172.31.36.0-255,66,14040,19,234454
9033,8.4e-05,74.125.130.0-255,4320,18360,19,234454
9034,8.7e-05,172.31.36.0-255,66,18426,19,234454
9035,0.000106,74.125.130.0-255,4320,22746,19,234454
9036,0.000109,172.31.36.0-255,66,22812,19,234454
9037,0.000127,74.125.130.0-255,5738,28550,19,234454
9038,0.00013,172.31.36.0-255,66,28616,19,234454
9039,0.000134,74.125.130.0-255,2543,31159,19,234454
9040,0.000136,172.31.36.0-255,66,31225,19,234454
9041,0.000235,74.125.130.0-255,1484,32709,19,234454
9042,0.000238,172.31.36.0-255,66,32775,19,234454
9043,0.000244,74.125.130.0-255,2902,35677,19,234454
9044,0.000247,172.31.36.0-255,66,35743,19,234454
9045,0.000283,74.125.130.0-255,5738,41481,19,234454
9046,0.000285,172.31.36.0-255,66,41547,19,234454
9047,0.000292,74.125.130.0-255,7156,48703,19,234454
9048,0.000295,172.31.36.0-255,66,48769,19,234454
9049,0.000343,172.31.36.0-255,66,48835,19,234454
9050,0.000347,74.125.130.0-255,2184,51019,19,234454
9051,0.00035,172.31.36.0-255,66,51085,19,234454
9052,0.000353,74.125.130.0-255,677,51762,19,234454
9053,0.000355,172.31.36.0-255,66,51828,19,234454
9054,0.000928,74.125.130.0-255,1484,53312,19,234454
9055,0.000937,74.125.130.0-255,2902,56214,19,234454
9056,0.000942,172.31.36.0-255,66,56280,19,234454
9057,0.000946,74.125.130.0-255,1484,57764,19,234454
9058,0.000969,74.125.130.0-255,4320,62084,19,234454
9059,0.000972,172.31.36.0-255,66,62150,19,234454
9060,0.000978,74.125.130.0-255,4320,66470,19,234454
9061,0.00098,172.31.36.0-255,66,66536,19,234454
9062,0.001017,74.125.130.0-255,8574,75110,19,234454
9063,0.00102,172.31.36.0-255,66,75176,19,234454
9064,0.001029,74.125.130.0-255,8574,83750,19,234454
9065,0.001031,172.31.36.0-255,66,83816,19,234454
9066,0.001036,74.125.130.0-255,2184,86000,19,234454
9067,0.001038,172.31.36.0-255,66,86066,19,234454
9068,0.001371,74.125.130.0-255,1484,87550,19,234454
9069,0.001392,74.125.130.0-255,2902,90452,19,234454
9070,0.001395,172.31.36.0-255,66,90518,19,234454
9071,0.0014,74.125.130.0-255,1484,92002,19,234454
9072,0.001419,74.125.130.0-255,2902,94904,19,234454
9073,0.001421,172.31.36.0-255,66,94970,19,234454
9074,0.001428,74.125.130.0-255,5738,100708,19,234454
9075,0.00143,172.31.36.0-255,66,100774,19,234454
9076,0.001447,74.125.130.0-255,2902,103676,19,234454
9077,0.001449,172.31.36.0-255,66,103742,19,234454
9078,0.001456,74.125.130.0-255,5738,109480,19,234454
9079,0.001458,172.31.36.0-255,66,109546,19,234454
9080,0.001466,74.125.130.0-255,7156,116702,19,234454
9081,0.001468,172.31.36.0-255,66,116768,19,234454
9082,0.001512,74.125.130.0-255,1484,118252,19,234454
9083,0.001537,74.125.130.0-255,2184,120436,19,234454
9084,0.001542,172.31.36.0-255,66,120502,19,234454
9085,0.001545,74.125.130.0-255,1484,121986,19,234454
9086,0.001561,74.125.130.0-255,2902,124888,19,234454
9087,0.001564,172.31.36.0-255,66,124954,19,234454
9088,0.001567,74.125.130.0-255,1484,126438,19,234454
9089,0.001589,74.125.130.0-255,4320,130758,19,234454
9090,0.001591,172.31.36.0-255,66,130824,19,234454
9091,0.0016,74.125.130.0-255,8574,139398,19,234454
9092,0.001602,172.31.36.0-255,66,139464,19,234454
9093,0.001621,74.125.130.0-255,4320,143784,19,234454
9094,0.001623,172.31.36.0-255,66,143850,19,234454
9095,0.001631,74.125.130.0-255,7156,151006,19,234454
9096,0.001634,172.31.36.0-255,66,151072,19,234454
9097,0.001653,74.125.130.0-255,3602,154674,19,234454
9098,0.001657,172.31.36.0-255,66,154740,19,234454
9099,0.001864,74.125.130.0-255,1484,156224,19,234454
9100,0.00187,74.125.130.0-255,2902,159126,19,234454
9101,0.001873,172.31.36.0-255,66,159192,19,234454
9102,0.001898,74.125.130.0-255,5738,164930,19,234454
9103,0.001901,172.31.36.0-255,66,164996,19,234454
9104,0.001948,74.125.130.0-255,1484,166480,19,234454
9105,0.001973,74.125.130.0-255,2902,169382,19,234454
9106,0.001976,172.31.36.0-255,66,169448,19,234454
9107,0.002002,74.125.130.0-255,5738,175186,19,234454
9108,0.002005,172.31.36.0-255,66,175252,19,234454
9109,0.00201,74.125.130.0-255,4320,179572,19,234454
9110,0.002013,172.31.36.0-255,66,179638,19,234454
9111,0.002016,74.125.130.0-255,1484,181122,19,234454
9112,0.002042,74.125.130.0-255,4320,185442,19,234454
9113,0.002045,172.31.36.0-255,66,185508,19,234454
9114,0.002066,74.125.130.0-255,3602,189110,19,234454
9115,0.002069,172.31.36.0-255,66,189176,19,234454
9116,0.004233,74.125.130.0-255,1484,190660,19,234454
9117,0.004252,74.125.130.0-255,4320,194980,19,234454
9118,0.004258,172.31.36.0-255,66,195046,19,234454
9119,0.006449,74.125.130.0-255,2902,197948,19,234454
9120,0.006452,172.31.36.0-255,66,198014,19,234454
9121,0.006471,74.125.130.0-255,2902,200916,19,234454
9122,0.006473,172.31.36.0-255,66,200982,19,234454
9123,0.008664,74.125.130.0-255,4320,205302,19,234454
9124,0.008671,172.31.36.0-255,66,205368,19,234454
9125,0.008691,74.125.130.0-255,1484,206852,19,234454
9126,0.010875,74.125.130.0-255,4320,211172,19,234454
9127,0.010883,172.31.36.0-255,66,211238,19,234454
9128,0.013098,74.125.130.0-255,5738,216976,19,234454
9129,0.013107,172.31.36.0-255,66,217042,19,234454
9130,0.015316,74.125.130.0-255,5738,222780,19,234454
9131,0.015327,172.31.36.0-255,66,222846,19,234454
9132,0.017526,74.125.130.0-255,5738,228584,19,234454
9133,0.017535,172.31.36.0-255,66,228650,19,234454
9134,0.019722,74.125.130.0-255,5738,234388,19,234454
9135,0.019729,172.31.36.0-255,66,234454,19,234454
9136,0.0,172.31.36.0-255,66,66,19,66
9137,0.0,172.217.194.0-255,146,146,19,263179
9138,2.4e-05,172.31.36.0-255,66,212,19,263179
9139,3.1e-05,172.217.194.0-255,1484,1696,19,263179
9140,3.5e-05,172.31.36.0-255,66,1762,19,263179
9141,4.1e-05,172.217.194.0-255,2902,4664,19,263179
9142,4.4e-05,172.31.36.0-255,66,4730,19,263179
9143,5.2e-05,172.217.194.0-255,7156,11886,19,263179
9144,5.4e-05,172.31.36.0-255,66,11952,19,263179
9145,7.6e-05,172.217.194.0-255,1968,13920,19,263179
9146,7.9e-05,172.31.36.0-255,66,13986,19,263179
9147,0.000157,172.217.194.0-255,1484,15470,19,263179
9148,0.00016,172.31.36.0-255,66,15536,19,263179
9149,0.000165,172.217.194.0-255,2902,18438,19,263179
9150,0.000168,172.31.36.0-255,66,18504,19,263179
9151,0.000173,172.217.194.0-255,4320,22824,19,263179
9152,0.000176,172.31.36.0-255,66,22890,19,263179
9153,0.000194,172.217.194.0-255,1484,24374,19,263179
9154,0.000196,172.31.36.0-255,66,24440,19,263179
9155,0.0002,172.217.194.0-255,1484,25924,19,263179
9156,0.000202,172.31.36.0-255,66,25990,19,263179
9157,0.000221,172.217.194.0-255,5379,31369,19,263179
9158,0.000224,172.31.36.0-255,66,31435,19,263179
9159,0.000292,172.217.194.0-255,1484,32919,19,263179
9160,0.000295,172.31.36.0-255,66,32985,19,263179
9161,0.000301,172.217.194.0-255,2902,35887,19,263179
9162,0.000303,172.31.36.0-255,66,35953,19,263179
9163,0.000322,172.217.194.0-255,2902,38855,19,263179
9164,0.000324,172.31.36.0-255,66,38921,19,263179
9165,0.000344,172.217.194.0-255,2902,41823,19,263179
9166,0.000347,172.31.36.0-255,66,41889,19,263179
9167,0.000371,172.217.194.0-255,8574,50463,19,263179
9168,0.000373,172.31.36.0-255,66,50529,19,263179
9169,0.000391,172.217.194.0-255,2543,53072,19,263179
9170,0.000394,172.31.36.0-255,66,53138,19,263179
9171,0.000407,172.31.36.0-255,66,53204,19,263179
9172,0.00041,172.217.194.0-255,1125,54329,19,263179
9173,0.000431,172.217.194.0-255,358,54687,19,263179
9174,0.000492,172.217.194.0-255,385,55072,19,263179
9175,0.000496,172.31.36.0-255,66,55138,19,263179
9176,0.00067,172.217.194.0-255,1484,56622,19,263179
9177,0.000677,172.217.194.0-255,2902,59524,19,263179
9178,0.00068,172.31.36.0-255,66,59590,19,263179
9179,0.000687,172.217.194.0-255,5738,65328,19,263179
9180,0.000689,172.31.36.0-255,66,65394,19,263179
9181,0.000733,172.217.194.0-255,4320,69714,19,263179
9182,0.000736,172.31.36.0-255,66,69780,19,263179
9183,0.000763,172.217.194.0-255,8574,78354,19,263179
9184,0.000766,172.31.36.0-255,66,78420,19,263179
9185,0.000775,172.217.194.0-255,10692,89112,19,263179
9186,0.000777,172.31.36.0-255,66,89178,19,263179
9187,0.001236,172.217.194.0-255,1484,90662,19,263179
9188,0.001244,172.217.194.0-255,2902,93564,19,263179
9189,0.001247,172.31.36.0-255,66,93630,19,263179
9190,0.001254,172.217.194.0-255,5738,99368,19,263179
9191,0.001256,172.31.36.0-255,66,99434,19,263179
9192,0.001279,172.217.194.0-255,4320,103754,19,263179
9193,0.001282,172.31.36.0-255,66,103820,19,263179
9194,0.001309,172.217.194.0-255,8574,112394,19,263179
9195,0.001311,172.31.36.0-255,66,112460,19,263179
9196,0.001315,172.217.194.0-255,1484,113944,19,263179
9197,0.001339,172.217.194.0-255,9274,123218,19,263179
9198,0.001342,172.31.36.0-255,66,123284,19,263179
9199,0.001382,172.217.194.0-255,9992,133276,19,263179
9200,0.001385,172.31.36.0-255,66,133342,19,263179
9201,0.001393,172.217.194.0-255,7156,140498,19,263179
9202,0.001396,172.31.36.0-255,66,140564,19,263179
9203,0.001442,172.217.194.0-255,5738,146302,19,263179
9204,0.001445,172.31.36.0-255,66,146368,19,263179
9205,0.001475,172.217.194.0-255,10692,157060,19,263179
9206,0.001478,172.31.36.0-255,66,157126,19,263179
9207,0.001508,172.217.194.0-255,4320,161446,19,263179
9208,0.001513,172.31.36.0-255,66,161512,19,263179
9209,0.001546,172.31.36.0-255,66,161578,19,263179
9210,0.001555,172.217.194.0-255,8574,170152,19,263179
9211,0.001559,172.31.36.0-255,66,170218,19,263179
9212,0.001592,172.217.194.0-255,8574,178792,19,263179
9213,0.001595,172.31.36.0-255,66,178858,19,263179
9214,0.001598,172.217.194.0-255,766,179624,19,263179
9215,0.001601,172.217.194.0-255,1484,181108,19,263179
9216,0.001603,172.31.36.0-255,66,181174,19,263179
9217,0.001607,172.217.194.0-255,2902,184076,19,263179
9218,0.00161,172.31.36.0-255,66,184142,19,263179
9219,0.001617,172.217.194.0-255,5738,189880,19,263179
9220,0.001619,172.31.36.0-255,66,189946,19,263179
9221,0.001622,172.217.194.0-255,1484,191430,19,263179
9222,0.001645,172.217.194.0-255,9992,201422,19,263179
9223,0.001647,172.31.36.0-255,66,201488,19,263179
9224,0.001676,172.217.194.0-255,1484,202972,19,263179
9225,0.001686,172.217.194.0-255,10692,213664,19,263179
9226,0.001692,172.31.36.0-255,66,213730,19,263179
9227,0.001716,172.31.36.0-255,66,213796,19,263179
9228,0.001762,172.31.36.0-255,66,213862,19,263179
9229,0.001771,172.217.194.0-255,7856,221718,19,263179
9230,0.001774,172.31.36.0-255,66,221784,19,263179
9231,0.001789,172.31.36.0-255,66,221850,19,263179
9232,0.001866,172.31.36.0-255,66,221916,19,263179
9233,0.001869,172.217.194.0-255,766,222682,19,263179
9234,0.001875,172.217.194.0-255,4320,227002,19,263179
9235,0.001878,172.31.36.0-255,66,227068,19,263179
9236,0.001928,172.31.36.0-255,66,227134,19,263179
9237,0.001941,172.31.36.0-255,66,227200,19,263179
9238,0.001963,172.31.36.0-255,66,227266,19,263179
9239,0.001994,172.217.194.0-255,10692,237958,19,263179
9240,0.001997,172.31.36.0-255,66,238024,19,263179
9241,0.002007,172.217.194.0-255,10692,248716,19,263179
9242,0.002011,172.31.36.0-255,66,248782,19,263179
9243,0.002024,172.31.36.0-255,66,248848,19,263179
9244,0.002031,172.217.194.0-255,7156,256004,19,263179
9245,0.002034,172.31.36.0-255,66,256070,19,263179
9246,0.002059,172.217.194.0-255,6438,262508,19,263179
9247,0.002062,172.31.36.0-255,66,262574,19,263179
9248,0.002065,172.217.194.0-255,146,262720,19,263179
9249,0.002105,172.217.194.0-255,105,262825,19,263179
9250,0.010485,172.217.194.0-255,105,262930,19,263179
9251,0.010506,172.31.36.0-255,78,263008,19,263179
9252,0.015004,172.31.36.0-255,105,263113,19,263179
9253,0.017272,172.217.194.0-255,66,263179,19,263179
9254,0.0,172.217.194.0-255,152,152,19,282539
9255,3e-05,172.31.36.0-255,66,218,19,282539
9256,3.7e-05,172.217.194.0-255,1484,1702,19,282539
9257,4.2e-05,172.31.36.0-255,66,1768,19,282539
9258,4.7e-05,172.217.194.0-255,2902,4670,19,282539
9259,5e-05,172.31.36.0-255,66,4736,19,282539
9260,5.7e-05,172.217.194.0-255,7156,11892,19,282539
9261,5.9e-05,172.31.36.0-255,66,11958,19,282539
9262,6.3e-05,172.217.194.0-255,2104,14062,19,282539
9263,6.6e-05,172.31.36.0-255,66,14128,19,282539
9264,0.000103,172.31.36.0-255,66,14194,19,282539
9265,0.000109,172.217.194.0-255,5379,19573,19,282539
9266,0.000112,172.31.36.0-255,66,19639,19,282539
9267,0.000182,172.217.194.0-255,1484,21123,19,282539
9268,0.000186,172.31.36.0-255,66,21189,19,282539
9269,0.000191,172.217.194.0-255,2902,24091,19,282539
9270,0.000193,172.31.36.0-255,66,24157,19,282539
9271,0.000231,172.217.194.0-255,5738,29895,19,282539
9272,0.000234,172.31.36.0-255,66,29961,19,282539
9273,0.000243,172.217.194.0-255,8574,38535,19,282539
9274,0.000245,172.31.36.0-255,66,38601,19,282539
9275,0.000262,172.217.194.0-255,5379,43980,19,282539
9276,0.000265,172.31.36.0-255,66,44046,19,282539
9277,0.000274,172.217.194.0-255,9885,53931,19,282539
9278,0.000277,172.31.36.0-255,66,53997,19,282539
9279,0.00028,172.217.194.0-255,120,54117,19,282539
9280,0.000282,172.31.36.0-255,66,54183,19,282539
9281,0.000336,172.217.194.0-255,1484,55667,19,282539
9282,0.00034,172.31.36.0-255,66,55733,19,282539
9283,0.000345,172.217.194.0-255,2902,58635,19,282539
9284,0.000347,172.31.36.0-255,66,58701,19,282539
9285,0.000364,172.217.194.0-255,5738,64439,19,282539
9286,0.000367,172.31.36.0-255,66,64505,19,282539
9287,0.000406,172.217.194.0-255,4320,68825,19,282539
9288,0.000409,172.31.36.0-255,66,68891,19,282539
9289,0.00043,172.217.194.0-255,9633,78524,19,282539
9290,0.000437,172.31.36.0-255,66,78590,19,282539
9291,0.000439,172.217.194.0-255,9367,87957,19,282539
9292,0.000442,172.31.36.0-255,66,88023,19,282539
9293,0.000631,172.217.194.0-255,1484,89507,19,282539
9294,0.000636,172.217.194.0-255,2902,92409,19,282539
9295,0.000639,172.31.36.0-255,66,92475,19,282539
9296,0.000655,172.217.194.0-255,5738,98213,19,282539
9297,0.000658,172.31.36.0-255,66,98279,19,282539
9298,0.000694,172.31.36.0-255,66,98345,19,282539
9299,0.000725,172.217.194.0-255,4320,102665,19,282539
9300,0.000728,172.31.36.0-255,66,102731,19,282539
9301,0.000745,172.217.194.0-255,4320,107051,19,282539
9302,0.000748,172.31.36.0-255,66,107117,19,282539
9303,0.000768,172.217.194.0-255,2184,109301,19,282539
9304,0.000771,172.31.36.0-255,66,109367,19,282539
9305,0.000777,172.217.194.0-255,5738,115105,19,282539
9306,0.000788,172.31.36.0-255,66,115171,19,282539
9307,0.000797,172.217.194.0-255,5738,120909,19,282539
9308,0.000805,172.217.194.0-255,7156,128065,19,282539
9309,0.000805,172.31.36.0-255,66,128131,19,282539
9310,0.00081,172.31.36.0-255,66,128197,19,282539
9311,0.000831,172.217.194.0-255,5738,133935,19,282539
9312,0.000843,172.31.36.0-255,66,134001,19,282539
9313,0.000864,172.217.194.0-255,9274,143275,19,282539
9314,0.000868,172.217.194.0-255,4320,147595,19,282539
9315,0.00088,172.31.36.0-255,66,147661,19,282539
9316,0.000895,172.217.194.0-255,7156,154817,19,282539
9317,0.000897,172.31.36.0-255,66,154883,19,282539
9318,0.000902,172.31.36.0-255,66,154949,19,282539
9319,0.000912,172.217.194.0-255,5738,160687,19,282539
9320,0.000921,172.31.36.0-255,66,160753,19,282539
9321,0.000939,172.217.194.0-255,1484,162237,19,282539
9322,0.000982,172.31.36.0-255,66,162303,19,282539
9323,0.001025,172.31.36.0-255,66,162369,19,282539
9324,0.001051,172.217.194.0-255,4320,166689,19,282539
9325,0.001055,172.217.194.0-255,2184,168873,19,282539
9326,0.001061,172.31.36.0-255,66,168939,19,282539
9327,0.001084,172.31.36.0-255,66,169005,19,282539
9328,0.001087,172.217.194.0-255,10692,179697,19,282539
9329,0.001101,172.31.36.0-255,66,179763,19,282539
9330,0.001629,172.217.194.0-255,1484,181247,19,282539
9331,0.001647,172.217.194.0-255,2902,184149,19,282539
9332,0.001651,172.31.36.0-255,66,184215,19,282539
9333,0.001655,172.217.194.0-255,1484,185699,19,282539
9334,0.00166,172.217.194.0-255,4320,190019,19,282539
9335,0.00167,172.31.36.0-255,66,190085,19,282539
9336,0.001671,172.217.194.0-255,1484,191569,19,282539
9337,0.001676,172.217.194.0-255,2902,194471,19,282539
9338,0.001688,172.31.36.0-255,66,194537,19,282539
9339,0.001697,172.217.194.0-255,9992,204529,19,282539
9340,0.001703,172.31.36.0-255,66,204595,19,282539
9341,0.001706,172.217.194.0-255,9274,213869,19,282539
9342,0.001715,172.31.36.0-255,66,213935,19,282539
9343,0.001772,172.217.194.0-255,1484,215419,19,282539
9344,0.001777,172.217.194.0-255,2902,218321,19,282539
9345,0.001788,172.31.36.0-255,66,218387,19,282539
9346,0.001795,172.217.194.0-255,5738,224125,19,282539
9347,0.001805,172.31.36.0-255,66,224191,19,282539
9348,0.00181,172.217.194.0-255,5738,229929,19,282539
9349,0.001816,172.31.36.0-255,66,229995,19,282539
9350,0.001828,172.217.194.0-255,7156,237151,19,282539
9351,0.001844,172.31.36.0-255,66,237217,19,282539
9352,0.001848,172.217.194.0-255,5738,242955,19,282539
9353,0.001853,172.217.194.0-255,2902,245857,19,282539
9354,0.001858,172.31.36.0-255,66,245923,19,282539
9355,0.001866,172.217.194.0-255,2184,248107,19,282539
9356,0.001872,172.31.36.0-255,66,248173,19,282539
9357,0.001888,172.217.194.0-255,1484,249657,19,282539
9358,0.001904,172.217.194.0-255,4320,253977,19,282539
9359,0.001908,172.31.36.0-255,66,254043,19,282539
9360,0.001926,172.217.194.0-255,8574,262617,19,282539
9361,0.001932,172.217.194.0-255,4320,266937,19,282539
9362,0.001936,172.31.36.0-255,66,267003,19,282539
9363,0.001972,172.217.194.0-255,2902,269905,19,282539
9364,0.001982,172.31.36.0-255,66,269971,19,282539
9365,0.002,172.217.194.0-255,7856,277827,19,282539
9366,0.002006,172.31.36.0-255,66,277893,19,282539
9367,0.002042,172.31.36.0-255,66,277959,19,282539
9368,0.002061,172.217.194.0-255,4106,282065,19,282539
9369,0.002062,172.31.36.0-255,66,282131,19,282539
9370,0.002066,172.31.36.0-255,66,282197,19,282539
9371,0.002084,172.217.194.0-255,105,282302,19,282539
9372,0.003549,172.31.36.0-255,66,282368,19,282539
9373,0.003575,172.31.36.0-255,105,282473,19,282539
9374,0.005839,172.217.194.0-255,66,282539,19,282539
9375,0.0,172.31.36.0-255,105,105,19,459
9376,0.00021,172.31.36.0-255,90,195,19,459
9377,0.000222,172.31.36.0-255,66,261,19,459
9378,0.002548,74.125.130.0-255,66,327,19,459
9379,0.002565,74.125.130.0-255,66,393,19,459
9380,0.002597,172.31.36.0-255,66,459,19,459
9381,0.0,74.125.24.0-255,152,152,19,135102
9382,2.6e-05,172.31.36.0-255,66,218,19,135102
9383,3.3e-05,74.125.24.0-255,1484,1702,19,135102
9384,3.7e-05,172.31.36.0-255,66,1768,19,135102
9385,4.1e-05,74.125.24.0-255,2902,4670,19,135102
9386,4.4e-05,172.31.36.0-255,66,4736,19,135102
9387,5.2e-05,74.125.24.0-255,7156,11892,19,135102
9388,5.4e-05,172.31.36.0-255,66,11958,19,135102
9389,5.9e-05,74.125.24.0-255,2013,13971,19,135102
9390,6.1e-05,172.31.36.0-255,66,14037,19,135102
9391,0.000473,74.125.24.0-255,1484,15521,19,135102
9392,0.000479,172.31.36.0-255,66,15587,19,135102
9393,0.000489,74.125.24.0-255,2902,18489,19,135102
9394,0.000492,172.31.36.0-255,66,18555,19,135102
9395,0.000499,74.125.24.0-255,5738,24293,19,135102
9396,0.000503,172.31.36.0-255,66,24359,19,135102
9397,0.000532,74.125.24.0-255,6797,31156,19,135102
9398,0.000537,172.31.36.0-255,66,31222,19,135102
9399,0.000569,74.125.24.0-255,2902,34124,19,135102
9400,0.000574,172.31.36.0-255,66,34190,19,135102
9401,0.000599,74.125.24.0-255,4320,38510,19,135102
9402,0.000603,172.31.36.0-255,66,38576,19,135102
9403,0.000608,74.125.24.0-255,4320,42896,19,135102
9404,0.000611,172.31.36.0-255,66,42962,19,135102
9405,0.000615,74.125.24.0-255,2902,45864,19,135102
9406,0.000617,172.31.36.0-255,66,45930,19,135102
9407,0.000642,74.125.24.0-255,2543,48473,19,135102
9408,0.000645,172.31.36.0-255,66,48539,19,135102
9409,0.001872,74.125.24.0-255,1484,50023,19,135102
9410,0.001879,172.31.36.0-255,66,50089,19,135102
9411,0.001899,74.125.24.0-255,1484,51573,19,135102
9412,0.001902,172.31.36.0-255,66,51639,19,135102
9413,0.001918,74.125.24.0-255,1484,53123,19,135102
9414,0.001925,74.125.24.0-255,5738,58861,19,135102
9415,0.001927,172.31.36.0-255,66,58927,19,135102
9416,0.001959,74.125.24.0-255,6797,65724,19,135102
9417,0.001961,172.31.36.0-255,66,65790,19,135102
9418,0.001975,74.125.24.0-255,5738,71528,19,135102
9419,0.001977,172.31.36.0-255,66,71594,19,135102
9420,0.002008,74.125.24.0-255,8574,80168,19,135102
9421,0.002011,172.31.36.0-255,66,80234,19,135102
9422,0.002018,74.125.24.0-255,8574,88808,19,135102
9423,0.002021,172.31.36.0-255,66,88874,19,135102
9424,0.002024,74.125.24.0-255,1484,90358,19,135102
9425,0.002057,74.125.24.0-255,9854,100212,19,135102
9426,0.002059,172.31.36.0-255,66,100278,19,135102
9427,0.004687,74.125.24.0-255,5738,106016,19,135102
9428,0.004691,172.31.36.0-255,66,106082,19,135102
9429,0.007326,74.125.24.0-255,5738,111820,19,135102
9430,0.007334,172.31.36.0-255,66,111886,19,135102
9431,0.009982,74.125.24.0-255,5738,117624,19,135102
9432,0.009989,172.31.36.0-255,66,117690,19,135102
9433,0.012658,74.125.24.0-255,5738,123428,19,135102
9434,0.012666,172.31.36.0-255,66,123494,19,135102
9435,0.015331,74.125.24.0-255,5738,129232,19,135102
9436,0.015338,172.31.36.0-255,66,129298,19,135102
9437,0.01797,74.125.24.0-255,5738,135036,19,135102
9438,0.017979,172.31.36.0-255,66,135102,19,135102
9439,0.0,74.125.130.0-255,153,153,19,220251
9440,1.6e-05,172.31.36.0-255,66,219,19,220251
9441,2.3e-05,74.125.130.0-255,1484,1703,19,220251
9442,2.8e-05,172.31.36.0-255,66,1769,19,220251
9443,3.3e-05,74.125.130.0-255,2902,4671,19,220251
9444,3.6e-05,172.31.36.0-255,66,4737,19,220251
9445,4.1e-05,74.125.130.0-255,4320,9057,19,220251
9446,4.4e-05,172.31.36.0-255,66,9123,19,220251
9447,5e-05,74.125.130.0-255,4863,13986,19,220251
9448,5.2e-05,172.31.36.0-255,66,14052,19,220251
9449,0.000203,74.125.130.0-255,1484,15536,19,220251
9450,0.000208,172.31.36.0-255,66,15602,19,220251
9451,0.000214,74.125.130.0-255,2902,18504,19,220251
9452,0.000216,172.31.36.0-255,66,18570,19,220251
9453,0.000221,74.125.130.0-255,4320,22890,19,220251
9454,0.000224,172.31.36.0-255,66,22956,19,220251
9455,0.000243,74.125.130.0-255,1484,24440,19,220251
9456,0.000245,172.31.36.0-255,66,24506,19,220251
9457,0.000253,74.125.130.0-255,6797,31303,19,220251
9458,0.000255,172.31.36.0-255,66,31369,19,220251
9459,0.000259,74.125.130.0-255,2902,34271,19,220251
9460,0.000261,172.31.36.0-255,66,34337,19,220251
9461,0.00028,74.125.130.0-255,4320,38657,19,220251
9462,0.000282,172.31.36.0-255,66,38723,19,220251
9463,0.000289,74.125.130.0-255,7156,45879,19,220251
9464,0.000292,172.31.36.0-255,66,45945,19,220251
9465,0.000315,74.125.130.0-255,7156,53101,19,220251
9466,0.000317,172.31.36.0-255,66,53167,19,220251
9467,0.000339,74.125.130.0-255,1484,54651,19,220251
9468,0.000341,172.31.36.0-255,66,54717,19,220251
9469,0.000363,74.125.130.0-255,5738,60455,19,220251
9470,0.000366,172.31.36.0-255,66,60521,19,220251
9471,0.000387,74.125.130.0-255,5297,65818,19,220251
9472,0.000389,172.31.36.0-255,66,65884,19,220251
9473,0.000392,74.125.130.0-255,431,66315,19,220251
9474,0.000764,74.125.130.0-255,1484,67799,19,220251
9475,0.000769,172.31.36.0-255,66,67865,19,220251
9476,0.000775,74.125.130.0-255,2902,70767,19,220251
9477,0.000777,172.31.36.0-255,66,70833,19,220251
9478,0.00078,74.125.130.0-255,1484,72317,19,220251
9479,0.000811,74.125.130.0-255,4320,76637,19,220251
9480,0.000814,172.31.36.0-255,66,76703,19,220251
9481,0.000821,74.125.130.0-255,7156,83859,19,220251
9482,0.000823,172.31.36.0-255,66,83925,19,220251
9483,0.000829,74.125.130.0-255,5738,89663,19,220251
9484,0.000832,172.31.36.0-255,66,89729,19,220251
9485,0.000855,74.125.130.0-255,8574,98303,19,220251
9486,0.000858,172.31.36.0-255,66,98369,19,220251
9487,0.000862,74.125.130.0-255,2184,100553,19,220251
9488,0.000864,172.31.36.0-255,66,100619,19,220251
9489,0.001171,74.125.130.0-255,1484,102103,19,220251
9490,0.001177,74.125.130.0-255,2902,105005,19,220251
9491,0.00118,172.31.36.0-255,66,105071,19,220251
9492,0.001185,74.125.130.0-255,2902,107973,19,220251
9493,0.001187,172.31.36.0-255,66,108039,19,220251
9494,0.001201,74.125.130.0-255,2902,110941,19,220251
9495,0.001203,172.31.36.0-255,66,111007,19,220251
9496,0.001208,74.125.130.0-255,2902,113909,19,220251
9497,0.00121,172.31.36.0-255,66,113975,19,220251
9498,0.001234,74.125.130.0-255,1484,115459,19,220251
9499,0.00124,74.125.130.0-255,5738,121197,19,220251
9500,0.001242,172.31.36.0-255,66,121263,19,220251
9501,0.001253,172.31.36.0-255,66,121329,19,220251
9502,0.001256,74.125.130.0-255,2184,123513,19,220251
9503,0.001258,172.31.36.0-255,66,123579,19,220251
9504,0.001415,74.125.130.0-255,1484,125063,19,220251
9505,0.00143,74.125.130.0-255,2902,127965,19,220251
9506,0.001434,172.31.36.0-255,66,128031,19,220251
9507,0.001439,74.125.130.0-255,2902,130933,19,220251
9508,0.001441,172.31.36.0-255,66,130999,19,220251
9509,0.001454,74.125.130.0-255,2902,133901,19,220251
9510,0.001459,74.125.130.0-255,4320,138221,19,220251
9511,0.001462,172.31.36.0-255,66,138287,19,220251
9512,0.001465,172.31.36.0-255,66,138353,19,220251
9513,0.001488,74.125.130.0-255,5738,144091,19,220251
9514,0.001491,172.31.36.0-255,66,144157,19,220251
9515,0.001498,74.125.130.0-255,5738,149895,19,220251
9516,0.0015,172.31.36.0-255,66,149961,19,220251
9517,0.001516,74.125.130.0-255,5738,155699,19,220251
9518,0.001518,172.31.36.0-255,66,155765,19,220251
9519,0.001551,74.125.130.0-255,2184,157949,19,220251
9520,0.001553,172.31.36.0-255,66,158015,19,220251
9521,0.002058,74.125.130.0-255,1484,159499,19,220251
9522,0.002062,74.125.130.0-255,1484,160983,19,220251
9523,0.002065,172.31.36.0-255,66,161049,19,220251
9524,0.00209,74.125.130.0-255,1484,162533,19,220251
9525,0.002096,74.125.130.0-255,5738,168271,19,220251
9526,0.002099,172.31.36.0-255,66,168337,19,220251
9527,0.002112,172.31.36.0-255,66,168403,19,220251
9528,0.002116,74.125.130.0-255,2902,171305,19,220251
9529,0.002118,172.31.36.0-255,66,171371,19,220251
9530,0.002141,74.125.130.0-255,4320,175691,19,220251
9531,0.002144,172.31.36.0-255,66,175757,19,220251
9532,0.002164,74.125.130.0-255,3602,179359,19,220251
9533,0.002166,172.31.36.0-255,66,179425,19,220251
9534,0.004396,74.125.130.0-255,1484,180909,19,220251
9535,0.004423,74.125.130.0-255,4320,185229,19,220251
9536,0.004428,172.31.36.0-255,66,185295,19,220251
9537,0.006659,74.125.130.0-255,2902,188197,19,220251
9538,0.006662,172.31.36.0-255,66,188263,19,220251
9539,0.006681,74.125.130.0-255,2902,191165,19,220251
9540,0.006683,172.31.36.0-255,66,191231,19,220251
9541,0.008908,74.125.130.0-255,5738,196969,19,220251
9542,0.008914,172.31.36.0-255,66,197035,19,220251
9543,0.011156,74.125.130.0-255,5738,202773,19,220251
9544,0.011165,172.31.36.0-255,66,202839,19,220251
9545,0.013419,74.125.130.0-255,5738,208577,19,220251
9546,0.013427,172.31.36.0-255,66,208643,19,220251
9547,0.015667,74.125.130.0-255,5738,214381,19,220251
9548,0.015676,172.31.36.0-255,66,214447,19,220251
9549,0.017919,74.125.130.0-255,5738,220185,19,220251
9550,0.017926,172.31.36.0-255,66,220251,19,220251
9551,0.0,74.125.68.0-255,153,153,19,282806
9552,1.5e-05,172.31.36.0-255,66,219,19,282806
9553,2.2e-05,74.125.68.0-255,1484,1703,19,282806
9554,2.6e-05,172.31.36.0-255,66,1769,19,282806
9555,4e-05,74.125.68.0-255,2902,4671,19,282806
9556,4.4e-05,172.31.36.0-255,66,4737,19,282806
9557,5.2e-05,74.125.68.0-255,7156,11893,19,282806
9558,5.5e-05,172.31.36.0-255,66,11959,19,282806
9559,5.9e-05,74.125.68.0-255,1999,13958,19,282806
9560,6.2e-05,172.31.36.0-255,66,14024,19,282806
9561,6.8e-05,74.125.68.0-255,2902,16926,19,282806
9562,7.1e-05,172.31.36.0-255,66,16992,19,282806
9563,7.7e-05,74.125.68.0-255,4320,21312,19,282806
9564,7.9e-05,172.31.36.0-255,66,21378,19,282806
9565,0.000115,74.125.68.0-255,2902,24280,19,282806
9566,0.000118,172.31.36.0-255,66,24346,19,282806
9567,0.000122,74.125.68.0-255,1484,25830,19,282806
9568,0.000124,172.31.36.0-255,66,25896,19,282806
9569,0.000128,74.125.68.0-255,2902,28798,19,282806
9570,0.000131,172.31.36.0-255,66,28864,19,282806
9571,0.000162,74.125.68.0-255,2543,31407,19,282806
9572,0.000165,172.31.36.0-255,66,31473,19,282806
9573,0.00023,74.125.68.0-255,1484,32957,19,282806
9574,0.000233,172.31.36.0-255,66,33023,19,282806
9575,0.000239,74.125.68.0-255,2902,35925,19,282806
9576,0.000242,172.31.36.0-255,66,35991,19,282806
9577,0.000278,74.125.68.0-255,4320,40311,19,282806
9578,0.000281,172.31.36.0-255,66,40377,19,282806
9579,0.000288,74.125.68.0-255,5738,46115,19,282806
9580,0.00029,172.31.36.0-255,66,46181,19,282806
9581,0.000296,74.125.68.0-255,4320,50501,19,282806
9582,0.000298,172.31.36.0-255,66,50567,19,282806
9583,0.000322,74.125.68.0-255,1484,52051,19,282806
9584,0.000332,74.125.68.0-255,7156,59207,19,282806
9585,0.000335,172.31.36.0-255,66,59273,19,282806
9586,0.000387,74.125.68.0-255,4320,63593,19,282806
9587,0.00039,172.31.36.0-255,66,63659,19,282806
9588,0.000417,74.125.68.0-255,2487,66146,19,282806
9589,0.000419,172.31.36.0-255,66,66212,19,282806
9590,0.000444,74.125.68.0-255,3211,69423,19,282806
9591,0.000446,172.31.36.0-255,66,69489,19,282806
9592,0.000472,74.125.68.0-255,4320,73809,19,282806
9593,0.000475,172.31.36.0-255,66,73875,19,282806
9594,0.000502,74.125.68.0-255,1484,75359,19,282806
9595,0.000506,74.125.68.0-255,1484,76843,19,282806
9596,0.000509,172.31.36.0-255,66,76909,19,282806
9597,0.000533,74.125.68.0-255,1484,78393,19,282806
9598,0.00056,74.125.68.0-255,4829,83222,19,282806
9599,0.000563,172.31.36.0-255,66,83288,19,282806
9600,0.000934,74.125.68.0-255,1484,84772,19,282806
9601,0.000941,74.125.68.0-255,2902,87674,19,282806
9602,0.000946,172.31.36.0-255,66,87740,19,282806
9603,0.000976,74.125.68.0-255,5738,93478,19,282806
9604,0.000979,172.31.36.0-255,66,93544,19,282806
9605,0.000987,74.125.68.0-255,7156,100700,19,282806
9606,0.000989,172.31.36.0-255,66,100766,19,282806
9607,0.001018,74.125.68.0-255,2902,103668,19,282806
9608,0.001024,172.31.36.0-255,66,103734,19,282806
9609,0.001035,74.125.68.0-255,5738,109472,19,282806
9610,0.001042,172.31.36.0-255,66,109538,19,282806
9611,0.001061,74.125.68.0-255,4320,113858,19,282806
9612,0.001064,172.31.36.0-255,66,113924,19,282806
9613,0.001091,74.125.68.0-255,3602,117526,19,282806
9614,0.001094,172.31.36.0-255,66,117592,19,282806
9615,0.001321,74.125.68.0-255,1484,119076,19,282806
9616,0.001326,74.125.68.0-255,1484,120560,19,282806
9617,0.00133,172.31.36.0-255,66,120626,19,282806
9618,0.001355,74.125.68.0-255,1484,122110,19,282806
9619,0.001362,74.125.68.0-255,5738,127848,19,282806
9620,0.001365,172.31.36.0-255,66,127914,19,282806
9621,0.00137,74.125.68.0-255,2902,130816,19,282806
9622,0.001372,172.31.36.0-255,66,130882,19,282806
9623,0.001377,74.125.68.0-255,4320,135202,19,282806
9624,0.001379,172.31.36.0-255,66,135268,19,282806
9625,0.001416,74.125.68.0-255,8574,143842,19,282806
9626,0.00142,172.31.36.0-255,66,143908,19,282806
9627,0.001423,74.125.68.0-255,1484,145392,19,282806
9628,0.001445,74.125.68.0-255,1484,146876,19,282806
9629,0.001447,172.31.36.0-255,66,146942,19,282806
9630,0.001468,74.125.68.0-255,1484,148426,19,282806
9631,0.001473,74.125.68.0-255,3602,152028,19,282806
9632,0.001475,172.31.36.0-255,66,152094,19,282806
9633,0.001639,74.125.68.0-255,1484,153578,19,282806
9634,0.001646,74.125.68.0-255,2902,156480,19,282806
9635,0.001649,172.31.36.0-255,66,156546,19,282806
9636,0.001679,74.125.68.0-255,4320,160866,19,282806
9637,0.001682,172.31.36.0-255,66,160932,19,282806
9638,0.001685,74.125.68.0-255,1484,162416,19,282806
9639,0.001715,74.125.68.0-255,4320,166736,19,282806
9640,0.001718,172.31.36.0-255,66,166802,19,282806
9641,0.001732,172.31.36.0-255,66,166868,19,282806
9642,0.001741,74.125.68.0-255,4320,171188,19,282806
9643,0.001744,172.31.36.0-255,66,171254,19,282806
9644,0.001784,74.125.68.0-255,3602,174856,19,282806
9645,0.001787,172.31.36.0-255,66,174922,19,282806
9646,0.001855,74.125.68.0-255,4320,179242,19,282806
9647,0.00186,172.31.36.0-255,66,179308,19,282806
9648,0.001866,74.125.68.0-255,5738,185046,19,282806
9649,0.001869,172.31.36.0-255,66,185112,19,282806
9650,0.001921,172.31.36.0-255,66,185178,19,282806
9651,0.001935,172.31.36.0-255,66,185244,19,282806
9652,0.001946,74.125.68.0-255,1484,186728,19,282806
9653,0.001951,74.125.68.0-255,2902,189630,19,282806
9654,0.001953,172.31.36.0-255,66,189696,19,282806
9655,0.001981,74.125.68.0-255,1484,191180,19,282806
9656,0.001994,74.125.68.0-255,2902,194082,19,282806
9657,0.001997,172.31.36.0-255,66,194148,19,282806
9658,0.002004,74.125.68.0-255,5738,199886,19,282806
9659,0.002006,172.31.36.0-255,66,199952,19,282806
9660,0.002034,74.125.68.0-255,5738,205690,19,282806
9661,0.002037,172.31.36.0-255,66,205756,19,282806
9662,0.002066,74.125.68.0-255,1484,207240,19,282806
9663,0.002075,74.125.68.0-255,8574,215814,19,282806
9664,0.002079,172.31.36.0-255,66,215880,19,282806
9665,0.002095,74.125.68.0-255,5020,220900,19,282806
9666,0.002097,172.31.36.0-255,66,220966,19,282806
9667,0.002166,74.125.68.0-255,5738,226704,19,282806
9668,0.00217,172.31.36.0-255,66,226770,19,282806
9669,0.002177,74.125.68.0-255,7156,233926,19,282806
9670,0.002179,172.31.36.0-255,66,233992,19,282806
9671,0.002192,172.31.36.0-255,66,234058,19,282806
9672,0.00223,74.125.68.0-255,4320,238378,19,282806
9673,0.002234,172.31.36.0-255,66,238444,19,282806
9674,0.00226,74.125.68.0-255,3602,242046,19,282806
9675,0.002265,172.31.36.0-255,66,242112,19,282806
9676,0.004728,74.125.68.0-255,1484,243596,19,282806
9677,0.00476,74.125.68.0-255,4320,247916,19,282806
9678,0.004766,172.31.36.0-255,66,247982,19,282806
9679,0.007264,74.125.68.0-255,5738,253720,19,282806
9680,0.007268,172.31.36.0-255,66,253786,19,282806
9681,0.009766,74.125.68.0-255,5738,259524,19,282806
9682,0.009773,172.31.36.0-255,66,259590,19,282806
9683,0.012282,74.125.68.0-255,5738,265328,19,282806
9684,0.01229,172.31.36.0-255,66,265394,19,282806
9685,0.014788,74.125.68.0-255,5738,271132,19,282806
9686,0.014797,172.31.36.0-255,66,271198,19,282806
9687,0.01731,74.125.68.0-255,5738,276936,19,282806
9688,0.017321,172.31.36.0-255,66,277002,19,282806
9689,0.01983,74.125.68.0-255,5738,282740,19,282806
9690,0.019839,172.31.36.0-255,66,282806,19,282806
9691,0.0,172.217.27.0-255,150,150,19,396544
9692,1.9e-05,172.31.36.0-255,66,216,19,396544
9693,2.5e-05,172.217.27.0-255,1484,1700,19,396544
9694,3e-05,172.31.36.0-255,66,1766,19,396544
9695,3.6e-05,172.217.27.0-255,2902,4668,19,396544
9696,4e-05,172.31.36.0-255,66,4734,19,396544
9697,4.5e-05,172.217.27.0-255,2902,7636,19,396544
9698,4.9e-05,172.31.36.0-255,66,7702,19,396544
9699,5.5e-05,172.217.27.0-255,4320,12022,19,396544
9700,5.8e-05,172.31.36.0-255,66,12088,19,396544
9701,0.0001,172.217.27.0-255,1993,14081,19,396544
9702,0.000103,172.31.36.0-255,66,14147,19,396544
9703,0.000153,172.217.27.0-255,1484,15631,19,396544
9704,0.000156,172.31.36.0-255,66,15697,19,396544
9705,0.000161,172.217.27.0-255,2902,18599,19,396544
9706,0.000163,172.31.36.0-255,66,18665,19,396544
9707,0.000184,172.217.27.0-255,4320,22985,19,396544
9708,0.000187,172.31.36.0-255,66,23051,19,396544
9709,0.000209,172.217.27.0-255,1484,24535,19,396544
9710,0.000211,172.31.36.0-255,66,24601,19,396544
9711,0.000217,172.217.27.0-255,4320,28921,19,396544
9712,0.000219,172.31.36.0-255,66,28987,19,396544
9713,0.000224,172.217.27.0-255,2902,31889,19,396544
9714,0.000226,172.31.36.0-255,66,31955,19,396544
9715,0.000247,172.217.27.0-255,2543,34498,19,396544
9716,0.00025,172.31.36.0-255,66,34564,19,396544
9717,0.00026,172.217.27.0-255,8574,43138,19,396544
9718,0.000262,172.31.36.0-255,66,43204,19,396544
9719,0.000296,172.217.27.0-255,5379,48583,19,396544
9720,0.000299,172.31.36.0-255,66,48649,19,396544
9721,0.000323,172.217.27.0-255,1484,50133,19,396544
9722,0.000325,172.31.36.0-255,66,50199,19,396544
9723,0.00033,172.217.27.0-255,2902,53101,19,396544
9724,0.000337,172.217.27.0-255,5738,58839,19,396544
9725,0.000343,172.217.27.0-255,4320,63159,19,396544
9726,0.000397,172.217.27.0-255,2872,66031,19,396544
9727,0.000494,172.31.36.0-255,66,66097,19,396544
9728,0.000712,172.217.27.0-255,116,66213,19,396544
9729,0.000848,172.217.27.0-255,1484,67697,19,396544
9730,0.000853,172.31.36.0-255,66,67763,19,396544
9731,0.000859,172.217.27.0-255,2902,70665,19,396544
9732,0.000876,172.217.27.0-255,4320,74985,19,396544
9733,0.000889,172.217.27.0-255,1484,76469,19,396544
9734,0.000892,172.217.27.0-255,1484,77953,19,396544
9735,0.000897,172.31.36.0-255,66,78019,19,396544
9736,0.00092,172.217.27.0-255,5379,83398,19,396544
9737,0.000925,172.217.27.0-255,2902,86300,19,396544
9738,0.000937,172.217.27.0-255,4320,90620,19,396544
9739,0.000943,172.31.36.0-255,66,90686,19,396544
9740,0.000971,172.217.27.0-255,9633,100319,19,396544
9741,0.000973,172.217.27.0-255,329,100648,19,396544
9742,0.000998,172.31.36.0-255,66,100714,19,396544
9743,0.001218,172.217.27.0-255,1484,102198,19,396544
9744,0.001236,172.217.27.0-255,2902,105100,19,396544
9745,0.001239,172.31.36.0-255,66,105166,19,396544
9746,0.001243,172.217.27.0-255,1484,106650,19,396544
9747,0.001264,172.217.27.0-255,4320,110970,19,396544
9748,0.001269,172.217.27.0-255,4320,115290,19,396544
9749,0.001278,172.31.36.0-255,66,115356,19,396544
9750,0.001287,172.217.27.0-255,2902,118258,19,396544
9751,0.001297,172.31.36.0-255,66,118324,19,396544
9752,0.001304,172.217.27.0-255,1484,119808,19,396544
9753,0.001322,172.217.27.0-255,8574,128382,19,396544
9754,0.001332,172.217.27.0-255,1484,129866,19,396544
9755,0.001346,172.217.27.0-255,4320,134186,19,396544
9756,0.001351,172.31.36.0-255,66,134252,19,396544
9757,0.00136,172.217.27.0-255,766,135018,19,396544
9758,0.001434,172.217.27.0-255,1484,136502,19,396544
9759,0.001445,172.31.36.0-255,66,136568,19,396544
9760,0.001454,172.217.27.0-255,2902,139470,19,396544
9761,0.001467,172.217.27.0-255,4320,143790,19,396544
9762,0.001469,172.31.36.0-255,66,143856,19,396544
9763,0.001491,172.217.27.0-255,4320,148176,19,396544
9764,0.001497,172.31.36.0-255,66,148242,19,396544
9765,0.00152,172.217.27.0-255,4320,152562,19,396544
9766,0.001526,172.217.27.0-255,5738,158300,19,396544
9767,0.001534,172.217.27.0-255,7156,165456,19,396544
9768,0.001552,172.31.36.0-255,66,165522,19,396544
9769,0.001558,172.217.27.0-255,3602,169124,19,396544
9770,0.001563,172.31.36.0-255,66,169190,19,396544
9771,0.001573,172.217.27.0-255,4320,173510,19,396544
9772,0.001594,172.31.36.0-255,66,173576,19,396544
9773,0.001603,172.217.27.0-255,2902,176478,19,396544
9774,0.001608,172.31.36.0-255,66,176544,19,396544
9775,0.001636,172.217.27.0-255,7156,183700,19,396544
9776,0.001644,172.217.27.0-255,7156,190856,19,396544
9777,0.001691,172.217.27.0-255,4320,195176,19,396544
9778,0.00171,172.217.27.0-255,7856,203032,19,396544
9779,0.001715,172.217.27.0-255,4320,207352,19,396544
9780,0.001718,172.31.36.0-255,66,207418,19,396544
9781,0.001735,172.31.36.0-255,66,207484,19,396544
9782,0.001756,172.217.27.0-255,5738,213222,19,396544
9783,0.001763,172.217.27.0-255,5738,218960,19,396544
9784,0.001773,172.31.36.0-255,66,219026,19,396544
9785,0.001779,172.217.27.0-255,5738,224764,19,396544
9786,0.001783,172.217.27.0-255,2902,227666,19,396544
9787,0.001791,172.217.27.0-255,9274,236940,19,396544
9788,0.001804,172.31.36.0-255,66,237006,19,396544
9789,0.002215,172.217.27.0-255,1484,238490,19,396544
9790,0.002221,172.217.27.0-255,2902,241392,19,396544
9791,0.002225,172.31.36.0-255,66,241458,19,396544
9792,0.00224,172.217.27.0-255,5738,247196,19,396544
9793,0.002252,172.217.27.0-255,2902,250098,19,396544
9794,0.002274,172.217.27.0-255,9992,260090,19,396544
9795,0.002282,172.217.27.0-255,7156,267246,19,396544
9796,0.002297,172.217.27.0-255,2902,270148,19,396544
9797,0.002311,172.217.27.0-255,4320,274468,19,396544
9798,0.002342,172.217.27.0-255,6438,280906,19,396544
9799,0.002352,172.217.27.0-255,9992,290898,19,396544
9800,0.002367,172.217.27.0-255,2184,293082,19,396544
9801,0.00264,172.217.27.0-255,1484,294566,19,396544
9802,0.002667,172.217.27.0-255,2902,297468,19,396544
9803,0.002673,172.217.27.0-255,5738,303206,19,396544
9804,0.002678,172.217.27.0-255,4320,307526,19,396544
9805,0.002683,172.217.27.0-255,2902,310428,19,396544
9806,0.002698,172.217.27.0-255,2902,313330,19,396544
9807,0.002714,172.217.27.0-255,4320,317650,19,396544
9808,0.002739,172.217.27.0-255,7156,324806,19,396544
9809,0.002743,172.217.27.0-255,2184,326990,19,396544
9810,0.00277,172.217.27.0-255,2902,329892,19,396544
9811,0.002773,172.217.27.0-255,1484,331376,19,396544
9812,0.002787,172.217.27.0-255,2902,334278,19,396544
9813,0.00281,172.217.27.0-255,8574,342852,19,396544
9814,0.002824,172.217.27.0-255,1484,344336,19,396544
9815,0.002839,172.217.27.0-255,7156,351492,19,396544
9816,0.002862,172.217.27.0-255,9274,360766,19,396544
9817,0.002876,172.217.27.0-255,1484,362250,19,396544
9818,0.0029,172.217.27.0-255,2902,365152,19,396544
9819,0.002942,172.217.27.0-255,2902,368054,19,396544
9820,0.002956,172.217.27.0-255,1484,369538,19,396544
9821,0.002965,172.217.27.0-255,8574,378112,19,396544
9822,0.002972,172.217.27.0-255,7156,385268,19,396544
9823,0.002976,172.217.27.0-255,2902,388170,19,396544
9824,0.002994,172.217.27.0-255,6438,394608,19,396544
9825,0.003021,172.217.27.0-255,1411,396019,19,396544
9826,0.003078,172.217.27.0-255,105,396124,19,396544
9827,0.008444,172.31.36.0-255,66,396190,19,396544
9828,0.009047,172.217.27.0-255,105,396295,19,396544
9829,0.009057,172.31.36.0-255,78,396373,19,396544
9830,0.01058,172.31.36.0-255,105,396478,19,396544
9831,0.01221,172.217.27.0-255,66,396544,19,396544
9832,0.0,74.125.24.0-255,153,153,19,158039
9833,3.4e-05,172.31.36.0-255,66,219,19,158039
9834,4.1e-05,74.125.24.0-255,1484,1703,19,158039
9835,4.5e-05,172.31.36.0-255,66,1769,19,158039
9836,5e-05,74.125.24.0-255,2902,4671,19,158039
9837,5.3e-05,172.31.36.0-255,66,4737,19,158039
9838,6e-05,74.125.24.0-255,7156,11893,19,158039
9839,6.2e-05,172.31.36.0-255,66,11959,19,158039
9840,6.6e-05,74.125.24.0-255,1950,13909,19,158039
9841,6.8e-05,172.31.36.0-255,66,13975,19,158039
9842,0.000121,74.125.24.0-255,1484,15459,19,158039
9843,0.000124,172.31.36.0-255,66,15525,19,158039
9844,0.00015,74.125.24.0-255,8574,24099,19,158039
9845,0.000154,172.31.36.0-255,66,24165,19,158039
9846,0.000162,74.125.24.0-255,6797,30962,19,158039
9847,0.000164,172.31.36.0-255,66,31028,19,158039
9848,0.000265,74.125.24.0-255,1484,32512,19,158039
9849,0.000268,172.31.36.0-255,66,32578,19,158039
9850,0.000272,74.125.24.0-255,1484,34062,19,158039
9851,0.000274,172.31.36.0-255,66,34128,19,158039
9852,0.000289,74.125.24.0-255,1484,35612,19,158039
9853,0.000292,172.31.36.0-255,66,35678,19,158039
9854,0.000298,74.125.24.0-255,5738,41416,19,158039
9855,0.000301,172.31.36.0-255,66,41482,19,158039
9856,0.000324,74.125.24.0-255,2902,44384,19,158039
9857,0.000327,172.31.36.0-255,66,44450,19,158039
9858,0.00035,74.125.24.0-255,3961,48411,19,158039
9859,0.000353,172.31.36.0-255,66,48477,19,158039
9860,0.000361,74.125.24.0-255,7156,55633,19,158039
9861,0.000363,172.31.36.0-255,66,55699,19,158039
9862,0.000406,74.125.24.0-255,9633,65332,19,158039
9863,0.00041,172.31.36.0-255,66,65398,19,158039
9864,0.000897,74.125.24.0-255,412,65810,19,158039
9865,0.001088,74.125.24.0-255,1484,67294,19,158039
9866,0.001094,172.31.36.0-255,66,67360,19,158039
9867,0.001099,74.125.24.0-255,2902,70262,19,158039
9868,0.001101,172.31.36.0-255,66,70328,19,158039
9869,0.001116,74.125.24.0-255,1484,71812,19,158039
9870,0.001127,74.125.24.0-255,2902,74714,19,158039
9871,0.001131,172.31.36.0-255,66,74780,19,158039
9872,0.001147,74.125.24.0-255,1484,76264,19,158039
9873,0.001163,74.125.24.0-255,1484,77748,19,158039
9874,0.001165,172.31.36.0-255,66,77814,19,158039
9875,0.001178,74.125.24.0-255,1484,79298,19,158039
9876,0.001191,74.125.24.0-255,1484,80782,19,158039
9877,0.001193,172.31.36.0-255,66,80848,19,158039
9878,0.001218,74.125.24.0-255,8574,89422,19,158039
9879,0.00122,172.31.36.0-255,66,89488,19,158039
9880,0.001225,74.125.24.0-255,2902,92390,19,158039
9881,0.001227,172.31.36.0-255,66,92456,19,158039
9882,0.001249,74.125.24.0-255,9274,101730,19,158039
9883,0.001252,172.31.36.0-255,66,101796,19,158039
9884,0.001266,172.31.36.0-255,66,101862,19,158039
9885,0.001286,172.31.36.0-255,66,101928,19,158039
9886,0.001308,172.31.36.0-255,66,101994,19,158039
9887,0.00132,172.31.36.0-255,66,102060,19,158039
9888,0.001339,74.125.24.0-255,2449,104509,19,158039
9889,0.001344,172.31.36.0-255,66,104575,19,158039
9890,0.001879,74.125.24.0-255,1484,106059,19,158039
9891,0.001901,74.125.24.0-255,2902,108961,19,158039
9892,0.001905,172.31.36.0-255,66,109027,19,158039
9893,0.001909,74.125.24.0-255,1484,110511,19,158039
9894,0.001927,74.125.24.0-255,4320,114831,19,158039
9895,0.00193,172.31.36.0-255,66,114897,19,158039
9896,0.001933,74.125.24.0-255,1484,116381,19,158039
9897,0.001955,74.125.24.0-255,4320,120701,19,158039
9898,0.001957,172.31.36.0-255,66,120767,19,158039
9899,0.00197,172.31.36.0-255,66,120833,19,158039
9900,0.001975,74.125.24.0-255,5020,125853,19,158039
9901,0.001977,172.31.36.0-255,66,125919,19,158039
9902,0.004562,74.125.24.0-255,4320,130239,19,158039
9903,0.004565,172.31.36.0-255,66,130305,19,158039
9904,0.004581,74.125.24.0-255,1484,131789,19,158039
9905,0.007181,74.125.24.0-255,4320,136109,19,158039
9906,0.007187,172.31.36.0-255,66,136175,19,158039
9907,0.009787,74.125.24.0-255,5738,141913,19,158039
9908,0.009794,172.31.36.0-255,66,141979,19,158039
9909,0.012427,74.125.24.0-255,4320,146299,19,158039
9910,0.012435,172.31.36.0-255,66,146365,19,158039
9911,0.012458,74.125.24.0-255,1484,147849,19,158039
9912,0.015066,74.125.24.0-255,4320,152169,19,158039
9913,0.015077,172.31.36.0-255,66,152235,19,158039
9914,0.017685,74.125.24.0-255,5738,157973,19,158039
9915,0.017692,172.31.36.0-255,66,158039,19,158039
9916,0.0,172.31.36.0-255,66,66,19,66
9917,0.0,172.217.194.0-255,153,153,19,181881
9918,3.3e-05,172.31.36.0-255,66,219,19,181881
9919,4e-05,172.217.194.0-255,1484,1703,19,181881
9920,4.4e-05,172.31.36.0-255,66,1769,19,181881
9921,4.9e-05,172.217.194.0-255,2902,4671,19,181881
9922,5.2e-05,172.31.36.0-255,66,4737,19,181881
9923,5.5e-05,172.217.194.0-255,1484,6221,19,181881
9924,5.7e-05,172.31.36.0-255,66,6287,19,181881
9925,8.6e-05,172.217.194.0-255,2902,9189,19,181881
9926,9.1e-05,172.217.194.0-255,4893,14082,19,181881
9927,9.1e-05,172.31.36.0-255,66,14148,19,181881
9928,9.5e-05,172.31.36.0-255,66,14214,19,181881
9929,0.000132,172.217.194.0-255,5738,19952,19,181881
9930,0.000135,172.31.36.0-255,66,20018,19,181881
9931,0.00015,172.217.194.0-255,5738,25756,19,181881
9932,0.000152,172.31.36.0-255,66,25822,19,181881
9933,0.000156,172.217.194.0-255,1484,27306,19,181881
9934,0.000158,172.31.36.0-255,66,27372,19,181881
9935,0.000195,172.217.194.0-255,2902,30274,19,181881
9936,0.000197,172.31.36.0-255,66,30340,19,181881
9937,0.000224,172.217.194.0-255,9992,40332,19,181881
9938,0.000227,172.31.36.0-255,66,40398,19,181881
9939,0.000244,172.217.194.0-255,4320,44718,19,181881
9940,0.000247,172.31.36.0-255,66,44784,19,181881
9941,0.000271,172.217.194.0-255,3602,48386,19,181881
9942,0.000273,172.31.36.0-255,66,48452,19,181881
9943,0.000338,172.217.194.0-255,1484,49936,19,181881
9944,0.000342,172.31.36.0-255,66,50002,19,181881
9945,0.000347,172.217.194.0-255,2902,52904,19,181881
9946,0.000349,172.31.36.0-255,66,52970,19,181881
9947,0.000373,172.217.194.0-255,1484,54454,19,181881
9948,0.000375,172.31.36.0-255,66,54520,19,181881
9949,0.000401,172.217.194.0-255,4320,58840,19,181881
9950,0.000404,172.31.36.0-255,66,58906,19,181881
9951,0.00041,172.217.194.0-255,7103,66009,19,181881
9952,0.000413,172.31.36.0-255,66,66075,19,181881
9953,0.000977,172.217.194.0-255,1484,67559,19,181881
9954,0.000984,172.217.194.0-255,2902,70461,19,181881
9955,0.000988,172.31.36.0-255,66,70527,19,181881
9956,0.001035,172.217.194.0-255,1484,72011,19,181881
9957,0.001052,172.217.194.0-255,2902,74913,19,181881
9958,0.001056,172.31.36.0-255,66,74979,19,181881
9959,0.001082,172.217.194.0-255,5738,80717,19,181881
9960,0.001084,172.31.36.0-255,66,80783,19,181881
9961,0.001109,172.217.194.0-255,7156,87939,19,181881
9962,0.001111,172.31.36.0-255,66,88005,19,181881
9963,0.001137,172.217.194.0-255,1484,89489,19,181881
9964,0.001146,172.217.194.0-255,9992,99481,19,181881
9965,0.001149,172.31.36.0-255,66,99547,19,181881
9966,0.001152,172.217.194.0-255,766,100313,19,181881
9967,0.001303,172.31.36.0-255,66,100379,19,181881
9968,0.002121,172.217.194.0-255,1484,101863,19,181881
9969,0.002134,172.217.194.0-255,2902,104765,19,181881
9970,0.00214,172.31.36.0-255,66,104831,19,181881
9971,0.002147,172.217.194.0-255,5738,110569,19,181881
9972,0.002149,172.31.36.0-255,66,110635,19,181881
9973,0.002152,172.217.194.0-255,1484,112119,19,181881
9974,0.002175,172.31.36.0-255,66,112185,19,181881
9975,0.00218,172.217.194.0-255,2902,115087,19,181881
9976,0.002181,172.31.36.0-255,66,115153,19,181881
9977,0.002201,172.217.194.0-255,7856,123009,19,181881
9978,0.002203,172.31.36.0-255,66,123075,19,181881
9979,0.002237,172.217.194.0-255,2902,125977,19,181881
9980,0.002239,172.31.36.0-255,66,126043,19,181881
9981,0.002262,172.31.36.0-255,66,126109,19,181881
9982,0.002277,172.217.194.0-255,7156,133265,19,181881
9983,0.002279,172.31.36.0-255,66,133331,19,181881
9984,0.002286,172.217.194.0-255,7856,141187,19,181881
9985,0.002287,172.31.36.0-255,66,141253,19,181881
9986,0.00465,172.217.194.0-255,5738,146991,19,181881
9987,0.004656,172.31.36.0-255,66,147057,19,181881
9988,0.006992,172.217.194.0-255,5738,152795,19,181881
9989,0.006998,172.31.36.0-255,66,152861,19,181881
9990,0.009369,172.217.194.0-255,5738,158599,19,181881
9991,0.009383,172.31.36.0-255,66,158665,19,181881
9992,0.011736,172.217.194.0-255,5738,164403,19,181881
9993,0.011747,172.31.36.0-255,66,164469,19,181881
9994,0.014127,172.217.194.0-255,5738,170207,19,181881
9995,0.014144,172.31.36.0-255,66,170273,19,181881
9996,0.016534,172.217.194.0-255,5738,176011,19,181881
9997,0.016552,172.31.36.0-255,66,176077,19,181881
9998,0.018914,172.217.194.0-255,5738,181815,19,181881
9999,0.018929,172.31.36.0-255,66,181881,19,181881
10000,0.0,172.217.194.0-255,290,290,19,311648
10001,2.2e-05,172.31.36.0-255,66,356,19,311648
10002,3e-05,172.217.194.0-255,1484,1840,19,311648
10003,3.5e-05,172.31.36.0-255,66,1906,19,311648
10004,4.9e-05,172.217.194.0-255,4320,6226,19,311648
10005,5.2e-05,172.31.36.0-255,66,6292,19,311648
10006,5.9e-05,172.217.194.0-255,5738,12030,19,311648
10007,6.2e-05,172.31.36.0-255,66,12096,19,311648
10008,6.5e-05,172.217.194.0-255,1484,13580,19,311648
10009,6.8e-05,172.31.36.0-255,66,13646,19,311648
10010,0.000116,172.31.36.0-255,66,13712,19,311648
10011,0.000121,172.217.194.0-255,3961,17673,19,311648
10012,0.000123,172.31.36.0-255,66,17739,19,311648
10013,0.000146,172.217.194.0-255,1484,19223,19,311648
10014,0.000149,172.31.36.0-255,66,19289,19,311648
10015,0.000153,172.217.194.0-255,2902,22191,19,311648
10016,0.000156,172.31.36.0-255,66,22257,19,311648
10017,0.000163,172.217.194.0-255,5738,27995,19,311648
10018,0.000166,172.31.36.0-255,66,28061,19,311648
10019,0.000197,172.217.194.0-255,9992,38053,19,311648
10020,0.0002,172.31.36.0-255,66,38119,19,311648
10021,0.000229,172.217.194.0-255,3961,42080,19,311648
10022,0.000232,172.31.36.0-255,66,42146,19,311648
10023,0.00024,172.217.194.0-255,5738,47884,19,311648
10024,0.000242,172.31.36.0-255,66,47950,19,311648
10025,0.000269,172.217.194.0-255,4217,52167,19,311648
10026,0.000271,172.31.36.0-255,66,52233,19,311648
10027,0.000275,172.217.194.0-255,118,52351,19,311648
10028,0.000277,172.31.36.0-255,66,52417,19,311648
10029,0.00028,172.217.194.0-255,380,52797,19,311648
10030,0.000283,172.31.36.0-255,66,52863,19,311648
10031,0.000449,172.217.194.0-255,1484,54347,19,311648
10032,0.000457,172.217.194.0-255,2902,57249,19,311648
10033,0.000461,172.31.36.0-255,66,57315,19,311648
10034,0.000468,172.217.194.0-255,5738,63053,19,311648
10035,0.00047,172.31.36.0-255,66,63119,19,311648
10036,0.000514,172.31.36.0-255,66,63185,19,311648
10037,0.000519,172.217.194.0-255,2902,66087,19,311648
10038,0.000521,172.31.36.0-255,66,66153,19,311648
10039,0.000559,172.217.194.0-255,7856,74009,19,311648
10040,0.000563,172.31.36.0-255,66,74075,19,311648
10041,0.000623,172.217.194.0-255,1484,75559,19,311648
10042,0.00064,172.217.194.0-255,2902,78461,19,311648
10043,0.000643,172.31.36.0-255,66,78527,19,311648
10044,0.000647,172.217.194.0-255,1484,80011,19,311648
10045,0.000679,172.217.194.0-255,4320,84331,19,311648
10046,0.000682,172.31.36.0-255,66,84397,19,311648
10047,0.000691,172.217.194.0-255,7156,91553,19,311648
10048,0.000693,172.31.36.0-255,66,91619,19,311648
10049,0.000723,172.217.194.0-255,5738,97357,19,311648
10050,0.000733,172.217.194.0-255,10692,108049,19,311648
10051,0.000738,172.31.36.0-255,66,108115,19,311648
10052,0.000741,172.31.36.0-255,66,108181,19,311648
10053,0.000768,172.31.36.0-255,66,108247,19,311648
10054,0.000777,172.217.194.0-255,8574,116821,19,311648
10055,0.000812,172.217.194.0-255,2902,119723,19,311648
10056,0.000819,172.31.36.0-255,66,119789,19,311648
10057,0.000838,172.217.194.0-255,8574,128363,19,311648
10058,0.000855,172.217.194.0-255,2184,130547,19,311648
10059,0.000907,172.31.36.0-255,66,130613,19,311648
10060,0.000959,172.217.194.0-255,1484,132097,19,311648
10061,0.000975,172.217.194.0-255,2902,134999,19,311648
10062,0.000981,172.217.194.0-255,5738,140737,19,311648
10063,0.000988,172.31.36.0-255,66,140803,19,311648
10064,0.000995,172.217.194.0-255,1484,142287,19,311648
10065,0.001032,172.217.194.0-255,7156,149443,19,311648
10066,0.001041,172.31.36.0-255,66,149509,19,311648
10067,0.001051,172.217.194.0-255,3602,153111,19,311648
10068,0.001071,172.31.36.0-255,66,153177,19,311648
10069,0.001244,172.217.194.0-255,1484,154661,19,311648
10070,0.001258,172.217.194.0-255,2902,157563,19,311648
10071,0.001261,172.217.194.0-255,1484,159047,19,311648
10072,0.001279,172.217.194.0-255,4320,163367,19,311648
10073,0.001288,172.31.36.0-255,66,163433,19,311648
10074,0.001299,172.217.194.0-255,5738,169171,19,311648
10075,0.001304,172.31.36.0-255,66,169237,19,311648
10076,0.001335,172.217.194.0-255,7156,176393,19,311648
10077,0.001347,172.217.194.0-255,10692,187085,19,311648
10078,0.001354,172.31.36.0-255,66,187151,19,311648
10079,0.001438,172.217.194.0-255,1484,188635,19,311648
10080,0.001444,172.217.194.0-255,2902,191537,19,311648
10081,0.001448,172.31.36.0-255,66,191603,19,311648
10082,0.001477,172.217.194.0-255,5738,197341,19,311648
10083,0.001484,172.217.194.0-255,5738,203079,19,311648
10084,0.001508,172.217.194.0-255,7156,210235,19,311648
10085,0.001511,172.217.194.0-255,1484,211719,19,311648
10086,0.001515,172.217.194.0-255,2902,214621,19,311648
10087,0.001522,172.31.36.0-255,66,214687,19,311648
10088,0.001588,172.31.36.0-255,66,214753,19,311648
10089,0.001596,172.217.194.0-255,7156,221909,19,311648
10090,0.001624,172.217.194.0-255,7856,229765,19,311648
10091,0.001627,172.31.36.0-255,66,229831,19,311648
10092,0.001654,172.31.36.0-255,66,229897,19,311648
10093,0.00169,172.217.194.0-255,1484,231381,19,311648
10094,0.001695,172.217.194.0-255,2902,234283,19,311648
10095,0.001701,172.31.36.0-255,66,234349,19,311648
10096,0.001738,172.217.194.0-255,5738,240087,19,311648
10097,0.001749,172.217.194.0-255,9992,250079,19,311648
10098,0.001763,172.217.194.0-255,2902,252981,19,311648
10099,0.001772,172.217.194.0-255,8574,261555,19,311648
10100,0.001784,172.31.36.0-255,66,261621,19,311648
10101,0.00179,172.217.194.0-255,2184,263805,19,311648
10102,0.001797,172.31.36.0-255,66,263871,19,311648
10103,0.001858,172.217.194.0-255,1484,265355,19,311648
10104,0.001863,172.217.194.0-255,2902,268257,19,311648
10105,0.001869,172.31.36.0-255,66,268323,19,311648
10106,0.001889,172.217.194.0-255,5738,274061,19,311648
10107,0.001925,172.217.194.0-255,2902,276963,19,311648
10108,0.001948,172.31.36.0-255,66,277029,19,311648
10109,0.001957,172.217.194.0-255,8574,285603,19,311648
10110,0.001975,172.217.194.0-255,1484,287087,19,311648
10111,0.001979,172.217.194.0-255,2902,289989,19,311648
10112,0.001985,172.217.194.0-255,5738,295727,19,311648
10113,0.001987,172.217.194.0-255,1484,297211,19,311648
10114,0.001996,172.31.36.0-255,66,297277,19,311648
10115,0.002017,172.217.194.0-255,1484,298761,19,311648
10116,0.002041,172.31.36.0-255,66,298827,19,311648
10117,0.002054,172.217.194.0-255,7156,305983,19,311648
10118,0.002059,172.31.36.0-255,66,306049,19,311648
10119,0.002081,172.217.194.0-255,4603,310652,19,311648
10120,0.002084,172.217.194.0-255,105,310757,19,311648
10121,0.002103,172.31.36.0-255,66,310823,19,311648
10122,0.002106,172.217.194.0-255,129,310952,19,311648
10123,0.004731,172.31.36.0-255,105,311057,19,311648
10124,0.00477,172.31.36.0-255,105,311162,19,311648
10125,0.004984,172.31.36.0-255,90,311252,19,311648
10126,0.004995,172.31.36.0-255,66,311318,19,311648
10127,0.007248,172.217.194.0-255,66,311384,19,311648
10128,0.007257,172.217.194.0-255,66,311450,19,311648
10129,0.00751,172.217.194.0-255,66,311516,19,311648
10130,0.007534,172.217.194.0-255,66,311582,19,311648
10131,0.00754,172.31.36.0-255,66,311648,19,311648
10132,0.0,172.217.160.0-255,153,153,19,186507
10133,3.6e-05,172.31.36.0-255,66,219,19,186507
10134,4.5e-05,172.217.160.0-255,1484,1703,19,186507
10135,5e-05,172.31.36.0-255,66,1769,19,186507
10136,5.5e-05,172.217.160.0-255,2902,4671,19,186507
10137,5.8e-05,172.31.36.0-255,66,4737,19,186507
10138,6.5e-05,172.217.160.0-255,7156,11893,19,186507
10139,7e-05,172.31.36.0-255,66,11959,19,186507
10140,7.4e-05,172.217.160.0-255,2032,13991,19,186507
10141,7.6e-05,172.31.36.0-255,66,14057,19,186507
10142,0.000107,172.217.160.0-255,1484,15541,19,186507
10143,0.000113,172.31.36.0-255,66,15607,19,186507
10144,0.000122,172.217.160.0-255,2902,18509,19,186507
10145,0.000124,172.31.36.0-255,66,18575,19,186507
10146,0.000134,172.217.160.0-255,5738,24313,19,186507
10147,0.000137,172.31.36.0-255,66,24379,19,186507
10148,0.000171,172.217.160.0-255,2902,27281,19,186507
10149,0.000174,172.31.36.0-255,66,27347,19,186507
10150,0.000193,172.217.160.0-255,3961,31308,19,186507
10151,0.000196,172.31.36.0-255,66,31374,19,186507
10152,0.000227,172.217.160.0-255,1484,32858,19,186507
10153,0.000229,172.31.36.0-255,66,32924,19,186507
10154,0.000236,172.217.160.0-255,2902,35826,19,186507
10155,0.000238,172.31.36.0-255,66,35892,19,186507
10156,0.000247,172.217.160.0-255,5738,41630,19,186507
10157,0.00025,172.31.36.0-255,66,41696,19,186507
10158,0.000271,172.217.160.0-255,6797,48493,19,186507
10159,0.000274,172.31.36.0-255,66,48559,19,186507
10160,0.000312,172.217.160.0-255,7156,55715,19,186507
10161,0.000315,172.31.36.0-255,66,55781,19,186507
10162,0.000332,172.217.160.0-255,7156,62937,19,186507
10163,0.000335,172.31.36.0-255,66,63003,19,186507
10164,0.000339,172.217.160.0-255,2543,65546,19,186507
10165,0.000341,172.31.36.0-255,66,65612,19,186507
10166,0.000344,172.217.160.0-255,335,65947,19,186507
10167,0.00086,172.31.36.0-255,66,66013,19,186507
10168,0.000996,172.217.160.0-255,117,66130,19,186507
10169,0.001077,172.217.160.0-255,1484,67614,19,186507
10170,0.001081,172.31.36.0-255,66,67680,19,186507
10171,0.001087,172.217.160.0-255,2902,70582,19,186507
10172,0.001089,172.31.36.0-255,66,70648,19,186507
10173,0.001096,172.217.160.0-255,5738,76386,19,186507
10174,0.001099,172.31.36.0-255,66,76452,19,186507
10175,0.00115,172.217.160.0-255,6797,83249,19,186507
10176,0.001153,172.31.36.0-255,66,83315,19,186507
10177,0.001161,172.217.160.0-255,7156,90471,19,186507
10178,0.001164,172.31.36.0-255,66,90537,19,186507
10179,0.001171,172.217.160.0-255,7156,97693,19,186507
10180,0.001173,172.31.36.0-255,66,97759,19,186507
10181,0.001196,172.217.160.0-255,2543,100302,19,186507
10182,0.001199,172.31.36.0-255,66,100368,19,186507
10183,0.001202,172.217.160.0-255,388,100756,19,186507
10184,0.001504,172.217.160.0-255,1484,102240,19,186507
10185,0.00151,172.31.36.0-255,66,102306,19,186507
10186,0.001517,172.217.160.0-255,2902,105208,19,186507
10187,0.00152,172.31.36.0-255,66,105274,19,186507
10188,0.001523,172.217.160.0-255,1484,106758,19,186507
10189,0.001546,172.217.160.0-255,5738,112496,19,186507
10190,0.001549,172.31.36.0-255,66,112562,19,186507
10191,0.001568,172.217.160.0-255,2902,115464,19,186507
10192,0.00157,172.31.36.0-255,66,115530,19,186507
10193,0.001594,172.217.160.0-255,9992,125522,19,186507
10194,0.001596,172.31.36.0-255,66,125588,19,186507
10195,0.001598,172.217.160.0-255,1484,127072,19,186507
10196,0.001604,172.217.160.0-255,5738,132810,19,186507
10197,0.001606,172.31.36.0-255,66,132876,19,186507
10198,0.001627,172.217.160.0-255,2184,135060,19,186507
10199,0.001629,172.31.36.0-255,66,135126,19,186507
10200,0.003515,172.217.160.0-255,2902,138028,19,186507
10201,0.003519,172.31.36.0-255,66,138094,19,186507
10202,0.00355,172.217.160.0-255,2902,140996,19,186507
10203,0.003552,172.31.36.0-255,66,141062,19,186507
10204,0.005408,172.217.160.0-255,2902,143964,19,186507
10205,0.005412,172.31.36.0-255,66,144030,19,186507
10206,0.005433,172.217.160.0-255,1484,145514,19,186507
10207,0.005443,172.217.160.0-255,1484,146998,19,186507
10208,0.005444,172.31.36.0-255,66,147064,19,186507
10209,0.007319,172.217.160.0-255,4320,151384,19,186507
10210,0.007328,172.31.36.0-255,66,151450,19,186507
10211,0.007347,172.217.160.0-255,1484,152934,19,186507
10212,0.009241,172.217.160.0-255,4320,157254,19,186507
10213,0.009255,172.31.36.0-255,66,157320,19,186507
10214,0.011164,172.217.160.0-255,5738,163058,19,186507
10215,0.011177,172.31.36.0-255,66,163124,19,186507
10216,0.013189,172.217.160.0-255,5738,168862,19,186507
10217,0.0132,172.31.36.0-255,66,168928,19,186507
10218,0.015123,172.217.160.0-255,5738,174666,19,186507
10219,0.015137,172.31.36.0-255,66,174732,19,186507
10220,0.01531,172.31.36.0-255,101,174833,19,186507
10221,0.017042,172.217.160.0-255,5738,180571,19,186507
10222,0.017054,172.31.36.0-255,66,180637,19,186507
10223,0.017169,172.217.160.0-255,66,180703,19,186507
10224,0.018949,172.217.160.0-255,5738,186441,19,186507
10225,0.01896,172.31.36.0-255,66,186507,19,186507
10226,0.0,172.217.194.0-255,153,153,19,215999
10227,2.7e-05,172.31.36.0-255,66,219,19,215999
10228,3.5e-05,172.217.194.0-255,1484,1703,19,215999
10229,4e-05,172.31.36.0-255,66,1769,19,215999
10230,4.6e-05,172.217.194.0-255,2902,4671,19,215999
10231,5.7e-05,172.31.36.0-255,66,4737,19,215999
10232,6.4e-05,172.217.194.0-255,5738,10475,19,215999
10233,6.6e-05,172.31.36.0-255,66,10541,19,215999
10234,9.3e-05,172.217.194.0-255,3466,14007,19,215999
10235,9.6e-05,172.31.36.0-255,66,14073,19,215999
10236,0.000179,172.217.194.0-255,1484,15557,19,215999
10237,0.000183,172.31.36.0-255,66,15623,19,215999
10238,0.000189,172.217.194.0-255,2902,18525,19,215999
10239,0.000193,172.31.36.0-255,66,18591,19,215999
10240,0.000219,172.217.194.0-255,5738,24329,19,215999
10241,0.000222,172.31.36.0-255,66,24395,19,215999
10242,0.000254,172.217.194.0-255,6797,31192,19,215999
10243,0.000257,172.31.36.0-255,66,31258,19,215999
10244,0.000325,172.217.194.0-255,1484,32742,19,215999
10245,0.000329,172.31.36.0-255,66,32808,19,215999
10246,0.000334,172.217.194.0-255,2902,35710,19,215999
10247,0.000337,172.31.36.0-255,66,35776,19,215999
10248,0.00034,172.217.194.0-255,1484,37260,19,215999
10249,0.000342,172.31.36.0-255,66,37326,19,215999
10250,0.000387,172.217.194.0-255,4320,41646,19,215999
10251,0.000393,172.31.36.0-255,66,41712,19,215999
10252,0.000404,172.31.36.0-255,66,41778,19,215999
10253,0.000413,172.217.194.0-255,9922,51700,19,215999
10254,0.000416,172.31.36.0-255,66,51766,19,215999
10255,0.000418,172.217.194.0-255,98,51864,19,215999
10256,0.000422,172.31.36.0-255,66,51930,19,215999
10257,0.000447,172.217.194.0-255,365,52295,19,215999
10258,0.000666,172.217.194.0-255,1484,53779,19,215999
10259,0.000673,172.31.36.0-255,66,53845,19,215999
10260,0.000681,172.217.194.0-255,2902,56747,19,215999
10261,0.000684,172.31.36.0-255,66,56813,19,215999
10262,0.000694,172.217.194.0-255,2902,59715,19,215999
10263,0.000697,172.31.36.0-255,66,59781,19,215999
10264,0.00071,172.217.194.0-255,2902,62683,19,215999
10265,0.000713,172.31.36.0-255,66,62749,19,215999
10266,0.000742,172.217.194.0-255,2902,65651,19,215999
10267,0.000745,172.31.36.0-255,66,65717,19,215999
10268,0.000779,172.217.194.0-255,4320,70037,19,215999
10269,0.000783,172.31.36.0-255,66,70103,19,215999
10270,0.000798,172.31.36.0-255,66,70169,19,215999
10271,0.000802,172.217.194.0-255,2184,72353,19,215999
10272,0.000804,172.31.36.0-255,66,72419,19,215999
10273,0.001494,172.217.194.0-255,1484,73903,19,215999
10274,0.001504,172.217.194.0-255,1484,75387,19,215999
10275,0.001509,172.31.36.0-255,66,75453,19,215999
10276,0.001539,172.217.194.0-255,1484,76937,19,215999
10277,0.001546,172.217.194.0-255,5738,82675,19,215999
10278,0.001549,172.31.36.0-255,66,82741,19,215999
10279,0.001563,172.31.36.0-255,66,82807,19,215999
10280,0.00157,172.217.194.0-255,8574,91381,19,215999
10281,0.001572,172.31.36.0-255,66,91447,19,215999
10282,0.001601,172.217.194.0-255,2184,93631,19,215999
10283,0.001604,172.31.36.0-255,66,93697,19,215999
10284,0.001696,172.217.194.0-255,1484,95181,19,215999
10285,0.001726,172.217.194.0-255,2902,98083,19,215999
10286,0.001731,172.31.36.0-255,66,98149,19,215999
10287,0.001739,172.217.194.0-255,5738,103887,19,215999
10288,0.00174,172.31.36.0-255,66,103953,19,215999
10289,0.001759,172.31.36.0-255,66,104019,19,215999
10290,0.001763,172.217.194.0-255,1484,105503,19,215999
10291,0.001798,172.217.194.0-255,9274,114777,19,215999
10292,0.001802,172.31.36.0-255,66,114843,19,215999
10293,0.001894,172.217.194.0-255,1484,116327,19,215999
10294,0.001908,172.217.194.0-255,2902,119229,19,215999
10295,0.001911,172.31.36.0-255,66,119295,19,215999
10296,0.001942,172.217.194.0-255,5738,125033,19,215999
10297,0.001952,172.217.194.0-255,9992,135025,19,215999
10298,0.001967,172.217.194.0-255,2902,137927,19,215999
10299,0.001992,172.217.194.0-255,2902,140829,19,215999
10300,0.002037,172.217.194.0-255,2184,143013,19,215999
10301,0.002046,172.217.194.0-255,9992,153005,19,215999
10302,0.002067,172.217.194.0-255,8574,161579,19,215999
10303,0.002073,172.217.194.0-255,5738,167317,19,215999
10304,0.002089,172.217.194.0-255,2184,169501,19,215999
10305,0.003252,172.31.36.0-255,66,169567,19,215999
10306,0.00528,172.217.194.0-255,5738,175305,19,215999
10307,0.005285,172.31.36.0-255,66,175371,19,215999
10308,0.007289,172.217.194.0-255,5738,181109,19,215999
10309,0.007295,172.31.36.0-255,66,181175,19,215999
10310,0.009298,172.217.194.0-255,5738,186913,19,215999
10311,0.009306,172.31.36.0-255,66,186979,19,215999
10312,0.011314,172.217.194.0-255,5738,192717,19,215999
10313,0.011321,172.31.36.0-255,66,192783,19,215999
10314,0.013392,172.217.194.0-255,5738,198521,19,215999
10315,0.0134,172.31.36.0-255,66,198587,19,215999
10316,0.015444,172.217.194.0-255,5738,204325,19,215999
10317,0.015452,172.31.36.0-255,66,204391,19,215999
10318,0.01747,172.217.194.0-255,5738,210129,19,215999
10319,0.017481,172.31.36.0-255,66,210195,19,215999
10320,0.019528,172.217.194.0-255,5738,215933,19,215999
10321,0.019537,172.31.36.0-255,66,215999,19,215999
10322,0.0,172.217.194.0-255,153,153,19,214991
10323,2.4e-05,172.31.36.0-255,66,219,19,214991
10324,3e-05,172.217.194.0-255,1484,1703,19,214991
10325,3.5e-05,172.31.36.0-255,66,1769,19,214991
10326,4.8e-05,172.217.194.0-255,2902,4671,19,214991
10327,5.2e-05,172.31.36.0-255,66,4737,19,214991
10328,5.8e-05,172.217.194.0-255,4320,9057,19,214991
10329,6.2e-05,172.31.36.0-255,66,9123,19,214991
10330,8.8e-05,172.217.194.0-255,4890,14013,19,214991
10331,9.6e-05,172.31.36.0-255,66,14079,19,214991
10332,0.000363,172.217.194.0-255,1484,15563,19,214991
10333,0.000369,172.31.36.0-255,66,15629,19,214991
10334,0.000376,172.217.194.0-255,2902,18531,19,214991
10335,0.000378,172.31.36.0-255,66,18597,19,214991
10336,0.00039,172.217.194.0-255,5738,24335,19,214991
10337,0.000393,172.31.36.0-255,66,24401,19,214991
10338,0.000428,172.217.194.0-255,2902,27303,19,214991
10339,0.000431,172.31.36.0-255,66,27369,19,214991
10340,0.000458,172.217.194.0-255,3961,31330,19,214991
10341,0.000462,172.31.36.0-255,66,31396,19,214991
10342,0.000582,172.217.194.0-255,1484,32880,19,214991
10343,0.000586,172.31.36.0-255,66,32946,19,214991
10344,0.000593,172.217.194.0-255,2902,35848,19,214991
10345,0.000596,172.31.36.0-255,66,35914,19,214991
10346,0.000607,172.217.194.0-255,5738,41652,19,214991
10347,0.000609,172.31.36.0-255,66,41718,19,214991
10348,0.000651,172.31.36.0-255,66,41784,19,214991
10349,0.000661,172.217.194.0-255,9633,51417,19,214991
10350,0.000663,172.31.36.0-255,66,51483,19,214991
10351,0.00067,172.217.194.0-255,377,51860,19,214991
10352,0.000673,172.31.36.0-255,66,51926,19,214991
10353,0.000821,172.217.194.0-255,365,52291,19,214991
10354,0.001062,172.217.194.0-255,1484,53775,19,214991
10355,0.001067,172.31.36.0-255,66,53841,19,214991
10356,0.001073,172.217.194.0-255,2902,56743,19,214991
10357,0.001075,172.31.36.0-255,66,56809,19,214991
10358,0.001087,172.217.194.0-255,5738,62547,19,214991
10359,0.001089,172.31.36.0-255,66,62613,19,214991
10360,0.001134,172.217.194.0-255,9992,72605,19,214991
10361,0.001137,172.31.36.0-255,66,72671,19,214991
10362,0.001155,172.217.194.0-255,2902,75573,19,214991
10363,0.001188,172.217.194.0-255,7156,82729,19,214991
10364,0.001193,172.31.36.0-255,66,82795,19,214991
10365,0.0012,172.31.36.0-255,66,82861,19,214991
10366,0.00121,172.217.194.0-255,3602,86463,19,214991
10367,0.001214,172.31.36.0-255,66,86529,19,214991
10368,0.001286,172.217.194.0-255,1484,88013,19,214991
10369,0.00129,172.217.194.0-255,1484,89497,19,214991
10370,0.001294,172.31.36.0-255,66,89563,19,214991
10371,0.001326,172.217.194.0-255,1484,91047,19,214991
10372,0.001333,172.217.194.0-255,5738,96785,19,214991
10373,0.001336,172.31.36.0-255,66,96851,19,214991
10374,0.001355,172.31.36.0-255,66,96917,19,214991
10375,0.001361,172.217.194.0-255,5738,102655,19,214991
10376,0.001364,172.31.36.0-255,66,102721,19,214991
10377,0.00139,172.217.194.0-255,5020,107741,19,214991
10378,0.001398,172.31.36.0-255,66,107807,19,214991
10379,0.001476,172.217.194.0-255,1484,109291,19,214991
10380,0.001482,172.217.194.0-255,2902,112193,19,214991
10381,0.001485,172.31.36.0-255,66,112259,19,214991
10382,0.001492,172.217.194.0-255,4320,116579,19,214991
10383,0.001494,172.31.36.0-255,66,116645,19,214991
10384,0.001511,172.217.194.0-255,1484,118129,19,214991
10385,0.001534,172.217.194.0-255,4320,122449,19,214991
10386,0.001536,172.31.36.0-255,66,122515,19,214991
10387,0.001555,172.217.194.0-255,2902,125417,19,214991
10388,0.001558,172.31.36.0-255,66,125483,19,214991
10389,0.001568,172.217.194.0-255,9992,135475,19,214991
10390,0.00157,172.31.36.0-255,66,135541,19,214991
10391,0.001602,172.217.194.0-255,4320,139861,19,214991
10392,0.001605,172.31.36.0-255,66,139927,19,214991
10393,0.001609,172.217.194.0-255,2184,142111,19,214991
10394,0.001611,172.31.36.0-255,66,142177,19,214991
10395,0.001643,172.217.194.0-255,1484,143661,19,214991
10396,0.001647,172.217.194.0-255,2902,146563,19,214991
10397,0.001653,172.217.194.0-255,5738,152301,19,214991
10398,0.001662,172.31.36.0-255,66,152367,19,214991
10399,0.001665,172.31.36.0-255,66,152433,19,214991
10400,0.001674,172.217.194.0-255,8574,161007,19,214991
10401,0.001677,172.31.36.0-255,66,161073,19,214991
10402,0.001714,172.217.194.0-255,2902,163975,19,214991
10403,0.001717,172.31.36.0-255,66,164041,19,214991
10404,0.001736,172.31.36.0-255,66,164107,19,214991
10405,0.003719,172.217.194.0-255,5738,169845,19,214991
10406,0.003726,172.31.36.0-255,66,169911,19,214991
10407,0.005716,172.217.194.0-255,5738,175649,19,214991
10408,0.00572,172.31.36.0-255,66,175715,19,214991
10409,0.007689,172.217.194.0-255,5738,181453,19,214991
10410,0.007696,172.31.36.0-255,66,181519,19,214991
10411,0.009686,172.217.194.0-255,5738,187257,19,214991
10412,0.009693,172.31.36.0-255,66,187323,19,214991
10413,0.011686,172.217.194.0-255,5738,193061,19,214991
10414,0.011696,172.31.36.0-255,66,193127,19,214991
10415,0.013675,172.217.194.0-255,5738,198865,19,214991
10416,0.013686,172.31.36.0-255,66,198931,19,214991
10417,0.015676,172.217.194.0-255,5738,204669,19,214991
10418,0.015684,172.31.36.0-255,66,204735,19,214991
10419,0.017662,172.217.194.0-255,4320,209055,19,214991
10420,0.017672,172.31.36.0-255,66,209121,19,214991
10421,0.017706,172.217.194.0-255,1484,210605,19,214991
10422,0.019665,172.217.194.0-255,4320,214925,19,214991
10423,0.019674,172.31.36.0-255,66,214991,19,214991
10424,0.0,74.125.24.0-255,153,153,19,183949
10425,3.3e-05,172.31.36.0-255,66,219,19,183949
10426,4e-05,74.125.24.0-255,1484,1703,19,183949
10427,4.5e-05,172.31.36.0-255,66,1769,19,183949
10428,4.9e-05,74.125.24.0-255,2902,4671,19,183949
10429,5.2e-05,172.31.36.0-255,66,4737,19,183949
10430,5.9e-05,74.125.24.0-255,7156,11893,19,183949
10431,6.2e-05,172.31.36.0-255,66,11959,19,183949
10432,6.6e-05,74.125.24.0-255,1940,13899,19,183949
10433,6.9e-05,172.31.36.0-255,66,13965,19,183949
10434,0.000125,74.125.24.0-255,1484,15449,19,183949
10435,0.000128,172.31.36.0-255,66,15515,19,183949
10436,0.000133,74.125.24.0-255,2902,18417,19,183949
10437,0.000136,172.31.36.0-255,66,18483,19,183949
10438,0.000163,74.125.24.0-255,5738,24221,19,183949
10439,0.000165,172.31.36.0-255,66,24287,19,183949
10440,0.0002,74.125.24.0-255,4320,28607,19,183949
10441,0.000203,172.31.36.0-255,66,28673,19,183949
10442,0.000222,74.125.24.0-255,2543,31216,19,183949
10443,0.000224,172.31.36.0-255,66,31282,19,183949
10444,0.000612,74.125.24.0-255,1484,32766,19,183949
10445,0.000617,172.31.36.0-255,66,32832,19,183949
10446,0.000626,74.125.24.0-255,2902,35734,19,183949
10447,0.000628,172.31.36.0-255,66,35800,19,183949
10448,0.000632,74.125.24.0-255,1484,37284,19,183949
10449,0.000634,172.31.36.0-255,66,37350,19,183949
10450,0.000659,74.125.24.0-255,4320,41670,19,183949
10451,0.000661,172.31.36.0-255,66,41736,19,183949
10452,0.000669,74.125.24.0-255,8215,49951,19,183949
10453,0.000671,172.31.36.0-255,66,50017,19,183949
10454,0.000702,74.125.24.0-255,9992,60009,19,183949
10455,0.000707,172.31.36.0-255,66,60075,19,183949
10456,0.000722,74.125.24.0-255,5379,65454,19,183949
10457,0.000726,172.31.36.0-255,66,65520,19,183949
10458,0.000758,74.125.24.0-255,412,65932,19,183949
10459,0.000825,74.125.24.0-255,331,66263,19,183949
10460,0.00112,172.31.36.0-255,66,66329,19,183949
10461,0.001688,74.125.24.0-255,1484,67813,19,183949
10462,0.001695,74.125.24.0-255,2902,70715,19,183949
10463,0.001698,172.31.36.0-255,66,70781,19,183949
10464,0.001718,74.125.24.0-255,4320,75101,19,183949
10465,0.00172,172.31.36.0-255,66,75167,19,183949
10466,0.001731,74.125.24.0-255,1484,76651,19,183949
10467,0.001734,74.125.24.0-255,2902,79553,19,183949
10468,0.001736,172.31.36.0-255,66,79619,19,183949
10469,0.001748,74.125.24.0-255,2902,82521,19,183949
10470,0.001749,172.31.36.0-255,66,82587,19,183949
10471,0.001785,172.31.36.0-255,66,82653,19,183949
10472,0.00179,74.125.24.0-255,5020,87673,19,183949
10473,0.001792,172.31.36.0-255,66,87739,19,183949
10474,0.001907,74.125.24.0-255,1484,89223,19,183949
10475,0.001911,74.125.24.0-255,2902,92125,19,183949
10476,0.001913,172.31.36.0-255,66,92191,19,183949
10477,0.001933,74.125.24.0-255,5738,97929,19,183949
10478,0.001935,172.31.36.0-255,66,97995,19,183949
10479,0.001939,74.125.24.0-255,2902,100897,19,183949
10480,0.00194,172.31.36.0-255,66,100963,19,183949
10481,0.001954,74.125.24.0-255,1484,102447,19,183949
10482,0.001956,74.125.24.0-255,1484,103931,19,183949
10483,0.001958,172.31.36.0-255,66,103997,19,183949
10484,0.00198,74.125.24.0-255,9992,113989,19,183949
10485,0.001983,172.31.36.0-255,66,114055,19,183949
10486,0.00201,74.125.24.0-255,7856,121911,19,183949
10487,0.002012,172.31.36.0-255,66,121977,19,183949
10488,0.002288,74.125.24.0-255,1484,123461,19,183949
10489,0.002306,74.125.24.0-255,2902,126363,19,183949
10490,0.002309,172.31.36.0-255,66,126429,19,183949
10491,0.002312,74.125.24.0-255,1484,127913,19,183949
10492,0.002332,74.125.24.0-255,4320,132233,19,183949
10493,0.002335,172.31.36.0-255,66,132299,19,183949
10494,0.002364,74.125.24.0-255,4320,136619,19,183949
10495,0.002367,172.31.36.0-255,66,136685,19,183949
10496,0.00237,172.31.36.0-255,66,136751,19,183949
10497,0.00238,74.125.24.0-255,1484,138235,19,183949
10498,0.002404,74.125.24.0-255,5020,143255,19,183949
10499,0.002407,172.31.36.0-255,66,143321,19,183949
10500,0.004819,74.125.24.0-255,5738,149059,19,183949
10501,0.004826,172.31.36.0-255,66,149125,19,183949
10502,0.00719,74.125.24.0-255,5738,154863,19,183949
10503,0.007196,172.31.36.0-255,66,154929,19,183949
10504,0.009609,74.125.24.0-255,5738,160667,19,183949
10505,0.009616,172.31.36.0-255,66,160733,19,183949
10506,0.011995,74.125.24.0-255,5738,166471,19,183949
10507,0.012005,172.31.36.0-255,66,166537,19,183949
10508,0.014436,74.125.24.0-255,5738,172275,19,183949
10509,0.014473,172.31.36.0-255,66,172341,19,183949
10510,0.016891,74.125.24.0-255,5738,178079,19,183949
10511,0.016911,172.31.36.0-255,66,178145,19,183949
10512,0.019321,74.125.24.0-255,5738,183883,19,183949
10513,0.019335,172.31.36.0-255,66,183949,19,183949
10514,0.0,172.217.194.0-255,154,154,19,133843
10515,2.3e-05,172.31.36.0-255,66,220,19,133843
10516,2.8e-05,172.217.194.0-255,1484,1704,19,133843
10517,3.2e-05,172.31.36.0-255,66,1770,19,133843
10518,4.7e-05,172.217.194.0-255,2902,4672,19,133843
10519,4.9e-05,172.31.36.0-255,66,4738,19,133843
10520,7.8e-05,172.217.194.0-255,7156,11894,19,133843
10521,8.1e-05,172.31.36.0-255,66,11960,19,133843
10522,8.5e-05,172.217.194.0-255,2038,13998,19,133843
10523,8.9e-05,172.31.36.0-255,66,14064,19,133843
10524,0.000142,172.217.194.0-255,1484,15548,19,133843
10525,0.000145,172.31.36.0-255,66,15614,19,133843
10526,0.00017,172.217.194.0-255,4320,19934,19,133843
10527,0.000173,172.31.36.0-255,66,20000,19,133843
10528,0.000181,172.217.194.0-255,7156,27156,19,133843
10529,0.000184,172.31.36.0-255,66,27222,19,133843
10530,0.000209,172.217.194.0-255,7156,34378,19,133843
10531,0.000213,172.31.36.0-255,66,34444,19,133843
10532,0.000233,172.217.194.0-255,5738,40182,19,133843
10533,0.000236,172.31.36.0-255,66,40248,19,133843
10534,0.000271,172.217.194.0-255,7856,48104,19,133843
10535,0.000274,172.31.36.0-255,66,48170,19,133843
10536,0.000514,172.217.194.0-255,1484,49654,19,133843
10537,0.000518,172.31.36.0-255,66,49720,19,133843
10538,0.000524,172.217.194.0-255,2902,52622,19,133843
10539,0.000526,172.31.36.0-255,66,52688,19,133843
10540,0.000558,172.217.194.0-255,5738,58426,19,133843
10541,0.000564,172.217.194.0-255,5738,64164,19,133843
10542,0.000564,172.31.36.0-255,66,64230,19,133843
10543,0.000569,172.31.36.0-255,66,64296,19,133843
10544,0.000606,172.217.194.0-255,4320,68616,19,133843
10545,0.00061,172.31.36.0-255,66,68682,19,133843
10546,0.000635,172.217.194.0-255,9633,78315,19,133843
10547,0.000638,172.31.36.0-255,66,78381,19,133843
10548,0.000665,172.217.194.0-255,2902,81283,19,133843
10549,0.000668,172.31.36.0-255,66,81349,19,133843
10550,0.000691,172.31.36.0-255,66,81415,19,133843
10551,0.000706,172.217.194.0-255,2902,84317,19,133843
10552,0.000709,172.31.36.0-255,66,84383,19,133843
10553,0.000733,172.217.194.0-255,3602,87985,19,133843
10554,0.000736,172.31.36.0-255,66,88051,19,133843
10555,0.001002,172.217.194.0-255,646,88697,19,133843
10556,0.001059,172.31.36.0-255,66,88763,19,133843
10557,0.003026,172.217.194.0-255,4320,93083,19,133843
10558,0.003034,172.31.36.0-255,66,93149,19,133843
10559,0.003342,172.217.194.0-255,1484,94633,19,133843
10560,0.005316,172.217.194.0-255,4320,98953,19,133843
10561,0.005322,172.31.36.0-255,66,99019,19,133843
10562,0.007615,172.217.194.0-255,5738,104757,19,133843
10563,0.007622,172.31.36.0-255,66,104823,19,133843
10564,0.009917,172.217.194.0-255,5738,110561,19,133843
10565,0.009924,172.31.36.0-255,66,110627,19,133843
10566,0.012234,172.217.194.0-255,5738,116365,19,133843
10567,0.012241,172.31.36.0-255,66,116431,19,133843
10568,0.014518,172.217.194.0-255,5738,122169,19,133843
10569,0.014527,172.31.36.0-255,66,122235,19,133843
10570,0.01684,172.217.194.0-255,5738,127973,19,133843
10571,0.016851,172.31.36.0-255,66,128039,19,133843
10572,0.019159,172.217.194.0-255,5738,133777,19,133843
10573,0.019167,172.31.36.0-255,66,133843,19,133843
10574,0.0,74.125.68.0-255,153,153,19,361471
10575,2.2e-05,172.31.36.0-255,66,219,19,361471
10576,2.8e-05,74.125.68.0-255,1484,1703,19,361471
10577,3.2e-05,172.31.36.0-255,66,1769,19,361471
10578,3.7e-05,74.125.68.0-255,2902,4671,19,361471
10579,4e-05,172.31.36.0-255,66,4737,19,361471
10580,4.3e-05,74.125.68.0-255,1484,6221,19,361471
10581,4.6e-05,172.31.36.0-255,66,6287,19,361471
10582,7.5e-05,74.125.68.0-255,5738,12025,19,361471
10583,7.8e-05,172.31.36.0-255,66,12091,19,361471
10584,0.000104,74.125.68.0-255,2011,14102,19,361471
10585,0.000107,172.31.36.0-255,66,14168,19,361471
10586,0.000314,74.125.68.0-255,1484,15652,19,361471
10587,0.000321,172.31.36.0-255,66,15718,19,361471
10588,0.000327,74.125.68.0-255,2902,18620,19,361471
10589,0.000329,172.31.36.0-255,66,18686,19,361471
10590,0.000359,74.125.68.0-255,5738,24424,19,361471
10591,0.000363,172.31.36.0-255,66,24490,19,361471
10592,0.00037,74.125.68.0-255,5738,30228,19,361471
10593,0.000373,172.31.36.0-255,66,30294,19,361471
10594,0.00039,74.125.68.0-255,1125,31419,19,361471
10595,0.000393,172.31.36.0-255,66,31485,19,361471
10596,0.000492,74.125.68.0-255,1484,32969,19,361471
10597,0.000498,172.31.36.0-255,66,33035,19,361471
10598,0.000502,74.125.68.0-255,1484,34519,19,361471
10599,0.000504,172.31.36.0-255,66,34585,19,361471
10600,0.000508,74.125.68.0-255,2902,37487,19,361471
10601,0.000511,172.31.36.0-255,66,37553,19,361471
10602,0.000531,74.125.68.0-255,1484,39037,19,361471
10603,0.000534,172.31.36.0-255,66,39103,19,361471
10604,0.000558,74.125.68.0-255,4320,43423,19,361471
10605,0.000562,172.31.36.0-255,66,43489,19,361471
10606,0.000568,74.125.68.0-255,5379,48868,19,361471
10607,0.00057,172.31.36.0-255,66,48934,19,361471
10608,0.000589,74.125.68.0-255,1484,50418,19,361471
10609,0.000592,172.31.36.0-255,66,50484,19,361471
10610,0.000619,74.125.68.0-255,4320,54804,19,361471
10611,0.000623,172.31.36.0-255,66,54870,19,361471
10612,0.000626,74.125.68.0-255,1484,56354,19,361471
10613,0.000628,172.31.36.0-255,66,56420,19,361471
10614,0.000632,74.125.68.0-255,2902,59322,19,361471
10615,0.000634,172.31.36.0-255,66,59388,19,361471
10616,0.00064,74.125.68.0-255,5738,65126,19,361471
10617,0.000642,172.31.36.0-255,66,65192,19,361471
10618,0.000667,74.125.68.0-255,1436,66628,19,361471
10619,0.000671,172.31.36.0-255,66,66694,19,361471
10620,0.000684,74.125.68.0-255,375,67069,19,361471
10621,0.000687,172.31.36.0-255,66,67135,19,361471
10622,0.000808,74.125.68.0-255,1484,68619,19,361471
10623,0.000815,172.31.36.0-255,66,68685,19,361471
10624,0.00082,74.125.68.0-255,2902,71587,19,361471
10625,0.000823,172.31.36.0-255,66,71653,19,361471
10626,0.000854,74.125.68.0-255,5738,77391,19,361471
10627,0.000859,74.125.68.0-255,1484,78875,19,361471
10628,0.000879,74.125.68.0-255,7156,86031,19,361471
10629,0.000882,74.125.68.0-255,1484,87515,19,361471
10630,0.000905,74.125.68.0-255,8574,96089,19,361471
10631,0.000911,74.125.68.0-255,5020,101109,19,361471
10632,0.000925,172.31.36.0-255,66,101175,19,361471
10633,0.000964,74.125.68.0-255,1484,102659,19,361471
10634,0.000988,74.125.68.0-255,2902,105561,19,361471
10635,0.000995,74.125.68.0-255,5738,111299,19,361471
10636,0.001019,74.125.68.0-255,7156,118455,19,361471
10637,0.001032,172.31.36.0-255,66,118521,19,361471
10638,0.001053,74.125.68.0-255,5738,124259,19,361471
10639,0.001073,74.125.68.0-255,2902,127161,19,361471
10640,0.001078,74.125.68.0-255,2902,130063,19,361471
10641,0.001095,74.125.68.0-255,2902,132965,19,361471
10642,0.001099,172.31.36.0-255,66,133031,19,361471
10643,0.001105,172.31.36.0-255,66,133097,19,361471
10644,0.00112,74.125.68.0-255,2184,135281,19,361471
10645,0.001144,172.31.36.0-255,66,135347,19,361471
10646,0.001174,74.125.68.0-255,1484,136831,19,361471
10647,0.001193,74.125.68.0-255,1484,138315,19,361471
10648,0.001211,74.125.68.0-255,1484,139799,19,361471
10649,0.001214,74.125.68.0-255,1484,141283,19,361471
10650,0.001231,74.125.68.0-255,2902,144185,19,361471
10651,0.001236,74.125.68.0-255,4320,148505,19,361471
10652,0.001242,172.31.36.0-255,66,148571,19,361471
10653,0.001251,74.125.68.0-255,1484,150055,19,361471
10654,0.001269,74.125.68.0-255,4320,154375,19,361471
10655,0.001285,74.125.68.0-255,2902,157277,19,361471
10656,0.001293,74.125.68.0-255,7156,164433,19,361471
10657,0.001304,74.125.68.0-255,1484,165917,19,361471
10658,0.001307,74.125.68.0-255,1484,167401,19,361471
10659,0.001325,74.125.68.0-255,2184,169585,19,361471
10660,0.001333,172.31.36.0-255,66,169651,19,361471
10661,0.001478,74.125.68.0-255,1484,171135,19,361471
10662,0.001486,74.125.68.0-255,2902,174037,19,361471
10663,0.001497,172.31.36.0-255,66,174103,19,361471
10664,0.001509,74.125.68.0-255,5738,179841,19,361471
10665,0.001514,74.125.68.0-255,4320,184161,19,361471
10666,0.001519,172.31.36.0-255,66,184227,19,361471
10667,0.001547,74.125.68.0-255,5738,189965,19,361471
10668,0.001552,172.31.36.0-255,66,190031,19,361471
10669,0.001561,74.125.68.0-255,2902,192933,19,361471
10670,0.001573,74.125.68.0-255,4320,197253,19,361471
10671,0.001591,74.125.68.0-255,4320,201573,19,361471
10672,0.001595,74.125.68.0-255,2184,203757,19,361471
10673,0.001635,172.31.36.0-255,66,203823,19,361471
10674,0.001712,74.125.68.0-255,1484,205307,19,361471
10675,0.001731,74.125.68.0-255,2902,208209,19,361471
10676,0.001734,74.125.68.0-255,1484,209693,19,361471
10677,0.001744,172.31.36.0-255,66,209759,19,361471
10678,0.00175,74.125.68.0-255,4320,214079,19,361471
10679,0.001755,172.31.36.0-255,66,214145,19,361471
10680,0.001784,74.125.68.0-255,5738,219883,19,361471
10681,0.001792,172.31.36.0-255,66,219949,19,361471
10682,0.00181,74.125.68.0-255,5738,225687,19,361471
10683,0.001823,172.31.36.0-255,66,225753,19,361471
10684,0.001843,74.125.68.0-255,7156,232909,19,361471
10685,0.001851,172.31.36.0-255,66,232975,19,361471
10686,0.001868,74.125.68.0-255,4320,237295,19,361471
10687,0.001873,74.125.68.0-255,4320,241615,19,361471
10688,0.001889,74.125.68.0-255,7856,249471,19,361471
10689,0.001899,74.125.68.0-255,4320,253791,19,361471
10690,0.001926,172.31.36.0-255,66,253857,19,361471
10691,0.001933,74.125.68.0-255,5738,259595,19,361471
10692,0.001943,172.31.36.0-255,66,259661,19,361471
10693,0.001952,74.125.68.0-255,9992,269653,19,361471
10694,0.001965,74.125.68.0-255,2184,271837,19,361471
10695,0.001977,172.31.36.0-255,66,271903,19,361471
10696,0.001993,74.125.68.0-255,2902,274805,19,361471
10697,0.002,172.31.36.0-255,66,274871,19,361471
10698,0.002033,74.125.68.0-255,7156,282027,19,361471
10699,0.002042,172.31.36.0-255,66,282093,19,361471
10700,0.002059,74.125.68.0-255,1484,283577,19,361471
10701,0.002084,74.125.68.0-255,10692,294269,19,361471
10702,0.002098,172.31.36.0-255,66,294335,19,361471
10703,0.002131,74.125.68.0-255,8574,302909,19,361471
10704,0.002145,74.125.68.0-255,4320,307229,19,361471
10705,0.002158,74.125.68.0-255,5020,312249,19,361471
10706,0.002162,74.125.68.0-255,2902,315151,19,361471
10707,0.002169,172.31.36.0-255,66,315217,19,361471
10708,0.002179,74.125.68.0-255,2902,318119,19,361471
10709,0.002184,74.125.68.0-255,2902,321021,19,361471
10710,0.002199,172.31.36.0-255,66,321087,19,361471
10711,0.002211,74.125.68.0-255,4320,325407,19,361471
10712,0.002227,172.31.36.0-255,66,325473,19,361471
10713,0.002251,74.125.68.0-255,4320,329793,19,361471
10714,0.002261,172.31.36.0-255,66,329859,19,361471
10715,0.002265,74.125.68.0-255,2184,332043,19,361471
10716,0.002287,172.31.36.0-255,66,332109,19,361471
10717,0.004489,74.125.68.0-255,2902,335011,19,361471
10718,0.004497,172.31.36.0-255,66,335077,19,361471
10719,0.004519,74.125.68.0-255,2902,337979,19,361471
10720,0.006729,74.125.68.0-255,2902,340881,19,361471
10721,0.009128,172.31.36.0-255,66,340947,19,361471
10722,0.01141,74.125.68.0-255,5738,346685,19,361471
10723,0.011419,172.31.36.0-255,66,346751,19,361471
10724,0.013657,74.125.68.0-255,5738,352489,19,361471
10725,0.013663,172.31.36.0-255,66,352555,19,361471
10726,0.015914,74.125.68.0-255,4320,356875,19,361471
10727,0.015927,172.31.36.0-255,78,356953,19,361471
10728,0.018161,74.125.68.0-255,1484,358437,19,361471
10729,0.018175,172.31.36.0-255,66,358503,19,361471
10730,0.01818,74.125.68.0-255,2902,361405,19,361471
10731,0.018184,172.31.36.0-255,66,361471,19,361471
10732,0.0,172.31.36.0-255,105,105,19,459
10733,0.000218,172.31.36.0-255,90,195,19,459
10734,0.000229,172.31.36.0-255,66,261,19,459
10735,0.002252,172.217.194.0-255,66,327,19,459
10736,0.002265,172.217.194.0-255,66,393,19,459
10737,0.002278,172.31.36.0-255,66,459,19,459
10738,0.0,74.125.68.0-255,66,66,19,66
10739,0.0,74.125.24.0-255,153,153,19,397041
10740,1.6e-05,172.31.36.0-255,66,219,19,397041
10741,2.3e-05,74.125.24.0-255,1484,1703,19,397041
10742,2.7e-05,172.31.36.0-255,66,1769,19,397041
10743,3.3e-05,74.125.24.0-255,2902,4671,19,397041
10744,3.7e-05,172.31.36.0-255,66,4737,19,397041
10745,4.1e-05,74.125.24.0-255,2902,7639,19,397041
10746,4.5e-05,172.31.36.0-255,66,7705,19,397041
10747,9.5e-05,74.125.24.0-255,6358,14063,19,397041
10748,9.8e-05,172.31.36.0-255,66,14129,19,397041
10749,0.00042,74.125.24.0-255,1484,15613,19,397041
10750,0.000425,172.31.36.0-255,66,15679,19,397041
10751,0.000431,74.125.24.0-255,2902,18581,19,397041
10752,0.000435,172.31.36.0-255,66,18647,19,397041
10753,0.000438,74.125.24.0-255,1484,20131,19,397041
10754,0.000441,172.31.36.0-255,66,20197,19,397041
10755,0.000462,74.125.24.0-255,4320,24517,19,397041
10756,0.000465,172.31.36.0-255,66,24583,19,397041
10757,0.000471,74.125.24.0-255,4320,28903,19,397041
10758,0.000473,172.31.36.0-255,66,28969,19,397041
10759,0.000515,74.125.24.0-255,9633,38602,19,397041
10760,0.000519,172.31.36.0-255,66,38668,19,397041
10761,0.000528,74.125.24.0-255,9992,48660,19,397041
10762,0.00053,172.31.36.0-255,66,48726,19,397041
10763,0.000551,74.125.24.0-255,7156,55882,19,397041
10764,0.000554,172.31.36.0-255,66,55948,19,397041
10765,0.000581,74.125.24.0-255,9274,65222,19,397041
10766,0.000584,172.31.36.0-255,66,65288,19,397041
10767,0.000586,74.125.24.0-255,398,65686,19,397041
10768,0.000589,172.31.36.0-255,66,65752,19,397041
10769,0.00078,74.125.24.0-255,112,65864,19,397041
10770,0.000784,172.31.36.0-255,66,65930,19,397041
10771,0.000821,74.125.24.0-255,1484,67414,19,397041
10772,0.000828,74.125.24.0-255,2902,70316,19,397041
10773,0.00083,172.31.36.0-255,66,70382,19,397041
10774,0.000834,74.125.24.0-255,1484,71866,19,397041
10775,0.000849,74.125.24.0-255,1484,73350,19,397041
10776,0.000851,172.31.36.0-255,66,73416,19,397041
10777,0.000859,74.125.24.0-255,7156,80572,19,397041
10778,0.00086,172.31.36.0-255,66,80638,19,397041
10779,0.000886,74.125.24.0-255,8574,89212,19,397041
10780,0.000889,172.31.36.0-255,66,89278,19,397041
10781,0.000914,74.125.24.0-255,7156,96434,19,397041
10782,0.000917,172.31.36.0-255,66,96500,19,397041
10783,0.000923,74.125.24.0-255,3602,100102,19,397041
10784,0.000925,172.31.36.0-255,66,100168,19,397041
10785,0.000928,74.125.24.0-255,331,100499,19,397041
10786,0.001056,74.125.24.0-255,1484,101983,19,397041
10787,0.00106,172.31.36.0-255,66,102049,19,397041
10788,0.001066,74.125.24.0-255,2902,104951,19,397041
10789,0.001068,172.31.36.0-255,66,105017,19,397041
10790,0.001093,74.125.24.0-255,1484,106501,19,397041
10791,0.001116,74.125.24.0-255,4320,110821,19,397041
10792,0.001119,172.31.36.0-255,66,110887,19,397041
10793,0.001128,74.125.24.0-255,8574,119461,19,397041
10794,0.00113,172.31.36.0-255,66,119527,19,397041
10795,0.001139,74.125.24.0-255,9992,129519,19,397041
10796,0.001142,172.31.36.0-255,66,129585,19,397041
10797,0.001145,74.125.24.0-255,1484,131069,19,397041
10798,0.001166,74.125.24.0-255,3602,134671,19,397041
10799,0.001169,172.31.36.0-255,66,134737,19,397041
10800,0.001199,74.125.24.0-255,5738,140475,19,397041
10801,0.001202,172.31.36.0-255,66,140541,19,397041
10802,0.001207,74.125.24.0-255,2902,143443,19,397041
10803,0.001209,172.31.36.0-255,66,143509,19,397041
10804,0.001214,74.125.24.0-255,2902,146411,19,397041
10805,0.001217,172.31.36.0-255,66,146477,19,397041
10806,0.001233,74.125.24.0-255,7156,153633,19,397041
10807,0.001236,172.31.36.0-255,66,153699,19,397041
10808,0.001262,74.125.24.0-255,4320,158019,19,397041
10809,0.001265,172.31.36.0-255,66,158085,19,397041
10810,0.001296,74.125.24.0-255,10692,168777,19,397041
10811,0.001299,172.31.36.0-255,66,168843,19,397041
10812,0.001518,74.125.24.0-255,1484,170327,19,397041
10813,0.001523,74.125.24.0-255,2902,173229,19,397041
10814,0.001526,172.31.36.0-255,66,173295,19,397041
10815,0.001531,74.125.24.0-255,1484,174779,19,397041
10816,0.00155,74.125.24.0-255,4320,179099,19,397041
10817,0.001553,172.31.36.0-255,66,179165,19,397041
10818,0.001576,74.125.24.0-255,5738,184903,19,397041
10819,0.001578,172.31.36.0-255,66,184969,19,397041
10820,0.001612,74.125.24.0-255,7156,192125,19,397041
10821,0.001616,172.31.36.0-255,66,192191,19,397041
10822,0.001635,74.125.24.0-255,1484,193675,19,397041
10823,0.001663,74.125.24.0-255,9274,202949,19,397041
10824,0.001667,172.31.36.0-255,66,203015,19,397041
10825,0.002404,74.125.24.0-255,1484,204499,19,397041
10826,0.002411,74.125.24.0-255,2902,207401,19,397041
10827,0.002416,172.31.36.0-255,66,207467,19,397041
10828,0.002423,74.125.24.0-255,5738,213205,19,397041
10829,0.002425,172.31.36.0-255,66,213271,19,397041
10830,0.002452,74.125.24.0-255,7156,220427,19,397041
10831,0.002455,172.31.36.0-255,66,220493,19,397041
10832,0.002478,74.125.24.0-255,5738,226231,19,397041
10833,0.002481,172.31.36.0-255,66,226297,19,397041
10834,0.002487,74.125.24.0-255,5738,232035,19,397041
10835,0.002489,172.31.36.0-255,66,232101,19,397041
10836,0.002494,74.125.24.0-255,4320,236421,19,397041
10837,0.002497,172.31.36.0-255,66,236487,19,397041
10838,0.0025,74.125.24.0-255,766,237253,19,397041
10839,0.003741,74.125.24.0-255,1484,238737,19,397041
10840,0.003747,172.31.36.0-255,66,238803,19,397041
10841,0.003754,74.125.24.0-255,2902,241705,19,397041
10842,0.003756,172.31.36.0-255,66,241771,19,397041
10843,0.003762,74.125.24.0-255,4320,246091,19,397041
10844,0.003764,172.31.36.0-255,66,246157,19,397041
10845,0.003783,74.125.24.0-255,1484,247641,19,397041
10846,0.003795,74.125.24.0-255,5738,253379,19,397041
10847,0.003797,172.31.36.0-255,66,253445,19,397041
10848,0.003806,74.125.24.0-255,8574,262019,19,397041
10849,0.003808,172.31.36.0-255,66,262085,19,397041
10850,0.003836,74.125.24.0-255,4320,266405,19,397041
10851,0.003838,172.31.36.0-255,66,266471,19,397041
10852,0.003844,74.125.24.0-255,5020,271491,19,397041
10853,0.003847,172.31.36.0-255,66,271557,19,397041
10854,0.00451,74.125.24.0-255,1484,273041,19,397041
10855,0.004515,74.125.24.0-255,2902,275943,19,397041
10856,0.004528,172.31.36.0-255,66,276009,19,397041
10857,0.004533,74.125.24.0-255,1484,277493,19,397041
10858,0.004565,74.125.24.0-255,5738,283231,19,397041
10859,0.004569,172.31.36.0-255,66,283297,19,397041
10860,0.004592,172.31.36.0-255,66,283363,19,397041
10861,0.0046,74.125.24.0-255,7156,290519,19,397041
10862,0.004603,172.31.36.0-255,66,290585,19,397041
10863,0.004651,74.125.24.0-255,2184,292769,19,397041
10864,0.004654,172.31.36.0-255,66,292835,19,397041
10865,0.004692,74.125.24.0-255,2902,295737,19,397041
10866,0.004697,172.31.36.0-255,66,295803,19,397041
10867,0.00471,74.125.24.0-255,4320,300123,19,397041
10868,0.004712,172.31.36.0-255,66,300189,19,397041
10869,0.004745,74.125.24.0-255,8574,308763,19,397041
10870,0.004749,172.31.36.0-255,66,308829,19,397041
10871,0.004755,74.125.24.0-255,5738,314567,19,397041
10872,0.004757,172.31.36.0-255,66,314633,19,397041
10873,0.004761,74.125.24.0-255,1484,316117,19,397041
10874,0.004763,74.125.24.0-255,1484,317601,19,397041
10875,0.004765,172.31.36.0-255,66,317667,19,397041
10876,0.004806,74.125.24.0-255,7156,324823,19,397041
10877,0.00481,172.31.36.0-255,66,324889,19,397041
10878,0.004827,74.125.24.0-255,2184,327073,19,397041
10879,0.00483,172.31.36.0-255,66,327139,19,397041
10880,0.004877,74.125.24.0-255,1484,328623,19,397041
10881,0.004894,74.125.24.0-255,2902,331525,19,397041
10882,0.004899,172.31.36.0-255,66,331591,19,397041
10883,0.004917,74.125.24.0-255,5738,337329,19,397041
10884,0.00492,172.31.36.0-255,66,337395,19,397041
10885,0.004938,74.125.24.0-255,4320,341715,19,397041
10886,0.004941,172.31.36.0-255,66,341781,19,397041
10887,0.004968,74.125.24.0-255,8574,350355,19,397041
10888,0.004972,172.31.36.0-255,66,350421,19,397041
10889,0.004977,74.125.24.0-255,4320,354741,19,397041
10890,0.004979,172.31.36.0-255,66,354807,19,397041
10891,0.005002,74.125.24.0-255,1484,356291,19,397041
10892,0.00502,74.125.24.0-255,5020,361311,19,397041
10893,0.005024,172.31.36.0-255,66,361377,19,397041
10894,0.005055,74.125.24.0-255,1484,362861,19,397041
10895,0.005061,74.125.24.0-255,2902,365763,19,397041
10896,0.005064,172.31.36.0-255,66,365829,19,397041
10897,0.005083,74.125.24.0-255,5738,371567,19,397041
10898,0.005085,172.31.36.0-255,66,371633,19,397041
10899,0.005112,74.125.24.0-255,9992,381625,19,397041
10900,0.005115,172.31.36.0-255,66,381691,19,397041
10901,0.005118,74.125.24.0-255,1484,383175,19,397041
10902,0.005152,74.125.24.0-255,9992,393167,19,397041
10903,0.005155,172.31.36.0-255,66,393233,19,397041
10904,0.00516,74.125.24.0-255,2184,395417,19,397041
10905,0.005162,172.31.36.0-255,66,395483,19,397041
10906,0.005191,74.125.24.0-255,1115,396598,19,397041
10907,0.005229,74.125.24.0-255,105,396703,19,397041
10908,0.005346,172.31.36.0-255,101,396804,19,397041
10909,0.007658,74.125.24.0-255,66,396870,19,397041
10910,0.010714,172.31.36.0-255,105,396975,19,397041
10911,0.013022,74.125.24.0-255,66,397041,19,397041
10912,0.0,74.125.68.0-255,153,153,19,181037
10913,2.3e-05,172.31.36.0-255,66,219,19,181037
10914,3.1e-05,74.125.68.0-255,1484,1703,19,181037
10915,3.5e-05,172.31.36.0-255,66,1769,19,181037
10916,3.8e-05,74.125.68.0-255,1484,3253,19,181037
10917,5.1e-05,172.31.36.0-255,66,3319,19,181037
10918,5.9e-05,74.125.68.0-255,4320,7639,19,181037
10919,6.2e-05,172.31.36.0-255,66,7705,19,181037
10920,9.9e-05,74.125.68.0-255,10502,18207,19,181037
10921,0.000103,172.31.36.0-255,66,18273,19,181037
10922,0.000107,74.125.68.0-255,2902,21175,19,181037
10923,0.000109,172.31.36.0-255,66,21241,19,181037
10924,0.00015,74.125.68.0-255,8574,29815,19,181037
10925,0.000154,172.31.36.0-255,66,29881,19,181037
10926,0.000157,74.125.68.0-255,1125,31006,19,181037
10927,0.000159,172.31.36.0-255,66,31072,19,181037
10928,0.000226,74.125.68.0-255,1484,32556,19,181037
10929,0.000229,172.31.36.0-255,66,32622,19,181037
10930,0.000236,74.125.68.0-255,2902,35524,19,181037
10931,0.000238,172.31.36.0-255,66,35590,19,181037
10932,0.000268,74.125.68.0-255,5738,41328,19,181037
10933,0.00027,172.31.36.0-255,66,41394,19,181037
10934,0.000277,74.125.68.0-255,5738,47132,19,181037
10935,0.00028,172.31.36.0-255,66,47198,19,181037
10936,0.000297,74.125.68.0-255,1125,48323,19,181037
10937,0.0003,172.31.36.0-255,66,48389,19,181037
10938,0.000308,74.125.68.0-255,5738,54127,19,181037
10939,0.00031,172.31.36.0-255,66,54193,19,181037
10940,0.00034,74.125.68.0-255,1484,55677,19,181037
10941,0.000342,172.31.36.0-255,66,55743,19,181037
10942,0.000346,74.125.68.0-255,1484,57227,19,181037
10943,0.000348,172.31.36.0-255,66,57293,19,181037
10944,0.000369,74.125.68.0-255,7156,64449,19,181037
10945,0.000389,74.125.68.0-255,1437,65886,19,181037
10946,0.000479,74.125.68.0-255,111,65997,19,181037
10947,0.000565,172.31.36.0-255,66,66063,19,181037
10948,0.000675,74.125.68.0-255,1484,67547,19,181037
10949,0.00068,74.125.68.0-255,1484,69031,19,181037
10950,0.000692,74.125.68.0-255,1484,70515,19,181037
10951,0.000709,74.125.68.0-255,4320,74835,19,181037
10952,0.000713,172.31.36.0-255,66,74901,19,181037
10953,0.00072,74.125.68.0-255,1484,76385,19,181037
10954,0.000731,172.31.36.0-255,66,76451,19,181037
10955,0.000744,74.125.68.0-255,5738,82189,19,181037
10956,0.000762,74.125.68.0-255,1484,83673,19,181037
10957,0.000799,74.125.68.0-255,5738,89411,19,181037
10958,0.000804,74.125.68.0-255,4320,93731,19,181037
10959,0.000811,74.125.68.0-255,5738,99469,19,181037
10960,0.000836,74.125.68.0-255,3602,103071,19,181037
10961,0.00084,172.31.36.0-255,66,103137,19,181037
10962,0.000852,172.31.36.0-255,66,103203,19,181037
10963,0.000865,74.125.68.0-255,4320,107523,19,181037
10964,0.000906,74.125.68.0-255,9992,117515,19,181037
10965,0.000911,74.125.68.0-255,2902,120417,19,181037
10966,0.000917,172.31.36.0-255,66,120483,19,181037
10967,0.000948,74.125.68.0-255,5738,126221,19,181037
10968,0.000957,172.31.36.0-255,66,126287,19,181037
10969,0.000975,74.125.68.0-255,7856,134143,19,181037
10970,0.000977,74.125.68.0-255,330,134473,19,181037
10971,0.000984,172.31.36.0-255,66,134539,19,181037
10972,0.00325,74.125.68.0-255,5738,140277,19,181037
10973,0.003258,172.31.36.0-255,66,140343,19,181037
10974,0.005464,74.125.68.0-255,5738,146081,19,181037
10975,0.00547,172.31.36.0-255,66,146147,19,181037
10976,0.007684,74.125.68.0-255,5738,151885,19,181037
10977,0.007691,172.31.36.0-255,66,151951,19,181037
10978,0.009924,74.125.68.0-255,5738,157689,19,181037
10979,0.009933,172.31.36.0-255,66,157755,19,181037
10980,0.012158,74.125.68.0-255,5738,163493,19,181037
10981,0.012437,172.31.36.0-255,66,163559,19,181037
10982,0.01465,74.125.68.0-255,5738,169297,19,181037
10983,0.01466,172.31.36.0-255,66,169363,19,181037
10984,0.016888,74.125.68.0-255,5738,175101,19,181037
10985,0.016896,172.31.36.0-255,66,175167,19,181037
10986,0.01912,74.125.68.0-255,4320,179487,19,181037
10987,0.019129,172.31.36.0-255,66,179553,19,181037
10988,0.019162,74.125.68.0-255,1484,181037,19,181037
10989,0.0,74.125.68.0-255,288,288,19,193101
10990,1.9e-05,172.31.36.0-255,66,354,19,193101
10991,2.6e-05,74.125.68.0-255,1484,1838,19,193101
10992,3.1e-05,172.31.36.0-255,66,1904,19,193101
10993,3.8e-05,74.125.68.0-255,4320,6224,19,193101
10994,4.1e-05,172.31.36.0-255,66,6290,19,193101
10995,4.8e-05,74.125.68.0-255,4320,10610,19,193101
10996,5.1e-05,172.31.36.0-255,66,10676,19,193101
10997,7.4e-05,74.125.68.0-255,1484,12160,19,193101
10998,7.7e-05,172.31.36.0-255,66,12226,19,193101
10999,8.2e-05,74.125.68.0-255,1847,14073,19,193101
11000,8.4e-05,172.31.36.0-255,66,14139,19,193101
11001,0.000117,74.125.68.0-255,1484,15623,19,193101
11002,0.00012,172.31.36.0-255,66,15689,19,193101
11003,0.000137,74.125.68.0-255,1484,17173,19,193101
11004,0.000139,172.31.36.0-255,66,17239,19,193101
11005,0.000142,74.125.68.0-255,1484,18723,19,193101
11006,0.000144,172.31.36.0-255,66,18789,19,193101
11007,0.000149,74.125.68.0-255,2902,21691,19,193101
11008,0.000152,172.31.36.0-255,66,21757,19,193101
11009,0.000155,74.125.68.0-255,1484,23241,19,193101
11010,0.000157,172.31.36.0-255,66,23307,19,193101
11011,0.000178,74.125.68.0-255,4320,27627,19,193101
11012,0.000181,172.31.36.0-255,66,27693,19,193101
11013,0.000187,74.125.68.0-255,3961,31654,19,193101
11014,0.000189,172.31.36.0-255,66,31720,19,193101
11015,0.000298,74.125.68.0-255,1484,33204,19,193101
11016,0.000303,172.31.36.0-255,66,33270,19,193101
11017,0.000308,74.125.68.0-255,2902,36172,19,193101
11018,0.000311,172.31.36.0-255,66,36238,19,193101
11019,0.000334,74.125.68.0-255,5738,41976,19,193101
11020,0.000338,172.31.36.0-255,66,42042,19,193101
11021,0.000343,74.125.68.0-255,2902,44944,19,193101
11022,0.000345,172.31.36.0-255,66,45010,19,193101
11023,0.00035,74.125.68.0-255,3961,48971,19,193101
11024,0.000353,172.31.36.0-255,66,49037,19,193101
11025,0.000374,74.125.68.0-255,1484,50521,19,193101
11026,0.000402,74.125.68.0-255,7156,57677,19,193101
11027,0.000405,172.31.36.0-255,66,57743,19,193101
11028,0.000411,74.125.68.0-255,4320,62063,19,193101
11029,0.000413,172.31.36.0-255,66,62129,19,193101
11030,0.000473,74.125.68.0-255,3961,66090,19,193101
11031,0.000477,172.31.36.0-255,66,66156,19,193101
11032,0.000495,74.125.68.0-255,412,66568,19,193101
11033,0.000514,74.125.68.0-255,331,66899,19,193101
11034,0.000618,74.125.68.0-255,1484,68383,19,193101
11035,0.000623,172.31.36.0-255,66,68449,19,193101
11036,0.000628,74.125.68.0-255,2902,71351,19,193101
11037,0.000631,172.31.36.0-255,66,71417,19,193101
11038,0.000634,74.125.68.0-255,1484,72901,19,193101
11039,0.00066,74.125.68.0-255,2902,75803,19,193101
11040,0.000663,172.31.36.0-255,66,75869,19,193101
11041,0.000669,74.125.68.0-255,5738,81607,19,193101
11042,0.000672,172.31.36.0-255,66,81673,19,193101
11043,0.000688,74.125.68.0-255,1994,83667,19,193101
11044,0.000691,172.31.36.0-255,66,83733,19,193101
11045,0.000875,74.125.68.0-255,1484,85217,19,193101
11046,0.000896,74.125.68.0-255,2902,88119,19,193101
11047,0.000899,172.31.36.0-255,66,88185,19,193101
11048,0.000904,74.125.68.0-255,2902,91087,19,193101
11049,0.000906,172.31.36.0-255,66,91153,19,193101
11050,0.000923,74.125.68.0-255,2902,94055,19,193101
11051,0.000925,172.31.36.0-255,66,94121,19,193101
11052,0.00093,74.125.68.0-255,4320,98441,19,193101
11053,0.000932,172.31.36.0-255,66,98507,19,193101
11054,0.000952,74.125.68.0-255,1484,99991,19,193101
11055,0.000959,74.125.68.0-255,7156,107147,19,193101
11056,0.000961,172.31.36.0-255,66,107213,19,193101
11057,0.000998,74.125.68.0-255,8574,115787,19,193101
11058,0.001002,172.31.36.0-255,66,115853,19,193101
11059,0.001013,74.125.68.0-255,2184,118037,19,193101
11060,0.001015,172.31.36.0-255,66,118103,19,193101
11061,0.00164,74.125.68.0-255,1484,119587,19,193101
11062,0.001656,74.125.68.0-255,2902,122489,19,193101
11063,0.00166,172.31.36.0-255,66,122555,19,193101
11064,0.001681,74.125.68.0-255,5738,128293,19,193101
11065,0.001684,172.31.36.0-255,66,128359,19,193101
11066,0.001687,74.125.68.0-255,1484,129843,19,193101
11067,0.001691,74.125.68.0-255,1484,131327,19,193101
11068,0.001692,172.31.36.0-255,66,131393,19,193101
11069,0.001716,74.125.68.0-255,1484,132877,19,193101
11070,0.001723,74.125.68.0-255,5738,138615,19,193101
11071,0.001726,172.31.36.0-255,66,138681,19,193101
11072,0.00175,74.125.68.0-255,8574,147255,19,193101
11073,0.001753,172.31.36.0-255,66,147321,19,193101
11074,0.001799,74.125.68.0-255,5020,152341,19,193101
11075,0.001802,172.31.36.0-255,66,152407,19,193101
11076,0.002269,74.125.68.0-255,1484,153891,19,193101
11077,0.004065,74.125.68.0-255,4320,158211,19,193101
11078,0.004072,172.31.36.0-255,66,158277,19,193101
11079,0.006355,74.125.68.0-255,5738,164015,19,193101
11080,0.006362,172.31.36.0-255,66,164081,19,193101
11081,0.008617,74.125.68.0-255,5738,169819,19,193101
11082,0.008622,172.31.36.0-255,66,169885,19,193101
11083,0.010899,74.125.68.0-255,5738,175623,19,193101
11084,0.010907,172.31.36.0-255,66,175689,19,193101
11085,0.013191,74.125.68.0-255,5738,181427,19,193101
11086,0.013198,172.31.36.0-255,66,181493,19,193101
11087,0.015466,74.125.68.0-255,5738,187231,19,193101
11088,0.015474,172.31.36.0-255,66,187297,19,193101
11089,0.017734,74.125.68.0-255,5738,193035,19,193101
11090,0.017742,172.31.36.0-255,66,193101,19,193101
11091,0.0,172.217.24.0-255,146,146,19,369387
11092,3.4e-05,172.31.36.0-255,66,212,19,369387
11093,4.1e-05,172.217.24.0-255,1484,1696,19,369387
11094,4.5e-05,172.31.36.0-255,66,1762,19,369387
11095,5e-05,172.217.24.0-255,2902,4664,19,369387
11096,5.3e-05,172.31.36.0-255,66,4730,19,369387
11097,6.2e-05,172.217.24.0-255,5738,10468,19,369387
11098,6.5e-05,172.31.36.0-255,66,10534,19,369387
11099,7.5e-05,172.217.24.0-255,9126,19660,19,369387
11100,7.9e-05,172.31.36.0-255,66,19726,19,369387
11101,8.4e-05,172.217.24.0-255,4320,24046,19,369387
11102,8.7e-05,172.31.36.0-255,66,24112,19,369387
11103,0.000116,172.217.24.0-255,5738,29850,19,369387
11104,0.000118,172.31.36.0-255,66,29916,19,369387
11105,0.000121,172.217.24.0-255,1125,31041,19,369387
11106,0.000123,172.31.36.0-255,66,31107,19,369387
11107,0.000242,172.217.24.0-255,1484,32591,19,369387
11108,0.000246,172.31.36.0-255,66,32657,19,369387
11109,0.000252,172.217.24.0-255,2902,35559,19,369387
11110,0.000254,172.31.36.0-255,66,35625,19,369387
11111,0.000277,172.217.24.0-255,5738,41363,19,369387
11112,0.00028,172.31.36.0-255,66,41429,19,369387
11113,0.000286,172.217.24.0-255,6797,48226,19,369387
11114,0.000288,172.31.36.0-255,66,48292,19,369387
11115,0.000488,172.217.24.0-255,1484,49776,19,369387
11116,0.000494,172.31.36.0-255,66,49842,19,369387
11117,0.000499,172.217.24.0-255,2902,52744,19,369387
11118,0.000502,172.31.36.0-255,66,52810,19,369387
11119,0.000509,172.217.24.0-255,5738,58548,19,369387
11120,0.000514,172.31.36.0-255,66,58614,19,369387
11121,0.000535,172.217.24.0-255,4320,62934,19,369387
11122,0.000538,172.31.36.0-255,66,63000,19,369387
11123,0.000572,172.217.24.0-255,2839,65839,19,369387
11124,0.000575,172.31.36.0-255,66,65905,19,369387
11125,0.00098,172.217.24.0-255,137,66042,19,369387
11126,0.001262,172.217.24.0-255,1484,67526,19,369387
11127,0.001269,172.31.36.0-255,66,67592,19,369387
11128,0.001288,172.217.24.0-255,1484,69076,19,369387
11129,0.001308,172.217.24.0-255,2902,71978,19,369387
11130,0.001311,172.31.36.0-255,66,72044,19,369387
11131,0.001321,172.217.24.0-255,5738,77782,19,369387
11132,0.001323,172.31.36.0-255,66,77848,19,369387
11133,0.001328,172.217.24.0-255,4320,82168,19,369387
11134,0.00133,172.31.36.0-255,66,82234,19,369387
11135,0.001364,172.217.24.0-255,5379,87613,19,369387
11136,0.001367,172.31.36.0-255,66,87679,19,369387
11137,0.001387,172.217.24.0-255,5738,93417,19,369387
11138,0.00139,172.31.36.0-255,66,93483,19,369387
11139,0.001403,172.217.24.0-255,2902,96385,19,369387
11140,0.001406,172.31.36.0-255,66,96451,19,369387
11141,0.001433,172.217.24.0-255,1484,97935,19,369387
11142,0.00145,172.217.24.0-255,2543,100478,19,369387
11143,0.001453,172.31.36.0-255,66,100544,19,369387
11144,0.0019,172.217.24.0-255,1484,102028,19,369387
11145,0.001907,172.217.24.0-255,2902,104930,19,369387
11146,0.001911,172.31.36.0-255,66,104996,19,369387
11147,0.001932,172.217.24.0-255,5738,110734,19,369387
11148,0.001935,172.31.36.0-255,66,110800,19,369387
11149,0.00194,172.217.24.0-255,4320,115120,19,369387
11150,0.001942,172.31.36.0-255,66,115186,19,369387
11151,0.001965,172.217.24.0-255,5738,120924,19,369387
11152,0.001968,172.31.36.0-255,66,120990,19,369387
11153,0.001971,172.217.24.0-255,1484,122474,19,369387
11154,0.001985,172.217.24.0-255,1484,123958,19,369387
11155,0.001987,172.31.36.0-255,66,124024,19,369387
11156,0.002008,172.217.24.0-255,5738,129762,19,369387
11157,0.00201,172.31.36.0-255,66,129828,19,369387
11158,0.00202,172.217.24.0-255,1484,131312,19,369387
11159,0.002037,172.217.24.0-255,3602,134914,19,369387
11160,0.002039,172.31.36.0-255,66,134980,19,369387
11161,0.00209,172.217.24.0-255,1484,136464,19,369387
11162,0.002107,172.217.24.0-255,2902,139366,19,369387
11163,0.002109,172.31.36.0-255,66,139432,19,369387
11164,0.002115,172.217.24.0-255,5738,145170,19,369387
11165,0.002119,172.31.36.0-255,66,145236,19,369387
11166,0.002132,172.217.24.0-255,1484,146720,19,369387
11167,0.002159,172.31.36.0-255,66,146786,19,369387
11168,0.002188,172.31.36.0-255,66,146852,19,369387
11169,0.002192,172.217.24.0-255,2902,149754,19,369387
11170,0.002194,172.31.36.0-255,66,149820,19,369387
11171,0.002197,172.217.24.0-255,1484,151304,19,369387
11172,0.002199,172.217.24.0-255,1484,152788,19,369387
11173,0.002202,172.31.36.0-255,66,152854,19,369387
11174,0.002245,172.217.24.0-255,2902,155756,19,369387
11175,0.002247,172.31.36.0-255,66,155822,19,369387
11176,0.002259,172.217.24.0-255,1484,157306,19,369387
11177,0.002267,172.217.24.0-255,9992,167298,19,369387
11178,0.00227,172.31.36.0-255,66,167364,19,369387
11179,0.002276,172.217.24.0-255,5738,173102,19,369387
11180,0.002278,172.31.36.0-255,66,173168,19,369387
11181,0.002295,172.217.24.0-255,5020,178188,19,369387
11182,0.002297,172.31.36.0-255,66,178254,19,369387
11183,0.002321,172.217.24.0-255,5738,183992,19,369387
11184,0.002323,172.31.36.0-255,66,184058,19,369387
11185,0.002351,172.217.24.0-255,4320,188378,19,369387
11186,0.002353,172.31.36.0-255,66,188444,19,369387
11187,0.002377,172.217.24.0-255,8574,197018,19,369387
11188,0.002379,172.31.36.0-255,66,197084,19,369387
11189,0.002382,172.217.24.0-255,1484,198568,19,369387
11190,0.00243,172.217.24.0-255,5738,204306,19,369387
11191,0.002432,172.31.36.0-255,66,204372,19,369387
11192,0.002448,172.217.24.0-255,7856,212228,19,369387
11193,0.002511,172.217.24.0-255,1484,213712,19,369387
11194,0.002524,172.217.24.0-255,2902,216614,19,369387
11195,0.00254,172.217.24.0-255,5738,222352,19,369387
11196,0.002568,172.217.24.0-255,7156,229508,19,369387
11197,0.002575,172.217.24.0-255,7156,236664,19,369387
11198,0.002589,172.217.24.0-255,1484,238148,19,369387
11199,0.002605,172.217.24.0-255,4320,242468,19,369387
11200,0.00262,172.217.24.0-255,3602,246070,19,369387
11201,0.002892,172.217.24.0-255,1484,247554,19,369387
11202,0.002906,172.217.24.0-255,2902,250456,19,369387
11203,0.002908,172.217.24.0-255,1484,251940,19,369387
11204,0.002926,172.217.24.0-255,4320,256260,19,369387
11205,0.00293,172.217.24.0-255,4320,260580,19,369387
11206,0.002953,172.217.24.0-255,8574,269154,19,369387
11207,0.002959,172.217.24.0-255,7156,276310,19,369387
11208,0.002974,172.217.24.0-255,3602,279912,19,369387
11209,0.003006,172.217.24.0-255,1484,281396,19,369387
11210,0.003019,172.217.24.0-255,2902,284298,19,369387
11211,0.003047,172.217.24.0-255,5738,290036,19,369387
11212,0.003051,172.217.24.0-255,2902,292938,19,369387
11213,0.003069,172.217.24.0-255,2902,295840,19,369387
11214,0.003075,172.217.24.0-255,7156,302996,19,369387
11215,0.003109,172.217.24.0-255,5738,308734,19,369387
11216,0.003127,172.217.24.0-255,5020,313754,19,369387
11217,0.003239,172.217.24.0-255,1484,315238,19,369387
11218,0.00325,172.217.24.0-255,1484,316722,19,369387
11219,0.003266,172.217.24.0-255,2902,319624,19,369387
11220,0.003269,172.217.24.0-255,2902,322526,19,369387
11221,0.003285,172.217.24.0-255,2902,325428,19,369387
11222,0.003289,172.217.24.0-255,4320,329748,19,369387
11223,0.003313,172.217.24.0-255,5738,335486,19,369387
11224,0.003331,172.217.24.0-255,4320,339806,19,369387
11225,0.003338,172.217.24.0-255,7856,347662,19,369387
11226,0.003392,172.217.24.0-255,1484,349146,19,369387
11227,0.003396,172.217.24.0-255,2902,352048,19,369387
11228,0.003401,172.217.24.0-255,5738,357786,19,369387
11229,0.003463,172.217.24.0-255,4320,362106,19,369387
11230,0.003486,172.217.24.0-255,6939,369045,19,369387
11231,0.003489,172.217.24.0-255,105,369150,19,369387
11232,0.005248,172.31.36.0-255,66,369216,19,369387
11233,0.008992,172.31.36.0-255,105,369321,19,369387
11234,0.010906,172.217.24.0-255,66,369387,19,369387
11235,0.0,172.217.194.0-255,153,153,19,190978
11236,3.1e-05,172.31.36.0-255,66,219,19,190978
11237,3.8e-05,172.217.194.0-255,1484,1703,19,190978
11238,4.3e-05,172.31.36.0-255,66,1769,19,190978
11239,4.8e-05,172.217.194.0-255,2902,4671,19,190978
11240,5e-05,172.31.36.0-255,66,4737,19,190978
11241,6.4e-05,172.217.194.0-255,5738,10475,19,190978
11242,6.6e-05,172.31.36.0-255,66,10541,19,190978
11243,0.000101,172.217.194.0-255,3394,13935,19,190978
11244,0.000104,172.31.36.0-255,66,14001,19,190978
11245,0.00022,172.217.194.0-255,1484,15485,19,190978
11246,0.000225,172.31.36.0-255,66,15551,19,190978
11247,0.000231,172.217.194.0-255,2902,18453,19,190978
11248,0.000234,172.31.36.0-255,66,18519,19,190978
11249,0.000239,172.217.194.0-255,2902,21421,19,190978
11250,0.000241,172.31.36.0-255,66,21487,19,190978
11251,0.000268,172.217.194.0-255,2902,24389,19,190978
11252,0.000271,172.31.36.0-255,66,24455,19,190978
11253,0.000277,172.217.194.0-255,4320,28775,19,190978
11254,0.000279,172.31.36.0-255,66,28841,19,190978
11255,0.00031,172.217.194.0-255,2543,31384,19,190978
11256,0.000315,172.31.36.0-255,66,31450,19,190978
11257,0.000439,172.217.194.0-255,1484,32934,19,190978
11258,0.000444,172.31.36.0-255,66,33000,19,190978
11259,0.00045,172.217.194.0-255,2902,35902,19,190978
11260,0.000453,172.31.36.0-255,66,35968,19,190978
11261,0.000479,172.217.194.0-255,5738,41706,19,190978
11262,0.000483,172.31.36.0-255,66,41772,19,190978
11263,0.000488,172.217.194.0-255,4320,46092,19,190978
11264,0.000492,172.31.36.0-255,66,46158,19,190978
11265,0.000526,172.217.194.0-255,3961,50119,19,190978
11266,0.000529,172.31.36.0-255,66,50185,19,190978
11267,0.000538,172.217.194.0-255,8574,58759,19,190978
11268,0.00054,172.31.36.0-255,66,58825,19,190978
11269,0.000548,172.217.194.0-255,7377,66202,19,190978
11270,0.000551,172.31.36.0-255,66,66268,19,190978
11271,0.000649,172.217.194.0-255,1484,67752,19,190978
11272,0.000654,172.217.194.0-255,1484,69236,19,190978
11273,0.000657,172.31.36.0-255,66,69302,19,190978
11274,0.000681,172.217.194.0-255,1484,70786,19,190978
11275,0.000687,172.217.194.0-255,4320,75106,19,190978
11276,0.00069,172.31.36.0-255,66,75172,19,190978
11277,0.000719,172.217.194.0-255,1484,76656,19,190978
11278,0.000725,172.217.194.0-255,4320,80976,19,190978
11279,0.000727,172.31.36.0-255,66,81042,19,190978
11280,0.00074,172.31.36.0-255,66,81108,19,190978
11281,0.000746,172.217.194.0-255,4320,85428,19,190978
11282,0.000748,172.31.36.0-255,66,85494,19,190978
11283,0.00078,172.217.194.0-255,3602,89096,19,190978
11284,0.000783,172.31.36.0-255,66,89162,19,190978
11285,0.001231,172.217.194.0-255,1484,90646,19,190978
11286,0.001241,172.217.194.0-255,2902,93548,19,190978
11287,0.001245,172.31.36.0-255,66,93614,19,190978
11288,0.001287,172.217.194.0-255,5738,99352,19,190978
11289,0.001291,172.31.36.0-255,66,99418,19,190978
11290,0.001305,172.31.36.0-255,66,99484,19,190978
11291,0.001315,172.217.194.0-255,10692,110176,19,190978
11292,0.001318,172.31.36.0-255,66,110242,19,190978
11293,0.001505,172.217.194.0-255,1484,111726,19,190978
11294,0.001512,172.217.194.0-255,2902,114628,19,190978
11295,0.001517,172.31.36.0-255,66,114694,19,190978
11296,0.001522,172.217.194.0-255,4320,119014,19,190978
11297,0.001524,172.31.36.0-255,66,119080,19,190978
11298,0.001549,172.217.194.0-255,1484,120564,19,190978
11299,0.001553,172.217.194.0-255,4320,124884,19,190978
11300,0.001558,172.31.36.0-255,66,124950,19,190978
11301,0.001577,172.217.194.0-255,8574,133524,19,190978
11302,0.00158,172.31.36.0-255,66,133590,19,190978
11303,0.001623,172.217.194.0-255,8574,142164,19,190978
11304,0.001628,172.31.36.0-255,66,142230,19,190978
11305,0.00165,172.217.194.0-255,2184,144414,19,190978
11306,0.001653,172.31.36.0-255,66,144480,19,190978
11307,0.003733,172.217.194.0-255,5738,150218,19,190978
11308,0.003738,172.31.36.0-255,66,150284,19,190978
11309,0.005819,172.217.194.0-255,1484,151768,19,190978
11310,0.005842,172.217.194.0-255,4320,156088,19,190978
11311,0.005846,172.31.36.0-255,66,156154,19,190978
11312,0.00794,172.217.194.0-255,5738,161892,19,190978
11313,0.007947,172.31.36.0-255,66,161958,19,190978
11314,0.01004,172.217.194.0-255,5738,167696,19,190978
11315,0.010047,172.31.36.0-255,66,167762,19,190978
11316,0.012162,172.217.194.0-255,5738,173500,19,190978
11317,0.012171,172.31.36.0-255,66,173566,19,190978
11318,0.014281,172.217.194.0-255,5738,179304,19,190978
11319,0.014289,172.31.36.0-255,66,179370,19,190978
11320,0.016384,172.217.194.0-255,5738,185108,19,190978
11321,0.016391,172.31.36.0-255,66,185174,19,190978
11322,0.018474,172.217.194.0-255,5738,190912,19,190978
11323,0.018481,172.31.36.0-255,66,190978,19,190978
11324,0.0,74.125.68.0-255,153,153,19,193043
11325,1.9e-05,172.31.36.0-255,66,219,19,193043
11326,2.5e-05,74.125.68.0-255,1484,1703,19,193043
11327,2.8e-05,172.31.36.0-255,66,1769,19,193043
11328,3.1e-05,74.125.68.0-255,1484,3253,19,193043
11329,3.2e-05,172.31.36.0-255,66,3319,19,193043
11330,5.4e-05,74.125.68.0-255,1484,4803,19,193043
11331,5.6e-05,172.31.36.0-255,66,4869,19,193043
11332,6.3e-05,74.125.68.0-255,7156,12025,19,193043
11333,6.5e-05,172.31.36.0-255,66,12091,19,193043
11334,7.2e-05,74.125.68.0-255,2029,14120,19,193043
11335,7.3e-05,172.31.36.0-255,66,14186,19,193043
11336,0.000157,74.125.68.0-255,1484,15670,19,193043
11337,0.00016,172.31.36.0-255,66,15736,19,193043
11338,0.000163,74.125.68.0-255,1484,17220,19,193043
11339,0.000164,172.31.36.0-255,66,17286,19,193043
11340,0.000192,74.125.68.0-255,2902,20188,19,193043
11341,0.000194,172.31.36.0-255,66,20254,19,193043
11342,0.000198,74.125.68.0-255,2902,23156,19,193043
11343,0.000199,172.31.36.0-255,66,23222,19,193043
11344,0.000229,74.125.68.0-255,2902,26124,19,193043
11345,0.000231,172.31.36.0-255,66,26190,19,193043
11346,0.000236,74.125.68.0-255,5379,31569,19,193043
11347,0.000238,172.31.36.0-255,66,31635,19,193043
11348,0.000329,74.125.68.0-255,1484,33119,19,193043
11349,0.000332,172.31.36.0-255,66,33185,19,193043
11350,0.000355,74.125.68.0-255,2902,36087,19,193043
11351,0.000357,172.31.36.0-255,66,36153,19,193043
11352,0.000361,74.125.68.0-255,2902,39055,19,193043
11353,0.000362,172.31.36.0-255,66,39121,19,193043
11354,0.00039,74.125.68.0-255,2902,42023,19,193043
11355,0.000391,172.31.36.0-255,66,42089,19,193043
11356,0.000395,74.125.68.0-255,2902,44991,19,193043
11357,0.000397,172.31.36.0-255,66,45057,19,193043
11358,0.000417,74.125.68.0-255,2902,47959,19,193043
11359,0.000419,172.31.36.0-255,66,48025,19,193043
11360,0.00045,74.125.68.0-255,8215,56240,19,193043
11361,0.000453,172.31.36.0-255,66,56306,19,193043
11362,0.000457,74.125.68.0-255,4320,60626,19,193043
11363,0.000459,172.31.36.0-255,66,60692,19,193043
11364,0.000485,74.125.68.0-255,4320,65012,19,193043
11365,0.000488,172.31.36.0-255,66,65078,19,193043
11366,0.000498,74.125.68.0-255,1435,66513,19,193043
11367,0.000586,74.125.68.0-255,110,66623,19,193043
11368,0.000604,74.125.68.0-255,332,66955,19,193043
11369,0.000609,172.31.36.0-255,66,67021,19,193043
11370,0.000876,74.125.68.0-255,1484,68505,19,193043
11371,0.000882,74.125.68.0-255,2902,71407,19,193043
11372,0.000885,172.31.36.0-255,66,71473,19,193043
11373,0.000916,74.125.68.0-255,5738,77211,19,193043
11374,0.000919,172.31.36.0-255,66,77277,19,193043
11375,0.000922,74.125.68.0-255,1484,78761,19,193043
11376,0.000962,74.125.68.0-255,2902,81663,19,193043
11377,0.000965,172.31.36.0-255,66,81729,19,193043
11378,0.001003,74.125.68.0-255,1484,83213,19,193043
11379,0.001008,74.125.68.0-255,1484,84697,19,193043
11380,0.00101,172.31.36.0-255,66,84763,19,193043
11381,0.001028,74.125.68.0-255,1484,86247,19,193043
11382,0.00103,74.125.68.0-255,1484,87731,19,193043
11383,0.001032,172.31.36.0-255,66,87797,19,193043
11384,0.001052,74.125.68.0-255,2902,90699,19,193043
11385,0.001055,172.31.36.0-255,66,90765,19,193043
11386,0.00107,74.125.68.0-255,1484,92249,19,193043
11387,0.001093,74.125.68.0-255,4320,96569,19,193043
11388,0.001096,172.31.36.0-255,66,96635,19,193043
11389,0.001137,74.125.68.0-255,5020,101655,19,193043
11390,0.001141,172.31.36.0-255,66,101721,19,193043
11391,0.001678,74.125.68.0-255,1484,103205,19,193043
11392,0.0017,74.125.68.0-255,2902,106107,19,193043
11393,0.001703,172.31.36.0-255,66,106173,19,193043
11394,0.001709,74.125.68.0-255,4320,110493,19,193043
11395,0.00171,172.31.36.0-255,66,110559,19,193043
11396,0.001728,74.125.68.0-255,1484,112043,19,193043
11397,0.001734,74.125.68.0-255,1484,113527,19,193043
11398,0.001736,172.31.36.0-255,66,113593,19,193043
11399,0.001755,74.125.68.0-255,7156,120749,19,193043
11400,0.001757,172.31.36.0-255,66,120815,19,193043
11401,0.001785,74.125.68.0-255,9992,130807,19,193043
11402,0.001787,172.31.36.0-255,66,130873,19,193043
11403,0.001791,74.125.68.0-255,4320,135193,19,193043
11404,0.001793,172.31.36.0-255,66,135259,19,193043
11405,0.00182,74.125.68.0-255,766,136025,19,193043
11406,0.00202,172.31.36.0-255,66,136091,19,193043
11407,0.002139,74.125.68.0-255,1484,137575,19,193043
11408,0.002163,74.125.68.0-255,2902,140477,19,193043
11409,0.002165,172.31.36.0-255,66,140543,19,193043
11410,0.002216,74.125.68.0-255,4320,144863,19,193043
11411,0.002218,172.31.36.0-255,66,144929,19,193043
11412,0.002251,74.125.68.0-255,2902,147831,19,193043
11413,0.002253,172.31.36.0-255,66,147897,19,193043
11414,0.002277,74.125.68.0-255,1484,149381,19,193043
11415,0.002299,74.125.68.0-255,2902,152283,19,193043
11416,0.002301,172.31.36.0-255,66,152349,19,193043
11417,0.002304,74.125.68.0-255,1484,153833,19,193043
11418,0.004547,74.125.68.0-255,4320,158153,19,193043
11419,0.004551,172.31.36.0-255,66,158219,19,193043
11420,0.006808,74.125.68.0-255,5738,163957,19,193043
11421,0.006815,172.31.36.0-255,66,164023,19,193043
11422,0.009084,74.125.68.0-255,5738,169761,19,193043
11423,0.009092,172.31.36.0-255,66,169827,19,193043
11424,0.01135,74.125.68.0-255,5738,175565,19,193043
11425,0.011359,172.31.36.0-255,66,175631,19,193043
11426,0.013619,74.125.68.0-255,5738,181369,19,193043
11427,0.013628,172.31.36.0-255,66,181435,19,193043
11428,0.015886,74.125.68.0-255,5738,187173,19,193043
11429,0.015893,172.31.36.0-255,66,187239,19,193043
11430,0.018152,74.125.68.0-255,5738,192977,19,193043
11431,0.018158,172.31.36.0-255,66,193043,19,193043
11432,0.0,74.125.200.0-255,297,297,19,169443
11433,3.4e-05,172.31.36.0-255,66,363,19,169443
11434,4.1e-05,74.125.200.0-255,1484,1847,19,169443
11435,4.5e-05,172.31.36.0-255,66,1913,19,169443
11436,4.8e-05,74.125.200.0-255,1484,3397,19,169443
11437,5e-05,172.31.36.0-255,66,3463,19,169443
11438,5.6e-05,74.125.200.0-255,2902,6365,19,169443
11439,5.8e-05,172.31.36.0-255,66,6431,19,169443
11440,6.5e-05,74.125.200.0-255,5738,12169,19,169443
11441,6.7e-05,172.31.36.0-255,66,12235,19,169443
11442,8.6e-05,74.125.200.0-255,1841,14076,19,169443
11443,9.1e-05,172.31.36.0-255,66,14142,19,169443
11444,0.00037,74.125.200.0-255,1484,15626,19,169443
11445,0.000377,172.31.36.0-255,66,15692,19,169443
11446,0.000383,74.125.200.0-255,2902,18594,19,169443
11447,0.000386,172.31.36.0-255,66,18660,19,169443
11448,0.000414,74.125.200.0-255,5738,24398,19,169443
11449,0.000417,172.31.36.0-255,66,24464,19,169443
11450,0.000444,74.125.200.0-255,6797,31261,19,169443
11451,0.000448,172.31.36.0-255,66,31327,19,169443
11452,0.000747,74.125.200.0-255,1484,32811,19,169443
11453,0.000752,172.31.36.0-255,66,32877,19,169443
11454,0.000762,74.125.200.0-255,2902,35779,19,169443
11455,0.000764,172.31.36.0-255,66,35845,19,169443
11456,0.000784,74.125.200.0-255,5738,41583,19,169443
11457,0.000787,172.31.36.0-255,66,41649,19,169443
11458,0.000802,74.125.200.0-255,1484,43133,19,169443
11459,0.000805,172.31.36.0-255,66,43199,19,169443
11460,0.000831,74.125.200.0-255,5379,48578,19,169443
11461,0.000835,172.31.36.0-255,66,48644,19,169443
11462,0.000919,74.125.200.0-255,1484,50128,19,169443
11463,0.000924,172.31.36.0-255,66,50194,19,169443
11464,0.000941,74.125.200.0-255,1484,51678,19,169443
11465,0.000946,74.125.200.0-255,1484,53162,19,169443
11466,0.000948,172.31.36.0-255,66,53228,19,169443
11467,0.000959,74.125.200.0-255,1484,54712,19,169443
11468,0.000966,74.125.200.0-255,5738,60450,19,169443
11469,0.000969,172.31.36.0-255,66,60516,19,169443
11470,0.000992,74.125.200.0-255,5379,65895,19,169443
11471,0.000996,172.31.36.0-255,66,65961,19,169443
11472,0.001006,74.125.200.0-255,411,66372,19,169443
11473,0.001086,74.125.200.0-255,331,66703,19,169443
11474,0.001785,74.125.200.0-255,1484,68187,19,169443
11475,0.001793,172.31.36.0-255,66,68253,19,169443
11476,0.001797,74.125.200.0-255,1484,69737,19,169443
11477,0.001814,74.125.200.0-255,2902,72639,19,169443
11478,0.001816,172.31.36.0-255,66,72705,19,169443
11479,0.001833,74.125.200.0-255,4320,77025,19,169443
11480,0.001835,172.31.36.0-255,66,77091,19,169443
11481,0.001852,74.125.200.0-255,1484,78575,19,169443
11482,0.001856,74.125.200.0-255,2902,81477,19,169443
11483,0.001858,172.31.36.0-255,66,81543,19,169443
11484,0.001863,74.125.200.0-255,4320,85863,19,169443
11485,0.001865,172.31.36.0-255,66,85929,19,169443
11486,0.001894,74.125.200.0-255,5738,91667,19,169443
11487,0.001897,172.31.36.0-255,66,91733,19,169443
11488,0.001936,74.125.200.0-255,2902,94635,19,169443
11489,0.001939,172.31.36.0-255,66,94701,19,169443
11490,0.001943,74.125.200.0-255,2902,97603,19,169443
11491,0.001945,172.31.36.0-255,66,97669,19,169443
11492,0.001961,74.125.200.0-255,3602,101271,19,169443
11493,0.001963,172.31.36.0-255,66,101337,19,169443
11494,0.002128,74.125.200.0-255,1484,102821,19,169443
11495,0.002131,74.125.200.0-255,1484,104305,19,169443
11496,0.002133,172.31.36.0-255,66,104371,19,169443
11497,0.002147,74.125.200.0-255,1484,105855,19,169443
11498,0.00215,74.125.200.0-255,1484,107339,19,169443
11499,0.002152,172.31.36.0-255,66,107405,19,169443
11500,0.002155,74.125.200.0-255,1484,108889,19,169443
11501,0.002172,74.125.200.0-255,1484,110373,19,169443
11502,0.002174,172.31.36.0-255,66,110439,19,169443
11503,0.002177,74.125.200.0-255,1484,111923,19,169443
11504,0.002196,74.125.200.0-255,4320,116243,19,169443
11505,0.002198,172.31.36.0-255,66,116309,19,169443
11506,0.002203,74.125.200.0-255,5738,122047,19,169443
11507,0.002205,172.31.36.0-255,66,122113,19,169443
11508,0.002218,74.125.200.0-255,2902,125015,19,169443
11509,0.00222,172.31.36.0-255,66,125081,19,169443
11510,0.002255,74.125.200.0-255,5738,130819,19,169443
11511,0.002257,172.31.36.0-255,66,130885,19,169443
11512,0.002279,74.125.200.0-255,4320,135205,19,169443
11513,0.002281,172.31.36.0-255,66,135271,19,169443
11514,0.002284,74.125.200.0-255,766,136037,19,169443
11515,0.004804,74.125.200.0-255,4320,140357,19,169443
11516,0.004807,172.31.36.0-255,66,140423,19,169443
11517,0.007361,74.125.200.0-255,5738,146161,19,169443
11518,0.007374,172.31.36.0-255,66,146227,19,169443
11519,0.009936,74.125.200.0-255,5738,151965,19,169443
11520,0.009953,172.31.36.0-255,66,152031,19,169443
11521,0.012521,74.125.200.0-255,5738,157769,19,169443
11522,0.012537,172.31.36.0-255,66,157835,19,169443
11523,0.015121,74.125.200.0-255,5738,163573,19,169443
11524,0.01514,172.31.36.0-255,66,163639,19,169443
11525,0.017713,74.125.200.0-255,5738,169377,19,169443
11526,0.01773,172.31.36.0-255,66,169443,19,169443
11527,0.0,74.125.24.0-255,146,146,19,237461
11528,3.3e-05,172.31.36.0-255,66,212,19,237461
11529,4e-05,74.125.24.0-255,1484,1696,19,237461
11530,4.4e-05,172.31.36.0-255,66,1762,19,237461
11531,4.9e-05,74.125.24.0-255,2902,4664,19,237461
11532,5.2e-05,172.31.36.0-255,66,4730,19,237461
11533,8.3e-05,74.125.24.0-255,7156,11886,19,237461
11534,8.6e-05,172.31.36.0-255,66,11952,19,237461
11535,0.000193,74.125.24.0-255,7156,19108,19,237461
11536,0.000198,172.31.36.0-255,66,19174,19,237461
11537,0.000222,74.125.24.0-255,9077,28251,19,237461
11538,0.000226,172.31.36.0-255,66,28317,19,237461
11539,0.000482,74.125.24.0-255,2543,30860,19,237461
11540,0.000486,172.31.36.0-255,66,30926,19,237461
11541,0.000525,74.125.24.0-255,4320,35246,19,237461
11542,0.000528,172.31.36.0-255,66,35312,19,237461
11543,0.000563,172.31.36.0-255,66,35378,19,237461
11544,0.00058,74.125.24.0-255,2543,37921,19,237461
11545,0.000585,172.31.36.0-255,66,37987,19,237461
11546,0.000883,74.125.24.0-255,7156,45143,19,237461
11547,0.000889,172.31.36.0-255,66,45209,19,237461
11548,0.000911,74.125.24.0-255,5379,50588,19,237461
11549,0.000915,172.31.36.0-255,66,50654,19,237461
11550,0.001093,74.125.24.0-255,679,51333,19,237461
11551,0.001099,172.31.36.0-255,66,51399,19,237461
11552,0.001112,74.125.24.0-255,1484,52883,19,237461
11553,0.001114,172.31.36.0-255,66,52949,19,237461
11554,0.001138,74.125.24.0-255,4320,57269,19,237461
11555,0.001141,172.31.36.0-255,66,57335,19,237461
11556,0.001223,74.125.24.0-255,4320,61655,19,237461
11557,0.001227,172.31.36.0-255,66,61721,19,237461
11558,0.001243,74.125.24.0-255,5738,67459,19,237461
11559,0.001246,172.31.36.0-255,66,67525,19,237461
11560,0.001384,74.125.24.0-255,8574,76099,19,237461
11561,0.001392,172.31.36.0-255,66,76165,19,237461
11562,0.001412,74.125.24.0-255,9274,85439,19,237461
11563,0.001416,172.31.36.0-255,66,85505,19,237461
11564,0.001693,74.125.24.0-255,5738,91243,19,237461
11565,0.001696,172.31.36.0-255,66,91309,19,237461
11566,0.001716,74.125.24.0-255,5738,97047,19,237461
11567,0.001718,172.31.36.0-255,66,97113,19,237461
11568,0.001886,74.125.24.0-255,7156,104269,19,237461
11569,0.001888,172.31.36.0-255,66,104335,19,237461
11570,0.00192,172.31.36.0-255,66,104401,19,237461
11571,0.002263,74.125.24.0-255,1484,105885,19,237461
11572,0.002297,74.125.24.0-255,2902,108787,19,237461
11573,0.002299,172.31.36.0-255,66,108853,19,237461
11574,0.002343,74.125.24.0-255,2902,111755,19,237461
11575,0.002346,172.31.36.0-255,66,111821,19,237461
11576,0.002358,74.125.24.0-255,2902,114723,19,237461
11577,0.00236,172.31.36.0-255,66,114789,19,237461
11578,0.002442,74.125.24.0-255,4320,119109,19,237461
11579,0.002445,172.31.36.0-255,66,119175,19,237461
11580,0.002469,74.125.24.0-255,8574,127749,19,237461
11581,0.002472,172.31.36.0-255,66,127815,19,237461
11582,0.002664,74.125.24.0-255,4320,132135,19,237461
11583,0.002667,172.31.36.0-255,66,132201,19,237461
11584,0.002689,74.125.24.0-255,6438,138639,19,237461
11585,0.002691,172.31.36.0-255,66,138705,19,237461
11586,0.002844,74.125.24.0-255,5738,144443,19,237461
11587,0.002862,74.125.24.0-255,9992,154435,19,237461
11588,0.003119,74.125.24.0-255,5738,160173,19,237461
11589,0.003158,74.125.24.0-255,7156,167329,19,237461
11590,0.003171,74.125.24.0-255,5738,173067,19,237461
11591,0.003197,74.125.24.0-255,10692,183759,19,237461
11592,0.003723,172.31.36.0-255,66,183825,19,237461
11593,0.003853,74.125.24.0-255,9992,193817,19,237461
11594,0.003877,172.31.36.0-255,66,193883,19,237461
11595,0.003896,172.31.36.0-255,66,193949,19,237461
11596,0.003911,74.125.24.0-255,9974,203923,19,237461
11597,0.003916,172.31.36.0-255,66,203989,19,237461
11598,0.006493,74.125.24.0-255,4320,208309,19,237461
11599,0.006498,172.31.36.0-255,66,208375,19,237461
11600,0.006518,74.125.24.0-255,1484,209859,19,237461
11601,0.009071,74.125.24.0-255,4320,214179,19,237461
11602,0.009079,172.31.36.0-255,66,214245,19,237461
11603,0.011652,74.125.24.0-255,5738,219983,19,237461
11604,0.011661,172.31.36.0-255,66,220049,19,237461
11605,0.014233,74.125.24.0-255,5738,225787,19,237461
11606,0.014244,172.31.36.0-255,66,225853,19,237461
11607,0.016823,74.125.24.0-255,5738,231591,19,237461
11608,0.01684,172.31.36.0-255,66,231657,19,237461
11609,0.019402,74.125.24.0-255,5738,237395,19,237461
11610,0.019408,172.31.36.0-255,66,237461,19,237461
11611,0.0,172.31.36.0-255,130,130,19,1699
11612,0.00155,172.31.36.0-255,236,366,19,1699
11613,0.001585,172.31.36.0-255,377,743,19,1699
11614,0.003132,74.125.68.0-255,630,1373,19,1699
11615,0.004233,74.125.68.0-255,97,1470,19,1699
11616,0.004245,172.31.36.0-255,66,1536,19,1699
11617,0.011507,172.31.36.0-255,97,1633,19,1699
11618,0.019388,74.125.68.0-255,66,1699,19,1699
11619,0.0,172.217.194.0-255,153,153,19,289470
11620,3.3e-05,172.31.36.0-255,66,219,19,289470
11621,4e-05,172.217.194.0-255,1484,1703,19,289470
11622,4.4e-05,172.31.36.0-255,66,1769,19,289470
11623,4.9e-05,172.217.194.0-255,2902,4671,19,289470
11624,5.1e-05,172.31.36.0-255,66,4737,19,289470
11625,6e-05,172.217.194.0-255,7156,11893,19,289470
11626,6.3e-05,172.31.36.0-255,66,11959,19,289470
11627,7e-05,172.217.194.0-255,6329,18288,19,289470
11628,7.2e-05,172.31.36.0-255,66,18354,19,289470
11629,0.000122,172.217.194.0-255,5738,24092,19,289470
11630,0.000125,172.31.36.0-255,66,24158,19,289470
11631,0.000149,172.217.194.0-255,6797,30955,19,289470
11632,0.000151,172.31.36.0-255,66,31021,19,289470
11633,0.000166,172.217.194.0-255,1484,32505,19,289470
11634,0.000172,172.31.36.0-255,66,32571,19,289470
11635,0.000175,172.217.194.0-255,1484,34055,19,289470
11636,0.000179,172.31.36.0-255,66,34121,19,289470
11637,0.000192,172.217.194.0-255,1484,35605,19,289470
11638,0.000194,172.31.36.0-255,66,35671,19,289470
11639,0.000201,172.217.194.0-255,5738,41409,19,289470
11640,0.000204,172.31.36.0-255,66,41475,19,289470
11641,0.000231,172.31.36.0-255,66,41541,19,289470
11642,0.000264,172.217.194.0-255,2902,44443,19,289470
11643,0.000267,172.31.36.0-255,66,44509,19,289470
11644,0.000288,172.217.194.0-255,8468,52977,19,289470
11645,0.000291,172.31.36.0-255,66,53043,19,289470
11646,0.000834,172.217.194.0-255,114,53157,19,289470
11647,0.000839,172.31.36.0-255,66,53223,19,289470
11648,0.00101,172.217.194.0-255,1484,54707,19,289470
11649,0.001015,172.31.36.0-255,66,54773,19,289470
11650,0.001021,172.217.194.0-255,2902,57675,19,289470
11651,0.001023,172.31.36.0-255,66,57741,19,289470
11652,0.001029,172.217.194.0-255,4320,62061,19,289470
11653,0.001031,172.31.36.0-255,66,62127,19,289470
11654,0.001048,172.217.194.0-255,1484,63611,19,289470
11655,0.001056,172.217.194.0-255,5738,69349,19,289470
11656,0.001058,172.31.36.0-255,66,69415,19,289470
11657,0.001093,172.217.194.0-255,7156,76571,19,289470
11658,0.001097,172.31.36.0-255,66,76637,19,289470
11659,0.001108,172.217.194.0-255,10692,87329,19,289470
11660,0.00111,172.31.36.0-255,66,87395,19,289470
11661,0.001121,172.31.36.0-255,66,87461,19,289470
11662,0.001142,172.217.194.0-255,8574,96035,19,289470
11663,0.001144,172.31.36.0-255,66,96101,19,289470
11664,0.00118,172.31.36.0-255,66,96167,19,289470
11665,0.001196,172.217.194.0-255,5738,101905,19,289470
11666,0.0012,172.31.36.0-255,66,101971,19,289470
11667,0.001231,172.31.36.0-255,66,102037,19,289470
11668,0.001252,172.217.194.0-255,7856,109893,19,289470
11669,0.001255,172.31.36.0-255,66,109959,19,289470
11670,0.00126,172.217.194.0-255,4759,114718,19,289470
11671,0.001262,172.31.36.0-255,66,114784,19,289470
11672,0.001268,172.217.194.0-255,5738,120522,19,289470
11673,0.00127,172.31.36.0-255,66,120588,19,289470
11674,0.001276,172.217.194.0-255,5738,126326,19,289470
11675,0.001278,172.31.36.0-255,66,126392,19,289470
11676,0.001297,172.217.194.0-255,1484,127876,19,289470
11677,0.001334,172.31.36.0-255,66,127942,19,289470
11678,0.001343,172.217.194.0-255,9274,137216,19,289470
11679,0.001346,172.31.36.0-255,66,137282,19,289470
11680,0.00154,172.217.194.0-255,1484,138766,19,289470
11681,0.001545,172.217.194.0-255,2902,141668,19,289470
11682,0.001548,172.31.36.0-255,66,141734,19,289470
11683,0.001564,172.217.194.0-255,1484,143218,19,289470
11684,0.00158,172.217.194.0-255,4320,147538,19,289470
11685,0.001582,172.31.36.0-255,66,147604,19,289470
11686,0.00159,172.217.194.0-255,8574,156178,19,289470
11687,0.001592,172.31.36.0-255,66,156244,19,289470
11688,0.001606,172.217.194.0-255,4320,160564,19,289470
11689,0.001608,172.31.36.0-255,66,160630,19,289470
11690,0.001611,172.217.194.0-255,1484,162114,19,289470
11691,0.001628,172.217.194.0-255,1484,163598,19,289470
11692,0.00163,172.31.36.0-255,66,163664,19,289470
11693,0.001654,172.217.194.0-255,7856,171520,19,289470
11694,0.001656,172.31.36.0-255,66,171586,19,289470
11695,0.001716,172.217.194.0-255,1484,173070,19,289470
11696,0.001733,172.217.194.0-255,2902,175972,19,289470
11697,0.001736,172.31.36.0-255,66,176038,19,289470
11698,0.001757,172.217.194.0-255,5738,181776,19,289470
11699,0.001759,172.31.36.0-255,66,181842,19,289470
11700,0.001801,172.217.194.0-255,2902,184744,19,289470
11701,0.001803,172.31.36.0-255,66,184810,19,289470
11702,0.001834,172.217.194.0-255,9992,194802,19,289470
11703,0.001836,172.31.36.0-255,66,194868,19,289470
11704,0.001845,172.217.194.0-255,10692,205560,19,289470
11705,0.001847,172.31.36.0-255,66,205626,19,289470
11706,0.001851,172.217.194.0-255,2902,208528,19,289470
11707,0.001852,172.31.36.0-255,66,208594,19,289470
11708,0.001858,172.217.194.0-255,4320,212914,19,289470
11709,0.00186,172.31.36.0-255,66,212980,19,289470
11710,0.001864,172.217.194.0-255,2902,215882,19,289470
11711,0.001866,172.31.36.0-255,66,215948,19,289470
11712,0.001895,172.217.194.0-255,5738,221686,19,289470
11713,0.001897,172.31.36.0-255,66,221752,19,289470
11714,0.001908,172.31.36.0-255,66,221818,19,289470
11715,0.001924,172.217.194.0-255,6438,228256,19,289470
11716,0.001926,172.31.36.0-255,66,228322,19,289470
11717,0.002054,172.217.194.0-255,1484,229806,19,289470
11718,0.002073,172.217.194.0-255,2902,232708,19,289470
11719,0.002077,172.31.36.0-255,66,232774,19,289470
11720,0.002094,172.217.194.0-255,4320,237094,19,289470
11721,0.002098,172.31.36.0-255,66,237160,19,289470
11722,0.002114,172.217.194.0-255,1484,238644,19,289470
11723,0.002121,172.217.194.0-255,7156,245800,19,289470
11724,0.002124,172.31.36.0-255,66,245866,19,289470
11725,0.002162,172.31.36.0-255,66,245932,19,289470
11726,0.002217,172.217.194.0-255,2184,248116,19,289470
11727,0.00222,172.31.36.0-255,66,248182,19,289470
11728,0.004429,172.217.194.0-255,2902,251084,19,289470
11729,0.004434,172.31.36.0-255,66,251150,19,289470
11730,0.004511,172.217.194.0-255,2902,254052,19,289470
11731,0.004513,172.31.36.0-255,66,254118,19,289470
11732,0.006708,172.217.194.0-255,2902,257020,19,289470
11733,0.006714,172.31.36.0-255,66,257086,19,289470
11734,0.006809,172.217.194.0-255,2902,259988,19,289470
11735,0.006813,172.31.36.0-255,66,260054,19,289470
11736,0.009039,172.217.194.0-255,2902,262956,19,289470
11737,0.009045,172.31.36.0-255,66,263022,19,289470
11738,0.009097,172.217.194.0-255,2902,265924,19,289470
11739,0.009101,172.31.36.0-255,66,265990,19,289470
11740,0.011355,172.217.194.0-255,2902,268892,19,289470
11741,0.011364,172.31.36.0-255,66,268958,19,289470
11742,0.011444,172.217.194.0-255,2902,271860,19,289470
11743,0.011449,172.31.36.0-255,66,271926,19,289470
11744,0.013663,172.217.194.0-255,2902,274828,19,289470
11745,0.01367,172.31.36.0-255,66,274894,19,289470
11746,0.013696,172.217.194.0-255,2902,277796,19,289470
11747,0.013699,172.31.36.0-255,66,277862,19,289470
11748,0.016007,172.217.194.0-255,5738,283600,19,289470
11749,0.016018,172.31.36.0-255,66,283666,19,289470
11750,0.018319,172.217.194.0-255,5738,289404,19,289470
11751,0.018326,172.31.36.0-255,66,289470,19,289470
11752,0.0,74.125.200.0-255,148,148,19,236621
11753,3.1e-05,172.31.36.0-255,66,214,19,236621
11754,3.9e-05,74.125.200.0-255,1484,1698,19,236621
11755,4.3e-05,172.31.36.0-255,66,1764,19,236621
11756,4.6e-05,74.125.200.0-255,1484,3248,19,236621
11757,4.9e-05,172.31.36.0-255,66,3314,19,236621
11758,5.4e-05,74.125.200.0-255,2902,6216,19,236621
11759,5.7e-05,172.31.36.0-255,66,6282,19,236621
11760,6.3e-05,74.125.200.0-255,4320,10602,19,236621
11761,6.6e-05,172.31.36.0-255,66,10668,19,236621
11762,8.6e-05,74.125.200.0-255,1484,12152,19,236621
11763,8.8e-05,172.31.36.0-255,66,12218,19,236621
11764,9.3e-05,74.125.200.0-255,2037,14255,19,236621
11765,9.6e-05,172.31.36.0-255,66,14321,19,236621
11766,0.000126,74.125.200.0-255,2902,17223,19,236621
11767,0.000128,172.31.36.0-255,66,17289,19,236621
11768,0.000132,74.125.200.0-255,1484,18773,19,236621
11769,0.000134,172.31.36.0-255,66,18839,19,236621
11770,0.000152,74.125.200.0-255,5738,24577,19,236621
11771,0.000154,172.31.36.0-255,66,24643,19,236621
11772,0.000195,74.125.200.0-255,4320,28963,19,236621
11773,0.000198,172.31.36.0-255,66,29029,19,236621
11774,0.000233,74.125.200.0-255,2543,31572,19,236621
11775,0.000236,172.31.36.0-255,66,31638,19,236621
11776,0.00043,74.125.200.0-255,1484,33122,19,236621
11777,0.000434,74.125.200.0-255,2902,36024,19,236621
11778,0.000436,172.31.36.0-255,66,36090,19,236621
11779,0.000441,172.31.36.0-255,66,36156,19,236621
11780,0.000458,74.125.200.0-255,4320,40476,19,236621
11781,0.000461,172.31.36.0-255,66,40542,19,236621
11782,0.000488,74.125.200.0-255,5738,46280,19,236621
11783,0.000492,172.31.36.0-255,66,46346,19,236621
11784,0.000504,74.125.200.0-255,3961,50307,19,236621
11785,0.000508,172.31.36.0-255,66,50373,19,236621
11786,0.000512,74.125.200.0-255,2902,53275,19,236621
11787,0.000514,172.31.36.0-255,66,53341,19,236621
11788,0.000537,74.125.200.0-255,5738,59079,19,236621
11789,0.00054,172.31.36.0-255,66,59145,19,236621
11790,0.000555,74.125.200.0-255,1484,60629,19,236621
11791,0.000577,74.125.200.0-255,5659,66288,19,236621
11792,0.000581,172.31.36.0-255,66,66354,19,236621
11793,0.000677,74.125.200.0-255,377,66731,19,236621
11794,0.000802,74.125.200.0-255,1484,68215,19,236621
11795,0.000806,172.31.36.0-255,66,68281,19,236621
11796,0.000812,74.125.200.0-255,2902,71183,19,236621
11797,0.000815,172.31.36.0-255,66,71249,19,236621
11798,0.000838,74.125.200.0-255,5738,76987,19,236621
11799,0.000841,172.31.36.0-255,66,77053,19,236621
11800,0.000846,74.125.200.0-255,2902,79955,19,236621
11801,0.000848,172.31.36.0-255,66,80021,19,236621
11802,0.000853,74.125.200.0-255,4320,84341,19,236621
11803,0.000856,172.31.36.0-255,66,84407,19,236621
11804,0.000878,74.125.200.0-255,4320,88727,19,236621
11805,0.000881,172.31.36.0-255,66,88793,19,236621
11806,0.000905,74.125.200.0-255,4320,93113,19,236621
11807,0.000907,172.31.36.0-255,66,93179,19,236621
11808,0.000912,74.125.200.0-255,2902,96081,19,236621
11809,0.000913,172.31.36.0-255,66,96147,19,236621
11810,0.000918,74.125.200.0-255,4320,100467,19,236621
11811,0.000922,172.31.36.0-255,66,100533,19,236621
11812,0.000947,74.125.200.0-255,766,101299,19,236621
11813,0.001091,172.31.36.0-255,66,101365,19,236621
11814,0.001404,74.125.200.0-255,1484,102849,19,236621
11815,0.001425,74.125.200.0-255,2902,105751,19,236621
11816,0.00143,172.31.36.0-255,66,105817,19,236621
11817,0.001468,74.125.200.0-255,1484,107301,19,236621
11818,0.001472,74.125.200.0-255,1484,108785,19,236621
11819,0.001475,172.31.36.0-255,66,108851,19,236621
11820,0.001494,74.125.200.0-255,1484,110335,19,236621
11821,0.0015,74.125.200.0-255,4320,114655,19,236621
11822,0.001503,172.31.36.0-255,66,114721,19,236621
11823,0.001521,74.125.200.0-255,4320,119041,19,236621
11824,0.001524,172.31.36.0-255,66,119107,19,236621
11825,0.001542,74.125.200.0-255,1484,120591,19,236621
11826,0.001572,74.125.200.0-255,9992,130583,19,236621
11827,0.001575,172.31.36.0-255,66,130649,19,236621
11828,0.001602,74.125.200.0-255,1484,132133,19,236621
11829,0.001618,74.125.200.0-255,1484,133617,19,236621
11830,0.001622,172.31.36.0-255,66,133683,19,236621
11831,0.001639,74.125.200.0-255,1484,135167,19,236621
11832,0.001643,74.125.200.0-255,766,135933,19,236621
11833,0.001645,172.31.36.0-255,66,135999,19,236621
11834,0.001789,74.125.200.0-255,1484,137483,19,236621
11835,0.001795,74.125.200.0-255,1484,138967,19,236621
11836,0.001798,172.31.36.0-255,66,139033,19,236621
11837,0.001819,74.125.200.0-255,1484,140517,19,236621
11838,0.001824,74.125.200.0-255,1484,142001,19,236621
11839,0.001827,172.31.36.0-255,66,142067,19,236621
11840,0.001832,74.125.200.0-255,2902,144969,19,236621
11841,0.001834,172.31.36.0-255,66,145035,19,236621
11842,0.001864,74.125.200.0-255,5738,150773,19,236621
11843,0.001868,172.31.36.0-255,66,150839,19,236621
11844,0.001915,74.125.200.0-255,4320,155159,19,236621
11845,0.001919,172.31.36.0-255,66,155225,19,236621
11846,0.001947,74.125.200.0-255,5738,160963,19,236621
11847,0.001951,172.31.36.0-255,66,161029,19,236621
11848,0.001966,74.125.200.0-255,1484,162513,19,236621
11849,0.002003,74.125.200.0-255,2902,165415,19,236621
11850,0.002007,172.31.36.0-255,66,165481,19,236621
11851,0.002049,74.125.200.0-255,4320,169801,19,236621
11852,0.002054,172.31.36.0-255,66,169867,19,236621
11853,0.002057,74.125.200.0-255,766,170633,19,236621
11854,0.002323,74.125.200.0-255,1484,172117,19,236621
11855,0.00233,172.31.36.0-255,66,172183,19,236621
11856,0.002336,74.125.200.0-255,2902,175085,19,236621
11857,0.002339,172.31.36.0-255,66,175151,19,236621
11858,0.002345,74.125.200.0-255,4320,179471,19,236621
11859,0.002347,172.31.36.0-255,66,179537,19,236621
11860,0.00237,74.125.200.0-255,1484,181021,19,236621
11861,0.002379,74.125.200.0-255,7156,188177,19,236621
11862,0.002382,172.31.36.0-255,66,188243,19,236621
11863,0.002385,74.125.200.0-255,1484,189727,19,236621
11864,0.002408,74.125.200.0-255,7156,196883,19,236621
11865,0.002411,172.31.36.0-255,66,196949,19,236621
11866,0.004774,74.125.200.0-255,4320,201269,19,236621
11867,0.004782,172.31.36.0-255,66,201335,19,236621
11868,0.004798,74.125.200.0-255,1484,202819,19,236621
11869,0.007134,74.125.200.0-255,4320,207139,19,236621
11870,0.007141,172.31.36.0-255,66,207205,19,236621
11871,0.009501,74.125.200.0-255,5738,212943,19,236621
11872,0.009509,172.31.36.0-255,66,213009,19,236621
11873,0.011862,74.125.200.0-255,5738,218747,19,236621
11874,0.01187,172.31.36.0-255,66,218813,19,236621
11875,0.014228,74.125.200.0-255,2902,221715,19,236621
11876,0.014236,172.31.36.0-255,66,221781,19,236621
11877,0.014274,74.125.200.0-255,2902,224683,19,236621
11878,0.014277,172.31.36.0-255,66,224749,19,236621
11879,0.016598,74.125.200.0-255,2902,227651,19,236621
11880,0.016608,172.31.36.0-255,66,227717,19,236621
11881,0.016648,74.125.200.0-255,2902,230619,19,236621
11882,0.016652,172.31.36.0-255,66,230685,19,236621
11883,0.018973,74.125.200.0-255,2902,233587,19,236621
11884,0.018981,172.31.36.0-255,66,233653,19,236621
11885,0.019016,74.125.200.0-255,2902,236555,19,236621
11886,0.019019,172.31.36.0-255,66,236621,19,236621
11887,0.0,172.217.194.0-255,153,153,19,241880
11888,1.7e-05,172.31.36.0-255,66,219,19,241880
11889,2.4e-05,172.217.194.0-255,1484,1703,19,241880
11890,2.9e-05,172.31.36.0-255,66,1769,19,241880
11891,3.5e-05,172.217.194.0-255,2902,4671,19,241880
11892,3.8e-05,172.31.36.0-255,66,4737,19,241880
11893,4.5e-05,172.217.194.0-255,5738,10475,19,241880
11894,4.8e-05,172.31.36.0-255,66,10541,19,241880
11895,5.6e-05,172.217.194.0-255,6321,16862,19,241880
11896,5.9e-05,172.31.36.0-255,66,16928,19,241880
11897,6.3e-05,172.217.194.0-255,1484,18412,19,241880
11898,6.5e-05,172.31.36.0-255,66,18478,19,241880
11899,0.000104,172.31.36.0-255,66,18544,19,241880
11900,0.000144,172.217.194.0-255,1484,20028,19,241880
11901,0.000146,172.31.36.0-255,66,20094,19,241880
11902,0.000151,172.217.194.0-255,2902,22996,19,241880
11903,0.000153,172.31.36.0-255,66,23062,19,241880
11904,0.000156,172.217.194.0-255,1484,24546,19,241880
11905,0.000158,172.31.36.0-255,66,24612,19,241880
11906,0.000183,172.217.194.0-255,4320,28932,19,241880
11907,0.000186,172.217.194.0-255,1484,30416,19,241880
11908,0.00019,172.31.36.0-255,66,30482,19,241880
11909,0.000192,172.31.36.0-255,66,30548,19,241880
11910,0.000211,172.217.194.0-255,5379,35927,19,241880
11911,0.000214,172.31.36.0-255,66,35993,19,241880
11912,0.000219,172.217.194.0-255,4320,40313,19,241880
11913,0.000221,172.31.36.0-255,66,40379,19,241880
11914,0.000251,172.217.194.0-255,9992,50371,19,241880
11915,0.000253,172.31.36.0-255,66,50437,19,241880
11916,0.000257,172.217.194.0-255,2833,53270,19,241880
11917,0.00026,172.31.36.0-255,66,53336,19,241880
11918,0.000264,172.217.194.0-255,98,53434,19,241880
11919,0.00032,172.217.194.0-255,1484,54918,19,241880
11920,0.000324,172.31.36.0-255,66,54984,19,241880
11921,0.00033,172.217.194.0-255,2902,57886,19,241880
11922,0.000332,172.31.36.0-255,66,57952,19,241880
11923,0.000336,172.217.194.0-255,2902,60854,19,241880
11924,0.000339,172.31.36.0-255,66,60920,19,241880
11925,0.000362,172.217.194.0-255,2902,63822,19,241880
11926,0.000365,172.31.36.0-255,66,63888,19,241880
11927,0.000381,172.217.194.0-255,1484,65372,19,241880
11928,0.000403,172.217.194.0-255,5379,70751,19,241880
11929,0.000406,172.31.36.0-255,66,70817,19,241880
11930,0.000412,172.217.194.0-255,5738,76555,19,241880
11931,0.000414,172.31.36.0-255,66,76621,19,241880
11932,0.000425,172.217.194.0-255,1484,78105,19,241880
11933,0.000447,172.217.194.0-255,7156,85261,19,241880
11934,0.000449,172.31.36.0-255,66,85327,19,241880
11935,0.000469,172.217.194.0-255,2842,88169,19,241880
11936,0.000472,172.31.36.0-255,66,88235,19,241880
11937,0.000672,172.217.194.0-255,1484,89719,19,241880
11938,0.000679,172.217.194.0-255,2902,92621,19,241880
11939,0.000683,172.31.36.0-255,66,92687,19,241880
11940,0.00069,172.217.194.0-255,5738,98425,19,241880
11941,0.000692,172.31.36.0-255,66,98491,19,241880
11942,0.000718,172.31.36.0-255,66,98557,19,241880
11943,0.000741,172.217.194.0-255,1484,100041,19,241880
11944,0.000746,172.217.194.0-255,2902,102943,19,241880
11945,0.000748,172.31.36.0-255,66,103009,19,241880
11946,0.000771,172.217.194.0-255,7856,110865,19,241880
11947,0.000774,172.31.36.0-255,66,110931,19,241880
11948,0.001157,172.217.194.0-255,1484,112415,19,241880
11949,0.001164,172.217.194.0-255,2902,115317,19,241880
11950,0.001168,172.31.36.0-255,66,115383,19,241880
11951,0.001172,172.217.194.0-255,1484,116867,19,241880
11952,0.001189,172.217.194.0-255,4320,121187,19,241880
11953,0.001191,172.31.36.0-255,66,121253,19,241880
11954,0.001196,172.217.194.0-255,4320,125573,19,241880
11955,0.001199,172.31.36.0-255,66,125639,19,241880
11956,0.001221,172.217.194.0-255,5738,131377,19,241880
11957,0.001224,172.31.36.0-255,66,131443,19,241880
11958,0.001259,172.217.194.0-255,5738,137181,19,241880
11959,0.001262,172.31.36.0-255,66,137247,19,241880
11960,0.001289,172.217.194.0-255,7856,145103,19,241880
11961,0.001291,172.31.36.0-255,66,145169,19,241880
11962,0.001348,172.217.194.0-255,1484,146653,19,241880
11963,0.001353,172.217.194.0-255,2902,149555,19,241880
11964,0.001355,172.31.36.0-255,66,149621,19,241880
11965,0.001393,172.217.194.0-255,2902,152523,19,241880
11966,0.001395,172.31.36.0-255,66,152589,19,241880
11967,0.001427,172.217.194.0-255,2902,155491,19,241880
11968,0.00143,172.31.36.0-255,66,155557,19,241880
11969,0.001445,172.31.36.0-255,66,155623,19,241880
11970,0.001453,172.217.194.0-255,8574,164197,19,241880
11971,0.001455,172.31.36.0-255,66,164263,19,241880
11972,0.001459,172.217.194.0-255,2184,166447,19,241880
11973,0.001461,172.31.36.0-255,66,166513,19,241880
11974,0.001521,172.217.194.0-255,1484,167997,19,241880
11975,0.001537,172.217.194.0-255,2902,170899,19,241880
11976,0.00154,172.31.36.0-255,66,170965,19,241880
11977,0.001547,172.217.194.0-255,5738,176703,19,241880
11978,0.001549,172.31.36.0-255,66,176769,19,241880
11979,0.001554,172.217.194.0-255,2902,179671,19,241880
11980,0.001556,172.31.36.0-255,66,179737,19,241880
11981,0.001574,172.217.194.0-255,2902,182639,19,241880
11982,0.001576,172.31.36.0-255,66,182705,19,241880
11983,0.001593,172.217.194.0-255,1484,184189,19,241880
11984,0.001626,172.31.36.0-255,66,184255,19,241880
11985,0.001634,172.217.194.0-255,7156,191411,19,241880
11986,0.001636,172.31.36.0-255,66,191477,19,241880
11987,0.001651,172.217.194.0-255,3602,195079,19,241880
11988,0.001654,172.31.36.0-255,66,195145,19,241880
11989,0.001671,172.31.36.0-255,66,195211,19,241880
11990,0.001688,172.31.36.0-255,66,195277,19,241880
11991,0.001694,172.217.194.0-255,4320,199597,19,241880
11992,0.001696,172.31.36.0-255,66,199663,19,241880
11993,0.001724,172.31.36.0-255,66,199729,19,241880
11994,0.001733,172.217.194.0-255,8574,208303,19,241880
11995,0.001735,172.31.36.0-255,66,208369,19,241880
11996,0.001756,172.217.194.0-255,7156,215525,19,241880
11997,0.001759,172.31.36.0-255,66,215591,19,241880
11998,0.001776,172.217.194.0-255,7156,222747,19,241880
11999,0.001779,172.31.36.0-255,66,222813,19,241880
12000,0.001808,172.31.36.0-255,66,222879,19,241880
12001,0.001825,172.217.194.0-255,3602,226481,19,241880
12002,0.001828,172.31.36.0-255,66,226547,19,241880
12003,0.001845,172.31.36.0-255,66,226613,19,241880
12004,0.001882,172.31.36.0-255,66,226679,19,241880
12005,0.001934,172.31.36.0-255,66,226745,19,241880
12006,0.001944,172.217.194.0-255,2184,228929,19,241880
12007,0.001967,172.217.194.0-255,10692,239621,19,241880
12008,0.00197,172.217.194.0-255,1484,241105,19,241880
12009,0.001991,172.217.194.0-255,367,241472,19,241880
12010,0.001994,172.31.36.0-255,66,241538,19,241880
12011,0.002041,172.217.194.0-255,105,241643,19,241880
12012,0.004397,172.31.36.0-255,66,241709,19,241880
12013,0.004434,172.31.36.0-255,105,241814,19,241880
12014,0.006902,172.217.194.0-255,66,241880,19,241880
12015,0.0,74.125.200.0-255,153,153,19,250096
12016,3.1e-05,172.31.36.0-255,66,219,19,250096
12017,3.8e-05,74.125.200.0-255,1484,1703,19,250096
12018,4.2e-05,172.31.36.0-255,66,1769,19,250096
12019,5.5e-05,74.125.200.0-255,2902,4671,19,250096
12020,5.7e-05,172.31.36.0-255,66,4737,19,250096
12021,8.3e-05,74.125.200.0-255,5738,10475,19,250096
12022,8.6e-05,172.31.36.0-255,66,10541,19,250096
12023,0.000127,74.125.200.0-255,3501,14042,19,250096
12024,0.000131,172.31.36.0-255,66,14108,19,250096
12025,0.000136,74.125.200.0-255,2902,17010,19,250096
12026,0.000138,172.31.36.0-255,66,17076,19,250096
12027,0.000165,74.125.200.0-255,1484,18560,19,250096
12028,0.000169,172.31.36.0-255,66,18626,19,250096
12029,0.000179,74.125.200.0-255,9992,28618,19,250096
12030,0.000182,172.31.36.0-255,66,28684,19,250096
12031,0.000184,74.125.200.0-255,1484,30168,19,250096
12032,0.000187,172.31.36.0-255,66,30234,19,250096
12033,0.00021,74.125.200.0-255,1125,31359,19,250096
12034,0.000214,172.31.36.0-255,66,31425,19,250096
12035,0.000279,74.125.200.0-255,1484,32909,19,250096
12036,0.000282,172.31.36.0-255,66,32975,19,250096
12037,0.000288,74.125.200.0-255,2902,35877,19,250096
12038,0.000291,172.31.36.0-255,66,35943,19,250096
12039,0.000341,74.125.200.0-255,5738,41681,19,250096
12040,0.000345,172.31.36.0-255,66,41747,19,250096
12041,0.000348,74.125.200.0-255,1484,43231,19,250096
12042,0.000351,172.31.36.0-255,66,43297,19,250096
12043,0.000356,74.125.200.0-255,2902,46199,19,250096
12044,0.000358,172.31.36.0-255,66,46265,19,250096
12045,0.000398,74.125.200.0-255,5379,51644,19,250096
12046,0.000402,172.31.36.0-255,66,51710,19,250096
12047,0.000407,74.125.200.0-255,5738,57448,19,250096
12048,0.000433,74.125.200.0-255,8488,65936,19,250096
12049,0.000433,172.31.36.0-255,66,66002,19,250096
12050,0.000439,172.31.36.0-255,66,66068,19,250096
12051,0.00049,74.125.200.0-255,126,66194,19,250096
12052,0.000713,74.125.200.0-255,1484,67678,19,250096
12053,0.000717,172.31.36.0-255,66,67744,19,250096
12054,0.000723,74.125.200.0-255,2902,70646,19,250096
12055,0.000726,74.125.200.0-255,1484,72130,19,250096
12056,0.000735,172.31.36.0-255,66,72196,19,250096
12057,0.000744,74.125.200.0-255,2902,75098,19,250096
12058,0.000751,172.31.36.0-255,66,75164,19,250096
12059,0.000774,74.125.200.0-255,2902,78066,19,250096
12060,0.000778,172.31.36.0-255,66,78132,19,250096
12061,0.000795,74.125.200.0-255,4320,82452,19,250096
12062,0.000801,172.31.36.0-255,66,82518,19,250096
12063,0.000824,74.125.200.0-255,8574,91092,19,250096
12064,0.000828,74.125.200.0-255,4320,95412,19,250096
12065,0.000829,172.31.36.0-255,66,95478,19,250096
12066,0.000845,172.31.36.0-255,66,95544,19,250096
12067,0.000861,74.125.200.0-255,5020,100564,19,250096
12068,0.000864,74.125.200.0-255,352,100916,19,250096
12069,0.000869,172.31.36.0-255,66,100982,19,250096
12070,0.000932,74.125.200.0-255,1484,102466,19,250096
12071,0.000951,74.125.200.0-255,2902,105368,19,250096
12072,0.000958,172.31.36.0-255,66,105434,19,250096
12073,0.000989,74.125.200.0-255,5738,111172,19,250096
12074,0.000992,74.125.200.0-255,1484,112656,19,250096
12075,0.001016,172.31.36.0-255,66,112722,19,250096
12076,0.001043,74.125.200.0-255,1484,114206,19,250096
12077,0.001047,74.125.200.0-255,1484,115690,19,250096
12078,0.00106,172.31.36.0-255,66,115756,19,250096
12079,0.00106,74.125.200.0-255,1484,117240,19,250096
12080,0.001084,74.125.200.0-255,1484,118724,19,250096
12081,0.001087,172.31.36.0-255,66,118790,19,250096
12082,0.001093,74.125.200.0-255,2902,121692,19,250096
12083,0.001102,172.31.36.0-255,66,121758,19,250096
12084,0.001125,74.125.200.0-255,5738,127496,19,250096
12085,0.00113,172.31.36.0-255,66,127562,19,250096
12086,0.001133,74.125.200.0-255,7156,134718,19,250096
12087,0.001141,172.31.36.0-255,66,134784,19,250096
12088,0.001172,74.125.200.0-255,766,135550,19,250096
12089,0.001249,74.125.200.0-255,1484,137034,19,250096
12090,0.001261,172.31.36.0-255,66,137100,19,250096
12091,0.001264,74.125.200.0-255,1484,138584,19,250096
12092,0.001288,74.125.200.0-255,1484,140068,19,250096
12093,0.001291,172.31.36.0-255,66,140134,19,250096
12094,0.001295,74.125.200.0-255,1484,141618,19,250096
12095,0.001299,74.125.200.0-255,2902,144520,19,250096
12096,0.001312,172.31.36.0-255,66,144586,19,250096
12097,0.001334,74.125.200.0-255,5738,150324,19,250096
12098,0.001343,172.31.36.0-255,66,150390,19,250096
12099,0.001366,74.125.200.0-255,1484,151874,19,250096
12100,0.001387,74.125.200.0-255,1484,153358,19,250096
12101,0.001394,172.31.36.0-255,66,153424,19,250096
12102,0.001399,74.125.200.0-255,2902,156326,19,250096
12103,0.001408,172.31.36.0-255,66,156392,19,250096
12104,0.00144,74.125.200.0-255,2902,159294,19,250096
12105,0.001468,74.125.200.0-255,4320,163614,19,250096
12106,0.001468,172.31.36.0-255,66,163680,19,250096
12107,0.001479,172.31.36.0-255,66,163746,19,250096
12108,0.001492,74.125.200.0-255,1484,165230,19,250096
12109,0.001518,74.125.200.0-255,2902,168132,19,250096
12110,0.00153,172.31.36.0-255,66,168198,19,250096
12111,0.001554,74.125.200.0-255,2184,170382,19,250096
12112,0.001564,172.31.36.0-255,66,170448,19,250096
12113,0.001683,74.125.200.0-255,1484,171932,19,250096
12114,0.001703,74.125.200.0-255,2902,174834,19,250096
12115,0.001707,172.31.36.0-255,66,174900,19,250096
12116,0.001711,74.125.200.0-255,1484,176384,19,250096
12117,0.001735,74.125.200.0-255,4320,180704,19,250096
12118,0.001739,74.125.200.0-255,2902,183606,19,250096
12119,0.001742,172.31.36.0-255,66,183672,19,250096
12120,0.001789,74.125.200.0-255,4320,187992,19,250096
12121,0.001804,172.31.36.0-255,66,188058,19,250096
12122,0.001813,74.125.200.0-255,5738,193796,19,250096
12123,0.001818,172.31.36.0-255,66,193862,19,250096
12124,0.001831,74.125.200.0-255,1484,195346,19,250096
12125,0.001857,74.125.200.0-255,2902,198248,19,250096
12126,0.001863,172.31.36.0-255,66,198314,19,250096
12127,0.001891,74.125.200.0-255,4320,202634,19,250096
12128,0.001894,172.31.36.0-255,66,202700,19,250096
12129,0.001939,74.125.200.0-255,2184,204884,19,250096
12130,0.001947,172.31.36.0-255,66,204950,19,250096
12131,0.002237,74.125.200.0-255,1484,206434,19,250096
12132,0.002246,74.125.200.0-255,1484,207918,19,250096
12133,0.00225,172.31.36.0-255,66,207984,19,250096
12134,0.002256,74.125.200.0-255,2902,210886,19,250096
12135,0.002284,74.125.200.0-255,5738,216624,19,250096
12136,0.002304,74.125.200.0-255,2902,219526,19,250096
12137,0.002307,74.125.200.0-255,1484,221010,19,250096
12138,0.00751,172.31.36.0-255,66,221076,19,250096
12139,0.009807,74.125.200.0-255,5738,226814,19,250096
12140,0.009816,172.31.36.0-255,66,226880,19,250096
12141,0.012102,74.125.200.0-255,5738,232618,19,250096
12142,0.012114,172.31.36.0-255,66,232684,19,250096
12143,0.014409,74.125.200.0-255,5738,238422,19,250096
12144,0.01442,172.31.36.0-255,66,238488,19,250096
12145,0.016715,74.125.200.0-255,5738,244226,19,250096
12146,0.016723,172.31.36.0-255,66,244292,19,250096
12147,0.019006,74.125.200.0-255,5738,250030,19,250096
12148,0.019014,172.31.36.0-255,66,250096,19,250096
12149,0.0,172.253.118.0-255,153,153,19,284279
12150,2.3e-05,172.31.36.0-255,66,219,19,284279
12151,3e-05,172.253.118.0-255,1484,1703,19,284279
12152,3.5e-05,172.31.36.0-255,66,1769,19,284279
12153,4.8e-05,172.253.118.0-255,2902,4671,19,284279
12154,5.1e-05,172.31.36.0-255,66,4737,19,284279
12155,5.8e-05,172.253.118.0-255,5738,10475,19,284279
12156,6.1e-05,172.31.36.0-255,66,10541,19,284279
12157,0.000109,172.31.36.0-255,66,10607,19,284279
12158,0.000141,172.253.118.0-255,8215,18822,19,284279
12159,0.000145,172.31.36.0-255,66,18888,19,284279
12160,0.000245,172.253.118.0-255,1484,20372,19,284279
12161,0.000248,172.31.36.0-255,66,20438,19,284279
12162,0.000277,172.253.118.0-255,2902,23340,19,284279
12163,0.00028,172.31.36.0-255,66,23406,19,284279
12164,0.000286,172.253.118.0-255,2902,26308,19,284279
12165,0.000288,172.31.36.0-255,66,26374,19,284279
12166,0.000323,172.253.118.0-255,7156,33530,19,284279
12167,0.000326,172.31.36.0-255,66,33596,19,284279
12168,0.000355,172.253.118.0-255,3961,37557,19,284279
12169,0.000358,172.31.36.0-255,66,37623,19,284279
12170,0.000363,172.253.118.0-255,4320,41943,19,284279
12171,0.000366,172.31.36.0-255,66,42009,19,284279
12172,0.000374,172.253.118.0-255,7156,49165,19,284279
12173,0.000376,172.31.36.0-255,66,49231,19,284279
12174,0.000409,172.253.118.0-255,2902,52133,19,284279
12175,0.000412,172.31.36.0-255,66,52199,19,284279
12176,0.000416,172.253.118.0-255,1400,53599,19,284279
12177,0.000417,172.31.36.0-255,66,53665,19,284279
12178,0.00042,172.253.118.0-255,131,53796,19,284279
12179,0.000422,172.31.36.0-255,66,53862,19,284279
12180,0.00043,172.253.118.0-255,347,54209,19,284279
12181,0.000738,172.253.118.0-255,1484,55693,19,284279
12182,0.000743,172.31.36.0-255,66,55759,19,284279
12183,0.000775,172.253.118.0-255,2902,58661,19,284279
12184,0.000777,172.31.36.0-255,66,58727,19,284279
12185,0.000804,172.253.118.0-255,4320,63047,19,284279
12186,0.000806,172.31.36.0-255,66,63113,19,284279
12187,0.000813,172.253.118.0-255,5738,68851,19,284279
12188,0.000816,172.31.36.0-255,66,68917,19,284279
12189,0.000846,172.253.118.0-255,8574,77491,19,284279
12190,0.000848,172.31.36.0-255,66,77557,19,284279
12191,0.000878,172.253.118.0-255,2902,80459,19,284279
12192,0.000881,172.31.36.0-255,66,80525,19,284279
12193,0.00089,172.253.118.0-255,7856,88381,19,284279
12194,0.000892,172.31.36.0-255,66,88447,19,284279
12195,0.000899,172.253.118.0-255,1484,89931,19,284279
12196,0.00092,172.253.118.0-255,2902,92833,19,284279
12197,0.000923,172.31.36.0-255,66,92899,19,284279
12198,0.00095,172.253.118.0-255,4320,97219,19,284279
12199,0.000953,172.31.36.0-255,66,97285,19,284279
12200,0.000977,172.253.118.0-255,1484,98769,19,284279
12201,0.000982,172.253.118.0-255,2902,101671,19,284279
12202,0.000985,172.31.36.0-255,66,101737,19,284279
12203,0.000995,172.253.118.0-255,9992,111729,19,284279
12204,0.000997,172.31.36.0-255,66,111795,19,284279
12205,0.001,172.253.118.0-255,1484,113279,19,284279
12206,0.001028,172.253.118.0-255,4320,117599,19,284279
12207,0.001035,172.31.36.0-255,66,117665,19,284279
12208,0.001068,172.253.118.0-255,5020,122685,19,284279
12209,0.001071,172.31.36.0-255,66,122751,19,284279
12210,0.001083,172.253.118.0-255,2902,125653,19,284279
12211,0.001092,172.31.36.0-255,66,125719,19,284279
12212,0.001119,172.253.118.0-255,2902,128621,19,284279
12213,0.001122,172.31.36.0-255,66,128687,19,284279
12214,0.001127,172.253.118.0-255,4320,133007,19,284279
12215,0.001129,172.31.36.0-255,66,133073,19,284279
12216,0.001146,172.31.36.0-255,66,133139,19,284279
12217,0.00115,172.253.118.0-255,1484,134623,19,284279
12218,0.00118,172.253.118.0-255,2902,137525,19,284279
12219,0.001182,172.31.36.0-255,66,137591,19,284279
12220,0.001189,172.253.118.0-255,5738,143329,19,284279
12221,0.001191,172.31.36.0-255,66,143395,19,284279
12222,0.0012,172.253.118.0-255,2184,145579,19,284279
12223,0.001203,172.31.36.0-255,66,145645,19,284279
12224,0.001272,172.253.118.0-255,1484,147129,19,284279
12225,0.001279,172.253.118.0-255,2902,150031,19,284279
12226,0.001282,172.31.36.0-255,66,150097,19,284279
12227,0.001314,172.253.118.0-255,5738,155835,19,284279
12228,0.001321,172.253.118.0-255,7156,162991,19,284279
12229,0.001326,172.31.36.0-255,66,163057,19,284279
12230,0.001329,172.31.36.0-255,66,163123,19,284279
12231,0.00136,172.31.36.0-255,66,163189,19,284279
12232,0.001364,172.253.118.0-255,2184,165373,19,284279
12233,0.001367,172.31.36.0-255,66,165439,19,284279
12234,0.001596,172.253.118.0-255,1484,166923,19,284279
12235,0.001603,172.253.118.0-255,2902,169825,19,284279
12236,0.001606,172.31.36.0-255,66,169891,19,284279
12237,0.001639,172.253.118.0-255,5738,175629,19,284279
12238,0.001642,172.31.36.0-255,66,175695,19,284279
12239,0.001696,172.253.118.0-255,9992,185687,19,284279
12240,0.001699,172.31.36.0-255,66,185753,19,284279
12241,0.001713,172.253.118.0-255,2902,188655,19,284279
12242,0.001716,172.31.36.0-255,66,188721,19,284279
12243,0.001738,172.253.118.0-255,8574,197295,19,284279
12244,0.00174,172.31.36.0-255,66,197361,19,284279
12245,0.001777,172.253.118.0-255,2184,199545,19,284279
12246,0.00178,172.31.36.0-255,66,199611,19,284279
12247,0.00195,172.253.118.0-255,1484,201095,19,284279
12248,0.001968,172.253.118.0-255,2902,203997,19,284279
12249,0.001971,172.31.36.0-255,66,204063,19,284279
12250,0.001978,172.253.118.0-255,4320,208383,19,284279
12251,0.00198,172.31.36.0-255,66,208449,19,284279
12252,0.002009,172.253.118.0-255,1484,209933,19,284279
12253,0.002029,172.31.36.0-255,66,209999,19,284279
12254,0.002036,172.253.118.0-255,5738,215737,19,284279
12255,0.002038,172.31.36.0-255,66,215803,19,284279
12256,0.002062,172.253.118.0-255,2902,218705,19,284279
12257,0.002064,172.31.36.0-255,66,218771,19,284279
12258,0.002081,172.253.118.0-255,2184,220955,19,284279
12259,0.002084,172.31.36.0-255,66,221021,19,284279
12260,0.002209,172.253.118.0-255,1484,222505,19,284279
12261,0.002263,172.253.118.0-255,2902,225407,19,284279
12262,0.002267,172.31.36.0-255,66,225473,19,284279
12263,0.002274,172.253.118.0-255,5738,231211,19,284279
12264,0.002276,172.31.36.0-255,66,231277,19,284279
12265,0.002293,172.31.36.0-255,66,231343,19,284279
12266,0.002299,172.253.118.0-255,4320,235663,19,284279
12267,0.002301,172.31.36.0-255,66,235729,19,284279
12268,0.002344,172.253.118.0-255,7856,243585,19,284279
12269,0.002348,172.31.36.0-255,66,243651,19,284279
12270,0.004641,172.253.118.0-255,5738,249389,19,284279
12271,0.004648,172.31.36.0-255,66,249455,19,284279
12272,0.006933,172.253.118.0-255,5738,255193,19,284279
12273,0.006936,172.31.36.0-255,66,255259,19,284279
12274,0.009245,172.253.118.0-255,5738,260997,19,284279
12275,0.009258,172.31.36.0-255,66,261063,19,284279
12276,0.011558,172.253.118.0-255,5738,266801,19,284279
12277,0.011566,172.31.36.0-255,66,266867,19,284279
12278,0.01389,172.253.118.0-255,5738,272605,19,284279
12279,0.0139,172.31.36.0-255,66,272671,19,284279
12280,0.016196,172.253.118.0-255,5738,278409,19,284279
12281,0.016207,172.31.36.0-255,66,278475,19,284279
12282,0.018535,172.253.118.0-255,5738,284213,19,284279
12283,0.018549,172.31.36.0-255,66,284279,19,284279
12284,0.0,172.217.194.0-255,153,153,19,334753
12285,2.1e-05,172.31.36.0-255,66,219,19,334753
12286,2.7e-05,172.217.194.0-255,1484,1703,19,334753
12287,3.1e-05,172.31.36.0-255,66,1769,19,334753
12288,3.4e-05,172.217.194.0-255,1484,3253,19,334753
12289,4.7e-05,172.31.36.0-255,66,3319,19,334753
12290,6.5e-05,172.217.194.0-255,1484,4803,19,334753
12291,6.8e-05,172.31.36.0-255,66,4869,19,334753
12292,8e-05,172.217.194.0-255,7156,12025,19,334753
12293,8.2e-05,172.31.36.0-255,66,12091,19,334753
12294,8.6e-05,172.217.194.0-255,2147,14238,19,334753
12295,8.8e-05,172.31.36.0-255,66,14304,19,334753
12296,0.000127,172.217.194.0-255,1484,15788,19,334753
12297,0.000131,172.31.36.0-255,66,15854,19,334753
12298,0.000135,172.217.194.0-255,2902,18756,19,334753
12299,0.000137,172.31.36.0-255,66,18822,19,334753
12300,0.000169,172.217.194.0-255,5738,24560,19,334753
12301,0.000172,172.31.36.0-255,66,24626,19,334753
12302,0.000215,172.217.194.0-255,4320,28946,19,334753
12303,0.00022,172.31.36.0-255,66,29012,19,334753
12304,0.000229,172.217.194.0-255,2543,31555,19,334753
12305,0.000232,172.31.36.0-255,66,31621,19,334753
12306,0.000242,172.217.194.0-255,4320,35941,19,334753
12307,0.000246,172.31.36.0-255,66,36007,19,334753
12308,0.000285,172.217.194.0-255,2902,38909,19,334753
12309,0.000289,172.31.36.0-255,66,38975,19,334753
12310,0.000298,172.217.194.0-255,9633,48608,19,334753
12311,0.000305,172.31.36.0-255,66,48674,19,334753
12312,0.000328,172.217.194.0-255,5738,54412,19,334753
12313,0.000331,172.31.36.0-255,66,54478,19,334753
12314,0.000358,172.217.194.0-255,4320,58798,19,334753
12315,0.000361,172.31.36.0-255,66,58864,19,334753
12316,0.000364,172.217.194.0-255,1484,60348,19,334753
12317,0.000396,172.217.194.0-255,5654,66002,19,334753
12318,0.0004,172.31.36.0-255,66,66068,19,334753
12319,0.000403,172.217.194.0-255,118,66186,19,334753
12320,0.000449,172.217.194.0-255,382,66568,19,334753
12321,0.001073,172.217.194.0-255,1484,68052,19,334753
12322,0.001079,172.31.36.0-255,66,68118,19,334753
12323,0.001085,172.217.194.0-255,2902,71020,19,334753
12324,0.001087,172.31.36.0-255,66,71086,19,334753
12325,0.001092,172.217.194.0-255,4320,75406,19,334753
12326,0.0011,172.31.36.0-255,66,75472,19,334753
12327,0.001122,172.217.194.0-255,1484,76956,19,334753
12328,0.00114,172.31.36.0-255,66,77022,19,334753
12329,0.001146,172.217.194.0-255,5738,82760,19,334753
12330,0.001147,172.31.36.0-255,66,82826,19,334753
12331,0.001186,172.217.194.0-255,5020,87846,19,334753
12332,0.001189,172.31.36.0-255,66,87912,19,334753
12333,0.001231,172.217.194.0-255,2902,90814,19,334753
12334,0.001235,172.31.36.0-255,66,90880,19,334753
12335,0.001238,172.217.194.0-255,1484,92364,19,334753
12336,0.001266,172.217.194.0-255,2902,95266,19,334753
12337,0.001268,172.31.36.0-255,66,95332,19,334753
12338,0.001276,172.217.194.0-255,7156,102488,19,334753
12339,0.001278,172.31.36.0-255,66,102554,19,334753
12340,0.001305,172.217.194.0-255,1484,104038,19,334753
12341,0.001321,172.31.36.0-255,66,104104,19,334753
12342,0.001373,172.217.194.0-255,1484,105588,19,334753
12343,0.001378,172.217.194.0-255,2902,108490,19,334753
12344,0.001381,172.31.36.0-255,66,108556,19,334753
12345,0.001387,172.217.194.0-255,5738,114294,19,334753
12346,0.00139,172.31.36.0-255,66,114360,19,334753
12347,0.001395,172.217.194.0-255,5738,120098,19,334753
12348,0.001396,172.31.36.0-255,66,120164,19,334753
12349,0.001427,172.217.194.0-255,7156,127320,19,334753
12350,0.001432,172.31.36.0-255,66,127386,19,334753
12351,0.001463,172.217.194.0-255,10692,138078,19,334753
12352,0.001466,172.31.36.0-255,66,138144,19,334753
12353,0.001491,172.217.194.0-255,4320,142464,19,334753
12354,0.001493,172.31.36.0-255,66,142530,19,334753
12355,0.001525,172.217.194.0-255,7156,149686,19,334753
12356,0.001528,172.31.36.0-255,66,149752,19,334753
12357,0.001532,172.217.194.0-255,4320,154072,19,334753
12358,0.001534,172.31.36.0-255,66,154138,19,334753
12359,0.00156,172.217.194.0-255,8574,162712,19,334753
12360,0.001563,172.31.36.0-255,66,162778,19,334753
12361,0.001571,172.217.194.0-255,4320,167098,19,334753
12362,0.001572,172.31.36.0-255,66,167164,19,334753
12363,0.001605,172.217.194.0-255,5020,172184,19,334753
12364,0.001608,172.31.36.0-255,66,172250,19,334753
12365,0.001629,172.217.194.0-255,1484,173734,19,334753
12366,0.001633,172.217.194.0-255,2902,176636,19,334753
12367,0.001635,172.31.36.0-255,66,176702,19,334753
12368,0.001638,172.217.194.0-255,1484,178186,19,334753
12369,0.001667,172.217.194.0-255,4320,182506,19,334753
12370,0.00167,172.31.36.0-255,66,182572,19,334753
12371,0.001675,172.217.194.0-255,5738,188310,19,334753
12372,0.001677,172.31.36.0-255,66,188376,19,334753
12373,0.001704,172.217.194.0-255,7156,195532,19,334753
12374,0.00171,172.31.36.0-255,66,195598,19,334753
12375,0.001718,172.217.194.0-255,10692,206290,19,334753
12376,0.00172,172.31.36.0-255,66,206356,19,334753
12377,0.00176,172.31.36.0-255,66,206422,19,334753
12378,0.001787,172.217.194.0-255,9992,216414,19,334753
12379,0.001793,172.217.194.0-255,7856,224270,19,334753
12380,0.001797,172.31.36.0-255,66,224336,19,334753
12381,0.0018,172.31.36.0-255,66,224402,19,334753
12382,0.001807,172.217.194.0-255,4320,228722,19,334753
12383,0.001809,172.31.36.0-255,66,228788,19,334753
12384,0.001833,172.217.194.0-255,9992,238780,19,334753
12385,0.001836,172.31.36.0-255,66,238846,19,334753
12386,0.001845,172.217.194.0-255,7156,246002,19,334753
12387,0.001847,172.31.36.0-255,66,246068,19,334753
12388,0.001879,172.217.194.0-255,8574,254642,19,334753
12389,0.001882,172.31.36.0-255,66,254708,19,334753
12390,0.001886,172.217.194.0-255,3602,258310,19,334753
12391,0.001888,172.31.36.0-255,66,258376,19,334753
12392,0.001966,172.217.194.0-255,1484,259860,19,334753
12393,0.001969,172.217.194.0-255,1484,261344,19,334753
12394,0.001972,172.31.36.0-255,66,261410,19,334753
12395,0.002003,172.217.194.0-255,1484,262894,19,334753
12396,0.002008,172.217.194.0-255,5738,268632,19,334753
12397,0.00201,172.31.36.0-255,66,268698,19,334753
12398,0.002045,172.217.194.0-255,2902,271600,19,334753
12399,0.002047,172.31.36.0-255,66,271666,19,334753
12400,0.002081,172.217.194.0-255,8574,280240,19,334753
12401,0.002084,172.31.36.0-255,66,280306,19,334753
12402,0.002095,172.31.36.0-255,66,280372,19,334753
12403,0.002097,172.217.194.0-255,1484,281856,19,334753
12404,0.0021,172.217.194.0-255,2902,284758,19,334753
12405,0.002102,172.31.36.0-255,66,284824,19,334753
12406,0.002106,172.217.194.0-255,4320,289144,19,334753
12407,0.002108,172.31.36.0-255,66,289210,19,334753
12408,0.002157,172.217.194.0-255,1484,290694,19,334753
12409,0.00217,172.31.36.0-255,66,290760,19,334753
12410,0.002182,172.217.194.0-255,9992,300752,19,334753
12411,0.002185,172.31.36.0-255,66,300818,19,334753
12412,0.002187,172.217.194.0-255,766,301584,19,334753
12413,0.002228,172.217.194.0-255,1484,303068,19,334753
12414,0.002231,172.31.36.0-255,66,303134,19,334753
12415,0.002234,172.217.194.0-255,1484,304618,19,334753
12416,0.002254,172.217.194.0-255,1484,306102,19,334753
12417,0.002257,172.31.36.0-255,66,306168,19,334753
12418,0.002262,172.217.194.0-255,5738,311906,19,334753
12419,0.002264,172.31.36.0-255,66,311972,19,334753
12420,0.002267,172.217.194.0-255,2902,314874,19,334753
12421,0.002269,172.31.36.0-255,66,314940,19,334753
12422,0.002284,172.217.194.0-255,1484,316424,19,334753
12423,0.002286,172.217.194.0-255,1484,317908,19,334753
12424,0.002288,172.31.36.0-255,66,317974,19,334753
12425,0.002319,172.217.194.0-255,9992,327966,19,334753
12426,0.002326,172.217.194.0-255,4320,332286,19,334753
12427,0.002331,172.31.36.0-255,66,332352,19,334753
12428,0.002333,172.31.36.0-255,66,332418,19,334753
12429,0.002342,172.217.194.0-255,1927,334345,19,334753
12430,0.002344,172.31.36.0-255,66,334411,19,334753
12431,0.002375,172.217.194.0-255,105,334516,19,334753
12432,0.004531,172.31.36.0-255,66,334582,19,334753
12433,0.004565,172.31.36.0-255,105,334687,19,334753
12434,0.007129,172.217.194.0-255,66,334753,19,334753
12435,0.0,172.217.194.0-255,150,150,19,316625
12436,2.3e-05,172.31.36.0-255,66,216,19,316625
12437,3.1e-05,172.217.194.0-255,1484,1700,19,316625
12438,3.6e-05,172.31.36.0-255,66,1766,19,316625
12439,4.2e-05,172.217.194.0-255,2902,4668,19,316625
12440,4.5e-05,172.31.36.0-255,66,4734,19,316625
12441,5.2e-05,172.217.194.0-255,7156,11890,19,316625
12442,5.6e-05,172.31.36.0-255,66,11956,19,316625
12443,6e-05,172.217.194.0-255,2070,14026,19,316625
12444,6.3e-05,172.31.36.0-255,66,14092,19,316625
12445,0.000317,172.217.194.0-255,1484,15576,19,316625
12446,0.000322,172.31.36.0-255,66,15642,19,316625
12447,0.000328,172.217.194.0-255,2902,18544,19,316625
12448,0.000331,172.31.36.0-255,66,18610,19,316625
12449,0.000338,172.217.194.0-255,5738,24348,19,316625
12450,0.00034,172.31.36.0-255,66,24414,19,316625
12451,0.000346,172.217.194.0-255,4320,28734,19,316625
12452,0.000348,172.31.36.0-255,66,28800,19,316625
12453,0.000395,172.217.194.0-255,2543,31343,19,316625
12454,0.000398,172.31.36.0-255,66,31409,19,316625
12455,0.000515,172.217.194.0-255,1484,32893,19,316625
12456,0.000519,172.31.36.0-255,66,32959,19,316625
12457,0.000525,172.217.194.0-255,2902,35861,19,316625
12458,0.000527,172.31.36.0-255,66,35927,19,316625
12459,0.000534,172.217.194.0-255,5738,41665,19,316625
12460,0.000536,172.31.36.0-255,66,41731,19,316625
12461,0.000571,172.217.194.0-255,6797,48528,19,316625
12462,0.000574,172.31.36.0-255,66,48594,19,316625
12463,0.000583,172.217.194.0-255,8574,57168,19,316625
12464,0.000585,172.31.36.0-255,66,57234,19,316625
12465,0.000612,172.217.194.0-255,5738,62972,19,316625
12466,0.000614,172.31.36.0-255,66,63038,19,316625
12467,0.000619,172.217.194.0-255,2850,65888,19,316625
12468,0.000621,172.31.36.0-255,66,65954,19,316625
12469,0.000748,172.217.194.0-255,379,66333,19,316625
12470,0.001031,172.217.194.0-255,1484,67817,19,316625
12471,0.001036,172.31.36.0-255,66,67883,19,316625
12472,0.001041,172.217.194.0-255,2902,70785,19,316625
12473,0.001043,172.31.36.0-255,66,70851,19,316625
12474,0.001046,172.217.194.0-255,1484,72335,19,316625
12475,0.00107,172.217.194.0-255,4320,76655,19,316625
12476,0.001072,172.31.36.0-255,66,76721,19,316625
12477,0.001079,172.217.194.0-255,5738,82459,19,316625
12478,0.001081,172.31.36.0-255,66,82525,19,316625
12479,0.001098,172.217.194.0-255,7156,89681,19,316625
12480,0.001101,172.31.36.0-255,66,89747,19,316625
12481,0.001104,172.217.194.0-255,1484,91231,19,316625
12482,0.001133,172.217.194.0-255,9274,100505,19,316625
12483,0.001135,172.31.36.0-255,66,100571,19,316625
12484,0.001175,172.217.194.0-255,5738,106309,19,316625
12485,0.001177,172.31.36.0-255,66,106375,19,316625
12486,0.001185,172.217.194.0-255,7156,113531,19,316625
12487,0.001187,172.31.36.0-255,66,113597,19,316625
12488,0.00119,172.217.194.0-255,1484,115081,19,316625
12489,0.001236,172.31.36.0-255,66,115147,19,316625
12490,0.001243,172.217.194.0-255,6438,121585,19,316625
12491,0.001245,172.31.36.0-255,66,121651,19,316625
12492,0.001259,172.217.194.0-255,1484,123135,19,316625
12493,0.001263,172.217.194.0-255,2902,126037,19,316625
12494,0.001265,172.31.36.0-255,66,126103,19,316625
12495,0.001283,172.217.194.0-255,5738,131841,19,316625
12496,0.001286,172.31.36.0-255,66,131907,19,316625
12497,0.001318,172.31.36.0-255,66,131973,19,316625
12498,0.001337,172.217.194.0-255,1484,133457,19,316625
12499,0.001348,172.217.194.0-255,9992,143449,19,316625
12500,0.00135,172.31.36.0-255,66,143515,19,316625
12501,0.001353,172.217.194.0-255,766,144281,19,316625
12502,0.001421,172.217.194.0-255,1484,145765,19,316625
12503,0.001425,172.31.36.0-255,66,145831,19,316625
12504,0.001429,172.217.194.0-255,1484,147315,19,316625
12505,0.001443,172.217.194.0-255,1484,148799,19,316625
12506,0.001445,172.31.36.0-255,66,148865,19,316625
12507,0.001462,172.217.194.0-255,5738,154603,19,316625
12508,0.001464,172.31.36.0-255,66,154669,19,316625
12509,0.001474,172.217.194.0-255,9992,164661,19,316625
12510,0.001476,172.31.36.0-255,66,164727,19,316625
12511,0.001514,172.217.194.0-255,2902,167629,19,316625
12512,0.001517,172.31.36.0-255,66,167695,19,316625
12513,0.00154,172.217.194.0-255,10692,178387,19,316625
12514,0.001544,172.31.36.0-255,66,178453,19,316625
12515,0.001779,172.217.194.0-255,1484,179937,19,316625
12516,0.001784,172.217.194.0-255,2902,182839,19,316625
12517,0.001787,172.31.36.0-255,66,182905,19,316625
12518,0.001812,172.217.194.0-255,5738,188643,19,316625
12519,0.001815,172.31.36.0-255,66,188709,19,316625
12520,0.001821,172.217.194.0-255,4320,193029,19,316625
12521,0.001823,172.31.36.0-255,66,193095,19,316625
12522,0.001839,172.217.194.0-255,5738,198833,19,316625
12523,0.001841,172.31.36.0-255,66,198899,19,316625
12524,0.001864,172.217.194.0-255,1484,200383,19,316625
12525,0.001897,172.31.36.0-255,66,200449,19,316625
12526,0.001913,172.217.194.0-255,766,201215,19,316625
12527,0.001923,172.217.194.0-255,8574,209789,19,316625
12528,0.001925,172.31.36.0-255,66,209855,19,316625
12529,0.001951,172.217.194.0-255,5738,215593,19,316625
12530,0.001954,172.31.36.0-255,66,215659,19,316625
12531,0.001972,172.31.36.0-255,66,215725,19,316625
12532,0.002031,172.217.194.0-255,7856,223581,19,316625
12533,0.002039,172.217.194.0-255,8574,232155,19,316625
12534,0.002045,172.217.194.0-255,7156,239311,19,316625
12535,0.002047,172.217.194.0-255,1484,240795,19,316625
12536,0.002052,172.31.36.0-255,66,240861,19,316625
12537,0.002056,172.31.36.0-255,66,240927,19,316625
12538,0.002059,172.31.36.0-255,66,240993,19,316625
12539,0.00209,172.31.36.0-255,66,241059,19,316625
12540,0.002093,172.217.194.0-255,766,241825,19,316625
12541,0.002169,172.217.194.0-255,1484,243309,19,316625
12542,0.002173,172.31.36.0-255,66,243375,19,316625
12543,0.002177,172.217.194.0-255,1484,244859,19,316625
12544,0.002191,172.217.194.0-255,1484,246343,19,316625
12545,0.002193,172.31.36.0-255,66,246409,19,316625
12546,0.002201,172.217.194.0-255,5738,252147,19,316625
12547,0.002203,172.31.36.0-255,66,252213,19,316625
12548,0.002209,172.217.194.0-255,4320,256533,19,316625
12549,0.002212,172.31.36.0-255,66,256599,19,316625
12550,0.002237,172.217.194.0-255,8574,265173,19,316625
12551,0.00224,172.31.36.0-255,66,265239,19,316625
12552,0.00225,172.217.194.0-255,10692,275931,19,316625
12553,0.002253,172.31.36.0-255,66,275997,19,316625
12554,0.004501,172.217.194.0-255,5738,281735,19,316625
12555,0.004509,172.31.36.0-255,66,281801,19,316625
12556,0.006754,172.217.194.0-255,5738,287539,19,316625
12557,0.006771,172.31.36.0-255,66,287605,19,316625
12558,0.009013,172.217.194.0-255,5738,293343,19,316625
12559,0.00902,172.31.36.0-255,66,293409,19,316625
12560,0.01126,172.217.194.0-255,5738,299147,19,316625
12561,0.011268,172.31.36.0-255,66,299213,19,316625
12562,0.013512,172.217.194.0-255,5738,304951,19,316625
12563,0.01352,172.31.36.0-255,66,305017,19,316625
12564,0.015758,172.217.194.0-255,5738,310755,19,316625
12565,0.015767,172.31.36.0-255,66,310821,19,316625
12566,0.018011,172.217.194.0-255,5738,316559,19,316625
12567,0.018017,172.31.36.0-255,66,316625,19,316625
12568,0.0,172.217.194.0-255,153,153,19,303823
12569,3e-05,172.31.36.0-255,66,219,19,303823
12570,3.7e-05,172.217.194.0-255,1484,1703,19,303823
12571,4.2e-05,172.31.36.0-255,66,1769,19,303823
12572,4.7e-05,172.217.194.0-255,2902,4671,19,303823
12573,5e-05,172.31.36.0-255,66,4737,19,303823
12574,5.9e-05,172.217.194.0-255,7156,11893,19,303823
12575,6.1e-05,172.31.36.0-255,66,11959,19,303823
12576,0.000101,172.31.36.0-255,66,12025,19,303823
12577,0.00014,172.217.194.0-255,6797,18822,19,303823
12578,0.000143,172.31.36.0-255,66,18888,19,303823
12579,0.000173,172.217.194.0-255,1484,20372,19,303823
12580,0.000176,172.31.36.0-255,66,20438,19,303823
12581,0.000181,172.217.194.0-255,2902,23340,19,303823
12582,0.000183,172.31.36.0-255,66,23406,19,303823
12583,0.00021,172.217.194.0-255,5738,29144,19,303823
12584,0.000213,172.31.36.0-255,66,29210,19,303823
12585,0.000234,172.217.194.0-255,7156,36366,19,303823
12586,0.000237,172.31.36.0-255,66,36432,19,303823
12587,0.000256,172.217.194.0-255,6797,43229,19,303823
12588,0.000259,172.31.36.0-255,66,43295,19,303823
12589,0.000282,172.217.194.0-255,8574,51869,19,303823
12590,0.000286,172.31.36.0-255,66,51935,19,303823
12591,0.000309,172.217.194.0-255,1418,53353,19,303823
12592,0.000311,172.31.36.0-255,66,53419,19,303823
12593,0.000316,172.217.194.0-255,366,53785,19,303823
12594,0.000318,172.31.36.0-255,66,53851,19,303823
12595,0.000344,172.217.194.0-255,1484,55335,19,303823
12596,0.000348,172.31.36.0-255,66,55401,19,303823
12597,0.000354,172.217.194.0-255,4320,59721,19,303823
12598,0.000357,172.31.36.0-255,66,59787,19,303823
12599,0.000381,172.217.194.0-255,1484,61271,19,303823
12600,0.000401,172.217.194.0-255,8574,69845,19,303823
12601,0.000405,172.31.36.0-255,66,69911,19,303823
12602,0.000414,172.217.194.0-255,8574,78485,19,303823
12603,0.000426,172.31.36.0-255,66,78551,19,303823
12604,0.000432,172.217.194.0-255,4320,82871,19,303823
12605,0.000443,172.31.36.0-255,66,82937,19,303823
12606,0.00045,172.217.194.0-255,5020,87957,19,303823
12607,0.000461,172.31.36.0-255,66,88023,19,303823
12608,0.000613,172.217.194.0-255,1484,89507,19,303823
12609,0.000619,172.217.194.0-255,2902,92409,19,303823
12610,0.000623,172.31.36.0-255,66,92475,19,303823
12611,0.00063,172.217.194.0-255,5738,98213,19,303823
12612,0.00064,172.31.36.0-255,66,98279,19,303823
12613,0.000669,172.31.36.0-255,66,98345,19,303823
12614,0.000686,172.217.194.0-255,1484,99829,19,303823
12615,0.000703,172.217.194.0-255,9274,109103,19,303823
12616,0.00071,172.31.36.0-255,66,109169,19,303823
12617,0.000777,172.217.194.0-255,1484,110653,19,303823
12618,0.00078,172.217.194.0-255,1484,112137,19,303823
12619,0.000786,172.31.36.0-255,66,112203,19,303823
12620,0.000802,172.217.194.0-255,1484,113687,19,303823
12621,0.000808,172.217.194.0-255,5738,119425,19,303823
12622,0.000813,172.217.194.0-255,4320,123745,19,303823
12623,0.000816,172.31.36.0-255,66,123811,19,303823
12624,0.00082,172.31.36.0-255,66,123877,19,303823
12625,0.000831,172.217.194.0-255,8574,132451,19,303823
12626,0.000836,172.31.36.0-255,66,132517,19,303823
12627,0.00086,172.217.194.0-255,10692,143209,19,303823
12628,0.000866,172.31.36.0-255,66,143275,19,303823
12629,0.001121,172.217.194.0-255,1484,144759,19,303823
12630,0.001127,172.217.194.0-255,2902,147661,19,303823
12631,0.00113,172.31.36.0-255,66,147727,19,303823
12632,0.001137,172.217.194.0-255,5738,153465,19,303823
12633,0.00114,172.31.36.0-255,66,153531,19,303823
12634,0.00119,172.31.36.0-255,66,153597,19,303823
12635,0.001208,172.217.194.0-255,10692,164289,19,303823
12636,0.001211,172.31.36.0-255,66,164355,19,303823
12637,0.001244,172.31.36.0-255,66,164421,19,303823
12638,0.001253,172.217.194.0-255,5738,170159,19,303823
12639,0.001261,172.31.36.0-255,66,170225,19,303823
12640,0.001275,172.217.194.0-255,8574,178799,19,303823
12641,0.00128,172.31.36.0-255,66,178865,19,303823
12642,0.001317,172.217.194.0-255,7856,186721,19,303823
12643,0.001327,172.31.36.0-255,66,186787,19,303823
12644,0.00134,172.217.194.0-255,1484,188271,19,303823
12645,0.001343,172.217.194.0-255,1484,189755,19,303823
12646,0.001353,172.217.194.0-255,1484,191239,19,303823
12647,0.001354,172.31.36.0-255,66,191305,19,303823
12648,0.001359,172.217.194.0-255,4320,195625,19,303823
12649,0.00137,172.31.36.0-255,66,195691,19,303823
12650,0.001374,172.217.194.0-255,1484,197175,19,303823
12651,0.001379,172.217.194.0-255,4320,201495,19,303823
12652,0.001385,172.31.36.0-255,66,201561,19,303823
12653,0.001403,172.217.194.0-255,8574,210135,19,303823
12654,0.001408,172.31.36.0-255,66,210201,19,303823
12655,0.001413,172.217.194.0-255,9992,220193,19,303823
12656,0.001424,172.31.36.0-255,66,220259,19,303823
12657,0.001466,172.217.194.0-255,766,221025,19,303823
12658,0.00147,172.217.194.0-255,1484,222509,19,303823
12659,0.001476,172.217.194.0-255,4320,226829,19,303823
12660,0.001478,172.31.36.0-255,66,226895,19,303823
12661,0.001484,172.217.194.0-255,9992,236887,19,303823
12662,0.001483,172.31.36.0-255,66,236953,19,303823
12663,0.001495,172.31.36.0-255,66,237019,19,303823
12664,0.001507,172.217.194.0-255,4320,241339,19,303823
12665,0.001511,172.31.36.0-255,66,241405,19,303823
12666,0.001545,172.31.36.0-255,66,241471,19,303823
12667,0.001556,172.217.194.0-255,5738,247209,19,303823
12668,0.001559,172.31.36.0-255,66,247275,19,303823
12669,0.001585,172.31.36.0-255,66,247341,19,303823
12670,0.001601,172.217.194.0-255,5020,252361,19,303823
12671,0.001605,172.31.36.0-255,66,252427,19,303823
12672,0.001609,172.217.194.0-255,7856,260283,19,303823
12673,0.001618,172.31.36.0-255,66,260349,19,303823
12674,0.001653,172.217.194.0-255,4320,264669,19,303823
12675,0.00166,172.217.194.0-255,5738,270407,19,303823
12676,0.001666,172.31.36.0-255,66,270473,19,303823
12677,0.001673,172.217.194.0-255,4320,274793,19,303823
12678,0.001679,172.31.36.0-255,66,274859,19,303823
12679,0.00169,172.217.194.0-255,7156,282015,19,303823
12680,0.001705,172.31.36.0-255,66,282081,19,303823
12681,0.00171,172.217.194.0-255,9992,292073,19,303823
12682,0.001718,172.31.36.0-255,66,292139,19,303823
12683,0.001726,172.217.194.0-255,2184,294323,19,303823
12684,0.001733,172.31.36.0-255,66,294389,19,303823
12685,0.001749,172.31.36.0-255,66,294455,19,303823
12686,0.001775,172.31.36.0-255,66,294521,19,303823
12687,0.001789,172.217.194.0-255,8696,303217,19,303823
12688,0.001793,172.217.194.0-255,97,303314,19,303823
12689,0.001795,172.217.194.0-255,105,303419,19,303823
12690,0.001799,172.31.36.0-255,66,303485,19,303823
12691,0.001924,172.31.36.0-255,101,303586,19,303823
12692,0.003635,172.31.36.0-255,105,303691,19,303823
12693,0.004181,172.217.194.0-255,66,303757,19,303823
12694,0.005906,172.217.194.0-255,66,303823,19,303823
12695,0.0,74.125.24.0-255,153,153,19,236258
12696,2.7e-05,172.31.36.0-255,66,219,19,236258
12697,3.4e-05,74.125.24.0-255,1484,1703,19,236258
12698,3.9e-05,172.31.36.0-255,66,1769,19,236258
12699,4.4e-05,74.125.24.0-255,2902,4671,19,236258
12700,4.6e-05,172.31.36.0-255,66,4737,19,236258
12701,6.3e-05,74.125.24.0-255,7156,11893,19,236258
12702,6.7e-05,172.31.36.0-255,66,11959,19,236258
12703,7.6e-05,74.125.24.0-255,9992,21951,19,236258
12704,7.9e-05,172.31.36.0-255,66,22017,19,236258
12705,0.000106,74.125.24.0-255,2018,24035,19,236258
12706,0.000109,172.31.36.0-255,66,24101,19,236258
12707,0.000116,74.125.24.0-255,6797,30898,19,236258
12708,0.000119,172.31.36.0-255,66,30964,19,236258
12709,0.000553,74.125.24.0-255,1484,32448,19,236258
12710,0.000558,172.31.36.0-255,66,32514,19,236258
12711,0.000568,74.125.24.0-255,2902,35416,19,236258
12712,0.00057,172.31.36.0-255,66,35482,19,236258
12713,0.000583,74.125.24.0-255,5738,41220,19,236258
12714,0.000585,172.31.36.0-255,66,41286,19,236258
12715,0.000638,74.125.24.0-255,6797,48083,19,236258
12716,0.000642,172.31.36.0-255,66,48149,19,236258
12717,0.000657,172.31.36.0-255,66,48215,19,236258
12718,0.000662,74.125.24.0-255,2868,51083,19,236258
12719,0.000663,172.31.36.0-255,66,51149,19,236258
12720,0.000817,74.125.24.0-255,1484,52633,19,236258
12721,0.000822,172.31.36.0-255,66,52699,19,236258
12722,0.000827,74.125.24.0-255,2902,55601,19,236258
12723,0.00083,172.31.36.0-255,66,55667,19,236258
12724,0.000834,74.125.24.0-255,2902,58569,19,236258
12725,0.000843,172.31.36.0-255,66,58635,19,236258
12726,0.000856,74.125.24.0-255,2902,61537,19,236258
12727,0.000859,172.31.36.0-255,66,61603,19,236258
12728,0.000872,74.125.24.0-255,5738,67341,19,236258
12729,0.000875,172.31.36.0-255,66,67407,19,236258
12730,0.000906,74.125.24.0-255,1125,68532,19,236258
12731,0.001267,74.125.24.0-255,1484,70016,19,236258
12732,0.001275,172.31.36.0-255,66,70082,19,236258
12733,0.001281,74.125.24.0-255,2902,72984,19,236258
12734,0.001285,172.31.36.0-255,66,73050,19,236258
12735,0.001297,74.125.24.0-255,5738,78788,19,236258
12736,0.0013,172.31.36.0-255,66,78854,19,236258
12737,0.001304,74.125.24.0-255,2902,81756,19,236258
12738,0.001306,172.31.36.0-255,66,81822,19,236258
12739,0.001339,74.125.24.0-255,9992,91814,19,236258
12740,0.001345,172.31.36.0-255,66,91880,19,236258
12741,0.001388,74.125.24.0-255,10692,102572,19,236258
12742,0.001391,172.31.36.0-255,66,102638,19,236258
12743,0.001525,74.125.24.0-255,1484,104122,19,236258
12744,0.001546,74.125.24.0-255,2902,107024,19,236258
12745,0.001548,172.31.36.0-255,66,107090,19,236258
12746,0.001554,74.125.24.0-255,5738,112828,19,236258
12747,0.001557,172.31.36.0-255,66,112894,19,236258
12748,0.001567,74.125.24.0-255,4320,117214,19,236258
12749,0.001569,172.31.36.0-255,66,117280,19,236258
12750,0.001573,74.125.24.0-255,2902,120182,19,236258
12751,0.001575,172.31.36.0-255,66,120248,19,236258
12752,0.001607,74.125.24.0-255,8574,128822,19,236258
12753,0.00161,172.31.36.0-255,66,128888,19,236258
12754,0.001613,74.125.24.0-255,1484,130372,19,236258
12755,0.001638,74.125.24.0-255,8574,138946,19,236258
12756,0.00164,172.31.36.0-255,66,139012,19,236258
12757,0.001662,74.125.24.0-255,5020,144032,19,236258
12758,0.001665,172.31.36.0-255,66,144098,19,236258
12759,0.001679,172.31.36.0-255,66,144164,19,236258
12760,0.001688,74.125.24.0-255,10692,154856,19,236258
12761,0.001691,172.31.36.0-255,66,154922,19,236258
12762,0.001773,74.125.24.0-255,1484,156406,19,236258
12763,0.001776,74.125.24.0-255,1484,157890,19,236258
12764,0.001778,172.31.36.0-255,66,157956,19,236258
12765,0.001803,74.125.24.0-255,1484,159440,19,236258
12766,0.001809,74.125.24.0-255,5738,165178,19,236258
12767,0.001811,172.31.36.0-255,66,165244,19,236258
12768,0.001835,74.125.24.0-255,5738,170982,19,236258
12769,0.001838,172.31.36.0-255,66,171048,19,236258
12770,0.001868,74.125.24.0-255,2902,173950,19,236258
12771,0.001871,172.31.36.0-255,66,174016,19,236258
12772,0.001881,74.125.24.0-255,9992,184008,19,236258
12773,0.001885,172.31.36.0-255,66,184074,19,236258
12774,0.00189,74.125.24.0-255,5020,189094,19,236258
12775,0.001892,172.31.36.0-255,66,189160,19,236258
12776,0.001975,74.125.24.0-255,1484,190644,19,236258
12777,0.00198,74.125.24.0-255,2902,193546,19,236258
12778,0.001983,172.31.36.0-255,66,193612,19,236258
12779,0.002032,74.125.24.0-255,2902,196514,19,236258
12780,0.002036,172.31.36.0-255,66,196580,19,236258
12781,0.002068,74.125.24.0-255,2902,199482,19,236258
12782,0.002071,172.31.36.0-255,66,199548,19,236258
12783,0.002081,74.125.24.0-255,9992,209540,19,236258
12784,0.002083,172.31.36.0-255,66,209606,19,236258
12785,0.002113,172.31.36.0-255,66,209672,19,236258
12786,0.002121,74.125.24.0-255,8574,218246,19,236258
12787,0.002123,172.31.36.0-255,66,218312,19,236258
12788,0.002128,74.125.24.0-255,4320,222632,19,236258
12789,0.002131,172.31.36.0-255,66,222698,19,236258
12790,0.002187,172.31.36.0-255,66,222764,19,236258
12791,0.002216,172.31.36.0-255,66,222830,19,236258
12792,0.002256,172.31.36.0-255,66,222896,19,236258
12793,0.002262,74.125.24.0-255,2902,225798,19,236258
12794,0.002264,172.31.36.0-255,66,225864,19,236258
12795,0.002327,172.31.36.0-255,66,225930,19,236258
12796,0.002331,74.125.24.0-255,766,226696,19,236258
12797,0.002356,172.31.36.0-255,66,226762,19,236258
12798,0.002369,172.31.36.0-255,66,226828,19,236258
12799,0.002406,74.125.24.0-255,9022,235850,19,236258
12800,0.002409,74.125.24.0-255,105,235955,19,236258
12801,0.002412,172.31.36.0-255,66,236021,19,236258
12802,0.00481,172.31.36.0-255,66,236087,19,236258
12803,0.004838,172.31.36.0-255,105,236192,19,236258
12804,0.00737,74.125.24.0-255,66,236258,19,236258
12805,0.0,172.217.194.0-255,150,150,19,298389
12806,2.6e-05,172.31.36.0-255,66,216,19,298389
12807,3.4e-05,172.217.194.0-255,1484,1700,19,298389
12808,3.8e-05,172.31.36.0-255,66,1766,19,298389
12809,4.1e-05,172.217.194.0-255,1484,3250,19,298389
12810,4.3e-05,172.31.36.0-255,66,3316,19,298389
12811,5.1e-05,172.217.194.0-255,4320,7636,19,298389
12812,5.4e-05,172.31.36.0-255,66,7702,19,298389
12813,8.8e-05,172.217.194.0-255,6194,13896,19,298389
12814,9.1e-05,172.31.36.0-255,66,13962,19,298389
12815,9.8e-05,172.217.194.0-255,7156,21118,19,298389
12816,0.000101,172.31.36.0-255,66,21184,19,298389
12817,0.000128,172.217.194.0-255,4320,25504,19,298389
12818,0.00013,172.31.36.0-255,66,25570,19,298389
12819,0.000158,172.217.194.0-255,9992,35562,19,298389
12820,0.000161,172.31.36.0-255,66,35628,19,298389
12821,0.000176,172.217.194.0-255,5738,41366,19,298389
12822,0.000178,172.31.36.0-255,66,41432,19,298389
12823,0.000194,172.217.194.0-255,6438,47870,19,298389
12824,0.000197,172.31.36.0-255,66,47936,19,298389
12825,0.000943,172.217.194.0-255,1484,49420,19,298389
12826,0.00095,172.31.36.0-255,66,49486,19,298389
12827,0.000958,172.217.194.0-255,2902,52388,19,298389
12828,0.00096,172.31.36.0-255,66,52454,19,298389
12829,0.000966,172.217.194.0-255,4320,56774,19,298389
12830,0.000968,172.31.36.0-255,66,56840,19,298389
12831,0.000992,172.217.194.0-255,1484,58324,19,298389
12832,0.000994,172.31.36.0-255,66,58390,19,298389
12833,0.001001,172.217.194.0-255,5738,64128,19,298389
12834,0.001003,172.31.36.0-255,66,64194,19,298389
12835,0.001022,172.217.194.0-255,1125,65319,19,298389
12836,0.001025,172.31.36.0-255,66,65385,19,298389
12837,0.00109,172.217.194.0-255,1484,66869,19,298389
12838,0.001097,172.217.194.0-255,2902,69771,19,298389
12839,0.0011,172.31.36.0-255,66,69837,19,298389
12840,0.001123,172.217.194.0-255,5738,75575,19,298389
12841,0.001126,172.31.36.0-255,66,75641,19,298389
12842,0.00113,172.217.194.0-255,2902,78543,19,298389
12843,0.001132,172.31.36.0-255,66,78609,19,298389
12844,0.001149,172.217.194.0-255,3961,82570,19,298389
12845,0.001151,172.31.36.0-255,66,82636,19,298389
12846,0.001199,172.31.36.0-255,66,82702,19,298389
12847,0.001228,172.217.194.0-255,1484,84186,19,298389
12848,0.001252,172.217.194.0-255,3961,88147,19,298389
12849,0.001255,172.31.36.0-255,66,88213,19,298389
12850,0.00151,172.217.194.0-255,1484,89697,19,298389
12851,0.001517,172.217.194.0-255,2902,92599,19,298389
12852,0.001522,172.31.36.0-255,66,92665,19,298389
12853,0.001529,172.217.194.0-255,5738,98403,19,298389
12854,0.001532,172.31.36.0-255,66,98469,19,298389
12855,0.001537,172.217.194.0-255,4320,102789,19,298389
12856,0.00154,172.31.36.0-255,66,102855,19,298389
12857,0.001555,172.217.194.0-255,2902,105757,19,298389
12858,0.001557,172.31.36.0-255,66,105823,19,298389
12859,0.001585,172.217.194.0-255,8574,114397,19,298389
12860,0.001588,172.31.36.0-255,66,114463,19,298389
12861,0.001596,172.217.194.0-255,7856,122319,19,298389
12862,0.001599,172.31.36.0-255,66,122385,19,298389
12863,0.001776,172.217.194.0-255,1484,123869,19,298389
12864,0.001783,172.217.194.0-255,2902,126771,19,298389
12865,0.001787,172.31.36.0-255,66,126837,19,298389
12866,0.001794,172.217.194.0-255,5738,132575,19,298389
12867,0.001797,172.31.36.0-255,66,132641,19,298389
12868,0.001825,172.217.194.0-255,5738,138379,19,298389
12869,0.001829,172.31.36.0-255,66,138445,19,298389
12870,0.001843,172.31.36.0-255,66,138511,19,298389
12871,0.001868,172.217.194.0-255,5020,143531,19,298389
12872,0.00187,172.31.36.0-255,66,143597,19,298389
12873,0.001947,172.217.194.0-255,1484,145081,19,298389
12874,0.001965,172.217.194.0-255,2902,147983,19,298389
12875,0.001969,172.31.36.0-255,66,148049,19,298389
12876,0.001991,172.217.194.0-255,5738,153787,19,298389
12877,0.001993,172.31.36.0-255,66,153853,19,298389
12878,0.002014,172.217.194.0-255,9992,163845,19,298389
12879,0.002017,172.31.36.0-255,66,163911,19,298389
12880,0.002035,172.217.194.0-255,1484,165395,19,298389
12881,0.002068,172.217.194.0-255,4320,169715,19,298389
12882,0.002071,172.31.36.0-255,66,169781,19,298389
12883,0.002096,172.217.194.0-255,7856,177637,19,298389
12884,0.002099,172.31.36.0-255,66,177703,19,298389
12885,0.002277,172.217.194.0-255,1484,179187,19,298389
12886,0.00228,172.217.194.0-255,1484,180671,19,298389
12887,0.002283,172.31.36.0-255,66,180737,19,298389
12888,0.002301,172.217.194.0-255,1484,182221,19,298389
12889,0.002307,172.217.194.0-255,5738,187959,19,298389
12890,0.00231,172.31.36.0-255,66,188025,19,298389
12891,0.002313,172.217.194.0-255,1484,189509,19,298389
12892,0.002333,172.217.194.0-255,5738,195247,19,298389
12893,0.002336,172.31.36.0-255,66,195313,19,298389
12894,0.002343,172.217.194.0-255,5738,201051,19,298389
12895,0.002346,172.31.36.0-255,66,201117,19,298389
12896,0.002364,172.217.194.0-255,8574,209691,19,298389
12897,0.002367,172.31.36.0-255,66,209757,19,298389
12898,0.002372,172.217.194.0-255,3602,213359,19,298389
12899,0.002418,172.217.194.0-255,4320,217679,19,298389
12900,0.002465,172.217.194.0-255,4320,221999,19,298389
12901,0.002484,172.217.194.0-255,9274,231273,19,298389
12902,0.00254,172.217.194.0-255,7156,238429,19,298389
12903,0.002548,172.217.194.0-255,8574,247003,19,298389
12904,0.002551,172.217.194.0-255,1484,248487,19,298389
12905,0.002568,172.217.194.0-255,7156,255643,19,298389
12906,0.002592,172.217.194.0-255,8574,264217,19,298389
12907,0.002595,172.217.194.0-255,766,264983,19,298389
12908,0.00263,172.217.194.0-255,4320,269303,19,298389
12909,0.006091,172.31.36.0-255,66,269369,19,298389
12910,0.0087,172.217.194.0-255,5738,275107,19,298389
12911,0.008713,172.31.36.0-255,66,275173,19,298389
12912,0.011369,172.217.194.0-255,5738,280911,19,298389
12913,0.011385,172.31.36.0-255,66,280977,19,298389
12914,0.013995,172.217.194.0-255,5738,286715,19,298389
12915,0.01401,172.31.36.0-255,66,286781,19,298389
12916,0.016597,172.217.194.0-255,5738,292519,19,298389
12917,0.016601,172.31.36.0-255,66,292585,19,298389
12918,0.0192,172.217.194.0-255,5738,298323,19,298389
12919,0.019208,172.31.36.0-255,66,298389,19,298389
12920,0.0,172.31.36.0-255,66,66,19,66
12921,0.0,172.217.194.0-255,153,153,19,213862
12922,2.6e-05,172.31.36.0-255,66,219,19,213862
12923,3.3e-05,172.217.194.0-255,1484,1703,19,213862
12924,3.7e-05,172.31.36.0-255,66,1769,19,213862
12925,4e-05,172.217.194.0-255,1484,3253,19,213862
12926,4.2e-05,172.31.36.0-255,66,3319,19,213862
12927,6.3e-05,172.217.194.0-255,1484,4803,19,213862
12928,6.5e-05,172.31.36.0-255,66,4869,19,213862
12929,6.9e-05,172.217.194.0-255,1484,6353,19,213862
12930,7e-05,172.31.36.0-255,66,6419,19,213862
12931,8.9e-05,172.217.194.0-255,2902,9321,19,213862
12932,9.2e-05,172.31.36.0-255,66,9387,19,213862
12933,0.000101,172.217.194.0-255,9137,18524,19,213862
12934,0.000103,172.31.36.0-255,66,18590,19,213862
12935,0.000111,172.217.194.0-255,8574,27164,19,213862
12936,0.000113,172.31.36.0-255,66,27230,19,213862
12937,0.000136,172.217.194.0-255,3961,31191,19,213862
12938,0.000139,172.31.36.0-255,66,31257,19,213862
12939,0.000168,172.217.194.0-255,4320,35577,19,213862
12940,0.000172,172.31.36.0-255,66,35643,19,213862
12941,0.000198,172.217.194.0-255,9992,45635,19,213862
12942,0.000201,172.31.36.0-255,66,45701,19,213862
12943,0.000206,172.217.194.0-255,3961,49662,19,213862
12944,0.000208,172.31.36.0-255,66,49728,19,213862
12945,0.000246,172.31.36.0-255,66,49794,19,213862
12946,0.000249,172.217.194.0-255,98,49892,19,213862
12947,0.000251,172.31.36.0-255,66,49958,19,213862
12948,0.000264,172.217.194.0-255,364,50322,19,213862
12949,0.000266,172.31.36.0-255,66,50388,19,213862
12950,0.000415,172.217.194.0-255,1484,51872,19,213862
12951,0.00042,172.31.36.0-255,66,51938,19,213862
12952,0.000435,172.217.194.0-255,2902,54840,19,213862
12953,0.000438,172.31.36.0-255,66,54906,19,213862
12954,0.000445,172.217.194.0-255,5738,60644,19,213862
12955,0.000447,172.31.36.0-255,66,60710,19,213862
12956,0.000451,172.217.194.0-255,2902,63612,19,213862
12957,0.000453,172.31.36.0-255,66,63678,19,213862
12958,0.000474,172.217.194.0-255,2902,66580,19,213862
12959,0.000477,172.31.36.0-255,66,66646,19,213862
12960,0.00048,172.217.194.0-255,1484,68130,19,213862
12961,0.000509,172.31.36.0-255,66,68196,19,213862
12962,0.000512,172.217.194.0-255,766,68962,19,213862
12963,0.000946,172.217.194.0-255,1484,70446,19,213862
12964,0.000951,172.31.36.0-255,66,70512,19,213862
12965,0.000957,172.217.194.0-255,2902,73414,19,213862
12966,0.000959,172.31.36.0-255,66,73480,19,213862
12967,0.000965,172.217.194.0-255,5738,79218,19,213862
12968,0.000967,172.31.36.0-255,66,79284,19,213862
12969,0.00097,172.217.194.0-255,1484,80768,19,213862
12970,0.000997,172.217.194.0-255,5738,86506,19,213862
12971,0.001,172.31.36.0-255,66,86572,19,213862
12972,0.001013,172.31.36.0-255,66,86638,19,213862
12973,0.001064,172.217.194.0-255,2184,88822,19,213862
12974,0.001068,172.31.36.0-255,66,88888,19,213862
12975,0.001306,172.217.194.0-255,1484,90372,19,213862
12976,0.001322,172.217.194.0-255,2902,93274,19,213862
12977,0.001326,172.31.36.0-255,66,93340,19,213862
12978,0.001332,172.217.194.0-255,5738,99078,19,213862
12979,0.001335,172.31.36.0-255,66,99144,19,213862
12980,0.001374,172.31.36.0-255,66,99210,19,213862
12981,0.001403,172.217.194.0-255,10692,109902,19,213862
12982,0.001406,172.31.36.0-255,66,109968,19,213862
12983,0.001954,172.217.194.0-255,1484,111452,19,213862
12984,0.001965,172.217.194.0-255,2902,114354,19,213862
12985,0.001969,172.31.36.0-255,66,114420,19,213862
12986,0.001975,172.217.194.0-255,4320,118740,19,213862
12987,0.001977,172.31.36.0-255,66,118806,19,213862
12988,0.001993,172.217.194.0-255,1484,120290,19,213862
12989,0.001998,172.217.194.0-255,2902,123192,19,213862
12990,0.002001,172.31.36.0-255,66,123258,19,213862
12991,0.002034,172.217.194.0-255,9992,133250,19,213862
12992,0.002037,172.31.36.0-255,66,133316,19,213862
12993,0.002047,172.217.194.0-255,10692,144008,19,213862
12994,0.002049,172.31.36.0-255,66,144074,19,213862
12995,0.002099,172.217.194.0-255,1484,145558,19,213862
12996,0.002105,172.217.194.0-255,2902,148460,19,213862
12997,0.002108,172.31.36.0-255,66,148526,19,213862
12998,0.002134,172.217.194.0-255,5738,154264,19,213862
12999,0.002138,172.31.36.0-255,66,154330,19,213862
13000,0.002147,172.217.194.0-255,9992,164322,19,213862
13001,0.002149,172.31.36.0-255,66,164388,19,213862
13002,0.002166,172.217.194.0-255,2902,167290,19,213862
13003,0.002169,172.31.36.0-255,66,167356,19,213862
13004,0.002174,172.217.194.0-255,4320,171676,19,213862
13005,0.002176,172.31.36.0-255,66,171742,19,213862
13006,0.002202,172.217.194.0-255,6438,178180,19,213862
13007,0.002205,172.31.36.0-255,66,178246,19,213862
13008,0.004798,172.217.194.0-255,2902,181148,19,213862
13009,0.004804,172.31.36.0-255,66,181214,19,213862
13010,0.004825,172.217.194.0-255,2902,184116,19,213862
13011,0.004827,172.31.36.0-255,66,184182,19,213862
13012,0.007358,172.217.194.0-255,2902,187084,19,213862
13013,0.007364,172.31.36.0-255,66,187150,19,213862
13014,0.007427,172.217.194.0-255,2902,190052,19,213862
13015,0.007432,172.31.36.0-255,66,190118,19,213862
13016,0.009959,172.217.194.0-255,2902,193020,19,213862
13017,0.009973,172.31.36.0-255,66,193086,19,213862
13018,0.010017,172.217.194.0-255,2902,195988,19,213862
13019,0.010023,172.31.36.0-255,66,196054,19,213862
13020,0.012523,172.217.194.0-255,2902,198956,19,213862
13021,0.012536,172.31.36.0-255,66,199022,19,213862
13022,0.01259,172.217.194.0-255,2902,201924,19,213862
13023,0.012594,172.31.36.0-255,66,201990,19,213862
13024,0.015126,172.217.194.0-255,2902,204892,19,213862
13025,0.015136,172.31.36.0-255,66,204958,19,213862
13026,0.01516,172.217.194.0-255,2902,207860,19,213862
13027,0.015163,172.31.36.0-255,66,207926,19,213862
13028,0.017687,172.217.194.0-255,2902,210828,19,213862
13029,0.017699,172.31.36.0-255,66,210894,19,213862
13030,0.017744,172.217.194.0-255,2902,213796,19,213862
13031,0.017748,172.31.36.0-255,66,213862,19,213862
13032,0.0,172.217.26.0-255,152,152,19,141769
13033,1.4e-05,172.31.36.0-255,66,218,19,141769
13034,2.2e-05,172.217.26.0-255,1484,1702,19,141769
13035,2.6e-05,172.31.36.0-255,66,1768,19,141769
13036,3.2e-05,172.217.26.0-255,2902,4670,19,141769
13037,3.5e-05,172.31.36.0-255,66,4736,19,141769
13038,4.3e-05,172.217.26.0-255,7156,11892,19,141769
13039,4.6e-05,172.31.36.0-255,66,11958,19,141769
13040,5e-05,172.217.26.0-255,2073,14031,19,141769
13041,5.2e-05,172.31.36.0-255,66,14097,19,141769
13042,9.9e-05,172.217.26.0-255,2902,16999,19,141769
13043,0.000102,172.31.36.0-255,66,17065,19,141769
13044,0.000105,172.217.26.0-255,1484,18549,19,141769
13045,0.000107,172.31.36.0-255,66,18615,19,141769
13046,0.000123,172.217.26.0-255,2902,21517,19,141769
13047,0.000125,172.31.36.0-255,66,21583,19,141769
13048,0.000139,172.217.26.0-255,2902,24485,19,141769
13049,0.000142,172.31.36.0-255,66,24551,19,141769
13050,0.000165,172.217.26.0-255,5738,30289,19,141769
13051,0.000168,172.31.36.0-255,66,30355,19,141769
13052,0.000171,172.217.26.0-255,1125,31480,19,141769
13053,0.000173,172.31.36.0-255,66,31546,19,141769
13054,0.000522,172.217.26.0-255,1484,33030,19,141769
13055,0.000528,172.31.36.0-255,66,33096,19,141769
13056,0.000534,172.217.26.0-255,2902,35998,19,141769
13057,0.000536,172.31.36.0-255,66,36064,19,141769
13058,0.000543,172.217.26.0-255,5738,41802,19,141769
13059,0.000545,172.31.36.0-255,66,41868,19,141769
13060,0.000552,172.217.26.0-255,4320,46188,19,141769
13061,0.000554,172.31.36.0-255,66,46254,19,141769
13062,0.00058,172.217.26.0-255,1484,47738,19,141769
13063,0.000583,172.31.36.0-255,66,47804,19,141769
13064,0.000591,172.217.26.0-255,6797,54601,19,141769
13065,0.000593,172.31.36.0-255,66,54667,19,141769
13066,0.000618,172.31.36.0-255,66,54733,19,141769
13067,0.000635,172.217.26.0-255,361,55094,19,141769
13068,0.00101,172.31.36.0-255,66,55160,19,141769
13069,0.001458,172.217.26.0-255,135,55295,19,141769
13070,0.001596,172.217.26.0-255,1484,56779,19,141769
13071,0.001603,172.31.36.0-255,66,56845,19,141769
13072,0.001611,172.217.26.0-255,2902,59747,19,141769
13073,0.001613,172.31.36.0-255,66,59813,19,141769
13074,0.001619,172.217.26.0-255,4320,64133,19,141769
13075,0.001622,172.31.36.0-255,66,64199,19,141769
13076,0.001688,172.217.26.0-255,8215,72414,19,141769
13077,0.001691,172.31.36.0-255,66,72480,19,141769
13078,0.001696,172.217.26.0-255,2902,75382,19,141769
13079,0.001698,172.31.36.0-255,66,75448,19,141769
13080,0.001718,172.217.26.0-255,5738,81186,19,141769
13081,0.00172,172.31.36.0-255,66,81252,19,141769
13082,0.001729,172.217.26.0-255,8215,89467,19,141769
13083,0.001731,172.31.36.0-255,66,89533,19,141769
13084,0.003735,172.217.26.0-255,5738,95271,19,141769
13085,0.003742,172.31.36.0-255,66,95337,19,141769
13086,0.005713,172.217.26.0-255,5738,101075,19,141769
13087,0.005719,172.31.36.0-255,66,101141,19,141769
13088,0.007697,172.217.26.0-255,5738,106879,19,141769
13089,0.007704,172.31.36.0-255,66,106945,19,141769
13090,0.00969,172.217.26.0-255,5738,112683,19,141769
13091,0.009702,172.31.36.0-255,66,112749,19,141769
13092,0.011681,172.217.26.0-255,5738,118487,19,141769
13093,0.011688,172.31.36.0-255,66,118553,19,141769
13094,0.013681,172.217.26.0-255,5738,124291,19,141769
13095,0.013691,172.31.36.0-255,66,124357,19,141769
13096,0.015677,172.217.26.0-255,5738,130095,19,141769
13097,0.015689,172.31.36.0-255,66,130161,19,141769
13098,0.01767,172.217.26.0-255,5738,135899,19,141769
13099,0.017679,172.31.36.0-255,66,135965,19,141769
13100,0.019799,172.217.26.0-255,5738,141703,19,141769
13101,0.01981,172.31.36.0-255,66,141769,19,141769
13102,0.0,172.31.36.0-255,105,105,19,276
13103,0.001794,157.240.13.0-255,105,210,19,276
13104,0.001812,172.31.36.0-255,66,276,19,276
13105,0.0,172.217.194.0-255,153,153,19,177164
13106,2e-05,172.31.36.0-255,66,219,19,177164
13107,2.7e-05,172.217.194.0-255,1484,1703,19,177164
13108,3.1e-05,172.31.36.0-255,66,1769,19,177164
13109,3.7e-05,172.217.194.0-255,2902,4671,19,177164
13110,4e-05,172.31.36.0-255,66,4737,19,177164
13111,4.8e-05,172.217.194.0-255,7156,11893,19,177164
13112,5.1e-05,172.31.36.0-255,66,11959,19,177164
13113,9.4e-05,172.31.36.0-255,66,12025,19,177164
13114,0.00012,172.217.194.0-255,2902,14927,19,177164
13115,0.000122,172.31.36.0-255,66,14993,19,177164
13116,0.000142,172.217.194.0-255,2543,17536,19,177164
13117,0.000144,172.31.36.0-255,66,17602,19,177164
13118,0.000267,172.217.194.0-255,1484,19086,19,177164
13119,0.000272,172.31.36.0-255,66,19152,19,177164
13120,0.000277,172.217.194.0-255,2902,22054,19,177164
13121,0.00028,172.31.36.0-255,66,22120,19,177164
13122,0.000286,172.217.194.0-255,5738,27858,19,177164
13123,0.000289,172.31.36.0-255,66,27924,19,177164
13124,0.000297,172.217.194.0-255,8574,36498,19,177164
13125,0.0003,172.31.36.0-255,66,36564,19,177164
13126,0.000326,172.217.194.0-255,4320,40884,19,177164
13127,0.000329,172.31.36.0-255,66,40950,19,177164
13128,0.000353,172.217.194.0-255,10692,51642,19,177164
13129,0.000356,172.31.36.0-255,66,51708,19,177164
13130,0.00116,172.217.194.0-255,645,52353,19,177164
13131,0.001167,172.31.36.0-255,66,52419,19,177164
13132,0.001491,172.217.194.0-255,1484,53903,19,177164
13133,0.001498,172.31.36.0-255,66,53969,19,177164
13134,0.001503,172.217.194.0-255,1484,55453,19,177164
13135,0.001506,172.31.36.0-255,66,55519,19,177164
13136,0.001518,172.217.194.0-255,1484,57003,19,177164
13137,0.001527,172.217.194.0-255,5738,62741,19,177164
13138,0.001529,172.31.36.0-255,66,62807,19,177164
13139,0.001536,172.217.194.0-255,5738,68545,19,177164
13140,0.001538,172.31.36.0-255,66,68611,19,177164
13141,0.00156,172.217.194.0-255,4320,72931,19,177164
13142,0.001562,172.31.36.0-255,66,72997,19,177164
13143,0.001601,172.217.194.0-255,4320,77317,19,177164
13144,0.001604,172.31.36.0-255,66,77383,19,177164
13145,0.00163,172.217.194.0-255,9274,86657,19,177164
13146,0.001633,172.31.36.0-255,66,86723,19,177164
13147,0.001919,172.217.194.0-255,1484,88207,19,177164
13148,0.001926,172.217.194.0-255,2902,91109,19,177164
13149,0.00193,172.31.36.0-255,66,91175,19,177164
13150,0.001937,172.217.194.0-255,5738,96913,19,177164
13151,0.001939,172.31.36.0-255,66,96979,19,177164
13152,0.001965,172.31.36.0-255,66,97045,19,177164
13153,0.001969,172.217.194.0-255,1484,98529,19,177164
13154,0.002009,172.217.194.0-255,2902,101431,19,177164
13155,0.002012,172.31.36.0-255,66,101497,19,177164
13156,0.002034,172.217.194.0-255,6438,107935,19,177164
13157,0.002037,172.31.36.0-255,66,108001,19,177164
13158,0.002319,172.217.194.0-255,1484,109485,19,177164
13159,0.002324,172.217.194.0-255,2902,112387,19,177164
13160,0.002326,172.31.36.0-255,66,112453,19,177164
13161,0.002331,172.217.194.0-255,2902,115355,19,177164
13162,0.002333,172.31.36.0-255,66,115421,19,177164
13163,0.002351,172.217.194.0-255,2902,118323,19,177164
13164,0.002353,172.31.36.0-255,66,118389,19,177164
13165,0.002358,172.217.194.0-255,2902,121291,19,177164
13166,0.00236,172.31.36.0-255,66,121357,19,177164
13167,0.00239,172.217.194.0-255,9992,131349,19,177164
13168,0.002393,172.31.36.0-255,66,131415,19,177164
13169,0.002403,172.217.194.0-255,10692,142107,19,177164
13170,0.002406,172.31.36.0-255,66,142173,19,177164
13171,0.004962,172.217.194.0-255,5738,147911,19,177164
13172,0.004966,172.31.36.0-255,66,147977,19,177164
13173,0.006289,172.31.36.0-255,101,148078,19,177164
13174,0.007507,172.217.194.0-255,5738,153816,19,177164
13175,0.007513,172.31.36.0-255,66,153882,19,177164
13176,0.008804,172.217.194.0-255,66,153948,19,177164
13177,0.010047,172.217.194.0-255,5738,159686,19,177164
13178,0.010055,172.31.36.0-255,66,159752,19,177164
13179,0.0126,172.217.194.0-255,5738,165490,19,177164
13180,0.01261,172.31.36.0-255,66,165556,19,177164
13181,0.015145,172.217.194.0-255,5738,171294,19,177164
13182,0.015159,172.31.36.0-255,66,171360,19,177164
13183,0.01768,172.217.194.0-255,5738,177098,19,177164
13184,0.01769,172.31.36.0-255,66,177164,19,177164
13185,0.0,74.125.24.0-255,156,156,19,197824
13186,1.4e-05,172.31.36.0-255,66,222,19,197824
13187,2.2e-05,74.125.24.0-255,1484,1706,19,197824
13188,2.6e-05,172.31.36.0-255,66,1772,19,197824
13189,3.2e-05,74.125.24.0-255,2902,4674,19,197824
13190,3.6e-05,172.31.36.0-255,66,4740,19,197824
13191,4.2e-05,74.125.24.0-255,5738,10478,19,197824
13192,4.5e-05,172.31.36.0-255,66,10544,19,197824
13193,7.2e-05,74.125.24.0-255,3437,13981,19,197824
13194,7.5e-05,172.31.36.0-255,66,14047,19,197824
13195,0.000135,74.125.24.0-255,1484,15531,19,197824
13196,0.000141,172.31.36.0-255,66,15597,19,197824
13197,0.000149,74.125.24.0-255,1484,17081,19,197824
13198,0.000151,172.31.36.0-255,66,17147,19,197824
13199,0.000163,74.125.24.0-255,1484,18631,19,197824
13200,0.000165,172.31.36.0-255,66,18697,19,197824
13201,0.000171,74.125.24.0-255,5738,24435,19,197824
13202,0.000174,172.31.36.0-255,66,24501,19,197824
13203,0.000203,74.125.24.0-255,6797,31298,19,197824
13204,0.000206,172.31.36.0-255,66,31364,19,197824
13205,0.000318,74.125.24.0-255,1484,32848,19,197824
13206,0.000323,172.31.36.0-255,66,32914,19,197824
13207,0.000328,74.125.24.0-255,2902,35816,19,197824
13208,0.00033,172.31.36.0-255,66,35882,19,197824
13209,0.000355,74.125.24.0-255,5738,41620,19,197824
13210,0.000359,172.31.36.0-255,66,41686,19,197824
13211,0.000394,74.125.24.0-255,7156,48842,19,197824
13212,0.000398,172.31.36.0-255,66,48908,19,197824
13213,0.000429,74.125.24.0-255,6797,55705,19,197824
13214,0.000432,172.31.36.0-255,66,55771,19,197824
13215,0.000441,74.125.24.0-255,9940,65711,19,197824
13216,0.000444,172.31.36.0-255,66,65777,19,197824
13217,0.000447,74.125.24.0-255,115,65892,19,197824
13218,0.000479,74.125.24.0-255,330,66222,19,197824
13219,0.000962,74.125.24.0-255,1484,67706,19,197824
13220,0.000968,172.31.36.0-255,66,67772,19,197824
13221,0.000975,74.125.24.0-255,2902,70674,19,197824
13222,0.000977,172.31.36.0-255,66,70740,19,197824
13223,0.00098,74.125.24.0-255,1484,72224,19,197824
13224,0.001003,74.125.24.0-255,5738,77962,19,197824
13225,0.001007,172.31.36.0-255,66,78028,19,197824
13226,0.001038,172.31.36.0-255,66,78094,19,197824
13227,0.001061,74.125.24.0-255,1484,79578,19,197824
13228,0.00107,74.125.24.0-255,9274,88852,19,197824
13229,0.001074,172.31.36.0-255,66,88918,19,197824
13230,0.001231,74.125.24.0-255,1484,90402,19,197824
13231,0.001237,74.125.24.0-255,2902,93304,19,197824
13232,0.001241,172.31.36.0-255,66,93370,19,197824
13233,0.001265,74.125.24.0-255,5738,99108,19,197824
13234,0.001268,172.31.36.0-255,66,99174,19,197824
13235,0.001294,74.125.24.0-255,9992,109166,19,197824
13236,0.001296,172.31.36.0-255,66,109232,19,197824
13237,0.001321,74.125.24.0-255,2902,112134,19,197824
13238,0.001324,172.31.36.0-255,66,112200,19,197824
13239,0.001331,74.125.24.0-255,8574,120774,19,197824
13240,0.001334,172.31.36.0-255,66,120840,19,197824
13241,0.001337,74.125.24.0-255,2184,123024,19,197824
13242,0.00134,172.31.36.0-255,66,123090,19,197824
13243,0.001884,74.125.24.0-255,1484,124574,19,197824
13244,0.001888,74.125.24.0-255,1484,126058,19,197824
13245,0.001891,172.31.36.0-255,66,126124,19,197824
13246,0.001914,74.125.24.0-255,1484,127608,19,197824
13247,0.001919,74.125.24.0-255,5738,133346,19,197824
13248,0.001921,172.31.36.0-255,66,133412,19,197824
13249,0.001925,74.125.24.0-255,2902,136314,19,197824
13250,0.001927,172.31.36.0-255,66,136380,19,197824
13251,0.001949,74.125.24.0-255,9992,146372,19,197824
13252,0.001951,172.31.36.0-255,66,146438,19,197824
13253,0.001961,74.125.24.0-255,10692,157130,19,197824
13254,0.001963,172.31.36.0-255,66,157196,19,197824
13255,0.004278,74.125.24.0-255,5738,162934,19,197824
13256,0.004283,172.31.36.0-255,66,163000,19,197824
13257,0.006592,74.125.24.0-255,5738,168738,19,197824
13258,0.006598,172.31.36.0-255,66,168804,19,197824
13259,0.008915,74.125.24.0-255,5738,174542,19,197824
13260,0.008923,172.31.36.0-255,66,174608,19,197824
13261,0.011237,74.125.24.0-255,5738,180346,19,197824
13262,0.011247,172.31.36.0-255,66,180412,19,197824
13263,0.013543,74.125.24.0-255,5738,186150,19,197824
13264,0.013556,172.31.36.0-255,66,186216,19,197824
13265,0.015884,74.125.24.0-255,5738,191954,19,197824
13266,0.015893,172.31.36.0-255,66,192020,19,197824
13267,0.018199,74.125.24.0-255,5738,197758,19,197824
13268,0.018209,172.31.36.0-255,66,197824,19,197824
13269,0.0,172.217.194.0-255,153,153,19,235802
13270,4e-05,172.31.36.0-255,66,219,19,235802
13271,4.6e-05,172.217.194.0-255,1484,1703,19,235802
13272,5e-05,172.31.36.0-255,66,1769,19,235802
13273,5.5e-05,172.217.194.0-255,2902,4671,19,235802
13274,5.7e-05,172.31.36.0-255,66,4737,19,235802
13275,6.2e-05,172.217.194.0-255,5738,10475,19,235802
13276,6.4e-05,172.31.36.0-255,66,10541,19,235802
13277,9.4e-05,172.217.194.0-255,8574,19115,19,235802
13278,9.7e-05,172.31.36.0-255,66,19181,19,235802
13279,0.000116,172.217.194.0-255,4812,23993,19,235802
13280,0.000119,172.31.36.0-255,66,24059,19,235802
13281,0.000142,172.217.194.0-255,4320,28379,19,235802
13282,0.000145,172.31.36.0-255,66,28445,19,235802
13283,0.000161,172.217.194.0-255,2543,30988,19,235802
13284,0.000163,172.31.36.0-255,66,31054,19,235802
13285,0.000367,172.217.194.0-255,1484,32538,19,235802
13286,0.000373,172.31.36.0-255,66,32604,19,235802
13287,0.0004,172.217.194.0-255,2902,35506,19,235802
13288,0.000404,172.31.36.0-255,66,35572,19,235802
13289,0.000434,172.217.194.0-255,4320,39892,19,235802
13290,0.000438,172.31.36.0-255,66,39958,19,235802
13291,0.000468,172.217.194.0-255,5738,45696,19,235802
13292,0.000471,172.31.36.0-255,66,45762,19,235802
13293,0.000492,172.217.194.0-255,8574,54336,19,235802
13294,0.000495,172.31.36.0-255,66,54402,19,235802
13295,0.000514,172.217.194.0-255,1484,55886,19,235802
13296,0.000517,172.31.36.0-255,66,55952,19,235802
13297,0.000531,172.217.194.0-255,1484,57436,19,235802
13298,0.000533,172.31.36.0-255,66,57502,19,235802
13299,0.000565,172.217.194.0-255,7856,65358,19,235802
13300,0.000569,172.31.36.0-255,66,65424,19,235802
13301,0.001003,172.217.194.0-255,646,66070,19,235802
13302,0.001044,172.217.194.0-255,1484,67554,19,235802
13303,0.001049,172.31.36.0-255,66,67620,19,235802
13304,0.001055,172.217.194.0-255,2902,70522,19,235802
13305,0.001057,172.31.36.0-255,66,70588,19,235802
13306,0.001079,172.217.194.0-255,1484,72072,19,235802
13307,0.001088,172.217.194.0-255,7156,79228,19,235802
13308,0.00109,172.31.36.0-255,66,79294,19,235802
13309,0.001107,172.217.194.0-255,2902,82196,19,235802
13310,0.001109,172.31.36.0-255,66,82262,19,235802
13311,0.001113,172.217.194.0-255,2902,85164,19,235802
13312,0.001115,172.31.36.0-255,66,85230,19,235802
13313,0.001153,172.217.194.0-255,2902,88132,19,235802
13314,0.001155,172.31.36.0-255,66,88198,19,235802
13315,0.001186,172.31.36.0-255,66,88264,19,235802
13316,0.001189,172.217.194.0-255,766,89030,19,235802
13317,0.00127,172.217.194.0-255,1484,90514,19,235802
13318,0.001275,172.31.36.0-255,66,90580,19,235802
13319,0.001281,172.217.194.0-255,2902,93482,19,235802
13320,0.001284,172.31.36.0-255,66,93548,19,235802
13321,0.001301,172.217.194.0-255,2902,96450,19,235802
13322,0.001303,172.31.36.0-255,66,96516,19,235802
13323,0.001328,172.217.194.0-255,2902,99418,19,235802
13324,0.001331,172.31.36.0-255,66,99484,19,235802
13325,0.001334,172.217.194.0-255,2902,102386,19,235802
13326,0.001336,172.31.36.0-255,66,102452,19,235802
13327,0.001341,172.217.194.0-255,2902,105354,19,235802
13328,0.001344,172.31.36.0-255,66,105420,19,235802
13329,0.001376,172.217.194.0-255,7156,112576,19,235802
13330,0.001381,172.31.36.0-255,66,112642,19,235802
13331,0.001392,172.217.194.0-255,10692,123334,19,235802
13332,0.001394,172.31.36.0-255,66,123400,19,235802
13333,0.001557,172.217.194.0-255,1484,124884,19,235802
13334,0.001573,172.217.194.0-255,2902,127786,19,235802
13335,0.001576,172.31.36.0-255,66,127852,19,235802
13336,0.001627,172.217.194.0-255,4320,132172,19,235802
13337,0.001629,172.31.36.0-255,66,132238,19,235802
13338,0.00166,172.217.194.0-255,4320,136558,19,235802
13339,0.001663,172.31.36.0-255,66,136624,19,235802
13340,0.001679,172.217.194.0-255,4320,140944,19,235802
13341,0.001682,172.31.36.0-255,66,141010,19,235802
13342,0.001686,172.217.194.0-255,4320,145330,19,235802
13343,0.001689,172.31.36.0-255,66,145396,19,235802
13344,0.001727,172.31.36.0-255,66,145462,19,235802
13345,0.001733,172.217.194.0-255,7156,152618,19,235802
13346,0.001736,172.31.36.0-255,66,152684,19,235802
13347,0.001768,172.31.36.0-255,66,152750,19,235802
13348,0.001835,172.217.194.0-255,7856,160606,19,235802
13349,0.001838,172.31.36.0-255,66,160672,19,235802
13350,0.001906,172.217.194.0-255,1484,162156,19,235802
13351,0.00191,172.217.194.0-255,2902,165058,19,235802
13352,0.001912,172.31.36.0-255,66,165124,19,235802
13353,0.001935,172.217.194.0-255,5738,170862,19,235802
13354,0.001938,172.31.36.0-255,66,170928,19,235802
13355,0.001982,172.31.36.0-255,66,170994,19,235802
13356,0.00199,172.217.194.0-255,8574,179568,19,235802
13357,0.001992,172.31.36.0-255,66,179634,19,235802
13358,0.002018,172.217.194.0-255,2184,181818,19,235802
13359,0.00202,172.31.36.0-255,66,181884,19,235802
13360,0.002517,172.217.194.0-255,1484,183368,19,235802
13361,0.002532,172.217.194.0-255,2902,186270,19,235802
13362,0.002535,172.31.36.0-255,66,186336,19,235802
13363,0.002539,172.217.194.0-255,2902,189238,19,235802
13364,0.002541,172.31.36.0-255,66,189304,19,235802
13365,0.002557,172.217.194.0-255,2902,192206,19,235802
13366,0.002559,172.31.36.0-255,66,192272,19,235802
13367,0.002597,172.217.194.0-255,9992,202264,19,235802
13368,0.0026,172.31.36.0-255,66,202330,19,235802
13369,0.005128,172.217.194.0-255,5738,208068,19,235802
13370,0.005134,172.31.36.0-255,66,208134,19,235802
13371,0.007665,172.217.194.0-255,5738,213872,19,235802
13372,0.007674,172.31.36.0-255,66,213938,19,235802
13373,0.010245,172.217.194.0-255,5738,219676,19,235802
13374,0.010253,172.31.36.0-255,66,219742,19,235802
13375,0.012789,172.217.194.0-255,4320,224062,19,235802
13376,0.012797,172.31.36.0-255,66,224128,19,235802
13377,0.012814,172.217.194.0-255,1484,225612,19,235802
13378,0.015363,172.217.194.0-255,4320,229932,19,235802
13379,0.015373,172.31.36.0-255,66,229998,19,235802
13380,0.017893,172.217.194.0-255,5738,235736,19,235802
13381,0.017902,172.31.36.0-255,66,235802,19,235802
13382,0.0,172.217.194.0-255,298,298,19,281779
13383,2.4e-05,172.31.36.0-255,66,364,19,281779
13384,3e-05,172.217.194.0-255,1484,1848,19,281779
13385,3.4e-05,172.31.36.0-255,66,1914,19,281779
13386,3.9e-05,172.217.194.0-255,4320,6234,19,281779
13387,5e-05,172.31.36.0-255,66,6300,19,281779
13388,5.4e-05,172.217.194.0-255,4320,10620,19,281779
13389,5.6e-05,172.31.36.0-255,66,10686,19,281779
13390,9.4e-05,172.217.194.0-255,4651,15337,19,281779
13391,9.8e-05,172.31.36.0-255,66,15403,19,281779
13392,0.000103,172.217.194.0-255,2902,18305,19,281779
13393,0.000105,172.31.36.0-255,66,18371,19,281779
13394,0.000127,172.217.194.0-255,8574,26945,19,281779
13395,0.000135,172.31.36.0-255,66,27011,19,281779
13396,0.000164,172.217.194.0-255,3961,30972,19,281779
13397,0.000167,172.31.36.0-255,66,31038,19,281779
13398,0.000173,172.217.194.0-255,2902,33940,19,281779
13399,0.000176,172.31.36.0-255,66,34006,19,281779
13400,0.000209,172.217.194.0-255,8574,42580,19,281779
13401,0.000213,172.31.36.0-255,66,42646,19,281779
13402,0.000219,172.217.194.0-255,5379,48025,19,281779
13403,0.000222,172.31.36.0-255,66,48091,19,281779
13404,0.000411,172.217.194.0-255,1484,49575,19,281779
13405,0.000416,172.31.36.0-255,66,49641,19,281779
13406,0.000422,172.217.194.0-255,2902,52543,19,281779
13407,0.000425,172.31.36.0-255,66,52609,19,281779
13408,0.000452,172.217.194.0-255,5738,58347,19,281779
13409,0.000456,172.31.36.0-255,66,58413,19,281779
13410,0.000479,172.217.194.0-255,6797,65210,19,281779
13411,0.000482,172.31.36.0-255,66,65276,19,281779
13412,0.000511,172.217.194.0-255,7737,73013,19,281779
13413,0.000516,172.31.36.0-255,66,73079,19,281779
13414,0.000522,172.217.194.0-255,4320,77399,19,281779
13415,0.000525,172.31.36.0-255,66,77465,19,281779
13416,0.000548,172.217.194.0-255,1484,78949,19,281779
13417,0.000561,172.217.194.0-255,6797,85746,19,281779
13418,0.000565,172.31.36.0-255,66,85812,19,281779
13419,0.000569,172.217.194.0-255,1484,87296,19,281779
13420,0.00059,172.217.194.0-255,7156,94452,19,281779
13421,0.000594,172.31.36.0-255,66,94518,19,281779
13422,0.000622,172.217.194.0-255,5379,99897,19,281779
13423,0.000625,172.31.36.0-255,66,99963,19,281779
13424,0.001112,172.217.194.0-255,1484,101447,19,281779
13425,0.001121,172.217.194.0-255,2902,104349,19,281779
13426,0.001126,172.31.36.0-255,66,104415,19,281779
13427,0.001133,172.217.194.0-255,5738,110153,19,281779
13428,0.001135,172.31.36.0-255,66,110219,19,281779
13429,0.001185,172.31.36.0-255,66,110285,19,281779
13430,0.001225,172.217.194.0-255,10692,120977,19,281779
13431,0.001229,172.31.36.0-255,66,121043,19,281779
13432,0.001294,172.31.36.0-255,66,121109,19,281779
13433,0.001301,172.217.194.0-255,7156,128265,19,281779
13434,0.001304,172.31.36.0-255,66,128331,19,281779
13435,0.001318,172.217.194.0-255,8574,136905,19,281779
13436,0.00132,172.31.36.0-255,66,136971,19,281779
13437,0.001326,172.217.194.0-255,6438,143409,19,281779
13438,0.001328,172.31.36.0-255,66,143475,19,281779
13439,0.001736,172.217.194.0-255,1484,144959,19,281779
13440,0.001744,172.217.194.0-255,2902,147861,19,281779
13441,0.001749,172.31.36.0-255,66,147927,19,281779
13442,0.001755,172.217.194.0-255,4320,152247,19,281779
13443,0.001757,172.31.36.0-255,66,152313,19,281779
13444,0.001788,172.217.194.0-255,5738,158051,19,281779
13445,0.001791,172.31.36.0-255,66,158117,19,281779
13446,0.001837,172.31.36.0-255,66,158183,19,281779
13447,0.001844,172.217.194.0-255,7856,166039,19,281779
13448,0.001846,172.31.36.0-255,66,166105,19,281779
13449,0.00188,172.217.194.0-255,9992,176097,19,281779
13450,0.001884,172.31.36.0-255,66,176163,19,281779
13451,0.001912,172.217.194.0-255,4320,180483,19,281779
13452,0.001929,172.217.194.0-255,3602,184085,19,281779
13453,0.001933,172.31.36.0-255,66,184151,19,281779
13454,0.001944,172.31.36.0-255,66,184217,19,281779
13455,0.001951,172.31.36.0-255,66,184283,19,281779
13456,0.001979,172.217.194.0-255,4320,188603,19,281779
13457,0.001983,172.31.36.0-255,66,188669,19,281779
13458,0.001989,172.217.194.0-255,5738,194407,19,281779
13459,0.001992,172.31.36.0-255,66,194473,19,281779
13460,0.002036,172.217.194.0-255,7156,201629,19,281779
13461,0.002041,172.31.36.0-255,66,201695,19,281779
13462,0.002077,172.217.194.0-255,8574,210269,19,281779
13463,0.002081,172.31.36.0-255,66,210335,19,281779
13464,0.002087,172.217.194.0-255,4320,214655,19,281779
13465,0.002089,172.31.36.0-255,66,214721,19,281779
13466,0.002119,172.217.194.0-255,3602,218323,19,281779
13467,0.002129,172.31.36.0-255,66,218389,19,281779
13468,0.002217,172.217.194.0-255,1484,219873,19,281779
13469,0.002224,172.217.194.0-255,2902,222775,19,281779
13470,0.002229,172.31.36.0-255,66,222841,19,281779
13471,0.00225,172.217.194.0-255,5738,228579,19,281779
13472,0.002254,172.31.36.0-255,66,228645,19,281779
13473,0.002257,172.217.194.0-255,1484,230129,19,281779
13474,0.002305,172.31.36.0-255,66,230195,19,281779
13475,0.002312,172.217.194.0-255,7156,237351,19,281779
13476,0.002315,172.31.36.0-255,66,237417,19,281779
13477,0.002346,172.217.194.0-255,3602,241019,19,281779
13478,0.00235,172.31.36.0-255,66,241085,19,281779
13479,0.004627,172.217.194.0-255,1484,242569,19,281779
13480,0.004712,172.217.194.0-255,4320,246889,19,281779
13481,0.004717,172.31.36.0-255,66,246955,19,281779
13482,0.007081,172.217.194.0-255,5738,252693,19,281779
13483,0.007086,172.31.36.0-255,66,252759,19,281779
13484,0.009495,172.217.194.0-255,5738,258497,19,281779
13485,0.009503,172.31.36.0-255,66,258563,19,281779
13486,0.011851,172.217.194.0-255,5738,264301,19,281779
13487,0.011859,172.31.36.0-255,66,264367,19,281779
13488,0.014208,172.217.194.0-255,5738,270105,19,281779
13489,0.014217,172.31.36.0-255,66,270171,19,281779
13490,0.016541,172.217.194.0-255,5738,275909,19,281779
13491,0.016549,172.31.36.0-255,66,275975,19,281779
13492,0.018907,172.217.194.0-255,5738,281713,19,281779
13493,0.018914,172.31.36.0-255,66,281779,19,281779
13494,0.0,172.217.194.0-255,153,153,19,266631
13495,2.4e-05,172.31.36.0-255,66,219,19,266631
13496,3.2e-05,172.217.194.0-255,1484,1703,19,266631
13497,3.7e-05,172.31.36.0-255,66,1769,19,266631
13498,4.3e-05,172.217.194.0-255,2902,4671,19,266631
13499,5.4e-05,172.31.36.0-255,66,4737,19,266631
13500,6.1e-05,172.217.194.0-255,7156,11893,19,266631
13501,6.4e-05,172.31.36.0-255,66,11959,19,266631
13502,7.5e-05,172.217.194.0-255,10482,22441,19,266631
13503,7.8e-05,172.31.36.0-255,66,22507,19,266631
13504,8.7e-05,172.217.194.0-255,8215,30722,19,266631
13505,9e-05,172.31.36.0-255,66,30788,19,266631
13506,0.000245,172.217.194.0-255,1484,32272,19,266631
13507,0.000252,172.31.36.0-255,66,32338,19,266631
13508,0.000258,172.217.194.0-255,2902,35240,19,266631
13509,0.00026,172.31.36.0-255,66,35306,19,266631
13510,0.000272,172.217.194.0-255,5738,41044,19,266631
13511,0.000275,172.31.36.0-255,66,41110,19,266631
13512,0.000301,172.217.194.0-255,5738,46848,19,266631
13513,0.000304,172.31.36.0-255,66,46914,19,266631
13514,0.00033,172.217.194.0-255,8215,55129,19,266631
13515,0.000333,172.31.36.0-255,66,55195,19,266631
13516,0.000336,172.217.194.0-255,1484,56679,19,266631
13517,0.000338,172.31.36.0-255,66,56745,19,266631
13518,0.000346,172.217.194.0-255,7156,63901,19,266631
13519,0.000348,172.31.36.0-255,66,63967,19,266631
13520,0.00038,172.217.194.0-255,1440,65407,19,266631
13521,0.000383,172.31.36.0-255,66,65473,19,266631
13522,0.000386,172.217.194.0-255,362,65835,19,266631
13523,0.000388,172.31.36.0-255,66,65901,19,266631
13524,0.000516,172.217.194.0-255,1484,67385,19,266631
13525,0.00052,172.31.36.0-255,66,67451,19,266631
13526,0.000526,172.217.194.0-255,2902,70353,19,266631
13527,0.000528,172.31.36.0-255,66,70419,19,266631
13528,0.000558,172.217.194.0-255,5738,76157,19,266631
13529,0.000561,172.31.36.0-255,66,76223,19,266631
13530,0.000569,172.217.194.0-255,7156,83379,19,266631
13531,0.000571,172.31.36.0-255,66,83445,19,266631
13532,0.000602,172.217.194.0-255,1484,84929,19,266631
13533,0.00061,172.217.194.0-255,5738,90667,19,266631
13534,0.000612,172.31.36.0-255,66,90733,19,266631
13535,0.000652,172.217.194.0-255,9274,100007,19,266631
13536,0.000656,172.31.36.0-255,66,100073,19,266631
13537,0.000659,172.217.194.0-255,1484,101557,19,266631
13538,0.000662,172.217.194.0-255,1484,103041,19,266631
13539,0.000664,172.31.36.0-255,66,103107,19,266631
13540,0.000689,172.217.194.0-255,1484,104591,19,266631
13541,0.000696,172.217.194.0-255,5738,110329,19,266631
13542,0.000705,172.217.194.0-255,9992,120321,19,266631
13543,0.000714,172.31.36.0-255,66,120387,19,266631
13544,0.000717,172.31.36.0-255,66,120453,19,266631
13545,0.000722,172.217.194.0-255,2902,123355,19,266631
13546,0.000725,172.31.36.0-255,66,123421,19,266631
13547,0.000738,172.217.194.0-255,8574,131995,19,266631
13548,0.000744,172.31.36.0-255,66,132061,19,266631
13549,0.000767,172.217.194.0-255,2184,134245,19,266631
13550,0.00077,172.31.36.0-255,66,134311,19,266631
13551,0.000775,172.217.194.0-255,2902,137213,19,266631
13552,0.000777,172.31.36.0-255,66,137279,19,266631
13553,0.00081,172.217.194.0-255,7156,144435,19,266631
13554,0.000814,172.31.36.0-255,66,144501,19,266631
13555,0.000828,172.31.36.0-255,66,144567,19,266631
13556,0.000897,172.217.194.0-255,9992,154559,19,266631
13557,0.000901,172.31.36.0-255,66,154625,19,266631
13558,0.000922,172.217.194.0-255,766,155391,19,266631
13559,0.001721,172.217.194.0-255,1484,156875,19,266631
13560,0.001727,172.31.36.0-255,66,156941,19,266631
13561,0.001733,172.217.194.0-255,2902,159843,19,266631
13562,0.001735,172.31.36.0-255,66,159909,19,266631
13563,0.001746,172.217.194.0-255,2902,162811,19,266631
13564,0.001748,172.31.36.0-255,66,162877,19,266631
13565,0.001771,172.217.194.0-255,2902,165779,19,266631
13566,0.001773,172.31.36.0-255,66,165845,19,266631
13567,0.001814,172.217.194.0-255,5738,171583,19,266631
13568,0.001816,172.31.36.0-255,66,171649,19,266631
13569,0.001846,172.217.194.0-255,7156,178805,19,266631
13570,0.001849,172.31.36.0-255,66,178871,19,266631
13571,0.001858,172.217.194.0-255,8574,187445,19,266631
13572,0.00186,172.31.36.0-255,66,187511,19,266631
13573,0.001864,172.217.194.0-255,2184,189695,19,266631
13574,0.001866,172.31.36.0-255,66,189761,19,266631
13575,0.002018,172.217.194.0-255,1484,191245,19,266631
13576,0.002024,172.217.194.0-255,2902,194147,19,266631
13577,0.002027,172.31.36.0-255,66,194213,19,266631
13578,0.002036,172.217.194.0-255,5738,199951,19,266631
13579,0.002038,172.31.36.0-255,66,200017,19,266631
13580,0.002045,172.217.194.0-255,1484,201501,19,266631
13581,0.002075,172.217.194.0-255,8574,210075,19,266631
13582,0.002077,172.31.36.0-255,66,210141,19,266631
13583,0.002127,172.217.194.0-255,9992,220133,19,266631
13584,0.002131,172.31.36.0-255,66,220199,19,266631
13585,0.004218,172.217.194.0-255,5738,225937,19,266631
13586,0.004226,172.31.36.0-255,66,226003,19,266631
13587,0.006272,172.217.194.0-255,5738,231741,19,266631
13588,0.006277,172.31.36.0-255,66,231807,19,266631
13589,0.008335,172.217.194.0-255,5738,237545,19,266631
13590,0.008342,172.31.36.0-255,66,237611,19,266631
13591,0.010434,172.217.194.0-255,5738,243349,19,266631
13592,0.010442,172.31.36.0-255,66,243415,19,266631
13593,0.012496,172.217.194.0-255,5738,249153,19,266631
13594,0.012505,172.31.36.0-255,66,249219,19,266631
13595,0.014553,172.217.194.0-255,5738,254957,19,266631
13596,0.014561,172.31.36.0-255,66,255023,19,266631
13597,0.016635,172.217.194.0-255,5738,260761,19,266631
13598,0.016645,172.31.36.0-255,66,260827,19,266631
13599,0.018692,172.217.194.0-255,5738,266565,19,266631
13600,0.018701,172.31.36.0-255,66,266631,19,266631
13601,0.0,172.217.194.0-255,150,150,19,213660
13602,3e-05,172.31.36.0-255,66,216,19,213660
13603,3.7e-05,172.217.194.0-255,1484,1700,19,213660
13604,4.3e-05,172.31.36.0-255,66,1766,19,213660
13605,4.8e-05,172.217.194.0-255,2902,4668,19,213660
13606,5.1e-05,172.31.36.0-255,66,4734,19,213660
13607,5.8e-05,172.217.194.0-255,7156,11890,19,213660
13608,6.1e-05,172.31.36.0-255,66,11956,19,213660
13609,6.9e-05,172.217.194.0-255,9095,21051,19,213660
13610,7.2e-05,172.31.36.0-255,66,21117,19,213660
13611,0.000105,172.217.194.0-255,9633,30750,19,213660
13612,0.000108,172.31.36.0-255,66,30816,19,213660
13613,0.000127,172.217.194.0-255,1484,32300,19,213660
13614,0.00013,172.31.36.0-255,66,32366,19,213660
13615,0.000151,172.217.194.0-255,8574,40940,19,213660
13616,0.000154,172.31.36.0-255,66,41006,19,213660
13617,0.000162,172.217.194.0-255,6797,47803,19,213660
13618,0.000164,172.31.36.0-255,66,47869,19,213660
13619,0.000345,172.217.194.0-255,1484,49353,19,213660
13620,0.000351,172.31.36.0-255,66,49419,19,213660
13621,0.000356,172.217.194.0-255,2902,52321,19,213660
13622,0.000359,172.31.36.0-255,66,52387,19,213660
13623,0.000364,172.217.194.0-255,4320,56707,19,213660
13624,0.000367,172.31.36.0-255,66,56773,19,213660
13625,0.000399,172.217.194.0-255,5738,62511,19,213660
13626,0.000403,172.31.36.0-255,66,62577,19,213660
13627,0.000422,172.217.194.0-255,2842,65419,19,213660
13628,0.000425,172.31.36.0-255,66,65485,19,213660
13629,0.000454,172.217.194.0-255,381,65866,19,213660
13630,0.000457,172.31.36.0-255,66,65932,19,213660
13631,0.000635,172.217.194.0-255,1484,67416,19,213660
13632,0.00064,172.31.36.0-255,66,67482,19,213660
13633,0.000645,172.217.194.0-255,2902,70384,19,213660
13634,0.000648,172.31.36.0-255,66,70450,19,213660
13635,0.000654,172.217.194.0-255,5738,76188,19,213660
13636,0.000657,172.31.36.0-255,66,76254,19,213660
13637,0.000662,172.217.194.0-255,2902,79156,19,213660
13638,0.000663,172.31.36.0-255,66,79222,19,213660
13639,0.000688,172.217.194.0-255,2902,82124,19,213660
13640,0.000691,172.31.36.0-255,66,82190,19,213660
13641,0.000722,172.217.194.0-255,7156,89346,19,213660
13642,0.000725,172.31.36.0-255,66,89412,19,213660
13643,0.000739,172.217.194.0-255,3961,93373,19,213660
13644,0.000742,172.31.36.0-255,66,93439,19,213660
13645,0.000772,172.217.194.0-255,6797,100236,19,213660
13646,0.000775,172.31.36.0-255,66,100302,19,213660
13647,0.001153,172.217.194.0-255,1484,101786,19,213660
13648,0.001163,172.217.194.0-255,2902,104688,19,213660
13649,0.001167,172.31.36.0-255,66,104754,19,213660
13650,0.001174,172.217.194.0-255,5738,110492,19,213660
13651,0.001176,172.31.36.0-255,66,110558,19,213660
13652,0.001213,172.217.194.0-255,9992,120550,19,213660
13653,0.001216,172.31.36.0-255,66,120616,19,213660
13654,0.001232,172.217.194.0-255,5738,126354,19,213660
13655,0.001236,172.31.36.0-255,66,126420,19,213660
13656,0.001253,172.217.194.0-255,7856,134276,19,213660
13657,0.001256,172.31.36.0-255,66,134342,19,213660
13658,0.001296,172.217.194.0-255,1484,135826,19,213660
13659,0.001302,172.217.194.0-255,2902,138728,19,213660
13660,0.001305,172.31.36.0-255,66,138794,19,213660
13661,0.001308,172.217.194.0-255,1484,140278,19,213660
13662,0.00133,172.217.194.0-255,4320,144598,19,213660
13663,0.001333,172.31.36.0-255,66,144664,19,213660
13664,0.001339,172.217.194.0-255,5738,150402,19,213660
13665,0.001341,172.31.36.0-255,66,150468,19,213660
13666,0.001345,172.217.194.0-255,5738,156206,19,213660
13667,0.001347,172.31.36.0-255,66,156272,19,213660
13668,0.001377,172.217.194.0-255,7156,163428,19,213660
13669,0.001379,172.31.36.0-255,66,163494,19,213660
13670,0.001385,172.217.194.0-255,5020,168514,19,213660
13671,0.001386,172.31.36.0-255,66,168580,19,213660
13672,0.003472,172.217.194.0-255,5738,174318,19,213660
13673,0.003478,172.31.36.0-255,66,174384,19,213660
13674,0.005545,172.217.194.0-255,4320,178704,19,213660
13675,0.005549,172.31.36.0-255,66,178770,19,213660
13676,0.005565,172.217.194.0-255,1484,180254,19,213660
13677,0.007629,172.217.194.0-255,4320,184574,19,213660
13678,0.007636,172.31.36.0-255,66,184640,19,213660
13679,0.009694,172.217.194.0-255,5738,190378,19,213660
13680,0.0097,172.31.36.0-255,66,190444,19,213660
13681,0.011756,172.217.194.0-255,5738,196182,19,213660
13682,0.011764,172.31.36.0-255,66,196248,19,213660
13683,0.013838,172.217.194.0-255,5738,201986,19,213660
13684,0.013845,172.31.36.0-255,66,202052,19,213660
13685,0.015914,172.217.194.0-255,5738,207790,19,213660
13686,0.015921,172.31.36.0-255,66,207856,19,213660
13687,0.017988,172.217.194.0-255,5738,213594,19,213660
13688,0.017993,172.31.36.0-255,66,213660,19,213660
13689,0.0,74.125.130.0-255,220,220,19,263199
13690,2.3e-05,172.31.36.0-255,66,286,19,263199
13691,3e-05,74.125.130.0-255,1484,1770,19,263199
13692,3.6e-05,172.31.36.0-255,66,1836,19,263199
13693,4.2e-05,74.125.130.0-255,2902,4738,19,263199
13694,5.4e-05,172.31.36.0-255,66,4804,19,263199
13695,6.1e-05,74.125.130.0-255,5738,10542,19,263199
13696,6.4e-05,172.31.36.0-255,66,10608,19,263199
13697,8.9e-05,74.125.130.0-255,4320,14928,19,263199
13698,9.2e-05,172.31.36.0-255,66,14994,19,263199
13699,0.000119,74.125.130.0-255,1889,16883,19,263199
13700,0.000122,172.31.36.0-255,66,16949,19,263199
13701,0.000135,74.125.130.0-255,7156,24105,19,263199
13702,0.000137,172.31.36.0-255,66,24171,19,263199
13703,0.000143,74.125.130.0-255,4320,28491,19,263199
13704,0.000145,172.31.36.0-255,66,28557,19,263199
13705,0.000195,74.125.130.0-255,2543,31100,19,263199
13706,0.000197,172.31.36.0-255,66,31166,19,263199
13707,0.000424,74.125.130.0-255,1484,32650,19,263199
13708,0.000429,172.31.36.0-255,66,32716,19,263199
13709,0.000452,74.125.130.0-255,2902,35618,19,263199
13710,0.000456,172.31.36.0-255,66,35684,19,263199
13711,0.000463,74.125.130.0-255,1484,37168,19,263199
13712,0.000465,172.31.36.0-255,66,37234,19,263199
13713,0.000499,74.125.130.0-255,2902,40136,19,263199
13714,0.000502,172.31.36.0-255,66,40202,19,263199
13715,0.000509,74.125.130.0-255,7156,47358,19,263199
13716,0.000512,172.31.36.0-255,66,47424,19,263199
13717,0.000536,74.125.130.0-255,2902,50326,19,263199
13718,0.000538,172.31.36.0-255,66,50392,19,263199
13719,0.000565,74.125.130.0-255,5738,56130,19,263199
13720,0.000568,172.31.36.0-255,66,56196,19,263199
13721,0.000572,74.125.130.0-255,2902,59098,19,263199
13722,0.000579,74.125.130.0-255,4320,63418,19,263199
13723,0.000606,74.125.130.0-255,2184,65602,19,263199
13724,0.000621,172.31.36.0-255,66,65668,19,263199
13725,0.000624,74.125.130.0-255,395,66063,19,263199
13726,0.000778,74.125.130.0-255,1484,67547,19,263199
13727,0.000795,74.125.130.0-255,1484,69031,19,263199
13728,0.000804,172.31.36.0-255,66,69097,19,263199
13729,0.000815,74.125.130.0-255,2902,71999,19,263199
13730,0.000838,74.125.130.0-255,5738,77737,19,263199
13731,0.000842,74.125.130.0-255,1484,79221,19,263199
13732,0.000847,172.31.36.0-255,66,79287,19,263199
13733,0.00087,74.125.130.0-255,2902,82189,19,263199
13734,0.000885,74.125.130.0-255,1484,83673,19,263199
13735,0.000898,74.125.130.0-255,4320,87993,19,263199
13736,0.000901,74.125.130.0-255,1484,89477,19,263199
13737,0.000911,172.31.36.0-255,66,89543,19,263199
13738,0.000947,74.125.130.0-255,4320,93863,19,263199
13739,0.000953,172.31.36.0-255,66,93929,19,263199
13740,0.000964,74.125.130.0-255,4320,98249,19,263199
13741,0.000973,74.125.130.0-255,2184,100433,19,263199
13742,0.000994,172.31.36.0-255,66,100499,19,263199
13743,0.001367,74.125.130.0-255,1484,101983,19,263199
13744,0.001384,74.125.130.0-255,2902,104885,19,263199
13745,0.001387,74.125.130.0-255,1484,106369,19,263199
13746,0.001393,172.31.36.0-255,66,106435,19,263199
13747,0.001406,74.125.130.0-255,4320,110755,19,263199
13748,0.001414,74.125.130.0-255,2902,113657,19,263199
13749,0.001441,74.125.130.0-255,7156,120813,19,263199
13750,0.001454,74.125.130.0-255,2902,123715,19,263199
13751,0.001461,74.125.130.0-255,7156,130871,19,263199
13752,0.001464,172.31.36.0-255,66,130937,19,263199
13753,0.001469,172.31.36.0-255,66,131003,19,263199
13754,0.001492,74.125.130.0-255,2902,133905,19,263199
13755,0.001495,74.125.130.0-255,766,134671,19,263199
13756,0.001527,172.31.36.0-255,66,134737,19,263199
13757,0.001576,74.125.130.0-255,1484,136221,19,263199
13758,0.001592,74.125.130.0-255,2902,139123,19,263199
13759,0.001606,74.125.130.0-255,4320,143443,19,263199
13760,0.001609,172.31.36.0-255,66,143509,19,263199
13761,0.001615,172.31.36.0-255,66,143575,19,263199
13762,0.001641,74.125.130.0-255,5738,149313,19,263199
13763,0.001658,74.125.130.0-255,2902,152215,19,263199
13764,0.001668,172.31.36.0-255,66,152281,19,263199
13765,0.001688,74.125.130.0-255,7156,159437,19,263199
13766,0.001719,74.125.130.0-255,5738,165175,19,263199
13767,0.001722,172.31.36.0-255,66,165241,19,263199
13768,0.001728,172.31.36.0-255,66,165307,19,263199
13769,0.001749,74.125.130.0-255,3602,168909,19,263199
13770,0.001766,172.31.36.0-255,66,168975,19,263199
13771,0.001839,74.125.130.0-255,1484,170459,19,263199
13772,0.001861,74.125.130.0-255,2902,173361,19,263199
13773,0.001912,74.125.130.0-255,4320,177681,19,263199
13774,0.001916,74.125.130.0-255,2902,180583,19,263199
13775,0.001922,172.31.36.0-255,66,180649,19,263199
13776,0.001932,74.125.130.0-255,2902,183551,19,263199
13777,0.001945,74.125.130.0-255,7156,190707,19,263199
13778,0.001955,74.125.130.0-255,1484,192191,19,263199
13779,0.001966,74.125.130.0-255,2902,195093,19,263199
13780,0.001977,74.125.130.0-255,1484,196577,19,263199
13781,0.001991,74.125.130.0-255,4320,200897,19,263199
13782,0.001996,172.31.36.0-255,66,200963,19,263199
13783,0.002014,74.125.130.0-255,2184,203147,19,263199
13784,0.002029,172.31.36.0-255,66,203213,19,263199
13785,0.002162,74.125.130.0-255,1484,204697,19,263199
13786,0.00218,74.125.130.0-255,2902,207599,19,263199
13787,0.002188,172.31.36.0-255,66,207665,19,263199
13788,0.002197,74.125.130.0-255,1484,209149,19,263199
13789,0.002215,74.125.130.0-255,4320,213469,19,263199
13790,0.002217,74.125.130.0-255,1484,214953,19,263199
13791,0.002231,74.125.130.0-255,1484,216437,19,263199
13792,0.002245,74.125.130.0-255,1484,217921,19,263199
13793,0.002252,172.31.36.0-255,66,217987,19,263199
13794,0.002263,74.125.130.0-255,1484,219471,19,263199
13795,0.002284,74.125.130.0-255,2902,222373,19,263199
13796,0.002287,74.125.130.0-255,1484,223857,19,263199
13797,0.002305,74.125.130.0-255,4320,228177,19,263199
13798,0.002311,172.31.36.0-255,66,228243,19,263199
13799,0.002322,74.125.130.0-255,2902,231145,19,263199
13800,0.002341,74.125.130.0-255,1484,232629,19,263199
13801,0.002344,74.125.130.0-255,1484,234113,19,263199
13802,0.002353,172.31.36.0-255,66,234179,19,263199
13803,0.004637,74.125.130.0-255,5738,239917,19,263199
13804,0.004644,172.31.36.0-255,66,239983,19,263199
13805,0.006936,74.125.130.0-255,5738,245721,19,263199
13806,0.01034,172.31.36.0-255,66,245787,19,263199
13807,0.012652,74.125.130.0-255,5738,251525,19,263199
13808,0.01267,172.31.36.0-255,66,251591,19,263199
13809,0.014963,74.125.130.0-255,5738,257329,19,263199
13810,0.014972,172.31.36.0-255,66,257395,19,263199
13811,0.017266,74.125.130.0-255,5738,263133,19,263199
13812,0.017983,172.31.36.0-255,66,263199,19,263199
13813,0.0,74.125.24.0-255,153,153,19,122739
13814,2.8e-05,172.31.36.0-255,66,219,19,122739
13815,3.4e-05,74.125.24.0-255,1484,1703,19,122739
13816,3.8e-05,172.31.36.0-255,66,1769,19,122739
13817,4.3e-05,74.125.24.0-255,2902,4671,19,122739
13818,4.6e-05,172.31.36.0-255,66,4737,19,122739
13819,5e-05,74.125.24.0-255,1484,6221,19,122739
13820,5.1e-05,172.31.36.0-255,66,6287,19,122739
13821,7.7e-05,74.125.24.0-255,4320,10607,19,122739
13822,7.9e-05,172.31.36.0-255,66,10673,19,122739
13823,0.000115,74.125.24.0-255,1484,12157,19,122739
13824,0.000118,172.31.36.0-255,66,12223,19,122739
13825,0.000133,74.125.24.0-255,2054,14277,19,122739
13826,0.000136,172.31.36.0-255,66,14343,19,122739
13827,0.000258,74.125.24.0-255,1484,15827,19,122739
13828,0.000263,172.31.36.0-255,66,15893,19,122739
13829,0.000268,74.125.24.0-255,2902,18795,19,122739
13830,0.000271,172.31.36.0-255,66,18861,19,122739
13831,0.000291,74.125.24.0-255,5738,24599,19,122739
13832,0.000294,172.31.36.0-255,66,24665,19,122739
13833,0.000355,74.125.24.0-255,5738,30403,19,122739
13834,0.000359,172.31.36.0-255,66,30469,19,122739
13835,0.000424,74.125.24.0-255,5738,36207,19,122739
13836,0.000427,172.31.36.0-255,66,36273,19,122739
13837,0.000453,74.125.24.0-255,8215,44488,19,122739
13838,0.000457,172.31.36.0-255,66,44554,19,122739
13839,0.000585,74.125.24.0-255,5738,50292,19,122739
13840,0.000589,172.31.36.0-255,66,50358,19,122739
13841,0.000613,74.125.24.0-255,8574,58932,19,122739
13842,0.000616,172.31.36.0-255,66,58998,19,122739
13843,0.000756,74.125.24.0-255,6438,65436,19,122739
13844,0.00076,172.31.36.0-255,66,65502,19,122739
13845,0.000831,74.125.24.0-255,9992,75494,19,122739
13846,0.000841,172.31.36.0-255,66,75560,19,122739
13847,0.00087,172.31.36.0-255,66,75626,19,122739
13848,0.001067,74.125.24.0-255,5738,81364,19,122739
13849,0.001072,172.31.36.0-255,66,81430,19,122739
13850,0.001098,74.125.24.0-255,6438,87868,19,122739
13851,0.001109,172.31.36.0-255,66,87934,19,122739
13852,0.001201,74.125.24.0-255,4320,92254,19,122739
13853,0.001204,172.31.36.0-255,66,92320,19,122739
13854,0.002133,74.125.24.0-255,8574,100894,19,122739
13855,0.002603,74.125.24.0-255,7156,108050,19,122739
13856,0.003121,74.125.24.0-255,4320,112370,19,122739
13857,0.00387,74.125.24.0-255,7156,119526,19,122739
13858,0.006357,172.31.36.0-255,66,119592,19,122739
13859,0.008634,74.125.24.0-255,2910,122502,19,122739
13860,0.00864,172.31.36.0-255,66,122568,19,122739
13861,0.009464,172.31.36.0-255,105,122673,19,122739
13862,0.011701,74.125.24.0-255,66,122739,19,122739
13863,0.0,172.217.194.0-255,146,146,19,358369
13864,2.5e-05,172.31.36.0-255,66,212,19,358369
13865,3.3e-05,172.217.194.0-255,1484,1696,19,358369
13866,3.7e-05,172.31.36.0-255,66,1762,19,358369
13867,5.1e-05,172.217.194.0-255,2902,4664,19,358369
13868,5.5e-05,172.31.36.0-255,66,4730,19,358369
13869,6.2e-05,172.217.194.0-255,7156,11886,19,358369
13870,6.5e-05,172.31.36.0-255,66,11952,19,358369
13871,6.9e-05,172.217.194.0-255,1947,13899,19,358369
13872,7.3e-05,172.31.36.0-255,66,13965,19,358369
13873,0.000152,172.217.194.0-255,1484,15449,19,358369
13874,0.000156,172.31.36.0-255,66,15515,19,358369
13875,0.000161,172.217.194.0-255,2902,18417,19,358369
13876,0.000164,172.31.36.0-255,66,18483,19,358369
13877,0.000196,172.217.194.0-255,5738,24221,19,358369
13878,0.000199,172.31.36.0-255,66,24287,19,358369
13879,0.000203,172.217.194.0-255,1484,25771,19,358369
13880,0.000205,172.31.36.0-255,66,25837,19,358369
13881,0.00021,172.217.194.0-255,2902,28739,19,358369
13882,0.000212,172.31.36.0-255,66,28805,19,358369
13883,0.00024,172.217.194.0-255,2543,31348,19,358369
13884,0.000246,172.31.36.0-255,66,31414,19,358369
13885,0.000299,172.217.194.0-255,1484,32898,19,358369
13886,0.000303,172.31.36.0-255,66,32964,19,358369
13887,0.000308,172.217.194.0-255,2902,35866,19,358369
13888,0.000311,172.31.36.0-255,66,35932,19,358369
13889,0.00034,172.217.194.0-255,5738,41670,19,358369
13890,0.000343,172.31.36.0-255,66,41736,19,358369
13891,0.000375,172.217.194.0-255,5738,47474,19,358369
13892,0.000377,172.31.36.0-255,66,47540,19,358369
13893,0.000409,172.217.194.0-255,1125,48665,19,358369
13894,0.000412,172.31.36.0-255,66,48731,19,358369
13895,0.001416,172.217.194.0-255,1484,50215,19,358369
13896,0.001424,172.31.36.0-255,66,50281,19,358369
13897,0.001434,172.217.194.0-255,2902,53183,19,358369
13898,0.001436,172.31.36.0-255,66,53249,19,358369
13899,0.001449,172.217.194.0-255,5738,58987,19,358369
13900,0.001451,172.31.36.0-255,66,59053,19,358369
13901,0.001489,172.217.194.0-255,6797,65850,19,358369
13902,0.001492,172.31.36.0-255,66,65916,19,358369
13903,0.00153,172.217.194.0-255,1484,67400,19,358369
13904,0.001533,172.31.36.0-255,66,67466,19,358369
13905,0.001551,172.217.194.0-255,2902,70368,19,358369
13906,0.001553,172.31.36.0-255,66,70434,19,358369
13907,0.001559,172.217.194.0-255,5738,76172,19,358369
13908,0.001562,172.31.36.0-255,66,76238,19,358369
13909,0.001599,172.31.36.0-255,66,76304,19,358369
13910,0.001627,172.217.194.0-255,2902,79206,19,358369
13911,0.001629,172.31.36.0-255,66,79272,19,358369
13912,0.001639,172.217.194.0-255,7377,86649,19,358369
13913,0.001641,172.31.36.0-255,66,86715,19,358369
13914,0.00243,172.217.194.0-255,1484,88199,19,358369
13915,0.00244,172.217.194.0-255,2902,91101,19,358369
13916,0.002443,172.31.36.0-255,66,91167,19,358369
13917,0.002451,172.217.194.0-255,5738,96905,19,358369
13918,0.002454,172.31.36.0-255,66,96971,19,358369
13919,0.002496,172.31.36.0-255,66,97037,19,358369
13920,0.002527,172.217.194.0-255,10692,107729,19,358369
13921,0.002529,172.31.36.0-255,66,107795,19,358369
13922,0.002553,172.217.194.0-255,1484,109279,19,358369
13923,0.002593,172.217.194.0-255,9992,119271,19,358369
13924,0.002596,172.31.36.0-255,66,119337,19,358369
13925,0.002621,172.217.194.0-255,4320,123657,19,358369
13926,0.002623,172.31.36.0-255,66,123723,19,358369
13927,0.002627,172.217.194.0-255,1484,125207,19,358369
13928,0.002634,172.217.194.0-255,5738,130945,19,358369
13929,0.002638,172.31.36.0-255,66,131011,19,358369
13930,0.002672,172.217.194.0-255,10692,141703,19,358369
13931,0.002675,172.31.36.0-255,66,141769,19,358369
13932,0.003507,172.217.194.0-255,1484,143253,19,358369
13933,0.003523,172.217.194.0-255,2902,146155,19,358369
13934,0.003526,172.31.36.0-255,66,146221,19,358369
13935,0.003552,172.217.194.0-255,5738,151959,19,358369
13936,0.003554,172.31.36.0-255,66,152025,19,358369
13937,0.00356,172.217.194.0-255,4320,156345,19,358369
13938,0.003563,172.31.36.0-255,66,156411,19,358369
13939,0.003586,172.217.194.0-255,4320,160731,19,358369
13940,0.003589,172.31.36.0-255,66,160797,19,358369
13941,0.003622,172.217.194.0-255,5738,166535,19,358369
13942,0.003625,172.31.36.0-255,66,166601,19,358369
13943,0.003655,172.217.194.0-255,9274,175875,19,358369
13944,0.003658,172.31.36.0-255,66,175941,19,358369
13945,0.003808,172.217.194.0-255,1484,177425,19,358369
13946,0.003813,172.217.194.0-255,2902,180327,19,358369
13947,0.003815,172.31.36.0-255,66,180393,19,358369
13948,0.003848,172.217.194.0-255,5738,186131,19,358369
13949,0.003857,172.217.194.0-255,8574,194705,19,358369
13950,0.003872,172.217.194.0-255,4320,199025,19,358369
13951,0.003898,172.217.194.0-255,1484,200509,19,358369
13952,0.003916,172.217.194.0-255,7156,207665,19,358369
13953,0.003934,172.217.194.0-255,2184,209849,19,358369
13954,0.004027,172.217.194.0-255,1484,211333,19,358369
13955,0.004042,172.217.194.0-255,2902,214235,19,358369
13956,0.004059,172.217.194.0-255,5738,219973,19,358369
13957,0.004064,172.217.194.0-255,2902,222875,19,358369
13958,0.004089,172.217.194.0-255,4320,227195,19,358369
13959,0.00411,172.217.194.0-255,5738,232933,19,358369
13960,0.004127,172.217.194.0-255,8574,241507,19,358369
13961,0.004145,172.217.194.0-255,2184,243691,19,358369
13962,0.004198,172.217.194.0-255,1484,245175,19,358369
13963,0.004203,172.217.194.0-255,2902,248077,19,358369
13964,0.004206,172.217.194.0-255,1484,249561,19,358369
13965,0.004227,172.217.194.0-255,4320,253881,19,358369
13966,0.004234,172.217.194.0-255,5738,259619,19,358369
13967,0.004259,172.217.194.0-255,9992,269611,19,358369
13968,0.004277,172.217.194.0-255,2902,272513,19,358369
13969,0.004298,172.217.194.0-255,4320,276833,19,358369
13970,0.004314,172.217.194.0-255,3602,280435,19,358369
13971,0.004332,172.217.194.0-255,2902,283337,19,358369
13972,0.004352,172.217.194.0-255,5738,289075,19,358369
13973,0.004372,172.217.194.0-255,4320,293395,19,358369
13974,0.004388,172.217.194.0-255,7156,300551,19,358369
13975,0.004401,172.217.194.0-255,5738,306289,19,358369
13976,0.004488,172.217.194.0-255,3602,309891,19,358369
13977,0.004554,172.217.194.0-255,8574,318465,19,358369
13978,0.004578,172.217.194.0-255,6438,324903,19,358369
13979,0.004605,172.217.194.0-255,5738,330641,19,358369
13980,0.004624,172.217.194.0-255,9992,340633,19,358369
13981,0.004648,172.217.194.0-255,7156,347789,19,358369
13982,0.004709,172.217.194.0-255,4320,352109,19,358369
13983,0.004735,172.217.194.0-255,5918,358027,19,358369
13984,0.004738,172.217.194.0-255,105,358132,19,358369
13985,0.004823,172.31.36.0-255,66,358198,19,358369
13986,0.007455,172.31.36.0-255,105,358303,19,358369
13987,0.009921,172.217.194.0-255,66,358369,19,358369
13988,0.0,74.125.130.0-255,150,150,19,254601
13989,2.6e-05,172.31.36.0-255,66,216,19,254601
13990,3.3e-05,74.125.130.0-255,1484,1700,19,254601
13991,3.7e-05,172.31.36.0-255,66,1766,19,254601
13992,6.3e-05,74.125.130.0-255,2902,4668,19,254601
13993,6.7e-05,172.31.36.0-255,66,4734,19,254601
13994,7.4e-05,74.125.130.0-255,5738,10472,19,254601
13995,7.7e-05,172.31.36.0-255,66,10538,19,254601
13996,0.000114,74.125.130.0-255,6257,16795,19,254601
13997,0.000117,172.31.36.0-255,66,16861,19,254601
13998,0.000125,74.125.130.0-255,7156,24017,19,254601
13999,0.000127,172.31.36.0-255,66,24083,19,254601
14000,0.000167,74.125.130.0-255,1484,25567,19,254601
14001,0.00017,172.31.36.0-255,66,25633,19,254601
14002,0.0002,74.125.130.0-255,5379,31012,19,254601
14003,0.000203,172.31.36.0-255,66,31078,19,254601
14004,0.000274,74.125.130.0-255,1484,32562,19,254601
14005,0.000277,172.31.36.0-255,66,32628,19,254601
14006,0.000281,74.125.130.0-255,1484,34112,19,254601
14007,0.000282,172.31.36.0-255,66,34178,19,254601
14008,0.000304,74.125.130.0-255,1484,35662,19,254601
14009,0.000313,172.31.36.0-255,66,35728,19,254601
14010,0.00032,74.125.130.0-255,5738,41466,19,254601
14011,0.000323,172.31.36.0-255,66,41532,19,254601
14012,0.000329,74.125.130.0-255,6797,48329,19,254601
14013,0.000331,172.31.36.0-255,66,48395,19,254601
14014,0.000368,74.125.130.0-255,7156,55551,19,254601
14015,0.000374,172.31.36.0-255,66,55617,19,254601
14016,0.000376,74.125.130.0-255,8574,64191,19,254601
14017,0.000379,172.31.36.0-255,66,64257,19,254601
14018,0.000429,74.125.130.0-255,1383,65640,19,254601
14019,0.000433,172.31.36.0-255,66,65706,19,254601
14020,0.000478,74.125.130.0-255,118,65824,19,254601
14021,0.000506,74.125.130.0-255,379,66203,19,254601
14022,0.000822,74.125.130.0-255,1484,67687,19,254601
14023,0.000827,172.31.36.0-255,66,67753,19,254601
14024,0.000832,74.125.130.0-255,2902,70655,19,254601
14025,0.000834,172.31.36.0-255,66,70721,19,254601
14026,0.000875,74.125.130.0-255,5738,76459,19,254601
14027,0.000878,172.31.36.0-255,66,76525,19,254601
14028,0.000882,74.125.130.0-255,1484,78009,19,254601
14029,0.000886,74.125.130.0-255,2902,80911,19,254601
14030,0.000889,172.31.36.0-255,66,80977,19,254601
14031,0.00092,74.125.130.0-255,5738,86715,19,254601
14032,0.000923,172.31.36.0-255,66,86781,19,254601
14033,0.000945,74.125.130.0-255,5738,92519,19,254601
14034,0.000949,172.31.36.0-255,66,92585,19,254601
14035,0.00098,74.125.130.0-255,7156,99741,19,254601
14036,0.000983,172.31.36.0-255,66,99807,19,254601
14037,0.000986,74.125.130.0-255,766,100573,19,254601
14038,0.001104,172.31.36.0-255,66,100639,19,254601
14039,0.00111,74.125.130.0-255,1484,102123,19,254601
14040,0.001127,74.125.130.0-255,1484,103607,19,254601
14041,0.00113,172.31.36.0-255,66,103673,19,254601
14042,0.001163,74.125.130.0-255,1484,105157,19,254601
14043,0.001181,74.125.130.0-255,1484,106641,19,254601
14044,0.001184,172.31.36.0-255,66,106707,19,254601
14045,0.00121,74.125.130.0-255,2902,109609,19,254601
14046,0.001215,172.31.36.0-255,66,109675,19,254601
14047,0.001222,74.125.130.0-255,1484,111159,19,254601
14048,0.001242,74.125.130.0-255,1484,112643,19,254601
14049,0.001246,172.31.36.0-255,66,112709,19,254601
14050,0.001251,74.125.130.0-255,2902,115611,19,254601
14051,0.001253,172.31.36.0-255,66,115677,19,254601
14052,0.001273,74.125.130.0-255,1484,117161,19,254601
14053,0.001286,74.125.130.0-255,8574,125735,19,254601
14054,0.001291,74.125.130.0-255,4320,130055,19,254601
14055,0.001291,172.31.36.0-255,66,130121,19,254601
14056,0.001294,172.31.36.0-255,66,130187,19,254601
14057,0.001342,74.125.130.0-255,2902,133089,19,254601
14058,0.001345,172.31.36.0-255,66,133155,19,254601
14059,0.001372,74.125.130.0-255,2184,135339,19,254601
14060,0.001375,172.31.36.0-255,66,135405,19,254601
14061,0.001423,74.125.130.0-255,1484,136889,19,254601
14062,0.001438,74.125.130.0-255,2902,139791,19,254601
14063,0.001441,172.31.36.0-255,66,139857,19,254601
14064,0.001466,74.125.130.0-255,5738,145595,19,254601
14065,0.00147,172.31.36.0-255,66,145661,19,254601
14066,0.001506,74.125.130.0-255,8574,154235,19,254601
14067,0.001509,172.31.36.0-255,66,154301,19,254601
14068,0.001512,74.125.130.0-255,1484,155785,19,254601
14069,0.001535,74.125.130.0-255,8574,164359,19,254601
14070,0.001538,172.31.36.0-255,66,164425,19,254601
14071,0.001544,74.125.130.0-255,4320,168745,19,254601
14072,0.001546,172.31.36.0-255,66,168811,19,254601
14073,0.001591,74.125.130.0-255,766,169577,19,254601
14074,0.001701,74.125.130.0-255,1484,171061,19,254601
14075,0.001702,172.31.36.0-255,66,171127,19,254601
14076,0.00172,74.125.130.0-255,2902,174029,19,254601
14077,0.001724,172.31.36.0-255,66,174095,19,254601
14078,0.001727,74.125.130.0-255,1484,175579,19,254601
14079,0.001756,74.125.130.0-255,4320,179899,19,254601
14080,0.00176,172.31.36.0-255,66,179965,19,254601
14081,0.001785,74.125.130.0-255,1484,181449,19,254601
14082,0.001799,74.125.130.0-255,2902,184351,19,254601
14083,0.001802,172.31.36.0-255,66,184417,19,254601
14084,0.001819,74.125.130.0-255,2902,187319,19,254601
14085,0.001822,172.31.36.0-255,66,187385,19,254601
14086,0.001849,74.125.130.0-255,2902,190287,19,254601
14087,0.001852,172.31.36.0-255,66,190353,19,254601
14088,0.00186,74.125.130.0-255,8574,198927,19,254601
14089,0.001863,172.31.36.0-255,66,198993,19,254601
14090,0.001895,74.125.130.0-255,5020,204013,19,254601
14091,0.001898,172.31.36.0-255,66,204079,19,254601
14092,0.00197,74.125.130.0-255,1484,205563,19,254601
14093,0.002033,74.125.130.0-255,1484,207047,19,254601
14094,0.002037,172.31.36.0-255,66,207113,19,254601
14095,0.003921,74.125.130.0-255,2902,210015,19,254601
14096,0.003927,172.31.36.0-255,66,210081,19,254601
14097,0.004059,74.125.130.0-255,2902,212983,19,254601
14098,0.004062,172.31.36.0-255,66,213049,19,254601
14099,0.005946,74.125.130.0-255,2902,215951,19,254601
14100,0.005951,172.31.36.0-255,66,216017,19,254601
14101,0.006072,74.125.130.0-255,2902,218919,19,254601
14102,0.006077,172.31.36.0-255,66,218985,19,254601
14103,0.007963,74.125.130.0-255,2902,221887,19,254601
14104,0.007969,172.31.36.0-255,66,221953,19,254601
14105,0.008087,74.125.130.0-255,2902,224855,19,254601
14106,0.008092,172.31.36.0-255,66,224921,19,254601
14107,0.009996,74.125.130.0-255,2902,227823,19,254601
14108,0.010004,172.31.36.0-255,66,227889,19,254601
14109,0.010101,74.125.130.0-255,2902,230791,19,254601
14110,0.010105,172.31.36.0-255,66,230857,19,254601
14111,0.012027,74.125.130.0-255,2902,233759,19,254601
14112,0.012039,172.31.36.0-255,66,233825,19,254601
14113,0.012115,74.125.130.0-255,2902,236727,19,254601
14114,0.012119,172.31.36.0-255,66,236793,19,254601
14115,0.014088,74.125.130.0-255,2902,239695,19,254601
14116,0.014095,172.31.36.0-255,66,239761,19,254601
14117,0.014133,74.125.130.0-255,2902,242663,19,254601
14118,0.014136,172.31.36.0-255,66,242729,19,254601
14119,0.016122,74.125.130.0-255,2902,245631,19,254601
14120,0.016135,172.31.36.0-255,66,245697,19,254601
14121,0.016176,74.125.130.0-255,2902,248599,19,254601
14122,0.01618,172.31.36.0-255,66,248665,19,254601
14123,0.018162,74.125.130.0-255,2902,251567,19,254601
14124,0.018171,172.31.36.0-255,66,251633,19,254601
14125,0.018213,74.125.130.0-255,2902,254535,19,254601
14126,0.018217,172.31.36.0-255,66,254601,19,254601
14127,0.0,74.125.24.0-255,146,146,19,370680
14128,3.3e-05,172.31.36.0-255,66,212,19,370680
14129,4.1e-05,74.125.24.0-255,1484,1696,19,370680
14130,4.5e-05,172.31.36.0-255,66,1762,19,370680
14131,5e-05,74.125.24.0-255,2902,4664,19,370680
14132,5.3e-05,172.31.36.0-255,66,4730,19,370680
14133,5.8e-05,74.125.24.0-255,4320,9050,19,370680
14134,6.1e-05,172.31.36.0-255,66,9116,19,370680
14135,6.6e-05,74.125.24.0-255,4902,14018,19,370680
14136,6.9e-05,172.31.36.0-255,66,14084,19,370680
14137,7.5e-05,74.125.24.0-255,4320,18404,19,370680
14138,7.7e-05,172.31.36.0-255,66,18470,19,370680
14139,0.000113,74.125.24.0-255,7156,25626,19,370680
14140,0.000116,172.31.36.0-255,66,25692,19,370680
14141,0.000122,74.125.24.0-255,5379,31071,19,370680
14142,0.000125,172.31.36.0-255,66,31137,19,370680
14143,0.000468,74.125.24.0-255,1484,32621,19,370680
14144,0.000474,172.31.36.0-255,66,32687,19,370680
14145,0.00048,74.125.24.0-255,2902,35589,19,370680
14146,0.000483,172.31.36.0-255,66,35655,19,370680
14147,0.000487,74.125.24.0-255,2902,38557,19,370680
14148,0.000489,172.31.36.0-255,66,38623,19,370680
14149,0.000515,74.125.24.0-255,2902,41525,19,370680
14150,0.000518,172.31.36.0-255,66,41591,19,370680
14151,0.000526,74.125.24.0-255,7156,48747,19,370680
14152,0.000531,172.31.36.0-255,66,48813,19,370680
14153,0.000532,74.125.24.0-255,5738,54551,19,370680
14154,0.000535,172.31.36.0-255,66,54617,19,370680
14155,0.000561,74.125.24.0-255,8574,63191,19,370680
14156,0.000565,172.31.36.0-255,66,63257,19,370680
14157,0.000569,74.125.24.0-255,2184,65441,19,370680
14158,0.000572,172.31.36.0-255,66,65507,19,370680
14159,0.000681,74.125.24.0-255,397,65904,19,370680
14160,0.000718,74.125.24.0-255,113,66017,19,370680
14161,0.00078,74.125.24.0-255,1484,67501,19,370680
14162,0.000784,172.31.36.0-255,66,67567,19,370680
14163,0.000788,74.125.24.0-255,1484,69051,19,370680
14164,0.000806,74.125.24.0-255,4320,73371,19,370680
14165,0.000809,172.31.36.0-255,66,73437,19,370680
14166,0.000834,74.125.24.0-255,9992,83429,19,370680
14167,0.000839,172.31.36.0-255,66,83495,19,370680
14168,0.000875,74.125.24.0-255,5738,89233,19,370680
14169,0.000879,172.31.36.0-255,66,89299,19,370680
14170,0.000899,74.125.24.0-255,7156,96455,19,370680
14171,0.000902,172.31.36.0-255,66,96521,19,370680
14172,0.000908,74.125.24.0-255,3602,100123,19,370680
14173,0.00091,172.31.36.0-255,66,100189,19,370680
14174,0.001017,74.125.24.0-255,330,100519,19,370680
14175,0.001112,172.31.36.0-255,66,100585,19,370680
14176,0.001511,74.125.24.0-255,1484,102069,19,370680
14177,0.001523,74.125.24.0-255,2902,104971,19,370680
14178,0.001527,172.31.36.0-255,66,105037,19,370680
14179,0.001546,74.125.24.0-255,5738,110775,19,370680
14180,0.001549,172.31.36.0-255,66,110841,19,370680
14181,0.001567,74.125.24.0-255,4320,115161,19,370680
14182,0.00157,172.31.36.0-255,66,115227,19,370680
14183,0.001601,74.125.24.0-255,8574,123801,19,370680
14184,0.001603,172.31.36.0-255,66,123867,19,370680
14185,0.001613,74.125.24.0-255,10692,134559,19,370680
14186,0.001615,172.31.36.0-255,66,134625,19,370680
14187,0.001644,74.125.24.0-255,1484,136109,19,370680
14188,0.001661,74.125.24.0-255,2902,139011,19,370680
14189,0.001664,172.31.36.0-255,66,139077,19,370680
14190,0.001671,74.125.24.0-255,5738,144815,19,370680
14191,0.001672,172.31.36.0-255,66,144881,19,370680
14192,0.001689,74.125.24.0-255,5738,150619,19,370680
14193,0.001692,172.31.36.0-255,66,150685,19,370680
14194,0.001712,74.125.24.0-255,7156,157841,19,370680
14195,0.001716,172.31.36.0-255,66,157907,19,370680
14196,0.001739,74.125.24.0-255,7156,165063,19,370680
14197,0.001742,172.31.36.0-255,66,165129,19,370680
14198,0.001773,74.125.24.0-255,9274,174403,19,370680
14199,0.001776,172.31.36.0-255,66,174469,19,370680
14200,0.001792,172.31.36.0-255,66,174535,19,370680
14201,0.001798,74.125.24.0-255,5738,180273,19,370680
14202,0.001801,172.31.36.0-255,66,180339,19,370680
14203,0.001822,74.125.24.0-255,5020,185359,19,370680
14204,0.001824,172.31.36.0-255,66,185425,19,370680
14205,0.001829,74.125.24.0-255,2902,188327,19,370680
14206,0.001831,172.31.36.0-255,66,188393,19,370680
14207,0.00185,74.125.24.0-255,9992,198385,19,370680
14208,0.001852,172.31.36.0-255,66,198451,19,370680
14209,0.001884,74.125.24.0-255,9992,208443,19,370680
14210,0.001887,172.31.36.0-255,66,208509,19,370680
14211,0.001904,172.31.36.0-255,66,208575,19,370680
14212,0.001926,74.125.24.0-255,3602,212177,19,370680
14213,0.001928,172.31.36.0-255,66,212243,19,370680
14214,0.001933,74.125.24.0-255,4320,216563,19,370680
14215,0.001936,172.31.36.0-255,66,216629,19,370680
14216,0.001958,74.125.24.0-255,9992,226621,19,370680
14217,0.001961,172.31.36.0-255,66,226687,19,370680
14218,0.001983,74.125.24.0-255,6438,233125,19,370680
14219,0.001986,172.31.36.0-255,66,233191,19,370680
14220,0.001988,74.125.24.0-255,1484,234675,19,370680
14221,0.00204,74.125.24.0-255,2902,237577,19,370680
14222,0.002042,172.31.36.0-255,66,237643,19,370680
14223,0.002048,74.125.24.0-255,5738,243381,19,370680
14224,0.002051,172.31.36.0-255,66,243447,19,370680
14225,0.00206,74.125.24.0-255,8574,252021,19,370680
14226,0.002062,172.31.36.0-255,66,252087,19,370680
14227,0.002107,74.125.24.0-255,1484,253571,19,370680
14228,0.002124,74.125.24.0-255,8574,262145,19,370680
14229,0.002143,74.125.24.0-255,5020,267165,19,370680
14230,0.002166,74.125.24.0-255,4320,271485,19,370680
14231,0.002169,74.125.24.0-255,1484,272969,19,370680
14232,0.002188,74.125.24.0-255,4320,277289,19,370680
14233,0.002202,74.125.24.0-255,7156,284445,19,370680
14234,0.002214,74.125.24.0-255,4320,288765,19,370680
14235,0.00222,74.125.24.0-255,5738,294503,19,370680
14236,0.002239,74.125.24.0-255,4320,298823,19,370680
14237,0.002242,74.125.24.0-255,2184,301007,19,370680
14238,0.002323,74.125.24.0-255,1484,302491,19,370680
14239,0.002327,74.125.24.0-255,2902,305393,19,370680
14240,0.00235,74.125.24.0-255,5738,311131,19,370680
14241,0.002363,74.125.24.0-255,1484,312615,19,370680
14242,0.002377,74.125.24.0-255,7156,319771,19,370680
14243,0.002389,74.125.24.0-255,4320,324091,19,370680
14244,0.00241,74.125.24.0-255,5738,329829,19,370680
14245,0.002426,74.125.24.0-255,2902,332731,19,370680
14246,0.002429,74.125.24.0-255,1484,334215,19,370680
14247,0.00245,74.125.24.0-255,7856,342071,19,370680
14248,0.002454,74.125.24.0-255,2902,344973,19,370680
14249,0.002475,74.125.24.0-255,5738,350711,19,370680
14250,0.002477,74.125.24.0-255,1484,352195,19,370680
14251,0.002499,74.125.24.0-255,8574,360769,19,370680
14252,0.002512,74.125.24.0-255,2902,363671,19,370680
14253,0.002529,74.125.24.0-255,4320,367991,19,370680
14254,0.002539,74.125.24.0-255,2347,370338,19,370680
14255,0.002561,74.125.24.0-255,105,370443,19,370680
14256,0.006128,172.31.36.0-255,66,370509,19,370680
14257,0.008489,172.31.36.0-255,105,370614,19,370680
14258,0.010748,74.125.24.0-255,66,370680,19,370680
14259,0.0,172.217.24.0-255,143,143,19,230027
14260,3.7e-05,172.31.36.0-255,66,209,19,230027
14261,4.6e-05,172.217.24.0-255,1484,1693,19,230027
14262,5.1e-05,172.31.36.0-255,66,1759,19,230027
14263,6.4e-05,172.217.24.0-255,2902,4661,19,230027
14264,6.7e-05,172.31.36.0-255,66,4727,19,230027
14265,7.4e-05,172.217.24.0-255,4320,9047,19,230027
14266,7.6e-05,172.31.36.0-255,66,9113,19,230027
14267,8.1e-05,172.217.24.0-255,4876,13989,19,230027
14268,8.5e-05,172.31.36.0-255,66,14055,19,230027
14269,0.000108,172.217.24.0-255,1484,15539,19,230027
14270,0.00011,172.31.36.0-255,66,15605,19,230027
14271,0.000115,172.217.24.0-255,2902,18507,19,230027
14272,0.000125,172.31.36.0-255,66,18573,19,230027
14273,0.000145,172.217.24.0-255,5738,24311,19,230027
14274,0.000148,172.31.36.0-255,66,24377,19,230027
14275,0.000154,172.217.24.0-255,4320,28697,19,230027
14276,0.000156,172.31.36.0-255,66,28763,19,230027
14277,0.000188,172.217.24.0-255,2543,31306,19,230027
14278,0.000191,172.31.36.0-255,66,31372,19,230027
14279,0.000216,172.217.24.0-255,2902,34274,19,230027
14280,0.00022,172.31.36.0-255,66,34340,19,230027
14281,0.000227,172.217.24.0-255,4320,38660,19,230027
14282,0.000229,172.31.36.0-255,66,38726,19,230027
14283,0.000264,172.217.24.0-255,2902,41628,19,230027
14284,0.000267,172.31.36.0-255,66,41694,19,230027
14285,0.000275,172.217.24.0-255,4320,46014,19,230027
14286,0.000277,172.31.36.0-255,66,46080,19,230027
14287,0.000286,172.217.24.0-255,2543,48623,19,230027
14288,0.000289,172.31.36.0-255,66,48689,19,230027
14289,0.000332,172.217.24.0-255,1484,50173,19,230027
14290,0.000335,172.31.36.0-255,66,50239,19,230027
14291,0.000355,172.217.24.0-255,2902,53141,19,230027
14292,0.000362,172.217.24.0-255,5738,58879,19,230027
14293,0.000363,172.31.36.0-255,66,58945,19,230027
14294,0.000371,172.31.36.0-255,66,59011,19,230027
14295,0.000403,172.217.24.0-255,6797,65808,19,230027
14296,0.000415,172.31.36.0-255,66,65874,19,230027
14297,0.000417,172.217.24.0-255,358,66232,19,230027
14298,0.000866,172.31.36.0-255,66,66298,19,230027
14299,0.001001,172.217.24.0-255,136,66434,19,230027
14300,0.001191,172.217.24.0-255,1484,67918,19,230027
14301,0.001196,172.31.36.0-255,66,67984,19,230027
14302,0.001202,172.217.24.0-255,2902,70886,19,230027
14303,0.001205,172.31.36.0-255,66,70952,19,230027
14304,0.001212,172.217.24.0-255,5738,76690,19,230027
14305,0.001214,172.31.36.0-255,66,76756,19,230027
14306,0.001296,172.31.36.0-255,66,76822,19,230027
14307,0.001306,172.217.24.0-255,9633,86455,19,230027
14308,0.001496,172.217.24.0-255,1484,87939,19,230027
14309,0.001503,172.217.24.0-255,2902,90841,19,230027
14310,0.001506,172.217.24.0-255,1484,92325,19,230027
14311,0.001527,172.217.24.0-255,4320,96645,19,230027
14312,0.001533,172.217.24.0-255,4320,100965,19,230027
14313,0.001556,172.217.24.0-255,8574,109539,19,230027
14314,0.001561,172.217.24.0-255,4320,113859,19,230027
14315,0.00158,172.217.24.0-255,6438,120297,19,230027
14316,0.001608,172.217.24.0-255,1484,121781,19,230027
14317,0.001625,172.217.24.0-255,2902,124683,19,230027
14318,0.001631,172.217.24.0-255,5738,130421,19,230027
14319,0.001656,172.217.24.0-255,5738,136159,19,230027
14320,0.001683,172.217.24.0-255,7156,143315,19,230027
14321,0.001691,172.217.24.0-255,8574,151889,19,230027
14322,0.001705,172.217.24.0-255,2184,154073,19,230027
14323,0.001753,172.217.24.0-255,1484,155557,19,230027
14324,0.001768,172.217.24.0-255,1484,157041,19,230027
14325,0.001773,172.217.24.0-255,4320,161361,19,230027
14326,0.001793,172.217.24.0-255,8574,169935,19,230027
14327,0.001818,172.217.24.0-255,4320,174255,19,230027
14328,0.001834,172.217.24.0-255,8574,182829,19,230027
14329,0.001847,172.217.24.0-255,5020,187849,19,230027
14330,0.001955,172.217.24.0-255,1484,189333,19,230027
14331,0.004831,172.31.36.0-255,66,189399,19,230027
14332,0.006768,172.217.24.0-255,5738,195137,19,230027
14333,0.006774,172.31.36.0-255,66,195203,19,230027
14334,0.008702,172.217.24.0-255,5738,200941,19,230027
14335,0.008709,172.31.36.0-255,66,201007,19,230027
14336,0.010644,172.217.24.0-255,5738,206745,19,230027
14337,0.010652,172.31.36.0-255,66,206811,19,230027
14338,0.012582,172.217.24.0-255,5738,212549,19,230027
14339,0.012588,172.31.36.0-255,66,212615,19,230027
14340,0.014526,172.217.24.0-255,5738,218353,19,230027
14341,0.014534,172.31.36.0-255,66,218419,19,230027
14342,0.016469,172.217.24.0-255,5738,224157,19,230027
14343,0.016477,172.31.36.0-255,66,224223,19,230027
14344,0.018409,172.217.24.0-255,5738,229961,19,230027
14345,0.018415,172.31.36.0-255,66,230027,19,230027
14346,0.0,172.253.118.0-255,150,150,19,161373
14347,2.5e-05,172.31.36.0-255,66,216,19,161373
14348,3.3e-05,172.253.118.0-255,1484,1700,19,161373
14349,3.7e-05,172.31.36.0-255,66,1766,19,161373
14350,4.3e-05,172.253.118.0-255,2902,4668,19,161373
14351,5.5e-05,172.31.36.0-255,66,4734,19,161373
14352,6.3e-05,172.253.118.0-255,7156,11890,19,161373
14353,6.5e-05,172.31.36.0-255,66,11956,19,161373
14354,6.9e-05,172.253.118.0-255,1484,13440,19,161373
14355,7.1e-05,172.31.36.0-255,66,13506,19,161373
14356,7.5e-05,172.253.118.0-255,646,14152,19,161373
14357,7.7e-05,172.31.36.0-255,66,14218,19,161373
14358,0.00035,172.253.118.0-255,1484,15702,19,161373
14359,0.000357,172.31.36.0-255,66,15768,19,161373
14360,0.000387,172.253.118.0-255,2902,18670,19,161373
14361,0.000391,172.31.36.0-255,66,18736,19,161373
14362,0.000398,172.253.118.0-255,5738,24474,19,161373
14363,0.0004,172.31.36.0-255,66,24540,19,161373
14364,0.000405,172.253.118.0-255,2902,27442,19,161373
14365,0.000408,172.31.36.0-255,66,27508,19,161373
14366,0.000429,172.253.118.0-255,1484,28992,19,161373
14367,0.000433,172.31.36.0-255,66,29058,19,161373
14368,0.000448,172.253.118.0-255,5738,34796,19,161373
14369,0.000451,172.31.36.0-255,66,34862,19,161373
14370,0.000487,172.253.118.0-255,6797,41659,19,161373
14371,0.00049,172.31.36.0-255,66,41725,19,161373
14372,0.000499,172.253.118.0-255,6797,48522,19,161373
14373,0.000501,172.31.36.0-255,66,48588,19,161373
14374,0.00053,172.253.118.0-255,1484,50072,19,161373
14375,0.000533,172.31.36.0-255,66,50138,19,161373
14376,0.000547,172.253.118.0-255,2902,53040,19,161373
14377,0.000556,172.31.36.0-255,66,53106,19,161373
14378,0.000563,172.253.118.0-255,5738,58844,19,161373
14379,0.000566,172.31.36.0-255,66,58910,19,161373
14380,0.000618,172.253.118.0-255,5738,64648,19,161373
14381,0.000621,172.31.36.0-255,66,64714,19,161373
14382,0.000648,172.253.118.0-255,1125,65839,19,161373
14383,0.000652,172.253.118.0-255,676,66515,19,161373
14384,0.000654,172.31.36.0-255,66,66581,19,161373
14385,0.00101,172.253.118.0-255,1484,68065,19,161373
14386,0.001017,172.253.118.0-255,2902,70967,19,161373
14387,0.00102,172.31.36.0-255,66,71033,19,161373
14388,0.001026,172.253.118.0-255,2902,73935,19,161373
14389,0.001028,172.31.36.0-255,66,74001,19,161373
14390,0.001049,172.253.118.0-255,2902,76903,19,161373
14391,0.001057,172.253.118.0-255,7156,84059,19,161373
14392,0.001066,172.31.36.0-255,66,84125,19,161373
14393,0.00107,172.31.36.0-255,66,84191,19,161373
14394,0.001097,172.253.118.0-255,5738,89929,19,161373
14395,0.0011,172.31.36.0-255,66,89995,19,161373
14396,0.001108,172.253.118.0-255,8574,98569,19,161373
14397,0.001111,172.31.36.0-255,66,98635,19,161373
14398,0.001115,172.253.118.0-255,2184,100819,19,161373
14399,0.001118,172.31.36.0-255,66,100885,19,161373
14400,0.001792,172.253.118.0-255,1484,102369,19,161373
14401,0.001801,172.253.118.0-255,2902,105271,19,161373
14402,0.001806,172.31.36.0-255,66,105337,19,161373
14403,0.001813,172.253.118.0-255,4320,109657,19,161373
14404,0.001815,172.31.36.0-255,66,109723,19,161373
14405,0.001854,172.253.118.0-255,1484,111207,19,161373
14406,0.001862,172.253.118.0-255,7156,118363,19,161373
14407,0.001865,172.31.36.0-255,66,118429,19,161373
14408,0.001881,172.31.36.0-255,66,118495,19,161373
14409,0.001886,172.253.118.0-255,2184,120679,19,161373
14410,0.001888,172.31.36.0-255,66,120745,19,161373
14411,0.00421,172.253.118.0-255,5738,126483,19,161373
14412,0.004221,172.31.36.0-255,66,126549,19,161373
14413,0.006499,172.253.118.0-255,5738,132287,19,161373
14414,0.006504,172.31.36.0-255,66,132353,19,161373
14415,0.008791,172.253.118.0-255,5738,138091,19,161373
14416,0.0088,172.31.36.0-255,66,138157,19,161373
14417,0.011097,172.253.118.0-255,5738,143895,19,161373
14418,0.011107,172.31.36.0-255,66,143961,19,161373
14419,0.013408,172.253.118.0-255,5738,149699,19,161373
14420,0.013416,172.31.36.0-255,66,149765,19,161373
14421,0.015714,172.253.118.0-255,5738,155503,19,161373
14422,0.015725,172.31.36.0-255,66,155569,19,161373
14423,0.018022,172.253.118.0-255,5738,161307,19,161373
14424,0.018032,172.31.36.0-255,66,161373,19,161373
14425,0.0,74.125.130.0-255,150,150,19,337858
14426,1.4e-05,172.31.36.0-255,66,216,19,337858
14427,4.7e-05,74.125.130.0-255,1484,1700,19,337858
14428,5.1e-05,172.31.36.0-255,66,1766,19,337858
14429,0.000101,74.125.130.0-255,2902,4668,19,337858
14430,0.000105,172.31.36.0-255,66,4734,19,337858
14431,0.000112,74.125.130.0-255,5738,10472,19,337858
14432,0.000114,172.31.36.0-255,66,10538,19,337858
14433,0.000117,74.125.130.0-255,1484,12022,19,337858
14434,0.000118,172.31.36.0-255,66,12088,19,337858
14435,0.000122,74.125.130.0-255,2047,14135,19,337858
14436,0.000124,172.31.36.0-255,66,14201,19,337858
14437,0.000255,74.125.130.0-255,1484,15685,19,337858
14438,0.00026,172.31.36.0-255,66,15751,19,337858
14439,0.000264,74.125.130.0-255,1484,17235,19,337858
14440,0.000265,172.31.36.0-255,66,17301,19,337858
14441,0.000293,74.125.130.0-255,1484,18785,19,337858
14442,0.000295,172.31.36.0-255,66,18851,19,337858
14443,0.0003,74.125.130.0-255,2902,21753,19,337858
14444,0.000302,172.31.36.0-255,66,21819,19,337858
14445,0.000325,74.125.130.0-255,1484,23303,19,337858
14446,0.000327,172.31.36.0-255,66,23369,19,337858
14447,0.000333,74.125.130.0-255,5738,29107,19,337858
14448,0.000335,172.31.36.0-255,66,29173,19,337858
14449,0.000357,74.125.130.0-255,2543,31716,19,337858
14450,0.000359,172.31.36.0-255,66,31782,19,337858
14451,0.000379,74.125.130.0-255,2902,34684,19,337858
14452,0.000382,172.31.36.0-255,66,34750,19,337858
14453,0.000405,74.125.130.0-255,7156,41906,19,337858
14454,0.000408,172.31.36.0-255,66,41972,19,337858
14455,0.00045,74.125.130.0-255,6797,48769,19,337858
14456,0.000452,172.31.36.0-255,66,48835,19,337858
14457,0.000567,74.125.130.0-255,1484,50319,19,337858
14458,0.000583,74.125.130.0-255,2902,53221,19,337858
14459,0.000586,172.31.36.0-255,66,53287,19,337858
14460,0.000611,74.125.130.0-255,4320,57607,19,337858
14461,0.000614,172.31.36.0-255,66,57673,19,337858
14462,0.00062,74.125.130.0-255,5738,63411,19,337858
14463,0.000623,172.31.36.0-255,66,63477,19,337858
14464,0.000654,74.125.130.0-255,2543,66020,19,337858
14465,0.000657,172.31.36.0-255,66,66086,19,337858
14466,0.000723,74.125.130.0-255,362,66448,19,337858
14467,0.000764,74.125.130.0-255,1484,67932,19,337858
14468,0.000768,172.31.36.0-255,66,67998,19,337858
14469,0.000789,74.125.130.0-255,4320,72318,19,337858
14470,0.000792,172.31.36.0-255,66,72384,19,337858
14471,0.000797,74.125.130.0-255,4320,76704,19,337858
14472,0.0008,172.31.36.0-255,66,76770,19,337858
14473,0.000813,74.125.130.0-255,2902,79672,19,337858
14474,0.00082,172.31.36.0-255,66,79738,19,337858
14475,0.000829,74.125.130.0-255,8574,88312,19,337858
14476,0.000835,172.31.36.0-255,66,88378,19,337858
14477,0.000856,74.125.130.0-255,4320,92698,19,337858
14478,0.00086,172.31.36.0-255,66,92764,19,337858
14479,0.000894,74.125.130.0-255,7156,99920,19,337858
14480,0.000897,172.31.36.0-255,66,99986,19,337858
14481,0.000901,74.125.130.0-255,766,100752,19,337858
14482,0.000926,74.125.130.0-255,382,101134,19,337858
14483,0.001006,74.125.130.0-255,1484,102618,19,337858
14484,0.001011,74.125.130.0-255,2902,105520,19,337858
14485,0.001015,172.31.36.0-255,66,105586,19,337858
14486,0.001024,172.31.36.0-255,66,105652,19,337858
14487,0.001052,74.125.130.0-255,5738,111390,19,337858
14488,0.001055,172.31.36.0-255,66,111456,19,337858
14489,0.001061,74.125.130.0-255,4320,115776,19,337858
14490,0.001063,172.31.36.0-255,66,115842,19,337858
14491,0.001092,74.125.130.0-255,4320,120162,19,337858
14492,0.001095,172.31.36.0-255,66,120228,19,337858
14493,0.001105,74.125.130.0-255,9992,130220,19,337858
14494,0.001108,172.31.36.0-255,66,130286,19,337858
14495,0.001114,74.125.130.0-255,5020,135306,19,337858
14496,0.001116,172.31.36.0-255,66,135372,19,337858
14497,0.00117,74.125.130.0-255,1484,136856,19,337858
14498,0.00119,74.125.130.0-255,2902,139758,19,337858
14499,0.001195,172.31.36.0-255,66,139824,19,337858
14500,0.001202,74.125.130.0-255,1484,141308,19,337858
14501,0.001222,74.125.130.0-255,4320,145628,19,337858
14502,0.001224,172.31.36.0-255,66,145694,19,337858
14503,0.001232,74.125.130.0-255,7156,152850,19,337858
14504,0.001234,172.31.36.0-255,66,152916,19,337858
14505,0.001279,172.31.36.0-255,66,152982,19,337858
14506,0.001302,74.125.130.0-255,2184,155166,19,337858
14507,0.001305,172.31.36.0-255,66,155232,19,337858
14508,0.001349,74.125.130.0-255,2902,158134,19,337858
14509,0.001352,172.31.36.0-255,66,158200,19,337858
14510,0.001358,74.125.130.0-255,2902,161102,19,337858
14511,0.00136,172.31.36.0-255,66,161168,19,337858
14512,0.001387,74.125.130.0-255,1484,162652,19,337858
14513,0.001396,74.125.130.0-255,8574,171226,19,337858
14514,0.001399,172.31.36.0-255,66,171292,19,337858
14515,0.001402,74.125.130.0-255,1484,172776,19,337858
14516,0.001424,74.125.130.0-255,1484,174260,19,337858
14517,0.001427,172.31.36.0-255,66,174326,19,337858
14518,0.001432,74.125.130.0-255,4320,178646,19,337858
14519,0.001434,172.31.36.0-255,66,178712,19,337858
14520,0.001459,74.125.130.0-255,4320,183032,19,337858
14521,0.001462,172.31.36.0-255,66,183098,19,337858
14522,0.001485,74.125.130.0-255,4320,187418,19,337858
14523,0.00149,172.31.36.0-255,66,187484,19,337858
14524,0.001515,74.125.130.0-255,2184,189668,19,337858
14525,0.001518,172.31.36.0-255,66,189734,19,337858
14526,0.001553,74.125.130.0-255,2902,192636,19,337858
14527,0.001556,172.31.36.0-255,66,192702,19,337858
14528,0.001583,74.125.130.0-255,4320,197022,19,337858
14529,0.001586,172.31.36.0-255,66,197088,19,337858
14530,0.001592,74.125.130.0-255,5738,202826,19,337858
14531,0.001594,172.31.36.0-255,66,202892,19,337858
14532,0.001622,74.125.130.0-255,2902,205794,19,337858
14533,0.001627,74.125.130.0-255,4320,210114,19,337858
14534,0.001633,74.125.130.0-255,5738,215852,19,337858
14535,0.001637,172.31.36.0-255,66,215918,19,337858
14536,0.00164,172.31.36.0-255,66,215984,19,337858
14537,0.001643,172.31.36.0-255,66,216050,19,337858
14538,0.001681,74.125.130.0-255,7856,223906,19,337858
14539,0.001684,172.31.36.0-255,66,223972,19,337858
14540,0.001719,74.125.130.0-255,1484,225456,19,337858
14541,0.001723,74.125.130.0-255,1484,226940,19,337858
14542,0.001725,172.31.36.0-255,66,227006,19,337858
14543,0.001748,74.125.130.0-255,1484,228490,19,337858
14544,0.001754,74.125.130.0-255,5738,234228,19,337858
14545,0.001762,74.125.130.0-255,2902,237130,19,337858
14546,0.001768,74.125.130.0-255,4320,241450,19,337858
14547,0.001777,172.31.36.0-255,66,241516,19,337858
14548,0.00178,172.31.36.0-255,66,241582,19,337858
14549,0.001783,172.31.36.0-255,66,241648,19,337858
14550,0.001825,74.125.130.0-255,8574,250222,19,337858
14551,0.001828,172.31.36.0-255,66,250288,19,337858
14552,0.001833,74.125.130.0-255,4320,254608,19,337858
14553,0.001836,172.31.36.0-255,66,254674,19,337858
14554,0.00187,74.125.130.0-255,3602,258276,19,337858
14555,0.001873,172.31.36.0-255,66,258342,19,337858
14556,0.0019,74.125.130.0-255,1484,259826,19,337858
14557,0.001916,74.125.130.0-255,2902,262728,19,337858
14558,0.001919,172.31.36.0-255,66,262794,19,337858
14559,0.001925,74.125.130.0-255,2902,265696,19,337858
14560,0.001927,172.31.36.0-255,66,265762,19,337858
14561,0.001947,74.125.130.0-255,2902,268664,19,337858
14562,0.00195,172.31.36.0-255,66,268730,19,337858
14563,0.001966,74.125.130.0-255,4320,273050,19,337858
14564,0.001968,172.31.36.0-255,66,273116,19,337858
14565,0.001996,74.125.130.0-255,5738,278854,19,337858
14566,0.001999,172.31.36.0-255,66,278920,19,337858
14567,0.002005,74.125.130.0-255,4320,283240,19,337858
14568,0.002007,172.31.36.0-255,66,283306,19,337858
14569,0.00204,74.125.130.0-255,7156,290462,19,337858
14570,0.002043,74.125.130.0-255,1484,291946,19,337858
14571,0.002046,74.125.130.0-255,766,292712,19,337858
14572,0.002071,172.31.36.0-255,66,292778,19,337858
14573,0.004178,74.125.130.0-255,5738,298516,19,337858
14574,0.004185,172.31.36.0-255,66,298582,19,337858
14575,0.006341,74.125.130.0-255,5738,304320,19,337858
14576,0.006357,172.31.36.0-255,66,304386,19,337858
14577,0.008527,74.125.130.0-255,5738,310124,19,337858
14578,0.008542,172.31.36.0-255,66,310190,19,337858
14579,0.010697,74.125.130.0-255,5738,315928,19,337858
14580,0.010712,172.31.36.0-255,66,315994,19,337858
14581,0.012824,74.125.130.0-255,5738,321732,19,337858
14582,0.01283,172.31.36.0-255,66,321798,19,337858
14583,0.014947,74.125.130.0-255,4320,326118,19,337858
14584,0.014951,172.31.36.0-255,66,326184,19,337858
14585,0.014976,74.125.130.0-255,1484,327668,19,337858
14586,0.017081,74.125.130.0-255,4320,331988,19,337858
14587,0.017093,172.31.36.0-255,66,332054,19,337858
14588,0.019213,74.125.130.0-255,5738,337792,19,337858
14589,0.019221,172.31.36.0-255,66,337858,19,337858
14590,0.0,172.31.36.0-255,105,105,19,105
14591,0.0,172.217.194.0-255,153,153,19,219313
14592,3.5e-05,172.31.36.0-255,66,219,19,219313
14593,4.3e-05,172.217.194.0-255,1484,1703,19,219313
14594,4.8e-05,172.31.36.0-255,66,1769,19,219313
14595,5.3e-05,172.217.194.0-255,2902,4671,19,219313
14596,5.5e-05,172.31.36.0-255,66,4737,19,219313
14597,8.5e-05,172.217.194.0-255,5738,10475,19,219313
14598,8.7e-05,172.31.36.0-255,66,10541,19,219313
14599,0.000125,172.217.194.0-255,3499,14040,19,219313
14600,0.000127,172.31.36.0-255,66,14106,19,219313
14601,0.00016,172.217.194.0-255,4320,18426,19,219313
14602,0.000163,172.31.36.0-255,66,18492,19,219313
14603,0.00017,172.217.194.0-255,5738,24230,19,219313
14604,0.000172,172.31.36.0-255,66,24296,19,219313
14605,0.000209,172.217.194.0-255,4320,28616,19,219313
14606,0.000212,172.31.36.0-255,66,28682,19,219313
14607,0.000236,172.217.194.0-255,8215,36897,19,219313
14608,0.000238,172.31.36.0-255,66,36963,19,219313
14609,0.000244,172.217.194.0-255,5738,42701,19,219313
14610,0.000246,172.31.36.0-255,66,42767,19,219313
14611,0.000281,172.217.194.0-255,5379,48146,19,219313
14612,0.000284,172.31.36.0-255,66,48212,19,219313
14613,0.000536,172.217.194.0-255,1484,49696,19,219313
14614,0.00054,172.31.36.0-255,66,49762,19,219313
14615,0.000544,172.217.194.0-255,1484,51246,19,219313
14616,0.000546,172.31.36.0-255,66,51312,19,219313
14617,0.00056,172.217.194.0-255,1484,52796,19,219313
14618,0.000563,172.31.36.0-255,66,52862,19,219313
14619,0.000568,172.217.194.0-255,4320,57182,19,219313
14620,0.00057,172.31.36.0-255,66,57248,19,219313
14621,0.000591,172.217.194.0-255,1484,58732,19,219313
14622,0.000594,172.31.36.0-255,66,58798,19,219313
14623,0.000601,172.217.194.0-255,6797,65595,19,219313
14624,0.000603,172.31.36.0-255,66,65661,19,219313
14625,0.000606,172.217.194.0-255,364,66025,19,219313
14626,0.00075,172.217.194.0-255,379,66404,19,219313
14627,0.000818,172.31.36.0-255,66,66470,19,219313
14628,0.001072,172.217.194.0-255,1484,67954,19,219313
14629,0.001081,172.217.194.0-255,2902,70856,19,219313
14630,0.001085,172.31.36.0-255,66,70922,19,219313
14631,0.001092,172.217.194.0-255,5738,76660,19,219313
14632,0.001094,172.31.36.0-255,66,76726,19,219313
14633,0.001132,172.31.36.0-255,66,76792,19,219313
14634,0.001155,172.217.194.0-255,5738,82530,19,219313
14635,0.001158,172.31.36.0-255,66,82596,19,219313
14636,0.001177,172.217.194.0-255,3961,86557,19,219313
14637,0.001179,172.31.36.0-255,66,86623,19,219313
14638,0.001792,172.217.194.0-255,1484,88107,19,219313
14639,0.001798,172.217.194.0-255,1484,89591,19,219313
14640,0.001802,172.31.36.0-255,66,89657,19,219313
14641,0.00182,172.217.194.0-255,1484,91141,19,219313
14642,0.001824,172.217.194.0-255,2902,94043,19,219313
14643,0.001826,172.31.36.0-255,66,94109,19,219313
14644,0.001841,172.217.194.0-255,2902,97011,19,219313
14645,0.001843,172.31.36.0-255,66,97077,19,219313
14646,0.001858,172.217.194.0-255,1484,98561,19,219313
14647,0.001882,172.217.194.0-255,5738,104299,19,219313
14648,0.001885,172.31.36.0-255,66,104365,19,219313
14649,0.001892,172.217.194.0-255,8574,112939,19,219313
14650,0.001895,172.31.36.0-255,66,113005,19,219313
14651,0.00192,172.217.194.0-255,7856,120861,19,219313
14652,0.002067,172.217.194.0-255,1484,122345,19,219313
14653,0.00207,172.217.194.0-255,1484,123829,19,219313
14654,0.00208,172.217.194.0-255,1484,125313,19,219313
14655,0.002092,172.217.194.0-255,2902,128215,19,219313
14656,0.002108,172.217.194.0-255,2902,131117,19,219313
14657,0.002121,172.217.194.0-255,1484,132601,19,219313
14658,0.00216,172.217.194.0-255,4320,136921,19,219313
14659,0.002173,172.217.194.0-255,4320,141241,19,219313
14660,0.002184,172.217.194.0-255,2184,143425,19,219313
14661,0.002211,172.217.194.0-255,2902,146327,19,219313
14662,0.002224,172.217.194.0-255,2902,149229,19,219313
14663,0.002261,172.217.194.0-255,8574,157803,19,219313
14664,0.002269,172.217.194.0-255,7856,165659,19,219313
14665,0.0023,172.217.194.0-255,1484,167143,19,219313
14666,0.002305,172.217.194.0-255,2902,170045,19,219313
14667,0.002309,172.217.194.0-255,2902,172947,19,219313
14668,0.002319,172.217.194.0-255,2902,175849,19,219313
14669,0.002324,172.217.194.0-255,4320,180169,19,219313
14670,0.002348,172.217.194.0-255,8574,188743,19,219313
14671,0.002351,172.217.194.0-255,1484,190227,19,219313
14672,0.006645,172.31.36.0-255,66,190293,19,219313
14673,0.008973,172.217.194.0-255,5738,196031,19,219313
14674,0.00898,172.31.36.0-255,66,196097,19,219313
14675,0.011272,172.217.194.0-255,5738,201835,19,219313
14676,0.01128,172.31.36.0-255,66,201901,19,219313
14677,0.013587,172.217.194.0-255,5738,207639,19,219313
14678,0.013595,172.31.36.0-255,66,207705,19,219313
14679,0.015917,172.217.194.0-255,5738,213443,19,219313
14680,0.015927,172.31.36.0-255,66,213509,19,219313
14681,0.018242,172.217.194.0-255,5738,219247,19,219313
14682,0.018249,172.31.36.0-255,66,219313,19,219313
14683,0.0,74.125.200.0-255,66,66,19,66
14684,0.0,172.217.194.0-255,153,153,19,271124
14685,3e-05,172.31.36.0-255,66,219,19,271124
14686,3.7e-05,172.217.194.0-255,1484,1703,19,271124
14687,4e-05,172.31.36.0-255,66,1769,19,271124
14688,4.5e-05,172.217.194.0-255,2902,4671,19,271124
14689,4.7e-05,172.31.36.0-255,66,4737,19,271124
14690,5.4e-05,172.217.194.0-255,7156,11893,19,271124
14691,5.7e-05,172.31.36.0-255,66,11959,19,271124
14692,6e-05,172.217.194.0-255,2028,13987,19,271124
14693,6.3e-05,172.31.36.0-255,66,14053,19,271124
14694,6.5e-05,172.217.194.0-255,1484,15537,19,271124
14695,6.7e-05,172.31.36.0-255,66,15603,19,271124
14696,9.2e-05,172.217.194.0-255,9992,25595,19,271124
14697,9.4e-05,172.31.36.0-255,66,25661,19,271124
14698,9.9e-05,172.217.194.0-255,4320,29981,19,271124
14699,0.000101,172.31.36.0-255,66,30047,19,271124
14700,0.000112,172.217.194.0-255,1125,31172,19,271124
14701,0.000114,172.31.36.0-255,66,31238,19,271124
14702,0.000147,172.217.194.0-255,1484,32722,19,271124
14703,0.00015,172.31.36.0-255,66,32788,19,271124
14704,0.000153,172.217.194.0-255,1484,34272,19,271124
14705,0.000157,172.31.36.0-255,66,34338,19,271124
14706,0.000169,172.217.194.0-255,1484,35822,19,271124
14707,0.00017,172.31.36.0-255,66,35888,19,271124
14708,0.000176,172.217.194.0-255,5738,41626,19,271124
14709,0.000178,172.31.36.0-255,66,41692,19,271124
14710,0.000196,172.217.194.0-255,5738,47430,19,271124
14711,0.000199,172.31.36.0-255,66,47496,19,271124
14712,0.000233,172.217.194.0-255,8215,55711,19,271124
14713,0.000237,172.31.36.0-255,66,55777,19,271124
14714,0.000245,172.217.194.0-255,9633,65410,19,271124
14715,0.000247,172.31.36.0-255,66,65476,19,271124
14716,0.000374,172.217.194.0-255,646,66122,19,271124
14717,0.000441,172.217.194.0-255,1484,67606,19,271124
14718,0.000445,172.31.36.0-255,66,67672,19,271124
14719,0.000451,172.217.194.0-255,4320,71992,19,271124
14720,0.000453,172.31.36.0-255,66,72058,19,271124
14721,0.000477,172.217.194.0-255,4320,76378,19,271124
14722,0.00048,172.31.36.0-255,66,76444,19,271124
14723,0.000498,172.217.194.0-255,1484,77928,19,271124
14724,0.000527,172.31.36.0-255,66,77994,19,271124
14725,0.000535,172.217.194.0-255,9633,87627,19,271124
14726,0.000537,172.31.36.0-255,66,87693,19,271124
14727,0.000566,172.217.194.0-255,1484,89177,19,271124
14728,0.000582,172.217.194.0-255,2902,92079,19,271124
14729,0.000584,172.31.36.0-255,66,92145,19,271124
14730,0.000602,172.217.194.0-255,5738,97883,19,271124
14731,0.000604,172.31.36.0-255,66,97949,19,271124
14732,0.000634,172.31.36.0-255,66,98015,19,271124
14733,0.000641,172.217.194.0-255,8574,106589,19,271124
14734,0.000643,172.31.36.0-255,66,106655,19,271124
14735,0.000668,172.217.194.0-255,2184,108839,19,271124
14736,0.000672,172.31.36.0-255,66,108905,19,271124
14737,0.00069,172.217.194.0-255,2902,111807,19,271124
14738,0.000693,172.31.36.0-255,66,111873,19,271124
14739,0.000718,172.217.194.0-255,7156,119029,19,271124
14740,0.000722,172.31.36.0-255,66,119095,19,271124
14741,0.000731,172.217.194.0-255,2902,121997,19,271124
14742,0.000733,172.31.36.0-255,66,122063,19,271124
14743,0.000759,172.217.194.0-255,7156,129219,19,271124
14744,0.000762,172.31.36.0-255,66,129285,19,271124
14745,0.00081,172.31.36.0-255,66,129351,19,271124
14746,0.000917,172.217.194.0-255,1484,130835,19,271124
14747,0.000922,172.217.194.0-255,2902,133737,19,271124
14748,0.000924,172.31.36.0-255,66,133803,19,271124
14749,0.000946,172.217.194.0-255,5738,139541,19,271124
14750,0.000949,172.31.36.0-255,66,139607,19,271124
14751,0.000955,172.217.194.0-255,5738,145345,19,271124
14752,0.000957,172.31.36.0-255,66,145411,19,271124
14753,0.000972,172.217.194.0-255,7156,152567,19,271124
14754,0.000974,172.31.36.0-255,66,152633,19,271124
14755,0.001003,172.217.194.0-255,10692,163325,19,271124
14756,0.001006,172.31.36.0-255,66,163391,19,271124
14757,0.001152,172.217.194.0-255,1484,164875,19,271124
14758,0.001157,172.217.194.0-255,2902,167777,19,271124
14759,0.001159,172.31.36.0-255,66,167843,19,271124
14760,0.001172,172.217.194.0-255,1484,169327,19,271124
14761,0.00119,172.217.194.0-255,4320,173647,19,271124
14762,0.001198,172.217.194.0-255,7156,180803,19,271124
14763,0.001201,172.31.36.0-255,66,180869,19,271124
14764,0.001205,172.31.36.0-255,66,180935,19,271124
14765,0.001209,172.217.194.0-255,1484,182419,19,271124
14766,0.001223,172.217.194.0-255,5738,188157,19,271124
14767,0.001226,172.31.36.0-255,66,188223,19,271124
14768,0.001253,172.217.194.0-255,7156,195379,19,271124
14769,0.001257,172.31.36.0-255,66,195445,19,271124
14770,0.001261,172.217.194.0-255,2184,197629,19,271124
14771,0.001263,172.31.36.0-255,66,197695,19,271124
14772,0.001295,172.217.194.0-255,2902,200597,19,271124
14773,0.001298,172.31.36.0-255,66,200663,19,271124
14774,0.001303,172.217.194.0-255,4320,204983,19,271124
14775,0.001306,172.31.36.0-255,66,205049,19,271124
14776,0.001329,172.217.194.0-255,8574,213623,19,271124
14777,0.001333,172.31.36.0-255,66,213689,19,271124
14778,0.001398,172.217.194.0-255,1484,215173,19,271124
14779,0.0014,172.31.36.0-255,66,215239,19,271124
14780,0.001448,172.31.36.0-255,66,215305,19,271124
14781,0.001455,172.217.194.0-255,5020,220325,19,271124
14782,0.001458,172.31.36.0-255,66,220391,19,271124
14783,0.001479,172.217.194.0-255,5738,226129,19,271124
14784,0.001483,172.31.36.0-255,66,226195,19,271124
14785,0.001506,172.217.194.0-255,4320,230515,19,271124
14786,0.001509,172.31.36.0-255,66,230581,19,271124
14787,0.001533,172.217.194.0-255,7156,237737,19,271124
14788,0.001538,172.31.36.0-255,66,237803,19,271124
14789,0.001542,172.217.194.0-255,4320,242123,19,271124
14790,0.001545,172.31.36.0-255,66,242189,19,271124
14791,0.001575,172.31.36.0-255,66,242255,19,271124
14792,0.001582,172.217.194.0-255,7156,249411,19,271124
14793,0.001586,172.31.36.0-255,66,249477,19,271124
14794,0.00162,172.217.194.0-255,9992,259469,19,271124
14795,0.001624,172.31.36.0-255,66,259535,19,271124
14796,0.001639,172.31.36.0-255,66,259601,19,271124
14797,0.001662,172.217.194.0-255,8574,268175,19,271124
14798,0.001665,172.31.36.0-255,66,268241,19,271124
14799,0.001711,172.31.36.0-255,66,268307,19,271124
14800,0.001716,172.217.194.0-255,2409,270716,19,271124
14801,0.001719,172.31.36.0-255,66,270782,19,271124
14802,0.001721,172.217.194.0-255,105,270887,19,271124
14803,0.003086,172.31.36.0-255,66,270953,19,271124
14804,0.00311,172.31.36.0-255,105,271058,19,271124
14805,0.005405,172.217.194.0-255,66,271124,19,271124
14806,0.0,74.125.130.0-255,152,152,19,287067
14807,2.7e-05,172.31.36.0-255,66,218,19,287067
14808,3.4e-05,74.125.130.0-255,1484,1702,19,287067
14809,3.8e-05,172.31.36.0-255,66,1768,19,287067
14810,4.4e-05,74.125.130.0-255,2902,4670,19,287067
14811,4.6e-05,172.31.36.0-255,66,4736,19,287067
14812,6e-05,74.125.130.0-255,5738,10474,19,287067
14813,6.3e-05,172.31.36.0-255,66,10540,19,287067
14814,0.000103,74.125.130.0-255,3438,13978,19,287067
14815,0.000106,172.31.36.0-255,66,14044,19,287067
14816,0.000213,74.125.130.0-255,1484,15528,19,287067
14817,0.000218,172.31.36.0-255,66,15594,19,287067
14818,0.000222,74.125.130.0-255,1484,17078,19,287067
14819,0.000224,172.31.36.0-255,66,17144,19,287067
14820,0.000241,74.125.130.0-255,1484,18628,19,287067
14821,0.000244,172.31.36.0-255,66,18694,19,287067
14822,0.000249,74.125.130.0-255,2902,21596,19,287067
14823,0.000254,172.31.36.0-255,66,21662,19,287067
14824,0.00027,74.125.130.0-255,2902,24564,19,287067
14825,0.000274,172.31.36.0-255,66,24630,19,287067
14826,0.000282,74.125.130.0-255,6797,31427,19,287067
14827,0.000284,172.31.36.0-255,66,31493,19,287067
14828,0.00031,74.125.130.0-255,1484,32977,19,287067
14829,0.000313,172.31.36.0-255,66,33043,19,287067
14830,0.000318,74.125.130.0-255,2902,35945,19,287067
14831,0.00032,172.31.36.0-255,66,36011,19,287067
14832,0.000325,74.125.130.0-255,2902,38913,19,287067
14833,0.000328,172.31.36.0-255,66,38979,19,287067
14834,0.000352,74.125.130.0-255,2902,41881,19,287067
14835,0.000356,172.31.36.0-255,66,41947,19,287067
14836,0.000364,74.125.130.0-255,6797,48744,19,287067
14837,0.000367,172.31.36.0-255,66,48810,19,287067
14838,0.000413,74.125.130.0-255,1484,50294,19,287067
14839,0.000427,74.125.130.0-255,2902,53196,19,287067
14840,0.00043,172.31.36.0-255,66,53262,19,287067
14841,0.000462,74.125.130.0-255,5738,59000,19,287067
14842,0.000467,172.31.36.0-255,66,59066,19,287067
14843,0.000472,74.125.130.0-255,2902,61968,19,287067
14844,0.000475,172.31.36.0-255,66,62034,19,287067
14845,0.00051,74.125.130.0-255,3961,65995,19,287067
14846,0.000512,74.125.130.0-255,376,66371,19,287067
14847,0.000513,172.31.36.0-255,66,66437,19,287067
14848,0.000645,74.125.130.0-255,1484,67921,19,287067
14849,0.000649,172.31.36.0-255,66,67987,19,287067
14850,0.000655,74.125.130.0-255,2902,70889,19,287067
14851,0.000657,172.31.36.0-255,66,70955,19,287067
14852,0.000686,74.125.130.0-255,5738,76693,19,287067
14853,0.000689,172.31.36.0-255,66,76759,19,287067
14854,0.00072,74.125.130.0-255,5738,82497,19,287067
14855,0.000723,172.31.36.0-255,66,82563,19,287067
14856,0.000747,74.125.130.0-255,6797,89360,19,287067
14857,0.00075,172.31.36.0-255,66,89426,19,287067
14858,0.000776,74.125.130.0-255,8574,98000,19,287067
14859,0.000779,172.31.36.0-255,66,98066,19,287067
14860,0.000806,74.125.130.0-255,2821,100887,19,287067
14861,0.000809,172.31.36.0-255,66,100953,19,287067
14862,0.001061,74.125.130.0-255,1484,102437,19,287067
14863,0.001067,74.125.130.0-255,1484,103921,19,287067
14864,0.001069,172.31.36.0-255,66,103987,19,287067
14865,0.001082,74.125.130.0-255,1484,105471,19,287067
14866,0.001093,74.125.130.0-255,5738,111209,19,287067
14867,0.001096,172.31.36.0-255,66,111275,19,287067
14868,0.001138,172.31.36.0-255,66,111341,19,287067
14869,0.001145,74.125.130.0-255,5738,117079,19,287067
14870,0.001148,172.31.36.0-255,66,117145,19,287067
14871,0.001176,74.125.130.0-255,5020,122165,19,287067
14872,0.001181,172.31.36.0-255,66,122231,19,287067
14873,0.001533,74.125.130.0-255,1484,123715,19,287067
14874,0.001544,74.125.130.0-255,2902,126617,19,287067
14875,0.001548,172.31.36.0-255,66,126683,19,287067
14876,0.001556,74.125.130.0-255,4320,131003,19,287067
14877,0.001558,172.31.36.0-255,66,131069,19,287067
14878,0.001595,74.125.130.0-255,1484,132553,19,287067
14879,0.001604,74.125.130.0-255,7156,139709,19,287067
14880,0.001607,172.31.36.0-255,66,139775,19,287067
14881,0.001616,74.125.130.0-255,8574,148349,19,287067
14882,0.001618,172.31.36.0-255,66,148415,19,287067
14883,0.001621,74.125.130.0-255,1484,149899,19,287067
14884,0.001647,74.125.130.0-255,6438,156337,19,287067
14885,0.001651,172.31.36.0-255,66,156403,19,287067
14886,0.001766,74.125.130.0-255,1484,157887,19,287067
14887,0.001773,74.125.130.0-255,2902,160789,19,287067
14888,0.001777,172.31.36.0-255,66,160855,19,287067
14889,0.001783,74.125.130.0-255,4320,165175,19,287067
14890,0.001785,172.31.36.0-255,66,165241,19,287067
14891,0.001833,74.125.130.0-255,8574,173815,19,287067
14892,0.001836,172.31.36.0-255,66,173881,19,287067
14893,0.001853,172.31.36.0-255,66,173947,19,287067
14894,0.002087,74.125.130.0-255,1484,175431,19,287067
14895,0.002095,74.125.130.0-255,2902,178333,19,287067
14896,0.002099,172.31.36.0-255,66,178399,19,287067
14897,0.002106,74.125.130.0-255,5738,184137,19,287067
14898,0.00211,172.31.36.0-255,66,184203,19,287067
14899,0.002124,74.125.130.0-255,5738,189941,19,287067
14900,0.002127,172.31.36.0-255,66,190007,19,287067
14901,0.002166,74.125.130.0-255,7156,197163,19,287067
14902,0.002169,172.31.36.0-255,66,197229,19,287067
14903,0.002182,172.31.36.0-255,66,197295,19,287067
14904,0.002188,74.125.130.0-255,5738,203033,19,287067
14905,0.00219,172.31.36.0-255,66,203099,19,287067
14906,0.002227,74.125.130.0-255,5738,208837,19,287067
14907,0.002229,172.31.36.0-255,66,208903,19,287067
14908,0.002246,172.31.36.0-255,66,208969,19,287067
14909,0.002253,74.125.130.0-255,6438,215407,19,287067
14910,0.002256,172.31.36.0-255,66,215473,19,287067
14911,0.00228,74.125.130.0-255,1484,216957,19,287067
14912,0.002284,74.125.130.0-255,1484,218441,19,287067
14913,0.002287,172.31.36.0-255,66,218507,19,287067
14914,0.002307,74.125.130.0-255,1484,219991,19,287067
14915,0.002312,74.125.130.0-255,4320,224311,19,287067
14916,0.002315,172.31.36.0-255,66,224377,19,287067
14917,0.002332,74.125.130.0-255,1484,225861,19,287067
14918,0.002344,74.125.130.0-255,8574,234435,19,287067
14919,0.002347,172.31.36.0-255,66,234501,19,287067
14920,0.002351,74.125.130.0-255,2902,237403,19,287067
14921,0.002353,172.31.36.0-255,66,237469,19,287067
14922,0.002372,74.125.130.0-255,7156,244625,19,287067
14923,0.002375,172.31.36.0-255,66,244691,19,287067
14924,0.00238,74.125.130.0-255,4320,249011,19,287067
14925,0.002381,172.31.36.0-255,66,249077,19,287067
14926,0.004695,74.125.130.0-255,1484,250561,19,287067
14927,0.004717,74.125.130.0-255,4320,254881,19,287067
14928,0.004721,172.31.36.0-255,66,254947,19,287067
14929,0.007075,74.125.130.0-255,4320,259267,19,287067
14930,0.007081,172.31.36.0-255,66,259333,19,287067
14931,0.007105,74.125.130.0-255,1484,260817,19,287067
14932,0.009447,74.125.130.0-255,4320,265137,19,287067
14933,0.009454,172.31.36.0-255,66,265203,19,287067
14934,0.011803,74.125.130.0-255,5738,270941,19,287067
14935,0.01181,172.31.36.0-255,66,271007,19,287067
14936,0.014148,74.125.130.0-255,5738,276745,19,287067
14937,0.014156,172.31.36.0-255,66,276811,19,287067
14938,0.016495,74.125.130.0-255,4320,281131,19,287067
14939,0.016503,172.31.36.0-255,66,281197,19,287067
14940,0.01654,74.125.130.0-255,1484,282681,19,287067
14941,0.018838,74.125.130.0-255,4320,287001,19,287067
14942,0.018845,172.31.36.0-255,66,287067,19,287067
14943,0.0,172.217.194.0-255,153,153,19,205517
14944,3.1e-05,172.31.36.0-255,66,219,19,205517
14945,3.8e-05,172.217.194.0-255,1484,1703,19,205517
14946,4.2e-05,172.31.36.0-255,66,1769,19,205517
14947,4.5e-05,172.217.194.0-255,1484,3253,19,205517
14948,4.7e-05,172.31.36.0-255,66,3319,19,205517
14949,5.3e-05,172.217.194.0-255,4320,7639,19,205517
14950,5.6e-05,172.31.36.0-255,66,7705,19,205517
14951,9.7e-05,172.217.194.0-255,10556,18261,19,205517
14952,0.0001,172.31.36.0-255,66,18327,19,205517
14953,0.000109,172.217.194.0-255,9992,28319,19,205517
14954,0.000111,172.31.36.0-255,66,28385,19,205517
14955,0.000143,172.217.194.0-255,2543,30928,19,205517
14956,0.000146,172.31.36.0-255,66,30994,19,205517
14957,0.000499,172.217.194.0-255,1484,32478,19,205517
14958,0.000504,172.31.36.0-255,66,32544,19,205517
14959,0.000511,172.217.194.0-255,2902,35446,19,205517
14960,0.000515,172.31.36.0-255,66,35512,19,205517
14961,0.000542,172.217.194.0-255,5738,41250,19,205517
14962,0.000545,172.31.36.0-255,66,41316,19,205517
14963,0.000553,172.217.194.0-255,6797,48113,19,205517
14964,0.000555,172.31.36.0-255,66,48179,19,205517
14965,0.000578,172.217.194.0-255,4320,52499,19,205517
14966,0.000581,172.31.36.0-255,66,52565,19,205517
14967,0.000609,172.217.194.0-255,9992,62557,19,205517
14968,0.000612,172.31.36.0-255,66,62623,19,205517
14969,0.000617,172.217.194.0-255,2835,65458,19,205517
14970,0.00062,172.31.36.0-255,66,65524,19,205517
14971,0.000623,172.217.194.0-255,98,65622,19,205517
14972,0.000626,172.31.36.0-255,66,65688,19,205517
14973,0.000801,172.217.194.0-255,1484,67172,19,205517
14974,0.000805,172.31.36.0-255,66,67238,19,205517
14975,0.000811,172.217.194.0-255,2902,70140,19,205517
14976,0.000813,172.31.36.0-255,66,70206,19,205517
14977,0.000831,172.217.194.0-255,5738,75944,19,205517
14978,0.000834,172.31.36.0-255,66,76010,19,205517
14979,0.000858,172.217.194.0-255,2902,78912,19,205517
14980,0.00087,172.31.36.0-255,66,78978,19,205517
14981,0.00089,172.217.194.0-255,8574,87552,19,205517
14982,0.000894,172.31.36.0-255,66,87618,19,205517
14983,0.000912,172.31.36.0-255,66,87684,19,205517
14984,0.001346,172.217.194.0-255,1484,89168,19,205517
14985,0.001356,172.217.194.0-255,2902,92070,19,205517
14986,0.001361,172.31.36.0-255,66,92136,19,205517
14987,0.001367,172.217.194.0-255,4320,96456,19,205517
14988,0.001381,172.217.194.0-255,1484,97940,19,205517
14989,0.001384,172.217.194.0-255,1484,99424,19,205517
14990,0.001425,172.217.194.0-255,10692,110116,19,205517
14991,0.001458,172.217.194.0-255,4320,114436,19,205517
14992,0.001501,172.217.194.0-255,1484,115920,19,205517
14993,0.001524,172.217.194.0-255,6438,122358,19,205517
14994,0.001579,172.217.194.0-255,7156,129514,19,205517
14995,0.001587,172.217.194.0-255,7156,136670,19,205517
14996,0.001595,172.217.194.0-255,8574,145244,19,205517
14997,0.001613,172.217.194.0-255,7156,152400,19,205517
14998,0.001622,172.217.194.0-255,9274,161674,19,205517
14999,0.00165,172.217.194.0-255,9992,171666,19,205517
15000,0.00167,172.217.194.0-255,4320,175986,19,205517
15001,0.001734,172.217.194.0-255,7156,183142,19,205517
15002,0.001757,172.217.194.0-255,7856,190998,19,205517
15003,0.001793,172.217.194.0-255,4320,195318,19,205517
15004,0.001855,172.217.194.0-255,2902,198220,19,205517
15005,0.001971,172.217.194.0-255,5738,203958,19,205517
15006,0.002017,172.217.194.0-255,1217,205175,19,205517
15007,0.002046,172.217.194.0-255,105,205280,19,205517
15008,0.005599,172.31.36.0-255,66,205346,19,205517
15009,0.007974,172.31.36.0-255,105,205451,19,205517
15010,0.010294,172.217.194.0-255,66,205517,19,205517
15011,0.0,74.125.130.0-255,153,153,19,225230
15012,3.3e-05,172.31.36.0-255,66,219,19,225230
15013,4e-05,74.125.130.0-255,1484,1703,19,225230
15014,4.5e-05,172.31.36.0-255,66,1769,19,225230
15015,5e-05,74.125.130.0-255,2902,4671,19,225230
15016,5.2e-05,172.31.36.0-255,66,4737,19,225230
15017,5.7e-05,74.125.130.0-255,2902,7639,19,225230
15018,6e-05,172.31.36.0-255,66,7705,19,225230
15019,8.7e-05,74.125.130.0-255,4320,12025,19,225230
15020,9e-05,172.31.36.0-255,66,12091,19,225230
15021,9.4e-05,74.125.130.0-255,2105,14196,19,225230
15022,9.6e-05,172.31.36.0-255,66,14262,19,225230
15023,0.000101,74.125.130.0-255,2902,17164,19,225230
15024,0.000102,172.31.36.0-255,66,17230,19,225230
15025,0.000107,74.125.130.0-255,4320,21550,19,225230
15026,0.000109,172.31.36.0-255,66,21616,19,225230
15027,0.000138,74.125.130.0-255,2902,24518,19,225230
15028,0.000141,172.31.36.0-255,66,24584,19,225230
15029,0.000144,74.125.130.0-255,2902,27486,19,225230
15030,0.000146,172.31.36.0-255,66,27552,19,225230
15031,0.000152,74.125.130.0-255,3961,31513,19,225230
15032,0.000154,172.31.36.0-255,66,31579,19,225230
15033,0.000679,74.125.130.0-255,1484,33063,19,225230
15034,0.000686,172.31.36.0-255,66,33129,19,225230
15035,0.000694,74.125.130.0-255,1484,34613,19,225230
15036,0.000697,172.31.36.0-255,66,34679,19,225230
15037,0.000702,74.125.130.0-255,2902,37581,19,225230
15038,0.000704,172.31.36.0-255,66,37647,19,225230
15039,0.00071,74.125.130.0-255,5738,43385,19,225230
15040,0.000712,172.31.36.0-255,66,43451,19,225230
15041,0.000715,74.125.130.0-255,1484,44935,19,225230
15042,0.000717,172.31.36.0-255,66,45001,19,225230
15043,0.00075,74.125.130.0-255,3961,48962,19,225230
15044,0.000753,172.31.36.0-255,66,49028,19,225230
15045,0.00076,74.125.130.0-255,5738,54766,19,225230
15046,0.000762,172.31.36.0-255,66,54832,19,225230
15047,0.000795,74.125.130.0-255,9992,64824,19,225230
15048,0.000799,172.31.36.0-255,66,64890,19,225230
15049,0.000832,74.125.130.0-255,1379,66269,19,225230
15050,0.000838,74.125.130.0-255,119,66388,19,225230
15051,0.00094,74.125.130.0-255,1484,67872,19,225230
15052,0.000945,172.31.36.0-255,66,67938,19,225230
15053,0.00095,74.125.130.0-255,2902,70840,19,225230
15054,0.000953,172.31.36.0-255,66,70906,19,225230
15055,0.000956,74.125.130.0-255,1484,72390,19,225230
15056,0.00097,74.125.130.0-255,1484,73874,19,225230
15057,0.000973,172.31.36.0-255,66,73940,19,225230
15058,0.000985,74.125.130.0-255,2902,76842,19,225230
15059,0.000988,172.31.36.0-255,66,76908,19,225230
15060,0.000993,74.125.130.0-255,2902,79810,19,225230
15061,0.000995,172.31.36.0-255,66,79876,19,225230
15062,0.000999,74.125.130.0-255,2902,82778,19,225230
15063,0.001002,172.31.36.0-255,66,82844,19,225230
15064,0.001033,74.125.130.0-255,7156,90000,19,225230
15065,0.001037,172.31.36.0-255,66,90066,19,225230
15066,0.001042,74.125.130.0-255,5738,95804,19,225230
15067,0.001045,172.31.36.0-255,66,95870,19,225230
15068,0.001085,74.125.130.0-255,5020,100890,19,225230
15069,0.00109,172.31.36.0-255,66,100956,19,225230
15070,0.001508,74.125.130.0-255,1484,102440,19,225230
15071,0.001512,74.125.130.0-255,1484,103924,19,225230
15072,0.001515,172.31.36.0-255,66,103990,19,225230
15073,0.001532,74.125.130.0-255,1484,105474,19,225230
15074,0.001537,74.125.130.0-255,4320,109794,19,225230
15075,0.00154,172.31.36.0-255,66,109860,19,225230
15076,0.001542,74.125.130.0-255,1484,111344,19,225230
15077,0.001559,74.125.130.0-255,4320,115664,19,225230
15078,0.001561,172.31.36.0-255,66,115730,19,225230
15079,0.001588,74.125.130.0-255,5738,121468,19,225230
15080,0.00159,172.31.36.0-255,66,121534,19,225230
15081,0.001613,74.125.130.0-255,5738,127272,19,225230
15082,0.001615,172.31.36.0-255,66,127338,19,225230
15083,0.001619,74.125.130.0-255,4320,131658,19,225230
15084,0.001621,172.31.36.0-255,66,131724,19,225230
15085,0.001652,74.125.130.0-255,3602,135326,19,225230
15086,0.001654,172.31.36.0-255,66,135392,19,225230
15087,0.001894,74.125.130.0-255,1484,136876,19,225230
15088,0.001906,74.125.130.0-255,2902,139778,19,225230
15089,0.001909,172.31.36.0-255,66,139844,19,225230
15090,0.001925,74.125.130.0-255,1484,141328,19,225230
15091,0.001949,74.125.130.0-255,4320,145648,19,225230
15092,0.001952,172.31.36.0-255,66,145714,19,225230
15093,0.001956,74.125.130.0-255,4320,150034,19,225230
15094,0.001958,172.31.36.0-255,66,150100,19,225230
15095,0.001963,74.125.130.0-255,5738,155838,19,225230
15096,0.001966,172.31.36.0-255,66,155904,19,225230
15097,0.001979,74.125.130.0-255,1484,157388,19,225230
15098,0.001999,74.125.130.0-255,9992,167380,19,225230
15099,0.002002,172.31.36.0-255,66,167446,19,225230
15100,0.002006,74.125.130.0-255,2184,169630,19,225230
15101,0.002008,172.31.36.0-255,66,169696,19,225230
15102,0.002259,74.125.130.0-255,1484,171180,19,225230
15103,0.002262,74.125.130.0-255,1484,172664,19,225230
15104,0.002264,172.31.36.0-255,66,172730,19,225230
15105,0.002283,74.125.130.0-255,1484,174214,19,225230
15106,0.002301,74.125.130.0-255,1484,175698,19,225230
15107,0.002303,172.31.36.0-255,66,175764,19,225230
15108,0.002307,74.125.130.0-255,2902,178666,19,225230
15109,0.002309,172.31.36.0-255,66,178732,19,225230
15110,0.00232,74.125.130.0-255,1484,180216,19,225230
15111,0.002341,74.125.130.0-255,4320,184536,19,225230
15112,0.002344,172.31.36.0-255,66,184602,19,225230
15113,0.004636,74.125.130.0-255,5738,190340,19,225230
15114,0.004642,172.31.36.0-255,66,190406,19,225230
15115,0.006939,74.125.130.0-255,5738,196144,19,225230
15116,0.006945,172.31.36.0-255,66,196210,19,225230
15117,0.009251,74.125.130.0-255,5738,201948,19,225230
15118,0.009259,172.31.36.0-255,66,202014,19,225230
15119,0.011571,74.125.130.0-255,5738,207752,19,225230
15120,0.011579,172.31.36.0-255,66,207818,19,225230
15121,0.01389,74.125.130.0-255,5738,213556,19,225230
15122,0.013901,172.31.36.0-255,66,213622,19,225230
15123,0.0162,74.125.130.0-255,5738,219360,19,225230
15124,0.016206,172.31.36.0-255,66,219426,19,225230
15125,0.018513,74.125.130.0-255,5738,225164,19,225230
15126,0.018522,172.31.36.0-255,66,225230,19,225230
15127,0.0,74.125.24.0-255,150,150,19,312227
15128,1.9e-05,172.31.36.0-255,66,216,19,312227
15129,2.6e-05,74.125.24.0-255,1484,1700,19,312227
15130,3.1e-05,172.31.36.0-255,66,1766,19,312227
15131,3.7e-05,74.125.24.0-255,2902,4668,19,312227
15132,3.9e-05,172.31.36.0-255,66,4734,19,312227
15133,5.5e-05,74.125.24.0-255,7156,11890,19,312227
15134,5.9e-05,172.31.36.0-255,66,11956,19,312227
15135,6.2e-05,74.125.24.0-255,1484,13440,19,312227
15136,6.4e-05,172.31.36.0-255,66,13506,19,312227
15137,7e-05,74.125.24.0-255,2902,16408,19,312227
15138,7.3e-05,172.31.36.0-255,66,16474,19,312227
15139,0.000116,74.125.24.0-255,7712,24186,19,312227
15140,0.000119,172.31.36.0-255,66,24252,19,312227
15141,0.000127,74.125.24.0-255,6797,31049,19,312227
15142,0.00013,172.31.36.0-255,66,31115,19,312227
15143,0.00017,74.125.24.0-255,1484,32599,19,312227
15144,0.000173,172.31.36.0-255,66,32665,19,312227
15145,0.000179,74.125.24.0-255,2902,35567,19,312227
15146,0.000182,172.31.36.0-255,66,35633,19,312227
15147,0.000193,74.125.24.0-255,5738,41371,19,312227
15148,0.000196,172.31.36.0-255,66,41437,19,312227
15149,0.000202,74.125.24.0-255,5738,47175,19,312227
15150,0.000205,172.31.36.0-255,66,47241,19,312227
15151,0.000257,74.125.24.0-255,5738,52979,19,312227
15152,0.000261,172.31.36.0-255,66,53045,19,312227
15153,0.000295,74.125.24.0-255,8215,61260,19,312227
15154,0.000299,172.31.36.0-255,66,61326,19,312227
15155,0.000304,74.125.24.0-255,4232,65558,19,312227
15156,0.000306,172.31.36.0-255,66,65624,19,312227
15157,0.000323,74.125.24.0-255,136,65760,19,312227
15158,0.000326,172.31.36.0-255,66,65826,19,312227
15159,0.000381,74.125.24.0-255,1484,67310,19,312227
15160,0.000388,74.125.24.0-255,2902,70212,19,312227
15161,0.000391,172.31.36.0-255,66,70278,19,312227
15162,0.000399,74.125.24.0-255,5738,76016,19,312227
15163,0.000401,172.31.36.0-255,66,76082,19,312227
15164,0.000433,74.125.24.0-255,1484,77566,19,312227
15165,0.000464,172.31.36.0-255,66,77632,19,312227
15166,0.00049,74.125.24.0-255,1125,78757,19,312227
15167,0.000499,74.125.24.0-255,9633,88390,19,312227
15168,0.000502,172.31.36.0-255,66,88456,19,312227
15169,0.000982,74.125.24.0-255,1484,89940,19,312227
15170,0.000998,74.125.24.0-255,2902,92842,19,312227
15171,0.001002,172.31.36.0-255,66,92908,19,312227
15172,0.001009,74.125.24.0-255,5738,98646,19,312227
15173,0.001011,172.31.36.0-255,66,98712,19,312227
15174,0.001013,74.125.24.0-255,1484,100196,19,312227
15175,0.001064,74.125.24.0-255,8574,108770,19,312227
15176,0.001067,172.31.36.0-255,66,108836,19,312227
15177,0.001079,172.31.36.0-255,66,108902,19,312227
15178,0.001125,74.125.24.0-255,2184,111086,19,312227
15179,0.001128,172.31.36.0-255,66,111152,19,312227
15180,0.001132,74.125.24.0-255,2902,114054,19,312227
15181,0.001134,172.31.36.0-255,66,114120,19,312227
15182,0.00114,74.125.24.0-255,7156,121276,19,312227
15183,0.001146,172.31.36.0-255,66,121342,19,312227
15184,0.001194,172.31.36.0-255,66,121408,19,312227
15185,0.001223,74.125.24.0-255,7856,129264,19,312227
15186,0.001225,172.31.36.0-255,66,129330,19,312227
15187,0.00125,74.125.24.0-255,5738,135068,19,312227
15188,0.001253,172.31.36.0-255,66,135134,19,312227
15189,0.001279,74.125.24.0-255,2902,138036,19,312227
15190,0.001282,172.31.36.0-255,66,138102,19,312227
15191,0.00129,74.125.24.0-255,9992,148094,19,312227
15192,0.001292,172.31.36.0-255,66,148160,19,312227
15193,0.001303,74.125.24.0-255,8574,156734,19,312227
15194,0.001306,172.31.36.0-255,66,156800,19,312227
15195,0.001332,74.125.24.0-255,2902,159702,19,312227
15196,0.001339,172.31.36.0-255,66,159768,19,312227
15197,0.001344,74.125.24.0-255,3602,163370,19,312227
15198,0.001346,172.31.36.0-255,66,163436,19,312227
15199,0.001374,74.125.24.0-255,1484,164920,19,312227
15200,0.001385,74.125.24.0-255,2902,167822,19,312227
15201,0.00141,74.125.24.0-255,5738,173560,19,312227
15202,0.001414,74.125.24.0-255,4320,177880,19,312227
15203,0.001417,172.31.36.0-255,66,177946,19,312227
15204,0.001427,172.31.36.0-255,66,178012,19,312227
15205,0.001448,74.125.24.0-255,9992,188004,19,312227
15206,0.001466,74.125.24.0-255,1484,189488,19,312227
15207,0.001472,74.125.24.0-255,4320,193808,19,312227
15208,0.00149,74.125.24.0-255,3602,197410,19,312227
15209,0.001493,172.31.36.0-255,66,197476,19,312227
15210,0.001497,172.31.36.0-255,66,197542,19,312227
15211,0.001584,74.125.24.0-255,1484,199026,19,312227
15212,0.001589,74.125.24.0-255,2902,201928,19,312227
15213,0.001596,172.31.36.0-255,66,201994,19,312227
15214,0.001622,74.125.24.0-255,5738,207732,19,312227
15215,0.001628,74.125.24.0-255,5738,213470,19,312227
15216,0.001643,172.31.36.0-255,66,213536,19,312227
15217,0.001652,74.125.24.0-255,4320,217856,19,312227
15218,0.00166,172.31.36.0-255,66,217922,19,312227
15219,0.001682,74.125.24.0-255,8574,226496,19,312227
15220,0.001687,74.125.24.0-255,5020,231516,19,312227
15221,0.00171,172.31.36.0-255,66,231582,19,312227
15222,0.001806,74.125.24.0-255,1484,233066,19,312227
15223,0.001811,74.125.24.0-255,2902,235968,19,312227
15224,0.001815,172.31.36.0-255,66,236034,19,312227
15225,0.001826,74.125.24.0-255,5738,241772,19,312227
15226,0.001849,74.125.24.0-255,1484,243256,19,312227
15227,0.001858,172.31.36.0-255,66,243322,19,312227
15228,0.001905,74.125.24.0-255,4320,247642,19,312227
15229,0.001911,172.31.36.0-255,66,247708,19,312227
15230,0.001922,74.125.24.0-255,6438,254146,19,312227
15231,0.001928,74.125.24.0-255,1484,255630,19,312227
15232,0.001932,74.125.24.0-255,2902,258532,19,312227
15233,0.00195,74.125.24.0-255,5738,264270,19,312227
15234,0.001957,172.31.36.0-255,66,264336,19,312227
15235,0.001985,74.125.24.0-255,7156,271492,19,312227
15236,0.001992,172.31.36.0-255,66,271558,19,312227
15237,0.002019,74.125.24.0-255,5738,277296,19,312227
15238,0.002026,74.125.24.0-255,7156,284452,19,312227
15239,0.002029,74.125.24.0-255,2902,287354,19,312227
15240,0.002034,172.31.36.0-255,66,287420,19,312227
15241,0.00208,74.125.24.0-255,4320,291740,19,312227
15242,0.002093,74.125.24.0-255,2902,294642,19,312227
15243,0.002123,172.31.36.0-255,66,294708,19,312227
15244,0.002128,172.31.36.0-255,66,294774,19,312227
15245,0.002171,74.125.24.0-255,9992,304766,19,312227
15246,0.002185,74.125.24.0-255,5738,310504,19,312227
15247,0.002193,74.125.24.0-255,1315,311819,19,312227
15248,0.002209,172.31.36.0-255,66,311885,19,312227
15249,0.002212,74.125.24.0-255,105,311990,19,312227
15250,0.004192,172.31.36.0-255,66,312056,19,312227
15251,0.004225,172.31.36.0-255,105,312161,19,312227
15252,0.006767,74.125.24.0-255,66,312227,19,312227
15253,0.0,172.217.194.0-255,153,153,19,213672
15254,3.6e-05,172.31.36.0-255,66,219,19,213672
15255,4.4e-05,172.217.194.0-255,1484,1703,19,213672
15256,4.8e-05,172.31.36.0-255,66,1769,19,213672
15257,5.4e-05,172.217.194.0-255,2902,4671,19,213672
15258,5.7e-05,172.31.36.0-255,66,4737,19,213672
15259,6.4e-05,172.217.194.0-255,7156,11893,19,213672
15260,6.7e-05,172.31.36.0-255,66,11959,19,213672
15261,9.3e-05,172.217.194.0-255,2048,14007,19,213672
15262,9.5e-05,172.31.36.0-255,66,14073,19,213672
15263,0.000108,172.217.194.0-255,2902,16975,19,213672
15264,0.000111,172.31.36.0-255,66,17041,19,213672
15265,0.000116,172.217.194.0-255,2902,19943,19,213672
15266,0.000118,172.31.36.0-255,66,20009,19,213672
15267,0.000145,172.217.194.0-255,4320,24329,19,213672
15268,0.000147,172.31.36.0-255,66,24395,19,213672
15269,0.000154,172.217.194.0-255,6797,31192,19,213672
15270,0.000156,172.31.36.0-255,66,31258,19,213672
15271,0.000353,172.217.194.0-255,1484,32742,19,213672
15272,0.000358,172.31.36.0-255,66,32808,19,213672
15273,0.000362,172.217.194.0-255,1484,34292,19,213672
15274,0.000365,172.31.36.0-255,66,34358,19,213672
15275,0.000381,172.217.194.0-255,1484,35842,19,213672
15276,0.000384,172.31.36.0-255,66,35908,19,213672
15277,0.000392,172.217.194.0-255,5738,41646,19,213672
15278,0.000394,172.31.36.0-255,66,41712,19,213672
15279,0.000403,172.217.194.0-255,9633,51345,19,213672
15280,0.000405,172.31.36.0-255,66,51411,19,213672
15281,0.000451,172.217.194.0-255,4320,55731,19,213672
15282,0.000454,172.31.36.0-255,66,55797,19,213672
15283,0.000476,172.217.194.0-255,9633,65430,19,213672
15284,0.000479,172.31.36.0-255,66,65496,19,213672
15285,0.000699,172.217.194.0-255,646,66142,19,213672
15286,0.000802,172.217.194.0-255,1484,67626,19,213672
15287,0.000805,172.31.36.0-255,66,67692,19,213672
15288,0.000811,172.217.194.0-255,2902,70594,19,213672
15289,0.000813,172.31.36.0-255,66,70660,19,213672
15290,0.000831,172.217.194.0-255,5738,76398,19,213672
15291,0.000834,172.31.36.0-255,66,76464,19,213672
15292,0.000867,172.31.36.0-255,66,76530,19,213672
15293,0.000877,172.217.194.0-255,10692,87222,19,213672
15294,0.00088,172.31.36.0-255,66,87288,19,213672
15295,0.001751,172.217.194.0-255,1484,88772,19,213672
15296,0.001762,172.217.194.0-255,2902,91674,19,213672
15297,0.001768,172.31.36.0-255,66,91740,19,213672
15298,0.001776,172.217.194.0-255,5738,97478,19,213672
15299,0.001778,172.31.36.0-255,66,97544,19,213672
15300,0.001811,172.217.194.0-255,2902,100446,19,213672
15301,0.001813,172.31.36.0-255,66,100512,19,213672
15302,0.00185,172.217.194.0-255,9992,110504,19,213672
15303,0.001852,172.31.36.0-255,66,110570,19,213672
15304,0.001861,172.217.194.0-255,10692,121262,19,213672
15305,0.001863,172.31.36.0-255,66,121328,19,213672
15306,0.002269,172.217.194.0-255,1484,122812,19,213672
15307,0.002282,172.217.194.0-255,2902,125714,19,213672
15308,0.002284,172.31.36.0-255,66,125780,19,213672
15309,0.002307,172.217.194.0-255,5738,131518,19,213672
15310,0.002309,172.31.36.0-255,66,131584,19,213672
15311,0.002323,172.217.194.0-255,2902,134486,19,213672
15312,0.002325,172.31.36.0-255,66,134552,19,213672
15313,0.002357,172.217.194.0-255,9992,144544,19,213672
15314,0.002359,172.31.36.0-255,66,144610,19,213672
15315,0.002374,172.217.194.0-255,1484,146094,19,213672
15316,0.002392,172.217.194.0-255,9274,155368,19,213672
15317,0.002396,172.31.36.0-255,66,155434,19,213672
15318,0.002408,172.217.194.0-255,1484,156918,19,213672
15319,0.00243,172.217.194.0-255,9992,166910,19,213672
15320,0.002433,172.31.36.0-255,66,166976,19,213672
15321,0.002437,172.217.194.0-255,2902,169878,19,213672
15322,0.002439,172.31.36.0-255,66,169944,19,213672
15323,0.002453,172.217.194.0-255,2902,172846,19,213672
15324,0.002455,172.31.36.0-255,66,172912,19,213672
15325,0.004795,172.217.194.0-255,2902,175814,19,213672
15326,0.0048,172.31.36.0-255,66,175880,19,213672
15327,0.004839,172.217.194.0-255,2902,178782,19,213672
15328,0.004842,172.31.36.0-255,66,178848,19,213672
15329,0.007213,172.217.194.0-255,5738,184586,19,213672
15330,0.007222,172.31.36.0-255,66,184652,19,213672
15331,0.00962,172.217.194.0-255,5738,190390,19,213672
15332,0.009633,172.31.36.0-255,66,190456,19,213672
15333,0.012006,172.217.194.0-255,5738,196194,19,213672
15334,0.01202,172.31.36.0-255,66,196260,19,213672
15335,0.014411,172.217.194.0-255,5738,201998,19,213672
15336,0.014432,172.31.36.0-255,66,202064,19,213672
15337,0.016831,172.217.194.0-255,5738,207802,19,213672
15338,0.01685,172.31.36.0-255,66,207868,19,213672
15339,0.019215,172.217.194.0-255,5738,213606,19,213672
15340,0.019226,172.31.36.0-255,66,213672,19,213672
15341,0.0,172.217.160.0-255,153,153,19,98588
15342,2e-05,172.31.36.0-255,66,219,19,98588
15343,2.8e-05,172.217.160.0-255,1484,1703,19,98588
15344,3.3e-05,172.31.36.0-255,66,1769,19,98588
15345,3.9e-05,172.217.160.0-255,2902,4671,19,98588
15346,4.3e-05,172.31.36.0-255,66,4737,19,98588
15347,0.000124,172.217.160.0-255,4320,9057,19,98588
15348,0.000128,172.31.36.0-255,66,9123,19,98588
15349,0.000146,172.217.160.0-255,2902,12025,19,98588
15350,0.00015,172.31.36.0-255,66,12091,19,98588
15351,0.000344,172.217.160.0-255,7638,19729,19,98588
15352,0.000351,172.31.36.0-255,66,19795,19,98588
15353,0.000577,172.217.160.0-255,7156,26951,19,98588
15354,0.000582,172.31.36.0-255,66,27017,19,98588
15355,0.000601,172.217.160.0-255,3961,30978,19,98588
15356,0.000604,172.31.36.0-255,66,31044,19,98588
15357,0.000918,172.217.160.0-255,5738,36782,19,98588
15358,0.000924,172.31.36.0-255,66,36848,19,98588
15359,0.000962,172.31.36.0-255,66,36914,19,98588
15360,0.001619,172.31.36.0-255,66,36980,19,98588
15361,0.001929,172.217.160.0-255,402,37382,19,98588
15362,0.001932,172.31.36.0-255,66,37448,19,98588
15363,0.001952,172.217.160.0-255,2902,40350,19,98588
15364,0.001954,172.31.36.0-255,66,40416,19,98588
15365,0.001982,172.31.36.0-255,66,40482,19,98588
15366,0.00239,172.217.160.0-255,5738,46220,19,98588
15367,0.002393,172.31.36.0-255,66,46286,19,98588
15368,0.002425,172.31.36.0-255,66,46352,19,98588
15369,0.004047,172.217.160.0-255,5738,52090,19,98588
15370,0.004377,172.31.36.0-255,66,52156,19,98588
15371,0.005995,172.217.160.0-255,5738,57894,19,98588
15372,0.006001,172.31.36.0-255,66,57960,19,98588
15373,0.007623,172.217.160.0-255,5738,63698,19,98588
15374,0.00763,172.31.36.0-255,66,63764,19,98588
15375,0.009259,172.217.160.0-255,5738,69502,19,98588
15376,0.009266,172.31.36.0-255,66,69568,19,98588
15377,0.010893,172.217.160.0-255,5738,75306,19,98588
15378,0.010901,172.31.36.0-255,66,75372,19,98588
15379,0.012573,172.217.160.0-255,5738,81110,19,98588
15380,0.01343,172.31.36.0-255,66,81176,19,98588
15381,0.015072,172.217.160.0-255,5738,86914,19,98588
15382,0.01508,172.31.36.0-255,66,86980,19,98588
15383,0.0167,172.217.160.0-255,5738,92718,19,98588
15384,0.017042,172.31.36.0-255,66,92784,19,98588
15385,0.01868,172.217.160.0-255,5738,98522,19,98588
15386,0.018688,172.31.36.0-255,66,98588,19,98588
15387,0.0,74.125.68.0-255,146,146,19,294179
15388,1.8e-05,172.31.36.0-255,66,212,19,294179
15389,2.5e-05,74.125.68.0-255,1484,1696,19,294179
15390,2.9e-05,172.31.36.0-255,66,1762,19,294179
15391,3.7e-05,74.125.68.0-255,2902,4664,19,294179
15392,4.7e-05,172.31.36.0-255,66,4730,19,294179
15393,5.6e-05,74.125.68.0-255,7156,11886,19,294179
15394,5.9e-05,172.31.36.0-255,66,11952,19,294179
15395,6.5e-05,74.125.68.0-255,2076,14028,19,294179
15396,6.8e-05,172.31.36.0-255,66,14094,19,294179
15397,0.000109,74.125.68.0-255,1484,15578,19,294179
15398,0.000112,172.31.36.0-255,66,15644,19,294179
15399,0.000118,74.125.68.0-255,2902,18546,19,294179
15400,0.00012,172.31.36.0-255,66,18612,19,294179
15401,0.00015,74.125.68.0-255,5738,24350,19,294179
15402,0.000152,172.31.36.0-255,66,24416,19,294179
15403,0.000157,74.125.68.0-255,2902,27318,19,294179
15404,0.000159,172.31.36.0-255,66,27384,19,294179
15405,0.000197,74.125.68.0-255,3961,31345,19,294179
15406,0.0002,172.31.36.0-255,66,31411,19,294179
15407,0.000252,74.125.68.0-255,1484,32895,19,294179
15408,0.000254,172.31.36.0-255,66,32961,19,294179
15409,0.000258,74.125.68.0-255,1484,34445,19,294179
15410,0.00026,172.31.36.0-255,66,34511,19,294179
15411,0.000292,74.125.68.0-255,1484,35995,19,294179
15412,0.000295,172.31.36.0-255,66,36061,19,294179
15413,0.000302,74.125.68.0-255,5738,41799,19,294179
15414,0.000305,172.31.36.0-255,66,41865,19,294179
15415,0.000314,74.125.68.0-255,2902,44767,19,294179
15416,0.000316,172.31.36.0-255,66,44833,19,294179
15417,0.000321,74.125.68.0-255,3961,48794,19,294179
15418,0.000323,172.31.36.0-255,66,48860,19,294179
15419,0.000358,74.125.68.0-255,8574,57434,19,294179
15420,0.000363,74.125.68.0-255,2902,60336,19,294179
15421,0.000412,74.125.68.0-255,4320,64656,19,294179
15422,0.000424,74.125.68.0-255,1423,66079,19,294179
15423,0.000427,74.125.68.0-255,380,66459,19,294179
15424,0.000516,74.125.68.0-255,1484,67943,19,294179
15425,0.000522,74.125.68.0-255,2902,70845,19,294179
15426,0.000546,74.125.68.0-255,5738,76583,19,294179
15427,0.000551,74.125.68.0-255,2902,79485,19,294179
15428,0.000586,74.125.68.0-255,1484,80969,19,294179
15429,0.000618,74.125.68.0-255,9633,90602,19,294179
15430,0.000624,74.125.68.0-255,4320,94922,19,294179
15431,0.00066,74.125.68.0-255,5379,100301,19,294179
15432,0.000722,172.31.36.0-255,66,100367,19,294179
15433,0.000864,74.125.68.0-255,1484,101851,19,294179
15434,0.000879,74.125.68.0-255,2902,104753,19,294179
15435,0.000897,74.125.68.0-255,4320,109073,19,294179
15436,0.000904,172.31.36.0-255,66,109139,19,294179
15437,0.000916,74.125.68.0-255,1484,110623,19,294179
15438,0.000925,74.125.68.0-255,2902,113525,19,294179
15439,0.000931,74.125.68.0-255,4320,117845,19,294179
15440,0.000935,74.125.68.0-255,2902,120747,19,294179
15441,0.000957,74.125.68.0-255,5738,126485,19,294179
15442,0.000963,74.125.68.0-255,4320,130805,19,294179
15443,0.000967,172.31.36.0-255,66,130871,19,294179
15444,0.000975,74.125.68.0-255,2902,133773,19,294179
15445,0.001018,172.31.36.0-255,66,133839,19,294179
15446,0.001026,74.125.68.0-255,766,134605,19,294179
15447,0.001075,74.125.68.0-255,1484,136089,19,294179
15448,0.001085,172.31.36.0-255,66,136155,19,294179
15449,0.001095,74.125.68.0-255,2902,139057,19,294179
15450,0.001114,74.125.68.0-255,5738,144795,19,294179
15451,0.001124,172.31.36.0-255,66,144861,19,294179
15452,0.001159,74.125.68.0-255,7156,152017,19,294179
15453,0.001165,74.125.68.0-255,4320,156337,19,294179
15454,0.001176,172.31.36.0-255,66,156403,19,294179
15455,0.001195,74.125.68.0-255,8574,164977,19,294179
15456,0.001215,172.31.36.0-255,66,165043,19,294179
15457,0.001233,74.125.68.0-255,3602,168645,19,294179
15458,0.001259,74.125.68.0-255,4320,172965,19,294179
15459,0.001262,74.125.68.0-255,2902,175867,19,294179
15460,0.001266,172.31.36.0-255,66,175933,19,294179
15461,0.001271,172.31.36.0-255,66,175999,19,294179
15462,0.001299,74.125.68.0-255,4320,180319,19,294179
15463,0.001313,74.125.68.0-255,8574,188893,19,294179
15464,0.001318,74.125.68.0-255,2902,191795,19,294179
15465,0.00133,74.125.68.0-255,1484,193279,19,294179
15466,0.001336,74.125.68.0-255,5738,199017,19,294179
15467,0.001351,172.31.36.0-255,66,199083,19,294179
15468,0.001363,74.125.68.0-255,1484,200567,19,294179
15469,0.001386,74.125.68.0-255,2184,202751,19,294179
15470,0.001399,172.31.36.0-255,66,202817,19,294179
15471,0.002156,74.125.68.0-255,1484,204301,19,294179
15472,0.002179,74.125.68.0-255,2902,207203,19,294179
15473,0.002184,172.31.36.0-255,66,207269,19,294179
15474,0.002189,74.125.68.0-255,2902,210171,19,294179
15475,0.002218,74.125.68.0-255,2902,213073,19,294179
15476,0.002224,74.125.68.0-255,7156,220229,19,294179
15477,0.002228,172.31.36.0-255,66,220295,19,294179
15478,0.002233,172.31.36.0-255,66,220361,19,294179
15479,0.002259,74.125.68.0-255,7156,227517,19,294179
15480,0.00228,74.125.68.0-255,5738,233255,19,294179
15481,0.002296,74.125.68.0-255,3602,236857,19,294179
15482,0.002304,172.31.36.0-255,66,236923,19,294179
15483,0.00233,74.125.68.0-255,4320,241243,19,294179
15484,0.002334,74.125.68.0-255,1484,242727,19,294179
15485,0.002339,172.31.36.0-255,66,242793,19,294179
15486,0.002348,74.125.68.0-255,2902,245695,19,294179
15487,0.002353,172.31.36.0-255,66,245761,19,294179
15488,0.002385,74.125.68.0-255,5738,251499,19,294179
15489,0.002398,172.31.36.0-255,66,251565,19,294179
15490,0.002425,74.125.68.0-255,9992,261557,19,294179
15491,0.002447,74.125.68.0-255,5738,267295,19,294179
15492,0.002466,74.125.68.0-255,3602,270897,19,294179
15493,0.008453,172.31.36.0-255,66,270963,19,294179
15494,0.01097,74.125.68.0-255,5738,276701,19,294179
15495,0.01098,172.31.36.0-255,66,276767,19,294179
15496,0.013496,74.125.68.0-255,5738,282505,19,294179
15497,0.013505,172.31.36.0-255,66,282571,19,294179
15498,0.01603,74.125.68.0-255,5738,288309,19,294179
15499,0.01604,172.31.36.0-255,66,288375,19,294179
15500,0.018563,74.125.68.0-255,5738,294113,19,294179
15501,0.018571,172.31.36.0-255,66,294179,19,294179
15502,0.0,74.125.24.0-255,298,298,19,144708
15503,2.4e-05,172.31.36.0-255,66,364,19,144708
15504,3.1e-05,74.125.24.0-255,1484,1848,19,144708
15505,3.5e-05,172.31.36.0-255,66,1914,19,144708
15506,4.2e-05,74.125.24.0-255,4320,6234,19,144708
15507,4.6e-05,172.31.36.0-255,66,6300,19,144708
15508,5.1e-05,74.125.24.0-255,4320,10620,19,144708
15509,5.4e-05,172.31.36.0-255,66,10686,19,144708
15510,6.6e-05,74.125.24.0-255,10318,21004,19,144708
15511,6.9e-05,172.31.36.0-255,66,21070,19,144708
15512,0.000106,74.125.24.0-255,9633,30703,19,144708
15513,0.000109,172.31.36.0-255,66,30769,19,144708
15514,0.000513,74.125.24.0-255,1484,32253,19,144708
15515,0.000519,172.31.36.0-255,66,32319,19,144708
15516,0.000526,74.125.24.0-255,2902,35221,19,144708
15517,0.000528,172.31.36.0-255,66,35287,19,144708
15518,0.000535,74.125.24.0-255,5738,41025,19,144708
15519,0.000538,172.31.36.0-255,66,41091,19,144708
15520,0.000576,74.125.24.0-255,5738,46829,19,144708
15521,0.000579,172.31.36.0-255,66,46895,19,144708
15522,0.000602,74.125.24.0-255,8215,55110,19,144708
15523,0.000611,74.125.24.0-255,9633,64743,19,144708
15524,0.000616,172.31.36.0-255,66,64809,19,144708
15525,0.000624,172.31.36.0-255,66,64875,19,144708
15526,0.001234,74.125.24.0-255,1484,66359,19,144708
15527,0.001241,172.31.36.0-255,66,66425,19,144708
15528,0.001249,74.125.24.0-255,2902,69327,19,144708
15529,0.001251,172.31.36.0-255,66,69393,19,144708
15530,0.001259,74.125.24.0-255,5738,75131,19,144708
15531,0.001261,172.31.36.0-255,66,75197,19,144708
15532,0.001268,74.125.24.0-255,2902,78099,19,144708
15533,0.00127,172.31.36.0-255,66,78165,19,144708
15534,0.001299,74.125.24.0-255,1484,79649,19,144708
15535,0.001324,74.125.24.0-255,9633,89282,19,144708
15536,0.001326,172.31.36.0-255,66,89348,19,144708
15537,0.001336,74.125.24.0-255,10214,99562,19,144708
15538,0.001338,172.31.36.0-255,66,99628,19,144708
15539,0.003635,74.125.24.0-255,5738,105366,19,144708
15540,0.003643,172.31.36.0-255,66,105432,19,144708
15541,0.005955,74.125.24.0-255,4320,109752,19,144708
15542,0.005961,172.31.36.0-255,66,109818,19,144708
15543,0.006,74.125.24.0-255,1484,111302,19,144708
15544,0.008283,74.125.24.0-255,4320,115622,19,144708
15545,0.00829,172.31.36.0-255,66,115688,19,144708
15546,0.010592,74.125.24.0-255,5738,121426,19,144708
15547,0.010598,172.31.36.0-255,66,121492,19,144708
15548,0.012924,74.125.24.0-255,5738,127230,19,144708
15549,0.012932,172.31.36.0-255,66,127296,19,144708
15550,0.015242,74.125.24.0-255,5738,133034,19,144708
15551,0.015251,172.31.36.0-255,66,133100,19,144708
15552,0.017569,74.125.24.0-255,5738,138838,19,144708
15553,0.017577,172.31.36.0-255,66,138904,19,144708
15554,0.019914,74.125.24.0-255,5738,144642,19,144708
15555,0.019922,172.31.36.0-255,66,144708,19,144708
15556,0.0,172.217.194.0-255,150,150,19,103752
15557,2.9e-05,172.31.36.0-255,66,216,19,103752
15558,3.6e-05,172.217.194.0-255,1484,1700,19,103752
15559,3.9e-05,172.31.36.0-255,66,1766,19,103752
15560,4.4e-05,172.217.194.0-255,2902,4668,19,103752
15561,4.6e-05,172.31.36.0-255,66,4734,19,103752
15562,8.7e-05,172.217.194.0-255,5738,10472,19,103752
15563,9.1e-05,172.31.36.0-255,66,10538,19,103752
15564,0.000147,172.217.194.0-255,3477,14015,19,103752
15565,0.000151,172.31.36.0-255,66,14081,19,103752
15566,0.000374,172.217.194.0-255,1484,15565,19,103752
15567,0.000379,172.31.36.0-255,66,15631,19,103752
15568,0.000385,172.217.194.0-255,2902,18533,19,103752
15569,0.000388,172.31.36.0-255,66,18599,19,103752
15570,0.000394,172.217.194.0-255,5738,24337,19,103752
15571,0.000396,172.31.36.0-255,66,24403,19,103752
15572,0.000402,172.217.194.0-255,4320,28723,19,103752
15573,0.000404,172.31.36.0-255,66,28789,19,103752
15574,0.000424,172.217.194.0-255,2543,31332,19,103752
15575,0.000427,172.31.36.0-255,66,31398,19,103752
15576,0.000478,172.217.194.0-255,9992,41390,19,103752
15577,0.000482,172.31.36.0-255,66,41456,19,103752
15578,0.000495,172.217.194.0-255,1484,42940,19,103752
15579,0.000497,172.31.36.0-255,66,43006,19,103752
15580,0.000504,172.217.194.0-255,5738,48744,19,103752
15581,0.000507,172.31.36.0-255,66,48810,19,103752
15582,0.000534,172.217.194.0-255,7156,55966,19,103752
15583,0.000537,172.31.36.0-255,66,56032,19,103752
15584,0.000558,172.217.194.0-255,5738,61770,19,103752
15585,0.000562,172.31.36.0-255,66,61836,19,103752
15586,0.000575,172.217.194.0-255,3602,65438,19,103752
15587,0.000578,172.31.36.0-255,66,65504,19,103752
15588,0.001395,172.217.194.0-255,342,65846,19,103752
15589,0.001434,172.217.194.0-255,114,65960,19,103752
15590,0.003212,172.217.194.0-255,2902,68862,19,103752
15591,0.003218,172.31.36.0-255,66,68928,19,103752
15592,0.005902,172.217.194.0-255,5738,74666,19,103752
15593,0.005939,172.31.36.0-255,66,74732,19,103752
15594,0.008625,172.217.194.0-255,5738,80470,19,103752
15595,0.008633,172.31.36.0-255,66,80536,19,103752
15596,0.011282,172.217.194.0-255,5738,86274,19,103752
15597,0.011288,172.31.36.0-255,66,86340,19,103752
15598,0.013954,172.217.194.0-255,5738,92078,19,103752
15599,0.013965,172.31.36.0-255,66,92144,19,103752
15600,0.016611,172.217.194.0-255,5738,97882,19,103752
15601,0.016619,172.31.36.0-255,66,97948,19,103752
15602,0.019304,172.217.194.0-255,5738,103686,19,103752
15603,0.019312,172.31.36.0-255,66,103752,19,103752
15604,0.0,74.125.24.0-255,146,146,19,279680
15605,2.1e-05,172.31.36.0-255,66,212,19,279680
15606,2.8e-05,74.125.24.0-255,1484,1696,19,279680
15607,3.3e-05,172.31.36.0-255,66,1762,19,279680
15608,3.9e-05,74.125.24.0-255,2902,4664,19,279680
15609,4.2e-05,172.31.36.0-255,66,4730,19,279680
15610,5.1e-05,74.125.24.0-255,7156,11886,19,279680
15611,5.3e-05,172.31.36.0-255,66,11952,19,279680
15612,5.7e-05,74.125.24.0-255,2010,13962,19,279680
15613,5.9e-05,172.31.36.0-255,66,14028,19,279680
15614,8.6e-05,74.125.24.0-255,2902,16930,19,279680
15615,8.8e-05,172.31.36.0-255,66,16996,19,279680
15616,0.000111,74.125.24.0-255,7156,24152,19,279680
15617,0.000113,172.31.36.0-255,66,24218,19,279680
15618,0.000176,74.125.24.0-255,6797,31015,19,279680
15619,0.000179,172.31.36.0-255,66,31081,19,279680
15620,0.000208,74.125.24.0-255,1484,32565,19,279680
15621,0.00021,172.31.36.0-255,66,32631,19,279680
15622,0.000215,74.125.24.0-255,2902,35533,19,279680
15623,0.000217,172.31.36.0-255,66,35599,19,279680
15624,0.000247,74.125.24.0-255,5738,41337,19,279680
15625,0.00025,172.31.36.0-255,66,41403,19,279680
15626,0.000282,172.31.36.0-255,66,41469,19,279680
15627,0.000322,74.125.24.0-255,9964,51433,19,279680
15628,0.000326,172.31.36.0-255,66,51499,19,279680
15629,0.000344,74.125.24.0-255,379,51878,19,279680
15630,0.000346,172.31.36.0-255,66,51944,19,279680
15631,0.00057,74.125.24.0-255,1484,53428,19,279680
15632,0.000575,172.31.36.0-255,66,53494,19,279680
15633,0.000581,74.125.24.0-255,2902,56396,19,279680
15634,0.000584,172.31.36.0-255,66,56462,19,279680
15635,0.00059,74.125.24.0-255,5738,62200,19,279680
15636,0.000592,172.31.36.0-255,66,62266,19,279680
15637,0.000643,172.31.36.0-255,66,62332,19,279680
15638,0.000651,74.125.24.0-255,8574,70906,19,279680
15639,0.000654,172.31.36.0-255,66,70972,19,279680
15640,0.000675,74.125.24.0-255,2184,73156,19,279680
15641,0.000678,172.31.36.0-255,66,73222,19,279680
15642,0.000814,74.125.24.0-255,1484,74706,19,279680
15643,0.000822,74.125.24.0-255,2902,77608,19,279680
15644,0.000824,172.31.36.0-255,66,77674,19,279680
15645,0.00086,74.125.24.0-255,5738,83412,19,279680
15646,0.000864,172.31.36.0-255,66,83478,19,279680
15647,0.000873,74.125.24.0-255,7156,90634,19,279680
15648,0.000875,172.31.36.0-255,66,90700,19,279680
15649,0.000906,74.125.24.0-255,8574,99274,19,279680
15650,0.000909,172.31.36.0-255,66,99340,19,279680
15651,0.000959,74.125.24.0-255,7856,107196,19,279680
15652,0.000962,172.31.36.0-255,66,107262,19,279680
15653,0.000967,74.125.24.0-255,2902,110164,19,279680
15654,0.00097,172.31.36.0-255,66,110230,19,279680
15655,0.000992,74.125.24.0-255,4320,114550,19,279680
15656,0.000995,172.31.36.0-255,66,114616,19,279680
15657,0.001003,74.125.24.0-255,8574,123190,19,279680
15658,0.001006,172.31.36.0-255,66,123256,19,279680
15659,0.00101,74.125.24.0-255,2902,126158,19,279680
15660,0.001011,172.31.36.0-255,66,126224,19,279680
15661,0.001049,172.31.36.0-255,66,126290,19,279680
15662,0.001052,74.125.24.0-255,766,127056,19,279680
15663,0.001097,74.125.24.0-255,1484,128540,19,279680
15664,0.0011,172.31.36.0-255,66,128606,19,279680
15665,0.001105,74.125.24.0-255,2902,131508,19,279680
15666,0.001107,172.31.36.0-255,66,131574,19,279680
15667,0.00111,74.125.24.0-255,1484,133058,19,279680
15668,0.00114,74.125.24.0-255,4320,137378,19,279680
15669,0.001143,172.31.36.0-255,66,137444,19,279680
15670,0.001149,74.125.24.0-255,4320,141764,19,279680
15671,0.001151,172.31.36.0-255,66,141830,19,279680
15672,0.001165,172.31.36.0-255,66,141896,19,279680
15673,0.001199,74.125.24.0-255,7856,149752,19,279680
15674,0.001202,172.31.36.0-255,66,149818,19,279680
15675,0.001458,74.125.24.0-255,1484,151302,19,279680
15676,0.001464,74.125.24.0-255,2902,154204,19,279680
15677,0.001467,172.31.36.0-255,66,154270,19,279680
15678,0.001486,74.125.24.0-255,2902,157172,19,279680
15679,0.001488,172.31.36.0-255,66,157238,19,279680
15680,0.001491,74.125.24.0-255,1484,158722,19,279680
15681,0.001512,74.125.24.0-255,2902,161624,19,279680
15682,0.001514,172.31.36.0-255,66,161690,19,279680
15683,0.001521,74.125.24.0-255,4320,166010,19,279680
15684,0.001523,172.31.36.0-255,66,166076,19,279680
15685,0.001538,74.125.24.0-255,4320,170396,19,279680
15686,0.00154,172.31.36.0-255,66,170462,19,279680
15687,0.001565,74.125.24.0-255,4320,174782,19,279680
15688,0.001567,172.31.36.0-255,66,174848,19,279680
15689,0.001589,74.125.24.0-255,9274,184122,19,279680
15690,0.001592,172.31.36.0-255,66,184188,19,279680
15691,0.001611,74.125.24.0-255,1484,185672,19,279680
15692,0.001617,74.125.24.0-255,2902,188574,19,279680
15693,0.001619,172.31.36.0-255,66,188640,19,279680
15694,0.001625,74.125.24.0-255,4320,192960,19,279680
15695,0.001627,172.31.36.0-255,66,193026,19,279680
15696,0.00164,74.125.24.0-255,1484,194510,19,279680
15697,0.001673,172.31.36.0-255,66,194576,19,279680
15698,0.0017,74.125.24.0-255,10692,205268,19,279680
15699,0.001703,172.31.36.0-255,66,205334,19,279680
15700,0.001762,74.125.24.0-255,1484,206818,19,279680
15701,0.00178,74.125.24.0-255,2902,209720,19,279680
15702,0.001783,172.31.36.0-255,66,209786,19,279680
15703,0.001791,74.125.24.0-255,5738,215524,19,279680
15704,0.001793,172.31.36.0-255,66,215590,19,279680
15705,0.001817,74.125.24.0-255,2902,218492,19,279680
15706,0.001819,172.31.36.0-255,66,218558,19,279680
15707,0.001851,74.125.24.0-255,9992,228550,19,279680
15708,0.001854,172.31.36.0-255,66,228616,19,279680
15709,0.00186,74.125.24.0-255,5738,234354,19,279680
15710,0.001863,172.31.36.0-255,66,234420,19,279680
15711,0.001881,74.125.24.0-255,1484,235904,19,279680
15712,0.001894,74.125.24.0-255,3602,239506,19,279680
15713,0.001897,172.31.36.0-255,66,239572,19,279680
15714,0.001957,74.125.24.0-255,4320,243892,19,279680
15715,0.001961,172.31.36.0-255,66,243958,19,279680
15716,0.001977,74.125.24.0-255,1484,245442,19,279680
15717,0.001982,74.125.24.0-255,4320,249762,19,279680
15718,0.001998,74.125.24.0-255,7156,256918,19,279680
15719,0.002041,74.125.24.0-255,5020,261938,19,279680
15720,0.011088,74.125.24.0-255,1484,263422,19,279680
15721,0.013083,172.31.36.0-255,66,263488,19,279680
15722,0.01309,172.31.36.0-255,66,263554,19,279680
15723,0.013094,172.31.36.0-255,66,263620,19,279680
15724,0.013107,172.31.36.0-255,66,263686,19,279680
15725,0.015131,74.125.24.0-255,4320,268006,19,279680
15726,0.015138,172.31.36.0-255,66,268072,19,279680
15727,0.017163,74.125.24.0-255,5738,273810,19,279680
15728,0.017168,172.31.36.0-255,66,273876,19,279680
15729,0.019198,74.125.24.0-255,5738,279614,19,279680
15730,0.019205,172.31.36.0-255,66,279680,19,279680
15731,0.0,172.31.36.0-255,105,105,19,276
15732,0.001539,157.240.13.0-255,105,210,19,276
15733,0.001554,172.31.36.0-255,66,276,19,276
15734,0.0,74.125.24.0-255,155,155,19,150321
15735,3e-05,172.31.36.0-255,66,221,19,150321
15736,3.7e-05,74.125.24.0-255,1484,1705,19,150321
15737,4.1e-05,172.31.36.0-255,66,1771,19,150321
15738,4.5e-05,74.125.24.0-255,2902,4673,19,150321
15739,4.8e-05,172.31.36.0-255,66,4739,19,150321
15740,5.5e-05,74.125.24.0-255,5738,10477,19,150321
15741,5.7e-05,172.31.36.0-255,66,10543,19,150321
15742,8.2e-05,74.125.24.0-255,3411,13954,19,150321
15743,8.5e-05,172.31.36.0-255,66,14020,19,150321
15744,0.000137,74.125.24.0-255,4320,18340,19,150321
15745,0.000141,172.31.36.0-255,66,18406,19,150321
15746,0.00015,74.125.24.0-255,9992,28398,19,150321
15747,0.000152,172.31.36.0-255,66,28464,19,150321
15748,0.000168,74.125.24.0-255,2543,31007,19,150321
15749,0.000171,172.31.36.0-255,66,31073,19,150321
15750,0.000401,74.125.24.0-255,1484,32557,19,150321
15751,0.000405,172.31.36.0-255,66,32623,19,150321
15752,0.00041,74.125.24.0-255,2902,35525,19,150321
15753,0.000412,172.31.36.0-255,66,35591,19,150321
15754,0.000415,74.125.24.0-255,1484,37075,19,150321
15755,0.000417,172.31.36.0-255,66,37141,19,150321
15756,0.000439,74.125.24.0-255,4320,41461,19,150321
15757,0.000441,172.31.36.0-255,66,41527,19,150321
15758,0.000457,74.125.24.0-255,1484,43011,19,150321
15759,0.000461,172.31.36.0-255,66,43077,19,150321
15760,0.000476,74.125.24.0-255,1484,44561,19,150321
15761,0.000478,172.31.36.0-255,66,44627,19,150321
15762,0.0005,74.125.24.0-255,8215,52842,19,150321
15763,0.000504,172.31.36.0-255,66,52908,19,150321
15764,0.000512,74.125.24.0-255,8574,61482,19,150321
15765,0.000514,172.31.36.0-255,66,61548,19,150321
15766,0.000528,74.125.24.0-255,1484,63032,19,150321
15767,0.000532,74.125.24.0-255,2543,65575,19,150321
15768,0.000535,172.31.36.0-255,66,65641,19,150321
15769,0.000736,74.125.24.0-255,646,66287,19,150321
15770,0.000757,172.31.36.0-255,66,66353,19,150321
15771,0.002082,74.125.24.0-255,1484,67837,19,150321
15772,0.002093,74.125.24.0-255,2902,70739,19,150321
15773,0.002098,172.31.36.0-255,66,70805,19,150321
15774,0.002103,74.125.24.0-255,2902,73707,19,150321
15775,0.002105,172.31.36.0-255,66,73773,19,150321
15776,0.002121,74.125.24.0-255,2902,76675,19,150321
15777,0.002123,172.31.36.0-255,66,76741,19,150321
15778,0.002126,74.125.24.0-255,1484,78225,19,150321
15779,0.002162,172.31.36.0-255,66,78291,19,150321
15780,0.002171,74.125.24.0-255,10692,88983,19,150321
15781,0.002173,172.31.36.0-255,66,89049,19,150321
15782,0.0025,74.125.24.0-255,1484,90533,19,150321
15783,0.002516,74.125.24.0-255,2902,93435,19,150321
15784,0.002518,172.31.36.0-255,66,93501,19,150321
15785,0.002532,74.125.24.0-255,2902,96403,19,150321
15786,0.002534,172.31.36.0-255,66,96469,19,150321
15787,0.002554,74.125.24.0-255,2902,99371,19,150321
15788,0.002556,172.31.36.0-255,66,99437,19,150321
15789,0.00256,74.125.24.0-255,2902,102339,19,150321
15790,0.002562,172.31.36.0-255,66,102405,19,150321
15791,0.00258,74.125.24.0-255,1484,103889,19,150321
15792,0.002599,74.125.24.0-255,8574,112463,19,150321
15793,0.002603,172.31.36.0-255,66,112529,19,150321
15794,0.002607,74.125.24.0-255,2902,115431,19,150321
15795,0.002608,172.31.36.0-255,66,115497,19,150321
15796,0.005164,74.125.24.0-255,5738,121235,19,150321
15797,0.005171,172.31.36.0-255,66,121301,19,150321
15798,0.007747,74.125.24.0-255,5738,127039,19,150321
15799,0.007753,172.31.36.0-255,66,127105,19,150321
15800,0.010307,74.125.24.0-255,5738,132843,19,150321
15801,0.010315,172.31.36.0-255,66,132909,19,150321
15802,0.012888,74.125.24.0-255,5738,138647,19,150321
15803,0.012898,172.31.36.0-255,66,138713,19,150321
15804,0.015475,74.125.24.0-255,5738,144451,19,150321
15805,0.015484,172.31.36.0-255,66,144517,19,150321
15806,0.018071,74.125.24.0-255,5738,150255,19,150321
15807,0.018078,172.31.36.0-255,66,150321,19,150321
15808,0.0,74.125.200.0-255,156,156,19,116291
15809,2.4e-05,172.31.36.0-255,66,222,19,116291
15810,3.1e-05,74.125.200.0-255,1484,1706,19,116291
15811,3.6e-05,172.31.36.0-255,66,1772,19,116291
15812,5.1e-05,74.125.200.0-255,2902,4674,19,116291
15813,6.9e-05,172.31.36.0-255,66,4740,19,116291
15814,7.9e-05,74.125.200.0-255,7156,11896,19,116291
15815,8.4e-05,172.31.36.0-255,66,11962,19,116291
15816,8.8e-05,74.125.200.0-255,1985,13947,19,116291
15817,9.2e-05,172.31.36.0-255,66,14013,19,116291
15818,0.000133,74.125.200.0-255,2902,16915,19,116291
15819,0.000136,172.31.36.0-255,66,16981,19,116291
15820,0.000174,74.125.200.0-255,8574,25555,19,116291
15821,0.000177,172.31.36.0-255,66,25621,19,116291
15822,0.000182,74.125.200.0-255,2902,28523,19,116291
15823,0.000185,172.31.36.0-255,66,28589,19,116291
15824,0.00019,74.125.200.0-255,2543,31132,19,116291
15825,0.000192,172.31.36.0-255,66,31198,19,116291
15826,0.000997,74.125.200.0-255,1484,32682,19,116291
15827,0.001003,172.31.36.0-255,66,32748,19,116291
15828,0.001012,74.125.200.0-255,2902,35650,19,116291
15829,0.001022,172.31.36.0-255,66,35716,19,116291
15830,0.001026,74.125.200.0-255,1484,37200,19,116291
15831,0.001028,172.31.36.0-255,66,37266,19,116291
15832,0.001037,74.125.200.0-255,5738,43004,19,116291
15833,0.001039,172.31.36.0-255,66,43070,19,116291
15834,0.001068,74.125.200.0-255,4320,47390,19,116291
15835,0.001071,172.31.36.0-255,66,47456,19,116291
15836,0.001104,74.125.200.0-255,6797,54253,19,116291
15837,0.001106,172.31.36.0-255,66,54319,19,116291
15838,0.001124,172.31.36.0-255,66,54385,19,116291
15839,0.001618,74.125.200.0-255,1484,55869,19,116291
15840,0.00163,74.125.200.0-255,2902,58771,19,116291
15841,0.001646,172.31.36.0-255,66,58837,19,116291
15842,0.001653,74.125.200.0-255,4320,63157,19,116291
15843,0.001674,74.125.200.0-255,1484,64641,19,116291
15844,0.001677,74.125.200.0-255,1484,66125,19,116291
15845,0.001682,74.125.200.0-255,2902,69027,19,116291
15846,0.001706,74.125.200.0-255,5738,74765,19,116291
15847,0.001722,74.125.200.0-255,2902,77667,19,116291
15848,0.00174,74.125.200.0-255,2902,80569,19,116291
15849,0.001754,74.125.200.0-255,1484,82053,19,116291
15850,0.001775,74.125.200.0-255,5738,87791,19,116291
15851,0.001801,74.125.200.0-255,766,88557,19,116291
15852,0.007039,172.31.36.0-255,66,88623,19,116291
15853,0.009342,74.125.200.0-255,5738,94361,19,116291
15854,0.009349,172.31.36.0-255,66,94427,19,116291
15855,0.01166,74.125.200.0-255,5738,100165,19,116291
15856,0.011689,172.31.36.0-255,66,100231,19,116291
15857,0.013981,74.125.200.0-255,5738,105969,19,116291
15858,0.01399,172.31.36.0-255,66,106035,19,116291
15859,0.016281,74.125.200.0-255,4320,110355,19,116291
15860,0.01629,172.31.36.0-255,66,110421,19,116291
15861,0.01632,74.125.200.0-255,1484,111905,19,116291
15862,0.018578,74.125.200.0-255,4320,116225,19,116291
15863,0.018587,172.31.36.0-255,66,116291,19,116291
15864,0.0,74.125.24.0-255,143,143,19,329947
15865,2.8e-05,172.31.36.0-255,66,209,19,329947
15866,3.5e-05,74.125.24.0-255,1484,1693,19,329947
15867,3.9e-05,172.31.36.0-255,66,1759,19,329947
15868,4.4e-05,74.125.24.0-255,2902,4661,19,329947
15869,4.7e-05,172.31.36.0-255,66,4727,19,329947
15870,5.3e-05,74.125.24.0-255,5738,10465,19,329947
15871,5.5e-05,172.31.36.0-255,66,10531,19,329947
15872,6.3e-05,74.125.24.0-255,7156,17687,19,329947
15873,6.5e-05,172.31.36.0-255,66,17753,19,329947
15874,8.5e-05,74.125.24.0-255,3395,21148,19,329947
15875,8.7e-05,172.31.36.0-255,66,21214,19,329947
15876,9.7e-05,74.125.24.0-255,9633,30847,19,329947
15877,9.9e-05,172.31.36.0-255,66,30913,19,329947
15878,0.000143,74.125.24.0-255,1484,32397,19,329947
15879,0.000147,172.31.36.0-255,66,32463,19,329947
15880,0.000152,74.125.24.0-255,2902,35365,19,329947
15881,0.000154,172.31.36.0-255,66,35431,19,329947
15882,0.000161,74.125.24.0-255,5738,41169,19,329947
15883,0.000165,172.31.36.0-255,66,41235,19,329947
15884,0.000199,74.125.24.0-255,8574,49809,19,329947
15885,0.000203,172.31.36.0-255,66,49875,19,329947
15886,0.000222,74.125.24.0-255,3961,53836,19,329947
15887,0.000225,172.31.36.0-255,66,53902,19,329947
15888,0.000293,74.125.24.0-255,8574,62476,19,329947
15889,0.000297,172.31.36.0-255,66,62542,19,329947
15890,0.000317,74.125.24.0-255,2819,65361,19,329947
15891,0.00032,172.31.36.0-255,66,65427,19,329947
15892,0.000603,74.125.24.0-255,131,65558,19,329947
15893,0.000608,172.31.36.0-255,66,65624,19,329947
15894,0.000644,74.125.24.0-255,1484,67108,19,329947
15895,0.000647,172.31.36.0-255,66,67174,19,329947
15896,0.000652,74.125.24.0-255,2902,70076,19,329947
15897,0.000656,172.31.36.0-255,66,70142,19,329947
15898,0.000665,74.125.24.0-255,2902,73044,19,329947
15899,0.000668,172.31.36.0-255,66,73110,19,329947
15900,0.00069,74.125.24.0-255,4320,77430,19,329947
15901,0.000693,172.31.36.0-255,66,77496,19,329947
15902,0.000696,74.125.24.0-255,1484,78980,19,329947
15903,0.000725,172.31.36.0-255,66,79046,19,329947
15904,0.000729,74.125.24.0-255,1484,80530,19,329947
15905,0.000772,74.125.24.0-255,5300,85830,19,329947
15906,0.000775,172.31.36.0-255,66,85896,19,329947
15907,0.001208,74.125.24.0-255,1484,87380,19,329947
15908,0.001218,74.125.24.0-255,2902,90282,19,329947
15909,0.001222,172.31.36.0-255,66,90348,19,329947
15910,0.001228,74.125.24.0-255,4320,94668,19,329947
15911,0.00123,172.31.36.0-255,66,94734,19,329947
15912,0.001244,74.125.24.0-255,1484,96218,19,329947
15913,0.001249,74.125.24.0-255,4320,100538,19,329947
15914,0.001252,172.31.36.0-255,66,100604,19,329947
15915,0.001268,74.125.24.0-255,2902,103506,19,329947
15916,0.001271,172.31.36.0-255,66,103572,19,329947
15917,0.00128,74.125.24.0-255,8574,112146,19,329947
15918,0.001282,172.31.36.0-255,66,112212,19,329947
15919,0.001314,74.125.24.0-255,7856,120068,19,329947
15920,0.001318,172.31.36.0-255,66,120134,19,329947
15921,0.00138,74.125.24.0-255,7156,127290,19,329947
15922,0.001383,172.31.36.0-255,66,127356,19,329947
15923,0.001405,74.125.24.0-255,1484,128840,19,329947
15924,0.001412,74.125.24.0-255,5738,134578,19,329947
15925,0.001415,172.31.36.0-255,66,134644,19,329947
15926,0.00143,172.31.36.0-255,66,134710,19,329947
15927,0.001435,74.125.24.0-255,3602,138312,19,329947
15928,0.001438,172.31.36.0-255,66,138378,19,329947
15929,0.001478,74.125.24.0-255,1484,139862,19,329947
15930,0.001482,74.125.24.0-255,1484,141346,19,329947
15931,0.001485,172.31.36.0-255,66,141412,19,329947
15932,0.001498,74.125.24.0-255,1484,142896,19,329947
15933,0.001504,74.125.24.0-255,4320,147216,19,329947
15934,0.001507,172.31.36.0-255,66,147282,19,329947
15935,0.001526,74.125.24.0-255,1484,148766,19,329947
15936,0.001529,74.125.24.0-255,1484,150250,19,329947
15937,0.001532,172.31.36.0-255,66,150316,19,329947
15938,0.00154,74.125.24.0-255,8574,158890,19,329947
15939,0.001543,172.31.36.0-255,66,158956,19,329947
15940,0.001566,74.125.24.0-255,4320,163276,19,329947
15941,0.001569,172.31.36.0-255,66,163342,19,329947
15942,0.001597,74.125.24.0-255,9274,172616,19,329947
15943,0.0016,172.31.36.0-255,66,172682,19,329947
15944,0.001603,74.125.24.0-255,1484,174166,19,329947
15945,0.001621,74.125.24.0-255,2902,177068,19,329947
15946,0.001623,172.31.36.0-255,66,177134,19,329947
15947,0.00163,74.125.24.0-255,4320,181454,19,329947
15948,0.001633,172.31.36.0-255,66,181520,19,329947
15949,0.001646,74.125.24.0-255,1484,183004,19,329947
15950,0.001682,172.31.36.0-255,66,183070,19,329947
15951,0.001715,74.125.24.0-255,4320,187390,19,329947
15952,0.001719,172.31.36.0-255,66,187456,19,329947
15953,0.001739,74.125.24.0-255,6438,193894,19,329947
15954,0.001742,172.31.36.0-255,66,193960,19,329947
15955,0.001761,74.125.24.0-255,4320,198280,19,329947
15956,0.001764,172.31.36.0-255,66,198346,19,329947
15957,0.001782,74.125.24.0-255,1484,199830,19,329947
15958,0.001797,74.125.24.0-255,4320,204150,19,329947
15959,0.0018,172.31.36.0-255,66,204216,19,329947
15960,0.001824,74.125.24.0-255,8574,212790,19,329947
15961,0.001827,172.31.36.0-255,66,212856,19,329947
15962,0.001841,74.125.24.0-255,2902,215758,19,329947
15963,0.001844,172.31.36.0-255,66,215824,19,329947
15964,0.001861,172.31.36.0-255,66,215890,19,329947
15965,0.001865,74.125.24.0-255,1484,217374,19,329947
15966,0.001887,74.125.24.0-255,2902,220276,19,329947
15967,0.00189,172.31.36.0-255,66,220342,19,329947
15968,0.001898,74.125.24.0-255,5738,226080,19,329947
15969,0.001901,172.31.36.0-255,66,226146,19,329947
15970,0.001905,74.125.24.0-255,2902,229048,19,329947
15971,0.001907,172.31.36.0-255,66,229114,19,329947
15972,0.001943,74.125.24.0-255,9992,239106,19,329947
15973,0.001947,172.31.36.0-255,66,239172,19,329947
15974,0.001955,74.125.24.0-255,9992,249164,19,329947
15975,0.001957,172.31.36.0-255,66,249230,19,329947
15976,0.00197,74.125.24.0-255,1484,250714,19,329947
15977,0.00199,74.125.24.0-255,9274,259988,19,329947
15978,0.001992,172.31.36.0-255,66,260054,19,329947
15979,0.002017,172.31.36.0-255,66,260120,19,329947
15980,0.002075,172.31.36.0-255,66,260186,19,329947
15981,0.002078,74.125.24.0-255,1484,261670,19,329947
15982,0.002082,74.125.24.0-255,2902,264572,19,329947
15983,0.002084,172.31.36.0-255,66,264638,19,329947
15984,0.002087,74.125.24.0-255,1484,266122,19,329947
15985,0.002103,74.125.24.0-255,4320,270442,19,329947
15986,0.002105,172.31.36.0-255,66,270508,19,329947
15987,0.002108,74.125.24.0-255,1484,271992,19,329947
15988,0.002133,74.125.24.0-255,9992,281984,19,329947
15989,0.002135,172.31.36.0-255,66,282050,19,329947
15990,0.002153,74.125.24.0-255,1484,283534,19,329947
15991,0.00218,74.125.24.0-255,10692,294226,19,329947
15992,0.002184,74.125.24.0-255,1484,295710,19,329947
15993,0.002188,74.125.24.0-255,2902,298612,19,329947
15994,0.002209,74.125.24.0-255,5738,304350,19,329947
15995,0.002217,74.125.24.0-255,5738,310088,19,329947
15996,0.002243,74.125.24.0-255,7156,317244,19,329947
15997,0.002252,74.125.24.0-255,8574,325818,19,329947
15998,0.002285,74.125.24.0-255,3721,329539,19,329947
15999,0.006212,172.31.36.0-255,66,329605,19,329947
16000,0.008512,74.125.24.0-255,105,329710,19,329947
16001,0.008584,172.31.36.0-255,66,329776,19,329947
16002,0.008612,172.31.36.0-255,105,329881,19,329947
16003,0.010888,74.125.24.0-255,66,329947,19,329947
16004,0.0,172.253.118.0-255,153,153,19,168183
16005,1.6e-05,172.31.36.0-255,66,219,19,168183
16006,2.2e-05,172.253.118.0-255,1484,1703,19,168183
16007,2.6e-05,172.31.36.0-255,66,1769,19,168183
16008,3e-05,172.253.118.0-255,2902,4671,19,168183
16009,3.3e-05,172.31.36.0-255,66,4737,19,168183
16010,7.8e-05,172.253.118.0-255,4320,9057,19,168183
16011,8.1e-05,172.31.36.0-255,66,9123,19,168183
16012,8.7e-05,172.253.118.0-255,4812,13935,19,168183
16013,8.9e-05,172.31.36.0-255,66,14001,19,168183
16014,0.000277,172.253.118.0-255,1484,15485,19,168183
16015,0.000282,172.31.36.0-255,66,15551,19,168183
16016,0.000287,172.253.118.0-255,2902,18453,19,168183
16017,0.000289,172.31.36.0-255,66,18519,19,168183
16018,0.000319,172.253.118.0-255,5738,24257,19,168183
16019,0.000322,172.31.36.0-255,66,24323,19,168183
16020,0.000326,172.253.118.0-255,2902,27225,19,168183
16021,0.000327,172.31.36.0-255,66,27291,19,168183
16022,0.000368,172.253.118.0-255,5379,32670,19,168183
16023,0.000372,172.31.36.0-255,66,32736,19,168183
16024,0.000397,172.253.118.0-255,5738,38474,19,168183
16025,0.0004,172.31.36.0-255,66,38540,19,168183
16026,0.000428,172.253.118.0-255,5738,44278,19,168183
16027,0.000431,172.31.36.0-255,66,44344,19,168183
16028,0.000471,172.253.118.0-255,3961,48305,19,168183
16029,0.000474,172.31.36.0-255,66,48371,19,168183
16030,0.001545,172.253.118.0-255,1484,49855,19,168183
16031,0.001551,172.31.36.0-255,66,49921,19,168183
16032,0.001561,172.253.118.0-255,2902,52823,19,168183
16033,0.001564,172.31.36.0-255,66,52889,19,168183
16034,0.001569,172.253.118.0-255,2902,55791,19,168183
16035,0.001571,172.31.36.0-255,66,55857,19,168183
16036,0.001596,172.253.118.0-255,2902,58759,19,168183
16037,0.001599,172.31.36.0-255,66,58825,19,168183
16038,0.001603,172.253.118.0-255,2902,61727,19,168183
16039,0.001605,172.31.36.0-255,66,61793,19,168183
16040,0.001637,172.253.118.0-255,5379,67172,19,168183
16041,0.00164,172.31.36.0-255,66,67238,19,168183
16042,0.001659,172.253.118.0-255,2902,70140,19,168183
16043,0.001661,172.31.36.0-255,66,70206,19,168183
16044,0.001685,172.253.118.0-255,2902,73108,19,168183
16045,0.001687,172.31.36.0-255,66,73174,19,168183
16046,0.0017,172.31.36.0-255,66,73240,19,168183
16047,0.001721,172.253.118.0-255,8574,81814,19,168183
16048,0.001723,172.31.36.0-255,66,81880,19,168183
16049,0.001748,172.253.118.0-255,4320,86200,19,168183
16050,0.00175,172.31.36.0-255,66,86266,19,168183
16051,0.001754,172.253.118.0-255,2184,88450,19,168183
16052,0.001757,172.31.36.0-255,66,88516,19,168183
16053,0.00176,172.253.118.0-255,646,89162,19,168183
16054,0.002223,172.253.118.0-255,1484,90646,19,168183
16055,0.002227,172.31.36.0-255,66,90712,19,168183
16056,0.002245,172.253.118.0-255,2902,93614,19,168183
16057,0.002248,172.31.36.0-255,66,93680,19,168183
16058,0.002255,172.253.118.0-255,5738,99418,19,168183
16059,0.002257,172.31.36.0-255,66,99484,19,168183
16060,0.00228,172.253.118.0-255,4320,103804,19,168183
16061,0.002282,172.31.36.0-255,66,103870,19,168183
16062,0.0023,172.253.118.0-255,8574,112444,19,168183
16063,0.002303,172.31.36.0-255,66,112510,19,168183
16064,0.00231,172.253.118.0-255,7156,119666,19,168183
16065,0.002312,172.31.36.0-255,66,119732,19,168183
16066,0.002363,172.253.118.0-255,3602,123334,19,168183
16067,0.002366,172.31.36.0-255,66,123400,19,168183
16068,0.004651,172.253.118.0-255,1484,124884,19,168183
16069,0.004703,172.253.118.0-255,4320,129204,19,168183
16070,0.004707,172.31.36.0-255,66,129270,19,168183
16071,0.007071,172.253.118.0-255,5738,135008,19,168183
16072,0.007079,172.31.36.0-255,66,135074,19,168183
16073,0.009428,172.253.118.0-255,5738,140812,19,168183
16074,0.009436,172.31.36.0-255,66,140878,19,168183
16075,0.011782,172.253.118.0-255,5738,146616,19,168183
16076,0.01179,172.31.36.0-255,66,146682,19,168183
16077,0.014145,172.253.118.0-255,5738,152420,19,168183
16078,0.014152,172.31.36.0-255,66,152486,19,168183
16079,0.016506,172.253.118.0-255,5738,158224,19,168183
16080,0.016514,172.31.36.0-255,66,158290,19,168183
16081,0.018871,172.253.118.0-255,5738,164028,19,168183
16082,0.018877,172.31.36.0-255,66,164094,19,168183
16083,0.019644,172.31.36.0-255,172,164266,19,168183
16084,0.019679,172.31.36.0-255,1114,165380,19,168183
16085,0.019742,172.31.36.0-255,1514,166894,19,168183
16086,0.019744,172.31.36.0-255,1289,168183,19,168183
16087,0.0,172.31.36.0-255,105,105,19,459
16088,0.000224,172.31.36.0-255,90,195,19,459
16089,0.000234,172.31.36.0-255,66,261,19,459
16090,0.002195,74.125.24.0-255,66,327,19,459
16091,0.002228,74.125.24.0-255,66,393,19,459
16092,0.002253,172.31.36.0-255,66,459,19,459
16093,0.0,74.125.68.0-255,153,153,19,276888
16094,2.2e-05,172.31.36.0-255,66,219,19,276888
16095,3e-05,74.125.68.0-255,1484,1703,19,276888
16096,3.4e-05,172.31.36.0-255,66,1769,19,276888
16097,3.7e-05,74.125.68.0-255,1484,3253,19,276888
16098,4e-05,172.31.36.0-255,66,3319,19,276888
16099,4.6e-05,74.125.68.0-255,2902,6221,19,276888
16100,4.8e-05,172.31.36.0-255,66,6287,19,276888
16101,8.5e-05,74.125.68.0-255,5738,12025,19,276888
16102,8.8e-05,172.31.36.0-255,66,12091,19,276888
16103,9.1e-05,74.125.68.0-255,1484,13575,19,276888
16104,9.3e-05,172.31.36.0-255,66,13641,19,276888
16105,0.000141,74.125.68.0-255,4320,17961,19,276888
16106,0.000144,172.31.36.0-255,66,18027,19,276888
16107,0.000161,74.125.68.0-255,4922,22949,19,276888
16108,0.000164,172.31.36.0-255,66,23015,19,276888
16109,0.000208,74.125.68.0-255,8215,31230,19,276888
16110,0.00021,172.31.36.0-255,66,31296,19,276888
16111,0.000382,74.125.68.0-255,1484,32780,19,276888
16112,0.000387,172.31.36.0-255,66,32846,19,276888
16113,0.000406,74.125.68.0-255,1484,34330,19,276888
16114,0.000408,172.31.36.0-255,66,34396,19,276888
16115,0.000431,74.125.68.0-255,2902,37298,19,276888
16116,0.000433,172.31.36.0-255,66,37364,19,276888
16117,0.00046,74.125.68.0-255,4320,41684,19,276888
16118,0.000463,172.31.36.0-255,66,41750,19,276888
16119,0.000478,74.125.68.0-255,1484,43234,19,276888
16120,0.000481,172.31.36.0-255,66,43300,19,276888
16121,0.000484,74.125.68.0-255,1484,44784,19,276888
16122,0.000486,172.31.36.0-255,66,44850,19,276888
16123,0.000508,74.125.68.0-255,6797,51647,19,276888
16124,0.000512,172.31.36.0-255,66,51713,19,276888
16125,0.000533,74.125.68.0-255,7156,58869,19,276888
16126,0.000536,172.31.36.0-255,66,58935,19,276888
16127,0.000539,74.125.68.0-255,1484,60419,19,276888
16128,0.000555,74.125.68.0-255,2902,63321,19,276888
16129,0.000558,172.31.36.0-255,66,63387,19,276888
16130,0.000597,74.125.68.0-255,2815,66202,19,276888
16131,0.000601,172.31.36.0-255,66,66268,19,276888
16132,0.000662,74.125.68.0-255,384,66652,19,276888
16133,0.000805,74.125.68.0-255,1484,68136,19,276888
16134,0.00081,172.31.36.0-255,66,68202,19,276888
16135,0.000815,74.125.68.0-255,2902,71104,19,276888
16136,0.000817,172.31.36.0-255,66,71170,19,276888
16137,0.000844,74.125.68.0-255,5738,76908,19,276888
16138,0.000847,172.31.36.0-255,66,76974,19,276888
16139,0.000853,74.125.68.0-255,4320,81294,19,276888
16140,0.000855,172.31.36.0-255,66,81360,19,276888
16141,0.000871,74.125.68.0-255,5379,86739,19,276888
16142,0.000873,172.31.36.0-255,66,86805,19,276888
16143,0.000902,74.125.68.0-255,7156,93961,19,276888
16144,0.000907,172.31.36.0-255,66,94027,19,276888
16145,0.000925,74.125.68.0-255,1484,95511,19,276888
16146,0.000939,74.125.68.0-255,2902,98413,19,276888
16147,0.000942,172.31.36.0-255,66,98479,19,276888
16148,0.000961,74.125.68.0-255,2543,101022,19,276888
16149,0.000963,172.31.36.0-255,66,101088,19,276888
16150,0.001431,74.125.68.0-255,1484,102572,19,276888
16151,0.001452,74.125.68.0-255,2902,105474,19,276888
16152,0.001456,172.31.36.0-255,66,105540,19,276888
16153,0.001461,74.125.68.0-255,2902,108442,19,276888
16154,0.001463,172.31.36.0-255,66,108508,19,276888
16155,0.001481,74.125.68.0-255,1484,109992,19,276888
16156,0.001487,74.125.68.0-255,5738,115730,19,276888
16157,0.00149,172.31.36.0-255,66,115796,19,276888
16158,0.001503,74.125.68.0-255,1484,117280,19,276888
16159,0.001527,74.125.68.0-255,9992,127272,19,276888
16160,0.001529,172.31.36.0-255,66,127338,19,276888
16161,0.001535,74.125.68.0-255,4320,131658,19,276888
16162,0.001536,172.31.36.0-255,66,131724,19,276888
16163,0.001576,74.125.68.0-255,3602,135326,19,276888
16164,0.001579,172.31.36.0-255,66,135392,19,276888
16165,0.001667,74.125.68.0-255,1484,136876,19,276888
16166,0.001674,74.125.68.0-255,2902,139778,19,276888
16167,0.001677,172.31.36.0-255,66,139844,19,276888
16168,0.001695,74.125.68.0-255,2902,142746,19,276888
16169,0.001698,172.31.36.0-255,66,142812,19,276888
16170,0.001721,74.125.68.0-255,2902,145714,19,276888
16171,0.001724,172.31.36.0-255,66,145780,19,276888
16172,0.001751,74.125.68.0-255,8574,154354,19,276888
16173,0.001754,172.31.36.0-255,66,154420,19,276888
16174,0.001769,74.125.68.0-255,1484,155904,19,276888
16175,0.001788,74.125.68.0-255,8574,164478,19,276888
16176,0.00179,172.31.36.0-255,66,164544,19,276888
16177,0.001796,74.125.68.0-255,4320,168864,19,276888
16178,0.001799,172.31.36.0-255,66,168930,19,276888
16179,0.001844,74.125.68.0-255,766,169696,19,276888
16180,0.001968,74.125.68.0-255,1484,171180,19,276888
16181,0.001972,172.31.36.0-255,66,171246,19,276888
16182,0.00199,74.125.68.0-255,2902,174148,19,276888
16183,0.001992,172.31.36.0-255,66,174214,19,276888
16184,0.00201,74.125.68.0-255,1484,175698,19,276888
16185,0.002025,74.125.68.0-255,4320,180018,19,276888
16186,0.002027,172.31.36.0-255,66,180084,19,276888
16187,0.002031,74.125.68.0-255,1484,181568,19,276888
16188,0.002035,74.125.68.0-255,2902,184470,19,276888
16189,0.002037,172.31.36.0-255,66,184536,19,276888
16190,0.002059,74.125.68.0-255,4320,188856,19,276888
16191,0.002062,172.31.36.0-255,66,188922,19,276888
16192,0.002083,74.125.68.0-255,1484,190406,19,276888
16193,0.002088,74.125.68.0-255,4320,194726,19,276888
16194,0.002091,172.31.36.0-255,66,194792,19,276888
16195,0.002097,74.125.68.0-255,5738,200530,19,276888
16196,0.0021,172.31.36.0-255,66,200596,19,276888
16197,0.002139,74.125.68.0-255,3602,204198,19,276888
16198,0.002142,172.31.36.0-255,66,204264,19,276888
16199,0.002277,74.125.68.0-255,1484,205748,19,276888
16200,0.002282,74.125.68.0-255,2902,208650,19,276888
16201,0.002285,172.31.36.0-255,66,208716,19,276888
16202,0.00229,74.125.68.0-255,2902,211618,19,276888
16203,0.002292,172.31.36.0-255,66,211684,19,276888
16204,0.002304,74.125.68.0-255,1484,213168,19,276888
16205,0.002306,74.125.68.0-255,1484,214652,19,276888
16206,0.00231,172.31.36.0-255,66,214718,19,276888
16207,0.002321,74.125.68.0-255,4320,219038,19,276888
16208,0.002324,172.31.36.0-255,66,219104,19,276888
16209,0.002337,74.125.68.0-255,2902,222006,19,276888
16210,0.002339,172.31.36.0-255,66,222072,19,276888
16211,0.002347,74.125.68.0-255,7156,229228,19,276888
16212,0.00235,172.31.36.0-255,66,229294,19,276888
16213,0.002356,74.125.68.0-255,5738,235032,19,276888
16214,0.00236,172.31.36.0-255,66,235098,19,276888
16215,0.002379,74.125.68.0-255,2902,238000,19,276888
16216,0.002382,172.31.36.0-255,66,238066,19,276888
16217,0.002385,74.125.68.0-255,766,238832,19,276888
16218,0.003035,172.31.36.0-255,66,238898,19,276888
16219,0.004693,74.125.68.0-255,1484,240382,19,276888
16220,0.004724,74.125.68.0-255,2902,243284,19,276888
16221,0.00473,172.31.36.0-255,66,243350,19,276888
16222,0.005359,74.125.68.0-255,1484,244834,19,276888
16223,0.007125,74.125.68.0-255,4320,249154,19,276888
16224,0.00713,172.31.36.0-255,66,249220,19,276888
16225,0.009491,74.125.68.0-255,4320,253540,19,276888
16226,0.009497,172.31.36.0-255,66,253606,19,276888
16227,0.009518,74.125.68.0-255,1484,255090,19,276888
16228,0.011862,74.125.68.0-255,4320,259410,19,276888
16229,0.011879,172.31.36.0-255,66,259476,19,276888
16230,0.014225,74.125.68.0-255,5738,265214,19,276888
16231,0.014236,172.31.36.0-255,66,265280,19,276888
16232,0.016618,74.125.68.0-255,5738,271018,19,276888
16233,0.016633,172.31.36.0-255,66,271084,19,276888
16234,0.018976,74.125.68.0-255,5738,276822,19,276888
16235,0.018983,172.31.36.0-255,66,276888,19,276888
16236,0.0,74.125.24.0-255,143,143,19,146337
16237,1.4e-05,172.31.36.0-255,66,209,19,146337
16238,2.1e-05,74.125.24.0-255,1484,1693,19,146337
16239,2.6e-05,172.31.36.0-255,66,1759,19,146337
16240,4.1e-05,74.125.24.0-255,2902,4661,19,146337
16241,4.4e-05,172.31.36.0-255,66,4727,19,146337
16242,5.1e-05,74.125.24.0-255,7156,11883,19,146337
16243,5.5e-05,172.31.36.0-255,66,11949,19,146337
16244,0.000139,74.125.24.0-255,2056,14005,19,146337
16245,0.000142,172.31.36.0-255,66,14071,19,146337
16246,0.00018,172.31.36.0-255,66,14137,19,146337
16247,0.00033,74.125.24.0-255,5379,19516,19,146337
16248,0.000337,172.31.36.0-255,66,19582,19,146337
16249,0.000398,74.125.24.0-255,7156,26738,19,146337
16250,0.000402,172.31.36.0-255,66,26804,19,146337
16251,0.000436,74.125.24.0-255,9633,36437,19,146337
16252,0.000439,172.31.36.0-255,66,36503,19,146337
16253,0.000626,74.125.24.0-255,5738,42241,19,146337
16254,0.00063,172.31.36.0-255,66,42307,19,146337
16255,0.000668,172.31.36.0-255,66,42373,19,146337
16256,0.000829,74.125.24.0-255,381,42754,19,146337
16257,0.000833,172.31.36.0-255,66,42820,19,146337
16258,0.00086,74.125.24.0-255,1484,44304,19,146337
16259,0.000863,172.31.36.0-255,66,44370,19,146337
16260,0.000904,172.31.36.0-255,66,44436,19,146337
16261,0.000932,74.125.24.0-255,2543,46979,19,146337
16262,0.000935,172.31.36.0-255,66,47045,19,146337
16263,0.001125,74.125.24.0-255,2902,49947,19,146337
16264,0.001129,172.31.36.0-255,66,50013,19,146337
16265,0.001158,172.31.36.0-255,66,50079,19,146337
16266,0.001302,74.125.24.0-255,1484,51563,19,146337
16267,0.001318,74.125.24.0-255,2902,54465,19,146337
16268,0.001321,172.31.36.0-255,66,54531,19,146337
16269,0.001369,74.125.24.0-255,4320,58851,19,146337
16270,0.001372,172.31.36.0-255,66,58917,19,146337
16271,0.001396,74.125.24.0-255,1484,60401,19,146337
16272,0.001446,172.31.36.0-255,66,60467,19,146337
16273,0.001473,74.125.24.0-255,1484,61951,19,146337
16274,0.001614,74.125.24.0-255,5738,67689,19,146337
16275,0.001618,172.31.36.0-255,66,67755,19,146337
16276,0.001663,172.31.36.0-255,66,67821,19,146337
16277,0.001686,74.125.24.0-255,2184,70005,19,146337
16278,0.001689,172.31.36.0-255,66,70071,19,146337
16279,0.001986,74.125.24.0-255,8574,78645,19,146337
16280,0.00199,172.31.36.0-255,66,78711,19,146337
16281,0.002024,74.125.24.0-255,7856,86567,19,146337
16282,0.002028,172.31.36.0-255,66,86633,19,146337
16283,0.0022,74.125.24.0-255,2902,89535,19,146337
16284,0.002205,172.31.36.0-255,66,89601,19,146337
16285,0.00226,172.31.36.0-255,66,89667,19,146337
16286,0.002301,172.31.36.0-255,66,89733,19,146337
16287,0.002783,172.31.36.0-255,66,89799,19,146337
16288,0.00285,172.31.36.0-255,66,89865,19,146337
16289,0.002884,74.125.24.0-255,9974,99839,19,146337
16290,0.002887,172.31.36.0-255,66,99905,19,146337
16291,0.004996,74.125.24.0-255,5738,105643,19,146337
16292,0.005018,172.31.36.0-255,66,105709,19,146337
16293,0.007109,74.125.24.0-255,5738,111447,19,146337
16294,0.007131,172.31.36.0-255,66,111513,19,146337
16295,0.009218,74.125.24.0-255,5738,117251,19,146337
16296,0.009233,172.31.36.0-255,66,117317,19,146337
16297,0.011284,74.125.24.0-255,5738,123055,19,146337
16298,0.01129,172.31.36.0-255,66,123121,19,146337
16299,0.01333,74.125.24.0-255,5738,128859,19,146337
16300,0.013335,172.31.36.0-255,66,128925,19,146337
16301,0.015403,74.125.24.0-255,5738,134663,19,146337
16302,0.015411,172.31.36.0-255,66,134729,19,146337
16303,0.017488,74.125.24.0-255,5738,140467,19,146337
16304,0.017496,172.31.36.0-255,66,140533,19,146337
16305,0.019561,74.125.24.0-255,5738,146271,19,146337
16306,0.019568,172.31.36.0-255,66,146337,19,146337
16307,0.0,74.125.24.0-255,147,147,19,113244
16308,1.5e-05,172.31.36.0-255,66,213,19,113244
16309,2.3e-05,74.125.24.0-255,1484,1697,19,113244
16310,2.7e-05,172.31.36.0-255,66,1763,19,113244
16311,3.2e-05,74.125.24.0-255,2902,4665,19,113244
16312,4.2e-05,172.31.36.0-255,66,4731,19,113244
16313,5e-05,74.125.24.0-255,7156,11887,19,113244
16314,5.3e-05,172.31.36.0-255,66,11953,19,113244
16315,5.8e-05,74.125.24.0-255,2000,13953,19,113244
16316,6e-05,172.31.36.0-255,66,14019,19,113244
16317,7.8e-05,74.125.24.0-255,2902,16921,19,113244
16318,8e-05,172.31.36.0-255,66,16987,19,113244
16319,0.00011,74.125.24.0-255,7156,24143,19,113244
16320,0.000113,172.31.36.0-255,66,24209,19,113244
16321,0.000145,74.125.24.0-255,8574,32783,19,113244
16322,0.000148,172.31.36.0-255,66,32849,19,113244
16323,0.00018,74.125.24.0-255,9992,42841,19,113244
16324,0.000183,172.31.36.0-255,66,42907,19,113244
16325,0.000211,74.125.24.0-255,4320,47227,19,113244
16326,0.000213,172.31.36.0-255,66,47293,19,113244
16327,0.000217,74.125.24.0-255,766,48059,19,113244
16328,0.000219,172.31.36.0-255,66,48125,19,113244
16329,0.000981,74.125.24.0-255,1484,49609,19,113244
16330,0.000988,172.31.36.0-255,66,49675,19,113244
16331,0.000997,74.125.24.0-255,2902,52577,19,113244
16332,0.000999,172.31.36.0-255,66,52643,19,113244
16333,0.001012,74.125.24.0-255,5738,58381,19,113244
16334,0.001014,172.31.36.0-255,66,58447,19,113244
16335,0.00102,74.125.24.0-255,4320,62767,19,113244
16336,0.001025,172.31.36.0-255,66,62833,19,113244
16337,0.001064,74.125.24.0-255,2857,65690,19,113244
16338,0.001067,172.31.36.0-255,66,65756,19,113244
16339,0.003341,74.125.24.0-255,2902,68658,19,113244
16340,0.003348,172.31.36.0-255,66,68724,19,113244
16341,0.003423,74.125.24.0-255,2902,71626,19,113244
16342,0.003427,172.31.36.0-255,66,71692,19,113244
16343,0.005667,74.125.24.0-255,2902,74594,19,113244
16344,0.005673,172.31.36.0-255,66,74660,19,113244
16345,0.00577,74.125.24.0-255,2902,77562,19,113244
16346,0.005775,172.31.36.0-255,66,77628,19,113244
16347,0.007982,74.125.24.0-255,2902,80530,19,113244
16348,0.00799,172.31.36.0-255,66,80596,19,113244
16349,0.008123,74.125.24.0-255,2902,83498,19,113244
16350,0.008141,172.31.36.0-255,66,83564,19,113244
16351,0.010319,74.125.24.0-255,2902,86466,19,113244
16352,0.01033,172.31.36.0-255,66,86532,19,113244
16353,0.010453,74.125.24.0-255,2902,89434,19,113244
16354,0.010457,172.31.36.0-255,66,89500,19,113244
16355,0.012674,74.125.24.0-255,2902,92402,19,113244
16356,0.012683,172.31.36.0-255,66,92468,19,113244
16357,0.012771,74.125.24.0-255,2902,95370,19,113244
16358,0.012775,172.31.36.0-255,66,95436,19,113244
16359,0.015048,74.125.24.0-255,2902,98338,19,113244
16360,0.015061,172.31.36.0-255,66,98404,19,113244
16361,0.015093,74.125.24.0-255,2902,101306,19,113244
16362,0.015096,172.31.36.0-255,66,101372,19,113244
16363,0.017388,74.125.24.0-255,2902,104274,19,113244
16364,0.017396,172.31.36.0-255,66,104340,19,113244
16365,0.017423,74.125.24.0-255,2902,107242,19,113244
16366,0.017426,172.31.36.0-255,66,107308,19,113244
16367,0.019739,74.125.24.0-255,2902,110210,19,113244
16368,0.019747,172.31.36.0-255,66,110276,19,113244
16369,0.019781,74.125.24.0-255,2902,113178,19,113244
16370,0.019784,172.31.36.0-255,66,113244,19,113244
16371,0.0,74.125.24.0-255,153,153,19,298574
16372,1.7e-05,172.31.36.0-255,66,219,19,298574
16373,2.4e-05,74.125.24.0-255,1484,1703,19,298574
16374,2.8e-05,172.31.36.0-255,66,1769,19,298574
16375,3.4e-05,74.125.24.0-255,2902,4671,19,298574
16376,3.8e-05,172.31.36.0-255,66,4737,19,298574
16377,4.2e-05,74.125.24.0-255,2902,7639,19,298574
16378,4.6e-05,172.31.36.0-255,66,7705,19,298574
16379,7.6e-05,74.125.24.0-255,6295,14000,19,298574
16380,7.9e-05,172.31.36.0-255,66,14066,19,298574
16381,0.000117,74.125.24.0-255,1484,15550,19,298574
16382,0.000119,172.31.36.0-255,66,15616,19,298574
16383,0.000134,74.125.24.0-255,2902,18518,19,298574
16384,0.000137,172.31.36.0-255,66,18584,19,298574
16385,0.000143,74.125.24.0-255,4320,22904,19,298574
16386,0.000145,172.31.36.0-255,66,22970,19,298574
16387,0.00016,74.125.24.0-255,1484,24454,19,298574
16388,0.000162,172.31.36.0-255,66,24520,19,298574
16389,0.000176,74.125.24.0-255,4320,28840,19,298574
16390,0.000179,172.31.36.0-255,66,28906,19,298574
16391,0.000211,74.125.24.0-255,2543,31449,19,298574
16392,0.000214,172.31.36.0-255,66,31515,19,298574
16393,0.000233,74.125.24.0-255,2902,34417,19,298574
16394,0.000236,172.31.36.0-255,66,34483,19,298574
16395,0.000243,74.125.24.0-255,7156,41639,19,298574
16396,0.000246,172.31.36.0-255,66,41705,19,298574
16397,0.00027,74.125.24.0-255,6797,48502,19,298574
16398,0.000273,172.31.36.0-255,66,48568,19,298574
16399,0.001315,74.125.24.0-255,1484,50052,19,298574
16400,0.001322,172.31.36.0-255,66,50118,19,298574
16401,0.001333,74.125.24.0-255,2902,53020,19,298574
16402,0.001336,172.31.36.0-255,66,53086,19,298574
16403,0.001343,74.125.24.0-255,5738,58824,19,298574
16404,0.001346,172.31.36.0-255,66,58890,19,298574
16405,0.001352,74.125.24.0-255,4320,63210,19,298574
16406,0.001354,172.31.36.0-255,66,63276,19,298574
16407,0.001374,74.125.24.0-255,2543,65819,19,298574
16408,0.001377,172.31.36.0-255,66,65885,19,298574
16409,0.001384,74.125.24.0-255,5738,71623,19,298574
16410,0.001386,172.31.36.0-255,66,71689,19,298574
16411,0.001409,74.125.24.0-255,1484,73173,19,298574
16412,0.001412,172.31.36.0-255,66,73239,19,298574
16413,0.001418,74.125.24.0-255,4320,77559,19,298574
16414,0.00142,172.31.36.0-255,66,77625,19,298574
16415,0.001445,74.125.24.0-255,9992,87617,19,298574
16416,0.001447,172.31.36.0-255,66,87683,19,298574
16417,0.001479,74.125.24.0-255,2902,90585,19,298574
16418,0.001507,74.125.24.0-255,9274,99859,19,298574
16419,0.001874,74.125.24.0-255,1484,101343,19,298574
16420,0.001881,74.125.24.0-255,2902,104245,19,298574
16421,0.001888,74.125.24.0-255,5738,109983,19,298574
16422,0.001904,74.125.24.0-255,4320,114303,19,298574
16423,0.001914,74.125.24.0-255,2428,116731,19,298574
16424,0.001933,74.125.24.0-255,4320,121051,19,298574
16425,0.001961,74.125.24.0-255,9992,131043,19,298574
16426,0.001998,74.125.24.0-255,3238,134281,19,298574
16427,0.002382,74.125.24.0-255,1484,135765,19,298574
16428,0.002396,74.125.24.0-255,2902,138667,19,298574
16429,0.002421,74.125.24.0-255,5738,144405,19,298574
16430,0.002435,74.125.24.0-255,1484,145889,19,298574
16431,0.002495,74.125.24.0-255,9992,155881,19,298574
16432,0.00252,74.125.24.0-255,766,156647,19,298574
16433,0.002667,74.125.24.0-255,1484,158131,19,298574
16434,0.00267,74.125.24.0-255,1484,159615,19,298574
16435,0.002682,74.125.24.0-255,1484,161099,19,298574
16436,0.002686,74.125.24.0-255,2902,164001,19,298574
16437,0.002703,74.125.24.0-255,2902,166903,19,298574
16438,0.002712,74.125.24.0-255,8574,175477,19,298574
16439,0.00277,74.125.24.0-255,4320,179797,19,298574
16440,0.002813,74.125.24.0-255,10692,190489,19,298574
16441,0.002986,74.125.24.0-255,1484,191973,19,298574
16442,0.002991,74.125.24.0-255,1484,193457,19,298574
16443,0.003013,74.125.24.0-255,1484,194941,19,298574
16444,0.003019,74.125.24.0-255,4320,199261,19,298574
16445,0.003025,74.125.24.0-255,5738,204999,19,298574
16446,0.003043,74.125.24.0-255,2902,207901,19,298574
16447,0.00306,74.125.24.0-255,8574,216475,19,298574
16448,0.003097,74.125.24.0-255,4320,220795,19,298574
16449,0.003117,74.125.24.0-255,3602,224397,19,298574
16450,0.003143,74.125.24.0-255,4320,228717,19,298574
16451,0.003248,74.125.24.0-255,2902,231619,19,298574
16452,0.003274,74.125.24.0-255,9274,240893,19,298574
16453,0.003302,74.125.24.0-255,4320,245213,19,298574
16454,0.003323,74.125.24.0-255,5738,250951,19,298574
16455,0.003388,74.125.24.0-255,2902,253853,19,298574
16456,0.003486,74.125.24.0-255,1484,255337,19,298574
16457,0.00352,74.125.24.0-255,5738,261075,19,298574
16458,0.003593,74.125.24.0-255,4320,265395,19,298574
16459,0.003621,74.125.24.0-255,10692,276087,19,298574
16460,0.003674,74.125.24.0-255,4320,280407,19,298574
16461,0.003695,74.125.24.0-255,8574,288981,19,298574
16462,0.003866,74.125.24.0-255,7156,296137,19,298574
16463,0.003907,74.125.24.0-255,2095,298232,19,298574
16464,0.003951,74.125.24.0-255,105,298337,19,298574
16465,0.004284,172.31.36.0-255,66,298403,19,298574
16466,0.011461,172.31.36.0-255,105,298508,19,298574
16467,0.013426,74.125.24.0-255,66,298574,19,298574
16468,0.0,172.217.160.0-255,153,153,19,226270
16469,1.5e-05,172.31.36.0-255,66,219,19,226270
16470,2.2e-05,172.217.160.0-255,1484,1703,19,226270
16471,2.7e-05,172.31.36.0-255,66,1769,19,226270
16472,3.2e-05,172.217.160.0-255,2902,4671,19,226270
16473,3.5e-05,172.31.36.0-255,66,4737,19,226270
16474,5.3e-05,172.217.160.0-255,7156,11893,19,226270
16475,5.5e-05,172.31.36.0-255,66,11959,19,226270
16476,7.2e-05,172.31.36.0-255,66,12025,19,226270
16477,0.000122,172.217.160.0-255,2543,14568,19,226270
16478,0.000129,172.31.36.0-255,66,14634,19,226270
16479,0.000182,172.217.160.0-255,1484,16118,19,226270
16480,0.000185,172.31.36.0-255,66,16184,19,226270
16481,0.000189,172.217.160.0-255,2902,19086,19,226270
16482,0.000191,172.31.36.0-255,66,19152,19,226270
16483,0.000196,172.217.160.0-255,2902,22054,19,226270
16484,0.000203,172.31.36.0-255,66,22120,19,226270
16485,0.000235,172.217.160.0-255,2902,25022,19,226270
16486,0.000237,172.31.36.0-255,66,25088,19,226270
16487,0.000244,172.217.160.0-255,6797,31885,19,226270
16488,0.000247,172.31.36.0-255,66,31951,19,226270
16489,0.00044,172.217.160.0-255,1484,33435,19,226270
16490,0.000446,172.31.36.0-255,66,33501,19,226270
16491,0.000452,172.217.160.0-255,2902,36403,19,226270
16492,0.000455,172.31.36.0-255,66,36469,19,226270
16493,0.000458,172.217.160.0-255,1484,37953,19,226270
16494,0.00046,172.31.36.0-255,66,38019,19,226270
16495,0.000501,172.217.160.0-255,4320,42339,19,226270
16496,0.000504,172.31.36.0-255,66,42405,19,226270
16497,0.000511,172.217.160.0-255,7103,49508,19,226270
16498,0.000513,172.31.36.0-255,66,49574,19,226270
16499,0.000865,172.217.160.0-255,371,49945,19,226270
16500,0.000958,172.217.160.0-255,1484,51429,19,226270
16501,0.000963,172.31.36.0-255,66,51495,19,226270
16502,0.000968,172.217.160.0-255,2902,54397,19,226270
16503,0.00097,172.31.36.0-255,66,54463,19,226270
16504,0.000976,172.217.160.0-255,5738,60201,19,226270
16505,0.000982,172.31.36.0-255,66,60267,19,226270
16506,0.001013,172.217.160.0-255,6797,67064,19,226270
16507,0.001015,172.31.36.0-255,66,67130,19,226270
16508,0.001038,172.217.160.0-255,7156,74286,19,226270
16509,0.00104,172.31.36.0-255,66,74352,19,226270
16510,0.001046,172.217.160.0-255,4320,78672,19,226270
16511,0.001048,172.31.36.0-255,66,78738,19,226270
16512,0.001079,172.217.160.0-255,5379,84117,19,226270
16513,0.001082,172.31.36.0-255,66,84183,19,226270
16514,0.00113,172.217.160.0-255,1484,85667,19,226270
16515,0.001134,172.217.160.0-255,1484,87151,19,226270
16516,0.001137,172.31.36.0-255,66,87217,19,226270
16517,0.001165,172.217.160.0-255,1484,88701,19,226270
16518,0.001172,172.217.160.0-255,5738,94439,19,226270
16519,0.001174,172.31.36.0-255,66,94505,19,226270
16520,0.001203,172.217.160.0-255,6130,100635,19,226270
16521,0.001207,172.31.36.0-255,66,100701,19,226270
16522,0.001242,172.217.160.0-255,1484,102185,19,226270
16523,0.001262,172.217.160.0-255,2902,105087,19,226270
16524,0.001265,172.31.36.0-255,66,105153,19,226270
16525,0.001271,172.217.160.0-255,5738,110891,19,226270
16526,0.001273,172.31.36.0-255,66,110957,19,226270
16527,0.001303,172.217.160.0-255,4320,115277,19,226270
16528,0.001306,172.31.36.0-255,66,115343,19,226270
16529,0.001333,172.217.160.0-255,3241,118584,19,226270
16530,0.001337,172.31.36.0-255,66,118650,19,226270
16531,0.001411,172.217.160.0-255,1484,120134,19,226270
16532,0.001417,172.217.160.0-255,2902,123036,19,226270
16533,0.00142,172.31.36.0-255,66,123102,19,226270
16534,0.001444,172.217.160.0-255,5738,128840,19,226270
16535,0.001447,172.31.36.0-255,66,128906,19,226270
16536,0.001454,172.217.160.0-255,7156,136062,19,226270
16537,0.001457,172.31.36.0-255,66,136128,19,226270
16538,0.001492,172.217.160.0-255,5738,141866,19,226270
16539,0.001495,172.31.36.0-255,66,141932,19,226270
16540,0.001505,172.217.160.0-255,10692,152624,19,226270
16541,0.001512,172.31.36.0-255,66,152690,19,226270
16542,0.001635,172.217.160.0-255,1484,154174,19,226270
16543,0.00164,172.217.160.0-255,2902,157076,19,226270
16544,0.001644,172.31.36.0-255,66,157142,19,226270
16545,0.001651,172.217.160.0-255,5738,162880,19,226270
16546,0.001653,172.31.36.0-255,66,162946,19,226270
16547,0.001658,172.217.160.0-255,2902,165848,19,226270
16548,0.001665,172.31.36.0-255,66,165914,19,226270
16549,0.001699,172.217.160.0-255,2902,168816,19,226270
16550,0.001702,172.31.36.0-255,66,168882,19,226270
16551,0.001721,172.31.36.0-255,66,168948,19,226270
16552,0.001727,172.217.160.0-255,5020,173968,19,226270
16553,0.001729,172.31.36.0-255,66,174034,19,226270
16554,0.003641,172.217.160.0-255,5738,179772,19,226270
16555,0.003646,172.31.36.0-255,66,179838,19,226270
16556,0.005585,172.217.160.0-255,5738,185576,19,226270
16557,0.005589,172.31.36.0-255,66,185642,19,226270
16558,0.007516,172.217.160.0-255,5738,191380,19,226270
16559,0.007522,172.31.36.0-255,66,191446,19,226270
16560,0.009463,172.217.160.0-255,5738,197184,19,226270
16561,0.00947,172.31.36.0-255,66,197250,19,226270
16562,0.011387,172.217.160.0-255,5738,202988,19,226270
16563,0.011393,172.31.36.0-255,66,203054,19,226270
16564,0.013306,172.217.160.0-255,5738,208792,19,226270
16565,0.013313,172.31.36.0-255,66,208858,19,226270
16566,0.015233,172.217.160.0-255,5738,214596,19,226270
16567,0.01524,172.31.36.0-255,66,214662,19,226270
16568,0.017164,172.217.160.0-255,5738,220400,19,226270
16569,0.017172,172.31.36.0-255,66,220466,19,226270
16570,0.01909,172.217.160.0-255,5738,226204,19,226270
16571,0.019098,172.31.36.0-255,66,226270,19,226270
16572,0.0,172.217.194.0-255,319,319,19,319209
16573,3.7e-05,172.31.36.0-255,66,385,19,319209
16574,4.5e-05,172.217.194.0-255,1484,1869,19,319209
16575,5e-05,172.31.36.0-255,66,1935,19,319209
16576,6.5e-05,172.217.194.0-255,4320,6255,19,319209
16577,6.9e-05,172.31.36.0-255,66,6321,19,319209
16578,9.6e-05,172.217.194.0-255,5738,12059,19,319209
16579,9.9e-05,172.31.36.0-255,66,12125,19,319209
16580,0.000129,172.217.194.0-255,1870,13995,19,319209
16581,0.000133,172.31.36.0-255,66,14061,19,319209
16582,0.000141,172.217.194.0-255,8574,22635,19,319209
16583,0.000144,172.31.36.0-255,66,22701,19,319209
16584,0.000158,172.217.194.0-255,8215,30916,19,319209
16585,0.000162,172.31.36.0-255,66,30982,19,319209
16586,0.000187,172.217.194.0-255,1484,32466,19,319209
16587,0.000191,172.31.36.0-255,66,32532,19,319209
16588,0.000199,172.217.194.0-255,2902,35434,19,319209
16589,0.000202,172.31.36.0-255,66,35500,19,319209
16590,0.00021,172.217.194.0-255,5738,41238,19,319209
16591,0.000212,172.31.36.0-255,66,41304,19,319209
16592,0.000216,172.217.194.0-255,2902,44206,19,319209
16593,0.000219,172.31.36.0-255,66,44272,19,319209
16594,0.000242,172.217.194.0-255,1484,45756,19,319209
16595,0.000252,172.31.36.0-255,66,45822,19,319209
16596,0.000259,172.217.194.0-255,4320,50142,19,319209
16597,0.000262,172.31.36.0-255,66,50208,19,319209
16598,0.0003,172.217.194.0-255,7156,57364,19,319209
16599,0.000304,172.31.36.0-255,66,57430,19,319209
16600,0.000309,172.217.194.0-255,5738,63168,19,319209
16601,0.000312,172.31.36.0-255,66,63234,19,319209
16602,0.00034,172.217.194.0-255,2184,65418,19,319209
16603,0.000344,172.31.36.0-255,66,65484,19,319209
16604,0.000347,172.217.194.0-255,414,65898,19,319209
16605,0.000414,172.217.194.0-255,1484,67382,19,319209
16606,0.000419,172.31.36.0-255,66,67448,19,319209
16607,0.000423,172.217.194.0-255,1484,68932,19,319209
16608,0.000449,172.217.194.0-255,4320,73252,19,319209
16609,0.000453,172.31.36.0-255,66,73318,19,319209
16610,0.0005,172.217.194.0-255,9992,83310,19,319209
16611,0.000504,172.31.36.0-255,66,83376,19,319209
16612,0.000513,172.217.194.0-255,8574,91950,19,319209
16613,0.000522,172.31.36.0-255,66,92016,19,319209
16614,0.000527,172.217.194.0-255,2902,94918,19,319209
16615,0.00053,172.31.36.0-255,66,94984,19,319209
16616,0.000562,172.217.194.0-255,5020,100004,19,319209
16617,0.000571,172.31.36.0-255,66,100070,19,319209
16618,0.000582,172.217.194.0-255,8870,108940,19,319209
16619,0.000584,172.31.36.0-255,66,109006,19,319209
16620,0.000592,172.217.194.0-255,7156,116162,19,319209
16621,0.000594,172.31.36.0-255,66,116228,19,319209
16622,0.000635,172.217.194.0-255,7156,123384,19,319209
16623,0.000641,172.31.36.0-255,66,123450,19,319209
16624,0.000651,172.217.194.0-255,10692,134142,19,319209
16625,0.000661,172.31.36.0-255,66,134208,19,319209
16626,0.000702,172.31.36.0-255,66,134274,19,319209
16627,0.000708,172.217.194.0-255,4320,138594,19,319209
16628,0.000711,172.31.36.0-255,66,138660,19,319209
16629,0.000753,172.217.194.0-255,8574,147234,19,319209
16630,0.000759,172.31.36.0-255,66,147300,19,319209
16631,0.000761,172.217.194.0-255,9274,156574,19,319209
16632,0.000764,172.31.36.0-255,66,156640,19,319209
16633,0.000788,172.217.194.0-255,1484,158124,19,319209
16634,0.00081,172.217.194.0-255,2902,161026,19,319209
16635,0.000814,172.31.36.0-255,66,161092,19,319209
16636,0.00082,172.217.194.0-255,4320,165412,19,319209
16637,0.000823,172.31.36.0-255,66,165478,19,319209
16638,0.000851,172.217.194.0-255,1484,166962,19,319209
16639,0.000856,172.217.194.0-255,2902,169864,19,319209
16640,0.000859,172.31.36.0-255,66,169930,19,319209
16641,0.000868,172.217.194.0-255,9992,179922,19,319209
16642,0.000871,172.31.36.0-255,66,179988,19,319209
16643,0.000938,172.217.194.0-255,8574,188562,19,319209
16644,0.000943,172.31.36.0-255,66,188628,19,319209
16645,0.000958,172.217.194.0-255,2184,190812,19,319209
16646,0.000962,172.31.36.0-255,66,190878,19,319209
16647,0.001349,172.217.194.0-255,1484,192362,19,319209
16648,0.001369,172.217.194.0-255,2902,195264,19,319209
16649,0.001373,172.31.36.0-255,66,195330,19,319209
16650,0.001381,172.217.194.0-255,5738,201068,19,319209
16651,0.001384,172.31.36.0-255,66,201134,19,319209
16652,0.001395,172.217.194.0-255,2902,204036,19,319209
16653,0.001399,172.31.36.0-255,66,204102,19,319209
16654,0.001444,172.217.194.0-255,9992,214094,19,319209
16655,0.001449,172.31.36.0-255,66,214160,19,319209
16656,0.001458,172.217.194.0-255,9992,224152,19,319209
16657,0.00146,172.31.36.0-255,66,224218,19,319209
16658,0.001469,172.217.194.0-255,766,224984,19,319209
16659,0.001662,172.217.194.0-255,1484,226468,19,319209
16660,0.001669,172.31.36.0-255,66,226534,19,319209
16661,0.001674,172.217.194.0-255,2902,229436,19,319209
16662,0.001677,172.31.36.0-255,66,229502,19,319209
16663,0.00169,172.217.194.0-255,5738,235240,19,319209
16664,0.001693,172.31.36.0-255,66,235306,19,319209
16665,0.001697,172.217.194.0-255,1484,236790,19,319209
16666,0.001755,172.31.36.0-255,66,236856,19,319209
16667,0.001758,172.217.194.0-255,8574,245430,19,319209
16668,0.00176,172.31.36.0-255,66,245496,19,319209
16669,0.001794,172.217.194.0-255,2184,247680,19,319209
16670,0.001798,172.31.36.0-255,66,247746,19,319209
16671,0.002028,172.217.194.0-255,1484,249230,19,319209
16672,0.002033,172.217.194.0-255,1484,250714,19,319209
16673,0.002038,172.31.36.0-255,66,250780,19,319209
16674,0.002057,172.217.194.0-255,1484,252264,19,319209
16675,0.002065,172.217.194.0-255,5738,258002,19,319209
16676,0.002068,172.31.36.0-255,66,258068,19,319209
16677,0.002075,172.217.194.0-255,5738,263806,19,319209
16678,0.002077,172.31.36.0-255,66,263872,19,319209
16679,0.00211,172.217.194.0-255,7156,271028,19,319209
16680,0.002119,172.31.36.0-255,66,271094,19,319209
16681,0.002128,172.217.194.0-255,8574,279668,19,319209
16682,0.002131,172.31.36.0-255,66,279734,19,319209
16683,0.00217,172.31.36.0-255,66,279800,19,319209
16684,0.002202,172.217.194.0-255,3602,283402,19,319209
16685,0.002206,172.31.36.0-255,66,283468,19,319209
16686,0.002225,172.31.36.0-255,66,283534,19,319209
16687,0.002259,172.217.194.0-255,1484,285018,19,319209
16688,0.002264,172.217.194.0-255,1484,286502,19,319209
16689,0.002267,172.31.36.0-255,66,286568,19,319209
16690,0.002298,172.217.194.0-255,1484,288052,19,319209
16691,0.002303,172.217.194.0-255,2902,290954,19,319209
16692,0.002306,172.31.36.0-255,66,291020,19,319209
16693,0.002313,172.217.194.0-255,5738,296758,19,319209
16694,0.002315,172.31.36.0-255,66,296824,19,319209
16695,0.002332,172.217.194.0-255,1484,298308,19,319209
16696,0.002334,172.217.194.0-255,1484,299792,19,319209
16697,0.002341,172.31.36.0-255,66,299858,19,319209
16698,0.00237,172.31.36.0-255,66,299924,19,319209
16699,0.002398,172.217.194.0-255,2902,302826,19,319209
16700,0.002402,172.31.36.0-255,66,302892,19,319209
16701,0.002438,172.217.194.0-255,7856,310748,19,319209
16702,0.002442,172.31.36.0-255,66,310814,19,319209
16703,0.002456,172.31.36.0-255,66,310880,19,319209
16704,0.002473,172.31.36.0-255,66,310946,19,319209
16705,0.004852,172.217.194.0-255,5738,316684,19,319209
16706,0.004859,172.31.36.0-255,66,316750,19,319209
16707,0.007211,172.217.194.0-255,1697,318447,19,319209
16708,0.007216,172.31.36.0-255,66,318513,19,319209
16709,0.007351,172.31.36.0-255,105,318618,19,319209
16710,0.007377,172.31.36.0-255,105,318723,19,319209
16711,0.007567,172.31.36.0-255,90,318813,19,319209
16712,0.007576,172.31.36.0-255,66,318879,19,319209
16713,0.009687,172.217.194.0-255,66,318945,19,319209
16714,0.009732,172.217.194.0-255,66,319011,19,319209
16715,0.009897,172.217.194.0-255,66,319077,19,319209
16716,0.009941,172.217.194.0-255,66,319143,19,319209
16717,0.009951,172.31.36.0-255,66,319209,19,319209
16718,0.0,74.125.24.0-255,144,144,19,194697
16719,3e-05,172.31.36.0-255,66,210,19,194697
16720,3.8e-05,74.125.24.0-255,1484,1694,19,194697
16721,4.2e-05,172.31.36.0-255,66,1760,19,194697
16722,5.6e-05,74.125.24.0-255,2902,4662,19,194697
16723,5.9e-05,172.31.36.0-255,66,4728,19,194697
16724,6.3e-05,74.125.24.0-255,2902,7630,19,194697
16725,6.6e-05,172.31.36.0-255,66,7696,19,194697
16726,9.8e-05,74.125.24.0-255,6291,13987,19,194697
16727,0.000102,172.31.36.0-255,66,14053,19,194697
16728,0.000194,74.125.24.0-255,1484,15537,19,194697
16729,0.000198,172.31.36.0-255,66,15603,19,194697
16730,0.000204,74.125.24.0-255,2902,18505,19,194697
16731,0.000207,172.31.36.0-255,66,18571,19,194697
16732,0.000238,74.125.24.0-255,5738,24309,19,194697
16733,0.000241,172.31.36.0-255,66,24375,19,194697
16734,0.000246,74.125.24.0-255,2902,27277,19,194697
16735,0.000248,172.31.36.0-255,66,27343,19,194697
16736,0.000272,74.125.24.0-255,3961,31304,19,194697
16737,0.000275,172.31.36.0-255,66,31370,19,194697
16738,0.000371,74.125.24.0-255,1484,32854,19,194697
16739,0.000374,172.31.36.0-255,66,32920,19,194697
16740,0.00038,74.125.24.0-255,2902,35822,19,194697
16741,0.000382,172.31.36.0-255,66,35888,19,194697
16742,0.000416,74.125.24.0-255,5738,41626,19,194697
16743,0.00042,172.31.36.0-255,66,41692,19,194697
16744,0.000429,74.125.24.0-255,6797,48489,19,194697
16745,0.000432,172.31.36.0-255,66,48555,19,194697
16746,0.000436,74.125.24.0-255,2902,51457,19,194697
16747,0.000438,172.31.36.0-255,66,51523,19,194697
16748,0.000482,172.31.36.0-255,66,51589,19,194697
16749,0.000487,74.125.24.0-255,2543,54132,19,194697
16750,0.000489,172.31.36.0-255,66,54198,19,194697
16751,0.000627,74.125.24.0-255,645,54843,19,194697
16752,0.000789,74.125.24.0-255,1484,56327,19,194697
16753,0.000793,172.31.36.0-255,66,56393,19,194697
16754,0.000799,74.125.24.0-255,2902,59295,19,194697
16755,0.000801,172.31.36.0-255,66,59361,19,194697
16756,0.000831,74.125.24.0-255,5738,65099,19,194697
16757,0.000835,172.31.36.0-255,66,65165,19,194697
16758,0.000847,172.31.36.0-255,66,65231,19,194697
16759,0.000872,74.125.24.0-255,1484,66715,19,194697
16760,0.000879,74.125.24.0-255,5738,72453,19,194697
16761,0.000881,172.31.36.0-255,66,72519,19,194697
16762,0.000909,74.125.24.0-255,5020,77539,19,194697
16763,0.000912,172.31.36.0-255,66,77605,19,194697
16764,0.000944,74.125.24.0-255,1484,79089,19,194697
16765,0.000962,74.125.24.0-255,2902,81991,19,194697
16766,0.000965,172.31.36.0-255,66,82057,19,194697
16767,0.000969,74.125.24.0-255,1484,83541,19,194697
16768,0.000993,74.125.24.0-255,4320,87861,19,194697
16769,0.000997,172.31.36.0-255,66,87927,19,194697
16770,0.001004,74.125.24.0-255,5738,93665,19,194697
16771,0.001006,172.31.36.0-255,66,93731,19,194697
16772,0.001033,74.125.24.0-255,7156,100887,19,194697
16773,0.001036,172.31.36.0-255,66,100953,19,194697
16774,0.001066,74.125.24.0-255,5738,106691,19,194697
16775,0.001069,172.31.36.0-255,66,106757,19,194697
16776,0.001091,74.125.24.0-255,5020,111777,19,194697
16777,0.001096,172.31.36.0-255,66,111843,19,194697
16778,0.001387,74.125.24.0-255,1484,113327,19,194697
16779,0.001396,74.125.24.0-255,2902,116229,19,194697
16780,0.0014,172.31.36.0-255,66,116295,19,194697
16781,0.001407,74.125.24.0-255,5738,122033,19,194697
16782,0.001409,172.31.36.0-255,66,122099,19,194697
16783,0.001448,172.31.36.0-255,66,122165,19,194697
16784,0.001452,74.125.24.0-255,1484,123649,19,194697
16785,0.001482,74.125.24.0-255,9274,132923,19,194697
16786,0.001485,172.31.36.0-255,66,132989,19,194697
16787,0.002189,74.125.24.0-255,1484,134473,19,194697
16788,0.002197,74.125.24.0-255,2902,137375,19,194697
16789,0.002202,172.31.36.0-255,66,137441,19,194697
16790,0.002209,74.125.24.0-255,5738,143179,19,194697
16791,0.002211,172.31.36.0-255,66,143245,19,194697
16792,0.002288,172.31.36.0-255,66,143311,19,194697
16793,0.002297,74.125.24.0-255,10692,154003,19,194697
16794,0.002299,172.31.36.0-255,66,154069,19,194697
16795,0.004545,74.125.24.0-255,5738,159807,19,194697
16796,0.004549,172.31.36.0-255,66,159873,19,194697
16797,0.006821,74.125.24.0-255,5738,165611,19,194697
16798,0.006827,172.31.36.0-255,66,165677,19,194697
16799,0.009108,74.125.24.0-255,5738,171415,19,194697
16800,0.009114,172.31.36.0-255,66,171481,19,194697
16801,0.011384,74.125.24.0-255,5738,177219,19,194697
16802,0.011396,172.31.36.0-255,66,177285,19,194697
16803,0.013678,74.125.24.0-255,5738,183023,19,194697
16804,0.013686,172.31.36.0-255,66,183089,19,194697
16805,0.01595,74.125.24.0-255,5738,188827,19,194697
16806,0.015961,172.31.36.0-255,66,188893,19,194697
16807,0.018213,74.125.24.0-255,5738,194631,19,194697
16808,0.01822,172.31.36.0-255,66,194697,19,194697
16809,0.0,74.125.24.0-255,146,146,19,156692
16810,2.2e-05,172.31.36.0-255,66,212,19,156692
16811,2.9e-05,74.125.24.0-255,1484,1696,19,156692
16812,3.4e-05,172.31.36.0-255,66,1762,19,156692
16813,4.8e-05,74.125.24.0-255,2902,4664,19,156692
16814,5.2e-05,172.31.36.0-255,66,4730,19,156692
16815,6e-05,74.125.24.0-255,7156,11886,19,156692
16816,6.3e-05,172.31.36.0-255,66,11952,19,156692
16817,6.8e-05,74.125.24.0-255,2056,14008,19,156692
16818,7e-05,172.31.36.0-255,66,14074,19,156692
16819,9.4e-05,74.125.24.0-255,2902,16976,19,156692
16820,0.000102,172.31.36.0-255,66,17042,19,156692
16821,0.000136,74.125.24.0-255,8574,25616,19,156692
16822,0.000139,172.31.36.0-255,66,25682,19,156692
16823,0.000146,74.125.24.0-255,5379,31061,19,156692
16824,0.000149,172.31.36.0-255,66,31127,19,156692
16825,0.000212,74.125.24.0-255,1484,32611,19,156692
16826,0.000214,172.31.36.0-255,66,32677,19,156692
16827,0.000218,74.125.24.0-255,1484,34161,19,156692
16828,0.00022,172.31.36.0-255,66,34227,19,156692
16829,0.000254,74.125.24.0-255,1484,35711,19,156692
16830,0.000256,172.31.36.0-255,66,35777,19,156692
16831,0.000264,74.125.24.0-255,5738,41515,19,156692
16832,0.000266,172.31.36.0-255,66,41581,19,156692
16833,0.00028,74.125.24.0-255,7156,48737,19,156692
16834,0.000282,172.31.36.0-255,66,48803,19,156692
16835,0.000296,74.125.24.0-255,5379,54182,19,156692
16836,0.000303,172.31.36.0-255,66,54248,19,156692
16837,0.000336,74.125.24.0-255,7156,61404,19,156692
16838,0.000339,172.31.36.0-255,66,61470,19,156692
16839,0.000367,74.125.24.0-255,3961,65431,19,156692
16840,0.00037,172.31.36.0-255,66,65497,19,156692
16841,0.000914,74.125.24.0-255,645,66142,19,156692
16842,0.00092,172.31.36.0-255,66,66208,19,156692
16843,0.001544,74.125.24.0-255,1484,67692,19,156692
16844,0.001552,172.31.36.0-255,66,67758,19,156692
16845,0.001563,74.125.24.0-255,2902,70660,19,156692
16846,0.001566,172.31.36.0-255,66,70726,19,156692
16847,0.00158,74.125.24.0-255,5738,76464,19,156692
16848,0.001586,74.125.24.0-255,4320,80784,19,156692
16849,0.001634,74.125.24.0-255,9992,90776,19,156692
16850,0.001658,74.125.24.0-255,1484,92260,19,156692
16851,0.001666,74.125.24.0-255,7308,99568,19,156692
16852,0.001864,74.125.24.0-255,1484,101052,19,156692
16853,0.001871,74.125.24.0-255,2902,103954,19,156692
16854,0.001899,74.125.24.0-255,5738,109692,19,156692
16855,0.001904,74.125.24.0-255,4320,114012,19,156692
16856,0.001907,74.125.24.0-255,1484,115496,19,156692
16857,0.001927,74.125.24.0-255,9992,125488,19,156692
16858,0.001957,74.125.24.0-255,5738,131226,19,156692
16859,0.001975,74.125.24.0-255,2184,133410,19,156692
16860,0.006711,172.31.36.0-255,66,133476,19,156692
16861,0.009011,74.125.24.0-255,5738,139214,19,156692
16862,0.009022,172.31.36.0-255,66,139280,19,156692
16863,0.011269,74.125.24.0-255,5738,145018,19,156692
16864,0.011279,172.31.36.0-255,66,145084,19,156692
16865,0.013526,74.125.24.0-255,5738,150822,19,156692
16866,0.017118,172.31.36.0-255,66,150888,19,156692
16867,0.01937,74.125.24.0-255,5738,156626,19,156692
16868,0.01938,172.31.36.0-255,66,156692,19,156692
16869,0.0,74.125.68.0-255,153,153,19,255399
16870,2.7e-05,172.31.36.0-255,66,219,19,255399
16871,3.5e-05,74.125.68.0-255,1484,1703,19,255399
16872,3.9e-05,172.31.36.0-255,66,1769,19,255399
16873,4.4e-05,74.125.68.0-255,2902,4671,19,255399
16874,4.7e-05,172.31.36.0-255,66,4737,19,255399
16875,5.1e-05,74.125.68.0-255,2902,7639,19,255399
16876,5.3e-05,172.31.36.0-255,66,7705,19,255399
16877,8.1e-05,74.125.68.0-255,2902,10607,19,255399
16878,8.6e-05,74.125.68.0-255,3470,14077,19,255399
16879,8.6e-05,172.31.36.0-255,66,14143,19,255399
16880,9e-05,172.31.36.0-255,66,14209,19,255399
16881,0.000118,74.125.68.0-255,1484,15693,19,255399
16882,0.000121,172.31.36.0-255,66,15759,19,255399
16883,0.000144,74.125.68.0-255,2902,18661,19,255399
16884,0.000147,172.31.36.0-255,66,18727,19,255399
16885,0.000171,74.125.68.0-255,2902,21629,19,255399
16886,0.000173,172.31.36.0-255,66,21695,19,255399
16887,0.000197,74.125.68.0-255,2902,24597,19,255399
16888,0.000199,172.31.36.0-255,66,24663,19,255399
16889,0.000206,74.125.68.0-255,6797,31460,19,255399
16890,0.000208,172.31.36.0-255,66,31526,19,255399
16891,0.00056,74.125.68.0-255,1484,33010,19,255399
16892,0.000565,172.31.36.0-255,66,33076,19,255399
16893,0.00057,74.125.68.0-255,2902,35978,19,255399
16894,0.000572,172.31.36.0-255,66,36044,19,255399
16895,0.000585,74.125.68.0-255,1484,37528,19,255399
16896,0.000588,172.31.36.0-255,66,37594,19,255399
16897,0.000593,74.125.68.0-255,2902,40496,19,255399
16898,0.000596,172.31.36.0-255,66,40562,19,255399
16899,0.000623,74.125.68.0-255,5738,46300,19,255399
16900,0.000626,172.31.36.0-255,66,46366,19,255399
16901,0.000631,74.125.68.0-255,2902,49268,19,255399
16902,0.000634,172.31.36.0-255,66,49334,19,255399
16903,0.000648,74.125.68.0-255,2543,51877,19,255399
16904,0.000651,172.31.36.0-255,66,51943,19,255399
16905,0.000655,74.125.68.0-255,2902,54845,19,255399
16906,0.000657,172.31.36.0-255,66,54911,19,255399
16907,0.000682,74.125.68.0-255,2902,57813,19,255399
16908,0.000685,172.31.36.0-255,66,57879,19,255399
16909,0.000771,74.125.68.0-255,7156,65035,19,255399
16910,0.000775,172.31.36.0-255,66,65101,19,255399
16911,0.000795,74.125.68.0-255,1125,66226,19,255399
16912,0.000798,74.125.68.0-255,401,66627,19,255399
16913,0.000862,172.31.36.0-255,66,66693,19,255399
16914,0.000894,74.125.68.0-255,342,67035,19,255399
16915,0.001123,74.125.68.0-255,1484,68519,19,255399
16916,0.001128,172.31.36.0-255,66,68585,19,255399
16917,0.001135,74.125.68.0-255,2902,71487,19,255399
16918,0.001138,172.31.36.0-255,66,71553,19,255399
16919,0.001141,74.125.68.0-255,1484,73037,19,255399
16920,0.001145,74.125.68.0-255,2902,75939,19,255399
16921,0.001148,172.31.36.0-255,66,76005,19,255399
16922,0.001174,74.125.68.0-255,5738,81743,19,255399
16923,0.001176,172.31.36.0-255,66,81809,19,255399
16924,0.00119,74.125.68.0-255,1484,83293,19,255399
16925,0.001209,74.125.68.0-255,8574,91867,19,255399
16926,0.001212,172.31.36.0-255,66,91933,19,255399
16927,0.001244,74.125.68.0-255,2902,94835,19,255399
16928,0.001247,172.31.36.0-255,66,94901,19,255399
16929,0.001271,74.125.68.0-255,6438,101339,19,255399
16930,0.001276,172.31.36.0-255,66,101405,19,255399
16931,0.001301,74.125.68.0-255,1484,102889,19,255399
16932,0.001306,74.125.68.0-255,2902,105791,19,255399
16933,0.001308,172.31.36.0-255,66,105857,19,255399
16934,0.001315,74.125.68.0-255,5738,111595,19,255399
16935,0.001318,172.31.36.0-255,66,111661,19,255399
16936,0.001345,74.125.68.0-255,4320,115981,19,255399
16937,0.001349,172.31.36.0-255,66,116047,19,255399
16938,0.001369,74.125.68.0-255,4320,120367,19,255399
16939,0.001372,172.31.36.0-255,66,120433,19,255399
16940,0.00138,74.125.68.0-255,8574,129007,19,255399
16941,0.001384,172.31.36.0-255,66,129073,19,255399
16942,0.001396,74.125.68.0-255,1484,130557,19,255399
16943,0.001402,74.125.68.0-255,5020,135577,19,255399
16944,0.001406,172.31.36.0-255,66,135643,19,255399
16945,0.001484,74.125.68.0-255,1484,137127,19,255399
16946,0.0015,74.125.68.0-255,1484,138611,19,255399
16947,0.001503,172.31.36.0-255,66,138677,19,255399
16948,0.001507,74.125.68.0-255,2902,141579,19,255399
16949,0.001509,172.31.36.0-255,66,141645,19,255399
16950,0.001537,74.125.68.0-255,5738,147383,19,255399
16951,0.00154,172.31.36.0-255,66,147449,19,255399
16952,0.001564,74.125.68.0-255,5738,153187,19,255399
16953,0.001567,172.31.36.0-255,66,153253,19,255399
16954,0.001573,74.125.68.0-255,7156,160409,19,255399
16955,0.001575,172.31.36.0-255,66,160475,19,255399
16956,0.001593,74.125.68.0-255,1484,161959,19,255399
16957,0.001613,74.125.68.0-255,7856,169815,19,255399
16958,0.001616,172.31.36.0-255,66,169881,19,255399
16959,0.001682,74.125.68.0-255,1484,171365,19,255399
16960,0.001687,74.125.68.0-255,2902,174267,19,255399
16961,0.001688,172.31.36.0-255,66,174333,19,255399
16962,0.001705,74.125.68.0-255,2902,177235,19,255399
16963,0.001707,172.31.36.0-255,66,177301,19,255399
16964,0.001712,74.125.68.0-255,4320,181621,19,255399
16965,0.001714,172.31.36.0-255,66,181687,19,255399
16966,0.001735,74.125.68.0-255,5738,187425,19,255399
16967,0.001737,172.31.36.0-255,66,187491,19,255399
16968,0.001749,74.125.68.0-255,2902,190393,19,255399
16969,0.001751,172.31.36.0-255,66,190459,19,255399
16970,0.001754,74.125.68.0-255,1484,191943,19,255399
16971,0.00178,74.125.68.0-255,2902,194845,19,255399
16972,0.001782,172.31.36.0-255,66,194911,19,255399
16973,0.001788,74.125.68.0-255,5738,200649,19,255399
16974,0.00179,172.31.36.0-255,66,200715,19,255399
16975,0.0018,74.125.68.0-255,1484,202199,19,255399
16976,0.001819,74.125.68.0-255,2184,204383,19,255399
16977,0.001821,172.31.36.0-255,66,204449,19,255399
16978,0.00201,74.125.68.0-255,1484,205933,19,255399
16979,0.00382,74.125.68.0-255,4320,210253,19,255399
16980,0.003825,172.31.36.0-255,66,210319,19,255399
16981,0.005818,74.125.68.0-255,4320,214639,19,255399
16982,0.005823,172.31.36.0-255,66,214705,19,255399
16983,0.005848,74.125.68.0-255,1484,216189,19,255399
16984,0.007835,74.125.68.0-255,4320,220509,19,255399
16985,0.007843,172.31.36.0-255,66,220575,19,255399
16986,0.009847,74.125.68.0-255,5738,226313,19,255399
16987,0.009854,172.31.36.0-255,66,226379,19,255399
16988,0.011856,74.125.68.0-255,5738,232117,19,255399
16989,0.011864,172.31.36.0-255,66,232183,19,255399
16990,0.013867,74.125.68.0-255,5738,237921,19,255399
16991,0.013874,172.31.36.0-255,66,237987,19,255399
16992,0.015864,74.125.68.0-255,5738,243725,19,255399
16993,0.01587,172.31.36.0-255,66,243791,19,255399
16994,0.01788,74.125.68.0-255,5738,249529,19,255399
16995,0.01789,172.31.36.0-255,66,249595,19,255399
16996,0.019902,74.125.68.0-255,5738,255333,19,255399
16997,0.01991,172.31.36.0-255,66,255399,19,255399
16998,0.0,74.125.24.0-255,152,152,19,242928
16999,1.7e-05,172.31.36.0-255,66,218,19,242928
17000,2.4e-05,74.125.24.0-255,1484,1702,19,242928
17001,2.8e-05,172.31.36.0-255,66,1768,19,242928
17002,3.4e-05,74.125.24.0-255,2902,4670,19,242928
17003,3.7e-05,172.31.36.0-255,66,4736,19,242928
17004,4.5e-05,74.125.24.0-255,7156,11892,19,242928
17005,4.8e-05,172.31.36.0-255,66,11958,19,242928
17006,5.2e-05,74.125.24.0-255,1484,13442,19,242928
17007,5.4e-05,172.31.36.0-255,66,13508,19,242928
17008,7.7e-05,74.125.24.0-255,687,14195,19,242928
17009,7.9e-05,172.31.36.0-255,66,14261,19,242928
17010,8.5e-05,74.125.24.0-255,2902,17163,19,242928
17011,8.8e-05,172.31.36.0-255,66,17229,19,242928
17012,0.000107,74.125.24.0-255,7156,24385,19,242928
17013,0.00011,172.31.36.0-255,66,24451,19,242928
17014,0.000113,74.125.24.0-255,1484,25935,19,242928
17015,0.000115,172.31.36.0-255,66,26001,19,242928
17016,0.000141,74.125.24.0-255,2902,28903,19,242928
17017,0.000143,172.31.36.0-255,66,28969,19,242928
17018,0.000163,74.125.24.0-255,2543,31512,19,242928
17019,0.000166,172.31.36.0-255,66,31578,19,242928
17020,0.000321,74.125.24.0-255,1484,33062,19,242928
17021,0.000326,172.31.36.0-255,66,33128,19,242928
17022,0.000332,74.125.24.0-255,2902,36030,19,242928
17023,0.000334,172.31.36.0-255,66,36096,19,242928
17024,0.000337,74.125.24.0-255,1484,37580,19,242928
17025,0.000339,172.31.36.0-255,66,37646,19,242928
17026,0.000369,74.125.24.0-255,4320,41966,19,242928
17027,0.000372,172.31.36.0-255,66,42032,19,242928
17028,0.000379,74.125.24.0-255,5738,47770,19,242928
17029,0.000381,172.31.36.0-255,66,47836,19,242928
17030,0.000411,74.125.24.0-255,6797,54633,19,242928
17031,0.000413,172.31.36.0-255,66,54699,19,242928
17032,0.000431,74.125.24.0-255,1484,56183,19,242928
17033,0.000448,74.125.24.0-255,5738,61921,19,242928
17034,0.000451,172.31.36.0-255,66,61987,19,242928
17035,0.000472,74.125.24.0-255,4230,66217,19,242928
17036,0.000475,172.31.36.0-255,66,66283,19,242928
17037,0.000487,74.125.24.0-255,137,66420,19,242928
17038,0.000593,74.125.24.0-255,1484,67904,19,242928
17039,0.000598,172.31.36.0-255,66,67970,19,242928
17040,0.000609,74.125.24.0-255,2902,70872,19,242928
17041,0.000612,172.31.36.0-255,66,70938,19,242928
17042,0.000615,74.125.24.0-255,1484,72422,19,242928
17043,0.000643,74.125.24.0-255,5738,78160,19,242928
17044,0.000646,172.31.36.0-255,66,78226,19,242928
17045,0.000665,74.125.24.0-255,4320,82546,19,242928
17046,0.000668,172.31.36.0-255,66,82612,19,242928
17047,0.000697,74.125.24.0-255,8215,90827,19,242928
17048,0.0007,172.31.36.0-255,66,90893,19,242928
17049,0.000724,74.125.24.0-255,5738,96631,19,242928
17050,0.000727,172.31.36.0-255,66,96697,19,242928
17051,0.000746,74.125.24.0-255,3961,100658,19,242928
17052,0.000749,172.31.36.0-255,66,100724,19,242928
17053,0.001255,74.125.24.0-255,346,101070,19,242928
17054,0.00129,74.125.24.0-255,1484,102554,19,242928
17055,0.001294,172.31.36.0-255,66,102620,19,242928
17056,0.001314,74.125.24.0-255,4320,106940,19,242928
17057,0.001317,172.31.36.0-255,66,107006,19,242928
17058,0.001336,74.125.24.0-255,2902,109908,19,242928
17059,0.001339,172.31.36.0-255,66,109974,19,242928
17060,0.001364,74.125.24.0-255,7156,117130,19,242928
17061,0.001366,172.31.36.0-255,66,117196,19,242928
17062,0.001373,74.125.24.0-255,7156,124352,19,242928
17063,0.001375,172.31.36.0-255,66,124418,19,242928
17064,0.001429,74.125.24.0-255,10692,135110,19,242928
17065,0.001432,172.31.36.0-255,66,135176,19,242928
17066,0.001499,74.125.24.0-255,1484,136660,19,242928
17067,0.001503,74.125.24.0-255,1484,138144,19,242928
17068,0.001512,172.31.36.0-255,66,138210,19,242928
17069,0.001516,74.125.24.0-255,1484,139694,19,242928
17070,0.001523,74.125.24.0-255,5738,145432,19,242928
17071,0.001526,172.31.36.0-255,66,145498,19,242928
17072,0.001544,74.125.24.0-255,4320,149818,19,242928
17073,0.001546,172.31.36.0-255,66,149884,19,242928
17074,0.001583,74.125.24.0-255,8574,158458,19,242928
17075,0.001586,172.31.36.0-255,66,158524,19,242928
17076,0.001595,74.125.24.0-255,9992,168516,19,242928
17077,0.001597,172.31.36.0-255,66,168582,19,242928
17078,0.0016,74.125.24.0-255,766,169348,19,242928
17079,0.00179,74.125.24.0-255,1484,170832,19,242928
17080,0.001795,172.31.36.0-255,66,170898,19,242928
17081,0.0018,74.125.24.0-255,2902,173800,19,242928
17082,0.001802,172.31.36.0-255,66,173866,19,242928
17083,0.001809,74.125.24.0-255,2902,176768,19,242928
17084,0.001811,172.31.36.0-255,66,176834,19,242928
17085,0.001838,74.125.24.0-255,2902,179736,19,242928
17086,0.001841,172.31.36.0-255,66,179802,19,242928
17087,0.001855,172.31.36.0-255,66,179868,19,242928
17088,0.001858,74.125.24.0-255,1484,181352,19,242928
17089,0.001887,74.125.24.0-255,9274,190626,19,242928
17090,0.00189,172.31.36.0-255,66,190692,19,242928
17091,0.003877,74.125.24.0-255,5738,196430,19,242928
17092,0.003885,172.31.36.0-255,66,196496,19,242928
17093,0.005898,74.125.24.0-255,5738,202234,19,242928
17094,0.005903,172.31.36.0-255,66,202300,19,242928
17095,0.007883,74.125.24.0-255,5738,208038,19,242928
17096,0.007888,172.31.36.0-255,66,208104,19,242928
17097,0.009872,74.125.24.0-255,5738,213842,19,242928
17098,0.009879,172.31.36.0-255,66,213908,19,242928
17099,0.011854,74.125.24.0-255,5738,219646,19,242928
17100,0.011862,172.31.36.0-255,66,219712,19,242928
17101,0.013889,74.125.24.0-255,5738,225450,19,242928
17102,0.013897,172.31.36.0-255,66,225516,19,242928
17103,0.01586,74.125.24.0-255,5738,231254,19,242928
17104,0.015868,172.31.36.0-255,66,231320,19,242928
17105,0.017849,74.125.24.0-255,5738,237058,19,242928
17106,0.017856,172.31.36.0-255,66,237124,19,242928
17107,0.019857,74.125.24.0-255,5738,242862,19,242928
17108,0.019869,172.31.36.0-255,66,242928,19,242928
17109,0.0,74.125.24.0-255,290,290,19,207775
17110,2.3e-05,172.31.36.0-255,66,356,19,207775
17111,3e-05,74.125.24.0-255,1484,1840,19,207775
17112,3.5e-05,172.31.36.0-255,66,1906,19,207775
17113,4.2e-05,74.125.24.0-255,4320,6226,19,207775
17114,4.4e-05,172.31.36.0-255,66,6292,19,207775
17115,5.2e-05,74.125.24.0-255,7485,13777,19,207775
17116,5.5e-05,172.31.36.0-255,66,13843,19,207775
17117,6.3e-05,74.125.24.0-255,8574,22417,19,207775
17118,6.6e-05,172.31.36.0-255,66,22483,19,207775
17119,6.9e-05,74.125.24.0-255,1484,23967,19,207775
17120,7.2e-05,172.31.36.0-255,66,24033,19,207775
17121,0.000104,74.125.24.0-255,6797,30830,19,207775
17122,0.000107,172.31.36.0-255,66,30896,19,207775
17123,0.000148,74.125.24.0-255,1484,32380,19,207775
17124,0.000151,172.31.36.0-255,66,32446,19,207775
17125,0.000155,74.125.24.0-255,2902,35348,19,207775
17126,0.000157,172.31.36.0-255,66,35414,19,207775
17127,0.000164,74.125.24.0-255,5738,41152,19,207775
17128,0.000167,172.31.36.0-255,66,41218,19,207775
17129,0.000171,74.125.24.0-255,2902,44120,19,207775
17130,0.000172,172.31.36.0-255,66,44186,19,207775
17131,0.000223,74.125.24.0-255,1484,45670,19,207775
17132,0.000226,172.31.36.0-255,66,45736,19,207775
17133,0.000245,74.125.24.0-255,2543,48279,19,207775
17134,0.000247,172.31.36.0-255,66,48345,19,207775
17135,0.000305,74.125.24.0-255,1484,49829,19,207775
17136,0.000308,172.31.36.0-255,66,49895,19,207775
17137,0.000314,74.125.24.0-255,2902,52797,19,207775
17138,0.000316,172.31.36.0-255,66,52863,19,207775
17139,0.000319,74.125.24.0-255,1484,54347,19,207775
17140,0.000321,172.31.36.0-255,66,54413,19,207775
17141,0.000345,74.125.24.0-255,4320,58733,19,207775
17142,0.000348,172.31.36.0-255,66,58799,19,207775
17143,0.000384,74.125.24.0-255,7159,65958,19,207775
17144,0.000387,172.31.36.0-255,66,66024,19,207775
17145,0.000411,74.125.24.0-255,347,66371,19,207775
17146,0.000591,74.125.24.0-255,1484,67855,19,207775
17147,0.000596,172.31.36.0-255,66,67921,19,207775
17148,0.000601,74.125.24.0-255,2902,70823,19,207775
17149,0.000604,172.31.36.0-255,66,70889,19,207775
17150,0.00061,74.125.24.0-255,5738,76627,19,207775
17151,0.000613,172.31.36.0-255,66,76693,19,207775
17152,0.000647,74.125.24.0-255,6797,83490,19,207775
17153,0.00065,172.31.36.0-255,66,83556,19,207775
17154,0.000671,74.125.24.0-255,7156,90712,19,207775
17155,0.000674,172.31.36.0-255,66,90778,19,207775
17156,0.000679,74.125.24.0-255,4320,95098,19,207775
17157,0.000681,172.31.36.0-255,66,95164,19,207775
17158,0.000737,74.125.24.0-255,5379,100543,19,207775
17159,0.000741,172.31.36.0-255,66,100609,19,207775
17160,0.001593,74.125.24.0-255,1484,102093,19,207775
17161,0.001603,74.125.24.0-255,2902,104995,19,207775
17162,0.001607,172.31.36.0-255,66,105061,19,207775
17163,0.001615,74.125.24.0-255,5738,110799,19,207775
17164,0.001617,172.31.36.0-255,66,110865,19,207775
17165,0.00162,74.125.24.0-255,1484,112349,19,207775
17166,0.001655,172.31.36.0-255,66,112415,19,207775
17167,0.001663,74.125.24.0-255,8574,120989,19,207775
17168,0.001665,172.31.36.0-255,66,121055,19,207775
17169,0.001681,74.125.24.0-255,2184,123239,19,207775
17170,0.001684,172.31.36.0-255,66,123305,19,207775
17171,0.001761,74.125.24.0-255,1484,124789,19,207775
17172,0.00178,74.125.24.0-255,2902,127691,19,207775
17173,0.001783,172.31.36.0-255,66,127757,19,207775
17174,0.00179,74.125.24.0-255,5738,133495,19,207775
17175,0.001792,172.31.36.0-255,66,133561,19,207775
17176,0.001798,74.125.24.0-255,4320,137881,19,207775
17177,0.001799,172.31.36.0-255,66,137947,19,207775
17178,0.00184,172.31.36.0-255,66,138013,19,207775
17179,0.001865,74.125.24.0-255,7856,145869,19,207775
17180,0.001867,172.31.36.0-255,66,145935,19,207775
17181,0.002134,74.125.24.0-255,1484,147419,19,207775
17182,0.002142,74.125.24.0-255,2902,150321,19,207775
17183,0.002146,172.31.36.0-255,66,150387,19,207775
17184,0.002154,74.125.24.0-255,5738,156125,19,207775
17185,0.002156,172.31.36.0-255,66,156191,19,207775
17186,0.002198,172.31.36.0-255,66,156257,19,207775
17187,0.002205,74.125.24.0-255,5738,161995,19,207775
17188,0.002207,172.31.36.0-255,66,162061,19,207775
17189,0.002222,74.125.24.0-255,5020,167081,19,207775
17190,0.002224,172.31.36.0-255,66,167147,19,207775
17191,0.004467,74.125.24.0-255,5738,172885,19,207775
17192,0.004475,172.31.36.0-255,66,172951,19,207775
17193,0.006771,74.125.24.0-255,5738,178689,19,207775
17194,0.006775,172.31.36.0-255,66,178755,19,207775
17195,0.009032,74.125.24.0-255,5738,184493,19,207775
17196,0.00904,172.31.36.0-255,66,184559,19,207775
17197,0.011293,74.125.24.0-255,5738,190297,19,207775
17198,0.011299,172.31.36.0-255,66,190363,19,207775
17199,0.01357,74.125.24.0-255,5738,196101,19,207775
17200,0.013577,172.31.36.0-255,66,196167,19,207775
17201,0.015859,74.125.24.0-255,5738,201905,19,207775
17202,0.015866,172.31.36.0-255,66,201971,19,207775
17203,0.018144,74.125.24.0-255,5738,207709,19,207775
17204,0.018155,172.31.36.0-255,66,207775,19,207775
17205,0.0,74.125.24.0-255,146,146,19,234137
17206,2.3e-05,172.31.36.0-255,66,212,19,234137
17207,3e-05,74.125.24.0-255,1484,1696,19,234137
17208,3.5e-05,172.31.36.0-255,66,1762,19,234137
17209,4.8e-05,74.125.24.0-255,2902,4664,19,234137
17210,5.1e-05,172.31.36.0-255,66,4730,19,234137
17211,5.8e-05,74.125.24.0-255,5738,10468,19,234137
17212,6.2e-05,172.31.36.0-255,66,10534,19,234137
17213,6.5e-05,74.125.24.0-255,1484,12018,19,234137
17214,6.7e-05,172.31.36.0-255,66,12084,19,234137
17215,8.6e-05,74.125.24.0-255,2049,14133,19,234137
17216,8.8e-05,172.31.36.0-255,66,14199,19,234137
17217,9.9e-05,74.125.24.0-255,4320,18519,19,234137
17218,0.000101,172.31.36.0-255,66,18585,19,234137
17219,0.000141,74.125.24.0-255,9992,28577,19,234137
17220,0.000144,172.31.36.0-255,66,28643,19,234137
17221,0.000151,74.125.24.0-255,5738,34381,19,234137
17222,0.000153,172.31.36.0-255,66,34447,19,234137
17223,0.000161,74.125.24.0-255,7156,41603,19,234137
17224,0.000164,172.31.36.0-255,66,41669,19,234137
17225,0.00019,74.125.24.0-255,6438,48107,19,234137
17226,0.000193,172.31.36.0-255,66,48173,19,234137
17227,0.000432,74.125.24.0-255,1484,49657,19,234137
17228,0.000438,172.31.36.0-255,66,49723,19,234137
17229,0.000444,74.125.24.0-255,2902,52625,19,234137
17230,0.000446,172.31.36.0-255,66,52691,19,234137
17231,0.000481,74.125.24.0-255,5738,58429,19,234137
17232,0.000486,172.31.36.0-255,66,58495,19,234137
17233,0.000494,74.125.24.0-255,7122,65617,19,234137
17234,0.000496,172.31.36.0-255,66,65683,19,234137
17235,0.000695,74.125.24.0-255,1484,67167,19,234137
17236,0.0007,74.125.24.0-255,2902,70069,19,234137
17237,0.000705,172.31.36.0-255,66,70135,19,234137
17238,0.000709,172.31.36.0-255,66,70201,19,234137
17239,0.000738,74.125.24.0-255,5738,75939,19,234137
17240,0.000742,172.31.36.0-255,66,76005,19,234137
17241,0.000751,74.125.24.0-255,8574,84579,19,234137
17242,0.000754,172.31.36.0-255,66,84645,19,234137
17243,0.000784,74.125.24.0-255,4320,88965,19,234137
17244,0.000786,172.31.36.0-255,66,89031,19,234137
17245,0.00082,74.125.24.0-255,10692,99723,19,234137
17246,0.000827,172.31.36.0-255,66,99789,19,234137
17247,0.000835,74.125.24.0-255,1484,101273,19,234137
17248,0.000838,74.125.24.0-255,1484,102757,19,234137
17249,0.000849,172.31.36.0-255,66,102823,19,234137
17250,0.000856,74.125.24.0-255,1484,104307,19,234137
17251,0.000858,172.31.36.0-255,66,104373,19,234137
17252,0.000887,74.125.24.0-255,5738,110111,19,234137
17253,0.00089,172.31.36.0-255,66,110177,19,234137
17254,0.000905,172.31.36.0-255,66,110243,19,234137
17255,0.000911,74.125.24.0-255,4320,114563,19,234137
17256,0.000914,172.31.36.0-255,66,114629,19,234137
17257,0.00094,74.125.24.0-255,4320,118949,19,234137
17258,0.000943,172.31.36.0-255,66,119015,19,234137
17259,0.000949,74.125.24.0-255,4320,123335,19,234137
17260,0.000951,172.31.36.0-255,66,123401,19,234137
17261,0.000995,172.31.36.0-255,66,123467,19,234137
17262,0.001016,74.125.24.0-255,4320,127787,19,234137
17263,0.001019,172.31.36.0-255,66,127853,19,234137
17264,0.001061,172.31.36.0-255,66,127919,19,234137
17265,0.001088,74.125.24.0-255,2184,130103,19,234137
17266,0.00109,172.31.36.0-255,66,130169,19,234137
17267,0.001096,74.125.24.0-255,2902,133071,19,234137
17268,0.001098,172.31.36.0-255,66,133137,19,234137
17269,0.001105,74.125.24.0-255,7156,140293,19,234137
17270,0.001108,172.31.36.0-255,66,140359,19,234137
17271,0.001184,172.31.36.0-255,66,140425,19,234137
17272,0.001192,74.125.24.0-255,7856,148281,19,234137
17273,0.001195,172.31.36.0-255,66,148347,19,234137
17274,0.001273,74.125.24.0-255,1484,149831,19,234137
17275,0.001278,74.125.24.0-255,2902,152733,19,234137
17276,0.001282,172.31.36.0-255,66,152799,19,234137
17277,0.001287,74.125.24.0-255,2902,155701,19,234137
17278,0.001289,172.31.36.0-255,66,155767,19,234137
17279,0.001323,74.125.24.0-255,2902,158669,19,234137
17280,0.001326,172.31.36.0-255,66,158735,19,234137
17281,0.001334,74.125.24.0-255,8574,167309,19,234137
17282,0.001336,172.31.36.0-255,66,167375,19,234137
17283,0.001339,74.125.24.0-255,1484,168859,19,234137
17284,0.00138,172.31.36.0-255,66,168925,19,234137
17285,0.001387,74.125.24.0-255,7156,176081,19,234137
17286,0.001389,172.31.36.0-255,66,176147,19,234137
17287,0.001418,74.125.24.0-255,2902,179049,19,234137
17288,0.001421,172.31.36.0-255,66,179115,19,234137
17289,0.001434,74.125.24.0-255,7156,186271,19,234137
17290,0.001437,172.31.36.0-255,66,186337,19,234137
17291,0.001485,172.31.36.0-255,66,186403,19,234137
17292,0.001511,74.125.24.0-255,5738,192141,19,234137
17293,0.001514,172.31.36.0-255,66,192207,19,234137
17294,0.001563,172.31.36.0-255,66,192273,19,234137
17295,0.00163,74.125.24.0-255,8574,200847,19,234137
17296,0.001634,172.31.36.0-255,66,200913,19,234137
17297,0.001694,172.31.36.0-255,66,200979,19,234137
17298,0.001755,74.125.24.0-255,8574,209553,19,234137
17299,0.001783,74.125.24.0-255,9274,218827,19,234137
17300,0.001819,74.125.24.0-255,5738,224565,19,234137
17301,0.001994,74.125.24.0-255,9005,233570,19,234137
17302,0.005786,172.31.36.0-255,66,233636,19,234137
17303,0.005791,172.31.36.0-255,66,233702,19,234137
17304,0.005794,172.31.36.0-255,66,233768,19,234137
17305,0.005797,172.31.36.0-255,66,233834,19,234137
17306,0.005808,172.31.36.0-255,66,233900,19,234137
17307,0.005811,172.31.36.0-255,66,233966,19,234137
17308,0.008969,172.31.36.0-255,105,234071,19,234137
17309,0.01128,74.125.24.0-255,66,234137,19,234137
17310,0.0,74.125.200.0-255,153,153,19,333857
17311,1.7e-05,172.31.36.0-255,66,219,19,333857
17312,2.4e-05,74.125.200.0-255,1484,1703,19,333857
17313,2.7e-05,172.31.36.0-255,66,1769,19,333857
17314,5e-05,74.125.200.0-255,2902,4671,19,333857
17315,5.4e-05,172.31.36.0-255,66,4737,19,333857
17316,5.7e-05,74.125.200.0-255,1484,6221,19,333857
17317,6e-05,172.31.36.0-255,66,6287,19,333857
17318,6.7e-05,74.125.200.0-255,5738,12025,19,333857
17319,7e-05,172.31.36.0-255,66,12091,19,333857
17320,0.000109,74.125.200.0-255,6312,18403,19,333857
17321,0.000112,172.31.36.0-255,66,18469,19,333857
17322,0.000119,74.125.200.0-255,7156,25625,19,333857
17323,0.000122,172.31.36.0-255,66,25691,19,333857
17324,0.000167,74.125.200.0-255,5379,31070,19,333857
17325,0.000169,172.31.36.0-255,66,31136,19,333857
17326,0.000257,74.125.200.0-255,1484,32620,19,333857
17327,0.000263,172.31.36.0-255,66,32686,19,333857
17328,0.000267,74.125.200.0-255,2902,35588,19,333857
17329,0.00027,172.31.36.0-255,66,35654,19,333857
17330,0.000285,74.125.200.0-255,4320,39974,19,333857
17331,0.000288,172.31.36.0-255,66,40040,19,333857
17332,0.000311,74.125.200.0-255,1484,41524,19,333857
17333,0.000314,172.31.36.0-255,66,41590,19,333857
17334,0.000322,74.125.200.0-255,7156,48746,19,333857
17335,0.000324,172.31.36.0-255,66,48812,19,333857
17336,0.000332,74.125.200.0-255,8574,57386,19,333857
17337,0.000335,172.31.36.0-255,66,57452,19,333857
17338,0.000378,74.125.200.0-255,7856,65308,19,333857
17339,0.000381,172.31.36.0-255,66,65374,19,333857
17340,0.000384,74.125.200.0-255,678,66052,19,333857
17341,0.000386,172.31.36.0-255,66,66118,19,333857
17342,0.000785,74.125.200.0-255,1484,67602,19,333857
17343,0.000792,74.125.200.0-255,2902,70504,19,333857
17344,0.000796,172.31.36.0-255,66,70570,19,333857
17345,0.000801,74.125.200.0-255,1484,72054,19,333857
17346,0.000822,74.125.200.0-255,1484,73538,19,333857
17347,0.000824,172.31.36.0-255,66,73604,19,333857
17348,0.000841,74.125.200.0-255,1484,75088,19,333857
17349,0.000865,74.125.200.0-255,4320,79408,19,333857
17350,0.000868,172.31.36.0-255,66,79474,19,333857
17351,0.000884,74.125.200.0-255,1484,80958,19,333857
17352,0.000906,74.125.200.0-255,7156,88114,19,333857
17353,0.00091,172.31.36.0-255,66,88180,19,333857
17354,0.000928,74.125.200.0-255,2902,91082,19,333857
17355,0.000931,172.31.36.0-255,66,91148,19,333857
17356,0.00097,74.125.200.0-255,2902,94050,19,333857
17357,0.000973,172.31.36.0-255,66,94116,19,333857
17358,0.000999,74.125.200.0-255,6438,100554,19,333857
17359,0.001002,172.31.36.0-255,66,100620,19,333857
17360,0.00122,74.125.200.0-255,1484,102104,19,333857
17361,0.001234,74.125.200.0-255,2902,105006,19,333857
17362,0.001238,172.31.36.0-255,66,105072,19,333857
17363,0.001263,74.125.200.0-255,5738,110810,19,333857
17364,0.001266,172.31.36.0-255,66,110876,19,333857
17365,0.001273,74.125.200.0-255,7156,118032,19,333857
17366,0.001276,172.31.36.0-255,66,118098,19,333857
17367,0.001305,74.125.200.0-255,8574,126672,19,333857
17368,0.001308,172.31.36.0-255,66,126738,19,333857
17369,0.001334,74.125.200.0-255,7856,134594,19,333857
17370,0.001337,172.31.36.0-255,66,134660,19,333857
17371,0.001358,74.125.200.0-255,2902,137562,19,333857
17372,0.001361,172.31.36.0-255,66,137628,19,333857
17373,0.001386,74.125.200.0-255,5738,143366,19,333857
17374,0.00139,172.31.36.0-255,66,143432,19,333857
17375,0.001396,74.125.200.0-255,4320,147752,19,333857
17376,0.001398,172.31.36.0-255,66,147818,19,333857
17377,0.001433,172.31.36.0-255,66,147884,19,333857
17378,0.00145,74.125.200.0-255,1484,149368,19,333857
17379,0.001458,74.125.200.0-255,6438,155806,19,333857
17380,0.001461,172.31.36.0-255,66,155872,19,333857
17381,0.001478,74.125.200.0-255,1484,157356,19,333857
17382,0.00148,74.125.200.0-255,1484,158840,19,333857
17383,0.001485,172.31.36.0-255,66,158906,19,333857
17384,0.001501,74.125.200.0-255,1484,160390,19,333857
17385,0.001507,74.125.200.0-255,5738,166128,19,333857
17386,0.00151,172.31.36.0-255,66,166194,19,333857
17387,0.001532,74.125.200.0-255,5738,171932,19,333857
17388,0.001535,172.31.36.0-255,66,171998,19,333857
17389,0.001555,74.125.200.0-255,2902,174900,19,333857
17390,0.001558,172.31.36.0-255,66,174966,19,333857
17391,0.001561,74.125.200.0-255,1484,176450,19,333857
17392,0.001583,74.125.200.0-255,8574,185024,19,333857
17393,0.001585,172.31.36.0-255,66,185090,19,333857
17394,0.001592,74.125.200.0-255,5020,190110,19,333857
17395,0.001594,172.31.36.0-255,66,190176,19,333857
17396,0.001626,74.125.200.0-255,4320,194496,19,333857
17397,0.001629,172.31.36.0-255,66,194562,19,333857
17398,0.001644,74.125.200.0-255,1484,196046,19,333857
17399,0.001653,74.125.200.0-255,7156,203202,19,333857
17400,0.0017,172.31.36.0-255,66,203268,19,333857
17401,0.001726,74.125.200.0-255,5738,209006,19,333857
17402,0.00179,172.31.36.0-255,66,209072,19,333857
17403,0.001797,74.125.200.0-255,7156,216228,19,333857
17404,0.00181,172.31.36.0-255,66,216294,19,333857
17405,0.001818,74.125.200.0-255,9274,225568,19,333857
17406,0.001847,74.125.200.0-255,8574,234142,19,333857
17407,0.001865,172.31.36.0-255,66,234208,19,333857
17408,0.00187,74.125.200.0-255,2902,237110,19,333857
17409,0.001878,74.125.200.0-255,9992,247102,19,333857
17410,0.001885,172.31.36.0-255,66,247168,19,333857
17411,0.001898,74.125.200.0-255,2902,250070,19,333857
17412,0.001901,74.125.200.0-255,1484,251554,19,333857
17413,0.001922,74.125.200.0-255,5738,257292,19,333857
17414,0.001939,74.125.200.0-255,2184,259476,19,333857
17415,0.001942,172.31.36.0-255,66,259542,19,333857
17416,0.001948,172.31.36.0-255,66,259608,19,333857
17417,0.001997,74.125.200.0-255,1484,261092,19,333857
17418,0.002028,74.125.200.0-255,2902,263994,19,333857
17419,0.002047,74.125.200.0-255,5738,269732,19,333857
17420,0.002051,74.125.200.0-255,2902,272634,19,333857
17421,0.002056,172.31.36.0-255,66,272700,19,333857
17422,0.002064,74.125.200.0-255,1484,274184,19,333857
17423,0.002069,74.125.200.0-255,4320,278504,19,333857
17424,0.002081,74.125.200.0-255,1484,279988,19,333857
17425,0.002087,172.31.36.0-255,66,280054,19,333857
17426,0.002103,74.125.200.0-255,1484,281538,19,333857
17427,0.002125,74.125.200.0-255,8574,290112,19,333857
17428,0.002141,74.125.200.0-255,1484,291596,19,333857
17429,0.002145,74.125.200.0-255,2184,293780,19,333857
17430,0.002151,172.31.36.0-255,66,293846,19,333857
17431,0.002181,74.125.200.0-255,4320,298166,19,333857
17432,0.002203,74.125.200.0-255,8574,306740,19,333857
17433,0.002216,172.31.36.0-255,66,306806,19,333857
17434,0.002221,74.125.200.0-255,2902,309708,19,333857
17435,0.002227,74.125.200.0-255,5738,315446,19,333857
17436,0.002233,172.31.36.0-255,66,315512,19,333857
17437,0.002269,74.125.200.0-255,2902,318414,19,333857
17438,0.002274,172.31.36.0-255,66,318480,19,333857
17439,0.002308,74.125.200.0-255,2902,321382,19,333857
17440,0.00232,74.125.200.0-255,2902,324284,19,333857
17441,0.002327,172.31.36.0-255,66,324350,19,333857
17442,0.004625,74.125.200.0-255,5738,330088,19,333857
17443,0.006782,172.31.36.0-255,66,330154,19,333857
17444,0.009052,74.125.200.0-255,3466,333620,19,333857
17445,0.009058,172.31.36.0-255,66,333686,19,333857
17446,0.011086,172.31.36.0-255,105,333791,19,333857
17447,0.013326,74.125.200.0-255,66,333857,19,333857
17448,0.0,172.217.194.0-255,153,153,19,313956
17449,1.5e-05,172.31.36.0-255,66,219,19,313956
17450,2.1e-05,172.217.194.0-255,1484,1703,19,313956
17451,2.6e-05,172.31.36.0-255,66,1769,19,313956
17452,3.1e-05,172.217.194.0-255,2902,4671,19,313956
17453,3.4e-05,172.31.36.0-255,66,4737,19,313956
17454,3.8e-05,172.217.194.0-255,1484,6221,19,313956
17455,4.9e-05,172.31.36.0-255,66,6287,19,313956
17456,6.1e-05,172.217.194.0-255,9129,15416,19,313956
17457,6.4e-05,172.31.36.0-255,66,15482,19,313956
17458,7.2e-05,172.217.194.0-255,7156,22638,19,313956
17459,7.4e-05,172.31.36.0-255,66,22704,19,313956
17460,0.00011,172.217.194.0-255,2902,25606,19,313956
17461,0.000112,172.31.36.0-255,66,25672,19,313956
17462,0.000116,172.217.194.0-255,1484,27156,19,313956
17463,0.000118,172.31.36.0-255,66,27222,19,313956
17464,0.000148,172.217.194.0-255,3961,31183,19,313956
17465,0.000151,172.31.36.0-255,66,31249,19,313956
17466,0.000186,172.217.194.0-255,4320,35569,19,313956
17467,0.000189,172.31.36.0-255,66,35635,19,313956
17468,0.000196,172.217.194.0-255,5738,41373,19,313956
17469,0.000198,172.31.36.0-255,66,41439,19,313956
17470,0.000209,172.217.194.0-255,4320,45759,19,313956
17471,0.000211,172.31.36.0-255,66,45825,19,313956
17472,0.000244,172.217.194.0-255,8215,54040,19,313956
17473,0.000247,172.31.36.0-255,66,54106,19,313956
17474,0.000255,172.217.194.0-255,7156,61262,19,313956
17475,0.000257,172.31.36.0-255,66,61328,19,313956
17476,0.000308,172.217.194.0-255,4214,65542,19,313956
17477,0.00031,172.31.36.0-255,66,65608,19,313956
17478,0.000313,172.217.194.0-255,434,66042,19,313956
17479,0.000315,172.31.36.0-255,66,66108,19,313956
17480,0.000556,172.217.194.0-255,1484,67592,19,313956
17481,0.000564,172.217.194.0-255,2902,70494,19,313956
17482,0.000571,172.217.194.0-255,5738,76232,19,313956
17483,0.000574,172.217.194.0-255,1484,77716,19,313956
17484,0.000584,172.31.36.0-255,66,77782,19,313956
17485,0.000598,172.217.194.0-255,7156,84938,19,313956
17486,0.000608,172.31.36.0-255,66,85004,19,313956
17487,0.000639,172.217.194.0-255,1484,86488,19,313956
17488,0.000681,172.31.36.0-255,66,86554,19,313956
17489,0.001865,172.217.194.0-255,1484,88038,19,313956
17490,0.001876,172.217.194.0-255,2902,90940,19,313956
17491,0.001881,172.31.36.0-255,66,91006,19,313956
17492,0.001889,172.217.194.0-255,5738,96744,19,313956
17493,0.001892,172.217.194.0-255,1484,98228,19,313956
17494,0.001915,172.217.194.0-255,5738,103966,19,313956
17495,0.001954,172.217.194.0-255,2184,106150,19,313956
17496,0.002281,172.217.194.0-255,1484,107634,19,313956
17497,0.002301,172.217.194.0-255,2902,110536,19,313956
17498,0.002305,172.217.194.0-255,1484,112020,19,313956
17499,0.002317,172.217.194.0-255,2902,114922,19,313956
17500,0.002339,172.217.194.0-255,7156,122078,19,313956
17501,0.002353,172.217.194.0-255,1484,123562,19,313956
17502,0.002383,172.217.194.0-255,1484,125046,19,313956
17503,0.002386,172.217.194.0-255,1484,126530,19,313956
17504,0.002406,172.217.194.0-255,2184,128714,19,313956
17505,0.002674,172.217.194.0-255,1484,130198,19,313956
17506,0.002689,172.217.194.0-255,2902,133100,19,313956
17507,0.002694,172.217.194.0-255,2902,136002,19,313956
17508,0.002727,172.217.194.0-255,2902,138904,19,313956
17509,0.002732,172.217.194.0-255,4320,143224,19,313956
17510,0.002741,172.217.194.0-255,8574,151798,19,313956
17511,0.002763,172.217.194.0-255,2902,154700,19,313956
17512,0.002769,172.217.194.0-255,5738,160438,19,313956
17513,0.002785,172.217.194.0-255,2184,162622,19,313956
17514,0.002982,172.217.194.0-255,1484,164106,19,313956
17515,0.002994,172.217.194.0-255,2902,167008,19,313956
17516,0.003004,172.217.194.0-255,1484,168492,19,313956
17517,0.003018,172.217.194.0-255,4320,172812,19,313956
17518,0.003041,172.217.194.0-255,7156,179968,19,313956
17519,0.003071,172.217.194.0-255,8574,188542,19,313956
17520,0.003096,172.217.194.0-255,5738,194280,19,313956
17521,0.003101,172.217.194.0-255,2184,196464,19,313956
17522,0.003154,172.217.194.0-255,1484,197948,19,313956
17523,0.003171,172.217.194.0-255,1484,199432,19,313956
17524,0.003183,172.217.194.0-255,1484,200916,19,313956
17525,0.003186,172.217.194.0-255,1484,202400,19,313956
17526,0.003206,172.217.194.0-255,4320,206720,19,313956
17527,0.003247,172.217.194.0-255,8574,215294,19,313956
17528,0.003266,172.217.194.0-255,4320,219614,19,313956
17529,0.003276,172.217.194.0-255,10692,230306,19,313956
17530,0.003393,172.217.194.0-255,1484,231790,19,313956
17531,0.003397,172.217.194.0-255,1484,233274,19,313956
17532,0.003418,172.217.194.0-255,1484,234758,19,313956
17533,0.003425,172.217.194.0-255,5738,240496,19,313956
17534,0.003483,172.217.194.0-255,5738,246234,19,313956
17535,0.003508,172.217.194.0-255,6438,252672,19,313956
17536,0.003525,172.217.194.0-255,5738,258410,19,313956
17537,0.003551,172.217.194.0-255,7156,265566,19,313956
17538,0.003559,172.217.194.0-255,7156,272722,19,313956
17539,0.003576,172.217.194.0-255,2902,275624,19,313956
17540,0.003601,172.217.194.0-255,2902,278526,19,313956
17541,0.003615,172.217.194.0-255,5738,284264,19,313956
17542,0.003658,172.217.194.0-255,5738,290002,19,313956
17543,0.003684,172.217.194.0-255,9992,299994,19,313956
17544,0.003708,172.217.194.0-255,4320,304314,19,313956
17545,0.003728,172.217.194.0-255,4320,308634,19,313956
17546,0.003774,172.217.194.0-255,4980,313614,19,313956
17547,0.003777,172.217.194.0-255,105,313719,19,313956
17548,0.004126,172.31.36.0-255,66,313785,19,313956
17549,0.006568,172.31.36.0-255,105,313890,19,313956
17550,0.008804,172.217.194.0-255,66,313956,19,313956
17551,0.0,172.217.194.0-255,152,152,19,105219
17552,2.5e-05,172.31.36.0-255,66,218,19,105219
17553,3e-05,172.217.194.0-255,1484,1702,19,105219
17554,3.5e-05,172.31.36.0-255,66,1768,19,105219
17555,4e-05,172.217.194.0-255,2902,4670,19,105219
17556,5.2e-05,172.31.36.0-255,66,4736,19,105219
17557,0.000114,172.217.194.0-255,2902,7638,19,105219
17558,0.000117,172.31.36.0-255,66,7704,19,105219
17559,0.000135,172.217.194.0-255,4320,12024,19,105219
17560,0.000139,172.31.36.0-255,66,12090,19,105219
17561,0.000273,172.217.194.0-255,1976,14066,19,105219
17562,0.000278,172.31.36.0-255,66,14132,19,105219
17563,0.000328,172.31.36.0-255,66,14198,19,105219
17564,0.000575,172.217.194.0-255,5379,19577,19,105219
17565,0.00058,172.31.36.0-255,66,19643,19,105219
17566,0.000696,172.217.194.0-255,5738,25381,19,105219
17567,0.000702,172.31.36.0-255,66,25447,19,105219
17568,0.000734,172.31.36.0-255,66,25513,19,105219
17569,0.001222,172.31.36.0-255,66,25579,19,105219
17570,0.001469,172.217.194.0-255,9992,35571,19,105219
17571,0.001473,172.31.36.0-255,66,35637,19,105219
17572,0.001521,172.31.36.0-255,66,35703,19,105219
17573,0.002224,172.217.194.0-255,8574,44277,19,105219
17574,0.002228,172.31.36.0-255,66,44343,19,105219
17575,0.002275,172.31.36.0-255,66,44409,19,105219
17576,0.002301,172.217.194.0-255,7156,51565,19,105219
17577,0.002304,172.31.36.0-255,66,51631,19,105219
17578,0.003218,172.217.194.0-255,4320,55951,19,105219
17579,0.003236,172.217.194.0-255,8574,64525,19,105219
17580,0.004498,172.31.36.0-255,66,64591,19,105219
17581,0.006538,172.217.194.0-255,5738,70329,19,105219
17582,0.006544,172.31.36.0-255,66,70395,19,105219
17583,0.008551,172.217.194.0-255,5738,76133,19,105219
17584,0.008558,172.31.36.0-255,66,76199,19,105219
17585,0.01057,172.217.194.0-255,5738,81937,19,105219
17586,0.010577,172.31.36.0-255,66,82003,19,105219
17587,0.012616,172.217.194.0-255,5738,87741,19,105219
17588,0.012626,172.31.36.0-255,66,87807,19,105219
17589,0.014646,172.217.194.0-255,5738,93545,19,105219
17590,0.014654,172.31.36.0-255,66,93611,19,105219
17591,0.016679,172.217.194.0-255,5738,99349,19,105219
17592,0.016686,172.31.36.0-255,66,99415,19,105219
17593,0.018727,172.217.194.0-255,5738,105153,19,105219
17594,0.018734,172.31.36.0-255,66,105219,19,105219
17595,0.0,74.125.24.0-255,153,153,19,149616
17596,2.6e-05,172.31.36.0-255,66,219,19,149616
17597,3.2e-05,74.125.24.0-255,1484,1703,19,149616
17598,3.7e-05,172.31.36.0-255,66,1769,19,149616
17599,4.2e-05,74.125.24.0-255,2902,4671,19,149616
17600,4.4e-05,172.31.36.0-255,66,4737,19,149616
17601,7.5e-05,74.125.24.0-255,7156,11893,19,149616
17602,7.8e-05,172.31.36.0-255,66,11959,19,149616
17603,0.000109,74.125.24.0-255,2013,13972,19,149616
17604,0.000111,172.31.36.0-255,66,14038,19,149616
17605,0.000155,74.125.24.0-255,2902,16940,19,149616
17606,0.000158,172.31.36.0-255,66,17006,19,149616
17607,0.000179,74.125.24.0-255,4320,21326,19,149616
17608,0.000183,172.31.36.0-255,66,21392,19,149616
17609,0.00019,74.125.24.0-255,8574,29966,19,149616
17610,0.000193,172.31.36.0-255,66,30032,19,149616
17611,0.000196,74.125.24.0-255,1125,31157,19,149616
17612,0.000197,172.31.36.0-255,66,31223,19,149616
17613,0.000455,74.125.24.0-255,1484,32707,19,149616
17614,0.00046,172.31.36.0-255,66,32773,19,149616
17615,0.000467,74.125.24.0-255,2902,35675,19,149616
17616,0.000469,172.31.36.0-255,66,35741,19,149616
17617,0.000473,74.125.24.0-255,1484,37225,19,149616
17618,0.000475,172.31.36.0-255,66,37291,19,149616
17619,0.000499,74.125.24.0-255,4320,41611,19,149616
17620,0.000502,172.31.36.0-255,66,41677,19,149616
17621,0.000506,74.125.24.0-255,1484,43161,19,149616
17622,0.000508,172.31.36.0-255,66,43227,19,149616
17623,0.000539,74.125.24.0-255,4320,47547,19,149616
17624,0.000539,172.31.36.0-255,66,47613,19,149616
17625,0.000544,172.31.36.0-255,66,47679,19,149616
17626,0.00055,74.125.24.0-255,1484,49163,19,149616
17627,0.000588,74.125.24.0-255,3961,53124,19,149616
17628,0.000593,172.31.36.0-255,66,53190,19,149616
17629,0.000871,74.125.24.0-255,392,53582,19,149616
17630,0.001231,74.125.24.0-255,352,53934,19,149616
17631,0.00149,74.125.24.0-255,1484,55418,19,149616
17632,0.001496,172.31.36.0-255,66,55484,19,149616
17633,0.001502,74.125.24.0-255,2902,58386,19,149616
17634,0.001516,74.125.24.0-255,5738,64124,19,149616
17635,0.001548,74.125.24.0-255,2902,67026,19,149616
17636,0.001563,74.125.24.0-255,2902,69928,19,149616
17637,0.001592,74.125.24.0-255,1484,71412,19,149616
17638,0.001611,74.125.24.0-255,3602,75014,19,149616
17639,0.002103,74.125.24.0-255,1484,76498,19,149616
17640,0.002121,74.125.24.0-255,2902,79400,19,149616
17641,0.002131,74.125.24.0-255,1484,80884,19,149616
17642,0.002146,74.125.24.0-255,4320,85204,19,149616
17643,0.002153,74.125.24.0-255,7156,92360,19,149616
17644,0.002167,74.125.24.0-255,1484,93844,19,149616
17645,0.002213,74.125.24.0-255,2902,96746,19,149616
17646,0.002234,74.125.24.0-255,9992,106738,19,149616
17647,0.00225,74.125.24.0-255,2184,108922,19,149616
17648,0.003303,172.31.36.0-255,66,108988,19,149616
17649,0.005565,74.125.24.0-255,5738,114726,19,149616
17650,0.005571,172.31.36.0-255,66,114792,19,149616
17651,0.007842,74.125.24.0-255,5738,120530,19,149616
17652,0.007849,172.31.36.0-255,66,120596,19,149616
17653,0.010126,74.125.24.0-255,5738,126334,19,149616
17654,0.010133,172.31.36.0-255,66,126400,19,149616
17655,0.012373,74.125.24.0-255,5738,132138,19,149616
17656,0.01238,172.31.36.0-255,66,132204,19,149616
17657,0.014643,74.125.24.0-255,5738,137942,19,149616
17658,0.01465,172.31.36.0-255,66,138008,19,149616
17659,0.016887,74.125.24.0-255,5738,143746,19,149616
17660,0.016894,172.31.36.0-255,66,143812,19,149616
17661,0.019153,74.125.24.0-255,5738,149550,19,149616
17662,0.019161,172.31.36.0-255,66,149616,19,149616
17663,0.0,74.125.24.0-255,152,152,19,239945
17664,1.9e-05,172.31.36.0-255,66,218,19,239945
17665,2.6e-05,74.125.24.0-255,1484,1702,19,239945
17666,3.1e-05,172.31.36.0-255,66,1768,19,239945
17667,3.6e-05,74.125.24.0-255,2902,4670,19,239945
17668,4.7e-05,172.31.36.0-255,66,4736,19,239945
17669,5.5e-05,74.125.24.0-255,7156,11892,19,239945
17670,5.8e-05,172.31.36.0-255,66,11958,19,239945
17671,0.000118,172.31.36.0-255,66,12024,19,239945
17672,0.000125,74.125.24.0-255,5379,17403,19,239945
17673,0.000127,172.31.36.0-255,66,17469,19,239945
17674,0.000193,74.125.24.0-255,1484,18953,19,239945
17675,0.000197,172.31.36.0-255,66,19019,19,239945
17676,0.000222,74.125.24.0-255,2902,21921,19,239945
17677,0.000225,172.31.36.0-255,66,21987,19,239945
17678,0.000244,74.125.24.0-255,4320,26307,19,239945
17679,0.000247,172.31.36.0-255,66,26373,19,239945
17680,0.000281,74.125.24.0-255,8215,34588,19,239945
17681,0.000284,172.31.36.0-255,66,34654,19,239945
17682,0.000291,74.125.24.0-255,7156,41810,19,239945
17683,0.000294,172.31.36.0-255,66,41876,19,239945
17684,0.000313,74.125.24.0-255,1484,43360,19,239945
17685,0.000316,172.31.36.0-255,66,43426,19,239945
17686,0.000323,74.125.24.0-255,5738,49164,19,239945
17687,0.000325,172.31.36.0-255,66,49230,19,239945
17688,0.000355,74.125.24.0-255,2543,51773,19,239945
17689,0.000358,172.31.36.0-255,66,51839,19,239945
17690,0.000361,74.125.24.0-255,412,52251,19,239945
17691,0.000363,172.31.36.0-255,66,52317,19,239945
17692,0.001123,74.125.24.0-255,330,52647,19,239945
17693,0.00113,172.31.36.0-255,66,52713,19,239945
17694,0.001156,74.125.24.0-255,1484,54197,19,239945
17695,0.001175,74.125.24.0-255,4320,58517,19,239945
17696,0.001178,172.31.36.0-255,66,58583,19,239945
17697,0.001183,74.125.24.0-255,2902,61485,19,239945
17698,0.001185,172.31.36.0-255,66,61551,19,239945
17699,0.001214,74.125.24.0-255,4320,65871,19,239945
17700,0.001216,172.31.36.0-255,66,65937,19,239945
17701,0.001225,74.125.24.0-255,8574,74511,19,239945
17702,0.001228,172.31.36.0-255,66,74577,19,239945
17703,0.001266,74.125.24.0-255,7156,81733,19,239945
17704,0.001269,172.31.36.0-255,66,81799,19,239945
17705,0.001275,74.125.24.0-255,5020,86819,19,239945
17706,0.001278,172.31.36.0-255,66,86885,19,239945
17707,0.001359,74.125.24.0-255,1484,88369,19,239945
17708,0.001367,74.125.24.0-255,2902,91271,19,239945
17709,0.00137,172.31.36.0-255,66,91337,19,239945
17710,0.001406,74.125.24.0-255,5738,97075,19,239945
17711,0.001409,172.31.36.0-255,66,97141,19,239945
17712,0.001413,74.125.24.0-255,1484,98625,19,239945
17713,0.001426,74.125.24.0-255,8574,107199,19,239945
17714,0.001428,172.31.36.0-255,66,107265,19,239945
17715,0.00146,172.31.36.0-255,66,107331,19,239945
17716,0.001484,74.125.24.0-255,2184,109515,19,239945
17717,0.001487,172.31.36.0-255,66,109581,19,239945
17718,0.002048,74.125.24.0-255,1484,111065,19,239945
17719,0.002058,74.125.24.0-255,2902,113967,19,239945
17720,0.002063,172.31.36.0-255,66,114033,19,239945
17721,0.002087,74.125.24.0-255,1484,115517,19,239945
17722,0.002102,74.125.24.0-255,4320,119837,19,239945
17723,0.002105,172.31.36.0-255,66,119903,19,239945
17724,0.002108,74.125.24.0-255,1484,121387,19,239945
17725,0.002141,74.125.24.0-255,7156,128543,19,239945
17726,0.002144,172.31.36.0-255,66,128609,19,239945
17727,0.002171,74.125.24.0-255,1484,130093,19,239945
17728,0.002178,74.125.24.0-255,5738,135831,19,239945
17729,0.002181,172.31.36.0-255,66,135897,19,239945
17730,0.002221,74.125.24.0-255,8574,144471,19,239945
17731,0.002224,172.31.36.0-255,66,144537,19,239945
17732,0.002254,74.125.24.0-255,3602,148139,19,239945
17733,0.002256,172.31.36.0-255,66,148205,19,239945
17734,0.002274,172.31.36.0-255,66,148271,19,239945
17735,0.002315,74.125.24.0-255,7156,155427,19,239945
17736,0.002317,172.31.36.0-255,66,155493,19,239945
17737,0.002347,74.125.24.0-255,2902,158395,19,239945
17738,0.002349,172.31.36.0-255,66,158461,19,239945
17739,0.002357,74.125.24.0-255,6438,164899,19,239945
17740,0.002359,172.31.36.0-255,66,164965,19,239945
17741,0.002366,74.125.24.0-255,1484,166449,19,239945
17742,0.002389,74.125.24.0-255,2902,169351,19,239945
17743,0.002391,172.31.36.0-255,66,169417,19,239945
17744,0.002398,74.125.24.0-255,5738,175155,19,239945
17745,0.002401,172.31.36.0-255,66,175221,19,239945
17746,0.002438,172.31.36.0-255,66,175287,19,239945
17747,0.002466,74.125.24.0-255,4320,179607,19,239945
17748,0.002469,172.31.36.0-255,66,179673,19,239945
17749,0.00249,74.125.24.0-255,7856,187529,19,239945
17750,0.002492,172.31.36.0-255,66,187595,19,239945
17751,0.002528,172.31.36.0-255,66,187661,19,239945
17752,0.002579,172.31.36.0-255,66,187727,19,239945
17753,0.002586,74.125.24.0-255,6438,194165,19,239945
17754,0.002588,172.31.36.0-255,66,194231,19,239945
17755,0.002637,172.31.36.0-255,66,194297,19,239945
17756,0.002647,74.125.24.0-255,10692,204989,19,239945
17757,0.002653,172.31.36.0-255,66,205055,19,239945
17758,0.002657,74.125.24.0-255,1484,206539,19,239945
17759,0.005304,74.125.24.0-255,4320,210859,19,239945
17760,0.005318,172.31.36.0-255,66,210925,19,239945
17761,0.007922,74.125.24.0-255,5738,216663,19,239945
17762,0.007929,172.31.36.0-255,66,216729,19,239945
17763,0.010553,74.125.24.0-255,5738,222467,19,239945
17764,0.010561,172.31.36.0-255,66,222533,19,239945
17765,0.013169,74.125.24.0-255,5738,228271,19,239945
17766,0.013179,172.31.36.0-255,66,228337,19,239945
17767,0.015831,74.125.24.0-255,5738,234075,19,239945
17768,0.01584,172.31.36.0-255,66,234141,19,239945
17769,0.018479,74.125.24.0-255,5738,239879,19,239945
17770,0.018488,172.31.36.0-255,66,239945,19,239945
17771,0.0,172.217.194.0-255,153,153,19,196731
17772,2.3e-05,172.31.36.0-255,66,219,19,196731
17773,2.9e-05,172.217.194.0-255,1484,1703,19,196731
17774,3.3e-05,172.31.36.0-255,66,1769,19,196731
17775,3.9e-05,172.217.194.0-255,2902,4671,19,196731
17776,4.2e-05,172.31.36.0-255,66,4737,19,196731
17777,7.3e-05,172.217.194.0-255,7156,11893,19,196731
17778,7.6e-05,172.31.36.0-255,66,11959,19,196731
17779,0.000121,172.217.194.0-255,2020,13979,19,196731
17780,0.000124,172.31.36.0-255,66,14045,19,196731
17781,0.000129,172.217.194.0-255,2902,16947,19,196731
17782,0.000131,172.31.36.0-255,66,17013,19,196731
17783,0.000159,172.217.194.0-255,7156,24169,19,196731
17784,0.000163,172.31.36.0-255,66,24235,19,196731
17785,0.000175,172.217.194.0-255,5738,29973,19,196731
17786,0.000177,172.31.36.0-255,66,30039,19,196731
17787,0.000189,172.217.194.0-255,1484,31523,19,196731
17788,0.000191,172.31.36.0-255,66,31589,19,196731
17789,0.00021,172.217.194.0-255,8574,40163,19,196731
17790,0.000212,172.31.36.0-255,66,40229,19,196731
17791,0.000238,172.217.194.0-255,7156,47385,19,196731
17792,0.000241,172.31.36.0-255,66,47451,19,196731
17793,0.000243,172.217.194.0-255,766,48217,19,196731
17794,0.000245,172.31.36.0-255,66,48283,19,196731
17795,0.000753,172.217.194.0-255,1484,49767,19,196731
17796,0.00076,172.31.36.0-255,66,49833,19,196731
17797,0.000766,172.217.194.0-255,2902,52735,19,196731
17798,0.000769,172.31.36.0-255,66,52801,19,196731
17799,0.000773,172.217.194.0-255,1484,54285,19,196731
17800,0.000775,172.31.36.0-255,66,54351,19,196731
17801,0.000798,172.217.194.0-255,2902,57253,19,196731
17802,0.000801,172.31.36.0-255,66,57319,19,196731
17803,0.00081,172.217.194.0-255,8510,65829,19,196731
17804,0.000812,172.31.36.0-255,66,65895,19,196731
17805,0.001442,172.217.194.0-255,1484,67379,19,196731
17806,0.001454,172.217.194.0-255,2902,70281,19,196731
17807,0.00146,172.31.36.0-255,66,70347,19,196731
17808,0.001469,172.217.194.0-255,5738,76085,19,196731
17809,0.001472,172.31.36.0-255,66,76151,19,196731
17810,0.001521,172.217.194.0-255,9992,86143,19,196731
17811,0.001526,172.31.36.0-255,66,86209,19,196731
17812,0.001539,172.217.194.0-255,2902,89111,19,196731
17813,0.001543,172.31.36.0-255,66,89177,19,196731
17814,0.001563,172.217.194.0-255,8574,97751,19,196731
17815,0.001566,172.31.36.0-255,66,97817,19,196731
17816,0.001582,172.217.194.0-255,2184,100001,19,196731
17817,0.001584,172.31.36.0-255,66,100067,19,196731
17818,0.001712,172.217.194.0-255,1484,101551,19,196731
17819,0.001716,172.217.194.0-255,1484,103035,19,196731
17820,0.001718,172.31.36.0-255,66,103101,19,196731
17821,0.001735,172.217.194.0-255,1484,104585,19,196731
17822,0.00174,172.217.194.0-255,4320,108905,19,196731
17823,0.001742,172.31.36.0-255,66,108971,19,196731
17824,0.001761,172.217.194.0-255,1484,110455,19,196731
17825,0.001768,172.217.194.0-255,7156,117611,19,196731
17826,0.00177,172.31.36.0-255,66,117677,19,196731
17827,0.001787,172.217.194.0-255,2902,120579,19,196731
17828,0.001789,172.31.36.0-255,66,120645,19,196731
17829,0.001806,172.217.194.0-255,7156,127801,19,196731
17830,0.001809,172.31.36.0-255,66,127867,19,196731
17831,0.001842,172.217.194.0-255,10692,138559,19,196731
17832,0.001844,172.31.36.0-255,66,138625,19,196731
17833,0.001852,172.217.194.0-255,8574,147199,19,196731
17834,0.001854,172.31.36.0-255,66,147265,19,196731
17835,0.001878,172.217.194.0-255,2902,150167,19,196731
17836,0.00188,172.31.36.0-255,66,150233,19,196731
17837,0.001916,172.31.36.0-255,66,150299,19,196731
17838,0.003957,172.217.194.0-255,5738,156037,19,196731
17839,0.003963,172.31.36.0-255,66,156103,19,196731
17840,0.006058,172.217.194.0-255,5738,161841,19,196731
17841,0.006065,172.31.36.0-255,66,161907,19,196731
17842,0.008098,172.217.194.0-255,5738,167645,19,196731
17843,0.00811,172.31.36.0-255,66,167711,19,196731
17844,0.010183,172.217.194.0-255,5738,173449,19,196731
17845,0.010198,172.31.36.0-255,66,173515,19,196731
17846,0.012256,172.217.194.0-255,5738,179253,19,196731
17847,0.012271,172.31.36.0-255,66,179319,19,196731
17848,0.014323,172.217.194.0-255,5738,185057,19,196731
17849,0.014335,172.31.36.0-255,66,185123,19,196731
17850,0.016391,172.217.194.0-255,5738,190861,19,196731
17851,0.016407,172.31.36.0-255,66,190927,19,196731
17852,0.018453,172.217.194.0-255,5738,196665,19,196731
17853,0.018463,172.31.36.0-255,66,196731,19,196731
17854,0.0,74.125.200.0-255,152,152,19,321131
17855,1.6e-05,172.31.36.0-255,66,218,19,321131
17856,2.3e-05,74.125.200.0-255,1484,1702,19,321131
17857,2.7e-05,172.31.36.0-255,66,1768,19,321131
17858,3.2e-05,74.125.200.0-255,2902,4670,19,321131
17859,3.5e-05,172.31.36.0-255,66,4736,19,321131
17860,4.3e-05,74.125.200.0-255,5738,10474,19,321131
17861,4.5e-05,172.31.36.0-255,66,10540,19,321131
17862,8.6e-05,74.125.200.0-255,3420,13960,19,321131
17863,8.9e-05,172.31.36.0-255,66,14026,19,321131
17864,9.5e-05,74.125.200.0-255,4320,18346,19,321131
17865,9.8e-05,172.31.36.0-255,66,18412,19,321131
17866,0.000106,74.125.200.0-255,7156,25568,19,321131
17867,0.000108,172.31.36.0-255,66,25634,19,321131
17868,0.000134,74.125.200.0-255,2902,28536,19,321131
17869,0.000136,172.31.36.0-255,66,28602,19,321131
17870,0.000141,74.125.200.0-255,2543,31145,19,321131
17871,0.000144,172.31.36.0-255,66,31211,19,321131
17872,0.000263,74.125.200.0-255,1484,32695,19,321131
17873,0.000267,172.31.36.0-255,66,32761,19,321131
17874,0.000271,74.125.200.0-255,1484,34245,19,321131
17875,0.000274,172.31.36.0-255,66,34311,19,321131
17876,0.000286,74.125.200.0-255,1484,35795,19,321131
17877,0.000289,172.31.36.0-255,66,35861,19,321131
17878,0.000292,74.125.200.0-255,1484,37345,19,321131
17879,0.000294,172.31.36.0-255,66,37411,19,321131
17880,0.000299,74.125.200.0-255,2902,40313,19,321131
17881,0.000301,172.31.36.0-255,66,40379,19,321131
17882,0.000304,74.125.200.0-255,1484,41863,19,321131
17883,0.000306,172.31.36.0-255,66,41929,19,321131
17884,0.000328,74.125.200.0-255,4320,46249,19,321131
17885,0.000331,172.31.36.0-255,66,46315,19,321131
17886,0.000335,74.125.200.0-255,2543,48858,19,321131
17887,0.000338,172.31.36.0-255,66,48924,19,321131
17888,0.000609,74.125.200.0-255,1484,50408,19,321131
17889,0.000616,74.125.200.0-255,2902,53310,19,321131
17890,0.00062,172.31.36.0-255,66,53376,19,321131
17891,0.000634,74.125.200.0-255,1484,54860,19,321131
17892,0.000651,74.125.200.0-255,4320,59180,19,321131
17893,0.000653,172.31.36.0-255,66,59246,19,321131
17894,0.000659,74.125.200.0-255,4320,63566,19,321131
17895,0.000661,172.31.36.0-255,66,63632,19,321131
17896,0.000696,74.125.200.0-255,3124,66756,19,321131
17897,0.000699,172.31.36.0-255,66,66822,19,321131
17898,0.000725,74.125.200.0-255,4320,71142,19,321131
17899,0.000728,172.31.36.0-255,66,71208,19,321131
17900,0.000731,74.125.200.0-255,1484,72692,19,321131
17901,0.000735,74.125.200.0-255,2902,75594,19,321131
17902,0.000737,172.31.36.0-255,66,75660,19,321131
17903,0.000752,74.125.200.0-255,2902,78562,19,321131
17904,0.000754,172.31.36.0-255,66,78628,19,321131
17905,0.000771,74.125.200.0-255,2902,81530,19,321131
17906,0.000775,172.31.36.0-255,66,81596,19,321131
17907,0.000796,74.125.200.0-255,1993,83589,19,321131
17908,0.000799,172.31.36.0-255,66,83655,19,321131
17909,0.000976,74.125.200.0-255,1484,85139,19,321131
17910,0.00099,74.125.200.0-255,1484,86623,19,321131
17911,0.000993,172.31.36.0-255,66,86689,19,321131
17912,0.00101,74.125.200.0-255,1484,88173,19,321131
17913,0.001035,74.125.200.0-255,1484,89657,19,321131
17914,0.001037,172.31.36.0-255,66,89723,19,321131
17915,0.001061,74.125.200.0-255,4320,94043,19,321131
17916,0.001064,172.31.36.0-255,66,94109,19,321131
17917,0.001069,74.125.200.0-255,2902,97011,19,321131
17918,0.001071,172.31.36.0-255,66,97077,19,321131
17919,0.001101,74.125.200.0-255,4320,101397,19,321131
17920,0.001105,172.31.36.0-255,66,101463,19,321131
17921,0.001108,74.125.200.0-255,1484,102947,19,321131
17922,0.001111,74.125.200.0-255,1484,104431,19,321131
17923,0.001113,172.31.36.0-255,66,104497,19,321131
17924,0.001134,74.125.200.0-255,1484,105981,19,321131
17925,0.00114,74.125.200.0-255,5738,111719,19,321131
17926,0.001143,172.31.36.0-255,66,111785,19,321131
17927,0.001157,74.125.200.0-255,1484,113269,19,321131
17928,0.001159,74.125.200.0-255,1484,114753,19,321131
17929,0.001161,172.31.36.0-255,66,114819,19,321131
17930,0.001182,74.125.200.0-255,1484,116303,19,321131
17931,0.001229,74.125.200.0-255,2184,118487,19,321131
17932,0.001233,172.31.36.0-255,66,118553,19,321131
17933,0.001572,74.125.200.0-255,1484,120037,19,321131
17934,0.001591,74.125.200.0-255,2902,122939,19,321131
17935,0.001595,172.31.36.0-255,66,123005,19,321131
17936,0.0016,74.125.200.0-255,2902,125907,19,321131
17937,0.001602,172.31.36.0-255,66,125973,19,321131
17938,0.001607,74.125.200.0-255,4320,130293,19,321131
17939,0.001609,172.31.36.0-255,66,130359,19,321131
17940,0.001632,74.125.200.0-255,2902,133261,19,321131
17941,0.001635,172.31.36.0-255,66,133327,19,321131
17942,0.001656,74.125.200.0-255,5738,139065,19,321131
17943,0.00166,172.31.36.0-255,66,139131,19,321131
17944,0.001688,74.125.200.0-255,9992,149123,19,321131
17945,0.00169,172.31.36.0-255,66,149189,19,321131
17946,0.001696,74.125.200.0-255,3602,152791,19,321131
17947,0.001698,172.31.36.0-255,66,152857,19,321131
17948,0.00186,74.125.200.0-255,1484,154341,19,321131
17949,0.001875,74.125.200.0-255,2902,157243,19,321131
17950,0.001879,172.31.36.0-255,66,157309,19,321131
17951,0.001903,74.125.200.0-255,5738,163047,19,321131
17952,0.001906,172.31.36.0-255,66,163113,19,321131
17953,0.001926,74.125.200.0-255,4320,167433,19,321131
17954,0.001928,172.31.36.0-255,66,167499,19,321131
17955,0.001942,74.125.200.0-255,2902,170401,19,321131
17956,0.001944,172.31.36.0-255,66,170467,19,321131
17957,0.001958,74.125.200.0-255,2902,173369,19,321131
17958,0.00196,172.31.36.0-255,66,173435,19,321131
17959,0.001989,74.125.200.0-255,5738,179173,19,321131
17960,0.001992,172.31.36.0-255,66,179239,19,321131
17961,0.001998,74.125.200.0-255,4320,183559,19,321131
17962,0.002,172.31.36.0-255,66,183625,19,321131
17963,0.002057,74.125.200.0-255,3602,187227,19,321131
17964,0.002061,172.31.36.0-255,66,187293,19,321131
17965,0.002299,74.125.200.0-255,1484,188777,19,321131
17966,0.002311,74.125.200.0-255,1484,190261,19,321131
17967,0.002314,172.31.36.0-255,66,190327,19,321131
17968,0.002329,74.125.200.0-255,1484,191811,19,321131
17969,0.002383,74.125.200.0-255,2902,194713,19,321131
17970,0.002386,172.31.36.0-255,66,194779,19,321131
17971,0.002399,74.125.200.0-255,2902,197681,19,321131
17972,0.002401,172.31.36.0-255,66,197747,19,321131
17973,0.002406,74.125.200.0-255,2902,200649,19,321131
17974,0.002407,172.31.36.0-255,66,200715,19,321131
17975,0.002426,74.125.200.0-255,1484,202199,19,321131
17976,0.002445,74.125.200.0-255,2902,205101,19,321131
17977,0.002448,172.31.36.0-255,66,205167,19,321131
17978,0.002462,74.125.200.0-255,2902,208069,19,321131
17979,0.002464,172.31.36.0-255,66,208135,19,321131
17980,0.00249,74.125.200.0-255,4320,212455,19,321131
17981,0.002493,172.31.36.0-255,66,212521,19,321131
17982,0.002497,74.125.200.0-255,1484,214005,19,321131
17983,0.00251,74.125.200.0-255,1484,215489,19,321131
17984,0.002513,172.31.36.0-255,66,215555,19,321131
17985,0.00253,74.125.200.0-255,5738,221293,19,321131
17986,0.002532,172.31.36.0-255,66,221359,19,321131
17987,0.002535,74.125.200.0-255,766,222125,19,321131
17988,0.00257,74.125.200.0-255,1484,223609,19,321131
17989,0.002573,172.31.36.0-255,66,223675,19,321131
17990,0.002595,74.125.200.0-255,2902,226577,19,321131
17991,0.002597,172.31.36.0-255,66,226643,19,321131
17992,0.0026,74.125.200.0-255,1484,228127,19,321131
17993,0.002616,74.125.200.0-255,1484,229611,19,321131
17994,0.002619,172.31.36.0-255,66,229677,19,321131
17995,0.002624,74.125.200.0-255,2902,232579,19,321131
17996,0.002626,172.31.36.0-255,66,232645,19,321131
17997,0.002643,74.125.200.0-255,1484,234129,19,321131
17998,0.002655,74.125.200.0-255,1484,235613,19,321131
17999,0.002657,172.31.36.0-255,66,235679,19,321131
18000,0.002675,74.125.200.0-255,2902,238581,19,321131
18001,0.002678,172.31.36.0-255,66,238647,19,321131
18002,0.002694,74.125.200.0-255,2902,241549,19,321131
18003,0.002698,172.31.36.0-255,66,241615,19,321131
18004,0.002714,74.125.200.0-255,1484,243099,19,321131
18005,0.00275,74.125.200.0-255,9992,253091,19,321131
18006,0.002755,172.31.36.0-255,66,253157,19,321131
18007,0.002761,74.125.200.0-255,3602,256759,19,321131
18008,0.002763,172.31.36.0-255,66,256825,19,321131
18009,0.002812,74.125.200.0-255,1484,258309,19,321131
18010,0.002836,74.125.200.0-255,2902,261211,19,321131
18011,0.002839,172.31.36.0-255,66,261277,19,321131
18012,0.00286,74.125.200.0-255,2902,264179,19,321131
18013,0.002862,172.31.36.0-255,66,264245,19,321131
18014,0.002868,74.125.200.0-255,4320,268565,19,321131
18015,0.00287,172.31.36.0-255,66,268631,19,321131
18016,0.002893,74.125.200.0-255,1484,270115,19,321131
18017,0.002914,74.125.200.0-255,4320,274435,19,321131
18018,0.002917,172.31.36.0-255,66,274501,19,321131
18019,0.002932,74.125.200.0-255,2902,277403,19,321131
18020,0.002935,172.31.36.0-255,66,277469,19,321131
18021,0.002952,74.125.200.0-255,2902,280371,19,321131
18022,0.002955,172.31.36.0-255,66,280437,19,321131
18023,0.002983,74.125.200.0-255,7156,287593,19,321131
18024,0.002986,172.31.36.0-255,66,287659,19,321131
18025,0.005525,74.125.200.0-255,5738,293397,19,321131
18026,0.005533,172.31.36.0-255,66,293463,19,321131
18027,0.007697,74.125.200.0-255,4320,297783,19,321131
18028,0.007701,172.31.36.0-255,66,297849,19,321131
18029,0.007716,74.125.200.0-255,1484,299333,19,321131
18030,0.009932,74.125.200.0-255,4320,303653,19,321131
18031,0.009938,172.31.36.0-255,66,303719,19,321131
18032,0.012487,74.125.200.0-255,5738,309457,19,321131
18033,0.012494,172.31.36.0-255,66,309523,19,321131
18034,0.015087,74.125.200.0-255,5738,315261,19,321131
18035,0.015096,172.31.36.0-255,66,315327,19,321131
18036,0.018164,74.125.200.0-255,5738,321065,19,321131
18037,0.018175,172.31.36.0-255,66,321131,19,321131
18038,0.0,74.125.24.0-255,66,66,19,66
18039,0.0,172.217.194.0-255,153,153,19,215298
18040,1.1e-05,172.31.36.0-255,66,219,19,215298
18041,1.6e-05,172.217.194.0-255,1484,1703,19,215298
18042,2.1e-05,172.31.36.0-255,66,1769,19,215298
18043,3.3e-05,172.217.194.0-255,2902,4671,19,215298
18044,3.6e-05,172.31.36.0-255,66,4737,19,215298
18045,4.5e-05,172.217.194.0-255,7156,11893,19,215298
18046,4.8e-05,172.31.36.0-255,66,11959,19,215298
18047,8.1e-05,172.217.194.0-255,2076,14035,19,215298
18048,8.4e-05,172.31.36.0-255,66,14101,19,215298
18049,8.9e-05,172.217.194.0-255,2902,17003,19,215298
18050,9.1e-05,172.31.36.0-255,66,17069,19,215298
18051,9.4e-05,172.217.194.0-255,1484,18553,19,215298
18052,9.6e-05,172.31.36.0-255,66,18619,19,215298
18053,0.000122,172.217.194.0-255,5738,24357,19,215298
18054,0.000125,172.31.36.0-255,66,24423,19,215298
18055,0.000136,172.217.194.0-255,4320,28743,19,215298
18056,0.000138,172.31.36.0-255,66,28809,19,215298
18057,0.00017,172.217.194.0-255,2543,31352,19,215298
18058,0.000173,172.31.36.0-255,66,31418,19,215298
18059,0.000239,172.217.194.0-255,1484,32902,19,215298
18060,0.000242,172.31.36.0-255,66,32968,19,215298
18061,0.000247,172.217.194.0-255,2902,35870,19,215298
18062,0.000249,172.31.36.0-255,66,35936,19,215298
18063,0.000253,172.217.194.0-255,1484,37420,19,215298
18064,0.000255,172.31.36.0-255,66,37486,19,215298
18065,0.00028,172.217.194.0-255,4320,41806,19,215298
18066,0.000282,172.31.36.0-255,66,41872,19,215298
18067,0.000309,172.217.194.0-255,7156,49028,19,215298
18068,0.000312,172.31.36.0-255,66,49094,19,215298
18069,0.000343,172.217.194.0-255,3961,53055,19,215298
18070,0.000346,172.31.36.0-255,66,53121,19,215298
18071,0.000365,172.217.194.0-255,1125,54246,19,215298
18072,0.000515,172.31.36.0-255,66,54312,19,215298
18073,0.000571,172.217.194.0-255,646,54958,19,215298
18074,0.000688,172.217.194.0-255,1484,56442,19,215298
18075,0.000694,172.217.194.0-255,2902,59344,19,215298
18076,0.000704,172.31.36.0-255,66,59410,19,215298
18077,0.000716,172.217.194.0-255,5738,65148,19,215298
18078,0.000727,172.31.36.0-255,66,65214,19,215298
18079,0.000764,172.217.194.0-255,8574,73788,19,215298
18080,0.000781,172.217.194.0-255,2184,75972,19,215298
18081,0.000799,172.217.194.0-255,8574,84546,19,215298
18082,0.000803,172.31.36.0-255,66,84612,19,215298
18083,0.000812,172.217.194.0-255,1484,86096,19,215298
18084,0.000819,172.217.194.0-255,7156,93252,19,215298
18085,0.000835,172.217.194.0-255,4320,97572,19,215298
18086,0.000838,172.31.36.0-255,66,97638,19,215298
18087,0.000847,172.217.194.0-255,1484,99122,19,215298
18088,0.000873,172.217.194.0-255,10692,109814,19,215298
18089,0.000892,172.31.36.0-255,66,109880,19,215298
18090,0.000943,172.217.194.0-255,1484,111364,19,215298
18091,0.00095,172.217.194.0-255,2902,114266,19,215298
18092,0.000959,172.31.36.0-255,66,114332,19,215298
18093,0.000965,172.217.194.0-255,4320,118652,19,215298
18094,0.000979,172.217.194.0-255,1484,120136,19,215298
18095,0.000982,172.217.194.0-255,1484,121620,19,215298
18096,0.001017,172.217.194.0-255,9992,131612,19,215298
18097,0.001022,172.31.36.0-255,66,131678,19,215298
18098,0.00104,172.217.194.0-255,766,132444,19,215298
18099,0.001352,172.217.194.0-255,1484,133928,19,215298
18100,0.001358,172.217.194.0-255,2902,136830,19,215298
18101,0.001365,172.31.36.0-255,66,136896,19,215298
18102,0.001402,172.217.194.0-255,5738,142634,19,215298
18103,0.001422,172.217.194.0-255,10692,153326,19,215298
18104,0.001443,172.31.36.0-255,66,153392,19,215298
18105,0.001935,172.217.194.0-255,1484,154876,19,215298
18106,0.001956,172.217.194.0-255,2902,157778,19,215298
18107,0.00196,172.31.36.0-255,66,157844,19,215298
18108,0.001967,172.217.194.0-255,5738,163582,19,215298
18109,0.001999,172.217.194.0-255,1484,165066,19,215298
18110,0.002005,172.31.36.0-255,66,165132,19,215298
18111,0.002025,172.217.194.0-255,9274,174406,19,215298
18112,0.002102,172.217.194.0-255,1484,175890,19,215298
18113,0.002517,172.31.36.0-255,66,175956,19,215298
18114,0.004575,172.217.194.0-255,5738,181694,19,215298
18115,0.004583,172.31.36.0-255,66,181760,19,215298
18116,0.006645,172.217.194.0-255,2902,184662,19,215298
18117,0.006661,172.217.194.0-255,2902,187564,19,215298
18118,0.007689,172.31.36.0-255,66,187630,19,215298
18119,0.009736,172.217.194.0-255,4320,191950,19,215298
18120,0.009742,172.31.36.0-255,66,192016,19,215298
18121,0.00977,172.217.194.0-255,1484,193500,19,215298
18122,0.011794,172.217.194.0-255,4320,197820,19,215298
18123,0.011801,172.31.36.0-255,66,197886,19,215298
18124,0.013866,172.217.194.0-255,5738,203624,19,215298
18125,0.01442,172.31.36.0-255,66,203690,19,215298
18126,0.016488,172.217.194.0-255,5738,209428,19,215298
18127,0.0165,172.31.36.0-255,66,209494,19,215298
18128,0.018575,172.217.194.0-255,5738,215232,19,215298
18129,0.018583,172.31.36.0-255,66,215298,19,215298
18130,0.0,172.217.194.0-255,153,153,19,285293
18131,2.5e-05,172.31.36.0-255,66,219,19,285293
18132,3.3e-05,172.217.194.0-255,1484,1703,19,285293
18133,3.8e-05,172.31.36.0-255,66,1769,19,285293
18134,4.4e-05,172.217.194.0-255,2902,4671,19,285293
18135,5.7e-05,172.31.36.0-255,66,4737,19,285293
18136,6.5e-05,172.217.194.0-255,7156,11893,19,285293
18137,6.9e-05,172.31.36.0-255,66,11959,19,285293
18138,7.3e-05,172.217.194.0-255,2099,14058,19,285293
18139,7.6e-05,172.31.36.0-255,66,14124,19,285293
18140,9.9e-05,172.217.194.0-255,2902,17026,19,285293
18141,0.000102,172.31.36.0-255,66,17092,19,285293
18142,0.000115,172.217.194.0-255,5738,22830,19,285293
18143,0.000118,172.31.36.0-255,66,22896,19,285293
18144,0.000158,172.217.194.0-255,1484,24380,19,285293
18145,0.00016,172.31.36.0-255,66,24446,19,285293
18146,0.000187,172.217.194.0-255,6797,31243,19,285293
18147,0.00019,172.31.36.0-255,66,31309,19,285293
18148,0.000199,172.217.194.0-255,8574,39883,19,285293
18149,0.000202,172.31.36.0-255,66,39949,19,285293
18150,0.000217,172.217.194.0-255,9633,49582,19,285293
18151,0.000219,172.31.36.0-255,66,49648,19,285293
18152,0.000261,172.217.194.0-255,5738,55386,19,285293
18153,0.000264,172.31.36.0-255,66,55452,19,285293
18154,0.000298,172.217.194.0-255,9891,65343,19,285293
18155,0.000301,172.31.36.0-255,66,65409,19,285293
18156,0.000305,172.217.194.0-255,112,65521,19,285293
18157,0.000307,172.31.36.0-255,66,65587,19,285293
18158,0.000379,172.217.194.0-255,381,65968,19,285293
18159,0.000382,172.31.36.0-255,66,66034,19,285293
18160,0.000648,172.217.194.0-255,1484,67518,19,285293
18161,0.000656,172.31.36.0-255,66,67584,19,285293
18162,0.000662,172.217.194.0-255,2902,70486,19,285293
18163,0.000664,172.31.36.0-255,66,70552,19,285293
18164,0.000674,172.217.194.0-255,2902,73454,19,285293
18165,0.000677,172.31.36.0-255,66,73520,19,285293
18166,0.000714,172.217.194.0-255,2902,76422,19,285293
18167,0.000717,172.31.36.0-255,66,76488,19,285293
18168,0.00073,172.31.36.0-255,66,76554,19,285293
18169,0.000747,172.217.194.0-255,10692,87246,19,285293
18170,0.00075,172.31.36.0-255,66,87312,19,285293
18171,0.001131,172.217.194.0-255,1484,88796,19,285293
18172,0.001134,172.217.194.0-255,1484,90280,19,285293
18173,0.001145,172.31.36.0-255,66,90346,19,285293
18174,0.00115,172.217.194.0-255,1484,91830,19,285293
18175,0.001156,172.217.194.0-255,4320,96150,19,285293
18176,0.001158,172.31.36.0-255,66,96216,19,285293
18177,0.001184,172.217.194.0-255,1484,97700,19,285293
18178,0.001199,172.31.36.0-255,66,97766,19,285293
18179,0.001253,172.217.194.0-255,4320,102086,19,285293
18180,0.001256,172.31.36.0-255,66,102152,19,285293
18181,0.001287,172.217.194.0-255,6438,108590,19,285293
18182,0.001289,172.31.36.0-255,66,108656,19,285293
18183,0.001293,172.217.194.0-255,1484,110140,19,285293
18184,0.001314,172.217.194.0-255,2902,113042,19,285293
18185,0.001316,172.31.36.0-255,66,113108,19,285293
18186,0.001323,172.217.194.0-255,5738,118846,19,285293
18187,0.001325,172.31.36.0-255,66,118912,19,285293
18188,0.001349,172.217.194.0-255,8574,127486,19,285293
18189,0.001351,172.31.36.0-255,66,127552,19,285293
18190,0.001393,172.217.194.0-255,4320,131872,19,285293
18191,0.001403,172.217.194.0-255,10692,142564,19,285293
18192,0.001407,172.217.194.0-255,2902,145466,19,285293
18193,0.001411,172.31.36.0-255,66,145532,19,285293
18194,0.001415,172.31.36.0-255,66,145598,19,285293
18195,0.001418,172.31.36.0-255,66,145664,19,285293
18196,0.001453,172.217.194.0-255,8574,154238,19,285293
18197,0.001456,172.31.36.0-255,66,154304,19,285293
18198,0.001469,172.31.36.0-255,66,154370,19,285293
18199,0.001507,172.217.194.0-255,10692,165062,19,285293
18200,0.001511,172.31.36.0-255,66,165128,19,285293
18201,0.001539,172.217.194.0-255,7156,172284,19,285293
18202,0.001544,172.31.36.0-255,66,172350,19,285293
18203,0.001556,172.217.194.0-255,2902,175252,19,285293
18204,0.001563,172.31.36.0-255,66,175318,19,285293
18205,0.001576,172.31.36.0-255,66,175384,19,285293
18206,0.001581,172.217.194.0-255,2902,178286,19,285293
18207,0.001583,172.31.36.0-255,66,178352,19,285293
18208,0.001624,172.217.194.0-255,9274,187626,19,285293
18209,0.001629,172.31.36.0-255,66,187692,19,285293
18210,0.001663,172.217.194.0-255,1484,189176,19,285293
18211,0.001684,172.217.194.0-255,2902,192078,19,285293
18212,0.001688,172.31.36.0-255,66,192144,19,285293
18213,0.001713,172.217.194.0-255,5738,197882,19,285293
18214,0.001717,172.31.36.0-255,66,197948,19,285293
18215,0.001734,172.31.36.0-255,66,198014,19,285293
18216,0.001743,172.217.194.0-255,8574,206588,19,285293
18217,0.001746,172.31.36.0-255,66,206654,19,285293
18218,0.001776,172.217.194.0-255,2184,208838,19,285293
18219,0.001778,172.31.36.0-255,66,208904,19,285293
18220,0.001784,172.217.194.0-255,4320,213224,19,285293
18221,0.001786,172.31.36.0-255,66,213290,19,285293
18222,0.001795,172.217.194.0-255,2902,216192,19,285293
18223,0.001797,172.31.36.0-255,66,216258,19,285293
18224,0.001824,172.217.194.0-255,2902,219160,19,285293
18225,0.001827,172.31.36.0-255,66,219226,19,285293
18226,0.001836,172.217.194.0-255,8574,227800,19,285293
18227,0.001838,172.31.36.0-255,66,227866,19,285293
18228,0.001855,172.217.194.0-255,2902,230768,19,285293
18229,0.001857,172.31.36.0-255,66,230834,19,285293
18230,0.001863,172.217.194.0-255,4320,235154,19,285293
18231,0.00187,172.31.36.0-255,66,235220,19,285293
18232,0.001905,172.217.194.0-255,7856,243076,19,285293
18233,0.001908,172.31.36.0-255,66,243142,19,285293
18234,0.001911,172.217.194.0-255,1484,244626,19,285293
18235,0.001916,172.217.194.0-255,2902,247528,19,285293
18236,0.001919,172.31.36.0-255,66,247594,19,285293
18237,0.001926,172.217.194.0-255,5738,253332,19,285293
18238,0.001928,172.31.36.0-255,66,253398,19,285293
18239,0.001966,172.217.194.0-255,2902,256300,19,285293
18240,0.001969,172.31.36.0-255,66,256366,19,285293
18241,0.002007,172.217.194.0-255,7156,263522,19,285293
18242,0.00201,172.31.36.0-255,66,263588,19,285293
18243,0.002022,172.31.36.0-255,66,263654,19,285293
18244,0.002033,172.217.194.0-255,5020,268674,19,285293
18245,0.002036,172.31.36.0-255,66,268740,19,285293
18246,0.002043,172.217.194.0-255,5738,274478,19,285293
18247,0.002045,172.31.36.0-255,66,274544,19,285293
18248,0.002059,172.31.36.0-255,66,274610,19,285293
18249,0.002073,172.31.36.0-255,66,274676,19,285293
18250,0.002123,172.31.36.0-255,66,274742,19,285293
18251,0.002142,172.31.36.0-255,66,274808,19,285293
18252,0.002173,172.217.194.0-255,4320,279128,19,285293
18253,0.002176,172.31.36.0-255,66,279194,19,285293
18254,0.002183,172.217.194.0-255,5594,284788,19,285293
18255,0.002185,172.31.36.0-255,66,284854,19,285293
18256,0.002193,172.217.194.0-255,97,284951,19,285293
18257,0.002217,172.217.194.0-255,105,285056,19,285293
18258,0.010296,172.31.36.0-255,66,285122,19,285293
18259,0.010352,172.31.36.0-255,105,285227,19,285293
18260,0.012826,172.217.194.0-255,66,285293,19,285293
18261,0.0,74.125.24.0-255,153,153,19,332991
18262,1.3e-05,172.31.36.0-255,66,219,19,332991
18263,2e-05,74.125.24.0-255,1484,1703,19,332991
18264,2.4e-05,172.31.36.0-255,66,1769,19,332991
18265,3.1e-05,74.125.24.0-255,2902,4671,19,332991
18266,4.2e-05,172.31.36.0-255,66,4737,19,332991
18267,5e-05,74.125.24.0-255,5738,10475,19,332991
18268,5.2e-05,172.31.36.0-255,66,10541,19,332991
18269,5.8e-05,74.125.24.0-255,3521,14062,19,332991
18270,6.1e-05,172.31.36.0-255,66,14128,19,332991
18271,0.000117,74.125.24.0-255,1484,15612,19,332991
18272,0.00012,172.31.36.0-255,66,15678,19,332991
18273,0.000126,74.125.24.0-255,2902,18580,19,332991
18274,0.000128,172.31.36.0-255,66,18646,19,332991
18275,0.000152,74.125.24.0-255,2902,21548,19,332991
18276,0.000155,172.31.36.0-255,66,21614,19,332991
18277,0.000177,74.125.24.0-255,2902,24516,19,332991
18278,0.00018,172.31.36.0-255,66,24582,19,332991
18279,0.000215,74.125.24.0-255,7156,31738,19,332991
18280,0.000218,172.31.36.0-255,66,31804,19,332991
18281,0.000221,74.125.24.0-255,1484,33288,19,332991
18282,0.000223,172.31.36.0-255,66,33354,19,332991
18283,0.000251,74.125.24.0-255,7156,40510,19,332991
18284,0.000254,172.31.36.0-255,66,40576,19,332991
18285,0.000305,74.125.24.0-255,7856,48432,19,332991
18286,0.000308,172.31.36.0-255,66,48498,19,332991
18287,0.000774,74.125.24.0-255,1484,49982,19,332991
18288,0.000781,172.31.36.0-255,66,50048,19,332991
18289,0.000787,74.125.24.0-255,2902,52950,19,332991
18290,0.00079,172.31.36.0-255,66,53016,19,332991
18291,0.000793,74.125.24.0-255,1484,54500,19,332991
18292,0.0008,172.31.36.0-255,66,54566,19,332991
18293,0.000827,74.125.24.0-255,4320,58886,19,332991
18294,0.00083,172.31.36.0-255,66,58952,19,332991
18295,0.000838,74.125.24.0-255,6797,65749,19,332991
18296,0.00084,172.31.36.0-255,66,65815,19,332991
18297,0.000882,172.31.36.0-255,66,65881,19,332991
18298,0.000905,74.125.24.0-255,1484,67365,19,332991
18299,0.00091,74.125.24.0-255,2543,69908,19,332991
18300,0.000913,172.31.36.0-255,66,69974,19,332991
18301,0.000969,74.125.24.0-255,1484,71458,19,332991
18302,0.000989,74.125.24.0-255,2902,74360,19,332991
18303,0.000992,172.31.36.0-255,66,74426,19,332991
18304,0.001025,74.125.24.0-255,5738,80164,19,332991
18305,0.001028,172.31.36.0-255,66,80230,19,332991
18306,0.001033,74.125.24.0-255,4320,84550,19,332991
18307,0.001036,172.31.36.0-255,66,84616,19,332991
18308,0.001049,74.125.24.0-255,2543,87159,19,332991
18309,0.001051,172.31.36.0-255,66,87225,19,332991
18310,0.0018,74.125.24.0-255,1484,88709,19,332991
18311,0.001823,74.125.24.0-255,2902,91611,19,332991
18312,0.001828,172.31.36.0-255,66,91677,19,332991
18313,0.001837,74.125.24.0-255,5738,97415,19,332991
18314,0.001839,172.31.36.0-255,66,97481,19,332991
18315,0.001849,74.125.24.0-255,4320,101801,19,332991
18316,0.001851,172.31.36.0-255,66,101867,19,332991
18317,0.001895,172.31.36.0-255,66,101933,19,332991
18318,0.001904,74.125.24.0-255,7856,109789,19,332991
18319,0.001906,172.31.36.0-255,66,109855,19,332991
18320,0.001946,74.125.24.0-255,7156,117011,19,332991
18321,0.001949,172.31.36.0-255,66,117077,19,332991
18322,0.001982,74.125.24.0-255,5738,122815,19,332991
18323,0.001985,172.31.36.0-255,66,122881,19,332991
18324,0.002001,172.31.36.0-255,66,122947,19,332991
18325,0.002008,74.125.24.0-255,6438,129385,19,332991
18326,0.00201,172.31.36.0-255,66,129451,19,332991
18327,0.002143,74.125.24.0-255,1484,130935,19,332991
18328,0.002151,74.125.24.0-255,2902,133837,19,332991
18329,0.002155,172.31.36.0-255,66,133903,19,332991
18330,0.002162,74.125.24.0-255,5738,139641,19,332991
18331,0.002166,172.31.36.0-255,66,139707,19,332991
18332,0.002185,172.31.36.0-255,66,139773,19,332991
18333,0.002192,74.125.24.0-255,5738,145511,19,332991
18334,0.002194,172.31.36.0-255,66,145577,19,332991
18335,0.002229,74.125.24.0-255,5020,150597,19,332991
18336,0.002232,172.31.36.0-255,66,150663,19,332991
18337,0.002296,74.125.24.0-255,1484,152147,19,332991
18338,0.002314,74.125.24.0-255,2902,155049,19,332991
18339,0.002317,172.31.36.0-255,66,155115,19,332991
18340,0.002343,74.125.24.0-255,5738,160853,19,332991
18341,0.002346,172.31.36.0-255,66,160919,19,332991
18342,0.00235,74.125.24.0-255,1484,162403,19,332991
18343,0.002353,74.125.24.0-255,1484,163887,19,332991
18344,0.002355,172.31.36.0-255,66,163953,19,332991
18345,0.002401,74.125.24.0-255,2902,166855,19,332991
18346,0.002406,172.31.36.0-255,66,166921,19,332991
18347,0.002412,74.125.24.0-255,5738,172659,19,332991
18348,0.002415,172.31.36.0-255,66,172725,19,332991
18349,0.002429,74.125.24.0-255,1484,174209,19,332991
18350,0.002432,74.125.24.0-255,1484,175693,19,332991
18351,0.002434,172.31.36.0-255,66,175759,19,332991
18352,0.00244,74.125.24.0-255,4320,180079,19,332991
18353,0.002442,172.31.36.0-255,66,180145,19,332991
18354,0.002445,74.125.24.0-255,1484,181629,19,332991
18355,0.00249,74.125.24.0-255,3602,185231,19,332991
18356,0.002496,172.31.36.0-255,66,185297,19,332991
18357,0.00255,74.125.24.0-255,1484,186781,19,332991
18358,0.002554,74.125.24.0-255,1484,188265,19,332991
18359,0.002556,172.31.36.0-255,66,188331,19,332991
18360,0.002573,74.125.24.0-255,1484,189815,19,332991
18361,0.002578,74.125.24.0-255,2902,192717,19,332991
18362,0.002581,172.31.36.0-255,66,192783,19,332991
18363,0.002623,74.125.24.0-255,9992,202775,19,332991
18364,0.002626,172.31.36.0-255,66,202841,19,332991
18365,0.002631,74.125.24.0-255,2184,205025,19,332991
18366,0.002634,172.31.36.0-255,78,205103,19,332991
18367,0.002651,172.31.36.0-255,66,205169,19,332991
18368,0.002689,74.125.24.0-255,1484,206653,19,332991
18369,0.002704,74.125.24.0-255,2902,209555,19,332991
18370,0.002707,172.31.36.0-255,66,209621,19,332991
18371,0.002714,74.125.24.0-255,5738,215359,19,332991
18372,0.002716,172.31.36.0-255,66,215425,19,332991
18373,0.002735,74.125.24.0-255,5738,221163,19,332991
18374,0.002738,172.31.36.0-255,66,221229,19,332991
18375,0.002781,74.125.24.0-255,7156,228385,19,332991
18376,0.002785,172.31.36.0-255,66,228451,19,332991
18377,0.002796,74.125.24.0-255,10692,239143,19,332991
18378,0.002798,172.31.36.0-255,66,239209,19,332991
18379,0.003021,74.125.24.0-255,1484,240693,19,332991
18380,0.003029,74.125.24.0-255,2902,243595,19,332991
18381,0.003034,172.31.36.0-255,66,243661,19,332991
18382,0.003049,74.125.24.0-255,5738,249399,19,332991
18383,0.003056,172.31.36.0-255,66,249465,19,332991
18384,0.003062,74.125.24.0-255,4320,253785,19,332991
18385,0.003064,172.31.36.0-255,66,253851,19,332991
18386,0.003093,74.125.24.0-255,1484,255335,19,332991
18387,0.003097,74.125.24.0-255,1484,256819,19,332991
18388,0.003099,172.31.36.0-255,66,256885,19,332991
18389,0.003103,74.125.24.0-255,1484,258369,19,332991
18390,0.003125,74.125.24.0-255,4320,262689,19,332991
18391,0.003128,172.31.36.0-255,66,262755,19,332991
18392,0.003172,74.125.24.0-255,5738,268493,19,332991
18393,0.003175,172.31.36.0-255,66,268559,19,332991
18394,0.003181,74.125.24.0-255,4320,272879,19,332991
18395,0.003183,172.31.36.0-255,66,272945,19,332991
18396,0.003186,74.125.24.0-255,766,273711,19,332991
18397,0.003265,74.125.24.0-255,1484,275195,19,332991
18398,0.003268,172.31.36.0-255,66,275261,19,332991
18399,0.003273,74.125.24.0-255,2902,278163,19,332991
18400,0.003275,172.31.36.0-255,66,278229,19,332991
18401,0.003295,74.125.24.0-255,5738,283967,19,332991
18402,0.003301,172.31.36.0-255,66,284033,19,332991
18403,0.003315,74.125.24.0-255,4320,288353,19,332991
18404,0.003321,172.31.36.0-255,66,288419,19,332991
18405,0.003344,74.125.24.0-255,8574,296993,19,332991
18406,0.003346,172.31.36.0-255,66,297059,19,332991
18407,0.003349,74.125.24.0-255,1484,298543,19,332991
18408,0.003376,74.125.24.0-255,9274,307817,19,332991
18409,0.003378,172.31.36.0-255,66,307883,19,332991
18410,0.003629,74.125.24.0-255,1484,309367,19,332991
18411,0.003643,74.125.24.0-255,2902,312269,19,332991
18412,0.003647,172.31.36.0-255,66,312335,19,332991
18413,0.003654,74.125.24.0-255,5738,318073,19,332991
18414,0.003656,172.31.36.0-255,66,318139,19,332991
18415,0.003688,74.125.24.0-255,9992,328131,19,332991
18416,0.003691,172.31.36.0-255,66,328197,19,332991
18417,0.003744,74.125.24.0-255,4320,332517,19,332991
18418,0.003746,172.31.36.0-255,66,332583,19,332991
18419,0.003783,172.31.36.0-255,66,332649,19,332991
18420,0.003787,74.125.24.0-255,105,332754,19,332991
18421,0.009436,172.31.36.0-255,66,332820,19,332991
18422,0.009477,172.31.36.0-255,105,332925,19,332991
18423,0.011711,74.125.24.0-255,66,332991,19,332991
18424,0.0,74.125.24.0-255,156,156,19,190934
18425,3.1e-05,172.31.36.0-255,66,222,19,190934
18426,3.7e-05,74.125.24.0-255,1484,1706,19,190934
18427,4.1e-05,172.31.36.0-255,66,1772,19,190934
18428,4.5e-05,74.125.24.0-255,2902,4674,19,190934
18429,4.9e-05,172.31.36.0-255,66,4740,19,190934
18430,6.2e-05,74.125.24.0-255,5738,10478,19,190934
18431,6.5e-05,172.31.36.0-255,66,10544,19,190934
18432,8.6e-05,74.125.24.0-255,1484,12028,19,190934
18433,8.8e-05,172.31.36.0-255,66,12094,19,190934
18434,9.3e-05,74.125.24.0-255,2021,14115,19,190934
18435,9.4e-05,172.31.36.0-255,66,14181,19,190934
18436,0.000134,74.125.24.0-255,5738,19919,19,190934
18437,0.000137,172.31.36.0-255,66,19985,19,190934
18438,0.00017,74.125.24.0-255,7156,27141,19,190934
18439,0.000173,172.31.36.0-255,66,27207,19,190934
18440,0.000199,74.125.24.0-255,3961,31168,19,190934
18441,0.000201,172.31.36.0-255,66,31234,19,190934
18442,0.000362,74.125.24.0-255,1484,32718,19,190934
18443,0.000367,172.31.36.0-255,66,32784,19,190934
18444,0.000371,74.125.24.0-255,1484,34268,19,190934
18445,0.000374,172.31.36.0-255,66,34334,19,190934
18446,0.0004,74.125.24.0-255,1484,35818,19,190934
18447,0.000403,172.31.36.0-255,66,35884,19,190934
18448,0.00041,74.125.24.0-255,5738,41622,19,190934
18449,0.000413,172.31.36.0-255,66,41688,19,190934
18450,0.00042,74.125.24.0-255,6797,48485,19,190934
18451,0.000424,172.31.36.0-255,66,48551,19,190934
18452,0.000431,74.125.24.0-255,5738,54289,19,190934
18453,0.000435,172.31.36.0-255,66,54355,19,190934
18454,0.00047,74.125.24.0-255,8574,62929,19,190934
18455,0.000475,172.31.36.0-255,66,62995,19,190934
18456,0.000479,74.125.24.0-255,2855,65850,19,190934
18457,0.000482,172.31.36.0-255,66,65916,19,190934
18458,0.001024,74.125.24.0-255,110,66026,19,190934
18459,0.001061,74.125.24.0-255,1484,67510,19,190934
18460,0.001066,172.31.36.0-255,66,67576,19,190934
18461,0.001093,74.125.24.0-255,2902,70478,19,190934
18462,0.001097,172.31.36.0-255,66,70544,19,190934
18463,0.001104,74.125.24.0-255,5738,76282,19,190934
18464,0.001106,172.31.36.0-255,66,76348,19,190934
18465,0.001112,74.125.24.0-255,5738,82086,19,190934
18466,0.001115,172.31.36.0-255,66,82152,19,190934
18467,0.00116,74.125.24.0-255,7156,89308,19,190934
18468,0.001163,172.31.36.0-255,66,89374,19,190934
18469,0.001172,74.125.24.0-255,8574,97948,19,190934
18470,0.001174,172.31.36.0-255,66,98014,19,190934
18471,0.001179,74.125.24.0-255,2448,100462,19,190934
18472,0.00118,172.31.36.0-255,66,100528,19,190934
18473,0.001592,74.125.24.0-255,1484,102012,19,190934
18474,0.001599,74.125.24.0-255,2902,104914,19,190934
18475,0.001603,172.31.36.0-255,66,104980,19,190934
18476,0.00161,74.125.24.0-255,5738,110718,19,190934
18477,0.001612,172.31.36.0-255,66,110784,19,190934
18478,0.001685,172.31.36.0-255,66,110850,19,190934
18479,0.001691,74.125.24.0-255,5738,116588,19,190934
18480,0.001693,172.31.36.0-255,66,116654,19,190934
18481,0.001699,74.125.24.0-255,5020,121674,19,190934
18482,0.0017,172.31.36.0-255,66,121740,19,190934
18483,0.002021,74.125.24.0-255,1484,123224,19,190934
18484,0.002035,74.125.24.0-255,2902,126126,19,190934
18485,0.002038,172.31.36.0-255,66,126192,19,190934
18486,0.00207,74.125.24.0-255,5738,131930,19,190934
18487,0.002073,172.31.36.0-255,66,131996,19,190934
18488,0.002077,74.125.24.0-255,2902,134898,19,190934
18489,0.002079,172.31.36.0-255,66,134964,19,190934
18490,0.002103,74.125.24.0-255,7156,142120,19,190934
18491,0.002105,172.31.36.0-255,66,142186,19,190934
18492,0.002112,74.125.24.0-255,7156,149342,19,190934
18493,0.002114,172.31.36.0-255,66,149408,19,190934
18494,0.002142,74.125.24.0-255,2902,152310,19,190934
18495,0.002145,172.31.36.0-255,66,152376,19,190934
18496,0.00215,74.125.24.0-255,3602,155978,19,190934
18497,0.002152,172.31.36.0-255,66,156044,19,190934
18498,0.00473,74.125.24.0-255,1484,157528,19,190934
18499,0.004746,74.125.24.0-255,4320,161848,19,190934
18500,0.004748,172.31.36.0-255,66,161914,19,190934
18501,0.007326,74.125.24.0-255,5738,167652,19,190934
18502,0.007336,172.31.36.0-255,66,167718,19,190934
18503,0.009943,74.125.24.0-255,5738,173456,19,190934
18504,0.009961,172.31.36.0-255,66,173522,19,190934
18505,0.012564,74.125.24.0-255,5738,179260,19,190934
18506,0.012581,172.31.36.0-255,66,179326,19,190934
18507,0.015207,74.125.24.0-255,5738,185064,19,190934
18508,0.015224,172.31.36.0-255,66,185130,19,190934
18509,0.017829,74.125.24.0-255,5738,190868,19,190934
18510,0.017847,172.31.36.0-255,66,190934,19,190934
18511,0.0,172.217.194.0-255,66,66,19,66
18512,0.0,172.217.194.0-255,146,146,19,143392
18513,2.2e-05,172.31.36.0-255,66,212,19,143392
18514,3e-05,172.217.194.0-255,1484,1696,19,143392
18515,3.4e-05,172.31.36.0-255,66,1762,19,143392
18516,4e-05,172.217.194.0-255,2902,4664,19,143392
18517,5e-05,172.31.36.0-255,66,4730,19,143392
18518,5.9e-05,172.217.194.0-255,7156,11886,19,143392
18519,6.2e-05,172.31.36.0-255,66,11952,19,143392
18520,6.6e-05,172.217.194.0-255,2027,13979,19,143392
18521,6.8e-05,172.31.36.0-255,66,14045,19,143392
18522,0.000233,172.217.194.0-255,1484,15529,19,143392
18523,0.000238,172.31.36.0-255,66,15595,19,143392
18524,0.000245,172.217.194.0-255,2902,18497,19,143392
18525,0.000247,172.31.36.0-255,66,18563,19,143392
18526,0.000251,172.217.194.0-255,1484,20047,19,143392
18527,0.000253,172.31.36.0-255,66,20113,19,143392
18528,0.000286,172.217.194.0-255,4320,24433,19,143392
18529,0.000293,172.31.36.0-255,66,24499,19,143392
18530,0.000301,172.217.194.0-255,6797,31296,19,143392
18531,0.000303,172.31.36.0-255,66,31362,19,143392
18532,0.000344,172.31.36.0-255,66,31428,19,143392
18533,0.000356,172.31.36.0-255,66,31494,19,143392
18534,0.000393,172.217.194.0-255,3602,35096,19,143392
18535,0.000396,172.31.36.0-255,66,35162,19,143392
18536,0.000423,172.217.194.0-255,378,35540,19,143392
18537,0.000426,172.31.36.0-255,66,35606,19,143392
18538,0.000852,172.217.194.0-255,100,35706,19,143392
18539,0.000857,172.31.36.0-255,66,35772,19,143392
18540,0.000903,172.217.194.0-255,1484,37256,19,143392
18541,0.000907,172.31.36.0-255,66,37322,19,143392
18542,0.000912,172.217.194.0-255,2902,40224,19,143392
18543,0.000914,172.31.36.0-255,66,40290,19,143392
18544,0.000952,172.217.194.0-255,7156,47446,19,143392
18545,0.000955,172.31.36.0-255,66,47512,19,143392
18546,0.00096,172.217.194.0-255,2902,50414,19,143392
18547,0.000962,172.31.36.0-255,66,50480,19,143392
18548,0.000987,172.217.194.0-255,4320,54800,19,143392
18549,0.00099,172.31.36.0-255,66,54866,19,143392
18550,0.001024,172.217.194.0-255,7156,62022,19,143392
18551,0.001027,172.31.36.0-255,66,62088,19,143392
18552,0.001061,172.217.194.0-255,7856,69944,19,143392
18553,0.001066,172.31.36.0-255,66,70010,19,143392
18554,0.001542,172.217.194.0-255,1484,71494,19,143392
18555,0.001552,172.217.194.0-255,2902,74396,19,143392
18556,0.001556,172.31.36.0-255,66,74462,19,143392
18557,0.001565,172.217.194.0-255,5738,80200,19,143392
18558,0.001567,172.31.36.0-255,66,80266,19,143392
18559,0.001627,172.217.194.0-255,8574,88840,19,143392
18560,0.00163,172.31.36.0-255,66,88906,19,143392
18561,0.001658,172.217.194.0-255,1484,90390,19,143392
18562,0.001666,172.217.194.0-255,5738,96128,19,143392
18563,0.001668,172.31.36.0-255,66,96194,19,143392
18564,0.001703,172.217.194.0-255,7856,104050,19,143392
18565,0.001705,172.31.36.0-255,66,104116,19,143392
18566,0.003995,172.217.194.0-255,5738,109854,19,143392
18567,0.004004,172.31.36.0-255,66,109920,19,143392
18568,0.00631,172.217.194.0-255,4320,114240,19,143392
18569,0.006314,172.31.36.0-255,66,114306,19,143392
18570,0.006335,172.217.194.0-255,1484,115790,19,143392
18571,0.008589,172.217.194.0-255,4320,120110,19,143392
18572,0.008595,172.31.36.0-255,66,120176,19,143392
18573,0.01091,172.217.194.0-255,5738,125914,19,143392
18574,0.010918,172.31.36.0-255,66,125980,19,143392
18575,0.013248,172.217.194.0-255,5738,131718,19,143392
18576,0.013256,172.31.36.0-255,66,131784,19,143392
18577,0.01561,172.217.194.0-255,5738,137522,19,143392
18578,0.015622,172.31.36.0-255,66,137588,19,143392
18579,0.017924,172.217.194.0-255,5738,143326,19,143392
18580,0.017931,172.31.36.0-255,66,143392,19,143392
18581,0.0,74.125.68.0-255,154,154,19,215917
18582,1.9e-05,172.31.36.0-255,66,220,19,215917
18583,2.6e-05,74.125.68.0-255,1484,1704,19,215917
18584,3.1e-05,172.31.36.0-255,66,1770,19,215917
18585,3.4e-05,74.125.68.0-255,1484,3254,19,215917
18586,4.8e-05,172.31.36.0-255,66,3320,19,215917
18587,5.5e-05,74.125.68.0-255,2902,6222,19,215917
18588,5.8e-05,172.31.36.0-255,66,6288,19,215917
18589,6.3e-05,74.125.68.0-255,2902,9190,19,215917
18590,6.6e-05,172.31.36.0-255,66,9256,19,215917
18591,0.000106,74.125.68.0-255,4320,13576,19,215917
18592,0.00011,172.31.36.0-255,66,13642,19,215917
18593,0.000115,74.125.68.0-255,2053,15695,19,215917
18594,0.000117,172.31.36.0-255,66,15761,19,215917
18595,0.00012,74.125.68.0-255,1484,17245,19,215917
18596,0.000122,172.31.36.0-255,66,17311,19,215917
18597,0.000144,74.125.68.0-255,1484,18795,19,215917
18598,0.000147,172.31.36.0-255,66,18861,19,215917
18599,0.000164,74.125.68.0-255,7156,26017,19,215917
18600,0.000167,172.31.36.0-255,66,26083,19,215917
18601,0.000175,74.125.68.0-255,2902,28985,19,215917
18602,0.000177,172.31.36.0-255,66,29051,19,215917
18603,0.000222,74.125.68.0-255,2543,31594,19,215917
18604,0.000225,172.31.36.0-255,66,31660,19,215917
18605,0.000311,74.125.68.0-255,1484,33144,19,215917
18606,0.000315,172.31.36.0-255,66,33210,19,215917
18607,0.000328,74.125.68.0-255,1484,34694,19,215917
18608,0.000335,172.31.36.0-255,66,34760,19,215917
18609,0.00034,74.125.68.0-255,2902,37662,19,215917
18610,0.000342,172.31.36.0-255,66,37728,19,215917
18611,0.000347,74.125.68.0-255,2902,40630,19,215917
18612,0.000349,172.31.36.0-255,66,40696,19,215917
18613,0.000381,74.125.68.0-255,2902,43598,19,215917
18614,0.000385,172.31.36.0-255,66,43664,19,215917
18615,0.000396,74.125.68.0-255,9992,53656,19,215917
18616,0.000398,172.31.36.0-255,66,53722,19,215917
18617,0.000442,74.125.68.0-255,5738,59460,19,215917
18618,0.000445,172.31.36.0-255,66,59526,19,215917
18619,0.000474,74.125.68.0-255,5738,65264,19,215917
18620,0.000477,172.31.36.0-255,66,65330,19,215917
18621,0.000502,74.125.68.0-255,766,66096,19,215917
18622,0.000506,74.125.68.0-255,424,66520,19,215917
18623,0.000726,74.125.68.0-255,1484,68004,19,215917
18624,0.000731,172.31.36.0-255,66,68070,19,215917
18625,0.000736,74.125.68.0-255,1484,69554,19,215917
18626,0.000758,74.125.68.0-255,1484,71038,19,215917
18627,0.000761,172.31.36.0-255,66,71104,19,215917
18628,0.000769,74.125.68.0-255,5738,76842,19,215917
18629,0.000771,172.31.36.0-255,66,76908,19,215917
18630,0.000778,74.125.68.0-255,1484,78392,19,215917
18631,0.000794,74.125.68.0-255,7156,85548,19,215917
18632,0.000797,172.31.36.0-255,66,85614,19,215917
18633,0.000824,74.125.68.0-255,2902,88516,19,215917
18634,0.000827,172.31.36.0-255,66,88582,19,215917
18635,0.000856,74.125.68.0-255,7156,95738,19,215917
18636,0.000862,172.31.36.0-255,66,95804,19,215917
18637,0.000872,74.125.68.0-255,5020,100824,19,215917
18638,0.000879,172.31.36.0-255,66,100890,19,215917
18639,0.000909,74.125.68.0-255,349,101239,19,215917
18640,0.00148,74.125.68.0-255,1484,102723,19,215917
18641,0.001485,172.31.36.0-255,66,102789,19,215917
18642,0.001492,74.125.68.0-255,2902,105691,19,215917
18643,0.001493,172.31.36.0-255,66,105757,19,215917
18644,0.001497,74.125.68.0-255,1484,107241,19,215917
18645,0.001523,74.125.68.0-255,4320,111561,19,215917
18646,0.001526,172.31.36.0-255,66,111627,19,215917
18647,0.001546,74.125.68.0-255,4320,115947,19,215917
18648,0.001548,172.31.36.0-255,66,116013,19,215917
18649,0.00158,74.125.68.0-255,8574,124587,19,215917
18650,0.001582,172.31.36.0-255,66,124653,19,215917
18651,0.001623,74.125.68.0-255,8574,133227,19,215917
18652,0.001626,172.31.36.0-255,66,133293,19,215917
18653,0.00165,74.125.68.0-255,2184,135477,19,215917
18654,0.001652,172.31.36.0-255,66,135543,19,215917
18655,0.001774,74.125.68.0-255,1484,137027,19,215917
18656,0.001793,74.125.68.0-255,1484,138511,19,215917
18657,0.001797,172.31.36.0-255,66,138577,19,215917
18658,0.001827,74.125.68.0-255,2902,141479,19,215917
18659,0.00183,172.31.36.0-255,66,141545,19,215917
18660,0.001835,74.125.68.0-255,2902,144447,19,215917
18661,0.001837,172.31.36.0-255,66,144513,19,215917
18662,0.00187,74.125.68.0-255,4320,148833,19,215917
18663,0.001873,172.31.36.0-255,66,148899,19,215917
18664,0.001881,74.125.68.0-255,7156,156055,19,215917
18665,0.001883,172.31.36.0-255,66,156121,19,215917
18666,0.001894,74.125.68.0-255,1484,157605,19,215917
18667,0.001925,74.125.68.0-255,5738,163343,19,215917
18668,0.001928,172.31.36.0-255,66,163409,19,215917
18669,0.001972,74.125.68.0-255,2902,166311,19,215917
18670,0.001976,172.31.36.0-255,66,166377,19,215917
18671,0.00203,74.125.68.0-255,1484,167861,19,215917
18672,0.002078,74.125.68.0-255,1484,169345,19,215917
18673,0.002082,172.31.36.0-255,66,169411,19,215917
18674,0.002086,74.125.68.0-255,766,170177,19,215917
18675,0.002451,172.31.36.0-255,66,170243,19,215917
18676,0.004174,74.125.68.0-255,1484,171727,19,215917
18677,0.004275,74.125.68.0-255,2902,174629,19,215917
18678,0.004281,172.31.36.0-255,66,174695,19,215917
18679,0.004645,74.125.68.0-255,1484,176179,19,215917
18680,0.00649,74.125.68.0-255,4320,180499,19,215917
18681,0.006493,172.31.36.0-255,66,180565,19,215917
18682,0.008705,74.125.68.0-255,5738,186303,19,215917
18683,0.008712,172.31.36.0-255,66,186369,19,215917
18684,0.010955,74.125.68.0-255,5738,192107,19,215917
18685,0.010963,172.31.36.0-255,66,192173,19,215917
18686,0.013179,74.125.68.0-255,2902,195075,19,215917
18687,0.013188,172.31.36.0-255,66,195141,19,215917
18688,0.013217,74.125.68.0-255,2902,198043,19,215917
18689,0.013221,172.31.36.0-255,66,198109,19,215917
18690,0.015408,74.125.68.0-255,2902,201011,19,215917
18691,0.015415,172.31.36.0-255,66,201077,19,215917
18692,0.015444,74.125.68.0-255,2902,203979,19,215917
18693,0.015448,172.31.36.0-255,66,204045,19,215917
18694,0.017626,74.125.68.0-255,2902,206947,19,215917
18695,0.017634,172.31.36.0-255,66,207013,19,215917
18696,0.017662,74.125.68.0-255,2902,209915,19,215917
18697,0.017665,172.31.36.0-255,66,209981,19,215917
18698,0.019842,74.125.68.0-255,2902,212883,19,215917
18699,0.019852,172.31.36.0-255,66,212949,19,215917
18700,0.019887,74.125.68.0-255,2902,215851,19,215917
18701,0.01989,172.31.36.0-255,66,215917,19,215917
18702,0.0,172.217.194.0-255,66,66,19,66
18703,0.0,172.217.160.0-255,153,153,19,182563
18704,1.7e-05,172.31.36.0-255,66,219,19,182563
18705,2.5e-05,172.217.160.0-255,1484,1703,19,182563
18706,2.9e-05,172.31.36.0-255,66,1769,19,182563
18707,3.6e-05,172.217.160.0-255,2902,4671,19,182563
18708,4e-05,172.31.36.0-255,66,4737,19,182563
18709,4.6e-05,172.217.160.0-255,4320,9057,19,182563
18710,4.9e-05,172.31.36.0-255,66,9123,19,182563
18711,7.7e-05,172.217.160.0-255,4320,13443,19,182563
18712,7.9e-05,172.31.36.0-255,66,13509,19,182563
18713,0.000104,172.217.160.0-255,4851,18360,19,182563
18714,0.000107,172.31.36.0-255,66,18426,19,182563
18715,0.000117,172.217.160.0-255,9992,28418,19,182563
18716,0.00012,172.31.36.0-255,66,28484,19,182563
18717,0.000182,172.31.36.0-255,66,28550,19,182563
18718,0.000189,172.217.160.0-255,5738,34288,19,182563
18719,0.000191,172.31.36.0-255,66,34354,19,182563
18720,0.000199,172.217.160.0-255,7156,41510,19,182563
18721,0.000202,172.31.36.0-255,66,41576,19,182563
18722,0.000229,172.217.160.0-255,3961,45537,19,182563
18723,0.000231,172.31.36.0-255,66,45603,19,182563
18724,0.000336,172.217.160.0-255,335,45938,19,182563
18725,0.00034,172.31.36.0-255,66,46004,19,182563
18726,0.000926,172.217.160.0-255,122,46126,19,182563
18727,0.000931,172.31.36.0-255,66,46192,19,182563
18728,0.001054,172.217.160.0-255,1484,47676,19,182563
18729,0.001058,172.31.36.0-255,66,47742,19,182563
18730,0.001064,172.217.160.0-255,2902,50644,19,182563
18731,0.001067,172.31.36.0-255,66,50710,19,182563
18732,0.001073,172.217.160.0-255,4320,55030,19,182563
18733,0.001076,172.31.36.0-255,66,55096,19,182563
18734,0.001103,172.217.160.0-255,1484,56580,19,182563
18735,0.001111,172.217.160.0-255,5738,62318,19,182563
18736,0.001133,172.217.160.0-255,4320,66638,19,182563
18737,0.001141,172.31.36.0-255,66,66704,19,182563
18738,0.001155,172.217.160.0-255,9633,76337,19,182563
18739,0.00116,172.217.160.0-255,3961,80298,19,182563
18740,0.00117,172.31.36.0-255,66,80364,19,182563
18741,0.00133,172.217.160.0-255,1484,81848,19,182563
18742,0.001336,172.217.160.0-255,2902,84750,19,182563
18743,0.00134,172.31.36.0-255,66,84816,19,182563
18744,0.001359,172.217.160.0-255,1484,86300,19,182563
18745,0.001364,172.217.160.0-255,2902,89202,19,182563
18746,0.00137,172.217.160.0-255,5738,94940,19,182563
18747,0.001389,172.31.36.0-255,66,95006,19,182563
18748,0.001406,172.217.160.0-255,5738,100744,19,182563
18749,0.001413,172.31.36.0-255,66,100810,19,182563
18750,0.001423,172.217.160.0-255,766,101576,19,182563
18751,0.001452,172.217.160.0-255,1484,103060,19,182563
18752,0.001464,172.217.160.0-255,1484,104544,19,182563
18753,0.001475,172.217.160.0-255,1484,106028,19,182563
18754,0.001481,172.217.160.0-255,5738,111766,19,182563
18755,0.001486,172.31.36.0-255,66,111832,19,182563
18756,0.001508,172.217.160.0-255,5738,117570,19,182563
18757,0.001526,172.217.160.0-255,5738,123308,19,182563
18758,0.001531,172.217.160.0-255,2902,126210,19,182563
18759,0.001543,172.31.36.0-255,66,126276,19,182563
18760,0.001553,172.217.160.0-255,9274,135550,19,182563
18761,0.001562,172.217.160.0-255,383,135933,19,182563
18762,0.001565,172.31.36.0-255,66,135999,19,182563
18763,0.002127,172.31.36.0-255,66,136065,19,182563
18764,0.003443,172.217.160.0-255,4320,140385,19,182563
18765,0.003997,172.217.160.0-255,1484,141869,19,182563
18766,0.005978,172.31.36.0-255,66,141935,19,182563
18767,0.007863,172.217.160.0-255,5738,147673,19,182563
18768,0.0079,172.31.36.0-255,66,147739,19,182563
18769,0.009782,172.217.160.0-255,5738,153477,19,182563
18770,0.009789,172.31.36.0-255,66,153543,19,182563
18771,0.011672,172.217.160.0-255,5738,159281,19,182563
18772,0.01168,172.31.36.0-255,66,159347,19,182563
18773,0.013564,172.217.160.0-255,5738,165085,19,182563
18774,0.01357,172.31.36.0-255,66,165151,19,182563
18775,0.015453,172.217.160.0-255,5738,170889,19,182563
18776,0.01546,172.31.36.0-255,66,170955,19,182563
18777,0.017379,172.217.160.0-255,5738,176693,19,182563
18778,0.017386,172.31.36.0-255,66,176759,19,182563
18779,0.01927,172.217.160.0-255,5738,182497,19,182563
18780,0.01928,172.31.36.0-255,66,182563,19,182563
18781,0.0,172.31.36.0-255,66,66,19,66
18782,0.0,172.217.194.0-255,143,143,19,205856
18783,2.4e-05,172.31.36.0-255,66,209,19,205856
18784,3.2e-05,172.217.194.0-255,1484,1693,19,205856
18785,3.7e-05,172.31.36.0-255,66,1759,19,205856
18786,5.1e-05,172.217.194.0-255,2902,4661,19,205856
18787,5.5e-05,172.31.36.0-255,66,4727,19,205856
18788,6e-05,172.217.194.0-255,2902,7629,19,205856
18789,6.3e-05,172.31.36.0-255,66,7695,19,205856
18790,9.6e-05,172.217.194.0-255,4320,12015,19,205856
18791,0.0001,172.31.36.0-255,66,12081,19,205856
18792,0.000104,172.217.194.0-255,2090,14171,19,205856
18793,0.000107,172.31.36.0-255,66,14237,19,205856
18794,0.000146,172.31.36.0-255,66,14303,19,205856
18795,0.00017,172.217.194.0-255,1484,15787,19,205856
18796,0.000173,172.31.36.0-255,66,15853,19,205856
18797,0.000197,172.217.194.0-255,3961,19814,19,205856
18798,0.0002,172.31.36.0-255,66,19880,19,205856
18799,0.00028,172.217.194.0-255,1484,21364,19,205856
18800,0.000283,172.31.36.0-255,66,21430,19,205856
18801,0.000289,172.217.194.0-255,2902,24332,19,205856
18802,0.000291,172.31.36.0-255,66,24398,19,205856
18803,0.000324,172.217.194.0-255,5738,30136,19,205856
18804,0.000327,172.31.36.0-255,66,30202,19,205856
18805,0.000334,172.217.194.0-255,5738,35940,19,205856
18806,0.000336,172.31.36.0-255,66,36006,19,205856
18807,0.000365,172.217.194.0-255,1125,37131,19,205856
18808,0.000368,172.31.36.0-255,66,37197,19,205856
18809,0.000376,172.217.194.0-255,7156,44353,19,205856
18810,0.000379,172.31.36.0-255,66,44419,19,205856
18811,0.000386,172.217.194.0-255,7156,51575,19,205856
18812,0.000389,172.31.36.0-255,66,51641,19,205856
18813,0.000426,172.217.194.0-255,2543,54184,19,205856
18814,0.000429,172.31.36.0-255,66,54250,19,205856
18815,0.000844,172.217.194.0-255,646,54896,19,205856
18816,0.000965,172.217.194.0-255,1484,56380,19,205856
18817,0.000969,172.31.36.0-255,66,56446,19,205856
18818,0.000976,172.217.194.0-255,2902,59348,19,205856
18819,0.000979,172.31.36.0-255,66,59414,19,205856
18820,0.000987,172.217.194.0-255,1484,60898,19,205856
18821,0.001012,172.217.194.0-255,4320,65218,19,205856
18822,0.001014,172.31.36.0-255,66,65284,19,205856
18823,0.001022,172.217.194.0-255,7156,72440,19,205856
18824,0.001024,172.31.36.0-255,66,72506,19,205856
18825,0.001051,172.217.194.0-255,1484,73990,19,205856
18826,0.001079,172.31.36.0-255,66,74056,19,205856
18827,0.001084,172.217.194.0-255,2184,76240,19,205856
18828,0.001087,172.31.36.0-255,66,76306,19,205856
18829,0.001141,172.217.194.0-255,1484,77790,19,205856
18830,0.001159,172.217.194.0-255,2902,80692,19,205856
18831,0.001162,172.31.36.0-255,66,80758,19,205856
18832,0.00119,172.217.194.0-255,5738,86496,19,205856
18833,0.001193,172.31.36.0-255,66,86562,19,205856
18834,0.001242,172.217.194.0-255,5738,92300,19,205856
18835,0.001246,172.31.36.0-255,66,92366,19,205856
18836,0.001272,172.217.194.0-255,4320,96686,19,205856
18837,0.001275,172.31.36.0-255,66,96752,19,205856
18838,0.001285,172.217.194.0-255,9992,106744,19,205856
18839,0.001287,172.31.36.0-255,66,106810,19,205856
18840,0.001312,172.217.194.0-255,1484,108294,19,205856
18841,0.001317,172.217.194.0-255,2184,110478,19,205856
18842,0.001319,172.31.36.0-255,66,110544,19,205856
18843,0.001346,172.217.194.0-255,4320,114864,19,205856
18844,0.001348,172.31.36.0-255,66,114930,19,205856
18845,0.001355,172.217.194.0-255,5738,120668,19,205856
18846,0.001357,172.31.36.0-255,66,120734,19,205856
18847,0.001391,172.217.194.0-255,9992,130726,19,205856
18848,0.001394,172.31.36.0-255,66,130792,19,205856
18849,0.001414,172.217.194.0-255,1484,132276,19,205856
18850,0.00142,172.217.194.0-255,4320,136596,19,205856
18851,0.001422,172.31.36.0-255,66,136662,19,205856
18852,0.001448,172.217.194.0-255,1484,138146,19,205856
18853,0.001468,172.217.194.0-255,6438,144584,19,205856
18854,0.001471,172.31.36.0-255,66,144650,19,205856
18855,0.002268,172.217.194.0-255,1484,146134,19,205856
18856,0.002285,172.217.194.0-255,2902,149036,19,205856
18857,0.002291,172.217.194.0-255,5738,154774,19,205856
18858,0.002296,172.31.36.0-255,66,154840,19,205856
18859,0.002304,172.31.36.0-255,66,154906,19,205856
18860,0.002307,172.217.194.0-255,1484,156390,19,205856
18861,0.002328,172.217.194.0-255,4320,160710,19,205856
18862,0.002334,172.31.36.0-255,66,160776,19,205856
18863,0.002368,172.217.194.0-255,4320,165096,19,205856
18864,0.002371,172.31.36.0-255,66,165162,19,205856
18865,0.002385,172.31.36.0-255,66,165228,19,205856
18866,0.004725,172.217.194.0-255,5738,170966,19,205856
18867,0.004732,172.31.36.0-255,66,171032,19,205856
18868,0.007099,172.217.194.0-255,5738,176770,19,205856
18869,0.007105,172.31.36.0-255,66,176836,19,205856
18870,0.009463,172.217.194.0-255,5738,182574,19,205856
18871,0.00947,172.31.36.0-255,66,182640,19,205856
18872,0.011882,172.217.194.0-255,5738,188378,19,205856
18873,0.011891,172.31.36.0-255,66,188444,19,205856
18874,0.014293,172.217.194.0-255,5738,194182,19,205856
18875,0.014301,172.31.36.0-255,66,194248,19,205856
18876,0.016661,172.217.194.0-255,5738,199986,19,205856
18877,0.016672,172.31.36.0-255,66,200052,19,205856
18878,0.019051,172.217.194.0-255,5738,205790,19,205856
18879,0.01906,172.31.36.0-255,66,205856,19,205856
18880,0.0,172.217.27.0-255,296,296,19,196142
18881,3.2e-05,172.31.36.0-255,66,362,19,196142
18882,3.9e-05,172.217.27.0-255,1484,1846,19,196142
18883,4.3e-05,172.31.36.0-255,66,1912,19,196142
18884,4.8e-05,172.217.27.0-255,2902,4814,19,196142
18885,5.1e-05,172.31.36.0-255,66,4880,19,196142
18886,5.6e-05,172.217.27.0-255,5738,10618,19,196142
18887,5.9e-05,172.31.36.0-255,66,10684,19,196142
18888,8.5e-05,172.217.27.0-255,8574,19258,19,196142
18889,8.7e-05,172.31.36.0-255,66,19324,19,196142
18890,0.00011,172.217.27.0-255,4704,24028,19,196142
18891,0.000112,172.31.36.0-255,66,24094,19,196142
18892,0.000132,172.217.27.0-255,6797,30891,19,196142
18893,0.000136,172.31.36.0-255,66,30957,19,196142
18894,0.000204,172.217.27.0-255,1484,32441,19,196142
18895,0.000207,172.31.36.0-255,66,32507,19,196142
18896,0.000213,172.217.27.0-255,2902,35409,19,196142
18897,0.000215,172.31.36.0-255,66,35475,19,196142
18898,0.000219,172.217.27.0-255,2902,38377,19,196142
18899,0.000222,172.31.36.0-255,66,38443,19,196142
18900,0.000226,172.217.27.0-255,2902,41345,19,196142
18901,0.000228,172.31.36.0-255,66,41411,19,196142
18902,0.000239,172.217.27.0-255,1484,42895,19,196142
18903,0.000242,172.31.36.0-255,66,42961,19,196142
18904,0.000245,172.217.27.0-255,1484,44445,19,196142
18905,0.000248,172.31.36.0-255,66,44511,19,196142
18906,0.000282,172.217.27.0-255,8215,52726,19,196142
18907,0.000285,172.31.36.0-255,66,52792,19,196142
18908,0.000291,172.217.27.0-255,5738,58530,19,196142
18909,0.000293,172.31.36.0-255,66,58596,19,196142
18910,0.0003,172.217.27.0-255,6797,65393,19,196142
18911,0.000303,172.31.36.0-255,66,65459,19,196142
18912,0.000306,172.217.27.0-255,390,65849,19,196142
18913,0.000732,172.217.27.0-255,120,65969,19,196142
18914,0.000821,172.31.36.0-255,66,66035,19,196142
18915,0.000868,172.217.27.0-255,1484,67519,19,196142
18916,0.000872,172.217.27.0-255,1484,69003,19,196142
18917,0.000875,172.31.36.0-255,66,69069,19,196142
18918,0.000885,172.217.27.0-255,1484,70553,19,196142
18919,0.000891,172.217.27.0-255,4320,74873,19,196142
18920,0.000893,172.31.36.0-255,66,74939,19,196142
18921,0.000914,172.217.27.0-255,1484,76423,19,196142
18922,0.000918,172.217.27.0-255,1484,77907,19,196142
18923,0.00092,172.31.36.0-255,66,77973,19,196142
18924,0.00095,172.31.36.0-255,66,78039,19,196142
18925,0.000957,172.217.27.0-255,7156,85195,19,196142
18926,0.000959,172.31.36.0-255,66,85261,19,196142
18927,0.000981,172.217.27.0-255,2543,87804,19,196142
18928,0.000984,172.31.36.0-255,66,87870,19,196142
18929,0.00158,172.217.27.0-255,1484,89354,19,196142
18930,0.00159,172.217.27.0-255,2902,92256,19,196142
18931,0.001595,172.31.36.0-255,66,92322,19,196142
18932,0.001602,172.217.27.0-255,5738,98060,19,196142
18933,0.001605,172.31.36.0-255,66,98126,19,196142
18934,0.001612,172.217.27.0-255,7156,105282,19,196142
18935,0.001614,172.31.36.0-255,66,105348,19,196142
18936,0.001619,172.217.27.0-255,2902,108250,19,196142
18937,0.001621,172.31.36.0-255,66,108316,19,196142
18938,0.001639,172.217.27.0-255,5738,114054,19,196142
18939,0.001641,172.31.36.0-255,66,114120,19,196142
18940,0.001657,172.217.27.0-255,1484,115604,19,196142
18941,0.001676,172.217.27.0-255,6438,122042,19,196142
18942,0.001678,172.31.36.0-255,66,122108,19,196142
18943,0.001687,172.217.27.0-255,8574,130682,19,196142
18944,0.00169,172.31.36.0-255,66,130748,19,196142
18945,0.001693,172.217.27.0-255,1484,132232,19,196142
18946,0.001725,172.217.27.0-255,7156,139388,19,196142
18947,0.001728,172.31.36.0-255,66,139454,19,196142
18948,0.003376,172.217.27.0-255,5738,145192,19,196142
18949,0.003382,172.31.36.0-255,66,145258,19,196142
18950,0.00504,172.217.27.0-255,4320,149578,19,196142
18951,0.005042,172.31.36.0-255,66,149644,19,196142
18952,0.005058,172.217.27.0-255,1484,151128,19,196142
18953,0.00669,172.217.27.0-255,4320,155448,19,196142
18954,0.006697,172.31.36.0-255,66,155514,19,196142
18955,0.008357,172.217.27.0-255,5738,161252,19,196142
18956,0.008364,172.31.36.0-255,66,161318,19,196142
18957,0.010029,172.217.27.0-255,5738,167056,19,196142
18958,0.010036,172.31.36.0-255,66,167122,19,196142
18959,0.011697,172.217.27.0-255,5738,172860,19,196142
18960,0.011704,172.31.36.0-255,66,172926,19,196142
18961,0.013359,172.217.27.0-255,5738,178664,19,196142
18962,0.013371,172.31.36.0-255,66,178730,19,196142
18963,0.015034,172.217.27.0-255,5738,184468,19,196142
18964,0.015042,172.31.36.0-255,66,184534,19,196142
18965,0.0167,172.217.27.0-255,5738,190272,19,196142
18966,0.016707,172.31.36.0-255,66,190338,19,196142
18967,0.01836,172.217.27.0-255,5738,196076,19,196142
18968,0.018365,172.31.36.0-255,66,196142,19,196142
18969,0.0,74.125.68.0-255,143,143,19,330954
18970,2.9e-05,172.31.36.0-255,66,209,19,330954
18971,3.6e-05,74.125.68.0-255,1484,1693,19,330954
18972,3.9e-05,172.31.36.0-255,66,1759,19,330954
18973,4.4e-05,74.125.68.0-255,2902,4661,19,330954
18974,4.6e-05,172.31.36.0-255,66,4727,19,330954
18975,5.1e-05,74.125.68.0-255,2902,7629,19,330954
18976,5.4e-05,172.31.36.0-255,66,7695,19,330954
18977,7.3e-05,74.125.68.0-255,2902,10597,19,330954
18978,7.5e-05,172.31.36.0-255,66,10663,19,330954
18979,8.1e-05,74.125.68.0-255,3472,14135,19,330954
18980,8.3e-05,172.31.36.0-255,66,14201,19,330954
18981,9.8e-05,74.125.68.0-255,1484,15685,19,330954
18982,0.0001,172.31.36.0-255,66,15751,19,330954
18983,0.000127,74.125.68.0-255,2902,18653,19,330954
18984,0.000131,172.31.36.0-255,66,18719,19,330954
18985,0.000137,74.125.68.0-255,4320,23039,19,330954
18986,0.000139,172.31.36.0-255,66,23105,19,330954
18987,0.000145,74.125.68.0-255,5738,28843,19,330954
18988,0.000147,172.31.36.0-255,66,28909,19,330954
18989,0.000167,74.125.68.0-255,5738,34647,19,330954
18990,0.000169,172.31.36.0-255,66,34713,19,330954
18991,0.000197,74.125.68.0-255,5738,40451,19,330954
18992,0.0002,172.31.36.0-255,66,40517,19,330954
18993,0.000204,74.125.68.0-255,4320,44837,19,330954
18994,0.000207,172.31.36.0-255,66,44903,19,330954
18995,0.000238,74.125.68.0-255,1484,46387,19,330954
18996,0.00024,172.31.36.0-255,66,46453,19,330954
18997,0.00026,74.125.68.0-255,2184,48637,19,330954
18998,0.000263,172.31.36.0-255,66,48703,19,330954
18999,0.000838,74.125.68.0-255,1484,50187,19,330954
19000,0.000844,172.31.36.0-255,66,50253,19,330954
19001,0.00085,74.125.68.0-255,2902,53155,19,330954
19002,0.000852,172.31.36.0-255,66,53221,19,330954
19003,0.00088,74.125.68.0-255,5738,58959,19,330954
19004,0.000883,172.31.36.0-255,66,59025,19,330954
19005,0.000887,74.125.68.0-255,1484,60509,19,330954
19006,0.000906,74.125.68.0-255,5379,65888,19,330954
19007,0.00091,172.31.36.0-255,66,65954,19,330954
19008,0.001009,74.125.68.0-255,1484,67438,19,330954
19009,0.001014,74.125.68.0-255,1484,68922,19,330954
19010,0.001017,172.31.36.0-255,66,68988,19,330954
19011,0.001031,74.125.68.0-255,1484,70472,19,330954
19012,0.001034,74.125.68.0-255,1484,71956,19,330954
19013,0.001036,172.31.36.0-255,66,72022,19,330954
19014,0.001059,74.125.68.0-255,4320,76342,19,330954
19015,0.001061,172.31.36.0-255,66,76408,19,330954
19016,0.001066,74.125.68.0-255,2902,79310,19,330954
19017,0.001068,172.31.36.0-255,66,79376,19,330954
19018,0.001089,74.125.68.0-255,4320,83696,19,330954
19019,0.001092,172.31.36.0-255,66,83762,19,330954
19020,0.001096,74.125.68.0-255,1484,85246,19,330954
19021,0.001127,172.31.36.0-255,66,85312,19,330954
19022,0.001171,74.125.68.0-255,2184,87496,19,330954
19023,0.001176,172.31.36.0-255,66,87562,19,330954
19024,0.001308,74.125.68.0-255,1484,89046,19,330954
19025,0.001314,74.125.68.0-255,2902,91948,19,330954
19026,0.001317,172.31.36.0-255,66,92014,19,330954
19027,0.001337,74.125.68.0-255,5738,97752,19,330954
19028,0.001339,172.31.36.0-255,66,97818,19,330954
19029,0.001358,74.125.68.0-255,4320,102138,19,330954
19030,0.00136,172.31.36.0-255,66,102204,19,330954
19031,0.001364,74.125.68.0-255,2902,105106,19,330954
19032,0.001366,172.31.36.0-255,66,105172,19,330954
19033,0.001381,74.125.68.0-255,2902,108074,19,330954
19034,0.001383,172.31.36.0-255,66,108140,19,330954
19035,0.001386,74.125.68.0-255,1484,109624,19,330954
19036,0.001407,74.125.68.0-255,9992,119616,19,330954
19037,0.00141,172.31.36.0-255,66,119682,19,330954
19038,0.001414,74.125.68.0-255,2184,121866,19,330954
19039,0.001415,172.31.36.0-255,66,121932,19,330954
19040,0.001458,74.125.68.0-255,4320,126252,19,330954
19041,0.001461,172.31.36.0-255,66,126318,19,330954
19042,0.001488,172.31.36.0-255,66,126384,19,330954
19043,0.001494,74.125.68.0-255,5738,132122,19,330954
19044,0.001496,172.31.36.0-255,66,132188,19,330954
19045,0.001524,172.31.36.0-255,66,132254,19,330954
19046,0.001526,74.125.68.0-255,766,133020,19,330954
19047,0.001556,74.125.68.0-255,1484,134504,19,330954
19048,0.001558,172.31.36.0-255,66,134570,19,330954
19049,0.001572,74.125.68.0-255,2902,137472,19,330954
19050,0.001575,172.31.36.0-255,66,137538,19,330954
19051,0.001594,74.125.68.0-255,4320,141858,19,330954
19052,0.001596,172.31.36.0-255,66,141924,19,330954
19053,0.001616,74.125.68.0-255,1484,143408,19,330954
19054,0.00162,74.125.68.0-255,4320,147728,19,330954
19055,0.001622,172.31.36.0-255,66,147794,19,330954
19056,0.001628,74.125.68.0-255,5738,153532,19,330954
19057,0.001632,172.31.36.0-255,66,153598,19,330954
19058,0.001634,74.125.68.0-255,1484,155082,19,330954
19059,0.001661,74.125.68.0-255,9992,165074,19,330954
19060,0.001663,172.31.36.0-255,66,165140,19,330954
19061,0.001667,74.125.68.0-255,2184,167324,19,330954
19062,0.001669,172.31.36.0-255,66,167390,19,330954
19063,0.001732,74.125.68.0-255,1484,168874,19,330954
19064,0.001752,74.125.68.0-255,1484,170358,19,330954
19065,0.00177,74.125.68.0-255,2902,173260,19,330954
19066,0.001783,74.125.68.0-255,4320,177580,19,330954
19067,0.001792,74.125.68.0-255,1484,179064,19,330954
19068,0.001816,74.125.68.0-255,4320,183384,19,330954
19069,0.001832,74.125.68.0-255,5738,189122,19,330954
19070,0.001843,74.125.68.0-255,2902,192024,19,330954
19071,0.001865,74.125.68.0-255,8574,200598,19,330954
19072,0.001867,74.125.68.0-255,766,201364,19,330954
19073,0.001926,74.125.68.0-255,1484,202848,19,330954
19074,0.00194,74.125.68.0-255,1484,204332,19,330954
19075,0.001949,74.125.68.0-255,1484,205816,19,330954
19076,0.001954,74.125.68.0-255,4320,210136,19,330954
19077,0.001968,74.125.68.0-255,1484,211620,19,330954
19078,0.001971,74.125.68.0-255,2902,214522,19,330954
19079,0.001992,74.125.68.0-255,2902,217424,19,330954
19080,0.002013,74.125.68.0-255,7156,224580,19,330954
19081,0.002034,74.125.68.0-255,9992,234572,19,330954
19082,0.002049,74.125.68.0-255,766,235338,19,330954
19083,0.002085,74.125.68.0-255,1484,236822,19,330954
19084,0.002096,74.125.68.0-255,2902,239724,19,330954
19085,0.002109,74.125.68.0-255,2902,242626,19,330954
19086,0.002126,74.125.68.0-255,1484,244110,19,330954
19087,0.002132,74.125.68.0-255,5738,249848,19,330954
19088,0.002201,74.125.68.0-255,2902,252750,19,330954
19089,0.002239,74.125.68.0-255,5020,257770,19,330954
19090,0.002265,74.125.68.0-255,5738,263508,19,330954
19091,0.002281,74.125.68.0-255,2902,266410,19,330954
19092,0.002286,74.125.68.0-255,4320,270730,19,330954
19093,0.002314,74.125.68.0-255,8574,279304,19,330954
19094,0.002338,74.125.68.0-255,5738,285042,19,330954
19095,0.002342,74.125.68.0-255,4320,289362,19,330954
19096,0.00236,74.125.68.0-255,2184,291546,19,330954
19097,0.002529,74.125.68.0-255,1484,293030,19,330954
19098,0.002534,74.125.68.0-255,2902,295932,19,330954
19099,0.00255,74.125.68.0-255,1484,297416,19,330954
19100,0.004706,172.31.36.0-255,66,297482,19,330954
19101,0.007253,74.125.68.0-255,4320,301802,19,330954
19102,0.007259,172.31.36.0-255,66,301868,19,330954
19103,0.007274,74.125.68.0-255,1484,303352,19,330954
19104,0.009776,74.125.68.0-255,4320,307672,19,330954
19105,0.009783,172.31.36.0-255,66,307738,19,330954
19106,0.012308,74.125.68.0-255,5738,313476,19,330954
19107,0.012316,172.31.36.0-255,66,313542,19,330954
19108,0.01484,74.125.68.0-255,5738,319280,19,330954
19109,0.014851,172.31.36.0-255,66,319346,19,330954
19110,0.01738,74.125.68.0-255,5738,325084,19,330954
19111,0.017391,172.31.36.0-255,66,325150,19,330954
19112,0.019922,74.125.68.0-255,5738,330888,19,330954
19113,0.019929,172.31.36.0-255,66,330954,19,330954
19114,0.0,172.217.194.0-255,226,226,19,88372
19115,2.1e-05,172.31.36.0-255,66,292,19,88372
19116,2.8e-05,172.217.194.0-255,1484,1776,19,88372
19117,3.2e-05,172.31.36.0-255,66,1842,19,88372
19118,6.4e-05,172.217.194.0-255,4320,6162,19,88372
19119,6.7e-05,172.31.36.0-255,66,6228,19,88372
19120,0.000205,172.217.194.0-255,7700,13928,19,88372
19121,0.000211,172.31.36.0-255,66,13994,19,88372
19122,0.000492,172.217.194.0-255,8574,22568,19,88372
19123,0.000499,172.31.36.0-255,66,22634,19,88372
19124,0.000803,172.217.194.0-255,8215,30849,19,88372
19125,0.00081,172.31.36.0-255,66,30915,19,88372
19126,0.002856,172.217.194.0-255,5738,36653,19,88372
19127,0.002865,172.31.36.0-255,66,36719,19,88372
19128,0.004847,172.217.194.0-255,5738,42457,19,88372
19129,0.004854,172.31.36.0-255,66,42523,19,88372
19130,0.006858,172.217.194.0-255,2902,45425,19,88372
19131,0.006867,172.31.36.0-255,66,45491,19,88372
19132,0.006903,172.217.194.0-255,2902,48393,19,88372
19133,0.006906,172.31.36.0-255,66,48459,19,88372
19134,0.008909,172.217.194.0-255,2902,51361,19,88372
19135,0.008918,172.31.36.0-255,66,51427,19,88372
19136,0.008953,172.217.194.0-255,2902,54329,19,88372
19137,0.008956,172.31.36.0-255,66,54395,19,88372
19138,0.010958,172.217.194.0-255,2902,57297,19,88372
19139,0.010968,172.31.36.0-255,66,57363,19,88372
19140,0.010998,172.217.194.0-255,2902,60265,19,88372
19141,0.011001,172.31.36.0-255,66,60331,19,88372
19142,0.013029,172.217.194.0-255,2902,63233,19,88372
19143,0.013036,172.31.36.0-255,66,63299,19,88372
19144,0.013065,172.217.194.0-255,2902,66201,19,88372
19145,0.013067,172.31.36.0-255,66,66267,19,88372
19146,0.015051,172.217.194.0-255,2902,69169,19,88372
19147,0.015056,172.31.36.0-255,66,69235,19,88372
19148,0.015083,172.217.194.0-255,2902,72137,19,88372
19149,0.015085,172.31.36.0-255,66,72203,19,88372
19150,0.017059,172.217.194.0-255,2902,75105,19,88372
19151,0.017067,172.31.36.0-255,66,75171,19,88372
19152,0.017095,172.217.194.0-255,2902,78073,19,88372
19153,0.017099,172.31.36.0-255,66,78139,19,88372
19154,0.017891,172.31.36.0-255,182,78321,19,88372
19155,0.017927,172.31.36.0-255,980,79301,19,88372
19156,0.018002,172.31.36.0-255,1514,80815,19,88372
19157,0.018004,172.31.36.0-255,1423,82238,19,88372
19158,0.019057,172.217.194.0-255,2902,85140,19,88372
19159,0.019063,172.31.36.0-255,66,85206,19,88372
19160,0.019089,172.217.194.0-255,2902,88108,19,88372
19161,0.019092,172.31.36.0-255,66,88174,19,88372
19162,0.019444,104.244.42.0-255,66,88240,19,88372
19163,0.019484,104.244.42.0-255,66,88306,19,88372
19164,0.019644,104.244.42.0-255,66,88372,19,88372
19165,0.0,74.125.24.0-255,147,147,19,157271
19166,2.8e-05,172.31.36.0-255,66,213,19,157271
19167,3.6e-05,74.125.24.0-255,1484,1697,19,157271
19168,4.2e-05,172.31.36.0-255,66,1763,19,157271
19169,4.8e-05,74.125.24.0-255,2902,4665,19,157271
19170,5.2e-05,172.31.36.0-255,66,4731,19,157271
19171,5.9e-05,74.125.24.0-255,7156,11887,19,157271
19172,6.3e-05,172.31.36.0-255,66,11953,19,157271
19173,6.7e-05,74.125.24.0-255,2064,14017,19,157271
19174,7e-05,172.31.36.0-255,66,14083,19,157271
19175,0.000175,74.125.24.0-255,1484,15567,19,157271
19176,0.000178,172.31.36.0-255,66,15633,19,157271
19177,0.000184,74.125.24.0-255,2902,18535,19,157271
19178,0.000186,172.31.36.0-255,66,18601,19,157271
19179,0.000216,74.125.24.0-255,5738,24339,19,157271
19180,0.000219,172.31.36.0-255,66,24405,19,157271
19181,0.000222,74.125.24.0-255,1484,25889,19,157271
19182,0.000224,172.31.36.0-255,66,25955,19,157271
19183,0.000249,74.125.24.0-255,9633,35588,19,157271
19184,0.000252,172.31.36.0-255,66,35654,19,157271
19185,0.000259,74.125.24.0-255,5738,41392,19,157271
19186,0.000262,172.31.36.0-255,66,41458,19,157271
19187,0.000292,74.125.24.0-255,9992,51450,19,157271
19188,0.000295,172.31.36.0-255,66,51516,19,157271
19189,0.000321,172.31.36.0-255,66,51582,19,157271
19190,0.000334,74.125.24.0-255,766,52348,19,157271
19191,0.000337,172.31.36.0-255,66,52414,19,157271
19192,0.000371,74.125.24.0-255,401,52815,19,157271
19193,0.000373,172.31.36.0-255,66,52881,19,157271
19194,0.000474,74.125.24.0-255,372,53253,19,157271
19195,0.000477,172.31.36.0-255,66,53319,19,157271
19196,0.000798,74.125.24.0-255,1484,54803,19,157271
19197,0.000816,74.125.24.0-255,2902,57705,19,157271
19198,0.00082,172.31.36.0-255,66,57771,19,157271
19199,0.000824,74.125.24.0-255,1484,59255,19,157271
19200,0.000844,74.125.24.0-255,4320,63575,19,157271
19201,0.000847,172.31.36.0-255,66,63641,19,157271
19202,0.000851,74.125.24.0-255,2902,66543,19,157271
19203,0.000854,172.31.36.0-255,66,66609,19,157271
19204,0.000873,74.125.24.0-255,8574,75183,19,157271
19205,0.000876,172.31.36.0-255,66,75249,19,157271
19206,0.00088,74.125.24.0-255,1484,76733,19,157271
19207,0.00091,74.125.24.0-255,10692,87425,19,157271
19208,0.000914,172.31.36.0-255,66,87491,19,157271
19209,0.00189,74.125.24.0-255,1484,88975,19,157271
19210,0.001897,74.125.24.0-255,2902,91877,19,157271
19211,0.001903,172.31.36.0-255,66,91943,19,157271
19212,0.001919,74.125.24.0-255,5738,97681,19,157271
19213,0.001921,172.31.36.0-255,66,97747,19,157271
19214,0.001951,74.125.24.0-255,7156,104903,19,157271
19215,0.001955,172.31.36.0-255,66,104969,19,157271
19216,0.002005,172.31.36.0-255,66,105035,19,157271
19217,0.00394,74.125.24.0-255,5738,110773,19,157271
19218,0.003947,172.31.36.0-255,66,110839,19,157271
19219,0.005879,74.125.24.0-255,5738,116577,19,157271
19220,0.005883,172.31.36.0-255,66,116643,19,157271
19221,0.00785,74.125.24.0-255,5738,122381,19,157271
19222,0.007856,172.31.36.0-255,66,122447,19,157271
19223,0.009793,74.125.24.0-255,5738,128185,19,157271
19224,0.009802,172.31.36.0-255,66,128251,19,157271
19225,0.011763,74.125.24.0-255,5738,133989,19,157271
19226,0.011771,172.31.36.0-255,66,134055,19,157271
19227,0.013767,74.125.24.0-255,5738,139793,19,157271
19228,0.013777,172.31.36.0-255,66,139859,19,157271
19229,0.01571,74.125.24.0-255,5738,145597,19,157271
19230,0.015724,172.31.36.0-255,66,145663,19,157271
19231,0.01768,74.125.24.0-255,5738,151401,19,157271
19232,0.017689,172.31.36.0-255,66,151467,19,157271
19233,0.019648,74.125.24.0-255,5738,157205,19,157271
19234,0.019655,172.31.36.0-255,66,157271,19,157271
19235,0.0,74.125.200.0-255,146,146,19,134985
19236,2.9e-05,172.31.36.0-255,66,212,19,134985
19237,3.6e-05,74.125.200.0-255,1484,1696,19,134985
19238,4.1e-05,172.31.36.0-255,66,1762,19,134985
19239,5.3e-05,74.125.200.0-255,2902,4664,19,134985
19240,5.6e-05,172.31.36.0-255,66,4730,19,134985
19241,6e-05,74.125.200.0-255,1484,6214,19,134985
19242,6.2e-05,172.31.36.0-255,66,6280,19,134985
19243,6.7e-05,74.125.200.0-255,2902,9182,19,134985
19244,6.9e-05,172.31.36.0-255,66,9248,19,134985
19245,0.00013,74.125.200.0-255,4869,14117,19,134985
19246,0.000134,172.31.36.0-255,66,14183,19,134985
19247,0.000221,74.125.200.0-255,1484,15667,19,134985
19248,0.000225,172.31.36.0-255,66,15733,19,134985
19249,0.00023,74.125.200.0-255,2902,18635,19,134985
19250,0.000232,172.31.36.0-255,66,18701,19,134985
19251,0.000264,74.125.200.0-255,4320,23021,19,134985
19252,0.000267,172.31.36.0-255,66,23087,19,134985
19253,0.000275,74.125.200.0-255,5738,28825,19,134985
19254,0.000276,172.31.36.0-255,66,28891,19,134985
19255,0.000299,74.125.200.0-255,3961,32852,19,134985
19256,0.000302,172.31.36.0-255,66,32918,19,134985
19257,0.00033,74.125.200.0-255,4320,37238,19,134985
19258,0.000334,172.31.36.0-255,66,37304,19,134985
19259,0.000358,74.125.200.0-255,5738,43042,19,134985
19260,0.000362,172.31.36.0-255,66,43108,19,134985
19261,0.00039,74.125.200.0-255,4320,47428,19,134985
19262,0.000393,172.31.36.0-255,66,47494,19,134985
19263,0.000396,74.125.200.0-255,1125,48619,19,134985
19264,0.000398,172.31.36.0-255,66,48685,19,134985
19265,0.000446,74.125.200.0-255,1484,50169,19,134985
19266,0.000449,172.31.36.0-255,66,50235,19,134985
19267,0.000453,74.125.200.0-255,1484,51719,19,134985
19268,0.000459,74.125.200.0-255,2902,54621,19,134985
19269,0.000461,172.31.36.0-255,66,54687,19,134985
19270,0.00047,74.125.200.0-255,1484,56171,19,134985
19271,0.000494,74.125.200.0-255,4320,60491,19,134985
19272,0.000497,172.31.36.0-255,66,60557,19,134985
19273,0.000501,74.125.200.0-255,1484,62041,19,134985
19274,0.000528,74.125.200.0-255,3961,66002,19,134985
19275,0.000531,172.31.36.0-255,66,66068,19,134985
19276,0.000534,74.125.200.0-255,409,66477,19,134985
19277,0.000807,172.31.36.0-255,66,66543,19,134985
19278,0.001032,74.125.200.0-255,336,66879,19,134985
19279,0.001543,74.125.200.0-255,1484,68363,19,134985
19280,0.001549,172.31.36.0-255,66,68429,19,134985
19281,0.001556,74.125.200.0-255,2902,71331,19,134985
19282,0.001557,172.31.36.0-255,66,71397,19,134985
19283,0.001563,74.125.200.0-255,4320,75717,19,134985
19284,0.001565,172.31.36.0-255,66,75783,19,134985
19285,0.001591,74.125.200.0-255,1484,77267,19,134985
19286,0.001598,74.125.200.0-255,7156,84423,19,134985
19287,0.0016,172.31.36.0-255,66,84489,19,134985
19288,0.001633,172.31.36.0-255,66,84555,19,134985
19289,0.001636,74.125.200.0-255,2184,86739,19,134985
19290,0.001638,172.31.36.0-255,66,86805,19,134985
19291,0.002318,74.125.200.0-255,1484,88289,19,134985
19292,0.002329,74.125.200.0-255,1484,89773,19,134985
19293,0.002331,172.31.36.0-255,66,89839,19,134985
19294,0.002348,74.125.200.0-255,1484,91323,19,134985
19295,0.002363,74.125.200.0-255,2902,94225,19,134985
19296,0.002365,172.31.36.0-255,66,94291,19,134985
19297,0.00239,74.125.200.0-255,1484,95775,19,134985
19298,0.004671,74.125.200.0-255,4320,100095,19,134985
19299,0.004676,172.31.36.0-255,66,100161,19,134985
19300,0.006995,74.125.200.0-255,5738,105899,19,134985
19301,0.007001,172.31.36.0-255,66,105965,19,134985
19302,0.009323,74.125.200.0-255,5738,111703,19,134985
19303,0.00933,172.31.36.0-255,66,111769,19,134985
19304,0.011648,74.125.200.0-255,5738,117507,19,134985
19305,0.011656,172.31.36.0-255,66,117573,19,134985
19306,0.013973,74.125.200.0-255,5738,123311,19,134985
19307,0.013981,172.31.36.0-255,66,123377,19,134985
19308,0.016309,74.125.200.0-255,5738,129115,19,134985
19309,0.016321,172.31.36.0-255,66,129181,19,134985
19310,0.018639,74.125.200.0-255,5738,134919,19,134985
19311,0.018648,172.31.36.0-255,66,134985,19,134985
19312,0.0,74.125.130.0-255,153,153,19,158389
19313,3.2e-05,172.31.36.0-255,66,219,19,158389
19314,4e-05,74.125.130.0-255,1484,1703,19,158389
19315,4.4e-05,172.31.36.0-255,66,1769,19,158389
19316,4.7e-05,74.125.130.0-255,1484,3253,19,158389
19317,5e-05,172.31.36.0-255,66,3319,19,158389
19318,6.5e-05,74.125.130.0-255,1484,4803,19,158389
19319,6.7e-05,172.31.36.0-255,66,4869,19,158389
19320,7.4e-05,74.125.130.0-255,5738,10607,19,158389
19321,7.7e-05,172.31.36.0-255,66,10673,19,158389
19322,8.2e-05,74.125.130.0-255,3528,14201,19,158389
19323,8.5e-05,172.31.36.0-255,66,14267,19,158389
19324,0.000145,74.125.130.0-255,1484,15751,19,158389
19325,0.000149,172.31.36.0-255,66,15817,19,158389
19326,0.000169,74.125.130.0-255,2902,18719,19,158389
19327,0.000172,172.31.36.0-255,66,18785,19,158389
19328,0.000181,74.125.130.0-255,5738,24523,19,158389
19329,0.000184,172.31.36.0-255,66,24589,19,158389
19330,0.000187,74.125.130.0-255,2902,27491,19,158389
19331,0.000189,172.31.36.0-255,66,27557,19,158389
19332,0.000237,74.125.130.0-255,3961,31518,19,158389
19333,0.00024,172.31.36.0-255,66,31584,19,158389
19334,0.000427,74.125.130.0-255,1484,33068,19,158389
19335,0.000431,172.31.36.0-255,66,33134,19,158389
19336,0.000466,74.125.130.0-255,2902,36036,19,158389
19337,0.00047,172.31.36.0-255,66,36102,19,158389
19338,0.000476,74.125.130.0-255,5738,41840,19,158389
19339,0.000479,172.31.36.0-255,66,41906,19,158389
19340,0.000482,74.125.130.0-255,1484,43390,19,158389
19341,0.000484,172.31.36.0-255,66,43456,19,158389
19342,0.000488,74.125.130.0-255,2902,46358,19,158389
19343,0.00049,172.31.36.0-255,66,46424,19,158389
19344,0.000527,74.125.130.0-255,4320,50744,19,158389
19345,0.00053,172.31.36.0-255,66,50810,19,158389
19346,0.000549,74.125.130.0-255,2543,53353,19,158389
19347,0.000552,172.31.36.0-255,66,53419,19,158389
19348,0.000556,74.125.130.0-255,2902,56321,19,158389
19349,0.000558,172.31.36.0-255,66,56387,19,158389
19350,0.000563,74.125.130.0-255,4320,60707,19,158389
19351,0.000565,172.31.36.0-255,66,60773,19,158389
19352,0.000596,74.125.130.0-255,4320,65093,19,158389
19353,0.000603,172.31.36.0-255,66,65159,19,158389
19354,0.000613,74.125.130.0-255,1125,66284,19,158389
19355,0.000692,74.125.130.0-255,379,66663,19,158389
19356,0.000712,74.125.130.0-255,364,67027,19,158389
19357,0.000724,172.31.36.0-255,66,67093,19,158389
19358,0.001118,74.125.130.0-255,1484,68577,19,158389
19359,0.001124,172.31.36.0-255,66,68643,19,158389
19360,0.001133,74.125.130.0-255,2902,71545,19,158389
19361,0.001136,172.31.36.0-255,66,71611,19,158389
19362,0.001142,74.125.130.0-255,4320,75931,19,158389
19363,0.001174,74.125.130.0-255,5738,81669,19,158389
19364,0.001208,74.125.130.0-255,7856,89525,19,158389
19365,0.001761,74.125.130.0-255,1484,91009,19,158389
19366,0.001782,74.125.130.0-255,2902,93911,19,158389
19367,0.001832,74.125.130.0-255,5738,99649,19,158389
19368,0.001857,74.125.130.0-255,7156,106805,19,158389
19369,0.001885,74.125.130.0-255,2902,109707,19,158389
19370,0.001905,74.125.130.0-255,2902,112609,19,158389
19371,0.001908,74.125.130.0-255,1484,114093,19,158389
19372,0.001927,74.125.130.0-255,2902,116995,19,158389
19373,0.001954,74.125.130.0-255,1484,118479,19,158389
19374,0.001974,74.125.130.0-255,5020,123499,19,158389
19375,0.005475,172.31.36.0-255,66,123565,19,158389
19376,0.007428,74.125.130.0-255,5738,129303,19,158389
19377,0.007436,172.31.36.0-255,66,129369,19,158389
19378,0.009383,74.125.130.0-255,5738,135107,19,158389
19379,0.009392,172.31.36.0-255,66,135173,19,158389
19380,0.011331,74.125.130.0-255,5738,140911,19,158389
19381,0.011338,172.31.36.0-255,66,140977,19,158389
19382,0.013289,74.125.130.0-255,5738,146715,19,158389
19383,0.014967,172.31.36.0-255,66,146781,19,158389
19384,0.016947,74.125.130.0-255,5738,152519,19,158389
19385,0.01696,172.31.36.0-255,66,152585,19,158389
19386,0.018911,74.125.130.0-255,5738,158323,19,158389
19387,0.018919,172.31.36.0-255,66,158389,19,158389
19388,0.0,74.125.24.0-255,153,153,19,173354
19389,3.6e-05,172.31.36.0-255,66,219,19,173354
19390,4.3e-05,74.125.24.0-255,1484,1703,19,173354
19391,4.6e-05,172.31.36.0-255,66,1769,19,173354
19392,5.1e-05,74.125.24.0-255,2902,4671,19,173354
19393,5.5e-05,172.31.36.0-255,66,4737,19,173354
19394,6.1e-05,74.125.24.0-255,5738,10475,19,173354
19395,6.4e-05,172.31.36.0-255,66,10541,19,173354
19396,6.9e-05,74.125.24.0-255,2902,13443,19,173354
19397,7.1e-05,172.31.36.0-255,66,13509,19,173354
19398,9.1e-05,74.125.24.0-255,657,14166,19,173354
19399,9.4e-05,172.31.36.0-255,66,14232,19,173354
19400,0.000101,74.125.24.0-255,4320,18552,19,173354
19401,0.000104,172.31.36.0-255,66,18618,19,173354
19402,0.000114,74.125.24.0-255,9992,28610,19,173354
19403,0.000116,172.31.36.0-255,66,28676,19,173354
19404,0.000153,74.125.24.0-255,9992,38668,19,173354
19405,0.000157,172.31.36.0-255,66,38734,19,173354
19406,0.0002,74.125.24.0-255,4320,43054,19,173354
19407,0.000203,172.31.36.0-255,66,43120,19,173354
19408,0.000229,74.125.24.0-255,5020,48140,19,173354
19409,0.000232,172.31.36.0-255,66,48206,19,173354
19410,0.000323,74.125.24.0-255,1484,49690,19,173354
19411,0.000328,172.31.36.0-255,66,49756,19,173354
19412,0.000363,74.125.24.0-255,2902,52658,19,173354
19413,0.000367,172.31.36.0-255,66,52724,19,173354
19414,0.000374,74.125.24.0-255,5738,58462,19,173354
19415,0.000376,172.31.36.0-255,66,58528,19,173354
19416,0.000405,74.125.24.0-255,8552,67080,19,173354
19417,0.000409,172.31.36.0-255,66,67146,19,173354
19418,0.000417,74.125.24.0-255,8574,75720,19,173354
19419,0.00042,172.31.36.0-255,66,75786,19,173354
19420,0.000426,74.125.24.0-255,5738,81524,19,173354
19421,0.000429,172.31.36.0-255,66,81590,19,173354
19422,0.000454,74.125.24.0-255,828,82418,19,173354
19423,0.000593,74.125.24.0-255,1484,83902,19,173354
19424,0.000599,172.31.36.0-255,66,83968,19,173354
19425,0.000605,74.125.24.0-255,2902,86870,19,173354
19426,0.000608,172.31.36.0-255,66,86936,19,173354
19427,0.000614,74.125.24.0-255,5738,92674,19,173354
19428,0.000616,172.31.36.0-255,66,92740,19,173354
19429,0.000659,172.31.36.0-255,66,92806,19,173354
19430,0.000662,74.125.24.0-255,1484,94290,19,173354
19431,0.000684,74.125.24.0-255,7156,101446,19,173354
19432,0.000687,172.31.36.0-255,66,101512,19,173354
19433,0.000708,74.125.24.0-255,2184,103696,19,173354
19434,0.000714,172.31.36.0-255,66,103762,19,173354
19435,0.001588,74.125.24.0-255,1484,105246,19,173354
19436,0.001598,74.125.24.0-255,2902,108148,19,173354
19437,0.001603,172.31.36.0-255,66,108214,19,173354
19438,0.001611,74.125.24.0-255,5738,113952,19,173354
19439,0.001613,172.31.36.0-255,66,114018,19,173354
19440,0.001659,172.31.36.0-255,66,114084,19,173354
19441,0.00167,74.125.24.0-255,10692,124776,19,173354
19442,0.001672,172.31.36.0-255,66,124842,19,173354
19443,0.001818,74.125.24.0-255,1484,126326,19,173354
19444,0.001824,74.125.24.0-255,2902,129228,19,173354
19445,0.001828,172.31.36.0-255,66,129294,19,173354
19446,0.001835,74.125.24.0-255,5738,135032,19,173354
19447,0.001838,172.31.36.0-255,66,135098,19,173354
19448,0.001844,74.125.24.0-255,4320,139418,19,173354
19449,0.001846,172.31.36.0-255,66,139484,19,173354
19450,0.001869,74.125.24.0-255,1484,140968,19,173354
19451,0.001884,172.31.36.0-255,66,141034,19,173354
19452,0.001915,172.31.36.0-255,66,141100,19,173354
19453,0.001937,74.125.24.0-255,766,141866,19,173354
19454,0.001952,172.31.36.0-255,66,141932,19,173354
19455,0.00196,74.125.24.0-255,8574,150506,19,173354
19456,0.001964,172.31.36.0-255,66,150572,19,173354
19457,0.001999,74.125.24.0-255,5020,155592,19,173354
19458,0.002004,172.31.36.0-255,66,155658,19,173354
19459,0.002019,172.31.36.0-255,66,155724,19,173354
19460,0.002059,74.125.24.0-255,2902,158626,19,173354
19461,0.002061,172.31.36.0-255,66,158692,19,173354
19462,0.002103,172.31.36.0-255,66,158758,19,173354
19463,0.002125,172.31.36.0-255,66,158824,19,173354
19464,0.002139,172.31.36.0-255,66,158890,19,173354
19465,0.002154,172.31.36.0-255,66,158956,19,173354
19466,0.002191,172.31.36.0-255,66,159022,19,173354
19467,0.002199,74.125.24.0-255,9992,169014,19,173354
19468,0.002201,172.31.36.0-255,66,169080,19,173354
19469,0.00224,172.31.36.0-255,66,169146,19,173354
19470,0.002254,172.31.36.0-255,66,169212,19,173354
19471,0.002287,172.31.36.0-255,66,169278,19,173354
19472,0.002309,74.125.24.0-255,3602,172880,19,173354
19473,0.002312,172.31.36.0-255,66,172946,19,173354
19474,0.002332,172.31.36.0-255,66,173012,19,173354
19475,0.002335,74.125.24.0-255,105,173117,19,173354
19476,0.005128,172.31.36.0-255,66,173183,19,173354
19477,0.005164,172.31.36.0-255,105,173288,19,173354
19478,0.007474,74.125.24.0-255,66,173354,19,173354
19479,0.0,172.31.36.0-255,105,105,19,276
19480,0.001776,157.240.13.0-255,105,210,19,276
19481,0.001784,172.31.36.0-255,66,276,19,276
19482,0.0,172.217.194.0-255,148,148,19,301078
19483,2.4e-05,172.31.36.0-255,66,214,19,301078
19484,4.6e-05,172.217.194.0-255,1484,1698,19,301078
19485,5e-05,172.31.36.0-255,66,1764,19,301078
19486,5.5e-05,172.217.194.0-255,2902,4666,19,301078
19487,5.7e-05,172.31.36.0-255,66,4732,19,301078
19488,8.8e-05,172.217.194.0-255,7156,11888,19,301078
19489,9.2e-05,172.31.36.0-255,66,11954,19,301078
19490,0.000144,172.217.194.0-255,4936,16890,19,301078
19491,0.000148,172.31.36.0-255,66,16956,19,301078
19492,0.000154,172.217.194.0-255,5738,22694,19,301078
19493,0.000156,172.31.36.0-255,66,22760,19,301078
19494,0.000185,172.217.194.0-255,2902,25662,19,301078
19495,0.000188,172.31.36.0-255,66,25728,19,301078
19496,0.00021,172.217.194.0-255,5379,31107,19,301078
19497,0.000212,172.31.36.0-255,66,31173,19,301078
19498,0.000225,172.217.194.0-255,2902,34075,19,301078
19499,0.000227,172.31.36.0-255,66,34141,19,301078
19500,0.000247,172.217.194.0-255,5738,39879,19,301078
19501,0.000249,172.31.36.0-255,66,39945,19,301078
19502,0.000274,172.217.194.0-255,4320,44265,19,301078
19503,0.000277,172.31.36.0-255,66,44331,19,301078
19504,0.000298,172.217.194.0-255,3961,48292,19,301078
19505,0.000301,172.31.36.0-255,66,48358,19,301078
19506,0.000581,172.217.194.0-255,1484,49842,19,301078
19507,0.000587,172.31.36.0-255,66,49908,19,301078
19508,0.000593,172.217.194.0-255,2902,52810,19,301078
19509,0.000596,172.31.36.0-255,66,52876,19,301078
19510,0.0006,172.217.194.0-255,2902,55778,19,301078
19511,0.000602,172.31.36.0-255,66,55844,19,301078
19512,0.000624,172.217.194.0-255,2902,58746,19,301078
19513,0.000627,172.31.36.0-255,66,58812,19,301078
19514,0.000633,172.217.194.0-255,5738,64550,19,301078
19515,0.000635,172.31.36.0-255,66,64616,19,301078
19516,0.000654,172.217.194.0-255,5379,69995,19,301078
19517,0.000657,172.31.36.0-255,66,70061,19,301078
19518,0.000669,172.31.36.0-255,66,70127,19,301078
19519,0.00069,172.217.194.0-255,4541,74668,19,301078
19520,0.000693,172.31.36.0-255,66,74734,19,301078
19521,0.000697,172.217.194.0-255,2902,77636,19,301078
19522,0.0007,172.31.36.0-255,66,77702,19,301078
19523,0.000717,172.217.194.0-255,2902,80604,19,301078
19524,0.00072,172.31.36.0-255,66,80670,19,301078
19525,0.000764,172.217.194.0-255,8215,88885,19,301078
19526,0.000767,172.31.36.0-255,66,88951,19,301078
19527,0.000876,172.217.194.0-255,1484,90435,19,301078
19528,0.000893,172.217.194.0-255,2902,93337,19,301078
19529,0.000896,172.31.36.0-255,66,93403,19,301078
19530,0.00092,172.217.194.0-255,5738,99141,19,301078
19531,0.000923,172.31.36.0-255,66,99207,19,301078
19532,0.00093,172.217.194.0-255,5738,104945,19,301078
19533,0.000932,172.31.36.0-255,66,105011,19,301078
19534,0.000962,172.217.194.0-255,7156,112167,19,301078
19535,0.000967,172.31.36.0-255,66,112233,19,301078
19536,0.000971,172.217.194.0-255,10692,122925,19,301078
19537,0.000973,172.31.36.0-255,66,122991,19,301078
19538,0.001032,172.217.194.0-255,1484,124475,19,301078
19539,0.001047,172.217.194.0-255,2902,127377,19,301078
19540,0.001049,172.31.36.0-255,66,127443,19,301078
19541,0.001055,172.217.194.0-255,2902,130345,19,301078
19542,0.001058,172.31.36.0-255,66,130411,19,301078
19543,0.001071,172.217.194.0-255,2902,133313,19,301078
19544,0.001074,172.31.36.0-255,66,133379,19,301078
19545,0.001077,172.217.194.0-255,1484,134863,19,301078
19546,0.001105,172.31.36.0-255,66,134929,19,301078
19547,0.001114,172.217.194.0-255,9992,144921,19,301078
19548,0.001117,172.31.36.0-255,66,144987,19,301078
19549,0.001119,172.217.194.0-255,766,145753,19,301078
19550,0.001276,172.217.194.0-255,1484,147237,19,301078
19551,0.00128,172.31.36.0-255,66,147303,19,301078
19552,0.001302,172.217.194.0-255,2902,150205,19,301078
19553,0.001305,172.31.36.0-255,66,150271,19,301078
19554,0.001309,172.217.194.0-255,2902,153173,19,301078
19555,0.001311,172.31.36.0-255,66,153239,19,301078
19556,0.001329,172.217.194.0-255,2902,156141,19,301078
19557,0.001331,172.31.36.0-255,66,156207,19,301078
19558,0.001336,172.217.194.0-255,2902,159109,19,301078
19559,0.001338,172.31.36.0-255,66,159175,19,301078
19560,0.001361,172.217.194.0-255,9992,169167,19,301078
19561,0.001364,172.31.36.0-255,66,169233,19,301078
19562,0.001368,172.217.194.0-255,2902,172135,19,301078
19563,0.00137,172.31.36.0-255,66,172201,19,301078
19564,0.001402,172.217.194.0-255,1484,173685,19,301078
19565,0.001423,172.217.194.0-255,6438,180123,19,301078
19566,0.001426,172.31.36.0-255,66,180189,19,301078
19567,0.001838,172.217.194.0-255,1484,181673,19,301078
19568,0.001864,172.217.194.0-255,2902,184575,19,301078
19569,0.001867,172.31.36.0-255,66,184641,19,301078
19570,0.001874,172.217.194.0-255,5738,190379,19,301078
19571,0.001876,172.31.36.0-255,66,190445,19,301078
19572,0.001913,172.217.194.0-255,1484,191929,19,301078
19573,0.00195,172.31.36.0-255,66,191995,19,301078
19574,0.001959,172.217.194.0-255,10692,202687,19,301078
19575,0.001961,172.31.36.0-255,66,202753,19,301078
19576,0.002049,172.217.194.0-255,1484,204237,19,301078
19577,0.002062,172.217.194.0-255,2902,207139,19,301078
19578,0.002065,172.31.36.0-255,66,207205,19,301078
19579,0.00207,172.217.194.0-255,2902,210107,19,301078
19580,0.002072,172.31.36.0-255,66,210173,19,301078
19581,0.002087,172.217.194.0-255,2902,213075,19,301078
19582,0.002089,172.31.36.0-255,66,213141,19,301078
19583,0.002105,172.217.194.0-255,9992,223133,19,301078
19584,0.002107,172.31.36.0-255,66,223199,19,301078
19585,0.00213,172.217.194.0-255,2902,226101,19,301078
19586,0.002134,172.31.36.0-255,66,226167,19,301078
19587,0.002138,172.217.194.0-255,10692,236859,19,301078
19588,0.00214,172.31.36.0-255,66,236925,19,301078
19589,0.002177,172.217.194.0-255,5738,242663,19,301078
19590,0.002181,172.31.36.0-255,66,242729,19,301078
19591,0.002221,172.31.36.0-255,66,242795,19,301078
19592,0.002256,172.217.194.0-255,2902,245697,19,301078
19593,0.00226,172.31.36.0-255,66,245763,19,301078
19594,0.002263,172.217.194.0-255,1484,247247,19,301078
19595,0.002286,172.31.36.0-255,66,247313,19,301078
19596,0.002291,172.217.194.0-255,4320,251633,19,301078
19597,0.002293,172.31.36.0-255,66,251699,19,301078
19598,0.002341,172.31.36.0-255,66,251765,19,301078
19599,0.002351,172.217.194.0-255,9992,261757,19,301078
19600,0.002354,172.31.36.0-255,66,261823,19,301078
19601,0.002386,172.31.36.0-255,66,261889,19,301078
19602,0.004675,172.217.194.0-255,5738,267627,19,301078
19603,0.004682,172.31.36.0-255,66,267693,19,301078
19604,0.006949,172.217.194.0-255,5738,273431,19,301078
19605,0.006956,172.31.36.0-255,66,273497,19,301078
19606,0.009235,172.217.194.0-255,5738,279235,19,301078
19607,0.009242,172.31.36.0-255,66,279301,19,301078
19608,0.011574,172.217.194.0-255,5738,285039,19,301078
19609,0.011581,172.31.36.0-255,66,285105,19,301078
19610,0.013877,172.217.194.0-255,5738,290843,19,301078
19611,0.013884,172.31.36.0-255,66,290909,19,301078
19612,0.016192,172.217.194.0-255,5738,296647,19,301078
19613,0.016198,172.31.36.0-255,66,296713,19,301078
19614,0.018471,172.217.194.0-255,4194,300907,19,301078
19615,0.01848,172.31.36.0-255,66,300973,19,301078
19616,0.018711,172.31.36.0-255,105,301078,19,301078
19617,0.0,172.217.26.0-255,152,152,19,114030
19618,3.2e-05,172.31.36.0-255,66,218,19,114030
19619,3.9e-05,172.217.26.0-255,1484,1702,19,114030
19620,4.4e-05,172.31.36.0-255,66,1768,19,114030
19621,9.2e-05,172.217.26.0-255,2902,4670,19,114030
19622,9.9e-05,172.31.36.0-255,66,4736,19,114030
19623,0.000218,172.217.26.0-255,4320,9056,19,114030
19624,0.000224,172.31.36.0-255,66,9122,19,114030
19625,0.00044,172.217.26.0-255,4855,13977,19,114030
19626,0.000445,172.31.36.0-255,66,14043,19,114030
19627,0.000692,172.217.26.0-255,8574,22617,19,114030
19628,0.000699,172.31.36.0-255,66,22683,19,114030
19629,0.000725,172.217.26.0-255,2902,25585,19,114030
19630,0.000728,172.31.36.0-255,66,25651,19,114030
19631,0.001266,172.217.26.0-255,2902,28553,19,114030
19632,0.001272,172.31.36.0-255,66,28619,19,114030
19633,0.0013,172.217.26.0-255,2543,31162,19,114030
19634,0.001303,172.31.36.0-255,66,31228,19,114030
19635,0.001539,172.217.26.0-255,2902,34130,19,114030
19636,0.001543,172.31.36.0-255,66,34196,19,114030
19637,0.001586,172.31.36.0-255,66,34262,19,114030
19638,0.002481,172.217.26.0-255,7156,41418,19,114030
19639,0.002488,172.31.36.0-255,66,41484,19,114030
19640,0.002518,172.217.26.0-255,8543,50027,19,114030
19641,0.002522,172.31.36.0-255,66,50093,19,114030
19642,0.003278,172.217.26.0-255,7156,57249,19,114030
19643,0.003283,172.31.36.0-255,66,57315,19,114030
19644,0.003315,172.217.26.0-255,5738,63053,19,114030
19645,0.003319,172.31.36.0-255,66,63119,19,114030
19646,0.005199,172.217.26.0-255,1484,64603,19,114030
19647,0.005207,172.31.36.0-255,66,64669,19,114030
19648,0.005245,172.217.26.0-255,4320,68989,19,114030
19649,0.005282,172.31.36.0-255,66,69055,19,114030
19650,0.007104,172.217.26.0-255,1484,70539,19,114030
19651,0.007169,172.217.26.0-255,4320,74859,19,114030
19652,0.007193,172.31.36.0-255,66,74925,19,114030
19653,0.009092,172.217.26.0-255,5738,80663,19,114030
19654,0.0091,172.31.36.0-255,66,80729,19,114030
19655,0.011009,172.217.26.0-255,5738,86467,19,114030
19656,0.01102,172.31.36.0-255,66,86533,19,114030
19657,0.012924,172.217.26.0-255,5738,92271,19,114030
19658,0.012933,172.31.36.0-255,66,92337,19,114030
19659,0.014841,172.217.26.0-255,5738,98075,19,114030
19660,0.01485,172.31.36.0-255,66,98141,19,114030
19661,0.016743,172.217.26.0-255,5738,103879,19,114030
19662,0.016749,172.31.36.0-255,66,103945,19,114030
19663,0.017607,172.31.36.0-255,166,104111,19,114030
19664,0.017641,172.31.36.0-255,1137,105248,19,114030
19665,0.017792,172.31.36.0-255,1514,106762,19,114030
19666,0.017794,172.31.36.0-255,1266,108028,19,114030
19667,0.018652,172.217.26.0-255,5738,113766,19,114030
19668,0.018659,172.31.36.0-255,66,113832,19,114030
19669,0.019157,104.244.42.0-255,66,113898,19,114030
19670,0.019207,104.244.42.0-255,66,113964,19,114030
19671,0.01935,104.244.42.0-255,66,114030,19,114030
19672,0.0,74.125.24.0-255,153,153,19,231895
19673,2.6e-05,172.31.36.0-255,66,219,19,231895
19674,3.3e-05,74.125.24.0-255,1484,1703,19,231895
19675,3.8e-05,172.31.36.0-255,66,1769,19,231895
19676,5.1e-05,74.125.24.0-255,2902,4671,19,231895
19677,5.4e-05,172.31.36.0-255,66,4737,19,231895
19678,6e-05,74.125.24.0-255,4320,9057,19,231895
19679,6.2e-05,172.31.36.0-255,66,9123,19,231895
19680,8.7e-05,74.125.24.0-255,4874,13997,19,231895
19681,9.1e-05,172.31.36.0-255,66,14063,19,231895
19682,0.000156,74.125.24.0-255,1484,15547,19,231895
19683,0.000162,172.31.36.0-255,66,15613,19,231895
19684,0.000169,74.125.24.0-255,2902,18515,19,231895
19685,0.00017,172.31.36.0-255,66,18581,19,231895
19686,0.000184,74.125.24.0-255,5738,24319,19,231895
19687,0.000186,172.31.36.0-255,66,24385,19,231895
19688,0.000234,74.125.24.0-255,6797,31182,19,231895
19689,0.000238,172.31.36.0-255,66,31248,19,231895
19690,0.000294,74.125.24.0-255,1484,32732,19,231895
19691,0.000297,172.31.36.0-255,66,32798,19,231895
19692,0.000301,74.125.24.0-255,1484,34282,19,231895
19693,0.000303,172.31.36.0-255,66,34348,19,231895
19694,0.000328,74.125.24.0-255,1484,35832,19,231895
19695,0.000333,172.31.36.0-255,66,35898,19,231895
19696,0.000334,74.125.24.0-255,5738,41636,19,231895
19697,0.000338,172.31.36.0-255,66,41702,19,231895
19698,0.000347,74.125.24.0-255,6797,48499,19,231895
19699,0.00035,172.31.36.0-255,66,48565,19,231895
19700,0.00076,74.125.24.0-255,1484,50049,19,231895
19701,0.000765,172.31.36.0-255,66,50115,19,231895
19702,0.000776,74.125.24.0-255,2902,53017,19,231895
19703,0.000784,172.31.36.0-255,66,53083,19,231895
19704,0.00079,74.125.24.0-255,5738,58821,19,231895
19705,0.000792,172.31.36.0-255,66,58887,19,231895
19706,0.000796,74.125.24.0-255,1484,60371,19,231895
19707,0.000833,74.125.24.0-255,5379,65750,19,231895
19708,0.000837,172.31.36.0-255,66,65816,19,231895
19709,0.000844,74.125.24.0-255,7156,72972,19,231895
19710,0.000847,172.31.36.0-255,66,73038,19,231895
19711,0.000875,74.125.24.0-255,7156,80194,19,231895
19712,0.000879,172.31.36.0-255,66,80260,19,231895
19713,0.000888,74.125.24.0-255,1484,81744,19,231895
19714,0.000892,74.125.24.0-255,2868,84612,19,231895
19715,0.000895,172.31.36.0-255,66,84678,19,231895
19716,0.000899,74.125.24.0-255,2902,87580,19,231895
19717,0.000901,172.31.36.0-255,66,87646,19,231895
19718,0.000906,74.125.24.0-255,2902,90548,19,231895
19719,0.000909,172.31.36.0-255,66,90614,19,231895
19720,0.000948,74.125.24.0-255,4320,94934,19,231895
19721,0.000952,172.31.36.0-255,66,95000,19,231895
19722,0.000959,74.125.24.0-255,5379,100379,19,231895
19723,0.000963,172.31.36.0-255,66,100445,19,231895
19724,0.001627,74.125.24.0-255,1484,101929,19,231895
19725,0.001638,74.125.24.0-255,2902,104831,19,231895
19726,0.001642,172.31.36.0-255,66,104897,19,231895
19727,0.001648,74.125.24.0-255,4320,109217,19,231895
19728,0.00165,172.31.36.0-255,66,109283,19,231895
19729,0.001673,74.125.24.0-255,1484,110767,19,231895
19730,0.001679,74.125.24.0-255,5738,116505,19,231895
19731,0.001681,172.31.36.0-255,66,116571,19,231895
19732,0.001715,74.125.24.0-255,7156,123727,19,231895
19733,0.001717,172.31.36.0-255,66,123793,19,231895
19734,0.001727,74.125.24.0-255,10692,134485,19,231895
19735,0.001729,172.31.36.0-255,66,134551,19,231895
19736,0.001822,74.125.24.0-255,1484,136035,19,231895
19737,0.001827,74.125.24.0-255,2902,138937,19,231895
19738,0.00183,172.31.36.0-255,66,139003,19,231895
19739,0.001836,74.125.24.0-255,5738,144741,19,231895
19740,0.001838,172.31.36.0-255,66,144807,19,231895
19741,0.001869,74.125.24.0-255,8574,153381,19,231895
19742,0.001872,172.31.36.0-255,66,153447,19,231895
19743,0.001891,74.125.24.0-255,1484,154931,19,231895
19744,0.001903,172.31.36.0-255,66,154997,19,231895
19745,0.001928,74.125.24.0-255,2184,157181,19,231895
19746,0.001931,172.31.36.0-255,66,157247,19,231895
19747,0.001954,74.125.24.0-255,1484,158731,19,231895
19748,0.001957,74.125.24.0-255,1484,160215,19,231895
19749,0.001959,172.31.36.0-255,66,160281,19,231895
19750,0.001987,74.125.24.0-255,1484,161765,19,231895
19751,0.001993,74.125.24.0-255,5738,167503,19,231895
19752,0.001996,172.31.36.0-255,66,167569,19,231895
19753,0.002008,172.31.36.0-255,66,167635,19,231895
19754,0.002022,74.125.24.0-255,10692,178327,19,231895
19755,0.002025,172.31.36.0-255,66,178393,19,231895
19756,0.002075,74.125.24.0-255,1484,179877,19,231895
19757,0.00208,74.125.24.0-255,2902,182779,19,231895
19758,0.002083,172.31.36.0-255,66,182845,19,231895
19759,0.002113,74.125.24.0-255,5738,188583,19,231895
19760,0.002116,172.31.36.0-255,66,188649,19,231895
19761,0.002123,74.125.24.0-255,8574,197223,19,231895
19762,0.002125,172.31.36.0-255,66,197289,19,231895
19763,0.002197,172.31.36.0-255,66,197355,19,231895
19764,0.002248,74.125.24.0-255,1484,198839,19,231895
19765,0.002252,74.125.24.0-255,1484,200323,19,231895
19766,0.002255,172.31.36.0-255,66,200389,19,231895
19767,0.002282,74.125.24.0-255,1484,201873,19,231895
19768,0.002288,74.125.24.0-255,5738,207611,19,231895
19769,0.002291,172.31.36.0-255,66,207677,19,231895
19770,0.002303,74.125.24.0-255,8574,216251,19,231895
19771,0.002305,172.31.36.0-255,66,216317,19,231895
19772,0.00234,74.125.24.0-255,4320,220637,19,231895
19773,0.002342,172.31.36.0-255,66,220703,19,231895
19774,0.002354,172.31.36.0-255,66,220769,19,231895
19775,0.002366,172.31.36.0-255,66,220835,19,231895
19776,0.002384,74.125.24.0-255,1484,222319,19,231895
19777,0.002424,172.31.36.0-255,66,222385,19,231895
19778,0.002429,74.125.24.0-255,2902,225287,19,231895
19779,0.00243,172.31.36.0-255,66,225353,19,231895
19780,0.002472,172.31.36.0-255,66,225419,19,231895
19781,0.002497,172.31.36.0-255,66,225485,19,231895
19782,0.002513,172.31.36.0-255,66,225551,19,231895
19783,0.002559,74.125.24.0-255,5738,231289,19,231895
19784,0.002561,172.31.36.0-255,66,231355,19,231895
19785,0.002594,172.31.36.0-255,66,231421,19,231895
19786,0.002606,172.31.36.0-255,66,231487,19,231895
19787,0.002622,172.31.36.0-255,66,231553,19,231895
19788,0.005125,74.125.24.0-255,105,231658,19,231895
19789,0.008414,172.31.36.0-255,66,231724,19,231895
19790,0.008461,172.31.36.0-255,105,231829,19,231895
19791,0.010955,74.125.24.0-255,66,231895,19,231895
19792,0.0,74.125.68.0-255,155,155,19,290936
19793,2.7e-05,172.31.36.0-255,66,221,19,290936
19794,3.4e-05,74.125.68.0-255,1484,1705,19,290936
19795,3.9e-05,172.31.36.0-255,66,1771,19,290936
19796,4.2e-05,74.125.68.0-255,1484,3255,19,290936
19797,5.4e-05,172.31.36.0-255,66,3321,19,290936
19798,6e-05,74.125.68.0-255,2902,6223,19,290936
19799,6.3e-05,172.31.36.0-255,66,6289,19,290936
19800,6.9e-05,74.125.68.0-255,5738,12027,19,290936
19801,7.3e-05,172.31.36.0-255,66,12093,19,290936
19802,0.000113,74.125.68.0-255,2054,14147,19,290936
19803,0.000115,172.31.36.0-255,66,14213,19,290936
19804,0.000142,74.125.68.0-255,2902,17115,19,290936
19805,0.000144,172.31.36.0-255,66,17181,19,290936
19806,0.000169,74.125.68.0-255,2902,20083,19,290936
19807,0.000172,172.31.36.0-255,66,20149,19,290936
19808,0.000196,74.125.68.0-255,2902,23051,19,290936
19809,0.000198,172.31.36.0-255,66,23117,19,290936
19810,0.000226,74.125.68.0-255,7156,30273,19,290936
19811,0.000229,172.31.36.0-255,66,30339,19,290936
19812,0.000259,74.125.68.0-255,1125,31464,19,290936
19813,0.000261,172.31.36.0-255,66,31530,19,290936
19814,0.000384,74.125.68.0-255,1484,33014,19,290936
19815,0.000389,172.31.36.0-255,66,33080,19,290936
19816,0.000395,74.125.68.0-255,2902,35982,19,290936
19817,0.000397,172.31.36.0-255,66,36048,19,290936
19818,0.0004,74.125.68.0-255,1484,37532,19,290936
19819,0.000402,172.31.36.0-255,66,37598,19,290936
19820,0.000414,74.125.68.0-255,2902,40500,19,290936
19821,0.000417,172.31.36.0-255,66,40566,19,290936
19822,0.000423,74.125.68.0-255,5738,46304,19,290936
19823,0.000426,172.31.36.0-255,66,46370,19,290936
19824,0.000431,74.125.68.0-255,2543,48913,19,290936
19825,0.000433,172.31.36.0-255,66,48979,19,290936
19826,0.000437,74.125.68.0-255,2902,51881,19,290936
19827,0.000439,172.31.36.0-255,66,51947,19,290936
19828,0.000477,74.125.68.0-255,7156,59103,19,290936
19829,0.00048,172.31.36.0-255,66,59169,19,290936
19830,0.000484,74.125.68.0-255,2902,62071,19,290936
19831,0.000486,172.31.36.0-255,66,62137,19,290936
19832,0.000492,74.125.68.0-255,4275,66412,19,290936
19833,0.000494,172.31.36.0-255,66,66478,19,290936
19834,0.000497,74.125.68.0-255,111,66589,19,290936
19835,0.00052,74.125.68.0-255,327,66916,19,290936
19836,0.000727,74.125.68.0-255,1484,68400,19,290936
19837,0.000734,172.31.36.0-255,66,68466,19,290936
19838,0.000761,74.125.68.0-255,2902,71368,19,290936
19839,0.000764,172.31.36.0-255,66,71434,19,290936
19840,0.000767,74.125.68.0-255,1484,72918,19,290936
19841,0.000791,74.125.68.0-255,2902,75820,19,290936
19842,0.000794,172.31.36.0-255,66,75886,19,290936
19843,0.000823,74.125.68.0-255,5738,81624,19,290936
19844,0.000826,172.31.36.0-255,66,81690,19,290936
19845,0.000829,74.125.68.0-255,1484,83174,19,290936
19846,0.000851,74.125.68.0-255,2902,86076,19,290936
19847,0.000854,172.31.36.0-255,66,86142,19,290936
19848,0.00088,74.125.68.0-255,4320,90462,19,290936
19849,0.000883,172.31.36.0-255,66,90528,19,290936
19850,0.000906,74.125.68.0-255,1484,92012,19,290936
19851,0.000915,74.125.68.0-255,8574,100586,19,290936
19852,0.000918,172.31.36.0-255,66,100652,19,290936
19853,0.000921,74.125.68.0-255,766,101418,19,290936
19854,0.000992,74.125.68.0-255,1484,102902,19,290936
19855,0.000996,172.31.36.0-255,66,102968,19,290936
19856,0.001025,74.125.68.0-255,2902,105870,19,290936
19857,0.001028,172.31.36.0-255,66,105936,19,290936
19858,0.001031,74.125.68.0-255,1484,107420,19,290936
19859,0.001035,74.125.68.0-255,2902,110322,19,290936
19860,0.001037,172.31.36.0-255,66,110388,19,290936
19861,0.001079,74.125.68.0-255,5738,116126,19,290936
19862,0.001083,172.31.36.0-255,66,116192,19,290936
19863,0.001109,74.125.68.0-255,4320,120512,19,290936
19864,0.001112,172.31.36.0-255,66,120578,19,290936
19865,0.001138,74.125.68.0-255,2902,123480,19,290936
19866,0.001141,172.31.36.0-255,66,123546,19,290936
19867,0.001149,74.125.68.0-255,7156,130702,19,290936
19868,0.001151,172.31.36.0-255,66,130768,19,290936
19869,0.001188,74.125.68.0-255,5020,135788,19,290936
19870,0.001192,172.31.36.0-255,66,135854,19,290936
19871,0.00128,74.125.68.0-255,1484,137338,19,290936
19872,0.001299,74.125.68.0-255,2902,140240,19,290936
19873,0.001302,172.31.36.0-255,66,140306,19,290936
19874,0.001315,74.125.68.0-255,2902,143208,19,290936
19875,0.001321,172.31.36.0-255,66,143274,19,290936
19876,0.001349,74.125.68.0-255,2902,146176,19,290936
19877,0.001352,172.31.36.0-255,66,146242,19,290936
19878,0.001358,74.125.68.0-255,4320,150562,19,290936
19879,0.001359,172.31.36.0-255,66,150628,19,290936
19880,0.00137,74.125.68.0-255,5738,156366,19,290936
19881,0.001372,172.31.36.0-255,66,156432,19,290936
19882,0.001407,74.125.68.0-255,5738,162170,19,290936
19883,0.00141,172.31.36.0-255,66,162236,19,290936
19884,0.001437,74.125.68.0-255,5738,167974,19,290936
19885,0.00144,172.31.36.0-255,66,168040,19,290936
19886,0.001444,74.125.68.0-255,2184,170224,19,290936
19887,0.001446,172.31.36.0-255,66,170290,19,290936
19888,0.001503,74.125.68.0-255,1484,171774,19,290936
19889,0.001508,74.125.68.0-255,2902,174676,19,290936
19890,0.001511,172.31.36.0-255,66,174742,19,290936
19891,0.001517,74.125.68.0-255,5738,180480,19,290936
19892,0.001519,172.31.36.0-255,66,180546,19,290936
19893,0.001572,172.31.36.0-255,66,180612,19,290936
19894,0.001611,74.125.68.0-255,4320,184932,19,290936
19895,0.001628,172.31.36.0-255,66,184998,19,290936
19896,0.001687,74.125.68.0-255,1484,186482,19,290936
19897,0.001695,74.125.68.0-255,6438,192920,19,290936
19898,0.001706,172.31.36.0-255,66,192986,19,290936
19899,0.001751,172.31.36.0-255,66,193052,19,290936
19900,0.001781,74.125.68.0-255,9992,203044,19,290936
19901,0.001796,172.31.36.0-255,66,203110,19,290936
19902,0.001807,74.125.68.0-255,9992,213102,19,290936
19903,0.001818,172.31.36.0-255,66,213168,19,290936
19904,0.001824,74.125.68.0-255,766,213934,19,290936
19905,0.001901,74.125.68.0-255,5738,219672,19,290936
19906,0.001909,74.125.68.0-255,7156,226828,19,290936
19907,0.001914,74.125.68.0-255,2902,229730,19,290936
19908,0.001931,74.125.68.0-255,1484,231214,19,290936
19909,0.001936,172.31.36.0-255,66,231280,19,290936
19910,0.001946,74.125.68.0-255,2902,234182,19,290936
19911,0.001951,172.31.36.0-255,66,234248,19,290936
19912,0.001973,74.125.68.0-255,4320,238568,19,290936
19913,0.002005,172.31.36.0-255,66,238634,19,290936
19914,0.003887,74.125.68.0-255,1484,240118,19,290936
19915,0.00395,74.125.68.0-255,4320,244438,19,290936
19916,0.003955,172.31.36.0-255,66,244504,19,290936
19917,0.005886,74.125.68.0-255,5738,250242,19,290936
19918,0.005894,172.31.36.0-255,66,250308,19,290936
19919,0.007825,74.125.68.0-255,5738,256046,19,290936
19920,0.007832,172.31.36.0-255,66,256112,19,290936
19921,0.009755,74.125.68.0-255,5738,261850,19,290936
19922,0.009759,172.31.36.0-255,66,261916,19,290936
19923,0.011684,74.125.68.0-255,5738,267654,19,290936
19924,0.011691,172.31.36.0-255,66,267720,19,290936
19925,0.013625,74.125.68.0-255,5738,273458,19,290936
19926,0.013633,172.31.36.0-255,66,273524,19,290936
19927,0.015567,74.125.68.0-255,5738,279262,19,290936
19928,0.015576,172.31.36.0-255,66,279328,19,290936
19929,0.017529,74.125.68.0-255,5738,285066,19,290936
19930,0.01754,172.31.36.0-255,66,285132,19,290936
19931,0.019479,74.125.68.0-255,5738,290870,19,290936
19932,0.019488,172.31.36.0-255,66,290936,19,290936
19933,0.0,74.125.24.0-255,153,153,19,79142
19934,2.4e-05,172.31.36.0-255,66,219,19,79142
19935,3.2e-05,74.125.24.0-255,1484,1703,19,79142
19936,3.7e-05,172.31.36.0-255,66,1769,19,79142
19937,4.2e-05,74.125.24.0-255,2902,4671,19,79142
19938,4.4e-05,172.31.36.0-255,66,4737,19,79142
19939,6.2e-05,74.125.24.0-255,5738,10475,19,79142
19940,6.6e-05,172.31.36.0-255,66,10541,19,79142
19941,8.6e-05,74.125.24.0-255,4320,14861,19,79142
19942,8.9e-05,172.31.36.0-255,66,14927,19,79142
19943,0.000127,74.125.24.0-255,9136,24063,19,79142
19944,0.000131,172.31.36.0-255,66,24129,19,79142
19945,0.000143,172.31.36.0-255,66,24195,19,79142
19946,0.000155,74.125.24.0-255,9274,33469,19,79142
19947,0.000157,172.31.36.0-255,66,33535,19,79142
19948,0.002707,74.125.24.0-255,1484,35019,19,79142
19949,0.002714,172.31.36.0-255,66,35085,19,79142
19950,0.002722,74.125.24.0-255,2902,37987,19,79142
19951,0.002724,172.31.36.0-255,66,38053,19,79142
19952,0.002733,74.125.24.0-255,1484,39537,19,79142
19953,0.002735,172.31.36.0-255,66,39603,19,79142
19954,0.005073,74.125.24.0-255,4320,43923,19,79142
19955,0.005079,172.31.36.0-255,66,43989,19,79142
19956,0.005106,74.125.24.0-255,1484,45473,19,79142
19957,0.005108,172.31.36.0-255,66,45539,19,79142
19958,0.007433,74.125.24.0-255,4320,49859,19,79142
19959,0.00744,172.31.36.0-255,66,49925,19,79142
19960,0.00747,74.125.24.0-255,1483,51408,19,79142
19961,0.007473,172.31.36.0-255,66,51474,19,79142
19962,0.009815,74.125.24.0-255,4320,55794,19,79142
19963,0.009823,172.31.36.0-255,66,55860,19,79142
19964,0.009851,74.125.24.0-255,1484,57344,19,79142
19965,0.012215,74.125.24.0-255,4320,61664,19,79142
19966,0.012224,172.31.36.0-255,66,61730,19,79142
19967,0.01457,74.125.24.0-255,5738,67468,19,79142
19968,0.014618,172.31.36.0-255,66,67534,19,79142
19969,0.016968,74.125.24.0-255,5738,73272,19,79142
19970,0.016974,172.31.36.0-255,66,73338,19,79142
19971,0.019365,74.125.24.0-255,5738,79076,19,79142
19972,0.019372,172.31.36.0-255,66,79142,19,79142
19973,0.0,74.125.24.0-255,153,153,19,246752
19974,1.4e-05,172.31.36.0-255,66,219,19,246752
19975,2.1e-05,74.125.24.0-255,1484,1703,19,246752
19976,2.5e-05,172.31.36.0-255,66,1769,19,246752
19977,3.1e-05,74.125.24.0-255,2902,4671,19,246752
19978,3.4e-05,172.31.36.0-255,66,4737,19,246752
19979,4.1e-05,74.125.24.0-255,5738,10475,19,246752
19980,4.4e-05,172.31.36.0-255,66,10541,19,246752
19981,5e-05,74.125.24.0-255,3484,14025,19,246752
19982,5.3e-05,172.31.36.0-255,66,14091,19,246752
19983,0.000123,74.125.24.0-255,1484,15575,19,246752
19984,0.000128,172.31.36.0-255,66,15641,19,246752
19985,0.000133,74.125.24.0-255,2902,18543,19,246752
19986,0.000135,172.31.36.0-255,66,18609,19,246752
19987,0.000162,74.125.24.0-255,5738,24347,19,246752
19988,0.000165,172.31.36.0-255,66,24413,19,246752
19989,0.000169,74.125.24.0-255,2902,27315,19,246752
19990,0.000171,172.31.36.0-255,66,27381,19,246752
19991,0.000192,74.125.24.0-255,8215,35596,19,246752
19992,0.000195,172.31.36.0-255,66,35662,19,246752
19993,0.000198,74.125.24.0-255,1484,37146,19,246752
19994,0.000199,172.31.36.0-255,66,37212,19,246752
19995,0.000244,172.31.36.0-255,66,37278,19,246752
19996,0.000249,74.125.24.0-255,2902,40180,19,246752
19997,0.000251,172.31.36.0-255,66,40246,19,246752
19998,0.000272,74.125.24.0-255,8150,48396,19,246752
19999,0.000274,172.31.36.0-255,66,48462,19,246752
20000,0.000781,74.125.24.0-255,134,48596,19,246752
20001,0.000787,172.31.36.0-255,66,48662,19,246752
20002,0.000807,74.125.24.0-255,346,49008,19,246752
20003,0.000812,172.31.36.0-255,66,49074,19,246752
20004,0.001036,74.125.24.0-255,1484,50558,19,246752
20005,0.001042,74.125.24.0-255,2902,53460,19,246752
20006,0.001045,172.31.36.0-255,66,53526,19,246752
20007,0.001048,74.125.24.0-255,1484,55010,19,246752
20008,0.001067,74.125.24.0-255,4320,59330,19,246752
20009,0.001069,172.31.36.0-255,66,59396,19,246752
20010,0.001076,74.125.24.0-255,5738,65134,19,246752
20011,0.00109,74.125.24.0-255,7156,72290,19,246752
20012,0.001104,74.125.24.0-255,1484,73774,19,246752
20013,0.001123,74.125.24.0-255,9274,83048,19,246752
20014,0.001139,172.31.36.0-255,66,83114,19,246752
20015,0.001156,74.125.24.0-255,1484,84598,19,246752
20016,0.001175,74.125.24.0-255,2902,87500,19,246752
20017,0.001177,74.125.24.0-255,1484,88984,19,246752
20018,0.001196,74.125.24.0-255,4320,93304,19,246752
20019,0.001205,172.31.36.0-255,66,93370,19,246752
20020,0.001217,74.125.24.0-255,7156,100526,19,246752
20021,0.001221,172.31.36.0-255,66,100592,19,246752
20022,0.001239,74.125.24.0-255,5738,106330,19,246752
20023,0.001247,172.31.36.0-255,66,106396,19,246752
20024,0.001261,74.125.24.0-255,8574,114970,19,246752
20025,0.001264,74.125.24.0-255,2184,117154,19,246752
20026,0.00128,172.31.36.0-255,66,117220,19,246752
20027,0.001326,74.125.24.0-255,1484,118704,19,246752
20028,0.001331,74.125.24.0-255,2902,121606,19,246752
20029,0.001338,172.31.36.0-255,66,121672,19,246752
20030,0.00135,74.125.24.0-255,5738,127410,19,246752
20031,0.001361,172.31.36.0-255,66,127476,19,246752
20032,0.001401,74.125.24.0-255,1484,128960,19,246752
20033,0.001406,172.31.36.0-255,66,129026,19,246752
20034,0.001424,74.125.24.0-255,10692,139718,19,246752
20035,0.001446,172.31.36.0-255,66,139784,19,246752
20036,0.001802,74.125.24.0-255,1484,141268,19,246752
20037,0.001806,74.125.24.0-255,1484,142752,19,246752
20038,0.001809,172.31.36.0-255,66,142818,19,246752
20039,0.001826,74.125.24.0-255,1484,144302,19,246752
20040,0.001855,74.125.24.0-255,4320,148622,19,246752
20041,0.001869,172.31.36.0-255,66,148688,19,246752
20042,0.001878,74.125.24.0-255,1484,150172,19,246752
20043,0.001897,74.125.24.0-255,10692,160864,19,246752
20044,0.001914,172.31.36.0-255,66,160930,19,246752
20045,0.00194,74.125.24.0-255,1484,162414,19,246752
20046,0.001943,74.125.24.0-255,1484,163898,19,246752
20047,0.001956,74.125.24.0-255,1484,165382,19,246752
20048,0.00196,74.125.24.0-255,4320,169702,19,246752
20049,0.001963,172.31.36.0-255,66,169768,19,246752
20050,0.001969,74.125.24.0-255,1484,171252,19,246752
20051,0.00198,74.125.24.0-255,1484,172736,19,246752
20052,0.001981,172.31.36.0-255,66,172802,19,246752
20053,0.00202,74.125.24.0-255,2902,175704,19,246752
20054,0.002029,172.31.36.0-255,66,175770,19,246752
20055,0.002046,74.125.24.0-255,7856,183626,19,246752
20056,0.002054,172.31.36.0-255,66,183692,19,246752
20057,0.002062,74.125.24.0-255,2902,186594,19,246752
20058,0.002066,172.31.36.0-255,66,186660,19,246752
20059,0.002077,74.125.24.0-255,2902,189562,19,246752
20060,0.002091,172.31.36.0-255,66,189628,19,246752
20061,0.002103,74.125.24.0-255,7156,196784,19,246752
20062,0.002123,74.125.24.0-255,4320,201104,19,246752
20063,0.002139,74.125.24.0-255,4320,205424,19,246752
20064,0.002158,74.125.24.0-255,7156,212580,19,246752
20065,0.002168,74.125.24.0-255,2902,215482,19,246752
20066,0.002171,74.125.24.0-255,2184,217666,19,246752
20067,0.007028,172.31.36.0-255,66,217732,19,246752
20068,0.009366,74.125.24.0-255,5738,223470,19,246752
20069,0.009375,172.31.36.0-255,66,223536,19,246752
20070,0.011693,74.125.24.0-255,5738,229274,19,246752
20071,0.011703,172.31.36.0-255,66,229340,19,246752
20072,0.014039,74.125.24.0-255,5738,235078,19,246752
20073,0.014048,172.31.36.0-255,66,235144,19,246752
20074,0.016371,74.125.24.0-255,5738,240882,19,246752
20075,0.016381,172.31.36.0-255,66,240948,19,246752
20076,0.018701,74.125.24.0-255,5738,246686,19,246752
20077,0.018708,172.31.36.0-255,66,246752,19,246752
20078,0.0,74.125.24.0-255,153,153,19,189311
20079,2.3e-05,172.31.36.0-255,66,219,19,189311
20080,3e-05,74.125.24.0-255,1484,1703,19,189311
20081,3.6e-05,172.31.36.0-255,66,1769,19,189311
20082,4.2e-05,74.125.24.0-255,2902,4671,19,189311
20083,4.5e-05,172.31.36.0-255,66,4737,19,189311
20084,5.3e-05,74.125.24.0-255,7156,11893,19,189311
20085,5.6e-05,172.31.36.0-255,66,11959,19,189311
20086,6e-05,74.125.24.0-255,2083,14042,19,189311
20087,6.3e-05,172.31.36.0-255,66,14108,19,189311
20088,0.000139,74.125.24.0-255,1484,15592,19,189311
20089,0.000142,172.31.36.0-255,66,15658,19,189311
20090,0.000149,74.125.24.0-255,2902,18560,19,189311
20091,0.000152,172.31.36.0-255,66,18626,19,189311
20092,0.000155,74.125.24.0-255,1484,20110,19,189311
20093,0.000157,172.31.36.0-255,66,20176,19,189311
20094,0.000178,74.125.24.0-255,4320,24496,19,189311
20095,0.000181,172.31.36.0-255,66,24562,19,189311
20096,0.000194,74.125.24.0-255,1484,26046,19,189311
20097,0.000197,172.31.36.0-255,66,26112,19,189311
20098,0.000221,74.125.24.0-255,5379,31491,19,189311
20099,0.000224,172.31.36.0-255,66,31557,19,189311
20100,0.000281,74.125.24.0-255,1484,33041,19,189311
20101,0.000284,172.31.36.0-255,66,33107,19,189311
20102,0.000289,74.125.24.0-255,2902,36009,19,189311
20103,0.000292,172.31.36.0-255,66,36075,19,189311
20104,0.000309,74.125.24.0-255,5738,41813,19,189311
20105,0.000311,172.31.36.0-255,66,41879,19,189311
20106,0.000349,172.31.36.0-255,66,41945,19,189311
20107,0.000364,74.125.24.0-255,2543,44488,19,189311
20108,0.000366,172.31.36.0-255,66,44554,19,189311
20109,0.000375,74.125.24.0-255,9633,54187,19,189311
20110,0.000378,172.31.36.0-255,66,54253,19,189311
20111,0.000381,74.125.24.0-255,414,54667,19,189311
20112,0.00052,74.125.24.0-255,330,54997,19,189311
20113,0.000841,74.125.24.0-255,1484,56481,19,189311
20114,0.000846,172.31.36.0-255,66,56547,19,189311
20115,0.000852,74.125.24.0-255,2902,59449,19,189311
20116,0.000854,172.31.36.0-255,66,59515,19,189311
20117,0.000858,74.125.24.0-255,2902,62417,19,189311
20118,0.000861,172.31.36.0-255,66,62483,19,189311
20119,0.000887,74.125.24.0-255,2902,65385,19,189311
20120,0.00089,172.31.36.0-255,66,65451,19,189311
20121,0.000904,172.31.36.0-255,66,65517,19,189311
20122,0.00094,74.125.24.0-255,10692,76209,19,189311
20123,0.000943,172.31.36.0-255,66,76275,19,189311
20124,0.001181,74.125.24.0-255,1484,77759,19,189311
20125,0.001198,74.125.24.0-255,2902,80661,19,189311
20126,0.001201,172.31.36.0-255,66,80727,19,189311
20127,0.001209,74.125.24.0-255,5738,86465,19,189311
20128,0.001211,172.31.36.0-255,66,86531,19,189311
20129,0.001248,172.31.36.0-255,66,86597,19,189311
20130,0.001252,74.125.24.0-255,1484,88081,19,189311
20131,0.00128,74.125.24.0-255,9274,97355,19,189311
20132,0.001282,172.31.36.0-255,66,97421,19,189311
20133,0.001325,172.31.36.0-255,66,97487,19,189311
20134,0.001329,74.125.24.0-255,2902,100389,19,189311
20135,0.001332,172.31.36.0-255,66,100455,19,189311
20136,0.001354,74.125.24.0-255,7156,107611,19,189311
20137,0.001356,172.31.36.0-255,66,107677,19,189311
20138,0.001381,74.125.24.0-255,2902,110579,19,189311
20139,0.001384,172.31.36.0-255,66,110645,19,189311
20140,0.001394,74.125.24.0-255,9274,119919,19,189311
20141,0.001396,172.31.36.0-255,66,119985,19,189311
20142,0.001464,74.125.24.0-255,1484,121469,19,189311
20143,0.001469,74.125.24.0-255,2902,124371,19,189311
20144,0.001472,172.31.36.0-255,66,124437,19,189311
20145,0.001478,74.125.24.0-255,4320,128757,19,189311
20146,0.00148,172.31.36.0-255,66,128823,19,189311
20147,0.001492,74.125.24.0-255,1484,130307,19,189311
20148,0.001495,74.125.24.0-255,1484,131791,19,189311
20149,0.001497,172.31.36.0-255,66,131857,19,189311
20150,0.001533,172.31.36.0-255,66,131923,19,189311
20151,0.001539,74.125.24.0-255,5738,137661,19,189311
20152,0.001542,172.31.36.0-255,66,137727,19,189311
20153,0.001577,74.125.24.0-255,1484,139211,19,189311
20154,0.001595,74.125.24.0-255,3602,142813,19,189311
20155,0.001598,172.31.36.0-255,66,142879,19,189311
20156,0.003634,74.125.24.0-255,5738,148617,19,189311
20157,0.003641,172.31.36.0-255,66,148683,19,189311
20158,0.005704,74.125.24.0-255,5738,154421,19,189311
20159,0.005708,172.31.36.0-255,66,154487,19,189311
20160,0.007753,74.125.24.0-255,5738,160225,19,189311
20161,0.007759,172.31.36.0-255,66,160291,19,189311
20162,0.009806,74.125.24.0-255,5738,166029,19,189311
20163,0.009813,172.31.36.0-255,66,166095,19,189311
20164,0.011879,74.125.24.0-255,5738,171833,19,189311
20165,0.011886,172.31.36.0-255,66,171899,19,189311
20166,0.013919,74.125.24.0-255,5738,177637,19,189311
20167,0.013927,172.31.36.0-255,66,177703,19,189311
20168,0.015989,74.125.24.0-255,5738,183441,19,189311
20169,0.015996,172.31.36.0-255,66,183507,19,189311
20170,0.018058,74.125.24.0-255,5738,189245,19,189311
20171,0.018066,172.31.36.0-255,66,189311,19,189311
20172,0.0,74.125.68.0-255,298,298,19,267512
20173,2.6e-05,172.31.36.0-255,66,364,19,267512
20174,3.3e-05,74.125.68.0-255,1484,1848,19,267512
20175,3.9e-05,172.31.36.0-255,66,1914,19,267512
20176,4.6e-05,74.125.68.0-255,4320,6234,19,267512
20177,5.1e-05,172.31.36.0-255,66,6300,19,267512
20178,8.9e-05,74.125.68.0-255,4320,10620,19,267512
20179,9.3e-05,172.31.36.0-255,66,10686,19,267512
20180,0.000107,74.125.68.0-255,4606,15292,19,267512
20181,0.000111,172.31.36.0-255,66,15358,19,267512
20182,0.000115,74.125.68.0-255,2902,18260,19,267512
20183,0.000117,172.31.36.0-255,66,18326,19,267512
20184,0.000131,74.125.68.0-255,1484,19810,19,267512
20185,0.000133,172.31.36.0-255,66,19876,19,267512
20186,0.000162,74.125.68.0-255,2902,22778,19,267512
20187,0.000165,172.31.36.0-255,66,22844,19,267512
20188,0.000173,74.125.68.0-255,7156,30000,19,267512
20189,0.000175,172.31.36.0-255,66,30066,19,267512
20190,0.000192,74.125.68.0-255,1125,31191,19,267512
20191,0.000194,172.31.36.0-255,66,31257,19,267512
20192,0.000263,74.125.68.0-255,1484,32741,19,267512
20193,0.000267,172.31.36.0-255,66,32807,19,267512
20194,0.000281,74.125.68.0-255,2902,35709,19,267512
20195,0.000284,172.31.36.0-255,66,35775,19,267512
20196,0.000308,74.125.68.0-255,5738,41513,19,267512
20197,0.000311,172.31.36.0-255,66,41579,19,267512
20198,0.000316,74.125.68.0-255,2902,44481,19,267512
20199,0.000317,172.31.36.0-255,66,44547,19,267512
20200,0.000323,74.125.68.0-255,3961,48508,19,267512
20201,0.000326,172.31.36.0-255,66,48574,19,267512
20202,0.000364,74.125.68.0-255,5738,54312,19,267512
20203,0.000367,172.31.36.0-255,66,54378,19,267512
20204,0.000384,74.125.68.0-255,2902,57280,19,267512
20205,0.000387,172.31.36.0-255,66,57346,19,267512
20206,0.00041,74.125.68.0-255,1484,58830,19,267512
20207,0.000432,74.125.68.0-255,7102,65932,19,267512
20208,0.000435,172.31.36.0-255,66,65998,19,267512
20209,0.000496,74.125.68.0-255,116,66114,19,267512
20210,0.000531,74.125.68.0-255,1484,67598,19,267512
20211,0.000536,172.31.36.0-255,66,67664,19,267512
20212,0.000551,74.125.68.0-255,2902,70566,19,267512
20213,0.000554,172.31.36.0-255,66,70632,19,267512
20214,0.000558,74.125.68.0-255,1484,72116,19,267512
20215,0.000577,74.125.68.0-255,2902,75018,19,267512
20216,0.00058,172.31.36.0-255,66,75084,19,267512
20217,0.000628,74.125.68.0-255,5738,80822,19,267512
20218,0.000631,172.31.36.0-255,66,80888,19,267512
20219,0.000635,74.125.68.0-255,2543,83431,19,267512
20220,0.000638,172.31.36.0-255,66,83497,19,267512
20221,0.00066,74.125.68.0-255,1484,84981,19,267512
20222,0.000675,74.125.68.0-255,2902,87883,19,267512
20223,0.000678,172.31.36.0-255,66,87949,19,267512
20224,0.0007,74.125.68.0-255,5738,93687,19,267512
20225,0.000703,172.31.36.0-255,66,93753,19,267512
20226,0.000706,74.125.68.0-255,1484,95237,19,267512
20227,0.000729,74.125.68.0-255,5379,100616,19,267512
20228,0.000732,172.31.36.0-255,66,100682,19,267512
20229,0.000984,74.125.68.0-255,1484,102166,19,267512
20230,0.001008,74.125.68.0-255,2902,105068,19,267512
20231,0.001014,172.31.36.0-255,66,105134,19,267512
20232,0.00102,74.125.68.0-255,4320,109454,19,267512
20233,0.001024,172.31.36.0-255,66,109520,19,267512
20234,0.001045,74.125.68.0-255,5738,115258,19,267512
20235,0.001047,172.31.36.0-255,66,115324,19,267512
20236,0.001081,172.31.36.0-255,66,115390,19,267512
20237,0.001118,74.125.68.0-255,2902,118292,19,267512
20238,0.001121,172.31.36.0-255,66,118358,19,267512
20239,0.001142,74.125.68.0-255,5020,123378,19,267512
20240,0.001145,172.31.36.0-255,66,123444,19,267512
20241,0.001174,74.125.68.0-255,1484,124928,19,267512
20242,0.001201,74.125.68.0-255,2902,127830,19,267512
20243,0.001204,172.31.36.0-255,66,127896,19,267512
20244,0.001227,74.125.68.0-255,5738,133634,19,267512
20245,0.001229,172.31.36.0-255,66,133700,19,267512
20246,0.001234,74.125.68.0-255,2902,136602,19,267512
20247,0.001237,172.31.36.0-255,66,136668,19,267512
20248,0.001243,74.125.68.0-255,4320,140988,19,267512
20249,0.001246,172.31.36.0-255,66,141054,19,267512
20250,0.00127,74.125.68.0-255,4320,145374,19,267512
20251,0.001273,172.31.36.0-255,66,145440,19,267512
20252,0.001297,74.125.68.0-255,4320,149760,19,267512
20253,0.0013,172.31.36.0-255,66,149826,19,267512
20254,0.001306,74.125.68.0-255,4320,154146,19,267512
20255,0.001308,172.31.36.0-255,66,154212,19,267512
20256,0.001344,74.125.68.0-255,3602,157814,19,267512
20257,0.001348,172.31.36.0-255,66,157880,19,267512
20258,0.001526,74.125.68.0-255,1484,159364,19,267512
20259,0.001531,74.125.68.0-255,1484,160848,19,267512
20260,0.001535,172.31.36.0-255,66,160914,19,267512
20261,0.00154,74.125.68.0-255,2902,163816,19,267512
20262,0.001542,172.31.36.0-255,66,163882,19,267512
20263,0.001573,74.125.68.0-255,5738,169620,19,267512
20264,0.001576,172.31.36.0-255,66,169686,19,267512
20265,0.001581,74.125.68.0-255,4320,174006,19,267512
20266,0.001583,172.31.36.0-255,66,174072,19,267512
20267,0.00161,74.125.68.0-255,5738,179810,19,267512
20268,0.001613,172.31.36.0-255,66,179876,19,267512
20269,0.001631,74.125.68.0-255,2902,182778,19,267512
20270,0.001633,172.31.36.0-255,66,182844,19,267512
20271,0.001648,74.125.68.0-255,4320,187164,19,267512
20272,0.00165,172.31.36.0-255,66,187230,19,267512
20273,0.001674,74.125.68.0-255,1484,188714,19,267512
20274,0.00169,74.125.68.0-255,3602,192316,19,267512
20275,0.001692,172.31.36.0-255,66,192382,19,267512
20276,0.001837,74.125.68.0-255,1484,193866,19,267512
20277,0.001854,74.125.68.0-255,2902,196768,19,267512
20278,0.001858,172.31.36.0-255,66,196834,19,267512
20279,0.001872,74.125.68.0-255,2902,199736,19,267512
20280,0.001875,172.31.36.0-255,66,199802,19,267512
20281,0.001898,74.125.68.0-255,2902,202704,19,267512
20282,0.001901,172.31.36.0-255,66,202770,19,267512
20283,0.001918,74.125.68.0-255,1484,204254,19,267512
20284,0.001944,74.125.68.0-255,5738,209992,19,267512
20285,0.001946,172.31.36.0-255,66,210058,19,267512
20286,0.00195,74.125.68.0-255,1484,211542,19,267512
20287,0.001954,74.125.68.0-255,2902,214444,19,267512
20288,0.001956,172.31.36.0-255,66,214510,19,267512
20289,0.001982,74.125.68.0-255,5738,220248,19,267512
20290,0.001986,172.31.36.0-255,66,220314,19,267512
20291,0.001989,74.125.68.0-255,1484,221798,19,267512
20292,0.002046,74.125.68.0-255,5020,226818,19,267512
20293,0.002051,172.31.36.0-255,66,226884,19,267512
20294,0.004361,74.125.68.0-255,5738,232622,19,267512
20295,0.004369,172.31.36.0-255,66,232688,19,267512
20296,0.006652,74.125.68.0-255,5738,238426,19,267512
20297,0.00666,172.31.36.0-255,66,238492,19,267512
20298,0.008971,74.125.68.0-255,5738,244230,19,267512
20299,0.00898,172.31.36.0-255,66,244296,19,267512
20300,0.011305,74.125.68.0-255,5738,250034,19,267512
20301,0.011314,172.31.36.0-255,66,250100,19,267512
20302,0.013623,74.125.68.0-255,5738,255838,19,267512
20303,0.013633,172.31.36.0-255,66,255904,19,267512
20304,0.015957,74.125.68.0-255,5738,261642,19,267512
20305,0.015971,172.31.36.0-255,66,261708,19,267512
20306,0.018294,74.125.68.0-255,5738,267446,19,267512
20307,0.018312,172.31.36.0-255,66,267512,19,267512
20308,0.0,74.125.24.0-255,150,150,19,247281
20309,2.8e-05,172.31.36.0-255,66,216,19,247281
20310,3.4e-05,74.125.24.0-255,1484,1700,19,247281
20311,3.9e-05,172.31.36.0-255,66,1766,19,247281
20312,5.2e-05,74.125.24.0-255,2902,4668,19,247281
20313,5.5e-05,172.31.36.0-255,66,4734,19,247281
20314,6.2e-05,74.125.24.0-255,5738,10472,19,247281
20315,6.5e-05,172.31.36.0-255,66,10538,19,247281
20316,7.2e-05,74.125.24.0-255,5738,16276,19,247281
20317,7.4e-05,172.31.36.0-255,66,16342,19,247281
20318,0.000105,74.125.24.0-255,7691,24033,19,247281
20319,0.000109,172.31.36.0-255,66,24099,19,247281
20320,0.000172,74.125.24.0-255,2902,27001,19,247281
20321,0.000175,172.31.36.0-255,66,27067,19,247281
20322,0.000194,74.125.24.0-255,3961,31028,19,247281
20323,0.000198,172.31.36.0-255,66,31094,19,247281
20324,0.000229,74.125.24.0-255,7156,38250,19,247281
20325,0.000232,172.31.36.0-255,66,38316,19,247281
20326,0.000257,74.125.24.0-255,5738,44054,19,247281
20327,0.00026,172.31.36.0-255,66,44120,19,247281
20328,0.000292,74.125.24.0-255,9633,53753,19,247281
20329,0.000296,172.31.36.0-255,66,53819,19,247281
20330,0.00037,74.125.24.0-255,8574,62393,19,247281
20331,0.000377,172.31.36.0-255,66,62459,19,247281
20332,0.000384,74.125.24.0-255,2851,65310,19,247281
20333,0.000386,172.31.36.0-255,66,65376,19,247281
20334,0.000416,74.125.24.0-255,114,65490,19,247281
20335,0.00042,172.31.36.0-255,66,65556,19,247281
20336,0.000444,74.125.24.0-255,1484,67040,19,247281
20337,0.000447,172.31.36.0-255,66,67106,19,247281
20338,0.000453,74.125.24.0-255,2902,70008,19,247281
20339,0.000455,172.31.36.0-255,66,70074,19,247281
20340,0.000488,74.125.24.0-255,7156,77230,19,247281
20341,0.000493,172.31.36.0-255,66,77296,19,247281
20342,0.00052,74.125.24.0-255,4320,81616,19,247281
20343,0.000523,172.31.36.0-255,66,81682,19,247281
20344,0.00055,74.125.24.0-255,1125,82807,19,247281
20345,0.000555,74.125.24.0-255,331,83138,19,247281
20346,0.000562,74.125.24.0-255,7156,90294,19,247281
20347,0.000565,172.31.36.0-255,66,90360,19,247281
20348,0.000616,74.125.24.0-255,9633,99993,19,247281
20349,0.000621,172.31.36.0-255,66,100059,19,247281
20350,0.001124,74.125.24.0-255,1484,101543,19,247281
20351,0.00113,74.125.24.0-255,2902,104445,19,247281
20352,0.001134,172.31.36.0-255,66,104511,19,247281
20353,0.001169,74.125.24.0-255,5738,110249,19,247281
20354,0.001173,172.31.36.0-255,66,110315,19,247281
20355,0.001188,172.31.36.0-255,66,110381,19,247281
20356,0.001251,74.125.24.0-255,7156,117537,19,247281
20357,0.001255,172.31.36.0-255,66,117603,19,247281
20358,0.00128,74.125.24.0-255,5020,122623,19,247281
20359,0.001284,172.31.36.0-255,66,122689,19,247281
20360,0.001352,74.125.24.0-255,1484,124173,19,247281
20361,0.001358,74.125.24.0-255,2902,127075,19,247281
20362,0.001361,172.31.36.0-255,66,127141,19,247281
20363,0.001391,74.125.24.0-255,5738,132879,19,247281
20364,0.001395,172.31.36.0-255,66,132945,19,247281
20365,0.001403,74.125.24.0-255,7156,140101,19,247281
20366,0.001406,172.31.36.0-255,66,140167,19,247281
20367,0.001442,74.125.24.0-255,5738,145905,19,247281
20368,0.001446,172.31.36.0-255,66,145971,19,247281
20369,0.001543,74.125.24.0-255,5738,151709,19,247281
20370,0.001547,172.31.36.0-255,66,151775,19,247281
20371,0.001576,74.125.24.0-255,5020,156795,19,247281
20372,0.00158,172.31.36.0-255,66,156861,19,247281
20373,0.001587,74.125.24.0-255,5738,162599,19,247281
20374,0.001589,172.31.36.0-255,66,162665,19,247281
20375,0.001616,74.125.24.0-255,1484,164149,19,247281
20376,0.001635,74.125.24.0-255,4320,168469,19,247281
20377,0.001638,172.31.36.0-255,66,168535,19,247281
20378,0.001684,172.31.36.0-255,66,168601,19,247281
20379,0.001752,74.125.24.0-255,7156,175757,19,247281
20380,0.001757,172.31.36.0-255,66,175823,19,247281
20381,0.001791,74.125.24.0-255,6438,182261,19,247281
20382,0.001794,172.31.36.0-255,66,182327,19,247281
20383,0.001853,74.125.24.0-255,5738,188065,19,247281
20384,0.001858,172.31.36.0-255,66,188131,19,247281
20385,0.0019,172.31.36.0-255,66,188197,19,247281
20386,0.002024,74.125.24.0-255,2902,191099,19,247281
20387,0.002029,172.31.36.0-255,66,191165,19,247281
20388,0.002045,74.125.24.0-255,4320,195485,19,247281
20389,0.002047,172.31.36.0-255,66,195551,19,247281
20390,0.002112,172.31.36.0-255,66,195617,19,247281
20391,0.002257,74.125.24.0-255,7156,202773,19,247281
20392,0.002262,172.31.36.0-255,66,202839,19,247281
20393,0.002286,74.125.24.0-255,5738,208577,19,247281
20394,0.002291,172.31.36.0-255,66,208643,19,247281
20395,0.00235,74.125.24.0-255,9992,218635,19,247281
20396,0.002356,172.31.36.0-255,66,218701,19,247281
20397,0.002415,172.31.36.0-255,66,218767,19,247281
20398,0.002617,74.125.24.0-255,4320,223087,19,247281
20399,0.00262,172.31.36.0-255,66,223153,19,247281
20400,0.002713,172.31.36.0-255,66,223219,19,247281
20401,0.002743,172.31.36.0-255,66,223285,19,247281
20402,0.004965,74.125.24.0-255,1484,224769,19,247281
20403,0.004977,74.125.24.0-255,4320,229089,19,247281
20404,0.00498,172.31.36.0-255,66,229155,19,247281
20405,0.00726,74.125.24.0-255,5738,234893,19,247281
20406,0.007265,172.31.36.0-255,66,234959,19,247281
20407,0.009506,74.125.24.0-255,5738,240697,19,247281
20408,0.009511,172.31.36.0-255,66,240763,19,247281
20409,0.011789,74.125.24.0-255,5738,246501,19,247281
20410,0.011797,172.31.36.0-255,66,246567,19,247281
20411,0.014022,74.125.24.0-255,543,247110,19,247281
20412,0.017892,172.31.36.0-255,66,247176,19,247281
20413,0.017921,172.31.36.0-255,105,247281,19,247281
20414,0.0,74.125.24.0-255,153,153,19,185005
20415,2.3e-05,172.31.36.0-255,66,219,19,185005
20416,3e-05,74.125.24.0-255,1484,1703,19,185005
20417,3.5e-05,172.31.36.0-255,66,1769,19,185005
20418,4.9e-05,74.125.24.0-255,2902,4671,19,185005
20419,5.2e-05,172.31.36.0-255,66,4737,19,185005
20420,6e-05,74.125.24.0-255,7156,11893,19,185005
20421,6.3e-05,172.31.36.0-255,66,11959,19,185005
20422,6.6e-05,74.125.24.0-255,1484,13443,19,185005
20423,6.9e-05,172.31.36.0-255,66,13509,19,185005
20424,0.000101,74.125.24.0-255,5738,19247,19,185005
20425,0.000105,172.31.36.0-255,66,19313,19,185005
20426,0.000132,74.125.24.0-255,1930,21243,19,185005
20427,0.000134,172.31.36.0-255,66,21309,19,185005
20428,0.000143,74.125.24.0-255,8574,29883,19,185005
20429,0.000146,172.31.36.0-255,66,29949,19,185005
20430,0.000169,172.31.36.0-255,66,30015,19,185005
20431,0.00023,74.125.24.0-255,1484,31499,19,185005
20432,0.000232,172.31.36.0-255,66,31565,19,185005
20433,0.000261,74.125.24.0-255,2902,34467,19,185005
20434,0.000264,172.31.36.0-255,66,34533,19,185005
20435,0.000268,74.125.24.0-255,1484,36017,19,185005
20436,0.00027,172.31.36.0-255,66,36083,19,185005
20437,0.000294,74.125.24.0-255,4320,40403,19,185005
20438,0.000297,172.31.36.0-255,66,40469,19,185005
20439,0.000307,74.125.24.0-255,4320,44789,19,185005
20440,0.000309,172.31.36.0-255,66,44855,19,185005
20441,0.00036,74.125.24.0-255,2848,47703,19,185005
20442,0.000362,172.31.36.0-255,66,47769,19,185005
20443,0.000391,74.125.24.0-255,117,47886,19,185005
20444,0.000395,172.31.36.0-255,66,47952,19,185005
20445,0.000435,74.125.24.0-255,1484,49436,19,185005
20446,0.000458,74.125.24.0-255,2902,52338,19,185005
20447,0.000461,74.125.24.0-255,1484,53822,19,185005
20448,0.000481,74.125.24.0-255,4320,58142,19,185005
20449,0.000509,74.125.24.0-255,6481,64623,19,185005
20450,0.000607,172.31.36.0-255,66,64689,19,185005
20451,0.000862,74.125.24.0-255,1484,66173,19,185005
20452,0.000881,74.125.24.0-255,2902,69075,19,185005
20453,0.000884,74.125.24.0-255,1484,70559,19,185005
20454,0.00089,172.31.36.0-255,66,70625,19,185005
20455,0.000901,74.125.24.0-255,4320,74945,19,185005
20456,0.000924,74.125.24.0-255,7156,82101,19,185005
20457,0.000927,74.125.24.0-255,1484,83585,19,185005
20458,0.00093,172.31.36.0-255,66,83651,19,185005
20459,0.000964,74.125.24.0-255,7156,90807,19,185005
20460,0.000973,74.125.24.0-255,7856,98663,19,185005
20461,0.000988,172.31.36.0-255,66,98729,19,185005
20462,0.001806,74.125.24.0-255,1484,100213,19,185005
20463,0.001815,74.125.24.0-255,2902,103115,19,185005
20464,0.001819,172.31.36.0-255,66,103181,19,185005
20465,0.001826,74.125.24.0-255,2902,106083,19,185005
20466,0.00185,74.125.24.0-255,2902,108985,19,185005
20467,0.001853,74.125.24.0-255,1484,110469,19,185005
20468,0.001886,74.125.24.0-255,7156,117625,19,185005
20469,0.001936,74.125.24.0-255,3602,121227,19,185005
20470,0.002061,74.125.24.0-255,1484,122711,19,185005
20471,0.002066,74.125.24.0-255,1484,124195,19,185005
20472,0.002079,74.125.24.0-255,1484,125679,19,185005
20473,0.002085,74.125.24.0-255,5738,131417,19,185005
20474,0.00211,74.125.24.0-255,7156,138573,19,185005
20475,0.002127,74.125.24.0-255,5738,144311,19,185005
20476,0.004395,172.31.36.0-255,66,144377,19,185005
20477,0.006534,74.125.24.0-255,5738,150115,19,185005
20478,0.00654,172.31.36.0-255,66,150181,19,185005
20479,0.008655,74.125.24.0-255,5738,155919,19,185005
20480,0.008694,172.31.36.0-255,66,155985,19,185005
20481,0.010773,74.125.24.0-255,5738,161723,19,185005
20482,0.010781,172.31.36.0-255,66,161789,19,185005
20483,0.012858,74.125.24.0-255,5738,167527,19,185005
20484,0.012885,172.31.36.0-255,66,167593,19,185005
20485,0.014982,74.125.24.0-255,5738,173331,19,185005
20486,0.014994,172.31.36.0-255,66,173397,19,185005
20487,0.017058,74.125.24.0-255,5738,179135,19,185005
20488,0.017066,172.31.36.0-255,66,179201,19,185005
20489,0.019165,74.125.24.0-255,5738,184939,19,185005
20490,0.019172,172.31.36.0-255,66,185005,19,185005
20491,0.0,172.217.194.0-255,150,150,19,274728
20492,1.6e-05,172.31.36.0-255,66,216,19,274728
20493,2.4e-05,172.217.194.0-255,1484,1700,19,274728
20494,2.8e-05,172.31.36.0-255,66,1766,19,274728
20495,4.2e-05,172.217.194.0-255,2902,4668,19,274728
20496,4.5e-05,172.31.36.0-255,66,4734,19,274728
20497,5.3e-05,172.217.194.0-255,7156,11890,19,274728
20498,5.6e-05,172.31.36.0-255,66,11956,19,274728
20499,7.5e-05,172.217.194.0-255,2017,13973,19,274728
20500,8.2e-05,172.31.36.0-255,66,14039,19,274728
20501,8.7e-05,172.217.194.0-255,2902,16941,19,274728
20502,8.9e-05,172.31.36.0-255,66,17007,19,274728
20503,0.000119,172.217.194.0-255,7156,24163,19,274728
20504,0.000122,172.31.36.0-255,66,24229,19,274728
20505,0.00013,172.217.194.0-255,6797,31026,19,274728
20506,0.000133,172.31.36.0-255,66,31092,19,274728
20507,0.000165,172.217.194.0-255,7156,38248,19,274728
20508,0.000168,172.31.36.0-255,66,38314,19,274728
20509,0.000196,172.217.194.0-255,2902,41216,19,274728
20510,0.000199,172.31.36.0-255,66,41282,19,274728
20511,0.000231,172.217.194.0-255,6797,48079,19,274728
20512,0.000234,172.31.36.0-255,66,48145,19,274728
20513,0.000243,172.217.194.0-255,9992,58137,19,274728
20514,0.000245,172.31.36.0-255,66,58203,19,274728
20515,0.000253,172.217.194.0-255,6797,65000,19,274728
20516,0.000255,172.31.36.0-255,66,65066,19,274728
20517,0.000258,172.217.194.0-255,678,65744,19,274728
20518,0.00026,172.31.36.0-255,66,65810,19,274728
20519,0.000309,172.217.194.0-255,1484,67294,19,274728
20520,0.000312,172.31.36.0-255,66,67360,19,274728
20521,0.000318,172.217.194.0-255,4320,71680,19,274728
20522,0.000321,172.31.36.0-255,66,71746,19,274728
20523,0.000332,172.217.194.0-255,5738,77484,19,274728
20524,0.000334,172.31.36.0-255,66,77550,19,274728
20525,0.000381,172.217.194.0-255,8215,85765,19,274728
20526,0.000384,172.31.36.0-255,66,85831,19,274728
20527,0.000391,172.217.194.0-255,5738,91569,19,274728
20528,0.000393,172.31.36.0-255,66,91635,19,274728
20529,0.000409,172.217.194.0-255,2902,94537,19,274728
20530,0.000418,172.31.36.0-255,66,94603,19,274728
20531,0.000428,172.217.194.0-255,2902,97505,19,274728
20532,0.000431,172.31.36.0-255,66,97571,19,274728
20533,0.00046,172.217.194.0-255,2543,100114,19,274728
20534,0.000462,172.31.36.0-255,66,100180,19,274728
20535,0.000522,172.217.194.0-255,1484,101664,19,274728
20536,0.000527,172.217.194.0-255,1484,103148,19,274728
20537,0.000529,172.31.36.0-255,66,103214,19,274728
20538,0.000558,172.217.194.0-255,1484,104698,19,274728
20539,0.000565,172.217.194.0-255,5738,110436,19,274728
20540,0.000568,172.31.36.0-255,66,110502,19,274728
20541,0.000583,172.31.36.0-255,66,110568,19,274728
20542,0.000586,172.217.194.0-255,1484,112052,19,274728
20543,0.000622,172.217.194.0-255,9274,121326,19,274728
20544,0.000625,172.31.36.0-255,66,121392,19,274728
20545,0.000965,172.217.194.0-255,1484,122876,19,274728
20546,0.000972,172.217.194.0-255,2902,125778,19,274728
20547,0.000975,172.31.36.0-255,66,125844,19,274728
20548,0.000983,172.217.194.0-255,5738,131582,19,274728
20549,0.000985,172.31.36.0-255,66,131648,19,274728
20550,0.001023,172.31.36.0-255,66,131714,19,274728
20551,0.001056,172.217.194.0-255,10692,142406,19,274728
20552,0.001066,172.31.36.0-255,66,142472,19,274728
20553,0.001134,172.217.194.0-255,1484,143956,19,274728
20554,0.001138,172.217.194.0-255,1484,145440,19,274728
20555,0.001142,172.31.36.0-255,66,145506,19,274728
20556,0.00117,172.217.194.0-255,1484,146990,19,274728
20557,0.001176,172.217.194.0-255,5738,152728,19,274728
20558,0.001179,172.31.36.0-255,66,152794,19,274728
20559,0.001194,172.31.36.0-255,66,152860,19,274728
20560,0.001202,172.217.194.0-255,8574,161434,19,274728
20561,0.001205,172.31.36.0-255,66,161500,19,274728
20562,0.001246,172.217.194.0-255,2184,163684,19,274728
20563,0.001249,172.31.36.0-255,66,163750,19,274728
20564,0.001325,172.217.194.0-255,1484,165234,19,274728
20565,0.00133,172.217.194.0-255,2902,168136,19,274728
20566,0.001334,172.31.36.0-255,66,168202,19,274728
20567,0.001341,172.217.194.0-255,5738,173940,19,274728
20568,0.001343,172.31.36.0-255,66,174006,19,274728
20569,0.00137,172.31.36.0-255,66,174072,19,274728
20570,0.00144,172.217.194.0-255,10692,184764,19,274728
20571,0.001443,172.31.36.0-255,66,184830,19,274728
20572,0.001446,172.217.194.0-255,1484,186314,19,274728
20573,0.001467,172.217.194.0-255,2902,189216,19,274728
20574,0.00147,172.31.36.0-255,66,189282,19,274728
20575,0.001476,172.217.194.0-255,5738,195020,19,274728
20576,0.001479,172.31.36.0-255,66,195086,19,274728
20577,0.001525,172.31.36.0-255,66,195152,19,274728
20578,0.001532,172.217.194.0-255,7156,202308,19,274728
20579,0.001535,172.31.36.0-255,66,202374,19,274728
20580,0.00157,172.217.194.0-255,3602,205976,19,274728
20581,0.001573,172.31.36.0-255,66,206042,19,274728
20582,0.001602,172.217.194.0-255,1484,207526,19,274728
20583,0.001626,172.217.194.0-255,2902,210428,19,274728
20584,0.001629,172.31.36.0-255,66,210494,19,274728
20585,0.001636,172.217.194.0-255,5738,216232,19,274728
20586,0.001638,172.31.36.0-255,66,216298,19,274728
20587,0.001673,172.31.36.0-255,66,216364,19,274728
20588,0.001722,172.217.194.0-255,10692,227056,19,274728
20589,0.001725,172.31.36.0-255,66,227122,19,274728
20590,0.001753,172.217.194.0-255,5738,232860,19,274728
20591,0.001756,172.31.36.0-255,66,232926,19,274728
20592,0.001783,172.217.194.0-255,5738,238664,19,274728
20593,0.001785,172.31.36.0-255,66,238730,19,274728
20594,0.001792,172.217.194.0-255,5738,244468,19,274728
20595,0.001794,172.31.36.0-255,66,244534,19,274728
20596,0.001819,172.217.194.0-255,4320,248854,19,274728
20597,0.001822,172.31.36.0-255,66,248920,19,274728
20598,0.001859,172.31.36.0-255,66,248986,19,274728
20599,0.001867,172.217.194.0-255,7156,256142,19,274728
20600,0.00187,172.31.36.0-255,66,256208,19,274728
20601,0.001915,172.31.36.0-255,66,256274,19,274728
20602,0.001925,172.217.194.0-255,10692,266966,19,274728
20603,0.001928,172.31.36.0-255,66,267032,19,274728
20604,0.001935,172.217.194.0-255,7156,274188,19,274728
20605,0.001937,172.31.36.0-255,66,274254,19,274728
20606,0.001983,172.31.36.0-255,66,274320,19,274728
20607,0.001998,172.31.36.0-255,66,274386,19,274728
20608,0.002019,172.217.194.0-255,105,274491,19,274728
20609,0.008877,172.31.36.0-255,66,274557,19,274728
20610,0.008917,172.31.36.0-255,105,274662,19,274728
20611,0.011157,172.217.194.0-255,66,274728,19,274728
20612,0.0,172.217.194.0-255,226,226,19,84867
20613,2.2e-05,172.31.36.0-255,66,292,19,84867
20614,3e-05,172.217.194.0-255,1484,1776,19,84867
20615,3.4e-05,172.31.36.0-255,66,1842,19,84867
20616,4.1e-05,172.217.194.0-255,4320,6162,19,84867
20617,5.3e-05,172.31.36.0-255,66,6228,19,84867
20618,0.000192,172.217.194.0-255,5738,11966,19,84867
20619,0.000198,172.31.36.0-255,66,12032,19,84867
20620,0.000228,172.217.194.0-255,3483,15515,19,84867
20621,0.000231,172.31.36.0-255,66,15581,19,84867
20622,0.000497,172.217.194.0-255,8574,24155,19,84867
20623,0.000505,172.31.36.0-255,66,24221,19,84867
20624,0.000785,172.217.194.0-255,9992,34213,19,84867
20625,0.000791,172.31.36.0-255,66,34279,19,84867
20626,0.00082,172.217.194.0-255,2902,37181,19,84867
20627,0.000823,172.31.36.0-255,66,37247,19,84867
20628,0.002329,172.217.194.0-255,2902,40149,19,84867
20629,0.002337,172.31.36.0-255,66,40215,19,84867
20630,0.0031,172.217.194.0-255,2902,43117,19,84867
20631,0.003103,172.31.36.0-255,66,43183,19,84867
20632,0.004629,172.217.194.0-255,2902,46085,19,84867
20633,0.004633,172.31.36.0-255,66,46151,19,84867
20634,0.005425,172.217.194.0-255,2902,49053,19,84867
20635,0.005431,172.31.36.0-255,66,49119,19,84867
20636,0.006928,172.217.194.0-255,2902,52021,19,84867
20637,0.006936,172.31.36.0-255,66,52087,19,84867
20638,0.007729,172.217.194.0-255,2902,54989,19,84867
20639,0.007736,172.31.36.0-255,66,55055,19,84867
20640,0.009242,172.217.194.0-255,2902,57957,19,84867
20641,0.00925,172.31.36.0-255,66,58023,19,84867
20642,0.010052,172.217.194.0-255,2902,60925,19,84867
20643,0.010059,172.31.36.0-255,66,60991,19,84867
20644,0.011544,172.217.194.0-255,2902,63893,19,84867
20645,0.011552,172.31.36.0-255,66,63959,19,84867
20646,0.012372,172.217.194.0-255,1484,65443,19,84867
20647,0.012379,172.31.36.0-255,66,65509,19,84867
20648,0.012408,172.217.194.0-255,1484,66993,19,84867
20649,0.01241,172.31.36.0-255,66,67059,19,84867
20650,0.013851,172.217.194.0-255,2902,69961,19,84867
20651,0.013858,172.31.36.0-255,66,70027,19,84867
20652,0.0147,172.217.194.0-255,2902,72929,19,84867
20653,0.014708,172.31.36.0-255,66,72995,19,84867
20654,0.016156,172.217.194.0-255,2902,75897,19,84867
20655,0.016164,172.31.36.0-255,66,75963,19,84867
20656,0.016994,172.217.194.0-255,2902,78865,19,84867
20657,0.017001,172.31.36.0-255,66,78931,19,84867
20658,0.01844,172.217.194.0-255,2902,81833,19,84867
20659,0.018448,172.31.36.0-255,66,81899,19,84867
20660,0.019299,172.217.194.0-255,2902,84801,19,84867
20661,0.019306,172.31.36.0-255,66,84867,19,84867
20662,0.0,74.125.24.0-255,152,152,19,220461
20663,1.4e-05,172.31.36.0-255,66,218,19,220461
20664,2.1e-05,74.125.24.0-255,1484,1702,19,220461
20665,2.6e-05,172.31.36.0-255,66,1768,19,220461
20666,3.1e-05,74.125.24.0-255,2902,4670,19,220461
20667,3.5e-05,172.31.36.0-255,66,4736,19,220461
20668,4.3e-05,74.125.24.0-255,7156,11892,19,220461
20669,4.7e-05,172.31.36.0-255,66,11958,19,220461
20670,5.2e-05,74.125.24.0-255,3435,15393,19,220461
20671,5.5e-05,172.31.36.0-255,66,15459,19,220461
20672,5.9e-05,74.125.24.0-255,1484,16943,19,220461
20673,6.2e-05,172.31.36.0-255,66,17009,19,220461
20674,0.000104,172.31.36.0-255,66,17075,19,220461
20675,0.000108,74.125.24.0-255,2543,19618,19,220461
20676,0.00011,172.31.36.0-255,66,19684,19,220461
20677,0.000149,74.125.24.0-255,1484,21168,19,220461
20678,0.000152,172.31.36.0-255,66,21234,19,220461
20679,0.000172,74.125.24.0-255,2902,24136,19,220461
20680,0.000175,172.31.36.0-255,66,24202,19,220461
20681,0.000182,74.125.24.0-255,5738,29940,19,220461
20682,0.000184,172.31.36.0-255,66,30006,19,220461
20683,0.00021,172.31.36.0-255,66,30072,19,220461
20684,0.000215,74.125.24.0-255,2902,32974,19,220461
20685,0.000217,172.31.36.0-255,66,33040,19,220461
20686,0.000241,74.125.24.0-255,8574,41614,19,220461
20687,0.000244,172.31.36.0-255,66,41680,19,220461
20688,0.000247,74.125.24.0-255,1420,43100,19,220461
20689,0.000249,172.31.36.0-255,66,43166,19,220461
20690,0.000296,74.125.24.0-255,129,43295,19,220461
20691,0.000299,172.31.36.0-255,66,43361,19,220461
20692,0.000328,74.125.24.0-255,352,43713,19,220461
20693,0.000703,74.125.24.0-255,1484,45197,19,220461
20694,0.000709,172.31.36.0-255,66,45263,19,220461
20695,0.000715,74.125.24.0-255,2902,48165,19,220461
20696,0.000717,172.31.36.0-255,66,48231,19,220461
20697,0.000724,74.125.24.0-255,5738,53969,19,220461
20698,0.000726,172.31.36.0-255,66,54035,19,220461
20699,0.000742,74.125.24.0-255,2902,56937,19,220461
20700,0.000744,172.31.36.0-255,66,57003,19,220461
20701,0.000763,74.125.24.0-255,9992,66995,19,220461
20702,0.000766,172.31.36.0-255,66,67061,19,220461
20703,0.000774,74.125.24.0-255,8574,75635,19,220461
20704,0.000776,172.31.36.0-255,66,75701,19,220461
20705,0.000804,74.125.24.0-255,2184,77885,19,220461
20706,0.000806,172.31.36.0-255,66,77951,19,220461
20707,0.000877,74.125.24.0-255,1484,79435,19,220461
20708,0.000898,74.125.24.0-255,2902,82337,19,220461
20709,0.000901,172.31.36.0-255,66,82403,19,220461
20710,0.000907,74.125.24.0-255,4320,86723,19,220461
20711,0.000909,172.31.36.0-255,66,86789,19,220461
20712,0.00094,74.125.24.0-255,8574,95363,19,220461
20713,0.000943,172.31.36.0-255,66,95429,19,220461
20714,0.000957,74.125.24.0-255,4320,99749,19,220461
20715,0.00096,172.31.36.0-255,66,99815,19,220461
20716,0.000994,172.31.36.0-255,66,99881,19,220461
20717,0.001456,74.125.24.0-255,1484,101365,19,220461
20718,0.001462,74.125.24.0-255,2902,104267,19,220461
20719,0.001466,172.31.36.0-255,66,104333,19,220461
20720,0.001488,74.125.24.0-255,5738,110071,19,220461
20721,0.00149,172.31.36.0-255,66,110137,19,220461
20722,0.001496,74.125.24.0-255,4320,114457,19,220461
20723,0.001498,172.31.36.0-255,66,114523,19,220461
20724,0.001518,74.125.24.0-255,8574,123097,19,220461
20725,0.001521,172.31.36.0-255,66,123163,19,220461
20726,0.001529,74.125.24.0-255,8574,131737,19,220461
20727,0.001531,172.31.36.0-255,66,131803,19,220461
20728,0.001567,74.125.24.0-255,2184,133987,19,220461
20729,0.00157,172.31.36.0-255,66,134053,19,220461
20730,0.00161,74.125.24.0-255,1484,135537,19,220461
20731,0.001615,74.125.24.0-255,2902,138439,19,220461
20732,0.001617,172.31.36.0-255,66,138505,19,220461
20733,0.001639,74.125.24.0-255,5738,144243,19,220461
20734,0.001642,172.31.36.0-255,66,144309,19,220461
20735,0.001664,74.125.24.0-255,8574,152883,19,220461
20736,0.001667,172.31.36.0-255,66,152949,19,220461
20737,0.001687,74.125.24.0-255,4320,157269,19,220461
20738,0.001689,172.31.36.0-255,66,157335,19,220461
20739,0.001712,74.125.24.0-255,2902,160237,19,220461
20740,0.001716,172.31.36.0-255,66,160303,19,220461
20741,0.001742,74.125.24.0-255,7856,168159,19,220461
20742,0.001745,172.31.36.0-255,66,168225,19,220461
20743,0.003743,74.125.24.0-255,5738,173963,19,220461
20744,0.00375,172.31.36.0-255,66,174029,19,220461
20745,0.005751,74.125.24.0-255,5738,179767,19,220461
20746,0.005758,172.31.36.0-255,66,179833,19,220461
20747,0.007712,74.125.24.0-255,5738,185571,19,220461
20748,0.007717,172.31.36.0-255,66,185637,19,220461
20749,0.009708,74.125.24.0-255,5738,191375,19,220461
20750,0.009715,172.31.36.0-255,66,191441,19,220461
20751,0.011705,74.125.24.0-255,5738,197179,19,220461
20752,0.011713,172.31.36.0-255,66,197245,19,220461
20753,0.013705,74.125.24.0-255,5738,202983,19,220461
20754,0.013713,172.31.36.0-255,66,203049,19,220461
20755,0.015673,74.125.24.0-255,5738,208787,19,220461
20756,0.015681,172.31.36.0-255,66,208853,19,220461
20757,0.017672,74.125.24.0-255,5738,214591,19,220461
20758,0.017678,172.31.36.0-255,66,214657,19,220461
20759,0.019685,74.125.24.0-255,5738,220395,19,220461
20760,0.019695,172.31.36.0-255,66,220461,19,220461
20761,0.0,172.217.194.0-255,153,153,19,246365
20762,2.1e-05,172.31.36.0-255,66,219,19,246365
20763,2.8e-05,172.217.194.0-255,1484,1703,19,246365
20764,3.2e-05,172.31.36.0-255,66,1769,19,246365
20765,3.8e-05,172.217.194.0-255,2902,4671,19,246365
20766,4.1e-05,172.31.36.0-255,66,4737,19,246365
20767,4.8e-05,172.217.194.0-255,7156,11893,19,246365
20768,5.1e-05,172.31.36.0-255,66,11959,19,246365
20769,6.6e-05,172.31.36.0-255,66,12025,19,246365
20770,0.000104,172.217.194.0-255,5379,17404,19,246365
20771,0.000107,172.31.36.0-255,66,17470,19,246365
20772,0.000123,172.217.194.0-255,5738,23208,19,246365
20773,0.000125,172.31.36.0-255,66,23274,19,246365
20774,0.00016,172.31.36.0-255,66,23340,19,246365
20775,0.000167,172.217.194.0-255,5738,29078,19,246365
20776,0.000169,172.31.36.0-255,66,29144,19,246365
20777,0.000189,172.217.194.0-255,4320,33464,19,246365
20778,0.000191,172.31.36.0-255,66,33530,19,246365
20779,0.000238,172.217.194.0-255,5331,38861,19,246365
20780,0.000242,172.31.36.0-255,66,38927,19,246365
20781,0.000245,172.217.194.0-255,98,39025,19,246365
20782,0.000247,172.31.36.0-255,66,39091,19,246365
20783,0.000326,172.217.194.0-255,1484,40575,19,246365
20784,0.00033,172.31.36.0-255,66,40641,19,246365
20785,0.000335,172.217.194.0-255,2902,43543,19,246365
20786,0.000337,172.31.36.0-255,66,43609,19,246365
20787,0.000355,172.217.194.0-255,4320,47929,19,246365
20788,0.000358,172.31.36.0-255,66,47995,19,246365
20789,0.00038,172.217.194.0-255,1484,49479,19,246365
20790,0.000382,172.31.36.0-255,66,49545,19,246365
20791,0.00039,172.217.194.0-255,7156,56701,19,246365
20792,0.000393,172.31.36.0-255,66,56767,19,246365
20793,0.000401,172.217.194.0-255,7156,63923,19,246365
20794,0.000403,172.31.36.0-255,66,63989,19,246365
20795,0.000422,172.217.194.0-255,7156,71145,19,246365
20796,0.000425,172.31.36.0-255,66,71211,19,246365
20797,0.000431,172.217.194.0-255,1903,73114,19,246365
20798,0.000433,172.31.36.0-255,66,73180,19,246365
20799,0.000566,172.217.194.0-255,1484,74664,19,246365
20800,0.000573,172.217.194.0-255,2902,77566,19,246365
20801,0.000576,172.31.36.0-255,66,77632,19,246365
20802,0.000602,172.217.194.0-255,5738,83370,19,246365
20803,0.000606,172.31.36.0-255,66,83436,19,246365
20804,0.000619,172.31.36.0-255,66,83502,19,246365
20805,0.000642,172.217.194.0-255,1484,84986,19,246365
20806,0.000653,172.217.194.0-255,10692,95678,19,246365
20807,0.000655,172.31.36.0-255,66,95744,19,246365
20808,0.000849,172.217.194.0-255,1484,97228,19,246365
20809,0.000854,172.217.194.0-255,1484,98712,19,246365
20810,0.000858,172.31.36.0-255,66,98778,19,246365
20811,0.000876,172.217.194.0-255,1484,100262,19,246365
20812,0.000884,172.217.194.0-255,5738,106000,19,246365
20813,0.000886,172.31.36.0-255,66,106066,19,246365
20814,0.000892,172.217.194.0-255,5738,111804,19,246365
20815,0.000895,172.31.36.0-255,66,111870,19,246365
20816,0.000918,172.217.194.0-255,4320,116190,19,246365
20817,0.000921,172.31.36.0-255,66,116256,19,246365
20818,0.000949,172.217.194.0-255,8574,124830,19,246365
20819,0.000952,172.31.36.0-255,66,124896,19,246365
20820,0.000958,172.217.194.0-255,5020,129916,19,246365
20821,0.000961,172.31.36.0-255,66,129982,19,246365
20822,0.000993,172.217.194.0-255,2902,132884,19,246365
20823,0.000996,172.31.36.0-255,66,132950,19,246365
20824,0.001002,172.217.194.0-255,4320,137270,19,246365
20825,0.001004,172.31.36.0-255,66,137336,19,246365
20826,0.001028,172.217.194.0-255,8574,145910,19,246365
20827,0.001031,172.31.36.0-255,66,145976,19,246365
20828,0.001053,172.217.194.0-255,7156,153132,19,246365
20829,0.001056,172.31.36.0-255,66,153198,19,246365
20830,0.001079,172.217.194.0-255,4320,157518,19,246365
20831,0.001081,172.31.36.0-255,66,157584,19,246365
20832,0.001127,172.31.36.0-255,66,157650,19,246365
20833,0.001151,172.217.194.0-255,7856,165506,19,246365
20834,0.001154,172.31.36.0-255,66,165572,19,246365
20835,0.001158,172.217.194.0-255,2543,168115,19,246365
20836,0.00116,172.31.36.0-255,66,168181,19,246365
20837,0.001336,172.217.194.0-255,1484,169665,19,246365
20838,0.001341,172.217.194.0-255,2902,172567,19,246365
20839,0.001352,172.31.36.0-255,66,172633,19,246365
20840,0.00136,172.217.194.0-255,5738,178371,19,246365
20841,0.001362,172.31.36.0-255,66,178437,19,246365
20842,0.001367,172.217.194.0-255,2902,181339,19,246365
20843,0.001368,172.31.36.0-255,66,181405,19,246365
20844,0.001389,172.217.194.0-255,1484,182889,19,246365
20845,0.001395,172.217.194.0-255,5738,188627,19,246365
20846,0.001398,172.31.36.0-255,66,188693,19,246365
20847,0.001437,172.217.194.0-255,5738,194431,19,246365
20848,0.001439,172.31.36.0-255,66,194497,19,246365
20849,0.001459,172.217.194.0-255,5738,200235,19,246365
20850,0.001462,172.31.36.0-255,66,200301,19,246365
20851,0.001467,172.217.194.0-255,2184,202485,19,246365
20852,0.001469,172.31.36.0-255,66,202551,19,246365
20853,0.001709,172.217.194.0-255,1484,204035,19,246365
20854,0.001715,172.217.194.0-255,2902,206937,19,246365
20855,0.001719,172.31.36.0-255,66,207003,19,246365
20856,0.001726,172.217.194.0-255,5738,212741,19,246365
20857,0.001728,172.31.36.0-255,66,212807,19,246365
20858,0.001742,172.31.36.0-255,66,212873,19,246365
20859,0.001768,172.217.194.0-255,8574,221447,19,246365
20860,0.001771,172.31.36.0-255,66,221513,19,246365
20861,0.001792,172.217.194.0-255,2184,223697,19,246365
20862,0.001795,172.31.36.0-255,66,223763,19,246365
20863,0.001808,172.31.36.0-255,66,223829,19,246365
20864,0.001815,172.217.194.0-255,5738,229567,19,246365
20865,0.001817,172.31.36.0-255,66,229633,19,246365
20866,0.001841,172.217.194.0-255,4320,233953,19,246365
20867,0.001843,172.31.36.0-255,66,234019,19,246365
20868,0.001885,172.31.36.0-255,66,234085,19,246365
20869,0.001888,172.217.194.0-255,1484,235569,19,246365
20870,0.001946,172.217.194.0-255,7156,242725,19,246365
20871,0.00195,172.31.36.0-255,66,242791,19,246365
20872,0.001985,172.31.36.0-255,66,242857,19,246365
20873,0.002004,172.31.36.0-255,66,242923,19,246365
20874,0.002035,172.217.194.0-255,2902,245825,19,246365
20875,0.002038,172.31.36.0-255,66,245891,19,246365
20876,0.002054,172.31.36.0-255,66,245957,19,246365
20877,0.002068,172.31.36.0-255,66,246023,19,246365
20878,0.002072,172.217.194.0-255,105,246128,19,246365
20879,0.008724,172.31.36.0-255,66,246194,19,246365
20880,0.008766,172.31.36.0-255,105,246299,19,246365
20881,0.010937,172.217.194.0-255,66,246365,19,246365
20882,0.0,172.217.194.0-255,143,143,19,292786
20883,1.2e-05,172.31.36.0-255,66,209,19,292786
20884,4e-05,172.217.194.0-255,1484,1693,19,292786
20885,4.4e-05,172.31.36.0-255,66,1759,19,292786
20886,5.2e-05,172.217.194.0-255,2902,4661,19,292786
20887,5.5e-05,172.31.36.0-255,66,4727,19,292786
20888,6.4e-05,172.217.194.0-255,7156,11883,19,292786
20889,6.7e-05,172.31.36.0-255,66,11949,19,292786
20890,9.5e-05,172.217.194.0-255,2077,14026,19,292786
20891,9.7e-05,172.31.36.0-255,66,14092,19,292786
20892,0.000129,172.217.194.0-255,2902,16994,19,292786
20893,0.000132,172.31.36.0-255,66,17060,19,292786
20894,0.000138,172.217.194.0-255,5738,22798,19,292786
20895,0.000141,172.31.36.0-255,66,22864,19,292786
20896,0.000165,172.217.194.0-255,1484,24348,19,292786
20897,0.000167,172.31.36.0-255,66,24414,19,292786
20898,0.000171,172.217.194.0-255,1484,25898,19,292786
20899,0.000173,172.31.36.0-255,66,25964,19,292786
20900,0.000177,172.217.194.0-255,1484,27448,19,292786
20901,0.000179,172.31.36.0-255,66,27514,19,292786
20902,0.000193,172.217.194.0-255,3961,31475,19,292786
20903,0.000201,172.31.36.0-255,66,31541,19,292786
20904,0.000227,172.217.194.0-255,5738,37279,19,292786
20905,0.00023,172.31.36.0-255,66,37345,19,292786
20906,0.00026,172.217.194.0-255,7156,44501,19,292786
20907,0.000263,172.31.36.0-255,66,44567,19,292786
20908,0.000293,172.217.194.0-255,8574,53141,19,292786
20909,0.000295,172.31.36.0-255,66,53207,19,292786
20910,0.000325,172.217.194.0-255,6797,60004,19,292786
20911,0.000328,172.31.36.0-255,66,60070,19,292786
20912,0.000331,172.217.194.0-255,1484,61554,19,292786
20913,0.000333,172.31.36.0-255,66,61620,19,292786
20914,0.000361,172.217.194.0-255,4258,65878,19,292786
20915,0.000363,172.31.36.0-255,66,65944,19,292786
20916,0.000366,172.217.194.0-255,380,66324,19,292786
20917,0.000701,172.217.194.0-255,1484,67808,19,292786
20918,0.000708,172.31.36.0-255,66,67874,19,292786
20919,0.000713,172.217.194.0-255,2902,70776,19,292786
20920,0.000716,172.31.36.0-255,66,70842,19,292786
20921,0.000727,172.217.194.0-255,5738,76580,19,292786
20922,0.00073,172.31.36.0-255,66,76646,19,292786
20923,0.000734,172.217.194.0-255,1484,78130,19,292786
20924,0.00078,172.31.36.0-255,66,78196,19,292786
20925,0.000824,172.217.194.0-255,10692,88888,19,292786
20926,0.000828,172.31.36.0-255,66,88954,19,292786
20927,0.000851,172.217.194.0-255,1484,90438,19,292786
20928,0.000872,172.217.194.0-255,2902,93340,19,292786
20929,0.000875,172.31.36.0-255,66,93406,19,292786
20930,0.000883,172.217.194.0-255,5738,99144,19,292786
20931,0.000886,172.31.36.0-255,66,99210,19,292786
20932,0.000916,172.217.194.0-255,8574,107784,19,292786
20933,0.000919,172.31.36.0-255,66,107850,19,292786
20934,0.000981,172.31.36.0-255,66,107916,19,292786
20935,0.000999,172.31.36.0-255,66,107982,19,292786
20936,0.001029,172.217.194.0-255,4320,112302,19,292786
20937,0.001032,172.31.36.0-255,66,112368,19,292786
20938,0.001059,172.31.36.0-255,66,112434,19,292786
20939,0.001064,172.217.194.0-255,3602,116036,19,292786
20940,0.001067,172.31.36.0-255,66,116102,19,292786
20941,0.001126,172.217.194.0-255,1484,117586,19,292786
20942,0.001131,172.217.194.0-255,2902,120488,19,292786
20943,0.001134,172.31.36.0-255,66,120554,19,292786
20944,0.001138,172.217.194.0-255,1484,122038,19,292786
20945,0.001163,172.217.194.0-255,4320,126358,19,292786
20946,0.00117,172.217.194.0-255,7156,133514,19,292786
20947,0.001175,172.31.36.0-255,66,133580,19,292786
20948,0.001178,172.31.36.0-255,66,133646,19,292786
20949,0.001211,172.217.194.0-255,2902,136548,19,292786
20950,0.001214,172.31.36.0-255,66,136614,19,292786
20951,0.00122,172.217.194.0-255,2902,139516,19,292786
20952,0.001222,172.31.36.0-255,66,139582,19,292786
20953,0.001265,172.217.194.0-255,10692,150274,19,292786
20954,0.001268,172.31.36.0-255,66,150340,19,292786
20955,0.001319,172.217.194.0-255,1484,151824,19,292786
20956,0.001325,172.217.194.0-255,2902,154726,19,292786
20957,0.001327,172.31.36.0-255,66,154792,19,292786
20958,0.001331,172.217.194.0-255,1484,156276,19,292786
20959,0.001358,172.217.194.0-255,4320,160596,19,292786
20960,0.001361,172.31.36.0-255,66,160662,19,292786
20961,0.001367,172.217.194.0-255,5738,166400,19,292786
20962,0.00137,172.31.36.0-255,66,166466,19,292786
20963,0.001389,172.31.36.0-255,66,166532,19,292786
20964,0.00142,172.217.194.0-255,5020,171552,19,292786
20965,0.001423,172.31.36.0-255,66,171618,19,292786
20966,0.001737,172.217.194.0-255,1484,173102,19,292786
20967,0.001754,172.217.194.0-255,2902,176004,19,292786
20968,0.001759,172.31.36.0-255,66,176070,19,292786
20969,0.001788,172.217.194.0-255,4320,180390,19,292786
20970,0.001792,172.31.36.0-255,66,180456,19,292786
20971,0.001798,172.217.194.0-255,5738,186194,19,292786
20972,0.0018,172.31.36.0-255,66,186260,19,292786
20973,0.001825,172.217.194.0-255,2902,189162,19,292786
20974,0.001827,172.31.36.0-255,66,189228,19,292786
20975,0.001834,172.217.194.0-255,5738,194966,19,292786
20976,0.001836,172.31.36.0-255,66,195032,19,292786
20977,0.001863,172.217.194.0-255,2902,197934,19,292786
20978,0.001866,172.31.36.0-255,66,198000,19,292786
20979,0.001891,172.217.194.0-255,7856,205856,19,292786
20980,0.001894,172.31.36.0-255,66,205922,19,292786
20981,0.001936,172.217.194.0-255,1484,207406,19,292786
20982,0.001942,172.217.194.0-255,2902,210308,19,292786
20983,0.001944,172.31.36.0-255,66,210374,19,292786
20984,0.001948,172.217.194.0-255,1484,211858,19,292786
20985,0.001974,172.217.194.0-255,4320,216178,19,292786
20986,0.001977,172.31.36.0-255,66,216244,19,292786
20987,0.00198,172.217.194.0-255,1484,217728,19,292786
20988,0.001988,172.217.194.0-255,8574,226302,19,292786
20989,0.00199,172.31.36.0-255,66,226368,19,292786
20990,0.002018,172.217.194.0-255,4320,230688,19,292786
20991,0.002021,172.31.36.0-255,66,230754,19,292786
20992,0.002046,172.217.194.0-255,9274,240028,19,292786
20993,0.002049,172.31.36.0-255,66,240094,19,292786
20994,0.00211,172.217.194.0-255,1484,241578,19,292786
20995,0.002115,172.217.194.0-255,2902,244480,19,292786
20996,0.002117,172.31.36.0-255,66,244546,19,292786
20997,0.002124,172.217.194.0-255,5738,250284,19,292786
20998,0.002126,172.31.36.0-255,66,250350,19,292786
20999,0.002139,172.31.36.0-255,66,250416,19,292786
21000,0.002182,172.217.194.0-255,9992,260408,19,292786
21001,0.002185,172.31.36.0-255,66,260474,19,292786
21002,0.002206,172.217.194.0-255,7856,268330,19,292786
21003,0.002209,172.31.36.0-255,66,268396,19,292786
21004,0.002228,172.31.36.0-255,66,268462,19,292786
21005,0.002235,172.217.194.0-255,7856,276318,19,292786
21006,0.00227,172.217.194.0-255,7156,283474,19,292786
21007,0.00232,172.217.194.0-255,2902,286376,19,292786
21008,0.002326,172.217.194.0-255,5020,291396,19,292786
21009,0.002329,172.217.194.0-255,429,291825,19,292786
21010,0.005069,172.31.36.0-255,66,291891,19,292786
21011,0.007334,172.217.194.0-255,199,292090,19,292786
21012,0.008024,172.31.36.0-255,105,292195,19,292786
21013,0.00806,172.31.36.0-255,105,292300,19,292786
21014,0.008329,172.31.36.0-255,90,292390,19,292786
21015,0.00834,172.31.36.0-255,66,292456,19,292786
21016,0.010292,172.217.194.0-255,66,292522,19,292786
21017,0.010301,172.217.194.0-255,66,292588,19,292786
21018,0.010566,172.217.194.0-255,66,292654,19,292786
21019,0.010604,172.217.194.0-255,66,292720,19,292786
21020,0.010611,172.31.36.0-255,66,292786,19,292786
21021,0.0,74.125.200.0-255,152,152,19,399147
21022,3.4e-05,172.31.36.0-255,66,218,19,399147
21023,4.1e-05,74.125.200.0-255,1484,1702,19,399147
21024,4.6e-05,172.31.36.0-255,66,1768,19,399147
21025,5.1e-05,74.125.200.0-255,2902,4670,19,399147
21026,6.1e-05,172.31.36.0-255,66,4736,19,399147
21027,6.8e-05,74.125.200.0-255,4320,9056,19,399147
21028,7e-05,172.31.36.0-255,66,9122,19,399147
21029,9.6e-05,74.125.200.0-255,1484,10606,19,399147
21030,0.000103,172.31.36.0-255,66,10672,19,399147
21031,0.000113,74.125.200.0-255,6273,16945,19,399147
21032,0.000115,172.31.36.0-255,66,17011,19,399147
21033,0.000118,74.125.200.0-255,1484,18495,19,399147
21034,0.00012,172.31.36.0-255,66,18561,19,399147
21035,0.000145,74.125.200.0-255,1484,20045,19,399147
21036,0.000153,172.31.36.0-255,66,20111,19,399147
21037,0.000158,74.125.200.0-255,4320,24431,19,399147
21038,0.000161,172.31.36.0-255,66,24497,19,399147
21039,0.000164,74.125.200.0-255,1484,25981,19,399147
21040,0.000166,172.31.36.0-255,66,26047,19,399147
21041,0.000199,74.125.200.0-255,5379,31426,19,399147
21042,0.000203,172.31.36.0-255,66,31492,19,399147
21043,0.000311,74.125.200.0-255,1484,32976,19,399147
21044,0.000316,172.31.36.0-255,66,33042,19,399147
21045,0.00032,74.125.200.0-255,1484,34526,19,399147
21046,0.000321,172.31.36.0-255,66,34592,19,399147
21047,0.000345,74.125.200.0-255,2902,37494,19,399147
21048,0.000354,172.31.36.0-255,66,37560,19,399147
21049,0.000359,74.125.200.0-255,4320,41880,19,399147
21050,0.000363,172.31.36.0-255,66,41946,19,399147
21051,0.000394,74.125.200.0-255,1484,43430,19,399147
21052,0.000397,172.31.36.0-255,66,43496,19,399147
21053,0.000403,74.125.200.0-255,4320,47816,19,399147
21054,0.000406,172.31.36.0-255,66,47882,19,399147
21055,0.000419,74.125.200.0-255,5379,53261,19,399147
21056,0.000423,74.125.200.0-255,2902,56163,19,399147
21057,0.000424,172.31.36.0-255,66,56229,19,399147
21058,0.000428,172.31.36.0-255,66,56295,19,399147
21059,0.000463,74.125.200.0-255,7156,63451,19,399147
21060,0.000472,172.31.36.0-255,66,63517,19,399147
21061,0.000477,74.125.200.0-255,2899,66416,19,399147
21062,0.00048,172.31.36.0-255,66,66482,19,399147
21063,0.000505,74.125.200.0-255,330,66812,19,399147
21064,0.000617,74.125.200.0-255,1484,68296,19,399147
21065,0.000621,172.31.36.0-255,66,68362,19,399147
21066,0.000627,74.125.200.0-255,2902,71264,19,399147
21067,0.000629,172.31.36.0-255,66,71330,19,399147
21068,0.000632,74.125.200.0-255,1484,72814,19,399147
21069,0.000661,74.125.200.0-255,2902,75716,19,399147
21070,0.000665,172.31.36.0-255,66,75782,19,399147
21071,0.0007,74.125.200.0-255,5738,81520,19,399147
21072,0.000703,172.31.36.0-255,66,81586,19,399147
21073,0.000733,74.125.200.0-255,2902,84488,19,399147
21074,0.000736,172.31.36.0-255,66,84554,19,399147
21075,0.000743,74.125.200.0-255,7156,91710,19,399147
21076,0.000745,172.31.36.0-255,66,91776,19,399147
21077,0.000759,74.125.200.0-255,8574,100350,19,399147
21078,0.000762,172.31.36.0-255,66,100416,19,399147
21079,0.000765,74.125.200.0-255,766,101182,19,399147
21080,0.000936,74.125.200.0-255,1484,102666,19,399147
21081,0.000941,172.31.36.0-255,66,102732,19,399147
21082,0.000947,74.125.200.0-255,2902,105634,19,399147
21083,0.000949,172.31.36.0-255,66,105700,19,399147
21084,0.000953,74.125.200.0-255,2902,108602,19,399147
21085,0.000961,172.31.36.0-255,66,108668,19,399147
21086,0.000974,74.125.200.0-255,2902,111570,19,399147
21087,0.000978,74.125.200.0-255,2902,114472,19,399147
21088,0.000978,172.31.36.0-255,66,114538,19,399147
21089,0.000982,172.31.36.0-255,66,114604,19,399147
21090,0.001003,74.125.200.0-255,1484,116088,19,399147
21091,0.001015,74.125.200.0-255,5738,121826,19,399147
21092,0.001018,172.31.36.0-255,66,121892,19,399147
21093,0.001049,74.125.200.0-255,9992,131884,19,399147
21094,0.001052,172.31.36.0-255,66,131950,19,399147
21095,0.001079,74.125.200.0-255,3602,135552,19,399147
21096,0.001082,172.31.36.0-255,66,135618,19,399147
21097,0.001155,74.125.200.0-255,1484,137102,19,399147
21098,0.001168,74.125.200.0-255,2902,140004,19,399147
21099,0.001172,172.31.36.0-255,66,140070,19,399147
21100,0.001175,74.125.200.0-255,1484,141554,19,399147
21101,0.001199,74.125.200.0-255,2902,144456,19,399147
21102,0.001203,172.31.36.0-255,66,144522,19,399147
21103,0.001228,74.125.200.0-255,4320,148842,19,399147
21104,0.001232,172.31.36.0-255,66,148908,19,399147
21105,0.001262,74.125.200.0-255,1484,150392,19,399147
21106,0.001265,74.125.200.0-255,1484,151876,19,399147
21107,0.001268,172.31.36.0-255,66,151942,19,399147
21108,0.001272,74.125.200.0-255,2902,154844,19,399147
21109,0.001274,172.31.36.0-255,66,154910,19,399147
21110,0.001287,74.125.200.0-255,5738,160648,19,399147
21111,0.00129,172.31.36.0-255,66,160714,19,399147
21112,0.001295,74.125.200.0-255,5738,166452,19,399147
21113,0.001297,172.31.36.0-255,66,166518,19,399147
21114,0.001329,74.125.200.0-255,3602,170120,19,399147
21115,0.001332,172.31.36.0-255,66,170186,19,399147
21116,0.001378,74.125.200.0-255,1484,171670,19,399147
21117,0.001402,74.125.200.0-255,2902,174572,19,399147
21118,0.001405,172.31.36.0-255,66,174638,19,399147
21119,0.001409,74.125.200.0-255,1484,176122,19,399147
21120,0.001438,74.125.200.0-255,4320,180442,19,399147
21121,0.001441,172.31.36.0-255,66,180508,19,399147
21122,0.001469,172.31.36.0-255,66,180574,19,399147
21123,0.001473,74.125.200.0-255,2902,183476,19,399147
21124,0.001475,172.31.36.0-255,66,183542,19,399147
21125,0.001511,74.125.200.0-255,9274,192816,19,399147
21126,0.001515,172.31.36.0-255,66,192882,19,399147
21127,0.001518,74.125.200.0-255,1484,194366,19,399147
21128,0.001522,74.125.200.0-255,2902,197268,19,399147
21129,0.001523,172.31.36.0-255,66,197334,19,399147
21130,0.001529,74.125.200.0-255,5738,203072,19,399147
21131,0.001531,172.31.36.0-255,66,203138,19,399147
21132,0.001566,74.125.200.0-255,7156,210294,19,399147
21133,0.001569,172.31.36.0-255,66,210360,19,399147
21134,0.001575,74.125.200.0-255,7156,217516,19,399147
21135,0.001578,172.31.36.0-255,66,217582,19,399147
21136,0.001601,74.125.200.0-255,1484,219066,19,399147
21137,0.001609,74.125.200.0-255,7856,226922,19,399147
21138,0.001612,172.31.36.0-255,66,226988,19,399147
21139,0.001652,74.125.200.0-255,1484,228472,19,399147
21140,0.001665,74.125.200.0-255,2902,231374,19,399147
21141,0.001668,172.31.36.0-255,66,231440,19,399147
21142,0.001694,74.125.200.0-255,5738,237178,19,399147
21143,0.001697,172.31.36.0-255,66,237244,19,399147
21144,0.0017,74.125.200.0-255,1484,238728,19,399147
21145,0.001725,74.125.200.0-255,1484,240212,19,399147
21146,0.001728,172.31.36.0-255,66,240278,19,399147
21147,0.001752,74.125.200.0-255,1484,241762,19,399147
21148,0.001759,74.125.200.0-255,5738,247500,19,399147
21149,0.001762,172.31.36.0-255,66,247566,19,399147
21150,0.001768,74.125.200.0-255,4320,251886,19,399147
21151,0.00177,172.31.36.0-255,66,251952,19,399147
21152,0.001782,74.125.200.0-255,5738,257690,19,399147
21153,0.001785,172.31.36.0-255,66,257756,19,399147
21154,0.001849,74.125.200.0-255,3602,261358,19,399147
21155,0.001853,172.31.36.0-255,66,261424,19,399147
21156,0.001856,74.125.200.0-255,1484,262908,19,399147
21157,0.001884,74.125.200.0-255,2902,265810,19,399147
21158,0.001887,172.31.36.0-255,66,265876,19,399147
21159,0.001894,74.125.200.0-255,5738,271614,19,399147
21160,0.001896,172.31.36.0-255,66,271680,19,399147
21161,0.001906,74.125.200.0-255,2902,274582,19,399147
21162,0.00191,172.31.36.0-255,66,274648,19,399147
21163,0.001933,74.125.200.0-255,1484,276132,19,399147
21164,0.001958,74.125.200.0-255,8574,284706,19,399147
21165,0.001963,172.31.36.0-255,66,284772,19,399147
21166,0.001966,74.125.200.0-255,1484,286256,19,399147
21167,0.00197,74.125.200.0-255,2902,289158,19,399147
21168,0.001972,172.31.36.0-255,66,289224,19,399147
21169,0.001984,74.125.200.0-255,4320,293544,19,399147
21170,0.001987,172.31.36.0-255,66,293610,19,399147
21171,0.001998,74.125.200.0-255,1484,295094,19,399147
21172,0.002001,74.125.200.0-255,766,295860,19,399147
21173,0.002008,172.31.36.0-255,66,295926,19,399147
21174,0.002164,74.125.200.0-255,1484,297410,19,399147
21175,0.00217,74.125.200.0-255,2902,300312,19,399147
21176,0.002172,172.31.36.0-255,66,300378,19,399147
21177,0.002202,74.125.200.0-255,5738,306116,19,399147
21178,0.002205,172.31.36.0-255,66,306182,19,399147
21179,0.002245,74.125.200.0-255,4320,310502,19,399147
21180,0.002248,172.31.36.0-255,66,310568,19,399147
21181,0.002267,74.125.200.0-255,2902,313470,19,399147
21182,0.00227,172.31.36.0-255,66,313536,19,399147
21183,0.002275,74.125.200.0-255,4320,317856,19,399147
21184,0.002277,172.31.36.0-255,66,317922,19,399147
21185,0.00228,74.125.200.0-255,1484,319406,19,399147
21186,0.002312,74.125.200.0-255,4320,323726,19,399147
21187,0.002315,172.31.36.0-255,66,323792,19,399147
21188,0.002321,74.125.200.0-255,4320,328112,19,399147
21189,0.002323,172.31.36.0-255,66,328178,19,399147
21190,0.002326,74.125.200.0-255,1484,329662,19,399147
21191,0.002334,74.125.200.0-255,766,330428,19,399147
21192,0.002337,172.31.36.0-255,66,330494,19,399147
21193,0.002433,74.125.200.0-255,1484,331978,19,399147
21194,0.002455,74.125.200.0-255,2902,334880,19,399147
21195,0.002458,172.31.36.0-255,66,334946,19,399147
21196,0.002483,74.125.200.0-255,4320,339266,19,399147
21197,0.002486,172.31.36.0-255,66,339332,19,399147
21198,0.002513,74.125.200.0-255,2902,342234,19,399147
21199,0.002515,172.31.36.0-255,66,342300,19,399147
21200,0.002544,74.125.200.0-255,4320,346620,19,399147
21201,0.002547,172.31.36.0-255,66,346686,19,399147
21202,0.002555,74.125.200.0-255,8574,355260,19,399147
21203,0.002557,172.31.36.0-255,66,355326,19,399147
21204,0.002568,74.125.200.0-255,4320,359646,19,399147
21205,0.00257,172.31.36.0-255,66,359712,19,399147
21206,0.002573,74.125.200.0-255,1484,361196,19,399147
21207,0.002603,74.125.200.0-255,3602,364798,19,399147
21208,0.002607,172.31.36.0-255,66,364864,19,399147
21209,0.002637,74.125.200.0-255,4320,369184,19,399147
21210,0.00264,172.31.36.0-255,66,369250,19,399147
21211,0.002643,74.125.200.0-255,1484,370734,19,399147
21212,0.002645,74.125.200.0-255,1484,372218,19,399147
21213,0.002647,172.31.36.0-255,66,372284,19,399147
21214,0.002677,74.125.200.0-255,1484,373768,19,399147
21215,0.00268,74.125.200.0-255,1484,375252,19,399147
21216,0.002682,172.31.36.0-255,66,375318,19,399147
21217,0.002685,74.125.200.0-255,1484,376802,19,399147
21218,0.00271,74.125.200.0-255,4320,381122,19,399147
21219,0.002714,74.125.200.0-255,4320,385442,19,399147
21220,0.002714,172.31.36.0-255,66,385508,19,399147
21221,0.002717,74.125.200.0-255,1484,386992,19,399147
21222,0.002718,172.31.36.0-255,66,387058,19,399147
21223,0.002749,74.125.200.0-255,7156,394214,19,399147
21224,0.002752,172.31.36.0-255,66,394280,19,399147
21225,0.002757,74.125.200.0-255,2902,397182,19,399147
21226,0.002759,172.31.36.0-255,66,397248,19,399147
21227,0.002763,74.125.200.0-255,1491,398739,19,399147
21228,0.002765,172.31.36.0-255,66,398805,19,399147
21229,0.00282,74.125.200.0-255,105,398910,19,399147
21230,0.003653,172.31.36.0-255,66,398976,19,399147
21231,0.00368,172.31.36.0-255,105,399081,19,399147
21232,0.005894,74.125.200.0-255,66,399147,19,399147
21233,0.0,74.125.68.0-255,153,153,19,147702
21234,1.3e-05,172.31.36.0-255,66,219,19,147702
21235,1.9e-05,74.125.68.0-255,1484,1703,19,147702
21236,2.4e-05,172.31.36.0-255,66,1769,19,147702
21237,3e-05,74.125.68.0-255,2902,4671,19,147702
21238,3.4e-05,172.31.36.0-255,66,4737,19,147702
21239,3.7e-05,74.125.68.0-255,1484,6221,19,147702
21240,4e-05,172.31.36.0-255,66,6287,19,147702
21241,4.5e-05,74.125.68.0-255,2902,9189,19,147702
21242,4.8e-05,172.31.36.0-255,66,9255,19,147702
21243,5.1e-05,74.125.68.0-255,1484,10739,19,147702
21244,5.4e-05,172.31.36.0-255,66,10805,19,147702
21245,8.3e-05,74.125.68.0-255,3401,14206,19,147702
21246,8.6e-05,172.31.36.0-255,66,14272,19,147702
21247,0.000104,74.125.68.0-255,1484,15756,19,147702
21248,0.000106,172.31.36.0-255,66,15822,19,147702
21249,0.000119,74.125.68.0-255,2902,18724,19,147702
21250,0.000122,172.31.36.0-255,66,18790,19,147702
21251,0.000128,74.125.68.0-255,4320,23110,19,147702
21252,0.00013,172.31.36.0-255,66,23176,19,147702
21253,0.000148,74.125.68.0-255,1484,24660,19,147702
21254,0.00015,172.31.36.0-255,66,24726,19,147702
21255,0.000191,74.125.68.0-255,6797,31523,19,147702
21256,0.000196,172.31.36.0-255,66,31589,19,147702
21257,0.000801,74.125.68.0-255,1484,33073,19,147702
21258,0.000807,172.31.36.0-255,66,33139,19,147702
21259,0.000817,74.125.68.0-255,2902,36041,19,147702
21260,0.00082,172.31.36.0-255,66,36107,19,147702
21261,0.000849,74.125.68.0-255,4320,40427,19,147702
21262,0.000852,172.31.36.0-255,66,40493,19,147702
21263,0.000877,74.125.68.0-255,5738,46231,19,147702
21264,0.00088,172.31.36.0-255,66,46297,19,147702
21265,0.000917,74.125.68.0-255,6797,53094,19,147702
21266,0.00092,172.31.36.0-255,66,53160,19,147702
21267,0.000945,74.125.68.0-255,4320,57480,19,147702
21268,0.000948,172.31.36.0-255,66,57546,19,147702
21269,0.000971,74.125.68.0-255,2902,60448,19,147702
21270,0.000974,172.31.36.0-255,66,60514,19,147702
21271,0.00098,74.125.68.0-255,4320,64834,19,147702
21272,0.000982,172.31.36.0-255,66,64900,19,147702
21273,0.001005,74.125.68.0-255,1125,66025,19,147702
21274,0.001482,74.125.68.0-255,365,66390,19,147702
21275,0.001793,74.125.68.0-255,378,66768,19,147702
21276,0.001799,172.31.36.0-255,66,66834,19,147702
21277,0.001833,74.125.68.0-255,1484,68318,19,147702
21278,0.001851,74.125.68.0-255,4320,72638,19,147702
21279,0.001854,172.31.36.0-255,66,72704,19,147702
21280,0.001878,74.125.68.0-255,5738,78442,19,147702
21281,0.001881,172.31.36.0-255,66,78508,19,147702
21282,0.001908,74.125.68.0-255,7156,85664,19,147702
21283,0.001911,172.31.36.0-255,66,85730,19,147702
21284,0.001925,74.125.68.0-255,2902,88632,19,147702
21285,0.001927,172.31.36.0-255,66,88698,19,147702
21286,0.001953,74.125.68.0-255,9992,98690,19,147702
21287,0.001956,172.31.36.0-255,66,98756,19,147702
21288,0.001974,74.125.68.0-255,2184,100940,19,147702
21289,0.001977,172.31.36.0-255,66,101006,19,147702
21290,0.003983,74.125.68.0-255,2902,103908,19,147702
21291,0.003987,172.31.36.0-255,66,103974,19,147702
21292,0.004009,74.125.68.0-255,2902,106876,19,147702
21293,0.004012,172.31.36.0-255,66,106942,19,147702
21294,0.00598,74.125.68.0-255,2902,109844,19,147702
21295,0.005987,172.31.36.0-255,66,109910,19,147702
21296,0.006005,74.125.68.0-255,2902,112812,19,147702
21297,0.006007,172.31.36.0-255,66,112878,19,147702
21298,0.007993,74.125.68.0-255,5738,118616,19,147702
21299,0.008001,172.31.36.0-255,66,118682,19,147702
21300,0.01,74.125.68.0-255,5738,124420,19,147702
21301,0.010008,172.31.36.0-255,66,124486,19,147702
21302,0.012018,74.125.68.0-255,5738,130224,19,147702
21303,0.012025,172.31.36.0-255,66,130290,19,147702
21304,0.014052,74.125.68.0-255,5738,136028,19,147702
21305,0.01406,172.31.36.0-255,66,136094,19,147702
21306,0.016091,74.125.68.0-255,5738,141832,19,147702
21307,0.0161,172.31.36.0-255,66,141898,19,147702
21308,0.018106,74.125.68.0-255,5738,147636,19,147702
21309,0.018117,172.31.36.0-255,66,147702,19,147702
21310,0.0,74.125.130.0-255,143,143,19,216265
21311,2.8e-05,172.31.36.0-255,66,209,19,216265
21312,4.9e-05,74.125.130.0-255,1484,1693,19,216265
21313,5.3e-05,172.31.36.0-255,66,1759,19,216265
21314,6.8e-05,74.125.130.0-255,2902,4661,19,216265
21315,7.1e-05,172.31.36.0-255,66,4727,19,216265
21316,7.5e-05,74.125.130.0-255,1484,6211,19,216265
21317,7.7e-05,172.31.36.0-255,66,6277,19,216265
21318,9.8e-05,74.125.130.0-255,4320,10597,19,216265
21319,0.000101,172.31.36.0-255,66,10663,19,216265
21320,0.000106,74.125.130.0-255,3464,14127,19,216265
21321,0.000108,172.31.36.0-255,66,14193,19,216265
21322,0.000112,74.125.130.0-255,4320,18513,19,216265
21323,0.000115,172.31.36.0-255,66,18579,19,216265
21324,0.000136,74.125.130.0-255,1484,20063,19,216265
21325,0.000139,172.31.36.0-255,66,20129,19,216265
21326,0.000166,74.125.130.0-255,8574,28703,19,216265
21327,0.00017,172.31.36.0-255,66,28769,19,216265
21328,0.000174,74.125.130.0-255,2543,31312,19,216265
21329,0.000177,172.31.36.0-255,66,31378,19,216265
21330,0.000328,74.125.130.0-255,1484,32862,19,216265
21331,0.000334,172.31.36.0-255,66,32928,19,216265
21332,0.000352,74.125.130.0-255,1484,34412,19,216265
21333,0.000355,172.31.36.0-255,66,34478,19,216265
21334,0.000371,74.125.130.0-255,1484,35962,19,216265
21335,0.000376,172.31.36.0-255,66,36028,19,216265
21336,0.000382,74.125.130.0-255,1484,37512,19,216265
21337,0.000384,172.31.36.0-255,66,37578,19,216265
21338,0.000409,74.125.130.0-255,4320,41898,19,216265
21339,0.000413,172.31.36.0-255,66,41964,19,216265
21340,0.000423,74.125.130.0-255,1484,43448,19,216265
21341,0.000426,172.31.36.0-255,66,43514,19,216265
21342,0.000445,74.125.130.0-255,4320,47834,19,216265
21343,0.000448,172.31.36.0-255,66,47900,19,216265
21344,0.000464,74.125.130.0-255,4320,52220,19,216265
21345,0.000467,172.31.36.0-255,66,52286,19,216265
21346,0.000486,74.125.130.0-255,2902,55188,19,216265
21347,0.000489,172.31.36.0-255,66,55254,19,216265
21348,0.000508,74.125.130.0-255,2902,58156,19,216265
21349,0.00051,172.31.36.0-255,66,58222,19,216265
21350,0.000517,74.125.130.0-255,5738,63960,19,216265
21351,0.00052,172.31.36.0-255,66,64026,19,216265
21352,0.00056,74.125.130.0-255,2184,66210,19,216265
21353,0.000564,172.31.36.0-255,66,66276,19,216265
21354,0.00061,74.125.130.0-255,379,66655,19,216265
21355,0.000634,74.125.130.0-255,364,67019,19,216265
21356,0.000792,172.31.36.0-255,66,67085,19,216265
21357,0.000806,74.125.130.0-255,1484,68569,19,216265
21358,0.000831,74.125.130.0-255,2902,71471,19,216265
21359,0.000834,172.31.36.0-255,66,71537,19,216265
21360,0.000865,74.125.130.0-255,5738,77275,19,216265
21361,0.000869,172.31.36.0-255,66,77341,19,216265
21362,0.000872,74.125.130.0-255,1484,78825,19,216265
21363,0.0009,74.125.130.0-255,2902,81727,19,216265
21364,0.000903,172.31.36.0-255,66,81793,19,216265
21365,0.000906,74.125.130.0-255,1484,83277,19,216265
21366,0.000935,74.125.130.0-255,1484,84761,19,216265
21367,0.000938,172.31.36.0-255,66,84827,19,216265
21368,0.000957,74.125.130.0-255,1484,86311,19,216265
21369,0.000964,74.125.130.0-255,5738,92049,19,216265
21370,0.000966,172.31.36.0-255,66,92115,19,216265
21371,0.00097,74.125.130.0-255,1484,93599,19,216265
21372,0.001015,74.125.130.0-255,1484,95083,19,216265
21373,0.001019,172.31.36.0-255,66,95149,19,216265
21374,0.001036,74.125.130.0-255,2902,98051,19,216265
21375,0.001039,172.31.36.0-255,66,98117,19,216265
21376,0.001071,74.125.130.0-255,3602,101719,19,216265
21377,0.00109,172.31.36.0-255,66,101785,19,216265
21378,0.001215,74.125.130.0-255,1484,103269,19,216265
21379,0.00124,74.125.130.0-255,2902,106171,19,216265
21380,0.001245,172.31.36.0-255,66,106237,19,216265
21381,0.00127,74.125.130.0-255,5738,111975,19,216265
21382,0.001274,172.31.36.0-255,66,112041,19,216265
21383,0.001278,74.125.130.0-255,1484,113525,19,216265
21384,0.001281,74.125.130.0-255,1484,115009,19,216265
21385,0.001283,172.31.36.0-255,66,115075,19,216265
21386,0.0013,74.125.130.0-255,1484,116559,19,216265
21387,0.001304,74.125.130.0-255,1484,118043,19,216265
21388,0.001307,172.31.36.0-255,66,118109,19,216265
21389,0.001324,74.125.130.0-255,4320,122429,19,216265
21390,0.001327,172.31.36.0-255,66,122495,19,216265
21391,0.001331,74.125.130.0-255,1484,123979,19,216265
21392,0.001355,74.125.130.0-255,2902,126881,19,216265
21393,0.001358,172.31.36.0-255,66,126947,19,216265
21394,0.001376,74.125.130.0-255,4320,131267,19,216265
21395,0.001379,172.31.36.0-255,66,131333,19,216265
21396,0.001406,74.125.130.0-255,5020,136353,19,216265
21397,0.001409,172.31.36.0-255,66,136419,19,216265
21398,0.001587,74.125.130.0-255,1484,137903,19,216265
21399,0.001595,74.125.130.0-255,2902,140805,19,216265
21400,0.001598,172.31.36.0-255,66,140871,19,216265
21401,0.001618,74.125.130.0-255,4320,145191,19,216265
21402,0.00162,172.31.36.0-255,66,145257,19,216265
21403,0.001638,74.125.130.0-255,1484,146741,19,216265
21404,0.001641,74.125.130.0-255,1484,148225,19,216265
21405,0.001644,172.31.36.0-255,66,148291,19,216265
21406,0.00165,74.125.130.0-255,2902,151193,19,216265
21407,0.001653,172.31.36.0-255,66,151259,19,216265
21408,0.001659,74.125.130.0-255,4320,155579,19,216265
21409,0.001662,172.31.36.0-255,66,155645,19,216265
21410,0.001689,74.125.130.0-255,1484,157129,19,216265
21411,0.001697,74.125.130.0-255,7156,164285,19,216265
21412,0.001701,172.31.36.0-255,66,164351,19,216265
21413,0.001737,74.125.130.0-255,4320,168671,19,216265
21414,0.00174,172.31.36.0-255,66,168737,19,216265
21415,0.001758,74.125.130.0-255,2184,170921,19,216265
21416,0.00176,172.31.36.0-255,66,170987,19,216265
21417,0.002077,74.125.130.0-255,1484,172471,19,216265
21418,0.003764,74.125.130.0-255,1484,173955,19,216265
21419,0.003767,172.31.36.0-255,66,174021,19,216265
21420,0.00378,74.125.130.0-255,2902,176923,19,216265
21421,0.003783,172.31.36.0-255,66,176989,19,216265
21422,0.005803,74.125.130.0-255,4320,181309,19,216265
21423,0.005806,172.31.36.0-255,66,181375,19,216265
21424,0.005824,74.125.130.0-255,1484,182859,19,216265
21425,0.007841,74.125.130.0-255,4320,187179,19,216265
21426,0.007847,172.31.36.0-255,66,187245,19,216265
21427,0.009884,74.125.130.0-255,5738,192983,19,216265
21428,0.009892,172.31.36.0-255,66,193049,19,216265
21429,0.011932,74.125.130.0-255,5738,198787,19,216265
21430,0.011939,172.31.36.0-255,66,198853,19,216265
21431,0.013988,74.125.130.0-255,5738,204591,19,216265
21432,0.013999,172.31.36.0-255,66,204657,19,216265
21433,0.01604,74.125.130.0-255,5738,210395,19,216265
21434,0.016048,172.31.36.0-255,66,210461,19,216265
21435,0.018089,74.125.130.0-255,5738,216199,19,216265
21436,0.018096,172.31.36.0-255,66,216265,19,216265
21437,0.0,74.125.24.0-255,298,298,19,145806
21438,1.5e-05,172.31.36.0-255,66,364,19,145806
21439,2.1e-05,74.125.24.0-255,1484,1848,19,145806
21440,2.6e-05,172.31.36.0-255,66,1914,19,145806
21441,3.3e-05,74.125.24.0-255,4320,6234,19,145806
21442,3.7e-05,172.31.36.0-255,66,6300,19,145806
21443,4.3e-05,74.125.24.0-255,5738,12038,19,145806
21444,4.7e-05,172.31.36.0-255,66,12104,19,145806
21445,7.7e-05,74.125.24.0-255,1852,13956,19,145806
21446,8e-05,172.31.36.0-255,66,14022,19,145806
21447,8.9e-05,74.125.24.0-255,8574,22596,19,145806
21448,9.2e-05,172.31.36.0-255,66,22662,19,145806
21449,9.7e-05,74.125.24.0-255,4320,26982,19,145806
21450,0.0001,172.31.36.0-255,66,27048,19,145806
21451,0.000126,74.125.24.0-255,3961,31009,19,145806
21452,0.000129,172.31.36.0-255,66,31075,19,145806
21453,0.000177,74.125.24.0-255,1484,32559,19,145806
21454,0.000182,172.31.36.0-255,66,32625,19,145806
21455,0.000188,74.125.24.0-255,2902,35527,19,145806
21456,0.00019,172.31.36.0-255,66,35593,19,145806
21457,0.000208,74.125.24.0-255,1484,37077,19,145806
21458,0.000211,172.31.36.0-255,66,37143,19,145806
21459,0.00023,74.125.24.0-255,2902,40045,19,145806
21460,0.000233,172.31.36.0-255,66,40111,19,145806
21461,0.000249,74.125.24.0-255,1484,41595,19,145806
21462,0.000251,172.31.36.0-255,66,41661,19,145806
21463,0.000287,74.125.24.0-255,6797,48458,19,145806
21464,0.000291,172.31.36.0-255,66,48524,19,145806
21465,0.000299,74.125.24.0-255,7156,55680,19,145806
21466,0.000302,172.31.36.0-255,66,55746,19,145806
21467,0.000308,74.125.24.0-255,5738,61484,19,145806
21468,0.000311,172.31.36.0-255,66,61550,19,145806
21469,0.000324,74.125.24.0-255,1484,63034,19,145806
21470,0.00034,74.125.24.0-255,3124,66158,19,145806
21471,0.000387,74.125.24.0-255,1484,67642,19,145806
21472,0.000391,74.125.24.0-255,1484,69126,19,145806
21473,0.000413,74.125.24.0-255,1484,70610,19,145806
21474,0.000418,74.125.24.0-255,2902,73512,19,145806
21475,0.000439,74.125.24.0-255,2902,76414,19,145806
21476,0.000442,74.125.24.0-255,1484,77898,19,145806
21477,0.00047,74.125.24.0-255,5379,83277,19,145806
21478,0.000546,172.31.36.0-255,66,83343,19,145806
21479,0.001342,74.125.24.0-255,1484,84827,19,145806
21480,0.001362,74.125.24.0-255,2902,87729,19,145806
21481,0.001367,172.31.36.0-255,66,87795,19,145806
21482,0.001389,74.125.24.0-255,2902,90697,19,145806
21483,0.001404,74.125.24.0-255,1484,92181,19,145806
21484,0.001417,74.125.24.0-255,1484,93665,19,145806
21485,0.001457,74.125.24.0-255,5738,99403,19,145806
21486,0.001485,74.125.24.0-255,3961,103364,19,145806
21487,0.001502,74.125.24.0-255,1484,104848,19,145806
21488,0.001526,74.125.24.0-255,2902,107750,19,145806
21489,0.001543,74.125.24.0-255,2902,110652,19,145806
21490,0.001561,74.125.24.0-255,2902,113554,19,145806
21491,0.001579,74.125.24.0-255,1484,115038,19,145806
21492,0.001631,74.125.24.0-255,4320,119358,19,145806
21493,0.004499,172.31.36.0-255,66,119424,19,145806
21494,0.00656,74.125.24.0-255,2902,122326,19,145806
21495,0.006566,172.31.36.0-255,66,122392,19,145806
21496,0.006586,74.125.24.0-255,2902,125294,19,145806
21497,0.006601,172.31.36.0-255,66,125360,19,145806
21498,0.008639,74.125.24.0-255,5738,131098,19,145806
21499,0.008679,172.31.36.0-255,66,131164,19,145806
21500,0.010722,74.125.24.0-255,5738,136902,19,145806
21501,0.010729,172.31.36.0-255,66,136968,19,145806
21502,0.012792,74.125.24.0-255,2902,139870,19,145806
21503,0.012799,172.31.36.0-255,66,139936,19,145806
21504,0.01282,74.125.24.0-255,2902,142838,19,145806
21505,0.014837,74.125.24.0-255,2902,145740,19,145806
21506,0.018047,172.31.36.0-255,66,145806,19,145806
21507,0.0,172.217.194.0-255,150,150,19,328981
21508,3.4e-05,172.31.36.0-255,66,216,19,328981
21509,4e-05,172.217.194.0-255,1484,1700,19,328981
21510,4.5e-05,172.31.36.0-255,66,1766,19,328981
21511,5e-05,172.217.194.0-255,2902,4668,19,328981
21512,5.2e-05,172.31.36.0-255,66,4734,19,328981
21513,5.9e-05,172.217.194.0-255,7156,11890,19,328981
21514,6.1e-05,172.31.36.0-255,66,11956,19,328981
21515,6.7e-05,172.217.194.0-255,2039,13995,19,328981
21516,6.9e-05,172.31.36.0-255,66,14061,19,328981
21517,0.000176,172.217.194.0-255,1484,15545,19,328981
21518,0.000182,172.31.36.0-255,66,15611,19,328981
21519,0.000186,172.217.194.0-255,1484,17095,19,328981
21520,0.000188,172.31.36.0-255,66,17161,19,328981
21521,0.000202,172.217.194.0-255,1484,18645,19,328981
21522,0.000204,172.31.36.0-255,66,18711,19,328981
21523,0.000211,172.217.194.0-255,4320,23031,19,328981
21524,0.000213,172.31.36.0-255,66,23097,19,328981
21525,0.000227,172.217.194.0-255,1484,24581,19,328981
21526,0.000229,172.31.36.0-255,66,24647,19,328981
21527,0.000234,172.217.194.0-255,2902,27549,19,328981
21528,0.000236,172.31.36.0-255,66,27615,19,328981
21529,0.000259,172.217.194.0-255,3961,31576,19,328981
21530,0.000263,172.31.36.0-255,66,31642,19,328981
21531,0.00027,172.217.194.0-255,7156,38798,19,328981
21532,0.000272,172.31.36.0-255,66,38864,19,328981
21533,0.000275,172.217.194.0-255,2902,41766,19,328981
21534,0.000277,172.31.36.0-255,66,41832,19,328981
21535,0.00033,172.217.194.0-255,2902,44734,19,328981
21536,0.000334,172.31.36.0-255,66,44800,19,328981
21537,0.000355,172.217.194.0-255,3961,48761,19,328981
21538,0.000358,172.31.36.0-255,66,48827,19,328981
21539,0.000372,172.217.194.0-255,2902,51729,19,328981
21540,0.000375,172.31.36.0-255,66,51795,19,328981
21541,0.000399,172.217.194.0-255,4320,56115,19,328981
21542,0.000402,172.31.36.0-255,66,56181,19,328981
21543,0.00041,172.217.194.0-255,8574,64755,19,328981
21544,0.000413,172.31.36.0-255,66,64821,19,328981
21545,0.000428,172.217.194.0-255,1714,66535,19,328981
21546,0.000432,172.31.36.0-255,66,66601,19,328981
21547,0.000488,172.217.194.0-255,1484,68085,19,328981
21548,0.000493,172.217.194.0-255,1484,69569,19,328981
21549,0.000495,172.31.36.0-255,66,69635,19,328981
21550,0.000506,172.217.194.0-255,1484,71119,19,328981
21551,0.000509,172.217.194.0-255,1484,72603,19,328981
21552,0.000511,172.31.36.0-255,66,72669,19,328981
21553,0.000538,172.217.194.0-255,4320,76989,19,328981
21554,0.000542,172.31.36.0-255,66,77055,19,328981
21555,0.000546,172.217.194.0-255,2902,79957,19,328981
21556,0.000549,172.31.36.0-255,66,80023,19,328981
21557,0.000564,172.217.194.0-255,3961,83984,19,328981
21558,0.000566,172.31.36.0-255,66,84050,19,328981
21559,0.000593,172.217.194.0-255,1484,85534,19,328981
21560,0.000616,172.217.194.0-255,5738,91272,19,328981
21561,0.000619,172.31.36.0-255,66,91338,19,328981
21562,0.000622,172.217.194.0-255,1484,92822,19,328981
21563,0.000638,172.217.194.0-255,2902,95724,19,328981
21564,0.000641,172.31.36.0-255,66,95790,19,328981
21565,0.000664,172.217.194.0-255,5379,101169,19,328981
21566,0.000667,172.31.36.0-255,66,101235,19,328981
21567,0.00107,172.217.194.0-255,1484,102719,19,328981
21568,0.001077,172.217.194.0-255,2902,105621,19,328981
21569,0.00108,172.31.36.0-255,66,105687,19,328981
21570,0.001097,172.217.194.0-255,4320,110007,19,328981
21571,0.001099,172.31.36.0-255,66,110073,19,328981
21572,0.00112,172.217.194.0-255,1484,111557,19,328981
21573,0.001141,172.217.194.0-255,7156,118713,19,328981
21574,0.001144,172.31.36.0-255,66,118779,19,328981
21575,0.001167,172.217.194.0-255,5738,124517,19,328981
21576,0.00117,172.31.36.0-255,66,124583,19,328981
21577,0.001177,172.217.194.0-255,7156,131739,19,328981
21578,0.001179,172.31.36.0-255,66,131805,19,328981
21579,0.001198,172.217.194.0-255,3602,135407,19,328981
21580,0.0012,172.31.36.0-255,66,135473,19,328981
21581,0.001224,172.217.194.0-255,4320,139793,19,328981
21582,0.001227,172.31.36.0-255,66,139859,19,328981
21583,0.001243,172.217.194.0-255,7156,147015,19,328981
21584,0.001245,172.31.36.0-255,66,147081,19,328981
21585,0.00126,172.217.194.0-255,2902,149983,19,328981
21586,0.001262,172.31.36.0-255,66,150049,19,328981
21587,0.001269,172.217.194.0-255,7156,157205,19,328981
21588,0.00129,172.31.36.0-255,66,157271,19,328981
21589,0.001306,172.217.194.0-255,5738,163009,19,328981
21590,0.001309,172.31.36.0-255,66,163075,19,328981
21591,0.001335,172.217.194.0-255,6438,169513,19,328981
21592,0.001337,172.31.36.0-255,66,169579,19,328981
21593,0.001479,172.217.194.0-255,1484,171063,19,328981
21594,0.001484,172.217.194.0-255,2902,173965,19,328981
21595,0.001488,172.31.36.0-255,66,174031,19,328981
21596,0.001511,172.217.194.0-255,5738,179769,19,328981
21597,0.001514,172.31.36.0-255,66,179835,19,328981
21598,0.001519,172.217.194.0-255,2902,182737,19,328981
21599,0.001521,172.31.36.0-255,66,182803,19,328981
21600,0.001555,172.217.194.0-255,9992,192795,19,328981
21601,0.001558,172.31.36.0-255,66,192861,19,328981
21602,0.001581,172.217.194.0-255,7156,200017,19,328981
21603,0.001584,172.31.36.0-255,66,200083,19,328981
21604,0.001604,172.217.194.0-255,3602,203685,19,328981
21605,0.001608,172.31.36.0-255,66,203751,19,328981
21606,0.001892,172.217.194.0-255,1484,205235,19,328981
21607,0.001897,172.217.194.0-255,2902,208137,19,328981
21608,0.0019,172.31.36.0-255,66,208203,19,328981
21609,0.001918,172.217.194.0-255,5738,213941,19,328981
21610,0.001921,172.31.36.0-255,66,214007,19,328981
21611,0.001957,172.217.194.0-255,4320,218327,19,328981
21612,0.00196,172.31.36.0-255,66,218393,19,328981
21613,0.001986,172.217.194.0-255,8574,226967,19,328981
21614,0.001989,172.31.36.0-255,66,227033,19,328981
21615,0.001996,172.217.194.0-255,5738,232771,19,328981
21616,0.001998,172.31.36.0-255,66,232837,19,328981
21617,0.002051,172.217.194.0-255,5020,237857,19,328981
21618,0.002055,172.31.36.0-255,66,237923,19,328981
21619,0.002061,172.217.194.0-255,5738,243661,19,328981
21620,0.002063,172.31.36.0-255,66,243727,19,328981
21621,0.002067,172.217.194.0-255,2902,246629,19,328981
21622,0.002077,172.31.36.0-255,66,246695,19,328981
21623,0.002088,172.217.194.0-255,4320,251015,19,328981
21624,0.00209,172.31.36.0-255,66,251081,19,328981
21625,0.002125,172.217.194.0-255,5738,256819,19,328981
21626,0.002128,172.31.36.0-255,66,256885,19,328981
21627,0.002137,172.217.194.0-255,8574,265459,19,328981
21628,0.002139,172.31.36.0-255,66,265525,19,328981
21629,0.002173,172.217.194.0-255,2902,268427,19,328981
21630,0.002175,172.31.36.0-255,66,268493,19,328981
21631,0.002194,172.217.194.0-255,3602,272095,19,328981
21632,0.002196,172.31.36.0-255,66,272161,19,328981
21633,0.002609,172.217.194.0-255,1484,273645,19,328981
21634,0.002616,172.217.194.0-255,2902,276547,19,328981
21635,0.00262,172.31.36.0-255,66,276613,19,328981
21636,0.002626,172.217.194.0-255,4320,280933,19,328981
21637,0.002629,172.31.36.0-255,66,280999,19,328981
21638,0.002646,172.217.194.0-255,1484,282483,19,328981
21639,0.002663,172.217.194.0-255,5738,288221,19,328981
21640,0.002666,172.31.36.0-255,66,288287,19,328981
21641,0.002683,172.217.194.0-255,5738,294025,19,328981
21642,0.002686,172.31.36.0-255,66,294091,19,328981
21643,0.005224,172.217.194.0-255,5738,299829,19,328981
21644,0.005231,172.31.36.0-255,66,299895,19,328981
21645,0.007727,172.217.194.0-255,5738,305633,19,328981
21646,0.007735,172.31.36.0-255,66,305699,19,328981
21647,0.010283,172.217.194.0-255,5738,311437,19,328981
21648,0.010292,172.31.36.0-255,66,311503,19,328981
21649,0.012835,172.217.194.0-255,5738,317241,19,328981
21650,0.012843,172.31.36.0-255,66,317307,19,328981
21651,0.015367,172.217.194.0-255,1484,318791,19,328981
21652,0.0154,172.217.194.0-255,4320,323111,19,328981
21653,0.015405,172.31.36.0-255,66,323177,19,328981
21654,0.01792,172.217.194.0-255,5738,328915,19,328981
21655,0.017928,172.31.36.0-255,66,328981,19,328981
21656,0.0,172.217.194.0-255,150,150,19,208082
21657,2.5e-05,172.31.36.0-255,66,216,19,208082
21658,3.2e-05,172.217.194.0-255,1484,1700,19,208082
21659,3.7e-05,172.31.36.0-255,66,1766,19,208082
21660,4.4e-05,172.217.194.0-255,2902,4668,19,208082
21661,4.7e-05,172.31.36.0-255,66,4734,19,208082
21662,5.5e-05,172.217.194.0-255,7156,11890,19,208082
21663,5.8e-05,172.31.36.0-255,66,11956,19,208082
21664,6.2e-05,172.217.194.0-255,2084,14040,19,208082
21665,6.5e-05,172.31.36.0-255,66,14106,19,208082
21666,0.000238,172.217.194.0-255,1484,15590,19,208082
21667,0.000244,172.31.36.0-255,66,15656,19,208082
21668,0.00025,172.217.194.0-255,2902,18558,19,208082
21669,0.000253,172.31.36.0-255,66,18624,19,208082
21670,0.000256,172.217.194.0-255,1484,20108,19,208082
21671,0.000258,172.31.36.0-255,66,20174,19,208082
21672,0.000281,172.217.194.0-255,4320,24494,19,208082
21673,0.000285,172.31.36.0-255,66,24560,19,208082
21674,0.000338,172.31.36.0-255,66,24626,19,208082
21675,0.000348,172.217.194.0-255,9992,34618,19,208082
21676,0.00035,172.31.36.0-255,66,34684,19,208082
21677,0.000414,172.31.36.0-255,66,34750,19,208082
21678,0.000431,172.217.194.0-255,3602,38352,19,208082
21679,0.000435,172.31.36.0-255,66,38418,19,208082
21680,0.000438,172.217.194.0-255,340,38758,19,208082
21681,0.000441,172.31.36.0-255,66,38824,19,208082
21682,0.000823,172.217.194.0-255,120,38944,19,208082
21683,0.000829,172.31.36.0-255,66,39010,19,208082
21684,0.000865,172.217.194.0-255,1484,40494,19,208082
21685,0.000869,172.31.36.0-255,66,40560,19,208082
21686,0.000874,172.217.194.0-255,2902,43462,19,208082
21687,0.000875,172.31.36.0-255,66,43528,19,208082
21688,0.000911,172.217.194.0-255,7156,50684,19,208082
21689,0.000915,172.31.36.0-255,66,50750,19,208082
21690,0.000924,172.217.194.0-255,8574,59324,19,208082
21691,0.000926,172.31.36.0-255,66,59390,19,208082
21692,0.000978,172.217.194.0-255,4320,63710,19,208082
21693,0.000983,172.31.36.0-255,66,63776,19,208082
21694,0.001009,172.217.194.0-255,9274,73050,19,208082
21695,0.001013,172.31.36.0-255,66,73116,19,208082
21696,0.002002,172.217.194.0-255,1484,74600,19,208082
21697,0.002012,172.217.194.0-255,2902,77502,19,208082
21698,0.002016,172.31.36.0-255,66,77568,19,208082
21699,0.002024,172.217.194.0-255,5738,83306,19,208082
21700,0.002026,172.31.36.0-255,66,83372,19,208082
21701,0.002029,172.217.194.0-255,1484,84856,19,208082
21702,0.002065,172.31.36.0-255,66,84922,19,208082
21703,0.002072,172.217.194.0-255,5738,90660,19,208082
21704,0.002074,172.31.36.0-255,66,90726,19,208082
21705,0.00211,172.217.194.0-255,4320,95046,19,208082
21706,0.002112,172.31.36.0-255,66,95112,19,208082
21707,0.002127,172.217.194.0-255,766,95878,19,208082
21708,0.002331,172.217.194.0-255,1484,97362,19,208082
21709,0.002333,172.31.36.0-255,66,97428,19,208082
21710,0.002338,172.217.194.0-255,2902,100330,19,208082
21711,0.00234,172.31.36.0-255,66,100396,19,208082
21712,0.002346,172.217.194.0-255,5738,106134,19,208082
21713,0.002347,172.31.36.0-255,66,106200,19,208082
21714,0.002368,172.217.194.0-255,7156,113356,19,208082
21715,0.00237,172.31.36.0-255,66,113422,19,208082
21716,0.002376,172.217.194.0-255,5738,119160,19,208082
21717,0.002378,172.31.36.0-255,66,119226,19,208082
21718,0.002405,172.217.194.0-255,8574,127800,19,208082
21719,0.002407,172.31.36.0-255,66,127866,19,208082
21720,0.002411,172.217.194.0-255,2184,130050,19,208082
21721,0.002413,172.31.36.0-255,66,130116,19,208082
21722,0.002417,172.217.194.0-255,2902,133018,19,208082
21723,0.002419,172.31.36.0-255,66,133084,19,208082
21724,0.002423,172.217.194.0-255,2902,135986,19,208082
21725,0.002425,172.31.36.0-255,66,136052,19,208082
21726,0.002449,172.217.194.0-255,4320,140372,19,208082
21727,0.002451,172.31.36.0-255,66,140438,19,208082
21728,0.002456,172.217.194.0-255,4320,144758,19,208082
21729,0.002458,172.31.36.0-255,66,144824,19,208082
21730,0.002484,172.31.36.0-255,66,144890,19,208082
21731,0.002491,172.217.194.0-255,7856,152746,19,208082
21732,0.002493,172.31.36.0-255,66,152812,19,208082
21733,0.002515,172.217.194.0-255,1484,154296,19,208082
21734,0.002537,172.217.194.0-255,8574,162870,19,208082
21735,0.00254,172.31.36.0-255,66,162936,19,208082
21736,0.00258,172.217.194.0-255,7156,170092,19,208082
21737,0.002584,172.31.36.0-255,66,170158,19,208082
21738,0.002609,172.217.194.0-255,4320,174478,19,208082
21739,0.002611,172.31.36.0-255,66,174544,19,208082
21740,0.002623,172.31.36.0-255,66,174610,19,208082
21741,0.005214,172.217.194.0-255,4320,178930,19,208082
21742,0.005218,172.31.36.0-255,66,178996,19,208082
21743,0.005234,172.217.194.0-255,1484,180480,19,208082
21744,0.007811,172.217.194.0-255,4320,184800,19,208082
21745,0.007826,172.31.36.0-255,66,184866,19,208082
21746,0.010387,172.217.194.0-255,5738,190604,19,208082
21747,0.010399,172.31.36.0-255,66,190670,19,208082
21748,0.01302,172.217.194.0-255,5738,196408,19,208082
21749,0.013032,172.31.36.0-255,66,196474,19,208082
21750,0.01564,172.217.194.0-255,5738,202212,19,208082
21751,0.015652,172.31.36.0-255,66,202278,19,208082
21752,0.018229,172.217.194.0-255,5738,208016,19,208082
21753,0.018239,172.31.36.0-255,66,208082,19,208082
21754,0.0,74.125.24.0-255,153,153,19,256887
21755,1.2e-05,172.31.36.0-255,66,219,19,256887
21756,1.8e-05,74.125.24.0-255,1484,1703,19,256887
21757,2.2e-05,172.31.36.0-255,66,1769,19,256887
21758,2.8e-05,74.125.24.0-255,2902,4671,19,256887
21759,3.7e-05,172.31.36.0-255,66,4737,19,256887
21760,4.2e-05,74.125.24.0-255,2902,7639,19,256887
21761,4.5e-05,172.31.36.0-255,66,7705,19,256887
21762,9.1e-05,74.125.24.0-255,5738,13443,19,256887
21763,9.5e-05,172.31.36.0-255,66,13509,19,256887
21764,0.000134,74.125.24.0-255,648,14157,19,256887
21765,0.000137,172.31.36.0-255,66,14223,19,256887
21766,0.000145,74.125.24.0-255,7156,21379,19,256887
21767,0.000148,172.31.36.0-255,66,21445,19,256887
21768,0.000163,74.125.24.0-255,9633,31078,19,256887
21769,0.000165,172.31.36.0-255,66,31144,19,256887
21770,0.000283,74.125.24.0-255,1484,32628,19,256887
21771,0.000288,172.31.36.0-255,66,32694,19,256887
21772,0.000292,74.125.24.0-255,1484,34178,19,256887
21773,0.000293,172.31.36.0-255,66,34244,19,256887
21774,0.00032,74.125.24.0-255,1484,35728,19,256887
21775,0.000323,172.31.36.0-255,66,35794,19,256887
21776,0.000336,74.125.24.0-255,5738,41532,19,256887
21777,0.000339,172.31.36.0-255,66,41598,19,256887
21778,0.000348,74.125.24.0-255,9992,51590,19,256887
21779,0.000351,172.31.36.0-255,66,51656,19,256887
21780,0.000387,74.125.24.0-255,3961,55617,19,256887
21781,0.00039,172.31.36.0-255,66,55683,19,256887
21782,0.000399,74.125.24.0-255,9633,65316,19,256887
21783,0.000406,172.31.36.0-255,66,65382,19,256887
21784,0.000408,74.125.24.0-255,676,66058,19,256887
21785,0.00041,172.31.36.0-255,66,66124,19,256887
21786,0.000621,74.125.24.0-255,1484,67608,19,256887
21787,0.000628,74.125.24.0-255,2902,70510,19,256887
21788,0.000632,172.31.36.0-255,66,70576,19,256887
21789,0.000664,74.125.24.0-255,4320,74896,19,256887
21790,0.000667,172.31.36.0-255,66,74962,19,256887
21791,0.000696,74.125.24.0-255,1484,76446,19,256887
21792,0.000699,74.125.24.0-255,1484,77930,19,256887
21793,0.000701,172.31.36.0-255,66,77996,19,256887
21794,0.000739,172.31.36.0-255,66,78062,19,256887
21795,0.000771,74.125.24.0-255,5738,83800,19,256887
21796,0.000774,172.31.36.0-255,66,83866,19,256887
21797,0.000793,74.125.24.0-255,5020,88886,19,256887
21798,0.000796,172.31.36.0-255,66,88952,19,256887
21799,0.000888,74.125.24.0-255,1484,90436,19,256887
21800,0.000894,74.125.24.0-255,2902,93338,19,256887
21801,0.000897,172.31.36.0-255,66,93404,19,256887
21802,0.000921,74.125.24.0-255,5738,99142,19,256887
21803,0.000923,172.31.36.0-255,66,99208,19,256887
21804,0.000999,74.125.24.0-255,5738,104946,19,256887
21805,0.001004,172.31.36.0-255,66,105012,19,256887
21806,0.001012,172.31.36.0-255,66,105078,19,256887
21807,0.001025,74.125.24.0-255,6438,111516,19,256887
21808,0.001027,172.31.36.0-255,66,111582,19,256887
21809,0.001066,74.125.24.0-255,1484,113066,19,256887
21810,0.00107,74.125.24.0-255,1484,114550,19,256887
21811,0.001073,172.31.36.0-255,66,114616,19,256887
21812,0.001101,74.125.24.0-255,1484,116100,19,256887
21813,0.001107,74.125.24.0-255,5738,121838,19,256887
21814,0.00111,172.31.36.0-255,66,121904,19,256887
21815,0.001149,172.31.36.0-255,66,121970,19,256887
21816,0.00118,74.125.24.0-255,8574,130544,19,256887
21817,0.001185,172.31.36.0-255,66,130610,19,256887
21818,0.001193,74.125.24.0-255,2184,132794,19,256887
21819,0.001195,172.31.36.0-255,66,132860,19,256887
21820,0.001934,74.125.24.0-255,1484,134344,19,256887
21821,0.001939,74.125.24.0-255,1484,135828,19,256887
21822,0.001942,172.31.36.0-255,66,135894,19,256887
21823,0.00198,74.125.24.0-255,1484,137378,19,256887
21824,0.001987,74.125.24.0-255,5738,143116,19,256887
21825,0.002003,172.31.36.0-255,66,143182,19,256887
21826,0.002011,172.31.36.0-255,66,143248,19,256887
21827,0.002014,74.125.24.0-255,1484,144732,19,256887
21828,0.002017,74.125.24.0-255,1484,146216,19,256887
21829,0.002019,172.31.36.0-255,66,146282,19,256887
21830,0.002066,74.125.24.0-255,9274,155556,19,256887
21831,0.002069,172.31.36.0-255,66,155622,19,256887
21832,0.002464,74.125.24.0-255,1484,157106,19,256887
21833,0.002487,74.125.24.0-255,2902,160008,19,256887
21834,0.002491,172.31.36.0-255,66,160074,19,256887
21835,0.002496,74.125.24.0-255,1484,161558,19,256887
21836,0.002525,74.125.24.0-255,4320,165878,19,256887
21837,0.002527,172.31.36.0-255,66,165944,19,256887
21838,0.002569,74.125.24.0-255,9992,175936,19,256887
21839,0.002572,172.31.36.0-255,66,176002,19,256887
21840,0.002579,74.125.24.0-255,7156,183158,19,256887
21841,0.002581,172.31.36.0-255,66,183224,19,256887
21842,0.002612,74.125.24.0-255,5738,188962,19,256887
21843,0.002615,172.31.36.0-255,66,189028,19,256887
21844,0.002617,74.125.24.0-255,766,189794,19,256887
21845,0.002815,74.125.24.0-255,1484,191278,19,256887
21846,0.00282,172.31.36.0-255,66,191344,19,256887
21847,0.002826,74.125.24.0-255,2902,194246,19,256887
21848,0.002828,172.31.36.0-255,66,194312,19,256887
21849,0.002834,74.125.24.0-255,5738,200050,19,256887
21850,0.002836,172.31.36.0-255,66,200116,19,256887
21851,0.002855,74.125.24.0-255,8574,208690,19,256887
21852,0.002857,172.31.36.0-255,66,208756,19,256887
21853,0.002887,74.125.24.0-255,4320,213076,19,256887
21854,0.002893,172.31.36.0-255,66,213142,19,256887
21855,0.002903,74.125.24.0-255,10692,223834,19,256887
21856,0.002905,172.31.36.0-255,66,223900,19,256887
21857,0.002959,172.31.36.0-255,66,223966,19,256887
21858,0.002962,74.125.24.0-255,1484,225450,19,256887
21859,0.002969,74.125.24.0-255,6438,231888,19,256887
21860,0.002971,172.31.36.0-255,66,231954,19,256887
21861,0.003017,172.31.36.0-255,66,232020,19,256887
21862,0.003021,74.125.24.0-255,1484,233504,19,256887
21863,0.003024,74.125.24.0-255,1484,234988,19,256887
21864,0.003026,172.31.36.0-255,66,235054,19,256887
21865,0.003029,74.125.24.0-255,1484,236538,19,256887
21866,0.003042,172.31.36.0-255,66,236604,19,256887
21867,0.003106,172.31.36.0-255,66,236670,19,256887
21868,0.003119,172.31.36.0-255,66,236736,19,256887
21869,0.003154,74.125.24.0-255,9274,246010,19,256887
21870,0.003156,172.31.36.0-255,66,246076,19,256887
21871,0.003184,172.31.36.0-255,66,246142,19,256887
21872,0.00321,74.125.24.0-255,1484,247626,19,256887
21873,0.003218,74.125.24.0-255,7856,255482,19,256887
21874,0.003221,172.31.36.0-255,66,255548,19,256887
21875,0.003224,74.125.24.0-255,997,256545,19,256887
21876,0.003227,74.125.24.0-255,105,256650,19,256887
21877,0.008563,172.31.36.0-255,66,256716,19,256887
21878,0.008603,172.31.36.0-255,105,256821,19,256887
21879,0.011179,74.125.24.0-255,66,256887,19,256887
21880,0.0,172.217.194.0-255,153,153,19,330829
21881,2.1e-05,172.31.36.0-255,66,219,19,330829
21882,2.8e-05,172.217.194.0-255,1484,1703,19,330829
21883,3.3e-05,172.31.36.0-255,66,1769,19,330829
21884,3.9e-05,172.217.194.0-255,2902,4671,19,330829
21885,5.6e-05,172.31.36.0-255,66,4737,19,330829
21886,6.3e-05,172.217.194.0-255,7156,11893,19,330829
21887,6.7e-05,172.31.36.0-255,66,11959,19,330829
21888,7.1e-05,172.217.194.0-255,2000,13959,19,330829
21889,7.3e-05,172.31.36.0-255,66,14025,19,330829
21890,0.000102,172.217.194.0-255,5738,19763,19,330829
21891,0.000105,172.31.36.0-255,66,19829,19,330829
21892,0.000108,172.217.194.0-255,1484,21313,19,330829
21893,0.00011,172.31.36.0-255,66,21379,19,330829
21894,0.000131,172.217.194.0-255,5738,27117,19,330829
21895,0.000133,172.31.36.0-255,66,27183,19,330829
21896,0.000155,172.217.194.0-255,3961,31144,19,330829
21897,0.000158,172.31.36.0-255,66,31210,19,330829
21898,0.000218,172.217.194.0-255,1484,32694,19,330829
21899,0.00022,172.31.36.0-255,66,32760,19,330829
21900,0.000236,172.217.194.0-255,2902,35662,19,330829
21901,0.000238,172.31.36.0-255,66,35728,19,330829
21902,0.000245,172.217.194.0-255,5738,41466,19,330829
21903,0.000247,172.31.36.0-255,66,41532,19,330829
21904,0.000252,172.217.194.0-255,4320,45852,19,330829
21905,0.000255,172.31.36.0-255,66,45918,19,330829
21906,0.000297,172.217.194.0-255,2902,48820,19,330829
21907,0.0003,172.31.36.0-255,66,48886,19,330829
21908,0.000346,172.31.36.0-255,66,48952,19,330829
21909,0.00035,172.217.194.0-255,2543,51495,19,330829
21910,0.000352,172.31.36.0-255,66,51561,19,330829
21911,0.000436,172.217.194.0-255,648,52209,19,330829
21912,0.000551,172.217.194.0-255,1484,53693,19,330829
21913,0.000556,172.31.36.0-255,66,53759,19,330829
21914,0.00056,172.217.194.0-255,1484,55243,19,330829
21915,0.000577,172.217.194.0-255,1484,56727,19,330829
21916,0.000579,172.31.36.0-255,66,56793,19,330829
21917,0.000586,172.217.194.0-255,5738,62531,19,330829
21918,0.00059,172.31.36.0-255,66,62597,19,330829
21919,0.000595,172.217.194.0-255,4320,66917,19,330829
21920,0.000598,172.31.36.0-255,66,66983,19,330829
21921,0.000617,172.217.194.0-255,8574,75557,19,330829
21922,0.000626,172.217.194.0-255,10692,86249,19,330829
21923,0.00063,172.31.36.0-255,66,86315,19,330829
21924,0.000637,172.31.36.0-255,66,86381,19,330829
21925,0.001093,172.217.194.0-255,1484,87865,19,330829
21926,0.001111,172.217.194.0-255,2902,90767,19,330829
21927,0.001115,172.31.36.0-255,66,90833,19,330829
21928,0.001119,172.217.194.0-255,1484,92317,19,330829
21929,0.001138,172.217.194.0-255,4320,96637,19,330829
21930,0.001141,172.31.36.0-255,66,96703,19,330829
21931,0.00116,172.217.194.0-255,5738,102441,19,330829
21932,0.001162,172.31.36.0-255,66,102507,19,330829
21933,0.001195,172.217.194.0-255,7156,109663,19,330829
21934,0.001199,172.31.36.0-255,66,109729,19,330829
21935,0.001206,172.217.194.0-255,5738,115467,19,330829
21936,0.001208,172.31.36.0-255,66,115533,19,330829
21937,0.001229,172.217.194.0-255,5020,120553,19,330829
21938,0.001232,172.31.36.0-255,66,120619,19,330829
21939,0.001333,172.217.194.0-255,1484,122103,19,330829
21940,0.001339,172.217.194.0-255,2902,125005,19,330829
21941,0.001343,172.31.36.0-255,66,125071,19,330829
21942,0.001366,172.217.194.0-255,5738,130809,19,330829
21943,0.001369,172.31.36.0-255,66,130875,19,330829
21944,0.001374,172.217.194.0-255,2902,133777,19,330829
21945,0.001376,172.31.36.0-255,66,133843,19,330829
21946,0.001399,172.217.194.0-255,7156,140999,19,330829
21947,0.001402,172.31.36.0-255,66,141065,19,330829
21948,0.001414,172.31.36.0-255,66,141131,19,330829
21949,0.001418,172.217.194.0-255,2184,143315,19,330829
21950,0.001421,172.31.36.0-255,66,143381,19,330829
21951,0.001612,172.217.194.0-255,1484,144865,19,330829
21952,0.001617,172.217.194.0-255,2902,147767,19,330829
21953,0.001622,172.31.36.0-255,66,147833,19,330829
21954,0.001641,172.217.194.0-255,5738,153571,19,330829
21955,0.001644,172.31.36.0-255,66,153637,19,330829
21956,0.001648,172.217.194.0-255,1484,155121,19,330829
21957,0.001665,172.217.194.0-255,8574,163695,19,330829
21958,0.001669,172.31.36.0-255,66,163761,19,330829
21959,0.001679,172.217.194.0-255,2902,166663,19,330829
21960,0.001682,172.31.36.0-255,66,166729,19,330829
21961,0.001688,172.217.194.0-255,5738,172467,19,330829
21962,0.001691,172.31.36.0-255,66,172533,19,330829
21963,0.001714,172.217.194.0-255,5020,177553,19,330829
21964,0.001717,172.31.36.0-255,66,177619,19,330829
21965,0.001774,172.217.194.0-255,1484,179103,19,330829
21966,0.001779,172.217.194.0-255,2902,182005,19,330829
21967,0.001782,172.31.36.0-255,66,182071,19,330829
21968,0.001805,172.217.194.0-255,5738,187809,19,330829
21969,0.001813,172.31.36.0-255,66,187875,19,330829
21970,0.001817,172.217.194.0-255,1484,189359,19,330829
21971,0.001845,172.31.36.0-255,66,189425,19,330829
21972,0.001883,172.217.194.0-255,5738,195163,19,330829
21973,0.001886,172.31.36.0-255,66,195229,19,330829
21974,0.001904,172.217.194.0-255,2902,198131,19,330829
21975,0.001907,172.31.36.0-255,66,198197,19,330829
21976,0.001911,172.217.194.0-255,2184,200381,19,330829
21977,0.001914,172.31.36.0-255,66,200447,19,330829
21978,0.001917,172.217.194.0-255,2902,203349,19,330829
21979,0.001921,172.31.36.0-255,66,203415,19,330829
21980,0.001928,172.217.194.0-255,7156,210571,19,330829
21981,0.00193,172.31.36.0-255,66,210637,19,330829
21982,0.001943,172.217.194.0-255,7156,217793,19,330829
21983,0.001945,172.31.36.0-255,66,217859,19,330829
21984,0.00197,172.217.194.0-255,2902,220761,19,330829
21985,0.001973,172.31.36.0-255,66,220827,19,330829
21986,0.001981,172.217.194.0-255,8574,229401,19,330829
21987,0.001984,172.31.36.0-255,66,229467,19,330829
21988,0.002021,172.217.194.0-255,10692,240159,19,330829
21989,0.002028,172.217.194.0-255,8574,248733,19,330829
21990,0.002032,172.31.36.0-255,66,248799,19,330829
21991,0.002036,172.31.36.0-255,66,248865,19,330829
21992,0.002054,172.217.194.0-255,4320,253185,19,330829
21993,0.002056,172.31.36.0-255,66,253251,19,330829
21994,0.00209,172.31.36.0-255,66,253317,19,330829
21995,0.002138,172.217.194.0-255,1484,254801,19,330829
21996,0.002151,172.217.194.0-255,2902,257703,19,330829
21997,0.002154,172.31.36.0-255,66,257769,19,330829
21998,0.002159,172.217.194.0-255,4320,262089,19,330829
21999,0.002161,172.31.36.0-255,66,262155,19,330829
22000,0.002189,172.217.194.0-255,1484,263639,19,330829
22001,0.002203,172.31.36.0-255,66,263705,19,330829
22002,0.00221,172.217.194.0-255,7156,270861,19,330829
22003,0.002213,172.31.36.0-255,66,270927,19,330829
22004,0.002236,172.217.194.0-255,1484,272411,19,330829
22005,0.002255,172.217.194.0-255,2184,274595,19,330829
22006,0.002258,172.31.36.0-255,66,274661,19,330829
22007,0.002508,172.217.194.0-255,1484,276145,19,330829
22008,0.002514,172.217.194.0-255,2902,279047,19,330829
22009,0.002517,172.31.36.0-255,66,279113,19,330829
22010,0.002542,172.217.194.0-255,5738,284851,19,330829
22011,0.002545,172.31.36.0-255,66,284917,19,330829
22012,0.002577,172.31.36.0-255,66,284983,19,330829
22013,0.002595,172.217.194.0-255,1484,286467,19,330829
22014,0.002616,172.217.194.0-255,5738,292205,19,330829
22015,0.002619,172.31.36.0-255,66,292271,19,330829
22016,0.002642,172.217.194.0-255,5020,297291,19,330829
22017,0.002645,172.31.36.0-255,66,297357,19,330829
22018,0.005275,172.217.194.0-255,5738,303095,19,330829
22019,0.005282,172.31.36.0-255,66,303161,19,330829
22020,0.007892,172.217.194.0-255,4320,307481,19,330829
22021,0.007898,172.31.36.0-255,66,307547,19,330829
22022,0.007917,172.217.194.0-255,1484,309031,19,330829
22023,0.010512,172.217.194.0-255,4320,313351,19,330829
22024,0.01052,172.31.36.0-255,66,313417,19,330829
22025,0.013149,172.217.194.0-255,5738,319155,19,330829
22026,0.013157,172.31.36.0-255,66,319221,19,330829
22027,0.015782,172.217.194.0-255,5738,324959,19,330829
22028,0.015792,172.31.36.0-255,66,325025,19,330829
22029,0.018422,172.217.194.0-255,5738,330763,19,330829
22030,0.018434,172.31.36.0-255,66,330829,19,330829
22031,0.0,172.217.194.0-255,156,156,19,250496
22032,2.4e-05,172.31.36.0-255,66,222,19,250496
22033,3.1e-05,172.217.194.0-255,1484,1706,19,250496
22034,3.6e-05,172.31.36.0-255,66,1772,19,250496
22035,4.9e-05,172.217.194.0-255,2902,4674,19,250496
22036,5.2e-05,172.31.36.0-255,66,4740,19,250496
22037,5.6e-05,172.217.194.0-255,2902,7642,19,250496
22038,5.9e-05,172.31.36.0-255,66,7708,19,250496
22039,9.5e-05,172.217.194.0-255,6304,14012,19,250496
22040,9.8e-05,172.31.36.0-255,66,14078,19,250496
22041,0.00013,172.217.194.0-255,7156,21234,19,250496
22042,0.000132,172.31.36.0-255,66,21300,19,250496
22043,0.000137,172.217.194.0-255,4320,25620,19,250496
22044,0.00014,172.31.36.0-255,66,25686,19,250496
22045,0.000185,172.217.194.0-255,2902,28588,19,250496
22046,0.000187,172.31.36.0-255,66,28654,19,250496
22047,0.000211,172.217.194.0-255,2543,31197,19,250496
22048,0.000213,172.31.36.0-255,66,31263,19,250496
22049,0.000249,172.217.194.0-255,1484,32747,19,250496
22050,0.000252,172.31.36.0-255,66,32813,19,250496
22051,0.00028,172.217.194.0-255,2902,35715,19,250496
22052,0.000283,172.31.36.0-255,66,35781,19,250496
22053,0.000289,172.217.194.0-255,5738,41519,19,250496
22054,0.000291,172.31.36.0-255,66,41585,19,250496
22055,0.000294,172.217.194.0-255,1484,43069,19,250496
22056,0.000296,172.31.36.0-255,66,43135,19,250496
22057,0.00032,172.217.194.0-255,5379,48514,19,250496
22058,0.000322,172.31.36.0-255,66,48580,19,250496
22059,0.000358,172.217.194.0-255,9992,58572,19,250496
22060,0.000361,172.31.36.0-255,66,58638,19,250496
22061,0.000387,172.217.194.0-255,2902,61540,19,250496
22062,0.00039,172.31.36.0-255,66,61606,19,250496
22063,0.00042,172.217.194.0-255,3961,65567,19,250496
22064,0.000423,172.31.36.0-255,66,65633,19,250496
22065,0.00055,172.217.194.0-255,647,66280,19,250496
22066,0.000646,172.217.194.0-255,1484,67764,19,250496
22067,0.000651,172.31.36.0-255,66,67830,19,250496
22068,0.000655,172.217.194.0-255,1484,69314,19,250496
22069,0.000678,172.217.194.0-255,1484,70798,19,250496
22070,0.000684,172.217.194.0-255,5738,76536,19,250496
22071,0.000691,172.217.194.0-255,7156,83692,19,250496
22072,0.000696,172.31.36.0-255,66,83758,19,250496
22073,0.000704,172.31.36.0-255,66,83824,19,250496
22074,0.000706,172.31.36.0-255,66,83890,19,250496
22075,0.00071,172.217.194.0-255,1484,85374,19,250496
22076,0.000724,172.217.194.0-255,9992,95366,19,250496
22077,0.000726,172.31.36.0-255,66,95432,19,250496
22078,0.000761,172.217.194.0-255,5020,100452,19,250496
22079,0.000764,172.31.36.0-255,66,100518,19,250496
22080,0.001208,172.217.194.0-255,1484,102002,19,250496
22081,0.001213,172.217.194.0-255,2902,104904,19,250496
22082,0.001224,172.31.36.0-255,66,104970,19,250496
22083,0.001232,172.217.194.0-255,5738,110708,19,250496
22084,0.001234,172.31.36.0-255,66,110774,19,250496
22085,0.001313,172.31.36.0-255,66,110840,19,250496
22086,0.001322,172.217.194.0-255,9992,120832,19,250496
22087,0.001324,172.31.36.0-255,66,120898,19,250496
22088,0.001327,172.217.194.0-255,766,121664,19,250496
22089,0.001474,172.217.194.0-255,1484,123148,19,250496
22090,0.001478,172.31.36.0-255,66,123214,19,250496
22091,0.001483,172.217.194.0-255,2902,126116,19,250496
22092,0.001485,172.31.36.0-255,66,126182,19,250496
22093,0.001491,172.217.194.0-255,4320,130502,19,250496
22094,0.001498,172.31.36.0-255,66,130568,19,250496
22095,0.001523,172.217.194.0-255,1484,132052,19,250496
22096,0.001536,172.31.36.0-255,66,132118,19,250496
22097,0.001563,172.217.194.0-255,1484,133602,19,250496
22098,0.001594,172.217.194.0-255,10692,144294,19,250496
22099,0.001598,172.31.36.0-255,66,144360,19,250496
22100,0.002173,172.217.194.0-255,1484,145844,19,250496
22101,0.002179,172.217.194.0-255,1484,147328,19,250496
22102,0.002182,172.31.36.0-255,66,147394,19,250496
22103,0.00221,172.217.194.0-255,1484,148878,19,250496
22104,0.002216,172.217.194.0-255,5738,154616,19,250496
22105,0.002219,172.31.36.0-255,66,154682,19,250496
22106,0.002255,172.31.36.0-255,66,154748,19,250496
22107,0.002258,172.217.194.0-255,1484,156232,19,250496
22108,0.002289,172.217.194.0-255,10692,166924,19,250496
22109,0.002291,172.31.36.0-255,66,166990,19,250496
22110,0.002506,172.217.194.0-255,1484,168474,19,250496
22111,0.002525,172.217.194.0-255,2902,171376,19,250496
22112,0.002528,172.31.36.0-255,66,171442,19,250496
22113,0.002535,172.217.194.0-255,5738,177180,19,250496
22114,0.002537,172.31.36.0-255,66,177246,19,250496
22115,0.002569,172.217.194.0-255,9992,187238,19,250496
22116,0.002572,172.31.36.0-255,66,187304,19,250496
22117,0.002616,172.31.36.0-255,66,187370,19,250496
22118,0.002643,172.217.194.0-255,5738,193108,19,250496
22119,0.002646,172.31.36.0-255,66,193174,19,250496
22120,0.002664,172.217.194.0-255,2184,195358,19,250496
22121,0.002666,172.31.36.0-255,66,195424,19,250496
22122,0.002674,172.217.194.0-255,8574,203998,19,250496
22123,0.002676,172.31.36.0-255,66,204064,19,250496
22124,0.002712,172.217.194.0-255,5738,209802,19,250496
22125,0.002715,172.31.36.0-255,66,209868,19,250496
22126,0.002747,172.217.194.0-255,5738,215606,19,250496
22127,0.002749,172.31.36.0-255,66,215672,19,250496
22128,0.005367,172.217.194.0-255,5738,221410,19,250496
22129,0.005375,172.31.36.0-255,66,221476,19,250496
22130,0.007977,172.217.194.0-255,5738,227214,19,250496
22131,0.007983,172.31.36.0-255,66,227280,19,250496
22132,0.0106,172.217.194.0-255,5738,233018,19,250496
22133,0.010608,172.31.36.0-255,66,233084,19,250496
22134,0.013213,172.217.194.0-255,5738,238822,19,250496
22135,0.013224,172.31.36.0-255,66,238888,19,250496
22136,0.015874,172.217.194.0-255,5738,244626,19,250496
22137,0.015884,172.31.36.0-255,66,244692,19,250496
22138,0.018529,172.217.194.0-255,5738,250430,19,250496
22139,0.018541,172.31.36.0-255,66,250496,19,250496
22140,0.0,172.31.36.0-255,105,105,19,276
22141,0.002076,157.240.13.0-255,105,210,19,276
22142,0.002094,172.31.36.0-255,66,276,19,276
22143,0.0,74.125.24.0-255,153,153,19,156854
22144,2.6e-05,172.31.36.0-255,66,219,19,156854
22145,3.2e-05,74.125.24.0-255,1484,1703,19,156854
22146,3.6e-05,172.31.36.0-255,66,1769,19,156854
22147,4.1e-05,74.125.24.0-255,2902,4671,19,156854
22148,4.4e-05,172.31.36.0-255,66,4737,19,156854
22149,5.1e-05,74.125.24.0-255,4320,9057,19,156854
22150,5.5e-05,172.31.36.0-255,66,9123,19,156854
22151,9.5e-05,74.125.24.0-255,2902,12025,19,156854
22152,9.8e-05,172.31.36.0-255,66,12091,19,156854
22153,0.000117,74.125.24.0-255,2104,14195,19,156854
22154,0.00012,172.31.36.0-255,66,14261,19,156854
22155,0.000137,74.125.24.0-255,1484,15745,19,156854
22156,0.00014,172.31.36.0-255,66,15811,19,156854
22157,0.000144,74.125.24.0-255,1484,17295,19,156854
22158,0.000146,172.31.36.0-255,66,17361,19,156854
22159,0.00016,74.125.24.0-255,1484,18845,19,156854
22160,0.000162,172.31.36.0-255,66,18911,19,156854
22161,0.00017,74.125.24.0-255,5738,24649,19,156854
22162,0.000175,172.31.36.0-255,66,24715,19,156854
22163,0.000213,74.125.24.0-255,6797,31512,19,156854
22164,0.000216,172.31.36.0-255,66,31578,19,156854
22165,0.000597,74.125.24.0-255,1484,33062,19,156854
22166,0.000602,172.31.36.0-255,66,33128,19,156854
22167,0.000612,74.125.24.0-255,2902,36030,19,156854
22168,0.000614,172.31.36.0-255,66,36096,19,156854
22169,0.00062,74.125.24.0-255,5738,41834,19,156854
22170,0.000622,172.31.36.0-255,66,41900,19,156854
22171,0.000627,74.125.24.0-255,2902,44802,19,156854
22172,0.000629,172.31.36.0-255,66,44868,19,156854
22173,0.000654,74.125.24.0-255,8215,53083,19,156854
22174,0.000657,172.31.36.0-255,66,53149,19,156854
22175,0.001058,74.125.24.0-255,131,53280,19,156854
22176,0.001063,74.125.24.0-255,348,53628,19,156854
22177,0.001576,74.125.24.0-255,1484,55112,19,156854
22178,0.001583,74.125.24.0-255,2902,58014,19,156854
22179,0.001613,74.125.24.0-255,5738,63752,19,156854
22180,0.00163,74.125.24.0-255,4320,68072,19,156854
22181,0.001659,74.125.24.0-255,8574,76646,19,156854
22182,0.001666,74.125.24.0-255,7156,83802,19,156854
22183,0.001704,74.125.24.0-255,3602,87404,19,156854
22184,0.002025,74.125.24.0-255,1484,88888,19,156854
22185,0.002043,74.125.24.0-255,2902,91790,19,156854
22186,0.002058,74.125.24.0-255,5738,97528,19,156854
22187,0.002077,74.125.24.0-255,5738,103266,19,156854
22188,0.002089,74.125.24.0-255,4320,107586,19,156854
22189,0.002104,74.125.24.0-255,8574,116160,19,156854
22190,0.003534,172.31.36.0-255,66,116226,19,156854
22191,0.005607,74.125.24.0-255,5738,121964,19,156854
22192,0.005614,172.31.36.0-255,66,122030,19,156854
22193,0.007684,74.125.24.0-255,5738,127768,19,156854
22194,0.007691,172.31.36.0-255,66,127834,19,156854
22195,0.009773,74.125.24.0-255,5738,133572,19,156854
22196,0.009781,172.31.36.0-255,66,133638,19,156854
22197,0.011858,74.125.24.0-255,5738,139376,19,156854
22198,0.011866,172.31.36.0-255,66,139442,19,156854
22199,0.013931,74.125.24.0-255,5738,145180,19,156854
22200,0.013947,172.31.36.0-255,66,145246,19,156854
22201,0.01602,74.125.24.0-255,5738,150984,19,156854
22202,0.01603,172.31.36.0-255,66,151050,19,156854
22203,0.018087,74.125.24.0-255,5738,156788,19,156854
22204,0.018094,172.31.36.0-255,66,156854,19,156854
22205,0.0,74.125.24.0-255,152,152,19,325492
22206,2.7e-05,172.31.36.0-255,66,218,19,325492
22207,3.4e-05,74.125.24.0-255,1484,1702,19,325492
22208,3.8e-05,172.31.36.0-255,66,1768,19,325492
22209,4.1e-05,74.125.24.0-255,1484,3252,19,325492
22210,4.3e-05,172.31.36.0-255,66,3318,19,325492
22211,6.5e-05,74.125.24.0-255,1484,4802,19,325492
22212,6.7e-05,172.31.36.0-255,66,4868,19,325492
22213,7.4e-05,74.125.24.0-255,5738,10606,19,325492
22214,7.6e-05,172.31.36.0-255,66,10672,19,325492
22215,7.9e-05,74.125.24.0-255,1484,12156,19,325492
22216,8.3e-05,172.31.36.0-255,66,12222,19,325492
22217,0.0001,74.125.24.0-255,2048,14270,19,325492
22218,0.000102,172.31.36.0-255,66,14336,19,325492
22219,0.000107,74.125.24.0-255,4320,18656,19,325492
22220,0.00011,172.31.36.0-255,66,18722,19,325492
22221,0.000113,74.125.24.0-255,1484,20206,19,325492
22222,0.000115,172.31.36.0-255,66,20272,19,325492
22223,0.000136,74.125.24.0-255,8574,28846,19,325492
22224,0.000139,172.31.36.0-255,66,28912,19,325492
22225,0.000144,74.125.24.0-255,2543,31455,19,325492
22226,0.000146,172.31.36.0-255,66,31521,19,325492
22227,0.000545,74.125.24.0-255,1484,33005,19,325492
22228,0.000551,172.31.36.0-255,66,33071,19,325492
22229,0.000558,74.125.24.0-255,2902,35973,19,325492
22230,0.000561,172.31.36.0-255,66,36039,19,325492
22231,0.000564,74.125.24.0-255,1484,37523,19,325492
22232,0.000566,172.31.36.0-255,66,37589,19,325492
22233,0.000593,74.125.24.0-255,4320,41909,19,325492
22234,0.000597,172.31.36.0-255,66,41975,19,325492
22235,0.000602,74.125.24.0-255,2902,44877,19,325492
22236,0.000604,172.31.36.0-255,66,44943,19,325492
22237,0.000622,74.125.24.0-255,8215,53158,19,325492
22238,0.000628,74.125.24.0-255,4320,57478,19,325492
22239,0.000628,172.31.36.0-255,66,57544,19,325492
22240,0.00064,172.31.36.0-255,66,57610,19,325492
22241,0.000646,74.125.24.0-255,7156,64766,19,325492
22242,0.000649,74.125.24.0-255,1433,66199,19,325492
22243,0.000656,172.31.36.0-255,66,66265,19,325492
22244,0.000739,74.125.24.0-255,114,66379,19,325492
22245,0.000758,74.125.24.0-255,329,66708,19,325492
22246,0.001016,172.31.36.0-255,66,66774,19,325492
22247,0.001087,74.125.24.0-255,1484,68258,19,325492
22248,0.001095,74.125.24.0-255,2902,71160,19,325492
22249,0.001099,172.31.36.0-255,66,71226,19,325492
22250,0.001123,74.125.24.0-255,5738,76964,19,325492
22251,0.001126,172.31.36.0-255,66,77030,19,325492
22252,0.001135,74.125.24.0-255,7156,84186,19,325492
22253,0.001137,172.31.36.0-255,66,84252,19,325492
22254,0.001157,74.125.24.0-255,5738,89990,19,325492
22255,0.001161,172.31.36.0-255,66,90056,19,325492
22256,0.001165,74.125.24.0-255,2902,92958,19,325492
22257,0.001167,172.31.36.0-255,66,93024,19,325492
22258,0.001197,74.125.24.0-255,7856,100880,19,325492
22259,0.0012,172.31.36.0-255,66,100946,19,325492
22260,0.001392,74.125.24.0-255,1484,102430,19,325492
22261,0.0014,74.125.24.0-255,2902,105332,19,325492
22262,0.001403,172.31.36.0-255,66,105398,19,325492
22263,0.001421,74.125.24.0-255,1484,106882,19,325492
22264,0.001426,74.125.24.0-255,2902,109784,19,325492
22265,0.001428,172.31.36.0-255,66,109850,19,325492
22266,0.001446,74.125.24.0-255,5738,115588,19,325492
22267,0.001462,74.125.24.0-255,2902,118490,19,325492
22268,0.001494,74.125.24.0-255,9992,128482,19,325492
22269,0.0015,74.125.24.0-255,6438,134920,19,325492
22270,0.001665,74.125.24.0-255,1484,136404,19,325492
22271,0.001672,74.125.24.0-255,2902,139306,19,325492
22272,0.001694,74.125.24.0-255,2902,142208,19,325492
22273,0.001706,74.125.24.0-255,2902,145110,19,325492
22274,0.001709,74.125.24.0-255,1484,146594,19,325492
22275,0.001733,74.125.24.0-255,9992,156586,19,325492
22276,0.001752,74.125.24.0-255,1484,158070,19,325492
22277,0.00176,74.125.24.0-255,9992,168062,19,325492
22278,0.00177,74.125.24.0-255,766,168828,19,325492
22279,0.001904,74.125.24.0-255,1484,170312,19,325492
22280,0.00192,74.125.24.0-255,2902,173214,19,325492
22281,0.001933,74.125.24.0-255,4320,177534,19,325492
22282,0.001948,74.125.24.0-255,1484,179018,19,325492
22283,0.001955,74.125.24.0-255,7156,186174,19,325492
22284,0.002014,74.125.24.0-255,2184,188358,19,325492
22285,0.0024,74.125.24.0-255,1484,189842,19,325492
22286,0.002404,74.125.24.0-255,2902,192744,19,325492
22287,0.002421,74.125.24.0-255,1484,194228,19,325492
22288,0.002423,74.125.24.0-255,1484,195712,19,325492
22289,0.002444,74.125.24.0-255,1484,197196,19,325492
22290,0.002467,74.125.24.0-255,9992,207188,19,325492
22291,0.002474,74.125.24.0-255,8574,215762,19,325492
22292,0.002511,74.125.24.0-255,1484,217246,19,325492
22293,0.002529,74.125.24.0-255,5020,222266,19,325492
22294,0.002838,74.125.24.0-255,1484,223750,19,325492
22295,0.002855,74.125.24.0-255,1484,225234,19,325492
22296,0.002866,74.125.24.0-255,2902,228136,19,325492
22297,0.002878,74.125.24.0-255,2902,231038,19,325492
22298,0.002891,74.125.24.0-255,2902,233940,19,325492
22299,0.002895,74.125.24.0-255,2902,236842,19,325492
22300,0.002924,74.125.24.0-255,5738,242580,19,325492
22301,0.002927,74.125.24.0-255,1484,244064,19,325492
22302,0.002929,74.125.24.0-255,1484,245548,19,325492
22303,0.002936,74.125.24.0-255,5738,251286,19,325492
22304,0.002953,74.125.24.0-255,2902,254188,19,325492
22305,0.002968,74.125.24.0-255,2184,256372,19,325492
22306,0.003315,74.125.24.0-255,1484,257856,19,325492
22307,0.003319,74.125.24.0-255,1484,259340,19,325492
22308,0.003331,74.125.24.0-255,1484,260824,19,325492
22309,0.003335,74.125.24.0-255,2902,263726,19,325492
22310,0.003354,74.125.24.0-255,2902,266628,19,325492
22311,0.003359,74.125.24.0-255,4320,270948,19,325492
22312,0.003382,74.125.24.0-255,1484,272432,19,325492
22313,0.003394,74.125.24.0-255,2902,275334,19,325492
22314,0.003413,74.125.24.0-255,9992,285326,19,325492
22315,0.003447,74.125.24.0-255,5738,291064,19,325492
22316,0.00346,74.125.24.0-255,1484,292548,19,325492
22317,0.003462,74.125.24.0-255,1484,294032,19,325492
22318,0.003485,74.125.24.0-255,4320,298352,19,325492
22319,0.003518,74.125.24.0-255,1484,299836,19,325492
22320,0.003525,74.125.24.0-255,5738,305574,19,325492
22321,0.0036,74.125.24.0-255,8574,314148,19,325492
22322,0.003613,74.125.24.0-255,2184,316332,19,325492
22323,0.003635,74.125.24.0-255,1484,317816,19,325492
22324,0.003664,74.125.24.0-255,7334,325150,19,325492
22325,0.003674,74.125.24.0-255,105,325255,19,325492
22326,0.004344,172.31.36.0-255,66,325321,19,325492
22327,0.006946,172.31.36.0-255,105,325426,19,325492
22328,0.00922,74.125.24.0-255,66,325492,19,325492
22329,0.0,172.217.194.0-255,153,153,19,282905
22330,2.5e-05,172.31.36.0-255,66,219,19,282905
22331,3.2e-05,172.217.194.0-255,1484,1703,19,282905
22332,3.6e-05,172.31.36.0-255,66,1769,19,282905
22333,4.2e-05,172.217.194.0-255,2902,4671,19,282905
22334,4.5e-05,172.31.36.0-255,66,4737,19,282905
22335,5.2e-05,172.217.194.0-255,7156,11893,19,282905
22336,5.5e-05,172.31.36.0-255,66,11959,19,282905
22337,5.8e-05,172.217.194.0-255,1484,13443,19,282905
22338,6.1e-05,172.31.36.0-255,66,13509,19,282905
22339,6.5e-05,172.217.194.0-255,688,14197,19,282905
22340,6.8e-05,172.31.36.0-255,66,14263,19,282905
22341,0.000222,172.217.194.0-255,1484,15747,19,282905
22342,0.000227,172.31.36.0-255,66,15813,19,282905
22343,0.000233,172.217.194.0-255,2902,18715,19,282905
22344,0.000236,172.31.36.0-255,66,18781,19,282905
22345,0.00024,172.217.194.0-255,2902,21683,19,282905
22346,0.000243,172.31.36.0-255,66,21749,19,282905
22347,0.000258,172.217.194.0-255,2902,24651,19,282905
22348,0.000261,172.31.36.0-255,66,24717,19,282905
22349,0.000284,172.217.194.0-255,1484,26201,19,282905
22350,0.000287,172.31.36.0-255,66,26267,19,282905
22351,0.000312,172.31.36.0-255,66,26333,19,282905
22352,0.000337,172.217.194.0-255,5738,32071,19,282905
22353,0.00034,172.31.36.0-255,66,32137,19,282905
22354,0.00036,172.217.194.0-255,3961,36098,19,282905
22355,0.000362,172.31.36.0-255,66,36164,19,282905
22356,0.000403,172.217.194.0-255,9992,46156,19,282905
22357,0.000406,172.31.36.0-255,66,46222,19,282905
22358,0.000438,172.217.194.0-255,4320,50542,19,282905
22359,0.000441,172.31.36.0-255,66,50608,19,282905
22360,0.000459,172.217.194.0-255,2794,53402,19,282905
22361,0.000461,172.31.36.0-255,66,53468,19,282905
22362,0.000464,172.217.194.0-255,404,53872,19,282905
22363,0.000615,172.217.194.0-255,1484,55356,19,282905
22364,0.00062,172.31.36.0-255,66,55422,19,282905
22365,0.000627,172.217.194.0-255,2902,58324,19,282905
22366,0.000629,172.31.36.0-255,66,58390,19,282905
22367,0.000634,172.217.194.0-255,4320,62710,19,282905
22368,0.000637,172.31.36.0-255,66,62776,19,282905
22369,0.00066,172.217.194.0-255,1484,64260,19,282905
22370,0.000667,172.217.194.0-255,5738,69998,19,282905
22371,0.000669,172.31.36.0-255,66,70064,19,282905
22372,0.000709,172.217.194.0-255,9992,80056,19,282905
22373,0.000711,172.31.36.0-255,66,80122,19,282905
22374,0.000727,172.217.194.0-255,2902,83024,19,282905
22375,0.000732,172.217.194.0-255,5020,88044,19,282905
22376,0.000736,172.31.36.0-255,66,88110,19,282905
22377,0.00074,172.31.36.0-255,66,88176,19,282905
22378,0.000876,172.217.194.0-255,1484,89660,19,282905
22379,0.000883,172.217.194.0-255,2902,92562,19,282905
22380,0.000886,172.31.36.0-255,66,92628,19,282905
22381,0.000915,172.217.194.0-255,5738,98366,19,282905
22382,0.000918,172.31.36.0-255,66,98432,19,282905
22383,0.000927,172.217.194.0-255,9992,108424,19,282905
22384,0.00093,172.31.36.0-255,66,108490,19,282905
22385,0.000965,172.217.194.0-255,9992,118482,19,282905
22386,0.000968,172.31.36.0-255,66,118548,19,282905
22387,0.000987,172.217.194.0-255,3602,122150,19,282905
22388,0.00099,172.31.36.0-255,66,122216,19,282905
22389,0.001464,172.217.194.0-255,1484,123700,19,282905
22390,0.00147,172.217.194.0-255,2902,126602,19,282905
22391,0.001474,172.31.36.0-255,66,126668,19,282905
22392,0.001479,172.217.194.0-255,2902,129570,19,282905
22393,0.001481,172.31.36.0-255,66,129636,19,282905
22394,0.001497,172.217.194.0-255,2902,132538,19,282905
22395,0.0015,172.31.36.0-255,66,132604,19,282905
22396,0.001508,172.217.194.0-255,8574,141178,19,282905
22397,0.00151,172.31.36.0-255,66,141244,19,282905
22398,0.001533,172.217.194.0-255,4320,145564,19,282905
22399,0.001535,172.31.36.0-255,66,145630,19,282905
22400,0.001544,172.217.194.0-255,9992,155622,19,282905
22401,0.001546,172.31.36.0-255,66,155688,19,282905
22402,0.001549,172.217.194.0-255,766,156454,19,282905
22403,0.001623,172.217.194.0-255,1484,157938,19,282905
22404,0.001627,172.217.194.0-255,2902,160840,19,282905
22405,0.001632,172.31.36.0-255,66,160906,19,282905
22406,0.001636,172.31.36.0-255,66,160972,19,282905
22407,0.001655,172.217.194.0-255,5738,166710,19,282905
22408,0.001658,172.31.36.0-255,66,166776,19,282905
22409,0.001661,172.217.194.0-255,1484,168260,19,282905
22410,0.00169,172.31.36.0-255,66,168326,19,282905
22411,0.0017,172.217.194.0-255,9992,178318,19,282905
22412,0.001702,172.31.36.0-255,66,178384,19,282905
22413,0.001724,172.217.194.0-255,766,179150,19,282905
22414,0.001759,172.217.194.0-255,1484,180634,19,282905
22415,0.001762,172.31.36.0-255,66,180700,19,282905
22416,0.001785,172.217.194.0-255,4320,185020,19,282905
22417,0.001787,172.31.36.0-255,66,185086,19,282905
22418,0.001795,172.217.194.0-255,5738,190824,19,282905
22419,0.001797,172.31.36.0-255,66,190890,19,282905
22420,0.001813,172.217.194.0-255,1484,192374,19,282905
22421,0.001822,172.217.194.0-255,8574,200948,19,282905
22422,0.001824,172.31.36.0-255,66,201014,19,282905
22423,0.001854,172.217.194.0-255,7156,208170,19,282905
22424,0.001856,172.31.36.0-255,66,208236,19,282905
22425,0.001862,172.217.194.0-255,5020,213256,19,282905
22426,0.001865,172.31.36.0-255,66,213322,19,282905
22427,0.001936,172.217.194.0-255,1484,214806,19,282905
22428,0.001952,172.217.194.0-255,2902,217708,19,282905
22429,0.001956,172.31.36.0-255,66,217774,19,282905
22430,0.001963,172.217.194.0-255,5738,223512,19,282905
22431,0.001965,172.31.36.0-255,66,223578,19,282905
22432,0.002003,172.31.36.0-255,66,223644,19,282905
22433,0.002014,172.217.194.0-255,1484,225128,19,282905
22434,0.002023,172.217.194.0-255,8574,233702,19,282905
22435,0.002025,172.31.36.0-255,66,233768,19,282905
22436,0.002044,172.217.194.0-255,2184,235952,19,282905
22437,0.002047,172.31.36.0-255,66,236018,19,282905
22438,0.002094,172.217.194.0-255,1484,237502,19,282905
22439,0.002109,172.217.194.0-255,2902,240404,19,282905
22440,0.002146,172.217.194.0-255,4320,244724,19,282905
22441,0.00215,172.31.36.0-255,66,244790,19,282905
22442,0.002158,172.31.36.0-255,66,244856,19,282905
22443,0.002162,172.217.194.0-255,1484,246340,19,282905
22444,0.002176,172.31.36.0-255,66,246406,19,282905
22445,0.002183,172.217.194.0-255,7156,253562,19,282905
22446,0.002185,172.31.36.0-255,66,253628,19,282905
22447,0.002203,172.217.194.0-255,7156,260784,19,282905
22448,0.002206,172.31.36.0-255,66,260850,19,282905
22449,0.00224,172.31.36.0-255,66,260916,19,282905
22450,0.002254,172.31.36.0-255,66,260982,19,282905
22451,0.002278,172.217.194.0-255,4320,265302,19,282905
22452,0.00228,172.31.36.0-255,66,265368,19,282905
22453,0.002316,172.31.36.0-255,66,265434,19,282905
22454,0.002343,172.217.194.0-255,9274,274708,19,282905
22455,0.002375,172.217.194.0-255,7855,282563,19,282905
22456,0.002378,172.217.194.0-255,105,282668,19,282905
22457,0.002393,172.31.36.0-255,66,282734,19,282905
22458,0.008677,172.31.36.0-255,105,282839,19,282905
22459,0.011127,172.217.194.0-255,66,282905,19,282905
22460,0.0,172.253.118.0-255,154,154,19,229248
22461,1.9e-05,172.31.36.0-255,66,220,19,229248
22462,2.6e-05,172.253.118.0-255,1484,1704,19,229248
22463,3e-05,172.31.36.0-255,66,1770,19,229248
22464,3.5e-05,172.253.118.0-255,2902,4672,19,229248
22465,3.9e-05,172.31.36.0-255,66,4738,19,229248
22466,6.5e-05,172.253.118.0-255,7156,11894,19,229248
22467,6.9e-05,172.31.36.0-255,66,11960,19,229248
22468,7.4e-05,172.253.118.0-255,2066,14026,19,229248
22469,7.6e-05,172.31.36.0-255,66,14092,19,229248
22470,0.00011,172.253.118.0-255,2902,16994,19,229248
22471,0.000114,172.31.36.0-255,66,17060,19,229248
22472,0.000143,172.253.118.0-255,8574,25634,19,229248
22473,0.000147,172.31.36.0-255,66,25700,19,229248
22474,0.000154,172.253.118.0-255,5379,31079,19,229248
22475,0.000156,172.31.36.0-255,66,31145,19,229248
22476,0.000264,172.253.118.0-255,1484,32629,19,229248
22477,0.00027,172.31.36.0-255,66,32695,19,229248
22478,0.000276,172.253.118.0-255,2902,35597,19,229248
22479,0.000278,172.31.36.0-255,66,35663,19,229248
22480,0.000285,172.253.118.0-255,5738,41401,19,229248
22481,0.000288,172.31.36.0-255,66,41467,19,229248
22482,0.000319,172.253.118.0-255,2902,44369,19,229248
22483,0.000322,172.31.36.0-255,66,44435,19,229248
22484,0.000345,172.31.36.0-255,66,44501,19,229248
22485,0.000352,172.253.118.0-255,7156,51657,19,229248
22486,0.000354,172.31.36.0-255,66,51723,19,229248
22487,0.000398,172.253.118.0-255,2850,54573,19,229248
22488,0.000402,172.31.36.0-255,66,54639,19,229248
22489,0.000406,172.253.118.0-255,114,54753,19,229248
22490,0.000407,172.31.36.0-255,66,54819,19,229248
22491,0.000554,172.253.118.0-255,1484,56303,19,229248
22492,0.000562,172.253.118.0-255,2902,59205,19,229248
22493,0.000566,172.31.36.0-255,66,59271,19,229248
22494,0.000573,172.253.118.0-255,5738,65009,19,229248
22495,0.000575,172.31.36.0-255,66,65075,19,229248
22496,0.000578,172.253.118.0-255,1484,66559,19,229248
22497,0.000616,172.253.118.0-255,5379,71938,19,229248
22498,0.000621,172.31.36.0-255,66,72004,19,229248
22499,0.000635,172.31.36.0-255,66,72070,19,229248
22500,0.000642,172.253.118.0-255,7156,79226,19,229248
22501,0.000645,172.31.36.0-255,66,79292,19,229248
22502,0.000668,172.253.118.0-255,2902,82194,19,229248
22503,0.000672,172.31.36.0-255,66,82260,19,229248
22504,0.000694,172.253.118.0-255,9274,91534,19,229248
22505,0.000698,172.31.36.0-255,66,91600,19,229248
22506,0.000731,172.253.118.0-255,1484,93084,19,229248
22507,0.000736,172.253.118.0-255,1484,94568,19,229248
22508,0.000739,172.31.36.0-255,66,94634,19,229248
22509,0.000766,172.253.118.0-255,1484,96118,19,229248
22510,0.000773,172.253.118.0-255,5738,101856,19,229248
22511,0.000779,172.31.36.0-255,66,101922,19,229248
22512,0.000791,172.253.118.0-255,4320,106242,19,229248
22513,0.000794,172.31.36.0-255,66,106308,19,229248
22514,0.000811,172.253.118.0-255,5064,111372,19,229248
22515,0.000814,172.31.36.0-255,66,111438,19,229248
22516,0.000821,172.253.118.0-255,7156,118594,19,229248
22517,0.000823,172.31.36.0-255,66,118660,19,229248
22518,0.000864,172.253.118.0-255,2902,121562,19,229248
22519,0.000867,172.31.36.0-255,66,121628,19,229248
22520,0.000884,172.31.36.0-255,66,121694,19,229248
22521,0.000889,172.253.118.0-255,5020,126714,19,229248
22522,0.000892,172.31.36.0-255,66,126780,19,229248
22523,0.001662,172.253.118.0-255,1484,128264,19,229248
22524,0.00167,172.253.118.0-255,2902,131166,19,229248
22525,0.001674,172.31.36.0-255,66,131232,19,229248
22526,0.001681,172.253.118.0-255,5738,136970,19,229248
22527,0.001683,172.31.36.0-255,66,137036,19,229248
22528,0.001713,172.253.118.0-255,8574,145610,19,229248
22529,0.001715,172.31.36.0-255,66,145676,19,229248
22530,0.001735,172.253.118.0-255,2902,148578,19,229248
22531,0.001737,172.31.36.0-255,66,148644,19,229248
22532,0.00175,172.31.36.0-255,66,148710,19,229248
22533,0.001969,172.253.118.0-255,1484,150194,19,229248
22534,0.001989,172.253.118.0-255,2902,153096,19,229248
22535,0.001992,172.31.36.0-255,66,153162,19,229248
22536,0.001999,172.253.118.0-255,5738,158900,19,229248
22537,0.002001,172.31.36.0-255,66,158966,19,229248
22538,0.002007,172.253.118.0-255,5738,164704,19,229248
22539,0.002009,172.31.36.0-255,66,164770,19,229248
22540,0.002038,172.253.118.0-255,1484,166254,19,229248
22541,0.002047,172.253.118.0-255,8574,174828,19,229248
22542,0.002049,172.31.36.0-255,66,174894,19,229248
22543,0.002057,172.253.118.0-255,7856,182750,19,229248
22544,0.002059,172.31.36.0-255,66,182816,19,229248
22545,0.004075,172.253.118.0-255,5738,188554,19,229248
22546,0.00408,172.31.36.0-255,66,188620,19,229248
22547,0.006129,172.253.118.0-255,5738,194358,19,229248
22548,0.006133,172.31.36.0-255,66,194424,19,229248
22549,0.008157,172.253.118.0-255,5738,200162,19,229248
22550,0.008163,172.31.36.0-255,66,200228,19,229248
22551,0.010192,172.253.118.0-255,5738,205966,19,229248
22552,0.010199,172.31.36.0-255,66,206032,19,229248
22553,0.0122,172.253.118.0-255,5738,211770,19,229248
22554,0.012206,172.31.36.0-255,66,211836,19,229248
22555,0.014227,172.253.118.0-255,5738,217574,19,229248
22556,0.014233,172.31.36.0-255,66,217640,19,229248
22557,0.016266,172.253.118.0-255,5738,223378,19,229248
22558,0.016273,172.31.36.0-255,66,223444,19,229248
22559,0.018314,172.253.118.0-255,5738,229182,19,229248
22560,0.018322,172.31.36.0-255,66,229248,19,229248
22561,0.0,74.125.24.0-255,153,153,19,133142
22562,3e-05,172.31.36.0-255,66,219,19,133142
22563,3.7e-05,74.125.24.0-255,1484,1703,19,133142
22564,4.2e-05,172.31.36.0-255,66,1769,19,133142
22565,5.4e-05,74.125.24.0-255,2902,4671,19,133142
22566,5.8e-05,172.31.36.0-255,66,4737,19,133142
22567,6.3e-05,74.125.24.0-255,4320,9057,19,133142
22568,6.7e-05,172.31.36.0-255,66,9123,19,133142
22569,9.8e-05,74.125.24.0-255,4873,13996,19,133142
22570,0.000102,172.31.36.0-255,66,14062,19,133142
22571,0.000184,74.125.24.0-255,1484,15546,19,133142
22572,0.000188,172.31.36.0-255,66,15612,19,133142
22573,0.000192,74.125.24.0-255,1484,17096,19,133142
22574,0.000194,172.31.36.0-255,66,17162,19,133142
22575,0.000228,74.125.24.0-255,1484,18646,19,133142
22576,0.00023,172.31.36.0-255,66,18712,19,133142
22577,0.000237,74.125.24.0-255,5738,24450,19,133142
22578,0.00024,172.31.36.0-255,66,24516,19,133142
22579,0.000252,74.125.24.0-255,6797,31313,19,133142
22580,0.000255,172.31.36.0-255,66,31379,19,133142
22581,0.000441,74.125.24.0-255,1484,32863,19,133142
22582,0.000446,172.31.36.0-255,66,32929,19,133142
22583,0.000452,74.125.24.0-255,2902,35831,19,133142
22584,0.000454,172.31.36.0-255,66,35897,19,133142
22585,0.000469,74.125.24.0-255,5738,41635,19,133142
22586,0.000471,172.31.36.0-255,66,41701,19,133142
22587,0.000504,74.125.24.0-255,6797,48498,19,133142
22588,0.000507,172.31.36.0-255,66,48564,19,133142
22589,0.000601,74.125.24.0-255,1484,50048,19,133142
22590,0.000605,172.31.36.0-255,66,50114,19,133142
22591,0.000637,74.125.24.0-255,2902,53016,19,133142
22592,0.000641,172.31.36.0-255,66,53082,19,133142
22593,0.000648,74.125.24.0-255,5738,58820,19,133142
22594,0.00065,172.31.36.0-255,66,58886,19,133142
22595,0.000663,74.125.24.0-255,7141,66027,19,133142
22596,0.000668,172.31.36.0-255,66,66093,19,133142
22597,0.001733,74.125.24.0-255,332,66425,19,133142
22598,0.001959,74.125.24.0-255,1484,67909,19,133142
22599,0.001963,172.31.36.0-255,66,67975,19,133142
22600,0.001982,74.125.24.0-255,2902,70877,19,133142
22601,0.001984,172.31.36.0-255,66,70943,19,133142
22602,0.001991,74.125.24.0-255,5738,76681,19,133142
22603,0.001993,172.31.36.0-255,66,76747,19,133142
22604,0.002022,74.125.24.0-255,4320,81067,19,133142
22605,0.002024,172.31.36.0-255,66,81133,19,133142
22606,0.002053,74.125.24.0-255,2543,83676,19,133142
22607,0.002055,172.31.36.0-255,66,83742,19,133142
22608,0.002059,74.125.24.0-255,2902,86644,19,133142
22609,0.002061,172.31.36.0-255,66,86710,19,133142
22610,0.004109,74.125.24.0-255,5738,92448,19,133142
22611,0.004115,172.31.36.0-255,66,92514,19,133142
22612,0.006155,74.125.24.0-255,5738,98252,19,133142
22613,0.006159,172.31.36.0-255,66,98318,19,133142
22614,0.008203,74.125.24.0-255,5738,104056,19,133142
22615,0.008209,172.31.36.0-255,66,104122,19,133142
22616,0.010271,74.125.24.0-255,5738,109860,19,133142
22617,0.010281,172.31.36.0-255,66,109926,19,133142
22618,0.012324,74.125.24.0-255,5738,115664,19,133142
22619,0.012332,172.31.36.0-255,66,115730,19,133142
22620,0.014372,74.125.24.0-255,5738,121468,19,133142
22621,0.01438,172.31.36.0-255,66,121534,19,133142
22622,0.016472,74.125.24.0-255,5738,127272,19,133142
22623,0.016479,172.31.36.0-255,66,127338,19,133142
22624,0.018548,74.125.24.0-255,5738,133076,19,133142
22625,0.018557,172.31.36.0-255,66,133142,19,133142
22626,0.0,74.125.24.0-255,153,153,19,324552
22627,3.5e-05,172.31.36.0-255,66,219,19,324552
22628,4.2e-05,74.125.24.0-255,1484,1703,19,324552
22629,4.6e-05,172.31.36.0-255,66,1769,19,324552
22630,5.1e-05,74.125.24.0-255,2902,4671,19,324552
22631,5.4e-05,172.31.36.0-255,66,4737,19,324552
22632,6.3e-05,74.125.24.0-255,7156,11893,19,324552
22633,6.6e-05,172.31.36.0-255,66,11959,19,324552
22634,7e-05,74.125.24.0-255,2053,14012,19,324552
22635,7.2e-05,172.31.36.0-255,66,14078,19,324552
22636,7.9e-05,74.125.24.0-255,5738,19816,19,324552
22637,8.1e-05,172.31.36.0-255,66,19882,19,324552
22638,0.000107,74.125.24.0-255,5738,25620,19,324552
22639,0.00011,172.31.36.0-255,66,25686,19,324552
22640,0.000116,74.125.24.0-255,5379,31065,19,324552
22641,0.000118,172.31.36.0-255,66,31131,19,324552
22642,0.000196,74.125.24.0-255,1484,32615,19,324552
22643,0.0002,172.31.36.0-255,66,32681,19,324552
22644,0.000218,74.125.24.0-255,2902,35583,19,324552
22645,0.000221,172.31.36.0-255,66,35649,19,324552
22646,0.000227,74.125.24.0-255,5738,41387,19,324552
22647,0.00023,172.31.36.0-255,66,41453,19,324552
22648,0.000259,172.31.36.0-255,66,41519,19,324552
22649,0.000273,74.125.24.0-255,1484,43003,19,324552
22650,0.000276,172.31.36.0-255,66,43069,19,324552
22651,0.000297,74.125.24.0-255,9274,52343,19,324552
22652,0.000301,172.31.36.0-255,66,52409,19,324552
22653,0.000304,74.125.24.0-255,443,52852,19,324552
22654,0.000306,172.31.36.0-255,66,52918,19,324552
22655,0.000485,74.125.24.0-255,1484,54402,19,324552
22656,0.000489,172.31.36.0-255,66,54468,19,324552
22657,0.000496,74.125.24.0-255,2902,57370,19,324552
22658,0.000499,172.31.36.0-255,66,57436,19,324552
22659,0.000529,74.125.24.0-255,5738,63174,19,324552
22660,0.000532,172.31.36.0-255,66,63240,19,324552
22661,0.00054,74.125.24.0-255,8574,71814,19,324552
22662,0.000542,172.31.36.0-255,66,71880,19,324552
22663,0.000559,74.125.24.0-255,4320,76200,19,324552
22664,0.000562,172.31.36.0-255,66,76266,19,324552
22665,0.00057,74.125.24.0-255,8574,84840,19,324552
22666,0.000573,172.31.36.0-255,66,84906,19,324552
22667,0.000597,74.125.24.0-255,2449,87355,19,324552
22668,0.0006,172.31.36.0-255,66,87421,19,324552
22669,0.000658,74.125.24.0-255,1484,88905,19,324552
22670,0.000663,74.125.24.0-255,2902,91807,19,324552
22671,0.000667,172.31.36.0-255,66,91873,19,324552
22672,0.000691,74.125.24.0-255,5738,97611,19,324552
22673,0.000694,172.31.36.0-255,66,97677,19,324552
22674,0.0007,74.125.24.0-255,4320,101997,19,324552
22675,0.000702,172.31.36.0-255,66,102063,19,324552
22676,0.000716,74.125.24.0-255,4320,106383,19,324552
22677,0.000719,172.31.36.0-255,66,106449,19,324552
22678,0.000753,74.125.24.0-255,4320,110769,19,324552
22679,0.000757,172.31.36.0-255,66,110835,19,324552
22680,0.000781,74.125.24.0-255,10143,120978,19,324552
22681,0.000786,172.31.36.0-255,66,121044,19,324552
22682,0.000795,74.125.24.0-255,1484,122528,19,324552
22683,0.000798,74.125.24.0-255,1484,124012,19,324552
22684,0.0008,172.31.36.0-255,66,124078,19,324552
22685,0.000824,74.125.24.0-255,1484,125562,19,324552
22686,0.00083,74.125.24.0-255,5738,131300,19,324552
22687,0.000833,172.31.36.0-255,66,131366,19,324552
22688,0.000841,74.125.24.0-255,7156,138522,19,324552
22689,0.000844,172.31.36.0-255,66,138588,19,324552
22690,0.000876,74.125.24.0-255,5738,144326,19,324552
22691,0.00088,172.31.36.0-255,66,144392,19,324552
22692,0.000887,74.125.24.0-255,8574,152966,19,324552
22693,0.00089,172.31.36.0-255,66,153032,19,324552
22694,0.000904,74.125.24.0-255,2184,155216,19,324552
22695,0.000907,172.31.36.0-255,66,155282,19,324552
22696,0.000911,74.125.24.0-255,2902,158184,19,324552
22697,0.000914,172.31.36.0-255,66,158250,19,324552
22698,0.000936,74.125.24.0-255,7156,165406,19,324552
22699,0.000939,172.31.36.0-255,66,165472,19,324552
22700,0.000955,74.125.24.0-255,2902,168374,19,324552
22701,0.000958,172.31.36.0-255,66,168440,19,324552
22702,0.000979,74.125.24.0-255,9992,178432,19,324552
22703,0.000983,172.31.36.0-255,66,178498,19,324552
22704,0.001,74.125.24.0-255,4320,182818,19,324552
22705,0.001003,172.31.36.0-255,66,182884,19,324552
22706,0.00103,74.125.24.0-255,6438,189322,19,324552
22707,0.001033,172.31.36.0-255,66,189388,19,324552
22708,0.001183,74.125.24.0-255,1484,190872,19,324552
22709,0.001187,74.125.24.0-255,1484,192356,19,324552
22710,0.00119,172.31.36.0-255,66,192422,19,324552
22711,0.001211,74.125.24.0-255,1484,193906,19,324552
22712,0.001217,74.125.24.0-255,5738,199644,19,324552
22713,0.00122,172.31.36.0-255,66,199710,19,324552
22714,0.001226,74.125.24.0-255,5738,205448,19,324552
22715,0.001228,172.31.36.0-255,66,205514,19,324552
22716,0.001242,74.125.24.0-255,2902,208416,19,324552
22717,0.001245,172.31.36.0-255,66,208482,19,324552
22718,0.001282,74.125.24.0-255,5738,214220,19,324552
22719,0.001286,172.31.36.0-255,66,214286,19,324552
22720,0.001311,74.125.24.0-255,9274,223560,19,324552
22721,0.001314,172.31.36.0-255,66,223626,19,324552
22722,0.00155,74.125.24.0-255,1484,225110,19,324552
22723,0.001555,74.125.24.0-255,2902,228012,19,324552
22724,0.001558,172.31.36.0-255,66,228078,19,324552
22725,0.001585,74.125.24.0-255,5738,233816,19,324552
22726,0.001588,172.31.36.0-255,66,233882,19,324552
22727,0.001616,74.125.24.0-255,8574,242456,19,324552
22728,0.00162,172.31.36.0-255,66,242522,19,324552
22729,0.001631,74.125.24.0-255,4320,246842,19,324552
22730,0.001634,172.31.36.0-255,66,246908,19,324552
22731,0.001643,74.125.24.0-255,9992,256900,19,324552
22732,0.001645,172.31.36.0-255,66,256966,19,324552
22733,0.001664,74.125.24.0-255,766,257732,19,324552
22734,0.001702,74.125.24.0-255,1484,259216,19,324552
22735,0.001706,172.31.36.0-255,66,259282,19,324552
22736,0.00171,74.125.24.0-255,2902,262184,19,324552
22737,0.001713,172.31.36.0-255,66,262250,19,324552
22738,0.001717,74.125.24.0-255,2902,265152,19,324552
22739,0.00172,172.31.36.0-255,66,265218,19,324552
22740,0.001741,74.125.24.0-255,2902,268120,19,324552
22741,0.001744,172.31.36.0-255,66,268186,19,324552
22742,0.001747,74.125.24.0-255,1484,269670,19,324552
22743,0.001755,74.125.24.0-255,8574,278244,19,324552
22744,0.001757,172.31.36.0-255,66,278310,19,324552
22745,0.001821,172.31.36.0-255,66,278376,19,324552
22746,0.001839,172.31.36.0-255,66,278442,19,324552
22747,0.001847,172.31.36.0-255,66,278508,19,324552
22748,0.00187,74.125.24.0-255,766,279274,19,324552
22749,0.002804,172.31.36.0-255,66,279340,19,324552
22750,0.003824,74.125.24.0-255,4320,283660,19,324552
22751,0.003831,172.31.36.0-255,66,283726,19,324552
22752,0.00479,74.125.24.0-255,1484,285210,19,324552
22753,0.005837,74.125.24.0-255,4320,289530,19,324552
22754,0.005842,172.31.36.0-255,66,289596,19,324552
22755,0.007843,74.125.24.0-255,2902,292498,19,324552
22756,0.007846,172.31.36.0-255,66,292564,19,324552
22757,0.007861,74.125.24.0-255,2902,295466,19,324552
22758,0.007863,172.31.36.0-255,66,295532,19,324552
22759,0.009835,74.125.24.0-255,5738,301270,19,324552
22760,0.009841,172.31.36.0-255,66,301336,19,324552
22761,0.011858,74.125.24.0-255,5738,307074,19,324552
22762,0.011867,172.31.36.0-255,66,307140,19,324552
22763,0.013879,74.125.24.0-255,5738,312878,19,324552
22764,0.013886,172.31.36.0-255,66,312944,19,324552
22765,0.015942,74.125.24.0-255,5738,318682,19,324552
22766,0.015951,172.31.36.0-255,66,318748,19,324552
22767,0.017983,74.125.24.0-255,5738,324486,19,324552
22768,0.017991,172.31.36.0-255,66,324552,19,324552
22769,0.0,74.125.68.0-255,153,153,19,181054
22770,3.4e-05,172.31.36.0-255,66,219,19,181054
22771,4.2e-05,74.125.68.0-255,1484,1703,19,181054
22772,4.7e-05,172.31.36.0-255,66,1769,19,181054
22773,5.2e-05,74.125.68.0-255,2902,4671,19,181054
22774,5.5e-05,172.31.36.0-255,66,4737,19,181054
22775,6.1e-05,74.125.68.0-255,4320,9057,19,181054
22776,6.4e-05,172.31.36.0-255,66,9123,19,181054
22777,8.8e-05,74.125.68.0-255,4831,13954,19,181054
22778,9e-05,172.31.36.0-255,66,14020,19,181054
22779,0.00082,74.125.68.0-255,1484,15504,19,181054
22780,0.000827,172.31.36.0-255,66,15570,19,181054
22781,0.00085,74.125.68.0-255,2902,18472,19,181054
22782,0.000853,172.31.36.0-255,66,18538,19,181054
22783,0.000861,74.125.68.0-255,5738,24276,19,181054
22784,0.000863,172.31.36.0-255,66,24342,19,181054
22785,0.000867,74.125.68.0-255,1484,25826,19,181054
22786,0.000869,172.31.36.0-255,66,25892,19,181054
22787,0.000892,74.125.68.0-255,5379,31271,19,181054
22788,0.000895,172.31.36.0-255,66,31337,19,181054
22789,0.000975,74.125.68.0-255,1484,32821,19,181054
22790,0.000981,172.31.36.0-255,66,32887,19,181054
22791,0.000986,74.125.68.0-255,2902,35789,19,181054
22792,0.000989,172.31.36.0-255,66,35855,19,181054
22793,0.001015,74.125.68.0-255,1484,37339,19,181054
22794,0.001019,172.31.36.0-255,66,37405,19,181054
22795,0.001023,74.125.68.0-255,2902,40307,19,181054
22796,0.001026,172.31.36.0-255,66,40373,19,181054
22797,0.001029,74.125.68.0-255,1484,41857,19,181054
22798,0.001032,172.31.36.0-255,66,41923,19,181054
22799,0.00105,74.125.68.0-255,4320,46243,19,181054
22800,0.001052,172.31.36.0-255,66,46309,19,181054
22801,0.001057,74.125.68.0-255,3961,50270,19,181054
22802,0.001059,172.31.36.0-255,66,50336,19,181054
22803,0.001078,74.125.68.0-255,4320,54656,19,181054
22804,0.00108,172.31.36.0-255,66,54722,19,181054
22805,0.001114,74.125.68.0-255,9992,64714,19,181054
22806,0.001116,74.125.68.0-255,1125,65839,19,181054
22807,0.001121,172.31.36.0-255,66,65905,19,181054
22808,0.001456,172.31.36.0-255,66,65971,19,181054
22809,0.001524,74.125.68.0-255,411,66382,19,181054
22810,0.001548,172.31.36.0-255,66,66448,19,181054
22811,0.001578,74.125.68.0-255,332,66780,19,181054
22812,0.001602,172.31.36.0-255,66,66846,19,181054
22813,0.001728,74.125.68.0-255,1484,68330,19,181054
22814,0.001746,74.125.68.0-255,2902,71232,19,181054
22815,0.00175,172.31.36.0-255,66,71298,19,181054
22816,0.001767,74.125.68.0-255,5738,77036,19,181054
22817,0.001769,172.31.36.0-255,66,77102,19,181054
22818,0.001799,74.125.68.0-255,7156,84258,19,181054
22819,0.001802,172.31.36.0-255,66,84324,19,181054
22820,0.001821,74.125.68.0-255,2902,87226,19,181054
22821,0.001824,172.31.36.0-255,66,87292,19,181054
22822,0.001837,74.125.68.0-255,4320,91612,19,181054
22823,0.001839,172.31.36.0-255,66,91678,19,181054
22824,0.001866,74.125.68.0-255,7156,98834,19,181054
22825,0.001869,172.31.36.0-255,66,98900,19,181054
22826,0.001872,74.125.68.0-255,2184,101084,19,181054
22827,0.001874,172.31.36.0-255,66,101150,19,181054
22828,0.001934,74.125.68.0-255,1484,102634,19,181054
22829,0.001947,74.125.68.0-255,2902,105536,19,181054
22830,0.00195,172.31.36.0-255,66,105602,19,181054
22831,0.001973,74.125.68.0-255,5738,111340,19,181054
22832,0.001975,172.31.36.0-255,66,111406,19,181054
22833,0.002003,74.125.68.0-255,5738,117144,19,181054
22834,0.002006,172.31.36.0-255,66,117210,19,181054
22835,0.002029,74.125.68.0-255,7156,124366,19,181054
22836,0.002032,172.31.36.0-255,66,124432,19,181054
22837,0.002062,74.125.68.0-255,4320,128752,19,181054
22838,0.002065,172.31.36.0-255,66,128818,19,181054
22839,0.002079,74.125.68.0-255,5738,134556,19,181054
22840,0.002082,172.31.36.0-255,66,134622,19,181054
22841,0.004088,74.125.68.0-255,5738,140360,19,181054
22842,0.004096,172.31.36.0-255,66,140426,19,181054
22843,0.006102,74.125.68.0-255,5738,146164,19,181054
22844,0.006111,172.31.36.0-255,66,146230,19,181054
22845,0.008125,74.125.68.0-255,5738,151968,19,181054
22846,0.008134,172.31.36.0-255,66,152034,19,181054
22847,0.010146,74.125.68.0-255,5738,157772,19,181054
22848,0.010153,172.31.36.0-255,66,157838,19,181054
22849,0.012164,74.125.68.0-255,5738,163576,19,181054
22850,0.012175,172.31.36.0-255,66,163642,19,181054
22851,0.014176,74.125.68.0-255,5738,169380,19,181054
22852,0.014183,172.31.36.0-255,66,169446,19,181054
22853,0.016187,74.125.68.0-255,5738,175184,19,181054
22854,0.016194,172.31.36.0-255,66,175250,19,181054
22855,0.018189,74.125.68.0-255,5738,180988,19,181054
22856,0.018196,172.31.36.0-255,66,181054,19,181054
22857,0.0,74.125.24.0-255,146,146,19,315827
22858,3.3e-05,172.31.36.0-255,66,212,19,315827
22859,4e-05,74.125.24.0-255,1484,1696,19,315827
22860,4.4e-05,172.31.36.0-255,66,1762,19,315827
22861,5e-05,74.125.24.0-255,2902,4664,19,315827
22862,5.3e-05,172.31.36.0-255,66,4730,19,315827
22863,6.1e-05,74.125.24.0-255,7156,11886,19,315827
22864,6.4e-05,172.31.36.0-255,66,11952,19,315827
22865,0.000101,172.31.36.0-255,66,12018,19,315827
22866,0.00013,74.125.24.0-255,4320,16338,19,315827
22867,0.000133,172.31.36.0-255,66,16404,19,315827
22868,0.000151,74.125.24.0-255,2543,18947,19,315827
22869,0.000154,172.31.36.0-255,66,19013,19,315827
22870,0.000172,74.125.24.0-255,1484,20497,19,315827
22871,0.000175,172.31.36.0-255,66,20563,19,315827
22872,0.00018,74.125.24.0-255,2902,23465,19,315827
22873,0.000182,172.31.36.0-255,66,23531,19,315827
22874,0.00021,74.125.24.0-255,5738,29269,19,315827
22875,0.000213,172.31.36.0-255,66,29335,19,315827
22876,0.000229,74.125.24.0-255,1484,30819,19,315827
22877,0.000232,172.31.36.0-255,66,30885,19,315827
22878,0.000262,172.31.36.0-255,66,30951,19,315827
22879,0.000281,74.125.24.0-255,2902,33853,19,315827
22880,0.000284,172.31.36.0-255,66,33919,19,315827
22881,0.000303,74.125.24.0-255,8154,42073,19,315827
22882,0.000307,172.31.36.0-255,66,42139,19,315827
22883,0.000309,74.125.24.0-255,378,42517,19,315827
22884,0.000312,172.31.36.0-255,66,42583,19,315827
22885,0.001103,74.125.24.0-255,1484,44067,19,315827
22886,0.001109,172.31.36.0-255,66,44133,19,315827
22887,0.001119,74.125.24.0-255,2902,47035,19,315827
22888,0.001121,172.31.36.0-255,66,47101,19,315827
22889,0.001128,74.125.24.0-255,5738,52839,19,315827
22890,0.00113,172.31.36.0-255,66,52905,19,315827
22891,0.001158,74.125.24.0-255,5738,58643,19,315827
22892,0.00116,172.31.36.0-255,66,58709,19,315827
22893,0.001181,74.125.24.0-255,7156,65865,19,315827
22894,0.001183,172.31.36.0-255,66,65931,19,315827
22895,0.001221,74.125.24.0-255,7156,73087,19,315827
22896,0.001223,172.31.36.0-255,66,73153,19,315827
22897,0.001241,74.125.24.0-255,3602,76755,19,315827
22898,0.001244,172.31.36.0-255,66,76821,19,315827
22899,0.001427,74.125.24.0-255,1484,78305,19,315827
22900,0.001436,74.125.24.0-255,2902,81207,19,315827
22901,0.00144,172.31.36.0-255,66,81273,19,315827
22902,0.001446,74.125.24.0-255,2902,84175,19,315827
22903,0.001448,172.31.36.0-255,66,84241,19,315827
22904,0.001495,74.125.24.0-255,4320,88561,19,315827
22905,0.0015,172.31.36.0-255,66,88627,19,315827
22906,0.00151,74.125.24.0-255,8574,97201,19,315827
22907,0.001512,172.31.36.0-255,66,97267,19,315827
22908,0.001519,74.125.24.0-255,7156,104423,19,315827
22909,0.001521,172.31.36.0-255,66,104489,19,315827
22910,0.001557,74.125.24.0-255,1484,105973,19,315827
22911,0.001586,74.125.24.0-255,10692,116665,19,315827
22912,0.00159,172.31.36.0-255,66,116731,19,315827
22913,0.001596,74.125.24.0-255,5738,122469,19,315827
22914,0.001598,172.31.36.0-255,66,122535,19,315827
22915,0.00163,74.125.24.0-255,7156,129691,19,315827
22916,0.001632,172.31.36.0-255,66,129757,19,315827
22917,0.00164,74.125.24.0-255,8574,138331,19,315827
22918,0.001642,172.31.36.0-255,66,138397,19,315827
22919,0.001652,74.125.24.0-255,1484,139881,19,315827
22920,0.001672,74.125.24.0-255,5020,144901,19,315827
22921,0.001675,172.31.36.0-255,66,144967,19,315827
22922,0.001709,74.125.24.0-255,2902,147869,19,315827
22923,0.001711,172.31.36.0-255,66,147935,19,315827
22924,0.001731,74.125.24.0-255,4320,152255,19,315827
22925,0.001733,172.31.36.0-255,66,152321,19,315827
22926,0.001761,74.125.24.0-255,7156,159477,19,315827
22927,0.001764,172.31.36.0-255,66,159543,19,315827
22928,0.001769,74.125.24.0-255,5738,165281,19,315827
22929,0.001772,172.31.36.0-255,66,165347,19,315827
22930,0.001785,74.125.24.0-255,2902,168249,19,315827
22931,0.001786,172.31.36.0-255,66,168315,19,315827
22932,0.001795,74.125.24.0-255,9992,178307,19,315827
22933,0.001797,172.31.36.0-255,66,178373,19,315827
22934,0.001819,74.125.24.0-255,2184,180557,19,315827
22935,0.001821,172.31.36.0-255,66,180623,19,315827
22936,0.001826,74.125.24.0-255,2902,183525,19,315827
22937,0.001828,172.31.36.0-255,66,183591,19,315827
22938,0.001849,74.125.24.0-255,7156,190747,19,315827
22939,0.001852,172.31.36.0-255,66,190813,19,315827
22940,0.001878,74.125.24.0-255,2902,193715,19,315827
22941,0.00188,172.31.36.0-255,66,193781,19,315827
22942,0.001899,74.125.24.0-255,7156,200937,19,315827
22943,0.001902,172.31.36.0-255,66,201003,19,315827
22944,0.00192,74.125.24.0-255,5738,206741,19,315827
22945,0.001922,172.31.36.0-255,66,206807,19,315827
22946,0.001925,74.125.24.0-255,1484,208291,19,315827
22947,0.001931,74.125.24.0-255,5020,213311,19,315827
22948,0.001933,172.31.36.0-255,66,213377,19,315827
22949,0.001954,74.125.24.0-255,1484,214861,19,315827
22950,0.001968,74.125.24.0-255,4320,219181,19,315827
22951,0.001971,172.31.36.0-255,66,219247,19,315827
22952,0.001993,74.125.24.0-255,1484,220731,19,315827
22953,0.002004,74.125.24.0-255,1484,222215,19,315827
22954,0.002006,172.31.36.0-255,66,222281,19,315827
22955,0.002029,74.125.24.0-255,5738,228019,19,315827
22956,0.002031,172.31.36.0-255,66,228085,19,315827
22957,0.002041,74.125.24.0-255,4320,232405,19,315827
22958,0.002044,172.31.36.0-255,66,232471,19,315827
22959,0.002072,172.31.36.0-255,66,232537,19,315827
22960,0.002077,74.125.24.0-255,3602,236139,19,315827
22961,0.002079,172.31.36.0-255,66,236205,19,315827
22962,0.002084,74.125.24.0-255,5738,241943,19,315827
22963,0.002086,172.31.36.0-255,66,242009,19,315827
22964,0.002093,74.125.24.0-255,7156,249165,19,315827
22965,0.002095,172.31.36.0-255,66,249231,19,315827
22966,0.002111,74.125.24.0-255,2902,252133,19,315827
22967,0.002113,172.31.36.0-255,66,252199,19,315827
22968,0.002142,172.31.36.0-255,66,252265,19,315827
22969,0.002149,74.125.24.0-255,6438,258703,19,315827
22970,0.002201,74.125.24.0-255,9992,268695,19,315827
22971,0.002233,74.125.24.0-255,1484,270179,19,315827
22972,0.002246,74.125.24.0-255,2902,273081,19,315827
22973,0.002268,74.125.24.0-255,7856,280937,19,315827
22974,0.003609,172.31.36.0-255,66,281003,19,315827
22975,0.006192,74.125.24.0-255,5738,286741,19,315827
22976,0.006198,172.31.36.0-255,66,286807,19,315827
22977,0.008765,74.125.24.0-255,5738,292545,19,315827
22978,0.008771,172.31.36.0-255,66,292611,19,315827
22979,0.011336,74.125.24.0-255,5738,298349,19,315827
22980,0.011345,172.31.36.0-255,66,298415,19,315827
22981,0.013905,74.125.24.0-255,5738,304153,19,315827
22982,0.013916,172.31.36.0-255,66,304219,19,315827
22983,0.016505,74.125.24.0-255,5738,309957,19,315827
22984,0.016523,172.31.36.0-255,66,310023,19,315827
22985,0.01907,74.125.24.0-255,5738,315761,19,315827
22986,0.019089,172.31.36.0-255,66,315827,19,315827
22987,0.0,74.125.24.0-255,298,298,19,169635
22988,3.3e-05,172.31.36.0-255,66,364,19,169635
22989,4e-05,74.125.24.0-255,1484,1848,19,169635
22990,4.5e-05,172.31.36.0-255,66,1914,19,169635
22991,5e-05,74.125.24.0-255,4320,6234,19,169635
22992,5.3e-05,172.31.36.0-255,66,6300,19,169635
22993,7.1e-05,74.125.24.0-255,7503,13803,19,169635
22994,7.4e-05,172.31.36.0-255,66,13869,19,169635
22995,0.000149,74.125.24.0-255,4320,18189,19,169635
22996,0.000155,172.31.36.0-255,66,18255,19,169635
22997,0.000171,74.125.24.0-255,4320,22575,19,169635
22998,0.000174,172.31.36.0-255,66,22641,19,169635
22999,0.00025,74.125.24.0-255,5738,28379,19,169635
23000,0.000253,172.31.36.0-255,66,28445,19,169635
23001,0.00027,74.125.24.0-255,2543,30988,19,169635
23002,0.000273,172.31.36.0-255,66,31054,19,169635
23003,0.000335,74.125.24.0-255,5738,36792,19,169635
23004,0.000339,172.31.36.0-255,66,36858,19,169635
23005,0.000367,74.125.24.0-255,2902,39760,19,169635
23006,0.000371,172.31.36.0-255,66,39826,19,169635
23007,0.000444,74.125.24.0-255,5738,45564,19,169635
23008,0.000448,172.31.36.0-255,66,45630,19,169635
23009,0.000466,74.125.24.0-255,2543,48173,19,169635
23010,0.000469,172.31.36.0-255,66,48239,19,169635
23011,0.000525,74.125.24.0-255,2902,51141,19,169635
23012,0.000531,172.31.36.0-255,66,51207,19,169635
23013,0.000551,74.125.24.0-255,5738,56945,19,169635
23014,0.000554,172.31.36.0-255,66,57011,19,169635
23015,0.000623,74.125.24.0-255,4320,61331,19,169635
23016,0.000626,172.31.36.0-255,66,61397,19,169635
23017,0.000656,74.125.24.0-255,4542,65939,19,169635
23018,0.000659,172.31.36.0-255,66,66005,19,169635
23019,0.000718,74.125.24.0-255,1484,67489,19,169635
23020,0.000737,74.125.24.0-255,2902,70391,19,169635
23021,0.00074,172.31.36.0-255,66,70457,19,169635
23022,0.00077,74.125.24.0-255,5738,76195,19,169635
23023,0.000773,172.31.36.0-255,66,76261,19,169635
23024,0.000844,74.125.24.0-255,5738,81999,19,169635
23025,0.000847,172.31.36.0-255,66,82065,19,169635
23026,0.000881,74.125.24.0-255,8215,90280,19,169635
23027,0.000886,172.31.36.0-255,66,90346,19,169635
23028,0.001007,74.125.24.0-255,7156,97502,19,169635
23029,0.001011,172.31.36.0-255,66,97568,19,169635
23030,0.001036,74.125.24.0-255,2543,100111,19,169635
23031,0.00104,172.31.36.0-255,66,100177,19,169635
23032,0.001541,74.125.24.0-255,1484,101661,19,169635
23033,0.001552,74.125.24.0-255,2902,104563,19,169635
23034,0.001556,172.31.36.0-255,66,104629,19,169635
23035,0.001561,74.125.24.0-255,1484,106113,19,169635
23036,0.00159,74.125.24.0-255,1484,107597,19,169635
23037,0.001593,172.31.36.0-255,66,107663,19,169635
23038,0.001598,74.125.24.0-255,2902,110565,19,169635
23039,0.0016,172.31.36.0-255,66,110631,19,169635
23040,0.001633,74.125.24.0-255,4320,114951,19,169635
23041,0.001636,172.31.36.0-255,66,115017,19,169635
23042,0.001676,74.125.24.0-255,2902,117919,19,169635
23043,0.00168,172.31.36.0-255,66,117985,19,169635
23044,0.001708,172.31.36.0-255,66,118051,19,169635
23045,0.001735,74.125.24.0-255,1484,119535,19,169635
23046,0.00187,74.125.24.0-255,3602,123137,19,169635
23047,0.001876,172.31.36.0-255,66,123203,19,169635
23048,0.003983,74.125.24.0-255,5738,128941,19,169635
23049,0.003989,172.31.36.0-255,66,129007,19,169635
23050,0.006058,74.125.24.0-255,5738,134745,19,169635
23051,0.006062,172.31.36.0-255,66,134811,19,169635
23052,0.008157,74.125.24.0-255,5738,140549,19,169635
23053,0.008169,172.31.36.0-255,66,140615,19,169635
23054,0.010257,74.125.24.0-255,5738,146353,19,169635
23055,0.010272,172.31.36.0-255,66,146419,19,169635
23056,0.012353,74.125.24.0-255,5738,152157,19,169635
23057,0.012362,172.31.36.0-255,66,152223,19,169635
23058,0.014462,74.125.24.0-255,5738,157961,19,169635
23059,0.014476,172.31.36.0-255,66,158027,19,169635
23060,0.016515,74.125.24.0-255,5738,163765,19,169635
23061,0.016522,172.31.36.0-255,66,163831,19,169635
23062,0.018594,74.125.24.0-255,5738,169569,19,169635
23063,0.018602,172.31.36.0-255,66,169635,19,169635
23064,0.0,172.217.160.0-255,152,152,19,150342
23065,1.8e-05,172.31.36.0-255,66,218,19,150342
23066,2.5e-05,172.217.160.0-255,1484,1702,19,150342
23067,3e-05,172.31.36.0-255,66,1768,19,150342
23068,3.5e-05,172.217.160.0-255,2902,4670,19,150342
23069,3.8e-05,172.31.36.0-255,66,4736,19,150342
23070,4.6e-05,172.217.160.0-255,7156,11892,19,150342
23071,4.9e-05,172.31.36.0-255,66,11958,19,150342
23072,5.5e-05,172.217.160.0-255,4891,16849,19,150342
23073,5.7e-05,172.31.36.0-255,66,16915,19,150342
23074,6.1e-05,172.217.160.0-255,2902,19817,19,150342
23075,6.5e-05,172.31.36.0-255,66,19883,19,150342
23076,6.9e-05,172.217.160.0-255,1484,21367,19,150342
23077,7.1e-05,172.31.36.0-255,66,21433,19,150342
23078,0.0001,172.217.160.0-255,8574,30007,19,150342
23079,0.000103,172.31.36.0-255,66,30073,19,150342
23080,0.000105,172.217.160.0-255,1125,31198,19,150342
23081,0.000108,172.31.36.0-255,66,31264,19,150342
23082,0.000133,172.217.160.0-255,1484,32748,19,150342
23083,0.000136,172.31.36.0-255,66,32814,19,150342
23084,0.000139,172.217.160.0-255,1484,34298,19,150342
23085,0.000141,172.31.36.0-255,66,34364,19,150342
23086,0.000155,172.217.160.0-255,1484,35848,19,150342
23087,0.000157,172.31.36.0-255,66,35914,19,150342
23088,0.000163,172.217.160.0-255,5738,41652,19,150342
23089,0.000166,172.31.36.0-255,66,41718,19,150342
23090,0.000207,172.31.36.0-255,66,41784,19,150342
23091,0.000216,172.217.160.0-255,9633,51417,19,150342
23092,0.000218,172.31.36.0-255,66,51483,19,150342
23093,0.000693,172.217.160.0-255,645,52128,19,150342
23094,0.000698,172.31.36.0-255,66,52194,19,150342
23095,0.000903,172.217.160.0-255,1484,53678,19,150342
23096,0.000908,172.217.160.0-255,2902,56580,19,150342
23097,0.000911,172.217.160.0-255,1484,58064,19,150342
23098,0.000917,172.31.36.0-255,66,58130,19,150342
23099,0.000938,172.217.160.0-255,4320,62450,19,150342
23100,0.00094,172.31.36.0-255,66,62516,19,150342
23101,0.000948,172.217.160.0-255,7156,69672,19,150342
23102,0.000951,172.31.36.0-255,66,69738,19,150342
23103,0.000985,172.217.160.0-255,5738,75476,19,150342
23104,0.000987,172.31.36.0-255,66,75542,19,150342
23105,0.000996,172.217.160.0-255,7156,82698,19,150342
23106,0.000998,172.31.36.0-255,66,82764,19,150342
23107,0.001004,172.217.160.0-255,3602,86366,19,150342
23108,0.001006,172.31.36.0-255,66,86432,19,150342
23109,0.00164,172.217.160.0-255,1484,87916,19,150342
23110,0.002628,172.217.160.0-255,4320,92236,19,150342
23111,0.002636,172.31.36.0-255,66,92302,19,150342
23112,0.004265,172.217.160.0-255,5738,98040,19,150342
23113,0.004268,172.31.36.0-255,66,98106,19,150342
23114,0.005891,172.217.160.0-255,5738,103844,19,150342
23115,0.005894,172.31.36.0-255,66,103910,19,150342
23116,0.007523,172.217.160.0-255,5738,109648,19,150342
23117,0.007531,172.31.36.0-255,66,109714,19,150342
23118,0.009181,172.217.160.0-255,5738,115452,19,150342
23119,0.009188,172.31.36.0-255,66,115518,19,150342
23120,0.010818,172.217.160.0-255,5738,121256,19,150342
23121,0.010826,172.31.36.0-255,66,121322,19,150342
23122,0.012451,172.217.160.0-255,5738,127060,19,150342
23123,0.012459,172.31.36.0-255,66,127126,19,150342
23124,0.0141,172.217.160.0-255,5738,132864,19,150342
23125,0.014109,172.31.36.0-255,66,132930,19,150342
23126,0.015735,172.217.160.0-255,5738,138668,19,150342
23127,0.015743,172.31.36.0-255,66,138734,19,150342
23128,0.017367,172.217.160.0-255,5738,144472,19,150342
23129,0.017375,172.31.36.0-255,66,144538,19,150342
23130,0.019007,172.217.160.0-255,5738,150276,19,150342
23131,0.019014,172.31.36.0-255,66,150342,19,150342
23132,0.0,74.125.24.0-255,153,153,19,218292
23133,2.6e-05,172.31.36.0-255,66,219,19,218292
23134,3.3e-05,74.125.24.0-255,1484,1703,19,218292
23135,3.6e-05,172.31.36.0-255,66,1769,19,218292
23136,4.1e-05,74.125.24.0-255,2902,4671,19,218292
23137,4.5e-05,172.31.36.0-255,66,4737,19,218292
23138,5.2e-05,74.125.24.0-255,7156,11893,19,218292
23139,5.6e-05,172.31.36.0-255,66,11959,19,218292
23140,6.1e-05,74.125.24.0-255,3563,15522,19,218292
23141,6.4e-05,172.31.36.0-255,66,15588,19,218292
23142,6.8e-05,74.125.24.0-255,1484,17072,19,218292
23143,7.2e-05,172.31.36.0-255,66,17138,19,218292
23144,9.4e-05,172.31.36.0-255,66,17204,19,218292
23145,9.9e-05,74.125.24.0-255,2543,19747,19,218292
23146,0.000101,172.31.36.0-255,66,19813,19,218292
23147,0.000167,74.125.24.0-255,1484,21297,19,218292
23148,0.000175,172.31.36.0-255,66,21363,19,218292
23149,0.000181,74.125.24.0-255,2902,24265,19,218292
23150,0.000183,172.31.36.0-255,66,24331,19,218292
23151,0.000206,74.125.24.0-255,5738,30069,19,218292
23152,0.00021,172.31.36.0-255,66,30135,19,218292
23153,0.000214,74.125.24.0-255,2902,33037,19,218292
23154,0.000216,172.31.36.0-255,66,33103,19,218292
23155,0.000245,74.125.24.0-255,3961,37064,19,218292
23156,0.000248,172.31.36.0-255,66,37130,19,218292
23157,0.000255,74.125.24.0-255,7156,44286,19,218292
23158,0.000257,172.31.36.0-255,66,44352,19,218292
23159,0.000266,74.125.24.0-255,9932,54284,19,218292
23160,0.000269,172.31.36.0-255,66,54350,19,218292
23161,0.000499,74.125.24.0-255,128,54478,19,218292
23162,0.000505,172.31.36.0-255,66,54544,19,218292
23163,0.000618,74.125.24.0-255,1484,56028,19,218292
23164,0.000625,74.125.24.0-255,2902,58930,19,218292
23165,0.00063,172.31.36.0-255,66,58996,19,218292
23166,0.000635,74.125.24.0-255,2902,61898,19,218292
23167,0.000637,172.31.36.0-255,66,61964,19,218292
23168,0.000653,74.125.24.0-255,2902,64866,19,218292
23169,0.000656,172.31.36.0-255,66,64932,19,218292
23170,0.000662,74.125.24.0-255,4320,69252,19,218292
23171,0.000664,172.31.36.0-255,66,69318,19,218292
23172,0.000689,74.125.24.0-255,3961,73279,19,218292
23173,0.000692,172.31.36.0-255,66,73345,19,218292
23174,0.000701,74.125.24.0-255,8574,81919,19,218292
23175,0.000703,172.31.36.0-255,66,81985,19,218292
23176,0.000711,74.125.24.0-255,6797,88782,19,218292
23177,0.000713,172.31.36.0-255,66,88848,19,218292
23178,0.001019,74.125.24.0-255,348,89196,19,218292
23179,0.00119,172.31.36.0-255,66,89262,19,218292
23180,0.001235,74.125.24.0-255,1484,90746,19,218292
23181,0.001241,74.125.24.0-255,2902,93648,19,218292
23182,0.001244,172.31.36.0-255,66,93714,19,218292
23183,0.001248,74.125.24.0-255,1484,95198,19,218292
23184,0.001267,74.125.24.0-255,4320,99518,19,218292
23185,0.00127,172.31.36.0-255,66,99584,19,218292
23186,0.001275,74.125.24.0-255,4320,103904,19,218292
23187,0.001278,172.31.36.0-255,66,103970,19,218292
23188,0.001298,74.125.24.0-255,2902,106872,19,218292
23189,0.001302,172.31.36.0-255,66,106938,19,218292
23190,0.001335,172.31.36.0-255,66,107004,19,218292
23191,0.001339,74.125.24.0-255,2184,109188,19,218292
23192,0.001342,172.31.36.0-255,66,109254,19,218292
23193,0.001745,74.125.24.0-255,1484,110738,19,218292
23194,0.001765,74.125.24.0-255,2902,113640,19,218292
23195,0.001769,172.31.36.0-255,66,113706,19,218292
23196,0.001773,74.125.24.0-255,2902,116608,19,218292
23197,0.001775,172.31.36.0-255,66,116674,19,218292
23198,0.001794,74.125.24.0-255,7156,123830,19,218292
23199,0.001797,172.31.36.0-255,66,123896,19,218292
23200,0.001819,74.125.24.0-255,7156,131052,19,218292
23201,0.001823,172.31.36.0-255,66,131118,19,218292
23202,0.001849,74.125.24.0-255,8574,139692,19,218292
23203,0.001853,172.31.36.0-255,66,139758,19,218292
23204,0.001857,74.125.24.0-255,3602,143360,19,218292
23205,0.001861,172.31.36.0-255,66,143426,19,218292
23206,0.00219,74.125.24.0-255,1484,144910,19,218292
23207,0.002209,74.125.24.0-255,2902,147812,19,218292
23208,0.002213,172.31.36.0-255,66,147878,19,218292
23209,0.002217,74.125.24.0-255,1484,149362,19,218292
23210,0.002235,74.125.24.0-255,4320,153682,19,218292
23211,0.002239,172.31.36.0-255,66,153748,19,218292
23212,0.002258,74.125.24.0-255,2902,156650,19,218292
23213,0.002261,172.31.36.0-255,66,156716,19,218292
23214,0.002291,74.125.24.0-255,9992,166708,19,218292
23215,0.002294,172.31.36.0-255,66,166774,19,218292
23216,0.002313,74.125.24.0-255,2902,169676,19,218292
23217,0.002315,172.31.36.0-255,66,169742,19,218292
23218,0.002341,74.125.24.0-255,7856,177598,19,218292
23219,0.002343,172.31.36.0-255,66,177664,19,218292
23220,0.004694,74.125.24.0-255,5738,183402,19,218292
23221,0.004699,172.31.36.0-255,66,183468,19,218292
23222,0.007029,74.125.24.0-255,5738,189206,19,218292
23223,0.007036,172.31.36.0-255,66,189272,19,218292
23224,0.00938,74.125.24.0-255,5738,195010,19,218292
23225,0.009387,172.31.36.0-255,66,195076,19,218292
23226,0.011726,74.125.24.0-255,5738,200814,19,218292
23227,0.011733,172.31.36.0-255,66,200880,19,218292
23228,0.014066,74.125.24.0-255,5738,206618,19,218292
23229,0.014074,172.31.36.0-255,66,206684,19,218292
23230,0.01642,74.125.24.0-255,5738,212422,19,218292
23231,0.016429,172.31.36.0-255,66,212488,19,218292
23232,0.018775,74.125.24.0-255,5738,218226,19,218292
23233,0.018782,172.31.36.0-255,66,218292,19,218292
23234,0.0,74.125.68.0-255,156,156,19,130152
23235,3.1e-05,172.31.36.0-255,66,222,19,130152
23236,3.7e-05,74.125.68.0-255,1484,1706,19,130152
23237,4.2e-05,172.31.36.0-255,66,1772,19,130152
23238,4.7e-05,74.125.68.0-255,2902,4674,19,130152
23239,5e-05,172.31.36.0-255,66,4740,19,130152
23240,5.2e-05,74.125.68.0-255,1484,6224,19,130152
23241,5.5e-05,172.31.36.0-255,66,6290,19,130152
23242,5.9e-05,74.125.68.0-255,2902,9192,19,130152
23243,6.1e-05,172.31.36.0-255,66,9258,19,130152
23244,9e-05,74.125.68.0-255,4874,14132,19,130152
23245,9.4e-05,172.31.36.0-255,66,14198,19,130152
23246,0.000238,74.125.68.0-255,1484,15682,19,130152
23247,0.000243,172.31.36.0-255,66,15748,19,130152
23248,0.000249,74.125.68.0-255,2902,18650,19,130152
23249,0.000251,172.31.36.0-255,66,18716,19,130152
23250,0.000266,74.125.68.0-255,5738,24454,19,130152
23251,0.000269,172.31.36.0-255,66,24520,19,130152
23252,0.000273,74.125.68.0-255,2902,27422,19,130152
23253,0.000275,172.31.36.0-255,66,27488,19,130152
23254,0.000278,74.125.68.0-255,1484,28972,19,130152
23255,0.00028,172.31.36.0-255,66,29038,19,130152
23256,0.000301,74.125.68.0-255,2543,31581,19,130152
23257,0.000304,172.31.36.0-255,66,31647,19,130152
23258,0.000396,74.125.68.0-255,1484,33131,19,130152
23259,0.0004,172.31.36.0-255,66,33197,19,130152
23260,0.000404,74.125.68.0-255,2902,36099,19,130152
23261,0.000409,172.31.36.0-255,66,36165,19,130152
23262,0.000422,74.125.68.0-255,4320,40485,19,130152
23263,0.000425,172.31.36.0-255,66,40551,19,130152
23264,0.000443,74.125.68.0-255,1484,42035,19,130152
23265,0.000446,172.31.36.0-255,66,42101,19,130152
23266,0.00045,74.125.68.0-255,2902,45003,19,130152
23267,0.000454,172.31.36.0-255,66,45069,19,130152
23268,0.000483,74.125.68.0-255,3961,49030,19,130152
23269,0.000495,172.31.36.0-255,66,49096,19,130152
23270,0.000546,74.125.68.0-255,1484,50580,19,130152
23271,0.00056,74.125.68.0-255,2902,53482,19,130152
23272,0.000562,172.31.36.0-255,66,53548,19,130152
23273,0.000588,74.125.68.0-255,5738,59286,19,130152
23274,0.000593,172.31.36.0-255,66,59352,19,130152
23275,0.000605,74.125.68.0-255,4320,63672,19,130152
23276,0.000618,172.31.36.0-255,66,63738,19,130152
23277,0.00067,74.125.68.0-255,2878,66616,19,130152
23278,0.000677,172.31.36.0-255,66,66682,19,130152
23279,0.000684,74.125.68.0-255,344,67026,19,130152
23280,0.000868,172.31.36.0-255,66,67092,19,130152
23281,0.00118,74.125.68.0-255,1484,68576,19,130152
23282,0.00119,74.125.68.0-255,2902,71478,19,130152
23283,0.001196,74.125.68.0-255,4320,75798,19,130152
23284,0.001213,74.125.68.0-255,2902,78700,19,130152
23285,0.001224,74.125.68.0-255,2902,81602,19,130152
23286,0.001248,74.125.68.0-255,5738,87340,19,130152
23287,0.001261,74.125.68.0-255,2902,90242,19,130152
23288,0.001264,74.125.68.0-255,1484,91726,19,130152
23289,0.001291,74.125.68.0-255,8574,100300,19,130152
23290,0.001293,74.125.68.0-255,766,101066,19,130152
23291,0.005953,172.31.36.0-255,66,101132,19,130152
23292,0.008266,74.125.68.0-255,5738,106870,19,130152
23293,0.008273,172.31.36.0-255,66,106936,19,130152
23294,0.010589,74.125.68.0-255,5738,112674,19,130152
23295,0.011158,172.31.36.0-255,66,112740,19,130152
23296,0.013475,74.125.68.0-255,5738,118478,19,130152
23297,0.013486,172.31.36.0-255,66,118544,19,130152
23298,0.015787,74.125.68.0-255,5738,124282,19,130152
23299,0.015794,172.31.36.0-255,66,124348,19,130152
23300,0.018102,74.125.68.0-255,5738,130086,19,130152
23301,0.018108,172.31.36.0-255,66,130152,19,130152
23302,0.0,172.217.194.0-255,153,153,19,209087
23303,2.8e-05,172.31.36.0-255,66,219,19,209087
23304,3.5e-05,172.217.194.0-255,1484,1703,19,209087
23305,3.9e-05,172.31.36.0-255,66,1769,19,209087
23306,4.4e-05,172.217.194.0-255,2902,4671,19,209087
23307,4.8e-05,172.31.36.0-255,66,4737,19,209087
23308,6.3e-05,172.217.194.0-255,7156,11893,19,209087
23309,6.6e-05,172.31.36.0-255,66,11959,19,209087
23310,0.000118,172.31.36.0-255,66,12025,19,209087
23311,0.000124,172.217.194.0-255,3961,15986,19,209087
23312,0.000126,172.31.36.0-255,66,16052,19,209087
23313,0.000204,172.217.194.0-255,1484,17536,19,209087
23314,0.000207,172.31.36.0-255,66,17602,19,209087
23315,0.000233,172.217.194.0-255,2902,20504,19,209087
23316,0.000237,172.31.36.0-255,66,20570,19,209087
23317,0.000244,172.217.194.0-255,5738,26308,19,209087
23318,0.000247,172.31.36.0-255,66,26374,19,209087
23319,0.000269,172.31.36.0-255,66,26440,19,209087
23320,0.000294,172.217.194.0-255,2902,29342,19,209087
23321,0.000297,172.31.36.0-255,66,29408,19,209087
23322,0.000332,172.217.194.0-255,7856,37264,19,209087
23323,0.000336,172.31.36.0-255,66,37330,19,209087
23324,0.000339,172.217.194.0-255,388,37718,19,209087
23325,0.000341,172.31.36.0-255,66,37784,19,209087
23326,0.000389,172.217.194.0-255,387,38171,19,209087
23327,0.000393,172.31.36.0-255,66,38237,19,209087
23328,0.000812,172.217.194.0-255,1484,39721,19,209087
23329,0.000817,172.31.36.0-255,66,39787,19,209087
23330,0.000823,172.217.194.0-255,2902,42689,19,209087
23331,0.000826,172.31.36.0-255,66,42755,19,209087
23332,0.000839,172.217.194.0-255,2902,45657,19,209087
23333,0.000842,172.31.36.0-255,66,45723,19,209087
23334,0.000847,172.217.194.0-255,4320,50043,19,209087
23335,0.000849,172.31.36.0-255,66,50109,19,209087
23336,0.00089,172.217.194.0-255,5379,55488,19,209087
23337,0.000894,172.31.36.0-255,66,55554,19,209087
23338,0.001043,172.217.194.0-255,1484,57038,19,209087
23339,0.001053,172.217.194.0-255,2902,59940,19,209087
23340,0.001056,172.31.36.0-255,66,60006,19,209087
23341,0.00106,172.217.194.0-255,1484,61490,19,209087
23342,0.001097,172.217.194.0-255,4320,65810,19,209087
23343,0.001102,172.31.36.0-255,66,65876,19,209087
23344,0.001117,172.31.36.0-255,66,65942,19,209087
23345,0.001132,172.217.194.0-255,8574,74516,19,209087
23346,0.001135,172.31.36.0-255,66,74582,19,209087
23347,0.00114,172.217.194.0-255,2184,76766,19,209087
23348,0.001142,172.31.36.0-255,66,76832,19,209087
23349,0.001275,172.217.194.0-255,1484,78316,19,209087
23350,0.001283,172.217.194.0-255,2902,81218,19,209087
23351,0.001285,172.217.194.0-255,1484,82702,19,209087
23352,0.001288,172.31.36.0-255,66,82768,19,209087
23353,0.001312,172.217.194.0-255,4320,87088,19,209087
23354,0.001316,172.31.36.0-255,66,87154,19,209087
23355,0.001319,172.217.194.0-255,1484,88638,19,209087
23356,0.001346,172.31.36.0-255,66,88704,19,209087
23357,0.00135,172.217.194.0-255,2902,91606,19,209087
23358,0.001353,172.31.36.0-255,66,91672,19,209087
23359,0.001387,172.217.194.0-255,7856,99528,19,209087
23360,0.001391,172.31.36.0-255,66,99594,19,209087
23361,0.001471,172.217.194.0-255,1484,101078,19,209087
23362,0.001477,172.217.194.0-255,1484,102562,19,209087
23363,0.00148,172.31.36.0-255,66,102628,19,209087
23364,0.001493,172.217.194.0-255,1484,104112,19,209087
23365,0.001505,172.217.194.0-255,5738,109850,19,209087
23366,0.001508,172.31.36.0-255,66,109916,19,209087
23367,0.001546,172.31.36.0-255,66,109982,19,209087
23368,0.001551,172.217.194.0-255,4320,114302,19,209087
23369,0.001553,172.31.36.0-255,66,114368,19,209087
23370,0.001581,172.217.194.0-255,4320,118688,19,209087
23371,0.001584,172.31.36.0-255,66,118754,19,209087
23372,0.001589,172.217.194.0-255,2184,120938,19,209087
23373,0.001592,172.31.36.0-255,66,121004,19,209087
23374,0.001632,172.217.194.0-255,1484,122488,19,209087
23375,0.001637,172.217.194.0-255,2902,125390,19,209087
23376,0.001641,172.31.36.0-255,66,125456,19,209087
23377,0.001649,172.217.194.0-255,5738,131194,19,209087
23378,0.001651,172.31.36.0-255,66,131260,19,209087
23379,0.001696,172.31.36.0-255,66,131326,19,209087
23380,0.0017,172.217.194.0-255,1484,132810,19,209087
23381,0.001732,172.217.194.0-255,9274,142084,19,209087
23382,0.001736,172.31.36.0-255,66,142150,19,209087
23383,0.001804,172.217.194.0-255,1484,143634,19,209087
23384,0.001809,172.217.194.0-255,2902,146536,19,209087
23385,0.001812,172.31.36.0-255,66,146602,19,209087
23386,0.001819,172.217.194.0-255,5738,152340,19,209087
23387,0.001822,172.31.36.0-255,66,152406,19,209087
23388,0.001841,172.31.36.0-255,66,152472,19,209087
23389,0.00185,172.217.194.0-255,8574,161046,19,209087
23390,0.001852,172.31.36.0-255,66,161112,19,209087
23391,0.00189,172.217.194.0-255,4320,165432,19,209087
23392,0.001894,172.31.36.0-255,66,165498,19,209087
23393,0.001928,172.31.36.0-255,66,165564,19,209087
23394,0.001945,172.31.36.0-255,66,165630,19,209087
23395,0.001997,172.31.36.0-255,66,165696,19,209087
23396,0.002022,172.31.36.0-255,66,165762,19,209087
23397,0.002025,172.217.194.0-255,766,166528,19,209087
23398,0.002043,172.217.194.0-255,1484,168012,19,209087
23399,0.002045,172.31.36.0-255,66,168078,19,209087
23400,0.002087,172.31.36.0-255,66,168144,19,209087
23401,0.002092,172.217.194.0-255,4320,172464,19,209087
23402,0.002094,172.31.36.0-255,66,172530,19,209087
23403,0.00213,172.217.194.0-255,7156,179686,19,209087
23404,0.002133,172.31.36.0-255,66,179752,19,209087
23405,0.002151,172.217.194.0-255,5738,185490,19,209087
23406,0.002154,172.31.36.0-255,66,185556,19,209087
23407,0.002186,172.217.194.0-255,7856,193412,19,209087
23408,0.002189,172.31.36.0-255,66,193478,19,209087
23409,0.002197,172.217.194.0-255,8574,202052,19,209087
23410,0.0022,172.31.36.0-255,66,202118,19,209087
23411,0.002237,172.31.36.0-255,66,202184,19,209087
23412,0.002241,172.217.194.0-255,2184,204368,19,209087
23413,0.002243,172.31.36.0-255,66,204434,19,209087
23414,0.002295,172.31.36.0-255,66,204500,19,209087
23415,0.002319,172.217.194.0-255,4179,208679,19,209087
23416,0.002325,172.31.36.0-255,66,208745,19,209087
23417,0.002328,172.217.194.0-255,105,208850,19,209087
23418,0.009759,172.31.36.0-255,66,208916,19,209087
23419,0.009787,172.31.36.0-255,105,209021,19,209087
23420,0.012023,172.217.194.0-255,66,209087,19,209087
23421,0.0,216.58.203.0-255,146,146,19,280313
23422,3.4e-05,172.31.36.0-255,66,212,19,280313
23423,4.1e-05,216.58.203.0-255,1484,1696,19,280313
23424,4.6e-05,172.31.36.0-255,66,1762,19,280313
23425,4.9e-05,216.58.203.0-255,1484,3246,19,280313
23426,5.9e-05,172.31.36.0-255,66,3312,19,280313
23427,6.6e-05,216.58.203.0-255,2902,6214,19,280313
23428,6.8e-05,172.31.36.0-255,66,6280,19,280313
23429,7.4e-05,216.58.203.0-255,5738,12018,19,280313
23430,7.7e-05,172.31.36.0-255,66,12084,19,280313
23431,8.1e-05,216.58.203.0-255,2002,14086,19,280313
23432,8.4e-05,172.31.36.0-255,66,14152,19,280313
23433,0.000167,216.58.203.0-255,1484,15636,19,280313
23434,0.000172,172.31.36.0-255,66,15702,19,280313
23435,0.000177,216.58.203.0-255,2902,18604,19,280313
23436,0.00018,172.31.36.0-255,66,18670,19,280313
23437,0.000224,216.58.203.0-255,4320,22990,19,280313
23438,0.000228,172.31.36.0-255,66,23056,19,280313
23439,0.000239,216.58.203.0-255,1484,24540,19,280313
23440,0.000242,172.31.36.0-255,66,24606,19,280313
23441,0.000255,216.58.203.0-255,6797,31403,19,280313
23442,0.000258,172.31.36.0-255,66,31469,19,280313
23443,0.000262,216.58.203.0-255,2902,34371,19,280313
23444,0.000265,172.31.36.0-255,66,34437,19,280313
23445,0.00027,216.58.203.0-255,4320,38757,19,280313
23446,0.000272,172.31.36.0-255,66,38823,19,280313
23447,0.000277,216.58.203.0-255,2902,41725,19,280313
23448,0.00028,216.58.203.0-255,2902,44627,19,280313
23449,0.000281,172.31.36.0-255,66,44693,19,280313
23450,0.000285,172.31.36.0-255,66,44759,19,280313
23451,0.000291,216.58.203.0-255,1484,46243,19,280313
23452,0.000293,172.31.36.0-255,66,46309,19,280313
23453,0.000329,216.58.203.0-255,2543,48852,19,280313
23454,0.000334,172.31.36.0-255,66,48918,19,280313
23455,0.00036,216.58.203.0-255,2902,51820,19,280313
23456,0.000363,172.31.36.0-255,66,51886,19,280313
23457,0.000393,216.58.203.0-255,7156,59042,19,280313
23458,0.000397,172.31.36.0-255,66,59108,19,280313
23459,0.000423,216.58.203.0-255,1484,60592,19,280313
23460,0.000443,216.58.203.0-255,5703,66295,19,280313
23461,0.000448,172.31.36.0-255,66,66361,19,280313
23462,0.000746,216.58.203.0-255,120,66481,19,280313
23463,0.000849,172.31.36.0-255,66,66547,19,280313
23464,0.000958,216.58.203.0-255,1484,68031,19,280313
23465,0.000967,216.58.203.0-255,2902,70933,19,280313
23466,0.00097,172.31.36.0-255,66,70999,19,280313
23467,0.000977,216.58.203.0-255,4320,75319,19,280313
23468,0.000979,172.31.36.0-255,66,75385,19,280313
23469,0.001016,216.58.203.0-255,1484,76869,19,280313
23470,0.001024,216.58.203.0-255,6797,83666,19,280313
23471,0.001027,172.31.36.0-255,66,83732,19,280313
23472,0.001036,216.58.203.0-255,7156,90888,19,280313
23473,0.001038,172.31.36.0-255,66,90954,19,280313
23474,0.001068,216.58.203.0-255,7156,98110,19,280313
23475,0.001072,172.31.36.0-255,66,98176,19,280313
23476,0.001077,216.58.203.0-255,2809,100985,19,280313
23477,0.001079,172.31.36.0-255,66,101051,19,280313
23478,0.001178,216.58.203.0-255,1484,102535,19,280313
23479,0.001184,216.58.203.0-255,2902,105437,19,280313
23480,0.001188,172.31.36.0-255,66,105503,19,280313
23481,0.001194,216.58.203.0-255,4320,109823,19,280313
23482,0.001197,172.31.36.0-255,66,109889,19,280313
23483,0.001216,216.58.203.0-255,1484,111373,19,280313
23484,0.001221,216.58.203.0-255,4320,115693,19,280313
23485,0.001223,172.31.36.0-255,66,115759,19,280313
23486,0.001261,216.58.203.0-255,8574,124333,19,280313
23487,0.001265,172.31.36.0-255,66,124399,19,280313
23488,0.001273,216.58.203.0-255,8574,132973,19,280313
23489,0.001276,172.31.36.0-255,66,133039,19,280313
23490,0.00128,216.58.203.0-255,2184,135223,19,280313
23491,0.001282,172.31.36.0-255,66,135289,19,280313
23492,0.001318,216.58.203.0-255,2902,138191,19,280313
23493,0.001322,172.31.36.0-255,66,138257,19,280313
23494,0.00133,216.58.203.0-255,7156,145413,19,280313
23495,0.001332,172.31.36.0-255,66,145479,19,280313
23496,0.001338,216.58.203.0-255,5738,151217,19,280313
23497,0.00134,172.31.36.0-255,66,151283,19,280313
23498,0.001376,216.58.203.0-255,7156,158439,19,280313
23499,0.00138,172.31.36.0-255,66,158505,19,280313
23500,0.001387,216.58.203.0-255,5738,164243,19,280313
23501,0.001389,172.31.36.0-255,66,164309,19,280313
23502,0.00142,216.58.203.0-255,5020,169329,19,280313
23503,0.001424,172.31.36.0-255,66,169395,19,280313
23504,0.001463,216.58.203.0-255,1484,170879,19,280313
23505,0.001469,216.58.203.0-255,2902,173781,19,280313
23506,0.001472,172.31.36.0-255,66,173847,19,280313
23507,0.001476,216.58.203.0-255,1484,175331,19,280313
23508,0.001505,216.58.203.0-255,2902,178233,19,280313
23509,0.001509,172.31.36.0-255,66,178299,19,280313
23510,0.001515,216.58.203.0-255,5738,184037,19,280313
23511,0.001517,172.31.36.0-255,66,184103,19,280313
23512,0.001519,216.58.203.0-255,1484,185587,19,280313
23513,0.00153,216.58.203.0-255,7156,192743,19,280313
23514,0.001532,172.31.36.0-255,66,192809,19,280313
23515,0.00156,216.58.203.0-255,1484,194293,19,280313
23516,0.001566,216.58.203.0-255,4320,198613,19,280313
23517,0.001569,172.31.36.0-255,66,198679,19,280313
23518,0.001599,216.58.203.0-255,5020,203699,19,280313
23519,0.001602,172.31.36.0-255,66,203765,19,280313
23520,0.001634,216.58.203.0-255,5738,209503,19,280313
23521,0.001637,172.31.36.0-255,66,209569,19,280313
23522,0.001643,216.58.203.0-255,5738,215307,19,280313
23523,0.001645,172.31.36.0-255,66,215373,19,280313
23524,0.001691,216.58.203.0-255,2902,218275,19,280313
23525,0.001695,172.31.36.0-255,66,218341,19,280313
23526,0.001725,216.58.203.0-255,4320,222661,19,280313
23527,0.001728,172.31.36.0-255,66,222727,19,280313
23528,0.001744,172.31.36.0-255,66,222793,19,280313
23529,0.001747,216.58.203.0-255,766,223559,19,280313
23530,0.002881,172.31.36.0-255,66,223625,19,280313
23531,0.003405,216.58.203.0-255,4320,227945,19,280313
23532,0.003409,172.31.36.0-255,66,228011,19,280313
23533,0.004548,216.58.203.0-255,1484,229495,19,280313
23534,0.005083,216.58.203.0-255,4320,233815,19,280313
23535,0.005088,172.31.36.0-255,66,233881,19,280313
23536,0.006762,216.58.203.0-255,5738,239619,19,280313
23537,0.006767,172.31.36.0-255,66,239685,19,280313
23538,0.008447,216.58.203.0-255,5738,245423,19,280313
23539,0.008454,172.31.36.0-255,66,245489,19,280313
23540,0.01013,216.58.203.0-255,5738,251227,19,280313
23541,0.010138,172.31.36.0-255,66,251293,19,280313
23542,0.011811,216.58.203.0-255,5738,257031,19,280313
23543,0.011817,172.31.36.0-255,66,257097,19,280313
23544,0.013492,216.58.203.0-255,5738,262835,19,280313
23545,0.0135,172.31.36.0-255,66,262901,19,280313
23546,0.015183,216.58.203.0-255,5738,268639,19,280313
23547,0.015189,172.31.36.0-255,66,268705,19,280313
23548,0.016867,216.58.203.0-255,5738,274443,19,280313
23549,0.016874,172.31.36.0-255,66,274509,19,280313
23550,0.018556,216.58.203.0-255,5738,280247,19,280313
23551,0.01857,172.31.36.0-255,66,280313,19,280313
23552,0.0,172.217.194.0-255,153,153,19,296730
23553,3.4e-05,172.31.36.0-255,66,219,19,296730
23554,4.1e-05,172.217.194.0-255,1484,1703,19,296730
23555,4.7e-05,172.31.36.0-255,66,1769,19,296730
23556,5.2e-05,172.217.194.0-255,2902,4671,19,296730
23557,5.5e-05,172.31.36.0-255,66,4737,19,296730
23558,6.9e-05,172.217.194.0-255,7156,11893,19,296730
23559,7.2e-05,172.31.36.0-255,66,11959,19,296730
23560,7.9e-05,172.217.194.0-255,6312,18271,19,296730
23561,8.1e-05,172.31.36.0-255,66,18337,19,296730
23562,0.000154,172.31.36.0-255,66,18403,19,296730
23563,0.000169,172.31.36.0-255,66,18469,19,296730
23564,0.000174,172.217.194.0-255,3961,22430,19,296730
23565,0.000176,172.31.36.0-255,66,22496,19,296730
23566,0.000295,172.217.194.0-255,1484,23980,19,296730
23567,0.000299,172.31.36.0-255,66,24046,19,296730
23568,0.000305,172.217.194.0-255,2902,26948,19,296730
23569,0.000307,172.31.36.0-255,66,27014,19,296730
23570,0.000334,172.217.194.0-255,5738,32752,19,296730
23571,0.000337,172.31.36.0-255,66,32818,19,296730
23572,0.000376,172.217.194.0-255,7093,39911,19,296730
23573,0.00038,172.31.36.0-255,66,39977,19,296730
23574,0.000383,172.217.194.0-255,382,40359,19,296730
23575,0.000386,172.31.36.0-255,66,40425,19,296730
23576,0.000561,172.217.194.0-255,1484,41909,19,296730
23577,0.000565,172.217.194.0-255,1484,43393,19,296730
23578,0.000567,172.31.36.0-255,66,43459,19,296730
23579,0.000572,172.31.36.0-255,66,43525,19,296730
23580,0.000588,172.217.194.0-255,1484,45009,19,296730
23581,0.000592,172.31.36.0-255,66,45075,19,296730
23582,0.000598,172.217.194.0-255,5738,50813,19,296730
23583,0.0006,172.31.36.0-255,66,50879,19,296730
23584,0.000632,172.217.194.0-255,4320,55199,19,296730
23585,0.000635,172.31.36.0-255,66,55265,19,296730
23586,0.00066,172.217.194.0-255,2543,57808,19,296730
23587,0.000664,172.31.36.0-255,66,57874,19,296730
23588,0.000672,172.217.194.0-255,7156,65030,19,296730
23589,0.000674,172.31.36.0-255,66,65096,19,296730
23590,0.000711,172.217.194.0-255,9633,74729,19,296730
23591,0.000714,172.31.36.0-255,66,74795,19,296730
23592,0.001322,172.217.194.0-255,1484,76279,19,296730
23593,0.001347,172.217.194.0-255,2902,79181,19,296730
23594,0.001352,172.31.36.0-255,66,79247,19,296730
23595,0.001359,172.217.194.0-255,2902,82149,19,296730
23596,0.001361,172.31.36.0-255,66,82215,19,296730
23597,0.001394,172.217.194.0-255,2902,85117,19,296730
23598,0.001397,172.31.36.0-255,66,85183,19,296730
23599,0.001403,172.217.194.0-255,4320,89503,19,296730
23600,0.001405,172.31.36.0-255,66,89569,19,296730
23601,0.001413,172.217.194.0-255,8574,98143,19,296730
23602,0.001415,172.31.36.0-255,66,98209,19,296730
23603,0.001448,172.217.194.0-255,2902,101111,19,296730
23604,0.001452,172.31.36.0-255,66,101177,19,296730
23605,0.00146,172.217.194.0-255,7856,109033,19,296730
23606,0.001463,172.31.36.0-255,66,109099,19,296730
23607,0.00148,172.217.194.0-255,1484,110583,19,296730
23608,0.001488,172.217.194.0-255,2902,113485,19,296730
23609,0.001491,172.31.36.0-255,66,113551,19,296730
23610,0.00152,172.217.194.0-255,5738,119289,19,296730
23611,0.001523,172.31.36.0-255,66,119355,19,296730
23612,0.001527,172.217.194.0-255,1484,120839,19,296730
23613,0.00156,172.217.194.0-255,9992,130831,19,296730
23614,0.001562,172.31.36.0-255,66,130897,19,296730
23615,0.001582,172.31.36.0-255,66,130963,19,296730
23616,0.001626,172.217.194.0-255,4320,135283,19,296730
23617,0.001629,172.31.36.0-255,66,135349,19,296730
23618,0.001636,172.217.194.0-255,5738,141087,19,296730
23619,0.001638,172.31.36.0-255,66,141153,19,296730
23620,0.001675,172.217.194.0-255,9992,151145,19,296730
23621,0.001679,172.31.36.0-255,66,151211,19,296730
23622,0.001707,172.217.194.0-255,1484,152695,19,296730
23623,0.001714,172.217.194.0-255,5738,158433,19,296730
23624,0.001717,172.31.36.0-255,66,158499,19,296730
23625,0.001745,172.217.194.0-255,6438,164937,19,296730
23626,0.00175,172.31.36.0-255,66,165003,19,296730
23627,0.001817,172.217.194.0-255,7156,172159,19,296730
23628,0.001821,172.31.36.0-255,66,172225,19,296730
23629,0.001826,172.217.194.0-255,2902,175127,19,296730
23630,0.001828,172.31.36.0-255,66,175193,19,296730
23631,0.00184,172.31.36.0-255,66,175259,19,296730
23632,0.001847,172.217.194.0-255,5738,180997,19,296730
23633,0.00185,172.31.36.0-255,66,181063,19,296730
23634,0.001879,172.217.194.0-255,6438,187501,19,296730
23635,0.001883,172.31.36.0-255,66,187567,19,296730
23636,0.00191,172.217.194.0-255,1484,189051,19,296730
23637,0.001924,172.217.194.0-255,2902,191953,19,296730
23638,0.001927,172.31.36.0-255,66,192019,19,296730
23639,0.001932,172.217.194.0-255,4320,196339,19,296730
23640,0.001934,172.31.36.0-255,66,196405,19,296730
23641,0.001957,172.217.194.0-255,1484,197889,19,296730
23642,0.001979,172.31.36.0-255,66,197955,19,296730
23643,0.002013,172.217.194.0-255,10692,208647,19,296730
23644,0.002015,172.31.36.0-255,66,208713,19,296730
23645,0.002043,172.217.194.0-255,1484,210197,19,296730
23646,0.002058,172.217.194.0-255,2902,213099,19,296730
23647,0.00206,172.31.36.0-255,66,213165,19,296730
23648,0.002063,172.217.194.0-255,1484,214649,19,296730
23649,0.00209,172.217.194.0-255,4320,218969,19,296730
23650,0.002093,172.31.36.0-255,66,219035,19,296730
23651,0.002126,172.31.36.0-255,66,219101,19,296730
23652,0.002131,172.217.194.0-255,2902,222003,19,296730
23653,0.002133,172.31.36.0-255,66,222069,19,296730
23654,0.002163,172.217.194.0-255,5738,227807,19,296730
23655,0.002166,172.31.36.0-255,66,227873,19,296730
23656,0.00217,172.217.194.0-255,2184,230057,19,296730
23657,0.002172,172.31.36.0-255,66,230123,19,296730
23658,0.002176,172.217.194.0-255,2902,233025,19,296730
23659,0.00218,172.31.36.0-255,66,233091,19,296730
23660,0.002205,172.217.194.0-255,7156,240247,19,296730
23661,0.002207,172.31.36.0-255,66,240313,19,296730
23662,0.002216,172.217.194.0-255,8574,248887,19,296730
23663,0.002221,172.31.36.0-255,66,248953,19,296730
23664,0.002244,172.217.194.0-255,7156,256109,19,296730
23665,0.002247,172.31.36.0-255,66,256175,19,296730
23666,0.002254,172.217.194.0-255,7856,264031,19,296730
23667,0.002256,172.31.36.0-255,66,264097,19,296730
23668,0.002262,172.217.194.0-255,5738,269835,19,296730
23669,0.002336,172.217.194.0-255,4320,274155,19,296730
23670,0.002348,172.217.194.0-255,3602,277757,19,296730
23671,0.002371,172.217.194.0-255,5738,283495,19,296730
23672,0.002392,172.217.194.0-255,9992,293487,19,296730
23673,0.002479,172.217.194.0-255,2901,296388,19,296730
23674,0.002481,172.217.194.0-255,105,296493,19,296730
23675,0.005411,172.31.36.0-255,66,296559,19,296730
23676,0.007801,172.31.36.0-255,105,296664,19,296730
23677,0.010375,172.217.194.0-255,66,296730,19,296730
23678,0.0,74.125.68.0-255,153,153,19,330694
23679,2.5e-05,172.31.36.0-255,66,219,19,330694
23680,3.2e-05,74.125.68.0-255,1484,1703,19,330694
23681,3.7e-05,172.31.36.0-255,66,1769,19,330694
23682,4.2e-05,74.125.68.0-255,2902,4671,19,330694
23683,4.5e-05,172.31.36.0-255,66,4737,19,330694
23684,5.4e-05,74.125.68.0-255,7156,11893,19,330694
23685,5.7e-05,172.31.36.0-255,66,11959,19,330694
23686,6.2e-05,74.125.68.0-255,2107,14066,19,330694
23687,6.4e-05,172.31.36.0-255,66,14132,19,330694
23688,6.9e-05,74.125.68.0-255,2902,17034,19,330694
23689,7.2e-05,172.31.36.0-255,66,17100,19,330694
23690,0.000107,74.125.68.0-255,7156,24256,19,330694
23691,0.00011,172.31.36.0-255,66,24322,19,330694
23692,0.000118,74.125.68.0-255,6797,31119,19,330694
23693,0.00012,172.31.36.0-255,66,31185,19,330694
23694,0.000227,74.125.68.0-255,1484,32669,19,330694
23695,0.000231,172.31.36.0-255,66,32735,19,330694
23696,0.000237,74.125.68.0-255,2902,35637,19,330694
23697,0.000239,172.31.36.0-255,66,35703,19,330694
23698,0.000265,74.125.68.0-255,5738,41441,19,330694
23699,0.000268,172.31.36.0-255,66,41507,19,330694
23700,0.000289,74.125.68.0-255,4320,45827,19,330694
23701,0.000292,172.31.36.0-255,66,45893,19,330694
23702,0.000313,74.125.68.0-255,2902,48795,19,330694
23703,0.000316,172.31.36.0-255,66,48861,19,330694
23704,0.000331,172.31.36.0-255,66,48927,19,330694
23705,0.000367,74.125.68.0-255,2184,51111,19,330694
23706,0.000369,172.31.36.0-255,66,51177,19,330694
23707,0.000389,74.125.68.0-255,427,51604,19,330694
23708,0.000391,172.31.36.0-255,66,51670,19,330694
23709,0.000626,74.125.68.0-255,1484,53154,19,330694
23710,0.000634,74.125.68.0-255,2902,56056,19,330694
23711,0.000639,172.31.36.0-255,66,56122,19,330694
23712,0.000674,74.125.68.0-255,2902,59024,19,330694
23713,0.000678,172.31.36.0-255,66,59090,19,330694
23714,0.000699,74.125.68.0-255,4320,63410,19,330694
23715,0.000702,172.31.36.0-255,66,63476,19,330694
23716,0.000726,74.125.68.0-255,7156,70632,19,330694
23717,0.000731,172.31.36.0-255,66,70698,19,330694
23718,0.000763,74.125.68.0-255,4320,75018,19,330694
23719,0.000767,172.31.36.0-255,66,75084,19,330694
23720,0.000803,74.125.68.0-255,2902,77986,19,330694
23721,0.000807,172.31.36.0-255,66,78052,19,330694
23722,0.000825,74.125.68.0-255,2902,80954,19,330694
23723,0.000827,172.31.36.0-255,66,81020,19,330694
23724,0.000832,74.125.68.0-255,2902,83922,19,330694
23725,0.000834,172.31.36.0-255,66,83988,19,330694
23726,0.000867,74.125.68.0-255,2184,86172,19,330694
23727,0.00087,172.31.36.0-255,66,86238,19,330694
23728,0.001214,74.125.68.0-255,1484,87722,19,330694
23729,0.001231,74.125.68.0-255,2902,90624,19,330694
23730,0.001235,172.31.36.0-255,66,90690,19,330694
23731,0.001243,74.125.68.0-255,5738,96428,19,330694
23732,0.001245,172.31.36.0-255,66,96494,19,330694
23733,0.00129,172.31.36.0-255,66,96560,19,330694
23734,0.001317,74.125.68.0-255,4320,100880,19,330694
23735,0.00132,172.31.36.0-255,66,100946,19,330694
23736,0.001346,74.125.68.0-255,7856,108802,19,330694
23737,0.001349,172.31.36.0-255,66,108868,19,330694
23738,0.001363,74.125.68.0-255,2902,111770,19,330694
23739,0.001365,172.31.36.0-255,66,111836,19,330694
23740,0.001399,74.125.68.0-255,9992,121828,19,330694
23741,0.001402,172.31.36.0-255,66,121894,19,330694
23742,0.001408,74.125.68.0-255,5738,127632,19,330694
23743,0.00141,172.31.36.0-255,66,127698,19,330694
23744,0.001418,74.125.68.0-255,7156,134854,19,330694
23745,0.00142,172.31.36.0-255,66,134920,19,330694
23746,0.00145,74.125.68.0-255,7856,142776,19,330694
23747,0.001454,172.31.36.0-255,66,142842,19,330694
23748,0.001489,74.125.68.0-255,7156,149998,19,330694
23749,0.001492,172.31.36.0-255,66,150064,19,330694
23750,0.001512,74.125.68.0-255,1484,151548,19,330694
23751,0.001557,74.125.68.0-255,8574,160122,19,330694
23752,0.00156,172.31.36.0-255,66,160188,19,330694
23753,0.001572,74.125.68.0-255,1484,161672,19,330694
23754,0.001582,74.125.68.0-255,8574,170246,19,330694
23755,0.001584,172.31.36.0-255,66,170312,19,330694
23756,0.001593,74.125.68.0-255,9274,179586,19,330694
23757,0.001596,172.31.36.0-255,66,179652,19,330694
23758,0.001598,74.125.68.0-255,1484,181136,19,330694
23759,0.001643,172.31.36.0-255,66,181202,19,330694
23760,0.001649,74.125.68.0-255,5738,186940,19,330694
23761,0.001652,172.31.36.0-255,66,187006,19,330694
23762,0.001676,74.125.68.0-255,7156,194162,19,330694
23763,0.001679,172.31.36.0-255,66,194228,19,330694
23764,0.001706,74.125.68.0-255,3602,197830,19,330694
23765,0.001709,172.31.36.0-255,66,197896,19,330694
23766,0.001715,74.125.68.0-255,4320,202216,19,330694
23767,0.001717,172.31.36.0-255,66,202282,19,330694
23768,0.00174,74.125.68.0-255,4320,206602,19,330694
23769,0.001743,172.31.36.0-255,66,206668,19,330694
23770,0.001747,74.125.68.0-255,2902,209570,19,330694
23771,0.001749,172.31.36.0-255,66,209636,19,330694
23772,0.001767,74.125.68.0-255,2902,212538,19,330694
23773,0.001769,172.31.36.0-255,66,212604,19,330694
23774,0.001792,74.125.68.0-255,5738,218342,19,330694
23775,0.001795,172.31.36.0-255,66,218408,19,330694
23776,0.00182,74.125.68.0-255,5738,224146,19,330694
23777,0.001825,74.125.68.0-255,4320,228466,19,330694
23778,0.001829,172.31.36.0-255,66,228532,19,330694
23779,0.001832,172.31.36.0-255,66,228598,19,330694
23780,0.001876,172.31.36.0-255,66,228664,19,330694
23781,0.001879,74.125.68.0-255,1484,230148,19,330694
23782,0.001913,172.31.36.0-255,66,230214,19,330694
23783,0.00192,74.125.68.0-255,5738,235952,19,330694
23784,0.001922,172.31.36.0-255,66,236018,19,330694
23785,0.001948,74.125.68.0-255,5020,241038,19,330694
23786,0.001951,172.31.36.0-255,66,241104,19,330694
23787,0.001972,74.125.68.0-255,5738,246842,19,330694
23788,0.001976,172.31.36.0-255,66,246908,19,330694
23789,0.002003,74.125.68.0-255,7156,254064,19,330694
23790,0.002006,172.31.36.0-255,66,254130,19,330694
23791,0.002024,74.125.68.0-255,1484,255614,19,330694
23792,0.002032,74.125.68.0-255,8574,264188,19,330694
23793,0.002034,172.31.36.0-255,66,264254,19,330694
23794,0.002047,74.125.68.0-255,1484,265738,19,330694
23795,0.002056,74.125.68.0-255,7856,273594,19,330694
23796,0.002058,172.31.36.0-255,66,273660,19,330694
23797,0.002081,74.125.68.0-255,1484,275144,19,330694
23798,0.0021,74.125.68.0-255,7156,282300,19,330694
23799,0.002103,172.31.36.0-255,66,282366,19,330694
23800,0.002108,74.125.68.0-255,2902,285268,19,330694
23801,0.002109,172.31.36.0-255,66,285334,19,330694
23802,0.002137,74.125.68.0-255,5738,291072,19,330694
23803,0.00214,172.31.36.0-255,66,291138,19,330694
23804,0.002165,74.125.68.0-255,7156,298294,19,330694
23805,0.002172,74.125.68.0-255,7156,305450,19,330694
23806,0.002213,172.31.36.0-255,66,305516,19,330694
23807,0.002221,172.31.36.0-255,66,305582,19,330694
23808,0.00223,74.125.68.0-255,7856,313438,19,330694
23809,0.002233,172.31.36.0-255,66,313504,19,330694
23810,0.002237,74.125.68.0-255,2902,316406,19,330694
23811,0.002239,172.31.36.0-255,66,316472,19,330694
23812,0.002253,172.31.36.0-255,66,316538,19,330694
23813,0.00226,74.125.68.0-255,7156,323694,19,330694
23814,0.002263,172.31.36.0-255,66,323760,19,330694
23815,0.002266,74.125.68.0-255,1484,325244,19,330694
23816,0.00229,74.125.68.0-255,3602,328846,19,330694
23817,0.002292,172.31.36.0-255,66,328912,19,330694
23818,0.004505,74.125.68.0-255,1545,330457,19,330694
23819,0.004512,172.31.36.0-255,66,330523,19,330694
23820,0.004664,172.31.36.0-255,105,330628,19,330694
23821,0.006833,74.125.68.0-255,66,330694,19,330694
23822,0.0,172.217.194.0-255,298,298,19,119927
23823,1.8e-05,172.31.36.0-255,66,364,19,119927
23824,2.4e-05,172.217.194.0-255,1484,1848,19,119927
23825,2.8e-05,172.31.36.0-255,66,1914,19,119927
23826,3.6e-05,172.217.194.0-255,4320,6234,19,119927
23827,3.9e-05,172.31.36.0-255,66,6300,19,119927
23828,4.7e-05,172.217.194.0-255,7487,13787,19,119927
23829,5.1e-05,172.31.36.0-255,66,13853,19,119927
23830,5.4e-05,172.217.194.0-255,1484,15337,19,119927
23831,5.6e-05,172.31.36.0-255,66,15403,19,119927
23832,9.3e-05,172.31.36.0-255,66,15469,19,119927
23833,9.7e-05,172.217.194.0-255,2543,18012,19,119927
23834,9.9e-05,172.31.36.0-255,66,18078,19,119927
23835,0.000972,172.217.194.0-255,1484,19562,19,119927
23836,0.00098,172.31.36.0-255,66,19628,19,119927
23837,0.000989,172.217.194.0-255,2902,22530,19,119927
23838,0.000991,172.31.36.0-255,66,22596,19,119927
23839,0.000998,172.217.194.0-255,5738,28334,19,119927
23840,0.001001,172.31.36.0-255,66,28400,19,119927
23841,0.001034,172.31.36.0-255,66,28466,19,119927
23842,0.001063,172.217.194.0-255,10692,39158,19,119927
23843,0.001066,172.31.36.0-255,66,39224,19,119927
23844,0.001069,172.217.194.0-255,339,39563,19,119927
23845,0.001072,172.31.36.0-255,66,39629,19,119927
23846,0.001107,172.217.194.0-255,117,39746,19,119927
23847,0.00111,172.31.36.0-255,66,39812,19,119927
23848,0.001251,172.217.194.0-255,1484,41296,19,119927
23849,0.001256,172.31.36.0-255,66,41362,19,119927
23850,0.001262,172.217.194.0-255,2902,44264,19,119927
23851,0.001265,172.31.36.0-255,66,44330,19,119927
23852,0.001283,172.217.194.0-255,5738,50068,19,119927
23853,0.001285,172.31.36.0-255,66,50134,19,119927
23854,0.001299,172.217.194.0-255,1484,51618,19,119927
23855,0.001319,172.217.194.0-255,8574,60192,19,119927
23856,0.001323,172.31.36.0-255,66,60258,19,119927
23857,0.001338,172.217.194.0-255,2902,63160,19,119927
23858,0.001341,172.31.36.0-255,66,63226,19,119927
23859,0.001369,172.217.194.0-255,1484,64710,19,119927
23860,0.001399,172.217.194.0-255,9274,73984,19,119927
23861,0.001403,172.31.36.0-255,66,74050,19,119927
23862,0.001416,172.31.36.0-255,66,74116,19,119927
23863,0.001422,172.217.194.0-255,5117,79233,19,119927
23864,0.001424,172.31.36.0-255,66,79299,19,119927
23865,0.004014,172.217.194.0-255,5738,85037,19,119927
23866,0.004022,172.31.36.0-255,66,85103,19,119927
23867,0.006585,172.217.194.0-255,5738,90841,19,119927
23868,0.006592,172.31.36.0-255,66,90907,19,119927
23869,0.009135,172.217.194.0-255,5738,96645,19,119927
23870,0.009142,172.31.36.0-255,66,96711,19,119927
23871,0.011723,172.217.194.0-255,5738,102449,19,119927
23872,0.011734,172.31.36.0-255,66,102515,19,119927
23873,0.014295,172.217.194.0-255,5738,108253,19,119927
23874,0.014305,172.31.36.0-255,66,108319,19,119927
23875,0.016909,172.217.194.0-255,5738,114057,19,119927
23876,0.016916,172.31.36.0-255,66,114123,19,119927
23877,0.019438,172.217.194.0-255,5738,119861,19,119927
23878,0.019448,172.31.36.0-255,66,119927,19,119927
23879,0.0,172.31.36.0-255,105,105,19,459
23880,0.000236,172.31.36.0-255,90,195,19,459
23881,0.000246,172.31.36.0-255,66,261,19,459
23882,0.00249,74.125.68.0-255,66,327,19,459
23883,0.002523,74.125.68.0-255,66,393,19,459
23884,0.002548,172.31.36.0-255,66,459,19,459
23885,0.0,172.217.194.0-255,152,152,19,242918
23886,1.5e-05,172.31.36.0-255,66,218,19,242918
23887,2.3e-05,172.217.194.0-255,1484,1702,19,242918
23888,2.8e-05,172.31.36.0-255,66,1768,19,242918
23889,4.5e-05,172.217.194.0-255,2902,4670,19,242918
23890,5.1e-05,172.31.36.0-255,66,4736,19,242918
23891,5.9e-05,172.217.194.0-255,7156,11892,19,242918
23892,6.2e-05,172.31.36.0-255,66,11958,19,242918
23893,9.2e-05,172.217.194.0-255,2029,13987,19,242918
23894,9.5e-05,172.31.36.0-255,66,14053,19,242918
23895,0.000146,172.217.194.0-255,1484,15537,19,242918
23896,0.000149,172.31.36.0-255,66,15603,19,242918
23897,0.000154,172.217.194.0-255,2902,18505,19,242918
23898,0.000157,172.31.36.0-255,66,18571,19,242918
23899,0.000161,172.217.194.0-255,2902,21473,19,242918
23900,0.000168,172.31.36.0-255,66,21539,19,242918
23901,0.000198,172.217.194.0-255,2902,24441,19,242918
23902,0.000201,172.31.36.0-255,66,24507,19,242918
23903,0.000209,172.217.194.0-255,6797,31304,19,242918
23904,0.000211,172.31.36.0-255,66,31370,19,242918
23905,0.00023,172.31.36.0-255,66,31436,19,242918
23906,0.000258,172.217.194.0-255,1484,32920,19,242918
23907,0.00026,172.31.36.0-255,66,32986,19,242918
23908,0.000265,172.217.194.0-255,2543,35529,19,242918
23909,0.000268,172.31.36.0-255,66,35595,19,242918
23910,0.000276,172.217.194.0-255,2902,38497,19,242918
23911,0.000278,172.31.36.0-255,66,38563,19,242918
23912,0.000285,172.217.194.0-255,7156,45719,19,242918
23913,0.000288,172.31.36.0-255,66,45785,19,242918
23914,0.000293,172.217.194.0-255,2902,48687,19,242918
23915,0.000296,172.31.36.0-255,66,48753,19,242918
23916,0.000329,172.217.194.0-255,4251,53004,19,242918
23917,0.000333,172.31.36.0-255,66,53070,19,242918
23918,0.000336,172.217.194.0-255,366,53436,19,242918
23919,0.000531,172.217.194.0-255,1484,54920,19,242918
23920,0.000536,172.31.36.0-255,66,54986,19,242918
23921,0.000542,172.217.194.0-255,2902,57888,19,242918
23922,0.000545,172.31.36.0-255,66,57954,19,242918
23923,0.000577,172.217.194.0-255,5738,63692,19,242918
23924,0.00058,172.31.36.0-255,66,63758,19,242918
23925,0.000598,172.31.36.0-255,66,63824,19,242918
23926,0.000606,172.217.194.0-255,8574,72398,19,242918
23927,0.000608,172.31.36.0-255,66,72464,19,242918
23928,0.000635,172.217.194.0-255,2184,74648,19,242918
23929,0.000637,172.31.36.0-255,66,74714,19,242918
23930,0.001027,172.217.194.0-255,1484,76198,19,242918
23931,0.001032,172.217.194.0-255,2902,79100,19,242918
23932,0.001037,172.31.36.0-255,66,79166,19,242918
23933,0.001073,172.217.194.0-255,4320,83486,19,242918
23934,0.001075,172.31.36.0-255,66,83552,19,242918
23935,0.001093,172.217.194.0-255,1484,85036,19,242918
23936,0.0011,172.217.194.0-255,8574,93610,19,242918
23937,0.001102,172.31.36.0-255,66,93676,19,242918
23938,0.00111,172.217.194.0-255,9992,103668,19,242918
23939,0.001112,172.31.36.0-255,66,103734,19,242918
23940,0.001118,172.217.194.0-255,5020,108754,19,242918
23941,0.00112,172.31.36.0-255,66,108820,19,242918
23942,0.001848,172.217.194.0-255,1484,110304,19,242918
23943,0.001856,172.217.194.0-255,2902,113206,19,242918
23944,0.001861,172.31.36.0-255,66,113272,19,242918
23945,0.001869,172.217.194.0-255,5738,119010,19,242918
23946,0.001871,172.31.36.0-255,66,119076,19,242918
23947,0.001882,172.217.194.0-255,5738,124814,19,242918
23948,0.001884,172.31.36.0-255,66,124880,19,242918
23949,0.001892,172.217.194.0-255,7156,132036,19,242918
23950,0.001894,172.31.36.0-255,66,132102,19,242918
23951,0.001923,172.217.194.0-255,5738,137840,19,242918
23952,0.001925,172.31.36.0-255,66,137906,19,242918
23953,0.001936,172.217.194.0-255,5020,142926,19,242918
23954,0.001938,172.31.36.0-255,66,142992,19,242918
23955,0.002036,172.217.194.0-255,1484,144476,19,242918
23956,0.002057,172.217.194.0-255,2902,147378,19,242918
23957,0.00206,172.31.36.0-255,66,147444,19,242918
23958,0.002068,172.217.194.0-255,5738,153182,19,242918
23959,0.00207,172.31.36.0-255,66,153248,19,242918
23960,0.002078,172.217.194.0-255,2902,156150,19,242918
23961,0.002081,172.31.36.0-255,66,156216,19,242918
23962,0.002084,172.217.194.0-255,1484,157700,19,242918
23963,0.002118,172.217.194.0-255,8574,166274,19,242918
23964,0.002121,172.31.36.0-255,66,166340,19,242918
23965,0.002124,172.217.194.0-255,1484,167824,19,242918
23966,0.00213,172.217.194.0-255,4320,172144,19,242918
23967,0.002132,172.31.36.0-255,66,172210,19,242918
23968,0.002156,172.217.194.0-255,5020,177230,19,242918
23969,0.002158,172.31.36.0-255,66,177296,19,242918
23970,0.002327,172.217.194.0-255,1484,178780,19,242918
23971,0.002335,172.217.194.0-255,2902,181682,19,242918
23972,0.002338,172.31.36.0-255,66,181748,19,242918
23973,0.002345,172.217.194.0-255,5738,187486,19,242918
23974,0.002347,172.31.36.0-255,66,187552,19,242918
23975,0.002388,172.31.36.0-255,66,187618,19,242918
23976,0.002398,172.217.194.0-255,10692,198310,19,242918
23977,0.002405,172.31.36.0-255,66,198376,19,242918
23978,0.003498,172.217.194.0-255,1484,199860,19,242918
23979,0.003504,172.217.194.0-255,1484,201344,19,242918
23980,0.003508,172.31.36.0-255,66,201410,19,242918
23981,0.003535,172.217.194.0-255,1484,202894,19,242918
23982,0.003542,172.217.194.0-255,5738,208632,19,242918
23983,0.003544,172.31.36.0-255,66,208698,19,242918
23984,0.003564,172.31.36.0-255,66,208764,19,242918
23985,0.003567,172.217.194.0-255,1484,210248,19,242918
23986,0.003589,172.217.194.0-255,2902,213150,19,242918
23987,0.003591,172.31.36.0-255,66,213216,19,242918
23988,0.003639,172.31.36.0-255,66,213282,19,242918
23989,0.003657,172.31.36.0-255,66,213348,19,242918
23990,0.003688,172.217.194.0-255,1484,214832,19,242918
23991,0.003729,172.31.36.0-255,66,214898,19,242918
23992,0.003735,172.217.194.0-255,7156,222054,19,242918
23993,0.003738,172.31.36.0-255,66,222120,19,242918
23994,0.003783,172.31.36.0-255,66,222186,19,242918
23995,0.003804,172.31.36.0-255,66,222252,19,242918
23996,0.003836,172.217.194.0-255,10692,232944,19,242918
23997,0.003838,172.31.36.0-255,66,233010,19,242918
23998,0.003847,172.217.194.0-255,9500,242510,19,242918
23999,0.003853,172.31.36.0-255,66,242576,19,242918
24000,0.003855,172.217.194.0-255,105,242681,19,242918
24001,0.005656,172.31.36.0-255,66,242747,19,242918
24002,0.005693,172.31.36.0-255,105,242852,19,242918
24003,0.00758,172.217.194.0-255,66,242918,19,242918
24004,0.0,74.125.24.0-255,153,153,19,307923
24005,2.2e-05,172.31.36.0-255,66,219,19,307923
24006,2.9e-05,74.125.24.0-255,1484,1703,19,307923
24007,3.3e-05,172.31.36.0-255,66,1769,19,307923
24008,4.8e-05,74.125.24.0-255,2902,4671,19,307923
24009,5e-05,172.31.36.0-255,66,4737,19,307923
24010,5.8e-05,74.125.24.0-255,7156,11893,19,307923
24011,6.1e-05,172.31.36.0-255,66,11959,19,307923
24012,9.4e-05,74.125.24.0-255,9173,21132,19,307923
24013,9.7e-05,172.31.36.0-255,66,21198,19,307923
24014,0.000107,74.125.24.0-255,9992,31190,19,307923
24015,0.000109,172.31.36.0-255,66,31256,19,307923
24016,0.000132,74.125.24.0-255,4320,35576,19,307923
24017,0.000135,172.31.36.0-255,66,35642,19,307923
24018,0.000172,172.31.36.0-255,66,35708,19,307923
24019,0.000639,74.125.24.0-255,1484,37192,19,307923
24020,0.000646,172.31.36.0-255,66,37258,19,307923
24021,0.000652,74.125.24.0-255,2902,40160,19,307923
24022,0.000654,172.31.36.0-255,66,40226,19,307923
24023,0.000657,74.125.24.0-255,1484,41710,19,307923
24024,0.000659,172.31.36.0-255,66,41776,19,307923
24025,0.000691,74.125.24.0-255,4320,46096,19,307923
24026,0.000693,172.31.36.0-255,66,46162,19,307923
24027,0.000701,74.125.24.0-255,6797,52959,19,307923
24028,0.000703,172.31.36.0-255,66,53025,19,307923
24029,0.001177,74.125.24.0-255,1484,54509,19,307923
24030,0.001182,172.31.36.0-255,66,54575,19,307923
24031,0.001209,74.125.24.0-255,2902,57477,19,307923
24032,0.001212,172.31.36.0-255,66,57543,19,307923
24033,0.001219,74.125.24.0-255,5738,63281,19,307923
24034,0.001221,172.31.36.0-255,66,63347,19,307923
24035,0.001251,74.125.24.0-255,7156,70503,19,307923
24036,0.001272,74.125.24.0-255,6797,77300,19,307923
24037,0.001276,74.125.24.0-255,2902,80202,19,307923
24038,0.001332,74.125.24.0-255,8574,88776,19,307923
24039,0.001349,74.125.24.0-255,3602,92378,19,307923
24040,0.001505,74.125.24.0-255,1484,93862,19,307923
24041,0.001512,74.125.24.0-255,2902,96764,19,307923
24042,0.00153,74.125.24.0-255,5738,102502,19,307923
24043,0.001552,74.125.24.0-255,4320,106822,19,307923
24044,0.001575,74.125.24.0-255,4320,111142,19,307923
24045,0.001598,74.125.24.0-255,7156,118298,19,307923
24046,0.001607,74.125.24.0-255,7856,126154,19,307923
24047,0.001633,74.125.24.0-255,4320,130474,19,307923
24048,0.001656,74.125.24.0-255,4320,134794,19,307923
24049,0.001661,74.125.24.0-255,4320,139114,19,307923
24050,0.00169,74.125.24.0-255,8574,147688,19,307923
24051,0.001717,74.125.24.0-255,5738,153426,19,307923
24052,0.001723,74.125.24.0-255,5738,159164,19,307923
24053,0.001737,74.125.24.0-255,766,159930,19,307923
24054,0.001791,74.125.24.0-255,1484,161414,19,307923
24055,0.001794,74.125.24.0-255,1484,162898,19,307923
24056,0.001815,74.125.24.0-255,4320,167218,19,307923
24057,0.001828,74.125.24.0-255,2902,170120,19,307923
24058,0.001844,74.125.24.0-255,7156,177276,19,307923
24059,0.001847,74.125.24.0-255,1484,178760,19,307923
24060,0.001868,74.125.24.0-255,9992,188752,19,307923
24061,0.001882,74.125.24.0-255,1484,190236,19,307923
24062,0.001899,74.125.24.0-255,3602,193838,19,307923
24063,0.001954,74.125.24.0-255,1484,195322,19,307923
24064,0.001971,74.125.24.0-255,1484,196806,19,307923
24065,0.001984,74.125.24.0-255,1484,198290,19,307923
24066,0.001989,74.125.24.0-255,4320,202610,19,307923
24067,0.002011,74.125.24.0-255,1484,204094,19,307923
24068,0.002018,74.125.24.0-255,5738,209832,19,307923
24069,0.002034,74.125.24.0-255,4320,214152,19,307923
24070,0.002058,74.125.24.0-255,8574,222726,19,307923
24071,0.002075,74.125.24.0-255,10692,233418,19,307923
24072,0.00211,74.125.24.0-255,1484,234902,19,307923
24073,0.002162,74.125.24.0-255,2902,237804,19,307923
24074,0.002187,74.125.24.0-255,10692,248496,19,307923
24075,0.00223,74.125.24.0-255,5738,254234,19,307923
24076,0.00225,74.125.24.0-255,8574,262808,19,307923
24077,0.002257,74.125.24.0-255,5738,268546,19,307923
24078,0.002292,74.125.24.0-255,4320,272866,19,307923
24079,0.00383,172.31.36.0-255,66,272932,19,307923
24080,0.004759,172.31.36.0-255,101,273033,19,307923
24081,0.006102,74.125.24.0-255,5738,278771,19,307923
24082,0.006106,172.31.36.0-255,66,278837,19,307923
24083,0.006961,74.125.24.0-255,66,278903,19,307923
24084,0.008353,74.125.24.0-255,5738,284641,19,307923
24085,0.009524,172.31.36.0-255,66,284707,19,307923
24086,0.011758,74.125.24.0-255,5738,290445,19,307923
24087,0.011765,172.31.36.0-255,66,290511,19,307923
24088,0.014054,74.125.24.0-255,5738,296249,19,307923
24089,0.014067,172.31.36.0-255,66,296315,19,307923
24090,0.016349,74.125.24.0-255,5738,302053,19,307923
24091,0.017373,172.31.36.0-255,66,302119,19,307923
24092,0.019643,74.125.24.0-255,5738,307857,19,307923
24093,0.01966,172.31.36.0-255,66,307923,19,307923
24094,0.0,74.125.24.0-255,153,153,19,263192
24095,2.4e-05,172.31.36.0-255,66,219,19,263192
24096,3.3e-05,74.125.24.0-255,1484,1703,19,263192
24097,3.8e-05,172.31.36.0-255,66,1769,19,263192
24098,5.1e-05,74.125.24.0-255,2902,4671,19,263192
24099,5.4e-05,172.31.36.0-255,66,4737,19,263192
24100,6.1e-05,74.125.24.0-255,5738,10475,19,263192
24101,6.4e-05,172.31.36.0-255,66,10541,19,263192
24102,7.4e-05,74.125.24.0-255,9992,20533,19,263192
24103,7.6e-05,172.31.36.0-255,66,20599,19,263192
24104,0.000107,74.125.24.0-255,3431,24030,19,263192
24105,0.00011,172.31.36.0-255,66,24096,19,263192
24106,0.000117,74.125.24.0-255,5738,29834,19,263192
24107,0.000119,172.31.36.0-255,66,29900,19,263192
24108,0.000127,74.125.24.0-255,7156,37056,19,263192
24109,0.000129,172.31.36.0-255,66,37122,19,263192
24110,0.000159,74.125.24.0-255,8574,45696,19,263192
24111,0.000162,172.31.36.0-255,66,45762,19,263192
24112,0.000189,74.125.24.0-255,2184,47946,19,263192
24113,0.000191,172.31.36.0-255,66,48012,19,263192
24114,0.000233,74.125.24.0-255,1484,49496,19,263192
24115,0.000235,172.31.36.0-255,66,49562,19,263192
24116,0.000252,74.125.24.0-255,2902,52464,19,263192
24117,0.000254,172.31.36.0-255,66,52530,19,263192
24118,0.000276,74.125.24.0-255,5738,58268,19,263192
24119,0.000279,172.31.36.0-255,66,58334,19,263192
24120,0.000327,74.125.24.0-255,7136,65470,19,263192
24121,0.000329,172.31.36.0-255,66,65536,19,263192
24122,0.000414,74.125.24.0-255,1484,67020,19,263192
24123,0.000418,172.31.36.0-255,66,67086,19,263192
24124,0.000424,74.125.24.0-255,2902,69988,19,263192
24125,0.000426,172.31.36.0-255,66,70054,19,263192
24126,0.000467,74.125.24.0-255,5738,75792,19,263192
24127,0.00047,172.31.36.0-255,66,75858,19,263192
24128,0.00048,74.125.24.0-255,9992,85850,19,263192
24129,0.000482,172.31.36.0-255,66,85916,19,263192
24130,0.000495,74.125.24.0-255,7156,93072,19,263192
24131,0.000498,172.31.36.0-255,66,93138,19,263192
24132,0.000533,74.125.24.0-255,6721,99859,19,263192
24133,0.000535,172.31.36.0-255,66,99925,19,263192
24134,0.000866,74.125.24.0-255,1484,101409,19,263192
24135,0.000871,74.125.24.0-255,2902,104311,19,263192
24136,0.000876,74.125.24.0-255,5738,110049,19,263192
24137,0.000885,172.31.36.0-255,66,110115,19,263192
24138,0.000889,172.31.36.0-255,66,110181,19,263192
24139,0.000899,74.125.24.0-255,5738,115919,19,263192
24140,0.000901,172.31.36.0-255,66,115985,19,263192
24141,0.000941,74.125.24.0-255,7156,123141,19,263192
24142,0.000944,172.31.36.0-255,66,123207,19,263192
24143,0.000954,74.125.24.0-255,9992,133199,19,263192
24144,0.000957,172.31.36.0-255,66,133265,19,263192
24145,0.00096,74.125.24.0-255,766,134031,19,263192
24146,0.000963,74.125.24.0-255,1484,135515,19,263192
24147,0.000965,172.31.36.0-255,66,135581,19,263192
24148,0.00099,74.125.24.0-255,4320,139901,19,263192
24149,0.000992,172.31.36.0-255,66,139967,19,263192
24150,0.001001,74.125.24.0-255,2902,142869,19,263192
24151,0.001003,172.31.36.0-255,66,142935,19,263192
24152,0.001013,74.125.24.0-255,8574,151509,19,263192
24153,0.001015,172.31.36.0-255,66,151575,19,263192
24154,0.001064,172.31.36.0-255,66,151641,19,263192
24155,0.00109,74.125.24.0-255,5020,156661,19,263192
24156,0.001093,172.31.36.0-255,66,156727,19,263192
24157,0.001137,74.125.24.0-255,1484,158211,19,263192
24158,0.001152,74.125.24.0-255,2902,161113,19,263192
24159,0.001155,172.31.36.0-255,66,161179,19,263192
24160,0.001161,74.125.24.0-255,5738,166917,19,263192
24161,0.001164,172.31.36.0-255,66,166983,19,263192
24162,0.001186,74.125.24.0-255,8574,175557,19,263192
24163,0.001193,172.31.36.0-255,66,175623,19,263192
24164,0.001224,74.125.24.0-255,4320,179943,19,263192
24165,0.001227,172.31.36.0-255,66,180009,19,263192
24166,0.001234,74.125.24.0-255,7156,187165,19,263192
24167,0.001237,172.31.36.0-255,66,187231,19,263192
24168,0.001247,74.125.24.0-255,3602,190833,19,263192
24169,0.001249,172.31.36.0-255,66,190899,19,263192
24170,0.001376,74.125.24.0-255,1484,192383,19,263192
24171,0.001381,74.125.24.0-255,2902,195285,19,263192
24172,0.001385,172.31.36.0-255,66,195351,19,263192
24173,0.001406,74.125.24.0-255,5738,201089,19,263192
24174,0.001409,172.31.36.0-255,66,201155,19,263192
24175,0.001412,74.125.24.0-255,1484,202639,19,263192
24176,0.001437,74.125.24.0-255,7156,209795,19,263192
24177,0.00144,172.31.36.0-255,66,209861,19,263192
24178,0.001483,172.31.36.0-255,66,209927,19,263192
24179,0.001523,74.125.24.0-255,1484,211411,19,263192
24180,0.001528,74.125.24.0-255,2902,214313,19,263192
24181,0.001533,74.125.24.0-255,5738,220051,19,263192
24182,0.001571,172.31.36.0-255,66,220117,19,263192
24183,0.00158,172.31.36.0-255,66,220183,19,263192
24184,0.001608,172.31.36.0-255,66,220249,19,263192
24185,0.001622,172.31.36.0-255,66,220315,19,263192
24186,0.001637,172.31.36.0-255,66,220381,19,263192
24187,0.001641,74.125.24.0-255,2902,223283,19,263192
24188,0.001644,172.31.36.0-255,66,223349,19,263192
24189,0.001685,172.31.36.0-255,66,223415,19,263192
24190,0.001708,74.125.24.0-255,6438,229853,19,263192
24191,0.001711,172.31.36.0-255,66,229919,19,263192
24192,0.001718,74.125.24.0-255,7156,237075,19,263192
24193,0.00172,172.31.36.0-255,66,237141,19,263192
24194,0.001728,74.125.24.0-255,8574,245715,19,263192
24195,0.001731,172.31.36.0-255,66,245781,19,263192
24196,0.001779,172.31.36.0-255,66,245847,19,263192
24197,0.001782,74.125.24.0-255,766,246613,19,263192
24198,0.001791,74.125.24.0-255,8574,255187,19,263192
24199,0.001793,172.31.36.0-255,66,255253,19,263192
24200,0.001835,172.31.36.0-255,66,255319,19,263192
24201,0.001854,172.31.36.0-255,66,255385,19,263192
24202,0.001908,172.31.36.0-255,66,255451,19,263192
24203,0.001918,74.125.24.0-255,7333,262784,19,263192
24204,0.00192,172.31.36.0-255,66,262850,19,263192
24205,0.001929,74.125.24.0-255,105,262955,19,263192
24206,0.004998,172.31.36.0-255,66,263021,19,263192
24207,0.005039,172.31.36.0-255,105,263126,19,263192
24208,0.007313,74.125.24.0-255,66,263192,19,263192
24209,0.0,74.125.24.0-255,298,298,19,338224
24210,1.9e-05,172.31.36.0-255,66,364,19,338224
24211,2.5e-05,74.125.24.0-255,1484,1848,19,338224
24212,3e-05,172.31.36.0-255,66,1914,19,338224
24213,3.7e-05,74.125.24.0-255,4320,6234,19,338224
24214,4e-05,172.31.36.0-255,66,6300,19,338224
24215,5e-05,74.125.24.0-255,7450,13750,19,338224
24216,5.3e-05,172.31.36.0-255,66,13816,19,338224
24217,0.000261,74.125.24.0-255,1484,15300,19,338224
24218,0.000267,172.31.36.0-255,66,15366,19,338224
24219,0.000274,74.125.24.0-255,2902,18268,19,338224
24220,0.000276,172.31.36.0-255,66,18334,19,338224
24221,0.000283,74.125.24.0-255,5738,24072,19,338224
24222,0.000286,172.31.36.0-255,66,24138,19,338224
24223,0.000292,74.125.24.0-255,4320,28458,19,338224
24224,0.000294,172.31.36.0-255,66,28524,19,338224
24225,0.000314,74.125.24.0-255,2543,31067,19,338224
24226,0.000316,172.31.36.0-255,66,31133,19,338224
24227,0.000344,172.31.36.0-255,66,31199,19,338224
24228,0.000367,74.125.24.0-255,2902,34101,19,338224
24229,0.000369,172.31.36.0-255,66,34167,19,338224
24230,0.000374,74.125.24.0-255,2543,36710,19,338224
24231,0.000376,172.31.36.0-255,66,36776,19,338224
24232,0.00039,74.125.24.0-255,1484,38260,19,338224
24233,0.000393,172.31.36.0-255,66,38326,19,338224
24234,0.000398,74.125.24.0-255,2902,41228,19,338224
24235,0.0004,172.31.36.0-255,66,41294,19,338224
24236,0.000428,74.125.24.0-255,5738,47032,19,338224
24237,0.000432,172.31.36.0-255,66,47098,19,338224
24238,0.000438,74.125.24.0-255,5738,52836,19,338224
24239,0.000441,172.31.36.0-255,66,52902,19,338224
24240,0.00046,74.125.24.0-255,1435,54337,19,338224
24241,0.000575,74.125.24.0-255,110,54447,19,338224
24242,0.000592,74.125.24.0-255,332,54779,19,338224
24243,0.000608,172.31.36.0-255,66,54845,19,338224
24244,0.000828,74.125.24.0-255,1484,56329,19,338224
24245,0.000835,74.125.24.0-255,2902,59231,19,338224
24246,0.000838,172.31.36.0-255,66,59297,19,338224
24247,0.000862,74.125.24.0-255,5738,65035,19,338224
24248,0.000894,172.31.36.0-255,66,65101,19,338224
24249,0.000906,74.125.24.0-255,1484,66585,19,338224
24250,0.000917,74.125.24.0-255,10692,77277,19,338224
24251,0.000948,172.31.36.0-255,66,77343,19,338224
24252,0.001033,74.125.24.0-255,1484,78827,19,338224
24253,0.001039,74.125.24.0-255,2902,81729,19,338224
24254,0.001041,172.31.36.0-255,66,81795,19,338224
24255,0.001048,74.125.24.0-255,5738,87533,19,338224
24256,0.001061,74.125.24.0-255,2902,90435,19,338224
24257,0.001067,172.31.36.0-255,66,90501,19,338224
24258,0.001081,74.125.24.0-255,9992,100493,19,338224
24259,0.001086,172.31.36.0-255,66,100559,19,338224
24260,0.001119,74.125.24.0-255,10692,111251,19,338224
24261,0.001144,74.125.24.0-255,1484,112735,19,338224
24262,0.001149,74.125.24.0-255,2902,115637,19,338224
24263,0.001151,74.125.24.0-255,1484,117121,19,338224
24264,0.001156,172.31.36.0-255,66,117187,19,338224
24265,0.001177,74.125.24.0-255,4320,121507,19,338224
24266,0.001186,74.125.24.0-255,7156,128663,19,338224
24267,0.001195,172.31.36.0-255,66,128729,19,338224
24268,0.001208,74.125.24.0-255,5738,134467,19,338224
24269,0.001214,74.125.24.0-255,7156,141623,19,338224
24270,0.001261,74.125.24.0-255,3602,145225,19,338224
24271,0.001272,172.31.36.0-255,66,145291,19,338224
24272,0.001322,74.125.24.0-255,1484,146775,19,338224
24273,0.001327,74.125.24.0-255,2902,149677,19,338224
24274,0.00133,74.125.24.0-255,1484,151161,19,338224
24275,0.001335,172.31.36.0-255,66,151227,19,338224
24276,0.001358,74.125.24.0-255,4320,155547,19,338224
24277,0.001364,74.125.24.0-255,4320,159867,19,338224
24278,0.001367,74.125.24.0-255,1484,161351,19,338224
24279,0.001373,172.31.36.0-255,66,161417,19,338224
24280,0.001403,74.125.24.0-255,9992,171409,19,338224
24281,0.001411,74.125.24.0-255,7856,179265,19,338224
24282,0.001422,172.31.36.0-255,66,179331,19,338224
24283,0.001507,74.125.24.0-255,1484,180815,19,338224
24284,0.001513,74.125.24.0-255,2902,183717,19,338224
24285,0.001525,74.125.24.0-255,1484,185201,19,338224
24286,0.001532,172.31.36.0-255,66,185267,19,338224
24287,0.001553,74.125.24.0-255,4320,189587,19,338224
24288,0.001569,74.125.24.0-255,5738,195325,19,338224
24289,0.001583,172.31.36.0-255,66,195391,19,338224
24290,0.001613,74.125.24.0-255,4320,199711,19,338224
24291,0.00164,74.125.24.0-255,5020,204731,19,338224
24292,0.001649,74.125.24.0-255,9992,214723,19,338224
24293,0.001671,74.125.24.0-255,8574,223297,19,338224
24294,0.001677,172.31.36.0-255,66,223363,19,338224
24295,0.001703,74.125.24.0-255,10692,234055,19,338224
24296,0.001713,172.31.36.0-255,66,234121,19,338224
24297,0.001867,74.125.24.0-255,1484,235605,19,338224
24298,0.001872,74.125.24.0-255,2902,238507,19,338224
24299,0.001878,172.31.36.0-255,66,238573,19,338224
24300,0.001901,74.125.24.0-255,5738,244311,19,338224
24301,0.001911,74.125.24.0-255,8574,252885,19,338224
24302,0.001924,74.125.24.0-255,4320,257205,19,338224
24303,0.001931,74.125.24.0-255,7156,264361,19,338224
24304,0.001936,172.31.36.0-255,66,264427,19,338224
24305,0.001965,74.125.24.0-255,3602,268029,19,338224
24306,0.001977,172.31.36.0-255,66,268095,19,338224
24307,0.002199,74.125.24.0-255,1484,269579,19,338224
24308,0.002222,74.125.24.0-255,2902,272481,19,338224
24309,0.002227,74.125.24.0-255,2902,275383,19,338224
24310,0.002232,172.31.36.0-255,66,275449,19,338224
24311,0.002245,74.125.24.0-255,2902,278351,19,338224
24312,0.00226,172.31.36.0-255,66,278417,19,338224
24313,0.002294,74.125.24.0-255,10692,289109,19,338224
24314,0.002308,172.31.36.0-255,66,289175,19,338224
24315,0.002318,74.125.24.0-255,2902,292077,19,338224
24316,0.002322,74.125.24.0-255,4320,296397,19,338224
24317,0.002338,172.31.36.0-255,66,296463,19,338224
24318,0.002356,74.125.24.0-255,8574,305037,19,338224
24319,0.002432,172.31.36.0-255,66,305103,19,338224
24320,0.00483,74.125.24.0-255,5738,310841,19,338224
24321,0.004838,172.31.36.0-255,66,310907,19,338224
24322,0.007201,74.125.24.0-255,5738,316645,19,338224
24323,0.007208,172.31.36.0-255,66,316711,19,338224
24324,0.009537,74.125.24.0-255,5738,322449,19,338224
24325,0.009544,172.31.36.0-255,66,322515,19,338224
24326,0.01186,74.125.24.0-255,5738,328253,19,338224
24327,0.011868,172.31.36.0-255,66,328319,19,338224
24328,0.014202,74.125.24.0-255,5738,334057,19,338224
24329,0.014209,172.31.36.0-255,66,334123,19,338224
24330,0.016545,74.125.24.0-255,4035,338158,19,338224
24331,0.016554,172.31.36.0-255,66,338224,19,338224
24332,0.0,172.217.27.0-255,153,153,19,212440
24333,3.2e-05,172.31.36.0-255,66,219,19,212440
24334,3.9e-05,172.217.27.0-255,1484,1703,19,212440
24335,4.2e-05,172.31.36.0-255,66,1769,19,212440
24336,4.5e-05,172.217.27.0-255,1484,3253,19,212440
24337,4.6e-05,172.31.36.0-255,66,3319,19,212440
24338,5.1e-05,172.217.27.0-255,2902,6221,19,212440
24339,5.3e-05,172.31.36.0-255,66,6287,19,212440
24340,5.9e-05,172.217.27.0-255,5738,12025,19,212440
24341,6.1e-05,172.31.36.0-255,66,12091,19,212440
24342,8.3e-05,172.217.27.0-255,1974,14065,19,212440
24343,8.4e-05,172.31.36.0-255,66,14131,19,212440
24344,0.000488,172.217.27.0-255,1484,15615,19,212440
24345,0.000494,172.31.36.0-255,66,15681,19,212440
24346,0.000503,172.217.27.0-255,2902,18583,19,212440
24347,0.000505,172.31.36.0-255,66,18649,19,212440
24348,0.000509,172.217.27.0-255,1484,20133,19,212440
24349,0.00051,172.31.36.0-255,66,20199,19,212440
24350,0.000545,172.217.27.0-255,4320,24519,19,212440
24351,0.000548,172.31.36.0-255,66,24585,19,212440
24352,0.000555,172.217.27.0-255,6797,31382,19,212440
24353,0.000558,172.31.36.0-255,66,31448,19,212440
24354,0.000563,172.217.27.0-255,4320,35768,19,212440
24355,0.000566,172.31.36.0-255,66,35834,19,212440
24356,0.000602,172.217.27.0-255,2902,38736,19,212440
24357,0.000607,172.31.36.0-255,66,38802,19,212440
24358,0.000622,172.31.36.0-255,66,38868,19,212440
24359,0.000651,172.217.27.0-255,4320,43188,19,212440
24360,0.000654,172.31.36.0-255,66,43254,19,212440
24361,0.000681,172.217.27.0-255,8186,51440,19,212440
24362,0.000685,172.31.36.0-255,66,51506,19,212440
24363,0.001105,172.217.27.0-255,114,51620,19,212440
24364,0.001197,172.31.36.0-255,66,51686,19,212440
24365,0.001315,172.217.27.0-255,1484,53170,19,212440
24366,0.001323,172.217.27.0-255,2902,56072,19,212440
24367,0.001327,172.31.36.0-255,66,56138,19,212440
24368,0.001333,172.217.27.0-255,5738,61876,19,212440
24369,0.001335,172.31.36.0-255,66,61942,19,212440
24370,0.001343,172.217.27.0-255,8574,70516,19,212440
24371,0.001345,172.31.36.0-255,66,70582,19,212440
24372,0.001376,172.217.27.0-255,4320,74902,19,212440
24373,0.001379,172.31.36.0-255,66,74968,19,212440
24374,0.001387,172.217.27.0-255,8574,83542,19,212440
24375,0.001389,172.31.36.0-255,66,83608,19,212440
24376,0.001429,172.217.27.0-255,2184,85792,19,212440
24377,0.001431,172.31.36.0-255,66,85858,19,212440
24378,0.001451,172.217.27.0-255,1484,87342,19,212440
24379,0.001463,172.217.27.0-255,1484,88826,19,212440
24380,0.001465,172.31.36.0-255,66,88892,19,212440
24381,0.001486,172.217.27.0-255,1484,90376,19,212440
24382,0.001492,172.217.27.0-255,5738,96114,19,212440
24383,0.001497,172.217.27.0-255,4320,100434,19,212440
24384,0.0015,172.31.36.0-255,66,100500,19,212440
24385,0.001503,172.31.36.0-255,66,100566,19,212440
24386,0.001526,172.217.27.0-255,8574,109140,19,212440
24387,0.001529,172.31.36.0-255,66,109206,19,212440
24388,0.00155,172.217.27.0-255,1484,110690,19,212440
24389,0.001564,172.217.27.0-255,5738,116428,19,212440
24390,0.001566,172.31.36.0-255,66,116494,19,212440
24391,0.001589,172.217.27.0-255,3602,120096,19,212440
24392,0.001591,172.31.36.0-255,66,120162,19,212440
24393,0.001606,172.217.27.0-255,1484,121646,19,212440
24394,0.00161,172.217.27.0-255,2902,124548,19,212440
24395,0.001612,172.31.36.0-255,66,124614,19,212440
24396,0.001615,172.217.27.0-255,1484,126098,19,212440
24397,0.001638,172.217.27.0-255,4320,130418,19,212440
24398,0.001641,172.31.36.0-255,66,130484,19,212440
24399,0.001646,172.217.27.0-255,4320,134804,19,212440
24400,0.001647,172.31.36.0-255,66,134870,19,212440
24401,0.001666,172.217.27.0-255,7156,142026,19,212440
24402,0.00167,172.217.27.0-255,4320,146346,19,212440
24403,0.001673,172.31.36.0-255,66,146412,19,212440
24404,0.001676,172.31.36.0-255,66,146478,19,212440
24405,0.001702,172.217.27.0-255,7856,154334,19,212440
24406,0.001705,172.31.36.0-255,66,154400,19,212440
24407,0.003394,172.217.27.0-255,5738,160138,19,212440
24408,0.003398,172.31.36.0-255,66,160204,19,212440
24409,0.005061,172.217.27.0-255,5738,165942,19,212440
24410,0.005066,172.31.36.0-255,66,166008,19,212440
24411,0.006723,172.217.27.0-255,5738,171746,19,212440
24412,0.006728,172.31.36.0-255,66,171812,19,212440
24413,0.008417,172.217.27.0-255,5738,177550,19,212440
24414,0.008424,172.31.36.0-255,66,177616,19,212440
24415,0.010103,172.217.27.0-255,5738,183354,19,212440
24416,0.01011,172.31.36.0-255,66,183420,19,212440
24417,0.011776,172.217.27.0-255,5738,189158,19,212440
24418,0.011785,172.31.36.0-255,66,189224,19,212440
24419,0.013459,172.217.27.0-255,5738,194962,19,212440
24420,0.013466,172.31.36.0-255,66,195028,19,212440
24421,0.015137,172.217.27.0-255,5738,200766,19,212440
24422,0.015143,172.31.36.0-255,66,200832,19,212440
24423,0.016812,172.217.27.0-255,5738,206570,19,212440
24424,0.016819,172.31.36.0-255,66,206636,19,212440
24425,0.018479,172.217.27.0-255,5738,212374,19,212440
24426,0.018486,172.31.36.0-255,66,212440,19,212440
24427,0.0,74.125.24.0-255,143,143,19,275692
24428,2.8e-05,172.31.36.0-255,66,209,19,275692
24429,3.5e-05,74.125.24.0-255,1484,1693,19,275692
24430,3.9e-05,172.31.36.0-255,66,1759,19,275692
24431,4.4e-05,74.125.24.0-255,2902,4661,19,275692
24432,4.6e-05,172.31.36.0-255,66,4727,19,275692
24433,5.3e-05,74.125.24.0-255,7156,11883,19,275692
24434,5.6e-05,172.31.36.0-255,66,11949,19,275692
24435,7.4e-05,74.125.24.0-255,5738,17687,19,275692
24436,7.6e-05,172.31.36.0-255,66,17753,19,275692
24437,0.000109,74.125.24.0-255,10609,28362,19,275692
24438,0.000111,172.31.36.0-255,66,28428,19,275692
24439,0.000115,74.125.24.0-255,2543,30971,19,275692
24440,0.000118,172.31.36.0-255,66,31037,19,275692
24441,0.000164,172.31.36.0-255,66,31103,19,275692
24442,0.000181,74.125.24.0-255,5379,36482,19,275692
24443,0.000184,172.31.36.0-255,66,36548,19,275692
24444,0.000236,74.125.24.0-255,1484,38032,19,275692
24445,0.000239,172.31.36.0-255,66,38098,19,275692
24446,0.000243,74.125.24.0-255,2902,41000,19,275692
24447,0.000245,172.31.36.0-255,66,41066,19,275692
24448,0.000263,74.125.24.0-255,5738,46804,19,275692
24449,0.000266,172.31.36.0-255,66,46870,19,275692
24450,0.000286,74.125.24.0-255,7097,53967,19,275692
24451,0.000289,172.31.36.0-255,66,54033,19,275692
24452,0.00055,74.125.24.0-255,132,54165,19,275692
24453,0.000554,172.31.36.0-255,66,54231,19,275692
24454,0.000573,74.125.24.0-255,343,54574,19,275692
24455,0.000575,172.31.36.0-255,66,54640,19,275692
24456,0.000851,74.125.24.0-255,1484,56124,19,275692
24457,0.000856,172.31.36.0-255,66,56190,19,275692
24458,0.000865,74.125.24.0-255,2902,59092,19,275692
24459,0.000868,172.31.36.0-255,66,59158,19,275692
24460,0.000892,74.125.24.0-255,5738,64896,19,275692
24461,0.000896,172.31.36.0-255,66,64962,19,275692
24462,0.000911,74.125.24.0-255,4320,69282,19,275692
24463,0.000914,172.31.36.0-255,66,69348,19,275692
24464,0.000941,74.125.24.0-255,7156,76504,19,275692
24465,0.000945,172.31.36.0-255,66,76570,19,275692
24466,0.000959,172.31.36.0-255,66,76636,19,275692
24467,0.00102,172.31.36.0-255,66,76702,19,275692
24468,0.001024,74.125.24.0-255,1484,78186,19,275692
24469,0.001044,74.125.24.0-255,8574,86760,19,275692
24470,0.001047,172.31.36.0-255,66,86826,19,275692
24471,0.001071,74.125.24.0-255,7156,93982,19,275692
24472,0.001074,172.31.36.0-255,66,94048,19,275692
24473,0.001079,74.125.24.0-255,3602,97650,19,275692
24474,0.001081,172.31.36.0-255,66,97716,19,275692
24475,0.001116,74.125.24.0-255,1484,99200,19,275692
24476,0.001132,74.125.24.0-255,2902,102102,19,275692
24477,0.001136,172.31.36.0-255,66,102168,19,275692
24478,0.00114,74.125.24.0-255,2902,105070,19,275692
24479,0.001143,172.31.36.0-255,66,105136,19,275692
24480,0.001156,74.125.24.0-255,2902,108038,19,275692
24481,0.001158,172.31.36.0-255,66,108104,19,275692
24482,0.001166,74.125.24.0-255,7156,115260,19,275692
24483,0.001168,172.31.36.0-255,66,115326,19,275692
24484,0.001172,74.125.24.0-255,2902,118228,19,275692
24485,0.001175,172.31.36.0-255,66,118294,19,275692
24486,0.001198,74.125.24.0-255,5738,124032,19,275692
24487,0.001201,172.31.36.0-255,66,124098,19,275692
24488,0.001222,74.125.24.0-255,5738,129836,19,275692
24489,0.001225,172.31.36.0-255,66,129902,19,275692
24490,0.001247,74.125.24.0-255,2184,132086,19,275692
24491,0.00125,172.31.36.0-255,66,132152,19,275692
24492,0.001825,74.125.24.0-255,1484,133636,19,275692
24493,0.00183,74.125.24.0-255,1484,135120,19,275692
24494,0.001833,172.31.36.0-255,66,135186,19,275692
24495,0.001844,74.125.24.0-255,1484,136670,19,275692
24496,0.001847,74.125.24.0-255,1484,138154,19,275692
24497,0.001849,172.31.36.0-255,66,138220,19,275692
24498,0.001863,74.125.24.0-255,4320,142540,19,275692
24499,0.001865,172.31.36.0-255,66,142606,19,275692
24500,0.001872,74.125.24.0-255,7156,149762,19,275692
24501,0.001874,172.31.36.0-255,66,149828,19,275692
24502,0.001897,74.125.24.0-255,5738,155566,19,275692
24503,0.001899,172.31.36.0-255,66,155632,19,275692
24504,0.001901,74.125.24.0-255,1484,157116,19,275692
24505,0.001924,74.125.24.0-255,4320,161436,19,275692
24506,0.001926,172.31.36.0-255,66,161502,19,275692
24507,0.001945,74.125.24.0-255,5020,166522,19,275692
24508,0.001947,172.31.36.0-255,66,166588,19,275692
24509,0.001974,74.125.24.0-255,2902,169490,19,275692
24510,0.001976,172.31.36.0-255,66,169556,19,275692
24511,0.001996,74.125.24.0-255,7156,176712,19,275692
24512,0.001998,172.31.36.0-255,66,176778,19,275692
24513,0.002,74.125.24.0-255,1484,178262,19,275692
24514,0.002025,172.31.36.0-255,66,178328,19,275692
24515,0.00205,74.125.24.0-255,10692,189020,19,275692
24516,0.002052,172.31.36.0-255,66,189086,19,275692
24517,0.002062,172.31.36.0-255,66,189152,19,275692
24518,0.002076,74.125.24.0-255,1484,190636,19,275692
24519,0.002107,172.31.36.0-255,66,190702,19,275692
24520,0.002134,74.125.24.0-255,8574,199276,19,275692
24521,0.002136,172.31.36.0-255,66,199342,19,275692
24522,0.002148,74.125.24.0-255,3602,202944,19,275692
24523,0.002151,172.31.36.0-255,66,203010,19,275692
24524,0.002186,74.125.24.0-255,8574,211584,19,275692
24525,0.002188,172.31.36.0-255,66,211650,19,275692
24526,0.002207,74.125.24.0-255,4320,215970,19,275692
24527,0.002209,172.31.36.0-255,66,216036,19,275692
24528,0.002215,74.125.24.0-255,8574,224610,19,275692
24529,0.002217,172.31.36.0-255,66,224676,19,275692
24530,0.002235,74.125.24.0-255,2902,227578,19,275692
24531,0.002237,172.31.36.0-255,66,227644,19,275692
24532,0.002267,172.31.36.0-255,66,227710,19,275692
24533,0.002292,172.31.36.0-255,66,227776,19,275692
24534,0.002321,172.31.36.0-255,66,227842,19,275692
24535,0.002326,74.125.24.0-255,7156,234998,19,275692
24536,0.002328,172.31.36.0-255,66,235064,19,275692
24537,0.004515,74.125.24.0-255,5738,240802,19,275692
24538,0.004518,172.31.36.0-255,66,240868,19,275692
24539,0.006711,74.125.24.0-255,5738,246606,19,275692
24540,0.006718,172.31.36.0-255,66,246672,19,275692
24541,0.008902,74.125.24.0-255,5738,252410,19,275692
24542,0.008908,172.31.36.0-255,66,252476,19,275692
24543,0.01116,74.125.24.0-255,5738,258214,19,275692
24544,0.011168,172.31.36.0-255,66,258280,19,275692
24545,0.013416,74.125.24.0-255,5738,264018,19,275692
24546,0.013423,172.31.36.0-255,66,264084,19,275692
24547,0.015626,74.125.24.0-255,5738,269822,19,275692
24548,0.015633,172.31.36.0-255,66,269888,19,275692
24549,0.017834,74.125.24.0-255,5738,275626,19,275692
24550,0.017842,172.31.36.0-255,66,275692,19,275692
24551,0.0,172.253.118.0-255,218,218,19,207148
24552,3e-05,172.31.36.0-255,66,284,19,207148
24553,3.8e-05,172.253.118.0-255,1484,1768,19,207148
24554,4.2e-05,172.31.36.0-255,66,1834,19,207148
24555,4.7e-05,172.253.118.0-255,2902,4736,19,207148
24556,5e-05,172.31.36.0-255,66,4802,19,207148
24557,5.5e-05,172.253.118.0-255,4320,9122,19,207148
24558,5.8e-05,172.31.36.0-255,66,9188,19,207148
24559,7.7e-05,172.253.118.0-255,1484,10672,19,207148
24560,7.9e-05,172.31.36.0-255,66,10738,19,207148
24561,9.9e-05,172.253.118.0-255,8907,19645,19,207148
24562,0.000102,172.31.36.0-255,66,19711,19,207148
24563,0.000154,172.253.118.0-255,9992,29703,19,207148
24564,0.000158,172.31.36.0-255,66,29769,19,207148
24565,0.000164,172.253.118.0-255,1125,30894,19,207148
24566,0.000166,172.31.36.0-255,66,30960,19,207148
24567,0.000206,172.253.118.0-255,1484,32444,19,207148
24568,0.000209,172.31.36.0-255,66,32510,19,207148
24569,0.000213,172.253.118.0-255,2902,35412,19,207148
24570,0.000215,172.31.36.0-255,66,35478,19,207148
24571,0.000235,172.253.118.0-255,5738,41216,19,207148
24572,0.00024,172.31.36.0-255,66,41282,19,207148
24573,0.000246,172.253.118.0-255,4320,45602,19,207148
24574,0.000248,172.31.36.0-255,66,45668,19,207148
24575,0.000285,172.253.118.0-255,2543,48211,19,207148
24576,0.000289,172.31.36.0-255,66,48277,19,207148
24577,0.000332,172.253.118.0-255,2902,51179,19,207148
24578,0.000336,172.31.36.0-255,66,51245,19,207148
24579,0.000342,172.253.118.0-255,4320,55565,19,207148
24580,0.000344,172.31.36.0-255,66,55631,19,207148
24581,0.000365,172.253.118.0-255,7156,62787,19,207148
24582,0.000369,172.31.36.0-255,66,62853,19,207148
24583,0.000387,172.253.118.0-255,1484,64337,19,207148
24584,0.000393,172.253.118.0-255,1125,65462,19,207148
24585,0.000395,172.31.36.0-255,66,65528,19,207148
24586,0.00043,172.253.118.0-255,1484,67012,19,207148
24587,0.000448,172.253.118.0-255,2902,69914,19,207148
24588,0.000453,172.31.36.0-255,66,69980,19,207148
24589,0.000479,172.253.118.0-255,5738,75718,19,207148
24590,0.000484,172.31.36.0-255,66,75784,19,207148
24591,0.000487,172.253.118.0-255,1484,77268,19,207148
24592,0.000512,172.253.118.0-255,5379,82647,19,207148
24593,0.000516,172.31.36.0-255,66,82713,19,207148
24594,0.000547,172.253.118.0-255,1484,84197,19,207148
24595,0.000552,172.253.118.0-255,2902,87099,19,207148
24596,0.000555,172.31.36.0-255,66,87165,19,207148
24597,0.00056,172.253.118.0-255,2902,90067,19,207148
24598,0.000562,172.31.36.0-255,66,90133,19,207148
24599,0.000577,172.253.118.0-255,2902,93035,19,207148
24600,0.00058,172.31.36.0-255,66,93101,19,207148
24601,0.000599,172.253.118.0-255,4320,97421,19,207148
24602,0.000602,172.31.36.0-255,66,97487,19,207148
24603,0.000617,172.253.118.0-255,2543,100030,19,207148
24604,0.00062,172.31.36.0-255,66,100096,19,207148
24605,0.001334,172.253.118.0-255,1484,101580,19,207148
24606,0.001342,172.253.118.0-255,2902,104482,19,207148
24607,0.001346,172.31.36.0-255,66,104548,19,207148
24608,0.001354,172.253.118.0-255,5738,110286,19,207148
24609,0.001356,172.31.36.0-255,66,110352,19,207148
24610,0.001363,172.253.118.0-255,8574,118926,19,207148
24611,0.001365,172.31.36.0-255,66,118992,19,207148
24612,0.001439,172.31.36.0-255,66,119058,19,207148
24613,0.001921,172.253.118.0-255,1484,120542,19,207148
24614,0.00193,172.253.118.0-255,2902,123444,19,207148
24615,0.001934,172.31.36.0-255,66,123510,19,207148
24616,0.001941,172.253.118.0-255,4320,127830,19,207148
24617,0.001943,172.31.36.0-255,66,127896,19,207148
24618,0.001961,172.253.118.0-255,1484,129380,19,207148
24619,0.001969,172.253.118.0-255,5738,135118,19,207148
24620,0.001971,172.31.36.0-255,66,135184,19,207148
24621,0.001985,172.31.36.0-255,66,135250,19,207148
24622,0.002009,172.253.118.0-255,1484,136734,19,207148
24623,0.002016,172.253.118.0-255,5020,141754,19,207148
24624,0.002018,172.31.36.0-255,66,141820,19,207148
24625,0.002025,172.253.118.0-255,5738,147558,19,207148
24626,0.002027,172.31.36.0-255,66,147624,19,207148
24627,0.002035,172.253.118.0-255,7156,154780,19,207148
24628,0.002037,172.31.36.0-255,66,154846,19,207148
24629,0.002062,172.253.118.0-255,5738,160584,19,207148
24630,0.002065,172.31.36.0-255,66,160650,19,207148
24631,0.002079,172.31.36.0-255,66,160716,19,207148
24632,0.004135,172.253.118.0-255,5738,166454,19,207148
24633,0.004142,172.31.36.0-255,66,166520,19,207148
24634,0.006175,172.253.118.0-255,5738,172258,19,207148
24635,0.006181,172.31.36.0-255,66,172324,19,207148
24636,0.008217,172.253.118.0-255,5738,178062,19,207148
24637,0.008223,172.31.36.0-255,66,178128,19,207148
24638,0.010265,172.253.118.0-255,5738,183866,19,207148
24639,0.010274,172.31.36.0-255,66,183932,19,207148
24640,0.012305,172.253.118.0-255,5738,189670,19,207148
24641,0.012312,172.31.36.0-255,66,189736,19,207148
24642,0.014356,172.253.118.0-255,5738,195474,19,207148
24643,0.014364,172.31.36.0-255,66,195540,19,207148
24644,0.016445,172.253.118.0-255,5738,201278,19,207148
24645,0.016462,172.31.36.0-255,66,201344,19,207148
24646,0.018512,172.253.118.0-255,5738,207082,19,207148
24647,0.018526,172.31.36.0-255,66,207148,19,207148
24648,0.0,74.125.24.0-255,153,153,19,198442
24649,3.2e-05,172.31.36.0-255,66,219,19,198442
24650,3.9e-05,74.125.24.0-255,1484,1703,19,198442
24651,4.3e-05,172.31.36.0-255,66,1769,19,198442
24652,4.8e-05,74.125.24.0-255,2902,4671,19,198442
24653,5e-05,172.31.36.0-255,66,4737,19,198442
24654,5.7e-05,74.125.24.0-255,5738,10475,19,198442
24655,6.1e-05,172.31.36.0-255,66,10541,19,198442
24656,6.6e-05,74.125.24.0-255,3471,14012,19,198442
24657,6.8e-05,172.31.36.0-255,66,14078,19,198442
24658,0.000113,74.125.24.0-255,2902,16980,19,198442
24659,0.000116,172.31.36.0-255,66,17046,19,198442
24660,0.000136,74.125.24.0-255,1484,18530,19,198442
24661,0.000139,172.31.36.0-255,66,18596,19,198442
24662,0.000146,74.125.24.0-255,5738,24334,19,198442
24663,0.000149,172.31.36.0-255,66,24400,19,198442
24664,0.000174,74.125.24.0-255,4320,28720,19,198442
24665,0.000177,172.31.36.0-255,66,28786,19,198442
24666,0.000195,74.125.24.0-255,2543,31329,19,198442
24667,0.000197,172.31.36.0-255,66,31395,19,198442
24668,0.000238,74.125.24.0-255,1484,32879,19,198442
24669,0.000242,172.31.36.0-255,66,32945,19,198442
24670,0.000245,74.125.24.0-255,1484,34429,19,198442
24671,0.000247,172.31.36.0-255,66,34495,19,198442
24672,0.000262,74.125.24.0-255,1484,35979,19,198442
24673,0.000265,172.31.36.0-255,66,36045,19,198442
24674,0.000271,74.125.24.0-255,5738,41783,19,198442
24675,0.000273,172.31.36.0-255,66,41849,19,198442
24676,0.000277,74.125.24.0-255,4320,46169,19,198442
24677,0.000279,172.31.36.0-255,66,46235,19,198442
24678,0.00032,74.125.24.0-255,2543,48778,19,198442
24679,0.000323,172.31.36.0-255,66,48844,19,198442
24680,0.000374,74.125.24.0-255,1484,50328,19,198442
24681,0.00038,74.125.24.0-255,2902,53230,19,198442
24682,0.000383,172.31.36.0-255,66,53296,19,198442
24683,0.000398,74.125.24.0-255,4320,57616,19,198442
24684,0.000403,172.31.36.0-255,66,57682,19,198442
24685,0.000409,74.125.24.0-255,1484,59166,19,198442
24686,0.000438,74.125.24.0-255,7134,66300,19,198442
24687,0.000442,172.31.36.0-255,66,66366,19,198442
24688,0.00076,74.125.24.0-255,342,66708,19,198442
24689,0.000805,172.31.36.0-255,66,66774,19,198442
24690,0.000883,74.125.24.0-255,1484,68258,19,198442
24691,0.000893,74.125.24.0-255,2902,71160,19,198442
24692,0.000896,172.31.36.0-255,66,71226,19,198442
24693,0.00092,74.125.24.0-255,5738,76964,19,198442
24694,0.000923,172.31.36.0-255,66,77030,19,198442
24695,0.000927,74.125.24.0-255,2902,79932,19,198442
24696,0.000929,172.31.36.0-255,66,79998,19,198442
24697,0.000977,74.125.24.0-255,4320,84318,19,198442
24698,0.000981,172.31.36.0-255,66,84384,19,198442
24699,0.001006,74.125.24.0-255,3961,88345,19,198442
24700,0.001009,172.31.36.0-255,66,88411,19,198442
24701,0.001017,74.125.24.0-255,8574,96985,19,198442
24702,0.001019,172.31.36.0-255,66,97051,19,198442
24703,0.001022,74.125.24.0-255,1484,98535,19,198442
24704,0.001037,74.125.24.0-255,2543,101078,19,198442
24705,0.00104,172.31.36.0-255,66,101144,19,198442
24706,0.001949,74.125.24.0-255,1484,102628,19,198442
24707,0.001956,74.125.24.0-255,2902,105530,19,198442
24708,0.00196,172.31.36.0-255,66,105596,19,198442
24709,0.001967,74.125.24.0-255,5738,111334,19,198442
24710,0.001969,172.31.36.0-255,66,111400,19,198442
24711,0.001975,74.125.24.0-255,4320,115720,19,198442
24712,0.001976,172.31.36.0-255,66,115786,19,198442
24713,0.002014,172.31.36.0-255,66,115852,19,198442
24714,0.002037,74.125.24.0-255,7856,123708,19,198442
24715,0.002039,172.31.36.0-255,66,123774,19,198442
24716,0.002189,74.125.24.0-255,1484,125258,19,198442
24717,0.002196,74.125.24.0-255,2902,128160,19,198442
24718,0.0022,172.31.36.0-255,66,128226,19,198442
24719,0.002206,74.125.24.0-255,5738,133964,19,198442
24720,0.002208,172.31.36.0-255,66,134030,19,198442
24721,0.002215,74.125.24.0-255,5738,139768,19,198442
24722,0.002217,172.31.36.0-255,66,139834,19,198442
24723,0.002242,74.125.24.0-255,7156,146990,19,198442
24724,0.002246,172.31.36.0-255,66,147056,19,198442
24725,0.002255,74.125.24.0-255,10692,157748,19,198442
24726,0.002258,172.31.36.0-255,66,157814,19,198442
24727,0.004497,74.125.24.0-255,5738,163552,19,198442
24728,0.004504,172.31.36.0-255,66,163618,19,198442
24729,0.006774,74.125.24.0-255,5738,169356,19,198442
24730,0.00678,172.31.36.0-255,66,169422,19,198442
24731,0.009048,74.125.24.0-255,5738,175160,19,198442
24732,0.009055,172.31.36.0-255,66,175226,19,198442
24733,0.011357,74.125.24.0-255,5738,180964,19,198442
24734,0.011368,172.31.36.0-255,66,181030,19,198442
24735,0.013658,74.125.24.0-255,5738,186768,19,198442
24736,0.013669,172.31.36.0-255,66,186834,19,198442
24737,0.015954,74.125.24.0-255,5738,192572,19,198442
24738,0.015963,172.31.36.0-255,66,192638,19,198442
24739,0.018255,74.125.24.0-255,5738,198376,19,198442
24740,0.018264,172.31.36.0-255,66,198442,19,198442
24741,0.0,74.125.68.0-255,221,221,19,254404
24742,2.3e-05,172.31.36.0-255,66,287,19,254404
24743,3e-05,74.125.68.0-255,1484,1771,19,254404
24744,3.5e-05,172.31.36.0-255,66,1837,19,254404
24745,4.2e-05,74.125.68.0-255,4320,6157,19,254404
24746,4.6e-05,172.31.36.0-255,66,6223,19,254404
24747,8.6e-05,74.125.68.0-255,5738,11961,19,254404
24748,8.9e-05,172.31.36.0-255,66,12027,19,254404
24749,0.00013,74.125.68.0-255,3221,15248,19,254404
24750,0.000133,172.31.36.0-255,66,15314,19,254404
24751,0.000155,74.125.68.0-255,4320,19634,19,254404
24752,0.000159,172.31.36.0-255,66,19700,19,254404
24753,0.000165,74.125.68.0-255,4320,24020,19,254404
24754,0.000167,172.31.36.0-255,66,24086,19,254404
24755,0.000184,74.125.68.0-255,5738,29824,19,254404
24756,0.000187,74.125.68.0-255,1125,30949,19,254404
24757,0.000211,172.31.36.0-255,66,31015,19,254404
24758,0.000214,172.31.36.0-255,66,31081,19,254404
24759,0.00027,74.125.68.0-255,1484,32565,19,254404
24760,0.000274,172.31.36.0-255,66,32631,19,254404
24761,0.000291,74.125.68.0-255,1484,34115,19,254404
24762,0.000294,172.31.36.0-255,66,34181,19,254404
24763,0.000299,74.125.68.0-255,2902,37083,19,254404
24764,0.000302,172.31.36.0-255,66,37149,19,254404
24765,0.000357,74.125.68.0-255,5738,42887,19,254404
24766,0.000361,172.31.36.0-255,66,42953,19,254404
24767,0.000401,74.125.68.0-255,4320,47273,19,254404
24768,0.000404,172.31.36.0-255,66,47339,19,254404
24769,0.000422,74.125.68.0-255,1125,48464,19,254404
24770,0.000424,172.31.36.0-255,66,48530,19,254404
24771,0.000431,74.125.68.0-255,5738,54268,19,254404
24772,0.000433,172.31.36.0-255,66,54334,19,254404
24773,0.000462,74.125.68.0-255,4320,58654,19,254404
24774,0.000465,172.31.36.0-255,66,58720,19,254404
24775,0.00047,74.125.68.0-255,2902,61622,19,254404
24776,0.000472,172.31.36.0-255,66,61688,19,254404
24777,0.000486,74.125.68.0-255,2902,64590,19,254404
24778,0.000489,172.31.36.0-255,66,64656,19,254404
24779,0.000492,74.125.68.0-255,1125,65781,19,254404
24780,0.000805,74.125.68.0-255,647,66428,19,254404
24781,0.00081,172.31.36.0-255,66,66494,19,254404
24782,0.00094,74.125.68.0-255,1484,67978,19,254404
24783,0.000963,74.125.68.0-255,2902,70880,19,254404
24784,0.000966,172.31.36.0-255,66,70946,19,254404
24785,0.000972,74.125.68.0-255,5738,76684,19,254404
24786,0.000974,172.31.36.0-255,66,76750,19,254404
24787,0.000997,74.125.68.0-255,2902,79652,19,254404
24788,0.000999,172.31.36.0-255,66,79718,19,254404
24789,0.001015,74.125.68.0-255,7156,86874,19,254404
24790,0.001017,172.31.36.0-255,66,86940,19,254404
24791,0.00105,172.31.36.0-255,66,87006,19,254404
24792,0.001054,74.125.68.0-255,2184,89190,19,254404
24793,0.001056,172.31.36.0-255,66,89256,19,254404
24794,0.001418,74.125.68.0-255,1484,90740,19,254404
24795,0.001441,74.125.68.0-255,2902,93642,19,254404
24796,0.001446,172.31.36.0-255,66,93708,19,254404
24797,0.00145,74.125.68.0-255,1484,95192,19,254404
24798,0.001464,74.125.68.0-255,1484,96676,19,254404
24799,0.001466,172.31.36.0-255,66,96742,19,254404
24800,0.001479,74.125.68.0-255,1484,98226,19,254404
24801,0.001506,74.125.68.0-255,4320,102546,19,254404
24802,0.001508,172.31.36.0-255,66,102612,19,254404
24803,0.001526,74.125.68.0-255,1484,104096,19,254404
24804,0.00153,74.125.68.0-255,2902,106998,19,254404
24805,0.001532,172.31.36.0-255,66,107064,19,254404
24806,0.001557,74.125.68.0-255,4320,111384,19,254404
24807,0.00156,172.31.36.0-255,66,111450,19,254404
24808,0.001566,74.125.68.0-255,5738,117188,19,254404
24809,0.001569,172.31.36.0-255,66,117254,19,254404
24810,0.001576,74.125.68.0-255,6438,123692,19,254404
24811,0.001578,172.31.36.0-255,66,123758,19,254404
24812,0.001778,74.125.68.0-255,1484,125242,19,254404
24813,0.0018,74.125.68.0-255,2902,128144,19,254404
24814,0.001803,172.31.36.0-255,66,128210,19,254404
24815,0.001809,74.125.68.0-255,4320,132530,19,254404
24816,0.001811,172.31.36.0-255,66,132596,19,254404
24817,0.001836,74.125.68.0-255,5738,138334,19,254404
24818,0.001839,172.31.36.0-255,66,138400,19,254404
24819,0.001868,172.31.36.0-255,66,138466,19,254404
24820,0.001905,74.125.68.0-255,1484,139950,19,254404
24821,0.001926,74.125.68.0-255,6438,146388,19,254404
24822,0.001929,172.31.36.0-255,66,146454,19,254404
24823,0.001977,74.125.68.0-255,1484,147938,19,254404
24824,0.001989,74.125.68.0-255,2902,150840,19,254404
24825,0.001992,172.31.36.0-255,66,150906,19,254404
24826,0.001995,74.125.68.0-255,1484,152390,19,254404
24827,0.002008,74.125.68.0-255,2902,155292,19,254404
24828,0.002011,172.31.36.0-255,66,155358,19,254404
24829,0.002033,74.125.68.0-255,5738,161096,19,254404
24830,0.002036,172.31.36.0-255,66,161162,19,254404
24831,0.00205,74.125.68.0-255,1484,162646,19,254404
24832,0.002066,74.125.68.0-255,4320,166966,19,254404
24833,0.002069,172.31.36.0-255,66,167032,19,254404
24834,0.002089,74.125.68.0-255,4320,171352,19,254404
24835,0.002091,172.31.36.0-255,66,171418,19,254404
24836,0.002106,74.125.68.0-255,1484,172902,19,254404
24837,0.002129,74.125.68.0-255,7856,180758,19,254404
24838,0.002133,172.31.36.0-255,66,180824,19,254404
24839,0.002174,74.125.68.0-255,1484,182308,19,254404
24840,0.002188,74.125.68.0-255,2902,185210,19,254404
24841,0.002191,172.31.36.0-255,66,185276,19,254404
24842,0.002194,74.125.68.0-255,1484,186760,19,254404
24843,0.002209,74.125.68.0-255,4320,191080,19,254404
24844,0.002212,172.31.36.0-255,66,191146,19,254404
24845,0.002214,74.125.68.0-255,1484,192630,19,254404
24846,0.002272,74.125.68.0-255,8574,201204,19,254404
24847,0.002276,172.31.36.0-255,66,201270,19,254404
24848,0.002282,74.125.68.0-255,7156,208426,19,254404
24849,0.002285,172.31.36.0-255,66,208492,19,254404
24850,0.002325,74.125.68.0-255,6438,214930,19,254404
24851,0.002328,172.31.36.0-255,66,214996,19,254404
24852,0.004656,74.125.68.0-255,5738,220734,19,254404
24853,0.004662,172.31.36.0-255,66,220800,19,254404
24854,0.007001,74.125.68.0-255,5738,226538,19,254404
24855,0.007011,172.31.36.0-255,66,226604,19,254404
24856,0.009351,74.125.68.0-255,4320,230924,19,254404
24857,0.009359,172.31.36.0-255,66,230990,19,254404
24858,0.009375,74.125.68.0-255,1484,232474,19,254404
24859,0.01168,74.125.68.0-255,4320,236794,19,254404
24860,0.011689,172.31.36.0-255,66,236860,19,254404
24861,0.014011,74.125.68.0-255,5738,242598,19,254404
24862,0.014018,172.31.36.0-255,66,242664,19,254404
24863,0.016357,74.125.68.0-255,5738,248402,19,254404
24864,0.016369,172.31.36.0-255,66,248468,19,254404
24865,0.018706,74.125.68.0-255,2902,251370,19,254404
24866,0.018714,172.31.36.0-255,66,251436,19,254404
24867,0.018734,74.125.68.0-255,2902,254338,19,254404
24868,0.018737,172.31.36.0-255,66,254404,19,254404
24869,0.0,74.125.68.0-255,153,153,19,135691
24870,2e-05,172.31.36.0-255,66,219,19,135691
24871,2.7e-05,74.125.68.0-255,1484,1703,19,135691
24872,3.1e-05,172.31.36.0-255,66,1769,19,135691
24873,4.8e-05,74.125.68.0-255,2902,4671,19,135691
24874,5.3e-05,172.31.36.0-255,66,4737,19,135691
24875,7.7e-05,74.125.68.0-255,2902,7639,19,135691
24876,8.1e-05,172.31.36.0-255,66,7705,19,135691
24877,0.000114,74.125.68.0-255,4320,12025,19,135691
24878,0.000118,172.31.36.0-255,66,12091,19,135691
24879,0.000236,74.125.68.0-255,1984,14075,19,135691
24880,0.000242,172.31.36.0-255,66,14141,19,135691
24881,0.000274,74.125.68.0-255,1484,15625,19,135691
24882,0.000278,172.31.36.0-255,66,15691,19,135691
24883,0.000306,74.125.68.0-255,5738,21429,19,135691
24884,0.00031,172.31.36.0-255,66,21495,19,135691
24885,0.000425,74.125.68.0-255,9992,31487,19,135691
24886,0.000432,172.31.36.0-255,66,31553,19,135691
24887,0.000464,74.125.68.0-255,2543,34096,19,135691
24888,0.000468,172.31.36.0-255,66,34162,19,135691
24889,0.000664,74.125.68.0-255,5738,39900,19,135691
24890,0.000671,172.31.36.0-255,66,39966,19,135691
24891,0.00078,74.125.68.0-255,7156,47122,19,135691
24892,0.000794,172.31.36.0-255,66,47188,19,135691
24893,0.000799,74.125.68.0-255,1125,48313,19,135691
24894,0.000802,172.31.36.0-255,66,48379,19,135691
24895,0.000965,74.125.68.0-255,9992,58371,19,135691
24896,0.000971,172.31.36.0-255,66,58437,19,135691
24897,0.000994,74.125.68.0-255,7144,65581,19,135691
24898,0.000997,172.31.36.0-255,66,65647,19,135691
24899,0.001299,74.125.68.0-255,4320,69967,19,135691
24900,0.001305,172.31.36.0-255,66,70033,19,135691
24901,0.00134,172.31.36.0-255,66,70099,19,135691
24902,0.001395,172.31.36.0-255,66,70165,19,135691
24903,0.001973,74.125.68.0-255,5738,75903,19,135691
24904,0.001977,172.31.36.0-255,66,75969,19,135691
24905,0.002027,172.31.36.0-255,66,76035,19,135691
24906,0.002057,172.31.36.0-255,66,76101,19,135691
24907,0.002638,74.125.68.0-255,4320,80421,19,135691
24908,0.002643,172.31.36.0-255,66,80487,19,135691
24909,0.002699,172.31.36.0-255,66,80553,19,135691
24910,0.003347,74.125.68.0-255,8574,89127,19,135691
24911,0.003351,172.31.36.0-255,66,89193,19,135691
24912,0.003422,74.125.68.0-255,7156,96349,19,135691
24913,0.003437,172.31.36.0-255,66,96415,19,135691
24914,0.005622,74.125.68.0-255,4320,100735,19,135691
24915,0.005627,172.31.36.0-255,66,100801,19,135691
24916,0.005653,74.125.68.0-255,1484,102285,19,135691
24917,0.007802,74.125.68.0-255,4320,106605,19,135691
24918,0.007809,172.31.36.0-255,66,106671,19,135691
24919,0.009999,74.125.68.0-255,5738,112409,19,135691
24920,0.010039,172.31.36.0-255,66,112475,19,135691
24921,0.012244,74.125.68.0-255,5738,118213,19,135691
24922,0.012251,172.31.36.0-255,66,118279,19,135691
24923,0.014475,74.125.68.0-255,5738,124017,19,135691
24924,0.014482,172.31.36.0-255,66,124083,19,135691
24925,0.016692,74.125.68.0-255,5738,129821,19,135691
24926,0.016699,172.31.36.0-255,66,129887,19,135691
24927,0.018891,74.125.68.0-255,5738,135625,19,135691
24928,0.018897,172.31.36.0-255,66,135691,19,135691
24929,0.0,74.125.200.0-255,153,153,19,152005
24930,2.3e-05,172.31.36.0-255,66,219,19,152005
24931,3.1e-05,74.125.200.0-255,1484,1703,19,152005
24932,3.5e-05,172.31.36.0-255,66,1769,19,152005
24933,4.1e-05,74.125.200.0-255,2902,4671,19,152005
24934,5.3e-05,172.31.36.0-255,66,4737,19,152005
24935,6.2e-05,74.125.200.0-255,7156,11893,19,152005
24936,6.5e-05,172.31.36.0-255,66,11959,19,152005
24937,8.7e-05,74.125.200.0-255,1965,13924,19,152005
24938,9e-05,172.31.36.0-255,66,13990,19,152005
24939,0.000665,74.125.200.0-255,1484,15474,19,152005
24940,0.000671,172.31.36.0-255,66,15540,19,152005
24941,0.000681,74.125.200.0-255,2902,18442,19,152005
24942,0.000684,172.31.36.0-255,66,18508,19,152005
24943,0.000694,74.125.200.0-255,1484,19992,19,152005
24944,0.000696,172.31.36.0-255,66,20058,19,152005
24945,0.000701,74.125.200.0-255,2902,22960,19,152005
24946,0.000703,172.31.36.0-255,66,23026,19,152005
24947,0.000711,74.125.200.0-255,5738,28764,19,152005
24948,0.000713,172.31.36.0-255,66,28830,19,152005
24949,0.000744,74.125.200.0-255,2543,31373,19,152005
24950,0.000748,172.31.36.0-255,66,31439,19,152005
24951,0.000793,74.125.200.0-255,2902,34341,19,152005
24952,0.000797,172.31.36.0-255,66,34407,19,152005
24953,0.000803,74.125.200.0-255,4320,38727,19,152005
24954,0.000806,172.31.36.0-255,66,38793,19,152005
24955,0.000853,74.125.200.0-255,8574,47367,19,152005
24956,0.000856,172.31.36.0-255,66,47433,19,152005
24957,0.000859,74.125.200.0-255,1125,48558,19,152005
24958,0.000861,172.31.36.0-255,66,48624,19,152005
24959,0.001007,74.125.200.0-255,1484,50108,19,152005
24960,0.001011,172.31.36.0-255,66,50174,19,152005
24961,0.001016,74.125.200.0-255,2902,53076,19,152005
24962,0.001018,172.31.36.0-255,66,53142,19,152005
24963,0.001044,74.125.200.0-255,5738,58880,19,152005
24964,0.001047,172.31.36.0-255,66,58946,19,152005
24965,0.001053,74.125.200.0-255,5738,64684,19,152005
24966,0.001055,172.31.36.0-255,66,64750,19,152005
24967,0.001072,74.125.200.0-255,1125,65875,19,152005
24968,0.00108,74.125.200.0-255,413,66288,19,152005
24969,0.001422,74.125.200.0-255,331,66619,19,152005
24970,0.001428,172.31.36.0-255,66,66685,19,152005
24971,0.001556,74.125.200.0-255,1484,68169,19,152005
24972,0.001574,74.125.200.0-255,2902,71071,19,152005
24973,0.001577,172.31.36.0-255,66,71137,19,152005
24974,0.001603,74.125.200.0-255,2902,74039,19,152005
24975,0.001605,172.31.36.0-255,66,74105,19,152005
24976,0.001609,74.125.200.0-255,2902,77007,19,152005
24977,0.001611,172.31.36.0-255,66,77073,19,152005
24978,0.001635,74.125.200.0-255,1484,78557,19,152005
24979,0.001648,74.125.200.0-255,5379,83936,19,152005
24980,0.00165,172.31.36.0-255,66,84002,19,152005
24981,0.001785,74.125.200.0-255,1484,85486,19,152005
24982,0.001797,74.125.200.0-255,2902,88388,19,152005
24983,0.001799,172.31.36.0-255,66,88454,19,152005
24984,0.001826,74.125.200.0-255,5738,94192,19,152005
24985,0.001829,172.31.36.0-255,66,94258,19,152005
24986,0.001856,74.125.200.0-255,6797,101055,19,152005
24987,0.001858,172.31.36.0-255,66,101121,19,152005
24988,0.002258,74.125.200.0-255,1484,102605,19,152005
24989,0.002271,74.125.200.0-255,2902,105507,19,152005
24990,0.002274,172.31.36.0-255,66,105573,19,152005
24991,0.002298,74.125.200.0-255,5738,111311,19,152005
24992,0.002301,172.31.36.0-255,66,111377,19,152005
24993,0.004586,74.125.200.0-255,5738,117115,19,152005
24994,0.004592,172.31.36.0-255,66,117181,19,152005
24995,0.006873,74.125.200.0-255,5738,122919,19,152005
24996,0.006887,172.31.36.0-255,66,122985,19,152005
24997,0.009174,74.125.200.0-255,5738,128723,19,152005
24998,0.009189,172.31.36.0-255,66,128789,19,152005
24999,0.01148,74.125.200.0-255,5738,134527,19,152005
25000,0.011499,172.31.36.0-255,66,134593,19,152005
25001,0.013771,74.125.200.0-255,5738,140331,19,152005
25002,0.01378,172.31.36.0-255,66,140397,19,152005
25003,0.016057,74.125.200.0-255,5738,146135,19,152005
25004,0.016071,172.31.36.0-255,66,146201,19,152005
25005,0.018351,74.125.200.0-255,5738,151939,19,152005
25006,0.018369,172.31.36.0-255,66,152005,19,152005
25007,0.0,172.217.27.0-255,314,314,19,164268
25008,2e-05,172.31.36.0-255,66,380,19,164268
25009,2.7e-05,172.217.27.0-255,1484,1864,19,164268
25010,3.1e-05,172.31.36.0-255,66,1930,19,164268
25011,3.9e-05,172.217.27.0-255,4320,6250,19,164268
25012,5.1e-05,172.31.36.0-255,66,6316,19,164268
25013,5.9e-05,172.217.27.0-255,7539,13855,19,164268
25014,6.2e-05,172.31.36.0-255,66,13921,19,164268
25015,0.000326,172.217.27.0-255,1484,15405,19,164268
25016,0.000333,172.31.36.0-255,66,15471,19,164268
25017,0.00034,172.217.27.0-255,2902,18373,19,164268
25018,0.000342,172.31.36.0-255,66,18439,19,164268
25019,0.000355,172.217.27.0-255,5738,24177,19,164268
25020,0.000358,172.31.36.0-255,66,24243,19,164268
25021,0.000391,172.217.27.0-255,6797,31040,19,164268
25022,0.000394,172.31.36.0-255,66,31106,19,164268
25023,0.000481,172.217.27.0-255,1484,32590,19,164268
25024,0.000484,172.217.27.0-255,1484,34074,19,164268
25025,0.000488,172.31.36.0-255,66,34140,19,164268
25026,0.000493,172.31.36.0-255,66,34206,19,164268
25027,0.000501,172.217.27.0-255,1484,35690,19,164268
25028,0.000504,172.31.36.0-255,66,35756,19,164268
25029,0.000515,172.217.27.0-255,5738,41494,19,164268
25030,0.000519,172.31.36.0-255,66,41560,19,164268
25031,0.000564,172.217.27.0-255,6797,48357,19,164268
25032,0.000568,172.31.36.0-255,66,48423,19,164268
25033,0.000745,172.217.27.0-255,1484,49907,19,164268
25034,0.000749,172.31.36.0-255,66,49973,19,164268
25035,0.000755,172.217.27.0-255,2902,52875,19,164268
25036,0.000757,172.31.36.0-255,66,52941,19,164268
25037,0.000764,172.217.27.0-255,5738,58679,19,164268
25038,0.00077,172.31.36.0-255,66,58745,19,164268
25039,0.0008,172.217.27.0-255,7125,65870,19,164268
25040,0.000807,172.31.36.0-255,66,65936,19,164268
25041,0.000996,172.217.27.0-255,118,66054,19,164268
25042,0.001116,172.217.27.0-255,1484,67538,19,164268
25043,0.00112,172.31.36.0-255,66,67604,19,164268
25044,0.001126,172.217.27.0-255,2902,70506,19,164268
25045,0.001128,172.31.36.0-255,66,70572,19,164268
25046,0.001132,172.217.27.0-255,1484,72056,19,164268
25047,0.001162,172.217.27.0-255,4320,76376,19,164268
25048,0.001165,172.31.36.0-255,66,76442,19,164268
25049,0.001173,172.217.27.0-255,6797,83239,19,164268
25050,0.001175,172.31.36.0-255,66,83305,19,164268
25051,0.001206,172.217.27.0-255,1484,84789,19,164268
25052,0.001211,172.217.27.0-255,2902,87691,19,164268
25053,0.001213,172.31.36.0-255,66,87757,19,164268
25054,0.00122,172.217.27.0-255,5738,93495,19,164268
25055,0.001222,172.31.36.0-255,66,93561,19,164268
25056,0.001254,172.217.27.0-255,6797,100358,19,164268
25057,0.001257,172.31.36.0-255,66,100424,19,164268
25058,0.002906,172.217.27.0-255,5738,106162,19,164268
25059,0.002913,172.31.36.0-255,66,106228,19,164268
25060,0.004558,172.217.27.0-255,5738,111966,19,164268
25061,0.004565,172.31.36.0-255,66,112032,19,164268
25062,0.006205,172.217.27.0-255,5738,117770,19,164268
25063,0.006212,172.31.36.0-255,66,117836,19,164268
25064,0.007856,172.217.27.0-255,5738,123574,19,164268
25065,0.007861,172.31.36.0-255,66,123640,19,164268
25066,0.009504,172.217.27.0-255,5738,129378,19,164268
25067,0.00951,172.31.36.0-255,66,129444,19,164268
25068,0.011153,172.217.27.0-255,5738,135182,19,164268
25069,0.01116,172.31.36.0-255,66,135248,19,164268
25070,0.012809,172.217.27.0-255,5738,140986,19,164268
25071,0.012816,172.31.36.0-255,66,141052,19,164268
25072,0.014464,172.217.27.0-255,5738,146790,19,164268
25073,0.014473,172.31.36.0-255,66,146856,19,164268
25074,0.016122,172.217.27.0-255,5738,152594,19,164268
25075,0.016132,172.31.36.0-255,66,152660,19,164268
25076,0.017776,172.217.27.0-255,5738,158398,19,164268
25077,0.017782,172.31.36.0-255,66,158464,19,164268
25078,0.019423,172.217.27.0-255,5738,164202,19,164268
25079,0.019431,172.31.36.0-255,66,164268,19,164268
25080,0.0,172.31.36.0-255,105,105,19,276
25081,0.001527,157.240.13.0-255,105,210,19,276
25082,0.001539,172.31.36.0-255,66,276,19,276
25083,0.0,172.217.160.0-255,150,150,19,158925
25084,3e-05,172.31.36.0-255,66,216,19,158925
25085,3.7e-05,172.217.160.0-255,1484,1700,19,158925
25086,4.1e-05,172.31.36.0-255,66,1766,19,158925
25087,4.5e-05,172.217.160.0-255,2902,4668,19,158925
25088,4.7e-05,172.31.36.0-255,66,4734,19,158925
25089,5e-05,172.217.160.0-255,2902,7636,19,158925
25090,5.2e-05,172.31.36.0-255,66,7702,19,158925
25091,7.3e-05,172.217.160.0-255,1484,9186,19,158925
25092,7.6e-05,172.31.36.0-255,66,9252,19,158925
25093,9.8e-05,172.217.160.0-255,6204,15456,19,158925
25094,0.000101,172.31.36.0-255,66,15522,19,158925
25095,0.000173,172.217.160.0-255,4320,19842,19,158925
25096,0.000177,172.31.36.0-255,66,19908,19,158925
25097,0.000203,172.217.160.0-255,9992,29900,19,158925
25098,0.000205,172.31.36.0-255,66,29966,19,158925
25099,0.000218,172.217.160.0-255,1125,31091,19,158925
25100,0.00022,172.31.36.0-255,66,31157,19,158925
25101,0.000361,172.217.160.0-255,4320,35477,19,158925
25102,0.000365,172.31.36.0-255,66,35543,19,158925
25103,0.000394,172.31.36.0-255,66,35609,19,158925
25104,0.000555,172.217.160.0-255,7156,42765,19,158925
25105,0.000559,172.31.36.0-255,66,42831,19,158925
25106,0.000587,172.31.36.0-255,66,42897,19,158925
25107,0.000753,172.217.160.0-255,402,43299,19,158925
25108,0.000758,172.31.36.0-255,66,43365,19,158925
25109,0.000901,172.217.160.0-255,1484,44849,19,158925
25110,0.000906,172.31.36.0-255,66,44915,19,158925
25111,0.000912,172.217.160.0-255,2902,47817,19,158925
25112,0.000914,172.31.36.0-255,66,47883,19,158925
25113,0.000948,172.217.160.0-255,5738,53621,19,158925
25114,0.000951,172.31.36.0-255,66,53687,19,158925
25115,0.001017,172.217.160.0-255,7156,60843,19,158925
25116,0.001021,172.31.36.0-255,66,60909,19,158925
25117,0.001041,172.217.160.0-255,5738,66647,19,158925
25118,0.001043,172.31.36.0-255,66,66713,19,158925
25119,0.001166,172.217.160.0-255,5738,72451,19,158925
25120,0.001171,172.31.36.0-255,66,72517,19,158925
25121,0.001187,172.217.160.0-255,1484,74001,19,158925
25122,0.001256,172.217.160.0-255,3602,77603,19,158925
25123,0.00126,172.31.36.0-255,66,77669,19,158925
25124,0.001323,172.217.160.0-255,7156,84825,19,158925
25125,0.001327,172.31.36.0-255,66,84891,19,158925
25126,0.001348,172.217.160.0-255,5738,90629,19,158925
25127,0.00135,172.31.36.0-255,66,90695,19,158925
25128,0.001461,172.217.160.0-255,8574,99269,19,158925
25129,0.001463,172.31.36.0-255,66,99335,19,158925
25130,0.001492,172.31.36.0-255,66,99401,19,158925
25131,0.001708,172.217.160.0-255,7156,106557,19,158925
25132,0.001711,172.31.36.0-255,66,106623,19,158925
25133,0.004573,172.31.36.0-255,66,106689,19,158925
25134,0.006202,172.217.160.0-255,5738,112427,19,158925
25135,0.006208,172.31.36.0-255,66,112493,19,158925
25136,0.00784,172.217.160.0-255,5738,118231,19,158925
25137,0.007846,172.31.36.0-255,66,118297,19,158925
25138,0.009485,172.217.160.0-255,5738,124035,19,158925
25139,0.009492,172.31.36.0-255,66,124101,19,158925
25140,0.01112,172.217.160.0-255,5738,129839,19,158925
25141,0.011127,172.31.36.0-255,66,129905,19,158925
25142,0.01275,172.217.160.0-255,5738,135643,19,158925
25143,0.012756,172.31.36.0-255,66,135709,19,158925
25144,0.014382,172.217.160.0-255,5738,141447,19,158925
25145,0.01439,172.31.36.0-255,66,141513,19,158925
25146,0.016015,172.217.160.0-255,5738,147251,19,158925
25147,0.016021,172.31.36.0-255,66,147317,19,158925
25148,0.017638,172.217.160.0-255,5738,153055,19,158925
25149,0.017644,172.31.36.0-255,66,153121,19,158925
25150,0.019265,172.217.160.0-255,5738,158859,19,158925
25151,0.01927,172.31.36.0-255,66,158925,19,158925
25152,0.0,74.125.24.0-255,153,153,19,316761
25153,2.3e-05,172.31.36.0-255,66,219,19,316761
25154,3e-05,74.125.24.0-255,1484,1703,19,316761
25155,3.5e-05,172.31.36.0-255,66,1769,19,316761
25156,4e-05,74.125.24.0-255,2902,4671,19,316761
25157,5.2e-05,172.31.36.0-255,66,4737,19,316761
25158,6e-05,74.125.24.0-255,7156,11893,19,316761
25159,6.3e-05,172.31.36.0-255,66,11959,19,316761
25160,0.000105,74.125.24.0-255,7648,19607,19,316761
25161,0.000108,172.31.36.0-255,66,19673,19,316761
25162,0.000127,172.31.36.0-255,66,19739,19,316761
25163,0.000309,74.125.24.0-255,1484,21223,19,316761
25164,0.000313,172.31.36.0-255,66,21289,19,316761
25165,0.00032,74.125.24.0-255,2902,24191,19,316761
25166,0.000322,172.31.36.0-255,66,24257,19,316761
25167,0.000336,74.125.24.0-255,5738,29995,19,316761
25168,0.000339,172.31.36.0-255,66,30061,19,316761
25169,0.000383,74.125.24.0-255,9633,39694,19,316761
25170,0.000387,172.31.36.0-255,66,39760,19,316761
25171,0.000395,74.125.24.0-255,9992,49752,19,316761
25172,0.000398,172.31.36.0-255,66,49818,19,316761
25173,0.000409,74.125.24.0-255,4266,54084,19,316761
25174,0.000412,172.31.36.0-255,66,54150,19,316761
25175,0.000457,74.125.24.0-255,115,54265,19,316761
25176,0.00046,172.31.36.0-255,66,54331,19,316761
25177,0.000544,74.125.24.0-255,1484,55815,19,316761
25178,0.00055,172.31.36.0-255,66,55881,19,316761
25179,0.000556,74.125.24.0-255,2902,58783,19,316761
25180,0.000559,172.31.36.0-255,66,58849,19,316761
25181,0.00057,74.125.24.0-255,5738,64587,19,316761
25182,0.000573,172.31.36.0-255,66,64653,19,316761
25183,0.000616,172.31.36.0-255,66,64719,19,316761
25184,0.000623,74.125.24.0-255,7156,71875,19,316761
25185,0.000634,172.31.36.0-255,66,71941,19,316761
25186,0.000652,74.125.24.0-255,2543,74484,19,316761
25187,0.000657,172.31.36.0-255,66,74550,19,316761
25188,0.001001,74.125.24.0-255,1484,76034,19,316761
25189,0.001007,74.125.24.0-255,2902,78936,19,316761
25190,0.001011,172.31.36.0-255,66,79002,19,316761
25191,0.001017,74.125.24.0-255,4320,83322,19,316761
25192,0.001025,172.31.36.0-255,66,83388,19,316761
25193,0.001043,74.125.24.0-255,1484,84872,19,316761
25194,0.001094,172.31.36.0-255,66,84938,19,316761
25195,0.001099,74.125.24.0-255,1484,86422,19,316761
25196,0.001113,74.125.24.0-255,10692,97114,19,316761
25197,0.00112,172.31.36.0-255,66,97180,19,316761
25198,0.001171,74.125.24.0-255,1484,98664,19,316761
25199,0.001177,74.125.24.0-255,2902,101566,19,316761
25200,0.00118,172.31.36.0-255,66,101632,19,316761
25201,0.001183,74.125.24.0-255,1484,103116,19,316761
25202,0.001212,74.125.24.0-255,4320,107436,19,316761
25203,0.001218,74.125.24.0-255,4320,111756,19,316761
25204,0.001219,172.31.36.0-255,66,111822,19,316761
25205,0.001223,172.31.36.0-255,66,111888,19,316761
25206,0.001257,74.125.24.0-255,8574,120462,19,316761
25207,0.001262,74.125.24.0-255,2902,123364,19,316761
25208,0.001266,172.31.36.0-255,66,123430,19,316761
25209,0.001277,74.125.24.0-255,5738,129168,19,316761
25210,0.001282,172.31.36.0-255,66,129234,19,316761
25211,0.001304,74.125.24.0-255,2184,131418,19,316761
25212,0.001316,172.31.36.0-255,66,131484,19,316761
25213,0.002275,74.125.24.0-255,1484,132968,19,316761
25214,0.002283,172.31.36.0-255,66,133034,19,316761
25215,0.002315,74.125.24.0-255,2902,135936,19,316761
25216,0.002321,74.125.24.0-255,5738,141674,19,316761
25217,0.002337,74.125.24.0-255,4320,145994,19,316761
25218,0.002341,172.31.36.0-255,66,146060,19,316761
25219,0.002372,74.125.24.0-255,1484,147544,19,316761
25220,0.002388,74.125.24.0-255,5020,152564,19,316761
25221,0.002405,172.31.36.0-255,66,152630,19,316761
25222,0.002839,74.125.24.0-255,1484,154114,19,316761
25223,0.002858,74.125.24.0-255,2902,157016,19,316761
25224,0.002862,172.31.36.0-255,66,157082,19,316761
25225,0.002869,74.125.24.0-255,5738,162820,19,316761
25226,0.002873,172.31.36.0-255,66,162886,19,316761
25227,0.002906,172.31.36.0-255,66,162952,19,316761
25228,0.002947,74.125.24.0-255,9992,172944,19,316761
25229,0.002959,172.31.36.0-255,66,173010,19,316761
25230,0.00298,74.125.24.0-255,3602,176612,19,316761
25231,0.002985,172.31.36.0-255,66,176678,19,316761
25232,0.002986,74.125.24.0-255,5738,182416,19,316761
25233,0.003,172.31.36.0-255,66,182482,19,316761
25234,0.003015,172.31.36.0-255,66,182548,19,316761
25235,0.003048,74.125.24.0-255,4320,186868,19,316761
25236,0.003053,74.125.24.0-255,3602,190470,19,316761
25237,0.003054,172.31.36.0-255,66,190536,19,316761
25238,0.003059,172.31.36.0-255,66,190602,19,316761
25239,0.003062,74.125.24.0-255,4320,194922,19,316761
25240,0.003069,74.125.24.0-255,5738,200660,19,316761
25241,0.003076,74.125.24.0-255,7156,207816,19,316761
25242,0.003076,172.31.36.0-255,66,207882,19,316761
25243,0.003079,172.31.36.0-255,66,207948,19,316761
25244,0.003119,74.125.24.0-255,4320,212268,19,316761
25245,0.003125,74.125.24.0-255,5738,218006,19,316761
25246,0.003129,74.125.24.0-255,2902,220908,19,316761
25247,0.003129,172.31.36.0-255,66,220974,19,316761
25248,0.003133,74.125.24.0-255,3602,224576,19,316761
25249,0.003134,172.31.36.0-255,66,224642,19,316761
25250,0.003148,172.31.36.0-255,66,224708,19,316761
25251,0.003207,74.125.24.0-255,4320,229028,19,316761
25252,0.003217,74.125.24.0-255,8574,237602,19,316761
25253,0.003222,74.125.24.0-255,2902,240504,19,316761
25254,0.003227,172.31.36.0-255,66,240570,19,316761
25255,0.00327,74.125.24.0-255,1484,242054,19,316761
25256,0.003272,74.125.24.0-255,1484,243538,19,316761
25257,0.003273,172.31.36.0-255,66,243604,19,316761
25258,0.003275,74.125.24.0-255,2902,246506,19,316761
25259,0.003278,74.125.24.0-255,766,247272,19,316761
25260,0.003278,172.31.36.0-255,66,247338,19,316761
25261,0.003319,74.125.24.0-255,1484,248822,19,316761
25262,0.003324,172.31.36.0-255,66,248888,19,316761
25263,0.003325,74.125.24.0-255,4320,253208,19,316761
25264,0.003328,172.31.36.0-255,66,253274,19,316761
25265,0.003331,74.125.24.0-255,5738,259012,19,316761
25266,0.003335,74.125.24.0-255,2902,261914,19,316761
25267,0.003344,172.31.36.0-255,66,261980,19,316761
25268,0.003356,74.125.24.0-255,1484,263464,19,316761
25269,0.003365,74.125.24.0-255,4320,267784,19,316761
25270,0.003375,172.31.36.0-255,66,267850,19,316761
25271,0.003383,74.125.24.0-255,7156,275006,19,316761
25272,0.003394,74.125.24.0-255,6438,281444,19,316761
25273,0.003392,172.31.36.0-255,66,281510,19,316761
25274,0.003406,172.31.36.0-255,66,281576,19,316761
25275,0.003443,74.125.24.0-255,2902,284478,19,316761
25276,0.003448,172.31.36.0-255,66,284544,19,316761
25277,0.003476,74.125.24.0-255,4320,288864,19,316761
25278,0.003481,172.31.36.0-255,66,288930,19,316761
25279,0.003484,74.125.24.0-255,8574,297504,19,316761
25280,0.003489,74.125.24.0-255,4320,301824,19,316761
25281,0.003495,172.31.36.0-255,66,301890,19,316761
25282,0.003516,74.125.24.0-255,4320,306210,19,316761
25283,0.003526,172.31.36.0-255,66,306276,19,316761
25284,0.003557,74.125.24.0-255,9274,315550,19,316761
25285,0.003572,172.31.36.0-255,66,315616,19,316761
25286,0.003614,74.125.24.0-255,706,316322,19,316761
25287,0.003663,74.125.24.0-255,97,316419,19,316761
25288,0.003708,74.125.24.0-255,105,316524,19,316761
25289,0.00458,172.31.36.0-255,66,316590,19,316761
25290,0.004607,172.31.36.0-255,105,316695,19,316761
25291,0.006575,74.125.24.0-255,66,316761,19,316761
25292,0.0,74.125.24.0-255,143,143,19,202703
25293,3.7e-05,172.31.36.0-255,66,209,19,202703
25294,4.5e-05,74.125.24.0-255,1484,1693,19,202703
25295,4.9e-05,172.31.36.0-255,66,1759,19,202703
25296,5.5e-05,74.125.24.0-255,2902,4661,19,202703
25297,5.7e-05,172.31.36.0-255,66,4727,19,202703
25298,6.5e-05,74.125.24.0-255,7156,11883,19,202703
25299,6.8e-05,172.31.36.0-255,66,11949,19,202703
25300,7.9e-05,74.125.24.0-255,2902,14851,19,202703
25301,8.2e-05,172.31.36.0-255,66,14917,19,202703
25302,0.00012,172.31.36.0-255,66,14983,19,202703
25303,0.000125,74.125.24.0-255,2543,17526,19,202703
25304,0.000127,172.31.36.0-255,66,17592,19,202703
25305,0.000148,74.125.24.0-255,1484,19076,19,202703
25306,0.00015,172.31.36.0-255,66,19142,19,202703
25307,0.000171,74.125.24.0-255,2902,22044,19,202703
25308,0.000174,172.31.36.0-255,66,22110,19,202703
25309,0.000183,74.125.24.0-255,5738,27848,19,202703
25310,0.000185,172.31.36.0-255,66,27914,19,202703
25311,0.000187,74.125.24.0-255,1484,29398,19,202703
25312,0.00019,172.31.36.0-255,66,29464,19,202703
25313,0.000218,74.125.24.0-255,5379,34843,19,202703
25314,0.000223,172.31.36.0-255,66,34909,19,202703
25315,0.000883,74.125.24.0-255,1484,36393,19,202703
25316,0.000888,172.31.36.0-255,66,36459,19,202703
25317,0.00091,74.125.24.0-255,2902,39361,19,202703
25318,0.000913,172.31.36.0-255,66,39427,19,202703
25319,0.000919,74.125.24.0-255,4320,43747,19,202703
25320,0.000922,172.31.36.0-255,66,43813,19,202703
25321,0.000928,74.125.24.0-255,5738,49551,19,202703
25322,0.00093,172.31.36.0-255,66,49617,19,202703
25323,0.000972,74.125.24.0-255,3122,52739,19,202703
25324,0.000976,172.31.36.0-255,66,52805,19,202703
25325,0.002121,74.125.24.0-255,1484,54289,19,202703
25326,0.002131,74.125.24.0-255,1484,55773,19,202703
25327,0.002136,172.31.36.0-255,66,55839,19,202703
25328,0.002162,74.125.24.0-255,4320,60159,19,202703
25329,0.002164,172.31.36.0-255,66,60225,19,202703
25330,0.002168,74.125.24.0-255,2902,63127,19,202703
25331,0.00217,172.31.36.0-255,66,63193,19,202703
25332,0.002197,74.125.24.0-255,2902,66095,19,202703
25333,0.0022,172.31.36.0-255,66,66161,19,202703
25334,0.00222,74.125.24.0-255,3961,70122,19,202703
25335,0.002223,172.31.36.0-255,66,70188,19,202703
25336,0.002529,74.125.24.0-255,1484,71672,19,202703
25337,0.002538,74.125.24.0-255,2902,74574,19,202703
25338,0.002542,172.31.36.0-255,66,74640,19,202703
25339,0.002566,74.125.24.0-255,5738,80378,19,202703
25340,0.002569,172.31.36.0-255,66,80444,19,202703
25341,0.002576,74.125.24.0-255,5738,86182,19,202703
25342,0.002578,172.31.36.0-255,66,86248,19,202703
25343,0.002627,172.31.36.0-255,66,86314,19,202703
25344,0.002633,74.125.24.0-255,5020,91334,19,202703
25345,0.002635,172.31.36.0-255,66,91400,19,202703
25346,0.002954,74.125.24.0-255,1484,92884,19,202703
25347,0.002964,74.125.24.0-255,2902,95786,19,202703
25348,0.002967,172.31.36.0-255,66,95852,19,202703
25349,0.002974,74.125.24.0-255,4320,100172,19,202703
25350,0.002976,172.31.36.0-255,66,100238,19,202703
25351,0.00299,74.125.24.0-255,1484,101722,19,202703
25352,0.003,74.125.24.0-255,1484,103206,19,202703
25353,0.003002,172.31.36.0-255,66,103272,19,202703
25354,0.003027,172.31.36.0-255,66,103338,19,202703
25355,0.00303,74.125.24.0-255,1484,104822,19,202703
25356,0.00305,74.125.24.0-255,5738,110560,19,202703
25357,0.003052,172.31.36.0-255,66,110626,19,202703
25358,0.003085,74.125.24.0-255,3602,114228,19,202703
25359,0.003088,172.31.36.0-255,66,114294,19,202703
25360,0.003407,74.125.24.0-255,1484,115778,19,202703
25361,0.003435,74.125.24.0-255,2902,118680,19,202703
25362,0.003438,172.31.36.0-255,66,118746,19,202703
25363,0.003458,74.125.24.0-255,4320,123066,19,202703
25364,0.003461,172.31.36.0-255,66,123132,19,202703
25365,0.003491,74.125.24.0-255,1484,124616,19,202703
25366,0.003506,172.31.36.0-255,66,124682,19,202703
25367,0.003515,74.125.24.0-255,9992,134674,19,202703
25368,0.003517,172.31.36.0-255,66,134740,19,202703
25369,0.003557,74.125.24.0-255,1484,136224,19,202703
25370,0.003579,74.125.24.0-255,8574,144798,19,202703
25371,0.003581,172.31.36.0-255,66,144864,19,202703
25372,0.003614,74.125.24.0-255,5020,149884,19,202703
25373,0.003617,172.31.36.0-255,66,149950,19,202703
25374,0.003633,172.31.36.0-255,66,150016,19,202703
25375,0.003638,74.125.24.0-255,3602,153618,19,202703
25376,0.003641,172.31.36.0-255,66,153684,19,202703
25377,0.003646,74.125.24.0-255,4320,158004,19,202703
25378,0.003649,172.31.36.0-255,66,158070,19,202703
25379,0.003688,74.125.24.0-255,1484,159554,19,202703
25380,0.003722,74.125.24.0-255,8574,168128,19,202703
25381,0.003726,172.31.36.0-255,66,168194,19,202703
25382,0.003731,74.125.24.0-255,4320,172514,19,202703
25383,0.003734,172.31.36.0-255,66,172580,19,202703
25384,0.003755,172.31.36.0-255,66,172646,19,202703
25385,0.003772,172.31.36.0-255,66,172712,19,202703
25386,0.003788,172.31.36.0-255,66,172778,19,202703
25387,0.003821,172.31.36.0-255,66,172844,19,202703
25388,0.003857,172.31.36.0-255,66,172910,19,202703
25389,0.00386,74.125.24.0-255,1484,174394,19,202703
25390,0.003904,172.31.36.0-255,66,174460,19,202703
25391,0.00391,74.125.24.0-255,5738,180198,19,202703
25392,0.003913,172.31.36.0-255,66,180264,19,202703
25393,0.003959,172.31.36.0-255,66,180330,19,202703
25394,0.003978,172.31.36.0-255,66,180396,19,202703
25395,0.003987,74.125.24.0-255,9274,189670,19,202703
25396,0.003989,172.31.36.0-255,66,189736,19,202703
25397,0.004016,74.125.24.0-255,7156,196892,19,202703
25398,0.004019,172.31.36.0-255,66,196958,19,202703
25399,0.00404,74.125.24.0-255,5337,202295,19,202703
25400,0.004043,172.31.36.0-255,66,202361,19,202703
25401,0.004047,74.125.24.0-255,105,202466,19,202703
25402,0.006412,172.31.36.0-255,66,202532,19,202703
25403,0.006438,172.31.36.0-255,105,202637,19,202703
25404,0.008488,74.125.24.0-255,66,202703,19,202703
25405,0.0,74.125.130.0-255,66,66,19,66
25406,0.0,172.217.194.0-255,153,153,19,163433
25407,3.1e-05,172.31.36.0-255,66,219,19,163433
25408,3.9e-05,172.217.194.0-255,1484,1703,19,163433
25409,4.3e-05,172.31.36.0-255,66,1769,19,163433
25410,4.8e-05,172.217.194.0-255,2902,4671,19,163433
25411,5.8e-05,172.31.36.0-255,66,4737,19,163433
25412,6.2e-05,172.217.194.0-255,2902,7639,19,163433
25413,6.4e-05,172.31.36.0-255,66,7705,19,163433
25414,7.2e-05,172.217.194.0-255,7742,15447,19,163433
25415,7.4e-05,172.31.36.0-255,66,15513,19,163433
25416,0.000138,172.31.36.0-255,66,15579,19,163433
25417,0.000167,172.217.194.0-255,3961,19540,19,163433
25418,0.000172,172.31.36.0-255,66,19606,19,163433
25419,0.000195,172.217.194.0-255,1484,21090,19,163433
25420,0.000198,172.31.36.0-255,66,21156,19,163433
25421,0.000202,172.217.194.0-255,2902,24058,19,163433
25422,0.000204,172.31.36.0-255,66,24124,19,163433
25423,0.000207,172.217.194.0-255,1484,25608,19,163433
25424,0.00021,172.31.36.0-255,66,25674,19,163433
25425,0.000246,172.217.194.0-255,4320,29994,19,163433
25426,0.000249,172.31.36.0-255,66,30060,19,163433
25427,0.000264,172.31.36.0-255,66,30126,19,163433
25428,0.000276,172.217.194.0-255,8574,38700,19,163433
25429,0.000279,172.31.36.0-255,66,38766,19,163433
25430,0.000309,172.217.194.0-255,1383,40149,19,163433
25431,0.000313,172.31.36.0-255,66,40215,19,163433
25432,0.000337,172.217.194.0-255,114,40329,19,163433
25433,0.000341,172.31.36.0-255,66,40395,19,163433
25434,0.000964,172.217.194.0-255,380,40775,19,163433
25435,0.00097,172.31.36.0-255,66,40841,19,163433
25436,0.00118,172.217.194.0-255,1484,42325,19,163433
25437,0.00119,172.217.194.0-255,2902,45227,19,163433
25438,0.001194,172.31.36.0-255,66,45293,19,163433
25439,0.001201,172.217.194.0-255,5738,51031,19,163433
25440,0.001202,172.31.36.0-255,66,51097,19,163433
25441,0.001205,172.217.194.0-255,1484,52581,19,163433
25442,0.001236,172.217.194.0-255,4320,56901,19,163433
25443,0.00124,172.31.36.0-255,66,56967,19,163433
25444,0.001247,172.217.194.0-255,5738,62705,19,163433
25445,0.001249,172.31.36.0-255,66,62771,19,163433
25446,0.001286,172.217.194.0-255,7156,69927,19,163433
25447,0.001289,172.31.36.0-255,66,69993,19,163433
25448,0.001296,172.217.194.0-255,5020,75013,19,163433
25449,0.001298,172.31.36.0-255,66,75079,19,163433
25450,0.001778,172.217.194.0-255,1484,76563,19,163433
25451,0.001808,172.217.194.0-255,2902,79465,19,163433
25452,0.001812,172.217.194.0-255,2902,82367,19,163433
25453,0.001814,172.217.194.0-255,1484,83851,19,163433
25454,0.001823,172.31.36.0-255,66,83917,19,163433
25455,0.001826,172.31.36.0-255,66,83983,19,163433
25456,0.001833,172.217.194.0-255,5738,89721,19,163433
25457,0.001835,172.31.36.0-255,66,89787,19,163433
25458,0.001871,172.31.36.0-255,66,89853,19,163433
25459,0.001901,172.217.194.0-255,4320,94173,19,163433
25460,0.001903,172.31.36.0-255,66,94239,19,163433
25461,0.001908,172.217.194.0-255,3602,97841,19,163433
25462,0.00191,172.31.36.0-255,66,97907,19,163433
25463,0.002571,172.217.194.0-255,1484,99391,19,163433
25464,0.002589,172.217.194.0-255,2902,102293,19,163433
25465,0.002593,172.31.36.0-255,66,102359,19,163433
25466,0.0026,172.217.194.0-255,5738,108097,19,163433
25467,0.002602,172.31.36.0-255,66,108163,19,163433
25468,0.002607,172.217.194.0-255,5738,113901,19,163433
25469,0.002609,172.31.36.0-255,66,113967,19,163433
25470,0.002647,172.217.194.0-255,7156,121123,19,163433
25471,0.00265,172.31.36.0-255,66,121189,19,163433
25472,0.002654,172.217.194.0-255,2902,124091,19,163433
25473,0.002656,172.31.36.0-255,66,124157,19,163433
25474,0.002661,172.217.194.0-255,4320,128477,19,163433
25475,0.002667,172.31.36.0-255,66,128543,19,163433
25476,0.005262,172.217.194.0-255,1484,130027,19,163433
25477,0.005286,172.217.194.0-255,4320,134347,19,163433
25478,0.005289,172.31.36.0-255,66,134413,19,163433
25479,0.007907,172.217.194.0-255,5738,140151,19,163433
25480,0.007915,172.31.36.0-255,66,140217,19,163433
25481,0.010514,172.217.194.0-255,5738,145955,19,163433
25482,0.010523,172.31.36.0-255,66,146021,19,163433
25483,0.013132,172.217.194.0-255,5738,151759,19,163433
25484,0.013143,172.31.36.0-255,66,151825,19,163433
25485,0.01575,172.217.194.0-255,5738,157563,19,163433
25486,0.015761,172.31.36.0-255,66,157629,19,163433
25487,0.018353,172.217.194.0-255,5738,163367,19,163433
25488,0.018362,172.31.36.0-255,66,163433,19,163433
25489,0.0,74.125.200.0-255,143,143,19,305272
25490,2.2e-05,172.31.36.0-255,66,209,19,305272
25491,3e-05,74.125.200.0-255,1484,1693,19,305272
25492,3.4e-05,172.31.36.0-255,66,1759,19,305272
25493,4e-05,74.125.200.0-255,2902,4661,19,305272
25494,4.3e-05,172.31.36.0-255,66,4727,19,305272
25495,6e-05,74.125.200.0-255,7156,11883,19,305272
25496,6.3e-05,172.31.36.0-255,66,11949,19,305272
25497,6.8e-05,74.125.200.0-255,2081,14030,19,305272
25498,7.1e-05,172.31.36.0-255,66,14096,19,305272
25499,7.6e-05,74.125.200.0-255,2902,16998,19,305272
25500,7.9e-05,172.31.36.0-255,66,17064,19,305272
25501,9.8e-05,74.125.200.0-255,1484,18548,19,305272
25502,0.000101,172.31.36.0-255,66,18614,19,305272
25503,0.000138,74.125.200.0-255,5738,24352,19,305272
25504,0.000142,172.31.36.0-255,66,24418,19,305272
25505,0.000144,74.125.200.0-255,1484,25902,19,305272
25506,0.000146,172.31.36.0-255,66,25968,19,305272
25507,0.000151,74.125.200.0-255,2902,28870,19,305272
25508,0.00016,172.31.36.0-255,66,28936,19,305272
25509,0.000164,74.125.200.0-255,2543,31479,19,305272
25510,0.000166,172.31.36.0-255,66,31545,19,305272
25511,0.000214,74.125.200.0-255,1484,33029,19,305272
25512,0.000217,172.31.36.0-255,66,33095,19,305272
25513,0.000221,74.125.200.0-255,2902,35997,19,305272
25514,0.000224,172.31.36.0-255,66,36063,19,305272
25515,0.000262,74.125.200.0-255,5738,41801,19,305272
25516,0.000266,172.31.36.0-255,66,41867,19,305272
25517,0.000275,74.125.200.0-255,8574,50441,19,305272
25518,0.000277,172.31.36.0-255,66,50507,19,305272
25519,0.00028,74.125.200.0-255,1484,51991,19,305272
25520,0.000286,172.31.36.0-255,66,52057,19,305272
25521,0.000317,74.125.200.0-255,8574,60631,19,305272
25522,0.00032,172.31.36.0-255,66,60697,19,305272
25523,0.000349,74.125.200.0-255,5020,65717,19,305272
25524,0.000352,172.31.36.0-255,66,65783,19,305272
25525,0.000377,74.125.200.0-255,647,66430,19,305272
25526,0.000676,74.125.200.0-255,1484,67914,19,305272
25527,0.000683,172.31.36.0-255,66,67980,19,305272
25528,0.000691,74.125.200.0-255,2902,70882,19,305272
25529,0.000694,172.31.36.0-255,66,70948,19,305272
25530,0.000706,74.125.200.0-255,5738,76686,19,305272
25531,0.000708,172.31.36.0-255,66,76752,19,305272
25532,0.000753,74.125.200.0-255,8574,85326,19,305272
25533,0.000757,172.31.36.0-255,66,85392,19,305272
25534,0.000767,74.125.200.0-255,9992,95384,19,305272
25535,0.000769,172.31.36.0-255,66,95450,19,305272
25536,0.00078,74.125.200.0-255,5020,100470,19,305272
25537,0.000782,172.31.36.0-255,66,100536,19,305272
25538,0.000967,74.125.200.0-255,1484,102020,19,305272
25539,0.001016,74.125.200.0-255,2902,104922,19,305272
25540,0.001019,172.31.36.0-255,66,104988,19,305272
25541,0.001027,74.125.200.0-255,5738,110726,19,305272
25542,0.001029,172.31.36.0-255,66,110792,19,305272
25543,0.001047,172.31.36.0-255,66,110858,19,305272
25544,0.001054,74.125.200.0-255,5738,116596,19,305272
25545,0.001057,172.31.36.0-255,66,116662,19,305272
25546,0.001093,74.125.200.0-255,6438,123100,19,305272
25547,0.0011,172.31.36.0-255,66,123166,19,305272
25548,0.001141,74.125.200.0-255,1484,124650,19,305272
25549,0.001159,74.125.200.0-255,2902,127552,19,305272
25550,0.001162,172.31.36.0-255,66,127618,19,305272
25551,0.001191,74.125.200.0-255,2902,130520,19,305272
25552,0.001196,74.125.200.0-255,4320,134840,19,305272
25553,0.0012,172.31.36.0-255,66,134906,19,305272
25554,0.001203,172.31.36.0-255,66,134972,19,305272
25555,0.001221,74.125.200.0-255,8574,143546,19,305272
25556,0.001224,172.31.36.0-255,66,143612,19,305272
25557,0.001231,74.125.200.0-255,7156,150768,19,305272
25558,0.001234,172.31.36.0-255,66,150834,19,305272
25559,0.001276,74.125.200.0-255,4320,155154,19,305272
25560,0.001279,172.31.36.0-255,66,155220,19,305272
25561,0.001303,74.125.200.0-255,2184,157404,19,305272
25562,0.001305,172.31.36.0-255,66,157470,19,305272
25563,0.001333,74.125.200.0-255,1484,158954,19,305272
25564,0.001337,74.125.200.0-255,2902,161856,19,305272
25565,0.001343,172.31.36.0-255,66,161922,19,305272
25566,0.001375,74.125.200.0-255,5738,167660,19,305272
25567,0.001379,172.31.36.0-255,66,167726,19,305272
25568,0.001383,74.125.200.0-255,2902,170628,19,305272
25569,0.001385,172.31.36.0-255,66,170694,19,305272
25570,0.001394,74.125.200.0-255,4320,175014,19,305272
25571,0.001397,172.31.36.0-255,66,175080,19,305272
25572,0.001402,74.125.200.0-255,4320,179400,19,305272
25573,0.001405,172.31.36.0-255,66,179466,19,305272
25574,0.001441,74.125.200.0-255,4320,183786,19,305272
25575,0.001448,74.125.200.0-255,7856,191642,19,305272
25576,0.001453,172.31.36.0-255,66,191708,19,305272
25577,0.001461,172.31.36.0-255,66,191774,19,305272
25578,0.001467,74.125.200.0-255,4320,196094,19,305272
25579,0.001473,172.31.36.0-255,66,196160,19,305272
25580,0.001498,74.125.200.0-255,4320,200480,19,305272
25581,0.001505,172.31.36.0-255,66,200546,19,305272
25582,0.001509,74.125.200.0-255,2902,203448,19,305272
25583,0.001511,172.31.36.0-255,66,203514,19,305272
25584,0.001526,172.31.36.0-255,66,203580,19,305272
25585,0.001532,74.125.200.0-255,5738,209318,19,305272
25586,0.001535,172.31.36.0-255,66,209384,19,305272
25587,0.001565,74.125.200.0-255,3602,212986,19,305272
25588,0.001568,172.31.36.0-255,66,213052,19,305272
25589,0.00175,74.125.200.0-255,1484,214536,19,305272
25590,0.001775,74.125.200.0-255,2902,217438,19,305272
25591,0.001779,172.31.36.0-255,66,217504,19,305272
25592,0.001784,74.125.200.0-255,2902,220406,19,305272
25593,0.001786,172.31.36.0-255,66,220472,19,305272
25594,0.001814,74.125.200.0-255,2902,223374,19,305272
25595,0.001817,172.31.36.0-255,66,223440,19,305272
25596,0.001845,74.125.200.0-255,7156,230596,19,305272
25597,0.001848,172.31.36.0-255,66,230662,19,305272
25598,0.001863,172.31.36.0-255,66,230728,19,305272
25599,0.001894,74.125.200.0-255,2184,232912,19,305272
25600,0.001897,172.31.36.0-255,66,232978,19,305272
25601,0.001927,74.125.200.0-255,2902,235880,19,305272
25602,0.001931,74.125.200.0-255,2902,238782,19,305272
25603,0.001938,172.31.36.0-255,66,238848,19,305272
25604,0.001942,172.31.36.0-255,66,238914,19,305272
25605,0.001946,74.125.200.0-255,2902,241816,19,305272
25606,0.001948,172.31.36.0-255,66,241882,19,305272
25607,0.00196,74.125.200.0-255,7156,249038,19,305272
25608,0.001962,172.31.36.0-255,66,249104,19,305272
25609,0.002034,172.31.36.0-255,66,249170,19,305272
25610,0.002039,74.125.200.0-255,3602,252772,19,305272
25611,0.002041,172.31.36.0-255,66,252838,19,305272
25612,0.002054,74.125.200.0-255,7156,259994,19,305272
25613,0.002058,172.31.36.0-255,66,260060,19,305272
25614,0.002093,172.31.36.0-255,66,260126,19,305272
25615,0.002106,172.31.36.0-255,66,260192,19,305272
25616,0.004145,74.125.200.0-255,5738,265930,19,305272
25617,0.004151,172.31.36.0-255,66,265996,19,305272
25618,0.006208,74.125.200.0-255,5738,271734,19,305272
25619,0.006217,172.31.36.0-255,66,271800,19,305272
25620,0.00826,74.125.200.0-255,4320,276120,19,305272
25621,0.008265,172.31.36.0-255,66,276186,19,305272
25622,0.008283,74.125.200.0-255,1484,277670,19,305272
25623,0.010316,74.125.200.0-255,4320,281990,19,305272
25624,0.010319,172.31.36.0-255,66,282056,19,305272
25625,0.012364,74.125.200.0-255,5738,287794,19,305272
25626,0.012371,172.31.36.0-255,66,287860,19,305272
25627,0.014427,74.125.200.0-255,5738,293598,19,305272
25628,0.014435,172.31.36.0-255,66,293664,19,305272
25629,0.016493,74.125.200.0-255,5738,299402,19,305272
25630,0.016502,172.31.36.0-255,66,299468,19,305272
25631,0.018549,74.125.200.0-255,5738,305206,19,305272
25632,0.018557,172.31.36.0-255,66,305272,19,305272
25633,0.0,74.125.24.0-255,152,152,19,189742
25634,2.4e-05,172.31.36.0-255,66,218,19,189742
25635,3.2e-05,74.125.24.0-255,1484,1702,19,189742
25636,3.7e-05,172.31.36.0-255,66,1768,19,189742
25637,4.2e-05,74.125.24.0-255,2902,4670,19,189742
25638,4.6e-05,172.31.36.0-255,66,4736,19,189742
25639,5.3e-05,74.125.24.0-255,5738,10474,19,189742
25640,5.7e-05,172.31.36.0-255,66,10540,19,189742
25641,7.6e-05,74.125.24.0-255,1484,12024,19,189742
25642,7.9e-05,172.31.36.0-255,66,12090,19,189742
25643,8.4e-05,74.125.24.0-255,2004,14094,19,189742
25644,8.6e-05,172.31.36.0-255,66,14160,19,189742
25645,9.6e-05,74.125.24.0-255,9992,24152,19,189742
25646,9.9e-05,172.31.36.0-255,66,24218,19,189742
25647,0.000121,74.125.24.0-255,1484,25702,19,189742
25648,0.000123,172.31.36.0-255,66,25768,19,189742
25649,0.00013,74.125.24.0-255,4320,30088,19,189742
25650,0.000133,172.31.36.0-255,66,30154,19,189742
25651,0.000136,74.125.24.0-255,1125,31279,19,189742
25652,0.000138,172.31.36.0-255,66,31345,19,189742
25653,0.00046,74.125.24.0-255,1484,32829,19,189742
25654,0.000467,172.31.36.0-255,66,32895,19,189742
25655,0.000473,74.125.24.0-255,2902,35797,19,189742
25656,0.000476,172.31.36.0-255,66,35863,19,189742
25657,0.00048,74.125.24.0-255,2902,38765,19,189742
25658,0.000483,172.31.36.0-255,66,38831,19,189742
25659,0.000491,74.125.24.0-255,7156,45987,19,189742
25660,0.000493,172.31.36.0-255,66,46053,19,189742
25661,0.000558,172.31.36.0-255,66,46119,19,189742
25662,0.000563,74.125.24.0-255,2902,49021,19,189742
25663,0.000565,172.31.36.0-255,66,49087,19,189742
25664,0.000581,74.125.24.0-255,4320,53407,19,189742
25665,0.000584,172.31.36.0-255,66,53473,19,189742
25666,0.000606,74.125.24.0-255,766,54239,19,189742
25667,0.001186,74.125.24.0-255,413,54652,19,189742
25668,0.001227,74.125.24.0-255,1484,56136,19,189742
25669,0.001232,172.31.36.0-255,66,56202,19,189742
25670,0.001239,74.125.24.0-255,4320,60522,19,189742
25671,0.001241,172.31.36.0-255,66,60588,19,189742
25672,0.001249,74.125.24.0-255,4320,64908,19,189742
25673,0.001251,172.31.36.0-255,66,64974,19,189742
25674,0.001281,74.125.24.0-255,5738,70712,19,189742
25675,0.001285,172.31.36.0-255,66,70778,19,189742
25676,0.001292,74.125.24.0-255,5738,76516,19,189742
25677,0.001294,172.31.36.0-255,66,76582,19,189742
25678,0.001332,172.31.36.0-255,66,76648,19,189742
25679,0.00186,74.125.24.0-255,1484,78132,19,189742
25680,0.00187,74.125.24.0-255,2902,81034,19,189742
25681,0.001874,172.31.36.0-255,66,81100,19,189742
25682,0.001883,74.125.24.0-255,5738,86838,19,189742
25683,0.001885,172.31.36.0-255,66,86904,19,189742
25684,0.001903,74.125.24.0-255,4320,91224,19,189742
25685,0.001907,172.31.36.0-255,66,91290,19,189742
25686,0.001936,74.125.24.0-255,8574,99864,19,189742
25687,0.001939,172.31.36.0-255,66,99930,19,189742
25688,0.001947,74.125.24.0-255,7156,107086,19,189742
25689,0.001949,172.31.36.0-255,66,107152,19,189742
25690,0.001967,74.125.24.0-255,6438,113590,19,189742
25691,0.00197,172.31.36.0-255,66,113656,19,189742
25692,0.001977,74.125.24.0-255,7156,120812,19,189742
25693,0.00198,172.31.36.0-255,66,120878,19,189742
25694,0.002008,74.125.24.0-255,7156,128034,19,189742
25695,0.002011,172.31.36.0-255,66,128100,19,189742
25696,0.002034,74.125.24.0-255,8574,136674,19,189742
25697,0.002036,172.31.36.0-255,66,136740,19,189742
25698,0.00206,74.125.24.0-255,7156,143896,19,189742
25699,0.002062,172.31.36.0-255,66,143962,19,189742
25700,0.002065,74.125.24.0-255,766,144728,19,189742
25701,0.004073,74.125.24.0-255,4320,149048,19,189742
25702,0.004078,172.31.36.0-255,66,149114,19,189742
25703,0.00614,74.125.24.0-255,5738,154852,19,189742
25704,0.006149,172.31.36.0-255,66,154918,19,189742
25705,0.00818,74.125.24.0-255,5738,160656,19,189742
25706,0.008188,172.31.36.0-255,66,160722,19,189742
25707,0.010215,74.125.24.0-255,5738,166460,19,189742
25708,0.010224,172.31.36.0-255,66,166526,19,189742
25709,0.012234,74.125.24.0-255,5738,172264,19,189742
25710,0.012243,172.31.36.0-255,66,172330,19,189742
25711,0.014263,74.125.24.0-255,5738,178068,19,189742
25712,0.014271,172.31.36.0-255,66,178134,19,189742
25713,0.016299,74.125.24.0-255,5738,183872,19,189742
25714,0.016307,172.31.36.0-255,66,183938,19,189742
25715,0.018321,74.125.24.0-255,5738,189676,19,189742
25716,0.018328,172.31.36.0-255,66,189742,19,189742
25717,0.0,172.217.194.0-255,66,66,19,66
25718,0.0,74.125.200.0-255,145,145,19,340828
25719,1.8e-05,172.31.36.0-255,66,211,19,340828
25720,2.6e-05,74.125.200.0-255,1484,1695,19,340828
25721,3e-05,172.31.36.0-255,66,1761,19,340828
25722,3.6e-05,74.125.200.0-255,2902,4663,19,340828
25723,3.9e-05,172.31.36.0-255,66,4729,19,340828
25724,4.6e-05,74.125.200.0-255,5738,10467,19,340828
25725,5e-05,172.31.36.0-255,66,10533,19,340828
25726,7.6e-05,74.125.200.0-255,3466,13999,19,340828
25727,7.9e-05,172.31.36.0-255,66,14065,19,340828
25728,8.6e-05,74.125.200.0-255,4320,18385,19,340828
25729,8.8e-05,172.31.36.0-255,66,18451,19,340828
25730,0.000113,74.125.200.0-255,4320,22771,19,340828
25731,0.000116,172.31.36.0-255,66,22837,19,340828
25732,0.000135,74.125.200.0-255,4320,27157,19,340828
25733,0.000138,172.31.36.0-255,66,27223,19,340828
25734,0.000155,74.125.200.0-255,1484,28707,19,340828
25735,0.000157,172.31.36.0-255,66,28773,19,340828
25736,0.00017,74.125.200.0-255,2543,31316,19,340828
25737,0.000172,172.31.36.0-255,66,31382,19,340828
25738,0.000214,74.125.200.0-255,1484,32866,19,340828
25739,0.000217,172.31.36.0-255,66,32932,19,340828
25740,0.000222,74.125.200.0-255,2902,35834,19,340828
25741,0.000224,172.31.36.0-255,66,35900,19,340828
25742,0.000254,74.125.200.0-255,5738,41638,19,340828
25743,0.000257,172.31.36.0-255,66,41704,19,340828
25744,0.000263,74.125.200.0-255,4320,46024,19,340828
25745,0.000265,172.31.36.0-255,66,46090,19,340828
25746,0.00029,74.125.200.0-255,2543,48633,19,340828
25747,0.000292,172.31.36.0-255,66,48699,19,340828
25748,0.000299,74.125.200.0-255,7156,55855,19,340828
25749,0.000302,172.31.36.0-255,66,55921,19,340828
25750,0.000308,74.125.200.0-255,5738,61659,19,340828
25751,0.000311,172.31.36.0-255,66,61725,19,340828
25752,0.000358,74.125.200.0-255,4316,66041,19,340828
25753,0.000362,172.31.36.0-255,66,66107,19,340828
25754,0.0005,74.125.200.0-255,1484,67591,19,340828
25755,0.000507,74.125.200.0-255,2902,70493,19,340828
25756,0.000511,172.31.36.0-255,66,70559,19,340828
25757,0.000539,74.125.200.0-255,5738,76297,19,340828
25758,0.000542,172.31.36.0-255,66,76363,19,340828
25759,0.000587,172.31.36.0-255,66,76429,19,340828
25760,0.000607,74.125.200.0-255,1484,77913,19,340828
25761,0.000635,74.125.200.0-255,9633,87546,19,340828
25762,0.000638,172.31.36.0-255,66,87612,19,340828
25763,0.000728,74.125.200.0-255,1484,89096,19,340828
25764,0.000747,74.125.200.0-255,2902,91998,19,340828
25765,0.00075,172.31.36.0-255,66,92064,19,340828
25766,0.000758,74.125.200.0-255,5738,97802,19,340828
25767,0.00076,172.31.36.0-255,66,97868,19,340828
25768,0.000791,74.125.200.0-255,7156,105024,19,340828
25769,0.000794,172.31.36.0-255,66,105090,19,340828
25770,0.000808,74.125.200.0-255,1484,106574,19,340828
25771,0.000823,74.125.200.0-255,2902,109476,19,340828
25772,0.000826,172.31.36.0-255,66,109542,19,340828
25773,0.000829,74.125.200.0-255,1484,111026,19,340828
25774,0.000846,74.125.200.0-255,4320,115346,19,340828
25775,0.000848,172.31.36.0-255,66,115412,19,340828
25776,0.000867,74.125.200.0-255,1484,116896,19,340828
25777,0.000884,74.125.200.0-255,5020,121916,19,340828
25778,0.000887,172.31.36.0-255,66,121982,19,340828
25779,0.000931,74.125.200.0-255,1484,123466,19,340828
25780,0.000964,74.125.200.0-255,2902,126368,19,340828
25781,0.000968,172.31.36.0-255,66,126434,19,340828
25782,0.000987,74.125.200.0-255,4320,130754,19,340828
25783,0.000992,172.31.36.0-255,66,130820,19,340828
25784,0.001018,74.125.200.0-255,8574,139394,19,340828
25785,0.001021,172.31.36.0-255,66,139460,19,340828
25786,0.001025,74.125.200.0-255,2902,142362,19,340828
25787,0.001027,172.31.36.0-255,66,142428,19,340828
25788,0.00105,74.125.200.0-255,4320,146748,19,340828
25789,0.001052,172.31.36.0-255,66,146814,19,340828
25790,0.001081,74.125.200.0-255,8574,155388,19,340828
25791,0.001085,172.31.36.0-255,66,155454,19,340828
25792,0.001088,74.125.200.0-255,766,156220,19,340828
25793,0.001252,74.125.200.0-255,1484,157704,19,340828
25794,0.001257,172.31.36.0-255,66,157770,19,340828
25795,0.001261,74.125.200.0-255,1484,159254,19,340828
25796,0.001277,74.125.200.0-255,1484,160738,19,340828
25797,0.00128,172.31.36.0-255,66,160804,19,340828
25798,0.001286,74.125.200.0-255,4320,165124,19,340828
25799,0.001289,172.31.36.0-255,66,165190,19,340828
25800,0.001328,74.125.200.0-255,4320,169510,19,340828
25801,0.001332,172.31.36.0-255,66,169576,19,340828
25802,0.001359,74.125.200.0-255,5738,175314,19,340828
25803,0.001362,172.31.36.0-255,66,175380,19,340828
25804,0.001365,74.125.200.0-255,1484,176864,19,340828
25805,0.001391,74.125.200.0-255,4320,181184,19,340828
25806,0.001394,172.31.36.0-255,66,181250,19,340828
25807,0.001401,74.125.200.0-255,7156,188406,19,340828
25808,0.001403,172.31.36.0-255,66,188472,19,340828
25809,0.001421,74.125.200.0-255,2184,190656,19,340828
25810,0.001424,172.31.36.0-255,66,190722,19,340828
25811,0.001565,74.125.200.0-255,1484,192206,19,340828
25812,0.00159,74.125.200.0-255,2902,195108,19,340828
25813,0.001593,172.31.36.0-255,66,195174,19,340828
25814,0.001621,74.125.200.0-255,4320,199494,19,340828
25815,0.001625,172.31.36.0-255,66,199560,19,340828
25816,0.001643,74.125.200.0-255,1484,201044,19,340828
25817,0.001648,74.125.200.0-255,2902,203946,19,340828
25818,0.00165,172.31.36.0-255,66,204012,19,340828
25819,0.001671,74.125.200.0-255,4320,208332,19,340828
25820,0.001673,172.31.36.0-255,66,208398,19,340828
25821,0.001682,74.125.200.0-255,7156,215554,19,340828
25822,0.001684,172.31.36.0-255,66,215620,19,340828
25823,0.00173,74.125.200.0-255,5738,221358,19,340828
25824,0.001733,172.31.36.0-255,66,221424,19,340828
25825,0.001774,74.125.200.0-255,3602,225026,19,340828
25826,0.001777,172.31.36.0-255,66,225092,19,340828
25827,0.001849,74.125.200.0-255,1484,226576,19,340828
25828,0.001854,74.125.200.0-255,2902,229478,19,340828
25829,0.001857,172.31.36.0-255,66,229544,19,340828
25830,0.001887,74.125.200.0-255,4320,233864,19,340828
25831,0.00189,172.31.36.0-255,66,233930,19,340828
25832,0.001896,74.125.200.0-255,2902,236832,19,340828
25833,0.001897,172.31.36.0-255,66,236898,19,340828
25834,0.001927,74.125.200.0-255,2902,239800,19,340828
25835,0.001931,172.31.36.0-255,66,239866,19,340828
25836,0.001936,74.125.200.0-255,4320,244186,19,340828
25837,0.001939,172.31.36.0-255,66,244252,19,340828
25838,0.001954,74.125.200.0-255,4320,248572,19,340828
25839,0.001957,172.31.36.0-255,66,248638,19,340828
25840,0.001961,74.125.200.0-255,2902,251540,19,340828
25841,0.001964,172.31.36.0-255,66,251606,19,340828
25842,0.001992,74.125.200.0-255,7156,258762,19,340828
25843,0.001996,172.31.36.0-255,66,258828,19,340828
25844,0.001999,74.125.200.0-255,766,259594,19,340828
25845,0.002133,74.125.200.0-255,1484,261078,19,340828
25846,0.002137,172.31.36.0-255,66,261144,19,340828
25847,0.00216,74.125.200.0-255,2902,264046,19,340828
25848,0.002162,172.31.36.0-255,66,264112,19,340828
25849,0.002169,74.125.200.0-255,5738,269850,19,340828
25850,0.002171,172.31.36.0-255,66,269916,19,340828
25851,0.002176,74.125.200.0-255,4320,274236,19,340828
25852,0.002178,172.31.36.0-255,66,274302,19,340828
25853,0.002211,74.125.200.0-255,1484,275786,19,340828
25854,0.002225,74.125.200.0-255,4320,280106,19,340828
25855,0.002228,172.31.36.0-255,66,280172,19,340828
25856,0.002241,172.31.36.0-255,66,280238,19,340828
25857,0.002245,74.125.200.0-255,2184,282422,19,340828
25858,0.002247,172.31.36.0-255,66,282488,19,340828
25859,0.002282,74.125.200.0-255,5738,288226,19,340828
25860,0.002286,172.31.36.0-255,66,288292,19,340828
25861,0.002314,74.125.200.0-255,9992,298284,19,340828
25862,0.002317,172.31.36.0-255,66,298350,19,340828
25863,0.002323,74.125.200.0-255,4320,302670,19,340828
25864,0.002326,172.31.36.0-255,66,302736,19,340828
25865,0.002356,172.31.36.0-255,66,302802,19,340828
25866,0.002359,74.125.200.0-255,766,303568,19,340828
25867,0.002395,172.31.36.0-255,66,303634,19,340828
25868,0.002417,74.125.200.0-255,7156,310790,19,340828
25869,0.002419,172.31.36.0-255,66,310856,19,340828
25870,0.002426,74.125.200.0-255,5738,316594,19,340828
25871,0.002429,172.31.36.0-255,66,316660,19,340828
25872,0.00248,172.31.36.0-255,66,316726,19,340828
25873,0.002488,74.125.200.0-255,8574,325300,19,340828
25874,0.00249,172.31.36.0-255,66,325366,19,340828
25875,0.00251,74.125.200.0-255,8574,333940,19,340828
25876,0.002512,172.31.36.0-255,66,334006,19,340828
25877,0.002519,74.125.200.0-255,5738,339744,19,340828
25878,0.002521,172.31.36.0-255,66,339810,19,340828
25879,0.002524,74.125.200.0-255,493,340303,19,340828
25880,0.005024,74.125.200.0-255,105,340408,19,340828
25881,0.010815,172.31.36.0-255,66,340474,19,340828
25882,0.010856,172.31.36.0-255,105,340579,19,340828
25883,0.013282,74.125.200.0-255,105,340684,19,340828
25884,0.013294,172.31.36.0-255,78,340762,19,340828
25885,0.013329,74.125.200.0-255,66,340828,19,340828
25886,0.0,74.125.24.0-255,153,153,19,339965
25887,3.4e-05,172.31.36.0-255,66,219,19,339965
25888,4.2e-05,74.125.24.0-255,1484,1703,19,339965
25889,4.6e-05,172.31.36.0-255,66,1769,19,339965
25890,5.1e-05,74.125.24.0-255,2902,4671,19,339965
25891,6.1e-05,172.31.36.0-255,66,4737,19,339965
25892,6.6e-05,74.125.24.0-255,2902,7639,19,339965
25893,6.9e-05,172.31.36.0-255,66,7705,19,339965
25894,0.000113,74.125.24.0-255,2902,10607,19,339965
25895,0.000116,172.31.36.0-255,66,10673,19,339965
25896,0.000137,74.125.24.0-255,4903,15576,19,339965
25897,0.00014,172.31.36.0-255,66,15642,19,339965
25898,0.000149,74.125.24.0-255,8574,24216,19,339965
25899,0.000152,172.31.36.0-255,66,24282,19,339965
25900,0.000159,74.125.24.0-255,6797,31079,19,339965
25901,0.000161,172.31.36.0-255,66,31145,19,339965
25902,0.000249,74.125.24.0-255,1484,32629,19,339965
25903,0.000252,172.31.36.0-255,66,32695,19,339965
25904,0.000258,74.125.24.0-255,2902,35597,19,339965
25905,0.00026,172.31.36.0-255,66,35663,19,339965
25906,0.000287,74.125.24.0-255,5738,41401,19,339965
25907,0.000296,172.31.36.0-255,66,41467,19,339965
25908,0.000335,172.31.36.0-255,66,41533,19,339965
25909,0.000377,74.125.24.0-255,4320,45853,19,339965
25910,0.000381,172.31.36.0-255,66,45919,19,339965
25911,0.000412,74.125.24.0-255,7107,53026,19,339965
25912,0.000417,172.31.36.0-255,66,53092,19,339965
25913,0.00042,74.125.24.0-255,110,53202,19,339965
25914,0.000422,172.31.36.0-255,66,53268,19,339965
25915,0.000585,74.125.24.0-255,1484,54752,19,339965
25916,0.00059,172.31.36.0-255,66,54818,19,339965
25917,0.000596,74.125.24.0-255,2902,57720,19,339965
25918,0.000598,172.31.36.0-255,66,57786,19,339965
25919,0.000627,74.125.24.0-255,5738,63524,19,339965
25920,0.000634,74.125.24.0-255,6797,70321,19,339965
25921,0.000634,172.31.36.0-255,66,70387,19,339965
25922,0.000638,172.31.36.0-255,66,70453,19,339965
25923,0.000695,172.31.36.0-255,66,70519,19,339965
25924,0.000699,74.125.24.0-255,2543,73062,19,339965
25925,0.000701,172.31.36.0-255,66,73128,19,339965
25926,0.000704,74.125.24.0-255,331,73459,19,339965
25927,0.001086,172.31.36.0-255,66,73525,19,339965
25928,0.001847,74.125.24.0-255,1484,75009,19,339965
25929,0.001858,74.125.24.0-255,2902,77911,19,339965
25930,0.001862,172.31.36.0-255,66,77977,19,339965
25931,0.00187,74.125.24.0-255,5738,83715,19,339965
25932,0.001871,172.31.36.0-255,66,83781,19,339965
25933,0.001899,74.125.24.0-255,5738,89519,19,339965
25934,0.001901,172.31.36.0-255,66,89585,19,339965
25935,0.001913,74.125.24.0-255,2902,92487,19,339965
25936,0.001915,172.31.36.0-255,66,92553,19,339965
25937,0.001932,74.125.24.0-255,4320,96873,19,339965
25938,0.001938,172.31.36.0-255,66,96939,19,339965
25939,0.001941,74.125.24.0-255,1484,98423,19,339965
25940,0.001963,74.125.24.0-255,2902,101325,19,339965
25941,0.001965,172.31.36.0-255,66,101391,19,339965
25942,0.001983,74.125.24.0-255,6438,107829,19,339965
25943,0.001986,172.31.36.0-255,66,107895,19,339965
25944,0.00212,74.125.24.0-255,1484,109379,19,339965
25945,0.002151,74.125.24.0-255,1484,110863,19,339965
25946,0.002153,172.31.36.0-255,66,110929,19,339965
25947,0.002166,74.125.24.0-255,1484,112413,19,339965
25948,0.002176,74.125.24.0-255,5738,118151,19,339965
25949,0.002178,172.31.36.0-255,66,118217,19,339965
25950,0.002219,172.31.36.0-255,66,118283,19,339965
25951,0.002223,74.125.24.0-255,2902,121185,19,339965
25952,0.002224,172.31.36.0-255,66,121251,19,339965
25953,0.002253,74.125.24.0-255,4320,125571,19,339965
25954,0.002255,172.31.36.0-255,66,125637,19,339965
25955,0.002272,74.125.24.0-255,3602,129239,19,339965
25956,0.002276,172.31.36.0-255,66,129305,19,339965
25957,0.002283,74.125.24.0-255,8574,137879,19,339965
25958,0.002285,172.31.36.0-255,66,137945,19,339965
25959,0.002312,74.125.24.0-255,7156,145101,19,339965
25960,0.002315,172.31.36.0-255,66,145167,19,339965
25961,0.002345,74.125.24.0-255,7156,152323,19,339965
25962,0.002351,172.31.36.0-255,66,152389,19,339965
25963,0.002374,74.125.24.0-255,7156,159545,19,339965
25964,0.002376,172.31.36.0-255,66,159611,19,339965
25965,0.002398,74.125.24.0-255,3602,163213,19,339965
25966,0.002401,172.31.36.0-255,66,163279,19,339965
25967,0.002467,74.125.24.0-255,1484,164763,19,339965
25968,0.00248,74.125.24.0-255,2902,167665,19,339965
25969,0.002482,172.31.36.0-255,66,167731,19,339965
25970,0.00251,74.125.24.0-255,5738,173469,19,339965
25971,0.002513,172.31.36.0-255,66,173535,19,339965
25972,0.002515,74.125.24.0-255,1484,175019,19,339965
25973,0.002538,74.125.24.0-255,5738,180757,19,339965
25974,0.00254,172.31.36.0-255,66,180823,19,339965
25975,0.002571,74.125.24.0-255,2902,183725,19,339965
25976,0.002573,172.31.36.0-255,66,183791,19,339965
25977,0.002579,74.125.24.0-255,5738,189529,19,339965
25978,0.002581,172.31.36.0-255,66,189595,19,339965
25979,0.002609,74.125.24.0-255,2902,192497,19,339965
25980,0.002611,172.31.36.0-255,66,192563,19,339965
25981,0.002631,74.125.24.0-255,5020,197583,19,339965
25982,0.002633,172.31.36.0-255,66,197649,19,339965
25983,0.002727,74.125.24.0-255,1484,199133,19,339965
25984,0.002737,74.125.24.0-255,1484,200617,19,339965
25985,0.002739,172.31.36.0-255,66,200683,19,339965
25986,0.002762,74.125.24.0-255,1484,202167,19,339965
25987,0.002768,74.125.24.0-255,5738,207905,19,339965
25988,0.00277,172.31.36.0-255,66,207971,19,339965
25989,0.002773,74.125.24.0-255,1484,209455,19,339965
25990,0.002775,74.125.24.0-255,1484,210939,19,339965
25991,0.002777,172.31.36.0-255,66,211005,19,339965
25992,0.00281,74.125.24.0-255,5738,216743,19,339965
25993,0.002813,172.31.36.0-255,66,216809,19,339965
25994,0.00284,74.125.24.0-255,5738,222547,19,339965
25995,0.002843,172.31.36.0-255,66,222613,19,339965
25996,0.002846,74.125.24.0-255,1484,224097,19,339965
25997,0.002871,74.125.24.0-255,5738,229835,19,339965
25998,0.002873,172.31.36.0-255,66,229901,19,339965
25999,0.002928,74.125.24.0-255,2184,232085,19,339965
26000,0.00293,172.31.36.0-255,66,232151,19,339965
26001,0.002985,74.125.24.0-255,1484,233635,19,339965
26002,0.002999,74.125.24.0-255,2902,236537,19,339965
26003,0.003001,172.31.36.0-255,66,236603,19,339965
26004,0.003015,74.125.24.0-255,4320,240923,19,339965
26005,0.003021,172.31.36.0-255,66,240989,19,339965
26006,0.003023,74.125.24.0-255,1484,242473,19,339965
26007,0.003054,74.125.24.0-255,7156,249629,19,339965
26008,0.003056,172.31.36.0-255,66,249695,19,339965
26009,0.003097,172.31.36.0-255,66,249761,19,339965
26010,0.003459,74.125.24.0-255,1484,251245,19,339965
26011,0.003475,74.125.24.0-255,2902,254147,19,339965
26012,0.003478,172.31.36.0-255,66,254213,19,339965
26013,0.003505,74.125.24.0-255,5738,259951,19,339965
26014,0.003508,172.31.36.0-255,66,260017,19,339965
26015,0.003533,74.125.24.0-255,8574,268591,19,339965
26016,0.003536,172.31.36.0-255,66,268657,19,339965
26017,0.003557,74.125.24.0-255,4320,272977,19,339965
26018,0.003559,172.31.36.0-255,66,273043,19,339965
26019,0.003567,74.125.24.0-255,7156,280199,19,339965
26020,0.00357,172.31.36.0-255,66,280265,19,339965
26021,0.003612,74.125.24.0-255,8574,288839,19,339965
26022,0.003615,172.31.36.0-255,66,288905,19,339965
26023,0.003646,74.125.24.0-255,9274,298179,19,339965
26024,0.003649,172.31.36.0-255,66,298245,19,339965
26025,0.003664,172.31.36.0-255,66,298311,19,339965
26026,0.003674,74.125.24.0-255,5020,303331,19,339965
26027,0.003676,172.31.36.0-255,66,303397,19,339965
26028,0.003683,74.125.24.0-255,5738,309135,19,339965
26029,0.003685,172.31.36.0-255,66,309201,19,339965
26030,0.00372,74.125.24.0-255,4320,313521,19,339965
26031,0.003723,172.31.36.0-255,66,313587,19,339965
26032,0.003729,74.125.24.0-255,7156,320743,19,339965
26033,0.003731,172.31.36.0-255,66,320809,19,339965
26034,0.003764,74.125.24.0-255,8574,329383,19,339965
26035,0.003767,172.31.36.0-255,66,329449,19,339965
26036,0.003791,74.125.24.0-255,4320,333769,19,339965
26037,0.003793,172.31.36.0-255,66,333835,19,339965
26038,0.003824,74.125.24.0-255,5020,338855,19,339965
26039,0.003826,172.31.36.0-255,66,338921,19,339965
26040,0.003829,74.125.24.0-255,702,339623,19,339965
26041,0.003839,74.125.24.0-255,105,339728,19,339965
26042,0.011414,172.31.36.0-255,66,339794,19,339965
26043,0.011447,172.31.36.0-255,105,339899,19,339965
26044,0.014038,74.125.24.0-255,66,339965,19,339965
26045,0.0,172.31.36.0-255,105,105,19,276
26046,0.002075,157.240.13.0-255,105,210,19,276
26047,0.002089,172.31.36.0-255,66,276,19,276
26048,0.0,74.125.130.0-255,153,153,19,392642
26049,2.9e-05,172.31.36.0-255,66,219,19,392642
26050,3.6e-05,74.125.130.0-255,1484,1703,19,392642
26051,4.1e-05,172.31.36.0-255,66,1769,19,392642
26052,4.5e-05,74.125.130.0-255,2902,4671,19,392642
26053,4.8e-05,172.31.36.0-255,66,4737,19,392642
26054,5.4e-05,74.125.130.0-255,4320,9057,19,392642
26055,6.6e-05,172.31.36.0-255,66,9123,19,392642
26056,0.000105,74.125.130.0-255,9200,18323,19,392642
26057,0.000109,172.31.36.0-255,66,18389,19,392642
26058,0.000112,74.125.130.0-255,1484,19873,19,392642
26059,0.000114,172.31.36.0-255,66,19939,19,392642
26060,0.000148,74.125.130.0-255,8574,28513,19,392642
26061,0.000151,172.31.36.0-255,66,28579,19,392642
26062,0.000157,74.125.130.0-255,2543,31122,19,392642
26063,0.000159,172.31.36.0-255,66,31188,19,392642
26064,0.000352,74.125.130.0-255,1484,32672,19,392642
26065,0.000356,172.31.36.0-255,66,32738,19,392642
26066,0.000377,74.125.130.0-255,2902,35640,19,392642
26067,0.000381,172.31.36.0-255,66,35706,19,392642
26068,0.000385,74.125.130.0-255,2902,38608,19,392642
26069,0.000387,172.31.36.0-255,66,38674,19,392642
26070,0.000421,74.125.130.0-255,2902,41576,19,392642
26071,0.000425,172.31.36.0-255,66,41642,19,392642
26072,0.00043,74.125.130.0-255,2902,44544,19,392642
26073,0.000432,172.31.36.0-255,66,44610,19,392642
26074,0.000437,74.125.130.0-255,4320,48930,19,392642
26075,0.000439,172.31.36.0-255,66,48996,19,392642
26076,0.000443,74.125.130.0-255,2902,51898,19,392642
26077,0.000449,172.31.36.0-255,66,51964,19,392642
26078,0.000479,74.125.130.0-255,5738,57702,19,392642
26079,0.000482,172.31.36.0-255,66,57768,19,392642
26080,0.000487,74.125.130.0-255,2902,60670,19,392642
26081,0.000492,172.31.36.0-255,66,60736,19,392642
26082,0.000524,74.125.130.0-255,5330,66066,19,392642
26083,0.000527,172.31.36.0-255,66,66132,19,392642
26084,0.000531,74.125.130.0-255,367,66499,19,392642
26085,0.000673,74.125.130.0-255,1484,67983,19,392642
26086,0.000677,172.31.36.0-255,66,68049,19,392642
26087,0.000682,74.125.130.0-255,2902,70951,19,392642
26088,0.000684,172.31.36.0-255,66,71017,19,392642
26089,0.000687,74.125.130.0-255,1484,72501,19,392642
26090,0.000705,74.125.130.0-255,2902,75403,19,392642
26091,0.000708,172.31.36.0-255,66,75469,19,392642
26092,0.000733,74.125.130.0-255,4320,79789,19,392642
26093,0.000736,172.31.36.0-255,66,79855,19,392642
26094,0.000753,74.125.130.0-255,1484,81339,19,392642
26095,0.000759,74.125.130.0-255,4320,85659,19,392642
26096,0.000761,172.31.36.0-255,66,85725,19,392642
26097,0.000784,74.125.130.0-255,1484,87209,19,392642
26098,0.000792,74.125.130.0-255,7156,94365,19,392642
26099,0.000795,172.31.36.0-255,66,94431,19,392642
26100,0.000799,74.125.130.0-255,2902,97333,19,392642
26101,0.000802,172.31.36.0-255,66,97399,19,392642
26102,0.000823,74.125.130.0-255,3602,101001,19,392642
26103,0.00083,172.31.36.0-255,66,101067,19,392642
26104,0.001095,74.125.130.0-255,1484,102551,19,392642
26105,0.001111,74.125.130.0-255,2902,105453,19,392642
26106,0.001115,172.31.36.0-255,66,105519,19,392642
26107,0.001128,74.125.130.0-255,2902,108421,19,392642
26108,0.001135,172.31.36.0-255,66,108487,19,392642
26109,0.001164,74.125.130.0-255,2902,111389,19,392642
26110,0.001167,172.31.36.0-255,66,111455,19,392642
26111,0.001174,74.125.130.0-255,5738,117193,19,392642
26112,0.001176,172.31.36.0-255,66,117259,19,392642
26113,0.001201,74.125.130.0-255,2902,120161,19,392642
26114,0.001206,172.31.36.0-255,66,120227,19,392642
26115,0.00121,74.125.130.0-255,9992,130219,19,392642
26116,0.001212,172.31.36.0-255,66,130285,19,392642
26117,0.001215,74.125.130.0-255,1484,131769,19,392642
26118,0.001248,74.125.130.0-255,3602,135371,19,392642
26119,0.001252,172.31.36.0-255,66,135437,19,392642
26120,0.001398,74.125.130.0-255,1484,136921,19,392642
26121,0.001419,74.125.130.0-255,2902,139823,19,392642
26122,0.001423,172.31.36.0-255,66,139889,19,392642
26123,0.001435,74.125.130.0-255,4320,144209,19,392642
26124,0.001438,172.31.36.0-255,66,144275,19,392642
26125,0.001464,74.125.130.0-255,1484,145759,19,392642
26126,0.001469,74.125.130.0-255,4320,150079,19,392642
26127,0.001472,172.31.36.0-255,66,150145,19,392642
26128,0.001475,74.125.130.0-255,1484,151629,19,392642
26129,0.001496,74.125.130.0-255,4320,155949,19,392642
26130,0.001499,172.31.36.0-255,66,156015,19,392642
26131,0.001549,74.125.130.0-255,2902,158917,19,392642
26132,0.001553,172.31.36.0-255,66,158983,19,392642
26133,0.00158,74.125.130.0-255,8574,167557,19,392642
26134,0.001583,172.31.36.0-255,66,167623,19,392642
26135,0.001587,74.125.130.0-255,2184,169807,19,392642
26136,0.001589,172.31.36.0-255,66,169873,19,392642
26137,0.001678,74.125.130.0-255,1484,171357,19,392642
26138,0.001704,74.125.130.0-255,2902,174259,19,392642
26139,0.001707,172.31.36.0-255,66,174325,19,392642
26140,0.001736,74.125.130.0-255,5738,180063,19,392642
26141,0.00174,172.31.36.0-255,66,180129,19,392642
26142,0.001745,74.125.130.0-255,2902,183031,19,392642
26143,0.001748,172.31.36.0-255,66,183097,19,392642
26144,0.001783,74.125.130.0-255,1484,184581,19,392642
26145,0.00181,74.125.130.0-255,2902,187483,19,392642
26146,0.001813,172.31.36.0-255,66,187549,19,392642
26147,0.001821,74.125.130.0-255,8574,196123,19,392642
26148,0.001823,172.31.36.0-255,66,196189,19,392642
26149,0.001828,74.125.130.0-255,2902,199091,19,392642
26150,0.00183,172.31.36.0-255,66,199157,19,392642
26151,0.001835,74.125.130.0-255,4320,203477,19,392642
26152,0.001837,172.31.36.0-255,66,203543,19,392642
26153,0.00184,74.125.130.0-255,766,204309,19,392642
26154,0.001842,74.125.130.0-255,1484,205793,19,392642
26155,0.001845,172.31.36.0-255,66,205859,19,392642
26156,0.001867,74.125.130.0-255,1484,207343,19,392642
26157,0.001879,74.125.130.0-255,2902,210245,19,392642
26158,0.001882,172.31.36.0-255,66,210311,19,392642
26159,0.001893,74.125.130.0-255,5738,216049,19,392642
26160,0.001895,172.31.36.0-255,66,216115,19,392642
26161,0.001898,74.125.130.0-255,1484,217599,19,392642
26162,0.00193,74.125.130.0-255,5738,223337,19,392642
26163,0.001934,172.31.36.0-255,66,223403,19,392642
26164,0.001964,172.31.36.0-255,66,223469,19,392642
26165,0.001989,74.125.130.0-255,3602,227071,19,392642
26166,0.001993,172.31.36.0-255,66,227137,19,392642
26167,0.002024,74.125.130.0-255,1484,228621,19,392642
26168,0.002037,74.125.130.0-255,2902,231523,19,392642
26169,0.00204,172.31.36.0-255,66,231589,19,392642
26170,0.002068,74.125.130.0-255,5738,237327,19,392642
26171,0.002071,172.31.36.0-255,66,237393,19,392642
26172,0.002083,74.125.130.0-255,5738,243131,19,392642
26173,0.002087,172.31.36.0-255,66,243197,19,392642
26174,0.002091,74.125.130.0-255,1484,244681,19,392642
26175,0.002125,74.125.130.0-255,5738,250419,19,392642
26176,0.002129,172.31.36.0-255,66,250485,19,392642
26177,0.002134,74.125.130.0-255,2902,253387,19,392642
26178,0.002136,172.31.36.0-255,66,253453,19,392642
26179,0.002162,74.125.130.0-255,7856,261309,19,392642
26180,0.002166,172.31.36.0-255,66,261375,19,392642
26181,0.002258,74.125.130.0-255,1484,262859,19,392642
26182,0.002287,74.125.130.0-255,2902,265761,19,392642
26183,0.002291,172.31.36.0-255,101,265862,19,392642
26184,0.002297,172.31.36.0-255,66,265928,19,392642
26185,0.002328,74.125.130.0-255,5738,271666,19,392642
26186,0.002334,172.31.36.0-255,66,271732,19,392642
26187,0.002339,74.125.130.0-255,2902,274634,19,392642
26188,0.002342,172.31.36.0-255,66,274700,19,392642
26189,0.002342,74.125.130.0-255,4320,279020,19,392642
26190,0.002345,172.31.36.0-255,66,279086,19,392642
26191,0.002372,74.125.130.0-255,8574,287660,19,392642
26192,0.002376,172.31.36.0-255,66,287726,19,392642
26193,0.002381,74.125.130.0-255,4320,292046,19,392642
26194,0.002384,172.31.36.0-255,66,292112,19,392642
26195,0.00241,74.125.130.0-255,3602,295714,19,392642
26196,0.002414,172.31.36.0-255,66,295780,19,392642
26197,0.002463,74.125.130.0-255,1484,297264,19,392642
26198,0.002486,74.125.130.0-255,2902,300166,19,392642
26199,0.002492,172.31.36.0-255,66,300232,19,392642
26200,0.002496,74.125.130.0-255,1484,301716,19,392642
26201,0.002527,74.125.130.0-255,4320,306036,19,392642
26202,0.002531,172.31.36.0-255,66,306102,19,392642
26203,0.002538,74.125.130.0-255,7156,313258,19,392642
26204,0.002541,172.31.36.0-255,66,313324,19,392642
26205,0.002572,74.125.130.0-255,4320,317644,19,392642
26206,0.002576,172.31.36.0-255,66,317710,19,392642
26207,0.002608,74.125.130.0-255,8574,326284,19,392642
26208,0.002613,172.31.36.0-255,66,326350,19,392642
26209,0.002616,74.125.130.0-255,1484,327834,19,392642
26210,0.002645,74.125.130.0-255,2184,330018,19,392642
26211,0.002648,172.31.36.0-255,66,330084,19,392642
26212,0.002654,74.125.130.0-255,4320,334404,19,392642
26213,0.002657,172.31.36.0-255,66,334470,19,392642
26214,0.002664,74.125.130.0-255,8574,343044,19,392642
26215,0.002668,172.31.36.0-255,66,343110,19,392642
26216,0.002699,74.125.130.0-255,1484,344594,19,392642
26217,0.002706,74.125.130.0-255,2902,347496,19,392642
26218,0.002709,74.125.130.0-255,2902,350398,19,392642
26219,0.002714,172.31.36.0-255,66,350464,19,392642
26220,0.002717,172.31.36.0-255,66,350530,19,392642
26221,0.002728,74.125.130.0-255,7156,357686,19,392642
26222,0.002738,172.31.36.0-255,66,357752,19,392642
26223,0.004878,74.125.130.0-255,66,357818,19,392642
26224,0.005365,74.125.130.0-255,5738,363556,19,392642
26225,0.005369,172.31.36.0-255,66,363622,19,392642
26226,0.00802,74.125.130.0-255,5738,369360,19,392642
26227,0.008025,172.31.36.0-255,66,369426,19,392642
26228,0.010667,74.125.130.0-255,5738,375164,19,392642
26229,0.010675,172.31.36.0-255,66,375230,19,392642
26230,0.013325,74.125.130.0-255,5738,380968,19,392642
26231,0.013334,172.31.36.0-255,66,381034,19,392642
26232,0.015974,74.125.130.0-255,5738,386772,19,392642
26233,0.015984,172.31.36.0-255,66,386838,19,392642
26234,0.018619,74.125.130.0-255,5738,392576,19,392642
26235,0.018626,172.31.36.0-255,66,392642,19,392642
26236,0.0,74.125.24.0-255,153,153,19,170651
26237,2.4e-05,172.31.36.0-255,66,219,19,170651
26238,3.1e-05,74.125.24.0-255,1484,1703,19,170651
26239,3.5e-05,172.31.36.0-255,66,1769,19,170651
26240,4.3e-05,74.125.24.0-255,2902,4671,19,170651
26241,5.6e-05,172.31.36.0-255,66,4737,19,170651
26242,6.4e-05,74.125.24.0-255,7156,11893,19,170651
26243,6.7e-05,172.31.36.0-255,66,11959,19,170651
26244,7.1e-05,74.125.24.0-255,2064,14023,19,170651
26245,7.4e-05,172.31.36.0-255,66,14089,19,170651
26246,0.000121,74.125.24.0-255,1484,15573,19,170651
26247,0.000123,172.31.36.0-255,66,15639,19,170651
26248,0.000156,74.125.24.0-255,9992,25631,19,170651
26249,0.000159,172.31.36.0-255,66,25697,19,170651
26250,0.000166,74.125.24.0-255,5379,31076,19,170651
26251,0.000169,172.31.36.0-255,66,31142,19,170651
26252,0.00033,74.125.24.0-255,1484,32626,19,170651
26253,0.000334,172.31.36.0-255,66,32692,19,170651
26254,0.000339,74.125.24.0-255,1484,34176,19,170651
26255,0.000341,172.31.36.0-255,66,34242,19,170651
26256,0.000366,74.125.24.0-255,1484,35726,19,170651
26257,0.000369,172.31.36.0-255,66,35792,19,170651
26258,0.000376,74.125.24.0-255,5738,41530,19,170651
26259,0.000383,172.31.36.0-255,66,41596,19,170651
26260,0.000388,74.125.24.0-255,2902,44498,19,170651
26261,0.00039,172.31.36.0-255,66,44564,19,170651
26262,0.000396,74.125.24.0-255,4320,48884,19,170651
26263,0.000398,172.31.36.0-255,66,48950,19,170651
26264,0.000431,74.125.24.0-255,5738,54688,19,170651
26265,0.000434,172.31.36.0-255,66,54754,19,170651
26266,0.000445,74.125.24.0-255,10692,65446,19,170651
26267,0.000452,172.31.36.0-255,66,65512,19,170651
26268,0.000454,74.125.24.0-255,402,65914,19,170651
26269,0.000528,74.125.24.0-255,341,66255,19,170651
26270,0.000663,74.125.24.0-255,1484,67739,19,170651
26271,0.000668,172.31.36.0-255,66,67805,19,170651
26272,0.000674,74.125.24.0-255,2902,70707,19,170651
26273,0.000677,172.31.36.0-255,66,70773,19,170651
26274,0.00068,74.125.24.0-255,1484,72257,19,170651
26275,0.000715,74.125.24.0-255,4320,76577,19,170651
26276,0.000718,172.31.36.0-255,66,76643,19,170651
26277,0.000737,172.31.36.0-255,66,76709,19,170651
26278,0.000743,74.125.24.0-255,4320,81029,19,170651
26279,0.000745,172.31.36.0-255,66,81095,19,170651
26280,0.000791,74.125.24.0-255,6438,87533,19,170651
26281,0.000794,172.31.36.0-255,66,87599,19,170651
26282,0.001624,74.125.24.0-255,1484,89083,19,170651
26283,0.001635,74.125.24.0-255,2902,91985,19,170651
26284,0.00164,172.31.36.0-255,66,92051,19,170651
26285,0.001673,74.125.24.0-255,5738,97789,19,170651
26286,0.001675,172.31.36.0-255,66,97855,19,170651
26287,0.001712,172.31.36.0-255,66,97921,19,170651
26288,0.001737,74.125.24.0-255,2902,100823,19,170651
26289,0.00174,172.31.36.0-255,66,100889,19,170651
26290,0.001762,74.125.24.0-255,7856,108745,19,170651
26291,0.001765,172.31.36.0-255,66,108811,19,170651
26292,0.002214,74.125.24.0-255,1484,110295,19,170651
26293,0.00223,74.125.24.0-255,2902,113197,19,170651
26294,0.002235,172.31.36.0-255,66,113263,19,170651
26295,0.002243,74.125.24.0-255,5738,119001,19,170651
26296,0.002245,172.31.36.0-255,66,119067,19,170651
26297,0.002283,172.31.36.0-255,66,119133,19,170651
26298,0.002289,74.125.24.0-255,4320,123453,19,170651
26299,0.002291,172.31.36.0-255,66,123519,19,170651
26300,0.002318,74.125.24.0-255,6438,129957,19,170651
26301,0.002321,172.31.36.0-255,66,130023,19,170651
26302,0.004581,74.125.24.0-255,5738,135761,19,170651
26303,0.004586,172.31.36.0-255,66,135827,19,170651
26304,0.006874,74.125.24.0-255,5738,141565,19,170651
26305,0.006882,172.31.36.0-255,66,141631,19,170651
26306,0.009152,74.125.24.0-255,5738,147369,19,170651
26307,0.009159,172.31.36.0-255,66,147435,19,170651
26308,0.011456,74.125.24.0-255,5738,153173,19,170651
26309,0.011465,172.31.36.0-255,66,153239,19,170651
26310,0.013781,74.125.24.0-255,5738,158977,19,170651
26311,0.01379,172.31.36.0-255,66,159043,19,170651
26312,0.016083,74.125.24.0-255,5738,164781,19,170651
26313,0.016094,172.31.36.0-255,66,164847,19,170651
26314,0.018378,74.125.24.0-255,5738,170585,19,170651
26315,0.018386,172.31.36.0-255,66,170651,19,170651
26316,0.0,74.125.200.0-255,153,153,19,194625
26317,2.5e-05,172.31.36.0-255,66,219,19,194625
26318,3.2e-05,74.125.200.0-255,1484,1703,19,194625
26319,3.6e-05,172.31.36.0-255,66,1769,19,194625
26320,4.3e-05,74.125.200.0-255,2902,4671,19,194625
26321,5.5e-05,172.31.36.0-255,66,4737,19,194625
26322,6.3e-05,74.125.200.0-255,7156,11893,19,194625
26323,6.6e-05,172.31.36.0-255,66,11959,19,194625
26324,7e-05,74.125.200.0-255,2039,13998,19,194625
26325,7.3e-05,172.31.36.0-255,66,14064,19,194625
26326,0.000139,74.125.200.0-255,1484,15548,19,194625
26327,0.000141,172.31.36.0-255,66,15614,19,194625
26328,0.000159,74.125.200.0-255,2902,18516,19,194625
26329,0.000162,172.31.36.0-255,66,18582,19,194625
26330,0.000166,74.125.200.0-255,1484,20066,19,194625
26331,0.000168,172.31.36.0-255,66,20132,19,194625
26332,0.000194,74.125.200.0-255,4320,24452,19,194625
26333,0.000197,172.31.36.0-255,66,24518,19,194625
26334,0.000224,74.125.200.0-255,6797,31315,19,194625
26335,0.000227,172.31.36.0-255,66,31381,19,194625
26336,0.000234,74.125.200.0-255,7156,38537,19,194625
26337,0.000237,172.31.36.0-255,66,38603,19,194625
26338,0.000263,74.125.200.0-255,7156,45759,19,194625
26339,0.000265,172.31.36.0-255,66,45825,19,194625
26340,0.000285,74.125.200.0-255,2543,48368,19,194625
26341,0.000287,172.31.36.0-255,66,48434,19,194625
26342,0.000331,74.125.200.0-255,1484,49918,19,194625
26343,0.000333,172.31.36.0-255,66,49984,19,194625
26344,0.000337,74.125.200.0-255,1484,51468,19,194625
26345,0.000339,172.31.36.0-255,66,51534,19,194625
26346,0.000363,74.125.200.0-255,1484,53018,19,194625
26347,0.000366,172.31.36.0-255,66,53084,19,194625
26348,0.00037,74.125.200.0-255,2902,55986,19,194625
26349,0.000372,172.31.36.0-255,66,56052,19,194625
26350,0.000383,74.125.200.0-255,4320,60372,19,194625
26351,0.000386,172.31.36.0-255,66,60438,19,194625
26352,0.00042,74.125.200.0-255,5379,65817,19,194625
26353,0.000423,172.31.36.0-255,66,65883,19,194625
26354,0.000472,74.125.200.0-255,394,66277,19,194625
26355,0.000524,74.125.200.0-255,115,66392,19,194625
26356,0.000601,74.125.200.0-255,1484,67876,19,194625
26357,0.000605,172.31.36.0-255,66,67942,19,194625
26358,0.00061,74.125.200.0-255,1484,69426,19,194625
26359,0.000637,74.125.200.0-255,4320,73746,19,194625
26360,0.00064,172.31.36.0-255,66,73812,19,194625
26361,0.000675,74.125.200.0-255,9633,83445,19,194625
26362,0.000678,172.31.36.0-255,66,83511,19,194625
26363,0.000711,74.125.200.0-255,9992,93503,19,194625
26364,0.000714,172.31.36.0-255,66,93569,19,194625
26365,0.000762,74.125.200.0-255,6797,100366,19,194625
26366,0.000766,172.31.36.0-255,66,100432,19,194625
26367,0.001319,172.31.36.0-255,101,100533,19,194625
26368,0.001619,74.125.200.0-255,1484,102017,19,194625
26369,0.001625,74.125.200.0-255,2902,104919,19,194625
26370,0.001629,172.31.36.0-255,66,104985,19,194625
26371,0.00166,74.125.200.0-255,5738,110723,19,194625
26372,0.001662,172.31.36.0-255,66,110789,19,194625
26373,0.00167,74.125.200.0-255,5738,116527,19,194625
26374,0.001672,172.31.36.0-255,66,116593,19,194625
26375,0.001676,74.125.200.0-255,1484,118077,19,194625
26376,0.00171,74.125.200.0-255,5738,123815,19,194625
26377,0.001712,172.31.36.0-255,66,123881,19,194625
26378,0.00172,74.125.200.0-255,5738,129619,19,194625
26379,0.001722,172.31.36.0-255,66,129685,19,194625
26380,0.001753,74.125.200.0-255,5020,134705,19,194625
26381,0.001756,172.31.36.0-255,66,134771,19,194625
26382,0.002011,74.125.200.0-255,1484,136255,19,194625
26383,0.002017,74.125.200.0-255,2902,139157,19,194625
26384,0.00202,172.31.36.0-255,66,139223,19,194625
26385,0.002026,74.125.200.0-255,2902,142125,19,194625
26386,0.002028,172.31.36.0-255,66,142191,19,194625
26387,0.002049,74.125.200.0-255,2902,145093,19,194625
26388,0.002051,172.31.36.0-255,66,145159,19,194625
26389,0.002061,74.125.200.0-255,2902,148061,19,194625
26390,0.002063,172.31.36.0-255,66,148127,19,194625
26391,0.003293,74.125.200.0-255,66,148193,19,194625
26392,0.004072,74.125.200.0-255,5738,153931,19,194625
26393,0.004077,172.31.36.0-255,66,153997,19,194625
26394,0.006102,74.125.200.0-255,5738,159735,19,194625
26395,0.006106,172.31.36.0-255,66,159801,19,194625
26396,0.008124,74.125.200.0-255,5738,165539,19,194625
26397,0.008131,172.31.36.0-255,66,165605,19,194625
26398,0.010185,74.125.200.0-255,5738,171343,19,194625
26399,0.010193,172.31.36.0-255,66,171409,19,194625
26400,0.012224,74.125.200.0-255,5738,177147,19,194625
26401,0.012231,172.31.36.0-255,66,177213,19,194625
26402,0.01425,74.125.200.0-255,5738,182951,19,194625
26403,0.014257,172.31.36.0-255,66,183017,19,194625
26404,0.01628,74.125.200.0-255,5738,188755,19,194625
26405,0.016287,172.31.36.0-255,66,188821,19,194625
26406,0.018317,74.125.200.0-255,5738,194559,19,194625
26407,0.018326,172.31.36.0-255,66,194625,19,194625
26408,0.0,172.217.194.0-255,153,153,19,262366
26409,3.5e-05,172.31.36.0-255,66,219,19,262366
26410,4.2e-05,172.217.194.0-255,1484,1703,19,262366
26411,4.6e-05,172.31.36.0-255,66,1769,19,262366
26412,5.2e-05,172.217.194.0-255,2902,4671,19,262366
26413,5.5e-05,172.31.36.0-255,66,4737,19,262366
26414,6.2e-05,172.217.194.0-255,7156,11893,19,262366
26415,6.4e-05,172.31.36.0-255,66,11959,19,262366
26416,6.8e-05,172.217.194.0-255,2057,14016,19,262366
26417,7.1e-05,172.31.36.0-255,66,14082,19,262366
26418,8.4e-05,172.31.36.0-255,66,14148,19,262366
26419,8.7e-05,172.217.194.0-255,1484,15632,19,262366
26420,8.9e-05,172.31.36.0-255,66,15698,19,262366
26421,0.000111,172.217.194.0-255,3961,19659,19,262366
26422,0.000114,172.31.36.0-255,66,19725,19,262366
26423,0.000117,172.217.194.0-255,1484,21209,19,262366
26424,0.000119,172.31.36.0-255,66,21275,19,262366
26425,0.000145,172.217.194.0-255,4320,25595,19,262366
26426,0.000148,172.31.36.0-255,66,25661,19,262366
26427,0.000161,172.31.36.0-255,66,25727,19,262366
26428,0.000206,172.217.194.0-255,1484,27211,19,262366
26429,0.000208,172.31.36.0-255,66,27277,19,262366
26430,0.000215,172.217.194.0-255,2902,30179,19,262366
26431,0.000217,172.31.36.0-255,66,30245,19,262366
26432,0.000244,172.217.194.0-255,5738,35983,19,262366
26433,0.000247,172.31.36.0-255,66,36049,19,262366
26434,0.00025,172.217.194.0-255,1484,37533,19,262366
26435,0.000252,172.31.36.0-255,66,37599,19,262366
26436,0.000275,172.217.194.0-255,5379,42978,19,262366
26437,0.000278,172.31.36.0-255,66,43044,19,262366
26438,0.00028,172.217.194.0-255,391,43435,19,262366
26439,0.000508,172.217.194.0-255,382,43817,19,262366
26440,0.00083,172.31.36.0-255,66,43883,19,262366
26441,0.00091,172.217.194.0-255,1484,45367,19,262366
26442,0.00092,172.217.194.0-255,2902,48269,19,262366
26443,0.000923,172.31.36.0-255,66,48335,19,262366
26444,0.000929,172.217.194.0-255,4320,52655,19,262366
26445,0.000931,172.31.36.0-255,66,52721,19,262366
26446,0.000943,172.217.194.0-255,1484,54205,19,262366
26447,0.000958,172.217.194.0-255,2902,57107,19,262366
26448,0.00096,172.31.36.0-255,66,57173,19,262366
26449,0.000974,172.217.194.0-255,3961,61134,19,262366
26450,0.000976,172.31.36.0-255,66,61200,19,262366
26451,0.001154,172.217.194.0-255,1484,62684,19,262366
26452,0.001161,172.217.194.0-255,2902,65586,19,262366
26453,0.001167,172.31.36.0-255,66,65652,19,262366
26454,0.001174,172.217.194.0-255,5738,71390,19,262366
26455,0.001176,172.31.36.0-255,66,71456,19,262366
26456,0.001216,172.31.36.0-255,66,71522,19,262366
26457,0.001268,172.217.194.0-255,10692,82214,19,262366
26458,0.001272,172.31.36.0-255,66,82280,19,262366
26459,0.001327,172.217.194.0-255,1484,83764,19,262366
26460,0.00134,172.217.194.0-255,2902,86666,19,262366
26461,0.001343,172.31.36.0-255,66,86732,19,262366
26462,0.001366,172.217.194.0-255,5738,92470,19,262366
26463,0.001369,172.31.36.0-255,66,92536,19,262366
26464,0.001374,172.217.194.0-255,2902,95438,19,262366
26465,0.001376,172.31.36.0-255,66,95504,19,262366
26466,0.001396,172.217.194.0-255,8574,104078,19,262366
26467,0.001401,172.31.36.0-255,66,104144,19,262366
26468,0.001423,172.217.194.0-255,7156,111300,19,262366
26469,0.001426,172.31.36.0-255,66,111366,19,262366
26470,0.001441,172.217.194.0-255,5020,116386,19,262366
26471,0.001443,172.31.36.0-255,66,116452,19,262366
26472,0.001484,172.217.194.0-255,4320,120772,19,262366
26473,0.001487,172.31.36.0-255,66,120838,19,262366
26474,0.001493,172.217.194.0-255,5738,126576,19,262366
26475,0.001495,172.31.36.0-255,66,126642,19,262366
26476,0.00153,172.31.36.0-255,66,126708,19,262366
26477,0.001533,172.217.194.0-255,1484,128192,19,262366
26478,0.00155,172.217.194.0-255,5738,133930,19,262366
26479,0.001552,172.31.36.0-255,66,133996,19,262366
26480,0.001576,172.217.194.0-255,5020,139016,19,262366
26481,0.001578,172.31.36.0-255,66,139082,19,262366
26482,0.001582,172.217.194.0-255,2902,141984,19,262366
26483,0.001584,172.31.36.0-255,66,142050,19,262366
26484,0.001589,172.217.194.0-255,4320,146370,19,262366
26485,0.001591,172.31.36.0-255,66,146436,19,262366
26486,0.001625,172.217.194.0-255,8574,155010,19,262366
26487,0.001628,172.31.36.0-255,66,155076,19,262366
26488,0.001643,172.217.194.0-255,5738,160814,19,262366
26489,0.001645,172.31.36.0-255,66,160880,19,262366
26490,0.001672,172.31.36.0-255,66,160946,19,262366
26491,0.001675,172.217.194.0-255,1484,162430,19,262366
26492,0.0017,172.217.194.0-255,2902,165332,19,262366
26493,0.001702,172.31.36.0-255,66,165398,19,262366
26494,0.001707,172.217.194.0-255,5738,171136,19,262366
26495,0.00171,172.31.36.0-255,66,171202,19,262366
26496,0.001713,172.217.194.0-255,1484,172686,19,262366
26497,0.001757,172.217.194.0-255,9992,182678,19,262366
26498,0.001808,172.217.194.0-255,9992,192670,19,262366
26499,0.001843,172.217.194.0-255,1484,194154,19,262366
26500,0.001862,172.217.194.0-255,9274,203428,19,262366
26501,0.001928,172.217.194.0-255,4320,207748,19,262366
26502,0.001977,172.217.194.0-255,2184,209932,19,262366
26503,0.002092,172.217.194.0-255,1484,211416,19,262366
26504,0.002097,172.217.194.0-255,2902,214318,19,262366
26505,0.002111,172.217.194.0-255,2902,217220,19,262366
26506,0.002263,172.31.36.0-255,66,217286,19,262366
26507,0.004339,172.217.194.0-255,5738,223024,19,262366
26508,0.004344,172.31.36.0-255,66,223090,19,262366
26509,0.006418,172.217.194.0-255,5738,228828,19,262366
26510,0.006423,172.31.36.0-255,66,228894,19,262366
26511,0.008492,172.217.194.0-255,5738,234632,19,262366
26512,0.008497,172.31.36.0-255,66,234698,19,262366
26513,0.010576,172.217.194.0-255,5738,240436,19,262366
26514,0.010584,172.31.36.0-255,66,240502,19,262366
26515,0.01268,172.217.194.0-255,4320,244822,19,262366
26516,0.012687,172.31.36.0-255,66,244888,19,262366
26517,0.012714,172.217.194.0-255,1484,246372,19,262366
26518,0.014789,172.217.194.0-255,4320,250692,19,262366
26519,0.0148,172.31.36.0-255,66,250758,19,262366
26520,0.016861,172.217.194.0-255,5738,256496,19,262366
26521,0.016869,172.31.36.0-255,66,256562,19,262366
26522,0.018944,172.217.194.0-255,5738,262300,19,262366
26523,0.018952,172.31.36.0-255,66,262366,19,262366
26524,0.0,74.125.68.0-255,146,146,19,322009
26525,2.4e-05,172.31.36.0-255,66,212,19,322009
26526,3.1e-05,74.125.68.0-255,1484,1696,19,322009
26527,3.5e-05,172.31.36.0-255,66,1762,19,322009
26528,5.1e-05,74.125.68.0-255,2902,4664,19,322009
26529,5.4e-05,172.31.36.0-255,66,4730,19,322009
26530,6.1e-05,74.125.68.0-255,5738,10468,19,322009
26531,6.3e-05,172.31.36.0-255,66,10534,19,322009
26532,7.1e-05,74.125.68.0-255,6232,16766,19,322009
26533,7.3e-05,172.31.36.0-255,66,16832,19,322009
26534,8.1e-05,74.125.68.0-255,8574,25406,19,322009
26535,8.4e-05,172.31.36.0-255,66,25472,19,322009
26536,0.000109,74.125.68.0-255,1484,26956,19,322009
26537,0.000112,172.31.36.0-255,66,27022,19,322009
26538,0.000123,74.125.68.0-255,3961,30983,19,322009
26539,0.000126,172.31.36.0-255,66,31049,19,322009
26540,0.000197,74.125.68.0-255,1484,32533,19,322009
26541,0.0002,172.31.36.0-255,66,32599,19,322009
26542,0.000206,74.125.68.0-255,2902,35501,19,322009
26543,0.000208,172.31.36.0-255,66,35567,19,322009
26544,0.000236,74.125.68.0-255,5738,41305,19,322009
26545,0.000239,172.31.36.0-255,66,41371,19,322009
26546,0.000242,74.125.68.0-255,1484,42855,19,322009
26547,0.000244,172.31.36.0-255,66,42921,19,322009
26548,0.000274,74.125.68.0-255,5379,48300,19,322009
26549,0.000276,172.31.36.0-255,66,48366,19,322009
26550,0.000296,74.125.68.0-255,7156,55522,19,322009
26551,0.000299,172.31.36.0-255,66,55588,19,322009
26552,0.00031,74.125.68.0-255,1484,57072,19,322009
26553,0.000316,172.31.36.0-255,66,57138,19,322009
26554,0.000351,74.125.68.0-255,2902,60040,19,322009
26555,0.000353,172.31.36.0-255,66,60106,19,322009
26556,0.000382,74.125.68.0-255,5647,65753,19,322009
26557,0.000386,74.125.68.0-255,387,66140,19,322009
26558,0.000425,74.125.68.0-255,1484,67624,19,322009
26559,0.000446,74.125.68.0-255,2902,70526,19,322009
26560,0.000449,74.125.68.0-255,1484,72010,19,322009
26561,0.000466,74.125.68.0-255,4320,76330,19,322009
26562,0.000488,74.125.68.0-255,7156,83486,19,322009
26563,0.000499,74.125.68.0-255,1484,84970,19,322009
26564,0.000529,74.125.68.0-255,9992,94962,19,322009
26565,0.000535,74.125.68.0-255,5020,99982,19,322009
26566,0.000617,172.31.36.0-255,66,100048,19,322009
26567,0.000684,74.125.68.0-255,1484,101532,19,322009
26568,0.00069,74.125.68.0-255,2902,104434,19,322009
26569,0.000728,172.31.36.0-255,66,104500,19,322009
26570,0.000735,74.125.68.0-255,5738,110238,19,322009
26571,0.000747,74.125.68.0-255,7156,117394,19,322009
26572,0.000755,172.31.36.0-255,66,117460,19,322009
26573,0.000766,74.125.68.0-255,5738,123198,19,322009
26574,0.000788,74.125.68.0-255,2902,126100,19,322009
26575,0.000793,74.125.68.0-255,5738,131838,19,322009
26576,0.000817,172.31.36.0-255,66,131904,19,322009
26577,0.000835,74.125.68.0-255,1635,133539,19,322009
26578,0.000856,172.31.36.0-255,66,133605,19,322009
26579,0.001008,74.125.68.0-255,1484,135089,19,322009
26580,0.001013,74.125.68.0-255,2902,137991,19,322009
26581,0.001028,74.125.68.0-255,5738,143729,19,322009
26582,0.001036,172.31.36.0-255,66,143795,19,322009
26583,0.001048,74.125.68.0-255,2902,146697,19,322009
26584,0.001058,74.125.68.0-255,4320,151017,19,322009
26585,0.001077,172.31.36.0-255,66,151083,19,322009
26586,0.001099,74.125.68.0-255,7156,158239,19,322009
26587,0.001126,74.125.68.0-255,2902,161141,19,322009
26588,0.001131,172.31.36.0-255,66,161207,19,322009
26589,0.001158,74.125.68.0-255,5738,166945,19,322009
26590,0.001162,74.125.68.0-255,766,167711,19,322009
26591,0.001172,172.31.36.0-255,66,167777,19,322009
26592,0.001202,74.125.68.0-255,1484,169261,19,322009
26593,0.001215,74.125.68.0-255,1484,170745,19,322009
26594,0.001226,74.125.68.0-255,1484,172229,19,322009
26595,0.001242,74.125.68.0-255,2902,175131,19,322009
26596,0.001245,172.31.36.0-255,66,175197,19,322009
26597,0.00125,172.31.36.0-255,66,175263,19,322009
26598,0.001281,74.125.68.0-255,4320,179583,19,322009
26599,0.001284,74.125.68.0-255,1484,181067,19,322009
26600,0.001296,74.125.68.0-255,2902,183969,19,322009
26601,0.001315,172.31.36.0-255,66,184035,19,322009
26602,0.001325,74.125.68.0-255,5738,189773,19,322009
26603,0.001351,172.31.36.0-255,66,189839,19,322009
26604,0.001374,74.125.68.0-255,1484,191323,19,322009
26605,0.001393,74.125.68.0-255,2902,194225,19,322009
26606,0.001399,74.125.68.0-255,4320,198545,19,322009
26607,0.001428,172.31.36.0-255,66,198611,19,322009
26608,0.001454,74.125.68.0-255,9274,207885,19,322009
26609,0.001467,172.31.36.0-255,66,207951,19,322009
26610,0.001485,74.125.68.0-255,8574,216525,19,322009
26611,0.001491,172.31.36.0-255,66,216591,19,322009
26612,0.001503,74.125.68.0-255,1484,218075,19,322009
26613,0.001517,74.125.68.0-255,8574,226649,19,322009
26614,0.001526,74.125.68.0-255,9274,235923,19,322009
26615,0.001545,172.31.36.0-255,66,235989,19,322009
26616,0.00159,74.125.68.0-255,1484,237473,19,322009
26617,0.001594,74.125.68.0-255,1484,238957,19,322009
26618,0.001607,74.125.68.0-255,1484,240441,19,322009
26619,0.00161,74.125.68.0-255,1484,241925,19,322009
26620,0.001617,172.31.36.0-255,66,241991,19,322009
26621,0.001626,74.125.68.0-255,2902,244893,19,322009
26622,0.001647,74.125.68.0-255,1484,246377,19,322009
26623,0.001649,74.125.68.0-255,1484,247861,19,322009
26624,0.001651,172.31.36.0-255,66,247927,19,322009
26625,0.001723,74.125.68.0-255,10692,258619,19,322009
26626,0.001727,172.31.36.0-255,66,258685,19,322009
26627,0.001737,172.31.36.0-255,66,258751,19,322009
26628,0.001764,74.125.68.0-255,1484,260235,19,322009
26629,0.001768,74.125.68.0-255,1484,261719,19,322009
26630,0.001777,172.31.36.0-255,66,261785,19,322009
26631,0.001785,74.125.68.0-255,1484,263269,19,322009
26632,0.001804,74.125.68.0-255,5738,269007,19,322009
26633,0.001824,74.125.68.0-255,7156,276163,19,322009
26634,0.001865,172.31.36.0-255,66,276229,19,322009
26635,0.001908,172.31.36.0-255,66,276295,19,322009
26636,0.001925,74.125.68.0-255,5020,281315,19,322009
26637,0.001951,172.31.36.0-255,66,281381,19,322009
26638,0.004196,74.125.68.0-255,5738,287119,19,322009
26639,0.004203,172.31.36.0-255,66,287185,19,322009
26640,0.006447,74.125.68.0-255,5738,292923,19,322009
26641,0.006454,172.31.36.0-255,66,292989,19,322009
26642,0.008698,74.125.68.0-255,5738,298727,19,322009
26643,0.008705,172.31.36.0-255,66,298793,19,322009
26644,0.010965,74.125.68.0-255,5738,304531,19,322009
26645,0.010982,172.31.36.0-255,66,304597,19,322009
26646,0.01325,74.125.68.0-255,5738,310335,19,322009
26647,0.013264,172.31.36.0-255,66,310401,19,322009
26648,0.015518,74.125.68.0-255,5738,316139,19,322009
26649,0.015529,172.31.36.0-255,66,316205,19,322009
26650,0.017792,74.125.68.0-255,5738,321943,19,322009
26651,0.017802,172.31.36.0-255,66,322009,19,322009
26652,0.0,74.125.24.0-255,149,149,19,342134
26653,1.7e-05,172.31.36.0-255,66,215,19,342134
26654,2.4e-05,74.125.24.0-255,1484,1699,19,342134
26655,2.9e-05,172.31.36.0-255,66,1765,19,342134
26656,3.4e-05,74.125.24.0-255,2902,4667,19,342134
26657,3.8e-05,172.31.36.0-255,66,4733,19,342134
26658,4.6e-05,74.125.24.0-255,7156,11889,19,342134
26659,4.9e-05,172.31.36.0-255,66,11955,19,342134
26660,5.3e-05,74.125.24.0-255,2065,14020,19,342134
26661,5.5e-05,172.31.36.0-255,66,14086,19,342134
26662,9.3e-05,74.125.24.0-255,1484,15570,19,342134
26663,9.6e-05,172.31.36.0-255,66,15636,19,342134
26664,0.000101,74.125.24.0-255,2902,18538,19,342134
26665,0.000103,172.31.36.0-255,66,18604,19,342134
26666,0.000123,74.125.24.0-255,5738,24342,19,342134
26667,0.000126,172.31.36.0-255,66,24408,19,342134
26668,0.000159,74.125.24.0-255,6797,31205,19,342134
26669,0.000162,172.31.36.0-255,66,31271,19,342134
26670,0.000205,74.125.24.0-255,1484,32755,19,342134
26671,0.000208,172.31.36.0-255,66,32821,19,342134
26672,0.000213,74.125.24.0-255,2902,35723,19,342134
26673,0.000216,172.31.36.0-255,66,35789,19,342134
26674,0.00025,74.125.24.0-255,5738,41527,19,342134
26675,0.000253,172.31.36.0-255,66,41593,19,342134
26676,0.00026,74.125.24.0-255,5738,47331,19,342134
26677,0.000263,172.31.36.0-255,66,47397,19,342134
26678,0.000282,74.125.24.0-255,8215,55612,19,342134
26679,0.000285,172.31.36.0-255,66,55678,19,342134
26680,0.0003,74.125.24.0-255,1484,57162,19,342134
26681,0.000302,172.31.36.0-255,66,57228,19,342134
26682,0.00033,74.125.24.0-255,8215,65443,19,342134
26683,0.000332,172.31.36.0-255,66,65509,19,342134
26684,0.000406,74.125.24.0-255,398,65907,19,342134
26685,0.000427,74.125.24.0-255,346,66253,19,342134
26686,0.000875,74.125.24.0-255,1484,67737,19,342134
26687,0.00088,172.31.36.0-255,66,67803,19,342134
26688,0.000887,74.125.24.0-255,2902,70705,19,342134
26689,0.00089,172.31.36.0-255,66,70771,19,342134
26690,0.000896,74.125.24.0-255,5738,76509,19,342134
26691,0.000898,172.31.36.0-255,66,76575,19,342134
26692,0.000932,172.31.36.0-255,66,76641,19,342134
26693,0.000954,74.125.24.0-255,5738,82379,19,342134
26694,0.000958,172.31.36.0-255,66,82445,19,342134
26695,0.000975,74.125.24.0-255,5020,87465,19,342134
26696,0.000985,172.31.36.0-255,66,87531,19,342134
26697,0.000988,74.125.24.0-255,1484,89015,19,342134
26698,0.000992,74.125.24.0-255,2902,91917,19,342134
26699,0.000994,172.31.36.0-255,66,91983,19,342134
26700,0.000998,74.125.24.0-255,1484,93467,19,342134
26701,0.001024,74.125.24.0-255,4320,97787,19,342134
26702,0.001028,172.31.36.0-255,66,97853,19,342134
26703,0.001038,74.125.24.0-255,9992,107845,19,342134
26704,0.00104,172.31.36.0-255,66,107911,19,342134
26705,0.001065,74.125.24.0-255,2902,110813,19,342134
26706,0.001067,172.31.36.0-255,66,110879,19,342134
26707,0.001073,74.125.24.0-255,5738,116617,19,342134
26708,0.001076,172.31.36.0-255,66,116683,19,342134
26709,0.00113,74.125.24.0-255,5020,121703,19,342134
26710,0.001138,172.31.36.0-255,66,121769,19,342134
26711,0.001547,74.125.24.0-255,1484,123253,19,342134
26712,0.001553,74.125.24.0-255,2902,126155,19,342134
26713,0.001556,172.31.36.0-255,66,126221,19,342134
26714,0.001563,74.125.24.0-255,5738,131959,19,342134
26715,0.001565,172.31.36.0-255,66,132025,19,342134
26716,0.001596,74.125.24.0-255,9992,142017,19,342134
26717,0.001599,172.31.36.0-255,66,142083,19,342134
26718,0.001614,74.125.24.0-255,2902,144985,19,342134
26719,0.001616,172.31.36.0-255,66,145051,19,342134
26720,0.001622,74.125.24.0-255,2902,147953,19,342134
26721,0.001623,172.31.36.0-255,66,148019,19,342134
26722,0.001657,74.125.24.0-255,7856,155875,19,342134
26723,0.00166,172.31.36.0-255,66,155941,19,342134
26724,0.001823,74.125.24.0-255,1484,157425,19,342134
26725,0.001829,74.125.24.0-255,2902,160327,19,342134
26726,0.001832,172.31.36.0-255,66,160393,19,342134
26727,0.001839,74.125.24.0-255,5738,166131,19,342134
26728,0.001841,172.31.36.0-255,66,166197,19,342134
26729,0.001884,172.31.36.0-255,66,166263,19,342134
26730,0.001911,74.125.24.0-255,8574,174837,19,342134
26731,0.001914,172.31.36.0-255,66,174903,19,342134
26732,0.001933,74.125.24.0-255,2184,177087,19,342134
26733,0.001935,172.31.36.0-255,66,177153,19,342134
26734,0.001942,74.125.24.0-255,5738,182891,19,342134
26735,0.001944,172.31.36.0-255,66,182957,19,342134
26736,0.00196,74.125.24.0-255,5738,188695,19,342134
26737,0.001962,172.31.36.0-255,66,188761,19,342134
26738,0.001972,74.125.24.0-255,9992,198753,19,342134
26739,0.001975,172.31.36.0-255,66,198819,19,342134
26740,0.001992,74.125.24.0-255,2902,201721,19,342134
26741,0.001994,172.31.36.0-255,66,201787,19,342134
26742,0.002013,74.125.24.0-255,9274,211061,19,342134
26743,0.002016,172.31.36.0-255,66,211127,19,342134
26744,0.002018,74.125.24.0-255,1484,212611,19,342134
26745,0.002048,74.125.24.0-255,8574,221185,19,342134
26746,0.00205,172.31.36.0-255,66,221251,19,342134
26747,0.002072,74.125.24.0-255,8574,229825,19,342134
26748,0.002075,172.31.36.0-255,66,229891,19,342134
26749,0.002104,74.125.24.0-255,9992,239883,19,342134
26750,0.002107,172.31.36.0-255,66,239949,19,342134
26751,0.002115,74.125.24.0-255,6438,246387,19,342134
26752,0.002117,172.31.36.0-255,66,246453,19,342134
26753,0.002125,74.125.24.0-255,7156,253609,19,342134
26754,0.002128,172.31.36.0-255,66,253675,19,342134
26755,0.00215,74.125.24.0-255,4320,257995,19,342134
26756,0.002152,172.31.36.0-255,66,258061,19,342134
26757,0.002181,172.31.36.0-255,66,258127,19,342134
26758,0.002191,74.125.24.0-255,9274,267401,19,342134
26759,0.002193,172.31.36.0-255,66,267467,19,342134
26760,0.002235,74.125.24.0-255,1484,268951,19,342134
26761,0.002241,74.125.24.0-255,2902,271853,19,342134
26762,0.002244,172.31.36.0-255,66,271919,19,342134
26763,0.002248,74.125.24.0-255,1484,273403,19,342134
26764,0.002267,74.125.24.0-255,4320,277723,19,342134
26765,0.00227,172.31.36.0-255,66,277789,19,342134
26766,0.002307,74.125.24.0-255,2902,280691,19,342134
26767,0.002309,172.31.36.0-255,66,280757,19,342134
26768,0.002336,74.125.24.0-255,9992,290749,19,342134
26769,0.00234,172.31.36.0-255,66,290815,19,342134
26770,0.00235,74.125.24.0-255,10692,301507,19,342134
26771,0.002352,172.31.36.0-255,66,301573,19,342134
26772,0.002359,74.125.24.0-255,5738,307311,19,342134
26773,0.002361,172.31.36.0-255,66,307377,19,342134
26774,0.002391,74.125.24.0-255,7156,314533,19,342134
26775,0.002394,172.31.36.0-255,66,314599,19,342134
26776,0.002399,74.125.24.0-255,2902,317501,19,342134
26777,0.002402,172.31.36.0-255,66,317567,19,342134
26778,0.002429,172.31.36.0-255,66,317633,19,342134
26779,0.002435,74.125.24.0-255,5738,323371,19,342134
26780,0.002437,172.31.36.0-255,66,323437,19,342134
26781,0.002473,74.125.24.0-255,4320,327757,19,342134
26782,0.002477,172.31.36.0-255,66,327823,19,342134
26783,0.002501,74.125.24.0-255,9274,337097,19,342134
26784,0.00252,74.125.24.0-255,4695,341792,19,342134
26785,0.002542,74.125.24.0-255,105,341897,19,342134
26786,0.00255,172.31.36.0-255,66,341963,19,342134
26787,0.008875,172.31.36.0-255,105,342068,19,342134
26788,0.01145,74.125.24.0-255,66,342134,19,342134
26789,0.0,74.125.24.0-255,143,143,19,315230
26790,3.4e-05,172.31.36.0-255,66,209,19,315230
26791,4.2e-05,74.125.24.0-255,1484,1693,19,315230
26792,4.6e-05,172.31.36.0-255,66,1759,19,315230
26793,5.3e-05,74.125.24.0-255,2902,4661,19,315230
26794,5.6e-05,172.31.36.0-255,66,4727,19,315230
26795,6.5e-05,74.125.24.0-255,7156,11883,19,315230
26796,6.8e-05,172.31.36.0-255,66,11949,19,315230
26797,7.6e-05,74.125.24.0-255,7156,19105,19,315230
26798,7.9e-05,172.31.36.0-255,66,19171,19,315230
26799,0.000101,74.125.24.0-255,4848,24019,19,315230
26800,0.000104,172.31.36.0-255,66,24085,19,315230
26801,0.000123,74.125.24.0-255,4320,28405,19,315230
26802,0.000126,172.31.36.0-255,66,28471,19,315230
26803,0.000147,74.125.24.0-255,2543,31014,19,315230
26804,0.00015,172.31.36.0-255,66,31080,19,315230
26805,0.000168,74.125.24.0-255,1484,32564,19,315230
26806,0.00017,172.31.36.0-255,66,32630,19,315230
26807,0.00019,74.125.24.0-255,2902,35532,19,315230
26808,0.000193,172.31.36.0-255,66,35598,19,315230
26809,0.000198,74.125.24.0-255,2902,38500,19,315230
26810,0.0002,172.31.36.0-255,66,38566,19,315230
26811,0.000215,74.125.24.0-255,2902,41468,19,315230
26812,0.000218,172.31.36.0-255,66,41534,19,315230
26813,0.000224,74.125.24.0-255,4320,45854,19,315230
26814,0.000226,172.31.36.0-255,66,45920,19,315230
26815,0.00025,74.125.24.0-255,2543,48463,19,315230
26816,0.000253,172.31.36.0-255,66,48529,19,315230
26817,0.000257,74.125.24.0-255,2902,51431,19,315230
26818,0.00026,172.31.36.0-255,66,51497,19,315230
26819,0.000298,172.31.36.0-255,66,51563,19,315230
26820,0.000302,74.125.24.0-255,2853,54416,19,315230
26821,0.000409,74.125.24.0-255,112,54528,19,315230
26822,0.000502,172.31.36.0-255,66,54594,19,315230
26823,0.000558,74.125.24.0-255,1484,56078,19,315230
26824,0.000565,74.125.24.0-255,2902,58980,19,315230
26825,0.000593,74.125.24.0-255,1484,60464,19,315230
26826,0.000609,74.125.24.0-255,4320,64784,19,315230
26827,0.000634,74.125.24.0-255,2543,67327,19,315230
26828,0.000642,74.125.24.0-255,7156,74483,19,315230
26829,0.000648,172.31.36.0-255,66,74549,19,315230
26830,0.000656,74.125.24.0-255,2543,77092,19,315230
26831,0.000659,74.125.24.0-255,332,77424,19,315230
26832,0.000665,172.31.36.0-255,66,77490,19,315230
26833,0.000971,74.125.24.0-255,1484,78974,19,315230
26834,0.000978,74.125.24.0-255,2902,81876,19,315230
26835,0.001,74.125.24.0-255,5738,87614,19,315230
26836,0.001004,172.31.36.0-255,66,87680,19,315230
26837,0.001014,172.31.36.0-255,66,87746,19,315230
26838,0.001026,74.125.24.0-255,5738,93484,19,315230
26839,0.001054,74.125.24.0-255,7156,100640,19,315230
26840,0.001061,74.125.24.0-255,7156,107796,19,315230
26841,0.001064,172.31.36.0-255,66,107862,19,315230
26842,0.00108,172.31.36.0-255,66,107928,19,315230
26843,0.001086,74.125.24.0-255,3602,111530,19,315230
26844,0.001112,172.31.36.0-255,66,111596,19,315230
26845,0.001531,74.125.24.0-255,1484,113080,19,315230
26846,0.001537,74.125.24.0-255,2902,115982,19,315230
26847,0.001541,172.31.36.0-255,66,116048,19,315230
26848,0.001545,74.125.24.0-255,1484,117532,19,315230
26849,0.001565,74.125.24.0-255,4320,121852,19,315230
26850,0.00157,74.125.24.0-255,2902,124754,19,315230
26851,0.001582,172.31.36.0-255,66,124820,19,315230
26852,0.001596,74.125.24.0-255,9992,134812,19,315230
26853,0.001604,74.125.24.0-255,8574,143386,19,315230
26854,0.001616,172.31.36.0-255,66,143452,19,315230
26855,0.001635,74.125.24.0-255,2184,145636,19,315230
26856,0.001656,172.31.36.0-255,66,145702,19,315230
26857,0.001753,74.125.24.0-255,1484,147186,19,315230
26858,0.00177,74.125.24.0-255,2902,150088,19,315230
26859,0.001774,172.31.36.0-255,66,150154,19,315230
26860,0.001778,74.125.24.0-255,1484,151638,19,315230
26861,0.001796,74.125.24.0-255,4320,155958,19,315230
26862,0.001804,74.125.24.0-255,8574,164532,19,315230
26863,0.00181,172.31.36.0-255,66,164598,19,315230
26864,0.001848,74.125.24.0-255,7156,171754,19,315230
26865,0.001855,172.31.36.0-255,66,171820,19,315230
26866,0.001879,74.125.24.0-255,7856,179676,19,315230
26867,0.001886,172.31.36.0-255,66,179742,19,315230
26868,0.002014,74.125.24.0-255,1484,181226,19,315230
26869,0.002027,74.125.24.0-255,2902,184128,19,315230
26870,0.002031,172.31.36.0-255,66,184194,19,315230
26871,0.002054,74.125.24.0-255,5738,189932,19,315230
26872,0.002058,74.125.24.0-255,2902,192834,19,315230
26873,0.002086,74.125.24.0-255,9992,202826,19,315230
26874,0.002097,172.31.36.0-255,66,202892,19,315230
26875,0.00211,74.125.24.0-255,8574,211466,19,315230
26876,0.002114,172.31.36.0-255,66,211532,19,315230
26877,0.002131,74.125.24.0-255,3602,215134,19,315230
26878,0.002134,74.125.24.0-255,1484,216618,19,315230
26879,0.002138,74.125.24.0-255,2902,219520,19,315230
26880,0.002153,172.31.36.0-255,66,219586,19,315230
26881,0.002184,74.125.24.0-255,5738,225324,19,315230
26882,0.002192,74.125.24.0-255,9274,234598,19,315230
26883,0.002242,74.125.24.0-255,1484,236082,19,315230
26884,0.002245,74.125.24.0-255,1484,237566,19,315230
26885,0.00226,74.125.24.0-255,1484,239050,19,315230
26886,0.002265,74.125.24.0-255,4320,243370,19,315230
26887,0.002278,74.125.24.0-255,1484,244854,19,315230
26888,0.002298,74.125.24.0-255,4320,249174,19,315230
26889,0.002326,74.125.24.0-255,8574,257748,19,315230
26890,0.002333,74.125.24.0-255,5738,263486,19,315230
26891,0.002339,74.125.24.0-255,5020,268506,19,315230
26892,0.002365,74.125.24.0-255,2902,271408,19,315230
26893,0.002403,74.125.24.0-255,5738,277146,19,315230
26894,0.002419,74.125.24.0-255,8574,285720,19,315230
26895,0.002441,74.125.24.0-255,2902,288622,19,315230
26896,0.002447,74.125.24.0-255,5738,294360,19,315230
26897,0.002464,74.125.24.0-255,7856,302216,19,315230
26898,0.002466,74.125.24.0-255,1484,303700,19,315230
26899,0.002519,74.125.24.0-255,766,304466,19,315230
26900,0.002545,74.125.24.0-255,9992,314458,19,315230
26901,0.002547,74.125.24.0-255,430,314888,19,315230
26902,0.002587,74.125.24.0-255,105,314993,19,315230
26903,0.008271,172.31.36.0-255,66,315059,19,315230
26904,0.010164,172.31.36.0-255,105,315164,19,315230
26905,0.01218,74.125.24.0-255,66,315230,19,315230
26906,0.0,172.217.194.0-255,146,146,19,249024
26907,2.6e-05,172.31.36.0-255,66,212,19,249024
26908,3.3e-05,172.217.194.0-255,1484,1696,19,249024
26909,3.7e-05,172.31.36.0-255,66,1762,19,249024
26910,4.1e-05,172.217.194.0-255,2902,4664,19,249024
26911,4.4e-05,172.31.36.0-255,66,4730,19,249024
26912,5.5e-05,172.217.194.0-255,1484,6214,19,249024
26913,5.7e-05,172.31.36.0-255,66,6280,19,249024
26914,6.3e-05,172.217.194.0-255,5738,12018,19,249024
26915,6.5e-05,172.31.36.0-255,66,12084,19,249024
26916,0.0001,172.217.194.0-255,4886,16970,19,249024
26917,0.000102,172.31.36.0-255,66,17036,19,249024
26918,0.000108,172.217.194.0-255,5738,22774,19,249024
26919,0.00011,172.31.36.0-255,66,22840,19,249024
26920,0.00015,172.217.194.0-255,8215,31055,19,249024
26921,0.000154,172.31.36.0-255,66,31121,19,249024
26922,0.000211,172.217.194.0-255,8574,39695,19,249024
26923,0.000215,172.31.36.0-255,66,39761,19,249024
26924,0.000253,172.217.194.0-255,7156,46917,19,249024
26925,0.000256,172.31.36.0-255,66,46983,19,249024
26926,0.000288,172.217.194.0-255,2543,49526,19,249024
26927,0.000291,172.31.36.0-255,66,49592,19,249024
26928,0.0003,172.217.194.0-255,9992,59584,19,249024
26929,0.000302,172.31.36.0-255,66,59650,19,249024
26930,0.000315,172.217.194.0-255,5655,65305,19,249024
26931,0.000317,172.31.36.0-255,66,65371,19,249024
26932,0.00032,172.217.194.0-255,434,65805,19,249024
26933,0.000322,172.31.36.0-255,66,65871,19,249024
26934,0.000544,172.217.194.0-255,1484,67355,19,249024
26935,0.000549,172.31.36.0-255,66,67421,19,249024
26936,0.000555,172.217.194.0-255,2902,70323,19,249024
26937,0.000558,172.217.194.0-255,1484,71807,19,249024
26938,0.00056,172.31.36.0-255,66,71873,19,249024
26939,0.000595,172.217.194.0-255,4320,76193,19,249024
26940,0.000599,172.31.36.0-255,66,76259,19,249024
26941,0.000608,172.31.36.0-255,66,76325,19,249024
26942,0.000623,172.217.194.0-255,9992,86317,19,249024
26943,0.000627,172.31.36.0-255,66,86383,19,249024
26944,0.000649,172.217.194.0-255,766,87149,19,249024
26945,0.000929,172.217.194.0-255,1484,88633,19,249024
26946,0.000934,172.31.36.0-255,66,88699,19,249024
26947,0.000939,172.217.194.0-255,2902,91601,19,249024
26948,0.000941,172.31.36.0-255,66,91667,19,249024
26949,0.000961,172.217.194.0-255,5738,97405,19,249024
26950,0.000965,172.31.36.0-255,66,97471,19,249024
26951,0.000967,172.217.194.0-255,7156,104627,19,249024
26952,0.00097,172.31.36.0-255,66,104693,19,249024
26953,0.001029,172.31.36.0-255,66,104759,19,249024
26954,0.001034,172.217.194.0-255,2184,106943,19,249024
26955,0.001036,172.31.36.0-255,66,107009,19,249024
26956,0.00127,172.217.194.0-255,1484,108493,19,249024
26957,0.001276,172.217.194.0-255,2902,111395,19,249024
26958,0.00128,172.31.36.0-255,66,111461,19,249024
26959,0.001307,172.217.194.0-255,5738,117199,19,249024
26960,0.00131,172.31.36.0-255,66,117265,19,249024
26961,0.001315,172.217.194.0-255,2902,120167,19,249024
26962,0.001318,172.31.36.0-255,66,120233,19,249024
26963,0.001351,172.217.194.0-255,9992,130225,19,249024
26964,0.001354,172.31.36.0-255,66,130291,19,249024
26965,0.001357,172.217.194.0-255,1484,131775,19,249024
26966,0.001384,172.217.194.0-255,9274,141049,19,249024
26967,0.001387,172.31.36.0-255,66,141115,19,249024
26968,0.001419,172.217.194.0-255,9992,151107,19,249024
26969,0.001422,172.31.36.0-255,66,151173,19,249024
26970,0.001431,172.217.194.0-255,9992,161165,19,249024
26971,0.001439,172.31.36.0-255,66,161231,19,249024
26972,0.00148,172.217.194.0-255,8574,169805,19,249024
26973,0.001483,172.31.36.0-255,66,169871,19,249024
26974,0.001513,172.217.194.0-255,5020,174891,19,249024
26975,0.001516,172.31.36.0-255,66,174957,19,249024
26976,0.00189,172.217.194.0-255,1484,176441,19,249024
26977,0.001896,172.217.194.0-255,2902,179343,19,249024
26978,0.001899,172.31.36.0-255,66,179409,19,249024
26979,0.001928,172.217.194.0-255,5738,185147,19,249024
26980,0.001932,172.31.36.0-255,66,185213,19,249024
26981,0.001938,172.217.194.0-255,5738,190951,19,249024
26982,0.00194,172.31.36.0-255,66,191017,19,249024
26983,0.002014,172.31.36.0-255,66,191083,19,249024
26984,0.00202,172.217.194.0-255,5020,196103,19,249024
26985,0.002022,172.31.36.0-255,66,196169,19,249024
26986,0.002066,172.217.194.0-255,1484,197653,19,249024
26987,0.002071,172.217.194.0-255,2902,200555,19,249024
26988,0.002074,172.31.36.0-255,66,200621,19,249024
26989,0.002101,172.217.194.0-255,5738,206359,19,249024
26990,0.002103,172.31.36.0-255,66,206425,19,249024
26991,0.002108,172.217.194.0-255,2902,209327,19,249024
26992,0.00211,172.31.36.0-255,66,209393,19,249024
26993,0.00218,172.217.194.0-255,9992,219385,19,249024
26994,0.002185,172.31.36.0-255,66,219451,19,249024
26995,0.002195,172.217.194.0-255,10692,230143,19,249024
26996,0.002197,172.31.36.0-255,66,230209,19,249024
26997,0.002223,172.31.36.0-255,66,230275,19,249024
26998,0.002231,172.217.194.0-255,7856,238131,19,249024
26999,0.002234,172.31.36.0-255,66,238197,19,249024
27000,0.002289,172.31.36.0-255,66,238263,19,249024
27001,0.002298,172.217.194.0-255,9992,248255,19,249024
27002,0.002301,172.31.36.0-255,66,248321,19,249024
27003,0.002351,172.31.36.0-255,66,248387,19,249024
27004,0.002373,172.31.36.0-255,66,248453,19,249024
27005,0.002393,172.31.36.0-255,66,248519,19,249024
27006,0.002437,172.31.36.0-255,66,248585,19,249024
27007,0.00244,172.217.194.0-255,97,248682,19,249024
27008,0.002443,172.217.194.0-255,105,248787,19,249024
27009,0.006691,172.31.36.0-255,66,248853,19,249024
27010,0.00672,172.31.36.0-255,105,248958,19,249024
27011,0.009285,172.217.194.0-255,66,249024,19,249024
27012,0.0,74.125.24.0-255,146,146,19,297875
27013,3.3e-05,172.31.36.0-255,66,212,19,297875
27014,4e-05,74.125.24.0-255,1484,1696,19,297875
27015,4.6e-05,172.31.36.0-255,66,1762,19,297875
27016,5.1e-05,74.125.24.0-255,2902,4664,19,297875
27017,6.1e-05,172.31.36.0-255,66,4730,19,297875
27018,6.9e-05,74.125.24.0-255,7156,11886,19,297875
27019,7.2e-05,172.31.36.0-255,66,11952,19,297875
27020,0.000114,74.125.24.0-255,2066,14018,19,297875
27021,0.000117,172.31.36.0-255,66,14084,19,297875
27022,0.000172,74.125.24.0-255,1484,15568,19,297875
27023,0.000175,172.31.36.0-255,66,15634,19,297875
27024,0.000181,74.125.24.0-255,2902,18536,19,297875
27025,0.000183,172.31.36.0-255,66,18602,19,297875
27026,0.000215,74.125.24.0-255,5738,24340,19,297875
27027,0.000224,172.31.36.0-255,66,24406,19,297875
27028,0.000232,74.125.24.0-255,6797,31203,19,297875
27029,0.000235,172.31.36.0-255,66,31269,19,297875
27030,0.000275,172.31.36.0-255,66,31335,19,297875
27031,0.000279,74.125.24.0-255,2543,33878,19,297875
27032,0.000282,172.31.36.0-255,66,33944,19,297875
27033,0.000601,74.125.24.0-255,1484,35428,19,297875
27034,0.000606,172.31.36.0-255,66,35494,19,297875
27035,0.000612,74.125.24.0-255,2902,38396,19,297875
27036,0.000614,172.31.36.0-255,66,38462,19,297875
27037,0.000672,74.125.24.0-255,5738,44200,19,297875
27038,0.000675,172.31.36.0-255,66,44266,19,297875
27039,0.000692,172.31.36.0-255,66,44332,19,297875
27040,0.000701,74.125.24.0-255,9633,53965,19,297875
27041,0.000704,172.31.36.0-255,66,54031,19,297875
27042,0.00075,74.125.24.0-255,5738,59769,19,297875
27043,0.000754,172.31.36.0-255,66,59835,19,297875
27044,0.000761,74.125.24.0-255,7156,66991,19,297875
27045,0.000771,172.31.36.0-255,66,67057,19,297875
27046,0.000798,74.125.24.0-255,4541,71598,19,297875
27047,0.000809,172.31.36.0-255,66,71664,19,297875
27048,0.000848,74.125.24.0-255,1484,73148,19,297875
27049,0.000853,74.125.24.0-255,2902,76050,19,297875
27050,0.000858,172.31.36.0-255,66,76116,19,297875
27051,0.000887,74.125.24.0-255,5738,81854,19,297875
27052,0.000891,74.125.24.0-255,1484,83338,19,297875
27053,0.000895,172.31.36.0-255,66,83404,19,297875
27054,0.000917,74.125.24.0-255,4715,88119,19,297875
27055,0.000921,74.125.24.0-255,198,88317,19,297875
27056,0.000922,172.31.36.0-255,66,88383,19,297875
27057,0.001024,74.125.24.0-255,1484,89867,19,297875
27058,0.001028,172.31.36.0-255,66,89933,19,297875
27059,0.001031,74.125.24.0-255,1484,91417,19,297875
27060,0.001062,74.125.24.0-255,1484,92901,19,297875
27061,0.00107,74.125.24.0-255,5738,98639,19,297875
27062,0.001071,172.31.36.0-255,66,98705,19,297875
27063,0.001076,172.31.36.0-255,66,98771,19,297875
27064,0.001086,74.125.24.0-255,4320,103091,19,297875
27065,0.001096,172.31.36.0-255,66,103157,19,297875
27066,0.001107,74.125.24.0-255,6438,109595,19,297875
27067,0.001112,172.31.36.0-255,66,109661,19,297875
27068,0.001131,74.125.24.0-255,2902,112563,19,297875
27069,0.001138,172.31.36.0-255,66,112629,19,297875
27070,0.001166,74.125.24.0-255,4320,116949,19,297875
27071,0.001169,172.31.36.0-255,66,117015,19,297875
27072,0.001178,74.125.24.0-255,8574,125589,19,297875
27073,0.001181,74.125.24.0-255,1484,127073,19,297875
27074,0.001185,172.31.36.0-255,66,127139,19,297875
27075,0.001217,172.31.36.0-255,66,127205,19,297875
27076,0.001233,74.125.24.0-255,2902,130107,19,297875
27077,0.001253,172.31.36.0-255,66,130173,19,297875
27078,0.001265,74.125.24.0-255,2184,132357,19,297875
27079,0.001271,74.125.24.0-255,5738,138095,19,297875
27080,0.00127,172.31.36.0-255,66,138161,19,297875
27081,0.001283,172.31.36.0-255,66,138227,19,297875
27082,0.001288,74.125.24.0-255,5738,143965,19,297875
27083,0.001288,172.31.36.0-255,66,144031,19,297875
27084,0.001303,172.31.36.0-255,66,144097,19,297875
27085,0.001324,74.125.24.0-255,2902,146999,19,297875
27086,0.001328,172.31.36.0-255,66,147065,19,297875
27087,0.001342,74.125.24.0-255,6438,153503,19,297875
27088,0.001346,172.31.36.0-255,66,153569,19,297875
27089,0.001439,74.125.24.0-255,1484,155053,19,297875
27090,0.001453,74.125.24.0-255,2902,157955,19,297875
27091,0.001463,74.125.24.0-255,1484,159439,19,297875
27092,0.001464,172.31.36.0-255,66,159505,19,297875
27093,0.001489,74.125.24.0-255,4320,163825,19,297875
27094,0.001499,74.125.24.0-255,9992,173817,19,297875
27095,0.001503,172.31.36.0-255,66,173883,19,297875
27096,0.001536,74.125.24.0-255,2902,176785,19,297875
27097,0.00154,172.31.36.0-255,66,176851,19,297875
27098,0.001572,74.125.24.0-255,8574,185425,19,297875
27099,0.001577,74.125.24.0-255,2184,187609,19,297875
27100,0.001579,172.31.36.0-255,66,187675,19,297875
27101,0.001586,74.125.24.0-255,2902,190577,19,297875
27102,0.001586,172.31.36.0-255,66,190643,19,297875
27103,0.00159,74.125.24.0-255,4320,194963,19,297875
27104,0.001599,172.31.36.0-255,66,195029,19,297875
27105,0.001631,74.125.24.0-255,2902,197931,19,297875
27106,0.001634,74.125.24.0-255,1484,199415,19,297875
27107,0.001638,172.31.36.0-255,66,199481,19,297875
27108,0.001651,172.31.36.0-255,66,199547,19,297875
27109,0.001653,74.125.24.0-255,7856,207403,19,297875
27110,0.001655,172.31.36.0-255,66,207469,19,297875
27111,0.0017,74.125.24.0-255,5738,213207,19,297875
27112,0.001705,74.125.24.0-255,2902,216109,19,297875
27113,0.001705,172.31.36.0-255,66,216175,19,297875
27114,0.00171,172.31.36.0-255,66,216241,19,297875
27115,0.001749,74.125.24.0-255,4320,220561,19,297875
27116,0.001755,172.31.36.0-255,66,220627,19,297875
27117,0.001768,74.125.24.0-255,6438,227065,19,297875
27118,0.001768,172.31.36.0-255,66,227131,19,297875
27119,0.001773,172.31.36.0-255,66,227197,19,297875
27120,0.001862,74.125.24.0-255,1484,228681,19,297875
27121,0.001866,74.125.24.0-255,1484,230165,19,297875
27122,0.001885,172.31.36.0-255,66,230231,19,297875
27123,0.001887,74.125.24.0-255,1484,231715,19,297875
27124,0.001893,74.125.24.0-255,5738,237453,19,297875
27125,0.001901,172.31.36.0-255,66,237519,19,297875
27126,0.001903,74.125.24.0-255,4320,241839,19,297875
27127,0.001916,172.31.36.0-255,66,241905,19,297875
27128,0.001946,172.31.36.0-255,66,241971,19,297875
27129,0.001948,74.125.24.0-255,3602,245573,19,297875
27130,0.001951,172.31.36.0-255,66,245639,19,297875
27131,0.003935,74.125.24.0-255,5738,251377,19,297875
27132,0.003942,172.31.36.0-255,66,251443,19,297875
27133,0.005936,74.125.24.0-255,5738,257181,19,297875
27134,0.005941,172.31.36.0-255,66,257247,19,297875
27135,0.007923,74.125.24.0-255,5738,262985,19,297875
27136,0.007928,172.31.36.0-255,66,263051,19,297875
27137,0.009921,74.125.24.0-255,5738,268789,19,297875
27138,0.009928,172.31.36.0-255,66,268855,19,297875
27139,0.011917,74.125.24.0-255,5738,274593,19,297875
27140,0.011923,172.31.36.0-255,66,274659,19,297875
27141,0.013926,74.125.24.0-255,5738,280397,19,297875
27142,0.013934,172.31.36.0-255,66,280463,19,297875
27143,0.015933,74.125.24.0-255,5738,286201,19,297875
27144,0.015941,172.31.36.0-255,66,286267,19,297875
27145,0.017921,74.125.24.0-255,5738,292005,19,297875
27146,0.017931,172.31.36.0-255,66,292071,19,297875
27147,0.019936,74.125.24.0-255,5738,297809,19,297875
27148,0.019944,172.31.36.0-255,66,297875,19,297875
27149,0.0,172.217.194.0-255,153,153,19,270153
27150,2.3e-05,172.31.36.0-255,66,219,19,270153
27151,5.6e-05,172.217.194.0-255,1484,1703,19,270153
27152,6e-05,172.31.36.0-255,66,1769,19,270153
27153,6.4e-05,172.217.194.0-255,2902,4671,19,270153
27154,6.8e-05,172.31.36.0-255,66,4737,19,270153
27155,7.5e-05,172.217.194.0-255,5738,10475,19,270153
27156,7.8e-05,172.31.36.0-255,66,10541,19,270153
27157,0.000111,172.217.194.0-255,3495,14036,19,270153
27158,0.000114,172.31.36.0-255,66,14102,19,270153
27159,0.000868,172.217.194.0-255,1484,15586,19,270153
27160,0.000875,172.31.36.0-255,66,15652,19,270153
27161,0.000886,172.217.194.0-255,2902,18554,19,270153
27162,0.000889,172.31.36.0-255,66,18620,19,270153
27163,0.000896,172.217.194.0-255,5738,24358,19,270153
27164,0.000899,172.31.36.0-255,66,24424,19,270153
27165,0.000932,172.217.194.0-255,4320,28744,19,270153
27166,0.000937,172.31.36.0-255,66,28810,19,270153
27167,0.000961,172.217.194.0-255,8215,37025,19,270153
27168,0.000964,172.31.36.0-255,66,37091,19,270153
27169,0.000985,172.217.194.0-255,7156,44247,19,270153
27170,0.000988,172.31.36.0-255,66,44313,19,270153
27171,0.001005,172.217.194.0-255,3961,48274,19,270153
27172,0.001007,172.31.36.0-255,66,48340,19,270153
27173,0.001961,172.217.194.0-255,1484,49824,19,270153
27174,0.001965,172.31.36.0-255,66,49890,19,270153
27175,0.001973,172.217.194.0-255,2902,52792,19,270153
27176,0.001975,172.31.36.0-255,66,52858,19,270153
27177,0.001981,172.217.194.0-255,5738,58596,19,270153
27178,0.001983,172.31.36.0-255,66,58662,19,270153
27179,0.001988,172.217.194.0-255,2902,61564,19,270153
27180,0.001991,172.31.36.0-255,66,61630,19,270153
27181,0.002023,172.217.194.0-255,3961,65591,19,270153
27182,0.002025,172.31.36.0-255,66,65657,19,270153
27183,0.002032,172.217.194.0-255,7156,72813,19,270153
27184,0.002034,172.31.36.0-255,66,72879,19,270153
27185,0.00204,172.217.194.0-255,5738,78617,19,270153
27186,0.002042,172.31.36.0-255,66,78683,19,270153
27187,0.002059,172.217.194.0-255,4320,83003,19,270153
27188,0.002061,172.31.36.0-255,66,83069,19,270153
27189,0.002077,172.217.194.0-255,5738,88807,19,270153
27190,0.00208,172.31.36.0-255,66,88873,19,270153
27191,0.002086,172.217.194.0-255,7156,96029,19,270153
27192,0.002088,172.31.36.0-255,66,96095,19,270153
27193,0.002092,172.217.194.0-255,2902,98997,19,270153
27194,0.002094,172.31.36.0-255,66,99063,19,270153
27195,0.00211,172.217.194.0-255,1345,100408,19,270153
27196,0.002481,172.31.36.0-255,66,100474,19,270153
27197,0.002779,172.217.194.0-255,1484,101958,19,270153
27198,0.002802,172.217.194.0-255,2902,104860,19,270153
27199,0.002806,172.31.36.0-255,66,104926,19,270153
27200,0.002812,172.217.194.0-255,5738,110664,19,270153
27201,0.002814,172.31.36.0-255,66,110730,19,270153
27202,0.002842,172.217.194.0-255,5738,116468,19,270153
27203,0.002845,172.31.36.0-255,66,116534,19,270153
27204,0.002863,172.217.194.0-255,5738,122272,19,270153
27205,0.002866,172.31.36.0-255,66,122338,19,270153
27206,0.002895,172.217.194.0-255,1484,123822,19,270153
27207,0.002904,172.217.194.0-255,9992,133814,19,270153
27208,0.002908,172.31.36.0-255,66,133880,19,270153
27209,0.002912,172.217.194.0-255,766,134646,19,270153
27210,0.002963,172.217.194.0-255,1484,136130,19,270153
27211,0.002967,172.31.36.0-255,66,136196,19,270153
27212,0.002971,172.217.194.0-255,1484,137680,19,270153
27213,0.002976,172.217.194.0-255,4320,142000,19,270153
27214,0.002978,172.31.36.0-255,66,142066,19,270153
27215,0.002983,172.217.194.0-255,4320,146386,19,270153
27216,0.002985,172.31.36.0-255,66,146452,19,270153
27217,0.003025,172.217.194.0-255,5738,152190,19,270153
27218,0.003029,172.31.36.0-255,66,152256,19,270153
27219,0.003044,172.31.36.0-255,66,152322,19,270153
27220,0.003048,172.217.194.0-255,2184,154506,19,270153
27221,0.00305,172.31.36.0-255,66,154572,19,270153
27222,0.003172,172.217.194.0-255,1484,156056,19,270153
27223,0.003179,172.217.194.0-255,2902,158958,19,270153
27224,0.003184,172.31.36.0-255,66,159024,19,270153
27225,0.003191,172.217.194.0-255,5738,164762,19,270153
27226,0.003193,172.31.36.0-255,66,164828,19,270153
27227,0.003233,172.31.36.0-255,66,164894,19,270153
27228,0.003237,172.217.194.0-255,1484,166378,19,270153
27229,0.003262,172.217.194.0-255,2902,169280,19,270153
27230,0.003268,172.31.36.0-255,66,169346,19,270153
27231,0.003288,172.217.194.0-255,6438,175784,19,270153
27232,0.003292,172.31.36.0-255,66,175850,19,270153
27233,0.003358,172.217.194.0-255,1484,177334,19,270153
27234,0.003364,172.217.194.0-255,1484,178818,19,270153
27235,0.003367,172.31.36.0-255,66,178884,19,270153
27236,0.003391,172.217.194.0-255,1484,180368,19,270153
27237,0.003399,172.217.194.0-255,5738,186106,19,270153
27238,0.003403,172.31.36.0-255,66,186172,19,270153
27239,0.003409,172.217.194.0-255,5738,191910,19,270153
27240,0.003411,172.31.36.0-255,66,191976,19,270153
27241,0.003434,172.217.194.0-255,7156,199132,19,270153
27242,0.003438,172.31.36.0-255,66,199198,19,270153
27243,0.003445,172.217.194.0-255,7156,206354,19,270153
27244,0.003448,172.31.36.0-255,66,206420,19,270153
27245,0.003497,172.217.194.0-255,9992,216412,19,270153
27246,0.003501,172.31.36.0-255,66,216478,19,270153
27247,0.00353,172.217.194.0-255,7856,224334,19,270153
27248,0.003534,172.31.36.0-255,66,224400,19,270153
27249,0.003553,172.31.36.0-255,66,224466,19,270153
27250,0.003578,172.217.194.0-255,2902,227368,19,270153
27251,0.003581,172.31.36.0-255,66,227434,19,270153
27252,0.003584,172.217.194.0-255,766,228200,19,270153
27253,0.0036,172.31.36.0-255,66,228266,19,270153
27254,0.003635,172.217.194.0-255,5738,234004,19,270153
27255,0.003639,172.31.36.0-255,66,234070,19,270153
27256,0.003653,172.31.36.0-255,66,234136,19,270153
27257,0.003666,172.31.36.0-255,66,234202,19,270153
27258,0.003694,172.217.194.0-255,2184,236386,19,270153
27259,0.003697,172.31.36.0-255,66,236452,19,270153
27260,0.003713,172.31.36.0-255,66,236518,19,270153
27261,0.003719,172.217.194.0-255,5020,241538,19,270153
27262,0.003722,172.31.36.0-255,66,241604,19,270153
27263,0.003807,172.31.36.0-255,66,241670,19,270153
27264,0.003816,172.217.194.0-255,9274,250944,19,270153
27265,0.003819,172.31.36.0-255,66,251010,19,270153
27266,0.003833,172.31.36.0-255,66,251076,19,270153
27267,0.003856,172.217.194.0-255,7156,258232,19,270153
27268,0.00386,172.31.36.0-255,66,258298,19,270153
27269,0.003868,172.217.194.0-255,8574,266872,19,270153
27270,0.00387,172.31.36.0-255,66,266938,19,270153
27271,0.003893,172.217.194.0-255,2807,269745,19,270153
27272,0.003898,172.31.36.0-255,66,269811,19,270153
27273,0.003908,172.217.194.0-255,105,269916,19,270153
27274,0.006298,172.31.36.0-255,66,269982,19,270153
27275,0.006347,172.31.36.0-255,105,270087,19,270153
27276,0.008318,172.217.194.0-255,66,270153,19,270153
27277,0.0,74.125.24.0-255,153,153,19,179963
27278,2.9e-05,172.31.36.0-255,66,219,19,179963
27279,3.6e-05,74.125.24.0-255,1484,1703,19,179963
27280,4.1e-05,172.31.36.0-255,66,1769,19,179963
27281,5.4e-05,74.125.24.0-255,2902,4671,19,179963
27282,5.7e-05,172.31.36.0-255,66,4737,19,179963
27283,6.5e-05,74.125.24.0-255,7156,11893,19,179963
27284,6.7e-05,172.31.36.0-255,66,11959,19,179963
27285,7.1e-05,74.125.24.0-255,2019,13978,19,179963
27286,7.3e-05,172.31.36.0-255,66,14044,19,179963
27287,0.000147,74.125.24.0-255,1484,15528,19,179963
27288,0.000151,172.31.36.0-255,66,15594,19,179963
27289,0.000158,74.125.24.0-255,2902,18496,19,179963
27290,0.00016,172.31.36.0-255,66,18562,19,179963
27291,0.000174,74.125.24.0-255,5738,24300,19,179963
27292,0.000177,172.31.36.0-255,66,24366,19,179963
27293,0.000206,74.125.24.0-255,6797,31163,19,179963
27294,0.000208,172.31.36.0-255,66,31229,19,179963
27295,0.000252,74.125.24.0-255,1484,32713,19,179963
27296,0.000255,172.31.36.0-255,66,32779,19,179963
27297,0.00026,74.125.24.0-255,2902,35681,19,179963
27298,0.000262,172.31.36.0-255,66,35747,19,179963
27299,0.000267,74.125.24.0-255,2902,38649,19,179963
27300,0.000269,172.31.36.0-255,66,38715,19,179963
27301,0.000294,74.125.24.0-255,2902,41617,19,179963
27302,0.000302,172.31.36.0-255,66,41683,19,179963
27303,0.000307,74.125.24.0-255,2902,44585,19,179963
27304,0.000311,172.31.36.0-255,66,44651,19,179963
27305,0.000344,74.125.24.0-255,3961,48612,19,179963
27306,0.000348,172.31.36.0-255,66,48678,19,179963
27307,0.000646,74.125.24.0-255,1484,50162,19,179963
27308,0.00065,172.31.36.0-255,66,50228,19,179963
27309,0.000656,74.125.24.0-255,2902,53130,19,179963
27310,0.000658,172.31.36.0-255,66,53196,19,179963
27311,0.000691,74.125.24.0-255,4320,57516,19,179963
27312,0.000694,172.31.36.0-255,66,57582,19,179963
27313,0.000728,74.125.24.0-255,1484,59066,19,179963
27314,0.000731,172.31.36.0-255,66,59132,19,179963
27315,0.000739,74.125.24.0-255,7144,66276,19,179963
27316,0.000741,172.31.36.0-255,66,66342,19,179963
27317,0.000798,74.125.24.0-255,329,66671,19,179963
27318,0.000802,172.31.36.0-255,66,66737,19,179963
27319,0.000991,74.125.24.0-255,1484,68221,19,179963
27320,0.000997,172.31.36.0-255,66,68287,19,179963
27321,0.001005,74.125.24.0-255,2902,71189,19,179963
27322,0.001019,74.125.24.0-255,5738,76927,19,179963
27323,0.001027,74.125.24.0-255,6797,83724,19,179963
27324,0.001103,74.125.24.0-255,1484,85208,19,179963
27325,0.001116,74.125.24.0-255,2902,88110,19,179963
27326,0.001119,74.125.24.0-255,1484,89594,19,179963
27327,0.001137,74.125.24.0-255,4320,93914,19,179963
27328,0.001165,74.125.24.0-255,1484,95398,19,179963
27329,0.001182,74.125.24.0-255,5379,100777,19,179963
27330,0.001415,172.31.36.0-255,66,100843,19,179963
27331,0.001761,74.125.24.0-255,1484,102327,19,179963
27332,0.001768,172.31.36.0-255,66,102393,19,179963
27333,0.001775,74.125.24.0-255,2902,105295,19,179963
27334,0.001779,74.125.24.0-255,1484,106779,19,179963
27335,0.001797,74.125.24.0-255,4320,111099,19,179963
27336,0.0018,74.125.24.0-255,1484,112583,19,179963
27337,0.001817,74.125.24.0-255,7156,119739,19,179963
27338,0.001844,74.125.24.0-255,4320,124059,19,179963
27339,0.001853,74.125.24.0-255,10692,134751,19,179963
27340,0.002881,172.31.36.0-255,66,134817,19,179963
27341,0.004999,74.125.24.0-255,4320,139137,19,179963
27342,0.005005,172.31.36.0-255,66,139203,19,179963
27343,0.005041,74.125.24.0-255,1484,140687,19,179963
27344,0.007075,74.125.24.0-255,4320,145007,19,179963
27345,0.007082,172.31.36.0-255,66,145073,19,179963
27346,0.009219,74.125.24.0-255,5738,150811,19,179963
27347,0.009275,172.31.36.0-255,66,150877,19,179963
27348,0.011403,74.125.24.0-255,5738,156615,19,179963
27349,0.01141,172.31.36.0-255,66,156681,19,179963
27350,0.013488,74.125.24.0-255,5738,162419,19,179963
27351,0.013495,172.31.36.0-255,66,162485,19,179963
27352,0.015541,74.125.24.0-255,5738,168223,19,179963
27353,0.015549,172.31.36.0-255,66,168289,19,179963
27354,0.017601,74.125.24.0-255,5738,174027,19,179963
27355,0.017609,172.31.36.0-255,66,174093,19,179963
27356,0.019737,74.125.24.0-255,4320,178413,19,179963
27357,0.019744,172.31.36.0-255,66,178479,19,179963
27358,0.019782,74.125.24.0-255,1484,179963,19,179963
27359,0.0,74.125.24.0-255,154,154,19,273813
27360,2.9e-05,172.31.36.0-255,66,220,19,273813
27361,3.5e-05,74.125.24.0-255,1484,1704,19,273813
27362,3.9e-05,172.31.36.0-255,66,1770,19,273813
27363,4.5e-05,74.125.24.0-255,2902,4672,19,273813
27364,4.9e-05,172.31.36.0-255,66,4738,19,273813
27365,5.6e-05,74.125.24.0-255,7156,11894,19,273813
27366,6e-05,172.31.36.0-255,66,11960,19,273813
27367,6.2e-05,74.125.24.0-255,1484,13444,19,273813
27368,6.5e-05,172.31.36.0-255,66,13510,19,273813
27369,8.6e-05,74.125.24.0-255,632,14142,19,273813
27370,8.9e-05,172.31.36.0-255,66,14208,19,273813
27371,0.000106,74.125.24.0-255,1484,15692,19,273813
27372,0.000108,172.31.36.0-255,66,15758,19,273813
27373,0.000112,74.125.24.0-255,2902,18660,19,273813
27374,0.000115,172.31.36.0-255,66,18726,19,273813
27375,0.000144,74.125.24.0-255,5738,24464,19,273813
27376,0.000148,172.31.36.0-255,66,24530,19,273813
27377,0.000194,74.125.24.0-255,6797,31327,19,273813
27378,0.000198,172.31.36.0-255,66,31393,19,273813
27379,0.00028,74.125.24.0-255,1484,32877,19,273813
27380,0.000284,172.31.36.0-255,66,32943,19,273813
27381,0.000307,74.125.24.0-255,2902,35845,19,273813
27382,0.00031,172.31.36.0-255,66,35911,19,273813
27383,0.000317,74.125.24.0-255,5738,41649,19,273813
27384,0.000321,172.31.36.0-255,66,41715,19,273813
27385,0.000328,74.125.24.0-255,6797,48512,19,273813
27386,0.000331,172.31.36.0-255,66,48578,19,273813
27387,0.000358,74.125.24.0-255,8574,57152,19,273813
27388,0.000363,172.31.36.0-255,66,57218,19,273813
27389,0.000385,74.125.24.0-255,5738,62956,19,273813
27390,0.000389,172.31.36.0-255,66,63022,19,273813
27391,0.000395,74.125.24.0-255,2543,65565,19,273813
27392,0.000399,74.125.24.0-255,363,65928,19,273813
27393,0.000405,172.31.36.0-255,66,65994,19,273813
27394,0.000441,74.125.24.0-255,130,66124,19,273813
27395,0.000608,74.125.24.0-255,349,66473,19,273813
27396,0.000809,172.31.36.0-255,66,66539,19,273813
27397,0.000865,74.125.24.0-255,1484,68023,19,273813
27398,0.000873,74.125.24.0-255,2902,70925,19,273813
27399,0.000877,172.31.36.0-255,66,70991,19,273813
27400,0.000895,74.125.24.0-255,5738,76729,19,273813
27401,0.000897,172.31.36.0-255,66,76795,19,273813
27402,0.000931,172.31.36.0-255,66,76861,19,273813
27403,0.000938,74.125.24.0-255,7156,84017,19,273813
27404,0.000941,172.31.36.0-255,66,84083,19,273813
27405,0.000985,74.125.24.0-255,3602,87685,19,273813
27406,0.000988,172.31.36.0-255,66,87751,19,273813
27407,0.001384,74.125.24.0-255,1484,89235,19,273813
27408,0.001395,74.125.24.0-255,2902,92137,19,273813
27409,0.001399,172.31.36.0-255,66,92203,19,273813
27410,0.001406,74.125.24.0-255,5738,97941,19,273813
27411,0.001425,74.125.24.0-255,1484,99425,19,273813
27412,0.001453,74.125.24.0-255,7156,106581,19,273813
27413,0.001484,74.125.24.0-255,3602,110183,19,273813
27414,0.001632,74.125.24.0-255,1484,111667,19,273813
27415,0.001636,74.125.24.0-255,1484,113151,19,273813
27416,0.00165,74.125.24.0-255,1484,114635,19,273813
27417,0.001655,74.125.24.0-255,5738,120373,19,273813
27418,0.001678,74.125.24.0-255,4320,124693,19,273813
27419,0.001696,74.125.24.0-255,8574,133267,19,273813
27420,0.001699,74.125.24.0-255,1484,134751,19,273813
27421,0.001721,74.125.24.0-255,9274,144025,19,273813
27422,0.001733,74.125.24.0-255,1484,145509,19,273813
27423,0.001753,74.125.24.0-255,2902,148411,19,273813
27424,0.001758,74.125.24.0-255,5738,154149,19,273813
27425,0.00178,74.125.24.0-255,4320,158469,19,273813
27426,0.001801,74.125.24.0-255,8574,167043,19,273813
27427,0.001808,74.125.24.0-255,7156,174199,19,273813
27428,0.00184,74.125.24.0-255,3602,177801,19,273813
27429,0.001881,74.125.24.0-255,2902,180703,19,273813
27430,0.001896,74.125.24.0-255,1484,182187,19,273813
27431,0.001907,74.125.24.0-255,4320,186507,19,273813
27432,0.001922,74.125.24.0-255,1484,187991,19,273813
27433,0.001935,74.125.24.0-255,4320,192311,19,273813
27434,0.001956,74.125.24.0-255,7156,199467,19,273813
27435,0.001959,74.125.24.0-255,1484,200951,19,273813
27436,0.001993,74.125.24.0-255,2902,203853,19,273813
27437,0.002004,74.125.24.0-255,2902,206755,19,273813
27438,0.002014,74.125.24.0-255,2902,209657,19,273813
27439,0.002032,74.125.24.0-255,2184,211841,19,273813
27440,0.002083,74.125.24.0-255,1484,213325,19,273813
27441,0.002097,74.125.24.0-255,2902,216227,19,273813
27442,0.002133,74.125.24.0-255,5738,221965,19,273813
27443,0.002156,74.125.24.0-255,8574,230539,19,273813
27444,0.002157,172.31.36.0-255,66,230605,19,273813
27445,0.002164,172.31.36.0-255,66,230671,19,273813
27446,0.002198,74.125.24.0-255,2184,232855,19,273813
27447,0.002213,172.31.36.0-255,66,232921,19,273813
27448,0.004482,74.125.24.0-255,2902,235823,19,273813
27449,0.004488,172.31.36.0-255,66,235889,19,273813
27450,0.004523,74.125.24.0-255,2902,238791,19,273813
27451,0.004526,172.31.36.0-255,66,238857,19,273813
27452,0.006803,74.125.24.0-255,2902,241759,19,273813
27453,0.006808,172.31.36.0-255,66,241825,19,273813
27454,0.006823,74.125.24.0-255,2902,244727,19,273813
27455,0.006826,172.31.36.0-255,66,244793,19,273813
27456,0.009084,74.125.24.0-255,5738,250531,19,273813
27457,0.00909,172.31.36.0-255,66,250597,19,273813
27458,0.011353,74.125.24.0-255,5738,256335,19,273813
27459,0.01136,172.31.36.0-255,66,256401,19,273813
27460,0.013641,74.125.24.0-255,5738,262139,19,273813
27461,0.013648,172.31.36.0-255,66,262205,19,273813
27462,0.015904,74.125.24.0-255,5738,267943,19,273813
27463,0.015912,172.31.36.0-255,66,268009,19,273813
27464,0.01819,74.125.24.0-255,5738,273747,19,273813
27465,0.018198,172.31.36.0-255,66,273813,19,273813
27466,0.0,172.217.194.0-255,152,152,19,341363
27467,2.1e-05,172.31.36.0-255,66,218,19,341363
27468,2.8e-05,172.217.194.0-255,1484,1702,19,341363
27469,3.2e-05,172.31.36.0-255,66,1768,19,341363
27470,3.8e-05,172.217.194.0-255,2902,4670,19,341363
27471,4.1e-05,172.31.36.0-255,66,4736,19,341363
27472,4.9e-05,172.217.194.0-255,7156,11892,19,341363
27473,5.2e-05,172.31.36.0-255,66,11958,19,341363
27474,7.9e-05,172.217.194.0-255,2037,13995,19,341363
27475,8.1e-05,172.31.36.0-255,66,14061,19,341363
27476,0.000147,172.217.194.0-255,1484,15545,19,341363
27477,0.00015,172.31.36.0-255,66,15611,19,341363
27478,0.000166,172.217.194.0-255,2902,18513,19,341363
27479,0.000168,172.31.36.0-255,66,18579,19,341363
27480,0.000192,172.217.194.0-255,5738,24317,19,341363
27481,0.000195,172.31.36.0-255,66,24383,19,341363
27482,0.000257,172.217.194.0-255,4320,28703,19,341363
27483,0.000261,172.31.36.0-255,66,28769,19,341363
27484,0.000288,172.217.194.0-255,9633,38402,19,341363
27485,0.000291,172.31.36.0-255,66,38468,19,341363
27486,0.000297,172.217.194.0-255,5738,44206,19,341363
27487,0.000299,172.31.36.0-255,66,44272,19,341363
27488,0.000323,172.217.194.0-255,5738,50010,19,341363
27489,0.000325,172.31.36.0-255,66,50076,19,341363
27490,0.000364,172.217.194.0-255,2902,52978,19,341363
27491,0.000368,172.31.36.0-255,66,53044,19,341363
27492,0.000405,172.31.36.0-255,66,53110,19,341363
27493,0.000459,172.217.194.0-255,378,53488,19,341363
27494,0.000462,172.31.36.0-255,66,53554,19,341363
27495,0.000688,172.217.194.0-255,1484,55038,19,341363
27496,0.000692,172.31.36.0-255,66,55104,19,341363
27497,0.000699,172.217.194.0-255,2902,58006,19,341363
27498,0.000707,172.217.194.0-255,5738,63744,19,341363
27499,0.000731,172.217.194.0-255,2902,66646,19,341363
27500,0.000741,172.31.36.0-255,66,66712,19,341363
27501,0.000759,172.217.194.0-255,9992,76704,19,341363
27502,0.000768,172.217.194.0-255,9992,86696,19,341363
27503,0.000794,172.217.194.0-255,766,87462,19,341363
27504,0.000798,172.31.36.0-255,66,87528,19,341363
27505,0.001015,172.217.194.0-255,1484,89012,19,341363
27506,0.00102,172.217.194.0-255,2902,91914,19,341363
27507,0.00103,172.31.36.0-255,66,91980,19,341363
27508,0.001037,172.217.194.0-255,2902,94882,19,341363
27509,0.001049,172.217.194.0-255,2902,97784,19,341363
27510,0.00107,172.217.194.0-255,5738,103522,19,341363
27511,0.001079,172.31.36.0-255,66,103588,19,341363
27512,0.001088,172.217.194.0-255,2902,106490,19,341363
27513,0.001098,172.31.36.0-255,66,106556,19,341363
27514,0.001125,172.217.194.0-255,1484,108040,19,341363
27515,0.001143,172.217.194.0-255,4320,112360,19,341363
27516,0.001147,172.31.36.0-255,66,112426,19,341363
27517,0.001157,172.217.194.0-255,5738,118164,19,341363
27518,0.001161,172.31.36.0-255,66,118230,19,341363
27519,0.001171,172.217.194.0-255,5020,123250,19,341363
27520,0.001253,172.217.194.0-255,5020,128270,19,341363
27521,0.001256,172.31.36.0-255,66,128336,19,341363
27522,0.001261,172.31.36.0-255,66,128402,19,341363
27523,0.001308,172.217.194.0-255,1484,129886,19,341363
27524,0.001312,172.217.194.0-255,1484,131370,19,341363
27525,0.001327,172.217.194.0-255,1484,132854,19,341363
27526,0.001329,172.31.36.0-255,66,132920,19,341363
27527,0.00135,172.217.194.0-255,5738,138658,19,341363
27528,0.001355,172.217.194.0-255,4320,142978,19,341363
27529,0.001361,172.31.36.0-255,66,143044,19,341363
27530,0.001367,172.217.194.0-255,1484,144528,19,341363
27531,0.001378,172.217.194.0-255,1484,146012,19,341363
27532,0.001391,172.31.36.0-255,66,146078,19,341363
27533,0.001412,172.217.194.0-255,5738,151816,19,341363
27534,0.001431,172.217.194.0-255,2902,154718,19,341363
27535,0.001442,172.217.194.0-255,2902,157620,19,341363
27536,0.001451,172.31.36.0-255,66,157686,19,341363
27537,0.001467,172.217.194.0-255,5020,162706,19,341363
27538,0.001476,172.31.36.0-255,66,162772,19,341363
27539,0.001492,172.217.194.0-255,1484,164256,19,341363
27540,0.001504,172.217.194.0-255,1484,165740,19,341363
27541,0.001508,172.31.36.0-255,66,165806,19,341363
27542,0.001532,172.217.194.0-255,7156,172962,19,341363
27543,0.001539,172.217.194.0-255,8574,181536,19,341363
27544,0.001547,172.31.36.0-255,66,181602,19,341363
27545,0.001563,172.217.194.0-255,2902,184504,19,341363
27546,0.00159,172.31.36.0-255,66,184570,19,341363
27547,0.001593,172.217.194.0-255,1484,186054,19,341363
27548,0.001597,172.217.194.0-255,2902,188956,19,341363
27549,0.001602,172.217.194.0-255,4320,193276,19,341363
27550,0.001608,172.31.36.0-255,66,193342,19,341363
27551,0.001621,172.217.194.0-255,1484,194826,19,341363
27552,0.001626,172.217.194.0-255,4320,199146,19,341363
27553,0.001653,172.217.194.0-255,4320,203466,19,341363
27554,0.001657,172.217.194.0-255,2902,206368,19,341363
27555,0.001661,172.31.36.0-255,66,206434,19,341363
27556,0.001666,172.31.36.0-255,66,206500,19,341363
27557,0.00168,172.217.194.0-255,9992,216492,19,341363
27558,0.001696,172.217.194.0-255,2184,218676,19,341363
27559,0.001703,172.217.194.0-255,8574,227250,19,341363
27560,0.001709,172.217.194.0-255,4320,231570,19,341363
27561,0.001729,172.217.194.0-255,5738,237308,19,341363
27562,0.00175,172.31.36.0-255,66,237374,19,341363
27563,0.001759,172.217.194.0-255,2902,240276,19,341363
27564,0.001761,172.217.194.0-255,1484,241760,19,341363
27565,0.001777,172.31.36.0-255,66,241826,19,341363
27566,0.001782,172.217.194.0-255,2902,244728,19,341363
27567,0.001786,172.217.194.0-255,4320,249048,19,341363
27568,0.001804,172.217.194.0-255,4320,253368,19,341363
27569,0.001842,172.217.194.0-255,2902,256270,19,341363
27570,0.001862,172.217.194.0-255,9992,266262,19,341363
27571,0.001869,172.217.194.0-255,6438,272700,19,341363
27572,0.001873,172.217.194.0-255,2902,275602,19,341363
27573,0.001889,172.31.36.0-255,66,275668,19,341363
27574,0.001895,172.217.194.0-255,4320,279988,19,341363
27575,0.001909,172.217.194.0-255,5738,285726,19,341363
27576,0.001914,172.31.36.0-255,66,285792,19,341363
27577,0.00194,172.217.194.0-255,9992,295784,19,341363
27578,0.001949,172.217.194.0-255,9274,305058,19,341363
27579,0.001965,172.31.36.0-255,66,305124,19,341363
27580,0.001974,172.217.194.0-255,2902,308026,19,341363
27581,0.001979,172.31.36.0-255,66,308092,19,341363
27582,0.002007,172.217.194.0-255,4320,312412,19,341363
27583,0.002016,172.217.194.0-255,8574,320986,19,341363
27584,0.002025,172.217.194.0-255,8574,329560,19,341363
27585,0.002033,172.31.36.0-255,66,329626,19,341363
27586,0.002052,172.217.194.0-255,8574,338200,19,341363
27587,0.002055,172.217.194.0-255,766,338966,19,341363
27588,0.002074,172.31.36.0-255,66,339032,19,341363
27589,0.004105,172.217.194.0-255,2094,341126,19,341363
27590,0.006592,172.31.36.0-255,66,341192,19,341363
27591,0.008958,172.31.36.0-255,105,341297,19,341363
27592,0.010965,172.217.194.0-255,66,341363,19,341363
27593,0.0,74.125.130.0-255,153,153,19,348111
27594,1.4e-05,172.31.36.0-255,66,219,19,348111
27595,2e-05,74.125.130.0-255,1484,1703,19,348111
27596,2.4e-05,172.31.36.0-255,66,1769,19,348111
27597,2.7e-05,74.125.130.0-255,1484,3253,19,348111
27598,2.9e-05,172.31.36.0-255,66,3319,19,348111
27599,5.4e-05,74.125.130.0-255,2902,6221,19,348111
27600,5.7e-05,172.31.36.0-255,66,6287,19,348111
27601,6.4e-05,74.125.130.0-255,5738,12025,19,348111
27602,6.7e-05,172.31.36.0-255,66,12091,19,348111
27603,8.6e-05,74.125.130.0-255,3493,15584,19,348111
27604,8.9e-05,172.31.36.0-255,66,15650,19,348111
27605,9.5e-05,74.125.130.0-255,4320,19970,19,348111
27606,9.7e-05,172.31.36.0-255,66,20036,19,348111
27607,0.00013,74.125.130.0-255,9992,30028,19,348111
27608,0.000132,172.31.36.0-255,66,30094,19,348111
27609,0.000135,74.125.130.0-255,1125,31219,19,348111
27610,0.000138,172.31.36.0-255,66,31285,19,348111
27611,0.000298,74.125.130.0-255,1484,32769,19,348111
27612,0.000303,172.31.36.0-255,66,32835,19,348111
27613,0.000309,74.125.130.0-255,2902,35737,19,348111
27614,0.000311,172.31.36.0-255,66,35803,19,348111
27615,0.000342,74.125.130.0-255,5738,41541,19,348111
27616,0.000345,172.31.36.0-255,66,41607,19,348111
27617,0.000349,74.125.130.0-255,2902,44509,19,348111
27618,0.000351,172.31.36.0-255,66,44575,19,348111
27619,0.000376,74.125.130.0-255,4320,48895,19,348111
27620,0.000379,172.31.36.0-255,66,48961,19,348111
27621,0.00041,74.125.130.0-255,6797,55758,19,348111
27622,0.000412,172.31.36.0-255,66,55824,19,348111
27623,0.000417,74.125.130.0-255,2902,58726,19,348111
27624,0.000418,172.31.36.0-255,66,58792,19,348111
27625,0.000441,74.125.130.0-255,1484,60276,19,348111
27626,0.000461,74.125.130.0-255,5684,65960,19,348111
27627,0.000465,172.31.36.0-255,66,66026,19,348111
27628,0.000572,74.125.130.0-255,1484,67510,19,348111
27629,0.000576,74.125.130.0-255,1484,68994,19,348111
27630,0.000579,172.31.36.0-255,66,69060,19,348111
27631,0.0006,74.125.130.0-255,1484,70544,19,348111
27632,0.000603,74.125.130.0-255,1484,72028,19,348111
27633,0.000606,172.31.36.0-255,66,72094,19,348111
27634,0.00061,74.125.130.0-255,2902,74996,19,348111
27635,0.000613,172.31.36.0-255,66,75062,19,348111
27636,0.000619,74.125.130.0-255,5738,80800,19,348111
27637,0.000621,172.31.36.0-255,66,80866,19,348111
27638,0.000653,74.125.130.0-255,9633,90499,19,348111
27639,0.000656,172.31.36.0-255,66,90565,19,348111
27640,0.000697,74.125.130.0-255,4320,94885,19,348111
27641,0.0007,172.31.36.0-255,66,94951,19,348111
27642,0.000716,74.125.130.0-255,5379,100330,19,348111
27643,0.000718,172.31.36.0-255,66,100396,19,348111
27644,0.00112,172.31.36.0-255,101,100497,19,348111
27645,0.001178,74.125.130.0-255,1484,101981,19,348111
27646,0.001183,74.125.130.0-255,1484,103465,19,348111
27647,0.001185,172.31.36.0-255,66,103531,19,348111
27648,0.001206,74.125.130.0-255,1484,105015,19,348111
27649,0.001213,74.125.130.0-255,5738,110753,19,348111
27650,0.001215,172.31.36.0-255,66,110819,19,348111
27651,0.001243,74.125.130.0-255,7156,117975,19,348111
27652,0.001245,172.31.36.0-255,66,118041,19,348111
27653,0.001254,74.125.130.0-255,8574,126615,19,348111
27654,0.001257,172.31.36.0-255,66,126681,19,348111
27655,0.001286,74.125.130.0-255,7856,134537,19,348111
27656,0.001288,172.31.36.0-255,66,134603,19,348111
27657,0.001369,74.125.130.0-255,1484,136087,19,348111
27658,0.001386,74.125.130.0-255,2902,138989,19,348111
27659,0.001389,172.31.36.0-255,66,139055,19,348111
27660,0.001395,74.125.130.0-255,5738,144793,19,348111
27661,0.001397,172.31.36.0-255,66,144859,19,348111
27662,0.00145,172.31.36.0-255,66,144925,19,348111
27663,0.001487,74.125.130.0-255,7156,152081,19,348111
27664,0.001492,172.31.36.0-255,66,152147,19,348111
27665,0.001502,74.125.130.0-255,3602,155749,19,348111
27666,0.001504,172.31.36.0-255,66,155815,19,348111
27667,0.001556,74.125.130.0-255,1484,157299,19,348111
27668,0.001574,74.125.130.0-255,2902,160201,19,348111
27669,0.001577,172.31.36.0-255,66,160267,19,348111
27670,0.001582,74.125.130.0-255,4320,164587,19,348111
27671,0.001584,172.31.36.0-255,66,164653,19,348111
27672,0.001644,74.125.130.0-255,8574,173227,19,348111
27673,0.001647,172.31.36.0-255,66,173293,19,348111
27674,0.001655,74.125.130.0-255,8574,181867,19,348111
27675,0.001659,172.31.36.0-255,66,181933,19,348111
27676,0.001692,74.125.130.0-255,7856,189789,19,348111
27677,0.001695,172.31.36.0-255,66,189855,19,348111
27678,0.001731,74.125.130.0-255,1484,191339,19,348111
27679,0.001744,74.125.130.0-255,2902,194241,19,348111
27680,0.001746,172.31.36.0-255,66,194307,19,348111
27681,0.00175,74.125.130.0-255,1484,195791,19,348111
27682,0.001769,74.125.130.0-255,4320,200111,19,348111
27683,0.001773,172.31.36.0-255,66,200177,19,348111
27684,0.001777,74.125.130.0-255,2902,203079,19,348111
27685,0.001779,172.31.36.0-255,66,203145,19,348111
27686,0.001795,74.125.130.0-255,5738,208883,19,348111
27687,0.001797,172.31.36.0-255,66,208949,19,348111
27688,0.001806,74.125.130.0-255,8574,217523,19,348111
27689,0.001808,172.31.36.0-255,66,217589,19,348111
27690,0.001825,74.125.130.0-255,1484,219073,19,348111
27691,0.001831,74.125.130.0-255,5020,224093,19,348111
27692,0.001833,172.31.36.0-255,66,224159,19,348111
27693,0.002033,74.125.130.0-255,1484,225643,19,348111
27694,0.00205,74.125.130.0-255,2902,228545,19,348111
27695,0.002053,172.31.36.0-255,66,228611,19,348111
27696,0.002056,74.125.130.0-255,1484,230095,19,348111
27697,0.002073,74.125.130.0-255,4320,234415,19,348111
27698,0.002075,172.31.36.0-255,66,234481,19,348111
27699,0.002078,74.125.130.0-255,1484,235965,19,348111
27700,0.002103,74.125.130.0-255,4320,240285,19,348111
27701,0.002106,172.31.36.0-255,66,240351,19,348111
27702,0.002111,74.125.130.0-255,4320,244671,19,348111
27703,0.002113,172.31.36.0-255,66,244737,19,348111
27704,0.002135,74.125.130.0-255,2902,247639,19,348111
27705,0.002137,172.31.36.0-255,66,247705,19,348111
27706,0.002147,74.125.130.0-255,10692,258397,19,348111
27707,0.00215,172.31.36.0-255,66,258463,19,348111
27708,0.00236,74.125.130.0-255,1484,259947,19,348111
27709,0.002367,74.125.130.0-255,2902,262849,19,348111
27710,0.002371,172.31.36.0-255,66,262915,19,348111
27711,0.002374,74.125.130.0-255,1484,264399,19,348111
27712,0.002389,74.125.130.0-255,2902,267301,19,348111
27713,0.002392,172.31.36.0-255,66,267367,19,348111
27714,0.002417,74.125.130.0-255,5738,273105,19,348111
27715,0.002421,172.31.36.0-255,66,273171,19,348111
27716,0.002443,74.125.130.0-255,5738,278909,19,348111
27717,0.002446,172.31.36.0-255,66,278975,19,348111
27718,0.002466,74.125.130.0-255,7156,286131,19,348111
27719,0.002469,172.31.36.0-255,66,286197,19,348111
27720,0.002493,74.125.130.0-255,5738,291935,19,348111
27721,0.002496,172.31.36.0-255,66,292001,19,348111
27722,0.002521,74.125.130.0-255,7856,299857,19,348111
27723,0.002524,172.31.36.0-255,66,299923,19,348111
27724,0.002539,172.31.36.0-255,66,299989,19,348111
27725,0.002544,74.125.130.0-255,4320,304309,19,348111
27726,0.002547,172.31.36.0-255,66,304375,19,348111
27727,0.002584,74.125.130.0-255,5738,310113,19,348111
27728,0.002588,172.31.36.0-255,66,310179,19,348111
27729,0.002605,74.125.130.0-255,2184,312363,19,348111
27730,0.002608,172.31.36.0-255,66,312429,19,348111
27731,0.003646,74.125.130.0-255,66,312495,19,348111
27732,0.005143,74.125.130.0-255,2902,315397,19,348111
27733,0.005149,172.31.36.0-255,66,315463,19,348111
27734,0.00517,74.125.130.0-255,2902,318365,19,348111
27735,0.005173,172.31.36.0-255,66,318431,19,348111
27736,0.007708,74.125.130.0-255,2902,321333,19,348111
27737,0.007714,172.31.36.0-255,66,321399,19,348111
27738,0.007739,74.125.130.0-255,2902,324301,19,348111
27739,0.007743,172.31.36.0-255,66,324367,19,348111
27740,0.010278,74.125.130.0-255,2902,327269,19,348111
27741,0.010284,172.31.36.0-255,66,327335,19,348111
27742,0.010309,74.125.130.0-255,2902,330237,19,348111
27743,0.010313,172.31.36.0-255,66,330303,19,348111
27744,0.012884,74.125.130.0-255,2902,333205,19,348111
27745,0.012896,172.31.36.0-255,66,333271,19,348111
27746,0.012921,74.125.130.0-255,2902,336173,19,348111
27747,0.012925,172.31.36.0-255,66,336239,19,348111
27748,0.015461,74.125.130.0-255,2902,339141,19,348111
27749,0.01547,172.31.36.0-255,66,339207,19,348111
27750,0.015491,74.125.130.0-255,2902,342109,19,348111
27751,0.015493,172.31.36.0-255,66,342175,19,348111
27752,0.018028,74.125.130.0-255,2902,345077,19,348111
27753,0.018036,172.31.36.0-255,66,345143,19,348111
27754,0.018057,74.125.130.0-255,2902,348045,19,348111
27755,0.018059,172.31.36.0-255,66,348111,19,348111
27756,0.0,172.217.194.0-255,150,150,19,203822
27757,2.4e-05,172.31.36.0-255,66,216,19,203822
27758,3e-05,172.217.194.0-255,1484,1700,19,203822
27759,3.5e-05,172.31.36.0-255,66,1766,19,203822
27760,4.9e-05,172.217.194.0-255,2902,4668,19,203822
27761,5.2e-05,172.31.36.0-255,66,4734,19,203822
27762,5.9e-05,172.217.194.0-255,5738,10472,19,203822
27763,6.2e-05,172.31.36.0-255,66,10538,19,203822
27764,7.8e-05,172.31.36.0-255,66,10604,19,203822
27765,8.6e-05,172.217.194.0-255,6797,17401,19,203822
27766,8.8e-05,172.31.36.0-255,66,17467,19,203822
27767,0.001013,172.217.194.0-255,1484,18951,19,203822
27768,0.001021,172.31.36.0-255,66,19017,19,203822
27769,0.001032,172.217.194.0-255,2902,21919,19,203822
27770,0.001035,172.31.36.0-255,66,21985,19,203822
27771,0.001047,172.217.194.0-255,4320,26305,19,203822
27772,0.001049,172.31.36.0-255,66,26371,19,203822
27773,0.001056,172.217.194.0-255,5738,32109,19,203822
27774,0.001058,172.31.36.0-255,66,32175,19,203822
27775,0.001117,172.31.36.0-255,66,32241,19,203822
27776,0.001125,172.217.194.0-255,6797,39038,19,203822
27777,0.001127,172.31.36.0-255,66,39104,19,203822
27778,0.001885,172.217.194.0-255,1484,40588,19,203822
27779,0.001894,172.31.36.0-255,66,40654,19,203822
27780,0.001902,172.217.194.0-255,2902,43556,19,203822
27781,0.001904,172.31.36.0-255,66,43622,19,203822
27782,0.001917,172.217.194.0-255,5738,49360,19,203822
27783,0.001921,172.31.36.0-255,66,49426,19,203822
27784,0.001935,172.31.36.0-255,66,49492,19,203822
27785,0.001968,172.217.194.0-255,10692,60184,19,203822
27786,0.002,172.217.194.0-255,2902,63086,19,203822
27787,0.002029,172.217.194.0-255,8574,71660,19,203822
27788,0.002033,172.217.194.0-255,2902,74562,19,203822
27789,0.002051,172.217.194.0-255,4320,78882,19,203822
27790,0.002073,172.217.194.0-255,5738,84620,19,203822
27791,0.002084,172.217.194.0-255,9274,93894,19,203822
27792,0.002164,172.217.194.0-255,1484,95378,19,203822
27793,0.002177,172.217.194.0-255,2902,98280,19,203822
27794,0.002188,172.217.194.0-255,1484,99764,19,203822
27795,0.002201,172.217.194.0-255,4320,104084,19,203822
27796,0.002208,172.217.194.0-255,5738,109822,19,203822
27797,0.002225,172.217.194.0-255,7156,116978,19,203822
27798,0.002249,172.217.194.0-255,5738,122716,19,203822
27799,0.002252,172.217.194.0-255,1484,124200,19,203822
27800,0.002268,172.217.194.0-255,3602,127802,19,203822
27801,0.002364,172.217.194.0-255,1484,129286,19,203822
27802,0.002368,172.217.194.0-255,2902,132188,19,203822
27803,0.002384,172.217.194.0-255,4320,136508,19,203822
27804,0.002394,172.217.194.0-255,1484,137992,19,203822
27805,0.002411,172.217.194.0-255,5738,143730,19,203822
27806,0.00243,172.217.194.0-255,7156,150886,19,203822
27807,0.002469,172.217.194.0-255,10692,161578,19,203822
27808,0.0025,172.217.194.0-255,1484,163062,19,203822
27809,0.00252,172.217.194.0-255,2902,165964,19,203822
27810,0.002526,172.217.194.0-255,4320,170284,19,203822
27811,0.002538,172.217.194.0-255,1484,171768,19,203822
27812,0.002541,172.217.194.0-255,1484,173252,19,203822
27813,0.002573,172.217.194.0-255,1484,174736,19,203822
27814,0.005208,172.31.36.0-255,66,174802,19,203822
27815,0.007791,172.217.194.0-255,5738,180540,19,203822
27816,0.007821,172.31.36.0-255,66,180606,19,203822
27817,0.010371,172.217.194.0-255,5738,186344,19,203822
27818,0.010383,172.31.36.0-255,66,186410,19,203822
27819,0.012941,172.217.194.0-255,5738,192148,19,203822
27820,0.012957,172.31.36.0-255,66,192214,19,203822
27821,0.015512,172.217.194.0-255,5738,197952,19,203822
27822,0.016453,172.31.36.0-255,66,198018,19,203822
27823,0.019031,172.217.194.0-255,5738,203756,19,203822
27824,0.019363,172.31.36.0-255,66,203822,19,203822
27825,0.0,172.217.24.0-255,150,150,19,152582
27826,3.1e-05,172.31.36.0-255,66,216,19,152582
27827,3.7e-05,172.217.24.0-255,1484,1700,19,152582
27828,4.2e-05,172.31.36.0-255,66,1766,19,152582
27829,4.5e-05,172.217.24.0-255,1484,3250,19,152582
27830,4.8e-05,172.31.36.0-255,66,3316,19,152582
27831,5.3e-05,172.217.24.0-255,2902,6218,19,152582
27832,5.6e-05,172.31.36.0-255,66,6284,19,152582
27833,6e-05,172.217.24.0-255,1484,7768,19,152582
27834,6.1e-05,172.31.36.0-255,66,7834,19,152582
27835,7.8e-05,172.217.24.0-255,4320,12154,19,152582
27836,8.2e-05,172.31.36.0-255,66,12220,19,152582
27837,8.6e-05,172.217.24.0-255,1998,14218,19,152582
27838,8.8e-05,172.31.36.0-255,66,14284,19,152582
27839,0.000174,172.217.24.0-255,1484,15768,19,152582
27840,0.000178,172.31.36.0-255,66,15834,19,152582
27841,0.000185,172.217.24.0-255,2902,18736,19,152582
27842,0.000188,172.31.36.0-255,66,18802,19,152582
27843,0.000191,172.217.24.0-255,1484,20286,19,152582
27844,0.000193,172.31.36.0-255,66,20352,19,152582
27845,0.000198,172.217.24.0-255,2902,23254,19,152582
27846,0.0002,172.31.36.0-255,66,23320,19,152582
27847,0.00025,172.217.24.0-255,5738,29058,19,152582
27848,0.000253,172.31.36.0-255,66,29124,19,152582
27849,0.000257,172.217.24.0-255,2543,31667,19,152582
27850,0.000259,172.31.36.0-255,66,31733,19,152582
27851,0.000722,172.217.24.0-255,1484,33217,19,152582
27852,0.000727,172.31.36.0-255,66,33283,19,152582
27853,0.000734,172.217.24.0-255,2902,36185,19,152582
27854,0.000736,172.31.36.0-255,66,36251,19,152582
27855,0.000739,172.217.24.0-255,1484,37735,19,152582
27856,0.000741,172.31.36.0-255,66,37801,19,152582
27857,0.000771,172.217.24.0-255,4320,42121,19,152582
27858,0.000773,172.31.36.0-255,66,42187,19,152582
27859,0.000779,172.217.24.0-255,6797,48984,19,152582
27860,0.000781,172.31.36.0-255,66,49050,19,152582
27861,0.000787,172.217.24.0-255,5738,54788,19,152582
27862,0.000789,172.31.36.0-255,66,54854,19,152582
27863,0.00081,172.217.24.0-255,1484,56338,19,152582
27864,0.000816,172.217.24.0-255,4320,60658,19,152582
27865,0.000817,172.31.36.0-255,66,60724,19,152582
27866,0.000838,172.217.24.0-255,5379,66103,19,152582
27867,0.000841,172.31.36.0-255,66,66169,19,152582
27868,0.000843,172.217.24.0-255,359,66528,19,152582
27869,0.001518,172.217.24.0-255,140,66668,19,152582
27870,0.001639,172.217.24.0-255,1484,68152,19,152582
27871,0.001642,172.31.36.0-255,66,68218,19,152582
27872,0.001647,172.217.24.0-255,2902,71120,19,152582
27873,0.001648,172.31.36.0-255,66,71186,19,152582
27874,0.001667,172.217.24.0-255,5738,76924,19,152582
27875,0.00167,172.31.36.0-255,66,76990,19,152582
27876,0.001674,172.217.24.0-255,4320,81310,19,152582
27877,0.001676,172.31.36.0-255,66,81376,19,152582
27878,0.001729,172.217.24.0-255,2543,83919,19,152582
27879,0.001732,172.31.36.0-255,66,83985,19,152582
27880,0.001736,172.217.24.0-255,2902,86887,19,152582
27881,0.001738,172.31.36.0-255,66,86953,19,152582
27882,0.001763,172.217.24.0-255,7156,94109,19,152582
27883,0.001766,172.31.36.0-255,66,94175,19,152582
27884,0.001769,172.217.24.0-255,1484,95659,19,152582
27885,0.001784,172.217.24.0-255,2902,98561,19,152582
27886,0.001787,172.31.36.0-255,66,98627,19,152582
27887,0.001824,172.217.24.0-255,2543,101170,19,152582
27888,0.001827,172.31.36.0-255,66,101236,19,152582
27889,0.003734,172.217.24.0-255,2902,104138,19,152582
27890,0.003737,172.31.36.0-255,66,104204,19,152582
27891,0.00376,172.217.24.0-255,1484,105688,19,152582
27892,0.00377,172.217.24.0-255,1484,107172,19,152582
27893,0.003772,172.31.36.0-255,66,107238,19,152582
27894,0.005684,172.217.24.0-255,2902,110140,19,152582
27895,0.005692,172.31.36.0-255,66,110206,19,152582
27896,0.005723,172.217.24.0-255,2902,113108,19,152582
27897,0.005727,172.31.36.0-255,66,113174,19,152582
27898,0.007649,172.217.24.0-255,2902,116076,19,152582
27899,0.007655,172.31.36.0-255,66,116142,19,152582
27900,0.007676,172.217.24.0-255,2902,119044,19,152582
27901,0.00768,172.31.36.0-255,66,119110,19,152582
27902,0.009608,172.217.24.0-255,4320,123430,19,152582
27903,0.009615,172.31.36.0-255,66,123496,19,152582
27904,0.009632,172.217.24.0-255,1484,124980,19,152582
27905,0.011577,172.217.24.0-255,4320,129300,19,152582
27906,0.011588,172.31.36.0-255,66,129366,19,152582
27907,0.013551,172.217.24.0-255,5738,135104,19,152582
27908,0.013558,172.31.36.0-255,66,135170,19,152582
27909,0.015524,172.217.24.0-255,5738,140908,19,152582
27910,0.015531,172.31.36.0-255,66,140974,19,152582
27911,0.017488,172.217.24.0-255,5738,146712,19,152582
27912,0.017496,172.31.36.0-255,66,146778,19,152582
27913,0.019459,172.217.24.0-255,5738,152516,19,152582
27914,0.019465,172.31.36.0-255,66,152582,19,152582
27915,0.0,74.125.24.0-255,212,212,19,274173
27916,2.7e-05,172.31.36.0-255,66,278,19,274173
27917,3.4e-05,74.125.24.0-255,1484,1762,19,274173
27918,3.7e-05,172.31.36.0-255,66,1828,19,274173
27919,5.2e-05,74.125.24.0-255,4320,6148,19,274173
27920,5.6e-05,172.31.36.0-255,66,6214,19,274173
27921,6.2e-05,74.125.24.0-255,7156,13370,19,274173
27922,6.5e-05,172.31.36.0-255,66,13436,19,274173
27923,6.8e-05,74.125.24.0-255,450,13886,19,274173
27924,7e-05,172.31.36.0-255,66,13952,19,274173
27925,9.7e-05,74.125.24.0-255,1484,15436,19,274173
27926,0.0001,172.31.36.0-255,66,15502,19,274173
27927,0.000132,74.125.24.0-255,4320,19822,19,274173
27928,0.000137,172.31.36.0-255,66,19888,19,274173
27929,0.000141,74.125.24.0-255,2902,22790,19,274173
27930,0.000144,172.31.36.0-255,66,22856,19,274173
27931,0.000179,74.125.24.0-255,7156,30012,19,274173
27932,0.000182,172.31.36.0-255,66,30078,19,274173
27933,0.000185,74.125.24.0-255,1125,31203,19,274173
27934,0.000187,172.31.36.0-255,66,31269,19,274173
27935,0.000234,74.125.24.0-255,1484,32753,19,274173
27936,0.000237,172.31.36.0-255,66,32819,19,274173
27937,0.000242,74.125.24.0-255,2902,35721,19,274173
27938,0.000245,172.31.36.0-255,66,35787,19,274173
27939,0.000251,74.125.24.0-255,5738,41525,19,274173
27940,0.000253,172.31.36.0-255,66,41591,19,274173
27941,0.000267,172.31.36.0-255,66,41657,19,274173
27942,0.000312,172.31.36.0-255,66,41723,19,274173
27943,0.000315,74.125.24.0-255,374,42097,19,274173
27944,0.000319,172.31.36.0-255,66,42163,19,274173
27945,0.000578,74.125.24.0-255,1484,43647,19,274173
27946,0.000597,74.125.24.0-255,2902,46549,19,274173
27947,0.000601,172.31.36.0-255,66,46615,19,274173
27948,0.000605,74.125.24.0-255,1484,48099,19,274173
27949,0.000629,74.125.24.0-255,4320,52419,19,274173
27950,0.000632,172.31.36.0-255,66,52485,19,274173
27951,0.000635,74.125.24.0-255,1484,53969,19,274173
27952,0.000648,172.31.36.0-255,66,54035,19,274173
27953,0.000685,74.125.24.0-255,9274,63309,19,274173
27954,0.000689,172.31.36.0-255,66,63375,19,274173
27955,0.00077,74.125.24.0-255,1484,64859,19,274173
27956,0.000775,74.125.24.0-255,2902,67761,19,274173
27957,0.000778,172.31.36.0-255,66,67827,19,274173
27958,0.00082,74.125.24.0-255,4320,72147,19,274173
27959,0.000823,172.31.36.0-255,66,72213,19,274173
27960,0.00085,74.125.24.0-255,1484,73697,19,274173
27961,0.000864,172.31.36.0-255,66,73763,19,274173
27962,0.000873,74.125.24.0-255,8574,82337,19,274173
27963,0.000875,172.31.36.0-255,66,82403,19,274173
27964,0.000894,74.125.24.0-255,2184,84587,19,274173
27965,0.000898,172.31.36.0-255,66,84653,19,274173
27966,0.000923,74.125.24.0-255,2902,87555,19,274173
27967,0.000927,172.31.36.0-255,66,87621,19,274173
27968,0.000933,74.125.24.0-255,4320,91941,19,274173
27969,0.000935,172.31.36.0-255,66,92007,19,274173
27970,0.000967,74.125.24.0-255,2902,94909,19,274173
27971,0.00097,172.31.36.0-255,66,94975,19,274173
27972,0.000984,172.31.36.0-255,66,95041,19,274173
27973,0.000989,74.125.24.0-255,4320,99361,19,274173
27974,0.000992,172.31.36.0-255,66,99427,19,274173
27975,0.001023,74.125.24.0-255,7856,107283,19,274173
27976,0.001026,172.31.36.0-255,66,107349,19,274173
27977,0.001051,74.125.24.0-255,1484,108833,19,274173
27978,0.001056,74.125.24.0-255,2902,111735,19,274173
27979,0.001058,172.31.36.0-255,66,111801,19,274173
27980,0.001065,74.125.24.0-255,5738,117539,19,274173
27981,0.001068,172.31.36.0-255,66,117605,19,274173
27982,0.001071,74.125.24.0-255,1484,119089,19,274173
27983,0.001106,172.31.36.0-255,66,119155,19,274173
27984,0.00111,74.125.24.0-255,1484,120639,19,274173
27985,0.001136,74.125.24.0-255,4320,124959,19,274173
27986,0.00114,172.31.36.0-255,66,125025,19,274173
27987,0.001168,74.125.24.0-255,5020,130045,19,274173
27988,0.001172,172.31.36.0-255,66,130111,19,274173
27989,0.001197,74.125.24.0-255,1484,131595,19,274173
27990,0.001211,74.125.24.0-255,2902,134497,19,274173
27991,0.001214,172.31.36.0-255,66,134563,19,274173
27992,0.001219,74.125.24.0-255,2902,137465,19,274173
27993,0.001221,172.31.36.0-255,66,137531,19,274173
27994,0.001239,74.125.24.0-255,2902,140433,19,274173
27995,0.001247,172.31.36.0-255,66,140499,19,274173
27996,0.00125,74.125.24.0-255,1484,141983,19,274173
27997,0.001273,74.125.24.0-255,5738,147721,19,274173
27998,0.001276,172.31.36.0-255,66,147787,19,274173
27999,0.001303,74.125.24.0-255,5738,153525,19,274173
28000,0.001306,172.31.36.0-255,66,153591,19,274173
28001,0.001311,74.125.24.0-255,2902,156493,19,274173
28002,0.001313,172.31.36.0-255,66,156559,19,274173
28003,0.001342,74.125.24.0-255,7856,164415,19,274173
28004,0.001346,172.31.36.0-255,66,164481,19,274173
28005,0.001542,74.125.24.0-255,1484,165965,19,274173
28006,0.001548,74.125.24.0-255,2902,168867,19,274173
28007,0.001552,172.31.36.0-255,66,168933,19,274173
28008,0.001561,74.125.24.0-255,2902,171835,19,274173
28009,0.001563,172.31.36.0-255,66,171901,19,274173
28010,0.001581,74.125.24.0-255,2902,174803,19,274173
28011,0.001589,172.31.36.0-255,66,174869,19,274173
28012,0.001594,74.125.24.0-255,2902,177771,19,274173
28013,0.001596,172.31.36.0-255,66,177837,19,274173
28014,0.001632,74.125.24.0-255,9992,187829,19,274173
28015,0.001636,172.31.36.0-255,66,187895,19,274173
28016,0.001642,74.125.24.0-255,2902,190797,19,274173
28017,0.001644,172.31.36.0-255,66,190863,19,274173
28018,0.001675,74.125.24.0-255,7856,198719,19,274173
28019,0.001679,172.31.36.0-255,66,198785,19,274173
28020,0.001687,172.31.36.0-255,66,198851,19,274173
28021,0.0017,172.31.36.0-255,66,198917,19,274173
28022,0.001761,74.125.24.0-255,10692,209609,19,274173
28023,0.001766,172.31.36.0-255,66,209675,19,274173
28024,0.001795,74.125.24.0-255,9992,219667,19,274173
28025,0.001798,172.31.36.0-255,66,219733,19,274173
28026,0.001821,74.125.24.0-255,1484,221217,19,274173
28027,0.001824,74.125.24.0-255,1484,222701,19,274173
28028,0.001828,172.31.36.0-255,66,222767,19,274173
28029,0.001837,172.31.36.0-255,66,222833,19,274173
28030,0.001866,74.125.24.0-255,2902,225735,19,274173
28031,0.00187,172.31.36.0-255,66,225801,19,274173
28032,0.001877,74.125.24.0-255,6438,232239,19,274173
28033,0.00188,172.31.36.0-255,66,232305,19,274173
28034,0.001896,74.125.24.0-255,1484,233789,19,274173
28035,0.001904,74.125.24.0-255,1484,235273,19,274173
28036,0.001907,172.31.36.0-255,66,235339,19,274173
28037,0.001932,74.125.24.0-255,1484,236823,19,274173
28038,0.001939,74.125.24.0-255,5738,242561,19,274173
28039,0.001942,172.31.36.0-255,66,242627,19,274173
28040,0.001953,172.31.36.0-255,66,242693,19,274173
28041,0.00198,74.125.24.0-255,1484,244177,19,274173
28042,0.001989,74.125.24.0-255,8574,252751,19,274173
28043,0.001991,172.31.36.0-255,66,252817,19,274173
28044,0.002016,74.125.24.0-255,5020,257837,19,274173
28045,0.002019,172.31.36.0-255,66,257903,19,274173
28046,0.002027,74.125.24.0-255,9992,267895,19,274173
28047,0.00203,172.31.36.0-255,66,267961,19,274173
28048,0.002088,74.125.24.0-255,5738,273699,19,274173
28049,0.002092,172.31.36.0-255,66,273765,19,274173
28050,0.002125,172.31.36.0-255,66,273831,19,274173
28051,0.002129,74.125.24.0-255,105,273936,19,274173
28052,0.003463,172.31.36.0-255,66,274002,19,274173
28053,0.003489,172.31.36.0-255,105,274107,19,274173
28054,0.005812,74.125.24.0-255,66,274173,19,274173
28055,0.0,172.217.194.0-255,146,146,19,285546
28056,3.3e-05,172.31.36.0-255,66,212,19,285546
28057,4e-05,172.217.194.0-255,1484,1696,19,285546
28058,4.4e-05,172.31.36.0-255,66,1762,19,285546
28059,5e-05,172.217.194.0-255,2902,4664,19,285546
28060,5.2e-05,172.31.36.0-255,66,4730,19,285546
28061,5.9e-05,172.217.194.0-255,7156,11886,19,285546
28062,6.2e-05,172.31.36.0-255,66,11952,19,285546
28063,0.000108,172.217.194.0-255,9156,21108,19,285546
28064,0.000111,172.31.36.0-255,66,21174,19,285546
28065,0.000119,172.217.194.0-255,9633,30807,19,285546
28066,0.000121,172.31.36.0-255,66,30873,19,285546
28067,0.000373,172.217.194.0-255,1484,32357,19,285546
28068,0.000378,172.31.36.0-255,66,32423,19,285546
28069,0.000384,172.217.194.0-255,2902,35325,19,285546
28070,0.000387,172.31.36.0-255,66,35391,19,285546
28071,0.000415,172.217.194.0-255,5738,41129,19,285546
28072,0.000419,172.31.36.0-255,66,41195,19,285546
28073,0.000458,172.217.194.0-255,7156,48351,19,285546
28074,0.000461,172.31.36.0-255,66,48417,19,285546
28075,0.000478,172.217.194.0-255,6797,55214,19,285546
28076,0.000481,172.31.36.0-255,66,55280,19,285546
28077,0.000488,172.217.194.0-255,7156,62436,19,285546
28078,0.00049,172.31.36.0-255,66,62502,19,285546
28079,0.000512,172.217.194.0-255,2543,65045,19,285546
28080,0.000515,172.31.36.0-255,66,65111,19,285546
28081,0.000517,172.217.194.0-255,361,65472,19,285546
28082,0.00052,172.31.36.0-255,66,65538,19,285546
28083,0.000522,172.217.194.0-255,382,65920,19,285546
28084,0.000525,172.31.36.0-255,66,65986,19,285546
28085,0.000922,172.217.194.0-255,1484,67470,19,285546
28086,0.000927,172.31.36.0-255,66,67536,19,285546
28087,0.000937,172.217.194.0-255,2902,70438,19,285546
28088,0.000945,172.217.194.0-255,5738,76176,19,285546
28089,0.000963,172.217.194.0-255,7156,83332,19,285546
28090,0.000977,172.217.194.0-255,1484,84816,19,285546
28091,0.001019,172.217.194.0-255,7156,91972,19,285546
28092,0.001045,172.217.194.0-255,7856,99828,19,285546
28093,0.001197,172.217.194.0-255,1484,101312,19,285546
28094,0.001203,172.217.194.0-255,2902,104214,19,285546
28095,0.001214,172.217.194.0-255,1484,105698,19,285546
28096,0.001226,172.217.194.0-255,4320,110018,19,285546
28097,0.00126,172.217.194.0-255,7156,117174,19,285546
28098,0.001312,172.217.194.0-255,3602,120776,19,285546
28099,0.00134,172.217.194.0-255,4320,125096,19,285546
28100,0.001354,172.217.194.0-255,2902,127998,19,285546
28101,0.001372,172.217.194.0-255,7156,135154,19,285546
28102,0.001377,172.217.194.0-255,2902,138056,19,285546
28103,0.00141,172.217.194.0-255,1484,139540,19,285546
28104,0.001434,172.217.194.0-255,3602,143142,19,285546
28105,0.001571,172.217.194.0-255,1484,144626,19,285546
28106,0.001583,172.217.194.0-255,2902,147528,19,285546
28107,0.001587,172.217.194.0-255,2902,150430,19,285546
28108,0.001604,172.217.194.0-255,2902,153332,19,285546
28109,0.001606,172.217.194.0-255,1484,154816,19,285546
28110,0.001624,172.217.194.0-255,4320,159136,19,285546
28111,0.001636,172.217.194.0-255,4320,163456,19,285546
28112,0.001659,172.217.194.0-255,8574,172030,19,285546
28113,0.001664,172.217.194.0-255,5020,177050,19,285546
28114,0.001786,172.217.194.0-255,1484,178534,19,285546
28115,0.001789,172.217.194.0-255,1484,180018,19,285546
28116,0.001801,172.217.194.0-255,1484,181502,19,285546
28117,0.001807,172.217.194.0-255,5738,187240,19,285546
28118,0.001828,172.217.194.0-255,5738,192978,19,285546
28119,0.00184,172.217.194.0-255,4320,197298,19,285546
28120,0.001861,172.217.194.0-255,8574,205872,19,285546
28121,0.001874,172.217.194.0-255,2902,208774,19,285546
28122,0.001892,172.217.194.0-255,2184,210958,19,285546
28123,0.001943,172.217.194.0-255,1484,212442,19,285546
28124,0.001946,172.217.194.0-255,1484,213926,19,285546
28125,0.001959,172.217.194.0-255,1484,215410,19,285546
28126,0.001962,172.217.194.0-255,1484,216894,19,285546
28127,0.001981,172.217.194.0-255,4320,221214,19,285546
28128,0.002018,172.217.194.0-255,4320,225534,19,285546
28129,0.002038,172.217.194.0-255,6438,231972,19,285546
28130,0.002065,172.217.194.0-255,7156,239128,19,285546
28131,0.002085,172.217.194.0-255,4320,243448,19,285546
28132,0.002102,172.217.194.0-255,4320,247768,19,285546
28133,0.002115,172.217.194.0-255,5738,253506,19,285546
28134,0.002126,172.217.194.0-255,4320,257826,19,285546
28135,0.002148,172.217.194.0-255,8574,266400,19,285546
28136,0.002219,172.217.194.0-255,6438,272838,19,285546
28137,0.002246,172.217.194.0-255,2902,275740,19,285546
28138,0.00232,172.217.194.0-255,4320,280060,19,285546
28139,0.002412,172.217.194.0-255,1484,281544,19,285546
28140,0.002451,172.217.194.0-255,3660,285204,19,285546
28141,0.002454,172.217.194.0-255,105,285309,19,285546
28142,0.006338,172.31.36.0-255,66,285375,19,285546
28143,0.009151,172.31.36.0-255,105,285480,19,285546
28144,0.011637,172.217.194.0-255,66,285546,19,285546
28145,0.0,172.217.194.0-255,298,298,19,295228
28146,2.6e-05,172.31.36.0-255,66,364,19,295228
28147,3.2e-05,172.217.194.0-255,1484,1848,19,295228
28148,3.7e-05,172.31.36.0-255,66,1914,19,295228
28149,4.4e-05,172.217.194.0-255,4320,6234,19,295228
28150,4.6e-05,172.31.36.0-255,66,6300,19,295228
28151,5.4e-05,172.217.194.0-255,7493,13793,19,295228
28152,5.7e-05,172.31.36.0-255,66,13859,19,295228
28153,6.6e-05,172.217.194.0-255,8574,22433,19,295228
28154,6.9e-05,172.31.36.0-255,66,22499,19,295228
28155,7.8e-05,172.217.194.0-255,8215,30714,19,295228
28156,8.1e-05,172.31.36.0-255,66,30780,19,295228
28157,0.000143,172.217.194.0-255,8574,39354,19,295228
28158,0.000147,172.31.36.0-255,66,39420,19,295228
28159,0.000153,172.217.194.0-255,5738,45158,19,295228
28160,0.000156,172.31.36.0-255,66,45224,19,295228
28161,0.000183,172.217.194.0-255,2543,47767,19,295228
28162,0.000186,172.31.36.0-255,66,47833,19,295228
28163,0.000191,172.217.194.0-255,2902,50735,19,295228
28164,0.000193,172.31.36.0-255,66,50801,19,295228
28165,0.000199,172.217.194.0-255,4320,55121,19,295228
28166,0.000201,172.31.36.0-255,66,55187,19,295228
28167,0.000229,172.217.194.0-255,2902,58089,19,295228
28168,0.000231,172.31.36.0-255,66,58155,19,295228
28169,0.000239,172.217.194.0-255,7111,65266,19,295228
28170,0.000242,172.31.36.0-255,66,65332,19,295228
28171,0.000246,172.217.194.0-255,99,65431,19,295228
28172,0.000248,172.31.36.0-255,66,65497,19,295228
28173,0.000327,172.217.194.0-255,1484,66981,19,295228
28174,0.000331,172.31.36.0-255,66,67047,19,295228
28175,0.000336,172.217.194.0-255,2902,69949,19,295228
28176,0.000338,172.31.36.0-255,66,70015,19,295228
28177,0.000355,172.217.194.0-255,5738,75753,19,295228
28178,0.000358,172.31.36.0-255,66,75819,19,295228
28179,0.000389,172.217.194.0-255,4320,80139,19,295228
28180,0.000391,172.31.36.0-255,66,80205,19,295228
28181,0.000421,172.217.194.0-255,9633,89838,19,295228
28182,0.000424,172.31.36.0-255,66,89904,19,295228
28183,0.000448,172.217.194.0-255,1484,91388,19,295228
28184,0.000464,172.217.194.0-255,5738,97126,19,295228
28185,0.000467,172.31.36.0-255,66,97192,19,295228
28186,0.000485,172.217.194.0-255,2839,100031,19,295228
28187,0.000488,172.31.36.0-255,66,100097,19,295228
28188,0.001083,172.217.194.0-255,1484,101581,19,295228
28189,0.00109,172.217.194.0-255,2902,104483,19,295228
28190,0.001093,172.31.36.0-255,66,104549,19,295228
28191,0.001099,172.217.194.0-255,2902,107451,19,295228
28192,0.001101,172.31.36.0-255,66,107517,19,295228
28193,0.00112,172.217.194.0-255,2902,110419,19,295228
28194,0.001123,172.31.36.0-255,66,110485,19,295228
28195,0.001136,172.31.36.0-255,66,110551,19,295228
28196,0.00114,172.217.194.0-255,1484,112035,19,295228
28197,0.001167,172.217.194.0-255,9274,121309,19,295228
28198,0.00117,172.31.36.0-255,66,121375,19,295228
28199,0.001383,172.217.194.0-255,1484,122859,19,295228
28200,0.001397,172.217.194.0-255,2902,125761,19,295228
28201,0.001401,172.31.36.0-255,66,125827,19,295228
28202,0.001424,172.217.194.0-255,5738,131565,19,295228
28203,0.001427,172.31.36.0-255,66,131631,19,295228
28204,0.001474,172.217.194.0-255,5738,137369,19,295228
28205,0.001478,172.31.36.0-255,66,137435,19,295228
28206,0.001481,172.31.36.0-255,66,137501,19,295228
28207,0.001513,172.217.194.0-255,2902,140403,19,295228
28208,0.001516,172.31.36.0-255,66,140469,19,295228
28209,0.001538,172.217.194.0-255,2184,142653,19,295228
28210,0.001544,172.217.194.0-255,5738,148391,19,295228
28211,0.001547,172.31.36.0-255,66,148457,19,295228
28212,0.001551,172.31.36.0-255,66,148523,19,295228
28213,0.001565,172.217.194.0-255,4320,152843,19,295228
28214,0.001567,172.31.36.0-255,66,152909,19,295228
28215,0.001601,172.217.194.0-255,8574,161483,19,295228
28216,0.001604,172.31.36.0-255,66,161549,19,295228
28217,0.001612,172.217.194.0-255,7156,168705,19,295228
28218,0.001615,172.31.36.0-255,66,168771,19,295228
28219,0.001623,172.217.194.0-255,7856,176627,19,295228
28220,0.001625,172.31.36.0-255,66,176693,19,295228
28221,0.001699,172.217.194.0-255,1484,178177,19,295228
28222,0.001705,172.217.194.0-255,2902,181079,19,295228
28223,0.001707,172.31.36.0-255,66,181145,19,295228
28224,0.001728,172.217.194.0-255,5738,186883,19,295228
28225,0.001731,172.31.36.0-255,66,186949,19,295228
28226,0.001773,172.31.36.0-255,66,187015,19,295228
28227,0.001816,172.217.194.0-255,8574,195589,19,295228
28228,0.001819,172.31.36.0-255,66,195655,19,295228
28229,0.001836,172.217.194.0-255,1484,197139,19,295228
28230,0.001865,172.31.36.0-255,66,197205,19,295228
28231,0.001874,172.217.194.0-255,9274,206479,19,295228
28232,0.001878,172.31.36.0-255,66,206545,19,295228
28233,0.001989,172.217.194.0-255,1484,208029,19,295228
28234,0.001994,172.217.194.0-255,2902,210931,19,295228
28235,0.001997,172.31.36.0-255,66,210997,19,295228
28236,0.002023,172.217.194.0-255,5738,216735,19,295228
28237,0.002026,172.31.36.0-255,66,216801,19,295228
28238,0.002039,172.31.36.0-255,66,216867,19,295228
28239,0.002063,172.217.194.0-255,1484,218351,19,295228
28240,0.002072,172.217.194.0-255,9992,228343,19,295228
28241,0.002075,172.31.36.0-255,66,228409,19,295228
28242,0.002078,172.217.194.0-255,766,229175,19,295228
28243,0.002146,172.217.194.0-255,1484,230659,19,295228
28244,0.002149,172.31.36.0-255,66,230725,19,295228
28245,0.002182,172.217.194.0-255,2902,233627,19,295228
28246,0.002185,172.31.36.0-255,66,233693,19,295228
28247,0.002191,172.217.194.0-255,5738,239431,19,295228
28248,0.002193,172.31.36.0-255,66,239497,19,295228
28249,0.002198,172.217.194.0-255,2902,242399,19,295228
28250,0.0022,172.31.36.0-255,66,242465,19,295228
28251,0.002223,172.217.194.0-255,5738,248203,19,295228
28252,0.002226,172.31.36.0-255,66,248269,19,295228
28253,0.002231,172.217.194.0-255,4320,252589,19,295228
28254,0.002234,172.31.36.0-255,66,252655,19,295228
28255,0.00227,172.31.36.0-255,66,252721,19,295228
28256,0.002277,172.217.194.0-255,5738,258459,19,295228
28257,0.00228,172.31.36.0-255,66,258525,19,295228
28258,0.002306,172.31.36.0-255,66,258591,19,295228
28259,0.002319,172.31.36.0-255,66,258657,19,295228
28260,0.002337,172.217.194.0-255,3602,262259,19,295228
28261,0.002339,172.31.36.0-255,66,262325,19,295228
28262,0.004559,172.217.194.0-255,5738,268063,19,295228
28263,0.004566,172.31.36.0-255,66,268129,19,295228
28264,0.006801,172.217.194.0-255,5738,273867,19,295228
28265,0.006808,172.31.36.0-255,66,273933,19,295228
28266,0.009037,172.217.194.0-255,5738,279671,19,295228
28267,0.009044,172.31.36.0-255,66,279737,19,295228
28268,0.011274,172.217.194.0-255,5738,285475,19,295228
28269,0.011281,172.31.36.0-255,66,285541,19,295228
28270,0.013513,172.217.194.0-255,5738,291279,19,295228
28271,0.013521,172.31.36.0-255,66,291345,19,295228
28272,0.01575,172.217.194.0-255,3817,295162,19,295228
28273,0.015758,172.31.36.0-255,66,295228,19,295228
28274,0.0,74.125.24.0-255,146,146,19,244133
28275,2.4e-05,172.31.36.0-255,66,212,19,244133
28276,3.2e-05,74.125.24.0-255,1484,1696,19,244133
28277,3.6e-05,172.31.36.0-255,66,1762,19,244133
28278,4.2e-05,74.125.24.0-255,2902,4664,19,244133
28279,5.4e-05,172.31.36.0-255,66,4730,19,244133
28280,6.1e-05,74.125.24.0-255,5738,10468,19,244133
28281,6.4e-05,172.31.36.0-255,66,10534,19,244133
28282,9e-05,74.125.24.0-255,5738,16272,19,244133
28283,9.3e-05,172.31.36.0-255,66,16338,19,244133
28284,0.000121,74.125.24.0-255,2100,18438,19,244133
28285,0.000128,172.31.36.0-255,66,18504,19,244133
28286,0.000137,74.125.24.0-255,8574,27078,19,244133
28287,0.00014,172.31.36.0-255,66,27144,19,244133
28288,0.000145,74.125.24.0-255,3961,31105,19,244133
28289,0.000147,172.31.36.0-255,66,31171,19,244133
28290,0.000186,74.125.24.0-255,1484,32655,19,244133
28291,0.000188,172.31.36.0-255,66,32721,19,244133
28292,0.000193,74.125.24.0-255,2902,35623,19,244133
28293,0.000196,172.31.36.0-255,66,35689,19,244133
28294,0.000199,74.125.24.0-255,1484,37173,19,244133
28295,0.000201,172.31.36.0-255,66,37239,19,244133
28296,0.000218,74.125.24.0-255,4320,41559,19,244133
28297,0.000222,172.31.36.0-255,66,41625,19,244133
28298,0.000229,74.125.24.0-255,7156,48781,19,244133
28299,0.000231,172.31.36.0-255,66,48847,19,244133
28300,0.000267,74.125.24.0-255,5738,54585,19,244133
28301,0.00027,172.31.36.0-255,66,54651,19,244133
28302,0.000279,74.125.24.0-255,8574,63225,19,244133
28303,0.000281,172.31.36.0-255,66,63291,19,244133
28304,0.00029,74.125.24.0-255,2480,65771,19,244133
28305,0.000292,172.31.36.0-255,66,65837,19,244133
28306,0.000314,74.125.24.0-255,412,66249,19,244133
28307,0.000435,74.125.24.0-255,1484,67733,19,244133
28308,0.000442,74.125.24.0-255,2902,70635,19,244133
28309,0.000469,74.125.24.0-255,5738,76373,19,244133
28310,0.000497,74.125.24.0-255,5738,82111,19,244133
28311,0.000519,74.125.24.0-255,3961,86072,19,244133
28312,0.000527,74.125.24.0-255,7156,93228,19,244133
28313,0.00054,74.125.24.0-255,2902,96130,19,244133
28314,0.000557,74.125.24.0-255,3961,100091,19,244133
28315,0.000636,172.31.36.0-255,66,100157,19,244133
28316,0.001125,74.125.24.0-255,1484,101641,19,244133
28317,0.001144,74.125.24.0-255,2902,104543,19,244133
28318,0.001147,172.31.36.0-255,66,104609,19,244133
28319,0.001155,74.125.24.0-255,5738,110347,19,244133
28320,0.001191,172.31.36.0-255,66,110413,19,244133
28321,0.001206,74.125.24.0-255,10692,121105,19,244133
28322,0.001251,172.31.36.0-255,66,121171,19,244133
28323,0.00135,74.125.24.0-255,1484,122655,19,244133
28324,0.001355,74.125.24.0-255,2902,125557,19,244133
28325,0.001361,172.31.36.0-255,66,125623,19,244133
28326,0.001391,74.125.24.0-255,5738,131361,19,244133
28327,0.001412,172.31.36.0-255,66,131427,19,244133
28328,0.001447,74.125.24.0-255,7156,138583,19,244133
28329,0.001463,172.31.36.0-255,66,138649,19,244133
28330,0.001469,74.125.24.0-255,3602,142251,19,244133
28331,0.001474,172.31.36.0-255,66,142317,19,244133
28332,0.001818,74.125.24.0-255,1484,143801,19,244133
28333,0.001826,74.125.24.0-255,2902,146703,19,244133
28334,0.001829,172.31.36.0-255,66,146769,19,244133
28335,0.001833,74.125.24.0-255,1484,148253,19,244133
28336,0.00185,74.125.24.0-255,4320,152573,19,244133
28337,0.001853,74.125.24.0-255,1484,154057,19,244133
28338,0.001864,74.125.24.0-255,2902,156959,19,244133
28339,0.001868,172.31.36.0-255,66,157025,19,244133
28340,0.001904,74.125.24.0-255,8574,165599,19,244133
28341,0.001913,74.125.24.0-255,8574,174173,19,244133
28342,0.001916,74.125.24.0-255,2184,176357,19,244133
28343,0.001925,172.31.36.0-255,66,176423,19,244133
28344,0.001966,74.125.24.0-255,1484,177907,19,244133
28345,0.001972,74.125.24.0-255,2902,180809,19,244133
28346,0.001989,172.31.36.0-255,66,180875,19,244133
28347,0.002018,74.125.24.0-255,5738,186613,19,244133
28348,0.002051,74.125.24.0-255,5738,192351,19,244133
28349,0.002061,172.31.36.0-255,66,192417,19,244133
28350,0.002072,74.125.24.0-255,5020,197437,19,244133
28351,0.002082,172.31.36.0-255,66,197503,19,244133
28352,0.002152,172.31.36.0-255,66,197569,19,244133
28353,0.004187,74.125.24.0-255,5738,203307,19,244133
28354,0.004194,172.31.36.0-255,66,203373,19,244133
28355,0.006228,74.125.24.0-255,2902,206275,19,244133
28356,0.006232,172.31.36.0-255,66,206341,19,244133
28357,0.006249,74.125.24.0-255,2902,209243,19,244133
28358,0.006251,172.31.36.0-255,66,209309,19,244133
28359,0.00826,74.125.24.0-255,5738,215047,19,244133
28360,0.008877,172.31.36.0-255,66,215113,19,244133
28361,0.010927,74.125.24.0-255,5738,220851,19,244133
28362,0.01094,172.31.36.0-255,66,220917,19,244133
28363,0.013001,74.125.24.0-255,5738,226655,19,244133
28364,0.013009,172.31.36.0-255,66,226721,19,244133
28365,0.015056,74.125.24.0-255,5738,232459,19,244133
28366,0.015063,172.31.36.0-255,66,232525,19,244133
28367,0.017101,74.125.24.0-255,5738,238263,19,244133
28368,0.017111,172.31.36.0-255,66,238329,19,244133
28369,0.019154,74.125.24.0-255,5738,244067,19,244133
28370,0.019162,172.31.36.0-255,66,244133,19,244133
28371,0.0,172.253.118.0-255,153,153,19,175521
28372,2.9e-05,172.31.36.0-255,66,219,19,175521
28373,3.6e-05,172.253.118.0-255,1484,1703,19,175521
28374,4e-05,172.31.36.0-255,66,1769,19,175521
28375,4.4e-05,172.253.118.0-255,2902,4671,19,175521
28376,4.6e-05,172.31.36.0-255,66,4737,19,175521
28377,5.9e-05,172.253.118.0-255,2902,7639,19,175521
28378,6.1e-05,172.31.36.0-255,66,7705,19,175521
28379,6.6e-05,172.253.118.0-255,4320,12025,19,175521
28380,6.8e-05,172.31.36.0-255,66,12091,19,175521
28381,9.8e-05,172.253.118.0-255,2064,14155,19,175521
28382,0.000101,172.31.36.0-255,66,14221,19,175521
28383,0.001392,172.253.118.0-255,1484,15705,19,175521
28384,0.001399,172.31.36.0-255,66,15771,19,175521
28385,0.001409,172.253.118.0-255,2902,18673,19,175521
28386,0.001411,172.31.36.0-255,66,18739,19,175521
28387,0.001423,172.253.118.0-255,5738,24477,19,175521
28388,0.001424,172.31.36.0-255,66,24543,19,175521
28389,0.001432,172.253.118.0-255,6797,31340,19,175521
28390,0.001434,172.31.36.0-255,66,31406,19,175521
28391,0.001547,172.253.118.0-255,1484,32890,19,175521
28392,0.001552,172.31.36.0-255,66,32956,19,175521
28393,0.001557,172.253.118.0-255,2902,35858,19,175521
28394,0.001559,172.31.36.0-255,66,35924,19,175521
28395,0.001606,172.253.118.0-255,5738,41662,19,175521
28396,0.001611,172.253.118.0-255,5738,47400,19,175521
28397,0.001617,172.31.36.0-255,66,47466,19,175521
28398,0.00162,172.31.36.0-255,66,47532,19,175521
28399,0.001632,172.253.118.0-255,8215,55747,19,175521
28400,0.001639,172.31.36.0-255,66,55813,19,175521
28401,0.001648,172.253.118.0-255,9633,65446,19,175521
28402,0.00165,172.31.36.0-255,66,65512,19,175521
28403,0.00167,172.253.118.0-255,447,65959,19,175521
28404,0.001703,172.253.118.0-255,326,66285,19,175521
28405,0.001882,172.253.118.0-255,1484,67769,19,175521
28406,0.001887,172.31.36.0-255,66,67835,19,175521
28407,0.001892,172.253.118.0-255,2902,70737,19,175521
28408,0.001894,172.31.36.0-255,66,70803,19,175521
28409,0.001925,172.253.118.0-255,5738,76541,19,175521
28410,0.001927,172.31.36.0-255,66,76607,19,175521
28411,0.001932,172.253.118.0-255,4320,80927,19,175521
28412,0.001933,172.31.36.0-255,66,80993,19,175521
28413,0.001952,172.253.118.0-255,2543,83536,19,175521
28414,0.00196,172.31.36.0-255,66,83602,19,175521
28415,0.001971,172.253.118.0-255,4320,87922,19,175521
28416,0.001973,172.31.36.0-255,66,87988,19,175521
28417,0.002002,172.253.118.0-255,2902,90890,19,175521
28418,0.002005,172.31.36.0-255,66,90956,19,175521
28419,0.002013,172.253.118.0-255,8574,99530,19,175521
28420,0.002015,172.31.36.0-255,66,99596,19,175521
28421,0.002022,172.253.118.0-255,1125,100721,19,175521
28422,0.002202,172.253.118.0-255,1484,102205,19,175521
28423,0.002205,172.31.36.0-255,66,102271,19,175521
28424,0.00221,172.253.118.0-255,2902,105173,19,175521
28425,0.002212,172.31.36.0-255,66,105239,19,175521
28426,0.002231,172.253.118.0-255,5738,110977,19,175521
28427,0.002233,172.31.36.0-255,66,111043,19,175521
28428,0.00224,172.253.118.0-255,1484,112527,19,175521
28429,0.002264,172.253.118.0-255,7156,119683,19,175521
28430,0.002266,172.31.36.0-255,66,119749,19,175521
28431,0.002295,172.253.118.0-255,5738,125487,19,175521
28432,0.002298,172.31.36.0-255,66,125553,19,175521
28433,0.002307,172.253.118.0-255,9274,134827,19,175521
28434,0.002309,172.31.36.0-255,66,134893,19,175521
28435,0.004592,172.253.118.0-255,5738,140631,19,175521
28436,0.004599,172.31.36.0-255,66,140697,19,175521
28437,0.006891,172.253.118.0-255,5738,146435,19,175521
28438,0.006898,172.31.36.0-255,66,146501,19,175521
28439,0.009202,172.253.118.0-255,5738,152239,19,175521
28440,0.00921,172.31.36.0-255,66,152305,19,175521
28441,0.011529,172.253.118.0-255,5738,158043,19,175521
28442,0.011539,172.31.36.0-255,66,158109,19,175521
28443,0.013843,172.253.118.0-255,5738,163847,19,175521
28444,0.013853,172.31.36.0-255,66,163913,19,175521
28445,0.01617,172.253.118.0-255,5738,169651,19,175521
28446,0.016178,172.31.36.0-255,66,169717,19,175521
28447,0.018462,172.253.118.0-255,5738,175455,19,175521
28448,0.018471,172.31.36.0-255,66,175521,19,175521
28449,0.0,172.217.194.0-255,152,152,19,176710
28450,2.2e-05,172.31.36.0-255,66,218,19,176710
28451,2.8e-05,172.217.194.0-255,1484,1702,19,176710
28452,3.1e-05,172.31.36.0-255,66,1768,19,176710
28453,3.5e-05,172.217.194.0-255,2902,4670,19,176710
28454,3.7e-05,172.31.36.0-255,66,4736,19,176710
28455,5.1e-05,172.217.194.0-255,7156,11892,19,176710
28456,5.4e-05,172.31.36.0-255,66,11958,19,176710
28457,6e-05,172.217.194.0-255,4877,16835,19,176710
28458,6.3e-05,172.31.36.0-255,66,16901,19,176710
28459,9e-05,172.217.194.0-255,7156,24057,19,176710
28460,9.4e-05,172.31.36.0-255,66,24123,19,176710
28461,0.00012,172.217.194.0-255,6797,30920,19,176710
28462,0.000123,172.31.36.0-255,66,30986,19,176710
28463,0.00016,172.217.194.0-255,1484,32470,19,176710
28464,0.000163,172.31.36.0-255,66,32536,19,176710
28465,0.000166,172.217.194.0-255,1484,34020,19,176710
28466,0.000167,172.31.36.0-255,66,34086,19,176710
28467,0.000197,172.217.194.0-255,1484,35570,19,176710
28468,0.0002,172.31.36.0-255,66,35636,19,176710
28469,0.000207,172.217.194.0-255,5738,41374,19,176710
28470,0.00021,172.31.36.0-255,66,41440,19,176710
28471,0.000217,172.217.194.0-255,8215,49655,19,176710
28472,0.00022,172.31.36.0-255,66,49721,19,176710
28473,0.000225,172.217.194.0-255,4320,54041,19,176710
28474,0.000227,172.31.36.0-255,66,54107,19,176710
28475,0.000261,172.217.194.0-255,4320,58427,19,176710
28476,0.000265,172.31.36.0-255,66,58493,19,176710
28477,0.000272,172.217.194.0-255,4320,62813,19,176710
28478,0.000275,172.31.36.0-255,66,62879,19,176710
28479,0.000303,172.217.194.0-255,2797,65676,19,176710
28480,0.000306,172.31.36.0-255,66,65742,19,176710
28481,0.00036,172.217.194.0-255,120,65862,19,176710
28482,0.000446,172.217.194.0-255,1484,67346,19,176710
28483,0.00045,172.31.36.0-255,66,67412,19,176710
28484,0.000454,172.217.194.0-255,1484,68896,19,176710
28485,0.000479,172.217.194.0-255,1484,70380,19,176710
28486,0.000482,172.31.36.0-255,66,70446,19,176710
28487,0.000512,172.217.194.0-255,5738,76184,19,176710
28488,0.000516,172.31.36.0-255,66,76250,19,176710
28489,0.000523,172.217.194.0-255,6529,82779,19,176710
28490,0.000525,172.31.36.0-255,66,82845,19,176710
28491,0.000553,172.217.194.0-255,1484,84329,19,176710
28492,0.000558,172.217.194.0-255,2902,87231,19,176710
28493,0.000562,172.31.36.0-255,66,87297,19,176710
28494,0.000565,172.217.194.0-255,1484,88781,19,176710
28495,0.000595,172.217.194.0-255,4320,93101,19,176710
28496,0.000602,172.31.36.0-255,66,93167,19,176710
28497,0.000612,172.217.194.0-255,6797,99964,19,176710
28498,0.000615,172.31.36.0-255,66,100030,19,176710
28499,0.001105,172.217.194.0-255,1484,101514,19,176710
28500,0.001133,172.217.194.0-255,1484,102998,19,176710
28501,0.001137,172.31.36.0-255,66,103064,19,176710
28502,0.001171,172.217.194.0-255,1484,104548,19,176710
28503,0.001177,172.217.194.0-255,5738,110286,19,176710
28504,0.00118,172.31.36.0-255,66,110352,19,176710
28505,0.001192,172.31.36.0-255,66,110418,19,176710
28506,0.001225,172.217.194.0-255,2902,113320,19,176710
28507,0.001228,172.31.36.0-255,66,113386,19,176710
28508,0.001253,172.217.194.0-255,7856,121242,19,176710
28509,0.001256,172.31.36.0-255,66,121308,19,176710
28510,0.002234,172.217.194.0-255,1484,122792,19,176710
28511,0.002241,172.217.194.0-255,2902,125694,19,176710
28512,0.002245,172.31.36.0-255,66,125760,19,176710
28513,0.002252,172.217.194.0-255,5738,131498,19,176710
28514,0.002253,172.31.36.0-255,66,131564,19,176710
28515,0.002289,172.31.36.0-255,66,131630,19,176710
28516,0.002294,172.217.194.0-255,4320,135950,19,176710
28517,0.002296,172.31.36.0-255,66,136016,19,176710
28518,0.004548,172.217.194.0-255,5738,141754,19,176710
28519,0.004554,172.31.36.0-255,66,141820,19,176710
28520,0.006802,172.217.194.0-255,5738,147558,19,176710
28521,0.006808,172.31.36.0-255,66,147624,19,176710
28522,0.009064,172.217.194.0-255,5738,153362,19,176710
28523,0.00907,172.31.36.0-255,66,153428,19,176710
28524,0.011327,172.217.194.0-255,1484,154912,19,176710
28525,0.011345,172.217.194.0-255,4320,159232,19,176710
28526,0.011349,172.31.36.0-255,66,159298,19,176710
28527,0.013602,172.217.194.0-255,5738,165036,19,176710
28528,0.013611,172.31.36.0-255,66,165102,19,176710
28529,0.01587,172.217.194.0-255,5738,170840,19,176710
28530,0.015877,172.31.36.0-255,66,170906,19,176710
28531,0.018149,172.217.194.0-255,5738,176644,19,176710
28532,0.018156,172.31.36.0-255,66,176710,19,176710
28533,0.0,172.217.194.0-255,150,150,19,190166
28534,2.2e-05,172.31.36.0-255,66,216,19,190166
28535,2.9e-05,172.217.194.0-255,1484,1700,19,190166
28536,3.4e-05,172.31.36.0-255,66,1766,19,190166
28537,4e-05,172.217.194.0-255,2902,4668,19,190166
28538,4.4e-05,172.31.36.0-255,66,4734,19,190166
28539,5.2e-05,172.217.194.0-255,7156,11890,19,190166
28540,5.5e-05,172.31.36.0-255,66,11956,19,190166
28541,7e-05,172.217.194.0-255,1484,13440,19,190166
28542,7.3e-05,172.31.36.0-255,66,13506,19,190166
28543,0.000103,172.217.194.0-255,6355,19861,19,190166
28544,0.000106,172.31.36.0-255,66,19927,19,190166
28545,0.00012,172.31.36.0-255,66,19993,19,190166
28546,0.000505,172.217.194.0-255,1484,21477,19,190166
28547,0.000512,172.31.36.0-255,66,21543,19,190166
28548,0.000519,172.217.194.0-255,2902,24445,19,190166
28549,0.000521,172.31.36.0-255,66,24511,19,190166
28550,0.000528,172.217.194.0-255,5738,30249,19,190166
28551,0.000531,172.31.36.0-255,66,30315,19,190166
28552,0.00057,172.31.36.0-255,66,30381,19,190166
28553,0.000589,172.217.194.0-255,1484,31865,19,190166
28554,0.000593,172.31.36.0-255,66,31931,19,190166
28555,0.000616,172.217.194.0-255,5738,37669,19,190166
28556,0.000619,172.31.36.0-255,66,37735,19,190166
28557,0.000638,172.217.194.0-255,3153,40888,19,190166
28558,0.000642,172.31.36.0-255,66,40954,19,190166
28559,0.00072,172.217.194.0-255,1484,42438,19,190166
28560,0.000724,172.31.36.0-255,66,42504,19,190166
28561,0.000729,172.217.194.0-255,2902,45406,19,190166
28562,0.000731,172.31.36.0-255,66,45472,19,190166
28563,0.000756,172.217.194.0-255,4320,49792,19,190166
28564,0.000759,172.31.36.0-255,66,49858,19,190166
28565,0.000779,172.217.194.0-255,1484,51342,19,190166
28566,0.000789,172.217.194.0-255,6797,58139,19,190166
28567,0.000791,172.31.36.0-255,66,58205,19,190166
28568,0.000794,172.217.194.0-255,1484,59689,19,190166
28569,0.000811,172.217.194.0-255,2902,62591,19,190166
28570,0.000814,172.31.36.0-255,66,62657,19,190166
28571,0.00082,172.217.194.0-255,5738,68395,19,190166
28572,0.000823,172.31.36.0-255,66,68461,19,190166
28573,0.000855,172.217.194.0-255,6797,75258,19,190166
28574,0.000858,172.31.36.0-255,66,75324,19,190166
28575,0.0012,172.217.194.0-255,1484,76808,19,190166
28576,0.001207,172.217.194.0-255,2902,79710,19,190166
28577,0.001211,172.31.36.0-255,66,79776,19,190166
28578,0.001231,172.217.194.0-255,5738,85514,19,190166
28579,0.001234,172.31.36.0-255,66,85580,19,190166
28580,0.00125,172.217.194.0-255,2902,88482,19,190166
28581,0.001252,172.31.36.0-255,66,88548,19,190166
28582,0.001276,172.217.194.0-255,9992,98540,19,190166
28583,0.001279,172.31.36.0-255,66,98606,19,190166
28584,0.001285,172.217.194.0-255,5738,104344,19,190166
28585,0.001287,172.31.36.0-255,66,104410,19,190166
28586,0.001317,172.217.194.0-255,5020,109430,19,190166
28587,0.00132,172.31.36.0-255,66,109496,19,190166
28588,0.001797,172.217.194.0-255,1484,110980,19,190166
28589,0.001802,172.217.194.0-255,1484,112464,19,190166
28590,0.001805,172.31.36.0-255,66,112530,19,190166
28591,0.001818,172.217.194.0-255,1484,114014,19,190166
28592,0.001824,172.217.194.0-255,5738,119752,19,190166
28593,0.001827,172.31.36.0-255,66,119818,19,190166
28594,0.001847,172.217.194.0-255,7156,126974,19,190166
28595,0.001849,172.31.36.0-255,66,127040,19,190166
28596,0.001863,172.217.194.0-255,5738,132778,19,190166
28597,0.001865,172.31.36.0-255,66,132844,19,190166
28598,0.001871,172.217.194.0-255,2902,135746,19,190166
28599,0.001873,172.31.36.0-255,66,135812,19,190166
28600,0.001899,172.217.194.0-255,7856,143668,19,190166
28601,0.001902,172.31.36.0-255,66,143734,19,190166
28602,0.003993,172.217.194.0-255,5738,149472,19,190166
28603,0.004,172.31.36.0-255,66,149538,19,190166
28604,0.006065,172.217.194.0-255,5738,155276,19,190166
28605,0.006073,172.31.36.0-255,66,155342,19,190166
28606,0.008118,172.217.194.0-255,5738,161080,19,190166
28607,0.008124,172.31.36.0-255,66,161146,19,190166
28608,0.010179,172.217.194.0-255,5738,166884,19,190166
28609,0.010188,172.31.36.0-255,66,166950,19,190166
28610,0.012273,172.217.194.0-255,5738,172688,19,190166
28611,0.012284,172.31.36.0-255,66,172754,19,190166
28612,0.014305,172.217.194.0-255,5738,178492,19,190166
28613,0.014314,172.31.36.0-255,66,178558,19,190166
28614,0.016325,172.217.194.0-255,5738,184296,19,190166
28615,0.016331,172.31.36.0-255,66,184362,19,190166
28616,0.018372,172.217.194.0-255,5738,190100,19,190166
28617,0.018379,172.31.36.0-255,66,190166,19,190166
28618,0.0,74.125.24.0-255,153,153,19,201497
28619,3.5e-05,172.31.36.0-255,66,219,19,201497
28620,4.3e-05,74.125.24.0-255,1484,1703,19,201497
28621,4.8e-05,172.31.36.0-255,66,1769,19,201497
28622,5.3e-05,74.125.24.0-255,2902,4671,19,201497
28623,5.6e-05,172.31.36.0-255,66,4737,19,201497
28624,6.4e-05,74.125.24.0-255,7156,11893,19,201497
28625,6.6e-05,172.31.36.0-255,66,11959,19,201497
28626,7.1e-05,74.125.24.0-255,2040,13999,19,201497
28627,7.4e-05,172.31.36.0-255,66,14065,19,201497
28628,0.000103,74.125.24.0-255,1484,15549,19,201497
28629,0.000106,172.31.36.0-255,66,15615,19,201497
28630,0.000111,74.125.24.0-255,2902,18517,19,201497
28631,0.000113,172.31.36.0-255,66,18583,19,201497
28632,0.000116,74.125.24.0-255,1484,20067,19,201497
28633,0.000118,172.31.36.0-255,66,20133,19,201497
28634,0.00014,74.125.24.0-255,4320,24453,19,201497
28635,0.000144,172.31.36.0-255,66,24519,19,201497
28636,0.000161,74.125.24.0-255,6797,31316,19,201497
28637,0.000163,172.31.36.0-255,66,31382,19,201497
28638,0.000295,74.125.24.0-255,1484,32866,19,201497
28639,0.000301,172.31.36.0-255,66,32932,19,201497
28640,0.000308,74.125.24.0-255,2902,35834,19,201497
28641,0.000312,172.31.36.0-255,66,35900,19,201497
28642,0.000338,74.125.24.0-255,5738,41638,19,201497
28643,0.000342,172.31.36.0-255,66,41704,19,201497
28644,0.000349,74.125.24.0-255,6797,48501,19,201497
28645,0.000352,172.31.36.0-255,66,48567,19,201497
28646,0.000391,74.125.24.0-255,1484,50051,19,201497
28647,0.000395,172.31.36.0-255,66,50117,19,201497
28648,0.0004,74.125.24.0-255,2902,53019,19,201497
28649,0.000402,172.31.36.0-255,66,53085,19,201497
28650,0.000417,74.125.24.0-255,5738,58823,19,201497
28651,0.000422,172.31.36.0-255,66,58889,19,201497
28652,0.000441,74.125.24.0-255,4320,63209,19,201497
28653,0.000444,172.31.36.0-255,66,63275,19,201497
28654,0.00046,74.125.24.0-255,2543,65818,19,201497
28655,0.000463,172.31.36.0-255,66,65884,19,201497
28656,0.000955,74.125.24.0-255,647,66531,19,201497
28657,0.000991,172.31.36.0-255,66,66597,19,201497
28658,0.001072,74.125.24.0-255,1484,68081,19,201497
28659,0.00108,74.125.24.0-255,2902,70983,19,201497
28660,0.001084,172.31.36.0-255,66,71049,19,201497
28661,0.001089,74.125.24.0-255,1484,72533,19,201497
28662,0.001108,74.125.24.0-255,4320,76853,19,201497
28663,0.001112,172.31.36.0-255,66,76919,19,201497
28664,0.00112,74.125.24.0-255,7156,84075,19,201497
28665,0.001121,172.31.36.0-255,66,84141,19,201497
28666,0.001164,172.31.36.0-255,66,84207,19,201497
28667,0.001169,74.125.24.0-255,2184,86391,19,201497
28668,0.001171,172.31.36.0-255,66,86457,19,201497
28669,0.001516,74.125.24.0-255,1484,87941,19,201497
28670,0.001523,74.125.24.0-255,2902,90843,19,201497
28671,0.001527,172.31.36.0-255,66,90909,19,201497
28672,0.001531,74.125.24.0-255,1484,92393,19,201497
28673,0.001552,74.125.24.0-255,4320,96713,19,201497
28674,0.001556,74.125.24.0-255,2902,99615,19,201497
28675,0.001558,172.31.36.0-255,66,99681,19,201497
28676,0.001561,172.31.36.0-255,66,99747,19,201497
28677,0.001582,74.125.24.0-255,7156,106903,19,201497
28678,0.001585,172.31.36.0-255,66,106969,19,201497
28679,0.001617,74.125.24.0-255,5738,112707,19,201497
28680,0.001619,172.31.36.0-255,66,112773,19,201497
28681,0.001632,74.125.24.0-255,5738,118511,19,201497
28682,0.001634,172.31.36.0-255,66,118577,19,201497
28683,0.001638,74.125.24.0-255,2184,120761,19,201497
28684,0.00164,172.31.36.0-255,66,120827,19,201497
28685,0.001656,74.125.24.0-255,1484,122311,19,201497
28686,0.00166,74.125.24.0-255,2902,125213,19,201497
28687,0.001662,172.31.36.0-255,66,125279,19,201497
28688,0.001676,74.125.24.0-255,1484,126763,19,201497
28689,0.001691,74.125.24.0-255,4320,131083,19,201497
28690,0.001693,172.31.36.0-255,66,131149,19,201497
28691,0.001711,74.125.24.0-255,2902,134051,19,201497
28692,0.001714,172.31.36.0-255,66,134117,19,201497
28693,0.00174,74.125.24.0-255,9992,144109,19,201497
28694,0.001743,172.31.36.0-255,66,144175,19,201497
28695,0.001764,74.125.24.0-255,7156,151331,19,201497
28696,0.001768,172.31.36.0-255,66,151397,19,201497
28697,0.001782,74.125.24.0-255,3602,154999,19,201497
28698,0.001785,172.31.36.0-255,66,155065,19,201497
28699,0.003961,74.125.24.0-255,5738,160803,19,201497
28700,0.003966,172.31.36.0-255,66,160869,19,201497
28701,0.00618,74.125.24.0-255,5738,166607,19,201497
28702,0.006185,172.31.36.0-255,66,166673,19,201497
28703,0.008412,74.125.24.0-255,5738,172411,19,201497
28704,0.008423,172.31.36.0-255,66,172477,19,201497
28705,0.010644,74.125.24.0-255,5738,178215,19,201497
28706,0.010653,172.31.36.0-255,66,178281,19,201497
28707,0.012861,74.125.24.0-255,5738,184019,19,201497
28708,0.012871,172.31.36.0-255,66,184085,19,201497
28709,0.015077,74.125.24.0-255,5738,189823,19,201497
28710,0.015105,172.31.36.0-255,66,189889,19,201497
28711,0.017291,74.125.24.0-255,5738,195627,19,201497
28712,0.017298,172.31.36.0-255,66,195693,19,201497
28713,0.019506,74.125.24.0-255,5738,201431,19,201497
28714,0.019513,172.31.36.0-255,66,201497,19,201497
28715,0.0,74.125.68.0-255,153,153,19,373523
28716,2.4e-05,172.31.36.0-255,66,219,19,373523
28717,3e-05,74.125.68.0-255,1484,1703,19,373523
28718,3.4e-05,172.31.36.0-255,66,1769,19,373523
28719,3.9e-05,74.125.68.0-255,2902,4671,19,373523
28720,4.1e-05,172.31.36.0-255,66,4737,19,373523
28721,6e-05,74.125.68.0-255,2902,7639,19,373523
28722,6.2e-05,172.31.36.0-255,66,7705,19,373523
28723,8.4e-05,74.125.68.0-255,4320,12025,19,373523
28724,8.6e-05,172.31.36.0-255,66,12091,19,373523
28725,8.9e-05,74.125.68.0-255,1484,13575,19,373523
28726,9e-05,172.31.36.0-255,66,13641,19,373523
28727,0.00011,74.125.68.0-255,6296,19937,19,373523
28728,0.000112,172.31.36.0-255,66,20003,19,373523
28729,0.000118,74.125.68.0-255,7156,27159,19,373523
28730,0.00012,172.31.36.0-255,66,27225,19,373523
28731,0.00017,74.125.68.0-255,3961,31186,19,373523
28732,0.000172,172.31.36.0-255,66,31252,19,373523
28733,0.000292,74.125.68.0-255,1484,32736,19,373523
28734,0.000296,172.31.36.0-255,66,32802,19,373523
28735,0.0003,74.125.68.0-255,1484,34286,19,373523
28736,0.000302,172.31.36.0-255,66,34352,19,373523
28737,0.000315,74.125.68.0-255,1484,35836,19,373523
28738,0.000317,172.31.36.0-255,66,35902,19,373523
28739,0.00032,74.125.68.0-255,1484,37386,19,373523
28740,0.000322,172.31.36.0-255,66,37452,19,373523
28741,0.000326,74.125.68.0-255,2902,40354,19,373523
28742,0.000329,172.31.36.0-255,66,40420,19,373523
28743,0.000357,74.125.68.0-255,5738,46158,19,373523
28744,0.000359,172.31.36.0-255,66,46224,19,373523
28745,0.000382,74.125.68.0-255,5379,51603,19,373523
28746,0.000386,172.31.36.0-255,66,51669,19,373523
28747,0.000391,74.125.68.0-255,5738,57407,19,373523
28748,0.000393,172.31.36.0-255,66,57473,19,373523
28749,0.000422,74.125.68.0-255,2902,60375,19,373523
28750,0.000425,172.31.36.0-255,66,60441,19,373523
28751,0.000441,74.125.68.0-255,5379,65820,19,373523
28752,0.000443,172.31.36.0-255,66,65886,19,373523
28753,0.000446,74.125.68.0-255,646,66532,19,373523
28754,0.000519,74.125.68.0-255,1484,68016,19,373523
28755,0.000524,172.31.36.0-255,66,68082,19,373523
28756,0.000528,74.125.68.0-255,1484,69566,19,373523
28757,0.000543,74.125.68.0-255,1484,71050,19,373523
28758,0.000545,172.31.36.0-255,66,71116,19,373523
28759,0.000552,74.125.68.0-255,4320,75436,19,373523
28760,0.000554,172.31.36.0-255,66,75502,19,373523
28761,0.000577,74.125.68.0-255,1484,76986,19,373523
28762,0.000583,74.125.68.0-255,5738,82724,19,373523
28763,0.000586,172.31.36.0-255,66,82790,19,373523
28764,0.00059,74.125.68.0-255,2902,85692,19,373523
28765,0.000593,172.31.36.0-255,66,85758,19,373523
28766,0.000607,74.125.68.0-255,4320,90078,19,373523
28767,0.00061,172.31.36.0-255,66,90144,19,373523
28768,0.000642,74.125.68.0-255,4320,94464,19,373523
28769,0.000645,172.31.36.0-255,66,94530,19,373523
28770,0.000669,74.125.68.0-255,6438,100968,19,373523
28771,0.000672,172.31.36.0-255,66,101034,19,373523
28772,0.000742,74.125.68.0-255,1484,102518,19,373523
28773,0.000757,74.125.68.0-255,2902,105420,19,373523
28774,0.00076,172.31.36.0-255,66,105486,19,373523
28775,0.000781,74.125.68.0-255,4320,109806,19,373523
28776,0.000784,172.31.36.0-255,66,109872,19,373523
28777,0.00079,74.125.68.0-255,5738,115610,19,373523
28778,0.000792,172.31.36.0-255,66,115676,19,373523
28779,0.000828,74.125.68.0-255,1994,117670,19,373523
28780,0.000831,172.31.36.0-255,66,117736,19,373523
28781,0.000913,74.125.68.0-255,1484,119220,19,373523
28782,0.000917,74.125.68.0-255,1484,120704,19,373523
28783,0.00092,172.31.36.0-255,66,120770,19,373523
28784,0.000939,74.125.68.0-255,1484,122254,19,373523
28785,0.000945,74.125.68.0-255,4320,126574,19,373523
28786,0.000947,172.31.36.0-255,66,126640,19,373523
28787,0.000961,74.125.68.0-255,1484,128124,19,373523
28788,0.000979,74.125.68.0-255,5738,133862,19,373523
28789,0.000982,172.31.36.0-255,66,133928,19,373523
28790,0.000998,74.125.68.0-255,5738,139666,19,373523
28791,0.001002,172.31.36.0-255,66,139732,19,373523
28792,0.001014,74.125.68.0-255,7156,146888,19,373523
28793,0.001016,172.31.36.0-255,66,146954,19,373523
28794,0.001042,74.125.68.0-255,5020,151974,19,373523
28795,0.001045,172.31.36.0-255,66,152040,19,373523
28796,0.001098,74.125.68.0-255,1484,153524,19,373523
28797,0.001103,74.125.68.0-255,2902,156426,19,373523
28798,0.001105,172.31.36.0-255,66,156492,19,373523
28799,0.001111,74.125.68.0-255,5738,162230,19,373523
28800,0.001112,172.31.36.0-255,66,162296,19,373523
28801,0.001139,74.125.68.0-255,7156,169452,19,373523
28802,0.001142,172.31.36.0-255,66,169518,19,373523
28803,0.001164,74.125.68.0-255,8574,178092,19,373523
28804,0.001166,172.31.36.0-255,66,178158,19,373523
28805,0.001192,74.125.68.0-255,5738,183896,19,373523
28806,0.001194,172.31.36.0-255,66,183962,19,373523
28807,0.001219,74.125.68.0-255,6438,190400,19,373523
28808,0.001222,74.125.68.0-255,1484,191884,19,373523
28809,0.001232,172.31.36.0-255,66,191950,19,373523
28810,0.001243,74.125.68.0-255,5738,197688,19,373523
28811,0.001249,172.31.36.0-255,66,197754,19,373523
28812,0.001302,74.125.68.0-255,5379,203133,19,373523
28813,0.001306,172.31.36.0-255,66,203199,19,373523
28814,0.001351,74.125.68.0-255,1484,204683,19,373523
28815,0.001355,74.125.68.0-255,1484,206167,19,373523
28816,0.001364,74.125.68.0-255,1484,207651,19,373523
28817,0.001368,172.31.36.0-255,66,207717,19,373523
28818,0.001377,74.125.68.0-255,2902,210619,19,373523
28819,0.001381,172.31.36.0-255,66,210685,19,373523
28820,0.001395,74.125.68.0-255,2902,213587,19,373523
28821,0.001403,74.125.68.0-255,5738,219325,19,373523
28822,0.001417,74.125.68.0-255,1484,220809,19,373523
28823,0.001428,172.31.36.0-255,66,220875,19,373523
28824,0.001433,74.125.68.0-255,4320,225195,19,373523
28825,0.001438,172.31.36.0-255,66,225261,19,373523
28826,0.001449,74.125.68.0-255,4320,229581,19,373523
28827,0.001467,74.125.68.0-255,4320,233901,19,373523
28828,0.001472,172.31.36.0-255,66,233967,19,373523
28829,0.001484,74.125.68.0-255,3602,237569,19,373523
28830,0.001501,172.31.36.0-255,66,237635,19,373523
28831,0.001551,74.125.68.0-255,1484,239119,19,373523
28832,0.001573,74.125.68.0-255,2902,242021,19,373523
28833,0.001589,172.31.36.0-255,66,242087,19,373523
28834,0.001595,74.125.68.0-255,5738,247825,19,373523
28835,0.001599,172.31.36.0-255,66,247891,19,373523
28836,0.001608,74.125.68.0-255,2902,250793,19,373523
28837,0.001636,74.125.68.0-255,4320,255113,19,373523
28838,0.001644,172.31.36.0-255,66,255179,19,373523
28839,0.001678,74.125.68.0-255,1484,256663,19,373523
28840,0.001692,74.125.68.0-255,2184,258847,19,373523
28841,0.001698,172.31.36.0-255,66,258913,19,373523
28842,0.001721,74.125.68.0-255,4320,263233,19,373523
28843,0.001739,74.125.68.0-255,4320,267553,19,373523
28844,0.001744,172.31.36.0-255,66,267619,19,373523
28845,0.001751,172.31.36.0-255,66,267685,19,373523
28846,0.001765,74.125.68.0-255,5738,273423,19,373523
28847,0.001783,172.31.36.0-255,66,273489,19,373523
28848,0.001805,74.125.68.0-255,2902,276391,19,373523
28849,0.001817,74.125.68.0-255,1484,277875,19,373523
28850,0.00182,172.31.36.0-255,66,277941,19,373523
28851,0.001853,74.125.68.0-255,4320,282261,19,373523
28852,0.001861,172.31.36.0-255,66,282327,19,373523
28853,0.001883,74.125.68.0-255,7856,290183,19,373523
28854,0.001896,172.31.36.0-255,66,290249,19,373523
28855,0.001934,74.125.68.0-255,4320,294569,19,373523
28856,0.001944,172.31.36.0-255,66,294635,19,373523
28857,0.001966,74.125.68.0-255,7856,302491,19,373523
28858,0.002025,172.31.36.0-255,66,302557,19,373523
28859,0.002103,74.125.68.0-255,1484,304041,19,373523
28860,0.002109,74.125.68.0-255,2902,306943,19,373523
28861,0.002115,172.31.36.0-255,66,307009,19,373523
28862,0.002135,74.125.68.0-255,4320,311329,19,373523
28863,0.002148,74.125.68.0-255,1484,312813,19,373523
28864,0.002153,74.125.68.0-255,4320,317133,19,373523
28865,0.002155,172.31.36.0-255,66,317199,19,373523
28866,0.00216,172.31.36.0-255,66,317265,19,373523
28867,0.002171,74.125.68.0-255,1484,318749,19,373523
28868,0.00219,74.125.68.0-255,4320,323069,19,373523
28869,0.002211,74.125.68.0-255,4320,327389,19,373523
28870,0.002216,172.31.36.0-255,66,327455,19,373523
28871,0.002227,74.125.68.0-255,7156,334611,19,373523
28872,0.002231,172.31.36.0-255,66,334677,19,373523
28873,0.002241,74.125.68.0-255,2184,336861,19,373523
28874,0.002258,172.31.36.0-255,66,336927,19,373523
28875,0.00227,74.125.68.0-255,1484,338411,19,373523
28876,0.002287,74.125.68.0-255,1484,339895,19,373523
28877,0.002303,74.125.68.0-255,1484,341379,19,373523
28878,0.002306,74.125.68.0-255,1484,342863,19,373523
28879,0.002311,172.31.36.0-255,66,342929,19,373523
28880,0.002328,74.125.68.0-255,4320,347249,19,373523
28881,0.002341,172.31.36.0-255,66,347315,19,373523
28882,0.00235,74.125.68.0-255,2902,350217,19,373523
28883,0.002354,74.125.68.0-255,4320,354537,19,373523
28884,0.002359,74.125.68.0-255,4320,358857,19,373523
28885,0.002363,172.31.36.0-255,66,358923,19,373523
28886,0.002374,74.125.68.0-255,1484,360407,19,373523
28887,0.0047,74.125.68.0-255,4320,364727,19,373523
28888,0.004706,172.31.36.0-255,66,364793,19,373523
28889,0.007049,74.125.68.0-255,5738,370531,19,373523
28890,0.007061,172.31.36.0-255,66,370597,19,373523
28891,0.009393,74.125.68.0-255,2689,373286,19,373523
28892,0.009399,172.31.36.0-255,66,373352,19,373523
28893,0.009691,172.31.36.0-255,105,373457,19,373523
28894,0.011993,74.125.68.0-255,66,373523,19,373523
28895,0.0,74.125.200.0-255,299,299,19,159016
28896,2.9e-05,172.31.36.0-255,66,365,19,159016
28897,3.6e-05,74.125.200.0-255,1484,1849,19,159016
28898,4.1e-05,172.31.36.0-255,66,1915,19,159016
28899,4.6e-05,74.125.200.0-255,2902,4817,19,159016
28900,4.9e-05,172.31.36.0-255,66,4883,19,159016
28901,5.4e-05,74.125.200.0-255,4320,9203,19,159016
28902,5.7e-05,172.31.36.0-255,66,9269,19,159016
28903,8.1e-05,74.125.200.0-255,1484,10753,19,159016
28904,8.3e-05,172.31.36.0-255,66,10819,19,159016
28905,0.000108,74.125.200.0-255,7513,18332,19,159016
28906,0.000111,172.31.36.0-255,66,18398,19,159016
28907,0.000115,74.125.200.0-255,4320,22718,19,159016
28908,0.000117,172.31.36.0-255,66,22784,19,159016
28909,0.00014,74.125.200.0-255,1484,24268,19,159016
28910,0.000142,172.31.36.0-255,66,24334,19,159016
28911,0.000159,74.125.200.0-255,6797,31131,19,159016
28912,0.000163,172.31.36.0-255,66,31197,19,159016
28913,0.000266,74.125.200.0-255,1484,32681,19,159016
28914,0.00027,172.31.36.0-255,66,32747,19,159016
28915,0.000275,74.125.200.0-255,2902,35649,19,159016
28916,0.000277,172.31.36.0-255,66,35715,19,159016
28917,0.000291,74.125.200.0-255,2902,38617,19,159016
28918,0.000294,172.31.36.0-255,66,38683,19,159016
28919,0.000299,74.125.200.0-255,4320,43003,19,159016
28920,0.000301,172.31.36.0-255,66,43069,19,159016
28921,0.000342,74.125.200.0-255,9633,52702,19,159016
28922,0.000346,172.31.36.0-255,66,52768,19,159016
28923,0.000351,74.125.200.0-255,4320,57088,19,159016
28924,0.000353,172.31.36.0-255,66,57154,19,159016
28925,0.000399,74.125.200.0-255,2902,60056,19,159016
28926,0.000403,172.31.36.0-255,66,60122,19,159016
28927,0.000427,74.125.200.0-255,5654,65776,19,159016
28928,0.00043,172.31.36.0-255,66,65842,19,159016
28929,0.000435,74.125.200.0-255,2902,68744,19,159016
28930,0.000439,172.31.36.0-255,66,68810,19,159016
28931,0.00046,74.125.200.0-255,5738,74548,19,159016
28932,0.000464,172.31.36.0-255,66,74614,19,159016
28933,0.000468,74.125.200.0-255,2902,77516,19,159016
28934,0.000472,172.31.36.0-255,66,77582,19,159016
28935,0.000472,74.125.200.0-255,4320,81902,19,159016
28936,0.000475,172.31.36.0-255,66,81968,19,159016
28937,0.000502,74.125.200.0-255,859,82827,19,159016
28938,0.000957,172.31.36.0-255,66,82893,19,159016
28939,0.001341,74.125.200.0-255,1484,84377,19,159016
28940,0.001354,74.125.200.0-255,2902,87279,19,159016
28941,0.001358,172.31.36.0-255,66,87345,19,159016
28942,0.001364,74.125.200.0-255,2902,90247,19,159016
28943,0.001366,172.31.36.0-255,66,90313,19,159016
28944,0.001371,74.125.200.0-255,4320,94633,19,159016
28945,0.001374,172.31.36.0-255,66,94699,19,159016
28946,0.001416,74.125.200.0-255,5738,100437,19,159016
28947,0.001419,172.31.36.0-255,66,100503,19,159016
28948,0.001441,74.125.200.0-255,3961,104464,19,159016
28949,0.001444,172.31.36.0-255,66,104530,19,159016
28950,0.001452,74.125.200.0-255,8574,113104,19,159016
28951,0.001455,172.31.36.0-255,66,113170,19,159016
28952,0.001499,172.31.36.0-255,66,113236,19,159016
28953,0.001502,74.125.200.0-255,766,114002,19,159016
28954,0.00354,74.125.200.0-255,4320,118322,19,159016
28955,0.003547,172.31.36.0-255,66,118388,19,159016
28956,0.005596,74.125.200.0-255,5738,124126,19,159016
28957,0.005605,172.31.36.0-255,66,124192,19,159016
28958,0.007659,74.125.200.0-255,5738,129930,19,159016
28959,0.007664,172.31.36.0-255,66,129996,19,159016
28960,0.009715,74.125.200.0-255,5738,135734,19,159016
28961,0.009723,172.31.36.0-255,66,135800,19,159016
28962,0.011768,74.125.200.0-255,5738,141538,19,159016
28963,0.011775,172.31.36.0-255,66,141604,19,159016
28964,0.013859,74.125.200.0-255,5738,147342,19,159016
28965,0.013868,172.31.36.0-255,66,147408,19,159016
28966,0.015932,74.125.200.0-255,5738,153146,19,159016
28967,0.015942,172.31.36.0-255,66,153212,19,159016
28968,0.017988,74.125.200.0-255,5738,158950,19,159016
28969,0.017995,172.31.36.0-255,66,159016,19,159016
28970,0.0,74.125.24.0-255,146,146,19,251226
28971,2.5e-05,172.31.36.0-255,66,212,19,251226
28972,3.2e-05,74.125.24.0-255,1484,1696,19,251226
28973,3.7e-05,172.31.36.0-255,66,1762,19,251226
28974,5.8e-05,74.125.24.0-255,2902,4664,19,251226
28975,6.5e-05,172.31.36.0-255,66,4730,19,251226
28976,9.6e-05,74.125.24.0-255,7156,11886,19,251226
28977,9.9e-05,172.31.36.0-255,66,11952,19,251226
28978,0.000102,74.125.24.0-255,1484,13436,19,251226
28979,0.000103,172.31.36.0-255,66,13502,19,251226
28980,0.000123,74.125.24.0-255,548,14050,19,251226
28981,0.000127,172.31.36.0-255,66,14116,19,251226
28982,0.000246,74.125.24.0-255,1484,15600,19,251226
28983,0.000251,172.31.36.0-255,66,15666,19,251226
28984,0.000284,74.125.24.0-255,2902,18568,19,251226
28985,0.000288,172.31.36.0-255,66,18634,19,251226
28986,0.000294,74.125.24.0-255,5738,24372,19,251226
28987,0.000297,172.31.36.0-255,66,24438,19,251226
28988,0.000304,74.125.24.0-255,6797,31235,19,251226
28989,0.000308,172.31.36.0-255,66,31301,19,251226
28990,0.000338,74.125.24.0-255,7156,38457,19,251226
28991,0.000342,172.31.36.0-255,66,38523,19,251226
28992,0.000348,74.125.24.0-255,7156,45679,19,251226
28993,0.000351,172.31.36.0-255,66,45745,19,251226
28994,0.000398,172.31.36.0-255,66,45811,19,251226
28995,0.000418,74.125.24.0-255,1484,47295,19,251226
28996,0.00042,172.31.36.0-255,66,47361,19,251226
28997,0.000426,74.125.24.0-255,3602,50963,19,251226
28998,0.000426,172.31.36.0-255,101,51064,19,251226
28999,0.000428,74.125.24.0-255,709,51773,19,251226
29000,0.000431,172.31.36.0-255,66,51839,19,251226
29001,0.000598,74.125.24.0-255,1484,53323,19,251226
29002,0.000604,172.31.36.0-255,66,53389,19,251226
29003,0.00061,74.125.24.0-255,2902,56291,19,251226
29004,0.000612,172.31.36.0-255,66,56357,19,251226
29005,0.000624,74.125.24.0-255,4320,60677,19,251226
29006,0.000627,172.31.36.0-255,66,60743,19,251226
29007,0.000656,74.125.24.0-255,1484,62227,19,251226
29008,0.000672,172.31.36.0-255,66,62293,19,251226
29009,0.000721,172.31.36.0-255,66,62359,19,251226
29010,0.000729,74.125.24.0-255,8574,70933,19,251226
29011,0.000738,172.31.36.0-255,66,70999,19,251226
29012,0.000787,74.125.24.0-255,1125,72124,19,251226
29013,0.000802,74.125.24.0-255,1484,73608,19,251226
29014,0.000805,172.31.36.0-255,66,73674,19,251226
29015,0.000827,74.125.24.0-255,2902,76576,19,251226
29016,0.000831,172.31.36.0-255,66,76642,19,251226
29017,0.000837,74.125.24.0-255,5738,82380,19,251226
29018,0.000841,172.31.36.0-255,66,82446,19,251226
29019,0.000846,74.125.24.0-255,5738,88184,19,251226
29020,0.00085,172.31.36.0-255,66,88250,19,251226
29021,0.000855,74.125.24.0-255,4320,92570,19,251226
29022,0.000858,172.31.36.0-255,66,92636,19,251226
29023,0.00088,74.125.24.0-255,2902,95538,19,251226
29024,0.000883,172.31.36.0-255,66,95604,19,251226
29025,0.000908,74.125.24.0-255,10692,106296,19,251226
29026,0.000912,172.31.36.0-255,66,106362,19,251226
29027,0.000957,74.125.24.0-255,1484,107846,19,251226
29028,0.000961,74.125.24.0-255,2902,110748,19,251226
29029,0.000964,172.31.36.0-255,66,110814,19,251226
29030,0.000984,74.125.24.0-255,5738,116552,19,251226
29031,0.000987,172.31.36.0-255,66,116618,19,251226
29032,0.001018,74.125.24.0-255,7156,123774,19,251226
29033,0.001023,172.31.36.0-255,66,123840,19,251226
29034,0.00103,74.125.24.0-255,8574,132414,19,251226
29035,0.001034,172.31.36.0-255,66,132480,19,251226
29036,0.001064,74.125.24.0-255,7856,140336,19,251226
29037,0.001068,172.31.36.0-255,66,140402,19,251226
29038,0.001154,74.125.24.0-255,1484,141886,19,251226
29039,0.00116,74.125.24.0-255,2902,144788,19,251226
29040,0.001163,172.31.36.0-255,66,144854,19,251226
29041,0.001183,74.125.24.0-255,5738,150592,19,251226
29042,0.001186,172.31.36.0-255,66,150658,19,251226
29043,0.001216,74.125.24.0-255,5738,156396,19,251226
29044,0.00122,172.31.36.0-255,66,156462,19,251226
29045,0.001223,74.125.24.0-255,1484,157946,19,251226
29046,0.001242,74.125.24.0-255,5738,163684,19,251226
29047,0.001245,172.31.36.0-255,66,163750,19,251226
29048,0.001272,74.125.24.0-255,8574,172324,19,251226
29049,0.001276,172.31.36.0-255,66,172390,19,251226
29050,0.0013,74.125.24.0-255,2184,174574,19,251226
29051,0.001303,172.31.36.0-255,66,174640,19,251226
29052,0.001351,74.125.24.0-255,1484,176124,19,251226
29053,0.001356,74.125.24.0-255,2902,179026,19,251226
29054,0.00136,172.31.36.0-255,66,179092,19,251226
29055,0.001393,74.125.24.0-255,5738,184830,19,251226
29056,0.001397,172.31.36.0-255,66,184896,19,251226
29057,0.001402,74.125.24.0-255,2902,187798,19,251226
29058,0.001404,172.31.36.0-255,66,187864,19,251226
29059,0.001435,172.31.36.0-255,66,187930,19,251226
29060,0.001444,74.125.24.0-255,9992,197922,19,251226
29061,0.001447,172.31.36.0-255,66,197988,19,251226
29062,0.001484,74.125.24.0-255,4320,202308,19,251226
29063,0.001489,172.31.36.0-255,66,202374,19,251226
29064,0.001502,172.31.36.0-255,66,202440,19,251226
29065,0.001538,74.125.24.0-255,1484,203924,19,251226
29066,0.001544,74.125.24.0-255,2902,206826,19,251226
29067,0.001547,172.31.36.0-255,66,206892,19,251226
29068,0.001551,74.125.24.0-255,2902,209794,19,251226
29069,0.001554,172.31.36.0-255,66,209860,19,251226
29070,0.001583,74.125.24.0-255,2902,212762,19,251226
29071,0.001586,172.31.36.0-255,66,212828,19,251226
29072,0.001622,172.31.36.0-255,66,212894,19,251226
29073,0.001664,74.125.24.0-255,5738,218632,19,251226
29074,0.001668,172.31.36.0-255,66,218698,19,251226
29075,0.001693,74.125.24.0-255,1484,220182,19,251226
29076,0.001712,172.31.36.0-255,66,220248,19,251226
29077,0.001737,74.125.24.0-255,1484,221732,19,251226
29078,0.001744,74.125.24.0-255,2902,224634,19,251226
29079,0.001747,172.31.36.0-255,66,224700,19,251226
29080,0.001753,74.125.24.0-255,5738,230438,19,251226
29081,0.001756,172.31.36.0-255,66,230504,19,251226
29082,0.00177,172.31.36.0-255,66,230570,19,251226
29083,0.001778,74.125.24.0-255,8574,239144,19,251226
29084,0.001781,172.31.36.0-255,66,239210,19,251226
29085,0.001809,74.125.24.0-255,1484,240694,19,251226
29086,0.001853,172.31.36.0-255,66,240760,19,251226
29087,0.001862,74.125.24.0-255,9992,250752,19,251226
29088,0.00187,172.31.36.0-255,66,250818,19,251226
29089,0.001912,172.31.36.0-255,66,250884,19,251226
29090,0.001915,74.125.24.0-255,105,250989,19,251226
29091,0.002923,74.125.24.0-255,66,251055,19,251226
29092,0.003579,172.31.36.0-255,105,251160,19,251226
29093,0.006081,74.125.24.0-255,66,251226,19,251226
29094,0.0,74.125.24.0-255,152,152,19,347918
29095,2.3e-05,172.31.36.0-255,66,218,19,347918
29096,3e-05,74.125.24.0-255,1484,1702,19,347918
29097,3.5e-05,172.31.36.0-255,66,1768,19,347918
29098,4e-05,74.125.24.0-255,2902,4670,19,347918
29099,4.4e-05,172.31.36.0-255,66,4736,19,347918
29100,5.2e-05,74.125.24.0-255,7156,11892,19,347918
29101,5.5e-05,172.31.36.0-255,66,11958,19,347918
29102,5.9e-05,74.125.24.0-255,1952,13910,19,347918
29103,6.1e-05,172.31.36.0-255,66,13976,19,347918
29104,0.000104,74.125.24.0-255,2902,16878,19,347918
29105,0.000108,172.31.36.0-255,66,16944,19,347918
29106,0.000113,74.125.24.0-255,4320,21264,19,347918
29107,0.000115,172.31.36.0-255,66,21330,19,347918
29108,0.000129,74.125.24.0-255,2902,24232,19,347918
29109,0.00013,172.31.36.0-255,66,24298,19,347918
29110,0.000162,74.125.24.0-255,5738,30036,19,347918
29111,0.000165,172.31.36.0-255,66,30102,19,347918
29112,0.000167,74.125.24.0-255,1125,31227,19,347918
29113,0.000169,172.31.36.0-255,66,31293,19,347918
29114,0.000224,74.125.24.0-255,1484,32777,19,347918
29115,0.000226,172.31.36.0-255,66,32843,19,347918
29116,0.000231,74.125.24.0-255,2902,35745,19,347918
29117,0.000234,172.31.36.0-255,66,35811,19,347918
29118,0.000255,74.125.24.0-255,5738,41549,19,347918
29119,0.000258,172.31.36.0-255,66,41615,19,347918
29120,0.000265,74.125.24.0-255,5738,47353,19,347918
29121,0.000267,172.31.36.0-255,66,47419,19,347918
29122,0.000289,74.125.24.0-255,2902,50321,19,347918
29123,0.000291,172.31.36.0-255,66,50387,19,347918
29124,0.000325,172.31.36.0-255,66,50453,19,347918
29125,0.00033,74.125.24.0-255,3961,54414,19,347918
29126,0.000407,172.31.36.0-255,66,54480,19,347918
29127,0.000563,74.125.24.0-255,409,54889,19,347918
29128,0.000606,74.125.24.0-255,335,55224,19,347918
29129,0.000919,74.125.24.0-255,1484,56708,19,347918
29130,0.000924,172.31.36.0-255,66,56774,19,347918
29131,0.000929,74.125.24.0-255,2902,59676,19,347918
29132,0.000944,172.31.36.0-255,66,59742,19,347918
29133,0.000965,74.125.24.0-255,5738,65480,19,347918
29134,0.000968,172.31.36.0-255,66,65546,19,347918
29135,0.001015,172.31.36.0-255,66,65612,19,347918
29136,0.001019,74.125.24.0-255,10692,76304,19,347918
29137,0.001031,172.31.36.0-255,66,76370,19,347918
29138,0.001695,74.125.24.0-255,1484,77854,19,347918
29139,0.001706,74.125.24.0-255,2902,80756,19,347918
29140,0.00171,172.31.36.0-255,66,80822,19,347918
29141,0.001718,74.125.24.0-255,5738,86560,19,347918
29142,0.00172,172.31.36.0-255,66,86626,19,347918
29143,0.001791,74.125.24.0-255,2902,89528,19,347918
29144,0.001813,74.125.24.0-255,7856,97384,19,347918
29145,0.001996,74.125.24.0-255,1484,98868,19,347918
29146,0.002003,74.125.24.0-255,2902,101770,19,347918
29147,0.002026,74.125.24.0-255,1484,103254,19,347918
29148,0.002043,74.125.24.0-255,2902,106156,19,347918
29149,0.002066,74.125.24.0-255,5738,111894,19,347918
29150,0.002121,74.125.24.0-255,9992,121886,19,347918
29151,0.002129,74.125.24.0-255,9274,131160,19,347918
29152,0.002331,74.125.24.0-255,1484,132644,19,347918
29153,0.002335,74.125.24.0-255,1484,134128,19,347918
29154,0.002348,74.125.24.0-255,1484,135612,19,347918
29155,0.002359,74.125.24.0-255,1484,137096,19,347918
29156,0.002374,74.125.24.0-255,2902,139998,19,347918
29157,0.002386,74.125.24.0-255,1484,141482,19,347918
29158,0.002388,74.125.24.0-255,1484,142966,19,347918
29159,0.002394,74.125.24.0-255,5738,148704,19,347918
29160,0.002409,74.125.24.0-255,2902,151606,19,347918
29161,0.002416,74.125.24.0-255,7156,158762,19,347918
29162,0.002433,74.125.24.0-255,2902,161664,19,347918
29163,0.002438,74.125.24.0-255,3602,165266,19,347918
29164,0.002659,74.125.24.0-255,1484,166750,19,347918
29165,0.00267,74.125.24.0-255,2902,169652,19,347918
29166,0.002689,74.125.24.0-255,5738,175390,19,347918
29167,0.002733,74.125.24.0-255,4320,179710,19,347918
29168,0.002751,74.125.24.0-255,8574,188284,19,347918
29169,0.002765,74.125.24.0-255,2902,191186,19,347918
29170,0.002786,74.125.24.0-255,7856,199042,19,347918
29171,0.00286,74.125.24.0-255,1484,200526,19,347918
29172,0.002884,74.125.24.0-255,2902,203428,19,347918
29173,0.002905,74.125.24.0-255,5738,209166,19,347918
29174,0.002909,74.125.24.0-255,2902,212068,19,347918
29175,0.002933,74.125.24.0-255,4320,216388,19,347918
29176,0.002951,74.125.24.0-255,5738,222126,19,347918
29177,0.002954,74.125.24.0-255,1484,223610,19,347918
29178,0.002969,74.125.24.0-255,1484,225094,19,347918
29179,0.002984,74.125.24.0-255,4320,229414,19,347918
29180,0.003007,74.125.24.0-255,3602,233016,19,347918
29181,0.003081,74.125.24.0-255,4320,237336,19,347918
29182,0.003087,74.125.24.0-255,5738,243074,19,347918
29183,0.00309,74.125.24.0-255,1484,244558,19,347918
29184,0.003104,74.125.24.0-255,5738,250296,19,347918
29185,0.003106,74.125.24.0-255,1484,251780,19,347918
29186,0.003119,74.125.24.0-255,1484,253264,19,347918
29187,0.003132,74.125.24.0-255,5738,259002,19,347918
29188,0.003141,74.125.24.0-255,1484,260486,19,347918
29189,0.003172,74.125.24.0-255,4320,264806,19,347918
29190,0.003196,74.125.24.0-255,6438,271244,19,347918
29191,0.003205,74.125.24.0-255,9992,281236,19,347918
29192,0.003218,74.125.24.0-255,1484,282720,19,347918
29193,0.003222,74.125.24.0-255,2902,285622,19,347918
29194,0.003226,74.125.24.0-255,2902,288524,19,347918
29195,0.003237,74.125.24.0-255,1484,290008,19,347918
29196,0.003281,74.125.24.0-255,5738,295746,19,347918
29197,0.003293,74.125.24.0-255,2902,298648,19,347918
29198,0.003297,74.125.24.0-255,2184,300832,19,347918
29199,0.003299,74.125.24.0-255,1484,302316,19,347918
29200,0.003344,74.125.24.0-255,2902,305218,19,347918
29201,0.003355,74.125.24.0-255,2902,308120,19,347918
29202,0.003368,74.125.24.0-255,2902,311022,19,347918
29203,0.003398,74.125.24.0-255,1484,312506,19,347918
29204,0.003407,74.125.24.0-255,10692,323198,19,347918
29205,0.003641,74.125.24.0-255,1484,324682,19,347918
29206,0.003653,74.125.24.0-255,2902,327584,19,347918
29207,0.003676,74.125.24.0-255,5738,333322,19,347918
29208,0.003712,74.125.24.0-255,1484,334806,19,347918
29209,0.003715,74.125.24.0-255,1484,336290,19,347918
29210,0.003731,74.125.24.0-255,9274,345564,19,347918
29211,0.003832,74.125.24.0-255,1484,347048,19,347918
29212,0.003861,74.125.24.0-255,528,347576,19,347918
29213,0.003889,74.125.24.0-255,105,347681,19,347918
29214,0.00506,172.31.36.0-255,66,347747,19,347918
29215,0.007517,172.31.36.0-255,105,347852,19,347918
29216,0.009774,74.125.24.0-255,66,347918,19,347918
29217,0.0,172.217.194.0-255,153,153,19,253503
29218,2.4e-05,172.31.36.0-255,66,219,19,253503
29219,3e-05,172.217.194.0-255,1484,1703,19,253503
29220,3.4e-05,172.31.36.0-255,66,1769,19,253503
29221,4.5e-05,172.217.194.0-255,2902,4671,19,253503
29222,4.9e-05,172.31.36.0-255,66,4737,19,253503
29223,5.5e-05,172.217.194.0-255,4320,9057,19,253503
29224,5.8e-05,172.31.36.0-255,66,9123,19,253503
29225,9.3e-05,172.217.194.0-255,9084,18207,19,253503
29226,9.6e-05,172.31.36.0-255,66,18273,19,253503
29227,9.9e-05,172.217.194.0-255,1484,19757,19,253503
29228,0.0001,172.31.36.0-255,66,19823,19,253503
29229,0.000133,172.31.36.0-255,66,19889,19,253503
29230,0.000198,172.217.194.0-255,1484,21373,19,253503
29231,0.000202,172.31.36.0-255,66,21439,19,253503
29232,0.000207,172.217.194.0-255,2902,24341,19,253503
29233,0.000209,172.31.36.0-255,66,24407,19,253503
29234,0.000216,172.217.194.0-255,5738,30145,19,253503
29235,0.000218,172.31.36.0-255,66,30211,19,253503
29236,0.000275,172.217.194.0-255,6797,37008,19,253503
29237,0.000279,172.31.36.0-255,66,37074,19,253503
29238,0.000306,172.217.194.0-255,4320,41394,19,253503
29239,0.00031,172.31.36.0-255,66,41460,19,253503
29240,0.00034,172.217.194.0-255,2902,44362,19,253503
29241,0.000343,172.31.36.0-255,66,44428,19,253503
29242,0.000352,172.217.194.0-255,8574,53002,19,253503
29243,0.000354,172.31.36.0-255,66,53068,19,253503
29244,0.000363,172.217.194.0-255,1399,54467,19,253503
29245,0.000365,172.31.36.0-255,66,54533,19,253503
29246,0.000392,172.217.194.0-255,120,54653,19,253503
29247,0.000395,172.31.36.0-255,66,54719,19,253503
29248,0.000433,172.217.194.0-255,380,55099,19,253503
29249,0.000624,172.217.194.0-255,1484,56583,19,253503
29250,0.000628,172.31.36.0-255,66,56649,19,253503
29251,0.000632,172.217.194.0-255,1484,58133,19,253503
29252,0.000661,172.217.194.0-255,1484,59617,19,253503
29253,0.000664,172.31.36.0-255,66,59683,19,253503
29254,0.000671,172.217.194.0-255,5738,65421,19,253503
29255,0.000674,172.31.36.0-255,66,65487,19,253503
29256,0.000686,172.217.194.0-255,6797,72284,19,253503
29257,0.000689,172.31.36.0-255,66,72350,19,253503
29258,0.000696,172.217.194.0-255,7156,79506,19,253503
29259,0.000699,172.31.36.0-255,66,79572,19,253503
29260,0.000749,172.217.194.0-255,9633,89205,19,253503
29261,0.000753,172.31.36.0-255,66,89271,19,253503
29262,0.001072,172.217.194.0-255,1484,90755,19,253503
29263,0.001087,172.217.194.0-255,2902,93657,19,253503
29264,0.001091,172.31.36.0-255,66,93723,19,253503
29265,0.001097,172.217.194.0-255,5738,99461,19,253503
29266,0.001099,172.31.36.0-255,66,99527,19,253503
29267,0.001134,172.217.194.0-255,8574,108101,19,253503
29268,0.001138,172.31.36.0-255,66,108167,19,253503
29269,0.001147,172.217.194.0-255,9992,118159,19,253503
29270,0.001149,172.31.36.0-255,66,118225,19,253503
29271,0.001186,172.217.194.0-255,5020,123245,19,253503
29272,0.001191,172.31.36.0-255,66,123311,19,253503
29273,0.001219,172.217.194.0-255,5738,129049,19,253503
29274,0.001223,172.31.36.0-255,66,129115,19,253503
29275,0.00123,172.217.194.0-255,5738,134853,19,253503
29276,0.001232,172.31.36.0-255,66,134919,19,253503
29277,0.001266,172.217.194.0-255,7156,142075,19,253503
29278,0.001269,172.31.36.0-255,66,142141,19,253503
29279,0.001289,172.31.36.0-255,66,142207,19,253503
29280,0.00129,172.217.194.0-255,3602,145809,19,253503
29281,0.001292,172.31.36.0-255,66,145875,19,253503
29282,0.001356,172.217.194.0-255,1484,147359,19,253503
29283,0.001377,172.217.194.0-255,2902,150261,19,253503
29284,0.001381,172.31.36.0-255,66,150327,19,253503
29285,0.001387,172.217.194.0-255,5738,156065,19,253503
29286,0.00139,172.31.36.0-255,66,156131,19,253503
29287,0.00143,172.31.36.0-255,66,156197,19,253503
29288,0.001436,172.217.194.0-255,4320,160517,19,253503
29289,0.001438,172.31.36.0-255,66,160583,19,253503
29290,0.001475,172.217.194.0-255,6438,167021,19,253503
29291,0.00148,172.31.36.0-255,66,167087,19,253503
29292,0.00159,172.217.194.0-255,1484,168571,19,253503
29293,0.001597,172.217.194.0-255,2902,171473,19,253503
29294,0.001599,172.31.36.0-255,66,171539,19,253503
29295,0.001604,172.217.194.0-255,2902,174441,19,253503
29296,0.001606,172.31.36.0-255,66,174507,19,253503
29297,0.00164,172.217.194.0-255,2902,177409,19,253503
29298,0.001643,172.31.36.0-255,66,177475,19,253503
29299,0.001661,172.31.36.0-255,66,177541,19,253503
29300,0.001692,172.217.194.0-255,1484,179025,19,253503
29301,0.001705,172.217.194.0-255,5738,184763,19,253503
29302,0.001709,172.31.36.0-255,66,184829,19,253503
29303,0.001735,172.217.194.0-255,3602,188431,19,253503
29304,0.001738,172.31.36.0-255,66,188497,19,253503
29305,0.001983,172.217.194.0-255,1484,189981,19,253503
29306,0.001988,172.217.194.0-255,2902,192883,19,253503
29307,0.001992,172.31.36.0-255,66,192949,19,253503
29308,0.001996,172.217.194.0-255,1484,194433,19,253503
29309,0.002038,172.217.194.0-255,4320,198753,19,253503
29310,0.002041,172.31.36.0-255,66,198819,19,253503
29311,0.002069,172.31.36.0-255,66,198885,19,253503
29312,0.002078,172.217.194.0-255,9992,208877,19,253503
29313,0.002081,172.31.36.0-255,66,208943,19,253503
29314,0.002083,172.217.194.0-255,766,209709,19,253503
29315,0.002423,172.31.36.0-255,66,209775,19,253503
29316,0.004149,172.217.194.0-255,4320,214095,19,253503
29317,0.004155,172.31.36.0-255,66,214161,19,253503
29318,0.004451,172.217.194.0-255,1484,215645,19,253503
29319,0.006179,172.217.194.0-255,4320,219965,19,253503
29320,0.006184,172.31.36.0-255,66,220031,19,253503
29321,0.008219,172.217.194.0-255,5738,225769,19,253503
29322,0.008225,172.31.36.0-255,66,225835,19,253503
29323,0.010302,172.217.194.0-255,5738,231573,19,253503
29324,0.01031,172.31.36.0-255,66,231639,19,253503
29325,0.012367,172.217.194.0-255,4320,235959,19,253503
29326,0.012374,172.31.36.0-255,66,236025,19,253503
29327,0.012404,172.217.194.0-255,1484,237509,19,253503
29328,0.014397,172.217.194.0-255,4320,241829,19,253503
29329,0.014404,172.31.36.0-255,66,241895,19,253503
29330,0.016443,172.217.194.0-255,5738,247633,19,253503
29331,0.016451,172.31.36.0-255,66,247699,19,253503
29332,0.018495,172.217.194.0-255,5738,253437,19,253503
29333,0.018502,172.31.36.0-255,66,253503,19,253503
29334,0.0,172.217.194.0-255,150,150,19,144460
29335,1.9e-05,172.31.36.0-255,66,216,19,144460
29336,2.6e-05,172.217.194.0-255,1484,1700,19,144460
29337,3.1e-05,172.31.36.0-255,66,1766,19,144460
29338,3.7e-05,172.217.194.0-255,2902,4668,19,144460
29339,4e-05,172.31.36.0-255,66,4734,19,144460
29340,4.8e-05,172.217.194.0-255,7156,11890,19,144460
29341,5.1e-05,172.31.36.0-255,66,11956,19,144460
29342,0.000163,172.217.194.0-255,2015,13971,19,144460
29343,0.000168,172.31.36.0-255,66,14037,19,144460
29344,0.000383,172.217.194.0-255,1484,15521,19,144460
29345,0.000389,172.31.36.0-255,66,15587,19,144460
29346,0.000396,172.217.194.0-255,2902,18489,19,144460
29347,0.0004,172.31.36.0-255,66,18555,19,144460
29348,0.000433,172.217.194.0-255,2902,21457,19,144460
29349,0.000437,172.31.36.0-255,66,21523,19,144460
29350,0.000453,172.217.194.0-255,2902,24425,19,144460
29351,0.000455,172.31.36.0-255,66,24491,19,144460
29352,0.000532,172.217.194.0-255,6797,31288,19,144460
29353,0.000536,172.31.36.0-255,66,31354,19,144460
29354,0.000806,172.217.194.0-255,1484,32838,19,144460
29355,0.000812,172.31.36.0-255,66,32904,19,144460
29356,0.00082,172.217.194.0-255,2902,35806,19,144460
29357,0.000822,172.31.36.0-255,66,35872,19,144460
29358,0.000849,172.217.194.0-255,2902,38774,19,144460
29359,0.000851,172.31.36.0-255,66,38840,19,144460
29360,0.00087,172.217.194.0-255,2902,41742,19,144460
29361,0.000872,172.31.36.0-255,66,41808,19,144460
29362,0.000946,172.217.194.0-255,2902,44710,19,144460
29363,0.00095,172.31.36.0-255,66,44776,19,144460
29364,0.00097,172.217.194.0-255,3961,48737,19,144460
29365,0.000973,172.31.36.0-255,66,48803,19,144460
29366,0.001056,172.217.194.0-255,7156,55959,19,144460
29367,0.001081,172.217.194.0-255,7156,63115,19,144460
29368,0.001296,172.217.194.0-255,2795,65910,19,144460
29369,0.001362,172.217.194.0-255,4320,70230,19,144460
29370,0.001627,172.217.194.0-255,9992,80222,19,144460
29371,0.001648,172.217.194.0-255,7114,87336,19,144460
29372,0.001897,172.217.194.0-255,5738,93074,19,144460
29373,0.002397,172.217.194.0-255,1484,94558,19,144460
29374,0.002413,172.217.194.0-255,5738,100296,19,144460
29375,0.002431,172.217.194.0-255,2184,102480,19,144460
29376,0.00323,172.217.194.0-255,5738,108218,19,144460
29377,0.004222,172.217.194.0-255,7156,115374,19,144460
29378,0.006392,172.31.36.0-255,66,115440,19,144460
29379,0.009054,172.217.194.0-255,5738,121178,19,144460
29380,0.009061,172.31.36.0-255,66,121244,19,144460
29381,0.011718,172.217.194.0-255,5738,126982,19,144460
29382,0.011727,172.31.36.0-255,66,127048,19,144460
29383,0.014335,172.217.194.0-255,5738,132786,19,144460
29384,0.014344,172.31.36.0-255,66,132852,19,144460
29385,0.016982,172.217.194.0-255,5738,138590,19,144460
29386,0.016994,172.31.36.0-255,66,138656,19,144460
29387,0.019616,172.217.194.0-255,5738,144394,19,144460
29388,0.019626,172.31.36.0-255,66,144460,19,144460
29389,0.0,172.217.194.0-255,153,153,19,239490
29390,2e-05,172.31.36.0-255,66,219,19,239490
29391,2.7e-05,172.217.194.0-255,1484,1703,19,239490
29392,3.2e-05,172.31.36.0-255,66,1769,19,239490
29393,4.5e-05,172.217.194.0-255,2902,4671,19,239490
29394,4.9e-05,172.31.36.0-255,66,4737,19,239490
29395,5.5e-05,172.217.194.0-255,5738,10475,19,239490
29396,5.9e-05,172.31.36.0-255,66,10541,19,239490
29397,6.4e-05,172.217.194.0-255,3458,13999,19,239490
29398,6.7e-05,172.31.36.0-255,66,14065,19,239490
29399,0.000145,172.217.194.0-255,1484,15549,19,239490
29400,0.00015,172.31.36.0-255,66,15615,19,239490
29401,0.000155,172.217.194.0-255,2902,18517,19,239490
29402,0.000158,172.31.36.0-255,66,18583,19,239490
29403,0.000162,172.217.194.0-255,2902,21485,19,239490
29404,0.000169,172.31.36.0-255,66,21551,19,239490
29405,0.000202,172.217.194.0-255,2902,24453,19,239490
29406,0.000206,172.31.36.0-255,66,24519,19,239490
29407,0.000209,172.217.194.0-255,1484,26003,19,239490
29408,0.000211,172.31.36.0-255,66,26069,19,239490
29409,0.000255,172.31.36.0-255,66,26135,19,239490
29410,0.00027,172.31.36.0-255,66,26201,19,239490
29411,0.000279,172.217.194.0-255,8574,34775,19,239490
29412,0.000282,172.31.36.0-255,66,34841,19,239490
29413,0.000315,172.217.194.0-255,3602,38443,19,239490
29414,0.000318,172.31.36.0-255,66,38509,19,239490
29415,0.000321,172.217.194.0-255,679,39188,19,239490
29416,0.000323,172.31.36.0-255,66,39254,19,239490
29417,0.000326,172.217.194.0-255,1484,40738,19,239490
29418,0.000328,172.31.36.0-255,66,40804,19,239490
29419,0.000333,172.217.194.0-255,4320,45124,19,239490
29420,0.000336,172.31.36.0-255,66,45190,19,239490
29421,0.00038,172.217.194.0-255,9992,55182,19,239490
29422,0.000383,172.31.36.0-255,66,55248,19,239490
29423,0.000386,172.217.194.0-255,574,55822,19,239490
29424,0.000499,172.217.194.0-255,1484,57306,19,239490
29425,0.000503,172.31.36.0-255,66,57372,19,239490
29426,0.000508,172.217.194.0-255,2902,60274,19,239490
29427,0.000511,172.31.36.0-255,66,60340,19,239490
29428,0.000515,172.217.194.0-255,2902,63242,19,239490
29429,0.000522,172.31.36.0-255,66,63308,19,239490
29430,0.00055,172.217.194.0-255,2902,66210,19,239490
29431,0.000554,172.31.36.0-255,66,66276,19,239490
29432,0.000577,172.217.194.0-255,6797,73073,19,239490
29433,0.000581,172.31.36.0-255,66,73139,19,239490
29434,0.000909,172.217.194.0-255,1484,74623,19,239490
29435,0.00093,172.217.194.0-255,2902,77525,19,239490
29436,0.000937,172.217.194.0-255,5738,83263,19,239490
29437,0.000943,172.31.36.0-255,66,83329,19,239490
29438,0.000951,172.31.36.0-255,66,83395,19,239490
29439,0.000955,172.217.194.0-255,1484,84879,19,239490
29440,0.000996,172.31.36.0-255,66,84945,19,239490
29441,0.001006,172.217.194.0-255,9992,94937,19,239490
29442,0.001009,172.31.36.0-255,66,95003,19,239490
29443,0.00103,172.217.194.0-255,766,95769,19,239490
29444,0.001413,172.31.36.0-255,101,95870,19,239490
29445,0.001445,172.217.194.0-255,1484,97354,19,239490
29446,0.00147,172.217.194.0-255,2902,100256,19,239490
29447,0.001474,172.31.36.0-255,66,100322,19,239490
29448,0.00148,172.217.194.0-255,5738,106060,19,239490
29449,0.001483,172.31.36.0-255,66,106126,19,239490
29450,0.001493,172.217.194.0-255,4320,110446,19,239490
29451,0.001495,172.31.36.0-255,66,110512,19,239490
29452,0.001557,172.31.36.0-255,66,110578,19,239490
29453,0.001567,172.217.194.0-255,7856,118434,19,239490
29454,0.001569,172.31.36.0-255,66,118500,19,239490
29455,0.001597,172.217.194.0-255,1484,119984,19,239490
29456,0.001602,172.217.194.0-255,2902,122886,19,239490
29457,0.001604,172.31.36.0-255,66,122952,19,239490
29458,0.001611,172.217.194.0-255,5738,128690,19,239490
29459,0.001615,172.31.36.0-255,66,128756,19,239490
29460,0.001661,172.31.36.0-255,66,128822,19,239490
29461,0.001669,172.217.194.0-255,8574,137396,19,239490
29462,0.001672,172.31.36.0-255,66,137462,19,239490
29463,0.001704,172.217.194.0-255,2184,139646,19,239490
29464,0.001707,172.217.194.0-255,2902,142548,19,239490
29465,0.001713,172.217.194.0-255,7156,149704,19,239490
29466,0.001718,172.31.36.0-255,66,149770,19,239490
29467,0.001722,172.31.36.0-255,66,149836,19,239490
29468,0.001737,172.31.36.0-255,66,149902,19,239490
29469,0.001755,172.31.36.0-255,66,149968,19,239490
29470,0.001763,172.217.194.0-255,7856,157824,19,239490
29471,0.001766,172.31.36.0-255,66,157890,19,239490
29472,0.001809,172.217.194.0-255,1484,159374,19,239490
29473,0.001813,172.217.194.0-255,1484,160858,19,239490
29474,0.001815,172.31.36.0-255,66,160924,19,239490
29475,0.001844,172.217.194.0-255,1484,162408,19,239490
29476,0.001851,172.217.194.0-255,5738,168146,19,239490
29477,0.001854,172.31.36.0-255,66,168212,19,239490
29478,0.001874,172.217.194.0-255,8574,176786,19,239490
29479,0.001877,172.31.36.0-255,66,176852,19,239490
29480,0.001926,172.31.36.0-255,66,176918,19,239490
29481,0.001942,172.217.194.0-255,2184,179102,19,239490
29482,0.001944,172.31.36.0-255,66,179168,19,239490
29483,0.001969,172.217.194.0-255,1484,180652,19,239490
29484,0.001985,172.217.194.0-255,2902,183554,19,239490
29485,0.001988,172.31.36.0-255,66,183620,19,239490
29486,0.00201,172.217.194.0-255,5738,189358,19,239490
29487,0.002013,172.31.36.0-255,66,189424,19,239490
29488,0.002055,172.31.36.0-255,66,189490,19,239490
29489,0.002058,172.217.194.0-255,1484,190974,19,239490
29490,0.002088,172.217.194.0-255,9274,200248,19,239490
29491,0.002094,172.31.36.0-255,66,200314,19,239490
29492,0.002104,172.217.194.0-255,2902,203216,19,239490
29493,0.002107,172.31.36.0-255,66,203282,19,239490
29494,0.00214,172.217.194.0-255,8574,211856,19,239490
29495,0.002143,172.31.36.0-255,66,211922,19,239490
29496,0.002162,172.31.36.0-255,66,211988,19,239490
29497,0.002205,172.217.194.0-255,9992,221980,19,239490
29498,0.002209,172.31.36.0-255,66,222046,19,239490
29499,0.002239,172.217.194.0-255,5020,227066,19,239490
29500,0.002241,172.31.36.0-255,66,227132,19,239490
29501,0.002258,172.31.36.0-255,66,227198,19,239490
29502,0.002271,172.31.36.0-255,66,227264,19,239490
29503,0.002286,172.31.36.0-255,66,227330,19,239490
29504,0.0023,172.31.36.0-255,66,227396,19,239490
29505,0.002335,172.217.194.0-255,4320,231716,19,239490
29506,0.002338,172.31.36.0-255,66,231782,19,239490
29507,0.002347,172.217.194.0-255,7300,239082,19,239490
29508,0.002351,172.31.36.0-255,66,239148,19,239490
29509,0.003681,172.217.194.0-255,66,239214,19,239490
29510,0.004607,172.217.194.0-255,105,239319,19,239490
29511,0.012625,172.31.36.0-255,105,239424,19,239490
29512,0.019154,172.217.194.0-255,66,239490,19,239490
29513,0.0,74.125.130.0-255,97,97,19,435
29514,0.008313,74.125.130.0-255,97,194,19,435
29515,0.008323,172.31.36.0-255,78,272,19,435
29516,0.012541,172.31.36.0-255,97,369,19,435
29517,0.019649,74.125.130.0-255,66,435,19,435
29518,0.0,74.125.24.0-255,153,153,19,315842
29519,2.4e-05,172.31.36.0-255,66,219,19,315842
29520,3.2e-05,74.125.24.0-255,1484,1703,19,315842
29521,3.6e-05,172.31.36.0-255,66,1769,19,315842
29522,5.1e-05,74.125.24.0-255,2902,4671,19,315842
29523,5.5e-05,172.31.36.0-255,66,4737,19,315842
29524,6.4e-05,74.125.24.0-255,7156,11893,19,315842
29525,6.9e-05,172.31.36.0-255,66,11959,19,315842
29526,7.3e-05,74.125.24.0-255,2010,13969,19,315842
29527,7.6e-05,172.31.36.0-255,66,14035,19,315842
29528,9e-05,172.31.36.0-255,66,14101,19,315842
29529,9.7e-05,74.125.24.0-255,7156,21257,19,315842
29530,0.0001,172.31.36.0-255,66,21323,19,315842
29531,0.000148,74.125.24.0-255,8574,29897,19,315842
29532,0.000152,172.31.36.0-255,66,29963,19,315842
29533,0.000182,74.125.24.0-255,6438,36401,19,315842
29534,0.000185,172.31.36.0-255,66,36467,19,315842
29535,0.000248,74.125.24.0-255,1484,37951,19,315842
29536,0.00025,172.31.36.0-255,66,38017,19,315842
29537,0.000255,74.125.24.0-255,2902,40919,19,315842
29538,0.000258,172.31.36.0-255,66,40985,19,315842
29539,0.000291,74.125.24.0-255,5738,46723,19,315842
29540,0.000294,172.31.36.0-255,66,46789,19,315842
29541,0.000301,74.125.24.0-255,7124,53913,19,315842
29542,0.000303,172.31.36.0-255,66,53979,19,315842
29543,0.000361,74.125.24.0-255,1484,55463,19,315842
29544,0.000365,172.31.36.0-255,66,55529,19,315842
29545,0.00037,74.125.24.0-255,2902,58431,19,315842
29546,0.000372,172.31.36.0-255,66,58497,19,315842
29547,0.0004,74.125.24.0-255,5738,64235,19,315842
29548,0.000407,172.31.36.0-255,66,64301,19,315842
29549,0.000446,172.31.36.0-255,66,64367,19,315842
29550,0.000454,74.125.24.0-255,8574,72941,19,315842
29551,0.000457,172.31.36.0-255,66,73007,19,315842
29552,0.000513,74.125.24.0-255,2543,75550,19,315842
29553,0.000516,172.31.36.0-255,66,75616,19,315842
29554,0.00084,74.125.24.0-255,1484,77100,19,315842
29555,0.000848,74.125.24.0-255,2902,80002,19,315842
29556,0.000852,172.31.36.0-255,66,80068,19,315842
29557,0.00086,74.125.24.0-255,5738,85806,19,315842
29558,0.000862,172.31.36.0-255,66,85872,19,315842
29559,0.000872,74.125.24.0-255,1484,87356,19,315842
29560,0.000927,172.31.36.0-255,66,87422,19,315842
29561,0.000936,74.125.24.0-255,8574,95996,19,315842
29562,0.000943,172.31.36.0-255,66,96062,19,315842
29563,0.000947,74.125.24.0-255,2184,98246,19,315842
29564,0.000949,172.31.36.0-255,66,98312,19,315842
29565,0.000954,74.125.24.0-255,2902,101214,19,315842
29566,0.000956,172.31.36.0-255,66,101280,19,315842
29567,0.000961,74.125.24.0-255,2902,104182,19,315842
29568,0.000964,172.31.36.0-255,66,104248,19,315842
29569,0.001001,74.125.24.0-255,4320,108568,19,315842
29570,0.001005,172.31.36.0-255,66,108634,19,315842
29571,0.001023,172.31.36.0-255,66,108700,19,315842
29572,0.001061,74.125.24.0-255,4320,113020,19,315842
29573,0.001064,172.31.36.0-255,66,113086,19,315842
29574,0.001072,74.125.24.0-255,7856,120942,19,315842
29575,0.00108,172.31.36.0-255,66,121008,19,315842
29576,0.001088,74.125.24.0-255,8574,129582,19,315842
29577,0.001091,172.31.36.0-255,66,129648,19,315842
29578,0.001096,74.125.24.0-255,4320,133968,19,315842
29579,0.001098,172.31.36.0-255,66,134034,19,315842
29580,0.001137,172.31.36.0-255,66,134100,19,315842
29581,0.001149,74.125.24.0-255,6438,140538,19,315842
29582,0.001152,172.31.36.0-255,66,140604,19,315842
29583,0.001159,74.125.24.0-255,7156,147760,19,315842
29584,0.001162,172.31.36.0-255,66,147826,19,315842
29585,0.001207,74.125.24.0-255,9992,157818,19,315842
29586,0.001217,172.31.36.0-255,66,157884,19,315842
29587,0.00122,172.31.36.0-255,66,157950,19,315842
29588,0.001246,74.125.24.0-255,766,158716,19,315842
29589,0.001302,74.125.24.0-255,1484,160200,19,315842
29590,0.001306,172.31.36.0-255,66,160266,19,315842
29591,0.001311,74.125.24.0-255,2902,163168,19,315842
29592,0.001313,172.31.36.0-255,66,163234,19,315842
29593,0.001318,74.125.24.0-255,2902,166136,19,315842
29594,0.001328,172.31.36.0-255,66,166202,19,315842
29595,0.001366,74.125.24.0-255,2902,169104,19,315842
29596,0.001369,172.31.36.0-255,66,169170,19,315842
29597,0.001393,172.31.36.0-255,66,169236,19,315842
29598,0.001396,74.125.24.0-255,1484,170720,19,315842
29599,0.001404,74.125.24.0-255,5738,176458,19,315842
29600,0.001406,172.31.36.0-255,66,176524,19,315842
29601,0.00143,74.125.24.0-255,3602,180126,19,315842
29602,0.001433,172.31.36.0-255,66,180192,19,315842
29603,0.001447,74.125.24.0-255,9992,190184,19,315842
29604,0.00145,172.31.36.0-255,66,190250,19,315842
29605,0.001487,74.125.24.0-255,2902,193152,19,315842
29606,0.00149,172.31.36.0-255,66,193218,19,315842
29607,0.001521,74.125.24.0-255,9992,203210,19,315842
29608,0.001535,74.125.24.0-255,10692,213902,19,315842
29609,0.00154,172.31.36.0-255,66,213968,19,315842
29610,0.001543,172.31.36.0-255,66,214034,19,315842
29611,0.001575,74.125.24.0-255,1484,215518,19,315842
29612,0.00158,74.125.24.0-255,2902,218420,19,315842
29613,0.001585,74.125.24.0-255,4320,222740,19,315842
29614,0.001605,74.125.24.0-255,1484,224224,19,315842
29615,0.001609,74.125.24.0-255,2902,227126,19,315842
29616,0.001614,74.125.24.0-255,4320,231446,19,315842
29617,0.001622,74.125.24.0-255,8574,240020,19,315842
29618,0.001657,74.125.24.0-255,7856,247876,19,315842
29619,0.001661,172.31.36.0-255,66,247942,19,315842
29620,0.00168,172.31.36.0-255,66,248008,19,315842
29621,0.001729,74.125.24.0-255,1484,249492,19,315842
29622,0.001735,74.125.24.0-255,2902,252394,19,315842
29623,0.001745,74.125.24.0-255,1484,253878,19,315842
29624,0.001749,172.31.36.0-255,66,253944,19,315842
29625,0.001758,74.125.24.0-255,4320,258264,19,315842
29626,0.001782,74.125.24.0-255,8574,266838,19,315842
29627,0.001808,74.125.24.0-255,4320,271158,19,315842
29628,0.001816,74.125.24.0-255,10692,281850,19,315842
29629,0.001819,172.31.36.0-255,66,281916,19,315842
29630,0.00183,74.125.24.0-255,1484,283400,19,315842
29631,0.001864,74.125.24.0-255,9992,293392,19,315842
29632,0.001873,74.125.24.0-255,9992,303384,19,315842
29633,0.001903,172.31.36.0-255,66,303450,19,315842
29634,0.001911,74.125.24.0-255,8574,312024,19,315842
29635,0.001917,172.31.36.0-255,66,312090,19,315842
29636,0.001938,74.125.24.0-255,3243,315333,19,315842
29637,0.001956,74.125.24.0-255,105,315438,19,315842
29638,0.001973,172.31.36.0-255,66,315504,19,315842
29639,0.002824,172.31.36.0-255,101,315605,19,315842
29640,0.00448,172.31.36.0-255,105,315710,19,315842
29641,0.005087,74.125.24.0-255,66,315776,19,315842
29642,0.006781,74.125.24.0-255,66,315842,19,315842
29643,0.0,74.125.24.0-255,298,298,19,150742
29644,1.7e-05,172.31.36.0-255,66,364,19,150742
29645,2.3e-05,74.125.24.0-255,1484,1848,19,150742
29646,2.7e-05,172.31.36.0-255,66,1914,19,150742
29647,3.4e-05,74.125.24.0-255,4320,6234,19,150742
29648,3.7e-05,172.31.36.0-255,66,6300,19,150742
29649,5.3e-05,74.125.24.0-255,7156,13456,19,150742
29650,5.7e-05,172.31.36.0-255,66,13522,19,150742
29651,0.000105,172.31.36.0-255,66,13588,19,150742
29652,0.000108,74.125.24.0-255,1125,14713,19,150742
29653,0.00011,172.31.36.0-255,66,14779,19,150742
29654,0.000207,74.125.24.0-255,1484,16263,19,150742
29655,0.00021,172.31.36.0-255,66,16329,19,150742
29656,0.000217,74.125.24.0-255,2902,19231,19,150742
29657,0.000219,172.31.36.0-255,66,19297,19,150742
29658,0.000223,74.125.24.0-255,1484,20781,19,150742
29659,0.000225,172.31.36.0-255,66,20847,19,150742
29660,0.000256,74.125.24.0-255,4320,25167,19,150742
29661,0.000264,172.31.36.0-255,66,25233,19,150742
29662,0.00027,74.125.24.0-255,5738,30971,19,150742
29663,0.000273,172.31.36.0-255,66,31037,19,150742
29664,0.00028,74.125.24.0-255,6797,37834,19,150742
29665,0.000282,172.31.36.0-255,66,37900,19,150742
29666,0.000325,172.31.36.0-255,66,37966,19,150742
29667,0.000379,74.125.24.0-255,109,38075,19,150742
29668,0.000382,172.31.36.0-255,66,38141,19,150742
29669,0.000604,74.125.24.0-255,1484,39625,19,150742
29670,0.000609,172.31.36.0-255,66,39691,19,150742
29671,0.000615,74.125.24.0-255,2902,42593,19,150742
29672,0.000618,172.31.36.0-255,66,42659,19,150742
29673,0.000628,74.125.24.0-255,2902,45561,19,150742
29674,0.000675,74.125.24.0-255,2902,48463,19,150742
29675,0.000682,74.125.24.0-255,6797,55260,19,150742
29676,0.000687,172.31.36.0-255,66,55326,19,150742
29677,0.000715,172.31.36.0-255,66,55392,19,150742
29678,0.000803,74.125.24.0-255,1484,56876,19,150742
29679,0.00081,74.125.24.0-255,2902,59778,19,150742
29680,0.000822,74.125.24.0-255,2902,62680,19,150742
29681,0.000837,74.125.24.0-255,2902,65582,19,150742
29682,0.000843,74.125.24.0-255,4320,69902,19,150742
29683,0.000849,172.31.36.0-255,66,69968,19,150742
29684,0.000859,74.125.24.0-255,2543,72511,19,150742
29685,0.00088,172.31.36.0-255,66,72577,19,150742
29686,0.001137,74.125.24.0-255,331,72908,19,150742
29687,0.001311,74.125.24.0-255,1484,74392,19,150742
29688,0.001316,172.31.36.0-255,66,74458,19,150742
29689,0.001321,74.125.24.0-255,2902,77360,19,150742
29690,0.001326,74.125.24.0-255,2902,80262,19,150742
29691,0.001341,74.125.24.0-255,2902,83164,19,150742
29692,0.001348,172.31.36.0-255,66,83230,19,150742
29693,0.001384,74.125.24.0-255,9992,93222,19,150742
29694,0.001397,172.31.36.0-255,66,93288,19,150742
29695,0.001439,172.31.36.0-255,66,93354,19,150742
29696,0.002126,74.125.24.0-255,1484,94838,19,150742
29697,0.002132,172.31.36.0-255,66,94904,19,150742
29698,0.002142,74.125.24.0-255,2902,97806,19,150742
29699,0.00216,74.125.24.0-255,2902,100708,19,150742
29700,0.002163,74.125.24.0-255,1484,102192,19,150742
29701,0.002183,74.125.24.0-255,5738,107930,19,150742
29702,0.002196,74.125.24.0-255,4320,112250,19,150742
29703,0.002224,74.125.24.0-255,3602,115852,19,150742
29704,0.002457,172.31.36.0-255,66,115918,19,150742
29705,0.005089,74.125.24.0-255,5738,121656,19,150742
29706,0.005097,172.31.36.0-255,66,121722,19,150742
29707,0.007734,74.125.24.0-255,5738,127460,19,150742
29708,0.007741,172.31.36.0-255,66,127526,19,150742
29709,0.010355,74.125.24.0-255,5738,133264,19,150742
29710,0.010363,172.31.36.0-255,66,133330,19,150742
29711,0.013016,74.125.24.0-255,5738,139068,19,150742
29712,0.013026,172.31.36.0-255,66,139134,19,150742
29713,0.015643,74.125.24.0-255,5738,144872,19,150742
29714,0.015657,172.31.36.0-255,66,144938,19,150742
29715,0.018321,74.125.24.0-255,5738,150676,19,150742
29716,0.018329,172.31.36.0-255,66,150742,19,150742
29717,0.0,74.125.24.0-255,153,153,19,199599
29718,2.2e-05,172.31.36.0-255,66,219,19,199599
29719,3e-05,74.125.24.0-255,1484,1703,19,199599
29720,3.4e-05,172.31.36.0-255,66,1769,19,199599
29721,3.9e-05,74.125.24.0-255,2902,4671,19,199599
29722,5.2e-05,172.31.36.0-255,66,4737,19,199599
29723,6e-05,74.125.24.0-255,7156,11893,19,199599
29724,6.3e-05,172.31.36.0-255,66,11959,19,199599
29725,0.000106,74.125.24.0-255,2048,14007,19,199599
29726,0.00011,172.31.36.0-255,66,14073,19,199599
29727,0.000139,74.125.24.0-255,2902,16975,19,199599
29728,0.000142,172.31.36.0-255,66,17041,19,199599
29729,0.000173,74.125.24.0-255,4320,21361,19,199599
29730,0.000177,172.31.36.0-255,66,21427,19,199599
29731,0.000209,74.125.24.0-255,8574,30001,19,199599
29732,0.000212,172.31.36.0-255,66,30067,19,199599
29733,0.000215,74.125.24.0-255,1125,31192,19,199599
29734,0.000217,172.31.36.0-255,66,31258,19,199599
29735,0.000369,74.125.24.0-255,1484,32742,19,199599
29736,0.000375,172.31.36.0-255,66,32808,19,199599
29737,0.00038,74.125.24.0-255,2902,35710,19,199599
29738,0.000382,172.31.36.0-255,66,35776,19,199599
29739,0.000387,74.125.24.0-255,4320,40096,19,199599
29740,0.00039,172.31.36.0-255,66,40162,19,199599
29741,0.00042,74.125.24.0-255,1484,41646,19,199599
29742,0.000423,172.31.36.0-255,66,41712,19,199599
29743,0.000429,74.125.24.0-255,4320,46032,19,199599
29744,0.000431,172.31.36.0-255,66,46098,19,199599
29745,0.000449,74.125.24.0-255,4320,50418,19,199599
29746,0.000453,172.31.36.0-255,66,50484,19,199599
29747,0.000492,74.125.24.0-255,8215,58699,19,199599
29748,0.000496,172.31.36.0-255,66,58765,19,199599
29749,0.000503,74.125.24.0-255,7112,65877,19,199599
29750,0.000506,172.31.36.0-255,66,65943,19,199599
29751,0.000508,74.125.24.0-255,108,66051,19,199599
29752,0.00063,74.125.24.0-255,1484,67535,19,199599
29753,0.000636,172.31.36.0-255,66,67601,19,199599
29754,0.000641,74.125.24.0-255,2902,70503,19,199599
29755,0.000643,172.31.36.0-255,66,70569,19,199599
29756,0.000677,74.125.24.0-255,5738,76307,19,199599
29757,0.000681,172.31.36.0-255,66,76373,19,199599
29758,0.000708,74.125.24.0-255,4320,80693,19,199599
29759,0.000712,172.31.36.0-255,66,80759,19,199599
29760,0.000742,74.125.24.0-255,6797,87556,19,199599
29761,0.000746,172.31.36.0-255,66,87622,19,199599
29762,0.000757,172.31.36.0-255,66,87688,19,199599
29763,0.00076,74.125.24.0-255,1125,88813,19,199599
29764,0.001031,74.125.24.0-255,1484,90297,19,199599
29765,0.001037,172.31.36.0-255,66,90363,19,199599
29766,0.001043,74.125.24.0-255,2902,93265,19,199599
29767,0.001045,172.31.36.0-255,66,93331,19,199599
29768,0.001058,74.125.24.0-255,5738,99069,19,199599
29769,0.001061,172.31.36.0-255,66,99135,19,199599
29770,0.0011,74.125.24.0-255,8574,107709,19,199599
29771,0.001104,172.31.36.0-255,66,107775,19,199599
29772,0.001139,74.125.24.0-255,4320,112095,19,199599
29773,0.001143,172.31.36.0-255,66,112161,19,199599
29774,0.001152,74.125.24.0-255,8574,120735,19,199599
29775,0.001155,172.31.36.0-255,66,120801,19,199599
29776,0.001159,74.125.24.0-255,2184,122985,19,199599
29777,0.001162,172.31.36.0-255,66,123051,19,199599
29778,0.001254,74.125.24.0-255,1484,124535,19,199599
29779,0.001261,74.125.24.0-255,2902,127437,19,199599
29780,0.001266,172.31.36.0-255,66,127503,19,199599
29781,0.001272,74.125.24.0-255,5738,133241,19,199599
29782,0.001275,172.31.36.0-255,66,133307,19,199599
29783,0.001355,172.31.36.0-255,66,133373,19,199599
29784,0.001365,74.125.24.0-255,10692,144065,19,199599
29785,0.001368,172.31.36.0-255,66,144131,19,199599
29786,0.002214,74.125.24.0-255,1484,145615,19,199599
29787,0.00222,74.125.24.0-255,2902,148517,19,199599
29788,0.002224,74.125.24.0-255,2902,151419,19,199599
29789,0.00223,172.31.36.0-255,66,151485,19,199599
29790,0.002233,172.31.36.0-255,66,151551,19,199599
29791,0.002259,74.125.24.0-255,2902,154453,19,199599
29792,0.002261,172.31.36.0-255,66,154519,19,199599
29793,0.002266,74.125.24.0-255,4320,158839,19,199599
29794,0.002268,172.31.36.0-255,66,158905,19,199599
29795,0.002279,172.31.36.0-255,66,158971,19,199599
29796,0.004527,74.125.24.0-255,5738,164709,19,199599
29797,0.004533,172.31.36.0-255,66,164775,19,199599
29798,0.006801,74.125.24.0-255,5738,170513,19,199599
29799,0.006807,172.31.36.0-255,66,170579,19,199599
29800,0.009059,74.125.24.0-255,5738,176317,19,199599
29801,0.009067,172.31.36.0-255,66,176383,19,199599
29802,0.011317,74.125.24.0-255,5738,182121,19,199599
29803,0.011324,172.31.36.0-255,66,182187,19,199599
29804,0.013572,74.125.24.0-255,5738,187925,19,199599
29805,0.013581,172.31.36.0-255,66,187991,19,199599
29806,0.015817,74.125.24.0-255,5738,193729,19,199599
29807,0.015825,172.31.36.0-255,66,193795,19,199599
29808,0.018059,74.125.24.0-255,5738,199533,19,199599
29809,0.018067,172.31.36.0-255,66,199599,19,199599
29810,0.0,74.125.24.0-255,156,156,19,224495
29811,3.3e-05,172.31.36.0-255,66,222,19,224495
29812,4e-05,74.125.24.0-255,1484,1706,19,224495
29813,4.4e-05,172.31.36.0-255,66,1772,19,224495
29814,5.8e-05,74.125.24.0-255,2902,4674,19,224495
29815,6.1e-05,172.31.36.0-255,66,4740,19,224495
29816,6.8e-05,74.125.24.0-255,7156,11896,19,224495
29817,7e-05,172.31.36.0-255,66,11962,19,224495
29818,7.4e-05,74.125.24.0-255,2002,13964,19,224495
29819,7.7e-05,172.31.36.0-255,66,14030,19,224495
29820,0.000232,74.125.24.0-255,1484,15514,19,224495
29821,0.000237,172.31.36.0-255,66,15580,19,224495
29822,0.000243,74.125.24.0-255,2902,18482,19,224495
29823,0.000245,172.31.36.0-255,66,18548,19,224495
29824,0.000258,74.125.24.0-255,5738,24286,19,224495
29825,0.000261,172.31.36.0-255,66,24352,19,224495
29826,0.000273,74.125.24.0-255,2902,27254,19,224495
29827,0.000275,172.31.36.0-255,66,27320,19,224495
29828,0.000303,74.125.24.0-255,3961,31281,19,224495
29829,0.000307,172.31.36.0-255,66,31347,19,224495
29830,0.000315,74.125.24.0-255,7156,38503,19,224495
29831,0.000317,172.31.36.0-255,66,38569,19,224495
29832,0.000323,74.125.24.0-255,5738,44307,19,224495
29833,0.000325,172.31.36.0-255,66,44373,19,224495
29834,0.000366,74.125.24.0-255,9992,54365,19,224495
29835,0.000372,172.31.36.0-255,66,54431,19,224495
29836,0.000373,74.125.24.0-255,7156,61587,19,224495
29837,0.000376,172.31.36.0-255,66,61653,19,224495
29838,0.000381,74.125.24.0-255,3602,65255,19,224495
29839,0.000383,172.31.36.0-255,66,65321,19,224495
29840,0.0011,74.125.24.0-255,414,65735,19,224495
29841,0.001106,172.31.36.0-255,66,65801,19,224495
29842,0.001322,74.125.24.0-255,1484,67285,19,224495
29843,0.00133,74.125.24.0-255,2902,70187,19,224495
29844,0.001334,172.31.36.0-255,66,70253,19,224495
29845,0.001339,74.125.24.0-255,2902,73155,19,224495
29846,0.00134,172.31.36.0-255,66,73221,19,224495
29847,0.001369,74.125.24.0-255,2902,76123,19,224495
29848,0.001372,172.31.36.0-255,66,76189,19,224495
29849,0.001387,74.125.24.0-255,7156,83345,19,224495
29850,0.001389,172.31.36.0-255,66,83411,19,224495
29851,0.001403,172.31.36.0-255,66,83477,19,224495
29852,0.001407,74.125.24.0-255,2184,85661,19,224495
29853,0.001409,172.31.36.0-255,66,85727,19,224495
29854,0.001438,74.125.24.0-255,1484,87211,19,224495
29855,0.001479,172.31.36.0-255,66,87277,19,224495
29856,0.001494,172.31.36.0-255,66,87343,19,224495
29857,0.001509,74.125.24.0-255,10692,98035,19,224495
29858,0.001517,74.125.24.0-255,7156,105191,19,224495
29859,0.001549,74.125.24.0-255,4320,109511,19,224495
29860,0.001557,74.125.24.0-255,7156,116667,19,224495
29861,0.001583,74.125.24.0-255,9992,126659,19,224495
29862,0.001586,74.125.24.0-255,1031,127690,19,224495
29863,0.001612,74.125.24.0-255,1484,129174,19,224495
29864,0.001616,74.125.24.0-255,4320,133494,19,224495
29865,0.00164,74.125.24.0-255,9992,143486,19,224495
29866,0.001644,74.125.24.0-255,2902,146388,19,224495
29867,0.001658,74.125.24.0-255,2902,149290,19,224495
29868,0.001693,74.125.24.0-255,2902,152192,19,224495
29869,0.001712,74.125.24.0-255,9274,161466,19,224495
29870,0.002156,74.125.24.0-255,1484,162950,19,224495
29871,0.002169,74.125.24.0-255,2902,165852,19,224495
29872,0.002192,74.125.24.0-255,5738,171590,19,224495
29873,0.002196,74.125.24.0-255,2902,174492,19,224495
29874,0.002216,74.125.24.0-255,7156,181648,19,224495
29875,0.00225,74.125.24.0-255,2902,184550,19,224495
29876,0.002279,74.125.24.0-255,10692,195242,19,224495
29877,0.005947,172.31.36.0-255,66,195308,19,224495
29878,0.006894,172.31.36.0-255,101,195409,19,224495
29879,0.008522,74.125.24.0-255,5738,201147,19,224495
29880,0.008529,172.31.36.0-255,66,201213,19,224495
29881,0.009435,74.125.24.0-255,66,201279,19,224495
29882,0.011147,74.125.24.0-255,5738,207017,19,224495
29883,0.011155,172.31.36.0-255,66,207083,19,224495
29884,0.013728,74.125.24.0-255,5738,212821,19,224495
29885,0.013739,172.31.36.0-255,66,212887,19,224495
29886,0.016332,74.125.24.0-255,5738,218625,19,224495
29887,0.01634,172.31.36.0-255,66,218691,19,224495
29888,0.018931,74.125.24.0-255,5738,224429,19,224495
29889,0.018946,172.31.36.0-255,66,224495,19,224495
29890,0.0,172.31.36.0-255,105,105,19,459
29891,0.000217,172.31.36.0-255,90,195,19,459
29892,0.000228,172.31.36.0-255,66,261,19,459
29893,0.001883,172.217.160.0-255,66,327,19,459
29894,0.001911,172.217.160.0-255,66,393,19,459
29895,0.001935,172.31.36.0-255,66,459,19,459
29896,0.0,172.217.194.0-255,153,153,19,104180
29897,2.7e-05,172.31.36.0-255,66,219,19,104180
29898,3.4e-05,172.217.194.0-255,1484,1703,19,104180
29899,3.7e-05,172.31.36.0-255,66,1769,19,104180
29900,4.3e-05,172.217.194.0-255,2902,4671,19,104180
29901,4.6e-05,172.31.36.0-255,66,4737,19,104180
29902,6e-05,172.217.194.0-255,4320,9057,19,104180
29903,6.2e-05,172.31.36.0-255,66,9123,19,104180
29904,8.8e-05,172.217.194.0-255,1484,10607,19,104180
29905,9.6e-05,172.31.36.0-255,66,10673,19,104180
29906,0.000101,172.217.194.0-255,3485,14158,19,104180
29907,0.000104,172.31.36.0-255,66,14224,19,104180
29908,0.000109,172.217.194.0-255,4320,18544,19,104180
29909,0.000111,172.31.36.0-255,66,18610,19,104180
29910,0.000156,172.217.194.0-255,9992,28602,19,104180
29911,0.00016,172.31.36.0-255,66,28668,19,104180
29912,0.000179,172.31.36.0-255,66,28734,19,104180
29913,0.000183,172.217.194.0-255,2902,31636,19,104180
29914,0.000185,172.31.36.0-255,66,31702,19,104180
29915,0.000215,172.217.194.0-255,5020,36722,19,104180
29916,0.000218,172.31.36.0-255,66,36788,19,104180
29917,0.000758,172.217.194.0-255,1484,38272,19,104180
29918,0.000764,172.31.36.0-255,66,38338,19,104180
29919,0.000773,172.217.194.0-255,2902,41240,19,104180
29920,0.000776,172.31.36.0-255,66,41306,19,104180
29921,0.000789,172.217.194.0-255,5738,47044,19,104180
29922,0.000792,172.31.36.0-255,66,47110,19,104180
29923,0.000821,172.217.194.0-255,1484,48594,19,104180
29924,0.000825,172.31.36.0-255,66,48660,19,104180
29925,0.000856,172.217.194.0-255,5692,54352,19,104180
29926,0.000859,172.31.36.0-255,66,54418,19,104180
29927,0.002859,172.217.194.0-255,98,54516,19,104180
29928,0.002894,172.217.194.0-255,1484,56000,19,104180
29929,0.002899,172.31.36.0-255,66,56066,19,104180
29930,0.002906,172.217.194.0-255,2902,58968,19,104180
29931,0.002909,172.31.36.0-255,66,59034,19,104180
29932,0.004903,172.217.194.0-255,1484,60518,19,104180
29933,0.004929,172.217.194.0-255,4320,64838,19,104180
29934,0.004933,172.31.36.0-255,66,64904,19,104180
29935,0.006964,172.217.194.0-255,4320,69224,19,104180
29936,0.006971,172.31.36.0-255,66,69290,19,104180
29937,0.007009,172.217.194.0-255,1484,70774,19,104180
29938,0.008954,172.217.194.0-255,4320,75094,19,104180
29939,0.008962,172.31.36.0-255,66,75160,19,104180
29940,0.010995,172.217.194.0-255,5738,80898,19,104180
29941,0.011003,172.31.36.0-255,66,80964,19,104180
29942,0.013012,172.217.194.0-255,5738,86702,19,104180
29943,0.013021,172.31.36.0-255,66,86768,19,104180
29944,0.015017,172.217.194.0-255,5738,92506,19,104180
29945,0.015024,172.31.36.0-255,66,92572,19,104180
29946,0.016999,172.217.194.0-255,5738,98310,19,104180
29947,0.017007,172.31.36.0-255,66,98376,19,104180
29948,0.019039,172.217.194.0-255,5738,104114,19,104180
29949,0.01905,172.31.36.0-255,66,104180,19,104180
29950,0.0,74.125.200.0-255,153,153,19,374890
29951,2.8e-05,172.31.36.0-255,66,219,19,374890
29952,3.5e-05,74.125.200.0-255,1484,1703,19,374890
29953,4e-05,172.31.36.0-255,66,1769,19,374890
29954,4.5e-05,74.125.200.0-255,2902,4671,19,374890
29955,5.8e-05,172.31.36.0-255,66,4737,19,374890
29956,6.6e-05,74.125.200.0-255,7156,11893,19,374890
29957,6.9e-05,172.31.36.0-255,66,11959,19,374890
29958,7.3e-05,74.125.200.0-255,2047,14006,19,374890
29959,7.6e-05,172.31.36.0-255,66,14072,19,374890
29960,0.000136,74.125.200.0-255,1484,15556,19,374890
29961,0.00014,172.31.36.0-255,66,15622,19,374890
29962,0.000144,74.125.200.0-255,1484,17106,19,374890
29963,0.000146,172.31.36.0-255,66,17172,19,374890
29964,0.000179,74.125.200.0-255,1484,18656,19,374890
29965,0.000182,172.31.36.0-255,66,18722,19,374890
29966,0.000189,74.125.200.0-255,5738,24460,19,374890
29967,0.000191,172.31.36.0-255,66,24526,19,374890
29968,0.000202,74.125.200.0-255,4320,28846,19,374890
29969,0.000204,172.31.36.0-255,66,28912,19,374890
29970,0.000232,74.125.200.0-255,2543,31455,19,374890
29971,0.000235,172.31.36.0-255,66,31521,19,374890
29972,0.000368,74.125.200.0-255,1484,33005,19,374890
29973,0.000373,172.31.36.0-255,66,33071,19,374890
29974,0.000401,74.125.200.0-255,2902,35973,19,374890
29975,0.000404,172.31.36.0-255,66,36039,19,374890
29976,0.000429,74.125.200.0-255,5738,41777,19,374890
29977,0.000432,172.31.36.0-255,66,41843,19,374890
29978,0.000454,74.125.200.0-255,6797,48640,19,374890
29979,0.000457,172.31.36.0-255,66,48706,19,374890
29980,0.000461,74.125.200.0-255,1484,50190,19,374890
29981,0.000463,172.31.36.0-255,66,50256,19,374890
29982,0.000488,74.125.200.0-255,2902,53158,19,374890
29983,0.000491,172.31.36.0-255,66,53224,19,374890
29984,0.000503,74.125.200.0-255,5738,58962,19,374890
29985,0.000506,172.31.36.0-255,66,59028,19,374890
29986,0.000535,74.125.200.0-255,7110,66138,19,374890
29987,0.000538,172.31.36.0-255,66,66204,19,374890
29988,0.000546,74.125.200.0-255,110,66314,19,374890
29989,0.000748,172.31.36.0-255,66,66380,19,374890
29990,0.000925,74.125.200.0-255,329,66709,19,374890
29991,0.001325,74.125.200.0-255,1484,68193,19,374890
29992,0.001331,172.31.36.0-255,66,68259,19,374890
29993,0.001338,74.125.200.0-255,2902,71161,19,374890
29994,0.001341,172.31.36.0-255,66,71227,19,374890
29995,0.001352,74.125.200.0-255,2902,74129,19,374890
29996,0.001354,172.31.36.0-255,66,74195,19,374890
29997,0.001382,74.125.200.0-255,2902,77097,19,374890
29998,0.001385,172.31.36.0-255,66,77163,19,374890
29999,0.001403,74.125.200.0-255,9992,87155,19,374890
30000,0.001405,172.31.36.0-255,66,87221,19,374890
30001,0.001417,172.31.36.0-255,66,87287,19,374890
30002,0.001421,74.125.200.0-255,2184,89471,19,374890
30003,0.001423,172.31.36.0-255,66,89537,19,374890
30004,0.001713,74.125.200.0-255,1484,91021,19,374890
30005,0.001728,74.125.200.0-255,2902,93923,19,374890
30006,0.001731,172.31.36.0-255,66,93989,19,374890
30007,0.001736,74.125.200.0-255,4320,98309,19,374890
30008,0.001738,172.31.36.0-255,66,98375,19,374890
30009,0.001764,74.125.200.0-255,4320,102695,19,374890
30010,0.001767,172.31.36.0-255,66,102761,19,374890
30011,0.001787,74.125.200.0-255,4320,107081,19,374890
30012,0.001789,172.31.36.0-255,66,107147,19,374890
30013,0.001796,74.125.200.0-255,7156,114303,19,374890
30014,0.001798,172.31.36.0-255,66,114369,19,374890
30015,0.001804,74.125.200.0-255,5738,120107,19,374890
30016,0.001805,172.31.36.0-255,66,120173,19,374890
30017,0.001834,74.125.200.0-255,2902,123075,19,374890
30018,0.001837,172.31.36.0-255,66,123141,19,374890
30019,0.00184,74.125.200.0-255,766,123907,19,374890
30020,0.001862,74.125.200.0-255,1484,125391,19,374890
30021,0.001864,172.31.36.0-255,66,125457,19,374890
30022,0.001889,74.125.200.0-255,2902,128359,19,374890
30023,0.001891,172.31.36.0-255,66,128425,19,374890
30024,0.001898,74.125.200.0-255,4320,132745,19,374890
30025,0.0019,172.31.36.0-255,66,132811,19,374890
30026,0.001907,74.125.200.0-255,1484,134295,19,374890
30027,0.001928,74.125.200.0-255,7156,141451,19,374890
30028,0.00193,172.31.36.0-255,66,141517,19,374890
30029,0.001936,74.125.200.0-255,5738,147255,19,374890
30030,0.001938,172.31.36.0-255,66,147321,19,374890
30031,0.001964,74.125.200.0-255,1484,148805,19,374890
30032,0.001972,74.125.200.0-255,8574,157379,19,374890
30033,0.001974,172.31.36.0-255,66,157445,19,374890
30034,0.001976,74.125.200.0-255,766,158211,19,374890
30035,0.002381,74.125.200.0-255,1484,159695,19,374890
30036,0.002384,172.31.36.0-255,66,159761,19,374890
30037,0.00241,74.125.200.0-255,2902,162663,19,374890
30038,0.002413,172.31.36.0-255,66,162729,19,374890
30039,0.002444,74.125.200.0-255,5738,168467,19,374890
30040,0.002447,172.31.36.0-255,66,168533,19,374890
30041,0.002483,74.125.200.0-255,4320,172853,19,374890
30042,0.002485,172.31.36.0-255,66,172919,19,374890
30043,0.00251,74.125.200.0-255,1484,174403,19,374890
30044,0.002531,74.125.200.0-255,5738,180141,19,374890
30045,0.002533,172.31.36.0-255,66,180207,19,374890
30046,0.002555,74.125.200.0-255,1484,181691,19,374890
30047,0.002563,74.125.200.0-255,8574,190265,19,374890
30048,0.002565,172.31.36.0-255,66,190331,19,374890
30049,0.002587,74.125.200.0-255,1484,191815,19,374890
30050,0.002601,74.125.200.0-255,766,192581,19,374890
30051,0.002603,172.31.36.0-255,66,192647,19,374890
30052,0.002767,74.125.200.0-255,1484,194131,19,374890
30053,0.002771,74.125.200.0-255,2902,197033,19,374890
30054,0.002773,172.31.36.0-255,66,197099,19,374890
30055,0.002802,74.125.200.0-255,4320,201419,19,374890
30056,0.002804,172.31.36.0-255,66,201485,19,374890
30057,0.00281,74.125.200.0-255,5738,207223,19,374890
30058,0.002813,172.31.36.0-255,66,207289,19,374890
30059,0.002847,172.31.36.0-255,66,207355,19,374890
30060,0.002853,74.125.200.0-255,4320,211675,19,374890
30061,0.002855,172.31.36.0-255,66,211741,19,374890
30062,0.00289,74.125.200.0-255,3602,215343,19,374890
30063,0.002894,172.31.36.0-255,66,215409,19,374890
30064,0.003001,74.125.200.0-255,1484,216893,19,374890
30065,0.003006,74.125.200.0-255,1484,218377,19,374890
30066,0.003009,172.31.36.0-255,66,218443,19,374890
30067,0.003038,74.125.200.0-255,1484,219927,19,374890
30068,0.003046,74.125.200.0-255,5738,225665,19,374890
30069,0.003054,74.125.200.0-255,2902,228567,19,374890
30070,0.003058,74.125.200.0-255,4320,232887,19,374890
30071,0.003075,74.125.200.0-255,7156,240043,19,374890
30072,0.003092,74.125.200.0-255,1484,241527,19,374890
30073,0.0031,74.125.200.0-255,7856,249383,19,374890
30074,0.003137,74.125.200.0-255,1484,250867,19,374890
30075,0.003152,74.125.200.0-255,2902,253769,19,374890
30076,0.003178,74.125.200.0-255,4320,258089,19,374890
30077,0.003197,74.125.200.0-255,1484,259573,19,374890
30078,0.003202,74.125.200.0-255,4320,263893,19,374890
30079,0.003254,74.125.200.0-255,5738,269631,19,374890
30080,0.00326,74.125.200.0-255,5738,275369,19,374890
30081,0.003263,74.125.200.0-255,1484,276853,19,374890
30082,0.003282,74.125.200.0-255,5738,282591,19,374890
30083,0.003285,74.125.200.0-255,766,283357,19,374890
30084,0.003302,74.125.200.0-255,1484,284841,19,374890
30085,0.003307,74.125.200.0-255,2902,287743,19,374890
30086,0.00332,74.125.200.0-255,1484,289227,19,374890
30087,0.003352,74.125.200.0-255,9992,299219,19,374890
30088,0.003384,74.125.200.0-255,4320,303539,19,374890
30089,0.003406,74.125.200.0-255,7156,310695,19,374890
30090,0.003411,74.125.200.0-255,2902,313597,19,374890
30091,0.00345,74.125.200.0-255,4320,317917,19,374890
30092,0.003469,74.125.200.0-255,7856,325773,19,374890
30093,0.003489,74.125.200.0-255,8574,334347,19,374890
30094,0.003503,74.125.200.0-255,4320,338667,19,374890
30095,0.003508,74.125.200.0-255,2902,341569,19,374890
30096,0.003511,74.125.200.0-255,1484,343053,19,374890
30097,0.003532,74.125.200.0-255,1484,344537,19,374890
30098,0.003554,74.125.200.0-255,1484,346021,19,374890
30099,0.00356,74.125.200.0-255,4320,350341,19,374890
30100,0.003562,74.125.200.0-255,766,351107,19,374890
30101,0.003601,172.31.36.0-255,66,351173,19,374890
30102,0.003635,74.125.200.0-255,1484,352657,19,374890
30103,0.003653,74.125.200.0-255,1484,354141,19,374890
30104,0.003658,74.125.200.0-255,2902,357043,19,374890
30105,0.00367,172.31.36.0-255,66,357109,19,374890
30106,0.003676,74.125.200.0-255,5738,362847,19,374890
30107,0.003688,172.31.36.0-255,66,362913,19,374890
30108,0.003724,172.31.36.0-255,66,362979,19,374890
30109,0.003729,74.125.200.0-255,1484,364463,19,374890
30110,0.003762,74.125.200.0-255,10019,374482,19,374890
30111,0.003767,172.31.36.0-255,66,374548,19,374890
30112,0.003793,74.125.200.0-255,105,374653,19,374890
30113,0.006249,172.31.36.0-255,66,374719,19,374890
30114,0.006275,172.31.36.0-255,105,374824,19,374890
30115,0.008443,74.125.200.0-255,66,374890,19,374890
30116,0.0,74.125.24.0-255,153,153,19,177244
30117,2.2e-05,172.31.36.0-255,66,219,19,177244
30118,2.9e-05,74.125.24.0-255,1484,1703,19,177244
30119,3.3e-05,172.31.36.0-255,66,1769,19,177244
30120,4.8e-05,74.125.24.0-255,2902,4671,19,177244
30121,5.2e-05,172.31.36.0-255,66,4737,19,177244
30122,6e-05,74.125.24.0-255,7156,11893,19,177244
30123,6.4e-05,172.31.36.0-255,66,11959,19,177244
30124,7e-05,74.125.24.0-255,4320,16279,19,177244
30125,7.4e-05,172.31.36.0-255,66,16345,19,177244
30126,0.00011,74.125.24.0-255,6302,22647,19,177244
30127,0.000114,172.31.36.0-255,66,22713,19,177244
30128,0.000123,74.125.24.0-255,8215,30928,19,177244
30129,0.000131,172.31.36.0-255,66,30994,19,177244
30130,0.000765,74.125.24.0-255,1484,32478,19,177244
30131,0.000772,172.31.36.0-255,66,32544,19,177244
30132,0.000781,74.125.24.0-255,2902,35446,19,177244
30133,0.000783,172.31.36.0-255,66,35512,19,177244
30134,0.000795,74.125.24.0-255,5738,41250,19,177244
30135,0.000797,172.31.36.0-255,66,41316,19,177244
30136,0.000839,172.31.36.0-255,66,41382,19,177244
30137,0.000846,74.125.24.0-255,5738,47120,19,177244
30138,0.000848,172.31.36.0-255,66,47186,19,177244
30139,0.00088,74.125.24.0-255,3961,51147,19,177244
30140,0.000883,172.31.36.0-255,66,51213,19,177244
30141,0.000934,74.125.24.0-255,4320,55533,19,177244
30142,0.000939,172.31.36.0-255,66,55599,19,177244
30143,0.000943,74.125.24.0-255,1484,57083,19,177244
30144,0.000945,172.31.36.0-255,66,57149,19,177244
30145,0.000951,74.125.24.0-255,4320,61469,19,177244
30146,0.000953,172.31.36.0-255,66,61535,19,177244
30147,0.000985,74.125.24.0-255,2902,64437,19,177244
30148,0.000992,172.31.36.0-255,66,64503,19,177244
30149,0.000998,74.125.24.0-255,4274,68777,19,177244
30150,0.001,172.31.36.0-255,66,68843,19,177244
30151,0.001049,74.125.24.0-255,4320,73163,19,177244
30152,0.001052,172.31.36.0-255,66,73229,19,177244
30153,0.001063,74.125.24.0-255,9992,83221,19,177244
30154,0.001065,172.31.36.0-255,66,83287,19,177244
30155,0.001116,74.125.24.0-255,2798,86085,19,177244
30156,0.00112,172.31.36.0-255,66,86151,19,177244
30157,0.001139,74.125.24.0-255,2902,89053,19,177244
30158,0.001142,172.31.36.0-255,66,89119,19,177244
30159,0.001146,74.125.24.0-255,1484,90603,19,177244
30160,0.001178,74.125.24.0-255,2902,93505,19,177244
30161,0.001181,172.31.36.0-255,66,93571,19,177244
30162,0.00119,74.125.24.0-255,8574,102145,19,177244
30163,0.001192,172.31.36.0-255,66,102211,19,177244
30164,0.001202,74.125.24.0-255,5738,107949,19,177244
30165,0.001205,172.31.36.0-255,66,108015,19,177244
30166,0.00124,74.125.24.0-255,7156,115171,19,177244
30167,0.001245,172.31.36.0-255,66,115237,19,177244
30168,0.001251,74.125.24.0-255,5020,120257,19,177244
30169,0.001253,172.31.36.0-255,66,120323,19,177244
30170,0.001657,172.31.36.0-255,101,120424,19,177244
30171,0.002044,74.125.24.0-255,1484,121908,19,177244
30172,0.002052,74.125.24.0-255,2902,124810,19,177244
30173,0.002056,172.31.36.0-255,66,124876,19,177244
30174,0.002064,74.125.24.0-255,5738,130614,19,177244
30175,0.002066,172.31.36.0-255,66,130680,19,177244
30176,0.00207,74.125.24.0-255,1484,132164,19,177244
30177,0.003659,74.125.24.0-255,66,132230,19,177244
30178,0.004126,74.125.24.0-255,4320,136550,19,177244
30179,0.004131,172.31.36.0-255,66,136616,19,177244
30180,0.006191,74.125.24.0-255,5738,142354,19,177244
30181,0.006198,172.31.36.0-255,66,142420,19,177244
30182,0.008235,74.125.24.0-255,5738,148158,19,177244
30183,0.00824,172.31.36.0-255,66,148224,19,177244
30184,0.010336,74.125.24.0-255,5738,153962,19,177244
30185,0.010344,172.31.36.0-255,66,154028,19,177244
30186,0.012425,74.125.24.0-255,5738,159766,19,177244
30187,0.012433,172.31.36.0-255,66,159832,19,177244
30188,0.014482,74.125.24.0-255,5738,165570,19,177244
30189,0.014495,172.31.36.0-255,66,165636,19,177244
30190,0.016581,74.125.24.0-255,5738,171374,19,177244
30191,0.016593,172.31.36.0-255,66,171440,19,177244
30192,0.018653,74.125.24.0-255,5738,177178,19,177244
30193,0.018661,172.31.36.0-255,66,177244,19,177244
30194,0.0,74.125.24.0-255,153,153,19,303166
30195,2.3e-05,172.31.36.0-255,66,219,19,303166
30196,3e-05,74.125.24.0-255,1484,1703,19,303166
30197,3.5e-05,172.31.36.0-255,66,1769,19,303166
30198,4.1e-05,74.125.24.0-255,2902,4671,19,303166
30199,5.3e-05,172.31.36.0-255,66,4737,19,303166
30200,6.1e-05,74.125.24.0-255,7156,11893,19,303166
30201,6.5e-05,172.31.36.0-255,66,11959,19,303166
30202,7e-05,74.125.24.0-255,1982,13941,19,303166
30203,7.2e-05,172.31.36.0-255,66,14007,19,303166
30204,0.000176,74.125.24.0-255,1484,15491,19,303166
30205,0.00018,172.31.36.0-255,66,15557,19,303166
30206,0.000185,74.125.24.0-255,2902,18459,19,303166
30207,0.000188,172.31.36.0-255,66,18525,19,303166
30208,0.000211,74.125.24.0-255,4320,22845,19,303166
30209,0.000214,172.31.36.0-255,66,22911,19,303166
30210,0.000236,74.125.24.0-255,1484,24395,19,303166
30211,0.000239,172.31.36.0-255,66,24461,19,303166
30212,0.000243,74.125.24.0-255,2902,27363,19,303166
30213,0.000245,172.31.36.0-255,66,27429,19,303166
30214,0.000259,172.31.36.0-255,66,27495,19,303166
30215,0.00027,172.31.36.0-255,66,27561,19,303166
30216,0.000275,74.125.24.0-255,2902,30463,19,303166
30217,0.000277,172.31.36.0-255,66,30529,19,303166
30218,0.00032,74.125.24.0-255,9992,40521,19,303166
30219,0.000324,172.31.36.0-255,66,40587,19,303166
30220,0.000328,74.125.24.0-255,2184,42771,19,303166
30221,0.00033,172.31.36.0-255,66,42837,19,303166
30222,0.000333,74.125.24.0-255,388,43225,19,303166
30223,0.000335,172.31.36.0-255,66,43291,19,303166
30224,0.000419,74.125.24.0-255,1484,44775,19,303166
30225,0.000426,74.125.24.0-255,2902,47677,19,303166
30226,0.000429,172.31.36.0-255,66,47743,19,303166
30227,0.000459,74.125.24.0-255,5738,53481,19,303166
30228,0.000463,172.31.36.0-255,66,53547,19,303166
30229,0.000471,74.125.24.0-255,8574,62121,19,303166
30230,0.000473,172.31.36.0-255,66,62187,19,303166
30231,0.000514,74.125.24.0-255,5738,67925,19,303166
30232,0.000517,172.31.36.0-255,66,67991,19,303166
30233,0.00055,74.125.24.0-255,9565,77556,19,303166
30234,0.000553,172.31.36.0-255,66,77622,19,303166
30235,0.000915,74.125.24.0-255,1484,79106,19,303166
30236,0.000922,74.125.24.0-255,2902,82008,19,303166
30237,0.000925,172.31.36.0-255,66,82074,19,303166
30238,0.000962,74.125.24.0-255,5738,87812,19,303166
30239,0.000965,172.31.36.0-255,66,87878,19,303166
30240,0.000983,172.31.36.0-255,66,87944,19,303166
30241,0.000987,74.125.24.0-255,1484,89428,19,303166
30242,0.00103,74.125.24.0-255,9274,98702,19,303166
30243,0.001034,172.31.36.0-255,66,98768,19,303166
30244,0.001078,74.125.24.0-255,1484,100252,19,303166
30245,0.001091,74.125.24.0-255,2902,103154,19,303166
30246,0.001093,172.31.36.0-255,66,103220,19,303166
30247,0.001119,74.125.24.0-255,5738,108958,19,303166
30248,0.001121,172.31.36.0-255,66,109024,19,303166
30249,0.001128,74.125.24.0-255,7156,116180,19,303166
30250,0.00113,172.31.36.0-255,66,116246,19,303166
30251,0.00116,74.125.24.0-255,8574,124820,19,303166
30252,0.001163,172.31.36.0-255,66,124886,19,303166
30253,0.001198,74.125.24.0-255,5738,130624,19,303166
30254,0.0012,172.31.36.0-255,66,130690,19,303166
30255,0.001204,74.125.24.0-255,2184,132874,19,303166
30256,0.001206,172.31.36.0-255,66,132940,19,303166
30257,0.001337,74.125.24.0-255,1484,134424,19,303166
30258,0.001342,74.125.24.0-255,2902,137326,19,303166
30259,0.001347,172.31.36.0-255,66,137392,19,303166
30260,0.00135,74.125.24.0-255,1484,138876,19,303166
30261,0.001374,74.125.24.0-255,4320,143196,19,303166
30262,0.001377,172.31.36.0-255,66,143262,19,303166
30263,0.001385,74.125.24.0-255,7156,150418,19,303166
30264,0.001387,172.31.36.0-255,66,150484,19,303166
30265,0.001411,74.125.24.0-255,2902,153386,19,303166
30266,0.001414,172.31.36.0-255,66,153452,19,303166
30267,0.001419,74.125.24.0-255,4320,157772,19,303166
30268,0.001422,172.31.36.0-255,66,157838,19,303166
30269,0.001457,74.125.24.0-255,9274,167112,19,303166
30270,0.001461,172.31.36.0-255,66,167178,19,303166
30271,0.001464,74.125.24.0-255,1484,168662,19,303166
30272,0.001488,74.125.24.0-255,2902,171564,19,303166
30273,0.001494,74.125.24.0-255,5738,177302,19,303166
30274,0.001535,172.31.36.0-255,66,177368,19,303166
30275,0.001538,172.31.36.0-255,66,177434,19,303166
30276,0.001567,172.31.36.0-255,66,177500,19,303166
30277,0.001573,74.125.24.0-255,5738,183238,19,303166
30278,0.001575,172.31.36.0-255,66,183304,19,303166
30279,0.00161,74.125.24.0-255,5020,188324,19,303166
30280,0.001614,74.125.24.0-255,2902,191226,19,303166
30281,0.001619,172.31.36.0-255,66,191292,19,303166
30282,0.001627,172.31.36.0-255,66,191358,19,303166
30283,0.001638,74.125.24.0-255,4320,195678,19,303166
30284,0.00164,172.31.36.0-255,66,195744,19,303166
30285,0.001649,74.125.24.0-255,8574,204318,19,303166
30286,0.001652,172.31.36.0-255,66,204384,19,303166
30287,0.001689,74.125.24.0-255,9992,214376,19,303166
30288,0.001692,172.31.36.0-255,66,214442,19,303166
30289,0.001724,74.125.24.0-255,5738,220180,19,303166
30290,0.001727,74.125.24.0-255,2184,222364,19,303166
30291,0.001732,172.31.36.0-255,66,222430,19,303166
30292,0.001736,172.31.36.0-255,66,222496,19,303166
30293,0.001839,74.125.24.0-255,1484,223980,19,303166
30294,0.001846,74.125.24.0-255,2902,226882,19,303166
30295,0.001849,172.31.36.0-255,66,226948,19,303166
30296,0.001876,74.125.24.0-255,5738,232686,19,303166
30297,0.00188,172.31.36.0-255,66,232752,19,303166
30298,0.001904,74.125.24.0-255,8574,241326,19,303166
30299,0.001906,172.31.36.0-255,66,241392,19,303166
30300,0.001933,74.125.24.0-255,1484,242876,19,303166
30301,0.001942,74.125.24.0-255,9992,252868,19,303166
30302,0.001945,172.31.36.0-255,66,252934,19,303166
30303,0.001973,74.125.24.0-255,3602,256536,19,303166
30304,0.001976,172.31.36.0-255,66,256602,19,303166
30305,0.003997,74.125.24.0-255,2902,259504,19,303166
30306,0.004004,172.31.36.0-255,66,259570,19,303166
30307,0.004031,74.125.24.0-255,2902,262472,19,303166
30308,0.004033,172.31.36.0-255,66,262538,19,303166
30309,0.006059,74.125.24.0-255,5738,268276,19,303166
30310,0.006067,172.31.36.0-255,66,268342,19,303166
30311,0.008087,74.125.24.0-255,5738,274080,19,303166
30312,0.008091,172.31.36.0-255,66,274146,19,303166
30313,0.010108,74.125.24.0-255,5738,279884,19,303166
30314,0.010114,172.31.36.0-255,66,279950,19,303166
30315,0.01216,74.125.24.0-255,5738,285688,19,303166
30316,0.012169,172.31.36.0-255,66,285754,19,303166
30317,0.014217,74.125.24.0-255,5738,291492,19,303166
30318,0.014225,172.31.36.0-255,66,291558,19,303166
30319,0.01632,74.125.24.0-255,5738,297296,19,303166
30320,0.016326,172.31.36.0-255,66,297362,19,303166
30321,0.018375,74.125.24.0-255,5738,303100,19,303166
30322,0.018381,172.31.36.0-255,66,303166,19,303166
30323,0.0,74.125.130.0-255,153,153,19,257701
30324,3.6e-05,172.31.36.0-255,66,219,19,257701
30325,4.3e-05,74.125.130.0-255,1484,1703,19,257701
30326,4.8e-05,172.31.36.0-255,66,1769,19,257701
30327,5.3e-05,74.125.130.0-255,2902,4671,19,257701
30328,6.3e-05,172.31.36.0-255,66,4737,19,257701
30329,6.6e-05,74.125.130.0-255,1484,6221,19,257701
30330,6.8e-05,172.31.36.0-255,66,6287,19,257701
30331,7.3e-05,74.125.130.0-255,2902,9189,19,257701
30332,7.5e-05,172.31.36.0-255,66,9255,19,257701
30333,0.000125,74.125.130.0-255,4901,14156,19,257701
30334,0.000128,172.31.36.0-255,66,14222,19,257701
30335,0.000283,74.125.130.0-255,1484,15706,19,257701
30336,0.000287,172.31.36.0-255,66,15772,19,257701
30337,0.000293,74.125.130.0-255,2902,18674,19,257701
30338,0.000297,172.31.36.0-255,66,18740,19,257701
30339,0.00032,74.125.130.0-255,4320,23060,19,257701
30340,0.000324,172.31.36.0-255,66,23126,19,257701
30341,0.000366,74.125.130.0-255,8215,31341,19,257701
30342,0.00037,172.31.36.0-255,66,31407,19,257701
30343,0.000375,74.125.130.0-255,2902,34309,19,257701
30344,0.000378,172.31.36.0-255,66,34375,19,257701
30345,0.000411,74.125.130.0-255,5738,40113,19,257701
30346,0.000421,172.31.36.0-255,66,40179,19,257701
30347,0.000428,74.125.130.0-255,5738,45917,19,257701
30348,0.000431,172.31.36.0-255,66,45983,19,257701
30349,0.000461,74.125.130.0-255,2543,48526,19,257701
30350,0.000465,172.31.36.0-255,66,48592,19,257701
30351,0.000514,74.125.130.0-255,1484,50076,19,257701
30352,0.000518,172.31.36.0-255,66,50142,19,257701
30353,0.000549,74.125.130.0-255,2902,53044,19,257701
30354,0.000553,172.31.36.0-255,66,53110,19,257701
30355,0.00056,74.125.130.0-255,5738,58848,19,257701
30356,0.000562,172.31.36.0-255,66,58914,19,257701
30357,0.000575,74.125.130.0-255,4320,63234,19,257701
30358,0.000577,172.31.36.0-255,66,63300,19,257701
30359,0.000621,74.125.130.0-255,2832,66132,19,257701
30360,0.000625,172.31.36.0-255,66,66198,19,257701
30361,0.000662,74.125.130.0-255,366,66564,19,257701
30362,0.000795,74.125.130.0-255,1484,68048,19,257701
30363,0.000799,172.31.36.0-255,66,68114,19,257701
30364,0.000803,74.125.130.0-255,1484,69598,19,257701
30365,0.000825,74.125.130.0-255,1484,71082,19,257701
30366,0.000828,172.31.36.0-255,66,71148,19,257701
30367,0.000832,74.125.130.0-255,1484,72632,19,257701
30368,0.000836,74.125.130.0-255,2902,75534,19,257701
30369,0.000838,172.31.36.0-255,66,75600,19,257701
30370,0.000854,74.125.130.0-255,2902,78502,19,257701
30371,0.000858,172.31.36.0-255,66,78568,19,257701
30372,0.000887,74.125.130.0-255,2902,81470,19,257701
30373,0.000891,172.31.36.0-255,66,81536,19,257701
30374,0.000897,74.125.130.0-255,5379,86915,19,257701
30375,0.000899,172.31.36.0-255,66,86981,19,257701
30376,0.000911,74.125.130.0-255,5738,92719,19,257701
30377,0.000914,172.31.36.0-255,66,92785,19,257701
30378,0.000938,74.125.130.0-255,4320,97105,19,257701
30379,0.000941,172.31.36.0-255,66,97171,19,257701
30380,0.00097,74.125.130.0-255,3961,101132,19,257701
30381,0.000973,172.31.36.0-255,66,101198,19,257701
30382,0.001144,74.125.130.0-255,1484,102682,19,257701
30383,0.001168,74.125.130.0-255,2902,105584,19,257701
30384,0.001171,172.31.36.0-255,66,105650,19,257701
30385,0.001178,74.125.130.0-255,5738,111388,19,257701
30386,0.001179,172.31.36.0-255,101,111489,19,257701
30387,0.001183,172.31.36.0-255,66,111555,19,257701
30388,0.001204,74.125.130.0-255,2902,114457,19,257701
30389,0.001208,172.31.36.0-255,66,114523,19,257701
30390,0.001215,74.125.130.0-255,4320,118843,19,257701
30391,0.001218,172.31.36.0-255,66,118909,19,257701
30392,0.001226,74.125.130.0-255,8574,127483,19,257701
30393,0.001228,172.31.36.0-255,66,127549,19,257701
30394,0.001233,74.125.130.0-255,4320,131869,19,257701
30395,0.001236,172.31.36.0-255,66,131935,19,257701
30396,0.001289,74.125.130.0-255,3602,135537,19,257701
30397,0.001293,172.31.36.0-255,66,135603,19,257701
30398,0.001509,74.125.130.0-255,1484,137087,19,257701
30399,0.001532,74.125.130.0-255,2902,139989,19,257701
30400,0.001535,172.31.36.0-255,66,140055,19,257701
30401,0.001541,74.125.130.0-255,4320,144375,19,257701
30402,0.001543,172.31.36.0-255,66,144441,19,257701
30403,0.00159,74.125.130.0-255,2902,147343,19,257701
30404,0.001593,172.31.36.0-255,66,147409,19,257701
30405,0.001613,74.125.130.0-255,4320,151729,19,257701
30406,0.001615,172.31.36.0-255,66,151795,19,257701
30407,0.001653,74.125.130.0-255,8574,160369,19,257701
30408,0.001657,172.31.36.0-255,66,160435,19,257701
30409,0.001662,74.125.130.0-255,2902,163337,19,257701
30410,0.001664,172.31.36.0-255,66,163403,19,257701
30411,0.001711,74.125.130.0-255,6438,169841,19,257701
30412,0.001716,172.31.36.0-255,66,169907,19,257701
30413,0.001939,74.125.130.0-255,1484,171391,19,257701
30414,0.001946,74.125.130.0-255,2902,174293,19,257701
30415,0.00195,172.31.36.0-255,66,174359,19,257701
30416,0.001954,74.125.130.0-255,1484,175843,19,257701
30417,0.001979,74.125.130.0-255,4320,180163,19,257701
30418,0.00199,172.31.36.0-255,66,180229,19,257701
30419,0.002008,74.125.130.0-255,7156,187385,19,257701
30420,0.002017,172.31.36.0-255,66,187451,19,257701
30421,0.002045,74.125.130.0-255,2902,190353,19,257701
30422,0.002049,172.31.36.0-255,66,190419,19,257701
30423,0.002116,74.125.130.0-255,4320,194739,19,257701
30424,0.002123,172.31.36.0-255,66,194805,19,257701
30425,0.002155,74.125.130.0-255,4320,199125,19,257701
30426,0.00216,172.31.36.0-255,66,199191,19,257701
30427,0.002166,74.125.130.0-255,4320,203511,19,257701
30428,0.002168,172.31.36.0-255,66,203577,19,257701
30429,0.002177,74.125.130.0-255,766,204343,19,257701
30430,0.002579,74.125.130.0-255,1484,205827,19,257701
30431,0.002584,172.31.36.0-255,66,205893,19,257701
30432,0.002592,74.125.130.0-255,2902,208795,19,257701
30433,0.002594,172.31.36.0-255,66,208861,19,257701
30434,0.002616,74.125.130.0-255,5738,214599,19,257701
30435,0.002619,172.31.36.0-255,66,214665,19,257701
30436,0.00263,74.125.130.0-255,7156,221821,19,257701
30437,0.002632,172.31.36.0-255,66,221887,19,257701
30438,0.002672,172.31.36.0-255,66,221953,19,257701
30439,0.002675,74.125.130.0-255,1484,223437,19,257701
30440,0.00377,74.125.130.0-255,66,223503,19,257701
30441,0.005284,74.125.130.0-255,1484,224987,19,257701
30442,0.005288,172.31.36.0-255,66,225053,19,257701
30443,0.005317,74.125.130.0-255,2902,227955,19,257701
30444,0.00532,172.31.36.0-255,66,228021,19,257701
30445,0.007922,74.125.130.0-255,2902,230923,19,257701
30446,0.007932,172.31.36.0-255,66,230989,19,257701
30447,0.007966,74.125.130.0-255,2902,233891,19,257701
30448,0.007969,172.31.36.0-255,66,233957,19,257701
30449,0.010568,74.125.130.0-255,2902,236859,19,257701
30450,0.010586,172.31.36.0-255,66,236925,19,257701
30451,0.010643,74.125.130.0-255,2902,239827,19,257701
30452,0.010647,172.31.36.0-255,66,239893,19,257701
30453,0.013225,74.125.130.0-255,2902,242795,19,257701
30454,0.01324,172.31.36.0-255,66,242861,19,257701
30455,0.013277,74.125.130.0-255,2902,245763,19,257701
30456,0.01328,172.31.36.0-255,66,245829,19,257701
30457,0.015893,74.125.130.0-255,2902,248731,19,257701
30458,0.015909,172.31.36.0-255,66,248797,19,257701
30459,0.015951,74.125.130.0-255,2902,251699,19,257701
30460,0.015955,172.31.36.0-255,66,251765,19,257701
30461,0.018539,74.125.130.0-255,2902,254667,19,257701
30462,0.018548,172.31.36.0-255,66,254733,19,257701
30463,0.018583,74.125.130.0-255,2902,257635,19,257701
30464,0.018587,172.31.36.0-255,66,257701,19,257701
30465,0.0,74.125.24.0-255,156,156,19,363349
30466,3.5e-05,172.31.36.0-255,66,222,19,363349
30467,4.2e-05,74.125.24.0-255,1484,1706,19,363349
30468,4.6e-05,172.31.36.0-255,66,1772,19,363349
30469,5.1e-05,74.125.24.0-255,2902,4674,19,363349
30470,5.5e-05,172.31.36.0-255,66,4740,19,363349
30471,6e-05,74.125.24.0-255,4320,9060,19,363349
30472,6.4e-05,172.31.36.0-255,66,9126,19,363349
30473,7.3e-05,74.125.24.0-255,8574,17700,19,363349
30474,7.5e-05,172.31.36.0-255,66,17766,19,363349
30475,9.2e-05,74.125.24.0-255,648,18414,19,363349
30476,9.4e-05,172.31.36.0-255,66,18480,19,363349
30477,0.0001,74.125.24.0-255,4320,22800,19,363349
30478,0.000101,172.31.36.0-255,66,22866,19,363349
30479,0.00013,74.125.24.0-255,8215,31081,19,363349
30480,0.000134,172.31.36.0-255,66,31147,19,363349
30481,0.000137,74.125.24.0-255,1484,32631,19,363349
30482,0.000139,172.31.36.0-255,66,32697,19,363349
30483,0.000143,74.125.24.0-255,1484,34181,19,363349
30484,0.000145,172.31.36.0-255,66,34247,19,363349
30485,0.000174,74.125.24.0-255,1484,35731,19,363349
30486,0.000177,172.31.36.0-255,66,35797,19,363349
30487,0.000184,74.125.24.0-255,5738,41535,19,363349
30488,0.000187,172.31.36.0-255,66,41601,19,363349
30489,0.000191,74.125.24.0-255,2902,44503,19,363349
30490,0.000193,172.31.36.0-255,66,44569,19,363349
30491,0.000221,74.125.24.0-255,3961,48530,19,363349
30492,0.000224,172.31.36.0-255,66,48596,19,363349
30493,0.000645,74.125.24.0-255,1484,50080,19,363349
30494,0.000652,172.31.36.0-255,66,50146,19,363349
30495,0.000658,74.125.24.0-255,2902,53048,19,363349
30496,0.00066,172.31.36.0-255,66,53114,19,363349
30497,0.000667,74.125.24.0-255,5738,58852,19,363349
30498,0.00067,172.31.36.0-255,66,58918,19,363349
30499,0.000703,74.125.24.0-255,2902,61820,19,363349
30500,0.000707,172.31.36.0-255,66,61886,19,363349
30501,0.000729,74.125.24.0-255,3961,65847,19,363349
30502,0.000732,172.31.36.0-255,66,65913,19,363349
30503,0.000814,74.125.24.0-255,1484,67397,19,363349
30504,0.00082,74.125.24.0-255,2902,70299,19,363349
30505,0.000824,172.31.36.0-255,66,70365,19,363349
30506,0.000844,74.125.24.0-255,1484,71849,19,363349
30507,0.000865,74.125.24.0-255,2902,74751,19,363349
30508,0.000868,172.31.36.0-255,66,74817,19,363349
30509,0.000876,74.125.24.0-255,5738,80555,19,363349
30510,0.00088,172.31.36.0-255,66,80621,19,363349
30511,0.000917,172.31.36.0-255,66,80687,19,363349
30512,0.00092,74.125.24.0-255,1484,82171,19,363349
30513,0.000949,74.125.24.0-255,4541,86712,19,363349
30514,0.000953,74.125.24.0-255,1484,88196,19,363349
30515,0.000981,172.31.36.0-255,66,88262,19,363349
30516,0.000989,74.125.24.0-255,4320,92582,19,363349
30517,0.000992,172.31.36.0-255,66,92648,19,363349
30518,0.000995,74.125.24.0-255,2902,95550,19,363349
30519,0.000997,172.31.36.0-255,66,95616,19,363349
30520,0.001028,74.125.24.0-255,7652,103268,19,363349
30521,0.001032,172.31.36.0-255,66,103334,19,363349
30522,0.001074,74.125.24.0-255,1484,104818,19,363349
30523,0.001095,74.125.24.0-255,2902,107720,19,363349
30524,0.001098,172.31.36.0-255,66,107786,19,363349
30525,0.001103,74.125.24.0-255,4320,112106,19,363349
30526,0.001105,172.31.36.0-255,66,112172,19,363349
30527,0.001118,74.125.24.0-255,1484,113656,19,363349
30528,0.001133,74.125.24.0-255,4320,117976,19,363349
30529,0.001136,172.31.36.0-255,66,118042,19,363349
30530,0.001157,74.125.24.0-255,8574,126616,19,363349
30531,0.00116,172.31.36.0-255,66,126682,19,363349
30532,0.001164,74.125.24.0-255,2902,129584,19,363349
30533,0.001166,172.31.36.0-255,66,129650,19,363349
30534,0.001187,74.125.24.0-255,7156,136806,19,363349
30535,0.00119,172.31.36.0-255,66,136872,19,363349
30536,0.001193,74.125.24.0-255,766,137638,19,363349
30537,0.001564,74.125.24.0-255,1484,139122,19,363349
30538,0.001568,172.31.36.0-255,66,139188,19,363349
30539,0.001573,74.125.24.0-255,2902,142090,19,363349
30540,0.001576,172.31.36.0-255,66,142156,19,363349
30541,0.001591,74.125.24.0-255,4320,146476,19,363349
30542,0.001593,172.31.36.0-255,66,146542,19,363349
30543,0.001605,74.125.24.0-255,1484,148026,19,363349
30544,0.001642,74.125.24.0-255,7156,155182,19,363349
30545,0.001644,172.31.36.0-255,66,155248,19,363349
30546,0.001661,74.125.24.0-255,5738,160986,19,363349
30547,0.001663,172.31.36.0-255,66,161052,19,363349
30548,0.00167,74.125.24.0-255,7156,168208,19,363349
30549,0.001672,172.31.36.0-255,66,168274,19,363349
30550,0.001676,74.125.24.0-255,3602,171876,19,363349
30551,0.001678,172.31.36.0-255,66,171942,19,363349
30552,0.001795,74.125.24.0-255,1484,173426,19,363349
30553,0.001809,74.125.24.0-255,2902,176328,19,363349
30554,0.001812,172.31.36.0-255,66,176394,19,363349
30555,0.001817,74.125.24.0-255,2902,179296,19,363349
30556,0.001819,172.31.36.0-255,66,179362,19,363349
30557,0.001835,74.125.24.0-255,2902,182264,19,363349
30558,0.001837,172.31.36.0-255,66,182330,19,363349
30559,0.001844,74.125.24.0-255,5738,188068,19,363349
30560,0.001846,172.31.36.0-255,66,188134,19,363349
30561,0.001877,74.125.24.0-255,7156,195290,19,363349
30562,0.001879,172.31.36.0-255,66,195356,19,363349
30563,0.001889,74.125.24.0-255,10692,206048,19,363349
30564,0.001891,172.31.36.0-255,66,206114,19,363349
30565,0.00204,74.125.24.0-255,1484,207598,19,363349
30566,0.002045,74.125.24.0-255,2902,210500,19,363349
30567,0.002048,172.31.36.0-255,66,210566,19,363349
30568,0.002071,74.125.24.0-255,5738,216304,19,363349
30569,0.002074,172.31.36.0-255,66,216370,19,363349
30570,0.002078,74.125.24.0-255,2902,219272,19,363349
30571,0.00208,172.31.36.0-255,66,219338,19,363349
30572,0.002092,74.125.24.0-255,1484,220822,19,363349
30573,0.002095,74.125.24.0-255,1484,222306,19,363349
30574,0.002097,172.31.36.0-255,66,222372,19,363349
30575,0.002127,172.31.36.0-255,66,222438,19,363349
30576,0.002146,74.125.24.0-255,1484,223922,19,363349
30577,0.002156,74.125.24.0-255,3602,227524,19,363349
30578,0.002158,172.31.36.0-255,66,227590,19,363349
30579,0.00219,74.125.24.0-255,1484,229074,19,363349
30580,0.002193,74.125.24.0-255,1484,230558,19,363349
30581,0.002195,172.31.36.0-255,66,230624,19,363349
30582,0.002212,74.125.24.0-255,1484,232108,19,363349
30583,0.002219,74.125.24.0-255,5738,237846,19,363349
30584,0.002221,172.31.36.0-255,66,237912,19,363349
30585,0.002227,74.125.24.0-255,5738,243650,19,363349
30586,0.00223,172.31.36.0-255,66,243716,19,363349
30587,0.002249,74.125.24.0-255,5738,249454,19,363349
30588,0.002252,172.31.36.0-255,66,249520,19,363349
30589,0.00228,74.125.24.0-255,7156,256676,19,363349
30590,0.002283,172.31.36.0-255,66,256742,19,363349
30591,0.002291,74.125.24.0-255,9992,266734,19,363349
30592,0.002293,172.31.36.0-255,66,266800,19,363349
30593,0.002314,74.125.24.0-255,7856,274656,19,363349
30594,0.002318,172.31.36.0-255,66,274722,19,363349
30595,0.00233,172.31.36.0-255,66,274788,19,363349
30596,0.002352,74.125.24.0-255,5738,280526,19,363349
30597,0.002355,172.31.36.0-255,66,280592,19,363349
30598,0.002363,74.125.24.0-255,9274,289866,19,363349
30599,0.002365,172.31.36.0-255,66,289932,19,363349
30600,0.002369,74.125.24.0-255,2902,292834,19,363349
30601,0.002371,172.31.36.0-255,66,292900,19,363349
30602,0.002387,74.125.24.0-255,7156,300056,19,363349
30603,0.002389,172.31.36.0-255,66,300122,19,363349
30604,0.002395,74.125.24.0-255,5738,305860,19,363349
30605,0.002398,172.31.36.0-255,66,305926,19,363349
30606,0.002434,74.125.24.0-255,10692,316618,19,363349
30607,0.002438,172.31.36.0-255,66,316684,19,363349
30608,0.002443,74.125.24.0-255,5738,322422,19,363349
30609,0.002445,172.31.36.0-255,66,322488,19,363349
30610,0.003469,172.31.36.0-255,101,322589,19,363349
30611,0.004773,74.125.24.0-255,5738,328327,19,363349
30612,0.004779,172.31.36.0-255,66,328393,19,363349
30613,0.005814,74.125.24.0-255,66,328459,19,363349
30614,0.007124,74.125.24.0-255,5738,334197,19,363349
30615,0.007132,172.31.36.0-255,66,334263,19,363349
30616,0.009462,74.125.24.0-255,5738,340001,19,363349
30617,0.00947,172.31.36.0-255,66,340067,19,363349
30618,0.011795,74.125.24.0-255,5738,345805,19,363349
30619,0.011807,172.31.36.0-255,66,345871,19,363349
30620,0.014166,74.125.24.0-255,5738,351609,19,363349
30621,0.01418,172.31.36.0-255,66,351675,19,363349
30622,0.016509,74.125.24.0-255,5738,357413,19,363349
30623,0.016517,172.31.36.0-255,66,357479,19,363349
30624,0.018858,74.125.24.0-255,4320,361799,19,363349
30625,0.018864,172.31.36.0-255,66,361865,19,363349
30626,0.018885,74.125.24.0-255,1484,363349,19,363349
30627,0.0,74.125.68.0-255,146,146,19,377801
30628,1.3e-05,172.31.36.0-255,66,212,19,377801
30629,2e-05,74.125.68.0-255,1484,1696,19,377801
30630,2.5e-05,172.31.36.0-255,66,1762,19,377801
30631,4.2e-05,74.125.68.0-255,2902,4664,19,377801
30632,4.5e-05,172.31.36.0-255,66,4730,19,377801
30633,5.1e-05,74.125.68.0-255,2902,7632,19,377801
30634,5.3e-05,172.31.36.0-255,66,7698,19,377801
30635,5.9e-05,74.125.68.0-255,4320,12018,19,377801
30636,6.2e-05,172.31.36.0-255,66,12084,19,377801
30637,0.000102,74.125.68.0-255,1484,13568,19,377801
30638,0.000104,172.31.36.0-255,66,13634,19,377801
30639,0.000124,74.125.68.0-255,7673,21307,19,377801
30640,0.000127,172.31.36.0-255,66,21373,19,377801
30641,0.000136,74.125.68.0-255,9633,31006,19,377801
30642,0.000138,172.31.36.0-255,66,31072,19,377801
30643,0.000251,74.125.68.0-255,1484,32556,19,377801
30644,0.000255,172.31.36.0-255,66,32622,19,377801
30645,0.000261,74.125.68.0-255,2902,35524,19,377801
30646,0.000264,172.31.36.0-255,66,35590,19,377801
30647,0.000308,74.125.68.0-255,5738,41328,19,377801
30648,0.000312,172.31.36.0-255,66,41394,19,377801
30649,0.000318,74.125.68.0-255,5738,47132,19,377801
30650,0.00032,172.31.36.0-255,66,47198,19,377801
30651,0.000323,74.125.68.0-255,1484,48682,19,377801
30652,0.000326,172.31.36.0-255,66,48748,19,377801
30653,0.000354,74.125.68.0-255,5379,54127,19,377801
30654,0.000357,172.31.36.0-255,66,54193,19,377801
30655,0.000367,74.125.68.0-255,9992,64185,19,377801
30656,0.00037,172.31.36.0-255,66,64251,19,377801
30657,0.000402,74.125.68.0-255,1468,65719,19,377801
30658,0.000405,172.31.36.0-255,66,65785,19,377801
30659,0.000529,74.125.68.0-255,1484,67269,19,377801
30660,0.000536,74.125.68.0-255,2902,70171,19,377801
30661,0.000558,74.125.68.0-255,2902,73073,19,377801
30662,0.000565,74.125.68.0-255,4320,77393,19,377801
30663,0.000619,74.125.68.0-255,9633,87026,19,377801
30664,0.000624,74.125.68.0-255,4320,91346,19,377801
30665,0.000663,74.125.68.0-255,5738,97084,19,377801
30666,0.000682,74.125.68.0-255,2800,99884,19,377801
30667,0.000721,74.125.68.0-255,1484,101368,19,377801
30668,0.000734,74.125.68.0-255,2902,104270,19,377801
30669,0.000746,74.125.68.0-255,1484,105754,19,377801
30670,0.00077,74.125.68.0-255,4320,110074,19,377801
30671,0.000775,74.125.68.0-255,4320,114394,19,377801
30672,0.00079,74.125.68.0-255,2902,117296,19,377801
30673,0.000804,172.31.36.0-255,66,117362,19,377801
30674,0.000811,74.125.68.0-255,4320,121682,19,377801
30675,0.000816,172.31.36.0-255,66,121748,19,377801
30676,0.000833,74.125.68.0-255,9992,131740,19,377801
30677,0.000837,74.125.68.0-255,2184,133924,19,377801
30678,0.000873,74.125.68.0-255,1484,135408,19,377801
30679,0.000877,74.125.68.0-255,2902,138310,19,377801
30680,0.000881,172.31.36.0-255,66,138376,19,377801
30681,0.000887,172.31.36.0-255,66,138442,19,377801
30682,0.000905,74.125.68.0-255,5738,144180,19,377801
30683,0.000923,74.125.68.0-255,5738,149918,19,377801
30684,0.000938,74.125.68.0-255,1484,151402,19,377801
30685,0.000942,172.31.36.0-255,66,151468,19,377801
30686,0.000954,74.125.68.0-255,5738,157206,19,377801
30687,0.000959,172.31.36.0-255,66,157272,19,377801
30688,0.000983,74.125.68.0-255,7156,164428,19,377801
30689,0.001,172.31.36.0-255,66,164494,19,377801
30690,0.001018,74.125.68.0-255,1484,165978,19,377801
30691,0.001034,74.125.68.0-255,2184,168162,19,377801
30692,0.001048,172.31.36.0-255,66,168228,19,377801
30693,0.001117,74.125.68.0-255,1484,169712,19,377801
30694,0.001135,74.125.68.0-255,2902,172614,19,377801
30695,0.001152,74.125.68.0-255,5738,178352,19,377801
30696,0.001156,172.31.36.0-255,66,178418,19,377801
30697,0.001162,172.31.36.0-255,66,178484,19,377801
30698,0.001171,74.125.68.0-255,2902,181386,19,377801
30699,0.00119,74.125.68.0-255,4320,185706,19,377801
30700,0.001195,74.125.68.0-255,4320,190026,19,377801
30701,0.001211,74.125.68.0-255,4320,194346,19,377801
30702,0.00122,172.31.36.0-255,66,194412,19,377801
30703,0.001232,74.125.68.0-255,7856,202268,19,377801
30704,0.001238,172.31.36.0-255,66,202334,19,377801
30705,0.001367,74.125.68.0-255,1484,203818,19,377801
30706,0.001371,74.125.68.0-255,1484,205302,19,377801
30707,0.001382,74.125.68.0-255,1484,206786,19,377801
30708,0.001388,172.31.36.0-255,66,206852,19,377801
30709,0.001401,74.125.68.0-255,5738,212590,19,377801
30710,0.001425,74.125.68.0-255,2902,215492,19,377801
30711,0.001447,74.125.68.0-255,8574,224066,19,377801
30712,0.001451,172.31.36.0-255,66,224132,19,377801
30713,0.001458,74.125.68.0-255,1484,225616,19,377801
30714,0.001464,172.31.36.0-255,66,225682,19,377801
30715,0.001476,74.125.68.0-255,7156,232838,19,377801
30716,0.001491,74.125.68.0-255,3602,236440,19,377801
30717,0.001506,172.31.36.0-255,66,236506,19,377801
30718,0.001605,74.125.68.0-255,1484,237990,19,377801
30719,0.001611,74.125.68.0-255,2902,240892,19,377801
30720,0.001616,172.31.36.0-255,66,240958,19,377801
30721,0.001637,74.125.68.0-255,5738,246696,19,377801
30722,0.001645,172.31.36.0-255,66,246762,19,377801
30723,0.001666,74.125.68.0-255,7156,253918,19,377801
30724,0.001722,74.125.68.0-255,7156,261074,19,377801
30725,0.001731,172.31.36.0-255,66,261140,19,377801
30726,0.001748,74.125.68.0-255,5738,266878,19,377801
30727,0.001802,74.125.68.0-255,7156,274034,19,377801
30728,0.001805,172.31.36.0-255,66,274100,19,377801
30729,0.001817,172.31.36.0-255,66,274166,19,377801
30730,0.00184,74.125.68.0-255,5738,279904,19,377801
30731,0.001851,172.31.36.0-255,66,279970,19,377801
30732,0.001867,74.125.68.0-255,7856,287826,19,377801
30733,0.001876,74.125.68.0-255,8574,296400,19,377801
30734,0.001899,74.125.68.0-255,5738,302138,19,377801
30735,0.001906,74.125.68.0-255,5738,307876,19,377801
30736,0.001914,172.31.36.0-255,66,307942,19,377801
30737,0.00195,74.125.68.0-255,8574,316516,19,377801
30738,0.001958,172.31.36.0-255,66,316582,19,377801
30739,0.001967,74.125.68.0-255,2184,318766,19,377801
30740,0.001977,74.125.68.0-255,9992,328758,19,377801
30741,0.001982,172.31.36.0-255,66,328824,19,377801
30742,0.002003,74.125.68.0-255,1484,330308,19,377801
30743,0.00201,74.125.68.0-255,7156,337464,19,377801
30744,0.002013,74.125.68.0-255,1484,338948,19,377801
30745,0.00202,172.31.36.0-255,66,339014,19,377801
30746,0.002041,74.125.68.0-255,6438,345452,19,377801
30747,0.002047,74.125.68.0-255,5738,351190,19,377801
30748,0.00205,74.125.68.0-255,1484,352674,19,377801
30749,0.00206,172.31.36.0-255,66,352740,19,377801
30750,0.002072,74.125.68.0-255,5738,358478,19,377801
30751,0.002078,172.31.36.0-255,66,358544,19,377801
30752,0.002089,74.125.68.0-255,5738,364282,19,377801
30753,0.002106,74.125.68.0-255,5738,370020,19,377801
30754,0.002117,172.31.36.0-255,66,370086,19,377801
30755,0.002135,74.125.68.0-255,2902,372988,19,377801
30756,0.002143,172.31.36.0-255,66,373054,19,377801
30757,0.002159,74.125.68.0-255,4339,377393,19,377801
30758,0.002184,172.31.36.0-255,66,377459,19,377801
30759,0.002201,74.125.68.0-255,105,377564,19,377801
30760,0.010183,172.31.36.0-255,66,377630,19,377801
30761,0.010226,172.31.36.0-255,105,377735,19,377801
30762,0.012761,74.125.68.0-255,66,377801,19,377801
30763,0.0,74.125.24.0-255,298,298,19,159129
30764,3.5e-05,172.31.36.0-255,66,364,19,159129
30765,4.1e-05,74.125.24.0-255,1484,1848,19,159129
30766,4.5e-05,172.31.36.0-255,66,1914,19,159129
30767,5e-05,74.125.24.0-255,4320,6234,19,159129
30768,5.3e-05,172.31.36.0-255,66,6300,19,159129
30769,9.6e-05,74.125.24.0-255,2902,9202,19,159129
30770,0.0001,172.31.36.0-255,66,9268,19,159129
30771,0.000119,74.125.24.0-255,4588,13856,19,159129
30772,0.000122,172.31.36.0-255,66,13922,19,159129
30773,0.000139,74.125.24.0-255,1484,15406,19,159129
30774,0.000141,172.31.36.0-255,66,15472,19,159129
30775,0.000146,74.125.24.0-255,2902,18374,19,159129
30776,0.000148,172.31.36.0-255,66,18440,19,159129
30777,0.000154,74.125.24.0-255,5738,24178,19,159129
30778,0.000158,172.31.36.0-255,66,24244,19,159129
30779,0.000163,74.125.24.0-255,4320,28564,19,159129
30780,0.000165,172.31.36.0-255,66,28630,19,159129
30781,0.000189,74.125.24.0-255,2543,31173,19,159129
30782,0.000191,172.31.36.0-255,66,31239,19,159129
30783,0.000404,74.125.24.0-255,1484,32723,19,159129
30784,0.000409,172.31.36.0-255,66,32789,19,159129
30785,0.000414,74.125.24.0-255,2902,35691,19,159129
30786,0.000417,172.31.36.0-255,66,35757,19,159129
30787,0.00042,74.125.24.0-255,1484,37241,19,159129
30788,0.000422,172.31.36.0-255,66,37307,19,159129
30789,0.000448,74.125.24.0-255,4320,41627,19,159129
30790,0.000452,172.31.36.0-255,66,41693,19,159129
30791,0.000457,74.125.24.0-255,2902,44595,19,159129
30792,0.00046,172.31.36.0-255,66,44661,19,159129
30793,0.000501,172.31.36.0-255,66,44727,19,159129
30794,0.000509,74.125.24.0-255,7156,51883,19,159129
30795,0.000511,172.31.36.0-255,66,51949,19,159129
30796,0.000526,74.125.24.0-255,2543,54492,19,159129
30797,0.000529,172.31.36.0-255,66,54558,19,159129
30798,0.000618,74.125.24.0-255,410,54968,19,159129
30799,0.000724,74.125.24.0-255,333,55301,19,159129
30800,0.00077,172.31.36.0-255,66,55367,19,159129
30801,0.001199,74.125.24.0-255,1484,56851,19,159129
30802,0.001211,74.125.24.0-255,2902,59753,19,159129
30803,0.001216,172.31.36.0-255,66,59819,19,159129
30804,0.001223,74.125.24.0-255,5738,65557,19,159129
30805,0.001226,172.31.36.0-255,66,65623,19,159129
30806,0.001233,74.125.24.0-255,7156,72779,19,159129
30807,0.001235,172.31.36.0-255,66,72845,19,159129
30808,0.00129,172.31.36.0-255,66,72911,19,159129
30809,0.001294,74.125.24.0-255,2184,75095,19,159129
30810,0.001296,172.31.36.0-255,66,75161,19,159129
30811,0.001686,74.125.24.0-255,1484,76645,19,159129
30812,0.001693,74.125.24.0-255,2902,79547,19,159129
30813,0.001698,172.31.36.0-255,66,79613,19,159129
30814,0.001719,74.125.24.0-255,5738,85351,19,159129
30815,0.001721,172.31.36.0-255,66,85417,19,159129
30816,0.001728,74.125.24.0-255,5738,91155,19,159129
30817,0.001731,172.31.36.0-255,66,91221,19,159129
30818,0.001784,172.31.36.0-255,66,91287,19,159129
30819,0.001789,74.125.24.0-255,4320,95607,19,159129
30820,0.001791,172.31.36.0-255,66,95673,19,159129
30821,0.001813,74.125.24.0-255,766,96439,19,159129
30822,0.002342,74.125.24.0-255,1484,97923,19,159129
30823,0.002344,172.31.36.0-255,66,97989,19,159129
30824,0.00236,74.125.24.0-255,2902,100891,19,159129
30825,0.002362,172.31.36.0-255,66,100957,19,159129
30826,0.002367,74.125.24.0-255,2902,103859,19,159129
30827,0.002369,172.31.36.0-255,66,103925,19,159129
30828,0.002393,74.125.24.0-255,2902,106827,19,159129
30829,0.002395,172.31.36.0-255,66,106893,19,159129
30830,0.002404,74.125.24.0-255,9992,116885,19,159129
30831,0.002407,172.31.36.0-255,66,116951,19,159129
30832,0.002409,74.125.24.0-255,1484,118435,19,159129
30833,0.002452,172.31.36.0-255,66,118501,19,159129
30834,0.004866,74.125.24.0-255,5738,124239,19,159129
30835,0.004869,172.31.36.0-255,66,124305,19,159129
30836,0.007252,74.125.24.0-255,5738,130043,19,159129
30837,0.007259,172.31.36.0-255,66,130109,19,159129
30838,0.009642,74.125.24.0-255,5738,135847,19,159129
30839,0.009651,172.31.36.0-255,66,135913,19,159129
30840,0.012039,74.125.24.0-255,5738,141651,19,159129
30841,0.012047,172.31.36.0-255,66,141717,19,159129
30842,0.014419,74.125.24.0-255,5738,147455,19,159129
30843,0.014428,172.31.36.0-255,66,147521,19,159129
30844,0.016821,74.125.24.0-255,5738,153259,19,159129
30845,0.016832,172.31.36.0-255,66,153325,19,159129
30846,0.019213,74.125.24.0-255,5738,159063,19,159129
30847,0.019221,172.31.36.0-255,66,159129,19,159129
30848,0.0,172.217.194.0-255,150,150,19,119332
30849,3.5e-05,172.31.36.0-255,66,216,19,119332
30850,4.2e-05,172.217.194.0-255,1484,1700,19,119332
30851,4.6e-05,172.31.36.0-255,66,1766,19,119332
30852,5.1e-05,172.217.194.0-255,2902,4668,19,119332
30853,6.2e-05,172.31.36.0-255,66,4734,19,119332
30854,6.9e-05,172.217.194.0-255,7156,11890,19,119332
30855,7.1e-05,172.31.36.0-255,66,11956,19,119332
30856,7.5e-05,172.217.194.0-255,2002,13958,19,119332
30857,7.8e-05,172.31.36.0-255,66,14024,19,119332
30858,0.000126,172.217.194.0-255,9992,24016,19,119332
30859,0.00013,172.31.36.0-255,66,24082,19,119332
30860,0.000166,172.217.194.0-255,6797,30879,19,119332
30861,0.00017,172.31.36.0-255,66,30945,19,119332
30862,0.000314,172.217.194.0-255,1484,32429,19,119332
30863,0.000319,172.31.36.0-255,66,32495,19,119332
30864,0.000325,172.217.194.0-255,2902,35397,19,119332
30865,0.000327,172.31.36.0-255,66,35463,19,119332
30866,0.00034,172.217.194.0-255,5738,41201,19,119332
30867,0.000344,172.31.36.0-255,66,41267,19,119332
30868,0.000394,172.31.36.0-255,66,41333,19,119332
30869,0.0004,172.217.194.0-255,5738,47071,19,119332
30870,0.000403,172.31.36.0-255,66,47137,19,119332
30871,0.000427,172.217.194.0-255,4253,51390,19,119332
30872,0.00043,172.31.36.0-255,66,51456,19,119332
30873,0.001417,172.217.194.0-255,364,51820,19,119332
30874,0.001426,172.31.36.0-255,66,51886,19,119332
30875,0.001949,172.217.194.0-255,1484,53370,19,119332
30876,0.001955,172.31.36.0-255,66,53436,19,119332
30877,0.001963,172.217.194.0-255,2902,56338,19,119332
30878,0.001966,172.31.36.0-255,66,56404,19,119332
30879,0.001978,172.217.194.0-255,5738,62142,19,119332
30880,0.00205,172.217.194.0-255,10692,72834,19,119332
30881,0.002071,172.31.36.0-255,66,72900,19,119332
30882,0.004299,172.217.194.0-255,5738,78638,19,119332
30883,0.004312,172.31.36.0-255,66,78704,19,119332
30884,0.006547,172.217.194.0-255,5738,84442,19,119332
30885,0.006562,172.31.36.0-255,66,84508,19,119332
30886,0.008754,172.217.194.0-255,5738,90246,19,119332
30887,0.008781,172.31.36.0-255,66,90312,19,119332
30888,0.011015,172.217.194.0-255,5738,96050,19,119332
30889,0.011026,172.31.36.0-255,66,96116,19,119332
30890,0.013248,172.217.194.0-255,5738,101854,19,119332
30891,0.01326,172.31.36.0-255,66,101920,19,119332
30892,0.015475,172.217.194.0-255,5738,107658,19,119332
30893,0.015486,172.31.36.0-255,66,107724,19,119332
30894,0.017715,172.217.194.0-255,5738,113462,19,119332
30895,0.017732,172.31.36.0-255,66,113528,19,119332
30896,0.019955,172.217.194.0-255,5738,119266,19,119332
30897,0.019975,172.31.36.0-255,66,119332,19,119332
30898,0.0,172.217.194.0-255,143,143,19,216816
30899,3.4e-05,172.31.36.0-255,66,209,19,216816
30900,4.1e-05,172.217.194.0-255,1484,1693,19,216816
30901,4.5e-05,172.31.36.0-255,66,1759,19,216816
30902,6e-05,172.217.194.0-255,2902,4661,19,216816
30903,6.4e-05,172.31.36.0-255,66,4727,19,216816
30904,8.9e-05,172.217.194.0-255,5738,10465,19,216816
30905,9.2e-05,172.31.36.0-255,66,10531,19,216816
30906,0.000123,172.217.194.0-255,1484,12015,19,216816
30907,0.000126,172.31.36.0-255,66,12081,19,216816
30908,0.000135,172.217.194.0-255,7738,19819,19,216816
30909,0.000138,172.31.36.0-255,66,19885,19,216816
30910,0.000149,172.217.194.0-255,5738,25623,19,216816
30911,0.000151,172.31.36.0-255,66,25689,19,216816
30912,0.000204,172.217.194.0-255,5379,31068,19,216816
30913,0.000207,172.31.36.0-255,66,31134,19,216816
30914,0.000283,172.217.194.0-255,1484,32618,19,216816
30915,0.000288,172.31.36.0-255,66,32684,19,216816
30916,0.000335,172.217.194.0-255,2902,35586,19,216816
30917,0.000339,172.31.36.0-255,66,35652,19,216816
30918,0.000344,172.217.194.0-255,2902,38554,19,216816
30919,0.000347,172.31.36.0-255,66,38620,19,216816
30920,0.00037,172.217.194.0-255,1484,40104,19,216816
30921,0.000375,172.31.36.0-255,66,40170,19,216816
30922,0.000389,172.217.194.0-255,8574,48744,19,216816
30923,0.000392,172.31.36.0-255,66,48810,19,216816
30924,0.000401,172.217.194.0-255,8574,57384,19,216816
30925,0.000404,172.31.36.0-255,66,57450,19,216816
30926,0.000455,172.217.194.0-255,4320,61770,19,216816
30927,0.00046,172.31.36.0-255,66,61836,19,216816
30928,0.000485,172.217.194.0-255,3602,65438,19,216816
30929,0.000492,172.31.36.0-255,66,65504,19,216816
30930,0.000498,172.217.194.0-255,376,65880,19,216816
30931,0.00052,172.217.194.0-255,100,65980,19,216816
30932,0.000746,172.217.194.0-255,1484,67464,19,216816
30933,0.000752,172.31.36.0-255,66,67530,19,216816
30934,0.000786,172.217.194.0-255,2902,70432,19,216816
30935,0.00079,172.31.36.0-255,66,70498,19,216816
30936,0.000797,172.217.194.0-255,5738,76236,19,216816
30937,0.0008,172.31.36.0-255,66,76302,19,216816
30938,0.000806,172.217.194.0-255,4320,80622,19,216816
30939,0.000813,172.31.36.0-255,66,80688,19,216816
30940,0.000838,172.217.194.0-255,2902,83590,19,216816
30941,0.000845,172.31.36.0-255,66,83656,19,216816
30942,0.000859,172.31.36.0-255,66,83722,19,216816
30943,0.000864,172.217.194.0-255,2184,85906,19,216816
30944,0.000866,172.31.36.0-255,66,85972,19,216816
30945,0.000933,172.217.194.0-255,1484,87456,19,216816
30946,0.000947,172.217.194.0-255,2902,90358,19,216816
30947,0.000951,172.31.36.0-255,66,90424,19,216816
30948,0.000958,172.217.194.0-255,5738,96162,19,216816
30949,0.00096,172.31.36.0-255,66,96228,19,216816
30950,0.000964,172.217.194.0-255,2902,99130,19,216816
30951,0.000972,172.31.36.0-255,66,99196,19,216816
30952,0.001011,172.217.194.0-255,7156,106352,19,216816
30953,0.001016,172.31.36.0-255,66,106418,19,216816
30954,0.001019,172.217.194.0-255,1484,107902,19,216816
30955,0.001066,172.31.36.0-255,66,107968,19,216816
30956,0.001349,172.217.194.0-255,1484,109452,19,216816
30957,0.001356,172.217.194.0-255,2902,112354,19,216816
30958,0.001359,172.31.36.0-255,66,112420,19,216816
30959,0.001394,172.217.194.0-255,2902,115322,19,216816
30960,0.001398,172.31.36.0-255,66,115388,19,216816
30961,0.001405,172.217.194.0-255,7156,122544,19,216816
30962,0.001408,172.31.36.0-255,66,122610,19,216816
30963,0.001446,172.31.36.0-255,66,122676,19,216816
30964,0.001476,172.217.194.0-255,4320,126996,19,216816
30965,0.00148,172.31.36.0-255,66,127062,19,216816
30966,0.001508,172.217.194.0-255,3602,130664,19,216816
30967,0.001513,172.31.36.0-255,66,130730,19,216816
30968,0.001516,172.217.194.0-255,1484,132214,19,216816
30969,0.001539,172.217.194.0-255,2902,135116,19,216816
30970,0.001543,172.31.36.0-255,66,135182,19,216816
30971,0.001549,172.217.194.0-255,4320,139502,19,216816
30972,0.001551,172.31.36.0-255,66,139568,19,216816
30973,0.001586,172.217.194.0-255,1484,141052,19,216816
30974,0.001597,172.217.194.0-255,9992,151044,19,216816
30975,0.0016,172.31.36.0-255,66,151110,19,216816
30976,0.001629,172.217.194.0-255,2902,154012,19,216816
30977,0.001632,172.31.36.0-255,66,154078,19,216816
30978,0.001673,172.217.194.0-255,10692,164770,19,216816
30979,0.001678,172.31.36.0-255,66,164836,19,216816
30980,0.00169,172.31.36.0-255,66,164902,19,216816
30981,0.001707,172.217.194.0-255,2902,167804,19,216816
30982,0.001709,172.31.36.0-255,66,167870,19,216816
30983,0.001721,172.31.36.0-255,66,167936,19,216816
30984,0.001724,172.217.194.0-255,2902,170838,19,216816
30985,0.001729,172.31.36.0-255,66,170904,19,216816
30986,0.001759,172.217.194.0-255,766,171670,19,216816
30987,0.00257,172.31.36.0-255,66,171736,19,216816
30988,0.003978,172.217.194.0-255,4320,176056,19,216816
30989,0.003985,172.31.36.0-255,66,176122,19,216816
30990,0.004831,172.217.194.0-255,1484,177606,19,216816
30991,0.006271,172.217.194.0-255,4320,181926,19,216816
30992,0.006277,172.31.36.0-255,66,181992,19,216816
30993,0.008538,172.217.194.0-255,5738,187730,19,216816
30994,0.008546,172.31.36.0-255,66,187796,19,216816
30995,0.010843,172.217.194.0-255,5738,193534,19,216816
30996,0.01085,172.31.36.0-255,66,193600,19,216816
30997,0.013131,172.217.194.0-255,5738,199338,19,216816
30998,0.013145,172.31.36.0-255,66,199404,19,216816
30999,0.015421,172.217.194.0-255,5738,205142,19,216816
31000,0.01543,172.31.36.0-255,66,205208,19,216816
31001,0.017683,172.217.194.0-255,5738,210946,19,216816
31002,0.017691,172.31.36.0-255,66,211012,19,216816
31003,0.019974,172.217.194.0-255,5738,216750,19,216816
31004,0.01998,172.31.36.0-255,66,216816,19,216816
31005,0.0,74.125.24.0-255,153,153,19,302810
31006,2.1e-05,172.31.36.0-255,66,219,19,302810
31007,2.9e-05,74.125.24.0-255,1484,1703,19,302810
31008,3.3e-05,172.31.36.0-255,66,1769,19,302810
31009,3.8e-05,74.125.24.0-255,2902,4671,19,302810
31010,4.1e-05,172.31.36.0-255,66,4737,19,302810
31011,5.5e-05,74.125.24.0-255,7156,11893,19,302810
31012,5.7e-05,172.31.36.0-255,66,11959,19,302810
31013,7.3e-05,74.125.24.0-255,2043,14002,19,302810
31014,7.5e-05,172.31.36.0-255,66,14068,19,302810
31015,0.000156,74.125.24.0-255,1484,15552,19,302810
31016,0.000158,172.31.36.0-255,66,15618,19,302810
31017,0.000163,74.125.24.0-255,2902,18520,19,302810
31018,0.000165,172.31.36.0-255,66,18586,19,302810
31019,0.000168,74.125.24.0-255,1484,20070,19,302810
31020,0.000169,172.31.36.0-255,66,20136,19,302810
31021,0.000223,74.125.24.0-255,4320,24456,19,302810
31022,0.000226,172.31.36.0-255,66,24522,19,302810
31023,0.000238,172.31.36.0-255,66,24588,19,302810
31024,0.000247,74.125.24.0-255,9992,34580,19,302810
31025,0.000251,172.31.36.0-255,66,34646,19,302810
31026,0.000289,172.31.36.0-255,66,34712,19,302810
31027,0.000296,74.125.24.0-255,6438,41150,19,302810
31028,0.000298,172.31.36.0-255,66,41216,19,302810
31029,0.000325,74.125.24.0-255,399,41615,19,302810
31030,0.000327,172.31.36.0-255,66,41681,19,302810
31031,0.000356,74.125.24.0-255,379,42060,19,302810
31032,0.000358,172.31.36.0-255,66,42126,19,302810
31033,0.000504,74.125.24.0-255,1484,43610,19,302810
31034,0.000508,172.31.36.0-255,66,43676,19,302810
31035,0.000514,74.125.24.0-255,2902,46578,19,302810
31036,0.000515,172.31.36.0-255,66,46644,19,302810
31037,0.00052,74.125.24.0-255,4320,50964,19,302810
31038,0.000527,172.31.36.0-255,66,51030,19,302810
31039,0.000554,74.125.24.0-255,1484,52514,19,302810
31040,0.000561,74.125.24.0-255,4320,56834,19,302810
31041,0.000563,172.31.36.0-255,66,56900,19,302810
31042,0.000575,172.31.36.0-255,66,56966,19,302810
31043,0.00061,74.125.24.0-255,7856,64822,19,302810
31044,0.000613,172.31.36.0-255,66,64888,19,302810
31045,0.000769,74.125.24.0-255,1484,66372,19,302810
31046,0.000775,74.125.24.0-255,2902,69274,19,302810
31047,0.000777,172.31.36.0-255,66,69340,19,302810
31048,0.000781,74.125.24.0-255,1484,70824,19,302810
31049,0.000808,74.125.24.0-255,4320,75144,19,302810
31050,0.000817,74.125.24.0-255,9992,85136,19,302810
31051,0.000821,172.31.36.0-255,66,85202,19,302810
31052,0.000823,172.31.36.0-255,66,85268,19,302810
31053,0.000841,74.125.24.0-255,2902,88170,19,302810
31054,0.000844,172.31.36.0-255,66,88236,19,302810
31055,0.000868,74.125.24.0-255,10692,98928,19,302810
31056,0.00089,172.31.36.0-255,66,98994,19,302810
31057,0.001125,74.125.24.0-255,1484,100478,19,302810
31058,0.001128,74.125.24.0-255,1484,101962,19,302810
31059,0.001133,172.31.36.0-255,66,102028,19,302810
31060,0.001151,74.125.24.0-255,1484,103512,19,302810
31061,0.001157,74.125.24.0-255,5738,109250,19,302810
31062,0.001159,172.31.36.0-255,66,109316,19,302810
31063,0.001166,74.125.24.0-255,4320,113636,19,302810
31064,0.001168,172.31.36.0-255,66,113702,19,302810
31065,0.001202,74.125.24.0-255,8574,122276,19,302810
31066,0.001213,74.125.24.0-255,10692,132968,19,302810
31067,0.001264,172.31.36.0-255,66,133034,19,302810
31068,0.001343,74.125.24.0-255,1484,134518,19,302810
31069,0.001348,74.125.24.0-255,2902,137420,19,302810
31070,0.001351,172.31.36.0-255,66,137486,19,302810
31071,0.001356,74.125.24.0-255,4320,141806,19,302810
31072,0.001358,172.31.36.0-255,66,141872,19,302810
31073,0.001375,74.125.24.0-255,1484,143356,19,302810
31074,0.00138,74.125.24.0-255,4320,147676,19,302810
31075,0.001385,172.31.36.0-255,66,147742,19,302810
31076,0.001413,74.125.24.0-255,8574,156316,19,302810
31077,0.00142,74.125.24.0-255,7156,163472,19,302810
31078,0.001453,74.125.24.0-255,3602,167074,19,302810
31079,0.001472,172.31.36.0-255,66,167140,19,302810
31080,0.001495,74.125.24.0-255,1484,168624,19,302810
31081,0.0015,74.125.24.0-255,2902,171526,19,302810
31082,0.001503,74.125.24.0-255,1484,173010,19,302810
31083,0.001508,172.31.36.0-255,66,173076,19,302810
31084,0.001531,74.125.24.0-255,4320,177396,19,302810
31085,0.001541,74.125.24.0-255,9992,187388,19,302810
31086,0.001551,172.31.36.0-255,66,187454,19,302810
31087,0.001571,74.125.24.0-255,2902,190356,19,302810
31088,0.00158,74.125.24.0-255,9992,200348,19,302810
31089,0.001583,74.125.24.0-255,766,201114,19,302810
31090,0.001602,172.31.36.0-255,66,201180,19,302810
31091,0.001651,74.125.24.0-255,1484,202664,19,302810
31092,0.001656,74.125.24.0-255,2902,205566,19,302810
31093,0.001675,74.125.24.0-255,5738,211304,19,302810
31094,0.00168,172.31.36.0-255,66,211370,19,302810
31095,0.001736,74.125.24.0-255,7156,218526,19,302810
31096,0.001752,74.125.24.0-255,3602,222128,19,302810
31097,0.001771,172.31.36.0-255,66,222194,19,302810
31098,0.001811,74.125.24.0-255,1484,223678,19,302810
31099,0.001816,74.125.24.0-255,2902,226580,19,302810
31100,0.001823,172.31.36.0-255,66,226646,19,302810
31101,0.001843,74.125.24.0-255,5738,232384,19,302810
31102,0.001863,74.125.24.0-255,8574,240958,19,302810
31103,0.001868,74.125.24.0-255,4320,245278,19,302810
31104,0.001882,172.31.36.0-255,66,245344,19,302810
31105,0.001889,74.125.24.0-255,5738,251082,19,302810
31106,0.001891,74.125.24.0-255,1484,252566,19,302810
31107,0.001908,74.125.24.0-255,3602,256168,19,302810
31108,0.001913,172.31.36.0-255,66,256234,19,302810
31109,0.001953,74.125.24.0-255,1484,257718,19,302810
31110,0.001959,74.125.24.0-255,2902,260620,19,302810
31111,0.001971,172.31.36.0-255,66,260686,19,302810
31112,0.001983,74.125.24.0-255,5738,266424,19,302810
31113,0.001994,74.125.24.0-255,5738,272162,19,302810
31114,0.002002,172.31.36.0-255,66,272228,19,302810
31115,0.002021,74.125.24.0-255,7156,279384,19,302810
31116,0.00203,74.125.24.0-255,8574,287958,19,302810
31117,0.00204,74.125.24.0-255,1484,289442,19,302810
31118,0.002056,74.125.24.0-255,7156,296598,19,302810
31119,0.002066,172.31.36.0-255,66,296664,19,302810
31120,0.002104,74.125.24.0-255,5738,302402,19,302810
31121,0.002147,172.31.36.0-255,66,302468,19,302810
31122,0.002196,74.125.24.0-255,105,302573,19,302810
31123,0.002223,172.31.36.0-255,66,302639,19,302810
31124,0.009729,172.31.36.0-255,105,302744,19,302810
31125,0.011964,74.125.24.0-255,66,302810,19,302810
31126,0.0,74.125.200.0-255,148,148,19,141424
31127,2.2e-05,172.31.36.0-255,66,214,19,141424
31128,2.9e-05,74.125.200.0-255,1484,1698,19,141424
31129,3.3e-05,172.31.36.0-255,66,1764,19,141424
31130,3.8e-05,74.125.200.0-255,2902,4666,19,141424
31131,4.1e-05,172.31.36.0-255,66,4732,19,141424
31132,4.4e-05,74.125.200.0-255,1484,6216,19,141424
31133,4.7e-05,172.31.36.0-255,66,6282,19,141424
31134,5.2e-05,74.125.200.0-255,2902,9184,19,141424
31135,5.5e-05,172.31.36.0-255,66,9250,19,141424
31136,0.000113,74.125.200.0-255,1484,10734,19,141424
31137,0.000116,172.31.36.0-255,66,10800,19,141424
31138,0.000141,74.125.200.0-255,4895,15695,19,141424
31139,0.000145,172.31.36.0-255,66,15761,19,141424
31140,0.000152,74.125.200.0-255,7156,22917,19,141424
31141,0.000154,172.31.36.0-255,66,22983,19,141424
31142,0.00016,74.125.200.0-255,5738,28721,19,141424
31143,0.000162,172.31.36.0-255,66,28787,19,141424
31144,0.000197,74.125.200.0-255,2543,31330,19,141424
31145,0.000199,172.31.36.0-255,66,31396,19,141424
31146,0.000227,74.125.200.0-255,2902,34298,19,141424
31147,0.00023,172.31.36.0-255,66,34364,19,141424
31148,0.000233,74.125.200.0-255,1484,35848,19,141424
31149,0.000235,172.31.36.0-255,66,35914,19,141424
31150,0.000256,74.125.200.0-255,5738,41652,19,141424
31151,0.000259,172.31.36.0-255,66,41718,19,141424
31152,0.000263,74.125.200.0-255,2902,44620,19,141424
31153,0.000265,172.31.36.0-255,66,44686,19,141424
31154,0.000302,74.125.200.0-255,3961,48647,19,141424
31155,0.000305,172.31.36.0-255,66,48713,19,141424
31156,0.000887,74.125.200.0-255,1484,50197,19,141424
31157,0.000893,172.31.36.0-255,66,50263,19,141424
31158,0.000899,74.125.200.0-255,2902,53165,19,141424
31159,0.000901,172.31.36.0-255,66,53231,19,141424
31160,0.000905,74.125.200.0-255,2902,56133,19,141424
31161,0.000907,172.31.36.0-255,66,56199,19,141424
31162,0.000912,74.125.200.0-255,4320,60519,19,141424
31163,0.000915,172.31.36.0-255,66,60585,19,141424
31164,0.00096,74.125.200.0-255,5379,65964,19,141424
31165,0.000964,172.31.36.0-255,66,66030,19,141424
31166,0.001828,74.125.200.0-255,1484,67514,19,141424
31167,0.001843,74.125.200.0-255,2902,70416,19,141424
31168,0.001848,172.31.36.0-255,66,70482,19,141424
31169,0.001857,74.125.200.0-255,5738,76220,19,141424
31170,0.00186,172.31.36.0-255,66,76286,19,141424
31171,0.001866,74.125.200.0-255,4320,80606,19,141424
31172,0.001868,172.31.36.0-255,66,80672,19,141424
31173,0.001889,74.125.200.0-255,5738,86410,19,141424
31174,0.001891,172.31.36.0-255,66,86476,19,141424
31175,0.001904,172.31.36.0-255,66,86542,19,141424
31176,0.00193,74.125.200.0-255,2184,88726,19,141424
31177,0.001932,172.31.36.0-255,66,88792,19,141424
31178,0.003844,74.125.200.0-255,2902,91694,19,141424
31179,0.003849,172.31.36.0-255,66,91760,19,141424
31180,0.003874,74.125.200.0-255,2902,94662,19,141424
31181,0.003876,172.31.36.0-255,66,94728,19,141424
31182,0.005806,74.125.200.0-255,2902,97630,19,141424
31183,0.005813,172.31.36.0-255,66,97696,19,141424
31184,0.005834,74.125.200.0-255,2902,100598,19,141424
31185,0.005836,172.31.36.0-255,66,100664,19,141424
31186,0.007766,74.125.200.0-255,2902,103566,19,141424
31187,0.007773,172.31.36.0-255,66,103632,19,141424
31188,0.00779,74.125.200.0-255,2902,106534,19,141424
31189,0.007794,172.31.36.0-255,66,106600,19,141424
31190,0.009732,74.125.200.0-255,5738,112338,19,141424
31191,0.009741,172.31.36.0-255,66,112404,19,141424
31192,0.011717,74.125.200.0-255,5738,118142,19,141424
31193,0.01173,172.31.36.0-255,66,118208,19,141424
31194,0.013693,74.125.200.0-255,5738,123946,19,141424
31195,0.013701,172.31.36.0-255,66,124012,19,141424
31196,0.015661,74.125.200.0-255,5738,129750,19,141424
31197,0.015669,172.31.36.0-255,66,129816,19,141424
31198,0.017618,74.125.200.0-255,5738,135554,19,141424
31199,0.017625,172.31.36.0-255,66,135620,19,141424
31200,0.019587,74.125.200.0-255,5738,141358,19,141424
31201,0.019594,172.31.36.0-255,66,141424,19,141424
31202,0.0,172.217.160.0-255,431,431,19,129764
31203,1.8e-05,172.217.160.0-255,1484,1915,19,129764
31204,2.9e-05,172.31.36.0-255,66,1981,19,129764
31205,4e-05,172.217.160.0-255,2902,4883,19,129764
31206,4.4e-05,172.31.36.0-255,66,4949,19,129764
31207,5.8e-05,172.217.160.0-255,5738,10687,19,129764
31208,6.3e-05,172.31.36.0-255,66,10753,19,129764
31209,0.000174,172.217.160.0-255,3392,14145,19,129764
31210,0.000179,172.31.36.0-255,66,14211,19,129764
31211,0.000296,172.217.160.0-255,4320,18531,19,129764
31212,0.000301,172.31.36.0-255,66,18597,19,129764
31213,0.000435,172.217.160.0-255,4320,22917,19,129764
31214,0.00044,172.31.36.0-255,66,22983,19,129764
31215,0.000471,172.217.160.0-255,5738,28721,19,129764
31216,0.000496,172.31.36.0-255,66,28787,19,129764
31217,0.000778,172.217.160.0-255,1484,30271,19,129764
31218,0.001983,172.217.160.0-255,5738,36009,19,129764
31219,0.00199,172.31.36.0-255,66,36075,19,129764
31220,0.00207,172.217.160.0-255,2902,38977,19,129764
31221,0.002075,172.31.36.0-255,66,39043,19,129764
31222,0.002109,172.217.160.0-255,8574,47617,19,129764
31223,0.002123,172.217.160.0-255,1484,49101,19,129764
31224,0.002134,172.31.36.0-255,66,49167,19,129764
31225,0.002497,172.217.160.0-255,7156,56323,19,129764
31226,0.002501,172.31.36.0-255,66,56389,19,129764
31227,0.002572,172.31.36.0-255,66,56455,19,129764
31228,0.003139,172.217.160.0-255,5738,62193,19,129764
31229,0.003144,172.31.36.0-255,66,62259,19,129764
31230,0.003202,172.31.36.0-255,66,62325,19,129764
31231,0.003932,172.217.160.0-255,7156,69481,19,129764
31232,0.003937,172.31.36.0-255,66,69547,19,129764
31233,0.003985,172.31.36.0-255,66,69613,19,129764
31234,0.004148,172.31.36.0-255,66,69679,19,129764
31235,0.004461,172.217.160.0-255,8574,78253,19,129764
31236,0.004466,172.31.36.0-255,66,78319,19,129764
31237,0.004503,172.217.160.0-255,9992,88311,19,129764
31238,0.004506,172.31.36.0-255,66,88377,19,129764
31239,0.004807,172.217.160.0-255,4320,92697,19,129764
31240,0.004812,172.31.36.0-255,66,92763,19,129764
31241,0.004844,172.31.36.0-255,66,92829,19,129764
31242,0.005902,172.217.160.0-255,5738,98567,19,129764
31243,0.005907,172.31.36.0-255,66,98633,19,129764
31244,0.005966,172.31.36.0-255,66,98699,19,129764
31245,0.00599,172.217.160.0-255,1484,100183,19,129764
31246,0.006128,172.217.160.0-255,5738,105921,19,129764
31247,0.006132,172.31.36.0-255,66,105987,19,129764
31248,0.006179,172.31.36.0-255,66,106053,19,129764
31249,0.006219,172.31.36.0-255,66,106119,19,129764
31250,0.00649,172.31.36.0-255,66,106185,19,129764
31251,0.006585,172.31.36.0-255,66,106251,19,129764
31252,0.00679,172.217.160.0-255,7156,113407,19,129764
31253,0.006796,172.31.36.0-255,66,113473,19,129764
31254,0.006853,172.31.36.0-255,66,113539,19,129764
31255,0.007165,172.217.160.0-255,8574,122113,19,129764
31256,0.007208,172.217.160.0-255,4182,126295,19,129764
31257,0.007842,172.31.36.0-255,66,126361,19,129764
31258,0.007935,172.31.36.0-255,66,126427,19,129764
31259,0.007965,172.31.36.0-255,66,126493,19,129764
31260,0.008136,172.217.160.0-255,2902,129395,19,129764
31261,0.00814,172.31.36.0-255,66,129461,19,129764
31262,0.008183,172.31.36.0-255,66,129527,19,129764
31263,0.008225,172.31.36.0-255,66,129593,19,129764
31264,0.009818,172.31.36.0-255,105,129698,19,129764
31265,0.015897,172.217.160.0-255,66,129764,19,129764
31266,0.0,74.125.24.0-255,146,146,19,192940
31267,3.4e-05,172.31.36.0-255,66,212,19,192940
31268,4.2e-05,74.125.24.0-255,1484,1696,19,192940
31269,4.7e-05,172.31.36.0-255,66,1762,19,192940
31270,5.2e-05,74.125.24.0-255,2902,4664,19,192940
31271,6.3e-05,172.31.36.0-255,66,4730,19,192940
31272,6.9e-05,74.125.24.0-255,4320,9050,19,192940
31273,7.2e-05,172.31.36.0-255,66,9116,19,192940
31274,8e-05,74.125.24.0-255,9126,18242,19,192940
31275,8.2e-05,172.31.36.0-255,66,18308,19,192940
31276,8.9e-05,74.125.24.0-255,5738,24046,19,192940
31277,9.2e-05,172.31.36.0-255,66,24112,19,192940
31278,0.000127,74.125.24.0-255,5738,29850,19,192940
31279,0.00013,172.31.36.0-255,66,29916,19,192940
31280,0.000133,74.125.24.0-255,1125,31041,19,192940
31281,0.000135,172.31.36.0-255,66,31107,19,192940
31282,0.000268,74.125.24.0-255,1484,32591,19,192940
31283,0.000273,172.31.36.0-255,66,32657,19,192940
31284,0.000279,74.125.24.0-255,2902,35559,19,192940
31285,0.000281,172.31.36.0-255,66,35625,19,192940
31286,0.000284,74.125.24.0-255,1484,37109,19,192940
31287,0.000286,172.31.36.0-255,66,37175,19,192940
31288,0.000318,74.125.24.0-255,4320,41495,19,192940
31289,0.000322,172.31.36.0-255,66,41561,19,192940
31290,0.000325,74.125.24.0-255,1484,43045,19,192940
31291,0.000327,172.31.36.0-255,66,43111,19,192940
31292,0.000369,172.31.36.0-255,66,43177,19,192940
31293,0.000376,74.125.24.0-255,7156,50333,19,192940
31294,0.000378,172.31.36.0-255,66,50399,19,192940
31295,0.000407,74.125.24.0-255,2823,53222,19,192940
31296,0.000415,172.31.36.0-255,66,53288,19,192940
31297,0.000566,74.125.24.0-255,131,53419,19,192940
31298,0.000686,74.125.24.0-255,1484,54903,19,192940
31299,0.000689,74.125.24.0-255,1484,56387,19,192940
31300,0.000693,172.31.36.0-255,66,56453,19,192940
31301,0.000702,74.125.24.0-255,1484,57937,19,192940
31302,0.000705,172.31.36.0-255,66,58003,19,192940
31303,0.000716,74.125.24.0-255,4320,62323,19,192940
31304,0.000718,172.31.36.0-255,66,62389,19,192940
31305,0.000743,74.125.24.0-255,1484,63873,19,192940
31306,0.000762,172.31.36.0-255,66,63939,19,192940
31307,0.000771,74.125.24.0-255,8574,72513,19,192940
31308,0.000773,172.31.36.0-255,66,72579,19,192940
31309,0.000797,74.125.24.0-255,1125,73704,19,192940
31310,0.001134,172.31.36.0-255,66,73770,19,192940
31311,0.001488,74.125.24.0-255,1484,75254,19,192940
31312,0.0015,74.125.24.0-255,2902,78156,19,192940
31313,0.001504,172.31.36.0-255,66,78222,19,192940
31314,0.001512,74.125.24.0-255,5738,83960,19,192940
31315,0.001514,172.31.36.0-255,66,84026,19,192940
31316,0.001529,74.125.24.0-255,7156,91182,19,192940
31317,0.001531,172.31.36.0-255,66,91248,19,192940
31318,0.001564,74.125.24.0-255,2902,94150,19,192940
31319,0.001566,172.31.36.0-255,66,94216,19,192940
31320,0.001604,172.31.36.0-255,66,94282,19,192940
31321,0.001608,74.125.24.0-255,2184,96466,19,192940
31322,0.00161,172.31.36.0-255,66,96532,19,192940
31323,0.001644,74.125.24.0-255,1484,98016,19,192940
31324,0.001649,74.125.24.0-255,2902,100918,19,192940
31325,0.001653,172.31.36.0-255,66,100984,19,192940
31326,0.001657,74.125.24.0-255,1484,102468,19,192940
31327,0.001683,74.125.24.0-255,4320,106788,19,192940
31328,0.001686,172.31.36.0-255,66,106854,19,192940
31329,0.001705,172.31.36.0-255,66,106920,19,192940
31330,0.001739,74.125.24.0-255,10692,117612,19,192940
31331,0.001743,172.31.36.0-255,66,117678,19,192940
31332,0.001789,74.125.24.0-255,1484,119162,19,192940
31333,0.001795,74.125.24.0-255,2902,122064,19,192940
31334,0.001798,172.31.36.0-255,66,122130,19,192940
31335,0.001804,74.125.24.0-255,5738,127868,19,192940
31336,0.001807,172.31.36.0-255,66,127934,19,192940
31337,0.001821,74.125.24.0-255,7156,135090,19,192940
31338,0.001824,172.31.36.0-255,66,135156,19,192940
31339,0.001838,74.125.24.0-255,2902,138058,19,192940
31340,0.001841,172.31.36.0-255,66,138124,19,192940
31341,0.001881,172.31.36.0-255,66,138190,19,192940
31342,0.001885,74.125.24.0-255,2184,140374,19,192940
31343,0.001887,172.31.36.0-255,66,140440,19,192940
31344,0.003835,74.125.24.0-255,2902,143342,19,192940
31345,0.003841,172.31.36.0-255,66,143408,19,192940
31346,0.003862,74.125.24.0-255,2902,146310,19,192940
31347,0.003865,172.31.36.0-255,66,146376,19,192940
31348,0.005814,74.125.24.0-255,2902,149278,19,192940
31349,0.005819,172.31.36.0-255,66,149344,19,192940
31350,0.005847,74.125.24.0-255,2902,152246,19,192940
31351,0.00585,172.31.36.0-255,66,152312,19,192940
31352,0.007804,74.125.24.0-255,5738,158050,19,192940
31353,0.007811,172.31.36.0-255,66,158116,19,192940
31354,0.009785,74.125.24.0-255,5738,163854,19,192940
31355,0.009794,172.31.36.0-255,66,163920,19,192940
31356,0.011755,74.125.24.0-255,5738,169658,19,192940
31357,0.011763,172.31.36.0-255,66,169724,19,192940
31358,0.013745,74.125.24.0-255,5738,175462,19,192940
31359,0.013756,172.31.36.0-255,66,175528,19,192940
31360,0.015739,74.125.24.0-255,5738,181266,19,192940
31361,0.015747,172.31.36.0-255,66,181332,19,192940
31362,0.017721,74.125.24.0-255,5738,187070,19,192940
31363,0.017727,172.31.36.0-255,66,187136,19,192940
31364,0.019694,74.125.24.0-255,5738,192874,19,192940
31365,0.019701,172.31.36.0-255,66,192940,19,192940
31366,0.0,172.217.24.0-255,152,152,19,115590
31367,2.8e-05,172.31.36.0-255,66,218,19,115590
31368,3.5e-05,172.217.24.0-255,1484,1702,19,115590
31369,4e-05,172.31.36.0-255,66,1768,19,115590
31370,4.5e-05,172.217.24.0-255,2902,4670,19,115590
31371,5.5e-05,172.31.36.0-255,66,4736,19,115590
31372,6.3e-05,172.217.24.0-255,7156,11892,19,115590
31373,6.6e-05,172.31.36.0-255,66,11958,19,115590
31374,7e-05,172.217.24.0-255,2056,14014,19,115590
31375,7.2e-05,172.31.36.0-255,66,14080,19,115590
31376,0.000673,172.217.24.0-255,1484,15564,19,115590
31377,0.000679,172.31.36.0-255,66,15630,19,115590
31378,0.000689,172.217.24.0-255,2902,18532,19,115590
31379,0.000697,172.31.36.0-255,66,18598,19,115590
31380,0.000704,172.217.24.0-255,4320,22918,19,115590
31381,0.000705,172.31.36.0-255,66,22984,19,115590
31382,0.000741,172.217.24.0-255,5738,28722,19,115590
31383,0.000744,172.31.36.0-255,66,28788,19,115590
31384,0.000749,172.217.24.0-255,2543,31331,19,115590
31385,0.000752,172.31.36.0-255,66,31397,19,115590
31386,0.000891,172.217.24.0-255,1484,32881,19,115590
31387,0.000897,172.31.36.0-255,66,32947,19,115590
31388,0.000902,172.217.24.0-255,1484,34431,19,115590
31389,0.000904,172.31.36.0-255,66,34497,19,115590
31390,0.000908,172.217.24.0-255,2902,37399,19,115590
31391,0.000916,172.31.36.0-255,66,37465,19,115590
31392,0.000923,172.217.24.0-255,5738,43203,19,115590
31393,0.000926,172.31.36.0-255,66,43269,19,115590
31394,0.000986,172.217.24.0-255,5379,48648,19,115590
31395,0.00099,172.31.36.0-255,66,48714,19,115590
31396,0.000995,172.217.24.0-255,5738,54452,19,115590
31397,0.000997,172.31.36.0-255,66,54518,19,115590
31398,0.001002,172.217.24.0-255,4320,58838,19,115590
31399,0.001004,172.31.36.0-255,66,58904,19,115590
31400,0.001043,172.217.24.0-255,5738,64642,19,115590
31401,0.001045,172.31.36.0-255,66,64708,19,115590
31402,0.001048,172.217.24.0-255,1125,65833,19,115590
31403,0.001117,172.217.24.0-255,357,66190,19,115590
31404,0.002983,172.217.24.0-255,2902,69092,19,115590
31405,0.00299,172.31.36.0-255,66,69158,19,115590
31406,0.004927,172.217.24.0-255,5738,74896,19,115590
31407,0.004934,172.31.36.0-255,66,74962,19,115590
31408,0.006878,172.217.24.0-255,5738,80700,19,115590
31409,0.006886,172.31.36.0-255,66,80766,19,115590
31410,0.00883,172.217.24.0-255,5738,86504,19,115590
31411,0.008836,172.31.36.0-255,66,86570,19,115590
31412,0.010771,172.217.24.0-255,5738,92308,19,115590
31413,0.010778,172.31.36.0-255,66,92374,19,115590
31414,0.012719,172.217.24.0-255,5738,98112,19,115590
31415,0.012724,172.31.36.0-255,66,98178,19,115590
31416,0.014654,172.217.24.0-255,5738,103916,19,115590
31417,0.014659,172.31.36.0-255,66,103982,19,115590
31418,0.016603,172.217.24.0-255,5738,109720,19,115590
31419,0.01661,172.31.36.0-255,66,109786,19,115590
31420,0.018569,172.217.24.0-255,5738,115524,19,115590
31421,0.018577,172.31.36.0-255,66,115590,19,115590
31422,0.0,74.125.24.0-255,146,146,19,294030
31423,2.3e-05,172.31.36.0-255,66,212,19,294030
31424,3e-05,74.125.24.0-255,1484,1696,19,294030
31425,3.5e-05,172.31.36.0-255,66,1762,19,294030
31426,4.1e-05,74.125.24.0-255,2902,4664,19,294030
31427,4.4e-05,172.31.36.0-255,66,4730,19,294030
31428,5.1e-05,74.125.24.0-255,4320,9050,19,294030
31429,5.4e-05,172.31.36.0-255,66,9116,19,294030
31430,8.7e-05,74.125.24.0-255,2902,12018,19,294030
31431,9e-05,172.31.36.0-255,66,12084,19,294030
31432,0.000105,74.125.24.0-255,2040,14124,19,294030
31433,0.000107,172.31.36.0-255,66,14190,19,294030
31434,0.000401,74.125.24.0-255,1484,15674,19,294030
31435,0.000406,172.31.36.0-255,66,15740,19,294030
31436,0.000414,74.125.24.0-255,2902,18642,19,294030
31437,0.000416,172.31.36.0-255,66,18708,19,294030
31438,0.000424,74.125.24.0-255,5738,24446,19,294030
31439,0.000426,172.31.36.0-255,66,24512,19,294030
31440,0.000448,74.125.24.0-255,6797,31309,19,294030
31441,0.000451,172.31.36.0-255,66,31375,19,294030
31442,0.000474,74.125.24.0-255,7156,38531,19,294030
31443,0.000477,172.31.36.0-255,66,38597,19,294030
31444,0.000532,74.125.24.0-255,5738,44335,19,294030
31445,0.000535,172.31.36.0-255,66,44401,19,294030
31446,0.000554,74.125.24.0-255,3961,48362,19,294030
31447,0.000556,172.31.36.0-255,66,48428,19,294030
31448,0.001069,74.125.24.0-255,1484,49912,19,294030
31449,0.001075,172.31.36.0-255,66,49978,19,294030
31450,0.001084,74.125.24.0-255,2902,52880,19,294030
31451,0.001086,172.31.36.0-255,66,52946,19,294030
31452,0.001094,74.125.24.0-255,5738,58684,19,294030
31453,0.001096,172.31.36.0-255,66,58750,19,294030
31454,0.001121,74.125.24.0-255,2902,61652,19,294030
31455,0.001125,172.31.36.0-255,66,61718,19,294030
31456,0.00115,74.125.24.0-255,3961,65679,19,294030
31457,0.001153,172.31.36.0-255,66,65745,19,294030
31458,0.00116,74.125.24.0-255,7156,72901,19,294030
31459,0.001162,172.31.36.0-255,66,72967,19,294030
31460,0.001193,74.125.24.0-255,8574,81541,19,294030
31461,0.001195,172.31.36.0-255,66,81607,19,294030
31462,0.001217,74.125.24.0-255,1705,83312,19,294030
31463,0.001219,172.31.36.0-255,66,83378,19,294030
31464,0.001223,74.125.24.0-255,1484,84862,19,294030
31465,0.001251,172.31.36.0-255,66,84928,19,294030
31466,0.001265,74.125.24.0-255,3961,88889,19,294030
31467,0.001268,172.31.36.0-255,66,88955,19,294030
31468,0.001424,74.125.24.0-255,1484,90439,19,294030
31469,0.001445,74.125.24.0-255,2902,93341,19,294030
31470,0.001449,172.31.36.0-255,66,93407,19,294030
31471,0.001457,74.125.24.0-255,5738,99145,19,294030
31472,0.00146,172.31.36.0-255,66,99211,19,294030
31473,0.001488,74.125.24.0-255,6130,105341,19,294030
31474,0.001492,172.31.36.0-255,66,105407,19,294030
31475,0.001839,74.125.24.0-255,1484,106891,19,294030
31476,0.001847,74.125.24.0-255,2902,109793,19,294030
31477,0.001851,172.31.36.0-255,66,109859,19,294030
31478,0.001875,74.125.24.0-255,5738,115597,19,294030
31479,0.001878,172.31.36.0-255,66,115663,19,294030
31480,0.001883,74.125.24.0-255,2902,118565,19,294030
31481,0.001885,172.31.36.0-255,66,118631,19,294030
31482,0.0019,74.125.24.0-255,4320,122951,19,294030
31483,0.001903,172.31.36.0-255,66,123017,19,294030
31484,0.001906,74.125.24.0-255,405,123422,19,294030
31485,0.001949,74.125.24.0-255,1484,124906,19,294030
31486,0.001952,172.31.36.0-255,66,124972,19,294030
31487,0.001968,74.125.24.0-255,4320,129292,19,294030
31488,0.001971,172.31.36.0-255,66,129358,19,294030
31489,0.001997,74.125.24.0-255,9992,139350,19,294030
31490,0.002,172.31.36.0-255,66,139416,19,294030
31491,0.002026,74.125.24.0-255,9992,149408,19,294030
31492,0.002029,172.31.36.0-255,66,149474,19,294030
31493,0.002052,74.125.24.0-255,5738,155212,19,294030
31494,0.002054,172.31.36.0-255,66,155278,19,294030
31495,0.002058,74.125.24.0-255,2184,157462,19,294030
31496,0.002061,172.31.36.0-255,66,157528,19,294030
31497,0.002163,74.125.24.0-255,1484,159012,19,294030
31498,0.002176,74.125.24.0-255,2902,161914,19,294030
31499,0.002179,172.31.36.0-255,66,161980,19,294030
31500,0.002185,74.125.24.0-255,4320,166300,19,294030
31501,0.002187,172.31.36.0-255,66,166366,19,294030
31502,0.002198,74.125.24.0-255,1484,167850,19,294030
31503,0.002206,74.125.24.0-255,5738,173588,19,294030
31504,0.002208,172.31.36.0-255,66,173654,19,294030
31505,0.002228,74.125.24.0-255,4320,177974,19,294030
31506,0.00223,172.31.36.0-255,66,178040,19,294030
31507,0.002262,74.125.24.0-255,5738,183778,19,294030
31508,0.002266,172.31.36.0-255,66,183844,19,294030
31509,0.002287,74.125.24.0-255,7856,191700,19,294030
31510,0.00229,172.31.36.0-255,66,191766,19,294030
31511,0.002585,74.125.24.0-255,1484,193250,19,294030
31512,0.002589,74.125.24.0-255,1484,194734,19,294030
31513,0.002591,172.31.36.0-255,66,194800,19,294030
31514,0.00261,74.125.24.0-255,1484,196284,19,294030
31515,0.002615,74.125.24.0-255,4320,200604,19,294030
31516,0.002618,172.31.36.0-255,66,200670,19,294030
31517,0.002624,74.125.24.0-255,5738,206408,19,294030
31518,0.002627,172.31.36.0-255,66,206474,19,294030
31519,0.002642,74.125.24.0-255,2902,209376,19,294030
31520,0.002644,172.31.36.0-255,66,209442,19,294030
31521,0.0027,74.125.24.0-255,3602,213044,19,294030
31522,0.002792,74.125.24.0-255,1484,214528,19,294030
31523,0.002795,74.125.24.0-255,1484,216012,19,294030
31524,0.0028,74.125.24.0-255,4320,220332,19,294030
31525,0.002805,74.125.24.0-255,4320,224652,19,294030
31526,0.002825,74.125.24.0-255,5738,230390,19,294030
31527,0.002829,74.125.24.0-255,2902,233292,19,294030
31528,0.002832,74.125.24.0-255,1484,234776,19,294030
31529,0.002866,74.125.24.0-255,7156,241932,19,294030
31530,0.002884,74.125.24.0-255,5020,246952,19,294030
31531,0.002886,74.125.24.0-255,1484,248436,19,294030
31532,0.002908,74.125.24.0-255,4320,252756,19,294030
31533,0.002943,74.125.24.0-255,2902,255658,19,294030
31534,0.002945,74.125.24.0-255,1484,257142,19,294030
31535,0.002969,74.125.24.0-255,9992,267134,19,294030
31536,0.002986,74.125.24.0-255,9992,277126,19,294030
31537,0.002999,74.125.24.0-255,3602,280728,19,294030
31538,0.003004,74.125.24.0-255,4320,285048,19,294030
31539,0.003008,74.125.24.0-255,2902,287950,19,294030
31540,0.003049,74.125.24.0-255,5738,293688,19,294030
31541,0.003137,74.125.24.0-255,105,293793,19,294030
31542,0.005801,172.31.36.0-255,66,293859,19,294030
31543,0.008513,172.31.36.0-255,105,293964,19,294030
31544,0.010817,74.125.24.0-255,66,294030,19,294030
31545,0.0,74.125.24.0-255,156,156,19,170307
31546,2.3e-05,172.31.36.0-255,66,222,19,170307
31547,3e-05,74.125.24.0-255,1484,1706,19,170307
31548,3.6e-05,172.31.36.0-255,66,1772,19,170307
31549,4.2e-05,74.125.24.0-255,2902,4674,19,170307
31550,4.6e-05,172.31.36.0-255,66,4740,19,170307
31551,5.2e-05,74.125.24.0-255,4320,9060,19,170307
31552,5.5e-05,172.31.36.0-255,66,9126,19,170307
31553,8.6e-05,74.125.24.0-255,4811,13937,19,170307
31554,8.9e-05,172.31.36.0-255,66,14003,19,170307
31555,0.000705,74.125.24.0-255,1484,15487,19,170307
31556,0.000711,172.31.36.0-255,66,15553,19,170307
31557,0.000721,74.125.24.0-255,2902,18455,19,170307
31558,0.000724,172.31.36.0-255,66,18521,19,170307
31559,0.00073,74.125.24.0-255,2902,21423,19,170307
31560,0.000732,172.31.36.0-255,66,21489,19,170307
31561,0.000769,74.125.24.0-255,2902,24391,19,170307
31562,0.000772,172.31.36.0-255,66,24457,19,170307
31563,0.000791,74.125.24.0-255,4320,28777,19,170307
31564,0.000793,172.31.36.0-255,66,28843,19,170307
31565,0.000834,74.125.24.0-255,2543,31386,19,170307
31566,0.000837,172.31.36.0-255,66,31452,19,170307
31567,0.001283,74.125.24.0-255,1484,32936,19,170307
31568,0.00129,172.31.36.0-255,66,33002,19,170307
31569,0.001297,74.125.24.0-255,2902,35904,19,170307
31570,0.001301,172.31.36.0-255,66,35970,19,170307
31571,0.00133,74.125.24.0-255,5738,41708,19,170307
31572,0.001333,172.31.36.0-255,66,41774,19,170307
31573,0.001371,74.125.24.0-255,6797,48571,19,170307
31574,0.001374,172.31.36.0-255,66,48637,19,170307
31575,0.001476,74.125.24.0-255,4320,52957,19,170307
31576,0.001479,172.31.36.0-255,66,53023,19,170307
31577,0.001497,74.125.24.0-255,2902,55925,19,170307
31578,0.0015,172.31.36.0-255,66,55991,19,170307
31579,0.001532,74.125.24.0-255,7156,63147,19,170307
31580,0.001534,172.31.36.0-255,66,63213,19,170307
31581,0.001553,74.125.24.0-255,2851,66064,19,170307
31582,0.001555,172.31.36.0-255,66,66130,19,170307
31583,0.001626,74.125.24.0-255,349,66479,19,170307
31584,0.001804,74.125.24.0-255,1484,67963,19,170307
31585,0.001807,172.31.36.0-255,66,68029,19,170307
31586,0.001812,74.125.24.0-255,2902,70931,19,170307
31587,0.001814,172.31.36.0-255,66,70997,19,170307
31588,0.001841,74.125.24.0-255,5738,76735,19,170307
31589,0.001844,172.31.36.0-255,66,76801,19,170307
31590,0.00191,74.125.24.0-255,2902,79703,19,170307
31591,0.001912,172.31.36.0-255,66,79769,19,170307
31592,0.001951,74.125.24.0-255,1484,81253,19,170307
31593,0.001972,74.125.24.0-255,5738,86991,19,170307
31594,0.001975,172.31.36.0-255,66,87057,19,170307
31595,0.001991,74.125.24.0-255,2902,89959,19,170307
31596,0.001994,172.31.36.0-255,66,90025,19,170307
31597,0.002066,74.125.24.0-255,4320,94345,19,170307
31598,0.002069,172.31.36.0-255,66,94411,19,170307
31599,0.002085,74.125.24.0-255,2902,97313,19,170307
31600,0.002087,172.31.36.0-255,66,97379,19,170307
31601,0.00212,74.125.24.0-255,3602,100981,19,170307
31602,0.002123,172.31.36.0-255,66,101047,19,170307
31603,0.00215,74.125.24.0-255,1484,102531,19,170307
31604,0.002155,74.125.24.0-255,2902,105433,19,170307
31605,0.002158,172.31.36.0-255,66,105499,19,170307
31606,0.002187,172.31.36.0-255,66,105565,19,170307
31607,0.002334,74.125.24.0-255,4320,109885,19,170307
31608,0.002337,172.31.36.0-255,66,109951,19,170307
31609,0.002373,172.31.36.0-255,66,110017,19,170307
31610,0.002623,74.125.24.0-255,2902,112919,19,170307
31611,0.002626,172.31.36.0-255,66,112985,19,170307
31612,0.002651,74.125.24.0-255,8574,121559,19,170307
31613,0.002654,172.31.36.0-255,66,121625,19,170307
31614,0.002669,74.125.24.0-255,2902,124527,19,170307
31615,0.002671,172.31.36.0-255,66,124593,19,170307
31616,0.002819,74.125.24.0-255,4320,128913,19,170307
31617,0.002822,172.31.36.0-255,66,128979,19,170307
31618,0.002842,74.125.24.0-255,6438,135417,19,170307
31619,0.002845,172.31.36.0-255,66,135483,19,170307
31620,0.005472,74.125.24.0-255,5738,141221,19,170307
31621,0.005478,172.31.36.0-255,66,141287,19,170307
31622,0.008097,74.125.24.0-255,5738,147025,19,170307
31623,0.008104,172.31.36.0-255,66,147091,19,170307
31624,0.010707,74.125.24.0-255,5738,152829,19,170307
31625,0.010714,172.31.36.0-255,66,152895,19,170307
31626,0.013356,74.125.24.0-255,5738,158633,19,170307
31627,0.013365,172.31.36.0-255,66,158699,19,170307
31628,0.016004,74.125.24.0-255,5738,164437,19,170307
31629,0.016012,172.31.36.0-255,66,164503,19,170307
31630,0.01864,74.125.24.0-255,5738,170241,19,170307
31631,0.018653,172.31.36.0-255,66,170307,19,170307
31632,0.0,172.217.194.0-255,152,152,19,172548
31633,2.4e-05,172.31.36.0-255,66,218,19,172548
31634,3.2e-05,172.217.194.0-255,1484,1702,19,172548
31635,3.6e-05,172.31.36.0-255,66,1768,19,172548
31636,4.4e-05,172.217.194.0-255,2902,4670,19,172548
31637,4.8e-05,172.31.36.0-255,66,4736,19,172548
31638,5.6e-05,172.217.194.0-255,7156,11892,19,172548
31639,5.9e-05,172.31.36.0-255,66,11958,19,172548
31640,6.3e-05,172.217.194.0-255,1985,13943,19,172548
31641,6.5e-05,172.31.36.0-255,66,14009,19,172548
31642,7e-05,172.217.194.0-255,2902,16911,19,172548
31643,7.4e-05,172.31.36.0-255,66,16977,19,172548
31644,8.2e-05,172.217.194.0-255,7156,24133,19,172548
31645,8.4e-05,172.31.36.0-255,66,24199,19,172548
31646,0.000123,172.217.194.0-255,8574,32773,19,172548
31647,0.000127,172.31.36.0-255,66,32839,19,172548
31648,0.000147,172.217.194.0-255,3961,36800,19,172548
31649,0.000149,172.31.36.0-255,66,36866,19,172548
31650,0.000163,172.31.36.0-255,66,36932,19,172548
31651,0.000306,172.217.194.0-255,1484,38416,19,172548
31652,0.00031,172.31.36.0-255,66,38482,19,172548
31653,0.000332,172.217.194.0-255,2902,41384,19,172548
31654,0.000335,172.31.36.0-255,66,41450,19,172548
31655,0.000341,172.217.194.0-255,5738,47188,19,172548
31656,0.000344,172.31.36.0-255,66,47254,19,172548
31657,0.000371,172.217.194.0-255,7113,54367,19,172548
31658,0.000374,172.31.36.0-255,66,54433,19,172548
31659,0.000406,172.217.194.0-255,363,54796,19,172548
31660,0.000408,172.31.36.0-255,66,54862,19,172548
31661,0.000438,172.217.194.0-255,1484,56346,19,172548
31662,0.00044,172.31.36.0-255,66,56412,19,172548
31663,0.000447,172.217.194.0-255,4320,60732,19,172548
31664,0.00045,172.31.36.0-255,66,60798,19,172548
31665,0.000453,172.217.194.0-255,1484,62282,19,172548
31666,0.000483,172.217.194.0-255,8574,70856,19,172548
31667,0.000486,172.31.36.0-255,66,70922,19,172548
31668,0.000489,172.217.194.0-255,1125,72047,19,172548
31669,0.000581,172.217.194.0-255,1484,73531,19,172548
31670,0.000584,172.31.36.0-255,66,73597,19,172548
31671,0.000589,172.217.194.0-255,2902,76499,19,172548
31672,0.000592,172.31.36.0-255,66,76565,19,172548
31673,0.000598,172.217.194.0-255,4320,80885,19,172548
31674,0.0006,172.31.36.0-255,66,80951,19,172548
31675,0.000621,172.217.194.0-255,1484,82435,19,172548
31676,0.000626,172.217.194.0-255,4320,86755,19,172548
31677,0.000629,172.31.36.0-255,66,86821,19,172548
31678,0.000663,172.217.194.0-255,2543,89364,19,172548
31679,0.000665,172.31.36.0-255,66,89430,19,172548
31680,0.001743,172.217.194.0-255,1484,90914,19,172548
31681,0.001753,172.217.194.0-255,2902,93816,19,172548
31682,0.001757,172.31.36.0-255,66,93882,19,172548
31683,0.001765,172.217.194.0-255,5738,99620,19,172548
31684,0.001768,172.31.36.0-255,66,99686,19,172548
31685,0.001808,172.31.36.0-255,66,99752,19,172548
31686,0.001838,172.217.194.0-255,8574,108326,19,172548
31687,0.001841,172.31.36.0-255,66,108392,19,172548
31688,0.001861,172.217.194.0-255,2184,110576,19,172548
31689,0.001863,172.31.36.0-255,66,110642,19,172548
31690,0.002121,172.217.194.0-255,1484,112126,19,172548
31691,0.002129,172.217.194.0-255,2902,115028,19,172548
31692,0.002133,172.31.36.0-255,66,115094,19,172548
31693,0.002137,172.217.194.0-255,1484,116578,19,172548
31694,0.002156,172.217.194.0-255,2902,119480,19,172548
31695,0.002159,172.31.36.0-255,66,119546,19,172548
31696,0.002166,172.217.194.0-255,5738,125284,19,172548
31697,0.002168,172.31.36.0-255,66,125350,19,172548
31698,0.002208,172.31.36.0-255,66,125416,19,172548
31699,0.002258,172.217.194.0-255,6438,131854,19,172548
31700,0.002261,172.31.36.0-255,66,131920,19,172548
31701,0.004514,172.217.194.0-255,5738,137658,19,172548
31702,0.00452,172.31.36.0-255,66,137724,19,172548
31703,0.006796,172.217.194.0-255,5738,143462,19,172548
31704,0.006803,172.31.36.0-255,66,143528,19,172548
31705,0.00908,172.217.194.0-255,5738,149266,19,172548
31706,0.009087,172.31.36.0-255,66,149332,19,172548
31707,0.011368,172.217.194.0-255,5738,155070,19,172548
31708,0.011376,172.31.36.0-255,66,155136,19,172548
31709,0.013672,172.217.194.0-255,5738,160874,19,172548
31710,0.013682,172.31.36.0-255,66,160940,19,172548
31711,0.015957,172.217.194.0-255,5738,166678,19,172548
31712,0.015965,172.31.36.0-255,66,166744,19,172548
31713,0.018236,172.217.194.0-255,5738,172482,19,172548
31714,0.018245,172.31.36.0-255,66,172548,19,172548
31715,0.0,172.217.194.0-255,143,143,19,215264
31716,2.4e-05,172.31.36.0-255,66,209,19,215264
31717,3.2e-05,172.217.194.0-255,1484,1693,19,215264
31718,3.6e-05,172.31.36.0-255,66,1759,19,215264
31719,4.1e-05,172.217.194.0-255,2902,4661,19,215264
31720,4.5e-05,172.31.36.0-255,66,4727,19,215264
31721,5.3e-05,172.217.194.0-255,7156,11883,19,215264
31722,5.7e-05,172.31.36.0-255,66,11949,19,215264
31723,6.1e-05,172.217.194.0-255,2040,13989,19,215264
31724,6.4e-05,172.31.36.0-255,66,14055,19,215264
31725,0.000111,172.31.36.0-255,66,14121,19,215264
31726,0.000118,172.217.194.0-255,5379,19500,19,215264
31727,0.00012,172.31.36.0-255,66,19566,19,215264
31728,0.00021,172.217.194.0-255,1484,21050,19,215264
31729,0.000213,172.31.36.0-255,66,21116,19,215264
31730,0.000234,172.217.194.0-255,2902,24018,19,215264
31731,0.000236,172.31.36.0-255,66,24084,19,215264
31732,0.000263,172.217.194.0-255,5738,29822,19,215264
31733,0.000266,172.31.36.0-255,66,29888,19,215264
31734,0.000269,172.217.194.0-255,1484,31372,19,215264
31735,0.000271,172.31.36.0-255,66,31438,19,215264
31736,0.000316,172.217.194.0-255,4320,35758,19,215264
31737,0.000319,172.31.36.0-255,66,35824,19,215264
31738,0.000341,172.217.194.0-255,5379,41203,19,215264
31739,0.000344,172.31.36.0-255,66,41269,19,215264
31740,0.000352,172.217.194.0-255,7156,48425,19,215264
31741,0.000354,172.31.36.0-255,66,48491,19,215264
31742,0.000378,172.217.194.0-255,4320,52811,19,215264
31743,0.00038,172.31.36.0-255,66,52877,19,215264
31744,0.000396,172.217.194.0-255,1449,54326,19,215264
31745,0.000399,172.31.36.0-255,66,54392,19,215264
31746,0.000405,172.217.194.0-255,2902,57294,19,215264
31747,0.000407,172.31.36.0-255,66,57360,19,215264
31748,0.000424,172.217.194.0-255,2902,60262,19,215264
31749,0.000427,172.31.36.0-255,66,60328,19,215264
31750,0.000435,172.217.194.0-255,7156,67484,19,215264
31751,0.000437,172.31.36.0-255,66,67550,19,215264
31752,0.000452,172.217.194.0-255,1484,69034,19,215264
31753,0.000486,172.31.36.0-255,66,69100,19,215264
31754,0.000494,172.217.194.0-255,6438,75538,19,215264
31755,0.000496,172.31.36.0-255,66,75604,19,215264
31756,0.000597,172.217.194.0-255,1484,77088,19,215264
31757,0.000603,172.217.194.0-255,2902,79990,19,215264
31758,0.000607,172.31.36.0-255,66,80056,19,215264
31759,0.000627,172.217.194.0-255,2902,82958,19,215264
31760,0.00063,172.31.36.0-255,66,83024,19,215264
31761,0.000633,172.217.194.0-255,1484,84508,19,215264
31762,0.000649,172.217.194.0-255,2902,87410,19,215264
31763,0.000652,172.31.36.0-255,66,87476,19,215264
31764,0.00069,172.217.194.0-255,8574,96050,19,215264
31765,0.000693,172.31.36.0-255,66,96116,19,215264
31766,0.0007,172.217.194.0-255,5738,101854,19,215264
31767,0.000702,172.31.36.0-255,66,101920,19,215264
31768,0.000741,172.31.36.0-255,66,101986,19,215264
31769,0.00076,172.217.194.0-255,3318,105304,19,215264
31770,0.000774,172.31.36.0-255,66,105370,19,215264
31771,0.000778,172.31.36.0-255,66,105436,19,215264
31772,0.000804,172.31.36.0-255,66,105502,19,215264
31773,0.000847,172.31.36.0-255,66,105568,19,215264
31774,0.000862,172.217.194.0-255,1484,107052,19,215264
31775,0.00088,172.217.194.0-255,3961,111013,19,215264
31776,0.000883,172.31.36.0-255,66,111079,19,215264
31777,0.00109,172.217.194.0-255,1484,112563,19,215264
31778,0.001096,172.217.194.0-255,2902,115465,19,215264
31779,0.001099,172.31.36.0-255,66,115531,19,215264
31780,0.001123,172.217.194.0-255,5738,121269,19,215264
31781,0.001126,172.31.36.0-255,66,121335,19,215264
31782,0.001165,172.217.194.0-255,4320,125655,19,215264
31783,0.001167,172.31.36.0-255,66,125721,19,215264
31784,0.001188,172.217.194.0-255,8574,134295,19,215264
31785,0.00119,172.31.36.0-255,66,134361,19,215264
31786,0.001197,172.217.194.0-255,5738,140099,19,215264
31787,0.001199,172.31.36.0-255,66,140165,19,215264
31788,0.001224,172.217.194.0-255,5020,145185,19,215264
31789,0.001227,172.31.36.0-255,66,145251,19,215264
31790,0.001232,172.217.194.0-255,2902,148153,19,215264
31791,0.001234,172.31.36.0-255,66,148219,19,215264
31792,0.001247,172.217.194.0-255,2902,151121,19,215264
31793,0.001249,172.31.36.0-255,66,151187,19,215264
31794,0.001257,172.217.194.0-255,7156,158343,19,215264
31795,0.00126,172.31.36.0-255,66,158409,19,215264
31796,0.001282,172.217.194.0-255,8574,166983,19,215264
31797,0.001284,172.31.36.0-255,66,167049,19,215264
31798,0.001314,172.217.194.0-255,5738,172787,19,215264
31799,0.001318,172.31.36.0-255,66,172853,19,215264
31800,0.001325,172.217.194.0-255,6438,179291,19,215264
31801,0.001327,172.31.36.0-255,66,179357,19,215264
31802,0.001356,172.217.194.0-255,1484,180841,19,215264
31803,0.001393,172.31.36.0-255,66,180907,19,215264
31804,0.001402,172.217.194.0-255,10692,191599,19,215264
31805,0.001405,172.31.36.0-255,66,191665,19,215264
31806,0.001428,172.217.194.0-255,4320,195985,19,215264
31807,0.001431,172.31.36.0-255,66,196051,19,215264
31808,0.001474,172.31.36.0-255,66,196117,19,215264
31809,0.001491,172.31.36.0-255,66,196183,19,215264
31810,0.001523,172.217.194.0-255,10692,206875,19,215264
31811,0.001527,172.31.36.0-255,66,206941,19,215264
31812,0.001603,172.217.194.0-255,2902,209843,19,215264
31813,0.001646,172.217.194.0-255,5079,214922,19,215264
31814,0.001649,172.217.194.0-255,105,215027,19,215264
31815,0.007356,172.31.36.0-255,66,215093,19,215264
31816,0.01016,172.31.36.0-255,105,215198,19,215264
31817,0.012414,172.217.194.0-255,66,215264,19,215264
31818,0.0,74.125.200.0-255,297,297,19,110515
31819,3.2e-05,172.31.36.0-255,66,363,19,110515
31820,3.9e-05,74.125.200.0-255,1484,1847,19,110515
31821,4.3e-05,172.31.36.0-255,66,1913,19,110515
31822,4.9e-05,74.125.200.0-255,4320,6233,19,110515
31823,5.1e-05,172.31.36.0-255,66,6299,19,110515
31824,6.8e-05,74.125.200.0-255,1484,7783,19,110515
31825,7e-05,172.31.36.0-255,66,7849,19,110515
31826,9.4e-05,74.125.200.0-255,4320,12169,19,110515
31827,9.7e-05,172.31.36.0-255,66,12235,19,110515
31828,0.000101,74.125.200.0-255,1942,14177,19,110515
31829,0.000103,172.31.36.0-255,66,14243,19,110515
31830,0.00015,74.125.200.0-255,1484,15727,19,110515
31831,0.000153,172.31.36.0-255,66,15793,19,110515
31832,0.000185,74.125.200.0-255,2902,18695,19,110515
31833,0.000188,172.31.36.0-255,66,18761,19,110515
31834,0.000194,74.125.200.0-255,4320,23081,19,110515
31835,0.000197,172.31.36.0-255,66,23147,19,110515
31836,0.000213,74.125.200.0-255,5738,28885,19,110515
31837,0.000216,172.31.36.0-255,66,28951,19,110515
31838,0.000245,74.125.200.0-255,4320,33271,19,110515
31839,0.000248,172.31.36.0-255,66,33337,19,110515
31840,0.000269,74.125.200.0-255,4320,37657,19,110515
31841,0.000272,172.31.36.0-255,66,37723,19,110515
31842,0.000277,74.125.200.0-255,4320,42043,19,110515
31843,0.000279,172.31.36.0-255,66,42109,19,110515
31844,0.000299,74.125.200.0-255,5738,47847,19,110515
31845,0.000302,172.31.36.0-255,66,47913,19,110515
31846,0.000304,74.125.200.0-255,766,48679,19,110515
31847,0.000306,172.31.36.0-255,66,48745,19,110515
31848,0.00042,74.125.200.0-255,1484,50229,19,110515
31849,0.000424,172.31.36.0-255,66,50295,19,110515
31850,0.000437,74.125.200.0-255,2902,53197,19,110515
31851,0.00044,172.31.36.0-255,66,53263,19,110515
31852,0.000452,74.125.200.0-255,1484,54747,19,110515
31853,0.000466,74.125.200.0-255,2902,57649,19,110515
31854,0.000471,172.31.36.0-255,66,57715,19,110515
31855,0.000488,74.125.200.0-255,4320,62035,19,110515
31856,0.000491,172.31.36.0-255,66,62101,19,110515
31857,0.000512,74.125.200.0-255,4268,66369,19,110515
31858,0.000515,172.31.36.0-255,66,66435,19,110515
31859,0.00382,74.125.200.0-255,1484,67919,19,110515
31860,0.003829,74.125.200.0-255,1484,69403,19,110515
31861,0.003833,172.31.36.0-255,66,69469,19,110515
31862,0.003839,74.125.200.0-255,2902,72371,19,110515
31863,0.00384,172.31.36.0-255,66,72437,19,110515
31864,0.006422,74.125.200.0-255,2902,75339,19,110515
31865,0.00643,172.31.36.0-255,66,75405,19,110515
31866,0.006449,74.125.200.0-255,2902,78307,19,110515
31867,0.006452,172.31.36.0-255,66,78373,19,110515
31868,0.009018,74.125.200.0-255,5738,84111,19,110515
31869,0.009035,172.31.36.0-255,66,84177,19,110515
31870,0.011654,74.125.200.0-255,5738,89915,19,110515
31871,0.011666,172.31.36.0-255,66,89981,19,110515
31872,0.014243,74.125.200.0-255,5738,95719,19,110515
31873,0.014251,172.31.36.0-255,66,95785,19,110515
31874,0.016832,74.125.200.0-255,5738,101523,19,110515
31875,0.016841,172.31.36.0-255,66,101589,19,110515
31876,0.019043,172.31.36.0-255,167,101756,19,110515
31877,0.019074,172.31.36.0-255,1112,102868,19,110515
31878,0.019112,172.31.36.0-255,1514,104382,19,110515
31879,0.019114,172.31.36.0-255,329,104711,19,110515
31880,0.019409,74.125.200.0-255,5738,110449,19,110515
31881,0.019416,172.31.36.0-255,66,110515,19,110515
31882,0.0,74.125.24.0-255,153,153,19,242383
31883,3e-05,172.31.36.0-255,66,219,19,242383
31884,3.6e-05,74.125.24.0-255,1484,1703,19,242383
31885,4e-05,172.31.36.0-255,66,1769,19,242383
31886,4.4e-05,74.125.24.0-255,2902,4671,19,242383
31887,4.6e-05,172.31.36.0-255,66,4737,19,242383
31888,6.1e-05,74.125.24.0-255,7156,11893,19,242383
31889,6.3e-05,172.31.36.0-255,66,11959,19,242383
31890,6.7e-05,74.125.24.0-255,2048,14007,19,242383
31891,6.9e-05,172.31.36.0-255,66,14073,19,242383
31892,0.000117,74.125.24.0-255,8574,22647,19,242383
31893,0.000121,172.31.36.0-255,66,22713,19,242383
31894,0.000161,74.125.24.0-255,8215,30928,19,242383
31895,0.000164,172.31.36.0-255,66,30994,19,242383
31896,0.000285,74.125.24.0-255,1484,32478,19,242383
31897,0.000289,172.31.36.0-255,66,32544,19,242383
31898,0.000294,74.125.24.0-255,2902,35446,19,242383
31899,0.000296,172.31.36.0-255,66,35512,19,242383
31900,0.000325,74.125.24.0-255,5738,41250,19,242383
31901,0.000328,172.31.36.0-255,66,41316,19,242383
31902,0.000331,74.125.24.0-255,1484,42800,19,242383
31903,0.000333,172.31.36.0-255,66,42866,19,242383
31904,0.000367,172.31.36.0-255,66,42932,19,242383
31905,0.000373,74.125.24.0-255,7156,50088,19,242383
31906,0.000376,172.31.36.0-255,66,50154,19,242383
31907,0.000399,74.125.24.0-255,2900,53054,19,242383
31908,0.000405,172.31.36.0-255,66,53120,19,242383
31909,0.00043,74.125.24.0-255,331,53451,19,242383
31910,0.000432,172.31.36.0-255,66,53517,19,242383
31911,0.000654,74.125.24.0-255,1484,55001,19,242383
31912,0.000658,172.31.36.0-255,66,55067,19,242383
31913,0.000662,74.125.24.0-255,2902,57969,19,242383
31914,0.000664,172.31.36.0-255,66,58035,19,242383
31915,0.00067,74.125.24.0-255,5738,63773,19,242383
31916,0.000674,172.31.36.0-255,66,63839,19,242383
31917,0.000706,172.31.36.0-255,66,63905,19,242383
31918,0.000714,74.125.24.0-255,7156,71061,19,242383
31919,0.000716,172.31.36.0-255,66,71127,19,242383
31920,0.000744,74.125.24.0-255,1484,72611,19,242383
31921,0.00075,74.125.24.0-255,2184,74795,19,242383
31922,0.000753,172.31.36.0-255,66,74861,19,242383
31923,0.000942,74.125.24.0-255,1484,76345,19,242383
31924,0.000962,74.125.24.0-255,2902,79247,19,242383
31925,0.000965,172.31.36.0-255,66,79313,19,242383
31926,0.000971,74.125.24.0-255,5738,85051,19,242383
31927,0.000973,172.31.36.0-255,66,85117,19,242383
31928,0.001016,172.31.36.0-255,66,85183,19,242383
31929,0.001025,74.125.24.0-255,10692,95875,19,242383
31930,0.001033,172.31.36.0-255,66,95941,19,242383
31931,0.001722,74.125.24.0-255,1484,97425,19,242383
31932,0.001733,74.125.24.0-255,2902,100327,19,242383
31933,0.001737,172.31.36.0-255,66,100393,19,242383
31934,0.001746,74.125.24.0-255,5738,106131,19,242383
31935,0.001748,172.31.36.0-255,66,106197,19,242383
31936,0.001765,74.125.24.0-255,9992,116189,19,242383
31937,0.001767,172.31.36.0-255,66,116255,19,242383
31938,0.001793,74.125.24.0-255,2902,119157,19,242383
31939,0.001799,172.31.36.0-255,66,119223,19,242383
31940,0.001804,74.125.24.0-255,5738,124961,19,242383
31941,0.001806,172.31.36.0-255,66,125027,19,242383
31942,0.001825,74.125.24.0-255,5020,130047,19,242383
31943,0.001827,172.31.36.0-255,66,130113,19,242383
31944,0.00203,74.125.24.0-255,1484,131597,19,242383
31945,0.002036,74.125.24.0-255,2902,134499,19,242383
31946,0.00204,172.31.36.0-255,66,134565,19,242383
31947,0.002045,74.125.24.0-255,2902,137467,19,242383
31948,0.002046,172.31.36.0-255,66,137533,19,242383
31949,0.002066,74.125.24.0-255,2902,140435,19,242383
31950,0.002068,172.31.36.0-255,66,140501,19,242383
31951,0.002077,74.125.24.0-255,9992,150493,19,242383
31952,0.002079,172.31.36.0-255,66,150559,19,242383
31953,0.0021,74.125.24.0-255,2902,153461,19,242383
31954,0.002102,172.31.36.0-255,66,153527,19,242383
31955,0.002135,74.125.24.0-255,4320,157847,19,242383
31956,0.002139,172.31.36.0-255,66,157913,19,242383
31957,0.002167,74.125.24.0-255,6438,164351,19,242383
31958,0.00217,172.31.36.0-255,66,164417,19,242383
31959,0.002194,74.125.24.0-255,1484,165901,19,242383
31960,0.002198,74.125.24.0-255,2902,168803,19,242383
31961,0.002207,172.31.36.0-255,66,168869,19,242383
31962,0.002213,74.125.24.0-255,4320,173189,19,242383
31963,0.002215,172.31.36.0-255,66,173255,19,242383
31964,0.002244,74.125.24.0-255,1484,174739,19,242383
31965,0.002252,74.125.24.0-255,8574,183313,19,242383
31966,0.002254,172.31.36.0-255,66,183379,19,242383
31967,0.00229,172.31.36.0-255,66,183445,19,242383
31968,0.002313,74.125.24.0-255,2184,185629,19,242383
31969,0.002315,172.31.36.0-255,66,185695,19,242383
31970,0.002319,74.125.24.0-255,1484,187179,19,242383
31971,0.002338,74.125.24.0-255,2902,190081,19,242383
31972,0.00234,172.31.36.0-255,66,190147,19,242383
31973,0.002347,74.125.24.0-255,5738,195885,19,242383
31974,0.002349,172.31.36.0-255,66,195951,19,242383
31975,0.002376,74.125.24.0-255,5738,201689,19,242383
31976,0.002379,172.31.36.0-255,66,201755,19,242383
31977,0.004721,74.125.24.0-255,5738,207493,19,242383
31978,0.004725,172.31.36.0-255,66,207559,19,242383
31979,0.007049,74.125.24.0-255,5738,213297,19,242383
31980,0.007057,172.31.36.0-255,66,213363,19,242383
31981,0.009386,74.125.24.0-255,5738,219101,19,242383
31982,0.009393,172.31.36.0-255,66,219167,19,242383
31983,0.011726,74.125.24.0-255,5738,224905,19,242383
31984,0.011732,172.31.36.0-255,66,224971,19,242383
31985,0.014071,74.125.24.0-255,5738,230709,19,242383
31986,0.01408,172.31.36.0-255,66,230775,19,242383
31987,0.016413,74.125.24.0-255,5738,236513,19,242383
31988,0.01644,172.31.36.0-255,66,236579,19,242383
31989,0.018777,74.125.24.0-255,5738,242317,19,242383
31990,0.018783,172.31.36.0-255,66,242383,19,242383
31991,0.0,172.217.194.0-255,143,143,19,278166
31992,2.6e-05,172.31.36.0-255,66,209,19,278166
31993,3.3e-05,172.217.194.0-255,1484,1693,19,278166
31994,3.7e-05,172.31.36.0-255,66,1759,19,278166
31995,4.1e-05,172.217.194.0-255,2902,4661,19,278166
31996,5.2e-05,172.31.36.0-255,66,4727,19,278166
31997,5.9e-05,172.217.194.0-255,7156,11883,19,278166
31998,6.3e-05,172.31.36.0-255,66,11949,19,278166
31999,0.000126,172.217.194.0-255,2013,13962,19,278166
32000,0.00013,172.31.36.0-255,66,14028,19,278166
32001,0.0003,172.217.194.0-255,1484,15512,19,278166
32002,0.000305,172.31.36.0-255,66,15578,19,278166
32003,0.000334,172.217.194.0-255,2902,18480,19,278166
32004,0.000338,172.31.36.0-255,66,18546,19,278166
32005,0.000343,172.217.194.0-255,2902,21448,19,278166
32006,0.000345,172.31.36.0-255,66,21514,19,278166
32007,0.000382,172.217.194.0-255,7156,28670,19,278166
32008,0.000386,172.31.36.0-255,66,28736,19,278166
32009,0.00039,172.217.194.0-255,2902,31638,19,278166
32010,0.000393,172.31.36.0-255,66,31704,19,278166
32011,0.000428,172.217.194.0-255,3961,35665,19,278166
32012,0.000431,172.31.36.0-255,66,35731,19,278166
32013,0.000439,172.217.194.0-255,7156,42887,19,278166
32014,0.000441,172.31.36.0-255,66,42953,19,278166
32015,0.000462,172.31.36.0-255,66,43019,19,278166
32016,0.000491,172.217.194.0-255,6438,49457,19,278166
32017,0.000499,172.31.36.0-255,66,49523,19,278166
32018,0.000502,172.217.194.0-255,379,49902,19,278166
32019,0.000504,172.31.36.0-255,66,49968,19,278166
32020,0.000595,172.217.194.0-255,1484,51452,19,278166
32021,0.000598,172.31.36.0-255,66,51518,19,278166
32022,0.000604,172.217.194.0-255,2902,54420,19,278166
32023,0.000606,172.31.36.0-255,66,54486,19,278166
32024,0.000638,172.217.194.0-255,5738,60224,19,278166
32025,0.000641,172.31.36.0-255,66,60290,19,278166
32026,0.000648,172.217.194.0-255,5738,66028,19,278166
32027,0.00065,172.31.36.0-255,66,66094,19,278166
32028,0.000661,172.217.194.0-255,4320,70414,19,278166
32029,0.000673,172.31.36.0-255,66,70480,19,278166
32030,0.000707,172.217.194.0-255,8574,79054,19,278166
32031,0.00071,172.31.36.0-255,66,79120,19,278166
32032,0.000716,172.217.194.0-255,4738,83858,19,278166
32033,0.000718,172.31.36.0-255,66,83924,19,278166
32034,0.00075,172.217.194.0-255,4320,88244,19,278166
32035,0.000755,172.31.36.0-255,66,88310,19,278166
32036,0.000756,172.217.194.0-255,5738,94048,19,278166
32037,0.00077,172.31.36.0-255,66,94114,19,278166
32038,0.000782,172.217.194.0-255,7156,101270,19,278166
32039,0.000791,172.31.36.0-255,66,101336,19,278166
32040,0.000811,172.217.194.0-255,4320,105656,19,278166
32041,0.000815,172.31.36.0-255,66,105722,19,278166
32042,0.000819,172.217.194.0-255,7156,112878,19,278166
32043,0.000831,172.31.36.0-255,66,112944,19,278166
32044,0.00085,172.217.194.0-255,5020,117964,19,278166
32045,0.000859,172.31.36.0-255,66,118030,19,278166
32046,0.001504,172.217.194.0-255,1484,119514,19,278166
32047,0.001514,172.217.194.0-255,2902,122416,19,278166
32048,0.001518,172.31.36.0-255,66,122482,19,278166
32049,0.001524,172.217.194.0-255,2902,125384,19,278166
32050,0.001526,172.31.36.0-255,66,125450,19,278166
32051,0.001554,172.217.194.0-255,2902,128352,19,278166
32052,0.001557,172.31.36.0-255,66,128418,19,278166
32053,0.001579,172.31.36.0-255,66,128484,19,278166
32054,0.001585,172.217.194.0-255,5738,134222,19,278166
32055,0.001587,172.31.36.0-255,66,134288,19,278166
32056,0.001622,172.217.194.0-255,5020,139308,19,278166
32057,0.001626,172.31.36.0-255,66,139374,19,278166
32058,0.001657,172.217.194.0-255,5738,145112,19,278166
32059,0.001663,172.31.36.0-255,66,145178,19,278166
32060,0.001711,172.31.36.0-255,66,145244,19,278166
32061,0.001768,172.217.194.0-255,3602,148846,19,278166
32062,0.001778,172.217.194.0-255,9992,158838,19,278166
32063,0.001795,172.217.194.0-255,2902,161740,19,278166
32064,0.001826,172.217.194.0-255,2902,164642,19,278166
32065,0.001833,172.217.194.0-255,6438,171080,19,278166
32066,0.001848,172.31.36.0-255,66,171146,19,278166
32067,0.001873,172.217.194.0-255,1484,172630,19,278166
32068,0.001877,172.217.194.0-255,1484,174114,19,278166
32069,0.001898,172.217.194.0-255,1484,175598,19,278166
32070,0.001905,172.217.194.0-255,5738,181336,19,278166
32071,0.001911,172.217.194.0-255,4320,185656,19,278166
32072,0.00192,172.31.36.0-255,66,185722,19,278166
32073,0.001952,172.217.194.0-255,8574,194296,19,278166
32074,0.001961,172.217.194.0-255,8574,202870,19,278166
32075,0.00198,172.217.194.0-255,2184,205054,19,278166
32076,0.002011,172.217.194.0-255,2902,207956,19,278166
32077,0.002026,172.217.194.0-255,4320,212276,19,278166
32078,0.002046,172.217.194.0-255,1484,213760,19,278166
32079,0.002054,172.217.194.0-255,8574,222334,19,278166
32080,0.002071,172.217.194.0-255,1484,223818,19,278166
32081,0.00208,172.31.36.0-255,66,223884,19,278166
32082,0.002105,172.217.194.0-255,8574,232458,19,278166
32083,0.002122,172.217.194.0-255,7156,239614,19,278166
32084,0.002144,172.31.36.0-255,66,239680,19,278166
32085,0.002163,172.217.194.0-255,5020,244700,19,278166
32086,0.002186,172.217.194.0-255,6438,251138,19,278166
32087,0.002238,172.31.36.0-255,66,251204,19,278166
32088,0.002275,172.217.194.0-255,9992,261196,19,278166
32089,0.002293,172.217.194.0-255,7156,268352,19,278166
32090,0.002315,172.217.194.0-255,5020,273372,19,278166
32091,0.002337,172.31.36.0-255,66,273438,19,278166
32092,0.002355,172.217.194.0-255,4320,277758,19,278166
32093,0.002428,172.31.36.0-255,66,277824,19,278166
32094,0.004694,172.217.194.0-255,105,277929,19,278166
32095,0.010473,172.31.36.0-255,66,277995,19,278166
32096,0.010541,172.31.36.0-255,105,278100,19,278166
32097,0.012786,172.217.194.0-255,66,278166,19,278166
32098,0.0,74.125.68.0-255,153,153,19,239409
32099,3.4e-05,172.31.36.0-255,66,219,19,239409
32100,4e-05,74.125.68.0-255,1484,1703,19,239409
32101,4.4e-05,172.31.36.0-255,66,1769,19,239409
32102,5e-05,74.125.68.0-255,2902,4671,19,239409
32103,5.3e-05,172.31.36.0-255,66,4737,19,239409
32104,5.6e-05,74.125.68.0-255,1484,6221,19,239409
32105,5.8e-05,172.31.36.0-255,66,6287,19,239409
32106,6.3e-05,74.125.68.0-255,2902,9189,19,239409
32107,6.5e-05,172.31.36.0-255,66,9255,19,239409
32108,0.00011,74.125.68.0-255,4823,14078,19,239409
32109,0.000113,172.31.36.0-255,66,14144,19,239409
32110,0.000146,74.125.68.0-255,5738,19882,19,239409
32111,0.00015,172.31.36.0-255,66,19948,19,239409
32112,0.000173,74.125.68.0-255,7156,27104,19,239409
32113,0.000177,172.31.36.0-255,66,27170,19,239409
32114,0.000195,74.125.68.0-255,3961,31131,19,239409
32115,0.000198,172.31.36.0-255,66,31197,19,239409
32116,0.00053,74.125.68.0-255,1484,32681,19,239409
32117,0.000535,172.31.36.0-255,66,32747,19,239409
32118,0.00054,74.125.68.0-255,2902,35649,19,239409
32119,0.000542,172.31.36.0-255,66,35715,19,239409
32120,0.000562,74.125.68.0-255,2902,38617,19,239409
32121,0.000564,172.31.36.0-255,66,38683,19,239409
32122,0.000587,74.125.68.0-255,2902,41585,19,239409
32123,0.000591,172.31.36.0-255,66,41651,19,239409
32124,0.000597,74.125.68.0-255,4320,45971,19,239409
32125,0.000599,172.31.36.0-255,66,46037,19,239409
32126,0.000602,74.125.68.0-255,1484,47521,19,239409
32127,0.000604,172.31.36.0-255,66,47587,19,239409
32128,0.000626,74.125.68.0-255,3961,51548,19,239409
32129,0.000629,74.125.68.0-255,1484,53032,19,239409
32130,0.000631,172.31.36.0-255,66,53098,19,239409
32131,0.000661,74.125.68.0-255,4320,57418,19,239409
32132,0.000664,172.31.36.0-255,66,57484,19,239409
32133,0.000688,74.125.68.0-255,4320,61804,19,239409
32134,0.000691,172.31.36.0-255,66,61870,19,239409
32135,0.000697,74.125.68.0-255,4311,66181,19,239409
32136,0.000699,172.31.36.0-255,66,66247,19,239409
32137,0.000717,74.125.68.0-255,330,66577,19,239409
32138,0.000889,172.31.36.0-255,66,66643,19,239409
32139,0.001015,74.125.68.0-255,1484,68127,19,239409
32140,0.001026,74.125.68.0-255,2902,71029,19,239409
32141,0.001029,172.31.36.0-255,66,71095,19,239409
32142,0.001049,74.125.68.0-255,4320,75415,19,239409
32143,0.001053,172.31.36.0-255,66,75481,19,239409
32144,0.001075,74.125.68.0-255,7156,82637,19,239409
32145,0.001078,172.31.36.0-255,66,82703,19,239409
32146,0.001097,74.125.68.0-255,1484,84187,19,239409
32147,0.001103,74.125.68.0-255,4320,88507,19,239409
32148,0.001105,172.31.36.0-255,66,88573,19,239409
32149,0.001143,74.125.68.0-255,4320,92893,19,239409
32150,0.001147,172.31.36.0-255,66,92959,19,239409
32151,0.00117,74.125.68.0-255,7856,100815,19,239409
32152,0.001174,172.31.36.0-255,66,100881,19,239409
32153,0.00125,74.125.68.0-255,1484,102365,19,239409
32154,0.001255,74.125.68.0-255,1484,103849,19,239409
32155,0.001258,172.31.36.0-255,66,103915,19,239409
32156,0.001275,74.125.68.0-255,1484,105399,19,239409
32157,0.001281,74.125.68.0-255,2902,108301,19,239409
32158,0.001283,172.31.36.0-255,66,108367,19,239409
32159,0.001301,74.125.68.0-255,1484,109851,19,239409
32160,0.001308,74.125.68.0-255,5738,115589,19,239409
32161,0.001311,172.31.36.0-255,66,115655,19,239409
32162,0.001327,74.125.68.0-255,4320,119975,19,239409
32163,0.00133,172.31.36.0-255,66,120041,19,239409
32164,0.00135,74.125.68.0-255,7156,127197,19,239409
32165,0.001354,172.31.36.0-255,66,127263,19,239409
32166,0.001359,74.125.68.0-255,4320,131583,19,239409
32167,0.001361,172.31.36.0-255,66,131649,19,239409
32168,0.001393,74.125.68.0-255,1484,133133,19,239409
32169,0.001413,74.125.68.0-255,2184,135317,19,239409
32170,0.001417,172.31.36.0-255,66,135383,19,239409
32171,0.00142,74.125.68.0-255,1484,136867,19,239409
32172,0.001435,74.125.68.0-255,2902,139769,19,239409
32173,0.001438,172.31.36.0-255,66,139835,19,239409
32174,0.001444,74.125.68.0-255,4320,144155,19,239409
32175,0.001446,172.31.36.0-255,66,144221,19,239409
32176,0.00146,74.125.68.0-255,5738,149959,19,239409
32177,0.001463,172.31.36.0-255,66,150025,19,239409
32178,0.00149,74.125.68.0-255,5738,155763,19,239409
32179,0.001494,172.31.36.0-255,66,155829,19,239409
32180,0.001517,74.125.68.0-255,5738,161567,19,239409
32181,0.00152,172.31.36.0-255,66,161633,19,239409
32182,0.001525,74.125.68.0-255,4320,165953,19,239409
32183,0.001527,172.31.36.0-255,66,166019,19,239409
32184,0.001544,74.125.68.0-255,2902,168921,19,239409
32185,0.001547,172.31.36.0-255,66,168987,19,239409
32186,0.001566,74.125.68.0-255,766,169753,19,239409
32187,0.00158,74.125.68.0-255,4320,174073,19,239409
32188,0.001582,172.31.36.0-255,66,174139,19,239409
32189,0.001602,74.125.68.0-255,4320,178459,19,239409
32190,0.001604,172.31.36.0-255,66,178525,19,239409
32191,0.001621,74.125.68.0-255,1484,180009,19,239409
32192,0.001628,74.125.68.0-255,7156,187165,19,239409
32193,0.001631,172.31.36.0-255,66,187231,19,239409
32194,0.001663,172.31.36.0-255,66,187297,19,239409
32195,0.001692,74.125.68.0-255,1484,188781,19,239409
32196,0.001709,74.125.68.0-255,3602,192383,19,239409
32197,0.001711,172.31.36.0-255,66,192449,19,239409
32198,0.003919,74.125.68.0-255,2902,195351,19,239409
32199,0.003922,172.31.36.0-255,66,195417,19,239409
32200,0.003941,74.125.68.0-255,2902,198319,19,239409
32201,0.003943,172.31.36.0-255,66,198385,19,239409
32202,0.006144,74.125.68.0-255,2902,201287,19,239409
32203,0.00615,172.31.36.0-255,66,201353,19,239409
32204,0.006169,74.125.68.0-255,2902,204255,19,239409
32205,0.006171,172.31.36.0-255,66,204321,19,239409
32206,0.008377,74.125.68.0-255,2902,207223,19,239409
32207,0.008384,172.31.36.0-255,66,207289,19,239409
32208,0.008405,74.125.68.0-255,2902,210191,19,239409
32209,0.008408,172.31.36.0-255,66,210257,19,239409
32210,0.010623,74.125.68.0-255,5738,215995,19,239409
32211,0.010629,172.31.36.0-255,66,216061,19,239409
32212,0.012859,74.125.68.0-255,2902,218963,19,239409
32213,0.012868,172.31.36.0-255,66,219029,19,239409
32214,0.01289,74.125.68.0-255,2902,221931,19,239409
32215,0.012894,172.31.36.0-255,66,221997,19,239409
32216,0.015117,74.125.68.0-255,5738,227735,19,239409
32217,0.015126,172.31.36.0-255,66,227801,19,239409
32218,0.017391,74.125.68.0-255,5738,233539,19,239409
32219,0.017398,172.31.36.0-255,66,233605,19,239409
32220,0.019627,74.125.68.0-255,5738,239343,19,239409
32221,0.019636,172.31.36.0-255,66,239409,19,239409
32222,0.0,74.125.68.0-255,153,153,19,274239
32223,1.6e-05,172.31.36.0-255,66,219,19,274239
32224,2.2e-05,74.125.68.0-255,1484,1703,19,274239
32225,2.6e-05,172.31.36.0-255,66,1769,19,274239
32226,3.2e-05,74.125.68.0-255,2902,4671,19,274239
32227,3.5e-05,172.31.36.0-255,66,4737,19,274239
32228,4e-05,74.125.68.0-255,4320,9057,19,274239
32229,4.4e-05,172.31.36.0-255,66,9123,19,274239
32230,7.4e-05,74.125.68.0-255,7156,16279,19,274239
32231,7.7e-05,172.31.36.0-255,66,16345,19,274239
32232,9.3e-05,74.125.68.0-255,2030,18375,19,274239
32233,9.6e-05,172.31.36.0-255,66,18441,19,274239
32234,0.000102,74.125.68.0-255,4320,22761,19,274239
32235,0.000104,172.31.36.0-255,66,22827,19,274239
32236,0.000124,74.125.68.0-255,1484,24311,19,274239
32237,0.000126,172.31.36.0-255,66,24377,19,274239
32238,0.000144,74.125.68.0-255,2902,27279,19,274239
32239,0.000147,172.31.36.0-255,66,27345,19,274239
32240,0.00017,74.125.68.0-255,3961,31306,19,274239
32241,0.000175,172.31.36.0-255,66,31372,19,274239
32242,0.000399,74.125.68.0-255,1484,32856,19,274239
32243,0.000404,172.31.36.0-255,66,32922,19,274239
32244,0.000448,74.125.68.0-255,2902,35824,19,274239
32245,0.000451,172.31.36.0-255,66,35890,19,274239
32246,0.000456,74.125.68.0-255,4320,40210,19,274239
32247,0.000459,172.31.36.0-255,66,40276,19,274239
32248,0.000465,74.125.68.0-255,5738,46014,19,274239
32249,0.000467,172.31.36.0-255,66,46080,19,274239
32250,0.000495,74.125.68.0-255,1484,47564,19,274239
32251,0.000497,172.31.36.0-255,66,47630,19,274239
32252,0.000527,74.125.68.0-255,8574,56204,19,274239
32253,0.000531,172.31.36.0-255,66,56270,19,274239
32254,0.00055,74.125.68.0-255,2902,59172,19,274239
32255,0.000553,172.31.36.0-255,66,59238,19,274239
32256,0.000581,74.125.68.0-255,6438,65676,19,274239
32257,0.000585,172.31.36.0-255,66,65742,19,274239
32258,0.000599,74.125.68.0-255,397,66139,19,274239
32259,0.000668,74.125.68.0-255,115,66254,19,274239
32260,0.000847,74.125.68.0-255,1484,67738,19,274239
32261,0.000851,172.31.36.0-255,66,67804,19,274239
32262,0.000856,74.125.68.0-255,2902,70706,19,274239
32263,0.000858,172.31.36.0-255,66,70772,19,274239
32264,0.000883,74.125.68.0-255,5738,76510,19,274239
32265,0.000887,172.31.36.0-255,66,76576,19,274239
32266,0.000941,74.125.68.0-255,1484,78060,19,274239
32267,0.000946,74.125.68.0-255,2902,80962,19,274239
32268,0.000949,172.31.36.0-255,66,81028,19,274239
32269,0.000954,74.125.68.0-255,2902,83930,19,274239
32270,0.000956,172.31.36.0-255,66,83996,19,274239
32271,0.000973,74.125.68.0-255,2902,86898,19,274239
32272,0.000976,172.31.36.0-255,66,86964,19,274239
32273,0.000982,74.125.68.0-255,5738,92702,19,274239
32274,0.000985,172.31.36.0-255,66,92768,19,274239
32275,0.000991,74.125.68.0-255,7156,99924,19,274239
32276,0.000995,172.31.36.0-255,66,99990,19,274239
32277,0.000998,74.125.68.0-255,766,100756,19,274239
32278,0.001086,74.125.68.0-255,329,101085,19,274239
32279,0.001165,74.125.68.0-255,1484,102569,19,274239
32280,0.00117,172.31.36.0-255,66,102635,19,274239
32281,0.00118,74.125.68.0-255,2902,105537,19,274239
32282,0.001183,172.31.36.0-255,66,105603,19,274239
32283,0.001187,74.125.68.0-255,1484,107087,19,274239
32284,0.001213,74.125.68.0-255,4320,111407,19,274239
32285,0.001216,172.31.36.0-255,66,111473,19,274239
32286,0.001235,74.125.68.0-255,2902,114375,19,274239
32287,0.001238,172.31.36.0-255,66,114441,19,274239
32288,0.001262,74.125.68.0-255,7156,121597,19,274239
32289,0.001265,172.31.36.0-255,66,121663,19,274239
32290,0.001272,74.125.68.0-255,7156,128819,19,274239
32291,0.001275,172.31.36.0-255,66,128885,19,274239
32292,0.001297,74.125.68.0-255,4320,133205,19,274239
32293,0.0013,172.31.36.0-255,66,133271,19,274239
32294,0.001304,74.125.68.0-255,2184,135455,19,274239
32295,0.001306,172.31.36.0-255,66,135521,19,274239
32296,0.001338,74.125.68.0-255,1484,137005,19,274239
32297,0.001343,74.125.68.0-255,2902,139907,19,274239
32298,0.001346,172.31.36.0-255,66,139973,19,274239
32299,0.001349,74.125.68.0-255,1484,141457,19,274239
32300,0.001374,74.125.68.0-255,4320,145777,19,274239
32301,0.001377,172.31.36.0-255,66,145843,19,274239
32302,0.001381,74.125.68.0-255,2902,148745,19,274239
32303,0.001384,172.31.36.0-255,66,148811,19,274239
32304,0.001389,74.125.68.0-255,4320,153131,19,274239
32305,0.001391,172.31.36.0-255,66,153197,19,274239
32306,0.001394,74.125.68.0-255,1484,154681,19,274239
32307,0.001422,74.125.68.0-255,7156,161837,19,274239
32308,0.001426,172.31.36.0-255,66,161903,19,274239
32309,0.001434,74.125.68.0-255,7156,169059,19,274239
32310,0.001436,172.31.36.0-255,66,169125,19,274239
32311,0.001439,74.125.68.0-255,766,169891,19,274239
32312,0.001638,74.125.68.0-255,1484,171375,19,274239
32313,0.001644,172.31.36.0-255,66,171441,19,274239
32314,0.001697,74.125.68.0-255,1484,172925,19,274239
32315,0.001719,74.125.68.0-255,2902,175827,19,274239
32316,0.001722,172.31.36.0-255,66,175893,19,274239
32317,0.00173,74.125.68.0-255,5738,181631,19,274239
32318,0.001732,172.31.36.0-255,66,181697,19,274239
32319,0.001753,74.125.68.0-255,1484,183181,19,274239
32320,0.001774,74.125.68.0-255,5738,188919,19,274239
32321,0.001778,172.31.36.0-255,66,188985,19,274239
32322,0.001798,74.125.68.0-255,4320,193305,19,274239
32323,0.0018,172.31.36.0-255,66,193371,19,274239
32324,0.001841,74.125.68.0-255,8574,201945,19,274239
32325,0.001846,172.31.36.0-255,66,202011,19,274239
32326,0.001863,74.125.68.0-255,2184,204195,19,274239
32327,0.001866,172.31.36.0-255,66,204261,19,274239
32328,0.001981,74.125.68.0-255,1484,205745,19,274239
32329,0.001999,74.125.68.0-255,2902,208647,19,274239
32330,0.002004,172.31.36.0-255,66,208713,19,274239
32331,0.002007,74.125.68.0-255,1484,210197,19,274239
32332,0.002027,74.125.68.0-255,4320,214517,19,274239
32333,0.002031,172.31.36.0-255,66,214583,19,274239
32334,0.002072,74.125.68.0-255,4320,218903,19,274239
32335,0.002075,172.31.36.0-255,66,218969,19,274239
32336,0.002095,74.125.68.0-255,4320,223289,19,274239
32337,0.002097,172.31.36.0-255,66,223355,19,274239
32338,0.002103,74.125.68.0-255,5738,229093,19,274239
32339,0.002105,172.31.36.0-255,66,229159,19,274239
32340,0.004145,74.125.68.0-255,5738,234897,19,274239
32341,0.004153,172.31.36.0-255,66,234963,19,274239
32342,0.006198,74.125.68.0-255,5738,240701,19,274239
32343,0.006205,172.31.36.0-255,66,240767,19,274239
32344,0.008238,74.125.68.0-255,4320,245087,19,274239
32345,0.008242,172.31.36.0-255,66,245153,19,274239
32346,0.008259,74.125.68.0-255,1484,246637,19,274239
32347,0.010291,74.125.68.0-255,4320,250957,19,274239
32348,0.010304,172.31.36.0-255,66,251023,19,274239
32349,0.01236,74.125.68.0-255,5738,256761,19,274239
32350,0.01237,172.31.36.0-255,66,256827,19,274239
32351,0.014424,74.125.68.0-255,5738,262565,19,274239
32352,0.014433,172.31.36.0-255,66,262631,19,274239
32353,0.016489,74.125.68.0-255,5738,268369,19,274239
32354,0.0165,172.31.36.0-255,66,268435,19,274239
32355,0.018561,74.125.68.0-255,5738,274173,19,274239
32356,0.018568,172.31.36.0-255,66,274239,19,274239
32357,0.0,74.125.24.0-255,218,218,19,155029
32358,1.4e-05,172.31.36.0-255,66,284,19,155029
32359,2.2e-05,74.125.24.0-255,1484,1768,19,155029
32360,2.6e-05,172.31.36.0-255,66,1834,19,155029
32361,4.1e-05,74.125.24.0-255,4320,6154,19,155029
32362,4.4e-05,172.31.36.0-255,66,6220,19,155029
32363,5e-05,74.125.24.0-255,4320,10540,19,155029
32364,5.3e-05,172.31.36.0-255,66,10606,19,155029
32365,7.6e-05,74.125.24.0-255,4677,15283,19,155029
32366,7.9e-05,172.31.36.0-255,66,15349,19,155029
32367,0.000138,74.125.24.0-255,2902,18251,19,155029
32368,0.000141,172.31.36.0-255,66,18317,19,155029
32369,0.000171,74.125.24.0-255,4320,22637,19,155029
32370,0.000174,172.31.36.0-255,66,22703,19,155029
32371,0.000214,74.125.24.0-255,4320,27023,19,155029
32372,0.000217,172.31.36.0-255,66,27089,19,155029
32373,0.000243,74.125.24.0-255,3961,31050,19,155029
32374,0.000246,172.31.36.0-255,66,31116,19,155029
32375,0.000303,74.125.24.0-255,7156,38272,19,155029
32376,0.000307,172.31.36.0-255,66,38338,19,155029
32377,0.00033,74.125.24.0-255,1484,39822,19,155029
32378,0.000333,172.31.36.0-255,66,39888,19,155029
32379,0.000394,74.125.24.0-255,7156,47044,19,155029
32380,0.000399,172.31.36.0-255,66,47110,19,155029
32381,0.000482,74.125.24.0-255,8574,55684,19,155029
32382,0.000486,172.31.36.0-255,66,55750,19,155029
32383,0.000508,74.125.24.0-255,9585,65335,19,155029
32384,0.000511,172.31.36.0-255,66,65401,19,155029
32385,0.000648,74.125.24.0-255,109,65510,19,155029
32386,0.000653,172.31.36.0-255,66,65576,19,155029
32387,0.000679,74.125.24.0-255,1484,67060,19,155029
32388,0.000682,172.31.36.0-255,66,67126,19,155029
32389,0.000687,74.125.24.0-255,2902,70028,19,155029
32390,0.000727,74.125.24.0-255,7156,77184,19,155029
32391,0.000738,172.31.36.0-255,66,77250,19,155029
32392,0.000795,74.125.24.0-255,4320,81570,19,155029
32393,0.000807,172.31.36.0-255,66,81636,19,155029
32394,0.000846,172.31.36.0-255,66,81702,19,155029
32395,0.000962,74.125.24.0-255,6797,88499,19,155029
32396,0.000985,172.31.36.0-255,66,88565,19,155029
32397,0.001045,74.125.24.0-255,7156,95721,19,155029
32398,0.001054,172.31.36.0-255,66,95787,19,155029
32399,0.001082,172.31.36.0-255,66,95853,19,155029
32400,0.001304,74.125.24.0-255,9274,105127,19,155029
32401,0.001316,172.31.36.0-255,66,105193,19,155029
32402,0.001411,74.125.24.0-255,9992,115185,19,155029
32403,0.001415,172.31.36.0-255,66,115251,19,155029
32404,0.001473,172.31.36.0-255,66,115317,19,155029
32405,0.001805,172.31.36.0-255,66,115383,19,155029
32406,0.001826,74.125.24.0-255,6438,121821,19,155029
32407,0.003289,74.125.24.0-255,9992,131813,19,155029
32408,0.006756,172.31.36.0-255,66,131879,19,155029
32409,0.009096,74.125.24.0-255,5738,137617,19,155029
32410,0.009102,172.31.36.0-255,66,137683,19,155029
32411,0.011425,74.125.24.0-255,5738,143421,19,155029
32412,0.011433,172.31.36.0-255,66,143487,19,155029
32413,0.013773,74.125.24.0-255,5738,149225,19,155029
32414,0.01378,172.31.36.0-255,66,149291,19,155029
32415,0.01611,74.125.24.0-255,5738,155029,19,155029
32416,0.0,172.217.194.0-255,146,146,19,162614
32417,2.2e-05,172.31.36.0-255,66,212,19,162614
32418,3e-05,172.217.194.0-255,1484,1696,19,162614
32419,3.4e-05,172.31.36.0-255,66,1762,19,162614
32420,4e-05,172.217.194.0-255,2902,4664,19,162614
32421,4.4e-05,172.31.36.0-255,66,4730,19,162614
32422,6e-05,172.217.194.0-255,7156,11886,19,162614
32423,6.3e-05,172.31.36.0-255,66,11952,19,162614
32424,6.7e-05,172.217.194.0-255,2087,14039,19,162614
32425,7.1e-05,172.31.36.0-255,66,14105,19,162614
32426,0.000201,172.217.194.0-255,1484,15589,19,162614
32427,0.000206,172.31.36.0-255,66,15655,19,162614
32428,0.000213,172.217.194.0-255,2902,18557,19,162614
32429,0.000216,172.31.36.0-255,66,18623,19,162614
32430,0.000227,172.217.194.0-255,5738,24361,19,162614
32431,0.00023,172.31.36.0-255,66,24427,19,162614
32432,0.000233,172.217.194.0-255,1484,25911,19,162614
32433,0.000235,172.31.36.0-255,66,25977,19,162614
32434,0.00027,172.217.194.0-255,5379,31356,19,162614
32435,0.000274,172.31.36.0-255,66,31422,19,162614
32436,0.000282,172.217.194.0-255,7156,38578,19,162614
32437,0.000284,172.31.36.0-255,66,38644,19,162614
32438,0.000313,172.217.194.0-255,9633,48277,19,162614
32439,0.000316,172.31.36.0-255,66,48343,19,162614
32440,0.000362,172.217.194.0-255,9992,58335,19,162614
32441,0.000365,172.31.36.0-255,66,58401,19,162614
32442,0.000391,172.217.194.0-255,1484,59885,19,162614
32443,0.000393,172.31.36.0-255,66,59951,19,162614
32444,0.000416,172.217.194.0-255,5379,65330,19,162614
32445,0.000418,172.31.36.0-255,66,65396,19,162614
32446,0.000569,172.217.194.0-255,361,65757,19,162614
32447,0.000574,172.31.36.0-255,66,65823,19,162614
32448,0.000578,172.217.194.0-255,383,66206,19,162614
32449,0.000986,172.217.194.0-255,1484,67690,19,162614
32450,0.000991,172.31.36.0-255,66,67756,19,162614
32451,0.000997,172.217.194.0-255,2902,70658,19,162614
32452,0.000999,172.31.36.0-255,66,70724,19,162614
32453,0.001012,172.217.194.0-255,5738,76462,19,162614
32454,0.001014,172.31.36.0-255,66,76528,19,162614
32455,0.00102,172.217.194.0-255,4320,80848,19,162614
32456,0.001022,172.31.36.0-255,66,80914,19,162614
32457,0.001069,172.31.36.0-255,66,80980,19,162614
32458,0.001078,172.217.194.0-255,7856,88836,19,162614
32459,0.00108,172.31.36.0-255,66,88902,19,162614
32460,0.00215,172.217.194.0-255,1484,90386,19,162614
32461,0.002162,172.217.194.0-255,2902,93288,19,162614
32462,0.002167,172.31.36.0-255,66,93354,19,162614
32463,0.002175,172.217.194.0-255,5738,99092,19,162614
32464,0.002177,172.31.36.0-255,66,99158,19,162614
32465,0.002181,172.217.194.0-255,1484,100642,19,162614
32466,0.002217,172.217.194.0-255,8574,109216,19,162614
32467,0.002219,172.31.36.0-255,66,109282,19,162614
32468,0.002238,172.31.36.0-255,66,109348,19,162614
32469,0.002242,172.217.194.0-255,2184,111532,19,162614
32470,0.002244,172.31.36.0-255,66,111598,19,162614
32471,0.002287,172.217.194.0-255,1484,113082,19,162614
32472,0.002292,172.217.194.0-255,2902,115984,19,162614
32473,0.002296,172.31.36.0-255,66,116050,19,162614
32474,0.002355,172.217.194.0-255,5738,121788,19,162614
32475,0.002357,172.31.36.0-255,66,121854,19,162614
32476,0.002375,172.31.36.0-255,66,121920,19,162614
32477,0.002378,172.217.194.0-255,1484,123404,19,162614
32478,0.004666,172.217.194.0-255,4320,127724,19,162614
32479,0.004669,172.31.36.0-255,66,127790,19,162614
32480,0.006973,172.217.194.0-255,5738,133528,19,162614
32481,0.006978,172.31.36.0-255,66,133594,19,162614
32482,0.009259,172.217.194.0-255,5738,139332,19,162614
32483,0.009266,172.31.36.0-255,66,139398,19,162614
32484,0.011555,172.217.194.0-255,5738,145136,19,162614
32485,0.011561,172.31.36.0-255,66,145202,19,162614
32486,0.013883,172.217.194.0-255,5738,150940,19,162614
32487,0.013892,172.31.36.0-255,66,151006,19,162614
32488,0.016179,172.217.194.0-255,5738,156744,19,162614
32489,0.016202,172.31.36.0-255,66,156810,19,162614
32490,0.018523,172.217.194.0-255,5738,162548,19,162614
32491,0.01853,172.31.36.0-255,66,162614,19,162614
32492,0.0,74.125.200.0-255,146,146,19,298405
32493,3.2e-05,172.31.36.0-255,66,212,19,298405
32494,4e-05,74.125.200.0-255,1484,1696,19,298405
32495,4.3e-05,172.31.36.0-255,66,1762,19,298405
32496,4.7e-05,74.125.200.0-255,2902,4664,19,298405
32497,4.9e-05,172.31.36.0-255,66,4730,19,298405
32498,6.3e-05,74.125.200.0-255,5738,10468,19,298405
32499,6.5e-05,172.31.36.0-255,66,10534,19,298405
32500,8.5e-05,74.125.200.0-255,1484,12018,19,298405
32501,8.8e-05,172.31.36.0-255,66,12084,19,298405
32502,0.000114,74.125.200.0-255,2014,14098,19,298405
32503,0.000116,172.31.36.0-255,66,14164,19,298405
32504,0.000191,74.125.200.0-255,1484,15648,19,298405
32505,0.000195,172.31.36.0-255,66,15714,19,298405
32506,0.000198,74.125.200.0-255,1484,17198,19,298405
32507,0.000199,172.31.36.0-255,66,17264,19,298405
32508,0.000233,74.125.200.0-255,1484,18748,19,298405
32509,0.000235,172.31.36.0-255,66,18814,19,298405
32510,0.000244,74.125.200.0-255,5738,24552,19,298405
32511,0.000246,172.31.36.0-255,66,24618,19,298405
32512,0.000279,74.125.200.0-255,6797,31415,19,298405
32513,0.000283,172.31.36.0-255,66,31481,19,298405
32514,0.000311,74.125.200.0-255,7156,38637,19,298405
32515,0.000315,172.31.36.0-255,66,38703,19,298405
32516,0.000343,74.125.200.0-255,8574,47277,19,298405
32517,0.000346,172.31.36.0-255,66,47343,19,298405
32518,0.000352,74.125.200.0-255,5738,53081,19,298405
32519,0.000354,172.31.36.0-255,66,53147,19,298405
32520,0.000378,74.125.200.0-255,2902,56049,19,298405
32521,0.000383,74.125.200.0-255,4320,60369,19,298405
32522,0.000383,172.31.36.0-255,66,60435,19,298405
32523,0.000386,172.31.36.0-255,66,60501,19,298405
32524,0.00042,74.125.200.0-255,5020,65521,19,298405
32525,0.000423,172.31.36.0-255,66,65587,19,298405
32526,0.000433,74.125.200.0-255,678,66265,19,298405
32527,0.000783,172.31.36.0-255,66,66331,19,298405
32528,0.000821,74.125.200.0-255,1484,67815,19,298405
32529,0.000827,74.125.200.0-255,2902,70717,19,298405
32530,0.000829,172.31.36.0-255,66,70783,19,298405
32531,0.000861,74.125.200.0-255,5738,76521,19,298405
32532,0.000864,172.31.36.0-255,66,76587,19,298405
32533,0.000871,74.125.200.0-255,2902,79489,19,298405
32534,0.000873,172.31.36.0-255,66,79555,19,298405
32535,0.000877,74.125.200.0-255,2902,82457,19,298405
32536,0.000879,172.31.36.0-255,66,82523,19,298405
32537,0.000905,74.125.200.0-255,7156,89679,19,298405
32538,0.000908,172.31.36.0-255,66,89745,19,298405
32539,0.000914,74.125.200.0-255,4320,94065,19,298405
32540,0.000916,172.31.36.0-255,66,94131,19,298405
32541,0.000946,74.125.200.0-255,6438,100569,19,298405
32542,0.00095,172.31.36.0-255,66,100635,19,298405
32543,0.000999,74.125.200.0-255,1484,102119,19,298405
32544,0.001004,74.125.200.0-255,2902,105021,19,298405
32545,0.001008,172.31.36.0-255,66,105087,19,298405
32546,0.001047,74.125.200.0-255,4320,109407,19,298405
32547,0.00105,172.31.36.0-255,66,109473,19,298405
32548,0.001054,74.125.200.0-255,1484,110957,19,298405
32549,0.001107,74.125.200.0-255,7156,118113,19,298405
32550,0.001111,172.31.36.0-255,66,118179,19,298405
32551,0.001119,74.125.200.0-255,7156,125335,19,298405
32552,0.001121,172.31.36.0-255,66,125401,19,298405
32553,0.001134,74.125.200.0-255,8574,133975,19,298405
32554,0.001136,172.31.36.0-255,66,134041,19,298405
32555,0.001139,74.125.200.0-255,766,134807,19,298405
32556,0.00132,74.125.200.0-255,1484,136291,19,298405
32557,0.001325,172.31.36.0-255,66,136357,19,298405
32558,0.001364,74.125.200.0-255,1484,137841,19,298405
32559,0.001385,74.125.200.0-255,2902,140743,19,298405
32560,0.001388,172.31.36.0-255,66,140809,19,298405
32561,0.001417,74.125.200.0-255,5738,146547,19,298405
32562,0.00142,172.31.36.0-255,66,146613,19,298405
32563,0.001445,74.125.200.0-255,4320,150933,19,298405
32564,0.001449,172.31.36.0-255,66,150999,19,298405
32565,0.00146,74.125.200.0-255,2902,153901,19,298405
32566,0.001467,172.31.36.0-255,66,153967,19,298405
32567,0.001474,74.125.200.0-255,7156,161123,19,298405
32568,0.001476,172.31.36.0-255,66,161189,19,298405
32569,0.001534,74.125.200.0-255,5738,166927,19,298405
32570,0.001538,172.31.36.0-255,66,166993,19,298405
32571,0.001564,74.125.200.0-255,1484,168477,19,298405
32572,0.001603,74.125.200.0-255,766,169243,19,298405
32573,0.001606,172.31.36.0-255,66,169309,19,298405
32574,0.001934,74.125.200.0-255,1484,170793,19,298405
32575,0.001944,74.125.200.0-255,2902,173695,19,298405
32576,0.001948,172.31.36.0-255,66,173761,19,298405
32577,0.001956,74.125.200.0-255,5738,179499,19,298405
32578,0.001958,172.31.36.0-255,66,179565,19,298405
32579,0.001969,74.125.200.0-255,2902,182467,19,298405
32580,0.001971,172.31.36.0-255,66,182533,19,298405
32581,0.002002,74.125.200.0-255,5738,188271,19,298405
32582,0.002005,172.31.36.0-255,66,188337,19,298405
32583,0.002033,74.125.200.0-255,4320,192657,19,298405
32584,0.002036,172.31.36.0-255,66,192723,19,298405
32585,0.002043,74.125.200.0-255,4320,197043,19,298405
32586,0.002045,172.31.36.0-255,66,197109,19,298405
32587,0.00208,74.125.200.0-255,5738,202847,19,298405
32588,0.002083,172.31.36.0-255,66,202913,19,298405
32589,0.002086,74.125.200.0-255,766,203679,19,298405
32590,0.00209,74.125.200.0-255,1484,205163,19,298405
32591,0.002091,172.31.36.0-255,66,205229,19,298405
32592,0.002121,74.125.200.0-255,4320,209549,19,298405
32593,0.002124,172.31.36.0-255,66,209615,19,298405
32594,0.002131,74.125.200.0-255,4320,213935,19,298405
32595,0.002133,172.31.36.0-255,66,214001,19,298405
32596,0.002168,74.125.200.0-255,1484,215485,19,298405
32597,0.002177,74.125.200.0-255,7156,222641,19,298405
32598,0.002179,172.31.36.0-255,66,222707,19,298405
32599,0.002194,172.31.36.0-255,66,222773,19,298405
32600,0.002223,74.125.200.0-255,766,223539,19,298405
32601,0.002251,74.125.200.0-255,1484,225023,19,298405
32602,0.002254,172.31.36.0-255,66,225089,19,298405
32603,0.002277,74.125.200.0-255,4320,229409,19,298405
32604,0.002281,172.31.36.0-255,66,229475,19,298405
32605,0.002285,74.125.200.0-255,2902,232377,19,298405
32606,0.002287,172.31.36.0-255,66,232443,19,298405
32607,0.002313,74.125.200.0-255,4320,236763,19,298405
32608,0.002317,172.31.36.0-255,66,236829,19,298405
32609,0.00233,74.125.200.0-255,8574,245403,19,298405
32610,0.002333,172.31.36.0-255,66,245469,19,298405
32611,0.00234,74.125.200.0-255,7156,252625,19,298405
32612,0.002343,172.31.36.0-255,66,252691,19,298405
32613,0.002378,74.125.200.0-255,5020,257711,19,298405
32614,0.002381,172.31.36.0-255,66,257777,19,298405
32615,0.004713,74.125.200.0-255,5738,263515,19,298405
32616,0.004725,172.31.36.0-255,66,263581,19,298405
32617,0.007055,74.125.200.0-255,5738,269319,19,298405
32618,0.007059,172.31.36.0-255,66,269385,19,298405
32619,0.009449,74.125.200.0-255,5738,275123,19,298405
32620,0.009464,172.31.36.0-255,66,275189,19,298405
32621,0.011804,74.125.200.0-255,5738,280927,19,298405
32622,0.011816,172.31.36.0-255,66,280993,19,298405
32623,0.014165,74.125.200.0-255,5738,286731,19,298405
32624,0.014182,172.31.36.0-255,66,286797,19,298405
32625,0.016546,74.125.200.0-255,5738,292535,19,298405
32626,0.016564,172.31.36.0-255,66,292601,19,298405
32627,0.018925,74.125.200.0-255,5738,298339,19,298405
32628,0.018935,172.31.36.0-255,66,298405,19,298405
32629,0.0,172.217.194.0-255,152,152,19,250132
32630,3.3e-05,172.31.36.0-255,66,218,19,250132
32631,3.9e-05,172.217.194.0-255,1484,1702,19,250132
32632,4.4e-05,172.31.36.0-255,66,1768,19,250132
32633,5e-05,172.217.194.0-255,2902,4670,19,250132
32634,5.2e-05,172.31.36.0-255,66,4736,19,250132
32635,5.9e-05,172.217.194.0-255,7156,11892,19,250132
32636,6.2e-05,172.31.36.0-255,66,11958,19,250132
32637,6.5e-05,172.217.194.0-255,1484,13442,19,250132
32638,6.7e-05,172.31.36.0-255,66,13508,19,250132
32639,9.7e-05,172.217.194.0-255,3428,16936,19,250132
32640,0.000101,172.31.36.0-255,66,17002,19,250132
32641,0.000107,172.217.194.0-255,5738,22740,19,250132
32642,0.000109,172.31.36.0-255,66,22806,19,250132
32643,0.000125,172.217.194.0-255,2902,25708,19,250132
32644,0.000127,172.31.36.0-255,66,25774,19,250132
32645,0.000151,172.217.194.0-255,5379,31153,19,250132
32646,0.000155,172.31.36.0-255,66,31219,19,250132
32647,0.00019,172.217.194.0-255,1484,32703,19,250132
32648,0.000193,172.31.36.0-255,66,32769,19,250132
32649,0.000198,172.217.194.0-255,2902,35671,19,250132
32650,0.0002,172.31.36.0-255,66,35737,19,250132
32651,0.000218,172.217.194.0-255,5738,41475,19,250132
32652,0.000221,172.31.36.0-255,66,41541,19,250132
32653,0.000244,172.217.194.0-255,1484,43025,19,250132
32654,0.000247,172.31.36.0-255,66,43091,19,250132
32655,0.000273,172.217.194.0-255,9992,53083,19,250132
32656,0.000276,172.31.36.0-255,66,53149,19,250132
32657,0.000296,172.217.194.0-255,2543,55692,19,250132
32658,0.000299,172.31.36.0-255,66,55758,19,250132
32659,0.000307,172.217.194.0-255,9926,65684,19,250132
32660,0.00031,172.31.36.0-255,66,65750,19,250132
32661,0.000355,172.217.194.0-255,364,66114,19,250132
32662,0.000632,172.217.194.0-255,1484,67598,19,250132
32663,0.000637,172.31.36.0-255,66,67664,19,250132
32664,0.000654,172.217.194.0-255,2902,70566,19,250132
32665,0.000657,172.31.36.0-255,66,70632,19,250132
32666,0.000663,172.217.194.0-255,5738,76370,19,250132
32667,0.000666,172.31.36.0-255,66,76436,19,250132
32668,0.000669,172.217.194.0-255,1484,77920,19,250132
32669,0.000687,172.217.194.0-255,8574,86494,19,250132
32670,0.00069,172.31.36.0-255,66,86560,19,250132
32671,0.000729,172.217.194.0-255,4320,90880,19,250132
32672,0.000732,172.31.36.0-255,66,90946,19,250132
32673,0.00076,172.217.194.0-255,9274,100220,19,250132
32674,0.000762,172.31.36.0-255,66,100286,19,250132
32675,0.00091,172.217.194.0-255,1484,101770,19,250132
32676,0.00093,172.217.194.0-255,2902,104672,19,250132
32677,0.000934,172.31.36.0-255,66,104738,19,250132
32678,0.000942,172.217.194.0-255,5738,110476,19,250132
32679,0.000944,172.31.36.0-255,66,110542,19,250132
32680,0.00099,172.31.36.0-255,66,110608,19,250132
32681,0.000998,172.217.194.0-255,7156,117764,19,250132
32682,0.001001,172.31.36.0-255,66,117830,19,250132
32683,0.001021,172.217.194.0-255,1484,119314,19,250132
32684,0.001055,172.217.194.0-255,7856,127170,19,250132
32685,0.001058,172.31.36.0-255,66,127236,19,250132
32686,0.001067,172.217.194.0-255,8574,135810,19,250132
32687,0.001069,172.31.36.0-255,66,135876,19,250132
32688,0.001138,172.31.36.0-255,66,135942,19,250132
32689,0.001141,172.217.194.0-255,766,136708,19,250132
32690,0.001351,172.217.194.0-255,1484,138192,19,250132
32691,0.001355,172.31.36.0-255,66,138258,19,250132
32692,0.00136,172.217.194.0-255,2902,141160,19,250132
32693,0.001362,172.31.36.0-255,66,141226,19,250132
32694,0.001366,172.217.194.0-255,2902,144128,19,250132
32695,0.001369,172.31.36.0-255,66,144194,19,250132
32696,0.001391,172.217.194.0-255,2902,147096,19,250132
32697,0.001394,172.31.36.0-255,66,147162,19,250132
32698,0.001402,172.217.194.0-255,7156,154318,19,250132
32699,0.001404,172.31.36.0-255,66,154384,19,250132
32700,0.001423,172.217.194.0-255,5738,160122,19,250132
32701,0.001426,172.31.36.0-255,66,160188,19,250132
32702,0.001447,172.217.194.0-255,1484,161672,19,250132
32703,0.001468,172.217.194.0-255,9274,170946,19,250132
32704,0.001471,172.31.36.0-255,66,171012,19,250132
32705,0.001528,172.217.194.0-255,1484,172496,19,250132
32706,0.001533,172.217.194.0-255,2902,175398,19,250132
32707,0.001536,172.31.36.0-255,66,175464,19,250132
32708,0.001559,172.217.194.0-255,5738,181202,19,250132
32709,0.001562,172.31.36.0-255,66,181268,19,250132
32710,0.001577,172.217.194.0-255,5738,187006,19,250132
32711,0.00158,172.31.36.0-255,66,187072,19,250132
32712,0.001603,172.217.194.0-255,7156,194228,19,250132
32713,0.001606,172.31.36.0-255,66,194294,19,250132
32714,0.001616,172.217.194.0-255,10692,204986,19,250132
32715,0.001618,172.31.36.0-255,66,205052,19,250132
32716,0.003699,172.217.194.0-255,5738,210790,19,250132
32717,0.003704,172.31.36.0-255,66,210856,19,250132
32718,0.005791,172.217.194.0-255,4320,215176,19,250132
32719,0.005795,172.31.36.0-255,66,215242,19,250132
32720,0.005813,172.217.194.0-255,1484,216726,19,250132
32721,0.007897,172.217.194.0-255,4320,221046,19,250132
32722,0.007903,172.31.36.0-255,66,221112,19,250132
32723,0.01001,172.217.194.0-255,5738,226850,19,250132
32724,0.010019,172.31.36.0-255,66,226916,19,250132
32725,0.012116,172.217.194.0-255,5738,232654,19,250132
32726,0.012122,172.31.36.0-255,66,232720,19,250132
32727,0.014228,172.217.194.0-255,5738,238458,19,250132
32728,0.014235,172.31.36.0-255,66,238524,19,250132
32729,0.016349,172.217.194.0-255,5738,244262,19,250132
32730,0.016357,172.31.36.0-255,66,244328,19,250132
32731,0.018461,172.217.194.0-255,5738,250066,19,250132
32732,0.018468,172.31.36.0-255,66,250132,19,250132
32733,0.0,172.217.160.0-255,153,153,19,147729
32734,2.7e-05,172.31.36.0-255,66,219,19,147729
32735,3.3e-05,172.217.160.0-255,1484,1703,19,147729
32736,3.7e-05,172.31.36.0-255,66,1769,19,147729
32737,4.2e-05,172.217.160.0-255,2902,4671,19,147729
32738,4.5e-05,172.31.36.0-255,66,4737,19,147729
32739,5.3e-05,172.217.160.0-255,7156,11893,19,147729
32740,5.6e-05,172.31.36.0-255,66,11959,19,147729
32741,0.0001,172.31.36.0-255,66,12025,19,147729
32742,0.000104,172.217.160.0-255,2543,14568,19,147729
32743,0.000106,172.31.36.0-255,66,14634,19,147729
32744,0.000139,172.217.160.0-255,7156,21790,19,147729
32745,0.000142,172.31.36.0-255,66,21856,19,147729
32746,0.00015,172.217.160.0-255,8574,30430,19,147729
32747,0.000153,172.31.36.0-255,66,30496,19,147729
32748,0.000175,172.217.160.0-255,1125,31621,19,147729
32749,0.000178,172.31.36.0-255,66,31687,19,147729
32750,0.000181,172.217.160.0-255,1484,33171,19,147729
32751,0.000183,172.31.36.0-255,66,33237,19,147729
32752,0.000189,172.217.160.0-255,4320,37557,19,147729
32753,0.000192,172.31.36.0-255,66,37623,19,147729
32754,0.000226,172.217.160.0-255,9992,47615,19,147729
32755,0.000229,172.31.36.0-255,66,47681,19,147729
32756,0.000247,172.217.160.0-255,1396,49077,19,147729
32757,0.000249,172.31.36.0-255,66,49143,19,147729
32758,0.000571,172.217.160.0-255,124,49267,19,147729
32759,0.000575,172.31.36.0-255,66,49333,19,147729
32760,0.000607,172.217.160.0-255,380,49713,19,147729
32761,0.00061,172.31.36.0-255,66,49779,19,147729
32762,0.001272,172.217.160.0-255,1484,51263,19,147729
32763,0.001279,172.31.36.0-255,66,51329,19,147729
32764,0.00129,172.217.160.0-255,2902,54231,19,147729
32765,0.001293,172.31.36.0-255,66,54297,19,147729
32766,0.0013,172.217.160.0-255,5738,60035,19,147729
32767,0.001302,172.31.36.0-255,66,60101,19,147729
32768,0.001311,172.217.160.0-255,8574,68675,19,147729
32769,0.001313,172.31.36.0-255,66,68741,19,147729
32770,0.001333,172.217.160.0-255,4320,73061,19,147729
32771,0.001335,172.31.36.0-255,66,73127,19,147729
32772,0.001357,172.217.160.0-255,10692,83819,19,147729
32773,0.001359,172.31.36.0-255,66,83885,19,147729
32774,0.003003,172.217.160.0-255,5738,89623,19,147729
32775,0.003007,172.31.36.0-255,66,89689,19,147729
32776,0.004659,172.217.160.0-255,5738,95427,19,147729
32777,0.004664,172.31.36.0-255,66,95493,19,147729
32778,0.006315,172.217.160.0-255,5738,101231,19,147729
32779,0.00632,172.31.36.0-255,66,101297,19,147729
32780,0.007971,172.217.160.0-255,5738,107035,19,147729
32781,0.007978,172.31.36.0-255,66,107101,19,147729
32782,0.009633,172.217.160.0-255,5738,112839,19,147729
32783,0.00964,172.31.36.0-255,66,112905,19,147729
32784,0.011313,172.217.160.0-255,5738,118643,19,147729
32785,0.01132,172.31.36.0-255,66,118709,19,147729
32786,0.012979,172.217.160.0-255,5738,124447,19,147729
32787,0.012989,172.31.36.0-255,66,124513,19,147729
32788,0.014639,172.217.160.0-255,5738,130251,19,147729
32789,0.014646,172.31.36.0-255,66,130317,19,147729
32790,0.016308,172.217.160.0-255,5738,136055,19,147729
32791,0.016315,172.31.36.0-255,66,136121,19,147729
32792,0.017973,172.217.160.0-255,5738,141859,19,147729
32793,0.017979,172.31.36.0-255,66,141925,19,147729
32794,0.019627,172.217.160.0-255,5738,147663,19,147729
32795,0.019634,172.31.36.0-255,66,147729,19,147729
32796,0.0,74.125.200.0-255,153,153,19,308578
32797,3.3e-05,172.31.36.0-255,66,219,19,308578
32798,4.1e-05,74.125.200.0-255,1484,1703,19,308578
32799,4.5e-05,172.31.36.0-255,66,1769,19,308578
32800,5e-05,74.125.200.0-255,2902,4671,19,308578
32801,6e-05,172.31.36.0-255,66,4737,19,308578
32802,9.2e-05,74.125.200.0-255,5738,10475,19,308578
32803,9.5e-05,172.31.36.0-255,66,10541,19,308578
32804,0.00013,74.125.200.0-255,3439,13980,19,308578
32805,0.000133,172.31.36.0-255,66,14046,19,308578
32806,0.000204,74.125.200.0-255,1484,15530,19,308578
32807,0.000208,172.31.36.0-255,66,15596,19,308578
32808,0.000227,74.125.200.0-255,2902,18498,19,308578
32809,0.000231,172.31.36.0-255,66,18564,19,308578
32810,0.000257,74.125.200.0-255,4320,22884,19,308578
32811,0.000261,172.31.36.0-255,66,22950,19,308578
32812,0.000287,74.125.200.0-255,2902,25852,19,308578
32813,0.00029,172.31.36.0-255,66,25918,19,308578
32814,0.000296,74.125.200.0-255,4320,30238,19,308578
32815,0.000299,172.31.36.0-255,66,30304,19,308578
32816,0.000319,74.125.200.0-255,1125,31429,19,308578
32817,0.000322,172.31.36.0-255,66,31495,19,308578
32818,0.000348,74.125.200.0-255,1484,32979,19,308578
32819,0.000351,172.31.36.0-255,66,33045,19,308578
32820,0.000354,74.125.200.0-255,1484,34529,19,308578
32821,0.000357,172.31.36.0-255,66,34595,19,308578
32822,0.000377,74.125.200.0-255,2902,37497,19,308578
32823,0.000386,172.31.36.0-255,66,37563,19,308578
32824,0.00039,74.125.200.0-255,2902,40465,19,308578
32825,0.000392,172.31.36.0-255,66,40531,19,308578
32826,0.000397,74.125.200.0-255,2902,43433,19,308578
32827,0.0004,172.31.36.0-255,66,43499,19,308578
32828,0.000422,74.125.200.0-255,1484,44983,19,308578
32829,0.00043,74.125.200.0-255,3961,48944,19,308578
32830,0.000432,172.31.36.0-255,66,49010,19,308578
32831,0.000714,74.125.200.0-255,1484,50494,19,308578
32832,0.000722,74.125.200.0-255,2902,53396,19,308578
32833,0.000725,172.31.36.0-255,66,53462,19,308578
32834,0.00073,74.125.200.0-255,2902,56364,19,308578
32835,0.000733,172.31.36.0-255,66,56430,19,308578
32836,0.000759,74.125.200.0-255,4320,60750,19,308578
32837,0.000763,172.31.36.0-255,66,60816,19,308578
32838,0.000792,74.125.200.0-255,5960,66776,19,308578
32839,0.000795,172.31.36.0-255,66,66842,19,308578
32840,0.000837,74.125.200.0-255,7156,73998,19,308578
32841,0.00084,172.31.36.0-255,66,74064,19,308578
32842,0.000872,74.125.200.0-255,2902,76966,19,308578
32843,0.000876,172.31.36.0-255,66,77032,19,308578
32844,0.000881,74.125.200.0-255,4320,81352,19,308578
32845,0.000883,172.31.36.0-255,66,81418,19,308578
32846,0.000887,74.125.200.0-255,2543,83961,19,308578
32847,0.000895,172.31.36.0-255,66,84027,19,308578
32848,0.000955,74.125.200.0-255,2902,86929,19,308578
32849,0.000959,172.31.36.0-255,66,86995,19,308578
32850,0.000965,74.125.200.0-255,4320,91315,19,308578
32851,0.000969,172.31.36.0-255,66,91381,19,308578
32852,0.000997,74.125.200.0-255,4320,95701,19,308578
32853,0.001,172.31.36.0-255,66,95767,19,308578
32854,0.001027,74.125.200.0-255,1484,97251,19,308578
32855,0.001043,74.125.200.0-255,3961,101212,19,308578
32856,0.001046,172.31.36.0-255,66,101278,19,308578
32857,0.001476,74.125.200.0-255,1484,102762,19,308578
32858,0.001486,74.125.200.0-255,2902,105664,19,308578
32859,0.001491,172.31.36.0-255,66,105730,19,308578
32860,0.001495,74.125.200.0-255,1484,107214,19,308578
32861,0.0015,74.125.200.0-255,2902,110116,19,308578
32862,0.001501,172.31.36.0-255,66,110182,19,308578
32863,0.001536,74.125.200.0-255,5738,115920,19,308578
32864,0.001539,172.31.36.0-255,66,115986,19,308578
32865,0.001545,74.125.200.0-255,4320,120306,19,308578
32866,0.001547,172.31.36.0-255,66,120372,19,308578
32867,0.001582,74.125.200.0-255,7156,127528,19,308578
32868,0.001585,172.31.36.0-255,66,127594,19,308578
32869,0.001616,74.125.200.0-255,7856,135450,19,308578
32870,0.001619,172.31.36.0-255,66,135516,19,308578
32871,0.001643,74.125.200.0-255,1484,137000,19,308578
32872,0.001656,74.125.200.0-255,2902,139902,19,308578
32873,0.001659,172.31.36.0-255,66,139968,19,308578
32874,0.001681,74.125.200.0-255,5738,145706,19,308578
32875,0.001684,172.31.36.0-255,66,145772,19,308578
32876,0.001725,172.31.36.0-255,66,145838,19,308578
32877,0.001735,74.125.200.0-255,9992,155830,19,308578
32878,0.001738,172.31.36.0-255,66,155896,19,308578
32879,0.001754,74.125.200.0-255,2184,158080,19,308578
32880,0.001761,172.31.36.0-255,66,158146,19,308578
32881,0.001844,74.125.200.0-255,1484,159630,19,308578
32882,0.001857,74.125.200.0-255,1484,161114,19,308578
32883,0.001861,172.31.36.0-255,66,161180,19,308578
32884,0.001886,74.125.200.0-255,1484,162664,19,308578
32885,0.001892,74.125.200.0-255,5738,168402,19,308578
32886,0.001894,172.31.36.0-255,66,168468,19,308578
32887,0.001897,74.125.200.0-255,1484,169952,19,308578
32888,0.001922,74.125.200.0-255,9992,179944,19,308578
32889,0.001924,172.31.36.0-255,66,180010,19,308578
32890,0.001931,74.125.200.0-255,7156,187166,19,308578
32891,0.001934,172.31.36.0-255,66,187232,19,308578
32892,0.001956,74.125.200.0-255,5020,192252,19,308578
32893,0.001958,172.31.36.0-255,66,192318,19,308578
32894,0.001985,74.125.200.0-255,1484,193802,19,308578
32895,0.00199,74.125.200.0-255,2902,196704,19,308578
32896,0.001992,172.31.36.0-255,66,196770,19,308578
32897,0.002003,74.125.200.0-255,1484,198254,19,308578
32898,0.002018,74.125.200.0-255,2902,201156,19,308578
32899,0.002021,172.31.36.0-255,66,201222,19,308578
32900,0.002051,74.125.200.0-255,8574,209796,19,308578
32901,0.002054,172.31.36.0-255,66,209862,19,308578
32902,0.002079,74.125.200.0-255,7156,217018,19,308578
32903,0.002082,172.31.36.0-255,66,217084,19,308578
32904,0.002104,74.125.200.0-255,1484,218568,19,308578
32905,0.002112,74.125.200.0-255,7856,226424,19,308578
32906,0.002114,172.31.36.0-255,66,226490,19,308578
32907,0.002156,74.125.200.0-255,5738,232228,19,308578
32908,0.002158,172.31.36.0-255,66,232294,19,308578
32909,0.00218,74.125.200.0-255,1484,233778,19,308578
32910,0.002193,74.125.200.0-255,8574,242352,19,308578
32911,0.002196,172.31.36.0-255,66,242418,19,308578
32912,0.002199,74.125.200.0-255,1484,243902,19,308578
32913,0.002225,74.125.200.0-255,8574,252476,19,308578
32914,0.002228,172.31.36.0-255,66,252542,19,308578
32915,0.002244,74.125.200.0-255,2902,255444,19,308578
32916,0.002247,172.31.36.0-255,66,255510,19,308578
32917,0.002279,74.125.200.0-255,7856,263366,19,308578
32918,0.002281,172.31.36.0-255,66,263432,19,308578
32919,0.002287,74.125.200.0-255,5738,269170,19,308578
32920,0.002289,172.31.36.0-255,66,269236,19,308578
32921,0.002296,74.125.200.0-255,1484,270720,19,308578
32922,0.004525,74.125.200.0-255,2902,273622,19,308578
32923,0.00453,172.31.36.0-255,66,273688,19,308578
32924,0.004558,74.125.200.0-255,1484,275172,19,308578
32925,0.006772,74.125.200.0-255,4320,279492,19,308578
32926,0.006779,172.31.36.0-255,66,279558,19,308578
32927,0.009026,74.125.200.0-255,5738,285296,19,308578
32928,0.009032,172.31.36.0-255,66,285362,19,308578
32929,0.011276,74.125.200.0-255,5738,291100,19,308578
32930,0.011283,172.31.36.0-255,66,291166,19,308578
32931,0.013534,74.125.200.0-255,5738,296904,19,308578
32932,0.013541,172.31.36.0-255,66,296970,19,308578
32933,0.015802,74.125.200.0-255,5738,302708,19,308578
32934,0.015811,172.31.36.0-255,66,302774,19,308578
32935,0.01807,74.125.200.0-255,5738,308512,19,308578
32936,0.018077,172.31.36.0-255,66,308578,19,308578
32937,0.0,74.125.24.0-255,153,153,19,196476
32938,2.3e-05,172.31.36.0-255,66,219,19,196476
32939,3e-05,74.125.24.0-255,1484,1703,19,196476
32940,3.3e-05,172.31.36.0-255,66,1769,19,196476
32941,3.8e-05,74.125.24.0-255,2902,4671,19,196476
32942,4e-05,172.31.36.0-255,66,4737,19,196476
32943,4.3e-05,74.125.24.0-255,1484,6221,19,196476
32944,4.5e-05,172.31.36.0-255,66,6287,19,196476
32945,6.3e-05,74.125.24.0-255,5738,12025,19,196476
32946,6.6e-05,172.31.36.0-255,66,12091,19,196476
32947,6.9e-05,74.125.24.0-255,2004,14095,19,196476
32948,7.2e-05,172.31.36.0-255,66,14161,19,196476
32949,0.00014,74.125.24.0-255,1484,15645,19,196476
32950,0.000144,172.31.36.0-255,66,15711,19,196476
32951,0.000169,74.125.24.0-255,2902,18613,19,196476
32952,0.000172,172.31.36.0-255,66,18679,19,196476
32953,0.000179,74.125.24.0-255,5738,24417,19,196476
32954,0.000181,172.31.36.0-255,66,24483,19,196476
32955,0.000221,74.125.24.0-255,5738,30221,19,196476
32956,0.000223,172.31.36.0-255,66,30287,19,196476
32957,0.000237,74.125.24.0-255,1125,31412,19,196476
32958,0.000239,172.31.36.0-255,66,31478,19,196476
32959,0.000266,74.125.24.0-255,1484,32962,19,196476
32960,0.000268,172.31.36.0-255,66,33028,19,196476
32961,0.000273,74.125.24.0-255,2902,35930,19,196476
32962,0.000275,172.31.36.0-255,66,35996,19,196476
32963,0.000278,74.125.24.0-255,1484,37480,19,196476
32964,0.000281,172.31.36.0-255,66,37546,19,196476
32965,0.000301,74.125.24.0-255,4320,41866,19,196476
32966,0.000304,172.31.36.0-255,66,41932,19,196476
32967,0.000309,74.125.24.0-255,2902,44834,19,196476
32968,0.000312,172.31.36.0-255,66,44900,19,196476
32969,0.000337,74.125.24.0-255,9633,54533,19,196476
32970,0.000341,172.31.36.0-255,66,54599,19,196476
32971,0.000382,172.31.36.0-255,66,54665,19,196476
32972,0.000384,74.125.24.0-255,364,55029,19,196476
32973,0.000425,74.125.24.0-255,131,55160,19,196476
32974,0.000488,74.125.24.0-255,348,55508,19,196476
32975,0.000812,172.31.36.0-255,66,55574,19,196476
32976,0.000934,74.125.24.0-255,1484,57058,19,196476
32977,0.000944,74.125.24.0-255,2902,59960,19,196476
32978,0.000948,172.31.36.0-255,66,60026,19,196476
32979,0.000956,74.125.24.0-255,5738,65764,19,196476
32980,0.000958,172.31.36.0-255,66,65830,19,196476
32981,0.000963,74.125.24.0-255,2902,68732,19,196476
32982,0.000966,172.31.36.0-255,66,68798,19,196476
32983,0.001011,74.125.24.0-255,9992,78790,19,196476
32984,0.001015,172.31.36.0-255,66,78856,19,196476
32985,0.001019,74.125.24.0-255,1484,80340,19,196476
32986,0.001039,74.125.24.0-255,9274,89614,19,196476
32987,0.001042,172.31.36.0-255,66,89680,19,196476
32988,0.001172,74.125.24.0-255,1484,91164,19,196476
32989,0.00118,74.125.24.0-255,2902,94066,19,196476
32990,0.001184,172.31.36.0-255,66,94132,19,196476
32991,0.001207,74.125.24.0-255,5738,99870,19,196476
32992,0.00121,172.31.36.0-255,66,99936,19,196476
32993,0.001237,172.31.36.0-255,66,100002,19,196476
32994,0.001255,74.125.24.0-255,1484,101486,19,196476
32995,0.00126,74.125.24.0-255,2902,104388,19,196476
32996,0.001262,172.31.36.0-255,66,104454,19,196476
32997,0.001266,74.125.24.0-255,2902,107356,19,196476
32998,0.001268,172.31.36.0-255,66,107422,19,196476
32999,0.001286,74.125.24.0-255,5020,112442,19,196476
33000,0.001289,172.31.36.0-255,66,112508,19,196476
33001,0.001731,74.125.24.0-255,1484,113992,19,196476
33002,0.001737,74.125.24.0-255,2902,116894,19,196476
33003,0.001741,172.31.36.0-255,66,116960,19,196476
33004,0.001763,74.125.24.0-255,5738,122698,19,196476
33005,0.001766,172.31.36.0-255,66,122764,19,196476
33006,0.001796,172.31.36.0-255,66,122830,19,196476
33007,0.001808,172.31.36.0-255,66,122896,19,196476
33008,0.001829,74.125.24.0-255,766,123662,19,196476
33009,0.001959,74.125.24.0-255,1484,125146,19,196476
33010,0.001962,172.31.36.0-255,66,125212,19,196476
33011,0.001966,74.125.24.0-255,2902,128114,19,196476
33012,0.001968,172.31.36.0-255,66,128180,19,196476
33013,0.001971,74.125.24.0-255,1484,129664,19,196476
33014,0.001989,74.125.24.0-255,2902,132566,19,196476
33015,0.001991,172.31.36.0-255,66,132632,19,196476
33016,0.001995,74.125.24.0-255,2902,135534,19,196476
33017,0.001997,172.31.36.0-255,66,135600,19,196476
33018,0.002023,74.125.24.0-255,8574,144174,19,196476
33019,0.002025,172.31.36.0-255,66,144240,19,196476
33020,0.003984,74.125.24.0-255,5738,149978,19,196476
33021,0.00399,172.31.36.0-255,66,150044,19,196476
33022,0.005963,74.125.24.0-255,5738,155782,19,196476
33023,0.005968,172.31.36.0-255,66,155848,19,196476
33024,0.007943,74.125.24.0-255,5738,161586,19,196476
33025,0.007949,172.31.36.0-255,66,161652,19,196476
33026,0.009907,74.125.24.0-255,5738,167390,19,196476
33027,0.009914,172.31.36.0-255,66,167456,19,196476
33028,0.011885,74.125.24.0-255,5738,173194,19,196476
33029,0.011892,172.31.36.0-255,66,173260,19,196476
33030,0.013874,74.125.24.0-255,5738,178998,19,196476
33031,0.013883,172.31.36.0-255,66,179064,19,196476
33032,0.015895,74.125.24.0-255,5738,184802,19,196476
33033,0.015901,172.31.36.0-255,66,184868,19,196476
33034,0.017896,74.125.24.0-255,5738,190606,19,196476
33035,0.017902,172.31.36.0-255,66,190672,19,196476
33036,0.019865,74.125.24.0-255,5738,196410,19,196476
33037,0.019872,172.31.36.0-255,66,196476,19,196476
33038,0.0,74.125.130.0-255,156,156,19,266242
33039,3.5e-05,172.31.36.0-255,66,222,19,266242
33040,4.2e-05,74.125.130.0-255,1484,1706,19,266242
33041,4.7e-05,172.31.36.0-255,66,1772,19,266242
33042,5e-05,74.125.130.0-255,1484,3256,19,266242
33043,6e-05,172.31.36.0-255,66,3322,19,266242
33044,6.5e-05,74.125.130.0-255,2902,6224,19,266242
33045,6.8e-05,172.31.36.0-255,66,6290,19,266242
33046,7.3e-05,74.125.130.0-255,2902,9192,19,266242
33047,7.5e-05,172.31.36.0-255,66,9258,19,266242
33048,0.000112,74.125.130.0-255,2902,12160,19,266242
33049,0.000115,172.31.36.0-255,66,12226,19,266242
33050,0.000119,74.125.130.0-255,2048,14274,19,266242
33051,0.000122,172.31.36.0-255,66,14340,19,266242
33052,0.000126,74.125.130.0-255,2902,17242,19,266242
33053,0.000133,172.31.36.0-255,66,17308,19,266242
33054,0.000138,74.125.130.0-255,4320,21628,19,266242
33055,0.00014,172.31.36.0-255,66,21694,19,266242
33056,0.000169,74.125.130.0-255,5738,27432,19,266242
33057,0.000178,172.31.36.0-255,66,27498,19,266242
33058,0.000211,74.125.130.0-255,3961,31459,19,266242
33059,0.000214,172.31.36.0-255,66,31525,19,266242
33060,0.000377,74.125.130.0-255,1484,33009,19,266242
33061,0.000381,172.31.36.0-255,66,33075,19,266242
33062,0.000384,74.125.130.0-255,1484,34559,19,266242
33063,0.000386,172.31.36.0-255,66,34625,19,266242
33064,0.000412,74.125.130.0-255,2902,37527,19,266242
33065,0.000415,172.31.36.0-255,66,37593,19,266242
33066,0.000444,74.125.130.0-255,5738,43331,19,266242
33067,0.000448,172.31.36.0-255,66,43397,19,266242
33068,0.000451,74.125.130.0-255,1484,44881,19,266242
33069,0.000452,172.31.36.0-255,66,44947,19,266242
33070,0.000457,74.125.130.0-255,1484,46431,19,266242
33071,0.000474,74.125.130.0-255,1484,47915,19,266242
33072,0.000479,172.31.36.0-255,66,47981,19,266242
33073,0.000511,74.125.130.0-255,2543,50524,19,266242
33074,0.000515,172.31.36.0-255,66,50590,19,266242
33075,0.000519,74.125.130.0-255,2902,53492,19,266242
33076,0.000521,172.31.36.0-255,66,53558,19,266242
33077,0.000554,74.125.130.0-255,5738,59296,19,266242
33078,0.000557,172.31.36.0-255,66,59362,19,266242
33079,0.000582,74.125.130.0-255,1484,60846,19,266242
33080,0.000607,74.125.130.0-255,5668,66514,19,266242
33081,0.00061,172.31.36.0-255,66,66580,19,266242
33082,0.000638,74.125.130.0-255,102,66682,19,266242
33083,0.000835,74.125.130.0-255,1484,68166,19,266242
33084,0.000839,172.31.36.0-255,66,68232,19,266242
33085,0.000866,74.125.130.0-255,1484,69716,19,266242
33086,0.000871,74.125.130.0-255,2902,72618,19,266242
33087,0.000874,172.31.36.0-255,66,72684,19,266242
33088,0.000899,74.125.130.0-255,4320,77004,19,266242
33089,0.000902,172.31.36.0-255,66,77070,19,266242
33090,0.000925,74.125.130.0-255,1484,78554,19,266242
33091,0.000929,74.125.130.0-255,1484,80038,19,266242
33092,0.000931,172.31.36.0-255,66,80104,19,266242
33093,0.000959,74.125.130.0-255,5738,85842,19,266242
33094,0.000962,172.31.36.0-255,66,85908,19,266242
33095,0.000967,74.125.130.0-255,2902,88810,19,266242
33096,0.000968,172.31.36.0-255,66,88876,19,266242
33097,0.00103,74.125.130.0-255,4320,93196,19,266242
33098,0.001034,74.125.130.0-255,2902,96098,19,266242
33099,0.001035,172.31.36.0-255,66,96164,19,266242
33100,0.001038,74.125.130.0-255,4320,100484,19,266242
33101,0.001039,172.31.36.0-255,66,100550,19,266242
33102,0.00104,74.125.130.0-255,766,101316,19,266242
33103,0.001042,172.31.36.0-255,66,101382,19,266242
33104,0.001138,172.31.36.0-255,66,101448,19,266242
33105,0.001168,74.125.130.0-255,1484,102932,19,266242
33106,0.001175,74.125.130.0-255,2902,105834,19,266242
33107,0.001178,172.31.36.0-255,66,105900,19,266242
33108,0.001205,74.125.130.0-255,4320,110220,19,266242
33109,0.001208,172.31.36.0-255,66,110286,19,266242
33110,0.001234,74.125.130.0-255,1484,111770,19,266242
33111,0.001243,74.125.130.0-255,6512,118282,19,266242
33112,0.001245,172.31.36.0-255,66,118348,19,266242
33113,0.00127,74.125.130.0-255,1484,119832,19,266242
33114,0.001282,74.125.130.0-255,2902,122734,19,266242
33115,0.001285,172.31.36.0-255,66,122800,19,266242
33116,0.001311,74.125.130.0-255,2902,125702,19,266242
33117,0.001314,172.31.36.0-255,66,125768,19,266242
33118,0.001319,74.125.130.0-255,2902,128670,19,266242
33119,0.001321,172.31.36.0-255,66,128736,19,266242
33120,0.001341,74.125.130.0-255,1484,130220,19,266242
33121,0.001347,74.125.130.0-255,2902,133122,19,266242
33122,0.001351,172.31.36.0-255,66,133188,19,266242
33123,0.001388,74.125.130.0-255,5738,138926,19,266242
33124,0.001391,172.31.36.0-255,66,138992,19,266242
33125,0.001396,74.125.130.0-255,2902,141894,19,266242
33126,0.001398,172.31.36.0-255,66,141960,19,266242
33127,0.001429,74.125.130.0-255,10692,152652,19,266242
33128,0.001432,172.31.36.0-255,66,152718,19,266242
33129,0.001493,74.125.130.0-255,1484,154202,19,266242
33130,0.001509,74.125.130.0-255,2902,157104,19,266242
33131,0.001513,172.31.36.0-255,66,157170,19,266242
33132,0.001532,74.125.130.0-255,4320,161490,19,266242
33133,0.001534,172.31.36.0-255,66,161556,19,266242
33134,0.001567,74.125.130.0-255,8574,170130,19,266242
33135,0.001571,172.31.36.0-255,66,170196,19,266242
33136,0.001575,74.125.130.0-255,2902,173098,19,266242
33137,0.001578,172.31.36.0-255,66,173164,19,266242
33138,0.001613,74.125.130.0-255,2902,176066,19,266242
33139,0.001616,172.31.36.0-255,66,176132,19,266242
33140,0.001647,74.125.130.0-255,9992,186124,19,266242
33141,0.00165,74.125.130.0-255,766,186890,19,266242
33142,0.001652,172.31.36.0-255,66,186956,19,266242
33143,0.001822,74.125.130.0-255,1484,188440,19,266242
33144,0.001827,172.31.36.0-255,66,188506,19,266242
33145,0.00185,74.125.130.0-255,2902,191408,19,266242
33146,0.001857,172.31.36.0-255,66,191474,19,266242
33147,0.001867,74.125.130.0-255,1484,192958,19,266242
33148,0.001883,74.125.130.0-255,2902,195860,19,266242
33149,0.001886,172.31.36.0-255,66,195926,19,266242
33150,0.001913,74.125.130.0-255,5738,201664,19,266242
33151,0.001917,172.31.36.0-255,66,201730,19,266242
33152,0.00192,74.125.130.0-255,1484,203214,19,266242
33153,0.001924,74.125.130.0-255,2902,206116,19,266242
33154,0.001926,172.31.36.0-255,66,206182,19,266242
33155,0.001957,74.125.130.0-255,5738,211920,19,266242
33156,0.00196,172.31.36.0-255,66,211986,19,266242
33157,0.001984,74.125.130.0-255,1484,213470,19,266242
33158,0.00199,74.125.130.0-255,2902,216372,19,266242
33159,0.001992,172.31.36.0-255,66,216438,19,266242
33160,0.00202,74.125.130.0-255,2902,219340,19,266242
33161,0.002023,172.31.36.0-255,66,219406,19,266242
33162,0.002069,74.125.130.0-255,2184,221590,19,266242
33163,0.002073,172.31.36.0-255,66,221656,19,266242
33164,0.004253,74.125.130.0-255,2902,224558,19,266242
33165,0.00426,172.31.36.0-255,66,224624,19,266242
33166,0.004303,74.125.130.0-255,2902,227526,19,266242
33167,0.004306,172.31.36.0-255,66,227592,19,266242
33168,0.006484,74.125.130.0-255,2902,230494,19,266242
33169,0.00649,172.31.36.0-255,66,230560,19,266242
33170,0.006521,74.125.130.0-255,1484,232044,19,266242
33171,0.006536,74.125.130.0-255,1484,233528,19,266242
33172,0.006539,172.31.36.0-255,66,233594,19,266242
33173,0.008723,74.125.130.0-255,2902,236496,19,266242
33174,0.00873,172.31.36.0-255,66,236562,19,266242
33175,0.008762,74.125.130.0-255,2902,239464,19,266242
33176,0.008766,172.31.36.0-255,66,239530,19,266242
33177,0.010959,74.125.130.0-255,2902,242432,19,266242
33178,0.010966,172.31.36.0-255,66,242498,19,266242
33179,0.011005,74.125.130.0-255,2902,245400,19,266242
33180,0.011008,172.31.36.0-255,66,245466,19,266242
33181,0.013206,74.125.130.0-255,2902,248368,19,266242
33182,0.013212,172.31.36.0-255,66,248434,19,266242
33183,0.013251,74.125.130.0-255,2902,251336,19,266242
33184,0.013255,172.31.36.0-255,66,251402,19,266242
33185,0.015456,74.125.130.0-255,2902,254304,19,266242
33186,0.015464,172.31.36.0-255,66,254370,19,266242
33187,0.015504,74.125.130.0-255,2902,257272,19,266242
33188,0.015507,172.31.36.0-255,66,257338,19,266242
33189,0.017701,74.125.130.0-255,2902,260240,19,266242
33190,0.01771,172.31.36.0-255,66,260306,19,266242
33191,0.017748,74.125.130.0-255,2902,263208,19,266242
33192,0.017751,172.31.36.0-255,66,263274,19,266242
33193,0.019962,74.125.130.0-255,2902,266176,19,266242
33194,0.019972,172.31.36.0-255,66,266242,19,266242
33195,0.0,74.125.24.0-255,143,143,19,241473
33196,2.6e-05,172.31.36.0-255,66,209,19,241473
33197,3.2e-05,74.125.24.0-255,1484,1693,19,241473
33198,3.6e-05,172.31.36.0-255,66,1759,19,241473
33199,4.1e-05,74.125.24.0-255,2902,4661,19,241473
33200,4.5e-05,172.31.36.0-255,66,4727,19,241473
33201,5.9e-05,74.125.24.0-255,7156,11883,19,241473
33202,6.2e-05,172.31.36.0-255,66,11949,19,241473
33203,8.6e-05,74.125.24.0-255,2075,14024,19,241473
33204,8.9e-05,172.31.36.0-255,66,14090,19,241473
33205,0.000114,74.125.24.0-255,2902,16992,19,241473
33206,0.000118,172.31.36.0-255,66,17058,19,241473
33207,0.000123,74.125.24.0-255,4320,21378,19,241473
33208,0.000126,172.31.36.0-255,66,21444,19,241473
33209,0.000157,74.125.24.0-255,2902,24346,19,241473
33210,0.00016,172.31.36.0-255,66,24412,19,241473
33211,0.000167,74.125.24.0-255,5738,30150,19,241473
33212,0.00017,172.31.36.0-255,66,30216,19,241473
33213,0.000173,74.125.24.0-255,1125,31341,19,241473
33214,0.000175,172.31.36.0-255,66,31407,19,241473
33215,0.000211,74.125.24.0-255,1484,32891,19,241473
33216,0.000213,172.31.36.0-255,66,32957,19,241473
33217,0.000218,74.125.24.0-255,2902,35859,19,241473
33218,0.000221,172.31.36.0-255,66,35925,19,241473
33219,0.000252,74.125.24.0-255,1484,37409,19,241473
33220,0.000256,172.31.36.0-255,66,37475,19,241473
33221,0.000262,74.125.24.0-255,5738,43213,19,241473
33222,0.000265,172.31.36.0-255,66,43279,19,241473
33223,0.000295,74.125.24.0-255,5379,48658,19,241473
33224,0.0003,172.31.36.0-255,66,48724,19,241473
33225,0.000337,74.125.24.0-255,5738,54462,19,241473
33226,0.00034,172.31.36.0-255,66,54528,19,241473
33227,0.000355,172.31.36.0-255,66,54594,19,241473
33228,0.00038,74.125.24.0-255,363,54957,19,241473
33229,0.000416,74.125.24.0-255,380,55337,19,241473
33230,0.00072,74.125.24.0-255,1484,56821,19,241473
33231,0.000726,172.31.36.0-255,66,56887,19,241473
33232,0.000734,74.125.24.0-255,2902,59789,19,241473
33233,0.000739,74.125.24.0-255,4320,64109,19,241473
33234,0.000745,172.31.36.0-255,66,64175,19,241473
33235,0.000762,74.125.24.0-255,1484,65659,19,241473
33236,0.000769,74.125.24.0-255,5738,71397,19,241473
33237,0.000784,172.31.36.0-255,66,71463,19,241473
33238,0.000791,74.125.24.0-255,7156,78619,19,241473
33239,0.000797,74.125.24.0-255,5738,84357,19,241473
33240,0.0008,172.31.36.0-255,66,84423,19,241473
33241,0.000829,74.125.24.0-255,5020,89443,19,241473
33242,0.000848,172.31.36.0-255,66,89509,19,241473
33243,0.000917,74.125.24.0-255,1484,90993,19,241473
33244,0.000934,74.125.24.0-255,2902,93895,19,241473
33245,0.000938,172.31.36.0-255,66,93961,19,241473
33246,0.000944,74.125.24.0-255,4320,98281,19,241473
33247,0.000956,172.31.36.0-255,66,98347,19,241473
33248,0.000998,74.125.24.0-255,5738,104085,19,241473
33249,0.001004,172.31.36.0-255,66,104151,19,241473
33250,0.001028,74.125.24.0-255,1994,106145,19,241473
33251,0.001038,172.31.36.0-255,66,106211,19,241473
33252,0.00106,74.125.24.0-255,1484,107695,19,241473
33253,0.001065,74.125.24.0-255,2902,110597,19,241473
33254,0.001069,172.31.36.0-255,66,110663,19,241473
33255,0.0011,74.125.24.0-255,5738,116401,19,241473
33256,0.001109,74.125.24.0-255,8574,124975,19,241473
33257,0.001111,172.31.36.0-255,66,125041,19,241473
33258,0.001115,172.31.36.0-255,66,125107,19,241473
33259,0.001155,74.125.24.0-255,5738,130845,19,241473
33260,0.00117,172.31.36.0-255,66,130911,19,241473
33261,0.001176,74.125.24.0-255,9274,140185,19,241473
33262,0.001184,172.31.36.0-255,66,140251,19,241473
33263,0.001779,74.125.24.0-255,1484,141735,19,241473
33264,0.001789,74.125.24.0-255,2902,144637,19,241473
33265,0.001794,172.31.36.0-255,66,144703,19,241473
33266,0.001802,74.125.24.0-255,5738,150441,19,241473
33267,0.001833,74.125.24.0-255,9992,160433,19,241473
33268,0.001868,74.125.24.0-255,5738,166171,19,241473
33269,0.001877,172.31.36.0-255,66,166237,19,241473
33270,0.001912,74.125.24.0-255,7856,174093,19,241473
33271,0.001923,74.125.24.0-255,9992,184085,19,241473
33272,0.001941,74.125.24.0-255,4320,188405,19,241473
33273,0.001982,74.125.24.0-255,2902,191307,19,241473
33274,0.001987,74.125.24.0-255,3602,194909,19,241473
33275,0.001996,172.31.36.0-255,66,194975,19,241473
33276,0.002008,74.125.24.0-255,5738,200713,19,241473
33277,0.002028,172.31.36.0-255,66,200779,19,241473
33278,0.002099,172.31.36.0-255,66,200845,19,241473
33279,0.004174,74.125.24.0-255,5738,206583,19,241473
33280,0.00418,172.31.36.0-255,66,206649,19,241473
33281,0.006264,74.125.24.0-255,5738,212387,19,241473
33282,0.006271,172.31.36.0-255,66,212453,19,241473
33283,0.008331,74.125.24.0-255,5738,218191,19,241473
33284,0.008339,172.31.36.0-255,66,218257,19,241473
33285,0.010427,74.125.24.0-255,5738,223995,19,241473
33286,0.011939,172.31.36.0-255,66,224061,19,241473
33287,0.014027,74.125.24.0-255,5738,229799,19,241473
33288,0.014042,172.31.36.0-255,66,229865,19,241473
33289,0.016144,74.125.24.0-255,5738,235603,19,241473
33290,0.016153,172.31.36.0-255,66,235669,19,241473
33291,0.01822,74.125.24.0-255,5738,241407,19,241473
33292,0.018228,172.31.36.0-255,66,241473,19,241473
33293,0.0,74.125.68.0-255,143,143,19,204169
33294,3.7e-05,172.31.36.0-255,66,209,19,204169
33295,4.5e-05,74.125.68.0-255,1484,1693,19,204169
33296,4.9e-05,172.31.36.0-255,66,1759,19,204169
33297,5.4e-05,74.125.68.0-255,2902,4661,19,204169
33298,5.7e-05,172.31.36.0-255,66,4727,19,204169
33299,6.4e-05,74.125.68.0-255,7156,11883,19,204169
33300,6.8e-05,172.31.36.0-255,66,11949,19,204169
33301,7.1e-05,74.125.68.0-255,2054,14003,19,204169
33302,7.4e-05,172.31.36.0-255,66,14069,19,204169
33303,0.000124,74.125.68.0-255,1484,15553,19,204169
33304,0.000127,172.31.36.0-255,66,15619,19,204169
33305,0.000132,74.125.68.0-255,2902,18521,19,204169
33306,0.000135,172.31.36.0-255,66,18587,19,204169
33307,0.000153,74.125.68.0-255,4320,22907,19,204169
33308,0.000155,172.31.36.0-255,66,22973,19,204169
33309,0.000176,74.125.68.0-255,1484,24457,19,204169
33310,0.000178,172.31.36.0-255,66,24523,19,204169
33311,0.000187,74.125.68.0-255,6797,31320,19,204169
33312,0.000191,172.31.36.0-255,66,31386,19,204169
33313,0.000258,74.125.68.0-255,1484,32870,19,204169
33314,0.000261,172.31.36.0-255,66,32936,19,204169
33315,0.000273,74.125.68.0-255,1484,34420,19,204169
33316,0.000276,172.31.36.0-255,66,34486,19,204169
33317,0.000281,74.125.68.0-255,2902,37388,19,204169
33318,0.000284,172.31.36.0-255,66,37454,19,204169
33319,0.000316,74.125.68.0-255,5738,43192,19,204169
33320,0.00032,172.31.36.0-255,66,43258,19,204169
33321,0.000324,74.125.68.0-255,2902,46160,19,204169
33322,0.000329,172.31.36.0-255,66,46226,19,204169
33323,0.000343,74.125.68.0-255,5379,51605,19,204169
33324,0.000346,172.31.36.0-255,66,51671,19,204169
33325,0.000353,74.125.68.0-255,7156,58827,19,204169
33326,0.000367,172.31.36.0-255,66,58893,19,204169
33327,0.000372,74.125.68.0-255,1484,60377,19,204169
33328,0.000377,74.125.68.0-255,2902,63279,19,204169
33329,0.000381,172.31.36.0-255,66,63345,19,204169
33330,0.000402,74.125.68.0-255,2543,65888,19,204169
33331,0.000405,74.125.68.0-255,414,66302,19,204169
33332,0.000406,172.31.36.0-255,66,66368,19,204169
33333,0.00045,74.125.68.0-255,329,66697,19,204169
33334,0.000726,74.125.68.0-255,1484,68181,19,204169
33335,0.00073,172.31.36.0-255,66,68247,19,204169
33336,0.000736,74.125.68.0-255,2902,71149,19,204169
33337,0.000744,172.31.36.0-255,66,71215,19,204169
33338,0.000751,74.125.68.0-255,2902,74117,19,204169
33339,0.000756,172.31.36.0-255,66,74183,19,204169
33340,0.000766,74.125.68.0-255,2902,77085,19,204169
33341,0.000771,172.31.36.0-255,66,77151,19,204169
33342,0.000791,74.125.68.0-255,5738,82889,19,204169
33343,0.000798,74.125.68.0-255,5738,88627,19,204169
33344,0.000802,172.31.36.0-255,66,88693,19,204169
33345,0.000818,74.125.68.0-255,1484,90177,19,204169
33346,0.000832,74.125.68.0-255,5738,95915,19,204169
33347,0.000835,172.31.36.0-255,66,95981,19,204169
33348,0.000859,74.125.68.0-255,5020,101001,19,204169
33349,0.00088,172.31.36.0-255,66,101067,19,204169
33350,0.00098,74.125.68.0-255,1484,102551,19,204169
33351,0.000994,74.125.68.0-255,2902,105453,19,204169
33352,0.001008,172.31.36.0-255,66,105519,19,204169
33353,0.001009,74.125.68.0-255,5738,111257,19,204169
33354,0.001013,172.31.36.0-255,66,111323,19,204169
33355,0.001048,74.125.68.0-255,5738,117061,19,204169
33356,0.001052,172.31.36.0-255,66,117127,19,204169
33357,0.001059,74.125.68.0-255,7156,124283,19,204169
33358,0.001067,172.31.36.0-255,66,124349,19,204169
33359,0.001095,74.125.68.0-255,5738,130087,19,204169
33360,0.001099,172.31.36.0-255,66,130153,19,204169
33361,0.001118,74.125.68.0-255,5020,135173,19,204169
33362,0.001125,172.31.36.0-255,66,135239,19,204169
33363,0.001478,74.125.68.0-255,1484,136723,19,204169
33364,0.001487,74.125.68.0-255,2902,139625,19,204169
33365,0.001491,172.31.36.0-255,66,139691,19,204169
33366,0.001497,74.125.68.0-255,2902,142593,19,204169
33367,0.001515,74.125.68.0-255,1484,144077,19,204169
33368,0.001519,74.125.68.0-255,2902,146979,19,204169
33369,0.001534,74.125.68.0-255,5738,152717,19,204169
33370,0.001552,74.125.68.0-255,2902,155619,19,204169
33371,0.001575,74.125.68.0-255,4320,159939,19,204169
33372,0.001583,74.125.68.0-255,8574,168513,19,204169
33373,0.001586,74.125.68.0-255,766,169279,19,204169
33374,0.002133,172.31.36.0-255,66,169345,19,204169
33375,0.004725,74.125.68.0-255,5738,175083,19,204169
33376,0.004731,172.31.36.0-255,66,175149,19,204169
33377,0.00733,74.125.68.0-255,5738,180887,19,204169
33378,0.007336,172.31.36.0-255,66,180953,19,204169
33379,0.009936,74.125.68.0-255,5738,186691,19,204169
33380,0.009945,172.31.36.0-255,66,186757,19,204169
33381,0.012557,74.125.68.0-255,5738,192495,19,204169
33382,0.012565,172.31.36.0-255,66,192561,19,204169
33383,0.015168,74.125.68.0-255,5738,198299,19,204169
33384,0.015176,172.31.36.0-255,66,198365,19,204169
33385,0.017794,74.125.68.0-255,5738,204103,19,204169
33386,0.017806,172.31.36.0-255,66,204169,19,204169
33387,0.0,172.217.194.0-255,153,153,19,212584
33388,3.4e-05,172.31.36.0-255,66,219,19,212584
33389,4.1e-05,172.217.194.0-255,1484,1703,19,212584
33390,4.6e-05,172.31.36.0-255,66,1769,19,212584
33391,5e-05,172.217.194.0-255,2902,4671,19,212584
33392,6.3e-05,172.31.36.0-255,66,4737,19,212584
33393,7.1e-05,172.217.194.0-255,7156,11893,19,212584
33394,7.5e-05,172.31.36.0-255,66,11959,19,212584
33395,7.8e-05,172.217.194.0-255,2039,13998,19,212584
33396,8.1e-05,172.31.36.0-255,66,14064,19,212584
33397,0.000114,172.217.194.0-255,2902,16966,19,212584
33398,0.000117,172.31.36.0-255,66,17032,19,212584
33399,0.000122,172.217.194.0-255,2902,19934,19,212584
33400,0.000124,172.31.36.0-255,66,20000,19,212584
33401,0.000129,172.217.194.0-255,4320,24320,19,212584
33402,0.000131,172.31.36.0-255,66,24386,19,212584
33403,0.000162,172.217.194.0-255,2902,27288,19,212584
33404,0.000165,172.31.36.0-255,66,27354,19,212584
33405,0.000171,172.217.194.0-255,3961,31315,19,212584
33406,0.000173,172.31.36.0-255,66,31381,19,212584
33407,0.00024,172.217.194.0-255,1484,32865,19,212584
33408,0.000243,172.31.36.0-255,66,32931,19,212584
33409,0.000248,172.217.194.0-255,2902,35833,19,212584
33410,0.00025,172.31.36.0-255,66,35899,19,212584
33411,0.000278,172.217.194.0-255,5738,41637,19,212584
33412,0.000281,172.31.36.0-255,66,41703,19,212584
33413,0.000287,172.217.194.0-255,4320,46023,19,212584
33414,0.000289,172.31.36.0-255,66,46089,19,212584
33415,0.000341,172.31.36.0-255,66,46155,19,212584
33416,0.000348,172.217.194.0-255,6797,52952,19,212584
33417,0.000351,172.31.36.0-255,66,53018,19,212584
33418,0.000374,172.217.194.0-255,376,53394,19,212584
33419,0.000401,172.217.194.0-255,366,53760,19,212584
33420,0.000644,172.217.194.0-255,1484,55244,19,212584
33421,0.000648,172.31.36.0-255,66,55310,19,212584
33422,0.000652,172.217.194.0-255,1484,56794,19,212584
33423,0.000678,172.217.194.0-255,1484,58278,19,212584
33424,0.000681,172.31.36.0-255,66,58344,19,212584
33425,0.000688,172.217.194.0-255,5738,64082,19,212584
33426,0.00069,172.31.36.0-255,66,64148,19,212584
33427,0.000714,172.31.36.0-255,66,64214,19,212584
33428,0.000716,172.217.194.0-255,8574,72788,19,212584
33429,0.000719,172.31.36.0-255,66,72854,19,212584
33430,0.000742,172.217.194.0-255,2184,75038,19,212584
33431,0.00075,172.31.36.0-255,66,75104,19,212584
33432,0.000983,172.217.194.0-255,1484,76588,19,212584
33433,0.001003,172.217.194.0-255,2902,79490,19,212584
33434,0.001006,172.31.36.0-255,66,79556,19,212584
33435,0.001011,172.217.194.0-255,1484,81040,19,212584
33436,0.001039,172.217.194.0-255,4320,85360,19,212584
33437,0.001043,172.31.36.0-255,66,85426,19,212584
33438,0.001057,172.31.36.0-255,66,85492,19,212584
33439,0.001104,172.217.194.0-255,8574,94066,19,212584
33440,0.001108,172.31.36.0-255,66,94132,19,212584
33441,0.001135,172.217.194.0-255,1484,95616,19,212584
33442,0.001139,172.217.194.0-255,766,96382,19,212584
33443,0.001142,172.31.36.0-255,66,96448,19,212584
33444,0.00178,172.217.194.0-255,1484,97932,19,212584
33445,0.001791,172.217.194.0-255,2902,100834,19,212584
33446,0.001795,172.31.36.0-255,66,100900,19,212584
33447,0.001801,172.217.194.0-255,2902,103802,19,212584
33448,0.001803,172.31.36.0-255,66,103868,19,212584
33449,0.001838,172.217.194.0-255,4320,108188,19,212584
33450,0.001841,172.31.36.0-255,66,108254,19,212584
33451,0.001846,172.217.194.0-255,2902,111156,19,212584
33452,0.001848,172.31.36.0-255,66,111222,19,212584
33453,0.001882,172.217.194.0-255,5738,116960,19,212584
33454,0.001885,172.31.36.0-255,66,117026,19,212584
33455,0.001888,172.217.194.0-255,1484,118510,19,212584
33456,0.001912,172.217.194.0-255,2902,121412,19,212584
33457,0.001915,172.31.36.0-255,66,121478,19,212584
33458,0.001918,172.217.194.0-255,1484,122962,19,212584
33459,0.001951,172.217.194.0-255,5738,128700,19,212584
33460,0.001955,172.31.36.0-255,66,128766,19,212584
33461,0.00196,172.217.194.0-255,2184,130950,19,212584
33462,0.001962,172.31.36.0-255,66,131016,19,212584
33463,0.002164,172.217.194.0-255,1484,132500,19,212584
33464,0.002171,172.217.194.0-255,2902,135402,19,212584
33465,0.002174,172.31.36.0-255,66,135468,19,212584
33466,0.002181,172.217.194.0-255,5738,141206,19,212584
33467,0.002183,172.31.36.0-255,66,141272,19,212584
33468,0.002224,172.31.36.0-255,66,141338,19,212584
33469,0.002232,172.217.194.0-255,7156,148494,19,212584
33470,0.002234,172.31.36.0-255,66,148560,19,212584
33471,0.002261,172.217.194.0-255,2902,151462,19,212584
33472,0.002264,172.31.36.0-255,66,151528,19,212584
33473,0.002269,172.217.194.0-255,4320,155848,19,212584
33474,0.002271,172.31.36.0-255,66,155914,19,212584
33475,0.002308,172.31.36.0-255,66,155980,19,212584
33476,0.002335,172.217.194.0-255,6438,162418,19,212584
33477,0.002337,172.217.194.0-255,1484,163902,19,212584
33478,0.002345,172.217.194.0-255,9274,173176,19,212584
33479,0.00235,172.31.36.0-255,66,173242,19,212584
33480,0.002358,172.31.36.0-255,66,173308,19,212584
33481,0.004637,172.217.194.0-255,5738,179046,19,212584
33482,0.004642,172.31.36.0-255,66,179112,19,212584
33483,0.006924,172.217.194.0-255,5738,184850,19,212584
33484,0.00693,172.31.36.0-255,66,184916,19,212584
33485,0.009216,172.217.194.0-255,5738,190654,19,212584
33486,0.009225,172.31.36.0-255,66,190720,19,212584
33487,0.011498,172.217.194.0-255,4320,195040,19,212584
33488,0.011505,172.31.36.0-255,66,195106,19,212584
33489,0.011532,172.217.194.0-255,1484,196590,19,212584
33490,0.013794,172.217.194.0-255,4320,200910,19,212584
33491,0.013804,172.31.36.0-255,66,200976,19,212584
33492,0.016072,172.217.194.0-255,5738,206714,19,212584
33493,0.016079,172.31.36.0-255,66,206780,19,212584
33494,0.018381,172.217.194.0-255,5738,212518,19,212584
33495,0.018388,172.31.36.0-255,66,212584,19,212584
33496,0.0,74.125.24.0-255,153,153,19,237782
33497,1.6e-05,172.31.36.0-255,66,219,19,237782
33498,2.2e-05,74.125.24.0-255,1484,1703,19,237782
33499,2.6e-05,172.31.36.0-255,66,1769,19,237782
33500,3.2e-05,74.125.24.0-255,2902,4671,19,237782
33501,3.5e-05,172.31.36.0-255,66,4737,19,237782
33502,5.1e-05,74.125.24.0-255,7156,11893,19,237782
33503,5.5e-05,172.31.36.0-255,66,11959,19,237782
33504,5.9e-05,74.125.24.0-255,2004,13963,19,237782
33505,6.2e-05,172.31.36.0-255,66,14029,19,237782
33506,0.000103,74.125.24.0-255,2902,16931,19,237782
33507,0.000106,172.31.36.0-255,66,16997,19,237782
33508,0.000136,74.125.24.0-255,4320,21317,19,237782
33509,0.000139,172.31.36.0-255,66,21383,19,237782
33510,0.000147,74.125.24.0-255,8574,29957,19,237782
33511,0.000149,172.31.36.0-255,66,30023,19,237782
33512,0.000152,74.125.24.0-255,1125,31148,19,237782
33513,0.000154,172.31.36.0-255,66,31214,19,237782
33514,0.000291,74.125.24.0-255,1484,32698,19,237782
33515,0.000295,172.31.36.0-255,66,32764,19,237782
33516,0.000301,74.125.24.0-255,2902,35666,19,237782
33517,0.000303,172.31.36.0-255,66,35732,19,237782
33518,0.000314,74.125.24.0-255,5738,41470,19,237782
33519,0.000318,172.31.36.0-255,66,41536,19,237782
33520,0.000369,74.125.24.0-255,4320,45856,19,237782
33521,0.000373,172.31.36.0-255,66,45922,19,237782
33522,0.0004,74.125.24.0-255,2543,48465,19,237782
33523,0.000403,172.31.36.0-255,66,48531,19,237782
33524,0.000778,74.125.24.0-255,1484,50015,19,237782
33525,0.000784,172.31.36.0-255,66,50081,19,237782
33526,0.00079,74.125.24.0-255,2902,52983,19,237782
33527,0.000792,172.31.36.0-255,66,53049,19,237782
33528,0.000803,74.125.24.0-255,5738,58787,19,237782
33529,0.000805,172.31.36.0-255,66,58853,19,237782
33530,0.000841,74.125.24.0-255,6797,65650,19,237782
33531,0.000844,172.31.36.0-255,66,65716,19,237782
33532,0.000882,74.125.24.0-255,1484,67200,19,237782
33533,0.000887,74.125.24.0-255,2902,70102,19,237782
33534,0.00089,172.31.36.0-255,66,70168,19,237782
33535,0.000923,74.125.24.0-255,5738,75906,19,237782
33536,0.000926,172.31.36.0-255,66,75972,19,237782
33537,0.000933,74.125.24.0-255,6797,82769,19,237782
33538,0.000936,172.31.36.0-255,66,82835,19,237782
33539,0.000974,172.31.36.0-255,66,82901,19,237782
33540,0.000979,74.125.24.0-255,3124,86025,19,237782
33541,0.000981,172.31.36.0-255,66,86091,19,237782
33542,0.001098,74.125.24.0-255,1484,87575,19,237782
33543,0.001121,74.125.24.0-255,2902,90477,19,237782
33544,0.001124,172.31.36.0-255,66,90543,19,237782
33545,0.001131,74.125.24.0-255,5738,96281,19,237782
33546,0.001132,172.31.36.0-255,66,96347,19,237782
33547,0.001178,74.125.24.0-255,2902,99249,19,237782
33548,0.001181,172.31.36.0-255,66,99315,19,237782
33549,0.00121,74.125.24.0-255,3296,102611,19,237782
33550,0.001212,172.31.36.0-255,66,102677,19,237782
33551,0.00122,74.125.24.0-255,7156,109833,19,237782
33552,0.001223,172.31.36.0-255,66,109899,19,237782
33553,0.001253,74.125.24.0-255,10329,120228,19,237782
33554,0.001256,172.31.36.0-255,66,120294,19,237782
33555,0.001359,74.125.24.0-255,1484,121778,19,237782
33556,0.001364,74.125.24.0-255,2902,124680,19,237782
33557,0.001367,172.31.36.0-255,66,124746,19,237782
33558,0.001372,74.125.24.0-255,2902,127648,19,237782
33559,0.001375,172.31.36.0-255,66,127714,19,237782
33560,0.001393,74.125.24.0-255,4320,132034,19,237782
33561,0.001395,172.31.36.0-255,66,132100,19,237782
33562,0.001414,74.125.24.0-255,2902,135002,19,237782
33563,0.001417,172.31.36.0-255,66,135068,19,237782
33564,0.001423,74.125.24.0-255,5738,140806,19,237782
33565,0.001426,172.31.36.0-255,66,140872,19,237782
33566,0.001466,74.125.24.0-255,9992,150864,19,237782
33567,0.001469,172.31.36.0-255,66,150930,19,237782
33568,0.001473,74.125.24.0-255,1484,152414,19,237782
33569,0.001498,74.125.24.0-255,2184,154598,19,237782
33570,0.0015,172.31.36.0-255,66,154664,19,237782
33571,0.002037,74.125.24.0-255,1484,156148,19,237782
33572,0.002044,74.125.24.0-255,2902,159050,19,237782
33573,0.002047,172.31.36.0-255,66,159116,19,237782
33574,0.002052,74.125.24.0-255,4320,163436,19,237782
33575,0.002054,172.31.36.0-255,66,163502,19,237782
33576,0.002108,74.125.24.0-255,1484,164986,19,237782
33577,0.002124,172.31.36.0-255,66,165052,19,237782
33578,0.00213,74.125.24.0-255,4320,169372,19,237782
33579,0.002132,172.31.36.0-255,66,169438,19,237782
33580,0.002172,74.125.24.0-255,6438,175876,19,237782
33581,0.002175,172.31.36.0-255,66,175942,19,237782
33582,0.002203,74.125.24.0-255,7156,183098,19,237782
33583,0.002206,172.31.36.0-255,66,183164,19,237782
33584,0.002211,74.125.24.0-255,4320,187484,19,237782
33585,0.002213,172.31.36.0-255,66,187550,19,237782
33586,0.002216,74.125.24.0-255,1484,189034,19,237782
33587,0.002258,172.31.36.0-255,66,189100,19,237782
33588,0.002267,74.125.24.0-255,9274,198374,19,237782
33589,0.00227,172.31.36.0-255,66,198440,19,237782
33590,0.004581,74.125.24.0-255,5738,204178,19,237782
33591,0.004589,172.31.36.0-255,66,204244,19,237782
33592,0.006873,74.125.24.0-255,4320,208564,19,237782
33593,0.00688,172.31.36.0-255,66,208630,19,237782
33594,0.006898,74.125.24.0-255,1484,210114,19,237782
33595,0.009168,74.125.24.0-255,4320,214434,19,237782
33596,0.009178,172.31.36.0-255,66,214500,19,237782
33597,0.011441,74.125.24.0-255,5738,220238,19,237782
33598,0.011449,172.31.36.0-255,66,220304,19,237782
33599,0.013738,74.125.24.0-255,5738,226042,19,237782
33600,0.013746,172.31.36.0-255,66,226108,19,237782
33601,0.016027,74.125.24.0-255,5738,231846,19,237782
33602,0.016035,172.31.36.0-255,66,231912,19,237782
33603,0.018322,74.125.24.0-255,1484,233396,19,237782
33604,0.018347,74.125.24.0-255,4320,237716,19,237782
33605,0.018352,172.31.36.0-255,66,237782,19,237782
33606,0.0,172.217.194.0-255,143,143,19,248394
33607,1.4e-05,172.31.36.0-255,66,209,19,248394
33608,2.1e-05,172.217.194.0-255,1484,1693,19,248394
33609,2.6e-05,172.31.36.0-255,66,1759,19,248394
33610,3.4e-05,172.217.194.0-255,2902,4661,19,248394
33611,3.8e-05,172.31.36.0-255,66,4727,19,248394
33612,4.4e-05,172.217.194.0-255,4320,9047,19,248394
33613,4.7e-05,172.31.36.0-255,66,9113,19,248394
33614,7.2e-05,172.217.194.0-255,2902,12015,19,248394
33615,7.5e-05,172.31.36.0-255,66,12081,19,248394
33616,8.3e-05,172.217.194.0-255,7156,19237,19,248394
33617,8.6e-05,172.31.36.0-255,66,19303,19,248394
33618,0.000109,172.217.194.0-255,9193,28496,19,248394
33619,0.000112,172.31.36.0-255,66,28562,19,248394
33620,0.000116,172.217.194.0-255,2543,31105,19,248394
33621,0.000118,172.31.36.0-255,66,31171,19,248394
33622,0.000153,172.217.194.0-255,1484,32655,19,248394
33623,0.000156,172.31.36.0-255,66,32721,19,248394
33624,0.000162,172.217.194.0-255,2902,35623,19,248394
33625,0.000164,172.31.36.0-255,66,35689,19,248394
33626,0.000194,172.217.194.0-255,5738,41427,19,248394
33627,0.000197,172.31.36.0-255,66,41493,19,248394
33628,0.000205,172.217.194.0-255,6797,48290,19,248394
33629,0.000207,172.31.36.0-255,66,48356,19,248394
33630,0.000231,172.217.194.0-255,5738,54094,19,248394
33631,0.000234,172.31.36.0-255,66,54160,19,248394
33632,0.000262,172.217.194.0-255,8574,62734,19,248394
33633,0.000265,172.31.36.0-255,66,62800,19,248394
33634,0.000269,172.217.194.0-255,2794,65594,19,248394
33635,0.000271,172.31.36.0-255,66,65660,19,248394
33636,0.000274,172.217.194.0-255,435,66095,19,248394
33637,0.000276,172.31.36.0-255,66,66161,19,248394
33638,0.000414,172.217.194.0-255,1484,67645,19,248394
33639,0.000421,172.217.194.0-255,2902,70547,19,248394
33640,0.000425,172.31.36.0-255,66,70613,19,248394
33641,0.000449,172.217.194.0-255,5738,76351,19,248394
33642,0.000452,172.31.36.0-255,66,76417,19,248394
33643,0.000459,172.217.194.0-255,5738,82155,19,248394
33644,0.000461,172.31.36.0-255,66,82221,19,248394
33645,0.000513,172.31.36.0-255,66,82287,19,248394
33646,0.000542,172.217.194.0-255,5020,87307,19,248394
33647,0.000545,172.31.36.0-255,66,87373,19,248394
33648,0.000601,172.217.194.0-255,5738,93111,19,248394
33649,0.000607,172.31.36.0-255,66,93177,19,248394
33650,0.000662,172.217.194.0-255,7156,100333,19,248394
33651,0.000666,172.31.36.0-255,66,100399,19,248394
33652,0.000682,172.31.36.0-255,66,100465,19,248394
33653,0.00072,172.217.194.0-255,6438,106903,19,248394
33654,0.000723,172.31.36.0-255,66,106969,19,248394
33655,0.000779,172.217.194.0-255,1484,108453,19,248394
33656,0.000785,172.217.194.0-255,2902,111355,19,248394
33657,0.000787,172.31.36.0-255,66,111421,19,248394
33658,0.000811,172.217.194.0-255,5738,117159,19,248394
33659,0.000814,172.31.36.0-255,66,117225,19,248394
33660,0.000819,172.217.194.0-255,4320,121545,19,248394
33661,0.000822,172.31.36.0-255,66,121611,19,248394
33662,0.000856,172.31.36.0-255,66,121677,19,248394
33663,0.00086,172.217.194.0-255,1484,123161,19,248394
33664,0.000884,172.217.194.0-255,6438,129599,19,248394
33665,0.000886,172.31.36.0-255,66,129665,19,248394
33666,0.000953,172.217.194.0-255,1484,131149,19,248394
33667,0.000957,172.217.194.0-255,1484,132633,19,248394
33668,0.000959,172.31.36.0-255,66,132699,19,248394
33669,0.000982,172.217.194.0-255,1484,134183,19,248394
33670,0.000989,172.217.194.0-255,5738,139921,19,248394
33671,0.000992,172.31.36.0-255,66,139987,19,248394
33672,0.000998,172.217.194.0-255,4320,144307,19,248394
33673,0.001001,172.31.36.0-255,66,144373,19,248394
33674,0.001023,172.217.194.0-255,8574,152947,19,248394
33675,0.001026,172.31.36.0-255,66,153013,19,248394
33676,0.001036,172.217.194.0-255,10692,163705,19,248394
33677,0.001039,172.31.36.0-255,66,163771,19,248394
33678,0.001082,172.217.194.0-255,4320,168091,19,248394
33679,0.001089,172.31.36.0-255,66,168157,19,248394
33680,0.001118,172.217.194.0-255,5738,173895,19,248394
33681,0.001224,172.217.194.0-255,9274,183169,19,248394
33682,0.001234,172.217.194.0-255,9992,193161,19,248394
33683,0.001249,172.31.36.0-255,66,193227,19,248394
33684,0.001262,172.217.194.0-255,3602,196829,19,248394
33685,0.001266,172.31.36.0-255,66,196895,19,248394
33686,0.001282,172.217.194.0-255,5738,202633,19,248394
33687,0.001323,172.31.36.0-255,66,202699,19,248394
33688,0.001334,172.31.36.0-255,66,202765,19,248394
33689,0.001345,172.217.194.0-255,3602,206367,19,248394
33690,0.001363,172.217.194.0-255,4320,210687,19,248394
33691,0.001379,172.31.36.0-255,66,210753,19,248394
33692,0.001389,172.217.194.0-255,9992,220745,19,248394
33693,0.001395,172.31.36.0-255,66,220811,19,248394
33694,0.001422,172.217.194.0-255,9992,230803,19,248394
33695,0.001436,172.31.36.0-255,66,230869,19,248394
33696,0.001453,172.217.194.0-255,5738,236607,19,248394
33697,0.001487,172.31.36.0-255,66,236673,19,248394
33698,0.001507,172.31.36.0-255,66,236739,19,248394
33699,0.001518,172.217.194.0-255,2902,239641,19,248394
33700,0.001526,172.217.194.0-255,7856,247497,19,248394
33701,0.001528,172.217.194.0-255,489,247986,19,248394
33702,0.001548,172.31.36.0-255,66,248052,19,248394
33703,0.001594,172.217.194.0-255,105,248157,19,248394
33704,0.004586,172.31.36.0-255,66,248223,19,248394
33705,0.011405,172.31.36.0-255,105,248328,19,248394
33706,0.013981,172.217.194.0-255,66,248394,19,248394
33707,0.0,172.217.194.0-255,153,153,19,343078
33708,2.7e-05,172.31.36.0-255,66,219,19,343078
33709,3.4e-05,172.217.194.0-255,1484,1703,19,343078
33710,3.8e-05,172.31.36.0-255,66,1769,19,343078
33711,4.3e-05,172.217.194.0-255,2902,4671,19,343078
33712,4.5e-05,172.31.36.0-255,66,4737,19,343078
33713,5.3e-05,172.217.194.0-255,7156,11893,19,343078
33714,5.5e-05,172.31.36.0-255,66,11959,19,343078
33715,6.9e-05,172.217.194.0-255,1484,13443,19,343078
33716,7.2e-05,172.31.36.0-255,66,13509,19,343078
33717,0.000111,172.31.36.0-255,66,13575,19,343078
33718,0.000115,172.217.194.0-255,2543,16118,19,343078
33719,0.000118,172.31.36.0-255,66,16184,19,343078
33720,0.00016,172.217.194.0-255,2902,19086,19,343078
33721,0.000164,172.31.36.0-255,66,19152,19,343078
33722,0.000183,172.217.194.0-255,4320,23472,19,343078
33723,0.000186,172.31.36.0-255,66,23538,19,343078
33724,0.000193,172.217.194.0-255,8574,32112,19,343078
33725,0.000196,172.31.36.0-255,66,32178,19,343078
33726,0.000203,172.217.194.0-255,5738,37916,19,343078
33727,0.000205,172.31.36.0-255,66,37982,19,343078
33728,0.000241,172.31.36.0-255,66,38048,19,343078
33729,0.000244,172.217.194.0-255,766,38814,19,343078
33730,0.000246,172.31.36.0-255,66,38880,19,343078
33731,0.000599,172.217.194.0-255,645,39525,19,343078
33732,0.000604,172.31.36.0-255,66,39591,19,343078
33733,0.000782,172.217.194.0-255,1484,41075,19,343078
33734,0.000787,172.31.36.0-255,66,41141,19,343078
33735,0.000792,172.217.194.0-255,2902,44043,19,343078
33736,0.000794,172.31.36.0-255,66,44109,19,343078
33737,0.000828,172.217.194.0-255,5738,49847,19,343078
33738,0.000831,172.31.36.0-255,66,49913,19,343078
33739,0.000839,172.217.194.0-255,8574,58487,19,343078
33740,0.00084,172.31.36.0-255,66,58553,19,343078
33741,0.000864,172.217.194.0-255,4320,62873,19,343078
33742,0.000868,172.31.36.0-255,66,62939,19,343078
33743,0.000874,172.217.194.0-255,4320,67259,19,343078
33744,0.000876,172.31.36.0-255,66,67325,19,343078
33745,0.000905,172.217.194.0-255,6438,73763,19,343078
33746,0.000908,172.31.36.0-255,66,73829,19,343078
33747,0.000943,172.217.194.0-255,1484,75313,19,343078
33748,0.000948,172.217.194.0-255,2902,78215,19,343078
33749,0.000952,172.31.36.0-255,66,78281,19,343078
33750,0.000982,172.217.194.0-255,1484,79765,19,343078
33751,0.001006,172.217.194.0-255,4320,84085,19,343078
33752,0.001009,172.31.36.0-255,66,84151,19,343078
33753,0.001022,172.31.36.0-255,66,84217,19,343078
33754,0.001028,172.217.194.0-255,5738,89955,19,343078
33755,0.001031,172.31.36.0-255,66,90021,19,343078
33756,0.001052,172.217.194.0-255,5020,95041,19,343078
33757,0.001055,172.31.36.0-255,66,95107,19,343078
33758,0.001058,172.217.194.0-255,1484,96591,19,343078
33759,0.001078,172.217.194.0-255,2902,99493,19,343078
33760,0.001081,172.31.36.0-255,66,99559,19,343078
33761,0.001087,172.217.194.0-255,5738,105297,19,343078
33762,0.001089,172.31.36.0-255,66,105363,19,343078
33763,0.001116,172.217.194.0-255,5738,111101,19,343078
33764,0.001119,172.31.36.0-255,66,111167,19,343078
33765,0.001145,172.217.194.0-255,7156,118323,19,343078
33766,0.001148,172.31.36.0-255,66,118389,19,343078
33767,0.001158,172.217.194.0-255,7156,125545,19,343078
33768,0.00116,172.31.36.0-255,66,125611,19,343078
33769,0.001174,172.217.194.0-255,3602,129213,19,343078
33770,0.001177,172.31.36.0-255,66,129279,19,343078
33771,0.00162,172.217.194.0-255,1484,130763,19,343078
33772,0.00164,172.217.194.0-255,2902,133665,19,343078
33773,0.001644,172.31.36.0-255,66,133731,19,343078
33774,0.00165,172.217.194.0-255,5738,139469,19,343078
33775,0.001652,172.31.36.0-255,66,139535,19,343078
33776,0.001687,172.31.36.0-255,66,139601,19,343078
33777,0.001705,172.217.194.0-255,1484,141085,19,343078
33778,0.001712,172.217.194.0-255,7156,148241,19,343078
33779,0.001714,172.31.36.0-255,66,148307,19,343078
33780,0.001746,172.217.194.0-255,3602,151909,19,343078
33781,0.001748,172.31.36.0-255,66,151975,19,343078
33782,0.001752,172.217.194.0-255,4320,156295,19,343078
33783,0.001754,172.31.36.0-255,66,156361,19,343078
33784,0.001787,172.217.194.0-255,9992,166353,19,343078
33785,0.00179,172.31.36.0-255,66,166419,19,343078
33786,0.001795,172.217.194.0-255,2902,169321,19,343078
33787,0.001797,172.31.36.0-255,66,169387,19,343078
33788,0.001815,172.217.194.0-255,9992,179379,19,343078
33789,0.001818,172.31.36.0-255,66,179445,19,343078
33790,0.001838,172.217.194.0-255,2902,182347,19,343078
33791,0.00184,172.31.36.0-255,66,182413,19,343078
33792,0.001859,172.217.194.0-255,3602,186015,19,343078
33793,0.001861,172.31.36.0-255,66,186081,19,343078
33794,0.001938,172.217.194.0-255,1484,187565,19,343078
33795,0.001955,172.217.194.0-255,2902,190467,19,343078
33796,0.001957,172.31.36.0-255,66,190533,19,343078
33797,0.001961,172.217.194.0-255,2902,193435,19,343078
33798,0.001964,172.31.36.0-255,66,193501,19,343078
33799,0.001977,172.217.194.0-255,2902,196403,19,343078
33800,0.001979,172.31.36.0-255,66,196469,19,343078
33801,0.001985,172.217.194.0-255,5738,202207,19,343078
33802,0.001987,172.31.36.0-255,66,202273,19,343078
33803,0.002013,172.217.194.0-255,7156,209429,19,343078
33804,0.002015,172.31.36.0-255,66,209495,19,343078
33805,0.002024,172.217.194.0-255,9992,219487,19,343078
33806,0.002026,172.31.36.0-255,66,219553,19,343078
33807,0.002028,172.217.194.0-255,766,220319,19,343078
33808,0.002059,172.217.194.0-255,1484,221803,19,343078
33809,0.002061,172.31.36.0-255,66,221869,19,343078
33810,0.002064,172.217.194.0-255,1484,223353,19,343078
33811,0.002081,172.217.194.0-255,2902,226255,19,343078
33812,0.002083,172.31.36.0-255,66,226321,19,343078
33813,0.002104,172.217.194.0-255,1484,227805,19,343078
33814,0.002126,172.217.194.0-255,8574,236379,19,343078
33815,0.002128,172.31.36.0-255,66,236445,19,343078
33816,0.002137,172.217.194.0-255,8574,245019,19,343078
33817,0.002139,172.31.36.0-255,66,245085,19,343078
33818,0.002191,172.217.194.0-255,9274,254359,19,343078
33819,0.002193,172.31.36.0-255,66,254425,19,343078
33820,0.00221,172.217.194.0-255,1484,255909,19,343078
33821,0.002213,172.217.194.0-255,1484,257393,19,343078
33822,0.002215,172.31.36.0-255,66,257459,19,343078
33823,0.002224,172.217.194.0-255,1484,258943,19,343078
33824,0.002234,172.217.194.0-255,1484,260427,19,343078
33825,0.002236,172.31.36.0-255,66,260493,19,343078
33826,0.002252,172.217.194.0-255,4320,264813,19,343078
33827,0.002254,172.31.36.0-255,66,264879,19,343078
33828,0.002257,172.217.194.0-255,1484,266363,19,343078
33829,0.00228,172.217.194.0-255,5738,272101,19,343078
33830,0.002283,172.31.36.0-255,66,272167,19,343078
33831,0.0023,172.217.194.0-255,2902,275069,19,343078
33832,0.002302,172.31.36.0-255,66,275135,19,343078
33833,0.002321,172.217.194.0-255,7156,282291,19,343078
33834,0.002323,172.31.36.0-255,66,282357,19,343078
33835,0.00234,172.217.194.0-255,4320,286677,19,343078
33836,0.002343,172.31.36.0-255,66,286743,19,343078
33837,0.002347,172.217.194.0-255,2184,288927,19,343078
33838,0.002348,172.31.36.0-255,66,288993,19,343078
33839,0.00236,172.217.194.0-255,2902,291895,19,343078
33840,0.002361,172.31.36.0-255,66,291961,19,343078
33841,0.002392,172.217.194.0-255,7156,299117,19,343078
33842,0.002394,172.31.36.0-255,66,299183,19,343078
33843,0.002399,172.217.194.0-255,4320,303503,19,343078
33844,0.002401,172.31.36.0-255,66,303569,19,343078
33845,0.00474,172.217.194.0-255,1484,305053,19,343078
33846,0.004754,172.217.194.0-255,4320,309373,19,343078
33847,0.004758,172.31.36.0-255,66,309439,19,343078
33848,0.007097,172.217.194.0-255,5738,315177,19,343078
33849,0.007103,172.31.36.0-255,66,315243,19,343078
33850,0.007251,172.31.36.0-255,101,315344,19,343078
33851,0.009427,172.217.194.0-255,4320,319664,19,343078
33852,0.009433,172.31.36.0-255,66,319730,19,343078
33853,0.009451,172.217.194.0-255,1484,321214,19,343078
33854,0.009563,172.217.194.0-255,66,321280,19,343078
33855,0.011766,172.217.194.0-255,4320,325600,19,343078
33856,0.011776,172.31.36.0-255,66,325666,19,343078
33857,0.014125,172.217.194.0-255,5738,331404,19,343078
33858,0.014133,172.31.36.0-255,66,331470,19,343078
33859,0.016487,172.217.194.0-255,5738,337208,19,343078
33860,0.0165,172.31.36.0-255,66,337274,19,343078
33861,0.018875,172.217.194.0-255,5738,343012,19,343078
33862,0.018883,172.31.36.0-255,66,343078,19,343078
33863,0.0,172.217.194.0-255,298,298,19,339707
33864,2.1e-05,172.31.36.0-255,66,364,19,339707
33865,2.7e-05,172.217.194.0-255,1484,1848,19,339707
33866,3.1e-05,172.31.36.0-255,66,1914,19,339707
33867,3.7e-05,172.217.194.0-255,4320,6234,19,339707
33868,4e-05,172.31.36.0-255,66,6300,19,339707
33869,6.6e-05,172.217.194.0-255,5738,12038,19,339707
33870,7e-05,172.31.36.0-255,66,12104,19,339707
33871,8.3e-05,172.217.194.0-255,1843,13947,19,339707
33872,8.6e-05,172.31.36.0-255,66,14013,19,339707
33873,9.2e-05,172.217.194.0-255,7156,21169,19,339707
33874,9.3e-05,172.31.36.0-255,66,21235,19,339707
33875,0.000119,172.217.194.0-255,1484,22719,19,339707
33876,0.000121,172.31.36.0-255,66,22785,19,339707
33877,0.000127,172.217.194.0-255,8574,31359,19,339707
33878,0.000128,172.31.36.0-255,66,31425,19,339707
33879,0.00016,172.217.194.0-255,4320,35745,19,339707
33880,0.000162,172.31.36.0-255,66,35811,19,339707
33881,0.000179,172.31.36.0-255,66,35877,19,339707
33882,0.000194,172.217.194.0-255,3602,39479,19,339707
33883,0.000196,172.31.36.0-255,66,39545,19,339707
33884,0.000229,172.217.194.0-255,4320,43865,19,339707
33885,0.000232,172.31.36.0-255,66,43931,19,339707
33886,0.000247,172.217.194.0-255,9938,53869,19,339707
33887,0.000248,172.31.36.0-255,66,53935,19,339707
33888,0.000252,172.217.194.0-255,4320,58255,19,339707
33889,0.000254,172.31.36.0-255,66,58321,19,339707
33890,0.00029,172.217.194.0-255,9992,68313,19,339707
33891,0.000293,172.31.36.0-255,66,68379,19,339707
33892,0.000301,172.217.194.0-255,9992,78371,19,339707
33893,0.000304,172.31.36.0-255,66,78437,19,339707
33894,0.000317,172.217.194.0-255,1484,79921,19,339707
33895,0.000338,172.217.194.0-255,7591,87512,19,339707
33896,0.000341,172.31.36.0-255,66,87578,19,339707
33897,0.000344,172.217.194.0-255,1484,89062,19,339707
33898,0.000362,172.217.194.0-255,7156,96218,19,339707
33899,0.000365,172.31.36.0-255,66,96284,19,339707
33900,0.000386,172.217.194.0-255,1484,97768,19,339707
33901,0.0004,172.31.36.0-255,66,97834,19,339707
33902,0.000451,172.217.194.0-255,9274,107108,19,339707
33903,0.000453,172.31.36.0-255,66,107174,19,339707
33904,0.001072,172.217.194.0-255,1484,108658,19,339707
33905,0.001079,172.217.194.0-255,2902,111560,19,339707
33906,0.001083,172.31.36.0-255,66,111626,19,339707
33907,0.00109,172.217.194.0-255,5738,117364,19,339707
33908,0.001093,172.31.36.0-255,66,117430,19,339707
33909,0.001096,172.217.194.0-255,1484,118914,19,339707
33910,0.001137,172.31.36.0-255,66,118980,19,339707
33911,0.001147,172.217.194.0-255,10692,129672,19,339707
33912,0.001149,172.31.36.0-255,66,129738,19,339707
33913,0.001332,172.217.194.0-255,1484,131222,19,339707
33914,0.001339,172.217.194.0-255,2902,134124,19,339707
33915,0.001343,172.31.36.0-255,66,134190,19,339707
33916,0.00135,172.217.194.0-255,5738,139928,19,339707
33917,0.001353,172.31.36.0-255,66,139994,19,339707
33918,0.001377,172.217.194.0-255,9992,149986,19,339707
33919,0.001381,172.31.36.0-255,66,150052,19,339707
33920,0.001407,172.217.194.0-255,2902,152954,19,339707
33921,0.00141,172.31.36.0-255,66,153020,19,339707
33922,0.001419,172.217.194.0-255,10692,163712,19,339707
33923,0.001439,172.31.36.0-255,66,163778,19,339707
33924,0.00157,172.217.194.0-255,1484,165262,19,339707
33925,0.001576,172.217.194.0-255,2902,168164,19,339707
33926,0.001579,172.31.36.0-255,66,168230,19,339707
33927,0.001601,172.217.194.0-255,2902,171132,19,339707
33928,0.001604,172.31.36.0-255,66,171198,19,339707
33929,0.001625,172.217.194.0-255,2902,174100,19,339707
33930,0.001628,172.31.36.0-255,66,174166,19,339707
33931,0.001644,172.217.194.0-255,5738,179904,19,339707
33932,0.001652,172.31.36.0-255,66,179970,19,339707
33933,0.001663,172.217.194.0-255,5020,184990,19,339707
33934,0.001669,172.31.36.0-255,66,185056,19,339707
33935,0.002023,172.217.194.0-255,1484,186540,19,339707
33936,0.002029,172.217.194.0-255,2902,189442,19,339707
33937,0.002032,172.31.36.0-255,66,189508,19,339707
33938,0.002037,172.217.194.0-255,2902,192410,19,339707
33939,0.002039,172.31.36.0-255,66,192476,19,339707
33940,0.00206,172.217.194.0-255,2902,195378,19,339707
33941,0.002062,172.31.36.0-255,66,195444,19,339707
33942,0.002069,172.217.194.0-255,7156,202600,19,339707
33943,0.002071,172.31.36.0-255,66,202666,19,339707
33944,0.002081,172.217.194.0-255,4320,206986,19,339707
33945,0.002083,172.31.36.0-255,66,207052,19,339707
33946,0.002114,172.217.194.0-255,9992,217044,19,339707
33947,0.002116,172.31.36.0-255,66,217110,19,339707
33948,0.00212,172.217.194.0-255,2184,219294,19,339707
33949,0.002122,172.31.36.0-255,66,219360,19,339707
33950,0.002143,172.217.194.0-255,1484,220844,19,339707
33951,0.002147,172.217.194.0-255,2902,223746,19,339707
33952,0.002149,172.31.36.0-255,66,223812,19,339707
33953,0.002152,172.217.194.0-255,1484,225296,19,339707
33954,0.002171,172.217.194.0-255,4320,229616,19,339707
33955,0.002173,172.31.36.0-255,66,229682,19,339707
33956,0.002177,172.217.194.0-255,2902,232584,19,339707
33957,0.002179,172.31.36.0-255,66,232650,19,339707
33958,0.002201,172.217.194.0-255,9992,242642,19,339707
33959,0.002207,172.217.194.0-255,5738,248380,19,339707
33960,0.002226,172.217.194.0-255,4320,252700,19,339707
33961,0.002229,172.217.194.0-255,766,253466,19,339707
33962,0.002313,172.217.194.0-255,1484,254950,19,339707
33963,0.002318,172.217.194.0-255,2902,257852,19,339707
33964,0.00237,172.217.194.0-255,5738,263590,19,339707
33965,0.002378,172.217.194.0-255,9992,273582,19,339707
33966,0.002402,172.217.194.0-255,5738,279320,19,339707
33967,0.002421,172.217.194.0-255,9274,288594,19,339707
33968,0.002428,172.217.194.0-255,7156,295750,19,339707
33969,0.002451,172.217.194.0-255,8574,304324,19,339707
33970,0.002454,172.217.194.0-255,1484,305808,19,339707
33971,0.002521,172.217.194.0-255,4320,310128,19,339707
33972,0.002535,172.217.194.0-255,7156,317284,19,339707
33973,0.002551,172.217.194.0-255,7156,324440,19,339707
33974,0.002575,172.217.194.0-255,4320,328760,19,339707
33975,0.002596,172.217.194.0-255,10442,339202,19,339707
33976,0.0026,172.217.194.0-255,97,339299,19,339707
33977,0.002724,172.31.36.0-255,66,339365,19,339707
33978,0.005178,172.217.194.0-255,105,339470,19,339707
33979,0.011162,172.31.36.0-255,66,339536,19,339707
33980,0.011223,172.31.36.0-255,105,339641,19,339707
33981,0.013681,172.217.194.0-255,66,339707,19,339707
33982,0.0,172.31.36.0-255,229,229,19,295
33983,0.005927,172.217.194.0-255,66,295,19,295
33984,0.0,74.125.24.0-255,153,153,19,315239
33985,2.1e-05,172.31.36.0-255,66,219,19,315239
33986,2.8e-05,74.125.24.0-255,1484,1703,19,315239
33987,3.1e-05,172.31.36.0-255,66,1769,19,315239
33988,3.7e-05,74.125.24.0-255,2902,4671,19,315239
33989,3.9e-05,172.31.36.0-255,66,4737,19,315239
33990,4.7e-05,74.125.24.0-255,7156,11893,19,315239
33991,4.9e-05,172.31.36.0-255,66,11959,19,315239
33992,8e-05,74.125.24.0-255,7660,19619,19,315239
33993,8.3e-05,172.31.36.0-255,66,19685,19,315239
33994,9e-05,74.125.24.0-255,7156,26841,19,315239
33995,9.1e-05,172.31.36.0-255,66,26907,19,315239
33996,0.000136,74.125.24.0-255,3961,30868,19,315239
33997,0.000138,172.31.36.0-255,66,30934,19,315239
33998,0.000725,74.125.24.0-255,1484,32418,19,315239
33999,0.00073,172.31.36.0-255,66,32484,19,315239
34000,0.000739,74.125.24.0-255,2902,35386,19,315239
34001,0.000741,172.31.36.0-255,66,35452,19,315239
34002,0.000747,74.125.24.0-255,5738,41190,19,315239
34003,0.000748,172.31.36.0-255,66,41256,19,315239
34004,0.000784,172.31.36.0-255,66,41322,19,315239
34005,0.000789,74.125.24.0-255,2902,44224,19,315239
34006,0.00079,172.31.36.0-255,66,44290,19,315239
34007,0.000811,74.125.24.0-255,8187,52477,19,315239
34008,0.000813,172.31.36.0-255,66,52543,19,315239
34009,0.001621,74.125.24.0-255,109,52652,19,315239
34010,0.001627,172.31.36.0-255,66,52718,19,315239
34011,0.001772,74.125.24.0-255,1484,54202,19,315239
34012,0.001775,172.31.36.0-255,66,54268,19,315239
34013,0.00178,74.125.24.0-255,2902,57170,19,315239
34014,0.001782,172.31.36.0-255,66,57236,19,315239
34015,0.001809,74.125.24.0-255,5738,62974,19,315239
34016,0.001811,172.31.36.0-255,66,63040,19,315239
34017,0.001816,74.125.24.0-255,4320,67360,19,315239
34018,0.001818,172.31.36.0-255,66,67426,19,315239
34019,0.001832,74.125.24.0-255,2902,70328,19,315239
34020,0.001835,172.31.36.0-255,66,70394,19,315239
34021,0.001852,74.125.24.0-255,5738,76132,19,315239
34022,0.001854,172.31.36.0-255,66,76198,19,315239
34023,0.001882,74.125.24.0-255,8574,84772,19,315239
34024,0.001885,172.31.36.0-255,66,84838,19,315239
34025,0.00189,74.125.24.0-255,2184,87022,19,315239
34026,0.001892,172.31.36.0-255,66,87088,19,315239
34027,0.002103,74.125.24.0-255,1484,88572,19,315239
34028,0.00211,74.125.24.0-255,2902,91474,19,315239
34029,0.002112,172.31.36.0-255,66,91540,19,315239
34030,0.002136,74.125.24.0-255,5738,97278,19,315239
34031,0.002138,172.31.36.0-255,66,97344,19,315239
34032,0.002142,74.125.24.0-255,2902,100246,19,315239
34033,0.002145,172.31.36.0-255,66,100312,19,315239
34034,0.002168,74.125.24.0-255,9992,110304,19,315239
34035,0.002171,172.31.36.0-255,66,110370,19,315239
34036,0.00218,74.125.24.0-255,8574,118944,19,315239
34037,0.002182,172.31.36.0-255,66,119010,19,315239
34038,0.002197,74.125.24.0-255,2184,121194,19,315239
34039,0.002199,172.31.36.0-255,66,121260,19,315239
34040,0.002239,74.125.24.0-255,1484,122744,19,315239
34041,0.002251,74.125.24.0-255,2902,125646,19,315239
34042,0.002253,172.31.36.0-255,66,125712,19,315239
34043,0.002257,74.125.24.0-255,1484,127196,19,315239
34044,0.00227,74.125.24.0-255,1484,128680,19,315239
34045,0.002273,172.31.36.0-255,66,128746,19,315239
34046,0.002298,74.125.24.0-255,7156,135902,19,315239
34047,0.0023,172.31.36.0-255,66,135968,19,315239
34048,0.002324,172.31.36.0-255,66,136034,19,315239
34049,0.00235,74.125.24.0-255,4320,140354,19,315239
34050,0.002353,172.31.36.0-255,66,140420,19,315239
34051,0.002358,74.125.24.0-255,3602,144022,19,315239
34052,0.00236,172.31.36.0-255,66,144088,19,315239
34053,0.002425,74.125.24.0-255,1484,145572,19,315239
34054,0.002436,74.125.24.0-255,1484,147056,19,315239
34055,0.002439,172.31.36.0-255,66,147122,19,315239
34056,0.002442,74.125.24.0-255,1484,148606,19,315239
34057,0.002456,74.125.24.0-255,1484,150090,19,315239
34058,0.002458,172.31.36.0-255,66,150156,19,315239
34059,0.002475,74.125.24.0-255,5738,155894,19,315239
34060,0.002478,172.31.36.0-255,66,155960,19,315239
34061,0.002481,74.125.24.0-255,1484,157444,19,315239
34062,0.002484,74.125.24.0-255,1484,158928,19,315239
34063,0.002487,172.31.36.0-255,66,158994,19,315239
34064,0.002523,172.31.36.0-255,66,159060,19,315239
34065,0.002529,74.125.24.0-255,4320,163380,19,315239
34066,0.002532,172.31.36.0-255,66,163446,19,315239
34067,0.002545,74.125.24.0-255,3602,167048,19,315239
34068,0.002548,172.31.36.0-255,66,167114,19,315239
34069,0.002887,74.125.24.0-255,1484,168598,19,315239
34070,0.002894,74.125.24.0-255,2902,171500,19,315239
34071,0.002897,172.31.36.0-255,66,171566,19,315239
34072,0.002939,74.125.24.0-255,2902,174468,19,315239
34073,0.002941,172.31.36.0-255,66,174534,19,315239
34074,0.002964,74.125.24.0-255,2902,177436,19,315239
34075,0.002966,172.31.36.0-255,66,177502,19,315239
34076,0.002975,74.125.24.0-255,8574,186076,19,315239
34077,0.002977,172.31.36.0-255,66,186142,19,315239
34078,0.002985,74.125.24.0-255,8574,194716,19,315239
34079,0.002988,172.31.36.0-255,66,194782,19,315239
34080,0.003021,74.125.24.0-255,7856,202638,19,315239
34081,0.003048,74.125.24.0-255,7156,209794,19,315239
34082,0.003085,74.125.24.0-255,5738,215532,19,315239
34083,0.003109,74.125.24.0-255,7856,223388,19,315239
34084,0.003117,74.125.24.0-255,5738,229126,19,315239
34085,0.003133,74.125.24.0-255,8574,237700,19,315239
34086,0.003138,74.125.24.0-255,4320,242020,19,315239
34087,0.003142,74.125.24.0-255,2902,244922,19,315239
34088,0.003146,74.125.24.0-255,1484,246406,19,315239
34089,0.003178,74.125.24.0-255,5020,251426,19,315239
34090,0.003201,74.125.24.0-255,5738,257164,19,315239
34091,0.003223,74.125.24.0-255,2902,260066,19,315239
34092,0.003245,74.125.24.0-255,9992,270058,19,315239
34093,0.003251,74.125.24.0-255,4320,274378,19,315239
34094,0.003294,74.125.24.0-255,2902,277280,19,315239
34095,0.00331,74.125.24.0-255,7156,284436,19,315239
34096,0.003328,74.125.24.0-255,7856,292292,19,315239
34097,0.003344,74.125.24.0-255,2902,295194,19,315239
34098,0.003386,74.125.24.0-255,1484,296678,19,315239
34099,0.003422,74.125.24.0-255,2902,299580,19,315239
34100,0.003462,74.125.24.0-255,7156,306736,19,315239
34101,0.003526,74.125.24.0-255,7856,314592,19,315239
34102,0.00353,74.125.24.0-255,208,314800,19,315239
34103,0.003562,74.125.24.0-255,97,314897,19,315239
34104,0.003639,74.125.24.0-255,105,315002,19,315239
34105,0.008057,172.31.36.0-255,66,315068,19,315239
34106,0.011185,172.31.36.0-255,105,315173,19,315239
34107,0.013529,74.125.24.0-255,66,315239,19,315239
34108,0.0,74.125.24.0-255,296,296,19,109881
34109,3.4e-05,172.31.36.0-255,66,362,19,109881
34110,4.1e-05,74.125.24.0-255,1484,1846,19,109881
34111,4.5e-05,172.31.36.0-255,66,1912,19,109881
34112,5.1e-05,74.125.24.0-255,4320,6232,19,109881
34113,5.3e-05,172.31.36.0-255,66,6298,19,109881
34114,8.7e-05,74.125.24.0-255,9039,15337,19,109881
34115,9e-05,172.31.36.0-255,66,15403,19,109881
34116,0.000182,74.125.24.0-255,4320,19723,19,109881
34117,0.000186,172.31.36.0-255,66,19789,19,109881
34118,0.000205,74.125.24.0-255,8574,28363,19,109881
34119,0.000209,172.31.36.0-255,66,28429,19,109881
34120,0.000329,74.125.24.0-255,2543,30972,19,109881
34121,0.000334,172.31.36.0-255,66,31038,19,109881
34122,0.000355,74.125.24.0-255,1484,32522,19,109881
34123,0.000358,172.31.36.0-255,66,32588,19,109881
34124,0.000396,172.31.36.0-255,66,32654,19,109881
34125,0.000569,74.125.24.0-255,8574,41228,19,109881
34126,0.000573,172.31.36.0-255,66,41294,19,109881
34127,0.000598,74.125.24.0-255,8151,49445,19,109881
34128,0.000601,172.31.36.0-255,66,49511,19,109881
34129,0.000776,74.125.24.0-255,7156,56667,19,109881
34130,0.00078,172.31.36.0-255,66,56733,19,109881
34131,0.000805,74.125.24.0-255,9400,66133,19,109881
34132,0.000808,172.31.36.0-255,66,66199,19,109881
34133,0.001011,172.31.36.0-255,66,66265,19,109881
34134,0.001045,172.31.36.0-255,66,66331,19,109881
34135,0.001378,74.125.24.0-255,8574,74905,19,109881
34136,0.001384,172.31.36.0-255,66,74971,19,109881
34137,0.001429,172.31.36.0-255,66,75037,19,109881
34138,0.0018,172.31.36.0-255,66,75103,19,109881
34139,0.001832,172.31.36.0-255,66,75169,19,109881
34140,0.002182,74.125.24.0-255,4320,79489,19,109881
34141,0.002184,172.31.36.0-255,66,79555,19,109881
34142,0.002217,172.31.36.0-255,66,79621,19,109881
34143,0.002273,172.31.36.0-255,66,79687,19,109881
34144,0.00298,74.125.24.0-255,8574,88261,19,109881
34145,0.002984,172.31.36.0-255,66,88327,19,109881
34146,0.003111,172.31.36.0-255,66,88393,19,109881
34147,0.003787,172.31.36.0-255,66,88459,19,109881
34148,0.003829,172.31.36.0-255,66,88525,19,109881
34149,0.003857,172.31.36.0-255,66,88591,19,109881
34150,0.00389,172.31.36.0-255,66,88657,19,109881
34151,0.004565,74.125.24.0-255,9992,98649,19,109881
34152,0.004573,172.31.36.0-255,66,98715,19,109881
34153,0.004589,74.125.24.0-255,2902,101617,19,109881
34154,0.004592,172.31.36.0-255,66,101683,19,109881
34155,0.004713,74.125.24.0-255,7436,109119,19,109881
34156,0.004718,172.31.36.0-255,66,109185,19,109881
34157,0.006788,172.31.36.0-255,105,109290,19,109881
34158,0.006814,172.31.36.0-255,105,109395,19,109881
34159,0.009029,74.125.24.0-255,66,109461,19,109881
34160,0.009083,74.125.24.0-255,66,109527,19,109881
34161,0.010402,172.31.36.0-255,90,109617,19,109881
34162,0.010413,172.31.36.0-255,66,109683,19,109881
34163,0.012703,74.125.24.0-255,66,109749,19,109881
34164,0.012729,74.125.24.0-255,66,109815,19,109881
34165,0.012735,172.31.36.0-255,66,109881,19,109881
34166,0.0,74.125.130.0-255,153,153,19,215179
34167,3.3e-05,172.31.36.0-255,66,219,19,215179
34168,3.9e-05,74.125.130.0-255,1484,1703,19,215179
34169,4.3e-05,172.31.36.0-255,66,1769,19,215179
34170,5.7e-05,74.125.130.0-255,1484,3253,19,215179
34171,5.9e-05,172.31.36.0-255,66,3319,19,215179
34172,8.2e-05,74.125.130.0-255,1484,4803,19,215179
34173,8.5e-05,172.31.36.0-255,66,4869,19,215179
34174,9.1e-05,74.125.130.0-255,4320,9189,19,215179
34175,9.3e-05,172.31.36.0-255,66,9255,19,215179
34176,0.00011,74.125.130.0-255,2902,12157,19,215179
34177,0.000113,172.31.36.0-255,66,12223,19,215179
34178,0.000124,74.125.130.0-255,2089,14312,19,215179
34179,0.000126,172.31.36.0-255,66,14378,19,215179
34180,0.000129,74.125.130.0-255,1484,15862,19,215179
34181,0.000131,172.31.36.0-255,66,15928,19,215179
34182,0.000152,74.125.130.0-255,4320,20248,19,215179
34183,0.000155,172.31.36.0-255,66,20314,19,215179
34184,0.000184,74.125.130.0-255,9992,30306,19,215179
34185,0.000187,172.31.36.0-255,66,30372,19,215179
34186,0.000204,74.125.130.0-255,1125,31497,19,215179
34187,0.000206,172.31.36.0-255,66,31563,19,215179
34188,0.000293,74.125.130.0-255,1484,33047,19,215179
34189,0.000297,172.31.36.0-255,66,33113,19,215179
34190,0.000314,74.125.130.0-255,2902,36015,19,215179
34191,0.000317,172.31.36.0-255,66,36081,19,215179
34192,0.000337,74.125.130.0-255,1484,37565,19,215179
34193,0.00034,172.31.36.0-255,66,37631,19,215179
34194,0.000362,74.125.130.0-255,4320,41951,19,215179
34195,0.000365,172.31.36.0-255,66,42017,19,215179
34196,0.000369,74.125.130.0-255,2902,44919,19,215179
34197,0.000375,172.31.36.0-255,66,44985,19,215179
34198,0.000387,74.125.130.0-255,3961,48946,19,215179
34199,0.00039,172.31.36.0-255,66,49012,19,215179
34200,0.00047,74.125.130.0-255,1484,50496,19,215179
34201,0.000476,74.125.130.0-255,2902,53398,19,215179
34202,0.000479,172.31.36.0-255,66,53464,19,215179
34203,0.000508,74.125.130.0-255,2902,56366,19,215179
34204,0.000512,172.31.36.0-255,66,56432,19,215179
34205,0.000521,74.125.130.0-255,2902,59334,19,215179
34206,0.000524,172.31.36.0-255,66,59400,19,215179
34207,0.000527,74.125.130.0-255,1484,60884,19,215179
34208,0.00055,74.125.130.0-255,2902,63786,19,215179
34209,0.000553,172.31.36.0-255,66,63852,19,215179
34210,0.000566,74.125.130.0-255,2543,66395,19,215179
34211,0.00057,172.31.36.0-255,66,66461,19,215179
34212,0.000653,74.125.130.0-255,1484,67945,19,215179
34213,0.000659,74.125.130.0-255,2902,70847,19,215179
34214,0.000662,172.31.36.0-255,66,70913,19,215179
34215,0.000678,74.125.130.0-255,2902,73815,19,215179
34216,0.000681,172.31.36.0-255,66,73881,19,215179
34217,0.000704,74.125.130.0-255,2902,76783,19,215179
34218,0.000707,172.31.36.0-255,66,76849,19,215179
34219,0.00071,74.125.130.0-255,1484,78333,19,215179
34220,0.000729,74.125.130.0-255,8215,86548,19,215179
34221,0.000732,172.31.36.0-255,66,86614,19,215179
34222,0.000763,74.125.130.0-255,5738,92352,19,215179
34223,0.000767,172.31.36.0-255,66,92418,19,215179
34224,0.000789,74.125.130.0-255,4320,96738,19,215179
34225,0.000792,172.31.36.0-255,66,96804,19,215179
34226,0.000796,74.125.130.0-255,2902,99706,19,215179
34227,0.000799,172.31.36.0-255,66,99772,19,215179
34228,0.000818,74.125.130.0-255,1125,100897,19,215179
34229,0.000955,74.125.130.0-255,1484,102381,19,215179
34230,0.000959,172.31.36.0-255,66,102447,19,215179
34231,0.000962,74.125.130.0-255,1484,103931,19,215179
34232,0.00098,74.125.130.0-255,2902,106833,19,215179
34233,0.000984,172.31.36.0-255,66,106899,19,215179
34234,0.00099,74.125.130.0-255,5738,112637,19,215179
34235,0.000992,172.31.36.0-255,66,112703,19,215179
34236,0.001026,74.125.130.0-255,1484,114187,19,215179
34237,0.001042,74.125.130.0-255,2902,117089,19,215179
34238,0.001045,172.31.36.0-255,66,117155,19,215179
34239,0.00107,74.125.130.0-255,5738,122893,19,215179
34240,0.001073,172.31.36.0-255,66,122959,19,215179
34241,0.00108,74.125.130.0-255,8574,131533,19,215179
34242,0.001083,172.31.36.0-255,66,131599,19,215179
34243,0.0011,74.125.130.0-255,2902,134501,19,215179
34244,0.001103,172.31.36.0-255,66,134567,19,215179
34245,0.001106,74.125.130.0-255,766,135333,19,215179
34246,0.00126,74.125.130.0-255,1484,136817,19,215179
34247,0.001265,172.31.36.0-255,66,136883,19,215179
34248,0.001274,74.125.130.0-255,1484,138367,19,215179
34249,0.00129,74.125.130.0-255,2902,141269,19,215179
34250,0.001293,172.31.36.0-255,66,141335,19,215179
34251,0.001311,74.125.130.0-255,1484,142819,19,215179
34252,0.001329,74.125.130.0-255,4320,147139,19,215179
34253,0.001332,172.31.36.0-255,66,147205,19,215179
34254,0.001345,74.125.130.0-255,1484,148689,19,215179
34255,0.001373,74.125.130.0-255,1484,150173,19,215179
34256,0.001376,172.31.36.0-255,66,150239,19,215179
34257,0.001389,74.125.130.0-255,2902,153141,19,215179
34258,0.001393,172.31.36.0-255,66,153207,19,215179
34259,0.001417,74.125.130.0-255,5738,158945,19,215179
34260,0.00142,172.31.36.0-255,66,159011,19,215179
34261,0.001422,74.125.130.0-255,1484,160495,19,215179
34262,0.001438,74.125.130.0-255,2902,163397,19,215179
34263,0.001441,172.31.36.0-255,66,163463,19,215179
34264,0.001472,74.125.130.0-255,5738,169201,19,215179
34265,0.001475,172.31.36.0-255,66,169267,19,215179
34266,0.001478,74.125.130.0-255,766,170033,19,215179
34267,0.001611,172.31.36.0-255,66,170099,19,215179
34268,0.003555,74.125.130.0-255,4320,174419,19,215179
34269,0.003561,172.31.36.0-255,66,174485,19,215179
34270,0.003673,74.125.130.0-255,1484,175969,19,215179
34271,0.005623,74.125.130.0-255,4320,180289,19,215179
34272,0.005627,172.31.36.0-255,66,180355,19,215179
34273,0.00771,74.125.130.0-255,5738,186093,19,215179
34274,0.007717,172.31.36.0-255,66,186159,19,215179
34275,0.009827,74.125.130.0-255,5738,191897,19,215179
34276,0.009835,172.31.36.0-255,66,191963,19,215179
34277,0.011904,74.125.130.0-255,5738,197701,19,215179
34278,0.011913,172.31.36.0-255,66,197767,19,215179
34279,0.013988,74.125.130.0-255,5738,203505,19,215179
34280,0.013994,172.31.36.0-255,66,203571,19,215179
34281,0.016075,74.125.130.0-255,5738,209309,19,215179
34282,0.016084,172.31.36.0-255,66,209375,19,215179
34283,0.01815,74.125.130.0-255,5738,215113,19,215179
34284,0.018159,172.31.36.0-255,66,215179,19,215179
34285,0.0,74.125.24.0-255,146,146,19,221129
34286,3.8e-05,172.31.36.0-255,66,212,19,221129
34287,4.4e-05,74.125.24.0-255,1484,1696,19,221129
34288,4.9e-05,172.31.36.0-255,66,1762,19,221129
34289,5.4e-05,74.125.24.0-255,2902,4664,19,221129
34290,5.7e-05,172.31.36.0-255,66,4730,19,221129
34291,6.1e-05,74.125.24.0-255,2902,7632,19,221129
34292,6.4e-05,172.31.36.0-255,66,7698,19,221129
34293,9e-05,74.125.24.0-255,2902,10600,19,221129
34294,9.3e-05,172.31.36.0-255,66,10666,19,221129
34295,9.6e-05,74.125.24.0-255,1484,12150,19,221129
34296,9.9e-05,172.31.36.0-255,66,12216,19,221129
34297,0.000119,74.125.24.0-255,2109,14325,19,221129
34298,0.000122,172.31.36.0-255,66,14391,19,221129
34299,0.000309,74.125.24.0-255,1484,15875,19,221129
34300,0.000315,172.31.36.0-255,66,15941,19,221129
34301,0.00032,74.125.24.0-255,2902,18843,19,221129
34302,0.000326,172.31.36.0-255,66,18909,19,221129
34303,0.000332,74.125.24.0-255,1484,20393,19,221129
34304,0.000334,172.31.36.0-255,66,20459,19,221129
34305,0.000362,74.125.24.0-255,4320,24779,19,221129
34306,0.000367,172.31.36.0-255,66,24845,19,221129
34307,0.000368,74.125.24.0-255,5738,30583,19,221129
34308,0.00037,172.31.36.0-255,66,30649,19,221129
34309,0.000403,74.125.24.0-255,2902,33551,19,221129
34310,0.000406,172.31.36.0-255,66,33617,19,221129
34311,0.000432,172.31.36.0-255,66,33683,19,221129
34312,0.000441,74.125.24.0-255,8574,42257,19,221129
34313,0.000444,172.31.36.0-255,66,42323,19,221129
34314,0.000478,74.125.24.0-255,5738,48061,19,221129
34315,0.000482,172.31.36.0-255,66,48127,19,221129
34316,0.000488,74.125.24.0-255,5738,53865,19,221129
34317,0.000491,172.31.36.0-255,66,53931,19,221129
34318,0.000494,74.125.24.0-255,1144,55075,19,221129
34319,0.000598,74.125.24.0-255,1484,56559,19,221129
34320,0.000602,172.31.36.0-255,66,56625,19,221129
34321,0.000607,74.125.24.0-255,2902,59527,19,221129
34322,0.00061,172.31.36.0-255,66,59593,19,221129
34323,0.000612,74.125.24.0-255,1484,61077,19,221129
34324,0.000635,74.125.24.0-255,4320,65397,19,221129
34325,0.000638,172.31.36.0-255,66,65463,19,221129
34326,0.000644,74.125.24.0-255,4320,69783,19,221129
34327,0.000647,172.31.36.0-255,66,69849,19,221129
34328,0.000684,74.125.24.0-255,8574,78423,19,221129
34329,0.000688,172.31.36.0-255,66,78489,19,221129
34330,0.000693,74.125.24.0-255,4320,82809,19,221129
34331,0.000695,172.31.36.0-255,66,82875,19,221129
34332,0.000726,74.125.24.0-255,6702,89577,19,221129
34333,0.00073,172.31.36.0-255,66,89643,19,221129
34334,0.000848,74.125.24.0-255,1484,91127,19,221129
34335,0.000864,74.125.24.0-255,2902,94029,19,221129
34336,0.000866,172.31.36.0-255,66,94095,19,221129
34337,0.00087,74.125.24.0-255,1484,95579,19,221129
34338,0.000887,74.125.24.0-255,4320,99899,19,221129
34339,0.00089,172.31.36.0-255,66,99965,19,221129
34340,0.000932,172.31.36.0-255,66,100031,19,221129
34341,0.000963,74.125.24.0-255,2902,102933,19,221129
34342,0.000966,172.31.36.0-255,66,102999,19,221129
34343,0.000986,74.125.24.0-255,7856,110855,19,221129
34344,0.000989,172.31.36.0-255,66,110921,19,221129
34345,0.001951,74.125.24.0-255,1484,112405,19,221129
34346,0.001963,74.125.24.0-255,2902,115307,19,221129
34347,0.001968,172.31.36.0-255,66,115373,19,221129
34348,0.001975,74.125.24.0-255,5738,121111,19,221129
34349,0.001977,172.31.36.0-255,66,121177,19,221129
34350,0.00198,74.125.24.0-255,1484,122661,19,221129
34351,0.002008,74.125.24.0-255,5738,128399,19,221129
34352,0.00201,172.31.36.0-255,66,128465,19,221129
34353,0.002022,172.31.36.0-255,66,128531,19,221129
34354,0.002034,74.125.24.0-255,2902,131433,19,221129
34355,0.002036,172.31.36.0-255,66,131499,19,221129
34356,0.00204,74.125.24.0-255,2184,133683,19,221129
34357,0.002043,172.31.36.0-255,66,133749,19,221129
34358,0.002183,74.125.24.0-255,1484,135233,19,221129
34359,0.002189,74.125.24.0-255,2902,138135,19,221129
34360,0.002192,172.31.36.0-255,66,138201,19,221129
34361,0.002215,74.125.24.0-255,5738,143939,19,221129
34362,0.002218,172.31.36.0-255,66,144005,19,221129
34363,0.002222,74.125.24.0-255,4320,148325,19,221129
34364,0.002224,172.31.36.0-255,66,148391,19,221129
34365,0.002239,74.125.24.0-255,1484,149875,19,221129
34366,0.002242,74.125.24.0-255,1484,151359,19,221129
34367,0.002244,172.31.36.0-255,66,151425,19,221129
34368,0.002284,74.125.24.0-255,5020,156445,19,221129
34369,0.002288,172.31.36.0-255,66,156511,19,221129
34370,0.002291,172.31.36.0-255,66,156577,19,221129
34371,0.002307,74.125.24.0-255,5738,162315,19,221129
34372,0.002309,172.31.36.0-255,66,162381,19,221129
34373,0.002396,172.31.36.0-255,66,162447,19,221129
34374,0.00241,172.31.36.0-255,66,162513,19,221129
34375,0.002413,74.125.24.0-255,766,163279,19,221129
34376,0.002484,74.125.24.0-255,1484,164763,19,221129
34377,0.002487,172.31.36.0-255,66,164829,19,221129
34378,0.002492,74.125.24.0-255,2902,167731,19,221129
34379,0.002494,172.31.36.0-255,66,167797,19,221129
34380,0.002524,74.125.24.0-255,5738,173535,19,221129
34381,0.002528,172.31.36.0-255,66,173601,19,221129
34382,0.002548,74.125.24.0-255,5738,179339,19,221129
34383,0.002551,172.31.36.0-255,66,179405,19,221129
34384,0.002574,74.125.24.0-255,4320,183725,19,221129
34385,0.002577,172.31.36.0-255,66,183791,19,221129
34386,0.002591,74.125.24.0-255,2184,185975,19,221129
34387,0.002594,172.31.36.0-255,66,186041,19,221129
34388,0.005127,74.125.24.0-255,2902,188943,19,221129
34389,0.005133,172.31.36.0-255,66,189009,19,221129
34390,0.005151,74.125.24.0-255,2902,191911,19,221129
34391,0.005154,172.31.36.0-255,66,191977,19,221129
34392,0.007665,74.125.24.0-255,2902,194879,19,221129
34393,0.007675,172.31.36.0-255,66,194945,19,221129
34394,0.007698,74.125.24.0-255,2902,197847,19,221129
34395,0.007701,172.31.36.0-255,66,197913,19,221129
34396,0.010248,74.125.24.0-255,5738,203651,19,221129
34397,0.010255,172.31.36.0-255,66,203717,19,221129
34398,0.012807,74.125.24.0-255,5738,209455,19,221129
34399,0.012814,172.31.36.0-255,66,209521,19,221129
34400,0.015335,74.125.24.0-255,5738,215259,19,221129
34401,0.015348,172.31.36.0-255,66,215325,19,221129
34402,0.017897,74.125.24.0-255,5738,221063,19,221129
34403,0.017911,172.31.36.0-255,66,221129,19,221129
34404,0.0,74.125.24.0-255,146,146,19,290739
34405,1.7e-05,172.31.36.0-255,66,212,19,290739
34406,2.4e-05,74.125.24.0-255,1484,1696,19,290739
34407,2.9e-05,172.31.36.0-255,66,1762,19,290739
34408,4.3e-05,74.125.24.0-255,2902,4664,19,290739
34409,4.6e-05,172.31.36.0-255,66,4730,19,290739
34410,5.4e-05,74.125.24.0-255,7156,11886,19,290739
34411,5.8e-05,172.31.36.0-255,66,11952,19,290739
34412,6.2e-05,74.125.24.0-255,2902,14854,19,290739
34413,6.5e-05,172.31.36.0-255,66,14920,19,290739
34414,9e-05,74.125.24.0-255,3392,18312,19,290739
34415,9.8e-05,172.31.36.0-255,66,18378,19,290739
34416,0.000106,74.125.24.0-255,7156,25534,19,290739
34417,0.000108,172.31.36.0-255,66,25600,19,290739
34418,0.000114,74.125.24.0-255,4320,29920,19,290739
34419,0.000116,172.31.36.0-255,66,29986,19,290739
34420,0.000144,74.125.24.0-255,1125,31111,19,290739
34421,0.000147,172.31.36.0-255,66,31177,19,290739
34422,0.000175,74.125.24.0-255,1484,32661,19,290739
34423,0.000178,172.31.36.0-255,66,32727,19,290739
34424,0.000183,74.125.24.0-255,2902,35629,19,290739
34425,0.000186,172.31.36.0-255,66,35695,19,290739
34426,0.000191,74.125.24.0-255,4320,40015,19,290739
34427,0.0002,172.31.36.0-255,66,40081,19,290739
34428,0.000213,74.125.24.0-255,1484,41565,19,290739
34429,0.000216,172.31.36.0-255,66,41631,19,290739
34430,0.000221,74.125.24.0-255,2902,44533,19,290739
34431,0.000223,172.31.36.0-255,66,44599,19,290739
34432,0.000257,172.31.36.0-255,66,44665,19,290739
34433,0.000263,74.125.24.0-255,4320,48985,19,290739
34434,0.000265,172.31.36.0-255,66,49051,19,290739
34435,0.000292,74.125.24.0-255,5688,54739,19,290739
34436,0.000299,172.31.36.0-255,66,54805,19,290739
34437,0.000302,74.125.24.0-255,378,55183,19,290739
34438,0.000304,172.31.36.0-255,66,55249,19,290739
34439,0.000489,74.125.24.0-255,1484,56733,19,290739
34440,0.000496,172.31.36.0-255,66,56799,19,290739
34441,0.000502,74.125.24.0-255,2902,59701,19,290739
34442,0.000505,172.31.36.0-255,66,59767,19,290739
34443,0.000515,74.125.24.0-255,4320,64087,19,290739
34444,0.000518,172.31.36.0-255,66,64153,19,290739
34445,0.000547,74.125.24.0-255,1484,65637,19,290739
34446,0.00055,172.31.36.0-255,66,65703,19,290739
34447,0.000558,74.125.24.0-255,7156,72859,19,290739
34448,0.00056,172.31.36.0-255,66,72925,19,290739
34449,0.00058,172.31.36.0-255,66,72991,19,290739
34450,0.000584,74.125.24.0-255,2184,75175,19,290739
34451,0.000587,172.31.36.0-255,66,75241,19,290739
34452,0.000848,74.125.24.0-255,1484,76725,19,290739
34453,0.000853,172.31.36.0-255,66,76791,19,290739
34454,0.000859,74.125.24.0-255,2902,79693,19,290739
34455,0.000861,172.31.36.0-255,66,79759,19,290739
34456,0.000868,74.125.24.0-255,5738,85497,19,290739
34457,0.000875,172.31.36.0-255,66,85563,19,290739
34458,0.00088,74.125.24.0-255,4320,89883,19,290739
34459,0.000882,172.31.36.0-255,66,89949,19,290739
34460,0.000885,74.125.24.0-255,1484,91433,19,290739
34461,0.000887,172.31.36.0-255,66,91499,19,290739
34462,0.000925,74.125.24.0-255,9992,101491,19,290739
34463,0.000933,172.31.36.0-255,66,101557,19,290739
34464,0.000941,74.125.24.0-255,7856,109413,19,290739
34465,0.000943,172.31.36.0-255,66,109479,19,290739
34466,0.000989,74.125.24.0-255,1484,110963,19,290739
34467,0.000992,172.31.36.0-255,66,111029,19,290739
34468,0.001012,74.125.24.0-255,2902,113931,19,290739
34469,0.001015,74.125.24.0-255,1484,115415,19,290739
34470,0.00102,172.31.36.0-255,66,115481,19,290739
34471,0.001034,74.125.24.0-255,4320,119801,19,290739
34472,0.001041,172.31.36.0-255,66,119867,19,290739
34473,0.001046,74.125.24.0-255,4320,124187,19,290739
34474,0.001048,172.31.36.0-255,66,124253,19,290739
34475,0.001056,74.125.24.0-255,7156,131409,19,290739
34476,0.001059,172.31.36.0-255,66,131475,19,290739
34477,0.001093,74.125.24.0-255,4320,135795,19,290739
34478,0.001096,172.31.36.0-255,66,135861,19,290739
34479,0.001105,74.125.24.0-255,7856,143717,19,290739
34480,0.001113,172.31.36.0-255,66,143783,19,290739
34481,0.00112,74.125.24.0-255,5738,149521,19,290739
34482,0.001122,172.31.36.0-255,66,149587,19,290739
34483,0.001147,74.125.24.0-255,2902,152489,19,290739
34484,0.00115,172.31.36.0-255,66,152555,19,290739
34485,0.001156,74.125.24.0-255,5738,158293,19,290739
34486,0.001158,172.31.36.0-255,66,158359,19,290739
34487,0.001179,172.31.36.0-255,66,158425,19,290739
34488,0.001183,74.125.24.0-255,3602,162027,19,290739
34489,0.001186,172.31.36.0-255,66,162093,19,290739
34490,0.001219,74.125.24.0-255,4320,166413,19,290739
34491,0.001222,172.31.36.0-255,66,166479,19,290739
34492,0.001226,74.125.24.0-255,1484,167963,19,290739
34493,0.001254,74.125.24.0-255,5738,173701,19,290739
34494,0.001257,172.31.36.0-255,66,173767,19,290739
34495,0.001275,172.31.36.0-255,66,173833,19,290739
34496,0.001305,74.125.24.0-255,9274,183107,19,290739
34497,0.001308,172.31.36.0-255,66,183173,19,290739
34498,0.001314,74.125.24.0-255,4320,187493,19,290739
34499,0.001316,172.31.36.0-255,66,187559,19,290739
34500,0.001357,74.125.24.0-255,5738,193297,19,290739
34501,0.00136,172.31.36.0-255,66,193363,19,290739
34502,0.001374,74.125.24.0-255,9992,203355,19,290739
34503,0.001382,172.31.36.0-255,66,203421,19,290739
34504,0.001394,172.31.36.0-255,66,203487,19,290739
34505,0.001398,74.125.24.0-255,2184,205671,19,290739
34506,0.001403,172.31.36.0-255,66,205737,19,290739
34507,0.001431,74.125.24.0-255,2902,208639,19,290739
34508,0.001438,172.31.36.0-255,66,208705,19,290739
34509,0.001446,74.125.24.0-255,7156,215861,19,290739
34510,0.001449,172.31.36.0-255,66,215927,19,290739
34511,0.001455,74.125.24.0-255,5738,221665,19,290739
34512,0.001457,172.31.36.0-255,66,221731,19,290739
34513,0.001503,74.125.24.0-255,9992,231723,19,290739
34514,0.001505,172.31.36.0-255,66,231789,19,290739
34515,0.001537,74.125.24.0-255,4320,236109,19,290739
34516,0.001539,172.31.36.0-255,66,236175,19,290739
34517,0.001545,74.125.24.0-255,3602,239777,19,290739
34518,0.001548,172.31.36.0-255,66,239843,19,290739
34519,0.001581,74.125.24.0-255,1484,241327,19,290739
34520,0.001587,74.125.24.0-255,2902,244229,19,290739
34521,0.001589,172.31.36.0-255,66,244295,19,290739
34522,0.00162,74.125.24.0-255,5738,250033,19,290739
34523,0.001623,172.31.36.0-255,66,250099,19,290739
34524,0.001662,172.31.36.0-255,66,250165,19,290739
34525,0.001683,74.125.24.0-255,1484,251649,19,290739
34526,0.001688,74.125.24.0-255,2902,254551,19,290739
34527,0.001691,172.31.36.0-255,66,254617,19,290739
34528,0.001725,74.125.24.0-255,7856,262473,19,290739
34529,0.001728,172.31.36.0-255,66,262539,19,290739
34530,0.001737,74.125.24.0-255,8574,271113,19,290739
34531,0.00174,172.31.36.0-255,66,271179,19,290739
34532,0.001763,74.125.24.0-255,2902,274081,19,290739
34533,0.001766,172.31.36.0-255,66,274147,19,290739
34534,0.001778,74.125.24.0-255,7156,281303,19,290739
34535,0.00178,172.31.36.0-255,66,281369,19,290739
34536,0.001829,172.31.36.0-255,66,281435,19,290739
34537,0.001844,172.31.36.0-255,66,281501,19,290739
34538,0.00185,74.125.24.0-255,4320,285821,19,290739
34539,0.001852,172.31.36.0-255,66,285887,19,290739
34540,0.00189,172.31.36.0-255,66,285953,19,290739
34541,0.001921,74.125.24.0-255,4378,290331,19,290739
34542,0.001924,172.31.36.0-255,66,290397,19,290739
34543,0.001949,74.125.24.0-255,105,290502,19,290739
34544,0.011568,172.31.36.0-255,66,290568,19,290739
34545,0.011614,172.31.36.0-255,105,290673,19,290739
34546,0.013847,74.125.24.0-255,66,290739,19,290739
34547,0.0,172.217.194.0-255,150,150,19,241398
34548,2.3e-05,172.31.36.0-255,66,216,19,241398
34549,3e-05,172.217.194.0-255,1484,1700,19,241398
34550,3.5e-05,172.31.36.0-255,66,1766,19,241398
34551,4.1e-05,172.217.194.0-255,2902,4668,19,241398
34552,4.6e-05,172.31.36.0-255,66,4734,19,241398
34553,5.4e-05,172.217.194.0-255,7156,11890,19,241398
34554,5.7e-05,172.31.36.0-255,66,11956,19,241398
34555,6.1e-05,172.217.194.0-255,2018,13974,19,241398
34556,6.3e-05,172.31.36.0-255,66,14040,19,241398
34557,7.8e-05,172.31.36.0-255,66,14106,19,241398
34558,8.1e-05,172.217.194.0-255,1484,15590,19,241398
34559,8.4e-05,172.31.36.0-255,66,15656,19,241398
34560,0.000129,172.31.36.0-255,66,15722,19,241398
34561,0.000163,172.31.36.0-255,66,15788,19,241398
34562,0.000192,172.217.194.0-255,5960,21748,19,241398
34563,0.000195,172.31.36.0-255,66,21814,19,241398
34564,0.000329,172.217.194.0-255,1484,23298,19,241398
34565,0.000335,172.31.36.0-255,66,23364,19,241398
34566,0.000356,172.217.194.0-255,2902,26266,19,241398
34567,0.000359,172.31.36.0-255,66,26332,19,241398
34568,0.000365,172.217.194.0-255,4320,30652,19,241398
34569,0.000368,172.31.36.0-255,66,30718,19,241398
34570,0.000393,172.217.194.0-255,1484,32202,19,241398
34571,0.000395,172.31.36.0-255,66,32268,19,241398
34572,0.000402,172.217.194.0-255,5738,38006,19,241398
34573,0.000404,172.31.36.0-255,66,38072,19,241398
34574,0.000418,172.31.36.0-255,66,38138,19,241398
34575,0.000435,172.217.194.0-255,1484,39622,19,241398
34576,0.000442,172.217.194.0-255,5020,44642,19,241398
34577,0.000492,172.31.36.0-255,66,44708,19,241398
34578,0.000512,172.217.194.0-255,1484,46192,19,241398
34579,0.00053,172.217.194.0-255,1484,47676,19,241398
34580,0.000534,172.217.194.0-255,1484,49160,19,241398
34581,0.000548,172.217.194.0-255,1484,50644,19,241398
34582,0.000551,172.217.194.0-255,1484,52128,19,241398
34583,0.000556,172.31.36.0-255,66,52194,19,241398
34584,0.000575,172.217.194.0-255,4320,56514,19,241398
34585,0.00059,172.217.194.0-255,1484,57998,19,241398
34586,0.000632,172.217.194.0-255,7856,65854,19,241398
34587,0.000638,172.217.194.0-255,4320,70174,19,241398
34588,0.000646,172.31.36.0-255,66,70240,19,241398
34589,0.000697,172.217.194.0-255,9274,79514,19,241398
34590,0.000714,172.31.36.0-255,66,79580,19,241398
34591,0.000728,172.217.194.0-255,8574,88154,19,241398
34592,0.000759,172.217.194.0-255,5020,93174,19,241398
34593,0.00082,172.217.194.0-255,5738,98912,19,241398
34594,0.000841,172.217.194.0-255,8574,107486,19,241398
34595,0.000846,172.31.36.0-255,66,107552,19,241398
34596,0.000859,172.217.194.0-255,5738,113290,19,241398
34597,0.00086,172.217.194.0-255,766,114056,19,241398
34598,0.000863,172.217.194.0-255,1484,115540,19,241398
34599,0.000881,172.217.194.0-255,4320,119860,19,241398
34600,0.000895,172.217.194.0-255,2902,122762,19,241398
34601,0.000914,172.217.194.0-255,7156,129918,19,241398
34602,0.000925,172.217.194.0-255,8574,138492,19,241398
34603,0.000928,172.31.36.0-255,66,138558,19,241398
34604,0.00094,172.31.36.0-255,66,138624,19,241398
34605,0.00096,172.217.194.0-255,1484,140108,19,241398
34606,0.000977,172.217.194.0-255,7856,147964,19,241398
34607,0.000995,172.31.36.0-255,66,148030,19,241398
34608,0.001045,172.217.194.0-255,1484,149514,19,241398
34609,0.001059,172.217.194.0-255,2902,152416,19,241398
34610,0.001063,172.217.194.0-255,2902,155318,19,241398
34611,0.00108,172.217.194.0-255,2902,158220,19,241398
34612,0.001098,172.31.36.0-255,66,158286,19,241398
34613,0.001107,172.217.194.0-255,8574,166860,19,241398
34614,0.001112,172.31.36.0-255,66,166926,19,241398
34615,0.001128,172.217.194.0-255,4320,171246,19,241398
34616,0.001134,172.217.194.0-255,5738,176984,19,241398
34617,0.001152,172.31.36.0-255,66,177050,19,241398
34618,0.001169,172.217.194.0-255,5020,182070,19,241398
34619,0.001186,172.31.36.0-255,66,182136,19,241398
34620,0.001205,172.217.194.0-255,5738,187874,19,241398
34621,0.001209,172.217.194.0-255,1484,189358,19,241398
34622,0.00123,172.217.194.0-255,4320,193678,19,241398
34623,0.001233,172.217.194.0-255,1484,195162,19,241398
34624,0.001237,172.31.36.0-255,66,195228,19,241398
34625,0.001266,172.217.194.0-255,1484,196712,19,241398
34626,0.001278,172.31.36.0-255,66,196778,19,241398
34627,0.001287,172.217.194.0-255,8574,205352,19,241398
34628,0.001293,172.31.36.0-255,66,205418,19,241398
34629,0.001303,172.217.194.0-255,3602,209020,19,241398
34630,0.001309,172.217.194.0-255,7156,216176,19,241398
34631,0.001334,172.217.194.0-255,7156,223332,19,241398
34632,0.001343,172.217.194.0-255,9992,233324,19,241398
34633,0.00135,172.31.36.0-255,66,233390,19,241398
34634,0.001363,172.217.194.0-255,5020,238410,19,241398
34635,0.001443,172.217.194.0-255,1484,239894,19,241398
34636,0.001446,172.217.194.0-255,1162,241056,19,241398
34637,0.001448,172.217.194.0-255,105,241161,19,241398
34638,0.00146,172.31.36.0-255,66,241227,19,241398
34639,0.004414,172.31.36.0-255,105,241332,19,241398
34640,0.006667,172.217.194.0-255,66,241398,19,241398
34641,0.0,74.125.24.0-255,152,152,19,209651
34642,2.4e-05,172.31.36.0-255,66,218,19,209651
34643,3e-05,74.125.24.0-255,1484,1702,19,209651
34644,3.4e-05,172.31.36.0-255,66,1768,19,209651
34645,3.8e-05,74.125.24.0-255,2902,4670,19,209651
34646,4.1e-05,172.31.36.0-255,66,4736,19,209651
34647,4.7e-05,74.125.24.0-255,7156,11892,19,209651
34648,5e-05,172.31.36.0-255,66,11958,19,209651
34649,9.8e-05,74.125.24.0-255,4320,16278,19,209651
34650,0.000101,172.31.36.0-255,66,16344,19,209651
34651,0.000125,74.125.24.0-255,7711,24055,19,209651
34652,0.000128,172.31.36.0-255,66,24121,19,209651
34653,0.000134,74.125.24.0-255,6797,30918,19,209651
34654,0.000137,172.31.36.0-255,66,30984,19,209651
34655,0.000188,74.125.24.0-255,1484,32468,19,209651
34656,0.00019,172.31.36.0-255,66,32534,19,209651
34657,0.00021,74.125.24.0-255,2902,35436,19,209651
34658,0.000213,172.31.36.0-255,66,35502,19,209651
34659,0.000218,74.125.24.0-255,5738,41240,19,209651
34660,0.000221,172.31.36.0-255,66,41306,19,209651
34661,0.000275,74.125.24.0-255,4320,45626,19,209651
34662,0.000278,172.31.36.0-255,66,45692,19,209651
34663,0.000292,74.125.24.0-255,2543,48235,19,209651
34664,0.000294,172.31.36.0-255,66,48301,19,209651
34665,0.000682,74.125.24.0-255,1484,49785,19,209651
34666,0.000687,172.31.36.0-255,66,49851,19,209651
34667,0.000695,74.125.24.0-255,2902,52753,19,209651
34668,0.000697,172.31.36.0-255,66,52819,19,209651
34669,0.000703,74.125.24.0-255,5738,58557,19,209651
34670,0.000705,172.31.36.0-255,66,58623,19,209651
34671,0.00071,74.125.24.0-255,4320,62943,19,209651
34672,0.000712,172.31.36.0-255,66,63009,19,209651
34673,0.000727,74.125.24.0-255,1484,64493,19,209651
34674,0.000758,74.125.24.0-255,3123,67616,19,209651
34675,0.000761,172.31.36.0-255,66,67682,19,209651
34676,0.000767,74.125.24.0-255,4320,72002,19,209651
34677,0.000769,172.31.36.0-255,66,72068,19,209651
34678,0.000788,74.125.24.0-255,4320,76388,19,209651
34679,0.00079,172.31.36.0-255,66,76454,19,209651
34680,0.000807,74.125.24.0-255,5738,82192,19,209651
34681,0.000809,172.31.36.0-255,66,82258,19,209651
34682,0.000812,74.125.24.0-255,1125,83383,19,209651
34683,0.00083,74.125.24.0-255,1484,84867,19,209651
34684,0.000832,172.31.36.0-255,66,84933,19,209651
34685,0.000846,74.125.24.0-255,4320,89253,19,209651
34686,0.000848,172.31.36.0-255,66,89319,19,209651
34687,0.000875,74.125.24.0-255,5738,95057,19,209651
34688,0.000877,172.31.36.0-255,66,95123,19,209651
34689,0.000897,74.125.24.0-255,4320,99443,19,209651
34690,0.0009,172.31.36.0-255,66,99509,19,209651
34691,0.000903,74.125.24.0-255,1125,100634,19,209651
34692,0.001052,74.125.24.0-255,1484,102118,19,209651
34693,0.001056,172.31.36.0-255,66,102184,19,209651
34694,0.001061,74.125.24.0-255,2902,105086,19,209651
34695,0.001063,172.31.36.0-255,66,105152,19,209651
34696,0.001076,74.125.24.0-255,4320,109472,19,209651
34697,0.001078,172.31.36.0-255,66,109538,19,209651
34698,0.001088,74.125.24.0-255,1484,111022,19,209651
34699,0.001105,74.125.24.0-255,7156,118178,19,209651
34700,0.001107,172.31.36.0-255,66,118244,19,209651
34701,0.001125,74.125.24.0-255,5738,123982,19,209651
34702,0.001127,172.31.36.0-255,66,124048,19,209651
34703,0.00113,74.125.24.0-255,1484,125532,19,209651
34704,0.001144,74.125.24.0-255,4320,129852,19,209651
34705,0.001146,172.31.36.0-255,66,129918,19,209651
34706,0.001162,74.125.24.0-255,4471,134389,19,209651
34707,0.001164,172.31.36.0-255,66,134455,19,209651
34708,0.001446,74.125.24.0-255,1484,135939,19,209651
34709,0.00146,74.125.24.0-255,2902,138841,19,209651
34710,0.001462,172.31.36.0-255,66,138907,19,209651
34711,0.001466,74.125.24.0-255,2902,141809,19,209651
34712,0.001468,172.31.36.0-255,66,141875,19,209651
34713,0.00148,74.125.24.0-255,4320,146195,19,209651
34714,0.001483,172.31.36.0-255,66,146261,19,209651
34715,0.001502,74.125.24.0-255,2902,149163,19,209651
34716,0.001504,172.31.36.0-255,66,149229,19,209651
34717,0.001516,172.31.36.0-255,66,149295,19,209651
34718,0.001537,74.125.24.0-255,4320,153615,19,209651
34719,0.001539,172.31.36.0-255,66,153681,19,209651
34720,0.001555,74.125.24.0-255,3602,157283,19,209651
34721,0.001557,172.31.36.0-255,66,157349,19,209651
34722,0.003543,74.125.24.0-255,1484,158833,19,209651
34723,0.00356,74.125.24.0-255,4320,163153,19,209651
34724,0.003566,172.31.36.0-255,66,163219,19,209651
34725,0.005554,74.125.24.0-255,5738,168957,19,209651
34726,0.00556,172.31.36.0-255,66,169023,19,209651
34727,0.007558,74.125.24.0-255,5738,174761,19,209651
34728,0.007564,172.31.36.0-255,66,174827,19,209651
34729,0.009554,74.125.24.0-255,5738,180565,19,209651
34730,0.009562,172.31.36.0-255,66,180631,19,209651
34731,0.01156,74.125.24.0-255,5738,186369,19,209651
34732,0.011566,172.31.36.0-255,66,186435,19,209651
34733,0.013575,74.125.24.0-255,5738,192173,19,209651
34734,0.013585,172.31.36.0-255,66,192239,19,209651
34735,0.015584,74.125.24.0-255,5738,197977,19,209651
34736,0.015593,172.31.36.0-255,66,198043,19,209651
34737,0.017606,74.125.24.0-255,5738,203781,19,209651
34738,0.017612,172.31.36.0-255,66,203847,19,209651
34739,0.019604,74.125.24.0-255,5738,209585,19,209651
34740,0.01961,172.31.36.0-255,66,209651,19,209651
34741,0.0,172.217.194.0-255,153,153,19,103702
34742,3e-05,172.31.36.0-255,66,219,19,103702
34743,3.6e-05,172.217.194.0-255,1484,1703,19,103702
34744,4e-05,172.31.36.0-255,66,1769,19,103702
34745,5.3e-05,172.217.194.0-255,2902,4671,19,103702
34746,5.7e-05,172.31.36.0-255,66,4737,19,103702
34747,9.4e-05,172.217.194.0-255,7156,11893,19,103702
34748,9.8e-05,172.31.36.0-255,66,11959,19,103702
34749,0.000133,172.217.194.0-255,4320,16279,19,103702
34750,0.000137,172.31.36.0-255,66,16345,19,103702
34751,0.000165,172.217.194.0-255,3458,19803,19,103702
34752,0.000168,172.31.36.0-255,66,19869,19,103702
34753,0.000174,172.217.194.0-255,2902,22771,19,103702
34754,0.000176,172.31.36.0-255,66,22837,19,103702
34755,0.000206,172.217.194.0-255,5738,28575,19,103702
34756,0.000209,172.31.36.0-255,66,28641,19,103702
34757,0.00024,172.217.194.0-255,7156,35797,19,103702
34758,0.000244,172.31.36.0-255,66,35863,19,103702
34759,0.000253,172.217.194.0-255,8574,44437,19,103702
34760,0.000256,172.31.36.0-255,66,44503,19,103702
34761,0.000283,172.217.194.0-255,3602,48105,19,103702
34762,0.000286,172.31.36.0-255,66,48171,19,103702
34763,0.000528,172.217.194.0-255,1484,49655,19,103702
34764,0.000533,172.31.36.0-255,66,49721,19,103702
34765,0.000565,172.217.194.0-255,2902,52623,19,103702
34766,0.000568,172.31.36.0-255,66,52689,19,103702
34767,0.000575,172.217.194.0-255,5738,58427,19,103702
34768,0.000577,172.31.36.0-255,66,58493,19,103702
34769,0.00059,172.217.194.0-255,5738,64231,19,103702
34770,0.000593,172.31.36.0-255,66,64297,19,103702
34771,0.000615,172.217.194.0-255,1415,65712,19,103702
34772,0.000623,172.31.36.0-255,66,65778,19,103702
34773,0.003154,172.217.194.0-255,4320,70098,19,103702
34774,0.003161,172.31.36.0-255,66,70164,19,103702
34775,0.003188,172.217.194.0-255,1484,71648,19,103702
34776,0.005684,172.217.194.0-255,2902,74550,19,103702
34777,0.005688,172.31.36.0-255,66,74616,19,103702
34778,0.005706,172.217.194.0-255,1484,76100,19,103702
34779,0.008219,172.217.194.0-255,4320,80420,19,103702
34780,0.008231,172.31.36.0-255,66,80486,19,103702
34781,0.010802,172.217.194.0-255,5738,86224,19,103702
34782,0.010812,172.31.36.0-255,66,86290,19,103702
34783,0.01334,172.217.194.0-255,5738,92028,19,103702
34784,0.01335,172.31.36.0-255,66,92094,19,103702
34785,0.015898,172.217.194.0-255,5738,97832,19,103702
34786,0.015905,172.31.36.0-255,66,97898,19,103702
34787,0.018452,172.217.194.0-255,5738,103636,19,103702
34788,0.018459,172.31.36.0-255,66,103702,19,103702
34789,0.0,74.125.24.0-255,153,153,19,183085
34790,3.2e-05,172.31.36.0-255,66,219,19,183085
34791,3.9e-05,74.125.24.0-255,1484,1703,19,183085
34792,4.4e-05,172.31.36.0-255,66,1769,19,183085
34793,4.9e-05,74.125.24.0-255,2902,4671,19,183085
34794,5.1e-05,172.31.36.0-255,66,4737,19,183085
34795,6.6e-05,74.125.24.0-255,7156,11893,19,183085
34796,6.9e-05,172.31.36.0-255,66,11959,19,183085
34797,0.000113,74.125.24.0-255,7760,19719,19,183085
34798,0.000117,172.31.36.0-255,66,19785,19,183085
34799,0.000149,74.125.24.0-255,8574,28359,19,183085
34800,0.000152,172.31.36.0-255,66,28425,19,183085
34801,0.000178,74.125.24.0-255,4320,32745,19,183085
34802,0.000181,172.31.36.0-255,66,32811,19,183085
34803,0.000211,74.125.24.0-255,7156,39967,19,183085
34804,0.000215,172.31.36.0-255,66,40033,19,183085
34805,0.000241,74.125.24.0-255,5738,45771,19,183085
34806,0.000244,172.31.36.0-255,66,45837,19,183085
34807,0.000255,74.125.24.0-255,2184,48021,19,183085
34808,0.000261,172.31.36.0-255,66,48087,19,183085
34809,0.000281,74.125.24.0-255,1484,49571,19,183085
34810,0.000284,172.31.36.0-255,66,49637,19,183085
34811,0.000309,74.125.24.0-255,2902,52539,19,183085
34812,0.000313,172.31.36.0-255,66,52605,19,183085
34813,0.000319,74.125.24.0-255,5738,58343,19,183085
34814,0.000323,172.31.36.0-255,66,58409,19,183085
34815,0.00036,74.125.24.0-255,7386,65795,19,183085
34816,0.000364,172.31.36.0-255,66,65861,19,183085
34817,0.000766,74.125.24.0-255,1484,67345,19,183085
34818,0.00077,172.31.36.0-255,66,67411,19,183085
34819,0.000776,74.125.24.0-255,2902,70313,19,183085
34820,0.000779,172.31.36.0-255,66,70379,19,183085
34821,0.000792,74.125.24.0-255,5738,76117,19,183085
34822,0.000794,172.31.36.0-255,66,76183,19,183085
34823,0.000801,74.125.24.0-255,4320,80503,19,183085
34824,0.000803,172.31.36.0-255,66,80569,19,183085
34825,0.000816,172.31.36.0-255,66,80635,19,183085
34826,0.000824,74.125.24.0-255,7856,88491,19,183085
34827,0.000827,172.31.36.0-255,66,88557,19,183085
34828,0.001711,74.125.24.0-255,1484,90041,19,183085
34829,0.001722,74.125.24.0-255,2902,92943,19,183085
34830,0.001727,172.31.36.0-255,66,93009,19,183085
34831,0.001732,74.125.24.0-255,2902,95911,19,183085
34832,0.001734,172.31.36.0-255,66,95977,19,183085
34833,0.001739,74.125.24.0-255,4320,100297,19,183085
34834,0.001741,172.31.36.0-255,66,100363,19,183085
34835,0.001802,74.125.24.0-255,8574,108937,19,183085
34836,0.001805,172.31.36.0-255,66,109003,19,183085
34837,0.001811,74.125.24.0-255,5738,114741,19,183085
34838,0.001813,172.31.36.0-255,66,114807,19,183085
34839,0.001842,74.125.24.0-255,5738,120545,19,183085
34840,0.001844,172.31.36.0-255,66,120611,19,183085
34841,0.00187,74.125.24.0-255,6438,127049,19,183085
34842,0.001872,172.31.36.0-255,66,127115,19,183085
34843,0.001883,172.31.36.0-255,66,127181,19,183085
34844,0.001891,74.125.24.0-255,1484,128665,19,183085
34845,0.00194,74.125.24.0-255,5738,134403,19,183085
34846,0.001943,172.31.36.0-255,66,134469,19,183085
34847,0.001975,74.125.24.0-255,9274,143743,19,183085
34848,0.001977,172.31.36.0-255,66,143809,19,183085
34849,0.004222,74.125.24.0-255,4320,148129,19,183085
34850,0.004226,172.31.36.0-255,66,148195,19,183085
34851,0.004249,74.125.24.0-255,1484,149679,19,183085
34852,0.006475,74.125.24.0-255,4320,153999,19,183085
34853,0.006482,172.31.36.0-255,66,154065,19,183085
34854,0.008743,74.125.24.0-255,5738,159803,19,183085
34855,0.00875,172.31.36.0-255,66,159869,19,183085
34856,0.011023,74.125.24.0-255,5738,165607,19,183085
34857,0.011031,172.31.36.0-255,66,165673,19,183085
34858,0.013325,74.125.24.0-255,5738,171411,19,183085
34859,0.013332,172.31.36.0-255,66,171477,19,183085
34860,0.01565,74.125.24.0-255,5738,177215,19,183085
34861,0.015657,172.31.36.0-255,66,177281,19,183085
34862,0.017951,74.125.24.0-255,5738,183019,19,183085
34863,0.01796,172.31.36.0-255,66,183085,19,183085
34864,0.0,74.125.24.0-255,153,153,19,347985
34865,2.3e-05,172.31.36.0-255,66,219,19,347985
34866,3.1e-05,74.125.24.0-255,1484,1703,19,347985
34867,3.5e-05,172.31.36.0-255,66,1769,19,347985
34868,4.1e-05,74.125.24.0-255,2902,4671,19,347985
34869,4.5e-05,172.31.36.0-255,66,4737,19,347985
34870,5.1e-05,74.125.24.0-255,4320,9057,19,347985
34871,5.4e-05,172.31.36.0-255,66,9123,19,347985
34872,8.3e-05,74.125.24.0-255,2902,12025,19,347985
34873,8.6e-05,172.31.36.0-255,66,12091,19,347985
34874,9.1e-05,74.125.24.0-255,2066,14157,19,347985
34875,9.3e-05,172.31.36.0-255,66,14223,19,347985
34876,0.0001,74.125.24.0-255,4320,18543,19,347985
34877,0.000102,172.31.36.0-255,66,18609,19,347985
34878,0.000135,74.125.24.0-255,7156,25765,19,347985
34879,0.000137,172.31.36.0-255,66,25831,19,347985
34880,0.000142,74.125.24.0-255,2902,28733,19,347985
34881,0.000144,172.31.36.0-255,66,28799,19,347985
34882,0.000176,74.125.24.0-255,2543,31342,19,347985
34883,0.000179,172.31.36.0-255,66,31408,19,347985
34884,0.000229,74.125.24.0-255,1484,32892,19,347985
34885,0.000233,172.31.36.0-255,66,32958,19,347985
34886,0.000255,74.125.24.0-255,2902,35860,19,347985
34887,0.000257,172.31.36.0-255,66,35926,19,347985
34888,0.000264,74.125.24.0-255,5738,41664,19,347985
34889,0.000266,172.31.36.0-255,66,41730,19,347985
34890,0.000272,74.125.24.0-255,5738,47468,19,347985
34891,0.000274,172.31.36.0-255,66,47534,19,347985
34892,0.000309,74.125.24.0-255,7156,54690,19,347985
34893,0.000312,172.31.36.0-255,66,54756,19,347985
34894,0.000335,74.125.24.0-255,6797,61553,19,347985
34895,0.000338,172.31.36.0-255,66,61619,19,347985
34896,0.000344,74.125.24.0-255,4271,65890,19,347985
34897,0.000346,172.31.36.0-255,66,65956,19,347985
34898,0.000349,74.125.24.0-255,377,66333,19,347985
34899,0.000577,74.125.24.0-255,1484,67817,19,347985
34900,0.000584,172.31.36.0-255,66,67883,19,347985
34901,0.000589,74.125.24.0-255,2902,70785,19,347985
34902,0.000592,172.31.36.0-255,66,70851,19,347985
34903,0.000598,74.125.24.0-255,5738,76589,19,347985
34904,0.000601,172.31.36.0-255,66,76655,19,347985
34905,0.00062,74.125.24.0-255,4320,80975,19,347985
34906,0.000625,172.31.36.0-255,66,81041,19,347985
34907,0.000657,74.125.24.0-255,8574,89615,19,347985
34908,0.000661,172.31.36.0-255,66,89681,19,347985
34909,0.000669,74.125.24.0-255,9992,99673,19,347985
34910,0.000672,172.31.36.0-255,66,99739,19,347985
34911,0.000674,74.125.24.0-255,766,100505,19,347985
34912,0.000925,74.125.24.0-255,1484,101989,19,347985
34913,0.000931,172.31.36.0-255,66,102055,19,347985
34914,0.000937,74.125.24.0-255,2902,104957,19,347985
34915,0.000939,172.31.36.0-255,66,105023,19,347985
34916,0.000945,74.125.24.0-255,4320,109343,19,347985
34917,0.000948,172.31.36.0-255,66,109409,19,347985
34918,0.000969,74.125.24.0-255,1484,110893,19,347985
34919,0.000979,74.125.24.0-255,8574,119467,19,347985
34920,0.000981,172.31.36.0-255,66,119533,19,347985
34921,0.001005,74.125.24.0-255,4320,123853,19,347985
34922,0.001008,172.31.36.0-255,66,123919,19,347985
34923,0.001017,74.125.24.0-255,8574,132493,19,347985
34924,0.001019,172.31.36.0-255,66,132559,19,347985
34925,0.001047,74.125.24.0-255,2184,134743,19,347985
34926,0.00105,172.31.36.0-255,66,134809,19,347985
34927,0.001071,74.125.24.0-255,2902,137711,19,347985
34928,0.001074,172.31.36.0-255,66,137777,19,347985
34929,0.001096,74.125.24.0-255,7156,144933,19,347985
34930,0.0011,172.31.36.0-255,66,144999,19,347985
34931,0.001104,74.125.24.0-255,2902,147901,19,347985
34932,0.001107,172.31.36.0-255,66,147967,19,347985
34933,0.001141,74.125.24.0-255,8574,156541,19,347985
34934,0.001146,172.31.36.0-255,66,156607,19,347985
34935,0.001151,74.125.24.0-255,4320,160927,19,347985
34936,0.001153,172.31.36.0-255,66,160993,19,347985
34937,0.001178,74.125.24.0-255,7856,168849,19,347985
34938,0.001181,172.31.36.0-255,66,168915,19,347985
34939,0.001197,74.125.24.0-255,1484,170399,19,347985
34940,0.001201,74.125.24.0-255,2902,173301,19,347985
34941,0.001204,172.31.36.0-255,66,173367,19,347985
34942,0.00123,74.125.24.0-255,5738,179105,19,347985
34943,0.001234,172.31.36.0-255,66,179171,19,347985
34944,0.001238,74.125.24.0-255,1484,180655,19,347985
34945,0.00126,74.125.24.0-255,9992,190647,19,347985
34946,0.001264,172.31.36.0-255,66,190713,19,347985
34947,0.001299,74.125.24.0-255,9992,200705,19,347985
34948,0.001303,172.31.36.0-255,66,200771,19,347985
34949,0.001321,74.125.24.0-255,2184,202955,19,347985
34950,0.001324,172.31.36.0-255,66,203021,19,347985
34951,0.001365,74.125.24.0-255,1484,204505,19,347985
34952,0.001381,74.125.24.0-255,2902,207407,19,347985
34953,0.001384,172.31.36.0-255,66,207473,19,347985
34954,0.00141,74.125.24.0-255,5738,213211,19,347985
34955,0.001413,172.31.36.0-255,66,213277,19,347985
34956,0.001417,74.125.24.0-255,1484,214761,19,347985
34957,0.001436,74.125.24.0-255,8574,223335,19,347985
34958,0.001439,172.31.36.0-255,66,223401,19,347985
34959,0.001464,74.125.24.0-255,5738,229139,19,347985
34960,0.001466,172.31.36.0-255,66,229205,19,347985
34961,0.001493,74.125.24.0-255,7856,237061,19,347985
34962,0.001496,172.31.36.0-255,66,237127,19,347985
34963,0.001555,74.125.24.0-255,1484,238611,19,347985
34964,0.001561,74.125.24.0-255,2902,241513,19,347985
34965,0.001564,172.31.36.0-255,66,241579,19,347985
34966,0.001583,74.125.24.0-255,5738,247317,19,347985
34967,0.001586,172.31.36.0-255,66,247383,19,347985
34968,0.001656,74.125.24.0-255,8574,255957,19,347985
34969,0.00166,172.31.36.0-255,66,256023,19,347985
34970,0.001677,74.125.24.0-255,1484,257507,19,347985
34971,0.001691,172.31.36.0-255,66,257573,19,347985
34972,0.001696,74.125.24.0-255,2184,259757,19,347985
34973,0.001698,172.31.36.0-255,66,259823,19,347985
34974,0.001793,74.125.24.0-255,1484,261307,19,347985
34975,0.001799,74.125.24.0-255,2902,264209,19,347985
34976,0.00182,172.31.36.0-255,66,264275,19,347985
34977,0.001827,74.125.24.0-255,5738,270013,19,347985
34978,0.00183,172.31.36.0-255,66,270079,19,347985
34979,0.00186,74.125.24.0-255,7156,277235,19,347985
34980,0.001863,172.31.36.0-255,66,277301,19,347985
34981,0.001866,74.125.24.0-255,1484,278785,19,347985
34982,0.001885,74.125.24.0-255,7156,285941,19,347985
34983,0.001888,172.31.36.0-255,66,286007,19,347985
34984,0.001912,74.125.24.0-255,5738,291745,19,347985
34985,0.001915,172.31.36.0-255,66,291811,19,347985
34986,0.00192,74.125.24.0-255,2184,293995,19,347985
34987,0.001922,172.31.36.0-255,66,294061,19,347985
34988,0.001988,74.125.24.0-255,1484,295545,19,347985
34989,0.002012,74.125.24.0-255,2902,298447,19,347985
34990,0.002016,172.31.36.0-255,66,298513,19,347985
34991,0.002023,74.125.24.0-255,5738,304251,19,347985
34992,0.002025,172.31.36.0-255,66,304317,19,347985
34993,0.002028,74.125.24.0-255,1484,305801,19,347985
34994,0.002055,172.31.36.0-255,66,305867,19,347985
34995,0.002061,74.125.24.0-255,4320,310187,19,347985
34996,0.002063,172.31.36.0-255,66,310253,19,347985
34997,0.00209,74.125.24.0-255,4320,314573,19,347985
34998,0.002093,172.31.36.0-255,66,314639,19,347985
34999,0.002107,74.125.24.0-255,4320,318959,19,347985
35000,0.00211,172.31.36.0-255,66,319025,19,347985
35001,0.002158,172.31.36.0-255,66,319091,19,347985
35002,0.002178,172.31.36.0-255,66,319157,19,347985
35003,0.004262,74.125.24.0-255,5738,324895,19,347985
35004,0.004269,172.31.36.0-255,66,324961,19,347985
35005,0.006358,74.125.24.0-255,5738,330699,19,347985
35006,0.006364,172.31.36.0-255,66,330765,19,347985
35007,0.008447,74.125.24.0-255,5738,336503,19,347985
35008,0.008455,172.31.36.0-255,66,336569,19,347985
35009,0.010552,74.125.24.0-255,5738,342307,19,347985
35010,0.010558,172.31.36.0-255,66,342373,19,347985
35011,0.012646,74.125.24.0-255,5375,347748,19,347985
35012,0.012653,172.31.36.0-255,66,347814,19,347985
35013,0.013032,172.31.36.0-255,105,347919,19,347985
35014,0.015094,74.125.24.0-255,66,347985,19,347985
35015,0.0,74.125.24.0-255,146,146,19,156414
35016,1.2e-05,172.31.36.0-255,66,212,19,156414
35017,1.9e-05,74.125.24.0-255,1484,1696,19,156414
35018,2.3e-05,172.31.36.0-255,66,1762,19,156414
35019,2.8e-05,74.125.24.0-255,2902,4664,19,156414
35020,3.1e-05,172.31.36.0-255,66,4730,19,156414
35021,4.6e-05,74.125.24.0-255,7156,11886,19,156414
35022,5e-05,172.31.36.0-255,66,11952,19,156414
35023,5.3e-05,74.125.24.0-255,2028,13980,19,156414
35024,5.6e-05,172.31.36.0-255,66,14046,19,156414
35025,0.000432,74.125.24.0-255,1484,15530,19,156414
35026,0.000437,172.31.36.0-255,66,15596,19,156414
35027,0.000444,74.125.24.0-255,2902,18498,19,156414
35028,0.000447,172.31.36.0-255,66,18564,19,156414
35029,0.000458,74.125.24.0-255,5738,24302,19,156414
35030,0.00046,172.31.36.0-255,66,24368,19,156414
35031,0.000492,74.125.24.0-255,6797,31165,19,156414
35032,0.000494,172.31.36.0-255,66,31231,19,156414
35033,0.000654,74.125.24.0-255,1484,32715,19,156414
35034,0.000658,172.31.36.0-255,66,32781,19,156414
35035,0.000663,74.125.24.0-255,2902,35683,19,156414
35036,0.000665,172.31.36.0-255,66,35749,19,156414
35037,0.000696,74.125.24.0-255,5738,41487,19,156414
35038,0.000699,172.31.36.0-255,66,41553,19,156414
35039,0.000704,74.125.24.0-255,4320,45873,19,156414
35040,0.000706,172.31.36.0-255,66,45939,19,156414
35041,0.000752,172.31.36.0-255,66,46005,19,156414
35042,0.000758,74.125.24.0-255,4320,50325,19,156414
35043,0.00076,172.31.36.0-255,66,50391,19,156414
35044,0.000789,74.125.24.0-255,2843,53234,19,156414
35045,0.000791,172.31.36.0-255,66,53300,19,156414
35046,0.000855,74.125.24.0-255,129,53429,19,156414
35047,0.001111,74.125.24.0-255,1484,54913,19,156414
35048,0.001119,74.125.24.0-255,2902,57815,19,156414
35049,0.001123,74.125.24.0-255,2902,60717,19,156414
35050,0.001137,74.125.24.0-255,2902,63619,19,156414
35051,0.001159,74.125.24.0-255,5738,69357,19,156414
35052,0.001177,74.125.24.0-255,5379,74736,19,156414
35053,0.001211,74.125.24.0-255,7156,81892,19,156414
35054,0.001224,74.125.24.0-255,4320,86212,19,156414
35055,0.001227,74.125.24.0-255,1125,87337,19,156414
35056,0.001239,74.125.24.0-255,345,87682,19,156414
35057,0.002189,74.125.24.0-255,1484,89166,19,156414
35058,0.002192,74.125.24.0-255,1484,90650,19,156414
35059,0.002204,74.125.24.0-255,1484,92134,19,156414
35060,0.002225,74.125.24.0-255,5738,97872,19,156414
35061,0.002231,74.125.24.0-255,7156,105028,19,156414
35062,0.002257,74.125.24.0-255,4320,109348,19,156414
35063,0.002285,74.125.24.0-255,9992,119340,19,156414
35064,0.002289,74.125.24.0-255,2184,121524,19,156414
35065,0.002819,172.31.36.0-255,66,121590,19,156414
35066,0.005494,74.125.24.0-255,5738,127328,19,156414
35067,0.005503,172.31.36.0-255,66,127394,19,156414
35068,0.008125,74.125.24.0-255,5738,133132,19,156414
35069,0.008133,172.31.36.0-255,66,133198,19,156414
35070,0.01073,74.125.24.0-255,5738,138936,19,156414
35071,0.010738,172.31.36.0-255,66,139002,19,156414
35072,0.013351,74.125.24.0-255,5738,144740,19,156414
35073,0.01336,172.31.36.0-255,66,144806,19,156414
35074,0.015969,74.125.24.0-255,5738,150544,19,156414
35075,0.01598,172.31.36.0-255,66,150610,19,156414
35076,0.018625,74.125.24.0-255,5738,156348,19,156414
35077,0.018632,172.31.36.0-255,66,156414,19,156414
35078,0.0,74.125.24.0-255,143,143,19,199053
35079,2.8e-05,172.31.36.0-255,66,209,19,199053
35080,3.6e-05,74.125.24.0-255,1484,1693,19,199053
35081,4.1e-05,172.31.36.0-255,66,1759,19,199053
35082,4.4e-05,74.125.24.0-255,1484,3243,19,199053
35083,4.7e-05,172.31.36.0-255,66,3309,19,199053
35084,5.2e-05,74.125.24.0-255,2902,6211,19,199053
35085,5.5e-05,172.31.36.0-255,66,6277,19,199053
35086,5.9e-05,74.125.24.0-255,2902,9179,19,199053
35087,6.2e-05,172.31.36.0-255,66,9245,19,199053
35088,8.2e-05,74.125.24.0-255,2902,12147,19,199053
35089,8.5e-05,74.125.24.0-255,2074,14221,19,199053
35090,8.6e-05,172.31.36.0-255,66,14287,19,199053
35091,9.1e-05,172.31.36.0-255,66,14353,19,199053
35092,0.000244,74.125.24.0-255,1484,15837,19,199053
35093,0.000249,172.31.36.0-255,66,15903,19,199053
35094,0.000255,74.125.24.0-255,2902,18805,19,199053
35095,0.000258,172.31.36.0-255,66,18871,19,199053
35096,0.000282,74.125.24.0-255,2902,21773,19,199053
35097,0.000285,172.31.36.0-255,66,21839,19,199053
35098,0.000303,74.125.24.0-255,4320,26159,19,199053
35099,0.000307,172.31.36.0-255,66,26225,19,199053
35100,0.000326,74.125.24.0-255,2902,29127,19,199053
35101,0.00033,74.125.24.0-255,2543,31670,19,199053
35102,0.00033,172.31.36.0-255,66,31736,19,199053
35103,0.000335,172.31.36.0-255,66,31802,19,199053
35104,0.000368,74.125.24.0-255,2902,34704,19,199053
35105,0.000371,172.31.36.0-255,66,34770,19,199053
35106,0.000374,74.125.24.0-255,1484,36254,19,199053
35107,0.000376,172.31.36.0-255,66,36320,19,199053
35108,0.000391,74.125.24.0-255,2902,39222,19,199053
35109,0.000393,172.31.36.0-255,66,39288,19,199053
35110,0.000415,74.125.24.0-255,2902,42190,19,199053
35111,0.00043,172.31.36.0-255,66,42256,19,199053
35112,0.000434,74.125.24.0-255,6797,49053,19,199053
35113,0.000445,172.31.36.0-255,66,49119,19,199053
35114,0.000516,74.125.24.0-255,1484,50603,19,199053
35115,0.00052,74.125.24.0-255,2902,53505,19,199053
35116,0.000524,172.31.36.0-255,66,53571,19,199053
35117,0.000545,74.125.24.0-255,5738,59309,19,199053
35118,0.000555,172.31.36.0-255,66,59375,19,199053
35119,0.000572,74.125.24.0-255,2902,62277,19,199053
35120,0.000578,172.31.36.0-255,66,62343,19,199053
35121,0.000587,74.125.24.0-255,3961,66304,19,199053
35122,0.000598,172.31.36.0-255,66,66370,19,199053
35123,0.000664,74.125.24.0-255,364,66734,19,199053
35124,0.000705,74.125.24.0-255,1484,68218,19,199053
35125,0.000709,172.31.36.0-255,66,68284,19,199053
35126,0.000737,74.125.24.0-255,1484,69768,19,199053
35127,0.000741,74.125.24.0-255,1484,71252,19,199053
35128,0.000749,172.31.36.0-255,66,71318,19,199053
35129,0.000756,74.125.24.0-255,1484,72802,19,199053
35130,0.000762,74.125.24.0-255,4320,77122,19,199053
35131,0.000765,172.31.36.0-255,66,77188,19,199053
35132,0.000772,74.125.24.0-255,1484,78672,19,199053
35133,0.000778,74.125.24.0-255,4320,82992,19,199053
35134,0.000781,172.31.36.0-255,66,83058,19,199053
35135,0.000803,74.125.24.0-255,2902,85960,19,199053
35136,0.000808,172.31.36.0-255,66,86026,19,199053
35137,0.000809,74.125.24.0-255,5738,91764,19,199053
35138,0.000812,172.31.36.0-255,66,91830,19,199053
35139,0.000835,74.125.24.0-255,8574,100404,19,199053
35140,0.000838,74.125.24.0-255,766,101170,19,199053
35141,0.000845,172.31.36.0-255,66,101236,19,199053
35142,0.000869,74.125.24.0-255,380,101616,19,199053
35143,0.000905,74.125.24.0-255,1484,103100,19,199053
35144,0.000909,172.31.36.0-255,66,103166,19,199053
35145,0.000923,74.125.24.0-255,4320,107486,19,199053
35146,0.000936,172.31.36.0-255,66,107552,19,199053
35147,0.000951,74.125.24.0-255,5738,113290,19,199053
35148,0.000966,172.31.36.0-255,66,113356,19,199053
35149,0.000975,74.125.24.0-255,1484,114840,19,199053
35150,0.00099,74.125.24.0-255,3411,118251,19,199053
35151,0.001003,172.31.36.0-255,66,118317,19,199053
35152,0.001082,74.125.24.0-255,1484,119801,19,199053
35153,0.001098,74.125.24.0-255,2902,122703,19,199053
35154,0.001102,172.31.36.0-255,66,122769,19,199053
35155,0.001106,74.125.24.0-255,1484,124253,19,199053
35156,0.001127,74.125.24.0-255,4320,128573,19,199053
35157,0.001132,172.31.36.0-255,66,128639,19,199053
35158,0.001134,74.125.24.0-255,5738,134377,19,199053
35159,0.001146,172.31.36.0-255,66,134443,19,199053
35160,0.001182,74.125.24.0-255,2902,137345,19,199053
35161,0.001188,172.31.36.0-255,66,137411,19,199053
35162,0.001202,74.125.24.0-255,9992,147403,19,199053
35163,0.001206,172.31.36.0-255,66,147469,19,199053
35164,0.001227,74.125.24.0-255,1484,148953,19,199053
35165,0.001243,74.125.24.0-255,3602,152555,19,199053
35166,0.001263,172.31.36.0-255,66,152621,19,199053
35167,0.003324,74.125.24.0-255,5738,158359,19,199053
35168,0.00333,172.31.36.0-255,66,158425,19,199053
35169,0.005348,74.125.24.0-255,5738,164163,19,199053
35170,0.005354,172.31.36.0-255,66,164229,19,199053
35171,0.007375,74.125.24.0-255,5738,169967,19,199053
35172,0.007591,172.31.36.0-255,66,170033,19,199053
35173,0.009609,74.125.24.0-255,5738,175771,19,199053
35174,0.009616,172.31.36.0-255,66,175837,19,199053
35175,0.011637,74.125.24.0-255,5738,181575,19,199053
35176,0.012619,172.31.36.0-255,66,181641,19,199053
35177,0.014648,74.125.24.0-255,5738,187379,19,199053
35178,0.014663,172.31.36.0-255,66,187445,19,199053
35179,0.016707,74.125.24.0-255,5738,193183,19,199053
35180,0.01672,172.31.36.0-255,66,193249,19,199053
35181,0.018782,74.125.24.0-255,5738,198987,19,199053
35182,0.018789,172.31.36.0-255,66,199053,19,199053
35183,0.0,172.31.36.0-255,236,236,19,302
35184,0.007122,74.125.200.0-255,66,302,19,302
35185,0.0,74.125.24.0-255,143,143,19,220156
35186,1.7e-05,172.31.36.0-255,66,209,19,220156
35187,2.5e-05,74.125.24.0-255,1484,1693,19,220156
35188,2.9e-05,172.31.36.0-255,66,1759,19,220156
35189,3.4e-05,74.125.24.0-255,2902,4661,19,220156
35190,3.7e-05,172.31.36.0-255,66,4727,19,220156
35191,5.6e-05,74.125.24.0-255,7156,11883,19,220156
35192,6e-05,172.31.36.0-255,66,11949,19,220156
35193,6.4e-05,74.125.24.0-255,2038,13987,19,220156
35194,6.7e-05,172.31.36.0-255,66,14053,19,220156
35195,0.0001,74.125.24.0-255,2902,16955,19,220156
35196,0.000104,172.31.36.0-255,66,17021,19,220156
35197,0.00011,74.125.24.0-255,5738,22759,19,220156
35198,0.000113,172.31.36.0-255,66,22825,19,220156
35199,0.000164,74.125.24.0-255,8215,31040,19,220156
35200,0.00017,172.31.36.0-255,66,31106,19,220156
35201,0.000381,74.125.24.0-255,1484,32590,19,220156
35202,0.000387,172.31.36.0-255,66,32656,19,220156
35203,0.000393,74.125.24.0-255,2902,35558,19,220156
35204,0.000396,172.31.36.0-255,66,35624,19,220156
35205,0.000411,74.125.24.0-255,5738,41362,19,220156
35206,0.000414,172.31.36.0-255,66,41428,19,220156
35207,0.000417,74.125.24.0-255,1484,42912,19,220156
35208,0.000419,172.31.36.0-255,66,42978,19,220156
35209,0.000424,74.125.24.0-255,2902,45880,19,220156
35210,0.000426,172.31.36.0-255,66,45946,19,220156
35211,0.000458,74.125.24.0-255,6797,52743,19,220156
35212,0.000462,172.31.36.0-255,66,52809,19,220156
35213,0.000468,74.125.24.0-255,2902,55711,19,220156
35214,0.000469,172.31.36.0-255,66,55777,19,220156
35215,0.000521,74.125.24.0-255,5738,61515,19,220156
35216,0.000526,172.31.36.0-255,66,61581,19,220156
35217,0.000554,74.125.24.0-255,3961,65542,19,220156
35218,0.000558,172.31.36.0-255,66,65608,19,220156
35219,0.000561,74.125.24.0-255,411,66019,19,220156
35220,0.000612,74.125.24.0-255,333,66352,19,220156
35221,0.001021,172.31.36.0-255,66,66418,19,220156
35222,0.001023,74.125.24.0-255,1484,67902,19,220156
35223,0.001028,74.125.24.0-255,1484,69386,19,220156
35224,0.00103,172.31.36.0-255,66,69452,19,220156
35225,0.001059,74.125.24.0-255,1484,70936,19,220156
35226,0.001066,74.125.24.0-255,5738,76674,19,220156
35227,0.001068,172.31.36.0-255,66,76740,19,220156
35228,0.001099,74.125.24.0-255,5738,82478,19,220156
35229,0.001103,172.31.36.0-255,66,82544,19,220156
35230,0.001132,74.125.24.0-255,7156,89700,19,220156
35231,0.001135,172.31.36.0-255,66,89766,19,220156
35232,0.001143,74.125.24.0-255,7156,96922,19,220156
35233,0.001145,172.31.36.0-255,66,96988,19,220156
35234,0.00115,74.125.24.0-255,3602,100590,19,220156
35235,0.001152,172.31.36.0-255,66,100656,19,220156
35236,0.001243,74.125.24.0-255,1484,102140,19,220156
35237,0.001248,74.125.24.0-255,1484,103624,19,220156
35238,0.001251,172.31.36.0-255,66,103690,19,220156
35239,0.001278,74.125.24.0-255,1484,105174,19,220156
35240,0.001286,74.125.24.0-255,5738,110912,19,220156
35241,0.00129,74.125.24.0-255,4320,115232,19,220156
35242,0.00129,172.31.36.0-255,66,115298,19,220156
35243,0.001294,172.31.36.0-255,66,115364,19,220156
35244,0.001323,74.125.24.0-255,8574,123938,19,220156
35245,0.00133,172.31.36.0-255,66,124004,19,220156
35246,0.001365,74.125.24.0-255,5738,129742,19,220156
35247,0.001368,172.31.36.0-255,66,129808,19,220156
35248,0.001386,74.125.24.0-255,5020,134828,19,220156
35249,0.001388,172.31.36.0-255,66,134894,19,220156
35250,0.00143,74.125.24.0-255,7156,142050,19,220156
35251,0.001434,172.31.36.0-255,66,142116,19,220156
35252,0.001471,74.125.24.0-255,4320,146436,19,220156
35253,0.001474,172.31.36.0-255,66,146502,19,220156
35254,0.001484,172.31.36.0-255,66,146568,19,220156
35255,0.00149,74.125.24.0-255,5738,152306,19,220156
35256,0.001497,172.31.36.0-255,66,152372,19,220156
35257,0.001524,74.125.24.0-255,5020,157392,19,220156
35258,0.001526,172.31.36.0-255,66,157458,19,220156
35259,0.002037,74.125.24.0-255,1484,158942,19,220156
35260,0.002044,74.125.24.0-255,2902,161844,19,220156
35261,0.002047,172.31.36.0-255,66,161910,19,220156
35262,0.002051,74.125.24.0-255,1484,163394,19,220156
35263,0.002073,74.125.24.0-255,1484,164878,19,220156
35264,0.002075,172.31.36.0-255,66,164944,19,220156
35265,0.002081,74.125.24.0-255,7156,172100,19,220156
35266,0.002083,172.31.36.0-255,66,172166,19,220156
35267,0.002113,172.31.36.0-255,66,172232,19,220156
35268,0.002136,74.125.24.0-255,2902,175134,19,220156
35269,0.002137,172.31.36.0-255,66,175200,19,220156
35270,0.002141,74.125.24.0-255,3602,178802,19,220156
35271,0.002143,172.31.36.0-255,66,178868,19,220156
35272,0.004364,74.125.24.0-255,2902,181770,19,220156
35273,0.004366,172.31.36.0-255,66,181836,19,220156
35274,0.004382,74.125.24.0-255,2902,184738,19,220156
35275,0.004384,172.31.36.0-255,66,184804,19,220156
35276,0.006602,74.125.24.0-255,2902,187706,19,220156
35277,0.006608,172.31.36.0-255,66,187772,19,220156
35278,0.006645,74.125.24.0-255,2902,190674,19,220156
35279,0.006648,172.31.36.0-255,66,190740,19,220156
35280,0.008842,74.125.24.0-255,2902,193642,19,220156
35281,0.008849,172.31.36.0-255,66,193708,19,220156
35282,0.008892,74.125.24.0-255,2902,196610,19,220156
35283,0.008896,172.31.36.0-255,66,196676,19,220156
35284,0.011072,74.125.24.0-255,2902,199578,19,220156
35285,0.011079,172.31.36.0-255,66,199644,19,220156
35286,0.011137,74.125.24.0-255,2902,202546,19,220156
35287,0.01114,172.31.36.0-255,66,202612,19,220156
35288,0.013346,74.125.24.0-255,2902,205514,19,220156
35289,0.013355,172.31.36.0-255,66,205580,19,220156
35290,0.013388,74.125.24.0-255,2902,208482,19,220156
35291,0.01339,172.31.36.0-255,66,208548,19,220156
35292,0.015644,74.125.24.0-255,5738,214286,19,220156
35293,0.015652,172.31.36.0-255,66,214352,19,220156
35294,0.01793,74.125.24.0-255,5738,220090,19,220156
35295,0.017937,172.31.36.0-255,66,220156,19,220156
35296,0.0,172.217.194.0-255,298,298,19,271176
35297,1.5e-05,172.31.36.0-255,66,364,19,271176
35298,2.1e-05,172.217.194.0-255,1484,1848,19,271176
35299,2.5e-05,172.31.36.0-255,66,1914,19,271176
35300,3.1e-05,172.217.194.0-255,4320,6234,19,271176
35301,4e-05,172.31.36.0-255,66,6300,19,271176
35302,4.8e-05,172.217.194.0-255,7156,13456,19,271176
35303,5e-05,172.31.36.0-255,66,13522,19,271176
35304,8.7e-05,172.217.194.0-255,1806,15328,19,271176
35305,8.9e-05,172.31.36.0-255,66,15394,19,271176
35306,9.8e-05,172.217.194.0-255,9992,25386,19,271176
35307,0.000103,172.31.36.0-255,66,25452,19,271176
35308,0.000111,172.217.194.0-255,5379,30831,19,271176
35309,0.000113,172.31.36.0-255,66,30897,19,271176
35310,0.000137,172.217.194.0-255,2902,33799,19,271176
35311,0.000139,172.31.36.0-255,66,33865,19,271176
35312,0.000162,172.217.194.0-255,2902,36767,19,271176
35313,0.000168,172.31.36.0-255,66,36833,19,271176
35314,0.000177,172.217.194.0-255,8574,45407,19,271176
35315,0.000179,172.31.36.0-255,66,45473,19,271176
35316,0.000187,172.217.194.0-255,7156,52629,19,271176
35317,0.000189,172.31.36.0-255,66,52695,19,271176
35318,0.000223,172.217.194.0-255,8574,61269,19,271176
35319,0.000226,172.31.36.0-255,66,61335,19,271176
35320,0.000231,172.217.194.0-255,3602,64937,19,271176
35321,0.000233,172.31.36.0-255,66,65003,19,271176
35322,0.000236,172.217.194.0-255,407,65410,19,271176
35323,0.000239,172.31.36.0-255,66,65476,19,271176
35324,0.000267,172.217.194.0-255,367,65843,19,271176
35325,0.00027,172.31.36.0-255,66,65909,19,271176
35326,0.000542,172.217.194.0-255,1484,67393,19,271176
35327,0.000548,172.31.36.0-255,66,67459,19,271176
35328,0.000554,172.217.194.0-255,2902,70361,19,271176
35329,0.000557,172.31.36.0-255,66,70427,19,271176
35330,0.000561,172.217.194.0-255,2902,73329,19,271176
35331,0.000568,172.31.36.0-255,66,73395,19,271176
35332,0.000593,172.217.194.0-255,2902,76297,19,271176
35333,0.000596,172.31.36.0-255,66,76363,19,271176
35334,0.000604,172.217.194.0-255,8574,84937,19,271176
35335,0.000612,172.31.36.0-255,66,85003,19,271176
35336,0.000645,172.217.194.0-255,4320,89323,19,271176
35337,0.000648,172.31.36.0-255,66,89389,19,271176
35338,0.000654,172.217.194.0-255,5738,95127,19,271176
35339,0.000656,172.31.36.0-255,66,95193,19,271176
35340,0.000664,172.217.194.0-255,4471,99664,19,271176
35341,0.000667,172.31.36.0-255,66,99730,19,271176
35342,0.00093,172.217.194.0-255,1484,101214,19,271176
35343,0.000936,172.217.194.0-255,1484,102698,19,271176
35344,0.000939,172.31.36.0-255,66,102764,19,271176
35345,0.000966,172.217.194.0-255,1484,104248,19,271176
35346,0.000973,172.217.194.0-255,5738,109986,19,271176
35347,0.000976,172.31.36.0-255,66,110052,19,271176
35348,0.001006,172.217.194.0-255,5738,115790,19,271176
35349,0.001009,172.31.36.0-255,66,115856,19,271176
35350,0.00104,172.217.194.0-255,7156,123012,19,271176
35351,0.001043,172.31.36.0-255,66,123078,19,271176
35352,0.001054,172.217.194.0-255,10692,133770,19,271176
35353,0.001061,172.31.36.0-255,66,133836,19,271176
35354,0.001653,172.217.194.0-255,1484,135320,19,271176
35355,0.00166,172.217.194.0-255,2902,138222,19,271176
35356,0.001663,172.31.36.0-255,66,138288,19,271176
35357,0.001671,172.217.194.0-255,5738,144026,19,271176
35358,0.001673,172.31.36.0-255,66,144092,19,271176
35359,0.001708,172.217.194.0-255,9992,154084,19,271176
35360,0.00171,172.31.36.0-255,66,154150,19,271176
35361,0.001778,172.31.36.0-255,66,154216,19,271176
35362,0.001949,172.217.194.0-255,1484,155700,19,271176
35363,0.001966,172.217.194.0-255,2902,158602,19,271176
35364,0.00197,172.31.36.0-255,66,158668,19,271176
35365,0.001977,172.217.194.0-255,5738,164406,19,271176
35366,0.001979,172.31.36.0-255,66,164472,19,271176
35367,0.002019,172.31.36.0-255,66,164538,19,271176
35368,0.002029,172.217.194.0-255,9992,174530,19,271176
35369,0.002035,172.31.36.0-255,66,174596,19,271176
35370,0.002038,172.217.194.0-255,766,175362,19,271176
35371,0.002131,172.217.194.0-255,1484,176846,19,271176
35372,0.002135,172.31.36.0-255,66,176912,19,271176
35373,0.00216,172.217.194.0-255,2902,179814,19,271176
35374,0.002162,172.31.36.0-255,66,179880,19,271176
35375,0.002169,172.217.194.0-255,5738,185618,19,271176
35376,0.002171,172.31.36.0-255,66,185684,19,271176
35377,0.002174,172.217.194.0-255,1484,187168,19,271176
35378,0.002222,172.31.36.0-255,66,187234,19,271176
35379,0.002226,172.217.194.0-255,1484,188718,19,271176
35380,0.002256,172.217.194.0-255,8574,197292,19,271176
35381,0.002258,172.31.36.0-255,66,197358,19,271176
35382,0.002283,172.217.194.0-255,7856,205214,19,271176
35383,0.002286,172.31.36.0-255,66,205280,19,271176
35384,0.002295,172.217.194.0-255,8574,213854,19,271176
35385,0.002297,172.31.36.0-255,66,213920,19,271176
35386,0.002356,172.217.194.0-255,8574,222494,19,271176
35387,0.00236,172.31.36.0-255,66,222560,19,271176
35388,0.002369,172.217.194.0-255,9274,231834,19,271176
35389,0.002376,172.31.36.0-255,66,231900,19,271176
35390,0.00467,172.217.194.0-255,5738,237638,19,271176
35391,0.004679,172.31.36.0-255,66,237704,19,271176
35392,0.006964,172.217.194.0-255,4320,242024,19,271176
35393,0.006968,172.31.36.0-255,66,242090,19,271176
35394,0.006992,172.217.194.0-255,1484,243574,19,271176
35395,0.009266,172.217.194.0-255,4320,247894,19,271176
35396,0.009274,172.31.36.0-255,66,247960,19,271176
35397,0.011584,172.217.194.0-255,5738,253698,19,271176
35398,0.011591,172.31.36.0-255,66,253764,19,271176
35399,0.013877,172.217.194.0-255,5738,259502,19,271176
35400,0.013885,172.31.36.0-255,66,259568,19,271176
35401,0.016182,172.217.194.0-255,5738,265306,19,271176
35402,0.01619,172.31.36.0-255,66,265372,19,271176
35403,0.018497,172.217.194.0-255,5738,271110,19,271176
35404,0.018508,172.31.36.0-255,66,271176,19,271176
35405,0.0,74.125.24.0-255,153,153,19,248395
35406,1.5e-05,172.31.36.0-255,66,219,19,248395
35407,2.3e-05,74.125.24.0-255,1484,1703,19,248395
35408,2.8e-05,172.31.36.0-255,66,1769,19,248395
35409,3.4e-05,74.125.24.0-255,2902,4671,19,248395
35410,3.8e-05,172.31.36.0-255,66,4737,19,248395
35411,5.4e-05,74.125.24.0-255,7156,11893,19,248395
35412,5.8e-05,172.31.36.0-255,66,11959,19,248395
35413,6.2e-05,74.125.24.0-255,2002,13961,19,248395
35414,6.5e-05,172.31.36.0-255,66,14027,19,248395
35415,0.000138,74.125.24.0-255,1484,15511,19,248395
35416,0.000141,172.31.36.0-255,66,15577,19,248395
35417,0.000145,74.125.24.0-255,1484,17061,19,248395
35418,0.000148,172.31.36.0-255,66,17127,19,248395
35419,0.000168,74.125.24.0-255,1484,18611,19,248395
35420,0.000171,172.31.36.0-255,66,18677,19,248395
35421,0.000178,74.125.24.0-255,5738,24415,19,248395
35422,0.00018,172.31.36.0-255,66,24481,19,248395
35423,0.000219,74.125.24.0-255,6797,31278,19,248395
35424,0.000221,172.31.36.0-255,66,31344,19,248395
35425,0.000229,74.125.24.0-255,7156,38500,19,248395
35426,0.000231,172.31.36.0-255,66,38566,19,248395
35427,0.000256,74.125.24.0-255,7156,45722,19,248395
35428,0.000258,172.31.36.0-255,66,45788,19,248395
35429,0.000281,74.125.24.0-255,2543,48331,19,248395
35430,0.000283,172.31.36.0-255,66,48397,19,248395
35431,0.000716,74.125.24.0-255,1484,49881,19,248395
35432,0.000721,172.31.36.0-255,66,49947,19,248395
35433,0.000729,74.125.24.0-255,2902,52849,19,248395
35434,0.000731,172.31.36.0-255,66,52915,19,248395
35435,0.000743,74.125.24.0-255,5738,58653,19,248395
35436,0.000745,172.31.36.0-255,66,58719,19,248395
35437,0.000753,74.125.24.0-255,5738,64457,19,248395
35438,0.000779,74.125.24.0-255,1707,66164,19,248395
35439,0.00079,172.31.36.0-255,66,66230,19,248395
35440,0.00106,74.125.24.0-255,1484,67714,19,248395
35441,0.001065,74.125.24.0-255,1484,69198,19,248395
35442,0.001068,172.31.36.0-255,66,69264,19,248395
35443,0.001096,74.125.24.0-255,1484,70748,19,248395
35444,0.001103,74.125.24.0-255,5738,76486,19,248395
35445,0.001108,74.125.24.0-255,2902,79388,19,248395
35446,0.001139,74.125.24.0-255,9992,89380,19,248395
35447,0.001147,74.125.24.0-255,8574,97954,19,248395
35448,0.00119,74.125.24.0-255,2184,100138,19,248395
35449,0.001206,172.31.36.0-255,66,100204,19,248395
35450,0.001367,74.125.24.0-255,1484,101688,19,248395
35451,0.001373,74.125.24.0-255,2902,104590,19,248395
35452,0.001379,172.31.36.0-255,66,104656,19,248395
35453,0.001406,74.125.24.0-255,5738,110394,19,248395
35454,0.001428,74.125.24.0-255,9992,120386,19,248395
35455,0.001448,172.31.36.0-255,66,120452,19,248395
35456,0.001455,74.125.24.0-255,766,121218,19,248395
35457,0.001638,74.125.24.0-255,1484,122702,19,248395
35458,0.001645,74.125.24.0-255,2902,125604,19,248395
35459,0.001651,74.125.24.0-255,4320,129924,19,248395
35460,0.001663,74.125.24.0-255,1484,131408,19,248395
35461,0.001667,74.125.24.0-255,2902,134310,19,248395
35462,0.001694,74.125.24.0-255,9992,144302,19,248395
35463,0.001727,74.125.24.0-255,7156,151458,19,248395
35464,0.001741,74.125.24.0-255,3602,155060,19,248395
35465,0.0019,74.125.24.0-255,1484,156544,19,248395
35466,0.001907,74.125.24.0-255,2902,159446,19,248395
35467,0.001918,74.125.24.0-255,1484,160930,19,248395
35468,0.001931,74.125.24.0-255,2902,163832,19,248395
35469,0.001945,74.125.24.0-255,1484,165316,19,248395
35470,0.001964,74.125.24.0-255,7156,172472,19,248395
35471,0.001981,74.125.24.0-255,7156,179628,19,248395
35472,0.001999,74.125.24.0-255,4320,183948,19,248395
35473,0.002027,74.125.24.0-255,5020,188968,19,248395
35474,0.002083,74.125.24.0-255,5738,194706,19,248395
35475,0.002092,74.125.24.0-255,7156,201862,19,248395
35476,0.002118,74.125.24.0-255,2902,204764,19,248395
35477,0.002142,74.125.24.0-255,8574,213338,19,248395
35478,0.005537,172.31.36.0-255,66,213404,19,248395
35479,0.005904,172.31.36.0-255,101,213505,19,248395
35480,0.007617,74.125.24.0-255,5738,219243,19,248395
35481,0.007623,172.31.36.0-255,66,219309,19,248395
35482,0.007945,74.125.24.0-255,66,219375,19,248395
35483,0.009701,74.125.24.0-255,5738,225113,19,248395
35484,0.00971,172.31.36.0-255,66,225179,19,248395
35485,0.011801,74.125.24.0-255,5738,230917,19,248395
35486,0.012546,172.31.36.0-255,66,230983,19,248395
35487,0.014604,74.125.24.0-255,5738,236721,19,248395
35488,0.014611,172.31.36.0-255,66,236787,19,248395
35489,0.016683,74.125.24.0-255,5738,242525,19,248395
35490,0.016691,172.31.36.0-255,66,242591,19,248395
35491,0.018764,74.125.24.0-255,5738,248329,19,248395
35492,0.018775,172.31.36.0-255,66,248395,19,248395
35493,0.0,74.125.68.0-255,291,291,19,176313
35494,2.3e-05,172.31.36.0-255,66,357,19,176313
35495,3e-05,74.125.68.0-255,1484,1841,19,176313
35496,3.4e-05,172.31.36.0-255,66,1907,19,176313
35497,3.8e-05,74.125.68.0-255,1484,3391,19,176313
35498,4.2e-05,172.31.36.0-255,66,3457,19,176313
35499,8e-05,74.125.68.0-255,2902,6359,19,176313
35500,8.4e-05,172.31.36.0-255,66,6425,19,176313
35501,9.2e-05,74.125.68.0-255,5738,12163,19,176313
35502,9.5e-05,172.31.36.0-255,66,12229,19,176313
35503,9.9e-05,74.125.68.0-255,1852,14081,19,176313
35504,0.000101,172.31.36.0-255,66,14147,19,176313
35505,0.000139,74.125.68.0-255,2902,17049,19,176313
35506,0.000142,172.31.36.0-255,66,17115,19,176313
35507,0.000148,74.125.68.0-255,4320,21435,19,176313
35508,0.00015,172.31.36.0-255,66,21501,19,176313
35509,0.000182,74.125.68.0-255,7156,28657,19,176313
35510,0.000185,172.31.36.0-255,66,28723,19,176313
35511,0.0002,74.125.68.0-255,1484,30207,19,176313
35512,0.000203,172.31.36.0-255,66,30273,19,176313
35513,0.000206,74.125.68.0-255,1125,31398,19,176313
35514,0.000208,172.31.36.0-255,66,31464,19,176313
35515,0.000357,74.125.68.0-255,1484,32948,19,176313
35516,0.000363,172.31.36.0-255,66,33014,19,176313
35517,0.000368,74.125.68.0-255,2902,35916,19,176313
35518,0.000371,172.31.36.0-255,66,35982,19,176313
35519,0.000395,74.125.68.0-255,2902,38884,19,176313
35520,0.000398,172.31.36.0-255,66,38950,19,176313
35521,0.000403,74.125.68.0-255,4320,43270,19,176313
35522,0.000405,172.31.36.0-255,66,43336,19,176313
35523,0.000453,74.125.68.0-255,4320,47656,19,176313
35524,0.000456,172.31.36.0-255,66,47722,19,176313
35525,0.000483,74.125.68.0-255,1125,48847,19,176313
35526,0.00066,74.125.68.0-255,1484,50331,19,176313
35527,0.000665,74.125.68.0-255,1484,51815,19,176313
35528,0.000683,74.125.68.0-255,1484,53299,19,176313
35529,0.000688,74.125.68.0-255,2902,56201,19,176313
35530,0.000692,172.31.36.0-255,66,56267,19,176313
35531,0.000703,172.31.36.0-255,66,56333,19,176313
35532,0.000729,74.125.68.0-255,4320,60653,19,176313
35533,0.000741,172.31.36.0-255,66,60719,19,176313
35534,0.000744,74.125.68.0-255,1484,62203,19,176313
35535,0.000758,74.125.68.0-255,2902,65105,19,176313
35536,0.000781,172.31.36.0-255,66,65171,19,176313
35537,0.000788,74.125.68.0-255,1473,66644,19,176313
35538,0.001133,172.31.36.0-255,66,66710,19,176313
35539,0.001299,74.125.68.0-255,332,67042,19,176313
35540,0.001341,74.125.68.0-255,1484,68526,19,176313
35541,0.001359,74.125.68.0-255,2902,71428,19,176313
35542,0.001386,74.125.68.0-255,2902,74330,19,176313
35543,0.001407,74.125.68.0-255,2902,77232,19,176313
35544,0.00141,74.125.68.0-255,1484,78716,19,176313
35545,0.001414,74.125.68.0-255,2902,81618,19,176313
35546,0.001453,74.125.68.0-255,2543,84161,19,176313
35547,0.00151,74.125.68.0-255,1484,85645,19,176313
35548,0.001515,74.125.68.0-255,1484,87129,19,176313
35549,0.001528,74.125.68.0-255,1484,88613,19,176313
35550,0.001532,74.125.68.0-255,2902,91515,19,176313
35551,0.001548,74.125.68.0-255,2902,94417,19,176313
35552,0.001553,74.125.68.0-255,2902,97319,19,176313
35553,0.001564,74.125.68.0-255,1484,98803,19,176313
35554,0.001606,74.125.68.0-255,2543,101346,19,176313
35555,0.001846,74.125.68.0-255,1484,102830,19,176313
35556,0.001869,74.125.68.0-255,2902,105732,19,176313
35557,0.001889,74.125.68.0-255,5738,111470,19,176313
35558,0.001914,74.125.68.0-255,4320,115790,19,176313
35559,0.001933,74.125.68.0-255,4320,120110,19,176313
35560,0.001945,74.125.68.0-255,1484,121594,19,176313
35561,0.001961,74.125.68.0-255,1484,123078,19,176313
35562,0.001977,74.125.68.0-255,4320,127398,19,176313
35563,0.001999,74.125.68.0-255,7156,134554,19,176313
35564,0.002003,74.125.68.0-255,766,135320,19,176313
35565,0.004174,172.31.36.0-255,66,135386,19,176313
35566,0.004375,172.31.36.0-255,101,135487,19,176313
35567,0.006193,74.125.68.0-255,5738,141225,19,176313
35568,0.0062,172.31.36.0-255,66,141291,19,176313
35569,0.00633,74.125.68.0-255,66,141357,19,176313
35570,0.008204,74.125.68.0-255,5738,147095,19,176313
35571,0.008277,172.31.36.0-255,66,147161,19,176313
35572,0.010289,74.125.68.0-255,5738,152899,19,176313
35573,0.010294,172.31.36.0-255,66,152965,19,176313
35574,0.012311,74.125.68.0-255,5738,158703,19,176313
35575,0.012319,172.31.36.0-255,66,158769,19,176313
35576,0.014329,74.125.68.0-255,5738,164507,19,176313
35577,0.015839,172.31.36.0-255,66,164573,19,176313
35578,0.017861,74.125.68.0-255,5738,170311,19,176313
35579,0.01787,172.31.36.0-255,66,170377,19,176313
35580,0.019879,74.125.68.0-255,2902,173279,19,176313
35581,0.019887,172.31.36.0-255,66,173345,19,176313
35582,0.019908,74.125.68.0-255,2902,176247,19,176313
35583,0.019934,172.31.36.0-255,66,176313,19,176313
35584,0.0,74.125.24.0-255,153,153,19,239822
35585,2.3e-05,172.31.36.0-255,66,219,19,239822
35586,3e-05,74.125.24.0-255,1484,1703,19,239822
35587,3.5e-05,172.31.36.0-255,66,1769,19,239822
35588,4.2e-05,74.125.24.0-255,2902,4671,19,239822
35589,4.6e-05,172.31.36.0-255,66,4737,19,239822
35590,5.4e-05,74.125.24.0-255,7156,11893,19,239822
35591,5.7e-05,172.31.36.0-255,66,11959,19,239822
35592,6.4e-05,74.125.24.0-255,4926,16885,19,239822
35593,6.7e-05,172.31.36.0-255,66,16951,19,239822
35594,7.4e-05,74.125.24.0-255,5738,22689,19,239822
35595,7.7e-05,172.31.36.0-255,66,22755,19,239822
35596,0.000103,74.125.24.0-255,4320,27075,19,239822
35597,0.000106,172.31.36.0-255,66,27141,19,239822
35598,0.000124,74.125.24.0-255,3961,31102,19,239822
35599,0.000127,172.31.36.0-255,66,31168,19,239822
35600,0.000274,74.125.24.0-255,1484,32652,19,239822
35601,0.000279,172.31.36.0-255,66,32718,19,239822
35602,0.000285,74.125.24.0-255,2902,35620,19,239822
35603,0.000287,172.31.36.0-255,66,35686,19,239822
35604,0.000293,74.125.24.0-255,4320,40006,19,239822
35605,0.000295,172.31.36.0-255,66,40072,19,239822
35606,0.000314,74.125.24.0-255,1484,41556,19,239822
35607,0.000316,172.31.36.0-255,66,41622,19,239822
35608,0.000323,74.125.24.0-255,5738,47360,19,239822
35609,0.000326,172.31.36.0-255,66,47426,19,239822
35610,0.000333,74.125.24.0-255,5738,53164,19,239822
35611,0.000335,172.31.36.0-255,66,53230,19,239822
35612,0.000365,74.125.24.0-255,7156,60386,19,239822
35613,0.000368,172.31.36.0-255,66,60452,19,239822
35614,0.000374,74.125.24.0-255,5020,65472,19,239822
35615,0.000376,172.31.36.0-255,66,65538,19,239822
35616,0.000462,74.125.24.0-255,391,65929,19,239822
35617,0.000486,74.125.24.0-255,1484,67413,19,239822
35618,0.000505,74.125.24.0-255,4320,71733,19,239822
35619,0.000519,172.31.36.0-255,66,71799,19,239822
35620,0.000526,74.125.24.0-255,5738,77537,19,239822
35621,0.000531,172.31.36.0-255,66,77603,19,239822
35622,0.000544,74.125.24.0-255,4320,81923,19,239822
35623,0.000565,74.125.24.0-255,4320,86243,19,239822
35624,0.0006,172.31.36.0-255,66,86309,19,239822
35625,0.000745,74.125.24.0-255,1484,87793,19,239822
35626,0.000752,74.125.24.0-255,2902,90695,19,239822
35627,0.000766,172.31.36.0-255,66,90761,19,239822
35628,0.000772,74.125.24.0-255,4320,95081,19,239822
35629,0.000784,172.31.36.0-255,66,95147,19,239822
35630,0.000787,74.125.24.0-255,1484,96631,19,239822
35631,0.000814,74.125.24.0-255,1484,98115,19,239822
35632,0.000848,74.125.24.0-255,9274,107389,19,239822
35633,0.000857,172.31.36.0-255,66,107455,19,239822
35634,0.000971,74.125.24.0-255,1484,108939,19,239822
35635,0.000978,74.125.24.0-255,2902,111841,19,239822
35636,0.000981,74.125.24.0-255,1484,113325,19,239822
35637,0.000986,172.31.36.0-255,66,113391,19,239822
35638,0.001006,74.125.24.0-255,4320,117711,19,239822
35639,0.001031,74.125.24.0-255,1484,119195,19,239822
35640,0.001054,74.125.24.0-255,9992,129187,19,239822
35641,0.001063,74.125.24.0-255,8574,137761,19,239822
35642,0.001068,172.31.36.0-255,66,137827,19,239822
35643,0.001078,74.125.24.0-255,3602,141429,19,239822
35644,0.001087,172.31.36.0-255,66,141495,19,239822
35645,0.001167,74.125.24.0-255,7156,148651,19,239822
35646,0.001178,172.31.36.0-255,66,148717,19,239822
35647,0.001195,74.125.24.0-255,5738,154455,19,239822
35648,0.001198,74.125.24.0-255,1484,155939,19,239822
35649,0.001236,74.125.24.0-255,1484,157423,19,239822
35650,0.001264,172.31.36.0-255,66,157489,19,239822
35651,0.001291,74.125.24.0-255,1484,158973,19,239822
35652,0.001315,172.31.36.0-255,66,159039,19,239822
35653,0.001389,172.31.36.0-255,66,159105,19,239822
35654,0.001426,74.125.24.0-255,1484,160589,19,239822
35655,0.001431,74.125.24.0-255,2902,163491,19,239822
35656,0.001436,74.125.24.0-255,5738,169229,19,239822
35657,0.001439,74.125.24.0-255,1484,170713,19,239822
35658,0.001463,74.125.24.0-255,8574,179287,19,239822
35659,0.00147,172.31.36.0-255,66,179353,19,239822
35660,0.001524,172.31.36.0-255,66,179419,19,239822
35661,0.00168,74.125.24.0-255,1484,180903,19,239822
35662,0.001685,74.125.24.0-255,1484,182387,19,239822
35663,0.001695,172.31.36.0-255,66,182453,19,239822
35664,0.001708,74.125.24.0-255,1484,183937,19,239822
35665,0.001716,74.125.24.0-255,5738,189675,19,239822
35666,0.00175,74.125.24.0-255,1484,191159,19,239822
35667,0.00176,74.125.24.0-255,9992,201151,19,239822
35668,0.001761,74.125.24.0-255,766,201917,19,239822
35669,0.001764,172.31.36.0-255,66,201983,19,239822
35670,0.001777,172.31.36.0-255,66,202049,19,239822
35671,0.001815,74.125.24.0-255,1484,203533,19,239822
35672,0.001847,74.125.24.0-255,1484,205017,19,239822
35673,0.001898,172.31.36.0-255,66,205083,19,239822
35674,0.001903,74.125.24.0-255,2902,207985,19,239822
35675,0.001909,74.125.24.0-255,5738,213723,19,239822
35676,0.001916,74.125.24.0-255,7156,220879,19,239822
35677,0.001921,172.31.36.0-255,66,220945,19,239822
35678,0.001959,74.125.24.0-255,9992,230937,19,239822
35679,0.001966,172.31.36.0-255,66,231003,19,239822
35680,0.001977,74.125.24.0-255,6438,237441,19,239822
35681,0.001988,74.125.24.0-255,1973,239414,19,239822
35682,0.002024,74.125.24.0-255,105,239519,19,239822
35683,0.002028,172.31.36.0-255,66,239585,19,239822
35684,0.010614,172.31.36.0-255,66,239651,19,239822
35685,0.010661,172.31.36.0-255,105,239756,19,239822
35686,0.013215,74.125.24.0-255,66,239822,19,239822
35687,0.0,74.125.24.0-255,143,143,19,216105
35688,2.1e-05,172.31.36.0-255,66,209,19,216105
35689,2.8e-05,74.125.24.0-255,1484,1693,19,216105
35690,3.3e-05,172.31.36.0-255,66,1759,19,216105
35691,4.6e-05,74.125.24.0-255,2902,4661,19,216105
35692,5.1e-05,172.31.36.0-255,66,4727,19,216105
35693,5.7e-05,74.125.24.0-255,5738,10465,19,216105
35694,6e-05,172.31.36.0-255,66,10531,19,216105
35695,6.7e-05,74.125.24.0-255,3436,13967,19,216105
35696,7e-05,172.31.36.0-255,66,14033,19,216105
35697,0.000387,74.125.24.0-255,1484,15517,19,216105
35698,0.000394,172.31.36.0-255,66,15583,19,216105
35699,0.000399,74.125.24.0-255,1484,17067,19,216105
35700,0.000401,172.31.36.0-255,66,17133,19,216105
35701,0.000426,74.125.24.0-255,1484,18617,19,216105
35702,0.000429,172.31.36.0-255,66,18683,19,216105
35703,0.000441,74.125.24.0-255,5738,24421,19,216105
35704,0.000444,172.31.36.0-255,66,24487,19,216105
35705,0.000468,74.125.24.0-255,1484,25971,19,216105
35706,0.00047,172.31.36.0-255,66,26037,19,216105
35707,0.000508,74.125.24.0-255,9633,35670,19,216105
35708,0.000512,172.31.36.0-255,66,35736,19,216105
35709,0.000529,172.31.36.0-255,66,35802,19,216105
35710,0.000532,74.125.24.0-255,1125,36927,19,216105
35711,0.000534,172.31.36.0-255,66,36993,19,216105
35712,0.000876,74.125.24.0-255,1484,38477,19,216105
35713,0.000881,172.31.36.0-255,66,38543,19,216105
35714,0.000886,74.125.24.0-255,2902,41445,19,216105
35715,0.000889,172.31.36.0-255,66,41511,19,216105
35716,0.000926,74.125.24.0-255,5738,47249,19,216105
35717,0.000929,172.31.36.0-255,66,47315,19,216105
35718,0.000936,74.125.24.0-255,6797,54112,19,216105
35719,0.000938,172.31.36.0-255,66,54178,19,216105
35720,0.001014,74.125.24.0-255,1484,55662,19,216105
35721,0.001034,74.125.24.0-255,2902,58564,19,216105
35722,0.001037,172.31.36.0-255,66,58630,19,216105
35723,0.001045,74.125.24.0-255,5738,64368,19,216105
35724,0.001047,172.31.36.0-255,66,64434,19,216105
35725,0.001076,74.125.24.0-255,8574,73008,19,216105
35726,0.001079,172.31.36.0-255,66,73074,19,216105
35727,0.001108,74.125.24.0-255,4320,77394,19,216105
35728,0.001112,172.31.36.0-255,66,77460,19,216105
35729,0.001127,74.125.24.0-255,10692,88152,19,216105
35730,0.001129,172.31.36.0-255,66,88218,19,216105
35731,0.001132,74.125.24.0-255,645,88863,19,216105
35732,0.00129,74.125.24.0-255,1484,90347,19,216105
35733,0.001294,172.31.36.0-255,66,90413,19,216105
35734,0.0013,74.125.24.0-255,2902,93315,19,216105
35735,0.001303,172.31.36.0-255,66,93381,19,216105
35736,0.001335,74.125.24.0-255,5738,99119,19,216105
35737,0.001344,74.125.24.0-255,9992,109111,19,216105
35738,0.001354,172.31.36.0-255,66,109177,19,216105
35739,0.001358,172.31.36.0-255,66,109243,19,216105
35740,0.001362,74.125.24.0-255,2902,112145,19,216105
35741,0.001365,172.31.36.0-255,66,112211,19,216105
35742,0.001389,74.125.24.0-255,2902,115113,19,216105
35743,0.001392,172.31.36.0-255,66,115179,19,216105
35744,0.001421,74.125.24.0-255,7856,123035,19,216105
35745,0.001424,172.31.36.0-255,66,123101,19,216105
35746,0.001528,74.125.24.0-255,1484,124585,19,216105
35747,0.001534,74.125.24.0-255,2902,127487,19,216105
35748,0.001538,172.31.36.0-255,66,127553,19,216105
35749,0.001565,74.125.24.0-255,5738,133291,19,216105
35750,0.001568,172.31.36.0-255,66,133357,19,216105
35751,0.001589,74.125.24.0-255,2902,136259,19,216105
35752,0.001591,172.31.36.0-255,66,136325,19,216105
35753,0.001626,74.125.24.0-255,9992,146317,19,216105
35754,0.00163,172.31.36.0-255,66,146383,19,216105
35755,0.001654,74.125.24.0-255,8574,154957,19,216105
35756,0.001657,172.31.36.0-255,66,155023,19,216105
35757,0.001681,74.125.24.0-255,2184,157207,19,216105
35758,0.001683,172.31.36.0-255,66,157273,19,216105
35759,0.00226,74.125.24.0-255,1484,158757,19,216105
35760,0.002275,74.125.24.0-255,2902,161659,19,216105
35761,0.002279,172.31.36.0-255,66,161725,19,216105
35762,0.002283,74.125.24.0-255,1484,163209,19,216105
35763,0.002309,74.125.24.0-255,2902,166111,19,216105
35764,0.002311,172.31.36.0-255,66,166177,19,216105
35765,0.002342,74.125.24.0-255,8574,174751,19,216105
35766,0.002345,172.31.36.0-255,66,174817,19,216105
35767,0.004553,74.125.24.0-255,5738,180555,19,216105
35768,0.00456,172.31.36.0-255,66,180621,19,216105
35769,0.006761,74.125.24.0-255,2902,183523,19,216105
35770,0.006766,172.31.36.0-255,66,183589,19,216105
35771,0.006794,74.125.24.0-255,2902,186491,19,216105
35772,0.006797,172.31.36.0-255,66,186557,19,216105
35773,0.008967,74.125.24.0-255,2902,189459,19,216105
35774,0.008974,172.31.36.0-255,66,189525,19,216105
35775,0.009005,74.125.24.0-255,2902,192427,19,216105
35776,0.009008,172.31.36.0-255,66,192493,19,216105
35777,0.011185,74.125.24.0-255,2902,195395,19,216105
35778,0.011194,172.31.36.0-255,66,195461,19,216105
35779,0.011228,74.125.24.0-255,2902,198363,19,216105
35780,0.011231,172.31.36.0-255,66,198429,19,216105
35781,0.013392,74.125.24.0-255,2902,201331,19,216105
35782,0.0134,172.31.36.0-255,66,201397,19,216105
35783,0.013431,74.125.24.0-255,2902,204299,19,216105
35784,0.013435,172.31.36.0-255,66,204365,19,216105
35785,0.015641,74.125.24.0-255,2902,207267,19,216105
35786,0.015651,172.31.36.0-255,66,207333,19,216105
35787,0.015685,74.125.24.0-255,2902,210235,19,216105
35788,0.015689,172.31.36.0-255,66,210301,19,216105
35789,0.017872,74.125.24.0-255,5738,216039,19,216105
35790,0.017881,172.31.36.0-255,66,216105,19,216105
35791,0.0,172.217.194.0-255,153,153,19,296766
35792,2e-05,172.31.36.0-255,66,219,19,296766
35793,2.7e-05,172.217.194.0-255,1484,1703,19,296766
35794,3.1e-05,172.31.36.0-255,66,1769,19,296766
35795,4.7e-05,172.217.194.0-255,2902,4671,19,296766
35796,5.1e-05,172.31.36.0-255,66,4737,19,296766
35797,5.9e-05,172.217.194.0-255,7156,11893,19,296766
35798,6.2e-05,172.31.36.0-255,66,11959,19,296766
35799,6.6e-05,172.217.194.0-255,1484,13443,19,296766
35800,6.8e-05,172.31.36.0-255,66,13509,19,296766
35801,0.000102,172.217.194.0-255,10574,24083,19,296766
35802,0.000105,172.31.36.0-255,66,24149,19,296766
35803,0.000112,172.217.194.0-255,6797,30946,19,296766
35804,0.000115,172.31.36.0-255,66,31012,19,296766
35805,0.000164,172.217.194.0-255,1484,32496,19,296766
35806,0.000167,172.31.36.0-255,66,32562,19,296766
35807,0.000172,172.217.194.0-255,2902,35464,19,296766
35808,0.000175,172.31.36.0-255,66,35530,19,296766
35809,0.000178,172.217.194.0-255,1484,37014,19,296766
35810,0.000186,172.31.36.0-255,66,37080,19,296766
35811,0.000227,172.217.194.0-255,4320,41400,19,296766
35812,0.000233,172.31.36.0-255,66,41466,19,296766
35813,0.00024,172.217.194.0-255,4320,45786,19,296766
35814,0.000242,172.31.36.0-255,66,45852,19,296766
35815,0.000264,172.31.36.0-255,66,45918,19,296766
35816,0.000271,172.217.194.0-255,6797,52715,19,296766
35817,0.000274,172.31.36.0-255,66,52781,19,296766
35818,0.000521,172.217.194.0-255,645,53426,19,296766
35819,0.000527,172.31.36.0-255,66,53492,19,296766
35820,0.000814,172.217.194.0-255,1484,54976,19,296766
35821,0.000819,172.31.36.0-255,66,55042,19,296766
35822,0.000825,172.217.194.0-255,2902,57944,19,296766
35823,0.000827,172.31.36.0-255,66,58010,19,296766
35824,0.00084,172.217.194.0-255,5738,63748,19,296766
35825,0.000842,172.31.36.0-255,66,63814,19,296766
35826,0.000888,172.31.36.0-255,66,63880,19,296766
35827,0.000898,172.217.194.0-255,9992,73872,19,296766
35828,0.0009,172.31.36.0-255,66,73938,19,296766
35829,0.000903,172.217.194.0-255,218,74156,19,296766
35830,0.000944,172.217.194.0-255,1484,75640,19,296766
35831,0.000951,172.31.36.0-255,66,75706,19,296766
35832,0.000957,172.217.194.0-255,4320,80026,19,296766
35833,0.000959,172.31.36.0-255,66,80092,19,296766
35834,0.000994,172.217.194.0-255,8574,88666,19,296766
35835,0.000998,172.31.36.0-255,66,88732,19,296766
35836,0.001007,172.217.194.0-255,9992,98724,19,296766
35837,0.001014,172.31.36.0-255,66,98790,19,296766
35838,0.001043,172.217.194.0-255,5738,104528,19,296766
35839,0.001047,172.31.36.0-255,66,104594,19,296766
35840,0.001074,172.217.194.0-255,3602,108196,19,296766
35841,0.001077,172.31.36.0-255,66,108262,19,296766
35842,0.001438,172.217.194.0-255,1484,109746,19,296766
35843,0.001445,172.217.194.0-255,2902,112648,19,296766
35844,0.001449,172.31.36.0-255,66,112714,19,296766
35845,0.001452,172.217.194.0-255,1484,114198,19,296766
35846,0.001476,172.217.194.0-255,4320,118518,19,296766
35847,0.001479,172.31.36.0-255,66,118584,19,296766
35848,0.001488,172.217.194.0-255,9992,128576,19,296766
35849,0.001495,172.31.36.0-255,66,128642,19,296766
35850,0.001524,172.217.194.0-255,2902,131544,19,296766
35851,0.001528,172.31.36.0-255,66,131610,19,296766
35852,0.001538,172.217.194.0-255,10692,142302,19,296766
35853,0.001545,172.31.36.0-255,66,142368,19,296766
35854,0.002251,172.217.194.0-255,1484,143852,19,296766
35855,0.00226,172.217.194.0-255,2902,146754,19,296766
35856,0.002264,172.31.36.0-255,66,146820,19,296766
35857,0.002289,172.217.194.0-255,5738,152558,19,296766
35858,0.002292,172.31.36.0-255,66,152624,19,296766
35859,0.002341,172.31.36.0-255,66,152690,19,296766
35860,0.002344,172.217.194.0-255,1484,154174,19,296766
35861,0.002376,172.217.194.0-255,9274,163448,19,296766
35862,0.002379,172.31.36.0-255,66,163514,19,296766
35863,0.002548,172.217.194.0-255,1484,164998,19,296766
35864,0.002555,172.217.194.0-255,2902,167900,19,296766
35865,0.002559,172.31.36.0-255,66,167966,19,296766
35866,0.002597,172.217.194.0-255,5738,173704,19,296766
35867,0.002601,172.31.36.0-255,66,173770,19,296766
35868,0.002621,172.31.36.0-255,66,173836,19,296766
35869,0.002626,172.217.194.0-255,4320,178156,19,296766
35870,0.002628,172.31.36.0-255,66,178222,19,296766
35871,0.002663,172.217.194.0-255,6438,184660,19,296766
35872,0.002666,172.31.36.0-255,66,184726,19,296766
35873,0.002847,172.217.194.0-255,1484,186210,19,296766
35874,0.002853,172.217.194.0-255,2902,189112,19,296766
35875,0.002857,172.31.36.0-255,66,189178,19,296766
35876,0.002861,172.217.194.0-255,1484,190662,19,296766
35877,0.002867,172.217.194.0-255,4320,194982,19,296766
35878,0.002869,172.31.36.0-255,66,195048,19,296766
35879,0.002892,172.217.194.0-255,1484,196532,19,296766
35880,0.002905,172.217.194.0-255,8574,205106,19,296766
35881,0.002913,172.31.36.0-255,66,205172,19,296766
35882,0.002939,172.217.194.0-255,4320,209492,19,296766
35883,0.002942,172.31.36.0-255,66,209558,19,296766
35884,0.002945,172.217.194.0-255,1484,211042,19,296766
35885,0.002948,172.217.194.0-255,1484,212526,19,296766
35886,0.00295,172.31.36.0-255,66,212592,19,296766
35887,0.002954,172.217.194.0-255,2902,215494,19,296766
35888,0.002956,172.31.36.0-255,66,215560,19,296766
35889,0.002961,172.217.194.0-255,3602,219162,19,296766
35890,0.002963,172.31.36.0-255,66,219228,19,296766
35891,0.002966,172.217.194.0-255,1484,220712,19,296766
35892,0.003004,172.217.194.0-255,2902,223614,19,296766
35893,0.003008,172.31.36.0-255,66,223680,19,296766
35894,0.003014,172.217.194.0-255,5738,229418,19,296766
35895,0.003017,172.31.36.0-255,66,229484,19,296766
35896,0.003062,172.217.194.0-255,2902,232386,19,296766
35897,0.003065,172.31.36.0-255,66,232452,19,296766
35898,0.003107,172.217.194.0-255,5738,238190,19,296766
35899,0.003126,172.31.36.0-255,66,238256,19,296766
35900,0.003148,172.31.36.0-255,66,238322,19,296766
35901,0.00316,172.31.36.0-255,66,238388,19,296766
35902,0.003178,172.31.36.0-255,66,238454,19,296766
35903,0.003216,172.217.194.0-255,1484,239938,19,296766
35904,0.00322,172.217.194.0-255,1484,241422,19,296766
35905,0.003223,172.31.36.0-255,66,241488,19,296766
35906,0.003249,172.217.194.0-255,1484,242972,19,296766
35907,0.003256,172.217.194.0-255,5738,248710,19,296766
35908,0.00326,172.31.36.0-255,66,248776,19,296766
35909,0.003266,172.217.194.0-255,5738,254514,19,296766
35910,0.003269,172.31.36.0-255,66,254580,19,296766
35911,0.003331,172.217.194.0-255,7156,261736,19,296766
35912,0.003336,172.31.36.0-255,66,261802,19,296766
35913,0.003346,172.217.194.0-255,10692,272494,19,296766
35914,0.003348,172.31.36.0-255,66,272560,19,296766
35915,0.003414,172.217.194.0-255,1484,274044,19,296766
35916,0.00343,172.217.194.0-255,2902,276946,19,296766
35917,0.003434,172.31.36.0-255,66,277012,19,296766
35918,0.003437,172.217.194.0-255,1484,278496,19,296766
35919,0.003468,172.217.194.0-255,4320,282816,19,296766
35920,0.003472,172.31.36.0-255,66,282882,19,296766
35921,0.003486,172.31.36.0-255,66,282948,19,296766
35922,0.003499,172.217.194.0-255,8574,291522,19,296766
35923,0.003502,172.31.36.0-255,66,291588,19,296766
35924,0.003514,172.217.194.0-255,1484,293072,19,296766
35925,0.003537,172.217.194.0-255,3286,296358,19,296766
35926,0.00354,172.31.36.0-255,66,296424,19,296766
35927,0.003569,172.217.194.0-255,105,296529,19,296766
35928,0.017201,172.31.36.0-255,66,296595,19,296766
35929,0.017254,172.31.36.0-255,105,296700,19,296766
35930,0.019894,172.217.194.0-255,66,296766,19,296766
35931,0.0,74.125.130.0-255,153,153,19,280097
35932,2.8e-05,172.31.36.0-255,66,219,19,280097
35933,3.5e-05,74.125.130.0-255,1484,1703,19,280097
35934,4e-05,172.31.36.0-255,66,1769,19,280097
35935,4.5e-05,74.125.130.0-255,2902,4671,19,280097
35936,4.8e-05,172.31.36.0-255,66,4737,19,280097
35937,5.4e-05,74.125.130.0-255,7156,11893,19,280097
35938,5.8e-05,172.31.36.0-255,66,11959,19,280097
35939,6e-05,74.125.130.0-255,1484,13443,19,280097
35940,6.3e-05,172.31.36.0-255,66,13509,19,280097
35941,8.9e-05,74.125.130.0-255,2032,15541,19,280097
35942,9.2e-05,172.31.36.0-255,66,15607,19,280097
35943,9.9e-05,74.125.130.0-255,5738,21345,19,280097
35944,0.000101,172.31.36.0-255,66,21411,19,280097
35945,0.000106,74.125.130.0-255,4320,25731,19,280097
35946,0.000108,172.31.36.0-255,66,25797,19,280097
35947,0.000131,74.125.130.0-255,4320,30117,19,280097
35948,0.000134,172.31.36.0-255,66,30183,19,280097
35949,0.000153,74.125.130.0-255,1125,31308,19,280097
35950,0.000155,172.31.36.0-255,66,31374,19,280097
35951,0.000286,74.125.130.0-255,1484,32858,19,280097
35952,0.00029,172.31.36.0-255,66,32924,19,280097
35953,0.000296,74.125.130.0-255,2902,35826,19,280097
35954,0.000298,172.31.36.0-255,66,35892,19,280097
35955,0.000303,74.125.130.0-255,2902,38794,19,280097
35956,0.000305,172.31.36.0-255,66,38860,19,280097
35957,0.000333,74.125.130.0-255,1484,40344,19,280097
35958,0.000337,172.31.36.0-255,66,40410,19,280097
35959,0.000344,74.125.130.0-255,5738,46148,19,280097
35960,0.000346,172.31.36.0-255,66,46214,19,280097
35961,0.000384,172.31.36.0-255,66,46280,19,280097
35962,0.000416,74.125.130.0-255,7046,53326,19,280097
35963,0.00043,172.31.36.0-255,66,53392,19,280097
35964,0.000941,74.125.130.0-255,120,53512,19,280097
35965,0.001477,74.125.130.0-255,1484,54996,19,280097
35966,0.001484,172.31.36.0-255,66,55062,19,280097
35967,0.00149,74.125.130.0-255,2902,57964,19,280097
35968,0.00151,74.125.130.0-255,5738,63702,19,280097
35969,0.001515,74.125.130.0-255,4320,68022,19,280097
35970,0.001544,74.125.130.0-255,5738,73760,19,280097
35971,0.001576,74.125.130.0-255,5738,79498,19,280097
35972,0.001594,74.125.130.0-255,4320,83818,19,280097
35973,0.001623,74.125.130.0-255,3602,87420,19,280097
35974,0.001752,74.125.130.0-255,1484,88904,19,280097
35975,0.001766,74.125.130.0-255,2902,91806,19,280097
35976,0.001776,74.125.130.0-255,2902,94708,19,280097
35977,0.001787,74.125.130.0-255,1484,96192,19,280097
35978,0.001794,74.125.130.0-255,5738,101930,19,280097
35979,0.001809,74.125.130.0-255,2902,104832,19,280097
35980,0.001824,74.125.130.0-255,4320,109152,19,280097
35981,0.001843,74.125.130.0-255,7156,116308,19,280097
35982,0.001864,74.125.130.0-255,5020,121328,19,280097
35983,0.001866,74.125.130.0-255,383,121711,19,280097
35984,0.001912,74.125.130.0-255,1484,123195,19,280097
35985,0.001916,74.125.130.0-255,2902,126097,19,280097
35986,0.001941,74.125.130.0-255,5738,131835,19,280097
35987,0.001966,74.125.130.0-255,8574,140409,19,280097
35988,0.00198,74.125.130.0-255,4320,144729,19,280097
35989,0.001987,74.125.130.0-255,7156,151885,19,280097
35990,0.002037,74.125.130.0-255,3602,155487,19,280097
35991,0.00204,74.125.130.0-255,1484,156971,19,280097
35992,0.002055,74.125.130.0-255,2902,159873,19,280097
35993,0.002082,74.125.130.0-255,9992,169865,19,280097
35994,0.002088,74.125.130.0-255,5738,175603,19,280097
35995,0.002139,74.125.130.0-255,7156,182759,19,280097
35996,0.002153,74.125.130.0-255,6438,189197,19,280097
35997,0.002193,74.125.130.0-255,1484,190681,19,280097
35998,0.002197,74.125.130.0-255,2902,193583,19,280097
35999,0.002214,74.125.130.0-255,5738,199321,19,280097
36000,0.002242,74.125.130.0-255,7156,206477,19,280097
36001,0.002254,74.125.130.0-255,1484,207961,19,280097
36002,0.002263,74.125.130.0-255,9992,217953,19,280097
36003,0.002272,74.125.130.0-255,1484,219437,19,280097
36004,0.002287,74.125.130.0-255,3602,223039,19,280097
36005,0.00244,74.125.130.0-255,1484,224523,19,280097
36006,0.002444,74.125.130.0-255,2902,227425,19,280097
36007,0.002474,74.125.130.0-255,5738,233163,19,280097
36008,0.002487,74.125.130.0-255,5738,238901,19,280097
36009,0.002511,74.125.130.0-255,7156,246057,19,280097
36010,0.002537,74.125.130.0-255,7156,253213,19,280097
36011,0.00255,74.125.130.0-255,3602,256815,19,280097
36012,0.006282,172.31.36.0-255,66,256881,19,280097
36013,0.008866,74.125.130.0-255,5738,262619,19,280097
36014,0.008872,172.31.36.0-255,66,262685,19,280097
36015,0.011437,74.125.130.0-255,5738,268423,19,280097
36016,0.012398,172.31.36.0-255,66,268489,19,280097
36017,0.014986,74.125.130.0-255,5738,274227,19,280097
36018,0.014998,172.31.36.0-255,66,274293,19,280097
36019,0.017581,74.125.130.0-255,5738,280031,19,280097
36020,0.01759,172.31.36.0-255,66,280097,19,280097
36021,0.0,74.125.24.0-255,217,217,19,218028
36022,3.2e-05,172.31.36.0-255,66,283,19,218028
36023,3.9e-05,74.125.24.0-255,1484,1767,19,218028
36024,4.4e-05,172.31.36.0-255,66,1833,19,218028
36025,5.8e-05,74.125.24.0-255,4320,6153,19,218028
36026,6.2e-05,172.31.36.0-255,66,6219,19,218028
36027,7.1e-05,74.125.24.0-255,8889,15108,19,218028
36028,7.4e-05,172.31.36.0-255,66,15174,19,218028
36029,8.1e-05,74.125.24.0-255,5738,20912,19,218028
36030,8.3e-05,172.31.36.0-255,66,20978,19,218028
36031,0.000119,74.125.24.0-255,7156,28134,19,218028
36032,0.000122,172.31.36.0-255,66,28200,19,218028
36033,0.000131,74.125.24.0-255,8574,36774,19,218028
36034,0.000134,172.31.36.0-255,66,36840,19,218028
36035,0.000163,74.125.24.0-255,10692,47532,19,218028
36036,0.000165,172.31.36.0-255,66,47598,19,218028
36037,0.000443,74.125.24.0-255,1484,49082,19,218028
36038,0.000449,172.31.36.0-255,66,49148,19,218028
36039,0.000455,74.125.24.0-255,2902,52050,19,218028
36040,0.000457,172.31.36.0-255,66,52116,19,218028
36041,0.00047,74.125.24.0-255,5738,57854,19,218028
36042,0.000473,172.31.36.0-255,66,57920,19,218028
36043,0.000514,74.125.24.0-255,4320,62240,19,218028
36044,0.000517,172.31.36.0-255,66,62306,19,218028
36045,0.000521,74.125.24.0-255,2816,65122,19,218028
36046,0.000524,172.31.36.0-255,66,65188,19,218028
36047,0.000855,74.125.24.0-255,132,65320,19,218028
36048,0.00086,172.31.36.0-255,66,65386,19,218028
36049,0.001055,74.125.24.0-255,1484,66870,19,218028
36050,0.00106,172.31.36.0-255,66,66936,19,218028
36051,0.001064,74.125.24.0-255,1484,68420,19,218028
36052,0.001066,172.31.36.0-255,66,68486,19,218028
36053,0.001093,74.125.24.0-255,1484,69970,19,218028
36054,0.001102,74.125.24.0-255,5738,75708,19,218028
36055,0.001104,172.31.36.0-255,66,75774,19,218028
36056,0.001112,74.125.24.0-255,7156,82930,19,218028
36057,0.001114,172.31.36.0-255,66,82996,19,218028
36058,0.001128,74.125.24.0-255,8574,91570,19,218028
36059,0.001131,172.31.36.0-255,66,91636,19,218028
36060,0.001159,74.125.24.0-255,5738,97374,19,218028
36061,0.001162,172.31.36.0-255,66,97440,19,218028
36062,0.001167,74.125.24.0-255,2184,99624,19,218028
36063,0.001169,172.31.36.0-255,66,99690,19,218028
36064,0.001662,74.125.24.0-255,1484,101174,19,218028
36065,0.00168,74.125.24.0-255,1484,102658,19,218028
36066,0.001685,172.31.36.0-255,66,102724,19,218028
36067,0.001706,74.125.24.0-255,1484,104208,19,218028
36068,0.001712,74.125.24.0-255,4320,108528,19,218028
36069,0.001713,172.31.36.0-255,66,108594,19,218028
36070,0.001741,74.125.24.0-255,1484,110078,19,218028
36071,0.001744,74.125.24.0-255,1484,111562,19,218028
36072,0.001746,172.31.36.0-255,66,111628,19,218028
36073,0.001775,74.125.24.0-255,8574,120202,19,218028
36074,0.001777,172.31.36.0-255,66,120268,19,218028
36075,0.00178,74.125.24.0-255,1484,121752,19,218028
36076,0.001821,74.125.24.0-255,1484,123236,19,218028
36077,0.001824,172.31.36.0-255,66,123302,19,218028
36078,0.001856,74.125.24.0-255,9992,133294,19,218028
36079,0.001859,172.31.36.0-255,66,133360,19,218028
36080,0.001862,74.125.24.0-255,766,134126,19,218028
36081,0.002162,74.125.24.0-255,1484,135610,19,218028
36082,0.002165,172.31.36.0-255,66,135676,19,218028
36083,0.002169,74.125.24.0-255,2902,138578,19,218028
36084,0.002171,172.31.36.0-255,66,138644,19,218028
36085,0.002196,74.125.24.0-255,5738,144382,19,218028
36086,0.002199,172.31.36.0-255,66,144448,19,218028
36087,0.002254,74.125.24.0-255,4320,148768,19,218028
36088,0.002256,172.31.36.0-255,66,148834,19,218028
36089,0.002283,74.125.24.0-255,8574,157408,19,218028
36090,0.002285,172.31.36.0-255,66,157474,19,218028
36091,0.002291,74.125.24.0-255,5738,163212,19,218028
36092,0.002293,172.31.36.0-255,66,163278,19,218028
36093,0.002298,74.125.24.0-255,5738,169016,19,218028
36094,0.0023,172.31.36.0-255,66,169082,19,218028
36095,0.002334,74.125.24.0-255,5020,174102,19,218028
36096,0.002336,172.31.36.0-255,66,174168,19,218028
36097,0.002349,172.31.36.0-255,66,174234,19,218028
36098,0.002354,74.125.24.0-255,4320,178554,19,218028
36099,0.002356,172.31.36.0-255,66,178620,19,218028
36100,0.004663,74.125.24.0-255,2902,181522,19,218028
36101,0.004666,172.31.36.0-255,66,181588,19,218028
36102,0.004695,74.125.24.0-255,2902,184490,19,218028
36103,0.004698,172.31.36.0-255,66,184556,19,218028
36104,0.006968,74.125.24.0-255,5738,190294,19,218028
36105,0.006975,172.31.36.0-255,66,190360,19,218028
36106,0.009295,74.125.24.0-255,5738,196098,19,218028
36107,0.009301,172.31.36.0-255,66,196164,19,218028
36108,0.011572,74.125.24.0-255,4320,200484,19,218028
36109,0.01158,172.31.36.0-255,66,200550,19,218028
36110,0.011605,74.125.24.0-255,1484,202034,19,218028
36111,0.013861,74.125.24.0-255,4320,206354,19,218028
36112,0.01387,172.31.36.0-255,66,206420,19,218028
36113,0.016166,74.125.24.0-255,5738,212158,19,218028
36114,0.016172,172.31.36.0-255,66,212224,19,218028
36115,0.01845,74.125.24.0-255,5738,217962,19,218028
36116,0.018458,172.31.36.0-255,66,218028,19,218028
36117,0.0,172.217.194.0-255,143,143,19,277506
36118,1.6e-05,172.31.36.0-255,66,209,19,277506
36119,2.4e-05,172.217.194.0-255,1484,1693,19,277506
36120,2.8e-05,172.31.36.0-255,66,1759,19,277506
36121,4.4e-05,172.217.194.0-255,2902,4661,19,277506
36122,4.9e-05,172.31.36.0-255,66,4727,19,277506
36123,5.7e-05,172.217.194.0-255,7156,11883,19,277506
36124,6.1e-05,172.31.36.0-255,66,11949,19,277506
36125,6.5e-05,172.217.194.0-255,2001,13950,19,277506
36126,6.8e-05,172.31.36.0-255,66,14016,19,277506
36127,0.000218,172.217.194.0-255,1484,15500,19,277506
36128,0.000222,172.31.36.0-255,66,15566,19,277506
36129,0.000227,172.217.194.0-255,1484,17050,19,277506
36130,0.00023,172.31.36.0-255,66,17116,19,277506
36131,0.00026,172.217.194.0-255,1484,18600,19,277506
36132,0.000263,172.31.36.0-255,66,18666,19,277506
36133,0.00027,172.217.194.0-255,5738,24404,19,277506
36134,0.000272,172.31.36.0-255,66,24470,19,277506
36135,0.000312,172.217.194.0-255,8215,32685,19,277506
36136,0.000315,172.31.36.0-255,66,32751,19,277506
36137,0.000323,172.217.194.0-255,8574,41325,19,277506
36138,0.000326,172.31.36.0-255,66,41391,19,277506
36139,0.000353,172.217.194.0-255,6797,48188,19,277506
36140,0.000355,172.31.36.0-255,66,48254,19,277506
36141,0.000607,172.217.194.0-255,1484,49738,19,277506
36142,0.000613,172.31.36.0-255,66,49804,19,277506
36143,0.000618,172.217.194.0-255,2902,52706,19,277506
36144,0.000621,172.31.36.0-255,66,52772,19,277506
36145,0.000625,172.217.194.0-255,1484,54256,19,277506
36146,0.000631,172.31.36.0-255,66,54322,19,277506
36147,0.000661,172.217.194.0-255,4320,58642,19,277506
36148,0.000664,172.31.36.0-255,66,58708,19,277506
36149,0.000695,172.217.194.0-255,4320,63028,19,277506
36150,0.000698,172.31.36.0-255,66,63094,19,277506
36151,0.000723,172.217.194.0-255,3125,66219,19,277506
36152,0.000726,172.31.36.0-255,66,66285,19,277506
36153,0.000749,172.217.194.0-255,2902,69187,19,277506
36154,0.000751,172.31.36.0-255,66,69253,19,277506
36155,0.000758,172.217.194.0-255,4320,73573,19,277506
36156,0.00076,172.31.36.0-255,66,73639,19,277506
36157,0.000763,172.217.194.0-255,1484,75123,19,277506
36158,0.000797,172.217.194.0-255,7156,82279,19,277506
36159,0.000801,172.31.36.0-255,66,82345,19,277506
36160,0.000808,172.217.194.0-255,6797,89142,19,277506
36161,0.000811,172.31.36.0-255,66,89208,19,277506
36162,0.00086,172.31.36.0-255,66,89274,19,277506
36163,0.000883,172.217.194.0-255,1484,90758,19,277506
36164,0.000896,172.217.194.0-255,1484,92242,19,277506
36165,0.000899,172.31.36.0-255,66,92308,19,277506
36166,0.000905,172.217.194.0-255,4320,96628,19,277506
36167,0.000907,172.31.36.0-255,66,96694,19,277506
36168,0.000937,172.217.194.0-255,8574,105268,19,277506
36169,0.00094,172.31.36.0-255,66,105334,19,277506
36170,0.000944,172.217.194.0-255,1484,106818,19,277506
36171,0.000974,172.217.194.0-255,7156,113974,19,277506
36172,0.000977,172.31.36.0-255,66,114040,19,277506
36173,0.000987,172.217.194.0-255,9274,123314,19,277506
36174,0.000993,172.31.36.0-255,66,123380,19,277506
36175,0.001121,172.217.194.0-255,1484,124864,19,277506
36176,0.001127,172.217.194.0-255,1484,126348,19,277506
36177,0.001131,172.31.36.0-255,66,126414,19,277506
36178,0.001145,172.217.194.0-255,1484,127898,19,277506
36179,0.001157,172.217.194.0-255,5738,133636,19,277506
36180,0.00116,172.31.36.0-255,66,133702,19,277506
36181,0.001166,172.217.194.0-255,4320,138022,19,277506
36182,0.001168,172.31.36.0-255,66,138088,19,277506
36183,0.0012,172.217.194.0-255,8574,146662,19,277506
36184,0.001202,172.31.36.0-255,66,146728,19,277506
36185,0.001213,172.217.194.0-255,10692,157420,19,277506
36186,0.001216,172.31.36.0-255,66,157486,19,277506
36187,0.001439,172.217.194.0-255,1484,158970,19,277506
36188,0.00146,172.217.194.0-255,2902,161872,19,277506
36189,0.001463,172.31.36.0-255,66,161938,19,277506
36190,0.00147,172.217.194.0-255,5738,167676,19,277506
36191,0.001474,172.31.36.0-255,66,167742,19,277506
36192,0.001512,172.217.194.0-255,9992,177734,19,277506
36193,0.001515,172.31.36.0-255,66,177800,19,277506
36194,0.001545,172.217.194.0-255,2902,180702,19,277506
36195,0.001547,172.31.36.0-255,66,180768,19,277506
36196,0.001557,172.217.194.0-255,8574,189342,19,277506
36197,0.00156,172.31.36.0-255,66,189408,19,277506
36198,0.001564,172.217.194.0-255,2184,191592,19,277506
36199,0.001566,172.31.36.0-255,66,191658,19,277506
36200,0.001592,172.217.194.0-255,2902,194560,19,277506
36201,0.001595,172.31.36.0-255,66,194626,19,277506
36202,0.0016,172.217.194.0-255,2902,197528,19,277506
36203,0.001602,172.31.36.0-255,66,197594,19,277506
36204,0.001607,172.217.194.0-255,2902,200496,19,277506
36205,0.001611,172.31.36.0-255,66,200562,19,277506
36206,0.001638,172.217.194.0-255,4320,204882,19,277506
36207,0.001641,172.31.36.0-255,66,204948,19,277506
36208,0.001646,172.217.194.0-255,2902,207850,19,277506
36209,0.001648,172.31.36.0-255,66,207916,19,277506
36210,0.001683,172.31.36.0-255,66,207982,19,277506
36211,0.00169,172.217.194.0-255,5020,213002,19,277506
36212,0.001692,172.31.36.0-255,66,213068,19,277506
36213,0.002278,172.217.194.0-255,1484,214552,19,277506
36214,0.002286,172.217.194.0-255,2902,217454,19,277506
36215,0.002291,172.31.36.0-255,66,217520,19,277506
36216,0.002299,172.217.194.0-255,5738,223258,19,277506
36217,0.002302,172.31.36.0-255,66,223324,19,277506
36218,0.002327,172.217.194.0-255,2902,226226,19,277506
36219,0.00233,172.31.36.0-255,66,226292,19,277506
36220,0.002371,172.217.194.0-255,7156,233448,19,277506
36221,0.002375,172.31.36.0-255,66,233514,19,277506
36222,0.002379,172.217.194.0-255,2902,236416,19,277506
36223,0.002381,172.31.36.0-255,66,236482,19,277506
36224,0.004656,172.217.194.0-255,2902,239384,19,277506
36225,0.004663,172.31.36.0-255,66,239450,19,277506
36226,0.004691,172.217.194.0-255,2902,242352,19,277506
36227,0.004694,172.31.36.0-255,66,242418,19,277506
36228,0.006979,172.217.194.0-255,2902,245320,19,277506
36229,0.006986,172.31.36.0-255,66,245386,19,277506
36230,0.007019,172.217.194.0-255,2902,248288,19,277506
36231,0.007022,172.31.36.0-255,66,248354,19,277506
36232,0.009279,172.217.194.0-255,2902,251256,19,277506
36233,0.009288,172.31.36.0-255,66,251322,19,277506
36234,0.009317,172.217.194.0-255,2902,254224,19,277506
36235,0.00932,172.31.36.0-255,66,254290,19,277506
36236,0.011612,172.217.194.0-255,5738,260028,19,277506
36237,0.01162,172.31.36.0-255,66,260094,19,277506
36238,0.013938,172.217.194.0-255,5738,265832,19,277506
36239,0.013948,172.31.36.0-255,66,265898,19,277506
36240,0.01627,172.217.194.0-255,5738,271636,19,277506
36241,0.016277,172.31.36.0-255,66,271702,19,277506
36242,0.01857,172.217.194.0-255,5738,277440,19,277506
36243,0.018577,172.31.36.0-255,66,277506,19,277506
36244,0.0,74.125.68.0-255,150,150,19,125905
36245,2.3e-05,172.31.36.0-255,66,216,19,125905
36246,2.9e-05,74.125.68.0-255,1484,1700,19,125905
36247,3.3e-05,172.31.36.0-255,66,1766,19,125905
36248,3.8e-05,74.125.68.0-255,2902,4668,19,125905
36249,4e-05,172.31.36.0-255,66,4734,19,125905
36250,0.000105,74.125.68.0-255,4320,9054,19,125905
36251,0.000109,172.31.36.0-255,66,9120,19,125905
36252,0.000128,74.125.68.0-255,2902,12022,19,125905
36253,0.000131,172.31.36.0-255,66,12088,19,125905
36254,0.000294,74.125.68.0-255,2086,14174,19,125905
36255,0.000299,172.31.36.0-255,66,14240,19,125905
36256,0.000342,74.125.68.0-255,2902,17142,19,125905
36257,0.000346,172.31.36.0-255,66,17208,19,125905
36258,0.000428,74.125.68.0-255,5738,22946,19,125905
36259,0.000432,172.31.36.0-255,66,23012,19,125905
36260,0.00045,74.125.68.0-255,1484,24496,19,125905
36261,0.000453,172.31.36.0-255,66,24562,19,125905
36262,0.000619,74.125.68.0-255,7156,31718,19,125905
36263,0.000624,172.31.36.0-255,66,31784,19,125905
36264,0.000648,74.125.68.0-255,8215,39999,19,125905
36265,0.000651,172.31.36.0-255,66,40065,19,125905
36266,0.001025,74.125.68.0-255,9992,50057,19,125905
36267,0.001032,172.31.36.0-255,66,50123,19,125905
36268,0.001058,74.125.68.0-255,9992,60115,19,125905
36269,0.001062,172.31.36.0-255,66,60181,19,125905
36270,0.001545,74.125.68.0-255,1484,61665,19,125905
36271,0.001548,172.31.36.0-255,66,61731,19,125905
36272,0.001582,172.31.36.0-255,66,61797,19,125905
36273,0.002126,74.125.68.0-255,2902,64699,19,125905
36274,0.002129,172.31.36.0-255,66,64765,19,125905
36275,0.002161,172.31.36.0-255,66,64831,19,125905
36276,0.002178,74.125.68.0-255,4320,69151,19,125905
36277,0.002181,172.31.36.0-255,66,69217,19,125905
36278,0.002773,74.125.68.0-255,2902,72119,19,125905
36279,0.002775,172.31.36.0-255,66,72185,19,125905
36280,0.002814,172.31.36.0-255,66,72251,19,125905
36281,0.002836,74.125.68.0-255,9992,82243,19,125905
36282,0.002838,172.31.36.0-255,66,82309,19,125905
36283,0.003763,74.125.68.0-255,9992,92301,19,125905
36284,0.003771,172.31.36.0-255,66,92367,19,125905
36285,0.003816,172.31.36.0-255,66,92433,19,125905
36286,0.006442,74.125.68.0-255,5738,98171,19,125905
36287,0.006449,172.31.36.0-255,66,98237,19,125905
36288,0.009073,74.125.68.0-255,5738,103975,19,125905
36289,0.009081,172.31.36.0-255,66,104041,19,125905
36290,0.011706,74.125.68.0-255,5738,109779,19,125905
36291,0.011717,172.31.36.0-255,66,109845,19,125905
36292,0.014336,74.125.68.0-255,4320,114165,19,125905
36293,0.014344,172.31.36.0-255,66,114231,19,125905
36294,0.014376,74.125.68.0-255,1484,115715,19,125905
36295,0.016971,74.125.68.0-255,4320,120035,19,125905
36296,0.016979,172.31.36.0-255,66,120101,19,125905
36297,0.019611,74.125.68.0-255,5738,125839,19,125905
36298,0.019621,172.31.36.0-255,66,125905,19,125905
36299,0.0,172.217.194.0-255,153,153,19,304133
36300,2.9e-05,172.31.36.0-255,66,219,19,304133
36301,3.6e-05,172.217.194.0-255,1484,1703,19,304133
36302,4.1e-05,172.31.36.0-255,66,1769,19,304133
36303,4.6e-05,172.217.194.0-255,2902,4671,19,304133
36304,4.9e-05,172.31.36.0-255,66,4737,19,304133
36305,5.7e-05,172.217.194.0-255,7156,11893,19,304133
36306,6e-05,172.31.36.0-255,66,11959,19,304133
36307,8e-05,172.217.194.0-255,2074,14033,19,304133
36308,8.3e-05,172.31.36.0-255,66,14099,19,304133
36309,0.000149,172.217.194.0-255,1484,15583,19,304133
36310,0.000153,172.31.36.0-255,66,15649,19,304133
36311,0.000176,172.217.194.0-255,2902,18551,19,304133
36312,0.000179,172.31.36.0-255,66,18617,19,304133
36313,0.000198,172.217.194.0-255,2902,21519,19,304133
36314,0.000201,172.31.36.0-255,66,21585,19,304133
36315,0.00022,172.217.194.0-255,2902,24487,19,304133
36316,0.000223,172.31.36.0-255,66,24553,19,304133
36317,0.000234,172.217.194.0-255,9633,34186,19,304133
36318,0.000236,172.31.36.0-255,66,34252,19,304133
36319,0.00024,172.217.194.0-255,2902,37154,19,304133
36320,0.000243,172.31.36.0-255,66,37220,19,304133
36321,0.000272,172.217.194.0-255,7156,44376,19,304133
36322,0.000277,172.31.36.0-255,66,44442,19,304133
36323,0.000284,172.217.194.0-255,5738,50180,19,304133
36324,0.000286,172.31.36.0-255,66,50246,19,304133
36325,0.000312,172.31.36.0-255,66,50312,19,304133
36326,0.000329,172.217.194.0-255,1088,51400,19,304133
36327,0.000332,172.31.36.0-255,66,51466,19,304133
36328,0.000378,172.217.194.0-255,385,51851,19,304133
36329,0.000381,172.31.36.0-255,66,51917,19,304133
36330,0.000416,172.217.194.0-255,1484,53401,19,304133
36331,0.000423,172.217.194.0-255,4320,57721,19,304133
36332,0.000427,172.31.36.0-255,66,57787,19,304133
36333,0.000433,172.217.194.0-255,4320,62107,19,304133
36334,0.000438,172.31.36.0-255,66,62173,19,304133
36335,0.00045,172.217.194.0-255,2902,65075,19,304133
36336,0.000453,172.31.36.0-255,66,65141,19,304133
36337,0.000462,172.217.194.0-255,8574,73715,19,304133
36338,0.000464,172.31.36.0-255,66,73781,19,304133
36339,0.000512,172.31.36.0-255,66,73847,19,304133
36340,0.001303,172.217.194.0-255,1484,75331,19,304133
36341,0.001313,172.217.194.0-255,2902,78233,19,304133
36342,0.001318,172.31.36.0-255,66,78299,19,304133
36343,0.001323,172.217.194.0-255,2902,81201,19,304133
36344,0.001326,172.31.36.0-255,66,81267,19,304133
36345,0.001344,172.217.194.0-255,2902,84169,19,304133
36346,0.001347,172.31.36.0-255,66,84235,19,304133
36347,0.001356,172.217.194.0-255,9992,94227,19,304133
36348,0.001358,172.31.36.0-255,66,94293,19,304133
36349,0.001392,172.217.194.0-255,4320,98613,19,304133
36350,0.001396,172.31.36.0-255,66,98679,19,304133
36351,0.001423,172.217.194.0-255,9274,107953,19,304133
36352,0.001426,172.31.36.0-255,66,108019,19,304133
36353,0.001458,172.217.194.0-255,1484,109503,19,304133
36354,0.001484,172.217.194.0-255,9992,119495,19,304133
36355,0.001487,172.31.36.0-255,66,119561,19,304133
36356,0.001548,172.217.194.0-255,2902,122463,19,304133
36357,0.001552,172.31.36.0-255,66,122529,19,304133
36358,0.001566,172.31.36.0-255,66,122595,19,304133
36359,0.001573,172.217.194.0-255,7856,130451,19,304133
36360,0.001575,172.31.36.0-255,66,130517,19,304133
36361,0.001578,172.217.194.0-255,1484,132001,19,304133
36362,0.001582,172.217.194.0-255,2902,134903,19,304133
36363,0.001584,172.31.36.0-255,66,134969,19,304133
36364,0.00159,172.217.194.0-255,5738,140707,19,304133
36365,0.001592,172.31.36.0-255,66,140773,19,304133
36366,0.0016,172.217.194.0-255,8574,149347,19,304133
36367,0.001603,172.31.36.0-255,66,149413,19,304133
36368,0.001626,172.217.194.0-255,4320,153733,19,304133
36369,0.001628,172.31.36.0-255,66,153799,19,304133
36370,0.001657,172.217.194.0-255,2902,156701,19,304133
36371,0.001661,172.31.36.0-255,66,156767,19,304133
36372,0.001682,172.217.194.0-255,7856,164623,19,304133
36373,0.001686,172.31.36.0-255,66,164689,19,304133
36374,0.001708,172.217.194.0-255,1484,166173,19,304133
36375,0.001712,172.217.194.0-255,2902,169075,19,304133
36376,0.001714,172.31.36.0-255,66,169141,19,304133
36377,0.001736,172.217.194.0-255,2902,172043,19,304133
36378,0.001739,172.31.36.0-255,66,172109,19,304133
36379,0.001753,172.217.194.0-255,2902,175011,19,304133
36380,0.001755,172.31.36.0-255,66,175077,19,304133
36381,0.00176,172.217.194.0-255,4320,179397,19,304133
36382,0.001762,172.31.36.0-255,66,179463,19,304133
36383,0.001779,172.217.194.0-255,1484,180947,19,304133
36384,0.001797,172.217.194.0-255,2902,183849,19,304133
36385,0.0018,172.31.36.0-255,66,183915,19,304133
36386,0.001817,172.217.194.0-255,7156,191071,19,304133
36387,0.00182,172.31.36.0-255,66,191137,19,304133
36388,0.001827,172.217.194.0-255,7856,198993,19,304133
36389,0.00183,172.31.36.0-255,66,199059,19,304133
36390,0.001961,172.217.194.0-255,1484,200543,19,304133
36391,0.001977,172.217.194.0-255,2902,203445,19,304133
36392,0.001979,172.31.36.0-255,66,203511,19,304133
36393,0.002001,172.217.194.0-255,5738,209249,19,304133
36394,0.002003,172.31.36.0-255,66,209315,19,304133
36395,0.00201,172.217.194.0-255,5738,215053,19,304133
36396,0.002012,172.31.36.0-255,66,215119,19,304133
36397,0.002049,172.217.194.0-255,1484,216603,19,304133
36398,0.002063,172.31.36.0-255,66,216669,19,304133
36399,0.002077,172.31.36.0-255,66,216735,19,304133
36400,0.002081,172.217.194.0-255,2902,219637,19,304133
36401,0.002083,172.31.36.0-255,66,219703,19,304133
36402,0.002105,172.217.194.0-255,8574,228277,19,304133
36403,0.002107,172.31.36.0-255,66,228343,19,304133
36404,0.002134,172.217.194.0-255,4320,232663,19,304133
36405,0.002137,172.31.36.0-255,66,232729,19,304133
36406,0.002142,172.217.194.0-255,5020,237749,19,304133
36407,0.002144,172.31.36.0-255,66,237815,19,304133
36408,0.002158,172.217.194.0-255,4320,242135,19,304133
36409,0.00216,172.31.36.0-255,66,242201,19,304133
36410,0.002185,172.217.194.0-255,9992,252193,19,304133
36411,0.002187,172.31.36.0-255,66,252259,19,304133
36412,0.002225,172.217.194.0-255,4320,256579,19,304133
36413,0.002227,172.31.36.0-255,66,256645,19,304133
36414,0.002256,172.31.36.0-255,66,256711,19,304133
36415,0.002261,172.217.194.0-255,3602,260313,19,304133
36416,0.002263,172.31.36.0-255,66,260379,19,304133
36417,0.002283,172.217.194.0-255,1484,261863,19,304133
36418,0.002303,172.217.194.0-255,2902,264765,19,304133
36419,0.002306,172.31.36.0-255,66,264831,19,304133
36420,0.002325,172.217.194.0-255,5738,270569,19,304133
36421,0.002328,172.31.36.0-255,66,270635,19,304133
36422,0.002342,172.217.194.0-255,1484,272119,19,304133
36423,0.002361,172.217.194.0-255,7156,279275,19,304133
36424,0.002364,172.31.36.0-255,66,279341,19,304133
36425,0.002386,172.217.194.0-255,4320,283661,19,304133
36426,0.002388,172.31.36.0-255,66,283727,19,304133
36427,0.002392,172.217.194.0-255,2902,286629,19,304133
36428,0.002394,172.31.36.0-255,66,286695,19,304133
36429,0.002425,172.217.194.0-255,4320,291015,19,304133
36430,0.002429,172.31.36.0-255,66,291081,19,304133
36431,0.002444,172.31.36.0-255,66,291147,19,304133
36432,0.002469,172.217.194.0-255,5020,296167,19,304133
36433,0.002472,172.31.36.0-255,66,296233,19,304133
36434,0.002484,172.31.36.0-255,66,296299,19,304133
36435,0.002503,172.217.194.0-255,5020,301319,19,304133
36436,0.002505,172.31.36.0-255,66,301385,19,304133
36437,0.002509,172.217.194.0-255,2340,303725,19,304133
36438,0.002511,172.31.36.0-255,66,303791,19,304133
36439,0.002533,172.217.194.0-255,105,303896,19,304133
36440,0.005337,172.31.36.0-255,66,303962,19,304133
36441,0.005365,172.31.36.0-255,105,304067,19,304133
36442,0.007965,172.217.194.0-255,66,304133,19,304133
36443,0.0,172.217.194.0-255,146,146,19,205673
36444,2e-05,172.31.36.0-255,66,212,19,205673
36445,2.9e-05,172.217.194.0-255,1484,1696,19,205673
36446,3.3e-05,172.31.36.0-255,66,1762,19,205673
36447,4e-05,172.217.194.0-255,2902,4664,19,205673
36448,5e-05,172.31.36.0-255,66,4730,19,205673
36449,5.7e-05,172.217.194.0-255,4320,9050,19,205673
36450,6e-05,172.31.36.0-255,66,9116,19,205673
36451,0.000109,172.217.194.0-255,9121,18237,19,205673
36452,0.000112,172.31.36.0-255,66,18303,19,205673
36453,0.00012,172.217.194.0-255,7156,25459,19,205673
36454,0.000122,172.31.36.0-255,66,25525,19,205673
36455,0.000171,172.31.36.0-255,66,25591,19,205673
36456,0.000202,172.217.194.0-255,5738,31329,19,205673
36457,0.000205,172.31.36.0-255,66,31395,19,205673
36458,0.000211,172.217.194.0-255,3602,34997,19,205673
36459,0.000213,172.31.36.0-255,66,35063,19,205673
36460,0.000223,172.217.194.0-255,4320,39383,19,205673
36461,0.000226,172.31.36.0-255,66,39449,19,205673
36462,0.000237,172.217.194.0-255,9992,49441,19,205673
36463,0.000239,172.31.36.0-255,66,49507,19,205673
36464,0.000243,172.217.194.0-255,2543,52050,19,205673
36465,0.000246,172.31.36.0-255,66,52116,19,205673
36466,0.000248,172.217.194.0-255,358,52474,19,205673
36467,0.00025,172.31.36.0-255,66,52540,19,205673
36468,0.000253,172.217.194.0-255,385,52925,19,205673
36469,0.000256,172.31.36.0-255,66,52991,19,205673
36470,0.00042,172.217.194.0-255,1484,54475,19,205673
36471,0.000425,172.31.36.0-255,66,54541,19,205673
36472,0.00043,172.217.194.0-255,2902,57443,19,205673
36473,0.000433,172.31.36.0-255,66,57509,19,205673
36474,0.000444,172.217.194.0-255,5738,63247,19,205673
36475,0.00045,172.217.194.0-255,4320,67567,19,205673
36476,0.000462,172.217.194.0-255,2902,70469,19,205673
36477,0.000468,172.217.194.0-255,4320,74789,19,205673
36478,0.000497,172.217.194.0-255,9992,84781,19,205673
36479,0.000502,172.217.194.0-255,2184,86965,19,205673
36480,0.000583,172.31.36.0-255,66,87031,19,205673
36481,0.000708,172.217.194.0-255,1484,88515,19,205673
36482,0.000713,172.217.194.0-255,1484,89999,19,205673
36483,0.000729,172.217.194.0-255,1484,91483,19,205673
36484,0.000734,172.217.194.0-255,4320,95803,19,205673
36485,0.000737,172.31.36.0-255,66,95869,19,205673
36486,0.000746,172.31.36.0-255,66,95935,19,205673
36487,0.000754,172.217.194.0-255,1484,97419,19,205673
36488,0.000774,172.217.194.0-255,5738,103157,19,205673
36489,0.000787,172.217.194.0-255,2902,106059,19,205673
36490,0.000811,172.31.36.0-255,66,106125,19,205673
36491,0.000819,172.217.194.0-255,7156,113281,19,205673
36492,0.000829,172.31.36.0-255,66,113347,19,205673
36493,0.00085,172.217.194.0-255,7856,121203,19,205673
36494,0.000868,172.31.36.0-255,66,121269,19,205673
36495,0.000881,172.217.194.0-255,1484,122753,19,205673
36496,0.000906,172.217.194.0-255,2902,125655,19,205673
36497,0.000912,172.217.194.0-255,5738,131393,19,205673
36498,0.000921,172.217.194.0-255,1484,132877,19,205673
36499,0.000946,172.217.194.0-255,1484,134361,19,205673
36500,0.000966,172.217.194.0-255,7156,141517,19,205673
36501,0.000979,172.217.194.0-255,2184,143701,19,205673
36502,0.000982,172.31.36.0-255,66,143767,19,205673
36503,0.000988,172.31.36.0-255,66,143833,19,205673
36504,0.002297,172.217.194.0-255,1484,145317,19,205673
36505,0.002308,172.217.194.0-255,2902,148219,19,205673
36506,0.002312,172.31.36.0-255,66,148285,19,205673
36507,0.002321,172.217.194.0-255,5738,154023,19,205673
36508,0.002324,172.31.36.0-255,66,154089,19,205673
36509,0.002336,172.217.194.0-255,5738,159827,19,205673
36510,0.002338,172.31.36.0-255,66,159893,19,205673
36511,0.00239,172.31.36.0-255,66,159959,19,205673
36512,0.002397,172.217.194.0-255,5020,164979,19,205673
36513,0.002399,172.31.36.0-255,66,165045,19,205673
36514,0.004792,172.217.194.0-255,5738,170783,19,205673
36515,0.005241,172.31.36.0-255,66,170849,19,205673
36516,0.007618,172.217.194.0-255,5738,176587,19,205673
36517,0.007625,172.31.36.0-255,66,176653,19,205673
36518,0.010039,172.217.194.0-255,5738,182391,19,205673
36519,0.010047,172.31.36.0-255,66,182457,19,205673
36520,0.012451,172.217.194.0-255,5738,188195,19,205673
36521,0.01246,172.31.36.0-255,66,188261,19,205673
36522,0.014838,172.217.194.0-255,5738,193999,19,205673
36523,0.014851,172.31.36.0-255,66,194065,19,205673
36524,0.017239,172.217.194.0-255,5738,199803,19,205673
36525,0.017249,172.31.36.0-255,66,199869,19,205673
36526,0.019628,172.217.194.0-255,5738,205607,19,205673
36527,0.019635,172.31.36.0-255,66,205673,19,205673
36528,0.0,74.125.24.0-255,298,298,19,180388
36529,1.7e-05,172.31.36.0-255,66,364,19,180388
36530,2.3e-05,74.125.24.0-255,1484,1848,19,180388
36531,2.7e-05,172.31.36.0-255,66,1914,19,180388
36532,3.4e-05,74.125.24.0-255,4320,6234,19,180388
36533,3.8e-05,172.31.36.0-255,66,6300,19,180388
36534,6.6e-05,74.125.24.0-255,5738,12038,19,180388
36535,7e-05,172.31.36.0-255,66,12104,19,180388
36536,8.2e-05,74.125.24.0-255,1868,13972,19,180388
36537,8.4e-05,172.31.36.0-255,66,14038,19,180388
36538,0.000105,74.125.24.0-255,2902,16940,19,180388
36539,0.000107,172.31.36.0-255,66,17006,19,180388
36540,0.000113,74.125.24.0-255,4320,21326,19,180388
36541,0.000115,172.31.36.0-255,66,21392,19,180388
36542,0.000142,74.125.24.0-255,8574,29966,19,180388
36543,0.000144,172.31.36.0-255,66,30032,19,180388
36544,0.000149,74.125.24.0-255,2902,32934,19,180388
36545,0.000152,172.31.36.0-255,66,33000,19,180388
36546,0.000183,74.125.24.0-255,5379,38379,19,180388
36547,0.000187,172.31.36.0-255,66,38445,19,180388
36548,0.000195,74.125.24.0-255,8574,47019,19,180388
36549,0.000197,172.31.36.0-255,66,47085,19,180388
36550,0.0002,74.125.24.0-255,1125,48210,19,180388
36551,0.000203,172.31.36.0-255,66,48276,19,180388
36552,0.000475,74.125.24.0-255,1484,49760,19,180388
36553,0.00048,172.31.36.0-255,66,49826,19,180388
36554,0.000487,74.125.24.0-255,2902,52728,19,180388
36555,0.000489,172.31.36.0-255,66,52794,19,180388
36556,0.000506,74.125.24.0-255,1484,54278,19,180388
36557,0.000509,172.31.36.0-255,66,54344,19,180388
36558,0.000531,74.125.24.0-255,4320,58664,19,180388
36559,0.000534,172.31.36.0-255,66,58730,19,180388
36560,0.000538,74.125.24.0-255,2902,61632,19,180388
36561,0.00054,172.31.36.0-255,66,61698,19,180388
36562,0.000567,74.125.24.0-255,4540,66238,19,180388
36563,0.00057,172.31.36.0-255,66,66304,19,180388
36564,0.000667,74.125.24.0-255,1484,67788,19,180388
36565,0.000693,74.125.24.0-255,2902,70690,19,180388
36566,0.000697,172.31.36.0-255,66,70756,19,180388
36567,0.000702,74.125.24.0-255,2902,73658,19,180388
36568,0.000704,172.31.36.0-255,66,73724,19,180388
36569,0.000708,74.125.24.0-255,1484,75208,19,180388
36570,0.00073,74.125.24.0-255,5738,80946,19,180388
36571,0.000733,172.31.36.0-255,66,81012,19,180388
36572,0.000737,74.125.24.0-255,2543,83555,19,180388
36573,0.000739,172.31.36.0-255,66,83621,19,180388
36574,0.000742,74.125.24.0-255,1484,85105,19,180388
36575,0.000759,74.125.24.0-255,1484,86589,19,180388
36576,0.000761,172.31.36.0-255,66,86655,19,180388
36577,0.000767,74.125.24.0-255,2902,89557,19,180388
36578,0.000769,172.31.36.0-255,66,89623,19,180388
36579,0.000784,74.125.24.0-255,4320,93943,19,180388
36580,0.000787,172.31.36.0-255,66,94009,19,180388
36581,0.000814,74.125.24.0-255,4320,98329,19,180388
36582,0.000816,172.31.36.0-255,66,98395,19,180388
36583,0.00083,74.125.24.0-255,2543,100938,19,180388
36584,0.000833,172.31.36.0-255,66,101004,19,180388
36585,0.001151,74.125.24.0-255,1484,102488,19,180388
36586,0.001158,74.125.24.0-255,2902,105390,19,180388
36587,0.001161,172.31.36.0-255,66,105456,19,180388
36588,0.001166,74.125.24.0-255,2902,108358,19,180388
36589,0.001169,172.31.36.0-255,66,108424,19,180388
36590,0.001184,74.125.24.0-255,2902,111326,19,180388
36591,0.001187,172.31.36.0-255,66,111392,19,180388
36592,0.001194,74.125.24.0-255,7156,118548,19,180388
36593,0.001196,172.31.36.0-255,66,118614,19,180388
36594,0.00122,74.125.24.0-255,5738,124352,19,180388
36595,0.001223,172.31.36.0-255,66,124418,19,180388
36596,0.001232,74.125.24.0-255,8574,132992,19,180388
36597,0.001234,172.31.36.0-255,66,133058,19,180388
36598,0.001258,74.125.24.0-255,2184,135242,19,180388
36599,0.001261,172.31.36.0-255,66,135308,19,180388
36600,0.003564,74.125.24.0-255,4320,139628,19,180388
36601,0.003572,172.31.36.0-255,66,139694,19,180388
36602,0.00359,74.125.24.0-255,1484,141178,19,180388
36603,0.005913,74.125.24.0-255,4320,145498,19,180388
36604,0.005921,172.31.36.0-255,66,145564,19,180388
36605,0.008207,74.125.24.0-255,5738,151302,19,180388
36606,0.008212,172.31.36.0-255,66,151368,19,180388
36607,0.010546,74.125.24.0-255,5738,157106,19,180388
36608,0.010554,172.31.36.0-255,66,157172,19,180388
36609,0.012939,74.125.24.0-255,5738,162910,19,180388
36610,0.012948,172.31.36.0-255,66,162976,19,180388
36611,0.01525,74.125.24.0-255,5738,168714,19,180388
36612,0.015264,172.31.36.0-255,66,168780,19,180388
36613,0.017597,74.125.24.0-255,5738,174518,19,180388
36614,0.017607,172.31.36.0-255,66,174584,19,180388
36615,0.019934,74.125.24.0-255,5738,180322,19,180388
36616,0.019944,172.31.36.0-255,66,180388,19,180388
36617,0.0,74.125.200.0-255,155,155,19,412102
36618,2.2e-05,172.31.36.0-255,66,221,19,412102
36619,3e-05,74.125.200.0-255,1484,1705,19,412102
36620,3.4e-05,172.31.36.0-255,66,1771,19,412102
36621,4e-05,74.125.200.0-255,2902,4673,19,412102
36622,4.3e-05,172.31.36.0-255,66,4739,19,412102
36623,5e-05,74.125.200.0-255,5738,10477,19,412102
36624,6.1e-05,172.31.36.0-255,66,10543,19,412102
36625,9.7e-05,74.125.200.0-255,1484,12027,19,412102
36626,0.0001,172.31.36.0-255,66,12093,19,412102
36627,0.000105,74.125.200.0-255,2041,14134,19,412102
36628,0.000107,172.31.36.0-255,66,14200,19,412102
36629,0.000164,74.125.200.0-255,1484,15684,19,412102
36630,0.000168,172.31.36.0-255,66,15750,19,412102
36631,0.000172,74.125.200.0-255,2902,18652,19,412102
36632,0.000174,172.31.36.0-255,66,18718,19,412102
36633,0.000209,74.125.200.0-255,5738,24456,19,412102
36634,0.000211,172.31.36.0-255,66,24522,19,412102
36635,0.000215,74.125.200.0-255,2902,27424,19,412102
36636,0.000218,172.31.36.0-255,66,27490,19,412102
36637,0.000259,74.125.200.0-255,3961,31451,19,412102
36638,0.000262,172.31.36.0-255,66,31517,19,412102
36639,0.000748,74.125.200.0-255,1484,33001,19,412102
36640,0.000755,172.31.36.0-255,66,33067,19,412102
36641,0.000758,74.125.200.0-255,1484,34551,19,412102
36642,0.00076,172.31.36.0-255,66,34617,19,412102
36643,0.000788,74.125.200.0-255,2902,37519,19,412102
36644,0.000791,172.31.36.0-255,66,37585,19,412102
36645,0.000801,74.125.200.0-255,5738,43323,19,412102
36646,0.000803,172.31.36.0-255,66,43389,19,412102
36647,0.00081,74.125.200.0-255,5379,48768,19,412102
36648,0.000812,172.31.36.0-255,66,48834,19,412102
36649,0.000816,74.125.200.0-255,1484,50318,19,412102
36650,0.000846,74.125.200.0-255,4320,54638,19,412102
36651,0.000848,172.31.36.0-255,66,54704,19,412102
36652,0.000855,74.125.200.0-255,7156,61860,19,412102
36653,0.000858,172.31.36.0-255,66,61926,19,412102
36654,0.000875,74.125.200.0-255,3961,65887,19,412102
36655,0.000881,172.31.36.0-255,66,65953,19,412102
36656,0.001396,74.125.200.0-255,649,66602,19,412102
36657,0.001623,74.125.200.0-255,1484,68086,19,412102
36658,0.001629,172.31.36.0-255,66,68152,19,412102
36659,0.00166,74.125.200.0-255,2902,71054,19,412102
36660,0.001663,172.31.36.0-255,66,71120,19,412102
36661,0.00169,74.125.200.0-255,5738,76858,19,412102
36662,0.001693,172.31.36.0-255,66,76924,19,412102
36663,0.001697,74.125.200.0-255,2902,79826,19,412102
36664,0.001699,172.31.36.0-255,66,79892,19,412102
36665,0.001704,74.125.200.0-255,4320,84212,19,412102
36666,0.001706,172.31.36.0-255,66,84278,19,412102
36667,0.001717,74.125.200.0-255,5738,90016,19,412102
36668,0.001719,172.31.36.0-255,66,90082,19,412102
36669,0.001748,74.125.200.0-255,2902,92984,19,412102
36670,0.001754,172.31.36.0-255,66,93050,19,412102
36671,0.001761,74.125.200.0-255,5738,98788,19,412102
36672,0.001763,172.31.36.0-255,66,98854,19,412102
36673,0.001767,74.125.200.0-255,2184,101038,19,412102
36674,0.00177,172.31.36.0-255,66,101104,19,412102
36675,0.002065,74.125.200.0-255,1484,102588,19,412102
36676,0.002084,74.125.200.0-255,2902,105490,19,412102
36677,0.002089,172.31.36.0-255,66,105556,19,412102
36678,0.002097,74.125.200.0-255,5738,111294,19,412102
36679,0.0021,172.31.36.0-255,66,111360,19,412102
36680,0.002125,74.125.200.0-255,2902,114262,19,412102
36681,0.002128,172.31.36.0-255,66,114328,19,412102
36682,0.002161,74.125.200.0-255,9992,124320,19,412102
36683,0.002164,172.31.36.0-255,66,124386,19,412102
36684,0.002194,74.125.200.0-255,10692,135078,19,412102
36685,0.002197,172.31.36.0-255,66,135144,19,412102
36686,0.002458,74.125.200.0-255,1484,136628,19,412102
36687,0.002479,74.125.200.0-255,2902,139530,19,412102
36688,0.002482,172.31.36.0-255,66,139596,19,412102
36689,0.002488,74.125.200.0-255,2902,142498,19,412102
36690,0.002491,172.31.36.0-255,66,142564,19,412102
36691,0.002511,74.125.200.0-255,1484,144048,19,412102
36692,0.00252,74.125.200.0-255,8574,152622,19,412102
36693,0.002523,172.31.36.0-255,66,152688,19,412102
36694,0.002535,74.125.200.0-255,8574,161262,19,412102
36695,0.002538,172.31.36.0-255,66,161328,19,412102
36696,0.002541,74.125.200.0-255,1484,162812,19,412102
36697,0.002581,74.125.200.0-255,6438,169250,19,412102
36698,0.002584,172.31.36.0-255,66,169316,19,412102
36699,0.002614,74.125.200.0-255,4320,173636,19,412102
36700,0.002616,172.31.36.0-255,66,173702,19,412102
36701,0.002656,74.125.200.0-255,9992,183694,19,412102
36702,0.002659,172.31.36.0-255,66,183760,19,412102
36703,0.002663,74.125.200.0-255,2902,186662,19,412102
36704,0.002665,172.31.36.0-255,66,186728,19,412102
36705,0.002668,74.125.200.0-255,1484,188212,19,412102
36706,0.002689,74.125.200.0-255,1484,189696,19,412102
36707,0.002691,172.31.36.0-255,66,189762,19,412102
36708,0.002696,74.125.200.0-255,2902,192664,19,412102
36709,0.002698,172.31.36.0-255,66,192730,19,412102
36710,0.002707,74.125.200.0-255,1484,194214,19,412102
36711,0.002738,74.125.200.0-255,4320,198534,19,412102
36712,0.002741,172.31.36.0-255,66,198600,19,412102
36713,0.002745,74.125.200.0-255,2902,201502,19,412102
36714,0.002748,172.31.36.0-255,66,201568,19,412102
36715,0.002787,74.125.200.0-255,2184,203752,19,412102
36716,0.002789,172.31.36.0-255,66,203818,19,412102
36717,0.002895,74.125.200.0-255,1484,205302,19,412102
36718,0.002899,74.125.200.0-255,1484,206786,19,412102
36719,0.002901,172.31.36.0-255,66,206852,19,412102
36720,0.002923,74.125.200.0-255,1484,208336,19,412102
36721,0.00293,74.125.200.0-255,5738,214074,19,412102
36722,0.002933,172.31.36.0-255,66,214140,19,412102
36723,0.002938,74.125.200.0-255,2902,217042,19,412102
36724,0.00294,172.31.36.0-255,66,217108,19,412102
36725,0.002946,74.125.200.0-255,4320,221428,19,412102
36726,0.002955,172.31.36.0-255,66,221494,19,412102
36727,0.002988,74.125.200.0-255,8574,230068,19,412102
36728,0.00299,172.31.36.0-255,66,230134,19,412102
36729,0.002997,74.125.200.0-255,7156,237290,19,412102
36730,0.002999,172.31.36.0-255,66,237356,19,412102
36731,0.003033,74.125.200.0-255,7856,245212,19,412102
36732,0.003036,172.31.36.0-255,66,245278,19,412102
36733,0.00304,74.125.200.0-255,2902,248180,19,412102
36734,0.003042,172.31.36.0-255,66,248246,19,412102
36735,0.003062,74.125.200.0-255,2902,251148,19,412102
36736,0.003069,172.31.36.0-255,66,251214,19,412102
36737,0.003104,74.125.200.0-255,9992,261206,19,412102
36738,0.003107,172.31.36.0-255,66,261272,19,412102
36739,0.003116,74.125.200.0-255,9992,271264,19,412102
36740,0.003119,74.125.200.0-255,1484,272748,19,412102
36741,0.003151,74.125.200.0-255,9274,282022,19,412102
36742,0.003158,74.125.200.0-255,5738,287760,19,412102
36743,0.003162,74.125.200.0-255,2902,290662,19,412102
36744,0.003176,74.125.200.0-255,4320,294982,19,412102
36745,0.003191,74.125.200.0-255,2902,297884,19,412102
36746,0.003204,74.125.200.0-255,2902,300786,19,412102
36747,0.003246,74.125.200.0-255,2902,303688,19,412102
36748,0.003259,74.125.200.0-255,2184,305872,19,412102
36749,0.003262,74.125.200.0-255,1484,307356,19,412102
36750,0.003306,74.125.200.0-255,2902,310258,19,412102
36751,0.003322,74.125.200.0-255,2902,313160,19,412102
36752,0.003325,74.125.200.0-255,1484,314644,19,412102
36753,0.003341,74.125.200.0-255,2902,317546,19,412102
36754,0.003383,74.125.200.0-255,1484,319030,19,412102
36755,0.003401,74.125.200.0-255,7156,326186,19,412102
36756,0.003404,74.125.200.0-255,1484,327670,19,412102
36757,0.003407,74.125.200.0-255,1484,329154,19,412102
36758,0.003411,74.125.200.0-255,2902,332056,19,412102
36759,0.003416,74.125.200.0-255,4320,336376,19,412102
36760,0.003429,74.125.200.0-255,1484,337860,19,412102
36761,0.003449,74.125.200.0-255,2184,340044,19,412102
36762,0.00348,74.125.200.0-255,1484,341528,19,412102
36763,0.003494,74.125.200.0-255,2902,344430,19,412102
36764,0.003497,74.125.200.0-255,1484,345914,19,412102
36765,0.003512,74.125.200.0-255,2902,348816,19,412102
36766,0.003529,74.125.200.0-255,2902,351718,19,412102
36767,0.003541,74.125.200.0-255,2902,354620,19,412102
36768,0.003544,74.125.200.0-255,1484,356104,19,412102
36769,0.00356,74.125.200.0-255,2902,359006,19,412102
36770,0.003582,74.125.200.0-255,2902,361908,19,412102
36771,0.003595,74.125.200.0-255,2902,364810,19,412102
36772,0.003597,74.125.200.0-255,1484,366294,19,412102
36773,0.003602,74.125.200.0-255,2902,369196,19,412102
36774,0.003653,74.125.200.0-255,5020,374216,19,412102
36775,0.003689,74.125.200.0-255,2902,377118,19,412102
36776,0.003708,74.125.200.0-255,2902,380020,19,412102
36777,0.00371,74.125.200.0-255,1484,381504,19,412102
36778,0.003715,74.125.200.0-255,2902,384406,19,412102
36779,0.003745,74.125.200.0-255,5738,390144,19,412102
36780,0.003747,74.125.200.0-255,1484,391628,19,412102
36781,0.00375,74.125.200.0-255,1484,393112,19,412102
36782,0.003763,74.125.200.0-255,1484,394596,19,412102
36783,0.003785,74.125.200.0-255,5738,400334,19,412102
36784,0.003797,74.125.200.0-255,1484,401818,19,412102
36785,0.003815,74.125.200.0-255,6438,408256,19,412102
36786,0.003871,74.125.200.0-255,2902,411158,19,412102
36787,0.003883,74.125.200.0-255,435,411593,19,412102
36788,0.003932,74.125.200.0-255,105,411698,19,412102
36789,0.006369,172.31.36.0-255,66,411764,19,412102
36790,0.007327,172.31.36.0-255,101,411865,19,412102
36791,0.00905,172.31.36.0-255,105,411970,19,412102
36792,0.009792,74.125.200.0-255,66,412036,19,412102
36793,0.011515,74.125.200.0-255,66,412102,19,412102
36794,0.0,74.125.24.0-255,148,148,19,246508
36795,3.3e-05,172.31.36.0-255,66,214,19,246508
36796,4.1e-05,74.125.24.0-255,1484,1698,19,246508
36797,4.5e-05,172.31.36.0-255,66,1764,19,246508
36798,5e-05,74.125.24.0-255,2902,4666,19,246508
36799,5.2e-05,172.31.36.0-255,66,4732,19,246508
36800,6e-05,74.125.24.0-255,7156,11888,19,246508
36801,6.2e-05,172.31.36.0-255,66,11954,19,246508
36802,9.5e-05,74.125.24.0-255,2075,14029,19,246508
36803,9.7e-05,172.31.36.0-255,66,14095,19,246508
36804,0.000479,74.125.24.0-255,1484,15579,19,246508
36805,0.000485,172.31.36.0-255,66,15645,19,246508
36806,0.000493,74.125.24.0-255,2902,18547,19,246508
36807,0.000495,172.31.36.0-255,66,18613,19,246508
36808,0.000503,74.125.24.0-255,5738,24351,19,246508
36809,0.000505,172.31.36.0-255,66,24417,19,246508
36810,0.000536,74.125.24.0-255,6797,31214,19,246508
36811,0.000541,172.31.36.0-255,66,31280,19,246508
36812,0.000596,74.125.24.0-255,1484,32764,19,246508
36813,0.000599,172.31.36.0-255,66,32830,19,246508
36814,0.000605,74.125.24.0-255,2902,35732,19,246508
36815,0.000606,172.31.36.0-255,66,35798,19,246508
36816,0.00064,74.125.24.0-255,5738,41536,19,246508
36817,0.000644,172.31.36.0-255,66,41602,19,246508
36818,0.00065,74.125.24.0-255,4320,45922,19,246508
36819,0.000652,172.31.36.0-255,66,45988,19,246508
36820,0.000686,172.31.36.0-255,66,46054,19,246508
36821,0.00069,74.125.24.0-255,2812,48866,19,246508
36822,0.000692,172.31.36.0-255,66,48932,19,246508
36823,0.000694,74.125.24.0-255,136,49068,19,246508
36824,0.000696,172.31.36.0-255,66,49134,19,246508
36825,0.000843,74.125.24.0-255,1484,50618,19,246508
36826,0.00085,74.125.24.0-255,2902,53520,19,246508
36827,0.000854,172.31.36.0-255,66,53586,19,246508
36828,0.000858,74.125.24.0-255,1484,55070,19,246508
36829,0.000877,74.125.24.0-255,4320,59390,19,246508
36830,0.00088,172.31.36.0-255,66,59456,19,246508
36831,0.000933,74.125.24.0-255,8574,68030,19,246508
36832,0.000938,172.31.36.0-255,66,68096,19,246508
36833,0.000957,74.125.24.0-255,5379,73475,19,246508
36834,0.00096,172.31.36.0-255,66,73541,19,246508
36835,0.000967,74.125.24.0-255,7156,80697,19,246508
36836,0.000969,172.31.36.0-255,66,80763,19,246508
36837,0.000973,74.125.24.0-255,2801,83564,19,246508
36838,0.000975,172.31.36.0-255,66,83630,19,246508
36839,0.001297,74.125.24.0-255,1484,85114,19,246508
36840,0.001304,74.125.24.0-255,2902,88016,19,246508
36841,0.001308,172.31.36.0-255,66,88082,19,246508
36842,0.001313,74.125.24.0-255,2902,90984,19,246508
36843,0.001315,172.31.36.0-255,66,91050,19,246508
36844,0.00133,74.125.24.0-255,2902,93952,19,246508
36845,0.001332,172.31.36.0-255,66,94018,19,246508
36846,0.00136,172.31.36.0-255,66,94084,19,246508
36847,0.001371,74.125.24.0-255,1484,95568,19,246508
36848,0.001395,74.125.24.0-255,9274,104842,19,246508
36849,0.001397,172.31.36.0-255,66,104908,19,246508
36850,0.001416,74.125.24.0-255,5738,110646,19,246508
36851,0.001419,172.31.36.0-255,66,110712,19,246508
36852,0.00144,74.125.24.0-255,1484,112196,19,246508
36853,0.001447,74.125.24.0-255,8574,120770,19,246508
36854,0.00145,172.31.36.0-255,66,120836,19,246508
36855,0.001466,74.125.24.0-255,7156,127992,19,246508
36856,0.001469,172.31.36.0-255,66,128058,19,246508
36857,0.001489,74.125.24.0-255,9992,138050,19,246508
36858,0.001491,172.31.36.0-255,66,138116,19,246508
36859,0.001496,74.125.24.0-255,4320,142436,19,246508
36860,0.001498,172.31.36.0-255,66,142502,19,246508
36861,0.001517,74.125.24.0-255,3602,146104,19,246508
36862,0.00152,172.31.36.0-255,66,146170,19,246508
36863,0.001524,74.125.24.0-255,4320,150490,19,246508
36864,0.001526,172.31.36.0-255,66,150556,19,246508
36865,0.00157,172.31.36.0-255,66,150622,19,246508
36866,0.001597,74.125.24.0-255,1484,152106,19,246508
36867,0.001627,172.31.36.0-255,66,152172,19,246508
36868,0.001654,74.125.24.0-255,7156,159328,19,246508
36869,0.001656,172.31.36.0-255,66,159394,19,246508
36870,0.001674,172.31.36.0-255,66,159460,19,246508
36871,0.001693,172.31.36.0-255,66,159526,19,246508
36872,0.001757,172.31.36.0-255,66,159592,19,246508
36873,0.001788,172.31.36.0-255,66,159658,19,246508
36874,0.001795,74.125.24.0-255,7856,167514,19,246508
36875,0.001796,172.31.36.0-255,66,167580,19,246508
36876,0.001828,74.125.24.0-255,1484,169064,19,246508
36877,0.001845,74.125.24.0-255,2902,171966,19,246508
36878,0.001847,172.31.36.0-255,66,172032,19,246508
36879,0.001851,74.125.24.0-255,2902,174934,19,246508
36880,0.001853,172.31.36.0-255,66,175000,19,246508
36881,0.00187,74.125.24.0-255,2902,177902,19,246508
36882,0.001872,172.31.36.0-255,66,177968,19,246508
36883,0.001903,172.31.36.0-255,66,178034,19,246508
36884,0.001911,74.125.24.0-255,9992,188026,19,246508
36885,0.001913,172.31.36.0-255,66,188092,19,246508
36886,0.001942,74.125.24.0-255,766,188858,19,246508
36887,0.001958,74.125.24.0-255,1484,190342,19,246508
36888,0.00196,172.31.36.0-255,66,190408,19,246508
36889,0.001976,74.125.24.0-255,4320,194728,19,246508
36890,0.001979,172.31.36.0-255,66,194794,19,246508
36891,0.002011,74.125.24.0-255,9992,204786,19,246508
36892,0.002014,172.31.36.0-255,66,204852,19,246508
36893,0.00202,74.125.24.0-255,5738,210590,19,246508
36894,0.002022,172.31.36.0-255,66,210656,19,246508
36895,0.002035,74.125.24.0-255,5738,216394,19,246508
36896,0.002038,172.31.36.0-255,66,216460,19,246508
36897,0.002067,74.125.24.0-255,6438,222898,19,246508
36898,0.00207,172.31.36.0-255,66,222964,19,246508
36899,0.002094,74.125.24.0-255,1484,224448,19,246508
36900,0.002113,74.125.24.0-255,5738,230186,19,246508
36901,0.002115,172.31.36.0-255,66,230252,19,246508
36902,0.002123,74.125.24.0-255,8574,238826,19,246508
36903,0.002125,172.31.36.0-255,66,238892,19,246508
36904,0.00214,74.125.24.0-255,2902,241794,19,246508
36905,0.002142,172.31.36.0-255,66,241860,19,246508
36906,0.002173,74.125.24.0-255,766,242626,19,246508
36907,0.002232,74.125.24.0-255,1484,244110,19,246508
36908,0.002247,74.125.24.0-255,1893,246003,19,246508
36909,0.00225,74.125.24.0-255,97,246100,19,246508
36910,0.003768,172.31.36.0-255,66,246166,19,246508
36911,0.006013,74.125.24.0-255,105,246271,19,246508
36912,0.006792,172.31.36.0-255,66,246337,19,246508
36913,0.00682,172.31.36.0-255,105,246442,19,246508
36914,0.009021,74.125.24.0-255,66,246508,19,246508
36915,0.0,74.125.24.0-255,153,153,19,217489
36916,2.6e-05,172.31.36.0-255,66,219,19,217489
36917,3.4e-05,74.125.24.0-255,1484,1703,19,217489
36918,3.9e-05,172.31.36.0-255,66,1769,19,217489
36919,4.4e-05,74.125.24.0-255,2902,4671,19,217489
36920,4.7e-05,172.31.36.0-255,66,4737,19,217489
36921,6.2e-05,74.125.24.0-255,5738,10475,19,217489
36922,6.6e-05,172.31.36.0-255,66,10541,19,217489
36923,8.2e-05,172.31.36.0-255,66,10607,19,217489
36924,8.9e-05,74.125.24.0-255,6797,17404,19,217489
36925,9.2e-05,172.31.36.0-255,66,17470,19,217489
36926,0.000148,74.125.24.0-255,1484,18954,19,217489
36927,0.000152,172.31.36.0-255,66,19020,19,217489
36928,0.000167,74.125.24.0-255,2902,21922,19,217489
36929,0.000174,172.31.36.0-255,66,21988,19,217489
36930,0.000182,74.125.24.0-255,5738,27726,19,217489
36931,0.000185,172.31.36.0-255,66,27792,19,217489
36932,0.000235,172.31.36.0-255,66,27858,19,217489
36933,0.000274,74.125.24.0-255,5738,33596,19,217489
36934,0.000277,172.31.36.0-255,66,33662,19,217489
36935,0.000304,74.125.24.0-255,5713,39375,19,217489
36936,0.000307,172.31.36.0-255,66,39441,19,217489
36937,0.00056,74.125.24.0-255,113,39554,19,217489
36938,0.000565,172.31.36.0-255,66,39620,19,217489
36939,0.000592,74.125.24.0-255,329,39949,19,217489
36940,0.000596,172.31.36.0-255,66,40015,19,217489
36941,0.000943,74.125.24.0-255,1484,41499,19,217489
36942,0.00095,172.31.36.0-255,66,41565,19,217489
36943,0.000972,74.125.24.0-255,2902,44467,19,217489
36944,0.000976,172.31.36.0-255,66,44533,19,217489
36945,0.000984,74.125.24.0-255,5738,50271,19,217489
36946,0.000988,172.31.36.0-255,66,50337,19,217489
36947,0.000997,74.125.24.0-255,8574,58911,19,217489
36948,0.000999,172.31.36.0-255,66,58977,19,217489
36949,0.001034,74.125.24.0-255,4320,63297,19,217489
36950,0.001037,172.31.36.0-255,66,63363,19,217489
36951,0.001045,74.125.24.0-255,5738,69101,19,217489
36952,0.001047,172.31.36.0-255,66,69167,19,217489
36953,0.001053,74.125.24.0-255,5020,74187,19,217489
36954,0.001056,172.31.36.0-255,66,74253,19,217489
36955,0.001482,74.125.24.0-255,1484,75737,19,217489
36956,0.001487,74.125.24.0-255,2902,78639,19,217489
36957,0.001494,172.31.36.0-255,66,78705,19,217489
36958,0.001516,74.125.24.0-255,5738,84443,19,217489
36959,0.001519,172.31.36.0-255,66,84509,19,217489
36960,0.001548,172.31.36.0-255,66,84575,19,217489
36961,0.001594,172.31.36.0-255,66,84641,19,217489
36962,0.001642,74.125.24.0-255,1484,86125,19,217489
36963,0.001648,74.125.24.0-255,2902,89027,19,217489
36964,0.001651,172.31.36.0-255,66,89093,19,217489
36965,0.001656,74.125.24.0-255,2902,91995,19,217489
36966,0.001658,172.31.36.0-255,66,92061,19,217489
36967,0.001682,74.125.24.0-255,2902,94963,19,217489
36968,0.001684,172.31.36.0-255,66,95029,19,217489
36969,0.001694,74.125.24.0-255,9992,105021,19,217489
36970,0.001702,172.31.36.0-255,66,105087,19,217489
36971,0.001711,74.125.24.0-255,8574,113661,19,217489
36972,0.001713,172.31.36.0-255,66,113727,19,217489
36973,0.001744,74.125.24.0-255,2902,116629,19,217489
36974,0.001747,172.31.36.0-255,66,116695,19,217489
36975,0.001753,74.125.24.0-255,2184,118879,19,217489
36976,0.001755,172.31.36.0-255,66,118945,19,217489
36977,0.001789,74.125.24.0-255,1484,120429,19,217489
36978,0.001803,74.125.24.0-255,2902,123331,19,217489
36979,0.001809,74.125.24.0-255,4320,127651,19,217489
36980,0.001813,172.31.36.0-255,66,127717,19,217489
36981,0.001816,172.31.36.0-255,66,127783,19,217489
36982,0.001823,74.125.24.0-255,1484,129267,19,217489
36983,0.001833,74.125.24.0-255,4320,133587,19,217489
36984,0.001836,172.31.36.0-255,66,133653,19,217489
36985,0.001871,74.125.24.0-255,5738,139391,19,217489
36986,0.001875,172.31.36.0-255,66,139457,19,217489
36987,0.001915,172.31.36.0-255,66,139523,19,217489
36988,0.001942,74.125.24.0-255,2184,141707,19,217489
36989,0.001944,172.31.36.0-255,66,141773,19,217489
36990,0.001982,74.125.24.0-255,1484,143257,19,217489
36991,0.002002,74.125.24.0-255,2902,146159,19,217489
36992,0.002006,172.31.36.0-255,66,146225,19,217489
36993,0.002013,74.125.24.0-255,5738,151963,19,217489
36994,0.002015,172.31.36.0-255,66,152029,19,217489
36995,0.002046,74.125.24.0-255,9992,162021,19,217489
36996,0.002048,172.31.36.0-255,66,162087,19,217489
36997,0.002074,74.125.24.0-255,4320,166407,19,217489
36998,0.002076,172.31.36.0-255,66,166473,19,217489
36999,0.002115,172.31.36.0-255,66,166539,19,217489
37000,0.002123,74.125.24.0-255,7156,173695,19,217489
37001,0.002125,172.31.36.0-255,66,173761,19,217489
37002,0.002202,74.125.24.0-255,4320,178081,19,217489
37003,0.002206,172.31.36.0-255,66,178147,19,217489
37004,0.002259,172.31.36.0-255,66,178213,19,217489
37005,0.004632,74.125.24.0-255,5738,183951,19,217489
37006,0.00464,172.31.36.0-255,66,184017,19,217489
37007,0.007011,74.125.24.0-255,5738,189755,19,217489
37008,0.007029,172.31.36.0-255,66,189821,19,217489
37009,0.009467,74.125.24.0-255,5738,195559,19,217489
37010,0.009483,172.31.36.0-255,66,195625,19,217489
37011,0.011878,74.125.24.0-255,5738,201363,19,217489
37012,0.011896,172.31.36.0-255,66,201429,19,217489
37013,0.01426,74.125.24.0-255,4320,205749,19,217489
37014,0.014265,172.31.36.0-255,66,205815,19,217489
37015,0.014277,74.125.24.0-255,1484,207299,19,217489
37016,0.016609,74.125.24.0-255,4320,211619,19,217489
37017,0.016612,172.31.36.0-255,66,211685,19,217489
37018,0.018987,74.125.24.0-255,5738,217423,19,217489
37019,0.018998,172.31.36.0-255,66,217489,19,217489
