,TIME,SRC,PACKET_SIZE,CUMULATIVE_PACKET_SIZE,PAGE_NUMBER,TOTAL_PACKET_SIZE
0,0.0,74.125.24.0-255,153,153,56,157443
1,2.7e-05,172.31.46.0-255,66,219,56,157443
2,3.5e-05,74.125.24.0-255,1484,1703,56,157443
3,4e-05,172.31.46.0-255,66,1769,56,157443
4,5.4e-05,74.125.24.0-255,2902,4671,56,157443
5,5.9e-05,172.31.46.0-255,66,4737,56,157443
6,6.7e-05,74.125.24.0-255,7156,11893,56,157443
7,7.1e-05,172.31.46.0-255,66,11959,56,157443
8,8.3e-05,172.31.46.0-255,66,12025,56,157443
9,0.000109,74.125.24.0-255,4776,16801,56,157443
10,0.000117,172.31.46.0-255,66,16867,56,157443
11,0.000121,74.125.24.0-255,2902,19769,56,157443
12,0.000124,172.31.46.0-255,66,19835,56,157443
13,0.000155,74.125.24.0-255,2543,22378,56,157443
14,0.000158,172.31.46.0-255,66,22444,56,157443
15,0.000169,74.125.24.0-255,1484,23928,56,157443
16,0.000176,172.31.46.0-255,66,23994,56,157443
17,0.00018,74.125.24.0-255,1484,25478,56,157443
18,0.000182,172.31.46.0-255,66,25544,56,157443
19,0.000213,74.125.24.0-255,1484,27028,56,157443
20,0.000216,172.31.46.0-255,66,27094,56,157443
21,0.000223,74.125.24.0-255,5738,32832,56,157443
22,0.000225,172.31.46.0-255,66,32898,56,157443
23,0.000255,74.125.24.0-255,4320,37218,56,157443
24,0.000261,172.31.46.0-255,66,37284,56,157443
25,0.000297,172.31.46.0-255,66,37350,56,157443
26,0.000309,172.31.46.0-255,66,37416,56,157443
27,0.00033,74.125.24.0-255,112,37528,56,157443
28,0.000332,172.31.46.0-255,66,37594,56,157443
29,0.000423,74.125.24.0-255,1484,39078,56,157443
30,0.00043,74.125.24.0-255,2902,41980,56,157443
31,0.000433,172.31.46.0-255,66,42046,56,157443
32,0.00044,74.125.24.0-255,5738,47784,56,157443
33,0.000443,172.31.46.0-255,66,47850,56,157443
34,0.000467,74.125.24.0-255,1484,49334,56,157443
35,0.000488,74.125.24.0-255,5379,54713,56,157443
36,0.000491,172.31.46.0-255,66,54779,56,157443
37,0.000516,74.125.24.0-255,7156,61935,56,157443
38,0.000519,172.31.46.0-255,66,62001,56,157443
39,0.000526,74.125.24.0-255,5738,67739,56,157443
40,0.000529,172.31.46.0-255,66,67805,56,157443
41,0.00055,74.125.24.0-255,2902,70707,56,157443
42,0.000553,172.31.46.0-255,66,70773,56,157443
43,0.000557,74.125.24.0-255,1125,71898,56,157443
44,0.001511,74.125.24.0-255,331,72229,56,157443
45,0.001556,74.125.24.0-255,1484,73713,56,157443
46,0.00156,172.31.46.0-255,66,73779,56,157443
47,0.001567,74.125.24.0-255,4320,78099,56,157443
48,0.001569,172.31.46.0-255,66,78165,56,157443
49,0.001587,74.125.24.0-255,2902,81067,56,157443
50,0.00159,172.31.46.0-255,66,81133,56,157443
51,0.00162,74.125.24.0-255,5738,86871,56,157443
52,0.001623,172.31.46.0-255,66,86937,56,157443
53,0.001629,74.125.24.0-255,5738,92675,56,157443
54,0.001631,172.31.46.0-255,66,92741,56,157443
55,0.001657,74.125.24.0-255,4320,97061,56,157443
56,0.001659,172.31.46.0-255,66,97127,56,157443
57,0.001698,172.31.46.0-255,66,97193,56,157443
58,0.001808,74.125.24.0-255,1484,98677,56,157443
59,0.001813,74.125.24.0-255,2902,101579,56,157443
60,0.001815,74.125.24.0-255,1484,103063,56,157443
61,0.00182,172.31.46.0-255,66,103129,56,157443
62,0.001831,74.125.24.0-255,4320,107449,56,157443
63,0.001835,172.31.46.0-255,66,107515,56,157443
64,0.001846,74.125.24.0-255,5738,113253,56,157443
65,0.001848,172.31.46.0-255,66,113319,56,157443
66,0.001879,74.125.24.0-255,7156,120475,56,157443
67,0.001882,172.31.46.0-255,66,120541,56,157443
68,0.001898,172.31.46.0-255,66,120607,56,157443
69,0.001908,172.31.46.0-255,66,120673,56,157443
70,0.001934,74.125.24.0-255,5738,126411,56,157443
71,0.001936,172.31.46.0-255,66,126477,56,157443
72,0.001939,74.125.24.0-255,1484,127961,56,157443
73,0.00198,172.31.46.0-255,66,128027,56,157443
74,0.001985,74.125.24.0-255,4320,132347,56,157443
75,0.001988,172.31.46.0-255,66,132413,56,157443
76,0.002038,172.31.46.0-255,66,132479,56,157443
77,0.002045,74.125.24.0-255,7156,139635,56,157443
78,0.002048,172.31.46.0-255,66,139701,56,157443
79,0.002091,172.31.46.0-255,66,139767,56,157443
80,0.002132,172.31.46.0-255,66,139833,56,157443
81,0.002165,172.31.46.0-255,66,139899,56,157443
82,0.002182,172.31.46.0-255,66,139965,56,157443
83,0.002192,172.31.46.0-255,66,140031,56,157443
84,0.004324,74.125.24.0-255,5738,145769,56,157443
85,0.004345,172.31.46.0-255,66,145835,56,157443
86,0.006456,74.125.24.0-255,5738,151573,56,157443
87,0.006461,172.31.46.0-255,66,151639,56,157443
88,0.008558,74.125.24.0-255,5738,157377,56,157443
89,0.008566,172.31.46.0-255,66,157443,56,157443
90,0.0,74.125.24.0-255,153,153,56,197165
91,2.4e-05,172.31.46.0-255,66,219,56,197165
92,3.1e-05,74.125.24.0-255,1484,1703,56,197165
93,3.6e-05,172.31.46.0-255,66,1769,56,197165
94,4.2e-05,74.125.24.0-255,2902,4671,56,197165
95,4.6e-05,172.31.46.0-255,66,4737,56,197165
96,7.9e-05,74.125.24.0-255,7156,11893,56,197165
97,8.3e-05,172.31.46.0-255,66,11959,56,197165
98,8.7e-05,74.125.24.0-255,2053,14012,56,197165
99,9e-05,172.31.46.0-255,66,14078,56,197165
100,0.000525,74.125.24.0-255,1484,15562,56,197165
101,0.000529,172.31.46.0-255,66,15628,56,197165
102,0.000535,74.125.24.0-255,2902,18530,56,197165
103,0.000537,172.31.46.0-255,66,18596,56,197165
104,0.000561,74.125.24.0-255,5738,24334,56,197165
105,0.000564,172.31.46.0-255,66,24400,56,197165
106,0.000585,74.125.24.0-255,4320,28720,56,197165
107,0.000588,172.31.46.0-255,66,28786,56,197165
108,0.000607,74.125.24.0-255,6797,35583,56,197165
109,0.00061,172.31.46.0-255,66,35649,56,197165
110,0.000623,172.31.46.0-255,66,35715,56,197165
111,0.000626,74.125.24.0-255,1125,36840,56,197165
112,0.000629,172.31.46.0-255,66,36906,56,197165
113,0.000706,74.125.24.0-255,1484,38390,56,197165
114,0.000708,172.31.46.0-255,66,38456,56,197165
115,0.000715,74.125.24.0-255,2902,41358,56,197165
116,0.000717,172.31.46.0-255,66,41424,56,197165
117,0.000722,74.125.24.0-255,2902,44326,56,197165
118,0.000724,172.31.46.0-255,66,44392,56,197165
119,0.000746,74.125.24.0-255,2902,47294,56,197165
120,0.000748,172.31.46.0-255,66,47360,56,197165
121,0.000752,74.125.24.0-255,1484,48844,56,197165
122,0.000796,74.125.24.0-255,5687,54531,56,197165
123,0.0008,172.31.46.0-255,66,54597,56,197165
124,0.00103,74.125.24.0-255,113,54710,56,197165
125,0.001067,74.125.24.0-255,1484,56194,56,197165
126,0.001071,172.31.46.0-255,66,56260,56,197165
127,0.001076,74.125.24.0-255,2902,59162,56,197165
128,0.001079,172.31.46.0-255,66,59228,56,197165
129,0.001114,74.125.24.0-255,7156,66384,56,197165
130,0.001118,172.31.46.0-255,66,66450,56,197165
131,0.001122,74.125.24.0-255,2902,69352,56,197165
132,0.001124,172.31.46.0-255,66,69418,56,197165
133,0.001145,74.125.24.0-255,5738,75156,56,197165
134,0.001148,172.31.46.0-255,66,75222,56,197165
135,0.001154,74.125.24.0-255,4320,79542,56,197165
136,0.001156,172.31.46.0-255,66,79608,56,197165
137,0.001179,172.31.46.0-255,66,79674,56,197165
138,0.001182,74.125.24.0-255,331,80005,56,197165
139,0.001455,74.125.24.0-255,1484,81489,56,197165
140,0.001461,172.31.46.0-255,66,81555,56,197165
141,0.001467,74.125.24.0-255,2902,84457,56,197165
142,0.00147,172.31.46.0-255,66,84523,56,197165
143,0.001476,74.125.24.0-255,4320,88843,56,197165
144,0.001478,172.31.46.0-255,66,88909,56,197165
145,0.001496,74.125.24.0-255,1484,90393,56,197165
146,0.001503,74.125.24.0-255,4320,94713,56,197165
147,0.001505,172.31.46.0-255,66,94779,56,197165
148,0.001556,172.31.46.0-255,66,94845,56,197165
149,0.00156,172.31.46.0-255,66,94911,56,197165
150,0.001665,74.125.24.0-255,1484,96395,56,197165
151,0.00167,74.125.24.0-255,2902,99297,56,197165
152,0.001674,172.31.46.0-255,66,99363,56,197165
153,0.001681,74.125.24.0-255,5738,105101,56,197165
154,0.001684,172.31.46.0-255,66,105167,56,197165
155,0.001698,74.125.24.0-255,1484,106651,56,197165
156,0.001723,172.31.46.0-255,66,106717,56,197165
157,0.001764,74.125.24.0-255,1484,108201,56,197165
158,0.001791,172.31.46.0-255,66,108267,56,197165
159,0.001899,74.125.24.0-255,1484,109751,56,197165
160,0.001917,74.125.24.0-255,2902,112653,56,197165
161,0.001921,172.31.46.0-255,66,112719,56,197165
162,0.001924,74.125.24.0-255,1484,114203,56,197165
163,0.001942,74.125.24.0-255,4320,118523,56,197165
164,0.001946,172.31.46.0-255,66,118589,56,197165
165,0.001965,172.31.46.0-255,66,118655,56,197165
166,0.001986,74.125.24.0-255,4320,122975,56,197165
167,0.001989,172.31.46.0-255,66,123041,56,197165
168,0.002016,172.31.46.0-255,66,123107,56,197165
169,0.002463,74.125.24.0-255,1484,124591,56,197165
170,0.00247,74.125.24.0-255,2902,127493,56,197165
171,0.002474,172.31.46.0-255,66,127559,56,197165
172,0.002481,74.125.24.0-255,4320,131879,56,197165
173,0.002483,172.31.46.0-255,66,131945,56,197165
174,0.002494,74.125.24.0-255,1484,133429,56,197165
175,0.002505,74.125.24.0-255,1484,134913,56,197165
176,0.002508,172.31.46.0-255,66,134979,56,197165
177,0.002528,172.31.46.0-255,66,135045,56,197165
178,0.002554,74.125.24.0-255,1484,136529,56,197165
179,0.002566,172.31.46.0-255,66,136595,56,197165
180,0.002899,74.125.24.0-255,1484,138079,56,197165
181,0.002905,74.125.24.0-255,2902,140981,56,197165
182,0.002908,172.31.46.0-255,66,141047,56,197165
183,0.002925,74.125.24.0-255,1484,142531,56,197165
184,0.002941,74.125.24.0-255,4320,146851,56,197165
185,0.002943,172.31.46.0-255,66,146917,56,197165
186,0.002949,74.125.24.0-255,4320,151237,56,197165
187,0.002951,172.31.46.0-255,66,151303,56,197165
188,0.002975,74.125.24.0-255,7156,158459,56,197165
189,0.002979,172.31.46.0-255,66,158525,56,197165
190,0.003049,172.31.46.0-255,66,158591,56,197165
191,0.003052,172.31.46.0-255,66,158657,56,197165
192,0.003055,74.125.24.0-255,1484,160141,56,197165
193,0.003083,172.31.46.0-255,66,160207,56,197165
194,0.003108,74.125.24.0-255,1484,161691,56,197165
195,0.00314,172.31.46.0-255,66,161757,56,197165
196,0.003146,74.125.24.0-255,5738,167495,56,197165
197,0.003149,172.31.46.0-255,66,167561,56,197165
198,0.003189,172.31.46.0-255,66,167627,56,197165
199,0.003196,74.125.24.0-255,6438,174065,56,197165
200,0.003199,172.31.46.0-255,66,174131,56,197165
201,0.003202,74.125.24.0-255,1484,175615,56,197165
202,0.00323,74.125.24.0-255,7156,182771,56,197165
203,0.003234,172.31.46.0-255,66,182837,56,197165
204,0.003244,172.31.46.0-255,66,182903,56,197165
205,0.003298,172.31.46.0-255,66,182969,56,197165
206,0.003333,172.31.46.0-255,66,183035,56,197165
207,0.003341,74.125.24.0-255,7156,190191,56,197165
208,0.003343,172.31.46.0-255,66,190257,56,197165
209,0.003388,172.31.46.0-255,66,190323,56,197165
210,0.003404,74.125.24.0-255,6438,196761,56,197165
211,0.003406,172.31.46.0-255,66,196827,56,197165
212,0.003462,172.31.46.0-255,66,196893,56,197165
213,0.003481,74.125.24.0-255,105,196998,56,197165
214,0.004609,172.31.46.0-255,101,197099,56,197165
215,0.006603,74.125.24.0-255,66,197165,56,197165
216,0.0,172.217.194.0-255,153,153,56,153336
217,2.2e-05,172.31.46.0-255,66,219,56,153336
218,3e-05,172.217.194.0-255,1484,1703,56,153336
219,3.5e-05,172.31.46.0-255,66,1769,56,153336
220,4.1e-05,172.217.194.0-255,2902,4671,56,153336
221,4.4e-05,172.31.46.0-255,66,4737,56,153336
222,4.7e-05,172.217.194.0-255,1484,6221,56,153336
223,5e-05,172.31.46.0-255,66,6287,56,153336
224,7.4e-05,172.217.194.0-255,4320,10607,56,153336
225,7.7e-05,172.31.46.0-255,66,10673,56,153336
226,0.000116,172.31.46.0-255,66,10739,56,153336
227,0.000126,172.31.46.0-255,66,10805,56,153336
228,0.000129,172.217.194.0-255,1125,11930,56,153336
229,0.000131,172.31.46.0-255,66,11996,56,153336
230,0.000413,172.217.194.0-255,1484,13480,56,153336
231,0.000418,172.31.46.0-255,66,13546,56,153336
232,0.000423,172.217.194.0-255,2902,16448,56,153336
233,0.000426,172.31.46.0-255,66,16514,56,153336
234,0.000432,172.217.194.0-255,5738,22252,56,153336
235,0.000434,172.31.46.0-255,66,22318,56,153336
236,0.000437,172.217.194.0-255,1484,23802,56,153336
237,0.000439,172.31.46.0-255,66,23868,56,153336
238,0.000464,172.217.194.0-255,5379,29247,56,153336
239,0.000467,172.31.46.0-255,66,29313,56,153336
240,0.000473,172.217.194.0-255,5738,35051,56,153336
241,0.000476,172.31.46.0-255,66,35117,56,153336
242,0.00051,172.31.46.0-255,66,35183,56,153336
243,0.000514,172.217.194.0-255,2833,38016,56,153336
244,0.000516,172.31.46.0-255,66,38082,56,153336
245,0.000519,172.217.194.0-255,365,38447,56,153336
246,0.000683,172.217.194.0-255,1484,39931,56,153336
247,0.000688,172.217.194.0-255,2902,42833,56,153336
248,0.000695,172.31.46.0-255,66,42899,56,153336
249,0.000713,172.217.194.0-255,5738,48637,56,153336
250,0.000729,172.31.46.0-255,66,48703,56,153336
251,0.000752,172.217.194.0-255,2902,51605,56,153336
252,0.000763,172.217.194.0-255,2902,54507,56,153336
253,0.000776,172.31.46.0-255,66,54573,56,153336
254,0.000799,172.217.194.0-255,5020,59593,56,153336
255,0.000807,172.31.46.0-255,66,59659,56,153336
256,0.000883,172.217.194.0-255,1484,61143,56,153336
257,0.000896,172.217.194.0-255,2902,64045,56,153336
258,0.000902,172.217.194.0-255,5738,69783,56,153336
259,0.000907,172.31.46.0-255,66,69849,56,153336
260,0.00097,172.31.46.0-255,66,69915,56,153336
261,0.001073,172.217.194.0-255,1484,71399,56,153336
262,0.001076,172.217.194.0-255,1484,72883,56,153336
263,0.001086,172.217.194.0-255,1484,74367,56,153336
264,0.001093,172.217.194.0-255,5738,80105,56,153336
265,0.001095,172.217.194.0-255,1484,81589,56,153336
266,0.001111,172.217.194.0-255,2902,84491,56,153336
267,0.001117,172.31.46.0-255,66,84557,56,153336
268,0.001128,172.217.194.0-255,5738,90295,56,153336
269,0.001132,172.31.46.0-255,66,90361,56,153336
270,0.001142,172.217.194.0-255,5738,96099,56,153336
271,0.001153,172.217.194.0-255,2902,99001,56,153336
272,0.00122,172.217.194.0-255,5738,104739,56,153336
273,0.001262,172.31.46.0-255,66,104805,56,153336
274,0.001297,172.31.46.0-255,101,104906,56,153336
275,0.001397,172.217.194.0-255,1484,106390,56,153336
276,0.001417,172.217.194.0-255,2902,109292,56,153336
277,0.001422,172.217.194.0-255,2902,112194,56,153336
278,0.001434,172.217.194.0-255,2902,115096,56,153336
279,0.001448,172.31.46.0-255,66,115162,56,153336
280,0.001485,172.31.46.0-255,66,115228,56,153336
281,0.001517,172.217.194.0-255,5020,120248,56,153336
282,0.00152,172.217.194.0-255,1484,121732,56,153336
283,0.001539,172.217.194.0-255,4320,126052,56,153336
284,0.001547,172.217.194.0-255,5738,131790,56,153336
285,0.00157,172.217.194.0-255,7156,138946,56,153336
286,0.001599,172.31.46.0-255,66,139012,56,153336
287,0.001618,172.217.194.0-255,1484,140496,56,153336
288,0.00165,172.31.46.0-255,66,140562,56,153336
289,0.001696,172.217.194.0-255,4320,144882,56,153336
290,0.001727,172.31.46.0-255,66,144948,56,153336
291,0.001858,172.31.46.0-255,66,145014,56,153336
292,0.001872,172.217.194.0-255,766,145780,56,153336
293,0.001896,172.217.194.0-255,7156,152936,56,153336
294,0.00191,172.31.46.0-255,66,153002,56,153336
295,0.001925,172.217.194.0-255,97,153099,56,153336
296,0.001936,172.31.46.0-255,66,153165,56,153336
297,0.00196,172.217.194.0-255,105,153270,56,153336
298,0.003521,172.217.194.0-255,66,153336,56,153336
299,0.0,74.125.24.0-255,153,153,56,128045
300,2.3e-05,172.31.46.0-255,66,219,56,128045
301,3e-05,74.125.24.0-255,1484,1703,56,128045
302,3.6e-05,172.31.46.0-255,66,1769,56,128045
303,4.9e-05,74.125.24.0-255,2902,4671,56,128045
304,5.3e-05,172.31.46.0-255,66,4737,56,128045
305,5.9e-05,74.125.24.0-255,5738,10475,56,128045
306,6.3e-05,172.31.46.0-255,66,10541,56,128045
307,6.8e-05,74.125.24.0-255,3394,13935,56,128045
308,7.1e-05,172.31.46.0-255,66,14001,56,128045
309,0.000135,74.125.24.0-255,1484,15485,56,128045
310,0.000139,172.31.46.0-255,66,15551,56,128045
311,0.000162,74.125.24.0-255,1484,17035,56,128045
312,0.000165,172.31.46.0-255,66,17101,56,128045
313,0.00017,74.125.24.0-255,2902,20003,56,128045
314,0.000172,172.31.46.0-255,66,20069,56,128045
315,0.000197,74.125.24.0-255,5738,25807,56,128045
316,0.0002,172.31.46.0-255,66,25873,56,128045
317,0.000233,74.125.24.0-255,5379,31252,56,128045
318,0.000235,172.31.46.0-255,66,31318,56,128045
319,0.000241,74.125.24.0-255,4320,35638,56,128045
320,0.000243,172.31.46.0-255,66,35704,56,128045
321,0.000275,74.125.24.0-255,1484,37188,56,128045
322,0.000277,172.31.46.0-255,66,37254,56,128045
323,0.000289,172.31.46.0-255,66,37320,56,128045
324,0.000313,74.125.24.0-255,2543,39863,56,128045
325,0.000315,172.31.46.0-255,66,39929,56,128045
326,0.000343,74.125.24.0-255,2902,42831,56,128045
327,0.000346,172.31.46.0-255,66,42897,56,128045
328,0.000375,74.125.24.0-255,7156,50053,56,128045
329,0.000378,172.31.46.0-255,66,50119,56,128045
330,0.000413,74.125.24.0-255,1484,51603,56,128045
331,0.000432,74.125.24.0-255,5379,56982,56,128045
332,0.000447,74.125.24.0-255,428,57410,56,128045
333,0.000581,172.31.46.0-255,66,57476,56,128045
334,0.000623,74.125.24.0-255,345,57821,56,128045
335,0.000815,74.125.24.0-255,1484,59305,56,128045
336,0.000837,172.31.46.0-255,66,59371,56,128045
337,0.000842,74.125.24.0-255,2902,62273,56,128045
338,0.000847,172.31.46.0-255,66,62339,56,128045
339,0.000879,74.125.24.0-255,5738,68077,56,128045
340,0.000883,74.125.24.0-255,2902,70979,56,128045
341,0.000923,172.31.46.0-255,66,71045,56,128045
342,0.000939,74.125.24.0-255,3961,75006,56,128045
343,0.000955,74.125.24.0-255,4320,79326,56,128045
344,0.000974,74.125.24.0-255,2902,82228,56,128045
345,0.000979,74.125.24.0-255,2902,85130,56,128045
346,0.000986,172.31.46.0-255,66,85196,56,128045
347,0.000994,74.125.24.0-255,1484,86680,56,128045
348,0.001038,74.125.24.0-255,2902,89582,56,128045
349,0.001051,74.125.24.0-255,2543,92125,56,128045
350,0.001061,172.31.46.0-255,66,92191,56,128045
351,0.001581,74.125.24.0-255,1484,93675,56,128045
352,0.001599,74.125.24.0-255,2902,96577,56,128045
353,0.001603,172.31.46.0-255,66,96643,56,128045
354,0.001606,74.125.24.0-255,1484,98127,56,128045
355,0.001631,74.125.24.0-255,4320,102447,56,128045
356,0.001634,74.125.24.0-255,1484,103931,56,128045
357,0.001677,74.125.24.0-255,1484,105415,56,128045
358,0.001681,172.31.46.0-255,66,105481,56,128045
359,0.001717,172.31.46.0-255,66,105547,56,128045
360,0.0022,74.125.24.0-255,1484,107031,56,128045
361,0.002212,74.125.24.0-255,2902,109933,56,128045
362,0.002216,172.31.46.0-255,66,109999,56,128045
363,0.002252,74.125.24.0-255,5738,115737,56,128045
364,0.002261,74.125.24.0-255,7156,122893,56,128045
365,0.002283,74.125.24.0-255,2902,125795,56,128045
366,0.002286,74.125.24.0-255,1484,127279,56,128045
367,0.002314,74.125.24.0-255,766,128045,56,128045
368,0.0,74.125.68.0-255,146,146,56,322933
369,1.2e-05,172.31.46.0-255,66,212,56,322933
370,1.8e-05,74.125.68.0-255,1484,1696,56,322933
371,2.2e-05,172.31.46.0-255,66,1762,56,322933
372,2.5e-05,74.125.68.0-255,1484,3246,56,322933
373,2.8e-05,172.31.46.0-255,66,3312,56,322933
374,4.4e-05,74.125.68.0-255,2902,6214,56,322933
375,4.7e-05,172.31.46.0-255,66,6280,56,322933
376,5.3e-05,74.125.68.0-255,5738,12018,56,322933
377,5.6e-05,172.31.46.0-255,66,12084,56,322933
378,8.5e-05,74.125.68.0-255,3508,15592,56,322933
379,8.8e-05,172.31.46.0-255,66,15658,56,322933
380,9.2e-05,74.125.68.0-255,4320,19978,56,322933
381,9.4e-05,172.31.46.0-255,66,20044,56,322933
382,0.000123,172.31.46.0-255,66,20110,56,322933
383,0.000125,74.125.68.0-255,1125,21235,56,322933
384,0.000127,172.31.46.0-255,66,21301,56,322933
385,0.000209,74.125.68.0-255,1484,22785,56,322933
386,0.000213,172.31.46.0-255,66,22851,56,322933
387,0.000216,74.125.68.0-255,1484,24335,56,322933
388,0.000217,172.31.46.0-255,66,24401,56,322933
389,0.000221,74.125.68.0-255,1484,25885,56,322933
390,0.000222,172.31.46.0-255,66,25951,56,322933
391,0.000234,74.125.68.0-255,1484,27435,56,322933
392,0.000236,172.31.46.0-255,66,27501,56,322933
393,0.000291,74.125.68.0-255,2902,30403,56,322933
394,0.000294,172.31.46.0-255,66,30469,56,322933
395,0.000299,74.125.68.0-255,4320,34789,56,322933
396,0.000301,172.31.46.0-255,66,34855,56,322933
397,0.000318,74.125.68.0-255,1484,36339,56,322933
398,0.00032,172.31.46.0-255,66,36405,56,322933
399,0.000334,74.125.68.0-255,7156,43561,56,322933
400,0.000352,74.125.68.0-255,1125,44686,56,322933
401,0.000376,74.125.68.0-255,1402,46088,56,322933
402,0.000397,74.125.68.0-255,131,46219,56,322933
403,0.000431,172.31.46.0-255,66,46285,56,322933
404,0.000695,74.125.68.0-255,1484,47769,56,322933
405,0.000701,74.125.68.0-255,2902,50671,56,322933
406,0.000718,74.125.68.0-255,2902,53573,56,322933
407,0.000752,74.125.68.0-255,4320,57893,56,322933
408,0.000775,74.125.68.0-255,2902,60795,56,322933
409,0.000797,74.125.68.0-255,3659,64454,56,322933
410,0.000802,74.125.68.0-255,7156,71610,56,322933
411,0.000826,74.125.68.0-255,5738,77348,56,322933
412,0.00085,74.125.68.0-255,7156,84504,56,322933
413,0.000877,74.125.68.0-255,2902,87406,56,322933
414,0.001088,74.125.68.0-255,1484,88890,56,322933
415,0.001102,74.125.68.0-255,2902,91792,56,322933
416,0.001127,74.125.68.0-255,1484,93276,56,322933
417,0.001156,74.125.68.0-255,2902,96178,56,322933
418,0.001161,74.125.68.0-255,5738,101916,56,322933
419,0.001187,74.125.68.0-255,7156,109072,56,322933
420,0.0012,74.125.68.0-255,4320,113392,56,322933
421,0.001233,74.125.68.0-255,2902,116294,56,322933
422,0.001262,74.125.68.0-255,5020,121314,56,322933
423,0.00128,74.125.68.0-255,1484,122798,56,322933
424,0.0013,74.125.68.0-255,7156,129954,56,322933
425,0.001388,74.125.68.0-255,5020,134974,56,322933
426,0.001456,74.125.68.0-255,1484,136458,56,322933
427,0.001476,74.125.68.0-255,2902,139360,56,322933
428,0.001503,74.125.68.0-255,5738,145098,56,322933
429,0.00151,74.125.68.0-255,7156,152254,56,322933
430,0.001539,74.125.68.0-255,1484,153738,56,322933
431,0.001585,74.125.68.0-255,3602,157340,56,322933
432,0.001663,74.125.68.0-255,1484,158824,56,322933
433,0.001669,74.125.68.0-255,2902,161726,56,322933
434,0.001685,74.125.68.0-255,1484,163210,56,322933
435,0.001689,74.125.68.0-255,1484,164694,56,322933
436,0.001703,74.125.68.0-255,1484,166178,56,322933
437,0.001705,74.125.68.0-255,1484,167662,56,322933
438,0.001728,74.125.68.0-255,4320,171982,56,322933
439,0.001744,74.125.68.0-255,5738,177720,56,322933
440,0.001762,74.125.68.0-255,5738,183458,56,322933
441,0.00179,74.125.68.0-255,4320,187778,56,322933
442,0.001802,74.125.68.0-255,3602,191380,56,322933
443,0.001846,74.125.68.0-255,1484,192864,56,322933
444,0.001863,74.125.68.0-255,2902,195766,56,322933
445,0.001917,74.125.68.0-255,5738,201504,56,322933
446,0.001921,74.125.68.0-255,2902,204406,56,322933
447,0.001926,74.125.68.0-255,4320,208726,56,322933
448,0.001955,74.125.68.0-255,5738,214464,56,322933
449,0.001971,74.125.68.0-255,2902,217366,56,322933
450,0.001991,74.125.68.0-255,3602,220968,56,322933
451,0.001996,74.125.68.0-255,4320,225288,56,322933
452,0.002009,74.125.68.0-255,1484,226772,56,322933
453,0.00203,74.125.68.0-255,7156,233928,56,322933
454,0.002104,74.125.68.0-255,6438,240366,56,322933
455,0.002137,74.125.68.0-255,1484,241850,56,322933
456,0.002151,74.125.68.0-255,2902,244752,56,322933
457,0.002173,74.125.68.0-255,5738,250490,56,322933
458,0.0022,74.125.68.0-255,7156,257646,56,322933
459,0.002211,74.125.68.0-255,1484,259130,56,322933
460,0.002242,74.125.68.0-255,1484,260614,56,322933
461,0.002259,74.125.68.0-255,5020,265634,56,322933
462,0.00229,74.125.68.0-255,2902,268536,56,322933
463,0.002303,74.125.68.0-255,1484,270020,56,322933
464,0.002306,74.125.68.0-255,1484,271504,56,322933
465,0.002323,74.125.68.0-255,4320,275824,56,322933
466,0.002361,74.125.68.0-255,2902,278726,56,322933
467,0.002381,74.125.68.0-255,5738,284464,56,322933
468,0.002397,74.125.68.0-255,6438,290902,56,322933
469,0.002418,74.125.68.0-255,1484,292386,56,322933
470,0.002421,74.125.68.0-255,1484,293870,56,322933
471,0.002433,74.125.68.0-255,1484,295354,56,322933
472,0.002439,74.125.68.0-255,5738,301092,56,322933
473,0.002473,74.125.68.0-255,5738,306830,56,322933
474,0.0025,74.125.68.0-255,5738,312568,56,322933
475,0.002512,74.125.68.0-255,1484,314052,56,322933
476,0.002519,74.125.68.0-255,5738,319790,56,322933
477,0.002534,74.125.68.0-255,2770,322560,56,322933
478,0.005609,172.31.46.0-255,66,322626,56,322933
479,0.008105,74.125.68.0-255,136,322762,56,322933
480,0.008785,172.31.46.0-255,66,322828,56,322933
481,0.00882,172.31.46.0-255,105,322933,56,322933
482,0.0,74.125.24.0-255,153,153,56,224372
483,2.3e-05,172.31.46.0-255,66,219,56,224372
484,3e-05,74.125.24.0-255,1484,1703,56,224372
485,3.4e-05,172.31.46.0-255,66,1769,56,224372
486,4e-05,74.125.24.0-255,2902,4671,56,224372
487,4.5e-05,172.31.46.0-255,66,4737,56,224372
488,5.3e-05,74.125.24.0-255,7156,11893,56,224372
489,5.6e-05,172.31.46.0-255,66,11959,56,224372
490,6e-05,74.125.24.0-255,2054,14013,56,224372
491,6.3e-05,172.31.46.0-255,66,14079,56,224372
492,9.9e-05,172.31.46.0-255,66,14145,56,224372
493,0.000104,74.125.24.0-255,2902,17047,56,224372
494,0.000106,172.31.46.0-255,66,17113,56,224372
495,0.000127,74.125.24.0-255,2543,19656,56,224372
496,0.000129,172.31.46.0-255,66,19722,56,224372
497,0.000243,74.125.24.0-255,1484,21206,56,224372
498,0.000246,172.31.46.0-255,66,21272,56,224372
499,0.000251,74.125.24.0-255,2902,24174,56,224372
500,0.000254,172.31.46.0-255,66,24240,56,224372
501,0.000257,74.125.24.0-255,1484,25724,56,224372
502,0.000259,172.31.46.0-255,66,25790,56,224372
503,0.000281,74.125.24.0-255,4320,30110,56,224372
504,0.000284,172.31.46.0-255,66,30176,56,224372
505,0.000315,74.125.24.0-255,6797,36973,56,224372
506,0.000318,172.31.46.0-255,66,37039,56,224372
507,0.000355,74.125.24.0-255,7156,44195,56,224372
508,0.000358,172.31.46.0-255,66,44261,56,224372
509,0.000365,74.125.24.0-255,7156,51417,56,224372
510,0.000368,172.31.46.0-255,66,51483,56,224372
511,0.000382,74.125.24.0-255,2543,54026,56,224372
512,0.000385,172.31.46.0-255,66,54092,56,224372
513,0.000387,74.125.24.0-255,645,54737,56,224372
514,0.000634,74.125.24.0-255,1484,56221,56,224372
515,0.00064,172.31.46.0-255,66,56287,56,224372
516,0.000646,74.125.24.0-255,2902,59189,56,224372
517,0.000649,172.31.46.0-255,66,59255,56,224372
518,0.000653,74.125.24.0-255,2902,62157,56,224372
519,0.000655,172.31.46.0-255,66,62223,56,224372
520,0.000676,74.125.24.0-255,2902,65125,56,224372
521,0.000679,172.31.46.0-255,66,65191,56,224372
522,0.000684,74.125.24.0-255,4320,69511,56,224372
523,0.000686,172.31.46.0-255,66,69577,56,224372
524,0.000706,74.125.24.0-255,6797,76374,56,224372
525,0.000708,172.31.46.0-255,66,76440,56,224372
526,0.000712,74.125.24.0-255,1484,77924,56,224372
527,0.000739,172.31.46.0-255,66,77990,56,224372
528,0.000975,74.125.24.0-255,1484,79474,56,224372
529,0.000981,74.125.24.0-255,2902,82376,56,224372
530,0.000984,172.31.46.0-255,66,82442,56,224372
531,0.000991,74.125.24.0-255,5738,88180,56,224372
532,0.000993,172.31.46.0-255,66,88246,56,224372
533,0.001009,74.125.24.0-255,1484,89730,56,224372
534,0.001025,74.125.24.0-255,5738,95468,56,224372
535,0.001027,172.31.46.0-255,66,95534,56,224372
536,0.001033,74.125.24.0-255,4320,99854,56,224372
537,0.001035,172.31.46.0-255,66,99920,56,224372
538,0.001052,74.125.24.0-255,4320,104240,56,224372
539,0.001055,172.31.46.0-255,66,104306,56,224372
540,0.001069,74.125.24.0-255,2902,107208,56,224372
541,0.001071,172.31.46.0-255,66,107274,56,224372
542,0.001087,74.125.24.0-255,5020,112294,56,224372
543,0.001089,172.31.46.0-255,66,112360,56,224372
544,0.001171,74.125.24.0-255,1484,113844,56,224372
545,0.001174,74.125.24.0-255,1484,115328,56,224372
546,0.001179,172.31.46.0-255,66,115394,56,224372
547,0.001191,74.125.24.0-255,1484,116878,56,224372
548,0.001197,74.125.24.0-255,4320,121198,56,224372
549,0.001199,172.31.46.0-255,66,121264,56,224372
550,0.001217,74.125.24.0-255,1484,122748,56,224372
551,0.001225,74.125.24.0-255,7156,129904,56,224372
552,0.001227,172.31.46.0-255,66,129970,56,224372
553,0.001249,74.125.24.0-255,2902,132872,56,224372
554,0.001251,172.31.46.0-255,66,132938,56,224372
555,0.001271,74.125.24.0-255,2902,135840,56,224372
556,0.001275,172.31.46.0-255,66,135906,56,224372
557,0.001309,172.31.46.0-255,66,135972,56,224372
558,0.001312,74.125.24.0-255,1484,137456,56,224372
559,0.001356,172.31.46.0-255,66,137522,56,224372
560,0.001367,172.31.46.0-255,66,137588,56,224372
561,0.001377,74.125.24.0-255,1484,139072,56,224372
562,0.001411,172.31.46.0-255,66,139138,56,224372
563,0.001495,74.125.24.0-255,1484,140622,56,224372
564,0.00151,74.125.24.0-255,2902,143524,56,224372
565,0.001513,172.31.46.0-255,66,143590,56,224372
566,0.001532,74.125.24.0-255,5738,149328,56,224372
567,0.001535,172.31.46.0-255,66,149394,56,224372
568,0.001537,74.125.24.0-255,1484,150878,56,224372
569,0.001571,172.31.46.0-255,66,150944,56,224372
570,0.001583,74.125.24.0-255,1484,152428,56,224372
571,0.001617,172.31.46.0-255,66,152494,56,224372
572,0.001666,172.31.46.0-255,66,152560,56,224372
573,0.001682,74.125.24.0-255,4320,156880,56,224372
574,0.001685,172.31.46.0-255,66,156946,56,224372
575,0.001704,172.31.46.0-255,66,157012,56,224372
576,0.001714,172.31.46.0-255,66,157078,56,224372
577,0.001724,172.31.46.0-255,66,157144,56,224372
578,0.001745,74.125.24.0-255,7156,164300,56,224372
579,0.001748,172.31.46.0-255,66,164366,56,224372
580,0.001778,74.125.24.0-255,7156,171522,56,224372
581,0.001781,172.31.46.0-255,66,171588,56,224372
582,0.001786,74.125.24.0-255,2902,174490,56,224372
583,0.001788,172.31.46.0-255,66,174556,56,224372
584,0.001812,172.31.46.0-255,66,174622,56,224372
585,0.001816,74.125.24.0-255,2902,177524,56,224372
586,0.001818,172.31.46.0-255,66,177590,56,224372
587,0.001849,74.125.24.0-255,4320,181910,56,224372
588,0.001853,172.31.46.0-255,66,181976,56,224372
589,0.001861,172.31.46.0-255,66,182042,56,224372
590,0.001905,172.31.46.0-255,66,182108,56,224372
591,0.001908,74.125.24.0-255,766,182874,56,224372
592,0.001992,74.125.24.0-255,1484,184358,56,224372
593,0.001996,172.31.46.0-255,66,184424,56,224372
594,0.002001,74.125.24.0-255,2902,187326,56,224372
595,0.002003,172.31.46.0-255,66,187392,56,224372
596,0.002009,74.125.24.0-255,5738,193130,56,224372
597,0.002012,172.31.46.0-255,66,193196,56,224372
598,0.002015,74.125.24.0-255,1484,194680,56,224372
599,0.002045,172.31.46.0-255,66,194746,56,224372
600,0.00208,172.31.46.0-255,66,194812,56,224372
601,0.002082,74.125.24.0-255,1484,196296,56,224372
602,0.002104,74.125.24.0-255,2902,199198,56,224372
603,0.002106,172.31.46.0-255,66,199264,56,224372
604,0.002112,74.125.24.0-255,5738,205002,56,224372
605,0.002114,172.31.46.0-255,66,205068,56,224372
606,0.002141,74.125.24.0-255,1484,206552,56,224372
607,0.002159,74.125.24.0-255,7156,213708,56,224372
608,0.002162,172.31.46.0-255,66,213774,56,224372
609,0.002188,74.125.24.0-255,4320,218094,56,224372
610,0.002191,172.31.46.0-255,66,218160,56,224372
611,0.002202,172.31.46.0-255,66,218226,56,224372
612,0.002209,74.125.24.0-255,5738,223964,56,224372
613,0.002211,172.31.46.0-255,66,224030,56,224372
614,0.002251,172.31.46.0-255,66,224096,56,224372
615,0.002254,74.125.24.0-255,105,224201,56,224372
616,0.008963,172.31.46.0-255,66,224267,56,224372
617,0.009003,172.31.46.0-255,105,224372,56,224372
618,0.0,74.125.24.0-255,143,143,56,216897
619,1.5e-05,172.31.46.0-255,66,209,56,216897
620,2.1e-05,74.125.24.0-255,1484,1693,56,216897
621,2.5e-05,172.31.46.0-255,66,1759,56,216897
622,3e-05,74.125.24.0-255,2902,4661,56,216897
623,4.2e-05,172.31.46.0-255,66,4727,56,216897
624,4.9e-05,74.125.24.0-255,7156,11883,56,216897
625,5.2e-05,172.31.46.0-255,66,11949,56,216897
626,8.2e-05,74.125.24.0-255,2093,14042,56,216897
627,8.4e-05,172.31.46.0-255,66,14108,56,216897
628,0.000105,74.125.24.0-255,2902,17010,56,216897
629,0.000108,172.31.46.0-255,66,17076,56,216897
630,0.000112,74.125.24.0-255,2902,19978,56,216897
631,0.000114,172.31.46.0-255,66,20044,56,216897
632,0.000146,74.125.24.0-255,1484,21528,56,216897
633,0.000148,172.31.46.0-255,66,21594,56,216897
634,0.000158,172.31.46.0-255,66,21660,56,216897
635,0.000164,74.125.24.0-255,1125,22785,56,216897
636,0.000166,172.31.46.0-255,66,22851,56,216897
637,0.000299,74.125.24.0-255,1484,24335,56,216897
638,0.000304,172.31.46.0-255,66,24401,56,216897
639,0.000309,74.125.24.0-255,2902,27303,56,216897
640,0.000311,172.31.46.0-255,66,27369,56,216897
641,0.000341,74.125.24.0-255,5738,33107,56,216897
642,0.000343,172.31.46.0-255,66,33173,56,216897
643,0.00037,74.125.24.0-255,5738,38911,56,216897
644,0.000372,172.31.46.0-255,66,38977,56,216897
645,0.000397,74.125.24.0-255,2543,41520,56,216897
646,0.000399,172.31.46.0-255,66,41586,56,216897
647,0.000409,172.31.46.0-255,66,41652,56,216897
648,0.000414,74.125.24.0-255,4320,45972,56,216897
649,0.000416,172.31.46.0-255,66,46038,56,216897
650,0.000443,74.125.24.0-255,2543,48581,56,216897
651,0.000445,172.31.46.0-255,66,48647,56,216897
652,0.000746,74.125.24.0-255,646,49293,56,216897
653,0.000766,74.125.24.0-255,1484,50777,56,216897
654,0.000769,172.31.46.0-255,66,50843,56,216897
655,0.000797,74.125.24.0-255,4320,55163,56,216897
656,0.0008,172.31.46.0-255,66,55229,56,216897
657,0.000841,74.125.24.0-255,2902,58131,56,216897
658,0.000843,172.31.46.0-255,66,58197,56,216897
659,0.000869,74.125.24.0-255,7156,65353,56,216897
660,0.000872,172.31.46.0-255,66,65419,56,216897
661,0.000886,172.31.46.0-255,66,65485,56,216897
662,0.000892,74.125.24.0-255,6438,71923,56,216897
663,0.000895,172.31.46.0-255,66,71989,56,216897
664,0.000965,74.125.24.0-255,1484,73473,56,216897
665,0.000969,74.125.24.0-255,1484,74957,56,216897
666,0.000971,172.31.46.0-255,66,75023,56,216897
667,0.000983,74.125.24.0-255,1484,76507,56,216897
668,0.000992,74.125.24.0-255,5738,82245,56,216897
669,0.000995,172.31.46.0-255,66,82311,56,216897
670,0.001028,172.31.46.0-255,66,82377,56,216897
671,0.001064,74.125.24.0-255,4320,86697,56,216897
672,0.001067,172.31.46.0-255,66,86763,56,216897
673,0.001078,172.31.46.0-255,66,86829,56,216897
674,0.001084,74.125.24.0-255,1484,88313,56,216897
675,0.001088,74.125.24.0-255,2902,91215,56,216897
676,0.00109,172.31.46.0-255,66,91281,56,216897
677,0.001124,74.125.24.0-255,5738,97019,56,216897
678,0.001127,172.31.46.0-255,66,97085,56,216897
679,0.001131,74.125.24.0-255,2902,99987,56,216897
680,0.001133,172.31.46.0-255,66,100053,56,216897
681,0.001169,172.31.46.0-255,66,100119,56,216897
682,0.001178,172.31.46.0-255,66,100185,56,216897
683,0.001183,74.125.24.0-255,2184,102369,56,216897
684,0.001185,172.31.46.0-255,66,102435,56,216897
685,0.001343,74.125.24.0-255,1484,103919,56,216897
686,0.001348,74.125.24.0-255,1484,105403,56,216897
687,0.00135,172.31.46.0-255,66,105469,56,216897
688,0.001378,74.125.24.0-255,1484,106953,56,216897
689,0.001384,74.125.24.0-255,5738,112691,56,216897
690,0.001386,172.31.46.0-255,66,112757,56,216897
691,0.001392,74.125.24.0-255,5738,118495,56,216897
692,0.001394,172.31.46.0-255,66,118561,56,216897
693,0.001429,172.31.46.0-255,66,118627,56,216897
694,0.001434,74.125.24.0-255,4320,122947,56,216897
695,0.001436,172.31.46.0-255,66,123013,56,216897
696,0.001452,74.125.24.0-255,766,123779,56,216897
697,0.00175,74.125.24.0-255,1484,125263,56,216897
698,0.001756,172.31.46.0-255,66,125329,56,216897
699,0.001762,74.125.24.0-255,2902,128231,56,216897
700,0.001764,172.31.46.0-255,66,128297,56,216897
701,0.001769,74.125.24.0-255,5738,134035,56,216897
702,0.001776,172.31.46.0-255,66,134101,56,216897
703,0.001779,74.125.24.0-255,1484,135585,56,216897
704,0.00182,172.31.46.0-255,66,135651,56,216897
705,0.001831,172.31.46.0-255,66,135717,56,216897
706,0.001866,74.125.24.0-255,1484,137201,56,216897
707,0.001887,74.125.24.0-255,4320,141521,56,216897
708,0.001889,172.31.46.0-255,66,141587,56,216897
709,0.001896,74.125.24.0-255,7156,148743,56,216897
710,0.001898,172.31.46.0-255,66,148809,56,216897
711,0.001936,172.31.46.0-255,66,148875,56,216897
712,0.001942,74.125.24.0-255,6438,155313,56,216897
713,0.001944,172.31.46.0-255,66,155379,56,216897
714,0.002012,74.125.24.0-255,1484,156863,56,216897
715,0.002017,74.125.24.0-255,2902,159765,56,216897
716,0.002019,172.31.46.0-255,66,159831,56,216897
717,0.002034,74.125.24.0-255,5738,165569,56,216897
718,0.00204,172.31.46.0-255,66,165635,56,216897
719,0.002062,74.125.24.0-255,5738,171373,56,216897
720,0.002064,172.31.46.0-255,66,171439,56,216897
721,0.00209,74.125.24.0-255,7156,178595,56,216897
722,0.002093,172.31.46.0-255,66,178661,56,216897
723,0.002102,172.31.46.0-255,66,178727,56,216897
724,0.002118,74.125.24.0-255,2184,180911,56,216897
725,0.00212,172.31.46.0-255,66,180977,56,216897
726,0.002415,74.125.24.0-255,1484,182461,56,216897
727,0.002422,74.125.24.0-255,2902,185363,56,216897
728,0.002426,172.31.46.0-255,66,185429,56,216897
729,0.00243,74.125.24.0-255,1484,186913,56,216897
730,0.002455,74.125.24.0-255,2902,189815,56,216897
731,0.002457,172.31.46.0-255,66,189881,56,216897
732,0.002466,172.31.46.0-255,66,189947,56,216897
733,0.002493,74.125.24.0-255,5738,195685,56,216897
734,0.002495,172.31.46.0-255,66,195751,56,216897
735,0.002523,74.125.24.0-255,5738,201489,56,216897
736,0.002525,172.31.46.0-255,66,201555,56,216897
737,0.002553,74.125.24.0-255,5020,206575,56,216897
738,0.002555,172.31.46.0-255,66,206641,56,216897
739,0.005183,74.125.24.0-255,4320,210961,56,216897
740,0.005186,172.31.46.0-255,66,211027,56,216897
741,0.005208,74.125.24.0-255,1484,212511,56,216897
742,0.007786,74.125.24.0-255,4320,216831,56,216897
743,0.007792,172.31.46.0-255,66,216897,56,216897
744,0.0,172.217.194.0-255,146,146,56,215358
745,2e-05,172.31.46.0-255,66,212,56,215358
746,2.6e-05,172.217.194.0-255,1484,1696,56,215358
747,3e-05,172.31.46.0-255,66,1762,56,215358
748,3.5e-05,172.217.194.0-255,2902,4664,56,215358
749,3.8e-05,172.31.46.0-255,66,4730,56,215358
750,5e-05,172.217.194.0-255,5738,10468,56,215358
751,5.4e-05,172.31.46.0-255,66,10534,56,215358
752,9.3e-05,172.217.194.0-255,3537,14071,56,215358
753,9.5e-05,172.31.46.0-255,66,14137,56,215358
754,0.000117,172.217.194.0-255,4320,18457,56,215358
755,0.00012,172.31.46.0-255,66,18523,56,215358
756,0.000144,172.217.194.0-255,7156,25679,56,215358
757,0.000146,172.31.46.0-255,66,25745,56,215358
758,0.000169,172.217.194.0-255,2902,28647,56,215358
759,0.000171,172.31.46.0-255,66,28713,56,215358
760,0.000192,172.31.46.0-255,66,28779,56,215358
761,0.000218,172.217.194.0-255,1125,29904,56,215358
762,0.00022,172.31.46.0-255,66,29970,56,215358
763,0.000227,172.217.194.0-255,7156,37126,56,215358
764,0.00023,172.31.46.0-255,66,37192,56,215358
765,0.000232,172.217.194.0-255,1125,38317,56,215358
766,0.000234,172.31.46.0-255,66,38383,56,215358
767,0.000751,172.217.194.0-255,1484,39867,56,215358
768,0.000756,172.31.46.0-255,66,39933,56,215358
769,0.000762,172.217.194.0-255,2902,42835,56,215358
770,0.000764,172.31.46.0-255,66,42901,56,215358
771,0.000767,172.217.194.0-255,1484,44385,56,215358
772,0.000768,172.31.46.0-255,66,44451,56,215358
773,0.000808,172.217.194.0-255,4320,48771,56,215358
774,0.00081,172.31.46.0-255,66,48837,56,215358
775,0.000816,172.217.194.0-255,5738,54575,56,215358
776,0.000817,172.31.46.0-255,66,54641,56,215358
777,0.000844,172.217.194.0-255,1706,56347,56,215358
778,0.00085,172.31.46.0-255,66,56413,56,215358
779,0.000878,172.217.194.0-255,2902,59315,56,215358
780,0.000885,172.217.194.0-255,5738,65053,56,215358
781,0.000892,172.31.46.0-255,66,65119,56,215358
782,0.000898,172.217.194.0-255,1484,66603,56,215358
783,0.000902,172.217.194.0-255,4320,70923,56,215358
784,0.00093,172.31.46.0-255,66,70989,56,215358
785,0.000975,172.217.194.0-255,5379,76368,56,215358
786,0.000984,172.31.46.0-255,66,76434,56,215358
787,0.001107,172.217.194.0-255,1484,77918,56,215358
788,0.00111,172.217.194.0-255,1484,79402,56,215358
789,0.001113,172.31.46.0-255,66,79468,56,215358
790,0.00114,172.217.194.0-255,1484,80952,56,215358
791,0.001146,172.217.194.0-255,5738,86690,56,215358
792,0.001148,172.217.194.0-255,1484,88174,56,215358
793,0.001181,172.31.46.0-255,66,88240,56,215358
794,0.001207,172.217.194.0-255,2902,91142,56,215358
795,0.001216,172.31.46.0-255,66,91208,56,215358
796,0.001258,172.31.46.0-255,66,91274,56,215358
797,0.001266,172.217.194.0-255,2902,94176,56,215358
798,0.001271,172.217.194.0-255,4320,98496,56,215358
799,0.001311,172.31.46.0-255,66,98562,56,215358
800,0.001329,172.31.46.0-255,66,98628,56,215358
801,0.001339,172.217.194.0-255,5738,104366,56,215358
802,0.001366,172.217.194.0-255,7156,111522,56,215358
803,0.001384,172.31.46.0-255,66,111588,56,215358
804,0.001424,172.217.194.0-255,4320,115908,56,215358
805,0.001434,172.31.46.0-255,66,115974,56,215358
806,0.001447,172.217.194.0-255,1484,117458,56,215358
807,0.001458,172.217.194.0-255,7156,124614,56,215358
808,0.001476,172.31.46.0-255,66,124680,56,215358
809,0.001493,172.217.194.0-255,5738,130418,56,215358
810,0.001496,172.217.194.0-255,1484,131902,56,215358
811,0.001509,172.217.194.0-255,5020,136922,56,215358
812,0.001516,172.31.46.0-255,66,136988,56,215358
813,0.001568,172.217.194.0-255,1484,138472,56,215358
814,0.001583,172.217.194.0-255,2902,141374,56,215358
815,0.001591,172.31.46.0-255,66,141440,56,215358
816,0.001611,172.217.194.0-255,5738,147178,56,215358
817,0.001615,172.217.194.0-255,2902,150080,56,215358
818,0.001625,172.31.46.0-255,66,150146,56,215358
819,0.00166,172.217.194.0-255,1484,151630,56,215358
820,0.001664,172.31.46.0-255,66,151696,56,215358
821,0.001732,172.31.46.0-255,66,151762,56,215358
822,0.002025,172.217.194.0-255,1484,153246,56,215358
823,0.002029,172.217.194.0-255,1484,154730,56,215358
824,0.002042,172.217.194.0-255,1484,156214,56,215358
825,0.002048,172.217.194.0-255,5738,161952,56,215358
826,0.002054,172.31.46.0-255,66,162018,56,215358
827,0.002093,172.31.46.0-255,66,162084,56,215358
828,0.002096,172.217.194.0-255,1484,163568,56,215358
829,0.002116,172.217.194.0-255,2902,166470,56,215358
830,0.002133,172.217.194.0-255,6438,172908,56,215358
831,0.002142,172.31.46.0-255,66,172974,56,215358
832,0.002225,172.217.194.0-255,1484,174458,56,215358
833,0.002228,172.217.194.0-255,1484,175942,56,215358
834,0.002245,172.31.46.0-255,66,176008,56,215358
835,0.002248,172.217.194.0-255,1484,177492,56,215358
836,0.002254,172.217.194.0-255,5738,183230,56,215358
837,0.002267,172.31.46.0-255,66,183296,56,215358
838,0.002318,172.217.194.0-255,1484,184780,56,215358
839,0.002322,172.217.194.0-255,2902,187682,56,215358
840,0.002345,172.217.194.0-255,6438,194120,56,215358
841,0.002781,172.217.194.0-255,1484,195604,56,215358
842,0.002803,172.217.194.0-255,2902,198506,56,215358
843,0.002811,172.217.194.0-255,5738,204244,56,215358
844,0.002869,172.217.194.0-255,2902,207146,56,215358
845,0.002886,172.217.194.0-255,4320,211466,56,215358
846,0.002944,172.217.194.0-255,1484,212950,56,215358
847,0.002986,172.217.194.0-255,2132,215082,56,215358
848,0.003016,172.217.194.0-255,105,215187,56,215358
849,0.006325,172.31.46.0-255,66,215253,56,215358
850,0.008056,172.31.46.0-255,105,215358,56,215358
851,0.0,172.217.194.0-255,153,153,56,96070
852,2.1e-05,172.31.46.0-255,66,219,56,96070
853,2.9e-05,172.217.194.0-255,1484,1703,56,96070
854,3.3e-05,172.31.46.0-255,66,1769,56,96070
855,3.8e-05,172.217.194.0-255,2902,4671,56,96070
856,4.9e-05,172.31.46.0-255,66,4737,56,96070
857,5.7e-05,172.217.194.0-255,7156,11893,56,96070
858,5.9e-05,172.31.46.0-255,66,11959,56,96070
859,6.3e-05,172.217.194.0-255,2033,13992,56,96070
860,6.5e-05,172.31.46.0-255,66,14058,56,96070
861,0.000297,172.217.194.0-255,1484,15542,56,96070
862,0.000303,172.31.46.0-255,66,15608,56,96070
863,0.000309,172.217.194.0-255,2902,18510,56,96070
864,0.000313,172.31.46.0-255,66,18576,56,96070
865,0.000322,172.217.194.0-255,2902,21478,56,96070
866,0.000324,172.31.46.0-255,66,21544,56,96070
867,0.000351,172.217.194.0-255,2902,24446,56,96070
868,0.000353,172.31.46.0-255,66,24512,56,96070
869,0.000361,172.217.194.0-255,6797,31309,56,96070
870,0.000363,172.31.46.0-255,66,31375,56,96070
871,0.000419,172.217.194.0-255,1484,32859,56,96070
872,0.000422,172.31.46.0-255,66,32925,56,96070
873,0.000428,172.217.194.0-255,2902,35827,56,96070
874,0.00043,172.31.46.0-255,66,35893,56,96070
875,0.000436,172.217.194.0-255,5738,41631,56,96070
876,0.000438,172.31.46.0-255,66,41697,56,96070
877,0.000445,172.217.194.0-255,6797,48494,56,96070
878,0.000448,172.31.46.0-255,66,48560,56,96070
879,0.00113,172.217.194.0-255,1484,50044,56,96070
880,0.001136,172.31.46.0-255,66,50110,56,96070
881,0.001145,172.217.194.0-255,2902,53012,56,96070
882,0.001147,172.31.46.0-255,66,53078,56,96070
883,0.001153,172.217.194.0-255,2902,55980,56,96070
884,0.001154,172.31.46.0-255,66,56046,56,96070
885,0.001184,172.217.194.0-255,2902,58948,56,96070
886,0.001186,172.31.46.0-255,66,59014,56,96070
887,0.001194,172.217.194.0-255,6797,65811,56,96070
888,0.001196,172.31.46.0-255,66,65877,56,96070
889,0.001379,172.217.194.0-255,1484,67361,56,96070
890,0.001388,172.217.194.0-255,2902,70263,56,96070
891,0.001392,172.31.46.0-255,66,70329,56,96070
892,0.001397,172.217.194.0-255,2902,73231,56,96070
893,0.001399,172.31.46.0-255,66,73297,56,96070
894,0.001433,172.217.194.0-255,2902,76199,56,96070
895,0.001436,172.31.46.0-255,66,76265,56,96070
896,0.001453,172.217.194.0-255,4320,80585,56,96070
897,0.001457,172.31.46.0-255,66,80651,56,96070
898,0.001459,172.31.46.0-255,66,80717,56,96070
899,0.001493,172.31.46.0-255,66,80783,56,96070
900,0.001496,172.217.194.0-255,645,81428,56,96070
901,0.003709,172.217.194.0-255,4320,85748,56,96070
902,0.003716,172.31.46.0-255,66,85814,56,96070
903,0.005983,172.217.194.0-255,4320,90134,56,96070
904,0.005987,172.31.46.0-255,66,90200,56,96070
905,0.006,172.217.194.0-255,1484,91684,56,96070
906,0.008212,172.217.194.0-255,4320,96004,56,96070
907,0.008219,172.31.46.0-255,66,96070,56,96070
908,0.0,74.125.24.0-255,153,153,56,142829
909,2.2e-05,172.31.46.0-255,66,219,56,142829
910,2.9e-05,74.125.24.0-255,1484,1703,56,142829
911,3.4e-05,172.31.46.0-255,66,1769,56,142829
912,4e-05,74.125.24.0-255,2902,4671,56,142829
913,4.3e-05,172.31.46.0-255,66,4737,56,142829
914,5.1e-05,74.125.24.0-255,7156,11893,56,142829
915,5.6e-05,172.31.46.0-255,66,11959,56,142829
916,6e-05,74.125.24.0-255,2111,14070,56,142829
917,6.4e-05,172.31.46.0-255,66,14136,56,142829
918,0.000453,74.125.24.0-255,1484,15620,56,142829
919,0.000458,172.31.46.0-255,66,15686,56,142829
920,0.000465,74.125.24.0-255,2902,18588,56,142829
921,0.000467,172.31.46.0-255,66,18654,56,142829
922,0.00048,74.125.24.0-255,4320,22974,56,142829
923,0.000482,172.31.46.0-255,66,23040,56,142829
924,0.000493,74.125.24.0-255,1484,24524,56,142829
925,0.000495,172.31.46.0-255,66,24590,56,142829
926,0.000498,74.125.24.0-255,1484,26074,56,142829
927,0.000499,172.31.46.0-255,66,26140,56,142829
928,0.000511,74.125.24.0-255,1484,27624,56,142829
929,0.000513,172.31.46.0-255,66,27690,56,142829
930,0.00052,74.125.24.0-255,3961,31651,56,142829
931,0.000522,172.31.46.0-255,66,31717,56,142829
932,0.000627,74.125.24.0-255,1484,33201,56,142829
933,0.00063,172.31.46.0-255,66,33267,56,142829
934,0.000636,74.125.24.0-255,2902,36169,56,142829
935,0.000638,172.31.46.0-255,66,36235,56,142829
936,0.000644,74.125.24.0-255,5738,41973,56,142829
937,0.000646,172.31.46.0-255,66,42039,56,142829
938,0.000658,74.125.24.0-255,2902,44941,56,142829
939,0.00066,172.31.46.0-255,66,45007,56,142829
940,0.000683,74.125.24.0-255,3961,48968,56,142829
941,0.000686,172.31.46.0-255,66,49034,56,142829
942,0.000691,74.125.24.0-255,5738,54772,56,142829
943,0.000693,172.31.46.0-255,66,54838,56,142829
944,0.000718,172.31.46.0-255,66,54904,56,142829
945,0.000722,74.125.24.0-255,2824,57728,56,142829
946,0.000723,172.31.46.0-255,66,57794,56,142829
947,0.000726,74.125.24.0-255,130,57924,56,142829
948,0.000823,74.125.24.0-255,343,58267,56,142829
949,0.001118,74.125.24.0-255,1484,59751,56,142829
950,0.001125,172.31.46.0-255,66,59817,56,142829
951,0.001131,74.125.24.0-255,2902,62719,56,142829
952,0.001134,172.31.46.0-255,66,62785,56,142829
953,0.00114,74.125.24.0-255,5738,68523,56,142829
954,0.001143,172.31.46.0-255,66,68589,56,142829
955,0.001147,74.125.24.0-255,2902,71491,56,142829
956,0.00115,172.31.46.0-255,66,71557,56,142829
957,0.001195,172.31.46.0-255,66,71623,56,142829
958,0.001202,74.125.24.0-255,7156,78779,56,142829
959,0.001205,172.31.46.0-255,66,78845,56,142829
960,0.00121,74.125.24.0-255,3602,82447,56,142829
961,0.001212,172.31.46.0-255,66,82513,56,142829
962,0.001395,74.125.24.0-255,1484,83997,56,142829
963,0.001416,74.125.24.0-255,2902,86899,56,142829
964,0.001418,172.31.46.0-255,66,86965,56,142829
965,0.001425,74.125.24.0-255,5738,92703,56,142829
966,0.001427,172.31.46.0-255,66,92769,56,142829
967,0.001443,74.125.24.0-255,4320,97089,56,142829
968,0.001446,172.31.46.0-255,66,97155,56,142829
969,0.001471,172.31.46.0-255,66,97221,56,142829
970,0.001483,172.31.46.0-255,66,97287,56,142829
971,0.001655,74.125.24.0-255,1484,98771,56,142829
972,0.00167,74.125.24.0-255,2902,101673,56,142829
973,0.001673,172.31.46.0-255,66,101739,56,142829
974,0.001679,74.125.24.0-255,4320,106059,56,142829
975,0.001681,172.31.46.0-255,66,106125,56,142829
976,0.001697,74.125.24.0-255,1484,107609,56,142829
977,0.001711,172.31.46.0-255,66,107675,56,142829
978,0.001738,172.31.46.0-255,66,107741,56,142829
979,0.00195,74.125.24.0-255,1484,109225,56,142829
980,0.001969,74.125.24.0-255,2902,112127,56,142829
981,0.001973,172.31.46.0-255,66,112193,56,142829
982,0.001997,74.125.24.0-255,4320,116513,56,142829
983,0.001999,172.31.46.0-255,66,116579,56,142829
984,0.002012,74.125.24.0-255,2902,119481,56,142829
985,0.002014,172.31.46.0-255,66,119547,56,142829
986,0.002035,74.125.24.0-255,5738,125285,56,142829
987,0.002038,172.31.46.0-255,66,125351,56,142829
988,0.002049,172.31.46.0-255,66,125417,56,142829
989,0.00405,74.125.24.0-255,5738,131155,56,142829
990,0.004057,172.31.46.0-255,66,131221,56,142829
991,0.00605,74.125.24.0-255,5738,136959,56,142829
992,0.006058,172.31.46.0-255,66,137025,56,142829
993,0.008112,74.125.24.0-255,5738,142763,56,142829
994,0.008127,172.31.46.0-255,66,142829,56,142829
995,0.0,74.125.24.0-255,152,152,56,131735
996,1.3e-05,172.31.46.0-255,66,218,56,131735
997,1.8e-05,74.125.24.0-255,1484,1702,56,131735
998,2.2e-05,172.31.46.0-255,66,1768,56,131735
999,2.6e-05,74.125.24.0-255,1484,3252,56,131735
1000,2.8e-05,172.31.46.0-255,66,3318,56,131735
1001,6.2e-05,74.125.24.0-255,1484,4802,56,131735
1002,6.6e-05,172.31.46.0-255,66,4868,56,131735
1003,7.7e-05,74.125.24.0-255,7156,12024,56,131735
1004,8.1e-05,172.31.46.0-255,66,12090,56,131735
1005,0.000109,74.125.24.0-255,3463,15553,56,131735
1006,0.000112,172.31.46.0-255,66,15619,56,131735
1007,0.000115,74.125.24.0-255,1484,17103,56,131735
1008,0.000117,172.31.46.0-255,66,17169,56,131735
1009,0.000161,172.31.46.0-255,66,17235,56,131735
1010,0.000207,74.125.24.0-255,2543,19778,56,131735
1011,0.00021,172.31.46.0-255,66,19844,56,131735
1012,0.000271,74.125.24.0-255,2902,22746,56,131735
1013,0.000275,172.31.46.0-255,66,22812,56,131735
1014,0.000278,74.125.24.0-255,1484,24296,56,131735
1015,0.00028,172.31.46.0-255,66,24362,56,131735
1016,0.000314,74.125.24.0-255,5738,30100,56,131735
1017,0.000317,172.31.46.0-255,66,30166,56,131735
1018,0.000324,74.125.24.0-255,6797,36963,56,131735
1019,0.000326,172.31.46.0-255,66,37029,56,131735
1020,0.000342,74.125.24.0-255,4320,41349,56,131735
1021,0.000344,172.31.46.0-255,66,41415,56,131735
1022,0.000377,172.31.46.0-255,66,41481,56,131735
1023,0.000449,74.125.24.0-255,1396,42877,56,131735
1024,0.000453,172.31.46.0-255,66,42943,56,131735
1025,0.000457,74.125.24.0-255,133,43076,56,131735
1026,0.000562,74.125.24.0-255,1484,44560,56,131735
1027,0.000567,172.31.46.0-255,66,44626,56,131735
1028,0.000571,74.125.24.0-255,1484,46110,56,131735
1029,0.000595,74.125.24.0-255,1484,47594,56,131735
1030,0.000598,172.31.46.0-255,66,47660,56,131735
1031,0.000605,74.125.24.0-255,5738,53398,56,131735
1032,0.000607,172.31.46.0-255,66,53464,56,131735
1033,0.00061,74.125.24.0-255,1484,54948,56,131735
1034,0.000647,172.31.46.0-255,66,55014,56,131735
1035,0.000738,74.125.24.0-255,7156,62170,56,131735
1036,0.000741,172.31.46.0-255,66,62236,56,131735
1037,0.000763,74.125.24.0-255,1484,63720,56,131735
1038,0.000766,74.125.24.0-255,1385,65105,56,131735
1039,0.000768,172.31.46.0-255,66,65171,56,131735
1040,0.001271,74.125.24.0-255,1484,66655,56,131735
1041,0.001276,74.125.24.0-255,1484,68139,56,131735
1042,0.001279,172.31.46.0-255,66,68205,56,131735
1043,0.001304,74.125.24.0-255,1484,69689,56,131735
1044,0.00131,74.125.24.0-255,5738,75427,56,131735
1045,0.001315,172.31.46.0-255,66,75493,56,131735
1046,0.001327,74.125.24.0-255,5738,81231,56,131735
1047,0.001331,172.31.46.0-255,66,81297,56,131735
1048,0.001362,74.125.24.0-255,7156,88453,56,131735
1049,0.001365,172.31.46.0-255,66,88519,56,131735
1050,0.001416,172.31.46.0-255,66,88585,56,131735
1051,0.001442,74.125.24.0-255,1484,90069,56,131735
1052,0.001474,74.125.24.0-255,4320,94389,56,131735
1053,0.001477,172.31.46.0-255,66,94455,56,131735
1054,0.001516,172.31.46.0-255,66,94521,56,131735
1055,0.001559,74.125.24.0-255,2902,97423,56,131735
1056,0.001562,172.31.46.0-255,66,97489,56,131735
1057,0.001611,172.31.46.0-255,66,97555,56,131735
1058,0.001705,172.31.46.0-255,66,97621,56,131735
1059,0.001751,172.31.46.0-255,66,97687,56,131735
1060,0.001785,74.125.24.0-255,3602,101289,56,131735
1061,0.001788,172.31.46.0-255,66,101355,56,131735
1062,0.002017,74.125.24.0-255,1484,102839,56,131735
1063,0.002029,74.125.24.0-255,1484,104323,56,131735
1064,0.002033,172.31.46.0-255,66,104389,56,131735
1065,0.002067,74.125.24.0-255,1484,105873,56,131735
1066,0.002074,74.125.24.0-255,5738,111611,56,131735
1067,0.002076,172.31.46.0-255,66,111677,56,131735
1068,0.002096,172.31.46.0-255,66,111743,56,131735
1069,0.002156,172.31.46.0-255,66,111809,56,131735
1070,0.002226,74.125.24.0-255,2184,113993,56,131735
1071,0.00223,172.31.46.0-255,66,114059,56,131735
1072,0.004433,74.125.24.0-255,2902,116961,56,131735
1073,0.004465,172.31.46.0-255,66,117027,56,131735
1074,0.004496,74.125.24.0-255,2902,119929,56,131735
1075,0.004499,172.31.46.0-255,66,119995,56,131735
1076,0.006722,74.125.24.0-255,2902,122897,56,131735
1077,0.006728,172.31.46.0-255,66,122963,56,131735
1078,0.006755,74.125.24.0-255,2902,125865,56,131735
1079,0.006758,172.31.46.0-255,66,125931,56,131735
1080,0.00906,74.125.24.0-255,5738,131669,56,131735
1081,0.009068,172.31.46.0-255,66,131735,56,131735
1082,0.0,74.125.68.0-255,152,152,56,224435
1083,1.7e-05,172.31.46.0-255,66,218,56,224435
1084,2.3e-05,74.125.68.0-255,1484,1702,56,224435
1085,2.6e-05,172.31.46.0-255,66,1768,56,224435
1086,3.1e-05,74.125.68.0-255,2902,4670,56,224435
1087,4e-05,172.31.46.0-255,66,4736,56,224435
1088,4.3e-05,74.125.68.0-255,1484,6220,56,224435
1089,4.5e-05,172.31.46.0-255,66,6286,56,224435
1090,6.5e-05,74.125.68.0-255,5738,12024,56,224435
1091,6.8e-05,172.31.46.0-255,66,12090,56,224435
1092,7.5e-05,74.125.68.0-255,2108,14198,56,224435
1093,7.7e-05,172.31.46.0-255,66,14264,56,224435
1094,0.000106,74.125.68.0-255,2902,17166,56,224435
1095,0.000109,172.31.46.0-255,66,17232,56,224435
1096,0.000114,74.125.68.0-255,4320,21552,56,224435
1097,0.000116,172.31.46.0-255,66,21618,56,224435
1098,0.000118,74.125.68.0-255,1484,23102,56,224435
1099,0.000124,172.31.46.0-255,66,23168,56,224435
1100,0.000142,74.125.68.0-255,4320,27488,56,224435
1101,0.000159,172.31.46.0-255,66,27554,56,224435
1102,0.000166,74.125.68.0-255,5738,33292,56,224435
1103,0.000169,172.31.46.0-255,66,33358,56,224435
1104,0.000198,74.125.68.0-255,7156,40514,56,224435
1105,0.0002,172.31.46.0-255,66,40580,56,224435
1106,0.000224,74.125.68.0-255,1484,42064,56,224435
1107,0.000226,172.31.46.0-255,66,42130,56,224435
1108,0.00023,74.125.68.0-255,2902,45032,56,224435
1109,0.000232,172.31.46.0-255,66,45098,56,224435
1110,0.000264,74.125.68.0-255,3602,48700,56,224435
1111,0.000266,172.31.46.0-255,66,48766,56,224435
1112,0.000334,74.125.68.0-255,1484,50250,56,224435
1113,0.000337,172.31.46.0-255,66,50316,56,224435
1114,0.000342,74.125.68.0-255,2902,53218,56,224435
1115,0.000344,172.31.46.0-255,66,53284,56,224435
1116,0.000388,74.125.68.0-255,2902,56186,56,224435
1117,0.00039,172.31.46.0-255,66,56252,56,224435
1118,0.000395,74.125.68.0-255,4320,60572,56,224435
1119,0.000397,172.31.46.0-255,66,60638,56,224435
1120,0.000423,74.125.68.0-255,5691,66329,56,224435
1121,0.000425,172.31.46.0-255,66,66395,56,224435
1122,0.000585,74.125.68.0-255,1484,67879,56,224435
1123,0.000589,74.125.68.0-255,1484,69363,56,224435
1124,0.000592,172.31.46.0-255,66,69429,56,224435
1125,0.000617,74.125.68.0-255,1484,70913,56,224435
1126,0.000624,74.125.68.0-255,5738,76651,56,224435
1127,0.000626,172.31.46.0-255,66,76717,56,224435
1128,0.000629,74.125.68.0-255,2902,79619,56,224435
1129,0.000631,172.31.46.0-255,66,79685,56,224435
1130,0.000636,74.125.68.0-255,4320,84005,56,224435
1131,0.000637,172.31.46.0-255,66,84071,56,224435
1132,0.00068,172.31.46.0-255,66,84137,56,224435
1133,0.000689,172.31.46.0-255,66,84203,56,224435
1134,0.000731,74.125.68.0-255,1484,85687,56,224435
1135,0.000735,74.125.68.0-255,1484,87171,56,224435
1136,0.000737,172.31.46.0-255,66,87237,56,224435
1137,0.00076,74.125.68.0-255,1484,88721,56,224435
1138,0.000765,74.125.68.0-255,4320,93041,56,224435
1139,0.000767,172.31.46.0-255,66,93107,56,224435
1140,0.000777,74.125.68.0-255,1484,94591,56,224435
1141,0.000782,74.125.68.0-255,4320,98911,56,224435
1142,0.000783,172.31.46.0-255,66,98977,56,224435
1143,0.000793,74.125.68.0-255,5738,104715,56,224435
1144,0.000794,172.31.46.0-255,66,104781,56,224435
1145,0.000838,172.31.46.0-255,66,104847,56,224435
1146,0.000842,74.125.68.0-255,2184,107031,56,224435
1147,0.000844,172.31.46.0-255,66,107097,56,224435
1148,0.000883,74.125.68.0-255,2902,109999,56,224435
1149,0.000885,172.31.46.0-255,66,110065,56,224435
1150,0.000913,74.125.68.0-255,7156,117221,56,224435
1151,0.000916,172.31.46.0-255,66,117287,56,224435
1152,0.000931,172.31.46.0-255,66,117353,56,224435
1153,0.000942,172.31.46.0-255,66,117419,56,224435
1154,0.00096,74.125.68.0-255,1484,118903,56,224435
1155,0.000977,74.125.68.0-255,2462,121365,56,224435
1156,0.000979,172.31.46.0-255,66,121431,56,224435
1157,0.001284,74.125.68.0-255,1484,122915,56,224435
1158,0.001296,74.125.68.0-255,2902,125817,56,224435
1159,0.001299,172.31.46.0-255,66,125883,56,224435
1160,0.001323,74.125.68.0-255,5738,131621,56,224435
1161,0.001325,172.31.46.0-255,66,131687,56,224435
1162,0.001341,74.125.68.0-255,1484,133171,56,224435
1163,0.001374,74.125.68.0-255,2902,136073,56,224435
1164,0.001377,172.31.46.0-255,66,136139,56,224435
1165,0.001388,74.125.68.0-255,1484,137623,56,224435
1166,0.001417,74.125.68.0-255,2902,140525,56,224435
1167,0.001419,172.31.46.0-255,66,140591,56,224435
1168,0.001442,74.125.68.0-255,1484,142075,56,224435
1169,0.001476,74.125.68.0-255,2902,144977,56,224435
1170,0.001478,172.31.46.0-255,66,145043,56,224435
1171,0.001505,74.125.68.0-255,4320,149363,56,224435
1172,0.001507,172.31.46.0-255,66,149429,56,224435
1173,0.001543,74.125.68.0-255,2902,152331,56,224435
1174,0.001545,172.31.46.0-255,66,152397,56,224435
1175,0.001569,74.125.68.0-255,3602,155999,56,224435
1176,0.001571,172.31.46.0-255,66,156065,56,224435
1177,0.001766,74.125.68.0-255,1484,157549,56,224435
1178,0.00177,74.125.68.0-255,1484,159033,56,224435
1179,0.001772,172.31.46.0-255,66,159099,56,224435
1180,0.001796,74.125.68.0-255,1484,160583,56,224435
1181,0.001799,74.125.68.0-255,1484,162067,56,224435
1182,0.001801,172.31.46.0-255,66,162133,56,224435
1183,0.001805,74.125.68.0-255,2902,165035,56,224435
1184,0.001807,172.31.46.0-255,66,165101,56,224435
1185,0.001811,74.125.68.0-255,2902,168003,56,224435
1186,0.001813,172.31.46.0-255,66,168069,56,224435
1187,0.001838,74.125.68.0-255,2902,170971,56,224435
1188,0.001843,172.31.46.0-255,66,171037,56,224435
1189,0.001854,172.31.46.0-255,66,171103,56,224435
1190,0.001897,74.125.68.0-255,4320,175423,56,224435
1191,0.0019,172.31.46.0-255,66,175489,56,224435
1192,0.001928,74.125.68.0-255,5020,180509,56,224435
1193,0.00193,172.31.46.0-255,66,180575,56,224435
1194,0.002001,74.125.68.0-255,1484,182059,56,224435
1195,0.00202,74.125.68.0-255,2902,184961,56,224435
1196,0.002022,172.31.46.0-255,66,185027,56,224435
1197,0.002048,74.125.68.0-255,5738,190765,56,224435
1198,0.002051,172.31.46.0-255,66,190831,56,224435
1199,0.002059,74.125.68.0-255,2902,193733,56,224435
1200,0.002065,172.31.46.0-255,66,193799,56,224435
1201,0.00207,74.125.68.0-255,4320,198119,56,224435
1202,0.002072,172.31.46.0-255,66,198185,56,224435
1203,0.002077,74.125.68.0-255,4320,202505,56,224435
1204,0.002078,172.31.46.0-255,66,202571,56,224435
1205,0.00211,74.125.68.0-255,4320,206891,56,224435
1206,0.002112,172.31.46.0-255,66,206957,56,224435
1207,0.004164,74.125.68.0-255,1484,208441,56,224435
1208,0.004191,74.125.68.0-255,4320,212761,56,224435
1209,0.004197,172.31.46.0-255,66,212827,56,224435
1210,0.006261,74.125.68.0-255,5738,218565,56,224435
1211,0.006266,172.31.46.0-255,66,218631,56,224435
1212,0.008343,74.125.68.0-255,5738,224369,56,224435
1213,0.008349,172.31.46.0-255,66,224435,56,224435
1214,0.0,74.125.130.0-255,150,150,56,345769
1215,1.5e-05,172.31.46.0-255,66,216,56,345769
1216,2.1e-05,74.125.130.0-255,1484,1700,56,345769
1217,2.5e-05,172.31.46.0-255,66,1766,56,345769
1218,2.8e-05,74.125.130.0-255,1484,3250,56,345769
1219,3.7e-05,172.31.46.0-255,66,3316,56,345769
1220,4.3e-05,74.125.130.0-255,2902,6218,56,345769
1221,4.6e-05,172.31.46.0-255,66,6284,56,345769
1222,8.3e-05,74.125.130.0-255,5738,12022,56,345769
1223,8.6e-05,172.31.46.0-255,66,12088,56,345769
1224,9.2e-05,74.125.130.0-255,4810,16898,56,345769
1225,9.5e-05,172.31.46.0-255,66,16964,56,345769
1226,0.000105,74.125.130.0-255,5738,22702,56,345769
1227,0.000107,172.31.46.0-255,66,22768,56,345769
1228,0.000147,172.31.46.0-255,66,22834,56,345769
1229,0.000305,74.125.130.0-255,1484,24318,56,345769
1230,0.000309,172.31.46.0-255,66,24384,56,345769
1231,0.000315,74.125.130.0-255,2902,27286,56,345769
1232,0.000317,172.31.46.0-255,66,27352,56,345769
1233,0.000336,74.125.130.0-255,4320,31672,56,345769
1234,0.000354,172.31.46.0-255,66,31738,56,345769
1235,0.00036,74.125.130.0-255,5738,37476,56,345769
1236,0.000362,172.31.46.0-255,66,37542,56,345769
1237,0.000382,74.125.130.0-255,2902,40444,56,345769
1238,0.000388,172.31.46.0-255,66,40510,56,345769
1239,0.000412,74.125.130.0-255,6797,47307,56,345769
1240,0.000415,172.31.46.0-255,66,47373,56,345769
1241,0.000449,172.31.46.0-255,66,47439,56,345769
1242,0.00047,74.125.130.0-255,1379,48818,56,345769
1243,0.000472,172.31.46.0-255,66,48884,56,345769
1244,0.000507,74.125.130.0-255,114,48998,56,345769
1245,0.000683,74.125.130.0-255,1484,50482,56,345769
1246,0.000687,172.31.46.0-255,66,50548,56,345769
1247,0.000692,74.125.130.0-255,2902,53450,56,345769
1248,0.000694,172.31.46.0-255,66,53516,56,345769
1249,0.000727,74.125.130.0-255,4320,57836,56,345769
1250,0.00073,172.31.46.0-255,66,57902,56,345769
1251,0.000741,74.125.130.0-255,1484,59386,56,345769
1252,0.000745,74.125.130.0-255,2902,62288,56,345769
1253,0.000751,172.31.46.0-255,66,62354,56,345769
1254,0.000756,74.125.130.0-255,3961,66315,56,345769
1255,0.000758,172.31.46.0-255,66,66381,56,345769
1256,0.000794,172.31.46.0-255,66,66447,56,345769
1257,0.000798,74.125.130.0-255,2902,69349,56,345769
1258,0.0008,172.31.46.0-255,66,69415,56,345769
1259,0.000845,74.125.130.0-255,4320,73735,56,345769
1260,0.000848,172.31.46.0-255,66,73801,56,345769
1261,0.000865,74.125.130.0-255,1125,74926,56,345769
1262,0.001051,74.125.130.0-255,1484,76410,56,345769
1263,0.001055,172.31.46.0-255,66,76476,56,345769
1264,0.001079,74.125.130.0-255,2902,79378,56,345769
1265,0.001082,172.31.46.0-255,66,79444,56,345769
1266,0.001088,74.125.130.0-255,5738,85182,56,345769
1267,0.00109,172.31.46.0-255,66,85248,56,345769
1268,0.001111,74.125.130.0-255,1484,86732,56,345769
1269,0.001133,74.125.130.0-255,2902,89634,56,345769
1270,0.001135,172.31.46.0-255,66,89700,56,345769
1271,0.001142,74.125.130.0-255,5738,95438,56,345769
1272,0.001143,172.31.46.0-255,66,95504,56,345769
1273,0.001151,74.125.130.0-255,2902,98406,56,345769
1274,0.001153,172.31.46.0-255,66,98472,56,345769
1275,0.001189,172.31.46.0-255,66,98538,56,345769
1276,0.001192,74.125.130.0-255,766,99304,56,345769
1277,0.001268,74.125.130.0-255,1484,100788,56,345769
1278,0.001271,172.31.46.0-255,66,100854,56,345769
1279,0.001275,74.125.130.0-255,1484,102338,56,345769
1280,0.001293,74.125.130.0-255,1484,103822,56,345769
1281,0.001295,172.31.46.0-255,66,103888,56,345769
1282,0.0013,74.125.130.0-255,4320,108208,56,345769
1283,0.001302,172.31.46.0-255,66,108274,56,345769
1284,0.00133,74.125.130.0-255,5738,114012,56,345769
1285,0.001335,172.31.46.0-255,66,114078,56,345769
1286,0.001347,74.125.130.0-255,1484,115562,56,345769
1287,0.001374,74.125.130.0-255,7156,122718,56,345769
1288,0.001377,172.31.46.0-255,66,122784,56,345769
1289,0.001382,74.125.130.0-255,4320,127104,56,345769
1290,0.001384,172.31.46.0-255,66,127170,56,345769
1291,0.001411,74.125.130.0-255,5738,132908,56,345769
1292,0.001418,172.31.46.0-255,66,132974,56,345769
1293,0.00142,74.125.130.0-255,766,133740,56,345769
1294,0.00156,74.125.130.0-255,1484,135224,56,345769
1295,0.001563,172.31.46.0-255,66,135290,56,345769
1296,0.001568,74.125.130.0-255,1484,136774,56,345769
1297,0.001586,74.125.130.0-255,1484,138258,56,345769
1298,0.001588,172.31.46.0-255,66,138324,56,345769
1299,0.001593,74.125.130.0-255,4320,142644,56,345769
1300,0.001595,172.31.46.0-255,66,142710,56,345769
1301,0.001619,74.125.130.0-255,1484,144194,56,345769
1302,0.001624,74.125.130.0-255,4320,148514,56,345769
1303,0.00163,172.31.46.0-255,66,148580,56,345769
1304,0.001636,74.125.130.0-255,5738,154318,56,345769
1305,0.001637,172.31.46.0-255,66,154384,56,345769
1306,0.001679,74.125.130.0-255,2184,156568,56,345769
1307,0.001692,172.31.46.0-255,66,156634,56,345769
1308,0.001921,74.125.130.0-255,1484,158118,56,345769
1309,0.001927,74.125.130.0-255,1484,159602,56,345769
1310,0.00193,172.31.46.0-255,66,159668,56,345769
1311,0.001961,74.125.130.0-255,1484,161152,56,345769
1312,0.001967,74.125.130.0-255,5738,166890,56,345769
1313,0.001969,172.31.46.0-255,66,166956,56,345769
1314,0.001973,74.125.130.0-255,2902,169858,56,345769
1315,0.001975,172.31.46.0-255,66,169924,56,345769
1316,0.00198,74.125.130.0-255,4320,174244,56,345769
1317,0.001983,172.31.46.0-255,66,174310,56,345769
1318,0.002035,172.31.46.0-255,66,174376,56,345769
1319,0.00204,74.125.130.0-255,4320,178696,56,345769
1320,0.002043,172.31.46.0-255,66,178762,56,345769
1321,0.002069,74.125.130.0-255,3602,182364,56,345769
1322,0.002074,172.31.46.0-255,66,182430,56,345769
1323,0.002147,74.125.130.0-255,1484,183914,56,345769
1324,0.00216,74.125.130.0-255,2902,186816,56,345769
1325,0.00217,172.31.46.0-255,66,186882,56,345769
1326,0.002192,74.125.130.0-255,5738,192620,56,345769
1327,0.002241,172.31.46.0-255,66,192686,56,345769
1328,0.002273,74.125.130.0-255,1484,194170,56,345769
1329,0.002277,74.125.130.0-255,2902,197072,56,345769
1330,0.002293,74.125.130.0-255,1484,198556,56,345769
1331,0.002311,74.125.130.0-255,4320,202876,56,345769
1332,0.002331,74.125.130.0-255,5738,208614,56,345769
1333,0.002333,74.125.130.0-255,1484,210098,56,345769
1334,0.002335,74.125.130.0-255,1484,211582,56,345769
1335,0.002349,74.125.130.0-255,2902,214484,56,345769
1336,0.002364,74.125.130.0-255,4320,218804,56,345769
1337,0.002375,74.125.130.0-255,1484,220288,56,345769
1338,0.002379,74.125.130.0-255,1484,221772,56,345769
1339,0.002401,74.125.130.0-255,5020,226792,56,345769
1340,0.002423,74.125.130.0-255,2902,229694,56,345769
1341,0.002463,74.125.130.0-255,4320,234014,56,345769
1342,0.002484,74.125.130.0-255,5738,239752,56,345769
1343,0.002527,74.125.130.0-255,2902,242654,56,345769
1344,0.002549,74.125.130.0-255,7156,249810,56,345769
1345,0.002552,74.125.130.0-255,2902,252712,56,345769
1346,0.002554,74.125.130.0-255,1484,254196,56,345769
1347,0.002573,74.125.130.0-255,6438,260634,56,345769
1348,0.002599,74.125.130.0-255,1484,262118,56,345769
1349,0.002616,74.125.130.0-255,1484,263602,56,345769
1350,0.002651,74.125.130.0-255,2902,266504,56,345769
1351,0.002659,74.125.130.0-255,5738,272242,56,345769
1352,0.002676,74.125.130.0-255,4320,276562,56,345769
1353,0.00269,74.125.130.0-255,1484,278046,56,345769
1354,0.002709,74.125.130.0-255,5738,283784,56,345769
1355,0.002713,74.125.130.0-255,2902,286686,56,345769
1356,0.002727,74.125.130.0-255,1484,288170,56,345769
1357,0.002751,74.125.130.0-255,5738,293908,56,345769
1358,0.002753,74.125.130.0-255,766,294674,56,345769
1359,0.002782,74.125.130.0-255,1484,296158,56,345769
1360,0.002803,74.125.130.0-255,4320,300478,56,345769
1361,0.002817,74.125.130.0-255,1484,301962,56,345769
1362,0.002854,74.125.130.0-255,5738,307700,56,345769
1363,0.002861,74.125.130.0-255,7156,314856,56,345769
1364,0.002877,74.125.130.0-255,1484,316340,56,345769
1365,0.002882,74.125.130.0-255,4320,320660,56,345769
1366,0.002889,74.125.130.0-255,5738,326398,56,345769
1367,0.002909,74.125.130.0-255,2184,328582,56,345769
1368,0.00293,74.125.130.0-255,1484,330066,56,345769
1369,0.002945,74.125.130.0-255,5738,335804,56,345769
1370,0.002949,74.125.130.0-255,2902,338706,56,345769
1371,0.00296,74.125.130.0-255,1484,340190,56,345769
1372,0.002976,74.125.130.0-255,2902,343092,56,345769
1373,0.002988,74.125.130.0-255,1484,344576,56,345769
1374,0.002991,74.125.130.0-255,788,345364,56,345769
1375,0.003054,74.125.130.0-255,105,345469,56,345769
1376,0.003086,74.125.130.0-255,129,345598,56,345769
1377,0.007667,172.31.46.0-255,66,345664,56,345769
1378,0.009985,172.31.46.0-255,105,345769,56,345769
1379,0.0,74.125.200.0-255,153,153,56,157127
1380,2e-05,172.31.46.0-255,66,219,56,157127
1381,4.9e-05,74.125.200.0-255,1484,1703,56,157127
1382,5.3e-05,172.31.46.0-255,66,1769,56,157127
1383,5.8e-05,74.125.200.0-255,2902,4671,56,157127
1384,6.1e-05,172.31.46.0-255,66,4737,56,157127
1385,6.3e-05,74.125.200.0-255,1484,6221,56,157127
1386,6.6e-05,172.31.46.0-255,66,6287,56,157127
1387,7e-05,74.125.200.0-255,2902,9189,56,157127
1388,7.3e-05,172.31.46.0-255,66,9255,56,157127
1389,0.000103,74.125.200.0-255,6356,15611,56,157127
1390,0.000106,172.31.46.0-255,66,15677,56,157127
1391,0.000109,74.125.200.0-255,1484,17161,56,157127
1392,0.00011,172.31.46.0-255,66,17227,56,157127
1393,0.000147,74.125.200.0-255,4320,21547,56,157127
1394,0.00015,172.31.46.0-255,66,21613,56,157127
1395,0.000156,74.125.200.0-255,7156,28769,56,157127
1396,0.000157,172.31.46.0-255,66,28835,56,157127
1397,0.000162,74.125.200.0-255,2543,31378,56,157127
1398,0.000166,172.31.46.0-255,66,31444,56,157127
1399,0.000265,74.125.200.0-255,1484,32928,56,157127
1400,0.00027,172.31.46.0-255,66,32994,56,157127
1401,0.000293,74.125.200.0-255,2902,35896,56,157127
1402,0.000296,172.31.46.0-255,66,35962,56,157127
1403,0.000301,74.125.200.0-255,2902,38864,56,157127
1404,0.000303,172.31.46.0-255,66,38930,56,157127
1405,0.000333,74.125.200.0-255,2902,41832,56,157127
1406,0.000336,172.31.46.0-255,66,41898,56,157127
1407,0.00034,74.125.200.0-255,2902,44800,56,157127
1408,0.000342,172.31.46.0-255,66,44866,56,157127
1409,0.000374,74.125.200.0-255,2902,47768,56,157127
1410,0.000377,172.31.46.0-255,66,47834,56,157127
1411,0.000413,74.125.200.0-255,1484,49318,56,157127
1412,0.000439,74.125.200.0-255,114,49432,56,157127
1413,0.000514,172.31.46.0-255,66,49498,56,157127
1414,0.000543,74.125.200.0-255,331,49829,56,157127
1415,0.000922,74.125.200.0-255,1484,51313,56,157127
1416,0.000928,172.31.46.0-255,66,51379,56,157127
1417,0.000933,74.125.200.0-255,2902,54281,56,157127
1418,0.000955,74.125.200.0-255,5738,60019,56,157127
1419,0.000961,172.31.46.0-255,66,60085,56,157127
1420,0.000999,74.125.200.0-255,2902,62987,56,157127
1421,0.001012,172.31.46.0-255,66,63053,56,157127
1422,0.001034,74.125.200.0-255,2184,65237,56,157127
1423,0.001041,172.31.46.0-255,66,65303,56,157127
1424,0.001377,74.125.200.0-255,1484,66787,56,157127
1425,0.001382,74.125.200.0-255,1484,68271,56,157127
1426,0.001385,172.31.46.0-255,66,68337,56,157127
1427,0.001413,74.125.200.0-255,1484,69821,56,157127
1428,0.00142,74.125.200.0-255,5738,75559,56,157127
1429,0.001425,74.125.200.0-255,4320,79879,56,157127
1430,0.001432,172.31.46.0-255,66,79945,56,157127
1431,0.001441,74.125.200.0-255,2902,82847,56,157127
1432,0.001459,74.125.200.0-255,2902,85749,56,157127
1433,0.001493,172.31.46.0-255,66,85815,56,157127
1434,0.001521,74.125.200.0-255,5020,90835,56,157127
1435,0.001531,172.31.46.0-255,66,90901,56,157127
1436,0.001774,74.125.200.0-255,1484,92385,56,157127
1437,0.001802,74.125.200.0-255,2902,95287,56,157127
1438,0.001806,172.31.46.0-255,66,95353,56,157127
1439,0.00181,74.125.200.0-255,1484,96837,56,157127
1440,0.001833,74.125.200.0-255,2902,99739,56,157127
1441,0.001836,74.125.200.0-255,1484,101223,56,157127
1442,0.001859,74.125.200.0-255,4320,105543,56,157127
1443,0.001878,74.125.200.0-255,5738,111281,56,157127
1444,0.001881,172.31.46.0-255,66,111347,56,157127
1445,0.001886,172.31.46.0-255,66,111413,56,157127
1446,0.001909,74.125.200.0-255,7156,118569,56,157127
1447,0.001945,74.125.200.0-255,4320,122889,56,157127
1448,0.001964,74.125.200.0-255,2184,125073,56,157127
1449,0.001971,74.125.200.0-255,7156,132229,56,157127
1450,0.001982,172.31.46.0-255,66,132295,56,157127
1451,0.002006,74.125.200.0-255,1484,133779,56,157127
1452,0.002021,172.31.46.0-255,66,133845,56,157127
1453,0.002041,74.125.200.0-255,1484,135329,56,157127
1454,0.002046,74.125.200.0-255,4320,139649,56,157127
1455,0.002059,172.31.46.0-255,66,139715,56,157127
1456,0.004059,74.125.200.0-255,5738,145453,56,157127
1457,0.004065,172.31.46.0-255,66,145519,56,157127
1458,0.006042,74.125.200.0-255,5738,151257,56,157127
1459,0.007367,172.31.46.0-255,66,151323,56,157127
1460,0.009364,74.125.200.0-255,5738,157061,56,157127
1461,0.009372,172.31.46.0-255,66,157127,56,157127
1462,0.0,74.125.24.0-255,166,166,56,226409
1463,2.2e-05,172.31.46.0-255,66,232,56,226409
1464,3e-05,74.125.24.0-255,1484,1716,56,226409
1465,3.4e-05,172.31.46.0-255,66,1782,56,226409
1466,3.9e-05,74.125.24.0-255,2902,4684,56,226409
1467,4.2e-05,172.31.46.0-255,66,4750,56,226409
1468,4.9e-05,74.125.24.0-255,7156,11906,56,226409
1469,5.1e-05,172.31.46.0-255,66,11972,56,226409
1470,5.4e-05,74.125.24.0-255,2064,14036,56,226409
1471,5.7e-05,172.31.46.0-255,66,14102,56,226409
1472,0.000206,74.125.24.0-255,1484,15586,56,226409
1473,0.000209,172.31.46.0-255,66,15652,56,226409
1474,0.000222,74.125.24.0-255,2902,18554,56,226409
1475,0.000225,172.31.46.0-255,66,18620,56,226409
1476,0.000244,74.125.24.0-255,5738,24358,56,226409
1477,0.000245,172.31.46.0-255,66,24424,56,226409
1478,0.000273,74.125.24.0-255,5738,30162,56,226409
1479,0.000276,172.31.46.0-255,66,30228,56,226409
1480,0.000303,74.125.24.0-255,4320,34548,56,226409
1481,0.000305,172.31.46.0-255,66,34614,56,226409
1482,0.000335,172.31.46.0-255,66,34680,56,226409
1483,0.000342,74.125.24.0-255,7156,41836,56,226409
1484,0.000343,172.31.46.0-255,66,41902,56,226409
1485,0.00037,74.125.24.0-255,5738,47640,56,226409
1486,0.000372,172.31.46.0-255,66,47706,56,226409
1487,0.000398,172.31.46.0-255,66,47772,56,226409
1488,0.000401,74.125.24.0-255,411,48183,56,226409
1489,0.000402,172.31.46.0-255,66,48249,56,226409
1490,0.000445,74.125.24.0-255,331,48580,56,226409
1491,0.000447,172.31.46.0-255,66,48646,56,226409
1492,0.000738,172.31.46.0-255,101,48747,56,226409
1493,0.000854,74.125.24.0-255,1484,50231,56,226409
1494,0.000857,74.125.24.0-255,1484,51715,56,226409
1495,0.000862,172.31.46.0-255,66,51781,56,226409
1496,0.000871,74.125.24.0-255,1484,53265,56,226409
1497,0.000876,74.125.24.0-255,2902,56167,56,226409
1498,0.000878,172.31.46.0-255,66,56233,56,226409
1499,0.000891,74.125.24.0-255,2902,59135,56,226409
1500,0.000893,172.31.46.0-255,66,59201,56,226409
1501,0.000916,172.31.46.0-255,66,59267,56,226409
1502,0.000936,74.125.24.0-255,2902,62169,56,226409
1503,0.000939,172.31.46.0-255,66,62235,56,226409
1504,0.000943,74.125.24.0-255,4320,66555,56,226409
1505,0.000945,172.31.46.0-255,66,66621,56,226409
1506,0.000956,74.125.24.0-255,2902,69523,56,226409
1507,0.000958,172.31.46.0-255,66,69589,56,226409
1508,0.000972,74.125.24.0-255,3602,73191,56,226409
1509,0.000974,172.31.46.0-255,66,73257,56,226409
1510,0.001088,74.125.24.0-255,1484,74741,56,226409
1511,0.001093,74.125.24.0-255,2902,77643,56,226409
1512,0.001095,172.31.46.0-255,66,77709,56,226409
1513,0.001098,74.125.24.0-255,1484,79193,56,226409
1514,0.001118,74.125.24.0-255,4320,83513,56,226409
1515,0.00112,172.31.46.0-255,66,83579,56,226409
1516,0.001123,74.125.24.0-255,1484,85063,56,226409
1517,0.001148,172.31.46.0-255,66,85129,56,226409
1518,0.001167,74.125.24.0-255,1484,86613,56,226409
1519,0.001179,172.31.46.0-255,66,86679,56,226409
1520,0.001287,74.125.24.0-255,1484,88163,56,226409
1521,0.001291,74.125.24.0-255,1484,89647,56,226409
1522,0.001295,172.31.46.0-255,66,89713,56,226409
1523,0.001316,74.125.24.0-255,1484,91197,56,226409
1524,0.001323,74.125.24.0-255,5738,96935,56,226409
1525,0.001325,172.31.46.0-255,66,97001,56,226409
1526,0.001329,74.125.24.0-255,1484,98485,56,226409
1527,0.001356,172.31.46.0-255,66,98551,56,226409
1528,0.001402,74.125.24.0-255,5738,104289,56,226409
1529,0.001405,172.31.46.0-255,66,104355,56,226409
1530,0.001429,74.125.24.0-255,6438,110793,56,226409
1531,0.001432,172.31.46.0-255,66,110859,56,226409
1532,0.001472,74.125.24.0-255,1484,112343,56,226409
1533,0.001477,74.125.24.0-255,2902,115245,56,226409
1534,0.001479,172.31.46.0-255,66,115311,56,226409
1535,0.001498,74.125.24.0-255,5738,121049,56,226409
1536,0.001502,172.31.46.0-255,66,121115,56,226409
1537,0.001544,172.31.46.0-255,66,121181,56,226409
1538,0.001586,172.31.46.0-255,66,121247,56,226409
1539,0.001606,74.125.24.0-255,766,122013,56,226409
1540,0.001613,74.125.24.0-255,5738,127751,56,226409
1541,0.001616,172.31.46.0-255,66,127817,56,226409
1542,0.001623,74.125.24.0-255,7156,134973,56,226409
1543,0.001626,172.31.46.0-255,66,135039,56,226409
1544,0.00164,172.31.46.0-255,66,135105,56,226409
1545,0.001645,74.125.24.0-255,2902,138007,56,226409
1546,0.001648,172.31.46.0-255,66,138073,56,226409
1547,0.001671,74.125.24.0-255,3602,141675,56,226409
1548,0.001674,172.31.46.0-255,66,141741,56,226409
1549,0.00168,74.125.24.0-255,4320,146061,56,226409
1550,0.001682,172.31.46.0-255,66,146127,56,226409
1551,0.001709,172.31.46.0-255,66,146193,56,226409
1552,0.001722,74.125.24.0-255,7156,153349,56,226409
1553,0.001724,172.31.46.0-255,66,153415,56,226409
1554,0.001751,74.125.24.0-255,7156,160571,56,226409
1555,0.001753,172.31.46.0-255,66,160637,56,226409
1556,0.00176,74.125.24.0-255,6438,167075,56,226409
1557,0.001764,172.31.46.0-255,66,167141,56,226409
1558,0.001788,74.125.24.0-255,7156,174297,56,226409
1559,0.001792,172.31.46.0-255,66,174363,56,226409
1560,0.001803,172.31.46.0-255,66,174429,56,226409
1561,0.001825,74.125.24.0-255,1484,175913,56,226409
1562,0.001838,74.125.24.0-255,4320,180233,56,226409
1563,0.001842,172.31.46.0-255,66,180299,56,226409
1564,0.001869,172.31.46.0-255,66,180365,56,226409
1565,0.001883,74.125.24.0-255,1484,181849,56,226409
1566,0.001909,74.125.24.0-255,2902,184751,56,226409
1567,0.001912,172.31.46.0-255,66,184817,56,226409
1568,0.001918,74.125.24.0-255,5738,190555,56,226409
1569,0.001921,172.31.46.0-255,66,190621,56,226409
1570,0.001938,74.125.24.0-255,5738,196359,56,226409
1571,0.001941,172.31.46.0-255,66,196425,56,226409
1572,0.001962,74.125.24.0-255,7156,203581,56,226409
1573,0.001965,172.31.46.0-255,66,203647,56,226409
1574,0.001978,172.31.46.0-255,66,203713,56,226409
1575,0.00198,74.125.24.0-255,766,204479,56,226409
1576,0.002678,74.125.24.0-255,66,204545,56,226409
1577,0.003983,74.125.24.0-255,4320,208865,56,226409
1578,0.00399,172.31.46.0-255,66,208931,56,226409
1579,0.005947,74.125.24.0-255,1484,210415,56,226409
1580,0.005966,74.125.24.0-255,4320,214735,56,226409
1581,0.005969,172.31.46.0-255,66,214801,56,226409
1582,0.00795,74.125.24.0-255,5738,220539,56,226409
1583,0.007956,172.31.46.0-255,66,220605,56,226409
1584,0.009951,74.125.24.0-255,5738,226343,56,226409
1585,0.009956,172.31.46.0-255,66,226409,56,226409
1586,0.0,74.125.200.0-255,151,151,56,354659
1587,1.6e-05,172.31.46.0-255,66,217,56,354659
1588,6.5e-05,74.125.200.0-255,1484,1701,56,354659
1589,7e-05,172.31.46.0-255,66,1767,56,354659
1590,7.6e-05,74.125.200.0-255,2902,4669,56,354659
1591,7.9e-05,172.31.46.0-255,66,4735,56,354659
1592,8.6e-05,74.125.200.0-255,7156,11891,56,354659
1593,8.9e-05,172.31.46.0-255,66,11957,56,354659
1594,9.3e-05,74.125.200.0-255,2053,14010,56,354659
1595,9.5e-05,172.31.46.0-255,66,14076,56,354659
1596,0.000267,74.125.200.0-255,1484,15560,56,354659
1597,0.000272,172.31.46.0-255,66,15626,56,354659
1598,0.000278,74.125.200.0-255,2902,18528,56,354659
1599,0.00028,172.31.46.0-255,66,18594,56,354659
1600,0.000308,74.125.200.0-255,5738,24332,56,354659
1601,0.000311,172.31.46.0-255,66,24398,56,354659
1602,0.000329,74.125.200.0-255,1484,25882,56,354659
1603,0.000332,172.31.46.0-255,66,25948,56,354659
1604,0.000355,74.125.200.0-255,5379,31327,56,354659
1605,0.000358,172.31.46.0-255,66,31393,56,354659
1606,0.000469,74.125.200.0-255,1484,32877,56,354659
1607,0.000473,172.31.46.0-255,66,32943,56,354659
1608,0.000477,74.125.200.0-255,1484,34427,56,354659
1609,0.000479,172.31.46.0-255,66,34493,56,354659
1610,0.0005,74.125.200.0-255,2902,37395,56,354659
1611,0.000503,172.31.46.0-255,66,37461,56,354659
1612,0.000508,74.125.200.0-255,4320,41781,56,354659
1613,0.00051,172.31.46.0-255,66,41847,56,354659
1614,0.000529,74.125.200.0-255,1484,43331,56,354659
1615,0.000531,172.31.46.0-255,66,43397,56,354659
1616,0.000538,74.125.200.0-255,5738,49135,56,354659
1617,0.00054,172.31.46.0-255,66,49201,56,354659
1618,0.000561,74.125.200.0-255,2543,51744,56,354659
1619,0.000582,172.31.46.0-255,66,51810,56,354659
1620,0.000594,74.125.200.0-255,5379,57189,56,354659
1621,0.000599,172.31.46.0-255,66,57255,56,354659
1622,0.00062,74.125.200.0-255,411,57666,56,354659
1623,0.00067,74.125.200.0-255,331,57997,56,354659
1624,0.000982,74.125.200.0-255,1484,59481,56,354659
1625,0.000986,172.31.46.0-255,66,59547,56,354659
1626,0.000992,74.125.200.0-255,2902,62449,56,354659
1627,0.000995,74.125.200.0-255,2902,65351,56,354659
1628,0.001007,74.125.200.0-255,1484,66835,56,354659
1629,0.001016,172.31.46.0-255,66,66901,56,354659
1630,0.001034,74.125.200.0-255,2902,69803,56,354659
1631,0.001037,172.31.46.0-255,66,69869,56,354659
1632,0.001044,74.125.200.0-255,7156,77025,56,354659
1633,0.001062,74.125.200.0-255,1484,78509,56,354659
1634,0.00107,74.125.200.0-255,7156,85665,56,354659
1635,0.001074,172.31.46.0-255,66,85731,56,354659
1636,0.001093,74.125.200.0-255,2902,88633,56,354659
1637,0.001105,172.31.46.0-255,66,88699,56,354659
1638,0.001115,74.125.200.0-255,3602,92301,56,354659
1639,0.00112,172.31.46.0-255,66,92367,56,354659
1640,0.001731,74.125.200.0-255,1484,93851,56,354659
1641,0.001741,74.125.200.0-255,2902,96753,56,354659
1642,0.001745,172.31.46.0-255,66,96819,56,354659
1643,0.001751,74.125.200.0-255,2902,99721,56,354659
1644,0.001752,172.31.46.0-255,66,99787,56,354659
1645,0.001771,74.125.200.0-255,4320,104107,56,354659
1646,0.001774,172.31.46.0-255,66,104173,56,354659
1647,0.001792,74.125.200.0-255,4320,108493,56,354659
1648,0.001811,74.125.200.0-255,4320,112813,56,354659
1649,0.001816,74.125.200.0-255,4320,117133,56,354659
1650,0.001821,74.125.200.0-255,5738,122871,56,354659
1651,0.001848,74.125.200.0-255,3602,126473,56,354659
1652,0.002788,74.125.200.0-255,1484,127957,56,354659
1653,0.002797,74.125.200.0-255,2902,130859,56,354659
1654,0.0028,74.125.200.0-255,1484,132343,56,354659
1655,0.00281,74.125.200.0-255,1484,133827,56,354659
1656,0.002827,74.125.200.0-255,1484,135311,56,354659
1657,0.002873,74.125.200.0-255,7156,142467,56,354659
1658,0.002877,74.125.200.0-255,2902,145369,56,354659
1659,0.002882,74.125.200.0-255,2902,148271,56,354659
1660,0.0029,74.125.200.0-255,2902,151173,56,354659
1661,0.002913,74.125.200.0-255,4320,155493,56,354659
1662,0.002955,74.125.200.0-255,1484,156977,56,354659
1663,0.002968,74.125.200.0-255,3602,160579,56,354659
1664,0.003035,74.125.200.0-255,1484,162063,56,354659
1665,0.003057,74.125.200.0-255,1484,163547,56,354659
1666,0.003068,74.125.200.0-255,1484,165031,56,354659
1667,0.003085,74.125.200.0-255,1484,166515,56,354659
1668,0.003088,74.125.200.0-255,1484,167999,56,354659
1669,0.003108,74.125.200.0-255,4320,172319,56,354659
1670,0.003122,74.125.200.0-255,1484,173803,56,354659
1671,0.003127,74.125.200.0-255,2902,176705,56,354659
1672,0.003131,74.125.200.0-255,2902,179607,56,354659
1673,0.003142,74.125.200.0-255,1484,181091,56,354659
1674,0.003156,74.125.200.0-255,2902,183993,56,354659
1675,0.003174,74.125.200.0-255,1484,185477,56,354659
1676,0.00318,74.125.200.0-255,5738,191215,56,354659
1677,0.003201,74.125.200.0-255,6438,197653,56,354659
1678,0.003206,74.125.200.0-255,2902,200555,56,354659
1679,0.003219,74.125.200.0-255,2902,203457,56,354659
1680,0.003225,74.125.200.0-255,4320,207777,56,354659
1681,0.003242,74.125.200.0-255,2902,210679,56,354659
1682,0.003258,74.125.200.0-255,1484,212163,56,354659
1683,0.003316,74.125.200.0-255,5020,217183,56,354659
1684,0.003423,74.125.200.0-255,1484,218667,56,354659
1685,0.003429,74.125.200.0-255,2902,221569,56,354659
1686,0.003452,74.125.200.0-255,5738,227307,56,354659
1687,0.003456,74.125.200.0-255,1484,228791,56,354659
1688,0.003482,74.125.200.0-255,4320,233111,56,354659
1689,0.00349,74.125.200.0-255,7156,240267,56,354659
1690,0.003512,74.125.200.0-255,1484,241751,56,354659
1691,0.003528,74.125.200.0-255,4320,246071,56,354659
1692,0.003548,74.125.200.0-255,5020,251091,56,354659
1693,0.003589,74.125.200.0-255,1484,252575,56,354659
1694,0.003604,74.125.200.0-255,2902,255477,56,354659
1695,0.003625,74.125.200.0-255,1484,256961,56,354659
1696,0.00363,74.125.200.0-255,2902,259863,56,354659
1697,0.003632,74.125.200.0-255,1484,261347,56,354659
1698,0.003643,74.125.200.0-255,2902,264249,56,354659
1699,0.003661,74.125.200.0-255,1484,265733,56,354659
1700,0.003664,74.125.200.0-255,1484,267217,56,354659
1701,0.003667,74.125.200.0-255,1484,268701,56,354659
1702,0.003683,74.125.200.0-255,2902,271603,56,354659
1703,0.003688,74.125.200.0-255,4320,275923,56,354659
1704,0.0037,74.125.200.0-255,1484,277407,56,354659
1705,0.003724,74.125.200.0-255,5738,283145,56,354659
1706,0.003743,74.125.200.0-255,2184,285329,56,354659
1707,0.00375,74.125.200.0-255,4320,289649,56,354659
1708,0.003767,74.125.200.0-255,4320,293969,56,354659
1709,0.003827,74.125.200.0-255,766,294735,56,354659
1710,0.003885,74.125.200.0-255,1484,296219,56,354659
1711,0.003891,74.125.200.0-255,4320,300539,56,354659
1712,0.003894,74.125.200.0-255,2902,303441,56,354659
1713,0.003899,74.125.200.0-255,4320,307761,56,354659
1714,0.003914,74.125.200.0-255,4320,312081,56,354659
1715,0.003936,74.125.200.0-255,4320,316401,56,354659
1716,0.003941,74.125.200.0-255,4320,320721,56,354659
1717,0.003978,74.125.200.0-255,4320,325041,56,354659
1718,0.003998,74.125.200.0-255,3602,328643,56,354659
1719,0.004003,74.125.200.0-255,4320,332963,56,354659
1720,0.004021,74.125.200.0-255,4320,337283,56,354659
1721,0.004066,74.125.200.0-255,4320,341603,56,354659
1722,0.004087,74.125.200.0-255,766,342369,56,354659
1723,0.004147,74.125.200.0-255,7156,349525,56,354659
1724,0.004167,74.125.200.0-255,4963,354488,56,354659
1725,0.00417,74.125.200.0-255,105,354593,56,354659
1726,0.007938,172.31.46.0-255,66,354659,56,354659
1727,0.0,172.217.194.0-255,152,152,56,141675
1728,1.2e-05,172.31.46.0-255,66,218,56,141675
1729,1.8e-05,172.217.194.0-255,1484,1702,56,141675
1730,2.1e-05,172.31.46.0-255,66,1768,56,141675
1731,2.6e-05,172.217.194.0-255,2902,4670,56,141675
1732,2.8e-05,172.31.46.0-255,66,4736,56,141675
1733,5.9e-05,172.217.194.0-255,7156,11892,56,141675
1734,6.1e-05,172.31.46.0-255,66,11958,56,141675
1735,8.1e-05,172.217.194.0-255,2140,14098,56,141675
1736,8.2e-05,172.31.46.0-255,66,14164,56,141675
1737,0.00022,172.217.194.0-255,1484,15648,56,141675
1738,0.000225,172.31.46.0-255,66,15714,56,141675
1739,0.000244,172.217.194.0-255,2902,18616,56,141675
1740,0.000246,172.31.46.0-255,66,18682,56,141675
1741,0.000252,172.217.194.0-255,5738,24420,56,141675
1742,0.000254,172.31.46.0-255,66,24486,56,141675
1743,0.000275,172.217.194.0-255,1484,25970,56,141675
1744,0.000277,172.31.46.0-255,66,26036,56,141675
1745,0.000294,172.217.194.0-255,5379,31415,56,141675
1746,0.000297,172.31.46.0-255,66,31481,56,141675
1747,0.000299,172.217.194.0-255,1484,32965,56,141675
1748,0.000302,172.31.46.0-255,66,33031,56,141675
1749,0.000324,172.217.194.0-255,5738,38769,56,141675
1750,0.000326,172.31.46.0-255,66,38835,56,141675
1751,0.000329,172.217.194.0-255,1484,40319,56,141675
1752,0.00033,172.31.46.0-255,66,40385,56,141675
1753,0.000353,172.31.46.0-255,66,40451,56,141675
1754,0.000385,172.217.194.0-255,2902,43353,56,141675
1755,0.000387,172.31.46.0-255,66,43419,56,141675
1756,0.000417,172.31.46.0-255,66,43485,56,141675
1757,0.000605,172.217.194.0-255,646,44131,56,141675
1758,0.000907,172.217.194.0-255,1484,45615,56,141675
1759,0.000911,172.31.46.0-255,66,45681,56,141675
1760,0.000917,172.217.194.0-255,2902,48583,56,141675
1761,0.000921,172.31.46.0-255,66,48649,56,141675
1762,0.000933,172.217.194.0-255,5738,54387,56,141675
1763,0.000939,172.217.194.0-255,2902,57289,56,141675
1764,0.00095,172.217.194.0-255,2902,60191,56,141675
1765,0.00097,172.31.46.0-255,66,60257,56,141675
1766,0.000982,172.217.194.0-255,2902,63159,56,141675
1767,0.001011,172.31.46.0-255,66,63225,56,141675
1768,0.001023,172.217.194.0-255,5738,68963,56,141675
1769,0.001025,172.217.194.0-255,766,69729,56,141675
1770,0.001048,172.31.46.0-255,66,69795,56,141675
1771,0.001066,172.217.194.0-255,2902,72697,56,141675
1772,0.0011,172.217.194.0-255,1484,74181,56,141675
1773,0.001107,172.31.46.0-255,66,74247,56,141675
1774,0.001139,172.31.46.0-255,66,74313,56,141675
1775,0.002155,172.217.194.0-255,1484,75797,56,141675
1776,0.002164,172.217.194.0-255,2902,78699,56,141675
1777,0.002168,172.31.46.0-255,66,78765,56,141675
1778,0.002174,172.217.194.0-255,5738,84503,56,141675
1779,0.002186,172.217.194.0-255,1484,85987,56,141675
1780,0.002211,172.217.194.0-255,1484,87471,56,141675
1781,0.002234,172.217.194.0-255,766,88237,56,141675
1782,0.002376,172.217.194.0-255,1484,89721,56,141675
1783,0.002386,172.217.194.0-255,1484,91205,56,141675
1784,0.0024,172.217.194.0-255,1484,92689,56,141675
1785,0.002405,172.217.194.0-255,5738,98427,56,141675
1786,0.002426,172.217.194.0-255,5738,104165,56,141675
1787,0.002514,172.217.194.0-255,5738,109903,56,141675
1788,0.002528,172.217.194.0-255,2902,112805,56,141675
1789,0.002551,172.217.194.0-255,3602,116407,56,141675
1790,0.002581,172.217.194.0-255,7156,123563,56,141675
1791,0.002598,172.217.194.0-255,7156,130719,56,141675
1792,0.0026,172.217.194.0-255,1484,132203,56,141675
1793,0.002634,172.217.194.0-255,3602,135805,56,141675
1794,0.005253,172.31.46.0-255,66,135871,56,141675
1795,0.007924,172.217.194.0-255,5738,141609,56,141675
1796,0.00793,172.31.46.0-255,66,141675,56,141675
1797,0.0,172.217.194.0-255,151,151,56,235915
1798,1.7e-05,172.31.46.0-255,66,217,56,235915
1799,2.2e-05,172.217.194.0-255,1484,1701,56,235915
1800,2.6e-05,172.31.46.0-255,66,1767,56,235915
1801,3.1e-05,172.217.194.0-255,2902,4669,56,235915
1802,4e-05,172.31.46.0-255,66,4735,56,235915
1803,4.7e-05,172.217.194.0-255,7156,11891,56,235915
1804,5e-05,172.31.46.0-255,66,11957,56,235915
1805,8.5e-05,172.217.194.0-255,1941,13898,56,235915
1806,8.7e-05,172.31.46.0-255,66,13964,56,235915
1807,0.000225,172.217.194.0-255,1484,15448,56,235915
1808,0.000229,172.31.46.0-255,66,15514,56,235915
1809,0.000246,172.217.194.0-255,2902,18416,56,235915
1810,0.000249,172.31.46.0-255,66,18482,56,235915
1811,0.000255,172.217.194.0-255,5738,24220,56,235915
1812,0.000257,172.31.46.0-255,66,24286,56,235915
1813,0.000281,172.217.194.0-255,2902,27188,56,235915
1814,0.000283,172.31.46.0-255,66,27254,56,235915
1815,0.000319,172.217.194.0-255,6797,34051,56,235915
1816,0.000322,172.31.46.0-255,66,34117,56,235915
1817,0.000332,172.31.46.0-255,66,34183,56,235915
1818,0.00034,172.217.194.0-255,3961,38144,56,235915
1819,0.000342,172.31.46.0-255,66,38210,56,235915
1820,0.001014,172.217.194.0-255,1484,39694,56,235915
1821,0.00102,172.31.46.0-255,66,39760,56,235915
1822,0.001028,172.217.194.0-255,2902,42662,56,235915
1823,0.00103,172.31.46.0-255,66,42728,56,235915
1824,0.001042,172.217.194.0-255,5738,48466,56,235915
1825,0.001044,172.31.46.0-255,66,48532,56,235915
1826,0.001048,172.217.194.0-255,2902,51434,56,235915
1827,0.00105,172.31.46.0-255,66,51500,56,235915
1828,0.001081,172.217.194.0-255,3961,55461,56,235915
1829,0.001086,172.217.194.0-255,2902,58363,56,235915
1830,0.001155,172.217.194.0-255,5379,63742,56,235915
1831,0.001368,172.217.194.0-255,1484,65226,56,235915
1832,0.001375,172.217.194.0-255,2902,68128,56,235915
1833,0.001392,172.217.194.0-255,4320,72448,56,235915
1834,0.001411,172.217.194.0-255,1484,73932,56,235915
1835,0.001416,172.217.194.0-255,2902,76834,56,235915
1836,0.001482,172.217.194.0-255,1484,78318,56,235915
1837,0.0015,172.217.194.0-255,2902,81220,56,235915
1838,0.001505,172.217.194.0-255,4320,85540,56,235915
1839,0.001524,172.217.194.0-255,1484,87024,56,235915
1840,0.00153,172.217.194.0-255,5738,92762,56,235915
1841,0.001545,172.217.194.0-255,7156,99918,56,235915
1842,0.001583,172.217.194.0-255,1484,101402,56,235915
1843,0.001657,172.217.194.0-255,4320,105722,56,235915
1844,0.001681,172.217.194.0-255,2184,107906,56,235915
1845,0.001684,172.217.194.0-255,1484,109390,56,235915
1846,0.001733,172.217.194.0-255,1484,110874,56,235915
1847,0.00206,172.217.194.0-255,1484,112358,56,235915
1848,0.002063,172.217.194.0-255,1484,113842,56,235915
1849,0.002075,172.217.194.0-255,1484,115326,56,235915
1850,0.002078,172.217.194.0-255,1484,116810,56,235915
1851,0.002098,172.217.194.0-255,4320,121130,56,235915
1852,0.002105,172.217.194.0-255,5738,126868,56,235915
1853,0.002132,172.217.194.0-255,7156,134024,56,235915
1854,0.002149,172.217.194.0-255,4320,138344,56,235915
1855,0.002169,172.217.194.0-255,6438,144782,56,235915
1856,0.002195,172.217.194.0-255,1484,146266,56,235915
1857,0.002199,172.217.194.0-255,2902,149168,56,235915
1858,0.002202,172.217.194.0-255,1484,150652,56,235915
1859,0.002221,172.217.194.0-255,4320,154972,56,235915
1860,0.002232,172.217.194.0-255,2902,157874,56,235915
1861,0.002261,172.217.194.0-255,1484,159358,56,235915
1862,0.002286,172.217.194.0-255,2902,162260,56,235915
1863,0.002312,172.217.194.0-255,6438,168698,56,235915
1864,0.002349,172.217.194.0-255,1484,170182,56,235915
1865,0.002362,172.217.194.0-255,2902,173084,56,235915
1866,0.002384,172.217.194.0-255,5738,178822,56,235915
1867,0.002409,172.217.194.0-255,4320,183142,56,235915
1868,0.002423,172.217.194.0-255,4320,187462,56,235915
1869,0.002444,172.217.194.0-255,7156,194618,56,235915
1870,0.002448,172.217.194.0-255,2902,197520,56,235915
1871,0.002465,172.217.194.0-255,5020,202540,56,235915
1872,0.002492,172.217.194.0-255,2902,205442,56,235915
1873,0.00251,172.217.194.0-255,5738,211180,56,235915
1874,0.002513,172.217.194.0-255,1484,212664,56,235915
1875,0.002519,172.217.194.0-255,7156,219820,56,235915
1876,0.002534,172.217.194.0-255,4320,224140,56,235915
1877,0.002557,172.217.194.0-255,2902,227042,56,235915
1878,0.002592,172.217.194.0-255,2902,229944,56,235915
1879,0.007362,172.31.46.0-255,66,230010,56,235915
1880,0.007742,172.31.46.0-255,101,230111,56,235915
1881,0.009941,172.217.194.0-255,5738,235849,56,235915
1882,0.009949,172.31.46.0-255,66,235915,56,235915
1883,0.0,172.217.194.0-255,298,298,56,139009
1884,2.1e-05,172.31.46.0-255,66,364,56,139009
1885,2.8e-05,172.217.194.0-255,1484,1848,56,139009
1886,3.2e-05,172.31.46.0-255,66,1914,56,139009
1887,3.9e-05,172.217.194.0-255,4320,6234,56,139009
1888,4.1e-05,172.31.46.0-255,66,6300,56,139009
1889,4.7e-05,172.217.194.0-255,4320,10620,56,139009
1890,5e-05,172.31.46.0-255,66,10686,56,139009
1891,8.9e-05,172.217.194.0-255,3262,13948,56,139009
1892,9.2e-05,172.31.46.0-255,66,14014,56,139009
1893,0.000111,172.217.194.0-255,1484,15498,56,139009
1894,0.000114,172.31.46.0-255,66,15564,56,139009
1895,0.000132,172.217.194.0-255,2902,18466,56,139009
1896,0.000135,172.31.46.0-255,66,18532,56,139009
1897,0.00014,172.217.194.0-255,4320,22852,56,139009
1898,0.000143,172.31.46.0-255,66,22918,56,139009
1899,0.000154,172.217.194.0-255,1484,24402,56,139009
1900,0.000156,172.31.46.0-255,66,24468,56,139009
1901,0.000199,172.217.194.0-255,6797,31265,56,139009
1902,0.000202,172.31.46.0-255,66,31331,56,139009
1903,0.000267,172.217.194.0-255,1484,32815,56,139009
1904,0.00027,172.31.46.0-255,66,32881,56,139009
1905,0.000276,172.217.194.0-255,2902,35783,56,139009
1906,0.000277,172.31.46.0-255,66,35849,56,139009
1907,0.000311,172.217.194.0-255,1484,37333,56,139009
1908,0.000314,172.31.46.0-255,66,37399,56,139009
1909,0.000346,172.217.194.0-255,4320,41719,56,139009
1910,0.000348,172.31.46.0-255,66,41785,56,139009
1911,0.000363,172.31.46.0-255,66,41851,56,139009
1912,0.000375,172.31.46.0-255,66,41917,56,139009
1913,0.000462,172.217.194.0-255,119,42036,56,139009
1914,0.000529,172.217.194.0-255,1484,43520,56,139009
1915,0.000532,172.31.46.0-255,66,43586,56,139009
1916,0.000536,172.217.194.0-255,1484,45070,56,139009
1917,0.000553,172.217.194.0-255,1484,46554,56,139009
1918,0.000555,172.31.46.0-255,66,46620,56,139009
1919,0.000562,172.217.194.0-255,5738,52358,56,139009
1920,0.000564,172.31.46.0-255,66,52424,56,139009
1921,0.000591,172.217.194.0-255,4320,56744,56,139009
1922,0.000594,172.31.46.0-255,66,56810,56,139009
1923,0.000613,172.217.194.0-255,2543,59353,56,139009
1924,0.000615,172.31.46.0-255,66,59419,56,139009
1925,0.000622,172.217.194.0-255,7156,66575,56,139009
1926,0.000625,172.31.46.0-255,66,66641,56,139009
1927,0.000641,172.217.194.0-255,1484,68125,56,139009
1928,0.000661,172.31.46.0-255,66,68191,56,139009
1929,0.000673,172.31.46.0-255,66,68257,56,139009
1930,0.000696,172.217.194.0-255,4320,72577,56,139009
1931,0.000699,172.31.46.0-255,66,72643,56,139009
1932,0.000711,172.217.194.0-255,2543,75186,56,139009
1933,0.000714,172.31.46.0-255,66,75252,56,139009
1934,0.000792,172.217.194.0-255,1484,76736,56,139009
1935,0.000796,172.217.194.0-255,1484,78220,56,139009
1936,0.000799,172.31.46.0-255,66,78286,56,139009
1937,0.000813,172.217.194.0-255,1484,79770,56,139009
1938,0.000821,172.217.194.0-255,5738,85508,56,139009
1939,0.000823,172.31.46.0-255,66,85574,56,139009
1940,0.000846,172.217.194.0-255,4320,89894,56,139009
1941,0.000849,172.31.46.0-255,66,89960,56,139009
1942,0.000877,172.31.46.0-255,66,90026,56,139009
1943,0.000889,172.31.46.0-255,66,90092,56,139009
1944,0.000892,172.217.194.0-255,766,90858,56,139009
1945,0.001412,172.217.194.0-255,1484,92342,56,139009
1946,0.001417,172.217.194.0-255,2902,95244,56,139009
1947,0.001422,172.31.46.0-255,66,95310,56,139009
1948,0.001426,172.31.46.0-255,66,95376,56,139009
1949,0.001448,172.217.194.0-255,5738,101114,56,139009
1950,0.00145,172.31.46.0-255,66,101180,56,139009
1951,0.001462,172.217.194.0-255,1484,102664,56,139009
1952,0.001482,172.217.194.0-255,5379,108043,56,139009
1953,0.001484,172.31.46.0-255,66,108109,56,139009
1954,0.00179,172.217.194.0-255,1484,109593,56,139009
1955,0.001797,172.217.194.0-255,2902,112495,56,139009
1956,0.0018,172.31.46.0-255,66,112561,56,139009
1957,0.001824,172.217.194.0-255,5738,118299,56,139009
1958,0.001827,172.31.46.0-255,66,118365,56,139009
1959,0.001837,172.217.194.0-255,1484,119849,56,139009
1960,0.001872,172.31.46.0-255,66,119915,56,139009
1961,0.001877,172.217.194.0-255,2902,122817,56,139009
1962,0.001878,172.31.46.0-255,66,122883,56,139009
1963,0.001898,172.31.46.0-255,66,122949,56,139009
1964,0.004205,172.217.194.0-255,4320,127269,56,139009
1965,0.004213,172.31.46.0-255,66,127335,56,139009
1966,0.004232,172.217.194.0-255,1484,128819,56,139009
1967,0.006525,172.217.194.0-255,4320,133139,56,139009
1968,0.006531,172.31.46.0-255,66,133205,56,139009
1969,0.008828,172.217.194.0-255,5738,138943,56,139009
1970,0.008834,172.31.46.0-255,66,139009,56,139009
1971,0.0,172.217.194.0-255,152,152,56,224730
1972,1.2e-05,172.31.46.0-255,66,218,56,224730
1973,1.8e-05,172.217.194.0-255,1484,1702,56,224730
1974,2.2e-05,172.31.46.0-255,66,1768,56,224730
1975,3.6e-05,172.217.194.0-255,1484,3252,56,224730
1976,3.9e-05,172.31.46.0-255,66,3318,56,224730
1977,5.8e-05,172.217.194.0-255,1484,4802,56,224730
1978,6.1e-05,172.31.46.0-255,66,4868,56,224730
1979,6.8e-05,172.217.194.0-255,5738,10606,56,224730
1980,7e-05,172.31.46.0-255,66,10672,56,224730
1981,7.5e-05,172.217.194.0-255,4777,15449,56,224730
1982,7.7e-05,172.31.46.0-255,66,15515,56,224730
1983,9.5e-05,172.217.194.0-255,4320,19835,56,224730
1984,9.7e-05,172.31.46.0-255,66,19901,56,224730
1985,0.000129,172.31.46.0-255,66,19967,56,224730
1986,0.000133,172.217.194.0-255,2543,22510,56,224730
1987,0.000135,172.31.46.0-255,66,22576,56,224730
1988,0.000205,172.217.194.0-255,1484,24060,56,224730
1989,0.000208,172.31.46.0-255,66,24126,56,224730
1990,0.000211,172.217.194.0-255,1484,25610,56,224730
1991,0.000213,172.31.46.0-255,66,25676,56,224730
1992,0.000228,172.217.194.0-255,1484,27160,56,224730
1993,0.000231,172.31.46.0-255,66,27226,56,224730
1994,0.000237,172.217.194.0-255,5738,32964,56,224730
1995,0.000239,172.31.46.0-255,66,33030,56,224730
1996,0.000269,172.217.194.0-255,7156,40186,56,224730
1997,0.000272,172.31.46.0-255,66,40252,56,224730
1998,0.00029,172.217.194.0-255,6797,47049,56,224730
1999,0.000292,172.31.46.0-255,66,47115,56,224730
2000,0.000295,172.217.194.0-255,1484,48599,56,224730
2001,0.000296,172.31.46.0-255,66,48665,56,224730
2002,0.000324,172.31.46.0-255,66,48731,56,224730
2003,0.000479,172.217.194.0-255,645,49376,56,224730
2004,0.00054,172.217.194.0-255,1484,50860,56,224730
2005,0.000543,172.31.46.0-255,66,50926,56,224730
2006,0.000548,172.217.194.0-255,2902,53828,56,224730
2007,0.000563,172.31.46.0-255,66,53894,56,224730
2008,0.000569,172.217.194.0-255,5738,59632,56,224730
2009,0.000571,172.31.46.0-255,66,59698,56,224730
2010,0.000575,172.217.194.0-255,2902,62600,56,224730
2011,0.000578,172.31.46.0-255,66,62666,56,224730
2012,0.000595,172.217.194.0-255,2902,65568,56,224730
2013,0.000598,172.31.46.0-255,66,65634,56,224730
2014,0.000639,172.31.46.0-255,66,65700,56,224730
2015,0.000662,172.217.194.0-255,5379,71079,56,224730
2016,0.000664,172.31.46.0-255,66,71145,56,224730
2017,0.000669,172.217.194.0-255,3961,75106,56,224730
2018,0.000671,172.31.46.0-255,66,75172,56,224730
2019,0.000974,172.217.194.0-255,1484,76656,56,224730
2020,0.000982,172.217.194.0-255,2902,79558,56,224730
2021,0.000985,172.31.46.0-255,66,79624,56,224730
2022,0.000992,172.217.194.0-255,5738,85362,56,224730
2023,0.000994,172.31.46.0-255,66,85428,56,224730
2024,0.000998,172.217.194.0-255,2902,88330,56,224730
2025,0.001,172.31.46.0-255,66,88396,56,224730
2026,0.001016,172.217.194.0-255,2902,91298,56,224730
2027,0.001018,172.31.46.0-255,66,91364,56,224730
2028,0.00102,172.217.194.0-255,1484,92848,56,224730
2029,0.001057,172.31.46.0-255,66,92914,56,224730
2030,0.001087,172.217.194.0-255,1484,94398,56,224730
2031,0.001104,172.217.194.0-255,3602,98000,56,224730
2032,0.001107,172.31.46.0-255,66,98066,56,224730
2033,0.001328,172.217.194.0-255,1484,99550,56,224730
2034,0.001349,172.217.194.0-255,2902,102452,56,224730
2035,0.001353,172.31.46.0-255,66,102518,56,224730
2036,0.001358,172.217.194.0-255,4320,106838,56,224730
2037,0.00136,172.31.46.0-255,66,106904,56,224730
2038,0.001413,172.217.194.0-255,2902,109806,56,224730
2039,0.001416,172.31.46.0-255,66,109872,56,224730
2040,0.001431,172.217.194.0-255,5738,115610,56,224730
2041,0.001433,172.31.46.0-255,66,115676,56,224730
2042,0.001455,172.217.194.0-255,4320,119996,56,224730
2043,0.001457,172.31.46.0-255,66,120062,56,224730
2044,0.001481,172.217.194.0-255,5738,125800,56,224730
2045,0.001483,172.31.46.0-255,66,125866,56,224730
2046,0.001486,172.217.194.0-255,1484,127350,56,224730
2047,0.00149,172.217.194.0-255,2902,130252,56,224730
2048,0.001492,172.31.46.0-255,66,130318,56,224730
2049,0.001512,172.217.194.0-255,2184,132502,56,224730
2050,0.001514,172.31.46.0-255,66,132568,56,224730
2051,0.001658,172.217.194.0-255,1484,134052,56,224730
2052,0.001678,172.217.194.0-255,1484,135536,56,224730
2053,0.00168,172.31.46.0-255,66,135602,56,224730
2054,0.001685,172.217.194.0-255,2902,138504,56,224730
2055,0.001687,172.31.46.0-255,66,138570,56,224730
2056,0.0017,172.217.194.0-255,4320,142890,56,224730
2057,0.001702,172.31.46.0-255,66,142956,56,224730
2058,0.001726,172.217.194.0-255,1484,144440,56,224730
2059,0.001732,172.217.194.0-255,7156,151596,56,224730
2060,0.001735,172.31.46.0-255,66,151662,56,224730
2061,0.001771,172.217.194.0-255,2902,154564,56,224730
2062,0.001773,172.31.46.0-255,66,154630,56,224730
2063,0.001791,172.217.194.0-255,1484,156114,56,224730
2064,0.001797,172.217.194.0-255,5738,161852,56,224730
2065,0.001799,172.31.46.0-255,66,161918,56,224730
2066,0.001818,172.217.194.0-255,2902,164820,56,224730
2067,0.001819,172.31.46.0-255,66,164886,56,224730
2068,0.001837,172.217.194.0-255,2184,167070,56,224730
2069,0.001839,172.31.46.0-255,66,167136,56,224730
2070,0.002015,172.217.194.0-255,1484,168620,56,224730
2071,0.002031,172.217.194.0-255,1484,170104,56,224730
2072,0.002033,172.31.46.0-255,66,170170,56,224730
2073,0.002046,172.217.194.0-255,1484,171654,56,224730
2074,0.002052,172.217.194.0-255,5738,177392,56,224730
2075,0.002054,172.31.46.0-255,66,177458,56,224730
2076,0.002101,172.31.46.0-255,66,177524,56,224730
2077,0.002113,172.31.46.0-255,66,177590,56,224730
2078,0.002128,172.217.194.0-255,766,178356,56,224730
2079,0.002177,172.217.194.0-255,1484,179840,56,224730
2080,0.002179,172.31.46.0-255,66,179906,56,224730
2081,0.002198,172.217.194.0-255,2902,182808,56,224730
2082,0.002201,172.31.46.0-255,66,182874,56,224730
2083,0.002232,172.217.194.0-255,5738,188612,56,224730
2084,0.002234,172.31.46.0-255,66,188678,56,224730
2085,0.00225,172.31.46.0-255,66,188744,56,224730
2086,0.002274,172.217.194.0-255,1484,190228,56,224730
2087,0.002288,172.31.46.0-255,66,190294,56,224730
2088,0.002323,172.31.46.0-255,66,190360,56,224730
2089,0.002328,172.217.194.0-255,4320,194680,56,224730
2090,0.002331,172.31.46.0-255,66,194746,56,224730
2091,0.002364,172.31.46.0-255,66,194812,56,224730
2092,0.002385,172.217.194.0-255,2184,196996,56,224730
2093,0.002387,172.31.46.0-255,66,197062,56,224730
2094,0.002402,172.31.46.0-255,66,197128,56,224730
2095,0.002446,172.217.194.0-255,7156,204284,56,224730
2096,0.002449,172.31.46.0-255,66,204350,56,224730
2097,0.002475,172.217.194.0-255,2902,207252,56,224730
2098,0.002477,172.31.46.0-255,66,207318,56,224730
2099,0.004804,172.217.194.0-255,5738,213056,56,224730
2100,0.004812,172.31.46.0-255,66,213122,56,224730
2101,0.007133,172.217.194.0-255,5738,218860,56,224730
2102,0.00714,172.31.46.0-255,66,218926,56,224730
2103,0.009471,172.217.194.0-255,5738,224664,56,224730
2104,0.009478,172.31.46.0-255,66,224730,56,224730
2105,0.0,74.125.24.0-255,156,156,56,150304
2106,2.3e-05,172.31.46.0-255,66,222,56,150304
2107,3e-05,74.125.24.0-255,1484,1706,56,150304
2108,3.4e-05,172.31.46.0-255,66,1772,56,150304
2109,4.6e-05,74.125.24.0-255,2902,4674,56,150304
2110,4.9e-05,172.31.46.0-255,66,4740,56,150304
2111,5.3e-05,74.125.24.0-255,2902,7642,56,150304
2112,5.6e-05,172.31.46.0-255,66,7708,56,150304
2113,6.1e-05,74.125.24.0-255,4320,12028,56,150304
2114,6.4e-05,172.31.46.0-255,66,12094,56,150304
2115,9.5e-05,74.125.24.0-255,2101,14195,56,150304
2116,9.9e-05,172.31.46.0-255,66,14261,56,150304
2117,0.000135,74.125.24.0-255,1484,15745,56,150304
2118,0.000137,172.31.46.0-255,66,15811,56,150304
2119,0.000141,74.125.24.0-255,2902,18713,56,150304
2120,0.000143,172.31.46.0-255,66,18779,56,150304
2121,0.000175,74.125.24.0-255,5738,24517,56,150304
2122,0.000178,172.31.46.0-255,66,24583,56,150304
2123,0.000183,74.125.24.0-255,4320,28903,56,150304
2124,0.000185,172.31.46.0-255,66,28969,56,150304
2125,0.000202,74.125.24.0-255,2543,31512,56,150304
2126,0.000204,172.31.46.0-255,66,31578,56,150304
2127,0.00021,74.125.24.0-255,7156,38734,56,150304
2128,0.000212,172.31.46.0-255,66,38800,56,150304
2129,0.000261,172.31.46.0-255,66,38866,56,150304
2130,0.000285,74.125.24.0-255,5738,44604,56,150304
2131,0.000289,172.31.46.0-255,66,44670,56,150304
2132,0.000297,74.125.24.0-255,2902,47572,56,150304
2133,0.000299,172.31.46.0-255,66,47638,56,150304
2134,0.000323,74.125.24.0-255,4320,51958,56,150304
2135,0.000326,172.31.46.0-255,66,52024,56,150304
2136,0.000329,74.125.24.0-255,1484,53508,56,150304
2137,0.000353,74.125.24.0-255,2543,56051,56,150304
2138,0.000355,172.31.46.0-255,66,56117,56,150304
2139,0.000369,74.125.24.0-255,400,56517,56,150304
2140,0.000405,74.125.24.0-255,110,56627,56,150304
2141,0.00056,74.125.24.0-255,1484,58111,56,150304
2142,0.000565,172.31.46.0-255,66,58177,56,150304
2143,0.000569,74.125.24.0-255,2902,61079,56,150304
2144,0.000571,172.31.46.0-255,66,61145,56,150304
2145,0.000576,74.125.24.0-255,4320,65465,56,150304
2146,0.000578,172.31.46.0-255,66,65531,56,150304
2147,0.000606,74.125.24.0-255,1484,67015,56,150304
2148,0.000612,74.125.24.0-255,4320,71335,56,150304
2149,0.000614,172.31.46.0-255,66,71401,56,150304
2150,0.000643,74.125.24.0-255,2809,74210,56,150304
2151,0.000645,172.31.46.0-255,66,74276,56,150304
2152,0.000857,74.125.24.0-255,1484,75760,56,150304
2153,0.000862,74.125.24.0-255,2902,78662,56,150304
2154,0.000867,172.31.46.0-255,66,78728,56,150304
2155,0.000892,74.125.24.0-255,5738,84466,56,150304
2156,0.000894,172.31.46.0-255,66,84532,56,150304
2157,0.000898,74.125.24.0-255,2902,87434,56,150304
2158,0.000899,172.31.46.0-255,66,87500,56,150304
2159,0.000942,74.125.24.0-255,4320,91820,56,150304
2160,0.000946,172.31.46.0-255,66,91886,56,150304
2161,0.000949,172.31.46.0-255,66,91952,56,150304
2162,0.000972,74.125.24.0-255,6438,98390,56,150304
2163,0.000975,172.31.46.0-255,66,98456,56,150304
2164,0.001904,74.125.24.0-255,1484,99940,56,150304
2165,0.001913,74.125.24.0-255,2902,102842,56,150304
2166,0.001917,172.31.46.0-255,66,102908,56,150304
2167,0.001923,74.125.24.0-255,2902,105810,56,150304
2168,0.001925,172.31.46.0-255,66,105876,56,150304
2169,0.001941,74.125.24.0-255,2902,108778,56,150304
2170,0.001943,172.31.46.0-255,66,108844,56,150304
2171,0.001973,74.125.24.0-255,7156,116000,56,150304
2172,0.001975,172.31.46.0-255,66,116066,56,150304
2173,0.001999,74.125.24.0-255,2902,118968,56,150304
2174,0.002001,172.31.46.0-255,66,119034,56,150304
2175,0.002006,74.125.24.0-255,4320,123354,56,150304
2176,0.002008,172.31.46.0-255,66,123420,56,150304
2177,0.002035,74.125.24.0-255,7156,130576,56,150304
2178,0.002037,172.31.46.0-255,66,130642,56,150304
2179,0.002041,74.125.24.0-255,2184,132826,56,150304
2180,0.002043,172.31.46.0-255,66,132892,56,150304
2181,0.004342,74.125.24.0-255,5738,138630,56,150304
2182,0.004353,172.31.46.0-255,66,138696,56,150304
2183,0.006617,74.125.24.0-255,5738,144434,56,150304
2184,0.006623,172.31.46.0-255,66,144500,56,150304
2185,0.008889,74.125.24.0-255,5738,150238,56,150304
2186,0.008895,172.31.46.0-255,66,150304,56,150304
2187,0.0,74.125.200.0-255,146,146,56,101102
2188,2.3e-05,172.31.46.0-255,66,212,56,101102
2189,3.1e-05,74.125.200.0-255,1484,1696,56,101102
2190,3.7e-05,172.31.46.0-255,66,1762,56,101102
2191,4e-05,74.125.200.0-255,1484,3246,56,101102
2192,5.1e-05,172.31.46.0-255,66,3312,56,101102
2193,5.7e-05,74.125.200.0-255,2902,6214,56,101102
2194,6e-05,172.31.46.0-255,66,6280,56,101102
2195,6.7e-05,74.125.200.0-255,5738,12018,56,101102
2196,6.9e-05,172.31.46.0-255,66,12084,56,101102
2197,0.000109,74.125.200.0-255,2055,14139,56,101102
2198,0.000112,172.31.46.0-255,66,14205,56,101102
2199,0.000166,74.125.200.0-255,1484,15689,56,101102
2200,0.000169,172.31.46.0-255,66,15755,56,101102
2201,0.000173,74.125.200.0-255,1484,17239,56,101102
2202,0.000175,172.31.46.0-255,66,17305,56,101102
2203,0.0002,74.125.200.0-255,2902,20207,56,101102
2204,0.000203,172.31.46.0-255,66,20273,56,101102
2205,0.000234,74.125.200.0-255,5738,26011,56,101102
2206,0.000237,172.31.46.0-255,66,26077,56,101102
2207,0.000286,74.125.200.0-255,2902,28979,56,101102
2208,0.000289,172.31.46.0-255,66,29045,56,101102
2209,0.000332,74.125.200.0-255,5379,34424,56,101102
2210,0.000335,172.31.46.0-255,66,34490,56,101102
2211,0.000345,172.31.46.0-255,66,34556,56,101102
2212,0.000357,172.31.46.0-255,66,34622,56,101102
2213,0.000399,172.31.46.0-255,66,34688,56,101102
2214,0.000449,74.125.200.0-255,401,35089,56,101102
2215,0.000451,172.31.46.0-255,66,35155,56,101102
2216,0.000525,74.125.200.0-255,110,35265,56,101102
2217,0.000528,172.31.46.0-255,66,35331,56,101102
2218,0.000555,74.125.200.0-255,329,35660,56,101102
2219,0.000557,172.31.46.0-255,66,35726,56,101102
2220,0.001433,74.125.200.0-255,1484,37210,56,101102
2221,0.00144,172.31.46.0-255,66,37276,56,101102
2222,0.001449,74.125.200.0-255,2902,40178,56,101102
2223,0.001451,172.31.46.0-255,66,40244,56,101102
2224,0.001482,74.125.200.0-255,1484,41728,56,101102
2225,0.001485,172.31.46.0-255,66,41794,56,101102
2226,0.001519,74.125.200.0-255,4320,46114,56,101102
2227,0.001524,74.125.200.0-255,1484,47598,56,101102
2228,0.001529,74.125.200.0-255,2902,50500,56,101102
2229,0.001534,74.125.200.0-255,5738,56238,56,101102
2230,0.001537,74.125.200.0-255,1484,57722,56,101102
2231,0.001561,74.125.200.0-255,4320,62042,56,101102
2232,0.001568,74.125.200.0-255,7156,69198,56,101102
2233,0.00157,74.125.200.0-255,766,69964,56,101102
2234,0.00183,74.125.200.0-255,1484,71448,56,101102
2235,0.001837,74.125.200.0-255,2902,74350,56,101102
2236,0.001863,74.125.200.0-255,2902,77252,56,101102
2237,0.001877,74.125.200.0-255,1484,78736,56,101102
2238,0.001933,74.125.200.0-255,7156,85892,56,101102
2239,0.001958,74.125.200.0-255,4320,90212,56,101102
2240,0.00198,74.125.200.0-255,5020,95232,56,101102
2241,0.007217,172.31.46.0-255,66,95298,56,101102
2242,0.009503,74.125.200.0-255,5738,101036,56,101102
2243,0.009511,172.31.46.0-255,66,101102,56,101102
2244,0.0,74.125.24.0-255,153,153,56,289274
2245,1.6e-05,172.31.46.0-255,66,219,56,289274
2246,2.3e-05,74.125.24.0-255,1484,1703,56,289274
2247,2.9e-05,172.31.46.0-255,66,1769,56,289274
2248,3.5e-05,74.125.24.0-255,2902,4671,56,289274
2249,3.8e-05,172.31.46.0-255,66,4737,56,289274
2250,5.9e-05,74.125.24.0-255,7156,11893,56,289274
2251,6.2e-05,172.31.46.0-255,66,11959,56,289274
2252,8.1e-05,74.125.24.0-255,1914,13873,56,289274
2253,8.4e-05,172.31.46.0-255,66,13939,56,289274
2254,8.8e-05,74.125.24.0-255,2902,16841,56,289274
2255,9e-05,172.31.46.0-255,66,16907,56,289274
2256,9.6e-05,74.125.24.0-255,4320,21227,56,289274
2257,9.8e-05,172.31.46.0-255,66,21293,56,289274
2258,0.000127,74.125.24.0-255,2902,24195,56,289274
2259,0.000129,172.31.46.0-255,66,24261,56,289274
2260,0.000136,74.125.24.0-255,6797,31058,56,289274
2261,0.000139,172.31.46.0-255,66,31124,56,289274
2262,0.000213,74.125.24.0-255,1484,32608,56,289274
2263,0.000217,172.31.46.0-255,66,32674,56,289274
2264,0.000222,74.125.24.0-255,2902,35576,56,289274
2265,0.000225,172.31.46.0-255,66,35642,56,289274
2266,0.000246,74.125.24.0-255,1484,37126,56,289274
2267,0.000248,172.31.46.0-255,66,37192,56,289274
2268,0.000269,74.125.24.0-255,4320,41512,56,289274
2269,0.000272,172.31.46.0-255,66,41578,56,289274
2270,0.000278,74.125.24.0-255,5738,47316,56,289274
2271,0.00028,172.31.46.0-255,66,47382,56,289274
2272,0.000283,74.125.24.0-255,1484,48866,56,289274
2273,0.000285,172.31.46.0-255,66,48932,56,289274
2274,0.000313,74.125.24.0-255,5379,54311,56,289274
2275,0.000316,172.31.46.0-255,66,54377,56,289274
2276,0.000321,74.125.24.0-255,4320,58697,56,289274
2277,0.000323,172.31.46.0-255,66,58763,56,289274
2278,0.000343,74.125.24.0-255,7107,65870,56,289274
2279,0.000345,172.31.46.0-255,66,65936,56,289274
2280,0.000427,74.125.24.0-255,110,66046,56,289274
2281,0.000798,74.125.24.0-255,334,66380,56,289274
2282,0.001128,172.31.46.0-255,66,66446,56,289274
2283,0.00116,74.125.24.0-255,1484,67930,56,289274
2284,0.001179,74.125.24.0-255,2902,70832,56,289274
2285,0.001183,172.31.46.0-255,66,70898,56,289274
2286,0.001191,74.125.24.0-255,5738,76636,56,289274
2287,0.001193,172.31.46.0-255,66,76702,56,289274
2288,0.001211,74.125.24.0-255,6797,83499,56,289274
2289,0.001213,172.31.46.0-255,66,83565,56,289274
2290,0.001292,74.125.24.0-255,1484,85049,56,289274
2291,0.001308,74.125.24.0-255,2902,87951,56,289274
2292,0.00131,172.31.46.0-255,66,88017,56,289274
2293,0.00133,74.125.24.0-255,2902,90919,56,289274
2294,0.001332,172.31.46.0-255,66,90985,56,289274
2295,0.001353,74.125.24.0-255,2902,93887,56,289274
2296,0.001356,172.31.46.0-255,66,93953,56,289274
2297,0.00136,74.125.24.0-255,2902,96855,56,289274
2298,0.001362,172.31.46.0-255,66,96921,56,289274
2299,0.001401,74.125.24.0-255,3961,100882,56,289274
2300,0.001404,172.31.46.0-255,66,100948,56,289274
2301,0.002279,74.125.24.0-255,1484,102432,56,289274
2302,0.00229,74.125.24.0-255,2902,105334,56,289274
2303,0.002294,172.31.46.0-255,66,105400,56,289274
2304,0.002299,74.125.24.0-255,1484,106884,56,289274
2305,0.002303,74.125.24.0-255,2902,109786,56,289274
2306,0.002305,172.31.46.0-255,66,109852,56,289274
2307,0.002333,74.125.24.0-255,5738,115590,56,289274
2308,0.002336,172.31.46.0-255,66,115656,56,289274
2309,0.00234,74.125.24.0-255,2902,118558,56,289274
2310,0.002342,172.31.46.0-255,66,118624,56,289274
2311,0.002344,74.125.24.0-255,1484,120108,56,289274
2312,0.002357,74.125.24.0-255,1484,121592,56,289274
2313,0.002359,172.31.46.0-255,66,121658,56,289274
2314,0.002363,74.125.24.0-255,1484,123142,56,289274
2315,0.002368,74.125.24.0-255,4320,127462,56,289274
2316,0.00237,172.31.46.0-255,66,127528,56,289274
2317,0.0024,74.125.24.0-255,1484,129012,56,289274
2318,0.00242,74.125.24.0-255,6438,135450,56,289274
2319,0.002422,172.31.46.0-255,66,135516,56,289274
2320,0.002985,74.125.24.0-255,1484,137000,56,289274
2321,0.002989,74.125.24.0-255,2902,139902,56,289274
2322,0.002991,172.31.46.0-255,66,139968,56,289274
2323,0.003013,74.125.24.0-255,5738,145706,56,289274
2324,0.003015,172.31.46.0-255,66,145772,56,289274
2325,0.00302,74.125.24.0-255,2902,148674,56,289274
2326,0.003021,172.31.46.0-255,66,148740,56,289274
2327,0.003055,172.31.46.0-255,66,148806,56,289274
2328,0.003091,172.31.46.0-255,66,148872,56,289274
2329,0.003186,74.125.24.0-255,1484,150356,56,289274
2330,0.00319,74.125.24.0-255,1484,151840,56,289274
2331,0.003192,172.31.46.0-255,66,151906,56,289274
2332,0.003212,74.125.24.0-255,1484,153390,56,289274
2333,0.003219,74.125.24.0-255,5738,159128,56,289274
2334,0.003221,172.31.46.0-255,66,159194,56,289274
2335,0.003244,74.125.24.0-255,5738,164932,56,289274
2336,0.003247,172.31.46.0-255,66,164998,56,289274
2337,0.003264,74.125.24.0-255,7156,172154,56,289274
2338,0.003266,172.31.46.0-255,66,172220,56,289274
2339,0.003284,74.125.24.0-255,7156,179376,56,289274
2340,0.003287,172.31.46.0-255,66,179442,56,289274
2341,0.003307,74.125.24.0-255,6438,185880,56,289274
2342,0.00331,172.31.46.0-255,66,185946,56,289274
2343,0.003315,74.125.24.0-255,5738,191684,56,289274
2344,0.003318,172.31.46.0-255,66,191750,56,289274
2345,0.003347,172.31.46.0-255,66,191816,56,289274
2346,0.00336,172.31.46.0-255,66,191882,56,289274
2347,0.003377,74.125.24.0-255,4320,196202,56,289274
2348,0.00338,172.31.46.0-255,66,196268,56,289274
2349,0.003401,74.125.24.0-255,2184,198452,56,289274
2350,0.003403,172.31.46.0-255,66,198518,56,289274
2351,0.003443,74.125.24.0-255,1484,200002,56,289274
2352,0.00346,74.125.24.0-255,2902,202904,56,289274
2353,0.003463,172.31.46.0-255,66,202970,56,289274
2354,0.003469,74.125.24.0-255,5738,208708,56,289274
2355,0.003472,172.31.46.0-255,66,208774,56,289274
2356,0.003481,74.125.24.0-255,4320,213094,56,289274
2357,0.003484,172.31.46.0-255,66,213160,56,289274
2358,0.003512,172.31.46.0-255,66,213226,56,289274
2359,0.003524,74.125.24.0-255,2902,216128,56,289274
2360,0.003526,172.31.46.0-255,66,216194,56,289274
2361,0.003552,172.31.46.0-255,66,216260,56,289274
2362,0.003654,74.125.24.0-255,1484,217744,56,289274
2363,0.003674,74.125.24.0-255,2902,220646,56,289274
2364,0.003678,172.31.46.0-255,66,220712,56,289274
2365,0.003681,74.125.24.0-255,1484,222196,56,289274
2366,0.003704,74.125.24.0-255,5738,227934,56,289274
2367,0.003707,172.31.46.0-255,66,228000,56,289274
2368,0.003732,74.125.24.0-255,7156,235156,56,289274
2369,0.003735,172.31.46.0-255,66,235222,56,289274
2370,0.003757,74.125.24.0-255,5738,240960,56,289274
2371,0.003761,172.31.46.0-255,66,241026,56,289274
2372,0.003795,74.125.24.0-255,7156,248182,56,289274
2373,0.003798,172.31.46.0-255,66,248248,56,289274
2374,0.003822,74.125.24.0-255,6438,254686,56,289274
2375,0.003825,172.31.46.0-255,66,254752,56,289274
2376,0.003832,74.125.24.0-255,5738,260490,56,289274
2377,0.003835,172.31.46.0-255,66,260556,56,289274
2378,0.00387,172.31.46.0-255,66,260622,56,289274
2379,0.003875,74.125.24.0-255,4320,264942,56,289274
2380,0.003878,172.31.46.0-255,66,265008,56,289274
2381,0.003881,74.125.24.0-255,1484,266492,56,289274
2382,0.003903,172.31.46.0-255,66,266558,56,289274
2383,0.003927,74.125.24.0-255,1484,268042,56,289274
2384,0.003944,74.125.24.0-255,2902,270944,56,289274
2385,0.003948,172.31.46.0-255,66,271010,56,289274
2386,0.003967,74.125.24.0-255,5738,276748,56,289274
2387,0.00397,172.31.46.0-255,66,276814,56,289274
2388,0.00403,172.31.46.0-255,66,276880,56,289274
2389,0.004051,74.125.24.0-255,1484,278364,56,289274
2390,0.004065,172.31.46.0-255,66,278430,56,289274
2391,0.004069,74.125.24.0-255,2184,280614,56,289274
2392,0.004072,172.31.46.0-255,66,280680,56,289274
2393,0.004113,172.31.46.0-255,66,280746,56,289274
2394,0.004152,172.31.46.0-255,66,280812,56,289274
2395,0.004156,74.125.24.0-255,2184,282996,56,289274
2396,0.004158,172.31.46.0-255,66,283062,56,289274
2397,0.004198,74.125.24.0-255,5738,288800,56,289274
2398,0.004201,172.31.46.0-255,66,288866,56,289274
2399,0.004233,172.31.46.0-255,66,288932,56,289274
2400,0.004235,74.125.24.0-255,105,289037,56,289274
2401,0.006873,172.31.46.0-255,66,289103,56,289274
2402,0.006911,172.31.46.0-255,105,289208,56,289274
2403,0.009162,74.125.24.0-255,66,289274,56,289274
2404,0.0,172.217.194.0-255,150,150,56,179387
2405,2.7e-05,172.31.46.0-255,66,216,56,179387
2406,3.5e-05,172.217.194.0-255,1484,1700,56,179387
2407,4e-05,172.31.46.0-255,66,1766,56,179387
2408,5.3e-05,172.217.194.0-255,2902,4668,56,179387
2409,5.7e-05,172.31.46.0-255,66,4734,56,179387
2410,6.4e-05,172.217.194.0-255,7156,11890,56,179387
2411,6.7e-05,172.31.46.0-255,66,11956,56,179387
2412,7.1e-05,172.217.194.0-255,2056,14012,56,179387
2413,7.4e-05,172.31.46.0-255,66,14078,56,179387
2414,0.000121,172.217.194.0-255,1484,15562,56,179387
2415,0.000125,172.31.46.0-255,66,15628,56,179387
2416,0.00013,172.217.194.0-255,2902,18530,56,179387
2417,0.000133,172.31.46.0-255,66,18596,56,179387
2418,0.000144,172.217.194.0-255,5738,24334,56,179387
2419,0.000147,172.31.46.0-255,66,24400,56,179387
2420,0.000172,172.217.194.0-255,6797,31197,56,179387
2421,0.000175,172.31.46.0-255,66,31263,56,179387
2422,0.000234,172.217.194.0-255,1484,32747,56,179387
2423,0.000236,172.31.46.0-255,66,32813,56,179387
2424,0.000266,172.217.194.0-255,2902,35715,56,179387
2425,0.000269,172.31.46.0-255,66,35781,56,179387
2426,0.000275,172.217.194.0-255,5738,41519,56,179387
2427,0.000278,172.31.46.0-255,66,41585,56,179387
2428,0.000287,172.217.194.0-255,4320,45905,56,179387
2429,0.00029,172.31.46.0-255,66,45971,56,179387
2430,0.000325,172.31.46.0-255,66,46037,56,179387
2431,0.00035,172.217.194.0-255,2543,48580,56,179387
2432,0.000353,172.31.46.0-255,66,48646,56,179387
2433,0.000359,172.217.194.0-255,5738,54384,56,179387
2434,0.000361,172.31.46.0-255,66,54450,56,179387
2435,0.00038,172.217.194.0-255,1713,56163,56,179387
2436,0.000383,172.31.46.0-255,66,56229,56,179387
2437,0.000534,172.217.194.0-255,1484,57713,56,179387
2438,0.000542,172.217.194.0-255,2902,60615,56,179387
2439,0.000546,172.31.46.0-255,66,60681,56,179387
2440,0.000552,172.217.194.0-255,4320,65001,56,179387
2441,0.000554,172.31.46.0-255,66,65067,56,179387
2442,0.000588,172.217.194.0-255,1484,66551,56,179387
2443,0.000602,172.31.46.0-255,66,66617,56,179387
2444,0.000613,172.31.46.0-255,66,66683,56,179387
2445,0.000642,172.217.194.0-255,2184,68867,56,179387
2446,0.000645,172.31.46.0-255,66,68933,56,179387
2447,0.001314,172.217.194.0-255,1484,70417,56,179387
2448,0.001322,172.217.194.0-255,2902,73319,56,179387
2449,0.001326,172.31.46.0-255,66,73385,56,179387
2450,0.001334,172.217.194.0-255,5738,79123,56,179387
2451,0.001336,172.31.46.0-255,66,79189,56,179387
2452,0.001373,172.31.46.0-255,66,79255,56,179387
2453,0.001415,172.31.46.0-255,66,79321,56,179387
2454,0.00146,172.217.194.0-255,5738,85059,56,179387
2455,0.001462,172.31.46.0-255,66,85125,56,179387
2456,0.001493,172.217.194.0-255,4320,89445,56,179387
2457,0.001496,172.31.46.0-255,66,89511,56,179387
2458,0.001513,172.31.46.0-255,66,89577,56,179387
2459,0.001527,172.31.46.0-255,66,89643,56,179387
2460,0.001562,172.217.194.0-255,1484,91127,56,179387
2461,0.001575,172.217.194.0-255,2902,94029,56,179387
2462,0.001578,172.31.46.0-255,66,94095,56,179387
2463,0.001585,172.217.194.0-255,5738,99833,56,179387
2464,0.001587,172.31.46.0-255,66,99899,56,179387
2465,0.001614,172.217.194.0-255,4320,104219,56,179387
2466,0.001617,172.31.46.0-255,66,104285,56,179387
2467,0.001648,172.31.46.0-255,66,104351,56,179387
2468,0.001695,172.31.46.0-255,66,104417,56,179387
2469,0.001812,172.217.194.0-255,1484,105901,56,179387
2470,0.001841,172.217.194.0-255,2902,108803,56,179387
2471,0.001844,172.31.46.0-255,66,108869,56,179387
2472,0.001848,172.217.194.0-255,1484,110353,56,179387
2473,0.001871,172.217.194.0-255,4320,114673,56,179387
2474,0.001874,172.31.46.0-255,66,114739,56,179387
2475,0.001917,172.217.194.0-255,5738,120477,56,179387
2476,0.001919,172.31.46.0-255,66,120543,56,179387
2477,0.001952,172.217.194.0-255,4320,124863,56,179387
2478,0.001954,172.31.46.0-255,66,124929,56,179387
2479,0.001974,172.31.46.0-255,66,124995,56,179387
2480,0.002023,172.217.194.0-255,1484,126479,56,179387
2481,0.002027,172.217.194.0-255,1484,127963,56,179387
2482,0.00203,172.31.46.0-255,66,128029,56,179387
2483,0.002056,172.217.194.0-255,1484,129513,56,179387
2484,0.002059,172.217.194.0-255,1484,130997,56,179387
2485,0.002062,172.31.46.0-255,66,131063,56,179387
2486,0.002069,172.217.194.0-255,5738,136801,56,179387
2487,0.002072,172.31.46.0-255,66,136867,56,179387
2488,0.002117,172.217.194.0-255,2902,139769,56,179387
2489,0.002121,172.31.46.0-255,66,139835,56,179387
2490,0.002139,172.31.46.0-255,66,139901,56,179387
2491,0.00215,172.31.46.0-255,66,139967,56,179387
2492,0.002153,172.217.194.0-255,1484,141451,56,179387
2493,0.002167,172.31.46.0-255,66,141517,56,179387
2494,0.002174,172.217.194.0-255,7156,148673,56,179387
2495,0.002178,172.31.46.0-255,66,148739,56,179387
2496,0.002205,172.217.194.0-255,2902,151641,56,179387
2497,0.002208,172.31.46.0-255,66,151707,56,179387
2498,0.002211,172.217.194.0-255,1484,153191,56,179387
2499,0.00223,172.217.194.0-255,5738,158929,56,179387
2500,0.002232,172.31.46.0-255,66,158995,56,179387
2501,0.00227,172.31.46.0-255,66,159061,56,179387
2502,0.002273,172.217.194.0-255,1484,160545,56,179387
2503,0.002284,172.31.46.0-255,66,160611,56,179387
2504,0.002325,172.31.46.0-255,66,160677,56,179387
2505,0.00233,172.217.194.0-255,3602,164279,56,179387
2506,0.002332,172.31.46.0-255,66,164345,56,179387
2507,0.002335,172.217.194.0-255,1484,165829,56,179387
2508,0.002342,172.217.194.0-255,7156,172985,56,179387
2509,0.002345,172.31.46.0-255,66,173051,56,179387
2510,0.002387,172.31.46.0-255,66,173117,56,179387
2511,0.002401,172.31.46.0-255,66,173183,56,179387
2512,0.002404,172.217.194.0-255,1484,174667,56,179387
2513,0.002435,172.31.46.0-255,66,174733,56,179387
2514,0.002455,172.217.194.0-255,1484,176217,56,179387
2515,0.002521,172.217.194.0-255,2902,179119,56,179387
2516,0.002555,172.217.194.0-255,97,179216,56,179387
2517,0.002558,172.217.194.0-255,105,179321,56,179387
2518,0.009252,172.31.46.0-255,66,179387,56,179387
2519,0.0,74.125.200.0-255,291,291,56,192383
2520,1.5e-05,172.31.46.0-255,66,357,56,192383
2521,2.2e-05,74.125.200.0-255,1484,1841,56,192383
2522,2.6e-05,172.31.46.0-255,66,1907,56,192383
2523,3.4e-05,74.125.200.0-255,4320,6227,56,192383
2524,3.8e-05,172.31.46.0-255,66,6293,56,192383
2525,4.1e-05,74.125.200.0-255,1484,7777,56,192383
2526,4.4e-05,172.31.46.0-255,66,7843,56,192383
2527,6.5e-05,74.125.200.0-255,4320,12163,56,192383
2528,6.8e-05,172.31.46.0-255,66,12229,56,192383
2529,8.5e-05,74.125.200.0-255,4320,16549,56,192383
2530,8.8e-05,172.31.46.0-255,66,16615,56,192383
2531,0.000114,74.125.200.0-255,6033,22648,56,192383
2532,0.000117,172.31.46.0-255,66,22714,56,192383
2533,0.000136,74.125.200.0-255,2902,25616,56,192383
2534,0.000138,172.31.46.0-255,66,25682,56,192383
2535,0.000155,74.125.200.0-255,5379,31061,56,192383
2536,0.000158,172.31.46.0-255,66,31127,56,192383
2537,0.000209,74.125.200.0-255,1484,32611,56,192383
2538,0.000212,172.31.46.0-255,66,32677,56,192383
2539,0.000217,74.125.200.0-255,2902,35579,56,192383
2540,0.000219,172.31.46.0-255,66,35645,56,192383
2541,0.000234,74.125.200.0-255,2902,38547,56,192383
2542,0.000237,172.31.46.0-255,66,38613,56,192383
2543,0.000263,74.125.200.0-255,4320,42933,56,192383
2544,0.000266,172.31.46.0-255,66,42999,56,192383
2545,0.000304,172.31.46.0-255,66,43065,56,192383
2546,0.000309,74.125.200.0-255,2902,45967,56,192383
2547,0.000311,172.31.46.0-255,66,46033,56,192383
2548,0.000316,74.125.200.0-255,4320,50353,56,192383
2549,0.000319,172.31.46.0-255,66,50419,56,192383
2550,0.000337,74.125.200.0-255,1484,51903,56,192383
2551,0.000339,172.31.46.0-255,66,51969,56,192383
2552,0.000358,74.125.200.0-255,4234,56203,56,192383
2553,0.000361,172.31.46.0-255,66,56269,56,192383
2554,0.000365,74.125.200.0-255,129,56398,56,192383
2555,0.000367,172.31.46.0-255,66,56464,56,192383
2556,0.000504,74.125.200.0-255,1484,57948,56,192383
2557,0.000508,172.31.46.0-255,66,58014,56,192383
2558,0.000513,74.125.200.0-255,2902,60916,56,192383
2559,0.000516,172.31.46.0-255,66,60982,56,192383
2560,0.000522,74.125.200.0-255,5738,66720,56,192383
2561,0.000525,172.31.46.0-255,66,66786,56,192383
2562,0.000545,74.125.200.0-255,2902,69688,56,192383
2563,0.000548,172.31.46.0-255,66,69754,56,192383
2564,0.00057,74.125.200.0-255,3961,73715,56,192383
2565,0.000573,172.31.46.0-255,66,73781,56,192383
2566,0.000591,74.125.200.0-255,2902,76683,56,192383
2567,0.000594,172.31.46.0-255,66,76749,56,192383
2568,0.000617,74.125.200.0-255,4320,81069,56,192383
2569,0.000619,172.31.46.0-255,66,81135,56,192383
2570,0.000665,74.125.200.0-255,2902,84037,56,192383
2571,0.000667,172.31.46.0-255,66,84103,56,192383
2572,0.000685,74.125.200.0-255,4320,88423,56,192383
2573,0.000688,172.31.46.0-255,66,88489,56,192383
2574,0.000693,74.125.200.0-255,2828,91317,56,192383
2575,0.000694,172.31.46.0-255,66,91383,56,192383
2576,0.001226,74.125.200.0-255,1484,92867,56,192383
2577,0.001231,172.31.46.0-255,66,92933,56,192383
2578,0.001236,74.125.200.0-255,2902,95835,56,192383
2579,0.001239,172.31.46.0-255,66,95901,56,192383
2580,0.001242,74.125.200.0-255,1484,97385,56,192383
2581,0.001244,172.31.46.0-255,66,97451,56,192383
2582,0.001248,74.125.200.0-255,2902,100353,56,192383
2583,0.001251,172.31.46.0-255,66,100419,56,192383
2584,0.001269,74.125.200.0-255,2902,103321,56,192383
2585,0.001272,172.31.46.0-255,66,103387,56,192383
2586,0.001293,74.125.200.0-255,2902,106289,56,192383
2587,0.001296,172.31.46.0-255,66,106355,56,192383
2588,0.001303,74.125.200.0-255,7156,113511,56,192383
2589,0.001305,172.31.46.0-255,66,113577,56,192383
2590,0.001322,74.125.200.0-255,1484,115061,56,192383
2591,0.001324,172.31.46.0-255,66,115127,56,192383
2592,0.001336,172.31.46.0-255,66,115193,56,192383
2593,0.001339,74.125.200.0-255,766,115959,56,192383
2594,0.001341,172.31.46.0-255,66,116025,56,192383
2595,0.00142,74.125.200.0-255,1484,117509,56,192383
2596,0.001423,172.31.46.0-255,66,117575,56,192383
2597,0.001428,74.125.200.0-255,2902,120477,56,192383
2598,0.00143,172.31.46.0-255,66,120543,56,192383
2599,0.001449,74.125.200.0-255,5738,126281,56,192383
2600,0.001451,172.31.46.0-255,66,126347,56,192383
2601,0.001474,74.125.200.0-255,7156,133503,56,192383
2602,0.001497,172.31.46.0-255,66,133569,56,192383
2603,0.001505,74.125.200.0-255,5738,139307,56,192383
2604,0.001507,172.31.46.0-255,66,139373,56,192383
2605,0.001531,172.31.46.0-255,66,139439,56,192383
2606,0.001548,74.125.200.0-255,2184,141623,56,192383
2607,0.001551,172.31.46.0-255,66,141689,56,192383
2608,0.0019,74.125.200.0-255,1484,143173,56,192383
2609,0.001905,172.31.46.0-255,66,143239,56,192383
2610,0.001925,74.125.200.0-255,2902,146141,56,192383
2611,0.001928,172.31.46.0-255,66,146207,56,192383
2612,0.00194,74.125.200.0-255,1484,147691,56,192383
2613,0.001943,172.31.46.0-255,66,147757,56,192383
2614,0.001957,74.125.200.0-255,4320,152077,56,192383
2615,0.00196,172.31.46.0-255,66,152143,56,192383
2616,0.001979,74.125.200.0-255,4320,156463,56,192383
2617,0.001981,172.31.46.0-255,66,156529,56,192383
2618,0.00201,74.125.200.0-255,5738,162267,56,192383
2619,0.002013,172.31.46.0-255,66,162333,56,192383
2620,0.002021,74.125.200.0-255,7156,169489,56,192383
2621,0.002023,172.31.46.0-255,66,169555,56,192383
2622,0.002059,74.125.200.0-255,4320,173875,56,192383
2623,0.002062,172.31.46.0-255,66,173941,56,192383
2624,0.002081,74.125.200.0-255,2184,176125,56,192383
2625,0.002085,172.31.46.0-255,66,176191,56,192383
2626,0.004144,74.125.200.0-255,2902,179093,56,192383
2627,0.004152,172.31.46.0-255,66,179159,56,192383
2628,0.004172,74.125.200.0-255,2902,182061,56,192383
2629,0.004175,172.31.46.0-255,66,182127,56,192383
2630,0.006259,74.125.200.0-255,4320,186447,56,192383
2631,0.006267,172.31.46.0-255,66,186513,56,192383
2632,0.006287,74.125.200.0-255,1484,187997,56,192383
2633,0.008355,74.125.200.0-255,4320,192317,56,192383
2634,0.008359,172.31.46.0-255,66,192383,56,192383
2635,0.0,172.217.27.0-255,152,152,56,137245
2636,2.3e-05,172.31.46.0-255,66,218,56,137245
2637,3.1e-05,172.217.27.0-255,1484,1702,56,137245
2638,3.5e-05,172.31.46.0-255,66,1768,56,137245
2639,4.1e-05,172.217.27.0-255,2902,4670,56,137245
2640,4.4e-05,172.31.46.0-255,66,4736,56,137245
2641,5.6e-05,172.217.27.0-255,2902,7638,56,137245
2642,5.8e-05,172.31.46.0-255,66,7704,56,137245
2643,6.4e-05,172.217.27.0-255,4320,12024,56,137245
2644,6.8e-05,172.31.46.0-255,66,12090,56,137245
2645,9.8e-05,172.217.27.0-255,2003,14093,56,137245
2646,0.000101,172.31.46.0-255,66,14159,56,137245
2647,0.000128,172.217.27.0-255,1484,15643,56,137245
2648,0.00013,172.31.46.0-255,66,15709,56,137245
2649,0.000156,172.217.27.0-255,1484,17193,56,137245
2650,0.000158,172.31.46.0-255,66,17259,56,137245
2651,0.000166,172.217.27.0-255,7156,24415,56,137245
2652,0.000169,172.31.46.0-255,66,24481,56,137245
2653,0.000202,172.217.27.0-255,6797,31278,56,137245
2654,0.000204,172.31.46.0-255,66,31344,56,137245
2655,0.000412,172.217.27.0-255,1484,32828,56,137245
2656,0.000417,172.31.46.0-255,66,32894,56,137245
2657,0.000423,172.217.27.0-255,2902,35796,56,137245
2658,0.000426,172.31.46.0-255,66,35862,56,137245
2659,0.000435,172.217.27.0-255,2902,38764,56,137245
2660,0.000437,172.31.46.0-255,66,38830,56,137245
2661,0.000466,172.217.27.0-255,2902,41732,56,137245
2662,0.000468,172.31.46.0-255,66,41798,56,137245
2663,0.000474,172.217.27.0-255,4320,46118,56,137245
2664,0.000477,172.31.46.0-255,66,46184,56,137245
2665,0.000562,172.31.46.0-255,66,46250,56,137245
2666,0.000584,172.217.27.0-255,1125,47375,56,137245
2667,0.000598,172.31.46.0-255,66,47441,56,137245
2668,0.000601,172.217.27.0-255,394,47835,56,137245
2669,0.000891,172.217.27.0-255,348,48183,56,137245
2670,0.001048,172.217.27.0-255,1484,49667,56,137245
2671,0.001052,172.31.46.0-255,66,49733,56,137245
2672,0.001058,172.217.27.0-255,2902,52635,56,137245
2673,0.00106,172.31.46.0-255,66,52701,56,137245
2674,0.001069,172.217.27.0-255,2902,55603,56,137245
2675,0.001071,172.31.46.0-255,66,55669,56,137245
2676,0.001098,172.217.27.0-255,1484,57153,56,137245
2677,0.001105,172.217.27.0-255,5738,62891,56,137245
2678,0.001107,172.31.46.0-255,66,62957,56,137245
2679,0.001119,172.31.46.0-255,66,63023,56,137245
2680,0.00115,172.217.27.0-255,2543,65566,56,137245
2681,0.001152,172.31.46.0-255,66,65632,56,137245
2682,0.00116,172.217.27.0-255,6797,72429,56,137245
2683,0.001162,172.31.46.0-255,66,72495,56,137245
2684,0.001331,172.217.27.0-255,1484,73979,56,137245
2685,0.001372,172.217.27.0-255,1484,75463,56,137245
2686,0.001375,172.31.46.0-255,66,75529,56,137245
2687,0.001381,172.217.27.0-255,2902,78431,56,137245
2688,0.001382,172.31.46.0-255,66,78497,56,137245
2689,0.001411,172.217.27.0-255,5738,84235,56,137245
2690,0.001413,172.31.46.0-255,66,84301,56,137245
2691,0.001418,172.217.27.0-255,2902,87203,56,137245
2692,0.00142,172.31.46.0-255,66,87269,56,137245
2693,0.001461,172.31.46.0-255,66,87335,56,137245
2694,0.001471,172.31.46.0-255,66,87401,56,137245
2695,0.001478,172.217.27.0-255,766,88167,56,137245
2696,0.001531,172.217.27.0-255,1484,89651,56,137245
2697,0.001534,172.31.46.0-255,66,89717,56,137245
2698,0.001539,172.217.27.0-255,2902,92619,56,137245
2699,0.001541,172.31.46.0-255,66,92685,56,137245
2700,0.001574,172.217.27.0-255,5738,98423,56,137245
2701,0.001577,172.31.46.0-255,66,98489,56,137245
2702,0.001591,172.31.46.0-255,66,98555,56,137245
2703,0.001596,172.217.27.0-255,4320,102875,56,137245
2704,0.001598,172.31.46.0-255,66,102941,56,137245
2705,0.001625,172.217.27.0-255,4320,107261,56,137245
2706,0.001628,172.31.46.0-255,66,107327,56,137245
2707,0.001632,172.217.27.0-255,2184,109511,56,137245
2708,0.001635,172.31.46.0-255,66,109577,56,137245
2709,0.00325,172.217.27.0-255,4320,113897,56,137245
2710,0.003257,172.31.46.0-255,66,113963,56,137245
2711,0.003283,172.217.27.0-255,1484,115447,56,137245
2712,0.004885,172.217.27.0-255,4320,119767,56,137245
2713,0.004889,172.31.46.0-255,66,119833,56,137245
2714,0.006518,172.217.27.0-255,5738,125571,56,137245
2715,0.006521,172.31.46.0-255,66,125637,56,137245
2716,0.008155,172.217.27.0-255,5738,131375,56,137245
2717,0.008163,172.31.46.0-255,66,131441,56,137245
2718,0.009805,172.217.27.0-255,5738,137179,56,137245
2719,0.009812,172.31.46.0-255,66,137245,56,137245
2720,0.0,216.58.221.0-255,146,146,56,149835
2721,2e-05,172.31.46.0-255,66,212,56,149835
2722,2.6e-05,216.58.221.0-255,1484,1696,56,149835
2723,3e-05,172.31.46.0-255,66,1762,56,149835
2724,4.2e-05,216.58.221.0-255,2902,4664,56,149835
2725,4.4e-05,172.31.46.0-255,66,4730,56,149835
2726,5.2e-05,216.58.221.0-255,7156,11886,56,149835
2727,5.4e-05,172.31.46.0-255,66,11952,56,149835
2728,5.8e-05,216.58.221.0-255,2102,14054,56,149835
2729,6.1e-05,172.31.46.0-255,66,14120,56,149835
2730,6.7e-05,216.58.221.0-255,2902,17022,56,149835
2731,7e-05,172.31.46.0-255,66,17088,56,149835
2732,9.1e-05,216.58.221.0-255,7156,24244,56,149835
2733,9.7e-05,172.31.46.0-255,66,24310,56,149835
2734,0.000124,216.58.221.0-255,6797,31107,56,149835
2735,0.000126,172.31.46.0-255,66,31173,56,149835
2736,0.000325,216.58.221.0-255,1484,32657,56,149835
2737,0.00033,172.31.46.0-255,66,32723,56,149835
2738,0.000334,216.58.221.0-255,1484,34207,56,149835
2739,0.000336,172.31.46.0-255,66,34273,56,149835
2740,0.000364,216.58.221.0-255,1484,35757,56,149835
2741,0.000366,172.31.46.0-255,66,35823,56,149835
2742,0.000373,216.58.221.0-255,5738,41561,56,149835
2743,0.000375,172.31.46.0-255,66,41627,56,149835
2744,0.000385,216.58.221.0-255,6797,48424,56,149835
2745,0.000387,172.31.46.0-255,66,48490,56,149835
2746,0.000536,216.58.221.0-255,1484,49974,56,149835
2747,0.000539,172.31.46.0-255,66,50040,56,149835
2748,0.000544,216.58.221.0-255,2902,52942,56,149835
2749,0.000546,172.31.46.0-255,66,53008,56,149835
2750,0.000563,216.58.221.0-255,2902,55910,56,149835
2751,0.000566,172.31.46.0-255,66,55976,56,149835
2752,0.00057,216.58.221.0-255,4320,60296,56,149835
2753,0.000575,172.31.46.0-255,66,60362,56,149835
2754,0.00062,216.58.221.0-255,5702,66064,56,149835
2755,0.000623,172.31.46.0-255,66,66130,56,149835
2756,0.001186,216.58.221.0-255,117,66247,56,149835
2757,0.001191,172.31.46.0-255,66,66313,56,149835
2758,0.001368,216.58.221.0-255,1484,67797,56,149835
2759,0.001373,172.31.46.0-255,66,67863,56,149835
2760,0.001379,216.58.221.0-255,2902,70765,56,149835
2761,0.001381,172.31.46.0-255,66,70831,56,149835
2762,0.001409,216.58.221.0-255,5738,76569,56,149835
2763,0.001412,172.31.46.0-255,66,76635,56,149835
2764,0.001441,172.31.46.0-255,66,76701,56,149835
2765,0.001454,216.58.221.0-255,2543,79244,56,149835
2766,0.001459,172.31.46.0-255,66,79310,56,149835
2767,0.001466,216.58.221.0-255,7156,86466,56,149835
2768,0.001467,172.31.46.0-255,66,86532,56,149835
2769,0.001484,216.58.221.0-255,2543,89075,56,149835
2770,0.001486,172.31.46.0-255,66,89141,56,149835
2771,0.001536,216.58.221.0-255,1484,90625,56,149835
2772,0.001538,172.31.46.0-255,66,90691,56,149835
2773,0.001542,216.58.221.0-255,1484,92175,56,149835
2774,0.001544,172.31.46.0-255,66,92241,56,149835
2775,0.001577,216.58.221.0-255,1484,93725,56,149835
2776,0.001579,172.31.46.0-255,66,93791,56,149835
2777,0.001585,216.58.221.0-255,5738,99529,56,149835
2778,0.001587,172.31.46.0-255,66,99595,56,149835
2779,0.001602,172.31.46.0-255,66,99661,56,149835
2780,0.001631,216.58.221.0-255,1484,101145,56,149835
2781,0.001633,172.31.46.0-255,66,101211,56,149835
2782,0.001643,172.31.46.0-255,66,101277,56,149835
2783,0.001668,216.58.221.0-255,2184,103461,56,149835
2784,0.00167,172.31.46.0-255,66,103527,56,149835
2785,0.001673,216.58.221.0-255,1484,105011,56,149835
2786,0.001675,172.31.46.0-255,66,105077,56,149835
2787,0.001709,216.58.221.0-255,1484,106561,56,149835
2788,0.001712,172.31.46.0-255,66,106627,56,149835
2789,0.001719,216.58.221.0-255,7156,113783,56,149835
2790,0.001721,172.31.46.0-255,66,113849,56,149835
2791,0.001729,216.58.221.0-255,4320,118169,56,149835
2792,0.001732,172.31.46.0-255,66,118235,56,149835
2793,0.001736,216.58.221.0-255,4320,122555,56,149835
2794,0.001738,172.31.46.0-255,66,122621,56,149835
2795,0.001766,216.58.221.0-255,1484,124105,56,149835
2796,0.001768,172.31.46.0-255,66,124171,56,149835
2797,0.001784,172.31.46.0-255,66,124237,56,149835
2798,0.001787,216.58.221.0-255,2184,126421,56,149835
2799,0.001789,172.31.46.0-255,66,126487,56,149835
2800,0.00374,216.58.221.0-255,4320,130807,56,149835
2801,0.003747,172.31.46.0-255,66,130873,56,149835
2802,0.003774,216.58.221.0-255,1484,132357,56,149835
2803,0.003776,172.31.46.0-255,66,132423,56,149835
2804,0.005737,216.58.221.0-255,5738,138161,56,149835
2805,0.005745,172.31.46.0-255,66,138227,56,149835
2806,0.007717,216.58.221.0-255,5738,143965,56,149835
2807,0.007722,172.31.46.0-255,66,144031,56,149835
2808,0.009691,216.58.221.0-255,5738,149769,56,149835
2809,0.009715,172.31.46.0-255,66,149835,56,149835
2810,0.0,172.217.194.0-255,152,152,56,139528
2811,1.8e-05,172.31.46.0-255,66,218,56,139528
2812,2.4e-05,172.217.194.0-255,1484,1702,56,139528
2813,2.8e-05,172.31.46.0-255,66,1768,56,139528
2814,4.1e-05,172.217.194.0-255,2902,4670,56,139528
2815,4.5e-05,172.31.46.0-255,66,4736,56,139528
2816,5.1e-05,172.217.194.0-255,5738,10474,56,139528
2817,5.4e-05,172.31.46.0-255,66,10540,56,139528
2818,9.6e-05,172.217.194.0-255,3469,14009,56,139528
2819,9.9e-05,172.31.46.0-255,66,14075,56,139528
2820,0.000128,172.217.194.0-255,4320,18395,56,139528
2821,0.000131,172.31.46.0-255,66,18461,56,139528
2822,0.000141,172.31.46.0-255,66,18527,56,139528
2823,0.000162,172.217.194.0-255,1484,20011,56,139528
2824,0.000164,172.31.46.0-255,66,20077,56,139528
2825,0.000168,172.217.194.0-255,2543,22620,56,139528
2826,0.00017,172.31.46.0-255,66,22686,56,139528
2827,0.000205,172.217.194.0-255,2902,25588,56,139528
2828,0.000208,172.31.46.0-255,66,25654,56,139528
2829,0.000242,172.31.46.0-255,66,25720,56,139528
2830,0.000246,172.217.194.0-255,2543,28263,56,139528
2831,0.000248,172.31.46.0-255,66,28329,56,139528
2832,0.001115,172.217.194.0-255,1484,29813,56,139528
2833,0.001121,172.31.46.0-255,66,29879,56,139528
2834,0.001128,172.217.194.0-255,2902,32781,56,139528
2835,0.00113,172.31.46.0-255,66,32847,56,139528
2836,0.001141,172.217.194.0-255,5738,38585,56,139528
2837,0.001143,172.31.46.0-255,66,38651,56,139528
2838,0.001177,172.217.194.0-255,6797,45448,56,139528
2839,0.001179,172.31.46.0-255,66,45514,56,139528
2840,0.001205,172.217.194.0-255,7156,52670,56,139528
2841,0.001208,172.217.194.0-255,1484,54154,56,139528
2842,0.001211,172.31.46.0-255,66,54220,56,139528
2843,0.001235,172.217.194.0-255,4320,58540,56,139528
2844,0.001238,172.31.46.0-255,66,58606,56,139528
2845,0.001271,172.217.194.0-255,7156,65762,56,139528
2846,0.001275,172.31.46.0-255,66,65828,56,139528
2847,0.001293,172.217.194.0-255,6797,72625,56,139528
2848,0.001295,172.31.46.0-255,66,72691,56,139528
2849,0.001319,172.217.194.0-255,2902,75593,56,139528
2850,0.001321,172.31.46.0-255,66,75659,56,139528
2851,0.001349,172.217.194.0-255,4544,80203,56,139528
2852,0.001352,172.31.46.0-255,66,80269,56,139528
2853,0.001565,172.217.194.0-255,1484,81753,56,139528
2854,0.00157,172.217.194.0-255,1484,83237,56,139528
2855,0.001572,172.31.46.0-255,66,83303,56,139528
2856,0.001605,172.217.194.0-255,1484,84787,56,139528
2857,0.001612,172.217.194.0-255,5738,90525,56,139528
2858,0.001614,172.31.46.0-255,66,90591,56,139528
2859,0.001622,172.217.194.0-255,6231,96822,56,139528
2860,0.001624,172.31.46.0-255,66,96888,56,139528
2861,0.001788,172.217.194.0-255,1484,98372,56,139528
2862,0.001794,172.217.194.0-255,2902,101274,56,139528
2863,0.001797,172.31.46.0-255,66,101340,56,139528
2864,0.001804,172.217.194.0-255,4320,105660,56,139528
2865,0.001805,172.31.46.0-255,66,105726,56,139528
2866,0.001835,172.217.194.0-255,1484,107210,56,139528
2867,0.001847,172.31.46.0-255,66,107276,56,139528
2868,0.001882,172.217.194.0-255,4320,111596,56,139528
2869,0.001884,172.31.46.0-255,66,111662,56,139528
2870,0.001921,172.31.46.0-255,66,111728,56,139528
2871,0.002191,172.217.194.0-255,1484,113212,56,139528
2872,0.002197,172.217.194.0-255,2902,116114,56,139528
2873,0.002201,172.31.46.0-255,66,116180,56,139528
2874,0.002235,172.217.194.0-255,5738,121918,56,139528
2875,0.002238,172.31.46.0-255,66,121984,56,139528
2876,0.002255,172.31.46.0-255,66,122050,56,139528
2877,0.002314,172.31.46.0-255,66,122116,56,139528
2878,0.004653,172.217.194.0-255,5738,127854,56,139528
2879,0.004659,172.31.46.0-255,66,127920,56,139528
2880,0.006989,172.217.194.0-255,5738,133658,56,139528
2881,0.006994,172.31.46.0-255,66,133724,56,139528
2882,0.009335,172.217.194.0-255,5738,139462,56,139528
2883,0.009342,172.31.46.0-255,66,139528,56,139528
2884,0.0,172.217.194.0-255,156,156,56,224388
2885,2.7e-05,172.31.46.0-255,66,222,56,224388
2886,3.5e-05,172.217.194.0-255,1484,1706,56,224388
2887,3.9e-05,172.31.46.0-255,66,1772,56,224388
2888,4.5e-05,172.217.194.0-255,2902,4674,56,224388
2889,5.6e-05,172.31.46.0-255,66,4740,56,224388
2890,6.5e-05,172.217.194.0-255,7156,11896,56,224388
2891,6.8e-05,172.31.46.0-255,66,11962,56,224388
2892,7.2e-05,172.217.194.0-255,2107,14069,56,224388
2893,7.6e-05,172.31.46.0-255,66,14135,56,224388
2894,0.000156,172.217.194.0-255,1484,15619,56,224388
2895,0.000159,172.31.46.0-255,66,15685,56,224388
2896,0.000165,172.217.194.0-255,2902,18587,56,224388
2897,0.000168,172.31.46.0-255,66,18653,56,224388
2898,0.000187,172.217.194.0-255,5738,24391,56,224388
2899,0.000194,172.31.46.0-255,66,24457,56,224388
2900,0.000222,172.217.194.0-255,4320,28777,56,224388
2901,0.000224,172.31.46.0-255,66,28843,56,224388
2902,0.000241,172.217.194.0-255,2543,31386,56,224388
2903,0.000243,172.31.46.0-255,66,31452,56,224388
2904,0.000447,172.217.194.0-255,1484,32936,56,224388
2905,0.000452,172.31.46.0-255,66,33002,56,224388
2906,0.000458,172.217.194.0-255,2902,35904,56,224388
2907,0.000461,172.31.46.0-255,66,35970,56,224388
2908,0.000492,172.217.194.0-255,5738,41708,56,224388
2909,0.000495,172.31.46.0-255,66,41774,56,224388
2910,0.0005,172.217.194.0-255,4320,46094,56,224388
2911,0.000503,172.31.46.0-255,66,46160,56,224388
2912,0.000546,172.217.194.0-255,2543,48703,56,224388
2913,0.000548,172.31.46.0-255,66,48769,56,224388
2914,0.000574,172.217.194.0-255,2902,51671,56,224388
2915,0.000576,172.31.46.0-255,66,51737,56,224388
2916,0.000582,172.217.194.0-255,4320,56057,56,224388
2917,0.000585,172.31.46.0-255,66,56123,56,224388
2918,0.00062,172.31.46.0-255,66,56189,56,224388
2919,0.000623,172.217.194.0-255,1125,57314,56,224388
2920,0.000816,172.217.194.0-255,646,57960,56,224388
2921,0.000821,172.31.46.0-255,66,58026,56,224388
2922,0.000935,172.217.194.0-255,1484,59510,56,224388
2923,0.000956,172.217.194.0-255,2902,62412,56,224388
2924,0.000959,172.31.46.0-255,66,62478,56,224388
2925,0.000966,172.217.194.0-255,5738,68216,56,224388
2926,0.000968,172.31.46.0-255,66,68282,56,224388
2927,0.000979,172.217.194.0-255,4320,72602,56,224388
2928,0.000981,172.31.46.0-255,66,72668,56,224388
2929,0.001027,172.31.46.0-255,66,72734,56,224388
2930,0.00104,172.31.46.0-255,66,72800,56,224388
2931,0.001042,172.217.194.0-255,766,73566,56,224388
2932,0.001433,172.217.194.0-255,1484,75050,56,224388
2933,0.001438,172.31.46.0-255,66,75116,56,224388
2934,0.001444,172.217.194.0-255,2902,78018,56,224388
2935,0.001446,172.31.46.0-255,66,78084,56,224388
2936,0.001458,172.217.194.0-255,5738,83822,56,224388
2937,0.00146,172.31.46.0-255,66,83888,56,224388
2938,0.001463,172.217.194.0-255,1484,85372,56,224388
2939,0.001506,172.31.46.0-255,66,85438,56,224388
2940,0.001519,172.31.46.0-255,66,85504,56,224388
2941,0.001559,172.217.194.0-255,2902,88406,56,224388
2942,0.001562,172.31.46.0-255,66,88472,56,224388
2943,0.001568,172.217.194.0-255,4320,92792,56,224388
2944,0.001569,172.31.46.0-255,66,92858,56,224388
2945,0.001577,172.217.194.0-255,7156,100014,56,224388
2946,0.001579,172.31.46.0-255,66,100080,56,224388
2947,0.001601,172.217.194.0-255,1484,101564,56,224388
2948,0.001607,172.217.194.0-255,4320,105884,56,224388
2949,0.00161,172.31.46.0-255,66,105950,56,224388
2950,0.001654,172.31.46.0-255,66,106016,56,224388
2951,0.001657,172.217.194.0-255,1484,107500,56,224388
2952,0.001661,172.217.194.0-255,2902,110402,56,224388
2953,0.001664,172.31.46.0-255,66,110468,56,224388
2954,0.001666,172.217.194.0-255,1484,111952,56,224388
2955,0.001693,172.217.194.0-255,4320,116272,56,224388
2956,0.001696,172.31.46.0-255,66,116338,56,224388
2957,0.00171,172.31.46.0-255,66,116404,56,224388
2958,0.001715,172.217.194.0-255,4320,120724,56,224388
2959,0.001718,172.31.46.0-255,66,120790,56,224388
2960,0.001743,172.217.194.0-255,4320,125110,56,224388
2961,0.001746,172.31.46.0-255,66,125176,56,224388
2962,0.001751,172.217.194.0-255,3602,128778,56,224388
2963,0.001754,172.31.46.0-255,66,128844,56,224388
2964,0.001757,172.217.194.0-255,1484,130328,56,224388
2965,0.001785,172.217.194.0-255,2902,133230,56,224388
2966,0.001788,172.31.46.0-255,66,133296,56,224388
2967,0.0018,172.31.46.0-255,66,133362,56,224388
2968,0.00185,172.31.46.0-255,66,133428,56,224388
2969,0.001854,172.217.194.0-255,2184,135612,56,224388
2970,0.001856,172.31.46.0-255,66,135678,56,224388
2971,0.002054,172.217.194.0-255,1484,137162,56,224388
2972,0.002061,172.217.194.0-255,2902,140064,56,224388
2973,0.002064,172.31.46.0-255,66,140130,56,224388
2974,0.002068,172.217.194.0-255,1484,141614,56,224388
2975,0.002091,172.217.194.0-255,2902,144516,56,224388
2976,0.002094,172.31.46.0-255,66,144582,56,224388
2977,0.002099,172.217.194.0-255,2902,147484,56,224388
2978,0.002101,172.31.46.0-255,66,147550,56,224388
2979,0.002131,172.217.194.0-255,5738,153288,56,224388
2980,0.002134,172.31.46.0-255,66,153354,56,224388
2981,0.002156,172.31.46.0-255,66,153420,56,224388
2982,0.002168,172.31.46.0-255,66,153486,56,224388
2983,0.002216,172.31.46.0-255,66,153552,56,224388
2984,0.002227,172.31.46.0-255,66,153618,56,224388
2985,0.002234,172.217.194.0-255,6438,160056,56,224388
2986,0.002237,172.31.46.0-255,66,160122,56,224388
2987,0.002469,172.217.194.0-255,1484,161606,56,224388
2988,0.002485,172.217.194.0-255,2902,164508,56,224388
2989,0.002489,172.31.46.0-255,66,164574,56,224388
2990,0.002492,172.217.194.0-255,1484,166058,56,224388
2991,0.002511,172.217.194.0-255,4320,170378,56,224388
2992,0.002513,172.217.194.0-255,1484,171862,56,224388
2993,0.002517,172.31.46.0-255,66,171928,56,224388
2994,0.002527,172.217.194.0-255,2902,174830,56,224388
2995,0.00253,172.31.46.0-255,66,174896,56,224388
2996,0.002563,172.31.46.0-255,66,174962,56,224388
2997,0.00257,172.217.194.0-255,5738,180700,56,224388
2998,0.002571,172.31.46.0-255,66,180766,56,224388
2999,0.002577,172.217.194.0-255,5020,185786,56,224388
3000,0.002579,172.31.46.0-255,66,185852,56,224388
3001,0.002655,172.217.194.0-255,1484,187336,56,224388
3002,0.002673,172.217.194.0-255,2902,190238,56,224388
3003,0.002677,172.31.46.0-255,66,190304,56,224388
3004,0.002704,172.217.194.0-255,4320,194624,56,224388
3005,0.002706,172.31.46.0-255,66,194690,56,224388
3006,0.002739,172.31.46.0-255,66,194756,56,224388
3007,0.002754,172.31.46.0-255,66,194822,56,224388
3008,0.002781,172.217.194.0-255,1484,196306,56,224388
3009,0.002789,172.217.194.0-255,6438,202744,56,224388
3010,0.002792,172.31.46.0-255,66,202810,56,224388
3011,0.002798,172.217.194.0-255,4320,207130,56,224388
3012,0.002801,172.31.46.0-255,78,207208,56,224388
3013,0.002814,172.31.46.0-255,66,207274,56,224388
3014,0.002826,172.31.46.0-255,66,207340,56,224388
3015,0.002829,172.217.194.0-255,1484,208824,56,224388
3016,0.002835,172.217.194.0-255,5020,213844,56,224388
3017,0.002838,172.31.46.0-255,66,213910,56,224388
3018,0.002889,172.217.194.0-255,5738,219648,56,224388
3019,0.002893,172.31.46.0-255,66,219714,56,224388
3020,0.002926,172.31.46.0-255,66,219780,56,224388
3021,0.002929,172.217.194.0-255,105,219885,56,224388
3022,0.005138,172.217.194.0-255,4320,224205,56,224388
3023,0.005151,172.31.46.0-255,78,224283,56,224388
3024,0.009411,172.31.46.0-255,105,224388,56,224388
3025,0.0,74.125.24.0-255,149,149,56,161349
3026,3.4e-05,172.31.46.0-255,66,215,56,161349
3027,4.1e-05,74.125.24.0-255,1484,1699,56,161349
3028,4.6e-05,172.31.46.0-255,66,1765,56,161349
3029,5.8e-05,74.125.24.0-255,2902,4667,56,161349
3030,6.1e-05,172.31.46.0-255,66,4733,56,161349
3031,6.8e-05,74.125.24.0-255,7156,11889,56,161349
3032,7.2e-05,172.31.46.0-255,66,11955,56,161349
3033,8.9e-05,172.31.46.0-255,66,12021,56,161349
3034,9.3e-05,74.125.24.0-255,2543,14564,56,161349
3035,9.5e-05,172.31.46.0-255,66,14630,56,161349
3036,0.00014,74.125.24.0-255,1484,16114,56,161349
3037,0.000142,172.31.46.0-255,66,16180,56,161349
3038,0.000157,74.125.24.0-255,2902,19082,56,161349
3039,0.000165,172.31.46.0-255,66,19148,56,161349
3040,0.000171,74.125.24.0-255,5738,24886,56,161349
3041,0.000173,172.31.46.0-255,66,24952,56,161349
3042,0.000238,172.31.46.0-255,66,25018,56,161349
3043,0.000258,172.31.46.0-255,66,25084,56,161349
3044,0.000283,74.125.24.0-255,375,25459,56,161349
3045,0.000286,172.31.46.0-255,66,25525,56,161349
3046,0.000522,74.125.24.0-255,1484,27009,56,161349
3047,0.000528,172.31.46.0-255,66,27075,56,161349
3048,0.000533,74.125.24.0-255,2902,29977,56,161349
3049,0.000535,172.31.46.0-255,66,30043,56,161349
3050,0.00054,74.125.24.0-255,2902,32945,56,161349
3051,0.000548,172.31.46.0-255,66,33011,56,161349
3052,0.00058,74.125.24.0-255,2902,35913,56,161349
3053,0.000583,172.31.46.0-255,66,35979,56,161349
3054,0.000597,172.31.46.0-255,66,36045,56,161349
3055,0.000619,172.31.46.0-255,66,36111,56,161349
3056,0.000956,74.125.24.0-255,1484,37595,56,161349
3057,0.000962,74.125.24.0-255,2902,40497,56,161349
3058,0.000967,172.31.46.0-255,66,40563,56,161349
3059,0.000968,74.125.24.0-255,5738,46301,56,161349
3060,0.000971,172.31.46.0-255,66,46367,56,161349
3061,0.00098,172.31.46.0-255,66,46433,56,161349
3062,0.001028,172.31.46.0-255,66,46499,56,161349
3063,0.00111,74.125.24.0-255,1484,47983,56,161349
3064,0.001115,74.125.24.0-255,2902,50885,56,161349
3065,0.001118,172.31.46.0-255,66,50951,56,161349
3066,0.001121,74.125.24.0-255,1484,52435,56,161349
3067,0.001153,74.125.24.0-255,4320,56755,56,161349
3068,0.001156,172.31.46.0-255,66,56821,56,161349
3069,0.001169,172.31.46.0-255,66,56887,56,161349
3070,0.001183,74.125.24.0-255,7156,64043,56,161349
3071,0.001186,172.31.46.0-255,66,64109,56,161349
3072,0.001218,74.125.24.0-255,3602,67711,56,161349
3073,0.001222,172.31.46.0-255,66,67777,56,161349
3074,0.001227,74.125.24.0-255,4320,72097,56,161349
3075,0.001228,172.31.46.0-255,66,72163,56,161349
3076,0.001268,172.31.46.0-255,66,72229,56,161349
3077,0.001276,74.125.24.0-255,7156,79385,56,161349
3078,0.001278,172.31.46.0-255,66,79451,56,161349
3079,0.001285,74.125.24.0-255,7156,86607,56,161349
3080,0.001288,172.31.46.0-255,66,86673,56,161349
3081,0.001318,74.125.24.0-255,1484,88157,56,161349
3082,0.001324,74.125.24.0-255,3602,91759,56,161349
3083,0.001327,172.31.46.0-255,66,91825,56,161349
3084,0.001495,74.125.24.0-255,1484,93309,56,161349
3085,0.001501,74.125.24.0-255,2902,96211,56,161349
3086,0.001504,172.31.46.0-255,66,96277,56,161349
3087,0.001507,74.125.24.0-255,1484,97761,56,161349
3088,0.001534,74.125.24.0-255,4320,102081,56,161349
3089,0.001537,172.31.46.0-255,66,102147,56,161349
3090,0.001543,74.125.24.0-255,5738,107885,56,161349
3091,0.001546,172.31.46.0-255,66,107951,56,161349
3092,0.001575,74.125.24.0-255,7156,115107,56,161349
3093,0.001579,172.31.46.0-255,66,115173,56,161349
3094,0.001587,172.31.46.0-255,66,115239,56,161349
3095,0.001827,74.125.24.0-255,1484,116723,56,161349
3096,0.001833,74.125.24.0-255,2902,119625,56,161349
3097,0.001836,172.31.46.0-255,66,119691,56,161349
3098,0.001842,74.125.24.0-255,5738,125429,56,161349
3099,0.001844,172.31.46.0-255,66,125495,56,161349
3100,0.001891,172.31.46.0-255,66,125561,56,161349
3101,0.001898,74.125.24.0-255,7156,132717,56,161349
3102,0.0019,172.31.46.0-255,66,132783,56,161349
3103,0.001926,74.125.24.0-255,1484,134267,56,161349
3104,0.001975,172.31.46.0-255,66,134333,56,161349
3105,0.001996,172.31.46.0-255,66,134399,56,161349
3106,0.002014,74.125.24.0-255,3602,138001,56,161349
3107,0.002017,172.31.46.0-255,66,138067,56,161349
3108,0.003948,74.125.24.0-255,1484,139551,56,161349
3109,0.003974,74.125.24.0-255,4320,143871,56,161349
3110,0.003979,172.31.46.0-255,66,143937,56,161349
3111,0.005933,74.125.24.0-255,5738,149675,56,161349
3112,0.005939,172.31.46.0-255,66,149741,56,161349
3113,0.007902,74.125.24.0-255,5738,155479,56,161349
3114,0.007908,172.31.46.0-255,66,155545,56,161349
3115,0.009844,74.125.24.0-255,5738,161283,56,161349
3116,0.009854,172.31.46.0-255,66,161349,56,161349
3117,0.0,74.125.130.0-255,149,149,56,283487
3118,1.9e-05,172.31.46.0-255,66,215,56,283487
3119,2.6e-05,74.125.130.0-255,1484,1699,56,283487
3120,3e-05,172.31.46.0-255,66,1765,56,283487
3121,3.6e-05,74.125.130.0-255,2902,4667,56,283487
3122,4.1e-05,172.31.46.0-255,66,4733,56,283487
3123,4.8e-05,74.125.130.0-255,7156,11889,56,283487
3124,5.1e-05,172.31.46.0-255,66,11955,56,283487
3125,8e-05,74.125.130.0-255,1937,13892,56,283487
3126,8.3e-05,172.31.46.0-255,66,13958,56,283487
3127,8.9e-05,74.125.130.0-255,2902,16860,56,283487
3128,9.2e-05,172.31.46.0-255,66,16926,56,283487
3129,0.0001,74.125.130.0-255,7156,24082,56,283487
3130,0.000104,172.31.46.0-255,66,24148,56,283487
3131,0.000109,74.125.130.0-255,4320,28468,56,283487
3132,0.000111,172.31.46.0-255,66,28534,56,283487
3133,0.000134,74.125.130.0-255,7156,35690,56,283487
3134,0.000137,172.31.46.0-255,66,35756,56,283487
3135,0.000151,172.31.46.0-255,66,35822,56,283487
3136,0.000194,74.125.130.0-255,1484,37306,56,283487
3137,0.000197,172.31.46.0-255,66,37372,56,283487
3138,0.000212,74.125.130.0-255,2902,40274,56,283487
3139,0.000217,74.125.130.0-255,4320,44594,56,283487
3140,0.000222,172.31.46.0-255,66,44660,56,283487
3141,0.000225,172.31.46.0-255,66,44726,56,283487
3142,0.000293,74.125.130.0-255,7156,51882,56,283487
3143,0.000297,172.31.46.0-255,66,51948,56,283487
3144,0.000307,74.125.130.0-255,1414,53362,56,283487
3145,0.00031,172.31.46.0-255,66,53428,56,283487
3146,0.000313,74.125.130.0-255,102,53530,56,283487
3147,0.000316,172.31.46.0-255,66,53596,56,283487
3148,0.000355,74.125.130.0-255,1484,55080,56,283487
3149,0.000375,74.125.130.0-255,2902,57982,56,283487
3150,0.000424,74.125.130.0-255,5738,63720,56,283487
3151,0.000429,74.125.130.0-255,2902,66622,56,283487
3152,0.000554,172.31.46.0-255,66,66688,56,283487
3153,0.000705,74.125.130.0-255,1484,68172,56,283487
3154,0.000711,74.125.130.0-255,2902,71074,56,283487
3155,0.00072,172.31.46.0-255,66,71140,56,283487
3156,0.000736,74.125.130.0-255,5738,76878,56,283487
3157,0.00074,74.125.130.0-255,1484,78362,56,283487
3158,0.000755,74.125.130.0-255,5738,84100,56,283487
3159,0.000765,172.31.46.0-255,66,84166,56,283487
3160,0.000781,74.125.130.0-255,5738,89904,56,283487
3161,0.000817,74.125.130.0-255,4320,94224,56,283487
3162,0.000832,74.125.130.0-255,5738,99962,56,283487
3163,0.000835,74.125.130.0-255,766,100728,56,283487
3164,0.000838,74.125.130.0-255,1484,102212,56,283487
3165,0.000858,74.125.130.0-255,4320,106532,56,283487
3166,0.000863,74.125.130.0-255,4320,110852,56,283487
3167,0.000868,74.125.130.0-255,2902,113754,56,283487
3168,0.000881,74.125.130.0-255,2902,116656,56,283487
3169,0.000886,172.31.46.0-255,66,116722,56,283487
3170,0.000891,172.31.46.0-255,66,116788,56,283487
3171,0.000922,74.125.130.0-255,6438,123226,56,283487
3172,0.000937,172.31.46.0-255,66,123292,56,283487
3173,0.001057,74.125.130.0-255,1484,124776,56,283487
3174,0.001061,74.125.130.0-255,1484,126260,56,283487
3175,0.001073,74.125.130.0-255,1484,127744,56,283487
3176,0.001077,74.125.130.0-255,2902,130646,56,283487
3177,0.00108,172.31.46.0-255,66,130712,56,283487
3178,0.001085,172.31.46.0-255,66,130778,56,283487
3179,0.0011,74.125.130.0-255,2902,133680,56,283487
3180,0.001107,74.125.130.0-255,4320,138000,56,283487
3181,0.001119,172.31.46.0-255,66,138066,56,283487
3182,0.00114,74.125.130.0-255,7156,145222,56,283487
3183,0.001146,172.31.46.0-255,66,145288,56,283487
3184,0.00116,74.125.130.0-255,2902,148190,56,283487
3185,0.001163,74.125.130.0-255,766,148956,56,283487
3186,0.001185,74.125.130.0-255,1484,150440,56,283487
3187,0.00119,74.125.130.0-255,2902,153342,56,283487
3188,0.001203,74.125.130.0-255,1484,154826,56,283487
3189,0.001219,74.125.130.0-255,7156,161982,56,283487
3190,0.001225,172.31.46.0-255,66,162048,56,283487
3191,0.001243,74.125.130.0-255,1484,163532,56,283487
3192,0.001273,172.31.46.0-255,66,163598,56,283487
3193,0.001279,74.125.130.0-255,4320,167918,56,283487
3194,0.001284,172.31.46.0-255,66,167984,56,283487
3195,0.001294,74.125.130.0-255,5020,173004,56,283487
3196,0.001317,172.31.46.0-255,66,173070,56,283487
3197,0.001586,74.125.130.0-255,1484,174554,56,283487
3198,0.001593,74.125.130.0-255,2902,177456,56,283487
3199,0.00161,74.125.130.0-255,4320,181776,56,283487
3200,0.001614,172.31.46.0-255,66,181842,56,283487
3201,0.001619,172.31.46.0-255,66,181908,56,283487
3202,0.001631,74.125.130.0-255,1484,183392,56,283487
3203,0.001638,74.125.130.0-255,5738,189130,56,283487
3204,0.001658,74.125.130.0-255,7156,196286,56,283487
3205,0.001668,172.31.46.0-255,66,196352,56,283487
3206,0.001724,172.31.46.0-255,66,196418,56,283487
3207,0.001729,74.125.130.0-255,2184,198602,56,283487
3208,0.001749,172.31.46.0-255,66,198668,56,283487
3209,0.001905,74.125.130.0-255,1484,200152,56,283487
3210,0.001923,74.125.130.0-255,2902,203054,56,283487
3211,0.001926,172.31.46.0-255,66,203120,56,283487
3212,0.001932,74.125.130.0-255,2902,206022,56,283487
3213,0.001934,74.125.130.0-255,1484,207506,56,283487
3214,0.001952,74.125.130.0-255,2902,210408,56,283487
3215,0.001956,74.125.130.0-255,2902,213310,56,283487
3216,0.001959,172.31.46.0-255,66,213376,56,283487
3217,0.001964,172.31.46.0-255,66,213442,56,283487
3218,0.001975,74.125.130.0-255,5738,219180,56,283487
3219,0.001988,74.125.130.0-255,1484,220664,56,283487
3220,0.002006,74.125.130.0-255,7156,227820,56,283487
3221,0.002016,172.31.46.0-255,66,227886,56,283487
3222,0.00203,74.125.130.0-255,5020,232906,56,283487
3223,0.002072,74.125.130.0-255,7156,240062,56,283487
3224,0.002093,74.125.130.0-255,7156,247218,56,283487
3225,0.002155,74.125.130.0-255,5020,252238,56,283487
3226,0.002161,74.125.130.0-255,5738,257976,56,283487
3227,0.002186,172.31.46.0-255,66,258042,56,283487
3228,0.002192,172.31.46.0-255,66,258108,56,283487
3229,0.00221,74.125.130.0-255,1484,259592,56,283487
3230,0.002218,74.125.130.0-255,7156,266748,56,283487
3231,0.002234,74.125.130.0-255,2902,269650,56,283487
3232,0.002249,74.125.130.0-255,4320,273970,56,283487
3233,0.002259,172.31.46.0-255,66,274036,56,283487
3234,0.002269,74.125.130.0-255,5738,279774,56,283487
3235,0.00229,74.125.130.0-255,3239,283013,56,283487
3236,0.002292,172.31.46.0-255,66,283079,56,283487
3237,0.002319,172.31.46.0-255,66,283145,56,283487
3238,0.004514,74.125.130.0-255,105,283250,56,283487
3239,0.004746,172.31.46.0-255,66,283316,56,283487
3240,0.004783,172.31.46.0-255,105,283421,56,283487
3241,0.006982,74.125.130.0-255,66,283487,56,283487
3242,0.0,172.217.194.0-255,153,153,56,196826
3243,2.3e-05,172.31.46.0-255,66,219,56,196826
3244,3e-05,172.217.194.0-255,1484,1703,56,196826
3245,3.4e-05,172.31.46.0-255,66,1769,56,196826
3246,4.8e-05,172.217.194.0-255,2902,4671,56,196826
3247,5.3e-05,172.31.46.0-255,66,4737,56,196826
3248,6.1e-05,172.217.194.0-255,7156,11893,56,196826
3249,6.4e-05,172.31.46.0-255,66,11959,56,196826
3250,9.7e-05,172.217.194.0-255,7156,19115,56,196826
3251,0.0001,172.31.46.0-255,66,19181,56,196826
3252,0.00013,172.217.194.0-255,639,19820,56,196826
3253,0.000133,172.31.46.0-255,66,19886,56,196826
3254,0.000145,172.31.46.0-255,66,19952,56,196826
3255,0.000168,172.31.46.0-255,66,20018,56,196826
3256,0.000171,172.217.194.0-255,766,20784,56,196826
3257,0.000173,172.31.46.0-255,66,20850,56,196826
3258,0.000227,172.31.46.0-255,66,20916,56,196826
3259,0.000277,172.217.194.0-255,366,21282,56,196826
3260,0.00028,172.31.46.0-255,66,21348,56,196826
3261,0.000412,172.217.194.0-255,1484,22832,56,196826
3262,0.000416,172.31.46.0-255,66,22898,56,196826
3263,0.000422,172.217.194.0-255,2902,25800,56,196826
3264,0.000425,172.31.46.0-255,66,25866,56,196826
3265,0.000461,172.217.194.0-255,5738,31604,56,196826
3266,0.000465,172.31.46.0-255,66,31670,56,196826
3267,0.000477,172.217.194.0-255,7156,38826,56,196826
3268,0.00048,172.31.46.0-255,66,38892,56,196826
3269,0.000493,172.31.46.0-255,66,38958,56,196826
3270,0.000526,172.217.194.0-255,4320,43278,56,196826
3271,0.000528,172.31.46.0-255,66,43344,56,196826
3272,0.000533,172.217.194.0-255,2184,45528,56,196826
3273,0.000535,172.31.46.0-255,66,45594,56,196826
3274,0.000554,172.217.194.0-255,1484,47078,56,196826
3275,0.000571,172.217.194.0-255,2902,49980,56,196826
3276,0.000574,172.31.46.0-255,66,50046,56,196826
3277,0.00058,172.217.194.0-255,5738,55784,56,196826
3278,0.000582,172.31.46.0-255,66,55850,56,196826
3279,0.000594,172.217.194.0-255,7156,63006,56,196826
3280,0.000597,172.31.46.0-255,66,63072,56,196826
3281,0.000611,172.217.194.0-255,5738,68810,56,196826
3282,0.000613,172.31.46.0-255,66,68876,56,196826
3283,0.000628,172.31.46.0-255,66,68942,56,196826
3284,0.00066,172.217.194.0-255,2184,71126,56,196826
3285,0.000662,172.31.46.0-255,66,71192,56,196826
3286,0.000667,172.217.194.0-255,2902,74094,56,196826
3287,0.000669,172.31.46.0-255,66,74160,56,196826
3288,0.000673,172.217.194.0-255,2902,77062,56,196826
3289,0.000675,172.31.46.0-255,66,77128,56,196826
3290,0.0007,172.217.194.0-255,4320,81448,56,196826
3291,0.000702,172.31.46.0-255,66,81514,56,196826
3292,0.000713,172.31.46.0-255,66,81580,56,196826
3293,0.000743,172.217.194.0-255,7156,88736,56,196826
3294,0.000749,172.31.46.0-255,66,88802,56,196826
3295,0.00076,172.31.46.0-255,66,88868,56,196826
3296,0.001552,172.217.194.0-255,1484,90352,56,196826
3297,0.001569,172.217.194.0-255,2902,93254,56,196826
3298,0.001576,172.31.46.0-255,66,93320,56,196826
3299,0.00163,172.217.194.0-255,5738,99058,56,196826
3300,0.001634,172.31.46.0-255,66,99124,56,196826
3301,0.001651,172.31.46.0-255,66,99190,56,196826
3302,0.001693,172.217.194.0-255,7156,106346,56,196826
3303,0.001696,172.31.46.0-255,66,106412,56,196826
3304,0.001729,172.217.194.0-255,6438,112850,56,196826
3305,0.001732,172.31.46.0-255,66,112916,56,196826
3306,0.001809,172.217.194.0-255,1484,114400,56,196826
3307,0.001815,172.217.194.0-255,2902,117302,56,196826
3308,0.001818,172.31.46.0-255,66,117368,56,196826
3309,0.001851,172.217.194.0-255,5738,123106,56,196826
3310,0.001853,172.31.46.0-255,66,123172,56,196826
3311,0.001858,172.217.194.0-255,2902,126074,56,196826
3312,0.00186,172.31.46.0-255,66,126140,56,196826
3313,0.001891,172.217.194.0-255,4320,130460,56,196826
3314,0.001893,172.31.46.0-255,66,130526,56,196826
3315,0.001908,172.31.46.0-255,66,130592,56,196826
3316,0.001912,172.217.194.0-255,2184,132776,56,196826
3317,0.001914,172.31.46.0-255,66,132842,56,196826
3318,0.001962,172.217.194.0-255,1484,134326,56,196826
3319,0.001967,172.217.194.0-255,1484,135810,56,196826
3320,0.001969,172.31.46.0-255,66,135876,56,196826
3321,0.001998,172.217.194.0-255,1484,137360,56,196826
3322,0.002004,172.217.194.0-255,5738,143098,56,196826
3323,0.002006,172.31.46.0-255,66,143164,56,196826
3324,0.002012,172.217.194.0-255,2902,146066,56,196826
3325,0.002014,172.31.46.0-255,66,146132,56,196826
3326,0.002035,172.217.194.0-255,1484,147616,56,196826
3327,0.002052,172.217.194.0-255,7156,154772,56,196826
3328,0.002055,172.31.46.0-255,66,154838,56,196826
3329,0.002082,172.217.194.0-255,4320,159158,56,196826
3330,0.002085,172.31.46.0-255,66,159224,56,196826
3331,0.002094,172.31.46.0-255,66,159290,56,196826
3332,0.002165,172.217.194.0-255,1484,160774,56,196826
3333,0.002169,172.217.194.0-255,1484,162258,56,196826
3334,0.002171,172.31.46.0-255,66,162324,56,196826
3335,0.002193,172.217.194.0-255,1484,163808,56,196826
3336,0.002197,172.217.194.0-255,1484,165292,56,196826
3337,0.002199,172.31.46.0-255,66,165358,56,196826
3338,0.002223,172.217.194.0-255,4320,169678,56,196826
3339,0.002226,172.31.46.0-255,66,169744,56,196826
3340,0.00223,172.217.194.0-255,2902,172646,56,196826
3341,0.002232,172.31.46.0-255,66,172712,56,196826
3342,0.002262,172.217.194.0-255,4320,177032,56,196826
3343,0.002265,172.31.46.0-255,66,177098,56,196826
3344,0.002277,172.31.46.0-255,66,177164,56,196826
3345,0.002284,172.217.194.0-255,2184,179348,56,196826
3346,0.002285,172.31.46.0-255,66,179414,56,196826
3347,0.004543,172.217.194.0-255,5738,185152,56,196826
3348,0.004551,172.31.46.0-255,66,185218,56,196826
3349,0.006797,172.217.194.0-255,5738,190956,56,196826
3350,0.006803,172.31.46.0-255,66,191022,56,196826
3351,0.009068,172.217.194.0-255,5738,196760,56,196826
3352,0.009074,172.31.46.0-255,66,196826,56,196826
3353,0.0,74.125.24.0-255,155,155,56,211445
3354,2.6e-05,172.31.46.0-255,66,221,56,211445
3355,3.4e-05,74.125.24.0-255,1484,1705,56,211445
3356,3.9e-05,172.31.46.0-255,66,1771,56,211445
3357,5.5e-05,74.125.24.0-255,2902,4673,56,211445
3358,5.9e-05,172.31.46.0-255,66,4739,56,211445
3359,6.8e-05,74.125.24.0-255,7156,11895,56,211445
3360,7.1e-05,172.31.46.0-255,66,11961,56,211445
3361,7.6e-05,74.125.24.0-255,1972,13933,56,211445
3362,7.9e-05,172.31.46.0-255,66,13999,56,211445
3363,0.00011,74.125.24.0-255,1484,15483,56,211445
3364,0.000114,172.31.46.0-255,66,15549,56,211445
3365,0.000119,74.125.24.0-255,2902,18451,56,211445
3366,0.000122,172.31.46.0-255,66,18517,56,211445
3367,0.000128,74.125.24.0-255,5738,24255,56,211445
3368,0.000131,172.31.46.0-255,66,24321,56,211445
3369,0.000134,74.125.24.0-255,1484,25805,56,211445
3370,0.000136,172.31.46.0-255,66,25871,56,211445
3371,0.000165,74.125.24.0-255,5379,31250,56,211445
3372,0.000169,172.31.46.0-255,66,31316,56,211445
3373,0.000177,74.125.24.0-255,7156,38472,56,211445
3374,0.000179,172.31.46.0-255,66,38538,56,211445
3375,0.00023,172.31.46.0-255,66,38604,56,211445
3376,0.000242,74.125.24.0-255,1484,40088,56,211445
3377,0.00025,172.31.46.0-255,66,40154,56,211445
3378,0.000257,74.125.24.0-255,2902,43056,56,211445
3379,0.00026,172.31.46.0-255,66,43122,56,211445
3380,0.000265,74.125.24.0-255,4320,47442,56,211445
3381,0.000268,172.31.46.0-255,66,47508,56,211445
3382,0.000296,74.125.24.0-255,1484,48992,56,211445
3383,0.000299,172.31.46.0-255,66,49058,56,211445
3384,0.000329,74.125.24.0-255,7092,56150,56,211445
3385,0.000332,172.31.46.0-255,66,56216,56,211445
3386,0.000334,74.125.24.0-255,382,56598,56,211445
3387,0.000555,74.125.24.0-255,1484,58082,56,211445
3388,0.000561,172.31.46.0-255,66,58148,56,211445
3389,0.000567,74.125.24.0-255,2902,61050,56,211445
3390,0.000569,172.31.46.0-255,66,61116,56,211445
3391,0.000573,74.125.24.0-255,1484,62600,56,211445
3392,0.000605,74.125.24.0-255,4320,66920,56,211445
3393,0.000608,172.31.46.0-255,66,66986,56,211445
3394,0.000628,172.31.46.0-255,66,67052,56,211445
3395,0.000671,74.125.24.0-255,5738,72790,56,211445
3396,0.000674,172.31.46.0-255,66,72856,56,211445
3397,0.000716,74.125.24.0-255,5379,78235,56,211445
3398,0.000719,172.31.46.0-255,66,78301,56,211445
3399,0.001059,74.125.24.0-255,1484,79785,56,211445
3400,0.001066,74.125.24.0-255,2902,82687,56,211445
3401,0.001069,172.31.46.0-255,66,82753,56,211445
3402,0.001075,74.125.24.0-255,2902,85655,56,211445
3403,0.001077,172.31.46.0-255,66,85721,56,211445
3404,0.001103,74.125.24.0-255,2902,88623,56,211445
3405,0.001105,172.31.46.0-255,66,88689,56,211445
3406,0.00111,74.125.24.0-255,2902,91591,56,211445
3407,0.001112,172.31.46.0-255,66,91657,56,211445
3408,0.001148,172.31.46.0-255,66,91723,56,211445
3409,0.001193,172.31.46.0-255,66,91789,56,211445
3410,0.001221,74.125.24.0-255,1484,93273,56,211445
3411,0.001257,172.31.46.0-255,66,93339,56,211445
3412,0.001284,172.31.46.0-255,66,93405,56,211445
3413,0.001325,74.125.24.0-255,4320,97725,56,211445
3414,0.001328,172.31.46.0-255,66,97791,56,211445
3415,0.001355,74.125.24.0-255,2184,99975,56,211445
3416,0.001359,172.31.46.0-255,66,100041,56,211445
3417,0.002036,74.125.24.0-255,1484,101525,56,211445
3418,0.002045,74.125.24.0-255,2902,104427,56,211445
3419,0.002049,172.31.46.0-255,66,104493,56,211445
3420,0.002057,74.125.24.0-255,5738,110231,56,211445
3421,0.002059,172.31.46.0-255,66,110297,56,211445
3422,0.002096,172.31.46.0-255,66,110363,56,211445
3423,0.002125,74.125.24.0-255,2902,113265,56,211445
3424,0.002127,172.31.46.0-255,66,113331,56,211445
3425,0.002156,172.31.46.0-255,66,113397,56,211445
3426,0.002422,74.125.24.0-255,1484,114881,56,211445
3427,0.002425,74.125.24.0-255,1484,116365,56,211445
3428,0.002429,172.31.46.0-255,66,116431,56,211445
3429,0.002435,74.125.24.0-255,2902,119333,56,211445
3430,0.002437,172.31.46.0-255,66,119399,56,211445
3431,0.002448,74.125.24.0-255,4320,123719,56,211445
3432,0.002451,172.31.46.0-255,66,123785,56,211445
3433,0.002476,74.125.24.0-255,1484,125269,56,211445
3434,0.002482,74.125.24.0-255,5738,131007,56,211445
3435,0.002497,172.31.46.0-255,66,131073,56,211445
3436,0.002505,74.125.24.0-255,7156,138229,56,211445
3437,0.002508,172.31.46.0-255,66,138295,56,211445
3438,0.002548,172.31.46.0-255,66,138361,56,211445
3439,0.002574,74.125.24.0-255,2184,140545,56,211445
3440,0.002576,172.31.46.0-255,66,140611,56,211445
3441,0.002605,172.31.46.0-255,66,140677,56,211445
3442,0.002612,74.125.24.0-255,5738,146415,56,211445
3443,0.002614,172.31.46.0-255,66,146481,56,211445
3444,0.002653,74.125.24.0-255,1484,147965,56,211445
3445,0.002695,172.31.46.0-255,66,148031,56,211445
3446,0.002703,74.125.24.0-255,7156,155187,56,211445
3447,0.002705,172.31.46.0-255,66,155253,56,211445
3448,0.002726,172.31.46.0-255,66,155319,56,211445
3449,0.00274,172.31.46.0-255,66,155385,56,211445
3450,0.002784,74.125.24.0-255,1484,156869,56,211445
3451,0.002788,74.125.24.0-255,1484,158353,56,211445
3452,0.00279,172.31.46.0-255,66,158419,56,211445
3453,0.002816,74.125.24.0-255,1484,159903,56,211445
3454,0.002823,74.125.24.0-255,5738,165641,56,211445
3455,0.002826,172.31.46.0-255,66,165707,56,211445
3456,0.002831,74.125.24.0-255,4320,170027,56,211445
3457,0.002834,172.31.46.0-255,66,170093,56,211445
3458,0.002883,172.31.46.0-255,66,170159,56,211445
3459,0.002894,172.31.46.0-255,66,170225,56,211445
3460,0.002932,172.31.46.0-255,66,170291,56,211445
3461,0.002979,172.31.46.0-255,66,170357,56,211445
3462,0.002997,172.31.46.0-255,66,170423,56,211445
3463,0.00303,74.125.24.0-255,1484,171907,56,211445
3464,0.003051,74.125.24.0-255,2902,174809,56,211445
3465,0.003055,172.31.46.0-255,66,174875,56,211445
3466,0.003062,74.125.24.0-255,5738,180613,56,211445
3467,0.003064,172.31.46.0-255,66,180679,56,211445
3468,0.003067,74.125.24.0-255,1484,182163,56,211445
3469,0.003095,172.31.46.0-255,66,182229,56,211445
3470,0.003108,74.125.24.0-255,1484,183713,56,211445
3471,0.003113,74.125.24.0-255,4320,188033,56,211445
3472,0.00312,172.31.46.0-255,66,188099,56,211445
3473,0.003128,74.125.24.0-255,6438,194537,56,211445
3474,0.00313,172.31.46.0-255,66,194603,56,211445
3475,0.003137,74.125.24.0-255,7156,201759,56,211445
3476,0.00314,172.31.46.0-255,66,201825,56,211445
3477,0.003145,74.125.24.0-255,4320,206145,56,211445
3478,0.0032,74.125.24.0-255,5129,211274,56,211445
3479,0.003227,74.125.24.0-255,105,211379,56,211445
3480,0.009014,172.31.46.0-255,66,211445,56,211445
3481,0.0,172.217.194.0-255,151,151,56,126978
3482,1.5e-05,172.31.46.0-255,66,217,56,126978
3483,2.3e-05,172.217.194.0-255,1484,1701,56,126978
3484,2.8e-05,172.31.46.0-255,66,1767,56,126978
3485,3.5e-05,172.217.194.0-255,2902,4669,56,126978
3486,3.8e-05,172.31.46.0-255,66,4735,56,126978
3487,4.6e-05,172.217.194.0-255,5738,10473,56,126978
3488,4.9e-05,172.31.46.0-255,66,10539,56,126978
3489,6.9e-05,172.217.194.0-255,1484,12023,56,126978
3490,7.2e-05,172.31.46.0-255,66,12089,56,126978
3491,0.000107,172.31.46.0-255,66,12155,56,126978
3492,0.000132,172.217.194.0-255,5738,17893,56,126978
3493,0.000136,172.31.46.0-255,66,17959,56,126978
3494,0.000157,172.217.194.0-255,3961,21920,56,126978
3495,0.00016,172.31.46.0-255,66,21986,56,126978
3496,0.0002,172.217.194.0-255,1484,23470,56,126978
3497,0.000202,172.31.46.0-255,66,23536,56,126978
3498,0.000216,172.217.194.0-255,2902,26438,56,126978
3499,0.000219,172.31.46.0-255,66,26504,56,126978
3500,0.000242,172.217.194.0-255,5738,32242,56,126978
3501,0.000245,172.31.46.0-255,66,32308,56,126978
3502,0.000292,172.31.46.0-255,66,32374,56,126978
3503,0.000296,172.217.194.0-255,2902,35276,56,126978
3504,0.000299,172.31.46.0-255,66,35342,56,126978
3505,0.000335,172.217.194.0-255,4320,39662,56,126978
3506,0.000338,172.31.46.0-255,66,39728,56,126978
3507,0.000359,172.217.194.0-255,3602,43330,56,126978
3508,0.000361,172.31.46.0-255,66,43396,56,126978
3509,0.000704,172.217.194.0-255,647,44043,56,126978
3510,0.00071,172.31.46.0-255,66,44109,56,126978
3511,0.001161,172.217.194.0-255,1484,45593,56,126978
3512,0.001171,172.217.194.0-255,2902,48495,56,126978
3513,0.001175,172.31.46.0-255,66,48561,56,126978
3514,0.001183,172.217.194.0-255,5738,54299,56,126978
3515,0.001185,172.31.46.0-255,66,54365,56,126978
3516,0.00119,172.217.194.0-255,2902,57267,56,126978
3517,0.001192,172.31.46.0-255,66,57333,56,126978
3518,0.001266,172.217.194.0-255,3411,60744,56,126978
3519,0.00127,172.31.46.0-255,66,60810,56,126978
3520,0.001762,172.217.194.0-255,1484,62294,56,126978
3521,0.001769,172.217.194.0-255,1484,63778,56,126978
3522,0.001773,172.31.46.0-255,66,63844,56,126978
3523,0.001796,172.217.194.0-255,1484,65328,56,126978
3524,0.001804,172.217.194.0-255,5738,71066,56,126978
3525,0.001806,172.31.46.0-255,66,71132,56,126978
3526,0.001813,172.217.194.0-255,5738,76870,56,126978
3527,0.001816,172.31.46.0-255,66,76936,56,126978
3528,0.001855,172.31.46.0-255,66,77002,56,126978
3529,0.001862,172.217.194.0-255,5020,82022,56,126978
3530,0.001864,172.31.46.0-255,66,82088,56,126978
3531,0.001918,172.31.46.0-255,66,82154,56,126978
3532,0.001931,172.217.194.0-255,1484,83638,56,126978
3533,0.001937,172.217.194.0-255,4320,87958,56,126978
3534,0.001939,172.31.46.0-255,66,88024,56,126978
3535,0.001969,172.31.46.0-255,66,88090,56,126978
3536,0.00198,172.31.46.0-255,66,88156,56,126978
3537,0.001982,172.217.194.0-255,766,88922,56,126978
3538,0.002099,172.217.194.0-255,1484,90406,56,126978
3539,0.002102,172.31.46.0-255,66,90472,56,126978
3540,0.002107,172.217.194.0-255,1484,91956,56,126978
3541,0.00212,172.217.194.0-255,1484,93440,56,126978
3542,0.002123,172.31.46.0-255,66,93506,56,126978
3543,0.002129,172.217.194.0-255,5738,99244,56,126978
3544,0.002132,172.31.46.0-255,66,99310,56,126978
3545,0.002153,172.217.194.0-255,4320,103630,56,126978
3546,0.002156,172.31.46.0-255,66,103696,56,126978
3547,0.002184,172.31.46.0-255,66,103762,56,126978
3548,0.002191,172.217.194.0-255,5738,109500,56,126978
3549,0.002193,172.31.46.0-255,66,109566,56,126978
3550,0.004297,172.217.194.0-255,5738,115304,56,126978
3551,0.004304,172.31.46.0-255,66,115370,56,126978
3552,0.006421,172.217.194.0-255,5738,121108,56,126978
3553,0.006426,172.31.46.0-255,66,121174,56,126978
3554,0.00855,172.217.194.0-255,5738,126912,56,126978
3555,0.008556,172.31.46.0-255,66,126978,56,126978
3556,0.0,74.125.200.0-255,153,153,56,297872
3557,1.5e-05,172.31.46.0-255,66,219,56,297872
3558,3.8e-05,74.125.200.0-255,1484,1703,56,297872
3559,4.3e-05,172.31.46.0-255,66,1769,56,297872
3560,4.9e-05,74.125.200.0-255,2902,4671,56,297872
3561,5.3e-05,172.31.46.0-255,66,4737,56,297872
3562,8.2e-05,74.125.200.0-255,5738,10475,56,297872
3563,8.5e-05,172.31.46.0-255,66,10541,56,297872
3564,9e-05,74.125.200.0-255,3465,14006,56,297872
3565,9.3e-05,172.31.46.0-255,66,14072,56,297872
3566,9.9e-05,74.125.200.0-255,4320,18392,56,297872
3567,0.000101,172.31.46.0-255,66,18458,56,297872
3568,0.000128,74.125.200.0-255,4320,22778,56,297872
3569,0.000131,172.31.46.0-255,66,22844,56,297872
3570,0.000154,74.125.200.0-255,5738,28582,56,297872
3571,0.000157,172.31.46.0-255,66,28648,56,297872
3572,0.000162,74.125.200.0-255,2543,31191,56,297872
3573,0.000164,172.31.46.0-255,66,31257,56,297872
3574,0.000224,74.125.200.0-255,1484,32741,56,297872
3575,0.000228,172.31.46.0-255,66,32807,56,297872
3576,0.00024,74.125.200.0-255,1484,34291,56,297872
3577,0.000242,172.31.46.0-255,66,34357,56,297872
3578,0.000263,74.125.200.0-255,2902,37259,56,297872
3579,0.000266,172.31.46.0-255,66,37325,56,297872
3580,0.000291,74.125.200.0-255,5738,43063,56,297872
3581,0.000294,172.31.46.0-255,66,43129,56,297872
3582,0.000298,74.125.200.0-255,2902,46031,56,297872
3583,0.0003,172.31.46.0-255,66,46097,56,297872
3584,0.000311,74.125.200.0-255,1484,47581,56,297872
3585,0.000313,172.31.46.0-255,66,47647,56,297872
3586,0.000326,74.125.200.0-255,2543,50190,56,297872
3587,0.000328,172.31.46.0-255,66,50256,56,297872
3588,0.000331,74.125.200.0-255,1484,51740,56,297872
3589,0.000358,74.125.200.0-255,7156,58896,56,297872
3590,0.00036,172.31.46.0-255,66,58962,56,297872
3591,0.000364,74.125.200.0-255,2902,61864,56,297872
3592,0.000366,172.31.46.0-255,66,61930,56,297872
3593,0.000399,74.125.200.0-255,1484,63414,56,297872
3594,0.000417,74.125.200.0-255,2897,66311,56,297872
3595,0.00042,172.31.46.0-255,66,66377,56,297872
3596,0.000511,74.125.200.0-255,1484,67861,56,297872
3597,0.000526,74.125.200.0-255,2902,70763,56,297872
3598,0.00053,172.31.46.0-255,66,70829,56,297872
3599,0.000555,74.125.200.0-255,5738,76567,56,297872
3600,0.000558,172.31.46.0-255,66,76633,56,297872
3601,0.000562,74.125.200.0-255,2902,79535,56,297872
3602,0.000564,172.31.46.0-255,66,79601,56,297872
3603,0.00059,74.125.200.0-255,3961,83562,56,297872
3604,0.000593,172.31.46.0-255,66,83628,56,297872
3605,0.000603,172.31.46.0-255,66,83694,56,297872
3606,0.000607,74.125.200.0-255,4320,88014,56,297872
3607,0.000609,172.31.46.0-255,66,88080,56,297872
3608,0.000668,74.125.200.0-255,4227,92307,56,297872
3609,0.000672,172.31.46.0-255,66,92373,56,297872
3610,0.000822,74.125.200.0-255,1484,93857,56,297872
3611,0.000835,74.125.200.0-255,2902,96759,56,297872
3612,0.000838,172.31.46.0-255,66,96825,56,297872
3613,0.000857,74.125.200.0-255,2902,99727,56,297872
3614,0.000859,172.31.46.0-255,66,99793,56,297872
3615,0.000893,74.125.200.0-255,2902,102695,56,297872
3616,0.000898,172.31.46.0-255,66,102761,56,297872
3617,0.000913,74.125.200.0-255,1484,104245,56,297872
3618,0.000916,74.125.200.0-255,1484,105729,56,297872
3619,0.000917,172.31.46.0-255,66,105795,56,297872
3620,0.000921,74.125.200.0-255,2902,108697,56,297872
3621,0.000923,172.31.46.0-255,66,108763,56,297872
3622,0.000945,74.125.200.0-255,5738,114501,56,297872
3623,0.000948,172.31.46.0-255,66,114567,56,297872
3624,0.000951,74.125.200.0-255,1484,116051,56,297872
3625,0.000969,74.125.200.0-255,5738,121789,56,297872
3626,0.000971,172.31.46.0-255,66,121855,56,297872
3627,0.001016,74.125.200.0-255,4471,126326,56,297872
3628,0.00102,172.31.46.0-255,66,126392,56,297872
3629,0.001076,74.125.200.0-255,1484,127876,56,297872
3630,0.001099,74.125.200.0-255,2902,130778,56,297872
3631,0.001107,172.31.46.0-255,66,130844,56,297872
3632,0.001116,74.125.200.0-255,2902,133746,56,297872
3633,0.001121,74.125.200.0-255,4320,138066,56,297872
3634,0.001132,172.31.46.0-255,66,138132,56,297872
3635,0.001144,74.125.200.0-255,2902,141034,56,297872
3636,0.00116,74.125.200.0-255,5738,146772,56,297872
3637,0.001165,74.125.200.0-255,4320,151092,56,297872
3638,0.001177,74.125.200.0-255,1484,152576,56,297872
3639,0.001181,74.125.200.0-255,2902,155478,56,297872
3640,0.00119,172.31.46.0-255,66,155544,56,297872
3641,0.0012,74.125.200.0-255,4320,159864,56,297872
3642,0.001211,74.125.200.0-255,766,160630,56,297872
3643,0.001224,172.31.46.0-255,66,160696,56,297872
3644,0.001242,74.125.200.0-255,1484,162180,56,297872
3645,0.001263,74.125.200.0-255,4320,166500,56,297872
3646,0.001266,74.125.200.0-255,1484,167984,56,297872
3647,0.00127,74.125.200.0-255,2902,170886,56,297872
3648,0.00128,172.31.46.0-255,66,170952,56,297872
3649,0.001298,74.125.200.0-255,5738,176690,56,297872
3650,0.001315,172.31.46.0-255,66,176756,56,297872
3651,0.00133,74.125.200.0-255,5738,182494,56,297872
3652,0.001345,74.125.200.0-255,4320,186814,56,297872
3653,0.001356,172.31.46.0-255,66,186880,56,297872
3654,0.001373,74.125.200.0-255,5738,192618,56,297872
3655,0.001389,74.125.200.0-255,1484,194102,56,297872
3656,0.001395,172.31.46.0-255,66,194168,56,297872
3657,0.001408,74.125.200.0-255,766,194934,56,297872
3658,0.001444,74.125.200.0-255,1484,196418,56,297872
3659,0.001462,74.125.200.0-255,4320,200738,56,297872
3660,0.001485,172.31.46.0-255,66,200804,56,297872
3661,0.001488,74.125.200.0-255,1484,202288,56,297872
3662,0.001504,74.125.200.0-255,2902,205190,56,297872
3663,0.001515,74.125.200.0-255,1484,206674,56,297872
3664,0.001527,172.31.46.0-255,66,206740,56,297872
3665,0.001537,74.125.200.0-255,2902,209642,56,297872
3666,0.001544,172.31.46.0-255,66,209708,56,297872
3667,0.001567,74.125.200.0-255,2902,212610,56,297872
3668,0.001574,172.31.46.0-255,66,212676,56,297872
3669,0.001587,74.125.200.0-255,1484,214160,56,297872
3670,0.001615,74.125.200.0-255,4320,218480,56,297872
3671,0.001619,172.31.46.0-255,66,218546,56,297872
3672,0.001634,74.125.200.0-255,1484,220030,56,297872
3673,0.001668,74.125.200.0-255,2902,222932,56,297872
3674,0.001674,172.31.46.0-255,66,222998,56,297872
3675,0.001689,74.125.200.0-255,4320,227318,56,297872
3676,0.001702,74.125.200.0-255,1484,228802,56,297872
3677,0.001713,74.125.200.0-255,766,229568,56,297872
3678,0.001719,172.31.46.0-255,66,229634,56,297872
3679,0.001867,74.125.200.0-255,1484,231118,56,297872
3680,0.001871,74.125.200.0-255,1484,232602,56,297872
3681,0.001874,172.31.46.0-255,66,232668,56,297872
3682,0.001889,74.125.200.0-255,1484,234152,56,297872
3683,0.001892,74.125.200.0-255,1484,235636,56,297872
3684,0.001896,74.125.200.0-255,1484,237120,56,297872
3685,0.001914,74.125.200.0-255,1484,238604,56,297872
3686,0.001925,172.31.46.0-255,66,238670,56,297872
3687,0.001946,74.125.200.0-255,5738,244408,56,297872
3688,0.001959,74.125.200.0-255,1484,245892,56,297872
3689,0.001974,172.31.46.0-255,66,245958,56,297872
3690,0.001982,74.125.200.0-255,7156,253114,56,297872
3691,0.001991,172.31.46.0-255,66,253180,56,297872
3692,0.001996,74.125.200.0-255,4320,257500,56,297872
3693,0.002011,74.125.200.0-255,5738,263238,56,297872
3694,0.002025,74.125.200.0-255,766,264004,56,297872
3695,0.002032,172.31.46.0-255,66,264070,56,297872
3696,0.002229,74.125.200.0-255,1484,265554,56,297872
3697,0.002234,74.125.200.0-255,2902,268456,56,297872
3698,0.002238,172.31.46.0-255,66,268522,56,297872
3699,0.002289,74.125.200.0-255,4320,272842,56,297872
3700,0.002302,172.31.46.0-255,66,272908,56,297872
3701,0.00231,74.125.200.0-255,1484,274392,56,297872
3702,0.002325,74.125.200.0-255,2902,277294,56,297872
3703,0.002328,74.125.200.0-255,2902,280196,56,297872
3704,0.002342,74.125.200.0-255,2902,283098,56,297872
3705,0.002344,172.31.46.0-255,66,283164,56,297872
3706,0.002367,172.31.46.0-255,66,283230,56,297872
3707,0.004641,74.125.200.0-255,2902,286132,56,297872
3708,0.004648,172.31.46.0-255,66,286198,56,297872
3709,0.004665,74.125.200.0-255,2902,289100,56,297872
3710,0.00695,74.125.200.0-255,2902,292002,56,297872
3711,0.007073,172.31.46.0-255,66,292068,56,297872
3712,0.009373,74.125.200.0-255,5738,297806,56,297872
3713,0.009379,172.31.46.0-255,66,297872,56,297872
3714,0.0,172.217.194.0-255,156,156,56,215112
3715,2.2e-05,172.31.46.0-255,66,222,56,215112
3716,3e-05,172.217.194.0-255,1484,1706,56,215112
3717,3.4e-05,172.31.46.0-255,66,1772,56,215112
3718,4e-05,172.217.194.0-255,2902,4674,56,215112
3719,5e-05,172.31.46.0-255,66,4740,56,215112
3720,5.7e-05,172.217.194.0-255,5738,10478,56,215112
3721,6e-05,172.31.46.0-255,66,10544,56,215112
3722,0.000107,172.31.46.0-255,66,10610,56,215112
3723,0.000114,172.217.194.0-255,6797,17407,56,215112
3724,0.000116,172.31.46.0-255,66,17473,56,215112
3725,0.000366,172.217.194.0-255,1484,18957,56,215112
3726,0.000371,172.31.46.0-255,66,19023,56,215112
3727,0.000377,172.217.194.0-255,2902,21925,56,215112
3728,0.000379,172.31.46.0-255,66,21991,56,215112
3729,0.000382,172.217.194.0-255,1484,23475,56,215112
3730,0.000389,172.31.46.0-255,66,23541,56,215112
3731,0.000416,172.217.194.0-255,4320,27861,56,215112
3732,0.000419,172.31.46.0-255,66,27927,56,215112
3733,0.000429,172.217.194.0-255,4320,32247,56,215112
3734,0.000431,172.31.46.0-255,66,32313,56,215112
3735,0.000451,172.217.194.0-255,5738,38051,56,215112
3736,0.000453,172.31.46.0-255,66,38117,56,215112
3737,0.000482,172.217.194.0-255,6797,44914,56,215112
3738,0.00049,172.31.46.0-255,66,44980,56,215112
3739,0.000496,172.217.194.0-255,7048,52028,56,215112
3740,0.000498,172.31.46.0-255,66,52094,56,215112
3741,0.000501,172.217.194.0-255,434,52528,56,215112
3742,0.000503,172.31.46.0-255,66,52594,56,215112
3743,0.000615,172.217.194.0-255,1484,54078,56,215112
3744,0.000619,172.31.46.0-255,66,54144,56,215112
3745,0.000624,172.217.194.0-255,2902,57046,56,215112
3746,0.000626,172.31.46.0-255,66,57112,56,215112
3747,0.000631,172.217.194.0-255,2902,60014,56,215112
3748,0.000638,172.31.46.0-255,66,60080,56,215112
3749,0.000662,172.217.194.0-255,2902,62982,56,215112
3750,0.000668,172.31.46.0-255,66,63048,56,215112
3751,0.000682,172.31.46.0-255,66,63114,56,215112
3752,0.000739,172.31.46.0-255,66,63180,56,215112
3753,0.001092,172.217.194.0-255,1484,64664,56,215112
3754,0.0011,172.217.194.0-255,2902,67566,56,215112
3755,0.001103,172.31.46.0-255,66,67632,56,215112
3756,0.001135,172.217.194.0-255,5738,73370,56,215112
3757,0.001138,172.31.46.0-255,66,73436,56,215112
3758,0.001145,172.217.194.0-255,5738,79174,56,215112
3759,0.001147,172.31.46.0-255,66,79240,56,215112
3760,0.001181,172.217.194.0-255,4320,83560,56,215112
3761,0.001195,172.217.194.0-255,2184,85744,56,215112
3762,0.001199,172.31.46.0-255,66,85810,56,215112
3763,0.001202,172.31.46.0-255,66,85876,56,215112
3764,0.001205,172.31.46.0-255,66,85942,56,215112
3765,0.001456,172.217.194.0-255,1484,87426,56,215112
3766,0.001471,172.217.194.0-255,2902,90328,56,215112
3767,0.001475,172.31.46.0-255,66,90394,56,215112
3768,0.00148,172.217.194.0-255,2902,93296,56,215112
3769,0.001482,172.31.46.0-255,66,93362,56,215112
3770,0.001504,172.217.194.0-255,2902,96264,56,215112
3771,0.00151,172.31.46.0-255,66,96330,56,215112
3772,0.001517,172.217.194.0-255,5738,102068,56,215112
3773,0.001518,172.31.46.0-255,66,102134,56,215112
3774,0.001532,172.31.46.0-255,66,102200,56,215112
3775,0.001535,172.217.194.0-255,1484,103684,56,215112
3776,0.001549,172.217.194.0-255,3602,107286,56,215112
3777,0.001557,172.31.46.0-255,66,107352,56,215112
3778,0.001588,172.217.194.0-255,5738,113090,56,215112
3779,0.001591,172.31.46.0-255,66,113156,56,215112
3780,0.001598,172.217.194.0-255,7156,120312,56,215112
3781,0.0016,172.31.46.0-255,66,120378,56,215112
3782,0.001609,172.217.194.0-255,2902,123280,56,215112
3783,0.001612,172.31.46.0-255,66,123346,56,215112
3784,0.001656,172.31.46.0-255,66,123412,56,215112
3785,0.001663,172.217.194.0-255,6438,129850,56,215112
3786,0.001665,172.31.46.0-255,66,129916,56,215112
3787,0.001704,172.217.194.0-255,7156,137072,56,215112
3788,0.001708,172.31.46.0-255,66,137138,56,215112
3789,0.001714,172.217.194.0-255,5738,142876,56,215112
3790,0.001716,172.31.46.0-255,66,142942,56,215112
3791,0.001757,172.217.194.0-255,2902,145844,56,215112
3792,0.00176,172.31.46.0-255,66,145910,56,215112
3793,0.001783,172.31.46.0-255,66,145976,56,215112
3794,0.001791,172.217.194.0-255,6438,152414,56,215112
3795,0.001794,172.31.46.0-255,66,152480,56,215112
3796,0.001821,172.217.194.0-255,1484,153964,56,215112
3797,0.001826,172.217.194.0-255,2902,156866,56,215112
3798,0.001828,172.31.46.0-255,66,156932,56,215112
3799,0.001832,172.217.194.0-255,2902,159834,56,215112
3800,0.001835,172.31.46.0-255,66,159900,56,215112
3801,0.001866,172.217.194.0-255,2902,162802,56,215112
3802,0.001869,172.31.46.0-255,66,162868,56,215112
3803,0.001892,172.31.46.0-255,66,162934,56,215112
3804,0.001934,172.31.46.0-255,66,163000,56,215112
3805,0.00203,172.217.194.0-255,1484,164484,56,215112
3806,0.002048,172.217.194.0-255,2902,167386,56,215112
3807,0.002052,172.31.46.0-255,66,167452,56,215112
3808,0.002056,172.217.194.0-255,2902,170354,56,215112
3809,0.002059,172.31.46.0-255,66,170420,56,215112
3810,0.002081,172.217.194.0-255,2902,173322,56,215112
3811,0.002087,172.31.46.0-255,66,173388,56,215112
3812,0.002091,172.217.194.0-255,2902,176290,56,215112
3813,0.002094,172.31.46.0-255,66,176356,56,215112
3814,0.002127,172.31.46.0-255,66,176422,56,215112
3815,0.002133,172.217.194.0-255,5738,182160,56,215112
3816,0.002136,172.31.46.0-255,66,182226,56,215112
3817,0.002168,172.217.194.0-255,5020,187246,56,215112
3818,0.002171,172.31.46.0-255,66,187312,56,215112
3819,0.002248,172.217.194.0-255,1484,188796,56,215112
3820,0.002261,172.217.194.0-255,2902,191698,56,215112
3821,0.002265,172.31.46.0-255,66,191764,56,215112
3822,0.002293,172.217.194.0-255,5738,197502,56,215112
3823,0.002296,172.31.46.0-255,66,197568,56,215112
3824,0.002333,172.31.46.0-255,66,197634,56,215112
3825,0.002345,172.31.46.0-255,66,197700,56,215112
3826,0.004673,172.217.194.0-255,5738,203438,56,215112
3827,0.004691,172.31.46.0-255,66,203504,56,215112
3828,0.007012,172.217.194.0-255,5738,209242,56,215112
3829,0.007024,172.31.46.0-255,66,209308,56,215112
3830,0.009363,172.217.194.0-255,5738,215046,56,215112
3831,0.009379,172.31.46.0-255,66,215112,56,215112
3832,0.0,74.125.24.0-255,66,66,56,66
3833,0.0,216.58.221.0-255,153,153,56,194943
3834,2.4e-05,172.31.46.0-255,66,219,56,194943
3835,3.1e-05,216.58.221.0-255,1484,1703,56,194943
3836,3.7e-05,172.31.46.0-255,66,1769,56,194943
3837,4.3e-05,216.58.221.0-255,2902,4671,56,194943
3838,4.6e-05,172.31.46.0-255,66,4737,56,194943
3839,5.4e-05,216.58.221.0-255,7156,11893,56,194943
3840,5.7e-05,172.31.46.0-255,66,11959,56,194943
3841,6.2e-05,216.58.221.0-255,2113,14072,56,194943
3842,6.5e-05,172.31.46.0-255,66,14138,56,194943
3843,6.9e-05,216.58.221.0-255,2902,17040,56,194943
3844,7.2e-05,172.31.46.0-255,66,17106,56,194943
3845,7.9e-05,216.58.221.0-255,7156,24262,56,194943
3846,8.2e-05,172.31.46.0-255,66,24328,56,194943
3847,8.9e-05,216.58.221.0-255,5738,30066,56,194943
3848,9.1e-05,172.31.46.0-255,66,30132,56,194943
3849,0.000109,216.58.221.0-255,1125,31257,56,194943
3850,0.000111,172.31.46.0-255,66,31323,56,194943
3851,0.000203,216.58.221.0-255,1484,32807,56,194943
3852,0.000206,172.31.46.0-255,66,32873,56,194943
3853,0.000212,216.58.221.0-255,2902,35775,56,194943
3854,0.000214,172.31.46.0-255,66,35841,56,194943
3855,0.000217,216.58.221.0-255,1484,37325,56,194943
3856,0.000219,172.31.46.0-255,66,37391,56,194943
3857,0.000246,216.58.221.0-255,4320,41711,56,194943
3858,0.000248,172.31.46.0-255,66,41777,56,194943
3859,0.000255,216.58.221.0-255,6797,48574,56,194943
3860,0.000258,172.31.46.0-255,66,48640,56,194943
3861,0.000291,216.58.221.0-255,1484,50124,56,194943
3862,0.000293,172.31.46.0-255,66,50190,56,194943
3863,0.000298,216.58.221.0-255,2902,53092,56,194943
3864,0.0003,172.31.46.0-255,66,53158,56,194943
3865,0.000312,216.58.221.0-255,1484,54642,56,194943
3866,0.000329,216.58.221.0-255,4320,58962,56,194943
3867,0.000331,172.31.46.0-255,66,59028,56,194943
3868,0.000338,216.58.221.0-255,5738,64766,56,194943
3869,0.00034,172.31.46.0-255,66,64832,56,194943
3870,0.000355,216.58.221.0-255,1125,65957,56,194943
3871,0.000359,216.58.221.0-255,357,66314,56,194943
3872,0.000994,216.58.221.0-255,386,66700,56,194943
3873,0.001,172.31.46.0-255,66,66766,56,194943
3874,0.00108,216.58.221.0-255,1484,68250,56,194943
3875,0.001084,216.58.221.0-255,1484,69734,56,194943
3876,0.001087,172.31.46.0-255,66,69800,56,194943
3877,0.001105,216.58.221.0-255,1484,71284,56,194943
3878,0.001111,216.58.221.0-255,4320,75604,56,194943
3879,0.001114,172.31.46.0-255,66,75670,56,194943
3880,0.001184,216.58.221.0-255,4320,79990,56,194943
3881,0.001187,172.31.46.0-255,66,80056,56,194943
3882,0.001213,216.58.221.0-255,3961,84017,56,194943
3883,0.001215,172.31.46.0-255,66,84083,56,194943
3884,0.001227,172.31.46.0-255,66,84149,56,194943
3885,0.001237,172.31.46.0-255,66,84215,56,194943
3886,0.001535,216.58.221.0-255,1484,85699,56,194943
3887,0.001544,216.58.221.0-255,2902,88601,56,194943
3888,0.001548,172.31.46.0-255,66,88667,56,194943
3889,0.001552,216.58.221.0-255,1484,90151,56,194943
3890,0.001571,216.58.221.0-255,1484,91635,56,194943
3891,0.001573,172.31.46.0-255,66,91701,56,194943
3892,0.001579,216.58.221.0-255,4320,96021,56,194943
3893,0.001581,172.31.46.0-255,66,96087,56,194943
3894,0.001593,172.31.46.0-255,66,96153,56,194943
3895,0.001609,216.58.221.0-255,2902,99055,56,194943
3896,0.001611,172.31.46.0-255,66,99121,56,194943
3897,0.001633,172.31.46.0-255,66,99187,56,194943
3898,0.001672,216.58.221.0-255,1484,100671,56,194943
3899,0.001678,216.58.221.0-255,2902,103573,56,194943
3900,0.00168,172.31.46.0-255,66,103639,56,194943
3901,0.001706,216.58.221.0-255,5738,109377,56,194943
3902,0.001708,172.31.46.0-255,66,109443,56,194943
3903,0.001713,216.58.221.0-255,2902,112345,56,194943
3904,0.001715,172.31.46.0-255,66,112411,56,194943
3905,0.001741,216.58.221.0-255,5738,118149,56,194943
3906,0.001743,172.31.46.0-255,66,118215,56,194943
3907,0.001756,172.31.46.0-255,66,118281,56,194943
3908,0.001763,216.58.221.0-255,5020,123301,56,194943
3909,0.001766,172.31.46.0-255,66,123367,56,194943
3910,0.001797,216.58.221.0-255,1484,124851,56,194943
3911,0.001812,216.58.221.0-255,4320,129171,56,194943
3912,0.001815,172.31.46.0-255,66,129237,56,194943
3913,0.001821,216.58.221.0-255,5738,134975,56,194943
3914,0.001824,172.31.46.0-255,66,135041,56,194943
3915,0.001841,216.58.221.0-255,1484,136525,56,194943
3916,0.001848,216.58.221.0-255,5738,142263,56,194943
3917,0.00185,172.31.46.0-255,66,142329,56,194943
3918,0.001877,172.31.46.0-255,66,142395,56,194943
3919,0.001884,216.58.221.0-255,6438,148833,56,194943
3920,0.001886,172.31.46.0-255,66,148899,56,194943
3921,0.001912,216.58.221.0-255,1484,150383,56,194943
3922,0.001931,216.58.221.0-255,1484,151867,56,194943
3923,0.001933,172.31.46.0-255,66,151933,56,194943
3924,0.001953,216.58.221.0-255,1484,153417,56,194943
3925,0.00196,216.58.221.0-255,5738,159155,56,194943
3926,0.001963,172.31.46.0-255,66,159221,56,194943
3927,0.001974,172.31.46.0-255,66,159287,56,194943
3928,0.001981,216.58.221.0-255,7156,166443,56,194943
3929,0.001983,172.31.46.0-255,66,166509,56,194943
3930,0.002012,216.58.221.0-255,2902,169411,56,194943
3931,0.002015,172.31.46.0-255,66,169477,56,194943
3932,0.002021,216.58.221.0-255,5020,174497,56,194943
3933,0.002024,172.31.46.0-255,66,174563,56,194943
3934,0.004036,216.58.221.0-255,5738,180301,56,194943
3935,0.004048,172.31.46.0-255,66,180367,56,194943
3936,0.006017,216.58.221.0-255,5738,186105,56,194943
3937,0.006021,172.31.46.0-255,66,186171,56,194943
3938,0.007992,216.58.221.0-255,5738,191909,56,194943
3939,0.007998,172.31.46.0-255,66,191975,56,194943
3940,0.009973,216.58.221.0-255,2902,194877,56,194943
3941,0.009982,172.31.46.0-255,66,194943,56,194943
3942,0.0,172.217.194.0-255,153,153,56,213042
3943,1.4e-05,172.31.46.0-255,66,219,56,213042
3944,2.1e-05,172.217.194.0-255,1484,1703,56,213042
3945,2.6e-05,172.31.46.0-255,66,1769,56,213042
3946,4e-05,172.217.194.0-255,2902,4671,56,213042
3947,4.4e-05,172.31.46.0-255,66,4737,56,213042
3948,5.2e-05,172.217.194.0-255,7156,11893,56,213042
3949,5.5e-05,172.31.46.0-255,66,11959,56,213042
3950,5.9e-05,172.217.194.0-255,1940,13899,56,213042
3951,6.2e-05,172.31.46.0-255,66,13965,56,213042
3952,0.000168,172.217.194.0-255,1484,15449,56,213042
3953,0.000171,172.31.46.0-255,66,15515,56,213042
3954,0.000177,172.217.194.0-255,2902,18417,56,213042
3955,0.000179,172.31.46.0-255,66,18483,56,213042
3956,0.000187,172.217.194.0-255,1484,19967,56,213042
3957,0.000189,172.31.46.0-255,66,20033,56,213042
3958,0.00021,172.217.194.0-255,4320,24353,56,213042
3959,0.000213,172.31.46.0-255,66,24419,56,213042
3960,0.000225,172.217.194.0-255,6797,31216,56,213042
3961,0.000227,172.31.46.0-255,66,31282,56,213042
3962,0.000294,172.217.194.0-255,1484,32766,56,213042
3963,0.000297,172.31.46.0-255,66,32832,56,213042
3964,0.000302,172.217.194.0-255,2902,35734,56,213042
3965,0.000305,172.31.46.0-255,66,35800,56,213042
3966,0.000308,172.217.194.0-255,1484,37284,56,213042
3967,0.00031,172.31.46.0-255,66,37350,56,213042
3968,0.000344,172.217.194.0-255,2902,40252,56,213042
3969,0.000347,172.31.46.0-255,66,40318,56,213042
3970,0.000354,172.217.194.0-255,5738,46056,56,213042
3971,0.000356,172.31.46.0-255,66,46122,56,213042
3972,0.000371,172.31.46.0-255,66,46188,56,213042
3973,0.000402,172.217.194.0-255,1125,47313,56,213042
3974,0.00041,172.217.194.0-255,6797,54110,56,213042
3975,0.000414,172.217.194.0-255,397,54507,56,213042
3976,0.000445,172.217.194.0-255,379,54886,56,213042
3977,0.000518,172.31.46.0-255,66,54952,56,213042
3978,0.000876,172.217.194.0-255,1484,56436,56,213042
3979,0.000882,172.217.194.0-255,2902,59338,56,213042
3980,0.000885,172.217.194.0-255,1484,60822,56,213042
3981,0.000896,172.31.46.0-255,66,60888,56,213042
3982,0.000907,172.217.194.0-255,4320,65208,56,213042
3983,0.000909,172.217.194.0-255,1484,66692,56,213042
3984,0.000915,172.31.46.0-255,66,66758,56,213042
3985,0.000951,172.217.194.0-255,7156,73914,56,213042
3986,0.000973,172.217.194.0-255,3602,77516,56,213042
3987,0.000978,172.31.46.0-255,66,77582,56,213042
3988,0.001157,172.217.194.0-255,1484,79066,56,213042
3989,0.001182,172.217.194.0-255,2902,81968,56,213042
3990,0.001187,172.31.46.0-255,66,82034,56,213042
3991,0.001193,172.217.194.0-255,5738,87772,56,213042
3992,0.001213,172.31.46.0-255,66,87838,56,213042
3993,0.001282,172.31.46.0-255,66,87904,56,213042
3994,0.001294,172.217.194.0-255,7156,95060,56,213042
3995,0.001317,172.217.194.0-255,4320,99380,56,213042
3996,0.001344,172.217.194.0-255,2902,102282,56,213042
3997,0.001348,172.31.46.0-255,66,102348,56,213042
3998,0.001352,172.31.46.0-255,66,102414,56,213042
3999,0.001362,172.217.194.0-255,2902,105316,56,213042
4000,0.001398,172.217.194.0-255,6438,111754,56,213042
4001,0.001402,172.31.46.0-255,66,111820,56,213042
4002,0.001407,172.31.46.0-255,66,111886,56,213042
4003,0.001703,172.217.194.0-255,1484,113370,56,213042
4004,0.001711,172.217.194.0-255,2902,116272,56,213042
4005,0.001716,172.217.194.0-255,2902,119174,56,213042
4006,0.001737,172.217.194.0-255,2902,122076,56,213042
4007,0.001792,172.217.194.0-255,2902,124978,56,213042
4008,0.002075,172.217.194.0-255,1484,126462,56,213042
4009,0.002082,172.217.194.0-255,2902,129364,56,213042
4010,0.002089,172.217.194.0-255,5738,135102,56,213042
4011,0.002118,172.217.194.0-255,4320,139422,56,213042
4012,0.002328,172.217.194.0-255,1484,140906,56,213042
4013,0.002335,172.217.194.0-255,2902,143808,56,213042
4014,0.002341,172.217.194.0-255,4320,148128,56,213042
4015,0.002356,172.217.194.0-255,1484,149612,56,213042
4016,0.002399,172.217.194.0-255,7156,156768,56,213042
4017,0.002422,172.217.194.0-255,3602,160370,56,213042
4018,0.002461,172.217.194.0-255,4320,164690,56,213042
4019,0.00251,172.217.194.0-255,5020,169710,56,213042
4020,0.002531,172.217.194.0-255,1484,171194,56,213042
4021,0.002543,172.217.194.0-255,1484,172678,56,213042
4022,0.002555,172.217.194.0-255,1484,174162,56,213042
4023,0.002561,172.217.194.0-255,5738,179900,56,213042
4024,0.002615,172.217.194.0-255,4320,184220,56,213042
4025,0.002661,172.217.194.0-255,2902,187122,56,213042
4026,0.002699,172.217.194.0-255,5738,192860,56,213042
4027,0.002719,172.217.194.0-255,7156,200016,56,213042
4028,0.002754,172.217.194.0-255,7156,207172,56,213042
4029,0.005941,172.31.46.0-255,66,207238,56,213042
4030,0.008611,172.217.194.0-255,5738,212976,56,213042
4031,0.008617,172.31.46.0-255,66,213042,56,213042
4032,0.0,172.217.194.0-255,153,153,56,150207
4033,2.2e-05,172.31.46.0-255,66,219,56,150207
4034,3e-05,172.217.194.0-255,1484,1703,56,150207
4035,3.4e-05,172.31.46.0-255,66,1769,56,150207
4036,3.9e-05,172.217.194.0-255,2902,4671,56,150207
4037,4.3e-05,172.31.46.0-255,66,4737,56,150207
4038,5.1e-05,172.217.194.0-255,7156,11893,56,150207
4039,5.4e-05,172.31.46.0-255,66,11959,56,150207
4040,5.8e-05,172.217.194.0-255,2007,13966,56,150207
4041,6.1e-05,172.31.46.0-255,66,14032,56,150207
4042,9.8e-05,172.217.194.0-255,2902,16934,56,150207
4043,0.000102,172.31.46.0-255,66,17000,56,150207
4044,0.000109,172.217.194.0-255,4320,21320,56,150207
4045,0.000112,172.31.46.0-255,66,21386,56,150207
4046,0.000148,172.31.46.0-255,66,21452,56,150207
4047,0.000188,172.217.194.0-255,2902,24354,56,150207
4048,0.000191,172.31.46.0-255,66,24420,56,150207
4049,0.000217,172.31.46.0-255,66,24486,56,150207
4050,0.000223,172.217.194.0-255,5379,29865,56,150207
4051,0.000226,172.31.46.0-255,66,29931,56,150207
4052,0.000231,172.217.194.0-255,4320,34251,56,150207
4053,0.000233,172.31.46.0-255,66,34317,56,150207
4054,0.000254,172.217.194.0-255,1484,35801,56,150207
4055,0.000256,172.31.46.0-255,66,35867,56,150207
4056,0.000286,172.31.46.0-255,66,35933,56,150207
4057,0.000626,172.217.194.0-255,366,36299,56,150207
4058,0.000631,172.31.46.0-255,66,36365,56,150207
4059,0.001002,172.217.194.0-255,1484,37849,56,150207
4060,0.001007,172.31.46.0-255,66,37915,56,150207
4061,0.001011,172.217.194.0-255,1484,39399,56,150207
4062,0.001028,172.217.194.0-255,1484,40883,56,150207
4063,0.001037,172.31.46.0-255,66,40949,56,150207
4064,0.001053,172.217.194.0-255,5738,46687,56,150207
4065,0.001085,172.31.46.0-255,66,46753,56,150207
4066,0.001117,172.31.46.0-255,66,46819,56,150207
4067,0.00113,172.217.194.0-255,5020,51839,56,150207
4068,0.00114,172.31.46.0-255,66,51905,56,150207
4069,0.001448,172.217.194.0-255,1484,53389,56,150207
4070,0.001457,172.217.194.0-255,2902,56291,56,150207
4071,0.00146,172.31.46.0-255,66,56357,56,150207
4072,0.001468,172.217.194.0-255,5738,62095,56,150207
4073,0.001495,172.217.194.0-255,7156,69251,56,150207
4074,0.001532,172.217.194.0-255,1484,70735,56,150207
4075,0.001549,172.217.194.0-255,6438,77173,56,150207
4076,0.001721,172.217.194.0-255,1484,78657,56,150207
4077,0.001727,172.217.194.0-255,2902,81559,56,150207
4078,0.00175,172.217.194.0-255,5738,87297,56,150207
4079,0.001779,172.217.194.0-255,5738,93035,56,150207
4080,0.001795,172.217.194.0-255,7156,100191,56,150207
4081,0.001803,172.217.194.0-255,7156,107347,56,150207
4082,0.001845,172.217.194.0-255,3602,110949,56,150207
4083,0.001932,172.217.194.0-255,1484,112433,56,150207
4084,0.001945,172.217.194.0-255,2902,115335,56,150207
4085,0.001948,172.217.194.0-255,1484,116819,56,150207
4086,0.001967,172.217.194.0-255,4320,121139,56,150207
4087,0.001971,172.217.194.0-255,1484,122623,56,150207
4088,0.002055,172.217.194.0-255,1484,124107,56,150207
4089,0.002059,172.217.194.0-255,1484,125591,56,150207
4090,0.002075,172.217.194.0-255,1484,127075,56,150207
4091,0.002097,172.217.194.0-255,5738,132813,56,150207
4092,0.002193,172.217.194.0-255,3602,136415,56,150207
4093,0.002246,172.217.194.0-255,4320,140735,56,150207
4094,0.002263,172.217.194.0-255,766,141501,56,150207
4095,0.002277,172.217.194.0-255,5738,147239,56,150207
4096,0.002339,172.217.194.0-255,2902,150141,56,150207
4097,0.007845,172.31.46.0-255,66,150207,56,150207
4098,0.0,74.125.130.0-255,153,153,56,162742
4099,2.4e-05,172.31.46.0-255,66,219,56,162742
4100,3.2e-05,74.125.130.0-255,1484,1703,56,162742
4101,3.7e-05,172.31.46.0-255,66,1769,56,162742
4102,7e-05,74.125.130.0-255,2902,4671,56,162742
4103,7.4e-05,172.31.46.0-255,66,4737,56,162742
4104,7.7e-05,74.125.130.0-255,1484,6221,56,162742
4105,8.1e-05,172.31.46.0-255,66,6287,56,162742
4106,8.7e-05,74.125.130.0-255,2902,9189,56,162742
4107,9e-05,172.31.46.0-255,66,9255,56,162742
4108,0.000118,74.125.130.0-255,4805,14060,56,162742
4109,0.000121,172.31.46.0-255,66,14126,56,162742
4110,0.000153,74.125.130.0-255,2902,17028,56,162742
4111,0.000155,172.31.46.0-255,66,17094,56,162742
4112,0.000182,74.125.130.0-255,2902,19996,56,162742
4113,0.000185,172.31.46.0-255,66,20062,56,162742
4114,0.000188,74.125.130.0-255,1484,21546,56,162742
4115,0.00019,172.31.46.0-255,66,21612,56,162742
4116,0.000195,74.125.130.0-255,2902,24514,56,162742
4117,0.000202,172.31.46.0-255,66,24580,56,162742
4118,0.000232,74.125.130.0-255,4320,28900,56,162742
4119,0.000238,172.31.46.0-255,66,28966,56,162742
4120,0.000265,74.125.130.0-255,2543,31509,56,162742
4121,0.000267,172.31.46.0-255,66,31575,56,162742
4122,0.000577,74.125.130.0-255,1484,33059,56,162742
4123,0.000583,172.31.46.0-255,66,33125,56,162742
4124,0.000603,74.125.130.0-255,2902,36027,56,162742
4125,0.000607,172.31.46.0-255,66,36093,56,162742
4126,0.000625,74.125.130.0-255,1484,37577,56,162742
4127,0.000628,172.31.46.0-255,66,37643,56,162742
4128,0.000634,74.125.130.0-255,2902,40545,56,162742
4129,0.000638,172.31.46.0-255,66,40611,56,162742
4130,0.000675,74.125.130.0-255,5738,46349,56,162742
4131,0.000678,172.31.46.0-255,66,46415,56,162742
4132,0.000681,74.125.130.0-255,1484,47899,56,162742
4133,0.000706,74.125.130.0-255,2902,50801,56,162742
4134,0.000708,172.31.46.0-255,66,50867,56,162742
4135,0.000713,74.125.130.0-255,2902,53769,56,162742
4136,0.000715,172.31.46.0-255,66,53835,56,162742
4137,0.000759,74.125.130.0-255,4320,58155,56,162742
4138,0.000763,172.31.46.0-255,66,58221,56,162742
4139,0.000766,74.125.130.0-255,1484,59705,56,162742
4140,0.000836,74.125.130.0-255,2902,62607,56,162742
4141,0.00084,172.31.46.0-255,66,62673,56,162742
4142,0.000873,74.125.130.0-255,3602,66275,56,162742
4143,0.000876,172.31.46.0-255,66,66341,56,162742
4144,0.001551,74.125.130.0-255,363,66704,56,162742
4145,0.001582,74.125.130.0-255,1484,68188,56,162742
4146,0.001586,172.31.46.0-255,66,68254,56,162742
4147,0.001591,74.125.130.0-255,1484,69738,56,162742
4148,0.001613,74.125.130.0-255,1484,71222,56,162742
4149,0.001615,172.31.46.0-255,66,71288,56,162742
4150,0.001619,74.125.130.0-255,1484,72772,56,162742
4151,0.001642,74.125.130.0-255,2902,75674,56,162742
4152,0.001644,172.31.46.0-255,66,75740,56,162742
4153,0.001651,74.125.130.0-255,5738,81478,56,162742
4154,0.001654,172.31.46.0-255,66,81544,56,162742
4155,0.001686,74.125.130.0-255,5738,87282,56,162742
4156,0.001688,172.31.46.0-255,66,87348,56,162742
4157,0.001717,74.125.130.0-255,5738,93086,56,162742
4158,0.00172,172.31.46.0-255,66,93152,56,162742
4159,0.001753,172.31.46.0-255,66,93218,56,162742
4160,0.001979,74.125.130.0-255,1484,94702,56,162742
4161,0.001984,74.125.130.0-255,1484,96186,56,162742
4162,0.001987,172.31.46.0-255,66,96252,56,162742
4163,0.002021,74.125.130.0-255,1484,97736,56,162742
4164,0.002028,74.125.130.0-255,5738,103474,56,162742
4165,0.00203,172.31.46.0-255,66,103540,56,162742
4166,0.002034,74.125.130.0-255,1484,105024,56,162742
4167,0.002056,74.125.130.0-255,7156,112180,56,162742
4168,0.002058,172.31.46.0-255,66,112246,56,162742
4169,0.002064,74.125.130.0-255,2902,115148,56,162742
4170,0.002066,172.31.46.0-255,66,115214,56,162742
4171,0.002124,74.125.130.0-255,7156,122370,56,162742
4172,0.002127,172.31.46.0-255,66,122436,56,162742
4173,0.002134,74.125.130.0-255,4320,126756,56,162742
4174,0.002135,172.31.46.0-255,66,126822,56,162742
4175,0.002146,74.125.130.0-255,766,127588,56,162742
4176,0.00247,172.31.46.0-255,66,127654,56,162742
4177,0.002541,74.125.130.0-255,1484,129138,56,162742
4178,0.00256,74.125.130.0-255,2902,132040,56,162742
4179,0.002563,172.31.46.0-255,66,132106,56,162742
4180,0.00257,74.125.130.0-255,4320,136426,56,162742
4181,0.002572,172.31.46.0-255,66,136492,56,162742
4182,0.002597,74.125.130.0-255,1484,137976,56,162742
4183,0.002603,74.125.130.0-255,2902,140878,56,162742
4184,0.002606,172.31.46.0-255,66,140944,56,162742
4185,0.002612,74.125.130.0-255,4320,145264,56,162742
4186,0.002614,172.31.46.0-255,66,145330,56,162742
4187,0.002646,74.125.130.0-255,5738,151068,56,162742
4188,0.002648,172.31.46.0-255,66,151134,56,162742
4189,0.005266,74.125.130.0-255,5738,156872,56,162742
4190,0.005275,172.31.46.0-255,66,156938,56,162742
4191,0.007878,74.125.130.0-255,5738,162676,56,162742
4192,0.007887,172.31.46.0-255,66,162742,56,162742
4193,0.0,74.125.24.0-255,152,152,56,188020
4194,2.2e-05,172.31.46.0-255,66,218,56,188020
4195,2.9e-05,74.125.24.0-255,1484,1702,56,188020
4196,3.4e-05,172.31.46.0-255,66,1768,56,188020
4197,3.9e-05,74.125.24.0-255,2902,4670,56,188020
4198,4.3e-05,172.31.46.0-255,66,4736,56,188020
4199,5.9e-05,74.125.24.0-255,7156,11892,56,188020
4200,6.3e-05,172.31.46.0-255,66,11958,56,188020
4201,6.6e-05,74.125.24.0-255,1484,13442,56,188020
4202,6.9e-05,172.31.46.0-255,66,13508,56,188020
4203,0.000118,172.31.46.0-255,66,13574,56,188020
4204,0.000123,74.125.24.0-255,2543,16117,56,188020
4205,0.000125,172.31.46.0-255,66,16183,56,188020
4206,0.000219,74.125.24.0-255,1484,17667,56,188020
4207,0.000222,172.31.46.0-255,66,17733,56,188020
4208,0.000228,74.125.24.0-255,2902,20635,56,188020
4209,0.00023,172.31.46.0-255,66,20701,56,188020
4210,0.00026,74.125.24.0-255,5738,26439,56,188020
4211,0.000263,172.31.46.0-255,66,26505,56,188020
4212,0.00027,74.125.24.0-255,6797,33302,56,188020
4213,0.000273,172.31.46.0-255,66,33368,56,188020
4214,0.000423,74.125.24.0-255,1484,34852,56,188020
4215,0.000428,172.31.46.0-255,66,34918,56,188020
4216,0.000477,74.125.24.0-255,1484,36402,56,188020
4217,0.000479,172.31.46.0-255,66,36468,56,188020
4218,0.000498,74.125.24.0-255,2902,39370,56,188020
4219,0.000501,172.31.46.0-255,66,39436,56,188020
4220,0.000505,74.125.24.0-255,2902,42338,56,188020
4221,0.000507,172.31.46.0-255,66,42404,56,188020
4222,0.000537,74.125.24.0-255,2902,45306,56,188020
4223,0.00054,172.31.46.0-255,66,45372,56,188020
4224,0.000551,74.125.24.0-255,5379,50751,56,188020
4225,0.000554,172.31.46.0-255,66,50817,56,188020
4226,0.000598,172.31.46.0-255,66,50883,56,188020
4227,0.000603,74.125.24.0-255,3961,54844,56,188020
4228,0.000605,172.31.46.0-255,66,54910,56,188020
4229,0.000654,74.125.24.0-255,1484,56394,56,188020
4230,0.000675,74.125.24.0-255,2902,59296,56,188020
4231,0.000678,172.31.46.0-255,66,59362,56,188020
4232,0.000716,74.125.24.0-255,4320,63682,56,188020
4233,0.000718,172.31.46.0-255,66,63748,56,188020
4234,0.000745,74.125.24.0-255,1484,65232,56,188020
4235,0.000752,74.125.24.0-255,4320,69552,56,188020
4236,0.000755,172.31.46.0-255,66,69618,56,188020
4237,0.000781,74.125.24.0-255,3123,72741,56,188020
4238,0.000784,172.31.46.0-255,66,72807,56,188020
4239,0.000861,74.125.24.0-255,1484,74291,56,188020
4240,0.000866,74.125.24.0-255,1484,75775,56,188020
4241,0.000869,172.31.46.0-255,66,75841,56,188020
4242,0.000899,74.125.24.0-255,1484,77325,56,188020
4243,0.000907,74.125.24.0-255,5738,83063,56,188020
4244,0.000909,172.31.46.0-255,66,83129,56,188020
4245,0.000912,74.125.24.0-255,1484,84613,56,188020
4246,0.000929,172.31.46.0-255,66,84679,56,188020
4247,0.000968,172.31.46.0-255,66,84745,56,188020
4248,0.001005,74.125.24.0-255,1635,86380,56,188020
4249,0.001008,172.31.46.0-255,66,86446,56,188020
4250,0.001031,172.31.46.0-255,66,86512,56,188020
4251,0.001048,172.31.46.0-255,66,86578,56,188020
4252,0.001054,74.125.24.0-255,5020,91598,56,188020
4253,0.001057,172.31.46.0-255,66,91664,56,188020
4254,0.001101,74.125.24.0-255,1484,93148,56,188020
4255,0.001107,74.125.24.0-255,2902,96050,56,188020
4256,0.001109,172.31.46.0-255,66,96116,56,188020
4257,0.001143,74.125.24.0-255,5738,101854,56,188020
4258,0.001146,172.31.46.0-255,66,101920,56,188020
4259,0.001149,74.125.24.0-255,1484,103404,56,188020
4260,0.001186,172.31.46.0-255,66,103470,56,188020
4261,0.001215,74.125.24.0-255,7156,110626,56,188020
4262,0.001218,172.31.46.0-255,66,110692,56,188020
4263,0.001245,74.125.24.0-255,3602,114294,56,188020
4264,0.001248,172.31.46.0-255,66,114360,56,188020
4265,0.001311,74.125.24.0-255,1484,115844,56,188020
4266,0.001318,74.125.24.0-255,2902,118746,56,188020
4267,0.001322,172.31.46.0-255,66,118812,56,188020
4268,0.001328,74.125.24.0-255,4320,123132,56,188020
4269,0.001331,172.31.46.0-255,66,123198,56,188020
4270,0.001349,172.31.46.0-255,66,123264,56,188020
4271,0.001355,74.125.24.0-255,2902,126166,56,188020
4272,0.001357,172.31.46.0-255,66,126232,56,188020
4273,0.001398,172.31.46.0-255,66,126298,56,188020
4274,0.001433,74.125.24.0-255,3602,129900,56,188020
4275,0.001436,172.31.46.0-255,66,129966,56,188020
4276,0.001626,74.125.24.0-255,1484,131450,56,188020
4277,0.001666,74.125.24.0-255,2902,134352,56,188020
4278,0.001671,172.31.46.0-255,66,134418,56,188020
4279,0.001679,74.125.24.0-255,4320,138738,56,188020
4280,0.001681,172.31.46.0-255,66,138804,56,188020
4281,0.001693,74.125.24.0-255,5738,144542,56,188020
4282,0.001696,172.31.46.0-255,66,144608,56,188020
4283,0.001717,172.31.46.0-255,66,144674,56,188020
4284,0.00173,172.31.46.0-255,66,144740,56,188020
4285,0.001814,172.31.46.0-255,66,144806,56,188020
4286,0.001841,74.125.24.0-255,7156,151962,56,188020
4287,0.001844,172.31.46.0-255,66,152028,56,188020
4288,0.001862,172.31.46.0-255,66,152094,56,188020
4289,0.001865,74.125.24.0-255,766,152860,56,188020
4290,0.002093,74.125.24.0-255,1484,154344,56,188020
4291,0.0021,172.31.46.0-255,66,154410,56,188020
4292,0.002107,74.125.24.0-255,2902,157312,56,188020
4293,0.00211,172.31.46.0-255,66,157378,56,188020
4294,0.002116,74.125.24.0-255,5738,163116,56,188020
4295,0.002124,172.31.46.0-255,66,163182,56,188020
4296,0.002132,74.125.24.0-255,7156,170338,56,188020
4297,0.002134,172.31.46.0-255,66,170404,56,188020
4298,0.002169,172.31.46.0-255,66,170470,56,188020
4299,0.002196,74.125.24.0-255,2902,173372,56,188020
4300,0.002198,172.31.46.0-255,66,173438,56,188020
4301,0.002203,74.125.24.0-255,2184,175622,56,188020
4302,0.002205,172.31.46.0-255,66,175688,56,188020
4303,0.00221,74.125.24.0-255,4320,180008,56,188020
4304,0.002213,172.31.46.0-255,66,180074,56,188020
4305,0.002269,172.31.46.0-255,66,180140,56,188020
4306,0.002283,172.31.46.0-255,66,180206,56,188020
4307,0.002295,74.125.24.0-255,7156,187362,56,188020
4308,0.002298,172.31.46.0-255,66,187428,56,188020
4309,0.002344,172.31.46.0-255,66,187494,56,188020
4310,0.002356,172.31.46.0-255,66,187560,56,188020
4311,0.002397,172.31.46.0-255,66,187626,56,188020
4312,0.0024,74.125.24.0-255,289,187915,56,188020
4313,0.004737,74.125.24.0-255,105,188020,56,188020
4314,0.0,74.125.130.0-255,156,156,56,230919
4315,2.4e-05,172.31.46.0-255,66,222,56,230919
4316,3.1e-05,74.125.130.0-255,1484,1706,56,230919
4317,3.6e-05,172.31.46.0-255,66,1772,56,230919
4318,4.1e-05,74.125.130.0-255,2902,4674,56,230919
4319,4.5e-05,172.31.46.0-255,66,4740,56,230919
4320,4.8e-05,74.125.130.0-255,1484,6224,56,230919
4321,5.2e-05,172.31.46.0-255,66,6290,56,230919
4322,8e-05,74.125.130.0-255,2902,9192,56,230919
4323,8.3e-05,172.31.46.0-255,66,9258,56,230919
4324,0.000115,74.125.130.0-255,4956,14214,56,230919
4325,0.000118,172.31.46.0-255,66,14280,56,230919
4326,0.000285,74.125.130.0-255,1484,15764,56,230919
4327,0.000289,172.31.46.0-255,66,15830,56,230919
4328,0.000308,74.125.130.0-255,1484,17314,56,230919
4329,0.00031,172.31.46.0-255,66,17380,56,230919
4330,0.00033,74.125.130.0-255,2902,20282,56,230919
4331,0.000333,172.31.46.0-255,66,20348,56,230919
4332,0.000355,74.125.130.0-255,5738,26086,56,230919
4333,0.000358,172.31.46.0-255,66,26152,56,230919
4334,0.000361,74.125.130.0-255,1484,27636,56,230919
4335,0.000363,172.31.46.0-255,66,27702,56,230919
4336,0.000419,74.125.130.0-255,3961,31663,56,230919
4337,0.000422,172.31.46.0-255,66,31729,56,230919
4338,0.000443,74.125.130.0-255,4320,36049,56,230919
4339,0.000445,172.31.46.0-255,66,36115,56,230919
4340,0.000462,74.125.130.0-255,1484,37599,56,230919
4341,0.000464,172.31.46.0-255,66,37665,56,230919
4342,0.000477,74.125.130.0-255,4320,41985,56,230919
4343,0.00048,172.31.46.0-255,66,42051,56,230919
4344,0.000497,74.125.130.0-255,2902,44953,56,230919
4345,0.000499,172.31.46.0-255,66,45019,56,230919
4346,0.000516,74.125.130.0-255,3961,48980,56,230919
4347,0.000518,172.31.46.0-255,66,49046,56,230919
4348,0.000747,74.125.130.0-255,1484,50530,56,230919
4349,0.000771,74.125.130.0-255,2902,53432,56,230919
4350,0.000775,172.31.46.0-255,66,53498,56,230919
4351,0.00078,74.125.130.0-255,2902,56400,56,230919
4352,0.000782,172.31.46.0-255,66,56466,56,230919
4353,0.000787,74.125.130.0-255,4320,60786,56,230919
4354,0.00079,172.31.46.0-255,66,60852,56,230919
4355,0.000826,74.125.130.0-255,5379,66231,56,230919
4356,0.00083,172.31.46.0-255,66,66297,56,230919
4357,0.000906,74.125.130.0-255,1484,67781,56,230919
4358,0.000925,74.125.130.0-255,2902,70683,56,230919
4359,0.000928,172.31.46.0-255,66,70749,56,230919
4360,0.000931,74.125.130.0-255,1484,72233,56,230919
4361,0.000953,74.125.130.0-255,4320,76553,56,230919
4362,0.000955,172.31.46.0-255,66,76619,56,230919
4363,0.00097,74.125.130.0-255,2902,79521,56,230919
4364,0.000972,172.31.46.0-255,66,79587,56,230919
4365,0.000996,74.125.130.0-255,3961,83548,56,230919
4366,0.001,172.31.46.0-255,66,83614,56,230919
4367,0.001023,74.125.130.0-255,7156,90770,56,230919
4368,0.001026,172.31.46.0-255,66,90836,56,230919
4369,0.001069,74.125.130.0-255,1484,92320,56,230919
4370,0.001092,172.31.46.0-255,66,92386,56,230919
4371,0.001371,74.125.130.0-255,1484,93870,56,230919
4372,0.001377,74.125.130.0-255,2902,96772,56,230919
4373,0.00138,172.31.46.0-255,66,96838,56,230919
4374,0.0014,74.125.130.0-255,5738,102576,56,230919
4375,0.001403,172.31.46.0-255,66,102642,56,230919
4376,0.001437,74.125.130.0-255,5738,108380,56,230919
4377,0.001441,172.31.46.0-255,66,108446,56,230919
4378,0.001471,74.125.130.0-255,4320,112766,56,230919
4379,0.001474,172.31.46.0-255,66,112832,56,230919
4380,0.001492,74.125.130.0-255,2529,115361,56,230919
4381,0.001495,172.31.46.0-255,66,115427,56,230919
4382,0.001528,74.125.130.0-255,2902,118329,56,230919
4383,0.001531,172.31.46.0-255,66,118395,56,230919
4384,0.001551,74.125.130.0-255,2902,121297,56,230919
4385,0.001554,172.31.46.0-255,66,121363,56,230919
4386,0.001561,74.125.130.0-255,5738,127101,56,230919
4387,0.001563,172.31.46.0-255,66,127167,56,230919
4388,0.001589,172.31.46.0-255,66,127233,56,230919
4389,0.001652,74.125.130.0-255,2902,130135,56,230919
4390,0.001656,172.31.46.0-255,66,130201,56,230919
4391,0.001666,74.125.130.0-255,2902,133103,56,230919
4392,0.001668,172.31.46.0-255,66,133169,56,230919
4393,0.001692,74.125.130.0-255,2184,135353,56,230919
4394,0.001696,172.31.46.0-255,66,135419,56,230919
4395,0.001725,172.31.46.0-255,66,135485,56,230919
4396,0.001783,74.125.130.0-255,2902,138387,56,230919
4397,0.001787,172.31.46.0-255,66,138453,56,230919
4398,0.00181,74.125.130.0-255,4320,142773,56,230919
4399,0.001812,172.31.46.0-255,66,142839,56,230919
4400,0.001848,172.31.46.0-255,66,142905,56,230919
4401,0.00194,74.125.130.0-255,2184,145089,56,230919
4402,0.001944,172.31.46.0-255,66,145155,56,230919
4403,0.001968,74.125.130.0-255,2902,148057,56,230919
4404,0.001971,172.31.46.0-255,66,148123,56,230919
4405,0.001989,74.125.130.0-255,5738,153861,56,230919
4406,0.001991,172.31.46.0-255,66,153927,56,230919
4407,0.002007,74.125.130.0-255,1484,155411,56,230919
4408,0.002042,74.125.130.0-255,4320,159731,56,230919
4409,0.002045,172.31.46.0-255,66,159797,56,230919
4410,0.002077,172.31.46.0-255,66,159863,56,230919
4411,0.002137,74.125.130.0-255,2902,162765,56,230919
4412,0.002141,172.31.46.0-255,66,162831,56,230919
4413,0.002163,74.125.130.0-255,5020,167851,56,230919
4414,0.002168,172.31.46.0-255,66,167917,56,230919
4415,0.002201,74.125.130.0-255,1484,169401,56,230919
4416,0.002205,74.125.130.0-255,1484,170885,56,230919
4417,0.002207,172.31.46.0-255,66,170951,56,230919
4418,0.002226,74.125.130.0-255,1484,172435,56,230919
4419,0.002231,74.125.130.0-255,4320,176755,56,230919
4420,0.002234,172.31.46.0-255,66,176821,56,230919
4421,0.002259,74.125.130.0-255,4320,181141,56,230919
4422,0.002262,172.31.46.0-255,66,181207,56,230919
4423,0.002276,74.125.130.0-255,1484,182691,56,230919
4424,0.002311,172.31.46.0-255,66,182757,56,230919
4425,0.00233,74.125.130.0-255,2902,185659,56,230919
4426,0.002333,172.31.46.0-255,66,185725,56,230919
4427,0.002378,74.125.130.0-255,1484,187209,56,230919
4428,0.002411,74.125.130.0-255,6438,193647,56,230919
4429,0.002414,172.31.46.0-255,66,193713,56,230919
4430,0.002437,74.125.130.0-255,2902,196615,56,230919
4431,0.002439,172.31.46.0-255,66,196681,56,230919
4432,0.002465,74.125.130.0-255,5738,202419,56,230919
4433,0.002467,172.31.46.0-255,66,202485,56,230919
4434,0.002497,74.125.130.0-255,4320,206805,56,230919
4435,0.002501,172.31.46.0-255,66,206871,56,230919
4436,0.002518,74.125.130.0-255,2902,209773,56,230919
4437,0.00252,172.31.46.0-255,66,209839,56,230919
4438,0.002558,74.125.130.0-255,7156,216995,56,230919
4439,0.002561,172.31.46.0-255,66,217061,56,230919
4440,0.002592,172.31.46.0-255,66,217127,56,230919
4441,0.00265,74.125.130.0-255,766,217893,56,230919
4442,0.002684,74.125.130.0-255,7156,225049,56,230919
4443,0.002811,74.125.130.0-255,2902,227951,56,230919
4444,0.002825,74.125.130.0-255,2902,230853,56,230919
4445,0.007919,172.31.46.0-255,66,230919,56,230919
4446,0.0,74.125.130.0-255,152,152,56,228467
4447,2e-05,172.31.46.0-255,66,218,56,228467
4448,2.7e-05,74.125.130.0-255,1484,1702,56,228467
4449,3.2e-05,172.31.46.0-255,66,1768,56,228467
4450,3.9e-05,74.125.130.0-255,2902,4670,56,228467
4451,4.3e-05,172.31.46.0-255,66,4736,56,228467
4452,7.3e-05,74.125.130.0-255,5738,10474,56,228467
4453,7.6e-05,172.31.46.0-255,66,10540,56,228467
4454,8.3e-05,74.125.130.0-255,4948,15488,56,228467
4455,8.6e-05,172.31.46.0-255,66,15554,56,228467
4456,0.000117,74.125.130.0-255,5738,21292,56,228467
4457,0.00012,172.31.46.0-255,66,21358,56,228467
4458,0.000124,74.125.130.0-255,1484,22842,56,228467
4459,0.000127,172.31.46.0-255,66,22908,56,228467
4460,0.000143,74.125.130.0-255,4320,27228,56,228467
4461,0.000146,172.31.46.0-255,66,27294,56,228467
4462,0.000181,74.125.130.0-255,3961,31255,56,228467
4463,0.000185,172.31.46.0-255,66,31321,56,228467
4464,0.000342,74.125.130.0-255,1484,32805,56,228467
4465,0.000348,172.31.46.0-255,66,32871,56,228467
4466,0.000354,74.125.130.0-255,2902,35773,56,228467
4467,0.000357,172.31.46.0-255,66,35839,56,228467
4468,0.000381,74.125.130.0-255,5738,41577,56,228467
4469,0.000385,172.31.46.0-255,66,41643,56,228467
4470,0.000391,74.125.130.0-255,2902,44545,56,228467
4471,0.000393,172.31.46.0-255,66,44611,56,228467
4472,0.000399,74.125.130.0-255,3961,48572,56,228467
4473,0.000401,172.31.46.0-255,66,48638,56,228467
4474,0.000418,74.125.130.0-255,1484,50122,56,228467
4475,0.00042,172.31.46.0-255,66,50188,56,228467
4476,0.00045,74.125.130.0-255,7156,57344,56,228467
4477,0.000453,172.31.46.0-255,66,57410,56,228467
4478,0.000457,74.125.130.0-255,2902,60312,56,228467
4479,0.000459,172.31.46.0-255,66,60378,56,228467
4480,0.000543,74.125.130.0-255,5379,65757,56,228467
4481,0.000547,172.31.46.0-255,66,65823,56,228467
4482,0.000614,74.125.130.0-255,356,66179,56,228467
4483,0.000955,74.125.130.0-255,1484,67663,56,228467
4484,0.00096,172.31.46.0-255,66,67729,56,228467
4485,0.000982,74.125.130.0-255,2902,70631,56,228467
4486,0.000984,172.31.46.0-255,66,70697,56,228467
4487,0.000989,74.125.130.0-255,2902,73599,56,228467
4488,0.000991,172.31.46.0-255,66,73665,56,228467
4489,0.001013,74.125.130.0-255,2902,76567,56,228467
4490,0.001015,172.31.46.0-255,66,76633,56,228467
4491,0.001033,74.125.130.0-255,1484,78117,56,228467
4492,0.001059,74.125.130.0-255,5738,83855,56,228467
4493,0.001062,172.31.46.0-255,66,83921,56,228467
4494,0.001097,74.125.130.0-255,2902,86823,56,228467
4495,0.0011,172.31.46.0-255,66,86889,56,228467
4496,0.001122,74.125.130.0-255,4320,91209,56,228467
4497,0.001125,172.31.46.0-255,66,91275,56,228467
4498,0.001148,74.125.130.0-255,7156,98431,56,228467
4499,0.001151,172.31.46.0-255,66,98497,56,228467
4500,0.001167,74.125.130.0-255,1484,99981,56,228467
4501,0.001202,74.125.130.0-255,7156,107137,56,228467
4502,0.001206,172.31.46.0-255,66,107203,56,228467
4503,0.001225,74.125.130.0-255,766,107969,56,228467
4504,0.001237,172.31.46.0-255,66,108035,56,228467
4505,0.001241,74.125.130.0-255,2902,110937,56,228467
4506,0.001244,172.31.46.0-255,66,111003,56,228467
4507,0.001263,74.125.130.0-255,5738,116741,56,228467
4508,0.001266,172.31.46.0-255,66,116807,56,228467
4509,0.001271,74.125.130.0-255,4320,121127,56,228467
4510,0.001274,172.31.46.0-255,66,121193,56,228467
4511,0.001298,74.125.130.0-255,5020,126213,56,228467
4512,0.001301,172.31.46.0-255,66,126279,56,228467
4513,0.001303,74.125.130.0-255,1484,127763,56,228467
4514,0.001329,74.125.130.0-255,2902,130665,56,228467
4515,0.001332,172.31.46.0-255,66,130731,56,228467
4516,0.001338,74.125.130.0-255,5738,136469,56,228467
4517,0.00134,172.31.46.0-255,66,136535,56,228467
4518,0.001346,74.125.130.0-255,4320,140855,56,228467
4519,0.001349,172.31.46.0-255,66,140921,56,228467
4520,0.00138,74.125.130.0-255,5738,146659,56,228467
4521,0.001383,172.31.46.0-255,66,146725,56,228467
4522,0.001386,74.125.130.0-255,1484,148209,56,228467
4523,0.001443,172.31.46.0-255,66,148275,56,228467
4524,0.001456,74.125.130.0-255,1484,149759,56,228467
4525,0.00146,74.125.130.0-255,1925,151684,56,228467
4526,0.001462,172.31.46.0-255,66,151750,56,228467
4527,0.00208,74.125.130.0-255,1484,153234,56,228467
4528,0.002096,74.125.130.0-255,2902,156136,56,228467
4529,0.002101,172.31.46.0-255,66,156202,56,228467
4530,0.002109,74.125.130.0-255,1484,157686,56,228467
4531,0.002113,74.125.130.0-255,2902,160588,56,228467
4532,0.002115,172.31.46.0-255,66,160654,56,228467
4533,0.002168,74.125.130.0-255,5738,166392,56,228467
4534,0.002172,172.31.46.0-255,66,166458,56,228467
4535,0.002214,74.125.130.0-255,5379,171837,56,228467
4536,0.002216,172.31.46.0-255,66,171903,56,228467
4537,0.002254,74.125.130.0-255,5738,177641,56,228467
4538,0.002256,172.31.46.0-255,66,177707,56,228467
4539,0.002261,74.125.130.0-255,2902,180609,56,228467
4540,0.002263,172.31.46.0-255,66,180675,56,228467
4541,0.00229,74.125.130.0-255,4320,184995,56,228467
4542,0.002293,172.31.46.0-255,66,185061,56,228467
4543,0.002332,74.125.130.0-255,5738,190799,56,228467
4544,0.002335,172.31.46.0-255,66,190865,56,228467
4545,0.002365,74.125.130.0-255,2902,193767,56,228467
4546,0.002368,172.31.46.0-255,66,193833,56,228467
4547,0.002385,74.125.130.0-255,1484,195317,56,228467
4548,0.002407,74.125.130.0-255,2902,198219,56,228467
4549,0.00241,172.31.46.0-255,66,198285,56,228467
4550,0.002416,74.125.130.0-255,4320,202605,56,228467
4551,0.002418,172.31.46.0-255,66,202671,56,228467
4552,0.00245,74.125.130.0-255,766,203437,56,228467
4553,0.002544,74.125.130.0-255,1484,204921,56,228467
4554,0.002549,172.31.46.0-255,66,204987,56,228467
4555,0.002555,74.125.130.0-255,2902,207889,56,228467
4556,0.002556,172.31.46.0-255,66,207955,56,228467
4557,0.002578,74.125.130.0-255,2902,210857,56,228467
4558,0.00258,172.31.46.0-255,66,210923,56,228467
4559,0.002595,74.125.130.0-255,1484,212407,56,228467
4560,0.002626,74.125.130.0-255,4320,216727,56,228467
4561,0.002629,172.31.46.0-255,66,216793,56,228467
4562,0.002644,74.125.130.0-255,1484,218277,56,228467
4563,0.005231,74.125.130.0-255,4320,222597,56,228467
4564,0.005239,172.31.46.0-255,66,222663,56,228467
4565,0.007844,74.125.130.0-255,5738,228401,56,228467
4566,0.007849,172.31.46.0-255,66,228467,56,228467
4567,0.0,74.125.24.0-255,152,152,56,110191
4568,2.2e-05,172.31.46.0-255,66,218,56,110191
4569,3e-05,74.125.24.0-255,1484,1702,56,110191
4570,3.5e-05,172.31.46.0-255,66,1768,56,110191
4571,4.9e-05,74.125.24.0-255,2902,4670,56,110191
4572,5.3e-05,172.31.46.0-255,66,4736,56,110191
4573,6.1e-05,74.125.24.0-255,7156,11892,56,110191
4574,6.5e-05,172.31.46.0-255,66,11958,56,110191
4575,7.1e-05,74.125.24.0-255,3485,15443,56,110191
4576,7.3e-05,172.31.46.0-255,66,15509,56,110191
4577,8.8e-05,74.125.24.0-255,1484,16993,56,110191
4578,9.1e-05,172.31.46.0-255,66,17059,56,110191
4579,0.000139,172.31.46.0-255,66,17125,56,110191
4580,0.000144,74.125.24.0-255,2543,19668,56,110191
4581,0.000146,172.31.46.0-255,66,19734,56,110191
4582,0.000229,74.125.24.0-255,1484,21218,56,110191
4583,0.000233,172.31.46.0-255,66,21284,56,110191
4584,0.000238,74.125.24.0-255,2902,24186,56,110191
4585,0.00024,172.31.46.0-255,66,24252,56,110191
4586,0.000271,74.125.24.0-255,5738,29990,56,110191
4587,0.000274,172.31.46.0-255,66,30056,56,110191
4588,0.00028,74.125.24.0-255,5738,35794,56,110191
4589,0.000283,172.31.46.0-255,66,35860,56,110191
4590,0.000314,74.125.24.0-255,2902,38762,56,110191
4591,0.000317,172.31.46.0-255,66,38828,56,110191
4592,0.00033,172.31.46.0-255,66,38894,56,110191
4593,0.000336,74.125.24.0-255,5020,43914,56,110191
4594,0.000338,172.31.46.0-255,66,43980,56,110191
4595,0.000363,74.125.24.0-255,398,44378,56,110191
4596,0.000365,172.31.46.0-255,66,44444,56,110191
4597,0.00075,74.125.24.0-255,345,44789,56,110191
4598,0.000908,74.125.24.0-255,1484,46273,56,110191
4599,0.000913,172.31.46.0-255,66,46339,56,110191
4600,0.000921,74.125.24.0-255,2902,49241,56,110191
4601,0.000923,172.31.46.0-255,66,49307,56,110191
4602,0.000935,74.125.24.0-255,5738,55045,56,110191
4603,0.000937,172.31.46.0-255,66,55111,56,110191
4604,0.000965,74.125.24.0-255,2902,58013,56,110191
4605,0.000967,172.31.46.0-255,66,58079,56,110191
4606,0.001002,74.125.24.0-255,7156,65235,56,110191
4607,0.001015,172.31.46.0-255,66,65301,56,110191
4608,0.001023,172.31.46.0-255,66,65367,56,110191
4609,0.001033,74.125.24.0-255,3602,68969,56,110191
4610,0.001036,172.31.46.0-255,66,69035,56,110191
4611,0.001269,74.125.24.0-255,1484,70519,56,110191
4612,0.00129,74.125.24.0-255,2902,73421,56,110191
4613,0.001293,172.31.46.0-255,66,73487,56,110191
4614,0.0013,74.125.24.0-255,5738,79225,56,110191
4615,0.001302,172.31.46.0-255,66,79291,56,110191
4616,0.00134,172.31.46.0-255,66,79357,56,110191
4617,0.00137,74.125.24.0-255,2902,82259,56,110191
4618,0.001373,172.31.46.0-255,66,82325,56,110191
4619,0.001387,172.31.46.0-255,66,82391,56,110191
4620,0.001413,74.125.24.0-255,1484,83875,56,110191
4621,0.001417,74.125.24.0-255,2902,86777,56,110191
4622,0.001423,74.125.24.0-255,5738,92515,56,110191
4623,0.001428,172.31.46.0-255,66,92581,56,110191
4624,0.001431,172.31.46.0-255,66,92647,56,110191
4625,0.001484,172.31.46.0-255,66,92713,56,110191
4626,0.001497,172.31.46.0-255,66,92779,56,110191
4627,0.003813,74.125.24.0-255,5738,98517,56,110191
4628,0.003821,172.31.46.0-255,66,98583,56,110191
4629,0.00609,74.125.24.0-255,5738,104321,56,110191
4630,0.006094,172.31.46.0-255,66,104387,56,110191
4631,0.008361,74.125.24.0-255,5738,110125,56,110191
4632,0.008371,172.31.46.0-255,66,110191,56,110191
4633,0.0,172.217.194.0-255,148,148,56,223351
4634,2.3e-05,172.31.46.0-255,66,214,56,223351
4635,3e-05,172.217.194.0-255,1484,1698,56,223351
4636,3.6e-05,172.31.46.0-255,66,1764,56,223351
4637,4.9e-05,172.217.194.0-255,2902,4666,56,223351
4638,5.3e-05,172.31.46.0-255,66,4732,56,223351
4639,6.1e-05,172.217.194.0-255,7156,11888,56,223351
4640,6.4e-05,172.31.46.0-255,66,11954,56,223351
4641,0.000118,172.217.194.0-255,2106,14060,56,223351
4642,0.000121,172.31.46.0-255,66,14126,56,223351
4643,0.000159,172.217.194.0-255,1484,15610,56,223351
4644,0.000162,172.31.46.0-255,66,15676,56,223351
4645,0.000178,172.217.194.0-255,2902,18578,56,223351
4646,0.00018,172.31.46.0-255,66,18644,56,223351
4647,0.000206,172.217.194.0-255,4320,22964,56,223351
4648,0.000208,172.31.46.0-255,66,23030,56,223351
4649,0.000249,172.217.194.0-255,4320,27350,56,223351
4650,0.000251,172.31.46.0-255,66,27416,56,223351
4651,0.000275,172.217.194.0-255,3961,31377,56,223351
4652,0.000277,172.31.46.0-255,66,31443,56,223351
4653,0.000366,172.217.194.0-255,1484,32927,56,223351
4654,0.00037,172.31.46.0-255,66,32993,56,223351
4655,0.000374,172.217.194.0-255,2902,35895,56,223351
4656,0.000376,172.31.46.0-255,66,35961,56,223351
4657,0.000382,172.217.194.0-255,5738,41699,56,223351
4658,0.000389,172.31.46.0-255,66,41765,56,223351
4659,0.000414,172.217.194.0-255,4320,46085,56,223351
4660,0.000416,172.31.46.0-255,66,46151,56,223351
4661,0.000461,172.31.46.0-255,66,46217,56,223351
4662,0.000467,172.217.194.0-255,6797,53014,56,223351
4663,0.000469,172.31.46.0-255,66,53080,56,223351
4664,0.000605,172.217.194.0-255,355,53435,56,223351
4665,0.000682,172.217.194.0-255,388,53823,56,223351
4666,0.00099,172.31.46.0-255,66,53889,56,223351
4667,0.001024,172.217.194.0-255,1484,55373,56,223351
4668,0.001037,172.217.194.0-255,2902,58275,56,223351
4669,0.00104,172.31.46.0-255,66,58341,56,223351
4670,0.001043,172.217.194.0-255,1484,59825,56,223351
4671,0.001064,172.217.194.0-255,2902,62727,56,223351
4672,0.001065,172.31.46.0-255,66,62793,56,223351
4673,0.001104,172.217.194.0-255,5738,68531,56,223351
4674,0.001127,172.31.46.0-255,66,68597,56,223351
4675,0.001147,172.217.194.0-255,1484,70081,56,223351
4676,0.001168,172.31.46.0-255,66,70147,56,223351
4677,0.001297,172.217.194.0-255,1484,71631,56,223351
4678,0.001316,172.217.194.0-255,2902,74533,56,223351
4679,0.001321,172.217.194.0-255,4320,78853,56,223351
4680,0.001335,172.217.194.0-255,1484,80337,56,223351
4681,0.001339,172.217.194.0-255,2902,83239,56,223351
4682,0.001344,172.31.46.0-255,66,83305,56,223351
4683,0.001349,172.31.46.0-255,66,83371,56,223351
4684,0.00139,172.217.194.0-255,1484,84855,56,223351
4685,0.001426,172.217.194.0-255,7156,92011,56,223351
4686,0.001435,172.31.46.0-255,66,92077,56,223351
4687,0.001444,172.217.194.0-255,2184,94261,56,223351
4688,0.001454,172.31.46.0-255,66,94327,56,223351
4689,0.001514,172.217.194.0-255,1484,95811,56,223351
4690,0.001531,172.217.194.0-255,2902,98713,56,223351
4691,0.001535,172.31.46.0-255,66,98779,56,223351
4692,0.001547,172.217.194.0-255,5738,104517,56,223351
4693,0.001558,172.217.194.0-255,5738,110255,56,223351
4694,0.001576,172.31.46.0-255,66,110321,56,223351
4695,0.001604,172.217.194.0-255,5020,115341,56,223351
4696,0.001616,172.31.46.0-255,66,115407,56,223351
4697,0.001844,172.217.194.0-255,1484,116891,56,223351
4698,0.001851,172.217.194.0-255,2902,119793,56,223351
4699,0.001854,172.31.46.0-255,66,119859,56,223351
4700,0.001859,172.217.194.0-255,4320,124179,56,223351
4701,0.00188,172.217.194.0-255,1484,125663,56,223351
4702,0.001886,172.217.194.0-255,4320,129983,56,223351
4703,0.001915,172.217.194.0-255,2902,132885,56,223351
4704,0.00193,172.217.194.0-255,5738,138623,56,223351
4705,0.001935,172.31.46.0-255,66,138689,56,223351
4706,0.001943,172.217.194.0-255,2184,140873,56,223351
4707,0.001948,172.31.46.0-255,66,140939,56,223351
4708,0.002031,172.217.194.0-255,1484,142423,56,223351
4709,0.002053,172.217.194.0-255,2902,145325,56,223351
4710,0.002057,172.31.46.0-255,66,145391,56,223351
4711,0.002063,172.217.194.0-255,4320,149711,56,223351
4712,0.002086,172.217.194.0-255,1484,151195,56,223351
4713,0.002089,172.217.194.0-255,1484,152679,56,223351
4714,0.002102,172.217.194.0-255,5738,158417,56,223351
4715,0.002124,172.31.46.0-255,66,158483,56,223351
4716,0.002152,172.31.46.0-255,66,158549,56,223351
4717,0.003322,172.217.194.0-255,1484,160033,56,223351
4718,0.003343,172.217.194.0-255,2902,162935,56,223351
4719,0.003349,172.31.46.0-255,66,163001,56,223351
4720,0.003356,172.217.194.0-255,2902,165903,56,223351
4721,0.003358,172.31.46.0-255,66,165969,56,223351
4722,0.00339,172.217.194.0-255,7156,173125,56,223351
4723,0.003409,172.217.194.0-255,2902,176027,56,223351
4724,0.003429,172.217.194.0-255,5020,181047,56,223351
4725,0.003659,172.217.194.0-255,1484,182531,56,223351
4726,0.003666,172.217.194.0-255,1484,184015,56,223351
4727,0.003681,172.217.194.0-255,1484,185499,56,223351
4728,0.003683,172.217.194.0-255,1484,186983,56,223351
4729,0.003707,172.217.194.0-255,4320,191303,56,223351
4730,0.00371,172.217.194.0-255,1484,192787,56,223351
4731,0.003713,172.217.194.0-255,1484,194271,56,223351
4732,0.003775,172.217.194.0-255,2902,197173,56,223351
4733,0.003931,172.217.194.0-255,2902,200075,56,223351
4734,0.003981,172.217.194.0-255,5020,205095,56,223351
4735,0.003988,172.217.194.0-255,5738,210833,56,223351
4736,0.004019,172.217.194.0-255,7156,217989,56,223351
4737,0.00404,172.217.194.0-255,3602,221591,56,223351
4738,0.004063,172.217.194.0-255,1484,223075,56,223351
4739,0.004091,172.217.194.0-255,105,223180,56,223351
4740,0.007998,172.31.46.0-255,66,223246,56,223351
4741,0.009579,172.31.46.0-255,105,223351,56,223351
4742,0.0,74.125.68.0-255,146,146,56,208229
4743,2.7e-05,172.31.46.0-255,66,212,56,208229
4744,3.5e-05,74.125.68.0-255,1484,1696,56,208229
4745,4.1e-05,172.31.46.0-255,66,1762,56,208229
4746,5.7e-05,74.125.68.0-255,2902,4664,56,208229
4747,6.1e-05,172.31.46.0-255,66,4730,56,208229
4748,7e-05,74.125.68.0-255,7156,11886,56,208229
4749,7.3e-05,172.31.46.0-255,66,11952,56,208229
4750,7.7e-05,74.125.68.0-255,1987,13939,56,208229
4751,8.1e-05,172.31.46.0-255,66,14005,56,208229
4752,0.000127,74.125.68.0-255,1484,15489,56,208229
4753,0.00013,172.31.46.0-255,66,15555,56,208229
4754,0.000157,74.125.68.0-255,2902,18457,56,208229
4755,0.00016,172.31.46.0-255,66,18523,56,208229
4756,0.000166,74.125.68.0-255,2902,21425,56,208229
4757,0.000168,172.31.46.0-255,66,21491,56,208229
4758,0.000174,74.125.68.0-255,4320,25811,56,208229
4759,0.000176,172.31.46.0-255,66,25877,56,208229
4760,0.0002,74.125.68.0-255,1484,27361,56,208229
4761,0.000202,172.31.46.0-255,66,27427,56,208229
4762,0.000226,74.125.68.0-255,3961,31388,56,208229
4763,0.000229,172.31.46.0-255,66,31454,56,208229
4764,0.000306,74.125.68.0-255,1484,32938,56,208229
4765,0.000309,172.31.46.0-255,66,33004,56,208229
4766,0.000315,74.125.68.0-255,2902,35906,56,208229
4767,0.000317,172.31.46.0-255,66,35972,56,208229
4768,0.000336,74.125.68.0-255,5738,41710,56,208229
4769,0.000338,172.31.46.0-255,66,41776,56,208229
4770,0.000345,74.125.68.0-255,5738,47514,56,208229
4771,0.000352,172.31.46.0-255,66,47580,56,208229
4772,0.000409,74.125.68.0-255,1125,48705,56,208229
4773,0.000412,172.31.46.0-255,66,48771,56,208229
4774,0.000717,74.125.68.0-255,1484,50255,56,208229
4775,0.000723,172.31.46.0-255,66,50321,56,208229
4776,0.000731,74.125.68.0-255,2902,53223,56,208229
4777,0.000734,172.31.46.0-255,66,53289,56,208229
4778,0.000742,74.125.68.0-255,1484,54773,56,208229
4779,0.000745,172.31.46.0-255,66,54839,56,208229
4780,0.000774,74.125.68.0-255,4320,59159,56,208229
4781,0.000777,74.125.68.0-255,1484,60643,56,208229
4782,0.000781,172.31.46.0-255,66,60709,56,208229
4783,0.000784,172.31.46.0-255,66,60775,56,208229
4784,0.000817,74.125.68.0-255,5379,66154,56,208229
4785,0.000824,172.31.46.0-255,66,66220,56,208229
4786,0.000828,74.125.68.0-255,410,66630,56,208229
4787,0.00083,172.31.46.0-255,66,66696,56,208229
4788,0.00085,74.125.68.0-255,333,67029,56,208229
4789,0.000857,172.31.46.0-255,66,67095,56,208229
4790,0.001025,74.125.68.0-255,1484,68579,56,208229
4791,0.001029,172.31.46.0-255,66,68645,56,208229
4792,0.001054,74.125.68.0-255,2902,71547,56,208229
4793,0.001057,172.31.46.0-255,66,71613,56,208229
4794,0.001063,74.125.68.0-255,4320,75933,56,208229
4795,0.001065,172.31.46.0-255,66,75999,56,208229
4796,0.001086,74.125.68.0-255,1484,77483,56,208229
4797,0.001088,172.31.46.0-255,66,77549,56,208229
4798,0.001094,74.125.68.0-255,4320,81869,56,208229
4799,0.001096,172.31.46.0-255,66,81935,56,208229
4800,0.0011,74.125.68.0-255,1484,83419,56,208229
4801,0.001102,172.31.46.0-255,66,83485,56,208229
4802,0.001129,74.125.68.0-255,3961,87446,56,208229
4803,0.001132,172.31.46.0-255,66,87512,56,208229
4804,0.001137,74.125.68.0-255,2902,90414,56,208229
4805,0.001139,172.31.46.0-255,66,90480,56,208229
4806,0.001143,74.125.68.0-255,2902,93382,56,208229
4807,0.001145,172.31.46.0-255,66,93448,56,208229
4808,0.001156,74.125.68.0-255,1484,94932,56,208229
4809,0.001159,172.31.46.0-255,66,94998,56,208229
4810,0.001162,74.125.68.0-255,1484,96482,56,208229
4811,0.001164,172.31.46.0-255,66,96548,56,208229
4812,0.001201,74.125.68.0-255,5379,101927,56,208229
4813,0.001206,172.31.46.0-255,66,101993,56,208229
4814,0.00141,74.125.68.0-255,1484,103477,56,208229
4815,0.001416,172.31.46.0-255,66,103543,56,208229
4816,0.001422,74.125.68.0-255,2902,106445,56,208229
4817,0.001424,172.31.46.0-255,66,106511,56,208229
4818,0.001436,74.125.68.0-255,5738,112249,56,208229
4819,0.001439,172.31.46.0-255,66,112315,56,208229
4820,0.001476,74.125.68.0-255,5738,118053,56,208229
4821,0.00148,172.31.46.0-255,66,118119,56,208229
4822,0.001487,74.125.68.0-255,7156,125275,56,208229
4823,0.00149,172.31.46.0-255,66,125341,56,208229
4824,0.001492,74.125.68.0-255,1484,126825,56,208229
4825,0.001494,172.31.46.0-255,66,126891,56,208229
4826,0.001528,172.31.46.0-255,66,126957,56,208229
4827,0.001569,74.125.68.0-255,1484,128441,56,208229
4828,0.001572,172.31.46.0-255,66,128507,56,208229
4829,0.001598,74.125.68.0-255,2902,131409,56,208229
4830,0.0016,172.31.46.0-255,66,131475,56,208229
4831,0.001605,74.125.68.0-255,2902,134377,56,208229
4832,0.001608,172.31.46.0-255,66,134443,56,208229
4833,0.001612,74.125.68.0-255,2902,137345,56,208229
4834,0.001615,172.31.46.0-255,66,137411,56,208229
4835,0.001645,74.125.68.0-255,1484,138895,56,208229
4836,0.001648,172.31.46.0-255,66,138961,56,208229
4837,0.001659,172.31.46.0-255,66,139027,56,208229
4838,0.001666,74.125.68.0-255,7156,146183,56,208229
4839,0.001668,172.31.46.0-255,66,146249,56,208229
4840,0.001734,74.125.68.0-255,2902,149151,56,208229
4841,0.001737,172.31.46.0-255,66,149217,56,208229
4842,0.001768,74.125.68.0-255,3602,152819,56,208229
4843,0.001771,172.31.46.0-255,66,152885,56,208229
4844,0.001846,74.125.68.0-255,1484,154369,56,208229
4845,0.00185,172.31.46.0-255,66,154435,56,208229
4846,0.001855,74.125.68.0-255,2902,157337,56,208229
4847,0.001858,172.31.46.0-255,66,157403,56,208229
4848,0.001889,74.125.68.0-255,5738,163141,56,208229
4849,0.001892,172.31.46.0-255,66,163207,56,208229
4850,0.001898,74.125.68.0-255,4320,167527,56,208229
4851,0.0019,172.31.46.0-255,66,167593,56,208229
4852,0.00194,172.31.46.0-255,66,167659,56,208229
4853,0.001946,74.125.68.0-255,4320,171979,56,208229
4854,0.001948,172.31.46.0-255,66,172045,56,208229
4855,0.001972,74.125.68.0-255,4320,176365,56,208229
4856,0.001974,172.31.46.0-255,66,176431,56,208229
4857,0.001986,74.125.68.0-255,2184,178615,56,208229
4858,0.001989,172.31.46.0-255,66,178681,56,208229
4859,0.002026,74.125.68.0-255,5738,184419,56,208229
4860,0.00203,172.31.46.0-255,66,184485,56,208229
4861,0.002035,74.125.68.0-255,4320,188805,56,208229
4862,0.002037,172.31.46.0-255,66,188871,56,208229
4863,0.002058,74.125.68.0-255,1484,190355,56,208229
4864,0.00206,172.31.46.0-255,66,190421,56,208229
4865,0.004041,74.125.68.0-255,4320,194741,56,208229
4866,0.00405,172.31.46.0-255,66,194807,56,208229
4867,0.004076,74.125.68.0-255,1484,196291,56,208229
4868,0.004078,172.31.46.0-255,66,196357,56,208229
4869,0.006046,74.125.68.0-255,2902,199259,56,208229
4870,0.006051,172.31.46.0-255,66,199325,56,208229
4871,0.006079,74.125.68.0-255,2902,202227,56,208229
4872,0.006081,172.31.46.0-255,66,202293,56,208229
4873,0.008059,74.125.68.0-255,2902,205195,56,208229
4874,0.008068,172.31.46.0-255,66,205261,56,208229
4875,0.008089,74.125.68.0-255,2902,208163,56,208229
4876,0.008093,172.31.46.0-255,66,208229,56,208229
4877,0.0,172.217.194.0-255,147,147,56,177296
4878,2e-05,172.31.46.0-255,66,213,56,177296
4879,2.7e-05,172.217.194.0-255,1484,1697,56,177296
4880,3.1e-05,172.31.46.0-255,66,1763,56,177296
4881,3.7e-05,172.217.194.0-255,2902,4665,56,177296
4882,4e-05,172.31.46.0-255,66,4731,56,177296
4883,4.7e-05,172.217.194.0-255,5738,10469,56,177296
4884,4.9e-05,172.31.46.0-255,66,10535,56,177296
4885,5.6e-05,172.217.194.0-255,5738,16273,56,177296
4886,5.8e-05,172.31.46.0-255,66,16339,56,177296
4887,9.9e-05,172.31.46.0-255,66,16405,56,177296
4888,0.000107,172.217.194.0-255,6797,23202,56,177296
4889,0.000109,172.31.46.0-255,66,23268,56,177296
4890,0.000296,172.217.194.0-255,1484,24752,56,177296
4891,0.000302,172.31.46.0-255,66,24818,56,177296
4892,0.000307,172.217.194.0-255,2902,27720,56,177296
4893,0.00031,172.31.46.0-255,66,27786,56,177296
4894,0.000317,172.217.194.0-255,5738,33524,56,177296
4895,0.00032,172.31.46.0-255,66,33590,56,177296
4896,0.000324,172.217.194.0-255,2902,36492,56,177296
4897,0.000326,172.31.46.0-255,66,36558,56,177296
4898,0.000348,172.217.194.0-255,2902,39460,56,177296
4899,0.000351,172.31.46.0-255,66,39526,56,177296
4900,0.000368,172.217.194.0-255,1125,40651,56,177296
4901,0.00037,172.31.46.0-255,66,40717,56,177296
4902,0.000428,172.217.194.0-255,1484,42201,56,177296
4903,0.000431,172.31.46.0-255,66,42267,56,177296
4904,0.000436,172.217.194.0-255,2902,45169,56,177296
4905,0.000438,172.31.46.0-255,66,45235,56,177296
4906,0.000444,172.217.194.0-255,5738,50973,56,177296
4907,0.000447,172.31.46.0-255,66,51039,56,177296
4908,0.00047,172.217.194.0-255,2902,53941,56,177296
4909,0.000481,172.31.46.0-255,66,54007,56,177296
4910,0.000493,172.217.194.0-255,4274,58281,56,177296
4911,0.000525,172.31.46.0-255,66,58347,56,177296
4912,0.000852,172.217.194.0-255,365,58712,56,177296
4913,0.000914,172.217.194.0-255,1484,60196,56,177296
4914,0.000918,172.217.194.0-255,1484,61680,56,177296
4915,0.000929,172.217.194.0-255,1484,63164,56,177296
4916,0.000935,172.217.194.0-255,5738,68902,56,177296
4917,0.000938,172.217.194.0-255,1484,70386,56,177296
4918,0.000955,172.217.194.0-255,5379,75765,56,177296
4919,0.000958,172.31.46.0-255,66,75831,56,177296
4920,0.000966,172.31.46.0-255,66,75897,56,177296
4921,0.001003,172.217.194.0-255,2902,78799,56,177296
4922,0.00102,172.217.194.0-255,4320,83119,56,177296
4923,0.00105,172.31.46.0-255,66,83185,56,177296
4924,0.001054,172.217.194.0-255,1125,84310,56,177296
4925,0.001327,172.217.194.0-255,1484,85794,56,177296
4926,0.001331,172.31.46.0-255,66,85860,56,177296
4927,0.001351,172.217.194.0-255,2902,88762,56,177296
4928,0.001367,172.217.194.0-255,4320,93082,56,177296
4929,0.001371,172.217.194.0-255,2902,95984,56,177296
4930,0.001381,172.31.46.0-255,66,96050,56,177296
4931,0.001394,172.217.194.0-255,5738,101788,56,177296
4932,0.001398,172.31.46.0-255,66,101854,56,177296
4933,0.001442,172.31.46.0-255,66,101920,56,177296
4934,0.001461,172.217.194.0-255,2184,104104,56,177296
4935,0.001466,172.31.46.0-255,66,104170,56,177296
4936,0.001501,172.217.194.0-255,1484,105654,56,177296
4937,0.001505,172.217.194.0-255,1484,107138,56,177296
4938,0.001507,172.31.46.0-255,66,107204,56,177296
4939,0.001523,172.217.194.0-255,1484,108688,56,177296
4940,0.00153,172.217.194.0-255,5738,114426,56,177296
4941,0.001563,172.31.46.0-255,66,114492,56,177296
4942,0.001588,172.217.194.0-255,7156,121648,56,177296
4943,0.001602,172.31.46.0-255,66,121714,56,177296
4944,0.001634,172.31.46.0-255,66,121780,56,177296
4945,0.001669,172.217.194.0-255,1484,123264,56,177296
4946,0.001674,172.217.194.0-255,2902,126166,56,177296
4947,0.001681,172.31.46.0-255,66,126232,56,177296
4948,0.001691,172.217.194.0-255,4320,130552,56,177296
4949,0.001701,172.217.194.0-255,1484,132036,56,177296
4950,0.001714,172.217.194.0-255,4320,136356,56,177296
4951,0.001726,172.31.46.0-255,66,136422,56,177296
4952,0.001739,172.217.194.0-255,7156,143578,56,177296
4953,0.001765,172.217.194.0-255,1484,145062,56,177296
4954,0.001768,172.31.46.0-255,66,145128,56,177296
4955,0.0018,172.31.46.0-255,66,145194,56,177296
4956,0.001906,172.217.194.0-255,1484,146678,56,177296
4957,0.001928,172.217.194.0-255,1484,148162,56,177296
4958,0.001936,172.31.46.0-255,66,148228,56,177296
4959,0.001946,172.217.194.0-255,2902,151130,56,177296
4960,0.001961,172.217.194.0-255,4320,155450,56,177296
4961,0.001972,172.31.46.0-255,66,155516,56,177296
4962,0.001984,172.217.194.0-255,5738,161254,56,177296
4963,0.002,172.217.194.0-255,1484,162738,56,177296
4964,0.00201,172.31.46.0-255,66,162804,56,177296
4965,0.002031,172.217.194.0-255,6438,169242,56,177296
4966,0.00206,172.217.194.0-255,2902,172144,56,177296
4967,0.002067,172.31.46.0-255,66,172210,56,177296
4968,0.002132,172.217.194.0-255,5020,177230,56,177296
4969,0.008628,172.31.46.0-255,66,177296,56,177296
4970,0.0,74.125.24.0-255,153,153,56,127318
4971,1.7e-05,172.31.46.0-255,66,219,56,127318
4972,2.3e-05,74.125.24.0-255,1484,1703,56,127318
4973,2.7e-05,172.31.46.0-255,66,1769,56,127318
4974,3.3e-05,74.125.24.0-255,2902,4671,56,127318
4975,3.6e-05,172.31.46.0-255,66,4737,56,127318
4976,4.4e-05,74.125.24.0-255,7156,11893,56,127318
4977,4.7e-05,172.31.46.0-255,66,11959,56,127318
4978,5.1e-05,74.125.24.0-255,2140,14099,56,127318
4979,5.3e-05,172.31.46.0-255,66,14165,56,127318
4980,9.1e-05,172.31.46.0-255,66,14231,56,127318
4981,9.8e-05,74.125.24.0-255,5379,19610,56,127318
4982,0.0001,172.31.46.0-255,66,19676,56,127318
4983,0.000187,74.125.24.0-255,1484,21160,56,127318
4984,0.000191,172.31.46.0-255,66,21226,56,127318
4985,0.000197,74.125.24.0-255,2902,24128,56,127318
4986,0.000198,172.31.46.0-255,66,24194,56,127318
4987,0.000205,74.125.24.0-255,5738,29932,56,127318
4988,0.000207,172.31.46.0-255,66,29998,56,127318
4989,0.000242,74.125.24.0-255,7156,37154,56,127318
4990,0.000245,172.31.46.0-255,66,37220,56,127318
4991,0.000271,74.125.24.0-255,6797,44017,56,127318
4992,0.000273,172.31.46.0-255,66,44083,56,127318
4993,0.00028,74.125.24.0-255,5738,49821,56,127318
4994,0.000282,172.31.46.0-255,66,49887,56,127318
4995,0.000302,74.125.24.0-255,3961,53848,56,127318
4996,0.000305,172.31.46.0-255,66,53914,56,127318
4997,0.000322,74.125.24.0-255,358,54272,56,127318
4998,0.000324,172.31.46.0-255,66,54338,56,127318
4999,0.00083,74.125.24.0-255,385,54723,56,127318
5000,0.000835,172.31.46.0-255,66,54789,56,127318
5001,0.000957,74.125.24.0-255,1484,56273,56,127318
5002,0.000964,74.125.24.0-255,2902,59175,56,127318
5003,0.000967,172.31.46.0-255,66,59241,56,127318
5004,0.000971,74.125.24.0-255,1484,60725,56,127318
5005,0.000986,74.125.24.0-255,4320,65045,56,127318
5006,0.000989,172.31.46.0-255,66,65111,56,127318
5007,0.001003,74.125.24.0-255,2902,68013,56,127318
5008,0.001006,172.31.46.0-255,66,68079,56,127318
5009,0.001052,172.31.46.0-255,66,68145,56,127318
5010,0.001063,172.31.46.0-255,66,68211,56,127318
5011,0.001066,74.125.24.0-255,1125,69336,56,127318
5012,0.001341,172.31.46.0-255,66,69402,56,127318
5013,0.002004,74.125.24.0-255,1484,70886,56,127318
5014,0.002016,74.125.24.0-255,2902,73788,56,127318
5015,0.00202,172.31.46.0-255,66,73854,56,127318
5016,0.002029,74.125.24.0-255,5738,79592,56,127318
5017,0.002031,172.31.46.0-255,66,79658,56,127318
5018,0.002053,74.125.24.0-255,1484,81142,56,127318
5019,0.002065,172.31.46.0-255,66,81208,56,127318
5020,0.002085,74.125.24.0-255,4320,85528,56,127318
5021,0.002087,172.31.46.0-255,66,85594,56,127318
5022,0.002112,74.125.24.0-255,7156,92750,56,127318
5023,0.002115,172.31.46.0-255,66,92816,56,127318
5024,0.002132,74.125.24.0-255,2184,95000,56,127318
5025,0.002135,172.31.46.0-255,66,95066,56,127318
5026,0.002247,74.125.24.0-255,1484,96550,56,127318
5027,0.002254,74.125.24.0-255,2902,99452,56,127318
5028,0.002258,172.31.46.0-255,66,99518,56,127318
5029,0.002265,74.125.24.0-255,5738,105256,56,127318
5030,0.002268,172.31.46.0-255,66,105322,56,127318
5031,0.002297,172.31.46.0-255,66,105388,56,127318
5032,0.002317,74.125.24.0-255,4320,109708,56,127318
5033,0.00232,172.31.46.0-255,66,109774,56,127318
5034,0.00236,172.31.46.0-255,66,109840,56,127318
5035,0.002378,74.125.24.0-255,1484,111324,56,127318
5036,0.004713,74.125.24.0-255,4320,115644,56,127318
5037,0.004719,172.31.46.0-255,66,115710,56,127318
5038,0.007046,74.125.24.0-255,5738,121448,56,127318
5039,0.007052,172.31.46.0-255,66,121514,56,127318
5040,0.009373,74.125.24.0-255,5738,127252,56,127318
5041,0.009383,172.31.46.0-255,66,127318,56,127318
5042,0.0,74.125.24.0-255,146,146,56,181161
5043,2.7e-05,172.31.46.0-255,66,212,56,181161
5044,3.3e-05,74.125.24.0-255,1484,1696,56,181161
5045,3.7e-05,172.31.46.0-255,66,1762,56,181161
5046,4.3e-05,74.125.24.0-255,2902,4664,56,181161
5047,5.3e-05,172.31.46.0-255,66,4730,56,181161
5048,6.1e-05,74.125.24.0-255,7156,11886,56,181161
5049,6.5e-05,172.31.46.0-255,66,11952,56,181161
5050,6.9e-05,74.125.24.0-255,2106,14058,56,181161
5051,7.2e-05,172.31.46.0-255,66,14124,56,181161
5052,0.000116,74.125.24.0-255,1484,15608,56,181161
5053,0.000119,172.31.46.0-255,66,15674,56,181161
5054,0.000125,74.125.24.0-255,2902,18576,56,181161
5055,0.000127,172.31.46.0-255,66,18642,56,181161
5056,0.000132,74.125.24.0-255,2902,21544,56,181161
5057,0.000134,172.31.46.0-255,66,21610,56,181161
5058,0.000165,74.125.24.0-255,2902,24512,56,181161
5059,0.000167,172.31.46.0-255,66,24578,56,181161
5060,0.000172,74.125.24.0-255,2902,27480,56,181161
5061,0.000174,172.31.46.0-255,66,27546,56,181161
5062,0.000221,172.31.46.0-255,66,27612,56,181161
5063,0.000231,172.31.46.0-255,66,27678,56,181161
5064,0.000274,172.31.46.0-255,66,27744,56,181161
5065,0.000301,74.125.24.0-255,3602,31346,56,181161
5066,0.000303,172.31.46.0-255,66,31412,56,181161
5067,0.000307,74.125.24.0-255,370,31782,56,181161
5068,0.000309,172.31.46.0-255,66,31848,56,181161
5069,0.000363,74.125.24.0-255,129,31977,56,181161
5070,0.000366,172.31.46.0-255,66,32043,56,181161
5071,0.000526,74.125.24.0-255,1484,33527,56,181161
5072,0.000532,172.31.46.0-255,66,33593,56,181161
5073,0.000537,74.125.24.0-255,2902,36495,56,181161
5074,0.00054,172.31.46.0-255,66,36561,56,181161
5075,0.000572,74.125.24.0-255,5738,42299,56,181161
5076,0.000575,172.31.46.0-255,66,42365,56,181161
5077,0.000611,172.31.46.0-255,66,42431,56,181161
5078,0.000624,74.125.24.0-255,4320,46751,56,181161
5079,0.00063,172.31.46.0-255,66,46817,56,181161
5080,0.000643,172.31.46.0-255,66,46883,56,181161
5081,0.000646,74.125.24.0-255,342,47225,56,181161
5082,0.000648,172.31.46.0-255,66,47291,56,181161
5083,0.001176,74.125.24.0-255,1484,48775,56,181161
5084,0.001182,172.31.46.0-255,66,48841,56,181161
5085,0.001188,74.125.24.0-255,2902,51743,56,181161
5086,0.001193,74.125.24.0-255,2902,54645,56,181161
5087,0.001213,74.125.24.0-255,2902,57547,56,181161
5088,0.00122,74.125.24.0-255,5738,63285,56,181161
5089,0.001231,172.31.46.0-255,66,63351,56,181161
5090,0.00125,74.125.24.0-255,7156,70507,56,181161
5091,0.001282,172.31.46.0-255,66,70573,56,181161
5092,0.001524,74.125.24.0-255,1484,72057,56,181161
5093,0.001536,74.125.24.0-255,2902,74959,56,181161
5094,0.001539,172.31.46.0-255,66,75025,56,181161
5095,0.001542,74.125.24.0-255,1484,76509,56,181161
5096,0.001571,74.125.24.0-255,4320,80829,56,181161
5097,0.001578,74.125.24.0-255,7156,87985,56,181161
5098,0.001585,172.31.46.0-255,66,88051,56,181161
5099,0.001603,74.125.24.0-255,5738,93789,56,181161
5100,0.001606,74.125.24.0-255,1484,95273,56,181161
5101,0.00164,172.31.46.0-255,66,95339,56,181161
5102,0.001725,74.125.24.0-255,1484,96823,56,181161
5103,0.001739,74.125.24.0-255,2902,99725,56,181161
5104,0.001742,172.31.46.0-255,66,99791,56,181161
5105,0.00175,74.125.24.0-255,5738,105529,56,181161
5106,0.001768,172.31.46.0-255,66,105595,56,181161
5107,0.001776,74.125.24.0-255,7156,112751,56,181161
5108,0.001802,74.125.24.0-255,5738,118489,56,181161
5109,0.001805,172.31.46.0-255,66,118555,56,181161
5110,0.001835,74.125.24.0-255,2184,120739,56,181161
5111,0.001849,172.31.46.0-255,66,120805,56,181161
5112,0.001915,74.125.24.0-255,1484,122289,56,181161
5113,0.00192,74.125.24.0-255,2902,125191,56,181161
5114,0.001929,172.31.46.0-255,66,125257,56,181161
5115,0.001948,74.125.24.0-255,5738,130995,56,181161
5116,0.001962,172.31.46.0-255,66,131061,56,181161
5117,0.001983,74.125.24.0-255,4320,135381,56,181161
5118,0.001994,172.31.46.0-255,66,135447,56,181161
5119,0.002014,74.125.24.0-255,7156,142603,56,181161
5120,0.002036,172.31.46.0-255,66,142669,56,181161
5121,0.002078,74.125.24.0-255,1484,144153,56,181161
5122,0.002123,74.125.24.0-255,3602,147755,56,181161
5123,0.002142,74.125.24.0-255,5738,153493,56,181161
5124,0.002146,172.31.46.0-255,66,153559,56,181161
5125,0.002176,74.125.24.0-255,1484,155043,56,181161
5126,0.00218,74.125.24.0-255,2902,157945,56,181161
5127,0.002186,74.125.24.0-255,5738,163683,56,181161
5128,0.002256,74.125.24.0-255,1484,165167,56,181161
5129,0.002276,74.125.24.0-255,2902,168069,56,181161
5130,0.002281,74.125.24.0-255,4320,172389,56,181161
5131,0.002294,74.125.24.0-255,1484,173873,56,181161
5132,0.002307,74.125.24.0-255,2902,176775,56,181161
5133,0.002321,74.125.24.0-255,4320,181095,56,181161
5134,0.00829,172.31.46.0-255,66,181161,56,181161
5135,0.0,172.31.46.0-255,105,105,56,276
5136,0.001834,157.240.25.0-255,105,210,56,276
5137,0.001849,172.31.46.0-255,66,276,56,276
5138,0.0,74.125.24.0-255,146,146,56,120198
5139,2.1e-05,172.31.46.0-255,66,212,56,120198
5140,2.9e-05,74.125.24.0-255,1484,1696,56,120198
5141,3.3e-05,172.31.46.0-255,66,1762,56,120198
5142,4.1e-05,74.125.24.0-255,2902,4664,56,120198
5143,4.5e-05,172.31.46.0-255,66,4730,56,120198
5144,5.2e-05,74.125.24.0-255,7156,11886,56,120198
5145,5.6e-05,172.31.46.0-255,66,11952,56,120198
5146,6.2e-05,74.125.24.0-255,4320,16272,56,120198
5147,6.5e-05,172.31.46.0-255,66,16338,56,120198
5148,0.000104,172.31.46.0-255,66,16404,56,120198
5149,0.000109,74.125.24.0-255,2543,18947,56,120198
5150,0.000111,172.31.46.0-255,66,19013,56,120198
5151,0.000138,74.125.24.0-255,1484,20497,56,120198
5152,0.00014,172.31.46.0-255,66,20563,56,120198
5153,0.000145,74.125.24.0-255,2902,23465,56,120198
5154,0.000147,172.31.46.0-255,66,23531,56,120198
5155,0.00015,74.125.24.0-255,1484,25015,56,120198
5156,0.000153,172.31.46.0-255,66,25081,56,120198
5157,0.000171,74.125.24.0-255,4320,29401,56,120198
5158,0.000174,172.31.46.0-255,66,29467,56,120198
5159,0.000181,74.125.24.0-255,6797,36264,56,120198
5160,0.000184,172.31.46.0-255,66,36330,56,120198
5161,0.000215,172.31.46.0-255,66,36396,56,120198
5162,0.000229,74.125.24.0-255,1484,37880,56,120198
5163,0.000231,172.31.46.0-255,66,37946,56,120198
5164,0.000236,74.125.24.0-255,2855,40801,56,120198
5165,0.000237,172.31.46.0-255,66,40867,56,120198
5166,0.000352,74.125.24.0-255,111,40978,56,120198
5167,0.000357,172.31.46.0-255,66,41044,56,120198
5168,0.000489,74.125.24.0-255,1484,42528,56,120198
5169,0.000498,74.125.24.0-255,2902,45430,56,120198
5170,0.000501,172.31.46.0-255,66,45496,56,120198
5171,0.000507,74.125.24.0-255,4320,49816,56,120198
5172,0.00051,172.31.46.0-255,66,49882,56,120198
5173,0.000523,74.125.24.0-255,1484,51366,56,120198
5174,0.000526,74.125.24.0-255,1484,52850,56,120198
5175,0.000528,172.31.46.0-255,66,52916,56,120198
5176,0.000556,172.31.46.0-255,66,52982,56,120198
5177,0.000573,74.125.24.0-255,1484,54466,56,120198
5178,0.000613,172.31.46.0-255,66,54532,56,120198
5179,0.001155,74.125.24.0-255,1484,56016,56,120198
5180,0.001162,74.125.24.0-255,2902,58918,56,120198
5181,0.001165,172.31.46.0-255,66,58984,56,120198
5182,0.001169,74.125.24.0-255,1484,60468,56,120198
5183,0.001189,74.125.24.0-255,4320,64788,56,120198
5184,0.001192,172.31.46.0-255,66,64854,56,120198
5185,0.001195,74.125.24.0-255,1484,66338,56,120198
5186,0.001221,172.31.46.0-255,66,66404,56,120198
5187,0.001226,74.125.24.0-255,2902,69306,56,120198
5188,0.001227,172.31.46.0-255,66,69372,56,120198
5189,0.001243,74.125.24.0-255,5738,75110,56,120198
5190,0.001245,172.31.46.0-255,66,75176,56,120198
5191,0.001262,74.125.24.0-255,2184,77360,56,120198
5192,0.001264,172.31.46.0-255,66,77426,56,120198
5193,0.001282,74.125.24.0-255,1484,78910,56,120198
5194,0.001287,74.125.24.0-255,2902,81812,56,120198
5195,0.001289,172.31.46.0-255,66,81878,56,120198
5196,0.001294,74.125.24.0-255,4320,86198,56,120198
5197,0.001296,172.31.46.0-255,66,86264,56,120198
5198,0.001318,74.125.24.0-255,1484,87748,56,120198
5199,0.00133,172.31.46.0-255,66,87814,56,120198
5200,0.001349,74.125.24.0-255,1484,89298,56,120198
5201,0.001364,172.31.46.0-255,66,89364,56,120198
5202,0.001893,74.125.24.0-255,1484,90848,56,120198
5203,0.001909,74.125.24.0-255,2902,93750,56,120198
5204,0.001913,172.31.46.0-255,66,93816,56,120198
5205,0.00192,74.125.24.0-255,5738,99554,56,120198
5206,0.001922,172.31.46.0-255,66,99620,56,120198
5207,0.001941,74.125.24.0-255,4320,103940,56,120198
5208,0.001944,172.31.46.0-255,66,104006,56,120198
5209,0.001994,172.31.46.0-255,66,104072,56,120198
5210,0.001998,172.31.46.0-255,66,104138,56,120198
5211,0.004094,74.125.24.0-255,5738,109876,56,120198
5212,0.004103,172.31.46.0-255,66,109942,56,120198
5213,0.006159,74.125.24.0-255,4320,114262,56,120198
5214,0.006166,172.31.46.0-255,66,114328,56,120198
5215,0.006185,74.125.24.0-255,1484,115812,56,120198
5216,0.008248,74.125.24.0-255,4320,120132,56,120198
5217,0.008255,172.31.46.0-255,66,120198,56,120198
5218,0.0,74.125.24.0-255,153,153,56,226226
5219,1.6e-05,172.31.46.0-255,66,219,56,226226
5220,2.3e-05,74.125.24.0-255,1484,1703,56,226226
5221,2.9e-05,172.31.46.0-255,66,1769,56,226226
5222,3.5e-05,74.125.24.0-255,2902,4671,56,226226
5223,3.8e-05,172.31.46.0-255,66,4737,56,226226
5224,4.6e-05,74.125.24.0-255,5738,10475,56,226226
5225,5e-05,172.31.46.0-255,66,10541,56,226226
5226,5.4e-05,74.125.24.0-255,3538,14079,56,226226
5227,5.8e-05,172.31.46.0-255,66,14145,56,226226
5228,0.000122,74.125.24.0-255,1484,15629,56,226226
5229,0.000125,172.31.46.0-255,66,15695,56,226226
5230,0.00013,74.125.24.0-255,2902,18597,56,226226
5231,0.000133,172.31.46.0-255,66,18663,56,226226
5232,0.000137,74.125.24.0-255,2902,21565,56,226226
5233,0.000139,172.31.46.0-255,66,21631,56,226226
5234,0.000158,74.125.24.0-255,2902,24533,56,226226
5235,0.000161,172.31.46.0-255,66,24599,56,226226
5236,0.000197,74.125.24.0-255,7156,31755,56,226226
5237,0.000199,172.31.46.0-255,66,31821,56,226226
5238,0.000224,74.125.24.0-255,6797,38618,56,226226
5239,0.000227,172.31.46.0-255,66,38684,56,226226
5240,0.000247,74.125.24.0-255,4320,43004,56,226226
5241,0.000249,172.31.46.0-255,66,43070,56,226226
5242,0.000274,74.125.24.0-255,5379,48449,56,226226
5243,0.000277,172.31.46.0-255,66,48515,56,226226
5244,0.000763,74.125.24.0-255,1484,49999,56,226226
5245,0.000769,172.31.46.0-255,66,50065,56,226226
5246,0.000775,74.125.24.0-255,2902,52967,56,226226
5247,0.000778,172.31.46.0-255,66,53033,56,226226
5248,0.000783,74.125.24.0-255,2902,55935,56,226226
5249,0.000785,172.31.46.0-255,66,56001,56,226226
5250,0.000808,74.125.24.0-255,2902,58903,56,226226
5251,0.00081,172.31.46.0-255,66,58969,56,226226
5252,0.000838,74.125.24.0-255,2902,61871,56,226226
5253,0.00084,172.31.46.0-255,66,61937,56,226226
5254,0.000854,74.125.24.0-255,4541,66478,56,226226
5255,0.000857,172.31.46.0-255,66,66544,56,226226
5256,0.000873,74.125.24.0-255,1484,68028,56,226226
5257,0.000884,74.125.24.0-255,1484,69512,56,226226
5258,0.000887,172.31.46.0-255,66,69578,56,226226
5259,0.000893,74.125.24.0-255,4320,73898,56,226226
5260,0.000895,172.31.46.0-255,66,73964,56,226226
5261,0.000898,74.125.24.0-255,1484,75448,56,226226
5262,0.000923,74.125.24.0-255,7156,82604,56,226226
5263,0.000926,172.31.46.0-255,66,82670,56,226226
5264,0.000942,74.125.24.0-255,4320,86990,56,226226
5265,0.000945,172.31.46.0-255,66,87056,56,226226
5266,0.000977,172.31.46.0-255,66,87122,56,226226
5267,0.000982,74.125.24.0-255,3602,90724,56,226226
5268,0.000985,172.31.46.0-255,66,90790,56,226226
5269,0.001404,74.125.24.0-255,1484,92274,56,226226
5270,0.001476,74.125.24.0-255,1484,93758,56,226226
5271,0.00148,172.31.46.0-255,66,93824,56,226226
5272,0.001488,74.125.24.0-255,2902,96726,56,226226
5273,0.001491,172.31.46.0-255,66,96792,56,226226
5274,0.001513,74.125.24.0-255,5738,102530,56,226226
5275,0.001516,172.31.46.0-255,66,102596,56,226226
5276,0.00154,74.125.24.0-255,2902,105498,56,226226
5277,0.001542,172.31.46.0-255,66,105564,56,226226
5278,0.001564,172.31.46.0-255,66,105630,56,226226
5279,0.001603,74.125.24.0-255,5738,111368,56,226226
5280,0.001605,172.31.46.0-255,66,111434,56,226226
5281,0.001624,74.125.24.0-255,3602,115036,56,226226
5282,0.001626,172.31.46.0-255,66,115102,56,226226
5283,0.001673,74.125.24.0-255,1484,116586,56,226226
5284,0.001695,74.125.24.0-255,2902,119488,56,226226
5285,0.001698,172.31.46.0-255,66,119554,56,226226
5286,0.001702,74.125.24.0-255,1484,121038,56,226226
5287,0.00172,74.125.24.0-255,4320,125358,56,226226
5288,0.001722,172.31.46.0-255,66,125424,56,226226
5289,0.001742,74.125.24.0-255,7156,132580,56,226226
5290,0.001745,172.31.46.0-255,66,132646,56,226226
5291,0.00178,74.125.24.0-255,5738,138384,56,226226
5292,0.001783,172.31.46.0-255,66,138450,56,226226
5293,0.001789,74.125.24.0-255,4320,142770,56,226226
5294,0.001792,172.31.46.0-255,66,142836,56,226226
5295,0.001814,74.125.24.0-255,4320,147156,56,226226
5296,0.001818,172.31.46.0-255,66,147222,56,226226
5297,0.001833,74.125.24.0-255,2184,149406,56,226226
5298,0.001835,172.31.46.0-255,66,149472,56,226226
5299,0.001933,74.125.24.0-255,1484,150956,56,226226
5300,0.00194,74.125.24.0-255,2902,153858,56,226226
5301,0.001944,172.31.46.0-255,66,153924,56,226226
5302,0.00195,74.125.24.0-255,2902,156826,56,226226
5303,0.001952,172.31.46.0-255,66,156892,56,226226
5304,0.001983,74.125.24.0-255,2902,159794,56,226226
5305,0.001986,172.31.46.0-255,66,159860,56,226226
5306,0.001994,74.125.24.0-255,7156,167016,56,226226
5307,0.001996,172.31.46.0-255,66,167082,56,226226
5308,0.002046,172.31.46.0-255,66,167148,56,226226
5309,0.00207,74.125.24.0-255,2902,170050,56,226226
5310,0.002073,172.31.46.0-255,66,170116,56,226226
5311,0.002077,74.125.24.0-255,2184,172300,56,226226
5312,0.00208,172.31.46.0-255,66,172366,56,226226
5313,0.002122,74.125.24.0-255,1484,173850,56,226226
5314,0.00214,74.125.24.0-255,2902,176752,56,226226
5315,0.002143,172.31.46.0-255,66,176818,56,226226
5316,0.00217,74.125.24.0-255,5738,182556,56,226226
5317,0.002173,172.31.46.0-255,66,182622,56,226226
5318,0.002178,74.125.24.0-255,4320,186942,56,226226
5319,0.002181,172.31.46.0-255,66,187008,56,226226
5320,0.002193,172.31.46.0-255,66,187074,56,226226
5321,0.002209,74.125.24.0-255,2902,189976,56,226226
5322,0.002212,172.31.46.0-255,66,190042,56,226226
5323,0.002223,172.31.46.0-255,66,190108,56,226226
5324,0.002242,74.125.24.0-255,7156,197264,56,226226
5325,0.002245,172.31.46.0-255,66,197330,56,226226
5326,0.002262,74.125.24.0-255,1484,198814,56,226226
5327,0.002268,74.125.24.0-255,4320,203134,56,226226
5328,0.002271,172.31.46.0-255,66,203200,56,226226
5329,0.002308,172.31.46.0-255,66,203266,56,226226
5330,0.002313,74.125.24.0-255,2902,206168,56,226226
5331,0.002315,172.31.46.0-255,66,206234,56,226226
5332,0.002341,172.31.46.0-255,66,206300,56,226226
5333,0.002361,74.125.24.0-255,2184,208484,56,226226
5334,0.002364,172.31.46.0-255,66,208550,56,226226
5335,0.004608,74.125.24.0-255,2902,211452,56,226226
5336,0.004617,172.31.46.0-255,66,211518,56,226226
5337,0.004654,74.125.24.0-255,2902,214420,56,226226
5338,0.004657,172.31.46.0-255,66,214486,56,226226
5339,0.006903,74.125.24.0-255,2902,217388,56,226226
5340,0.006924,172.31.46.0-255,66,217454,56,226226
5341,0.00693,74.125.24.0-255,2902,220356,56,226226
5342,0.006933,172.31.46.0-255,66,220422,56,226226
5343,0.009219,74.125.24.0-255,5738,226160,56,226226
5344,0.009224,172.31.46.0-255,66,226226,56,226226
5345,0.0,172.217.194.0-255,150,150,56,105852
5346,1.3e-05,172.31.46.0-255,66,216,56,105852
5347,1.9e-05,172.217.194.0-255,1484,1700,56,105852
5348,2.4e-05,172.31.46.0-255,66,1766,56,105852
5349,3.1e-05,172.217.194.0-255,2902,4668,56,105852
5350,3.5e-05,172.31.46.0-255,66,4734,56,105852
5351,4.2e-05,172.217.194.0-255,5738,10472,56,105852
5352,4.5e-05,172.31.46.0-255,66,10538,56,105852
5353,6.6e-05,172.217.194.0-255,1484,12022,56,105852
5354,6.9e-05,172.31.46.0-255,66,12088,56,105852
5355,7.4e-05,172.217.194.0-255,2075,14163,56,105852
5356,7.5e-05,172.31.46.0-255,66,14229,56,105852
5357,0.000166,172.217.194.0-255,1484,15713,56,105852
5358,0.00017,172.31.46.0-255,66,15779,56,105852
5359,0.000175,172.217.194.0-255,2902,18681,56,105852
5360,0.000177,172.31.46.0-255,66,18747,56,105852
5361,0.000182,172.217.194.0-255,2902,21649,56,105852
5362,0.000184,172.31.46.0-255,66,21715,56,105852
5363,0.000204,172.217.194.0-255,2902,24617,56,105852
5364,0.000207,172.31.46.0-255,66,24683,56,105852
5365,0.000234,172.217.194.0-255,6797,31480,56,105852
5366,0.000236,172.31.46.0-255,66,31546,56,105852
5367,0.000277,172.217.194.0-255,1484,33030,56,105852
5368,0.00028,172.31.46.0-255,66,33096,56,105852
5369,0.000284,172.217.194.0-255,2902,35998,56,105852
5370,0.000287,172.31.46.0-255,66,36064,56,105852
5371,0.000293,172.217.194.0-255,5738,41802,56,105852
5372,0.000295,172.31.46.0-255,66,41868,56,105852
5373,0.000329,172.217.194.0-255,6797,48665,56,105852
5374,0.000332,172.31.46.0-255,66,48731,56,105852
5375,0.000891,172.217.194.0-255,1484,50215,56,105852
5376,0.000897,172.31.46.0-255,66,50281,56,105852
5377,0.000902,172.217.194.0-255,2902,53183,56,105852
5378,0.000905,172.31.46.0-255,66,53249,56,105852
5379,0.000909,172.217.194.0-255,1484,54733,56,105852
5380,0.000913,172.217.194.0-255,1484,56217,56,105852
5381,0.000915,172.31.46.0-255,66,56283,56,105852
5382,0.000929,172.217.194.0-255,1484,57767,56,105852
5383,0.000936,172.217.194.0-255,5738,63505,56,105852
5384,0.000938,172.31.46.0-255,66,63571,56,105852
5385,0.000952,172.217.194.0-255,1484,65055,56,105852
5386,0.000963,172.217.194.0-255,1125,66180,56,105852
5387,0.000965,172.31.46.0-255,66,66246,56,105852
5388,0.001033,172.217.194.0-255,1484,67730,56,105852
5389,0.001037,172.217.194.0-255,2902,70632,56,105852
5390,0.001042,172.31.46.0-255,66,70698,56,105852
5391,0.001061,172.217.194.0-255,5738,76436,56,105852
5392,0.001064,172.31.46.0-255,66,76502,56,105852
5393,0.001086,172.217.194.0-255,4320,80822,56,105852
5394,0.00109,172.31.46.0-255,66,80888,56,105852
5395,0.001107,172.31.46.0-255,66,80954,56,105852
5396,0.001112,172.217.194.0-255,2902,83856,56,105852
5397,0.001114,172.31.46.0-255,66,83922,56,105852
5398,0.001149,172.31.46.0-255,66,83988,56,105852
5399,0.003204,172.217.194.0-255,4320,88308,56,105852
5400,0.003213,172.31.46.0-255,66,88374,56,105852
5401,0.003232,172.217.194.0-255,1484,89858,56,105852
5402,0.005239,172.217.194.0-255,4320,94178,56,105852
5403,0.005243,172.31.46.0-255,66,94244,56,105852
5404,0.007297,172.217.194.0-255,5738,99982,56,105852
5405,0.007303,172.31.46.0-255,66,100048,56,105852
5406,0.009365,172.217.194.0-255,5738,105786,56,105852
5407,0.009375,172.31.46.0-255,66,105852,56,105852
5408,0.0,172.217.194.0-255,291,291,56,193824
5409,1.3e-05,172.31.46.0-255,66,357,56,193824
5410,1.9e-05,172.217.194.0-255,1484,1841,56,193824
5411,2.4e-05,172.31.46.0-255,66,1907,56,193824
5412,3.8e-05,172.217.194.0-255,4320,6227,56,193824
5413,4.1e-05,172.31.46.0-255,66,6293,56,193824
5414,4.5e-05,172.217.194.0-255,2902,9195,56,193824
5415,4.8e-05,172.31.46.0-255,66,9261,56,193824
5416,8.9e-05,172.217.194.0-255,4610,13871,56,193824
5417,9.2e-05,172.31.46.0-255,66,13937,56,193824
5418,0.000102,172.31.46.0-255,66,14003,56,193824
5419,0.000117,172.31.46.0-255,66,14069,56,193824
5420,0.000195,172.217.194.0-255,1484,15553,56,193824
5421,0.000198,172.31.46.0-255,66,15619,56,193824
5422,0.000204,172.217.194.0-255,2902,18521,56,193824
5423,0.000206,172.31.46.0-255,66,18587,56,193824
5424,0.000213,172.217.194.0-255,5738,24325,56,193824
5425,0.00022,172.31.46.0-255,66,24391,56,193824
5426,0.00023,172.31.46.0-255,66,24457,56,193824
5427,0.000267,172.31.46.0-255,66,24523,56,193824
5428,0.000299,172.217.194.0-255,6786,31309,56,193824
5429,0.000301,172.31.46.0-255,66,31375,56,193824
5430,0.000304,172.217.194.0-255,361,31736,56,193824
5431,0.000306,172.31.46.0-255,66,31802,56,193824
5432,0.000414,172.217.194.0-255,1484,33286,56,193824
5433,0.000418,172.31.46.0-255,66,33352,56,193824
5434,0.000424,172.217.194.0-255,2902,36254,56,193824
5435,0.000427,172.31.46.0-255,66,36320,56,193824
5436,0.000437,172.217.194.0-255,5738,42058,56,193824
5437,0.00046,172.217.194.0-255,4320,46378,56,193824
5438,0.000504,172.217.194.0-255,1484,47862,56,193824
5439,0.000593,172.31.46.0-255,66,47928,56,193824
5440,0.000907,172.217.194.0-255,1484,49412,56,193824
5441,0.000915,172.217.194.0-255,2902,52314,56,193824
5442,0.000918,172.217.194.0-255,1484,53798,56,193824
5443,0.00094,172.217.194.0-255,4320,58118,56,193824
5444,0.000973,172.217.194.0-255,2902,61020,56,193824
5445,0.000978,172.31.46.0-255,66,61086,56,193824
5446,0.001012,172.31.46.0-255,66,61152,56,193824
5447,0.001021,172.217.194.0-255,2184,63336,56,193824
5448,0.001053,172.31.46.0-255,66,63402,56,193824
5449,0.00162,172.217.194.0-255,1484,64886,56,193824
5450,0.001629,172.217.194.0-255,2902,67788,56,193824
5451,0.001634,172.217.194.0-255,5738,73526,56,193824
5452,0.001661,172.217.194.0-255,1484,75010,56,193824
5453,0.001691,172.217.194.0-255,7156,82166,56,193824
5454,0.001712,172.217.194.0-255,2902,85068,56,193824
5455,0.001714,172.217.194.0-255,766,85834,56,193824
5456,0.001808,172.217.194.0-255,1484,87318,56,193824
5457,0.00182,172.217.194.0-255,2902,90220,56,193824
5458,0.001823,172.217.194.0-255,1484,91704,56,193824
5459,0.001834,172.217.194.0-255,2902,94606,56,193824
5460,0.001839,172.217.194.0-255,4320,98926,56,193824
5461,0.001854,172.217.194.0-255,1484,100410,56,193824
5462,0.001876,172.217.194.0-255,4320,104730,56,193824
5463,0.001891,172.217.194.0-255,1484,106214,56,193824
5464,0.001937,172.217.194.0-255,2184,108398,56,193824
5465,0.002102,172.217.194.0-255,1484,109882,56,193824
5466,0.002128,172.217.194.0-255,2902,112784,56,193824
5467,0.002134,172.217.194.0-255,5738,118522,56,193824
5468,0.002138,172.217.194.0-255,4320,122842,56,193824
5469,0.00216,172.217.194.0-255,5738,128580,56,193824
5470,0.002193,172.217.194.0-255,2902,131482,56,193824
5471,0.002215,172.217.194.0-255,5738,137220,56,193824
5472,0.002265,172.217.194.0-255,1484,138704,56,193824
5473,0.002282,172.217.194.0-255,3602,142306,56,193824
5474,0.002316,172.217.194.0-255,1484,143790,56,193824
5475,0.00233,172.217.194.0-255,1484,145274,56,193824
5476,0.002339,172.217.194.0-255,1484,146758,56,193824
5477,0.002355,172.217.194.0-255,2902,149660,56,193824
5478,0.002375,172.217.194.0-255,2902,152562,56,193824
5479,0.002378,172.217.194.0-255,1484,154046,56,193824
5480,0.002419,172.217.194.0-255,5738,159784,56,193824
5481,0.002449,172.217.194.0-255,1484,161268,56,193824
5482,0.002485,172.217.194.0-255,4320,165588,56,193824
5483,0.002514,172.217.194.0-255,5738,171326,56,193824
5484,0.002561,172.217.194.0-255,5020,176346,56,193824
5485,0.002593,172.217.194.0-255,4320,180666,56,193824
5486,0.002602,172.217.194.0-255,1484,182150,56,193824
5487,0.002637,172.217.194.0-255,2902,185052,56,193824
5488,0.002664,172.217.194.0-255,2902,187954,56,193824
5489,0.006166,172.31.46.0-255,66,188020,56,193824
5490,0.008804,172.217.194.0-255,5738,193758,56,193824
5491,0.00881,172.31.46.0-255,66,193824,56,193824
5492,0.0,172.31.46.0-255,105,105,56,276
5493,0.001752,157.240.25.0-255,105,210,56,276
5494,0.001765,172.31.46.0-255,66,276,56,276
5495,0.0,74.125.68.0-255,630,630,56,999
5496,0.000139,74.125.68.0-255,97,727,56,999
5497,0.007317,172.31.46.0-255,97,824,56,999
5498,0.007913,74.125.68.0-255,97,921,56,999
5499,0.007926,172.31.46.0-255,78,999,56,999
5500,0.0,172.217.194.0-255,301,301,56,160529
5501,2.4e-05,172.31.46.0-255,66,367,56,160529
5502,3e-05,172.217.194.0-255,1484,1851,56,160529
5503,3.4e-05,172.31.46.0-255,66,1917,56,160529
5504,4.1e-05,172.217.194.0-255,4320,6237,56,160529
5505,5.2e-05,172.31.46.0-255,66,6303,56,160529
5506,6e-05,172.217.194.0-255,5738,12041,56,160529
5507,6.3e-05,172.31.46.0-255,66,12107,56,160529
5508,6.8e-05,172.217.194.0-255,3302,15409,56,160529
5509,7.1e-05,172.31.46.0-255,66,15475,56,160529
5510,9.4e-05,172.217.194.0-255,4320,19795,56,160529
5511,9.6e-05,172.31.46.0-255,66,19861,56,160529
5512,0.000138,172.217.194.0-255,7156,27017,56,160529
5513,0.000141,172.31.46.0-255,66,27083,56,160529
5514,0.000147,172.217.194.0-255,3961,31044,56,160529
5515,0.00015,172.31.46.0-255,66,31110,56,160529
5516,0.000192,172.217.194.0-255,1484,32594,56,160529
5517,0.000195,172.31.46.0-255,66,32660,56,160529
5518,0.0002,172.217.194.0-255,2902,35562,56,160529
5519,0.000202,172.31.46.0-255,66,35628,56,160529
5520,0.000235,172.217.194.0-255,5738,41366,56,160529
5521,0.000238,172.31.46.0-255,66,41432,56,160529
5522,0.000271,172.31.46.0-255,66,41498,56,160529
5523,0.000289,172.217.194.0-255,2543,44041,56,160529
5524,0.000292,172.31.46.0-255,66,44107,56,160529
5525,0.0003,172.217.194.0-255,7156,51263,56,160529
5526,0.000303,172.31.46.0-255,66,51329,56,160529
5527,0.000328,172.217.194.0-255,2795,54124,56,160529
5528,0.000337,172.217.194.0-255,120,54244,56,160529
5529,0.000342,172.31.46.0-255,66,54310,56,160529
5530,0.000345,172.31.46.0-255,66,54376,56,160529
5531,0.000514,172.217.194.0-255,1484,55860,56,160529
5532,0.000541,172.217.194.0-255,2902,58762,56,160529
5533,0.000545,172.31.46.0-255,66,58828,56,160529
5534,0.000553,172.217.194.0-255,5738,64566,56,160529
5535,0.000555,172.31.46.0-255,66,64632,56,160529
5536,0.000597,172.31.46.0-255,66,64698,56,160529
5537,0.0006,172.217.194.0-255,1484,66182,56,160529
5538,0.000626,172.217.194.0-255,4320,70502,56,160529
5539,0.000629,172.31.46.0-255,66,70568,56,160529
5540,0.000648,172.217.194.0-255,3961,74529,56,160529
5541,0.000651,172.31.46.0-255,66,74595,56,160529
5542,0.000685,172.31.46.0-255,66,74661,56,160529
5543,0.000692,172.217.194.0-255,5738,80399,56,160529
5544,0.000694,172.31.46.0-255,66,80465,56,160529
5545,0.000723,172.217.194.0-255,4320,84785,56,160529
5546,0.000727,172.31.46.0-255,66,84851,56,160529
5547,0.000745,172.31.46.0-255,66,84917,56,160529
5548,0.000771,172.217.194.0-255,766,85683,56,160529
5549,0.000787,172.31.46.0-255,66,85749,56,160529
5550,0.000793,172.217.194.0-255,4320,90069,56,160529
5551,0.000796,172.31.46.0-255,66,90135,56,160529
5552,0.000836,172.31.46.0-255,66,90201,56,160529
5553,0.000859,172.217.194.0-255,1484,91685,56,160529
5554,0.000864,172.217.194.0-255,2902,94587,56,160529
5555,0.000866,172.31.46.0-255,66,94653,56,160529
5556,0.000872,172.217.194.0-255,5738,100391,56,160529
5557,0.000874,172.31.46.0-255,66,100457,56,160529
5558,0.00091,172.31.46.0-255,66,100523,56,160529
5559,0.00094,172.217.194.0-255,5738,106261,56,160529
5560,0.000943,172.31.46.0-255,66,106327,56,160529
5561,0.000983,172.31.46.0-255,66,106393,56,160529
5562,0.001007,172.31.46.0-255,66,106459,56,160529
5563,0.001011,172.217.194.0-255,2497,108956,56,160529
5564,0.001013,172.31.46.0-255,66,109022,56,160529
5565,0.001097,172.217.194.0-255,7156,116178,56,160529
5566,0.0011,172.31.46.0-255,66,116244,56,160529
5567,0.001111,172.31.46.0-255,66,116310,56,160529
5568,0.001137,172.31.46.0-255,66,116376,56,160529
5569,0.001139,172.217.194.0-255,766,117142,56,160529
5570,0.0012,172.31.46.0-255,66,117208,56,160529
5571,0.001219,172.31.46.0-255,66,117274,56,160529
5572,0.001242,172.217.194.0-255,1484,118758,56,160529
5573,0.001247,172.217.194.0-255,3602,122360,56,160529
5574,0.001249,172.31.46.0-255,66,122426,56,160529
5575,0.001314,172.217.194.0-255,1484,123910,56,160529
5576,0.001317,172.217.194.0-255,1484,125394,56,160529
5577,0.001322,172.31.46.0-255,66,125460,56,160529
5578,0.001347,172.217.194.0-255,1484,126944,56,160529
5579,0.001349,172.217.194.0-255,1484,128428,56,160529
5580,0.001352,172.31.46.0-255,66,128494,56,160529
5581,0.001377,172.217.194.0-255,4320,132814,56,160529
5582,0.00138,172.217.194.0-255,1484,134298,56,160529
5583,0.001385,172.31.46.0-255,66,134364,56,160529
5584,0.001408,172.31.46.0-255,66,134430,56,160529
5585,0.001422,172.31.46.0-255,66,134496,56,160529
5586,0.001426,172.217.194.0-255,1484,135980,56,160529
5587,0.001468,172.31.46.0-255,66,136046,56,160529
5588,0.001486,172.31.46.0-255,66,136112,56,160529
5589,0.001492,172.217.194.0-255,5020,141132,56,160529
5590,0.001494,172.31.46.0-255,66,141198,56,160529
5591,0.001497,172.217.194.0-255,1484,142682,56,160529
5592,0.0015,172.217.194.0-255,1484,144166,56,160529
5593,0.001502,172.31.46.0-255,66,144232,56,160529
5594,0.001535,172.217.194.0-255,1484,145716,56,160529
5595,0.001542,172.217.194.0-255,5738,151454,56,160529
5596,0.001545,172.31.46.0-255,66,151520,56,160529
5597,0.001553,172.217.194.0-255,7156,158676,56,160529
5598,0.001555,172.31.46.0-255,66,158742,56,160529
5599,0.001572,172.31.46.0-255,66,158808,56,160529
5600,0.001597,172.217.194.0-255,1484,160292,56,160529
5601,0.001612,172.31.46.0-255,66,160358,56,160529
5602,0.001638,172.31.46.0-255,66,160424,56,160529
5603,0.001698,172.217.194.0-255,105,160529,56,160529
5604,0.0,74.125.130.0-255,151,151,56,149665
5605,2.1e-05,172.31.46.0-255,66,217,56,149665
5606,2.8e-05,74.125.130.0-255,1484,1701,56,149665
5607,3.2e-05,172.31.46.0-255,66,1767,56,149665
5608,3.9e-05,74.125.130.0-255,2902,4669,56,149665
5609,4.2e-05,172.31.46.0-255,66,4735,56,149665
5610,4.9e-05,74.125.130.0-255,4320,9055,56,149665
5611,5.1e-05,172.31.46.0-255,66,9121,56,149665
5612,9.1e-05,172.31.46.0-255,66,9187,56,149665
5613,9.4e-05,74.125.130.0-255,1484,10671,56,149665
5614,9.6e-05,172.31.46.0-255,66,10737,56,149665
5615,0.000118,74.125.130.0-255,7156,17893,56,149665
5616,0.00012,172.31.46.0-255,66,17959,56,149665
5617,0.000125,74.125.130.0-255,2902,20861,56,149665
5618,0.000127,172.31.46.0-255,66,20927,56,149665
5619,0.000164,74.125.130.0-255,2543,23470,56,149665
5620,0.000167,172.31.46.0-255,66,23536,56,149665
5621,0.000272,74.125.130.0-255,1484,25020,56,149665
5622,0.000277,172.31.46.0-255,66,25086,56,149665
5623,0.000282,74.125.130.0-255,2902,27988,56,149665
5624,0.000285,172.31.46.0-255,66,28054,56,149665
5625,0.000311,74.125.130.0-255,5738,33792,56,149665
5626,0.000314,172.31.46.0-255,66,33858,56,149665
5627,0.000332,74.125.130.0-255,4320,38178,56,149665
5628,0.000335,172.31.46.0-255,66,38244,56,149665
5629,0.000338,74.125.130.0-255,1484,39728,56,149665
5630,0.00034,172.31.46.0-255,66,39794,56,149665
5631,0.000363,74.125.130.0-255,3961,43755,56,149665
5632,0.000365,172.31.46.0-255,66,43821,56,149665
5633,0.000398,172.31.46.0-255,66,43887,56,149665
5634,0.000419,74.125.130.0-255,4320,48207,56,149665
5635,0.000422,172.31.46.0-255,66,48273,56,149665
5636,0.000439,74.125.130.0-255,1379,49652,56,149665
5637,0.000753,74.125.130.0-255,116,49768,56,149665
5638,0.000941,74.125.130.0-255,1484,51252,56,149665
5639,0.000946,172.31.46.0-255,66,51318,56,149665
5640,0.000963,74.125.130.0-255,2902,54220,56,149665
5641,0.000966,172.31.46.0-255,66,54286,56,149665
5642,0.000986,74.125.130.0-255,1484,55770,56,149665
5643,0.00099,74.125.130.0-255,2902,58672,56,149665
5644,0.000992,172.31.46.0-255,66,58738,56,149665
5645,0.001014,74.125.130.0-255,5738,64476,56,149665
5646,0.001017,172.31.46.0-255,66,64542,56,149665
5647,0.001021,74.125.130.0-255,2543,67085,56,149665
5648,0.001023,172.31.46.0-255,66,67151,56,149665
5649,0.001053,74.125.130.0-255,2902,70053,56,149665
5650,0.001056,172.31.46.0-255,66,70119,56,149665
5651,0.001077,74.125.130.0-255,4320,74439,56,149665
5652,0.001079,172.31.46.0-255,66,74505,56,149665
5653,0.001102,74.125.130.0-255,1484,75989,56,149665
5654,0.001107,74.125.130.0-255,4320,80309,56,149665
5655,0.00111,172.31.46.0-255,66,80375,56,149665
5656,0.001133,74.125.130.0-255,2902,83277,56,149665
5657,0.001135,172.31.46.0-255,66,83343,56,149665
5658,0.001138,74.125.130.0-255,1125,84468,56,149665
5659,0.001329,74.125.130.0-255,381,84849,56,149665
5660,0.001428,172.31.46.0-255,66,84915,56,149665
5661,0.001691,74.125.130.0-255,1484,86399,56,149665
5662,0.0017,74.125.130.0-255,2902,89301,56,149665
5663,0.001704,172.31.46.0-255,66,89367,56,149665
5664,0.001727,74.125.130.0-255,5738,95105,56,149665
5665,0.00173,172.31.46.0-255,66,95171,56,149665
5666,0.001752,74.125.130.0-255,7156,102327,56,149665
5667,0.001754,172.31.46.0-255,66,102393,56,149665
5668,0.001773,74.125.130.0-255,1484,103877,56,149665
5669,0.001806,172.31.46.0-255,66,103943,56,149665
5670,0.001825,74.125.130.0-255,3602,107545,56,149665
5671,0.001828,172.31.46.0-255,66,107611,56,149665
5672,0.002074,74.125.130.0-255,1484,109095,56,149665
5673,0.002083,74.125.130.0-255,2902,111997,56,149665
5674,0.002087,172.31.46.0-255,66,112063,56,149665
5675,0.002112,74.125.130.0-255,5738,117801,56,149665
5676,0.002114,172.31.46.0-255,66,117867,56,149665
5677,0.002135,74.125.130.0-255,7156,125023,56,149665
5678,0.002138,172.31.46.0-255,66,125089,56,149665
5679,0.002157,74.125.130.0-255,2902,127991,56,149665
5680,0.002159,172.31.46.0-255,66,128057,56,149665
5681,0.002163,74.125.130.0-255,1484,129541,56,149665
5682,0.00219,172.31.46.0-255,66,129607,56,149665
5683,0.002195,74.125.130.0-255,2184,131791,56,149665
5684,0.002198,172.31.46.0-255,66,131857,56,149665
5685,0.004473,74.125.130.0-255,2902,134759,56,149665
5686,0.00448,172.31.46.0-255,66,134825,56,149665
5687,0.004526,74.125.130.0-255,2902,137727,56,149665
5688,0.004529,172.31.46.0-255,66,137793,56,149665
5689,0.006773,74.125.130.0-255,2902,140695,56,149665
5690,0.00678,172.31.46.0-255,66,140761,56,149665
5691,0.006815,74.125.130.0-255,2902,143663,56,149665
5692,0.006818,172.31.46.0-255,66,143729,56,149665
5693,0.009085,74.125.130.0-255,2902,146631,56,149665
5694,0.009092,172.31.46.0-255,66,146697,56,149665
5695,0.009129,74.125.130.0-255,2902,149599,56,149665
5696,0.009132,172.31.46.0-255,66,149665,56,149665
5697,0.0,172.217.194.0-255,152,152,56,66240
5698,1.4e-05,172.31.46.0-255,66,218,56,66240
5699,2e-05,172.217.194.0-255,1484,1702,56,66240
5700,2.5e-05,172.31.46.0-255,66,1768,56,66240
5701,3.7e-05,172.217.194.0-255,2902,4670,56,66240
5702,4e-05,172.31.46.0-255,66,4736,56,66240
5703,4.6e-05,172.217.194.0-255,7156,11892,56,66240
5704,5e-05,172.31.46.0-255,66,11958,56,66240
5705,5.4e-05,172.217.194.0-255,3515,15473,56,66240
5706,5.6e-05,172.31.46.0-255,66,15539,56,66240
5707,0.000101,172.31.46.0-255,66,15605,56,66240
5708,0.000106,172.217.194.0-255,2543,18148,56,66240
5709,0.000108,172.31.46.0-255,66,18214,56,66240
5710,0.000183,172.217.194.0-255,1484,19698,56,66240
5711,0.000185,172.31.46.0-255,66,19764,56,66240
5712,0.00019,172.217.194.0-255,2902,22666,56,66240
5713,0.000192,172.31.46.0-255,66,22732,56,66240
5714,0.000219,172.217.194.0-255,5738,28470,56,66240
5715,0.000221,172.31.46.0-255,66,28536,56,66240
5716,0.000234,172.217.194.0-255,5738,34274,56,66240
5717,0.000236,172.31.46.0-255,66,34340,56,66240
5718,0.000266,172.31.46.0-255,66,34406,56,66240
5719,0.000275,172.31.46.0-255,66,34472,56,66240
5720,0.000278,172.217.194.0-255,119,34591,56,66240
5721,0.00028,172.31.46.0-255,66,34657,56,66240
5722,0.000308,172.217.194.0-255,379,35036,56,66240
5723,0.00031,172.31.46.0-255,66,35102,56,66240
5724,0.001741,172.217.194.0-255,1484,36586,56,66240
5725,0.001747,172.31.46.0-255,66,36652,56,66240
5726,0.001754,172.217.194.0-255,2902,39554,56,66240
5727,0.001776,172.217.194.0-255,5738,45292,56,66240
5728,0.001782,172.217.194.0-255,7156,52448,56,66240
5729,0.001821,172.217.194.0-255,5738,58186,56,66240
5730,0.001825,172.217.194.0-255,2184,60370,56,66240
5731,0.005979,172.31.46.0-255,66,60436,56,66240
5732,0.008001,172.217.194.0-255,5738,66174,56,66240
5733,0.008009,172.31.46.0-255,66,66240,56,66240
5734,0.0,74.125.68.0-255,152,152,56,266215
5735,2.2e-05,172.31.46.0-255,66,218,56,266215
5736,2.9e-05,74.125.68.0-255,1484,1702,56,266215
5737,3.3e-05,172.31.46.0-255,66,1768,56,266215
5738,4.6e-05,74.125.68.0-255,2902,4670,56,266215
5739,5.1e-05,172.31.46.0-255,66,4736,56,266215
5740,5.4e-05,74.125.68.0-255,1484,6220,56,266215
5741,5.6e-05,172.31.46.0-255,66,6286,56,266215
5742,7.9e-05,74.125.68.0-255,2902,9188,56,266215
5743,8.2e-05,172.31.46.0-255,66,9254,56,266215
5744,8.9e-05,74.125.68.0-255,1484,10738,56,266215
5745,9.2e-05,172.31.46.0-255,66,10804,56,266215
5746,9.6e-05,74.125.68.0-255,2902,13706,56,266215
5747,9.8e-05,172.31.46.0-255,66,13772,56,266215
5748,0.000127,74.125.68.0-255,669,14441,56,266215
5749,0.00013,172.31.46.0-255,66,14507,56,266215
5750,0.000155,74.125.68.0-255,1484,15991,56,266215
5751,0.000158,172.31.46.0-255,66,16057,56,266215
5752,0.000162,74.125.68.0-255,1484,17541,56,266215
5753,0.000164,172.31.46.0-255,66,17607,56,266215
5754,0.000189,74.125.68.0-255,2902,20509,56,266215
5755,0.000191,172.31.46.0-255,66,20575,56,266215
5756,0.0002,74.125.68.0-255,2902,23477,56,266215
5757,0.000202,172.31.46.0-255,66,23543,56,266215
5758,0.000207,74.125.68.0-255,4320,27863,56,266215
5759,0.00021,172.31.46.0-255,66,27929,56,266215
5760,0.00025,74.125.68.0-255,3961,31890,56,266215
5761,0.000252,172.31.46.0-255,66,31956,56,266215
5762,0.000372,74.125.68.0-255,1484,33440,56,266215
5763,0.000377,172.31.46.0-255,66,33506,56,266215
5764,0.00038,74.125.68.0-255,1484,34990,56,266215
5765,0.000382,172.31.46.0-255,66,35056,56,266215
5766,0.000387,74.125.68.0-255,2902,37958,56,266215
5767,0.000389,172.31.46.0-255,66,38024,56,266215
5768,0.000439,74.125.68.0-255,2902,40926,56,266215
5769,0.000442,172.31.46.0-255,66,40992,56,266215
5770,0.00047,74.125.68.0-255,2902,43894,56,266215
5771,0.000473,172.31.46.0-255,66,43960,56,266215
5772,0.000485,74.125.68.0-255,1484,45444,56,266215
5773,0.000496,74.125.68.0-255,3961,49405,56,266215
5774,0.000499,172.31.46.0-255,66,49471,56,266215
5775,0.00054,74.125.68.0-255,4320,53791,56,266215
5776,0.000543,172.31.46.0-255,66,53857,56,266215
5777,0.000546,74.125.68.0-255,1484,55341,56,266215
5778,0.00055,74.125.68.0-255,2902,58243,56,266215
5779,0.000552,172.31.46.0-255,66,58309,56,266215
5780,0.000564,74.125.68.0-255,5738,64047,56,266215
5781,0.000566,172.31.46.0-255,66,64113,56,266215
5782,0.00059,74.125.68.0-255,2815,66928,56,266215
5783,0.000593,172.31.46.0-255,66,66994,56,266215
5784,0.000628,74.125.68.0-255,413,67407,56,266215
5785,0.000756,74.125.68.0-255,1484,68891,56,266215
5786,0.000761,172.31.46.0-255,66,68957,56,266215
5787,0.00079,74.125.68.0-255,2902,71859,56,266215
5788,0.000793,172.31.46.0-255,66,71925,56,266215
5789,0.000796,74.125.68.0-255,1484,73409,56,266215
5790,0.000801,74.125.68.0-255,2902,76311,56,266215
5791,0.000804,172.31.46.0-255,66,76377,56,266215
5792,0.000819,74.125.68.0-255,1484,77861,56,266215
5793,0.000838,74.125.68.0-255,4320,82181,56,266215
5794,0.000841,172.31.46.0-255,66,82247,56,266215
5795,0.000852,172.31.46.0-255,66,82313,56,266215
5796,0.000865,74.125.68.0-255,1484,83797,56,266215
5797,0.000894,74.125.68.0-255,2902,86699,56,266215
5798,0.000906,172.31.46.0-255,66,86765,56,266215
5799,0.000936,74.125.68.0-255,6438,93203,56,266215
5800,0.000939,172.31.46.0-255,66,93269,56,266215
5801,0.001277,74.125.68.0-255,1484,94753,56,266215
5802,0.001296,74.125.68.0-255,1484,96237,56,266215
5803,0.001299,172.31.46.0-255,66,96303,56,266215
5804,0.001328,74.125.68.0-255,1484,97787,56,266215
5805,0.001335,74.125.68.0-255,4320,102107,56,266215
5806,0.001337,172.31.46.0-255,66,102173,56,266215
5807,0.00136,74.125.68.0-255,1484,103657,56,266215
5808,0.001365,74.125.68.0-255,2902,106559,56,266215
5809,0.001368,172.31.46.0-255,66,106625,56,266215
5810,0.001406,74.125.68.0-255,2902,109527,56,266215
5811,0.001409,172.31.46.0-255,66,109593,56,266215
5812,0.001422,74.125.68.0-255,1484,111077,56,266215
5813,0.001433,74.125.68.0-255,5738,116815,56,266215
5814,0.001436,172.31.46.0-255,66,116881,56,266215
5815,0.001468,74.125.68.0-255,5738,122619,56,266215
5816,0.001471,172.31.46.0-255,66,122685,56,266215
5817,0.001499,74.125.68.0-255,5020,127705,56,266215
5818,0.001502,172.31.46.0-255,66,127771,56,266215
5819,0.001551,74.125.68.0-255,1484,129255,56,266215
5820,0.001556,74.125.68.0-255,1484,130739,56,266215
5821,0.001558,172.31.46.0-255,66,130805,56,266215
5822,0.001584,74.125.68.0-255,1484,132289,56,266215
5823,0.001591,74.125.68.0-255,5738,138027,56,266215
5824,0.001593,172.31.46.0-255,66,138093,56,266215
5825,0.001621,74.125.68.0-255,4320,142413,56,266215
5826,0.001625,172.31.46.0-255,66,142479,56,266215
5827,0.001632,74.125.68.0-255,5738,148217,56,266215
5828,0.001634,172.31.46.0-255,66,148283,56,266215
5829,0.00168,172.31.46.0-255,66,148349,56,266215
5830,0.001684,74.125.68.0-255,2184,150533,56,266215
5831,0.001686,172.31.46.0-255,66,150599,56,266215
5832,0.001705,74.125.68.0-255,1484,152083,56,266215
5833,0.001749,172.31.46.0-255,66,152149,56,266215
5834,0.001808,172.31.46.0-255,66,152215,56,266215
5835,0.001838,74.125.68.0-255,5738,157953,56,266215
5836,0.001841,172.31.46.0-255,66,158019,56,266215
5837,0.001843,74.125.68.0-255,766,158785,56,266215
5838,0.001846,74.125.68.0-255,1484,160269,56,266215
5839,0.001848,172.31.46.0-255,66,160335,56,266215
5840,0.001857,74.125.68.0-255,2902,163237,56,266215
5841,0.00186,172.31.46.0-255,66,163303,56,266215
5842,0.001867,74.125.68.0-255,5738,169041,56,266215
5843,0.001869,172.31.46.0-255,66,169107,56,266215
5844,0.00188,172.31.46.0-255,66,169173,56,266215
5845,0.001936,172.31.46.0-255,66,169239,56,266215
5846,0.001959,74.125.68.0-255,1484,170723,56,266215
5847,0.001975,74.125.68.0-255,3602,174325,56,266215
5848,0.001978,172.31.46.0-255,66,174391,56,266215
5849,0.002012,74.125.68.0-255,1484,175875,56,266215
5850,0.002029,74.125.68.0-255,2902,178777,56,266215
5851,0.002033,172.31.46.0-255,66,178843,56,266215
5852,0.002048,74.125.68.0-255,1484,180327,56,266215
5853,0.002073,74.125.68.0-255,4320,184647,56,266215
5854,0.002077,172.31.46.0-255,66,184713,56,266215
5855,0.002093,74.125.68.0-255,4320,189033,56,266215
5856,0.002095,172.31.46.0-255,66,189099,56,266215
5857,0.002101,74.125.68.0-255,5738,194837,56,266215
5858,0.002104,172.31.46.0-255,66,194903,56,266215
5859,0.002107,74.125.68.0-255,1484,196387,56,266215
5860,0.002134,74.125.68.0-255,5738,202125,56,266215
5861,0.002137,172.31.46.0-255,66,202191,56,266215
5862,0.002141,74.125.68.0-255,2902,205093,56,266215
5863,0.002143,172.31.46.0-255,66,205159,56,266215
5864,0.002173,74.125.68.0-255,5020,210179,56,266215
5865,0.002176,172.31.46.0-255,66,210245,56,266215
5866,0.002185,74.125.68.0-255,4320,214565,56,266215
5867,0.002188,172.31.46.0-255,66,214631,56,266215
5868,0.002194,74.125.68.0-255,5738,220369,56,266215
5869,0.002196,172.31.46.0-255,66,220435,56,266215
5870,0.002203,74.125.68.0-255,5738,226173,56,266215
5871,0.002205,172.31.46.0-255,66,226239,56,266215
5872,0.002241,74.125.68.0-255,5738,231977,56,266215
5873,0.002244,172.31.46.0-255,66,232043,56,266215
5874,0.00225,74.125.68.0-255,4320,236363,56,266215
5875,0.002252,172.31.46.0-255,66,236429,56,266215
5876,0.002283,74.125.68.0-255,6438,242867,56,266215
5877,0.002286,172.31.46.0-255,66,242933,56,266215
5878,0.002293,74.125.68.0-255,5738,248671,56,266215
5879,0.002295,172.31.46.0-255,66,248737,56,266215
5880,0.002318,74.125.68.0-255,1484,250221,56,266215
5881,0.004595,74.125.68.0-255,4320,254541,56,266215
5882,0.004603,172.31.46.0-255,66,254607,56,266215
5883,0.006921,74.125.68.0-255,5738,260345,56,266215
5884,0.006933,172.31.46.0-255,66,260411,56,266215
5885,0.009218,74.125.68.0-255,5738,266149,56,266215
5886,0.009225,172.31.46.0-255,66,266215,56,266215
5887,0.0,74.125.68.0-255,296,296,56,166969
5888,2.3e-05,172.31.46.0-255,66,362,56,166969
5889,2.9e-05,74.125.68.0-255,1484,1846,56,166969
5890,3.4e-05,172.31.46.0-255,66,1912,56,166969
5891,3.7e-05,74.125.68.0-255,1484,3396,56,166969
5892,3.9e-05,172.31.46.0-255,66,3462,56,166969
5893,6.9e-05,74.125.68.0-255,2902,6364,56,166969
5894,7.2e-05,172.31.46.0-255,66,6430,56,166969
5895,8e-05,74.125.68.0-255,5738,12168,56,166969
5896,8.2e-05,172.31.46.0-255,66,12234,56,166969
5897,0.000132,74.125.68.0-255,1861,14095,56,166969
5898,0.000135,172.31.46.0-255,66,14161,56,166969
5899,0.000236,74.125.68.0-255,1484,15645,56,166969
5900,0.00024,172.31.46.0-255,66,15711,56,166969
5901,0.000267,74.125.68.0-255,1484,17195,56,166969
5902,0.000269,172.31.46.0-255,66,17261,56,166969
5903,0.000294,74.125.68.0-255,1484,18745,56,166969
5904,0.000296,172.31.46.0-255,66,18811,56,166969
5905,0.000303,74.125.68.0-255,5738,24549,56,166969
5906,0.000305,172.31.46.0-255,66,24615,56,166969
5907,0.000311,74.125.68.0-255,5738,30353,56,166969
5908,0.000314,172.31.46.0-255,66,30419,56,166969
5909,0.000347,74.125.68.0-255,6797,37216,56,166969
5910,0.00035,172.31.46.0-255,66,37282,56,166969
5911,0.000354,74.125.68.0-255,2902,40184,56,166969
5912,0.000356,172.31.46.0-255,66,40250,56,166969
5913,0.000361,74.125.68.0-255,4320,44570,56,166969
5914,0.000364,172.31.46.0-255,66,44636,56,166969
5915,0.000388,74.125.68.0-255,3961,48597,56,166969
5916,0.00039,172.31.46.0-255,66,48663,56,166969
5917,0.000435,74.125.68.0-255,4320,52983,56,166969
5918,0.000438,172.31.46.0-255,66,53049,56,166969
5919,0.000441,74.125.68.0-255,1484,54533,56,166969
5920,0.00048,74.125.68.0-255,2902,57435,56,166969
5921,0.000483,172.31.46.0-255,66,57501,56,166969
5922,0.000487,74.125.68.0-255,2902,60403,56,166969
5923,0.000489,172.31.46.0-255,66,60469,56,166969
5924,0.000511,74.125.68.0-255,4320,64789,56,166969
5925,0.000513,172.31.46.0-255,66,64855,56,166969
5926,0.000547,74.125.68.0-255,1125,65980,56,166969
5927,0.000628,74.125.68.0-255,649,66629,56,166969
5928,0.000632,172.31.46.0-255,66,66695,56,166969
5929,0.00109,74.125.68.0-255,1484,68179,56,166969
5930,0.00111,74.125.68.0-255,2902,71081,56,166969
5931,0.001114,172.31.46.0-255,66,71147,56,166969
5932,0.001121,74.125.68.0-255,5738,76885,56,166969
5933,0.001123,172.31.46.0-255,66,76951,56,166969
5934,0.001158,74.125.68.0-255,4320,81271,56,166969
5935,0.001161,172.31.46.0-255,66,81337,56,166969
5936,0.001191,74.125.68.0-255,5738,87075,56,166969
5937,0.001194,172.31.46.0-255,66,87141,56,166969
5938,0.001207,172.31.46.0-255,66,87207,56,166969
5939,0.001211,74.125.68.0-255,2184,89391,56,166969
5940,0.001213,172.31.46.0-255,66,89457,56,166969
5941,0.001763,74.125.68.0-255,1484,90941,56,166969
5942,0.001773,74.125.68.0-255,2902,93843,56,166969
5943,0.001778,172.31.46.0-255,66,93909,56,166969
5944,0.001804,74.125.68.0-255,5738,99647,56,166969
5945,0.001807,172.31.46.0-255,66,99713,56,166969
5946,0.001812,74.125.68.0-255,4320,104033,56,166969
5947,0.001814,172.31.46.0-255,66,104099,56,166969
5948,0.001821,74.125.68.0-255,5738,109837,56,166969
5949,0.001823,172.31.46.0-255,66,109903,56,166969
5950,0.001876,74.125.68.0-255,7156,117059,56,166969
5951,0.00188,172.31.46.0-255,66,117125,56,166969
5952,0.001896,74.125.68.0-255,2902,120027,56,166969
5953,0.001899,172.31.46.0-255,66,120093,56,166969
5954,0.001904,74.125.68.0-255,3602,123695,56,166969
5955,0.001906,172.31.46.0-255,66,123761,56,166969
5956,0.001963,74.125.68.0-255,1484,125245,56,166969
5957,0.001969,74.125.68.0-255,2902,128147,56,166969
5958,0.001971,172.31.46.0-255,66,128213,56,166969
5959,0.001991,74.125.68.0-255,5738,133951,56,166969
5960,0.001994,172.31.46.0-255,66,134017,56,166969
5961,0.002018,74.125.68.0-255,2902,136919,56,166969
5962,0.00202,172.31.46.0-255,66,136985,56,166969
5963,0.002025,74.125.68.0-255,4320,141305,56,166969
5964,0.002027,172.31.46.0-255,66,141371,56,166969
5965,0.002065,172.31.46.0-255,66,141437,56,166969
5966,0.002071,74.125.68.0-255,4320,145757,56,166969
5967,0.002073,172.31.46.0-255,66,145823,56,166969
5968,0.002113,74.125.68.0-255,3602,149425,56,166969
5969,0.002116,172.31.46.0-255,66,149491,56,166969
5970,0.004327,74.125.68.0-255,1484,150975,56,166969
5971,0.004376,74.125.68.0-255,4320,155295,56,166969
5972,0.004383,172.31.46.0-255,66,155361,56,166969
5973,0.006638,74.125.68.0-255,5738,161099,56,166969
5974,0.006647,172.31.46.0-255,66,161165,56,166969
5975,0.008902,74.125.68.0-255,5738,166903,56,166969
5976,0.008907,172.31.46.0-255,66,166969,56,166969
5977,0.0,74.125.24.0-255,152,152,56,112520
5978,2e-05,172.31.46.0-255,66,218,56,112520
5979,2.6e-05,74.125.24.0-255,1484,1702,56,112520
5980,3.1e-05,172.31.46.0-255,66,1768,56,112520
5981,3.6e-05,74.125.24.0-255,2902,4670,56,112520
5982,4.6e-05,172.31.46.0-255,66,4736,56,112520
5983,4.9e-05,74.125.24.0-255,1484,6220,56,112520
5984,5.1e-05,172.31.46.0-255,66,6286,56,112520
5985,8e-05,74.125.24.0-255,4320,10606,56,112520
5986,8.7e-05,172.31.46.0-255,66,10672,56,112520
5987,9.3e-05,74.125.24.0-255,3512,14184,56,112520
5988,9.6e-05,172.31.46.0-255,66,14250,56,112520
5989,0.000118,74.125.24.0-255,1484,15734,56,112520
5990,0.000121,172.31.46.0-255,66,15800,56,112520
5991,0.000146,74.125.24.0-255,2902,18702,56,112520
5992,0.000152,172.31.46.0-255,66,18768,56,112520
5993,0.000157,74.125.24.0-255,2902,21670,56,112520
5994,0.000159,172.31.46.0-255,66,21736,56,112520
5995,0.000166,74.125.24.0-255,5738,27474,56,112520
5996,0.000169,172.31.46.0-255,66,27540,56,112520
5997,0.000197,74.125.24.0-255,2902,30442,56,112520
5998,0.0002,172.31.46.0-255,66,30508,56,112520
5999,0.000203,74.125.24.0-255,1125,31633,56,112520
6000,0.000205,172.31.46.0-255,66,31699,56,112520
6001,0.000277,74.125.24.0-255,1484,33183,56,112520
6002,0.00028,172.31.46.0-255,66,33249,56,112520
6003,0.000286,74.125.24.0-255,2902,36151,56,112520
6004,0.000288,172.31.46.0-255,66,36217,56,112520
6005,0.000297,74.125.24.0-255,2902,39119,56,112520
6006,0.000299,172.31.46.0-255,66,39185,56,112520
6007,0.000321,74.125.24.0-255,2902,42087,56,112520
6008,0.000323,172.31.46.0-255,66,42153,56,112520
6009,0.000329,74.125.24.0-255,4320,46473,56,112520
6010,0.000337,172.31.46.0-255,66,46539,56,112520
6011,0.000378,172.31.46.0-255,66,46605,56,112520
6012,0.000394,172.31.46.0-255,66,46671,56,112520
6013,0.000396,74.125.24.0-255,1437,48108,56,112520
6014,0.001156,74.125.24.0-255,108,48216,56,112520
6015,0.001265,74.125.24.0-255,1484,49700,56,112520
6016,0.00127,172.31.46.0-255,66,49766,56,112520
6017,0.001277,74.125.24.0-255,2902,52668,56,112520
6018,0.00128,172.31.46.0-255,66,52734,56,112520
6019,0.001291,74.125.24.0-255,5738,58472,56,112520
6020,0.001294,172.31.46.0-255,66,58538,56,112520
6021,0.001301,74.125.24.0-255,6797,65335,56,112520
6022,0.001304,172.31.46.0-255,66,65401,56,112520
6023,0.001358,74.125.24.0-255,4320,69721,56,112520
6024,0.001365,172.31.46.0-255,66,69787,56,112520
6025,0.001396,172.31.46.0-255,66,69853,56,112520
6026,0.001425,74.125.24.0-255,2543,72396,56,112520
6027,0.001427,172.31.46.0-255,66,72462,56,112520
6028,0.0017,74.125.24.0-255,1484,73946,56,112520
6029,0.001707,74.125.24.0-255,2902,76848,56,112520
6030,0.00171,172.31.46.0-255,66,76914,56,112520
6031,0.001717,74.125.24.0-255,5738,82652,56,112520
6032,0.001719,172.31.46.0-255,66,82718,56,112520
6033,0.001759,172.31.46.0-255,66,82784,56,112520
6034,0.001799,74.125.24.0-255,5738,88522,56,112520
6035,0.001802,172.31.46.0-255,66,88588,56,112520
6036,0.00183,74.125.24.0-255,4320,92908,56,112520
6037,0.001833,172.31.46.0-255,66,92974,56,112520
6038,0.001855,172.31.46.0-255,66,93040,56,112520
6039,0.001872,172.31.46.0-255,66,93106,56,112520
6040,0.001882,74.125.24.0-255,1484,94590,56,112520
6041,0.001885,74.125.24.0-255,452,95042,56,112520
6042,0.001887,172.31.46.0-255,66,95108,56,112520
6043,0.004005,74.125.24.0-255,5738,100846,56,112520
6044,0.004013,172.31.46.0-255,66,100912,56,112520
6045,0.00619,74.125.24.0-255,5738,106650,56,112520
6046,0.006196,172.31.46.0-255,66,106716,56,112520
6047,0.008329,74.125.24.0-255,5738,112454,56,112520
6048,0.008335,172.31.46.0-255,66,112520,56,112520
6049,0.0,74.125.200.0-255,297,297,56,327576
6050,2.3e-05,172.31.46.0-255,66,363,56,327576
6051,3e-05,74.125.200.0-255,1484,1847,56,327576
6052,3.4e-05,172.31.46.0-255,66,1913,56,327576
6053,3.9e-05,74.125.200.0-255,2902,4815,56,327576
6054,4.2e-05,172.31.46.0-255,66,4881,56,327576
6055,4.9e-05,74.125.200.0-255,5738,10619,56,327576
6056,5.2e-05,172.31.46.0-255,66,10685,56,327576
6057,7.5e-05,74.125.200.0-255,3311,13996,56,327576
6058,7.7e-05,172.31.46.0-255,66,14062,56,327576
6059,8.3e-05,74.125.200.0-255,4320,18382,56,327576
6060,8.6e-05,172.31.46.0-255,66,18448,56,327576
6061,0.000125,172.31.46.0-255,66,18514,56,327576
6062,0.00013,74.125.200.0-255,2543,21057,56,327576
6063,0.000132,172.31.46.0-255,66,21123,56,327576
6064,0.000271,74.125.200.0-255,1484,22607,56,327576
6065,0.000277,172.31.46.0-255,66,22673,56,327576
6066,0.00028,74.125.200.0-255,1484,24157,56,327576
6067,0.000282,172.31.46.0-255,66,24223,56,327576
6068,0.000287,74.125.200.0-255,2902,27125,56,327576
6069,0.000289,172.31.46.0-255,66,27191,56,327576
6070,0.000341,74.125.200.0-255,5738,32929,56,327576
6071,0.000344,172.31.46.0-255,66,32995,56,327576
6072,0.000351,74.125.200.0-255,5738,38733,56,327576
6073,0.000354,172.31.46.0-255,66,38799,56,327576
6074,0.000361,74.125.200.0-255,7156,45955,56,327576
6075,0.000364,172.31.46.0-255,66,46021,56,327576
6076,0.000366,74.125.200.0-255,1484,47505,56,327576
6077,0.000368,172.31.46.0-255,66,47571,56,327576
6078,0.000397,74.125.200.0-255,5738,53309,56,327576
6079,0.0004,172.31.46.0-255,66,53375,56,327576
6080,0.000419,74.125.200.0-255,2480,55855,56,327576
6081,0.000482,74.125.200.0-255,127,55982,56,327576
6082,0.000606,74.125.200.0-255,1484,57466,56,327576
6083,0.000612,74.125.200.0-255,2902,60368,56,327576
6084,0.000619,74.125.200.0-255,5738,66106,56,327576
6085,0.000623,74.125.200.0-255,2902,69008,56,327576
6086,0.000637,74.125.200.0-255,4320,73328,56,327576
6087,0.000677,74.125.200.0-255,4320,77648,56,327576
6088,0.000717,74.125.200.0-255,3602,81250,56,327576
6089,0.000807,74.125.200.0-255,1484,82734,56,327576
6090,0.000824,74.125.200.0-255,2902,85636,56,327576
6091,0.000827,74.125.200.0-255,1484,87120,56,327576
6092,0.00084,74.125.200.0-255,2902,90022,56,327576
6093,0.000925,74.125.200.0-255,4320,94342,56,327576
6094,0.000945,74.125.200.0-255,3602,97944,56,327576
6095,0.001064,172.31.46.0-255,66,98010,56,327576
6096,0.001077,74.125.200.0-255,1484,99494,56,327576
6097,0.001083,74.125.200.0-255,2902,102396,56,327576
6098,0.001117,74.125.200.0-255,5738,108134,56,327576
6099,0.001121,74.125.200.0-255,2902,111036,56,327576
6100,0.001156,74.125.200.0-255,7156,118192,56,327576
6101,0.001186,74.125.200.0-255,2184,120376,56,327576
6102,0.001201,172.31.46.0-255,66,120442,56,327576
6103,0.001392,74.125.200.0-255,1484,121926,56,327576
6104,0.001397,74.125.200.0-255,1484,123410,56,327576
6105,0.001419,74.125.200.0-255,1484,124894,56,327576
6106,0.001427,74.125.200.0-255,5738,130632,56,327576
6107,0.001431,74.125.200.0-255,2902,133534,56,327576
6108,0.001436,74.125.200.0-255,4320,137854,56,327576
6109,0.001441,172.31.46.0-255,66,137920,56,327576
6110,0.001453,74.125.200.0-255,2902,140822,56,327576
6111,0.001458,172.31.46.0-255,66,140888,56,327576
6112,0.00148,74.125.200.0-255,5738,146626,56,327576
6113,0.001543,74.125.200.0-255,1484,148110,56,327576
6114,0.001567,74.125.200.0-255,5738,153848,56,327576
6115,0.00162,74.125.200.0-255,5738,159586,56,327576
6116,0.001642,74.125.200.0-255,2902,162488,56,327576
6117,0.001646,74.125.200.0-255,2902,165390,56,327576
6118,0.001651,74.125.200.0-255,4320,169710,56,327576
6119,0.001655,74.125.200.0-255,2184,171894,56,327576
6120,0.001659,74.125.200.0-255,2902,174796,56,327576
6121,0.001685,74.125.200.0-255,4320,179116,56,327576
6122,0.001711,74.125.200.0-255,5738,184854,56,327576
6123,0.001728,74.125.200.0-255,5738,190592,56,327576
6124,0.001748,74.125.200.0-255,5738,196330,56,327576
6125,0.001754,74.125.200.0-255,4320,200650,56,327576
6126,0.001803,74.125.200.0-255,5020,205670,56,327576
6127,0.001877,74.125.200.0-255,1484,207154,56,327576
6128,0.001883,74.125.200.0-255,2902,210056,56,327576
6129,0.001903,74.125.200.0-255,4320,214376,56,327576
6130,0.001913,74.125.200.0-255,1484,215860,56,327576
6131,0.001936,74.125.200.0-255,7156,223016,56,327576
6132,0.001942,74.125.200.0-255,5738,228754,56,327576
6133,0.001958,74.125.200.0-255,2902,231656,56,327576
6134,0.001971,74.125.200.0-255,2902,234558,56,327576
6135,0.001988,74.125.200.0-255,6438,240996,56,327576
6136,0.001995,74.125.200.0-255,5738,246734,56,327576
6137,0.00203,74.125.200.0-255,7156,253890,56,327576
6138,0.002036,74.125.200.0-255,4320,258210,56,327576
6139,0.002052,74.125.200.0-255,1484,259694,56,327576
6140,0.002059,74.125.200.0-255,7156,266850,56,327576
6141,0.002092,74.125.200.0-255,1484,268334,56,327576
6142,0.002107,74.125.200.0-255,5020,273354,56,327576
6143,0.002132,74.125.200.0-255,7156,280510,56,327576
6144,0.002137,74.125.200.0-255,2902,283412,56,327576
6145,0.002161,74.125.200.0-255,4320,287732,56,327576
6146,0.002164,74.125.200.0-255,1484,289216,56,327576
6147,0.002178,74.125.200.0-255,5738,294954,56,327576
6148,0.0022,74.125.200.0-255,1484,296438,56,327576
6149,0.002206,74.125.200.0-255,4320,300758,56,327576
6150,0.002224,74.125.200.0-255,5738,306496,56,327576
6151,0.002227,74.125.200.0-255,766,307262,56,327576
6152,0.002251,74.125.200.0-255,1484,308746,56,327576
6153,0.002278,74.125.200.0-255,4320,313066,56,327576
6154,0.002282,74.125.200.0-255,1484,314550,56,327576
6155,0.002302,74.125.200.0-255,2902,317452,56,327576
6156,0.002322,74.125.200.0-255,5738,323190,56,327576
6157,0.002326,74.125.200.0-255,2902,326092,56,327576
6158,0.002343,74.125.200.0-255,1484,327576,56,327576
6159,0.0,74.125.68.0-255,152,152,56,156578
6160,2.1e-05,172.31.46.0-255,66,218,56,156578
6161,2.8e-05,74.125.68.0-255,1484,1702,56,156578
6162,3.2e-05,172.31.46.0-255,66,1768,56,156578
6163,3.7e-05,74.125.68.0-255,2902,4670,56,156578
6164,4.8e-05,172.31.46.0-255,66,4736,56,156578
6165,5.2e-05,74.125.68.0-255,1484,6220,56,156578
6166,5.5e-05,172.31.46.0-255,66,6286,56,156578
6167,7.8e-05,74.125.68.0-255,4320,10606,56,156578
6168,8.1e-05,172.31.46.0-255,66,10672,56,156578
6169,0.000117,74.125.68.0-255,3460,14132,56,156578
6170,0.000121,172.31.46.0-255,66,14198,56,156578
6171,0.0002,74.125.68.0-255,1484,15682,56,156578
6172,0.000202,172.31.46.0-255,66,15748,56,156578
6173,0.000231,74.125.68.0-255,2902,18650,56,156578
6174,0.000233,172.31.46.0-255,66,18716,56,156578
6175,0.000239,74.125.68.0-255,4320,23036,56,156578
6176,0.000241,172.31.46.0-255,66,23102,56,156578
6177,0.000286,74.125.68.0-255,4320,27422,56,156578
6178,0.000289,172.31.46.0-255,66,27488,56,156578
6179,0.000318,74.125.68.0-255,3961,31449,56,156578
6180,0.000322,172.31.46.0-255,66,31515,56,156578
6181,0.000348,74.125.68.0-255,4320,35835,56,156578
6182,0.000351,172.31.46.0-255,66,35901,56,156578
6183,0.00037,74.125.68.0-255,4320,40221,56,156578
6184,0.000372,172.31.46.0-255,66,40287,56,156578
6185,0.000386,74.125.68.0-255,1484,41771,56,156578
6186,0.000392,172.31.46.0-255,66,41837,56,156578
6187,0.000419,74.125.68.0-255,4320,46157,56,156578
6188,0.000421,172.31.46.0-255,66,46223,56,156578
6189,0.000425,74.125.68.0-255,2543,48766,56,156578
6190,0.000427,172.31.46.0-255,66,48832,56,156578
6191,0.001241,74.125.68.0-255,1484,50316,56,156578
6192,0.001252,74.125.68.0-255,2902,53218,56,156578
6193,0.001257,172.31.46.0-255,66,53284,56,156578
6194,0.0013,74.125.68.0-255,5738,59022,56,156578
6195,0.001302,172.31.46.0-255,66,59088,56,156578
6196,0.00131,74.125.68.0-255,6797,65885,56,156578
6197,0.001313,172.31.46.0-255,66,65951,56,156578
6198,0.00144,74.125.68.0-255,1484,67435,56,156578
6199,0.001445,74.125.68.0-255,1484,68919,56,156578
6200,0.001449,172.31.46.0-255,66,68985,56,156578
6201,0.001472,74.125.68.0-255,1484,70469,56,156578
6202,0.00148,74.125.68.0-255,4320,74789,56,156578
6203,0.001482,172.31.46.0-255,66,74855,56,156578
6204,0.001514,74.125.68.0-255,1484,76339,56,156578
6205,0.001518,74.125.68.0-255,2902,79241,56,156578
6206,0.00152,172.31.46.0-255,66,79307,56,156578
6207,0.001525,74.125.68.0-255,3961,83268,56,156578
6208,0.001528,172.31.46.0-255,66,83334,56,156578
6209,0.001553,74.125.68.0-255,1484,84818,56,156578
6210,0.001558,74.125.68.0-255,2902,87720,56,156578
6211,0.00156,172.31.46.0-255,66,87786,56,156578
6212,0.001596,74.125.68.0-255,5738,93524,56,156578
6213,0.001598,172.31.46.0-255,66,93590,56,156578
6214,0.001602,74.125.68.0-255,1484,95074,56,156578
6215,0.001619,74.125.68.0-255,2902,97976,56,156578
6216,0.001622,172.31.46.0-255,66,98042,56,156578
6217,0.001651,74.125.68.0-255,2543,100585,56,156578
6218,0.001653,172.31.46.0-255,66,100651,56,156578
6219,0.001868,74.125.68.0-255,1484,102135,56,156578
6220,0.001893,74.125.68.0-255,2902,105037,56,156578
6221,0.001898,172.31.46.0-255,66,105103,56,156578
6222,0.001905,74.125.68.0-255,5738,110841,56,156578
6223,0.001907,172.31.46.0-255,66,110907,56,156578
6224,0.001936,74.125.68.0-255,6783,117690,56,156578
6225,0.001939,172.31.46.0-255,66,117756,56,156578
6226,0.002008,74.125.68.0-255,1484,119240,56,156578
6227,0.002031,74.125.68.0-255,2902,122142,56,156578
6228,0.002033,172.31.46.0-255,66,122208,56,156578
6229,0.002067,74.125.68.0-255,5738,127946,56,156578
6230,0.00207,172.31.46.0-255,66,128012,56,156578
6231,0.002075,74.125.68.0-255,4320,132332,56,156578
6232,0.002077,172.31.46.0-255,66,132398,56,156578
6233,0.002119,74.125.68.0-255,2902,135300,56,156578
6234,0.002122,172.31.46.0-255,66,135366,56,156578
6235,0.002142,172.31.46.0-255,66,135432,56,156578
6236,0.002174,74.125.68.0-255,3602,139034,56,156578
6237,0.002177,172.31.46.0-255,66,139100,56,156578
6238,0.004386,74.125.68.0-255,1484,140584,56,156578
6239,0.004427,74.125.68.0-255,4320,144904,56,156578
6240,0.004431,172.31.46.0-255,66,144970,56,156578
6241,0.006675,74.125.68.0-255,5738,150708,56,156578
6242,0.006683,172.31.46.0-255,66,150774,56,156578
6243,0.008921,74.125.68.0-255,5738,156512,56,156578
6244,0.008928,172.31.46.0-255,66,156578,56,156578
6245,0.0,74.125.24.0-255,146,146,56,158071
6246,1.8e-05,172.31.46.0-255,66,212,56,158071
6247,2.6e-05,74.125.24.0-255,1484,1696,56,158071
6248,3.1e-05,172.31.46.0-255,66,1762,56,158071
6249,3.7e-05,74.125.24.0-255,2902,4664,56,158071
6250,4e-05,172.31.46.0-255,66,4730,56,158071
6251,4.7e-05,74.125.24.0-255,5738,10468,56,158071
6252,5.1e-05,172.31.46.0-255,66,10534,56,158071
6253,0.000102,74.125.24.0-255,4827,15361,56,158071
6254,0.000107,172.31.46.0-255,66,15427,56,158071
6255,0.000113,74.125.24.0-255,5738,21165,56,158071
6256,0.000116,172.31.46.0-255,66,21231,56,158071
6257,0.000158,172.31.46.0-255,66,21297,56,158071
6258,0.000219,74.125.24.0-255,1484,22781,56,158071
6259,0.000222,172.31.46.0-255,66,22847,56,158071
6260,0.000226,74.125.24.0-255,1484,24331,56,158071
6261,0.000228,172.31.46.0-255,66,24397,56,158071
6262,0.00024,74.125.24.0-255,1484,25881,56,158071
6263,0.000242,172.31.46.0-255,66,25947,56,158071
6264,0.000255,74.125.24.0-255,2902,28849,56,158071
6265,0.000258,172.31.46.0-255,66,28915,56,158071
6266,0.000285,74.125.24.0-255,2902,31817,56,158071
6267,0.000287,172.31.46.0-255,66,31883,56,158071
6268,0.0003,172.31.46.0-255,66,31949,56,158071
6269,0.00031,172.31.46.0-255,66,32015,56,158071
6270,0.000345,74.125.24.0-255,1401,33416,56,158071
6271,0.000347,172.31.46.0-255,66,33482,56,158071
6272,0.000406,74.125.24.0-255,131,33613,56,158071
6273,0.000409,172.31.46.0-255,66,33679,56,158071
6274,0.000542,74.125.24.0-255,1484,35163,56,158071
6275,0.000548,74.125.24.0-255,2902,38065,56,158071
6276,0.000555,172.31.46.0-255,66,38131,56,158071
6277,0.000566,74.125.24.0-255,4320,42451,56,158071
6278,0.000585,74.125.24.0-255,1484,43935,56,158071
6279,0.000587,74.125.24.0-255,1484,45419,56,158071
6280,0.000593,172.31.46.0-255,66,45485,56,158071
6281,0.00062,74.125.24.0-255,7156,52641,56,158071
6282,0.000632,74.125.24.0-255,2902,55543,56,158071
6283,0.000635,74.125.24.0-255,1484,57027,56,158071
6284,0.000649,172.31.46.0-255,66,57093,56,158071
6285,0.000653,74.125.24.0-255,2543,59636,56,158071
6286,0.000658,172.31.46.0-255,66,59702,56,158071
6287,0.000804,74.125.24.0-255,345,60047,56,158071
6288,0.001003,74.125.24.0-255,1484,61531,56,158071
6289,0.001008,172.31.46.0-255,66,61597,56,158071
6290,0.001024,74.125.24.0-255,2902,64499,56,158071
6291,0.001027,74.125.24.0-255,1484,65983,56,158071
6292,0.001034,172.31.46.0-255,66,66049,56,158071
6293,0.001049,74.125.24.0-255,4320,70369,56,158071
6294,0.001054,74.125.24.0-255,5738,76107,56,158071
6295,0.001068,74.125.24.0-255,1484,77591,56,158071
6296,0.00107,172.31.46.0-255,66,77657,56,158071
6297,0.001077,74.125.24.0-255,1484,79141,56,158071
6298,0.001081,172.31.46.0-255,66,79207,56,158071
6299,0.001094,74.125.24.0-255,5738,84945,56,158071
6300,0.001114,74.125.24.0-255,4320,89265,56,158071
6301,0.001119,74.125.24.0-255,5020,94285,56,158071
6302,0.001121,172.31.46.0-255,66,94351,56,158071
6303,0.001126,172.31.46.0-255,66,94417,56,158071
6304,0.001568,74.125.24.0-255,1484,95901,56,158071
6305,0.001585,74.125.24.0-255,2902,98803,56,158071
6306,0.001588,172.31.46.0-255,66,98869,56,158071
6307,0.001592,74.125.24.0-255,1484,100353,56,158071
6308,0.001614,74.125.24.0-255,4320,104673,56,158071
6309,0.001618,74.125.24.0-255,2902,107575,56,158071
6310,0.001634,172.31.46.0-255,66,107641,56,158071
6311,0.001644,74.125.24.0-255,4320,111961,56,158071
6312,0.001649,172.31.46.0-255,66,112027,56,158071
6313,0.001668,74.125.24.0-255,5738,117765,56,158071
6314,0.001685,172.31.46.0-255,66,117831,56,158071
6315,0.001799,74.125.24.0-255,1484,119315,56,158071
6316,0.001817,74.125.24.0-255,2902,122217,56,158071
6317,0.00182,172.31.46.0-255,66,122283,56,158071
6318,0.001824,74.125.24.0-255,1484,123767,56,158071
6319,0.001847,74.125.24.0-255,4320,128087,56,158071
6320,0.00186,172.31.46.0-255,66,128153,56,158071
6321,0.001878,74.125.24.0-255,4320,132473,56,158071
6322,0.001885,172.31.46.0-255,66,132539,56,158071
6323,0.001907,74.125.24.0-255,5738,138277,56,158071
6324,0.001913,74.125.24.0-255,4320,142597,56,158071
6325,0.001944,172.31.46.0-255,66,142663,56,158071
6326,0.001961,74.125.24.0-255,5738,148401,56,158071
6327,0.001965,74.125.24.0-255,2902,151303,56,158071
6328,0.001983,172.31.46.0-255,66,151369,56,158071
6329,0.002004,74.125.24.0-255,766,152135,56,158071
6330,0.002402,172.31.46.0-255,66,152201,56,158071
6331,0.003994,74.125.24.0-255,4320,156521,56,158071
6332,0.004408,74.125.24.0-255,1484,158005,56,158071
6333,0.008495,172.31.46.0-255,66,158071,56,158071
6334,0.0,74.125.68.0-255,295,295,56,363668
6335,2.7e-05,172.31.46.0-255,66,361,56,363668
6336,4.1e-05,74.125.68.0-255,1484,1845,56,363668
6337,4.5e-05,172.31.46.0-255,66,1911,56,363668
6338,7.3e-05,74.125.68.0-255,2902,4813,56,363668
6339,7.5e-05,172.31.46.0-255,66,4879,56,363668
6340,8.1e-05,74.125.68.0-255,5738,10617,56,363668
6341,8.4e-05,172.31.46.0-255,66,10683,56,363668
6342,0.000119,74.125.68.0-255,4722,15405,56,363668
6343,0.000121,172.31.46.0-255,66,15471,56,363668
6344,0.000127,74.125.68.0-255,5738,21209,56,363668
6345,0.000129,172.31.46.0-255,66,21275,56,363668
6346,0.000151,74.125.68.0-255,4320,25595,56,363668
6347,0.000154,172.31.46.0-255,66,25661,56,363668
6348,0.00017,74.125.68.0-255,5379,31040,56,363668
6349,0.000172,172.31.46.0-255,66,31106,56,363668
6350,0.000224,74.125.68.0-255,1484,32590,56,363668
6351,0.000229,172.31.46.0-255,66,32656,56,363668
6352,0.000248,74.125.68.0-255,1484,34140,56,363668
6353,0.00025,172.31.46.0-255,66,34206,56,363668
6354,0.000256,74.125.68.0-255,2902,37108,56,363668
6355,0.000258,172.31.46.0-255,66,37174,56,363668
6356,0.000264,74.125.68.0-255,4320,41494,56,363668
6357,0.000266,172.31.46.0-255,66,41560,56,363668
6358,0.000281,74.125.68.0-255,1484,43044,56,363668
6359,0.000283,172.31.46.0-255,66,43110,56,363668
6360,0.000312,74.125.68.0-255,5379,48489,56,363668
6361,0.000315,172.31.46.0-255,66,48555,56,363668
6362,0.000321,74.125.68.0-255,5738,54293,56,363668
6363,0.000323,172.31.46.0-255,66,54359,56,363668
6364,0.000344,74.125.68.0-255,2902,57261,56,363668
6365,0.000346,172.31.46.0-255,66,57327,56,363668
6366,0.000375,172.31.46.0-255,66,57393,56,363668
6367,0.000378,74.125.68.0-255,442,57835,56,363668
6368,0.000474,74.125.68.0-255,1484,59319,56,363668
6369,0.000478,172.31.46.0-255,66,59385,56,363668
6370,0.000498,74.125.68.0-255,2902,62287,56,363668
6371,0.000501,172.31.46.0-255,66,62353,56,363668
6372,0.000505,74.125.68.0-255,2902,65255,56,363668
6373,0.000507,172.31.46.0-255,66,65321,56,363668
6374,0.000511,74.125.68.0-255,1484,66805,56,363668
6375,0.000532,74.125.68.0-255,2902,69707,56,363668
6376,0.000535,172.31.46.0-255,66,69773,56,363668
6377,0.000539,74.125.68.0-255,1484,71257,56,363668
6378,0.000583,74.125.68.0-255,7156,78413,56,363668
6379,0.000586,172.31.46.0-255,66,78479,56,363668
6380,0.000607,74.125.68.0-255,1125,79604,56,363668
6381,0.000619,74.125.68.0-255,2787,82391,56,363668
6382,0.00062,172.31.46.0-255,66,82457,56,363668
6383,0.000625,172.31.46.0-255,66,82523,56,363668
6384,0.000647,74.125.68.0-255,1484,84007,56,363668
6385,0.000665,74.125.68.0-255,2902,86909,56,363668
6386,0.000669,172.31.46.0-255,66,86975,56,363668
6387,0.000672,74.125.68.0-255,1484,88459,56,363668
6388,0.000689,74.125.68.0-255,4320,92779,56,363668
6389,0.000692,172.31.46.0-255,66,92845,56,363668
6390,0.000714,74.125.68.0-255,7156,100001,56,363668
6391,0.000718,172.31.46.0-255,66,100067,56,363668
6392,0.000724,74.125.68.0-255,5738,105805,56,363668
6393,0.000732,172.31.46.0-255,66,105871,56,363668
6394,0.000742,74.125.68.0-255,2902,108773,56,363668
6395,0.000744,172.31.46.0-255,66,108839,56,363668
6396,0.000748,74.125.68.0-255,1484,110323,56,363668
6397,0.000774,74.125.68.0-255,6438,116761,56,363668
6398,0.000777,172.31.46.0-255,66,116827,56,363668
6399,0.001007,74.125.68.0-255,1484,118311,56,363668
6400,0.001025,74.125.68.0-255,2902,121213,56,363668
6401,0.001029,172.31.46.0-255,66,121279,56,363668
6402,0.001043,74.125.68.0-255,4320,125599,56,363668
6403,0.001046,172.31.46.0-255,66,125665,56,363668
6404,0.00106,74.125.68.0-255,1484,127149,56,363668
6405,0.001065,74.125.68.0-255,2902,130051,56,363668
6406,0.001067,172.31.46.0-255,66,130117,56,363668
6407,0.001092,74.125.68.0-255,2902,133019,56,363668
6408,0.001095,172.31.46.0-255,66,133085,56,363668
6409,0.001102,74.125.68.0-255,7156,140241,56,363668
6410,0.001104,172.31.46.0-255,66,140307,56,363668
6411,0.00111,74.125.68.0-255,4320,144627,56,363668
6412,0.001112,172.31.46.0-255,66,144693,56,363668
6413,0.001135,74.125.68.0-255,6438,151131,56,363668
6414,0.001138,172.31.46.0-255,66,151197,56,363668
6415,0.001344,74.125.68.0-255,1484,152681,56,363668
6416,0.001359,74.125.68.0-255,1484,154165,56,363668
6417,0.001362,172.31.46.0-255,66,154231,56,363668
6418,0.001383,74.125.68.0-255,1484,155715,56,363668
6419,0.001396,74.125.68.0-255,4320,160035,56,363668
6420,0.0014,172.31.46.0-255,66,160101,56,363668
6421,0.001412,74.125.68.0-255,1484,161585,56,363668
6422,0.001431,74.125.68.0-255,7156,168741,56,363668
6423,0.001435,172.31.46.0-255,66,168807,56,363668
6424,0.00144,74.125.68.0-255,4320,173127,56,363668
6425,0.001443,172.31.46.0-255,66,173193,56,363668
6426,0.001459,74.125.68.0-255,1484,174677,56,363668
6427,0.001468,74.125.68.0-255,7156,181833,56,363668
6428,0.00147,172.31.46.0-255,66,181899,56,363668
6429,0.001475,74.125.68.0-255,3602,185501,56,363668
6430,0.001478,172.31.46.0-255,66,185567,56,363668
6431,0.004745,74.125.68.0-255,1484,187051,56,363668
6432,0.004765,74.125.68.0-255,2902,189953,56,363668
6433,0.004773,172.31.46.0-255,66,190019,56,363668
6434,0.004781,74.125.68.0-255,5738,195757,56,363668
6435,0.004783,172.31.46.0-255,66,195823,56,363668
6436,0.004818,172.31.46.0-255,66,195889,56,363668
6437,0.004823,74.125.68.0-255,4320,200209,56,363668
6438,0.004824,172.31.46.0-255,66,200275,56,363668
6439,0.004842,74.125.68.0-255,5738,206013,56,363668
6440,0.004845,172.31.46.0-255,66,206079,56,363668
6441,0.004868,74.125.68.0-255,4320,210399,56,363668
6442,0.00487,172.31.46.0-255,66,210465,56,363668
6443,0.004894,74.125.68.0-255,766,211231,56,363668
6444,0.005305,74.125.68.0-255,1484,212715,56,363668
6445,0.005307,172.31.46.0-255,66,212781,56,363668
6446,0.00531,74.125.68.0-255,1484,214265,56,363668
6447,0.005324,74.125.68.0-255,1484,215749,56,363668
6448,0.005326,172.31.46.0-255,66,215815,56,363668
6449,0.005341,74.125.68.0-255,1484,217299,56,363668
6450,0.005362,74.125.68.0-255,4320,221619,56,363668
6451,0.005364,172.31.46.0-255,66,221685,56,363668
6452,0.005367,74.125.68.0-255,1484,223169,56,363668
6453,0.005384,74.125.68.0-255,2902,226071,56,363668
6454,0.005387,172.31.46.0-255,66,226137,56,363668
6455,0.00539,74.125.68.0-255,1484,227621,56,363668
6456,0.005414,74.125.68.0-255,4320,231941,56,363668
6457,0.005416,172.31.46.0-255,66,232007,56,363668
6458,0.00542,74.125.68.0-255,2902,234909,56,363668
6459,0.005422,172.31.46.0-255,66,234975,56,363668
6460,0.005438,74.125.68.0-255,2902,237877,56,363668
6461,0.00544,172.31.46.0-255,66,237943,56,363668
6462,0.005447,74.125.68.0-255,7156,245099,56,363668
6463,0.00545,172.31.46.0-255,66,245165,56,363668
6464,0.005453,74.125.68.0-255,766,245931,56,363668
6465,0.005511,74.125.68.0-255,1484,247415,56,363668
6466,0.005515,172.31.46.0-255,66,247481,56,363668
6467,0.005519,74.125.68.0-255,1484,248965,56,363668
6468,0.005523,74.125.68.0-255,2902,251867,56,363668
6469,0.005525,172.31.46.0-255,66,251933,56,363668
6470,0.005551,74.125.68.0-255,5738,257671,56,363668
6471,0.005553,172.31.46.0-255,66,257737,56,363668
6472,0.005572,74.125.68.0-255,4320,262057,56,363668
6473,0.005575,172.31.46.0-255,66,262123,56,363668
6474,0.005593,74.125.68.0-255,5738,267861,56,363668
6475,0.005596,172.31.46.0-255,66,267927,56,363668
6476,0.005624,172.31.46.0-255,66,267993,56,363668
6477,0.005658,74.125.68.0-255,3602,271595,56,363668
6478,0.005663,172.31.46.0-255,66,271661,56,363668
6479,0.005745,74.125.68.0-255,1484,273145,56,363668
6480,0.005749,74.125.68.0-255,1484,274629,56,363668
6481,0.005753,172.31.46.0-255,66,274695,56,363668
6482,0.005773,74.125.68.0-255,2902,277597,56,363668
6483,0.005776,172.31.46.0-255,66,277663,56,363668
6484,0.005783,74.125.68.0-255,5738,283401,56,363668
6485,0.005786,172.31.46.0-255,66,283467,56,363668
6486,0.005804,74.125.68.0-255,1484,284951,56,363668
6487,0.005838,172.31.46.0-255,66,285017,56,363668
6488,0.005842,74.125.68.0-255,2902,287919,56,363668
6489,0.005845,172.31.46.0-255,66,287985,56,363668
6490,0.005869,172.31.46.0-255,66,288051,56,363668
6491,0.005872,74.125.68.0-255,766,288817,56,363668
6492,0.005874,74.125.68.0-255,1484,290301,56,363668
6493,0.005876,172.31.46.0-255,66,290367,56,363668
6494,0.005895,74.125.68.0-255,4320,294687,56,363668
6495,0.005898,172.31.46.0-255,66,294753,56,363668
6496,0.005926,74.125.68.0-255,7156,301909,56,363668
6497,0.005929,172.31.46.0-255,66,301975,56,363668
6498,0.005933,74.125.68.0-255,2902,304877,56,363668
6499,0.005935,172.31.46.0-255,66,304943,56,363668
6500,0.005952,74.125.68.0-255,5738,310681,56,363668
6501,0.005955,172.31.46.0-255,66,310747,56,363668
6502,0.005972,74.125.68.0-255,7156,317903,56,363668
6503,0.005975,172.31.46.0-255,66,317969,56,363668
6504,0.006001,74.125.68.0-255,5020,322989,56,363668
6505,0.006004,172.31.46.0-255,66,323055,56,363668
6506,0.006023,74.125.68.0-255,4320,327375,56,363668
6507,0.006026,172.31.46.0-255,66,327441,56,363668
6508,0.006039,74.125.68.0-255,4320,331761,56,363668
6509,0.006042,172.31.46.0-255,66,331827,56,363668
6510,0.00606,74.125.68.0-255,4320,336147,56,363668
6511,0.006063,172.31.46.0-255,66,336213,56,363668
6512,0.006068,74.125.68.0-255,4320,340533,56,363668
6513,0.006071,172.31.46.0-255,66,340599,56,363668
6514,0.006093,74.125.68.0-255,7156,347755,56,363668
6515,0.006097,172.31.46.0-255,66,347821,56,363668
6516,0.006122,172.31.46.0-255,66,347887,56,363668
6517,0.006233,74.125.68.0-255,1484,349371,56,363668
6518,0.006252,74.125.68.0-255,2902,352273,56,363668
6519,0.006255,172.31.46.0-255,66,352339,56,363668
6520,0.006264,74.125.68.0-255,5738,358077,56,363668
6521,0.006267,172.31.46.0-255,66,358143,56,363668
6522,0.006293,74.125.68.0-255,4320,362463,56,363668
6523,0.006296,172.31.46.0-255,66,362529,56,363668
6524,0.00631,74.125.68.0-255,762,363291,56,363668
6525,0.006351,74.125.68.0-255,105,363396,56,363668
6526,0.006448,172.31.46.0-255,101,363497,56,363668
6527,0.008239,172.31.46.0-255,105,363602,56,363668
6528,0.008754,74.125.68.0-255,66,363668,56,363668
6529,0.0,74.125.68.0-255,153,153,56,211013
6530,1.3e-05,172.31.46.0-255,66,219,56,211013
6531,1.9e-05,74.125.68.0-255,1484,1703,56,211013
6532,2.3e-05,172.31.46.0-255,66,1769,56,211013
6533,2.8e-05,74.125.68.0-255,2902,4671,56,211013
6534,3e-05,172.31.46.0-255,66,4737,56,211013
6535,6.2e-05,74.125.68.0-255,5738,10475,56,211013
6536,6.5e-05,172.31.46.0-255,66,10541,56,211013
6537,9.4e-05,74.125.68.0-255,1484,12025,56,211013
6538,9.6e-05,172.31.46.0-255,66,12091,56,211013
6539,0.000115,74.125.68.0-255,2053,14144,56,211013
6540,0.000117,172.31.46.0-255,66,14210,56,211013
6541,0.000157,74.125.68.0-255,1484,15694,56,211013
6542,0.000159,172.31.46.0-255,66,15760,56,211013
6543,0.000164,74.125.68.0-255,2902,18662,56,211013
6544,0.000166,172.31.46.0-255,66,18728,56,211013
6545,0.000168,74.125.68.0-255,1484,20212,56,211013
6546,0.00017,172.31.46.0-255,66,20278,56,211013
6547,0.000173,74.125.68.0-255,1484,21762,56,211013
6548,0.000175,172.31.46.0-255,66,21828,56,211013
6549,0.000187,74.125.68.0-255,1484,23312,56,211013
6550,0.000189,172.31.46.0-255,66,23378,56,211013
6551,0.000209,74.125.68.0-255,4320,27698,56,211013
6552,0.000211,172.31.46.0-255,66,27764,56,211013
6553,0.000226,74.125.68.0-255,1484,29248,56,211013
6554,0.000228,172.31.46.0-255,66,29314,56,211013
6555,0.000232,74.125.68.0-255,2543,31857,56,211013
6556,0.000234,172.31.46.0-255,66,31923,56,211013
6557,0.00027,74.125.68.0-255,1484,33407,56,211013
6558,0.000272,172.31.46.0-255,66,33473,56,211013
6559,0.000289,74.125.68.0-255,2902,36375,56,211013
6560,0.000291,172.31.46.0-255,66,36441,56,211013
6561,0.00032,74.125.68.0-255,5738,42179,56,211013
6562,0.000323,74.125.68.0-255,1484,43663,56,211013
6563,0.000327,74.125.68.0-255,2902,46565,56,211013
6564,0.000371,74.125.68.0-255,2543,49108,56,211013
6565,0.000426,74.125.68.0-255,2902,52010,56,211013
6566,0.000437,172.31.46.0-255,66,52076,56,211013
6567,0.000442,74.125.68.0-255,4320,56396,56,211013
6568,0.000446,172.31.46.0-255,66,56462,56,211013
6569,0.000467,74.125.68.0-255,4320,60782,56,211013
6570,0.000482,74.125.68.0-255,4320,65102,56,211013
6571,0.000485,74.125.68.0-255,1472,66574,56,211013
6572,0.000494,172.31.46.0-255,66,66640,56,211013
6573,0.00072,74.125.68.0-255,331,66971,56,211013
6574,0.000898,74.125.68.0-255,1484,68455,56,211013
6575,0.000903,172.31.46.0-255,66,68521,56,211013
6576,0.000915,74.125.68.0-255,2902,71423,56,211013
6577,0.000918,74.125.68.0-255,1484,72907,56,211013
6578,0.000929,74.125.68.0-255,1484,74391,56,211013
6579,0.000932,74.125.68.0-255,1484,75875,56,211013
6580,0.000943,172.31.46.0-255,66,75941,56,211013
6581,0.000963,74.125.68.0-255,2902,78843,56,211013
6582,0.000973,172.31.46.0-255,66,78909,56,211013
6583,0.000994,74.125.68.0-255,5379,84288,56,211013
6584,0.001008,172.31.46.0-255,66,84354,56,211013
6585,0.001021,74.125.68.0-255,2902,87256,56,211013
6586,0.001032,172.31.46.0-255,66,87322,56,211013
6587,0.001039,74.125.68.0-255,2902,90224,56,211013
6588,0.001059,74.125.68.0-255,1484,91708,56,211013
6589,0.001063,172.31.46.0-255,66,91774,56,211013
6590,0.001075,74.125.68.0-255,5738,97512,56,211013
6591,0.00108,74.125.68.0-255,3961,101473,56,211013
6592,0.001098,172.31.46.0-255,66,101539,56,211013
6593,0.001563,74.125.68.0-255,1484,103023,56,211013
6594,0.001594,74.125.68.0-255,2902,105925,56,211013
6595,0.001598,172.31.46.0-255,66,105991,56,211013
6596,0.001605,74.125.68.0-255,5738,111729,56,211013
6597,0.001629,74.125.68.0-255,7156,118885,56,211013
6598,0.001689,74.125.68.0-255,2184,121069,56,211013
6599,0.001714,74.125.68.0-255,2902,123971,56,211013
6600,0.001733,74.125.68.0-255,2902,126873,56,211013
6601,0.001745,74.125.68.0-255,4320,131193,56,211013
6602,0.001771,74.125.68.0-255,1484,132677,56,211013
6603,0.001774,74.125.68.0-255,1484,134161,56,211013
6604,0.00179,74.125.68.0-255,1484,135645,56,211013
6605,0.001796,74.125.68.0-255,5738,141383,56,211013
6606,0.001813,74.125.68.0-255,2902,144285,56,211013
6607,0.001832,74.125.68.0-255,4320,148605,56,211013
6608,0.001847,74.125.68.0-255,2902,151507,56,211013
6609,0.001869,74.125.68.0-255,3602,155109,56,211013
6610,0.001926,74.125.68.0-255,1484,156593,56,211013
6611,0.001951,74.125.68.0-255,1484,158077,56,211013
6612,0.001965,74.125.68.0-255,2902,160979,56,211013
6613,0.001989,74.125.68.0-255,4320,165299,56,211013
6614,0.002,74.125.68.0-255,1484,166783,56,211013
6615,0.002004,74.125.68.0-255,2902,169685,56,211013
6616,0.002037,74.125.68.0-255,4320,174005,56,211013
6617,0.002071,74.125.68.0-255,4320,178325,56,211013
6618,0.002126,74.125.68.0-255,2184,180509,56,211013
6619,0.002227,74.125.68.0-255,1484,181993,56,211013
6620,0.002241,74.125.68.0-255,2902,184895,56,211013
6621,0.002256,74.125.68.0-255,4320,189215,56,211013
6622,0.002265,74.125.68.0-255,1484,190699,56,211013
6623,0.002283,74.125.68.0-255,2902,193601,56,211013
6624,0.002297,74.125.68.0-255,4320,197921,56,211013
6625,0.002332,74.125.68.0-255,4320,202241,56,211013
6626,0.002344,74.125.68.0-255,2902,205143,56,211013
6627,0.006898,172.31.46.0-255,66,205209,56,211013
6628,0.009237,74.125.68.0-255,5738,210947,56,211013
6629,0.009246,172.31.46.0-255,66,211013,56,211013
6630,0.0,172.217.194.0-255,153,153,56,143673
6631,2.4e-05,172.31.46.0-255,66,219,56,143673
6632,3.2e-05,172.217.194.0-255,1484,1703,56,143673
6633,3.6e-05,172.31.46.0-255,66,1769,56,143673
6634,4.9e-05,172.217.194.0-255,2902,4671,56,143673
6635,5.4e-05,172.31.46.0-255,66,4737,56,143673
6636,6.3e-05,172.217.194.0-255,7156,11893,56,143673
6637,6.6e-05,172.31.46.0-255,66,11959,56,143673
6638,7e-05,172.217.194.0-255,1484,13443,56,143673
6639,7.3e-05,172.31.46.0-255,66,13509,56,143673
6640,9.1e-05,172.31.46.0-255,66,13575,56,143673
6641,9.6e-05,172.217.194.0-255,2543,16118,56,143673
6642,9.9e-05,172.31.46.0-255,66,16184,56,143673
6643,0.000297,172.217.194.0-255,1484,17668,56,143673
6644,0.000301,172.31.46.0-255,66,17734,56,143673
6645,0.000306,172.217.194.0-255,2902,20636,56,143673
6646,0.000309,172.31.46.0-255,66,20702,56,143673
6647,0.000314,172.217.194.0-255,2902,23604,56,143673
6648,0.000316,172.31.46.0-255,66,23670,56,143673
6649,0.000333,172.217.194.0-255,2902,26572,56,143673
6650,0.000336,172.31.46.0-255,66,26638,56,143673
6651,0.000352,172.31.46.0-255,66,26704,56,143673
6652,0.000401,172.217.194.0-255,4320,31024,56,143673
6653,0.000404,172.31.46.0-255,66,31090,56,143673
6654,0.000437,172.31.46.0-255,66,31156,56,143673
6655,0.00044,172.217.194.0-255,364,31520,56,143673
6656,0.000442,172.31.46.0-255,66,31586,56,143673
6657,0.000608,172.217.194.0-255,1484,33070,56,143673
6658,0.000613,172.31.46.0-255,66,33136,56,143673
6659,0.000619,172.217.194.0-255,2902,36038,56,143673
6660,0.000622,172.31.46.0-255,66,36104,56,143673
6661,0.000625,172.217.194.0-255,1484,37588,56,143673
6662,0.000659,172.217.194.0-255,4320,41908,56,143673
6663,0.000662,172.31.46.0-255,66,41974,56,143673
6664,0.00068,172.31.46.0-255,66,42040,56,143673
6665,0.000745,172.31.46.0-255,66,42106,56,143673
6666,0.000763,172.217.194.0-255,3602,45708,56,143673
6667,0.000766,172.31.46.0-255,66,45774,56,143673
6668,0.000823,172.217.194.0-255,1484,47258,56,143673
6669,0.000829,172.217.194.0-255,2902,50160,56,143673
6670,0.000832,172.31.46.0-255,66,50226,56,143673
6671,0.000839,172.217.194.0-255,5738,55964,56,143673
6672,0.000842,172.31.46.0-255,66,56030,56,143673
6673,0.000846,172.217.194.0-255,1484,57514,56,143673
6674,0.000854,172.217.194.0-255,1484,58998,56,143673
6675,0.000856,172.31.46.0-255,66,59064,56,143673
6676,0.000887,172.217.194.0-255,7156,66220,56,143673
6677,0.000895,172.31.46.0-255,66,66286,56,143673
6678,0.000939,172.31.46.0-255,66,66352,56,143673
6679,0.000942,172.217.194.0-255,1484,67836,56,143673
6680,0.000947,172.217.194.0-255,2902,70738,56,143673
6681,0.000949,172.31.46.0-255,66,70804,56,143673
6682,0.00098,172.217.194.0-255,5738,76542,56,143673
6683,0.000983,172.31.46.0-255,66,76608,56,143673
6684,0.000997,172.31.46.0-255,66,76674,56,143673
6685,0.00101,172.217.194.0-255,7156,83830,56,143673
6686,0.001013,172.31.46.0-255,66,83896,56,143673
6687,0.001041,172.217.194.0-255,3602,87498,56,143673
6688,0.001044,172.31.46.0-255,66,87564,56,143673
6689,0.001063,172.217.194.0-255,5738,93302,56,143673
6690,0.001066,172.31.46.0-255,66,93368,56,143673
6691,0.001106,172.31.46.0-255,66,93434,56,143673
6692,0.00111,172.217.194.0-255,2902,96336,56,143673
6693,0.001113,172.31.46.0-255,66,96402,56,143673
6694,0.00116,172.31.46.0-255,66,96468,56,143673
6695,0.001184,172.31.46.0-255,66,96534,56,143673
6696,0.001198,172.31.46.0-255,66,96600,56,143673
6697,0.001232,172.217.194.0-255,5020,101620,56,143673
6698,0.001235,172.31.46.0-255,66,101686,56,143673
6699,0.001336,172.217.194.0-255,1484,103170,56,143673
6700,0.001341,172.217.194.0-255,2902,106072,56,143673
6701,0.001353,172.31.46.0-255,66,106138,56,143673
6702,0.001357,172.217.194.0-255,1484,107622,56,143673
6703,0.001393,172.217.194.0-255,2902,110524,56,143673
6704,0.001396,172.31.46.0-255,66,110590,56,143673
6705,0.001403,172.217.194.0-255,5738,116328,56,143673
6706,0.001406,172.31.46.0-255,66,116394,56,143673
6707,0.00143,172.31.46.0-255,66,116460,56,143673
6708,0.001441,172.31.46.0-255,66,116526,56,143673
6709,0.001614,172.217.194.0-255,1484,118010,56,143673
6710,0.00162,172.217.194.0-255,2902,120912,56,143673
6711,0.001624,172.31.46.0-255,66,120978,56,143673
6712,0.00163,172.217.194.0-255,5738,126716,56,143673
6713,0.001633,172.31.46.0-255,66,126782,56,143673
6714,0.001713,172.31.46.0-255,66,126848,56,143673
6715,0.00173,172.31.46.0-255,66,126914,56,143673
6716,0.001823,172.217.194.0-255,1484,128398,56,143673
6717,0.00183,172.217.194.0-255,2902,131300,56,143673
6718,0.001833,172.31.46.0-255,66,131366,56,143673
6719,0.001837,172.217.194.0-255,1484,132850,56,143673
6720,0.001857,172.217.194.0-255,4320,137170,56,143673
6721,0.001859,172.31.46.0-255,66,137236,56,143673
6722,0.001901,172.31.46.0-255,66,137302,56,143673
6723,0.001919,172.31.46.0-255,66,137368,56,143673
6724,0.001924,172.217.194.0-255,4320,141688,56,143673
6725,0.001928,172.31.46.0-255,66,141754,56,143673
6726,0.001975,172.31.46.0-255,66,141820,56,143673
6727,0.001987,172.31.46.0-255,66,141886,56,143673
6728,0.001999,172.217.194.0-255,1484,143370,56,143673
6729,0.002056,172.31.46.0-255,66,143436,56,143673
6730,0.002069,172.31.46.0-255,66,143502,56,143673
6731,0.002113,172.217.194.0-255,105,143607,56,143673
6732,0.002118,172.31.46.0-255,66,143673,56,143673
6733,0.0,172.217.194.0-255,152,152,56,202120
6734,2.3e-05,172.31.46.0-255,66,218,56,202120
6735,3e-05,172.217.194.0-255,1484,1702,56,202120
6736,3.5e-05,172.31.46.0-255,66,1768,56,202120
6737,4.1e-05,172.217.194.0-255,2902,4670,56,202120
6738,4.6e-05,172.31.46.0-255,66,4736,56,202120
6739,5.1e-05,172.217.194.0-255,4320,9056,56,202120
6740,5.4e-05,172.31.46.0-255,66,9122,56,202120
6741,6.7e-05,172.31.46.0-255,66,9188,56,202120
6742,0.00011,172.31.46.0-255,66,9254,56,202120
6743,0.000129,172.217.194.0-255,1484,10738,56,202120
6744,0.000131,172.31.46.0-255,66,10804,56,202120
6745,0.000136,172.217.194.0-255,2902,13706,56,202120
6746,0.000138,172.31.46.0-255,66,13772,56,202120
6747,0.000142,172.217.194.0-255,2902,16674,56,202120
6748,0.000145,172.31.46.0-255,66,16740,56,202120
6749,0.000162,172.217.194.0-255,2902,19642,56,202120
6750,0.000164,172.31.46.0-255,66,19708,56,202120
6751,0.000175,172.31.46.0-255,66,19774,56,202120
6752,0.000204,172.217.194.0-255,2902,22676,56,202120
6753,0.000207,172.31.46.0-255,66,22742,56,202120
6754,0.000219,172.31.46.0-255,66,22808,56,202120
6755,0.000221,172.217.194.0-255,414,23222,56,202120
6756,0.000223,172.31.46.0-255,66,23288,56,202120
6757,0.00028,172.217.194.0-255,1484,24772,56,202120
6758,0.000283,172.31.46.0-255,66,24838,56,202120
6759,0.000288,172.217.194.0-255,2902,27740,56,202120
6760,0.000291,172.31.46.0-255,66,27806,56,202120
6761,0.000295,172.217.194.0-255,2902,30708,56,202120
6762,0.000297,172.31.46.0-255,66,30774,56,202120
6763,0.000321,172.217.194.0-255,2902,33676,56,202120
6764,0.000323,172.31.46.0-255,66,33742,56,202120
6765,0.000327,172.217.194.0-255,2902,36644,56,202120
6766,0.00033,172.31.46.0-255,66,36710,56,202120
6767,0.000344,172.217.194.0-255,3675,40385,56,202120
6768,0.000347,172.31.46.0-255,66,40451,56,202120
6769,0.000478,172.217.194.0-255,1484,41935,56,202120
6770,0.000485,172.217.194.0-255,2902,44837,56,202120
6771,0.000488,172.31.46.0-255,66,44903,56,202120
6772,0.000491,172.217.194.0-255,1484,46387,56,202120
6773,0.000513,172.217.194.0-255,4320,50707,56,202120
6774,0.000515,172.31.46.0-255,66,50773,56,202120
6775,0.000549,172.217.194.0-255,1484,52257,56,202120
6776,0.000575,172.31.46.0-255,66,52323,56,202120
6777,0.000587,172.31.46.0-255,66,52389,56,202120
6778,0.000647,172.217.194.0-255,1484,53873,56,202120
6779,0.000654,172.217.194.0-255,2902,56775,56,202120
6780,0.000656,172.31.46.0-255,66,56841,56,202120
6781,0.000661,172.217.194.0-255,2902,59743,56,202120
6782,0.000664,172.31.46.0-255,66,59809,56,202120
6783,0.000679,172.217.194.0-255,2902,62711,56,202120
6784,0.000681,172.31.46.0-255,66,62777,56,202120
6785,0.000688,172.217.194.0-255,6797,69574,56,202120
6786,0.000691,172.31.46.0-255,66,69640,56,202120
6787,0.001119,172.217.194.0-255,1484,71124,56,202120
6788,0.001124,172.217.194.0-255,2902,74026,56,202120
6789,0.00113,172.217.194.0-255,5738,79764,56,202120
6790,0.001152,172.217.194.0-255,4320,84084,56,202120
6791,0.001176,172.217.194.0-255,7156,91240,56,202120
6792,0.001189,172.217.194.0-255,4320,95560,56,202120
6793,0.001193,172.217.194.0-255,4320,99880,56,202120
6794,0.001212,172.217.194.0-255,3602,103482,56,202120
6795,0.001334,172.217.194.0-255,1484,104966,56,202120
6796,0.001358,172.217.194.0-255,2902,107868,56,202120
6797,0.00136,172.217.194.0-255,1484,109352,56,202120
6798,0.00138,172.217.194.0-255,4320,113672,56,202120
6799,0.001407,172.217.194.0-255,4320,117992,56,202120
6800,0.001428,172.217.194.0-255,1484,119476,56,202120
6801,0.00147,172.217.194.0-255,7156,126632,56,202120
6802,0.001503,172.217.194.0-255,5738,132370,56,202120
6803,0.001534,172.217.194.0-255,766,133136,56,202120
6804,0.001629,172.217.194.0-255,1484,134620,56,202120
6805,0.001632,172.217.194.0-255,1484,136104,56,202120
6806,0.001643,172.217.194.0-255,1484,137588,56,202120
6807,0.001647,172.217.194.0-255,2902,140490,56,202120
6808,0.00166,172.217.194.0-255,2902,143392,56,202120
6809,0.001678,172.217.194.0-255,4320,147712,56,202120
6810,0.001699,172.217.194.0-255,5738,153450,56,202120
6811,0.001723,172.217.194.0-255,4320,157770,56,202120
6812,0.001988,172.217.194.0-255,1484,159254,56,202120
6813,0.001995,172.217.194.0-255,2902,162156,56,202120
6814,0.00201,172.217.194.0-255,5738,167894,56,202120
6815,0.002079,172.217.194.0-255,5738,173632,56,202120
6816,0.002099,172.217.194.0-255,5020,178652,56,202120
6817,0.002116,172.217.194.0-255,1484,180136,56,202120
6818,0.002131,172.217.194.0-255,2902,183038,56,202120
6819,0.002134,172.217.194.0-255,1484,184522,56,202120
6820,0.002148,172.217.194.0-255,4320,188842,56,202120
6821,0.002196,172.217.194.0-255,1484,190326,56,202120
6822,0.002226,172.217.194.0-255,766,191092,56,202120
6823,0.002261,172.217.194.0-255,1484,192576,56,202120
6824,0.002304,172.217.194.0-255,7156,199732,56,202120
6825,0.002366,172.217.194.0-255,105,199837,56,202120
6826,0.005474,172.31.46.0-255,66,199903,56,202120
6827,0.00548,172.31.46.0-255,66,199969,56,202120
6828,0.005483,172.31.46.0-255,66,200035,56,202120
6829,0.005487,172.31.46.0-255,66,200101,56,202120
6830,0.005497,172.31.46.0-255,66,200167,56,202120
6831,0.0055,172.31.46.0-255,66,200233,56,202120
6832,0.005503,172.31.46.0-255,66,200299,56,202120
6833,0.005508,172.31.46.0-255,66,200365,56,202120
6834,0.005511,172.31.46.0-255,66,200431,56,202120
6835,0.005517,172.31.46.0-255,66,200497,56,202120
6836,0.00552,172.31.46.0-255,66,200563,56,202120
6837,0.005523,172.31.46.0-255,66,200629,56,202120
6838,0.005526,172.31.46.0-255,66,200695,56,202120
6839,0.005529,172.31.46.0-255,66,200761,56,202120
6840,0.005532,172.31.46.0-255,66,200827,56,202120
6841,0.005536,172.31.46.0-255,66,200893,56,202120
6842,0.005539,172.31.46.0-255,66,200959,56,202120
6843,0.005542,172.31.46.0-255,66,201025,56,202120
6844,0.005546,172.31.46.0-255,66,201091,56,202120
6845,0.005549,172.31.46.0-255,66,201157,56,202120
6846,0.005552,172.31.46.0-255,66,201223,56,202120
6847,0.005554,172.31.46.0-255,66,201289,56,202120
6848,0.005557,172.31.46.0-255,66,201355,56,202120
6849,0.00556,172.31.46.0-255,66,201421,56,202120
6850,0.005563,172.31.46.0-255,66,201487,56,202120
6851,0.005565,172.31.46.0-255,66,201553,56,202120
6852,0.005568,172.31.46.0-255,66,201619,56,202120
6853,0.005571,172.31.46.0-255,66,201685,56,202120
6854,0.005574,172.31.46.0-255,66,201751,56,202120
6855,0.005578,172.31.46.0-255,66,201817,56,202120
6856,0.005581,172.31.46.0-255,66,201883,56,202120
6857,0.005584,172.31.46.0-255,66,201949,56,202120
6858,0.005607,172.31.46.0-255,66,202015,56,202120
6859,0.008601,172.31.46.0-255,105,202120,56,202120
6860,0.0,172.31.46.0-255,105,105,56,276
6861,0.001486,157.240.13.0-255,105,210,56,276
6862,0.001499,172.31.46.0-255,66,276,56,276
6863,0.0,74.125.130.0-255,151,151,56,218324
6864,2.1e-05,172.31.46.0-255,66,217,56,218324
6865,2.8e-05,74.125.130.0-255,1484,1701,56,218324
6866,3.2e-05,172.31.46.0-255,66,1767,56,218324
6867,4.4e-05,74.125.130.0-255,2902,4669,56,218324
6868,4.7e-05,172.31.46.0-255,66,4735,56,218324
6869,5.3e-05,74.125.130.0-255,5738,10473,56,218324
6870,5.6e-05,172.31.46.0-255,66,10539,56,218324
6871,9.7e-05,74.125.130.0-255,3509,14048,56,218324
6872,0.0001,172.31.46.0-255,66,14114,56,218324
6873,0.000223,74.125.130.0-255,1484,15598,56,218324
6874,0.000227,172.31.46.0-255,66,15664,56,218324
6875,0.000232,74.125.130.0-255,2902,18566,56,218324
6876,0.000234,172.31.46.0-255,66,18632,56,218324
6877,0.000272,74.125.130.0-255,2902,21534,56,218324
6878,0.000274,172.31.46.0-255,66,21600,56,218324
6879,0.00028,74.125.130.0-255,4320,25920,56,218324
6880,0.000282,172.31.46.0-255,66,25986,56,218324
6881,0.000311,74.125.130.0-255,4320,30306,56,218324
6882,0.000314,172.31.46.0-255,66,30372,56,218324
6883,0.000337,74.125.130.0-255,5379,35751,56,218324
6884,0.00034,172.31.46.0-255,66,35817,56,218324
6885,0.00035,172.31.46.0-255,66,35883,56,218324
6886,0.000394,74.125.130.0-255,7156,43039,56,218324
6887,0.000396,172.31.46.0-255,66,43105,56,218324
6888,0.000423,74.125.130.0-255,2902,46007,56,218324
6889,0.000425,172.31.46.0-255,66,46073,56,218324
6890,0.00043,74.125.130.0-255,2902,48975,56,218324
6891,0.000432,172.31.46.0-255,66,49041,56,218324
6892,0.000463,74.125.130.0-255,6438,55479,56,218324
6893,0.000465,172.31.46.0-255,66,55545,56,218324
6894,0.000468,74.125.130.0-255,344,55889,56,218324
6895,0.000524,74.125.130.0-255,115,56004,56,218324
6896,0.000748,74.125.130.0-255,1484,57488,56,218324
6897,0.000752,172.31.46.0-255,66,57554,56,218324
6898,0.000756,74.125.130.0-255,1484,59038,56,218324
6899,0.000775,74.125.130.0-255,1484,60522,56,218324
6900,0.000782,74.125.130.0-255,4320,64842,56,218324
6901,0.000798,74.125.130.0-255,1484,66326,56,218324
6902,0.000816,74.125.130.0-255,4320,70646,56,218324
6903,0.000828,172.31.46.0-255,66,70712,56,218324
6904,0.000868,172.31.46.0-255,66,70778,56,218324
6905,0.000916,172.31.46.0-255,66,70844,56,218324
6906,0.000987,74.125.130.0-255,1484,72328,56,218324
6907,0.000992,74.125.130.0-255,2902,75230,56,218324
6908,0.000995,172.31.46.0-255,66,75296,56,218324
6909,0.001013,74.125.130.0-255,1484,76780,56,218324
6910,0.001018,74.125.130.0-255,2902,79682,56,218324
6911,0.001043,74.125.130.0-255,5738,85420,56,218324
6912,0.001055,172.31.46.0-255,66,85486,56,218324
6913,0.001058,74.125.130.0-255,1484,86970,56,218324
6914,0.001103,172.31.46.0-255,66,87036,56,218324
6915,0.001116,74.125.130.0-255,7156,94192,56,218324
6916,0.001134,74.125.130.0-255,2184,96376,56,218324
6917,0.001144,172.31.46.0-255,66,96442,56,218324
6918,0.001166,74.125.130.0-255,1484,97926,56,218324
6919,0.001172,74.125.130.0-255,2902,100828,56,218324
6920,0.00118,172.31.46.0-255,66,100894,56,218324
6921,0.001203,74.125.130.0-255,5738,106632,56,218324
6922,0.001219,74.125.130.0-255,5738,112370,56,218324
6923,0.001223,172.31.46.0-255,66,112436,56,218324
6924,0.00125,74.125.130.0-255,4320,116756,56,218324
6925,0.001266,74.125.130.0-255,3602,120358,56,218324
6926,0.001271,74.125.130.0-255,4320,124678,56,218324
6927,0.001284,172.31.46.0-255,66,124744,56,218324
6928,0.001304,74.125.130.0-255,5738,130482,56,218324
6929,0.001323,74.125.130.0-255,4320,134802,56,218324
6930,0.001326,74.125.130.0-255,860,135662,56,218324
6931,0.00133,172.31.46.0-255,66,135728,56,218324
6932,0.001531,172.31.46.0-255,101,135829,56,218324
6933,0.002076,74.125.130.0-255,1484,137313,56,218324
6934,0.002096,74.125.130.0-255,2902,140215,56,218324
6935,0.0021,172.31.46.0-255,66,140281,56,218324
6936,0.002107,74.125.130.0-255,5738,146019,56,218324
6937,0.002128,74.125.130.0-255,6797,152816,56,218324
6938,0.002135,172.31.46.0-255,66,152882,56,218324
6939,0.002149,74.125.130.0-255,4320,157202,56,218324
6940,0.002173,74.125.130.0-255,2902,160104,56,218324
6941,0.002175,74.125.130.0-255,1484,161588,56,218324
6942,0.002178,172.31.46.0-255,66,161654,56,218324
6943,0.002183,172.31.46.0-255,66,161720,56,218324
6944,0.00223,172.31.46.0-255,66,161786,56,218324
6945,0.002319,74.125.130.0-255,1484,163270,56,218324
6946,0.002323,74.125.130.0-255,1484,164754,56,218324
6947,0.002326,172.31.46.0-255,66,164820,56,218324
6948,0.002348,74.125.130.0-255,1484,166304,56,218324
6949,0.002355,74.125.130.0-255,5738,172042,56,218324
6950,0.002364,172.31.46.0-255,66,172108,56,218324
6951,0.002407,74.125.130.0-255,5738,177846,56,218324
6952,0.002411,172.31.46.0-255,66,177912,56,218324
6953,0.002423,74.125.130.0-255,6438,184350,56,218324
6954,0.002481,74.125.130.0-255,1484,185834,56,218324
6955,0.002485,74.125.130.0-255,2902,188736,56,218324
6956,0.002508,74.125.130.0-255,5738,194474,56,218324
6957,0.002522,74.125.130.0-255,4320,198794,56,218324
6958,0.002537,74.125.130.0-255,4320,203114,56,218324
6959,0.002552,74.125.130.0-255,4320,207434,56,218324
6960,0.002575,74.125.130.0-255,5738,213172,56,218324
6961,0.002581,74.125.130.0-255,5020,218192,56,218324
6962,0.004092,74.125.130.0-255,66,218258,56,218324
6963,0.008281,172.31.46.0-255,66,218324,56,218324
6964,0.0,74.125.24.0-255,148,148,56,136736
6965,1.5e-05,172.31.46.0-255,66,214,56,136736
6966,2.2e-05,74.125.24.0-255,1484,1698,56,136736
6967,2.6e-05,172.31.46.0-255,66,1764,56,136736
6968,3.2e-05,74.125.24.0-255,2902,4666,56,136736
6969,3.5e-05,172.31.46.0-255,66,4732,56,136736
6970,4.3e-05,74.125.24.0-255,7156,11888,56,136736
6971,4.6e-05,172.31.46.0-255,66,11954,56,136736
6972,5.1e-05,74.125.24.0-255,1976,13930,56,136736
6973,5.3e-05,172.31.46.0-255,66,13996,56,136736
6974,0.000223,74.125.24.0-255,1484,15480,56,136736
6975,0.000228,172.31.46.0-255,66,15546,56,136736
6976,0.000234,74.125.24.0-255,2902,18448,56,136736
6977,0.000237,172.31.46.0-255,66,18514,56,136736
6978,0.000244,74.125.24.0-255,5738,24252,56,136736
6979,0.000246,172.31.46.0-255,66,24318,56,136736
6980,0.000274,74.125.24.0-255,4320,28638,56,136736
6981,0.000276,172.31.46.0-255,66,28704,56,136736
6982,0.000334,74.125.24.0-255,1484,30188,56,136736
6983,0.000336,172.31.46.0-255,66,30254,56,136736
6984,0.000366,172.31.46.0-255,66,30320,56,136736
6985,0.000372,74.125.24.0-255,4320,34640,56,136736
6986,0.000374,172.31.46.0-255,66,34706,56,136736
6987,0.000391,74.125.24.0-255,2543,37249,56,136736
6988,0.000393,172.31.46.0-255,66,37315,56,136736
6989,0.000735,74.125.24.0-255,1484,38799,56,136736
6990,0.000739,172.31.46.0-255,66,38865,56,136736
6991,0.000745,74.125.24.0-255,2902,41767,56,136736
6992,0.000748,172.31.46.0-255,66,41833,56,136736
6993,0.000764,74.125.24.0-255,5738,47571,56,136736
6994,0.000766,172.31.46.0-255,66,47637,56,136736
6995,0.000791,74.125.24.0-255,4320,51957,56,136736
6996,0.000794,172.31.46.0-255,66,52023,56,136736
6997,0.000822,172.31.46.0-255,66,52089,56,136736
6998,0.000834,172.31.46.0-255,66,52155,56,136736
6999,0.000854,74.125.24.0-255,1484,53639,56,136736
7000,0.000878,172.31.46.0-255,66,53705,56,136736
7001,0.000914,74.125.24.0-255,3961,57666,56,136736
7002,0.000918,172.31.46.0-255,66,57732,56,136736
7003,0.001117,74.125.24.0-255,1484,59216,56,136736
7004,0.001124,74.125.24.0-255,2902,62118,56,136736
7005,0.001128,172.31.46.0-255,66,62184,56,136736
7006,0.001146,74.125.24.0-255,5738,67922,56,136736
7007,0.001149,172.31.46.0-255,66,67988,56,136736
7008,0.00119,172.31.46.0-255,66,68054,56,136736
7009,0.001208,74.125.24.0-255,1484,69538,56,136736
7010,0.001231,172.31.46.0-255,66,69604,56,136736
7011,0.001269,74.125.24.0-255,2184,71788,56,136736
7012,0.001272,172.31.46.0-255,66,71854,56,136736
7013,0.001287,172.31.46.0-255,66,71920,56,136736
7014,0.001301,172.31.46.0-255,66,71986,56,136736
7015,0.001361,172.31.46.0-255,66,72052,56,136736
7016,0.001372,172.31.46.0-255,66,72118,56,136736
7017,0.00139,172.31.46.0-255,66,72184,56,136736
7018,0.001397,74.125.24.0-255,6438,78622,56,136736
7019,0.0014,172.31.46.0-255,66,78688,56,136736
7020,0.001426,74.125.24.0-255,1484,80172,56,136736
7021,0.00143,74.125.24.0-255,1484,81656,56,136736
7022,0.001433,172.31.46.0-255,66,81722,56,136736
7023,0.001453,74.125.24.0-255,1484,83206,56,136736
7024,0.00146,74.125.24.0-255,5738,88944,56,136736
7025,0.001462,172.31.46.0-255,66,89010,56,136736
7026,0.001478,74.125.24.0-255,5738,94748,56,136736
7027,0.001481,172.31.46.0-255,66,94814,56,136736
7028,0.001511,74.125.24.0-255,2902,97716,56,136736
7029,0.001514,172.31.46.0-255,66,97782,56,136736
7030,0.001527,172.31.46.0-255,66,97848,56,136736
7031,0.001548,74.125.24.0-255,5020,102868,56,136736
7032,0.001551,172.31.46.0-255,66,102934,56,136736
7033,0.001704,74.125.24.0-255,1484,104418,56,136736
7034,0.00171,74.125.24.0-255,2902,107320,56,136736
7035,0.001713,172.31.46.0-255,66,107386,56,136736
7036,0.001718,74.125.24.0-255,2902,110288,56,136736
7037,0.001721,172.31.46.0-255,66,110354,56,136736
7038,0.001736,74.125.24.0-255,2902,113256,56,136736
7039,0.001738,172.31.46.0-255,66,113322,56,136736
7040,0.001743,74.125.24.0-255,4320,117642,56,136736
7041,0.001746,172.31.46.0-255,66,117708,56,136736
7042,0.001749,74.125.24.0-255,1484,119192,56,136736
7043,0.001789,172.31.46.0-255,66,119258,56,136736
7044,0.001799,172.31.46.0-255,66,119324,56,136736
7045,0.004055,74.125.24.0-255,5738,125062,56,136736
7046,0.004065,172.31.46.0-255,66,125128,56,136736
7047,0.006352,74.125.24.0-255,5738,130866,56,136736
7048,0.006359,172.31.46.0-255,66,130932,56,136736
7049,0.008634,74.125.24.0-255,5738,136670,56,136736
7050,0.00864,172.31.46.0-255,66,136736,56,136736
7051,0.0,74.125.24.0-255,292,292,56,143897
7052,2.3e-05,172.31.46.0-255,66,358,56,143897
7053,2.9e-05,74.125.24.0-255,1484,1842,56,143897
7054,3.4e-05,172.31.46.0-255,66,1908,56,143897
7055,4.9e-05,74.125.24.0-255,4320,6228,56,143897
7056,5.2e-05,172.31.46.0-255,66,6294,56,143897
7057,9.5e-05,172.31.46.0-255,66,6360,56,143897
7058,0.000102,74.125.24.0-255,7156,13516,56,143897
7059,0.000105,172.31.46.0-255,66,13582,56,143897
7060,0.000125,74.125.24.0-255,1484,15066,56,143897
7061,0.000128,172.31.46.0-255,66,15132,56,143897
7062,0.000142,172.31.46.0-255,66,15198,56,143897
7063,0.000194,74.125.24.0-255,5738,20936,56,143897
7064,0.000197,172.31.46.0-255,66,21002,56,143897
7065,0.00023,172.31.46.0-255,66,21068,56,143897
7066,0.000474,74.125.24.0-255,1484,22552,56,143897
7067,0.000479,172.31.46.0-255,66,22618,56,143897
7068,0.000486,74.125.24.0-255,2902,25520,56,143897
7069,0.000489,172.31.46.0-255,66,25586,56,143897
7070,0.00052,74.125.24.0-255,5738,31324,56,143897
7071,0.000523,172.31.46.0-255,66,31390,56,143897
7072,0.000527,74.125.24.0-255,2902,34292,56,143897
7073,0.000529,172.31.46.0-255,66,34358,56,143897
7074,0.000576,74.125.24.0-255,3961,38319,56,143897
7075,0.000579,172.31.46.0-255,66,38385,56,143897
7076,0.00059,74.125.24.0-255,1484,39869,56,143897
7077,0.000596,172.31.46.0-255,66,39935,56,143897
7078,0.000621,74.125.24.0-255,2902,42837,56,143897
7079,0.000624,172.31.46.0-255,66,42903,56,143897
7080,0.000636,172.31.46.0-255,66,42969,56,143897
7081,0.000641,74.125.24.0-255,3123,46092,56,143897
7082,0.000644,172.31.46.0-255,66,46158,56,143897
7083,0.000673,172.31.46.0-255,66,46224,56,143897
7084,0.000704,74.125.24.0-255,7156,53380,56,143897
7085,0.000706,172.31.46.0-255,66,53446,56,143897
7086,0.00071,74.125.24.0-255,1125,54571,56,143897
7087,0.001124,74.125.24.0-255,1484,56055,56,143897
7088,0.001129,172.31.46.0-255,66,56121,56,143897
7089,0.001135,74.125.24.0-255,2902,59023,56,143897
7090,0.001137,172.31.46.0-255,66,59089,56,143897
7091,0.001149,74.125.24.0-255,5738,64827,56,143897
7092,0.001151,172.31.46.0-255,66,64893,56,143897
7093,0.001172,74.125.24.0-255,4320,69213,56,143897
7094,0.001174,172.31.46.0-255,66,69279,56,143897
7095,0.001203,172.31.46.0-255,66,69345,56,143897
7096,0.001214,172.31.46.0-255,66,69411,56,143897
7097,0.00124,74.125.24.0-255,766,70177,56,143897
7098,0.001363,74.125.24.0-255,1484,71661,56,143897
7099,0.001367,172.31.46.0-255,66,71727,56,143897
7100,0.001372,74.125.24.0-255,2902,74629,56,143897
7101,0.001375,172.31.46.0-255,66,74695,56,143897
7102,0.001446,74.125.24.0-255,5738,80433,56,143897
7103,0.001449,172.31.46.0-255,66,80499,56,143897
7104,0.00146,172.31.46.0-255,66,80565,56,143897
7105,0.001475,172.31.46.0-255,66,80631,56,143897
7106,0.0015,74.125.24.0-255,766,81397,56,143897
7107,0.001537,74.125.24.0-255,1484,82881,56,143897
7108,0.00154,172.31.46.0-255,66,82947,56,143897
7109,0.001564,74.125.24.0-255,2902,85849,56,143897
7110,0.00157,74.125.24.0-255,4320,90169,56,143897
7111,0.001572,74.125.24.0-255,1484,91653,56,143897
7112,0.001577,172.31.46.0-255,66,91719,56,143897
7113,0.00158,172.31.46.0-255,66,91785,56,143897
7114,0.001606,74.125.24.0-255,7156,98941,56,143897
7115,0.001609,172.31.46.0-255,66,99007,56,143897
7116,0.001623,172.31.46.0-255,66,99073,56,143897
7117,0.001655,74.125.24.0-255,5020,104093,56,143897
7118,0.001658,172.31.46.0-255,66,104159,56,143897
7119,0.00198,74.125.24.0-255,1484,105643,56,143897
7120,0.001985,74.125.24.0-255,2902,108545,56,143897
7121,0.001991,172.31.46.0-255,66,108611,56,143897
7122,0.002003,74.125.24.0-255,5738,114349,56,143897
7123,0.002009,172.31.46.0-255,66,114415,56,143897
7124,0.002045,172.31.46.0-255,66,114481,56,143897
7125,0.002048,74.125.24.0-255,1484,115965,56,143897
7126,0.002089,74.125.24.0-255,1484,117449,56,143897
7127,0.002092,74.125.24.0-255,2902,120351,56,143897
7128,0.002094,74.125.24.0-255,1484,121835,56,143897
7129,0.002098,172.31.46.0-255,66,121901,56,143897
7130,0.002101,172.31.46.0-255,66,121967,56,143897
7131,0.002129,74.125.24.0-255,4320,126287,56,143897
7132,0.002132,172.31.46.0-255,66,126353,56,143897
7133,0.00215,172.31.46.0-255,66,126419,56,143897
7134,0.002153,74.125.24.0-255,1484,127903,56,143897
7135,0.004232,74.125.24.0-255,4320,132223,56,143897
7136,0.004245,172.31.46.0-255,66,132289,56,143897
7137,0.00632,74.125.24.0-255,5738,138027,56,143897
7138,0.00633,172.31.46.0-255,66,138093,56,143897
7139,0.008413,74.125.24.0-255,5738,143831,56,143897
7140,0.008422,172.31.46.0-255,66,143897,56,143897
7141,0.0,172.217.194.0-255,146,146,56,197412
7142,1.4e-05,172.31.46.0-255,66,212,56,197412
7143,3.7e-05,172.217.194.0-255,1484,1696,56,197412
7144,4.1e-05,172.31.46.0-255,66,1762,56,197412
7145,4.4e-05,172.217.194.0-255,1484,3246,56,197412
7146,4.6e-05,172.31.46.0-255,66,3312,56,197412
7147,5.8e-05,172.217.194.0-255,1484,4796,56,197412
7148,6.1e-05,172.31.46.0-255,66,4862,56,197412
7149,7.7e-05,172.217.194.0-255,4320,9182,56,197412
7150,7.9e-05,172.31.46.0-255,66,9248,56,197412
7151,0.000106,172.217.194.0-255,4956,14204,56,197412
7152,0.000108,172.31.46.0-255,66,14270,56,197412
7153,0.000125,172.217.194.0-255,1484,15754,56,197412
7154,0.000126,172.31.46.0-255,66,15820,56,197412
7155,0.000149,172.217.194.0-255,5738,21558,56,197412
7156,0.000152,172.31.46.0-255,66,21624,56,197412
7157,0.000188,172.217.194.0-255,4320,25944,56,197412
7158,0.00019,172.31.46.0-255,66,26010,56,197412
7159,0.000196,172.217.194.0-255,5738,31748,56,197412
7160,0.000198,172.31.46.0-255,66,31814,56,197412
7161,0.000243,172.217.194.0-255,7156,38970,56,197412
7162,0.000246,172.31.46.0-255,66,39036,56,197412
7163,0.000264,172.217.194.0-255,4320,43356,56,197412
7164,0.000267,172.31.46.0-255,66,43422,56,197412
7165,0.000273,172.217.194.0-255,5020,48442,56,197412
7166,0.000274,172.31.46.0-255,66,48508,56,197412
7167,0.000306,172.217.194.0-255,1484,49992,56,197412
7168,0.000308,172.31.46.0-255,66,50058,56,197412
7169,0.000334,172.217.194.0-255,1484,51542,56,197412
7170,0.000336,172.31.46.0-255,66,51608,56,197412
7171,0.000351,172.217.194.0-255,2902,54510,56,197412
7172,0.000353,172.31.46.0-255,66,54576,56,197412
7173,0.000357,172.217.194.0-255,2902,57478,56,197412
7174,0.000359,172.31.46.0-255,66,57544,56,197412
7175,0.000381,172.217.194.0-255,2902,60446,56,197412
7176,0.000383,172.31.46.0-255,66,60512,56,197412
7177,0.000402,172.217.194.0-255,2902,63414,56,197412
7178,0.000404,172.31.46.0-255,66,63480,56,197412
7179,0.000419,172.217.194.0-255,2851,66331,56,197412
7180,0.000421,172.31.46.0-255,66,66397,56,197412
7181,0.000966,172.217.194.0-255,1484,67881,56,197412
7182,0.00097,172.31.46.0-255,66,67947,56,197412
7183,0.000975,172.217.194.0-255,2902,70849,56,197412
7184,0.000977,172.31.46.0-255,66,70915,56,197412
7185,0.00099,172.217.194.0-255,1484,72399,56,197412
7186,0.000992,172.31.46.0-255,66,72465,56,197412
7187,0.000996,172.217.194.0-255,2902,75367,56,197412
7188,0.000998,172.31.46.0-255,66,75433,56,197412
7189,0.001019,172.217.194.0-255,5738,81171,56,197412
7190,0.001021,172.31.46.0-255,66,81237,56,197412
7191,0.001067,172.31.46.0-255,66,81303,56,197412
7192,0.001099,172.217.194.0-255,6438,87741,56,197412
7193,0.001101,172.31.46.0-255,66,87807,56,197412
7194,0.001147,172.217.194.0-255,5738,93545,56,197412
7195,0.00115,172.31.46.0-255,66,93611,56,197412
7196,0.001153,172.217.194.0-255,1484,95095,56,197412
7197,0.001155,172.31.46.0-255,66,95161,56,197412
7198,0.001172,172.217.194.0-255,5738,100899,56,197412
7199,0.001176,172.31.46.0-255,66,100965,56,197412
7200,0.00121,172.31.46.0-255,66,101031,56,197412
7201,0.001216,172.217.194.0-255,6438,107469,56,197412
7202,0.001219,172.31.46.0-255,66,107535,56,197412
7203,0.001253,172.217.194.0-255,4320,111855,56,197412
7204,0.001255,172.31.46.0-255,66,111921,56,197412
7205,0.0013,172.31.46.0-255,66,111987,56,197412
7206,0.00131,172.31.46.0-255,66,112053,56,197412
7207,0.00132,172.217.194.0-255,1484,113537,56,197412
7208,0.001322,172.31.46.0-255,66,113603,56,197412
7209,0.001369,172.31.46.0-255,66,113669,56,197412
7210,0.001378,172.31.46.0-255,66,113735,56,197412
7211,0.001408,172.31.46.0-255,66,113801,56,197412
7212,0.001424,172.217.194.0-255,5738,119539,56,197412
7213,0.001441,172.217.194.0-255,7156,126695,56,197412
7214,0.001473,172.31.46.0-255,66,126761,56,197412
7215,0.001517,172.217.194.0-255,5738,132499,56,197412
7216,0.001519,172.217.194.0-255,1484,133983,56,197412
7217,0.001521,172.31.46.0-255,66,134049,56,197412
7218,0.001525,172.31.46.0-255,66,134115,56,197412
7219,0.001539,172.217.194.0-255,5738,139853,56,197412
7220,0.001561,172.31.46.0-255,66,139919,56,197412
7221,0.001568,172.217.194.0-255,7156,147075,56,197412
7222,0.001573,172.31.46.0-255,66,147141,56,197412
7223,0.00159,172.217.194.0-255,4320,151461,56,197412
7224,0.0016,172.31.46.0-255,66,151527,56,197412
7225,0.00163,172.217.194.0-255,7156,158683,56,197412
7226,0.001639,172.31.46.0-255,66,158749,56,197412
7227,0.001646,172.217.194.0-255,6438,165187,56,197412
7228,0.00165,172.217.194.0-255,5738,170925,56,197412
7229,0.001655,172.31.46.0-255,66,170991,56,197412
7230,0.001675,172.217.194.0-255,5738,176729,56,197412
7231,0.001698,172.31.46.0-255,66,176795,56,197412
7232,0.001713,172.31.46.0-255,66,176861,56,197412
7233,0.001725,172.217.194.0-255,1484,178345,56,197412
7234,0.001752,172.31.46.0-255,66,178411,56,197412
7235,0.001794,172.217.194.0-255,1484,179895,56,197412
7236,0.001803,172.31.46.0-255,66,179961,56,197412
7237,0.00183,172.217.194.0-255,7156,187117,56,197412
7238,0.001851,172.31.46.0-255,66,187183,56,197412
7239,0.001899,172.217.194.0-255,4320,191503,56,197412
7240,0.001956,172.217.194.0-255,5738,197241,56,197412
7241,0.001982,172.217.194.0-255,105,197346,56,197412
7242,0.001988,172.31.46.0-255,66,197412,56,197412
7243,0.0,74.125.24.0-255,150,150,56,210876
7244,1.9e-05,172.31.46.0-255,66,216,56,210876
7245,2.5e-05,74.125.24.0-255,1484,1700,56,210876
7246,3e-05,172.31.46.0-255,66,1766,56,210876
7247,3.6e-05,74.125.24.0-255,2902,4668,56,210876
7248,3.9e-05,172.31.46.0-255,66,4734,56,210876
7249,8.6e-05,74.125.24.0-255,7156,11890,56,210876
7250,9e-05,172.31.46.0-255,66,11956,56,210876
7251,9.4e-05,74.125.24.0-255,2053,14009,56,210876
7252,9.6e-05,172.31.46.0-255,66,14075,56,210876
7253,0.000101,74.125.24.0-255,2902,16977,56,210876
7254,0.000103,172.31.46.0-255,66,17043,56,210876
7255,0.000111,74.125.24.0-255,7156,24199,56,210876
7256,0.000114,172.31.46.0-255,66,24265,56,210876
7257,0.000137,74.125.24.0-255,5738,30003,56,210876
7258,0.00014,172.31.46.0-255,66,30069,56,210876
7259,0.00017,74.125.24.0-255,1125,31194,56,210876
7260,0.000172,172.31.46.0-255,66,31260,56,210876
7261,0.000249,74.125.24.0-255,1484,32744,56,210876
7262,0.000253,172.31.46.0-255,66,32810,56,210876
7263,0.000258,74.125.24.0-255,2902,35712,56,210876
7264,0.00026,172.31.46.0-255,66,35778,56,210876
7265,0.000266,74.125.24.0-255,4320,40098,56,210876
7266,0.000268,172.31.46.0-255,66,40164,56,210876
7267,0.000291,74.125.24.0-255,1484,41648,56,210876
7268,0.000293,172.31.46.0-255,66,41714,56,210876
7269,0.0003,74.125.24.0-255,5738,47452,56,210876
7270,0.000303,172.31.46.0-255,66,47518,56,210876
7271,0.00031,74.125.24.0-255,6797,54315,56,210876
7272,0.000312,172.31.46.0-255,66,54381,56,210876
7273,0.000355,74.125.24.0-255,4320,58701,56,210876
7274,0.000358,172.31.46.0-255,66,58767,56,210876
7275,0.000382,74.125.24.0-255,7130,65897,56,210876
7276,0.000385,172.31.46.0-255,66,65963,56,210876
7277,0.000535,74.125.24.0-255,112,66075,56,210876
7278,0.000564,74.125.24.0-255,329,66404,56,210876
7279,0.000997,74.125.24.0-255,1484,67888,56,210876
7280,0.001002,172.31.46.0-255,66,67954,56,210876
7281,0.001007,74.125.24.0-255,2902,70856,56,210876
7282,0.001009,172.31.46.0-255,66,70922,56,210876
7283,0.001012,74.125.24.0-255,1484,72406,56,210876
7284,0.001031,74.125.24.0-255,4320,76726,56,210876
7285,0.001033,172.31.46.0-255,66,76792,56,210876
7286,0.001058,172.31.46.0-255,66,76858,56,210876
7287,0.001082,172.31.46.0-255,66,76924,56,210876
7288,0.001104,74.125.24.0-255,2184,79108,56,210876
7289,0.001106,172.31.46.0-255,66,79174,56,210876
7290,0.001585,74.125.24.0-255,1484,80658,56,210876
7291,0.001595,74.125.24.0-255,2902,83560,56,210876
7292,0.001599,172.31.46.0-255,66,83626,56,210876
7293,0.001607,74.125.24.0-255,5738,89364,56,210876
7294,0.001609,172.31.46.0-255,66,89430,56,210876
7295,0.001614,74.125.24.0-255,4320,93750,56,210876
7296,0.001616,172.31.46.0-255,66,93816,56,210876
7297,0.001657,172.31.46.0-255,66,93882,56,210876
7298,0.001663,74.125.24.0-255,4320,98202,56,210876
7299,0.001665,172.31.46.0-255,66,98268,56,210876
7300,0.001681,74.125.24.0-255,3602,101870,56,210876
7301,0.001683,172.31.46.0-255,66,101936,56,210876
7302,0.001686,74.125.24.0-255,1484,103420,56,210876
7303,0.001715,74.125.24.0-255,7156,110576,56,210876
7304,0.001718,172.31.46.0-255,66,110642,56,210876
7305,0.00173,172.31.46.0-255,66,110708,56,210876
7306,0.001752,74.125.24.0-255,1484,112192,56,210876
7307,0.001767,74.125.24.0-255,4320,116512,56,210876
7308,0.00177,172.31.46.0-255,66,116578,56,210876
7309,0.001799,172.31.46.0-255,66,116644,56,210876
7310,0.002096,74.125.24.0-255,1484,118128,56,210876
7311,0.002104,74.125.24.0-255,2902,121030,56,210876
7312,0.002109,172.31.46.0-255,66,121096,56,210876
7313,0.002117,74.125.24.0-255,5738,126834,56,210876
7314,0.00212,172.31.46.0-255,66,126900,56,210876
7315,0.00214,74.125.24.0-255,1484,128384,56,210876
7316,0.00216,74.125.24.0-255,5738,134122,56,210876
7317,0.002162,172.31.46.0-255,66,134188,56,210876
7318,0.002167,74.125.24.0-255,4320,138508,56,210876
7319,0.002169,172.31.46.0-255,66,138574,56,210876
7320,0.002191,172.31.46.0-255,66,138640,56,210876
7321,0.002193,74.125.24.0-255,1484,140124,56,210876
7322,0.002196,74.125.24.0-255,766,140890,56,210876
7323,0.002197,172.31.46.0-255,66,140956,56,210876
7324,0.002282,74.125.24.0-255,1484,142440,56,210876
7325,0.0023,74.125.24.0-255,2902,145342,56,210876
7326,0.002304,172.31.46.0-255,66,145408,56,210876
7327,0.002317,74.125.24.0-255,2902,148310,56,210876
7328,0.002319,172.31.46.0-255,66,148376,56,210876
7329,0.002337,74.125.24.0-255,1484,149860,56,210876
7330,0.002343,74.125.24.0-255,5738,155598,56,210876
7331,0.002345,172.31.46.0-255,66,155664,56,210876
7332,0.002362,74.125.24.0-255,5738,161402,56,210876
7333,0.002364,172.31.46.0-255,66,161468,56,210876
7334,0.00239,74.125.24.0-255,5738,167206,56,210876
7335,0.002392,172.31.46.0-255,66,167272,56,210876
7336,0.002397,74.125.24.0-255,4320,171592,56,210876
7337,0.002398,172.31.46.0-255,66,171658,56,210876
7338,0.002416,74.125.24.0-255,4320,175978,56,210876
7339,0.002419,172.31.46.0-255,66,176044,56,210876
7340,0.002444,172.31.46.0-255,66,176110,56,210876
7341,0.002454,74.125.24.0-255,5738,181848,56,210876
7342,0.002456,172.31.46.0-255,66,181914,56,210876
7343,0.002488,74.125.24.0-255,2902,184816,56,210876
7344,0.00249,172.31.46.0-255,66,184882,56,210876
7345,0.002513,172.31.46.0-255,66,184948,56,210876
7346,0.002534,74.125.24.0-255,2184,187132,56,210876
7347,0.002536,172.31.46.0-255,66,187198,56,210876
7348,0.002539,74.125.24.0-255,1484,188682,56,210876
7349,0.002541,74.125.24.0-255,1484,190166,56,210876
7350,0.002543,172.31.46.0-255,66,190232,56,210876
7351,0.002554,74.125.24.0-255,1484,191716,56,210876
7352,0.002567,74.125.24.0-255,4320,196036,56,210876
7353,0.002569,172.31.46.0-255,66,196102,56,210876
7354,0.002585,74.125.24.0-255,1484,197586,56,210876
7355,0.002589,74.125.24.0-255,2902,200488,56,210876
7356,0.002591,172.31.46.0-255,66,200554,56,210876
7357,0.004405,172.31.46.0-255,66,200620,56,210876
7358,0.006966,74.125.24.0-255,4320,204940,56,210876
7359,0.006971,172.31.46.0-255,66,205006,56,210876
7360,0.006986,74.125.24.0-255,1484,206490,56,210876
7361,0.009521,74.125.24.0-255,4320,210810,56,210876
7362,0.009527,172.31.46.0-255,66,210876,56,210876
7363,0.0,74.125.24.0-255,146,146,56,155640
7364,1.3e-05,172.31.46.0-255,66,212,56,155640
7365,2e-05,74.125.24.0-255,1484,1696,56,155640
7366,2.4e-05,172.31.46.0-255,66,1762,56,155640
7367,2.6e-05,74.125.24.0-255,1484,3246,56,155640
7368,2.9e-05,172.31.46.0-255,66,3312,56,155640
7369,4.2e-05,74.125.24.0-255,2902,6214,56,155640
7370,4.5e-05,172.31.46.0-255,66,6280,56,155640
7371,4.7e-05,74.125.24.0-255,1484,7764,56,155640
7372,5e-05,172.31.46.0-255,66,7830,56,155640
7373,6.7e-05,74.125.24.0-255,4320,12150,56,155640
7374,7.4e-05,172.31.46.0-255,66,12216,56,155640
7375,7.9e-05,74.125.24.0-255,4320,16536,56,155640
7376,8.1e-05,172.31.46.0-255,66,16602,56,155640
7377,0.000104,74.125.24.0-255,4878,21480,56,155640
7378,0.00011,172.31.46.0-255,66,21546,56,155640
7379,0.000119,172.31.46.0-255,66,21612,56,155640
7380,0.000122,74.125.24.0-255,1484,23096,56,155640
7381,0.000127,74.125.24.0-255,2902,25998,56,155640
7382,0.000133,74.125.24.0-255,4320,30318,56,155640
7383,0.000138,172.31.46.0-255,66,30384,56,155640
7384,0.00014,172.31.46.0-255,66,30450,56,155640
7385,0.00014,172.31.46.0-255,66,30516,56,155640
7386,0.000161,74.125.24.0-255,1484,32000,56,155640
7387,0.000163,172.31.46.0-255,66,32066,56,155640
7388,0.000178,172.31.46.0-255,66,32132,56,155640
7389,0.000209,74.125.24.0-255,2543,34675,56,155640
7390,0.000211,172.31.46.0-255,66,34741,56,155640
7391,0.000217,74.125.24.0-255,7156,41897,56,155640
7392,0.000219,172.31.46.0-255,66,41963,56,155640
7393,0.000227,74.125.24.0-255,2816,44779,56,155640
7394,0.000229,172.31.46.0-255,66,44845,56,155640
7395,0.000417,74.125.24.0-255,133,44978,56,155640
7396,0.000581,74.125.24.0-255,1484,46462,56,155640
7397,0.000586,172.31.46.0-255,66,46528,56,155640
7398,0.00062,74.125.24.0-255,2902,49430,56,155640
7399,0.000623,172.31.46.0-255,66,49496,56,155640
7400,0.000629,74.125.24.0-255,5738,55234,56,155640
7401,0.000632,172.31.46.0-255,66,55300,56,155640
7402,0.000642,74.125.24.0-255,6797,62097,56,155640
7403,0.000644,172.31.46.0-255,66,62163,56,155640
7404,0.000685,172.31.46.0-255,66,62229,56,155640
7405,0.000689,74.125.24.0-255,2543,64772,56,155640
7406,0.000691,172.31.46.0-255,66,64838,56,155640
7407,0.00158,74.125.24.0-255,1484,66322,56,155640
7408,0.001589,74.125.24.0-255,2902,69224,56,155640
7409,0.001593,172.31.46.0-255,66,69290,56,155640
7410,0.001624,74.125.24.0-255,5738,75028,56,155640
7411,0.001626,172.31.46.0-255,66,75094,56,155640
7412,0.001637,172.31.46.0-255,66,75160,56,155640
7413,0.001663,74.125.24.0-255,2902,78062,56,155640
7414,0.001665,172.31.46.0-255,66,78128,56,155640
7415,0.00167,74.125.24.0-255,4320,82448,56,155640
7416,0.001672,172.31.46.0-255,66,82514,56,155640
7417,0.001703,74.125.24.0-255,1484,83998,56,155640
7418,0.001722,74.125.24.0-255,5020,89018,56,155640
7419,0.001724,172.31.46.0-255,66,89084,56,155640
7420,0.00173,74.125.24.0-255,5738,94822,56,155640
7421,0.001732,172.31.46.0-255,66,94888,56,155640
7422,0.001746,74.125.24.0-255,1484,96372,56,155640
7423,0.001748,74.125.24.0-255,1484,97856,56,155640
7424,0.00175,172.31.46.0-255,66,97922,56,155640
7425,0.001769,74.125.24.0-255,4320,102242,56,155640
7426,0.001774,172.31.46.0-255,66,102308,56,155640
7427,0.001782,74.125.24.0-255,7156,109464,56,155640
7428,0.001783,172.31.46.0-255,66,109530,56,155640
7429,0.001803,74.125.24.0-255,7156,116686,56,155640
7430,0.001808,172.31.46.0-255,66,116752,56,155640
7431,0.001839,74.125.24.0-255,2902,119654,56,155640
7432,0.001841,172.31.46.0-255,66,119720,56,155640
7433,0.001869,74.125.24.0-255,3602,123322,56,155640
7434,0.001871,172.31.46.0-255,66,123388,56,155640
7435,0.001899,74.125.24.0-255,1484,124872,56,155640
7436,0.001902,74.125.24.0-255,1484,126356,56,155640
7437,0.001904,172.31.46.0-255,66,126422,56,155640
7438,0.001923,74.125.24.0-255,1484,127906,56,155640
7439,0.001929,74.125.24.0-255,5738,133644,56,155640
7440,0.001932,172.31.46.0-255,66,133710,56,155640
7441,0.001959,172.31.46.0-255,66,133776,56,155640
7442,0.001998,74.125.24.0-255,4320,138096,56,155640
7443,0.002001,172.31.46.0-255,66,138162,56,155640
7444,0.002035,172.31.46.0-255,66,138228,56,155640
7445,0.004079,74.125.24.0-255,5738,143966,56,155640
7446,0.004084,172.31.46.0-255,66,144032,56,155640
7447,0.006135,74.125.24.0-255,5738,149770,56,155640
7448,0.006141,172.31.46.0-255,66,149836,56,155640
7449,0.008186,74.125.24.0-255,5738,155574,56,155640
7450,0.008195,172.31.46.0-255,66,155640,56,155640
7451,0.0,74.125.24.0-255,153,153,56,224206
7452,1.7e-05,172.31.46.0-255,66,219,56,224206
7453,2.4e-05,74.125.24.0-255,1484,1703,56,224206
7454,2.9e-05,172.31.46.0-255,66,1769,56,224206
7455,3.5e-05,74.125.24.0-255,2902,4671,56,224206
7456,3.7e-05,172.31.46.0-255,66,4737,56,224206
7457,7.1e-05,74.125.24.0-255,7156,11893,56,224206
7458,7.3e-05,172.31.46.0-255,66,11959,56,224206
7459,7.7e-05,74.125.24.0-255,1484,13443,56,224206
7460,7.9e-05,172.31.46.0-255,66,13509,56,224206
7461,9.8e-05,74.125.24.0-255,3491,17000,56,224206
7462,0.0001,172.31.46.0-255,66,17066,56,224206
7463,0.000119,74.125.24.0-255,5738,22804,56,224206
7464,0.000122,172.31.46.0-255,66,22870,56,224206
7465,0.000138,172.31.46.0-255,66,22936,56,224206
7466,0.000153,172.31.46.0-255,66,23002,56,224206
7467,0.000177,74.125.24.0-255,1484,24486,56,224206
7468,0.00018,172.31.46.0-255,66,24552,56,224206
7469,0.000184,74.125.24.0-255,2902,27454,56,224206
7470,0.000187,172.31.46.0-255,66,27520,56,224206
7471,0.000214,74.125.24.0-255,5738,33258,56,224206
7472,0.000217,172.31.46.0-255,66,33324,56,224206
7473,0.000242,74.125.24.0-255,6797,40121,56,224206
7474,0.000244,172.31.46.0-255,66,40187,56,224206
7475,0.00026,74.125.24.0-255,677,40864,56,224206
7476,0.000263,172.31.46.0-255,66,40930,56,224206
7477,0.000408,74.125.24.0-255,1484,42414,56,224206
7478,0.000413,172.31.46.0-255,66,42480,56,224206
7479,0.000419,74.125.24.0-255,2902,45382,56,224206
7480,0.000422,172.31.46.0-255,66,45448,56,224206
7481,0.000427,74.125.24.0-255,2902,48350,56,224206
7482,0.000429,172.31.46.0-255,66,48416,56,224206
7483,0.000456,74.125.24.0-255,2902,51318,56,224206
7484,0.000459,172.31.46.0-255,66,51384,56,224206
7485,0.000466,74.125.24.0-255,6797,58181,56,224206
7486,0.000468,172.31.46.0-255,66,58247,56,224206
7487,0.000473,74.125.24.0-255,2902,61149,56,224206
7488,0.000475,172.31.46.0-255,66,61215,56,224206
7489,0.000506,172.31.46.0-255,66,61281,56,224206
7490,0.000532,74.125.24.0-255,2543,63824,56,224206
7491,0.000534,172.31.46.0-255,66,63890,56,224206
7492,0.001035,74.125.24.0-255,1484,65374,56,224206
7493,0.001041,74.125.24.0-255,1484,66858,56,224206
7494,0.001044,172.31.46.0-255,66,66924,56,224206
7495,0.001064,74.125.24.0-255,1484,68408,56,224206
7496,0.001071,74.125.24.0-255,5738,74146,56,224206
7497,0.001073,172.31.46.0-255,66,74212,56,224206
7498,0.001079,74.125.24.0-255,4320,78532,56,224206
7499,0.00108,172.31.46.0-255,66,78598,56,224206
7500,0.001101,172.31.46.0-255,66,78664,56,224206
7501,0.001127,74.125.24.0-255,5738,84402,56,224206
7502,0.00113,172.31.46.0-255,66,84468,56,224206
7503,0.001143,74.125.24.0-255,5020,89488,56,224206
7504,0.001146,172.31.46.0-255,66,89554,56,224206
7505,0.001169,74.125.24.0-255,1484,91038,56,224206
7506,0.001183,74.125.24.0-255,2902,93940,56,224206
7507,0.001185,172.31.46.0-255,66,94006,56,224206
7508,0.001206,74.125.24.0-255,5738,99744,56,224206
7509,0.001208,172.31.46.0-255,66,99810,56,224206
7510,0.001213,74.125.24.0-255,2902,102712,56,224206
7511,0.001214,172.31.46.0-255,66,102778,56,224206
7512,0.00124,74.125.24.0-255,4320,107098,56,224206
7513,0.001242,172.31.46.0-255,66,107164,56,224206
7514,0.001258,74.125.24.0-255,5738,112902,56,224206
7515,0.00126,172.31.46.0-255,66,112968,56,224206
7516,0.001295,74.125.24.0-255,5738,118706,56,224206
7517,0.001298,172.31.46.0-255,66,118772,56,224206
7518,0.001321,74.125.24.0-255,2902,121674,56,224206
7519,0.001323,172.31.46.0-255,66,121740,56,224206
7520,0.001327,74.125.24.0-255,2184,123924,56,224206
7521,0.001329,172.31.46.0-255,66,123990,56,224206
7522,0.001367,74.125.24.0-255,2902,126892,56,224206
7523,0.001369,172.31.46.0-255,66,126958,56,224206
7524,0.001375,74.125.24.0-255,4320,131278,56,224206
7525,0.001376,172.31.46.0-255,66,131344,56,224206
7526,0.001388,74.125.24.0-255,2902,134246,56,224206
7527,0.00139,172.31.46.0-255,66,134312,56,224206
7528,0.001414,74.125.24.0-255,5738,140050,56,224206
7529,0.001416,172.31.46.0-255,66,140116,56,224206
7530,0.001421,74.125.24.0-255,2902,143018,56,224206
7531,0.001423,172.31.46.0-255,66,143084,56,224206
7532,0.001448,172.31.46.0-255,66,143150,56,224206
7533,0.001461,74.125.24.0-255,2184,145334,56,224206
7534,0.001463,172.31.46.0-255,66,145400,56,224206
7535,0.001622,74.125.24.0-255,1484,146884,56,224206
7536,0.001628,74.125.24.0-255,2902,149786,56,224206
7537,0.00163,172.31.46.0-255,66,149852,56,224206
7538,0.001654,74.125.24.0-255,5738,155590,56,224206
7539,0.001656,74.125.24.0-255,1484,157074,56,224206
7540,0.001659,172.31.46.0-255,66,157140,56,224206
7541,0.001688,172.31.46.0-255,66,157206,56,224206
7542,0.001714,74.125.24.0-255,4320,161526,56,224206
7543,0.001717,172.31.46.0-255,66,161592,56,224206
7544,0.001736,74.125.24.0-255,6438,168030,56,224206
7545,0.001738,172.31.46.0-255,66,168096,56,224206
7546,0.001968,74.125.24.0-255,1484,169580,56,224206
7547,0.00198,74.125.24.0-255,2902,172482,56,224206
7548,0.001983,172.31.46.0-255,66,172548,56,224206
7549,0.002016,74.125.24.0-255,2902,175450,56,224206
7550,0.002019,172.31.46.0-255,66,175516,56,224206
7551,0.002039,74.125.24.0-255,2902,178418,56,224206
7552,0.002041,172.31.46.0-255,66,178484,56,224206
7553,0.002049,74.125.24.0-255,7156,185640,56,224206
7554,0.002051,172.31.46.0-255,66,185706,56,224206
7555,0.002077,172.31.46.0-255,66,185772,56,224206
7556,0.002096,74.125.24.0-255,4320,190092,56,224206
7557,0.002098,172.31.46.0-255,66,190158,56,224206
7558,0.002102,74.125.24.0-255,2184,192342,56,224206
7559,0.002104,172.31.46.0-255,66,192408,56,224206
7560,0.002224,74.125.24.0-255,1484,193892,56,224206
7561,0.002238,74.125.24.0-255,2902,196794,56,224206
7562,0.002241,172.31.46.0-255,66,196860,56,224206
7563,0.002247,74.125.24.0-255,5738,202598,56,224206
7564,0.002248,172.31.46.0-255,66,202664,56,224206
7565,0.002287,172.31.46.0-255,66,202730,56,224206
7566,0.002301,74.125.24.0-255,1484,204214,56,224206
7567,0.002312,172.31.46.0-255,66,204280,56,224206
7568,0.002314,74.125.24.0-255,766,205046,56,224206
7569,0.002389,74.125.24.0-255,1484,206530,56,224206
7570,0.002392,172.31.46.0-255,66,206596,56,224206
7571,0.002396,74.125.24.0-255,1484,208080,56,224206
7572,0.00467,74.125.24.0-255,1484,209564,56,224206
7573,0.004683,172.31.46.0-255,66,209630,56,224206
7574,0.004727,74.125.24.0-255,2902,212532,56,224206
7575,0.00473,172.31.46.0-255,66,212598,56,224206
7576,0.007072,74.125.24.0-255,5738,218336,56,224206
7577,0.007081,172.31.46.0-255,66,218402,56,224206
7578,0.009453,74.125.24.0-255,5738,224140,56,224206
7579,0.009461,172.31.46.0-255,66,224206,56,224206
7580,0.0,74.125.200.0-255,149,149,56,147850
7581,1.8e-05,172.31.46.0-255,66,215,56,147850
7582,2.4e-05,74.125.200.0-255,1484,1699,56,147850
7583,2.9e-05,172.31.46.0-255,66,1765,56,147850
7584,3.2e-05,74.125.200.0-255,1484,3249,56,147850
7585,3.6e-05,172.31.46.0-255,66,3315,56,147850
7586,4.2e-05,74.125.200.0-255,2902,6217,56,147850
7587,4.4e-05,172.31.46.0-255,66,6283,56,147850
7588,5e-05,74.125.200.0-255,4320,10603,56,147850
7589,5.3e-05,172.31.46.0-255,66,10669,56,147850
7590,7.2e-05,74.125.200.0-255,1484,12153,56,147850
7591,7.4e-05,172.31.46.0-255,66,12219,56,147850
7592,7.9e-05,74.125.200.0-255,2092,14311,56,147850
7593,8.1e-05,172.31.46.0-255,66,14377,56,147850
7594,0.00025,74.125.200.0-255,1484,15861,56,147850
7595,0.000254,172.31.46.0-255,66,15927,56,147850
7596,0.00026,74.125.200.0-255,2902,18829,56,147850
7597,0.000262,172.31.46.0-255,66,18895,56,147850
7598,0.000296,74.125.200.0-255,2902,21797,56,147850
7599,0.000298,172.31.46.0-255,66,21863,56,147850
7600,0.000302,74.125.200.0-255,2902,24765,56,147850
7601,0.000304,172.31.46.0-255,66,24831,56,147850
7602,0.000334,74.125.200.0-255,1484,26315,56,147850
7603,0.000336,172.31.46.0-255,66,26381,56,147850
7604,0.000343,74.125.200.0-255,5379,31760,56,147850
7605,0.000346,172.31.46.0-255,66,31826,56,147850
7606,0.000618,74.125.200.0-255,1484,33310,56,147850
7607,0.000633,74.125.200.0-255,1484,34794,56,147850
7608,0.000637,74.125.200.0-255,2902,37696,56,147850
7609,0.000643,172.31.46.0-255,66,37762,56,147850
7610,0.000652,172.31.46.0-255,66,37828,56,147850
7611,0.000654,172.31.46.0-255,66,37894,56,147850
7612,0.000661,74.125.200.0-255,5738,43632,56,147850
7613,0.000663,172.31.46.0-255,66,43698,56,147850
7614,0.00068,74.125.200.0-255,4320,48018,56,147850
7615,0.000682,172.31.46.0-255,66,48084,56,147850
7616,0.000704,74.125.200.0-255,3961,52045,56,147850
7617,0.000707,172.31.46.0-255,66,52111,56,147850
7618,0.000718,172.31.46.0-255,66,52177,56,147850
7619,0.000747,74.125.200.0-255,5379,57556,56,147850
7620,0.00075,172.31.46.0-255,66,57622,56,147850
7621,0.000753,74.125.200.0-255,646,58268,56,147850
7622,0.001043,172.31.46.0-255,66,58334,56,147850
7623,0.001081,74.125.200.0-255,1484,59818,56,147850
7624,0.001085,74.125.200.0-255,1484,61302,56,147850
7625,0.001088,172.31.46.0-255,66,61368,56,147850
7626,0.001099,74.125.200.0-255,1484,62852,56,147850
7627,0.00113,74.125.200.0-255,5738,68590,56,147850
7628,0.001133,172.31.46.0-255,66,68656,56,147850
7629,0.001136,74.125.200.0-255,1484,70140,56,147850
7630,0.001153,74.125.200.0-255,2902,73042,56,147850
7631,0.001155,172.31.46.0-255,66,73108,56,147850
7632,0.001192,74.125.200.0-255,5738,78846,56,147850
7633,0.001195,172.31.46.0-255,66,78912,56,147850
7634,0.0012,74.125.200.0-255,2902,81814,56,147850
7635,0.001203,172.31.46.0-255,66,81880,56,147850
7636,0.001232,74.125.200.0-255,4320,86200,56,147850
7637,0.001235,172.31.46.0-255,66,86266,56,147850
7638,0.001264,74.125.200.0-255,2902,89168,56,147850
7639,0.001266,172.31.46.0-255,66,89234,56,147850
7640,0.001286,74.125.200.0-255,3602,92836,56,147850
7641,0.001289,172.31.46.0-255,66,92902,56,147850
7642,0.001464,74.125.200.0-255,1484,94386,56,147850
7643,0.001487,74.125.200.0-255,2902,97288,56,147850
7644,0.00149,172.31.46.0-255,66,97354,56,147850
7645,0.001495,74.125.200.0-255,2902,100256,56,147850
7646,0.001497,172.31.46.0-255,66,100322,56,147850
7647,0.001522,74.125.200.0-255,1484,101806,56,147850
7648,0.001542,74.125.200.0-255,2902,104708,56,147850
7649,0.001545,172.31.46.0-255,66,104774,56,147850
7650,0.001561,74.125.200.0-255,4320,109094,56,147850
7651,0.001563,172.31.46.0-255,66,109160,56,147850
7652,0.001593,74.125.200.0-255,1484,110644,56,147850
7653,0.001602,74.125.200.0-255,7156,117800,56,147850
7654,0.001605,172.31.46.0-255,66,117866,56,147850
7655,0.00162,74.125.200.0-255,4320,122186,56,147850
7656,0.001622,172.31.46.0-255,66,122252,56,147850
7657,0.00164,74.125.200.0-255,5020,127272,56,147850
7658,0.001642,172.31.46.0-255,66,127338,56,147850
7659,0.003695,74.125.200.0-255,4320,131658,56,147850
7660,0.003702,172.31.46.0-255,66,131724,56,147850
7661,0.003726,74.125.200.0-255,1484,133208,56,147850
7662,0.005759,74.125.200.0-255,4320,137528,56,147850
7663,0.005765,172.31.46.0-255,66,137594,56,147850
7664,0.007833,74.125.200.0-255,4320,141914,56,147850
7665,0.00784,172.31.46.0-255,66,141980,56,147850
7666,0.007861,74.125.200.0-255,1484,143464,56,147850
7667,0.009908,74.125.200.0-255,4320,147784,56,147850
7668,0.009915,172.31.46.0-255,66,147850,56,147850
7669,0.0,74.125.24.0-255,153,153,56,159232
7670,2.3e-05,172.31.46.0-255,66,219,56,159232
7671,2.9e-05,74.125.24.0-255,1484,1703,56,159232
7672,3.4e-05,172.31.46.0-255,66,1769,56,159232
7673,3.9e-05,74.125.24.0-255,2902,4671,56,159232
7674,4.2e-05,172.31.46.0-255,66,4737,56,159232
7675,4.9e-05,74.125.24.0-255,7156,11893,56,159232
7676,5.3e-05,172.31.46.0-255,66,11959,56,159232
7677,7.8e-05,74.125.24.0-255,1940,13899,56,159232
7678,8e-05,172.31.46.0-255,66,13965,56,159232
7679,0.000337,74.125.24.0-255,1484,15449,56,159232
7680,0.00034,172.31.46.0-255,66,15515,56,159232
7681,0.000345,74.125.24.0-255,2902,18417,56,159232
7682,0.000347,172.31.46.0-255,66,18483,56,159232
7683,0.000379,74.125.24.0-255,5738,24221,56,159232
7684,0.000382,172.31.46.0-255,66,24287,56,159232
7685,0.000387,74.125.24.0-255,4320,28607,56,159232
7686,0.00039,172.31.46.0-255,66,28673,56,159232
7687,0.000422,74.125.24.0-255,2543,31216,56,159232
7688,0.000424,172.31.46.0-255,66,31282,56,159232
7689,0.000464,74.125.24.0-255,2902,34184,56,159232
7690,0.000468,172.31.46.0-255,66,34250,56,159232
7691,0.000493,74.125.24.0-255,2902,37152,56,159232
7692,0.000496,172.31.46.0-255,66,37218,56,159232
7693,0.000517,74.125.24.0-255,1484,38702,56,159232
7694,0.00052,172.31.46.0-255,66,38768,56,159232
7695,0.000531,172.31.46.0-255,66,38834,56,159232
7696,0.000537,74.125.24.0-255,1125,39959,56,159232
7697,0.000539,172.31.46.0-255,66,40025,56,159232
7698,0.000972,74.125.24.0-255,1484,41509,56,159232
7699,0.000977,172.31.46.0-255,66,41575,56,159232
7700,0.000983,74.125.24.0-255,2902,44477,56,159232
7701,0.000985,172.31.46.0-255,66,44543,56,159232
7702,0.001009,74.125.24.0-255,4320,48863,56,159232
7703,0.001012,172.31.46.0-255,66,48929,56,159232
7704,0.00105,74.125.24.0-255,7156,56085,56,159232
7705,0.001054,172.31.46.0-255,66,56151,56,159232
7706,0.001069,74.125.24.0-255,1125,57276,56,159232
7707,0.00111,74.125.24.0-255,1484,58760,56,159232
7708,0.001113,172.31.46.0-255,66,58826,56,159232
7709,0.001117,74.125.24.0-255,1484,60310,56,159232
7710,0.001131,74.125.24.0-255,1484,61794,56,159232
7711,0.001133,172.31.46.0-255,66,61860,56,159232
7712,0.00114,74.125.24.0-255,5738,67598,56,159232
7713,0.001142,172.31.46.0-255,66,67664,56,159232
7714,0.001164,74.125.24.0-255,2902,70566,56,159232
7715,0.001166,172.31.46.0-255,66,70632,56,159232
7716,0.001202,74.125.24.0-255,3961,74593,56,159232
7717,0.001205,172.31.46.0-255,66,74659,56,159232
7718,0.001209,74.125.24.0-255,1484,76143,56,159232
7719,0.001224,74.125.24.0-255,2902,79045,56,159232
7720,0.001227,172.31.46.0-255,66,79111,56,159232
7721,0.001229,74.125.24.0-255,1484,80595,56,159232
7722,0.001248,74.125.24.0-255,7156,87751,56,159232
7723,0.001251,172.31.46.0-255,66,87817,56,159232
7724,0.00127,74.125.24.0-255,1484,89301,56,159232
7725,0.0013,74.125.24.0-255,2543,91844,56,159232
7726,0.001303,172.31.46.0-255,66,91910,56,159232
7727,0.001938,74.125.24.0-255,1484,93394,56,159232
7728,0.001951,74.125.24.0-255,2902,96296,56,159232
7729,0.001956,172.31.46.0-255,66,96362,56,159232
7730,0.001964,74.125.24.0-255,5738,102100,56,159232
7731,0.001966,172.31.46.0-255,66,102166,56,159232
7732,0.001997,172.31.46.0-255,66,102232,56,159232
7733,0.002015,74.125.24.0-255,4320,106552,56,159232
7734,0.002017,172.31.46.0-255,66,106618,56,159232
7735,0.00207,74.125.24.0-255,2902,109520,56,159232
7736,0.002072,172.31.46.0-255,66,109586,56,159232
7737,0.002075,74.125.24.0-255,1484,111070,56,159232
7738,0.002096,74.125.24.0-255,6438,117508,56,159232
7739,0.002098,172.31.46.0-255,66,117574,56,159232
7740,0.002146,74.125.24.0-255,1484,119058,56,159232
7741,0.002155,74.125.24.0-255,1484,120542,56,159232
7742,0.002157,172.31.46.0-255,66,120608,56,159232
7743,0.002179,74.125.24.0-255,5738,126346,56,159232
7744,0.00218,172.31.46.0-255,66,126412,56,159232
7745,0.002198,74.125.24.0-255,2902,129314,56,159232
7746,0.0022,172.31.46.0-255,66,129380,56,159232
7747,0.002226,172.31.46.0-255,66,129446,56,159232
7748,0.002247,74.125.24.0-255,5738,135184,56,159232
7749,0.00225,172.31.46.0-255,66,135250,56,159232
7750,0.002326,74.125.24.0-255,1484,136734,56,159232
7751,0.002345,74.125.24.0-255,5020,141754,56,159232
7752,0.002347,172.31.46.0-255,66,141820,56,159232
7753,0.004709,74.125.24.0-255,5738,147558,56,159232
7754,0.004715,172.31.46.0-255,66,147624,56,159232
7755,0.007056,74.125.24.0-255,5738,153362,56,159232
7756,0.007061,172.31.46.0-255,66,153428,56,159232
7757,0.009398,74.125.24.0-255,5738,159166,56,159232
7758,0.009405,172.31.46.0-255,66,159232,56,159232
7759,0.0,74.125.24.0-255,147,147,56,113191
7760,2.1e-05,172.31.46.0-255,66,213,56,113191
7761,2.8e-05,74.125.24.0-255,1484,1697,56,113191
7762,3.3e-05,172.31.46.0-255,66,1763,56,113191
7763,3.8e-05,74.125.24.0-255,2902,4665,56,113191
7764,5.1e-05,172.31.46.0-255,66,4731,56,113191
7765,5.8e-05,74.125.24.0-255,5738,10469,56,113191
7766,6e-05,172.31.46.0-255,66,10535,56,113191
7767,9.3e-05,74.125.24.0-255,3465,14000,56,113191
7768,9.5e-05,172.31.46.0-255,66,14066,56,113191
7769,0.00017,74.125.24.0-255,1484,15550,56,113191
7770,0.000173,172.31.46.0-255,66,15616,56,113191
7771,0.000178,74.125.24.0-255,2902,18518,56,113191
7772,0.00018,172.31.46.0-255,66,18584,56,113191
7773,0.00021,74.125.24.0-255,5738,24322,56,113191
7774,0.000213,172.31.46.0-255,66,24388,56,113191
7775,0.000242,74.125.24.0-255,6797,31185,56,113191
7776,0.000245,172.31.46.0-255,66,31251,56,113191
7777,0.000282,74.125.24.0-255,2902,34153,56,113191
7778,0.000285,172.31.46.0-255,66,34219,56,113191
7779,0.00031,74.125.24.0-255,2902,37121,56,113191
7780,0.000313,172.31.46.0-255,66,37187,56,113191
7781,0.00032,74.125.24.0-255,7156,44343,56,113191
7782,0.000322,172.31.46.0-255,66,44409,56,113191
7783,0.000325,74.125.24.0-255,1484,45893,56,113191
7784,0.000327,172.31.46.0-255,66,45959,56,113191
7785,0.000358,74.125.24.0-255,2543,48502,56,113191
7786,0.00036,172.31.46.0-255,66,48568,56,113191
7787,0.00085,74.125.24.0-255,1484,50052,56,113191
7788,0.000855,172.31.46.0-255,66,50118,56,113191
7789,0.000861,74.125.24.0-255,2902,53020,56,113191
7790,0.000863,172.31.46.0-255,66,53086,56,113191
7791,0.000874,74.125.24.0-255,5738,58824,56,113191
7792,0.000876,172.31.46.0-255,66,58890,56,113191
7793,0.000915,74.125.24.0-255,7141,66031,56,113191
7794,0.00092,172.31.46.0-255,66,66097,56,113191
7795,0.001288,74.125.24.0-255,332,66429,56,113191
7796,0.00139,74.125.24.0-255,1484,67913,56,113191
7797,0.001396,172.31.46.0-255,66,67979,56,113191
7798,0.001401,74.125.24.0-255,2902,70881,56,113191
7799,0.001403,172.31.46.0-255,66,70947,56,113191
7800,0.001429,74.125.24.0-255,5738,76685,56,113191
7801,0.001436,172.31.46.0-255,66,76751,56,113191
7802,0.001465,74.125.24.0-255,7156,83907,56,113191
7803,0.001467,172.31.46.0-255,66,83973,56,113191
7804,0.0015,74.125.24.0-255,5738,89711,56,113191
7805,0.001503,172.31.46.0-255,66,89777,56,113191
7806,0.001518,172.31.46.0-255,66,89843,56,113191
7807,0.003531,74.125.24.0-255,5738,95581,56,113191
7808,0.003539,172.31.46.0-255,66,95647,56,113191
7809,0.005617,74.125.24.0-255,5738,101385,56,113191
7810,0.005628,172.31.46.0-255,66,101451,56,113191
7811,0.007652,74.125.24.0-255,5738,107189,56,113191
7812,0.007659,172.31.46.0-255,66,107255,56,113191
7813,0.009662,74.125.24.0-255,2902,110157,56,113191
7814,0.009666,172.31.46.0-255,66,110223,56,113191
7815,0.009692,74.125.24.0-255,2902,113125,56,113191
7816,0.009695,172.31.46.0-255,66,113191,56,113191
7817,0.0,74.125.68.0-255,152,152,56,227194
7818,2.2e-05,172.31.46.0-255,66,218,56,227194
7819,2.9e-05,74.125.68.0-255,1484,1702,56,227194
7820,3.4e-05,172.31.46.0-255,66,1768,56,227194
7821,3.9e-05,74.125.68.0-255,2902,4670,56,227194
7822,4.2e-05,172.31.46.0-255,66,4736,56,227194
7823,7.4e-05,74.125.68.0-255,5738,10474,56,227194
7824,7.7e-05,172.31.46.0-255,66,10540,56,227194
7825,8.3e-05,74.125.68.0-255,4952,15492,56,227194
7826,8.5e-05,172.31.46.0-255,66,15558,56,227194
7827,8.8e-05,74.125.68.0-255,1484,17042,56,227194
7828,9e-05,172.31.46.0-255,66,17108,56,227194
7829,0.00011,74.125.68.0-255,4320,21428,56,227194
7830,0.000112,172.31.46.0-255,66,21494,56,227194
7831,0.000158,172.31.46.0-255,66,21560,56,227194
7832,0.000505,74.125.68.0-255,1484,23044,56,227194
7833,0.000516,172.31.46.0-255,66,23110,56,227194
7834,0.000521,74.125.68.0-255,2902,26012,56,227194
7835,0.000524,172.31.46.0-255,66,26078,56,227194
7836,0.000527,74.125.68.0-255,1484,27562,56,227194
7837,0.000529,172.31.46.0-255,66,27628,56,227194
7838,0.000555,74.125.68.0-255,2902,30530,56,227194
7839,0.000558,172.31.46.0-255,66,30596,56,227194
7840,0.000563,74.125.68.0-255,5738,36334,56,227194
7841,0.000565,172.31.46.0-255,66,36400,56,227194
7842,0.000594,74.125.68.0-255,5379,41779,56,227194
7843,0.000596,172.31.46.0-255,66,41845,56,227194
7844,0.000613,74.125.68.0-255,2902,44747,56,227194
7845,0.000615,172.31.46.0-255,66,44813,56,227194
7846,0.000631,74.125.68.0-255,2902,47715,56,227194
7847,0.000662,74.125.68.0-255,2902,50617,56,227194
7848,0.000665,172.31.46.0-255,66,50683,56,227194
7849,0.000669,172.31.46.0-255,66,50749,56,227194
7850,0.000692,74.125.68.0-255,1484,52233,56,227194
7851,0.000699,74.125.68.0-255,4239,56472,56,227194
7852,0.000701,172.31.46.0-255,66,56538,56,227194
7853,0.000728,74.125.68.0-255,132,56670,56,227194
7854,0.000773,74.125.68.0-255,1484,58154,56,227194
7855,0.000777,172.31.46.0-255,66,58220,56,227194
7856,0.000794,74.125.68.0-255,1484,59704,56,227194
7857,0.000798,74.125.68.0-255,2902,62606,56,227194
7858,0.000801,172.31.46.0-255,66,62672,56,227194
7859,0.000815,74.125.68.0-255,5738,68410,56,227194
7860,0.000817,172.31.46.0-255,66,68476,56,227194
7861,0.000839,74.125.68.0-255,4320,72796,56,227194
7862,0.000841,172.31.46.0-255,66,72862,56,227194
7863,0.00086,74.125.68.0-255,5738,78600,56,227194
7864,0.000864,172.31.46.0-255,66,78666,56,227194
7865,0.000883,172.31.46.0-255,66,78732,56,227194
7866,0.000885,74.125.68.0-255,766,79498,56,227194
7867,0.001009,74.125.68.0-255,1484,80982,56,227194
7868,0.001013,172.31.46.0-255,66,81048,56,227194
7869,0.001034,74.125.68.0-255,2902,83950,56,227194
7870,0.001036,172.31.46.0-255,66,84016,56,227194
7871,0.00104,74.125.68.0-255,2902,86918,56,227194
7872,0.001042,172.31.46.0-255,66,86984,56,227194
7873,0.001063,74.125.68.0-255,4320,91304,56,227194
7874,0.001065,172.31.46.0-255,66,91370,56,227194
7875,0.001088,74.125.68.0-255,2902,94272,56,227194
7876,0.001091,172.31.46.0-255,66,94338,56,227194
7877,0.001109,74.125.68.0-255,4320,98658,56,227194
7878,0.001112,172.31.46.0-255,66,98724,56,227194
7879,0.001129,74.125.68.0-255,1484,100208,56,227194
7880,0.001152,74.125.68.0-255,7156,107364,56,227194
7881,0.001154,172.31.46.0-255,66,107430,56,227194
7882,0.001196,74.125.68.0-255,6438,113868,56,227194
7883,0.001199,172.31.46.0-255,66,113934,56,227194
7884,0.001284,74.125.68.0-255,1484,115418,56,227194
7885,0.001297,74.125.68.0-255,2902,118320,56,227194
7886,0.0013,172.31.46.0-255,66,118386,56,227194
7887,0.001303,74.125.68.0-255,1484,119870,56,227194
7888,0.001323,74.125.68.0-255,4320,124190,56,227194
7889,0.001325,172.31.46.0-255,66,124256,56,227194
7890,0.00135,74.125.68.0-255,5738,129994,56,227194
7891,0.001354,172.31.46.0-255,66,130060,56,227194
7892,0.001372,74.125.68.0-255,5738,135798,56,227194
7893,0.001374,172.31.46.0-255,66,135864,56,227194
7894,0.001386,172.31.46.0-255,66,135930,56,227194
7895,0.001426,74.125.68.0-255,1484,137414,56,227194
7896,0.001431,74.125.68.0-255,2902,140316,56,227194
7897,0.001434,172.31.46.0-255,66,140382,56,227194
7898,0.001453,74.125.68.0-255,2902,143284,56,227194
7899,0.001455,172.31.46.0-255,66,143350,56,227194
7900,0.00146,74.125.68.0-255,4320,147670,56,227194
7901,0.001462,172.31.46.0-255,66,147736,56,227194
7902,0.001494,172.31.46.0-255,66,147802,56,227194
7903,0.001499,74.125.68.0-255,4320,152122,56,227194
7904,0.001501,172.31.46.0-255,66,152188,56,227194
7905,0.001561,74.125.68.0-255,5738,157926,56,227194
7906,0.001566,172.31.46.0-255,66,157992,56,227194
7907,0.00159,172.31.46.0-255,66,158058,56,227194
7908,0.001633,172.31.46.0-255,66,158124,56,227194
7909,0.001654,74.125.68.0-255,1484,159608,56,227194
7910,0.001693,74.125.68.0-255,2902,162510,56,227194
7911,0.001697,172.31.46.0-255,66,162576,56,227194
7912,0.001737,74.125.68.0-255,4320,166896,56,227194
7913,0.00174,172.31.46.0-255,66,166962,56,227194
7914,0.001743,74.125.68.0-255,1484,168446,56,227194
7915,0.001766,74.125.68.0-255,2902,171348,56,227194
7916,0.001769,172.31.46.0-255,66,171414,56,227194
7917,0.001808,74.125.68.0-255,5020,176434,56,227194
7918,0.001813,172.31.46.0-255,66,176500,56,227194
7919,0.001967,74.125.68.0-255,1484,177984,56,227194
7920,0.001974,74.125.68.0-255,2902,180886,56,227194
7921,0.001978,172.31.46.0-255,66,180952,56,227194
7922,0.002004,74.125.68.0-255,5738,186690,56,227194
7923,0.002006,172.31.46.0-255,66,186756,56,227194
7924,0.002011,74.125.68.0-255,2902,189658,56,227194
7925,0.002013,172.31.46.0-255,66,189724,56,227194
7926,0.002078,172.31.46.0-255,66,189790,56,227194
7927,0.002091,172.31.46.0-255,66,189856,56,227194
7928,0.002176,74.125.68.0-255,1484,191340,56,227194
7929,0.002181,74.125.68.0-255,1484,192824,56,227194
7930,0.002184,172.31.46.0-255,66,192890,56,227194
7931,0.002197,74.125.68.0-255,1484,194374,56,227194
7932,0.002212,74.125.68.0-255,5738,200112,56,227194
7933,0.002215,172.31.46.0-255,66,200178,56,227194
7934,0.00224,74.125.68.0-255,7156,207334,56,227194
7935,0.002243,172.31.46.0-255,66,207400,56,227194
7936,0.002277,172.31.46.0-255,66,207466,56,227194
7937,0.002283,74.125.68.0-255,3602,211068,56,227194
7938,0.002285,172.31.46.0-255,66,211134,56,227194
7939,0.004541,74.125.68.0-255,4320,215454,56,227194
7940,0.004554,172.31.46.0-255,66,215520,56,227194
7941,0.004567,74.125.68.0-255,1484,217004,56,227194
7942,0.006816,74.125.68.0-255,4320,221324,56,227194
7943,0.00682,172.31.46.0-255,66,221390,56,227194
7944,0.00909,74.125.68.0-255,5738,227128,56,227194
7945,0.009101,172.31.46.0-255,66,227194,56,227194
7946,0.0,74.125.130.0-255,153,153,56,209524
7947,1.6e-05,172.31.46.0-255,66,219,56,209524
7948,2.2e-05,74.125.130.0-255,1484,1703,56,209524
7949,2.7e-05,172.31.46.0-255,66,1769,56,209524
7950,3.2e-05,74.125.130.0-255,2902,4671,56,209524
7951,3.6e-05,172.31.46.0-255,66,4737,56,209524
7952,4.1e-05,74.125.130.0-255,2902,7639,56,209524
7953,4.4e-05,172.31.46.0-255,66,7705,56,209524
7954,5e-05,74.125.130.0-255,4320,12025,56,209524
7955,5.3e-05,172.31.46.0-255,66,12091,56,209524
7956,7e-05,74.125.130.0-255,1974,14065,56,209524
7957,7.3e-05,172.31.46.0-255,66,14131,56,209524
7958,0.000215,74.125.130.0-255,1484,15615,56,209524
7959,0.000219,172.31.46.0-255,66,15681,56,209524
7960,0.000225,74.125.130.0-255,2902,18583,56,209524
7961,0.000228,172.31.46.0-255,66,18649,56,209524
7962,0.000232,74.125.130.0-255,2902,21551,56,209524
7963,0.000234,172.31.46.0-255,66,21617,56,209524
7964,0.00024,74.125.130.0-255,4320,25937,56,209524
7965,0.000242,172.31.46.0-255,66,26003,56,209524
7966,0.000279,74.125.130.0-255,4320,30323,56,209524
7967,0.000281,172.31.46.0-255,66,30389,56,209524
7968,0.000307,74.125.130.0-255,5379,35768,56,209524
7969,0.00031,172.31.46.0-255,66,35834,56,209524
7970,0.000317,74.125.130.0-255,7156,42990,56,209524
7971,0.000319,172.31.46.0-255,66,43056,56,209524
7972,0.000336,74.125.130.0-255,1484,44540,56,209524
7973,0.000338,172.31.46.0-255,66,44606,56,209524
7974,0.000357,74.125.130.0-255,3961,48567,56,209524
7975,0.000359,172.31.46.0-255,66,48633,56,209524
7976,0.000681,74.125.130.0-255,1484,50117,56,209524
7977,0.000685,172.31.46.0-255,66,50183,56,209524
7978,0.000692,74.125.130.0-255,2902,53085,56,209524
7979,0.000694,172.31.46.0-255,66,53151,56,209524
7980,0.000698,74.125.130.0-255,2902,56053,56,209524
7981,0.0007,172.31.46.0-255,66,56119,56,209524
7982,0.000707,74.125.130.0-255,4320,60439,56,209524
7983,0.000709,172.31.46.0-255,66,60505,56,209524
7984,0.000745,172.31.46.0-255,66,60571,56,209524
7985,0.000785,172.31.46.0-255,66,60637,56,209524
7986,0.000829,172.31.46.0-255,66,60703,56,209524
7987,0.000849,74.125.130.0-255,2543,63246,56,209524
7988,0.000852,172.31.46.0-255,66,63312,56,209524
7989,0.001108,74.125.130.0-255,1484,64796,56,209524
7990,0.001113,74.125.130.0-255,1484,66280,56,209524
7991,0.001117,172.31.46.0-255,66,66346,56,209524
7992,0.001133,74.125.130.0-255,1484,67830,56,209524
7993,0.00114,74.125.130.0-255,5738,73568,56,209524
7994,0.001142,172.31.46.0-255,66,73634,56,209524
7995,0.001149,74.125.130.0-255,7156,80790,56,209524
7996,0.001152,172.31.46.0-255,66,80856,56,209524
7997,0.001177,172.31.46.0-255,66,80922,56,209524
7998,0.001231,172.31.46.0-255,66,80988,56,209524
7999,0.001346,74.125.130.0-255,1484,82472,56,209524
8000,0.001364,74.125.130.0-255,2902,85374,56,209524
8001,0.001369,172.31.46.0-255,66,85440,56,209524
8002,0.001375,74.125.130.0-255,5738,91178,56,209524
8003,0.001378,172.31.46.0-255,66,91244,56,209524
8004,0.001398,74.125.130.0-255,1484,92728,56,209524
8005,0.001432,172.31.46.0-255,66,92794,56,209524
8006,0.001444,172.31.46.0-255,66,92860,56,209524
8007,0.00147,74.125.130.0-255,2902,95762,56,209524
8008,0.001473,172.31.46.0-255,66,95828,56,209524
8009,0.001477,74.125.130.0-255,2184,98012,56,209524
8010,0.001479,172.31.46.0-255,66,98078,56,209524
8011,0.001802,74.125.130.0-255,1484,99562,56,209524
8012,0.00181,74.125.130.0-255,2902,102464,56,209524
8013,0.001815,172.31.46.0-255,66,102530,56,209524
8014,0.001822,74.125.130.0-255,4320,106850,56,209524
8015,0.001825,172.31.46.0-255,66,106916,56,209524
8016,0.001839,74.125.130.0-255,1484,108400,56,209524
8017,0.00185,172.31.46.0-255,66,108466,56,209524
8018,0.001875,74.125.130.0-255,4320,112786,56,209524
8019,0.001878,172.31.46.0-255,66,112852,56,209524
8020,0.00189,172.31.46.0-255,66,112918,56,209524
8021,0.001924,74.125.130.0-255,1484,114402,56,209524
8022,0.001941,74.125.130.0-255,2902,117304,56,209524
8023,0.001944,172.31.46.0-255,66,117370,56,209524
8024,0.001949,74.125.130.0-255,4320,121690,56,209524
8025,0.001952,172.31.46.0-255,66,121756,56,209524
8026,0.001965,74.125.130.0-255,1484,123240,56,209524
8027,0.001971,74.125.130.0-255,5738,128978,56,209524
8028,0.001973,172.31.46.0-255,66,129044,56,209524
8029,0.002007,74.125.130.0-255,5738,134782,56,209524
8030,0.00201,172.31.46.0-255,66,134848,56,209524
8031,0.002024,172.31.46.0-255,66,134914,56,209524
8032,0.002045,74.125.130.0-255,1484,136398,56,209524
8033,0.002049,74.125.130.0-255,2902,139300,56,209524
8034,0.002051,172.31.46.0-255,66,139366,56,209524
8035,0.002055,74.125.130.0-255,1484,140850,56,209524
8036,0.002073,74.125.130.0-255,4320,145170,56,209524
8037,0.002076,172.31.46.0-255,66,145236,56,209524
8038,0.002081,74.125.130.0-255,4320,149556,56,209524
8039,0.002083,172.31.46.0-255,66,149622,56,209524
8040,0.002113,74.125.130.0-255,2902,152524,56,209524
8041,0.002116,172.31.46.0-255,66,152590,56,209524
8042,0.002128,172.31.46.0-255,66,152656,56,209524
8043,0.002148,74.125.130.0-255,4320,156976,56,209524
8044,0.002151,172.31.46.0-255,66,157042,56,209524
8045,0.002155,74.125.130.0-255,2184,159226,56,209524
8046,0.002157,172.31.46.0-255,66,159292,56,209524
8047,0.002171,74.125.130.0-255,1484,160776,56,209524
8048,0.002184,74.125.130.0-255,2902,163678,56,209524
8049,0.002187,172.31.46.0-255,66,163744,56,209524
8050,0.002193,74.125.130.0-255,5738,169482,56,209524
8051,0.002196,172.31.46.0-255,66,169548,56,209524
8052,0.002217,74.125.130.0-255,5738,175286,56,209524
8053,0.00222,172.31.46.0-255,66,175352,56,209524
8054,0.002252,74.125.130.0-255,7156,182508,56,209524
8055,0.002256,172.31.46.0-255,66,182574,56,209524
8056,0.002263,74.125.130.0-255,7156,189730,56,209524
8057,0.002265,172.31.46.0-255,66,189796,56,209524
8058,0.00227,74.125.130.0-255,3602,193398,56,209524
8059,0.002272,172.31.46.0-255,66,193464,56,209524
8060,0.004539,74.125.130.0-255,4320,197784,56,209524
8061,0.004546,172.31.46.0-255,66,197850,56,209524
8062,0.004559,74.125.130.0-255,1484,199334,56,209524
8063,0.006797,74.125.130.0-255,4320,203654,56,209524
8064,0.006811,172.31.46.0-255,66,203720,56,209524
8065,0.009084,74.125.130.0-255,5738,209458,56,209524
8066,0.009092,172.31.46.0-255,66,209524,56,209524
8067,0.0,74.125.68.0-255,296,296,56,311106
8068,1.9e-05,172.31.46.0-255,66,362,56,311106
8069,2.5e-05,74.125.68.0-255,1484,1846,56,311106
8070,3e-05,172.31.46.0-255,66,1912,56,311106
8071,3.6e-05,74.125.68.0-255,2902,4814,56,311106
8072,4.5e-05,172.31.46.0-255,66,4880,56,311106
8073,7.1e-05,74.125.68.0-255,1484,6364,56,311106
8074,7.4e-05,172.31.46.0-255,66,6430,56,311106
8075,0.000105,74.125.68.0-255,7156,13586,56,311106
8076,0.000108,172.31.46.0-255,66,13652,56,311106
8077,0.000131,74.125.68.0-255,475,14127,56,311106
8078,0.000133,172.31.46.0-255,66,14193,56,311106
8079,0.000145,172.31.46.0-255,66,14259,56,311106
8080,0.000152,74.125.68.0-255,7156,21415,56,311106
8081,0.000155,172.31.46.0-255,66,21481,56,311106
8082,0.000189,74.125.68.0-255,1125,22606,56,311106
8083,0.000192,172.31.46.0-255,66,22672,56,311106
8084,0.000226,74.125.68.0-255,1484,24156,56,311106
8085,0.000229,172.31.46.0-255,66,24222,56,311106
8086,0.000257,74.125.68.0-255,1484,25706,56,311106
8087,0.000259,172.31.46.0-255,66,25772,56,311106
8088,0.000264,74.125.68.0-255,2902,28674,56,311106
8089,0.000267,172.31.46.0-255,66,28740,56,311106
8090,0.000272,74.125.68.0-255,4320,33060,56,311106
8091,0.00028,172.31.46.0-255,66,33126,56,311106
8092,0.000312,74.125.68.0-255,1484,34610,56,311106
8093,0.000315,172.31.46.0-255,66,34676,56,311106
8094,0.000326,172.31.46.0-255,66,34742,56,311106
8095,0.000339,172.31.46.0-255,66,34808,56,311106
8096,0.000342,74.125.68.0-255,766,35574,56,311106
8097,0.000345,74.125.68.0-255,362,35936,56,311106
8098,0.0004,74.125.68.0-255,381,36317,56,311106
8099,0.00058,74.125.68.0-255,1484,37801,56,311106
8100,0.000586,172.31.46.0-255,66,37867,56,311106
8101,0.000591,74.125.68.0-255,2902,40769,56,311106
8102,0.000594,172.31.46.0-255,66,40835,56,311106
8103,0.000623,74.125.68.0-255,5738,46573,56,311106
8104,0.000627,172.31.46.0-255,66,46639,56,311106
8105,0.000629,74.125.68.0-255,1484,48123,56,311106
8106,0.000666,172.31.46.0-255,66,48189,56,311106
8107,0.000669,74.125.68.0-255,1484,49673,56,311106
8108,0.000703,172.31.46.0-255,66,49739,56,311106
8109,0.000722,74.125.68.0-255,1635,51374,56,311106
8110,0.000725,172.31.46.0-255,66,51440,56,311106
8111,0.000747,74.125.68.0-255,2902,54342,56,311106
8112,0.000749,172.31.46.0-255,66,54408,56,311106
8113,0.000776,74.125.68.0-255,7156,61564,56,311106
8114,0.000779,172.31.46.0-255,66,61630,56,311106
8115,0.00083,74.125.68.0-255,6797,68427,56,311106
8116,0.000834,172.31.46.0-255,66,68493,56,311106
8117,0.000916,74.125.68.0-255,1484,69977,56,311106
8118,0.000935,74.125.68.0-255,2902,72879,56,311106
8119,0.000938,172.31.46.0-255,66,72945,56,311106
8120,0.000963,74.125.68.0-255,5738,78683,56,311106
8121,0.000966,172.31.46.0-255,66,78749,56,311106
8122,0.000971,74.125.68.0-255,2902,81651,56,311106
8123,0.000973,172.31.46.0-255,66,81717,56,311106
8124,0.001008,74.125.68.0-255,5738,87455,56,311106
8125,0.001043,74.125.68.0-255,5020,92475,56,311106
8126,0.00115,74.125.68.0-255,1484,93959,56,311106
8127,0.001162,74.125.68.0-255,2902,96861,56,311106
8128,0.001183,74.125.68.0-255,2902,99763,56,311106
8129,0.001187,74.125.68.0-255,2902,102665,56,311106
8130,0.001202,74.125.68.0-255,1484,104149,56,311106
8131,0.001213,74.125.68.0-255,1484,105633,56,311106
8132,0.00125,74.125.68.0-255,7156,112789,56,311106
8133,0.001256,74.125.68.0-255,4320,117109,56,311106
8134,0.001261,74.125.68.0-255,5738,122847,56,311106
8135,0.001277,74.125.68.0-255,1484,124331,56,311106
8136,0.001294,74.125.68.0-255,2184,126515,56,311106
8137,0.001366,74.125.68.0-255,1484,127999,56,311106
8138,0.00138,74.125.68.0-255,2902,130901,56,311106
8139,0.00143,74.125.68.0-255,4320,135221,56,311106
8140,0.001454,74.125.68.0-255,1484,136705,56,311106
8141,0.001487,74.125.68.0-255,4320,141025,56,311106
8142,0.001501,74.125.68.0-255,6438,147463,56,311106
8143,0.001534,74.125.68.0-255,1484,148947,56,311106
8144,0.001554,74.125.68.0-255,5738,154685,56,311106
8145,0.001557,74.125.68.0-255,1484,156169,56,311106
8146,0.001573,74.125.68.0-255,2902,159071,56,311106
8147,0.00159,74.125.68.0-255,4320,163391,56,311106
8148,0.001604,74.125.68.0-255,6438,169829,56,311106
8149,0.001697,74.125.68.0-255,1484,171313,56,311106
8150,0.001701,74.125.68.0-255,1484,172797,56,311106
8151,0.001714,74.125.68.0-255,1484,174281,56,311106
8152,0.001733,74.125.68.0-255,1484,175765,56,311106
8153,0.001749,74.125.68.0-255,4320,180085,56,311106
8154,0.001753,74.125.68.0-255,2902,182987,56,311106
8155,0.001758,74.125.68.0-255,4320,187307,56,311106
8156,0.001774,74.125.68.0-255,4320,191627,56,311106
8157,0.00179,74.125.68.0-255,4320,195947,56,311106
8158,0.001796,74.125.68.0-255,4320,200267,56,311106
8159,0.001838,74.125.68.0-255,3602,203869,56,311106
8160,0.001915,74.125.68.0-255,1484,205353,56,311106
8161,0.001934,74.125.68.0-255,2902,208255,56,311106
8162,0.001951,74.125.68.0-255,4320,212575,56,311106
8163,0.00197,74.125.68.0-255,5738,218313,56,311106
8164,0.001981,74.125.68.0-255,2902,221215,56,311106
8165,0.001983,74.125.68.0-255,1484,222699,56,311106
8166,0.002003,74.125.68.0-255,4320,227019,56,311106
8167,0.002021,74.125.68.0-255,5738,232757,56,311106
8168,0.002036,74.125.68.0-255,1484,234241,56,311106
8169,0.002049,74.125.68.0-255,5738,239979,56,311106
8170,0.002066,74.125.68.0-255,766,240745,56,311106
8171,0.002072,74.125.68.0-255,7156,247901,56,311106
8172,0.002087,74.125.68.0-255,2902,250803,56,311106
8173,0.002132,74.125.68.0-255,4320,255123,56,311106
8174,0.002164,74.125.68.0-255,1484,256607,56,311106
8175,0.002168,74.125.68.0-255,2902,259509,56,311106
8176,0.002176,74.125.68.0-255,5738,265247,56,311106
8177,0.002188,74.125.68.0-255,2902,268149,56,311106
8178,0.002203,74.125.68.0-255,4320,272469,56,311106
8179,0.00226,74.125.68.0-255,7156,279625,56,311106
8180,0.002276,74.125.68.0-255,1484,281109,56,311106
8181,0.002289,74.125.68.0-255,2902,284011,56,311106
8182,0.002308,74.125.68.0-255,4320,288331,56,311106
8183,0.002315,74.125.68.0-255,5738,294069,56,311106
8184,0.002328,74.125.68.0-255,2902,296971,56,311106
8185,0.002341,74.125.68.0-255,2902,299873,56,311106
8186,0.002365,74.125.68.0-255,7156,307029,56,311106
8187,0.002386,74.125.68.0-255,1484,308513,56,311106
8188,0.002404,74.125.68.0-255,2422,310935,56,311106
8189,0.002407,74.125.68.0-255,105,311040,56,311106
8190,0.002521,172.31.46.0-255,66,311106,56,311106
8191,0.0,172.217.194.0-255,152,152,56,145656
8192,2.3e-05,172.31.46.0-255,66,218,56,145656
8193,3e-05,172.217.194.0-255,1484,1702,56,145656
8194,3.5e-05,172.31.46.0-255,66,1768,56,145656
8195,4e-05,172.217.194.0-255,2902,4670,56,145656
8196,4.3e-05,172.31.46.0-255,66,4736,56,145656
8197,5.7e-05,172.217.194.0-255,4320,9056,56,145656
8198,6.1e-05,172.31.46.0-255,66,9122,56,145656
8199,9.7e-05,172.217.194.0-255,4842,13964,56,145656
8200,0.000101,172.31.46.0-255,66,14030,56,145656
8201,0.000241,172.217.194.0-255,1484,15514,56,145656
8202,0.000246,172.31.46.0-255,66,15580,56,145656
8203,0.000252,172.217.194.0-255,2902,18482,56,145656
8204,0.000254,172.31.46.0-255,66,18548,56,145656
8205,0.000258,172.217.194.0-255,1484,20032,56,145656
8206,0.000264,172.31.46.0-255,66,20098,56,145656
8207,0.000293,172.217.194.0-255,4320,24418,56,145656
8208,0.000297,172.31.46.0-255,66,24484,56,145656
8209,0.000368,172.217.194.0-255,4320,28804,56,145656
8210,0.000371,172.31.46.0-255,66,28870,56,145656
8211,0.000407,172.217.194.0-255,2543,31413,56,145656
8212,0.000409,172.31.46.0-255,66,31479,56,145656
8213,0.000413,172.217.194.0-255,1484,32963,56,145656
8214,0.000415,172.31.46.0-255,66,33029,56,145656
8215,0.00042,172.217.194.0-255,2902,35931,56,145656
8216,0.000427,172.31.46.0-255,66,35997,56,145656
8217,0.000433,172.217.194.0-255,5738,41735,56,145656
8218,0.000436,172.31.46.0-255,66,41801,56,145656
8219,0.000442,172.217.194.0-255,6797,48598,56,145656
8220,0.000446,172.31.46.0-255,66,48664,56,145656
8221,0.000453,172.217.194.0-255,7156,55820,56,145656
8222,0.000456,172.31.46.0-255,66,55886,56,145656
8223,0.000468,172.31.46.0-255,66,55952,56,145656
8224,0.00047,172.217.194.0-255,366,56318,56,145656
8225,0.000761,172.217.194.0-255,1484,57802,56,145656
8226,0.000768,172.31.46.0-255,66,57868,56,145656
8227,0.000775,172.217.194.0-255,2902,60770,56,145656
8228,0.000777,172.31.46.0-255,66,60836,56,145656
8229,0.000789,172.217.194.0-255,5738,66574,56,145656
8230,0.000792,172.31.46.0-255,66,66640,56,145656
8231,0.000799,172.217.194.0-255,5738,72378,56,145656
8232,0.000802,172.31.46.0-255,66,72444,56,145656
8233,0.000837,172.31.46.0-255,66,72510,56,145656
8234,0.000844,172.217.194.0-255,5020,77530,56,145656
8235,0.000845,172.31.46.0-255,66,77596,56,145656
8236,0.001401,172.217.194.0-255,1484,79080,56,145656
8237,0.00141,172.217.194.0-255,2902,81982,56,145656
8238,0.001414,172.31.46.0-255,66,82048,56,145656
8239,0.001444,172.217.194.0-255,5738,87786,56,145656
8240,0.001448,172.31.46.0-255,66,87852,56,145656
8241,0.001455,172.217.194.0-255,5738,93590,56,145656
8242,0.001457,172.31.46.0-255,66,93656,56,145656
8243,0.001487,172.217.194.0-255,1484,95140,56,145656
8244,0.001502,172.31.46.0-255,66,95206,56,145656
8245,0.001507,172.217.194.0-255,1636,96842,56,145656
8246,0.001509,172.31.46.0-255,66,96908,56,145656
8247,0.001543,172.217.194.0-255,2902,99810,56,145656
8248,0.001545,172.31.46.0-255,66,99876,56,145656
8249,0.001553,172.217.194.0-255,7156,107032,56,145656
8250,0.00156,172.217.194.0-255,5738,112770,56,145656
8251,0.001565,172.31.46.0-255,66,112836,56,145656
8252,0.001578,172.31.46.0-255,66,112902,56,145656
8253,0.001585,172.217.194.0-255,5738,118640,56,145656
8254,0.001588,172.31.46.0-255,66,118706,56,145656
8255,0.001607,172.31.46.0-255,66,118772,56,145656
8256,0.001616,172.217.194.0-255,3602,122374,56,145656
8257,0.001619,172.31.46.0-255,66,122440,56,145656
8258,0.003671,172.217.194.0-255,5738,128178,56,145656
8259,0.003681,172.31.46.0-255,66,128244,56,145656
8260,0.005726,172.217.194.0-255,5738,133982,56,145656
8261,0.005735,172.31.46.0-255,66,134048,56,145656
8262,0.007763,172.217.194.0-255,5738,139786,56,145656
8263,0.007772,172.31.46.0-255,66,139852,56,145656
8264,0.009787,172.217.194.0-255,5738,145590,56,145656
8265,0.009792,172.31.46.0-255,66,145656,56,145656
8266,0.0,172.217.194.0-255,143,143,56,186602
8267,2.1e-05,172.31.46.0-255,66,209,56,186602
8268,2.7e-05,172.217.194.0-255,1484,1693,56,186602
8269,3.1e-05,172.31.46.0-255,66,1759,56,186602
8270,3.6e-05,172.217.194.0-255,2902,4661,56,186602
8271,3.9e-05,172.31.46.0-255,66,4727,56,186602
8272,4.6e-05,172.217.194.0-255,7156,11883,56,186602
8273,4.8e-05,172.31.46.0-255,66,11949,56,186602
8274,5.2e-05,172.217.194.0-255,3472,15421,56,186602
8275,5.5e-05,172.31.46.0-255,66,15487,56,186602
8276,6.1e-05,172.217.194.0-255,5738,21225,56,186602
8277,6.3e-05,172.31.46.0-255,66,21291,56,186602
8278,9.2e-05,172.217.194.0-255,7156,28447,56,186602
8279,9.5e-05,172.31.46.0-255,66,28513,56,186602
8280,9.9e-05,172.217.194.0-255,2543,31056,56,186602
8281,0.0001,172.31.46.0-255,66,31122,56,186602
8282,0.000136,172.217.194.0-255,1484,32606,56,186602
8283,0.000138,172.31.46.0-255,66,32672,56,186602
8284,0.00015,172.217.194.0-255,2902,35574,56,186602
8285,0.000152,172.31.46.0-255,66,35640,56,186602
8286,0.000177,172.217.194.0-255,5738,41378,56,186602
8287,0.000179,172.31.46.0-255,66,41444,56,186602
8288,0.000218,172.31.46.0-255,66,41510,56,186602
8289,0.000265,172.31.46.0-255,66,41576,56,186602
8290,0.000267,172.217.194.0-255,365,41941,56,186602
8291,0.000269,172.31.46.0-255,66,42007,56,186602
8292,0.000313,172.217.194.0-255,1484,43491,56,186602
8293,0.000315,172.31.46.0-255,66,43557,56,186602
8294,0.000318,172.217.194.0-255,1484,45041,56,186602
8295,0.00032,172.31.46.0-255,66,45107,56,186602
8296,0.000335,172.217.194.0-255,2902,48009,56,186602
8297,0.000338,172.31.46.0-255,66,48075,56,186602
8298,0.000344,172.217.194.0-255,7156,55231,56,186602
8299,0.000347,172.31.46.0-255,66,55297,56,186602
8300,0.000369,172.217.194.0-255,2902,58199,56,186602
8301,0.000371,172.31.46.0-255,66,58265,56,186602
8302,0.000373,172.217.194.0-255,1125,59390,56,186602
8303,0.000401,172.217.194.0-255,4320,63710,56,186602
8304,0.000403,172.31.46.0-255,66,63776,56,186602
8305,0.000423,172.31.46.0-255,66,63842,56,186602
8306,0.000443,172.217.194.0-255,3961,67803,56,186602
8307,0.000445,172.31.46.0-255,66,67869,56,186602
8308,0.000465,172.217.194.0-255,4320,72189,56,186602
8309,0.000467,172.31.46.0-255,66,72255,56,186602
8310,0.000499,172.31.46.0-255,66,72321,56,186602
8311,0.00051,172.31.46.0-255,66,72387,56,186602
8312,0.000562,172.217.194.0-255,4320,76707,56,186602
8313,0.000565,172.31.46.0-255,66,76773,56,186602
8314,0.000585,172.217.194.0-255,5020,81793,56,186602
8315,0.000587,172.31.46.0-255,66,81859,56,186602
8316,0.000645,172.217.194.0-255,1484,83343,56,186602
8317,0.000678,172.217.194.0-255,2902,86245,56,186602
8318,0.000682,172.31.46.0-255,66,86311,56,186602
8319,0.000687,172.217.194.0-255,5738,92049,56,186602
8320,0.00069,172.31.46.0-255,66,92115,56,186602
8321,0.000722,172.31.46.0-255,66,92181,56,186602
8322,0.000794,172.217.194.0-255,4320,96501,56,186602
8323,0.000798,172.31.46.0-255,66,96567,56,186602
8324,0.000805,172.31.46.0-255,66,96633,56,186602
8325,0.000815,172.31.46.0-255,66,96699,56,186602
8326,0.000827,172.31.46.0-255,66,96765,56,186602
8327,0.00085,172.217.194.0-255,1484,98249,56,186602
8328,0.000877,172.31.46.0-255,66,98315,56,186602
8329,0.000889,172.31.46.0-255,66,98381,56,186602
8330,0.000909,172.217.194.0-255,1484,99865,56,186602
8331,0.000927,172.31.46.0-255,66,99931,56,186602
8332,0.000958,172.217.194.0-255,5738,105669,56,186602
8333,0.000961,172.31.46.0-255,66,105735,56,186602
8334,0.000977,172.217.194.0-255,766,106501,56,186602
8335,0.001226,172.217.194.0-255,1484,107985,56,186602
8336,0.001231,172.31.46.0-255,66,108051,56,186602
8337,0.001237,172.217.194.0-255,2902,110953,56,186602
8338,0.001239,172.31.46.0-255,66,111019,56,186602
8339,0.001243,172.217.194.0-255,2902,113921,56,186602
8340,0.001245,172.31.46.0-255,66,113987,56,186602
8341,0.001277,172.217.194.0-255,2902,116889,56,186602
8342,0.001295,172.217.194.0-255,2902,119791,56,186602
8343,0.001299,172.31.46.0-255,66,119857,56,186602
8344,0.001302,172.31.46.0-255,66,119923,56,186602
8345,0.001304,172.31.46.0-255,66,119989,56,186602
8346,0.001326,172.31.46.0-255,66,120055,56,186602
8347,0.001343,172.217.194.0-255,2902,122957,56,186602
8348,0.001345,172.31.46.0-255,66,123023,56,186602
8349,0.001374,172.31.46.0-255,66,123089,56,186602
8350,0.001377,172.217.194.0-255,1484,124573,56,186602
8351,0.001392,172.31.46.0-255,66,124639,56,186602
8352,0.001405,172.217.194.0-255,1484,126123,56,186602
8353,0.001421,172.217.194.0-255,5020,131143,56,186602
8354,0.001424,172.31.46.0-255,66,131209,56,186602
8355,0.001645,172.217.194.0-255,1484,132693,56,186602
8356,0.001661,172.217.194.0-255,2902,135595,56,186602
8357,0.001667,172.217.194.0-255,4320,139915,56,186602
8358,0.001672,172.31.46.0-255,66,139981,56,186602
8359,0.001679,172.31.46.0-255,66,140047,56,186602
8360,0.001682,172.217.194.0-255,1484,141531,56,186602
8361,0.001706,172.31.46.0-255,66,141597,56,186602
8362,0.001721,172.217.194.0-255,2902,144499,56,186602
8363,0.001723,172.31.46.0-255,66,144565,56,186602
8364,0.001735,172.31.46.0-255,66,144631,56,186602
8365,0.001771,172.217.194.0-255,2184,146815,56,186602
8366,0.001774,172.31.46.0-255,66,146881,56,186602
8367,0.001895,172.217.194.0-255,1484,148365,56,186602
8368,0.001901,172.217.194.0-255,2902,151267,56,186602
8369,0.001904,172.31.46.0-255,66,151333,56,186602
8370,0.001911,172.217.194.0-255,4320,155653,56,186602
8371,0.001913,172.31.46.0-255,66,155719,56,186602
8372,0.001927,172.217.194.0-255,1484,157203,56,186602
8373,0.001942,172.31.46.0-255,66,157269,56,186602
8374,0.001963,172.217.194.0-255,4320,161589,56,186602
8375,0.001966,172.31.46.0-255,66,161655,56,186602
8376,0.00199,172.217.194.0-255,6438,168093,56,186602
8377,0.001992,172.31.46.0-255,66,168159,56,186602
8378,0.001997,172.217.194.0-255,4320,172479,56,186602
8379,0.001999,172.31.46.0-255,66,172545,56,186602
8380,0.002018,172.217.194.0-255,7156,179701,56,186602
8381,0.002019,172.31.46.0-255,66,179767,56,186602
8382,0.002034,172.31.46.0-255,66,179833,56,186602
8383,0.002091,172.31.46.0-255,66,179899,56,186602
8384,0.002105,172.217.194.0-255,6037,185936,56,186602
8385,0.002109,172.217.194.0-255,105,186041,56,186602
8386,0.002111,172.217.194.0-255,129,186170,56,186602
8387,0.002129,172.31.46.0-255,66,186236,56,186602
8388,0.009014,172.31.46.0-255,105,186341,56,186602
8389,0.009064,172.31.46.0-255,105,186446,56,186602
8390,0.009285,172.31.46.0-255,90,186536,56,186602
8391,0.009296,172.31.46.0-255,66,186602,56,186602
8392,0.0,74.125.200.0-255,155,155,56,134420
8393,2.4e-05,172.31.46.0-255,66,221,56,134420
8394,3e-05,74.125.200.0-255,1484,1705,56,134420
8395,3.5e-05,172.31.46.0-255,66,1771,56,134420
8396,6e-05,74.125.200.0-255,2902,4673,56,134420
8397,6.5e-05,172.31.46.0-255,66,4739,56,134420
8398,7.3e-05,74.125.200.0-255,7156,11895,56,134420
8399,7.6e-05,172.31.46.0-255,66,11961,56,134420
8400,0.000114,74.125.200.0-255,2083,14044,56,134420
8401,0.000117,172.31.46.0-255,66,14110,56,134420
8402,0.000344,74.125.200.0-255,1484,15594,56,134420
8403,0.000348,172.31.46.0-255,66,15660,56,134420
8404,0.000354,74.125.200.0-255,2902,18562,56,134420
8405,0.000357,172.31.46.0-255,66,18628,56,134420
8406,0.000384,74.125.200.0-255,5738,24366,56,134420
8407,0.000386,172.31.46.0-255,66,24432,56,134420
8408,0.000415,74.125.200.0-255,4320,28752,56,134420
8409,0.000418,172.31.46.0-255,66,28818,56,134420
8410,0.000446,74.125.200.0-255,2543,31361,56,134420
8411,0.000449,172.31.46.0-255,66,31427,56,134420
8412,0.000644,74.125.200.0-255,1484,32911,56,134420
8413,0.000648,172.31.46.0-255,66,32977,56,134420
8414,0.000652,74.125.200.0-255,1484,34461,56,134420
8415,0.000654,172.31.46.0-255,66,34527,56,134420
8416,0.000682,74.125.200.0-255,2902,37429,56,134420
8417,0.000692,74.125.200.0-255,5738,43167,56,134420
8418,0.000697,172.31.46.0-255,66,43233,56,134420
8419,0.0007,172.31.46.0-255,66,43299,56,134420
8420,0.000738,172.31.46.0-255,66,43365,56,134420
8421,0.000747,74.125.200.0-255,7156,50521,56,134420
8422,0.000749,172.31.46.0-255,66,50587,56,134420
8423,0.000781,74.125.200.0-255,2902,53489,56,134420
8424,0.000784,172.31.46.0-255,66,53555,56,134420
8425,0.000789,74.125.200.0-255,2543,56098,56,134420
8426,0.000791,172.31.46.0-255,66,56164,56,134420
8427,0.000965,74.125.200.0-255,413,56577,56,134420
8428,0.001145,74.125.200.0-255,331,56908,56,134420
8429,0.001189,74.125.200.0-255,1484,58392,56,134420
8430,0.001193,172.31.46.0-255,66,58458,56,134420
8431,0.001229,74.125.200.0-255,4320,62778,56,134420
8432,0.001233,74.125.200.0-255,2902,65680,56,134420
8433,0.001237,74.125.200.0-255,4320,70000,56,134420
8434,0.001259,74.125.200.0-255,1484,71484,56,134420
8435,0.001263,172.31.46.0-255,66,71550,56,134420
8436,0.00127,172.31.46.0-255,66,71616,56,134420
8437,0.001273,172.31.46.0-255,66,71682,56,134420
8438,0.001285,74.125.200.0-255,7156,78838,56,134420
8439,0.001288,172.31.46.0-255,66,78904,56,134420
8440,0.001295,74.125.200.0-255,7156,86060,56,134420
8441,0.001297,172.31.46.0-255,66,86126,56,134420
8442,0.001321,74.125.200.0-255,4320,90446,56,134420
8443,0.001324,172.31.46.0-255,66,90512,56,134420
8444,0.001342,74.125.200.0-255,766,91278,56,134420
8445,0.001512,74.125.200.0-255,1484,92762,56,134420
8446,0.001516,172.31.46.0-255,66,92828,56,134420
8447,0.001522,74.125.200.0-255,2902,95730,56,134420
8448,0.001524,172.31.46.0-255,66,95796,56,134420
8449,0.001546,74.125.200.0-255,5738,101534,56,134420
8450,0.001548,172.31.46.0-255,66,101600,56,134420
8451,0.001565,74.125.200.0-255,1484,103084,56,134420
8452,0.001589,172.31.46.0-255,66,103150,56,134420
8453,0.001596,74.125.200.0-255,5738,108888,56,134420
8454,0.001598,172.31.46.0-255,66,108954,56,134420
8455,0.001636,74.125.200.0-255,5738,114692,56,134420
8456,0.001639,172.31.46.0-255,66,114758,56,134420
8457,0.001643,74.125.200.0-255,2184,116942,56,134420
8458,0.001646,172.31.46.0-255,66,117008,56,134420
8459,0.003908,74.125.200.0-255,5738,122746,56,134420
8460,0.003917,172.31.46.0-255,66,122812,56,134420
8461,0.006202,74.125.200.0-255,5738,128550,56,134420
8462,0.00621,172.31.46.0-255,66,128616,56,134420
8463,0.008487,74.125.200.0-255,5738,134354,56,134420
8464,0.008494,172.31.46.0-255,66,134420,56,134420
8465,0.0,74.125.24.0-255,153,153,56,145271
8466,2.4e-05,172.31.46.0-255,66,219,56,145271
8467,3e-05,74.125.24.0-255,1484,1703,56,145271
8468,3.4e-05,172.31.46.0-255,66,1769,56,145271
8469,4e-05,74.125.24.0-255,2902,4671,56,145271
8470,4.9e-05,172.31.46.0-255,66,4737,56,145271
8471,5.8e-05,74.125.24.0-255,7156,11893,56,145271
8472,6.4e-05,172.31.46.0-255,66,11959,56,145271
8473,6.8e-05,74.125.24.0-255,2048,14007,56,145271
8474,7.1e-05,172.31.46.0-255,66,14073,56,145271
8475,0.000118,172.31.46.0-255,66,14139,56,145271
8476,0.000146,74.125.24.0-255,5379,19518,56,145271
8477,0.000149,172.31.46.0-255,66,19584,56,145271
8478,0.000184,74.125.24.0-255,1484,21068,56,145271
8479,0.000187,172.31.46.0-255,66,21134,56,145271
8480,0.000191,74.125.24.0-255,2902,24036,56,145271
8481,0.000194,172.31.46.0-255,66,24102,56,145271
8482,0.000222,74.125.24.0-255,5738,29840,56,145271
8483,0.000225,172.31.46.0-255,66,29906,56,145271
8484,0.000254,74.125.24.0-255,6797,36703,56,145271
8485,0.000257,172.31.46.0-255,66,36769,56,145271
8486,0.00026,74.125.24.0-255,1484,38253,56,145271
8487,0.000262,172.31.46.0-255,66,38319,56,145271
8488,0.000289,172.31.46.0-255,66,38385,56,145271
8489,0.000292,74.125.24.0-255,2853,41238,56,145271
8490,0.000295,172.31.46.0-255,66,41304,56,145271
8491,0.000322,74.125.24.0-255,377,41681,56,145271
8492,0.000325,172.31.46.0-255,66,41747,56,145271
8493,0.000684,74.125.24.0-255,1484,43231,56,145271
8494,0.000691,172.31.46.0-255,66,43297,56,145271
8495,0.000696,74.125.24.0-255,2902,46199,56,145271
8496,0.000698,172.31.46.0-255,66,46265,56,145271
8497,0.00071,74.125.24.0-255,5738,52003,56,145271
8498,0.000712,172.31.46.0-255,66,52069,56,145271
8499,0.000751,172.31.46.0-255,66,52135,56,145271
8500,0.000762,172.31.46.0-255,66,52201,56,145271
8501,0.001158,74.125.24.0-255,1484,53685,56,145271
8502,0.001161,74.125.24.0-255,1484,55169,56,145271
8503,0.001168,172.31.46.0-255,66,55235,56,145271
8504,0.001177,74.125.24.0-255,1484,56719,56,145271
8505,0.001188,74.125.24.0-255,5738,62457,56,145271
8506,0.001191,172.31.46.0-255,66,62523,56,145271
8507,0.001198,74.125.24.0-255,7156,69679,56,145271
8508,0.0012,172.31.46.0-255,66,69745,56,145271
8509,0.001228,74.125.24.0-255,5738,75483,56,145271
8510,0.001235,172.31.46.0-255,66,75549,56,145271
8511,0.001239,74.125.24.0-255,2902,78451,56,145271
8512,0.001241,172.31.46.0-255,66,78517,56,145271
8513,0.00127,74.125.24.0-255,1484,80001,56,145271
8514,0.001276,74.125.24.0-255,5738,85739,56,145271
8515,0.001279,172.31.46.0-255,66,85805,56,145271
8516,0.001282,74.125.24.0-255,766,86571,56,145271
8517,0.001306,74.125.24.0-255,1484,88055,56,145271
8518,0.001309,172.31.46.0-255,66,88121,56,145271
8519,0.001313,74.125.24.0-255,2902,91023,56,145271
8520,0.001315,172.31.46.0-255,66,91089,56,145271
8521,0.001335,74.125.24.0-255,4320,95409,56,145271
8522,0.001338,172.31.46.0-255,66,95475,56,145271
8523,0.001367,74.125.24.0-255,1484,96959,56,145271
8524,0.001382,172.31.46.0-255,66,97025,56,145271
8525,0.00141,74.125.24.0-255,1484,98509,56,145271
8526,0.001423,172.31.46.0-255,66,98575,56,145271
8527,0.00171,74.125.24.0-255,1484,100059,56,145271
8528,0.001716,74.125.24.0-255,2902,102961,56,145271
8529,0.00172,172.31.46.0-255,66,103027,56,145271
8530,0.001725,74.125.24.0-255,2902,105929,56,145271
8531,0.001727,172.31.46.0-255,66,105995,56,145271
8532,0.00175,74.125.24.0-255,2902,108897,56,145271
8533,0.001752,172.31.46.0-255,66,108963,56,145271
8534,0.001758,74.125.24.0-255,5738,114701,56,145271
8535,0.00176,172.31.46.0-255,66,114767,56,145271
8536,0.001803,74.125.24.0-255,7156,121923,56,145271
8537,0.001807,172.31.46.0-255,66,121989,56,145271
8538,0.001823,172.31.46.0-255,66,122055,56,145271
8539,0.003826,74.125.24.0-255,5738,127793,56,145271
8540,0.003834,172.31.46.0-255,66,127859,56,145271
8541,0.005903,74.125.24.0-255,5738,133597,56,145271
8542,0.005906,172.31.46.0-255,66,133663,56,145271
8543,0.007931,74.125.24.0-255,5738,139401,56,145271
8544,0.007937,172.31.46.0-255,66,139467,56,145271
8545,0.009979,74.125.24.0-255,5738,145205,56,145271
8546,0.009985,172.31.46.0-255,66,145271,56,145271
8547,0.0,74.125.68.0-255,146,146,56,100314
8548,1.3e-05,172.31.46.0-255,66,212,56,100314
8549,2e-05,74.125.68.0-255,1484,1696,56,100314
8550,2.4e-05,172.31.46.0-255,66,1762,56,100314
8551,3e-05,74.125.68.0-255,2902,4664,56,100314
8552,3.3e-05,172.31.46.0-255,66,4730,56,100314
8553,6.7e-05,74.125.68.0-255,4320,9050,56,100314
8554,7e-05,172.31.46.0-255,66,9116,56,100314
8555,8.6e-05,74.125.68.0-255,1484,10600,56,100314
8556,8.8e-05,172.31.46.0-255,66,10666,56,100314
8557,0.000147,74.125.68.0-255,2902,13568,56,100314
8558,0.00015,172.31.46.0-255,66,13634,56,100314
8559,0.000205,74.125.68.0-255,5738,19372,56,100314
8560,0.000209,172.31.46.0-255,66,19438,56,100314
8561,0.000225,74.125.68.0-255,3429,22867,56,100314
8562,0.000228,172.31.46.0-255,66,22933,56,100314
8563,0.000356,74.125.68.0-255,5738,28671,56,100314
8564,0.00036,172.31.46.0-255,66,28737,56,100314
8565,0.000381,74.125.68.0-255,2543,31280,56,100314
8566,0.000383,172.31.46.0-255,66,31346,56,100314
8567,0.000506,172.31.46.0-255,66,31412,56,100314
8568,0.000623,74.125.68.0-255,7156,38568,56,100314
8569,0.000627,172.31.46.0-255,66,38634,56,100314
8570,0.00066,172.31.46.0-255,66,38700,56,100314
8571,0.000915,74.125.68.0-255,6732,45432,56,100314
8572,0.00092,172.31.46.0-255,66,45498,56,100314
8573,0.001007,74.125.68.0-255,129,45627,56,100314
8574,0.001011,172.31.46.0-255,66,45693,56,100314
8575,0.001031,74.125.68.0-255,4320,50013,56,100314
8576,0.001034,172.31.46.0-255,66,50079,56,100314
8577,0.00109,74.125.68.0-255,5738,55817,56,100314
8578,0.001096,172.31.46.0-255,66,55883,56,100314
8579,0.001491,74.125.68.0-255,5020,60903,56,100314
8580,0.001496,172.31.46.0-255,66,60969,56,100314
8581,0.00153,74.125.68.0-255,351,61320,56,100314
8582,0.001562,74.125.68.0-255,1484,62804,56,100314
8583,0.001581,74.125.68.0-255,5738,68542,56,100314
8584,0.001679,74.125.68.0-255,2902,71444,56,100314
8585,0.001988,74.125.68.0-255,6438,77882,56,100314
8586,0.002446,74.125.68.0-255,7156,85038,56,100314
8587,0.00256,74.125.68.0-255,5020,90058,56,100314
8588,0.005956,172.31.46.0-255,66,90124,56,100314
8589,0.007975,74.125.68.0-255,4320,94444,56,100314
8590,0.007981,172.31.46.0-255,66,94510,56,100314
8591,0.008002,74.125.68.0-255,1484,95994,56,100314
8592,0.009999,74.125.68.0-255,4320,100314,56,100314
8593,0.0,74.125.24.0-255,153,153,56,166346
8594,2.6e-05,172.31.46.0-255,66,219,56,166346
8595,3.3e-05,74.125.24.0-255,1484,1703,56,166346
8596,3.8e-05,172.31.46.0-255,66,1769,56,166346
8597,4.4e-05,74.125.24.0-255,2902,4671,56,166346
8598,4.7e-05,172.31.46.0-255,66,4737,56,166346
8599,5.5e-05,74.125.24.0-255,7156,11893,56,166346
8600,5.9e-05,172.31.46.0-255,66,11959,56,166346
8601,0.000101,172.31.46.0-255,66,12025,56,166346
8602,0.000108,74.125.24.0-255,6797,18822,56,166346
8603,0.00011,172.31.46.0-255,66,18888,56,166346
8604,0.000367,74.125.24.0-255,1484,20372,56,166346
8605,0.000371,172.31.46.0-255,66,20438,56,166346
8606,0.000391,74.125.24.0-255,2902,23340,56,166346
8607,0.000393,172.31.46.0-255,66,23406,56,166346
8608,0.000396,74.125.24.0-255,1484,24890,56,166346
8609,0.000398,172.31.46.0-255,66,24956,56,166346
8610,0.000434,74.125.24.0-255,5738,30694,56,166346
8611,0.000438,172.31.46.0-255,66,30760,56,166346
8612,0.000455,74.125.24.0-255,1484,32244,56,166346
8613,0.000457,172.31.46.0-255,66,32310,56,166346
8614,0.000477,74.125.24.0-255,5379,37689,56,166346
8615,0.000479,172.31.46.0-255,66,37755,56,166346
8616,0.000483,74.125.24.0-255,2902,40657,56,166346
8617,0.000485,172.31.46.0-255,66,40723,56,166346
8618,0.000503,74.125.24.0-255,4320,45043,56,166346
8619,0.000506,172.31.46.0-255,66,45109,56,166346
8620,0.000517,172.31.46.0-255,66,45175,56,166346
8621,0.000529,74.125.24.0-255,400,45575,56,166346
8622,0.000531,172.31.46.0-255,66,45641,56,166346
8623,0.000592,74.125.24.0-255,109,45750,56,166346
8624,0.000688,74.125.24.0-255,1484,47234,56,166346
8625,0.00069,172.31.46.0-255,66,47300,56,166346
8626,0.000708,74.125.24.0-255,2902,50202,56,166346
8627,0.00071,172.31.46.0-255,66,50268,56,166346
8628,0.000735,74.125.24.0-255,5738,56006,56,166346
8629,0.000737,172.31.46.0-255,66,56072,56,166346
8630,0.000752,74.125.24.0-255,1484,57556,56,166346
8631,0.000769,74.125.24.0-255,5643,63199,56,166346
8632,0.000771,172.31.46.0-255,66,63265,56,166346
8633,0.000824,74.125.24.0-255,1484,64749,56,166346
8634,0.000827,74.125.24.0-255,1484,66233,56,166346
8635,0.000829,172.31.46.0-255,66,66299,56,166346
8636,0.000845,74.125.24.0-255,1484,67783,56,166346
8637,0.00085,74.125.24.0-255,2902,70685,56,166346
8638,0.000852,172.31.46.0-255,66,70751,56,166346
8639,0.00087,74.125.24.0-255,2902,73653,56,166346
8640,0.000873,172.31.46.0-255,66,73719,56,166346
8641,0.000914,74.125.24.0-255,6797,80516,56,166346
8642,0.000916,172.31.46.0-255,66,80582,56,166346
8643,0.001935,74.125.24.0-255,1484,82066,56,166346
8644,0.001952,74.125.24.0-255,2902,84968,56,166346
8645,0.001954,172.31.46.0-255,66,85034,56,166346
8646,0.001975,74.125.24.0-255,5738,90772,56,166346
8647,0.001977,172.31.46.0-255,66,90838,56,166346
8648,0.001981,74.125.24.0-255,2902,93740,56,166346
8649,0.001983,172.31.46.0-255,66,93806,56,166346
8650,0.002022,172.31.46.0-255,66,93872,56,166346
8651,0.002067,172.31.46.0-255,66,93938,56,166346
8652,0.002086,74.125.24.0-255,2184,96122,56,166346
8653,0.002087,172.31.46.0-255,66,96188,56,166346
8654,0.002193,74.125.24.0-255,1484,97672,56,166346
8655,0.002204,74.125.24.0-255,1484,99156,56,166346
8656,0.002206,172.31.46.0-255,66,99222,56,166346
8657,0.002221,74.125.24.0-255,1484,100706,56,166346
8658,0.002228,74.125.24.0-255,5738,106444,56,166346
8659,0.00223,172.31.46.0-255,66,106510,56,166346
8660,0.002234,74.125.24.0-255,2902,109412,56,166346
8661,0.002236,172.31.46.0-255,66,109478,56,166346
8662,0.002263,74.125.24.0-255,2902,112380,56,166346
8663,0.002265,172.31.46.0-255,66,112446,56,166346
8664,0.002292,74.125.24.0-255,7156,119602,56,166346
8665,0.002294,172.31.46.0-255,66,119668,56,166346
8666,0.002301,74.125.24.0-255,7156,126824,56,166346
8667,0.002303,172.31.46.0-255,66,126890,56,166346
8668,0.002314,74.125.24.0-255,1484,128374,56,166346
8669,0.002339,74.125.24.0-255,4320,132694,56,166346
8670,0.002341,172.31.46.0-255,66,132760,56,166346
8671,0.002361,74.125.24.0-255,5020,137780,56,166346
8672,0.002363,172.31.46.0-255,66,137846,56,166346
8673,0.002369,74.125.24.0-255,5738,143584,56,166346
8674,0.002371,172.31.46.0-255,66,143650,56,166346
8675,0.002383,74.125.24.0-255,4320,147970,56,166346
8676,0.002384,172.31.46.0-255,66,148036,56,166346
8677,0.002412,172.31.46.0-255,66,148102,56,166346
8678,0.002442,74.125.24.0-255,4320,152422,56,166346
8679,0.002444,172.31.46.0-255,66,152488,56,166346
8680,0.002454,74.125.24.0-255,2184,154672,56,166346
8681,0.002455,172.31.46.0-255,66,154738,56,166346
8682,0.004995,74.125.24.0-255,5738,160476,56,166346
8683,0.005003,172.31.46.0-255,66,160542,56,166346
8684,0.007534,74.125.24.0-255,5738,166280,56,166346
8685,0.00754,172.31.46.0-255,66,166346,56,166346
8686,0.0,172.217.194.0-255,150,150,56,135222
8687,2.7e-05,172.31.46.0-255,66,216,56,135222
8688,3.4e-05,172.217.194.0-255,1484,1700,56,135222
8689,3.9e-05,172.31.46.0-255,66,1766,56,135222
8690,4.4e-05,172.217.194.0-255,2902,4668,56,135222
8691,4.6e-05,172.31.46.0-255,66,4734,56,135222
8692,6.9e-05,172.217.194.0-255,5738,10472,56,135222
8693,7.1e-05,172.31.46.0-255,66,10538,56,135222
8694,8e-05,172.217.194.0-255,1484,12022,56,135222
8695,8.2e-05,172.31.46.0-255,66,12088,56,135222
8696,8.6e-05,172.217.194.0-255,2101,14189,56,135222
8697,8.8e-05,172.31.46.0-255,66,14255,56,135222
8698,0.000132,172.217.194.0-255,1484,15739,56,135222
8699,0.000135,172.31.46.0-255,66,15805,56,135222
8700,0.000147,172.217.194.0-255,2902,18707,56,135222
8701,0.000149,172.31.46.0-255,66,18773,56,135222
8702,0.000177,172.217.194.0-255,5738,24511,56,135222
8703,0.00018,172.31.46.0-255,66,24577,56,135222
8704,0.000182,172.217.194.0-255,1484,26061,56,135222
8705,0.000183,172.31.46.0-255,66,26127,56,135222
8706,0.000201,172.217.194.0-255,5379,31506,56,135222
8707,0.000203,172.31.46.0-255,66,31572,56,135222
8708,0.000301,172.217.194.0-255,1484,33056,56,135222
8709,0.000304,172.31.46.0-255,66,33122,56,135222
8710,0.000308,172.217.194.0-255,1484,34606,56,135222
8711,0.000311,172.31.46.0-255,66,34672,56,135222
8712,0.000321,172.217.194.0-255,1484,36156,56,135222
8713,0.000323,172.31.46.0-255,66,36222,56,135222
8714,0.000333,172.217.194.0-255,1484,37706,56,135222
8715,0.000335,172.31.46.0-255,66,37772,56,135222
8716,0.000349,172.217.194.0-255,4320,42092,56,135222
8717,0.000352,172.31.46.0-255,66,42158,56,135222
8718,0.000357,172.217.194.0-255,5738,47896,56,135222
8719,0.00036,172.31.46.0-255,66,47962,56,135222
8720,0.000398,172.217.194.0-255,4320,52282,56,135222
8721,0.0004,172.31.46.0-255,66,52348,56,135222
8722,0.000421,172.217.194.0-255,6797,59145,56,135222
8723,0.000424,172.31.46.0-255,66,59211,56,135222
8724,0.00045,172.217.194.0-255,5738,64949,56,135222
8725,0.000453,172.31.46.0-255,66,65015,56,135222
8726,0.000469,172.217.194.0-255,1125,66140,56,135222
8727,0.000706,172.31.46.0-255,66,66206,56,135222
8728,0.000788,172.217.194.0-255,646,66852,56,135222
8729,0.000853,172.217.194.0-255,1484,68336,56,135222
8730,0.000857,172.31.46.0-255,66,68402,56,135222
8731,0.000874,172.217.194.0-255,2902,71304,56,135222
8732,0.000876,172.31.46.0-255,66,71370,56,135222
8733,0.00088,172.217.194.0-255,1484,72854,56,135222
8734,0.0009,172.217.194.0-255,4320,77174,56,135222
8735,0.000903,172.31.46.0-255,66,77240,56,135222
8736,0.00091,172.217.194.0-255,6797,84037,56,135222
8737,0.000911,172.31.46.0-255,66,84103,56,135222
8738,0.000967,172.217.194.0-255,1484,85587,56,135222
8739,0.000972,172.217.194.0-255,2902,88489,56,135222
8740,0.000974,172.31.46.0-255,66,88555,56,135222
8741,0.000988,172.217.194.0-255,2902,91457,56,135222
8742,0.00099,172.31.46.0-255,66,91523,56,135222
8743,0.001003,172.217.194.0-255,2902,94425,56,135222
8744,0.001005,172.31.46.0-255,66,94491,56,135222
8745,0.001021,172.217.194.0-255,5738,100229,56,135222
8746,0.001023,172.31.46.0-255,66,100295,56,135222
8747,0.001039,172.217.194.0-255,1125,101420,56,135222
8748,0.001945,172.217.194.0-255,1484,102904,56,135222
8749,0.001951,172.31.46.0-255,66,102970,56,135222
8750,0.001968,172.217.194.0-255,1484,104454,56,135222
8751,0.001971,172.217.194.0-255,1484,105938,56,135222
8752,0.001973,172.31.46.0-255,66,106004,56,135222
8753,0.001993,172.217.194.0-255,1484,107488,56,135222
8754,0.001999,172.217.194.0-255,5738,113226,56,135222
8755,0.002,172.31.46.0-255,66,113292,56,135222
8756,0.002018,172.217.194.0-255,4320,117612,56,135222
8757,0.00202,172.31.46.0-255,66,117678,56,135222
8758,0.002045,172.31.46.0-255,66,117744,56,135222
8759,0.002055,172.31.46.0-255,66,117810,56,135222
8760,0.004142,172.217.194.0-255,5738,123548,56,135222
8761,0.004147,172.31.46.0-255,66,123614,56,135222
8762,0.006256,172.217.194.0-255,5738,129352,56,135222
8763,0.006261,172.31.46.0-255,66,129418,56,135222
8764,0.008334,172.217.194.0-255,5738,135156,56,135222
8765,0.008341,172.31.46.0-255,66,135222,56,135222
8766,0.0,172.217.27.0-255,146,146,56,178998
8767,2.9e-05,172.31.46.0-255,66,212,56,178998
8768,3.7e-05,172.217.27.0-255,1484,1696,56,178998
8769,4.2e-05,172.31.46.0-255,66,1762,56,178998
8770,4.8e-05,172.217.27.0-255,2902,4664,56,178998
8771,5.1e-05,172.31.46.0-255,66,4730,56,178998
8772,5.9e-05,172.217.27.0-255,5738,10468,56,178998
8773,6.1e-05,172.31.46.0-255,66,10534,56,178998
8774,9.1e-05,172.31.46.0-255,66,10600,56,178998
8775,0.000115,172.217.27.0-255,4967,15567,56,178998
8776,0.000118,172.31.46.0-255,66,15633,56,178998
8777,0.000126,172.217.27.0-255,6797,22430,56,178998
8778,0.000129,172.31.46.0-255,66,22496,56,178998
8779,0.000183,172.217.27.0-255,1484,23980,56,178998
8780,0.000186,172.31.46.0-255,66,24046,56,178998
8781,0.000189,172.217.27.0-255,1484,25530,56,178998
8782,0.000191,172.31.46.0-255,66,25596,56,178998
8783,0.000209,172.217.27.0-255,1484,27080,56,178998
8784,0.000211,172.31.46.0-255,66,27146,56,178998
8785,0.000218,172.217.27.0-255,5738,32884,56,178998
8786,0.000222,172.31.46.0-255,66,32950,56,178998
8787,0.000226,172.217.27.0-255,2902,35852,56,178998
8788,0.000228,172.31.46.0-255,66,35918,56,178998
8789,0.000255,172.31.46.0-255,66,35984,56,178998
8790,0.000267,172.31.46.0-255,66,36050,56,178998
8791,0.00027,172.217.27.0-255,1125,37175,56,178998
8792,0.000272,172.31.46.0-255,66,37241,56,178998
8793,0.000758,172.217.27.0-255,646,37887,56,178998
8794,0.000764,172.31.46.0-255,66,37953,56,178998
8795,0.000829,172.217.27.0-255,1484,39437,56,178998
8796,0.000855,172.217.27.0-255,2902,42339,56,178998
8797,0.000858,172.31.46.0-255,66,42405,56,178998
8798,0.000865,172.217.27.0-255,5738,48143,56,178998
8799,0.000895,172.31.46.0-255,66,48209,56,178998
8800,0.00092,172.217.27.0-255,7156,55365,56,178998
8801,0.000934,172.217.27.0-255,2543,57908,56,178998
8802,0.000937,172.31.46.0-255,66,57974,56,178998
8803,0.000964,172.31.46.0-255,66,58040,56,178998
8804,0.001097,172.217.27.0-255,1484,59524,56,178998
8805,0.001102,172.217.27.0-255,2902,62426,56,178998
8806,0.001124,172.217.27.0-255,4320,66746,56,178998
8807,0.001127,172.31.46.0-255,66,66812,56,178998
8808,0.001134,172.31.46.0-255,66,66878,56,178998
8809,0.001147,172.217.27.0-255,1484,68362,56,178998
8810,0.001173,172.217.27.0-255,1484,69846,56,178998
8811,0.00118,172.217.27.0-255,7156,77002,56,178998
8812,0.001194,172.31.46.0-255,66,77068,56,178998
8813,0.001235,172.217.27.0-255,3602,80670,56,178998
8814,0.001245,172.31.46.0-255,66,80736,56,178998
8815,0.001265,172.217.27.0-255,4320,85056,56,178998
8816,0.001273,172.31.46.0-255,66,85122,56,178998
8817,0.001282,172.217.27.0-255,4320,89442,56,178998
8818,0.001288,172.31.46.0-255,66,89508,56,178998
8819,0.001298,172.217.27.0-255,5738,95246,56,178998
8820,0.001305,172.217.27.0-255,7156,102402,56,178998
8821,0.001339,172.217.27.0-255,3602,106004,56,178998
8822,0.001347,172.31.46.0-255,66,106070,56,178998
8823,0.001428,172.217.27.0-255,1484,107554,56,178998
8824,0.001432,172.217.27.0-255,1484,109038,56,178998
8825,0.001437,172.31.46.0-255,66,109104,56,178998
8826,0.001451,172.217.27.0-255,1484,110588,56,178998
8827,0.001457,172.217.27.0-255,5738,116326,56,178998
8828,0.001463,172.217.27.0-255,4320,120646,56,178998
8829,0.001469,172.217.27.0-255,5738,126384,56,178998
8830,0.00148,172.31.46.0-255,66,126450,56,178998
8831,0.001491,172.217.27.0-255,2902,129352,56,178998
8832,0.001516,172.217.27.0-255,2184,131536,56,178998
8833,0.001529,172.31.46.0-255,66,131602,56,178998
8834,0.001604,172.217.27.0-255,1484,133086,56,178998
8835,0.001608,172.217.27.0-255,1484,134570,56,178998
8836,0.001617,172.31.46.0-255,66,134636,56,178998
8837,0.001626,172.217.27.0-255,1484,136120,56,178998
8838,0.001645,172.217.27.0-255,5738,141858,56,178998
8839,0.001648,172.217.27.0-255,1484,143342,56,178998
8840,0.001657,172.31.46.0-255,66,143408,56,178998
8841,0.001677,172.217.27.0-255,2902,146310,56,178998
8842,0.001681,172.31.46.0-255,66,146376,56,178998
8843,0.001701,172.217.27.0-255,5738,152114,56,178998
8844,0.001707,172.217.27.0-255,3602,155716,56,178998
8845,0.001719,172.31.46.0-255,66,155782,56,178998
8846,0.003377,172.217.27.0-255,5738,161520,56,178998
8847,0.003388,172.31.46.0-255,66,161586,56,178998
8848,0.005042,172.217.27.0-255,5738,167324,56,178998
8849,0.005286,172.31.46.0-255,66,167390,56,178998
8850,0.006943,172.217.27.0-255,5738,173128,56,178998
8851,0.006951,172.31.46.0-255,66,173194,56,178998
8852,0.00864,172.217.27.0-255,5738,178932,56,178998
8853,0.008647,172.31.46.0-255,66,178998,56,178998
8854,0.0,74.125.200.0-255,149,149,56,229987
8855,2.3e-05,172.31.46.0-255,66,215,56,229987
8856,3e-05,74.125.200.0-255,1484,1699,56,229987
8857,3.5e-05,172.31.46.0-255,66,1765,56,229987
8858,4.1e-05,74.125.200.0-255,2902,4667,56,229987
8859,4.5e-05,172.31.46.0-255,66,4733,56,229987
8860,5.3e-05,74.125.200.0-255,7156,11889,56,229987
8861,5.5e-05,172.31.46.0-255,66,11955,56,229987
8862,6e-05,74.125.200.0-255,2109,14064,56,229987
8863,6.2e-05,172.31.46.0-255,66,14130,56,229987
8864,9.5e-05,74.125.200.0-255,2902,17032,56,229987
8865,9.9e-05,172.31.46.0-255,66,17098,56,229987
8866,0.000103,74.125.200.0-255,1484,18582,56,229987
8867,0.000105,172.31.46.0-255,66,18648,56,229987
8868,0.00012,74.125.200.0-255,4320,22968,56,229987
8869,0.000123,172.31.46.0-255,66,23034,56,229987
8870,0.000126,74.125.200.0-255,1484,24518,56,229987
8871,0.000128,172.31.46.0-255,66,24584,56,229987
8872,0.000158,74.125.200.0-255,5738,30322,56,229987
8873,0.000172,172.31.46.0-255,66,30388,56,229987
8874,0.000174,74.125.200.0-255,1125,31513,56,229987
8875,0.000177,172.31.46.0-255,66,31579,56,229987
8876,0.000392,74.125.200.0-255,1484,33063,56,229987
8877,0.000398,172.31.46.0-255,66,33129,56,229987
8878,0.000402,74.125.200.0-255,1484,34613,56,229987
8879,0.000404,172.31.46.0-255,66,34679,56,229987
8880,0.000409,74.125.200.0-255,2902,37581,56,229987
8881,0.000411,172.31.46.0-255,66,37647,56,229987
8882,0.000448,74.125.200.0-255,4320,41967,56,229987
8883,0.000457,172.31.46.0-255,66,42033,56,229987
8884,0.000461,74.125.200.0-255,1484,43517,56,229987
8885,0.000463,172.31.46.0-255,66,43583,56,229987
8886,0.000468,74.125.200.0-255,2902,46485,56,229987
8887,0.00047,172.31.46.0-255,66,46551,56,229987
8888,0.000491,74.125.200.0-255,3961,50512,56,229987
8889,0.000494,172.31.46.0-255,66,50578,56,229987
8890,0.000511,74.125.200.0-255,5738,56316,56,229987
8891,0.000514,172.31.46.0-255,66,56382,56,229987
8892,0.000539,74.125.200.0-255,1484,57866,56,229987
8893,0.000552,172.31.46.0-255,66,57932,56,229987
8894,0.001122,74.125.200.0-255,131,58063,56,229987
8895,0.001154,74.125.200.0-255,1484,59547,56,229987
8896,0.001158,172.31.46.0-255,66,59613,56,229987
8897,0.00118,74.125.200.0-255,2902,62515,56,229987
8898,0.001182,172.31.46.0-255,66,62581,56,229987
8899,0.001188,74.125.200.0-255,4320,66901,56,229987
8900,0.00119,172.31.46.0-255,66,66967,56,229987
8901,0.001216,74.125.200.0-255,1484,68451,56,229987
8902,0.001221,74.125.200.0-255,2902,71353,56,229987
8903,0.001223,172.31.46.0-255,66,71419,56,229987
8904,0.001229,74.125.200.0-255,3961,75380,56,229987
8905,0.001232,172.31.46.0-255,66,75446,56,229987
8906,0.001377,74.125.200.0-255,1484,76930,56,229987
8907,0.001384,74.125.200.0-255,2902,79832,56,229987
8908,0.001389,172.31.46.0-255,66,79898,56,229987
8909,0.001395,74.125.200.0-255,4320,84218,56,229987
8910,0.001397,172.31.46.0-255,66,84284,56,229987
8911,0.001419,74.125.200.0-255,1484,85768,56,229987
8912,0.001423,74.125.200.0-255,2902,88670,56,229987
8913,0.001425,172.31.46.0-255,66,88736,56,229987
8914,0.00143,74.125.200.0-255,3961,92697,56,229987
8915,0.001433,172.31.46.0-255,66,92763,56,229987
8916,0.001461,74.125.200.0-255,1484,94247,56,229987
8917,0.001481,74.125.200.0-255,7156,101403,56,229987
8918,0.001483,172.31.46.0-255,66,101469,56,229987
8919,0.001487,74.125.200.0-255,1484,102953,56,229987
8920,0.001491,74.125.200.0-255,2902,105855,56,229987
8921,0.001493,172.31.46.0-255,66,105921,56,229987
8922,0.001517,172.31.46.0-255,66,105987,56,229987
8923,0.001524,74.125.200.0-255,7156,113143,56,229987
8924,0.001526,172.31.46.0-255,66,113209,56,229987
8925,0.001551,74.125.200.0-255,2902,116111,56,229987
8926,0.001554,172.31.46.0-255,66,116177,56,229987
8927,0.001577,74.125.200.0-255,2184,118361,56,229987
8928,0.00158,172.31.46.0-255,66,118427,56,229987
8929,0.00161,74.125.200.0-255,4320,122747,56,229987
8930,0.001614,172.31.46.0-255,66,122813,56,229987
8931,0.001635,74.125.200.0-255,5738,128551,56,229987
8932,0.001639,172.31.46.0-255,66,128617,56,229987
8933,0.001653,74.125.200.0-255,4320,132937,56,229987
8934,0.001656,172.31.46.0-255,66,133003,56,229987
8935,0.001686,74.125.200.0-255,7156,140159,56,229987
8936,0.001689,172.31.46.0-255,66,140225,56,229987
8937,0.001694,74.125.200.0-255,4320,144545,56,229987
8938,0.001695,172.31.46.0-255,66,144611,56,229987
8939,0.001716,74.125.200.0-255,4320,148931,56,229987
8940,0.001719,172.31.46.0-255,66,148997,56,229987
8941,0.001735,74.125.200.0-255,3602,152599,56,229987
8942,0.001737,172.31.46.0-255,66,152665,56,229987
8943,0.001795,74.125.200.0-255,1484,154149,56,229987
8944,0.00181,74.125.200.0-255,2902,157051,56,229987
8945,0.001813,172.31.46.0-255,66,157117,56,229987
8946,0.001816,74.125.200.0-255,1484,158601,56,229987
8947,0.001834,74.125.200.0-255,2902,161503,56,229987
8948,0.001836,172.31.46.0-255,66,161569,56,229987
8949,0.001891,172.31.46.0-255,66,161635,56,229987
8950,0.001894,74.125.200.0-255,1484,163119,56,229987
8951,0.001927,172.31.46.0-255,66,163185,56,229987
8952,0.001932,74.125.200.0-255,3602,166787,56,229987
8953,0.001934,172.31.46.0-255,66,166853,56,229987
8954,0.002083,74.125.200.0-255,1484,168337,56,229987
8955,0.002091,74.125.200.0-255,2902,171239,56,229987
8956,0.002095,172.31.46.0-255,66,171305,56,229987
8957,0.002117,74.125.200.0-255,5738,177043,56,229987
8958,0.00212,172.31.46.0-255,66,177109,56,229987
8959,0.002146,74.125.200.0-255,4320,181429,56,229987
8960,0.002149,172.31.46.0-255,66,181495,56,229987
8961,0.002168,74.125.200.0-255,2902,184397,56,229987
8962,0.00217,172.31.46.0-255,66,184463,56,229987
8963,0.002185,74.125.200.0-255,4320,188783,56,229987
8964,0.002188,172.31.46.0-255,66,188849,56,229987
8965,0.002215,74.125.200.0-255,7156,196005,56,229987
8966,0.002218,172.31.46.0-255,66,196071,56,229987
8967,0.002229,172.31.46.0-255,66,196137,56,229987
8968,0.002243,74.125.200.0-255,2184,198321,56,229987
8969,0.002245,172.31.46.0-255,66,198387,56,229987
8970,0.002249,74.125.200.0-255,2902,201289,56,229987
8971,0.002252,172.31.46.0-255,66,201355,56,229987
8972,0.002281,74.125.200.0-255,2902,204257,56,229987
8973,0.002284,172.31.46.0-255,66,204323,56,229987
8974,0.002321,172.31.46.0-255,66,204389,56,229987
8975,0.002336,74.125.200.0-255,5738,210127,56,229987
8976,0.002339,172.31.46.0-255,66,210193,56,229987
8977,0.002354,74.125.200.0-255,3602,213795,56,229987
8978,0.002357,172.31.46.0-255,66,213861,56,229987
8979,0.004639,74.125.200.0-255,1484,215345,56,229987
8980,0.004654,74.125.200.0-255,2902,218247,56,229987
8981,0.004658,172.31.46.0-255,66,218313,56,229987
8982,0.004686,74.125.200.0-255,1484,219797,56,229987
8983,0.006975,74.125.200.0-255,4320,224117,56,229987
8984,0.006981,172.31.46.0-255,66,224183,56,229987
8985,0.009296,74.125.200.0-255,5738,229921,56,229987
8986,0.009304,172.31.46.0-255,66,229987,56,229987
8987,0.0,74.125.24.0-255,146,146,56,135259
8988,2.4e-05,172.31.46.0-255,66,212,56,135259
8989,3e-05,74.125.24.0-255,1484,1696,56,135259
8990,3.4e-05,172.31.46.0-255,66,1762,56,135259
8991,3.9e-05,74.125.24.0-255,2902,4664,56,135259
8992,4.7e-05,172.31.46.0-255,66,4730,56,135259
8993,5.3e-05,74.125.24.0-255,7156,11886,56,135259
8994,5.7e-05,172.31.46.0-255,66,11952,56,135259
8995,7.8e-05,74.125.24.0-255,2119,14071,56,135259
8996,8.1e-05,172.31.46.0-255,66,14137,56,135259
8997,0.000268,74.125.24.0-255,1484,15621,56,135259
8998,0.000273,172.31.46.0-255,66,15687,56,135259
8999,0.00028,74.125.24.0-255,2902,18589,56,135259
9000,0.000284,172.31.46.0-255,66,18655,56,135259
9001,0.000297,74.125.24.0-255,5738,24393,56,135259
9002,0.000299,172.31.46.0-255,66,24459,56,135259
9003,0.000334,74.125.24.0-255,6797,31256,56,135259
9004,0.000336,172.31.46.0-255,66,31322,56,135259
9005,0.000396,74.125.24.0-255,1484,32806,56,135259
9006,0.000399,172.31.46.0-255,66,32872,56,135259
9007,0.000415,74.125.24.0-255,2902,35774,56,135259
9008,0.000417,172.31.46.0-255,66,35840,56,135259
9009,0.000448,74.125.24.0-255,5738,41578,56,135259
9010,0.000451,172.31.46.0-255,66,41644,56,135259
9011,0.000456,74.125.24.0-255,4320,45964,56,135259
9012,0.000459,172.31.46.0-255,66,46030,56,135259
9013,0.000483,74.125.24.0-255,2543,48573,56,135259
9014,0.000492,172.31.46.0-255,66,48639,56,135259
9015,0.000518,74.125.24.0-255,2902,51541,56,135259
9016,0.00052,172.31.46.0-255,66,51607,56,135259
9017,0.000528,74.125.24.0-255,7156,58763,56,135259
9018,0.00053,172.31.46.0-255,66,58829,56,135259
9019,0.000564,74.125.24.0-255,7128,65957,56,135259
9020,0.000567,172.31.46.0-255,66,66023,56,135259
9021,0.000885,74.125.24.0-255,346,66369,56,135259
9022,0.000924,74.125.24.0-255,1484,67853,56,135259
9023,0.000927,172.31.46.0-255,66,67919,56,135259
9024,0.000933,74.125.24.0-255,2902,70821,56,135259
9025,0.000936,172.31.46.0-255,66,70887,56,135259
9026,0.000954,74.125.24.0-255,5738,76625,56,135259
9027,0.000957,172.31.46.0-255,66,76691,56,135259
9028,0.000967,74.125.24.0-255,4320,81011,56,135259
9029,0.00097,172.31.46.0-255,66,81077,56,135259
9030,0.001011,172.31.46.0-255,66,81143,56,135259
9031,0.001024,172.31.46.0-255,66,81209,56,135259
9032,0.001763,74.125.24.0-255,1484,82693,56,135259
9033,0.001773,74.125.24.0-255,2902,85595,56,135259
9034,0.001777,172.31.46.0-255,66,85661,56,135259
9035,0.001785,74.125.24.0-255,5738,91399,56,135259
9036,0.001787,172.31.46.0-255,66,91465,56,135259
9037,0.001794,74.125.24.0-255,1484,92949,56,135259
9038,0.001822,74.125.24.0-255,7156,100105,56,135259
9039,0.001824,172.31.46.0-255,66,100171,56,135259
9040,0.001853,74.125.24.0-255,7156,107327,56,135259
9041,0.001855,172.31.46.0-255,66,107393,56,135259
9042,0.001881,172.31.46.0-255,66,107459,56,135259
9043,0.001983,74.125.24.0-255,1484,108943,56,135259
9044,0.002004,74.125.24.0-255,2902,111845,56,135259
9045,0.002007,172.31.46.0-255,66,111911,56,135259
9046,0.002014,74.125.24.0-255,5738,117649,56,135259
9047,0.002016,172.31.46.0-255,66,117715,56,135259
9048,0.002035,172.31.46.0-255,66,117781,56,135259
9049,0.00207,172.31.46.0-255,66,117847,56,135259
9050,0.00413,74.125.24.0-255,5738,123585,56,135259
9051,0.004136,172.31.46.0-255,66,123651,56,135259
9052,0.006224,74.125.24.0-255,5738,129389,56,135259
9053,0.006229,172.31.46.0-255,66,129455,56,135259
9054,0.008306,74.125.24.0-255,5738,135193,56,135259
9055,0.008312,172.31.46.0-255,66,135259,56,135259
9056,0.0,74.125.24.0-255,152,152,56,128643
9057,2.3e-05,172.31.46.0-255,66,218,56,128643
9058,3e-05,74.125.24.0-255,1484,1702,56,128643
9059,3.5e-05,172.31.46.0-255,66,1768,56,128643
9060,4e-05,74.125.24.0-255,2902,4670,56,128643
9061,4.3e-05,172.31.46.0-255,66,4736,56,128643
9062,5.1e-05,74.125.24.0-255,7156,11892,56,128643
9063,5.4e-05,172.31.46.0-255,66,11958,56,128643
9064,8.7e-05,74.125.24.0-255,1976,13934,56,128643
9065,9e-05,172.31.46.0-255,66,14000,56,128643
9066,0.000139,172.31.46.0-255,66,14066,56,128643
9067,0.0002,74.125.24.0-255,1484,15550,56,128643
9068,0.000203,172.31.46.0-255,66,15616,56,128643
9069,0.000216,74.125.24.0-255,3961,19577,56,128643
9070,0.000219,172.31.46.0-255,66,19643,56,128643
9071,0.000328,74.125.24.0-255,1484,21127,56,128643
9072,0.000333,172.31.46.0-255,66,21193,56,128643
9073,0.000339,74.125.24.0-255,2902,24095,56,128643
9074,0.000341,172.31.46.0-255,66,24161,56,128643
9075,0.000365,74.125.24.0-255,5738,29899,56,128643
9076,0.000368,172.31.46.0-255,66,29965,56,128643
9077,0.00041,74.125.24.0-255,6797,36762,56,128643
9078,0.000413,172.31.46.0-255,66,36828,56,128643
9079,0.000589,74.125.24.0-255,1484,38312,56,128643
9080,0.000592,172.31.46.0-255,66,38378,56,128643
9081,0.000598,74.125.24.0-255,2902,41280,56,128643
9082,0.000601,172.31.46.0-255,66,41346,56,128643
9083,0.000604,74.125.24.0-255,1484,42830,56,128643
9084,0.000606,172.31.46.0-255,66,42896,56,128643
9085,0.000628,74.125.24.0-255,4320,47216,56,128643
9086,0.000631,172.31.46.0-255,66,47282,56,128643
9087,0.000674,74.125.24.0-255,4320,51602,56,128643
9088,0.000691,74.125.24.0-255,2543,54145,56,128643
9089,0.000694,172.31.46.0-255,66,54211,56,128643
9090,0.000702,74.125.24.0-255,413,54624,56,128643
9091,0.000705,172.31.46.0-255,66,54690,56,128643
9092,0.001052,74.125.24.0-255,333,55023,56,128643
9093,0.001092,172.31.46.0-255,66,55089,56,128643
9094,0.001307,74.125.24.0-255,1484,56573,56,128643
9095,0.001315,74.125.24.0-255,2902,59475,56,128643
9096,0.001327,74.125.24.0-255,2902,62377,56,128643
9097,0.001339,74.125.24.0-255,2902,65279,56,128643
9098,0.001384,74.125.24.0-255,6797,72076,56,128643
9099,0.001459,74.125.24.0-255,1484,73560,56,128643
9100,0.001472,74.125.24.0-255,2902,76462,56,128643
9101,0.001492,74.125.24.0-255,5738,82200,56,128643
9102,0.001544,74.125.24.0-255,6797,88997,56,128643
9103,0.002269,74.125.24.0-255,1484,90481,56,128643
9104,0.002277,74.125.24.0-255,2902,93383,56,128643
9105,0.002283,74.125.24.0-255,5738,99121,56,128643
9106,0.002326,74.125.24.0-255,5738,104859,56,128643
9107,0.002341,74.125.24.0-255,7156,112015,56,128643
9108,0.00244,74.125.24.0-255,5738,117753,56,128643
9109,0.002477,74.125.24.0-255,5020,122773,56,128643
9110,0.006508,172.31.46.0-255,66,122839,56,128643
9111,0.009069,74.125.24.0-255,5738,128577,56,128643
9112,0.009078,172.31.46.0-255,66,128643,56,128643
9113,0.0,172.217.194.0-255,153,153,56,263551
9114,2.2e-05,172.31.46.0-255,66,219,56,263551
9115,2.9e-05,172.217.194.0-255,1484,1703,56,263551
9116,3.5e-05,172.31.46.0-255,66,1769,56,263551
9117,4e-05,172.217.194.0-255,2902,4671,56,263551
9118,4.3e-05,172.31.46.0-255,66,4737,56,263551
9119,4.9e-05,172.217.194.0-255,4320,9057,56,263551
9120,5.2e-05,172.31.46.0-255,66,9123,56,263551
9121,9.3e-05,172.217.194.0-255,4909,14032,56,263551
9122,9.7e-05,172.31.46.0-255,66,14098,56,263551
9123,0.000134,172.217.194.0-255,1484,15582,56,263551
9124,0.000137,172.31.46.0-255,66,15648,56,263551
9125,0.000142,172.217.194.0-255,2902,18550,56,263551
9126,0.000144,172.31.46.0-255,66,18616,56,263551
9127,0.00015,172.217.194.0-255,5738,24354,56,263551
9128,0.000153,172.31.46.0-255,66,24420,56,263551
9129,0.000193,172.217.194.0-255,6797,31217,56,263551
9130,0.000196,172.31.46.0-255,66,31283,56,263551
9131,0.000217,172.217.194.0-255,7156,38439,56,263551
9132,0.000221,172.31.46.0-255,66,38505,56,263551
9133,0.000244,172.217.194.0-255,5738,44243,56,263551
9134,0.000246,172.31.46.0-255,66,44309,56,263551
9135,0.000264,172.217.194.0-255,3961,48270,56,263551
9136,0.000266,172.31.46.0-255,66,48336,56,263551
9137,0.000499,172.217.194.0-255,1484,49820,56,263551
9138,0.000505,172.31.46.0-255,66,49886,56,263551
9139,0.000511,172.217.194.0-255,2902,52788,56,263551
9140,0.000514,172.31.46.0-255,66,52854,56,263551
9141,0.00052,172.217.194.0-255,5738,58592,56,263551
9142,0.000523,172.31.46.0-255,66,58658,56,263551
9143,0.000552,172.31.46.0-255,66,58724,56,263551
9144,0.000598,172.217.194.0-255,1484,60208,56,263551
9145,0.000621,172.217.194.0-255,2902,63110,56,263551
9146,0.000628,172.217.194.0-255,5738,68848,56,263551
9147,0.000633,172.31.46.0-255,66,68914,56,263551
9148,0.000656,172.217.194.0-255,1484,70398,56,263551
9149,0.000682,172.217.194.0-255,4320,74718,56,263551
9150,0.000712,172.31.46.0-255,66,74784,56,263551
9151,0.000723,172.217.194.0-255,5020,79804,56,263551
9152,0.000748,172.31.46.0-255,66,79870,56,263551
9153,0.001059,172.217.194.0-255,1484,81354,56,263551
9154,0.001074,172.217.194.0-255,2902,84256,56,263551
9155,0.001078,172.31.46.0-255,66,84322,56,263551
9156,0.001083,172.217.194.0-255,2902,87224,56,263551
9157,0.0011,172.217.194.0-255,2902,90126,56,263551
9158,0.001103,172.217.194.0-255,1484,91610,56,263551
9159,0.001109,172.31.46.0-255,66,91676,56,263551
9160,0.001133,172.217.194.0-255,4320,95996,56,263551
9161,0.001151,172.217.194.0-255,4320,100316,56,263551
9162,0.001167,172.217.194.0-255,766,101082,56,263551
9163,0.001177,172.31.46.0-255,66,101148,56,263551
9164,0.001313,172.217.194.0-255,1484,102632,56,263551
9165,0.001329,172.217.194.0-255,2902,105534,56,263551
9166,0.001333,172.31.46.0-255,66,105600,56,263551
9167,0.001355,172.217.194.0-255,5738,111338,56,263551
9168,0.001361,172.217.194.0-255,5738,117076,56,263551
9169,0.001369,172.31.46.0-255,66,117142,56,263551
9170,0.001396,172.217.194.0-255,1484,118626,56,263551
9171,0.001409,172.217.194.0-255,3602,122228,56,263551
9172,0.001416,172.31.46.0-255,66,122294,56,263551
9173,0.001438,172.217.194.0-255,5738,128032,56,263551
9174,0.001457,172.31.46.0-255,66,128098,56,263551
9175,0.00151,172.217.194.0-255,5738,133836,56,263551
9176,0.001516,172.31.46.0-255,66,133902,56,263551
9177,0.001531,172.217.194.0-255,1484,135386,56,263551
9178,0.001559,172.217.194.0-255,4320,139706,56,263551
9179,0.001566,172.31.46.0-255,66,139772,56,263551
9180,0.001574,172.217.194.0-255,2184,141956,56,263551
9181,0.001579,172.31.46.0-255,66,142022,56,263551
9182,0.001864,172.217.194.0-255,1484,143506,56,263551
9183,0.001897,172.217.194.0-255,2902,146408,56,263551
9184,0.001901,172.31.46.0-255,66,146474,56,263551
9185,0.001905,172.217.194.0-255,1484,147958,56,263551
9186,0.001925,172.217.194.0-255,4320,152278,56,263551
9187,0.001932,172.217.194.0-255,5738,158016,56,263551
9188,0.001954,172.217.194.0-255,4320,162336,56,263551
9189,0.001957,172.217.194.0-255,2902,165238,56,263551
9190,0.001961,172.31.46.0-255,66,165304,56,263551
9191,0.001966,172.31.46.0-255,66,165370,56,263551
9192,0.001975,172.217.194.0-255,4320,169690,56,263551
9193,0.001995,172.31.46.0-255,66,169756,56,263551
9194,0.002009,172.217.194.0-255,4320,174076,56,263551
9195,0.002028,172.217.194.0-255,2184,176260,56,263551
9196,0.002033,172.31.46.0-255,66,176326,56,263551
9197,0.002139,172.217.194.0-255,1484,177810,56,263551
9198,0.002159,172.217.194.0-255,2902,180712,56,263551
9199,0.002163,172.217.194.0-255,2902,183614,56,263551
9200,0.002168,172.31.46.0-255,66,183680,56,263551
9201,0.002178,172.217.194.0-255,2902,186582,56,263551
9202,0.002215,172.217.194.0-255,7156,193738,56,263551
9203,0.002218,172.31.46.0-255,66,193804,56,263551
9204,0.002235,172.217.194.0-255,5738,199542,56,263551
9205,0.00235,172.217.194.0-255,1484,201026,56,263551
9206,0.00237,172.217.194.0-255,2902,203928,56,263551
9207,0.002383,172.217.194.0-255,5738,209666,56,263551
9208,0.002416,172.217.194.0-255,7156,216822,56,263551
9209,0.002436,172.217.194.0-255,2902,219724,56,263551
9210,0.002438,172.217.194.0-255,1484,221208,56,263551
9211,0.002453,172.217.194.0-255,4320,225528,56,263551
9212,0.00247,172.217.194.0-255,1484,227012,56,263551
9213,0.002474,172.217.194.0-255,2902,229914,56,263551
9214,0.002488,172.217.194.0-255,3602,233516,56,263551
9215,0.002606,172.217.194.0-255,1484,235000,56,263551
9216,0.002611,172.217.194.0-255,2902,237902,56,263551
9217,0.00262,172.217.194.0-255,1484,239386,56,263551
9218,0.002642,172.217.194.0-255,4320,243706,56,263551
9219,0.002672,172.217.194.0-255,1484,245190,56,263551
9220,0.002727,172.217.194.0-255,4320,249510,56,263551
9221,0.002742,172.217.194.0-255,4320,253830,56,263551
9222,0.002786,172.217.194.0-255,2902,256732,56,263551
9223,0.002882,172.217.194.0-255,766,257498,56,263551
9224,0.002887,172.217.194.0-255,4320,261818,56,263551
9225,0.002889,172.217.194.0-255,1484,263302,56,263551
9226,0.002905,172.217.194.0-255,105,263407,56,263551
9227,0.008429,172.31.46.0-255,78,263485,56,263551
9228,0.008441,172.31.46.0-255,66,263551,56,263551
9229,0.0,74.125.68.0-255,149,149,56,205374
9230,2.3e-05,172.31.46.0-255,66,215,56,205374
9231,3.1e-05,74.125.68.0-255,1484,1699,56,205374
9232,3.5e-05,172.31.46.0-255,66,1765,56,205374
9233,5.6e-05,74.125.68.0-255,1484,3249,56,205374
9234,5.9e-05,172.31.46.0-255,66,3315,56,205374
9235,6.5e-05,74.125.68.0-255,2902,6217,56,205374
9236,6.7e-05,172.31.46.0-255,66,6283,56,205374
9237,0.000103,74.125.68.0-255,5738,12021,56,205374
9238,0.000106,172.31.46.0-255,66,12087,56,205374
9239,0.00013,74.125.68.0-255,2122,14209,56,205374
9240,0.000132,172.31.46.0-255,66,14275,56,205374
9241,0.000352,74.125.68.0-255,1484,15759,56,205374
9242,0.000358,172.31.46.0-255,66,15825,56,205374
9243,0.000364,74.125.68.0-255,2902,18727,56,205374
9244,0.000366,172.31.46.0-255,66,18793,56,205374
9245,0.00039,74.125.68.0-255,4320,23113,56,205374
9246,0.000392,172.31.46.0-255,66,23179,56,205374
9247,0.000398,74.125.68.0-255,4320,27499,56,205374
9248,0.0004,172.31.46.0-255,66,27565,56,205374
9249,0.000412,74.125.68.0-255,1484,29049,56,205374
9250,0.000414,172.31.46.0-255,66,29115,56,205374
9251,0.000442,74.125.68.0-255,5738,34853,56,205374
9252,0.000445,172.31.46.0-255,66,34919,56,205374
9253,0.000465,74.125.68.0-255,2543,37462,56,205374
9254,0.000467,172.31.46.0-255,66,37528,56,205374
9255,0.000477,172.31.46.0-255,66,37594,56,205374
9256,0.000501,74.125.68.0-255,7156,44750,56,205374
9257,0.000503,172.31.46.0-255,66,44816,56,205374
9258,0.000506,74.125.68.0-255,1484,46300,56,205374
9259,0.000508,172.31.46.0-255,66,46366,56,205374
9260,0.000533,74.125.68.0-255,7156,53522,56,205374
9261,0.000539,74.125.68.0-255,3602,57124,56,205374
9262,0.000552,172.31.46.0-255,66,57190,56,205374
9263,0.000555,74.125.68.0-255,427,57617,56,205374
9264,0.000691,74.125.68.0-255,1484,59101,56,205374
9265,0.000697,172.31.46.0-255,66,59167,56,205374
9266,0.000709,74.125.68.0-255,2902,62069,56,205374
9267,0.000718,172.31.46.0-255,66,62135,56,205374
9268,0.000734,74.125.68.0-255,5738,67873,56,205374
9269,0.00074,74.125.68.0-255,5738,73611,56,205374
9270,0.000755,172.31.46.0-255,66,73677,56,205374
9271,0.000789,74.125.68.0-255,2902,76579,56,205374
9272,0.000793,172.31.46.0-255,66,76645,56,205374
9273,0.000808,74.125.68.0-255,4320,80965,56,205374
9274,0.000814,74.125.68.0-255,5738,86703,56,205374
9275,0.000821,172.31.46.0-255,66,86769,56,205374
9276,0.00084,74.125.68.0-255,2902,89671,56,205374
9277,0.000847,172.31.46.0-255,66,89737,56,205374
9278,0.000855,74.125.68.0-255,2184,91921,56,205374
9279,0.000858,172.31.46.0-255,66,91987,56,205374
9280,0.000877,74.125.68.0-255,348,92335,56,205374
9281,0.00099,74.125.68.0-255,1484,93819,56,205374
9282,0.000993,172.31.46.0-255,66,93885,56,205374
9283,0.001005,74.125.68.0-255,2902,96787,56,205374
9284,0.001015,172.31.46.0-255,66,96853,56,205374
9285,0.001021,74.125.68.0-255,2902,99755,56,205374
9286,0.001025,172.31.46.0-255,66,99821,56,205374
9287,0.001034,74.125.68.0-255,2902,102723,56,205374
9288,0.001037,74.125.68.0-255,1484,104207,56,205374
9289,0.001047,74.125.68.0-255,1484,105691,56,205374
9290,0.001057,74.125.68.0-255,1484,107175,56,205374
9291,0.001061,172.31.46.0-255,66,107241,56,205374
9292,0.001082,74.125.68.0-255,5738,112979,56,205374
9293,0.001096,74.125.68.0-255,2902,115881,56,205374
9294,0.001098,74.125.68.0-255,1484,117365,56,205374
9295,0.001104,172.31.46.0-255,66,117431,56,205374
9296,0.001123,74.125.68.0-255,2902,120333,56,205374
9297,0.001127,172.31.46.0-255,66,120399,56,205374
9298,0.001143,74.125.68.0-255,1484,121883,56,205374
9299,0.001156,74.125.68.0-255,5020,126903,56,205374
9300,0.00116,172.31.46.0-255,66,126969,56,205374
9301,0.001218,74.125.68.0-255,1484,128453,56,205374
9302,0.001237,74.125.68.0-255,2902,131355,56,205374
9303,0.001243,172.31.46.0-255,66,131421,56,205374
9304,0.001252,74.125.68.0-255,4320,135741,56,205374
9305,0.00126,172.31.46.0-255,66,135807,56,205374
9306,0.001284,74.125.68.0-255,2902,138709,56,205374
9307,0.001292,172.31.46.0-255,66,138775,56,205374
9308,0.001301,74.125.68.0-255,5738,144513,56,205374
9309,0.001305,172.31.46.0-255,66,144579,56,205374
9310,0.001327,74.125.68.0-255,1484,146063,56,205374
9311,0.001365,172.31.46.0-255,66,146129,56,205374
9312,0.001402,74.125.68.0-255,4320,150449,56,205374
9313,0.001411,172.31.46.0-255,66,150515,56,205374
9314,0.001424,74.125.68.0-255,2184,152699,56,205374
9315,0.001428,172.31.46.0-255,66,152765,56,205374
9316,0.001541,172.31.46.0-255,101,152866,56,205374
9317,0.001776,74.125.68.0-255,1484,154350,56,205374
9318,0.00183,74.125.68.0-255,1484,155834,56,205374
9319,0.001834,74.125.68.0-255,2902,158736,56,205374
9320,0.001838,172.31.46.0-255,66,158802,56,205374
9321,0.001855,172.31.46.0-255,66,158868,56,205374
9322,0.001858,74.125.68.0-255,1484,160352,56,205374
9323,0.001885,74.125.68.0-255,2902,163254,56,205374
9324,0.001891,74.125.68.0-255,5738,168992,56,205374
9325,0.001895,172.31.46.0-255,66,169058,56,205374
9326,0.001903,74.125.68.0-255,1484,170542,56,205374
9327,0.001921,74.125.68.0-255,7156,177698,56,205374
9328,0.00193,172.31.46.0-255,66,177764,56,205374
9329,0.00196,74.125.68.0-255,1484,179248,56,205374
9330,0.001999,74.125.68.0-255,1484,180732,56,205374
9331,0.002002,172.31.46.0-255,66,180798,56,205374
9332,0.002036,74.125.68.0-255,2902,183700,56,205374
9333,0.002052,172.31.46.0-255,66,183766,56,205374
9334,0.00207,74.125.68.0-255,1484,185250,56,205374
9335,0.002095,74.125.68.0-255,2184,187434,56,205374
9336,0.002107,172.31.46.0-255,66,187500,56,205374
9337,0.002313,74.125.68.0-255,1484,188984,56,205374
9338,0.002329,74.125.68.0-255,1484,190468,56,205374
9339,0.002332,172.31.46.0-255,66,190534,56,205374
9340,0.003801,74.125.68.0-255,66,190600,56,205374
9341,0.004403,74.125.68.0-255,2902,193502,56,205374
9342,0.004407,172.31.46.0-255,66,193568,56,205374
9343,0.00463,74.125.68.0-255,2902,196470,56,205374
9344,0.00633,172.31.46.0-255,66,196536,56,205374
9345,0.006732,74.125.68.0-255,2902,199438,56,205374
9346,0.006737,172.31.46.0-255,66,199504,56,205374
9347,0.008634,74.125.68.0-255,2902,202406,56,205374
9348,0.00864,172.31.46.0-255,66,202472,56,205374
9349,0.009054,74.125.68.0-255,2902,205374,56,205374
9350,0.0,172.217.194.0-255,150,150,56,144628
9351,1.4e-05,172.31.46.0-255,66,216,56,144628
9352,2e-05,172.217.194.0-255,1484,1700,56,144628
9353,2.4e-05,172.31.46.0-255,66,1766,56,144628
9354,2.9e-05,172.217.194.0-255,2902,4668,56,144628
9355,3.1e-05,172.31.46.0-255,66,4734,56,144628
9356,3.7e-05,172.217.194.0-255,5738,10472,56,144628
9357,3.9e-05,172.31.46.0-255,66,10538,56,144628
9358,6.4e-05,172.217.194.0-255,1484,12022,56,144628
9359,6.6e-05,172.31.46.0-255,66,12088,56,144628
9360,7.1e-05,172.217.194.0-255,2099,14187,56,144628
9361,7.2e-05,172.31.46.0-255,66,14253,56,144628
9362,0.000101,172.217.194.0-255,4320,18573,56,144628
9363,0.000104,172.31.46.0-255,66,18639,56,144628
9364,0.000123,172.217.194.0-255,2902,21541,56,144628
9365,0.000125,172.31.46.0-255,66,21607,56,144628
9366,0.000135,172.31.46.0-255,66,21673,56,144628
9367,0.000137,172.217.194.0-255,1125,22798,56,144628
9368,0.000138,172.31.46.0-255,66,22864,56,144628
9369,0.00019,172.217.194.0-255,1484,24348,56,144628
9370,0.000193,172.31.46.0-255,66,24414,56,144628
9371,0.000196,172.217.194.0-255,1484,25898,56,144628
9372,0.000198,172.31.46.0-255,66,25964,56,144628
9373,0.000211,172.217.194.0-255,1484,27448,56,144628
9374,0.000213,172.31.46.0-255,66,27514,56,144628
9375,0.000218,172.217.194.0-255,5738,33252,56,144628
9376,0.00022,172.31.46.0-255,66,33318,56,144628
9377,0.00026,172.217.194.0-255,6797,40115,56,144628
9378,0.000263,172.31.46.0-255,66,40181,56,144628
9379,0.000918,172.217.194.0-255,1484,41665,56,144628
9380,0.000924,172.31.46.0-255,66,41731,56,144628
9381,0.000932,172.217.194.0-255,2902,44633,56,144628
9382,0.000934,172.31.46.0-255,66,44699,56,144628
9383,0.00094,172.217.194.0-255,5738,50437,56,144628
9384,0.000942,172.31.46.0-255,66,50503,56,144628
9385,0.000965,172.217.194.0-255,6797,57300,56,144628
9386,0.000967,172.31.46.0-255,66,57366,56,144628
9387,0.001023,172.217.194.0-255,1484,58850,56,144628
9388,0.001028,172.217.194.0-255,1484,60334,56,144628
9389,0.00103,172.31.46.0-255,66,60400,56,144628
9390,0.001051,172.217.194.0-255,1484,61884,56,144628
9391,0.001057,172.217.194.0-255,5738,67622,56,144628
9392,0.001059,172.31.46.0-255,66,67688,56,144628
9393,0.001062,172.217.194.0-255,1484,69172,56,144628
9394,0.001075,172.217.194.0-255,5379,74551,56,144628
9395,0.001077,172.31.46.0-255,66,74617,56,144628
9396,0.001098,172.217.194.0-255,648,75265,56,144628
9397,0.001386,172.217.194.0-255,1484,76749,56,144628
9398,0.001392,172.31.46.0-255,66,76815,56,144628
9399,0.001397,172.217.194.0-255,2902,79717,56,144628
9400,0.001399,172.31.46.0-255,66,79783,56,144628
9401,0.001404,172.217.194.0-255,5738,85521,56,144628
9402,0.001406,172.31.46.0-255,66,85587,56,144628
9403,0.001432,172.217.194.0-255,6797,92384,56,144628
9404,0.001434,172.31.46.0-255,66,92450,56,144628
9405,0.001762,172.217.194.0-255,1484,93934,56,144628
9406,0.001767,172.217.194.0-255,1484,95418,56,144628
9407,0.001769,172.31.46.0-255,66,95484,56,144628
9408,0.001786,172.217.194.0-255,1484,96968,56,144628
9409,0.001792,172.217.194.0-255,5738,102706,56,144628
9410,0.001793,172.31.46.0-255,66,102772,56,144628
9411,0.001827,172.31.46.0-255,66,102838,56,144628
9412,0.00186,172.217.194.0-255,4320,107158,56,144628
9413,0.001862,172.31.46.0-255,66,107224,56,144628
9414,0.001883,172.217.194.0-255,6438,113662,56,144628
9415,0.001885,172.31.46.0-255,66,113728,56,144628
9416,0.001961,172.217.194.0-255,1484,115212,56,144628
9417,0.001973,172.217.194.0-255,2902,118114,56,144628
9418,0.001975,172.31.46.0-255,66,118180,56,144628
9419,0.001979,172.217.194.0-255,2902,121082,56,144628
9420,0.001981,172.31.46.0-255,66,121148,56,144628
9421,0.001993,172.217.194.0-255,2902,124050,56,144628
9422,0.001995,172.31.46.0-255,66,124116,56,144628
9423,0.002027,172.31.46.0-255,66,124182,56,144628
9424,0.002069,172.217.194.0-255,2902,127084,56,144628
9425,0.002072,172.31.46.0-255,66,127150,56,144628
9426,0.002095,172.31.46.0-255,66,127216,56,144628
9427,0.004131,172.217.194.0-255,5738,132954,56,144628
9428,0.004136,172.31.46.0-255,66,133020,56,144628
9429,0.006191,172.217.194.0-255,5738,138758,56,144628
9430,0.006194,172.31.46.0-255,66,138824,56,144628
9431,0.008227,172.217.194.0-255,5738,144562,56,144628
9432,0.008233,172.31.46.0-255,66,144628,56,144628
9433,0.0,74.125.24.0-255,150,150,56,175271
9434,2.6e-05,172.31.46.0-255,66,216,56,175271
9435,3.3e-05,74.125.24.0-255,1484,1700,56,175271
9436,3.7e-05,172.31.46.0-255,66,1766,56,175271
9437,4.3e-05,74.125.24.0-255,2902,4668,56,175271
9438,5.5e-05,172.31.46.0-255,66,4734,56,175271
9439,6.2e-05,74.125.24.0-255,7156,11890,56,175271
9440,6.5e-05,172.31.46.0-255,66,11956,56,175271
9441,8.9e-05,74.125.24.0-255,2009,13965,56,175271
9442,9.2e-05,172.31.46.0-255,66,14031,56,175271
9443,0.000556,74.125.24.0-255,1484,15515,56,175271
9444,0.000562,172.31.46.0-255,66,15581,56,175271
9445,0.000567,74.125.24.0-255,2902,18483,56,175271
9446,0.00057,172.31.46.0-255,66,18549,56,175271
9447,0.000583,74.125.24.0-255,5738,24287,56,175271
9448,0.000587,172.31.46.0-255,66,24353,56,175271
9449,0.000591,74.125.24.0-255,2902,27255,56,175271
9450,0.000593,172.31.46.0-255,66,27321,56,175271
9451,0.000624,74.125.24.0-255,3961,31282,56,175271
9452,0.000627,172.31.46.0-255,66,31348,56,175271
9453,0.000714,74.125.24.0-255,1484,32832,56,175271
9454,0.000718,172.31.46.0-255,66,32898,56,175271
9455,0.000723,74.125.24.0-255,2902,35800,56,175271
9456,0.000726,172.31.46.0-255,66,35866,56,175271
9457,0.000729,74.125.24.0-255,1484,37350,56,175271
9458,0.00073,172.31.46.0-255,66,37416,56,175271
9459,0.000763,74.125.24.0-255,4320,41736,56,175271
9460,0.000766,172.31.46.0-255,66,41802,56,175271
9461,0.000769,74.125.24.0-255,1484,43286,56,175271
9462,0.000771,172.31.46.0-255,66,43352,56,175271
9463,0.000821,74.125.24.0-255,5379,48731,56,175271
9464,0.000824,172.31.46.0-255,66,48797,56,175271
9465,0.000853,74.125.24.0-255,5738,54535,56,175271
9466,0.000857,172.31.46.0-255,66,54601,56,175271
9467,0.00088,74.125.24.0-255,7156,61757,56,175271
9468,0.000884,172.31.46.0-255,66,61823,56,175271
9469,0.000912,74.125.24.0-255,4324,66147,56,175271
9470,0.000917,172.31.46.0-255,66,66213,56,175271
9471,0.000964,74.125.24.0-255,1484,67697,56,175271
9472,0.000984,74.125.24.0-255,2902,70599,56,175271
9473,0.000987,172.31.46.0-255,66,70665,56,175271
9474,0.000991,74.125.24.0-255,1484,72149,56,175271
9475,0.001012,74.125.24.0-255,4320,76469,56,175271
9476,0.001016,172.31.46.0-255,66,76535,56,175271
9477,0.001023,74.125.24.0-255,6797,83332,56,175271
9478,0.001027,172.31.46.0-255,66,83398,56,175271
9479,0.001029,74.125.24.0-255,345,83743,56,175271
9480,0.00122,74.125.24.0-255,1484,85227,56,175271
9481,0.001225,172.31.46.0-255,66,85293,56,175271
9482,0.00123,74.125.24.0-255,2902,88195,56,175271
9483,0.001234,74.125.24.0-255,2902,91097,56,175271
9484,0.001235,172.31.46.0-255,66,91163,56,175271
9485,0.001238,172.31.46.0-255,66,91229,56,175271
9486,0.001263,74.125.24.0-255,2902,94131,56,175271
9487,0.001267,172.31.46.0-255,66,94197,56,175271
9488,0.001282,172.31.46.0-255,66,94263,56,175271
9489,0.001306,74.125.24.0-255,2902,97165,56,175271
9490,0.00131,172.31.46.0-255,66,97231,56,175271
9491,0.001333,172.31.46.0-255,66,97297,56,175271
9492,0.001662,74.125.24.0-255,1484,98781,56,175271
9493,0.001667,74.125.24.0-255,2902,101683,56,175271
9494,0.001671,172.31.46.0-255,66,101749,56,175271
9495,0.001708,74.125.24.0-255,1484,103233,56,175271
9496,0.001727,74.125.24.0-255,4320,107553,56,175271
9497,0.00173,172.31.46.0-255,66,107619,56,175271
9498,0.001736,74.125.24.0-255,5738,113357,56,175271
9499,0.001738,172.31.46.0-255,66,113423,56,175271
9500,0.001747,74.125.24.0-255,1484,114907,56,175271
9501,0.001781,172.31.46.0-255,66,114973,56,175271
9502,0.001785,74.125.24.0-255,1484,116457,56,175271
9503,0.001833,74.125.24.0-255,3602,120059,56,175271
9504,0.001836,172.31.46.0-255,66,120125,56,175271
9505,0.001941,74.125.24.0-255,1484,121609,56,175271
9506,0.001957,74.125.24.0-255,2902,124511,56,175271
9507,0.00196,172.31.46.0-255,66,124577,56,175271
9508,0.001964,74.125.24.0-255,1484,126061,56,175271
9509,0.001988,74.125.24.0-255,2902,128963,56,175271
9510,0.001992,172.31.46.0-255,66,129029,56,175271
9511,0.002003,172.31.46.0-255,66,129095,56,175271
9512,0.002045,74.125.24.0-255,5738,134833,56,175271
9513,0.002048,172.31.46.0-255,66,134899,56,175271
9514,0.002083,172.31.46.0-255,66,134965,56,175271
9515,0.002144,74.125.24.0-255,1484,136449,56,175271
9516,0.002157,74.125.24.0-255,2902,139351,56,175271
9517,0.00216,172.31.46.0-255,66,139417,56,175271
9518,0.002163,74.125.24.0-255,1484,140901,56,175271
9519,0.002193,74.125.24.0-255,4320,145221,56,175271
9520,0.002196,172.31.46.0-255,66,145287,56,175271
9521,0.002204,74.125.24.0-255,7156,152443,56,175271
9522,0.002213,172.31.46.0-255,66,152509,56,175271
9523,0.002245,172.31.46.0-255,66,152575,56,175271
9524,0.002274,74.125.24.0-255,4320,156895,56,175271
9525,0.002277,172.31.46.0-255,66,156961,56,175271
9526,0.002281,74.125.24.0-255,2184,159145,56,175271
9527,0.002283,172.31.46.0-255,66,159211,56,175271
9528,0.004567,74.125.24.0-255,5738,164949,56,175271
9529,0.004572,172.31.46.0-255,66,165015,56,175271
9530,0.006859,74.125.24.0-255,4320,169335,56,175271
9531,0.006864,172.31.46.0-255,66,169401,56,175271
9532,0.006888,74.125.24.0-255,1484,170885,56,175271
9533,0.009142,74.125.24.0-255,4320,175205,56,175271
9534,0.009148,172.31.46.0-255,66,175271,56,175271
9535,0.0,74.125.24.0-255,146,146,56,270262
9536,1.4e-05,172.31.46.0-255,66,212,56,270262
9537,2e-05,74.125.24.0-255,1484,1696,56,270262
9538,2.6e-05,172.31.46.0-255,66,1762,56,270262
9539,3.1e-05,74.125.24.0-255,2902,4664,56,270262
9540,3.5e-05,172.31.46.0-255,66,4730,56,270262
9541,4.1e-05,74.125.24.0-255,7156,11886,56,270262
9542,4.4e-05,172.31.46.0-255,66,11952,56,270262
9543,8.7e-05,74.125.24.0-255,4848,16800,56,270262
9544,9e-05,172.31.46.0-255,66,16866,56,270262
9545,9.5e-05,74.125.24.0-255,5738,22604,56,270262
9546,9.7e-05,172.31.46.0-255,66,22670,56,270262
9547,0.000127,74.125.24.0-255,4320,26990,56,270262
9548,0.000129,172.31.46.0-255,66,27056,56,270262
9549,0.000148,74.125.24.0-255,3961,31017,56,270262
9550,0.000151,172.31.46.0-255,66,31083,56,270262
9551,0.000246,74.125.24.0-255,1484,32567,56,270262
9552,0.000249,172.31.46.0-255,66,32633,56,270262
9553,0.000255,74.125.24.0-255,2902,35535,56,270262
9554,0.000257,172.31.46.0-255,66,35601,56,270262
9555,0.000282,74.125.24.0-255,5738,41339,56,270262
9556,0.000284,172.31.46.0-255,66,41405,56,270262
9557,0.000289,74.125.24.0-255,4320,45725,56,270262
9558,0.000291,172.31.46.0-255,66,45791,56,270262
9559,0.000322,74.125.24.0-255,5738,51529,56,270262
9560,0.000325,172.31.46.0-255,66,51595,56,270262
9561,0.000343,74.125.24.0-255,6797,58392,56,270262
9562,0.000345,172.31.46.0-255,66,58458,56,270262
9563,0.000351,74.125.24.0-255,5738,64196,56,270262
9564,0.000353,172.31.46.0-255,66,64262,56,270262
9565,0.000383,74.125.24.0-255,1488,65750,56,270262
9566,0.000386,172.31.46.0-255,66,65816,56,270262
9567,0.000411,74.125.24.0-255,347,66163,56,270262
9568,0.000808,74.125.24.0-255,1484,67647,56,270262
9569,0.000812,172.31.46.0-255,66,67713,56,270262
9570,0.000816,74.125.24.0-255,1484,69197,56,270262
9571,0.000832,74.125.24.0-255,1484,70681,56,270262
9572,0.000835,172.31.46.0-255,66,70747,56,270262
9573,0.000841,74.125.24.0-255,5738,76485,56,270262
9574,0.000843,172.31.46.0-255,66,76551,56,270262
9575,0.000847,74.125.24.0-255,2902,79453,56,270262
9576,0.000849,172.31.46.0-255,66,79519,56,270262
9577,0.000873,74.125.24.0-255,1484,81003,56,270262
9578,0.000888,74.125.24.0-255,5738,86741,56,270262
9579,0.00089,172.31.46.0-255,66,86807,56,270262
9580,0.000905,74.125.24.0-255,7156,93963,56,270262
9581,0.000907,172.31.46.0-255,66,94029,56,270262
9582,0.000913,74.125.24.0-255,6438,100467,56,270262
9583,0.000915,172.31.46.0-255,66,100533,56,270262
9584,0.000961,74.125.24.0-255,1484,102017,56,270262
9585,0.000966,74.125.24.0-255,2902,104919,56,270262
9586,0.000968,172.31.46.0-255,66,104985,56,270262
9587,0.000987,74.125.24.0-255,5738,110723,56,270262
9588,0.000989,172.31.46.0-255,66,110789,56,270262
9589,0.000993,74.125.24.0-255,2902,113691,56,270262
9590,0.000996,172.31.46.0-255,66,113757,56,270262
9591,0.001014,74.125.24.0-255,4320,118077,56,270262
9592,0.001017,172.31.46.0-255,66,118143,56,270262
9593,0.00102,74.125.24.0-255,1484,119627,56,270262
9594,0.001057,172.31.46.0-255,66,119693,56,270262
9595,0.00106,74.125.24.0-255,2184,121877,56,270262
9596,0.001062,172.31.46.0-255,66,121943,56,270262
9597,0.001095,74.125.24.0-255,1484,123427,56,270262
9598,0.0011,74.125.24.0-255,2902,126329,56,270262
9599,0.001103,172.31.46.0-255,66,126395,56,270262
9600,0.001106,74.125.24.0-255,1484,127879,56,270262
9601,0.001126,74.125.24.0-255,4320,132199,56,270262
9602,0.001129,172.31.46.0-255,66,132265,56,270262
9603,0.001133,74.125.24.0-255,2902,135167,56,270262
9604,0.001135,172.31.46.0-255,66,135233,56,270262
9605,0.00116,172.31.46.0-255,66,135299,56,270262
9606,0.001167,74.125.24.0-255,7156,142455,56,270262
9607,0.001169,172.31.46.0-255,66,142521,56,270262
9608,0.001198,74.125.24.0-255,3602,146123,56,270262
9609,0.001201,172.31.46.0-255,66,146189,56,270262
9610,0.001296,74.125.24.0-255,1484,147673,56,270262
9611,0.001308,74.125.24.0-255,2902,150575,56,270262
9612,0.001311,172.31.46.0-255,66,150641,56,270262
9613,0.001314,74.125.24.0-255,1484,152125,56,270262
9614,0.001331,74.125.24.0-255,4320,156445,56,270262
9615,0.001335,172.31.46.0-255,66,156511,56,270262
9616,0.001348,74.125.24.0-255,5738,162249,56,270262
9617,0.00135,172.31.46.0-255,66,162315,56,270262
9618,0.001379,74.125.24.0-255,7156,169471,56,270262
9619,0.001384,74.125.24.0-255,5738,175209,56,270262
9620,0.001388,172.31.46.0-255,66,175275,56,270262
9621,0.00139,172.31.46.0-255,66,175341,56,270262
9622,0.001405,74.125.24.0-255,4320,179661,56,270262
9623,0.001408,172.31.46.0-255,66,179727,56,270262
9624,0.001429,74.125.24.0-255,766,180493,56,270262
9625,0.001451,172.31.46.0-255,101,180594,56,270262
9626,0.001609,74.125.24.0-255,1484,182078,56,270262
9627,0.001614,74.125.24.0-255,2902,184980,56,270262
9628,0.001617,172.31.46.0-255,66,185046,56,270262
9629,0.001641,74.125.24.0-255,5738,190784,56,270262
9630,0.001643,172.31.46.0-255,66,190850,56,270262
9631,0.001648,74.125.24.0-255,4320,195170,56,270262
9632,0.00165,172.31.46.0-255,66,195236,56,270262
9633,0.00167,172.31.46.0-255,66,195302,56,270262
9634,0.001673,74.125.24.0-255,2902,198204,56,270262
9635,0.001675,172.31.46.0-255,66,198270,56,270262
9636,0.001693,74.125.24.0-255,2902,201172,56,270262
9637,0.001696,172.31.46.0-255,66,201238,56,270262
9638,0.001708,74.125.24.0-255,1484,202722,56,270262
9639,0.001726,74.125.24.0-255,3602,206324,56,270262
9640,0.001729,172.31.46.0-255,66,206390,56,270262
9641,0.003058,74.125.24.0-255,1484,207874,56,270262
9642,0.003067,74.125.24.0-255,2902,210776,56,270262
9643,0.003071,172.31.46.0-255,66,210842,56,270262
9644,0.003079,74.125.24.0-255,5738,216580,56,270262
9645,0.003081,172.31.46.0-255,66,216646,56,270262
9646,0.003085,74.125.24.0-255,1484,218130,56,270262
9647,0.003111,74.125.24.0-255,2902,221032,56,270262
9648,0.003114,172.31.46.0-255,66,221098,56,270262
9649,0.003119,74.125.24.0-255,4320,225418,56,270262
9650,0.003121,172.31.46.0-255,66,225484,56,270262
9651,0.003145,172.31.46.0-255,66,225550,56,270262
9652,0.003147,74.125.24.0-255,766,226316,56,270262
9653,0.003287,74.125.24.0-255,1484,227800,56,270262
9654,0.003289,172.31.46.0-255,66,227866,56,270262
9655,0.003292,74.125.24.0-255,1484,229350,56,270262
9656,0.003308,74.125.24.0-255,4320,233670,56,270262
9657,0.00331,172.31.46.0-255,66,233736,56,270262
9658,0.003341,172.31.46.0-255,66,233802,56,270262
9659,0.003348,74.125.24.0-255,7156,240958,56,270262
9660,0.00335,172.31.46.0-255,66,241024,56,270262
9661,0.003357,74.125.24.0-255,5738,246762,56,270262
9662,0.00336,172.31.46.0-255,66,246828,56,270262
9663,0.003379,74.125.24.0-255,7156,253984,56,270262
9664,0.003382,172.31.46.0-255,66,254050,56,270262
9665,0.003394,74.125.24.0-255,766,254816,56,270262
9666,0.003397,74.125.24.0-255,1484,256300,56,270262
9667,0.003399,172.31.46.0-255,66,256366,56,270262
9668,0.003405,74.125.24.0-255,5738,262104,56,270262
9669,0.003408,172.31.46.0-255,66,262170,56,270262
9670,0.00342,172.31.46.0-255,66,262236,56,270262
9671,0.003423,74.125.24.0-255,1484,263720,56,270262
9672,0.003462,172.31.46.0-255,66,263786,56,270262
9673,0.003475,172.31.46.0-255,66,263852,56,270262
9674,0.003523,74.125.24.0-255,4320,268172,56,270262
9675,0.003525,172.31.46.0-255,66,268238,56,270262
9676,0.003562,172.31.46.0-255,66,268304,56,270262
9677,0.003584,172.31.46.0-255,66,268370,56,270262
9678,0.003598,172.31.46.0-255,66,268436,56,270262
9679,0.003601,74.125.24.0-255,1484,269920,56,270262
9680,0.00362,172.31.46.0-255,66,269986,56,270262
9681,0.003643,74.125.24.0-255,105,270091,56,270262
9682,0.003646,74.125.24.0-255,66,270157,56,270262
9683,0.008452,172.31.46.0-255,105,270262,56,270262
9684,0.0,172.217.160.0-255,152,152,56,57626
9685,1.5e-05,172.31.46.0-255,66,218,56,57626
9686,2.3e-05,172.217.160.0-255,1484,1702,56,57626
9687,2.8e-05,172.31.46.0-255,66,1768,56,57626
9688,3.3e-05,172.217.160.0-255,2902,4670,56,57626
9689,4.4e-05,172.31.46.0-255,66,4736,56,57626
9690,5.1e-05,172.217.160.0-255,7156,11892,56,57626
9691,5.5e-05,172.31.46.0-255,66,11958,56,57626
9692,8.9e-05,172.217.160.0-255,2042,14000,56,57626
9693,9.2e-05,172.31.46.0-255,66,14066,56,57626
9694,0.000673,172.217.160.0-255,1484,15550,56,57626
9695,0.00068,172.31.46.0-255,66,15616,56,57626
9696,0.000688,172.217.160.0-255,2902,18518,56,57626
9697,0.000691,172.31.46.0-255,66,18584,56,57626
9698,0.000703,172.217.160.0-255,5738,24322,56,57626
9699,0.000705,172.31.46.0-255,66,24388,56,57626
9700,0.000747,172.31.46.0-255,66,24454,56,57626
9701,0.000759,172.31.46.0-255,66,24520,56,57626
9702,0.000804,172.31.46.0-255,66,24586,56,57626
9703,0.000807,172.217.160.0-255,334,24920,56,57626
9704,0.000809,172.31.46.0-255,66,24986,56,57626
9705,0.001363,172.217.160.0-255,124,25110,56,57626
9706,0.001371,172.31.46.0-255,66,25176,56,57626
9707,0.001498,172.217.160.0-255,1484,26660,56,57626
9708,0.001501,172.31.46.0-255,66,26726,56,57626
9709,0.001506,172.217.160.0-255,2902,29628,56,57626
9710,0.001508,172.31.46.0-255,66,29694,56,57626
9711,0.00154,172.217.160.0-255,2902,32596,56,57626
9712,0.001542,172.31.46.0-255,66,32662,56,57626
9713,0.001575,172.217.160.0-255,2902,35564,56,57626
9714,0.001578,172.31.46.0-255,66,35630,56,57626
9715,0.001591,172.31.46.0-255,66,35696,56,57626
9716,0.001609,172.31.46.0-255,66,35762,56,57626
9717,0.003542,172.217.160.0-255,4320,40082,56,57626
9718,0.003549,172.31.46.0-255,66,40148,56,57626
9719,0.003577,172.217.160.0-255,1484,41632,56,57626
9720,0.005485,172.217.160.0-255,4320,45952,56,57626
9721,0.005492,172.31.46.0-255,66,46018,56,57626
9722,0.007437,172.217.160.0-255,5738,51756,56,57626
9723,0.007446,172.31.46.0-255,66,51822,56,57626
9724,0.009385,172.217.160.0-255,5738,57560,56,57626
9725,0.0094,172.31.46.0-255,66,57626,56,57626
9726,0.0,74.125.24.0-255,298,298,56,131978
9727,1.4e-05,172.31.46.0-255,66,364,56,131978
9728,2e-05,74.125.24.0-255,1484,1848,56,131978
9729,2.4e-05,172.31.46.0-255,66,1914,56,131978
9730,3e-05,74.125.24.0-255,4320,6234,56,131978
9731,4e-05,172.31.46.0-255,66,6300,56,131978
9732,4.6e-05,74.125.24.0-255,5738,12038,56,131978
9733,4.8e-05,172.31.46.0-255,66,12104,56,131978
9734,8e-05,74.125.24.0-255,4729,16833,56,131978
9735,8.3e-05,172.31.46.0-255,66,16899,56,131978
9736,8.9e-05,74.125.24.0-255,5738,22637,56,131978
9737,9.1e-05,172.31.46.0-255,66,22703,56,131978
9738,0.000135,172.31.46.0-255,66,22769,56,131978
9739,0.000189,74.125.24.0-255,1484,24253,56,131978
9740,0.000191,172.31.46.0-255,66,24319,56,131978
9741,0.000196,74.125.24.0-255,2902,27221,56,131978
9742,0.000198,172.31.46.0-255,66,27287,56,131978
9743,0.000228,74.125.24.0-255,5738,33025,56,131978
9744,0.00023,172.31.46.0-255,66,33091,56,131978
9745,0.000234,74.125.24.0-255,2902,35993,56,131978
9746,0.000236,172.31.46.0-255,66,36059,56,131978
9747,0.000264,74.125.24.0-255,3961,40020,56,131978
9748,0.000267,172.31.46.0-255,66,40086,56,131978
9749,0.00028,172.31.46.0-255,66,40152,56,131978
9750,0.000283,74.125.24.0-255,1484,41636,56,131978
9751,0.000285,172.31.46.0-255,66,41702,56,131978
9752,0.000309,74.125.24.0-255,1464,43166,56,131978
9753,0.000311,172.31.46.0-255,66,43232,56,131978
9754,0.000374,74.125.24.0-255,1484,44716,56,131978
9755,0.000377,172.31.46.0-255,66,44782,56,131978
9756,0.000381,74.125.24.0-255,2902,47684,56,131978
9757,0.000383,172.31.46.0-255,66,47750,56,131978
9758,0.000413,74.125.24.0-255,5738,53488,56,131978
9759,0.000415,172.31.46.0-255,66,53554,56,131978
9760,0.000418,74.125.24.0-255,1484,55038,56,131978
9761,0.000455,172.31.46.0-255,66,55104,56,131978
9762,0.000465,172.31.46.0-255,66,55170,56,131978
9763,0.000471,74.125.24.0-255,1125,56295,56,131978
9764,0.001198,172.31.46.0-255,66,56361,56,131978
9765,0.001431,74.125.24.0-255,347,56708,56,131978
9766,0.001462,74.125.24.0-255,1484,58192,56,131978
9767,0.001466,172.31.46.0-255,66,58258,56,131978
9768,0.001493,74.125.24.0-255,4320,62578,56,131978
9769,0.001496,172.31.46.0-255,66,62644,56,131978
9770,0.00152,74.125.24.0-255,1484,64128,56,131978
9771,0.001532,74.125.24.0-255,2902,67030,56,131978
9772,0.001534,172.31.46.0-255,66,67096,56,131978
9773,0.00154,74.125.24.0-255,4320,71416,56,131978
9774,0.001542,172.31.46.0-255,66,71482,56,131978
9775,0.00157,74.125.24.0-255,1484,72966,56,131978
9776,0.001577,74.125.24.0-255,7156,80122,56,131978
9777,0.001579,172.31.46.0-255,66,80188,56,131978
9778,0.001606,74.125.24.0-255,4320,84508,56,131978
9779,0.001609,172.31.46.0-255,66,84574,56,131978
9780,0.001636,74.125.24.0-255,6438,91012,56,131978
9781,0.001638,172.31.46.0-255,66,91078,56,131978
9782,0.002179,74.125.24.0-255,1484,92562,56,131978
9783,0.002187,74.125.24.0-255,2902,95464,56,131978
9784,0.002191,172.31.46.0-255,66,95530,56,131978
9785,0.002223,74.125.24.0-255,4320,99850,56,131978
9786,0.002226,172.31.46.0-255,66,99916,56,131978
9787,0.002246,74.125.24.0-255,1484,101400,56,131978
9788,0.002258,172.31.46.0-255,66,101466,56,131978
9789,0.002298,172.31.46.0-255,66,101532,56,131978
9790,0.002309,172.31.46.0-255,66,101598,56,131978
9791,0.00233,74.125.24.0-255,1484,103082,56,131978
9792,0.002355,172.31.46.0-255,66,103148,56,131978
9793,0.002392,172.31.46.0-255,66,103214,56,131978
9794,0.002412,172.31.46.0-255,66,103280,56,131978
9795,0.002424,172.31.46.0-255,66,103346,56,131978
9796,0.002456,172.31.46.0-255,66,103412,56,131978
9797,0.002483,74.125.24.0-255,7156,110568,56,131978
9798,0.002486,172.31.46.0-255,66,110634,56,131978
9799,0.002515,172.31.46.0-255,66,110700,56,131978
9800,0.002556,172.31.46.0-255,66,110766,56,131978
9801,0.002568,172.31.46.0-255,66,110832,56,131978
9802,0.00259,74.125.24.0-255,2184,113016,56,131978
9803,0.002593,172.31.46.0-255,66,113082,56,131978
9804,0.0026,74.125.24.0-255,7156,120238,56,131978
9805,0.002601,172.31.46.0-255,66,120304,56,131978
9806,0.002633,172.31.46.0-255,66,120370,56,131978
9807,0.00525,74.125.24.0-255,5738,126108,56,131978
9808,0.005258,172.31.46.0-255,66,126174,56,131978
9809,0.007802,74.125.24.0-255,5738,131912,56,131978
9810,0.007809,172.31.46.0-255,66,131978,56,131978
9811,0.0,74.125.24.0-255,146,146,56,201855
9812,1.6e-05,172.31.46.0-255,66,212,56,201855
9813,2.3e-05,74.125.24.0-255,1484,1696,56,201855
9814,2.7e-05,172.31.46.0-255,66,1762,56,201855
9815,3.3e-05,74.125.24.0-255,2902,4664,56,201855
9816,3.6e-05,172.31.46.0-255,66,4730,56,201855
9817,5.4e-05,74.125.24.0-255,7156,11886,56,201855
9818,5.7e-05,172.31.46.0-255,66,11952,56,201855
9819,6.1e-05,74.125.24.0-255,2009,13961,56,201855
9820,6.4e-05,172.31.46.0-255,66,14027,56,201855
9821,0.000115,74.125.24.0-255,7156,21183,56,201855
9822,0.000119,172.31.46.0-255,66,21249,56,201855
9823,0.000146,74.125.24.0-255,4320,25569,56,201855
9824,0.000149,172.31.46.0-255,66,25635,56,201855
9825,0.000178,74.125.24.0-255,5379,31014,56,201855
9826,0.000181,172.31.46.0-255,66,31080,56,201855
9827,0.000251,74.125.24.0-255,1484,32564,56,201855
9828,0.000255,172.31.46.0-255,66,32630,56,201855
9829,0.00026,74.125.24.0-255,2902,35532,56,201855
9830,0.000262,172.31.46.0-255,66,35598,56,201855
9831,0.000293,74.125.24.0-255,5738,41336,56,201855
9832,0.000296,172.31.46.0-255,66,41402,56,201855
9833,0.000303,74.125.24.0-255,5738,47140,56,201855
9834,0.000305,172.31.46.0-255,66,47206,56,201855
9835,0.000344,172.31.46.0-255,66,47272,56,201855
9836,0.000351,74.125.24.0-255,7156,54428,56,201855
9837,0.000354,172.31.46.0-255,66,54494,56,201855
9838,0.000381,74.125.24.0-255,2879,57373,56,201855
9839,0.000383,172.31.46.0-255,66,57439,56,201855
9840,0.000402,74.125.24.0-255,374,57813,56,201855
9841,0.000404,172.31.46.0-255,66,57879,56,201855
9842,0.000692,74.125.24.0-255,1484,59363,56,201855
9843,0.000697,172.31.46.0-255,66,59429,56,201855
9844,0.000703,74.125.24.0-255,2902,62331,56,201855
9845,0.000717,74.125.24.0-255,2902,65233,56,201855
9846,0.000723,172.31.46.0-255,66,65299,56,201855
9847,0.000733,74.125.24.0-255,2902,68201,56,201855
9848,0.000744,74.125.24.0-255,7156,75357,56,201855
9849,0.000763,74.125.24.0-255,5738,81095,56,201855
9850,0.000785,74.125.24.0-255,2184,83279,56,201855
9851,0.000794,172.31.46.0-255,66,83345,56,201855
9852,0.001014,74.125.24.0-255,1484,84829,56,201855
9853,0.001022,74.125.24.0-255,2902,87731,56,201855
9854,0.001025,172.31.46.0-255,66,87797,56,201855
9855,0.001029,74.125.24.0-255,1484,89281,56,201855
9856,0.001055,74.125.24.0-255,4320,93601,56,201855
9857,0.001084,74.125.24.0-255,2902,96503,56,201855
9858,0.001111,172.31.46.0-255,66,96569,56,201855
9859,0.001431,74.125.24.0-255,1484,98053,56,201855
9860,0.001446,74.125.24.0-255,2902,100955,56,201855
9861,0.001449,172.31.46.0-255,66,101021,56,201855
9862,0.001454,74.125.24.0-255,1484,102505,56,201855
9863,0.001479,74.125.24.0-255,4320,106825,56,201855
9864,0.001517,74.125.24.0-255,5738,112563,56,201855
9865,0.001532,74.125.24.0-255,7156,119719,56,201855
9866,0.001539,74.125.24.0-255,5738,125457,56,201855
9867,0.001545,74.125.24.0-255,5020,130477,56,201855
9868,0.001569,172.31.46.0-255,66,130543,56,201855
9869,0.001596,74.125.24.0-255,5738,136281,56,201855
9870,0.001605,172.31.46.0-255,66,136347,56,201855
9871,0.001616,74.125.24.0-255,7156,143503,56,201855
9872,0.001627,172.31.46.0-255,66,143569,56,201855
9873,0.001677,74.125.24.0-255,6438,150007,56,201855
9874,0.001683,172.31.46.0-255,66,150073,56,201855
9875,0.001712,74.125.24.0-255,1484,151557,56,201855
9876,0.001717,74.125.24.0-255,2902,154459,56,201855
9877,0.001722,172.31.46.0-255,66,154525,56,201855
9878,0.001745,74.125.24.0-255,5738,160263,56,201855
9879,0.00175,74.125.24.0-255,2902,163165,56,201855
9880,0.001762,172.31.46.0-255,66,163231,56,201855
9881,0.001803,74.125.24.0-255,5738,168969,56,201855
9882,0.001809,172.31.46.0-255,66,169035,56,201855
9883,0.001821,74.125.24.0-255,6438,175473,56,201855
9884,0.001846,74.125.24.0-255,1484,176957,56,201855
9885,0.001855,172.31.46.0-255,66,177023,56,201855
9886,0.0019,172.31.46.0-255,66,177089,56,201855
9887,0.002041,74.125.24.0-255,1484,178573,56,201855
9888,0.002046,74.125.24.0-255,2902,181475,56,201855
9889,0.00205,74.125.24.0-255,2902,184377,56,201855
9890,0.002065,74.125.24.0-255,2902,187279,56,201855
9891,0.002068,74.125.24.0-255,2902,190181,56,201855
9892,0.002072,172.31.46.0-255,66,190247,56,201855
9893,0.004121,74.125.24.0-255,5738,195985,56,201855
9894,0.004129,172.31.46.0-255,66,196051,56,201855
9895,0.006159,74.125.24.0-255,2902,198953,56,201855
9896,0.006174,74.125.24.0-255,2902,201855,56,201855
9897,0.0,74.125.24.0-255,151,151,56,165205
9898,1.5e-05,172.31.46.0-255,66,217,56,165205
9899,2.1e-05,74.125.24.0-255,1484,1701,56,165205
9900,2.5e-05,172.31.46.0-255,66,1767,56,165205
9901,3e-05,74.125.24.0-255,2902,4669,56,165205
9902,3.2e-05,172.31.46.0-255,66,4735,56,165205
9903,3.8e-05,74.125.24.0-255,5738,10473,56,165205
9904,4.8e-05,172.31.46.0-255,66,10539,56,165205
9905,6.5e-05,74.125.24.0-255,1484,12023,56,165205
9906,7.1e-05,172.31.46.0-255,66,12089,56,165205
9907,7.6e-05,74.125.24.0-255,2101,14190,56,165205
9908,7.8e-05,172.31.46.0-255,66,14256,56,165205
9909,8.1e-05,74.125.24.0-255,1484,15740,56,165205
9910,8.3e-05,172.31.46.0-255,66,15806,56,165205
9911,0.000111,74.125.24.0-255,1484,17290,56,165205
9912,0.000113,172.31.46.0-255,66,17356,56,165205
9913,0.000124,74.125.24.0-255,7156,24512,56,165205
9914,0.000126,172.31.46.0-255,66,24578,56,165205
9915,0.00016,74.125.24.0-255,5738,30316,56,165205
9916,0.000162,172.31.46.0-255,66,30382,56,165205
9917,0.000165,74.125.24.0-255,1125,31507,56,165205
9918,0.000167,172.31.46.0-255,66,31573,56,165205
9919,0.000193,74.125.24.0-255,1484,33057,56,165205
9920,0.000195,172.31.46.0-255,66,33123,56,165205
9921,0.000211,74.125.24.0-255,1484,34607,56,165205
9922,0.000213,172.31.46.0-255,66,34673,56,165205
9923,0.000243,74.125.24.0-255,2902,37575,56,165205
9924,0.000245,172.31.46.0-255,66,37641,56,165205
9925,0.000251,74.125.24.0-255,7156,44797,56,165205
9926,0.000253,172.31.46.0-255,66,44863,56,165205
9927,0.000284,172.31.46.0-255,66,44929,56,165205
9928,0.000314,74.125.24.0-255,3961,48890,56,165205
9929,0.000316,172.31.46.0-255,66,48956,56,165205
9930,0.000321,74.125.24.0-255,3961,52917,56,165205
9931,0.000323,172.31.46.0-255,66,52983,56,165205
9932,0.000472,74.125.24.0-255,645,53628,56,165205
9933,0.000567,74.125.24.0-255,1484,55112,56,165205
9934,0.00057,172.31.46.0-255,66,55178,56,165205
9935,0.000576,74.125.24.0-255,2902,58080,56,165205
9936,0.000578,172.31.46.0-255,66,58146,56,165205
9937,0.000581,74.125.24.0-255,1484,59630,56,165205
9938,0.000609,74.125.24.0-255,4320,63950,56,165205
9939,0.000612,172.31.46.0-255,66,64016,56,165205
9940,0.000615,74.125.24.0-255,1484,65500,56,165205
9941,0.000649,172.31.46.0-255,66,65566,56,165205
9942,0.000658,172.31.46.0-255,66,65632,56,165205
9943,0.000716,74.125.24.0-255,1125,66757,56,165205
9944,0.001068,74.125.24.0-255,1484,68241,56,165205
9945,0.001072,74.125.24.0-255,2902,71143,56,165205
9946,0.001078,172.31.46.0-255,66,71209,56,165205
9947,0.001081,172.31.46.0-255,66,71275,56,165205
9948,0.001093,74.125.24.0-255,5738,77013,56,165205
9949,0.001095,172.31.46.0-255,66,77079,56,165205
9950,0.001148,74.125.24.0-255,6249,83328,56,165205
9951,0.001151,172.31.46.0-255,66,83394,56,165205
9952,0.001619,74.125.24.0-255,1484,84878,56,165205
9953,0.001628,74.125.24.0-255,2902,87780,56,165205
9954,0.001631,172.31.46.0-255,66,87846,56,165205
9955,0.001635,74.125.24.0-255,1484,89330,56,165205
9956,0.001667,74.125.24.0-255,4320,93650,56,165205
9957,0.00167,172.31.46.0-255,66,93716,56,165205
9958,0.001676,74.125.24.0-255,5738,99454,56,165205
9959,0.001677,172.31.46.0-255,66,99520,56,165205
9960,0.001688,172.31.46.0-255,66,99586,56,165205
9961,0.001723,74.125.24.0-255,2902,102488,56,165205
9962,0.001726,172.31.46.0-255,66,102554,56,165205
9963,0.001732,74.125.24.0-255,5020,107574,56,165205
9964,0.001733,172.31.46.0-255,66,107640,56,165205
9965,0.001738,74.125.24.0-255,4320,111960,56,165205
9966,0.00174,172.31.46.0-255,66,112026,56,165205
9967,0.001771,74.125.24.0-255,1484,113510,56,165205
9968,0.001779,74.125.24.0-255,7156,120666,56,165205
9969,0.001781,172.31.46.0-255,66,120732,56,165205
9970,0.001793,172.31.46.0-255,66,120798,56,165205
9971,0.001819,74.125.24.0-255,2902,123700,56,165205
9972,0.001822,172.31.46.0-255,66,123766,56,165205
9973,0.001835,172.31.46.0-255,66,123832,56,165205
9974,0.001838,74.125.24.0-255,1484,125316,56,165205
9975,0.001872,172.31.46.0-255,66,125382,56,165205
9976,0.001883,172.31.46.0-255,66,125448,56,165205
9977,0.001907,74.125.24.0-255,1484,126932,56,165205
9978,0.001933,172.31.46.0-255,66,126998,56,165205
9979,0.001944,172.31.46.0-255,66,127064,56,165205
9980,0.001997,172.31.46.0-255,66,127130,56,165205
9981,0.002045,172.31.46.0-255,66,127196,56,165205
9982,0.002067,172.31.46.0-255,66,127262,56,165205
9983,0.002074,74.125.24.0-255,6438,133700,56,165205
9984,0.002076,172.31.46.0-255,66,133766,56,165205
9985,0.002108,74.125.24.0-255,4320,138086,56,165205
9986,0.00211,172.31.46.0-255,66,138152,56,165205
9987,0.002164,172.31.46.0-255,66,138218,56,165205
9988,0.002167,74.125.24.0-255,766,138984,56,165205
9989,0.00217,74.125.24.0-255,1484,140468,56,165205
9990,0.002171,172.31.46.0-255,66,140534,56,165205
9991,0.00218,74.125.24.0-255,4320,144854,56,165205
9992,0.002183,172.31.46.0-255,66,144920,56,165205
9993,0.002193,172.31.46.0-255,66,144986,56,165205
9994,0.002197,74.125.24.0-255,2543,147529,56,165205
9995,0.002199,172.31.46.0-255,66,147595,56,165205
9996,0.002247,172.31.46.0-255,66,147661,56,165205
9997,0.002263,172.31.46.0-255,66,147727,56,165205
9998,0.002304,74.125.24.0-255,1484,149211,56,165205
9999,0.00451,74.125.24.0-255,4320,153531,56,165205
10000,0.004518,172.31.46.0-255,66,153597,56,165205
10001,0.006763,74.125.24.0-255,5738,159335,56,165205
10002,0.006767,172.31.46.0-255,66,159401,56,165205
10003,0.009012,74.125.24.0-255,5738,165139,56,165205
10004,0.009019,172.31.46.0-255,66,165205,56,165205
10005,0.0,74.125.130.0-255,291,291,56,180589
10006,2.2e-05,172.31.46.0-255,66,357,56,180589
10007,2.9e-05,74.125.130.0-255,1484,1841,56,180589
10008,3.4e-05,172.31.46.0-255,66,1907,56,180589
10009,3.9e-05,74.125.130.0-255,2902,4809,56,180589
10010,4.2e-05,172.31.46.0-255,66,4875,56,180589
10011,4.8e-05,74.125.130.0-255,5738,10613,56,180589
10012,5.2e-05,172.31.46.0-255,66,10679,56,180589
10013,9.6e-05,74.125.130.0-255,4616,15295,56,180589
10014,9.8e-05,172.31.46.0-255,66,15361,56,180589
10015,0.000105,74.125.130.0-255,5738,21099,56,180589
10016,0.000107,172.31.46.0-255,66,21165,56,180589
10017,0.000148,172.31.46.0-255,66,21231,56,180589
10018,0.000234,74.125.130.0-255,1484,22715,56,180589
10019,0.000237,172.31.46.0-255,66,22781,56,180589
10020,0.000255,74.125.130.0-255,2902,25683,56,180589
10021,0.000258,172.31.46.0-255,66,25749,56,180589
10022,0.000261,74.125.130.0-255,1484,27233,56,180589
10023,0.000262,172.31.46.0-255,66,27299,56,180589
10024,0.000283,74.125.130.0-255,2902,30201,56,180589
10025,0.000285,172.31.46.0-255,66,30267,56,180589
10026,0.00029,74.125.130.0-255,2902,33169,56,180589
10027,0.000292,172.31.46.0-255,66,33235,56,180589
10028,0.000311,74.125.130.0-255,2902,36137,56,180589
10029,0.000313,172.31.46.0-255,66,36203,56,180589
10030,0.000326,74.125.130.0-255,2543,38746,56,180589
10031,0.000329,172.31.46.0-255,66,38812,56,180589
10032,0.000606,74.125.130.0-255,1484,40296,56,180589
10033,0.000611,172.31.46.0-255,66,40362,56,180589
10034,0.000615,74.125.130.0-255,1484,41846,56,180589
10035,0.000617,172.31.46.0-255,66,41912,56,180589
10036,0.000632,74.125.130.0-255,1484,43396,56,180589
10037,0.000639,74.125.130.0-255,4320,47716,56,180589
10038,0.000641,172.31.46.0-255,66,47782,56,180589
10039,0.00068,74.125.130.0-255,5738,53520,56,180589
10040,0.000684,172.31.46.0-255,66,53586,56,180589
10041,0.000703,74.125.130.0-255,2543,56129,56,180589
10042,0.000706,172.31.46.0-255,66,56195,56,180589
10043,0.000797,74.125.130.0-255,1484,57679,56,180589
10044,0.000816,74.125.130.0-255,2902,60581,56,180589
10045,0.000819,172.31.46.0-255,66,60647,56,180589
10046,0.000824,74.125.130.0-255,2902,63549,56,180589
10047,0.000826,172.31.46.0-255,66,63615,56,180589
10048,0.00084,74.125.130.0-255,2902,66517,56,180589
10049,0.000842,172.31.46.0-255,66,66583,56,180589
10050,0.00085,74.125.130.0-255,6797,73380,56,180589
10051,0.000853,172.31.46.0-255,66,73446,56,180589
10052,0.000875,74.125.130.0-255,1484,74930,56,180589
10053,0.000894,74.125.130.0-255,7156,82086,56,180589
10054,0.000899,172.31.46.0-255,66,82152,56,180589
10055,0.000907,74.125.130.0-255,1484,83636,56,180589
10056,0.000935,74.125.130.0-255,5738,89374,56,180589
10057,0.000938,172.31.46.0-255,66,89440,56,180589
10058,0.000949,74.125.130.0-255,1705,91145,56,180589
10059,0.000951,172.31.46.0-255,66,91211,56,180589
10060,0.00105,74.125.130.0-255,1484,92695,56,180589
10061,0.001071,74.125.130.0-255,2902,95597,56,180589
10062,0.001075,172.31.46.0-255,66,95663,56,180589
10063,0.001079,74.125.130.0-255,1484,97147,56,180589
10064,0.001096,74.125.130.0-255,2902,100049,56,180589
10065,0.001098,172.31.46.0-255,66,100115,56,180589
10066,0.001136,74.125.130.0-255,5738,105853,56,180589
10067,0.001139,172.31.46.0-255,66,105919,56,180589
10068,0.001156,74.125.130.0-255,1980,107899,56,180589
10069,0.001158,172.31.46.0-255,66,107965,56,180589
10070,0.001288,74.125.130.0-255,1484,109449,56,180589
10071,0.001293,74.125.130.0-255,2902,112351,56,180589
10072,0.001296,172.31.46.0-255,66,112417,56,180589
10073,0.001319,74.125.130.0-255,4320,116737,56,180589
10074,0.001321,172.31.46.0-255,66,116803,56,180589
10075,0.001339,74.125.130.0-255,1484,118287,56,180589
10076,0.001347,74.125.130.0-255,7156,125443,56,180589
10077,0.001349,172.31.46.0-255,66,125509,56,180589
10078,0.001371,74.125.130.0-255,1484,126993,56,180589
10079,0.001385,74.125.130.0-255,5020,132013,56,180589
10080,0.001394,172.31.46.0-255,66,132079,56,180589
10081,0.001397,172.31.46.0-255,66,132145,56,180589
10082,0.001898,74.125.130.0-255,1484,133629,56,180589
10083,0.001904,74.125.130.0-255,1484,135113,56,180589
10084,0.001908,172.31.46.0-255,66,135179,56,180589
10085,0.001928,74.125.130.0-255,1484,136663,56,180589
10086,0.001953,74.125.130.0-255,5738,142401,56,180589
10087,0.001956,172.31.46.0-255,66,142467,56,180589
10088,0.001961,74.125.130.0-255,2902,145369,56,180589
10089,0.001963,172.31.46.0-255,66,145435,56,180589
10090,0.001988,74.125.130.0-255,4320,149755,56,180589
10091,0.00199,172.31.46.0-255,66,149821,56,180589
10092,0.001996,74.125.130.0-255,4320,154141,56,180589
10093,0.001998,172.31.46.0-255,66,154207,56,180589
10094,0.002013,74.125.130.0-255,4320,158527,56,180589
10095,0.002015,172.31.46.0-255,66,158593,56,180589
10096,0.002055,172.31.46.0-255,66,158659,56,180589
10097,0.00221,74.125.130.0-255,1484,160143,56,180589
10098,0.002216,74.125.130.0-255,2902,163045,56,180589
10099,0.002218,172.31.46.0-255,66,163111,56,180589
10100,0.004282,74.125.130.0-255,1484,164595,56,180589
10101,0.004414,74.125.130.0-255,4320,168915,56,180589
10102,0.004424,172.31.46.0-255,66,168981,56,180589
10103,0.006643,74.125.130.0-255,5738,174719,56,180589
10104,0.006651,172.31.46.0-255,66,174785,56,180589
10105,0.008915,74.125.130.0-255,5738,180523,56,180589
10106,0.008928,172.31.46.0-255,66,180589,56,180589
10107,0.0,172.217.194.0-255,153,153,56,114552
10108,1.6e-05,172.31.46.0-255,66,219,56,114552
10109,2.2e-05,172.217.194.0-255,1484,1703,56,114552
10110,2.7e-05,172.31.46.0-255,66,1769,56,114552
10111,4e-05,172.217.194.0-255,2902,4671,56,114552
10112,4.3e-05,172.31.46.0-255,66,4737,56,114552
10113,5.1e-05,172.217.194.0-255,7156,11893,56,114552
10114,5.4e-05,172.31.46.0-255,66,11959,56,114552
10115,5.8e-05,172.217.194.0-255,2139,14098,56,114552
10116,6.1e-05,172.31.46.0-255,66,14164,56,114552
10117,0.000396,172.217.194.0-255,1484,15648,56,114552
10118,0.000402,172.31.46.0-255,66,15714,56,114552
10119,0.000408,172.217.194.0-255,2902,18616,56,114552
10120,0.000411,172.31.46.0-255,66,18682,56,114552
10121,0.000423,172.217.194.0-255,5738,24420,56,114552
10122,0.000425,172.31.46.0-255,66,24486,56,114552
10123,0.000459,172.217.194.0-255,2902,27388,56,114552
10124,0.000462,172.31.46.0-255,66,27454,56,114552
10125,0.000504,172.217.194.0-255,3961,31415,56,114552
10126,0.000507,172.31.46.0-255,66,31481,56,114552
10127,0.00064,172.217.194.0-255,1484,32965,56,114552
10128,0.000644,172.31.46.0-255,66,33031,56,114552
10129,0.00065,172.217.194.0-255,2902,35933,56,114552
10130,0.000652,172.31.46.0-255,66,35999,56,114552
10131,0.000655,172.217.194.0-255,1484,37483,56,114552
10132,0.000661,172.31.46.0-255,66,37549,56,114552
10133,0.000692,172.217.194.0-255,4320,41869,56,114552
10134,0.000695,172.31.46.0-255,66,41935,56,114552
10135,0.000706,172.217.194.0-255,5738,47673,56,114552
10136,0.000708,172.31.46.0-255,66,47739,56,114552
10137,0.000729,172.217.194.0-255,1125,48864,56,114552
10138,0.000736,172.31.46.0-255,66,48930,56,114552
10139,0.001819,172.217.194.0-255,1484,50414,56,114552
10140,0.00183,172.217.194.0-255,2902,53316,56,114552
10141,0.001835,172.31.46.0-255,66,53382,56,114552
10142,0.001839,172.217.194.0-255,1484,54866,56,114552
10143,0.001868,172.217.194.0-255,4320,59186,56,114552
10144,0.001871,172.31.46.0-255,66,59252,56,114552
10145,0.001876,172.217.194.0-255,4320,63572,56,114552
10146,0.001878,172.31.46.0-255,66,63638,56,114552
10147,0.001908,172.217.194.0-255,2543,66181,56,114552
10148,0.00191,172.31.46.0-255,66,66247,56,114552
10149,0.001918,172.217.194.0-255,7156,73403,56,114552
10150,0.001919,172.31.46.0-255,66,73469,56,114552
10151,0.001957,172.31.46.0-255,66,73535,56,114552
10152,0.001988,172.217.194.0-255,4320,77855,56,114552
10153,0.00199,172.31.46.0-255,66,77921,56,114552
10154,0.002007,172.31.46.0-255,66,77987,56,114552
10155,0.002028,172.217.194.0-255,645,78632,56,114552
10156,0.002044,172.217.194.0-255,1484,80116,56,114552
10157,0.002046,172.31.46.0-255,66,80182,56,114552
10158,0.002073,172.217.194.0-255,4320,84502,56,114552
10159,0.002075,172.31.46.0-255,66,84568,56,114552
10160,0.002081,172.217.194.0-255,4320,88888,56,114552
10161,0.002083,172.31.46.0-255,66,88954,56,114552
10162,0.002115,172.217.194.0-255,1484,90438,56,114552
10163,0.002123,172.217.194.0-255,7156,97594,56,114552
10164,0.002125,172.31.46.0-255,66,97660,56,114552
10165,0.002145,172.31.46.0-255,66,97726,56,114552
10166,0.002148,172.217.194.0-255,766,98492,56,114552
10167,0.004535,172.217.194.0-255,4320,102812,56,114552
10168,0.00454,172.31.46.0-255,66,102878,56,114552
10169,0.006943,172.217.194.0-255,1484,104362,56,114552
10170,0.006963,172.217.194.0-255,4320,108682,56,114552
10171,0.006968,172.31.46.0-255,66,108748,56,114552
10172,0.009363,172.217.194.0-255,5738,114486,56,114552
10173,0.009371,172.31.46.0-255,66,114552,56,114552
10174,0.0,172.217.194.0-255,146,146,56,98023
10175,2.3e-05,172.31.46.0-255,66,212,56,98023
10176,3e-05,172.217.194.0-255,1484,1696,56,98023
10177,3.6e-05,172.31.46.0-255,66,1762,56,98023
10178,4.9e-05,172.217.194.0-255,2902,4664,56,98023
10179,5.3e-05,172.31.46.0-255,66,4730,56,98023
10180,6e-05,172.217.194.0-255,5738,10468,56,98023
10181,6.3e-05,172.31.46.0-255,66,10534,56,98023
10182,7.6e-05,172.31.46.0-255,66,10600,56,98023
10183,0.000119,172.217.194.0-255,2122,12722,56,98023
10184,0.000122,172.31.46.0-255,66,12788,56,98023
10185,0.000144,172.31.46.0-255,66,12854,56,98023
10186,0.000158,172.31.46.0-255,66,12920,56,98023
10187,0.000209,172.31.46.0-255,66,12986,56,98023
10188,0.000236,172.217.194.0-255,2543,15529,56,98023
10189,0.000239,172.31.46.0-255,66,15595,56,98023
10190,0.000905,172.217.194.0-255,646,16241,56,98023
10191,0.000911,172.31.46.0-255,66,16307,56,98023
10192,0.001102,172.217.194.0-255,1484,17791,56,98023
10193,0.001107,172.31.46.0-255,66,17857,56,98023
10194,0.001116,172.217.194.0-255,2902,20759,56,98023
10195,0.001118,172.31.46.0-255,66,20825,56,98023
10196,0.00113,172.217.194.0-255,5738,26563,56,98023
10197,0.001132,172.31.46.0-255,66,26629,56,98023
10198,0.00118,172.217.194.0-255,6248,32877,56,98023
10199,0.001183,172.31.46.0-255,66,32943,56,98023
10200,0.001292,172.217.194.0-255,1484,34427,56,98023
10201,0.001296,172.31.46.0-255,66,34493,56,98023
10202,0.001302,172.217.194.0-255,2902,37395,56,98023
10203,0.001304,172.31.46.0-255,66,37461,56,98023
10204,0.001336,172.217.194.0-255,5738,43199,56,98023
10205,0.001338,172.31.46.0-255,66,43265,56,98023
10206,0.00137,172.217.194.0-255,6797,50062,56,98023
10207,0.001373,172.31.46.0-255,66,50128,56,98023
10208,0.001466,172.217.194.0-255,1484,51612,56,98023
10209,0.00147,172.31.46.0-255,66,51678,56,98023
10210,0.001476,172.217.194.0-255,2902,54580,56,98023
10211,0.001478,172.31.46.0-255,66,54646,56,98023
10212,0.001489,172.217.194.0-255,5738,60384,56,98023
10213,0.001492,172.31.46.0-255,66,60450,56,98023
10214,0.001543,172.31.46.0-255,66,60516,56,98023
10215,0.001547,172.217.194.0-255,1484,62000,56,98023
10216,0.001549,172.31.46.0-255,66,62066,56,98023
10217,0.001587,172.31.46.0-255,66,62132,56,98023
10218,0.001606,172.31.46.0-255,66,62198,56,98023
10219,0.001651,172.31.46.0-255,66,62264,56,98023
10220,0.00169,172.217.194.0-255,2902,65166,56,98023
10221,0.001694,172.31.46.0-255,66,65232,56,98023
10222,0.001732,172.31.46.0-255,66,65298,56,98023
10223,0.001771,172.31.46.0-255,66,65364,56,98023
10224,0.001811,172.217.194.0-255,3602,68966,56,98023
10225,0.001815,172.31.46.0-255,66,69032,56,98023
10226,0.002119,172.217.194.0-255,1484,70516,56,98023
10227,0.002126,172.31.46.0-255,66,70582,56,98023
10228,0.002133,172.217.194.0-255,2902,73484,56,98023
10229,0.002146,172.217.194.0-255,5738,79222,56,98023
10230,0.002169,172.217.194.0-255,2902,82124,56,98023
10231,0.002191,172.217.194.0-255,3961,86085,56,98023
10232,0.00473,172.31.46.0-255,66,86151,56,98023
10233,0.007116,172.217.194.0-255,2902,89053,56,98023
10234,0.007124,172.31.46.0-255,66,89119,56,98023
10235,0.007143,172.217.194.0-255,2902,92021,56,98023
10236,0.007146,172.31.46.0-255,66,92087,56,98023
10237,0.009449,172.217.194.0-255,2902,94989,56,98023
10238,0.009457,172.31.46.0-255,66,95055,56,98023
10239,0.009488,172.217.194.0-255,2902,97957,56,98023
10240,0.009491,172.31.46.0-255,66,98023,56,98023
10241,0.0,74.125.200.0-255,150,150,56,222925
10242,1.6e-05,172.31.46.0-255,66,216,56,222925
10243,2.4e-05,74.125.200.0-255,1484,1700,56,222925
10244,2.8e-05,172.31.46.0-255,66,1766,56,222925
10245,3.3e-05,74.125.200.0-255,2902,4668,56,222925
10246,3.6e-05,172.31.46.0-255,66,4734,56,222925
10247,4.1e-05,74.125.200.0-255,2902,7636,56,222925
10248,4.4e-05,172.31.46.0-255,66,7702,56,222925
10249,6.8e-05,74.125.200.0-255,2902,10604,56,222925
10250,7e-05,172.31.46.0-255,66,10670,56,222925
10251,7.5e-05,74.125.200.0-255,3538,14208,56,222925
10252,7.7e-05,172.31.46.0-255,66,14274,56,222925
10253,0.000104,74.125.200.0-255,4320,18594,56,222925
10254,0.000106,172.31.46.0-255,66,18660,56,222925
10255,0.000133,172.31.46.0-255,66,18726,56,222925
10256,0.000136,74.125.200.0-255,1484,20210,56,222925
10257,0.000137,172.31.46.0-255,66,20276,56,222925
10258,0.000166,172.31.46.0-255,66,20342,56,222925
10259,0.000175,172.31.46.0-255,66,20408,56,222925
10260,0.000222,74.125.200.0-255,1484,21892,56,222925
10261,0.000225,172.31.46.0-255,66,21958,56,222925
10262,0.00024,74.125.200.0-255,2902,24860,56,222925
10263,0.000242,172.31.46.0-255,66,24926,56,222925
10264,0.000261,74.125.200.0-255,1484,26410,56,222925
10265,0.000263,172.31.46.0-255,66,26476,56,222925
10266,0.000284,74.125.200.0-255,4320,30796,56,222925
10267,0.000287,172.31.46.0-255,66,30862,56,222925
10268,0.000291,74.125.200.0-255,2902,33764,56,222925
10269,0.000293,172.31.46.0-255,66,33830,56,222925
10270,0.00031,74.125.200.0-255,4269,38099,56,222925
10271,0.000312,172.31.46.0-255,66,38165,56,222925
10272,0.000324,74.125.200.0-255,111,38276,56,222925
10273,0.000355,74.125.200.0-255,333,38609,56,222925
10274,0.000594,74.125.200.0-255,1484,40093,56,222925
10275,0.000599,172.31.46.0-255,66,40159,56,222925
10276,0.000617,74.125.200.0-255,2902,43061,56,222925
10277,0.000619,172.31.46.0-255,66,43127,56,222925
10278,0.000656,74.125.200.0-255,1484,44611,56,222925
10279,0.00066,74.125.200.0-255,2902,47513,56,222925
10280,0.000662,172.31.46.0-255,66,47579,56,222925
10281,0.000668,74.125.200.0-255,5738,53317,56,222925
10282,0.00067,172.31.46.0-255,66,53383,56,222925
10283,0.000672,74.125.200.0-255,1484,54867,56,222925
10284,0.000701,74.125.200.0-255,1484,56351,56,222925
10285,0.000704,172.31.46.0-255,66,56417,56,222925
10286,0.000716,74.125.200.0-255,7156,63573,56,222925
10287,0.000719,172.31.46.0-255,66,63639,56,222925
10288,0.00074,74.125.200.0-255,5738,69377,56,222925
10289,0.000742,172.31.46.0-255,66,69443,56,222925
10290,0.000777,74.125.200.0-255,3602,73045,56,222925
10291,0.00078,172.31.46.0-255,66,73111,56,222925
10292,0.000882,74.125.200.0-255,1484,74595,56,222925
10293,0.000902,74.125.200.0-255,2902,77497,56,222925
10294,0.000905,172.31.46.0-255,66,77563,56,222925
10295,0.000916,74.125.200.0-255,1484,79047,56,222925
10296,0.000935,74.125.200.0-255,4320,83367,56,222925
10297,0.000937,172.31.46.0-255,66,83433,56,222925
10298,0.000953,74.125.200.0-255,4320,87753,56,222925
10299,0.000955,172.31.46.0-255,66,87819,56,222925
10300,0.000976,74.125.200.0-255,2902,90721,56,222925
10301,0.000978,172.31.46.0-255,66,90787,56,222925
10302,0.000999,74.125.200.0-255,5738,96525,56,222925
10303,0.001001,172.31.46.0-255,66,96591,56,222925
10304,0.001006,74.125.200.0-255,4320,100911,56,222925
10305,0.001009,172.31.46.0-255,66,100977,56,222925
10306,0.001027,74.125.200.0-255,2902,103879,56,222925
10307,0.001029,172.31.46.0-255,66,103945,56,222925
10308,0.001034,74.125.200.0-255,3602,107547,56,222925
10309,0.001036,172.31.46.0-255,66,107613,56,222925
10310,0.001069,74.125.200.0-255,4320,111933,56,222925
10311,0.001072,172.31.46.0-255,66,111999,56,222925
10312,0.001075,74.125.200.0-255,1484,113483,56,222925
10313,0.001101,74.125.200.0-255,5738,119221,56,222925
10314,0.001108,172.31.46.0-255,66,119287,56,222925
10315,0.001111,74.125.200.0-255,1484,120771,56,222925
10316,0.001139,74.125.200.0-255,2902,123673,56,222925
10317,0.001142,172.31.46.0-255,66,123739,56,222925
10318,0.001171,172.31.46.0-255,66,123805,56,222925
10319,0.001185,74.125.200.0-255,4320,128125,56,222925
10320,0.001187,172.31.46.0-255,66,128191,56,222925
10321,0.001198,74.125.200.0-255,766,128957,56,222925
10322,0.001419,74.125.200.0-255,1484,130441,56,222925
10323,0.001424,172.31.46.0-255,66,130507,56,222925
10324,0.001432,74.125.200.0-255,1484,131991,56,222925
10325,0.001443,74.125.200.0-255,2902,134893,56,222925
10326,0.001445,172.31.46.0-255,66,134959,56,222925
10327,0.001475,74.125.200.0-255,5738,140697,56,222925
10328,0.001477,172.31.46.0-255,66,140763,56,222925
10329,0.001489,74.125.200.0-255,1484,142247,56,222925
10330,0.001507,74.125.200.0-255,5738,147985,56,222925
10331,0.001511,172.31.46.0-255,66,148051,56,222925
10332,0.001522,74.125.200.0-255,1484,149535,56,222925
10333,0.00154,74.125.200.0-255,7156,156691,56,222925
10334,0.001542,172.31.46.0-255,66,156757,56,222925
10335,0.001548,74.125.200.0-255,4320,161077,56,222925
10336,0.001549,172.31.46.0-255,66,161143,56,222925
10337,0.001588,74.125.200.0-255,2184,163327,56,222925
10338,0.00159,172.31.46.0-255,66,163393,56,222925
10339,0.002277,74.125.200.0-255,1484,164877,56,222925
10340,0.002283,74.125.200.0-255,2902,167779,56,222925
10341,0.002287,172.31.46.0-255,66,167845,56,222925
10342,0.00229,74.125.200.0-255,1484,169329,56,222925
10343,0.002309,74.125.200.0-255,2902,172231,56,222925
10344,0.00231,172.31.46.0-255,66,172297,56,222925
10345,0.002313,74.125.200.0-255,1484,173781,56,222925
10346,0.00236,74.125.200.0-255,4320,178101,56,222925
10347,0.002363,172.31.46.0-255,66,178167,56,222925
10348,0.002374,172.31.46.0-255,66,178233,56,222925
10349,0.002399,74.125.200.0-255,4320,182553,56,222925
10350,0.002401,172.31.46.0-255,66,182619,56,222925
10351,0.002414,74.125.200.0-255,3602,186221,56,222925
10352,0.002416,172.31.46.0-255,66,186287,56,222925
10353,0.002467,74.125.200.0-255,1484,187771,56,222925
10354,0.002502,74.125.200.0-255,1484,189255,56,222925
10355,0.002505,172.31.46.0-255,66,189321,56,222925
10356,0.002518,74.125.200.0-255,2902,192223,56,222925
10357,0.00252,172.31.46.0-255,66,192289,56,222925
10358,0.002546,74.125.200.0-255,5738,198027,56,222925
10359,0.002549,172.31.46.0-255,66,198093,56,222925
10360,0.002558,74.125.200.0-255,4320,202413,56,222925
10361,0.00256,172.31.46.0-255,66,202479,56,222925
10362,0.002584,74.125.200.0-255,1484,203963,56,222925
10363,0.002591,74.125.200.0-255,7156,211119,56,222925
10364,0.002593,172.31.46.0-255,66,211185,56,222925
10365,0.002642,172.31.46.0-255,66,211251,56,222925
10366,0.005241,74.125.200.0-255,5738,216989,56,222925
10367,0.00525,172.31.46.0-255,66,217055,56,222925
10368,0.007829,74.125.200.0-255,1484,218539,56,222925
10369,0.007851,74.125.200.0-255,4320,222859,56,222925
10370,0.007855,172.31.46.0-255,66,222925,56,222925
10371,0.0,172.217.194.0-255,146,146,56,92031
10372,1.6e-05,172.31.46.0-255,66,212,56,92031
10373,2.2e-05,172.217.194.0-255,1484,1696,56,92031
10374,2.7e-05,172.31.46.0-255,66,1762,56,92031
10375,3.3e-05,172.217.194.0-255,2902,4664,56,92031
10376,4.5e-05,172.31.46.0-255,66,4730,56,92031
10377,5.3e-05,172.217.194.0-255,7156,11886,56,92031
10378,5.7e-05,172.31.46.0-255,66,11952,56,92031
10379,7.3e-05,172.31.46.0-255,66,12018,56,92031
10380,9e-05,172.217.194.0-255,2008,14026,56,92031
10381,9.4e-05,172.31.46.0-255,66,14092,56,92031
10382,9.9e-05,172.217.194.0-255,3961,18053,56,92031
10383,0.000106,172.31.46.0-255,66,18119,56,92031
10384,0.000253,172.217.194.0-255,1484,19603,56,92031
10385,0.000258,172.31.46.0-255,66,19669,56,92031
10386,0.000264,172.217.194.0-255,2902,22571,56,92031
10387,0.000266,172.31.46.0-255,66,22637,56,92031
10388,0.000279,172.217.194.0-255,5738,28375,56,92031
10389,0.000282,172.31.46.0-255,66,28441,56,92031
10390,0.000318,172.31.46.0-255,66,28507,56,92031
10391,0.000367,172.31.46.0-255,66,28573,56,92031
10392,0.00044,172.217.194.0-255,119,28692,56,92031
10393,0.000444,172.31.46.0-255,66,28758,56,92031
10394,0.000787,172.217.194.0-255,377,29135,56,92031
10395,0.000792,172.31.46.0-255,66,29201,56,92031
10396,0.001157,172.217.194.0-255,1484,30685,56,92031
10397,0.001163,172.31.46.0-255,66,30751,56,92031
10398,0.001171,172.217.194.0-255,2902,33653,56,92031
10399,0.001173,172.31.46.0-255,66,33719,56,92031
10400,0.001186,172.217.194.0-255,5738,39457,56,92031
10401,0.001188,172.31.46.0-255,66,39523,56,92031
10402,0.001229,172.31.46.0-255,66,39589,56,92031
10403,0.001236,172.217.194.0-255,7156,46745,56,92031
10404,0.001238,172.31.46.0-255,66,46811,56,92031
10405,0.001273,172.217.194.0-255,3602,50413,56,92031
10406,0.001276,172.31.46.0-255,66,50479,56,92031
10407,0.00162,172.217.194.0-255,1484,51963,56,92031
10408,0.001626,172.31.46.0-255,66,52029,56,92031
10409,0.001632,172.217.194.0-255,2902,54931,56,92031
10410,0.001634,172.31.46.0-255,66,54997,56,92031
10411,0.001669,172.217.194.0-255,5738,60735,56,92031
10412,0.001672,172.31.46.0-255,66,60801,56,92031
10413,0.001685,172.31.46.0-255,66,60867,56,92031
10414,0.001715,172.217.194.0-255,1484,62351,56,92031
10415,0.001718,172.31.46.0-255,66,62417,56,92031
10416,0.001733,172.31.46.0-255,66,62483,56,92031
10417,0.00175,172.31.46.0-255,66,62549,56,92031
10418,0.001849,172.31.46.0-255,66,62615,56,92031
10419,0.001859,172.217.194.0-255,1484,64099,56,92031
10420,0.001869,172.217.194.0-255,2902,67001,56,92031
10421,0.001875,172.217.194.0-255,5738,72739,56,92031
10422,0.001896,172.31.46.0-255,66,72805,56,92031
10423,0.001923,172.31.46.0-255,66,72871,56,92031
10424,0.001959,172.31.46.0-255,66,72937,56,92031
10425,0.001983,172.217.194.0-255,2902,75839,56,92031
10426,0.001996,172.31.46.0-255,66,75905,56,92031
10427,0.002078,172.31.46.0-255,66,75971,56,92031
10428,0.004095,172.217.194.0-255,5738,81709,56,92031
10429,0.004102,172.31.46.0-255,66,81775,56,92031
10430,0.006106,172.217.194.0-255,4320,86095,56,92031
10431,0.00611,172.31.46.0-255,66,86161,56,92031
10432,0.006127,172.217.194.0-255,1484,87645,56,92031
10433,0.008128,172.217.194.0-255,4320,91965,56,92031
10434,0.008131,172.31.46.0-255,66,92031,56,92031
10435,0.0,74.125.24.0-255,147,147,56,75643
10436,2.3e-05,172.31.46.0-255,66,213,56,75643
10437,3e-05,74.125.24.0-255,1484,1697,56,75643
10438,3.5e-05,172.31.46.0-255,66,1763,56,75643
10439,4e-05,74.125.24.0-255,2902,4665,56,75643
10440,4.3e-05,172.31.46.0-255,66,4731,56,75643
10441,5.1e-05,74.125.24.0-255,7156,11887,56,75643
10442,5.4e-05,172.31.46.0-255,66,11953,56,75643
10443,5.9e-05,74.125.24.0-255,2136,14089,56,75643
10444,6.1e-05,172.31.46.0-255,66,14155,56,75643
10445,9.4e-05,172.31.46.0-255,66,14221,56,75643
10446,0.0001,74.125.24.0-255,5379,19600,56,75643
10447,0.000103,172.31.46.0-255,66,19666,56,75643
10448,0.001391,74.125.24.0-255,1484,21150,56,75643
10449,0.001399,172.31.46.0-255,66,21216,56,75643
10450,0.001409,74.125.24.0-255,2902,24118,56,75643
10451,0.001411,172.31.46.0-255,66,24184,56,75643
10452,0.001443,74.125.24.0-255,2902,27086,56,75643
10453,0.001446,172.31.46.0-255,66,27152,56,75643
10454,0.001471,74.125.24.0-255,2902,30054,56,75643
10455,0.001474,172.31.46.0-255,66,30120,56,75643
10456,0.001481,74.125.24.0-255,7156,37276,56,75643
10457,0.001483,172.31.46.0-255,66,37342,56,75643
10458,0.001498,172.31.46.0-255,66,37408,56,75643
10459,0.001502,74.125.24.0-255,2184,39592,56,75643
10460,0.001504,172.31.46.0-255,66,39658,56,75643
10461,0.001976,74.125.24.0-255,395,40053,56,75643
10462,0.001979,172.31.46.0-255,66,40119,56,75643
10463,0.002014,74.125.24.0-255,1484,41603,56,75643
10464,0.002018,172.31.46.0-255,66,41669,56,75643
10465,0.002033,74.125.24.0-255,4320,45989,56,75643
10466,0.002049,74.125.24.0-255,5738,51727,56,75643
10467,0.002063,74.125.24.0-255,1484,53211,56,75643
10468,0.002101,74.125.24.0-255,7156,60367,56,75643
10469,0.002106,74.125.24.0-255,3602,63969,56,75643
10470,0.004239,172.31.46.0-255,66,64035,56,75643
10471,0.006308,74.125.24.0-255,5738,69773,56,75643
10472,0.006315,172.31.46.0-255,66,69839,56,75643
10473,0.008382,74.125.24.0-255,5738,75577,56,75643
10474,0.008389,172.31.46.0-255,66,75643,56,75643
10475,0.0,74.125.24.0-255,153,153,56,160629
10476,2.6e-05,172.31.46.0-255,66,219,56,160629
10477,3.3e-05,74.125.24.0-255,1484,1703,56,160629
10478,3.8e-05,172.31.46.0-255,66,1769,56,160629
10479,4.5e-05,74.125.24.0-255,2902,4671,56,160629
10480,4.9e-05,172.31.46.0-255,66,4737,56,160629
10481,5.7e-05,74.125.24.0-255,7156,11893,56,160629
10482,6.1e-05,172.31.46.0-255,66,11959,56,160629
10483,8e-05,172.31.46.0-255,66,12025,56,160629
10484,8.4e-05,74.125.24.0-255,2543,14568,56,160629
10485,8.7e-05,172.31.46.0-255,66,14634,56,160629
10486,0.000201,74.125.24.0-255,1484,16118,56,160629
10487,0.000204,172.31.46.0-255,66,16184,56,160629
10488,0.00021,74.125.24.0-255,2902,19086,56,160629
10489,0.000212,172.31.46.0-255,66,19152,56,160629
10490,0.000243,74.125.24.0-255,5738,24890,56,160629
10491,0.000246,172.31.46.0-255,66,24956,56,160629
10492,0.000252,74.125.24.0-255,4320,29276,56,160629
10493,0.000254,172.31.46.0-255,66,29342,56,160629
10494,0.000287,172.31.46.0-255,66,29408,56,160629
10495,0.000299,172.31.46.0-255,66,29474,56,160629
10496,0.000302,74.125.24.0-255,131,29605,56,160629
10497,0.000304,172.31.46.0-255,66,29671,56,160629
10498,0.00043,74.125.24.0-255,344,30015,56,160629
10499,0.000435,172.31.46.0-255,66,30081,56,160629
10500,0.000758,74.125.24.0-255,1484,31565,56,160629
10501,0.000764,172.31.46.0-255,66,31631,56,160629
10502,0.00077,74.125.24.0-255,2902,34533,56,160629
10503,0.000773,172.31.46.0-255,66,34599,56,160629
10504,0.000776,74.125.24.0-255,1484,36083,56,160629
10505,0.000802,74.125.24.0-255,2902,38985,56,160629
10506,0.000804,172.31.46.0-255,66,39051,56,160629
10507,0.000816,172.31.46.0-255,66,39117,56,160629
10508,0.000819,74.125.24.0-255,1484,40601,56,160629
10509,0.000856,172.31.46.0-255,66,40667,56,160629
10510,0.000875,74.125.24.0-255,3602,44269,56,160629
10511,0.000878,172.31.46.0-255,66,44335,56,160629
10512,0.00101,74.125.24.0-255,1484,45819,56,160629
10513,0.001037,74.125.24.0-255,2902,48721,56,160629
10514,0.00104,172.31.46.0-255,66,48787,56,160629
10515,0.001048,74.125.24.0-255,5738,54525,56,160629
10516,0.00105,172.31.46.0-255,66,54591,56,160629
10517,0.001064,172.31.46.0-255,66,54657,56,160629
10518,0.001104,172.31.46.0-255,66,54723,56,160629
10519,0.001611,74.125.24.0-255,1484,56207,56,160629
10520,0.001617,74.125.24.0-255,2902,59109,56,160629
10521,0.001621,172.31.46.0-255,66,59175,56,160629
10522,0.001647,74.125.24.0-255,5738,64913,56,160629
10523,0.00165,172.31.46.0-255,66,64979,56,160629
10524,0.001657,74.125.24.0-255,7156,72135,56,160629
10525,0.001659,172.31.46.0-255,66,72201,56,160629
10526,0.00168,74.125.24.0-255,5738,77939,56,160629
10527,0.001683,172.31.46.0-255,66,78005,56,160629
10528,0.001687,74.125.24.0-255,2902,80907,56,160629
10529,0.001689,172.31.46.0-255,66,80973,56,160629
10530,0.001721,172.31.46.0-255,66,81039,56,160629
10531,0.001746,74.125.24.0-255,1484,82523,56,160629
10532,0.001751,74.125.24.0-255,2902,85425,56,160629
10533,0.001753,172.31.46.0-255,66,85491,56,160629
10534,0.001772,74.125.24.0-255,5738,91229,56,160629
10535,0.001774,172.31.46.0-255,66,91295,56,160629
10536,0.001805,172.31.46.0-255,66,91361,56,160629
10537,0.001857,74.125.24.0-255,2902,94263,56,160629
10538,0.00186,172.31.46.0-255,66,94329,56,160629
10539,0.001893,172.31.46.0-255,66,94395,56,160629
10540,0.001896,74.125.24.0-255,1484,95879,56,160629
10541,0.001901,74.125.24.0-255,2902,98781,56,160629
10542,0.001902,172.31.46.0-255,66,98847,56,160629
10543,0.001905,74.125.24.0-255,1484,100331,56,160629
10544,0.001929,74.125.24.0-255,4320,104651,56,160629
10545,0.001932,172.31.46.0-255,66,104717,56,160629
10546,0.001991,172.31.46.0-255,66,104783,56,160629
10547,0.002003,172.31.46.0-255,66,104849,56,160629
10548,0.002023,74.125.24.0-255,1484,106333,56,160629
10549,0.002028,74.125.24.0-255,2902,109235,56,160629
10550,0.00203,172.31.46.0-255,66,109301,56,160629
10551,0.002056,74.125.24.0-255,5738,115039,56,160629
10552,0.002059,172.31.46.0-255,66,115105,56,160629
10553,0.002076,172.31.46.0-255,66,115171,56,160629
10554,0.002108,172.31.46.0-255,66,115237,56,160629
10555,0.002115,74.125.24.0-255,6438,121675,56,160629
10556,0.002117,172.31.46.0-255,66,121741,56,160629
10557,0.002165,74.125.24.0-255,1484,123225,56,160629
10558,0.002195,172.31.46.0-255,66,123291,56,160629
10559,0.002199,74.125.24.0-255,2902,126193,56,160629
10560,0.002202,172.31.46.0-255,66,126259,56,160629
10561,0.002225,74.125.24.0-255,5738,131997,56,160629
10562,0.002228,172.31.46.0-255,66,132063,56,160629
10563,0.002243,74.125.24.0-255,766,132829,56,160629
10564,0.0023,74.125.24.0-255,1484,134313,56,160629
10565,0.002303,172.31.46.0-255,66,134379,56,160629
10566,0.002308,74.125.24.0-255,2902,137281,56,160629
10567,0.002311,172.31.46.0-255,66,137347,56,160629
10568,0.002331,74.125.24.0-255,5738,143085,56,160629
10569,0.002334,172.31.46.0-255,66,143151,56,160629
10570,0.002337,74.125.24.0-255,1484,144635,56,160629
10571,0.004602,74.125.24.0-255,4320,148955,56,160629
10572,0.004609,172.31.46.0-255,66,149021,56,160629
10573,0.006889,74.125.24.0-255,5738,154759,56,160629
10574,0.006896,172.31.46.0-255,66,154825,56,160629
10575,0.009203,74.125.24.0-255,5738,160563,56,160629
10576,0.009208,172.31.46.0-255,66,160629,56,160629
10577,0.0,74.125.24.0-255,143,143,56,153531
10578,2.4e-05,172.31.46.0-255,66,209,56,153531
10579,3.1e-05,74.125.24.0-255,1484,1693,56,153531
10580,3.5e-05,172.31.46.0-255,66,1759,56,153531
10581,4.1e-05,74.125.24.0-255,2902,4661,56,153531
10582,4.5e-05,172.31.46.0-255,66,4727,56,153531
10583,5.3e-05,74.125.24.0-255,7156,11883,56,153531
10584,5.7e-05,172.31.46.0-255,66,11949,56,153531
10585,6.8e-05,172.31.46.0-255,66,12015,56,153531
10586,0.000118,172.31.46.0-255,66,12081,56,153531
10587,0.000135,74.125.24.0-255,1125,13206,56,153531
10588,0.000138,172.31.46.0-255,66,13272,56,153531
10589,0.000143,74.125.24.0-255,2902,16174,56,153531
10590,0.000145,172.31.46.0-255,66,16240,56,153531
10591,0.000172,74.125.24.0-255,4320,20560,56,153531
10592,0.000175,172.31.46.0-255,66,20626,56,153531
10593,0.000185,172.31.46.0-255,66,20692,56,153531
10594,0.000221,172.31.46.0-255,66,20758,56,153531
10595,0.000241,74.125.24.0-255,1437,22195,56,153531
10596,0.000244,172.31.46.0-255,66,22261,56,153531
10597,0.00028,74.125.24.0-255,374,22635,56,153531
10598,0.000282,172.31.46.0-255,66,22701,56,153531
10599,0.000523,74.125.24.0-255,1484,24185,56,153531
10600,0.000529,172.31.46.0-255,66,24251,56,153531
10601,0.000535,74.125.24.0-255,2902,27153,56,153531
10602,0.000538,172.31.46.0-255,66,27219,56,153531
10603,0.000544,74.125.24.0-255,5738,32957,56,153531
10604,0.000547,172.31.46.0-255,66,33023,56,153531
10605,0.000552,74.125.24.0-255,4320,37343,56,153531
10606,0.000554,172.31.46.0-255,66,37409,56,153531
10607,0.000587,172.31.46.0-255,66,37475,56,153531
10608,0.00061,74.125.24.0-255,2902,40377,56,153531
10609,0.000613,172.31.46.0-255,66,40443,56,153531
10610,0.000623,172.31.46.0-255,66,40509,56,153531
10611,0.000907,74.125.24.0-255,1484,41993,56,153531
10612,0.000915,74.125.24.0-255,2902,44895,56,153531
10613,0.000918,172.31.46.0-255,66,44961,56,153531
10614,0.000924,74.125.24.0-255,2902,47863,56,153531
10615,0.000926,172.31.46.0-255,66,47929,56,153531
10616,0.00094,74.125.24.0-255,2902,50831,56,153531
10617,0.000943,172.31.46.0-255,66,50897,56,153531
10618,0.000958,74.125.24.0-255,1484,52381,56,153531
10619,0.000974,74.125.24.0-255,2902,55283,56,153531
10620,0.000977,172.31.46.0-255,66,55349,56,153531
10621,0.001007,172.31.46.0-255,66,55415,56,153531
10622,0.001019,74.125.24.0-255,2902,58317,56,153531
10623,0.001022,172.31.46.0-255,66,58383,56,153531
10624,0.001053,172.31.46.0-255,66,58449,56,153531
10625,0.001249,74.125.24.0-255,1484,59933,56,153531
10626,0.001255,74.125.24.0-255,2902,62835,56,153531
10627,0.001258,172.31.46.0-255,66,62901,56,153531
10628,0.001264,74.125.24.0-255,4320,67221,56,153531
10629,0.001266,172.31.46.0-255,66,67287,56,153531
10630,0.001283,74.125.24.0-255,1484,68771,56,153531
10631,0.001296,172.31.46.0-255,66,68837,56,153531
10632,0.001311,74.125.24.0-255,2902,71739,56,153531
10633,0.001315,172.31.46.0-255,66,71805,56,153531
10634,0.001348,172.31.46.0-255,66,71871,56,153531
10635,0.001531,74.125.24.0-255,1484,73355,56,153531
10636,0.001536,74.125.24.0-255,1484,74839,56,153531
10637,0.001539,172.31.46.0-255,66,74905,56,153531
10638,0.001562,74.125.24.0-255,1484,76389,56,153531
10639,0.001568,74.125.24.0-255,5738,82127,56,153531
10640,0.001572,74.125.24.0-255,2902,85029,56,153531
10641,0.001578,172.31.46.0-255,66,85095,56,153531
10642,0.001581,172.31.46.0-255,66,85161,56,153531
10643,0.001598,74.125.24.0-255,1484,86645,56,153531
10644,0.001617,74.125.24.0-255,5738,92383,56,153531
10645,0.00162,172.31.46.0-255,66,92449,56,153531
10646,0.00164,74.125.24.0-255,2902,95351,56,153531
10647,0.001643,172.31.46.0-255,66,95417,56,153531
10648,0.001655,172.31.46.0-255,66,95483,56,153531
10649,0.001702,74.125.24.0-255,1484,96967,56,153531
10650,0.001707,74.125.24.0-255,2902,99869,56,153531
10651,0.00171,172.31.46.0-255,66,99935,56,153531
10652,0.001716,74.125.24.0-255,5738,105673,56,153531
10653,0.001718,172.31.46.0-255,66,105739,56,153531
10654,0.001722,74.125.24.0-255,2902,108641,56,153531
10655,0.001724,172.31.46.0-255,66,108707,56,153531
10656,0.001747,74.125.24.0-255,5738,114445,56,153531
10657,0.001749,172.31.46.0-255,66,114511,56,153531
10658,0.001761,172.31.46.0-255,66,114577,56,153531
10659,0.001792,74.125.24.0-255,5020,119597,56,153531
10660,0.001796,172.31.46.0-255,66,119663,56,153531
10661,0.002023,74.125.24.0-255,1484,121147,56,153531
10662,0.002036,74.125.24.0-255,1484,122631,56,153531
10663,0.002039,172.31.46.0-255,66,122697,56,153531
10664,0.002059,74.125.24.0-255,1484,124181,56,153531
10665,0.002065,74.125.24.0-255,5738,129919,56,153531
10666,0.002068,172.31.46.0-255,66,129985,56,153531
10667,0.002084,172.31.46.0-255,66,130051,56,153531
10668,0.00214,74.125.24.0-255,5738,135789,56,153531
10669,0.002144,172.31.46.0-255,66,135855,56,153531
10670,0.002174,172.31.46.0-255,66,135921,56,153531
10671,0.004503,74.125.24.0-255,5738,141659,56,153531
10672,0.004518,172.31.46.0-255,66,141725,56,153531
10673,0.006813,74.125.24.0-255,2902,144627,56,153531
10674,0.006818,172.31.46.0-255,66,144693,56,153531
10675,0.006837,74.125.24.0-255,2902,147595,56,153531
10676,0.006839,172.31.46.0-255,66,147661,56,153531
10677,0.009134,74.125.24.0-255,4320,151981,56,153531
10678,0.00914,172.31.46.0-255,66,152047,56,153531
10679,0.009159,74.125.24.0-255,1484,153531,56,153531
10680,0.0,74.125.24.0-255,146,146,56,134694
10681,1.1e-05,172.31.46.0-255,66,212,56,134694
10682,4e-05,74.125.24.0-255,1484,1696,56,134694
10683,4.5e-05,172.31.46.0-255,66,1762,56,134694
10684,4.9e-05,74.125.24.0-255,1484,3246,56,134694
10685,5.2e-05,172.31.46.0-255,66,3312,56,134694
10686,8.6e-05,74.125.24.0-255,1484,4796,56,134694
10687,8.9e-05,172.31.46.0-255,66,4862,56,134694
10688,9.6e-05,74.125.24.0-255,5738,10600,56,134694
10689,0.0001,172.31.46.0-255,66,10666,56,134694
10690,0.000125,74.125.24.0-255,7156,17822,56,134694
10691,0.000128,172.31.46.0-255,66,17888,56,134694
10692,0.000151,74.125.24.0-255,3358,21246,56,134694
10693,0.000154,172.31.46.0-255,66,21312,56,134694
10694,0.00019,172.31.46.0-255,66,21378,56,134694
10695,0.000377,74.125.24.0-255,1484,22862,56,134694
10696,0.000381,172.31.46.0-255,66,22928,56,134694
10697,0.000386,74.125.24.0-255,1484,24412,56,134694
10698,0.000388,172.31.46.0-255,66,24478,56,134694
10699,0.000411,74.125.24.0-255,1484,25962,56,134694
10700,0.000414,172.31.46.0-255,66,26028,56,134694
10701,0.000421,74.125.24.0-255,5738,31766,56,134694
10702,0.000425,172.31.46.0-255,66,31832,56,134694
10703,0.00043,74.125.24.0-255,4320,36152,56,134694
10704,0.000433,172.31.46.0-255,66,36218,56,134694
10705,0.000463,74.125.24.0-255,5738,41956,56,134694
10706,0.000466,172.31.46.0-255,66,42022,56,134694
10707,0.000471,74.125.24.0-255,4320,46342,56,134694
10708,0.000474,172.31.46.0-255,66,46408,56,134694
10709,0.000511,172.31.46.0-255,66,46474,56,134694
10710,0.000514,74.125.24.0-255,766,47240,56,134694
10711,0.000921,74.125.24.0-255,410,47650,56,134694
10712,0.00094,74.125.24.0-255,332,47982,56,134694
10713,0.001039,172.31.46.0-255,66,48048,56,134694
10714,0.001884,74.125.24.0-255,1484,49532,56,134694
10715,0.001897,74.125.24.0-255,2902,52434,56,134694
10716,0.001903,74.125.24.0-255,5738,58172,56,134694
10717,0.001928,74.125.24.0-255,7156,65328,56,134694
10718,0.001944,74.125.24.0-255,5738,71066,56,134694
10719,0.001971,74.125.24.0-255,4320,75386,56,134694
10720,0.001991,74.125.24.0-255,2902,78288,56,134694
10721,0.002055,74.125.24.0-255,3602,81890,56,134694
10722,0.002258,74.125.24.0-255,1484,83374,56,134694
10723,0.002262,74.125.24.0-255,1484,84858,56,134694
10724,0.002284,74.125.24.0-255,1484,86342,56,134694
10725,0.00229,74.125.24.0-255,5738,92080,56,134694
10726,0.002312,74.125.24.0-255,2902,94982,56,134694
10727,0.002319,74.125.24.0-255,7156,102138,56,134694
10728,0.002337,74.125.24.0-255,1484,103622,56,134694
10729,0.002354,74.125.24.0-255,5738,109360,56,134694
10730,0.002471,74.125.24.0-255,4320,113680,56,134694
10731,0.002508,74.125.24.0-255,2902,116582,56,134694
10732,0.002533,74.125.24.0-255,6438,123020,56,134694
10733,0.003712,172.31.46.0-255,66,123086,56,134694
10734,0.006231,74.125.24.0-255,5738,128824,56,134694
10735,0.006237,172.31.46.0-255,66,128890,56,134694
10736,0.008719,74.125.24.0-255,5738,134628,56,134694
10737,0.008725,172.31.46.0-255,66,134694,56,134694
10738,0.0,74.125.130.0-255,148,148,56,210325
10739,1.5e-05,172.31.46.0-255,66,214,56,210325
10740,5.5e-05,74.125.130.0-255,1484,1698,56,210325
10741,5.9e-05,172.31.46.0-255,66,1764,56,210325
10742,6.4e-05,74.125.130.0-255,2902,4666,56,210325
10743,6.7e-05,172.31.46.0-255,66,4732,56,210325
10744,7e-05,74.125.130.0-255,1484,6216,56,210325
10745,7.3e-05,172.31.46.0-255,66,6282,56,210325
10746,0.000102,74.125.130.0-255,4320,10602,56,210325
10747,0.000106,172.31.46.0-255,66,10668,56,210325
10748,0.000111,74.125.130.0-255,3421,14089,56,210325
10749,0.000114,172.31.46.0-255,66,14155,56,210325
10750,0.000119,74.125.130.0-255,4320,18475,56,210325
10751,0.000121,172.31.46.0-255,66,18541,56,210325
10752,0.000133,172.31.46.0-255,66,18607,56,210325
10753,0.000137,74.125.130.0-255,2543,21150,56,210325
10754,0.00014,172.31.46.0-255,66,21216,56,210325
10755,0.000291,74.125.130.0-255,1484,22700,56,210325
10756,0.000297,172.31.46.0-255,66,22766,56,210325
10757,0.000302,74.125.130.0-255,2902,25668,56,210325
10758,0.000305,172.31.46.0-255,66,25734,56,210325
10759,0.000311,74.125.130.0-255,2902,28636,56,210325
10760,0.000313,172.31.46.0-255,66,28702,56,210325
10761,0.000336,74.125.130.0-255,2902,31604,56,210325
10762,0.000338,172.31.46.0-255,66,31670,56,210325
10763,0.000345,74.125.130.0-255,5738,37408,56,210325
10764,0.000347,172.31.46.0-255,66,37474,56,210325
10765,0.000362,74.125.130.0-255,3961,41435,56,210325
10766,0.000364,172.31.46.0-255,66,41501,56,210325
10767,0.000376,172.31.46.0-255,66,41567,56,210325
10768,0.000399,74.125.130.0-255,4251,45818,56,210325
10769,0.000401,172.31.46.0-255,66,45884,56,210325
10770,0.000418,74.125.130.0-255,396,46280,56,210325
10771,0.000606,74.125.130.0-255,1484,47764,56,210325
10772,0.000612,172.31.46.0-255,66,47830,56,210325
10773,0.000618,74.125.130.0-255,2902,50732,56,210325
10774,0.00062,172.31.46.0-255,66,50798,56,210325
10775,0.000626,74.125.130.0-255,5738,56536,56,210325
10776,0.000628,172.31.46.0-255,66,56602,56,210325
10777,0.00066,172.31.46.0-255,66,56668,56,210325
10778,0.000676,74.125.130.0-255,1484,58152,56,210325
10779,0.000715,172.31.46.0-255,66,58218,56,210325
10780,0.000858,74.125.130.0-255,1484,59702,56,210325
10781,0.000863,74.125.130.0-255,1484,61186,56,210325
10782,0.000866,172.31.46.0-255,66,61252,56,210325
10783,0.00088,74.125.130.0-255,1484,62736,56,210325
10784,0.000886,74.125.130.0-255,5738,68474,56,210325
10785,0.000889,172.31.46.0-255,66,68540,56,210325
10786,0.000919,74.125.130.0-255,7156,75696,56,210325
10787,0.000922,172.31.46.0-255,66,75762,56,210325
10788,0.00094,74.125.130.0-255,1484,77246,56,210325
10789,0.000966,74.125.130.0-255,2902,80148,56,210325
10790,0.000969,172.31.46.0-255,66,80214,56,210325
10791,0.000975,74.125.130.0-255,5738,85952,56,210325
10792,0.000977,172.31.46.0-255,66,86018,56,210325
10793,0.000997,74.125.130.0-255,1484,87502,56,210325
10794,0.001001,74.125.130.0-255,2902,90404,56,210325
10795,0.001003,172.31.46.0-255,66,90470,56,210325
10796,0.001049,74.125.130.0-255,2184,92654,56,210325
10797,0.001052,172.31.46.0-255,66,92720,56,210325
10798,0.001126,74.125.130.0-255,1484,94204,56,210325
10799,0.001129,74.125.130.0-255,1484,95688,56,210325
10800,0.001132,172.31.46.0-255,66,95754,56,210325
10801,0.001143,74.125.130.0-255,1484,97238,56,210325
10802,0.001146,74.125.130.0-255,1484,98722,56,210325
10803,0.001149,172.31.46.0-255,66,98788,56,210325
10804,0.001182,74.125.130.0-255,2902,101690,56,210325
10805,0.001185,172.31.46.0-255,66,101756,56,210325
10806,0.001191,74.125.130.0-255,5738,107494,56,210325
10807,0.001193,172.31.46.0-255,66,107560,56,210325
10808,0.001234,74.125.130.0-255,4320,111880,56,210325
10809,0.001236,172.31.46.0-255,66,111946,56,210325
10810,0.001262,74.125.130.0-255,7156,119102,56,210325
10811,0.001264,172.31.46.0-255,66,119168,56,210325
10812,0.001267,74.125.130.0-255,1484,120652,56,210325
10813,0.001271,74.125.130.0-255,2902,123554,56,210325
10814,0.001273,172.31.46.0-255,66,123620,56,210325
10815,0.001278,74.125.130.0-255,3602,127222,56,210325
10816,0.00128,172.31.46.0-255,66,127288,56,210325
10817,0.001449,74.125.130.0-255,1484,128772,56,210325
10818,0.001488,74.125.130.0-255,2902,131674,56,210325
10819,0.001491,172.31.46.0-255,66,131740,56,210325
10820,0.001508,74.125.130.0-255,4320,136060,56,210325
10821,0.00151,172.31.46.0-255,66,136126,56,210325
10822,0.001522,74.125.130.0-255,1484,137610,56,210325
10823,0.001529,74.125.130.0-255,7156,144766,56,210325
10824,0.001534,172.31.46.0-255,66,144832,56,210325
10825,0.001548,74.125.130.0-255,2902,147734,56,210325
10826,0.00155,172.31.46.0-255,66,147800,56,210325
10827,0.001576,74.125.130.0-255,2184,149984,56,210325
10828,0.00158,172.31.46.0-255,66,150050,56,210325
10829,0.001588,172.31.46.0-255,66,150116,56,210325
10830,0.00182,74.125.130.0-255,1484,151600,56,210325
10831,0.001842,74.125.130.0-255,2902,154502,56,210325
10832,0.001845,172.31.46.0-255,66,154568,56,210325
10833,0.001852,74.125.130.0-255,5738,160306,56,210325
10834,0.001855,172.31.46.0-255,66,160372,56,210325
10835,0.00186,74.125.130.0-255,2902,163274,56,210325
10836,0.001862,172.31.46.0-255,66,163340,56,210325
10837,0.001885,74.125.130.0-255,1484,164824,56,210325
10838,0.001894,74.125.130.0-255,5738,170562,56,210325
10839,0.001896,172.31.46.0-255,66,170628,56,210325
10840,0.001939,172.31.46.0-255,66,170694,56,210325
10841,0.001943,74.125.130.0-255,2184,172878,56,210325
10842,0.001945,172.31.46.0-255,66,172944,56,210325
10843,0.00195,74.125.130.0-255,2902,175846,56,210325
10844,0.001952,172.31.46.0-255,66,175912,56,210325
10845,0.001987,74.125.130.0-255,7156,183068,56,210325
10846,0.001991,172.31.46.0-255,66,183134,56,210325
10847,0.002,74.125.130.0-255,5738,188872,56,210325
10848,0.002002,172.31.46.0-255,66,188938,56,210325
10849,0.002036,74.125.130.0-255,2902,191840,56,210325
10850,0.002074,74.125.130.0-255,7156,198996,56,210325
10851,0.002102,74.125.130.0-255,1484,200480,56,210325
10852,0.002106,74.125.130.0-255,2184,202664,56,210325
10853,0.002122,74.125.130.0-255,2902,205566,56,210325
10854,0.002294,74.125.130.0-255,2902,208468,56,210325
10855,0.002296,74.125.130.0-255,1484,209952,56,210325
10856,0.00233,74.125.130.0-255,97,210049,56,210325
10857,0.00237,74.125.130.0-255,105,210154,56,210325
10858,0.00599,172.31.46.0-255,66,210220,56,210325
10859,0.008492,172.31.46.0-255,105,210325,56,210325
10860,0.0,74.125.200.0-255,160,160,56,95475
10861,2.6e-05,172.31.46.0-255,66,226,56,95475
10862,3.3e-05,74.125.200.0-255,1484,1710,56,95475
10863,3.9e-05,172.31.46.0-255,66,1776,56,95475
10864,4.5e-05,74.125.200.0-255,2902,4678,56,95475
10865,5.5e-05,172.31.46.0-255,66,4744,56,95475
10866,6.2e-05,74.125.200.0-255,5738,10482,56,95475
10867,6.5e-05,172.31.46.0-255,66,10548,56,95475
10868,9.5e-05,74.125.200.0-255,3472,14020,56,95475
10869,0.000102,172.31.46.0-255,66,14086,56,95475
10870,0.000109,74.125.200.0-255,4320,18406,56,95475
10871,0.000111,172.31.46.0-255,66,18472,56,95475
10872,0.000142,74.125.200.0-255,5738,24210,56,95475
10873,0.000149,172.31.46.0-255,66,24276,56,95475
10874,0.000157,74.125.200.0-255,6797,31073,56,95475
10875,0.000161,172.31.46.0-255,66,31139,56,95475
10876,0.000312,74.125.200.0-255,1484,32623,56,95475
10877,0.000317,172.31.46.0-255,66,32689,56,95475
10878,0.000323,74.125.200.0-255,2902,35591,56,95475
10879,0.000325,172.31.46.0-255,66,35657,56,95475
10880,0.000328,74.125.200.0-255,1484,37141,56,95475
10881,0.000336,172.31.46.0-255,66,37207,56,95475
10882,0.000361,74.125.200.0-255,4320,41527,56,95475
10883,0.000367,172.31.46.0-255,66,41593,56,95475
10884,0.0004,74.125.200.0-255,6797,48390,56,95475
10885,0.000403,172.31.46.0-255,66,48456,56,95475
10886,0.000435,74.125.200.0-255,5738,54194,56,95475
10887,0.000438,172.31.46.0-255,66,54260,56,95475
10888,0.000461,74.125.200.0-255,1484,55744,56,95475
10889,0.000464,172.31.46.0-255,66,55810,56,95475
10890,0.000482,172.31.46.0-255,66,55876,56,95475
10891,0.000959,74.125.200.0-255,645,56521,56,95475
10892,0.001037,172.31.46.0-255,66,56587,56,95475
10893,0.001298,74.125.200.0-255,1484,58071,56,95475
10894,0.001308,74.125.200.0-255,2902,60973,56,95475
10895,0.001312,172.31.46.0-255,66,61039,56,95475
10896,0.00134,74.125.200.0-255,5738,66777,56,95475
10897,0.001343,172.31.46.0-255,66,66843,56,95475
10898,0.001348,74.125.200.0-255,2902,69745,56,95475
10899,0.00135,172.31.46.0-255,66,69811,56,95475
10900,0.001391,74.125.200.0-255,7156,76967,56,95475
10901,0.001394,172.31.46.0-255,66,77033,56,95475
10902,0.001413,172.31.46.0-255,66,77099,56,95475
10903,0.001417,74.125.200.0-255,2184,79283,56,95475
10904,0.001419,172.31.46.0-255,66,79349,56,95475
10905,0.003691,74.125.200.0-255,4320,83669,56,95475
10906,0.003699,172.31.46.0-255,66,83735,56,95475
10907,0.003712,74.125.200.0-255,1484,85219,56,95475
10908,0.006026,74.125.200.0-255,4320,89539,56,95475
10909,0.006032,172.31.46.0-255,66,89605,56,95475
10910,0.008323,74.125.200.0-255,4320,93925,56,95475
10911,0.008331,172.31.46.0-255,66,93991,56,95475
10912,0.00836,74.125.200.0-255,1484,95475,56,95475
10913,0.0,74.125.130.0-255,153,153,56,116153
10914,3.1e-05,172.31.46.0-255,66,219,56,116153
10915,4.1e-05,74.125.130.0-255,1484,1703,56,116153
10916,4.5e-05,172.31.46.0-255,66,1769,56,116153
10917,5e-05,74.125.130.0-255,2902,4671,56,116153
10918,5.2e-05,172.31.46.0-255,66,4737,56,116153
10919,5.9e-05,74.125.130.0-255,7156,11893,56,116153
10920,6.2e-05,172.31.46.0-255,66,11959,56,116153
10921,6.6e-05,74.125.130.0-255,2158,14117,56,116153
10922,6.9e-05,172.31.46.0-255,66,14183,56,116153
10923,0.0001,74.125.130.0-255,2902,17085,56,116153
10924,0.000104,172.31.46.0-255,66,17151,56,116153
10925,0.000134,172.31.46.0-255,66,17217,56,116153
10926,0.000139,74.125.130.0-255,4320,21537,56,116153
10927,0.000142,172.31.46.0-255,66,21603,56,116153
10928,0.000163,74.125.130.0-255,1125,22728,56,116153
10929,0.000166,172.31.46.0-255,66,22794,56,116153
10930,0.000251,74.125.130.0-255,1484,24278,56,116153
10931,0.000255,172.31.46.0-255,66,24344,56,116153
10932,0.000272,74.125.130.0-255,2902,27246,56,116153
10933,0.000276,172.31.46.0-255,66,27312,56,116153
10934,0.000282,74.125.130.0-255,4320,31632,56,116153
10935,0.000284,172.31.46.0-255,66,31698,56,116153
10936,0.000329,74.125.130.0-255,7156,38854,56,116153
10937,0.000332,172.31.46.0-255,66,38920,56,116153
10938,0.000352,74.125.130.0-255,1125,40045,56,116153
10939,0.000354,172.31.46.0-255,66,40111,56,116153
10940,0.000422,74.125.130.0-255,1484,41595,56,116153
10941,0.000425,172.31.46.0-255,66,41661,56,116153
10942,0.00043,74.125.130.0-255,2902,44563,56,116153
10943,0.000432,172.31.46.0-255,66,44629,56,116153
10944,0.000466,74.125.130.0-255,5738,50367,56,116153
10945,0.000473,74.125.130.0-255,5738,56105,56,116153
10946,0.000508,172.31.46.0-255,66,56171,56,116153
10947,0.000516,74.125.130.0-255,1421,57592,56,116153
10948,0.000885,74.125.130.0-255,381,57973,56,116153
10949,0.000891,172.31.46.0-255,66,58039,56,116153
10950,0.001119,74.125.130.0-255,1484,59523,56,116153
10951,0.001126,74.125.130.0-255,2902,62425,56,116153
10952,0.00113,172.31.46.0-255,66,62491,56,116153
10953,0.001159,74.125.130.0-255,5738,68229,56,116153
10954,0.00118,74.125.130.0-255,6797,75026,56,116153
10955,0.00121,172.31.46.0-255,66,75092,56,116153
10956,0.00123,74.125.130.0-255,1484,76576,56,116153
10957,0.001246,74.125.130.0-255,2902,79478,56,116153
10958,0.001263,74.125.130.0-255,4320,83798,56,116153
10959,0.001271,172.31.46.0-255,66,83864,56,116153
10960,0.001278,74.125.130.0-255,1484,85348,56,116153
10961,0.001282,74.125.130.0-255,4320,89668,56,116153
10962,0.001291,172.31.46.0-255,66,89734,56,116153
10963,0.001327,74.125.130.0-255,2543,92277,56,116153
10964,0.001331,172.31.46.0-255,66,92343,56,116153
10965,0.003286,74.125.130.0-255,2902,95245,56,116153
10966,0.003292,172.31.46.0-255,66,95311,56,116153
10967,0.003325,74.125.130.0-255,1484,96795,56,116153
10968,0.003341,74.125.130.0-255,1484,98279,56,116153
10969,0.003364,172.31.46.0-255,66,98345,56,116153
10970,0.005302,74.125.130.0-255,2902,101247,56,116153
10971,0.005308,172.31.46.0-255,66,101313,56,116153
10972,0.005353,74.125.130.0-255,2902,104215,56,116153
10973,0.005384,172.31.46.0-255,66,104281,56,116153
10974,0.007317,74.125.130.0-255,2902,107183,56,116153
10975,0.007324,172.31.46.0-255,66,107249,56,116153
10976,0.007388,74.125.130.0-255,2902,110151,56,116153
10977,0.007408,172.31.46.0-255,66,110217,56,116153
10978,0.009338,74.125.130.0-255,2902,113119,56,116153
10979,0.009345,172.31.46.0-255,66,113185,56,116153
10980,0.009408,74.125.130.0-255,2902,116087,56,116153
10981,0.009435,172.31.46.0-255,66,116153,56,116153
10982,0.0,74.125.200.0-255,145,145,56,115127
10983,2.4e-05,172.31.46.0-255,66,211,56,115127
10984,5.4e-05,74.125.200.0-255,1484,1695,56,115127
10985,5.9e-05,172.31.46.0-255,66,1761,56,115127
10986,6.4e-05,74.125.200.0-255,2902,4663,56,115127
10987,6.8e-05,172.31.46.0-255,66,4729,56,115127
10988,9.1e-05,74.125.200.0-255,1484,6213,56,115127
10989,9.3e-05,172.31.46.0-255,66,6279,56,115127
10990,0.000116,74.125.200.0-255,5738,12017,56,115127
10991,0.000118,172.31.46.0-255,66,12083,56,115127
10992,0.000146,74.125.200.0-255,2063,14146,56,115127
10993,0.000149,172.31.46.0-255,66,14212,56,115127
10994,0.000182,74.125.200.0-255,2902,17114,56,115127
10995,0.000184,172.31.46.0-255,66,17180,56,115127
10996,0.000212,74.125.200.0-255,1484,18664,56,115127
10997,0.000214,172.31.46.0-255,66,18730,56,115127
10998,0.000233,74.125.200.0-255,5738,24468,56,115127
10999,0.000236,172.31.46.0-255,66,24534,56,115127
11000,0.000315,74.125.200.0-255,2902,27436,56,115127
11001,0.000318,172.31.46.0-255,66,27502,56,115127
11002,0.00033,74.125.200.0-255,3961,31463,56,115127
11003,0.000332,172.31.46.0-255,66,31529,56,115127
11004,0.000404,74.125.200.0-255,5738,37267,56,115127
11005,0.000407,172.31.46.0-255,66,37333,56,115127
11006,0.000424,74.125.200.0-255,1484,38817,56,115127
11007,0.000426,172.31.46.0-255,66,38883,56,115127
11008,0.000505,74.125.200.0-255,2902,41785,56,115127
11009,0.000508,172.31.46.0-255,66,41851,56,115127
11010,0.000529,74.125.200.0-255,5738,47589,56,115127
11011,0.000532,172.31.46.0-255,66,47655,56,115127
11012,0.000621,74.125.200.0-255,2543,50198,56,115127
11013,0.000625,172.31.46.0-255,66,50264,56,115127
11014,0.000665,74.125.200.0-255,7156,57420,56,115127
11015,0.000668,172.31.46.0-255,66,57486,56,115127
11016,0.00069,74.125.200.0-255,5738,63224,56,115127
11017,0.000692,172.31.46.0-255,66,63290,56,115127
11018,0.000828,74.125.200.0-255,2877,66167,56,115127
11019,0.000851,172.31.46.0-255,66,66233,56,115127
11020,0.001165,74.125.200.0-255,110,66343,56,115127
11021,0.001181,74.125.200.0-255,329,66672,56,115127
11022,0.00144,74.125.200.0-255,1484,68156,56,115127
11023,0.001447,172.31.46.0-255,66,68222,56,115127
11024,0.001453,74.125.200.0-255,2902,71124,56,115127
11025,0.001455,172.31.46.0-255,66,71190,56,115127
11026,0.001478,74.125.200.0-255,2902,74092,56,115127
11027,0.001493,74.125.200.0-255,1484,75576,56,115127
11028,0.001555,74.125.200.0-255,4320,79896,56,115127
11029,0.001567,74.125.200.0-255,3961,83857,56,115127
11030,0.001895,74.125.200.0-255,1484,85341,56,115127
11031,0.001902,74.125.200.0-255,2902,88243,56,115127
11032,0.001931,74.125.200.0-255,1484,89727,56,115127
11033,0.001953,74.125.200.0-255,2902,92629,56,115127
11034,0.001997,74.125.200.0-255,2902,95531,56,115127
11035,0.002015,74.125.200.0-255,5738,101269,56,115127
11036,0.002104,74.125.200.0-255,1484,102753,56,115127
11037,0.002127,74.125.200.0-255,2902,105655,56,115127
11038,0.002283,74.125.200.0-255,3602,109257,56,115127
11039,0.006595,172.31.46.0-255,66,109323,56,115127
11040,0.008876,74.125.200.0-255,5738,115061,56,115127
11041,0.008883,172.31.46.0-255,66,115127,56,115127
11042,0.0,172.217.27.0-255,297,297,56,110477
11043,3.3e-05,172.31.46.0-255,66,363,56,110477
11044,3.8e-05,172.217.27.0-255,1484,1847,56,110477
11045,4.2e-05,172.31.46.0-255,66,1913,56,110477
11046,4.7e-05,172.217.27.0-255,2902,4815,56,110477
11047,5e-05,172.31.46.0-255,66,4881,56,110477
11048,5.8e-05,172.217.27.0-255,5738,10619,56,110477
11049,6.2e-05,172.31.46.0-255,66,10685,56,110477
11050,6.6e-05,172.217.27.0-255,3300,13985,56,110477
11051,7e-05,172.31.46.0-255,66,14051,56,110477
11052,0.000165,172.217.27.0-255,1484,15535,56,110477
11053,0.00017,172.31.46.0-255,66,15601,56,110477
11054,0.000175,172.217.27.0-255,2902,18503,56,110477
11055,0.000177,172.31.46.0-255,66,18569,56,110477
11056,0.000195,172.217.27.0-255,5738,24307,56,110477
11057,0.000197,172.31.46.0-255,66,24373,56,110477
11058,0.000233,172.217.27.0-255,2902,27275,56,110477
11059,0.000235,172.31.46.0-255,66,27341,56,110477
11060,0.000258,172.217.27.0-255,3961,31302,56,110477
11061,0.000261,172.31.46.0-255,66,31368,56,110477
11062,0.000269,172.217.27.0-255,7156,38524,56,110477
11063,0.000271,172.31.46.0-255,66,38590,56,110477
11064,0.000284,172.31.46.0-255,66,38656,56,110477
11065,0.000324,172.217.27.0-255,1484,40140,56,110477
11066,0.000326,172.31.46.0-255,66,40206,56,110477
11067,0.00033,172.217.27.0-255,1484,41690,56,110477
11068,0.000335,172.31.46.0-255,66,41756,56,110477
11069,0.000345,172.217.27.0-255,1484,43240,56,110477
11070,0.000347,172.31.46.0-255,66,43306,56,110477
11071,0.000376,172.217.27.0-255,5738,49044,56,110477
11072,0.000379,172.31.46.0-255,66,49110,56,110477
11073,0.000387,172.217.27.0-255,6797,55907,56,110477
11074,0.000389,172.31.46.0-255,66,55973,56,110477
11075,0.000424,172.217.27.0-255,395,56368,56,110477
11076,0.000776,172.217.27.0-255,117,56485,56,110477
11077,0.00087,172.31.46.0-255,66,56551,56,110477
11078,0.001023,172.217.27.0-255,1484,58035,56,110477
11079,0.001032,172.217.27.0-255,2902,60937,56,110477
11080,0.001036,172.31.46.0-255,66,61003,56,110477
11081,0.001043,172.217.27.0-255,5738,66741,56,110477
11082,0.001045,172.31.46.0-255,66,66807,56,110477
11083,0.001079,172.217.27.0-255,4320,71127,56,110477
11084,0.001082,172.31.46.0-255,66,71193,56,110477
11085,0.001113,172.217.27.0-255,6797,77990,56,110477
11086,0.001117,172.31.46.0-255,66,78056,56,110477
11087,0.001128,172.31.46.0-255,66,78122,56,110477
11088,0.001131,172.217.27.0-255,1125,79247,56,110477
11089,0.001681,172.217.27.0-255,1484,80731,56,110477
11090,0.001688,172.31.46.0-255,66,80797,56,110477
11091,0.002775,172.217.27.0-255,2902,83699,56,110477
11092,0.002781,172.31.46.0-255,66,83765,56,110477
11093,0.003339,172.217.27.0-255,2902,86667,56,110477
11094,0.003345,172.31.46.0-255,66,86733,56,110477
11095,0.00445,172.217.27.0-255,2902,89635,56,110477
11096,0.004456,172.31.46.0-255,66,89701,56,110477
11097,0.004988,172.217.27.0-255,2902,92603,56,110477
11098,0.00499,172.31.46.0-255,66,92669,56,110477
11099,0.006096,172.217.27.0-255,2902,95571,56,110477
11100,0.006099,172.31.46.0-255,66,95637,56,110477
11101,0.006636,172.217.27.0-255,2902,98539,56,110477
11102,0.006641,172.31.46.0-255,66,98605,56,110477
11103,0.007746,172.217.27.0-255,2902,101507,56,110477
11104,0.00775,172.31.46.0-255,66,101573,56,110477
11105,0.008292,172.217.27.0-255,2902,104475,56,110477
11106,0.008296,172.31.46.0-255,66,104541,56,110477
11107,0.009417,172.217.27.0-255,2902,107443,56,110477
11108,0.009424,172.31.46.0-255,66,107509,56,110477
11109,0.009952,172.217.27.0-255,2902,110411,56,110477
11110,0.009958,172.31.46.0-255,66,110477,56,110477
11111,0.0,172.217.27.0-255,146,146,56,162298
11112,1.2e-05,172.31.46.0-255,66,212,56,162298
11113,1.8e-05,172.217.27.0-255,1484,1696,56,162298
11114,2.1e-05,172.31.46.0-255,66,1762,56,162298
11115,2.6e-05,172.217.27.0-255,2902,4664,56,162298
11116,3e-05,172.31.46.0-255,66,4730,56,162298
11117,3.4e-05,172.217.27.0-255,2902,7632,56,162298
11118,3.6e-05,172.31.46.0-255,66,7698,56,162298
11119,4.2e-05,172.217.27.0-255,4320,12018,56,162298
11120,4.4e-05,172.31.46.0-255,66,12084,56,162298
11121,7e-05,172.217.27.0-255,7156,19240,56,162298
11122,7.2e-05,172.31.46.0-255,66,19306,56,162298
11123,9.3e-05,172.217.27.0-255,2107,21413,56,162298
11124,9.5e-05,172.31.46.0-255,66,21479,56,162298
11125,0.000104,172.31.46.0-255,66,21545,56,162298
11126,0.000124,172.217.27.0-255,1125,22670,56,162298
11127,0.000127,172.31.46.0-255,66,22736,56,162298
11128,0.000223,172.217.27.0-255,1484,24220,56,162298
11129,0.000227,172.31.46.0-255,66,24286,56,162298
11130,0.000232,172.217.27.0-255,2902,27188,56,162298
11131,0.000234,172.31.46.0-255,66,27254,56,162298
11132,0.00025,172.217.27.0-255,5738,32992,56,162298
11133,0.000252,172.31.46.0-255,66,33058,56,162298
11134,0.0003,172.31.46.0-255,66,33124,56,162298
11135,0.000316,172.217.27.0-255,2543,35667,56,162298
11136,0.000318,172.31.46.0-255,66,35733,56,162298
11137,0.000329,172.31.46.0-255,66,35799,56,162298
11138,0.000584,172.217.27.0-255,135,35934,56,162298
11139,0.000589,172.31.46.0-255,66,36000,56,162298
11140,0.000754,172.217.27.0-255,1484,37484,56,162298
11141,0.000761,172.217.27.0-255,2902,40386,56,162298
11142,0.000765,172.31.46.0-255,66,40452,56,162298
11143,0.000791,172.217.27.0-255,5738,46190,56,162298
11144,0.000794,172.31.46.0-255,66,46256,56,162298
11145,0.000799,172.217.27.0-255,4320,50576,56,162298
11146,0.000801,172.31.46.0-255,66,50642,56,162298
11147,0.00082,172.217.27.0-255,6797,57439,56,162298
11148,0.000822,172.31.46.0-255,66,57505,56,162298
11149,0.000833,172.31.46.0-255,66,57571,56,162298
11150,0.000845,172.217.27.0-255,1401,58972,56,162298
11151,0.001247,172.217.27.0-255,1484,60456,56,162298
11152,0.001254,172.31.46.0-255,66,60522,56,162298
11153,0.00126,172.217.27.0-255,2902,63424,56,162298
11154,0.001262,172.31.46.0-255,66,63490,56,162298
11155,0.001267,172.217.27.0-255,4320,67810,56,162298
11156,0.001269,172.31.46.0-255,66,67876,56,162298
11157,0.001274,172.217.27.0-255,4320,72196,56,162298
11158,0.001277,172.31.46.0-255,66,72262,56,162298
11159,0.001298,172.217.27.0-255,4320,76582,56,162298
11160,0.001301,172.31.46.0-255,66,76648,56,162298
11161,0.001308,172.217.27.0-255,5738,82386,56,162298
11162,0.00131,172.31.46.0-255,66,82452,56,162298
11163,0.001327,172.217.27.0-255,4320,86772,56,162298
11164,0.00133,172.31.46.0-255,66,86838,56,162298
11165,0.001366,172.217.27.0-255,4320,91158,56,162298
11166,0.001371,172.31.46.0-255,66,91224,56,162298
11167,0.001386,172.217.27.0-255,2184,93408,56,162298
11168,0.001388,172.31.46.0-255,66,93474,56,162298
11169,0.001489,172.217.27.0-255,1484,94958,56,162298
11170,0.001495,172.217.27.0-255,2902,97860,56,162298
11171,0.001498,172.31.46.0-255,66,97926,56,162298
11172,0.001503,172.217.27.0-255,2902,100828,56,162298
11173,0.001505,172.31.46.0-255,66,100894,56,162298
11174,0.00151,172.217.27.0-255,4320,105214,56,162298
11175,0.001513,172.31.46.0-255,66,105280,56,162298
11176,0.001552,172.31.46.0-255,66,105346,56,162298
11177,0.001556,172.217.27.0-255,2902,108248,56,162298
11178,0.001558,172.31.46.0-255,66,108314,56,162298
11179,0.001582,172.31.46.0-255,66,108380,56,162298
11180,0.001587,172.217.27.0-255,5738,114118,56,162298
11181,0.00159,172.31.46.0-255,66,114184,56,162298
11182,0.001624,172.31.46.0-255,66,114250,56,162298
11183,0.001629,172.217.27.0-255,4320,118570,56,162298
11184,0.001631,172.31.46.0-255,66,118636,56,162298
11185,0.001637,172.217.27.0-255,5738,124374,56,162298
11186,0.00164,172.31.46.0-255,66,124440,56,162298
11187,0.001645,172.217.27.0-255,4320,128760,56,162298
11188,0.001647,172.31.46.0-255,66,128826,56,162298
11189,0.001662,172.217.27.0-255,4320,133146,56,162298
11190,0.001664,172.31.46.0-255,66,133212,56,162298
11191,0.00327,172.217.27.0-255,1484,134696,56,162298
11192,0.003293,172.217.27.0-255,4320,139016,56,162298
11193,0.003299,172.31.46.0-255,66,139082,56,162298
11194,0.004925,172.217.27.0-255,5738,144820,56,162298
11195,0.00493,172.31.46.0-255,66,144886,56,162298
11196,0.006557,172.217.27.0-255,5738,150624,56,162298
11197,0.00656,172.31.46.0-255,66,150690,56,162298
11198,0.008215,172.217.27.0-255,5738,156428,56,162298
11199,0.00822,172.31.46.0-255,66,156494,56,162298
11200,0.009859,172.217.27.0-255,5738,162232,56,162298
11201,0.009866,172.31.46.0-255,66,162298,56,162298
11202,0.0,172.217.194.0-255,146,146,56,210967
11203,2.4e-05,172.31.46.0-255,66,212,56,210967
11204,3.1e-05,172.217.194.0-255,1484,1696,56,210967
11205,3.5e-05,172.31.46.0-255,66,1762,56,210967
11206,4e-05,172.217.194.0-255,2902,4664,56,210967
11207,4.3e-05,172.31.46.0-255,66,4730,56,210967
11208,5e-05,172.217.194.0-255,5738,10468,56,210967
11209,5.3e-05,172.31.46.0-255,66,10534,56,210967
11210,6.4e-05,172.31.46.0-255,66,10600,56,210967
11211,8.6e-05,172.217.194.0-255,1995,12595,56,210967
11212,8.9e-05,172.31.46.0-255,66,12661,56,210967
11213,0.000102,172.31.46.0-255,66,12727,56,210967
11214,0.000126,172.217.194.0-255,1484,14211,56,210967
11215,0.000128,172.31.46.0-255,66,14277,56,210967
11216,0.000133,172.217.194.0-255,2902,17179,56,210967
11217,0.000135,172.31.46.0-255,66,17245,56,210967
11218,0.000157,172.217.194.0-255,5738,22983,56,210967
11219,0.00016,172.31.46.0-255,66,23049,56,210967
11220,0.00017,172.217.194.0-255,1484,24533,56,210967
11221,0.000172,172.31.46.0-255,66,24599,56,210967
11222,0.000196,172.31.46.0-255,66,24665,56,210967
11223,0.000211,172.217.194.0-255,1484,26149,56,210967
11224,0.000213,172.31.46.0-255,66,26215,56,210967
11225,0.00024,172.31.46.0-255,66,26281,56,210967
11226,0.000242,172.217.194.0-255,98,26379,56,210967
11227,0.000244,172.31.46.0-255,66,26445,56,210967
11228,0.000277,172.217.194.0-255,1484,27929,56,210967
11229,0.00028,172.31.46.0-255,66,27995,56,210967
11230,0.000297,172.217.194.0-255,2902,30897,56,210967
11231,0.000302,172.217.194.0-255,2902,33799,56,210967
11232,0.000327,172.217.194.0-255,4320,38119,56,210967
11233,0.000333,172.217.194.0-255,5379,43498,56,210967
11234,0.000371,172.217.194.0-255,4320,47818,56,210967
11235,0.000416,172.217.194.0-255,3681,51499,56,210967
11236,0.000578,172.217.194.0-255,1484,52983,56,210967
11237,0.000584,172.217.194.0-255,2902,55885,56,210967
11238,0.000596,172.217.194.0-255,1484,57369,56,210967
11239,0.000607,172.217.194.0-255,2902,60271,56,210967
11240,0.000617,172.217.194.0-255,1484,61755,56,210967
11241,0.000626,172.31.46.0-255,66,61821,56,210967
11242,0.000635,172.217.194.0-255,2902,64723,56,210967
11243,0.000639,172.31.46.0-255,66,64789,56,210967
11244,0.000655,172.217.194.0-255,2902,67691,56,210967
11245,0.000662,172.217.194.0-255,7156,74847,56,210967
11246,0.000686,172.217.194.0-255,7156,82003,56,210967
11247,0.000696,172.31.46.0-255,66,82069,56,210967
11248,0.000705,172.217.194.0-255,3602,85671,56,210967
11249,0.000734,172.31.46.0-255,66,85737,56,210967
11250,0.000752,172.217.194.0-255,1484,87221,56,210967
11251,0.000757,172.217.194.0-255,2902,90123,56,210967
11252,0.000801,172.31.46.0-255,66,90189,56,210967
11253,0.000813,172.217.194.0-255,5738,95927,56,210967
11254,0.000819,172.217.194.0-255,7156,103083,56,210967
11255,0.000836,172.217.194.0-255,2184,105267,56,210967
11256,0.000867,172.31.46.0-255,66,105333,56,210967
11257,0.00164,172.217.194.0-255,1484,106817,56,210967
11258,0.001657,172.217.194.0-255,2902,109719,56,210967
11259,0.001661,172.31.46.0-255,66,109785,56,210967
11260,0.001665,172.217.194.0-255,1484,111269,56,210967
11261,0.001699,172.217.194.0-255,4320,115589,56,210967
11262,0.001705,172.217.194.0-255,5738,121327,56,210967
11263,0.00172,172.217.194.0-255,5738,127065,56,210967
11264,0.001726,172.31.46.0-255,66,127131,56,210967
11265,0.00175,172.217.194.0-255,7156,134287,56,210967
11266,0.001756,172.217.194.0-255,5020,139307,56,210967
11267,0.001763,172.31.46.0-255,66,139373,56,210967
11268,0.001803,172.217.194.0-255,1484,140857,56,210967
11269,0.001807,172.217.194.0-255,2902,143759,56,210967
11270,0.00181,172.31.46.0-255,66,143825,56,210967
11271,0.001831,172.217.194.0-255,5738,149563,56,210967
11272,0.001836,172.217.194.0-255,2902,152465,56,210967
11273,0.001849,172.31.46.0-255,66,152531,56,210967
11274,0.001852,172.217.194.0-255,1484,154015,56,210967
11275,0.001858,172.217.194.0-255,4320,158335,56,210967
11276,0.001862,172.31.46.0-255,66,158401,56,210967
11277,0.001875,172.217.194.0-255,7156,165557,56,210967
11278,0.001907,172.31.46.0-255,66,165623,56,210967
11279,0.001924,172.31.46.0-255,66,165689,56,210967
11280,0.001945,172.217.194.0-255,4320,170009,56,210967
11281,0.001965,172.217.194.0-255,7156,177165,56,210967
11282,0.001971,172.31.46.0-255,66,177231,56,210967
11283,0.001985,172.217.194.0-255,7156,184387,56,210967
11284,0.00204,172.217.194.0-255,1484,185871,56,210967
11285,0.002072,172.31.46.0-255,66,185937,56,210967
11286,0.002202,172.217.194.0-255,1484,187421,56,210967
11287,0.002208,172.217.194.0-255,2902,190323,56,210967
11288,0.002223,172.217.194.0-255,1484,191807,56,210967
11289,0.002227,172.31.46.0-255,66,191873,56,210967
11290,0.002238,172.217.194.0-255,4320,196193,56,210967
11291,0.002244,172.31.46.0-255,66,196259,56,210967
11292,0.002257,172.217.194.0-255,2902,199161,56,210967
11293,0.002314,172.31.46.0-255,66,199227,56,210967
11294,0.002318,172.31.46.0-255,66,199293,56,210967
11295,0.002357,172.31.46.0-255,66,199359,56,210967
11296,0.004686,172.217.194.0-255,5738,205097,56,210967
11297,0.004693,172.31.46.0-255,66,205163,56,210967
11298,0.007063,172.217.194.0-255,5738,210901,56,210967
11299,0.008702,172.31.46.0-255,66,210967,56,210967
11300,0.0,172.217.194.0-255,153,153,56,152013
11301,1.8e-05,172.31.46.0-255,66,219,56,152013
11302,2.4e-05,172.217.194.0-255,1484,1703,56,152013
11303,2.8e-05,172.31.46.0-255,66,1769,56,152013
11304,3.3e-05,172.217.194.0-255,2902,4671,56,152013
11305,4.4e-05,172.31.46.0-255,66,4737,56,152013
11306,4.9e-05,172.217.194.0-255,4320,9057,56,152013
11307,5.3e-05,172.31.46.0-255,66,9123,56,152013
11308,5.8e-05,172.217.194.0-255,5738,14861,56,152013
11309,6.1e-05,172.31.46.0-255,66,14927,56,152013
11310,9e-05,172.217.194.0-255,3525,18452,56,152013
11311,9.2e-05,172.31.46.0-255,66,18518,56,152013
11312,0.000105,172.31.46.0-255,66,18584,56,152013
11313,0.000214,172.217.194.0-255,1484,20068,56,152013
11314,0.000217,172.31.46.0-255,66,20134,56,152013
11315,0.00022,172.217.194.0-255,1484,21618,56,152013
11316,0.000222,172.31.46.0-255,66,21684,56,152013
11317,0.000243,172.217.194.0-255,1484,23168,56,152013
11318,0.000249,172.31.46.0-255,66,23234,56,152013
11319,0.000257,172.217.194.0-255,5738,28972,56,152013
11320,0.000259,172.31.46.0-255,66,29038,56,152013
11321,0.000293,172.31.46.0-255,66,29104,56,152013
11322,0.000297,172.217.194.0-255,2902,32006,56,152013
11323,0.000299,172.31.46.0-255,66,32072,56,152013
11324,0.000329,172.217.194.0-255,7156,39228,56,152013
11325,0.000331,172.31.46.0-255,66,39294,56,152013
11326,0.000334,172.217.194.0-255,766,40060,56,152013
11327,0.000335,172.31.46.0-255,66,40126,56,152013
11328,0.000377,172.217.194.0-255,343,40469,56,152013
11329,0.000379,172.31.46.0-255,66,40535,56,152013
11330,0.000407,172.217.194.0-255,118,40653,56,152013
11331,0.000442,172.217.194.0-255,1484,42137,56,152013
11332,0.000445,172.31.46.0-255,66,42203,56,152013
11333,0.000448,172.217.194.0-255,1484,43687,56,152013
11334,0.000467,172.217.194.0-255,1484,45171,56,152013
11335,0.000469,172.31.46.0-255,66,45237,56,152013
11336,0.000477,172.217.194.0-255,7156,52393,56,152013
11337,0.000479,172.31.46.0-255,66,52459,56,152013
11338,0.000481,172.217.194.0-255,1484,53943,56,152013
11339,0.000529,172.217.194.0-255,7156,61099,56,152013
11340,0.000531,172.31.46.0-255,66,61165,56,152013
11341,0.00056,172.217.194.0-255,2902,64067,56,152013
11342,0.000562,172.31.46.0-255,66,64133,56,152013
11343,0.000577,172.31.46.0-255,66,64199,56,152013
11344,0.000711,172.217.194.0-255,1484,65683,56,152013
11345,0.000717,172.217.194.0-255,2902,68585,56,152013
11346,0.00072,172.31.46.0-255,66,68651,56,152013
11347,0.000749,172.217.194.0-255,5738,74389,56,152013
11348,0.000752,172.31.46.0-255,66,74455,56,152013
11349,0.000757,172.217.194.0-255,4320,78775,56,152013
11350,0.000759,172.31.46.0-255,66,78841,56,152013
11351,0.00078,172.217.194.0-255,4320,83161,56,152013
11352,0.000782,172.31.46.0-255,66,83227,56,152013
11353,0.000815,172.31.46.0-255,66,83293,56,152013
11354,0.000834,172.217.194.0-255,4472,87765,56,152013
11355,0.000837,172.31.46.0-255,66,87831,56,152013
11356,0.000864,172.217.194.0-255,1484,89315,56,152013
11357,0.00087,172.217.194.0-255,2902,92217,56,152013
11358,0.000873,172.31.46.0-255,66,92283,56,152013
11359,0.000876,172.217.194.0-255,1484,93767,56,152013
11360,0.000902,172.217.194.0-255,4320,98087,56,152013
11361,0.000905,172.31.46.0-255,66,98153,56,152013
11362,0.000911,172.217.194.0-255,5738,103891,56,152013
11363,0.000914,172.31.46.0-255,66,103957,56,152013
11364,0.000933,172.31.46.0-255,66,104023,56,152013
11365,0.000963,172.217.194.0-255,5020,109043,56,152013
11366,0.000966,172.31.46.0-255,66,109109,56,152013
11367,0.001795,172.217.194.0-255,1484,110593,56,152013
11368,0.001805,172.217.194.0-255,2902,113495,56,152013
11369,0.001809,172.31.46.0-255,66,113561,56,152013
11370,0.001817,172.217.194.0-255,5738,119299,56,152013
11371,0.001819,172.31.46.0-255,66,119365,56,152013
11372,0.001837,172.31.46.0-255,66,119431,56,152013
11373,0.001849,172.31.46.0-255,66,119497,56,152013
11374,0.0019,172.31.46.0-255,66,119563,56,152013
11375,0.001943,172.31.46.0-255,66,119629,56,152013
11376,0.001948,172.217.194.0-255,4320,123949,56,152013
11377,0.00195,172.31.46.0-255,66,124015,56,152013
11378,0.001999,172.31.46.0-255,66,124081,56,152013
11379,0.002017,172.31.46.0-255,66,124147,56,152013
11380,0.002086,172.217.194.0-255,1484,125631,56,152013
11381,0.002091,172.217.194.0-255,2902,128533,56,152013
11382,0.002093,172.31.46.0-255,66,128599,56,152013
11383,0.0021,172.217.194.0-255,5738,134337,56,152013
11384,0.002103,172.31.46.0-255,66,134403,56,152013
11385,0.002114,172.31.46.0-255,66,134469,56,152013
11386,0.002129,172.31.46.0-255,66,134535,56,152013
11387,0.00215,172.217.194.0-255,1484,136019,56,152013
11388,0.00419,172.217.194.0-255,4320,140339,56,152013
11389,0.004197,172.31.46.0-255,66,140405,56,152013
11390,0.006261,172.217.194.0-255,5738,146143,56,152013
11391,0.006268,172.31.46.0-255,66,146209,56,152013
11392,0.008299,172.217.194.0-255,5738,151947,56,152013
11393,0.008304,172.31.46.0-255,66,152013,56,152013
11394,0.0,74.125.24.0-255,153,153,56,152282
11395,2.5e-05,172.31.46.0-255,66,219,56,152282
11396,3.2e-05,74.125.24.0-255,1484,1703,56,152282
11397,3.6e-05,172.31.46.0-255,66,1769,56,152282
11398,4.1e-05,74.125.24.0-255,2902,4671,56,152282
11399,5.8e-05,172.31.46.0-255,66,4737,56,152282
11400,6.4e-05,74.125.24.0-255,4320,9057,56,152282
11401,6.6e-05,172.31.46.0-255,66,9123,56,152282
11402,0.000101,74.125.24.0-255,4937,14060,56,152282
11403,0.000103,172.31.46.0-255,66,14126,56,152282
11404,0.00011,74.125.24.0-255,5738,19864,56,152282
11405,0.000112,172.31.46.0-255,66,19930,56,152282
11406,0.000146,172.31.46.0-255,66,19996,56,152282
11407,0.000174,74.125.24.0-255,1125,21121,56,152282
11408,0.000177,172.31.46.0-255,66,21187,56,152282
11409,0.000663,74.125.24.0-255,1484,22671,56,152282
11410,0.000669,172.31.46.0-255,66,22737,56,152282
11411,0.000678,74.125.24.0-255,2902,25639,56,152282
11412,0.000681,172.31.46.0-255,66,25705,56,152282
11413,0.000694,74.125.24.0-255,5738,31443,56,152282
11414,0.000697,172.31.46.0-255,66,31509,56,152282
11415,0.000736,74.125.24.0-255,6797,38306,56,152282
11416,0.00074,172.31.46.0-255,66,38372,56,152282
11417,0.000751,172.31.46.0-255,66,38438,56,152282
11418,0.000811,74.125.24.0-255,7110,45548,56,152282
11419,0.000816,172.31.46.0-255,66,45614,56,152282
11420,0.000819,74.125.24.0-255,110,45724,56,152282
11421,0.000821,172.31.46.0-255,66,45790,56,152282
11422,0.000868,74.125.24.0-255,1484,47274,56,152282
11423,0.000871,172.31.46.0-255,66,47340,56,152282
11424,0.000896,74.125.24.0-255,1484,48824,56,152282
11425,0.000906,74.125.24.0-255,1484,50308,56,152282
11426,0.000909,172.31.46.0-255,66,50374,56,152282
11427,0.000914,74.125.24.0-255,4320,54694,56,152282
11428,0.000917,172.31.46.0-255,66,54760,56,152282
11429,0.00092,74.125.24.0-255,1484,56244,56,152282
11430,0.000955,74.125.24.0-255,7156,63400,56,152282
11431,0.000959,172.31.46.0-255,66,63466,56,152282
11432,0.000965,74.125.24.0-255,5738,69204,56,152282
11433,0.000967,172.31.46.0-255,66,69270,56,152282
11434,0.00099,74.125.24.0-255,1484,70754,56,152282
11435,0.001025,172.31.46.0-255,66,70820,56,152282
11436,0.001314,74.125.24.0-255,1484,72304,56,152282
11437,0.001319,74.125.24.0-255,2902,75206,56,152282
11438,0.001322,172.31.46.0-255,66,75272,56,152282
11439,0.001344,74.125.24.0-255,5738,81010,56,152282
11440,0.001346,172.31.46.0-255,66,81076,56,152282
11441,0.00135,74.125.24.0-255,2902,83978,56,152282
11442,0.001352,172.31.46.0-255,66,84044,56,152282
11443,0.001386,172.31.46.0-255,66,84110,56,152282
11444,0.001413,74.125.24.0-255,5738,89848,56,152282
11445,0.001415,172.31.46.0-255,66,89914,56,152282
11446,0.001451,74.125.24.0-255,5020,94934,56,152282
11447,0.001453,172.31.46.0-255,66,95000,56,152282
11448,0.001506,74.125.24.0-255,1484,96484,56,152282
11449,0.00152,74.125.24.0-255,2902,99386,56,152282
11450,0.001522,172.31.46.0-255,66,99452,56,152282
11451,0.001546,74.125.24.0-255,5738,105190,56,152282
11452,0.001548,172.31.46.0-255,66,105256,56,152282
11453,0.001552,74.125.24.0-255,2902,108158,56,152282
11454,0.001554,172.31.46.0-255,66,108224,56,152282
11455,0.001567,74.125.24.0-255,1484,109708,56,152282
11456,0.001597,172.31.46.0-255,66,109774,56,152282
11457,0.0016,74.125.24.0-255,2902,112676,56,152282
11458,0.001602,172.31.46.0-255,66,112742,56,152282
11459,0.001634,172.31.46.0-255,66,112808,56,152282
11460,0.001789,74.125.24.0-255,1484,114292,56,152282
11461,0.001801,74.125.24.0-255,2902,117194,56,152282
11462,0.001803,172.31.46.0-255,66,117260,56,152282
11463,0.001825,74.125.24.0-255,5738,122998,56,152282
11464,0.001827,172.31.46.0-255,66,123064,56,152282
11465,0.001848,74.125.24.0-255,2902,125966,56,152282
11466,0.00185,172.31.46.0-255,66,126032,56,152282
11467,0.001882,172.31.46.0-255,66,126098,56,152282
11468,0.001903,74.125.24.0-255,2902,129000,56,152282
11469,0.001905,172.31.46.0-255,66,129066,56,152282
11470,0.001932,172.31.46.0-255,66,129132,56,152282
11471,0.003923,74.125.24.0-255,5738,134870,56,152282
11472,0.003925,172.31.46.0-255,66,134936,56,152282
11473,0.005954,74.125.24.0-255,5738,140674,56,152282
11474,0.00596,172.31.46.0-255,66,140740,56,152282
11475,0.007989,74.125.24.0-255,5738,146478,56,152282
11476,0.007996,172.31.46.0-255,66,146544,56,152282
11477,0.009996,74.125.24.0-255,5738,152282,56,152282
11478,0.0,74.125.24.0-255,152,152,56,302198
11479,1.5e-05,172.31.46.0-255,66,218,56,302198
11480,2.1e-05,74.125.24.0-255,1484,1702,56,302198
11481,2.5e-05,172.31.46.0-255,66,1768,56,302198
11482,3e-05,74.125.24.0-255,2902,4670,56,302198
11483,3.9e-05,172.31.46.0-255,66,4736,56,302198
11484,4.3e-05,74.125.24.0-255,2902,7638,56,302198
11485,4.7e-05,172.31.46.0-255,66,7704,56,302198
11486,5e-05,74.125.24.0-255,1484,9188,56,302198
11487,5.2e-05,172.31.46.0-255,66,9254,56,302198
11488,0.0001,172.31.46.0-255,66,9320,56,302198
11489,0.000138,74.125.24.0-255,4320,13640,56,302198
11490,0.00014,172.31.46.0-255,66,13706,56,302198
11491,0.000166,74.125.24.0-255,2902,16608,56,302198
11492,0.000168,172.31.46.0-255,66,16674,56,302198
11493,0.000174,74.125.24.0-255,5379,22053,56,302198
11494,0.000176,172.31.46.0-255,66,22119,56,302198
11495,0.000239,74.125.24.0-255,1484,23603,56,302198
11496,0.000242,172.31.46.0-255,66,23669,56,302198
11497,0.000247,74.125.24.0-255,2902,26571,56,302198
11498,0.000249,172.31.46.0-255,66,26637,56,302198
11499,0.000274,74.125.24.0-255,5738,32375,56,302198
11500,0.000277,172.31.46.0-255,66,32441,56,302198
11501,0.0003,74.125.24.0-255,4320,36761,56,302198
11502,0.000302,172.31.46.0-255,66,36827,56,302198
11503,0.000328,74.125.24.0-255,2543,39370,56,302198
11504,0.00033,172.31.46.0-255,66,39436,56,302198
11505,0.000646,74.125.24.0-255,1484,40920,56,302198
11506,0.000651,172.31.46.0-255,66,40986,56,302198
11507,0.000656,74.125.24.0-255,2902,43888,56,302198
11508,0.000658,172.31.46.0-255,66,43954,56,302198
11509,0.000661,74.125.24.0-255,1484,45438,56,302198
11510,0.000691,74.125.24.0-255,4320,49758,56,302198
11511,0.000693,172.31.46.0-255,66,49824,56,302198
11512,0.000698,74.125.24.0-255,4320,54144,56,302198
11513,0.0007,172.31.46.0-255,66,54210,56,302198
11514,0.00072,74.125.24.0-255,2543,56753,56,302198
11515,0.000727,172.31.46.0-255,66,56819,56,302198
11516,0.00085,74.125.24.0-255,1484,58303,56,302198
11517,0.000855,74.125.24.0-255,2902,61205,56,302198
11518,0.000857,172.31.46.0-255,66,61271,56,302198
11519,0.000884,74.125.24.0-255,5738,67009,56,302198
11520,0.000886,172.31.46.0-255,66,67075,56,302198
11521,0.00091,74.125.24.0-255,1484,68559,56,302198
11522,0.000921,74.125.24.0-255,2902,71461,56,302198
11523,0.000923,172.31.46.0-255,66,71527,56,302198
11524,0.000947,74.125.24.0-255,2543,74070,56,302198
11525,0.000949,172.31.46.0-255,66,74136,56,302198
11526,0.000951,74.125.24.0-255,647,74783,56,302198
11527,0.001161,172.31.46.0-255,66,74849,56,302198
11528,0.001548,74.125.24.0-255,1484,76333,56,302198
11529,0.001559,74.125.24.0-255,2902,79235,56,302198
11530,0.001564,172.31.46.0-255,66,79301,56,302198
11531,0.001572,74.125.24.0-255,5738,85039,56,302198
11532,0.001574,172.31.46.0-255,66,85105,56,302198
11533,0.001601,74.125.24.0-255,2902,88007,56,302198
11534,0.001603,172.31.46.0-255,66,88073,56,302198
11535,0.001639,172.31.46.0-255,66,88139,56,302198
11536,0.001691,74.125.24.0-255,1484,89623,56,302198
11537,0.001709,74.125.24.0-255,2902,92525,56,302198
11538,0.001712,172.31.46.0-255,66,92591,56,302198
11539,0.00175,74.125.24.0-255,6438,99029,56,302198
11540,0.001752,172.31.46.0-255,66,99095,56,302198
11541,0.00184,74.125.24.0-255,1484,100579,56,302198
11542,0.00186,74.125.24.0-255,2902,103481,56,302198
11543,0.001864,172.31.46.0-255,66,103547,56,302198
11544,0.001891,74.125.24.0-255,5738,109285,56,302198
11545,0.001894,172.31.46.0-255,66,109351,56,302198
11546,0.001917,74.125.24.0-255,1484,110835,56,302198
11547,0.001929,74.125.24.0-255,2902,113737,56,302198
11548,0.001931,172.31.46.0-255,66,113803,56,302198
11549,0.001968,74.125.24.0-255,2543,116346,56,302198
11550,0.001972,172.31.46.0-255,66,116412,56,302198
11551,0.002172,74.125.24.0-255,1484,117896,56,302198
11552,0.002178,74.125.24.0-255,1484,119380,56,302198
11553,0.002182,172.31.46.0-255,66,119446,56,302198
11554,0.002212,74.125.24.0-255,1484,120930,56,302198
11555,0.00222,74.125.24.0-255,5738,126668,56,302198
11556,0.002222,172.31.46.0-255,66,126734,56,302198
11557,0.002228,74.125.24.0-255,4320,131054,56,302198
11558,0.00223,172.31.46.0-255,66,131120,56,302198
11559,0.002259,74.125.24.0-255,7156,138276,56,302198
11560,0.002262,172.31.46.0-255,66,138342,56,302198
11561,0.002295,74.125.24.0-255,7156,145498,56,302198
11562,0.002298,172.31.46.0-255,66,145564,56,302198
11563,0.002325,74.125.24.0-255,5020,150584,56,302198
11564,0.002327,172.31.46.0-255,66,150650,56,302198
11565,0.002444,74.125.24.0-255,1484,152134,56,302198
11566,0.002466,74.125.24.0-255,2902,155036,56,302198
11567,0.002469,172.31.46.0-255,66,155102,56,302198
11568,0.002475,74.125.24.0-255,5738,160840,56,302198
11569,0.002477,172.31.46.0-255,66,160906,56,302198
11570,0.002499,74.125.24.0-255,4320,165226,56,302198
11571,0.002502,172.31.46.0-255,66,165292,56,302198
11572,0.002559,74.125.24.0-255,4320,169612,56,302198
11573,0.002562,172.31.46.0-255,66,169678,56,302198
11574,0.002589,74.125.24.0-255,7156,176834,56,302198
11575,0.002591,172.31.46.0-255,66,176900,56,302198
11576,0.002597,74.125.24.0-255,4320,181220,56,302198
11577,0.002599,172.31.46.0-255,66,181286,56,302198
11578,0.002626,74.125.24.0-255,3602,184888,56,302198
11579,0.002629,172.31.46.0-255,66,184954,56,302198
11580,0.002897,74.125.24.0-255,1484,186438,56,302198
11581,0.002914,74.125.24.0-255,2902,189340,56,302198
11582,0.002917,172.31.46.0-255,66,189406,56,302198
11583,0.002922,74.125.24.0-255,5738,195144,56,302198
11584,0.002925,172.31.46.0-255,66,195210,56,302198
11585,0.002941,74.125.24.0-255,1484,196694,56,302198
11586,0.002964,74.125.24.0-255,4320,201014,56,302198
11587,0.002966,172.31.46.0-255,66,201080,56,302198
11588,0.003001,172.31.46.0-255,66,201146,56,302198
11589,0.003075,74.125.24.0-255,4320,205466,56,302198
11590,0.003078,172.31.46.0-255,66,205532,56,302198
11591,0.003101,74.125.24.0-255,766,206298,56,302198
11592,0.003161,74.125.24.0-255,1484,207782,56,302198
11593,0.003164,172.31.46.0-255,66,207848,56,302198
11594,0.003168,74.125.24.0-255,2902,210750,56,302198
11595,0.003171,172.31.46.0-255,66,210816,56,302198
11596,0.003206,74.125.24.0-255,5738,216554,56,302198
11597,0.003209,172.31.46.0-255,66,216620,56,302198
11598,0.003251,74.125.24.0-255,2902,219522,56,302198
11599,0.003254,172.31.46.0-255,66,219588,56,302198
11600,0.003286,172.31.46.0-255,66,219654,56,302198
11601,0.003322,172.31.46.0-255,66,219720,56,302198
11602,0.003381,74.125.24.0-255,5738,225458,56,302198
11603,0.003386,172.31.46.0-255,66,225524,56,302198
11604,0.00342,74.125.24.0-255,7156,232680,56,302198
11605,0.003424,172.31.46.0-255,66,232746,56,302198
11606,0.003461,74.125.24.0-255,7156,239902,56,302198
11607,0.003581,74.125.24.0-255,2902,242804,56,302198
11608,0.003631,74.125.24.0-255,4320,247124,56,302198
11609,0.003731,74.125.24.0-255,7156,254280,56,302198
11610,0.003746,74.125.24.0-255,3602,257882,56,302198
11611,0.003846,172.31.46.0-255,66,257948,56,302198
11612,0.003981,74.125.24.0-255,1484,259432,56,302198
11613,0.003993,74.125.24.0-255,2902,262334,56,302198
11614,0.003996,74.125.24.0-255,1484,263818,56,302198
11615,0.004017,74.125.24.0-255,4320,268138,56,302198
11616,0.004019,74.125.24.0-255,1484,269622,56,302198
11617,0.004022,172.31.46.0-255,66,269688,56,302198
11618,0.004027,172.31.46.0-255,66,269754,56,302198
11619,0.004067,172.31.46.0-255,66,269820,56,302198
11620,0.004117,74.125.24.0-255,5738,275558,56,302198
11621,0.004135,74.125.24.0-255,5020,280578,56,302198
11622,0.004138,172.31.46.0-255,66,280644,56,302198
11623,0.004145,172.31.46.0-255,66,280710,56,302198
11624,0.004185,74.125.24.0-255,4320,285030,56,302198
11625,0.004194,172.31.46.0-255,66,285096,56,302198
11626,0.00422,172.31.46.0-255,66,285162,56,302198
11627,0.004324,74.125.24.0-255,4320,289482,56,302198
11628,0.004345,74.125.24.0-255,6438,295920,56,302198
11629,0.00435,172.31.46.0-255,66,295986,56,302198
11630,0.004399,74.125.24.0-255,5738,301724,56,302198
11631,0.004408,172.31.46.0-255,66,301790,56,302198
11632,0.004446,172.31.46.0-255,66,301856,56,302198
11633,0.004463,74.125.24.0-255,105,301961,56,302198
11634,0.00623,172.31.46.0-255,66,302027,56,302198
11635,0.006263,172.31.46.0-255,105,302132,56,302198
11636,0.00876,74.125.24.0-255,66,302198,56,302198
11637,0.0,74.125.24.0-255,152,152,56,292899
11638,1.6e-05,172.31.46.0-255,66,218,56,292899
11639,2.2e-05,74.125.24.0-255,1484,1702,56,292899
11640,2.6e-05,172.31.46.0-255,66,1768,56,292899
11641,3.1e-05,74.125.24.0-255,2902,4670,56,292899
11642,3.9e-05,172.31.46.0-255,66,4736,56,292899
11643,4.7e-05,74.125.24.0-255,7156,11892,56,292899
11644,4.9e-05,172.31.46.0-255,66,11958,56,292899
11645,9.1e-05,172.31.46.0-255,66,12024,56,292899
11646,9.6e-05,74.125.24.0-255,4320,16344,56,292899
11647,9.8e-05,172.31.46.0-255,66,16410,56,292899
11648,0.000123,74.125.24.0-255,6797,23207,56,292899
11649,0.000129,172.31.46.0-255,66,23273,56,292899
11650,0.000177,74.125.24.0-255,1484,24757,56,292899
11651,0.000179,172.31.46.0-255,66,24823,56,292899
11652,0.000203,74.125.24.0-255,2902,27725,56,292899
11653,0.000205,172.31.46.0-255,66,27791,56,292899
11654,0.00021,74.125.24.0-255,5738,33529,56,292899
11655,0.000212,172.31.46.0-255,66,33595,56,292899
11656,0.000264,172.31.46.0-255,66,33661,56,292899
11657,0.000304,172.31.46.0-255,66,33727,56,292899
11658,0.000306,74.125.24.0-255,356,34083,56,292899
11659,0.000308,172.31.46.0-255,66,34149,56,292899
11660,0.000326,74.125.24.0-255,134,34283,56,292899
11661,0.000331,172.31.46.0-255,66,34349,56,292899
11662,0.000476,74.125.24.0-255,1484,35833,56,292899
11663,0.00048,172.31.46.0-255,66,35899,56,292899
11664,0.000484,74.125.24.0-255,1484,37383,56,292899
11665,0.000486,172.31.46.0-255,66,37449,56,292899
11666,0.000511,74.125.24.0-255,1484,38933,56,292899
11667,0.000522,74.125.24.0-255,5738,44671,56,292899
11668,0.000526,74.125.24.0-255,4320,48991,56,292899
11669,0.000534,172.31.46.0-255,66,49057,56,292899
11670,0.000554,74.125.24.0-255,4320,53377,56,292899
11671,0.000558,172.31.46.0-255,66,53443,56,292899
11672,0.000581,74.125.24.0-255,6438,59881,56,292899
11673,0.000622,74.125.24.0-255,4604,64485,56,292899
11674,0.000627,74.125.24.0-255,5738,70223,56,292899
11675,0.000635,172.31.46.0-255,66,70289,56,292899
11676,0.000688,172.31.46.0-255,66,70355,56,292899
11677,0.00069,74.125.24.0-255,766,71121,56,292899
11678,0.000974,74.125.24.0-255,1484,72605,56,292899
11679,0.000979,74.125.24.0-255,2902,75507,56,292899
11680,0.000991,74.125.24.0-255,1484,76991,56,292899
11681,0.000994,172.31.46.0-255,66,77057,56,292899
11682,0.00101,74.125.24.0-255,4320,81377,56,292899
11683,0.001017,74.125.24.0-255,4320,85697,56,292899
11684,0.001025,172.31.46.0-255,66,85763,56,292899
11685,0.00107,74.125.24.0-255,4320,90083,56,292899
11686,0.001073,172.31.46.0-255,66,90149,56,292899
11687,0.001077,172.31.46.0-255,66,90215,56,292899
11688,0.001097,74.125.24.0-255,3602,93817,56,292899
11689,0.001106,172.31.46.0-255,66,93883,56,292899
11690,0.001519,74.125.24.0-255,1484,95367,56,292899
11691,0.001533,74.125.24.0-255,2902,98269,56,292899
11692,0.001536,172.31.46.0-255,66,98335,56,292899
11693,0.001566,74.125.24.0-255,5738,104073,56,292899
11694,0.001573,74.125.24.0-255,7156,111229,56,292899
11695,0.001596,74.125.24.0-255,2902,114131,56,292899
11696,0.001599,172.31.46.0-255,66,114197,56,292899
11697,0.001603,172.31.46.0-255,66,114263,56,292899
11698,0.001641,74.125.24.0-255,2184,116447,56,292899
11699,0.00165,172.31.46.0-255,66,116513,56,292899
11700,0.002277,74.125.24.0-255,1484,117997,56,292899
11701,0.002283,74.125.24.0-255,2902,120899,56,292899
11702,0.002287,172.31.46.0-255,66,120965,56,292899
11703,0.002322,74.125.24.0-255,1484,122449,56,292899
11704,0.002338,74.125.24.0-255,2902,125351,56,292899
11705,0.002372,74.125.24.0-255,5738,131089,56,292899
11706,0.002389,74.125.24.0-255,1484,132573,56,292899
11707,0.002406,74.125.24.0-255,2902,135475,56,292899
11708,0.002426,74.125.24.0-255,2902,138377,56,292899
11709,0.002442,74.125.24.0-255,2902,141279,56,292899
11710,0.002446,74.125.24.0-255,2902,144181,56,292899
11711,0.002497,74.125.24.0-255,6438,150619,56,292899
11712,0.002714,74.125.24.0-255,1484,152103,56,292899
11713,0.00272,74.125.24.0-255,2902,155005,56,292899
11714,0.002723,74.125.24.0-255,1484,156489,56,292899
11715,0.002736,74.125.24.0-255,1484,157973,56,292899
11716,0.002757,74.125.24.0-255,2902,160875,56,292899
11717,0.002777,74.125.24.0-255,5738,166613,56,292899
11718,0.002822,74.125.24.0-255,1484,168097,56,292899
11719,0.002826,74.125.24.0-255,2902,170999,56,292899
11720,0.002831,74.125.24.0-255,5020,176019,56,292899
11721,0.002846,74.125.24.0-255,2902,178921,56,292899
11722,0.002861,74.125.24.0-255,7156,186077,56,292899
11723,0.002866,74.125.24.0-255,4320,190397,56,292899
11724,0.002871,74.125.24.0-255,4320,194717,56,292899
11725,0.002915,74.125.24.0-255,5738,200455,56,292899
11726,0.002922,74.125.24.0-255,5738,206193,56,292899
11727,0.002938,74.125.24.0-255,3602,209795,56,292899
11728,0.002945,74.125.24.0-255,7156,216951,56,292899
11729,0.002959,74.125.24.0-255,4320,221271,56,292899
11730,0.002973,74.125.24.0-255,4320,225591,56,292899
11731,0.002995,74.125.24.0-255,1484,227075,56,292899
11732,0.003033,74.125.24.0-255,2184,229259,56,292899
11733,0.003035,74.125.24.0-255,1484,230743,56,292899
11734,0.003039,74.125.24.0-255,2902,233645,56,292899
11735,0.003058,74.125.24.0-255,2902,236547,56,292899
11736,0.003066,74.125.24.0-255,7156,243703,56,292899
11737,0.003084,74.125.24.0-255,5738,249441,56,292899
11738,0.003098,74.125.24.0-255,2902,252343,56,292899
11739,0.003103,74.125.24.0-255,4320,256663,56,292899
11740,0.003119,74.125.24.0-255,6438,263101,56,292899
11741,0.003147,74.125.24.0-255,5738,268839,56,292899
11742,0.003152,74.125.24.0-255,4320,273159,56,292899
11743,0.003169,74.125.24.0-255,2902,276061,56,292899
11744,0.003184,74.125.24.0-255,4320,280381,56,292899
11745,0.003187,74.125.24.0-255,1484,281865,56,292899
11746,0.003215,74.125.24.0-255,3602,285467,56,292899
11747,0.003265,74.125.24.0-255,7156,292623,56,292899
11748,0.003336,74.125.24.0-255,105,292728,56,292899
11749,0.007704,172.31.46.0-255,66,292794,56,292899
11750,0.009153,172.31.46.0-255,105,292899,56,292899
11751,0.0,172.217.194.0-255,146,146,56,110482
11752,2.5e-05,172.31.46.0-255,66,212,56,110482
11753,3.2e-05,172.217.194.0-255,1484,1696,56,110482
11754,3.8e-05,172.31.46.0-255,66,1762,56,110482
11755,4.4e-05,172.217.194.0-255,2902,4664,56,110482
11756,5.5e-05,172.31.46.0-255,66,4730,56,110482
11757,6.3e-05,172.217.194.0-255,7156,11886,56,110482
11758,6.6e-05,172.31.46.0-255,66,11952,56,110482
11759,6.9e-05,172.217.194.0-255,1484,13436,56,110482
11760,7.2e-05,172.31.46.0-255,66,13502,56,110482
11761,0.000124,172.31.46.0-255,66,13568,56,110482
11762,0.000128,172.217.194.0-255,1484,15052,56,110482
11763,0.000129,172.31.46.0-255,66,15118,56,110482
11764,0.000133,172.217.194.0-255,1125,16243,56,110482
11765,0.000135,172.31.46.0-255,66,16309,56,110482
11766,0.000218,172.217.194.0-255,1484,17793,56,110482
11767,0.000222,172.31.46.0-255,66,17859,56,110482
11768,0.000268,172.217.194.0-255,2902,20761,56,110482
11769,0.000271,172.31.46.0-255,66,20827,56,110482
11770,0.000278,172.217.194.0-255,5738,26565,56,110482
11771,0.00028,172.31.46.0-255,66,26631,56,110482
11772,0.000295,172.31.46.0-255,66,26697,56,110482
11773,0.000303,172.217.194.0-255,7156,33853,56,110482
11774,0.000307,172.31.46.0-255,66,33919,56,110482
11775,0.000338,172.217.194.0-255,2848,36767,56,110482
11776,0.000341,172.31.46.0-255,66,36833,56,110482
11777,0.000364,172.217.194.0-255,383,37216,56,110482
11778,0.000366,172.31.46.0-255,66,37282,56,110482
11779,0.000862,172.217.194.0-255,1484,38766,56,110482
11780,0.000868,172.31.46.0-255,66,38832,56,110482
11781,0.000894,172.217.194.0-255,2902,41734,56,110482
11782,0.000897,172.31.46.0-255,66,41800,56,110482
11783,0.000905,172.217.194.0-255,5738,47538,56,110482
11784,0.000907,172.31.46.0-255,66,47604,56,110482
11785,0.000921,172.31.46.0-255,66,47670,56,110482
11786,0.000924,172.217.194.0-255,1484,49154,56,110482
11787,0.000974,172.31.46.0-255,66,49220,56,110482
11788,0.001688,172.217.194.0-255,1484,50704,56,110482
11789,0.001698,172.217.194.0-255,2902,53606,56,110482
11790,0.001703,172.31.46.0-255,66,53672,56,110482
11791,0.00171,172.217.194.0-255,4320,57992,56,110482
11792,0.001713,172.31.46.0-255,66,58058,56,110482
11793,0.001734,172.217.194.0-255,1484,59542,56,110482
11794,0.001782,172.31.46.0-255,66,59608,56,110482
11795,0.001793,172.31.46.0-255,66,59674,56,110482
11796,0.001817,172.217.194.0-255,2184,61858,56,110482
11797,0.00182,172.31.46.0-255,66,61924,56,110482
11798,0.001879,172.217.194.0-255,1484,63408,56,110482
11799,0.001885,172.217.194.0-255,2902,66310,56,110482
11800,0.001887,172.31.46.0-255,66,66376,56,110482
11801,0.001891,172.217.194.0-255,1484,67860,56,110482
11802,0.001916,172.217.194.0-255,4320,72180,56,110482
11803,0.001919,172.31.46.0-255,66,72246,56,110482
11804,0.001924,172.217.194.0-255,2902,75148,56,110482
11805,0.001925,172.31.46.0-255,66,75214,56,110482
11806,0.001958,172.217.194.0-255,4320,79534,56,110482
11807,0.001961,172.31.46.0-255,66,79600,56,110482
11808,0.001976,172.31.46.0-255,66,79666,56,110482
11809,0.00198,172.217.194.0-255,2184,81850,56,110482
11810,0.001982,172.31.46.0-255,66,81916,56,110482
11811,0.002012,172.217.194.0-255,1484,83400,56,110482
11812,0.00204,172.217.194.0-255,5738,89138,56,110482
11813,0.002043,172.31.46.0-255,66,89204,56,110482
11814,0.002059,172.31.46.0-255,66,89270,56,110482
11815,0.002064,172.217.194.0-255,4320,93590,56,110482
11816,0.002066,172.31.46.0-255,66,93656,56,110482
11817,0.002115,172.31.46.0-255,66,93722,56,110482
11818,0.002118,172.217.194.0-255,766,94488,56,110482
11819,0.004373,172.217.194.0-255,4320,98808,56,110482
11820,0.004382,172.31.46.0-255,66,98874,56,110482
11821,0.006664,172.217.194.0-255,5738,104612,56,110482
11822,0.006669,172.31.46.0-255,66,104678,56,110482
11823,0.008993,172.217.194.0-255,5738,110416,56,110482
11824,0.009002,172.31.46.0-255,66,110482,56,110482
11825,0.0,74.125.24.0-255,150,150,56,125026
11826,2.4e-05,172.31.46.0-255,66,216,56,125026
11827,3.1e-05,74.125.24.0-255,1484,1700,56,125026
11828,3.5e-05,172.31.46.0-255,66,1766,56,125026
11829,4.1e-05,74.125.24.0-255,2902,4668,56,125026
11830,5.1e-05,172.31.46.0-255,66,4734,56,125026
11831,5.9e-05,74.125.24.0-255,7156,11890,56,125026
11832,6.3e-05,172.31.46.0-255,66,11956,56,125026
11833,6.8e-05,74.125.24.0-255,2046,14002,56,125026
11834,7.1e-05,172.31.46.0-255,66,14068,56,125026
11835,0.00012,74.125.24.0-255,1484,15552,56,125026
11836,0.000122,172.31.46.0-255,66,15618,56,125026
11837,0.000147,74.125.24.0-255,2902,18520,56,125026
11838,0.00015,172.31.46.0-255,66,18586,56,125026
11839,0.00018,74.125.24.0-255,2902,21488,56,125026
11840,0.000183,172.31.46.0-255,66,21554,56,125026
11841,0.000191,74.125.24.0-255,7156,28710,56,125026
11842,0.000193,172.31.46.0-255,66,28776,56,125026
11843,0.000213,74.125.24.0-255,2543,31319,56,125026
11844,0.000216,172.31.46.0-255,66,31385,56,125026
11845,0.00032,74.125.24.0-255,1484,32869,56,125026
11846,0.000325,172.31.46.0-255,66,32935,56,125026
11847,0.00033,74.125.24.0-255,2902,35837,56,125026
11848,0.000332,172.31.46.0-255,66,35903,56,125026
11849,0.000366,74.125.24.0-255,5738,41641,56,125026
11850,0.000369,172.31.46.0-255,66,41707,56,125026
11851,0.000376,74.125.24.0-255,5738,47445,56,125026
11852,0.000378,172.31.46.0-255,66,47511,56,125026
11853,0.000439,172.31.46.0-255,66,47577,56,125026
11854,0.000485,74.125.24.0-255,5379,52956,56,125026
11855,0.000488,172.31.46.0-255,66,53022,56,125026
11856,0.000494,74.125.24.0-255,3961,56983,56,125026
11857,0.000496,172.31.46.0-255,66,57049,56,125026
11858,0.000865,74.125.24.0-255,647,57696,56,125026
11859,0.001022,74.125.24.0-255,1484,59180,56,125026
11860,0.001027,172.31.46.0-255,66,59246,56,125026
11861,0.001033,74.125.24.0-255,2902,62148,56,125026
11862,0.001035,172.31.46.0-255,66,62214,56,125026
11863,0.001067,74.125.24.0-255,5738,67952,56,125026
11864,0.00107,172.31.46.0-255,66,68018,56,125026
11865,0.001084,172.31.46.0-255,66,68084,56,125026
11866,0.001092,74.125.24.0-255,5738,73822,56,125026
11867,0.001094,172.31.46.0-255,66,73888,56,125026
11868,0.001123,74.125.24.0-255,5020,78908,56,125026
11869,0.001126,172.31.46.0-255,66,78974,56,125026
11870,0.00149,74.125.24.0-255,1484,80458,56,125026
11871,0.001496,74.125.24.0-255,1484,81942,56,125026
11872,0.001498,172.31.46.0-255,66,82008,56,125026
11873,0.001516,74.125.24.0-255,1484,83492,56,125026
11874,0.001523,74.125.24.0-255,5738,89230,56,125026
11875,0.001526,172.31.46.0-255,66,89296,56,125026
11876,0.001559,172.31.46.0-255,66,89362,56,125026
11877,0.001593,172.31.46.0-255,66,89428,56,125026
11878,0.001599,74.125.24.0-255,5020,94448,56,125026
11879,0.001601,172.31.46.0-255,66,94514,56,125026
11880,0.001694,74.125.24.0-255,1484,95998,56,125026
11881,0.001698,74.125.24.0-255,1484,97482,56,125026
11882,0.001701,172.31.46.0-255,66,97548,56,125026
11883,0.001727,74.125.24.0-255,1484,99032,56,125026
11884,0.001735,74.125.24.0-255,5738,104770,56,125026
11885,0.001737,172.31.46.0-255,66,104836,56,125026
11886,0.001751,172.31.46.0-255,66,104902,56,125026
11887,0.001761,172.31.46.0-255,66,104968,56,125026
11888,0.001798,74.125.24.0-255,2184,107152,56,125026
11889,0.001801,172.31.46.0-255,66,107218,56,125026
11890,0.004002,74.125.24.0-255,2902,110120,56,125026
11891,0.004008,172.31.46.0-255,66,110186,56,125026
11892,0.004052,74.125.24.0-255,2902,113088,56,125026
11893,0.004055,172.31.46.0-255,66,113154,56,125026
11894,0.006273,74.125.24.0-255,2902,116056,56,125026
11895,0.006279,172.31.46.0-255,66,116122,56,125026
11896,0.006346,74.125.24.0-255,2902,119024,56,125026
11897,0.006348,172.31.46.0-255,66,119090,56,125026
11898,0.008553,74.125.24.0-255,2902,121992,56,125026
11899,0.008558,172.31.46.0-255,66,122058,56,125026
11900,0.008592,74.125.24.0-255,2902,124960,56,125026
11901,0.008595,172.31.46.0-255,66,125026,56,125026
11902,0.0,172.217.194.0-255,153,153,56,187464
11903,2.4e-05,172.31.46.0-255,66,219,56,187464
11904,3.1e-05,172.217.194.0-255,1484,1703,56,187464
11905,3.6e-05,172.31.46.0-255,66,1769,56,187464
11906,4.3e-05,172.217.194.0-255,2902,4671,56,187464
11907,4.6e-05,172.31.46.0-255,66,4737,56,187464
11908,5.4e-05,172.217.194.0-255,7156,11893,56,187464
11909,5.7e-05,172.31.46.0-255,66,11959,56,187464
11910,6.5e-05,172.217.194.0-255,6326,18285,56,187464
11911,6.8e-05,172.31.46.0-255,66,18351,56,187464
11912,7.2e-05,172.217.194.0-255,1484,19835,56,187464
11913,7.4e-05,172.31.46.0-255,66,19901,56,187464
11914,9.9e-05,172.217.194.0-255,5738,25639,56,187464
11915,0.000102,172.31.46.0-255,66,25705,56,187464
11916,0.000121,172.217.194.0-255,5379,31084,56,187464
11917,0.000123,172.31.46.0-255,66,31150,56,187464
11918,0.000163,172.217.194.0-255,1484,32634,56,187464
11919,0.000166,172.31.46.0-255,66,32700,56,187464
11920,0.00018,172.217.194.0-255,2902,35602,56,187464
11921,0.000183,172.31.46.0-255,66,35668,56,187464
11922,0.000189,172.217.194.0-255,5738,41406,56,187464
11923,0.000191,172.31.46.0-255,66,41472,56,187464
11924,0.000213,172.217.194.0-255,4320,45792,56,187464
11925,0.000215,172.31.46.0-255,66,45858,56,187464
11926,0.00024,172.31.46.0-255,66,45924,56,187464
11927,0.000296,172.217.194.0-255,4320,50244,56,187464
11928,0.000299,172.31.46.0-255,66,50310,56,187464
11929,0.000322,172.217.194.0-255,7142,57452,56,187464
11930,0.000325,172.31.46.0-255,66,57518,56,187464
11931,0.000354,172.217.194.0-255,362,57880,56,187464
11932,0.000357,172.31.46.0-255,66,57946,56,187464
11933,0.000477,172.217.194.0-255,1484,59430,56,187464
11934,0.000483,172.217.194.0-255,1484,60914,56,187464
11935,0.000487,172.31.46.0-255,66,60980,56,187464
11936,0.000503,172.217.194.0-255,1484,62464,56,187464
11937,0.00051,172.217.194.0-255,5738,68202,56,187464
11938,0.000513,172.31.46.0-255,66,68268,56,187464
11939,0.000517,172.217.194.0-255,2902,71170,56,187464
11940,0.00052,172.31.46.0-255,66,71236,56,187464
11941,0.000557,172.31.46.0-255,66,71302,56,187464
11942,0.000569,172.31.46.0-255,66,71368,56,187464
11943,0.001236,172.217.194.0-255,1484,72852,56,187464
11944,0.001244,172.217.194.0-255,2902,75754,56,187464
11945,0.001247,172.31.46.0-255,66,75820,56,187464
11946,0.001279,172.217.194.0-255,4320,80140,56,187464
11947,0.001281,172.31.46.0-255,66,80206,56,187464
11948,0.001307,172.217.194.0-255,1484,81690,56,187464
11949,0.001321,172.31.46.0-255,66,81756,56,187464
11950,0.001332,172.31.46.0-255,66,81822,56,187464
11951,0.001432,172.217.194.0-255,1484,83306,56,187464
11952,0.001449,172.217.194.0-255,2902,86208,56,187464
11953,0.001453,172.31.46.0-255,66,86274,56,187464
11954,0.001456,172.217.194.0-255,1484,87758,56,187464
11955,0.001479,172.217.194.0-255,4320,92078,56,187464
11956,0.001481,172.31.46.0-255,66,92144,56,187464
11957,0.001486,172.217.194.0-255,2902,95046,56,187464
11958,0.001488,172.31.46.0-255,66,95112,56,187464
11959,0.001515,172.31.46.0-255,66,95178,56,187464
11960,0.001525,172.31.46.0-255,66,95244,56,187464
11961,0.001549,172.217.194.0-255,2184,97428,56,187464
11962,0.001552,172.31.46.0-255,66,97494,56,187464
11963,0.001715,172.217.194.0-255,1484,98978,56,187464
11964,0.00172,172.217.194.0-255,1484,100462,56,187464
11965,0.001723,172.31.46.0-255,66,100528,56,187464
11966,0.001736,172.217.194.0-255,1484,102012,56,187464
11967,0.00174,172.217.194.0-255,2902,104914,56,187464
11968,0.001743,172.31.46.0-255,66,104980,56,187464
11969,0.001764,172.217.194.0-255,2902,107882,56,187464
11970,0.001767,172.31.46.0-255,66,107948,56,187464
11971,0.001778,172.31.46.0-255,66,108014,56,187464
11972,0.001794,172.217.194.0-255,4320,112334,56,187464
11973,0.001797,172.31.46.0-255,66,112400,56,187464
11974,0.001813,172.217.194.0-255,4320,116720,56,187464
11975,0.001815,172.31.46.0-255,66,116786,56,187464
11976,0.001837,172.217.194.0-255,6438,123224,56,187464
11977,0.001839,172.31.46.0-255,66,123290,56,187464
11978,0.001859,172.217.194.0-255,1484,124774,56,187464
11979,0.001884,172.217.194.0-255,2902,127676,56,187464
11980,0.001886,172.31.46.0-255,66,127742,56,187464
11981,0.001894,172.217.194.0-255,5738,133480,56,187464
11982,0.001896,172.31.46.0-255,66,133546,56,187464
11983,0.001902,172.217.194.0-255,4320,137866,56,187464
11984,0.001904,172.31.46.0-255,66,137932,56,187464
11985,0.001933,172.31.46.0-255,66,137998,56,187464
11986,0.001947,172.31.46.0-255,66,138064,56,187464
11987,0.002162,172.217.194.0-255,1484,139548,56,187464
11988,0.002168,172.217.194.0-255,2902,142450,56,187464
11989,0.002171,172.31.46.0-255,66,142516,56,187464
11990,0.002178,172.217.194.0-255,5738,148254,56,187464
11991,0.00218,172.31.46.0-255,66,148320,56,187464
11992,0.00237,172.217.194.0-255,1484,149804,56,187464
11993,0.002376,172.217.194.0-255,2902,152706,56,187464
11994,0.00239,172.217.194.0-255,2902,155608,56,187464
11995,0.002408,172.217.194.0-255,2902,158510,56,187464
11996,0.002415,172.217.194.0-255,5738,164248,56,187464
11997,0.002437,172.217.194.0-255,7156,171404,56,187464
11998,0.002499,172.217.194.0-255,1484,172888,56,187464
11999,0.002503,172.217.194.0-255,2902,175790,56,187464
12000,0.002508,172.217.194.0-255,2902,178692,56,187464
12001,0.002521,172.217.194.0-255,2902,181594,56,187464
12002,0.002526,172.217.194.0-255,4320,185914,56,187464
12003,0.002575,172.217.194.0-255,1484,187398,56,187464
12004,0.007827,172.31.46.0-255,66,187464,56,187464
12005,0.0,172.217.194.0-255,156,156,56,193977
12006,1.2e-05,172.31.46.0-255,66,222,56,193977
12007,1.8e-05,172.217.194.0-255,1484,1706,56,193977
12008,2.2e-05,172.31.46.0-255,66,1772,56,193977
12009,2.7e-05,172.217.194.0-255,2902,4674,56,193977
12010,3.1e-05,172.31.46.0-255,66,4740,56,193977
12011,3.6e-05,172.217.194.0-255,4320,9060,56,193977
12012,3.9e-05,172.31.46.0-255,66,9126,56,193977
12013,6e-05,172.217.194.0-255,2902,12028,56,193977
12014,6.2e-05,172.31.46.0-255,66,12094,56,193977
12015,6.6e-05,172.217.194.0-255,2044,14138,56,193977
12016,6.8e-05,172.31.46.0-255,66,14204,56,193977
12017,0.000211,172.217.194.0-255,1484,15688,56,193977
12018,0.000215,172.31.46.0-255,66,15754,56,193977
12019,0.000231,172.217.194.0-255,2902,18656,56,193977
12020,0.000234,172.31.46.0-255,66,18722,56,193977
12021,0.000243,172.217.194.0-255,5738,24460,56,193977
12022,0.000245,172.31.46.0-255,66,24526,56,193977
12023,0.000267,172.217.194.0-255,6797,31323,56,193977
12024,0.00027,172.31.46.0-255,66,31389,56,193977
12025,0.000356,172.217.194.0-255,1484,32873,56,193977
12026,0.00036,172.31.46.0-255,66,32939,56,193977
12027,0.000382,172.217.194.0-255,2902,35841,56,193977
12028,0.000386,172.31.46.0-255,66,35907,56,193977
12029,0.000393,172.217.194.0-255,5738,41645,56,193977
12030,0.000395,172.31.46.0-255,66,41711,56,193977
12031,0.000427,172.31.46.0-255,66,41777,56,193977
12032,0.000453,172.217.194.0-255,1484,43261,56,193977
12033,0.000454,172.31.46.0-255,66,43327,56,193977
12034,0.000481,172.31.46.0-255,66,43393,56,193977
12035,0.000486,172.217.194.0-255,4269,47662,56,193977
12036,0.000489,172.217.194.0-255,379,48041,56,193977
12037,0.000573,172.31.46.0-255,66,48107,56,193977
12038,0.000624,172.217.194.0-255,1484,49591,56,193977
12039,0.00063,172.217.194.0-255,2902,52493,56,193977
12040,0.000633,172.217.194.0-255,1484,53977,56,193977
12041,0.000642,172.31.46.0-255,66,54043,56,193977
12042,0.000653,172.217.194.0-255,4320,58363,56,193977
12043,0.000656,172.217.194.0-255,1484,59847,56,193977
12044,0.00066,172.31.46.0-255,66,59913,56,193977
12045,0.00067,172.217.194.0-255,4320,64233,56,193977
12046,0.000689,172.217.194.0-255,7156,71389,56,193977
12047,0.0007,172.217.194.0-255,766,72155,56,193977
12048,0.000721,172.31.46.0-255,66,72221,56,193977
12049,0.000927,172.217.194.0-255,1484,73705,56,193977
12050,0.000933,172.217.194.0-255,2902,76607,56,193977
12051,0.000952,172.217.194.0-255,5738,82345,56,193977
12052,0.000957,172.31.46.0-255,66,82411,56,193977
12053,0.001019,172.217.194.0-255,766,83177,56,193977
12054,0.001027,172.31.46.0-255,66,83243,56,193977
12055,0.001478,172.217.194.0-255,1484,84727,56,193977
12056,0.001482,172.217.194.0-255,1484,86211,56,193977
12057,0.001486,172.31.46.0-255,66,86277,56,193977
12058,0.001506,172.217.194.0-255,1484,87761,56,193977
12059,0.001513,172.217.194.0-255,5738,93499,56,193977
12060,0.001521,172.31.46.0-255,66,93565,56,193977
12061,0.001529,172.217.194.0-255,1484,95049,56,193977
12062,0.001573,172.31.46.0-255,66,95115,56,193977
12063,0.001598,172.31.46.0-255,66,95181,56,193977
12064,0.00161,172.217.194.0-255,1484,96665,56,193977
12065,0.001613,172.217.194.0-255,1484,98149,56,193977
12066,0.001623,172.217.194.0-255,1484,99633,56,193977
12067,0.001629,172.217.194.0-255,5738,105371,56,193977
12068,0.001633,172.31.46.0-255,66,105437,56,193977
12069,0.001641,172.217.194.0-255,2902,108339,56,193977
12070,0.001644,172.31.46.0-255,66,108405,56,193977
12071,0.001654,172.217.194.0-255,5738,114143,56,193977
12072,0.001669,172.31.46.0-255,66,114209,56,193977
12073,0.001698,172.217.194.0-255,4320,118529,56,193977
12074,0.001722,172.31.46.0-255,66,118595,56,193977
12075,0.001753,172.217.194.0-255,4320,122915,56,193977
12076,0.001764,172.31.46.0-255,66,122981,56,193977
12077,0.001804,172.217.194.0-255,3602,126583,56,193977
12078,0.001849,172.31.46.0-255,66,126649,56,193977
12079,0.00224,172.217.194.0-255,1484,128133,56,193977
12080,0.002246,172.217.194.0-255,2902,131035,56,193977
12081,0.002248,172.31.46.0-255,66,131101,56,193977
12082,0.002254,172.217.194.0-255,4320,135421,56,193977
12083,0.002259,172.31.46.0-255,66,135487,56,193977
12084,0.002289,172.217.194.0-255,5738,141225,56,193977
12085,0.002301,172.217.194.0-255,1484,142709,56,193977
12086,0.00234,172.217.194.0-255,766,143475,56,193977
12087,0.002516,172.217.194.0-255,1484,144959,56,193977
12088,0.002532,172.217.194.0-255,2902,147861,56,193977
12089,0.002553,172.217.194.0-255,5738,153599,56,193977
12090,0.002564,172.217.194.0-255,1484,155083,56,193977
12091,0.002575,172.217.194.0-255,4320,159403,56,193977
12092,0.00259,172.217.194.0-255,4320,163723,56,193977
12093,0.002628,172.217.194.0-255,1484,165207,56,193977
12094,0.002676,172.217.194.0-255,2184,167391,56,193977
12095,0.002742,172.217.194.0-255,1484,168875,56,193977
12096,0.002746,172.31.46.0-255,78,168953,56,193977
12097,0.002751,172.217.194.0-255,2902,171855,56,193977
12098,0.002754,172.31.46.0-255,78,171933,56,193977
12099,0.00278,172.31.46.0-255,78,172011,56,193977
12100,0.002796,172.217.194.0-255,7156,179167,56,193977
12101,0.002799,172.31.46.0-255,78,179245,56,193977
12102,0.002811,172.217.194.0-255,4320,183565,56,193977
12103,0.002846,172.217.194.0-255,5738,189303,56,193977
12104,0.002912,172.217.194.0-255,105,189408,56,193977
12105,0.008121,172.31.46.0-255,66,189474,56,193977
12106,0.009027,172.217.194.0-255,4320,193794,56,193977
12107,0.009032,172.31.46.0-255,78,193872,56,193977
12108,0.009814,172.31.46.0-255,105,193977,56,193977
12109,0.0,172.217.194.0-255,153,153,56,236873
12110,2.4e-05,172.31.46.0-255,66,219,56,236873
12111,3.2e-05,172.217.194.0-255,1484,1703,56,236873
12112,3.6e-05,172.31.46.0-255,66,1769,56,236873
12113,4.2e-05,172.217.194.0-255,2902,4671,56,236873
12114,4.7e-05,172.31.46.0-255,66,4737,56,236873
12115,5.3e-05,172.217.194.0-255,4320,9057,56,236873
12116,5.6e-05,172.31.46.0-255,66,9123,56,236873
12117,6.3e-05,172.217.194.0-255,4775,13898,56,236873
12118,6.6e-05,172.31.46.0-255,66,13964,56,236873
12119,7e-05,172.217.194.0-255,2902,16866,56,236873
12120,7.3e-05,172.31.46.0-255,66,16932,56,236873
12121,9.4e-05,172.217.194.0-255,4320,21252,56,236873
12122,9.8e-05,172.31.46.0-255,66,21318,56,236873
12123,0.000138,172.31.46.0-255,66,21384,56,236873
12124,0.00016,172.217.194.0-255,1484,22868,56,236873
12125,0.000162,172.31.46.0-255,66,22934,56,236873
12126,0.000203,172.31.46.0-255,66,23000,56,236873
12127,0.000206,172.217.194.0-255,766,23766,56,236873
12128,0.000208,172.31.46.0-255,66,23832,56,236873
12129,0.000545,172.217.194.0-255,1484,25316,56,236873
12130,0.000551,172.31.46.0-255,66,25382,56,236873
12131,0.000558,172.217.194.0-255,2902,28284,56,236873
12132,0.00056,172.31.46.0-255,66,28350,56,236873
12133,0.000566,172.217.194.0-255,5738,34088,56,236873
12134,0.000569,172.31.46.0-255,66,34154,56,236873
12135,0.000573,172.217.194.0-255,2902,37056,56,236873
12136,0.000575,172.31.46.0-255,66,37122,56,236873
12137,0.000602,172.217.194.0-255,3961,41083,56,236873
12138,0.000605,172.31.46.0-255,66,41149,56,236873
12139,0.000683,172.217.194.0-255,1484,42633,56,236873
12140,0.000688,172.217.194.0-255,1484,44117,56,236873
12141,0.000691,172.31.46.0-255,66,44183,56,236873
12142,0.000711,172.217.194.0-255,1484,45667,56,236873
12143,0.000719,172.217.194.0-255,5738,51405,56,236873
12144,0.000722,172.31.46.0-255,66,51471,56,236873
12145,0.000726,172.217.194.0-255,1484,52955,56,236873
12146,0.00074,172.217.194.0-255,4320,57275,56,236873
12147,0.000742,172.31.46.0-255,66,57341,56,236873
12148,0.000769,172.217.194.0-255,7156,64497,56,236873
12149,0.000772,172.31.46.0-255,66,64563,56,236873
12150,0.000791,172.217.194.0-255,5738,70301,56,236873
12151,0.000793,172.31.46.0-255,66,70367,56,236873
12152,0.000799,172.217.194.0-255,5020,75387,56,236873
12153,0.000802,172.31.46.0-255,66,75453,56,236873
12154,0.000842,172.217.194.0-255,1484,76937,56,236873
12155,0.000859,172.217.194.0-255,1484,78421,56,236873
12156,0.000863,172.31.46.0-255,66,78487,56,236873
12157,0.000872,172.217.194.0-255,1484,79971,56,236873
12158,0.000877,172.217.194.0-255,2902,82873,56,236873
12159,0.00088,172.31.46.0-255,66,82939,56,236873
12160,0.000904,172.217.194.0-255,2902,85841,56,236873
12161,0.000906,172.31.46.0-255,66,85907,56,236873
12162,0.000909,172.217.194.0-255,1484,87391,56,236873
12163,0.000912,172.217.194.0-255,1484,88875,56,236873
12164,0.000914,172.31.46.0-255,66,88941,56,236873
12165,0.000932,172.217.194.0-255,7156,96097,56,236873
12166,0.000935,172.31.46.0-255,66,96163,56,236873
12167,0.000995,172.217.194.0-255,2902,99065,56,236873
12168,0.000998,172.31.46.0-255,66,99131,56,236873
12169,0.001047,172.31.46.0-255,66,99197,56,236873
12170,0.001051,172.31.46.0-255,66,99263,56,236873
12171,0.001056,172.217.194.0-255,4320,103583,56,236873
12172,0.001059,172.31.46.0-255,66,103649,56,236873
12173,0.001099,172.31.46.0-255,66,103715,56,236873
12174,0.001105,172.217.194.0-255,3916,107631,56,236873
12175,0.001107,172.31.46.0-255,66,107697,56,236873
12176,0.001211,172.217.194.0-255,1484,109181,56,236873
12177,0.001217,172.217.194.0-255,2902,112083,56,236873
12178,0.00122,172.31.46.0-255,66,112149,56,236873
12179,0.001246,172.217.194.0-255,5738,117887,56,236873
12180,0.00125,172.31.46.0-255,66,117953,56,236873
12181,0.001254,172.217.194.0-255,2902,120855,56,236873
12182,0.001256,172.31.46.0-255,66,120921,56,236873
12183,0.001261,172.217.194.0-255,4320,125241,56,236873
12184,0.001264,172.31.46.0-255,66,125307,56,236873
12185,0.001295,172.217.194.0-255,5738,131045,56,236873
12186,0.001298,172.31.46.0-255,66,131111,56,236873
12187,0.001305,172.217.194.0-255,5738,136849,56,236873
12188,0.001307,172.31.46.0-255,66,136915,56,236873
12189,0.001322,172.217.194.0-255,5020,141935,56,236873
12190,0.001325,172.31.46.0-255,66,142001,56,236873
12191,0.001398,172.217.194.0-255,1484,143485,56,236873
12192,0.001404,172.217.194.0-255,2902,146387,56,236873
12193,0.001407,172.31.46.0-255,66,146453,56,236873
12194,0.00141,172.217.194.0-255,1484,147937,56,236873
12195,0.001426,172.217.194.0-255,4320,152257,56,236873
12196,0.001429,172.31.46.0-255,66,152323,56,236873
12197,0.001457,172.31.46.0-255,66,152389,56,236873
12198,0.001476,172.217.194.0-255,2902,155291,56,236873
12199,0.001479,172.31.46.0-255,66,155357,56,236873
12200,0.001498,172.217.194.0-255,4320,159677,56,236873
12201,0.001502,172.31.46.0-255,66,159743,56,236873
12202,0.001525,172.217.194.0-255,6438,166181,56,236873
12203,0.001528,172.31.46.0-255,66,166247,56,236873
12204,0.001556,172.217.194.0-255,1484,167731,56,236873
12205,0.001566,172.217.194.0-255,1484,169215,56,236873
12206,0.001569,172.31.46.0-255,66,169281,56,236873
12207,0.001582,172.217.194.0-255,1484,170765,56,236873
12208,0.001587,172.217.194.0-255,4320,175085,56,236873
12209,0.001595,172.31.46.0-255,66,175151,56,236873
12210,0.001599,172.217.194.0-255,1484,176635,56,236873
12211,0.001611,172.217.194.0-255,5738,182373,56,236873
12212,0.001613,172.31.46.0-255,66,182439,56,236873
12213,0.001621,172.217.194.0-255,7156,189595,56,236873
12214,0.001624,172.31.46.0-255,66,189661,56,236873
12215,0.001652,172.217.194.0-255,5738,195399,56,236873
12216,0.001658,172.217.194.0-255,5020,200419,56,236873
12217,0.001662,172.31.46.0-255,66,200485,56,236873
12218,0.001665,172.31.46.0-255,66,200551,56,236873
12219,0.001687,172.217.194.0-255,5738,206289,56,236873
12220,0.00169,172.31.46.0-255,66,206355,56,236873
12221,0.001697,172.217.194.0-255,5738,212093,56,236873
12222,0.001699,172.31.46.0-255,66,212159,56,236873
12223,0.001721,172.217.194.0-255,7156,219315,56,236873
12224,0.001724,172.31.46.0-255,66,219381,56,236873
12225,0.001736,172.31.46.0-255,66,219447,56,236873
12226,0.001758,172.217.194.0-255,1484,220931,56,236873
12227,0.001825,172.31.46.0-255,66,220997,56,236873
12228,0.001857,172.31.46.0-255,66,221063,56,236873
12229,0.001875,172.31.46.0-255,66,221129,56,236873
12230,0.001894,172.31.46.0-255,66,221195,56,236873
12231,0.001905,172.31.46.0-255,66,221261,56,236873
12232,0.001921,172.217.194.0-255,3602,224863,56,236873
12233,0.001924,172.31.46.0-255,66,224929,56,236873
12234,0.001943,172.217.194.0-255,2902,227831,56,236873
12235,0.001946,172.31.46.0-255,66,227897,56,236873
12236,0.001984,172.31.46.0-255,66,227963,56,236873
12237,0.002017,172.217.194.0-255,2902,230865,56,236873
12238,0.002019,172.31.46.0-255,66,230931,56,236873
12239,0.002038,172.31.46.0-255,66,230997,56,236873
12240,0.002066,172.217.194.0-255,5705,236702,56,236873
12241,0.002069,172.31.46.0-255,66,236768,56,236873
12242,0.002072,172.217.194.0-255,105,236873,56,236873
12243,0.0,172.217.27.0-255,149,149,56,144506
12244,1.7e-05,172.31.46.0-255,66,215,56,144506
12245,2.4e-05,172.217.27.0-255,1484,1699,56,144506
12246,2.8e-05,172.31.46.0-255,66,1765,56,144506
12247,3.4e-05,172.217.27.0-255,2902,4667,56,144506
12248,3.7e-05,172.31.46.0-255,66,4733,56,144506
12249,5.1e-05,172.217.27.0-255,4320,9053,56,144506
12250,5.5e-05,172.31.46.0-255,66,9119,56,144506
12251,9.1e-05,172.217.27.0-255,4932,14051,56,144506
12252,9.4e-05,172.31.46.0-255,66,14117,56,144506
12253,0.000143,172.31.46.0-255,66,14183,56,144506
12254,0.000251,172.217.27.0-255,5379,19562,56,144506
12255,0.000255,172.31.46.0-255,66,19628,56,144506
12256,0.000295,172.217.27.0-255,5738,25366,56,144506
12257,0.000298,172.31.46.0-255,66,25432,56,144506
12258,0.000353,172.217.27.0-255,7156,32588,56,144506
12259,0.000356,172.31.46.0-255,66,32654,56,144506
12260,0.000384,172.217.27.0-255,5379,38033,56,144506
12261,0.000387,172.31.46.0-255,66,38099,56,144506
12262,0.000472,172.217.27.0-255,2902,41001,56,144506
12263,0.000475,172.31.46.0-255,66,41067,56,144506
12264,0.000511,172.31.46.0-255,66,41133,56,144506
12265,0.000586,172.217.27.0-255,4229,45362,56,144506
12266,0.00059,172.31.46.0-255,66,45428,56,144506
12267,0.000724,172.217.27.0-255,135,45563,56,144506
12268,0.000728,172.31.46.0-255,66,45629,56,144506
12269,0.000921,172.217.27.0-255,1484,47113,56,144506
12270,0.000927,172.31.46.0-255,66,47179,56,144506
12271,0.000955,172.217.27.0-255,2902,50081,56,144506
12272,0.000958,172.31.46.0-255,66,50147,56,144506
12273,0.000966,172.217.27.0-255,5738,55885,56,144506
12274,0.000968,172.31.46.0-255,66,55951,56,144506
12275,0.001007,172.217.27.0-255,6797,62748,56,144506
12276,0.00101,172.31.46.0-255,66,62814,56,144506
12277,0.001069,172.217.27.0-255,7156,69970,56,144506
12278,0.001073,172.31.46.0-255,66,70036,56,144506
12279,0.001138,172.217.27.0-255,1484,71520,56,144506
12280,0.001143,172.217.27.0-255,1484,73004,56,144506
12281,0.001146,172.31.46.0-255,66,73070,56,144506
12282,0.001166,172.217.27.0-255,6797,79867,56,144506
12283,0.00117,172.31.46.0-255,66,79933,56,144506
12284,0.001233,172.217.27.0-255,1484,81417,56,144506
12285,0.001248,172.217.27.0-255,2902,84319,56,144506
12286,0.001252,172.31.46.0-255,66,84385,56,144506
12287,0.001273,172.217.27.0-255,5738,90123,56,144506
12288,0.001276,172.31.46.0-255,66,90189,56,144506
12289,0.001329,172.217.27.0-255,4320,94509,56,144506
12290,0.001333,172.31.46.0-255,66,94575,56,144506
12291,0.001357,172.31.46.0-255,66,94641,56,144506
12292,0.001459,172.217.27.0-255,5738,100379,56,144506
12293,0.001462,172.31.46.0-255,66,100445,56,144506
12294,0.001497,172.217.27.0-255,5020,105465,56,144506
12295,0.0015,172.31.46.0-255,66,105531,56,144506
12296,0.001575,172.217.27.0-255,5738,111269,56,144506
12297,0.001579,172.31.46.0-255,66,111335,56,144506
12298,0.001625,172.31.46.0-255,66,111401,56,144506
12299,0.001787,172.31.46.0-255,66,111467,56,144506
12300,0.001816,172.217.27.0-255,3887,115354,56,144506
12301,0.00182,172.31.46.0-255,66,115420,56,144506
12302,0.003401,172.217.27.0-255,1484,116904,56,144506
12303,0.003425,172.217.27.0-255,4320,121224,56,144506
12304,0.003429,172.31.46.0-255,66,121290,56,144506
12305,0.005056,172.217.27.0-255,5738,127028,56,144506
12306,0.005061,172.31.46.0-255,66,127094,56,144506
12307,0.006696,172.217.27.0-255,5738,132832,56,144506
12308,0.006701,172.31.46.0-255,66,132898,56,144506
12309,0.008319,172.217.27.0-255,5738,138636,56,144506
12310,0.008325,172.31.46.0-255,66,138702,56,144506
12311,0.009948,172.217.27.0-255,5738,144440,56,144506
12312,0.009954,172.31.46.0-255,66,144506,56,144506
12313,0.0,74.125.200.0-255,152,152,56,141297
12314,2.1e-05,172.31.46.0-255,66,218,56,141297
12315,2.7e-05,74.125.200.0-255,1484,1702,56,141297
12316,3e-05,172.31.46.0-255,66,1768,56,141297
12317,3.6e-05,74.125.200.0-255,2902,4670,56,141297
12318,4.8e-05,172.31.46.0-255,66,4736,56,141297
12319,5.4e-05,74.125.200.0-255,5738,10474,56,141297
12320,5.7e-05,172.31.46.0-255,66,10540,56,141297
12321,6.2e-05,74.125.200.0-255,3510,14050,56,141297
12322,6.5e-05,172.31.46.0-255,66,14116,56,141297
12323,9.5e-05,74.125.200.0-255,4320,18436,56,141297
12324,9.8e-05,172.31.46.0-255,66,18502,56,141297
12325,0.000125,74.125.200.0-255,5738,24240,56,141297
12326,0.000127,172.31.46.0-255,66,24306,56,141297
12327,0.000132,74.125.200.0-255,4320,28626,56,141297
12328,0.000134,172.31.46.0-255,66,28692,56,141297
12329,0.000166,74.125.200.0-255,2543,31235,56,141297
12330,0.000167,172.31.46.0-255,66,31301,56,141297
12331,0.000219,74.125.200.0-255,1484,32785,56,141297
12332,0.000221,172.31.46.0-255,66,32851,56,141297
12333,0.000239,74.125.200.0-255,2902,35753,56,141297
12334,0.000241,172.31.46.0-255,66,35819,56,141297
12335,0.000268,74.125.200.0-255,5738,41557,56,141297
12336,0.00027,172.31.46.0-255,66,41623,56,141297
12337,0.000292,74.125.200.0-255,4320,45943,56,141297
12338,0.000294,172.31.46.0-255,66,46009,56,141297
12339,0.000317,74.125.200.0-255,2543,48552,56,141297
12340,0.000319,172.31.46.0-255,66,48618,56,141297
12341,0.00033,172.31.46.0-255,66,48684,56,141297
12342,0.000351,74.125.200.0-255,2902,51586,56,141297
12343,0.000353,172.31.46.0-255,66,51652,56,141297
12344,0.00038,74.125.200.0-255,4238,55890,56,141297
12345,0.000382,172.31.46.0-255,66,55956,56,141297
12346,0.000385,74.125.200.0-255,409,56365,56,141297
12347,0.000584,74.125.200.0-255,1484,57849,56,141297
12348,0.000589,172.31.46.0-255,66,57915,56,141297
12349,0.000618,74.125.200.0-255,2902,60817,56,141297
12350,0.000621,172.31.46.0-255,66,60883,56,141297
12351,0.000626,74.125.200.0-255,5738,66621,56,141297
12352,0.000628,172.31.46.0-255,66,66687,56,141297
12353,0.000631,74.125.200.0-255,2902,69589,56,141297
12354,0.000633,172.31.46.0-255,66,69655,56,141297
12355,0.000642,74.125.200.0-255,4320,73975,56,141297
12356,0.000644,172.31.46.0-255,66,74041,56,141297
12357,0.000649,74.125.200.0-255,4320,78361,56,141297
12358,0.000651,172.31.46.0-255,66,78427,56,141297
12359,0.000678,74.125.200.0-255,4320,82747,56,141297
12360,0.00068,172.31.46.0-255,66,82813,56,141297
12361,0.000687,74.125.200.0-255,7156,89969,56,141297
12362,0.000689,172.31.46.0-255,66,90035,56,141297
12363,0.000691,74.125.200.0-255,766,90801,56,141297
12364,0.001007,74.125.200.0-255,1484,92285,56,141297
12365,0.001011,172.31.46.0-255,66,92351,56,141297
12366,0.001016,74.125.200.0-255,2902,95253,56,141297
12367,0.001018,172.31.46.0-255,66,95319,56,141297
12368,0.00102,74.125.200.0-255,1484,96803,56,141297
12369,0.001042,74.125.200.0-255,2902,99705,56,141297
12370,0.001044,172.31.46.0-255,66,99771,56,141297
12371,0.001049,74.125.200.0-255,5738,105509,56,141297
12372,0.001051,172.31.46.0-255,66,105575,56,141297
12373,0.001079,74.125.200.0-255,7156,112731,56,141297
12374,0.001081,172.31.46.0-255,66,112797,56,141297
12375,0.001103,74.125.200.0-255,4320,117117,56,141297
12376,0.001105,172.31.46.0-255,66,117183,56,141297
12377,0.001129,74.125.200.0-255,7156,124339,56,141297
12378,0.001131,172.31.46.0-255,66,124405,56,141297
12379,0.001153,74.125.200.0-255,766,125171,56,141297
12380,0.001577,172.31.46.0-255,66,125237,56,141297
12381,0.003688,74.125.200.0-255,4320,129557,56,141297
12382,0.003694,172.31.46.0-255,66,129623,56,141297
12383,0.00413,74.125.200.0-255,1484,131107,56,141297
12384,0.006257,74.125.200.0-255,4320,135427,56,141297
12385,0.006264,172.31.46.0-255,66,135493,56,141297
12386,0.00883,74.125.200.0-255,5738,141231,56,141297
12387,0.008837,172.31.46.0-255,66,141297,56,141297
12388,0.0,74.125.24.0-255,152,152,56,211006
12389,2.6e-05,172.31.46.0-255,66,218,56,211006
12390,3.2e-05,74.125.24.0-255,1484,1702,56,211006
12391,3.5e-05,172.31.46.0-255,66,1768,56,211006
12392,4e-05,74.125.24.0-255,2902,4670,56,211006
12393,4.3e-05,172.31.46.0-255,66,4736,56,211006
12394,5.8e-05,74.125.24.0-255,7156,11892,56,211006
12395,6.2e-05,172.31.46.0-255,66,11958,56,211006
12396,6.5e-05,74.125.24.0-255,2066,14024,56,211006
12397,6.8e-05,172.31.46.0-255,66,14090,56,211006
12398,0.000113,172.31.46.0-255,66,14156,56,211006
12399,0.000119,74.125.24.0-255,5379,19535,56,211006
12400,0.000122,172.31.46.0-255,66,19601,56,211006
12401,0.00018,74.125.24.0-255,1484,21085,56,211006
12402,0.000183,172.31.46.0-255,66,21151,56,211006
12403,0.000203,74.125.24.0-255,2902,24053,56,211006
12404,0.000206,172.31.46.0-255,66,24119,56,211006
12405,0.000211,74.125.24.0-255,4320,28439,56,211006
12406,0.000214,172.31.46.0-255,66,28505,56,211006
12407,0.000252,172.31.46.0-255,66,28571,56,211006
12408,0.000258,74.125.24.0-255,5738,34309,56,211006
12409,0.00026,172.31.46.0-255,66,34375,56,211006
12410,0.000291,74.125.24.0-255,7156,41531,56,211006
12411,0.000294,172.31.46.0-255,66,41597,56,211006
12412,0.000323,74.125.24.0-255,3980,45577,56,211006
12413,0.000328,172.31.46.0-255,66,45643,56,211006
12414,0.00037,74.125.24.0-255,1484,47127,56,211006
12415,0.000373,172.31.46.0-255,66,47193,56,211006
12416,0.000392,74.125.24.0-255,2902,50095,56,211006
12417,0.000394,172.31.46.0-255,66,50161,56,211006
12418,0.0004,74.125.24.0-255,5738,55899,56,211006
12419,0.000402,172.31.46.0-255,66,55965,56,211006
12420,0.000435,74.125.24.0-255,7156,63121,56,211006
12421,0.000438,172.31.46.0-255,66,63187,56,211006
12422,0.000442,74.125.24.0-255,2902,66089,56,211006
12423,0.000444,172.31.46.0-255,66,66155,56,211006
12424,0.00047,172.31.46.0-255,66,66221,56,211006
12425,0.000473,74.125.24.0-255,2184,68405,56,211006
12426,0.000476,172.31.46.0-255,66,68471,56,211006
12427,0.000479,74.125.24.0-255,331,68802,56,211006
12428,0.000719,74.125.24.0-255,1484,70286,56,211006
12429,0.000723,172.31.46.0-255,66,70352,56,211006
12430,0.000729,74.125.24.0-255,2902,73254,56,211006
12431,0.000731,172.31.46.0-255,66,73320,56,211006
12432,0.000735,74.125.24.0-255,2902,76222,56,211006
12433,0.000737,172.31.46.0-255,66,76288,56,211006
12434,0.000768,74.125.24.0-255,2902,79190,56,211006
12435,0.000771,172.31.46.0-255,66,79256,56,211006
12436,0.000778,74.125.24.0-255,1484,80740,56,211006
12437,0.000789,172.31.46.0-255,66,80806,56,211006
12438,0.000818,74.125.24.0-255,5738,86544,56,211006
12439,0.000821,172.31.46.0-255,66,86610,56,211006
12440,0.00085,74.125.24.0-255,3602,90212,56,211006
12441,0.000853,172.31.46.0-255,66,90278,56,211006
12442,0.000865,74.125.24.0-255,2902,93180,56,211006
12443,0.000865,172.31.46.0-255,66,93246,56,211006
12444,0.000867,172.31.46.0-255,66,93312,56,211006
12445,0.000913,172.31.46.0-255,66,93378,56,211006
12446,0.00093,172.31.46.0-255,66,93444,56,211006
12447,0.000959,172.31.46.0-255,66,93510,56,211006
12448,0.000968,172.31.46.0-255,66,93576,56,211006
12449,0.001017,172.31.46.0-255,66,93642,56,211006
12450,0.001044,74.125.24.0-255,2184,95826,56,211006
12451,0.00105,172.31.46.0-255,66,95892,56,211006
12452,0.001055,172.31.46.0-255,66,95958,56,211006
12453,0.00106,74.125.24.0-255,5738,101696,56,211006
12454,0.001064,172.31.46.0-255,66,101762,56,211006
12455,0.001108,172.31.46.0-255,66,101828,56,211006
12456,0.001111,74.125.24.0-255,2184,104012,56,211006
12457,0.001113,172.31.46.0-255,66,104078,56,211006
12458,0.00121,74.125.24.0-255,1484,105562,56,211006
12459,0.001216,74.125.24.0-255,2902,108464,56,211006
12460,0.001218,172.31.46.0-255,66,108530,56,211006
12461,0.001221,74.125.24.0-255,1484,110014,56,211006
12462,0.001249,74.125.24.0-255,4320,114334,56,211006
12463,0.001252,172.31.46.0-255,66,114400,56,211006
12464,0.001275,172.31.46.0-255,66,114466,56,211006
12465,0.001278,74.125.24.0-255,1484,115950,56,211006
12466,0.001327,74.125.24.0-255,4320,120270,56,211006
12467,0.001327,172.31.46.0-255,66,120336,56,211006
12468,0.00133,172.31.46.0-255,66,120402,56,211006
12469,0.00136,74.125.24.0-255,5738,126140,56,211006
12470,0.001364,172.31.46.0-255,66,126206,56,211006
12471,0.001381,172.31.46.0-255,66,126272,56,211006
12472,0.00141,74.125.24.0-255,7156,133428,56,211006
12473,0.001416,172.31.46.0-255,66,133494,56,211006
12474,0.001422,74.125.24.0-255,5020,138514,56,211006
12475,0.001423,172.31.46.0-255,66,138580,56,211006
12476,0.001719,74.125.24.0-255,1484,140064,56,211006
12477,0.001724,74.125.24.0-255,2902,142966,56,211006
12478,0.001727,172.31.46.0-255,66,143032,56,211006
12479,0.001759,74.125.24.0-255,5738,148770,56,211006
12480,0.001763,172.31.46.0-255,66,148836,56,211006
12481,0.001773,172.31.46.0-255,66,148902,56,211006
12482,0.001811,74.125.24.0-255,4320,153222,56,211006
12483,0.001814,172.31.46.0-255,66,153288,56,211006
12484,0.00185,172.31.46.0-255,66,153354,56,211006
12485,0.001875,74.125.24.0-255,1484,154838,56,211006
12486,0.00188,74.125.24.0-255,2902,157740,56,211006
12487,0.001882,172.31.46.0-255,66,157806,56,211006
12488,0.001888,74.125.24.0-255,5738,163544,56,211006
12489,0.00189,172.31.46.0-255,66,163610,56,211006
12490,0.001892,74.125.24.0-255,1484,165094,56,211006
12491,0.00194,172.31.46.0-255,66,165160,56,211006
12492,0.001941,74.125.24.0-255,5738,170898,56,211006
12493,0.001944,172.31.46.0-255,66,170964,56,211006
12494,0.001973,74.125.24.0-255,5020,175984,56,211006
12495,0.001975,74.125.24.0-255,1484,177468,56,211006
12496,0.001976,172.31.46.0-255,66,177534,56,211006
12497,0.002004,74.125.24.0-255,4320,181854,56,211006
12498,0.002007,172.31.46.0-255,66,181920,56,211006
12499,0.002019,172.31.46.0-255,66,181986,56,211006
12500,0.00203,74.125.24.0-255,5738,187724,56,211006
12501,0.002032,172.31.46.0-255,66,187790,56,211006
12502,0.004017,74.125.24.0-255,5738,193528,56,211006
12503,0.004024,172.31.46.0-255,66,193594,56,211006
12504,0.005999,74.125.24.0-255,5738,199332,56,211006
12505,0.006003,172.31.46.0-255,66,199398,56,211006
12506,0.007994,74.125.24.0-255,5738,205136,56,211006
12507,0.007997,172.31.46.0-255,66,205202,56,211006
12508,0.009964,74.125.24.0-255,5738,210940,56,211006
12509,0.009972,172.31.46.0-255,66,211006,56,211006
12510,0.0,74.125.24.0-255,152,152,56,286828
12511,1.9e-05,172.31.46.0-255,66,218,56,286828
12512,2.5e-05,74.125.24.0-255,1484,1702,56,286828
12513,2.8e-05,172.31.46.0-255,66,1768,56,286828
12514,3.2e-05,74.125.24.0-255,1484,3252,56,286828
12515,3.4e-05,172.31.46.0-255,66,3318,56,286828
12516,6.8e-05,74.125.24.0-255,1484,4802,56,286828
12517,7e-05,172.31.46.0-255,66,4868,56,286828
12518,7.8e-05,74.125.24.0-255,5738,10606,56,286828
12519,8e-05,172.31.46.0-255,66,10672,56,286828
12520,0.0001,74.125.24.0-255,3529,14201,56,286828
12521,0.000102,172.31.46.0-255,66,14267,56,286828
12522,0.000152,74.125.24.0-255,1484,15751,56,286828
12523,0.000154,172.31.46.0-255,66,15817,56,286828
12524,0.000157,74.125.24.0-255,1484,17301,56,286828
12525,0.000159,172.31.46.0-255,66,17367,56,286828
12526,0.000182,74.125.24.0-255,1484,18851,56,286828
12527,0.000184,172.31.46.0-255,66,18917,56,286828
12528,0.000223,74.125.24.0-255,4320,23237,56,286828
12529,0.000226,172.31.46.0-255,66,23303,56,286828
12530,0.000231,74.125.24.0-255,5738,29041,56,286828
12531,0.000233,172.31.46.0-255,66,29107,56,286828
12532,0.000262,172.31.46.0-255,66,29173,56,286828
12533,0.000293,74.125.24.0-255,4320,33493,56,286828
12534,0.000295,172.31.46.0-255,66,33559,56,286828
12535,0.000323,74.125.24.0-255,3961,37520,56,286828
12536,0.000325,172.31.46.0-255,66,37586,56,286828
12537,0.000335,172.31.46.0-255,66,37652,56,286828
12538,0.000339,74.125.24.0-255,2902,40554,56,286828
12539,0.000345,172.31.46.0-255,66,40620,56,286828
12540,0.000378,74.125.24.0-255,5379,45999,56,286828
12541,0.000381,172.31.46.0-255,66,46065,56,286828
12542,0.000383,74.125.24.0-255,362,46427,56,286828
12543,0.000442,74.125.24.0-255,131,46558,56,286828
12544,0.000566,74.125.24.0-255,1484,48042,56,286828
12545,0.00057,172.31.46.0-255,66,48108,56,286828
12546,0.000574,74.125.24.0-255,1484,49592,56,286828
12547,0.000599,74.125.24.0-255,1484,51076,56,286828
12548,0.000601,172.31.46.0-255,66,51142,56,286828
12549,0.000606,74.125.24.0-255,4320,55462,56,286828
12550,0.000608,172.31.46.0-255,66,55528,56,286828
12551,0.000614,74.125.24.0-255,5738,61266,56,286828
12552,0.00062,172.31.46.0-255,66,61332,56,286828
12553,0.000675,172.31.46.0-255,66,61398,56,286828
12554,0.000698,74.125.24.0-255,5738,67136,56,286828
12555,0.000701,172.31.46.0-255,66,67202,56,286828
12556,0.000726,74.125.24.0-255,2824,70026,56,286828
12557,0.000729,172.31.46.0-255,66,70092,56,286828
12558,0.001384,74.125.24.0-255,1484,71576,56,286828
12559,0.001392,74.125.24.0-255,2902,74478,56,286828
12560,0.001396,172.31.46.0-255,66,74544,56,286828
12561,0.001402,74.125.24.0-255,5738,80282,56,286828
12562,0.001404,172.31.46.0-255,66,80348,56,286828
12563,0.001421,172.31.46.0-255,66,80414,56,286828
12564,0.001431,172.31.46.0-255,66,80480,56,286828
12565,0.001481,74.125.24.0-255,2184,82664,56,286828
12566,0.001484,172.31.46.0-255,66,82730,56,286828
12567,0.001694,74.125.24.0-255,1484,84214,56,286828
12568,0.001705,74.125.24.0-255,2902,87116,56,286828
12569,0.001708,172.31.46.0-255,66,87182,56,286828
12570,0.001714,74.125.24.0-255,4320,91502,56,286828
12571,0.001716,172.31.46.0-255,66,91568,56,286828
12572,0.001737,74.125.24.0-255,1484,93052,56,286828
12573,0.001766,74.125.24.0-255,4320,97372,56,286828
12574,0.001769,172.31.46.0-255,66,97438,56,286828
12575,0.001802,172.31.46.0-255,66,97504,56,286828
12576,0.001813,172.31.46.0-255,66,97570,56,286828
12577,0.001843,74.125.24.0-255,2184,99754,56,286828
12578,0.001845,172.31.46.0-255,66,99820,56,286828
12579,0.001849,74.125.24.0-255,2902,102722,56,286828
12580,0.001851,172.31.46.0-255,66,102788,56,286828
12581,0.001871,74.125.24.0-255,4320,107108,56,286828
12582,0.001874,172.31.46.0-255,66,107174,56,286828
12583,0.001906,74.125.24.0-255,5738,112912,56,286828
12584,0.001908,172.31.46.0-255,66,112978,56,286828
12585,0.001921,172.31.46.0-255,66,113044,56,286828
12586,0.001931,74.125.24.0-255,5738,118782,56,286828
12587,0.001983,74.125.24.0-255,3602,122384,56,286828
12588,0.002047,74.125.24.0-255,1484,123868,56,286828
12589,0.00205,74.125.24.0-255,1484,125352,56,286828
12590,0.00206,74.125.24.0-255,1484,126836,56,286828
12591,0.002072,74.125.24.0-255,2902,129738,56,286828
12592,0.002078,74.125.24.0-255,4320,134058,56,286828
12593,0.002111,74.125.24.0-255,7156,141214,56,286828
12594,0.00212,74.125.24.0-255,1484,142698,56,286828
12595,0.002134,74.125.24.0-255,2902,145600,56,286828
12596,0.002153,74.125.24.0-255,5738,151338,56,286828
12597,0.002182,74.125.24.0-255,5020,156358,56,286828
12598,0.002292,74.125.24.0-255,1484,157842,56,286828
12599,0.00231,74.125.24.0-255,2902,160744,56,286828
12600,0.002324,74.125.24.0-255,5738,166482,56,286828
12601,0.002344,74.125.24.0-255,5738,172220,56,286828
12602,0.002363,74.125.24.0-255,1484,173704,56,286828
12603,0.002399,74.125.24.0-255,5738,179442,56,286828
12604,0.002432,74.125.24.0-255,2184,181626,56,286828
12605,0.002434,74.125.24.0-255,1484,183110,56,286828
12606,0.002452,74.125.24.0-255,2902,186012,56,286828
12607,0.002458,74.125.24.0-255,5738,191750,56,286828
12608,0.002483,74.125.24.0-255,1484,193234,56,286828
12609,0.002553,74.125.24.0-255,7156,200390,56,286828
12610,0.002556,74.125.24.0-255,1484,201874,56,286828
12611,0.002617,74.125.24.0-255,4320,206194,56,286828
12612,0.002634,74.125.24.0-255,1484,207678,56,286828
12613,0.002639,74.125.24.0-255,4320,211998,56,286828
12614,0.002641,74.125.24.0-255,1484,213482,56,286828
12615,0.002654,74.125.24.0-255,766,214248,56,286828
12616,0.00268,74.125.24.0-255,1484,215732,56,286828
12617,0.002694,74.125.24.0-255,4320,220052,56,286828
12618,0.002725,74.125.24.0-255,4320,224372,56,286828
12619,0.002728,74.125.24.0-255,1484,225856,56,286828
12620,0.002744,74.125.24.0-255,4320,230176,56,286828
12621,0.002759,74.125.24.0-255,2902,233078,56,286828
12622,0.002764,74.125.24.0-255,4320,237398,56,286828
12623,0.002787,74.125.24.0-255,5738,243136,56,286828
12624,0.00279,74.125.24.0-255,1484,244620,56,286828
12625,0.00281,74.125.24.0-255,3602,248222,56,286828
12626,0.002832,74.125.24.0-255,2902,251124,56,286828
12627,0.002853,74.125.24.0-255,4320,255444,56,286828
12628,0.002876,74.125.24.0-255,7156,262600,56,286828
12629,0.002886,74.125.24.0-255,1484,264084,56,286828
12630,0.002938,74.125.24.0-255,5738,269822,56,286828
12631,0.00295,74.125.24.0-255,2902,272724,56,286828
12632,0.002965,74.125.24.0-255,5020,277744,56,286828
12633,0.002971,74.125.24.0-255,4320,282064,56,286828
12634,0.002992,74.125.24.0-255,2902,284966,56,286828
12635,0.002996,74.125.24.0-255,1586,286552,56,286828
12636,0.002998,74.125.24.0-255,105,286657,56,286828
12637,0.004686,172.31.46.0-255,66,286723,56,286828
12638,0.007714,172.31.46.0-255,105,286828,56,286828
12639,0.0,172.217.24.0-255,146,146,56,184455
12640,1.6e-05,172.31.46.0-255,66,212,56,184455
12641,2.2e-05,172.217.24.0-255,1484,1696,56,184455
12642,2.7e-05,172.31.46.0-255,66,1762,56,184455
12643,3.2e-05,172.217.24.0-255,2902,4664,56,184455
12644,3.5e-05,172.31.46.0-255,66,4730,56,184455
12645,4.3e-05,172.217.24.0-255,7156,11886,56,184455
12646,4.5e-05,172.31.46.0-255,66,11952,56,184455
12647,8.3e-05,172.217.24.0-255,2065,14017,56,184455
12648,8.6e-05,172.31.46.0-255,66,14083,56,184455
12649,9e-05,172.217.24.0-255,2902,16985,56,184455
12650,9.2e-05,172.31.46.0-255,66,17051,56,184455
12651,0.00011,172.217.24.0-255,1484,18535,56,184455
12652,0.000111,172.31.46.0-255,66,18601,56,184455
12653,0.000136,172.217.24.0-255,5738,24339,56,184455
12654,0.000138,172.31.46.0-255,66,24405,56,184455
12655,0.000144,172.217.24.0-255,5738,30143,56,184455
12656,0.000146,172.31.46.0-255,66,30209,56,184455
12657,0.000168,172.217.24.0-255,1125,31334,56,184455
12658,0.00017,172.31.46.0-255,66,31400,56,184455
12659,0.00026,172.217.24.0-255,1484,32884,56,184455
12660,0.000264,172.31.46.0-255,66,32950,56,184455
12661,0.000268,172.217.24.0-255,2902,35852,56,184455
12662,0.000271,172.31.46.0-255,66,35918,56,184455
12663,0.000273,172.217.24.0-255,1484,37402,56,184455
12664,0.000275,172.31.46.0-255,66,37468,56,184455
12665,0.000298,172.217.24.0-255,2902,40370,56,184455
12666,0.0003,172.31.46.0-255,66,40436,56,184455
12667,0.000306,172.217.24.0-255,5738,46174,56,184455
12668,0.000307,172.31.46.0-255,66,46240,56,184455
12669,0.000331,172.217.24.0-255,2543,48783,56,184455
12670,0.000333,172.31.46.0-255,66,48849,56,184455
12671,0.000502,172.217.24.0-255,1484,50333,56,184455
12672,0.000507,172.217.24.0-255,2902,53235,56,184455
12673,0.00051,172.31.46.0-255,66,53301,56,184455
12674,0.000533,172.217.24.0-255,5738,59039,56,184455
12675,0.000536,172.31.46.0-255,66,59105,56,184455
12676,0.000541,172.217.24.0-255,5738,64843,56,184455
12677,0.000543,172.31.46.0-255,66,64909,56,184455
12678,0.000577,172.217.24.0-255,1452,66361,56,184455
12679,0.00089,172.31.46.0-255,66,66427,56,184455
12680,0.000991,172.217.24.0-255,118,66545,56,184455
12681,0.001077,172.217.24.0-255,1484,68029,56,184455
12682,0.001081,172.31.46.0-255,66,68095,56,184455
12683,0.001086,172.217.24.0-255,2902,70997,56,184455
12684,0.001088,172.31.46.0-255,66,71063,56,184455
12685,0.001093,172.217.24.0-255,4320,75383,56,184455
12686,0.001095,172.31.46.0-255,66,75449,56,184455
12687,0.001115,172.217.24.0-255,1484,76933,56,184455
12688,0.001149,172.217.24.0-255,6797,83730,56,184455
12689,0.001152,172.31.46.0-255,66,83796,56,184455
12690,0.001189,172.217.24.0-255,1484,85280,56,184455
12691,0.001194,172.217.24.0-255,2902,88182,56,184455
12692,0.001196,172.31.46.0-255,66,88248,56,184455
12693,0.001212,172.217.24.0-255,2902,91150,56,184455
12694,0.001214,172.31.46.0-255,66,91216,56,184455
12695,0.001238,172.217.24.0-255,2902,94118,56,184455
12696,0.00124,172.31.46.0-255,66,94184,56,184455
12697,0.001247,172.217.24.0-255,5738,99922,56,184455
12698,0.001248,172.31.46.0-255,66,99988,56,184455
12699,0.001258,172.217.24.0-255,1125,101113,56,184455
12700,0.001358,172.217.24.0-255,1484,102597,56,184455
12701,0.001362,172.31.46.0-255,66,102663,56,184455
12702,0.001367,172.217.24.0-255,2902,105565,56,184455
12703,0.001369,172.31.46.0-255,66,105631,56,184455
12704,0.001373,172.217.24.0-255,2902,108533,56,184455
12705,0.001374,172.31.46.0-255,66,108599,56,184455
12706,0.001404,172.217.24.0-255,2902,111501,56,184455
12707,0.001406,172.31.46.0-255,66,111567,56,184455
12708,0.001412,172.217.24.0-255,7156,118723,56,184455
12709,0.001414,172.31.46.0-255,66,118789,56,184455
12710,0.001424,172.31.46.0-255,66,118855,56,184455
12711,0.001459,172.31.46.0-255,66,118921,56,184455
12712,0.001527,172.217.24.0-255,1484,120405,56,184455
12713,0.001532,172.217.24.0-255,2902,123307,56,184455
12714,0.001535,172.31.46.0-255,66,123373,56,184455
12715,0.001555,172.217.24.0-255,4320,127693,56,184455
12716,0.001557,172.31.46.0-255,66,127759,56,184455
12717,0.001563,172.217.24.0-255,5738,133497,56,184455
12718,0.001565,172.31.46.0-255,66,133563,56,184455
12719,0.001583,172.217.24.0-255,2902,136465,56,184455
12720,0.001585,172.31.46.0-255,66,136531,56,184455
12721,0.001601,172.217.24.0-255,4320,140851,56,184455
12722,0.001603,172.31.46.0-255,66,140917,56,184455
12723,0.001633,172.31.46.0-255,66,140983,56,184455
12724,0.001718,172.217.24.0-255,1484,142467,56,184455
12725,0.001724,172.217.24.0-255,2902,145369,56,184455
12726,0.001726,172.31.46.0-255,66,145435,56,184455
12727,0.001746,172.217.24.0-255,5738,151173,56,184455
12728,0.001748,172.31.46.0-255,66,151239,56,184455
12729,0.001753,172.217.24.0-255,4320,155559,56,184455
12730,0.001756,172.31.46.0-255,66,155625,56,184455
12731,0.001792,172.217.24.0-255,2902,158527,56,184455
12732,0.001795,172.31.46.0-255,66,158593,56,184455
12733,0.001808,172.31.46.0-255,66,158659,56,184455
12734,0.001811,172.217.24.0-255,2184,160843,56,184455
12735,0.001813,172.31.46.0-255,66,160909,56,184455
12736,0.001941,172.217.24.0-255,1484,162393,56,184455
12737,0.003724,172.217.24.0-255,1484,163877,56,184455
12738,0.003729,172.31.46.0-255,66,163943,56,184455
12739,0.00375,172.217.24.0-255,2902,166845,56,184455
12740,0.003752,172.31.46.0-255,66,166911,56,184455
12741,0.00565,172.217.24.0-255,2902,169813,56,184455
12742,0.005653,172.31.46.0-255,66,169879,56,184455
12743,0.00567,172.217.24.0-255,2902,172781,56,184455
12744,0.005672,172.31.46.0-255,66,172847,56,184455
12745,0.00759,172.217.24.0-255,5738,178585,56,184455
12746,0.007596,172.31.46.0-255,66,178651,56,184455
12747,0.009539,172.217.24.0-255,5738,184389,56,184455
12748,0.009545,172.31.46.0-255,66,184455,56,184455
12749,0.0,74.125.24.0-255,296,296,56,174616
12750,2e-05,172.31.46.0-255,66,362,56,174616
12751,2.7e-05,74.125.24.0-255,1484,1846,56,174616
12752,3.1e-05,172.31.46.0-255,66,1912,56,174616
12753,3.9e-05,74.125.24.0-255,4320,6232,56,174616
12754,4.2e-05,172.31.46.0-255,66,6298,56,174616
12755,8e-05,172.31.46.0-255,66,6364,56,174616
12756,9.1e-05,172.31.46.0-255,66,6430,56,174616
12757,0.000118,74.125.24.0-255,7156,13586,56,174616
12758,0.00012,172.31.46.0-255,66,13652,56,174616
12759,0.000177,172.31.46.0-255,66,13718,56,174616
12760,0.00018,74.125.24.0-255,766,14484,56,174616
12761,0.000182,172.31.46.0-255,66,14550,56,174616
12762,0.000216,74.125.24.0-255,1484,16034,56,174616
12763,0.000218,172.31.46.0-255,66,16100,56,174616
12764,0.000223,74.125.24.0-255,2902,19002,56,174616
12765,0.000225,172.31.46.0-255,66,19068,56,174616
12766,0.000246,74.125.24.0-255,2902,21970,56,174616
12767,0.000248,172.31.46.0-255,66,22036,56,174616
12768,0.000267,74.125.24.0-255,2902,24938,56,174616
12769,0.00027,172.31.46.0-255,66,25004,56,174616
12770,0.000274,74.125.24.0-255,2902,27906,56,174616
12771,0.000276,172.31.46.0-255,66,27972,56,174616
12772,0.000316,74.125.24.0-255,4300,32272,56,174616
12773,0.000319,172.31.46.0-255,66,32338,56,174616
12774,0.000422,74.125.24.0-255,1484,33822,56,174616
12775,0.000425,172.31.46.0-255,66,33888,56,174616
12776,0.000431,74.125.24.0-255,2902,36790,56,174616
12777,0.000433,172.31.46.0-255,66,36856,56,174616
12778,0.000436,74.125.24.0-255,1484,38340,56,174616
12779,0.000462,74.125.24.0-255,4320,42660,56,174616
12780,0.000465,172.31.46.0-255,66,42726,56,174616
12781,0.00047,74.125.24.0-255,2902,45628,56,174616
12782,0.000472,172.31.46.0-255,66,45694,56,174616
12783,0.000487,74.125.24.0-255,5738,51432,56,174616
12784,0.00049,172.31.46.0-255,66,51498,56,174616
12785,0.000503,74.125.24.0-255,4320,55818,56,174616
12786,0.000505,172.31.46.0-255,66,55884,56,174616
12787,0.000512,74.125.24.0-255,5738,61622,56,174616
12788,0.000514,172.31.46.0-255,66,61688,56,174616
12789,0.000537,74.125.24.0-255,4320,66008,56,174616
12790,0.00054,172.31.46.0-255,66,66074,56,174616
12791,0.000543,74.125.24.0-255,766,66840,56,174616
12792,0.00057,74.125.24.0-255,1484,68324,56,174616
12793,0.000573,172.31.46.0-255,66,68390,56,174616
12794,0.000595,74.125.24.0-255,4320,72710,56,174616
12795,0.000598,172.31.46.0-255,66,72776,56,174616
12796,0.000602,74.125.24.0-255,2902,75678,56,174616
12797,0.000604,172.31.46.0-255,66,75744,56,174616
12798,0.000622,74.125.24.0-255,7156,82900,56,174616
12799,0.000625,172.31.46.0-255,66,82966,56,174616
12800,0.000628,74.125.24.0-255,1484,84450,56,174616
12801,0.000663,74.125.24.0-255,5738,90188,56,174616
12802,0.000666,172.31.46.0-255,66,90254,56,174616
12803,0.000695,172.31.46.0-255,66,90320,56,174616
12804,0.000726,74.125.24.0-255,1484,91804,56,174616
12805,0.00073,74.125.24.0-255,1484,93288,56,174616
12806,0.000732,172.31.46.0-255,66,93354,56,174616
12807,0.000744,74.125.24.0-255,1484,94838,56,174616
12808,0.000753,74.125.24.0-255,5738,100576,56,174616
12809,0.000756,172.31.46.0-255,66,100642,56,174616
12810,0.00076,74.125.24.0-255,2902,103544,56,174616
12811,0.000763,172.31.46.0-255,66,103610,56,174616
12812,0.000802,172.31.46.0-255,66,103676,56,174616
12813,0.000821,74.125.24.0-255,1484,105160,56,174616
12814,0.000832,172.31.46.0-255,66,105226,56,174616
12815,0.000857,74.125.24.0-255,2184,107410,56,174616
12816,0.00086,172.31.46.0-255,66,107476,56,174616
12817,0.000996,74.125.24.0-255,1484,108960,56,174616
12818,0.001001,74.125.24.0-255,2902,111862,56,174616
12819,0.001008,172.31.46.0-255,66,111928,56,174616
12820,0.00103,74.125.24.0-255,4320,116248,56,174616
12821,0.001033,172.31.46.0-255,66,116314,56,174616
12822,0.001054,74.125.24.0-255,1484,117798,56,174616
12823,0.001066,74.125.24.0-255,2902,120700,56,174616
12824,0.001069,172.31.46.0-255,66,120766,56,174616
12825,0.001097,172.31.46.0-255,66,120832,56,174616
12826,0.001102,74.125.24.0-255,2902,123734,56,174616
12827,0.001104,172.31.46.0-255,66,123800,56,174616
12828,0.001125,172.31.46.0-255,66,123866,56,174616
12829,0.001304,74.125.24.0-255,7156,131022,56,174616
12830,0.00131,172.31.46.0-255,66,131088,56,174616
12831,0.001331,74.125.24.0-255,5738,136826,56,174616
12832,0.001372,172.31.46.0-255,66,136892,56,174616
12833,0.001384,74.125.24.0-255,7156,144048,56,174616
12834,0.001386,172.31.46.0-255,66,144114,56,174616
12835,0.001429,172.31.46.0-255,66,144180,56,174616
12836,0.001461,172.31.46.0-255,66,144246,56,174616
12837,0.001481,172.31.46.0-255,66,144312,56,174616
12838,0.001497,74.125.24.0-255,6438,150750,56,174616
12839,0.001505,74.125.24.0-255,7156,157906,56,174616
12840,0.001519,172.31.46.0-255,66,157972,56,174616
12841,0.00157,74.125.24.0-255,2902,160874,56,174616
12842,0.001574,172.31.46.0-255,66,160940,56,174616
12843,0.001591,172.31.46.0-255,66,161006,56,174616
12844,0.001624,172.31.46.0-255,66,161072,56,174616
12845,0.001636,74.125.24.0-255,2902,163974,56,174616
12846,0.001647,172.31.46.0-255,66,164040,56,174616
12847,0.001696,74.125.24.0-255,2902,166942,56,174616
12848,0.001717,172.31.46.0-255,66,167008,56,174616
12849,0.001737,74.125.24.0-255,2902,169910,56,174616
12850,0.001742,172.31.46.0-255,66,169976,56,174616
12851,0.00179,74.125.24.0-255,4130,174106,56,174616
12852,0.001832,172.31.46.0-255,66,174172,56,174616
12853,0.001845,74.125.24.0-255,105,174277,56,174616
12854,0.001848,74.125.24.0-255,129,174406,56,174616
12855,0.009909,172.31.46.0-255,105,174511,56,174616
12856,0.009951,172.31.46.0-255,105,174616,56,174616
12857,0.0,172.217.194.0-255,150,150,56,138212
12858,2.2e-05,172.31.46.0-255,66,216,56,138212
12859,2.9e-05,172.217.194.0-255,1484,1700,56,138212
12860,3.3e-05,172.31.46.0-255,66,1766,56,138212
12861,4e-05,172.217.194.0-255,2902,4668,56,138212
12862,4.4e-05,172.31.46.0-255,66,4734,56,138212
12863,5.2e-05,172.217.194.0-255,7156,11890,56,138212
12864,5.5e-05,172.31.46.0-255,66,11956,56,138212
12865,8.2e-05,172.217.194.0-255,1484,13440,56,138212
12866,8.6e-05,172.31.46.0-255,66,13506,56,138212
12867,0.000116,172.31.46.0-255,66,13572,56,138212
12868,0.000128,172.31.46.0-255,66,13638,56,138212
12869,0.000149,172.217.194.0-255,1484,15122,56,138212
12870,0.000151,172.31.46.0-255,66,15188,56,138212
12871,0.000173,172.217.194.0-255,2902,18090,56,138212
12872,0.000175,172.31.46.0-255,66,18156,56,138212
12873,0.000182,172.217.194.0-255,5738,23894,56,138212
12874,0.000185,172.31.46.0-255,66,23960,56,138212
12875,0.000223,172.31.46.0-255,66,24026,56,138212
12876,0.000228,172.217.194.0-255,2902,26928,56,138212
12877,0.000229,172.31.46.0-255,66,26994,56,138212
12878,0.000242,172.217.194.0-255,2902,29896,56,138212
12879,0.000245,172.31.46.0-255,66,29962,56,138212
12880,0.000267,172.217.194.0-255,3961,33923,56,138212
12881,0.000269,172.31.46.0-255,66,33989,56,138212
12882,0.000272,172.217.194.0-255,409,34398,56,138212
12883,0.000274,172.31.46.0-255,66,34464,56,138212
12884,0.000654,172.217.194.0-255,366,34830,56,138212
12885,0.00066,172.31.46.0-255,66,34896,56,138212
12886,0.000994,172.217.194.0-255,1484,36380,56,138212
12887,0.000999,172.217.194.0-255,2902,39282,56,138212
12888,0.001012,172.31.46.0-255,66,39348,56,138212
12889,0.001019,172.217.194.0-255,4320,43668,56,138212
12890,0.001021,172.31.46.0-255,66,43734,56,138212
12891,0.001033,172.217.194.0-255,1484,45218,56,138212
12892,0.00104,172.217.194.0-255,5738,50956,56,138212
12893,0.001042,172.31.46.0-255,66,51022,56,138212
12894,0.00107,172.217.194.0-255,7156,58178,56,138212
12895,0.001072,172.31.46.0-255,66,58244,56,138212
12896,0.001075,172.217.194.0-255,1484,59728,56,138212
12897,0.001101,172.31.46.0-255,66,59794,56,138212
12898,0.001677,172.217.194.0-255,1484,61278,56,138212
12899,0.001688,172.217.194.0-255,2902,64180,56,138212
12900,0.001693,172.31.46.0-255,66,64246,56,138212
12901,0.001701,172.217.194.0-255,5738,69984,56,138212
12902,0.001703,172.31.46.0-255,66,70050,56,138212
12903,0.001754,172.31.46.0-255,66,70116,56,138212
12904,0.001766,172.31.46.0-255,66,70182,56,138212
12905,0.001769,172.217.194.0-255,766,70948,56,138212
12906,0.002094,172.217.194.0-255,1484,72432,56,138212
12907,0.002101,172.31.46.0-255,66,72498,56,138212
12908,0.002109,172.217.194.0-255,2902,75400,56,138212
12909,0.002112,172.31.46.0-255,66,75466,56,138212
12910,0.002115,172.217.194.0-255,1484,76950,56,138212
12911,0.002138,172.217.194.0-255,4320,81270,56,138212
12912,0.00214,172.31.46.0-255,66,81336,56,138212
12913,0.002157,172.217.194.0-255,2902,84238,56,138212
12914,0.002159,172.31.46.0-255,66,84304,56,138212
12915,0.002185,172.217.194.0-255,7156,91460,56,138212
12916,0.002187,172.31.46.0-255,66,91526,56,138212
12917,0.0022,172.31.46.0-255,66,91592,56,138212
12918,0.002204,172.217.194.0-255,2184,93776,56,138212
12919,0.002207,172.31.46.0-255,66,93842,56,138212
12920,0.002271,172.217.194.0-255,1484,95326,56,138212
12921,0.002285,172.217.194.0-255,2902,98228,56,138212
12922,0.002288,172.31.46.0-255,66,98294,56,138212
12923,0.002302,172.217.194.0-255,1484,99778,56,138212
12924,0.002316,172.217.194.0-255,2902,102680,56,138212
12925,0.002319,172.31.46.0-255,66,102746,56,138212
12926,0.002325,172.217.194.0-255,5738,108484,56,138212
12927,0.002328,172.31.46.0-255,66,108550,56,138212
12928,0.002346,172.217.194.0-255,2902,111452,56,138212
12929,0.002348,172.31.46.0-255,66,111518,56,138212
12930,0.002395,172.31.46.0-255,66,111584,56,138212
12931,0.00241,172.217.194.0-255,1484,113068,56,138212
12932,0.002414,172.217.194.0-255,2184,115252,56,138212
12933,0.002417,172.31.46.0-255,66,115318,56,138212
12934,0.002489,172.217.194.0-255,1484,116802,56,138212
12935,0.002503,172.217.194.0-255,2902,119704,56,138212
12936,0.002506,172.31.46.0-255,66,119770,56,138212
12937,0.002509,172.217.194.0-255,1484,121254,56,138212
12938,0.002526,172.217.194.0-255,4320,125574,56,138212
12939,0.002529,172.31.46.0-255,66,125640,56,138212
12940,0.002532,172.217.194.0-255,1484,127124,56,138212
12941,0.002559,172.31.46.0-255,66,127190,56,138212
12942,0.002573,172.31.46.0-255,66,127256,56,138212
12943,0.002592,172.217.194.0-255,766,128022,56,138212
12944,0.005111,172.217.194.0-255,4320,132342,56,138212
12945,0.005116,172.31.46.0-255,66,132408,56,138212
12946,0.007665,172.217.194.0-255,5738,138146,56,138212
12947,0.007674,172.31.46.0-255,66,138212,56,138212
12948,0.0,172.31.46.0-255,66,66,56,66
12949,0.0,74.125.24.0-255,153,153,56,106247
12950,1.4e-05,172.31.46.0-255,66,219,56,106247
12951,2.2e-05,74.125.24.0-255,1484,1703,56,106247
12952,2.7e-05,172.31.46.0-255,66,1769,56,106247
12953,3.4e-05,74.125.24.0-255,2902,4671,56,106247
12954,3.7e-05,172.31.46.0-255,66,4737,56,106247
12955,7.6e-05,74.125.24.0-255,7156,11893,56,106247
12956,7.9e-05,172.31.46.0-255,66,11959,56,106247
12957,8.3e-05,74.125.24.0-255,1912,13871,56,106247
12958,8.6e-05,172.31.46.0-255,66,13937,56,106247
12959,0.000275,74.125.24.0-255,1484,15421,56,106247
12960,0.00028,172.31.46.0-255,66,15487,56,106247
12961,0.000285,74.125.24.0-255,1484,16971,56,106247
12962,0.000288,172.31.46.0-255,66,17037,56,106247
12963,0.0003,74.125.24.0-255,1484,18521,56,106247
12964,0.000302,172.31.46.0-255,66,18587,56,106247
12965,0.000309,74.125.24.0-255,5738,24325,56,106247
12966,0.000312,172.31.46.0-255,66,24391,56,106247
12967,0.000314,74.125.24.0-255,1484,25875,56,106247
12968,0.000317,172.31.46.0-255,66,25941,56,106247
12969,0.000345,74.125.24.0-255,4320,30261,56,106247
12970,0.000348,172.31.46.0-255,66,30327,56,106247
12971,0.000365,74.125.24.0-255,1484,31811,56,106247
12972,0.000367,172.31.46.0-255,66,31877,56,106247
12973,0.0004,172.31.46.0-255,66,31943,56,106247
12974,0.000441,74.125.24.0-255,3961,35904,56,106247
12975,0.000444,172.31.46.0-255,66,35970,56,106247
12976,0.001028,74.125.24.0-255,1484,37454,56,106247
12977,0.001034,172.31.46.0-255,66,37520,56,106247
12978,0.001041,74.125.24.0-255,2902,40422,56,106247
12979,0.001045,172.31.46.0-255,66,40488,56,106247
12980,0.00105,74.125.24.0-255,4320,44808,56,106247
12981,0.001064,74.125.24.0-255,1484,46292,56,106247
12982,0.001067,74.125.24.0-255,1484,47776,56,106247
12983,0.001088,74.125.24.0-255,5379,53155,56,106247
12984,0.001094,74.125.24.0-255,2902,56057,56,106247
12985,0.001107,74.125.24.0-255,4320,60377,56,106247
12986,0.001121,74.125.24.0-255,2902,63279,56,106247
12987,0.001136,74.125.24.0-255,5738,69017,56,106247
12988,0.001178,74.125.24.0-255,1706,70723,56,106247
12989,0.001502,74.125.24.0-255,1484,72207,56,106247
12990,0.001511,74.125.24.0-255,2902,75109,56,106247
12991,0.001542,74.125.24.0-255,5738,80847,56,106247
12992,0.001546,74.125.24.0-255,1484,82331,56,106247
12993,0.001571,74.125.24.0-255,5738,88069,56,106247
12994,0.00159,74.125.24.0-255,4320,92389,56,106247
12995,0.00164,74.125.24.0-255,2184,94573,56,106247
12996,0.004397,172.31.46.0-255,66,94639,56,106247
12997,0.006659,74.125.24.0-255,5738,100377,56,106247
12998,0.006667,172.31.46.0-255,66,100443,56,106247
12999,0.008957,74.125.24.0-255,5738,106181,56,106247
13000,0.008967,172.31.46.0-255,66,106247,56,106247
13001,0.0,74.125.200.0-255,147,147,56,143648
13002,1.6e-05,172.31.46.0-255,66,213,56,143648
13003,2.3e-05,74.125.200.0-255,1484,1697,56,143648
13004,2.8e-05,172.31.46.0-255,66,1763,56,143648
13005,3.1e-05,74.125.200.0-255,1484,3247,56,143648
13006,3.4e-05,172.31.46.0-255,66,3313,56,143648
13007,4.9e-05,74.125.200.0-255,2902,6215,56,143648
13008,5.2e-05,172.31.46.0-255,66,6281,56,143648
13009,5.8e-05,74.125.200.0-255,5738,12019,56,143648
13010,6e-05,172.31.46.0-255,66,12085,56,143648
13011,0.000103,74.125.200.0-255,2106,14191,56,143648
13012,0.000105,172.31.46.0-255,66,14257,56,143648
13013,0.000206,74.125.200.0-255,1484,15741,56,143648
13014,0.00021,172.31.46.0-255,66,15807,56,143648
13015,0.000231,74.125.200.0-255,2902,18709,56,143648
13016,0.000234,172.31.46.0-255,66,18775,56,143648
13017,0.00024,74.125.200.0-255,5738,24513,56,143648
13018,0.000243,172.31.46.0-255,66,24579,56,143648
13019,0.000246,74.125.200.0-255,1484,26063,56,143648
13020,0.000248,172.31.46.0-255,66,26129,56,143648
13021,0.000279,74.125.200.0-255,2902,29031,56,143648
13022,0.000282,172.31.46.0-255,66,29097,56,143648
13023,0.000307,74.125.200.0-255,2543,31640,56,143648
13024,0.00031,172.31.46.0-255,66,31706,56,143648
13025,0.000375,74.125.200.0-255,1484,33190,56,143648
13026,0.000378,172.31.46.0-255,66,33256,56,143648
13027,0.000395,74.125.200.0-255,2902,36158,56,143648
13028,0.000397,172.31.46.0-255,66,36224,56,143648
13029,0.000403,74.125.200.0-255,2902,39126,56,143648
13030,0.000405,172.31.46.0-255,66,39192,56,143648
13031,0.000408,74.125.200.0-255,1484,40676,56,143648
13032,0.00041,172.31.46.0-255,66,40742,56,143648
13033,0.000436,74.125.200.0-255,2902,43644,56,143648
13034,0.000439,172.31.46.0-255,66,43710,56,143648
13035,0.000454,74.125.200.0-255,2902,46612,56,143648
13036,0.000457,172.31.46.0-255,66,46678,56,143648
13037,0.000486,74.125.200.0-255,6797,53475,56,143648
13038,0.000488,172.31.46.0-255,66,53541,56,143648
13039,0.000499,172.31.46.0-255,66,53607,56,143648
13040,0.000503,74.125.200.0-255,2817,56424,56,143648
13041,0.000506,172.31.46.0-255,66,56490,56,143648
13042,0.000543,74.125.200.0-255,412,56902,56,143648
13043,0.000697,74.125.200.0-255,1484,58386,56,143648
13044,0.000703,172.31.46.0-255,66,58452,56,143648
13045,0.000727,74.125.200.0-255,2902,61354,56,143648
13046,0.00073,172.31.46.0-255,66,61420,56,143648
13047,0.000733,74.125.200.0-255,1484,62904,56,143648
13048,0.000758,74.125.200.0-255,4320,67224,56,143648
13049,0.00076,172.31.46.0-255,66,67290,56,143648
13050,0.000765,74.125.200.0-255,2902,70192,56,143648
13051,0.000767,172.31.46.0-255,66,70258,56,143648
13052,0.00077,74.125.200.0-255,1484,71742,56,143648
13053,0.000795,74.125.200.0-255,2902,74644,56,143648
13054,0.000798,172.31.46.0-255,66,74710,56,143648
13055,0.000804,74.125.200.0-255,7156,81866,56,143648
13056,0.000806,172.31.46.0-255,66,81932,56,143648
13057,0.000823,74.125.200.0-255,1484,83416,56,143648
13058,0.000832,74.125.200.0-255,4320,87736,56,143648
13059,0.000835,172.31.46.0-255,66,87802,56,143648
13060,0.00086,74.125.200.0-255,3602,91404,56,143648
13061,0.000863,172.31.46.0-255,66,91470,56,143648
13062,0.001448,74.125.200.0-255,1484,92954,56,143648
13063,0.001454,74.125.200.0-255,1484,94438,56,143648
13064,0.001458,172.31.46.0-255,66,94504,56,143648
13065,0.001485,74.125.200.0-255,1484,95988,56,143648
13066,0.001491,74.125.200.0-255,4320,100308,56,143648
13067,0.001494,172.31.46.0-255,66,100374,56,143648
13068,0.001517,74.125.200.0-255,1484,101858,56,143648
13069,0.001538,74.125.200.0-255,7156,109014,56,143648
13070,0.001541,172.31.46.0-255,66,109080,56,143648
13071,0.001556,74.125.200.0-255,5738,114818,56,143648
13072,0.001558,172.31.46.0-255,66,114884,56,143648
13073,0.001582,74.125.200.0-255,4320,119204,56,143648
13074,0.001584,172.31.46.0-255,66,119270,56,143648
13075,0.001589,74.125.200.0-255,4320,123590,56,143648
13076,0.001591,172.31.46.0-255,66,123656,56,143648
13077,0.001624,74.125.200.0-255,2184,125840,56,143648
13078,0.001627,172.31.46.0-255,66,125906,56,143648
13079,0.003903,74.125.200.0-255,2902,128808,56,143648
13080,0.00391,172.31.46.0-255,66,128874,56,143648
13081,0.003938,74.125.200.0-255,2902,131776,56,143648
13082,0.003941,172.31.46.0-255,66,131842,56,143648
13083,0.006208,74.125.200.0-255,2902,134744,56,143648
13084,0.006211,172.31.46.0-255,66,134810,56,143648
13085,0.006234,74.125.200.0-255,2902,137712,56,143648
13086,0.006235,172.31.46.0-255,66,137778,56,143648
13087,0.008502,74.125.200.0-255,4320,142098,56,143648
13088,0.008508,172.31.46.0-255,66,142164,56,143648
13089,0.008532,74.125.200.0-255,1484,143648,56,143648
13090,0.0,74.125.24.0-255,153,153,56,205706
13091,1.7e-05,172.31.46.0-255,66,219,56,205706
13092,2.4e-05,74.125.24.0-255,1484,1703,56,205706
13093,2.9e-05,172.31.46.0-255,66,1769,56,205706
13094,4.2e-05,74.125.24.0-255,2902,4671,56,205706
13095,4.5e-05,172.31.46.0-255,66,4737,56,205706
13096,5.2e-05,74.125.24.0-255,5738,10475,56,205706
13097,5.5e-05,172.31.46.0-255,66,10541,56,205706
13098,8.7e-05,74.125.24.0-255,3530,14071,56,205706
13099,8.9e-05,172.31.46.0-255,66,14137,56,205706
13100,0.000116,74.125.24.0-255,4320,18457,56,205706
13101,0.000118,172.31.46.0-255,66,18523,56,205706
13102,0.000149,74.125.24.0-255,4320,22843,56,205706
13103,0.000152,172.31.46.0-255,66,22909,56,205706
13104,0.000185,74.125.24.0-255,7156,30065,56,205706
13105,0.000187,172.31.46.0-255,66,30131,56,205706
13106,0.000212,74.125.24.0-255,1125,31256,56,205706
13107,0.000214,172.31.46.0-255,66,31322,56,205706
13108,0.00023,172.31.46.0-255,66,31388,56,205706
13109,0.000237,74.125.24.0-255,7156,38544,56,205706
13110,0.00024,172.31.46.0-255,66,38610,56,205706
13111,0.000285,74.125.24.0-255,6797,45407,56,205706
13112,0.000288,172.31.46.0-255,66,45473,56,205706
13113,0.000295,74.125.24.0-255,7156,52629,56,205706
13114,0.000298,172.31.46.0-255,66,52695,56,205706
13115,0.000335,74.125.24.0-255,2902,55597,56,205706
13116,0.000338,172.31.46.0-255,66,55663,56,205706
13117,0.000354,74.125.24.0-255,1421,57084,56,205706
13118,0.000357,172.31.46.0-255,66,57150,56,205706
13119,0.00036,74.125.24.0-255,412,57562,56,205706
13120,0.000362,172.31.46.0-255,66,57628,56,205706
13121,0.000615,74.125.24.0-255,1484,59112,56,205706
13122,0.000622,74.125.24.0-255,2902,62014,56,205706
13123,0.000627,172.31.46.0-255,66,62080,56,205706
13124,0.000634,74.125.24.0-255,5738,67818,56,205706
13125,0.000636,172.31.46.0-255,66,67884,56,205706
13126,0.000644,74.125.24.0-255,1484,69368,56,205706
13127,0.000656,172.31.46.0-255,66,69434,56,205706
13128,0.000712,74.125.24.0-255,5738,75172,56,205706
13129,0.000716,172.31.46.0-255,66,75238,56,205706
13130,0.000758,172.31.46.0-255,66,75304,56,205706
13131,0.000761,74.125.24.0-255,1484,76788,56,205706
13132,0.000765,74.125.24.0-255,2902,79690,56,205706
13133,0.000776,74.125.24.0-255,5738,85428,56,205706
13134,0.000779,74.125.24.0-255,1484,86912,56,205706
13135,0.000787,172.31.46.0-255,66,86978,56,205706
13136,0.000832,172.31.46.0-255,66,87044,56,205706
13137,0.000902,172.31.46.0-255,66,87110,56,205706
13138,0.000941,74.125.24.0-255,6438,93548,56,205706
13139,0.000947,172.31.46.0-255,66,93614,56,205706
13140,0.001022,74.125.24.0-255,1484,95098,56,205706
13141,0.001026,74.125.24.0-255,1484,96582,56,205706
13142,0.001029,172.31.46.0-255,66,96648,56,205706
13143,0.001057,74.125.24.0-255,1484,98132,56,205706
13144,0.001062,74.125.24.0-255,2902,101034,56,205706
13145,0.00111,172.31.46.0-255,66,101100,56,205706
13146,0.001121,74.125.24.0-255,4320,105420,56,205706
13147,0.001139,172.31.46.0-255,66,105486,56,205706
13148,0.001181,172.31.46.0-255,66,105552,56,205706
13149,0.001205,74.125.24.0-255,1484,107036,56,205706
13150,0.001209,74.125.24.0-255,1484,108520,56,205706
13151,0.001219,74.125.24.0-255,1484,110004,56,205706
13152,0.001222,74.125.24.0-255,1484,111488,56,205706
13153,0.001231,172.31.46.0-255,66,111554,56,205706
13154,0.001248,74.125.24.0-255,4320,115874,56,205706
13155,0.001253,74.125.24.0-255,2902,118776,56,205706
13156,0.001285,74.125.24.0-255,1484,120260,56,205706
13157,0.001287,172.31.46.0-255,66,120326,56,205706
13158,0.001293,172.31.46.0-255,66,120392,56,205706
13159,0.00135,74.125.24.0-255,5738,126130,56,205706
13160,0.001356,172.31.46.0-255,66,126196,56,205706
13161,0.00138,74.125.24.0-255,4320,130516,56,205706
13162,0.001405,172.31.46.0-255,66,130582,56,205706
13163,0.001418,74.125.24.0-255,7156,137738,56,205706
13164,0.001423,172.31.46.0-255,66,137804,56,205706
13165,0.001443,74.125.24.0-255,5020,142824,56,205706
13166,0.001471,74.125.24.0-255,1484,144308,56,205706
13167,0.001475,172.31.46.0-255,66,144374,56,205706
13168,0.001484,74.125.24.0-255,2902,147276,56,205706
13169,0.001486,74.125.24.0-255,1484,148760,56,205706
13170,0.0015,172.31.46.0-255,66,148826,56,205706
13171,0.001507,74.125.24.0-255,4320,153146,56,205706
13172,0.001509,74.125.24.0-255,1484,154630,56,205706
13173,0.001542,74.125.24.0-255,7156,161786,56,205706
13174,0.00156,74.125.24.0-255,4320,166106,56,205706
13175,0.001564,74.125.24.0-255,2184,168290,56,205706
13176,0.001574,172.31.46.0-255,66,168356,56,205706
13177,0.001606,74.125.24.0-255,2902,171258,56,205706
13178,0.00161,74.125.24.0-255,1484,172742,56,205706
13179,0.001624,74.125.24.0-255,2902,175644,56,205706
13180,0.001643,172.31.46.0-255,66,175710,56,205706
13181,0.001669,74.125.24.0-255,2902,178612,56,205706
13182,0.001684,74.125.24.0-255,4320,182932,56,205706
13183,0.001696,172.31.46.0-255,66,182998,56,205706
13184,0.001732,74.125.24.0-255,4320,187318,56,205706
13185,0.001753,74.125.24.0-255,6438,193756,56,205706
13186,0.00176,74.125.24.0-255,5738,199494,56,205706
13187,0.001763,172.31.46.0-255,66,199560,56,205706
13188,0.001776,74.125.24.0-255,5738,205298,56,205706
13189,0.001828,172.31.46.0-255,66,205364,56,205706
13190,0.001887,172.31.46.0-255,66,205430,56,205706
13191,0.001938,74.125.24.0-255,105,205535,56,205706
13192,0.001944,172.31.46.0-255,66,205601,56,205706
13193,0.008817,172.31.46.0-255,105,205706,56,205706
13194,0.0,74.125.68.0-255,146,146,56,288040
13195,1.9e-05,172.31.46.0-255,66,212,56,288040
13196,4.8e-05,74.125.68.0-255,1484,1696,56,288040
13197,5.3e-05,172.31.46.0-255,66,1762,56,288040
13198,6e-05,74.125.68.0-255,2902,4664,56,288040
13199,6.2e-05,172.31.46.0-255,66,4730,56,288040
13200,6.9e-05,74.125.68.0-255,5738,10468,56,288040
13201,7.2e-05,172.31.46.0-255,66,10534,56,288040
13202,9.6e-05,74.125.68.0-255,1484,12018,56,288040
13203,9.8e-05,172.31.46.0-255,66,12084,56,288040
13204,0.000121,74.125.68.0-255,4884,16968,56,288040
13205,0.000124,172.31.46.0-255,66,17034,56,288040
13206,0.000127,74.125.68.0-255,1484,18518,56,288040
13207,0.000129,172.31.46.0-255,66,18584,56,288040
13208,0.000134,74.125.68.0-255,2902,21486,56,288040
13209,0.000136,172.31.46.0-255,66,21552,56,288040
13210,0.000141,74.125.68.0-255,2902,24454,56,288040
13211,0.000144,172.31.46.0-255,66,24520,56,288040
13212,0.000162,74.125.68.0-255,2902,27422,56,288040
13213,0.000164,172.31.46.0-255,66,27488,56,288040
13214,0.000169,74.125.68.0-255,3961,31449,56,288040
13215,0.000171,172.31.46.0-255,66,31515,56,288040
13216,0.000514,74.125.68.0-255,1484,32999,56,288040
13217,0.00052,172.31.46.0-255,66,33065,56,288040
13218,0.000526,74.125.68.0-255,2902,35967,56,288040
13219,0.000528,172.31.46.0-255,66,36033,56,288040
13220,0.000533,74.125.68.0-255,2902,38935,56,288040
13221,0.000536,172.31.46.0-255,66,39001,56,288040
13222,0.000559,74.125.68.0-255,1484,40485,56,288040
13223,0.000562,172.31.46.0-255,66,40551,56,288040
13224,0.000583,74.125.68.0-255,7156,47707,56,288040
13225,0.000587,172.31.46.0-255,66,47773,56,288040
13226,0.000614,74.125.68.0-255,2543,50316,56,288040
13227,0.000617,172.31.46.0-255,66,50382,56,288040
13228,0.000628,172.31.46.0-255,66,50448,56,288040
13229,0.000631,74.125.68.0-255,2902,53350,56,288040
13230,0.000634,172.31.46.0-255,66,53416,56,288040
13231,0.000687,74.125.68.0-255,2864,56280,56,288040
13232,0.000691,172.31.46.0-255,66,56346,56,288040
13233,0.000739,74.125.68.0-255,2902,59248,56,288040
13234,0.000743,172.31.46.0-255,66,59314,56,288040
13235,0.000748,74.125.68.0-255,4320,63634,56,288040
13236,0.00075,172.31.46.0-255,66,63700,56,288040
13237,0.000768,74.125.68.0-255,7156,70856,56,288040
13238,0.000771,172.31.46.0-255,66,70922,56,288040
13239,0.000794,74.125.68.0-255,1484,72406,56,288040
13240,0.000797,172.31.46.0-255,66,72472,56,288040
13241,0.000801,74.125.68.0-255,1125,73597,56,288040
13242,0.000803,172.31.46.0-255,66,73663,56,288040
13243,0.000914,74.125.68.0-255,1484,75147,56,288040
13244,0.00092,172.31.46.0-255,66,75213,56,288040
13245,0.000925,74.125.68.0-255,2902,78115,56,288040
13246,0.000928,172.31.46.0-255,66,78181,56,288040
13247,0.00096,74.125.68.0-255,4320,82501,56,288040
13248,0.000964,172.31.46.0-255,66,82567,56,288040
13249,0.000975,172.31.46.0-255,66,82633,56,288040
13250,0.00098,74.125.68.0-255,4320,86953,56,288040
13251,0.000983,172.31.46.0-255,66,87019,56,288040
13252,0.001013,74.125.68.0-255,1484,88503,56,288040
13253,0.001016,172.31.46.0-255,66,88569,56,288040
13254,0.001022,74.125.68.0-255,7156,95725,56,288040
13255,0.001025,172.31.46.0-255,66,95791,56,288040
13256,0.001041,74.125.68.0-255,3602,99393,56,288040
13257,0.001046,172.31.46.0-255,66,99459,56,288040
13258,0.001116,74.125.68.0-255,1484,100943,56,288040
13259,0.001121,172.31.46.0-255,66,101009,56,288040
13260,0.001126,74.125.68.0-255,2902,103911,56,288040
13261,0.001128,172.31.46.0-255,66,103977,56,288040
13262,0.001146,74.125.68.0-255,4320,108297,56,288040
13263,0.001148,172.31.46.0-255,66,108363,56,288040
13264,0.001151,74.125.68.0-255,1484,109847,56,288040
13265,0.001153,172.31.46.0-255,66,109913,56,288040
13266,0.001186,74.125.68.0-255,4320,114233,56,288040
13267,0.00119,172.31.46.0-255,66,114299,56,288040
13268,0.001201,172.31.46.0-255,66,114365,56,288040
13269,0.001205,74.125.68.0-255,2902,117267,56,288040
13270,0.001207,172.31.46.0-255,66,117333,56,288040
13271,0.001213,74.125.68.0-255,4320,121653,56,288040
13272,0.001216,172.31.46.0-255,66,121719,56,288040
13273,0.001237,74.125.68.0-255,3602,125321,56,288040
13274,0.00124,172.31.46.0-255,66,125387,56,288040
13275,0.001244,74.125.68.0-255,1484,126871,56,288040
13276,0.001246,172.31.46.0-255,66,126937,56,288040
13277,0.001274,74.125.68.0-255,2902,129839,56,288040
13278,0.001277,172.31.46.0-255,66,129905,56,288040
13279,0.001284,74.125.68.0-255,7156,137061,56,288040
13280,0.001287,172.31.46.0-255,66,137127,56,288040
13281,0.001313,74.125.68.0-255,2902,140029,56,288040
13282,0.001315,172.31.46.0-255,66,140095,56,288040
13283,0.001319,74.125.68.0-255,2902,142997,56,288040
13284,0.001321,172.31.46.0-255,66,143063,56,288040
13285,0.001344,74.125.68.0-255,4320,147383,56,288040
13286,0.001348,172.31.46.0-255,66,147449,56,288040
13287,0.001382,172.31.46.0-255,66,147515,56,288040
13288,0.001396,74.125.68.0-255,1484,148999,56,288040
13289,0.001398,172.31.46.0-255,66,149065,56,288040
13290,0.001411,74.125.68.0-255,2902,151967,56,288040
13291,0.001418,172.31.46.0-255,66,152033,56,288040
13292,0.001439,74.125.68.0-255,5738,157771,56,288040
13293,0.001444,74.125.68.0-255,2902,160673,56,288040
13294,0.00145,172.31.46.0-255,66,160739,56,288040
13295,0.001477,74.125.68.0-255,2902,163641,56,288040
13296,0.001493,172.31.46.0-255,66,163707,56,288040
13297,0.0015,74.125.68.0-255,7043,170750,56,288040
13298,0.001504,74.125.68.0-255,4320,175070,56,288040
13299,0.001506,74.125.68.0-255,1484,176554,56,288040
13300,0.001512,172.31.46.0-255,66,176620,56,288040
13301,0.00153,74.125.68.0-255,4320,180940,56,288040
13302,0.001534,74.125.68.0-255,2902,183842,56,288040
13303,0.001547,172.31.46.0-255,66,183908,56,288040
13304,0.001564,74.125.68.0-255,2902,186810,56,288040
13305,0.001568,172.31.46.0-255,66,186876,56,288040
13306,0.001599,74.125.68.0-255,3602,190478,56,288040
13307,0.001629,172.31.46.0-255,66,190544,56,288040
13308,0.001686,74.125.68.0-255,1484,192028,56,288040
13309,0.001697,74.125.68.0-255,1484,193512,56,288040
13310,0.001708,74.125.68.0-255,1484,194996,56,288040
13311,0.001714,172.31.46.0-255,66,195062,56,288040
13312,0.001723,74.125.68.0-255,4320,199382,56,288040
13313,0.001728,172.31.46.0-255,66,199448,56,288040
13314,0.001758,74.125.68.0-255,5738,205186,56,288040
13315,0.001799,172.31.46.0-255,66,205252,56,288040
13316,0.001813,74.125.68.0-255,7156,212408,56,288040
13317,0.001842,74.125.68.0-255,766,213174,56,288040
13318,0.001849,172.31.46.0-255,66,213240,56,288040
13319,0.001988,74.125.68.0-255,1484,214724,56,288040
13320,0.001994,74.125.68.0-255,2902,217626,56,288040
13321,0.002008,172.31.46.0-255,66,217692,56,288040
13322,0.002019,74.125.68.0-255,4320,222012,56,288040
13323,0.002023,74.125.68.0-255,4320,226332,56,288040
13324,0.002034,74.125.68.0-255,1484,227816,56,288040
13325,0.002036,172.31.46.0-255,66,227882,56,288040
13326,0.002052,74.125.68.0-255,4320,232202,56,288040
13327,0.002063,172.31.46.0-255,66,232268,56,288040
13328,0.002092,74.125.68.0-255,7156,239424,56,288040
13329,0.002096,74.125.68.0-255,4320,243744,56,288040
13330,0.002118,74.125.68.0-255,5738,249482,56,288040
13331,0.002137,172.31.46.0-255,66,249548,56,288040
13332,0.002148,74.125.68.0-255,1484,251032,56,288040
13333,0.002153,172.31.46.0-255,66,251098,56,288040
13334,0.002189,74.125.68.0-255,5738,256836,56,288040
13335,0.002195,172.31.46.0-255,66,256902,56,288040
13336,0.002215,74.125.68.0-255,5020,261922,56,288040
13337,0.002228,74.125.68.0-255,5738,267660,56,288040
13338,0.00224,172.31.46.0-255,66,267726,56,288040
13339,0.002256,74.125.68.0-255,5738,273464,56,288040
13340,0.002261,74.125.68.0-255,2902,276366,56,288040
13341,0.002285,172.31.46.0-255,66,276432,56,288040
13342,0.004524,74.125.68.0-255,5738,282170,56,288040
13343,0.004532,172.31.46.0-255,66,282236,56,288040
13344,0.006786,74.125.68.0-255,5738,287974,56,288040
13345,0.008521,172.31.46.0-255,66,288040,56,288040
13346,0.0,74.125.68.0-255,153,153,56,230076
13347,2.2e-05,172.31.46.0-255,66,219,56,230076
13348,2.9e-05,74.125.68.0-255,1484,1703,56,230076
13349,3.5e-05,172.31.46.0-255,66,1769,56,230076
13350,4.8e-05,74.125.68.0-255,2902,4671,56,230076
13351,5.1e-05,172.31.46.0-255,66,4737,56,230076
13352,5.8e-05,74.125.68.0-255,5738,10475,56,230076
13353,6.1e-05,172.31.46.0-255,66,10541,56,230076
13354,0.000108,74.125.68.0-255,1484,12025,56,230076
13355,0.000111,172.31.46.0-255,66,12091,56,230076
13356,0.000136,74.125.68.0-255,2082,14173,56,230076
13357,0.000139,172.31.46.0-255,66,14239,56,230076
13358,0.000144,74.125.68.0-255,2902,17141,56,230076
13359,0.000147,172.31.46.0-255,66,17207,56,230076
13360,0.000152,74.125.68.0-255,4320,21527,56,230076
13361,0.000155,172.31.46.0-255,66,21593,56,230076
13362,0.00018,74.125.68.0-255,7156,28749,56,230076
13363,0.000183,172.31.46.0-255,66,28815,56,230076
13364,0.000204,74.125.68.0-255,1484,30299,56,230076
13365,0.000206,172.31.46.0-255,66,30365,56,230076
13366,0.00021,74.125.68.0-255,1125,31490,56,230076
13367,0.000212,172.31.46.0-255,66,31556,56,230076
13368,0.000235,74.125.68.0-255,4320,35876,56,230076
13369,0.000241,172.31.46.0-255,66,35942,56,230076
13370,0.000271,74.125.68.0-255,7156,43098,56,230076
13371,0.000274,172.31.46.0-255,66,43164,56,230076
13372,0.000278,74.125.68.0-255,2902,46066,56,230076
13373,0.00028,172.31.46.0-255,66,46132,56,230076
13374,0.0003,74.125.68.0-255,2543,48675,56,230076
13375,0.000302,172.31.46.0-255,66,48741,56,230076
13376,0.000389,74.125.68.0-255,1484,50225,56,230076
13377,0.000393,172.31.46.0-255,66,50291,56,230076
13378,0.000418,74.125.68.0-255,2902,53193,56,230076
13379,0.000421,172.31.46.0-255,66,53259,56,230076
13380,0.000428,74.125.68.0-255,5738,58997,56,230076
13381,0.00043,172.31.46.0-255,66,59063,56,230076
13382,0.000456,74.125.68.0-255,7128,66191,56,230076
13383,0.000459,172.31.46.0-255,66,66257,56,230076
13384,0.000485,74.125.68.0-255,345,66602,56,230076
13385,0.000596,74.125.68.0-255,1484,68086,56,230076
13386,0.000601,172.31.46.0-255,66,68152,56,230076
13387,0.000607,74.125.68.0-255,2902,71054,56,230076
13388,0.000609,172.31.46.0-255,66,71120,56,230076
13389,0.000644,74.125.68.0-255,5738,76858,56,230076
13390,0.000647,172.31.46.0-255,66,76924,56,230076
13391,0.000653,74.125.68.0-255,4320,81244,56,230076
13392,0.000656,172.31.46.0-255,66,81310,56,230076
13393,0.000688,74.125.68.0-255,2543,83853,56,230076
13394,0.000691,172.31.46.0-255,66,83919,56,230076
13395,0.000698,74.125.68.0-255,7156,91075,56,230076
13396,0.0007,172.31.46.0-255,66,91141,56,230076
13397,0.000712,172.31.46.0-255,66,91207,56,230076
13398,0.000739,74.125.68.0-255,1125,92332,56,230076
13399,0.001158,74.125.68.0-255,1484,93816,56,230076
13400,0.001163,172.31.46.0-255,66,93882,56,230076
13401,0.001168,74.125.68.0-255,2902,96784,56,230076
13402,0.00117,172.31.46.0-255,66,96850,56,230076
13403,0.001202,74.125.68.0-255,4320,101170,56,230076
13404,0.001205,172.31.46.0-255,66,101236,56,230076
13405,0.001211,74.125.68.0-255,4320,105556,56,230076
13406,0.001213,172.31.46.0-255,66,105622,56,230076
13407,0.001234,74.125.68.0-255,4320,109942,56,230076
13408,0.001237,172.31.46.0-255,66,110008,56,230076
13409,0.001243,74.125.68.0-255,5738,115746,56,230076
13410,0.001246,172.31.46.0-255,66,115812,56,230076
13411,0.001251,74.125.68.0-255,2902,118714,56,230076
13412,0.001252,172.31.46.0-255,66,118780,56,230076
13413,0.001278,74.125.68.0-255,4320,123100,56,230076
13414,0.001282,172.31.46.0-255,66,123166,56,230076
13415,0.001286,74.125.68.0-255,3602,126768,56,230076
13416,0.001289,172.31.46.0-255,66,126834,56,230076
13417,0.001315,74.125.68.0-255,1484,128318,56,230076
13418,0.001342,74.125.68.0-255,2902,131220,56,230076
13419,0.001345,172.31.46.0-255,66,131286,56,230076
13420,0.001376,74.125.68.0-255,5738,137024,56,230076
13421,0.00138,74.125.68.0-255,2902,139926,56,230076
13422,0.001384,172.31.46.0-255,66,139992,56,230076
13423,0.001387,172.31.46.0-255,66,140058,56,230076
13424,0.001412,74.125.68.0-255,2902,142960,56,230076
13425,0.001415,172.31.46.0-255,66,143026,56,230076
13426,0.001424,74.125.68.0-255,7156,150182,56,230076
13427,0.001426,172.31.46.0-255,66,150248,56,230076
13428,0.001431,74.125.68.0-255,4320,154568,56,230076
13429,0.001434,172.31.46.0-255,66,154634,56,230076
13430,0.001466,74.125.68.0-255,6438,161072,56,230076
13431,0.001469,172.31.46.0-255,66,161138,56,230076
13432,0.001886,74.125.68.0-255,1484,162622,56,230076
13433,0.001903,74.125.68.0-255,2902,165524,56,230076
13434,0.001907,172.31.46.0-255,66,165590,56,230076
13435,0.001934,74.125.68.0-255,5738,171328,56,230076
13436,0.001936,172.31.46.0-255,66,171394,56,230076
13437,0.00194,74.125.68.0-255,1484,172878,56,230076
13438,0.001964,74.125.68.0-255,5738,178616,56,230076
13439,0.001966,172.31.46.0-255,66,178682,56,230076
13440,0.002005,172.31.46.0-255,66,178748,56,230076
13441,0.002071,74.125.68.0-255,2184,180932,56,230076
13442,0.002073,172.31.46.0-255,66,180998,56,230076
13443,0.002099,74.125.68.0-255,1484,182482,56,230076
13444,0.002103,74.125.68.0-255,1484,183966,56,230076
13445,0.002105,172.31.46.0-255,66,184032,56,230076
13446,0.002121,74.125.68.0-255,1484,185516,56,230076
13447,0.002126,74.125.68.0-255,2902,188418,56,230076
13448,0.002128,172.31.46.0-255,66,188484,56,230076
13449,0.002153,74.125.68.0-255,2902,191386,56,230076
13450,0.002155,172.31.46.0-255,66,191452,56,230076
13451,0.002163,74.125.68.0-255,7156,198608,56,230076
13452,0.002165,172.31.46.0-255,66,198674,56,230076
13453,0.002192,74.125.68.0-255,7156,205830,56,230076
13454,0.002195,172.31.46.0-255,66,205896,56,230076
13455,0.002224,74.125.68.0-255,7156,213052,56,230076
13456,0.002227,172.31.46.0-255,66,213118,56,230076
13457,0.002231,74.125.68.0-255,2184,215302,56,230076
13458,0.002233,172.31.46.0-255,66,215368,56,230076
13459,0.004442,74.125.68.0-255,4320,219688,56,230076
13460,0.00445,172.31.46.0-255,66,219754,56,230076
13461,0.004478,74.125.68.0-255,1484,221238,56,230076
13462,0.006663,74.125.68.0-255,2902,224140,56,230076
13463,0.006668,172.31.46.0-255,66,224206,56,230076
13464,0.006692,74.125.68.0-255,1484,225690,56,230076
13465,0.008895,74.125.68.0-255,4320,230010,56,230076
13466,0.008903,172.31.46.0-255,66,230076,56,230076
13467,0.0,172.217.194.0-255,292,292,56,76823
13468,2.3e-05,172.31.46.0-255,66,358,56,76823
13469,3.1e-05,172.217.194.0-255,1484,1842,56,76823
13470,3.6e-05,172.31.46.0-255,66,1908,56,76823
13471,4e-05,172.217.194.0-255,1484,3392,56,76823
13472,5e-05,172.31.46.0-255,66,3458,56,76823
13473,7.8e-05,172.217.194.0-255,2902,6360,56,76823
13474,8.2e-05,172.31.46.0-255,66,6426,56,76823
13475,9e-05,172.217.194.0-255,7156,13582,56,76823
13476,9.3e-05,172.31.46.0-255,66,13648,56,76823
13477,9.6e-05,172.217.194.0-255,389,14037,56,76823
13478,9.8e-05,172.31.46.0-255,66,14103,56,76823
13479,0.000344,172.217.194.0-255,1484,15587,56,76823
13480,0.000348,172.31.46.0-255,66,15653,56,76823
13481,0.000354,172.217.194.0-255,2902,18555,56,76823
13482,0.000357,172.31.46.0-255,66,18621,56,76823
13483,0.00039,172.217.194.0-255,5738,24359,56,76823
13484,0.000393,172.31.46.0-255,66,24425,56,76823
13485,0.000453,172.217.194.0-255,6797,31222,56,76823
13486,0.000456,172.31.46.0-255,66,31288,56,76823
13487,0.000461,172.217.194.0-255,2902,34190,56,76823
13488,0.000463,172.31.46.0-255,66,34256,56,76823
13489,0.0005,172.217.194.0-255,5738,39994,56,76823
13490,0.000504,172.31.46.0-255,66,40060,56,76823
13491,0.000536,172.217.194.0-255,1484,41544,56,76823
13492,0.000538,172.31.46.0-255,66,41610,56,76823
13493,0.000573,172.217.194.0-255,6797,48407,56,76823
13494,0.000576,172.31.46.0-255,66,48473,56,76823
13495,0.000648,172.217.194.0-255,1484,49957,56,76823
13496,0.000651,172.31.46.0-255,66,50023,56,76823
13497,0.000681,172.217.194.0-255,2902,52925,56,76823
13498,0.000684,172.31.46.0-255,66,52991,56,76823
13499,0.000691,172.217.194.0-255,4320,57311,56,76823
13500,0.000716,172.31.46.0-255,66,57377,56,76823
13501,0.000727,172.217.194.0-255,1484,58861,56,76823
13502,0.000749,172.217.194.0-255,4320,63181,56,76823
13503,0.000752,172.217.194.0-255,1484,64665,56,76823
13504,0.000761,172.31.46.0-255,66,64731,56,76823
13505,0.000803,172.217.194.0-255,1704,66435,56,76823
13506,0.000824,172.31.46.0-255,66,66501,56,76823
13507,0.004892,172.217.194.0-255,1484,67985,56,76823
13508,0.00491,172.217.194.0-255,2902,70887,56,76823
13509,0.00492,172.31.46.0-255,66,70953,56,76823
13510,0.004926,172.217.194.0-255,1484,72437,56,76823
13511,0.00722,172.217.194.0-255,4320,76757,56,76823
13512,0.008145,172.31.46.0-255,66,76823,56,76823
13513,0.0,74.125.200.0-255,291,291,56,151857
13514,1.7e-05,172.31.46.0-255,66,357,56,151857
13515,2.4e-05,74.125.200.0-255,1484,1841,56,151857
13516,2.9e-05,172.31.46.0-255,66,1907,56,151857
13517,3.6e-05,74.125.200.0-255,2902,4809,56,151857
13518,3.9e-05,172.31.46.0-255,66,4875,56,151857
13519,5.8e-05,74.125.200.0-255,1484,6359,56,151857
13520,6e-05,172.31.46.0-255,66,6425,56,151857
13521,8.7e-05,74.125.200.0-255,4320,10745,56,151857
13522,9e-05,172.31.46.0-255,66,10811,56,151857
13523,9.3e-05,74.125.200.0-255,1484,12295,56,151857
13524,9.5e-05,172.31.46.0-255,66,12361,56,151857
13525,0.00013,74.125.200.0-255,1835,14196,56,151857
13526,0.000133,172.31.46.0-255,66,14262,56,151857
13527,0.000159,74.125.200.0-255,2902,17164,56,151857
13528,0.000161,172.31.46.0-255,66,17230,56,151857
13529,0.000183,74.125.200.0-255,1484,18714,56,151857
13530,0.000187,172.31.46.0-255,66,18780,56,151857
13531,0.000197,74.125.200.0-255,2902,21682,56,151857
13532,0.0002,172.31.46.0-255,66,21748,56,151857
13533,0.000239,74.125.200.0-255,4320,26068,56,151857
13534,0.000242,172.31.46.0-255,66,26134,56,151857
13535,0.000244,74.125.200.0-255,1484,27618,56,151857
13536,0.000246,172.31.46.0-255,66,27684,56,151857
13537,0.000265,74.125.200.0-255,3961,31645,56,151857
13538,0.000268,172.31.46.0-255,66,31711,56,151857
13539,0.000341,74.125.200.0-255,1484,33195,56,151857
13540,0.000345,172.31.46.0-255,66,33261,56,151857
13541,0.000358,74.125.200.0-255,2902,36163,56,151857
13542,0.000361,172.31.46.0-255,66,36229,56,151857
13543,0.000374,74.125.200.0-255,1484,37713,56,151857
13544,0.000376,172.31.46.0-255,66,37779,56,151857
13545,0.000401,74.125.200.0-255,2902,40681,56,151857
13546,0.000403,172.31.46.0-255,66,40747,56,151857
13547,0.000417,74.125.200.0-255,4320,45067,56,151857
13548,0.00042,172.31.46.0-255,66,45133,56,151857
13549,0.000434,74.125.200.0-255,1484,46617,56,151857
13550,0.000437,74.125.200.0-255,1484,48101,56,151857
13551,0.000439,172.31.46.0-255,66,48167,56,151857
13552,0.000471,74.125.200.0-255,1125,49292,56,151857
13553,0.000908,172.31.46.0-255,66,49358,56,151857
13554,0.000972,74.125.200.0-255,1484,50842,56,151857
13555,0.000987,74.125.200.0-255,2902,53744,56,151857
13556,0.00099,172.31.46.0-255,66,53810,56,151857
13557,0.000997,74.125.200.0-255,4320,58130,56,151857
13558,0.000998,172.31.46.0-255,66,58196,56,151857
13559,0.001038,74.125.200.0-255,1484,59680,56,151857
13560,0.001061,74.125.200.0-255,6797,66477,56,151857
13561,0.001064,172.31.46.0-255,66,66543,56,151857
13562,0.001178,74.125.200.0-255,1484,68027,56,151857
13563,0.001196,74.125.200.0-255,2902,70929,56,151857
13564,0.001199,172.31.46.0-255,66,70995,56,151857
13565,0.001223,74.125.200.0-255,4320,75315,56,151857
13566,0.001226,172.31.46.0-255,66,75381,56,151857
13567,0.001248,74.125.200.0-255,1484,76865,56,151857
13568,0.001255,74.125.200.0-255,5738,82603,56,151857
13569,0.001257,172.31.46.0-255,66,82669,56,151857
13570,0.001285,74.125.200.0-255,6797,89466,56,151857
13571,0.001288,172.31.46.0-255,66,89532,56,151857
13572,0.001293,74.125.200.0-255,4320,93852,56,151857
13573,0.001295,172.31.46.0-255,66,93918,56,151857
13574,0.001318,74.125.200.0-255,5738,99656,56,151857
13575,0.001322,172.31.46.0-255,66,99722,56,151857
13576,0.001343,74.125.200.0-255,1705,101427,56,151857
13577,0.001345,172.31.46.0-255,66,101493,56,151857
13578,0.001917,74.125.200.0-255,1484,102977,56,151857
13579,0.001927,74.125.200.0-255,2902,105879,56,151857
13580,0.001932,172.31.46.0-255,66,105945,56,151857
13581,0.001937,74.125.200.0-255,1484,107429,56,151857
13582,0.001956,74.125.200.0-255,4320,111749,56,151857
13583,0.001958,172.31.46.0-255,66,111815,56,151857
13584,0.001979,74.125.200.0-255,7156,118971,56,151857
13585,0.001981,172.31.46.0-255,66,119037,56,151857
13586,0.002017,74.125.200.0-255,4320,123357,56,151857
13587,0.002019,172.31.46.0-255,66,123423,56,151857
13588,0.00204,74.125.200.0-255,5738,129161,56,151857
13589,0.002042,172.31.46.0-255,66,129227,56,151857
13590,0.002045,74.125.200.0-255,1484,130711,56,151857
13591,0.002066,74.125.200.0-255,5020,135731,56,151857
13592,0.002068,172.31.46.0-255,66,135797,56,151857
13593,0.004365,74.125.200.0-255,5738,141535,56,151857
13594,0.004373,172.31.46.0-255,66,141601,56,151857
13595,0.006671,74.125.200.0-255,4320,145921,56,151857
13596,0.006676,172.31.46.0-255,66,145987,56,151857
13597,0.006693,74.125.200.0-255,1484,147471,56,151857
13598,0.009007,74.125.200.0-255,4320,151791,56,151857
13599,0.009014,172.31.46.0-255,66,151857,56,151857
13600,0.0,74.125.24.0-255,153,153,56,85788
13601,1.6e-05,172.31.46.0-255,66,219,56,85788
13602,2.4e-05,74.125.24.0-255,1484,1703,56,85788
13603,2.9e-05,172.31.46.0-255,66,1769,56,85788
13604,3.5e-05,74.125.24.0-255,2902,4671,56,85788
13605,3.8e-05,172.31.46.0-255,66,4737,56,85788
13606,4.6e-05,74.125.24.0-255,7156,11893,56,85788
13607,5e-05,172.31.46.0-255,66,11959,56,85788
13608,5.4e-05,74.125.24.0-255,1940,13899,56,85788
13609,5.7e-05,172.31.46.0-255,66,13965,56,85788
13610,6.2e-05,74.125.24.0-255,2902,16867,56,85788
13611,6.5e-05,172.31.46.0-255,66,16933,56,85788
13612,7.3e-05,74.125.24.0-255,7156,24089,56,85788
13613,7.7e-05,172.31.46.0-255,66,24155,56,85788
13614,8.2e-05,74.125.24.0-255,4320,28475,56,85788
13615,8.6e-05,172.31.46.0-255,66,28541,56,85788
13616,0.000137,74.125.24.0-255,2543,31084,56,85788
13617,0.00014,172.31.46.0-255,66,31150,56,85788
13618,0.000557,74.125.24.0-255,1484,32634,56,85788
13619,0.000565,74.125.24.0-255,2902,35536,56,85788
13620,0.00057,74.125.24.0-255,4320,39856,56,85788
13621,0.000575,172.31.46.0-255,66,39922,56,85788
13622,0.000586,172.31.46.0-255,66,39988,56,85788
13623,0.000588,172.31.46.0-255,66,40054,56,85788
13624,0.000592,74.125.24.0-255,1484,41538,56,85788
13625,0.000594,172.31.46.0-255,66,41604,56,85788
13626,0.000624,172.31.46.0-255,66,41670,56,85788
13627,0.000643,74.125.24.0-255,3961,45631,56,85788
13628,0.000646,172.31.46.0-255,66,45697,56,85788
13629,0.000649,74.125.24.0-255,1484,47181,56,85788
13630,0.000651,172.31.46.0-255,66,47247,56,85788
13631,0.000667,74.125.24.0-255,7156,54403,56,85788
13632,0.00067,172.31.46.0-255,66,54469,56,85788
13633,0.000691,74.125.24.0-255,1125,55594,56,85788
13634,0.001065,172.31.46.0-255,66,55660,56,85788
13635,0.001758,74.125.24.0-255,646,56306,56,85788
13636,0.001911,74.125.24.0-255,1484,57790,56,85788
13637,0.001917,172.31.46.0-255,66,57856,56,85788
13638,0.001925,74.125.24.0-255,2902,60758,56,85788
13639,0.001927,172.31.46.0-255,66,60824,56,85788
13640,0.001932,74.125.24.0-255,2902,63726,56,85788
13641,0.001934,172.31.46.0-255,66,63792,56,85788
13642,0.001955,74.125.24.0-255,2902,66694,56,85788
13643,0.001957,172.31.46.0-255,66,66760,56,85788
13644,0.001971,172.31.46.0-255,66,66826,56,85788
13645,0.002002,74.125.24.0-255,1484,68310,56,85788
13646,0.00203,172.31.46.0-255,66,68376,56,85788
13647,0.004144,74.125.24.0-255,5738,74114,56,85788
13648,0.004152,172.31.46.0-255,66,74180,56,85788
13649,0.006287,74.125.24.0-255,5738,79918,56,85788
13650,0.006292,172.31.46.0-255,66,79984,56,85788
13651,0.008417,74.125.24.0-255,5738,85722,56,85788
13652,0.008429,172.31.46.0-255,66,85788,56,85788
13653,0.0,74.125.24.0-255,152,152,56,105795
13654,1.9e-05,172.31.46.0-255,66,218,56,105795
13655,2.5e-05,74.125.24.0-255,1484,1702,56,105795
13656,2.9e-05,172.31.46.0-255,66,1768,56,105795
13657,3.5e-05,74.125.24.0-255,2902,4670,56,105795
13658,3.8e-05,172.31.46.0-255,66,4736,56,105795
13659,4.3e-05,74.125.24.0-255,4320,9056,56,105795
13660,4.6e-05,172.31.46.0-255,66,9122,56,105795
13661,5.1e-05,74.125.24.0-255,4937,14059,56,105795
13662,5.3e-05,172.31.46.0-255,66,14125,56,105795
13663,0.000466,74.125.24.0-255,1484,15609,56,105795
13664,0.000471,172.31.46.0-255,66,15675,56,105795
13665,0.000478,74.125.24.0-255,2902,18577,56,105795
13666,0.00048,172.31.46.0-255,66,18643,56,105795
13667,0.000485,74.125.24.0-255,5738,24381,56,105795
13668,0.000487,172.31.46.0-255,66,24447,56,105795
13669,0.000491,74.125.24.0-255,2902,27349,56,105795
13670,0.000493,172.31.46.0-255,66,27415,56,105795
13671,0.000539,74.125.24.0-255,2902,30317,56,105795
13672,0.000541,172.31.46.0-255,66,30383,56,105795
13673,0.000564,74.125.24.0-255,6797,37180,56,105795
13674,0.000567,172.31.46.0-255,66,37246,56,105795
13675,0.000578,172.31.46.0-255,66,37312,56,105795
13676,0.000581,74.125.24.0-255,1125,38437,56,105795
13677,0.000583,172.31.46.0-255,66,38503,56,105795
13678,0.000616,74.125.24.0-255,1484,39987,56,105795
13679,0.000619,172.31.46.0-255,66,40053,56,105795
13680,0.000624,74.125.24.0-255,4320,44373,56,105795
13681,0.000626,172.31.46.0-255,66,44439,56,105795
13682,0.000639,74.125.24.0-255,4320,48759,56,105795
13683,0.000641,172.31.46.0-255,66,48825,56,105795
13684,0.000695,74.125.24.0-255,7126,55951,56,105795
13685,0.001052,74.125.24.0-255,112,56063,56,105795
13686,0.001089,74.125.24.0-255,332,56395,56,105795
13687,0.00155,74.125.24.0-255,1484,57879,56,105795
13688,0.001563,74.125.24.0-255,2902,60781,56,105795
13689,0.001587,74.125.24.0-255,5738,66519,56,105795
13690,0.001591,74.125.24.0-255,4320,70839,56,105795
13691,0.001608,74.125.24.0-255,5738,76577,56,105795
13692,0.001623,74.125.24.0-255,2902,79479,56,105795
13693,0.00253,74.125.24.0-255,1484,80963,56,105795
13694,0.002533,74.125.24.0-255,1484,82447,56,105795
13695,0.002544,74.125.24.0-255,1484,83931,56,105795
13696,0.002546,74.125.24.0-255,1484,85415,56,105795
13697,0.002561,74.125.24.0-255,4320,89735,56,105795
13698,0.002565,74.125.24.0-255,2902,92637,56,105795
13699,0.002588,74.125.24.0-255,1484,94121,56,105795
13700,0.003408,172.31.46.0-255,66,94187,56,105795
13701,0.006013,74.125.24.0-255,5738,99925,56,105795
13702,0.00602,172.31.46.0-255,66,99991,56,105795
13703,0.008594,74.125.24.0-255,5738,105729,56,105795
13704,0.008602,172.31.46.0-255,66,105795,56,105795
13705,0.0,74.125.24.0-255,143,143,56,84491
13706,1.7e-05,172.31.46.0-255,66,209,56,84491
13707,2.4e-05,74.125.24.0-255,1484,1693,56,84491
13708,2.8e-05,172.31.46.0-255,66,1759,56,84491
13709,3.3e-05,74.125.24.0-255,2902,4661,56,84491
13710,3.7e-05,172.31.46.0-255,66,4727,56,84491
13711,4.5e-05,74.125.24.0-255,7156,11883,56,84491
13712,4.8e-05,172.31.46.0-255,66,11949,56,84491
13713,5.3e-05,74.125.24.0-255,2074,14023,56,84491
13714,5.5e-05,172.31.46.0-255,66,14089,56,84491
13715,0.000118,74.125.24.0-255,1484,15573,56,84491
13716,0.000121,172.31.46.0-255,66,15639,56,84491
13717,0.000125,74.125.24.0-255,2902,18541,56,84491
13718,0.000127,172.31.46.0-255,66,18607,56,84491
13719,0.000131,74.125.24.0-255,1484,20091,56,84491
13720,0.000133,172.31.46.0-255,66,20157,56,84491
13721,0.000169,74.125.24.0-255,4320,24477,56,84491
13722,0.000172,172.31.46.0-255,66,24543,56,84491
13723,0.000179,74.125.24.0-255,6797,31340,56,84491
13724,0.000182,172.31.46.0-255,66,31406,56,84491
13725,0.000417,74.125.24.0-255,1484,32890,56,84491
13726,0.000423,172.31.46.0-255,66,32956,56,84491
13727,0.000429,74.125.24.0-255,2902,35858,56,84491
13728,0.000431,172.31.46.0-255,66,35924,56,84491
13729,0.000436,74.125.24.0-255,2902,38826,56,84491
13730,0.000438,172.31.46.0-255,66,38892,56,84491
13731,0.000464,74.125.24.0-255,2902,41794,56,84491
13732,0.000467,172.31.46.0-255,66,41860,56,84491
13733,0.000475,74.125.24.0-255,6797,48657,56,84491
13734,0.000478,172.31.46.0-255,66,48723,56,84491
13735,0.000489,172.31.46.0-255,66,48789,56,84491
13736,0.000514,74.125.24.0-255,4320,53109,56,84491
13737,0.000517,172.31.46.0-255,66,53175,56,84491
13738,0.000521,74.125.24.0-255,2543,55718,56,84491
13739,0.000523,172.31.46.0-255,66,55784,56,84491
13740,0.000566,74.125.24.0-255,400,56184,56,84491
13741,0.000569,74.125.24.0-255,108,56292,56,84491
13742,0.00065,74.125.24.0-255,333,56625,56,84491
13743,0.001341,74.125.24.0-255,1484,58109,56,84491
13744,0.001349,172.31.46.0-255,66,58175,56,84491
13745,0.001357,74.125.24.0-255,2902,61077,56,84491
13746,0.00136,172.31.46.0-255,66,61143,56,84491
13747,0.001367,74.125.24.0-255,5738,66881,56,84491
13748,0.00137,172.31.46.0-255,66,66947,56,84491
13749,0.00142,172.31.46.0-255,66,67013,56,84491
13750,0.001432,172.31.46.0-255,66,67079,56,84491
13751,0.003724,74.125.24.0-255,5738,72817,56,84491
13752,0.003731,172.31.46.0-255,66,72883,56,84491
13753,0.006013,74.125.24.0-255,5738,78621,56,84491
13754,0.006022,172.31.46.0-255,66,78687,56,84491
13755,0.008299,74.125.24.0-255,5738,84425,56,84491
13756,0.008311,172.31.46.0-255,66,84491,56,84491
13757,0.0,216.58.203.0-255,153,153,56,137913
13758,2.2e-05,172.31.46.0-255,66,219,56,137913
13759,2.8e-05,216.58.203.0-255,1484,1703,56,137913
13760,3.3e-05,172.31.46.0-255,66,1769,56,137913
13761,3.9e-05,216.58.203.0-255,2902,4671,56,137913
13762,4.9e-05,172.31.46.0-255,66,4737,56,137913
13763,5.7e-05,216.58.203.0-255,5738,10475,56,137913
13764,6e-05,172.31.46.0-255,66,10541,56,137913
13765,7.3e-05,172.31.46.0-255,66,10607,56,137913
13766,0.000112,216.58.203.0-255,4320,14927,56,137913
13767,0.000115,172.31.46.0-255,66,14993,56,137913
13768,0.000141,216.58.203.0-255,5379,20372,56,137913
13769,0.000144,172.31.46.0-255,66,20438,56,137913
13770,0.000166,216.58.203.0-255,1484,21922,56,137913
13771,0.000168,172.31.46.0-255,66,21988,56,137913
13772,0.000172,216.58.203.0-255,1484,23472,56,137913
13773,0.000173,172.31.46.0-255,66,23538,56,137913
13774,0.000192,216.58.203.0-255,1484,25022,56,137913
13775,0.000194,172.31.46.0-255,66,25088,56,137913
13776,0.000204,216.58.203.0-255,5738,30826,56,137913
13777,0.000206,172.31.46.0-255,66,30892,56,137913
13778,0.000209,216.58.203.0-255,2902,33794,56,137913
13779,0.000211,172.31.46.0-255,66,33860,56,137913
13780,0.00026,216.58.203.0-255,3961,37821,56,137913
13781,0.000263,172.31.46.0-255,66,37887,56,137913
13782,0.000295,216.58.203.0-255,4320,42207,56,137913
13783,0.000299,172.31.46.0-255,66,42273,56,137913
13784,0.000303,216.58.203.0-255,2902,45175,56,137913
13785,0.000305,172.31.46.0-255,66,45241,56,137913
13786,0.000336,216.58.203.0-255,7156,52397,56,137913
13787,0.000339,172.31.46.0-255,66,52463,56,137913
13788,0.000361,216.58.203.0-255,2543,55006,56,137913
13789,0.000363,172.31.46.0-255,66,55072,56,137913
13790,0.000403,216.58.203.0-255,393,55465,56,137913
13791,0.000667,216.58.203.0-255,114,55579,56,137913
13792,0.000798,216.58.203.0-255,1484,57063,56,137913
13793,0.000804,172.31.46.0-255,66,57129,56,137913
13794,0.00081,216.58.203.0-255,2902,60031,56,137913
13795,0.000813,172.31.46.0-255,66,60097,56,137913
13796,0.000824,216.58.203.0-255,4320,64417,56,137913
13797,0.000826,172.31.46.0-255,66,64483,56,137913
13798,0.000852,216.58.203.0-255,1484,65967,56,137913
13799,0.000879,172.31.46.0-255,66,66033,56,137913
13800,0.000884,216.58.203.0-255,4320,70353,56,137913
13801,0.000887,172.31.46.0-255,66,70419,56,137913
13802,0.00093,172.31.46.0-255,66,70485,56,137913
13803,0.000962,216.58.203.0-255,2810,73295,56,137913
13804,0.000965,172.31.46.0-255,66,73361,56,137913
13805,0.00122,216.58.203.0-255,1484,74845,56,137913
13806,0.001239,216.58.203.0-255,2902,77747,56,137913
13807,0.001242,172.31.46.0-255,66,77813,56,137913
13808,0.00125,216.58.203.0-255,5738,83551,56,137913
13809,0.001252,172.31.46.0-255,66,83617,56,137913
13810,0.001282,172.31.46.0-255,66,83683,56,137913
13811,0.001297,172.31.46.0-255,66,83749,56,137913
13812,0.001325,216.58.203.0-255,2184,85933,56,137913
13813,0.001327,172.31.46.0-255,66,85999,56,137913
13814,0.001512,216.58.203.0-255,1484,87483,56,137913
13815,0.001518,216.58.203.0-255,2902,90385,56,137913
13816,0.001521,172.31.46.0-255,66,90451,56,137913
13817,0.001554,216.58.203.0-255,5738,96189,56,137913
13818,0.001561,216.58.203.0-255,7156,103345,56,137913
13819,0.001564,216.58.203.0-255,1484,104829,56,137913
13820,0.001575,172.31.46.0-255,66,104895,56,137913
13821,0.001578,172.31.46.0-255,66,104961,56,137913
13822,0.001596,172.31.46.0-255,66,105027,56,137913
13823,0.001617,216.58.203.0-255,2902,107929,56,137913
13824,0.001619,172.31.46.0-255,66,107995,56,137913
13825,0.001629,216.58.203.0-255,2184,110179,56,137913
13826,0.00163,172.31.46.0-255,66,110245,56,137913
13827,0.003246,216.58.203.0-255,5738,115983,56,137913
13828,0.003254,172.31.46.0-255,66,116049,56,137913
13829,0.004873,216.58.203.0-255,5738,121787,56,137913
13830,0.004879,172.31.46.0-255,66,121853,56,137913
13831,0.006498,216.58.203.0-255,4320,126173,56,137913
13832,0.006501,172.31.46.0-255,66,126239,56,137913
13833,0.006524,216.58.203.0-255,1484,127723,56,137913
13834,0.008127,216.58.203.0-255,4320,132043,56,137913
13835,0.008132,172.31.46.0-255,66,132109,56,137913
13836,0.009756,216.58.203.0-255,5738,137847,56,137913
13837,0.009764,172.31.46.0-255,66,137913,56,137913
13838,0.0,172.217.194.0-255,150,150,56,201236
13839,2.2e-05,172.31.46.0-255,66,216,56,201236
13840,2.8e-05,172.217.194.0-255,1484,1700,56,201236
13841,3.3e-05,172.31.46.0-255,66,1766,56,201236
13842,3.8e-05,172.217.194.0-255,2902,4668,56,201236
13843,4.1e-05,172.31.46.0-255,66,4734,56,201236
13844,4.6e-05,172.217.194.0-255,4320,9054,56,201236
13845,4.8e-05,172.31.46.0-255,66,9120,56,201236
13846,8.2e-05,172.31.46.0-255,66,9186,56,201236
13847,0.000108,172.217.194.0-255,650,9836,56,201236
13848,0.00011,172.31.46.0-255,66,9902,56,201236
13849,0.00012,172.31.46.0-255,66,9968,56,201236
13850,0.000216,172.217.194.0-255,1484,11452,56,201236
13851,0.000219,172.31.46.0-255,66,11518,56,201236
13852,0.000254,172.217.194.0-255,1484,13002,56,201236
13853,0.000256,172.31.46.0-255,66,13068,56,201236
13854,0.000271,172.217.194.0-255,2902,15970,56,201236
13855,0.000273,172.31.46.0-255,66,16036,56,201236
13856,0.000279,172.217.194.0-255,5738,21774,56,201236
13857,0.000281,172.31.46.0-255,66,21840,56,201236
13858,0.000304,172.217.194.0-255,4320,26160,56,201236
13859,0.000306,172.31.46.0-255,66,26226,56,201236
13860,0.000341,172.217.194.0-255,4320,30546,56,201236
13861,0.000344,172.31.46.0-255,66,30612,56,201236
13862,0.00037,172.31.46.0-255,66,30678,56,201236
13863,0.000374,172.217.194.0-255,4320,34998,56,201236
13864,0.000376,172.31.46.0-255,66,35064,56,201236
13865,0.000389,172.217.194.0-255,1415,36479,56,201236
13866,0.000391,172.31.46.0-255,66,36545,56,201236
13867,0.000501,172.217.194.0-255,367,36912,56,201236
13868,0.000579,172.217.194.0-255,1484,38396,56,201236
13869,0.000582,172.31.46.0-255,66,38462,56,201236
13870,0.000595,172.217.194.0-255,2902,41364,56,201236
13871,0.000599,172.31.46.0-255,66,41430,56,201236
13872,0.000606,172.217.194.0-255,1484,42914,56,201236
13873,0.000639,172.217.194.0-255,7156,50070,56,201236
13874,0.000642,172.31.46.0-255,66,50136,56,201236
13875,0.000646,172.217.194.0-255,2902,53038,56,201236
13876,0.000648,172.31.46.0-255,66,53104,56,201236
13877,0.000661,172.217.194.0-255,1125,54229,56,201236
13878,0.000707,172.217.194.0-255,5738,59967,56,201236
13879,0.00071,172.31.46.0-255,66,60033,56,201236
13880,0.000715,172.217.194.0-255,4320,64353,56,201236
13881,0.000717,172.31.46.0-255,66,64419,56,201236
13882,0.00073,172.217.194.0-255,2902,67321,56,201236
13883,0.000732,172.31.46.0-255,66,67387,56,201236
13884,0.000744,172.217.194.0-255,1484,68871,56,201236
13885,0.000769,172.217.194.0-255,2543,71414,56,201236
13886,0.000771,172.31.46.0-255,66,71480,56,201236
13887,0.001183,172.217.194.0-255,1484,72964,56,201236
13888,0.00119,172.217.194.0-255,2902,75866,56,201236
13889,0.001193,172.31.46.0-255,66,75932,56,201236
13890,0.001197,172.217.194.0-255,1484,77416,56,201236
13891,0.00122,172.217.194.0-255,4320,81736,56,201236
13892,0.001223,172.31.46.0-255,66,81802,56,201236
13893,0.001226,172.217.194.0-255,1484,83286,56,201236
13894,0.001232,172.217.194.0-255,5738,89024,56,201236
13895,0.001233,172.31.46.0-255,66,89090,56,201236
13896,0.001249,172.217.194.0-255,2902,91992,56,201236
13897,0.001251,172.31.46.0-255,66,92058,56,201236
13898,0.00129,172.31.46.0-255,66,92124,56,201236
13899,0.001349,172.217.194.0-255,1484,93608,56,201236
13900,0.001378,172.217.194.0-255,2902,96510,56,201236
13901,0.001381,172.31.46.0-255,66,96576,56,201236
13902,0.001407,172.217.194.0-255,5738,102314,56,201236
13903,0.00141,172.31.46.0-255,66,102380,56,201236
13904,0.001416,172.217.194.0-255,5738,108118,56,201236
13905,0.001419,172.31.46.0-255,66,108184,56,201236
13906,0.00145,172.31.46.0-255,66,108250,56,201236
13907,0.001473,172.217.194.0-255,1484,109734,56,201236
13908,0.001479,172.217.194.0-255,5020,114754,56,201236
13909,0.001482,172.31.46.0-255,66,114820,56,201236
13910,0.001528,172.217.194.0-255,1484,116304,56,201236
13911,0.001541,172.217.194.0-255,2902,119206,56,201236
13912,0.001544,172.31.46.0-255,66,119272,56,201236
13913,0.001547,172.217.194.0-255,1484,120756,56,201236
13914,0.001565,172.217.194.0-255,4320,125076,56,201236
13915,0.001569,172.31.46.0-255,66,125142,56,201236
13916,0.001575,172.217.194.0-255,5738,130880,56,201236
13917,0.001577,172.31.46.0-255,66,130946,56,201236
13918,0.001605,172.217.194.0-255,5738,136684,56,201236
13919,0.001608,172.31.46.0-255,66,136750,56,201236
13920,0.00163,172.217.194.0-255,7156,143906,56,201236
13921,0.001633,172.31.46.0-255,66,143972,56,201236
13922,0.001639,172.217.194.0-255,5020,148992,56,201236
13923,0.001641,172.31.46.0-255,66,149058,56,201236
13924,0.001839,172.217.194.0-255,1484,150542,56,201236
13925,0.001852,172.217.194.0-255,2902,153444,56,201236
13926,0.001855,172.31.46.0-255,66,153510,56,201236
13927,0.001879,172.217.194.0-255,1484,154994,56,201236
13928,0.001897,172.217.194.0-255,4320,159314,56,201236
13929,0.0019,172.31.46.0-255,66,159380,56,201236
13930,0.001929,172.217.194.0-255,7156,166536,56,201236
13931,0.001932,172.31.46.0-255,66,166602,56,201236
13932,0.001943,172.31.46.0-255,66,166668,56,201236
13933,0.002003,172.31.46.0-255,66,166734,56,201236
13934,0.002166,172.217.194.0-255,1484,168218,56,201236
13935,0.002172,172.217.194.0-255,2902,171120,56,201236
13936,0.002175,172.31.46.0-255,66,171186,56,201236
13937,0.002196,172.217.194.0-255,5738,176924,56,201236
13938,0.002198,172.31.46.0-255,66,176990,56,201236
13939,0.002236,172.31.46.0-255,66,177056,56,201236
13940,0.002259,172.217.194.0-255,4320,181376,56,201236
13941,0.002261,172.31.46.0-255,66,181442,56,201236
13942,0.002291,172.31.46.0-255,66,181508,56,201236
13943,0.002303,172.217.194.0-255,766,182274,56,201236
13944,0.002306,172.217.194.0-255,1484,183758,56,201236
13945,0.002308,172.31.46.0-255,66,183824,56,201236
13946,0.004558,172.217.194.0-255,5738,189562,56,201236
13947,0.004566,172.31.46.0-255,66,189628,56,201236
13948,0.006813,172.217.194.0-255,5738,195366,56,201236
13949,0.006819,172.31.46.0-255,66,195432,56,201236
13950,0.009067,172.217.194.0-255,5738,201170,56,201236
13951,0.009075,172.31.46.0-255,66,201236,56,201236
13952,0.0,74.125.24.0-255,149,149,56,137995
13953,2.3e-05,172.31.46.0-255,66,215,56,137995
13954,3.1e-05,74.125.24.0-255,1484,1699,56,137995
13955,3.6e-05,172.31.46.0-255,66,1765,56,137995
13956,4.2e-05,74.125.24.0-255,2902,4667,56,137995
13957,4.7e-05,172.31.46.0-255,66,4733,56,137995
13958,5.3e-05,74.125.24.0-255,4320,9053,56,137995
13959,5.6e-05,172.31.46.0-255,66,9119,56,137995
13960,6.9e-05,172.31.46.0-255,66,9185,56,137995
13961,0.000115,172.31.46.0-255,66,9251,56,137995
13962,0.0002,74.125.24.0-255,1484,10735,56,137995
13963,0.000205,172.31.46.0-255,66,10801,56,137995
13964,0.00021,74.125.24.0-255,2902,13703,56,137995
13965,0.000213,172.31.46.0-255,66,13769,56,137995
13966,0.000245,74.125.24.0-255,2902,16671,56,137995
13967,0.000247,172.31.46.0-255,66,16737,56,137995
13968,0.000266,74.125.24.0-255,2902,19639,56,137995
13969,0.000268,172.31.46.0-255,66,19705,56,137995
13970,0.000282,172.31.46.0-255,66,19771,56,137995
13971,0.000295,172.31.46.0-255,66,19837,56,137995
13972,0.000324,74.125.24.0-255,2543,22380,56,137995
13973,0.000327,172.31.46.0-255,66,22446,56,137995
13974,0.000411,74.125.24.0-255,645,23091,56,137995
13975,0.000415,172.31.46.0-255,66,23157,56,137995
13976,0.000568,74.125.24.0-255,1484,24641,56,137995
13977,0.000573,172.31.46.0-255,66,24707,56,137995
13978,0.000576,74.125.24.0-255,1484,26191,56,137995
13979,0.000579,172.31.46.0-255,66,26257,56,137995
13980,0.000582,74.125.24.0-255,1484,27741,56,137995
13981,0.000602,74.125.24.0-255,1484,29225,56,137995
13982,0.000606,172.31.46.0-255,66,29291,56,137995
13983,0.000616,74.125.24.0-255,2902,32193,56,137995
13984,0.000619,172.31.46.0-255,66,32259,56,137995
13985,0.000642,74.125.24.0-255,2902,35161,56,137995
13986,0.000645,172.31.46.0-255,66,35227,56,137995
13987,0.000652,74.125.24.0-255,5379,40606,56,137995
13988,0.000654,172.31.46.0-255,66,40672,56,137995
13989,0.000682,74.125.24.0-255,5738,46410,56,137995
13990,0.000685,172.31.46.0-255,66,46476,56,137995
13991,0.000689,74.125.24.0-255,2902,49378,56,137995
13992,0.000691,172.31.46.0-255,66,49444,56,137995
13993,0.000705,74.125.24.0-255,4320,53764,56,137995
13994,0.000708,172.31.46.0-255,66,53830,56,137995
13995,0.000752,74.125.24.0-255,3961,57791,56,137995
13996,0.000756,172.31.46.0-255,66,57857,56,137995
13997,0.000982,74.125.24.0-255,1484,59341,56,137995
13998,0.000988,74.125.24.0-255,2902,62243,56,137995
13999,0.000991,172.31.46.0-255,66,62309,56,137995
14000,0.000998,74.125.24.0-255,4320,66629,56,137995
14001,0.001,172.31.46.0-255,66,66695,56,137995
14002,0.001033,172.31.46.0-255,66,66761,56,137995
14003,0.00106,172.31.46.0-255,66,66827,56,137995
14004,0.001085,74.125.24.0-255,5738,72565,56,137995
14005,0.001088,172.31.46.0-255,66,72631,56,137995
14006,0.001092,74.125.24.0-255,1636,74267,56,137995
14007,0.001094,172.31.46.0-255,66,74333,56,137995
14008,0.001167,74.125.24.0-255,1484,75817,56,137995
14009,0.001173,74.125.24.0-255,2902,78719,56,137995
14010,0.001175,172.31.46.0-255,66,78785,56,137995
14011,0.001181,74.125.24.0-255,2902,81687,56,137995
14012,0.001183,172.31.46.0-255,66,81753,56,137995
14013,0.001197,74.125.24.0-255,2902,84655,56,137995
14014,0.0012,172.31.46.0-255,66,84721,56,137995
14015,0.00121,172.31.46.0-255,66,84787,56,137995
14016,0.001252,74.125.24.0-255,7156,91943,56,137995
14017,0.001262,172.31.46.0-255,66,92009,56,137995
14018,0.001286,172.31.46.0-255,66,92075,56,137995
14019,0.001599,74.125.24.0-255,1484,93559,56,137995
14020,0.001606,74.125.24.0-255,2902,96461,56,137995
14021,0.00161,172.31.46.0-255,66,96527,56,137995
14022,0.001616,74.125.24.0-255,4320,100847,56,137995
14023,0.001618,172.31.46.0-255,66,100913,56,137995
14024,0.00163,74.125.24.0-255,1484,102397,56,137995
14025,0.001646,74.125.24.0-255,1484,103881,56,137995
14026,0.001648,172.31.46.0-255,66,103947,56,137995
14027,0.001673,172.31.46.0-255,66,104013,56,137995
14028,0.001676,74.125.24.0-255,1484,105497,56,137995
14029,0.001718,74.125.24.0-255,4320,109817,56,137995
14030,0.001721,172.31.46.0-255,66,109883,56,137995
14031,0.001743,74.125.24.0-255,5020,114903,56,137995
14032,0.001746,172.31.46.0-255,66,114969,56,137995
14033,0.001863,74.125.24.0-255,1484,116453,56,137995
14034,0.001885,74.125.24.0-255,2902,119355,56,137995
14035,0.001889,172.31.46.0-255,66,119421,56,137995
14036,0.001896,74.125.24.0-255,5738,125159,56,137995
14037,0.001898,172.31.46.0-255,66,125225,56,137995
14038,0.001902,74.125.24.0-255,1484,126709,56,137995
14039,0.00197,172.31.46.0-255,66,126775,56,137995
14040,0.00199,172.31.46.0-255,66,126841,56,137995
14041,0.00225,74.125.24.0-255,1484,128325,56,137995
14042,0.002255,74.125.24.0-255,1484,129809,56,137995
14043,0.002258,172.31.46.0-255,66,129875,56,137995
14044,0.00228,74.125.24.0-255,1484,131359,56,137995
14045,0.002288,74.125.24.0-255,5738,137097,56,137995
14046,0.002298,172.31.46.0-255,66,137163,56,137995
14047,0.002346,74.125.24.0-255,766,137929,56,137995
14048,0.008203,172.31.46.0-255,66,137995,56,137995
14049,0.0,74.125.24.0-255,298,298,56,179867
14050,2.2e-05,172.31.46.0-255,66,364,56,179867
14051,2.8e-05,74.125.24.0-255,1484,1848,56,179867
14052,3.3e-05,172.31.46.0-255,66,1914,56,179867
14053,4.6e-05,74.125.24.0-255,4320,6234,56,179867
14054,4.9e-05,172.31.46.0-255,66,6300,56,179867
14055,6.3e-05,172.31.46.0-255,66,6366,56,179867
14056,6.8e-05,74.125.24.0-255,4320,10686,56,179867
14057,7.2e-05,172.31.46.0-255,66,10752,56,179867
14058,0.000119,172.31.46.0-255,66,10818,56,179867
14059,0.000122,74.125.24.0-255,1125,11943,56,179867
14060,0.000124,172.31.46.0-255,66,12009,56,179867
14061,0.000168,74.125.24.0-255,1484,13493,56,179867
14062,0.000172,172.31.46.0-255,66,13559,56,179867
14063,0.000177,74.125.24.0-255,2902,16461,56,179867
14064,0.000179,172.31.46.0-255,66,16527,56,179867
14065,0.000216,74.125.24.0-255,5738,22265,56,179867
14066,0.000219,172.31.46.0-255,66,22331,56,179867
14067,0.000228,74.125.24.0-255,7156,29487,56,179867
14068,0.00023,172.31.46.0-255,66,29553,56,179867
14069,0.000251,74.125.24.0-255,4320,33873,56,179867
14070,0.000254,172.31.46.0-255,66,33939,56,179867
14071,0.000287,172.31.46.0-255,66,34005,56,179867
14072,0.00029,74.125.24.0-255,132,34137,56,179867
14073,0.000292,172.31.46.0-255,66,34203,56,179867
14074,0.000454,74.125.24.0-255,1484,35687,56,179867
14075,0.000458,172.31.46.0-255,66,35753,56,179867
14076,0.000465,74.125.24.0-255,2902,38655,56,179867
14077,0.000467,172.31.46.0-255,66,38721,56,179867
14078,0.000492,74.125.24.0-255,5738,44459,56,179867
14079,0.000495,172.31.46.0-255,66,44525,56,179867
14080,0.000506,74.125.24.0-255,5738,50263,56,179867
14081,0.000509,172.31.46.0-255,66,50329,56,179867
14082,0.000536,74.125.24.0-255,7156,57485,56,179867
14083,0.000538,172.31.46.0-255,66,57551,56,179867
14084,0.000544,74.125.24.0-255,5738,63289,56,179867
14085,0.000547,172.31.46.0-255,66,63355,56,179867
14086,0.000576,74.125.24.0-255,5020,68375,56,179867
14087,0.000579,172.31.46.0-255,66,68441,56,179867
14088,0.00078,74.125.24.0-255,1484,69925,56,179867
14089,0.000789,74.125.24.0-255,2902,72827,56,179867
14090,0.000793,172.31.46.0-255,66,72893,56,179867
14091,0.000813,74.125.24.0-255,5738,78631,56,179867
14092,0.000816,172.31.46.0-255,66,78697,56,179867
14093,0.000824,74.125.24.0-255,5738,84435,56,179867
14094,0.000827,172.31.46.0-255,66,84501,56,179867
14095,0.000859,74.125.24.0-255,7156,91657,56,179867
14096,0.000862,172.31.46.0-255,66,91723,56,179867
14097,0.000877,172.31.46.0-255,66,91789,56,179867
14098,0.000917,74.125.24.0-255,2902,94691,56,179867
14099,0.000922,172.31.46.0-255,66,94757,56,179867
14100,0.000967,172.31.46.0-255,66,94823,56,179867
14101,0.000978,172.31.46.0-255,66,94889,56,179867
14102,0.001024,74.125.24.0-255,1484,96373,56,179867
14103,0.00105,74.125.24.0-255,2902,99275,56,179867
14104,0.001053,172.31.46.0-255,66,99341,56,179867
14105,0.00106,74.125.24.0-255,5738,105079,56,179867
14106,0.001062,172.31.46.0-255,66,105145,56,179867
14107,0.001075,74.125.24.0-255,7156,112301,56,179867
14108,0.001077,172.31.46.0-255,66,112367,56,179867
14109,0.001091,172.31.46.0-255,66,112433,56,179867
14110,0.00112,74.125.24.0-255,2902,115335,56,179867
14111,0.001122,172.31.46.0-255,66,115401,56,179867
14112,0.001126,74.125.24.0-255,2184,117585,56,179867
14113,0.001128,172.31.46.0-255,66,117651,56,179867
14114,0.001133,74.125.24.0-255,2902,120553,56,179867
14115,0.001135,172.31.46.0-255,66,120619,56,179867
14116,0.00114,74.125.24.0-255,4320,124939,56,179867
14117,0.001143,172.31.46.0-255,66,125005,56,179867
14118,0.001172,74.125.24.0-255,2902,127907,56,179867
14119,0.001175,172.31.46.0-255,66,127973,56,179867
14120,0.00118,74.125.24.0-255,2902,130875,56,179867
14121,0.001182,172.31.46.0-255,66,130941,56,179867
14122,0.001195,172.31.46.0-255,66,131007,56,179867
14123,0.001235,172.31.46.0-255,66,131073,56,179867
14124,0.001268,74.125.24.0-255,1484,132557,56,179867
14125,0.001274,74.125.24.0-255,2902,135459,56,179867
14126,0.001276,172.31.46.0-255,66,135525,56,179867
14127,0.001281,74.125.24.0-255,2902,138427,56,179867
14128,0.001283,172.31.46.0-255,66,138493,56,179867
14129,0.001304,74.125.24.0-255,2902,141395,56,179867
14130,0.001307,172.31.46.0-255,66,141461,56,179867
14131,0.001327,172.31.46.0-255,66,141527,56,179867
14132,0.001338,172.31.46.0-255,66,141593,56,179867
14133,0.001365,74.125.24.0-255,766,142359,56,179867
14134,0.001449,74.125.24.0-255,1484,143843,56,179867
14135,0.001452,172.31.46.0-255,66,143909,56,179867
14136,0.001458,74.125.24.0-255,2902,146811,56,179867
14137,0.001461,172.31.46.0-255,66,146877,56,179867
14138,0.001492,74.125.24.0-255,5738,152615,56,179867
14139,0.001495,172.31.46.0-255,66,152681,56,179867
14140,0.0015,74.125.24.0-255,4320,157001,56,179867
14141,0.001502,172.31.46.0-255,66,157067,56,179867
14142,0.001532,74.125.24.0-255,5738,162805,56,179867
14143,0.001535,172.31.46.0-255,66,162871,56,179867
14144,0.00155,172.31.46.0-255,66,162937,56,179867
14145,0.00162,74.125.24.0-255,1484,164421,56,179867
14146,0.001626,74.125.24.0-255,2902,167323,56,179867
14147,0.00163,172.31.46.0-255,66,167389,56,179867
14148,0.001636,74.125.24.0-255,4320,171709,56,179867
14149,0.001638,172.31.46.0-255,66,171775,56,179867
14150,0.00166,74.125.24.0-255,1484,173259,56,179867
14151,0.001678,172.31.46.0-255,66,173325,56,179867
14152,0.00169,172.31.46.0-255,66,173391,56,179867
14153,0.001777,172.31.46.0-255,66,173457,56,179867
14154,0.001821,172.31.46.0-255,66,173523,56,179867
14155,0.001837,172.31.46.0-255,66,173589,56,179867
14156,0.001876,74.125.24.0-255,5738,179327,56,179867
14157,0.001879,172.31.46.0-255,66,179393,56,179867
14158,0.001892,172.31.46.0-255,66,179459,56,179867
14159,0.001906,172.31.46.0-255,66,179525,56,179867
14160,0.001908,74.125.24.0-255,105,179630,56,179867
14161,0.004925,172.31.46.0-255,66,179696,56,179867
14162,0.004963,172.31.46.0-255,105,179801,56,179867
14163,0.006928,74.125.24.0-255,66,179867,56,179867
14164,0.0,172.217.194.0-255,153,153,56,106700
14165,2.5e-05,172.31.46.0-255,66,219,56,106700
14166,3.2e-05,172.217.194.0-255,1484,1703,56,106700
14167,3.7e-05,172.31.46.0-255,66,1769,56,106700
14168,4.4e-05,172.217.194.0-255,2902,4671,56,106700
14169,4.7e-05,172.31.46.0-255,66,4737,56,106700
14170,5.3e-05,172.217.194.0-255,4320,9057,56,106700
14171,5.6e-05,172.31.46.0-255,66,9123,56,106700
14172,6.1e-05,172.217.194.0-255,2902,12025,56,106700
14173,6.4e-05,172.31.46.0-255,66,12091,56,106700
14174,8.9e-05,172.217.194.0-255,1931,14022,56,106700
14175,9.2e-05,172.31.46.0-255,66,14088,56,106700
14176,0.000225,172.217.194.0-255,1484,15572,56,106700
14177,0.00023,172.31.46.0-255,66,15638,56,106700
14178,0.000236,172.217.194.0-255,2902,18540,56,106700
14179,0.000239,172.31.46.0-255,66,18606,56,106700
14180,0.000245,172.217.194.0-255,5738,24344,56,106700
14181,0.000248,172.31.46.0-255,66,24410,56,106700
14182,0.000274,172.217.194.0-255,6797,31207,56,106700
14183,0.000277,172.31.46.0-255,66,31273,56,106700
14184,0.000338,172.217.194.0-255,1484,32757,56,106700
14185,0.000342,172.31.46.0-255,66,32823,56,106700
14186,0.000347,172.217.194.0-255,2902,35725,56,106700
14187,0.000349,172.31.46.0-255,66,35791,56,106700
14188,0.000356,172.217.194.0-255,5738,41529,56,106700
14189,0.000359,172.31.46.0-255,66,41595,56,106700
14190,0.000364,172.217.194.0-255,4320,45915,56,106700
14191,0.000367,172.31.46.0-255,66,45981,56,106700
14192,0.000386,172.217.194.0-255,2543,48524,56,106700
14193,0.000389,172.31.46.0-255,66,48590,56,106700
14194,0.001138,172.217.194.0-255,1484,50074,56,106700
14195,0.001145,172.31.46.0-255,66,50140,56,106700
14196,0.001155,172.217.194.0-255,2902,53042,56,106700
14197,0.001157,172.31.46.0-255,66,53108,56,106700
14198,0.001165,172.217.194.0-255,5738,58846,56,106700
14199,0.001167,172.31.46.0-255,66,58912,56,106700
14200,0.001173,172.217.194.0-255,4320,63232,56,106700
14201,0.001175,172.31.46.0-255,66,63298,56,106700
14202,0.001196,172.217.194.0-255,1484,64782,56,106700
14203,0.001229,172.31.46.0-255,66,64848,56,106700
14204,0.001233,172.217.194.0-255,1484,66332,56,106700
14205,0.001261,172.31.46.0-255,66,66398,56,106700
14206,0.001276,172.217.194.0-255,1484,67882,56,106700
14207,0.001284,172.217.194.0-255,7156,75038,56,106700
14208,0.001286,172.31.46.0-255,66,75104,56,106700
14209,0.001304,172.217.194.0-255,1348,76452,56,106700
14210,0.001668,172.217.194.0-255,1484,77936,56,106700
14211,0.001676,172.31.46.0-255,66,78002,56,106700
14212,0.001683,172.217.194.0-255,2902,80904,56,106700
14213,0.001686,172.31.46.0-255,66,80970,56,106700
14214,0.001692,172.217.194.0-255,5738,86708,56,106700
14215,0.001695,172.31.46.0-255,66,86774,56,106700
14216,0.001719,172.217.194.0-255,2902,89676,56,106700
14217,0.001722,172.31.46.0-255,66,89742,56,106700
14218,0.001753,172.31.46.0-255,66,89808,56,106700
14219,0.001786,172.31.46.0-255,66,89874,56,106700
14220,0.001799,172.31.46.0-255,66,89940,56,106700
14221,0.001952,172.217.194.0-255,1484,91424,56,106700
14222,0.001958,172.217.194.0-255,2902,94326,56,106700
14223,0.002013,172.217.194.0-255,5738,100064,56,106700
14224,0.002037,172.217.194.0-255,766,100830,56,106700
14225,0.007633,172.31.46.0-255,66,100896,56,106700
14226,0.009676,172.217.194.0-255,5738,106634,56,106700
14227,0.009691,172.31.46.0-255,66,106700,56,106700
14228,0.0,172.217.194.0-255,298,298,56,209707
14229,2.3e-05,172.31.46.0-255,66,364,56,209707
14230,3e-05,172.217.194.0-255,1484,1848,56,209707
14231,3.5e-05,172.31.46.0-255,66,1914,56,209707
14232,4.2e-05,172.217.194.0-255,4320,6234,56,209707
14233,4.5e-05,172.31.46.0-255,66,6300,56,209707
14234,5.7e-05,172.31.46.0-255,66,6366,56,209707
14235,0.000139,172.217.194.0-255,1484,7850,56,209707
14236,0.000142,172.31.46.0-255,66,7916,56,209707
14237,0.000146,172.217.194.0-255,1484,9400,56,209707
14238,0.000148,172.31.46.0-255,66,9466,56,209707
14239,0.000168,172.217.194.0-255,1484,10950,56,209707
14240,0.000171,172.31.46.0-255,66,11016,56,209707
14241,0.000177,172.217.194.0-255,5738,16754,56,209707
14242,0.00018,172.31.46.0-255,66,16820,56,209707
14243,0.000187,172.217.194.0-255,6797,23617,56,209707
14244,0.000189,172.31.46.0-255,66,23683,56,209707
14245,0.000219,172.217.194.0-255,7156,30839,56,209707
14246,0.000223,172.31.46.0-255,66,30905,56,209707
14247,0.000226,172.217.194.0-255,1484,32389,56,209707
14248,0.000228,172.31.46.0-255,66,32455,56,209707
14249,0.000257,172.31.46.0-255,66,32521,56,209707
14250,0.000283,172.31.46.0-255,66,32587,56,209707
14251,0.000316,172.217.194.0-255,1484,34071,56,209707
14252,0.000319,172.31.46.0-255,66,34137,56,209707
14253,0.000341,172.217.194.0-255,5379,39516,56,209707
14254,0.000344,172.31.46.0-255,66,39582,56,209707
14255,0.000346,172.217.194.0-255,676,40258,56,209707
14256,0.000348,172.31.46.0-255,66,40324,56,209707
14257,0.00056,172.217.194.0-255,1484,41808,56,209707
14258,0.000567,172.217.194.0-255,2902,44710,56,209707
14259,0.000572,172.31.46.0-255,66,44776,56,209707
14260,0.000578,172.217.194.0-255,4320,49096,56,209707
14261,0.000581,172.31.46.0-255,66,49162,56,209707
14262,0.00061,172.217.194.0-255,1484,50646,56,209707
14263,0.000618,172.217.194.0-255,7156,57802,56,209707
14264,0.000621,172.31.46.0-255,66,57868,56,209707
14265,0.000636,172.31.46.0-255,66,57934,56,209707
14266,0.00064,172.217.194.0-255,2184,60118,56,209707
14267,0.000642,172.31.46.0-255,66,60184,56,209707
14268,0.000846,172.217.194.0-255,1484,61668,56,209707
14269,0.000853,172.217.194.0-255,2902,64570,56,209707
14270,0.000856,172.31.46.0-255,66,64636,56,209707
14271,0.00086,172.217.194.0-255,1484,66120,56,209707
14272,0.00088,172.217.194.0-255,4320,70440,56,209707
14273,0.000883,172.31.46.0-255,66,70506,56,209707
14274,0.000891,172.217.194.0-255,5738,76244,56,209707
14275,0.000893,172.31.46.0-255,66,76310,56,209707
14276,0.000915,172.217.194.0-255,7156,83466,56,209707
14277,0.000917,172.31.46.0-255,66,83532,56,209707
14278,0.00093,172.31.46.0-255,66,83598,56,209707
14279,0.001349,172.217.194.0-255,1484,85082,56,209707
14280,0.001355,172.217.194.0-255,2902,87984,56,209707
14281,0.001359,172.31.46.0-255,66,88050,56,209707
14282,0.001376,172.217.194.0-255,5738,93788,56,209707
14283,0.001379,172.31.46.0-255,66,93854,56,209707
14284,0.001413,172.31.46.0-255,66,93920,56,209707
14285,0.001417,172.217.194.0-255,2902,96822,56,209707
14286,0.001419,172.31.46.0-255,66,96888,56,209707
14287,0.001453,172.217.194.0-255,4320,101208,56,209707
14288,0.001456,172.31.46.0-255,66,101274,56,209707
14289,0.001477,172.217.194.0-255,3602,104876,56,209707
14290,0.00148,172.31.46.0-255,66,104942,56,209707
14291,0.001631,172.217.194.0-255,1484,106426,56,209707
14292,0.001637,172.217.194.0-255,2902,109328,56,209707
14293,0.001641,172.31.46.0-255,66,109394,56,209707
14294,0.001645,172.217.194.0-255,1484,110878,56,209707
14295,0.001664,172.217.194.0-255,4320,115198,56,209707
14296,0.001666,172.31.46.0-255,66,115264,56,209707
14297,0.001672,172.217.194.0-255,5738,121002,56,209707
14298,0.001674,172.31.46.0-255,66,121068,56,209707
14299,0.001694,172.217.194.0-255,5738,126806,56,209707
14300,0.001697,172.31.46.0-255,66,126872,56,209707
14301,0.001722,172.217.194.0-255,7156,134028,56,209707
14302,0.001728,172.217.194.0-255,5020,139048,56,209707
14303,0.001736,172.31.46.0-255,66,139114,56,209707
14304,0.00174,172.31.46.0-255,66,139180,56,209707
14305,0.00177,172.217.194.0-255,5738,144918,56,209707
14306,0.001773,172.217.194.0-255,1484,146402,56,209707
14307,0.001776,172.31.46.0-255,66,146468,56,209707
14308,0.001795,172.217.194.0-255,5738,152206,56,209707
14309,0.001799,172.31.46.0-255,66,152272,56,209707
14310,0.001805,172.217.194.0-255,5738,158010,56,209707
14311,0.001807,172.31.46.0-255,66,158076,56,209707
14312,0.001837,172.31.46.0-255,66,158142,56,209707
14313,0.001844,172.217.194.0-255,6438,164580,56,209707
14314,0.001846,172.31.46.0-255,66,164646,56,209707
14315,0.001885,172.217.194.0-255,1484,166130,56,209707
14316,0.00189,172.217.194.0-255,2902,169032,56,209707
14317,0.001893,172.31.46.0-255,66,169098,56,209707
14318,0.001913,172.217.194.0-255,5738,174836,56,209707
14319,0.001915,172.31.46.0-255,66,174902,56,209707
14320,0.001987,172.31.46.0-255,66,174968,56,209707
14321,0.002003,172.31.46.0-255,66,175034,56,209707
14322,0.002068,172.217.194.0-255,1484,176518,56,209707
14323,0.002072,172.217.194.0-255,1484,178002,56,209707
14324,0.002085,172.217.194.0-255,1484,179486,56,209707
14325,0.002092,172.217.194.0-255,5738,185224,56,209707
14326,0.002106,172.217.194.0-255,2902,188126,56,209707
14327,0.002117,172.31.46.0-255,66,188192,56,209707
14328,0.002132,172.217.194.0-255,4320,192512,56,209707
14329,0.002138,172.31.46.0-255,66,192578,56,209707
14330,0.002163,172.217.194.0-255,6438,199016,56,209707
14331,0.002178,172.217.194.0-255,4320,203336,56,209707
14332,0.002184,172.31.46.0-255,66,203402,56,209707
14333,0.00224,172.217.194.0-255,4320,207722,56,209707
14334,0.002252,172.31.46.0-255,66,207788,56,209707
14335,0.002258,172.31.46.0-255,66,207854,56,209707
14336,0.002317,172.31.46.0-255,66,207920,56,209707
14337,0.002324,172.31.46.0-255,66,207986,56,209707
14338,0.002352,172.217.194.0-255,1484,209470,56,209707
14339,0.002362,172.31.46.0-255,66,209536,56,209707
14340,0.002388,172.31.46.0-255,66,209602,56,209707
14341,0.002397,172.217.194.0-255,105,209707,56,209707
14342,0.0,74.125.130.0-255,153,153,56,271603
14343,2.3e-05,172.31.46.0-255,66,219,56,271603
14344,3.1e-05,74.125.130.0-255,1484,1703,56,271603
14345,3.5e-05,172.31.46.0-255,66,1769,56,271603
14346,4e-05,74.125.130.0-255,2902,4671,56,271603
14347,4.4e-05,172.31.46.0-255,66,4737,56,271603
14348,4.7e-05,74.125.130.0-255,1484,6221,56,271603
14349,5e-05,172.31.46.0-255,66,6287,56,271603
14350,8.1e-05,74.125.130.0-255,4320,10607,56,271603
14351,8.5e-05,172.31.46.0-255,66,10673,56,271603
14352,9e-05,74.125.130.0-255,2902,13575,56,271603
14353,9.2e-05,172.31.46.0-255,66,13641,56,271603
14354,9.5e-05,74.125.130.0-255,1484,15125,56,271603
14355,9.8e-05,172.31.46.0-255,66,15191,56,271603
14356,0.000126,74.125.130.0-255,2082,17273,56,271603
14357,0.00013,172.31.46.0-255,66,17339,56,271603
14358,0.000133,74.125.130.0-255,1484,18823,56,271603
14359,0.000135,172.31.46.0-255,66,18889,56,271603
14360,0.000138,74.125.130.0-255,1484,20373,56,271603
14361,0.00014,172.31.46.0-255,66,20439,56,271603
14362,0.000153,74.125.130.0-255,1484,21923,56,271603
14363,0.000155,172.31.46.0-255,66,21989,56,271603
14364,0.000159,74.125.130.0-255,1484,23473,56,271603
14365,0.00016,172.31.46.0-255,66,23539,56,271603
14366,0.000181,74.125.130.0-255,1484,25023,56,271603
14367,0.000183,172.31.46.0-255,66,25089,56,271603
14368,0.000204,74.125.130.0-255,4320,29409,56,271603
14369,0.000207,172.31.46.0-255,66,29475,56,271603
14370,0.00023,74.125.130.0-255,2543,32018,56,271603
14371,0.000233,172.31.46.0-255,66,32084,56,271603
14372,0.000414,74.125.130.0-255,1484,33568,56,271603
14373,0.00042,172.31.46.0-255,66,33634,56,271603
14374,0.000424,74.125.130.0-255,1484,35118,56,271603
14375,0.00044,74.125.130.0-255,1484,36602,56,271603
14376,0.000443,172.31.46.0-255,66,36668,56,271603
14377,0.000462,74.125.130.0-255,1484,38152,56,271603
14378,0.000466,74.125.130.0-255,1484,39636,56,271603
14379,0.000468,172.31.46.0-255,66,39702,56,271603
14380,0.00049,74.125.130.0-255,4320,44022,56,271603
14381,0.000493,172.31.46.0-255,66,44088,56,271603
14382,0.000522,74.125.130.0-255,4320,48408,56,271603
14383,0.000525,172.31.46.0-255,66,48474,56,271603
14384,0.000544,74.125.130.0-255,2543,51017,56,271603
14385,0.000547,172.31.46.0-255,66,51083,56,271603
14386,0.000555,74.125.130.0-255,7156,58239,56,271603
14387,0.000558,172.31.46.0-255,66,58305,56,271603
14388,0.000578,74.125.130.0-255,5738,64043,56,271603
14389,0.000581,172.31.46.0-255,66,64109,56,271603
14390,0.000624,74.125.130.0-255,2832,66941,56,271603
14391,0.000628,172.31.46.0-255,66,67007,56,271603
14392,0.000645,74.125.130.0-255,98,67105,56,271603
14393,0.000814,74.125.130.0-255,1484,68589,56,271603
14394,0.000819,172.31.46.0-255,66,68655,56,271603
14395,0.000837,74.125.130.0-255,2902,71557,56,271603
14396,0.00084,172.31.46.0-255,66,71623,56,271603
14397,0.000855,74.125.130.0-255,2902,74525,56,271603
14398,0.000857,172.31.46.0-255,66,74591,56,271603
14399,0.000882,74.125.130.0-255,2902,77493,56,271603
14400,0.000884,172.31.46.0-255,66,77559,56,271603
14401,0.000888,74.125.130.0-255,1484,79043,56,271603
14402,0.000904,74.125.130.0-255,2902,81945,56,271603
14403,0.000907,74.125.130.0-255,2902,84847,56,271603
14404,0.000911,172.31.46.0-255,66,84913,56,271603
14405,0.000914,172.31.46.0-255,66,84979,56,271603
14406,0.000923,74.125.130.0-255,2902,87881,56,271603
14407,0.000925,172.31.46.0-255,66,87947,56,271603
14408,0.000931,74.125.130.0-255,4320,92267,56,271603
14409,0.000933,172.31.46.0-255,66,92333,56,271603
14410,0.000959,74.125.130.0-255,2902,95235,56,271603
14411,0.000964,172.31.46.0-255,66,95301,56,271603
14412,0.000995,74.125.130.0-255,6438,101739,56,271603
14413,0.000998,172.31.46.0-255,66,101805,56,271603
14414,0.001184,74.125.130.0-255,1484,103289,56,271603
14415,0.001198,74.125.130.0-255,1484,104773,56,271603
14416,0.001202,172.31.46.0-255,66,104839,56,271603
14417,0.001218,74.125.130.0-255,1484,106323,56,271603
14418,0.001221,74.125.130.0-255,1484,107807,56,271603
14419,0.001223,172.31.46.0-255,66,107873,56,271603
14420,0.001245,74.125.130.0-255,4320,112193,56,271603
14421,0.001248,172.31.46.0-255,66,112259,56,271603
14422,0.001251,74.125.130.0-255,1484,113743,56,271603
14423,0.001271,74.125.130.0-255,5738,119481,56,271603
14424,0.001273,172.31.46.0-255,66,119547,56,271603
14425,0.001277,74.125.130.0-255,1484,121031,56,271603
14426,0.001295,74.125.130.0-255,2902,123933,56,271603
14427,0.001298,172.31.46.0-255,66,123999,56,271603
14428,0.001305,74.125.130.0-255,5738,129737,56,271603
14429,0.001308,172.31.46.0-255,66,129803,56,271603
14430,0.001331,74.125.130.0-255,1484,131287,56,271603
14431,0.001349,74.125.130.0-255,5020,136307,56,271603
14432,0.001352,172.31.46.0-255,66,136373,56,271603
14433,0.001464,74.125.130.0-255,1484,137857,56,271603
14434,0.001506,74.125.130.0-255,2902,140759,56,271603
14435,0.00151,172.31.46.0-255,66,140825,56,271603
14436,0.001516,74.125.130.0-255,4320,145145,56,271603
14437,0.001536,74.125.130.0-255,1484,146629,56,271603
14438,0.001542,172.31.46.0-255,66,146695,56,271603
14439,0.00156,74.125.130.0-255,5738,152433,56,271603
14440,0.001562,172.31.46.0-255,66,152499,56,271603
14441,0.001574,172.31.46.0-255,66,152565,56,271603
14442,0.001577,74.125.130.0-255,1484,154049,56,271603
14443,0.001598,74.125.130.0-255,1484,155533,56,271603
14444,0.001601,172.31.46.0-255,66,155599,56,271603
14445,0.001605,74.125.130.0-255,1484,157083,56,271603
14446,0.001618,74.125.130.0-255,2902,159985,56,271603
14447,0.001632,172.31.46.0-255,66,160051,56,271603
14448,0.00164,74.125.130.0-255,2184,162235,56,271603
14449,0.001649,172.31.46.0-255,66,162301,56,271603
14450,0.001742,74.125.130.0-255,1484,163785,56,271603
14451,0.001748,74.125.130.0-255,2902,166687,56,271603
14452,0.001761,172.31.46.0-255,66,166753,56,271603
14453,0.001774,74.125.130.0-255,5738,172491,56,271603
14454,0.001779,172.31.46.0-255,66,172557,56,271603
14455,0.001793,74.125.130.0-255,2902,175459,56,271603
14456,0.00181,74.125.130.0-255,4320,179779,56,271603
14457,0.001818,74.125.130.0-255,7156,186935,56,271603
14458,0.00183,74.125.130.0-255,1484,188419,56,271603
14459,0.001836,74.125.130.0-255,4320,192739,56,271603
14460,0.001843,172.31.46.0-255,66,192805,56,271603
14461,0.001854,74.125.130.0-255,3602,196407,56,271603
14462,0.001877,172.31.46.0-255,66,196473,56,271603
14463,0.001917,74.125.130.0-255,1484,197957,56,271603
14464,0.00194,74.125.130.0-255,1484,199441,56,271603
14465,0.001946,172.31.46.0-255,66,199507,56,271603
14466,0.001957,74.125.130.0-255,1484,200991,56,271603
14467,0.001963,74.125.130.0-255,4320,205311,56,271603
14468,0.001981,74.125.130.0-255,2902,208213,56,271603
14469,0.001989,172.31.46.0-255,66,208279,56,271603
14470,0.002012,74.125.130.0-255,5738,214017,56,271603
14471,0.00202,74.125.130.0-255,7156,221173,56,271603
14472,0.002027,74.125.130.0-255,7156,228329,56,271603
14473,0.002033,172.31.46.0-255,66,228395,56,271603
14474,0.002041,74.125.130.0-255,1484,229879,56,271603
14475,0.002043,74.125.130.0-255,766,230645,56,271603
14476,0.002051,172.31.46.0-255,66,230711,56,271603
14477,0.00223,74.125.130.0-255,1484,232195,56,271603
14478,0.002247,74.125.130.0-255,2902,235097,56,271603
14479,0.002261,74.125.130.0-255,2902,237999,56,271603
14480,0.002273,74.125.130.0-255,2902,240901,56,271603
14481,0.002276,172.31.46.0-255,66,240967,56,271603
14482,0.002293,74.125.130.0-255,1484,242451,56,271603
14483,0.002296,172.31.46.0-255,66,242517,56,271603
14484,0.002321,74.125.130.0-255,4320,246837,56,271603
14485,0.002346,74.125.130.0-255,7156,253993,56,271603
14486,0.002348,74.125.130.0-255,1484,255477,56,271603
14487,0.002745,172.31.46.0-255,66,255543,56,271603
14488,0.005076,74.125.130.0-255,5738,261281,56,271603
14489,0.005095,172.31.46.0-255,66,261347,56,271603
14490,0.007408,74.125.130.0-255,4320,265667,56,271603
14491,0.007412,172.31.46.0-255,66,265733,56,271603
14492,0.007428,74.125.130.0-255,1484,267217,56,271603
14493,0.009722,74.125.130.0-255,4320,271537,56,271603
14494,0.009729,172.31.46.0-255,66,271603,56,271603
14495,0.0,172.217.194.0-255,147,147,56,132180
14496,1.7e-05,172.31.46.0-255,66,213,56,132180
14497,2.4e-05,172.217.194.0-255,1484,1697,56,132180
14498,2.8e-05,172.31.46.0-255,66,1763,56,132180
14499,3.4e-05,172.217.194.0-255,2902,4665,56,132180
14500,3.7e-05,172.31.46.0-255,66,4731,56,132180
14501,4.4e-05,172.217.194.0-255,5738,10469,56,132180
14502,4.7e-05,172.31.46.0-255,66,10535,56,132180
14503,8.3e-05,172.217.194.0-255,1484,12019,56,132180
14504,8.5e-05,172.31.46.0-255,66,12085,56,132180
14505,9.8e-05,172.217.194.0-255,2097,14182,56,132180
14506,0.000101,172.31.46.0-255,66,14248,56,132180
14507,0.000136,172.217.194.0-255,4320,18568,56,132180
14508,0.000139,172.31.46.0-255,66,18634,56,132180
14509,0.000146,172.217.194.0-255,5738,24372,56,132180
14510,0.000148,172.31.46.0-255,66,24438,56,132180
14511,0.000192,172.217.194.0-255,4320,28758,56,132180
14512,0.000195,172.31.46.0-255,66,28824,56,132180
14513,0.000215,172.217.194.0-255,2543,31367,56,132180
14514,0.000217,172.31.46.0-255,66,31433,56,132180
14515,0.000225,172.217.194.0-255,7156,38589,56,132180
14516,0.000227,172.31.46.0-255,66,38655,56,132180
14517,0.000248,172.217.194.0-255,4320,42975,56,132180
14518,0.00025,172.31.46.0-255,66,43041,56,132180
14519,0.000273,172.217.194.0-255,5379,48420,56,132180
14520,0.000276,172.31.46.0-255,66,48486,56,132180
14521,0.000319,172.217.194.0-255,1484,49970,56,132180
14522,0.000323,172.31.46.0-255,66,50036,56,132180
14523,0.000328,172.217.194.0-255,2902,52938,56,132180
14524,0.00033,172.31.46.0-255,66,53004,56,132180
14525,0.000333,172.217.194.0-255,1484,54488,56,132180
14526,0.000335,172.31.46.0-255,66,54554,56,132180
14527,0.000351,172.217.194.0-255,4320,58874,56,132180
14528,0.000354,172.31.46.0-255,66,58940,56,132180
14529,0.000401,172.217.194.0-255,7156,66096,56,132180
14530,0.000405,172.31.46.0-255,66,66162,56,132180
14531,0.000421,172.217.194.0-255,286,66448,56,132180
14532,0.000585,172.217.194.0-255,1484,67932,56,132180
14533,0.000588,172.31.46.0-255,66,67998,56,132180
14534,0.000594,172.217.194.0-255,2902,70900,56,132180
14535,0.000597,172.31.46.0-255,66,70966,56,132180
14536,0.0006,172.217.194.0-255,1484,72450,56,132180
14537,0.000624,172.217.194.0-255,4320,76770,56,132180
14538,0.000627,172.31.46.0-255,66,76836,56,132180
14539,0.000639,172.31.46.0-255,66,76902,56,132180
14540,0.000656,172.217.194.0-255,2902,79804,56,132180
14541,0.000659,172.31.46.0-255,66,79870,56,132180
14542,0.000672,172.31.46.0-255,66,79936,56,132180
14543,0.001198,172.217.194.0-255,1484,81420,56,132180
14544,0.001207,172.217.194.0-255,2902,84322,56,132180
14545,0.001211,172.31.46.0-255,66,84388,56,132180
14546,0.001218,172.217.194.0-255,5738,90126,56,132180
14547,0.001221,172.31.46.0-255,66,90192,56,132180
14548,0.001256,172.31.46.0-255,66,90258,56,132180
14549,0.001261,172.217.194.0-255,2902,93160,56,132180
14550,0.001263,172.31.46.0-255,66,93226,56,132180
14551,0.001285,172.31.46.0-255,66,93292,56,132180
14552,0.001396,172.217.194.0-255,1484,94776,56,132180
14553,0.001401,172.217.194.0-255,2902,97678,56,132180
14554,0.001405,172.31.46.0-255,66,97744,56,132180
14555,0.00141,172.217.194.0-255,4320,102064,56,132180
14556,0.001413,172.31.46.0-255,66,102130,56,132180
14557,0.001425,172.217.194.0-255,1484,103614,56,132180
14558,0.001467,172.31.46.0-255,66,103680,56,132180
14559,0.001474,172.217.194.0-255,7156,110836,56,132180
14560,0.001477,172.31.46.0-255,66,110902,56,132180
14561,0.001497,172.217.194.0-255,3602,114504,56,132180
14562,0.0015,172.31.46.0-255,66,114570,56,132180
14563,0.004016,172.217.194.0-255,1484,116054,56,132180
14564,0.004035,172.217.194.0-255,1484,117538,56,132180
14565,0.00404,172.31.46.0-255,66,117604,56,132180
14566,0.004059,172.217.194.0-255,2902,120506,56,132180
14567,0.004061,172.31.46.0-255,66,120572,56,132180
14568,0.006618,172.217.194.0-255,5738,126310,56,132180
14569,0.006625,172.31.46.0-255,66,126376,56,132180
14570,0.009184,172.217.194.0-255,5738,132114,56,132180
14571,0.009194,172.31.46.0-255,66,132180,56,132180
14572,0.0,172.217.194.0-255,156,156,56,229943
14573,2.2e-05,172.31.46.0-255,66,222,56,229943
14574,2.7e-05,172.217.194.0-255,1484,1706,56,229943
14575,3.2e-05,172.31.46.0-255,66,1772,56,229943
14576,3.8e-05,172.217.194.0-255,2902,4674,56,229943
14577,4.1e-05,172.31.46.0-255,66,4740,56,229943
14578,4.8e-05,172.217.194.0-255,7156,11896,56,229943
14579,5.1e-05,172.31.46.0-255,66,11962,56,229943
14580,5.8e-05,172.217.194.0-255,7156,19118,56,229943
14581,6.1e-05,172.31.46.0-255,66,19184,56,229943
14582,7.9e-05,172.217.194.0-255,3537,22721,56,229943
14583,8.1e-05,172.31.46.0-255,66,22787,56,229943
14584,0.000103,172.217.194.0-255,7156,29943,56,229943
14585,0.000105,172.31.46.0-255,66,30009,56,229943
14586,0.000116,172.217.194.0-255,1125,31134,56,229943
14587,0.000118,172.31.46.0-255,66,31200,56,229943
14588,0.000138,172.217.194.0-255,2902,34102,56,229943
14589,0.00014,172.31.46.0-255,66,34168,56,229943
14590,0.00016,172.217.194.0-255,5738,39906,56,229943
14591,0.000163,172.31.46.0-255,66,39972,56,229943
14592,0.000168,172.217.194.0-255,5738,45710,56,229943
14593,0.00017,172.31.46.0-255,66,45776,56,229943
14594,0.000183,172.217.194.0-255,2543,48319,56,229943
14595,0.000185,172.31.46.0-255,66,48385,56,229943
14596,0.000212,172.217.194.0-255,7156,55541,56,229943
14597,0.000216,172.31.46.0-255,66,55607,56,229943
14598,0.000234,172.31.46.0-255,66,55673,56,229943
14599,0.000366,172.217.194.0-255,646,56319,56,229943
14600,0.00037,172.31.46.0-255,66,56385,56,229943
14601,0.000496,172.217.194.0-255,1484,57869,56,229943
14602,0.000501,172.31.46.0-255,66,57935,56,229943
14603,0.000506,172.217.194.0-255,2902,60837,56,229943
14604,0.000508,172.31.46.0-255,66,60903,56,229943
14605,0.000521,172.217.194.0-255,4320,65223,56,229943
14606,0.000524,172.31.46.0-255,66,65289,56,229943
14607,0.000543,172.217.194.0-255,1484,66773,56,229943
14608,0.000556,172.217.194.0-255,2902,69675,56,229943
14609,0.000558,172.31.46.0-255,66,69741,56,229943
14610,0.000584,172.31.46.0-255,66,69807,56,229943
14611,0.000595,172.31.46.0-255,66,69873,56,229943
14612,0.000855,172.217.194.0-255,1484,71357,56,229943
14613,0.00086,172.217.194.0-255,2902,74259,56,229943
14614,0.000863,172.31.46.0-255,66,74325,56,229943
14615,0.000884,172.217.194.0-255,4320,78645,56,229943
14616,0.000886,172.31.46.0-255,66,78711,56,229943
14617,0.000892,172.217.194.0-255,5738,84449,56,229943
14618,0.000894,172.31.46.0-255,66,84515,56,229943
14619,0.000897,172.217.194.0-255,1484,85999,56,229943
14620,0.000929,172.31.46.0-255,66,86065,56,229943
14621,0.000938,172.31.46.0-255,66,86131,56,229943
14622,0.000998,172.217.194.0-255,1484,87615,56,229943
14623,0.00101,172.217.194.0-255,2902,90517,56,229943
14624,0.001013,172.31.46.0-255,66,90583,56,229943
14625,0.00103,172.217.194.0-255,5738,96321,56,229943
14626,0.001032,172.31.46.0-255,66,96387,56,229943
14627,0.001038,172.217.194.0-255,5738,102125,56,229943
14628,0.001039,172.31.46.0-255,66,102191,56,229943
14629,0.001071,172.31.46.0-255,66,102257,56,229943
14630,0.001074,172.217.194.0-255,1484,103741,56,229943
14631,0.001089,172.217.194.0-255,3602,107343,56,229943
14632,0.001091,172.31.46.0-255,66,107409,56,229943
14633,0.001096,172.217.194.0-255,5738,113147,56,229943
14634,0.001098,172.31.46.0-255,66,113213,56,229943
14635,0.001121,172.217.194.0-255,2902,116115,56,229943
14636,0.001123,172.31.46.0-255,66,116181,56,229943
14637,0.001152,172.31.46.0-255,66,116247,56,229943
14638,0.001162,172.31.46.0-255,66,116313,56,229943
14639,0.001196,172.217.194.0-255,2902,119215,56,229943
14640,0.0012,172.31.46.0-255,66,119281,56,229943
14641,0.001242,172.31.46.0-255,66,119347,56,229943
14642,0.001244,172.31.46.0-255,66,119413,56,229943
14643,0.001257,172.217.194.0-255,7156,126569,56,229943
14644,0.001259,172.31.46.0-255,66,126635,56,229943
14645,0.001281,172.217.194.0-255,6438,133073,56,229943
14646,0.001283,172.31.46.0-255,66,133139,56,229943
14647,0.001323,172.217.194.0-255,1484,134623,56,229943
14648,0.001326,172.217.194.0-255,1484,136107,56,229943
14649,0.001329,172.31.46.0-255,66,136173,56,229943
14650,0.001347,172.217.194.0-255,1484,137657,56,229943
14651,0.001354,172.217.194.0-255,5738,143395,56,229943
14652,0.001356,172.31.46.0-255,66,143461,56,229943
14653,0.001383,172.31.46.0-255,66,143527,56,229943
14654,0.001405,172.217.194.0-255,1484,145011,56,229943
14655,0.001417,172.31.46.0-255,66,145077,56,229943
14656,0.001422,172.217.194.0-255,4320,149397,56,229943
14657,0.001424,172.31.46.0-255,66,149463,56,229943
14658,0.001441,172.217.194.0-255,7156,156619,56,229943
14659,0.001443,172.31.46.0-255,66,156685,56,229943
14660,0.001447,172.217.194.0-255,2902,159587,56,229943
14661,0.001449,172.31.46.0-255,66,159653,56,229943
14662,0.001487,172.31.46.0-255,66,159719,56,229943
14663,0.001492,172.217.194.0-255,5020,164739,56,229943
14664,0.001494,172.31.46.0-255,66,164805,56,229943
14665,0.001644,172.217.194.0-255,1484,166289,56,229943
14666,0.001649,172.217.194.0-255,2902,169191,56,229943
14667,0.001652,172.31.46.0-255,66,169257,56,229943
14668,0.001657,172.217.194.0-255,4320,173577,56,229943
14669,0.001659,172.31.46.0-255,66,173643,56,229943
14670,0.001673,172.217.194.0-255,1484,175127,56,229943
14671,0.001707,172.217.194.0-255,4320,179447,56,229943
14672,0.001709,172.31.46.0-255,66,179513,56,229943
14673,0.001738,172.31.46.0-255,66,179579,56,229943
14674,0.00175,172.31.46.0-255,66,179645,56,229943
14675,0.002242,172.217.194.0-255,1484,181129,56,229943
14676,0.002246,172.217.194.0-255,1484,182613,56,229943
14677,0.002249,172.31.46.0-255,66,182679,56,229943
14678,0.002269,172.217.194.0-255,1484,184163,56,229943
14679,0.002275,172.217.194.0-255,5738,189901,56,229943
14680,0.002277,172.31.46.0-255,66,189967,56,229943
14681,0.002283,172.217.194.0-255,5738,195705,56,229943
14682,0.002285,172.31.46.0-255,66,195771,56,229943
14683,0.002302,172.217.194.0-255,7156,202927,56,229943
14684,0.002304,172.31.46.0-255,66,202993,56,229943
14685,0.002309,172.217.194.0-255,4320,207313,56,229943
14686,0.002311,172.31.46.0-255,66,207379,56,229943
14687,0.002327,172.217.194.0-255,5738,213117,56,229943
14688,0.002329,172.31.46.0-255,66,213183,56,229943
14689,0.002349,172.217.194.0-255,766,213949,56,229943
14690,0.004591,172.217.194.0-255,4320,218269,56,229943
14691,0.004597,172.31.46.0-255,66,218335,56,229943
14692,0.006878,172.217.194.0-255,5738,224073,56,229943
14693,0.006884,172.31.46.0-255,66,224139,56,229943
14694,0.009171,172.217.194.0-255,5738,229877,56,229943
14695,0.009178,172.31.46.0-255,66,229943,56,229943
14696,0.0,74.125.68.0-255,152,152,56,264558
14697,1.6e-05,172.31.46.0-255,66,218,56,264558
14698,2.3e-05,74.125.68.0-255,1484,1702,56,264558
14699,2.7e-05,172.31.46.0-255,66,1768,56,264558
14700,3.4e-05,74.125.68.0-255,2902,4670,56,264558
14701,3.7e-05,172.31.46.0-255,66,4736,56,264558
14702,4.2e-05,74.125.68.0-255,2902,7638,56,264558
14703,5.5e-05,172.31.46.0-255,66,7704,56,264558
14704,6.1e-05,74.125.68.0-255,4320,12024,56,264558
14705,6.5e-05,172.31.46.0-255,66,12090,56,264558
14706,9e-05,74.125.68.0-255,2902,14992,56,264558
14707,9.4e-05,172.31.46.0-255,66,15058,56,264558
14708,0.000116,74.125.68.0-255,6205,21263,56,264558
14709,0.000123,172.31.46.0-255,66,21329,56,264558
14710,0.000128,74.125.68.0-255,4320,25649,56,264558
14711,0.00013,172.31.46.0-255,66,25715,56,264558
14712,0.000158,74.125.68.0-255,5379,31094,56,264558
14713,0.000165,172.31.46.0-255,66,31160,56,264558
14714,0.000471,74.125.68.0-255,1484,32644,56,264558
14715,0.000477,172.31.46.0-255,66,32710,56,264558
14716,0.000484,74.125.68.0-255,2902,35612,56,264558
14717,0.000486,172.31.46.0-255,66,35678,56,264558
14718,0.000489,74.125.68.0-255,1484,37162,56,264558
14719,0.000496,172.31.46.0-255,66,37228,56,264558
14720,0.000501,74.125.68.0-255,2902,40130,56,264558
14721,0.000504,172.31.46.0-255,66,40196,56,264558
14722,0.000542,74.125.68.0-255,1484,41680,56,264558
14723,0.000546,172.31.46.0-255,66,41746,56,264558
14724,0.000554,74.125.68.0-255,1484,43230,56,264558
14725,0.000557,172.31.46.0-255,66,43296,56,264558
14726,0.00059,74.125.68.0-255,4320,47616,56,264558
14727,0.000593,172.31.46.0-255,66,47682,56,264558
14728,0.000597,74.125.68.0-255,2543,50225,56,264558
14729,0.000599,172.31.46.0-255,66,50291,56,264558
14730,0.000632,74.125.68.0-255,2902,53193,56,264558
14731,0.000635,172.31.46.0-255,66,53259,56,264558
14732,0.000642,74.125.68.0-255,7156,60415,56,264558
14733,0.000644,172.31.46.0-255,66,60481,56,264558
14734,0.000649,74.125.68.0-255,2902,63383,56,264558
14735,0.000651,172.31.46.0-255,66,63449,56,264558
14736,0.000665,74.125.68.0-255,2817,66266,56,264558
14737,0.000667,172.31.46.0-255,66,66332,56,264558
14738,0.000695,74.125.68.0-255,382,66714,56,264558
14739,0.00082,74.125.68.0-255,1484,68198,56,264558
14740,0.000825,172.31.46.0-255,66,68264,56,264558
14741,0.00083,74.125.68.0-255,2902,71166,56,264558
14742,0.000832,172.31.46.0-255,66,71232,56,264558
14743,0.000863,74.125.68.0-255,4320,75552,56,264558
14744,0.000865,172.31.46.0-255,66,75618,56,264558
14745,0.000872,74.125.68.0-255,5738,81356,56,264558
14746,0.000875,172.31.46.0-255,66,81422,56,264558
14747,0.000923,172.31.46.0-255,66,81488,56,264558
14748,0.000949,74.125.68.0-255,2902,84390,56,264558
14749,0.000951,172.31.46.0-255,66,84456,56,264558
14750,0.000954,74.125.68.0-255,1484,85940,56,264558
14751,0.000989,74.125.68.0-255,6438,92378,56,264558
14752,0.000992,172.31.46.0-255,66,92444,56,264558
14753,0.001033,74.125.68.0-255,1484,93928,56,264558
14754,0.001048,74.125.68.0-255,2902,96830,56,264558
14755,0.00105,172.31.46.0-255,66,96896,56,264558
14756,0.001055,74.125.68.0-255,2902,99798,56,264558
14757,0.001057,172.31.46.0-255,66,99864,56,264558
14758,0.001078,74.125.68.0-255,1484,101348,56,264558
14759,0.001089,74.125.68.0-255,5738,107086,56,264558
14760,0.001091,172.31.46.0-255,66,107152,56,264558
14761,0.001137,172.31.46.0-255,66,107218,56,264558
14762,0.001141,74.125.68.0-255,4320,111538,56,264558
14763,0.001143,172.31.46.0-255,66,111604,56,264558
14764,0.001162,74.125.68.0-255,3602,115206,56,264558
14765,0.001164,172.31.46.0-255,66,115272,56,264558
14766,0.00132,74.125.68.0-255,1484,116756,56,264558
14767,0.001325,74.125.68.0-255,1484,118240,56,264558
14768,0.001329,172.31.46.0-255,66,118306,56,264558
14769,0.001357,74.125.68.0-255,1484,119790,56,264558
14770,0.001364,74.125.68.0-255,5738,125528,56,264558
14771,0.001367,172.31.46.0-255,66,125594,56,264558
14772,0.001373,74.125.68.0-255,5738,131332,56,264558
14773,0.001375,172.31.46.0-255,66,131398,56,264558
14774,0.001411,74.125.68.0-255,7156,138554,56,264558
14775,0.001415,172.31.46.0-255,66,138620,56,264558
14776,0.001425,172.31.46.0-255,66,138686,56,264558
14777,0.001489,74.125.68.0-255,2184,140870,56,264558
14778,0.001492,172.31.46.0-255,66,140936,56,264558
14779,0.001726,74.125.68.0-255,1484,142420,56,264558
14780,0.001784,74.125.68.0-255,2902,145322,56,264558
14781,0.001787,172.31.46.0-255,66,145388,56,264558
14782,0.001793,74.125.68.0-255,4320,149708,56,264558
14783,0.001795,172.31.46.0-255,66,149774,56,264558
14784,0.001821,74.125.68.0-255,5738,155512,56,264558
14785,0.001823,172.31.46.0-255,66,155578,56,264558
14786,0.001855,74.125.68.0-255,2902,158480,56,264558
14787,0.001857,172.31.46.0-255,66,158546,56,264558
14788,0.001861,74.125.68.0-255,2902,161448,56,264558
14789,0.001864,172.31.46.0-255,66,161514,56,264558
14790,0.001893,74.125.68.0-255,4320,165834,56,264558
14791,0.001896,172.31.46.0-255,66,165900,56,264558
14792,0.001925,74.125.68.0-255,2902,168802,56,264558
14793,0.001927,172.31.46.0-255,66,168868,56,264558
14794,0.001935,74.125.68.0-255,6438,175306,56,264558
14795,0.001937,172.31.46.0-255,66,175372,56,264558
14796,0.00215,74.125.68.0-255,1484,176856,56,264558
14797,0.002156,74.125.68.0-255,2902,179758,56,264558
14798,0.002159,172.31.46.0-255,66,179824,56,264558
14799,0.00219,74.125.68.0-255,5738,185562,56,264558
14800,0.002193,172.31.46.0-255,66,185628,56,264558
14801,0.002198,74.125.68.0-255,4320,189948,56,264558
14802,0.0022,172.31.46.0-255,66,190014,56,264558
14803,0.002234,74.125.68.0-255,5738,195752,56,264558
14804,0.002237,172.31.46.0-255,66,195818,56,264558
14805,0.002242,74.125.68.0-255,4320,200138,56,264558
14806,0.002244,172.31.46.0-255,66,200204,56,264558
14807,0.002271,74.125.68.0-255,4320,204524,56,264558
14808,0.002273,172.31.46.0-255,66,204590,56,264558
14809,0.002281,74.125.68.0-255,7156,211746,56,264558
14810,0.002283,172.31.46.0-255,66,211812,56,264558
14811,0.002313,74.125.68.0-255,2184,213996,56,264558
14812,0.002317,74.125.68.0-255,2902,216898,56,264558
14813,0.002319,74.125.68.0-255,1484,218382,56,264558
14814,0.002322,172.31.46.0-255,66,218448,56,264558
14815,0.002325,172.31.46.0-255,66,218514,56,264558
14816,0.002356,172.31.46.0-255,66,218580,56,264558
14817,0.002368,172.31.46.0-255,66,218646,56,264558
14818,0.002403,74.125.68.0-255,5020,223666,56,264558
14819,0.002405,172.31.46.0-255,66,223732,56,264558
14820,0.002438,74.125.68.0-255,5738,229470,56,264558
14821,0.00244,172.31.46.0-255,66,229536,56,264558
14822,0.002444,74.125.68.0-255,2902,232438,56,264558
14823,0.002446,172.31.46.0-255,66,232504,56,264558
14824,0.002477,74.125.68.0-255,4320,236824,56,264558
14825,0.00248,172.31.46.0-255,66,236890,56,264558
14826,0.002483,74.125.68.0-255,1484,238374,56,264558
14827,0.002519,74.125.68.0-255,7156,245530,56,264558
14828,0.002522,172.31.46.0-255,66,245596,56,264558
14829,0.002527,74.125.68.0-255,4320,249916,56,264558
14830,0.002529,172.31.46.0-255,66,249982,56,264558
14831,0.002538,74.125.68.0-255,2902,252884,56,264558
14832,0.002541,172.31.46.0-255,66,252950,56,264558
14833,0.005058,74.125.68.0-255,5738,258688,56,264558
14834,0.005065,172.31.46.0-255,66,258754,56,264558
14835,0.007569,74.125.68.0-255,5738,264492,56,264558
14836,0.007576,172.31.46.0-255,66,264558,56,264558
14837,0.0,74.125.24.0-255,153,153,56,115654
14838,2.3e-05,172.31.46.0-255,66,219,56,115654
14839,3e-05,74.125.24.0-255,1484,1703,56,115654
14840,3.5e-05,172.31.46.0-255,66,1769,56,115654
14841,3.8e-05,74.125.24.0-255,1484,3253,56,115654
14842,4.1e-05,172.31.46.0-255,66,3319,56,115654
14843,4.9e-05,74.125.24.0-255,4320,7639,56,115654
14844,5.2e-05,172.31.46.0-255,66,7705,56,115654
14845,5.6e-05,74.125.24.0-255,1484,9189,56,115654
14846,5.9e-05,172.31.46.0-255,66,9255,56,115654
14847,9.1e-05,74.125.24.0-255,4829,14084,56,115654
14848,9.5e-05,172.31.46.0-255,66,14150,56,115654
14849,0.00041,74.125.24.0-255,1484,15634,56,115654
14850,0.000415,172.31.46.0-255,66,15700,56,115654
14851,0.000421,74.125.24.0-255,2902,18602,56,115654
14852,0.000424,172.31.46.0-255,66,18668,56,115654
14853,0.000453,74.125.24.0-255,5738,24406,56,115654
14854,0.000456,172.31.46.0-255,66,24472,56,115654
14855,0.000472,74.125.24.0-255,4320,28792,56,115654
14856,0.000475,172.31.46.0-255,66,28858,56,115654
14857,0.000489,74.125.24.0-255,2543,31401,56,115654
14858,0.000493,172.31.46.0-255,66,31467,56,115654
14859,0.000721,74.125.24.0-255,1484,32951,56,115654
14860,0.000725,172.31.46.0-255,66,33017,56,115654
14861,0.00073,74.125.24.0-255,2902,35919,56,115654
14862,0.000733,172.31.46.0-255,66,35985,56,115654
14863,0.000736,74.125.24.0-255,1484,37469,56,115654
14864,0.000738,172.31.46.0-255,66,37535,56,115654
14865,0.000769,74.125.24.0-255,5738,43273,56,115654
14866,0.000771,172.31.46.0-255,66,43339,56,115654
14867,0.000791,74.125.24.0-255,4320,47659,56,115654
14868,0.000794,172.31.46.0-255,66,47725,56,115654
14869,0.000825,172.31.46.0-255,66,47791,56,115654
14870,0.000861,172.31.46.0-255,66,47857,56,115654
14871,0.001039,74.125.24.0-255,647,48504,56,115654
14872,0.001141,172.31.46.0-255,66,48570,56,115654
14873,0.001161,74.125.24.0-255,1484,50054,56,115654
14874,0.001165,74.125.24.0-255,1484,51538,56,115654
14875,0.001186,172.31.46.0-255,66,51604,56,115654
14876,0.001199,74.125.24.0-255,1484,53088,56,115654
14877,0.001206,74.125.24.0-255,5738,58826,56,115654
14878,0.001212,74.125.24.0-255,5738,64564,56,115654
14879,0.001214,74.125.24.0-255,1484,66048,56,115654
14880,0.001223,172.31.46.0-255,66,66114,56,115654
14881,0.001226,172.31.46.0-255,66,66180,56,115654
14882,0.001242,172.31.46.0-255,66,66246,56,115654
14883,0.001248,74.125.24.0-255,5020,71266,56,115654
14884,0.00125,172.31.46.0-255,66,71332,56,115654
14885,0.001452,74.125.24.0-255,1484,72816,56,115654
14886,0.001458,74.125.24.0-255,2902,75718,56,115654
14887,0.001462,172.31.46.0-255,66,75784,56,115654
14888,0.001468,74.125.24.0-255,4320,80104,56,115654
14889,0.00147,172.31.46.0-255,66,80170,56,115654
14890,0.001495,74.125.24.0-255,1484,81654,56,115654
14891,0.001506,172.31.46.0-255,66,81720,56,115654
14892,0.001531,74.125.24.0-255,4320,86040,56,115654
14893,0.001572,172.31.46.0-255,66,86106,56,115654
14894,0.001576,172.31.46.0-255,66,86172,56,115654
14895,0.001649,74.125.24.0-255,1484,87656,56,115654
14896,0.001653,74.125.24.0-255,1484,89140,56,115654
14897,0.001655,172.31.46.0-255,66,89206,56,115654
14898,0.001669,74.125.24.0-255,1484,90690,56,115654
14899,0.001672,74.125.24.0-255,1484,92174,56,115654
14900,0.001675,172.31.46.0-255,66,92240,56,115654
14901,0.001699,74.125.24.0-255,4320,96560,56,115654
14902,0.001702,172.31.46.0-255,66,96626,56,115654
14903,0.001715,172.31.46.0-255,66,96692,56,115654
14904,0.001743,74.125.24.0-255,1484,98176,56,115654
14905,0.001757,172.31.46.0-255,66,98242,56,115654
14906,0.004314,74.125.24.0-255,5738,103980,56,115654
14907,0.004327,172.31.46.0-255,66,104046,56,115654
14908,0.006912,74.125.24.0-255,5738,109784,56,115654
14909,0.006916,172.31.46.0-255,66,109850,56,115654
14910,0.009487,74.125.24.0-255,5738,115588,56,115654
14911,0.009495,172.31.46.0-255,66,115654,56,115654
14912,0.0,172.217.194.0-255,152,152,56,152385
14913,1.9e-05,172.31.46.0-255,66,218,56,152385
14914,2.6e-05,172.217.194.0-255,1484,1702,56,152385
14915,2.9e-05,172.31.46.0-255,66,1768,56,152385
14916,3.5e-05,172.217.194.0-255,2902,4670,56,152385
14917,3.8e-05,172.31.46.0-255,66,4736,56,152385
14918,6.5e-05,172.217.194.0-255,4320,9056,56,152385
14919,6.8e-05,172.31.46.0-255,66,9122,56,152385
14920,8e-05,172.217.194.0-255,1484,10606,56,152385
14921,8.2e-05,172.31.46.0-255,66,10672,56,152385
14922,0.000105,172.217.194.0-255,3499,14171,56,152385
14923,0.000109,172.31.46.0-255,66,14237,56,152385
14924,0.000167,172.217.194.0-255,1484,15721,56,152385
14925,0.00017,172.31.46.0-255,66,15787,56,152385
14926,0.000173,172.217.194.0-255,1484,17271,56,152385
14927,0.000175,172.31.46.0-255,66,17337,56,152385
14928,0.000188,172.217.194.0-255,1484,18821,56,152385
14929,0.000191,172.31.46.0-255,66,18887,56,152385
14930,0.000196,172.217.194.0-255,2902,21789,56,152385
14931,0.000199,172.31.46.0-255,66,21855,56,152385
14932,0.000225,172.217.194.0-255,2902,24757,56,152385
14933,0.000228,172.31.46.0-255,66,24823,56,152385
14934,0.000232,172.217.194.0-255,2902,27725,56,152385
14935,0.000233,172.31.46.0-255,66,27791,56,152385
14936,0.000251,172.217.194.0-255,1484,29275,56,152385
14937,0.000254,172.31.46.0-255,66,29341,56,152385
14938,0.000284,172.31.46.0-255,66,29407,56,152385
14939,0.00035,172.217.194.0-255,7156,36563,56,152385
14940,0.000353,172.31.46.0-255,66,36629,56,152385
14941,0.000372,172.217.194.0-255,2543,39172,56,152385
14942,0.000374,172.31.46.0-255,66,39238,56,152385
14943,0.00073,172.217.194.0-255,1484,40722,56,152385
14944,0.000736,172.217.194.0-255,2902,43624,56,152385
14945,0.00074,172.31.46.0-255,66,43690,56,152385
14946,0.000744,172.217.194.0-255,1484,45174,56,152385
14947,0.000767,172.217.194.0-255,4320,49494,56,152385
14948,0.00077,172.31.46.0-255,66,49560,56,152385
14949,0.000803,172.217.194.0-255,5738,55298,56,152385
14950,0.000805,172.31.46.0-255,66,55364,56,152385
14951,0.00083,172.217.194.0-255,1125,56489,56,152385
14952,0.000841,172.31.46.0-255,66,56555,56,152385
14953,0.000853,172.31.46.0-255,66,56621,56,152385
14954,0.000855,172.217.194.0-255,1125,57746,56,152385
14955,0.000878,172.217.194.0-255,1484,59230,56,152385
14956,0.000881,172.31.46.0-255,66,59296,56,152385
14957,0.000886,172.217.194.0-255,4320,63616,56,152385
14958,0.000888,172.31.46.0-255,66,63682,56,152385
14959,0.000904,172.217.194.0-255,4320,68002,56,152385
14960,0.000908,172.31.46.0-255,66,68068,56,152385
14961,0.000934,172.217.194.0-255,5738,73806,56,152385
14962,0.000937,172.31.46.0-255,66,73872,56,152385
14963,0.00094,172.217.194.0-255,1125,74997,56,152385
14964,0.001423,172.31.46.0-255,66,75063,56,152385
14965,0.001543,172.217.194.0-255,1484,76547,56,152385
14966,0.001552,172.217.194.0-255,2902,79449,56,152385
14967,0.001555,172.31.46.0-255,66,79515,56,152385
14968,0.001563,172.217.194.0-255,5738,85253,56,152385
14969,0.001565,172.31.46.0-255,66,85319,56,152385
14970,0.001569,172.217.194.0-255,1484,86803,56,152385
14971,0.001592,172.217.194.0-255,5738,92541,56,152385
14972,0.001595,172.31.46.0-255,66,92607,56,152385
14973,0.001598,172.217.194.0-255,1484,94091,56,152385
14974,0.001622,172.31.46.0-255,66,94157,56,152385
14975,0.001646,172.217.194.0-255,4320,98477,56,152385
14976,0.001649,172.31.46.0-255,66,98543,56,152385
14977,0.001653,172.217.194.0-255,2184,100727,56,152385
14978,0.001655,172.31.46.0-255,66,100793,56,152385
14979,0.001965,172.217.194.0-255,1484,102277,56,152385
14980,0.001974,172.217.194.0-255,2902,105179,56,152385
14981,0.001978,172.31.46.0-255,66,105245,56,152385
14982,0.001982,172.217.194.0-255,1484,106729,56,152385
14983,0.002003,172.217.194.0-255,4320,111049,56,152385
14984,0.002005,172.31.46.0-255,66,111115,56,152385
14985,0.002019,172.31.46.0-255,66,111181,56,152385
14986,0.00203,172.31.46.0-255,66,111247,56,152385
14987,0.002033,172.217.194.0-255,766,112013,56,152385
14988,0.002299,172.217.194.0-255,1484,113497,56,152385
14989,0.002304,172.31.46.0-255,66,113563,56,152385
14990,0.00231,172.217.194.0-255,2902,116465,56,152385
14991,0.002311,172.31.46.0-255,66,116531,56,152385
14992,0.002338,172.217.194.0-255,2902,119433,56,152385
14993,0.00234,172.31.46.0-255,66,119499,56,152385
14994,0.002353,172.217.194.0-255,2902,122401,56,152385
14995,0.002355,172.31.46.0-255,66,122467,56,152385
14996,0.002358,172.217.194.0-255,1484,123951,56,152385
14997,0.002388,172.31.46.0-255,66,124017,56,152385
14998,0.002396,172.217.194.0-255,7156,131173,56,152385
14999,0.002399,172.31.46.0-255,66,131239,56,152385
15000,0.002416,172.217.194.0-255,3602,134841,56,152385
15001,0.002418,172.31.46.0-255,66,134907,56,152385
15002,0.004764,172.217.194.0-255,1484,136391,56,152385
15003,0.004813,172.217.194.0-255,4320,140711,56,152385
15004,0.004817,172.31.46.0-255,66,140777,56,152385
15005,0.007209,172.217.194.0-255,5738,146515,56,152385
15006,0.007216,172.31.46.0-255,66,146581,56,152385
15007,0.009609,172.217.194.0-255,5738,152319,56,152385
15008,0.009616,172.31.46.0-255,66,152385,56,152385
15009,0.0,172.217.194.0-255,153,153,56,184736
15010,2.4e-05,172.31.46.0-255,66,219,56,184736
15011,3.2e-05,172.217.194.0-255,1484,1703,56,184736
15012,3.7e-05,172.31.46.0-255,66,1769,56,184736
15013,4.4e-05,172.217.194.0-255,2902,4671,56,184736
15014,5.6e-05,172.31.46.0-255,66,4737,56,184736
15015,6.4e-05,172.217.194.0-255,7156,11893,56,184736
15016,6.8e-05,172.31.46.0-255,66,11959,56,184736
15017,7e-05,172.217.194.0-255,1484,13443,56,184736
15018,7.3e-05,172.31.46.0-255,66,13509,56,184736
15019,0.000112,172.217.194.0-255,7156,20665,56,184736
15020,0.000115,172.31.46.0-255,66,20731,56,184736
15021,0.000129,172.217.194.0-255,3357,24088,56,184736
15022,0.000136,172.31.46.0-255,66,24154,56,184736
15023,0.000143,172.217.194.0-255,6797,30951,56,184736
15024,0.000146,172.31.46.0-255,66,31017,56,184736
15025,0.000192,172.217.194.0-255,1484,32501,56,184736
15026,0.000194,172.31.46.0-255,66,32567,56,184736
15027,0.000198,172.217.194.0-255,1484,34051,56,184736
15028,0.0002,172.31.46.0-255,66,34117,56,184736
15029,0.000232,172.217.194.0-255,1484,35601,56,184736
15030,0.000234,172.31.46.0-255,66,35667,56,184736
15031,0.000239,172.217.194.0-255,2902,38569,56,184736
15032,0.000242,172.31.46.0-255,66,38635,56,184736
15033,0.000255,172.217.194.0-255,4320,42955,56,184736
15034,0.000258,172.31.46.0-255,66,43021,56,184736
15035,0.000265,172.217.194.0-255,5738,48759,56,184736
15036,0.000267,172.31.46.0-255,66,48825,56,184736
15037,0.000303,172.217.194.0-255,3961,52786,56,184736
15038,0.000305,172.31.46.0-255,66,52852,56,184736
15039,0.000332,172.217.194.0-255,5738,58590,56,184736
15040,0.000335,172.31.46.0-255,66,58656,56,184736
15041,0.000342,172.217.194.0-255,7117,65773,56,184736
15042,0.000345,172.31.46.0-255,66,65839,56,184736
15043,0.000366,172.217.194.0-255,367,66206,56,184736
15044,0.000503,172.217.194.0-255,1484,67690,56,184736
15045,0.000508,172.31.46.0-255,66,67756,56,184736
15046,0.000514,172.217.194.0-255,2902,70658,56,184736
15047,0.000517,172.31.46.0-255,66,70724,56,184736
15048,0.000522,172.217.194.0-255,2902,73626,56,184736
15049,0.000524,172.31.46.0-255,66,73692,56,184736
15050,0.00054,172.217.194.0-255,2902,76594,56,184736
15051,0.000543,172.31.46.0-255,66,76660,56,184736
15052,0.000563,172.31.46.0-255,66,76726,56,184736
15053,0.000604,172.31.46.0-255,66,76792,56,184736
15054,0.000664,172.217.194.0-255,1484,78276,56,184736
15055,0.000669,172.217.194.0-255,2902,81178,56,184736
15056,0.000672,172.31.46.0-255,66,81244,56,184736
15057,0.000706,172.217.194.0-255,5738,86982,56,184736
15058,0.00071,172.31.46.0-255,66,87048,56,184736
15059,0.000729,172.31.46.0-255,66,87114,56,184736
15060,0.000735,172.217.194.0-255,5738,92852,56,184736
15061,0.000738,172.31.46.0-255,66,92918,56,184736
15062,0.000765,172.217.194.0-255,5020,97938,56,184736
15063,0.000878,172.31.46.0-255,66,98004,56,184736
15064,0.000956,172.217.194.0-255,1484,99488,56,184736
15065,0.000961,172.217.194.0-255,1484,100972,56,184736
15066,0.000983,172.217.194.0-255,1484,102456,56,184736
15067,0.00099,172.217.194.0-255,5738,108194,56,184736
15068,0.001002,172.31.46.0-255,66,108260,56,184736
15069,0.001014,172.31.46.0-255,66,108326,56,184736
15070,0.001073,172.217.194.0-255,2184,110510,56,184736
15071,0.001082,172.31.46.0-255,66,110576,56,184736
15072,0.001094,172.217.194.0-255,5738,116314,56,184736
15073,0.001104,172.31.46.0-255,66,116380,56,184736
15074,0.001126,172.217.194.0-255,2902,119282,56,184736
15075,0.00114,172.217.194.0-255,2902,122184,56,184736
15076,0.001151,172.31.46.0-255,66,122250,56,184736
15077,0.00118,172.31.46.0-255,66,122316,56,184736
15078,0.001282,172.217.194.0-255,1484,123800,56,184736
15079,0.001287,172.217.194.0-255,1484,125284,56,184736
15080,0.001295,172.31.46.0-255,66,125350,56,184736
15081,0.001303,172.217.194.0-255,1484,126834,56,184736
15082,0.00131,172.217.194.0-255,5738,132572,56,184736
15083,0.001325,172.31.46.0-255,66,132638,56,184736
15084,0.001343,172.217.194.0-255,4320,136958,56,184736
15085,0.001357,172.31.46.0-255,66,137024,56,184736
15086,0.001383,172.217.194.0-255,2902,139926,56,184736
15087,0.001403,172.217.194.0-255,5738,145664,56,184736
15088,0.001416,172.217.194.0-255,2184,147848,56,184736
15089,0.001426,172.31.46.0-255,66,147914,56,184736
15090,0.001577,172.217.194.0-255,1484,149398,56,184736
15091,0.001583,172.217.194.0-255,2902,152300,56,184736
15092,0.001596,172.31.46.0-255,66,152366,56,184736
15093,0.001603,172.217.194.0-255,5738,158104,56,184736
15094,0.001612,172.31.46.0-255,66,158170,56,184736
15095,0.001681,172.31.46.0-255,66,158236,56,184736
15096,0.001702,172.217.194.0-255,2184,160420,56,184736
15097,0.001811,172.217.194.0-255,7156,167576,56,184736
15098,0.001821,172.31.46.0-255,66,167642,56,184736
15099,0.001826,172.217.194.0-255,2184,169826,56,184736
15100,0.001832,172.217.194.0-255,7156,176982,56,184736
15101,0.001849,172.31.46.0-255,66,177048,56,184736
15102,0.001853,172.217.194.0-255,2902,179950,56,184736
15103,0.001891,172.31.46.0-255,66,180016,56,184736
15104,0.00195,172.31.46.0-255,66,180082,56,184736
15105,0.001989,172.217.194.0-255,4320,184402,56,184736
15106,0.001997,172.31.46.0-255,66,184468,56,184736
15107,0.002024,172.217.194.0-255,97,184565,56,184736
15108,0.002047,172.31.46.0-255,66,184631,56,184736
15109,0.002057,172.217.194.0-255,105,184736,56,184736
15110,0.0,74.125.68.0-255,153,153,56,166516
15111,1.4e-05,172.31.46.0-255,66,219,56,166516
15112,2.1e-05,74.125.68.0-255,1484,1703,56,166516
15113,2.6e-05,172.31.46.0-255,66,1769,56,166516
15114,2.9e-05,74.125.68.0-255,1484,3253,56,166516
15115,3.2e-05,172.31.46.0-255,66,3319,56,166516
15116,6.1e-05,74.125.68.0-255,1484,4803,56,166516
15117,6.4e-05,172.31.46.0-255,66,4869,56,166516
15118,7e-05,74.125.68.0-255,4320,9189,56,166516
15119,7.3e-05,172.31.46.0-255,66,9255,56,166516
15120,8e-05,74.125.68.0-255,4908,14163,56,166516
15121,8.2e-05,172.31.46.0-255,66,14229,56,166516
15122,0.000128,74.125.68.0-255,7156,21385,56,166516
15123,0.000131,172.31.46.0-255,66,21451,56,166516
15124,0.000147,74.125.68.0-255,2902,24353,56,166516
15125,0.000149,172.31.46.0-255,66,24419,56,166516
15126,0.000161,74.125.68.0-255,2902,27321,56,166516
15127,0.000164,172.31.46.0-255,66,27387,56,166516
15128,0.000187,74.125.68.0-255,3961,31348,56,166516
15129,0.000189,172.31.46.0-255,66,31414,56,166516
15130,0.000275,74.125.68.0-255,1484,32898,56,166516
15131,0.000279,172.31.46.0-255,66,32964,56,166516
15132,0.000285,74.125.68.0-255,2902,35866,56,166516
15133,0.000288,172.31.46.0-255,66,35932,56,166516
15134,0.000292,74.125.68.0-255,4320,40252,56,166516
15135,0.000295,172.31.46.0-255,66,40318,56,166516
15136,0.000332,172.31.46.0-255,66,40384,56,166516
15137,0.000346,172.31.46.0-255,66,40450,56,166516
15138,0.000349,74.125.68.0-255,1484,41934,56,166516
15139,0.000351,172.31.46.0-255,66,42000,56,166516
15140,0.000373,74.125.68.0-255,4266,46266,56,166516
15141,0.000376,74.125.68.0-255,117,46383,56,166516
15142,0.000394,74.125.68.0-255,329,46712,56,166516
15143,0.000485,172.31.46.0-255,66,46778,56,166516
15144,0.000505,74.125.68.0-255,1484,48262,56,166516
15145,0.000526,74.125.68.0-255,2902,51164,56,166516
15146,0.000538,172.31.46.0-255,66,51230,56,166516
15147,0.000546,74.125.68.0-255,2902,54132,56,166516
15148,0.000552,172.31.46.0-255,66,54198,56,166516
15149,0.000564,74.125.68.0-255,2902,57100,56,166516
15150,0.000569,74.125.68.0-255,2902,60002,56,166516
15151,0.000573,74.125.68.0-255,2902,62904,56,166516
15152,0.000588,74.125.68.0-255,1484,64388,56,166516
15153,0.000596,172.31.46.0-255,66,64454,56,166516
15154,0.000645,74.125.68.0-255,4320,68774,56,166516
15155,0.000648,74.125.68.0-255,1484,70258,56,166516
15156,0.000667,74.125.68.0-255,2184,72442,56,166516
15157,0.00084,172.31.46.0-255,66,72508,56,166516
15158,0.001255,74.125.68.0-255,1484,73992,56,166516
15159,0.001281,74.125.68.0-255,2902,76894,56,166516
15160,0.001285,172.31.46.0-255,66,76960,56,166516
15161,0.00129,74.125.68.0-255,4320,81280,56,166516
15162,0.001303,74.125.68.0-255,1484,82764,56,166516
15163,0.001312,172.31.46.0-255,66,82830,56,166516
15164,0.00133,74.125.68.0-255,7156,89986,56,166516
15165,0.001336,74.125.68.0-255,5738,95724,56,166516
15166,0.001355,74.125.68.0-255,7156,102880,56,166516
15167,0.001367,172.31.46.0-255,66,102946,56,166516
15168,0.001383,74.125.68.0-255,3602,106548,56,166516
15169,0.001385,172.31.46.0-255,66,106614,56,166516
15170,0.001778,74.125.68.0-255,1484,108098,56,166516
15171,0.001794,74.125.68.0-255,2902,111000,56,166516
15172,0.001798,172.31.46.0-255,66,111066,56,166516
15173,0.001828,74.125.68.0-255,1484,112550,56,166516
15174,0.00185,74.125.68.0-255,4320,116870,56,166516
15175,0.001855,74.125.68.0-255,2902,119772,56,166516
15176,0.001859,74.125.68.0-255,4320,124092,56,166516
15177,0.001873,74.125.68.0-255,5738,129830,56,166516
15178,0.001879,172.31.46.0-255,66,129896,56,166516
15179,0.001923,74.125.68.0-255,2184,132080,56,166516
15180,0.001936,74.125.68.0-255,1484,133564,56,166516
15181,0.001947,74.125.68.0-255,1484,135048,56,166516
15182,0.001954,172.31.46.0-255,66,135114,56,166516
15183,0.001962,74.125.68.0-255,1484,136598,56,166516
15184,0.001978,74.125.68.0-255,5738,142336,56,166516
15185,0.002019,172.31.46.0-255,66,142402,56,166516
15186,0.002034,74.125.68.0-255,7156,149558,56,166516
15187,0.002051,74.125.68.0-255,4320,153878,56,166516
15188,0.002059,172.31.46.0-255,66,153944,56,166516
15189,0.002094,74.125.68.0-255,3602,157546,56,166516
15190,0.002102,172.31.46.0-255,66,157612,56,166516
15191,0.004354,74.125.68.0-255,1484,159096,56,166516
15192,0.004392,74.125.68.0-255,1484,160580,56,166516
15193,0.004398,172.31.46.0-255,66,160646,56,166516
15194,0.004417,74.125.68.0-255,2902,163548,56,166516
15195,0.006697,74.125.68.0-255,2902,166450,56,166516
15196,0.008167,172.31.46.0-255,66,166516,56,166516
15197,0.0,74.125.130.0-255,156,156,56,155921
15198,1.7e-05,172.31.46.0-255,66,222,56,155921
15199,2.4e-05,74.125.130.0-255,1484,1706,56,155921
15200,2.7e-05,172.31.46.0-255,66,1772,56,155921
15201,3.2e-05,74.125.130.0-255,2902,4674,56,155921
15202,3.5e-05,172.31.46.0-255,66,4740,56,155921
15203,4.4e-05,74.125.130.0-255,1484,6224,56,155921
15204,4.6e-05,172.31.46.0-255,66,6290,56,155921
15205,5.2e-05,74.125.130.0-255,2902,9192,56,155921
15206,5.4e-05,172.31.46.0-255,66,9258,56,155921
15207,9e-05,74.125.130.0-255,4320,13578,56,155921
15208,9.3e-05,172.31.46.0-255,66,13644,56,155921
15209,0.000117,74.125.130.0-255,653,14297,56,155921
15210,0.000118,172.31.46.0-255,66,14363,56,155921
15211,0.000238,74.125.130.0-255,1484,15847,56,155921
15212,0.000242,172.31.46.0-255,66,15913,56,155921
15213,0.000245,74.125.130.0-255,1484,17397,56,155921
15214,0.000247,172.31.46.0-255,66,17463,56,155921
15215,0.000266,74.125.130.0-255,1484,18947,56,155921
15216,0.000268,172.31.46.0-255,66,19013,56,155921
15217,0.000278,74.125.130.0-255,5738,24751,56,155921
15218,0.00028,172.31.46.0-255,66,24817,56,155921
15219,0.000317,74.125.130.0-255,6797,31614,56,155921
15220,0.000319,172.31.46.0-255,66,31680,56,155921
15221,0.000326,74.125.130.0-255,7156,38836,56,155921
15222,0.000328,172.31.46.0-255,66,38902,56,155921
15223,0.000364,172.31.46.0-255,66,38968,56,155921
15224,0.00037,74.125.130.0-255,5738,44706,56,155921
15225,0.000372,172.31.46.0-255,66,44772,56,155921
15226,0.000391,74.125.130.0-255,4320,49092,56,155921
15227,0.000393,172.31.46.0-255,66,49158,56,155921
15228,0.000403,74.125.130.0-255,5738,54896,56,155921
15229,0.000405,172.31.46.0-255,66,54962,56,155921
15230,0.000431,74.125.130.0-255,1484,56446,56,155921
15231,0.000436,74.125.130.0-255,1377,57823,56,155921
15232,0.000438,172.31.46.0-255,66,57889,56,155921
15233,0.000637,74.125.130.0-255,1484,59373,56,155921
15234,0.000641,74.125.130.0-255,1484,60857,56,155921
15235,0.000644,172.31.46.0-255,66,60923,56,155921
15236,0.000667,74.125.130.0-255,2902,63825,56,155921
15237,0.000669,172.31.46.0-255,66,63891,56,155921
15238,0.000673,74.125.130.0-255,2902,66793,56,155921
15239,0.000675,172.31.46.0-255,66,66859,56,155921
15240,0.000693,74.125.130.0-255,2902,69761,56,155921
15241,0.000695,74.125.130.0-255,1484,71245,56,155921
15242,0.00071,172.31.46.0-255,66,71311,56,155921
15243,0.000718,74.125.130.0-255,5738,77049,56,155921
15244,0.00072,172.31.46.0-255,66,77115,56,155921
15245,0.000733,172.31.46.0-255,66,77181,56,155921
15246,0.000758,74.125.130.0-255,6438,83619,56,155921
15247,0.00076,172.31.46.0-255,66,83685,56,155921
15248,0.00142,74.125.130.0-255,1484,85169,56,155921
15249,0.001428,74.125.130.0-255,2902,88071,56,155921
15250,0.001431,172.31.46.0-255,66,88137,56,155921
15251,0.001459,74.125.130.0-255,5738,93875,56,155921
15252,0.001462,172.31.46.0-255,66,93941,56,155921
15253,0.001466,74.125.130.0-255,2902,96843,56,155921
15254,0.001468,172.31.46.0-255,66,96909,56,155921
15255,0.001473,74.125.130.0-255,4320,101229,56,155921
15256,0.001479,172.31.46.0-255,66,101295,56,155921
15257,0.00151,172.31.46.0-255,66,101361,56,155921
15258,0.001515,74.125.130.0-255,4320,105681,56,155921
15259,0.001517,172.31.46.0-255,66,105747,56,155921
15260,0.001563,74.125.130.0-255,3602,109349,56,155921
15261,0.001566,172.31.46.0-255,66,109415,56,155921
15262,0.001809,74.125.130.0-255,1484,110899,56,155921
15263,0.001816,74.125.130.0-255,2902,113801,56,155921
15264,0.001819,172.31.46.0-255,66,113867,56,155921
15265,0.001846,74.125.130.0-255,5738,119605,56,155921
15266,0.001848,172.31.46.0-255,66,119671,56,155921
15267,0.001879,172.31.46.0-255,66,119737,56,155921
15268,0.001884,74.125.130.0-255,2902,122639,56,155921
15269,0.001885,172.31.46.0-255,66,122705,56,155921
15270,0.001914,74.125.130.0-255,7156,129861,56,155921
15271,0.001916,172.31.46.0-255,66,129927,56,155921
15272,0.001921,74.125.130.0-255,5020,134947,56,155921
15273,0.001923,172.31.46.0-255,66,135013,56,155921
15274,0.002294,74.125.130.0-255,1484,136497,56,155921
15275,0.002311,74.125.130.0-255,1484,137981,56,155921
15276,0.002315,172.31.46.0-255,66,138047,56,155921
15277,0.004195,74.125.130.0-255,1484,139531,56,155921
15278,0.004212,74.125.130.0-255,1484,141015,56,155921
15279,0.004215,172.31.46.0-255,66,141081,56,155921
15280,0.004594,74.125.130.0-255,2902,143983,56,155921
15281,0.004597,172.31.46.0-255,66,144049,56,155921
15282,0.006491,74.125.130.0-255,2902,146951,56,155921
15283,0.006495,172.31.46.0-255,66,147017,56,155921
15284,0.006878,74.125.130.0-255,2902,149919,56,155921
15285,0.006884,172.31.46.0-255,66,149985,56,155921
15286,0.008785,74.125.130.0-255,2902,152887,56,155921
15287,0.008791,172.31.46.0-255,66,152953,56,155921
15288,0.00917,74.125.130.0-255,2902,155855,56,155921
15289,0.009176,172.31.46.0-255,66,155921,56,155921
15290,0.0,74.125.68.0-255,152,152,56,140837
15291,3.5e-05,172.31.46.0-255,66,218,56,140837
15292,4.2e-05,74.125.68.0-255,1484,1702,56,140837
15293,4.8e-05,172.31.46.0-255,66,1768,56,140837
15294,6e-05,74.125.68.0-255,2902,4670,56,140837
15295,6.4e-05,172.31.46.0-255,66,4736,56,140837
15296,6.7e-05,74.125.68.0-255,1484,6220,56,140837
15297,7e-05,172.31.46.0-255,66,6286,56,140837
15298,7.6e-05,74.125.68.0-255,2902,9188,56,140837
15299,7.9e-05,172.31.46.0-255,66,9254,56,140837
15300,0.000114,74.125.68.0-255,4962,14216,56,140837
15301,0.000121,172.31.46.0-255,66,14282,56,140837
15302,0.000143,74.125.68.0-255,5738,20020,56,140837
15303,0.000145,172.31.46.0-255,66,20086,56,140837
15304,0.000179,74.125.68.0-255,7156,27242,56,140837
15305,0.000182,172.31.46.0-255,66,27308,56,140837
15306,0.000187,74.125.68.0-255,3961,31269,56,140837
15307,0.000189,172.31.46.0-255,66,31335,56,140837
15308,0.000336,74.125.68.0-255,1484,32819,56,140837
15309,0.000341,172.31.46.0-255,66,32885,56,140837
15310,0.00036,74.125.68.0-255,2902,35787,56,140837
15311,0.000363,172.31.46.0-255,66,35853,56,140837
15312,0.000392,74.125.68.0-255,5738,41591,56,140837
15313,0.000395,172.31.46.0-255,66,41657,56,140837
15314,0.000399,74.125.68.0-255,2902,44559,56,140837
15315,0.000401,172.31.46.0-255,66,44625,56,140837
15316,0.000406,74.125.68.0-255,3961,48586,56,140837
15317,0.000413,172.31.46.0-255,66,48652,56,140837
15318,0.000454,172.31.46.0-255,66,48718,56,140837
15319,0.000458,74.125.68.0-255,2902,51620,56,140837
15320,0.00046,172.31.46.0-255,66,51686,56,140837
15321,0.000483,74.125.68.0-255,2902,54588,56,140837
15322,0.000485,172.31.46.0-255,66,54654,56,140837
15323,0.000506,74.125.68.0-255,1484,56138,56,140837
15324,0.000513,74.125.68.0-255,1402,57540,56,140837
15325,0.000515,172.31.46.0-255,66,57606,56,140837
15326,0.000518,74.125.68.0-255,131,57737,56,140837
15327,0.000609,74.125.68.0-255,344,58081,56,140837
15328,0.000975,74.125.68.0-255,1484,59565,56,140837
15329,0.00098,172.31.46.0-255,66,59631,56,140837
15330,0.000992,74.125.68.0-255,1484,61115,56,140837
15331,0.001018,74.125.68.0-255,2902,64017,56,140837
15332,0.001021,172.31.46.0-255,66,64083,56,140837
15333,0.001027,74.125.68.0-255,5738,69821,56,140837
15334,0.00103,172.31.46.0-255,66,69887,56,140837
15335,0.00107,172.31.46.0-255,66,69953,56,140837
15336,0.001119,172.31.46.0-255,66,70019,56,140837
15337,0.001136,74.125.68.0-255,2184,72203,56,140837
15338,0.001138,172.31.46.0-255,66,72269,56,140837
15339,0.00163,74.125.68.0-255,1484,73753,56,140837
15340,0.00165,74.125.68.0-255,2902,76655,56,140837
15341,0.001654,172.31.46.0-255,66,76721,56,140837
15342,0.001658,74.125.68.0-255,1484,78205,56,140837
15343,0.001662,74.125.68.0-255,1484,79689,56,140837
15344,0.001664,172.31.46.0-255,66,79755,56,140837
15345,0.001697,74.125.68.0-255,1484,81239,56,140837
15346,0.001704,74.125.68.0-255,5738,86977,56,140837
15347,0.001706,172.31.46.0-255,66,87043,56,140837
15348,0.001731,74.125.68.0-255,1484,88527,56,140837
15349,0.001748,74.125.68.0-255,2902,91429,56,140837
15350,0.00175,172.31.46.0-255,66,91495,56,140837
15351,0.001774,74.125.68.0-255,1484,92979,56,140837
15352,0.00181,74.125.68.0-255,2902,95881,56,140837
15353,0.001814,172.31.46.0-255,66,95947,56,140837
15354,0.001848,74.125.68.0-255,1484,97431,56,140837
15355,0.001854,74.125.68.0-255,2902,100333,56,140837
15356,0.001856,172.31.46.0-255,66,100399,56,140837
15357,0.001862,74.125.68.0-255,4320,104719,56,140837
15358,0.001864,172.31.46.0-255,66,104785,56,140837
15359,0.001893,74.125.68.0-255,1484,106269,56,140837
15360,0.001896,74.125.68.0-255,766,107035,56,140837
15361,0.001898,172.31.46.0-255,66,107101,56,140837
15362,0.002286,74.125.68.0-255,1484,108585,56,140837
15363,0.002336,74.125.68.0-255,1484,110069,56,140837
15364,0.002341,172.31.46.0-255,66,110135,56,140837
15365,0.002347,74.125.68.0-255,2902,113037,56,140837
15366,0.002349,172.31.46.0-255,66,113103,56,140837
15367,0.002353,74.125.68.0-255,1484,114587,56,140837
15368,0.002379,74.125.68.0-255,4320,118907,56,140837
15369,0.002381,172.31.46.0-255,66,118973,56,140837
15370,0.002387,74.125.68.0-255,4320,123293,56,140837
15371,0.00239,172.31.46.0-255,66,123359,56,140837
15372,0.004716,74.125.68.0-255,1484,124843,56,140837
15373,0.004738,74.125.68.0-255,4320,129163,56,140837
15374,0.004742,172.31.46.0-255,66,129229,56,140837
15375,0.007093,74.125.68.0-255,5738,134967,56,140837
15376,0.007099,172.31.46.0-255,66,135033,56,140837
15377,0.009457,74.125.68.0-255,5738,140771,56,140837
15378,0.009464,172.31.46.0-255,66,140837,56,140837
15379,0.0,52.88.59.0-255,97,97,56,260
15380,0.000131,172.31.46.0-255,97,194,56,260
15381,0.00014,172.31.46.0-255,66,260,56,260
15382,0.0,172.217.27.0-255,153,153,56,195777
15383,1.8e-05,172.31.46.0-255,66,219,56,195777
15384,2.5e-05,172.217.27.0-255,1484,1703,56,195777
15385,2.9e-05,172.31.46.0-255,66,1769,56,195777
15386,3.5e-05,172.217.27.0-255,2902,4671,56,195777
15387,3.8e-05,172.31.46.0-255,66,4737,56,195777
15388,4.1e-05,172.217.27.0-255,1484,6221,56,195777
15389,4.5e-05,172.31.46.0-255,66,6287,56,195777
15390,5.2e-05,172.217.27.0-255,5738,12025,56,195777
15391,5.5e-05,172.31.46.0-255,66,12091,56,195777
15392,9.7e-05,172.31.46.0-255,66,12157,56,195777
15393,0.000104,172.217.27.0-255,5379,17536,56,195777
15394,0.000106,172.31.46.0-255,66,17602,56,195777
15395,0.00018,172.217.27.0-255,1484,19086,56,195777
15396,0.000184,172.31.46.0-255,66,19152,56,195777
15397,0.000188,172.217.27.0-255,1484,20636,56,195777
15398,0.00019,172.31.46.0-255,66,20702,56,195777
15399,0.000201,172.217.27.0-255,1484,22186,56,195777
15400,0.000203,172.31.46.0-255,66,22252,56,195777
15401,0.000211,172.217.27.0-255,5738,27990,56,195777
15402,0.000213,172.31.46.0-255,66,28056,56,195777
15403,0.000251,172.31.46.0-255,66,28122,56,195777
15404,0.000256,172.217.27.0-255,4320,32442,56,195777
15405,0.000259,172.31.46.0-255,66,32508,56,195777
15406,0.000276,172.217.27.0-255,7156,39664,56,195777
15407,0.000279,172.31.46.0-255,66,39730,56,195777
15408,0.000282,172.217.27.0-255,1125,40855,56,195777
15409,0.000284,172.31.46.0-255,66,40921,56,195777
15410,0.000404,172.217.27.0-255,351,41272,56,195777
15411,0.000408,172.31.46.0-255,66,41338,56,195777
15412,0.000625,172.217.27.0-255,391,41729,56,195777
15413,0.00066,172.217.27.0-255,1484,43213,56,195777
15414,0.000664,172.31.46.0-255,66,43279,56,195777
15415,0.000671,172.217.27.0-255,4320,47599,56,195777
15416,0.000673,172.31.46.0-255,66,47665,56,195777
15417,0.000701,172.217.27.0-255,7156,54821,56,195777
15418,0.000705,172.31.46.0-255,66,54887,56,195777
15419,0.000723,172.217.27.0-255,2902,57789,56,195777
15420,0.000725,172.31.46.0-255,66,57855,56,195777
15421,0.000728,172.217.27.0-255,577,58432,56,195777
15422,0.000758,172.217.27.0-255,1484,59916,56,195777
15423,0.000761,172.31.46.0-255,66,59982,56,195777
15424,0.000766,172.217.27.0-255,2902,62884,56,195777
15425,0.000768,172.31.46.0-255,66,62950,56,195777
15426,0.000783,172.217.27.0-255,1484,64434,56,195777
15427,0.000786,172.217.27.0-255,1484,65918,56,195777
15428,0.000788,172.31.46.0-255,66,65984,56,195777
15429,0.000793,172.217.27.0-255,2902,68886,56,195777
15430,0.000795,172.31.46.0-255,66,68952,56,195777
15431,0.0008,172.217.27.0-255,4320,73272,56,195777
15432,0.000802,172.31.46.0-255,66,73338,56,195777
15433,0.000815,172.217.27.0-255,1484,74822,56,195777
15434,0.00083,172.217.27.0-255,1125,75947,56,195777
15435,0.000833,172.31.46.0-255,66,76013,56,195777
15436,0.001006,172.217.27.0-255,1484,77497,56,195777
15437,0.001012,172.217.27.0-255,2902,80399,56,195777
15438,0.001015,172.31.46.0-255,66,80465,56,195777
15439,0.001032,172.217.27.0-255,5738,86203,56,195777
15440,0.001035,172.31.46.0-255,66,86269,56,195777
15441,0.001038,172.217.27.0-255,1484,87753,56,195777
15442,0.001073,172.31.46.0-255,66,87819,56,195777
15443,0.001084,172.31.46.0-255,66,87885,56,195777
15444,0.001095,172.217.27.0-255,1484,89369,56,195777
15445,0.001101,172.217.27.0-255,3602,92971,56,195777
15446,0.001104,172.31.46.0-255,66,93037,56,195777
15447,0.001204,172.217.27.0-255,1484,94521,56,195777
15448,0.001222,172.217.27.0-255,2902,97423,56,195777
15449,0.001225,172.31.46.0-255,66,97489,56,195777
15450,0.001252,172.217.27.0-255,5738,103227,56,195777
15451,0.001255,172.31.46.0-255,66,103293,56,195777
15452,0.00126,172.217.27.0-255,4320,107613,56,195777
15453,0.001262,172.31.46.0-255,66,107679,56,195777
15454,0.001266,172.217.27.0-255,2902,110581,56,195777
15455,0.001268,172.31.46.0-255,66,110647,56,195777
15456,0.00129,172.217.27.0-255,2902,113549,56,195777
15457,0.001292,172.31.46.0-255,66,113615,56,195777
15458,0.001299,172.217.27.0-255,5738,119353,56,195777
15459,0.001301,172.31.46.0-255,66,119419,56,195777
15460,0.001321,172.217.27.0-255,5738,125157,56,195777
15461,0.001323,172.31.46.0-255,66,125223,56,195777
15462,0.001345,172.217.27.0-255,2184,127407,56,195777
15463,0.001348,172.31.46.0-255,66,127473,56,195777
15464,0.001368,172.217.27.0-255,2902,130375,56,195777
15465,0.00137,172.31.46.0-255,66,130441,56,195777
15466,0.001396,172.217.27.0-255,7156,137597,56,195777
15467,0.001399,172.31.46.0-255,66,137663,56,195777
15468,0.001411,172.31.46.0-255,66,137729,56,195777
15469,0.001414,172.217.27.0-255,1484,139213,56,195777
15470,0.001439,172.31.46.0-255,66,139279,56,195777
15471,0.001488,172.217.27.0-255,2184,141463,56,195777
15472,0.001491,172.31.46.0-255,66,141529,56,195777
15473,0.001504,172.217.27.0-255,1484,143013,56,195777
15474,0.001508,172.217.27.0-255,2902,145915,56,195777
15475,0.001511,172.31.46.0-255,66,145981,56,195777
15476,0.001538,172.217.27.0-255,5738,151719,56,195777
15477,0.001541,172.31.46.0-255,66,151785,56,195777
15478,0.001562,172.217.27.0-255,7156,158941,56,195777
15479,0.001565,172.31.46.0-255,66,159007,56,195777
15480,0.001591,172.217.27.0-255,5738,164745,56,195777
15481,0.001594,172.31.46.0-255,66,164811,56,195777
15482,0.001612,172.217.27.0-255,1484,166295,56,195777
15483,0.001646,172.31.46.0-255,66,166361,56,195777
15484,0.003276,172.217.27.0-255,5738,172099,56,195777
15485,0.003283,172.31.46.0-255,66,172165,56,195777
15486,0.004912,172.217.27.0-255,5738,177903,56,195777
15487,0.004918,172.31.46.0-255,66,177969,56,195777
15488,0.006543,172.217.27.0-255,2902,180871,56,195777
15489,0.006546,172.31.46.0-255,66,180937,56,195777
15490,0.006569,172.217.27.0-255,2902,183839,56,195777
15491,0.006571,172.31.46.0-255,66,183905,56,195777
15492,0.008167,172.217.27.0-255,2902,186807,56,195777
15493,0.008173,172.31.46.0-255,66,186873,56,195777
15494,0.008193,172.217.27.0-255,2902,189775,56,195777
15495,0.008195,172.31.46.0-255,66,189841,56,195777
15496,0.009805,172.217.27.0-255,2902,192743,56,195777
15497,0.009811,172.31.46.0-255,66,192809,56,195777
15498,0.009832,172.217.27.0-255,2902,195711,56,195777
15499,0.009835,172.31.46.0-255,66,195777,56,195777
15500,0.0,74.125.24.0-255,152,152,56,122119
15501,1.5e-05,172.31.46.0-255,66,218,56,122119
15502,5e-05,74.125.24.0-255,1484,1702,56,122119
15503,5.5e-05,172.31.46.0-255,66,1768,56,122119
15504,6.1e-05,74.125.24.0-255,2902,4670,56,122119
15505,6.4e-05,172.31.46.0-255,66,4736,56,122119
15506,7e-05,74.125.24.0-255,2902,7638,56,122119
15507,7.7e-05,172.31.46.0-255,66,7704,56,122119
15508,0.0001,74.125.24.0-255,2902,10606,56,122119
15509,0.000103,172.31.46.0-255,66,10672,56,122119
15510,0.00011,74.125.24.0-255,1484,12156,56,122119
15511,0.000112,172.31.46.0-255,66,12222,56,122119
15512,0.000144,74.125.24.0-255,2025,14247,56,122119
15513,0.000148,172.31.46.0-255,66,14313,56,122119
15514,0.000563,74.125.24.0-255,1484,15797,56,122119
15515,0.000569,172.31.46.0-255,66,15863,56,122119
15516,0.000577,74.125.24.0-255,2902,18765,56,122119
15517,0.00058,172.31.46.0-255,66,18831,56,122119
15518,0.000593,74.125.24.0-255,5738,24569,56,122119
15519,0.000595,172.31.46.0-255,66,24635,56,122119
15520,0.000627,74.125.24.0-255,5738,30373,56,122119
15521,0.000629,172.31.46.0-255,66,30439,56,122119
15522,0.000653,74.125.24.0-255,1125,31564,56,122119
15523,0.000656,172.31.46.0-255,66,31630,56,122119
15524,0.000664,74.125.24.0-255,7156,38786,56,122119
15525,0.000666,172.31.46.0-255,66,38852,56,122119
15526,0.000678,74.125.24.0-255,7156,46008,56,122119
15527,0.000681,172.31.46.0-255,66,46074,56,122119
15528,0.000709,74.125.24.0-255,1484,47558,56,122119
15529,0.000712,172.31.46.0-255,66,47624,56,122119
15530,0.000763,172.31.46.0-255,66,47690,56,122119
15531,0.000792,74.125.24.0-255,1484,49174,56,122119
15532,0.000796,74.125.24.0-255,766,49940,56,122119
15533,0.000798,172.31.46.0-255,66,50006,56,122119
15534,0.000801,74.125.24.0-255,360,50366,56,122119
15535,0.000804,74.125.24.0-255,134,50500,56,122119
15536,0.001859,74.125.24.0-255,1484,51984,56,122119
15537,0.001866,172.31.46.0-255,66,52050,56,122119
15538,0.001871,74.125.24.0-255,2902,54952,56,122119
15539,0.001873,172.31.46.0-255,66,55018,56,122119
15540,0.001877,74.125.24.0-255,2902,57920,56,122119
15541,0.00188,172.31.46.0-255,66,57986,56,122119
15542,0.00191,74.125.24.0-255,2902,60888,56,122119
15543,0.001913,172.31.46.0-255,66,60954,56,122119
15544,0.001938,172.31.46.0-255,66,61020,56,122119
15545,0.001951,74.125.24.0-255,1484,62504,56,122119
15546,0.001968,172.31.46.0-255,66,62570,56,122119
15547,0.00199,74.125.24.0-255,347,62917,56,122119
15548,0.002022,74.125.24.0-255,1484,64401,56,122119
15549,0.002025,172.31.46.0-255,66,64467,56,122119
15550,0.002028,74.125.24.0-255,1484,65951,56,122119
15551,0.002053,74.125.24.0-255,2902,68853,56,122119
15552,0.002056,172.31.46.0-255,66,68919,56,122119
15553,0.002061,74.125.24.0-255,4320,73239,56,122119
15554,0.002063,172.31.46.0-255,66,73305,56,122119
15555,0.002068,74.125.24.0-255,5738,79043,56,122119
15556,0.002075,172.31.46.0-255,66,79109,56,122119
15557,0.002081,74.125.24.0-255,5738,84847,56,122119
15558,0.002083,172.31.46.0-255,66,84913,56,122119
15559,0.002106,74.125.24.0-255,5738,90651,56,122119
15560,0.002109,172.31.46.0-255,66,90717,56,122119
15561,0.002119,74.125.24.0-255,6438,97155,56,122119
15562,0.002121,172.31.46.0-255,66,97221,56,122119
15563,0.002286,74.125.24.0-255,1484,98705,56,122119
15564,0.002307,74.125.24.0-255,2902,101607,56,122119
15565,0.002311,172.31.46.0-255,66,101673,56,122119
15566,0.002316,74.125.24.0-255,2902,104575,56,122119
15567,0.002318,172.31.46.0-255,66,104641,56,122119
15568,0.002334,74.125.24.0-255,1484,106125,56,122119
15569,0.00457,74.125.24.0-255,4320,110445,56,122119
15570,0.004577,172.31.46.0-255,66,110511,56,122119
15571,0.006842,74.125.24.0-255,5738,116249,56,122119
15572,0.00685,172.31.46.0-255,66,116315,56,122119
15573,0.009115,74.125.24.0-255,5738,122053,56,122119
15574,0.009124,172.31.46.0-255,66,122119,56,122119
15575,0.0,74.125.24.0-255,146,146,56,200992
15576,1.5e-05,172.31.46.0-255,66,212,56,200992
15577,2e-05,74.125.24.0-255,1484,1696,56,200992
15578,2.5e-05,172.31.46.0-255,66,1762,56,200992
15579,3.6e-05,74.125.24.0-255,2902,4664,56,200992
15580,3.9e-05,172.31.46.0-255,66,4730,56,200992
15581,4.5e-05,74.125.24.0-255,4320,9050,56,200992
15582,4.7e-05,172.31.46.0-255,66,9116,56,200992
15583,8e-05,172.31.46.0-255,66,9182,56,200992
15584,8.3e-05,74.125.24.0-255,1484,10666,56,200992
15585,8.5e-05,172.31.46.0-255,66,10732,56,200992
15586,0.000109,74.125.24.0-255,4320,15052,56,200992
15587,0.00011,172.31.46.0-255,66,15118,56,200992
15588,0.000121,74.125.24.0-255,6797,21915,56,200992
15589,0.000123,172.31.46.0-255,66,21981,56,200992
15590,0.000252,74.125.24.0-255,1484,23465,56,200992
15591,0.000256,172.31.46.0-255,66,23531,56,200992
15592,0.000261,74.125.24.0-255,2902,26433,56,200992
15593,0.000263,172.31.46.0-255,66,26499,56,200992
15594,0.000267,74.125.24.0-255,2902,29401,56,200992
15595,0.000273,172.31.46.0-255,66,29467,56,200992
15596,0.000305,74.125.24.0-255,2902,32369,56,200992
15597,0.000307,172.31.46.0-255,66,32435,56,200992
15598,0.000323,172.31.46.0-255,66,32501,56,200992
15599,0.000333,172.31.46.0-255,66,32567,56,200992
15600,0.000378,74.125.24.0-255,2184,34751,56,200992
15601,0.000381,172.31.46.0-255,66,34817,56,200992
15602,0.000383,74.125.24.0-255,678,35495,56,200992
15603,0.000385,172.31.46.0-255,66,35561,56,200992
15604,0.000416,74.125.24.0-255,1484,37045,56,200992
15605,0.000422,74.125.24.0-255,2902,39947,56,200992
15606,0.000424,172.31.46.0-255,66,40013,56,200992
15607,0.000447,74.125.24.0-255,1484,41497,56,200992
15608,0.000458,172.31.46.0-255,66,41563,56,200992
15609,0.000464,74.125.24.0-255,7156,48719,56,200992
15610,0.000466,172.31.46.0-255,66,48785,56,200992
15611,0.00051,172.31.46.0-255,66,48851,56,200992
15612,0.000532,74.125.24.0-255,1634,50485,56,200992
15613,0.000534,172.31.46.0-255,66,50551,56,200992
15614,0.000541,74.125.24.0-255,5738,56289,56,200992
15615,0.000543,172.31.46.0-255,66,56355,56,200992
15616,0.000569,74.125.24.0-255,5738,62093,56,200992
15617,0.000571,172.31.46.0-255,66,62159,56,200992
15618,0.000574,74.125.24.0-255,1484,63643,56,200992
15619,0.000595,74.125.24.0-255,4320,67963,56,200992
15620,0.000597,172.31.46.0-255,66,68029,56,200992
15621,0.000622,74.125.24.0-255,2902,70931,56,200992
15622,0.000625,172.31.46.0-255,66,70997,56,200992
15623,0.000678,74.125.24.0-255,1484,72481,56,200992
15624,0.000733,172.31.46.0-255,66,72547,56,200992
15625,0.000778,74.125.24.0-255,1484,74031,56,200992
15626,0.000783,74.125.24.0-255,2902,76933,56,200992
15627,0.000786,172.31.46.0-255,66,76999,56,200992
15628,0.000793,74.125.24.0-255,5738,82737,56,200992
15629,0.000795,172.31.46.0-255,66,82803,56,200992
15630,0.000813,172.31.46.0-255,66,82869,56,200992
15631,0.00082,74.125.24.0-255,4320,87189,56,200992
15632,0.000822,172.31.46.0-255,66,87255,56,200992
15633,0.000852,74.125.24.0-255,5738,92993,56,200992
15634,0.000855,172.31.46.0-255,66,93059,56,200992
15635,0.000861,74.125.24.0-255,766,93825,56,200992
15636,0.000865,74.125.24.0-255,1484,95309,56,200992
15637,0.000867,172.31.46.0-255,66,95375,56,200992
15638,0.000902,74.125.24.0-255,4320,99695,56,200992
15639,0.000905,172.31.46.0-255,66,99761,56,200992
15640,0.000916,172.31.46.0-255,66,99827,56,200992
15641,0.000928,74.125.24.0-255,7156,106983,56,200992
15642,0.000931,172.31.46.0-255,66,107049,56,200992
15643,0.000969,74.125.24.0-255,5738,112787,56,200992
15644,0.000972,172.31.46.0-255,66,112853,56,200992
15645,0.001,74.125.24.0-255,5020,117873,56,200992
15646,0.001003,172.31.46.0-255,66,117939,56,200992
15647,0.001019,172.31.46.0-255,66,118005,56,200992
15648,0.001025,74.125.24.0-255,5738,123743,56,200992
15649,0.001027,172.31.46.0-255,66,123809,56,200992
15650,0.001071,172.31.46.0-255,66,123875,56,200992
15651,0.001076,74.125.24.0-255,3602,127477,56,200992
15652,0.001078,172.31.46.0-255,66,127543,56,200992
15653,0.001113,74.125.24.0-255,4320,131863,56,200992
15654,0.001116,172.31.46.0-255,66,131929,56,200992
15655,0.001121,74.125.24.0-255,4320,136249,56,200992
15656,0.001123,172.31.46.0-255,66,136315,56,200992
15657,0.001196,172.31.46.0-255,66,136381,56,200992
15658,0.001213,172.31.46.0-255,66,136447,56,200992
15659,0.001298,74.125.24.0-255,1484,137931,56,200992
15660,0.001304,74.125.24.0-255,2902,140833,56,200992
15661,0.001325,74.125.24.0-255,5738,146571,56,200992
15662,0.001328,74.125.24.0-255,1484,148055,56,200992
15663,0.001365,74.125.24.0-255,4320,152375,56,200992
15664,0.00139,74.125.24.0-255,6438,158813,56,200992
15665,0.001428,74.125.24.0-255,1484,160297,56,200992
15666,0.001431,74.125.24.0-255,1484,161781,56,200992
15667,0.001443,74.125.24.0-255,1484,163265,56,200992
15668,0.001451,74.125.24.0-255,5738,169003,56,200992
15669,0.001455,74.125.24.0-255,1484,170487,56,200992
15670,0.001502,74.125.24.0-255,4320,174807,56,200992
15671,0.001535,74.125.24.0-255,7156,181963,56,200992
15672,0.001549,74.125.24.0-255,4320,186283,56,200992
15673,0.001574,74.125.24.0-255,4320,190603,56,200992
15674,0.001639,74.125.24.0-255,4320,194923,56,200992
15675,0.001694,74.125.24.0-255,3602,198525,56,200992
15676,0.001699,74.125.24.0-255,2191,200716,56,200992
15677,0.001703,74.125.24.0-255,105,200821,56,200992
15678,0.002513,172.31.46.0-255,66,200887,56,200992
15679,0.009919,172.31.46.0-255,105,200992,56,200992
15680,0.0,74.125.24.0-255,146,146,56,213079
15681,1.6e-05,172.31.46.0-255,66,212,56,213079
15682,2.2e-05,74.125.24.0-255,1484,1696,56,213079
15683,2.7e-05,172.31.46.0-255,66,1762,56,213079
15684,3.2e-05,74.125.24.0-255,2902,4664,56,213079
15685,3.5e-05,172.31.46.0-255,66,4730,56,213079
15686,4.3e-05,74.125.24.0-255,7156,11886,56,213079
15687,4.7e-05,172.31.46.0-255,66,11952,56,213079
15688,5e-05,74.125.24.0-255,1484,13436,56,213079
15689,5.2e-05,172.31.46.0-255,66,13502,56,213079
15690,7.8e-05,74.125.24.0-255,549,14051,56,213079
15691,8e-05,172.31.46.0-255,66,14117,56,213079
15692,0.00012,74.125.24.0-255,1484,15601,56,213079
15693,0.000122,172.31.46.0-255,66,15667,56,213079
15694,0.000138,74.125.24.0-255,4320,19987,56,213079
15695,0.000141,172.31.46.0-255,66,20053,56,213079
15696,0.000178,74.125.24.0-255,7156,27209,56,213079
15697,0.000181,172.31.46.0-255,66,27275,56,213079
15698,0.000199,74.125.24.0-255,3961,31236,56,213079
15699,0.000202,172.31.46.0-255,66,31302,56,213079
15700,0.000262,74.125.24.0-255,1484,32786,56,213079
15701,0.000266,172.31.46.0-255,66,32852,56,213079
15702,0.000271,74.125.24.0-255,2902,35754,56,213079
15703,0.000273,172.31.46.0-255,66,35820,56,213079
15704,0.00028,74.125.24.0-255,5738,41558,56,213079
15705,0.000282,172.31.46.0-255,66,41624,56,213079
15706,0.000287,74.125.24.0-255,2902,44526,56,213079
15707,0.000289,172.31.46.0-255,66,44592,56,213079
15708,0.000311,74.125.24.0-255,1484,46076,56,213079
15709,0.000313,172.31.46.0-255,66,46142,56,213079
15710,0.000317,74.125.24.0-255,2902,49044,56,213079
15711,0.00032,172.31.46.0-255,66,49110,56,213079
15712,0.000344,172.31.46.0-255,66,49176,56,213079
15713,0.000352,74.125.24.0-255,6797,55973,56,213079
15714,0.000354,172.31.46.0-255,66,56039,56,213079
15715,0.000691,74.125.24.0-255,648,56687,56,213079
15716,0.000902,74.125.24.0-255,1484,58171,56,213079
15717,0.000907,172.31.46.0-255,66,58237,56,213079
15718,0.000913,74.125.24.0-255,2902,61139,56,213079
15719,0.000916,172.31.46.0-255,66,61205,56,213079
15720,0.000935,74.125.24.0-255,5738,66943,56,213079
15721,0.000937,172.31.46.0-255,66,67009,56,213079
15722,0.000966,172.31.46.0-255,66,67075,56,213079
15723,0.001007,172.31.46.0-255,66,67141,56,213079
15724,0.001026,74.125.24.0-255,766,67907,56,213079
15725,0.001283,74.125.24.0-255,1484,69391,56,213079
15726,0.001287,172.31.46.0-255,66,69457,56,213079
15727,0.00129,74.125.24.0-255,1484,70941,56,213079
15728,0.001309,74.125.24.0-255,1484,72425,56,213079
15729,0.001311,172.31.46.0-255,66,72491,56,213079
15730,0.001317,74.125.24.0-255,5738,78229,56,213079
15731,0.001319,172.31.46.0-255,66,78295,56,213079
15732,0.001323,74.125.24.0-255,2902,81197,56,213079
15733,0.001324,172.31.46.0-255,66,81263,56,213079
15734,0.001353,172.31.46.0-255,66,81329,56,213079
15735,0.001364,172.31.46.0-255,66,81395,56,213079
15736,0.001386,74.125.24.0-255,766,82161,56,213079
15737,0.001623,74.125.24.0-255,1484,83645,56,213079
15738,0.001628,172.31.46.0-255,66,83711,56,213079
15739,0.001634,74.125.24.0-255,2902,86613,56,213079
15740,0.001636,172.31.46.0-255,66,86679,56,213079
15741,0.00164,74.125.24.0-255,2902,89581,56,213079
15742,0.001642,172.31.46.0-255,66,89647,56,213079
15743,0.001671,74.125.24.0-255,2902,92549,56,213079
15744,0.001673,172.31.46.0-255,66,92615,56,213079
15745,0.001678,74.125.24.0-255,4320,96935,56,213079
15746,0.00168,172.31.46.0-255,66,97001,56,213079
15747,0.001691,172.31.46.0-255,66,97067,56,213079
15748,0.00172,172.31.46.0-255,66,97133,56,213079
15749,0.001764,74.125.24.0-255,7156,104289,56,213079
15750,0.001768,172.31.46.0-255,66,104355,56,213079
15751,0.001785,74.125.24.0-255,1484,105839,56,213079
15752,0.001797,172.31.46.0-255,66,105905,56,213079
15753,0.001821,74.125.24.0-255,2902,108807,56,213079
15754,0.001824,172.31.46.0-255,66,108873,56,213079
15755,0.001856,172.31.46.0-255,66,108939,56,213079
15756,0.001887,74.125.24.0-255,1484,110423,56,213079
15757,0.001901,74.125.24.0-255,7156,117579,56,213079
15758,0.001904,172.31.46.0-255,66,117645,56,213079
15759,0.001915,172.31.46.0-255,66,117711,56,213079
15760,0.001924,172.31.46.0-255,66,117777,56,213079
15761,0.001948,74.125.24.0-255,6438,124215,56,213079
15762,0.00195,172.31.46.0-255,66,124281,56,213079
15763,0.001995,74.125.24.0-255,1484,125765,56,213079
15764,0.002011,74.125.24.0-255,2902,128667,56,213079
15765,0.002014,172.31.46.0-255,66,128733,56,213079
15766,0.002017,74.125.24.0-255,1484,130217,56,213079
15767,0.002029,74.125.24.0-255,2902,133119,56,213079
15768,0.002031,172.31.46.0-255,66,133185,56,213079
15769,0.002055,74.125.24.0-255,1484,134669,56,213079
15770,0.002073,172.31.46.0-255,66,134735,56,213079
15771,0.002079,74.125.24.0-255,7156,141891,56,213079
15772,0.002081,172.31.46.0-255,66,141957,56,213079
15773,0.00212,74.125.24.0-255,3602,145559,56,213079
15774,0.002123,172.31.46.0-255,66,145625,56,213079
15775,0.002143,74.125.24.0-255,4320,149945,56,213079
15776,0.002145,172.31.46.0-255,66,150011,56,213079
15777,0.002172,172.31.46.0-255,66,150077,56,213079
15778,0.002178,74.125.24.0-255,5738,155815,56,213079
15779,0.00218,172.31.46.0-255,66,155881,56,213079
15780,0.002215,74.125.24.0-255,1484,157365,56,213079
15781,0.00224,172.31.46.0-255,66,157431,56,213079
15782,0.002328,74.125.24.0-255,1484,158915,56,213079
15783,0.002333,74.125.24.0-255,2902,161817,56,213079
15784,0.002336,172.31.46.0-255,66,161883,56,213079
15785,0.002342,74.125.24.0-255,5738,167621,56,213079
15786,0.002344,172.31.46.0-255,66,167687,56,213079
15787,0.002381,172.31.46.0-255,66,167753,56,213079
15788,0.002398,74.125.24.0-255,5738,173491,56,213079
15789,0.002401,172.31.46.0-255,66,173557,56,213079
15790,0.002416,74.125.24.0-255,5020,178577,56,213079
15791,0.002419,172.31.46.0-255,66,178643,56,213079
15792,0.002445,74.125.24.0-255,1484,180127,56,213079
15793,0.002448,74.125.24.0-255,1484,181611,56,213079
15794,0.00245,172.31.46.0-255,66,181677,56,213079
15795,0.002467,74.125.24.0-255,1484,183161,56,213079
15796,0.002486,74.125.24.0-255,5738,188899,56,213079
15797,0.002488,172.31.46.0-255,66,188965,56,213079
15798,0.002512,74.125.24.0-255,7156,196121,56,213079
15799,0.002514,172.31.46.0-255,66,196187,56,213079
15800,0.002527,74.125.24.0-255,2902,199089,56,213079
15801,0.002529,172.31.46.0-255,66,199155,56,213079
15802,0.002561,172.31.46.0-255,66,199221,56,213079
15803,0.002572,74.125.24.0-255,2184,201405,56,213079
15804,0.002574,172.31.46.0-255,66,201471,56,213079
15805,0.005105,74.125.24.0-255,5738,207209,56,213079
15806,0.005112,172.31.46.0-255,66,207275,56,213079
15807,0.007677,74.125.24.0-255,5738,213013,56,213079
15808,0.007683,172.31.46.0-255,66,213079,56,213079
15809,0.0,172.217.194.0-255,153,153,56,91058
15810,2.1e-05,172.31.46.0-255,66,219,56,91058
15811,2.8e-05,172.217.194.0-255,1484,1703,56,91058
15812,3.3e-05,172.31.46.0-255,66,1769,56,91058
15813,3.9e-05,172.217.194.0-255,2902,4671,56,91058
15814,4.2e-05,172.31.46.0-255,66,4737,56,91058
15815,5e-05,172.217.194.0-255,7156,11893,56,91058
15816,5.3e-05,172.31.46.0-255,66,11959,56,91058
15817,5.7e-05,172.217.194.0-255,2093,14052,56,91058
15818,6.1e-05,172.31.46.0-255,66,14118,56,91058
15819,0.000109,172.31.46.0-255,66,14184,56,91058
15820,0.000115,172.217.194.0-255,5379,19563,56,91058
15821,0.000119,172.31.46.0-255,66,19629,56,91058
15822,0.000239,172.217.194.0-255,1484,21113,56,91058
15823,0.000243,172.31.46.0-255,66,21179,56,91058
15824,0.000248,172.217.194.0-255,2902,24081,56,91058
15825,0.000251,172.31.46.0-255,66,24147,56,91058
15826,0.000295,172.217.194.0-255,5738,29885,56,91058
15827,0.000298,172.31.46.0-255,66,29951,56,91058
15828,0.000303,172.217.194.0-255,4320,34271,56,91058
15829,0.000306,172.31.46.0-255,66,34337,56,91058
15830,0.000343,172.31.46.0-255,66,34403,56,91058
15831,0.000354,172.31.46.0-255,66,34469,56,91058
15832,0.0004,172.217.194.0-255,1430,35899,56,91058
15833,0.000403,172.31.46.0-255,66,35965,56,91058
15834,0.001016,172.217.194.0-255,383,36348,56,91058
15835,0.001022,172.31.46.0-255,66,36414,56,91058
15836,0.00129,172.217.194.0-255,1484,37898,56,91058
15837,0.001296,172.31.46.0-255,66,37964,56,91058
15838,0.001305,172.217.194.0-255,2902,40866,56,91058
15839,0.001308,172.31.46.0-255,66,40932,56,91058
15840,0.001314,172.217.194.0-255,4320,45252,56,91058
15841,0.001317,172.31.46.0-255,66,45318,56,91058
15842,0.001336,172.217.194.0-255,1484,46802,56,91058
15843,0.001352,172.31.46.0-255,66,46868,56,91058
15844,0.001365,172.31.46.0-255,66,46934,56,91058
15845,0.001535,172.217.194.0-255,1484,48418,56,91058
15846,0.001542,172.217.194.0-255,2902,51320,56,91058
15847,0.001546,172.31.46.0-255,66,51386,56,91058
15848,0.001553,172.217.194.0-255,5738,57124,56,91058
15849,0.001555,172.31.46.0-255,66,57190,56,91058
15850,0.001596,172.31.46.0-255,66,57256,56,91058
15851,0.001609,172.31.46.0-255,66,57322,56,91058
15852,0.001997,172.217.194.0-255,1484,58806,56,91058
15853,0.002007,172.217.194.0-255,2902,61708,56,91058
15854,0.002012,172.31.46.0-255,66,61774,56,91058
15855,0.00202,172.217.194.0-255,5738,67512,56,91058
15856,0.002022,172.31.46.0-255,66,67578,56,91058
15857,0.002053,172.31.46.0-255,66,67644,56,91058
15858,0.00207,172.217.194.0-255,2902,70546,56,91058
15859,0.002072,172.31.46.0-255,66,70612,56,91058
15860,0.002097,172.217.194.0-255,2902,73514,56,91058
15861,0.002099,172.31.46.0-255,66,73580,56,91058
15862,0.002129,172.31.46.0-255,66,73646,56,91058
15863,0.004485,172.217.194.0-255,5738,79384,56,91058
15864,0.004489,172.31.46.0-255,66,79450,56,91058
15865,0.006828,172.217.194.0-255,5738,85188,56,91058
15866,0.006835,172.31.46.0-255,66,85254,56,91058
15867,0.009169,172.217.194.0-255,5738,90992,56,91058
15868,0.009175,172.31.46.0-255,66,91058,56,91058
15869,0.0,74.125.200.0-255,144,144,56,121995
15870,1.5e-05,172.31.46.0-255,66,210,56,121995
15871,2.1e-05,74.125.200.0-255,1484,1694,56,121995
15872,2.7e-05,172.31.46.0-255,66,1760,56,121995
15873,3.9e-05,74.125.200.0-255,2902,4662,56,121995
15874,4.3e-05,172.31.46.0-255,66,4728,56,121995
15875,8.3e-05,74.125.200.0-255,7156,11884,56,121995
15876,8.7e-05,172.31.46.0-255,66,11950,56,121995
15877,9e-05,74.125.200.0-255,1484,13434,56,121995
15878,9.2e-05,172.31.46.0-255,66,13500,56,121995
15879,9.5e-05,74.125.200.0-255,655,14155,56,121995
15880,9.8e-05,172.31.46.0-255,66,14221,56,121995
15881,0.000179,74.125.200.0-255,1484,15705,56,121995
15882,0.000183,172.31.46.0-255,66,15771,56,121995
15883,0.000187,74.125.200.0-255,1484,17255,56,121995
15884,0.000189,172.31.46.0-255,66,17321,56,121995
15885,0.000209,74.125.200.0-255,1484,18805,56,121995
15886,0.000212,172.31.46.0-255,66,18871,56,121995
15887,0.000217,74.125.200.0-255,2902,21773,56,121995
15888,0.000219,172.31.46.0-255,66,21839,56,121995
15889,0.000224,74.125.200.0-255,4320,26159,56,121995
15890,0.000227,172.31.46.0-255,66,26225,56,121995
15891,0.000266,74.125.200.0-255,5738,31963,56,121995
15892,0.00027,172.31.46.0-255,66,32029,56,121995
15893,0.00031,74.125.200.0-255,2543,34572,56,121995
15894,0.000313,172.31.46.0-255,66,34638,56,121995
15895,0.000325,172.31.46.0-255,66,34704,56,121995
15896,0.000335,74.125.200.0-255,5379,40083,56,121995
15897,0.000338,172.31.46.0-255,66,40149,56,121995
15898,0.000569,74.125.200.0-255,1484,41633,56,121995
15899,0.000574,172.31.46.0-255,66,41699,56,121995
15900,0.00058,74.125.200.0-255,2902,44601,56,121995
15901,0.000582,172.31.46.0-255,66,44667,56,121995
15902,0.00062,74.125.200.0-255,5738,50405,56,121995
15903,0.000623,172.31.46.0-255,66,50471,56,121995
15904,0.000628,74.125.200.0-255,2902,53373,56,121995
15905,0.00063,172.31.46.0-255,66,53439,56,121995
15906,0.000641,74.125.200.0-255,3961,57400,56,121995
15907,0.000643,172.31.46.0-255,66,57466,56,121995
15908,0.000646,74.125.200.0-255,414,57880,56,121995
15909,0.000688,74.125.200.0-255,329,58209,56,121995
15910,0.000923,74.125.200.0-255,1484,59693,56,121995
15911,0.000927,172.31.46.0-255,66,59759,56,121995
15912,0.000932,74.125.200.0-255,2902,62661,56,121995
15913,0.000934,172.31.46.0-255,66,62727,56,121995
15914,0.000971,74.125.200.0-255,5738,68465,56,121995
15915,0.000974,172.31.46.0-255,66,68531,56,121995
15916,0.00098,74.125.200.0-255,4320,72851,56,121995
15917,0.000982,172.31.46.0-255,66,72917,56,121995
15918,0.000989,74.125.200.0-255,5738,78655,56,121995
15919,0.000991,172.31.46.0-255,66,78721,56,121995
15920,0.001033,172.31.46.0-255,66,78787,56,121995
15921,0.001037,74.125.200.0-255,2184,80971,56,121995
15922,0.001039,172.31.46.0-255,66,81037,56,121995
15923,0.001388,74.125.200.0-255,1484,82521,56,121995
15924,0.001393,74.125.200.0-255,1484,84005,56,121995
15925,0.001396,172.31.46.0-255,66,84071,56,121995
15926,0.001429,74.125.200.0-255,1484,85555,56,121995
15927,0.001437,74.125.200.0-255,5738,91293,56,121995
15928,0.001439,172.31.46.0-255,66,91359,56,121995
15929,0.001444,74.125.200.0-255,2902,94261,56,121995
15930,0.001446,172.31.46.0-255,66,94327,56,121995
15931,0.001451,74.125.200.0-255,4320,98647,56,121995
15932,0.001453,172.31.46.0-255,66,98713,56,121995
15933,0.001488,74.125.200.0-255,5738,104451,56,121995
15934,0.001491,172.31.46.0-255,66,104517,56,121995
15935,0.001503,172.31.46.0-255,66,104583,56,121995
15936,0.003751,74.125.200.0-255,5738,110321,56,121995
15937,0.003758,172.31.46.0-255,66,110387,56,121995
15938,0.005992,74.125.200.0-255,5738,116125,56,121995
15939,0.005997,172.31.46.0-255,66,116191,56,121995
15940,0.008234,74.125.200.0-255,5738,121929,56,121995
15941,0.00824,172.31.46.0-255,66,121995,56,121995
15942,0.0,74.125.68.0-255,146,146,56,339726
15943,2.3e-05,172.31.46.0-255,66,212,56,339726
15944,3e-05,74.125.68.0-255,1484,1696,56,339726
15945,3.5e-05,172.31.46.0-255,66,1762,56,339726
15946,4.1e-05,74.125.68.0-255,2902,4664,56,339726
15947,4.4e-05,172.31.46.0-255,66,4730,56,339726
15948,5.1e-05,74.125.68.0-255,5738,10468,56,339726
15949,5.4e-05,172.31.46.0-255,66,10534,56,339726
15950,9.9e-05,74.125.68.0-255,6295,16829,56,339726
15951,0.000103,172.31.46.0-255,66,16895,56,339726
15952,0.000106,74.125.68.0-255,1484,18379,56,339726
15953,0.000108,172.31.46.0-255,66,18445,56,339726
15954,0.000126,74.125.68.0-255,5738,24183,56,339726
15955,0.000129,172.31.46.0-255,66,24249,56,339726
15956,0.000134,74.125.68.0-255,2902,27151,56,339726
15957,0.000136,172.31.46.0-255,66,27217,56,339726
15958,0.000154,74.125.68.0-255,3961,31178,56,339726
15959,0.000157,172.31.46.0-255,66,31244,56,339726
15960,0.000239,74.125.68.0-255,1484,32728,56,339726
15961,0.000241,172.31.46.0-255,66,32794,56,339726
15962,0.000246,74.125.68.0-255,2902,35696,56,339726
15963,0.000247,172.31.46.0-255,66,35762,56,339726
15964,0.000266,74.125.68.0-255,2902,38664,56,339726
15965,0.000269,172.31.46.0-255,66,38730,56,339726
15966,0.000288,74.125.68.0-255,2902,41632,56,339726
15967,0.00029,172.31.46.0-255,66,41698,56,339726
15968,0.000312,74.125.68.0-255,7156,48854,56,339726
15969,0.000315,172.31.46.0-255,66,48920,56,339726
15970,0.000334,74.125.68.0-255,4320,53240,56,339726
15971,0.000336,172.31.46.0-255,66,53306,56,339726
15972,0.000362,74.125.68.0-255,7156,60462,56,339726
15973,0.000364,172.31.46.0-255,66,60528,56,339726
15974,0.000376,74.125.68.0-255,1484,62012,56,339726
15975,0.000395,74.125.68.0-255,3602,65614,56,339726
15976,0.000398,172.31.46.0-255,66,65680,56,339726
15977,0.000448,74.125.68.0-255,362,66042,56,339726
15978,0.00047,74.125.68.0-255,380,66422,56,339726
15979,0.000714,74.125.68.0-255,1484,67906,56,339726
15980,0.000716,172.31.46.0-255,66,67972,56,339726
15981,0.000731,74.125.68.0-255,1484,69456,56,339726
15982,0.000734,74.125.68.0-255,1484,70940,56,339726
15983,0.000736,172.31.46.0-255,66,71006,56,339726
15984,0.000748,74.125.68.0-255,1484,72490,56,339726
15985,0.000766,74.125.68.0-255,5738,78228,56,339726
15986,0.000769,172.31.46.0-255,66,78294,56,339726
15987,0.000784,74.125.68.0-255,1484,79778,56,339726
15988,0.000801,74.125.68.0-255,2902,82680,56,339726
15989,0.000803,172.31.46.0-255,66,82746,56,339726
15990,0.00082,74.125.68.0-255,1484,84230,56,339726
15991,0.000834,74.125.68.0-255,4320,88550,56,339726
15992,0.000836,172.31.46.0-255,66,88616,56,339726
15993,0.000852,74.125.68.0-255,1484,90100,56,339726
15994,0.000865,74.125.68.0-255,2902,93002,56,339726
15995,0.000868,172.31.46.0-255,66,93068,56,339726
15996,0.00089,74.125.68.0-255,4320,97388,56,339726
15997,0.000892,172.31.46.0-255,66,97454,56,339726
15998,0.00093,74.125.68.0-255,3602,101056,56,339726
15999,0.000932,172.31.46.0-255,66,101122,56,339726
16000,0.001075,74.125.68.0-255,1484,102606,56,339726
16001,0.001093,74.125.68.0-255,2902,105508,56,339726
16002,0.001095,172.31.46.0-255,66,105574,56,339726
16003,0.001101,74.125.68.0-255,4320,109894,56,339726
16004,0.001103,172.31.46.0-255,66,109960,56,339726
16005,0.001118,74.125.68.0-255,1484,111444,56,339726
16006,0.001135,74.125.68.0-255,5738,117182,56,339726
16007,0.001137,172.31.46.0-255,66,117248,56,339726
16008,0.001159,74.125.68.0-255,7156,124404,56,339726
16009,0.001161,172.31.46.0-255,66,124470,56,339726
16010,0.001164,74.125.68.0-255,1484,125954,56,339726
16011,0.001168,74.125.68.0-255,2902,128856,56,339726
16012,0.001171,172.31.46.0-255,66,128922,56,339726
16013,0.001195,74.125.68.0-255,1484,130406,56,339726
16014,0.0012,74.125.68.0-255,2902,133308,56,339726
16015,0.001202,172.31.46.0-255,66,133374,56,339726
16016,0.001263,74.125.68.0-255,2184,135558,56,339726
16017,0.001265,172.31.46.0-255,66,135624,56,339726
16018,0.001298,74.125.68.0-255,1484,137108,56,339726
16019,0.001334,74.125.68.0-255,2902,140010,56,339726
16020,0.001337,172.31.46.0-255,66,140076,56,339726
16021,0.001359,74.125.68.0-255,4320,144396,56,339726
16022,0.001361,172.31.46.0-255,66,144462,56,339726
16023,0.001364,74.125.68.0-255,1484,145946,56,339726
16024,0.001384,74.125.68.0-255,4320,150266,56,339726
16025,0.001387,172.31.46.0-255,66,150332,56,339726
16026,0.001391,74.125.68.0-255,2902,153234,56,339726
16027,0.001393,172.31.46.0-255,66,153300,56,339726
16028,0.001414,74.125.68.0-255,7156,160456,56,339726
16029,0.001416,172.31.46.0-255,66,160522,56,339726
16030,0.001456,74.125.68.0-255,4320,164842,56,339726
16031,0.001459,172.31.46.0-255,66,164908,56,339726
16032,0.001481,74.125.68.0-255,5020,169928,56,339726
16033,0.001484,172.31.46.0-255,66,169994,56,339726
16034,0.001545,74.125.68.0-255,1484,171478,56,339726
16035,0.001561,74.125.68.0-255,2902,174380,56,339726
16036,0.001563,172.31.46.0-255,66,174446,56,339726
16037,0.001584,74.125.68.0-255,4320,178766,56,339726
16038,0.001587,172.31.46.0-255,66,178832,56,339726
16039,0.001599,74.125.68.0-255,1484,180316,56,339726
16040,0.001604,74.125.68.0-255,2902,183218,56,339726
16041,0.001606,172.31.46.0-255,66,183284,56,339726
16042,0.001636,74.125.68.0-255,7156,190440,56,339726
16043,0.001638,172.31.46.0-255,66,190506,56,339726
16044,0.001652,172.31.46.0-255,66,190572,56,339726
16045,0.001656,74.125.68.0-255,2184,192756,56,339726
16046,0.001659,172.31.46.0-255,66,192822,56,339726
16047,0.00173,74.125.68.0-255,1484,194306,56,339726
16048,0.001746,74.125.68.0-255,2902,197208,56,339726
16049,0.001749,172.31.46.0-255,66,197274,56,339726
16050,0.001769,74.125.68.0-255,4320,201594,56,339726
16051,0.001771,172.31.46.0-255,66,201660,56,339726
16052,0.001774,74.125.68.0-255,1484,203144,56,339726
16053,0.001797,74.125.68.0-255,7156,210300,56,339726
16054,0.001799,172.31.46.0-255,66,210366,56,339726
16055,0.001822,74.125.68.0-255,5738,216104,56,339726
16056,0.001824,172.31.46.0-255,66,216170,56,339726
16057,0.001832,74.125.68.0-255,7156,223326,56,339726
16058,0.001834,172.31.46.0-255,66,223392,56,339726
16059,0.001862,74.125.68.0-255,6438,229830,56,339726
16060,0.001865,172.31.46.0-255,66,229896,56,339726
16061,0.00189,74.125.68.0-255,7156,237052,56,339726
16062,0.001892,172.31.46.0-255,66,237118,56,339726
16063,0.001896,74.125.68.0-255,1484,238602,56,339726
16064,0.00192,74.125.68.0-255,5738,244340,56,339726
16065,0.001922,172.31.46.0-255,66,244406,56,339726
16066,0.001941,74.125.68.0-255,4320,248726,56,339726
16067,0.001944,172.31.46.0-255,66,248792,56,339726
16068,0.001967,74.125.68.0-255,4320,253112,56,339726
16069,0.001969,172.31.46.0-255,66,253178,56,339726
16070,0.001972,74.125.68.0-255,1484,254662,56,339726
16071,0.001975,74.125.68.0-255,1484,256146,56,339726
16072,0.001977,172.31.46.0-255,66,256212,56,339726
16073,0.001989,74.125.68.0-255,1484,257696,56,339726
16074,0.002009,74.125.68.0-255,3602,261298,56,339726
16075,0.002013,172.31.46.0-255,66,261364,56,339726
16076,0.00203,74.125.68.0-255,1484,262848,56,339726
16077,0.002047,74.125.68.0-255,2902,265750,56,339726
16078,0.00205,172.31.46.0-255,66,265816,56,339726
16079,0.002053,74.125.68.0-255,1484,267300,56,339726
16080,0.002067,74.125.68.0-255,2902,270202,56,339726
16081,0.002069,172.31.46.0-255,66,270268,56,339726
16082,0.002097,74.125.68.0-255,5738,276006,56,339726
16083,0.0021,172.31.46.0-255,66,276072,56,339726
16084,0.002118,74.125.68.0-255,4320,280392,56,339726
16085,0.002121,172.31.46.0-255,66,280458,56,339726
16086,0.002127,74.125.68.0-255,4320,284778,56,339726
16087,0.002129,172.31.46.0-255,66,284844,56,339726
16088,0.002145,74.125.68.0-255,1484,286328,56,339726
16089,0.002159,74.125.68.0-255,2902,289230,56,339726
16090,0.002162,172.31.46.0-255,66,289296,56,339726
16091,0.002184,74.125.68.0-255,6438,295734,56,339726
16092,0.002187,172.31.46.0-255,66,295800,56,339726
16093,0.00219,74.125.68.0-255,1484,297284,56,339726
16094,0.002207,74.125.68.0-255,4320,301604,56,339726
16095,0.00221,172.31.46.0-255,66,301670,56,339726
16096,0.002234,74.125.68.0-255,4320,305990,56,339726
16097,0.002237,172.31.46.0-255,66,306056,56,339726
16098,0.002243,74.125.68.0-255,5738,311794,56,339726
16099,0.002245,172.31.46.0-255,66,311860,56,339726
16100,0.002253,74.125.68.0-255,7156,319016,56,339726
16101,0.002255,172.31.46.0-255,66,319082,56,339726
16102,0.00226,74.125.68.0-255,2902,321984,56,339726
16103,0.002262,172.31.46.0-255,66,322050,56,339726
16104,0.0023,172.31.46.0-255,66,322116,56,339726
16105,0.002327,172.31.46.0-255,66,322182,56,339726
16106,0.004594,74.125.68.0-255,5738,327920,56,339726
16107,0.0046,172.31.46.0-255,66,327986,56,339726
16108,0.006876,74.125.68.0-255,5738,333724,56,339726
16109,0.006883,172.31.46.0-255,66,333790,56,339726
16110,0.009151,74.125.68.0-255,2902,336692,56,339726
16111,0.009155,172.31.46.0-255,66,336758,56,339726
16112,0.009173,74.125.68.0-255,2902,339660,56,339726
16113,0.009175,172.31.46.0-255,66,339726,56,339726
16114,0.0,172.217.194.0-255,146,146,56,135534
16115,1.8e-05,172.31.46.0-255,66,212,56,135534
16116,3.2e-05,172.217.194.0-255,1484,1696,56,135534
16117,3.8e-05,172.31.46.0-255,66,1762,56,135534
16118,4.3e-05,172.217.194.0-255,2902,4664,56,135534
16119,4.6e-05,172.31.46.0-255,66,4730,56,135534
16120,5.4e-05,172.217.194.0-255,7156,11886,56,135534
16121,5.7e-05,172.31.46.0-255,66,11952,56,135534
16122,6.1e-05,172.217.194.0-255,2055,14007,56,135534
16123,6.3e-05,172.31.46.0-255,66,14073,56,135534
16124,8e-05,172.217.194.0-255,1484,15557,56,135534
16125,8.2e-05,172.31.46.0-255,66,15623,56,135534
16126,0.000117,172.31.46.0-255,66,15689,56,135534
16127,0.000122,172.217.194.0-255,5379,21068,56,135534
16128,0.000125,172.31.46.0-255,66,21134,56,135534
16129,0.000201,172.217.194.0-255,1484,22618,56,135534
16130,0.000204,172.31.46.0-255,66,22684,56,135534
16131,0.000209,172.217.194.0-255,2902,25586,56,135534
16132,0.000211,172.31.46.0-255,66,25652,56,135534
16133,0.000213,172.217.194.0-255,1484,27136,56,135534
16134,0.000215,172.31.46.0-255,66,27202,56,135534
16135,0.000242,172.217.194.0-255,5738,32940,56,135534
16136,0.000245,172.31.46.0-255,66,33006,56,135534
16137,0.000249,172.217.194.0-255,2902,35908,56,135534
16138,0.000251,172.31.46.0-255,66,35974,56,135534
16139,0.000272,172.31.46.0-255,66,36040,56,135534
16140,0.000295,172.31.46.0-255,66,36106,56,135534
16141,0.000438,172.217.194.0-255,379,36485,56,135534
16142,0.000442,172.31.46.0-255,66,36551,56,135534
16143,0.000508,172.217.194.0-255,365,36916,56,135534
16144,0.000512,172.31.46.0-255,66,36982,56,135534
16145,0.000937,172.217.194.0-255,1484,38466,56,135534
16146,0.000942,172.31.46.0-255,66,38532,56,135534
16147,0.000948,172.217.194.0-255,2902,41434,56,135534
16148,0.000949,172.31.46.0-255,66,41500,56,135534
16149,0.000952,172.217.194.0-255,1484,42984,56,135534
16150,0.000953,172.31.46.0-255,66,43050,56,135534
16151,0.00098,172.217.194.0-255,4320,47370,56,135534
16152,0.000994,172.31.46.0-255,66,47436,56,135534
16153,0.001003,172.217.194.0-255,4320,51756,56,135534
16154,0.001011,172.31.46.0-255,66,51822,56,135534
16155,0.001029,172.217.194.0-255,7156,58978,56,135534
16156,0.001043,172.217.194.0-255,3602,62580,56,135534
16157,0.001047,172.31.46.0-255,66,62646,56,135534
16158,0.001487,172.217.194.0-255,1484,64130,56,135534
16159,0.001491,172.31.46.0-255,66,64196,56,135534
16160,0.001512,172.217.194.0-255,2902,67098,56,135534
16161,0.001514,172.31.46.0-255,66,67164,56,135534
16162,0.00152,172.217.194.0-255,5738,72902,56,135534
16163,0.001522,172.31.46.0-255,66,72968,56,135534
16164,0.001524,172.217.194.0-255,1484,74452,56,135534
16165,0.001526,172.31.46.0-255,66,74518,56,135534
16166,0.001571,172.217.194.0-255,2902,77420,56,135534
16167,0.001583,172.31.46.0-255,66,77486,56,135534
16168,0.001588,172.217.194.0-255,4320,81806,56,135534
16169,0.001592,172.31.46.0-255,66,81872,56,135534
16170,0.001599,172.217.194.0-255,1484,83356,56,135534
16171,0.001611,172.217.194.0-255,2184,85540,56,135534
16172,0.00163,172.31.46.0-255,66,85606,56,135534
16173,0.001704,172.217.194.0-255,1484,87090,56,135534
16174,0.001723,172.217.194.0-255,2902,89992,56,135534
16175,0.001728,172.217.194.0-255,5738,95730,56,135534
16176,0.001739,172.31.46.0-255,66,95796,56,135534
16177,0.001768,172.217.194.0-255,1484,97280,56,135534
16178,0.001798,172.217.194.0-255,1484,98764,56,135534
16179,0.001803,172.31.46.0-255,66,98830,56,135534
16180,0.001815,172.217.194.0-255,1484,100314,56,135534
16181,0.001839,172.31.46.0-255,66,100380,56,135534
16182,0.00235,172.217.194.0-255,1484,101864,56,135534
16183,0.002355,172.31.46.0-255,66,101930,56,135534
16184,0.002361,172.217.194.0-255,2902,104832,56,135534
16185,0.002363,172.31.46.0-255,66,104898,56,135534
16186,0.002366,172.217.194.0-255,1484,106382,56,135534
16187,0.002368,172.31.46.0-255,66,106448,56,135534
16188,0.002394,172.217.194.0-255,4320,110768,56,135534
16189,0.002398,172.217.194.0-255,2902,113670,56,135534
16190,0.002545,172.217.194.0-255,1484,115154,56,135534
16191,0.002549,172.217.194.0-255,1484,116638,56,135534
16192,0.00256,172.217.194.0-255,1484,118122,56,135534
16193,0.002562,172.217.194.0-255,1484,119606,56,135534
16194,0.002582,172.217.194.0-255,4320,123926,56,135534
16195,0.002589,172.217.194.0-255,5738,129664,56,135534
16196,0.007129,172.31.46.0-255,66,129730,56,135534
16197,0.009725,172.217.194.0-255,5738,135468,56,135534
16198,0.009734,172.31.46.0-255,66,135534,56,135534
16199,0.0,172.217.194.0-255,298,298,56,211432
16200,2.1e-05,172.31.46.0-255,66,364,56,211432
16201,2.8e-05,172.217.194.0-255,1484,1848,56,211432
16202,3.2e-05,172.31.46.0-255,66,1914,56,211432
16203,3.8e-05,172.217.194.0-255,4320,6234,56,211432
16204,4.2e-05,172.31.46.0-255,66,6300,56,211432
16205,4.6e-05,172.217.194.0-255,1484,7784,56,211432
16206,4.9e-05,172.31.46.0-255,66,7850,56,211432
16207,9.8e-05,172.31.46.0-255,66,7916,56,211432
16208,0.000109,172.31.46.0-255,66,7982,56,211432
16209,0.000142,172.217.194.0-255,2902,10884,56,211432
16210,0.000144,172.31.46.0-255,66,10950,56,211432
16211,0.000166,172.217.194.0-255,3961,14911,56,211432
16212,0.000168,172.31.46.0-255,66,14977,56,211432
16213,0.000175,172.217.194.0-255,7156,22133,56,211432
16214,0.000178,172.31.46.0-255,66,22199,56,211432
16215,0.000189,172.31.46.0-255,66,22265,56,211432
16216,0.000217,172.217.194.0-255,5738,28003,56,211432
16217,0.000219,172.31.46.0-255,66,28069,56,211432
16218,0.000252,172.31.46.0-255,66,28135,56,211432
16219,0.000254,172.217.194.0-255,678,28813,56,211432
16220,0.000257,172.31.46.0-255,66,28879,56,211432
16221,0.000403,172.217.194.0-255,1484,30363,56,211432
16222,0.000406,172.31.46.0-255,66,30429,56,211432
16223,0.000411,172.217.194.0-255,2902,33331,56,211432
16224,0.000414,172.31.46.0-255,66,33397,56,211432
16225,0.000417,172.217.194.0-255,1484,34881,56,211432
16226,0.000419,172.31.46.0-255,66,34947,56,211432
16227,0.000447,172.217.194.0-255,4320,39267,56,211432
16228,0.00045,172.31.46.0-255,66,39333,56,211432
16229,0.000456,172.217.194.0-255,5738,45071,56,211432
16230,0.000458,172.31.46.0-255,66,45137,56,211432
16231,0.00047,172.31.46.0-255,66,45203,56,211432
16232,0.000494,172.217.194.0-255,4320,49523,56,211432
16233,0.000497,172.31.46.0-255,66,49589,56,211432
16234,0.000504,172.217.194.0-255,5020,54609,56,211432
16235,0.000506,172.31.46.0-255,66,54675,56,211432
16236,0.000526,172.217.194.0-255,1484,56159,56,211432
16237,0.000547,172.217.194.0-255,4320,60479,56,211432
16238,0.00055,172.31.46.0-255,66,60545,56,211432
16239,0.000556,172.217.194.0-255,2902,63447,56,211432
16240,0.000559,172.31.46.0-255,66,63513,56,211432
16241,0.000572,172.217.194.0-255,4320,67833,56,211432
16242,0.000575,172.31.46.0-255,66,67899,56,211432
16243,0.000589,172.217.194.0-255,2902,70801,56,211432
16244,0.000592,172.31.46.0-255,66,70867,56,211432
16245,0.00062,172.31.46.0-255,66,70933,56,211432
16246,0.000634,172.31.46.0-255,66,70999,56,211432
16247,0.000665,172.217.194.0-255,2902,73901,56,211432
16248,0.000667,172.31.46.0-255,66,73967,56,211432
16249,0.000675,172.217.194.0-255,6438,80405,56,211432
16250,0.000677,172.31.46.0-255,66,80471,56,211432
16251,0.000682,172.217.194.0-255,4320,84791,56,211432
16252,0.000685,172.31.46.0-255,66,84857,56,211432
16253,0.000711,172.217.194.0-255,2902,87759,56,211432
16254,0.000713,172.31.46.0-255,66,87825,56,211432
16255,0.000721,172.217.194.0-255,7156,94981,56,211432
16256,0.000723,172.31.46.0-255,66,95047,56,211432
16257,0.000735,172.31.46.0-255,66,95113,56,211432
16258,0.000764,172.217.194.0-255,4320,99433,56,211432
16259,0.000767,172.31.46.0-255,66,99499,56,211432
16260,0.000772,172.217.194.0-255,3602,103101,56,211432
16261,0.000774,172.31.46.0-255,66,103167,56,211432
16262,0.00078,172.217.194.0-255,4320,107487,56,211432
16263,0.000782,172.31.46.0-255,66,107553,56,211432
16264,0.000785,172.217.194.0-255,1484,109037,56,211432
16265,0.000805,172.217.194.0-255,7156,116193,56,211432
16266,0.000808,172.31.46.0-255,66,116259,56,211432
16267,0.000822,172.217.194.0-255,1484,117743,56,211432
16268,0.000828,172.217.194.0-255,3961,121704,56,211432
16269,0.00083,172.31.46.0-255,66,121770,56,211432
16270,0.000833,172.217.194.0-255,1484,123254,56,211432
16271,0.000871,172.31.46.0-255,66,123320,56,211432
16272,0.000916,172.217.194.0-255,4320,127640,56,211432
16273,0.000919,172.31.46.0-255,66,127706,56,211432
16274,0.00095,172.31.46.0-255,66,127772,56,211432
16275,0.000952,172.217.194.0-255,1484,129256,56,211432
16276,0.000971,172.217.194.0-255,2902,132158,56,211432
16277,0.000974,172.31.46.0-255,66,132224,56,211432
16278,0.00098,172.217.194.0-255,5738,137962,56,211432
16279,0.000983,172.31.46.0-255,66,138028,56,211432
16280,0.001005,172.217.194.0-255,5738,143766,56,211432
16281,0.001007,172.31.46.0-255,66,143832,56,211432
16282,0.001028,172.217.194.0-255,7156,150988,56,211432
16283,0.00103,172.31.46.0-255,66,151054,56,211432
16284,0.001048,172.217.194.0-255,2902,153956,56,211432
16285,0.001051,172.31.46.0-255,66,154022,56,211432
16286,0.001078,172.31.46.0-255,66,154088,56,211432
16287,0.00109,172.31.46.0-255,66,154154,56,211432
16288,0.001114,172.217.194.0-255,2902,157056,56,211432
16289,0.001116,172.31.46.0-255,66,157122,56,211432
16290,0.001144,172.31.46.0-255,66,157188,56,211432
16291,0.001164,172.217.194.0-255,2184,159372,56,211432
16292,0.001167,172.31.46.0-255,66,159438,56,211432
16293,0.001389,172.217.194.0-255,1484,160922,56,211432
16294,0.001395,172.217.194.0-255,2902,163824,56,211432
16295,0.001398,172.31.46.0-255,66,163890,56,211432
16296,0.001404,172.217.194.0-255,4320,168210,56,211432
16297,0.001406,172.31.46.0-255,66,168276,56,211432
16298,0.001418,172.217.194.0-255,1484,169760,56,211432
16299,0.001423,172.217.194.0-255,2902,172662,56,211432
16300,0.001425,172.31.46.0-255,66,172728,56,211432
16301,0.001451,172.31.46.0-255,66,172794,56,211432
16302,0.001455,172.217.194.0-255,4320,177114,56,211432
16303,0.001457,172.31.46.0-255,66,177180,56,211432
16304,0.001485,172.217.194.0-255,6438,183618,56,211432
16305,0.001489,172.31.46.0-255,66,183684,56,211432
16306,0.001686,172.217.194.0-255,1484,185168,56,211432
16307,0.00169,172.217.194.0-255,1484,186652,56,211432
16308,0.001693,172.31.46.0-255,66,186718,56,211432
16309,0.001704,172.217.194.0-255,1484,188202,56,211432
16310,0.001706,172.217.194.0-255,1484,189686,56,211432
16311,0.001708,172.31.46.0-255,66,189752,56,211432
16312,0.001723,172.217.194.0-255,2902,192654,56,211432
16313,0.001726,172.31.46.0-255,66,192720,56,211432
16314,0.001736,172.31.46.0-255,66,192786,56,211432
16315,0.001767,172.217.194.0-255,1484,194270,56,211432
16316,0.001806,172.31.46.0-255,66,194336,56,211432
16317,0.001809,172.217.194.0-255,1484,195820,56,211432
16318,0.001828,172.217.194.0-255,2902,198722,56,211432
16319,0.00183,172.31.46.0-255,66,198788,56,211432
16320,0.001835,172.217.194.0-255,5738,204526,56,211432
16321,0.001837,172.31.46.0-255,66,204592,56,211432
16322,0.001873,172.31.46.0-255,66,204658,56,211432
16323,0.001896,172.217.194.0-255,2902,207560,56,211432
16324,0.001898,172.31.46.0-255,66,207626,56,211432
16325,0.001909,172.31.46.0-255,66,207692,56,211432
16326,0.001954,172.217.194.0-255,2902,210594,56,211432
16327,0.001956,172.31.46.0-255,66,210660,56,211432
16328,0.001978,172.31.46.0-255,66,210726,56,211432
16329,0.00198,172.217.194.0-255,364,211090,56,211432
16330,0.001997,172.217.194.0-255,105,211195,56,211432
16331,0.004231,172.31.46.0-255,66,211261,56,211432
16332,0.004264,172.31.46.0-255,105,211366,56,211432
16333,0.006864,172.217.194.0-255,66,211432,56,211432
16334,0.0,74.125.130.0-255,153,153,56,223687
16335,1.4e-05,172.31.46.0-255,66,219,56,223687
16336,2.1e-05,74.125.130.0-255,1484,1703,56,223687
16337,2.7e-05,172.31.46.0-255,66,1769,56,223687
16338,4e-05,74.125.130.0-255,2902,4671,56,223687
16339,4.4e-05,172.31.46.0-255,66,4737,56,223687
16340,5.1e-05,74.125.130.0-255,4320,9057,56,223687
16341,5.3e-05,172.31.46.0-255,66,9123,56,223687
16342,7.4e-05,74.125.130.0-255,1484,10607,56,223687
16343,8e-05,172.31.46.0-255,66,10673,56,223687
16344,8.7e-05,74.125.130.0-255,3422,14095,56,223687
16345,8.9e-05,172.31.46.0-255,66,14161,56,223687
16346,0.000177,74.125.130.0-255,1484,15645,56,223687
16347,0.000181,172.31.46.0-255,66,15711,56,223687
16348,0.000211,74.125.130.0-255,2902,18613,56,223687
16349,0.000214,172.31.46.0-255,66,18679,56,223687
16350,0.000221,74.125.130.0-255,5738,24417,56,223687
16351,0.000224,172.31.46.0-255,66,24483,56,223687
16352,0.000233,74.125.130.0-255,2902,27385,56,223687
16353,0.000236,172.31.46.0-255,66,27451,56,223687
16354,0.000241,74.125.130.0-255,3961,31412,56,223687
16355,0.000244,172.31.46.0-255,66,31478,56,223687
16356,0.000324,74.125.130.0-255,1484,32962,56,223687
16357,0.000327,172.31.46.0-255,66,33028,56,223687
16358,0.000362,74.125.130.0-255,2902,35930,56,223687
16359,0.000365,172.31.46.0-255,66,35996,56,223687
16360,0.000391,74.125.130.0-255,5738,41734,56,223687
16361,0.000394,172.31.46.0-255,66,41800,56,223687
16362,0.000397,74.125.130.0-255,1484,43284,56,223687
16363,0.000399,172.31.46.0-255,66,43350,56,223687
16364,0.000404,74.125.130.0-255,2902,46252,56,223687
16365,0.000406,172.31.46.0-255,66,46318,56,223687
16366,0.000439,74.125.130.0-255,2543,48861,56,223687
16367,0.000442,172.31.46.0-255,66,48927,56,223687
16368,0.000669,74.125.130.0-255,1484,50411,56,223687
16369,0.000683,74.125.130.0-255,1484,51895,56,223687
16370,0.000686,172.31.46.0-255,66,51961,56,223687
16371,0.000691,74.125.130.0-255,1484,53445,56,223687
16372,0.000728,74.125.130.0-255,1484,54929,56,223687
16373,0.000731,172.31.46.0-255,66,54995,56,223687
16374,0.000738,74.125.130.0-255,5738,60733,56,223687
16375,0.00074,172.31.46.0-255,66,60799,56,223687
16376,0.000748,74.125.130.0-255,1484,62283,56,223687
16377,0.000753,74.125.130.0-255,2902,65185,56,223687
16378,0.000755,172.31.46.0-255,66,65251,56,223687
16379,0.000791,74.125.130.0-255,3961,69212,56,223687
16380,0.000794,172.31.46.0-255,66,69278,56,223687
16381,0.000797,74.125.130.0-255,1484,70762,56,223687
16382,0.000822,74.125.130.0-255,2902,73664,56,223687
16383,0.000825,172.31.46.0-255,66,73730,56,223687
16384,0.000858,74.125.130.0-255,7156,80886,56,223687
16385,0.000863,172.31.46.0-255,66,80952,56,223687
16386,0.000893,74.125.130.0-255,3122,84074,56,223687
16387,0.000896,172.31.46.0-255,66,84140,56,223687
16388,0.001028,74.125.130.0-255,1484,85624,56,223687
16389,0.00105,74.125.130.0-255,2902,88526,56,223687
16390,0.001054,172.31.46.0-255,66,88592,56,223687
16391,0.001081,74.125.130.0-255,2902,91494,56,223687
16392,0.001083,172.31.46.0-255,66,91560,56,223687
16393,0.00111,74.125.130.0-255,2902,94462,56,223687
16394,0.001112,74.125.130.0-255,1484,95946,56,223687
16395,0.001115,74.125.130.0-255,1484,97430,56,223687
16396,0.001118,172.31.46.0-255,66,97496,56,223687
16397,0.001122,172.31.46.0-255,66,97562,56,223687
16398,0.001129,74.125.130.0-255,1484,99046,56,223687
16399,0.001139,74.125.130.0-255,4320,103366,56,223687
16400,0.001141,172.31.46.0-255,66,103432,56,223687
16401,0.001177,74.125.130.0-255,5738,109170,56,223687
16402,0.00118,172.31.46.0-255,66,109236,56,223687
16403,0.001197,74.125.130.0-255,4320,113556,56,223687
16404,0.001203,172.31.46.0-255,66,113622,56,223687
16405,0.001233,74.125.130.0-255,4357,117979,56,223687
16406,0.001236,172.31.46.0-255,66,118045,56,223687
16407,0.001363,74.125.130.0-255,1484,119529,56,223687
16408,0.001386,74.125.130.0-255,2902,122431,56,223687
16409,0.00139,172.31.46.0-255,66,122497,56,223687
16410,0.001393,74.125.130.0-255,1484,123981,56,223687
16411,0.001409,74.125.130.0-255,2902,126883,56,223687
16412,0.001411,172.31.46.0-255,66,126949,56,223687
16413,0.001438,74.125.130.0-255,5738,132687,56,223687
16414,0.001441,172.31.46.0-255,66,132753,56,223687
16415,0.001444,74.125.130.0-255,1484,134237,56,223687
16416,0.001465,74.125.130.0-255,2902,137139,56,223687
16417,0.001467,172.31.46.0-255,66,137205,56,223687
16418,0.001472,74.125.130.0-255,4320,141525,56,223687
16419,0.001475,172.31.46.0-255,66,141591,56,223687
16420,0.001506,74.125.130.0-255,1484,143075,56,223687
16421,0.001512,74.125.130.0-255,7156,150231,56,223687
16422,0.001515,172.31.46.0-255,66,150297,56,223687
16423,0.001543,74.125.130.0-255,2184,152481,56,223687
16424,0.001546,172.31.46.0-255,66,152547,56,223687
16425,0.001659,74.125.130.0-255,1484,154031,56,223687
16426,0.001678,74.125.130.0-255,2902,156933,56,223687
16427,0.001681,172.31.46.0-255,66,156999,56,223687
16428,0.001707,74.125.130.0-255,4320,161319,56,223687
16429,0.00171,172.31.46.0-255,66,161385,56,223687
16430,0.001714,74.125.130.0-255,2902,164287,56,223687
16431,0.001716,172.31.46.0-255,66,164353,56,223687
16432,0.00174,74.125.130.0-255,2902,167255,56,223687
16433,0.001744,172.31.46.0-255,66,167321,56,223687
16434,0.001762,172.31.46.0-255,66,167387,56,223687
16435,0.001767,74.125.130.0-255,4320,171707,56,223687
16436,0.001769,172.31.46.0-255,66,171773,56,223687
16437,0.001812,74.125.130.0-255,5738,177511,56,223687
16438,0.001815,172.31.46.0-255,66,177577,56,223687
16439,0.001842,74.125.130.0-255,3602,181179,56,223687
16440,0.001845,172.31.46.0-255,66,181245,56,223687
16441,0.001892,74.125.130.0-255,5738,186983,56,223687
16442,0.001895,172.31.46.0-255,66,187049,56,223687
16443,0.001922,74.125.130.0-255,4320,191369,56,223687
16444,0.001925,172.31.46.0-255,66,191435,56,223687
16445,0.001931,74.125.130.0-255,7156,198591,56,223687
16446,0.001934,172.31.46.0-255,66,198657,56,223687
16447,0.001975,172.31.46.0-255,66,198723,56,223687
16448,0.002069,74.125.130.0-255,1484,200207,56,223687
16449,0.002074,74.125.130.0-255,1484,201691,56,223687
16450,0.002076,172.31.46.0-255,66,201757,56,223687
16451,0.002102,74.125.130.0-255,1484,203241,56,223687
16452,0.002106,74.125.130.0-255,2902,206143,56,223687
16453,0.002109,172.31.46.0-255,66,206209,56,223687
16454,0.004163,74.125.130.0-255,1484,207693,56,223687
16455,0.00419,74.125.130.0-255,4320,212013,56,223687
16456,0.004196,172.31.46.0-255,66,212079,56,223687
16457,0.006284,74.125.130.0-255,5738,217817,56,223687
16458,0.006291,172.31.46.0-255,66,217883,56,223687
16459,0.008383,74.125.130.0-255,5738,223621,56,223687
16460,0.008389,172.31.46.0-255,66,223687,56,223687
16461,0.0,74.125.130.0-255,153,153,56,126122
16462,2.4e-05,172.31.46.0-255,66,219,56,126122
16463,3.1e-05,74.125.130.0-255,1484,1703,56,126122
16464,3.6e-05,172.31.46.0-255,66,1769,56,126122
16465,4.2e-05,74.125.130.0-255,2902,4671,56,126122
16466,4.5e-05,172.31.46.0-255,66,4737,56,126122
16467,5.3e-05,74.125.130.0-255,7156,11893,56,126122
16468,5.6e-05,172.31.46.0-255,66,11959,56,126122
16469,6e-05,74.125.130.0-255,2032,13991,56,126122
16470,6.3e-05,172.31.46.0-255,66,14057,56,126122
16471,6.9e-05,74.125.130.0-255,2902,16959,56,126122
16472,7.1e-05,172.31.46.0-255,66,17025,56,126122
16473,7.6e-05,74.125.130.0-255,2902,19927,56,126122
16474,7.9e-05,172.31.46.0-255,66,19993,56,126122
16475,9.9e-05,74.125.130.0-255,4320,24313,56,126122
16476,0.000102,172.31.46.0-255,66,24379,56,126122
16477,0.000145,74.125.130.0-255,6797,31176,56,126122
16478,0.000148,172.31.46.0-255,66,31242,56,126122
16479,0.000614,74.125.130.0-255,1484,32726,56,126122
16480,0.00062,172.31.46.0-255,66,32792,56,126122
16481,0.000626,74.125.130.0-255,2902,35694,56,126122
16482,0.000629,172.31.46.0-255,66,35760,56,126122
16483,0.000635,74.125.130.0-255,4320,40080,56,126122
16484,0.000648,172.31.46.0-255,66,40146,56,126122
16485,0.000665,74.125.130.0-255,1484,41630,56,126122
16486,0.000667,172.31.46.0-255,66,41696,56,126122
16487,0.000683,172.31.46.0-255,66,41762,56,126122
16488,0.00072,74.125.130.0-255,7156,48918,56,126122
16489,0.000724,172.31.46.0-255,66,48984,56,126122
16490,0.000745,74.125.130.0-255,2543,51527,56,126122
16491,0.000748,172.31.46.0-255,66,51593,56,126122
16492,0.00075,74.125.130.0-255,357,51950,56,126122
16493,0.000955,74.125.130.0-255,386,52336,56,126122
16494,0.001085,172.31.46.0-255,66,52402,56,126122
16495,0.001159,74.125.130.0-255,1484,53886,56,126122
16496,0.001168,74.125.130.0-255,2902,56788,56,126122
16497,0.001171,172.31.46.0-255,66,56854,56,126122
16498,0.001178,74.125.130.0-255,5738,62592,56,126122
16499,0.00118,172.31.46.0-255,66,62658,56,126122
16500,0.001234,172.31.46.0-255,66,62724,56,126122
16501,0.001247,172.31.46.0-255,66,62790,56,126122
16502,0.001759,74.125.130.0-255,1484,64274,56,126122
16503,0.001769,74.125.130.0-255,2902,67176,56,126122
16504,0.001773,172.31.46.0-255,66,67242,56,126122
16505,0.001781,74.125.130.0-255,5738,72980,56,126122
16506,0.001784,172.31.46.0-255,66,73046,56,126122
16507,0.001789,74.125.130.0-255,4320,77366,56,126122
16508,0.001792,172.31.46.0-255,66,77432,56,126122
16509,0.001797,74.125.130.0-255,2902,80334,56,126122
16510,0.001799,172.31.46.0-255,66,80400,56,126122
16511,0.001822,172.31.46.0-255,66,80466,56,126122
16512,0.001826,74.125.130.0-255,2902,83368,56,126122
16513,0.001828,172.31.46.0-255,66,83434,56,126122
16514,0.001845,74.125.130.0-255,5020,88454,56,126122
16515,0.001848,172.31.46.0-255,66,88520,56,126122
16516,0.002373,74.125.130.0-255,1484,90004,56,126122
16517,0.002396,74.125.130.0-255,2902,92906,56,126122
16518,0.002399,172.31.46.0-255,66,92972,56,126122
16519,0.002404,74.125.130.0-255,2902,95874,56,126122
16520,0.002407,172.31.46.0-255,66,95940,56,126122
16521,0.002421,74.125.130.0-255,2902,98842,56,126122
16522,0.002423,172.31.46.0-255,66,98908,56,126122
16523,0.00246,74.125.130.0-255,5738,104646,56,126122
16524,0.002462,172.31.46.0-255,66,104712,56,126122
16525,0.00248,74.125.130.0-255,7156,111868,56,126122
16526,0.002482,172.31.46.0-255,66,111934,56,126122
16527,0.002493,172.31.46.0-255,66,112000,56,126122
16528,0.002497,74.125.130.0-255,2184,114184,56,126122
16529,0.002499,172.31.46.0-255,66,114250,56,126122
16530,0.00506,74.125.130.0-255,2902,117152,56,126122
16531,0.005065,172.31.46.0-255,66,117218,56,126122
16532,0.005084,74.125.130.0-255,2902,120120,56,126122
16533,0.005086,172.31.46.0-255,66,120186,56,126122
16534,0.007621,74.125.130.0-255,2902,123088,56,126122
16535,0.007629,172.31.46.0-255,66,123154,56,126122
16536,0.007649,74.125.130.0-255,2902,126056,56,126122
16537,0.007652,172.31.46.0-255,66,126122,56,126122
16538,0.0,74.125.68.0-255,152,152,56,317390
16539,1.6e-05,172.31.46.0-255,66,218,56,317390
16540,2.2e-05,74.125.68.0-255,1484,1702,56,317390
16541,2.7e-05,172.31.46.0-255,66,1768,56,317390
16542,5.3e-05,74.125.68.0-255,2902,4670,56,317390
16543,5.6e-05,172.31.46.0-255,66,4736,56,317390
16544,6.8e-05,74.125.68.0-255,5738,10474,56,317390
16545,7.1e-05,172.31.46.0-255,66,10540,56,317390
16546,7.7e-05,74.125.68.0-255,3459,13999,56,317390
16547,8e-05,172.31.46.0-255,66,14065,56,317390
16548,0.000191,74.125.68.0-255,1484,15549,56,317390
16549,0.000196,172.31.46.0-255,66,15615,56,317390
16550,0.000202,74.125.68.0-255,2902,18517,56,317390
16551,0.000204,172.31.46.0-255,66,18583,56,317390
16552,0.000271,74.125.68.0-255,5738,24321,56,317390
16553,0.000275,172.31.46.0-255,66,24387,56,317390
16554,0.00028,74.125.68.0-255,2902,27289,56,317390
16555,0.000283,172.31.46.0-255,66,27355,56,317390
16556,0.000288,74.125.68.0-255,3961,31316,56,317390
16557,0.000291,172.31.46.0-255,66,31382,56,317390
16558,0.000302,172.31.46.0-255,66,31448,56,317390
16559,0.000307,74.125.68.0-255,4320,35768,56,317390
16560,0.000309,172.31.46.0-255,66,35834,56,317390
16561,0.000356,172.31.46.0-255,66,35900,56,317390
16562,0.000364,74.125.68.0-255,6438,42338,56,317390
16563,0.000366,172.31.46.0-255,66,42404,56,317390
16564,0.000369,74.125.68.0-255,426,42830,56,317390
16565,0.000372,172.31.46.0-255,66,42896,56,317390
16566,0.000417,74.125.68.0-255,347,43243,56,317390
16567,0.00042,172.31.46.0-255,66,43309,56,317390
16568,0.000627,74.125.68.0-255,1484,44793,56,317390
16569,0.000634,74.125.68.0-255,2902,47695,56,317390
16570,0.000638,172.31.46.0-255,66,47761,56,317390
16571,0.000642,74.125.68.0-255,1484,49245,56,317390
16572,0.000647,74.125.68.0-255,2902,52147,56,317390
16573,0.000649,172.31.46.0-255,66,52213,56,317390
16574,0.000683,74.125.68.0-255,5738,57951,56,317390
16575,0.000686,172.31.46.0-255,66,58017,56,317390
16576,0.000717,74.125.68.0-255,7156,65173,56,317390
16577,0.00072,172.31.46.0-255,66,65239,56,317390
16578,0.000727,74.125.68.0-255,5738,70977,56,317390
16579,0.000729,172.31.46.0-255,66,71043,56,317390
16580,0.000747,74.125.68.0-255,2902,73945,56,317390
16581,0.000749,172.31.46.0-255,66,74011,56,317390
16582,0.000759,74.125.68.0-255,3602,77613,56,317390
16583,0.000761,172.31.46.0-255,66,77679,56,317390
16584,0.000855,74.125.68.0-255,1484,79163,56,317390
16585,0.000859,74.125.68.0-255,1484,80647,56,317390
16586,0.000862,172.31.46.0-255,66,80713,56,317390
16587,0.000887,74.125.68.0-255,1484,82197,56,317390
16588,0.000895,74.125.68.0-255,5738,87935,56,317390
16589,0.000898,172.31.46.0-255,66,88001,56,317390
16590,0.000903,74.125.68.0-255,4320,92321,56,317390
16591,0.000905,172.31.46.0-255,66,92387,56,317390
16592,0.000939,74.125.68.0-255,5738,98125,56,317390
16593,0.000943,172.31.46.0-255,66,98191,56,317390
16594,0.000948,74.125.68.0-255,2902,101093,56,317390
16595,0.00095,172.31.46.0-255,66,101159,56,317390
16596,0.000988,172.31.46.0-255,66,101225,56,317390
16597,0.000992,74.125.68.0-255,2184,103409,56,317390
16598,0.000994,172.31.46.0-255,66,103475,56,317390
16599,0.001088,74.125.68.0-255,1484,104959,56,317390
16600,0.001103,74.125.68.0-255,2902,107861,56,317390
16601,0.001107,172.31.46.0-255,66,107927,56,317390
16602,0.001137,74.125.68.0-255,5738,113665,56,317390
16603,0.00114,172.31.46.0-255,66,113731,56,317390
16604,0.001144,74.125.68.0-255,2902,116633,56,317390
16605,0.001146,172.31.46.0-255,66,116699,56,317390
16606,0.001186,172.31.46.0-255,66,116765,56,317390
16607,0.001192,74.125.68.0-255,4320,121085,56,317390
16608,0.001194,172.31.46.0-255,66,121151,56,317390
16609,0.001217,74.125.68.0-255,5738,126889,56,317390
16610,0.00122,172.31.46.0-255,66,126955,56,317390
16611,0.001247,74.125.68.0-255,766,127721,56,317390
16612,0.001316,74.125.68.0-255,1484,129205,56,317390
16613,0.00132,172.31.46.0-255,66,129271,56,317390
16614,0.001324,74.125.68.0-255,1484,130755,56,317390
16615,0.00135,74.125.68.0-255,1484,132239,56,317390
16616,0.001353,172.31.46.0-255,66,132305,56,317390
16617,0.001359,74.125.68.0-255,5738,138043,56,317390
16618,0.001361,172.31.46.0-255,66,138109,56,317390
16619,0.001367,74.125.68.0-255,4320,142429,56,317390
16620,0.001369,172.31.46.0-255,66,142495,56,317390
16621,0.001403,74.125.68.0-255,1484,143979,56,317390
16622,0.001411,74.125.68.0-255,7156,151135,56,317390
16623,0.001414,172.31.46.0-255,66,151201,56,317390
16624,0.001417,74.125.68.0-255,1484,152685,56,317390
16625,0.001449,172.31.46.0-255,66,152751,56,317390
16626,0.001514,74.125.68.0-255,1484,154235,56,317390
16627,0.001518,74.125.68.0-255,2902,157137,56,317390
16628,0.001521,172.31.46.0-255,66,157203,56,317390
16629,0.001548,74.125.68.0-255,5738,162941,56,317390
16630,0.00155,172.31.46.0-255,66,163007,56,317390
16631,0.001584,74.125.68.0-255,4320,167327,56,317390
16632,0.001587,172.31.46.0-255,66,167393,56,317390
16633,0.001613,74.125.68.0-255,5738,173131,56,317390
16634,0.001617,172.31.46.0-255,66,173197,56,317390
16635,0.001628,172.31.46.0-255,66,173263,56,317390
16636,0.001654,74.125.68.0-255,2902,176165,56,317390
16637,0.001657,172.31.46.0-255,66,176231,56,317390
16638,0.001661,74.125.68.0-255,2184,178415,56,317390
16639,0.001663,172.31.46.0-255,66,178481,56,317390
16640,0.001766,74.125.68.0-255,1484,179965,56,317390
16641,0.001783,74.125.68.0-255,2902,182867,56,317390
16642,0.001787,172.31.46.0-255,66,182933,56,317390
16643,0.001793,74.125.68.0-255,4320,187253,56,317390
16644,0.001795,172.31.46.0-255,66,187319,56,317390
16645,0.001798,74.125.68.0-255,1484,188803,56,317390
16646,0.001838,74.125.68.0-255,7156,195959,56,317390
16647,0.001841,172.31.46.0-255,66,196025,56,317390
16648,0.001846,74.125.68.0-255,4320,200345,56,317390
16649,0.001848,172.31.46.0-255,66,200411,56,317390
16650,0.001855,74.125.68.0-255,5738,206149,56,317390
16651,0.001857,172.31.46.0-255,66,206215,56,317390
16652,0.001889,74.125.68.0-255,6438,212653,56,317390
16653,0.001892,172.31.46.0-255,66,212719,56,317390
16654,0.001936,74.125.68.0-255,1484,214203,56,317390
16655,0.001939,74.125.68.0-255,1484,215687,56,317390
16656,0.001942,172.31.46.0-255,66,215753,56,317390
16657,0.00197,74.125.68.0-255,1484,217237,56,317390
16658,0.001977,74.125.68.0-255,5738,222975,56,317390
16659,0.001979,172.31.46.0-255,66,223041,56,317390
16660,0.001982,74.125.68.0-255,1484,224525,56,317390
16661,0.002012,74.125.68.0-255,5738,230263,56,317390
16662,0.002015,172.31.46.0-255,66,230329,56,317390
16663,0.002018,74.125.68.0-255,1484,231813,56,317390
16664,0.002054,172.31.46.0-255,66,231879,56,317390
16665,0.002087,172.31.46.0-255,66,231945,56,317390
16666,0.002114,74.125.68.0-255,5020,236965,56,317390
16667,0.002117,172.31.46.0-255,66,237031,56,317390
16668,0.002132,172.31.46.0-255,66,237097,56,317390
16669,0.002154,74.125.68.0-255,2902,239999,56,317390
16670,0.002157,172.31.46.0-255,66,240065,56,317390
16671,0.002163,74.125.68.0-255,5020,245085,56,317390
16672,0.002165,172.31.46.0-255,66,245151,56,317390
16673,0.002194,74.125.68.0-255,1484,246635,56,317390
16674,0.002198,74.125.68.0-255,2902,249537,56,317390
16675,0.002201,172.31.46.0-255,66,249603,56,317390
16676,0.002229,74.125.68.0-255,5738,255341,56,317390
16677,0.002232,172.31.46.0-255,66,255407,56,317390
16678,0.002236,74.125.68.0-255,2902,258309,56,317390
16679,0.002238,172.31.46.0-255,66,258375,56,317390
16680,0.002244,74.125.68.0-255,4320,262695,56,317390
16681,0.002246,172.31.46.0-255,66,262761,56,317390
16682,0.002278,172.31.46.0-255,66,262827,56,317390
16683,0.002284,74.125.68.0-255,5738,268565,56,317390
16684,0.002286,172.31.46.0-255,66,268631,56,317390
16685,0.002341,74.125.68.0-255,6438,275069,56,317390
16686,0.002344,172.31.46.0-255,66,275135,56,317390
16687,0.002349,74.125.68.0-255,2902,278037,56,317390
16688,0.002351,172.31.46.0-255,66,278103,56,317390
16689,0.002357,74.125.68.0-255,4320,282423,56,317390
16690,0.002359,172.31.46.0-255,66,282489,56,317390
16691,0.002394,74.125.68.0-255,2902,285391,56,317390
16692,0.002396,172.31.46.0-255,66,285457,56,317390
16693,0.002426,74.125.68.0-255,5738,291195,56,317390
16694,0.002429,172.31.46.0-255,66,291261,56,317390
16695,0.002435,74.125.68.0-255,5738,296999,56,317390
16696,0.002437,172.31.46.0-255,66,297065,56,317390
16697,0.002445,74.125.68.0-255,7156,304221,56,317390
16698,0.002452,74.125.68.0-255,7156,311377,56,317390
16699,0.002473,74.125.68.0-255,2184,313561,56,317390
16700,0.00249,74.125.68.0-255,3658,317219,56,317390
16701,0.002497,172.31.46.0-255,66,317285,56,317390
16702,0.002504,74.125.68.0-255,105,317390,56,317390
16703,0.0,172.217.194.0-255,163,163,56,225953
16704,2.9e-05,172.31.46.0-255,66,229,56,225953
16705,3.7e-05,172.217.194.0-255,1484,1713,56,225953
16706,4.2e-05,172.31.46.0-255,66,1779,56,225953
16707,4.9e-05,172.217.194.0-255,2902,4681,56,225953
16708,5.1e-05,172.31.46.0-255,66,4747,56,225953
16709,5.9e-05,172.217.194.0-255,5738,10485,56,225953
16710,6.2e-05,172.31.46.0-255,66,10551,56,225953
16711,6.7e-05,172.217.194.0-255,3542,14093,56,225953
16712,7e-05,172.31.46.0-255,66,14159,56,225953
16713,0.000129,172.217.194.0-255,1484,15643,56,225953
16714,0.000133,172.31.46.0-255,66,15709,56,225953
16715,0.000152,172.217.194.0-255,2902,18611,56,225953
16716,0.000155,172.31.46.0-255,66,18677,56,225953
16717,0.000158,172.217.194.0-255,1484,20161,56,225953
16718,0.00016,172.31.46.0-255,66,20227,56,225953
16719,0.000181,172.217.194.0-255,4320,24547,56,225953
16720,0.000183,172.31.46.0-255,66,24613,56,225953
16721,0.000233,172.31.46.0-255,66,24679,56,225953
16722,0.000248,172.31.46.0-255,66,24745,56,225953
16723,0.000251,172.217.194.0-255,1125,25870,56,225953
16724,0.000252,172.31.46.0-255,66,25936,56,225953
16725,0.000431,172.217.194.0-255,1484,27420,56,225953
16726,0.000436,172.31.46.0-255,66,27486,56,225953
16727,0.000443,172.217.194.0-255,2902,30388,56,225953
16728,0.000445,172.31.46.0-255,66,30454,56,225953
16729,0.000451,172.217.194.0-255,2902,33356,56,225953
16730,0.000453,172.31.46.0-255,66,33422,56,225953
16731,0.000479,172.217.194.0-255,2902,36324,56,225953
16732,0.000482,172.31.46.0-255,66,36390,56,225953
16733,0.000491,172.217.194.0-255,6797,43187,56,225953
16734,0.000571,172.31.46.0-255,66,43253,56,225953
16735,0.000805,172.217.194.0-255,361,43614,56,225953
16736,0.000841,172.217.194.0-255,1484,45098,56,225953
16737,0.000844,172.31.46.0-255,66,45164,56,225953
16738,0.000851,172.217.194.0-255,4320,49484,56,225953
16739,0.000853,172.31.46.0-255,66,49550,56,225953
16740,0.000894,172.31.46.0-255,66,49616,56,225953
16741,0.000925,172.217.194.0-255,1420,51036,56,225953
16742,0.000966,172.217.194.0-255,1484,52520,56,225953
16743,0.000969,172.217.194.0-255,1484,54004,56,225953
16744,0.000987,172.31.46.0-255,66,54070,56,225953
16745,0.000993,172.217.194.0-255,2902,56972,56,225953
16746,0.001,172.217.194.0-255,7156,64128,56,225953
16747,0.001006,172.31.46.0-255,66,64194,56,225953
16748,0.001025,172.217.194.0-255,1484,65678,56,225953
16749,0.001039,172.217.194.0-255,2543,68221,56,225953
16750,0.001044,172.31.46.0-255,66,68287,56,225953
16751,0.002351,172.217.194.0-255,1484,69771,56,225953
16752,0.002358,172.217.194.0-255,2902,72673,56,225953
16753,0.002362,172.31.46.0-255,66,72739,56,225953
16754,0.002368,172.217.194.0-255,2902,75641,56,225953
16755,0.00237,172.31.46.0-255,66,75707,56,225953
16756,0.002392,172.217.194.0-255,2902,78609,56,225953
16757,0.002395,172.31.46.0-255,66,78675,56,225953
16758,0.002398,172.217.194.0-255,1484,80159,56,225953
16759,0.002401,172.217.194.0-255,1484,81643,56,225953
16760,0.002402,172.31.46.0-255,66,81709,56,225953
16761,0.002418,172.217.194.0-255,2902,84611,56,225953
16762,0.00242,172.31.46.0-255,66,84677,56,225953
16763,0.002427,172.217.194.0-255,7156,91833,56,225953
16764,0.002429,172.31.46.0-255,66,91899,56,225953
16765,0.002453,172.217.194.0-255,2902,94801,56,225953
16766,0.002455,172.31.46.0-255,66,94867,56,225953
16767,0.002477,172.31.46.0-255,66,94933,56,225953
16768,0.002483,172.217.194.0-255,5738,100671,56,225953
16769,0.002485,172.31.46.0-255,66,100737,56,225953
16770,0.002505,172.217.194.0-255,5738,106475,56,225953
16771,0.002508,172.31.46.0-255,66,106541,56,225953
16772,0.002513,172.217.194.0-255,4320,110861,56,225953
16773,0.002515,172.31.46.0-255,66,110927,56,225953
16774,0.002535,172.217.194.0-255,7156,118083,56,225953
16775,0.00256,172.217.194.0-255,7156,125239,56,225953
16776,0.002565,172.217.194.0-255,2902,128141,56,225953
16777,0.002607,172.217.194.0-255,2902,131043,56,225953
16778,0.002681,172.217.194.0-255,5738,136781,56,225953
16779,0.002748,172.217.194.0-255,5738,142519,56,225953
16780,0.002816,172.217.194.0-255,2902,145421,56,225953
16781,0.002821,172.217.194.0-255,2184,147605,56,225953
16782,0.003031,172.217.194.0-255,1484,149089,56,225953
16783,0.003038,172.217.194.0-255,2902,151991,56,225953
16784,0.003042,172.217.194.0-255,1484,153475,56,225953
16785,0.003055,172.217.194.0-255,4320,157795,56,225953
16786,0.003059,172.217.194.0-255,1484,159279,56,225953
16787,0.003071,172.217.194.0-255,2902,162181,56,225953
16788,0.003097,172.217.194.0-255,7156,169337,56,225953
16789,0.003111,172.217.194.0-255,2902,172239,56,225953
16790,0.003114,172.217.194.0-255,766,173005,56,225953
16791,0.003507,172.217.194.0-255,1484,174489,56,225953
16792,0.003514,172.217.194.0-255,1484,175973,56,225953
16793,0.003532,172.217.194.0-255,1484,177457,56,225953
16794,0.003537,172.217.194.0-255,2902,180359,56,225953
16795,0.003542,172.217.194.0-255,2902,183261,56,225953
16796,0.003567,172.217.194.0-255,4320,187581,56,225953
16797,0.003574,172.217.194.0-255,7156,194737,56,225953
16798,0.003611,172.217.194.0-255,3602,198339,56,225953
16799,0.003637,172.217.194.0-255,5738,204077,56,225953
16800,0.003663,172.217.194.0-255,2902,206979,56,225953
16801,0.003683,172.217.194.0-255,1484,208463,56,225953
16802,0.003696,172.217.194.0-255,4320,212783,56,225953
16803,0.003752,172.217.194.0-255,7156,219939,56,225953
16804,0.0038,172.217.194.0-255,5738,225677,56,225953
16805,0.003832,172.217.194.0-255,105,225782,56,225953
16806,0.006895,172.31.46.0-255,66,225848,56,225953
16807,0.009337,172.31.46.0-255,105,225953,56,225953
16808,0.0,172.217.194.0-255,153,153,56,114283
16809,1.8e-05,172.31.46.0-255,66,219,56,114283
16810,2.5e-05,172.217.194.0-255,1484,1703,56,114283
16811,3e-05,172.31.46.0-255,66,1769,56,114283
16812,3.6e-05,172.217.194.0-255,2902,4671,56,114283
16813,3.8e-05,172.31.46.0-255,66,4737,56,114283
16814,4.7e-05,172.217.194.0-255,7156,11893,56,114283
16815,5e-05,172.31.46.0-255,66,11959,56,114283
16816,9.1e-05,172.217.194.0-255,1929,13888,56,114283
16817,9.4e-05,172.31.46.0-255,66,13954,56,114283
16818,9.9e-05,172.217.194.0-255,2902,16856,56,114283
16819,0.000103,172.31.46.0-255,66,16922,56,114283
16820,0.00012,172.217.194.0-255,7156,24078,56,114283
16821,0.000123,172.31.46.0-255,66,24144,56,114283
16822,0.000151,172.217.194.0-255,5738,29882,56,114283
16823,0.000154,172.31.46.0-255,66,29948,56,114283
16824,0.000169,172.217.194.0-255,5738,35686,56,114283
16825,0.000172,172.31.46.0-255,66,35752,56,114283
16826,0.000204,172.31.46.0-255,66,35818,56,114283
16827,0.00021,172.217.194.0-255,3602,39420,56,114283
16828,0.000212,172.31.46.0-255,66,39486,56,114283
16829,0.000362,172.217.194.0-255,1484,40970,56,114283
16830,0.000367,172.31.46.0-255,66,41036,56,114283
16831,0.000374,172.217.194.0-255,2902,43938,56,114283
16832,0.000377,172.31.46.0-255,66,44004,56,114283
16833,0.000383,172.217.194.0-255,5738,49742,56,114283
16834,0.000386,172.31.46.0-255,66,49808,56,114283
16835,0.000426,172.31.46.0-255,66,49874,56,114283
16836,0.000452,172.217.194.0-255,5379,55253,56,114283
16837,0.000454,172.31.46.0-255,66,55319,56,114283
16838,0.000461,172.217.194.0-255,7156,62475,56,114283
16839,0.000463,172.31.46.0-255,66,62541,56,114283
16840,0.000487,172.217.194.0-255,1484,64025,56,114283
16841,0.000517,172.31.46.0-255,66,64091,56,114283
16842,0.001507,172.217.194.0-255,1484,65575,56,114283
16843,0.001515,172.217.194.0-255,1484,67059,56,114283
16844,0.001519,172.31.46.0-255,66,67125,56,114283
16845,0.001538,172.217.194.0-255,1484,68609,56,114283
16846,0.001544,172.217.194.0-255,5738,74347,56,114283
16847,0.001546,172.31.46.0-255,66,74413,56,114283
16848,0.001591,172.31.46.0-255,66,74479,56,114283
16849,0.001606,172.217.194.0-255,2902,77381,56,114283
16850,0.001609,172.31.46.0-255,66,77447,56,114283
16851,0.001645,172.31.46.0-255,66,77513,56,114283
16852,0.002231,172.217.194.0-255,1484,78997,56,114283
16853,0.002241,172.217.194.0-255,2902,81899,56,114283
16854,0.002246,172.31.46.0-255,66,81965,56,114283
16855,0.002251,172.217.194.0-255,1484,83449,56,114283
16856,0.002268,172.217.194.0-255,4320,87769,56,114283
16857,0.00227,172.31.46.0-255,66,87835,56,114283
16858,0.002297,172.31.46.0-255,66,87901,56,114283
16859,0.002349,172.217.194.0-255,4320,92221,56,114283
16860,0.002351,172.31.46.0-255,66,92287,56,114283
16861,0.002382,172.31.46.0-255,66,92353,56,114283
16862,0.002399,172.31.46.0-255,66,92419,56,114283
16863,0.002435,172.217.194.0-255,2902,95321,56,114283
16864,0.002438,172.31.46.0-255,66,95387,56,114283
16865,0.002466,172.217.194.0-255,7156,102543,56,114283
16866,0.002468,172.31.46.0-255,66,102609,56,114283
16867,0.002479,172.31.46.0-255,66,102675,56,114283
16868,0.005077,172.217.194.0-255,5738,108413,56,114283
16869,0.005085,172.31.46.0-255,66,108479,56,114283
16870,0.007644,172.217.194.0-255,5738,114217,56,114283
16871,0.007649,172.31.46.0-255,66,114283,56,114283
16872,0.0,74.125.130.0-255,149,149,56,103219
16873,1.4e-05,172.31.46.0-255,66,215,56,103219
16874,2e-05,74.125.130.0-255,1484,1699,56,103219
16875,2.4e-05,172.31.46.0-255,66,1765,56,103219
16876,2.9e-05,74.125.130.0-255,2902,4667,56,103219
16877,3.3e-05,172.31.46.0-255,66,4733,56,103219
16878,7.7e-05,74.125.130.0-255,4320,9053,56,103219
16879,8.1e-05,172.31.46.0-255,66,9119,56,103219
16880,0.000162,74.125.130.0-255,4956,14075,56,103219
16881,0.000165,172.31.46.0-255,66,14141,56,103219
16882,0.000252,74.125.130.0-255,1484,15625,56,103219
16883,0.000256,172.31.46.0-255,66,15691,56,103219
16884,0.000276,74.125.130.0-255,2902,18593,56,103219
16885,0.000278,172.31.46.0-255,66,18659,56,103219
16886,0.000335,74.125.130.0-255,5738,24397,56,103219
16887,0.000339,172.31.46.0-255,66,24463,56,103219
16888,0.000452,74.125.130.0-255,4320,28783,56,103219
16889,0.000457,172.31.46.0-255,66,28849,56,103219
16890,0.000475,74.125.130.0-255,2543,31392,56,103219
16891,0.000478,172.31.46.0-255,66,31458,56,103219
16892,0.000563,74.125.130.0-255,1484,32942,56,103219
16893,0.000566,172.31.46.0-255,66,33008,56,103219
16894,0.000601,74.125.130.0-255,5738,38746,56,103219
16895,0.000605,172.31.46.0-255,66,38812,56,103219
16896,0.000625,74.125.130.0-255,4320,43132,56,103219
16897,0.000628,172.31.46.0-255,66,43198,56,103219
16898,0.000791,74.125.130.0-255,5738,48936,56,103219
16899,0.000795,172.31.46.0-255,66,49002,56,103219
16900,0.000817,74.125.130.0-255,6797,55799,56,103219
16901,0.000819,172.31.46.0-255,66,55865,56,103219
16902,0.001025,74.125.130.0-255,4320,60185,56,103219
16903,0.001029,172.31.46.0-255,66,60251,56,103219
16904,0.001046,74.125.130.0-255,5960,66211,56,103219
16905,0.001069,172.31.46.0-255,66,66277,56,103219
16906,0.001246,172.31.46.0-255,66,66343,56,103219
16907,0.00214,74.125.130.0-255,5020,71363,56,103219
16908,0.002495,74.125.130.0-255,4320,75683,56,103219
16909,0.002508,74.125.130.0-255,4320,80003,56,103219
16910,0.002672,74.125.130.0-255,2902,82905,56,103219
16911,0.003243,74.125.130.0-255,4320,87225,56,103219
16912,0.003327,74.125.130.0-255,4320,91545,56,103219
16913,0.004176,172.31.46.0-255,66,91611,56,103219
16914,0.006785,74.125.130.0-255,5738,97349,56,103219
16915,0.006792,172.31.46.0-255,66,97415,56,103219
16916,0.009385,74.125.130.0-255,5738,103153,56,103219
16917,0.009392,172.31.46.0-255,66,103219,56,103219
16918,0.0,74.125.200.0-255,152,152,56,167747
16919,2.6e-05,172.31.46.0-255,66,218,56,167747
16920,3.4e-05,74.125.200.0-255,1484,1702,56,167747
16921,3.9e-05,172.31.46.0-255,66,1768,56,167747
16922,4.3e-05,74.125.200.0-255,1484,3252,56,167747
16923,5.4e-05,172.31.46.0-255,66,3318,56,167747
16924,8e-05,74.125.200.0-255,1484,4802,56,167747
16925,8.3e-05,172.31.46.0-255,66,4868,56,167747
16926,9e-05,74.125.200.0-255,4320,9188,56,167747
16927,9.2e-05,172.31.46.0-255,66,9254,56,167747
16928,9.8e-05,74.125.200.0-255,2902,12156,56,167747
16929,0.000101,172.31.46.0-255,66,12222,56,167747
16930,0.000128,74.125.200.0-255,2094,14316,56,167747
16931,0.000131,172.31.46.0-255,66,14382,56,167747
16932,0.000194,74.125.200.0-255,1484,15866,56,167747
16933,0.000197,172.31.46.0-255,66,15932,56,167747
16934,0.00025,74.125.200.0-255,2902,18834,56,167747
16935,0.000253,172.31.46.0-255,66,18900,56,167747
16936,0.00026,74.125.200.0-255,5738,24638,56,167747
16937,0.000262,172.31.46.0-255,66,24704,56,167747
16938,0.000295,74.125.200.0-255,6797,31501,56,167747
16939,0.000298,172.31.46.0-255,66,31567,56,167747
16940,0.000333,74.125.200.0-255,4320,35887,56,167747
16941,0.000335,172.31.46.0-255,66,35953,56,167747
16942,0.000352,74.125.200.0-255,2902,38855,56,167747
16943,0.000354,172.31.46.0-255,66,38921,56,167747
16944,0.0004,74.125.200.0-255,7156,46077,56,167747
16945,0.000403,172.31.46.0-255,66,46143,56,167747
16946,0.000427,74.125.200.0-255,1484,47627,56,167747
16947,0.000429,172.31.46.0-255,66,47693,56,167747
16948,0.000482,74.125.200.0-255,7156,54849,56,167747
16949,0.000485,172.31.46.0-255,66,54915,56,167747
16950,0.000613,74.125.200.0-255,766,55681,56,167747
16951,0.000708,74.125.200.0-255,646,56327,56,167747
16952,0.000858,172.31.46.0-255,66,56393,56,167747
16953,0.000985,74.125.200.0-255,1484,57877,56,167747
16954,0.001009,74.125.200.0-255,2902,60779,56,167747
16955,0.001014,74.125.200.0-255,2902,63681,56,167747
16956,0.001022,172.31.46.0-255,66,63747,56,167747
16957,0.001037,74.125.200.0-255,1484,65231,56,167747
16958,0.001062,74.125.200.0-255,4320,69551,56,167747
16959,0.001067,172.31.46.0-255,66,69617,56,167747
16960,0.001094,74.125.200.0-255,3961,73578,56,167747
16961,0.001106,172.31.46.0-255,66,73644,56,167747
16962,0.001199,74.125.200.0-255,1484,75128,56,167747
16963,0.001203,74.125.200.0-255,1484,76612,56,167747
16964,0.001215,74.125.200.0-255,1484,78096,56,167747
16965,0.00122,172.31.46.0-255,66,78162,56,167747
16966,0.001232,74.125.200.0-255,5738,83900,56,167747
16967,0.001249,172.31.46.0-255,66,83966,56,167747
16968,0.001275,74.125.200.0-255,5738,89704,56,167747
16969,0.001287,74.125.200.0-255,1125,90829,56,167747
16970,0.001293,172.31.46.0-255,66,90895,56,167747
16971,0.001957,74.125.200.0-255,1484,92379,56,167747
16972,0.001965,74.125.200.0-255,1484,93863,56,167747
16973,0.00197,172.31.46.0-255,66,93929,56,167747
16974,0.001977,74.125.200.0-255,2902,96831,56,167747
16975,0.002004,74.125.200.0-255,5738,102569,56,167747
16976,0.002058,74.125.200.0-255,5738,108307,56,167747
16977,0.002072,74.125.200.0-255,1484,109791,56,167747
16978,0.002107,74.125.200.0-255,5738,115529,56,167747
16979,0.002127,74.125.200.0-255,2902,118431,56,167747
16980,0.002192,74.125.200.0-255,2902,121333,56,167747
16981,0.002215,74.125.200.0-255,3602,124935,56,167747
16982,0.002341,74.125.200.0-255,1484,126419,56,167747
16983,0.002358,74.125.200.0-255,2902,129321,56,167747
16984,0.00237,74.125.200.0-255,1484,130805,56,167747
16985,0.002388,74.125.200.0-255,4320,135125,56,167747
16986,0.002422,74.125.200.0-255,5738,140863,56,167747
16987,0.002441,74.125.200.0-255,7156,148019,56,167747
16988,0.002545,74.125.200.0-255,7156,155175,56,167747
16989,0.002563,74.125.200.0-255,3602,158777,56,167747
16990,0.004697,172.31.46.0-255,66,158843,56,167747
16991,0.007294,74.125.200.0-255,2902,161745,56,167747
16992,0.007301,172.31.46.0-255,66,161811,56,167747
16993,0.007329,74.125.200.0-255,2902,164713,56,167747
16994,0.009311,172.31.46.0-255,66,164779,56,167747
16995,0.009878,74.125.200.0-255,2902,167681,56,167747
16996,0.009885,172.31.46.0-255,66,167747,56,167747
16997,0.0,172.217.194.0-255,153,153,56,137208
16998,2.9e-05,172.31.46.0-255,66,219,56,137208
16999,3.5e-05,172.217.194.0-255,1484,1703,56,137208
17000,3.9e-05,172.31.46.0-255,66,1769,56,137208
17001,4.3e-05,172.217.194.0-255,2902,4671,56,137208
17002,4.6e-05,172.31.46.0-255,66,4737,56,137208
17003,7.1e-05,172.217.194.0-255,1484,6221,56,137208
17004,7.3e-05,172.31.46.0-255,66,6287,56,137208
17005,0.00011,172.217.194.0-255,5738,12025,56,137208
17006,0.000113,172.31.46.0-255,66,12091,56,137208
17007,0.000117,172.217.194.0-255,2042,14133,56,137208
17008,0.000119,172.31.46.0-255,66,14199,56,137208
17009,0.000201,172.217.194.0-255,1484,15683,56,137208
17010,0.000205,172.31.46.0-255,66,15749,56,137208
17011,0.00021,172.217.194.0-255,2902,18651,56,137208
17012,0.000212,172.31.46.0-255,66,18717,56,137208
17013,0.00024,172.217.194.0-255,5738,24455,56,137208
17014,0.000243,172.31.46.0-255,66,24521,56,137208
17015,0.000272,172.217.194.0-255,6797,31318,56,137208
17016,0.000275,172.31.46.0-255,66,31384,56,137208
17017,0.000338,172.217.194.0-255,1484,32868,56,137208
17018,0.000342,172.31.46.0-255,66,32934,56,137208
17019,0.000348,172.217.194.0-255,2902,35836,56,137208
17020,0.00035,172.31.46.0-255,66,35902,56,137208
17021,0.000382,172.217.194.0-255,5738,41640,56,137208
17022,0.000386,172.31.46.0-255,66,41706,56,137208
17023,0.000412,172.217.194.0-255,6797,48503,56,137208
17024,0.000415,172.31.46.0-255,66,48569,56,137208
17025,0.000441,172.217.194.0-255,2902,51471,56,137208
17026,0.000444,172.31.46.0-255,66,51537,56,137208
17027,0.000479,172.217.194.0-255,4320,55857,56,137208
17028,0.000483,172.31.46.0-255,66,55923,56,137208
17029,0.000489,172.217.194.0-255,5738,61661,56,137208
17030,0.000491,172.31.46.0-255,66,61727,56,137208
17031,0.000511,172.217.194.0-255,3961,65688,56,137208
17032,0.000519,172.31.46.0-255,66,65754,56,137208
17033,0.000692,172.217.194.0-255,647,66401,56,137208
17034,0.00083,172.31.46.0-255,66,66467,56,137208
17035,0.000979,172.217.194.0-255,1484,67951,56,137208
17036,0.000988,172.217.194.0-255,2902,70853,56,137208
17037,0.000992,172.31.46.0-255,66,70919,56,137208
17038,0.000996,172.217.194.0-255,1484,72403,56,137208
17039,0.001022,172.217.194.0-255,4320,76723,56,137208
17040,0.001025,172.31.46.0-255,66,76789,56,137208
17041,0.001046,172.31.46.0-255,66,76855,56,137208
17042,0.001049,172.217.194.0-255,1484,78339,56,137208
17043,0.001083,172.217.194.0-255,2902,81241,56,137208
17044,0.001087,172.31.46.0-255,66,81307,56,137208
17045,0.001119,172.31.46.0-255,66,81373,56,137208
17046,0.001133,172.31.46.0-255,66,81439,56,137208
17047,0.001136,172.217.194.0-255,1125,82564,56,137208
17048,0.001478,172.217.194.0-255,1484,84048,56,137208
17049,0.001485,172.31.46.0-255,66,84114,56,137208
17050,0.00149,172.217.194.0-255,1484,85598,56,137208
17051,0.001511,172.217.194.0-255,1484,87082,56,137208
17052,0.001513,172.31.46.0-255,66,87148,56,137208
17053,0.001519,172.217.194.0-255,5738,92886,56,137208
17054,0.001522,172.31.46.0-255,66,92952,56,137208
17055,0.001535,172.217.194.0-255,1484,94436,56,137208
17056,0.001568,172.31.46.0-255,66,94502,56,137208
17057,0.001574,172.217.194.0-255,4320,98822,56,137208
17058,0.001576,172.31.46.0-255,66,98888,56,137208
17059,0.001612,172.31.46.0-255,66,98954,56,137208
17060,0.001837,172.217.194.0-255,1484,100438,56,137208
17061,0.001853,172.217.194.0-255,2902,103340,56,137208
17062,0.001856,172.31.46.0-255,66,103406,56,137208
17063,0.001858,172.217.194.0-255,1484,104890,56,137208
17064,0.001875,172.217.194.0-255,4320,109210,56,137208
17065,0.001877,172.31.46.0-255,66,109276,56,137208
17066,0.001916,172.31.46.0-255,66,109342,56,137208
17067,0.001928,172.31.46.0-255,66,109408,56,137208
17068,0.001934,172.217.194.0-255,1484,110892,56,137208
17069,0.001955,172.217.194.0-255,2902,113794,56,137208
17070,0.001957,172.31.46.0-255,66,113860,56,137208
17071,0.001963,172.217.194.0-255,5738,119598,56,137208
17072,0.001965,172.31.46.0-255,66,119664,56,137208
17073,0.002039,172.31.46.0-255,66,119730,56,137208
17074,0.002055,172.31.46.0-255,66,119796,56,137208
17075,0.004053,172.217.194.0-255,5738,125534,56,137208
17076,0.00406,172.31.46.0-255,66,125600,56,137208
17077,0.006072,172.217.194.0-255,5738,131338,56,137208
17078,0.006079,172.31.46.0-255,66,131404,56,137208
17079,0.0081,172.217.194.0-255,5738,137142,56,137208
17080,0.008106,172.31.46.0-255,66,137208,56,137208
17081,0.0,74.125.24.0-255,149,149,56,78988
17082,2.3e-05,172.31.46.0-255,66,215,56,78988
17083,3.2e-05,74.125.24.0-255,1484,1699,56,78988
17084,3.6e-05,172.31.46.0-255,66,1765,56,78988
17085,4.3e-05,74.125.24.0-255,2902,4667,56,78988
17086,4.7e-05,172.31.46.0-255,66,4733,56,78988
17087,6.2e-05,74.125.24.0-255,7156,11889,56,78988
17088,6.6e-05,172.31.46.0-255,66,11955,56,78988
17089,7e-05,74.125.24.0-255,1910,13865,56,78988
17090,7.2e-05,172.31.46.0-255,66,13931,56,78988
17091,0.000105,74.125.24.0-255,1484,15415,56,78988
17092,0.000108,172.31.46.0-255,66,15481,56,78988
17093,0.000113,74.125.24.0-255,2902,18383,56,78988
17094,0.000116,172.31.46.0-255,66,18449,56,78988
17095,0.000121,74.125.24.0-255,2902,21351,56,78988
17096,0.000127,172.31.46.0-255,66,21417,56,78988
17097,0.000168,74.125.24.0-255,2902,24319,56,78988
17098,0.000171,172.31.46.0-255,66,24385,56,78988
17099,0.000195,74.125.24.0-255,5738,30123,56,78988
17100,0.000197,172.31.46.0-255,66,30189,56,78988
17101,0.0002,74.125.24.0-255,1125,31314,56,78988
17102,0.000202,172.31.46.0-255,66,31380,56,78988
17103,0.000273,74.125.24.0-255,1484,32864,56,78988
17104,0.000277,172.31.46.0-255,66,32930,56,78988
17105,0.000304,74.125.24.0-255,2902,35832,56,78988
17106,0.000307,172.31.46.0-255,66,35898,56,78988
17107,0.000311,74.125.24.0-255,2902,38800,56,78988
17108,0.000313,172.31.46.0-255,66,38866,56,78988
17109,0.000326,74.125.24.0-255,7156,46022,56,78988
17110,0.000328,172.31.46.0-255,66,46088,56,78988
17111,0.000358,74.125.24.0-255,2902,48990,56,78988
17112,0.000361,172.31.46.0-255,66,49056,56,78988
17113,0.000416,74.125.24.0-255,1484,50540,56,78988
17114,0.000425,74.125.24.0-255,1471,52011,56,78988
17115,0.000428,74.125.24.0-255,331,52342,56,78988
17116,0.000563,172.31.46.0-255,66,52408,56,78988
17117,0.000959,74.125.24.0-255,1484,53892,56,78988
17118,0.000966,74.125.24.0-255,2902,56794,56,78988
17119,0.000977,74.125.24.0-255,1484,58278,56,78988
17120,0.000988,172.31.46.0-255,66,58344,56,78988
17121,0.000995,74.125.24.0-255,4320,62664,56,78988
17122,0.001013,172.31.46.0-255,66,62730,56,78988
17123,0.001052,172.31.46.0-255,66,62796,56,78988
17124,0.001075,172.31.46.0-255,66,62862,56,78988
17125,0.002238,74.125.24.0-255,1484,64346,56,78988
17126,0.002247,74.125.24.0-255,1484,65830,56,78988
17127,0.002252,172.31.46.0-255,66,65896,56,78988
17128,0.002278,74.125.24.0-255,1484,67380,56,78988
17129,0.002285,74.125.24.0-255,5738,73118,56,78988
17130,0.007727,172.31.46.0-255,66,73184,56,78988
17131,0.009967,74.125.24.0-255,5738,78922,56,78988
17132,0.009976,172.31.46.0-255,66,78988,56,78988
17133,0.0,74.125.24.0-255,153,153,56,128695
17134,2.1e-05,172.31.46.0-255,66,219,56,128695
17135,2.9e-05,74.125.24.0-255,1484,1703,56,128695
17136,3.3e-05,172.31.46.0-255,66,1769,56,128695
17137,3.8e-05,74.125.24.0-255,2902,4671,56,128695
17138,4.1e-05,172.31.46.0-255,66,4737,56,128695
17139,4.9e-05,74.125.24.0-255,5738,10475,56,128695
17140,5.2e-05,172.31.46.0-255,66,10541,56,128695
17141,8.5e-05,172.31.46.0-255,66,10607,56,128695
17142,0.00011,74.125.24.0-255,4791,15398,56,128695
17143,0.000113,172.31.46.0-255,66,15464,56,128695
17144,0.000125,172.31.46.0-255,66,15530,56,128695
17145,0.000144,74.125.24.0-255,2902,18432,56,128695
17146,0.000146,172.31.46.0-255,66,18498,56,128695
17147,0.000168,172.31.46.0-255,66,18564,56,128695
17148,0.000184,74.125.24.0-255,1484,20048,56,128695
17149,0.000187,172.31.46.0-255,66,20114,56,128695
17150,0.000211,74.125.24.0-255,1484,21598,56,128695
17151,0.000213,172.31.46.0-255,66,21664,56,128695
17152,0.000218,74.125.24.0-255,4320,25984,56,128695
17153,0.000221,172.31.46.0-255,66,26050,56,128695
17154,0.000228,74.125.24.0-255,7156,33206,56,128695
17155,0.000231,172.31.46.0-255,66,33272,56,128695
17156,0.000252,74.125.24.0-255,1484,34756,56,128695
17157,0.000255,172.31.46.0-255,66,34822,56,128695
17158,0.000258,74.125.24.0-255,1404,36226,56,128695
17159,0.00026,172.31.46.0-255,66,36292,56,128695
17160,0.000492,74.125.24.0-255,129,36421,56,128695
17161,0.000497,172.31.46.0-255,66,36487,56,128695
17162,0.000519,74.125.24.0-255,1484,37971,56,128695
17163,0.000543,74.125.24.0-255,2902,40873,56,128695
17164,0.000547,172.31.46.0-255,66,40939,56,128695
17165,0.00056,74.125.24.0-255,2902,43841,56,128695
17166,0.000563,172.31.46.0-255,66,43907,56,128695
17167,0.000587,74.125.24.0-255,2902,46809,56,128695
17168,0.00059,172.31.46.0-255,66,46875,56,128695
17169,0.000605,172.31.46.0-255,66,46941,56,128695
17170,0.000618,172.31.46.0-255,66,47007,56,128695
17171,0.000718,74.125.24.0-255,1484,48491,56,128695
17172,0.000743,74.125.24.0-255,2902,51393,56,128695
17173,0.000748,74.125.24.0-255,2902,54295,56,128695
17174,0.000752,172.31.46.0-255,66,54361,56,128695
17175,0.000756,172.31.46.0-255,66,54427,56,128695
17176,0.000779,74.125.24.0-255,2902,57329,56,128695
17177,0.000782,172.31.46.0-255,66,57395,56,128695
17178,0.000794,172.31.46.0-255,66,57461,56,128695
17179,0.00086,172.31.46.0-255,66,57527,56,128695
17180,0.001078,74.125.24.0-255,1484,59011,56,128695
17181,0.001084,74.125.24.0-255,2902,61913,56,128695
17182,0.001087,172.31.46.0-255,66,61979,56,128695
17183,0.001092,74.125.24.0-255,1484,63463,56,128695
17184,0.001107,74.125.24.0-255,2902,66365,56,128695
17185,0.001109,172.31.46.0-255,66,66431,56,128695
17186,0.001113,74.125.24.0-255,2902,69333,56,128695
17187,0.001116,172.31.46.0-255,66,69399,56,128695
17188,0.001137,74.125.24.0-255,2902,72301,56,128695
17189,0.001143,74.125.24.0-255,5738,78039,56,128695
17190,0.001147,172.31.46.0-255,66,78105,56,128695
17191,0.00115,172.31.46.0-255,66,78171,56,128695
17192,0.001163,74.125.24.0-255,5738,83909,56,128695
17193,0.001165,172.31.46.0-255,66,83975,56,128695
17194,0.001184,74.125.24.0-255,1484,85459,56,128695
17195,0.001191,74.125.24.0-255,6438,91897,56,128695
17196,0.001194,172.31.46.0-255,66,91963,56,128695
17197,0.001245,172.31.46.0-255,66,92029,56,128695
17198,0.001259,172.31.46.0-255,66,92095,56,128695
17199,0.001265,74.125.24.0-255,4320,96415,56,128695
17200,0.001268,172.31.46.0-255,66,96481,56,128695
17201,0.001293,74.125.24.0-255,2902,99383,56,128695
17202,0.001295,172.31.46.0-255,66,99449,56,128695
17203,0.001306,172.31.46.0-255,66,99515,56,128695
17204,0.001321,172.31.46.0-255,66,99581,56,128695
17205,0.001345,74.125.24.0-255,4320,103901,56,128695
17206,0.001349,172.31.46.0-255,66,103967,56,128695
17207,0.001352,74.125.24.0-255,766,104733,56,128695
17208,0.001356,74.125.24.0-255,2902,107635,56,128695
17209,0.001358,172.31.46.0-255,66,107701,56,128695
17210,0.001386,172.31.46.0-255,66,107767,56,128695
17211,0.001421,74.125.24.0-255,4320,112087,56,128695
17212,0.001424,172.31.46.0-255,66,112153,56,128695
17213,0.001436,172.31.46.0-255,66,112219,56,128695
17214,0.001452,172.31.46.0-255,66,112285,56,128695
17215,0.001503,172.31.46.0-255,66,112351,56,128695
17216,0.001518,172.31.46.0-255,66,112417,56,128695
17217,0.001532,172.31.46.0-255,66,112483,56,128695
17218,0.001548,172.31.46.0-255,66,112549,56,128695
17219,0.001601,172.31.46.0-255,66,112615,56,128695
17220,0.001633,74.125.24.0-255,4320,116935,56,128695
17221,0.001675,74.125.24.0-255,766,117701,56,128695
17222,0.001684,172.31.46.0-255,66,117767,56,128695
17223,0.001688,172.31.46.0-255,66,117833,56,128695
17224,0.00169,172.31.46.0-255,66,117899,56,128695
17225,0.001693,172.31.46.0-255,66,117965,56,128695
17226,0.001885,74.125.24.0-255,1484,119449,56,128695
17227,0.00189,172.31.46.0-255,66,119515,56,128695
17228,0.001895,74.125.24.0-255,2902,122417,56,128695
17229,0.001897,172.31.46.0-255,66,122483,56,128695
17230,0.001904,74.125.24.0-255,5738,128221,56,128695
17231,0.001906,172.31.46.0-255,66,128287,56,128695
17232,0.001942,172.31.46.0-255,66,128353,56,128695
17233,0.001973,74.125.24.0-255,105,128458,56,128695
17234,0.004158,172.31.46.0-255,66,128524,56,128695
17235,0.004194,172.31.46.0-255,105,128629,56,128695
17236,0.006422,74.125.24.0-255,66,128695,56,128695
17237,0.0,172.217.194.0-255,147,147,56,199316
17238,1.8e-05,172.31.46.0-255,66,213,56,199316
17239,2.4e-05,172.217.194.0-255,1484,1697,56,199316
17240,2.8e-05,172.31.46.0-255,66,1763,56,199316
17241,3.5e-05,172.217.194.0-255,2902,4665,56,199316
17242,4.7e-05,172.31.46.0-255,66,4731,56,199316
17243,5.4e-05,172.217.194.0-255,5738,10469,56,199316
17244,5.8e-05,172.31.46.0-255,66,10535,56,199316
17245,0.000143,172.31.46.0-255,66,10601,56,199316
17246,0.000151,172.217.194.0-255,6797,17398,56,199316
17247,0.000154,172.31.46.0-255,66,17464,56,199316
17248,0.000162,172.217.194.0-255,7156,24620,56,199316
17249,0.000164,172.31.46.0-255,66,24686,56,199316
17250,0.000171,172.217.194.0-255,4320,29006,56,199316
17251,0.000174,172.31.46.0-255,66,29072,56,199316
17252,0.000209,172.217.194.0-255,2902,31974,56,199316
17253,0.000212,172.31.46.0-255,66,32040,56,199316
17254,0.000226,172.31.46.0-255,66,32106,56,199316
17255,0.000253,172.217.194.0-255,3961,36067,56,199316
17256,0.000256,172.31.46.0-255,66,36133,56,199316
17257,0.000265,172.217.194.0-255,2797,38930,56,199316
17258,0.000267,172.31.46.0-255,66,38996,56,199316
17259,0.00027,172.217.194.0-255,434,39430,56,199316
17260,0.000271,172.31.46.0-255,66,39496,56,199316
17261,0.00042,172.217.194.0-255,1484,40980,56,199316
17262,0.000425,172.31.46.0-255,66,41046,56,199316
17263,0.00043,172.217.194.0-255,2902,43948,56,199316
17264,0.000432,172.31.46.0-255,66,44014,56,199316
17265,0.000438,172.217.194.0-255,5738,49752,56,199316
17266,0.000446,172.31.46.0-255,66,49818,56,199316
17267,0.00056,172.217.194.0-255,1484,51302,56,199316
17268,0.000572,172.217.194.0-255,2902,54204,56,199316
17269,0.00059,172.217.194.0-255,5738,59942,56,199316
17270,0.000631,172.217.194.0-255,2902,62844,56,199316
17271,0.000674,172.31.46.0-255,66,62910,56,199316
17272,0.000733,172.217.194.0-255,1484,64394,56,199316
17273,0.000739,172.217.194.0-255,2902,67296,56,199316
17274,0.000746,172.217.194.0-255,5738,73034,56,199316
17275,0.000764,172.217.194.0-255,5738,78772,56,199316
17276,0.00077,172.31.46.0-255,66,78838,56,199316
17277,0.000806,172.217.194.0-255,7156,85994,56,199316
17278,0.000837,172.31.46.0-255,66,86060,56,199316
17279,0.001008,172.217.194.0-255,1484,87544,56,199316
17280,0.001014,172.217.194.0-255,2902,90446,56,199316
17281,0.001028,172.217.194.0-255,5738,96184,56,199316
17282,0.001031,172.217.194.0-255,1484,97668,56,199316
17283,0.001041,172.31.46.0-255,66,97734,56,199316
17284,0.001053,172.217.194.0-255,4320,102054,56,199316
17285,0.001055,172.217.194.0-255,1484,103538,56,199316
17286,0.00106,172.31.46.0-255,66,103604,56,199316
17287,0.00111,172.217.194.0-255,5020,108624,56,199316
17288,0.001119,172.31.46.0-255,66,108690,56,199316
17289,0.001142,172.217.194.0-255,1484,110174,56,199316
17290,0.001146,172.217.194.0-255,2902,113076,56,199316
17291,0.001161,172.31.46.0-255,66,113142,56,199316
17292,0.001181,172.217.194.0-255,5738,118880,56,199316
17293,0.00119,172.217.194.0-255,7156,126036,56,199316
17294,0.001208,172.217.194.0-255,5738,131774,56,199316
17295,0.001216,172.31.46.0-255,66,131840,56,199316
17296,0.001248,172.217.194.0-255,7156,138996,56,199316
17297,0.001258,172.31.46.0-255,66,139062,56,199316
17298,0.00127,172.217.194.0-255,5020,144082,56,199316
17299,0.00129,172.31.46.0-255,66,144148,56,199316
17300,0.001322,172.217.194.0-255,1484,145632,56,199316
17301,0.001345,172.217.194.0-255,3602,149234,56,199316
17302,0.001395,172.31.46.0-255,66,149300,56,199316
17303,0.001409,172.217.194.0-255,4320,153620,56,199316
17304,0.00145,172.31.46.0-255,66,153686,56,199316
17305,0.001501,172.31.46.0-255,66,153752,56,199316
17306,0.001524,172.217.194.0-255,2902,156654,56,199316
17307,0.001529,172.217.194.0-255,5738,162392,56,199316
17308,0.001537,172.31.46.0-255,66,162458,56,199316
17309,0.001564,172.217.194.0-255,6438,168896,56,199316
17310,0.001589,172.31.46.0-255,66,168962,56,199316
17311,0.001597,172.217.194.0-255,7156,176118,56,199316
17312,0.001609,172.31.46.0-255,66,176184,56,199316
17313,0.001663,172.31.46.0-255,66,176250,56,199316
17314,0.001728,172.217.194.0-255,3602,179852,56,199316
17315,0.001748,172.31.46.0-255,66,179918,56,199316
17316,0.001923,172.217.194.0-255,1484,181402,56,199316
17317,0.00193,172.217.194.0-255,2902,184304,56,199316
17318,0.001943,172.31.46.0-255,66,184370,56,199316
17319,0.001954,172.217.194.0-255,2902,187272,56,199316
17320,0.00197,172.217.194.0-255,2902,190174,56,199316
17321,0.001975,172.217.194.0-255,4320,194494,56,199316
17322,0.001992,172.31.46.0-255,66,194560,56,199316
17323,0.001999,172.217.194.0-255,4488,199048,56,199316
17324,0.002001,172.217.194.0-255,97,199145,56,199316
17325,0.002015,172.217.194.0-255,105,199250,56,199316
17326,0.002019,172.31.46.0-255,66,199316,56,199316
17327,0.0,172.217.194.0-255,146,146,56,118790
17328,2.2e-05,172.31.46.0-255,66,212,56,118790
17329,3e-05,172.217.194.0-255,1484,1696,56,118790
17330,3.4e-05,172.31.46.0-255,66,1762,56,118790
17331,4.7e-05,172.217.194.0-255,2902,4664,56,118790
17332,5e-05,172.31.46.0-255,66,4730,56,118790
17333,5.7e-05,172.217.194.0-255,5738,10468,56,118790
17334,5.9e-05,172.31.46.0-255,66,10534,56,118790
17335,6.6e-05,172.217.194.0-255,5738,16272,56,118790
17336,7e-05,172.31.46.0-255,66,16338,56,118790
17337,0.000113,172.31.46.0-255,66,16404,56,118790
17338,0.00012,172.217.194.0-255,6797,23201,56,118790
17339,0.000123,172.31.46.0-255,66,23267,56,118790
17340,0.000151,172.217.194.0-255,7156,30423,56,118790
17341,0.000154,172.31.46.0-255,66,30489,56,118790
17342,0.000158,172.217.194.0-255,2902,33391,56,118790
17343,0.00016,172.31.46.0-255,66,33457,56,118790
17344,0.000198,172.31.46.0-255,66,33523,56,118790
17345,0.00024,172.31.46.0-255,66,33589,56,118790
17346,0.000339,172.217.194.0-255,1484,35073,56,118790
17347,0.000343,172.31.46.0-255,66,35139,56,118790
17348,0.000349,172.217.194.0-255,2902,38041,56,118790
17349,0.000351,172.31.46.0-255,66,38107,56,118790
17350,0.000387,172.217.194.0-255,4320,42427,56,118790
17351,0.00039,172.31.46.0-255,66,42493,56,118790
17352,0.000421,172.217.194.0-255,1484,43977,56,118790
17353,0.000424,172.31.46.0-255,66,44043,56,118790
17354,0.000436,172.217.194.0-255,7156,51199,56,118790
17355,0.000438,172.31.46.0-255,66,51265,56,118790
17356,0.000454,172.31.46.0-255,66,51331,56,118790
17357,0.000458,172.217.194.0-255,2184,53515,56,118790
17358,0.00046,172.31.46.0-255,66,53581,56,118790
17359,0.000465,172.217.194.0-255,2902,56483,56,118790
17360,0.000467,172.31.46.0-255,66,56549,56,118790
17361,0.000523,172.31.46.0-255,66,56615,56,118790
17362,0.000545,172.31.46.0-255,66,56681,56,118790
17363,0.000557,172.31.46.0-255,66,56747,56,118790
17364,0.00056,172.217.194.0-255,1484,58231,56,118790
17365,0.000593,172.217.194.0-255,6438,64669,56,118790
17366,0.000596,172.31.46.0-255,66,64735,56,118790
17367,0.000641,172.217.194.0-255,1484,66219,56,118790
17368,0.000646,172.217.194.0-255,2902,69121,56,118790
17369,0.000649,172.31.46.0-255,66,69187,56,118790
17370,0.00068,172.217.194.0-255,5738,74925,56,118790
17371,0.000683,172.31.46.0-255,66,74991,56,118790
17372,0.000702,172.31.46.0-255,66,75057,56,118790
17373,0.000737,172.31.46.0-255,66,75123,56,118790
17374,0.000917,172.217.194.0-255,1484,76607,56,118790
17375,0.000923,172.217.194.0-255,1484,78091,56,118790
17376,0.000927,172.31.46.0-255,66,78157,56,118790
17377,0.000957,172.217.194.0-255,1484,79641,56,118790
17378,0.000964,172.217.194.0-255,5738,85379,56,118790
17379,0.000967,172.31.46.0-255,66,85445,56,118790
17380,0.000981,172.31.46.0-255,66,85511,56,118790
17381,0.000997,172.31.46.0-255,66,85577,56,118790
17382,0.001025,172.217.194.0-255,2184,87761,56,118790
17383,0.001028,172.31.46.0-255,66,87827,56,118790
17384,0.001166,172.217.194.0-255,1484,89311,56,118790
17385,0.00118,172.217.194.0-255,2902,92213,56,118790
17386,0.001184,172.31.46.0-255,66,92279,56,118790
17387,0.001189,172.217.194.0-255,2902,95181,56,118790
17388,0.001192,172.31.46.0-255,66,95247,56,118790
17389,0.001219,172.217.194.0-255,2902,98149,56,118790
17390,0.001222,172.31.46.0-255,66,98215,56,118790
17391,0.001233,172.31.46.0-255,66,98281,56,118790
17392,0.001268,172.217.194.0-255,4320,102601,56,118790
17393,0.001271,172.31.46.0-255,66,102667,56,118790
17394,0.001274,172.217.194.0-255,1484,104151,56,118790
17395,0.001303,172.31.46.0-255,66,104217,56,118790
17396,0.001318,172.31.46.0-255,66,104283,56,118790
17397,0.001365,172.217.194.0-255,1484,105767,56,118790
17398,0.001396,172.31.46.0-255,66,105833,56,118790
17399,0.001408,172.31.46.0-255,66,105899,56,118790
17400,0.001432,172.31.46.0-255,66,105965,56,118790
17401,0.001436,172.217.194.0-255,2902,108867,56,118790
17402,0.001438,172.31.46.0-255,66,108933,56,118790
17403,0.001491,172.31.46.0-255,66,108999,56,118790
17404,0.001516,172.31.46.0-255,66,109065,56,118790
17405,0.001549,172.217.194.0-255,2184,111249,56,118790
17406,0.001582,172.31.46.0-255,66,111315,56,118790
17407,0.001639,172.217.194.0-255,7137,118452,56,118790
17408,0.001642,172.217.194.0-255,105,118557,56,118790
17409,0.001663,172.31.46.0-255,66,118623,56,118790
17410,0.002764,172.31.46.0-255,101,118724,56,118790
17411,0.004825,172.217.194.0-255,66,118790,56,118790
17412,0.0,74.125.24.0-255,145,145,56,94188
17413,2.4e-05,172.31.46.0-255,66,211,56,94188
17414,3.2e-05,74.125.24.0-255,1484,1695,56,94188
17415,3.6e-05,172.31.46.0-255,66,1761,56,94188
17416,4.1e-05,74.125.24.0-255,2902,4663,56,94188
17417,4.4e-05,172.31.46.0-255,66,4729,56,94188
17418,4.8e-05,74.125.24.0-255,1484,6213,56,94188
17419,5e-05,172.31.46.0-255,66,6279,56,94188
17420,5.8e-05,74.125.24.0-255,5738,12017,56,94188
17421,6e-05,172.31.46.0-255,66,12083,56,94188
17422,8e-05,74.125.24.0-255,2079,14162,56,94188
17423,8.3e-05,172.31.46.0-255,66,14228,56,94188
17424,0.000348,74.125.24.0-255,1484,15712,56,94188
17425,0.000354,172.31.46.0-255,66,15778,56,94188
17426,0.00036,74.125.24.0-255,2902,18680,56,94188
17427,0.000362,172.31.46.0-255,66,18746,56,94188
17428,0.000369,74.125.24.0-255,5738,24484,56,94188
17429,0.000371,172.31.46.0-255,66,24550,56,94188
17430,0.00041,74.125.24.0-255,4320,28870,56,94188
17431,0.000413,172.31.46.0-255,66,28936,56,94188
17432,0.000431,74.125.24.0-255,2543,31479,56,94188
17433,0.000434,172.31.46.0-255,66,31545,56,94188
17434,0.000651,74.125.24.0-255,1484,33029,56,94188
17435,0.000656,172.31.46.0-255,66,33095,56,94188
17436,0.000663,74.125.24.0-255,2902,35997,56,94188
17437,0.000665,172.31.46.0-255,66,36063,56,94188
17438,0.000672,74.125.24.0-255,5738,41801,56,94188
17439,0.000674,172.31.46.0-255,66,41867,56,94188
17440,0.00078,172.31.46.0-255,66,41933,56,94188
17441,0.001238,74.125.24.0-255,645,42578,56,94188
17442,0.001373,74.125.24.0-255,1484,44062,56,94188
17443,0.001379,74.125.24.0-255,2902,46964,56,94188
17444,0.001382,74.125.24.0-255,2902,49866,56,94188
17445,0.001396,74.125.24.0-255,2902,52768,56,94188
17446,0.001403,74.125.24.0-255,4320,57088,56,94188
17447,0.001968,74.125.24.0-255,1484,58572,56,94188
17448,0.001984,74.125.24.0-255,1484,60056,56,94188
17449,0.002005,74.125.24.0-255,1484,61540,56,94188
17450,0.002012,74.125.24.0-255,5738,67278,56,94188
17451,0.002036,74.125.24.0-255,4320,71598,56,94188
17452,0.002382,74.125.24.0-255,1484,73082,56,94188
17453,0.002403,74.125.24.0-255,2902,75984,56,94188
17454,0.002409,74.125.24.0-255,5738,81722,56,94188
17455,0.003965,172.31.46.0-255,66,81788,56,94188
17456,0.003974,172.31.46.0-255,66,81854,56,94188
17457,0.003988,172.31.46.0-255,66,81920,56,94188
17458,0.003991,172.31.46.0-255,66,81986,56,94188
17459,0.003994,172.31.46.0-255,66,82052,56,94188
17460,0.003996,172.31.46.0-255,66,82118,56,94188
17461,0.004,172.31.46.0-255,66,82184,56,94188
17462,0.004002,172.31.46.0-255,66,82250,56,94188
17463,0.004006,172.31.46.0-255,66,82316,56,94188
17464,0.00401,172.31.46.0-255,66,82382,56,94188
17465,0.004012,172.31.46.0-255,66,82448,56,94188
17466,0.004015,172.31.46.0-255,66,82514,56,94188
17467,0.004089,172.31.46.0-255,66,82580,56,94188
17468,0.006528,74.125.24.0-255,5738,88318,56,94188
17469,0.006545,172.31.46.0-255,66,88384,56,94188
17470,0.008891,74.125.24.0-255,5738,94122,56,94188
17471,0.008907,172.31.46.0-255,66,94188,56,94188
17472,0.0,172.217.194.0-255,147,147,56,187207
17473,2.4e-05,172.31.46.0-255,66,213,56,187207
17474,3.1e-05,172.217.194.0-255,1484,1697,56,187207
17475,3.6e-05,172.31.46.0-255,66,1763,56,187207
17476,5.3e-05,172.217.194.0-255,2902,4665,56,187207
17477,5.8e-05,172.31.46.0-255,66,4731,56,187207
17478,6.4e-05,172.217.194.0-255,4320,9051,56,187207
17479,6.8e-05,172.31.46.0-255,66,9117,56,187207
17480,8.4e-05,172.31.46.0-255,66,9183,56,187207
17481,9.1e-05,172.217.194.0-255,7156,16339,56,187207
17482,9.4e-05,172.31.46.0-255,66,16405,56,187207
17483,0.000138,172.217.194.0-255,5379,21784,56,187207
17484,0.000141,172.31.46.0-255,66,21850,56,187207
17485,0.000186,172.217.194.0-255,1484,23334,56,187207
17486,0.000189,172.31.46.0-255,66,23400,56,187207
17487,0.000194,172.217.194.0-255,2902,26302,56,187207
17488,0.000197,172.31.46.0-255,66,26368,56,187207
17489,0.000228,172.217.194.0-255,5738,32106,56,187207
17490,0.000231,172.31.46.0-255,66,32172,56,187207
17491,0.000237,172.217.194.0-255,5738,37910,56,187207
17492,0.000239,172.31.46.0-255,66,37976,56,187207
17493,0.000265,172.217.194.0-255,7156,45132,56,187207
17494,0.000268,172.31.46.0-255,66,45198,56,187207
17495,0.0003,172.217.194.0-255,5738,50936,56,187207
17496,0.000303,172.31.46.0-255,66,51002,56,187207
17497,0.000309,172.217.194.0-255,5331,56333,56,187207
17498,0.000311,172.31.46.0-255,66,56399,56,187207
17499,0.000318,172.217.194.0-255,366,56765,56,187207
17500,0.00032,172.31.46.0-255,66,56831,56,187207
17501,0.000453,172.217.194.0-255,1484,58315,56,187207
17502,0.000458,172.31.46.0-255,66,58381,56,187207
17503,0.000464,172.217.194.0-255,2902,61283,56,187207
17504,0.000466,172.31.46.0-255,66,61349,56,187207
17505,0.000472,172.217.194.0-255,5738,67087,56,187207
17506,0.000479,172.31.46.0-255,66,67153,56,187207
17507,0.000485,172.217.194.0-255,5738,72891,56,187207
17508,0.000488,172.31.46.0-255,66,72957,56,187207
17509,0.000523,172.217.194.0-255,2902,75859,56,187207
17510,0.000526,172.31.46.0-255,66,75925,56,187207
17511,0.000537,172.31.46.0-255,66,75991,56,187207
17512,0.000548,172.217.194.0-255,4471,80462,56,187207
17513,0.00055,172.31.46.0-255,66,80528,56,187207
17514,0.000888,172.217.194.0-255,1484,82012,56,187207
17515,0.000896,172.217.194.0-255,2902,84914,56,187207
17516,0.0009,172.31.46.0-255,66,84980,56,187207
17517,0.000907,172.217.194.0-255,5738,90718,56,187207
17518,0.000909,172.31.46.0-255,66,90784,56,187207
17519,0.000946,172.31.46.0-255,66,90850,56,187207
17520,0.000952,172.217.194.0-255,5738,96588,56,187207
17521,0.000954,172.31.46.0-255,66,96654,56,187207
17522,0.000991,172.217.194.0-255,5020,101674,56,187207
17523,0.000994,172.31.46.0-255,66,101740,56,187207
17524,0.001,172.217.194.0-255,5738,107478,56,187207
17525,0.001002,172.31.46.0-255,66,107544,56,187207
17526,0.00103,172.31.46.0-255,66,107610,56,187207
17527,0.00106,172.217.194.0-255,1484,109094,56,187207
17528,0.001065,172.217.194.0-255,2902,111996,56,187207
17529,0.001067,172.31.46.0-255,66,112062,56,187207
17530,0.001074,172.217.194.0-255,5738,117800,56,187207
17531,0.001076,172.31.46.0-255,66,117866,56,187207
17532,0.001079,172.217.194.0-255,1484,119350,56,187207
17533,0.001134,172.31.46.0-255,66,119416,56,187207
17534,0.001145,172.31.46.0-255,66,119482,56,187207
17535,0.001153,172.217.194.0-255,2184,121666,56,187207
17536,0.001156,172.31.46.0-255,66,121732,56,187207
17537,0.001268,172.217.194.0-255,1484,123216,56,187207
17538,0.001275,172.217.194.0-255,2902,126118,56,187207
17539,0.001278,172.31.46.0-255,66,126184,56,187207
17540,0.001333,172.217.194.0-255,5738,131922,56,187207
17541,0.001337,172.31.46.0-255,66,131988,56,187207
17542,0.001365,172.217.194.0-255,2902,134890,56,187207
17543,0.001368,172.31.46.0-255,66,134956,56,187207
17544,0.001398,172.31.46.0-255,66,135022,56,187207
17545,0.001403,172.217.194.0-255,2902,137924,56,187207
17546,0.001406,172.31.46.0-255,66,137990,56,187207
17547,0.001454,172.217.194.0-255,4320,142310,56,187207
17548,0.001458,172.31.46.0-255,66,142376,56,187207
17549,0.001498,172.31.46.0-255,66,142442,56,187207
17550,0.001511,172.31.46.0-255,66,142508,56,187207
17551,0.001541,172.217.194.0-255,3602,146110,56,187207
17552,0.001544,172.31.46.0-255,66,146176,56,187207
17553,0.00156,172.31.46.0-255,66,146242,56,187207
17554,0.001606,172.31.46.0-255,66,146308,56,187207
17555,0.001666,172.217.194.0-255,1484,147792,56,187207
17556,0.00173,172.217.194.0-255,1484,149276,56,187207
17557,0.001747,172.217.194.0-255,2902,152178,56,187207
17558,0.001753,172.217.194.0-255,5738,157916,56,187207
17559,0.001812,172.217.194.0-255,5738,163654,56,187207
17560,0.001831,172.217.194.0-255,7156,170810,56,187207
17561,0.001843,172.217.194.0-255,4320,175130,56,187207
17562,0.001855,172.217.194.0-255,2902,178032,56,187207
17563,0.001869,172.217.194.0-255,5738,183770,56,187207
17564,0.001896,172.217.194.0-255,2184,185954,56,187207
17565,0.001912,172.217.194.0-255,977,186931,56,187207
17566,0.001923,172.217.194.0-255,105,187036,56,187207
17567,0.005917,172.31.46.0-255,66,187102,56,187207
17568,0.008836,172.31.46.0-255,105,187207,56,187207
17569,0.0,74.125.200.0-255,153,153,56,108867
17570,2.5e-05,172.31.46.0-255,66,219,56,108867
17571,3.3e-05,74.125.200.0-255,1484,1703,56,108867
17572,3.9e-05,172.31.46.0-255,66,1769,56,108867
17573,5.2e-05,74.125.200.0-255,2902,4671,56,108867
17574,5.6e-05,172.31.46.0-255,66,4737,56,108867
17575,6.1e-05,74.125.200.0-255,2902,7639,56,108867
17576,6.5e-05,172.31.46.0-255,66,7705,56,108867
17577,7.1e-05,74.125.200.0-255,4320,12025,56,108867
17578,7.4e-05,172.31.46.0-255,66,12091,56,108867
17579,7.8e-05,74.125.200.0-255,2094,14185,56,108867
17580,8.1e-05,172.31.46.0-255,66,14251,56,108867
17581,0.001309,74.125.200.0-255,1484,15735,56,108867
17582,0.00132,172.31.46.0-255,66,15801,56,108867
17583,0.00133,74.125.200.0-255,2902,18703,56,108867
17584,0.001333,172.31.46.0-255,66,18769,56,108867
17585,0.001347,74.125.200.0-255,5738,24507,56,108867
17586,0.00135,172.31.46.0-255,66,24573,56,108867
17587,0.001354,74.125.200.0-255,2902,27475,56,108867
17588,0.001356,172.31.46.0-255,66,27541,56,108867
17589,0.001362,74.125.200.0-255,3961,31502,56,108867
17590,0.001364,172.31.46.0-255,66,31568,56,108867
17591,0.001401,74.125.200.0-255,7156,38724,56,108867
17592,0.001405,172.31.46.0-255,66,38790,56,108867
17593,0.001441,172.31.46.0-255,66,38856,56,108867
17594,0.001444,74.125.200.0-255,1125,39981,56,108867
17595,0.001446,172.31.46.0-255,66,40047,56,108867
17596,0.001576,74.125.200.0-255,1484,41531,56,108867
17597,0.001581,172.31.46.0-255,66,41597,56,108867
17598,0.001587,74.125.200.0-255,2902,44499,56,108867
17599,0.00159,172.31.46.0-255,66,44565,56,108867
17600,0.0016,74.125.200.0-255,4320,48885,56,108867
17601,0.001602,172.31.46.0-255,66,48951,56,108867
17602,0.00165,74.125.200.0-255,5738,54689,56,108867
17603,0.001653,172.31.46.0-255,66,54755,56,108867
17604,0.001678,74.125.200.0-255,2543,57298,56,108867
17605,0.001681,172.31.46.0-255,66,57364,56,108867
17606,0.001703,74.125.200.0-255,363,57727,56,108867
17607,0.00182,74.125.200.0-255,380,58107,56,108867
17608,0.001965,74.125.200.0-255,1484,59591,56,108867
17609,0.001967,172.31.46.0-255,66,59657,56,108867
17610,0.001972,74.125.200.0-255,2902,62559,56,108867
17611,0.001974,172.31.46.0-255,66,62625,56,108867
17612,0.002025,74.125.200.0-255,1484,64109,56,108867
17613,0.00203,74.125.200.0-255,2902,67011,56,108867
17614,0.002032,172.31.46.0-255,66,67077,56,108867
17615,0.002059,74.125.200.0-255,5738,72815,56,108867
17616,0.002062,172.31.46.0-255,66,72881,56,108867
17617,0.002108,74.125.200.0-255,2543,75424,56,108867
17618,0.002111,172.31.46.0-255,66,75490,56,108867
17619,0.002137,74.125.200.0-255,2902,78392,56,108867
17620,0.00214,172.31.46.0-255,66,78458,56,108867
17621,0.002163,74.125.200.0-255,1484,79942,56,108867
17622,0.002178,74.125.200.0-255,2902,82844,56,108867
17623,0.002181,172.31.46.0-255,66,82910,56,108867
17624,0.002207,74.125.200.0-255,4320,87230,56,108867
17625,0.00221,172.31.46.0-255,66,87296,56,108867
17626,0.002249,74.125.200.0-255,1484,88780,56,108867
17627,0.002263,74.125.200.0-255,2902,91682,56,108867
17628,0.002266,172.31.46.0-255,66,91748,56,108867
17629,0.002298,74.125.200.0-255,1125,92873,56,108867
17630,0.004772,74.125.200.0-255,4320,97193,56,108867
17631,0.004784,172.31.46.0-255,66,97259,56,108867
17632,0.007302,74.125.200.0-255,5738,102997,56,108867
17633,0.007316,172.31.46.0-255,66,103063,56,108867
17634,0.009862,74.125.200.0-255,5738,108801,56,108867
17635,0.009879,172.31.46.0-255,66,108867,56,108867
17636,0.0,74.125.24.0-255,152,152,56,156731
17637,2.6e-05,172.31.46.0-255,66,218,56,156731
17638,3.5e-05,74.125.24.0-255,1484,1702,56,156731
17639,4.1e-05,172.31.46.0-255,66,1768,56,156731
17640,4.8e-05,74.125.24.0-255,2902,4670,56,156731
17641,6e-05,172.31.46.0-255,66,4736,56,156731
17642,6.9e-05,74.125.24.0-255,7156,11892,56,156731
17643,7.2e-05,172.31.46.0-255,66,11958,56,156731
17644,7.7e-05,74.125.24.0-255,1972,13930,56,156731
17645,8e-05,172.31.46.0-255,66,13996,56,156731
17646,0.000251,74.125.24.0-255,1484,15480,56,156731
17647,0.000256,172.31.46.0-255,66,15546,56,156731
17648,0.000263,74.125.24.0-255,2902,18448,56,156731
17649,0.000266,172.31.46.0-255,66,18514,56,156731
17650,0.000294,74.125.24.0-255,1484,19998,56,156731
17651,0.000297,172.31.46.0-255,66,20064,56,156731
17652,0.000329,74.125.24.0-255,4320,24384,56,156731
17653,0.000332,172.31.46.0-255,66,24450,56,156731
17654,0.000339,74.125.24.0-255,6797,31247,56,156731
17655,0.000342,172.31.46.0-255,66,31313,56,156731
17656,0.000349,74.125.24.0-255,7156,38469,56,156731
17657,0.000352,172.31.46.0-255,66,38535,56,156731
17658,0.000357,74.125.24.0-255,2902,41437,56,156731
17659,0.000359,172.31.46.0-255,66,41503,56,156731
17660,0.000391,74.125.24.0-255,6797,48300,56,156731
17661,0.000394,172.31.46.0-255,66,48366,56,156731
17662,0.00043,74.125.24.0-255,1484,49850,56,156731
17663,0.000433,172.31.46.0-255,66,49916,56,156731
17664,0.000438,74.125.24.0-255,2902,52818,56,156731
17665,0.000441,172.31.46.0-255,66,52884,56,156731
17666,0.000444,74.125.24.0-255,1484,54368,56,156731
17667,0.000451,172.31.46.0-255,66,54434,56,156731
17668,0.000488,74.125.24.0-255,4320,58754,56,156731
17669,0.000493,74.125.24.0-255,1484,60238,56,156731
17670,0.000518,74.125.24.0-255,4320,64558,56,156731
17671,0.000534,74.125.24.0-255,1461,66019,56,156731
17672,0.000537,74.125.24.0-255,109,66128,56,156731
17673,0.000696,172.31.46.0-255,66,66194,56,156731
17674,0.001226,74.125.24.0-255,329,66523,56,156731
17675,0.001352,172.31.46.0-255,66,66589,56,156731
17676,0.001484,74.125.24.0-255,1484,68073,56,156731
17677,0.001494,74.125.24.0-255,2902,70975,56,156731
17678,0.001498,172.31.46.0-255,66,71041,56,156731
17679,0.001502,74.125.24.0-255,1484,72525,56,156731
17680,0.001525,74.125.24.0-255,2902,75427,56,156731
17681,0.001528,172.31.46.0-255,66,75493,56,156731
17682,0.001535,74.125.24.0-255,5738,81231,56,156731
17683,0.001537,172.31.46.0-255,66,81297,56,156731
17684,0.001557,74.125.24.0-255,2902,84199,56,156731
17685,0.001563,172.31.46.0-255,66,84265,56,156731
17686,0.001571,74.125.24.0-255,7156,91421,56,156731
17687,0.001573,172.31.46.0-255,66,91487,56,156731
17688,0.001588,74.125.24.0-255,5738,97225,56,156731
17689,0.00159,172.31.46.0-255,66,97291,56,156731
17690,0.001622,74.125.24.0-255,3602,100893,56,156731
17691,0.001625,172.31.46.0-255,66,100959,56,156731
17692,0.001835,74.125.24.0-255,1484,102443,56,156731
17693,0.001843,74.125.24.0-255,2902,105345,56,156731
17694,0.001848,172.31.46.0-255,66,105411,56,156731
17695,0.001856,74.125.24.0-255,5738,111149,56,156731
17696,0.001858,172.31.46.0-255,66,111215,56,156731
17697,0.001868,74.125.24.0-255,2902,114117,56,156731
17698,0.00187,172.31.46.0-255,66,114183,56,156731
17699,0.001933,74.125.24.0-255,4320,118503,56,156731
17700,0.00196,74.125.24.0-255,6438,124941,56,156731
17701,0.001976,74.125.24.0-255,1484,126425,56,156731
17702,0.00199,74.125.24.0-255,2902,129327,56,156731
17703,0.001997,74.125.24.0-255,5738,135065,56,156731
17704,0.002028,74.125.24.0-255,5738,140803,56,156731
17705,0.002049,74.125.24.0-255,5738,146541,56,156731
17706,0.002055,74.125.24.0-255,4320,150861,56,156731
17707,0.007551,172.31.46.0-255,66,150927,56,156731
17708,0.00961,74.125.24.0-255,5738,156665,56,156731
17709,0.009626,172.31.46.0-255,66,156731,56,156731
17710,0.0,216.58.203.0-255,153,153,56,312474
17711,1.2e-05,172.31.46.0-255,66,219,56,312474
17712,3.9e-05,216.58.203.0-255,1484,1703,56,312474
17713,4.4e-05,172.31.46.0-255,66,1769,56,312474
17714,4.8e-05,216.58.203.0-255,1484,3253,56,312474
17715,5.2e-05,172.31.46.0-255,66,3319,56,312474
17716,5.9e-05,216.58.203.0-255,2902,6221,56,312474
17717,6.2e-05,172.31.46.0-255,66,6287,56,312474
17718,6.9e-05,216.58.203.0-255,5738,12025,56,312474
17719,7.2e-05,172.31.46.0-255,66,12091,56,312474
17720,0.00011,216.58.203.0-255,6286,18377,56,312474
17721,0.000114,172.31.46.0-255,66,18443,56,312474
17722,0.000153,172.31.46.0-255,66,18509,56,312474
17723,0.000177,216.58.203.0-255,2543,21052,56,312474
17724,0.00018,172.31.46.0-255,66,21118,56,312474
17725,0.000228,216.58.203.0-255,1484,22602,56,312474
17726,0.000231,172.31.46.0-255,66,22668,56,312474
17727,0.000236,216.58.203.0-255,2902,25570,56,312474
17728,0.000238,172.31.46.0-255,66,25636,56,312474
17729,0.000241,216.58.203.0-255,1484,27120,56,312474
17730,0.000248,172.31.46.0-255,66,27186,56,312474
17731,0.000274,216.58.203.0-255,4320,31506,56,312474
17732,0.000277,172.31.46.0-255,66,31572,56,312474
17733,0.000284,216.58.203.0-255,5738,37310,56,312474
17734,0.000286,172.31.46.0-255,66,37376,56,312474
17735,0.00031,216.58.203.0-255,1125,38501,56,312474
17736,0.000312,172.31.46.0-255,66,38567,56,312474
17737,0.00032,216.58.203.0-255,7156,45723,56,312474
17738,0.000323,172.31.46.0-255,66,45789,56,312474
17739,0.000329,216.58.203.0-255,4320,50109,56,312474
17740,0.000332,172.31.46.0-255,66,50175,56,312474
17741,0.000364,216.58.203.0-255,5681,55856,56,312474
17742,0.000367,172.31.46.0-255,66,55922,56,312474
17743,0.000678,216.58.203.0-255,353,56275,56,312474
17744,0.000772,216.58.203.0-255,1484,57759,56,312474
17745,0.000776,172.31.46.0-255,66,57825,56,312474
17746,0.000783,216.58.203.0-255,2902,60727,56,312474
17747,0.000785,172.31.46.0-255,66,60793,56,312474
17748,0.000807,216.58.203.0-255,5738,66531,56,312474
17749,0.00081,172.31.46.0-255,66,66597,56,312474
17750,0.000836,216.58.203.0-255,6797,73394,56,312474
17751,0.000839,172.31.46.0-255,66,73460,56,312474
17752,0.000869,216.58.203.0-255,5738,79198,56,312474
17753,0.000875,172.31.46.0-255,66,79264,56,312474
17754,0.000902,216.58.203.0-255,1484,80748,56,312474
17755,0.000908,216.58.203.0-255,4320,85068,56,312474
17756,0.000911,172.31.46.0-255,66,85134,56,312474
17757,0.000917,216.58.203.0-255,5379,90513,56,312474
17758,0.000919,172.31.46.0-255,66,90579,56,312474
17759,0.001069,216.58.203.0-255,1484,92063,56,312474
17760,0.001074,216.58.203.0-255,2902,94965,56,312474
17761,0.001077,172.31.46.0-255,66,95031,56,312474
17762,0.001082,216.58.203.0-255,2902,97933,56,312474
17763,0.001085,172.31.46.0-255,66,97999,56,312474
17764,0.001117,216.58.203.0-255,1484,99483,56,312474
17765,0.001129,172.31.46.0-255,66,99549,56,312474
17766,0.001177,172.31.46.0-255,66,99615,56,312474
17767,0.001193,216.58.203.0-255,1484,101099,56,312474
17768,0.001215,216.58.203.0-255,2902,104001,56,312474
17769,0.001217,172.31.46.0-255,66,104067,56,312474
17770,0.001224,216.58.203.0-255,5738,109805,56,312474
17771,0.001226,172.31.46.0-255,66,109871,56,312474
17772,0.001233,216.58.203.0-255,1484,111355,56,312474
17773,0.00127,172.31.46.0-255,66,111421,56,312474
17774,0.001283,172.31.46.0-255,66,111487,56,312474
17775,0.001313,216.58.203.0-255,2184,113671,56,312474
17776,0.001315,172.31.46.0-255,66,113737,56,312474
17777,0.001326,216.58.203.0-255,1484,115221,56,312474
17778,0.001335,216.58.203.0-255,2902,118123,56,312474
17779,0.001338,172.31.46.0-255,66,118189,56,312474
17780,0.001342,216.58.203.0-255,2902,121091,56,312474
17781,0.001344,172.31.46.0-255,66,121157,56,312474
17782,0.001369,216.58.203.0-255,2902,124059,56,312474
17783,0.001372,172.31.46.0-255,66,124125,56,312474
17784,0.001396,172.31.46.0-255,66,124191,56,312474
17785,0.001403,216.58.203.0-255,7156,131347,56,312474
17786,0.001406,172.31.46.0-255,66,131413,56,312474
17787,0.001532,216.58.203.0-255,1484,132897,56,312474
17788,0.001549,216.58.203.0-255,1635,134532,56,312474
17789,0.001553,172.31.46.0-255,66,134598,56,312474
17790,0.001786,216.58.203.0-255,1484,136082,56,312474
17791,0.001792,216.58.203.0-255,2902,138984,56,312474
17792,0.001795,172.31.46.0-255,66,139050,56,312474
17793,0.0018,216.58.203.0-255,2902,141952,56,312474
17794,0.001802,172.31.46.0-255,66,142018,56,312474
17795,0.001805,216.58.203.0-255,1484,143502,56,312474
17796,0.001817,216.58.203.0-255,5738,149240,56,312474
17797,0.001819,172.31.46.0-255,66,149306,56,312474
17798,0.001855,216.58.203.0-255,1484,150790,56,312474
17799,0.00189,216.58.203.0-255,4320,155110,56,312474
17800,0.001894,216.58.203.0-255,5020,160130,56,312474
17801,0.001899,172.31.46.0-255,66,160196,56,312474
17802,0.001901,172.31.46.0-255,66,160262,56,312474
17803,0.001904,172.31.46.0-255,66,160328,56,312474
17804,0.001937,216.58.203.0-255,1484,161812,56,312474
17805,0.001942,216.58.203.0-255,2902,164714,56,312474
17806,0.001944,172.31.46.0-255,66,164780,56,312474
17807,0.00195,216.58.203.0-255,4320,169100,56,312474
17808,0.001952,172.31.46.0-255,66,169166,56,312474
17809,0.001975,216.58.203.0-255,1484,170650,56,312474
17810,0.001978,216.58.203.0-255,1484,172134,56,312474
17811,0.001984,172.31.46.0-255,66,172200,56,312474
17812,0.001995,216.58.203.0-255,4320,176520,56,312474
17813,0.001997,172.31.46.0-255,66,176586,56,312474
17814,0.002027,216.58.203.0-255,1484,178070,56,312474
17815,0.002036,216.58.203.0-255,7156,185226,56,312474
17816,0.002039,172.31.46.0-255,66,185292,56,312474
17817,0.002041,216.58.203.0-255,1484,186776,56,312474
17818,0.002052,172.31.46.0-255,66,186842,56,312474
17819,0.002107,216.58.203.0-255,1484,188326,56,312474
17820,0.00212,216.58.203.0-255,2902,191228,56,312474
17821,0.002124,216.58.203.0-255,2902,194130,56,312474
17822,0.002128,172.31.46.0-255,66,194196,56,312474
17823,0.002132,172.31.46.0-255,66,194262,56,312474
17824,0.002156,216.58.203.0-255,2902,197164,56,312474
17825,0.002159,172.31.46.0-255,66,197230,56,312474
17826,0.002166,216.58.203.0-255,7156,204386,56,312474
17827,0.002168,172.31.46.0-255,66,204452,56,312474
17828,0.002178,172.31.46.0-255,66,204518,56,312474
17829,0.002189,216.58.203.0-255,1484,206002,56,312474
17830,0.002233,216.58.203.0-255,6438,212440,56,312474
17831,0.002237,172.31.46.0-255,66,212506,56,312474
17832,0.002264,216.58.203.0-255,1484,213990,56,312474
17833,0.002269,216.58.203.0-255,2902,216892,56,312474
17834,0.002271,172.31.46.0-255,66,216958,56,312474
17835,0.002274,216.58.203.0-255,1484,218442,56,312474
17836,0.0023,216.58.203.0-255,4320,222762,56,312474
17837,0.002303,172.31.46.0-255,66,222828,56,312474
17838,0.00231,216.58.203.0-255,5738,228566,56,312474
17839,0.002312,172.31.46.0-255,66,228632,56,312474
17840,0.002342,216.58.203.0-255,2902,231534,56,312474
17841,0.002344,172.31.46.0-255,66,231600,56,312474
17842,0.002356,172.31.46.0-255,66,231666,56,312474
17843,0.002364,216.58.203.0-255,5020,236686,56,312474
17844,0.002366,172.31.46.0-255,66,236752,56,312474
17845,0.002403,216.58.203.0-255,1484,238236,56,312474
17846,0.002408,216.58.203.0-255,2902,241138,56,312474
17847,0.00241,172.31.46.0-255,66,241204,56,312474
17848,0.002415,216.58.203.0-255,2902,244106,56,312474
17849,0.002418,172.31.46.0-255,66,244172,56,312474
17850,0.002446,216.58.203.0-255,2902,247074,56,312474
17851,0.002449,172.31.46.0-255,66,247140,56,312474
17852,0.002454,216.58.203.0-255,4320,251460,56,312474
17853,0.002457,172.31.46.0-255,66,251526,56,312474
17854,0.002459,216.58.203.0-255,1484,253010,56,312474
17855,0.00247,216.58.203.0-255,5738,258748,56,312474
17856,0.002473,172.31.46.0-255,66,258814,56,312474
17857,0.002478,216.58.203.0-255,4320,263134,56,312474
17858,0.002481,172.31.46.0-255,66,263200,56,312474
17859,0.002508,216.58.203.0-255,2902,266102,56,312474
17860,0.002511,172.31.46.0-255,66,266168,56,312474
17861,0.002517,216.58.203.0-255,5020,271188,56,312474
17862,0.00252,172.31.46.0-255,66,271254,56,312474
17863,0.002582,216.58.203.0-255,1484,272738,56,312474
17864,0.002599,216.58.203.0-255,2902,275640,56,312474
17865,0.002603,172.31.46.0-255,66,275706,56,312474
17866,0.00261,216.58.203.0-255,5738,281444,56,312474
17867,0.002612,172.31.46.0-255,66,281510,56,312474
17868,0.002614,216.58.203.0-255,1484,282994,56,312474
17869,0.002649,216.58.203.0-255,5738,288732,56,312474
17870,0.002675,216.58.203.0-255,5738,294470,56,312474
17871,0.002739,216.58.203.0-255,2184,296654,56,312474
17872,0.002954,216.58.203.0-255,1484,298138,56,312474
17873,0.00296,216.58.203.0-255,2902,301040,56,312474
17874,0.002973,216.58.203.0-255,1484,302524,56,312474
17875,0.002983,216.58.203.0-255,1484,304008,56,312474
17876,0.002994,216.58.203.0-255,1484,305492,56,312474
17877,0.003011,216.58.203.0-255,4320,309812,56,312474
17878,0.003015,216.58.203.0-255,2394,312206,56,312474
17879,0.003018,216.58.203.0-255,97,312303,56,312474
17880,0.003083,216.58.203.0-255,105,312408,56,312474
17881,0.006604,172.31.46.0-255,66,312474,56,312474
17882,0.0,74.125.24.0-255,152,152,56,120478
17883,1.4e-05,172.31.46.0-255,66,218,56,120478
17884,2e-05,74.125.24.0-255,1484,1702,56,120478
17885,2.4e-05,172.31.46.0-255,66,1768,56,120478
17886,2.9e-05,74.125.24.0-255,2902,4670,56,120478
17887,3.2e-05,172.31.46.0-255,66,4736,56,120478
17888,4.3e-05,74.125.24.0-255,2902,7638,56,120478
17889,4.7e-05,172.31.46.0-255,66,7704,56,120478
17890,8.9e-05,74.125.24.0-255,4320,12024,56,120478
17891,9.2e-05,172.31.46.0-255,66,12090,56,120478
17892,0.000118,74.125.24.0-255,2074,14164,56,120478
17893,0.000121,172.31.46.0-255,66,14230,56,120478
17894,0.000149,74.125.24.0-255,5738,19968,56,120478
17895,0.000152,172.31.46.0-255,66,20034,56,120478
17896,0.000159,74.125.24.0-255,7156,27190,56,120478
17897,0.000161,172.31.46.0-255,66,27256,56,120478
17898,0.000205,172.31.46.0-255,66,27322,56,120478
17899,0.000256,172.31.46.0-255,66,27388,56,120478
17900,0.000478,74.125.24.0-255,1484,28872,56,120478
17901,0.000483,172.31.46.0-255,66,28938,56,120478
17902,0.000489,74.125.24.0-255,2902,31840,56,120478
17903,0.000491,172.31.46.0-255,66,31906,56,120478
17904,0.000497,74.125.24.0-255,4320,36226,56,120478
17905,0.000499,172.31.46.0-255,66,36292,56,120478
17906,0.000535,74.125.24.0-255,1484,37776,56,120478
17907,0.000538,172.31.46.0-255,66,37842,56,120478
17908,0.000546,74.125.24.0-255,7133,44975,56,120478
17909,0.000548,172.31.46.0-255,66,45041,56,120478
17910,0.000647,74.125.24.0-255,109,45150,56,120478
17911,0.000651,172.31.46.0-255,66,45216,56,120478
17912,0.000929,74.125.24.0-255,330,45546,56,120478
17913,0.001081,172.31.46.0-255,66,45612,56,120478
17914,0.001085,74.125.24.0-255,1484,47096,56,120478
17915,0.001108,74.125.24.0-255,2902,49998,56,120478
17916,0.001115,74.125.24.0-255,5738,55736,56,120478
17917,0.001134,74.125.24.0-255,4320,60056,56,120478
17918,0.001143,172.31.46.0-255,66,60122,56,120478
17919,0.001151,74.125.24.0-255,2543,62665,56,120478
17920,0.001171,74.125.24.0-255,1484,64149,56,120478
17921,0.001174,74.125.24.0-255,2902,67051,56,120478
17922,0.001178,172.31.46.0-255,66,67117,56,120478
17923,0.001206,74.125.24.0-255,5738,72855,56,120478
17924,0.00121,74.125.24.0-255,2902,75757,56,120478
17925,0.00122,172.31.46.0-255,66,75823,56,120478
17926,0.001237,74.125.24.0-255,3961,79784,56,120478
17927,0.001263,172.31.46.0-255,66,79850,56,120478
17928,0.00177,74.125.24.0-255,1484,81334,56,120478
17929,0.001779,74.125.24.0-255,2902,84236,56,120478
17930,0.001782,172.31.46.0-255,66,84302,56,120478
17931,0.001786,74.125.24.0-255,1484,85786,56,120478
17932,0.001808,74.125.24.0-255,4320,90106,56,120478
17933,0.001841,74.125.24.0-255,7156,97262,56,120478
17934,0.001855,74.125.24.0-255,5738,103000,56,120478
17935,0.00379,172.31.46.0-255,66,103066,56,120478
17936,0.005789,74.125.24.0-255,5738,108804,56,120478
17937,0.005794,172.31.46.0-255,66,108870,56,120478
17938,0.007816,74.125.24.0-255,5738,114608,56,120478
17939,0.007822,172.31.46.0-255,66,114674,56,120478
17940,0.009821,74.125.24.0-255,5738,120412,56,120478
17941,0.009829,172.31.46.0-255,66,120478,56,120478
17942,0.0,74.125.24.0-255,297,297,56,189126
17943,2.5e-05,172.31.46.0-255,66,363,56,189126
17944,3.1e-05,74.125.24.0-255,1484,1847,56,189126
17945,5.8e-05,172.31.46.0-255,66,1913,56,189126
17946,6.6e-05,74.125.24.0-255,4320,6233,56,189126
17947,7e-05,172.31.46.0-255,66,6299,56,189126
17948,8.3e-05,172.31.46.0-255,66,6365,56,189126
17949,9e-05,74.125.24.0-255,5738,12103,56,189126
17950,9.4e-05,172.31.46.0-255,66,12169,56,189126
17951,0.000109,172.31.46.0-255,66,12235,56,189126
17952,0.000139,74.125.24.0-255,4320,16555,56,189126
17953,0.000142,172.31.46.0-255,66,16621,56,189126
17954,0.000154,172.31.46.0-255,66,16687,56,189126
17955,0.000201,172.31.46.0-255,66,16753,56,189126
17956,0.000229,74.125.24.0-255,6002,22755,56,189126
17957,0.000232,172.31.46.0-255,66,22821,56,189126
17958,0.000642,74.125.24.0-255,1484,24305,56,189126
17959,0.000648,172.31.46.0-255,66,24371,56,189126
17960,0.000654,74.125.24.0-255,2902,27273,56,189126
17961,0.000657,172.31.46.0-255,66,27339,56,189126
17962,0.000669,74.125.24.0-255,5738,33077,56,189126
17963,0.000671,172.31.46.0-255,66,33143,56,189126
17964,0.000713,172.31.46.0-255,66,33209,56,189126
17965,0.000721,74.125.24.0-255,7156,40365,56,189126
17966,0.000724,172.31.46.0-255,66,40431,56,189126
17967,0.000748,74.125.24.0-255,3602,44033,56,189126
17968,0.000751,172.31.46.0-255,66,44099,56,189126
17969,0.000803,74.125.24.0-255,1484,45583,56,189126
17970,0.000809,74.125.24.0-255,2902,48485,56,189126
17971,0.000813,172.31.46.0-255,66,48551,56,189126
17972,0.000837,74.125.24.0-255,5738,54289,56,189126
17973,0.00084,172.31.46.0-255,66,54355,56,189126
17974,0.000882,172.31.46.0-255,66,54421,56,189126
17975,0.000914,172.31.46.0-255,66,54487,56,189126
17976,0.000939,74.125.24.0-255,3602,58089,56,189126
17977,0.000942,172.31.46.0-255,66,58155,56,189126
17978,0.001025,74.125.24.0-255,1484,59639,56,189126
17979,0.001031,74.125.24.0-255,2902,62541,56,189126
17980,0.001035,172.31.46.0-255,66,62607,56,189126
17981,0.001055,74.125.24.0-255,5738,68345,56,189126
17982,0.001071,74.125.24.0-255,5738,74083,56,189126
17983,0.001077,172.31.46.0-255,66,74149,56,189126
17984,0.001106,74.125.24.0-255,7156,81305,56,189126
17985,0.001165,172.31.46.0-255,66,81371,56,189126
17986,0.001573,74.125.24.0-255,1484,82855,56,189126
17987,0.001588,74.125.24.0-255,2902,85757,56,189126
17988,0.001592,172.31.46.0-255,66,85823,56,189126
17989,0.001599,74.125.24.0-255,4320,90143,56,189126
17990,0.001601,172.31.46.0-255,66,90209,56,189126
17991,0.00162,74.125.24.0-255,1484,91693,56,189126
17992,0.00165,74.125.24.0-255,7156,98849,56,189126
17993,0.001653,172.31.46.0-255,66,98915,56,189126
17994,0.001656,74.125.24.0-255,1484,100399,56,189126
17995,0.001693,74.125.24.0-255,1484,101883,56,189126
17996,0.001724,74.125.24.0-255,7156,109039,56,189126
17997,0.001733,172.31.46.0-255,66,109105,56,189126
17998,0.001764,74.125.24.0-255,5738,114843,56,189126
17999,0.001782,74.125.24.0-255,5020,119863,56,189126
18000,0.001786,172.31.46.0-255,66,119929,56,189126
18001,0.001791,172.31.46.0-255,66,119995,56,189126
18002,0.001808,74.125.24.0-255,1484,121479,56,189126
18003,0.001818,74.125.24.0-255,2902,124381,56,189126
18004,0.001821,74.125.24.0-255,1484,125865,56,189126
18005,0.001841,74.125.24.0-255,4320,130185,56,189126
18006,0.001848,172.31.46.0-255,66,130251,56,189126
18007,0.001858,74.125.24.0-255,5738,135989,56,189126
18008,0.001863,172.31.46.0-255,66,136055,56,189126
18009,0.001897,74.125.24.0-255,7156,143211,56,189126
18010,0.001905,74.125.24.0-255,7156,150367,56,189126
18011,0.001945,74.125.24.0-255,4320,154687,56,189126
18012,0.001967,74.125.24.0-255,1484,156171,56,189126
18013,0.00197,172.31.46.0-255,66,156237,56,189126
18014,0.001977,172.31.46.0-255,66,156303,56,189126
18015,0.002014,74.125.24.0-255,1484,157787,56,189126
18016,0.002032,74.125.24.0-255,5738,163525,56,189126
18017,0.002038,172.31.46.0-255,66,163591,56,189126
18018,0.002093,74.125.24.0-255,1484,165075,56,189126
18019,0.002107,172.31.46.0-255,66,165141,56,189126
18020,0.002128,74.125.24.0-255,2902,168043,56,189126
18021,0.002167,172.31.46.0-255,66,168109,56,189126
18022,0.002216,74.125.24.0-255,7156,175265,56,189126
18023,0.002228,172.31.46.0-255,66,175331,56,189126
18024,0.002268,74.125.24.0-255,5738,181069,56,189126
18025,0.002284,74.125.24.0-255,7156,188225,56,189126
18026,0.002321,172.31.46.0-255,66,188291,56,189126
18027,0.002347,172.31.46.0-255,66,188357,56,189126
18028,0.002354,74.125.24.0-255,664,189021,56,189126
18029,0.002375,74.125.24.0-255,105,189126,56,189126
18030,0.0,172.217.194.0-255,146,146,56,87745
18031,2.5e-05,172.31.46.0-255,66,212,56,87745
18032,3.3e-05,172.217.194.0-255,1484,1696,56,87745
18033,3.9e-05,172.31.46.0-255,66,1762,56,87745
18034,5.5e-05,172.217.194.0-255,2902,4664,56,87745
18035,5.8e-05,172.31.46.0-255,66,4730,56,87745
18036,6.6e-05,172.217.194.0-255,7156,11886,56,87745
18037,6.9e-05,172.31.46.0-255,66,11952,56,87745
18038,7.3e-05,172.217.194.0-255,2090,14042,56,87745
18039,7.6e-05,172.31.46.0-255,66,14108,56,87745
18040,0.000339,172.217.194.0-255,1484,15592,56,87745
18041,0.000344,172.31.46.0-255,66,15658,56,87745
18042,0.000351,172.217.194.0-255,2902,18560,56,87745
18043,0.000354,172.31.46.0-255,66,18626,56,87745
18044,0.000365,172.217.194.0-255,4320,22946,56,87745
18045,0.000368,172.31.46.0-255,66,23012,56,87745
18046,0.000395,172.217.194.0-255,1484,24496,56,87745
18047,0.000397,172.31.46.0-255,66,24562,56,87745
18048,0.000404,172.217.194.0-255,5738,30300,56,87745
18049,0.000407,172.31.46.0-255,66,30366,56,87745
18050,0.000439,172.31.46.0-255,66,30432,56,87745
18051,0.000464,172.217.194.0-255,3961,34393,56,87745
18052,0.000466,172.31.46.0-255,66,34459,56,87745
18053,0.000472,172.217.194.0-255,3961,38420,56,87745
18054,0.000474,172.31.46.0-255,66,38486,56,87745
18055,0.000499,172.217.194.0-255,1484,39970,56,87745
18056,0.000501,172.31.46.0-255,66,40036,56,87745
18057,0.000506,172.217.194.0-255,2902,42938,56,87745
18058,0.000508,172.31.46.0-255,66,43004,56,87745
18059,0.000511,172.217.194.0-255,1484,44488,56,87745
18060,0.000513,172.31.46.0-255,66,44554,56,87745
18061,0.000545,172.217.194.0-255,4320,48874,56,87745
18062,0.000548,172.31.46.0-255,66,48940,56,87745
18063,0.000555,172.217.194.0-255,6797,55737,56,87745
18064,0.000558,172.31.46.0-255,66,55803,56,87745
18065,0.001851,172.217.194.0-255,646,56449,56,87745
18066,0.00186,172.31.46.0-255,66,56515,56,87745
18067,0.001887,172.217.194.0-255,1484,57999,56,87745
18068,0.00189,172.31.46.0-255,66,58065,56,87745
18069,0.001898,172.217.194.0-255,4320,62385,56,87745
18070,0.0019,172.31.46.0-255,66,62451,56,87745
18071,0.00193,172.217.194.0-255,5738,68189,56,87745
18072,0.001932,172.31.46.0-255,66,68255,56,87745
18073,0.001968,172.217.194.0-255,1484,69739,56,87745
18074,0.001971,172.31.46.0-255,66,69805,56,87745
18075,0.001999,172.31.46.0-255,66,69871,56,87745
18076,0.002012,172.31.46.0-255,66,69937,56,87745
18077,0.004078,172.217.194.0-255,4320,74257,56,87745
18078,0.004081,172.31.46.0-255,66,74323,56,87745
18079,0.004104,172.217.194.0-255,1484,75807,56,87745
18080,0.004106,172.31.46.0-255,66,75873,56,87745
18081,0.006153,172.217.194.0-255,4320,80193,56,87745
18082,0.00616,172.31.46.0-255,66,80259,56,87745
18083,0.006211,172.217.194.0-255,1484,81743,56,87745
18084,0.006215,172.31.46.0-255,66,81809,56,87745
18085,0.008233,172.217.194.0-255,4320,86129,56,87745
18086,0.008241,172.31.46.0-255,66,86195,56,87745
18087,0.008266,172.217.194.0-255,1484,87679,56,87745
18088,0.008269,172.31.46.0-255,66,87745,56,87745
18089,0.0,172.217.194.0-255,146,146,56,217194
18090,1.6e-05,172.31.46.0-255,66,212,56,217194
18091,2.3e-05,172.217.194.0-255,1484,1696,56,217194
18092,2.7e-05,172.31.46.0-255,66,1762,56,217194
18093,3.3e-05,172.217.194.0-255,2902,4664,56,217194
18094,4.4e-05,172.31.46.0-255,66,4730,56,217194
18095,5.2e-05,172.217.194.0-255,7156,11886,56,217194
18096,5.5e-05,172.31.46.0-255,66,11952,56,217194
18097,5.9e-05,172.217.194.0-255,1957,13909,56,217194
18098,6.2e-05,172.31.46.0-255,66,13975,56,217194
18099,9.3e-05,172.217.194.0-255,1484,15459,56,217194
18100,9.6e-05,172.31.46.0-255,66,15525,56,217194
18101,0.000102,172.217.194.0-255,2902,18427,56,217194
18102,0.000104,172.31.46.0-255,66,18493,56,217194
18103,0.000136,172.217.194.0-255,5738,24231,56,217194
18104,0.000139,172.31.46.0-255,66,24297,56,217194
18105,0.000171,172.217.194.0-255,4320,28617,56,217194
18106,0.000174,172.31.46.0-255,66,28683,56,217194
18107,0.0002,172.217.194.0-255,2543,31226,56,217194
18108,0.000202,172.31.46.0-255,66,31292,56,217194
18109,0.000224,172.217.194.0-255,1484,32776,56,217194
18110,0.000227,172.31.46.0-255,66,32842,56,217194
18111,0.000232,172.217.194.0-255,2902,35744,56,217194
18112,0.000235,172.31.46.0-255,66,35810,56,217194
18113,0.000242,172.217.194.0-255,5738,41548,56,217194
18114,0.000244,172.31.46.0-255,66,41614,56,217194
18115,0.00025,172.217.194.0-255,2902,44516,56,217194
18116,0.000252,172.31.46.0-255,66,44582,56,217194
18117,0.000276,172.217.194.0-255,3961,48543,56,217194
18118,0.000284,172.31.46.0-255,66,48609,56,217194
18119,0.000324,172.31.46.0-255,66,48675,56,217194
18120,0.000343,172.217.194.0-255,2543,51218,56,217194
18121,0.000346,172.31.46.0-255,66,51284,56,217194
18122,0.000553,172.217.194.0-255,646,51930,56,217194
18123,0.000573,172.217.194.0-255,1484,53414,56,217194
18124,0.000577,172.31.46.0-255,66,53480,56,217194
18125,0.000583,172.217.194.0-255,2902,56382,56,217194
18126,0.000586,172.31.46.0-255,66,56448,56,217194
18127,0.000608,172.217.194.0-255,1484,57932,56,217194
18128,0.000621,172.217.194.0-255,7156,65088,56,217194
18129,0.000624,172.31.46.0-255,66,65154,56,217194
18130,0.000627,172.217.194.0-255,1484,66638,56,217194
18131,0.00067,172.31.46.0-255,66,66704,56,217194
18132,0.000674,172.31.46.0-255,66,66770,56,217194
18133,0.000698,172.31.46.0-255,66,66836,56,217194
18134,0.000701,172.217.194.0-255,1484,68320,56,217194
18135,0.000737,172.31.46.0-255,66,68386,56,217194
18136,0.000765,172.217.194.0-255,7156,75542,56,217194
18137,0.000768,172.31.46.0-255,66,75608,56,217194
18138,0.000804,172.31.46.0-255,66,75674,56,217194
18139,0.00081,172.217.194.0-255,4320,79994,56,217194
18140,0.000813,172.31.46.0-255,66,80060,56,217194
18141,0.000856,172.31.46.0-255,66,80126,56,217194
18142,0.000875,172.31.46.0-255,66,80192,56,217194
18143,0.000882,172.217.194.0-255,6438,86630,56,217194
18144,0.000884,172.31.46.0-255,66,86696,56,217194
18145,0.000891,172.217.194.0-255,7156,93852,56,217194
18146,0.000903,172.31.46.0-255,66,93918,56,217194
18147,0.00097,172.31.46.0-255,66,93984,56,217194
18148,0.001076,172.217.194.0-255,1484,95468,56,217194
18149,0.001081,172.217.194.0-255,1484,96952,56,217194
18150,0.001095,172.217.194.0-255,1484,98436,56,217194
18151,0.001101,172.217.194.0-255,5738,104174,56,217194
18152,0.001176,172.217.194.0-255,5738,109912,56,217194
18153,0.00118,172.31.46.0-255,66,109978,56,217194
18154,0.001197,172.217.194.0-255,5020,114998,56,217194
18155,0.0012,172.31.46.0-255,66,115064,56,217194
18156,0.001224,172.31.46.0-255,66,115130,56,217194
18157,0.001376,172.217.194.0-255,1484,116614,56,217194
18158,0.001381,172.217.194.0-255,2902,119516,56,217194
18159,0.001386,172.31.46.0-255,66,119582,56,217194
18160,0.001421,172.217.194.0-255,5738,125320,56,217194
18161,0.001454,172.31.46.0-255,66,125386,56,217194
18162,0.001553,172.217.194.0-255,1484,126870,56,217194
18163,0.001559,172.217.194.0-255,2902,129772,56,217194
18164,0.001564,172.31.46.0-255,66,129838,56,217194
18165,0.001576,172.217.194.0-255,2902,132740,56,217194
18166,0.001586,172.31.46.0-255,66,132806,56,217194
18167,0.001609,172.217.194.0-255,4320,137126,56,217194
18168,0.00163,172.31.46.0-255,66,137192,56,217194
18169,0.001667,172.31.46.0-255,66,137258,56,217194
18170,0.001696,172.217.194.0-255,3602,140860,56,217194
18171,0.001711,172.31.46.0-255,66,140926,56,217194
18172,0.00181,172.217.194.0-255,1484,142410,56,217194
18173,0.001816,172.217.194.0-255,2902,145312,56,217194
18174,0.00182,172.217.194.0-255,4320,149632,56,217194
18175,0.001832,172.31.46.0-255,66,149698,56,217194
18176,0.00184,172.217.194.0-255,1484,151182,56,217194
18177,0.001849,172.217.194.0-255,2902,154084,56,217194
18178,0.001855,172.217.194.0-255,5738,159822,56,217194
18179,0.00187,172.217.194.0-255,4320,164142,56,217194
18180,0.001872,172.31.46.0-255,66,164208,56,217194
18181,0.001897,172.217.194.0-255,5738,169946,56,217194
18182,0.001913,172.217.194.0-255,5020,174966,56,217194
18183,0.001916,172.31.46.0-255,66,175032,56,217194
18184,0.001921,172.31.46.0-255,66,175098,56,217194
18185,0.002002,172.217.194.0-255,1484,176582,56,217194
18186,0.002022,172.217.194.0-255,2902,179484,56,217194
18187,0.002048,172.217.194.0-255,5738,185222,56,217194
18188,0.002051,172.31.46.0-255,66,185288,56,217194
18189,0.002059,172.31.46.0-255,66,185354,56,217194
18190,0.002087,172.217.194.0-255,5738,191092,56,217194
18191,0.00209,172.217.194.0-255,1484,192576,56,217194
18192,0.002104,172.217.194.0-255,1484,194060,56,217194
18193,0.002132,172.217.194.0-255,3602,197662,56,217194
18194,0.002135,172.31.46.0-255,66,197728,56,217194
18195,0.002139,172.31.46.0-255,66,197794,56,217194
18196,0.002455,172.217.194.0-255,1484,199278,56,217194
18197,0.002459,172.217.194.0-255,1484,200762,56,217194
18198,0.002463,172.31.46.0-255,66,200828,56,217194
18199,0.00248,172.217.194.0-255,1484,202312,56,217194
18200,0.002485,172.217.194.0-255,4320,206632,56,217194
18201,0.002494,172.31.46.0-255,66,206698,56,217194
18202,0.002502,172.217.194.0-255,1484,208182,56,217194
18203,0.002526,172.31.46.0-255,66,208248,56,217194
18204,0.002594,172.217.194.0-255,7156,215404,56,217194
18205,0.002636,172.31.46.0-255,66,215470,56,217194
18206,0.002643,172.217.194.0-255,1448,216918,56,217194
18207,0.002727,172.217.194.0-255,105,217023,56,217194
18208,0.00274,172.31.46.0-255,66,217089,56,217194
18209,0.009448,172.31.46.0-255,105,217194,56,217194
18210,0.0,74.125.24.0-255,146,146,56,230343
18211,1.3e-05,172.31.46.0-255,66,212,56,230343
18212,1.8e-05,74.125.24.0-255,1484,1696,56,230343
18213,2.2e-05,172.31.46.0-255,66,1762,56,230343
18214,3.8e-05,74.125.24.0-255,2902,4664,56,230343
18215,4.1e-05,172.31.46.0-255,66,4730,56,230343
18216,4.6e-05,74.125.24.0-255,4320,9050,56,230343
18217,5e-05,172.31.46.0-255,66,9116,56,230343
18218,7.4e-05,74.125.24.0-255,2902,12018,56,230343
18219,7.6e-05,172.31.46.0-255,66,12084,56,230343
18220,8.2e-05,74.125.24.0-255,2902,14986,56,230343
18221,8.4e-05,172.31.46.0-255,66,15052,56,230343
18222,0.000112,172.31.46.0-255,66,15118,56,230343
18223,0.000116,74.125.24.0-255,2543,17661,56,230343
18224,0.000118,172.31.46.0-255,66,17727,56,230343
18225,0.000152,74.125.24.0-255,1484,19211,56,230343
18226,0.000154,172.31.46.0-255,66,19277,56,230343
18227,0.000157,74.125.24.0-255,1484,20761,56,230343
18228,0.000159,172.31.46.0-255,66,20827,56,230343
18229,0.000175,74.125.24.0-255,1484,22311,56,230343
18230,0.000177,172.31.46.0-255,66,22377,56,230343
18231,0.000183,74.125.24.0-255,5738,28115,56,230343
18232,0.000185,172.31.46.0-255,66,28181,56,230343
18233,0.000187,74.125.24.0-255,1484,29665,56,230343
18234,0.000189,172.31.46.0-255,66,29731,56,230343
18235,0.000211,74.125.24.0-255,5379,35110,56,230343
18236,0.000213,172.31.46.0-255,66,35176,56,230343
18237,0.000217,74.125.24.0-255,2902,38078,56,230343
18238,0.000219,172.31.46.0-255,66,38144,56,230343
18239,0.000238,74.125.24.0-255,5738,43882,56,230343
18240,0.00024,172.31.46.0-255,66,43948,56,230343
18241,0.000254,74.125.24.0-255,5738,49686,56,230343
18242,0.000256,172.31.46.0-255,66,49752,56,230343
18243,0.00026,74.125.24.0-255,2811,52563,56,230343
18244,0.000262,172.31.46.0-255,66,52629,56,230343
18245,0.000282,74.125.24.0-255,137,52766,56,230343
18246,0.000284,172.31.46.0-255,66,52832,56,230343
18247,0.000287,74.125.24.0-255,347,53179,56,230343
18248,0.000288,172.31.46.0-255,66,53245,56,230343
18249,0.000582,74.125.24.0-255,1484,54729,56,230343
18250,0.000586,172.31.46.0-255,66,54795,56,230343
18251,0.000592,74.125.24.0-255,2902,57697,56,230343
18252,0.000593,172.31.46.0-255,66,57763,56,230343
18253,0.000608,74.125.24.0-255,5738,63501,56,230343
18254,0.00061,172.31.46.0-255,66,63567,56,230343
18255,0.000626,74.125.24.0-255,4320,67887,56,230343
18256,0.000628,172.31.46.0-255,66,67953,56,230343
18257,0.000669,172.31.46.0-255,66,68019,56,230343
18258,0.000679,172.31.46.0-255,66,68085,56,230343
18259,0.000735,74.125.24.0-255,1484,69569,56,230343
18260,0.00074,172.31.46.0-255,66,69635,56,230343
18261,0.000748,74.125.24.0-255,2902,72537,56,230343
18262,0.000751,172.31.46.0-255,66,72603,56,230343
18263,0.000755,74.125.24.0-255,2902,75505,56,230343
18264,0.000757,172.31.46.0-255,66,75571,56,230343
18265,0.000781,74.125.24.0-255,2902,78473,56,230343
18266,0.000785,172.31.46.0-255,66,78539,56,230343
18267,0.00079,74.125.24.0-255,5738,84277,56,230343
18268,0.000792,172.31.46.0-255,66,84343,56,230343
18269,0.000796,74.125.24.0-255,4320,88663,56,230343
18270,0.000798,172.31.46.0-255,66,88729,56,230343
18271,0.000828,172.31.46.0-255,66,88795,56,230343
18272,0.000835,74.125.24.0-255,4471,93266,56,230343
18273,0.000836,172.31.46.0-255,66,93332,56,230343
18274,0.000866,74.125.24.0-255,1484,94816,56,230343
18275,0.000869,172.31.46.0-255,66,94882,56,230343
18276,0.000872,74.125.24.0-255,1484,96366,56,230343
18277,0.000874,172.31.46.0-255,66,96432,56,230343
18278,0.000891,74.125.24.0-255,1484,97916,56,230343
18279,0.000894,172.31.46.0-255,66,97982,56,230343
18280,0.000899,74.125.24.0-255,5738,103720,56,230343
18281,0.000901,172.31.46.0-255,66,103786,56,230343
18282,0.000904,74.125.24.0-255,1484,105270,56,230343
18283,0.000906,172.31.46.0-255,66,105336,56,230343
18284,0.000944,172.31.46.0-255,66,105402,56,230343
18285,0.00095,74.125.24.0-255,5738,111140,56,230343
18286,0.000951,172.31.46.0-255,66,111206,56,230343
18287,0.000981,74.125.24.0-255,5020,116226,56,230343
18288,0.000984,172.31.46.0-255,66,116292,56,230343
18289,0.001083,74.125.24.0-255,1484,117776,56,230343
18290,0.001086,172.31.46.0-255,66,117842,56,230343
18291,0.0011,74.125.24.0-255,2902,120744,56,230343
18292,0.001102,172.31.46.0-255,66,120810,56,230343
18293,0.001105,74.125.24.0-255,1484,122294,56,230343
18294,0.001107,172.31.46.0-255,66,122360,56,230343
18295,0.001141,74.125.24.0-255,4320,126680,56,230343
18296,0.001144,172.31.46.0-255,66,126746,56,230343
18297,0.00115,74.125.24.0-255,7156,133902,56,230343
18298,0.001158,74.125.24.0-255,7156,141058,56,230343
18299,0.001164,172.31.46.0-255,66,141124,56,230343
18300,0.001185,74.125.24.0-255,7156,148280,56,230343
18301,0.001188,172.31.46.0-255,66,148346,56,230343
18302,0.001191,74.125.24.0-255,2184,150530,56,230343
18303,0.001195,74.125.24.0-255,2902,153432,56,230343
18304,0.001201,172.31.46.0-255,66,153498,56,230343
18305,0.001227,74.125.24.0-255,2902,156400,56,230343
18306,0.001241,172.31.46.0-255,66,156466,56,230343
18307,0.001244,74.125.24.0-255,1484,157950,56,230343
18308,0.00125,74.125.24.0-255,5738,163688,56,230343
18309,0.001252,74.125.24.0-255,1484,165172,56,230343
18310,0.001257,172.31.46.0-255,66,165238,56,230343
18311,0.001284,74.125.24.0-255,7156,172394,56,230343
18312,0.001298,172.31.46.0-255,66,172460,56,230343
18313,0.001302,74.125.24.0-255,2184,174644,56,230343
18314,0.001306,172.31.46.0-255,66,174710,56,230343
18315,0.00134,74.125.24.0-255,4320,179030,56,230343
18316,0.001345,172.31.46.0-255,66,179096,56,230343
18317,0.001423,74.125.24.0-255,2902,181998,56,230343
18318,0.001426,74.125.24.0-255,766,182764,56,230343
18319,0.001442,74.125.24.0-255,2902,185666,56,230343
18320,0.001447,172.31.46.0-255,66,185732,56,230343
18321,0.001478,74.125.24.0-255,1484,187216,56,230343
18322,0.001494,74.125.24.0-255,5020,192236,56,230343
18323,0.001507,172.31.46.0-255,66,192302,56,230343
18324,0.00169,74.125.24.0-255,1484,193786,56,230343
18325,0.001707,74.125.24.0-255,2902,196688,56,230343
18326,0.001712,172.31.46.0-255,66,196754,56,230343
18327,0.001739,74.125.24.0-255,5738,202492,56,230343
18328,0.001743,172.31.46.0-255,66,202558,56,230343
18329,0.001773,74.125.24.0-255,1484,204042,56,230343
18330,0.001781,172.31.46.0-255,66,204108,56,230343
18331,0.001809,74.125.24.0-255,766,204874,56,230343
18332,0.00182,172.31.46.0-255,66,204940,56,230343
18333,0.00188,74.125.24.0-255,1484,206424,56,230343
18334,0.001904,74.125.24.0-255,2902,209326,56,230343
18335,0.001911,172.31.46.0-255,66,209392,56,230343
18336,0.001924,74.125.24.0-255,5738,215130,56,230343
18337,0.001926,74.125.24.0-255,1484,216614,56,230343
18338,0.001962,172.31.46.0-255,66,216680,56,230343
18339,0.002025,74.125.24.0-255,1484,218164,56,230343
18340,0.002044,74.125.24.0-255,2902,221066,56,230343
18341,0.00205,74.125.24.0-255,5738,226804,56,230343
18342,0.002052,74.125.24.0-255,1484,228288,56,230343
18343,0.002059,172.31.46.0-255,66,228354,56,230343
18344,0.002103,172.31.46.0-255,66,228420,56,230343
18345,0.002134,74.125.24.0-255,1484,229904,56,230343
18346,0.002164,74.125.24.0-255,97,230001,56,230343
18347,0.00218,172.31.46.0-255,66,230067,56,230343
18348,0.002212,74.125.24.0-255,105,230172,56,230343
18349,0.009386,172.31.46.0-255,66,230238,56,230343
18350,0.009425,172.31.46.0-255,105,230343,56,230343
18351,0.0,172.217.194.0-255,149,149,56,212863
18352,2.3e-05,172.31.46.0-255,66,215,56,212863
18353,3.1e-05,172.217.194.0-255,1484,1699,56,212863
18354,3.6e-05,172.31.46.0-255,66,1765,56,212863
18355,4.3e-05,172.217.194.0-255,2902,4667,56,212863
18356,4.6e-05,172.31.46.0-255,66,4733,56,212863
18357,5.4e-05,172.217.194.0-255,7156,11889,56,212863
18358,5.9e-05,172.31.46.0-255,66,11955,56,212863
18359,6.3e-05,172.217.194.0-255,2049,14004,56,212863
18360,6.6e-05,172.31.46.0-255,66,14070,56,212863
18361,9.3e-05,172.217.194.0-255,4320,18390,56,212863
18362,9.6e-05,172.31.46.0-255,66,18456,56,212863
18363,0.000113,172.217.194.0-255,7156,25612,56,212863
18364,0.000116,172.31.46.0-255,66,25678,56,212863
18365,0.00014,172.217.194.0-255,5379,31057,56,212863
18366,0.000143,172.31.46.0-255,66,31123,56,212863
18367,0.000187,172.217.194.0-255,1484,32607,56,212863
18368,0.00019,172.31.46.0-255,66,32673,56,212863
18369,0.000206,172.217.194.0-255,2902,35575,56,212863
18370,0.000209,172.31.46.0-255,66,35641,56,212863
18371,0.000212,172.217.194.0-255,1484,37125,56,212863
18372,0.000215,172.31.46.0-255,66,37191,56,212863
18373,0.000238,172.217.194.0-255,4320,41511,56,212863
18374,0.000241,172.31.46.0-255,66,41577,56,212863
18375,0.000245,172.217.194.0-255,2902,44479,56,212863
18376,0.000247,172.31.46.0-255,66,44545,56,212863
18377,0.000273,172.31.46.0-255,66,44611,56,212863
18378,0.000276,172.217.194.0-255,1484,46095,56,212863
18379,0.000278,172.31.46.0-255,66,46161,56,212863
18380,0.000314,172.31.46.0-255,66,46227,56,212863
18381,0.000317,172.217.194.0-255,646,46873,56,212863
18382,0.000585,172.217.194.0-255,1484,48357,56,212863
18383,0.000593,172.31.46.0-255,66,48423,56,212863
18384,0.000609,172.217.194.0-255,2902,51325,56,212863
18385,0.000616,172.217.194.0-255,5738,57063,56,212863
18386,0.000646,172.217.194.0-255,4320,61383,56,212863
18387,0.000658,172.217.194.0-255,766,62149,56,212863
18388,0.000661,172.31.46.0-255,66,62215,56,212863
18389,0.000668,172.31.46.0-255,66,62281,56,212863
18390,0.000937,172.217.194.0-255,1484,63765,56,212863
18391,0.000944,172.217.194.0-255,2902,66667,56,212863
18392,0.000969,172.217.194.0-255,4320,70987,56,212863
18393,0.000972,172.31.46.0-255,66,71053,56,212863
18394,0.000978,172.31.46.0-255,66,71119,56,212863
18395,0.000985,172.217.194.0-255,1484,72603,56,212863
18396,0.000989,172.217.194.0-255,2902,75505,56,212863
18397,0.001008,172.217.194.0-255,4320,79825,56,212863
18398,0.001011,172.217.194.0-255,1484,81309,56,212863
18399,0.001031,172.217.194.0-255,7156,88465,56,212863
18400,0.001036,172.217.194.0-255,5738,94203,56,212863
18401,0.001039,172.31.46.0-255,66,94269,56,212863
18402,0.001045,172.31.46.0-255,66,94335,56,212863
18403,0.001053,172.217.194.0-255,1635,95970,56,212863
18404,0.001076,172.31.46.0-255,66,96036,56,212863
18405,0.00119,172.217.194.0-255,1484,97520,56,212863
18406,0.001196,172.217.194.0-255,2902,100422,56,212863
18407,0.001202,172.217.194.0-255,4320,104742,56,212863
18408,0.001207,172.31.46.0-255,66,104808,56,212863
18409,0.001218,172.217.194.0-255,1484,106292,56,212863
18410,0.001225,172.217.194.0-255,7156,113448,56,212863
18411,0.001246,172.217.194.0-255,5738,119186,56,212863
18412,0.001252,172.217.194.0-255,5738,124924,56,212863
18413,0.001268,172.217.194.0-255,2902,127826,56,212863
18414,0.001274,172.31.46.0-255,66,127892,56,212863
18415,0.001287,172.217.194.0-255,2184,130076,56,212863
18416,0.001303,172.31.46.0-255,66,130142,56,212863
18417,0.001308,172.217.194.0-255,2902,133044,56,212863
18418,0.001314,172.31.46.0-255,66,133110,56,212863
18419,0.001327,172.217.194.0-255,7156,140266,56,212863
18420,0.001351,172.217.194.0-255,4320,144586,56,212863
18421,0.001359,172.31.46.0-255,66,144652,56,212863
18422,0.001395,172.217.194.0-255,7156,151808,56,212863
18423,0.001403,172.31.46.0-255,66,151874,56,212863
18424,0.001451,172.31.46.0-255,66,151940,56,212863
18425,0.001494,172.217.194.0-255,2902,154842,56,212863
18426,0.001508,172.217.194.0-255,1484,156326,56,212863
18427,0.001514,172.217.194.0-255,5738,162064,56,212863
18428,0.001518,172.31.46.0-255,66,162130,56,212863
18429,0.001529,172.31.46.0-255,66,162196,56,212863
18430,0.001596,172.217.194.0-255,7156,169352,56,212863
18431,0.00161,172.31.46.0-255,66,169418,56,212863
18432,0.001625,172.217.194.0-255,4320,173738,56,212863
18433,0.001643,172.31.46.0-255,66,173804,56,212863
18434,0.001689,172.217.194.0-255,1484,175288,56,212863
18435,0.001693,172.217.194.0-255,1484,176772,56,212863
18436,0.001699,172.31.46.0-255,66,176838,56,212863
18437,0.001707,172.217.194.0-255,1484,178322,56,212863
18438,0.00171,172.217.194.0-255,1484,179806,56,212863
18439,0.001714,172.31.46.0-255,66,179872,56,212863
18440,0.001741,172.217.194.0-255,5738,185610,56,212863
18441,0.001764,172.217.194.0-255,1484,187094,56,212863
18442,0.001769,172.217.194.0-255,2902,189996,56,212863
18443,0.001786,172.217.194.0-255,4320,194316,56,212863
18444,0.001804,172.217.194.0-255,2184,196500,56,212863
18445,0.001807,172.217.194.0-255,1484,197984,56,212863
18446,0.001813,172.31.46.0-255,66,198050,56,212863
18447,0.001833,172.31.46.0-255,66,198116,56,212863
18448,0.001877,172.217.194.0-255,4320,202436,56,212863
18449,0.001891,172.31.46.0-255,66,202502,56,212863
18450,0.001931,172.217.194.0-255,2902,205404,56,212863
18451,0.00194,172.31.46.0-255,66,205470,56,212863
18452,0.00198,172.217.194.0-255,7156,212626,56,212863
18453,0.001992,172.31.46.0-255,66,212692,56,212863
18454,0.002032,172.217.194.0-255,105,212797,56,212863
18455,0.00204,172.31.46.0-255,66,212863,56,212863
18456,0.0,74.125.200.0-255,152,152,56,197955
18457,1.1e-05,172.31.46.0-255,66,218,56,197955
18458,4.8e-05,74.125.200.0-255,1484,1702,56,197955
18459,5.2e-05,172.31.46.0-255,66,1768,56,197955
18460,5.7e-05,74.125.200.0-255,2902,4670,56,197955
18461,6e-05,172.31.46.0-255,66,4736,56,197955
18462,6.6e-05,74.125.200.0-255,5738,10474,56,197955
18463,6.8e-05,172.31.46.0-255,66,10540,56,197955
18464,0.000104,74.125.200.0-255,1484,12024,56,197955
18465,0.000106,172.31.46.0-255,66,12090,56,197955
18466,0.000109,74.125.200.0-255,1484,13574,56,197955
18467,0.000111,172.31.46.0-255,66,13640,56,197955
18468,0.000114,74.125.200.0-255,637,14277,56,197955
18469,0.000115,172.31.46.0-255,66,14343,56,197955
18470,0.000122,74.125.200.0-255,1484,15827,56,197955
18471,0.000124,172.31.46.0-255,66,15893,56,197955
18472,0.000127,74.125.200.0-255,1484,17377,56,197955
18473,0.00013,172.31.46.0-255,66,17443,56,197955
18474,0.000154,74.125.200.0-255,2902,20345,56,197955
18475,0.000156,172.31.46.0-255,66,20411,56,197955
18476,0.000181,74.125.200.0-255,5738,26149,56,197955
18477,0.000184,172.31.46.0-255,66,26215,56,197955
18478,0.000207,74.125.200.0-255,1484,27699,56,197955
18479,0.000209,172.31.46.0-255,66,27765,56,197955
18480,0.000237,74.125.200.0-255,3961,31726,56,197955
18481,0.000239,172.31.46.0-255,66,31792,56,197955
18482,0.000289,74.125.200.0-255,1484,33276,56,197955
18483,0.000292,172.31.46.0-255,66,33342,56,197955
18484,0.000295,74.125.200.0-255,1484,34826,56,197955
18485,0.000296,172.31.46.0-255,66,34892,56,197955
18486,0.000315,74.125.200.0-255,1484,36376,56,197955
18487,0.000318,172.31.46.0-255,66,36442,56,197955
18488,0.000324,74.125.200.0-255,5738,42180,56,197955
18489,0.000332,74.125.200.0-255,2902,45082,56,197955
18490,0.000334,74.125.200.0-255,1484,46566,56,197955
18491,0.00036,74.125.200.0-255,2543,49109,56,197955
18492,0.000406,74.125.200.0-255,1484,50593,56,197955
18493,0.000423,74.125.200.0-255,5738,56331,56,197955
18494,0.000449,74.125.200.0-255,7156,63487,56,197955
18495,0.000466,74.125.200.0-255,1484,64971,56,197955
18496,0.000468,74.125.200.0-255,1434,66405,56,197955
18497,0.00047,74.125.200.0-255,376,66781,56,197955
18498,0.000532,172.31.46.0-255,66,66847,56,197955
18499,0.000564,74.125.200.0-255,1484,68331,56,197955
18500,0.000602,74.125.200.0-255,2902,71233,56,197955
18501,0.000605,74.125.200.0-255,1484,72717,56,197955
18502,0.00062,74.125.200.0-255,4320,77037,56,197955
18503,0.000622,74.125.200.0-255,1484,78521,56,197955
18504,0.000624,172.31.46.0-255,66,78587,56,197955
18505,0.000629,172.31.46.0-255,66,78653,56,197955
18506,0.000678,172.31.46.0-255,66,78719,56,197955
18507,0.000704,74.125.200.0-255,4320,83039,56,197955
18508,0.000711,172.31.46.0-255,66,83105,56,197955
18509,0.000747,172.31.46.0-255,66,83171,56,197955
18510,0.000961,74.125.200.0-255,1484,84655,56,197955
18511,0.000966,74.125.200.0-255,2902,87557,56,197955
18512,0.000975,172.31.46.0-255,66,87623,56,197955
18513,0.000979,74.125.200.0-255,2902,90525,56,197955
18514,0.001004,74.125.200.0-255,7156,97681,56,197955
18515,0.001008,172.31.46.0-255,66,97747,56,197955
18516,0.001037,74.125.200.0-255,5738,103485,56,197955
18517,0.001039,172.31.46.0-255,66,103551,56,197955
18518,0.001066,74.125.200.0-255,7156,110707,56,197955
18519,0.001082,172.31.46.0-255,66,110773,56,197955
18520,0.001106,74.125.200.0-255,4320,115093,56,197955
18521,0.001111,172.31.46.0-255,66,115159,56,197955
18522,0.001136,74.125.200.0-255,2184,117343,56,197955
18523,0.001143,172.31.46.0-255,66,117409,56,197955
18524,0.001189,74.125.200.0-255,2902,120311,56,197955
18525,0.001219,172.31.46.0-255,66,120377,56,197955
18526,0.001227,74.125.200.0-255,1484,121861,56,197955
18527,0.001251,74.125.200.0-255,2902,124763,56,197955
18528,0.001269,74.125.200.0-255,5738,130501,56,197955
18529,0.001272,74.125.200.0-255,1484,131985,56,197955
18530,0.001274,172.31.46.0-255,66,132051,56,197955
18531,0.001279,172.31.46.0-255,66,132117,56,197955
18532,0.001299,74.125.200.0-255,4320,136437,56,197955
18533,0.001302,74.125.200.0-255,1484,137921,56,197955
18534,0.001319,172.31.46.0-255,66,137987,56,197955
18535,0.001325,74.125.200.0-255,5738,143725,56,197955
18536,0.001328,74.125.200.0-255,2902,146627,56,197955
18537,0.001339,172.31.46.0-255,66,146693,56,197955
18538,0.001347,74.125.200.0-255,4320,151013,56,197955
18539,0.001368,74.125.200.0-255,766,151779,56,197955
18540,0.001371,172.31.46.0-255,66,151845,56,197955
18541,0.001412,74.125.200.0-255,1484,153329,56,197955
18542,0.001416,172.31.46.0-255,66,153395,56,197955
18543,0.001426,74.125.200.0-255,4320,157715,56,197955
18544,0.001449,74.125.200.0-255,1484,159199,56,197955
18545,0.001453,172.31.46.0-255,66,159265,56,197955
18546,0.001461,74.125.200.0-255,4320,163585,56,197955
18547,0.001465,172.31.46.0-255,66,163651,56,197955
18548,0.001479,74.125.200.0-255,1484,165135,56,197955
18549,0.00153,172.31.46.0-255,66,165201,56,197955
18550,0.001555,74.125.200.0-255,5738,170939,56,197955
18551,0.00156,172.31.46.0-255,66,171005,56,197955
18552,0.001569,74.125.200.0-255,5020,176025,56,197955
18553,0.001577,172.31.46.0-255,66,176091,56,197955
18554,0.003592,74.125.200.0-255,4320,180411,56,197955
18555,0.003598,172.31.46.0-255,66,180477,56,197955
18556,0.003624,74.125.200.0-255,1484,181961,56,197955
18557,0.005625,74.125.200.0-255,4320,186281,56,197955
18558,0.00563,172.31.46.0-255,66,186347,56,197955
18559,0.00765,74.125.200.0-255,5738,192085,56,197955
18560,0.007656,172.31.46.0-255,66,192151,56,197955
18561,0.009672,74.125.200.0-255,5738,197889,56,197955
18562,0.009683,172.31.46.0-255,66,197955,56,197955
18563,0.0,172.253.118.0-255,152,152,56,169819
18564,2.4e-05,172.31.46.0-255,66,218,56,169819
18565,3e-05,172.253.118.0-255,1484,1702,56,169819
18566,3.5e-05,172.31.46.0-255,66,1768,56,169819
18567,4.9e-05,172.253.118.0-255,2902,4670,56,169819
18568,5.4e-05,172.31.46.0-255,66,4736,56,169819
18569,6.2e-05,172.253.118.0-255,5738,10474,56,169819
18570,6.4e-05,172.31.46.0-255,66,10540,56,169819
18571,6.7e-05,172.253.118.0-255,1484,12024,56,169819
18572,7e-05,172.31.46.0-255,66,12090,56,169819
18573,0.000116,172.31.46.0-255,66,12156,56,169819
18574,0.000122,172.253.118.0-255,4320,16476,56,169819
18575,0.000124,172.31.46.0-255,66,16542,56,169819
18576,0.000145,172.253.118.0-255,2543,19085,56,169819
18577,0.000152,172.31.46.0-255,66,19151,56,169819
18578,0.000227,172.253.118.0-255,1484,20635,56,169819
18579,0.00023,172.31.46.0-255,66,20701,56,169819
18580,0.000235,172.253.118.0-255,2902,23603,56,169819
18581,0.000238,172.31.46.0-255,66,23669,56,169819
18582,0.000241,172.253.118.0-255,1484,25153,56,169819
18583,0.000243,172.31.46.0-255,66,25219,56,169819
18584,0.000292,172.253.118.0-255,4320,29539,56,169819
18585,0.000295,172.31.46.0-255,66,29605,56,169819
18586,0.000303,172.253.118.0-255,6797,36402,56,169819
18587,0.000305,172.31.46.0-255,66,36468,56,169819
18588,0.000316,172.253.118.0-255,7156,43624,56,169819
18589,0.000319,172.31.46.0-255,66,43690,56,169819
18590,0.000378,172.31.46.0-255,66,43756,56,169819
18591,0.000431,172.253.118.0-255,136,43892,56,169819
18592,0.000434,172.31.46.0-255,66,43958,56,169819
18593,0.000646,172.253.118.0-255,1484,45442,56,169819
18594,0.00065,172.253.118.0-255,1484,46926,56,169819
18595,0.000658,172.31.46.0-255,66,46992,56,169819
18596,0.000666,172.253.118.0-255,1484,48476,56,169819
18597,0.000673,172.253.118.0-255,5738,54214,56,169819
18598,0.000681,172.31.46.0-255,66,54280,56,169819
18599,0.000715,172.31.46.0-255,66,54346,56,169819
18600,0.00072,172.253.118.0-255,4320,58666,56,169819
18601,0.000722,172.31.46.0-255,66,58732,56,169819
18602,0.000748,172.253.118.0-255,4320,63052,56,169819
18603,0.000751,172.31.46.0-255,66,63118,56,169819
18604,0.000762,172.253.118.0-255,6797,69915,56,169819
18605,0.000765,172.31.46.0-255,66,69981,56,169819
18606,0.000875,172.253.118.0-255,1484,71465,56,169819
18607,0.00089,172.253.118.0-255,2902,74367,56,169819
18608,0.000894,172.31.46.0-255,66,74433,56,169819
18609,0.000898,172.253.118.0-255,1484,75917,56,169819
18610,0.000921,172.253.118.0-255,5738,81655,56,169819
18611,0.000925,172.31.46.0-255,66,81721,56,169819
18612,0.000955,172.253.118.0-255,5738,87459,56,169819
18613,0.000958,172.31.46.0-255,66,87525,56,169819
18614,0.000989,172.253.118.0-255,7156,94681,56,169819
18615,0.000992,172.31.46.0-255,66,94747,56,169819
18616,0.00103,172.31.46.0-255,66,94813,56,169819
18617,0.001071,172.253.118.0-255,1484,96297,56,169819
18618,0.001088,172.253.118.0-255,2902,99199,56,169819
18619,0.001091,172.31.46.0-255,66,99265,56,169819
18620,0.001098,172.253.118.0-255,5738,105003,56,169819
18621,0.001101,172.31.46.0-255,66,105069,56,169819
18622,0.00111,172.253.118.0-255,4320,109389,56,169819
18623,0.001113,172.31.46.0-255,66,109455,56,169819
18624,0.001155,172.31.46.0-255,66,109521,56,169819
18625,0.00119,172.31.46.0-255,66,109587,56,169819
18626,0.001775,172.253.118.0-255,1484,111071,56,169819
18627,0.001797,172.253.118.0-255,2902,113973,56,169819
18628,0.001801,172.31.46.0-255,66,114039,56,169819
18629,0.001808,172.253.118.0-255,5738,119777,56,169819
18630,0.00181,172.31.46.0-255,66,119843,56,169819
18631,0.00182,172.253.118.0-255,2902,122745,56,169819
18632,0.001822,172.31.46.0-255,66,122811,56,169819
18633,0.001878,172.31.46.0-255,66,122877,56,169819
18634,0.001888,172.31.46.0-255,66,122943,56,169819
18635,0.001917,172.253.118.0-255,2184,125127,56,169819
18636,0.00192,172.31.46.0-255,66,125193,56,169819
18637,0.002148,172.253.118.0-255,1484,126677,56,169819
18638,0.002155,172.253.118.0-255,2902,129579,56,169819
18639,0.002158,172.31.46.0-255,66,129645,56,169819
18640,0.002162,172.253.118.0-255,1484,131129,56,169819
18641,0.002188,172.253.118.0-255,4320,135449,56,169819
18642,0.002191,172.31.46.0-255,66,135515,56,169819
18643,0.002196,172.253.118.0-255,4320,139835,56,169819
18644,0.002198,172.31.46.0-255,66,139901,56,169819
18645,0.002215,172.31.46.0-255,66,139967,56,169819
18646,0.002241,172.253.118.0-255,7156,147123,56,169819
18647,0.002243,172.31.46.0-255,66,147189,56,169819
18648,0.002285,172.253.118.0-255,5020,152209,56,169819
18649,0.002288,172.31.46.0-255,66,152275,56,169819
18650,0.002313,172.31.46.0-255,66,152341,56,169819
18651,0.002329,172.31.46.0-255,66,152407,56,169819
18652,0.004654,172.253.118.0-255,5738,158145,56,169819
18653,0.004662,172.31.46.0-255,66,158211,56,169819
18654,0.007006,172.253.118.0-255,5738,163949,56,169819
18655,0.007011,172.31.46.0-255,66,164015,56,169819
18656,0.009351,172.253.118.0-255,5738,169753,56,169819
18657,0.009359,172.31.46.0-255,66,169819,56,169819
18658,0.0,74.125.24.0-255,146,146,56,112220
18659,2.3e-05,172.31.46.0-255,66,212,56,112220
18660,3.1e-05,74.125.24.0-255,1484,1696,56,112220
18661,3.5e-05,172.31.46.0-255,66,1762,56,112220
18662,4e-05,74.125.24.0-255,2902,4664,56,112220
18663,4.3e-05,172.31.46.0-255,66,4730,56,112220
18664,5.1e-05,74.125.24.0-255,7156,11886,56,112220
18665,5.5e-05,172.31.46.0-255,66,11952,56,112220
18666,5.9e-05,74.125.24.0-255,2046,13998,56,112220
18667,6.2e-05,172.31.46.0-255,66,14064,56,112220
18668,8.7e-05,74.125.24.0-255,1484,15548,56,112220
18669,9e-05,172.31.46.0-255,66,15614,56,112220
18670,9.5e-05,74.125.24.0-255,2902,18516,56,112220
18671,9.7e-05,172.31.46.0-255,66,18582,56,112220
18672,0.000127,74.125.24.0-255,5738,24320,56,112220
18673,0.00013,172.31.46.0-255,66,24386,56,112220
18674,0.000149,74.125.24.0-255,6797,31183,56,112220
18675,0.000152,172.31.46.0-255,66,31249,56,112220
18676,0.00081,74.125.24.0-255,1484,32733,56,112220
18677,0.000816,172.31.46.0-255,66,32799,56,112220
18678,0.000825,74.125.24.0-255,2902,35701,56,112220
18679,0.000828,172.31.46.0-255,66,35767,56,112220
18680,0.000835,74.125.24.0-255,5738,41505,56,112220
18681,0.000837,172.31.46.0-255,66,41571,56,112220
18682,0.00086,74.125.24.0-255,5738,47309,56,112220
18683,0.000862,172.31.46.0-255,66,47375,56,112220
18684,0.000883,74.125.24.0-255,1125,48500,56,112220
18685,0.000886,172.31.46.0-255,66,48566,56,112220
18686,0.001098,74.125.24.0-255,1484,50050,56,112220
18687,0.001103,172.31.46.0-255,66,50116,56,112220
18688,0.00111,74.125.24.0-255,2902,53018,56,112220
18689,0.001112,172.31.46.0-255,66,53084,56,112220
18690,0.001117,74.125.24.0-255,4320,57404,56,112220
18691,0.00112,172.31.46.0-255,66,57470,56,112220
18692,0.00117,74.125.24.0-255,5738,63208,56,112220
18693,0.001173,172.31.46.0-255,66,63274,56,112220
18694,0.001192,74.125.24.0-255,2543,65817,56,112220
18695,0.001194,172.31.46.0-255,66,65883,56,112220
18696,0.001292,74.125.24.0-255,1484,67367,56,112220
18697,0.001299,74.125.24.0-255,1484,68851,56,112220
18698,0.001302,172.31.46.0-255,66,68917,56,112220
18699,0.001322,74.125.24.0-255,1484,70401,56,112220
18700,0.001329,74.125.24.0-255,5738,76139,56,112220
18701,0.001332,172.31.46.0-255,66,76205,56,112220
18702,0.001365,172.31.46.0-255,66,76271,56,112220
18703,0.001368,74.125.24.0-255,1484,77755,56,112220
18704,0.001389,74.125.24.0-255,7156,84911,56,112220
18705,0.001391,172.31.46.0-255,66,84977,56,112220
18706,0.001413,74.125.24.0-255,3961,88938,56,112220
18707,0.001416,172.31.46.0-255,66,89004,56,112220
18708,0.003464,74.125.24.0-255,5738,94742,56,112220
18709,0.003472,172.31.46.0-255,66,94808,56,112220
18710,0.005533,74.125.24.0-255,5738,100546,56,112220
18711,0.005539,172.31.46.0-255,66,100612,56,112220
18712,0.007618,74.125.24.0-255,5738,106350,56,112220
18713,0.007625,172.31.46.0-255,66,106416,56,112220
18714,0.009676,74.125.24.0-255,5738,112154,56,112220
18715,0.009683,172.31.46.0-255,66,112220,56,112220
18716,0.0,74.125.68.0-255,146,146,56,133170
18717,2.3e-05,172.31.46.0-255,66,212,56,133170
18718,3e-05,74.125.68.0-255,1484,1696,56,133170
18719,3.5e-05,172.31.46.0-255,66,1762,56,133170
18720,4.9e-05,74.125.68.0-255,2902,4664,56,133170
18721,5.3e-05,172.31.46.0-255,66,4730,56,133170
18722,5.8e-05,74.125.68.0-255,4320,9050,56,133170
18723,6.2e-05,172.31.46.0-255,66,9116,56,133170
18724,6.7e-05,74.125.68.0-255,2902,12018,56,133170
18725,7e-05,172.31.46.0-255,66,12084,56,133170
18726,0.000108,74.125.68.0-255,1903,13987,56,133170
18727,0.000111,172.31.46.0-255,66,14053,56,133170
18728,0.000116,74.125.68.0-255,2902,16955,56,133170
18729,0.000119,172.31.46.0-255,66,17021,56,133170
18730,0.000125,74.125.68.0-255,4320,21341,56,133170
18731,0.000127,172.31.46.0-255,66,21407,56,133170
18732,0.000138,172.31.46.0-255,66,21473,56,133170
18733,0.000141,74.125.68.0-255,1125,22598,56,133170
18734,0.000143,172.31.46.0-255,66,22664,56,133170
18735,0.000258,74.125.68.0-255,1484,24148,56,133170
18736,0.000261,172.31.46.0-255,66,24214,56,133170
18737,0.000267,74.125.68.0-255,2902,27116,56,133170
18738,0.00027,172.31.46.0-255,66,27182,56,133170
18739,0.000296,74.125.68.0-255,5738,32920,56,133170
18740,0.000299,172.31.46.0-255,66,32986,56,133170
18741,0.00033,74.125.68.0-255,2902,35888,56,133170
18742,0.000332,172.31.46.0-255,66,35954,56,133170
18743,0.000337,74.125.68.0-255,3961,39915,56,133170
18744,0.000339,172.31.46.0-255,66,39981,56,133170
18745,0.000367,74.125.68.0-255,7156,47137,56,133170
18746,0.00037,172.31.46.0-255,66,47203,56,133170
18747,0.000395,74.125.68.0-255,1484,48687,56,133170
18748,0.000427,172.31.46.0-255,66,48753,56,133170
18749,0.00043,74.125.68.0-255,109,48862,56,133170
18750,0.000865,74.125.68.0-255,332,49194,56,133170
18751,0.000905,74.125.68.0-255,1484,50678,56,133170
18752,0.000909,172.31.46.0-255,66,50744,56,133170
18753,0.000914,74.125.68.0-255,1484,52228,56,133170
18754,0.000937,74.125.68.0-255,1484,53712,56,133170
18755,0.000939,172.31.46.0-255,66,53778,56,133170
18756,0.000946,74.125.68.0-255,5738,59516,56,133170
18757,0.000948,172.31.46.0-255,66,59582,56,133170
18758,0.000957,74.125.68.0-255,2902,62484,56,133170
18759,0.000959,172.31.46.0-255,66,62550,56,133170
18760,0.000985,74.125.68.0-255,1484,64034,56,133170
18761,0.00099,74.125.68.0-255,2902,66936,56,133170
18762,0.000993,172.31.46.0-255,66,67002,56,133170
18763,0.001017,74.125.68.0-255,2902,69904,56,133170
18764,0.001019,172.31.46.0-255,66,69970,56,133170
18765,0.001063,172.31.46.0-255,66,70036,56,133170
18766,0.001082,74.125.68.0-255,2902,72938,56,133170
18767,0.001084,172.31.46.0-255,66,73004,56,133170
18768,0.001089,74.125.68.0-255,2184,75188,56,133170
18769,0.001091,172.31.46.0-255,66,75254,56,133170
18770,0.001289,74.125.68.0-255,1484,76738,56,133170
18771,0.001311,74.125.68.0-255,2902,79640,56,133170
18772,0.001313,74.125.68.0-255,1484,81124,56,133170
18773,0.001318,172.31.46.0-255,66,81190,56,133170
18774,0.001327,74.125.68.0-255,1484,82674,56,133170
18775,0.001329,172.31.46.0-255,66,82740,56,133170
18776,0.001351,74.125.68.0-255,1484,84224,56,133170
18777,0.001355,74.125.68.0-255,1484,85708,56,133170
18778,0.001357,172.31.46.0-255,66,85774,56,133170
18779,0.001386,74.125.68.0-255,4320,90094,56,133170
18780,0.001389,172.31.46.0-255,66,90160,56,133170
18781,0.001394,74.125.68.0-255,2902,93062,56,133170
18782,0.001396,172.31.46.0-255,66,93128,56,133170
18783,0.001409,74.125.68.0-255,4320,97448,56,133170
18784,0.001412,172.31.46.0-255,66,97514,56,133170
18785,0.001433,74.125.68.0-255,4320,101834,56,133170
18786,0.001435,172.31.46.0-255,66,101900,56,133170
18787,0.00148,74.125.68.0-255,2902,104802,56,133170
18788,0.001483,172.31.46.0-255,66,104868,56,133170
18789,0.001489,74.125.68.0-255,5020,109888,56,133170
18790,0.001491,172.31.46.0-255,66,109954,56,133170
18791,0.003443,74.125.68.0-255,5738,115692,56,133170
18792,0.00345,172.31.46.0-255,66,115758,56,133170
18793,0.005393,74.125.68.0-255,5738,121496,56,133170
18794,0.005397,172.31.46.0-255,66,121562,56,133170
18795,0.007341,74.125.68.0-255,5738,127300,56,133170
18796,0.007347,172.31.46.0-255,66,127366,56,133170
18797,0.009302,74.125.68.0-255,5738,133104,56,133170
18798,0.009311,172.31.46.0-255,66,133170,56,133170
18799,0.0,172.217.194.0-255,153,153,56,178181
18800,1.4e-05,172.31.46.0-255,66,219,56,178181
18801,2.1e-05,172.217.194.0-255,1484,1703,56,178181
18802,2.5e-05,172.31.46.0-255,66,1769,56,178181
18803,3.8e-05,172.217.194.0-255,2902,4671,56,178181
18804,4.2e-05,172.31.46.0-255,66,4737,56,178181
18805,4.9e-05,172.217.194.0-255,7156,11893,56,178181
18806,5.2e-05,172.31.46.0-255,66,11959,56,178181
18807,7.3e-05,172.217.194.0-255,2140,14099,56,178181
18808,8e-05,172.31.46.0-255,66,14165,56,178181
18809,0.000249,172.217.194.0-255,1484,15649,56,178181
18810,0.000254,172.31.46.0-255,66,15715,56,178181
18811,0.000261,172.217.194.0-255,2902,18617,56,178181
18812,0.000263,172.31.46.0-255,66,18683,56,178181
18813,0.000275,172.217.194.0-255,5738,24421,56,178181
18814,0.000278,172.31.46.0-255,66,24487,56,178181
18815,0.00032,172.217.194.0-255,6797,31284,56,178181
18816,0.000323,172.31.46.0-255,66,31350,56,178181
18817,0.000357,172.217.194.0-255,1484,32834,56,178181
18818,0.000359,172.31.46.0-255,66,32900,56,178181
18819,0.000386,172.217.194.0-255,2902,35802,56,178181
18820,0.000389,172.31.46.0-255,66,35868,56,178181
18821,0.000396,172.217.194.0-255,5738,41606,56,178181
18822,0.000398,172.31.46.0-255,66,41672,56,178181
18823,0.000401,172.217.194.0-255,1484,43156,56,178181
18824,0.000403,172.31.46.0-255,66,43222,56,178181
18825,0.000435,172.217.194.0-255,4320,47542,56,178181
18826,0.000438,172.31.46.0-255,66,47608,56,178181
18827,0.000485,172.31.46.0-255,66,47674,56,178181
18828,0.000488,172.217.194.0-255,360,48034,56,178181
18829,0.00049,172.31.46.0-255,66,48100,56,178181
18830,0.00053,172.217.194.0-255,383,48483,56,178181
18831,0.000999,172.217.194.0-255,1484,49967,56,178181
18832,0.001005,172.31.46.0-255,66,50033,56,178181
18833,0.001009,172.217.194.0-255,1484,51517,56,178181
18834,0.001032,172.217.194.0-255,1484,53001,56,178181
18835,0.001034,172.31.46.0-255,66,53067,56,178181
18836,0.001041,172.217.194.0-255,4320,57387,56,178181
18837,0.001043,172.31.46.0-255,66,57453,56,178181
18838,0.001047,172.217.194.0-255,1484,58937,56,178181
18839,0.00108,172.217.194.0-255,7156,66093,56,178181
18840,0.001082,172.31.46.0-255,66,66159,56,178181
18841,0.001103,172.31.46.0-255,66,66225,56,178181
18842,0.001106,172.217.194.0-255,1484,67709,56,178181
18843,0.001147,172.31.46.0-255,66,67775,56,178181
18844,0.001177,172.31.46.0-255,66,67841,56,178181
18845,0.0012,172.217.194.0-255,6438,74279,56,178181
18846,0.001204,172.31.46.0-255,66,74345,56,178181
18847,0.001226,172.31.46.0-255,66,74411,56,178181
18848,0.001256,172.217.194.0-255,5738,80149,56,178181
18849,0.001259,172.31.46.0-255,66,80215,56,178181
18850,0.001275,172.31.46.0-255,66,80281,56,178181
18851,0.001293,172.217.194.0-255,3602,83883,56,178181
18852,0.001296,172.31.46.0-255,66,83949,56,178181
18853,0.001488,172.217.194.0-255,1484,85433,56,178181
18854,0.001497,172.217.194.0-255,2902,88335,56,178181
18855,0.001502,172.31.46.0-255,66,88401,56,178181
18856,0.001509,172.217.194.0-255,5738,94139,56,178181
18857,0.001511,172.31.46.0-255,66,94205,56,178181
18858,0.001554,172.31.46.0-255,66,94271,56,178181
18859,0.001581,172.217.194.0-255,2902,97173,56,178181
18860,0.001583,172.31.46.0-255,66,97239,56,178181
18861,0.001627,172.31.46.0-255,66,97305,56,178181
18862,0.001956,172.217.194.0-255,1484,98789,56,178181
18863,0.001965,172.217.194.0-255,2902,101691,56,178181
18864,0.00197,172.31.46.0-255,66,101757,56,178181
18865,0.001977,172.217.194.0-255,5738,107495,56,178181
18866,0.001979,172.31.46.0-255,66,107561,56,178181
18867,0.002078,172.31.46.0-255,66,107627,56,178181
18868,0.002096,172.31.46.0-255,66,107693,56,178181
18869,0.002102,172.217.194.0-255,5738,113431,56,178181
18870,0.002105,172.31.46.0-255,66,113497,56,178181
18871,0.002112,172.217.194.0-255,7156,120653,56,178181
18872,0.002115,172.31.46.0-255,66,120719,56,178181
18873,0.002162,172.31.46.0-255,66,120785,56,178181
18874,0.002165,172.217.194.0-255,1484,122269,56,178181
18875,0.002168,172.217.194.0-255,1484,123753,56,178181
18876,0.00217,172.31.46.0-255,66,123819,56,178181
18877,0.002203,172.217.194.0-255,3602,127421,56,178181
18878,0.002206,172.31.46.0-255,66,127487,56,178181
18879,0.002297,172.217.194.0-255,1484,128971,56,178181
18880,0.002302,172.217.194.0-255,1484,130455,56,178181
18881,0.002305,172.31.46.0-255,66,130521,56,178181
18882,0.00233,172.217.194.0-255,1484,132005,56,178181
18883,0.002334,172.217.194.0-255,2902,134907,56,178181
18884,0.002337,172.31.46.0-255,66,134973,56,178181
18885,0.002342,172.217.194.0-255,4320,139293,56,178181
18886,0.002346,172.31.46.0-255,66,139359,56,178181
18887,0.002387,172.31.46.0-255,66,139425,56,178181
18888,0.002399,172.31.46.0-255,66,139491,56,178181
18889,0.002431,172.217.194.0-255,3602,143093,56,178181
18890,0.002434,172.31.46.0-255,66,143159,56,178181
18891,0.002493,172.217.194.0-255,1484,144643,56,178181
18892,0.002509,172.217.194.0-255,2902,147545,56,178181
18893,0.002513,172.31.46.0-255,66,147611,56,178181
18894,0.002545,172.217.194.0-255,5738,153349,56,178181
18895,0.002549,172.31.46.0-255,66,153415,56,178181
18896,0.002557,172.217.194.0-255,7156,160571,56,178181
18897,0.002559,172.31.46.0-255,66,160637,56,178181
18898,0.002594,172.217.194.0-255,5738,166375,56,178181
18899,0.002597,172.31.46.0-255,66,166441,56,178181
18900,0.002614,172.31.46.0-255,66,166507,56,178181
18901,0.002634,172.31.46.0-255,66,166573,56,178181
18902,0.005192,172.217.194.0-255,5738,172311,56,178181
18903,0.006607,172.31.46.0-255,66,172377,56,178181
18904,0.009193,172.217.194.0-255,5738,178115,56,178181
18905,0.0092,172.31.46.0-255,66,178181,56,178181
18906,0.0,172.217.194.0-255,153,153,56,175828
18907,1.4e-05,172.31.46.0-255,66,219,56,175828
18908,2.9e-05,172.217.194.0-255,1484,1703,56,175828
18909,3.3e-05,172.31.46.0-255,66,1769,56,175828
18910,4.8e-05,172.217.194.0-255,2902,4671,56,175828
18911,5.1e-05,172.31.46.0-255,66,4737,56,175828
18912,5.4e-05,172.217.194.0-255,1484,6221,56,175828
18913,5.6e-05,172.31.46.0-255,66,6287,56,175828
18914,8e-05,172.217.194.0-255,5738,12025,56,175828
18915,8.2e-05,172.31.46.0-255,66,12091,56,175828
18916,0.000125,172.31.46.0-255,66,12157,56,175828
18917,0.000147,172.217.194.0-255,2902,15059,56,175828
18918,0.000149,172.31.46.0-255,66,15125,56,175828
18919,0.000168,172.217.194.0-255,6797,21922,56,175828
18920,0.00017,172.31.46.0-255,66,21988,56,175828
18921,0.00023,172.217.194.0-255,1484,23472,56,175828
18922,0.000233,172.31.46.0-255,66,23538,56,175828
18923,0.000246,172.217.194.0-255,2902,26440,56,175828
18924,0.000248,172.31.46.0-255,66,26506,56,175828
18925,0.000251,172.217.194.0-255,1484,27990,56,175828
18926,0.000253,172.31.46.0-255,66,28056,56,175828
18927,0.000276,172.217.194.0-255,4320,32376,56,175828
18928,0.000278,172.31.46.0-255,66,32442,56,175828
18929,0.000282,172.217.194.0-255,2902,35344,56,175828
18930,0.000284,172.31.46.0-255,66,35410,56,175828
18931,0.000304,172.31.46.0-255,66,35476,56,175828
18932,0.000338,172.31.46.0-255,66,35542,56,175828
18933,0.00034,172.217.194.0-255,119,35661,56,175828
18934,0.000342,172.31.46.0-255,66,35727,56,175828
18935,0.000456,172.217.194.0-255,1484,37211,56,175828
18936,0.000461,172.217.194.0-255,1484,38695,56,175828
18937,0.000464,172.31.46.0-255,66,38761,56,175828
18938,0.000484,172.217.194.0-255,1484,40245,56,175828
18939,0.00049,172.217.194.0-255,5738,45983,56,175828
18940,0.000492,172.31.46.0-255,66,46049,56,175828
18941,0.000523,172.31.46.0-255,66,46115,56,175828
18942,0.000532,172.31.46.0-255,66,46181,56,175828
18943,0.000553,172.217.194.0-255,1416,47597,56,175828
18944,0.000775,172.217.194.0-255,1484,49081,56,175828
18945,0.000779,172.31.46.0-255,66,49147,56,175828
18946,0.000783,172.217.194.0-255,1484,50631,56,175828
18947,0.000799,172.217.194.0-255,1484,52115,56,175828
18948,0.000805,172.217.194.0-255,5738,57853,56,175828
18949,0.000812,172.31.46.0-255,66,57919,56,175828
18950,0.000815,172.31.46.0-255,66,57985,56,175828
18951,0.000819,172.217.194.0-255,2902,60887,56,175828
18952,0.00082,172.31.46.0-255,66,60953,56,175828
18953,0.000871,172.31.46.0-255,66,61019,56,175828
18954,0.000884,172.31.46.0-255,66,61085,56,175828
18955,0.000949,172.217.194.0-255,1484,62569,56,175828
18956,0.000954,172.217.194.0-255,2902,65471,56,175828
18957,0.000957,172.31.46.0-255,66,65537,56,175828
18958,0.000961,172.217.194.0-255,1484,67021,56,175828
18959,0.00098,172.217.194.0-255,4320,71341,56,175828
18960,0.000983,172.31.46.0-255,66,71407,56,175828
18961,0.000991,172.217.194.0-255,7156,78563,56,175828
18962,0.000993,172.31.46.0-255,66,78629,56,175828
18963,0.001021,172.31.46.0-255,66,78695,56,175828
18964,0.001045,172.217.194.0-255,5738,84433,56,175828
18965,0.001048,172.31.46.0-255,66,84499,56,175828
18966,0.001053,172.217.194.0-255,3602,88101,56,175828
18967,0.001055,172.31.46.0-255,66,88167,56,175828
18968,0.001058,172.217.194.0-255,1484,89651,56,175828
18969,0.001078,172.217.194.0-255,4320,93971,56,175828
18970,0.001081,172.31.46.0-255,66,94037,56,175828
18971,0.001122,172.31.46.0-255,66,94103,56,175828
18972,0.001136,172.31.46.0-255,66,94169,56,175828
18973,0.001203,172.217.194.0-255,1484,95653,56,175828
18974,0.001222,172.217.194.0-255,2902,98555,56,175828
18975,0.001225,172.31.46.0-255,66,98621,56,175828
18976,0.001262,172.217.194.0-255,2902,101523,56,175828
18977,0.001265,172.31.46.0-255,66,101589,56,175828
18978,0.001299,172.217.194.0-255,2902,104491,56,175828
18979,0.001302,172.31.46.0-255,66,104557,56,175828
18980,0.001308,172.217.194.0-255,7156,111713,56,175828
18981,0.001311,172.31.46.0-255,66,111779,56,175828
18982,0.001325,172.31.46.0-255,66,111845,56,175828
18983,0.001329,172.217.194.0-255,2184,114029,56,175828
18984,0.001331,172.31.46.0-255,66,114095,56,175828
18985,0.001928,172.217.194.0-255,1484,115579,56,175828
18986,0.001935,172.217.194.0-255,2902,118481,56,175828
18987,0.001939,172.31.46.0-255,66,118547,56,175828
18988,0.001947,172.217.194.0-255,5738,124285,56,175828
18989,0.001949,172.31.46.0-255,66,124351,56,175828
18990,0.001985,172.31.46.0-255,66,124417,56,175828
18991,0.002001,172.217.194.0-255,5738,130155,56,175828
18992,0.002003,172.31.46.0-255,66,130221,56,175828
18993,0.002022,172.217.194.0-255,5020,135241,56,175828
18994,0.002025,172.31.46.0-255,66,135307,56,175828
18995,0.002082,172.217.194.0-255,1484,136791,56,175828
18996,0.002086,172.217.194.0-255,1484,138275,56,175828
18997,0.002088,172.31.46.0-255,66,138341,56,175828
18998,0.002109,172.217.194.0-255,1484,139825,56,175828
18999,0.002116,172.217.194.0-255,5738,145563,56,175828
19000,0.002118,172.31.46.0-255,66,145629,56,175828
19001,0.002132,172.31.46.0-255,66,145695,56,175828
19002,0.002159,172.217.194.0-255,2902,148597,56,175828
19003,0.002162,172.31.46.0-255,66,148663,56,175828
19004,0.002172,172.31.46.0-255,66,148729,56,175828
19005,0.002203,172.217.194.0-255,5738,154467,56,175828
19006,0.002205,172.31.46.0-255,66,154533,56,175828
19007,0.002237,172.31.46.0-255,66,154599,56,175828
19008,0.002249,172.217.194.0-255,2902,157501,56,175828
19009,0.002251,172.31.46.0-255,66,157567,56,175828
19010,0.002261,172.31.46.0-255,66,157633,56,175828
19011,0.002305,172.31.46.0-255,66,157699,56,175828
19012,0.002339,172.31.46.0-255,66,157765,56,175828
19013,0.002373,172.217.194.0-255,3602,161367,56,175828
19014,0.002376,172.31.46.0-255,66,161433,56,175828
19015,0.002394,172.31.46.0-255,66,161499,56,175828
19016,0.002404,172.31.46.0-255,66,161565,56,175828
19017,0.004716,172.217.194.0-255,5738,167303,56,175828
19018,0.004724,172.31.46.0-255,66,167369,56,175828
19019,0.007013,172.217.194.0-255,5738,173107,56,175828
19020,0.007017,172.31.46.0-255,66,173173,56,175828
19021,0.00938,172.217.194.0-255,2484,175657,56,175828
19022,0.009387,172.31.46.0-255,66,175723,56,175828
19023,0.009693,172.31.46.0-255,105,175828,56,175828
19024,0.0,172.217.194.0-255,146,146,56,111309
19025,2e-05,172.31.46.0-255,66,212,56,111309
19026,2.7e-05,172.217.194.0-255,1484,1696,56,111309
19027,3.2e-05,172.31.46.0-255,66,1762,56,111309
19028,3.8e-05,172.217.194.0-255,2902,4664,56,111309
19029,4.1e-05,172.31.46.0-255,66,4730,56,111309
19030,4.8e-05,172.217.194.0-255,5738,10468,56,111309
19031,5.1e-05,172.31.46.0-255,66,10534,56,111309
19032,7.4e-05,172.217.194.0-255,1484,12018,56,111309
19033,7.7e-05,172.31.46.0-255,66,12084,56,111309
19034,8.2e-05,172.217.194.0-255,2066,14150,56,111309
19035,8.4e-05,172.31.46.0-255,66,14216,56,111309
19036,0.00012,172.217.194.0-255,1484,15700,56,111309
19037,0.000123,172.31.46.0-255,66,15766,56,111309
19038,0.000127,172.217.194.0-255,2902,18668,56,111309
19039,0.000129,172.31.46.0-255,66,18734,56,111309
19040,0.000135,172.217.194.0-255,5738,24472,56,111309
19041,0.000137,172.31.46.0-255,66,24538,56,111309
19042,0.000168,172.217.194.0-255,5738,30276,56,111309
19043,0.000171,172.31.46.0-255,66,30342,56,111309
19044,0.000188,172.217.194.0-255,1125,31467,56,111309
19045,0.00019,172.31.46.0-255,66,31533,56,111309
19046,0.000198,172.217.194.0-255,7156,38689,56,111309
19047,0.0002,172.31.46.0-255,66,38755,56,111309
19048,0.000237,172.31.46.0-255,66,38821,56,111309
19049,0.000282,172.31.46.0-255,66,38887,56,111309
19050,0.000317,172.217.194.0-255,2902,41789,56,111309
19051,0.000319,172.31.46.0-255,66,41855,56,111309
19052,0.000333,172.217.194.0-255,4274,46129,56,111309
19053,0.000336,172.31.46.0-255,66,46195,56,111309
19054,0.00064,172.217.194.0-255,364,46559,56,111309
19055,0.000785,172.217.194.0-255,1484,48043,56,111309
19056,0.00079,172.31.46.0-255,66,48109,56,111309
19057,0.000796,172.217.194.0-255,2902,51011,56,111309
19058,0.000798,172.31.46.0-255,66,51077,56,111309
19059,0.000803,172.217.194.0-255,2902,53979,56,111309
19060,0.000806,172.31.46.0-255,66,54045,56,111309
19061,0.000836,172.217.194.0-255,2902,56947,56,111309
19062,0.000839,172.31.46.0-255,66,57013,56,111309
19063,0.000846,172.217.194.0-255,5738,62751,56,111309
19064,0.000848,172.31.46.0-255,66,62817,56,111309
19065,0.000862,172.31.46.0-255,66,62883,56,111309
19066,0.000865,172.217.194.0-255,1484,64367,56,111309
19067,0.00088,172.217.194.0-255,3602,67969,56,111309
19068,0.000883,172.31.46.0-255,66,68035,56,111309
19069,0.001949,172.217.194.0-255,1484,69519,56,111309
19070,0.00196,172.217.194.0-255,2902,72421,56,111309
19071,0.001965,172.31.46.0-255,66,72487,56,111309
19072,0.001974,172.217.194.0-255,5738,78225,56,111309
19073,0.001976,172.31.46.0-255,66,78291,56,111309
19074,0.001982,172.217.194.0-255,5738,84029,56,111309
19075,0.001984,172.31.46.0-255,66,84095,56,111309
19076,0.002016,172.217.194.0-255,4320,88415,56,111309
19077,0.002018,172.31.46.0-255,66,88481,56,111309
19078,0.002039,172.31.46.0-255,66,88547,56,111309
19079,0.002045,172.217.194.0-255,2902,91449,56,111309
19080,0.002047,172.31.46.0-255,66,91515,56,111309
19081,0.002064,172.217.194.0-255,2184,93699,56,111309
19082,0.002066,172.31.46.0-255,66,93765,56,111309
19083,0.004067,172.217.194.0-255,2902,96667,56,111309
19084,0.004075,172.31.46.0-255,66,96733,56,111309
19085,0.004097,172.217.194.0-255,2902,99635,56,111309
19086,0.0041,172.31.46.0-255,66,99701,56,111309
19087,0.006106,172.217.194.0-255,5738,105439,56,111309
19088,0.006113,172.31.46.0-255,66,105505,56,111309
19089,0.008151,172.217.194.0-255,5738,111243,56,111309
19090,0.008155,172.31.46.0-255,66,111309,56,111309
19091,0.0,74.125.130.0-255,153,153,56,104481
19092,2.5e-05,172.31.46.0-255,66,219,56,104481
19093,3.3e-05,74.125.130.0-255,1484,1703,56,104481
19094,3.6e-05,172.31.46.0-255,66,1769,56,104481
19095,4.3e-05,74.125.130.0-255,2902,4671,56,104481
19096,4.6e-05,172.31.46.0-255,66,4737,56,104481
19097,5e-05,74.125.130.0-255,1484,6221,56,104481
19098,5.3e-05,172.31.46.0-255,66,6287,56,104481
19099,6.1e-05,74.125.130.0-255,5738,12025,56,104481
19100,6.3e-05,172.31.46.0-255,66,12091,56,104481
19101,9e-05,74.125.130.0-255,2086,14177,56,104481
19102,9.3e-05,172.31.46.0-255,66,14243,56,104481
19103,0.000207,74.125.130.0-255,1484,15727,56,104481
19104,0.000212,172.31.46.0-255,66,15793,56,104481
19105,0.000215,74.125.130.0-255,1484,17277,56,104481
19106,0.000217,172.31.46.0-255,66,17343,56,104481
19107,0.00023,74.125.130.0-255,1484,18827,56,104481
19108,0.000233,172.31.46.0-255,66,18893,56,104481
19109,0.000239,74.125.130.0-255,4320,23213,56,104481
19110,0.000241,172.31.46.0-255,66,23279,56,104481
19111,0.000278,74.125.130.0-255,2902,26181,56,104481
19112,0.00028,172.31.46.0-255,66,26247,56,104481
19113,0.000302,74.125.130.0-255,6797,33044,56,104481
19114,0.000305,172.31.46.0-255,66,33110,56,104481
19115,0.00031,74.125.130.0-255,4320,37430,56,104481
19116,0.000312,172.31.46.0-255,66,37496,56,104481
19117,0.000341,74.125.130.0-255,5738,43234,56,104481
19118,0.000345,172.31.46.0-255,66,43300,56,104481
19119,0.000401,172.31.46.0-255,66,43366,56,104481
19120,0.000439,74.125.130.0-255,1484,44850,56,104481
19121,0.000442,172.31.46.0-255,66,44916,56,104481
19122,0.00047,172.31.46.0-255,66,44982,56,104481
19123,0.000504,74.125.130.0-255,394,45376,56,104481
19124,0.000555,74.125.130.0-255,380,45756,56,104481
19125,0.000689,74.125.130.0-255,1484,47240,56,104481
19126,0.000693,172.31.46.0-255,66,47306,56,104481
19127,0.000699,74.125.130.0-255,2902,50208,56,104481
19128,0.000702,172.31.46.0-255,66,50274,56,104481
19129,0.000721,74.125.130.0-255,2902,53176,56,104481
19130,0.000725,172.31.46.0-255,66,53242,56,104481
19131,0.000751,74.125.130.0-255,2902,56144,56,104481
19132,0.000754,172.31.46.0-255,66,56210,56,104481
19133,0.00076,74.125.130.0-255,4320,60530,56,104481
19134,0.000763,172.31.46.0-255,66,60596,56,104481
19135,0.000791,74.125.130.0-255,1994,62590,56,104481
19136,0.000794,172.31.46.0-255,66,62656,56,104481
19137,0.001119,172.31.46.0-255,101,62757,56,104481
19138,0.001332,74.125.130.0-255,1484,64241,56,104481
19139,0.001338,74.125.130.0-255,2902,67143,56,104481
19140,0.001342,172.31.46.0-255,66,67209,56,104481
19141,0.001368,74.125.130.0-255,5738,72947,56,104481
19142,0.001371,172.31.46.0-255,66,73013,56,104481
19143,0.001396,172.31.46.0-255,66,73079,56,104481
19144,0.001438,74.125.130.0-255,5738,78817,56,104481
19145,0.001442,172.31.46.0-255,66,78883,56,104481
19146,0.001465,74.125.130.0-255,4320,83203,56,104481
19147,0.001469,172.31.46.0-255,66,83269,56,104481
19148,0.001518,74.125.130.0-255,5020,88289,56,104481
19149,0.001521,172.31.46.0-255,66,88355,56,104481
19150,0.003315,74.125.130.0-255,66,88421,56,104481
19151,0.003736,74.125.130.0-255,4320,92741,56,104481
19152,0.003744,172.31.46.0-255,66,92807,56,104481
19153,0.003764,74.125.130.0-255,1484,94291,56,104481
19154,0.005975,74.125.130.0-255,4320,98611,56,104481
19155,0.005986,172.31.46.0-255,66,98677,56,104481
19156,0.008212,74.125.130.0-255,5738,104415,56,104481
19157,0.008216,172.31.46.0-255,66,104481,56,104481
19158,0.0,172.217.194.0-255,146,146,56,110633
19159,2e-05,172.31.46.0-255,66,212,56,110633
19160,2.8e-05,172.217.194.0-255,1484,1696,56,110633
19161,3.3e-05,172.31.46.0-255,66,1762,56,110633
19162,3.9e-05,172.217.194.0-255,2902,4664,56,110633
19163,4.2e-05,172.31.46.0-255,66,4730,56,110633
19164,5e-05,172.217.194.0-255,7156,11886,56,110633
19165,5.4e-05,172.31.46.0-255,66,11952,56,110633
19166,6.8e-05,172.31.46.0-255,66,12018,56,110633
19167,8.6e-05,172.217.194.0-255,1484,13502,56,110633
19168,8.8e-05,172.31.46.0-255,66,13568,56,110633
19169,0.000115,172.217.194.0-255,5379,18947,56,110633
19170,0.000117,172.31.46.0-255,66,19013,56,110633
19171,0.000216,172.217.194.0-255,1484,20497,56,110633
19172,0.000219,172.31.46.0-255,66,20563,56,110633
19173,0.000243,172.217.194.0-255,2902,23465,56,110633
19174,0.000245,172.31.46.0-255,66,23531,56,110633
19175,0.000252,172.217.194.0-255,5738,29269,56,110633
19176,0.000254,172.31.46.0-255,66,29335,56,110633
19177,0.000305,172.217.194.0-255,6797,36132,56,110633
19178,0.000308,172.31.46.0-255,66,36198,56,110633
19179,0.000326,172.217.194.0-255,2902,39100,56,110633
19180,0.000328,172.31.46.0-255,66,39166,56,110633
19181,0.000347,172.217.194.0-255,4320,43486,56,110633
19182,0.00035,172.31.46.0-255,66,43552,56,110633
19183,0.000356,172.217.194.0-255,5738,49290,56,110633
19184,0.000358,172.31.46.0-255,66,49356,56,110633
19185,0.0004,172.217.194.0-255,3961,53317,56,110633
19186,0.000403,172.31.46.0-255,66,53383,56,110633
19187,0.001425,172.217.194.0-255,646,54029,56,110633
19188,0.001432,172.31.46.0-255,66,54095,56,110633
19189,0.001531,172.217.194.0-255,1484,55579,56,110633
19190,0.001538,172.217.194.0-255,2902,58481,56,110633
19191,0.001544,172.217.194.0-255,4320,62801,56,110633
19192,0.001555,172.217.194.0-255,1484,64285,56,110633
19193,0.00157,172.217.194.0-255,1484,65769,56,110633
19194,0.001594,172.217.194.0-255,2902,68671,56,110633
19195,0.001623,172.217.194.0-255,5738,74409,56,110633
19196,0.001641,172.217.194.0-255,2184,76593,56,110633
19197,0.001904,172.217.194.0-255,1484,78077,56,110633
19198,0.001921,172.217.194.0-255,2902,80979,56,110633
19199,0.001927,172.217.194.0-255,5738,86717,56,110633
19200,0.001944,172.217.194.0-255,1484,88201,56,110633
19201,0.001981,172.217.194.0-255,4320,92521,56,110633
19202,0.002004,172.217.194.0-255,6438,98959,56,110633
19203,0.005818,172.31.46.0-255,66,99025,56,110633
19204,0.007858,172.217.194.0-255,5738,104763,56,110633
19205,0.007867,172.31.46.0-255,66,104829,56,110633
19206,0.009911,172.217.194.0-255,5738,110567,56,110633
19207,0.009922,172.31.46.0-255,66,110633,56,110633
19208,0.0,172.217.194.0-255,152,152,56,187955
19209,2.9e-05,172.31.46.0-255,66,218,56,187955
19210,3.5e-05,172.217.194.0-255,1484,1702,56,187955
19211,4e-05,172.31.46.0-255,66,1768,56,187955
19212,4.5e-05,172.217.194.0-255,2902,4670,56,187955
19213,4.8e-05,172.31.46.0-255,66,4736,56,187955
19214,5.1e-05,172.217.194.0-255,1484,6220,56,187955
19215,5.3e-05,172.31.46.0-255,66,6286,56,187955
19216,7.8e-05,172.217.194.0-255,2902,9188,56,187955
19217,8.1e-05,172.31.46.0-255,66,9254,56,187955
19218,8.7e-05,172.217.194.0-255,4320,13574,56,187955
19219,8.9e-05,172.31.46.0-255,66,13640,56,187955
19220,0.000104,172.217.194.0-255,4878,18518,56,187955
19221,0.000107,172.31.46.0-255,66,18584,56,187955
19222,0.000113,172.217.194.0-255,7156,25740,56,187955
19223,0.000115,172.31.46.0-255,66,25806,56,187955
19224,0.000154,172.217.194.0-255,5379,31185,56,187955
19225,0.000158,172.31.46.0-255,66,31251,56,187955
19226,0.000272,172.217.194.0-255,1484,32735,56,187955
19227,0.000276,172.31.46.0-255,66,32801,56,187955
19228,0.000293,172.217.194.0-255,2902,35703,56,187955
19229,0.000296,172.31.46.0-255,66,35769,56,187955
19230,0.000299,172.217.194.0-255,1484,37253,56,187955
19231,0.0003,172.31.46.0-255,66,37319,56,187955
19232,0.00032,172.217.194.0-255,2902,40221,56,187955
19233,0.000323,172.31.46.0-255,66,40287,56,187955
19234,0.000356,172.217.194.0-255,5738,46025,56,187955
19235,0.00036,172.31.46.0-255,66,46091,56,187955
19236,0.000379,172.217.194.0-255,2543,48634,56,187955
19237,0.000381,172.31.46.0-255,66,48700,56,187955
19238,0.000397,172.217.194.0-255,1484,50184,56,187955
19239,0.0004,172.31.46.0-255,66,50250,56,187955
19240,0.000419,172.217.194.0-255,2902,53152,56,187955
19241,0.000422,172.31.46.0-255,66,53218,56,187955
19242,0.000428,172.217.194.0-255,5738,58956,56,187955
19243,0.000434,172.31.46.0-255,66,59022,56,187955
19244,0.000467,172.217.194.0-255,4320,63342,56,187955
19245,0.00047,172.31.46.0-255,66,63408,56,187955
19246,0.000489,172.217.194.0-255,2818,66226,56,187955
19247,0.000491,172.31.46.0-255,66,66292,56,187955
19248,0.000494,172.217.194.0-255,115,66407,56,187955
19249,0.000577,172.217.194.0-255,384,66791,56,187955
19250,0.000733,172.217.194.0-255,1484,68275,56,187955
19251,0.000737,172.31.46.0-255,66,68341,56,187955
19252,0.000743,172.217.194.0-255,2902,71243,56,187955
19253,0.000745,172.31.46.0-255,66,71309,56,187955
19254,0.000778,172.217.194.0-255,5738,77047,56,187955
19255,0.000781,172.31.46.0-255,66,77113,56,187955
19256,0.000788,172.217.194.0-255,7156,84269,56,187955
19257,0.00079,172.31.46.0-255,66,84335,56,187955
19258,0.000812,172.217.194.0-255,2902,87237,56,187955
19259,0.000815,172.31.46.0-255,66,87303,56,187955
19260,0.000842,172.31.46.0-255,66,87369,56,187955
19261,0.00086,172.217.194.0-255,1484,88853,56,187955
19262,0.000865,172.217.194.0-255,2184,91037,56,187955
19263,0.000867,172.31.46.0-255,66,91103,56,187955
19264,0.001148,172.217.194.0-255,1484,92587,56,187955
19265,0.001166,172.217.194.0-255,2902,95489,56,187955
19266,0.00117,172.31.46.0-255,66,95555,56,187955
19267,0.001176,172.217.194.0-255,5738,101293,56,187955
19268,0.00118,172.31.46.0-255,66,101359,56,187955
19269,0.001188,172.217.194.0-255,1484,102843,56,187955
19270,0.001218,172.31.46.0-255,66,102909,56,187955
19271,0.001275,172.31.46.0-255,66,102975,56,187955
19272,0.001283,172.217.194.0-255,3602,106577,56,187955
19273,0.001286,172.31.46.0-255,66,106643,56,187955
19274,0.0018,172.217.194.0-255,1484,108127,56,187955
19275,0.00181,172.217.194.0-255,2902,111029,56,187955
19276,0.001814,172.31.46.0-255,66,111095,56,187955
19277,0.001822,172.217.194.0-255,5738,116833,56,187955
19278,0.001824,172.31.46.0-255,66,116899,56,187955
19279,0.001829,172.217.194.0-255,2902,119801,56,187955
19280,0.00183,172.31.46.0-255,66,119867,56,187955
19281,0.001873,172.31.46.0-255,66,119933,56,187955
19282,0.001883,172.31.46.0-255,66,119999,56,187955
19283,0.001905,172.217.194.0-255,2184,122183,56,187955
19284,0.001908,172.31.46.0-255,66,122249,56,187955
19285,0.002196,172.217.194.0-255,1484,123733,56,187955
19286,0.002215,172.217.194.0-255,2902,126635,56,187955
19287,0.002219,172.31.46.0-255,66,126701,56,187955
19288,0.002224,172.217.194.0-255,2902,129603,56,187955
19289,0.002225,172.31.46.0-255,66,129669,56,187955
19290,0.002239,172.217.194.0-255,2902,132571,56,187955
19291,0.002241,172.31.46.0-255,66,132637,56,187955
19292,0.00225,172.31.46.0-255,66,132703,56,187955
19293,0.002273,172.217.194.0-255,4320,137023,56,187955
19294,0.002276,172.31.46.0-255,66,137089,56,187955
19295,0.002283,172.217.194.0-255,7156,144245,56,187955
19296,0.002284,172.31.46.0-255,66,144311,56,187955
19297,0.002309,172.217.194.0-255,3602,147913,56,187955
19298,0.002311,172.31.46.0-255,66,147979,56,187955
19299,0.002324,172.31.46.0-255,66,148045,56,187955
19300,0.002329,172.217.194.0-255,5738,153783,56,187955
19301,0.002331,172.31.46.0-255,66,153849,56,187955
19302,0.002355,172.217.194.0-255,5738,159587,56,187955
19303,0.002357,172.31.46.0-255,66,159653,56,187955
19304,0.002369,172.217.194.0-255,4320,163973,56,187955
19305,0.002371,172.31.46.0-255,66,164039,56,187955
19306,0.00239,172.217.194.0-255,6438,170477,56,187955
19307,0.002392,172.31.46.0-255,66,170543,56,187955
19308,0.00474,172.217.194.0-255,5738,176281,56,187955
19309,0.004744,172.31.46.0-255,66,176347,56,187955
19310,0.007103,172.217.194.0-255,5738,182085,56,187955
19311,0.00711,172.31.46.0-255,66,182151,56,187955
19312,0.009473,172.217.194.0-255,5738,187889,56,187955
19313,0.00948,172.31.46.0-255,66,187955,56,187955
19314,0.0,74.125.130.0-255,226,226,56,46905
19315,2.4e-05,172.31.46.0-255,66,292,56,46905
19316,3.1e-05,74.125.130.0-255,1484,1776,56,46905
19317,3.6e-05,172.31.46.0-255,66,1842,56,46905
19318,4.4e-05,74.125.130.0-255,4320,6162,56,46905
19319,4.7e-05,172.31.46.0-255,66,6228,56,46905
19320,0.000198,74.125.130.0-255,4320,10548,56,46905
19321,0.000204,172.31.46.0-255,66,10614,56,46905
19322,0.000219,74.125.130.0-255,3511,14125,56,46905
19323,0.000223,172.31.46.0-255,66,14191,56,46905
19324,0.000475,172.31.46.0-255,66,14257,56,46905
19325,0.000785,172.31.46.0-255,66,14323,56,46905
19326,0.001079,172.31.46.0-255,66,14389,56,46905
19327,0.001102,74.125.130.0-255,5738,20127,56,46905
19328,0.001104,172.31.46.0-255,66,20193,56,46905
19329,0.001978,74.125.130.0-255,2902,23095,56,46905
19330,0.001986,172.31.46.0-255,66,23161,56,46905
19331,0.003057,74.125.130.0-255,2902,26063,56,46905
19332,0.003061,172.31.46.0-255,66,26129,56,46905
19333,0.00393,74.125.130.0-255,2902,29031,56,46905
19334,0.003934,172.31.46.0-255,66,29097,56,46905
19335,0.005018,74.125.130.0-255,2902,31999,56,46905
19336,0.005024,172.31.46.0-255,66,32065,56,46905
19337,0.005889,74.125.130.0-255,2902,34967,56,46905
19338,0.005896,172.31.46.0-255,66,35033,56,46905
19339,0.006976,74.125.130.0-255,2902,37935,56,46905
19340,0.006983,172.31.46.0-255,66,38001,56,46905
19341,0.007847,74.125.130.0-255,2902,40903,56,46905
19342,0.007853,172.31.46.0-255,66,40969,56,46905
19343,0.008953,74.125.130.0-255,2902,43871,56,46905
19344,0.008959,172.31.46.0-255,66,43937,56,46905
19345,0.009814,74.125.130.0-255,2902,46839,56,46905
19346,0.009821,172.31.46.0-255,66,46905,56,46905
19347,0.0,74.125.24.0-255,152,152,56,144761
19348,3.1e-05,172.31.46.0-255,66,218,56,144761
19349,3.7e-05,74.125.24.0-255,1484,1702,56,144761
19350,4.2e-05,172.31.46.0-255,66,1768,56,144761
19351,4.8e-05,74.125.24.0-255,2902,4670,56,144761
19352,5.7e-05,172.31.46.0-255,66,4736,56,144761
19353,6.4e-05,74.125.24.0-255,7156,11892,56,144761
19354,6.7e-05,172.31.46.0-255,66,11958,56,144761
19355,0.000115,172.31.46.0-255,66,12024,56,144761
19356,0.000127,74.125.24.0-255,621,12645,56,144761
19357,0.000129,172.31.46.0-255,66,12711,56,144761
19358,0.000139,74.125.24.0-255,2543,15254,56,144761
19359,0.000141,172.31.46.0-255,66,15320,56,144761
19360,0.000295,74.125.24.0-255,1484,16804,56,144761
19361,0.0003,172.31.46.0-255,66,16870,56,144761
19362,0.000305,74.125.24.0-255,2902,19772,56,144761
19363,0.000308,172.31.46.0-255,66,19838,56,144761
19364,0.000351,74.125.24.0-255,5738,25576,56,144761
19365,0.000354,172.31.46.0-255,66,25642,56,144761
19366,0.000377,74.125.24.0-255,6797,32439,56,144761
19367,0.00038,172.31.46.0-255,66,32505,56,144761
19368,0.000411,74.125.24.0-255,1484,33989,56,144761
19369,0.000414,172.31.46.0-255,66,34055,56,144761
19370,0.000419,74.125.24.0-255,2902,36957,56,144761
19371,0.00042,172.31.46.0-255,66,37023,56,144761
19372,0.000432,74.125.24.0-255,5738,42761,56,144761
19373,0.000435,172.31.46.0-255,66,42827,56,144761
19374,0.000442,74.125.24.0-255,5738,48565,56,144761
19375,0.000447,172.31.46.0-255,66,48631,56,144761
19376,0.000465,74.125.24.0-255,1125,49756,56,144761
19377,0.000468,172.31.46.0-255,66,49822,56,144761
19378,0.000528,74.125.24.0-255,397,50219,56,144761
19379,0.000705,74.125.24.0-255,110,50329,56,144761
19380,0.000807,74.125.24.0-255,332,50661,56,144761
19381,0.000851,172.31.46.0-255,66,50727,56,144761
19382,0.000921,74.125.24.0-255,1484,52211,56,144761
19383,0.00094,74.125.24.0-255,2902,55113,56,144761
19384,0.000944,172.31.46.0-255,66,55179,56,144761
19385,0.000974,74.125.24.0-255,5738,60917,56,144761
19386,0.000976,172.31.46.0-255,66,60983,56,144761
19387,0.000981,74.125.24.0-255,2902,63885,56,144761
19388,0.000983,172.31.46.0-255,66,63951,56,144761
19389,0.001032,172.31.46.0-255,66,64017,56,144761
19390,0.001052,172.31.46.0-255,66,64083,56,144761
19391,0.001278,74.125.24.0-255,1484,65567,56,144761
19392,0.001297,74.125.24.0-255,2902,68469,56,144761
19393,0.001302,172.31.46.0-255,66,68535,56,144761
19394,0.001339,74.125.24.0-255,5738,74273,56,144761
19395,0.001342,172.31.46.0-255,66,74339,56,144761
19396,0.001355,172.31.46.0-255,66,74405,56,144761
19397,0.00136,74.125.24.0-255,4320,78725,56,144761
19398,0.001369,172.31.46.0-255,66,78791,56,144761
19399,0.001409,74.125.24.0-255,6438,85229,56,144761
19400,0.001413,172.31.46.0-255,66,85295,56,144761
19401,0.001714,74.125.24.0-255,1484,86779,56,144761
19402,0.001718,74.125.24.0-255,1484,88263,56,144761
19403,0.00172,172.31.46.0-255,66,88329,56,144761
19404,0.00173,74.125.24.0-255,1484,89813,56,144761
19405,0.001746,74.125.24.0-255,4320,94133,56,144761
19406,0.001748,172.31.46.0-255,66,94199,56,144761
19407,0.001772,74.125.24.0-255,1484,95683,56,144761
19408,0.001782,172.31.46.0-255,66,95749,56,144761
19409,0.001817,74.125.24.0-255,1484,97233,56,144761
19410,0.001833,74.125.24.0-255,7156,104389,56,144761
19411,0.001836,172.31.46.0-255,66,104455,56,144761
19412,0.001864,74.125.24.0-255,6438,110893,56,144761
19413,0.001867,172.31.46.0-255,66,110959,56,144761
19414,0.001876,74.125.24.0-255,1484,112443,56,144761
19415,0.001901,74.125.24.0-255,2902,115345,56,144761
19416,0.001905,172.31.46.0-255,66,115411,56,144761
19417,0.001912,74.125.24.0-255,5738,121149,56,144761
19418,0.001914,172.31.46.0-255,66,121215,56,144761
19419,0.001957,74.125.24.0-255,4320,125535,56,144761
19420,0.00196,172.31.46.0-255,66,125601,56,144761
19421,0.001995,172.31.46.0-255,66,125667,56,144761
19422,0.002006,172.31.46.0-255,66,125733,56,144761
19423,0.00222,74.125.24.0-255,1484,127217,56,144761
19424,0.002241,74.125.24.0-255,2902,130119,56,144761
19425,0.002243,172.31.46.0-255,66,130185,56,144761
19426,0.002249,74.125.24.0-255,5738,135923,56,144761
19427,0.002253,74.125.24.0-255,1484,137407,56,144761
19428,0.002273,74.125.24.0-255,1484,138891,56,144761
19429,0.006457,172.31.46.0-255,66,138957,56,144761
19430,0.008697,74.125.24.0-255,5738,144695,56,144761
19431,0.008704,172.31.46.0-255,66,144761,56,144761
19432,0.0,74.125.24.0-255,226,226,56,31712
19433,2.5e-05,172.31.46.0-255,66,292,56,31712
19434,3.3e-05,74.125.24.0-255,1484,1776,56,31712
19435,3.8e-05,172.31.46.0-255,66,1842,56,31712
19436,8e-05,74.125.24.0-255,4320,6162,56,31712
19437,8.4e-05,172.31.46.0-255,66,6228,56,31712
19438,0.000326,74.125.24.0-255,7156,13384,56,31712
19439,0.000331,172.31.46.0-255,66,13450,56,31712
19440,0.000342,74.125.24.0-255,520,13970,56,31712
19441,0.000346,172.31.46.0-255,66,14036,56,31712
19442,0.000794,172.31.46.0-255,66,14102,56,31712
19443,0.001296,172.31.46.0-255,66,14168,56,31712
19444,0.00388,74.125.24.0-255,5738,19906,56,31712
19445,0.003897,172.31.46.0-255,66,19972,56,31712
19446,0.00645,74.125.24.0-255,5738,25710,56,31712
19447,0.006468,172.31.46.0-255,66,25776,56,31712
19448,0.009034,74.125.24.0-255,2902,28678,56,31712
19449,0.009057,172.31.46.0-255,66,28744,56,31712
19450,0.009091,74.125.24.0-255,2902,31646,56,31712
19451,0.009095,172.31.46.0-255,66,31712,56,31712
19452,0.0,74.125.24.0-255,151,151,56,69306
19453,2.6e-05,172.31.46.0-255,66,217,56,69306
19454,3.2e-05,74.125.24.0-255,1484,1701,56,69306
19455,3.6e-05,172.31.46.0-255,66,1767,56,69306
19456,4.9e-05,74.125.24.0-255,2902,4669,56,69306
19457,5.2e-05,172.31.46.0-255,66,4735,56,69306
19458,9e-05,74.125.24.0-255,7156,11891,56,69306
19459,9.3e-05,172.31.46.0-255,66,11957,56,69306
19460,0.000177,74.125.24.0-255,2137,14094,56,69306
19461,0.00018,172.31.46.0-255,66,14160,56,69306
19462,0.000519,74.125.24.0-255,1484,15644,56,69306
19463,0.000524,172.31.46.0-255,66,15710,56,69306
19464,0.000545,74.125.24.0-255,2902,18612,56,69306
19465,0.000547,172.31.46.0-255,66,18678,56,69306
19466,0.000582,74.125.24.0-255,5738,24416,56,69306
19467,0.000585,172.31.46.0-255,66,24482,56,69306
19468,0.000665,74.125.24.0-255,5738,30220,56,69306
19469,0.000669,172.31.46.0-255,66,30286,56,69306
19470,0.000749,74.125.24.0-255,1125,31411,56,69306
19471,0.000754,172.31.46.0-255,66,31477,56,69306
19472,0.001026,74.125.24.0-255,1484,32961,56,69306
19473,0.001033,172.31.46.0-255,66,33027,56,69306
19474,0.00104,74.125.24.0-255,2902,35929,56,69306
19475,0.001043,172.31.46.0-255,66,35995,56,69306
19476,0.001072,74.125.24.0-255,2902,38897,56,69306
19477,0.001075,172.31.46.0-255,66,38963,56,69306
19478,0.001102,74.125.24.0-255,2902,41865,56,69306
19479,0.001104,172.31.46.0-255,66,41931,56,69306
19480,0.001171,74.125.24.0-255,2902,44833,56,69306
19481,0.001175,172.31.46.0-255,66,44899,56,69306
19482,0.001203,74.125.24.0-255,3961,48860,56,69306
19483,0.001206,172.31.46.0-255,66,48926,56,69306
19484,0.001286,74.125.24.0-255,5738,54664,56,69306
19485,0.001298,74.125.24.0-255,1484,56148,56,69306
19486,0.001405,74.125.24.0-255,1484,57632,56,69306
19487,0.003275,172.31.46.0-255,66,57698,56,69306
19488,0.00554,74.125.24.0-255,5738,63436,56,69306
19489,0.005549,172.31.46.0-255,66,63502,56,69306
19490,0.007804,74.125.24.0-255,5738,69240,56,69306
19491,0.007812,172.31.46.0-255,66,69306,56,69306
19492,0.0,74.125.24.0-255,297,297,56,84614
19493,2.3e-05,172.31.46.0-255,66,363,56,84614
19494,2.9e-05,74.125.24.0-255,1484,1847,56,84614
19495,3.4e-05,172.31.46.0-255,66,1913,56,84614
19496,4.1e-05,74.125.24.0-255,4320,6233,56,84614
19497,4.5e-05,172.31.46.0-255,66,6299,56,84614
19498,5.1e-05,74.125.24.0-255,4320,10619,56,84614
19499,5.4e-05,172.31.46.0-255,66,10685,56,84614
19500,9.4e-05,74.125.24.0-255,3333,14018,56,84614
19501,9.7e-05,172.31.46.0-255,66,14084,56,84614
19502,0.000149,74.125.24.0-255,1484,15568,56,84614
19503,0.000152,172.31.46.0-255,66,15634,56,84614
19504,0.000167,74.125.24.0-255,2902,18536,56,84614
19505,0.000169,172.31.46.0-255,66,18602,56,84614
19506,0.000176,74.125.24.0-255,5738,24340,56,84614
19507,0.000178,172.31.46.0-255,66,24406,56,84614
19508,0.000183,74.125.24.0-255,2902,27308,56,84614
19509,0.000185,172.31.46.0-255,66,27374,56,84614
19510,0.000203,74.125.24.0-255,2902,30276,56,84614
19511,0.000205,172.31.46.0-255,66,30342,56,84614
19512,0.00022,74.125.24.0-255,1484,31826,56,84614
19513,0.000222,172.31.46.0-255,66,31892,56,84614
19514,0.000252,172.31.46.0-255,66,31958,56,84614
19515,0.000257,74.125.24.0-255,3961,35919,56,84614
19516,0.000259,172.31.46.0-255,66,35985,56,84614
19517,0.000372,74.125.24.0-255,1484,37469,56,84614
19518,0.000376,172.31.46.0-255,66,37535,56,84614
19519,0.000382,74.125.24.0-255,2902,40437,56,84614
19520,0.000384,172.31.46.0-255,66,40503,56,84614
19521,0.000409,74.125.24.0-255,5738,46241,56,84614
19522,0.000412,172.31.46.0-255,66,46307,56,84614
19523,0.000465,74.125.24.0-255,7124,53431,56,84614
19524,0.000468,172.31.46.0-255,66,53497,56,84614
19525,0.001379,74.125.24.0-255,349,53846,56,84614
19526,0.001403,74.125.24.0-255,1484,55330,56,84614
19527,0.001409,172.31.46.0-255,66,55396,56,84614
19528,0.001414,74.125.24.0-255,1484,56880,56,84614
19529,0.001431,74.125.24.0-255,2902,59782,56,84614
19530,0.001434,172.31.46.0-255,66,59848,56,84614
19531,0.00144,74.125.24.0-255,7156,67004,56,84614
19532,0.001442,172.31.46.0-255,66,67070,56,84614
19533,0.001483,172.31.46.0-255,66,67136,56,84614
19534,0.001493,172.31.46.0-255,66,67202,56,84614
19535,0.00378,74.125.24.0-255,5738,72940,56,84614
19536,0.003788,172.31.46.0-255,66,73006,56,84614
19537,0.00612,74.125.24.0-255,5738,78744,56,84614
19538,0.006131,172.31.46.0-255,66,78810,56,84614
19539,0.008398,74.125.24.0-255,5738,84548,56,84614
19540,0.008406,172.31.46.0-255,66,84614,56,84614
19541,0.0,172.217.194.0-255,153,153,56,144633
19542,1.6e-05,172.31.46.0-255,66,219,56,144633
19543,2.2e-05,172.217.194.0-255,1484,1703,56,144633
19544,2.5e-05,172.31.46.0-255,66,1769,56,144633
19545,3e-05,172.217.194.0-255,2902,4671,56,144633
19546,3.9e-05,172.31.46.0-255,66,4737,56,144633
19547,4.4e-05,172.217.194.0-255,4320,9057,56,144633
19548,4.6e-05,172.31.46.0-255,66,9123,56,144633
19549,7.1e-05,172.217.194.0-255,2902,12025,56,144633
19550,7.7e-05,172.31.46.0-255,66,12091,56,144633
19551,8.1e-05,172.217.194.0-255,2119,14210,56,144633
19552,8.3e-05,172.31.46.0-255,66,14276,56,144633
19553,8.7e-05,172.217.194.0-255,2902,17178,56,144633
19554,8.9e-05,172.31.46.0-255,66,17244,56,144633
19555,0.000126,172.217.194.0-255,7156,24400,56,144633
19556,0.000129,172.31.46.0-255,66,24466,56,144633
19557,0.000136,172.217.194.0-255,6797,31263,56,144633
19558,0.000137,172.31.46.0-255,66,31329,56,144633
19559,0.000229,172.217.194.0-255,1484,32813,56,144633
19560,0.000232,172.31.46.0-255,66,32879,56,144633
19561,0.000237,172.217.194.0-255,2902,35781,56,144633
19562,0.000239,172.31.46.0-255,66,35847,56,144633
19563,0.000271,172.217.194.0-255,5738,41585,56,144633
19564,0.000274,172.31.46.0-255,66,41651,56,144633
19565,0.000287,172.217.194.0-255,2902,44553,56,144633
19566,0.000289,172.31.46.0-255,66,44619,56,144633
19567,0.000323,172.31.46.0-255,66,44685,56,144633
19568,0.000325,172.217.194.0-255,1484,46169,56,144633
19569,0.000327,172.31.46.0-255,66,46235,56,144633
19570,0.000366,172.31.46.0-255,66,46301,56,144633
19571,0.000722,172.217.194.0-255,650,46951,56,144633
19572,0.000836,172.217.194.0-255,1484,48435,56,144633
19573,0.000839,172.31.46.0-255,66,48501,56,144633
19574,0.000843,172.217.194.0-255,1484,49985,56,144633
19575,0.000869,172.217.194.0-255,1484,51469,56,144633
19576,0.000871,172.31.46.0-255,66,51535,56,144633
19577,0.000876,172.217.194.0-255,5738,57273,56,144633
19578,0.000878,172.31.46.0-255,66,57339,56,144633
19579,0.000916,172.217.194.0-255,4320,61659,56,144633
19580,0.00092,172.31.46.0-255,66,61725,56,144633
19581,0.000922,172.31.46.0-255,66,61791,56,144633
19582,0.000935,172.217.194.0-255,5738,67529,56,144633
19583,0.00094,172.31.46.0-255,66,67595,56,144633
19584,0.000942,172.217.194.0-255,766,68361,56,144633
19585,0.001062,172.217.194.0-255,1484,69845,56,144633
19586,0.001066,172.31.46.0-255,66,69911,56,144633
19587,0.001084,172.217.194.0-255,2902,72813,56,144633
19588,0.001086,172.31.46.0-255,66,72879,56,144633
19589,0.001091,172.217.194.0-255,5738,78617,56,144633
19590,0.001092,172.31.46.0-255,66,78683,56,144633
19591,0.001095,172.217.194.0-255,1484,80167,56,144633
19592,0.001119,172.217.194.0-255,2902,83069,56,144633
19593,0.001124,172.31.46.0-255,66,83135,56,144633
19594,0.001135,172.31.46.0-255,66,83201,56,144633
19595,0.001176,172.31.46.0-255,66,83267,56,144633
19596,0.001621,172.217.194.0-255,1484,84751,56,144633
19597,0.00163,172.217.194.0-255,2902,87653,56,144633
19598,0.001634,172.31.46.0-255,66,87719,56,144633
19599,0.001642,172.217.194.0-255,5738,93457,56,144633
19600,0.001644,172.31.46.0-255,66,93523,56,144633
19601,0.001648,172.217.194.0-255,2902,96425,56,144633
19602,0.00165,172.31.46.0-255,66,96491,56,144633
19603,0.001678,172.217.194.0-255,2902,99393,56,144633
19604,0.00168,172.31.46.0-255,66,99459,56,144633
19605,0.001702,172.31.46.0-255,66,99525,56,144633
19606,0.001708,172.217.194.0-255,5020,104545,56,144633
19607,0.001709,172.31.46.0-255,66,104611,56,144633
19608,0.001753,172.217.194.0-255,5738,110349,56,144633
19609,0.001755,172.31.46.0-255,66,110415,56,144633
19610,0.001761,172.217.194.0-255,4320,114735,56,144633
19611,0.001763,172.31.46.0-255,66,114801,56,144633
19612,0.001804,172.31.46.0-255,66,114867,56,144633
19613,0.001847,172.217.194.0-255,4320,119187,56,144633
19614,0.001849,172.31.46.0-255,66,119253,56,144633
19615,0.001902,172.31.46.0-255,66,119319,56,144633
19616,0.002134,172.217.194.0-255,1484,120803,56,144633
19617,0.002142,172.217.194.0-255,2902,123705,56,144633
19618,0.002146,172.31.46.0-255,66,123771,56,144633
19619,0.002152,172.217.194.0-255,5738,129509,56,144633
19620,0.002155,172.31.46.0-255,66,129575,56,144633
19621,0.002198,172.31.46.0-255,66,129641,56,144633
19622,0.002215,172.31.46.0-255,66,129707,56,144633
19623,0.00226,172.217.194.0-255,1484,131191,56,144633
19624,0.002266,172.217.194.0-255,2902,134093,56,144633
19625,0.002269,172.31.46.0-255,66,134159,56,144633
19626,0.002272,172.217.194.0-255,1484,135643,56,144633
19627,0.002303,172.217.194.0-255,4320,139963,56,144633
19628,0.002306,172.31.46.0-255,66,140029,56,144633
19629,0.002332,172.31.46.0-255,66,140095,56,144633
19630,0.002386,172.31.46.0-255,66,140161,56,144633
19631,0.00241,172.31.46.0-255,66,140227,56,144633
19632,0.002421,172.31.46.0-255,66,140293,56,144633
19633,0.002458,172.31.46.0-255,66,140359,56,144633
19634,0.002516,172.31.46.0-255,66,140425,56,144633
19635,0.002527,172.31.46.0-255,66,140491,56,144633
19636,0.002594,172.31.46.0-255,66,140557,56,144633
19637,0.002631,172.217.194.0-255,3602,144159,56,144633
19638,0.002634,172.31.46.0-255,66,144225,56,144633
19639,0.002665,172.31.46.0-255,66,144291,56,144633
19640,0.002677,172.31.46.0-255,66,144357,56,144633
19641,0.005219,172.217.194.0-255,105,144462,56,144633
19642,0.008003,172.31.46.0-255,66,144528,56,144633
19643,0.008037,172.31.46.0-255,105,144633,56,144633
19644,0.0,74.125.24.0-255,153,153,56,177787
19645,2.5e-05,172.31.46.0-255,66,219,56,177787
19646,3.2e-05,74.125.24.0-255,1484,1703,56,177787
19647,3.8e-05,172.31.46.0-255,66,1769,56,177787
19648,5e-05,74.125.24.0-255,1484,3253,56,177787
19649,5.4e-05,172.31.46.0-255,66,3319,56,177787
19650,6.1e-05,74.125.24.0-255,4320,7639,56,177787
19651,6.5e-05,172.31.46.0-255,66,7705,56,177787
19652,0.000103,74.125.24.0-255,1484,9189,56,177787
19653,0.000105,172.31.46.0-255,66,9255,56,177787
19654,0.000135,74.125.24.0-255,4811,14066,56,177787
19655,0.000138,172.31.46.0-255,66,14132,56,177787
19656,0.0002,74.125.24.0-255,1484,15616,56,177787
19657,0.000203,172.31.46.0-255,66,15682,56,177787
19658,0.000207,74.125.24.0-255,1484,17166,56,177787
19659,0.000209,172.31.46.0-255,66,17232,56,177787
19660,0.000246,74.125.24.0-255,1484,18716,56,177787
19661,0.000249,172.31.46.0-255,66,18782,56,177787
19662,0.000256,74.125.24.0-255,5738,24520,56,177787
19663,0.000259,172.31.46.0-255,66,24586,56,177787
19664,0.000314,74.125.24.0-255,1484,26070,56,177787
19665,0.000317,172.31.46.0-255,66,26136,56,177787
19666,0.000345,74.125.24.0-255,2902,29038,56,177787
19667,0.000348,172.31.46.0-255,66,29104,56,177787
19668,0.000374,74.125.24.0-255,2543,31647,56,177787
19669,0.000377,172.31.46.0-255,66,31713,56,177787
19670,0.000419,74.125.24.0-255,2902,34615,56,177787
19671,0.000422,172.31.46.0-255,66,34681,56,177787
19672,0.000447,74.125.24.0-255,1484,36165,56,177787
19673,0.000451,172.31.46.0-255,66,36231,56,177787
19674,0.000457,74.125.24.0-255,5738,41969,56,177787
19675,0.00046,172.31.46.0-255,66,42035,56,177787
19676,0.000497,74.125.24.0-255,4320,46355,56,177787
19677,0.000501,172.31.46.0-255,66,46421,56,177787
19678,0.000525,74.125.24.0-255,2543,48964,56,177787
19679,0.000528,172.31.46.0-255,66,49030,56,177787
19680,0.000549,74.125.24.0-255,4320,53350,56,177787
19681,0.000552,172.31.46.0-255,66,53416,56,177787
19682,0.000581,74.125.24.0-255,1484,54900,56,177787
19683,0.00059,74.125.24.0-255,7156,62056,56,177787
19684,0.000593,172.31.46.0-255,66,62122,56,177787
19685,0.000599,74.125.24.0-255,3961,66083,56,177787
19686,0.000601,172.31.46.0-255,66,66149,56,177787
19687,0.000991,74.125.24.0-255,646,66795,56,177787
19688,0.001253,172.31.46.0-255,66,66861,56,177787
19689,0.00128,74.125.24.0-255,1484,68345,56,177787
19690,0.001286,74.125.24.0-255,2902,71247,56,177787
19691,0.001288,172.31.46.0-255,66,71313,56,177787
19692,0.001321,74.125.24.0-255,5738,77051,56,177787
19693,0.001326,172.31.46.0-255,66,77117,56,177787
19694,0.001364,172.31.46.0-255,66,77183,56,177787
19695,0.001378,172.31.46.0-255,66,77249,56,177787
19696,0.001429,74.125.24.0-255,1484,78733,56,177787
19697,0.001452,74.125.24.0-255,2902,81635,56,177787
19698,0.001455,172.31.46.0-255,66,81701,56,177787
19699,0.001462,74.125.24.0-255,5738,87439,56,177787
19700,0.001465,172.31.46.0-255,66,87505,56,177787
19701,0.001521,172.31.46.0-255,66,87571,56,177787
19702,0.001527,74.125.24.0-255,5738,93309,56,177787
19703,0.00153,172.31.46.0-255,66,93375,56,177787
19704,0.001534,74.125.24.0-255,1484,94859,56,177787
19705,0.001559,74.125.24.0-255,3602,98461,56,177787
19706,0.001562,172.31.46.0-255,66,98527,56,177787
19707,0.001607,74.125.24.0-255,1484,100011,56,177787
19708,0.001612,74.125.24.0-255,2902,102913,56,177787
19709,0.001615,172.31.46.0-255,66,102979,56,177787
19710,0.001618,74.125.24.0-255,1484,104463,56,177787
19711,0.001641,74.125.24.0-255,4320,108783,56,177787
19712,0.001644,172.31.46.0-255,66,108849,56,177787
19713,0.001651,74.125.24.0-255,5738,114587,56,177787
19714,0.001653,172.31.46.0-255,66,114653,56,177787
19715,0.001673,74.125.24.0-255,1484,116137,56,177787
19716,0.001688,172.31.46.0-255,66,116203,56,177787
19717,0.001692,74.125.24.0-255,2184,118387,56,177787
19718,0.001694,172.31.46.0-255,66,118453,56,177787
19719,0.002295,74.125.24.0-255,1484,119937,56,177787
19720,0.002316,74.125.24.0-255,2902,122839,56,177787
19721,0.002322,172.31.46.0-255,66,122905,56,177787
19722,0.002329,74.125.24.0-255,4320,127225,56,177787
19723,0.002331,172.31.46.0-255,66,127291,56,177787
19724,0.002364,74.125.24.0-255,1484,128775,56,177787
19725,0.00237,74.125.24.0-255,5738,134513,56,177787
19726,0.002373,172.31.46.0-255,66,134579,56,177787
19727,0.00238,74.125.24.0-255,7156,141735,56,177787
19728,0.002382,172.31.46.0-255,66,141801,56,177787
19729,0.002419,74.125.24.0-255,1484,143285,56,177787
19730,0.00245,172.31.46.0-255,66,143351,56,177787
19731,0.002479,74.125.24.0-255,4320,147671,56,177787
19732,0.002482,172.31.46.0-255,66,147737,56,177787
19733,0.002508,74.125.24.0-255,7156,154893,56,177787
19734,0.002511,172.31.46.0-255,66,154959,56,177787
19735,0.002515,74.125.24.0-255,2902,157861,56,177787
19736,0.002517,172.31.46.0-255,66,157927,56,177787
19737,0.002534,74.125.24.0-255,1484,159411,56,177787
19738,0.002568,172.31.46.0-255,66,159477,56,177787
19739,0.002596,74.125.24.0-255,2902,162379,56,177787
19740,0.002599,172.31.46.0-255,66,162445,56,177787
19741,0.002605,74.125.24.0-255,3602,166047,56,177787
19742,0.002607,172.31.46.0-255,66,166113,56,177787
19743,0.002754,74.125.24.0-255,1484,167597,56,177787
19744,0.005202,74.125.24.0-255,4320,171917,56,177787
19745,0.005212,172.31.46.0-255,66,171983,56,177787
19746,0.007851,74.125.24.0-255,5738,177721,56,177787
19747,0.007864,172.31.46.0-255,66,177787,56,177787
19748,0.0,74.125.130.0-255,289,289,56,168707
19749,2.2e-05,172.31.46.0-255,66,355,56,168707
19750,2.8e-05,74.125.130.0-255,1484,1839,56,168707
19751,3.1e-05,172.31.46.0-255,66,1905,56,168707
19752,3.5e-05,74.125.130.0-255,1484,3389,56,168707
19753,3.7e-05,172.31.46.0-255,66,3455,56,168707
19754,4.2e-05,74.125.130.0-255,2902,6357,56,168707
19755,4.4e-05,172.31.46.0-255,66,6423,56,168707
19756,4.9e-05,74.125.130.0-255,2902,9325,56,168707
19757,5.1e-05,172.31.46.0-255,66,9391,56,168707
19758,7.2e-05,74.125.130.0-255,2902,12293,56,168707
19759,7.5e-05,172.31.46.0-255,66,12359,56,168707
19760,7.8e-05,74.125.130.0-255,1886,14245,56,168707
19761,8.1e-05,172.31.46.0-255,66,14311,56,168707
19762,9.3e-05,74.125.130.0-255,2902,17213,56,168707
19763,9.5e-05,172.31.46.0-255,66,17279,56,168707
19764,0.000116,74.125.130.0-255,7156,24435,56,168707
19765,0.000118,172.31.46.0-255,66,24501,56,168707
19766,0.000121,74.125.130.0-255,1484,25985,56,168707
19767,0.000123,172.31.46.0-255,66,26051,56,168707
19768,0.000141,74.125.130.0-255,4320,30371,56,168707
19769,0.000143,172.31.46.0-255,66,30437,56,168707
19770,0.000167,74.125.130.0-255,1125,31562,56,168707
19771,0.000169,172.31.46.0-255,66,31628,56,168707
19772,0.000409,74.125.130.0-255,1484,33112,56,168707
19773,0.000414,172.31.46.0-255,66,33178,56,168707
19774,0.000419,74.125.130.0-255,2902,36080,56,168707
19775,0.000421,172.31.46.0-255,66,36146,56,168707
19776,0.000445,74.125.130.0-255,1484,37630,56,168707
19777,0.000447,172.31.46.0-255,66,37696,56,168707
19778,0.000466,74.125.130.0-255,4320,42016,56,168707
19779,0.000469,172.31.46.0-255,66,42082,56,168707
19780,0.000475,74.125.130.0-255,6797,48879,56,168707
19781,0.000477,172.31.46.0-255,66,48945,56,168707
19782,0.000483,74.125.130.0-255,7156,56101,56,168707
19783,0.000485,172.31.46.0-255,66,56167,56,168707
19784,0.000512,172.31.46.0-255,66,56233,56,168707
19785,0.000589,74.125.130.0-255,101,56334,56,168707
19786,0.000912,172.31.46.0-255,66,56400,56,168707
19787,0.001168,74.125.130.0-255,1484,57884,56,168707
19788,0.001177,74.125.130.0-255,2902,60786,56,168707
19789,0.001181,172.31.46.0-255,66,60852,56,168707
19790,0.001186,74.125.130.0-255,1484,62336,56,168707
19791,0.001205,74.125.130.0-255,4320,66656,56,168707
19792,0.001207,172.31.46.0-255,66,66722,56,168707
19793,0.001213,74.125.130.0-255,4320,71042,56,168707
19794,0.001215,172.31.46.0-255,66,71108,56,168707
19795,0.001236,74.125.130.0-255,2543,73651,56,168707
19796,0.001238,172.31.46.0-255,66,73717,56,168707
19797,0.001247,74.125.130.0-255,7156,80873,56,168707
19798,0.001249,172.31.46.0-255,66,80939,56,168707
19799,0.001282,172.31.46.0-255,66,81005,56,168707
19800,0.001698,74.125.130.0-255,1484,82489,56,168707
19801,0.001706,74.125.130.0-255,2902,85391,56,168707
19802,0.00171,172.31.46.0-255,66,85457,56,168707
19803,0.001716,74.125.130.0-255,2902,88359,56,168707
19804,0.001718,172.31.46.0-255,66,88425,56,168707
19805,0.001725,74.125.130.0-255,4320,92745,56,168707
19806,0.001726,172.31.46.0-255,66,92811,56,168707
19807,0.001753,172.31.46.0-255,66,92877,56,168707
19808,0.001794,172.31.46.0-255,66,92943,56,168707
19809,0.001873,74.125.130.0-255,1484,94427,56,168707
19810,0.001888,74.125.130.0-255,2902,97329,56,168707
19811,0.001891,172.31.46.0-255,66,97395,56,168707
19812,0.001899,74.125.130.0-255,5738,103133,56,168707
19813,0.001902,172.31.46.0-255,66,103199,56,168707
19814,0.00192,74.125.130.0-255,7156,110355,56,168707
19815,0.001923,172.31.46.0-255,66,110421,56,168707
19816,0.001944,74.125.130.0-255,1484,111905,56,168707
19817,0.001956,172.31.46.0-255,66,111971,56,168707
19818,0.001976,74.125.130.0-255,5020,116991,56,168707
19819,0.001979,172.31.46.0-255,66,117057,56,168707
19820,0.002151,74.125.130.0-255,1484,118541,56,168707
19821,0.002156,74.125.130.0-255,1484,120025,56,168707
19822,0.002159,172.31.46.0-255,66,120091,56,168707
19823,0.002177,74.125.130.0-255,1484,121575,56,168707
19824,0.002184,74.125.130.0-255,5738,127313,56,168707
19825,0.002187,172.31.46.0-255,66,127379,56,168707
19826,0.002206,74.125.130.0-255,5738,133117,56,168707
19827,0.00221,172.31.46.0-255,66,133183,56,168707
19828,0.002227,74.125.130.0-255,7156,140339,56,168707
19829,0.00223,172.31.46.0-255,66,140405,56,168707
19830,0.002237,74.125.130.0-255,5738,146143,56,168707
19831,0.00224,172.31.46.0-255,66,146209,56,168707
19832,0.00226,74.125.130.0-255,5020,151229,56,168707
19833,0.002262,172.31.46.0-255,66,151295,56,168707
19834,0.004554,74.125.130.0-255,5738,157033,56,168707
19835,0.004561,172.31.46.0-255,66,157099,56,168707
19836,0.006848,74.125.130.0-255,5738,162837,56,168707
19837,0.006853,172.31.46.0-255,66,162903,56,168707
19838,0.009174,74.125.130.0-255,5738,168641,56,168707
19839,0.009179,172.31.46.0-255,66,168707,56,168707
19840,0.0,172.217.194.0-255,146,146,56,276817
19841,1.3e-05,172.31.46.0-255,66,212,56,276817
19842,1.9e-05,172.217.194.0-255,1484,1696,56,276817
19843,2.3e-05,172.31.46.0-255,66,1762,56,276817
19844,2.6e-05,172.217.194.0-255,1484,3246,56,276817
19845,2.9e-05,172.31.46.0-255,66,3312,56,276817
19846,3.2e-05,172.217.194.0-255,1484,4796,56,276817
19847,4.2e-05,172.31.46.0-255,66,4862,56,276817
19848,5.7e-05,172.217.194.0-255,2902,7764,56,276817
19849,5.9e-05,172.31.46.0-255,66,7830,56,276817
19850,7e-05,172.217.194.0-255,7156,14986,56,276817
19851,7.2e-05,172.31.46.0-255,66,15052,56,276817
19852,0.000106,172.217.194.0-255,3356,18408,56,276817
19853,0.000108,172.31.46.0-255,66,18474,56,276817
19854,0.00012,172.31.46.0-255,66,18540,56,276817
19855,0.000128,172.217.194.0-255,2543,21083,56,276817
19856,0.000131,172.31.46.0-255,66,21149,56,276817
19857,0.000197,172.217.194.0-255,2902,24051,56,276817
19858,0.000199,172.31.46.0-255,66,24117,56,276817
19859,0.000204,172.217.194.0-255,2902,27019,56,276817
19860,0.000206,172.31.46.0-255,66,27085,56,276817
19861,0.000223,172.217.194.0-255,2902,29987,56,276817
19862,0.000225,172.31.46.0-255,66,30053,56,276817
19863,0.000231,172.217.194.0-255,4320,34373,56,276817
19864,0.000232,172.31.46.0-255,66,34439,56,276817
19865,0.000254,172.217.194.0-255,6797,41236,56,276817
19866,0.000256,172.31.46.0-255,66,41302,56,276817
19867,0.000273,172.31.46.0-255,66,41368,56,276817
19868,0.000296,172.217.194.0-255,98,41466,56,276817
19869,0.000299,172.31.46.0-255,66,41532,56,276817
19870,0.000361,172.217.194.0-255,1484,43016,56,276817
19871,0.000366,172.217.194.0-255,1484,44500,56,276817
19872,0.000375,172.217.194.0-255,1484,45984,56,276817
19873,0.00039,172.217.194.0-255,5738,51722,56,276817
19874,0.000413,172.217.194.0-255,6797,58519,56,276817
19875,0.000432,172.217.194.0-255,2902,61421,56,276817
19876,0.000457,172.217.194.0-255,1484,62905,56,276817
19877,0.000498,172.217.194.0-255,2819,65724,56,276817
19878,0.000531,172.31.46.0-255,66,65790,56,276817
19879,0.000556,172.217.194.0-255,1484,67274,56,276817
19880,0.000559,172.217.194.0-255,1484,68758,56,276817
19881,0.000575,172.217.194.0-255,1484,70242,56,276817
19882,0.000581,172.217.194.0-255,5738,75980,56,276817
19883,0.000611,172.31.46.0-255,66,76046,56,276817
19884,0.000638,172.31.46.0-255,66,76112,56,276817
19885,0.000652,172.217.194.0-255,5738,81850,56,276817
19886,0.00067,172.217.194.0-255,5020,86870,56,276817
19887,0.000678,172.31.46.0-255,66,86936,56,276817
19888,0.000707,172.217.194.0-255,4320,91256,56,276817
19889,0.000712,172.217.194.0-255,4320,95576,56,276817
19890,0.000718,172.31.46.0-255,66,95642,56,276817
19891,0.000724,172.217.194.0-255,1484,97126,56,276817
19892,0.000746,172.217.194.0-255,2902,100028,56,276817
19893,0.000754,172.31.46.0-255,66,100094,56,276817
19894,0.000788,172.31.46.0-255,66,100160,56,276817
19895,0.000797,172.217.194.0-255,2902,103062,56,276817
19896,0.000814,172.217.194.0-255,5738,108800,56,276817
19897,0.000835,172.217.194.0-255,3602,112402,56,276817
19898,0.000839,172.217.194.0-255,4320,116722,56,276817
19899,0.000845,172.31.46.0-255,66,116788,56,276817
19900,0.00088,172.217.194.0-255,7156,123944,56,276817
19901,0.000885,172.31.46.0-255,66,124010,56,276817
19902,0.000911,172.217.194.0-255,7156,131166,56,276817
19903,0.000919,172.31.46.0-255,66,131232,56,276817
19904,0.000929,172.217.194.0-255,5020,136252,56,276817
19905,0.000952,172.217.194.0-255,2902,139154,56,276817
19906,0.000958,172.31.46.0-255,66,139220,56,276817
19907,0.000972,172.217.194.0-255,7156,146376,56,276817
19908,0.000987,172.217.194.0-255,7156,153532,56,276817
19909,0.000999,172.217.194.0-255,4320,157852,56,276817
19910,0.001012,172.31.46.0-255,66,157918,56,276817
19911,0.001054,172.31.46.0-255,66,157984,56,276817
19912,0.001179,172.217.194.0-255,1484,159468,56,276817
19913,0.001184,172.217.194.0-255,2902,162370,56,276817
19914,0.001209,172.217.194.0-255,5738,168108,56,276817
19915,0.001212,172.31.46.0-255,66,168174,56,276817
19916,0.001216,172.31.46.0-255,66,168240,56,276817
19917,0.001242,172.217.194.0-255,5738,173978,56,276817
19918,0.001257,172.217.194.0-255,5738,179716,56,276817
19919,0.001273,172.217.194.0-255,7156,186872,56,276817
19920,0.001277,172.217.194.0-255,2902,189774,56,276817
19921,0.00129,172.217.194.0-255,2184,191958,56,276817
19922,0.001311,172.31.46.0-255,66,192024,56,276817
19923,0.001337,172.217.194.0-255,1484,193508,56,276817
19924,0.001353,172.217.194.0-255,2902,196410,56,276817
19925,0.001375,172.217.194.0-255,5738,202148,56,276817
19926,0.001396,172.217.194.0-255,7156,209304,56,276817
19927,0.001446,172.217.194.0-255,7156,216460,56,276817
19928,0.001458,172.217.194.0-255,7156,223616,56,276817
19929,0.001462,172.217.194.0-255,2184,225800,56,276817
19930,0.001464,172.217.194.0-255,1484,227284,56,276817
19931,0.00149,172.217.194.0-255,2902,230186,56,276817
19932,0.001493,172.217.194.0-255,1484,231670,56,276817
19933,0.001512,172.217.194.0-255,4320,235990,56,276817
19934,0.001531,172.217.194.0-255,7156,243146,56,276817
19935,0.001545,172.217.194.0-255,5738,248884,56,276817
19936,0.001582,172.217.194.0-255,5738,254622,56,276817
19937,0.001651,172.217.194.0-255,2902,257524,56,276817
19938,0.001669,172.217.194.0-255,5738,263262,56,276817
19939,0.001711,172.217.194.0-255,3602,266864,56,276817
19940,0.001714,172.217.194.0-255,1484,268348,56,276817
19941,0.001799,172.217.194.0-255,6438,274786,56,276817
19942,0.001802,172.217.194.0-255,1755,276541,56,276817
19943,0.001821,172.217.194.0-255,105,276646,56,276817
19944,0.005695,172.31.46.0-255,66,276712,56,276817
19945,0.009192,172.31.46.0-255,105,276817,56,276817
19946,0.0,74.125.200.0-255,153,153,56,141974
19947,2.2e-05,172.31.46.0-255,66,219,56,141974
19948,5.2e-05,74.125.200.0-255,1484,1703,56,141974
19949,5.7e-05,172.31.46.0-255,66,1769,56,141974
19950,6.3e-05,74.125.200.0-255,2902,4671,56,141974
19951,6.7e-05,172.31.46.0-255,66,4737,56,141974
19952,0.000107,74.125.200.0-255,4320,9057,56,141974
19953,0.00011,172.31.46.0-255,66,9123,56,141974
19954,0.000127,74.125.200.0-255,4944,14067,56,141974
19955,0.000135,172.31.46.0-255,66,14133,56,141974
19956,0.000168,74.125.200.0-255,5738,19871,56,141974
19957,0.00017,172.31.46.0-255,66,19937,56,141974
19958,0.000178,74.125.200.0-255,7156,27093,56,141974
19959,0.00018,172.31.46.0-255,66,27159,56,141974
19960,0.0002,74.125.200.0-255,3961,31120,56,141974
19961,0.000208,172.31.46.0-255,66,31186,56,141974
19962,0.000272,74.125.200.0-255,1484,32670,56,141974
19963,0.000275,172.31.46.0-255,66,32736,56,141974
19964,0.000301,74.125.200.0-255,2902,35638,56,141974
19965,0.000304,172.31.46.0-255,66,35704,56,141974
19966,0.000309,74.125.200.0-255,4320,40024,56,141974
19967,0.000312,172.31.46.0-255,66,40090,56,141974
19968,0.000352,74.125.200.0-255,2902,42992,56,141974
19969,0.000354,172.31.46.0-255,66,43058,56,141974
19970,0.000383,74.125.200.0-255,6797,49855,56,141974
19971,0.000387,172.31.46.0-255,66,49921,56,141974
19972,0.000399,172.31.46.0-255,66,49987,56,141974
19973,0.000405,74.125.200.0-255,5655,55642,56,141974
19974,0.000408,172.31.46.0-255,66,55708,56,141974
19975,0.000456,74.125.200.0-255,133,55841,56,141974
19976,0.000459,172.31.46.0-255,66,55907,56,141974
19977,0.000616,74.125.200.0-255,1484,57391,56,141974
19978,0.000623,74.125.200.0-255,2902,60293,56,141974
19979,0.000626,172.31.46.0-255,66,60359,56,141974
19980,0.000633,74.125.200.0-255,5738,66097,56,141974
19981,0.000635,172.31.46.0-255,66,66163,56,141974
19982,0.000681,172.31.46.0-255,66,66229,56,141974
19983,0.000713,172.31.46.0-255,66,66295,56,141974
19984,0.000719,74.125.200.0-255,5020,71315,56,141974
19985,0.000722,172.31.46.0-255,66,71381,56,141974
19986,0.000724,74.125.200.0-255,343,71724,56,141974
19987,0.000927,74.125.200.0-255,1484,73208,56,141974
19988,0.000931,172.31.46.0-255,66,73274,56,141974
19989,0.000935,74.125.200.0-255,1484,74758,56,141974
19990,0.000963,74.125.200.0-255,1484,76242,56,141974
19991,0.000966,172.31.46.0-255,66,76308,56,141974
19992,0.000971,74.125.200.0-255,2902,79210,56,141974
19993,0.000974,172.31.46.0-255,66,79276,56,141974
19994,0.000983,74.125.200.0-255,4320,83596,56,141974
19995,0.000985,172.31.46.0-255,66,83662,56,141974
19996,0.000992,74.125.200.0-255,5738,89400,56,141974
19997,0.000994,172.31.46.0-255,66,89466,56,141974
19998,0.00103,74.125.200.0-255,2902,92368,56,141974
19999,0.001032,172.31.46.0-255,66,92434,56,141974
20000,0.001037,74.125.200.0-255,2902,95336,56,141974
20001,0.001039,172.31.46.0-255,66,95402,56,141974
20002,0.001044,74.125.200.0-255,4320,99722,56,141974
20003,0.001047,172.31.46.0-255,66,99788,56,141974
20004,0.001084,74.125.200.0-255,6438,106226,56,141974
20005,0.001087,172.31.46.0-255,66,106292,56,141974
20006,0.001448,74.125.200.0-255,1484,107776,56,141974
20007,0.001467,74.125.200.0-255,2902,110678,56,141974
20008,0.001472,172.31.46.0-255,66,110744,56,141974
20009,0.00148,74.125.200.0-255,5738,116482,56,141974
20010,0.001482,172.31.46.0-255,66,116548,56,141974
20011,0.001509,74.125.200.0-255,4320,120868,56,141974
20012,0.001512,172.31.46.0-255,66,120934,56,141974
20013,0.001541,172.31.46.0-255,66,121000,56,141974
20014,0.001607,172.31.46.0-255,66,121066,56,141974
20015,0.002326,74.125.200.0-255,1484,122550,56,141974
20016,0.002342,74.125.200.0-255,1484,124034,56,141974
20017,0.002346,172.31.46.0-255,66,124100,56,141974
20018,0.002359,74.125.200.0-255,1484,125584,56,141974
20019,0.003906,74.125.200.0-255,1484,127068,56,141974
20020,0.003908,172.31.46.0-255,66,127134,56,141974
20021,0.004671,74.125.200.0-255,2902,130036,56,141974
20022,0.004675,172.31.46.0-255,66,130102,56,141974
20023,0.006235,74.125.200.0-255,2902,133004,56,141974
20024,0.006242,172.31.46.0-255,66,133070,56,141974
20025,0.007007,74.125.200.0-255,2902,135972,56,141974
20026,0.007013,172.31.46.0-255,66,136038,56,141974
20027,0.008563,74.125.200.0-255,2902,138940,56,141974
20028,0.008569,172.31.46.0-255,66,139006,56,141974
20029,0.009343,74.125.200.0-255,2902,141908,56,141974
20030,0.00935,172.31.46.0-255,66,141974,56,141974
20031,0.0,74.125.24.0-255,66,66,56,66
20032,0.0,172.217.194.0-255,146,146,56,305592
20033,1.5e-05,172.31.46.0-255,66,212,56,305592
20034,3.4e-05,172.217.194.0-255,1484,1696,56,305592
20035,3.9e-05,172.31.46.0-255,66,1762,56,305592
20036,4.4e-05,172.217.194.0-255,2902,4664,56,305592
20037,4.7e-05,172.31.46.0-255,66,4730,56,305592
20038,7.8e-05,172.217.194.0-255,7156,11886,56,305592
20039,8.1e-05,172.31.46.0-255,66,11952,56,305592
20040,8.5e-05,172.217.194.0-255,2036,13988,56,305592
20041,8.8e-05,172.31.46.0-255,66,14054,56,305592
20042,0.000116,172.217.194.0-255,2902,16956,56,305592
20043,0.000119,172.31.46.0-255,66,17022,56,305592
20044,0.000133,172.217.194.0-255,2902,19924,56,305592
20045,0.000135,172.31.46.0-255,66,19990,56,305592
20046,0.00016,172.217.194.0-255,2902,22892,56,305592
20047,0.000163,172.31.46.0-255,66,22958,56,305592
20048,0.000171,172.217.194.0-255,7156,30114,56,305592
20049,0.000173,172.31.46.0-255,66,30180,56,305592
20050,0.000176,172.217.194.0-255,1125,31305,56,305592
20051,0.000179,172.31.46.0-255,66,31371,56,305592
20052,0.000212,172.217.194.0-255,1484,32855,56,305592
20053,0.000214,172.31.46.0-255,66,32921,56,305592
20054,0.000229,172.217.194.0-255,2902,35823,56,305592
20055,0.000231,172.31.46.0-255,66,35889,56,305592
20056,0.000249,172.217.194.0-255,1484,37373,56,305592
20057,0.000251,172.31.46.0-255,66,37439,56,305592
20058,0.000255,172.217.194.0-255,1484,38923,56,305592
20059,0.000257,172.31.46.0-255,66,38989,56,305592
20060,0.000264,172.217.194.0-255,7156,46145,56,305592
20061,0.000266,172.31.46.0-255,66,46211,56,305592
20062,0.00028,172.217.194.0-255,2543,48754,56,305592
20063,0.000282,172.31.46.0-255,66,48820,56,305592
20064,0.000515,172.217.194.0-255,1484,50304,56,305592
20065,0.000522,172.31.46.0-255,66,50370,56,305592
20066,0.000528,172.217.194.0-255,2902,53272,56,305592
20067,0.000531,172.31.46.0-255,66,53338,56,305592
20068,0.000537,172.217.194.0-255,5738,59076,56,305592
20069,0.00054,172.31.46.0-255,66,59142,56,305592
20070,0.000546,172.217.194.0-255,5738,64880,56,305592
20071,0.000549,172.31.46.0-255,66,64946,56,305592
20072,0.000581,172.217.194.0-255,1125,66071,56,305592
20073,0.000583,172.31.46.0-255,66,66137,56,305592
20074,0.000633,172.217.194.0-255,2063,68200,56,305592
20075,0.000636,172.31.46.0-255,66,68266,56,305592
20076,0.000641,172.217.194.0-255,2902,71168,56,305592
20077,0.000644,172.31.46.0-255,66,71234,56,305592
20078,0.000664,172.217.194.0-255,5738,76972,56,305592
20079,0.000667,172.31.46.0-255,66,77038,56,305592
20080,0.000691,172.217.194.0-255,1484,78522,56,305592
20081,0.000708,172.31.46.0-255,66,78588,56,305592
20082,0.000733,172.217.194.0-255,6438,85026,56,305592
20083,0.000736,172.31.46.0-255,66,85092,56,305592
20084,0.000801,172.217.194.0-255,1484,86576,56,305592
20085,0.000816,172.217.194.0-255,2902,89478,56,305592
20086,0.000819,172.31.46.0-255,66,89544,56,305592
20087,0.00084,172.217.194.0-255,5738,95282,56,305592
20088,0.000844,172.31.46.0-255,66,95348,56,305592
20089,0.00087,172.217.194.0-255,7156,102504,56,305592
20090,0.000872,172.31.46.0-255,66,102570,56,305592
20091,0.000894,172.217.194.0-255,1484,104054,56,305592
20092,0.000907,172.31.46.0-255,66,104120,56,305592
20093,0.000913,172.217.194.0-255,5020,109140,56,305592
20094,0.000916,172.31.46.0-255,66,109206,56,305592
20095,0.000987,172.217.194.0-255,1484,110690,56,305592
20096,0.000992,172.217.194.0-255,1484,112174,56,305592
20097,0.000995,172.31.46.0-255,66,112240,56,305592
20098,0.001005,172.217.194.0-255,1484,113724,56,305592
20099,0.00101,172.217.194.0-255,2902,116626,56,305592
20100,0.001013,172.31.46.0-255,66,116692,56,305592
20101,0.001036,172.217.194.0-255,2902,119594,56,305592
20102,0.001039,172.31.46.0-255,66,119660,56,305592
20103,0.00108,172.217.194.0-255,5738,125398,56,305592
20104,0.001083,172.31.46.0-255,66,125464,56,305592
20105,0.001106,172.217.194.0-255,7156,132620,56,305592
20106,0.001108,172.31.46.0-255,66,132686,56,305592
20107,0.001115,172.217.194.0-255,5738,138424,56,305592
20108,0.001117,172.31.46.0-255,66,138490,56,305592
20109,0.001123,172.217.194.0-255,5020,143510,56,305592
20110,0.001125,172.31.46.0-255,66,143576,56,305592
20111,0.00127,172.217.194.0-255,1484,145060,56,305592
20112,0.001276,172.217.194.0-255,1484,146544,56,305592
20113,0.00128,172.31.46.0-255,66,146610,56,305592
20114,0.001301,172.217.194.0-255,1484,148094,56,305592
20115,0.001308,172.217.194.0-255,5738,153832,56,305592
20116,0.001311,172.31.46.0-255,66,153898,56,305592
20117,0.001315,172.217.194.0-255,2902,156800,56,305592
20118,0.001317,172.31.46.0-255,66,156866,56,305592
20119,0.001333,172.217.194.0-255,4320,161186,56,305592
20120,0.001336,172.31.46.0-255,66,161252,56,305592
20121,0.001341,172.217.194.0-255,4320,165572,56,305592
20122,0.001343,172.31.46.0-255,66,165638,56,305592
20123,0.001374,172.31.46.0-255,66,165704,56,305592
20124,0.001378,172.217.194.0-255,2184,167888,56,305592
20125,0.00138,172.31.46.0-255,66,167954,56,305592
20126,0.001452,172.217.194.0-255,1484,169438,56,305592
20127,0.001471,172.217.194.0-255,2902,172340,56,305592
20128,0.001474,172.31.46.0-255,66,172406,56,305592
20129,0.001477,172.217.194.0-255,1484,173890,56,305592
20130,0.001495,172.217.194.0-255,4320,178210,56,305592
20131,0.001498,172.31.46.0-255,66,178276,56,305592
20132,0.001514,172.217.194.0-255,4320,182596,56,305592
20133,0.001517,172.31.46.0-255,66,182662,56,305592
20134,0.00155,172.31.46.0-255,66,182728,56,305592
20135,0.001567,172.217.194.0-255,1484,184212,56,305592
20136,0.001589,172.217.194.0-255,4320,188532,56,305592
20137,0.001592,172.31.46.0-255,66,188598,56,305592
20138,0.001614,172.217.194.0-255,5020,193618,56,305592
20139,0.001616,172.31.46.0-255,66,193684,56,305592
20140,0.001738,172.217.194.0-255,1484,195168,56,305592
20141,0.001745,172.217.194.0-255,2902,198070,56,305592
20142,0.001748,172.31.46.0-255,66,198136,56,305592
20143,0.001769,172.217.194.0-255,4320,202456,56,305592
20144,0.001772,172.31.46.0-255,66,202522,56,305592
20145,0.001777,172.217.194.0-255,4320,206842,56,305592
20146,0.001779,172.31.46.0-255,66,206908,56,305592
20147,0.001797,172.217.194.0-255,4320,211228,56,305592
20148,0.001799,172.31.46.0-255,66,211294,56,305592
20149,0.001818,172.217.194.0-255,1484,212778,56,305592
20150,0.001853,172.31.46.0-255,66,212844,56,305592
20151,0.001887,172.217.194.0-255,1484,214328,56,305592
20152,0.001892,172.217.194.0-255,2902,217230,56,305592
20153,0.001894,172.31.46.0-255,66,217296,56,305592
20154,0.001915,172.217.194.0-255,5738,223034,56,305592
20155,0.001918,172.31.46.0-255,66,223100,56,305592
20156,0.001946,172.31.46.0-255,66,223166,56,305592
20157,0.001969,172.217.194.0-255,1484,224650,56,305592
20158,0.001996,172.31.46.0-255,66,224716,56,305592
20159,0.002038,172.217.194.0-255,1484,226200,56,305592
20160,0.002055,172.217.194.0-255,1484,227684,56,305592
20161,0.002058,172.31.46.0-255,66,227750,56,305592
20162,0.00207,172.217.194.0-255,1484,229234,56,305592
20163,0.002074,172.217.194.0-255,2902,232136,56,305592
20164,0.002077,172.31.46.0-255,66,232202,56,305592
20165,0.002081,172.217.194.0-255,1484,233686,56,305592
20166,0.002098,172.217.194.0-255,4320,238006,56,305592
20167,0.0021,172.31.46.0-255,66,238072,56,305592
20168,0.002116,172.217.194.0-255,1484,239556,56,305592
20169,0.002142,172.217.194.0-255,4320,243876,56,305592
20170,0.002147,172.31.46.0-255,66,243942,56,305592
20171,0.002167,172.31.46.0-255,66,244008,56,305592
20172,0.002219,172.217.194.0-255,3602,247610,56,305592
20173,0.002221,172.31.46.0-255,66,247676,56,305592
20174,0.00244,172.217.194.0-255,1484,249160,56,305592
20175,0.002445,172.217.194.0-255,2902,252062,56,305592
20176,0.002448,172.31.46.0-255,66,252128,56,305592
20177,0.002468,172.217.194.0-255,5738,257866,56,305592
20178,0.00247,172.31.46.0-255,66,257932,56,305592
20179,0.002473,172.217.194.0-255,1484,259416,56,305592
20180,0.002491,172.217.194.0-255,1484,260900,56,305592
20181,0.002493,172.31.46.0-255,66,260966,56,305592
20182,0.002536,172.217.194.0-255,1484,262450,56,305592
20183,0.002556,172.217.194.0-255,4320,266770,56,305592
20184,0.002558,172.31.46.0-255,66,266836,56,305592
20185,0.002563,172.217.194.0-255,2902,269738,56,305592
20186,0.002565,172.31.46.0-255,66,269804,56,305592
20187,0.002578,172.217.194.0-255,4320,274124,56,305592
20188,0.002581,172.31.46.0-255,66,274190,56,305592
20189,0.002585,172.217.194.0-255,2902,277092,56,305592
20190,0.002588,172.31.46.0-255,66,277158,56,305592
20191,0.002663,172.217.194.0-255,4320,281478,56,305592
20192,0.002667,172.31.46.0-255,66,281544,56,305592
20193,0.00269,172.217.194.0-255,3602,285146,56,305592
20194,0.002693,172.31.46.0-255,66,285212,56,305592
20195,0.0027,172.217.194.0-255,5738,290950,56,305592
20196,0.002702,172.31.46.0-255,66,291016,56,305592
20197,0.002715,172.217.194.0-255,2902,293918,56,305592
20198,0.002717,172.31.46.0-255,66,293984,56,305592
20199,0.005375,172.217.194.0-255,5738,299722,56,305592
20200,0.005382,172.31.46.0-255,66,299788,56,305592
20201,0.008029,172.217.194.0-255,5738,305526,56,305592
20202,0.008037,172.31.46.0-255,66,305592,56,305592
20203,0.0,172.217.194.0-255,150,150,56,97549
20204,1.8e-05,172.31.46.0-255,66,216,56,97549
20205,2.5e-05,172.217.194.0-255,1484,1700,56,97549
20206,2.9e-05,172.31.46.0-255,66,1766,56,97549
20207,3.5e-05,172.217.194.0-255,2902,4668,56,97549
20208,4.5e-05,172.31.46.0-255,66,4734,56,97549
20209,5.2e-05,172.217.194.0-255,7156,11890,56,97549
20210,5.5e-05,172.31.46.0-255,66,11956,56,97549
20211,9.1e-05,172.217.194.0-255,2095,14051,56,97549
20212,9.4e-05,172.31.46.0-255,66,14117,56,97549
20213,0.000627,172.217.194.0-255,1484,15601,56,97549
20214,0.000633,172.31.46.0-255,66,15667,56,97549
20215,0.000641,172.217.194.0-255,2902,18569,56,97549
20216,0.000643,172.31.46.0-255,66,18635,56,97549
20217,0.000669,172.217.194.0-255,5738,24373,56,97549
20218,0.000671,172.31.46.0-255,66,24439,56,97549
20219,0.000696,172.217.194.0-255,4320,28759,56,97549
20220,0.000699,172.31.46.0-255,66,28825,56,97549
20221,0.000729,172.217.194.0-255,2543,31368,56,97549
20222,0.000733,172.31.46.0-255,66,31434,56,97549
20223,0.000842,172.217.194.0-255,1484,32918,56,97549
20224,0.000846,172.31.46.0-255,66,32984,56,97549
20225,0.000852,172.217.194.0-255,2902,35886,56,97549
20226,0.000855,172.31.46.0-255,66,35952,56,97549
20227,0.000857,172.217.194.0-255,1484,37436,56,97549
20228,0.000859,172.31.46.0-255,66,37502,56,97549
20229,0.000885,172.217.194.0-255,4320,41822,56,97549
20230,0.000888,172.31.46.0-255,66,41888,56,97549
20231,0.000902,172.217.194.0-255,2902,44790,56,97549
20232,0.000908,172.31.46.0-255,66,44856,56,97549
20233,0.000941,172.31.46.0-255,66,44922,56,97549
20234,0.000959,172.217.194.0-255,2902,47824,56,97549
20235,0.000962,172.31.46.0-255,66,47890,56,97549
20236,0.000994,172.31.46.0-255,66,47956,56,97549
20237,0.000996,172.217.194.0-255,647,48603,56,97549
20238,0.001326,172.217.194.0-255,1484,50087,56,97549
20239,0.001332,172.31.46.0-255,66,50153,56,97549
20240,0.001338,172.217.194.0-255,2902,53055,56,97549
20241,0.001341,172.31.46.0-255,66,53121,56,97549
20242,0.001344,172.217.194.0-255,1484,54605,56,97549
20243,0.001384,172.217.194.0-255,4320,58925,56,97549
20244,0.001387,172.31.46.0-255,66,58991,56,97549
20245,0.001393,172.217.194.0-255,5738,64729,56,97549
20246,0.001395,172.31.46.0-255,66,64795,56,97549
20247,0.001408,172.31.46.0-255,66,64861,56,97549
20248,0.001433,172.217.194.0-255,4320,69181,56,97549
20249,0.001435,172.31.46.0-255,66,69247,56,97549
20250,0.001444,172.217.194.0-255,5020,74267,56,97549
20251,0.001446,172.31.46.0-255,66,74333,56,97549
20252,0.003422,172.217.194.0-255,5738,80071,56,97549
20253,0.003428,172.31.46.0-255,66,80137,56,97549
20254,0.005401,172.217.194.0-255,5738,85875,56,97549
20255,0.005407,172.31.46.0-255,66,85941,56,97549
20256,0.007381,172.217.194.0-255,5738,91679,56,97549
20257,0.007389,172.31.46.0-255,66,91745,56,97549
20258,0.009356,172.217.194.0-255,5738,97483,56,97549
20259,0.009363,172.31.46.0-255,66,97549,56,97549
20260,0.0,172.31.46.0-255,66,66,56,66
20261,0.0,172.217.160.0-255,291,291,56,75970
20262,2.4e-05,172.31.46.0-255,66,357,56,75970
20263,3e-05,172.217.160.0-255,1484,1841,56,75970
20264,3.5e-05,172.31.46.0-255,66,1907,56,75970
20265,3.8e-05,172.217.160.0-255,1484,3391,56,75970
20266,4.2e-05,172.31.46.0-255,66,3457,56,75970
20267,5e-05,172.217.160.0-255,4320,7777,56,75970
20268,6.1e-05,172.31.46.0-255,66,7843,56,75970
20269,7.5e-05,172.31.46.0-255,66,7909,56,75970
20270,8e-05,172.217.160.0-255,4320,12229,56,75970
20271,8.4e-05,172.31.46.0-255,66,12295,56,75970
20272,0.000147,172.31.46.0-255,66,12361,56,75970
20273,0.00015,172.217.160.0-255,1484,13845,56,75970
20274,0.000152,172.31.46.0-255,66,13911,56,75970
20275,0.000181,172.217.160.0-255,2902,16813,56,75970
20276,0.000183,172.31.46.0-255,66,16879,56,75970
20277,0.000191,172.217.160.0-255,5738,22617,56,75970
20278,0.000193,172.31.46.0-255,66,22683,56,75970
20279,0.000228,172.31.46.0-255,66,22749,56,75970
20280,0.000259,172.217.160.0-255,4320,27069,56,75970
20281,0.000261,172.31.46.0-255,66,27135,56,75970
20282,0.000291,172.217.160.0-255,6745,33880,56,75970
20283,0.000294,172.31.46.0-255,66,33946,56,75970
20284,0.000632,172.217.160.0-255,102,34048,56,75970
20285,0.000637,172.31.46.0-255,66,34114,56,75970
20286,0.000906,172.217.160.0-255,1484,35598,56,75970
20287,0.00091,172.31.46.0-255,66,35664,56,75970
20288,0.000916,172.217.160.0-255,2902,38566,56,75970
20289,0.000918,172.31.46.0-255,66,38632,56,75970
20290,0.000925,172.217.160.0-255,5738,44370,56,75970
20291,0.000932,172.31.46.0-255,66,44436,56,75970
20292,0.000969,172.31.46.0-255,66,44502,56,75970
20293,0.000981,172.31.46.0-255,66,44568,56,75970
20294,0.00101,172.217.160.0-255,2184,46752,56,75970
20295,0.001013,172.31.46.0-255,66,46818,56,75970
20296,0.002649,172.217.160.0-255,2902,49720,56,75970
20297,0.002657,172.31.46.0-255,66,49786,56,75970
20298,0.002685,172.217.160.0-255,2902,52688,56,75970
20299,0.002687,172.31.46.0-255,66,52754,56,75970
20300,0.004348,172.217.160.0-255,5738,58492,56,75970
20301,0.004353,172.31.46.0-255,66,58558,56,75970
20302,0.006026,172.217.160.0-255,5738,64296,56,75970
20303,0.006034,172.31.46.0-255,66,64362,56,75970
20304,0.007726,172.217.160.0-255,5738,70100,56,75970
20305,0.007734,172.31.46.0-255,66,70166,56,75970
20306,0.009427,172.217.160.0-255,5738,75904,56,75970
20307,0.009436,172.31.46.0-255,66,75970,56,75970
20308,0.0,172.217.194.0-255,146,146,56,275302
20309,2.1e-05,172.31.46.0-255,66,212,56,275302
20310,2.8e-05,172.217.194.0-255,1484,1696,56,275302
20311,3.3e-05,172.31.46.0-255,66,1762,56,275302
20312,4.6e-05,172.217.194.0-255,2902,4664,56,275302
20313,5e-05,172.31.46.0-255,66,4730,56,275302
20314,5.9e-05,172.217.194.0-255,7156,11886,56,275302
20315,6.2e-05,172.31.46.0-255,66,11952,56,275302
20316,9.4e-05,172.217.194.0-255,1976,13928,56,275302
20317,9.6e-05,172.31.46.0-255,66,13994,56,275302
20318,0.000442,172.217.194.0-255,1484,15478,56,275302
20319,0.000448,172.31.46.0-255,66,15544,56,275302
20320,0.000453,172.217.194.0-255,2902,18446,56,275302
20321,0.000456,172.31.46.0-255,66,18512,56,275302
20322,0.000468,172.217.194.0-255,5738,24250,56,275302
20323,0.00047,172.31.46.0-255,66,24316,56,275302
20324,0.000498,172.217.194.0-255,6797,31113,56,275302
20325,0.000501,172.31.46.0-255,66,31179,56,275302
20326,0.000601,172.217.194.0-255,1484,32663,56,275302
20327,0.000605,172.31.46.0-255,66,32729,56,275302
20328,0.000611,172.217.194.0-255,2902,35631,56,275302
20329,0.000613,172.31.46.0-255,66,35697,56,275302
20330,0.000644,172.217.194.0-255,5738,41435,56,275302
20331,0.000647,172.31.46.0-255,66,41501,56,275302
20332,0.000654,172.217.194.0-255,5738,47239,56,275302
20333,0.000656,172.31.46.0-255,66,47305,56,275302
20334,0.000679,172.217.194.0-255,1125,48430,56,275302
20335,0.000681,172.31.46.0-255,66,48496,56,275302
20336,0.000715,172.217.194.0-255,7156,55652,56,275302
20337,0.000742,172.31.46.0-255,66,55718,56,275302
20338,0.000778,172.31.46.0-255,66,55784,56,275302
20339,0.000781,172.217.194.0-255,118,55902,56,275302
20340,0.000784,172.217.194.0-255,381,56283,56,275302
20341,0.001103,172.217.194.0-255,1484,57767,56,275302
20342,0.001108,172.31.46.0-255,66,57833,56,275302
20343,0.001114,172.217.194.0-255,2902,60735,56,275302
20344,0.00114,172.217.194.0-255,5738,66473,56,275302
20345,0.001143,172.217.194.0-255,1484,67957,56,275302
20346,0.001153,172.217.194.0-255,1484,69441,56,275302
20347,0.001169,172.217.194.0-255,5738,75179,56,275302
20348,0.001187,172.217.194.0-255,4320,79499,56,275302
20349,0.00119,172.31.46.0-255,66,79565,56,275302
20350,0.001195,172.31.46.0-255,66,79631,56,275302
20351,0.001231,172.217.194.0-255,5738,85369,56,275302
20352,0.001237,172.31.46.0-255,66,85435,56,275302
20353,0.001276,172.217.194.0-255,4320,89755,56,275302
20354,0.00128,172.217.194.0-255,766,90521,56,275302
20355,0.001543,172.217.194.0-255,1484,92005,56,275302
20356,0.00155,172.217.194.0-255,2902,94907,56,275302
20357,0.00157,172.217.194.0-255,5738,100645,56,275302
20358,0.001617,172.217.194.0-255,2902,103547,56,275302
20359,0.001669,172.217.194.0-255,4320,107867,56,275302
20360,0.001696,172.217.194.0-255,6438,114305,56,275302
20361,0.002025,172.217.194.0-255,1484,115789,56,275302
20362,0.002032,172.217.194.0-255,2902,118691,56,275302
20363,0.002044,172.217.194.0-255,1484,120175,56,275302
20364,0.002061,172.217.194.0-255,4320,124495,56,275302
20365,0.002086,172.217.194.0-255,7156,131651,56,275302
20366,0.002105,172.217.194.0-255,4320,135971,56,275302
20367,0.002136,172.217.194.0-255,2902,138873,56,275302
20368,0.002322,172.217.194.0-255,1484,140357,56,275302
20369,0.002336,172.217.194.0-255,2902,143259,56,275302
20370,0.002339,172.217.194.0-255,1484,144743,56,275302
20371,0.002359,172.217.194.0-255,4320,149063,56,275302
20372,0.002361,172.217.194.0-255,1484,150547,56,275302
20373,0.002402,172.217.194.0-255,1484,152031,56,275302
20374,0.002444,172.217.194.0-255,4320,156351,56,275302
20375,0.002468,172.217.194.0-255,6438,162789,56,275302
20376,0.002647,172.217.194.0-255,1484,164273,56,275302
20377,0.002666,172.217.194.0-255,2902,167175,56,275302
20378,0.002685,172.217.194.0-255,1484,168659,56,275302
20379,0.002699,172.217.194.0-255,2902,171561,56,275302
20380,0.002711,172.217.194.0-255,1484,173045,56,275302
20381,0.002723,172.217.194.0-255,2902,175947,56,275302
20382,0.002742,172.217.194.0-255,1484,177431,56,275302
20383,0.002746,172.217.194.0-255,2902,180333,56,275302
20384,0.002755,172.217.194.0-255,1484,181817,56,275302
20385,0.002772,172.217.194.0-255,7156,188973,56,275302
20386,0.002791,172.217.194.0-255,1484,190457,56,275302
20387,0.002812,172.217.194.0-255,6438,196895,56,275302
20388,0.003032,172.217.194.0-255,1484,198379,56,275302
20389,0.003052,172.217.194.0-255,2902,201281,56,275302
20390,0.003055,172.217.194.0-255,1484,202765,56,275302
20391,0.003072,172.217.194.0-255,1484,204249,56,275302
20392,0.003093,172.217.194.0-255,1484,205733,56,275302
20393,0.00311,172.217.194.0-255,1484,207217,56,275302
20394,0.003115,172.217.194.0-255,4320,211537,56,275302
20395,0.00313,172.217.194.0-255,1484,213021,56,275302
20396,0.003139,172.217.194.0-255,2902,215923,56,275302
20397,0.003162,172.217.194.0-255,7156,223079,56,275302
20398,0.003184,172.217.194.0-255,2902,225981,56,275302
20399,0.003199,172.217.194.0-255,1484,227465,56,275302
20400,0.003208,172.217.194.0-255,1484,228949,56,275302
20401,0.003279,172.217.194.0-255,4320,233269,56,275302
20402,0.003295,172.217.194.0-255,2902,236171,56,275302
20403,0.003326,172.217.194.0-255,4320,240491,56,275302
20404,0.003342,172.217.194.0-255,7156,247647,56,275302
20405,0.003435,172.217.194.0-255,2902,250549,56,275302
20406,0.003489,172.217.194.0-255,1484,252033,56,275302
20407,0.003582,172.217.194.0-255,2902,254935,56,275302
20408,0.003604,172.217.194.0-255,5020,259955,56,275302
20409,0.003636,172.217.194.0-255,4320,264275,56,275302
20410,0.003652,172.217.194.0-255,7156,271431,56,275302
20411,0.003829,172.217.194.0-255,1484,272915,56,275302
20412,0.003954,172.217.194.0-255,1944,274859,56,275302
20413,0.004068,172.217.194.0-255,105,274964,56,275302
20414,0.005652,172.31.46.0-255,66,275030,56,275302
20415,0.005801,172.31.46.0-255,101,275131,56,275302
20416,0.008158,172.217.194.0-255,66,275197,56,275302
20417,0.008763,172.31.46.0-255,105,275302,56,275302
20418,0.0,74.125.24.0-255,155,155,56,241556
20419,2.6e-05,172.31.46.0-255,66,221,56,241556
20420,3.3e-05,74.125.24.0-255,1484,1705,56,241556
20421,3.8e-05,172.31.46.0-255,66,1771,56,241556
20422,5.2e-05,74.125.24.0-255,2902,4673,56,241556
20423,5.5e-05,172.31.46.0-255,66,4739,56,241556
20424,6.1e-05,74.125.24.0-255,4320,9059,56,241556
20425,6.4e-05,172.31.46.0-255,66,9125,56,241556
20426,8.4e-05,74.125.24.0-255,2902,12027,56,241556
20427,8.7e-05,172.31.46.0-255,66,12093,56,241556
20428,0.000111,74.125.24.0-255,2004,14097,56,241556
20429,0.000114,172.31.46.0-255,66,14163,56,241556
20430,0.00012,74.125.24.0-255,5738,19901,56,241556
20431,0.000123,172.31.46.0-255,66,19967,56,241556
20432,0.000174,74.125.24.0-255,5738,25705,56,241556
20433,0.000177,172.31.46.0-255,66,25771,56,241556
20434,0.000202,74.125.24.0-255,5379,31150,56,241556
20435,0.000204,172.31.46.0-255,66,31216,56,241556
20436,0.000243,74.125.24.0-255,1484,32700,56,241556
20437,0.000246,172.31.46.0-255,66,32766,56,241556
20438,0.000249,74.125.24.0-255,1484,34250,56,241556
20439,0.000251,172.31.46.0-255,66,34316,56,241556
20440,0.000284,74.125.24.0-255,1484,35800,56,241556
20441,0.000287,172.31.46.0-255,66,35866,56,241556
20442,0.000294,74.125.24.0-255,5738,41604,56,241556
20443,0.000296,172.31.46.0-255,66,41670,56,241556
20444,0.000308,172.31.46.0-255,66,41736,56,241556
20445,0.000338,74.125.24.0-255,2543,44279,56,241556
20446,0.00034,172.31.46.0-255,66,44345,56,241556
20447,0.000343,74.125.24.0-255,1484,45829,56,241556
20448,0.000345,172.31.46.0-255,66,45895,56,241556
20449,0.000384,172.31.46.0-255,66,45961,56,241556
20450,0.000534,74.125.24.0-255,346,46307,56,241556
20451,0.000653,74.125.24.0-255,1484,47791,56,241556
20452,0.000658,172.31.46.0-255,66,47857,56,241556
20453,0.000664,74.125.24.0-255,2902,50759,56,241556
20454,0.000666,172.31.46.0-255,66,50825,56,241556
20455,0.000703,74.125.24.0-255,5738,56563,56,241556
20456,0.000705,172.31.46.0-255,66,56629,56,241556
20457,0.000712,74.125.24.0-255,5738,62367,56,241556
20458,0.000715,172.31.46.0-255,66,62433,56,241556
20459,0.000721,74.125.24.0-255,5738,68171,56,241556
20460,0.000724,172.31.46.0-255,66,68237,56,241556
20461,0.000759,172.31.46.0-255,66,68303,56,241556
20462,0.000765,74.125.24.0-255,3961,72264,56,241556
20463,0.000767,172.31.46.0-255,66,72330,56,241556
20464,0.000995,74.125.24.0-255,1484,73814,56,241556
20465,0.001008,74.125.24.0-255,2902,76716,56,241556
20466,0.001011,172.31.46.0-255,66,76782,56,241556
20467,0.001018,74.125.24.0-255,4320,81102,56,241556
20468,0.00102,172.31.46.0-255,66,81168,56,241556
20469,0.001042,74.125.24.0-255,1484,82652,56,241556
20470,0.001045,74.125.24.0-255,1484,84136,56,241556
20471,0.001051,172.31.46.0-255,66,84202,56,241556
20472,0.001092,172.31.46.0-255,66,84268,56,241556
20473,0.0011,74.125.24.0-255,7156,91424,56,241556
20474,0.001103,172.31.46.0-255,66,91490,56,241556
20475,0.001131,74.125.24.0-255,3602,95092,56,241556
20476,0.001134,172.31.46.0-255,66,95158,56,241556
20477,0.001159,74.125.24.0-255,1484,96642,56,241556
20478,0.001163,74.125.24.0-255,1484,98126,56,241556
20479,0.001165,172.31.46.0-255,66,98192,56,241556
20480,0.001177,74.125.24.0-255,1484,99676,56,241556
20481,0.001188,74.125.24.0-255,5738,105414,56,241556
20482,0.00119,172.31.46.0-255,66,105480,56,241556
20483,0.001219,74.125.24.0-255,7156,112636,56,241556
20484,0.001222,172.31.46.0-255,66,112702,56,241556
20485,0.001248,74.125.24.0-255,5738,118440,56,241556
20486,0.001252,172.31.46.0-255,66,118506,56,241556
20487,0.001287,172.31.46.0-255,66,118572,56,241556
20488,0.001342,74.125.24.0-255,1484,120056,56,241556
20489,0.001365,74.125.24.0-255,2902,122958,56,241556
20490,0.001368,172.31.46.0-255,66,123024,56,241556
20491,0.001375,74.125.24.0-255,5738,128762,56,241556
20492,0.001377,172.31.46.0-255,66,128828,56,241556
20493,0.001424,172.31.46.0-255,66,128894,56,241556
20494,0.001436,172.31.46.0-255,66,128960,56,241556
20495,0.001464,74.125.24.0-255,5020,133980,56,241556
20496,0.001466,172.31.46.0-255,66,134046,56,241556
20497,0.001483,172.31.46.0-255,66,134112,56,241556
20498,0.001489,74.125.24.0-255,5738,139850,56,241556
20499,0.001491,172.31.46.0-255,66,139916,56,241556
20500,0.00152,74.125.24.0-255,5738,145654,56,241556
20501,0.001523,172.31.46.0-255,66,145720,56,241556
20502,0.001528,74.125.24.0-255,2184,147904,56,241556
20503,0.00153,172.31.46.0-255,66,147970,56,241556
20504,0.001534,74.125.24.0-255,2902,150872,56,241556
20505,0.001537,172.31.46.0-255,66,150938,56,241556
20506,0.001574,74.125.24.0-255,7156,158094,56,241556
20507,0.001577,172.31.46.0-255,66,158160,56,241556
20508,0.001599,172.31.46.0-255,66,158226,56,241556
20509,0.00161,172.31.46.0-255,66,158292,56,241556
20510,0.001853,74.125.24.0-255,1484,159776,56,241556
20511,0.001859,74.125.24.0-255,2902,162678,56,241556
20512,0.001863,172.31.46.0-255,66,162744,56,241556
20513,0.00187,74.125.24.0-255,5738,168482,56,241556
20514,0.001872,172.31.46.0-255,66,168548,56,241556
20515,0.00191,172.31.46.0-255,66,168614,56,241556
20516,0.00194,74.125.24.0-255,2902,171516,56,241556
20517,0.001943,172.31.46.0-255,66,171582,56,241556
20518,0.001956,172.31.46.0-255,66,171648,56,241556
20519,0.001959,74.125.24.0-255,1484,173132,56,241556
20520,0.001964,74.125.24.0-255,2902,176034,56,241556
20521,0.001966,172.31.46.0-255,66,176100,56,241556
20522,0.001969,74.125.24.0-255,1484,177584,56,241556
20523,0.001994,74.125.24.0-255,4320,181904,56,241556
20524,0.001997,172.31.46.0-255,66,181970,56,241556
20525,0.002003,74.125.24.0-255,5738,187708,56,241556
20526,0.002005,172.31.46.0-255,66,187774,56,241556
20527,0.002039,172.31.46.0-255,66,187840,56,241556
20528,0.002045,74.125.24.0-255,5020,192860,56,241556
20529,0.002047,172.31.46.0-255,66,192926,56,241556
20530,0.002093,74.125.24.0-255,1484,194410,56,241556
20531,0.002136,172.31.46.0-255,66,194476,56,241556
20532,0.002144,172.31.46.0-255,66,194542,56,241556
20533,0.002151,74.125.24.0-255,7156,201698,56,241556
20534,0.002153,172.31.46.0-255,66,201764,56,241556
20535,0.002171,74.125.24.0-255,4320,206084,56,241556
20536,0.002174,172.31.46.0-255,66,206150,56,241556
20537,0.002177,74.125.24.0-255,766,206916,56,241556
20538,0.002203,74.125.24.0-255,1484,208400,56,241556
20539,0.002205,172.31.46.0-255,66,208466,56,241556
20540,0.002214,74.125.24.0-255,4320,212786,56,241556
20541,0.002216,172.31.46.0-255,66,212852,56,241556
20542,0.002221,74.125.24.0-255,2902,215754,56,241556
20543,0.002223,172.31.46.0-255,66,215820,56,241556
20544,0.002261,74.125.24.0-255,7156,222976,56,241556
20545,0.002264,172.31.46.0-255,66,223042,56,241556
20546,0.002278,172.31.46.0-255,66,223108,56,241556
20547,0.002305,74.125.24.0-255,5020,228128,56,241556
20548,0.002307,172.31.46.0-255,66,228194,56,241556
20549,0.002379,74.125.24.0-255,1484,229678,56,241556
20550,0.004641,74.125.24.0-255,4320,233998,56,241556
20551,0.004649,172.31.46.0-255,66,234064,56,241556
20552,0.006996,74.125.24.0-255,5738,239802,56,241556
20553,0.007008,172.31.46.0-255,66,239868,56,241556
20554,0.009335,74.125.24.0-255,1622,241490,56,241556
20555,0.009342,172.31.46.0-255,66,241556,56,241556
20556,0.0,216.58.221.0-255,146,146,56,114831
20557,1.2e-05,172.31.46.0-255,66,212,56,114831
20558,2.7e-05,216.58.221.0-255,1484,1696,56,114831
20559,3.1e-05,172.31.46.0-255,66,1762,56,114831
20560,3.5e-05,216.58.221.0-255,1484,3246,56,114831
20561,3.9e-05,172.31.46.0-255,66,3312,56,114831
20562,4.5e-05,216.58.221.0-255,2902,6214,56,114831
20563,4.8e-05,172.31.46.0-255,66,6280,56,114831
20564,7.9e-05,216.58.221.0-255,5738,12018,56,114831
20565,8.2e-05,172.31.46.0-255,66,12084,56,114831
20566,0.000101,216.58.221.0-255,2084,14168,56,114831
20567,0.000104,172.31.46.0-255,66,14234,56,114831
20568,0.000164,216.58.221.0-255,1484,15718,56,114831
20569,0.000168,172.31.46.0-255,66,15784,56,114831
20570,0.000173,216.58.221.0-255,2902,18686,56,114831
20571,0.000176,172.31.46.0-255,66,18752,56,114831
20572,0.000183,216.58.221.0-255,5738,24490,56,114831
20573,0.000185,172.31.46.0-255,66,24556,56,114831
20574,0.000191,216.58.221.0-255,4320,28876,56,114831
20575,0.000193,172.31.46.0-255,66,28942,56,114831
20576,0.000238,216.58.221.0-255,2543,31485,56,114831
20577,0.000241,172.31.46.0-255,66,31551,56,114831
20578,0.000346,216.58.221.0-255,1484,33035,56,114831
20579,0.00035,172.31.46.0-255,66,33101,56,114831
20580,0.000355,216.58.221.0-255,2902,36003,56,114831
20581,0.000358,172.31.46.0-255,66,36069,56,114831
20582,0.000361,216.58.221.0-255,1484,37553,56,114831
20583,0.000378,172.31.46.0-255,66,37619,56,114831
20584,0.000414,216.58.221.0-255,4320,41939,56,114831
20585,0.000417,172.31.46.0-255,66,42005,56,114831
20586,0.00043,172.31.46.0-255,66,42071,56,114831
20587,0.000442,172.31.46.0-255,66,42137,56,114831
20588,0.000447,216.58.221.0-255,4231,46368,56,114831
20589,0.000449,172.31.46.0-255,66,46434,56,114831
20590,0.001009,216.58.221.0-255,386,46820,56,114831
20591,0.001167,216.58.221.0-255,1484,48304,56,114831
20592,0.001172,172.31.46.0-255,66,48370,56,114831
20593,0.001177,216.58.221.0-255,2902,51272,56,114831
20594,0.00118,172.31.46.0-255,66,51338,56,114831
20595,0.001183,216.58.221.0-255,1484,52822,56,114831
20596,0.001206,216.58.221.0-255,4320,57142,56,114831
20597,0.001209,172.31.46.0-255,66,57208,56,114831
20598,0.001214,216.58.221.0-255,2902,60110,56,114831
20599,0.001216,172.31.46.0-255,66,60176,56,114831
20600,0.001231,216.58.221.0-255,2902,63078,56,114831
20601,0.001234,172.31.46.0-255,66,63144,56,114831
20602,0.001238,216.58.221.0-255,1484,64628,56,114831
20603,0.001266,216.58.221.0-255,5379,70007,56,114831
20604,0.001269,172.31.46.0-255,66,70073,56,114831
20605,0.001322,172.31.46.0-255,66,70139,56,114831
20606,0.001696,216.58.221.0-255,1484,71623,56,114831
20607,0.001704,216.58.221.0-255,1484,73107,56,114831
20608,0.001708,172.31.46.0-255,66,73173,56,114831
20609,0.001714,216.58.221.0-255,2902,76075,56,114831
20610,0.001717,172.31.46.0-255,66,76141,56,114831
20611,0.001724,216.58.221.0-255,5738,81879,56,114831
20612,0.001726,172.31.46.0-255,66,81945,56,114831
20613,0.001762,172.31.46.0-255,66,82011,56,114831
20614,0.001769,216.58.221.0-255,4320,86331,56,114831
20615,0.001771,172.31.46.0-255,66,86397,56,114831
20616,0.001813,216.58.221.0-255,5020,91417,56,114831
20617,0.001815,172.31.46.0-255,66,91483,56,114831
20618,0.003753,216.58.221.0-255,5738,97221,56,114831
20619,0.003763,172.31.46.0-255,66,97287,56,114831
20620,0.005698,216.58.221.0-255,5738,103025,56,114831
20621,0.005705,172.31.46.0-255,66,103091,56,114831
20622,0.007624,216.58.221.0-255,2902,105993,56,114831
20623,0.007628,172.31.46.0-255,66,106059,56,114831
20624,0.007643,216.58.221.0-255,2902,108961,56,114831
20625,0.007645,172.31.46.0-255,66,109027,56,114831
20626,0.009566,216.58.221.0-255,5738,114765,56,114831
20627,0.009575,172.31.46.0-255,66,114831,56,114831
20628,0.0,74.125.68.0-255,153,153,56,105652
20629,2.3e-05,172.31.46.0-255,66,219,56,105652
20630,3e-05,74.125.68.0-255,1484,1703,56,105652
20631,3.5e-05,172.31.46.0-255,66,1769,56,105652
20632,4.7e-05,74.125.68.0-255,2902,4671,56,105652
20633,5e-05,172.31.46.0-255,66,4737,56,105652
20634,5.9e-05,74.125.68.0-255,5738,10475,56,105652
20635,6.3e-05,172.31.46.0-255,66,10541,56,105652
20636,9.1e-05,74.125.68.0-255,3463,14004,56,105652
20637,9.5e-05,172.31.46.0-255,66,14070,56,105652
20638,0.000119,74.125.68.0-255,1484,15554,56,105652
20639,0.000122,172.31.46.0-255,66,15620,56,105652
20640,0.00014,74.125.68.0-255,2902,18522,56,105652
20641,0.000143,172.31.46.0-255,66,18588,56,105652
20642,0.000148,74.125.68.0-255,4320,22908,56,105652
20643,0.000151,172.31.46.0-255,66,22974,56,105652
20644,0.000172,74.125.68.0-255,1484,24458,56,105652
20645,0.000174,172.31.46.0-255,66,24524,56,105652
20646,0.000182,74.125.68.0-255,6797,31321,56,105652
20647,0.000185,172.31.46.0-255,66,31387,56,105652
20648,0.000345,74.125.68.0-255,1484,32871,56,105652
20649,0.00035,172.31.46.0-255,66,32937,56,105652
20650,0.000356,74.125.68.0-255,2902,35839,56,105652
20651,0.000358,172.31.46.0-255,66,35905,56,105652
20652,0.000387,74.125.68.0-255,5738,41643,56,105652
20653,0.00039,172.31.46.0-255,66,41709,56,105652
20654,0.000419,74.125.68.0-255,6797,48506,56,105652
20655,0.000421,172.31.46.0-255,66,48572,56,105652
20656,0.000425,74.125.68.0-255,2902,51474,56,105652
20657,0.000428,172.31.46.0-255,66,51540,56,105652
20658,0.000431,74.125.68.0-255,1484,53024,56,105652
20659,0.000437,172.31.46.0-255,66,53090,56,105652
20660,0.000466,74.125.68.0-255,2902,55992,56,105652
20661,0.000469,172.31.46.0-255,66,56058,56,105652
20662,0.000485,172.31.46.0-255,66,56124,56,105652
20663,0.000488,74.125.68.0-255,1125,57249,56,105652
20664,0.000517,74.125.68.0-255,413,57662,56,105652
20665,0.00081,74.125.68.0-255,330,57992,56,105652
20666,0.000817,172.31.46.0-255,66,58058,56,105652
20667,0.001843,74.125.68.0-255,1484,59542,56,105652
20668,0.001854,74.125.68.0-255,2902,62444,56,105652
20669,0.001859,172.31.46.0-255,66,62510,56,105652
20670,0.001865,74.125.68.0-255,2902,65412,56,105652
20671,0.001867,172.31.46.0-255,66,65478,56,105652
20672,0.001897,74.125.68.0-255,2902,68380,56,105652
20673,0.001899,172.31.46.0-255,66,68446,56,105652
20674,0.001905,74.125.68.0-255,4320,72766,56,105652
20675,0.001907,172.31.46.0-255,66,72832,56,105652
20676,0.001918,74.125.68.0-255,5738,78570,56,105652
20677,0.00192,172.31.46.0-255,66,78636,56,105652
20678,0.001954,172.31.46.0-255,66,78702,56,105652
20679,0.001993,74.125.68.0-255,3602,82304,56,105652
20680,0.001996,172.31.46.0-255,66,82370,56,105652
20681,0.003914,74.125.68.0-255,1484,83854,56,105652
20682,0.003973,74.125.68.0-255,4320,88174,56,105652
20683,0.003976,172.31.46.0-255,66,88240,56,105652
20684,0.005952,74.125.68.0-255,5738,93978,56,105652
20685,0.005957,172.31.46.0-255,66,94044,56,105652
20686,0.007941,74.125.68.0-255,5738,99782,56,105652
20687,0.007948,172.31.46.0-255,66,99848,56,105652
20688,0.00993,74.125.68.0-255,5738,105586,56,105652
20689,0.009937,172.31.46.0-255,66,105652,56,105652
20690,0.0,74.125.130.0-255,149,149,56,118709
20691,2.8e-05,172.31.46.0-255,66,215,56,118709
20692,3.5e-05,74.125.130.0-255,1484,1699,56,118709
20693,3.9e-05,172.31.46.0-255,66,1765,56,118709
20694,4.4e-05,74.125.130.0-255,2902,4667,56,118709
20695,4.6e-05,172.31.46.0-255,66,4733,56,118709
20696,4.9e-05,74.125.130.0-255,1484,6217,56,118709
20697,5.1e-05,172.31.46.0-255,66,6283,56,118709
20698,5.6e-05,74.125.130.0-255,2902,9185,56,118709
20699,5.8e-05,172.31.46.0-255,66,9251,56,118709
20700,0.000104,74.125.130.0-255,4740,13991,56,118709
20701,0.000108,172.31.46.0-255,66,14057,56,118709
20702,0.000994,74.125.130.0-255,1484,15541,56,118709
20703,0.001,172.31.46.0-255,66,15607,56,118709
20704,0.001012,74.125.130.0-255,2902,18509,56,118709
20705,0.001016,172.31.46.0-255,66,18575,56,118709
20706,0.001022,74.125.130.0-255,1484,20059,56,118709
20707,0.001024,172.31.46.0-255,66,20125,56,118709
20708,0.001055,74.125.130.0-255,2902,23027,56,118709
20709,0.001059,172.31.46.0-255,66,23093,56,118709
20710,0.001065,74.125.130.0-255,5738,28831,56,118709
20711,0.001067,172.31.46.0-255,66,28897,56,118709
20712,0.001107,74.125.130.0-255,2543,31440,56,118709
20713,0.001111,172.31.46.0-255,66,31506,56,118709
20714,0.001359,74.125.130.0-255,1484,32990,56,118709
20715,0.001364,172.31.46.0-255,66,33056,56,118709
20716,0.00137,74.125.130.0-255,1484,34540,56,118709
20717,0.001373,172.31.46.0-255,66,34606,56,118709
20718,0.001392,74.125.130.0-255,1484,36090,56,118709
20719,0.001394,172.31.46.0-255,66,36156,56,118709
20720,0.001427,74.125.130.0-255,4320,40476,56,118709
20721,0.001429,172.31.46.0-255,66,40542,56,118709
20722,0.001443,74.125.130.0-255,1484,42026,56,118709
20723,0.001447,74.125.130.0-255,2902,44928,56,118709
20724,0.001449,172.31.46.0-255,66,44994,56,118709
20725,0.001454,74.125.130.0-255,3961,48955,56,118709
20726,0.001456,172.31.46.0-255,66,49021,56,118709
20727,0.001458,74.125.130.0-255,1484,50505,56,118709
20728,0.001481,74.125.130.0-255,5738,56243,56,118709
20729,0.001484,172.31.46.0-255,66,56309,56,118709
20730,0.001502,74.125.130.0-255,1484,57793,56,118709
20731,0.001521,74.125.130.0-255,7156,64949,56,118709
20732,0.001524,172.31.46.0-255,66,65015,56,118709
20733,0.001557,74.125.130.0-255,1415,66430,56,118709
20734,0.001622,74.125.130.0-255,365,66795,56,118709
20735,0.001625,172.31.46.0-255,66,66861,56,118709
20736,0.001931,74.125.130.0-255,1484,68345,56,118709
20737,0.001939,74.125.130.0-255,2902,71247,56,118709
20738,0.001942,172.31.46.0-255,66,71313,56,118709
20739,0.001963,74.125.130.0-255,5738,77051,56,118709
20740,0.001965,172.31.46.0-255,66,77117,56,118709
20741,0.001987,74.125.130.0-255,6797,83914,56,118709
20742,0.00199,172.31.46.0-255,66,83980,56,118709
20743,0.002015,74.125.130.0-255,2902,86882,56,118709
20744,0.002017,172.31.46.0-255,66,86948,56,118709
20745,0.002041,74.125.130.0-255,7156,94104,56,118709
20746,0.002044,172.31.46.0-255,66,94170,56,118709
20747,0.002062,74.125.130.0-255,2902,97072,56,118709
20748,0.002066,172.31.46.0-255,66,97138,56,118709
20749,0.00208,74.125.130.0-255,1484,98622,56,118709
20750,0.002109,74.125.130.0-255,2543,101165,56,118709
20751,0.002112,172.31.46.0-255,66,101231,56,118709
20752,0.002232,74.125.130.0-255,1484,102715,56,118709
20753,0.004318,74.125.130.0-255,4320,107035,56,118709
20754,0.004325,172.31.46.0-255,66,107101,56,118709
20755,0.006548,74.125.130.0-255,5738,112839,56,118709
20756,0.006556,172.31.46.0-255,66,112905,56,118709
20757,0.008779,74.125.130.0-255,5738,118643,56,118709
20758,0.008789,172.31.46.0-255,66,118709,56,118709
20759,0.0,74.125.24.0-255,153,153,56,121905
20760,1.4e-05,172.31.46.0-255,66,219,56,121905
20761,2e-05,74.125.24.0-255,1484,1703,56,121905
20762,2.4e-05,172.31.46.0-255,66,1769,56,121905
20763,3e-05,74.125.24.0-255,2902,4671,56,121905
20764,4.3e-05,172.31.46.0-255,66,4737,56,121905
20765,5e-05,74.125.24.0-255,7156,11893,56,121905
20766,5.3e-05,172.31.46.0-255,66,11959,56,121905
20767,8.8e-05,74.125.24.0-255,1973,13932,56,121905
20768,9.1e-05,172.31.46.0-255,66,13998,56,121905
20769,0.000143,74.125.24.0-255,1484,15482,56,121905
20770,0.000146,172.31.46.0-255,66,15548,56,121905
20771,0.000151,74.125.24.0-255,2902,18450,56,121905
20772,0.000154,172.31.46.0-255,66,18516,56,121905
20773,0.000187,74.125.24.0-255,5738,24254,56,121905
20774,0.00019,172.31.46.0-255,66,24320,56,121905
20775,0.000219,74.125.24.0-255,6797,31117,56,121905
20776,0.000222,172.31.46.0-255,66,31183,56,121905
20777,0.000286,74.125.24.0-255,1484,32667,56,121905
20778,0.00029,172.31.46.0-255,66,32733,56,121905
20779,0.000308,74.125.24.0-255,2902,35635,56,121905
20780,0.000311,172.31.46.0-255,66,35701,56,121905
20781,0.000318,74.125.24.0-255,5738,41439,56,121905
20782,0.000321,172.31.46.0-255,66,41505,56,121905
20783,0.000376,172.31.46.0-255,66,41571,56,121905
20784,0.000481,172.31.46.0-255,66,41637,56,121905
20785,0.000535,74.125.24.0-255,1420,43057,56,121905
20786,0.000539,172.31.46.0-255,66,43123,56,121905
20787,0.00098,74.125.24.0-255,383,43506,56,121905
20788,0.000986,172.31.46.0-255,66,43572,56,121905
20789,0.001159,74.125.24.0-255,1484,45056,56,121905
20790,0.001167,74.125.24.0-255,2902,47958,56,121905
20791,0.001172,172.31.46.0-255,66,48024,56,121905
20792,0.001178,74.125.24.0-255,2902,50926,56,121905
20793,0.00118,172.31.46.0-255,66,50992,56,121905
20794,0.001205,74.125.24.0-255,2902,53894,56,121905
20795,0.001209,172.31.46.0-255,66,53960,56,121905
20796,0.00125,172.31.46.0-255,66,54026,56,121905
20797,0.001327,172.31.46.0-255,66,54092,56,121905
20798,0.001352,74.125.24.0-255,2902,56994,56,121905
20799,0.001354,172.31.46.0-255,66,57060,56,121905
20800,0.001393,74.125.24.0-255,1125,58185,56,121905
20801,0.001717,74.125.24.0-255,1484,59669,56,121905
20802,0.001722,172.31.46.0-255,66,59735,56,121905
20803,0.001727,74.125.24.0-255,2902,62637,56,121905
20804,0.001729,172.31.46.0-255,66,62703,56,121905
20805,0.001731,74.125.24.0-255,1484,64187,56,121905
20806,0.00176,74.125.24.0-255,4320,68507,56,121905
20807,0.001763,172.31.46.0-255,66,68573,56,121905
20808,0.00179,74.125.24.0-255,7156,75729,56,121905
20809,0.001793,172.31.46.0-255,66,75795,56,121905
20810,0.001821,74.125.24.0-255,5738,81533,56,121905
20811,0.001825,172.31.46.0-255,66,81599,56,121905
20812,0.001888,74.125.24.0-255,4320,85919,56,121905
20813,0.001891,172.31.46.0-255,66,85985,56,121905
20814,0.001917,74.125.24.0-255,4320,90305,56,121905
20815,0.00192,172.31.46.0-255,66,90371,56,121905
20816,0.001936,74.125.24.0-255,2184,92555,56,121905
20817,0.001938,172.31.46.0-255,66,92621,56,121905
20818,0.001976,172.31.46.0-255,66,92687,56,121905
20819,0.002069,74.125.24.0-255,4320,97007,56,121905
20820,0.002073,172.31.46.0-255,66,97073,56,121905
20821,0.002099,74.125.24.0-255,2902,99975,56,121905
20822,0.002102,172.31.46.0-255,66,100041,56,121905
20823,0.00213,74.125.24.0-255,4320,104361,56,121905
20824,0.002133,172.31.46.0-255,66,104427,56,121905
20825,0.002164,172.31.46.0-255,66,104493,56,121905
20826,0.004216,74.125.24.0-255,5738,110231,56,121905
20827,0.004223,172.31.46.0-255,66,110297,56,121905
20828,0.006245,74.125.24.0-255,5738,116035,56,121905
20829,0.006253,172.31.46.0-255,66,116101,56,121905
20830,0.008306,74.125.24.0-255,5738,121839,56,121905
20831,0.008313,172.31.46.0-255,66,121905,56,121905
20832,0.0,172.217.194.0-255,150,150,56,183160
20833,2.5e-05,172.31.46.0-255,66,216,56,183160
20834,3.3e-05,172.217.194.0-255,1484,1700,56,183160
20835,3.7e-05,172.31.46.0-255,66,1766,56,183160
20836,5e-05,172.217.194.0-255,2902,4668,56,183160
20837,5.3e-05,172.31.46.0-255,66,4734,56,183160
20838,6.1e-05,172.217.194.0-255,5738,10472,56,183160
20839,6.5e-05,172.31.46.0-255,66,10538,56,183160
20840,9.4e-05,172.217.194.0-255,3554,14092,56,183160
20841,9.7e-05,172.31.46.0-255,66,14158,56,183160
20842,0.000125,172.217.194.0-255,4320,18478,56,183160
20843,0.000128,172.31.46.0-255,66,18544,56,183160
20844,0.00014,172.31.46.0-255,66,18610,56,183160
20845,0.000145,172.217.194.0-255,2543,21153,56,183160
20846,0.000147,172.31.46.0-255,66,21219,56,183160
20847,0.000219,172.217.194.0-255,1484,22703,56,183160
20848,0.000224,172.31.46.0-255,66,22769,56,183160
20849,0.000229,172.217.194.0-255,2902,25671,56,183160
20850,0.000231,172.31.46.0-255,66,25737,56,183160
20851,0.000243,172.217.194.0-255,5738,31475,56,183160
20852,0.000245,172.31.46.0-255,66,31541,56,183160
20853,0.000304,172.31.46.0-255,66,31607,56,183160
20854,0.000331,172.217.194.0-255,2543,34150,56,183160
20855,0.000334,172.31.46.0-255,66,34216,56,183160
20856,0.00035,172.31.46.0-255,66,34282,56,183160
20857,0.000354,172.217.194.0-255,1403,35685,56,183160
20858,0.000356,172.31.46.0-255,66,35751,56,183160
20859,0.000379,172.217.194.0-255,119,35870,56,183160
20860,0.000381,172.31.46.0-255,66,35936,56,183160
20861,0.000431,172.217.194.0-255,378,36314,56,183160
20862,0.000689,172.217.194.0-255,1484,37798,56,183160
20863,0.000696,172.31.46.0-255,66,37864,56,183160
20864,0.000702,172.217.194.0-255,2902,40766,56,183160
20865,0.000705,172.31.46.0-255,66,40832,56,183160
20866,0.000716,172.217.194.0-255,5738,46570,56,183160
20867,0.000718,172.31.46.0-255,66,46636,56,183160
20868,0.000722,172.217.194.0-255,1484,48120,56,183160
20869,0.000743,172.31.46.0-255,66,48186,56,183160
20870,0.000772,172.217.194.0-255,2902,51088,56,183160
20871,0.000774,172.31.46.0-255,66,51154,56,183160
20872,0.000792,172.31.46.0-255,66,51220,56,183160
20873,0.001013,172.217.194.0-255,1484,52704,56,183160
20874,0.001021,172.217.194.0-255,2902,55606,56,183160
20875,0.001026,172.31.46.0-255,66,55672,56,183160
20876,0.001033,172.217.194.0-255,5738,61410,56,183160
20877,0.001036,172.31.46.0-255,66,61476,56,183160
20878,0.001078,172.31.46.0-255,66,61542,56,183160
20879,0.001096,172.31.46.0-255,66,61608,56,183160
20880,0.00125,172.217.194.0-255,1484,63092,56,183160
20881,0.001256,172.217.194.0-255,2902,65994,56,183160
20882,0.00126,172.31.46.0-255,66,66060,56,183160
20883,0.001267,172.217.194.0-255,5738,71798,56,183160
20884,0.00127,172.31.46.0-255,66,71864,56,183160
20885,0.001311,172.31.46.0-255,66,71930,56,183160
20886,0.001314,172.217.194.0-255,1484,73414,56,183160
20887,0.001352,172.31.46.0-255,66,73480,56,183160
20888,0.001377,172.217.194.0-255,1484,74964,56,183160
20889,0.001382,172.217.194.0-255,2902,77866,56,183160
20890,0.001385,172.31.46.0-255,66,77932,56,183160
20891,0.001389,172.217.194.0-255,1484,79416,56,183160
20892,0.00141,172.217.194.0-255,4320,83736,56,183160
20893,0.001413,172.31.46.0-255,66,83802,56,183160
20894,0.001428,172.31.46.0-255,66,83868,56,183160
20895,0.001439,172.31.46.0-255,66,83934,56,183160
20896,0.001462,172.217.194.0-255,766,84700,56,183160
20897,0.001565,172.217.194.0-255,1484,86184,56,183160
20898,0.00157,172.31.46.0-255,66,86250,56,183160
20899,0.001576,172.217.194.0-255,2902,89152,56,183160
20900,0.001578,172.31.46.0-255,66,89218,56,183160
20901,0.001583,172.217.194.0-255,2902,92120,56,183160
20902,0.001591,172.31.46.0-255,66,92186,56,183160
20903,0.001618,172.217.194.0-255,2902,95088,56,183160
20904,0.001621,172.31.46.0-255,66,95154,56,183160
20905,0.001634,172.31.46.0-255,66,95220,56,183160
20906,0.001668,172.31.46.0-255,66,95286,56,183160
20907,0.001733,172.217.194.0-255,7156,102442,56,183160
20908,0.001736,172.31.46.0-255,66,102508,56,183160
20909,0.001784,172.217.194.0-255,7156,109664,56,183160
20910,0.001787,172.31.46.0-255,66,109730,56,183160
20911,0.00181,172.217.194.0-255,1484,111214,56,183160
20912,0.001835,172.31.46.0-255,66,111280,56,183160
20913,0.001838,172.217.194.0-255,766,112046,56,183160
20914,0.002033,172.217.194.0-255,1484,113530,56,183160
20915,0.002039,172.31.46.0-255,66,113596,56,183160
20916,0.002044,172.217.194.0-255,2902,116498,56,183160
20917,0.002046,172.31.46.0-255,66,116564,56,183160
20918,0.002055,172.217.194.0-255,5738,122302,56,183160
20919,0.002119,172.217.194.0-255,766,123068,56,183160
20920,0.00215,172.217.194.0-255,1484,124552,56,183160
20921,0.002173,172.217.194.0-255,4320,128872,56,183160
20922,0.002177,172.217.194.0-255,1484,130356,56,183160
20923,0.002191,172.217.194.0-255,7156,137512,56,183160
20924,0.002205,172.217.194.0-255,1484,138996,56,183160
20925,0.002247,172.217.194.0-255,6438,145434,56,183160
20926,0.002277,172.217.194.0-255,5738,151172,56,183160
20927,0.002287,172.217.194.0-255,1484,152656,56,183160
20928,0.00229,172.217.194.0-255,1484,154140,56,183160
20929,0.002332,172.217.194.0-255,1484,155624,56,183160
20930,0.00236,172.217.194.0-255,7156,162780,56,183160
20931,0.002374,172.217.194.0-255,2902,165682,56,183160
20932,0.002616,172.31.46.0-255,66,165748,56,183160
20933,0.004943,172.217.194.0-255,5738,171486,56,183160
20934,0.004948,172.31.46.0-255,66,171552,56,183160
20935,0.007318,172.217.194.0-255,5738,177290,56,183160
20936,0.007324,172.31.46.0-255,66,177356,56,183160
20937,0.009664,172.217.194.0-255,5738,183094,56,183160
20938,0.00967,172.31.46.0-255,66,183160,56,183160
20939,0.0,74.125.24.0-255,146,146,56,114692
20940,2.7e-05,172.31.46.0-255,66,212,56,114692
20941,3.4e-05,74.125.24.0-255,1484,1696,56,114692
20942,3.9e-05,172.31.46.0-255,66,1762,56,114692
20943,6.7e-05,74.125.24.0-255,2902,4664,56,114692
20944,7e-05,172.31.46.0-255,66,4730,56,114692
20945,7.3e-05,74.125.24.0-255,1484,6214,56,114692
20946,7.5e-05,172.31.46.0-255,66,6280,56,114692
20947,8.5e-05,74.125.24.0-255,2902,9182,56,114692
20948,8.9e-05,172.31.46.0-255,66,9248,56,114692
20949,9.7e-05,74.125.24.0-255,6294,15542,56,114692
20950,0.0001,172.31.46.0-255,66,15608,56,114692
20951,0.000112,172.31.46.0-255,66,15674,56,114692
20952,0.000117,74.125.24.0-255,4320,19994,56,114692
20953,0.000121,172.31.46.0-255,66,20060,56,114692
20954,0.000169,172.31.46.0-255,66,20126,56,114692
20955,0.000176,74.125.24.0-255,6438,26564,56,114692
20956,0.000179,172.31.46.0-255,66,26630,56,114692
20957,0.000215,172.31.46.0-255,66,26696,56,114692
20958,0.000242,74.125.24.0-255,5657,32353,56,114692
20959,0.000245,172.31.46.0-255,66,32419,56,114692
20960,0.000464,74.125.24.0-255,131,32550,56,114692
20961,0.00047,172.31.46.0-255,66,32616,56,114692
20962,0.000638,74.125.24.0-255,1484,34100,56,114692
20963,0.000644,172.31.46.0-255,66,34166,56,114692
20964,0.00065,74.125.24.0-255,2902,37068,56,114692
20965,0.000652,172.31.46.0-255,66,37134,56,114692
20966,0.000663,74.125.24.0-255,5738,42872,56,114692
20967,0.000666,172.31.46.0-255,66,42938,56,114692
20968,0.000678,172.31.46.0-255,66,43004,56,114692
20969,0.000711,74.125.24.0-255,2902,45906,56,114692
20970,0.000713,172.31.46.0-255,66,45972,56,114692
20971,0.000731,172.31.46.0-255,66,46038,56,114692
20972,0.000787,74.125.24.0-255,1484,47522,56,114692
20973,0.000794,74.125.24.0-255,2902,50424,56,114692
20974,0.000797,172.31.46.0-255,66,50490,56,114692
20975,0.000833,74.125.24.0-255,5738,56228,56,114692
20976,0.000837,172.31.46.0-255,66,56294,56,114692
20977,0.000843,74.125.24.0-255,5738,62032,56,114692
20978,0.000846,172.31.46.0-255,66,62098,56,114692
20979,0.00088,74.125.24.0-255,7156,69254,56,114692
20980,0.00093,172.31.46.0-255,66,69320,56,114692
20981,0.000934,172.31.46.0-255,66,69386,56,114692
20982,0.001021,74.125.24.0-255,1484,70870,56,114692
20983,0.001027,74.125.24.0-255,2902,73772,56,114692
20984,0.00103,172.31.46.0-255,66,73838,56,114692
20985,0.001036,74.125.24.0-255,2902,76740,56,114692
20986,0.001038,172.31.46.0-255,66,76806,56,114692
20987,0.001061,74.125.24.0-255,2902,79708,56,114692
20988,0.001063,172.31.46.0-255,66,79774,56,114692
20989,0.00107,74.125.24.0-255,5738,85512,56,114692
20990,0.001076,172.31.46.0-255,66,85578,56,114692
20991,0.001091,172.31.46.0-255,66,85644,56,114692
20992,0.001095,74.125.24.0-255,2902,88546,56,114692
20993,0.001097,172.31.46.0-255,66,88612,56,114692
20994,0.001169,74.125.24.0-255,2184,90796,56,114692
20995,0.001173,172.31.46.0-255,66,90862,56,114692
20996,0.001212,74.125.24.0-255,1484,92346,56,114692
20997,0.001218,74.125.24.0-255,2902,95248,56,114692
20998,0.001221,172.31.46.0-255,66,95314,56,114692
20999,0.001224,74.125.24.0-255,1484,96798,56,114692
21000,0.001252,74.125.24.0-255,4320,101118,56,114692
21001,0.001255,172.31.46.0-255,66,101184,56,114692
21002,0.00127,172.31.46.0-255,66,101250,56,114692
21003,0.001316,172.31.46.0-255,66,101316,56,114692
21004,0.001345,74.125.24.0-255,2184,103500,56,114692
21005,0.001347,172.31.46.0-255,66,103566,56,114692
21006,0.001354,74.125.24.0-255,5738,109304,56,114692
21007,0.001356,172.31.46.0-255,66,109370,56,114692
21008,0.001412,172.31.46.0-255,66,109436,56,114692
21009,0.001417,74.125.24.0-255,4320,113756,56,114692
21010,0.00142,172.31.46.0-255,66,113822,56,114692
21011,0.001467,172.31.46.0-255,66,113888,56,114692
21012,0.00149,172.31.46.0-255,66,113954,56,114692
21013,0.001501,172.31.46.0-255,66,114020,56,114692
21014,0.001593,172.31.46.0-255,66,114086,56,114692
21015,0.001632,172.31.46.0-255,66,114152,56,114692
21016,0.001663,172.31.46.0-255,66,114218,56,114692
21017,0.001689,172.31.46.0-255,66,114284,56,114692
21018,0.001705,172.31.46.0-255,66,114350,56,114692
21019,0.001741,172.31.46.0-255,66,114416,56,114692
21020,0.001745,74.125.24.0-255,105,114521,56,114692
21021,0.008207,172.31.46.0-255,66,114587,56,114692
21022,0.008256,172.31.46.0-255,105,114692,56,114692
21023,0.0,74.125.24.0-255,153,153,56,262323
21024,2.4e-05,172.31.46.0-255,66,219,56,262323
21025,3.1e-05,74.125.24.0-255,1484,1703,56,262323
21026,3.5e-05,172.31.46.0-255,66,1769,56,262323
21027,4e-05,74.125.24.0-255,2902,4671,56,262323
21028,4.5e-05,172.31.46.0-255,66,4737,56,262323
21029,5.2e-05,74.125.24.0-255,7156,11893,56,262323
21030,5.6e-05,172.31.46.0-255,66,11959,56,262323
21031,6e-05,74.125.24.0-255,2003,13962,56,262323
21032,6.3e-05,172.31.46.0-255,66,14028,56,262323
21033,0.000314,74.125.24.0-255,1484,15512,56,262323
21034,0.00032,172.31.46.0-255,66,15578,56,262323
21035,0.000354,74.125.24.0-255,2902,18480,56,262323
21036,0.000357,172.31.46.0-255,66,18546,56,262323
21037,0.000362,74.125.24.0-255,2902,21448,56,262323
21038,0.000365,172.31.46.0-255,66,21514,56,262323
21039,0.000385,74.125.24.0-255,2902,24416,56,262323
21040,0.000387,172.31.46.0-255,66,24482,56,262323
21041,0.000393,74.125.24.0-255,4320,28802,56,262323
21042,0.000396,172.31.46.0-255,66,28868,56,262323
21043,0.000434,74.125.24.0-255,4320,33188,56,262323
21044,0.000437,172.31.46.0-255,66,33254,56,262323
21045,0.000458,74.125.24.0-255,3961,37215,56,262323
21046,0.00046,172.31.46.0-255,66,37281,56,262323
21047,0.000471,172.31.46.0-255,66,37347,56,262323
21048,0.00049,74.125.24.0-255,2543,39890,56,262323
21049,0.000493,172.31.46.0-255,66,39956,56,262323
21050,0.001154,74.125.24.0-255,1484,41440,56,262323
21051,0.00116,172.31.46.0-255,66,41506,56,262323
21052,0.00117,74.125.24.0-255,2902,44408,56,262323
21053,0.001172,172.31.46.0-255,66,44474,56,262323
21054,0.001179,74.125.24.0-255,5738,50212,56,262323
21055,0.001182,172.31.46.0-255,66,50278,56,262323
21056,0.001225,74.125.24.0-255,6797,57075,56,262323
21057,0.001228,172.31.46.0-255,66,57141,56,262323
21058,0.001235,74.125.24.0-255,4320,61461,56,262323
21059,0.001237,172.31.46.0-255,66,61527,56,262323
21060,0.00126,172.31.46.0-255,66,61593,56,262323
21061,0.001277,74.125.24.0-255,1484,63077,56,262323
21062,0.001283,74.125.24.0-255,3123,66200,56,262323
21063,0.001285,172.31.46.0-255,66,66266,56,262323
21064,0.001322,172.31.46.0-255,66,66332,56,262323
21065,0.001341,74.125.24.0-255,1484,67816,56,262323
21066,0.001365,74.125.24.0-255,3961,71777,56,262323
21067,0.00137,172.31.46.0-255,66,71843,56,262323
21068,0.00492,74.125.24.0-255,1484,73327,56,262323
21069,0.00493,74.125.24.0-255,2902,76229,56,262323
21070,0.004936,172.31.46.0-255,66,76295,56,262323
21071,0.004944,74.125.24.0-255,5738,82033,56,262323
21072,0.004948,172.31.46.0-255,66,82099,56,262323
21073,0.004953,74.125.24.0-255,4320,86419,56,262323
21074,0.004956,172.31.46.0-255,66,86485,56,262323
21075,0.004999,172.31.46.0-255,66,86551,56,262323
21076,0.005006,74.125.24.0-255,7156,93707,56,262323
21077,0.005008,172.31.46.0-255,66,93773,56,262323
21078,0.005062,74.125.24.0-255,3602,97375,56,262323
21079,0.005065,172.31.46.0-255,66,97441,56,262323
21080,0.00507,74.125.24.0-255,4320,101761,56,262323
21081,0.005073,172.31.46.0-255,66,101827,56,262323
21082,0.005086,172.31.46.0-255,66,101893,56,262323
21083,0.005094,74.125.24.0-255,7156,109049,56,262323
21084,0.005098,172.31.46.0-255,66,109115,56,262323
21085,0.005118,74.125.24.0-255,1484,110599,56,262323
21086,0.005155,172.31.46.0-255,66,110665,56,262323
21087,0.005868,74.125.24.0-255,1484,112149,56,262323
21088,0.005875,74.125.24.0-255,2902,115051,56,262323
21089,0.00588,172.31.46.0-255,66,115117,56,262323
21090,0.005886,74.125.24.0-255,2902,118019,56,262323
21091,0.005889,172.31.46.0-255,66,118085,56,262323
21092,0.005908,74.125.24.0-255,7156,125241,56,262323
21093,0.005911,172.31.46.0-255,66,125307,56,262323
21094,0.005946,74.125.24.0-255,4320,129627,56,262323
21095,0.005949,172.31.46.0-255,66,129693,56,262323
21096,0.005974,74.125.24.0-255,7156,136849,56,262323
21097,0.005978,172.31.46.0-255,66,136915,56,262323
21098,0.005997,74.125.24.0-255,5738,142653,56,262323
21099,0.005999,172.31.46.0-255,66,142719,56,262323
21100,0.006018,74.125.24.0-255,2184,144903,56,262323
21101,0.00602,172.31.46.0-255,66,144969,56,262323
21102,0.008143,74.125.24.0-255,1484,146453,56,262323
21103,0.008153,74.125.24.0-255,2902,149355,56,262323
21104,0.008157,172.31.46.0-255,66,149421,56,262323
21105,0.008179,74.125.24.0-255,5738,155159,56,262323
21106,0.008182,172.31.46.0-255,66,155225,56,262323
21107,0.008214,74.125.24.0-255,5738,160963,56,262323
21108,0.008217,172.31.46.0-255,66,161029,56,262323
21109,0.008263,172.31.46.0-255,66,161095,56,262323
21110,0.008269,74.125.24.0-255,5020,166115,56,262323
21111,0.008271,172.31.46.0-255,66,166181,56,262323
21112,0.008368,74.125.24.0-255,1484,167665,56,262323
21113,0.008383,74.125.24.0-255,2902,170567,56,262323
21114,0.008386,172.31.46.0-255,66,170633,56,262323
21115,0.008411,74.125.24.0-255,4320,174953,56,262323
21116,0.008413,172.31.46.0-255,66,175019,56,262323
21117,0.008416,74.125.24.0-255,1484,176503,56,262323
21118,0.008439,74.125.24.0-255,7156,183659,56,262323
21119,0.008442,172.31.46.0-255,66,183725,56,262323
21120,0.008448,74.125.24.0-255,5738,189463,56,262323
21121,0.00845,172.31.46.0-255,66,189529,56,262323
21122,0.008481,74.125.24.0-255,7156,196685,56,262323
21123,0.008483,172.31.46.0-255,66,196751,56,262323
21124,0.00851,74.125.24.0-255,5020,201771,56,262323
21125,0.008512,172.31.46.0-255,66,201837,56,262323
21126,0.008518,74.125.24.0-255,5738,207575,56,262323
21127,0.00852,172.31.46.0-255,66,207641,56,262323
21128,0.008575,172.31.46.0-255,66,207707,56,262323
21129,0.008581,74.125.24.0-255,4320,212027,56,262323
21130,0.008583,172.31.46.0-255,66,212093,56,262323
21131,0.008608,172.31.46.0-255,66,212159,56,262323
21132,0.008613,74.125.24.0-255,2184,214343,56,262323
21133,0.008615,172.31.46.0-255,66,214409,56,262323
21134,0.008651,74.125.24.0-255,2902,217311,56,262323
21135,0.008654,172.31.46.0-255,66,217377,56,262323
21136,0.008678,74.125.24.0-255,4320,221697,56,262323
21137,0.008681,172.31.46.0-255,66,221763,56,262323
21138,0.008692,172.31.46.0-255,66,221829,56,262323
21139,0.008745,172.31.46.0-255,66,221895,56,262323
21140,0.008755,172.31.46.0-255,66,221961,56,262323
21141,0.008758,74.125.24.0-255,1484,223445,56,262323
21142,0.008785,74.125.24.0-255,2902,226347,56,262323
21143,0.008788,172.31.46.0-255,66,226413,56,262323
21144,0.008795,74.125.24.0-255,5738,232151,56,262323
21145,0.008797,172.31.46.0-255,66,232217,56,262323
21146,0.008825,172.31.46.0-255,66,232283,56,262323
21147,0.008851,74.125.24.0-255,4320,236603,56,262323
21148,0.008853,172.31.46.0-255,66,236669,56,262323
21149,0.008881,172.31.46.0-255,66,236735,56,262323
21150,0.008887,74.125.24.0-255,5738,242473,56,262323
21151,0.00889,172.31.46.0-255,66,242539,56,262323
21152,0.008926,172.31.46.0-255,66,242605,56,262323
21153,0.008932,74.125.24.0-255,5738,248343,56,262323
21154,0.008934,172.31.46.0-255,66,248409,56,262323
21155,0.008995,172.31.46.0-255,66,248475,56,262323
21156,0.009708,74.125.24.0-255,1484,249959,56,262323
21157,0.009716,74.125.24.0-255,2902,252861,56,262323
21158,0.00972,172.31.46.0-255,66,252927,56,262323
21159,0.009739,74.125.24.0-255,1484,254411,56,262323
21160,0.009759,74.125.24.0-255,4320,258731,56,262323
21161,0.009762,172.31.46.0-255,66,258797,56,262323
21162,0.009768,74.125.24.0-255,3355,262152,56,262323
21163,0.00977,172.31.46.0-255,66,262218,56,262323
21164,0.009843,74.125.24.0-255,105,262323,56,262323
21165,0.0,172.217.194.0-255,153,153,56,236604
21166,2e-05,172.31.46.0-255,66,219,56,236604
21167,2.7e-05,172.217.194.0-255,1484,1703,56,236604
21168,3.2e-05,172.31.46.0-255,66,1769,56,236604
21169,3.5e-05,172.217.194.0-255,1484,3253,56,236604
21170,4.6e-05,172.31.46.0-255,66,3319,56,236604
21171,5.4e-05,172.217.194.0-255,4320,7639,56,236604
21172,5.7e-05,172.31.46.0-255,66,7705,56,236604
21173,0.000106,172.31.46.0-255,66,7771,56,236604
21174,0.00012,172.31.46.0-255,66,7837,56,236604
21175,0.000123,172.217.194.0-255,1125,8962,56,236604
21176,0.000126,172.31.46.0-255,66,9028,56,236604
21177,0.000225,172.217.194.0-255,1484,10512,56,236604
21178,0.000228,172.31.46.0-255,66,10578,56,236604
21179,0.000234,172.217.194.0-255,2902,13480,56,236604
21180,0.000237,172.31.46.0-255,66,13546,56,236604
21181,0.00024,172.217.194.0-255,1484,15030,56,236604
21182,0.000242,172.31.46.0-255,66,15096,56,236604
21183,0.000277,172.217.194.0-255,4320,19416,56,236604
21184,0.00028,172.31.46.0-255,66,19482,56,236604
21185,0.000317,172.217.194.0-255,5738,25220,56,236604
21186,0.00032,172.31.46.0-255,66,25286,56,236604
21187,0.000334,172.217.194.0-255,2543,27829,56,236604
21188,0.00034,172.31.46.0-255,66,27895,56,236604
21189,0.000352,172.31.46.0-255,66,27961,56,236604
21190,0.000359,172.217.194.0-255,7086,35047,56,236604
21191,0.000362,172.31.46.0-255,66,35113,56,236604
21192,0.000418,172.217.194.0-255,365,35478,56,236604
21193,0.000421,172.31.46.0-255,66,35544,56,236604
21194,0.000527,172.217.194.0-255,1484,37028,56,236604
21195,0.000548,172.217.194.0-255,2902,39930,56,236604
21196,0.000552,172.31.46.0-255,66,39996,56,236604
21197,0.000559,172.217.194.0-255,5738,45734,56,236604
21198,0.000562,172.31.46.0-255,66,45800,56,236604
21199,0.000588,172.217.194.0-255,4320,50120,56,236604
21200,0.000591,172.31.46.0-255,66,50186,56,236604
21201,0.000624,172.217.194.0-255,2543,52729,56,236604
21202,0.000627,172.31.46.0-255,66,52795,56,236604
21203,0.000634,172.217.194.0-255,7156,59951,56,236604
21204,0.000637,172.31.46.0-255,66,60017,56,236604
21205,0.000655,172.31.46.0-255,66,60083,56,236604
21206,0.00091,172.217.194.0-255,1484,61567,56,236604
21207,0.000916,172.217.194.0-255,2902,64469,56,236604
21208,0.00092,172.31.46.0-255,66,64535,56,236604
21209,0.000924,172.217.194.0-255,1484,66019,56,236604
21210,0.00095,172.217.194.0-255,2902,68921,56,236604
21211,0.000953,172.31.46.0-255,66,68987,56,236604
21212,0.000964,172.31.46.0-255,66,69053,56,236604
21213,0.000985,172.217.194.0-255,2902,71955,56,236604
21214,0.000987,172.31.46.0-255,66,72021,56,236604
21215,0.00103,172.31.46.0-255,66,72087,56,236604
21216,0.001036,172.217.194.0-255,3602,75689,56,236604
21217,0.001038,172.31.46.0-255,66,75755,56,236604
21218,0.001068,172.217.194.0-255,4320,80075,56,236604
21219,0.001071,172.31.46.0-255,66,80141,56,236604
21220,0.001095,172.217.194.0-255,5738,85879,56,236604
21221,0.001098,172.31.46.0-255,66,85945,56,236604
21222,0.001127,172.217.194.0-255,7156,93101,56,236604
21223,0.00113,172.31.46.0-255,66,93167,56,236604
21224,0.00117,172.31.46.0-255,66,93233,56,236604
21225,0.001197,172.217.194.0-255,2184,95417,56,236604
21226,0.0012,172.31.46.0-255,66,95483,56,236604
21227,0.001205,172.217.194.0-255,2902,98385,56,236604
21228,0.001207,172.31.46.0-255,66,98451,56,236604
21229,0.001244,172.217.194.0-255,7156,105607,56,236604
21230,0.001247,172.31.46.0-255,66,105673,56,236604
21231,0.001254,172.217.194.0-255,4320,109993,56,236604
21232,0.001257,172.31.46.0-255,66,110059,56,236604
21233,0.001296,172.31.46.0-255,66,110125,56,236604
21234,0.001303,172.217.194.0-255,6438,116563,56,236604
21235,0.001305,172.31.46.0-255,66,116629,56,236604
21236,0.001362,172.217.194.0-255,1484,118113,56,236604
21237,0.001379,172.217.194.0-255,2902,121015,56,236604
21238,0.001382,172.31.46.0-255,66,121081,56,236604
21239,0.001388,172.217.194.0-255,5738,126819,56,236604
21240,0.001391,172.31.46.0-255,66,126885,56,236604
21241,0.00142,172.217.194.0-255,7156,134041,56,236604
21242,0.001423,172.31.46.0-255,66,134107,56,236604
21243,0.001452,172.217.194.0-255,5738,139845,56,236604
21244,0.001455,172.31.46.0-255,66,139911,56,236604
21245,0.001496,172.217.194.0-255,4320,144231,56,236604
21246,0.001499,172.31.46.0-255,66,144297,56,236604
21247,0.001536,172.217.194.0-255,6438,150735,56,236604
21248,0.001541,172.31.46.0-255,66,150801,56,236604
21249,0.001543,172.217.194.0-255,1484,152285,56,236604
21250,0.001548,172.217.194.0-255,2902,155187,56,236604
21251,0.00155,172.31.46.0-255,66,155253,56,236604
21252,0.001556,172.217.194.0-255,5738,160991,56,236604
21253,0.001559,172.31.46.0-255,66,161057,56,236604
21254,0.001579,172.31.46.0-255,66,161123,56,236604
21255,0.001592,172.31.46.0-255,66,161189,56,236604
21256,0.001617,172.217.194.0-255,1484,162673,56,236604
21257,0.00164,172.217.194.0-255,2902,165575,56,236604
21258,0.001643,172.31.46.0-255,66,165641,56,236604
21259,0.001646,172.217.194.0-255,1484,167125,56,236604
21260,0.001684,172.217.194.0-255,4320,171445,56,236604
21261,0.00169,172.217.194.0-255,4320,175765,56,236604
21262,0.001695,172.31.46.0-255,66,175831,56,236604
21263,0.001714,172.217.194.0-255,5738,181569,56,236604
21264,0.00172,172.31.46.0-255,66,181635,56,236604
21265,0.001744,172.217.194.0-255,5020,186655,56,236604
21266,0.001773,172.31.46.0-255,66,186721,56,236604
21267,0.0018,172.217.194.0-255,1484,188205,56,236604
21268,0.001804,172.31.46.0-255,66,188271,56,236604
21269,0.001829,172.217.194.0-255,6438,194709,56,236604
21270,0.001852,172.31.46.0-255,66,194775,56,236604
21271,0.001867,172.217.194.0-255,7156,201931,56,236604
21272,0.001941,172.217.194.0-255,6438,208369,56,236604
21273,0.00195,172.217.194.0-255,7156,215525,56,236604
21274,0.001957,172.217.194.0-255,7156,222681,56,236604
21275,0.002068,172.217.194.0-255,7156,229837,56,236604
21276,0.002087,172.217.194.0-255,6495,236332,56,236604
21277,0.00209,172.217.194.0-255,105,236437,56,236604
21278,0.006368,172.31.46.0-255,66,236503,56,236604
21279,0.008537,172.31.46.0-255,101,236604,56,236604
21280,0.0,74.125.200.0-255,294,294,56,102479
21281,2.6e-05,172.31.46.0-255,66,360,56,102479
21282,3.3e-05,74.125.200.0-255,1484,1844,56,102479
21283,3.7e-05,172.31.46.0-255,66,1910,56,102479
21284,4.3e-05,74.125.200.0-255,2902,4812,56,102479
21285,5.4e-05,172.31.46.0-255,66,4878,56,102479
21286,6e-05,74.125.200.0-255,5738,10616,56,102479
21287,6.5e-05,172.31.46.0-255,66,10682,56,102479
21288,7e-05,74.125.200.0-255,2902,13584,56,102479
21289,7.3e-05,172.31.46.0-255,66,13650,56,102479
21290,0.000109,74.125.200.0-255,3332,16982,56,102479
21291,0.000112,172.31.46.0-255,66,17048,56,102479
21292,0.00012,74.125.200.0-255,7156,24204,56,102479
21293,0.000123,172.31.46.0-255,66,24270,56,102479
21294,0.000135,74.125.200.0-255,6797,31067,56,102479
21295,0.000138,172.31.46.0-255,66,31133,56,102479
21296,0.000573,74.125.200.0-255,1484,32617,56,102479
21297,0.000585,172.31.46.0-255,66,32683,56,102479
21298,0.000591,74.125.200.0-255,2902,35585,56,102479
21299,0.000593,172.31.46.0-255,66,35651,56,102479
21300,0.000613,74.125.200.0-255,5738,41389,56,102479
21301,0.00062,172.31.46.0-255,66,41455,56,102479
21302,0.000624,74.125.200.0-255,4320,45775,56,102479
21303,0.000626,172.31.46.0-255,66,45841,56,102479
21304,0.000675,74.125.200.0-255,5379,51220,56,102479
21305,0.000678,172.31.46.0-255,66,51286,56,102479
21306,0.000684,74.125.200.0-255,4320,55606,56,102479
21307,0.000686,172.31.46.0-255,66,55672,56,102479
21308,0.000717,74.125.200.0-255,7156,62828,56,102479
21309,0.00072,172.31.46.0-255,66,62894,56,102479
21310,0.000724,74.125.200.0-255,2815,65709,56,102479
21311,0.000725,172.31.46.0-255,66,65775,56,102479
21312,0.00094,74.125.200.0-255,132,65907,56,102479
21313,0.001469,172.31.46.0-255,66,65973,56,102479
21314,0.001703,74.125.200.0-255,1484,67457,56,102479
21315,0.001713,74.125.200.0-255,2902,70359,56,102479
21316,0.001718,172.31.46.0-255,66,70425,56,102479
21317,0.001749,74.125.200.0-255,1484,71909,56,102479
21318,0.001754,74.125.200.0-255,2902,74811,56,102479
21319,0.001756,172.31.46.0-255,66,74877,56,102479
21320,0.001789,74.125.200.0-255,5738,80615,56,102479
21321,0.001792,172.31.46.0-255,66,80681,56,102479
21322,0.001799,74.125.200.0-255,5738,86419,56,102479
21323,0.001801,172.31.46.0-255,66,86485,56,102479
21324,0.001823,74.125.200.0-255,4320,90805,56,102479
21325,0.005618,172.31.46.0-255,66,90871,56,102479
21326,0.007616,74.125.200.0-255,5738,96609,56,102479
21327,0.007626,172.31.46.0-255,66,96675,56,102479
21328,0.009623,74.125.200.0-255,5738,102413,56,102479
21329,0.009629,172.31.46.0-255,66,102479,56,102479
21330,0.0,172.217.194.0-255,152,152,56,258244
21331,2.2e-05,172.31.46.0-255,66,218,56,258244
21332,2.8e-05,172.217.194.0-255,1484,1702,56,258244
21333,3.3e-05,172.31.46.0-255,66,1768,56,258244
21334,3.8e-05,172.217.194.0-255,2902,4670,56,258244
21335,4.1e-05,172.31.46.0-255,66,4736,56,258244
21336,4.9e-05,172.217.194.0-255,7156,11892,56,258244
21337,5.2e-05,172.31.46.0-255,66,11958,56,258244
21338,5.6e-05,172.217.194.0-255,2089,14047,56,258244
21339,6e-05,172.31.46.0-255,66,14113,56,258244
21340,0.000106,172.31.46.0-255,66,14179,56,258244
21341,0.000113,172.217.194.0-255,5379,19558,56,258244
21342,0.000116,172.31.46.0-255,66,19624,56,258244
21343,0.00015,172.217.194.0-255,1484,21108,56,258244
21344,0.000152,172.31.46.0-255,66,21174,56,258244
21345,0.000169,172.217.194.0-255,2902,24076,56,258244
21346,0.000171,172.31.46.0-255,66,24142,56,258244
21347,0.000178,172.217.194.0-255,5738,29880,56,258244
21348,0.00018,172.31.46.0-255,66,29946,56,258244
21349,0.000205,172.217.194.0-255,7156,37102,56,258244
21350,0.000208,172.31.46.0-255,66,37168,56,258244
21351,0.000229,172.217.194.0-255,5379,42547,56,258244
21352,0.000233,172.31.46.0-255,66,42613,56,258244
21353,0.000258,172.31.46.0-255,66,42679,56,258244
21354,0.000347,172.217.194.0-255,376,43055,56,258244
21355,0.00035,172.31.46.0-255,66,43121,56,258244
21356,0.000776,172.217.194.0-255,1484,44605,56,258244
21357,0.000782,172.31.46.0-255,66,44671,56,258244
21358,0.000788,172.217.194.0-255,2902,47573,56,258244
21359,0.00079,172.31.46.0-255,66,47639,56,258244
21360,0.000794,172.217.194.0-255,2902,50541,56,258244
21361,0.000806,172.31.46.0-255,66,50607,56,258244
21362,0.000823,172.217.194.0-255,2902,53509,56,258244
21363,0.00083,172.217.194.0-255,5738,59247,56,258244
21364,0.000836,172.217.194.0-255,5738,64985,56,258244
21365,0.000851,172.31.46.0-255,66,65051,56,258244
21366,0.000865,172.217.194.0-255,7156,72207,56,258244
21367,0.000871,172.217.194.0-255,5020,77227,56,258244
21368,0.000876,172.31.46.0-255,66,77293,56,258244
21369,0.001177,172.217.194.0-255,1484,78777,56,258244
21370,0.001184,172.217.194.0-255,2902,81679,56,258244
21371,0.001187,172.31.46.0-255,66,81745,56,258244
21372,0.001192,172.217.194.0-255,2902,84647,56,258244
21373,0.001198,172.31.46.0-255,66,84713,56,258244
21374,0.001209,172.217.194.0-255,2902,87615,56,258244
21375,0.001215,172.217.194.0-255,4320,91935,56,258244
21376,0.001218,172.31.46.0-255,66,92001,56,258244
21377,0.001251,172.31.46.0-255,66,92067,56,258244
21378,0.00126,172.217.194.0-255,2902,94969,56,258244
21379,0.001264,172.31.46.0-255,66,95035,56,258244
21380,0.001298,172.217.194.0-255,2902,97937,56,258244
21381,0.001316,172.217.194.0-255,5020,102957,56,258244
21382,0.00132,172.31.46.0-255,66,103023,56,258244
21383,0.001324,172.31.46.0-255,66,103089,56,258244
21384,0.001386,172.217.194.0-255,1484,104573,56,258244
21385,0.001399,172.217.194.0-255,1484,106057,56,258244
21386,0.001409,172.217.194.0-255,1484,107541,56,258244
21387,0.001415,172.217.194.0-255,5738,113279,56,258244
21388,0.001431,172.217.194.0-255,1484,114763,56,258244
21389,0.001435,172.31.46.0-255,66,114829,56,258244
21390,0.001453,172.31.46.0-255,66,114895,56,258244
21391,0.001461,172.217.194.0-255,1484,116379,56,258244
21392,0.001478,172.217.194.0-255,7156,123535,56,258244
21393,0.001496,172.217.194.0-255,5020,128555,56,258244
21394,0.001503,172.31.46.0-255,66,128621,56,258244
21395,0.001538,172.217.194.0-255,1484,130105,56,258244
21396,0.001542,172.217.194.0-255,2902,133007,56,258244
21397,0.001545,172.217.194.0-255,1484,134491,56,258244
21398,0.001552,172.31.46.0-255,66,134557,56,258244
21399,0.001575,172.217.194.0-255,4320,138877,56,258244
21400,0.001591,172.31.46.0-255,66,138943,56,258244
21401,0.001629,172.217.194.0-255,4320,143263,56,258244
21402,0.001641,172.31.46.0-255,66,143329,56,258244
21403,0.001718,172.31.46.0-255,66,143395,56,258244
21404,0.001816,172.217.194.0-255,1484,144879,56,258244
21405,0.001822,172.217.194.0-255,2902,147781,56,258244
21406,0.00184,172.217.194.0-255,5738,153519,56,258244
21407,0.001844,172.31.46.0-255,66,153585,56,258244
21408,0.001849,172.31.46.0-255,66,153651,56,258244
21409,0.001874,172.217.194.0-255,4320,157971,56,258244
21410,0.001882,172.31.46.0-255,66,158037,56,258244
21411,0.001904,172.217.194.0-255,2902,160939,56,258244
21412,0.00192,172.31.46.0-255,66,161005,56,258244
21413,0.00195,172.31.46.0-255,66,161071,56,258244
21414,0.002141,172.217.194.0-255,1484,162555,56,258244
21415,0.002155,172.217.194.0-255,2902,165457,56,258244
21416,0.002159,172.217.194.0-255,1484,166941,56,258244
21417,0.002171,172.31.46.0-255,66,167007,56,258244
21418,0.002182,172.217.194.0-255,4320,171327,56,258244
21419,0.002213,172.217.194.0-255,1484,172811,56,258244
21420,0.002224,172.217.194.0-255,766,173577,56,258244
21421,0.002447,172.217.194.0-255,1484,175061,56,258244
21422,0.002452,172.217.194.0-255,2902,177963,56,258244
21423,0.002454,172.217.194.0-255,1484,179447,56,258244
21424,0.002476,172.217.194.0-255,4320,183767,56,258244
21425,0.002531,172.217.194.0-255,766,184533,56,258244
21426,0.002599,172.217.194.0-255,1484,186017,56,258244
21427,0.002612,172.217.194.0-255,2902,188919,56,258244
21428,0.002637,172.217.194.0-255,5738,194657,56,258244
21429,0.00267,172.217.194.0-255,4320,198977,56,258244
21430,0.002705,172.217.194.0-255,6438,205415,56,258244
21431,0.002755,172.217.194.0-255,1484,206899,56,258244
21432,0.002758,172.217.194.0-255,1484,208383,56,258244
21433,0.002773,172.217.194.0-255,1484,209867,56,258244
21434,0.002777,172.217.194.0-255,2902,212769,56,258244
21435,0.002791,172.217.194.0-255,2902,215671,56,258244
21436,0.002821,172.217.194.0-255,4320,219991,56,258244
21437,0.002823,172.217.194.0-255,1484,221475,56,258244
21438,0.002855,172.217.194.0-255,4320,225795,56,258244
21439,0.002881,172.217.194.0-255,5020,230815,56,258244
21440,0.002901,172.217.194.0-255,5738,236553,56,258244
21441,0.002917,172.217.194.0-255,4320,240873,56,258244
21442,0.002963,172.217.194.0-255,4320,245193,56,258244
21443,0.002982,172.217.194.0-255,7156,252349,56,258244
21444,0.003002,172.217.194.0-255,1484,253833,56,258244
21445,0.00304,172.217.194.0-255,2902,256735,56,258244
21446,0.003042,172.217.194.0-255,1167,257902,56,258244
21447,0.003072,172.217.194.0-255,105,258007,56,258244
21448,0.00499,172.31.46.0-255,66,258073,56,258244
21449,0.007168,172.31.46.0-255,105,258178,56,258244
21450,0.009707,172.217.194.0-255,66,258244,56,258244
21451,0.0,172.217.194.0-255,153,153,56,197180
21452,2e-05,172.31.46.0-255,66,219,56,197180
21453,2.6e-05,172.217.194.0-255,1484,1703,56,197180
21454,3e-05,172.31.46.0-255,66,1769,56,197180
21455,3.6e-05,172.217.194.0-255,2902,4671,56,197180
21456,4.5e-05,172.31.46.0-255,66,4737,56,197180
21457,5.2e-05,172.217.194.0-255,7156,11893,56,197180
21458,5.4e-05,172.31.46.0-255,66,11959,56,197180
21459,8e-05,172.217.194.0-255,5738,17697,56,197180
21460,8.3e-05,172.31.46.0-255,66,17763,56,197180
21461,0.00012,172.31.46.0-255,66,17829,56,197180
21462,0.000123,172.217.194.0-255,2543,20372,56,197180
21463,0.000125,172.31.46.0-255,66,20438,56,197180
21464,0.00023,172.217.194.0-255,1484,21922,56,197180
21465,0.000233,172.31.46.0-255,66,21988,56,197180
21466,0.000257,172.217.194.0-255,2902,24890,56,197180
21467,0.000258,172.31.46.0-255,66,24956,56,197180
21468,0.000264,172.217.194.0-255,5738,30694,56,197180
21469,0.000266,172.31.46.0-255,66,30760,56,197180
21470,0.00027,172.217.194.0-255,2902,33662,56,197180
21471,0.000272,172.31.46.0-255,66,33728,56,197180
21472,0.000326,172.217.194.0-255,5379,39107,56,197180
21473,0.000328,172.31.46.0-255,66,39173,56,197180
21474,0.000356,172.217.194.0-255,5738,44911,56,197180
21475,0.000359,172.31.46.0-255,66,44977,56,197180
21476,0.000399,172.31.46.0-255,66,45043,56,197180
21477,0.000401,172.217.194.0-255,366,45409,56,197180
21478,0.000403,172.31.46.0-255,66,45475,56,197180
21479,0.000471,172.217.194.0-255,1484,46959,56,197180
21480,0.000474,172.31.46.0-255,66,47025,56,197180
21481,0.000486,172.217.194.0-255,2902,49927,56,197180
21482,0.000505,172.217.194.0-255,5738,55665,56,197180
21483,0.000533,172.31.46.0-255,66,55731,56,197180
21484,0.000537,172.31.46.0-255,66,55797,56,197180
21485,0.000556,172.217.194.0-255,1484,57281,56,197180
21486,0.000574,172.217.194.0-255,2902,60183,56,197180
21487,0.000602,172.31.46.0-255,66,60249,56,197180
21488,0.000606,172.31.46.0-255,66,60315,56,197180
21489,0.001049,172.217.194.0-255,1484,61799,56,197180
21490,0.001067,172.217.194.0-255,2902,64701,56,197180
21491,0.00107,172.31.46.0-255,66,64767,56,197180
21492,0.001076,172.217.194.0-255,4320,69087,56,197180
21493,0.0011,172.217.194.0-255,1484,70571,56,197180
21494,0.001122,172.31.46.0-255,66,70637,56,197180
21495,0.001147,172.217.194.0-255,4320,74957,56,197180
21496,0.001158,172.31.46.0-255,66,75023,56,197180
21497,0.001179,172.31.46.0-255,66,75089,56,197180
21498,0.0012,172.217.194.0-255,1484,76573,56,197180
21499,0.001204,172.217.194.0-255,2902,79475,56,197180
21500,0.001207,172.217.194.0-255,1484,80959,56,197180
21501,0.001218,172.217.194.0-255,4320,85279,56,197180
21502,0.001231,172.31.46.0-255,66,85345,56,197180
21503,0.001238,172.217.194.0-255,7156,92501,56,197180
21504,0.001242,172.31.46.0-255,66,92567,56,197180
21505,0.001272,172.217.194.0-255,5738,98305,56,197180
21506,0.001323,172.217.194.0-255,2184,100489,56,197180
21507,0.001327,172.217.194.0-255,2902,103391,56,197180
21508,0.001331,172.31.46.0-255,66,103457,56,197180
21509,0.001359,172.217.194.0-255,7156,110613,56,197180
21510,0.001366,172.217.194.0-255,7156,117769,56,197180
21511,0.00137,172.31.46.0-255,66,117835,56,197180
21512,0.001377,172.217.194.0-255,1484,119319,56,197180
21513,0.001406,172.31.46.0-255,66,119385,56,197180
21514,0.001431,172.217.194.0-255,4320,123705,56,197180
21515,0.001434,172.217.194.0-255,766,124471,56,197180
21516,0.001439,172.31.46.0-255,66,124537,56,197180
21517,0.001502,172.217.194.0-255,1484,126021,56,197180
21518,0.001507,172.217.194.0-255,2902,128923,56,197180
21519,0.001516,172.31.46.0-255,66,128989,56,197180
21520,0.001534,172.217.194.0-255,5738,134727,56,197180
21521,0.00155,172.217.194.0-255,5738,140465,56,197180
21522,0.001558,172.31.46.0-255,66,140531,56,197180
21523,0.00157,172.217.194.0-255,7156,147687,56,197180
21524,0.001599,172.31.46.0-255,66,147753,56,197180
21525,0.00161,172.217.194.0-255,7156,154909,56,197180
21526,0.00162,172.31.46.0-255,66,154975,56,197180
21527,0.001672,172.217.194.0-255,1484,156459,56,197180
21528,0.001695,172.217.194.0-255,2902,159361,56,197180
21529,0.0017,172.217.194.0-255,2902,162263,56,197180
21530,0.001704,172.31.46.0-255,66,162329,56,197180
21531,0.00172,172.217.194.0-255,2902,165231,56,197180
21532,0.001727,172.217.194.0-255,7156,172387,56,197180
21533,0.001736,172.31.46.0-255,66,172453,56,197180
21534,0.001754,172.217.194.0-255,5738,178191,56,197180
21535,0.001757,172.217.194.0-255,1484,179675,56,197180
21536,0.001766,172.31.46.0-255,66,179741,56,197180
21537,0.001774,172.217.194.0-255,2902,182643,56,197180
21538,0.001777,172.31.46.0-255,66,182709,56,197180
21539,0.001804,172.217.194.0-255,6438,189147,56,197180
21540,0.001827,172.31.46.0-255,66,189213,56,197180
21541,0.001863,172.217.194.0-255,1484,190697,56,197180
21542,0.001869,172.31.46.0-255,66,190763,56,197180
21543,0.001944,172.31.46.0-255,66,190829,56,197180
21544,0.001979,172.217.194.0-255,1484,192313,56,197180
21545,0.001992,172.31.46.0-255,66,192379,56,197180
21546,0.002031,172.217.194.0-255,4459,196838,56,197180
21547,0.002033,172.217.194.0-255,105,196943,56,197180
21548,0.002051,172.31.46.0-255,66,197009,56,197180
21549,0.004397,172.31.46.0-255,105,197114,56,197180
21550,0.00664,172.217.194.0-255,66,197180,56,197180
21551,0.0,172.217.194.0-255,296,296,56,180353
21552,1.6e-05,172.31.46.0-255,66,362,56,180353
21553,2.2e-05,172.217.194.0-255,1484,1846,56,180353
21554,2.6e-05,172.31.46.0-255,66,1912,56,180353
21555,3.4e-05,172.217.194.0-255,4320,6232,56,180353
21556,3.7e-05,172.31.46.0-255,66,6298,56,180353
21557,7.5e-05,172.31.46.0-255,66,6364,56,180353
21558,0.000109,172.217.194.0-255,7156,13520,56,180353
21559,0.000112,172.31.46.0-255,66,13586,56,180353
21560,0.000122,172.31.46.0-255,66,13652,56,180353
21561,0.000141,172.217.194.0-255,1125,14777,56,180353
21562,0.000143,172.31.46.0-255,66,14843,56,180353
21563,0.000158,172.217.194.0-255,1484,16327,56,180353
21564,0.00016,172.31.46.0-255,66,16393,56,180353
21565,0.000178,172.217.194.0-255,4320,20713,56,180353
21566,0.000182,172.31.46.0-255,66,20779,56,180353
21567,0.000185,172.217.194.0-255,1484,22263,56,180353
21568,0.000187,172.31.46.0-255,66,22329,56,180353
21569,0.000224,172.31.46.0-255,66,22395,56,180353
21570,0.000227,172.217.194.0-255,1125,23520,56,180353
21571,0.000229,172.31.46.0-255,66,23586,56,180353
21572,0.000252,172.217.194.0-255,1484,25070,56,180353
21573,0.000254,172.31.46.0-255,66,25136,56,180353
21574,0.000258,172.217.194.0-255,1484,26620,56,180353
21575,0.00026,172.31.46.0-255,66,26686,56,180353
21576,0.000275,172.217.194.0-255,1484,28170,56,180353
21577,0.000277,172.31.46.0-255,66,28236,56,180353
21578,0.000283,172.217.194.0-255,5738,33974,56,180353
21579,0.000286,172.31.46.0-255,66,34040,56,180353
21580,0.000306,172.217.194.0-255,4320,38360,56,180353
21581,0.000309,172.31.46.0-255,66,38426,56,180353
21582,0.000326,172.217.194.0-255,2543,40969,56,180353
21583,0.000328,172.31.46.0-255,66,41035,56,180353
21584,0.000346,172.217.194.0-255,677,41712,56,180353
21585,0.000395,172.217.194.0-255,1484,43196,56,180353
21586,0.000399,172.31.46.0-255,66,43262,56,180353
21587,0.000403,172.217.194.0-255,2902,46164,56,180353
21588,0.000405,172.31.46.0-255,66,46230,56,180353
21589,0.000423,172.217.194.0-255,4320,50550,56,180353
21590,0.000425,172.31.46.0-255,66,50616,56,180353
21591,0.000441,172.217.194.0-255,1484,52100,56,180353
21592,0.000447,172.217.194.0-255,5738,57838,56,180353
21593,0.00045,172.31.46.0-255,66,57904,56,180353
21594,0.000494,172.31.46.0-255,66,57970,56,180353
21595,0.000505,172.31.46.0-255,66,58036,56,180353
21596,0.000624,172.217.194.0-255,1484,59520,56,180353
21597,0.000629,172.217.194.0-255,2902,62422,56,180353
21598,0.000632,172.31.46.0-255,66,62488,56,180353
21599,0.000636,172.217.194.0-255,1484,63972,56,180353
21600,0.000659,172.217.194.0-255,4320,68292,56,180353
21601,0.000662,172.31.46.0-255,66,68358,56,180353
21602,0.000667,172.217.194.0-255,4320,72678,56,180353
21603,0.00067,172.31.46.0-255,66,72744,56,180353
21604,0.000684,172.217.194.0-255,1484,74228,56,180353
21605,0.000691,172.217.194.0-255,7156,81384,56,180353
21606,0.000693,172.31.46.0-255,66,81450,56,180353
21607,0.000756,172.31.46.0-255,66,81516,56,180353
21608,0.000768,172.217.194.0-255,2184,83700,56,180353
21609,0.00077,172.31.46.0-255,66,83766,56,180353
21610,0.000773,172.217.194.0-255,1484,85250,56,180353
21611,0.000797,172.217.194.0-255,2902,88152,56,180353
21612,0.0008,172.31.46.0-255,66,88218,56,180353
21613,0.000806,172.217.194.0-255,5738,93956,56,180353
21614,0.000808,172.31.46.0-255,66,94022,56,180353
21615,0.000813,172.217.194.0-255,4320,98342,56,180353
21616,0.000815,172.31.46.0-255,66,98408,56,180353
21617,0.000849,172.217.194.0-255,7156,105564,56,180353
21618,0.000852,172.31.46.0-255,66,105630,56,180353
21619,0.000859,172.217.194.0-255,5738,111368,56,180353
21620,0.000861,172.31.46.0-255,66,111434,56,180353
21621,0.000888,172.31.46.0-255,66,111500,56,180353
21622,0.000892,172.217.194.0-255,2902,114402,56,180353
21623,0.000894,172.31.46.0-255,66,114468,56,180353
21624,0.000928,172.31.46.0-255,66,114534,56,180353
21625,0.000968,172.31.46.0-255,66,114600,56,180353
21626,0.000981,172.31.46.0-255,66,114666,56,180353
21627,0.000989,172.217.194.0-255,7156,121822,56,180353
21628,0.000991,172.31.46.0-255,66,121888,56,180353
21629,0.001015,172.217.194.0-255,1484,123372,56,180353
21630,0.001047,172.31.46.0-255,66,123438,56,180353
21631,0.001064,172.217.194.0-255,2184,125622,56,180353
21632,0.001067,172.31.46.0-255,66,125688,56,180353
21633,0.001089,172.31.46.0-255,66,125754,56,180353
21634,0.001116,172.217.194.0-255,2902,128656,56,180353
21635,0.001119,172.31.46.0-255,66,128722,56,180353
21636,0.00113,172.31.46.0-255,66,128788,56,180353
21637,0.001178,172.31.46.0-255,66,128854,56,180353
21638,0.001197,172.217.194.0-255,5738,134592,56,180353
21639,0.001199,172.31.46.0-255,66,134658,56,180353
21640,0.001204,172.217.194.0-255,3602,138260,56,180353
21641,0.001206,172.31.46.0-255,66,138326,56,180353
21642,0.001212,172.217.194.0-255,5738,144064,56,180353
21643,0.001215,172.31.46.0-255,66,144130,56,180353
21644,0.001221,172.217.194.0-255,7156,151286,56,180353
21645,0.001223,172.31.46.0-255,66,151352,56,180353
21646,0.001281,172.31.46.0-255,66,151418,56,180353
21647,0.001306,172.217.194.0-255,1484,152902,56,180353
21648,0.001313,172.217.194.0-255,6438,159340,56,180353
21649,0.001316,172.31.46.0-255,66,159406,56,180353
21650,0.001319,172.217.194.0-255,1484,160890,56,180353
21651,0.001323,172.217.194.0-255,2902,163792,56,180353
21652,0.001326,172.31.46.0-255,66,163858,56,180353
21653,0.001331,172.217.194.0-255,5738,169596,56,180353
21654,0.001333,172.31.46.0-255,66,169662,56,180353
21655,0.001338,172.217.194.0-255,4320,173982,56,180353
21656,0.00134,172.31.46.0-255,66,174048,56,180353
21657,0.001366,172.31.46.0-255,66,174114,56,180353
21658,0.001417,172.31.46.0-255,66,174180,56,180353
21659,0.001428,172.31.46.0-255,66,174246,56,180353
21660,0.001449,172.217.194.0-255,1484,175730,56,180353
21661,0.001468,172.31.46.0-255,66,175796,56,180353
21662,0.001488,172.217.194.0-255,4320,180116,56,180353
21663,0.001491,172.31.46.0-255,66,180182,56,180353
21664,0.001515,172.31.46.0-255,66,180248,56,180353
21665,0.001519,172.217.194.0-255,105,180353,56,180353
21666,0.0,74.125.200.0-255,147,147,56,221437
21667,2.4e-05,172.31.46.0-255,66,213,56,221437
21668,3.2e-05,74.125.200.0-255,1484,1697,56,221437
21669,3.7e-05,172.31.46.0-255,66,1763,56,221437
21670,4.3e-05,74.125.200.0-255,2902,4665,56,221437
21671,4.7e-05,172.31.46.0-255,66,4731,56,221437
21672,5.2e-05,74.125.200.0-255,4320,9051,56,221437
21673,5.6e-05,172.31.46.0-255,66,9117,56,221437
21674,9.6e-05,172.31.46.0-255,66,9183,56,221437
21675,0.000102,74.125.200.0-255,4320,13503,56,221437
21676,0.000104,172.31.46.0-255,66,13569,56,221437
21677,0.000148,172.31.46.0-255,66,13635,56,221437
21678,0.000224,74.125.200.0-255,1484,15119,56,221437
21679,0.000228,172.31.46.0-255,66,15185,56,221437
21680,0.000231,74.125.200.0-255,1484,16669,56,221437
21681,0.000233,172.31.46.0-255,66,16735,56,221437
21682,0.00025,74.125.200.0-255,2902,19637,56,221437
21683,0.000254,172.31.46.0-255,66,19703,56,221437
21684,0.000257,74.125.200.0-255,1484,21187,56,221437
21685,0.000259,172.31.46.0-255,66,21253,56,221437
21686,0.000281,74.125.200.0-255,4320,25573,56,221437
21687,0.000284,172.31.46.0-255,66,25639,56,221437
21688,0.000289,74.125.200.0-255,2902,28541,56,221437
21689,0.000291,172.31.46.0-255,66,28607,56,221437
21690,0.000321,74.125.200.0-255,2543,31150,56,221437
21691,0.000323,172.31.46.0-255,66,31216,56,221437
21692,0.000329,74.125.200.0-255,5738,36954,56,221437
21693,0.000331,172.31.46.0-255,66,37020,56,221437
21694,0.000376,172.31.46.0-255,66,37086,56,221437
21695,0.000379,74.125.200.0-255,131,37217,56,221437
21696,0.00041,74.125.200.0-255,1484,38701,56,221437
21697,0.000426,74.125.200.0-255,2902,41603,56,221437
21698,0.000439,74.125.200.0-255,4320,45923,56,221437
21699,0.00046,74.125.200.0-255,5738,51661,56,221437
21700,0.000524,74.125.200.0-255,5738,57399,56,221437
21701,0.000542,74.125.200.0-255,6797,64196,56,221437
21702,0.000549,74.125.200.0-255,6797,70993,56,221437
21703,0.000605,172.31.46.0-255,66,71059,56,221437
21704,0.000712,74.125.200.0-255,1484,72543,56,221437
21705,0.000732,74.125.200.0-255,2902,75445,56,221437
21706,0.000742,172.31.46.0-255,66,75511,56,221437
21707,0.000752,74.125.200.0-255,2902,78413,56,221437
21708,0.000759,172.31.46.0-255,66,78479,56,221437
21709,0.000771,74.125.200.0-255,4320,82799,56,221437
21710,0.000776,74.125.200.0-255,2902,85701,56,221437
21711,0.000795,74.125.200.0-255,5738,91439,56,221437
21712,0.000798,74.125.200.0-255,1484,92923,56,221437
21713,0.000815,74.125.200.0-255,4320,97243,56,221437
21714,0.000824,172.31.46.0-255,66,97309,56,221437
21715,0.000828,74.125.200.0-255,2902,100211,56,221437
21716,0.000833,172.31.46.0-255,66,100277,56,221437
21717,0.000846,74.125.200.0-255,4320,104597,56,221437
21718,0.000849,74.125.200.0-255,766,105363,56,221437
21719,0.000871,172.31.46.0-255,66,105429,56,221437
21720,0.000909,74.125.200.0-255,1484,106913,56,221437
21721,0.00093,74.125.200.0-255,2902,109815,56,221437
21722,0.000935,74.125.200.0-255,4320,114135,56,221437
21723,0.000951,74.125.200.0-255,1484,115619,56,221437
21724,0.000955,74.125.200.0-255,2902,118521,56,221437
21725,0.000958,172.31.46.0-255,66,118587,56,221437
21726,0.000964,172.31.46.0-255,66,118653,56,221437
21727,0.000973,74.125.200.0-255,2902,121555,56,221437
21728,0.000989,172.31.46.0-255,66,121621,56,221437
21729,0.001021,74.125.200.0-255,7156,128777,56,221437
21730,0.001173,74.125.200.0-255,1484,130261,56,221437
21731,0.00118,74.125.200.0-255,2902,133163,56,221437
21732,0.001197,74.125.200.0-255,1484,134647,56,221437
21733,0.001213,74.125.200.0-255,2902,137549,56,221437
21734,0.001232,74.125.200.0-255,5738,143287,56,221437
21735,0.001243,74.125.200.0-255,1484,144771,56,221437
21736,0.001284,74.125.200.0-255,4320,149091,56,221437
21737,0.001315,74.125.200.0-255,3602,152693,56,221437
21738,0.001441,74.125.200.0-255,1484,154177,56,221437
21739,0.001448,74.125.200.0-255,2902,157079,56,221437
21740,0.001451,74.125.200.0-255,1484,158563,56,221437
21741,0.001472,74.125.200.0-255,4320,162883,56,221437
21742,0.001499,74.125.200.0-255,7156,170039,56,221437
21743,0.001515,74.125.200.0-255,4320,174359,56,221437
21744,0.00157,74.125.200.0-255,7156,181515,56,221437
21745,0.001592,74.125.200.0-255,6438,187953,56,221437
21746,0.001637,74.125.200.0-255,4320,192273,56,221437
21747,0.001662,74.125.200.0-255,5738,198011,56,221437
21748,0.001859,74.125.200.0-255,5738,203749,56,221437
21749,0.001968,74.125.200.0-255,5738,209487,56,221437
21750,0.001984,74.125.200.0-255,2902,212389,56,221437
21751,0.002223,74.125.200.0-255,4320,216709,56,221437
21752,0.002396,74.125.200.0-255,4320,221029,56,221437
21753,0.004745,172.31.46.0-255,66,221095,56,221437
21754,0.006785,74.125.200.0-255,105,221200,56,221437
21755,0.007756,172.31.46.0-255,66,221266,56,221437
21756,0.007794,172.31.46.0-255,105,221371,56,221437
21757,0.0098,74.125.200.0-255,66,221437,56,221437
21758,0.0,172.217.160.0-255,146,146,56,161050
21759,2.3e-05,172.31.46.0-255,66,212,56,161050
21760,2.9e-05,172.217.160.0-255,1484,1696,56,161050
21761,3.3e-05,172.31.46.0-255,66,1762,56,161050
21762,4e-05,172.217.160.0-255,2902,4664,56,161050
21763,4.3e-05,172.31.46.0-255,66,4730,56,161050
21764,5.1e-05,172.217.160.0-255,7156,11886,56,161050
21765,5.4e-05,172.31.46.0-255,66,11952,56,161050
21766,5.8e-05,172.217.160.0-255,1977,13929,56,161050
21767,6.1e-05,172.31.46.0-255,66,13995,56,161050
21768,0.000115,172.217.160.0-255,1484,15479,56,161050
21769,0.000117,172.31.46.0-255,66,15545,56,161050
21770,0.000122,172.217.160.0-255,2902,18447,56,161050
21771,0.000125,172.31.46.0-255,66,18513,56,161050
21772,0.000141,172.217.160.0-255,2902,21415,56,161050
21773,0.000143,172.31.46.0-255,66,21481,56,161050
21774,0.000147,172.217.160.0-255,2902,24383,56,161050
21775,0.00015,172.31.46.0-255,66,24449,56,161050
21776,0.000166,172.217.160.0-255,4320,28769,56,161050
21777,0.000169,172.31.46.0-255,66,28835,56,161050
21778,0.000187,172.217.160.0-255,3961,32796,56,161050
21779,0.00019,172.31.46.0-255,66,32862,56,161050
21780,0.000195,172.217.160.0-255,4320,37182,56,161050
21781,0.000198,172.31.46.0-255,66,37248,56,161050
21782,0.000233,172.31.46.0-255,66,37314,56,161050
21783,0.000262,172.217.160.0-255,1125,38439,56,161050
21784,0.000264,172.31.46.0-255,66,38505,56,161050
21785,0.000754,172.217.160.0-255,1484,39989,56,161050
21786,0.00076,172.31.46.0-255,66,40055,56,161050
21787,0.000766,172.217.160.0-255,2902,42957,56,161050
21788,0.000768,172.31.46.0-255,66,43023,56,161050
21789,0.000776,172.217.160.0-255,5738,48761,56,161050
21790,0.000778,172.31.46.0-255,66,48827,56,161050
21791,0.000783,172.217.160.0-255,4320,53147,56,161050
21792,0.000785,172.31.46.0-255,66,53213,56,161050
21793,0.000808,172.217.160.0-255,2543,55756,56,161050
21794,0.000811,172.31.46.0-255,66,55822,56,161050
21795,0.000829,172.217.160.0-255,336,56158,56,161050
21796,0.001067,172.31.46.0-255,66,56224,56,161050
21797,0.001208,172.217.160.0-255,1484,57708,56,161050
21798,0.001217,172.217.160.0-255,2902,60610,56,161050
21799,0.001221,172.31.46.0-255,66,60676,56,161050
21800,0.001228,172.217.160.0-255,5738,66414,56,161050
21801,0.00123,172.31.46.0-255,66,66480,56,161050
21802,0.001266,172.217.160.0-255,6797,73277,56,161050
21803,0.00127,172.31.46.0-255,66,73343,56,161050
21804,0.001276,172.217.160.0-255,4320,77663,56,161050
21805,0.001278,172.31.46.0-255,66,77729,56,161050
21806,0.001291,172.217.160.0-255,2902,80631,56,161050
21807,0.001294,172.31.46.0-255,66,80697,56,161050
21808,0.001301,172.217.160.0-255,7156,87853,56,161050
21809,0.001303,172.31.46.0-255,66,87919,56,161050
21810,0.001337,172.217.160.0-255,2304,90223,56,161050
21811,0.00134,172.31.46.0-255,66,90289,56,161050
21812,0.001356,172.217.160.0-255,1484,91773,56,161050
21813,0.001377,172.217.160.0-255,1484,93257,56,161050
21814,0.00138,172.31.46.0-255,66,93323,56,161050
21815,0.001389,172.217.160.0-255,7156,100479,56,161050
21816,0.001391,172.31.46.0-255,66,100545,56,161050
21817,0.001397,172.217.160.0-255,5738,106283,56,161050
21818,0.001399,172.31.46.0-255,66,106349,56,161050
21819,0.001423,172.217.160.0-255,1011,107360,56,161050
21820,0.00147,172.217.160.0-255,1484,108844,56,161050
21821,0.001474,172.31.46.0-255,66,108910,56,161050
21822,0.001481,172.217.160.0-255,4320,113230,56,161050
21823,0.001484,172.31.46.0-255,66,113296,56,161050
21824,0.00149,172.217.160.0-255,4320,117616,56,161050
21825,0.001492,172.31.46.0-255,66,117682,56,161050
21826,0.001558,172.217.160.0-255,6920,124602,56,161050
21827,0.001563,172.31.46.0-255,66,124668,56,161050
21828,0.001709,172.217.160.0-255,1484,126152,56,161050
21829,0.001716,172.217.160.0-255,2902,129054,56,161050
21830,0.00172,172.31.46.0-255,66,129120,56,161050
21831,0.001727,172.217.160.0-255,5738,134858,56,161050
21832,0.001731,172.31.46.0-255,66,134924,56,161050
21833,0.001772,172.31.46.0-255,66,134990,56,161050
21834,0.001782,172.31.46.0-255,66,135056,56,161050
21835,0.001807,172.217.160.0-255,2184,137240,56,161050
21836,0.00181,172.31.46.0-255,66,137306,56,161050
21837,0.003663,172.217.160.0-255,2902,140208,56,161050
21838,0.00367,172.31.46.0-255,66,140274,56,161050
21839,0.003731,172.217.160.0-255,2902,143176,56,161050
21840,0.003734,172.31.46.0-255,66,143242,56,161050
21841,0.005565,172.217.160.0-255,2902,146144,56,161050
21842,0.00557,172.31.46.0-255,66,146210,56,161050
21843,0.005611,172.217.160.0-255,2902,149112,56,161050
21844,0.005614,172.31.46.0-255,66,149178,56,161050
21845,0.007447,172.217.160.0-255,2902,152080,56,161050
21846,0.007452,172.31.46.0-255,66,152146,56,161050
21847,0.0075,172.217.160.0-255,2902,155048,56,161050
21848,0.007504,172.31.46.0-255,66,155114,56,161050
21849,0.009346,172.217.160.0-255,2902,158016,56,161050
21850,0.009355,172.31.46.0-255,66,158082,56,161050
21851,0.009375,172.217.160.0-255,2902,160984,56,161050
21852,0.009378,172.31.46.0-255,66,161050,56,161050
21853,0.0,74.125.24.0-255,153,153,56,146662
21854,2.4e-05,172.31.46.0-255,66,219,56,146662
21855,3.1e-05,74.125.24.0-255,1484,1703,56,146662
21856,3.6e-05,172.31.46.0-255,66,1769,56,146662
21857,4.3e-05,74.125.24.0-255,2902,4671,56,146662
21858,5.3e-05,172.31.46.0-255,66,4737,56,146662
21859,6.1e-05,74.125.24.0-255,7156,11893,56,146662
21860,6.5e-05,172.31.46.0-255,66,11959,56,146662
21861,7.3e-05,74.125.24.0-255,7156,19115,56,146662
21862,7.6e-05,172.31.46.0-255,66,19181,56,146662
21863,0.000121,172.31.46.0-255,66,19247,56,146662
21864,0.000125,74.125.24.0-255,2543,21790,56,146662
21865,0.000128,172.31.46.0-255,66,21856,56,146662
21866,0.000132,74.125.24.0-255,2902,24758,56,146662
21867,0.000134,172.31.46.0-255,66,24824,56,146662
21868,0.000143,74.125.24.0-255,1484,26308,56,146662
21869,0.000145,172.31.46.0-255,66,26374,56,146662
21870,0.000175,74.125.24.0-255,5738,32112,56,146662
21871,0.000178,172.31.46.0-255,66,32178,56,146662
21872,0.000198,172.31.46.0-255,66,32244,56,146662
21873,0.000209,172.31.46.0-255,66,32310,56,146662
21874,0.00026,74.125.24.0-255,357,32667,56,146662
21875,0.000262,172.31.46.0-255,66,32733,56,146662
21876,0.000266,74.125.24.0-255,134,32867,56,146662
21877,0.000268,172.31.46.0-255,66,32933,56,146662
21878,0.000385,74.125.24.0-255,1484,34417,56,146662
21879,0.000389,172.31.46.0-255,66,34483,56,146662
21880,0.000395,74.125.24.0-255,2902,37385,56,146662
21881,0.000398,172.31.46.0-255,66,37451,56,146662
21882,0.000426,74.125.24.0-255,5738,43189,56,146662
21883,0.000429,172.31.46.0-255,66,43255,56,146662
21884,0.000464,172.31.46.0-255,66,43321,56,146662
21885,0.00047,74.125.24.0-255,5738,49059,56,146662
21886,0.000473,172.31.46.0-255,66,49125,56,146662
21887,0.000506,74.125.24.0-255,4320,53445,56,146662
21888,0.000509,172.31.46.0-255,66,53511,56,146662
21889,0.000515,74.125.24.0-255,4723,58234,56,146662
21890,0.000518,172.31.46.0-255,66,58300,56,146662
21891,0.000541,74.125.24.0-255,1484,59784,56,146662
21892,0.000547,74.125.24.0-255,2902,62686,56,146662
21893,0.00055,172.31.46.0-255,66,62752,56,146662
21894,0.000584,74.125.24.0-255,5738,68490,56,146662
21895,0.000586,172.31.46.0-255,66,68556,56,146662
21896,0.000589,74.125.24.0-255,1484,70040,56,146662
21897,0.000631,172.31.46.0-255,66,70106,56,146662
21898,0.000665,172.31.46.0-255,66,70172,56,146662
21899,0.000691,74.125.24.0-255,2184,72356,56,146662
21900,0.000694,172.31.46.0-255,66,72422,56,146662
21901,0.001206,74.125.24.0-255,1484,73906,56,146662
21902,0.001212,74.125.24.0-255,2902,76808,56,146662
21903,0.001217,172.31.46.0-255,66,76874,56,146662
21904,0.001252,74.125.24.0-255,5738,82612,56,146662
21905,0.001255,172.31.46.0-255,66,82678,56,146662
21906,0.001261,74.125.24.0-255,4320,86998,56,146662
21907,0.001263,172.31.46.0-255,66,87064,56,146662
21908,0.001305,74.125.24.0-255,5738,92802,56,146662
21909,0.001308,172.31.46.0-255,66,92868,56,146662
21910,0.001326,172.31.46.0-255,66,92934,56,146662
21911,0.00133,74.125.24.0-255,2184,95118,56,146662
21912,0.001332,172.31.46.0-255,66,95184,56,146662
21913,0.001943,74.125.24.0-255,1484,96668,56,146662
21914,0.001961,74.125.24.0-255,2902,99570,56,146662
21915,0.001965,172.31.46.0-255,66,99636,56,146662
21916,0.001987,74.125.24.0-255,5738,105374,56,146662
21917,0.00199,172.31.46.0-255,66,105440,56,146662
21918,0.002,74.125.24.0-255,1484,106924,56,146662
21919,0.00205,172.31.46.0-255,66,106990,56,146662
21920,0.002053,172.31.46.0-255,66,107056,56,146662
21921,0.002226,74.125.24.0-255,1484,108540,56,146662
21922,0.002243,74.125.24.0-255,2902,111442,56,146662
21923,0.002247,172.31.46.0-255,66,111508,56,146662
21924,0.002254,74.125.24.0-255,5738,117246,56,146662
21925,0.002256,172.31.46.0-255,66,117312,56,146662
21926,0.002261,74.125.24.0-255,2902,120214,56,146662
21927,0.002263,172.31.46.0-255,66,120280,56,146662
21928,0.002307,172.31.46.0-255,66,120346,56,146662
21929,0.00232,172.31.46.0-255,66,120412,56,146662
21930,0.002344,74.125.24.0-255,4320,124732,56,146662
21931,0.002346,172.31.46.0-255,66,124798,56,146662
21932,0.002402,172.31.46.0-255,66,124864,56,146662
21933,0.002407,74.125.24.0-255,4320,129184,56,146662
21934,0.002409,172.31.46.0-255,66,129250,56,146662
21935,0.004714,74.125.24.0-255,5738,134988,56,146662
21936,0.004721,172.31.46.0-255,66,135054,56,146662
21937,0.007049,74.125.24.0-255,5738,140792,56,146662
21938,0.007052,172.31.46.0-255,66,140858,56,146662
21939,0.00937,74.125.24.0-255,5738,146596,56,146662
21940,0.009376,172.31.46.0-255,66,146662,56,146662
21941,0.0,172.217.194.0-255,146,146,56,175468
21942,2.3e-05,172.31.46.0-255,66,212,56,175468
21943,3e-05,172.217.194.0-255,1484,1696,56,175468
21944,3.4e-05,172.31.46.0-255,66,1762,56,175468
21945,4e-05,172.217.194.0-255,2902,4664,56,175468
21946,4.3e-05,172.31.46.0-255,66,4730,56,175468
21947,5.1e-05,172.217.194.0-255,7156,11886,56,175468
21948,5.4e-05,172.31.46.0-255,66,11952,56,175468
21949,8.2e-05,172.217.194.0-255,2902,14854,56,175468
21950,8.6e-05,172.31.46.0-255,66,14920,56,175468
21951,0.000116,172.31.46.0-255,66,14986,56,175468
21952,0.000124,172.217.194.0-255,6797,21783,56,175468
21953,0.000126,172.31.46.0-255,66,21849,56,175468
21954,0.000224,172.217.194.0-255,1484,23333,56,175468
21955,0.000228,172.31.46.0-255,66,23399,56,175468
21956,0.000233,172.217.194.0-255,2902,26301,56,175468
21957,0.000235,172.31.46.0-255,66,26367,56,175468
21958,0.00024,172.217.194.0-255,2902,29269,56,175468
21959,0.000243,172.31.46.0-255,66,29335,56,175468
21960,0.000256,172.217.194.0-255,2902,32237,56,175468
21961,0.000259,172.31.46.0-255,66,32303,56,175468
21962,0.000263,172.217.194.0-255,2902,35205,56,175468
21963,0.000265,172.31.46.0-255,66,35271,56,175468
21964,0.000288,172.217.194.0-255,3961,39232,56,175468
21965,0.000291,172.31.46.0-255,66,39298,56,175468
21966,0.000303,172.31.46.0-255,66,39364,56,175468
21967,0.000319,172.217.194.0-255,2902,42266,56,175468
21968,0.000321,172.31.46.0-255,66,42332,56,175468
21969,0.000345,172.217.194.0-255,2543,44875,56,175468
21970,0.000348,172.31.46.0-255,66,44941,56,175468
21971,0.000351,172.217.194.0-255,647,45588,56,175468
21972,0.000352,172.31.46.0-255,66,45654,56,175468
21973,0.000703,172.217.194.0-255,1484,47138,56,175468
21974,0.000711,172.217.194.0-255,2902,50040,56,175468
21975,0.000726,172.217.194.0-255,5738,55778,56,175468
21976,0.00074,172.217.194.0-255,5738,61516,56,175468
21977,0.000747,172.31.46.0-255,66,61582,56,175468
21978,0.000772,172.217.194.0-255,7156,68738,56,175468
21979,0.000779,172.31.46.0-255,66,68804,56,175468
21980,0.000831,172.31.46.0-255,66,68870,56,175468
21981,0.001007,172.217.194.0-255,1484,70354,56,175468
21982,0.001012,172.217.194.0-255,2902,73256,56,175468
21983,0.001016,172.31.46.0-255,66,73322,56,175468
21984,0.001036,172.217.194.0-255,5738,79060,56,175468
21985,0.001052,172.217.194.0-255,4320,83380,56,175468
21986,0.001055,172.31.46.0-255,66,83446,56,175468
21987,0.00106,172.31.46.0-255,66,83512,56,175468
21988,0.001075,172.217.194.0-255,1484,84996,56,175468
21989,0.001084,172.217.194.0-255,7156,92152,56,175468
21990,0.001095,172.217.194.0-255,2902,95054,56,175468
21991,0.001102,172.31.46.0-255,66,95120,56,175468
21992,0.001119,172.31.46.0-255,66,95186,56,175468
21993,0.001143,172.217.194.0-255,2902,98088,56,175468
21994,0.001148,172.31.46.0-255,66,98154,56,175468
21995,0.001166,172.31.46.0-255,66,98220,56,175468
21996,0.00119,172.217.194.0-255,5738,103958,56,175468
21997,0.001213,172.217.194.0-255,2902,106860,56,175468
21998,0.001223,172.31.46.0-255,66,106926,56,175468
21999,0.001245,172.31.46.0-255,66,106992,56,175468
22000,0.001293,172.217.194.0-255,5738,112730,56,175468
22001,0.001337,172.217.194.0-255,1484,114214,56,175468
22002,0.001347,172.31.46.0-255,66,114280,56,175468
22003,0.001418,172.217.194.0-255,5738,120018,56,175468
22004,0.001425,172.31.46.0-255,66,120084,56,175468
22005,0.001475,172.31.46.0-255,66,120150,56,175468
22006,0.001479,172.217.194.0-255,2902,123052,56,175468
22007,0.001484,172.31.46.0-255,66,123118,56,175468
22008,0.001513,172.31.46.0-255,66,123184,56,175468
22009,0.001566,172.31.46.0-255,66,123250,56,175468
22010,0.002076,172.217.194.0-255,1484,124734,56,175468
22011,0.002081,172.217.194.0-255,2902,127636,56,175468
22012,0.002084,172.31.46.0-255,66,127702,56,175468
22013,0.002088,172.217.194.0-255,1484,129186,56,175468
22014,0.002108,172.217.194.0-255,4320,133506,56,175468
22015,0.002123,172.217.194.0-255,4320,137826,56,175468
22016,0.002127,172.31.46.0-255,66,137892,56,175468
22017,0.002149,172.217.194.0-255,5738,143630,56,175468
22018,0.002199,172.217.194.0-255,2184,145814,56,175468
22019,0.002221,172.217.194.0-255,2902,148716,56,175468
22020,0.002249,172.217.194.0-255,7156,155872,56,175468
22021,0.002259,172.217.194.0-255,1484,157356,56,175468
22022,0.002308,172.217.194.0-255,4320,161676,56,175468
22023,0.002325,172.217.194.0-255,4320,165996,56,175468
22024,0.002345,172.217.194.0-255,3602,169598,56,175468
22025,0.006435,172.31.46.0-255,66,169664,56,175468
22026,0.008681,172.217.194.0-255,5738,175402,56,175468
22027,0.008689,172.31.46.0-255,66,175468,56,175468
22028,0.0,172.217.194.0-255,299,299,56,195221
22029,2.7e-05,172.31.46.0-255,66,365,56,195221
22030,3.3e-05,172.217.194.0-255,1484,1849,56,195221
22031,3.7e-05,172.31.46.0-255,66,1915,56,195221
22032,4.3e-05,172.217.194.0-255,4320,6235,56,195221
22033,4.6e-05,172.31.46.0-255,66,6301,56,195221
22034,5.7e-05,172.31.46.0-255,66,6367,56,195221
22035,9.7e-05,172.31.46.0-255,66,6433,56,195221
22036,0.000101,172.217.194.0-255,2543,8976,56,195221
22037,0.000103,172.31.46.0-255,66,9042,56,195221
22038,0.000155,172.217.194.0-255,5738,14780,56,195221
22039,0.000159,172.31.46.0-255,66,14846,56,195221
22040,0.000189,172.31.46.0-255,66,14912,56,195221
22041,0.000656,172.217.194.0-255,1484,16396,56,195221
22042,0.000661,172.31.46.0-255,66,16462,56,195221
22043,0.000666,172.217.194.0-255,2902,19364,56,195221
22044,0.00067,172.31.46.0-255,66,19430,56,195221
22045,0.000671,172.217.194.0-255,2902,22332,56,195221
22046,0.000674,172.31.46.0-255,66,22398,56,195221
22047,0.000686,172.217.194.0-255,2902,25300,56,195221
22048,0.000688,172.31.46.0-255,66,25366,56,195221
22049,0.000704,172.217.194.0-255,5738,31104,56,195221
22050,0.000707,172.31.46.0-255,66,31170,56,195221
22051,0.000718,172.217.194.0-255,1706,32876,56,195221
22052,0.000721,172.31.46.0-255,66,32942,56,195221
22053,0.000753,172.217.194.0-255,1484,34426,56,195221
22054,0.000756,172.31.46.0-255,66,34492,56,195221
22055,0.000775,172.217.194.0-255,2902,37394,56,195221
22056,0.000777,172.31.46.0-255,66,37460,56,195221
22057,0.000782,172.217.194.0-255,2902,40362,56,195221
22058,0.000783,172.31.46.0-255,66,40428,56,195221
22059,0.000796,172.217.194.0-255,2902,43330,56,195221
22060,0.000799,172.31.46.0-255,66,43396,56,195221
22061,0.000803,172.217.194.0-255,2902,46298,56,195221
22062,0.000805,172.31.46.0-255,66,46364,56,195221
22063,0.00083,172.217.194.0-255,3411,49775,56,195221
22064,0.000833,172.31.46.0-255,66,49841,56,195221
22065,0.001081,172.217.194.0-255,1484,51325,56,195221
22066,0.001091,172.217.194.0-255,2902,54227,56,195221
22067,0.001095,172.31.46.0-255,66,54293,56,195221
22068,0.001103,172.217.194.0-255,5738,60031,56,195221
22069,0.001105,172.31.46.0-255,66,60097,56,195221
22070,0.001111,172.217.194.0-255,4320,64417,56,195221
22071,0.001113,172.31.46.0-255,66,64483,56,195221
22072,0.00115,172.31.46.0-255,66,64549,56,195221
22073,0.001178,172.31.46.0-255,66,64615,56,195221
22074,0.001408,172.217.194.0-255,1484,66099,56,195221
22075,0.001415,172.217.194.0-255,2902,69001,56,195221
22076,0.001418,172.31.46.0-255,66,69067,56,195221
22077,0.001423,172.217.194.0-255,2902,71969,56,195221
22078,0.001424,172.31.46.0-255,66,72035,56,195221
22079,0.001439,172.217.194.0-255,2902,74937,56,195221
22080,0.001441,172.31.46.0-255,66,75003,56,195221
22081,0.001444,172.217.194.0-255,1484,76487,56,195221
22082,0.001475,172.31.46.0-255,66,76553,56,195221
22083,0.001486,172.31.46.0-255,66,76619,56,195221
22084,0.001698,172.217.194.0-255,1484,78103,56,195221
22085,0.001705,172.217.194.0-255,2902,81005,56,195221
22086,0.001709,172.31.46.0-255,66,81071,56,195221
22087,0.001714,172.217.194.0-255,5738,86809,56,195221
22088,0.001716,172.31.46.0-255,66,86875,56,195221
22089,0.001732,172.217.194.0-255,2902,89777,56,195221
22090,0.001734,172.31.46.0-255,66,89843,56,195221
22091,0.001766,172.31.46.0-255,66,89909,56,195221
22092,0.001771,172.217.194.0-255,4320,94229,56,195221
22093,0.001774,172.31.46.0-255,66,94295,56,195221
22094,0.00179,172.217.194.0-255,6438,100733,56,195221
22095,0.001792,172.31.46.0-255,66,100799,56,195221
22096,0.00193,172.217.194.0-255,1484,102283,56,195221
22097,0.001945,172.217.194.0-255,2902,105185,56,195221
22098,0.001949,172.31.46.0-255,66,105251,56,195221
22099,0.001987,172.217.194.0-255,5738,110989,56,195221
22100,0.001991,172.31.46.0-255,66,111055,56,195221
22101,0.001996,172.217.194.0-255,4320,115375,56,195221
22102,0.001998,172.31.46.0-255,66,115441,56,195221
22103,0.002004,172.217.194.0-255,7156,122597,56,195221
22104,0.002006,172.31.46.0-255,66,122663,56,195221
22105,0.002024,172.217.194.0-255,4320,126983,56,195221
22106,0.002027,172.31.46.0-255,66,127049,56,195221
22107,0.002036,172.31.46.0-255,66,127115,56,195221
22108,0.002109,172.217.194.0-255,1484,128599,56,195221
22109,0.002114,172.217.194.0-255,2902,131501,56,195221
22110,0.002118,172.31.46.0-255,66,131567,56,195221
22111,0.00214,172.217.194.0-255,5738,137305,56,195221
22112,0.002143,172.31.46.0-255,66,137371,56,195221
22113,0.002153,172.217.194.0-255,1484,138855,56,195221
22114,0.002184,172.31.46.0-255,66,138921,56,195221
22115,0.002195,172.31.46.0-255,66,138987,56,195221
22116,0.002256,172.217.194.0-255,1484,140471,56,195221
22117,0.002261,172.217.194.0-255,2902,143373,56,195221
22118,0.002264,172.31.46.0-255,66,143439,56,195221
22119,0.00227,172.217.194.0-255,5738,149177,56,195221
22120,0.002272,172.31.46.0-255,66,149243,56,195221
22121,0.002287,172.217.194.0-255,4320,153563,56,195221
22122,0.002289,172.31.46.0-255,66,153629,56,195221
22123,0.00232,172.217.194.0-255,1484,155113,56,195221
22124,0.002333,172.31.46.0-255,66,155179,56,195221
22125,0.002338,172.217.194.0-255,5020,160199,56,195221
22126,0.00234,172.31.46.0-255,66,160265,56,195221
22127,0.002432,172.217.194.0-255,1484,161749,56,195221
22128,0.002437,172.217.194.0-255,2902,164651,56,195221
22129,0.002439,172.31.46.0-255,66,164717,56,195221
22130,0.002455,172.217.194.0-255,5738,170455,56,195221
22131,0.002497,172.217.194.0-255,5738,176193,56,195221
22132,0.002511,172.217.194.0-255,2902,179095,56,195221
22133,0.002535,172.217.194.0-255,1484,180579,56,195221
22134,0.002572,172.217.194.0-255,1484,182063,56,195221
22135,0.002595,172.217.194.0-255,1484,183547,56,195221
22136,0.002749,172.31.46.0-255,66,183613,56,195221
22137,0.005307,172.217.194.0-255,5738,189351,56,195221
22138,0.005311,172.31.46.0-255,66,189417,56,195221
22139,0.007866,172.217.194.0-255,5738,195155,56,195221
22140,0.00787,172.31.46.0-255,66,195221,56,195221
22141,0.0,74.125.24.0-255,153,153,56,244478
22142,1.8e-05,172.31.46.0-255,66,219,56,244478
22143,2.5e-05,74.125.24.0-255,1484,1703,56,244478
22144,2.9e-05,172.31.46.0-255,66,1769,56,244478
22145,3.4e-05,74.125.24.0-255,2902,4671,56,244478
22146,4.5e-05,172.31.46.0-255,66,4737,56,244478
22147,5.1e-05,74.125.24.0-255,4320,9057,56,244478
22148,5.4e-05,172.31.46.0-255,66,9123,56,244478
22149,9.7e-05,172.31.46.0-255,66,9189,56,244478
22150,0.000103,74.125.24.0-255,4320,13509,56,244478
22151,0.000105,172.31.46.0-255,66,13575,56,244478
22152,0.000133,74.125.24.0-255,5738,19313,56,244478
22153,0.000135,172.31.46.0-255,66,19379,56,244478
22154,0.000161,172.31.46.0-255,66,19445,56,244478
22155,0.000197,172.31.46.0-255,66,19511,56,244478
22156,0.0002,74.125.24.0-255,1484,20995,56,244478
22157,0.000202,172.31.46.0-255,66,21061,56,244478
22158,0.000238,74.125.24.0-255,2902,23963,56,244478
22159,0.000241,172.31.46.0-255,66,24029,56,244478
22160,0.000248,74.125.24.0-255,5738,29767,56,244478
22161,0.00025,172.31.46.0-255,66,29833,56,244478
22162,0.000262,74.125.24.0-255,7152,36985,56,244478
22163,0.000265,172.31.46.0-255,66,37051,56,244478
22164,0.000362,74.125.24.0-255,1484,38535,56,244478
22165,0.000365,172.31.46.0-255,66,38601,56,244478
22166,0.000378,74.125.24.0-255,2902,41503,56,244478
22167,0.000385,172.31.46.0-255,66,41569,56,244478
22168,0.000391,74.125.24.0-255,4320,45889,56,244478
22169,0.000393,172.31.46.0-255,66,45955,56,244478
22170,0.000415,74.125.24.0-255,1484,47439,56,244478
22171,0.000421,74.125.24.0-255,4320,51759,56,244478
22172,0.000468,74.125.24.0-255,4320,56079,56,244478
22173,0.000487,74.125.24.0-255,3602,59681,56,244478
22174,0.00049,74.125.24.0-255,1484,61165,56,244478
22175,0.000502,74.125.24.0-255,2902,64067,56,244478
22176,0.000521,74.125.24.0-255,4320,68387,56,244478
22177,0.000534,74.125.24.0-255,4320,72707,56,244478
22178,0.000578,74.125.24.0-255,2902,75609,56,244478
22179,0.000603,74.125.24.0-255,2902,78511,56,244478
22180,0.000629,74.125.24.0-255,3868,82379,56,244478
22181,0.000693,172.31.46.0-255,66,82445,56,244478
22182,0.001153,74.125.24.0-255,1484,83929,56,244478
22183,0.001162,74.125.24.0-255,2902,86831,56,244478
22184,0.001166,172.31.46.0-255,66,86897,56,244478
22185,0.001178,74.125.24.0-255,1484,88381,56,244478
22186,0.001204,74.125.24.0-255,4320,92701,56,244478
22187,0.001207,74.125.24.0-255,1484,94185,56,244478
22188,0.001245,172.31.46.0-255,66,94251,56,244478
22189,0.001287,172.31.46.0-255,66,94317,56,244478
22190,0.001315,74.125.24.0-255,5738,100055,56,244478
22191,0.001328,172.31.46.0-255,66,100121,56,244478
22192,0.001335,74.125.24.0-255,5738,105859,56,244478
22193,0.001339,74.125.24.0-255,4320,110179,56,244478
22194,0.001366,74.125.24.0-255,2902,113081,56,244478
22195,0.00137,172.31.46.0-255,66,113147,56,244478
22196,0.001421,172.31.46.0-255,66,113213,56,244478
22197,0.001472,74.125.24.0-255,2902,116115,56,244478
22198,0.001477,74.125.24.0-255,4320,120435,56,244478
22199,0.001479,172.31.46.0-255,66,120501,56,244478
22200,0.001485,172.31.46.0-255,66,120567,56,244478
22201,0.001589,74.125.24.0-255,4320,124887,56,244478
22202,0.001592,74.125.24.0-255,766,125653,56,244478
22203,0.001596,172.31.46.0-255,66,125719,56,244478
22204,0.002482,74.125.24.0-255,1484,127203,56,244478
22205,0.002488,74.125.24.0-255,2902,130105,56,244478
22206,0.002492,172.31.46.0-255,66,130171,56,244478
22207,0.002499,74.125.24.0-255,5738,135909,56,244478
22208,0.002523,74.125.24.0-255,7156,143065,56,244478
22209,0.002537,74.125.24.0-255,5738,148803,56,244478
22210,0.002542,74.125.24.0-255,4320,153123,56,244478
22211,0.002548,172.31.46.0-255,66,153189,56,244478
22212,0.002556,74.125.24.0-255,2902,156091,56,244478
22213,0.002561,172.31.46.0-255,66,156157,56,244478
22214,0.002594,74.125.24.0-255,3602,159759,56,244478
22215,0.002613,172.31.46.0-255,66,159825,56,244478
22216,0.002637,74.125.24.0-255,1484,161309,56,244478
22217,0.002642,74.125.24.0-255,2902,164211,56,244478
22218,0.002655,172.31.46.0-255,66,164277,56,244478
22219,0.002661,74.125.24.0-255,5738,170015,56,244478
22220,0.002664,74.125.24.0-255,1484,171499,56,244478
22221,0.002676,172.31.46.0-255,66,171565,56,244478
22222,0.002684,74.125.24.0-255,1484,173049,56,244478
22223,0.002686,74.125.24.0-255,1484,174533,56,244478
22224,0.002689,74.125.24.0-255,1484,176017,56,244478
22225,0.002709,74.125.24.0-255,4320,180337,56,244478
22226,0.002725,74.125.24.0-255,2902,183239,56,244478
22227,0.00273,172.31.46.0-255,66,183305,56,244478
22228,0.002765,74.125.24.0-255,766,184071,56,244478
22229,0.00278,172.31.46.0-255,66,184137,56,244478
22230,0.002828,74.125.24.0-255,1484,185621,56,244478
22231,0.002832,74.125.24.0-255,1484,187105,56,244478
22232,0.002844,74.125.24.0-255,1484,188589,56,244478
22233,0.002852,172.31.46.0-255,66,188655,56,244478
22234,0.002872,74.125.24.0-255,5738,194393,56,244478
22235,0.00289,172.31.46.0-255,66,194459,56,244478
22236,0.002909,74.125.24.0-255,1484,195943,56,244478
22237,0.002911,74.125.24.0-255,1484,197427,56,244478
22238,0.002917,172.31.46.0-255,66,197493,56,244478
22239,0.002957,74.125.24.0-255,4320,201813,56,244478
22240,0.002978,74.125.24.0-255,3602,205415,56,244478
22241,0.002981,172.31.46.0-255,66,205481,56,244478
22242,0.002986,172.31.46.0-255,66,205547,56,244478
22243,0.00321,74.125.24.0-255,1484,207031,56,244478
22244,0.003216,74.125.24.0-255,2902,209933,56,244478
22245,0.003219,172.31.46.0-255,66,209999,56,244478
22246,0.003255,74.125.24.0-255,5738,215737,56,244478
22247,0.003258,74.125.24.0-255,1484,217221,56,244478
22248,0.003274,74.125.24.0-255,4320,221541,56,244478
22249,0.003291,172.31.46.0-255,66,221607,56,244478
22250,0.003333,74.125.24.0-255,1484,223091,56,244478
22251,0.003338,172.31.46.0-255,66,223157,56,244478
22252,0.003348,74.125.24.0-255,3602,226759,56,244478
22253,0.003369,74.125.24.0-255,4320,231079,56,244478
22254,0.003384,172.31.46.0-255,66,231145,56,244478
22255,0.003412,74.125.24.0-255,4320,235465,56,244478
22256,0.003428,74.125.24.0-255,5738,241203,56,244478
22257,0.003433,172.31.46.0-255,66,241269,56,244478
22258,0.003465,74.125.24.0-255,2867,244136,56,244478
22259,0.003486,74.125.24.0-255,105,244241,56,244478
22260,0.003491,172.31.46.0-255,66,244307,56,244478
22261,0.005464,172.31.46.0-255,105,244412,56,244478
22262,0.00804,74.125.24.0-255,66,244478,56,244478
22263,0.0,74.125.24.0-255,150,150,56,198092
22264,1.6e-05,172.31.46.0-255,66,216,56,198092
22265,2.3e-05,74.125.24.0-255,1484,1700,56,198092
22266,2.8e-05,172.31.46.0-255,66,1766,56,198092
22267,3.3e-05,74.125.24.0-255,2902,4668,56,198092
22268,4.5e-05,172.31.46.0-255,66,4734,56,198092
22269,5.2e-05,74.125.24.0-255,5738,10472,56,198092
22270,5.5e-05,172.31.46.0-255,66,10538,56,198092
22271,8.2e-05,172.31.46.0-255,66,10604,56,198092
22272,0.000116,74.125.24.0-255,1930,12534,56,198092
22273,0.000119,172.31.46.0-255,66,12600,56,198092
22274,0.000127,74.125.24.0-255,6797,19397,56,198092
22275,0.000134,172.31.46.0-255,66,19463,56,198092
22276,0.000146,74.125.24.0-255,1484,20947,56,198092
22277,0.000153,172.31.46.0-255,66,21013,56,198092
22278,0.000158,74.125.24.0-255,2902,23915,56,198092
22279,0.00016,172.31.46.0-255,66,23981,56,198092
22280,0.000185,74.125.24.0-255,1484,25465,56,198092
22281,0.000187,172.31.46.0-255,66,25531,56,198092
22282,0.000224,74.125.24.0-255,4320,29851,56,198092
22283,0.000227,172.31.46.0-255,66,29917,56,198092
22284,0.000244,172.31.46.0-255,66,29983,56,198092
22285,0.000248,74.125.24.0-255,2902,32885,56,198092
22286,0.00025,172.31.46.0-255,66,32951,56,198092
22287,0.000293,172.31.46.0-255,66,33017,56,198092
22288,0.000344,74.125.24.0-255,117,33134,56,198092
22289,0.000347,172.31.46.0-255,66,33200,56,198092
22290,0.000426,74.125.24.0-255,1484,34684,56,198092
22291,0.00043,172.31.46.0-255,66,34750,56,198092
22292,0.000436,74.125.24.0-255,2902,37652,56,198092
22293,0.000439,172.31.46.0-255,66,37718,56,198092
22294,0.000442,74.125.24.0-255,1484,39202,56,198092
22295,0.00047,74.125.24.0-255,4320,43522,56,198092
22296,0.000473,172.31.46.0-255,66,43588,56,198092
22297,0.000476,74.125.24.0-255,1484,45072,56,198092
22298,0.000506,74.125.24.0-255,5379,50451,56,198092
22299,0.000508,172.31.46.0-255,66,50517,56,198092
22300,0.000537,74.125.24.0-255,7156,57673,56,198092
22301,0.00054,172.31.46.0-255,66,57739,56,198092
22302,0.000545,74.125.24.0-255,4320,62059,56,198092
22303,0.000548,172.31.46.0-255,66,62125,56,198092
22304,0.000576,74.125.24.0-255,1484,63609,56,198092
22305,0.000592,74.125.24.0-255,4225,67834,56,198092
22306,0.000596,172.31.46.0-255,66,67900,56,198092
22307,0.000757,74.125.24.0-255,1484,69384,56,198092
22308,0.000764,74.125.24.0-255,2902,72286,56,198092
22309,0.000767,172.31.46.0-255,66,72352,56,198092
22310,0.000771,74.125.24.0-255,1484,73836,56,198092
22311,0.000795,74.125.24.0-255,4320,78156,56,198092
22312,0.000798,172.31.46.0-255,66,78222,56,198092
22313,0.000805,74.125.24.0-255,5738,83960,56,198092
22314,0.000807,172.31.46.0-255,66,84026,56,198092
22315,0.000825,172.31.46.0-255,66,84092,56,198092
22316,0.00086,74.125.24.0-255,1484,85576,56,198092
22317,0.000867,74.125.24.0-255,5020,90596,56,198092
22318,0.00087,172.31.46.0-255,66,90662,56,198092
22319,0.001051,74.125.24.0-255,1484,92146,56,198092
22320,0.001057,74.125.24.0-255,2902,95048,56,198092
22321,0.001061,172.31.46.0-255,66,95114,56,198092
22322,0.001067,74.125.24.0-255,2902,98016,56,198092
22323,0.001069,172.31.46.0-255,66,98082,56,198092
22324,0.0011,74.125.24.0-255,2902,100984,56,198092
22325,0.001102,172.31.46.0-255,66,101050,56,198092
22326,0.00112,172.31.46.0-255,66,101116,56,198092
22327,0.001124,74.125.24.0-255,1484,102600,56,198092
22328,0.001147,74.125.24.0-255,5738,108338,56,198092
22329,0.00115,172.31.46.0-255,66,108404,56,198092
22330,0.001176,74.125.24.0-255,3602,112006,56,198092
22331,0.001179,172.31.46.0-255,66,112072,56,198092
22332,0.001631,74.125.24.0-255,1484,113556,56,198092
22333,0.001638,74.125.24.0-255,2902,116458,56,198092
22334,0.001644,172.31.46.0-255,66,116524,56,198092
22335,0.001653,74.125.24.0-255,5738,122262,56,198092
22336,0.001655,172.31.46.0-255,66,122328,56,198092
22337,0.001674,74.125.24.0-255,4320,126648,56,198092
22338,0.001676,172.31.46.0-255,66,126714,56,198092
22339,0.001718,172.31.46.0-255,66,126780,56,198092
22340,0.001735,172.31.46.0-255,66,126846,56,198092
22341,0.001958,74.125.24.0-255,1484,128330,56,198092
22342,0.001978,74.125.24.0-255,2902,131232,56,198092
22343,0.001981,172.31.46.0-255,66,131298,56,198092
22344,0.001988,74.125.24.0-255,5738,137036,56,198092
22345,0.001991,172.31.46.0-255,66,137102,56,198092
22346,0.002036,74.125.24.0-255,7156,144258,56,198092
22347,0.002038,172.31.46.0-255,66,144324,56,198092
22348,0.002076,74.125.24.0-255,5738,150062,56,198092
22349,0.002079,172.31.46.0-255,66,150128,56,198092
22350,0.002086,74.125.24.0-255,7156,157284,56,198092
22351,0.002089,172.31.46.0-255,66,157350,56,198092
22352,0.002098,74.125.24.0-255,3602,160952,56,198092
22353,0.002101,172.31.46.0-255,66,161018,56,198092
22354,0.002104,74.125.24.0-255,1484,162502,56,198092
22355,0.002107,74.125.24.0-255,1484,163986,56,198092
22356,0.002109,172.31.46.0-255,66,164052,56,198092
22357,0.002131,74.125.24.0-255,1484,165536,56,198092
22358,0.002137,74.125.24.0-255,5738,171274,56,198092
22359,0.002146,74.125.24.0-255,4320,175594,56,198092
22360,0.002177,74.125.24.0-255,7156,182750,56,198092
22361,0.002191,74.125.24.0-255,1484,184234,56,198092
22362,0.002223,74.125.24.0-255,2184,186418,56,198092
22363,0.005247,172.31.46.0-255,66,186484,56,198092
22364,0.007565,74.125.24.0-255,5738,192222,56,198092
22365,0.007573,172.31.46.0-255,66,192288,56,198092
22366,0.009901,74.125.24.0-255,5738,198026,56,198092
22367,0.009909,172.31.46.0-255,66,198092,56,198092
22368,0.0,74.125.24.0-255,152,152,56,240741
22369,1.5e-05,172.31.46.0-255,66,218,56,240741
22370,2.1e-05,74.125.24.0-255,1484,1702,56,240741
22371,2.5e-05,172.31.46.0-255,66,1768,56,240741
22372,2.8e-05,74.125.24.0-255,1484,3252,56,240741
22373,3e-05,172.31.46.0-255,66,3318,56,240741
22374,5.9e-05,74.125.24.0-255,1484,4802,56,240741
22375,6.2e-05,172.31.46.0-255,66,4868,56,240741
22376,8.2e-05,74.125.24.0-255,2902,7770,56,240741
22377,8.5e-05,172.31.46.0-255,66,7836,56,240741
22378,9.6e-05,172.31.46.0-255,66,7902,56,240741
22379,0.000102,74.125.24.0-255,5738,13640,56,240741
22380,0.000104,172.31.46.0-255,66,13706,56,240741
22381,0.000107,74.125.24.0-255,1484,15190,56,240741
22382,0.000108,172.31.46.0-255,66,15256,56,240741
22383,0.000154,172.31.46.0-255,66,15322,56,240741
22384,0.000159,74.125.24.0-255,5020,20342,56,240741
22385,0.000161,172.31.46.0-255,66,20408,56,240741
22386,0.000181,74.125.24.0-255,1484,21892,56,240741
22387,0.000183,172.31.46.0-255,66,21958,56,240741
22388,0.000214,172.31.46.0-255,66,22024,56,240741
22389,0.000231,74.125.24.0-255,1481,23505,56,240741
22390,0.000233,172.31.46.0-255,66,23571,56,240741
22391,0.000247,74.125.24.0-255,1484,25055,56,240741
22392,0.000249,172.31.46.0-255,66,25121,56,240741
22393,0.000275,172.31.46.0-255,66,25187,56,240741
22394,0.000429,74.125.24.0-255,1484,26671,56,240741
22395,0.000434,172.31.46.0-255,66,26737,56,240741
22396,0.000439,74.125.24.0-255,2902,29639,56,240741
22397,0.00044,172.31.46.0-255,66,29705,56,240741
22398,0.000446,74.125.24.0-255,5738,35443,56,240741
22399,0.000448,172.31.46.0-255,66,35509,56,240741
22400,0.000483,74.125.24.0-255,4320,39829,56,240741
22401,0.000487,172.31.46.0-255,66,39895,56,240741
22402,0.000489,172.31.46.0-255,66,39961,56,240741
22403,0.000503,74.125.24.0-255,6438,46399,56,240741
22404,0.000518,172.31.46.0-255,66,46465,56,240741
22405,0.000962,74.125.24.0-255,1484,47949,56,240741
22406,0.000969,74.125.24.0-255,2902,50851,56,240741
22407,0.000973,172.31.46.0-255,66,50917,56,240741
22408,0.000979,74.125.24.0-255,5738,56655,56,240741
22409,0.000981,172.31.46.0-255,66,56721,56,240741
22410,0.000986,74.125.24.0-255,4320,61041,56,240741
22411,0.000988,172.31.46.0-255,66,61107,56,240741
22412,0.001004,74.125.24.0-255,1484,62591,56,240741
22413,0.001011,74.125.24.0-255,7156,69747,56,240741
22414,0.001013,172.31.46.0-255,66,69813,56,240741
22415,0.001026,74.125.24.0-255,5738,75551,56,240741
22416,0.001029,172.31.46.0-255,66,75617,56,240741
22417,0.001034,74.125.24.0-255,4320,79937,56,240741
22418,0.001036,172.31.46.0-255,66,80003,56,240741
22419,0.001046,74.125.24.0-255,766,80769,56,240741
22420,0.001148,74.125.24.0-255,1484,82253,56,240741
22421,0.001152,172.31.46.0-255,66,82319,56,240741
22422,0.001156,74.125.24.0-255,2902,85221,56,240741
22423,0.001158,172.31.46.0-255,66,85287,56,240741
22424,0.001163,74.125.24.0-255,4320,89607,56,240741
22425,0.001165,172.31.46.0-255,66,89673,56,240741
22426,0.001182,74.125.24.0-255,1484,91157,56,240741
22427,0.001187,74.125.24.0-255,4320,95477,56,240741
22428,0.001189,172.31.46.0-255,66,95543,56,240741
22429,0.001217,74.125.24.0-255,2902,98445,56,240741
22430,0.001219,172.31.46.0-255,66,98511,56,240741
22431,0.001229,172.31.46.0-255,66,98577,56,240741
22432,0.001243,74.125.24.0-255,4320,102897,56,240741
22433,0.001244,172.31.46.0-255,66,102963,56,240741
22434,0.001266,74.125.24.0-255,3602,106565,56,240741
22435,0.001268,172.31.46.0-255,66,106631,56,240741
22436,0.00212,74.125.24.0-255,1484,108115,56,240741
22437,0.002127,74.125.24.0-255,2902,111017,56,240741
22438,0.002131,172.31.46.0-255,66,111083,56,240741
22439,0.002157,74.125.24.0-255,1484,112567,56,240741
22440,0.002176,74.125.24.0-255,4320,116887,56,240741
22441,0.002178,172.31.46.0-255,66,116953,56,240741
22442,0.002182,74.125.24.0-255,2902,119855,56,240741
22443,0.002184,172.31.46.0-255,66,119921,56,240741
22444,0.002188,74.125.24.0-255,4320,124241,56,240741
22445,0.00219,172.31.46.0-255,66,124307,56,240741
22446,0.002196,74.125.24.0-255,5738,130045,56,240741
22447,0.002197,172.31.46.0-255,66,130111,56,240741
22448,0.002207,172.31.46.0-255,66,130177,56,240741
22449,0.002226,74.125.24.0-255,2184,132361,56,240741
22450,0.002229,172.31.46.0-255,66,132427,56,240741
22451,0.002493,74.125.24.0-255,1484,133911,56,240741
22452,0.0025,74.125.24.0-255,2902,136813,56,240741
22453,0.002504,172.31.46.0-255,66,136879,56,240741
22454,0.002508,74.125.24.0-255,2902,139781,56,240741
22455,0.00251,172.31.46.0-255,66,139847,56,240741
22456,0.002522,74.125.24.0-255,2902,142749,56,240741
22457,0.002524,172.31.46.0-255,66,142815,56,240741
22458,0.002552,74.125.24.0-255,7156,149971,56,240741
22459,0.002554,172.31.46.0-255,66,150037,56,240741
22460,0.002564,172.31.46.0-255,66,150103,56,240741
22461,0.00259,74.125.24.0-255,6438,156541,56,240741
22462,0.002592,172.31.46.0-255,66,156607,56,240741
22463,0.002695,74.125.24.0-255,1484,158091,56,240741
22464,0.0027,74.125.24.0-255,2902,160993,56,240741
22465,0.002703,172.31.46.0-255,66,161059,56,240741
22466,0.002729,74.125.24.0-255,5738,166797,56,240741
22467,0.002731,172.31.46.0-255,66,166863,56,240741
22468,0.002734,74.125.24.0-255,1484,168347,56,240741
22469,0.002755,172.31.46.0-255,66,168413,56,240741
22470,0.00276,74.125.24.0-255,4320,172733,56,240741
22471,0.002763,172.31.46.0-255,66,172799,56,240741
22472,0.002784,74.125.24.0-255,2902,175701,56,240741
22473,0.002786,172.31.46.0-255,66,175767,56,240741
22474,0.002802,74.125.24.0-255,1484,177251,56,240741
22475,0.002819,74.125.24.0-255,2184,179435,56,240741
22476,0.002821,172.31.46.0-255,66,179501,56,240741
22477,0.002824,74.125.24.0-255,1484,180985,56,240741
22478,0.002839,74.125.24.0-255,2902,183887,56,240741
22479,0.00284,172.31.46.0-255,66,183953,56,240741
22480,0.002855,74.125.24.0-255,2902,186855,56,240741
22481,0.002857,172.31.46.0-255,66,186921,56,240741
22482,0.002887,74.125.24.0-255,7156,194077,56,240741
22483,0.002889,172.31.46.0-255,66,194143,56,240741
22484,0.0029,172.31.46.0-255,66,194209,56,240741
22485,0.002914,74.125.24.0-255,1484,195693,56,240741
22486,0.00294,172.31.46.0-255,66,195759,56,240741
22487,0.002952,172.31.46.0-255,66,195825,56,240741
22488,0.002975,74.125.24.0-255,4320,200145,56,240741
22489,0.002977,172.31.46.0-255,66,200211,56,240741
22490,0.002989,172.31.46.0-255,66,200277,56,240741
22491,0.002999,172.31.46.0-255,66,200343,56,240741
22492,0.003018,74.125.24.0-255,2902,203245,56,240741
22493,0.00302,172.31.46.0-255,66,203311,56,240741
22494,0.003022,74.125.24.0-255,1484,204795,56,240741
22495,0.003032,172.31.46.0-255,66,204861,56,240741
22496,0.003042,172.31.46.0-255,66,204927,56,240741
22497,0.003045,74.125.24.0-255,2184,207111,56,240741
22498,0.003047,172.31.46.0-255,66,207177,56,240741
22499,0.003049,74.125.24.0-255,1484,208661,56,240741
22500,0.003102,74.125.24.0-255,5738,214399,56,240741
22501,0.003104,172.31.46.0-255,66,214465,56,240741
22502,0.00311,74.125.24.0-255,5738,220203,56,240741
22503,0.003112,172.31.46.0-255,66,220269,56,240741
22504,0.003128,74.125.24.0-255,4320,224589,56,240741
22505,0.00313,172.31.46.0-255,66,224655,56,240741
22506,0.003137,74.125.24.0-255,7156,231811,56,240741
22507,0.00314,172.31.46.0-255,66,231877,56,240741
22508,0.003161,74.125.24.0-255,2902,234779,56,240741
22509,0.003164,172.31.46.0-255,66,234845,56,240741
22510,0.003186,74.125.24.0-255,5554,240399,56,240741
22511,0.003205,74.125.24.0-255,105,240504,56,240741
22512,0.004898,172.31.46.0-255,66,240570,56,240741
22513,0.006709,172.31.46.0-255,105,240675,56,240741
22514,0.008727,74.125.24.0-255,66,240741,56,240741
22515,0.0,74.125.24.0-255,152,152,56,129776
22516,1.8e-05,172.31.46.0-255,66,218,56,129776
22517,2.5e-05,74.125.24.0-255,1484,1702,56,129776
22518,3e-05,172.31.46.0-255,66,1768,56,129776
22519,4.3e-05,74.125.24.0-255,2902,4670,56,129776
22520,4.7e-05,172.31.46.0-255,66,4736,56,129776
22521,5.1e-05,74.125.24.0-255,2902,7638,56,129776
22522,5.5e-05,172.31.46.0-255,66,7704,56,129776
22523,0.000121,172.31.46.0-255,66,7770,56,129776
22524,0.000133,172.31.46.0-255,66,7836,56,129776
22525,0.00018,172.31.46.0-255,66,7902,56,129776
22526,0.000225,172.31.46.0-255,66,7968,56,129776
22527,0.000228,74.125.24.0-255,1465,9433,56,129776
22528,0.00023,172.31.46.0-255,66,9499,56,129776
22529,0.000331,74.125.24.0-255,1484,10983,56,129776
22530,0.000335,172.31.46.0-255,66,11049,56,129776
22531,0.00034,74.125.24.0-255,2902,13951,56,129776
22532,0.000342,172.31.46.0-255,66,14017,56,129776
22533,0.000345,74.125.24.0-255,1484,15501,56,129776
22534,0.000349,172.31.46.0-255,66,15567,56,129776
22535,0.00039,74.125.24.0-255,4320,19887,56,129776
22536,0.000393,172.31.46.0-255,66,19953,56,129776
22537,0.000407,172.31.46.0-255,66,20019,56,129776
22538,0.000419,74.125.24.0-255,5738,25757,56,129776
22539,0.000423,172.31.46.0-255,66,25823,56,129776
22540,0.000453,74.125.24.0-255,2902,28725,56,129776
22541,0.000456,172.31.46.0-255,66,28791,56,129776
22542,0.00046,74.125.24.0-255,2184,30975,56,129776
22543,0.000461,172.31.46.0-255,66,31041,56,129776
22544,0.0005,74.125.24.0-255,1484,32525,56,129776
22545,0.000523,74.125.24.0-255,2902,35427,56,129776
22546,0.000526,172.31.46.0-255,66,35493,56,129776
22547,0.000533,74.125.24.0-255,5738,41231,56,129776
22548,0.000535,172.31.46.0-255,66,41297,56,129776
22549,0.00054,74.125.24.0-255,2902,44199,56,129776
22550,0.000542,172.31.46.0-255,66,44265,56,129776
22551,0.000582,172.31.46.0-255,66,44331,56,129776
22552,0.000595,172.31.46.0-255,66,44397,56,129776
22553,0.000635,172.31.46.0-255,66,44463,56,129776
22554,0.000654,172.31.46.0-255,66,44529,56,129776
22555,0.00066,74.125.24.0-255,6438,50967,56,129776
22556,0.000662,172.31.46.0-255,66,51033,56,129776
22557,0.000693,74.125.24.0-255,1484,52517,56,129776
22558,0.000711,74.125.24.0-255,2902,55419,56,129776
22559,0.000714,172.31.46.0-255,66,55485,56,129776
22560,0.000745,74.125.24.0-255,5738,61223,56,129776
22561,0.000748,172.31.46.0-255,66,61289,56,129776
22562,0.000765,172.31.46.0-255,66,61355,56,129776
22563,0.000843,172.31.46.0-255,66,61421,56,129776
22564,0.000862,172.31.46.0-255,66,61487,56,129776
22565,0.000874,172.31.46.0-255,66,61553,56,129776
22566,0.000907,74.125.24.0-255,1484,63037,56,129776
22567,0.000911,74.125.24.0-255,2902,65939,56,129776
22568,0.000914,172.31.46.0-255,66,66005,56,129776
22569,0.00092,74.125.24.0-255,5738,71743,56,129776
22570,0.000923,172.31.46.0-255,66,71809,56,129776
22571,0.000946,74.125.24.0-255,1484,73293,56,129776
22572,0.000979,172.31.46.0-255,66,73359,56,129776
22573,0.000982,74.125.24.0-255,1484,74843,56,129776
22574,0.000999,74.125.24.0-255,2902,77745,56,129776
22575,0.001002,172.31.46.0-255,66,77811,56,129776
22576,0.001034,74.125.24.0-255,6438,84249,56,129776
22577,0.001037,172.31.46.0-255,66,84315,56,129776
22578,0.001079,74.125.24.0-255,1484,85799,56,129776
22579,0.001104,74.125.24.0-255,2902,88701,56,129776
22580,0.001107,172.31.46.0-255,66,88767,56,129776
22581,0.00111,74.125.24.0-255,1484,90251,56,129776
22582,0.001139,74.125.24.0-255,4320,94571,56,129776
22583,0.001142,172.31.46.0-255,66,94637,56,129776
22584,0.00115,74.125.24.0-255,7156,101793,56,129776
22585,0.001152,172.31.46.0-255,66,101859,56,129776
22586,0.001175,74.125.24.0-255,5738,107597,56,129776
22587,0.001178,172.31.46.0-255,66,107663,56,129776
22588,0.001189,172.31.46.0-255,66,107729,56,129776
22589,0.001213,74.125.24.0-255,2184,109913,56,129776
22590,0.001216,172.31.46.0-255,66,109979,56,129776
22591,0.00122,74.125.24.0-255,2902,112881,56,129776
22592,0.001222,172.31.46.0-255,66,112947,56,129776
22593,0.001226,74.125.24.0-255,2902,115849,56,129776
22594,0.001228,172.31.46.0-255,66,115915,56,129776
22595,0.001263,74.125.24.0-255,4320,120235,56,129776
22596,0.001266,172.31.46.0-255,66,120301,56,129776
22597,0.001287,172.31.46.0-255,66,120367,56,129776
22598,0.001316,74.125.24.0-255,7156,127523,56,129776
22599,0.001319,172.31.46.0-255,66,127589,56,129776
22600,0.001359,172.31.46.0-255,66,127655,56,129776
22601,0.001361,74.125.24.0-255,1484,129139,56,129776
22602,0.0014,172.31.46.0-255,66,129205,56,129776
22603,0.00146,172.31.46.0-255,66,129271,56,129776
22604,0.0015,172.31.46.0-255,66,129337,56,129776
22605,0.001527,172.31.46.0-255,66,129403,56,129776
22606,0.00153,74.125.24.0-255,97,129500,56,129776
22607,0.001532,74.125.24.0-255,105,129605,56,129776
22608,0.009931,172.31.46.0-255,66,129671,56,129776
22609,0.00998,172.31.46.0-255,105,129776,56,129776
22610,0.0,172.217.194.0-255,146,146,56,162309
22611,2.4e-05,172.31.46.0-255,66,212,56,162309
22612,3.2e-05,172.217.194.0-255,1484,1696,56,162309
22613,3.6e-05,172.31.46.0-255,66,1762,56,162309
22614,4.1e-05,172.217.194.0-255,2902,4664,56,162309
22615,4.5e-05,172.31.46.0-255,66,4730,56,162309
22616,6.1e-05,172.217.194.0-255,7156,11886,56,162309
22617,6.5e-05,172.31.46.0-255,66,11952,56,162309
22618,7.2e-05,172.217.194.0-255,4910,16862,56,162309
22619,7.5e-05,172.31.46.0-255,66,16928,56,162309
22620,8.1e-05,172.217.194.0-255,5738,22666,56,162309
22621,8.5e-05,172.31.46.0-255,66,22732,56,162309
22622,0.000111,172.217.194.0-255,4320,27052,56,162309
22623,0.000114,172.31.46.0-255,66,27118,56,162309
22624,0.000162,172.31.46.0-255,66,27184,56,162309
22625,0.000176,172.31.46.0-255,66,27250,56,162309
22626,0.000193,172.31.46.0-255,66,27316,56,162309
22627,0.000234,172.217.194.0-255,1484,28800,56,162309
22628,0.000236,172.31.46.0-255,66,28866,56,162309
22629,0.000242,172.217.194.0-255,2902,31768,56,162309
22630,0.000244,172.31.46.0-255,66,31834,56,162309
22631,0.00025,172.217.194.0-255,5738,37572,56,162309
22632,0.000252,172.31.46.0-255,66,37638,56,162309
22633,0.000311,172.31.46.0-255,66,37704,56,162309
22634,0.000317,172.217.194.0-255,5738,43442,56,162309
22635,0.000319,172.31.46.0-255,66,43508,56,162309
22636,0.00037,172.31.46.0-255,66,43574,56,162309
22637,0.000377,172.217.194.0-255,6515,50089,56,162309
22638,0.000379,172.31.46.0-255,66,50155,56,162309
22639,0.000395,172.31.46.0-255,66,50221,56,162309
22640,0.000406,172.31.46.0-255,66,50287,56,162309
22641,0.000458,172.31.46.0-255,66,50353,56,162309
22642,0.000833,172.217.194.0-255,1484,51837,56,162309
22643,0.000843,172.217.194.0-255,2902,54739,56,162309
22644,0.000847,172.31.46.0-255,66,54805,56,162309
22645,0.000852,172.217.194.0-255,2902,57707,56,162309
22646,0.000855,172.31.46.0-255,66,57773,56,162309
22647,0.000875,172.217.194.0-255,2902,60675,56,162309
22648,0.000877,172.31.46.0-255,66,60741,56,162309
22649,0.000896,172.31.46.0-255,66,60807,56,162309
22650,0.000907,172.31.46.0-255,66,60873,56,162309
22651,0.000934,172.217.194.0-255,2184,63057,56,162309
22652,0.00094,172.31.46.0-255,66,63123,56,162309
22653,0.001046,172.217.194.0-255,1484,64607,56,162309
22654,0.001051,172.217.194.0-255,2902,67509,56,162309
22655,0.001056,172.31.46.0-255,66,67575,56,162309
22656,0.001085,172.217.194.0-255,5738,73313,56,162309
22657,0.001088,172.31.46.0-255,66,73379,56,162309
22658,0.001128,172.31.46.0-255,66,73445,56,162309
22659,0.001132,172.217.194.0-255,2902,76347,56,162309
22660,0.001135,172.31.46.0-255,66,76413,56,162309
22661,0.001228,172.31.46.0-255,66,76479,56,162309
22662,0.001239,172.31.46.0-255,66,76545,56,162309
22663,0.001264,172.217.194.0-255,7156,83701,56,162309
22664,0.00129,172.217.194.0-255,5020,88721,56,162309
22665,0.001302,172.217.194.0-255,5738,94459,56,162309
22666,0.001324,172.217.194.0-255,7156,101615,56,162309
22667,0.001337,172.31.46.0-255,66,101681,56,162309
22668,0.001343,172.31.46.0-255,66,101747,56,162309
22669,0.001366,172.217.194.0-255,6438,108185,56,162309
22670,0.001372,172.217.194.0-255,2902,111087,56,162309
22671,0.001377,172.217.194.0-255,4320,115407,56,162309
22672,0.00138,172.217.194.0-255,1484,116891,56,162309
22673,0.001415,172.217.194.0-255,7156,124047,56,162309
22674,0.001423,172.217.194.0-255,7156,131203,56,162309
22675,0.001441,172.31.46.0-255,66,131269,56,162309
22676,0.001481,172.31.46.0-255,66,131335,56,162309
22677,0.001509,172.217.194.0-255,4320,135655,56,162309
22678,0.001526,172.217.194.0-255,2902,138557,56,162309
22679,0.001532,172.31.46.0-255,66,138623,56,162309
22680,0.001541,172.217.194.0-255,2902,141525,56,162309
22681,0.001574,172.31.46.0-255,66,141591,56,162309
22682,0.001576,172.217.194.0-255,1484,143075,56,162309
22683,0.001601,172.217.194.0-255,4320,147395,56,162309
22684,0.001639,172.31.46.0-255,66,147461,56,162309
22685,0.001669,172.217.194.0-255,1484,148945,56,162309
22686,0.001697,172.217.194.0-255,2902,151847,56,162309
22687,0.001704,172.217.194.0-255,5738,157585,56,162309
22688,0.00171,172.217.194.0-255,4320,161905,56,162309
22689,0.001721,172.31.46.0-255,66,161971,56,162309
22690,0.00181,172.217.194.0-255,105,162076,56,162309
22691,0.001866,172.31.46.0-255,66,162142,56,162309
22692,0.002451,172.31.46.0-255,101,162243,56,162309
22693,0.004594,172.217.194.0-255,66,162309,56,162309
22694,0.0,172.217.194.0-255,293,293,56,189363
22695,2.1e-05,172.31.46.0-255,66,359,56,189363
22696,2.8e-05,172.217.194.0-255,1484,1843,56,189363
22697,3.2e-05,172.31.46.0-255,66,1909,56,189363
22698,4.5e-05,172.217.194.0-255,2902,4811,56,189363
22699,4.8e-05,172.31.46.0-255,66,4877,56,189363
22700,5.6e-05,172.217.194.0-255,5738,10615,56,189363
22701,5.9e-05,172.31.46.0-255,66,10681,56,189363
22702,8.1e-05,172.217.194.0-255,2902,13583,56,189363
22703,8.8e-05,172.31.46.0-255,66,13649,56,189363
22704,0.000116,172.217.194.0-255,3359,17008,56,189363
22705,0.000119,172.31.46.0-255,66,17074,56,189363
22706,0.000126,172.217.194.0-255,7156,24230,56,189363
22707,0.000129,172.31.46.0-255,66,24296,56,189363
22708,0.000136,172.217.194.0-255,6797,31093,56,189363
22709,0.000139,172.31.46.0-255,66,31159,56,189363
22710,0.000181,172.217.194.0-255,4320,35479,56,189363
22711,0.000184,172.31.46.0-255,66,35545,56,189363
22712,0.00019,172.217.194.0-255,5738,41283,56,189363
22713,0.000193,172.31.46.0-255,66,41349,56,189363
22714,0.00022,172.217.194.0-255,1484,42833,56,189363
22715,0.000222,172.31.46.0-255,66,42899,56,189363
22716,0.000249,172.217.194.0-255,5379,48278,56,189363
22717,0.000252,172.31.46.0-255,66,48344,56,189363
22718,0.000385,172.217.194.0-255,1484,49828,56,189363
22719,0.00039,172.31.46.0-255,66,49894,56,189363
22720,0.000394,172.217.194.0-255,1484,51378,56,189363
22721,0.000396,172.31.46.0-255,66,51444,56,189363
22722,0.000419,172.217.194.0-255,1484,52928,56,189363
22723,0.000426,172.31.46.0-255,66,52994,56,189363
22724,0.000433,172.217.194.0-255,5738,58732,56,189363
22725,0.000435,172.31.46.0-255,66,58798,56,189363
22726,0.000446,172.31.46.0-255,66,58864,56,189363
22727,0.00047,172.217.194.0-255,1484,60348,56,189363
22728,0.000497,172.217.194.0-255,7156,67504,56,189363
22729,0.0005,172.31.46.0-255,66,67570,56,189363
22730,0.000531,172.31.46.0-255,66,67636,56,189363
22731,0.000536,172.217.194.0-255,2902,70538,56,189363
22732,0.000538,172.31.46.0-255,66,70604,56,189363
22733,0.000565,172.217.194.0-255,4320,74924,56,189363
22734,0.000567,172.31.46.0-255,66,74990,56,189363
22735,0.000594,172.217.194.0-255,5738,80728,56,189363
22736,0.000596,172.31.46.0-255,66,80794,56,189363
22737,0.000619,172.217.194.0-255,2543,83337,56,189363
22738,0.000621,172.31.46.0-255,66,83403,56,189363
22739,0.00095,172.217.194.0-255,1484,84887,56,189363
22740,0.000954,172.217.194.0-255,1484,86371,56,189363
22741,0.00096,172.31.46.0-255,66,86437,56,189363
22742,0.000972,172.217.194.0-255,1484,87921,56,189363
22743,0.000982,172.217.194.0-255,5738,93659,56,189363
22744,0.000992,172.31.46.0-255,66,93725,56,189363
22745,0.001036,172.31.46.0-255,66,93791,56,189363
22746,0.001047,172.31.46.0-255,66,93857,56,189363
22747,0.001079,172.217.194.0-255,1635,95492,56,189363
22748,0.001082,172.31.46.0-255,66,95558,56,189363
22749,0.001108,172.217.194.0-255,2902,98460,56,189363
22750,0.001111,172.31.46.0-255,66,98526,56,189363
22751,0.001116,172.217.194.0-255,2902,101428,56,189363
22752,0.001119,172.31.46.0-255,66,101494,56,189363
22753,0.001134,172.217.194.0-255,1484,102978,56,189363
22754,0.00116,172.217.194.0-255,5738,108716,56,189363
22755,0.001163,172.31.46.0-255,66,108782,56,189363
22756,0.001191,172.217.194.0-255,7156,115938,56,189363
22757,0.001194,172.31.46.0-255,66,116004,56,189363
22758,0.001224,172.217.194.0-255,7156,123160,56,189363
22759,0.001227,172.31.46.0-255,66,123226,56,189363
22760,0.001234,172.217.194.0-255,6438,129664,56,189363
22761,0.001237,172.31.46.0-255,66,129730,56,189363
22762,0.001448,172.217.194.0-255,1484,131214,56,189363
22763,0.001453,172.217.194.0-255,2902,134116,56,189363
22764,0.001459,172.31.46.0-255,66,134182,56,189363
22765,0.001493,172.217.194.0-255,5738,139920,56,189363
22766,0.001496,172.31.46.0-255,66,139986,56,189363
22767,0.001503,172.217.194.0-255,5738,145724,56,189363
22768,0.001505,172.31.46.0-255,66,145790,56,189363
22769,0.001523,172.31.46.0-255,66,145856,56,189363
22770,0.001554,172.217.194.0-255,5020,150876,56,189363
22771,0.001557,172.31.46.0-255,66,150942,56,189363
22772,0.00196,172.31.46.0-255,101,151043,56,189363
22773,0.002014,172.217.194.0-255,1484,152527,56,189363
22774,0.00202,172.217.194.0-255,2902,155429,56,189363
22775,0.002032,172.31.46.0-255,66,155495,56,189363
22776,0.002041,172.217.194.0-255,5738,161233,56,189363
22777,0.002043,172.31.46.0-255,66,161299,56,189363
22778,0.002086,172.217.194.0-255,2902,164201,56,189363
22779,0.002088,172.31.46.0-255,66,164267,56,189363
22780,0.002122,172.217.194.0-255,7156,171423,56,189363
22781,0.002125,172.31.46.0-255,66,171489,56,189363
22782,0.002138,172.31.46.0-255,66,171555,56,189363
22783,0.002151,172.31.46.0-255,66,171621,56,189363
22784,0.002165,172.31.46.0-255,66,171687,56,189363
22785,0.002197,172.31.46.0-255,66,171753,56,189363
22786,0.002251,172.31.46.0-255,66,171819,56,189363
22787,0.002261,172.31.46.0-255,66,171885,56,189363
22788,0.004206,172.217.194.0-255,66,171951,56,189363
22789,0.004551,172.217.194.0-255,5738,177689,56,189363
22790,0.004561,172.31.46.0-255,66,177755,56,189363
22791,0.006885,172.217.194.0-255,5738,183493,56,189363
22792,0.006904,172.31.46.0-255,66,183559,56,189363
22793,0.00919,172.217.194.0-255,5738,189297,56,189363
22794,0.009205,172.31.46.0-255,66,189363,56,189363
22795,0.0,172.31.46.0-255,105,105,56,276
22796,0.001771,157.240.25.0-255,105,210,56,276
22797,0.001786,172.31.46.0-255,66,276,56,276
22798,0.0,74.125.24.0-255,146,146,56,232542
22799,2.3e-05,172.31.46.0-255,66,212,56,232542
22800,3e-05,74.125.24.0-255,1484,1696,56,232542
22801,3.4e-05,172.31.46.0-255,66,1762,56,232542
22802,4e-05,74.125.24.0-255,2902,4664,56,232542
22803,5.1e-05,172.31.46.0-255,66,4730,56,232542
22804,5.9e-05,74.125.24.0-255,7156,11886,56,232542
22805,6.3e-05,172.31.46.0-255,66,11952,56,232542
22806,6.7e-05,74.125.24.0-255,1995,13947,56,232542
22807,7.1e-05,172.31.46.0-255,66,14013,56,232542
22808,0.000307,74.125.24.0-255,1484,15497,56,232542
22809,0.000314,172.31.46.0-255,66,15563,56,232542
22810,0.000321,74.125.24.0-255,2902,18465,56,232542
22811,0.000323,172.31.46.0-255,66,18531,56,232542
22812,0.000364,74.125.24.0-255,5738,24269,56,232542
22813,0.000367,172.31.46.0-255,66,24335,56,232542
22814,0.000375,74.125.24.0-255,6797,31132,56,232542
22815,0.000378,172.31.46.0-255,66,31198,56,232542
22816,0.00067,74.125.24.0-255,1484,32682,56,232542
22817,0.000675,172.31.46.0-255,66,32748,56,232542
22818,0.000681,74.125.24.0-255,2902,35650,56,232542
22819,0.000683,172.31.46.0-255,66,35716,56,232542
22820,0.000693,74.125.24.0-255,2902,38618,56,232542
22821,0.000697,172.31.46.0-255,66,38684,56,232542
22822,0.000723,74.125.24.0-255,2902,41586,56,232542
22823,0.000726,172.31.46.0-255,66,41652,56,232542
22824,0.000742,172.31.46.0-255,66,41718,56,232542
22825,0.00075,74.125.24.0-255,7156,48874,56,232542
22826,0.000752,172.31.46.0-255,66,48940,56,232542
22827,0.000781,74.125.24.0-255,2902,51842,56,232542
22828,0.000784,172.31.46.0-255,66,51908,56,232542
22829,0.000811,74.125.24.0-255,3961,55869,56,232542
22830,0.000814,172.31.46.0-255,66,55935,56,232542
22831,0.001314,74.125.24.0-255,412,56347,56,232542
22832,0.001321,172.31.46.0-255,66,56413,56,232542
22833,0.001353,74.125.24.0-255,330,56743,56,232542
22834,0.001356,172.31.46.0-255,66,56809,56,232542
22835,0.001906,74.125.24.0-255,1484,58293,56,232542
22836,0.001913,172.31.46.0-255,66,58359,56,232542
22837,0.00192,74.125.24.0-255,2902,61261,56,232542
22838,0.001922,172.31.46.0-255,66,61327,56,232542
22839,0.001928,74.125.24.0-255,2902,64229,56,232542
22840,0.001936,172.31.46.0-255,66,64295,56,232542
22841,0.001959,74.125.24.0-255,2902,67197,56,232542
22842,0.001966,172.31.46.0-255,66,67263,56,232542
22843,0.001971,74.125.24.0-255,2902,70165,56,232542
22844,0.001973,172.31.46.0-255,66,70231,56,232542
22845,0.002247,74.125.24.0-255,1484,71715,56,232542
22846,0.002266,74.125.24.0-255,2902,74617,56,232542
22847,0.00227,74.125.24.0-255,2902,77519,56,232542
22848,0.002286,74.125.24.0-255,2902,80421,56,232542
22849,0.002301,74.125.24.0-255,4320,84741,56,232542
22850,0.002343,74.125.24.0-255,766,85507,56,232542
22851,0.002367,74.125.24.0-255,1484,86991,56,232542
22852,0.002381,74.125.24.0-255,2902,89893,56,232542
22853,0.002383,74.125.24.0-255,1484,91377,56,232542
22854,0.002413,74.125.24.0-255,5738,97115,56,232542
22855,0.002434,74.125.24.0-255,5738,102853,56,232542
22856,0.00244,74.125.24.0-255,4320,107173,56,232542
22857,0.002467,74.125.24.0-255,3602,110775,56,232542
22858,0.002547,74.125.24.0-255,1484,112259,56,232542
22859,0.002552,74.125.24.0-255,2902,115161,56,232542
22860,0.002575,74.125.24.0-255,5738,120899,56,232542
22861,0.002588,74.125.24.0-255,2902,123801,56,232542
22862,0.002615,74.125.24.0-255,2902,126703,56,232542
22863,0.002716,74.125.24.0-255,1484,128187,56,232542
22864,0.002751,74.125.24.0-255,2902,131089,56,232542
22865,0.002759,74.125.24.0-255,5738,136827,56,232542
22866,0.002763,74.125.24.0-255,2902,139729,56,232542
22867,0.003092,74.125.24.0-255,1484,141213,56,232542
22868,0.003096,74.125.24.0-255,1484,142697,56,232542
22869,0.00311,74.125.24.0-255,1484,144181,56,232542
22870,0.003116,74.125.24.0-255,5738,149919,56,232542
22871,0.003138,74.125.24.0-255,2902,152821,56,232542
22872,0.00314,74.125.24.0-255,1484,154305,56,232542
22873,0.003151,74.125.24.0-255,4320,158625,56,232542
22874,0.00318,74.125.24.0-255,6438,165063,56,232542
22875,0.003375,74.125.24.0-255,1484,166547,56,232542
22876,0.00338,74.125.24.0-255,2902,169449,56,232542
22877,0.003396,74.125.24.0-255,5738,175187,56,232542
22878,0.003434,74.125.24.0-255,7156,182343,56,232542
22879,0.003452,74.125.24.0-255,3602,185945,56,232542
22880,0.003613,74.125.24.0-255,1484,187429,56,232542
22881,0.003616,74.125.24.0-255,1484,188913,56,232542
22882,0.003637,74.125.24.0-255,1484,190397,56,232542
22883,0.003642,74.125.24.0-255,4320,194717,56,232542
22884,0.003648,74.125.24.0-255,4320,199037,56,232542
22885,0.003665,74.125.24.0-255,4320,203357,56,232542
22886,0.00367,74.125.24.0-255,2902,206259,56,232542
22887,0.003684,74.125.24.0-255,1484,207743,56,232542
22888,0.003752,74.125.24.0-255,1484,209227,56,232542
22889,0.003769,74.125.24.0-255,2902,212129,56,232542
22890,0.003805,74.125.24.0-255,1484,213613,56,232542
22891,0.003818,74.125.24.0-255,2902,216515,56,232542
22892,0.003841,74.125.24.0-255,4320,220835,56,232542
22893,0.003885,74.125.24.0-255,5738,226573,56,232542
22894,0.003984,74.125.24.0-255,5798,232371,56,232542
22895,0.003986,74.125.24.0-255,105,232476,56,232542
22896,0.004426,172.31.46.0-255,66,232542,56,232542
22897,0.0,74.125.68.0-255,152,152,56,203974
22898,2.3e-05,172.31.46.0-255,66,218,56,203974
22899,3e-05,74.125.68.0-255,1484,1702,56,203974
22900,3.5e-05,172.31.46.0-255,66,1768,56,203974
22901,3.8e-05,74.125.68.0-255,1484,3252,56,203974
22902,4.9e-05,172.31.46.0-255,66,3318,56,203974
22903,5.5e-05,74.125.68.0-255,2902,6220,56,203974
22904,5.8e-05,172.31.46.0-255,66,6286,56,203974
22905,8.8e-05,74.125.68.0-255,5738,12024,56,203974
22906,9.1e-05,172.31.46.0-255,66,12090,56,203974
22907,0.00017,74.125.68.0-255,3458,15548,56,203974
22908,0.000173,172.31.46.0-255,66,15614,56,203974
22909,0.000179,74.125.68.0-255,4320,19934,56,203974
22910,0.000181,172.31.46.0-255,66,20000,56,203974
22911,0.000187,74.125.68.0-255,5738,25738,56,203974
22912,0.000195,172.31.46.0-255,66,25804,56,203974
22913,0.000202,74.125.68.0-255,7156,32960,56,203974
22914,0.000205,172.31.46.0-255,66,33026,56,203974
22915,0.000256,74.125.68.0-255,5738,38764,56,203974
22916,0.000259,172.31.46.0-255,66,38830,56,203974
22917,0.000266,74.125.68.0-255,7156,45986,56,203974
22918,0.000268,172.31.46.0-255,66,46052,56,203974
22919,0.000295,74.125.68.0-255,2184,48236,56,203974
22920,0.000298,172.31.46.0-255,66,48302,56,203974
22921,0.000601,74.125.68.0-255,1484,49786,56,203974
22922,0.000607,172.31.46.0-255,66,49852,56,203974
22923,0.000614,74.125.68.0-255,2902,52754,56,203974
22924,0.000617,172.31.46.0-255,66,52820,56,203974
22925,0.000642,74.125.68.0-255,5738,58558,56,203974
22926,0.000644,172.31.46.0-255,66,58624,56,203974
22927,0.000652,74.125.68.0-255,1484,60108,56,203974
22928,0.000654,172.31.46.0-255,66,60174,56,203974
22929,0.000688,74.125.68.0-255,5379,65553,56,203974
22930,0.000691,172.31.46.0-255,66,65619,56,203974
22931,0.000702,172.31.46.0-255,66,65685,56,203974
22932,0.000751,172.31.46.0-255,66,65751,56,203974
22933,0.000809,74.125.68.0-255,1484,67235,56,203974
22934,0.000829,74.125.68.0-255,2902,70137,56,203974
22935,0.000832,172.31.46.0-255,66,70203,56,203974
22936,0.000836,74.125.68.0-255,1484,71687,56,203974
22937,0.000855,74.125.68.0-255,2902,74589,56,203974
22938,0.000858,172.31.46.0-255,66,74655,56,203974
22939,0.000887,74.125.68.0-255,5738,80393,56,203974
22940,0.00089,172.31.46.0-255,66,80459,56,203974
22941,0.000894,74.125.68.0-255,1484,81943,56,203974
22942,0.000898,74.125.68.0-255,1706,83649,56,203974
22943,0.0009,172.31.46.0-255,66,83715,56,203974
22944,0.001003,74.125.68.0-255,1484,85199,56,203974
22945,0.001017,74.125.68.0-255,2902,88101,56,203974
22946,0.001021,172.31.46.0-255,66,88167,56,203974
22947,0.001051,74.125.68.0-255,4320,92487,56,203974
22948,0.001054,172.31.46.0-255,66,92553,56,203974
22949,0.001061,74.125.68.0-255,5738,98291,56,203974
22950,0.001063,172.31.46.0-255,66,98357,56,203974
22951,0.0011,74.125.68.0-255,1979,100336,56,203974
22952,0.001103,172.31.46.0-255,66,100402,56,203974
22953,0.001277,74.125.68.0-255,1484,101886,56,203974
22954,0.001283,74.125.68.0-255,2902,104788,56,203974
22955,0.001286,172.31.46.0-255,66,104854,56,203974
22956,0.001315,74.125.68.0-255,4320,109174,56,203974
22957,0.001318,172.31.46.0-255,66,109240,56,203974
22958,0.001321,74.125.68.0-255,1484,110724,56,203974
22959,0.001351,74.125.68.0-255,7156,117880,56,203974
22960,0.001354,172.31.46.0-255,66,117946,56,203974
22961,0.001359,74.125.68.0-255,2902,120848,56,203974
22962,0.001361,172.31.46.0-255,66,120914,56,203974
22963,0.001367,74.125.68.0-255,4320,125234,56,203974
22964,0.001374,172.31.46.0-255,66,125300,56,203974
22965,0.001412,172.31.46.0-255,66,125366,56,203974
22966,0.001428,74.125.68.0-255,766,126132,56,203974
22967,0.001955,74.125.68.0-255,1484,127616,56,203974
22968,0.00196,172.31.46.0-255,66,127682,56,203974
22969,0.001965,74.125.68.0-255,2902,130584,56,203974
22970,0.001967,172.31.46.0-255,66,130650,56,203974
22971,0.002,74.125.68.0-255,4320,134970,56,203974
22972,0.002003,172.31.46.0-255,66,135036,56,203974
22973,0.002008,74.125.68.0-255,2902,137938,56,203974
22974,0.002011,172.31.46.0-255,66,138004,56,203974
22975,0.002045,74.125.68.0-255,5738,143742,56,203974
22976,0.002051,74.125.68.0-255,7156,150898,56,203974
22977,0.002061,74.125.68.0-255,766,151664,56,203974
22978,0.002074,172.31.46.0-255,66,151730,56,203974
22979,0.002078,172.31.46.0-255,66,151796,56,203974
22980,0.00208,172.31.46.0-255,66,151862,56,203974
22981,0.002113,74.125.68.0-255,1484,153346,56,203974
22982,0.002116,172.31.46.0-255,66,153412,56,203974
22983,0.002146,74.125.68.0-255,2902,156314,56,203974
22984,0.002149,172.31.46.0-255,66,156380,56,203974
22985,0.002154,74.125.68.0-255,4320,160700,56,203974
22986,0.002156,172.31.46.0-255,66,160766,56,203974
22987,0.002187,74.125.68.0-255,1484,162250,56,203974
22988,0.002194,74.125.68.0-255,7156,169406,56,203974
22989,0.002199,74.125.68.0-255,4320,173726,56,203974
22990,0.002203,172.31.46.0-255,66,173792,56,203974
22991,0.002206,172.31.46.0-255,66,173858,56,203974
22992,0.002221,74.125.68.0-255,4320,178178,56,203974
22993,0.002223,172.31.46.0-255,66,178244,56,203974
22994,0.002228,74.125.68.0-255,2902,181146,56,203974
22995,0.00223,172.31.46.0-255,66,181212,56,203974
22996,0.002266,74.125.68.0-255,5020,186232,56,203974
22997,0.00227,172.31.46.0-255,66,186298,56,203974
22998,0.004563,74.125.68.0-255,5738,192036,56,203974
22999,0.00457,172.31.46.0-255,66,192102,56,203974
23000,0.006851,74.125.68.0-255,2902,195004,56,203974
23001,0.006856,172.31.46.0-255,66,195070,56,203974
23002,0.006879,74.125.68.0-255,2902,197972,56,203974
23003,0.006881,172.31.46.0-255,66,198038,56,203974
23004,0.00914,74.125.68.0-255,2902,200940,56,203974
23005,0.009148,172.31.46.0-255,66,201006,56,203974
23006,0.009176,74.125.68.0-255,2902,203908,56,203974
23007,0.009179,172.31.46.0-255,66,203974,56,203974
23008,0.0,74.125.130.0-255,150,150,56,282438
23009,1.6e-05,172.31.46.0-255,66,216,56,282438
23010,2.3e-05,74.125.130.0-255,1484,1700,56,282438
23011,2.8e-05,172.31.46.0-255,66,1766,56,282438
23012,4.1e-05,74.125.130.0-255,2902,4668,56,282438
23013,4.6e-05,172.31.46.0-255,66,4734,56,282438
23014,4.9e-05,74.125.130.0-255,1484,6218,56,282438
23015,5.2e-05,172.31.46.0-255,66,6284,56,282438
23016,8.6e-05,74.125.130.0-255,2902,9186,56,282438
23017,9e-05,172.31.46.0-255,66,9252,56,282438
23018,9.7e-05,74.125.130.0-255,4917,14169,56,282438
23019,0.0001,172.31.46.0-255,66,14235,56,282438
23020,0.000127,74.125.130.0-255,1484,15719,56,282438
23021,0.000129,172.31.46.0-255,66,15785,56,282438
23022,0.000134,74.125.130.0-255,2902,18687,56,282438
23023,0.000136,172.31.46.0-255,66,18753,56,282438
23024,0.000172,74.125.130.0-255,5738,24491,56,282438
23025,0.000174,172.31.46.0-255,66,24557,56,282438
23026,0.000182,74.125.130.0-255,7156,31713,56,282438
23027,0.000184,172.31.46.0-255,66,31779,56,282438
23028,0.000215,74.125.130.0-255,4320,36099,56,282438
23029,0.000217,172.31.46.0-255,66,36165,56,282438
23030,0.000256,172.31.46.0-255,66,36231,56,282438
23031,0.000261,74.125.130.0-255,2184,38415,56,282438
23032,0.000263,172.31.46.0-255,66,38481,56,282438
23033,0.000297,74.125.130.0-255,2902,41383,56,282438
23034,0.000299,172.31.46.0-255,66,41449,56,282438
23035,0.000302,74.125.130.0-255,1484,42933,56,282438
23036,0.000304,172.31.46.0-255,66,42999,56,282438
23037,0.000324,74.125.130.0-255,2902,45901,56,282438
23038,0.000327,172.31.46.0-255,66,45967,56,282438
23039,0.000337,74.125.130.0-255,5738,51705,56,282438
23040,0.00034,172.31.46.0-255,66,51771,56,282438
23041,0.000374,74.125.130.0-255,3961,55732,56,282438
23042,0.000376,172.31.46.0-255,66,55798,56,282438
23043,0.000392,74.125.130.0-255,648,56446,56,282438
23044,0.000573,74.125.130.0-255,1484,57930,56,282438
23045,0.000578,172.31.46.0-255,66,57996,56,282438
23046,0.000585,74.125.130.0-255,2902,60898,56,282438
23047,0.000588,172.31.46.0-255,66,60964,56,282438
23048,0.000617,74.125.130.0-255,5738,66702,56,282438
23049,0.00062,172.31.46.0-255,66,66768,56,282438
23050,0.000624,74.125.130.0-255,2902,69670,56,282438
23051,0.000627,172.31.46.0-255,66,69736,56,282438
23052,0.000684,172.31.46.0-255,66,69802,56,282438
23053,0.00069,74.125.130.0-255,4320,74122,56,282438
23054,0.000693,172.31.46.0-255,66,74188,56,282438
23055,0.000727,74.125.130.0-255,4828,79016,56,282438
23056,0.00073,172.31.46.0-255,66,79082,56,282438
23057,0.000943,74.125.130.0-255,1484,80566,56,282438
23058,0.000957,74.125.130.0-255,2902,83468,56,282438
23059,0.000967,172.31.46.0-255,66,83534,56,282438
23060,0.000971,74.125.130.0-255,2902,86436,56,282438
23061,0.000974,172.31.46.0-255,66,86502,56,282438
23062,0.000977,74.125.130.0-255,1484,87986,56,282438
23063,0.001006,74.125.130.0-255,2902,90888,56,282438
23064,0.001009,172.31.46.0-255,66,90954,56,282438
23065,0.00102,172.31.46.0-255,66,91020,56,282438
23066,0.00103,74.125.130.0-255,5738,96758,56,282438
23067,0.001032,172.31.46.0-255,66,96824,56,282438
23068,0.00104,74.125.130.0-255,7156,103980,56,282438
23069,0.001042,172.31.46.0-255,66,104046,56,282438
23070,0.001082,74.125.130.0-255,766,104812,56,282438
23071,0.001237,74.125.130.0-255,1484,106296,56,282438
23072,0.001241,172.31.46.0-255,66,106362,56,282438
23073,0.001247,74.125.130.0-255,2902,109264,56,282438
23074,0.001249,172.31.46.0-255,66,109330,56,282438
23075,0.00128,74.125.130.0-255,5738,115068,56,282438
23076,0.001283,172.31.46.0-255,66,115134,56,282438
23077,0.001287,74.125.130.0-255,2902,118036,56,282438
23078,0.001289,172.31.46.0-255,66,118102,56,282438
23079,0.001298,74.125.130.0-255,4320,122422,56,282438
23080,0.001301,172.31.46.0-255,66,122488,56,282438
23081,0.001312,172.31.46.0-255,66,122554,56,282438
23082,0.001347,74.125.130.0-255,4320,126874,56,282438
23083,0.00135,172.31.46.0-255,66,126940,56,282438
23084,0.001376,74.125.130.0-255,3602,130542,56,282438
23085,0.001379,172.31.46.0-255,66,130608,56,282438
23086,0.001484,74.125.130.0-255,1484,132092,56,282438
23087,0.00149,74.125.130.0-255,2902,134994,56,282438
23088,0.001493,172.31.46.0-255,66,135060,56,282438
23089,0.001523,74.125.130.0-255,5738,140798,56,282438
23090,0.001526,172.31.46.0-255,66,140864,56,282438
23091,0.00153,74.125.130.0-255,2902,143766,56,282438
23092,0.001533,172.31.46.0-255,66,143832,56,282438
23093,0.001538,74.125.130.0-255,4320,148152,56,282438
23094,0.001545,172.31.46.0-255,66,148218,56,282438
23095,0.001549,74.125.130.0-255,2902,151120,56,282438
23096,0.001551,172.31.46.0-255,66,151186,56,282438
23097,0.001589,74.125.130.0-255,5738,156924,56,282438
23098,0.001592,172.31.46.0-255,66,156990,56,282438
23099,0.001595,74.125.130.0-255,1484,158474,56,282438
23100,0.0016,74.125.130.0-255,2902,161376,56,282438
23101,0.001602,172.31.46.0-255,66,161442,56,282438
23102,0.001632,74.125.130.0-255,3602,165044,56,282438
23103,0.001635,172.31.46.0-255,66,165110,56,282438
23104,0.001842,74.125.130.0-255,1484,166594,56,282438
23105,0.001858,74.125.130.0-255,2902,169496,56,282438
23106,0.001862,172.31.46.0-255,66,169562,56,282438
23107,0.00189,74.125.130.0-255,2902,172464,56,282438
23108,0.001893,172.31.46.0-255,66,172530,56,282438
23109,0.001917,74.125.130.0-255,4320,176850,56,282438
23110,0.00192,172.31.46.0-255,66,176916,56,282438
23111,0.00193,172.31.46.0-255,66,176982,56,282438
23112,0.001934,74.125.130.0-255,1484,178466,56,282438
23113,0.001965,74.125.130.0-255,1484,179950,56,282438
23114,0.001967,172.31.46.0-255,66,180016,56,282438
23115,0.002002,172.31.46.0-255,66,180082,56,282438
23116,0.00227,74.125.130.0-255,1484,181566,56,282438
23117,0.002275,74.125.130.0-255,1484,183050,56,282438
23118,0.002278,172.31.46.0-255,66,183116,56,282438
23119,0.002303,74.125.130.0-255,1484,184600,56,282438
23120,0.002311,74.125.130.0-255,5738,190338,56,282438
23121,0.002313,172.31.46.0-255,66,190404,56,282438
23122,0.002317,74.125.130.0-255,1484,191888,56,282438
23123,0.002359,172.31.46.0-255,66,191954,56,282438
23124,0.002364,74.125.130.0-255,4320,196274,56,282438
23125,0.002367,172.31.46.0-255,66,196340,56,282438
23126,0.002437,172.31.46.0-255,66,196406,56,282438
23127,0.002452,172.31.46.0-255,66,196472,56,282438
23128,0.002464,74.125.130.0-255,5738,202210,56,282438
23129,0.002466,172.31.46.0-255,66,202276,56,282438
23130,0.002487,74.125.130.0-255,2902,205178,56,282438
23131,0.002493,172.31.46.0-255,66,205244,56,282438
23132,0.002529,172.31.46.0-255,66,205310,56,282438
23133,0.002565,172.31.46.0-255,66,205376,56,282438
23134,0.002587,74.125.130.0-255,1484,206860,56,282438
23135,0.00259,74.125.130.0-255,1484,208344,56,282438
23136,0.002593,172.31.46.0-255,66,208410,56,282438
23137,0.002596,74.125.130.0-255,1484,209894,56,282438
23138,0.002598,74.125.130.0-255,1484,211378,56,282438
23139,0.0026,172.31.46.0-255,66,211444,56,282438
23140,0.00261,74.125.130.0-255,4320,215764,56,282438
23141,0.002613,172.31.46.0-255,66,215830,56,282438
23142,0.002615,74.125.130.0-255,1484,217314,56,282438
23143,0.002619,74.125.130.0-255,1484,218798,56,282438
23144,0.002621,172.31.46.0-255,66,218864,56,282438
23145,0.002625,74.125.130.0-255,2184,221048,56,282438
23146,0.002627,172.31.46.0-255,66,221114,56,282438
23147,0.00263,74.125.130.0-255,1484,222598,56,282438
23148,0.002656,74.125.130.0-255,2902,225500,56,282438
23149,0.002659,172.31.46.0-255,66,225566,56,282438
23150,0.002663,74.125.130.0-255,2902,228468,56,282438
23151,0.002665,172.31.46.0-255,66,228534,56,282438
23152,0.002698,74.125.130.0-255,5738,234272,56,282438
23153,0.002701,172.31.46.0-255,66,234338,56,282438
23154,0.002703,74.125.130.0-255,1484,235822,56,282438
23155,0.002732,74.125.130.0-255,5738,241560,56,282438
23156,0.002747,74.125.130.0-255,2902,244462,56,282438
23157,0.00275,74.125.130.0-255,766,245228,56,282438
23158,0.002752,74.125.130.0-255,1484,246712,56,282438
23159,0.002763,74.125.130.0-255,1484,248196,56,282438
23160,0.002779,74.125.130.0-255,1484,249680,56,282438
23161,0.002792,74.125.130.0-255,2902,252582,56,282438
23162,0.002804,74.125.130.0-255,1484,254066,56,282438
23163,0.002834,74.125.130.0-255,7156,261222,56,282438
23164,0.002838,74.125.130.0-255,2902,264124,56,282438
23165,0.00284,74.125.130.0-255,1484,265608,56,282438
23166,0.002871,74.125.130.0-255,2902,268510,56,282438
23167,0.002889,74.125.130.0-255,7156,275666,56,282438
23168,0.002894,74.125.130.0-255,3602,279268,56,282438
23169,0.002937,74.125.130.0-255,2902,282170,56,282438
23170,0.002966,74.125.130.0-255,97,282267,56,282438
23171,0.003001,74.125.130.0-255,105,282372,56,282438
23172,0.008118,172.31.46.0-255,66,282438,56,282438
23173,0.0,74.125.24.0-255,152,152,56,209033
23174,2e-05,172.31.46.0-255,66,218,56,209033
23175,2.6e-05,74.125.24.0-255,1484,1702,56,209033
23176,2.9e-05,172.31.46.0-255,66,1768,56,209033
23177,3.5e-05,74.125.24.0-255,2902,4670,56,209033
23178,3.8e-05,172.31.46.0-255,66,4736,56,209033
23179,5.1e-05,74.125.24.0-255,7156,11892,56,209033
23180,5.4e-05,172.31.46.0-255,66,11958,56,209033
23181,5.7e-05,74.125.24.0-255,2083,14041,56,209033
23182,6e-05,172.31.46.0-255,66,14107,56,209033
23183,0.000128,74.125.24.0-255,1484,15591,56,209033
23184,0.000131,172.31.46.0-255,66,15657,56,209033
23185,0.000136,74.125.24.0-255,2902,18559,56,209033
23186,0.000138,172.31.46.0-255,66,18625,56,209033
23187,0.000155,74.125.24.0-255,5738,24363,56,209033
23188,0.000157,172.31.46.0-255,66,24429,56,209033
23189,0.00021,74.125.24.0-255,4320,28749,56,209033
23190,0.000213,172.31.46.0-255,66,28815,56,209033
23191,0.000237,74.125.24.0-255,2543,31358,56,209033
23192,0.000239,172.31.46.0-255,66,31424,56,209033
23193,0.000538,74.125.24.0-255,1484,32908,56,209033
23194,0.000543,172.31.46.0-255,66,32974,56,209033
23195,0.000548,74.125.24.0-255,2902,35876,56,209033
23196,0.00055,172.31.46.0-255,66,35942,56,209033
23197,0.000577,74.125.24.0-255,5738,41680,56,209033
23198,0.00058,172.31.46.0-255,66,41746,56,209033
23199,0.000618,74.125.24.0-255,4320,46066,56,209033
23200,0.00062,172.31.46.0-255,66,46132,56,209033
23201,0.00065,74.125.24.0-255,6797,52929,56,209033
23202,0.000653,172.31.46.0-255,66,52995,56,209033
23203,0.000664,172.31.46.0-255,66,53061,56,209033
23204,0.000671,74.125.24.0-255,1125,54186,56,209033
23205,0.000708,74.125.24.0-255,647,54833,56,209033
23206,0.00071,172.31.46.0-255,66,54899,56,209033
23207,0.000786,74.125.24.0-255,1484,56383,56,209033
23208,0.000799,74.125.24.0-255,2902,59285,56,209033
23209,0.000802,172.31.46.0-255,66,59351,56,209033
23210,0.000833,74.125.24.0-255,4320,63671,56,209033
23211,0.000836,172.31.46.0-255,66,63737,56,209033
23212,0.000843,74.125.24.0-255,7156,70893,56,209033
23213,0.000845,172.31.46.0-255,66,70959,56,209033
23214,0.000871,74.125.24.0-255,1484,72443,56,209033
23215,0.000881,172.31.46.0-255,66,72509,56,209033
23216,0.000916,74.125.24.0-255,5738,78247,56,209033
23217,0.000919,172.31.46.0-255,66,78313,56,209033
23218,0.000945,74.125.24.0-255,2184,80497,56,209033
23219,0.000947,172.31.46.0-255,66,80563,56,209033
23220,0.001004,74.125.24.0-255,1484,82047,56,209033
23221,0.001017,74.125.24.0-255,2902,84949,56,209033
23222,0.001022,172.31.46.0-255,66,85015,56,209033
23223,0.00105,74.125.24.0-255,5738,90753,56,209033
23224,0.001058,172.31.46.0-255,66,90819,56,209033
23225,0.001062,74.125.24.0-255,4320,95139,56,209033
23226,0.001064,172.31.46.0-255,66,95205,56,209033
23227,0.001093,172.31.46.0-255,66,95271,56,209033
23228,0.001096,74.125.24.0-255,1484,96755,56,209033
23229,0.001142,74.125.24.0-255,4320,101075,56,209033
23230,0.001145,172.31.46.0-255,66,101141,56,209033
23231,0.001169,74.125.24.0-255,5020,106161,56,209033
23232,0.001172,172.31.46.0-255,66,106227,56,209033
23233,0.00128,74.125.24.0-255,1484,107711,56,209033
23234,0.001295,74.125.24.0-255,2902,110613,56,209033
23235,0.001298,172.31.46.0-255,66,110679,56,209033
23236,0.001302,74.125.24.0-255,1484,112163,56,209033
23237,0.001327,74.125.24.0-255,4320,116483,56,209033
23238,0.001329,172.31.46.0-255,66,116549,56,209033
23239,0.001334,74.125.24.0-255,4320,120869,56,209033
23240,0.001336,172.31.46.0-255,66,120935,56,209033
23241,0.001358,74.125.24.0-255,5738,126673,56,209033
23242,0.00136,172.31.46.0-255,66,126739,56,209033
23243,0.001385,74.125.24.0-255,5738,132477,56,209033
23244,0.001406,172.31.46.0-255,66,132543,56,209033
23245,0.001412,172.31.46.0-255,66,132609,56,209033
23246,0.001688,74.125.24.0-255,1484,134093,56,209033
23247,0.001707,74.125.24.0-255,2902,136995,56,209033
23248,0.00171,172.31.46.0-255,66,137061,56,209033
23249,0.001732,74.125.24.0-255,1484,138545,56,209033
23250,0.001735,74.125.24.0-255,2902,141447,56,209033
23251,0.001739,172.31.46.0-255,66,141513,56,209033
23252,0.001761,74.125.24.0-255,5738,147251,56,209033
23253,0.001763,172.31.46.0-255,66,147317,56,209033
23254,0.001796,172.31.46.0-255,66,147383,56,209033
23255,0.001826,74.125.24.0-255,1484,148867,56,209033
23256,0.00185,74.125.24.0-255,1484,150351,56,209033
23257,0.001854,172.31.46.0-255,66,150417,56,209033
23258,0.001875,172.31.46.0-255,66,150483,56,209033
23259,0.001879,74.125.24.0-255,4320,154803,56,209033
23260,0.001882,172.31.46.0-255,66,154869,56,209033
23261,0.001902,74.125.24.0-255,5738,160607,56,209033
23262,0.001907,172.31.46.0-255,66,160673,56,209033
23263,0.001912,74.125.24.0-255,4320,164993,56,209033
23264,0.001914,172.31.46.0-255,66,165059,56,209033
23265,0.00194,74.125.24.0-255,6438,171497,56,209033
23266,0.001943,172.31.46.0-255,66,171563,56,209033
23267,0.001978,74.125.24.0-255,2902,174465,56,209033
23268,0.001986,172.31.46.0-255,66,174531,56,209033
23269,0.002011,74.125.24.0-255,1484,176015,56,209033
23270,0.002019,74.125.24.0-255,4320,180335,56,209033
23271,0.002032,172.31.46.0-255,66,180401,56,209033
23272,0.002055,74.125.24.0-255,6438,186839,56,209033
23273,0.002061,172.31.46.0-255,66,186905,56,209033
23274,0.002091,74.125.24.0-255,4320,191225,56,209033
23275,0.002118,172.31.46.0-255,66,191291,56,209033
23276,0.002127,172.31.46.0-255,66,191357,56,209033
23277,0.002209,172.31.46.0-255,66,191423,56,209033
23278,0.002229,172.31.46.0-255,66,191489,56,209033
23279,0.002271,172.31.46.0-255,66,191555,56,209033
23280,0.002311,172.31.46.0-255,66,191621,56,209033
23281,0.004561,74.125.24.0-255,5738,197359,56,209033
23282,0.004567,172.31.46.0-255,66,197425,56,209033
23283,0.006778,74.125.24.0-255,5738,203163,56,209033
23284,0.006782,172.31.46.0-255,66,203229,56,209033
23285,0.009001,74.125.24.0-255,5738,208967,56,209033
23286,0.009006,172.31.46.0-255,66,209033,56,209033
23287,0.0,74.125.24.0-255,153,153,56,144515
23288,2.1e-05,172.31.46.0-255,66,219,56,144515
23289,2.8e-05,74.125.24.0-255,1484,1703,56,144515
23290,3.3e-05,172.31.46.0-255,66,1769,56,144515
23291,3.8e-05,74.125.24.0-255,2902,4671,56,144515
23292,4.2e-05,172.31.46.0-255,66,4737,56,144515
23293,5e-05,74.125.24.0-255,7156,11893,56,144515
23294,5.3e-05,172.31.46.0-255,66,11959,56,144515
23295,5.6e-05,74.125.24.0-255,1484,13443,56,144515
23296,5.9e-05,172.31.46.0-255,66,13509,56,144515
23297,6.3e-05,74.125.24.0-255,656,14165,56,144515
23298,6.5e-05,172.31.46.0-255,66,14231,56,144515
23299,0.000133,74.125.24.0-255,1484,15715,56,144515
23300,0.000137,172.31.46.0-255,66,15781,56,144515
23301,0.000153,74.125.24.0-255,2902,18683,56,144515
23302,0.000157,172.31.46.0-255,66,18749,56,144515
23303,0.000163,74.125.24.0-255,5738,24487,56,144515
23304,0.000166,172.31.46.0-255,66,24553,56,144515
23305,0.000189,74.125.24.0-255,4320,28873,56,144515
23306,0.000192,172.31.46.0-255,66,28939,56,144515
23307,0.000211,74.125.24.0-255,2543,31482,56,144515
23308,0.000213,172.31.46.0-255,66,31548,56,144515
23309,0.00023,74.125.24.0-255,1484,33032,56,144515
23310,0.000232,172.31.46.0-255,66,33098,56,144515
23311,0.000236,74.125.24.0-255,2902,36000,56,144515
23312,0.000239,172.31.46.0-255,66,36066,56,144515
23313,0.00025,74.125.24.0-255,1484,37550,56,144515
23314,0.000252,172.31.46.0-255,66,37616,56,144515
23315,0.000277,74.125.24.0-255,4320,41936,56,144515
23316,0.000279,172.31.46.0-255,66,42002,56,144515
23317,0.000294,74.125.24.0-255,6797,48799,56,144515
23318,0.000296,172.31.46.0-255,66,48865,56,144515
23319,0.000751,74.125.24.0-255,1484,50349,56,144515
23320,0.000758,74.125.24.0-255,2902,53251,56,144515
23321,0.000762,172.31.46.0-255,66,53317,56,144515
23322,0.000769,74.125.24.0-255,5738,59055,56,144515
23323,0.000772,172.31.46.0-255,66,59121,56,144515
23324,0.000794,74.125.24.0-255,1484,60605,56,144515
23325,0.000828,172.31.46.0-255,66,60671,56,144515
23326,0.000836,172.31.46.0-255,66,60737,56,144515
23327,0.000839,74.125.24.0-255,1484,62221,56,144515
23328,0.000856,74.125.24.0-255,1125,63346,56,144515
23329,0.000858,172.31.46.0-255,66,63412,56,144515
23330,0.000863,74.125.24.0-255,2902,66314,56,144515
23331,0.000864,172.31.46.0-255,66,66380,56,144515
23332,0.00087,74.125.24.0-255,4320,70700,56,144515
23333,0.000873,172.31.46.0-255,66,70766,56,144515
23334,0.000892,74.125.24.0-255,2902,73668,56,144515
23335,0.000894,172.31.46.0-255,66,73734,56,144515
23336,0.000922,74.125.24.0-255,5379,79113,56,144515
23337,0.000925,172.31.46.0-255,66,79179,56,144515
23338,0.001434,74.125.24.0-255,1484,80663,56,144515
23339,0.00144,74.125.24.0-255,2902,83565,56,144515
23340,0.001451,172.31.46.0-255,66,83631,56,144515
23341,0.001458,74.125.24.0-255,4320,87951,56,144515
23342,0.00146,172.31.46.0-255,66,88017,56,144515
23343,0.001483,74.125.24.0-255,1484,89501,56,144515
23344,0.001497,172.31.46.0-255,66,89567,56,144515
23345,0.001532,172.31.46.0-255,66,89633,56,144515
23346,0.001829,74.125.24.0-255,1484,91117,56,144515
23347,0.001833,74.125.24.0-255,1484,92601,56,144515
23348,0.001837,172.31.46.0-255,66,92667,56,144515
23349,0.001857,74.125.24.0-255,1484,94151,56,144515
23350,0.001864,74.125.24.0-255,5738,99889,56,144515
23351,0.001867,172.31.46.0-255,66,99955,56,144515
23352,0.00187,74.125.24.0-255,1484,101439,56,144515
23353,0.001902,172.31.46.0-255,66,101505,56,144515
23354,0.001955,74.125.24.0-255,4320,105825,56,144515
23355,0.001957,172.31.46.0-255,66,105891,56,144515
23356,0.001975,74.125.24.0-255,6438,112329,56,144515
23357,0.001978,172.31.46.0-255,66,112395,56,144515
23358,0.002249,74.125.24.0-255,1484,113879,56,144515
23359,0.002257,74.125.24.0-255,2902,116781,56,144515
23360,0.002261,172.31.46.0-255,66,116847,56,144515
23361,0.002268,74.125.24.0-255,5738,122585,56,144515
23362,0.00227,172.31.46.0-255,66,122651,56,144515
23363,0.002275,74.125.24.0-255,4320,126971,56,144515
23364,0.002277,172.31.46.0-255,66,127037,56,144515
23365,0.00228,74.125.24.0-255,1484,128521,56,144515
23366,0.004521,74.125.24.0-255,4320,132841,56,144515
23367,0.004527,172.31.46.0-255,66,132907,56,144515
23368,0.006777,74.125.24.0-255,5738,138645,56,144515
23369,0.006782,172.31.46.0-255,66,138711,56,144515
23370,0.009031,74.125.24.0-255,5738,144449,56,144515
23371,0.009039,172.31.46.0-255,66,144515,56,144515
23372,0.0,172.217.194.0-255,152,152,56,242228
23373,2.3e-05,172.31.46.0-255,66,218,56,242228
23374,3.1e-05,172.217.194.0-255,1484,1702,56,242228
23375,3.5e-05,172.31.46.0-255,66,1768,56,242228
23376,4.2e-05,172.217.194.0-255,2902,4670,56,242228
23377,4.6e-05,172.31.46.0-255,66,4736,56,242228
23378,5.4e-05,172.217.194.0-255,7156,11892,56,242228
23379,5.8e-05,172.31.46.0-255,66,11958,56,242228
23380,6.2e-05,172.217.194.0-255,2093,14051,56,242228
23381,6.6e-05,172.31.46.0-255,66,14117,56,242228
23382,0.000252,172.217.194.0-255,1484,15601,56,242228
23383,0.000256,172.31.46.0-255,66,15667,56,242228
23384,0.000263,172.217.194.0-255,2902,18569,56,242228
23385,0.000266,172.31.46.0-255,66,18635,56,242228
23386,0.000272,172.217.194.0-255,5738,24373,56,242228
23387,0.000275,172.31.46.0-255,66,24439,56,242228
23388,0.000306,172.217.194.0-255,6797,31236,56,242228
23389,0.000309,172.31.46.0-255,66,31302,56,242228
23390,0.00043,172.217.194.0-255,1484,32786,56,242228
23391,0.000434,172.31.46.0-255,66,32852,56,242228
23392,0.00044,172.217.194.0-255,2902,35754,56,242228
23393,0.000443,172.31.46.0-255,66,35820,56,242228
23394,0.000469,172.217.194.0-255,5738,41558,56,242228
23395,0.000473,172.31.46.0-255,66,41624,56,242228
23396,0.000476,172.217.194.0-255,1484,43108,56,242228
23397,0.000478,172.31.46.0-255,66,43174,56,242228
23398,0.000516,172.31.46.0-255,66,43240,56,242228
23399,0.000528,172.31.46.0-255,66,43306,56,242228
23400,0.000532,172.217.194.0-255,117,43423,56,242228
23401,0.000534,172.31.46.0-255,66,43489,56,242228
23402,0.000537,172.217.194.0-255,384,43873,56,242228
23403,0.000815,172.217.194.0-255,1484,45357,56,242228
23404,0.00082,172.31.46.0-255,66,45423,56,242228
23405,0.000825,172.217.194.0-255,2902,48325,56,242228
23406,0.000827,172.31.46.0-255,66,48391,56,242228
23407,0.000846,172.217.194.0-255,5738,54129,56,242228
23408,0.000848,172.31.46.0-255,66,54195,56,242228
23409,0.00088,172.217.194.0-255,5738,59933,56,242228
23410,0.000882,172.31.46.0-255,66,59999,56,242228
23411,0.000902,172.217.194.0-255,7156,67155,56,242228
23412,0.000904,172.31.46.0-255,66,67221,56,242228
23413,0.00091,172.217.194.0-255,4320,71541,56,242228
23414,0.000912,172.31.46.0-255,66,71607,56,242228
23415,0.000935,172.217.194.0-255,6438,78045,56,242228
23416,0.000938,172.31.46.0-255,66,78111,56,242228
23417,0.00097,172.217.194.0-255,1484,79595,56,242228
23418,0.000974,172.217.194.0-255,1484,81079,56,242228
23419,0.000977,172.31.46.0-255,66,81145,56,242228
23420,0.000992,172.217.194.0-255,1484,82629,56,242228
23421,0.000999,172.217.194.0-255,5738,88367,56,242228
23422,0.001002,172.31.46.0-255,66,88433,56,242228
23423,0.001006,172.217.194.0-255,2902,91335,56,242228
23424,0.001009,172.31.46.0-255,66,91401,56,242228
23425,0.001033,172.217.194.0-255,2902,94303,56,242228
23426,0.001035,172.31.46.0-255,66,94369,56,242228
23427,0.001051,172.31.46.0-255,66,94435,56,242228
23428,0.001054,172.217.194.0-255,1484,95919,56,242228
23429,0.001077,172.217.194.0-255,3602,99521,56,242228
23430,0.00108,172.31.46.0-255,66,99587,56,242228
23431,0.001087,172.217.194.0-255,5738,105325,56,242228
23432,0.001089,172.31.46.0-255,66,105391,56,242228
23433,0.001126,172.31.46.0-255,66,105457,56,242228
23434,0.001131,172.217.194.0-255,4320,109777,56,242228
23435,0.001134,172.31.46.0-255,66,109843,56,242228
23436,0.001154,172.217.194.0-255,5738,115581,56,242228
23437,0.001156,172.31.46.0-255,66,115647,56,242228
23438,0.001178,172.217.194.0-255,5020,120667,56,242228
23439,0.001181,172.31.46.0-255,66,120733,56,242228
23440,0.001184,172.217.194.0-255,1484,122217,56,242228
23441,0.001204,172.217.194.0-255,4320,126537,56,242228
23442,0.001207,172.31.46.0-255,66,126603,56,242228
23443,0.001212,172.217.194.0-255,4320,130923,56,242228
23444,0.001215,172.31.46.0-255,66,130989,56,242228
23445,0.001235,172.31.46.0-255,66,131055,56,242228
23446,0.001242,172.217.194.0-255,7156,138211,56,242228
23447,0.001245,172.31.46.0-255,66,138277,56,242228
23448,0.001262,172.217.194.0-255,1484,139761,56,242228
23449,0.001291,172.217.194.0-255,6438,146199,56,242228
23450,0.001294,172.31.46.0-255,66,146265,56,242228
23451,0.001389,172.217.194.0-255,1484,147749,56,242228
23452,0.001393,172.217.194.0-255,1484,149233,56,242228
23453,0.001396,172.31.46.0-255,66,149299,56,242228
23454,0.001415,172.217.194.0-255,1484,150783,56,242228
23455,0.001421,172.217.194.0-255,4320,155103,56,242228
23456,0.001424,172.31.46.0-255,66,155169,56,242228
23457,0.001441,172.217.194.0-255,1484,156653,56,242228
23458,0.00145,172.217.194.0-255,7156,163809,56,242228
23459,0.001452,172.31.46.0-255,66,163875,56,242228
23460,0.001465,172.217.194.0-255,1484,165359,56,242228
23461,0.001477,172.31.46.0-255,66,165425,56,242228
23462,0.001499,172.217.194.0-255,5738,171163,56,242228
23463,0.001502,172.31.46.0-255,66,171229,56,242228
23464,0.00152,172.217.194.0-255,2184,173413,56,242228
23465,0.001523,172.31.46.0-255,66,173479,56,242228
23466,0.001534,172.31.46.0-255,66,173545,56,242228
23467,0.001537,172.217.194.0-255,1484,175029,56,242228
23468,0.001567,172.31.46.0-255,66,175095,56,242228
23469,0.001599,172.31.46.0-255,66,175161,56,242228
23470,0.001604,172.217.194.0-255,3602,178763,56,242228
23471,0.001607,172.31.46.0-255,66,178829,56,242228
23472,0.001614,172.217.194.0-255,7156,185985,56,242228
23473,0.001616,172.31.46.0-255,66,186051,56,242228
23474,0.001661,172.217.194.0-255,5738,191789,56,242228
23475,0.001663,172.31.46.0-255,66,191855,56,242228
23476,0.001685,172.217.194.0-255,2902,194757,56,242228
23477,0.001688,172.31.46.0-255,66,194823,56,242228
23478,0.001704,172.31.46.0-255,66,194889,56,242228
23479,0.001721,172.217.194.0-255,766,195655,56,242228
23480,0.001733,172.217.194.0-255,1484,197139,56,242228
23481,0.001736,172.31.46.0-255,66,197205,56,242228
23482,0.001742,172.217.194.0-255,4320,201525,56,242228
23483,0.001744,172.31.46.0-255,66,201591,56,242228
23484,0.001748,172.217.194.0-255,2902,204493,56,242228
23485,0.00175,172.31.46.0-255,66,204559,56,242228
23486,0.001786,172.31.46.0-255,66,204625,56,242228
23487,0.0018,172.217.194.0-255,2902,207527,56,242228
23488,0.001803,172.31.46.0-255,66,207593,56,242228
23489,0.001837,172.31.46.0-255,66,207659,56,242228
23490,0.001881,172.217.194.0-255,1484,209143,56,242228
23491,0.001885,172.217.194.0-255,1484,210627,56,242228
23492,0.001888,172.31.46.0-255,66,210693,56,242228
23493,0.001911,172.217.194.0-255,1484,212177,56,242228
23494,0.001917,172.217.194.0-255,5738,217915,56,242228
23495,0.00192,172.31.46.0-255,66,217981,56,242228
23496,0.001926,172.217.194.0-255,4320,222301,56,242228
23497,0.001928,172.31.46.0-255,66,222367,56,242228
23498,0.001955,172.31.46.0-255,66,222433,56,242228
23499,0.001967,172.31.46.0-255,66,222499,56,242228
23500,0.002004,172.217.194.0-255,4320,226819,56,242228
23501,0.002006,172.31.46.0-255,66,226885,56,242228
23502,0.002039,172.31.46.0-255,66,226951,56,242228
23503,0.00206,172.217.194.0-255,7156,234107,56,242228
23504,0.002063,172.217.194.0-255,1484,235591,56,242228
23505,0.002071,172.31.46.0-255,66,235657,56,242228
23506,0.002107,172.31.46.0-255,66,235723,56,242228
23507,0.002114,172.217.194.0-255,1484,237207,56,242228
23508,0.002132,172.217.194.0-255,4850,242057,56,242228
23509,0.002135,172.217.194.0-255,105,242162,56,242228
23510,0.00215,172.31.46.0-255,66,242228,56,242228
23511,0.0,74.125.130.0-255,146,146,56,244145
23512,2.4e-05,172.31.46.0-255,66,212,56,244145
23513,3.2e-05,74.125.130.0-255,1484,1696,56,244145
23514,3.6e-05,172.31.46.0-255,66,1762,56,244145
23515,4e-05,74.125.130.0-255,1484,3246,56,244145
23516,4.2e-05,172.31.46.0-255,66,3312,56,244145
23517,4.8e-05,74.125.130.0-255,2902,6214,56,244145
23518,5.1e-05,172.31.46.0-255,66,6280,56,244145
23519,5.8e-05,74.125.130.0-255,5738,12018,56,244145
23520,6.2e-05,172.31.46.0-255,66,12084,56,244145
23521,6.9e-05,74.125.130.0-255,4320,16404,56,244145
23522,7.3e-05,172.31.46.0-255,66,16470,56,244145
23523,0.000105,74.125.130.0-255,1911,18381,56,244145
23524,0.000108,172.31.46.0-255,66,18447,56,244145
23525,0.000116,74.125.130.0-255,7156,25603,56,244145
23526,0.000118,172.31.46.0-255,66,25669,56,244145
23527,0.000137,74.125.130.0-255,5379,31048,56,244145
23528,0.00014,172.31.46.0-255,66,31114,56,244145
23529,0.000274,74.125.130.0-255,1484,32598,56,244145
23530,0.000278,172.31.46.0-255,66,32664,56,244145
23531,0.000282,74.125.130.0-255,1484,34148,56,244145
23532,0.000284,172.31.46.0-255,66,34214,56,244145
23533,0.000297,74.125.130.0-255,1484,35698,56,244145
23534,0.000299,172.31.46.0-255,66,35764,56,244145
23535,0.000307,74.125.130.0-255,5738,41502,56,244145
23536,0.00031,172.31.46.0-255,66,41568,56,244145
23537,0.000329,74.125.130.0-255,2902,44470,56,244145
23538,0.000331,172.31.46.0-255,66,44536,56,244145
23539,0.000336,74.125.130.0-255,4320,48856,56,244145
23540,0.000339,172.31.46.0-255,66,48922,56,244145
23541,0.000368,172.31.46.0-255,66,48988,56,244145
23542,0.000373,74.125.130.0-255,4320,53308,56,244145
23543,0.000375,172.31.46.0-255,66,53374,56,244145
23544,0.000387,74.125.130.0-255,2902,56276,56,244145
23545,0.00039,172.31.46.0-255,66,56342,56,244145
23546,0.000405,74.125.130.0-255,766,57108,56,244145
23547,0.000446,74.125.130.0-255,411,57519,56,244145
23548,0.000691,74.125.130.0-255,1484,59003,56,244145
23549,0.000697,172.31.46.0-255,66,59069,56,244145
23550,0.000703,74.125.130.0-255,2902,61971,56,244145
23551,0.000705,172.31.46.0-255,66,62037,56,244145
23552,0.000711,74.125.130.0-255,4320,66357,56,244145
23553,0.000714,172.31.46.0-255,66,66423,56,244145
23554,0.000746,74.125.130.0-255,1484,67907,56,244145
23555,0.000749,74.125.130.0-255,1484,69391,56,244145
23556,0.000751,172.31.46.0-255,66,69457,56,244145
23557,0.000756,74.125.130.0-255,2902,72359,56,244145
23558,0.000758,172.31.46.0-255,66,72425,56,244145
23559,0.000775,74.125.130.0-255,5738,78163,56,244145
23560,0.000777,172.31.46.0-255,66,78229,56,244145
23561,0.000812,74.125.130.0-255,2902,81131,56,244145
23562,0.000815,172.31.46.0-255,66,81197,56,244145
23563,0.000835,74.125.130.0-255,4320,85517,56,244145
23564,0.000838,172.31.46.0-255,66,85583,56,244145
23565,0.000846,74.125.130.0-255,6438,92021,56,244145
23566,0.000849,172.31.46.0-255,66,92087,56,244145
23567,0.00091,74.125.130.0-255,1484,93571,56,244145
23568,0.000923,74.125.130.0-255,2902,96473,56,244145
23569,0.000926,172.31.46.0-255,66,96539,56,244145
23570,0.00093,74.125.130.0-255,1484,98023,56,244145
23571,0.000946,74.125.130.0-255,2902,100925,56,244145
23572,0.000948,172.31.46.0-255,66,100991,56,244145
23573,0.000969,74.125.130.0-255,5738,106729,56,244145
23574,0.000973,172.31.46.0-255,66,106795,56,244145
23575,0.000999,74.125.130.0-255,2902,109697,56,244145
23576,0.001002,172.31.46.0-255,66,109763,56,244145
23577,0.001006,74.125.130.0-255,2902,112665,56,244145
23578,0.001008,172.31.46.0-255,66,112731,56,244145
23579,0.00102,172.31.46.0-255,66,112797,56,244145
23580,0.001049,74.125.130.0-255,4320,117117,56,244145
23581,0.001052,172.31.46.0-255,66,117183,56,244145
23582,0.001056,74.125.130.0-255,2184,119367,56,244145
23583,0.001059,172.31.46.0-255,66,119433,56,244145
23584,0.001062,74.125.130.0-255,2902,122335,56,244145
23585,0.001065,172.31.46.0-255,66,122401,56,244145
23586,0.001072,74.125.130.0-255,7156,129557,56,244145
23587,0.001074,172.31.46.0-255,66,129623,56,244145
23588,0.001077,74.125.130.0-255,1484,131107,56,244145
23589,0.001104,74.125.130.0-255,2902,134009,56,244145
23590,0.001108,172.31.46.0-255,66,134075,56,244145
23591,0.001126,74.125.130.0-255,1484,135559,56,244145
23592,0.00114,74.125.130.0-255,2902,138461,56,244145
23593,0.001143,172.31.46.0-255,66,138527,56,244145
23594,0.001148,74.125.130.0-255,4320,142847,56,244145
23595,0.001151,172.31.46.0-255,66,142913,56,244145
23596,0.001167,74.125.130.0-255,1484,144397,56,244145
23597,0.001182,74.125.130.0-255,5738,150135,56,244145
23598,0.001185,172.31.46.0-255,66,150201,56,244145
23599,0.001202,74.125.130.0-255,2184,152385,56,244145
23600,0.001205,172.31.46.0-255,66,152451,56,244145
23601,0.001245,74.125.130.0-255,364,152815,56,244145
23602,0.001301,74.125.130.0-255,1484,154299,56,244145
23603,0.001305,172.31.46.0-255,66,154365,56,244145
23604,0.001325,74.125.130.0-255,2902,157267,56,244145
23605,0.001328,172.31.46.0-255,66,157333,56,244145
23606,0.001346,74.125.130.0-255,1484,158817,56,244145
23607,0.001368,74.125.130.0-255,2902,161719,56,244145
23608,0.001372,172.31.46.0-255,66,161785,56,244145
23609,0.001391,74.125.130.0-255,2902,164687,56,244145
23610,0.001396,74.125.130.0-255,4320,169007,56,244145
23611,0.001401,172.31.46.0-255,66,169073,56,244145
23612,0.001408,172.31.46.0-255,66,169139,56,244145
23613,0.001412,74.125.130.0-255,1484,170623,56,244145
23614,0.001434,74.125.130.0-255,7156,177779,56,244145
23615,0.001436,172.31.46.0-255,66,177845,56,244145
23616,0.001443,74.125.130.0-255,5738,183583,56,244145
23617,0.001445,172.31.46.0-255,66,183649,56,244145
23618,0.001483,74.125.130.0-255,1484,185133,56,244145
23619,0.001498,74.125.130.0-255,2184,187317,56,244145
23620,0.001501,172.31.46.0-255,66,187383,56,244145
23621,0.00154,74.125.130.0-255,1484,188867,56,244145
23622,0.001558,74.125.130.0-255,2902,191769,56,244145
23623,0.001561,172.31.46.0-255,66,191835,56,244145
23624,0.001586,74.125.130.0-255,5738,197573,56,244145
23625,0.001593,74.125.130.0-255,5738,203311,56,244145
23626,0.001595,74.125.130.0-255,1484,204795,56,244145
23627,0.001599,172.31.46.0-255,66,204861,56,244145
23628,0.001602,172.31.46.0-255,66,204927,56,244145
23629,0.001612,74.125.130.0-255,5738,210665,56,244145
23630,0.001616,172.31.46.0-255,66,210731,56,244145
23631,0.001658,172.31.46.0-255,66,210797,56,244145
23632,0.001676,74.125.130.0-255,766,211563,56,244145
23633,0.00173,74.125.130.0-255,1484,213047,56,244145
23634,0.001733,172.31.46.0-255,66,213113,56,244145
23635,0.001737,74.125.130.0-255,1484,214597,56,244145
23636,0.001767,74.125.130.0-255,2902,217499,56,244145
23637,0.00177,172.31.46.0-255,66,217565,56,244145
23638,0.001777,74.125.130.0-255,5738,223303,56,244145
23639,0.001785,172.31.46.0-255,66,223369,56,244145
23640,0.00179,74.125.130.0-255,2902,226271,56,244145
23641,0.001792,172.31.46.0-255,66,226337,56,244145
23642,0.001857,172.31.46.0-255,66,226403,56,244145
23643,0.001868,172.31.46.0-255,66,226469,56,244145
23644,0.004368,74.125.130.0-255,5738,232207,56,244145
23645,0.004376,172.31.46.0-255,66,232273,56,244145
23646,0.006873,74.125.130.0-255,2902,235175,56,244145
23647,0.006876,172.31.46.0-255,66,235241,56,244145
23648,0.006895,74.125.130.0-255,2902,238143,56,244145
23649,0.006898,172.31.46.0-255,66,238209,56,244145
23650,0.009373,74.125.130.0-255,2902,241111,56,244145
23651,0.00938,172.31.46.0-255,66,241177,56,244145
23652,0.0094,74.125.130.0-255,2902,244079,56,244145
23653,0.009403,172.31.46.0-255,66,244145,56,244145
23654,0.0,74.125.200.0-255,147,147,56,238666
23655,2.4e-05,172.31.46.0-255,66,213,56,238666
23656,3.2e-05,74.125.200.0-255,1484,1697,56,238666
23657,3.6e-05,172.31.46.0-255,66,1763,56,238666
23658,4.8e-05,74.125.200.0-255,2902,4665,56,238666
23659,5.1e-05,172.31.46.0-255,66,4731,56,238666
23660,5.7e-05,74.125.200.0-255,4320,9051,56,238666
23661,6e-05,172.31.46.0-255,66,9117,56,238666
23662,0.000108,172.31.46.0-255,66,9183,56,238666
23663,0.000113,74.125.200.0-255,4320,13503,56,238666
23664,0.000116,172.31.46.0-255,66,13569,56,238666
23665,0.000149,172.31.46.0-255,66,13635,56,238666
23666,0.000186,74.125.200.0-255,1484,15119,56,238666
23667,0.000188,172.31.46.0-255,66,15185,56,238666
23668,0.000218,74.125.200.0-255,2902,18087,56,238666
23669,0.000221,172.31.46.0-255,66,18153,56,238666
23670,0.000227,74.125.200.0-255,5738,23891,56,238666
23671,0.000229,172.31.46.0-255,66,23957,56,238666
23672,0.000246,74.125.200.0-255,1484,25441,56,238666
23673,0.000248,172.31.46.0-255,66,25507,56,238666
23674,0.000256,74.125.200.0-255,2902,28409,56,238666
23675,0.000258,172.31.46.0-255,66,28475,56,238666
23676,0.000263,74.125.200.0-255,2902,31377,56,238666
23677,0.000266,172.31.46.0-255,66,31443,56,238666
23678,0.000303,74.125.200.0-255,2902,34345,56,238666
23679,0.000317,172.31.46.0-255,66,34411,56,238666
23680,0.00032,172.31.46.0-255,66,34477,56,238666
23681,0.000345,74.125.200.0-255,5379,39856,56,238666
23682,0.000347,172.31.46.0-255,66,39922,56,238666
23683,0.000397,74.125.200.0-255,1484,41406,56,238666
23684,0.000413,74.125.200.0-255,2902,44308,56,238666
23685,0.000415,172.31.46.0-255,66,44374,56,238666
23686,0.000447,74.125.200.0-255,5738,50112,56,238666
23687,0.00045,172.31.46.0-255,66,50178,56,238666
23688,0.000455,74.125.200.0-255,2902,53080,56,238666
23689,0.000458,172.31.46.0-255,66,53146,56,238666
23690,0.000467,74.125.200.0-255,4320,57466,56,238666
23691,0.00047,172.31.46.0-255,66,57532,56,238666
23692,0.000482,172.31.46.0-255,66,57598,56,238666
23693,0.000486,74.125.200.0-255,2902,60500,56,238666
23694,0.000488,172.31.46.0-255,66,60566,56,238666
23695,0.000521,74.125.200.0-255,4723,65289,56,238666
23696,0.000523,172.31.46.0-255,66,65355,56,238666
23697,0.00057,74.125.200.0-255,1484,66839,56,238666
23698,0.000581,74.125.200.0-255,2902,69741,56,238666
23699,0.000584,172.31.46.0-255,66,69807,56,238666
23700,0.000587,74.125.200.0-255,1484,71291,56,238666
23701,0.000612,74.125.200.0-255,2902,74193,56,238666
23702,0.000614,172.31.46.0-255,66,74259,56,238666
23703,0.000653,74.125.200.0-255,7156,81415,56,238666
23704,0.000655,172.31.46.0-255,66,81481,56,238666
23705,0.000676,74.125.200.0-255,1484,82965,56,238666
23706,0.000687,172.31.46.0-255,66,83031,56,238666
23707,0.000693,74.125.200.0-255,6438,89469,56,238666
23708,0.000695,172.31.46.0-255,66,89535,56,238666
23709,0.001322,74.125.200.0-255,1484,91019,56,238666
23710,0.001336,74.125.200.0-255,2902,93921,56,238666
23711,0.00134,172.31.46.0-255,66,93987,56,238666
23712,0.001366,74.125.200.0-255,5738,99725,56,238666
23713,0.001371,74.125.200.0-255,4320,104045,56,238666
23714,0.001375,172.31.46.0-255,66,104111,56,238666
23715,0.001381,172.31.46.0-255,66,104177,56,238666
23716,0.001385,74.125.200.0-255,2902,107079,56,238666
23717,0.001387,172.31.46.0-255,66,107145,56,238666
23718,0.00141,74.125.200.0-255,2902,110047,56,238666
23719,0.001412,172.31.46.0-255,66,110113,56,238666
23720,0.001415,74.125.200.0-255,1484,111597,56,238666
23721,0.001453,172.31.46.0-255,66,111663,56,238666
23722,0.001476,74.125.200.0-255,2184,113847,56,238666
23723,0.001478,172.31.46.0-255,66,113913,56,238666
23724,0.001747,74.125.200.0-255,1484,115397,56,238666
23725,0.001767,74.125.200.0-255,2902,118299,56,238666
23726,0.001771,172.31.46.0-255,66,118365,56,238666
23727,0.001775,74.125.200.0-255,2902,121267,56,238666
23728,0.001777,172.31.46.0-255,66,121333,56,238666
23729,0.00181,74.125.200.0-255,2902,124235,56,238666
23730,0.001813,172.31.46.0-255,66,124301,56,238666
23731,0.001818,74.125.200.0-255,4320,128621,56,238666
23732,0.00182,172.31.46.0-255,66,128687,56,238666
23733,0.001825,74.125.200.0-255,5738,134425,56,238666
23734,0.001827,172.31.46.0-255,66,134491,56,238666
23735,0.001833,74.125.200.0-255,5738,140229,56,238666
23736,0.001835,172.31.46.0-255,66,140295,56,238666
23737,0.001857,74.125.200.0-255,5738,146033,56,238666
23738,0.001859,172.31.46.0-255,66,146099,56,238666
23739,0.001863,74.125.200.0-255,2184,148283,56,238666
23740,0.001864,172.31.46.0-255,66,148349,56,238666
23741,0.001896,74.125.200.0-255,1484,149833,56,238666
23742,0.00191,74.125.200.0-255,2902,152735,56,238666
23743,0.001912,172.31.46.0-255,66,152801,56,238666
23744,0.001935,74.125.200.0-255,4320,157121,56,238666
23745,0.001937,172.31.46.0-255,66,157187,56,238666
23746,0.001958,74.125.200.0-255,1484,158671,56,238666
23747,0.001962,74.125.200.0-255,1484,160155,56,238666
23748,0.001963,172.31.46.0-255,66,160221,56,238666
23749,0.001968,74.125.200.0-255,2902,163123,56,238666
23750,0.001969,172.31.46.0-255,66,163189,56,238666
23751,0.001998,74.125.200.0-255,5738,168927,56,238666
23752,0.002,172.31.46.0-255,66,168993,56,238666
23753,0.002005,74.125.200.0-255,2902,171895,56,238666
23754,0.002006,172.31.46.0-255,66,171961,56,238666
23755,0.002009,74.125.200.0-255,1484,173445,56,238666
23756,0.002033,74.125.200.0-255,2902,176347,56,238666
23757,0.002036,172.31.46.0-255,66,176413,56,238666
23758,0.00206,74.125.200.0-255,6438,182851,56,238666
23759,0.002062,172.31.46.0-255,66,182917,56,238666
23760,0.00209,74.125.200.0-255,1484,184401,56,238666
23761,0.002103,74.125.200.0-255,4320,188721,56,238666
23762,0.002105,172.31.46.0-255,66,188787,56,238666
23763,0.002134,74.125.200.0-255,7156,195943,56,238666
23764,0.002137,172.31.46.0-255,66,196009,56,238666
23765,0.002156,74.125.200.0-255,1484,197493,56,238666
23766,0.002185,172.31.46.0-255,66,197559,56,238666
23767,0.002205,74.125.200.0-255,5738,203297,56,238666
23768,0.002207,172.31.46.0-255,66,203363,56,238666
23769,0.002218,74.125.200.0-255,2184,205547,56,238666
23770,0.002223,172.31.46.0-255,66,205613,56,238666
23771,0.002259,172.31.46.0-255,66,205679,56,238666
23772,0.002264,74.125.200.0-255,4320,209999,56,238666
23773,0.002266,172.31.46.0-255,66,210065,56,238666
23774,0.002271,74.125.200.0-255,5738,215803,56,238666
23775,0.002277,172.31.46.0-255,66,215869,56,238666
23776,0.002317,172.31.46.0-255,66,215935,56,238666
23777,0.00232,74.125.200.0-255,2902,218837,56,238666
23778,0.002322,172.31.46.0-255,66,218903,56,238666
23779,0.002326,74.125.200.0-255,2184,221087,56,238666
23780,0.002327,172.31.46.0-255,66,221153,56,238666
23781,0.004629,74.125.200.0-255,5738,226891,56,238666
23782,0.004637,172.31.46.0-255,66,226957,56,238666
23783,0.006943,74.125.200.0-255,5738,232695,56,238666
23784,0.006948,172.31.46.0-255,66,232761,56,238666
23785,0.008626,172.31.46.0-255,101,232862,56,238666
23786,0.009269,74.125.200.0-255,5738,238600,56,238666
23787,0.009274,172.31.46.0-255,66,238666,56,238666
23788,0.0,172.217.160.0-255,152,152,56,208855
23789,1.6e-05,172.31.46.0-255,66,218,56,208855
23790,2.3e-05,172.217.160.0-255,1484,1702,56,208855
23791,2.7e-05,172.31.46.0-255,66,1768,56,208855
23792,3.3e-05,172.217.160.0-255,2902,4670,56,208855
23793,3.7e-05,172.31.46.0-255,66,4736,56,208855
23794,4.4e-05,172.217.160.0-255,7156,11892,56,208855
23795,4.7e-05,172.31.46.0-255,66,11958,56,208855
23796,6.1e-05,172.31.46.0-255,66,12024,56,208855
23797,9.9e-05,172.31.46.0-255,66,12090,56,208855
23798,0.000119,172.217.160.0-255,5738,17828,56,208855
23799,0.000122,172.31.46.0-255,66,17894,56,208855
23800,0.000135,172.217.160.0-255,2902,20796,56,208855
23801,0.000138,172.31.46.0-255,66,20862,56,208855
23802,0.000171,172.31.46.0-255,66,20928,56,208855
23803,0.000385,172.217.160.0-255,1484,22412,56,208855
23804,0.00039,172.31.46.0-255,66,22478,56,208855
23805,0.000397,172.217.160.0-255,2902,25380,56,208855
23806,0.000399,172.31.46.0-255,66,25446,56,208855
23807,0.000428,172.217.160.0-255,5738,31184,56,208855
23808,0.000431,172.31.46.0-255,66,31250,56,208855
23809,0.000459,172.217.160.0-255,7107,38357,56,208855
23810,0.000462,172.31.46.0-255,66,38423,56,208855
23811,0.000769,172.217.160.0-255,101,38524,56,208855
23812,0.000775,172.31.46.0-255,66,38590,56,208855
23813,0.000852,172.217.160.0-255,1484,40074,56,208855
23814,0.000856,172.31.46.0-255,66,40140,56,208855
23815,0.000861,172.217.160.0-255,2902,43042,56,208855
23816,0.000864,172.31.46.0-255,66,43108,56,208855
23817,0.000867,172.217.160.0-255,1484,44592,56,208855
23818,0.00089,172.217.160.0-255,4320,48912,56,208855
23819,0.000893,172.31.46.0-255,66,48978,56,208855
23820,0.000898,172.217.160.0-255,2902,51880,56,208855
23821,0.0009,172.31.46.0-255,66,51946,56,208855
23822,0.000919,172.217.160.0-255,3961,55907,56,208855
23823,0.000922,172.31.46.0-255,66,55973,56,208855
23824,0.000928,172.217.160.0-255,5738,61711,56,208855
23825,0.000938,172.217.160.0-255,1484,63195,56,208855
23826,0.000953,172.217.160.0-255,4320,67515,56,208855
23827,0.000959,172.31.46.0-255,66,67581,56,208855
23828,0.000976,172.217.160.0-255,5379,72960,56,208855
23829,0.000994,172.31.46.0-255,66,73026,56,208855
23830,0.001004,172.217.160.0-255,1484,74510,56,208855
23831,0.001009,172.217.160.0-255,2902,77412,56,208855
23832,0.001019,172.217.160.0-255,1484,78896,56,208855
23833,0.001032,172.31.46.0-255,66,78962,56,208855
23834,0.001041,172.217.160.0-255,4320,83282,56,208855
23835,0.001052,172.31.46.0-255,66,83348,56,208855
23836,0.001073,172.217.160.0-255,6397,89745,56,208855
23837,0.001079,172.31.46.0-255,66,89811,56,208855
23838,0.001089,172.217.160.0-255,1484,91295,56,208855
23839,0.001109,172.217.160.0-255,5738,97033,56,208855
23840,0.001112,172.217.160.0-255,1484,98517,56,208855
23841,0.00112,172.31.46.0-255,66,98583,56,208855
23842,0.001156,172.217.160.0-255,5738,104321,56,208855
23843,0.00117,172.217.160.0-255,2974,107295,56,208855
23844,0.001178,172.31.46.0-255,66,107361,56,208855
23845,0.001249,172.217.160.0-255,1484,108845,56,208855
23846,0.00127,172.217.160.0-255,1484,110329,56,208855
23847,0.001273,172.31.46.0-255,66,110395,56,208855
23848,0.001302,172.217.160.0-255,1484,111879,56,208855
23849,0.001309,172.217.160.0-255,5738,117617,56,208855
23850,0.001322,172.31.46.0-255,66,117683,56,208855
23851,0.001326,172.217.160.0-255,2902,120585,56,208855
23852,0.001332,172.31.46.0-255,66,120651,56,208855
23853,0.00135,172.217.160.0-255,5738,126389,56,208855
23854,0.001402,172.217.160.0-255,5020,131409,56,208855
23855,0.001419,172.31.46.0-255,66,131475,56,208855
23856,0.001587,172.217.160.0-255,1484,132959,56,208855
23857,0.001592,172.217.160.0-255,2902,135861,56,208855
23858,0.001596,172.217.160.0-255,2902,138763,56,208855
23859,0.001601,172.31.46.0-255,66,138829,56,208855
23860,0.001606,172.31.46.0-255,66,138895,56,208855
23861,0.001619,172.217.160.0-255,2902,141797,56,208855
23862,0.001624,172.217.160.0-255,4320,146117,56,208855
23863,0.001651,172.217.160.0-255,2902,149019,56,208855
23864,0.001654,172.217.160.0-255,1484,150503,56,208855
23865,0.001665,172.31.46.0-255,66,150569,56,208855
23866,0.001681,172.217.160.0-255,6438,157007,56,208855
23867,0.001685,172.217.160.0-255,1484,158491,56,208855
23868,0.001703,172.217.160.0-255,7156,165647,56,208855
23869,0.001714,172.217.160.0-255,1484,167131,56,208855
23870,0.001718,172.31.46.0-255,66,167197,56,208855
23871,0.001753,172.31.46.0-255,66,167263,56,208855
23872,0.001778,172.217.160.0-255,5738,173001,56,208855
23873,0.001784,172.31.46.0-255,66,173067,56,208855
23874,0.001792,172.217.160.0-255,2184,175251,56,208855
23875,0.001797,172.31.46.0-255,66,175317,56,208855
23876,0.001889,172.217.160.0-255,1484,176801,56,208855
23877,0.001911,172.217.160.0-255,2902,179703,56,208855
23878,0.00193,172.31.46.0-255,66,179769,56,208855
23879,0.001942,172.217.160.0-255,5738,185507,56,208855
23880,0.001961,172.31.46.0-255,66,185573,56,208855
23881,0.002003,172.31.46.0-255,66,185639,56,208855
23882,0.003978,172.217.160.0-255,5738,191377,56,208855
23883,0.003986,172.31.46.0-255,66,191443,56,208855
23884,0.005957,172.217.160.0-255,5738,197181,56,208855
23885,0.005963,172.31.46.0-255,66,197247,56,208855
23886,0.00796,172.217.160.0-255,5738,202985,56,208855
23887,0.007963,172.31.46.0-255,66,203051,56,208855
23888,0.009944,172.217.160.0-255,5738,208789,56,208855
23889,0.009951,172.31.46.0-255,66,208855,56,208855
23890,0.0,74.125.24.0-255,147,147,56,230571
23891,2.3e-05,172.31.46.0-255,66,213,56,230571
23892,2.9e-05,74.125.24.0-255,1484,1697,56,230571
23893,3.3e-05,172.31.46.0-255,66,1763,56,230571
23894,4.6e-05,74.125.24.0-255,2902,4665,56,230571
23895,4.9e-05,172.31.46.0-255,66,4731,56,230571
23896,5.7e-05,74.125.24.0-255,7156,11887,56,230571
23897,6.1e-05,172.31.46.0-255,66,11953,56,230571
23898,9.3e-05,74.125.24.0-255,2123,14076,56,230571
23899,0.0001,172.31.46.0-255,66,14142,56,230571
23900,0.000162,74.125.24.0-255,1484,15626,56,230571
23901,0.000166,172.31.46.0-255,66,15692,56,230571
23902,0.000193,74.125.24.0-255,2902,18594,56,230571
23903,0.000197,172.31.46.0-255,66,18660,56,230571
23904,0.000203,74.125.24.0-255,5738,24398,56,230571
23905,0.000205,172.31.46.0-255,66,24464,56,230571
23906,0.000233,74.125.24.0-255,6797,31261,56,230571
23907,0.000236,172.31.46.0-255,66,31327,56,230571
23908,0.000281,74.125.24.0-255,7156,38483,56,230571
23909,0.000284,172.31.46.0-255,66,38549,56,230571
23910,0.000289,74.125.24.0-255,4320,42869,56,230571
23911,0.00029,172.31.46.0-255,66,42935,56,230571
23912,0.000343,74.125.24.0-255,5379,48314,56,230571
23913,0.000346,172.31.46.0-255,66,48380,56,230571
23914,0.000382,74.125.24.0-255,4320,52700,56,230571
23915,0.000385,172.31.46.0-255,66,52766,56,230571
23916,0.000388,74.125.24.0-255,1484,54250,56,230571
23917,0.00039,172.31.46.0-255,66,54316,56,230571
23918,0.000419,74.125.24.0-255,4320,58636,56,230571
23919,0.000426,172.31.46.0-255,66,58702,56,230571
23920,0.000434,74.125.24.0-255,6797,65499,56,230571
23921,0.000436,172.31.46.0-255,66,65565,56,230571
23922,0.000471,74.125.24.0-255,396,65961,56,230571
23923,0.000501,74.125.24.0-255,1484,67445,56,230571
23924,0.000504,172.31.46.0-255,66,67511,56,230571
23925,0.00051,74.125.24.0-255,2902,70413,56,230571
23926,0.000512,172.31.46.0-255,66,70479,56,230571
23927,0.000543,74.125.24.0-255,1484,71963,56,230571
23928,0.000551,74.125.24.0-255,7156,79119,56,230571
23929,0.000554,172.31.46.0-255,66,79185,56,230571
23930,0.000592,74.125.24.0-255,4320,83505,56,230571
23931,0.000595,172.31.46.0-255,66,83571,56,230571
23932,0.000627,74.125.24.0-255,3961,87532,56,230571
23933,0.00063,172.31.46.0-255,66,87598,56,230571
23934,0.000641,172.31.46.0-255,66,87664,56,230571
23935,0.000651,74.125.24.0-255,3961,91625,56,230571
23936,0.000653,172.31.46.0-255,66,91691,56,230571
23937,0.001087,74.125.24.0-255,348,92039,56,230571
23938,0.001472,172.31.46.0-255,66,92105,56,230571
23939,0.001567,74.125.24.0-255,1484,93589,56,230571
23940,0.001574,74.125.24.0-255,1484,95073,56,230571
23941,0.001577,172.31.46.0-255,66,95139,56,230571
23942,0.001608,74.125.24.0-255,1484,96623,56,230571
23943,0.001615,74.125.24.0-255,5738,102361,56,230571
23944,0.001617,172.31.46.0-255,66,102427,56,230571
23945,0.00162,74.125.24.0-255,1484,103911,56,230571
23946,0.001639,172.31.46.0-255,66,103977,56,230571
23947,0.001672,172.31.46.0-255,66,104043,56,230571
23948,0.00196,74.125.24.0-255,1484,105527,56,230571
23949,0.001967,74.125.24.0-255,2902,108429,56,230571
23950,0.001971,172.31.46.0-255,66,108495,56,230571
23951,0.001978,74.125.24.0-255,5738,114233,56,230571
23952,0.00198,172.31.46.0-255,66,114299,56,230571
23953,0.00202,172.31.46.0-255,66,114365,56,230571
23954,0.002048,74.125.24.0-255,1484,115849,56,230571
23955,0.002084,172.31.46.0-255,66,115915,56,230571
23956,0.002347,74.125.24.0-255,1484,117399,56,230571
23957,0.002355,74.125.24.0-255,2902,120301,56,230571
23958,0.002359,172.31.46.0-255,66,120367,56,230571
23959,0.002391,74.125.24.0-255,5738,126105,56,230571
23960,0.002394,172.31.46.0-255,66,126171,56,230571
23961,0.002413,172.31.46.0-255,66,126237,56,230571
23962,0.002424,172.31.46.0-255,66,126303,56,230571
23963,0.002451,74.125.24.0-255,2184,128487,56,230571
23964,0.002453,172.31.46.0-255,66,128553,56,230571
23965,0.002463,74.125.24.0-255,2902,131455,56,230571
23966,0.002466,172.31.46.0-255,66,131521,56,230571
23967,0.002493,74.125.24.0-255,7156,138677,56,230571
23968,0.002499,172.31.46.0-255,66,138743,56,230571
23969,0.002566,172.31.46.0-255,66,138809,56,230571
23970,0.002585,172.31.46.0-255,66,138875,56,230571
23971,0.002596,172.31.46.0-255,66,138941,56,230571
23972,0.002632,74.125.24.0-255,7156,146097,56,230571
23973,0.002635,172.31.46.0-255,66,146163,56,230571
23974,0.002676,172.31.46.0-255,66,146229,56,230571
23975,0.002706,74.125.24.0-255,1484,147713,56,230571
23976,0.002718,74.125.24.0-255,1484,149197,56,230571
23977,0.00272,172.31.46.0-255,66,149263,56,230571
23978,0.002744,74.125.24.0-255,1484,150747,56,230571
23979,0.002761,74.125.24.0-255,2902,153649,56,230571
23980,0.002763,172.31.46.0-255,66,153715,56,230571
23981,0.002789,74.125.24.0-255,1484,155199,56,230571
23982,0.002797,74.125.24.0-255,7156,162355,56,230571
23983,0.0028,172.31.46.0-255,66,162421,56,230571
23984,0.002807,74.125.24.0-255,7156,169577,56,230571
23985,0.002809,172.31.46.0-255,66,169643,56,230571
23986,0.002817,74.125.24.0-255,2184,171827,56,230571
23987,0.00282,172.31.46.0-255,78,171905,56,230571
23988,0.002826,74.125.24.0-255,4320,176225,56,230571
23989,0.002829,172.31.46.0-255,78,176303,56,230571
23990,0.002855,74.125.24.0-255,4320,180623,56,230571
23991,0.002859,172.31.46.0-255,66,180689,56,230571
23992,0.002979,74.125.24.0-255,1484,182173,56,230571
23993,0.002985,74.125.24.0-255,2902,185075,56,230571
23994,0.002988,172.31.46.0-255,66,185141,56,230571
23995,0.002993,74.125.24.0-255,2902,188043,56,230571
23996,0.002995,172.31.46.0-255,66,188109,56,230571
23997,0.003027,74.125.24.0-255,2902,191011,56,230571
23998,0.00303,172.31.46.0-255,66,191077,56,230571
23999,0.003036,74.125.24.0-255,5738,196815,56,230571
24000,0.003038,172.31.46.0-255,66,196881,56,230571
24001,0.003041,74.125.24.0-255,1484,198365,56,230571
24002,0.003049,74.125.24.0-255,1484,199849,56,230571
24003,0.003051,172.31.46.0-255,66,199915,56,230571
24004,0.003093,74.125.24.0-255,7156,207071,56,230571
24005,0.003098,172.31.46.0-255,66,207137,56,230571
24006,0.003104,74.125.24.0-255,7156,214293,56,230571
24007,0.003107,172.31.46.0-255,66,214359,56,230571
24008,0.003113,74.125.24.0-255,766,215125,56,230571
24009,0.003714,74.125.24.0-255,1484,216609,56,230571
24010,0.00372,172.31.46.0-255,66,216675,56,230571
24011,0.003726,74.125.24.0-255,2902,219577,56,230571
24012,0.003728,172.31.46.0-255,66,219643,56,230571
24013,0.003749,74.125.24.0-255,5738,225381,56,230571
24014,0.003751,172.31.46.0-255,66,225447,56,230571
24015,0.003813,172.31.46.0-255,66,225513,56,230571
24016,0.003853,172.31.46.0-255,66,225579,56,230571
24017,0.003856,74.125.24.0-255,1484,227063,56,230571
24018,0.00386,74.125.24.0-255,2902,229965,56,230571
24019,0.003862,172.31.46.0-255,66,230031,56,230571
24020,0.003914,172.31.46.0-255,66,230097,56,230571
24021,0.003932,172.31.46.0-255,66,230163,56,230571
24022,0.003996,172.31.46.0-255,66,230229,56,230571
24023,0.003999,74.125.24.0-255,105,230334,56,230571
24024,0.006076,172.31.46.0-255,66,230400,56,230571
24025,0.006115,172.31.46.0-255,105,230505,56,230571
24026,0.008708,74.125.24.0-255,66,230571,56,230571
24027,0.0,74.125.68.0-255,145,145,56,159432
24028,2.1e-05,172.31.46.0-255,66,211,56,159432
24029,2.9e-05,74.125.68.0-255,1484,1695,56,159432
24030,3.4e-05,172.31.46.0-255,66,1761,56,159432
24031,4.9e-05,74.125.68.0-255,2902,4663,56,159432
24032,5.3e-05,172.31.46.0-255,66,4729,56,159432
24033,6e-05,74.125.68.0-255,7156,11885,56,159432
24034,6.4e-05,172.31.46.0-255,66,11951,56,159432
24035,8.9e-05,74.125.68.0-255,2005,13956,56,159432
24036,9.3e-05,172.31.46.0-255,66,14022,56,159432
24037,0.000144,74.125.68.0-255,1484,15506,56,159432
24038,0.000147,172.31.46.0-255,66,15572,56,159432
24039,0.000162,74.125.68.0-255,1484,17056,56,159432
24040,0.00017,172.31.46.0-255,66,17122,56,159432
24041,0.000176,74.125.68.0-255,4320,21442,56,159432
24042,0.000178,172.31.46.0-255,66,21508,56,159432
24043,0.000212,172.31.46.0-255,66,21574,56,159432
24044,0.000245,74.125.68.0-255,1125,22699,56,159432
24045,0.000248,172.31.46.0-255,66,22765,56,159432
24046,0.00035,74.125.68.0-255,1484,24249,56,159432
24047,0.000354,172.31.46.0-255,66,24315,56,159432
24048,0.00036,74.125.68.0-255,2902,27217,56,159432
24049,0.000363,172.31.46.0-255,66,27283,56,159432
24050,0.000394,74.125.68.0-255,2902,30185,56,159432
24051,0.000397,172.31.46.0-255,66,30251,56,159432
24052,0.000402,74.125.68.0-255,4320,34571,56,159432
24053,0.000405,172.31.46.0-255,66,34637,56,159432
24054,0.000445,74.125.68.0-255,4320,38957,56,159432
24055,0.000448,172.31.46.0-255,66,39023,56,159432
24056,0.000469,74.125.68.0-255,1125,40148,56,159432
24057,0.000472,172.31.46.0-255,66,40214,56,159432
24058,0.000521,74.125.68.0-255,1484,41698,56,159432
24059,0.00055,74.125.68.0-255,2902,44600,56,159432
24060,0.000553,172.31.46.0-255,66,44666,56,159432
24061,0.000556,74.125.68.0-255,1484,46150,56,159432
24062,0.000561,74.125.68.0-255,2902,49052,56,159432
24063,0.000563,172.31.46.0-255,66,49118,56,159432
24064,0.000568,74.125.68.0-255,2902,52020,56,159432
24065,0.00057,172.31.46.0-255,66,52086,56,159432
24066,0.0006,74.125.68.0-255,2902,54988,56,159432
24067,0.000606,172.31.46.0-255,66,55054,56,159432
24068,0.000612,74.125.68.0-255,3122,58176,56,159432
24069,0.000614,172.31.46.0-255,66,58242,56,159432
24070,0.000836,74.125.68.0-255,1484,59726,56,159432
24071,0.000849,74.125.68.0-255,1484,61210,56,159432
24072,0.000853,172.31.46.0-255,66,61276,56,159432
24073,0.000857,74.125.68.0-255,1484,62760,56,159432
24074,0.000892,74.125.68.0-255,1484,64244,56,159432
24075,0.000896,172.31.46.0-255,66,64310,56,159432
24076,0.000904,74.125.68.0-255,5738,70048,56,159432
24077,0.000906,172.31.46.0-255,66,70114,56,159432
24078,0.000913,74.125.68.0-255,5379,75493,56,159432
24079,0.000916,172.31.46.0-255,66,75559,56,159432
24080,0.000922,74.125.68.0-255,5738,81297,56,159432
24081,0.000925,172.31.46.0-255,66,81363,56,159432
24082,0.000948,74.125.68.0-255,2902,84265,56,159432
24083,0.000952,172.31.46.0-255,66,84331,56,159432
24084,0.000983,74.125.68.0-255,1484,85815,56,159432
24085,0.000991,74.125.68.0-255,5738,91553,56,159432
24086,0.000994,172.31.46.0-255,66,91619,56,159432
24087,0.001017,74.125.68.0-255,1125,92744,56,159432
24088,0.001388,74.125.68.0-255,1484,94228,56,159432
24089,0.001393,172.31.46.0-255,66,94294,56,159432
24090,0.001399,74.125.68.0-255,2902,97196,56,159432
24091,0.001402,172.31.46.0-255,66,97262,56,159432
24092,0.001405,74.125.68.0-255,1484,98746,56,159432
24093,0.001415,74.125.68.0-255,2902,101648,56,159432
24094,0.001417,172.31.46.0-255,66,101714,56,159432
24095,0.001447,74.125.68.0-255,5738,107452,56,159432
24096,0.001449,172.31.46.0-255,66,107518,56,159432
24097,0.001476,74.125.68.0-255,5738,113256,56,159432
24098,0.001478,172.31.46.0-255,66,113322,56,159432
24099,0.001505,74.125.68.0-255,4320,117642,56,159432
24100,0.001508,172.31.46.0-255,66,117708,56,159432
24101,0.001554,172.31.46.0-255,66,117774,56,159432
24102,0.001957,74.125.68.0-255,1484,119258,56,159432
24103,0.001963,74.125.68.0-255,2902,122160,56,159432
24104,0.001966,172.31.46.0-255,66,122226,56,159432
24105,0.00197,74.125.68.0-255,1484,123710,56,159432
24106,0.001999,74.125.68.0-255,2902,126612,56,159432
24107,0.002002,172.31.46.0-255,66,126678,56,159432
24108,0.002008,74.125.68.0-255,5738,132416,56,159432
24109,0.002011,172.31.46.0-255,66,132482,56,159432
24110,0.002046,172.31.46.0-255,66,132548,56,159432
24111,0.002099,74.125.68.0-255,4320,136868,56,159432
24112,0.002101,172.31.46.0-255,66,136934,56,159432
24113,0.002134,74.125.68.0-255,5020,141954,56,159432
24114,0.002137,172.31.46.0-255,66,142020,56,159432
24115,0.004425,74.125.68.0-255,5738,147758,56,159432
24116,0.004434,172.31.46.0-255,66,147824,56,159432
24117,0.006709,74.125.68.0-255,5738,153562,56,159432
24118,0.006714,172.31.46.0-255,66,153628,56,159432
24119,0.008987,74.125.68.0-255,5738,159366,56,159432
24120,0.008998,172.31.46.0-255,66,159432,56,159432
24121,0.0,74.125.68.0-255,153,153,56,196559
24122,1.4e-05,172.31.46.0-255,66,219,56,196559
24123,7.6e-05,74.125.68.0-255,1484,1703,56,196559
24124,8.1e-05,172.31.46.0-255,66,1769,56,196559
24125,9.9e-05,74.125.68.0-255,2902,4671,56,196559
24126,0.000102,172.31.46.0-255,66,4737,56,196559
24127,0.000135,74.125.68.0-255,5738,10475,56,196559
24128,0.000138,172.31.46.0-255,66,10541,56,196559
24129,0.000143,74.125.68.0-255,2902,13443,56,196559
24130,0.000145,172.31.46.0-255,66,13509,56,196559
24131,0.000177,74.125.68.0-255,3518,17027,56,196559
24132,0.000181,172.31.46.0-255,66,17093,56,196559
24133,0.000189,74.125.68.0-255,7156,24249,56,196559
24134,0.000191,172.31.46.0-255,66,24315,56,196559
24135,0.000198,74.125.68.0-255,6797,31112,56,196559
24136,0.0002,172.31.46.0-255,66,31178,56,196559
24137,0.000359,74.125.68.0-255,1484,32662,56,196559
24138,0.000369,172.31.46.0-255,66,32728,56,196559
24139,0.000375,74.125.68.0-255,2902,35630,56,196559
24140,0.000377,172.31.46.0-255,66,35696,56,196559
24141,0.000384,74.125.68.0-255,5738,41434,56,196559
24142,0.000391,172.31.46.0-255,66,41500,56,196559
24143,0.000424,74.125.68.0-255,5738,47238,56,196559
24144,0.000427,172.31.46.0-255,66,47304,56,196559
24145,0.000434,74.125.68.0-255,6797,54101,56,196559
24146,0.000437,172.31.46.0-255,66,54167,56,196559
24147,0.000474,74.125.68.0-255,7156,61323,56,196559
24148,0.000478,172.31.46.0-255,66,61389,56,196559
24149,0.000513,74.125.68.0-255,4271,65660,56,196559
24150,0.000515,172.31.46.0-255,66,65726,56,196559
24151,0.000519,74.125.68.0-255,113,65839,56,196559
24152,0.000521,172.31.46.0-255,66,65905,56,196559
24153,0.000697,74.125.68.0-255,1484,67389,56,196559
24154,0.000716,74.125.68.0-255,1484,68873,56,196559
24155,0.000719,172.31.46.0-255,66,68939,56,196559
24156,0.000748,74.125.68.0-255,2902,71841,56,196559
24157,0.000751,172.31.46.0-255,66,71907,56,196559
24158,0.000777,74.125.68.0-255,1484,73391,56,196559
24159,0.000783,74.125.68.0-255,2902,76293,56,196559
24160,0.000785,172.31.46.0-255,66,76359,56,196559
24161,0.00082,74.125.68.0-255,5738,82097,56,196559
24162,0.000824,172.31.46.0-255,66,82163,56,196559
24163,0.000827,74.125.68.0-255,1125,83288,56,196559
24164,0.000852,74.125.68.0-255,1484,84772,56,196559
24165,0.000855,172.31.46.0-255,66,84838,56,196559
24166,0.000861,74.125.68.0-255,4320,89158,56,196559
24167,0.000864,172.31.46.0-255,66,89224,56,196559
24168,0.000867,74.125.68.0-255,1484,90708,56,196559
24169,0.000889,74.125.68.0-255,2902,93610,56,196559
24170,0.000892,172.31.46.0-255,66,93676,56,196559
24171,0.00093,74.125.68.0-255,5738,99414,56,196559
24172,0.000934,172.31.46.0-255,66,99480,56,196559
24173,0.000937,74.125.68.0-255,1125,100605,56,196559
24174,0.001767,74.125.68.0-255,1484,102089,56,196559
24175,0.001773,172.31.46.0-255,66,102155,56,196559
24176,0.001792,74.125.68.0-255,2902,105057,56,196559
24177,0.001795,172.31.46.0-255,66,105123,56,196559
24178,0.001806,74.125.68.0-255,1484,106607,56,196559
24179,0.001824,74.125.68.0-255,4320,110927,56,196559
24180,0.001827,172.31.46.0-255,66,110993,56,196559
24181,0.001829,74.125.68.0-255,1484,112477,56,196559
24182,0.001856,74.125.68.0-255,5738,118215,56,196559
24183,0.001858,172.31.46.0-255,66,118281,56,196559
24184,0.001871,74.125.68.0-255,5738,124019,56,196559
24185,0.001874,172.31.46.0-255,66,124085,56,196559
24186,0.001888,74.125.68.0-255,1484,125569,56,196559
24187,0.001908,172.31.46.0-255,66,125635,56,196559
24188,0.001911,74.125.68.0-255,766,126401,56,196559
24189,0.001982,74.125.68.0-255,1484,127885,56,196559
24190,0.001984,172.31.46.0-255,66,127951,56,196559
24191,0.002006,74.125.68.0-255,2902,130853,56,196559
24192,0.002009,172.31.46.0-255,66,130919,56,196559
24193,0.002014,74.125.68.0-255,4320,135239,56,196559
24194,0.002016,172.31.46.0-255,66,135305,56,196559
24195,0.002043,74.125.68.0-255,1484,136789,56,196559
24196,0.002051,74.125.68.0-255,7156,143945,56,196559
24197,0.002053,172.31.46.0-255,66,144011,56,196559
24198,0.002108,74.125.68.0-255,4320,148331,56,196559
24199,0.00211,172.31.46.0-255,66,148397,56,196559
24200,0.002116,74.125.68.0-255,5738,154135,56,196559
24201,0.002118,172.31.46.0-255,66,154201,56,196559
24202,0.002121,74.125.68.0-255,2902,157103,56,196559
24203,0.002123,172.31.46.0-255,66,157169,56,196559
24204,0.002147,74.125.68.0-255,3602,160771,56,196559
24205,0.00215,172.31.46.0-255,66,160837,56,196559
24206,0.002313,74.125.68.0-255,1484,162321,56,196559
24207,0.002324,74.125.68.0-255,2902,165223,56,196559
24208,0.002326,172.31.46.0-255,66,165289,56,196559
24209,0.002345,74.125.68.0-255,5738,171027,56,196559
24210,0.002348,172.31.46.0-255,66,171093,56,196559
24211,0.002374,74.125.68.0-255,7156,178249,56,196559
24212,0.002376,172.31.46.0-255,66,178315,56,196559
24213,0.002397,74.125.68.0-255,1484,179799,56,196559
24214,0.002408,172.31.46.0-255,66,179865,56,196559
24215,0.002434,74.125.68.0-255,5020,184885,56,196559
24216,0.002437,172.31.46.0-255,66,184951,56,196559
24217,0.004952,74.125.68.0-255,5738,190689,56,196559
24218,0.00496,172.31.46.0-255,66,190755,56,196559
24219,0.007547,74.125.68.0-255,5738,196493,56,196559
24220,0.007555,172.31.46.0-255,66,196559,56,196559
24221,0.0,172.217.194.0-255,150,150,56,177370
24222,2.6e-05,172.31.46.0-255,66,216,56,177370
24223,3.3e-05,172.217.194.0-255,1484,1700,56,177370
24224,3.9e-05,172.31.46.0-255,66,1766,56,177370
24225,4.5e-05,172.217.194.0-255,2902,4668,56,177370
24226,5e-05,172.31.46.0-255,66,4734,56,177370
24227,5.9e-05,172.217.194.0-255,7156,11890,56,177370
24228,6.2e-05,172.31.46.0-255,66,11956,56,177370
24229,9.3e-05,172.217.194.0-255,2111,14067,56,177370
24230,9.6e-05,172.31.46.0-255,66,14133,56,177370
24231,0.000101,172.217.194.0-255,2902,17035,56,177370
24232,0.000103,172.31.46.0-255,66,17101,56,177370
24233,0.000112,172.217.194.0-255,7156,24257,56,177370
24234,0.000114,172.31.46.0-255,66,24323,56,177370
24235,0.000118,172.217.194.0-255,1484,25807,56,177370
24236,0.000119,172.31.46.0-255,66,25873,56,177370
24237,0.00015,172.217.194.0-255,5379,31252,56,177370
24238,0.000152,172.31.46.0-255,66,31318,56,177370
24239,0.000222,172.217.194.0-255,1484,32802,56,177370
24240,0.000225,172.31.46.0-255,66,32868,56,177370
24241,0.00023,172.217.194.0-255,2902,35770,56,177370
24242,0.000232,172.31.46.0-255,66,35836,56,177370
24243,0.000264,172.217.194.0-255,5738,41574,56,177370
24244,0.000267,172.31.46.0-255,66,41640,56,177370
24245,0.000287,172.217.194.0-255,6797,48437,56,177370
24246,0.00029,172.31.46.0-255,66,48503,56,177370
24247,0.000306,172.217.194.0-255,1484,49987,56,177370
24248,0.000309,172.31.46.0-255,66,50053,56,177370
24249,0.000339,172.31.46.0-255,66,50119,56,177370
24250,0.000343,172.217.194.0-255,2543,52662,56,177370
24251,0.000346,172.31.46.0-255,66,52728,56,177370
24252,0.000387,172.217.194.0-255,677,53405,56,177370
24253,0.000645,172.217.194.0-255,1484,54889,56,177370
24254,0.000652,172.217.194.0-255,2902,57791,56,177370
24255,0.000656,172.217.194.0-255,1484,59275,56,177370
24256,0.000662,172.31.46.0-255,66,59341,56,177370
24257,0.000681,172.217.194.0-255,4320,63661,56,177370
24258,0.000712,172.217.194.0-255,2902,66563,56,177370
24259,0.000717,172.31.46.0-255,66,66629,56,177370
24260,0.000759,172.31.46.0-255,66,66695,56,177370
24261,0.001301,172.217.194.0-255,1484,68179,56,177370
24262,0.001323,172.217.194.0-255,2902,71081,56,177370
24263,0.001327,172.31.46.0-255,66,71147,56,177370
24264,0.001334,172.217.194.0-255,5738,76885,56,177370
24265,0.001339,172.217.194.0-255,4320,81205,56,177370
24266,0.001347,172.31.46.0-255,66,81271,56,177370
24267,0.001377,172.217.194.0-255,2902,84173,56,177370
24268,0.001391,172.217.194.0-255,4320,88493,56,177370
24269,0.001405,172.217.194.0-255,3602,92095,56,177370
24270,0.001411,172.31.46.0-255,66,92161,56,177370
24271,0.001818,172.217.194.0-255,1484,93645,56,177370
24272,0.001823,172.217.194.0-255,2902,96547,56,177370
24273,0.001829,172.31.46.0-255,66,96613,56,177370
24274,0.001841,172.217.194.0-255,5738,102351,56,177370
24275,0.001844,172.217.194.0-255,1484,103835,56,177370
24276,0.001867,172.31.46.0-255,66,103901,56,177370
24277,0.001888,172.31.46.0-255,66,103967,56,177370
24278,0.001899,172.217.194.0-255,1484,105451,56,177370
24279,0.001944,172.31.46.0-255,66,105517,56,177370
24280,0.002354,172.217.194.0-255,1484,107001,56,177370
24281,0.002363,172.217.194.0-255,2902,109903,56,177370
24282,0.002368,172.31.46.0-255,66,109969,56,177370
24283,0.002377,172.217.194.0-255,5738,115707,56,177370
24284,0.002423,172.217.194.0-255,4320,120027,56,177370
24285,0.002446,172.217.194.0-255,5738,125765,56,177370
24286,0.002457,172.217.194.0-255,766,126531,56,177370
24287,0.002555,172.217.194.0-255,1484,128015,56,177370
24288,0.002581,172.217.194.0-255,2902,130917,56,177370
24289,0.002588,172.217.194.0-255,5738,136655,56,177370
24290,0.002791,172.217.194.0-255,1484,138139,56,177370
24291,0.002799,172.217.194.0-255,2902,141041,56,177370
24292,0.002805,172.217.194.0-255,5738,146779,56,177370
24293,0.002845,172.217.194.0-255,1484,148263,56,177370
24294,0.003017,172.217.194.0-255,4320,152583,56,177370
24295,0.003056,172.217.194.0-255,2184,154767,56,177370
24296,0.003073,172.217.194.0-255,4320,159087,56,177370
24297,0.003076,172.217.194.0-255,1484,160571,56,177370
24298,0.003133,172.217.194.0-255,5738,166309,56,177370
24299,0.003153,172.217.194.0-255,3602,169911,56,177370
24300,0.003159,172.217.194.0-255,2902,172813,56,177370
24301,0.003207,172.217.194.0-255,2902,175715,56,177370
24302,0.00325,172.217.194.0-255,1484,177199,56,177370
24303,0.003293,172.217.194.0-255,105,177304,56,177370
24304,0.00816,172.31.46.0-255,66,177370,56,177370
24305,0.0,74.125.24.0-255,146,146,56,168596
24306,2.1e-05,172.31.46.0-255,66,212,56,168596
24307,2.8e-05,74.125.24.0-255,1484,1696,56,168596
24308,3.2e-05,172.31.46.0-255,66,1762,56,168596
24309,3.7e-05,74.125.24.0-255,2902,4664,56,168596
24310,4e-05,172.31.46.0-255,66,4730,56,168596
24311,4.7e-05,74.125.24.0-255,7156,11886,56,168596
24312,5.8e-05,172.31.46.0-255,66,11952,56,168596
24313,6.1e-05,74.125.24.0-255,2040,13992,56,168596
24314,6.4e-05,172.31.46.0-255,66,14058,56,168596
24315,0.000103,74.125.24.0-255,1484,15542,56,168596
24316,0.000105,172.31.46.0-255,66,15608,56,168596
24317,0.00011,74.125.24.0-255,2902,18510,56,168596
24318,0.000112,172.31.46.0-255,66,18576,56,168596
24319,0.000152,74.125.24.0-255,5738,24314,56,168596
24320,0.000155,172.31.46.0-255,66,24380,56,168596
24321,0.000182,74.125.24.0-255,6797,31177,56,168596
24322,0.000185,172.31.46.0-255,66,31243,56,168596
24323,0.000217,74.125.24.0-255,4320,35563,56,168596
24324,0.000219,172.31.46.0-255,66,35629,56,168596
24325,0.000225,74.125.24.0-255,5738,41367,56,168596
24326,0.000227,172.31.46.0-255,66,41433,56,168596
24327,0.000293,74.125.24.0-255,7156,48589,56,168596
24328,0.000296,172.31.46.0-255,66,48655,56,168596
24329,0.000323,74.125.24.0-255,5379,54034,56,168596
24330,0.000325,172.31.46.0-255,66,54100,56,168596
24331,0.000332,74.125.24.0-255,7156,61256,56,168596
24332,0.000334,172.31.46.0-255,66,61322,56,168596
24333,0.000339,74.125.24.0-255,3961,65283,56,168596
24334,0.00034,172.31.46.0-255,66,65349,56,168596
24335,0.000343,74.125.24.0-255,647,65996,56,168596
24336,0.000345,172.31.46.0-255,66,66062,56,168596
24337,0.001235,74.125.24.0-255,1484,67546,56,168596
24338,0.001246,74.125.24.0-255,1484,69030,56,168596
24339,0.001251,172.31.46.0-255,66,69096,56,168596
24340,0.00128,74.125.24.0-255,1484,70580,56,168596
24341,0.001287,74.125.24.0-255,5738,76318,56,168596
24342,0.001303,74.125.24.0-255,2902,79220,56,168596
24343,0.001316,74.125.24.0-255,4320,83540,56,168596
24344,0.001331,74.125.24.0-255,3052,86592,56,168596
24345,0.001563,74.125.24.0-255,1484,88076,56,168596
24346,0.00157,74.125.24.0-255,2902,90978,56,168596
24347,0.001573,74.125.24.0-255,1484,92462,56,168596
24348,0.001593,74.125.24.0-255,4320,96782,56,168596
24349,0.001599,74.125.24.0-255,4320,101102,56,168596
24350,0.001625,74.125.24.0-255,7156,108258,56,168596
24351,0.001643,74.125.24.0-255,3602,111860,56,168596
24352,0.001931,74.125.24.0-255,1484,113344,56,168596
24353,0.00194,74.125.24.0-255,2902,116246,56,168596
24354,0.001961,74.125.24.0-255,5738,121984,56,168596
24355,0.001966,74.125.24.0-255,1484,123468,56,168596
24356,0.002002,74.125.24.0-255,2902,126370,56,168596
24357,0.002035,74.125.24.0-255,1484,127854,56,168596
24358,0.002063,74.125.24.0-255,1484,129338,56,168596
24359,0.002066,74.125.24.0-255,1484,130822,56,168596
24360,0.002112,74.125.24.0-255,6438,137260,56,168596
24361,0.002129,74.125.24.0-255,5738,142998,56,168596
24362,0.002144,74.125.24.0-255,1484,144482,56,168596
24363,0.002159,74.125.24.0-255,2902,147384,56,168596
24364,0.00224,74.125.24.0-255,2184,149568,56,168596
24365,0.002264,74.125.24.0-255,1484,151052,56,168596
24366,0.002269,74.125.24.0-255,2902,153954,56,168596
24367,0.002272,74.125.24.0-255,1484,155438,56,168596
24368,0.002292,74.125.24.0-255,4320,159758,56,168596
24369,0.002295,74.125.24.0-255,1484,161242,56,168596
24370,0.002329,74.125.24.0-255,1484,162726,56,168596
24371,0.005803,172.31.46.0-255,66,162792,56,168596
24372,0.008099,74.125.24.0-255,5738,168530,56,168596
24373,0.008108,172.31.46.0-255,66,168596,56,168596
24374,0.0,74.125.200.0-255,152,152,56,219353
24375,2.4e-05,172.31.46.0-255,66,218,56,219353
24376,3.2e-05,74.125.200.0-255,1484,1702,56,219353
24377,3.6e-05,172.31.46.0-255,66,1768,56,219353
24378,4.2e-05,74.125.200.0-255,2902,4670,56,219353
24379,4.7e-05,172.31.46.0-255,66,4736,56,219353
24380,7.8e-05,74.125.200.0-255,5738,10474,56,219353
24381,8.1e-05,172.31.46.0-255,66,10540,56,219353
24382,8.6e-05,74.125.200.0-255,2902,13442,56,219353
24383,8.8e-05,172.31.46.0-255,66,13508,56,219353
24384,9.1e-05,74.125.200.0-255,629,14137,56,219353
24385,9.3e-05,172.31.46.0-255,66,14203,56,219353
24386,0.000316,74.125.200.0-255,1484,15687,56,219353
24387,0.000323,172.31.46.0-255,66,15753,56,219353
24388,0.000327,74.125.200.0-255,1484,17237,56,219353
24389,0.000329,172.31.46.0-255,66,17303,56,219353
24390,0.000335,74.125.200.0-255,2902,20205,56,219353
24391,0.000337,172.31.46.0-255,66,20271,56,219353
24392,0.00037,74.125.200.0-255,5738,26009,56,219353
24393,0.000372,172.31.46.0-255,66,26075,56,219353
24394,0.000377,74.125.200.0-255,4320,30395,56,219353
24395,0.00038,172.31.46.0-255,66,30461,56,219353
24396,0.000405,74.125.200.0-255,2902,33363,56,219353
24397,0.000408,172.31.46.0-255,66,33429,56,219353
24398,0.000424,74.125.200.0-255,2543,35972,56,219353
24399,0.000427,172.31.46.0-255,66,36038,56,219353
24400,0.000431,74.125.200.0-255,2902,38940,56,219353
24401,0.000433,172.31.46.0-255,66,39006,56,219353
24402,0.000439,74.125.200.0-255,4320,43326,56,219353
24403,0.000441,172.31.46.0-255,66,43392,56,219353
24404,0.000486,74.125.200.0-255,5379,48771,56,219353
24405,0.00049,172.31.46.0-255,66,48837,56,219353
24406,0.000756,74.125.200.0-255,1484,50321,56,219353
24407,0.000762,74.125.200.0-255,1484,51805,56,219353
24408,0.000766,172.31.46.0-255,66,51871,56,219353
24409,0.000789,74.125.200.0-255,1484,53355,56,219353
24410,0.000795,74.125.200.0-255,4320,57675,56,219353
24411,0.000797,172.31.46.0-255,66,57741,56,219353
24412,0.000814,74.125.200.0-255,4320,62061,56,219353
24413,0.000817,172.31.46.0-255,66,62127,56,219353
24414,0.000843,74.125.200.0-255,4541,66668,56,219353
24415,0.000846,172.31.46.0-255,66,66734,56,219353
24416,0.000899,74.125.200.0-255,1484,68218,56,219353
24417,0.000902,74.125.200.0-255,1484,69702,56,219353
24418,0.000905,172.31.46.0-255,66,69768,56,219353
24419,0.000918,74.125.200.0-255,1484,71252,56,219353
24420,0.000921,74.125.200.0-255,1484,72736,56,219353
24421,0.000924,172.31.46.0-255,66,72802,56,219353
24422,0.000966,74.125.200.0-255,5738,78540,56,219353
24423,0.000971,172.31.46.0-255,66,78606,56,219353
24424,0.00098,74.125.200.0-255,2902,81508,56,219353
24425,0.000983,172.31.46.0-255,66,81574,56,219353
24426,0.001005,74.125.200.0-255,5379,86953,56,219353
24427,0.001008,172.31.46.0-255,66,87019,56,219353
24428,0.001019,172.31.46.0-255,66,87085,56,219353
24429,0.001031,74.125.200.0-255,1484,88569,56,219353
24430,0.001045,74.125.200.0-255,3961,92530,56,219353
24431,0.001048,172.31.46.0-255,66,92596,56,219353
24432,0.001202,172.31.46.0-255,101,92697,56,219353
24433,0.001397,74.125.200.0-255,1484,94181,56,219353
24434,0.001409,74.125.200.0-255,1484,95665,56,219353
24435,0.001413,172.31.46.0-255,66,95731,56,219353
24436,0.001435,74.125.200.0-255,1484,97215,56,219353
24437,0.001442,74.125.200.0-255,5738,102953,56,219353
24438,0.001445,172.31.46.0-255,66,103019,56,219353
24439,0.00146,74.125.200.0-255,4320,107339,56,219353
24440,0.001462,172.31.46.0-255,66,107405,56,219353
24441,0.001486,172.31.46.0-255,66,107471,56,219353
24442,0.001522,74.125.200.0-255,7156,114627,56,219353
24443,0.001525,172.31.46.0-255,66,114693,56,219353
24444,0.001546,74.125.200.0-255,3602,118295,56,219353
24445,0.001548,172.31.46.0-255,66,118361,56,219353
24446,0.00188,74.125.200.0-255,1484,119845,56,219353
24447,0.001899,74.125.200.0-255,2902,122747,56,219353
24448,0.001904,172.31.46.0-255,66,122813,56,219353
24449,0.001923,74.125.200.0-255,5738,128551,56,219353
24450,0.001925,172.31.46.0-255,66,128617,56,219353
24451,0.001955,74.125.200.0-255,7156,135773,56,219353
24452,0.001958,172.31.46.0-255,66,135839,56,219353
24453,0.001973,74.125.200.0-255,4320,140159,56,219353
24454,0.001976,172.31.46.0-255,66,140225,56,219353
24455,0.002011,172.31.46.0-255,66,140291,56,219353
24456,0.002062,74.125.200.0-255,3602,143893,56,219353
24457,0.002066,172.31.46.0-255,66,143959,56,219353
24458,0.00207,74.125.200.0-255,1484,145443,56,219353
24459,0.002074,74.125.200.0-255,1484,146927,56,219353
24460,0.002076,172.31.46.0-255,66,146993,56,219353
24461,0.002091,74.125.200.0-255,1484,148477,56,219353
24462,0.002098,74.125.200.0-255,5738,154215,56,219353
24463,0.0021,172.31.46.0-255,66,154281,56,219353
24464,0.002123,74.125.200.0-255,5738,160019,56,219353
24465,0.002126,172.31.46.0-255,66,160085,56,219353
24466,0.002143,74.125.200.0-255,2902,162987,56,219353
24467,0.002146,172.31.46.0-255,66,163053,56,219353
24468,0.002152,74.125.200.0-255,5738,168791,56,219353
24469,0.002154,172.31.46.0-255,66,168857,56,219353
24470,0.002172,74.125.200.0-255,4320,173177,56,219353
24471,0.002176,172.31.46.0-255,66,173243,56,219353
24472,0.002183,74.125.200.0-255,5020,178263,56,219353
24473,0.002186,172.31.46.0-255,66,178329,56,219353
24474,0.002266,74.125.200.0-255,1484,179813,56,219353
24475,0.00228,74.125.200.0-255,2902,182715,56,219353
24476,0.002284,172.31.46.0-255,66,182781,56,219353
24477,0.002289,74.125.200.0-255,2902,185683,56,219353
24478,0.002291,172.31.46.0-255,66,185749,56,219353
24479,0.002305,74.125.200.0-255,2902,188651,56,219353
24480,0.002308,172.31.46.0-255,66,188717,56,219353
24481,0.002322,74.125.200.0-255,4320,193037,56,219353
24482,0.002326,172.31.46.0-255,66,193103,56,219353
24483,0.002343,74.125.200.0-255,5738,198841,56,219353
24484,0.002346,172.31.46.0-255,66,198907,56,219353
24485,0.00235,74.125.200.0-255,2902,201809,56,219353
24486,0.002352,172.31.46.0-255,66,201875,56,219353
24487,0.003472,74.125.200.0-255,66,201941,56,219353
24488,0.004657,74.125.200.0-255,5738,207679,56,219353
24489,0.004668,172.31.46.0-255,66,207745,56,219353
24490,0.006994,74.125.200.0-255,5738,213483,56,219353
24491,0.007005,172.31.46.0-255,66,213549,56,219353
24492,0.009336,74.125.200.0-255,5738,219287,56,219353
24493,0.009349,172.31.46.0-255,66,219353,56,219353
24494,0.0,74.125.24.0-255,156,156,56,203688
24495,2.4e-05,172.31.46.0-255,66,222,56,203688
24496,3.1e-05,74.125.24.0-255,1484,1706,56,203688
24497,3.5e-05,172.31.46.0-255,66,1772,56,203688
24498,4.1e-05,74.125.24.0-255,2902,4674,56,203688
24499,5.1e-05,172.31.46.0-255,66,4740,56,203688
24500,5.8e-05,74.125.24.0-255,5738,10478,56,203688
24501,6.1e-05,172.31.46.0-255,66,10544,56,203688
24502,9.7e-05,74.125.24.0-255,3394,13938,56,203688
24503,0.0001,172.31.46.0-255,66,14004,56,203688
24504,0.000105,74.125.24.0-255,4320,18324,56,203688
24505,0.000108,172.31.46.0-255,66,18390,56,203688
24506,0.000133,74.125.24.0-255,7156,25546,56,203688
24507,0.000136,172.31.46.0-255,66,25612,56,203688
24508,0.000159,74.125.24.0-255,1484,27096,56,203688
24509,0.00016,172.31.46.0-255,66,27162,56,203688
24510,0.000175,74.125.24.0-255,3961,31123,56,203688
24511,0.000181,172.31.46.0-255,66,31189,56,203688
24512,0.000413,74.125.24.0-255,1484,32673,56,203688
24513,0.000418,172.31.46.0-255,66,32739,56,203688
24514,0.000422,74.125.24.0-255,1484,34223,56,203688
24515,0.000424,172.31.46.0-255,66,34289,56,203688
24516,0.000461,74.125.24.0-255,1484,35773,56,203688
24517,0.000464,172.31.46.0-255,66,35839,56,203688
24518,0.00047,74.125.24.0-255,4320,40159,56,203688
24519,0.000472,172.31.46.0-255,66,40225,56,203688
24520,0.000482,172.31.46.0-255,66,40291,56,203688
24521,0.000485,74.125.24.0-255,1484,41775,56,203688
24522,0.000487,172.31.46.0-255,66,41841,56,203688
24523,0.000521,172.31.46.0-255,66,41907,56,203688
24524,0.000523,74.125.24.0-255,429,42336,56,203688
24525,0.000578,74.125.24.0-255,346,42682,56,203688
24526,0.001018,74.125.24.0-255,1484,44166,56,203688
24527,0.001024,74.125.24.0-255,2902,47068,56,203688
24528,0.001045,172.31.46.0-255,66,47134,56,203688
24529,0.001054,172.31.46.0-255,66,47200,56,203688
24530,0.001065,74.125.24.0-255,5738,52938,56,203688
24531,0.001068,172.31.46.0-255,66,53004,56,203688
24532,0.001082,172.31.46.0-255,66,53070,56,203688
24533,0.001131,172.31.46.0-255,66,53136,56,203688
24534,0.001758,74.125.24.0-255,1484,54620,56,203688
24535,0.001769,74.125.24.0-255,2902,57522,56,203688
24536,0.001774,172.31.46.0-255,66,57588,56,203688
24537,0.001783,74.125.24.0-255,5738,63326,56,203688
24538,0.001785,172.31.46.0-255,66,63392,56,203688
24539,0.001803,172.31.46.0-255,66,63458,56,203688
24540,0.001846,74.125.24.0-255,2902,66360,56,203688
24541,0.001849,172.31.46.0-255,66,66426,56,203688
24542,0.001856,74.125.24.0-255,5738,72164,56,203688
24543,0.001858,172.31.46.0-255,66,72230,56,203688
24544,0.001864,74.125.24.0-255,5020,77250,56,203688
24545,0.001866,172.31.46.0-255,66,77316,56,203688
24546,0.001913,74.125.24.0-255,1484,78800,56,203688
24547,0.001931,74.125.24.0-255,2902,81702,56,203688
24548,0.001933,172.31.46.0-255,66,81768,56,203688
24549,0.001941,74.125.24.0-255,5738,87506,56,203688
24550,0.001943,172.31.46.0-255,66,87572,56,203688
24551,0.001974,172.31.46.0-255,66,87638,56,203688
24552,0.00198,74.125.24.0-255,5738,93376,56,203688
24553,0.001982,172.31.46.0-255,66,93442,56,203688
24554,0.002012,74.125.24.0-255,4320,97762,56,203688
24555,0.002015,172.31.46.0-255,66,97828,56,203688
24556,0.002022,74.125.24.0-255,5020,102848,56,203688
24557,0.002024,172.31.46.0-255,66,102914,56,203688
24558,0.002066,74.125.24.0-255,1484,104398,56,203688
24559,0.002079,74.125.24.0-255,2902,107300,56,203688
24560,0.002083,172.31.46.0-255,66,107366,56,203688
24561,0.002086,74.125.24.0-255,1484,108850,56,203688
24562,0.002116,74.125.24.0-255,4320,113170,56,203688
24563,0.002119,172.31.46.0-255,66,113236,56,203688
24564,0.002125,74.125.24.0-255,5738,118974,56,203688
24565,0.002128,172.31.46.0-255,66,119040,56,203688
24566,0.002141,74.125.24.0-255,7156,126196,56,203688
24567,0.002143,172.31.46.0-255,66,126262,56,203688
24568,0.002186,172.31.46.0-255,66,126328,56,203688
24569,0.002316,74.125.24.0-255,1484,127812,56,203688
24570,0.002324,74.125.24.0-255,2902,130714,56,203688
24571,0.002327,172.31.46.0-255,66,130780,56,203688
24572,0.002333,74.125.24.0-255,2902,133682,56,203688
24573,0.002335,172.31.46.0-255,66,133748,56,203688
24574,0.002353,74.125.24.0-255,4320,138068,56,203688
24575,0.002356,172.31.46.0-255,66,138134,56,203688
24576,0.002383,74.125.24.0-255,5738,143872,56,203688
24577,0.002386,172.31.46.0-255,66,143938,56,203688
24578,0.002389,74.125.24.0-255,1484,145422,56,203688
24579,0.002402,172.31.46.0-255,66,145488,56,203688
24580,0.00243,74.125.24.0-255,2902,148390,56,203688
24581,0.002433,172.31.46.0-255,66,148456,56,203688
24582,0.002438,74.125.24.0-255,2184,150640,56,203688
24583,0.00244,172.31.46.0-255,66,150706,56,203688
24584,0.002662,74.125.24.0-255,1484,152190,56,203688
24585,0.002671,74.125.24.0-255,2902,155092,56,203688
24586,0.002675,172.31.46.0-255,66,155158,56,203688
24587,0.002683,74.125.24.0-255,5738,160896,56,203688
24588,0.002686,172.31.46.0-255,66,160962,56,203688
24589,0.002695,74.125.24.0-255,2902,163864,56,203688
24590,0.002697,172.31.46.0-255,66,163930,56,203688
24591,0.002728,172.31.46.0-255,66,163996,56,203688
24592,0.002747,172.31.46.0-255,66,164062,56,203688
24593,0.002881,74.125.24.0-255,1484,165546,56,203688
24594,0.002887,74.125.24.0-255,2902,168448,56,203688
24595,0.00289,172.31.46.0-255,66,168514,56,203688
24596,0.002903,74.125.24.0-255,4320,172834,56,203688
24597,0.00291,172.31.46.0-255,66,172900,56,203688
24598,0.002933,74.125.24.0-255,1484,174384,56,203688
24599,0.00294,74.125.24.0-255,7156,181540,56,203688
24600,0.002943,172.31.46.0-255,66,181606,56,203688
24601,0.002957,172.31.46.0-255,66,181672,56,203688
24602,0.002983,74.125.24.0-255,2902,184574,56,203688
24603,0.002985,172.31.46.0-255,66,184640,56,203688
24604,0.003027,172.31.46.0-255,66,184706,56,203688
24605,0.003039,172.31.46.0-255,66,184772,56,203688
24606,0.003058,172.31.46.0-255,66,184838,56,203688
24607,0.003102,74.125.24.0-255,2902,187740,56,203688
24608,0.003104,172.31.46.0-255,66,187806,56,203688
24609,0.003122,172.31.46.0-255,66,187872,56,203688
24610,0.003133,172.31.46.0-255,66,187938,56,203688
24611,0.003144,172.31.46.0-255,66,188004,56,203688
24612,0.003152,74.125.24.0-255,7156,195160,56,203688
24613,0.003154,172.31.46.0-255,66,195226,56,203688
24614,0.003182,74.125.24.0-255,1484,196710,56,203688
24615,0.003201,172.31.46.0-255,66,196776,56,203688
24616,0.003208,74.125.24.0-255,6438,203214,56,203688
24617,0.00321,172.31.46.0-255,66,203280,56,203688
24618,0.00324,172.31.46.0-255,66,203346,56,203688
24619,0.003276,172.31.46.0-255,66,203412,56,203688
24620,0.003279,74.125.24.0-255,105,203517,56,203688
24621,0.008895,172.31.46.0-255,66,203583,56,203688
24622,0.008944,172.31.46.0-255,105,203688,56,203688
24623,0.0,74.125.24.0-255,146,146,56,285993
24624,1.7e-05,172.31.46.0-255,66,212,56,285993
24625,2.3e-05,74.125.24.0-255,1484,1696,56,285993
24626,2.7e-05,172.31.46.0-255,66,1762,56,285993
24627,3.3e-05,74.125.24.0-255,2902,4664,56,285993
24628,3.6e-05,172.31.46.0-255,66,4730,56,285993
24629,6.5e-05,74.125.24.0-255,7156,11886,56,285993
24630,6.8e-05,172.31.46.0-255,66,11952,56,285993
24631,7.2e-05,74.125.24.0-255,2054,14006,56,285993
24632,7.4e-05,172.31.46.0-255,66,14072,56,285993
24633,0.000101,74.125.24.0-255,5738,19810,56,285993
24634,0.000104,172.31.46.0-255,66,19876,56,285993
24635,0.000126,74.125.24.0-255,5738,25614,56,285993
24636,0.000129,172.31.46.0-255,66,25680,56,285993
24637,0.000134,74.125.24.0-255,5379,31059,56,285993
24638,0.000136,172.31.46.0-255,66,31125,56,285993
24639,0.000298,74.125.24.0-255,1484,32609,56,285993
24640,0.000303,172.31.46.0-255,66,32675,56,285993
24641,0.000333,74.125.24.0-255,1484,34159,56,285993
24642,0.000335,172.31.46.0-255,66,34225,56,285993
24643,0.000346,74.125.24.0-255,1484,35709,56,285993
24644,0.000348,172.31.46.0-255,66,35775,56,285993
24645,0.000354,74.125.24.0-255,5738,41513,56,285993
24646,0.000357,172.31.46.0-255,66,41579,56,285993
24647,0.000386,74.125.24.0-255,5738,47317,56,285993
24648,0.000389,172.31.46.0-255,66,47383,56,285993
24649,0.000407,74.125.24.0-255,1125,48508,56,285993
24650,0.000409,172.31.46.0-255,66,48574,56,285993
24651,0.000416,74.125.24.0-255,7156,55730,56,285993
24652,0.000418,172.31.46.0-255,66,55796,56,285993
24653,0.000432,74.125.24.0-255,2902,58698,56,285993
24654,0.000434,172.31.46.0-255,66,58764,56,285993
24655,0.000457,74.125.24.0-255,6797,65561,56,285993
24656,0.00046,172.31.46.0-255,66,65627,56,285993
24657,0.000462,74.125.24.0-255,410,66037,56,285993
24658,0.000513,74.125.24.0-255,332,66369,56,285993
24659,0.000856,74.125.24.0-255,1484,67853,56,285993
24660,0.000859,172.31.46.0-255,66,67919,56,285993
24661,0.000865,74.125.24.0-255,2902,70821,56,285993
24662,0.000866,172.31.46.0-255,66,70887,56,285993
24663,0.000882,74.125.24.0-255,5738,76625,56,285993
24664,0.000884,172.31.46.0-255,66,76691,56,285993
24665,0.000909,74.125.24.0-255,2902,79593,56,285993
24666,0.000911,172.31.46.0-255,66,79659,56,285993
24667,0.000932,74.125.24.0-255,3961,83620,56,285993
24668,0.000934,172.31.46.0-255,66,83686,56,285993
24669,0.000956,74.125.24.0-255,5738,89424,56,285993
24670,0.000958,172.31.46.0-255,66,89490,56,285993
24671,0.000974,74.125.24.0-255,1484,90974,56,285993
24672,0.000983,172.31.46.0-255,66,91040,56,285993
24673,0.001003,74.125.24.0-255,1125,92165,56,285993
24674,0.001128,74.125.24.0-255,1484,93649,56,285993
24675,0.001131,172.31.46.0-255,66,93715,56,285993
24676,0.001135,74.125.24.0-255,1484,95199,56,285993
24677,0.001148,74.125.24.0-255,1484,96683,56,285993
24678,0.00115,172.31.46.0-255,66,96749,56,285993
24679,0.001163,74.125.24.0-255,4320,101069,56,285993
24680,0.001165,172.31.46.0-255,66,101135,56,285993
24681,0.001191,74.125.24.0-255,1484,102619,56,285993
24682,0.001203,172.31.46.0-255,66,102685,56,285993
24683,0.00122,74.125.24.0-255,5738,108423,56,285993
24684,0.001222,172.31.46.0-255,66,108489,56,285993
24685,0.001241,172.31.46.0-255,66,108555,56,285993
24686,0.001265,74.125.24.0-255,1484,110039,56,285993
24687,0.00129,74.125.24.0-255,2902,112941,56,285993
24688,0.001292,172.31.46.0-255,66,113007,56,285993
24689,0.001299,74.125.24.0-255,5738,118745,56,285993
24690,0.0013,172.31.46.0-255,66,118811,56,285993
24691,0.00131,172.31.46.0-255,66,118877,56,285993
24692,0.001325,74.125.24.0-255,4320,123197,56,285993
24693,0.001328,172.31.46.0-255,66,123263,56,285993
24694,0.001334,74.125.24.0-255,7156,130419,56,285993
24695,0.001336,172.31.46.0-255,66,130485,56,285993
24696,0.00136,74.125.24.0-255,1484,131969,56,285993
24697,0.001376,74.125.24.0-255,2184,134153,56,285993
24698,0.001378,172.31.46.0-255,66,134219,56,285993
24699,0.001383,74.125.24.0-255,4320,138539,56,285993
24700,0.001385,172.31.46.0-255,66,138605,56,285993
24701,0.001413,172.31.46.0-255,66,138671,56,285993
24702,0.001438,74.125.24.0-255,1484,140155,56,285993
24703,0.001449,172.31.46.0-255,66,140221,56,285993
24704,0.001464,74.125.24.0-255,2902,143123,56,285993
24705,0.001467,172.31.46.0-255,66,143189,56,285993
24706,0.00149,74.125.24.0-255,6438,149627,56,285993
24707,0.001492,172.31.46.0-255,66,149693,56,285993
24708,0.00151,74.125.24.0-255,2902,152595,56,285993
24709,0.001512,172.31.46.0-255,66,152661,56,285993
24710,0.001532,74.125.24.0-255,4320,156981,56,285993
24711,0.001534,172.31.46.0-255,66,157047,56,285993
24712,0.001565,74.125.24.0-255,5738,162785,56,285993
24713,0.001567,172.31.46.0-255,66,162851,56,285993
24714,0.001592,74.125.24.0-255,2902,165753,56,285993
24715,0.001594,172.31.46.0-255,66,165819,56,285993
24716,0.001625,74.125.24.0-255,2902,168721,56,285993
24717,0.001628,74.125.24.0-255,766,169487,56,285993
24718,0.001639,172.31.46.0-255,66,169553,56,285993
24719,0.001789,74.125.24.0-255,1484,171037,56,285993
24720,0.00181,74.125.24.0-255,2902,173939,56,285993
24721,0.001813,172.31.46.0-255,66,174005,56,285993
24722,0.001819,74.125.24.0-255,5738,179743,56,285993
24723,0.001822,172.31.46.0-255,66,179809,56,285993
24724,0.001847,74.125.24.0-255,7156,186965,56,285993
24725,0.00185,172.31.46.0-255,66,187031,56,285993
24726,0.001874,74.125.24.0-255,5738,192769,56,285993
24727,0.001876,172.31.46.0-255,66,192835,56,285993
24728,0.001886,74.125.24.0-255,766,193601,56,285993
24729,0.001901,172.31.46.0-255,66,193667,56,285993
24730,0.002051,74.125.24.0-255,1484,195151,56,285993
24731,0.002056,74.125.24.0-255,2902,198053,56,285993
24732,0.002058,172.31.46.0-255,66,198119,56,285993
24733,0.002082,74.125.24.0-255,5738,203857,56,285993
24734,0.002084,172.31.46.0-255,66,203923,56,285993
24735,0.00212,172.31.46.0-255,66,203989,56,285993
24736,0.002129,74.125.24.0-255,4320,208309,56,285993
24737,0.002134,74.125.24.0-255,7156,215465,56,285993
24738,0.002139,172.31.46.0-255,66,215531,56,285993
24739,0.002161,74.125.24.0-255,1484,217015,56,285993
24740,0.002175,74.125.24.0-255,5738,222753,56,285993
24741,0.002189,74.125.24.0-255,4320,227073,56,285993
24742,0.002205,74.125.24.0-255,5020,232093,56,285993
24743,0.002217,172.31.46.0-255,66,232159,56,285993
24744,0.002233,74.125.24.0-255,1484,233643,56,285993
24745,0.002247,74.125.24.0-255,2184,235827,56,285993
24746,0.002253,172.31.46.0-255,66,235893,56,285993
24747,0.002266,74.125.24.0-255,1484,237377,56,285993
24748,0.002269,74.125.24.0-255,1484,238861,56,285993
24749,0.00228,74.125.24.0-255,1484,240345,56,285993
24750,0.002286,74.125.24.0-255,5738,246083,56,285993
24751,0.002292,172.31.46.0-255,66,246149,56,285993
24752,0.00231,74.125.24.0-255,4320,250469,56,285993
24753,0.002319,172.31.46.0-255,66,250535,56,285993
24754,0.002341,74.125.24.0-255,7156,257691,56,285993
24755,0.002354,74.125.24.0-255,3602,261293,56,285993
24756,0.002359,172.31.46.0-255,66,261359,56,285993
24757,0.002382,74.125.24.0-255,7156,268515,56,285993
24758,0.002399,172.31.46.0-255,66,268581,56,285993
24759,0.004739,74.125.24.0-255,5738,274319,56,285993
24760,0.004745,172.31.46.0-255,66,274385,56,285993
24761,0.007064,74.125.24.0-255,5738,280123,56,285993
24762,0.007067,172.31.46.0-255,66,280189,56,285993
24763,0.009386,74.125.24.0-255,5738,285927,56,285993
24764,0.009392,172.31.46.0-255,66,285993,56,285993
24765,0.0,172.31.46.0-255,105,105,56,276
24766,0.001791,157.240.25.0-255,105,210,56,276
24767,0.001801,172.31.46.0-255,66,276,56,276
24768,0.0,172.217.194.0-255,143,143,56,155396
24769,1.7e-05,172.31.46.0-255,66,209,56,155396
24770,2.4e-05,172.217.194.0-255,1484,1693,56,155396
24771,2.8e-05,172.31.46.0-255,66,1759,56,155396
24772,3.4e-05,172.217.194.0-255,2902,4661,56,155396
24773,4.5e-05,172.31.46.0-255,66,4727,56,155396
24774,5.1e-05,172.217.194.0-255,5738,10465,56,155396
24775,5.4e-05,172.31.46.0-255,66,10531,56,155396
24776,5.7e-05,172.217.194.0-255,1484,12015,56,155396
24777,5.9e-05,172.31.46.0-255,66,12081,56,155396
24778,0.000107,172.31.46.0-255,66,12147,56,155396
24779,0.00012,172.31.46.0-255,66,12213,56,155396
24780,0.000143,172.31.46.0-255,66,12279,56,155396
24781,0.000188,172.31.46.0-255,66,12345,56,155396
24782,0.000192,172.217.194.0-255,2801,15146,56,155396
24783,0.000194,172.31.46.0-255,66,15212,56,155396
24784,0.000213,172.217.194.0-255,112,15324,56,155396
24785,0.000216,172.31.46.0-255,66,15390,56,155396
24786,0.000222,172.217.194.0-255,382,15772,56,155396
24787,0.000224,172.31.46.0-255,66,15838,56,155396
24788,0.000398,172.217.194.0-255,1484,17322,56,155396
24789,0.000402,172.31.46.0-255,66,17388,56,155396
24790,0.000408,172.217.194.0-255,2902,20290,56,155396
24791,0.000411,172.31.46.0-255,66,20356,56,155396
24792,0.000416,172.217.194.0-255,2902,23258,56,155396
24793,0.000419,172.31.46.0-255,66,23324,56,155396
24794,0.000448,172.217.194.0-255,2902,26226,56,155396
24795,0.000451,172.31.46.0-255,66,26292,56,155396
24796,0.000465,172.31.46.0-255,66,26358,56,155396
24797,0.000503,172.217.194.0-255,7156,33514,56,155396
24798,0.000506,172.31.46.0-255,66,33580,56,155396
24799,0.000528,172.217.194.0-255,2902,36482,56,155396
24800,0.000531,172.31.46.0-255,66,36548,56,155396
24801,0.000534,172.217.194.0-255,766,37314,56,155396
24802,0.001131,172.217.194.0-255,1484,38798,56,155396
24803,0.001136,172.31.46.0-255,66,38864,56,155396
24804,0.001142,172.217.194.0-255,2902,41766,56,155396
24805,0.001144,172.31.46.0-255,66,41832,56,155396
24806,0.001174,172.217.194.0-255,5738,47570,56,155396
24807,0.001176,172.31.46.0-255,66,47636,56,155396
24808,0.001182,172.217.194.0-255,4320,51956,56,155396
24809,0.001183,172.31.46.0-255,66,52022,56,155396
24810,0.00121,172.217.194.0-255,5738,57760,56,155396
24811,0.001213,172.31.46.0-255,66,57826,56,155396
24812,0.001244,172.217.194.0-255,5738,63564,56,155396
24813,0.001247,172.31.46.0-255,66,63630,56,155396
24814,0.001257,172.31.46.0-255,66,63696,56,155396
24815,0.001295,172.217.194.0-255,1484,65180,56,155396
24816,0.001308,172.217.194.0-255,2902,68082,56,155396
24817,0.001311,172.31.46.0-255,66,68148,56,155396
24818,0.001338,172.217.194.0-255,5738,73886,56,155396
24819,0.001341,172.31.46.0-255,66,73952,56,155396
24820,0.001349,172.217.194.0-255,7156,81108,56,155396
24821,0.001351,172.31.46.0-255,66,81174,56,155396
24822,0.001377,172.217.194.0-255,1484,82658,56,155396
24823,0.001423,172.31.46.0-255,66,82724,56,155396
24824,0.001428,172.217.194.0-255,2184,84908,56,155396
24825,0.00143,172.31.46.0-255,66,84974,56,155396
24826,0.001469,172.217.194.0-255,1484,86458,56,155396
24827,0.001474,172.217.194.0-255,2902,89360,56,155396
24828,0.001478,172.31.46.0-255,66,89426,56,155396
24829,0.00149,172.217.194.0-255,1484,90910,56,155396
24830,0.001514,172.217.194.0-255,4320,95230,56,155396
24831,0.00152,172.217.194.0-255,5738,100968,56,155396
24832,0.001524,172.31.46.0-255,66,101034,56,155396
24833,0.001527,172.31.46.0-255,66,101100,56,155396
24834,0.001553,172.217.194.0-255,7156,108256,56,155396
24835,0.00156,172.31.46.0-255,66,108322,56,155396
24836,0.001573,172.31.46.0-255,66,108388,56,155396
24837,0.001623,172.217.194.0-255,5020,113408,56,155396
24838,0.001627,172.31.46.0-255,66,113474,56,155396
24839,0.001644,172.31.46.0-255,66,113540,56,155396
24840,0.001657,172.31.46.0-255,66,113606,56,155396
24841,0.001819,172.217.194.0-255,1484,115090,56,155396
24842,0.001825,172.217.194.0-255,2902,117992,56,155396
24843,0.001829,172.31.46.0-255,66,118058,56,155396
24844,0.001836,172.217.194.0-255,4320,122378,56,155396
24845,0.001838,172.31.46.0-255,66,122444,56,155396
24846,0.001867,172.217.194.0-255,1484,123928,56,155396
24847,0.001872,172.217.194.0-255,2902,126830,56,155396
24848,0.001874,172.31.46.0-255,66,126896,56,155396
24849,0.001892,172.31.46.0-255,66,126962,56,155396
24850,0.001919,172.217.194.0-255,7156,134118,56,155396
24851,0.001921,172.31.46.0-255,66,134184,56,155396
24852,0.001946,172.217.194.0-255,3602,137786,56,155396
24853,0.001949,172.31.46.0-255,66,137852,56,155396
24854,0.004058,172.217.194.0-255,2902,140754,56,155396
24855,0.004064,172.31.46.0-255,66,140820,56,155396
24856,0.00409,172.217.194.0-255,2902,143722,56,155396
24857,0.004092,172.31.46.0-255,66,143788,56,155396
24858,0.006255,172.217.194.0-255,5738,149526,56,155396
24859,0.006261,172.31.46.0-255,66,149592,56,155396
24860,0.008401,172.217.194.0-255,5738,155330,56,155396
24861,0.008407,172.31.46.0-255,66,155396,56,155396
24862,0.0,74.125.24.0-255,146,146,56,138720
24863,2.1e-05,172.31.46.0-255,66,212,56,138720
24864,2.7e-05,74.125.24.0-255,1484,1696,56,138720
24865,3.1e-05,172.31.46.0-255,66,1762,56,138720
24866,3.6e-05,74.125.24.0-255,2902,4664,56,138720
24867,3.8e-05,172.31.46.0-255,66,4730,56,138720
24868,6.9e-05,74.125.24.0-255,7156,11886,56,138720
24869,7.1e-05,172.31.46.0-255,66,11952,56,138720
24870,7.5e-05,74.125.24.0-255,2068,14020,56,138720
24871,7.7e-05,172.31.46.0-255,66,14086,56,138720
24872,8.4e-05,74.125.24.0-255,7156,21242,56,138720
24873,8.6e-05,172.31.46.0-255,66,21308,56,138720
24874,0.000111,74.125.24.0-255,4320,25628,56,138720
24875,0.000113,172.31.46.0-255,66,25694,56,138720
24876,0.000118,74.125.24.0-255,5379,31073,56,138720
24877,0.00012,172.31.46.0-255,66,31139,56,138720
24878,0.000192,74.125.24.0-255,1484,32623,56,138720
24879,0.000195,172.31.46.0-255,66,32689,56,138720
24880,0.00021,74.125.24.0-255,2902,35591,56,138720
24881,0.000212,172.31.46.0-255,66,35657,56,138720
24882,0.000237,74.125.24.0-255,5738,41395,56,138720
24883,0.000239,172.31.46.0-255,66,41461,56,138720
24884,0.000282,172.31.46.0-255,66,41527,56,138720
24885,0.000292,172.31.46.0-255,66,41593,56,138720
24886,0.000303,74.125.24.0-255,2902,44495,56,138720
24887,0.000305,172.31.46.0-255,66,44561,56,138720
24888,0.000308,74.125.24.0-255,1436,45997,56,138720
24889,0.00031,172.31.46.0-255,66,46063,56,138720
24890,0.000344,74.125.24.0-255,376,46439,56,138720
24891,0.000346,172.31.46.0-255,66,46505,56,138720
24892,0.000555,74.125.24.0-255,1484,47989,56,138720
24893,0.000562,74.125.24.0-255,2902,50891,56,138720
24894,0.000565,172.31.46.0-255,66,50957,56,138720
24895,0.000568,74.125.24.0-255,1484,52441,56,138720
24896,0.000588,74.125.24.0-255,4320,56761,56,138720
24897,0.000591,172.31.46.0-255,66,56827,56,138720
24898,0.000606,74.125.24.0-255,1484,58311,56,138720
24899,0.000628,172.31.46.0-255,66,58377,56,138720
24900,0.00068,172.31.46.0-255,66,58443,56,138720
24901,0.001015,172.31.46.0-255,101,58544,56,138720
24902,0.001412,74.125.24.0-255,1484,60028,56,138720
24903,0.001421,74.125.24.0-255,2902,62930,56,138720
24904,0.001424,172.31.46.0-255,66,62996,56,138720
24905,0.001429,74.125.24.0-255,2902,65898,56,138720
24906,0.001431,172.31.46.0-255,66,65964,56,138720
24907,0.001447,74.125.24.0-255,2902,68866,56,138720
24908,0.001449,172.31.46.0-255,66,68932,56,138720
24909,0.001455,74.125.24.0-255,7156,76088,56,138720
24910,0.001457,172.31.46.0-255,66,76154,56,138720
24911,0.001477,74.125.24.0-255,5738,81892,56,138720
24912,0.001479,172.31.46.0-255,66,81958,56,138720
24913,0.001489,172.31.46.0-255,66,82024,56,138720
24914,0.001753,74.125.24.0-255,1484,83508,56,138720
24915,0.00176,74.125.24.0-255,2902,86410,56,138720
24916,0.001763,172.31.46.0-255,66,86476,56,138720
24917,0.001781,74.125.24.0-255,5738,92214,56,138720
24918,0.001783,172.31.46.0-255,66,92280,56,138720
24919,0.001786,74.125.24.0-255,1484,93764,56,138720
24920,0.001821,172.31.46.0-255,66,93830,56,138720
24921,0.001825,74.125.24.0-255,2902,96732,56,138720
24922,0.001827,172.31.46.0-255,66,96798,56,138720
24923,0.001846,172.31.46.0-255,66,96864,56,138720
24924,0.001868,74.125.24.0-255,1484,98348,56,138720
24925,0.00188,74.125.24.0-255,2902,101250,56,138720
24926,0.001882,172.31.46.0-255,66,101316,56,138720
24927,0.001885,74.125.24.0-255,1484,102800,56,138720
24928,0.001905,74.125.24.0-255,4320,107120,56,138720
24929,0.001907,172.31.46.0-255,66,107186,56,138720
24930,0.001933,172.31.46.0-255,66,107252,56,138720
24931,0.001952,74.125.24.0-255,2902,110154,56,138720
24932,0.001954,172.31.46.0-255,66,110220,56,138720
24933,0.001959,74.125.24.0-255,4320,114540,56,138720
24934,0.001962,172.31.46.0-255,66,114606,56,138720
24935,0.001976,74.125.24.0-255,2902,117508,56,138720
24936,0.001979,172.31.46.0-255,66,117574,56,138720
24937,0.002002,74.125.24.0-255,3602,121176,56,138720
24938,0.002004,172.31.46.0-255,66,121242,56,138720
24939,0.003201,74.125.24.0-255,66,121308,56,138720
24940,0.004247,74.125.24.0-255,5738,127046,56,138720
24941,0.004252,172.31.46.0-255,66,127112,56,138720
24942,0.006494,74.125.24.0-255,5738,132850,56,138720
24943,0.0065,172.31.46.0-255,66,132916,56,138720
24944,0.00872,74.125.24.0-255,5738,138654,56,138720
24945,0.008728,172.31.46.0-255,66,138720,56,138720
24946,0.0,74.125.24.0-255,153,153,56,248414
24947,1.5e-05,172.31.46.0-255,66,219,56,248414
24948,2.2e-05,74.125.24.0-255,1484,1703,56,248414
24949,2.6e-05,172.31.46.0-255,66,1769,56,248414
24950,5.2e-05,74.125.24.0-255,2902,4671,56,248414
24951,5.9e-05,172.31.46.0-255,66,4737,56,248414
24952,6.7e-05,74.125.24.0-255,7156,11893,56,248414
24953,7e-05,172.31.46.0-255,66,11959,56,248414
24954,7.5e-05,74.125.24.0-255,2085,14044,56,248414
24955,7.8e-05,172.31.46.0-255,66,14110,56,248414
24956,0.00011,74.125.24.0-255,4320,18430,56,248414
24957,0.000113,172.31.46.0-255,66,18496,56,248414
24958,0.000147,74.125.24.0-255,7156,25652,56,248414
24959,0.00015,172.31.46.0-255,66,25718,56,248414
24960,0.000157,74.125.24.0-255,7156,32874,56,248414
24961,0.00016,172.31.46.0-255,66,32940,56,248414
24962,0.000199,172.31.46.0-255,66,33006,56,248414
24963,0.000764,74.125.24.0-255,1484,34490,56,248414
24964,0.000769,172.31.46.0-255,66,34556,56,248414
24965,0.000775,74.125.24.0-255,2902,37458,56,248414
24966,0.000778,172.31.46.0-255,66,37524,56,248414
24967,0.000787,74.125.24.0-255,4320,41844,56,248414
24968,0.00079,172.31.46.0-255,66,41910,56,248414
24969,0.000819,74.125.24.0-255,1484,43394,56,248414
24970,0.000822,172.31.46.0-255,66,43460,56,248414
24971,0.000831,74.125.24.0-255,7099,50559,56,248414
24972,0.000837,172.31.46.0-255,66,50625,56,248414
24973,0.00152,74.125.24.0-255,1484,52109,56,248414
24974,0.001527,172.31.46.0-255,66,52175,56,248414
24975,0.001536,74.125.24.0-255,2902,55077,56,248414
24976,0.001544,172.31.46.0-255,66,55143,56,248414
24977,0.001551,74.125.24.0-255,4320,59463,56,248414
24978,0.001553,172.31.46.0-255,66,59529,56,248414
24979,0.001584,74.125.24.0-255,1484,61013,56,248414
24980,0.001592,74.125.24.0-255,5738,66751,56,248414
24981,0.001594,172.31.46.0-255,66,66817,56,248414
24982,0.001627,74.125.24.0-255,7156,73973,56,248414
24983,0.00163,172.31.46.0-255,66,74039,56,248414
24984,0.001637,74.125.24.0-255,7156,81195,56,248414
24985,0.00164,172.31.46.0-255,66,81261,56,248414
24986,0.001649,74.125.24.0-255,3602,84863,56,248414
24987,0.001652,172.31.46.0-255,66,84929,56,248414
24988,0.002273,74.125.24.0-255,1484,86413,56,248414
24989,0.002288,74.125.24.0-255,2902,89315,56,248414
24990,0.002291,172.31.46.0-255,66,89381,56,248414
24991,0.002322,74.125.24.0-255,5738,95119,56,248414
24992,0.002324,172.31.46.0-255,66,95185,56,248414
24993,0.002327,74.125.24.0-255,1484,96669,56,248414
24994,0.002363,172.31.46.0-255,66,96735,56,248414
24995,0.00237,74.125.24.0-255,7156,103891,56,248414
24996,0.002372,172.31.46.0-255,66,103957,56,248414
24997,0.002379,74.125.24.0-255,1484,105441,56,248414
24998,0.002382,74.125.24.0-255,1484,106925,56,248414
24999,0.002385,172.31.46.0-255,66,106991,56,248414
25000,0.002388,74.125.24.0-255,766,107757,56,248414
25001,0.002414,74.125.24.0-255,4320,112077,56,248414
25002,0.002416,172.31.46.0-255,66,112143,56,248414
25003,0.002419,74.125.24.0-255,1484,113627,56,248414
25004,0.002444,74.125.24.0-255,4320,117947,56,248414
25005,0.002447,172.31.46.0-255,66,118013,56,248414
25006,0.002449,74.125.24.0-255,1484,119497,56,248414
25007,0.002454,74.125.24.0-255,2902,122399,56,248414
25008,0.002456,172.31.46.0-255,66,122465,56,248414
25009,0.002467,74.125.24.0-255,4320,126785,56,248414
25010,0.00247,172.31.46.0-255,66,126851,56,248414
25011,0.002477,74.125.24.0-255,5738,132589,56,248414
25012,0.00248,172.31.46.0-255,66,132655,56,248414
25013,0.002514,74.125.24.0-255,5738,138393,56,248414
25014,0.002516,172.31.46.0-255,66,138459,56,248414
25015,0.002519,74.125.24.0-255,1484,139943,56,248414
25016,0.002525,74.125.24.0-255,2184,142127,56,248414
25017,0.002533,172.31.46.0-255,66,142193,56,248414
25018,0.002565,172.31.46.0-255,66,142259,56,248414
25019,0.002597,172.31.46.0-255,66,142325,56,248414
25020,0.002601,74.125.24.0-255,2902,145227,56,248414
25021,0.002603,172.31.46.0-255,66,145293,56,248414
25022,0.002648,172.31.46.0-255,66,145359,56,248414
25023,0.003263,74.125.24.0-255,1484,146843,56,248414
25024,0.003276,74.125.24.0-255,2902,149745,56,248414
25025,0.003278,172.31.46.0-255,66,149811,56,248414
25026,0.003303,74.125.24.0-255,4320,154131,56,248414
25027,0.003306,172.31.46.0-255,66,154197,56,248414
25028,0.003332,74.125.24.0-255,1484,155681,56,248414
25029,0.003335,74.125.24.0-255,1484,157165,56,248414
25030,0.003337,172.31.46.0-255,66,157231,56,248414
25031,0.003359,172.31.46.0-255,66,157297,56,248414
25032,0.003364,74.125.24.0-255,4320,161617,56,248414
25033,0.003366,172.31.46.0-255,66,161683,56,248414
25034,0.003409,172.31.46.0-255,66,161749,56,248414
25035,0.003421,172.31.46.0-255,66,161815,56,248414
25036,0.003443,74.125.24.0-255,2902,164717,56,248414
25037,0.003445,172.31.46.0-255,66,164783,56,248414
25038,0.003472,172.31.46.0-255,66,164849,56,248414
25039,0.003478,74.125.24.0-255,6438,171287,56,248414
25040,0.003481,172.31.46.0-255,66,171353,56,248414
25041,0.003559,74.125.24.0-255,1484,172837,56,248414
25042,0.003569,74.125.24.0-255,2902,175739,56,248414
25043,0.003572,172.31.46.0-255,66,175805,56,248414
25044,0.00358,74.125.24.0-255,5738,181543,56,248414
25045,0.003583,172.31.46.0-255,66,181609,56,248414
25046,0.003596,172.31.46.0-255,66,181675,56,248414
25047,0.003599,74.125.24.0-255,1484,183159,56,248414
25048,0.003638,172.31.46.0-255,66,183225,56,248414
25049,0.00379,74.125.24.0-255,1484,184709,56,248414
25050,0.003796,74.125.24.0-255,2902,187611,56,248414
25051,0.003799,172.31.46.0-255,66,187677,56,248414
25052,0.003832,74.125.24.0-255,5738,193415,56,248414
25053,0.003835,172.31.46.0-255,66,193481,56,248414
25054,0.003866,74.125.24.0-255,5738,199219,56,248414
25055,0.003869,172.31.46.0-255,66,199285,56,248414
25056,0.003873,74.125.24.0-255,2902,202187,56,248414
25057,0.003876,172.31.46.0-255,66,202253,56,248414
25058,0.003879,74.125.24.0-255,1484,203737,56,248414
25059,0.003923,172.31.46.0-255,66,203803,56,248414
25060,0.003929,74.125.24.0-255,5738,209541,56,248414
25061,0.003932,172.31.46.0-255,66,209607,56,248414
25062,0.003962,74.125.24.0-255,2184,211791,56,248414
25063,0.003964,172.31.46.0-255,66,211857,56,248414
25064,0.003968,74.125.24.0-255,1484,213341,56,248414
25065,0.003986,172.31.46.0-255,66,213407,56,248414
25066,0.003989,74.125.24.0-255,1484,214891,56,248414
25067,0.004031,74.125.24.0-255,2902,217793,56,248414
25068,0.004034,172.31.46.0-255,66,217859,56,248414
25069,0.004072,172.31.46.0-255,66,217925,56,248414
25070,0.004079,74.125.24.0-255,5738,223663,56,248414
25071,0.004081,172.31.46.0-255,66,223729,56,248414
25072,0.004119,172.31.46.0-255,66,223795,56,248414
25073,0.004126,74.125.24.0-255,7156,230951,56,248414
25074,0.004129,172.31.46.0-255,66,231017,56,248414
25075,0.004136,74.125.24.0-255,1484,232501,56,248414
25076,0.00414,74.125.24.0-255,2902,235403,56,248414
25077,0.004143,172.31.46.0-255,66,235469,56,248414
25078,0.004177,74.125.24.0-255,5738,241207,56,248414
25079,0.00418,172.31.46.0-255,66,241273,56,248414
25080,0.004206,74.125.24.0-255,4320,245593,56,248414
25081,0.004209,172.31.46.0-255,66,245659,56,248414
25082,0.004234,74.125.24.0-255,2184,247843,56,248414
25083,0.004237,172.31.46.0-255,66,247909,56,248414
25084,0.004275,172.31.46.0-255,66,247975,56,248414
25085,0.004278,74.125.24.0-255,97,248072,56,248414
25086,0.00428,74.125.24.0-255,105,248177,56,248414
25087,0.007113,172.31.46.0-255,66,248243,56,248414
25088,0.007151,172.31.46.0-255,105,248348,56,248414
25089,0.009404,74.125.24.0-255,66,248414,56,248414
25090,0.0,74.125.24.0-255,146,146,56,139213
25091,1.5e-05,172.31.46.0-255,66,212,56,139213
25092,2.1e-05,74.125.24.0-255,1484,1696,56,139213
25093,2.6e-05,172.31.46.0-255,66,1762,56,139213
25094,3.1e-05,74.125.24.0-255,2902,4664,56,139213
25095,3.4e-05,172.31.46.0-255,66,4730,56,139213
25096,3.9e-05,74.125.24.0-255,2902,7632,56,139213
25097,4.1e-05,172.31.46.0-255,66,7698,56,139213
25098,7.2e-05,172.31.46.0-255,66,7764,56,139213
25099,0.000101,172.31.46.0-255,66,7830,56,139213
25100,0.000265,74.125.24.0-255,1484,9314,56,139213
25101,0.000269,172.31.46.0-255,66,9380,56,139213
25102,0.000274,74.125.24.0-255,2902,12282,56,139213
25103,0.000277,172.31.46.0-255,66,12348,56,139213
25104,0.000299,74.125.24.0-255,2902,15250,56,139213
25105,0.000301,172.31.46.0-255,66,15316,56,139213
25106,0.000312,74.125.24.0-255,2902,18218,56,139213
25107,0.000315,172.31.46.0-255,66,18284,56,139213
25108,0.000336,74.125.24.0-255,7156,25440,56,139213
25109,0.000338,172.31.46.0-255,66,25506,56,139213
25110,0.000368,74.125.24.0-255,6797,32303,56,139213
25111,0.000371,172.31.46.0-255,66,32369,56,139213
25112,0.00038,172.31.46.0-255,66,32435,56,139213
25113,0.000383,74.125.24.0-255,1482,33917,56,139213
25114,0.000385,172.31.46.0-255,66,33983,56,139213
25115,0.00041,74.125.24.0-255,329,34312,56,139213
25116,0.000412,172.31.46.0-255,66,34378,56,139213
25117,0.000587,74.125.24.0-255,1484,35862,56,139213
25118,0.000591,172.31.46.0-255,66,35928,56,139213
25119,0.000596,74.125.24.0-255,2902,38830,56,139213
25120,0.000598,172.31.46.0-255,66,38896,56,139213
25121,0.000614,74.125.24.0-255,5738,44634,56,139213
25122,0.000616,172.31.46.0-255,66,44700,56,139213
25123,0.000634,74.125.24.0-255,2902,47602,56,139213
25124,0.000636,172.31.46.0-255,66,47668,56,139213
25125,0.000664,172.31.46.0-255,66,47734,56,139213
25126,0.000668,74.125.24.0-255,2902,50636,56,139213
25127,0.000669,172.31.46.0-255,66,50702,56,139213
25128,0.000682,74.125.24.0-255,5738,56440,56,139213
25129,0.000684,172.31.46.0-255,66,56506,56,139213
25130,0.000707,74.125.24.0-255,2184,58690,56,139213
25131,0.00071,172.31.46.0-255,66,58756,56,139213
25132,0.001086,172.31.46.0-255,101,58857,56,139213
25133,0.001428,74.125.24.0-255,1484,60341,56,139213
25134,0.001438,74.125.24.0-255,2902,63243,56,139213
25135,0.001441,172.31.46.0-255,66,63309,56,139213
25136,0.001446,74.125.24.0-255,2902,66211,56,139213
25137,0.001448,172.31.46.0-255,66,66277,56,139213
25138,0.001465,74.125.24.0-255,2902,69179,56,139213
25139,0.001467,172.31.46.0-255,66,69245,56,139213
25140,0.001472,74.125.24.0-255,5738,74983,56,139213
25141,0.001474,172.31.46.0-255,66,75049,56,139213
25142,0.001478,74.125.24.0-255,2902,77951,56,139213
25143,0.00148,172.31.46.0-255,66,78017,56,139213
25144,0.00151,172.31.46.0-255,66,78083,56,139213
25145,0.001515,74.125.24.0-255,5020,83103,56,139213
25146,0.001517,172.31.46.0-255,66,83169,56,139213
25147,0.001712,74.125.24.0-255,1484,84653,56,139213
25148,0.001719,74.125.24.0-255,2902,87555,56,139213
25149,0.001723,172.31.46.0-255,66,87621,56,139213
25150,0.001745,74.125.24.0-255,5738,93359,56,139213
25151,0.001747,172.31.46.0-255,66,93425,56,139213
25152,0.001773,74.125.24.0-255,7156,100581,56,139213
25153,0.001775,172.31.46.0-255,66,100647,56,139213
25154,0.001794,74.125.24.0-255,4320,104967,56,139213
25155,0.001796,172.31.46.0-255,66,105033,56,139213
25156,0.001807,172.31.46.0-255,66,105099,56,139213
25157,0.001825,74.125.24.0-255,766,105865,56,139213
25158,0.002267,74.125.24.0-255,1484,107349,56,139213
25159,0.002273,172.31.46.0-255,66,107415,56,139213
25160,0.002278,74.125.24.0-255,1484,108899,56,139213
25161,0.002292,74.125.24.0-255,1484,110383,56,139213
25162,0.002294,172.31.46.0-255,66,110449,56,139213
25163,0.002301,74.125.24.0-255,5738,116187,56,139213
25164,0.002304,172.31.46.0-255,66,116253,56,139213
25165,0.00232,74.125.24.0-255,1484,117737,56,139213
25166,0.002352,172.31.46.0-255,66,117803,56,139213
25167,0.002381,74.125.24.0-255,5738,123541,56,139213
25168,0.002383,172.31.46.0-255,66,123607,56,139213
25169,0.002404,172.31.46.0-255,66,123673,56,139213
25170,0.002419,172.31.46.0-255,66,123739,56,139213
25171,0.002435,74.125.24.0-255,1484,125223,56,139213
25172,0.002497,172.31.46.0-255,66,125289,56,139213
25173,0.00252,74.125.24.0-255,2184,127473,56,139213
25174,0.002522,172.31.46.0-255,66,127539,56,139213
25175,0.003693,74.125.24.0-255,66,127605,56,139213
25176,0.005149,74.125.24.0-255,5738,133343,56,139213
25177,0.005153,172.31.46.0-255,66,133409,56,139213
25178,0.007779,74.125.24.0-255,5738,139147,56,139213
25179,0.007785,172.31.46.0-255,66,139213,56,139213
25180,0.0,74.125.24.0-255,152,152,56,175809
25181,1.4e-05,172.31.46.0-255,66,218,56,175809
25182,2e-05,74.125.24.0-255,1484,1702,56,175809
25183,2.3e-05,172.31.46.0-255,66,1768,56,175809
25184,2.9e-05,74.125.24.0-255,2902,4670,56,175809
25185,3.8e-05,172.31.46.0-255,66,4736,56,175809
25186,4.3e-05,74.125.24.0-255,4320,9056,56,175809
25187,4.6e-05,172.31.46.0-255,66,9122,56,175809
25188,6.2e-05,74.125.24.0-255,2902,12024,56,175809
25189,6.4e-05,172.31.46.0-255,66,12090,56,175809
25190,9.1e-05,74.125.24.0-255,6194,18284,56,175809
25191,9.3e-05,172.31.46.0-255,66,18350,56,175809
25192,0.000105,172.31.46.0-255,66,18416,56,175809
25193,0.000183,74.125.24.0-255,1484,19900,56,175809
25194,0.000186,172.31.46.0-255,66,19966,56,175809
25195,0.000189,74.125.24.0-255,1484,21450,56,175809
25196,0.000191,172.31.46.0-255,66,21516,56,175809
25197,0.000211,74.125.24.0-255,1484,23000,56,175809
25198,0.000213,172.31.46.0-255,66,23066,56,175809
25199,0.000222,74.125.24.0-255,5738,28804,56,175809
25200,0.000225,172.31.46.0-255,66,28870,56,175809
25201,0.000245,74.125.24.0-255,5738,34608,56,175809
25202,0.000251,172.31.46.0-255,66,34674,56,175809
25203,0.000278,74.125.24.0-255,2543,37217,56,175809
25204,0.00028,172.31.46.0-255,66,37283,56,175809
25205,0.00029,172.31.46.0-255,66,37349,56,175809
25206,0.0003,74.125.24.0-255,7108,44457,56,175809
25207,0.000302,172.31.46.0-255,66,44523,56,175809
25208,0.000414,74.125.24.0-255,108,44631,56,175809
25209,0.000417,172.31.46.0-255,66,44697,56,175809
25210,0.000421,74.125.24.0-255,334,45031,56,175809
25211,0.000821,74.125.24.0-255,1484,46515,56,175809
25212,0.000827,172.31.46.0-255,66,46581,56,175809
25213,0.000833,74.125.24.0-255,2902,49483,56,175809
25214,0.000837,172.31.46.0-255,66,49549,56,175809
25215,0.000852,74.125.24.0-255,2902,52451,56,175809
25216,0.000877,74.125.24.0-255,2902,55353,56,175809
25217,0.00088,74.125.24.0-255,2902,58255,56,175809
25218,0.000901,172.31.46.0-255,66,58321,56,175809
25219,0.00092,74.125.24.0-255,5738,64059,56,175809
25220,0.000928,172.31.46.0-255,66,64125,56,175809
25221,0.000945,74.125.24.0-255,5020,69145,56,175809
25222,0.000963,172.31.46.0-255,66,69211,56,175809
25223,0.001319,74.125.24.0-255,1484,70695,56,175809
25224,0.001325,74.125.24.0-255,1484,72179,56,175809
25225,0.001328,172.31.46.0-255,66,72245,56,175809
25226,0.001354,74.125.24.0-255,1484,73729,56,175809
25227,0.001362,74.125.24.0-255,5738,79467,56,175809
25228,0.001379,74.125.24.0-255,4320,83787,56,175809
25229,0.001387,172.31.46.0-255,66,83853,56,175809
25230,0.001435,74.125.24.0-255,2184,86037,56,175809
25231,0.001457,172.31.46.0-255,66,86103,56,175809
25232,0.001556,74.125.24.0-255,1484,87587,56,175809
25233,0.001569,74.125.24.0-255,2902,90489,56,175809
25234,0.001573,172.31.46.0-255,66,90555,56,175809
25235,0.00158,74.125.24.0-255,5738,96293,56,175809
25236,0.001596,172.31.46.0-255,66,96359,56,175809
25237,0.001611,74.125.24.0-255,7156,103515,56,175809
25238,0.001615,74.125.24.0-255,2902,106417,56,175809
25239,0.001634,172.31.46.0-255,66,106483,56,175809
25240,0.001643,74.125.24.0-255,2902,109385,56,175809
25241,0.001741,172.31.46.0-255,66,109451,56,175809
25242,0.001786,74.125.24.0-255,1484,110935,56,175809
25243,0.0018,74.125.24.0-255,2902,113837,56,175809
25244,0.001804,74.125.24.0-255,1484,115321,56,175809
25245,0.001809,172.31.46.0-255,66,115387,56,175809
25246,0.001826,74.125.24.0-255,4320,119707,56,175809
25247,0.001833,74.125.24.0-255,5738,125445,56,175809
25248,0.00186,74.125.24.0-255,7156,132601,56,175809
25249,0.001878,172.31.46.0-255,66,132667,56,175809
25250,0.001919,74.125.24.0-255,1484,134151,56,175809
25251,0.001936,74.125.24.0-255,2902,137053,56,175809
25252,0.001941,74.125.24.0-255,4320,141373,56,175809
25253,0.001954,74.125.24.0-255,1484,142857,56,175809
25254,0.001961,74.125.24.0-255,7156,150013,56,175809
25255,0.001964,172.31.46.0-255,66,150079,56,175809
25256,0.001969,172.31.46.0-255,66,150145,56,175809
25257,0.002024,74.125.24.0-255,1484,151629,56,175809
25258,0.00203,172.31.46.0-255,66,151695,56,175809
25259,0.00204,74.125.24.0-255,5738,157433,56,175809
25260,0.002045,172.31.46.0-255,66,157499,56,175809
25261,0.002109,74.125.24.0-255,766,158265,56,175809
25262,0.002118,172.31.46.0-255,66,158331,56,175809
25263,0.004163,74.125.24.0-255,5738,164069,56,175809
25264,0.00417,172.31.46.0-255,66,164135,56,175809
25265,0.006222,74.125.24.0-255,4320,168455,56,175809
25266,0.006242,74.125.24.0-255,1484,169939,56,175809
25267,0.007834,172.31.46.0-255,66,170005,56,175809
25268,0.009887,74.125.24.0-255,5738,175743,56,175809
25269,0.009895,172.31.46.0-255,66,175809,56,175809
25270,0.0,74.125.68.0-255,152,152,56,197942
25271,1.5e-05,172.31.46.0-255,66,218,56,197942
25272,2.1e-05,74.125.68.0-255,1484,1702,56,197942
25273,2.5e-05,172.31.46.0-255,66,1768,56,197942
25274,4.7e-05,74.125.68.0-255,2902,4670,56,197942
25275,5e-05,172.31.46.0-255,66,4736,56,197942
25276,6.7e-05,74.125.68.0-255,2902,7638,56,197942
25277,6.9e-05,172.31.46.0-255,66,7704,56,197942
25278,9.3e-05,74.125.68.0-255,4320,12024,56,197942
25279,9.6e-05,172.31.46.0-255,66,12090,56,197942
25280,0.0001,74.125.68.0-255,2139,14229,56,197942
25281,0.000102,172.31.46.0-255,66,14295,56,197942
25282,0.000147,74.125.68.0-255,1484,15779,56,197942
25283,0.00015,172.31.46.0-255,66,15845,56,197942
25284,0.000155,74.125.68.0-255,2902,18747,56,197942
25285,0.000157,172.31.46.0-255,66,18813,56,197942
25286,0.000183,74.125.68.0-255,4320,23133,56,197942
25287,0.000186,172.31.46.0-255,66,23199,56,197942
25288,0.000202,74.125.68.0-255,1484,24683,56,197942
25289,0.000204,172.31.46.0-255,66,24749,56,197942
25290,0.00022,74.125.68.0-255,4320,29069,56,197942
25291,0.000222,172.31.46.0-255,66,29135,56,197942
25292,0.000242,74.125.68.0-255,2543,31678,56,197942
25293,0.000244,172.31.46.0-255,66,31744,56,197942
25294,0.00025,74.125.68.0-255,2902,34646,56,197942
25295,0.000252,172.31.46.0-255,66,34712,56,197942
25296,0.000277,74.125.68.0-255,4320,39032,56,197942
25297,0.000279,172.31.46.0-255,66,39098,56,197942
25298,0.000284,74.125.68.0-255,2902,42000,56,197942
25299,0.000286,172.31.46.0-255,66,42066,56,197942
25300,0.000292,74.125.68.0-255,4320,46386,56,197942
25301,0.000294,172.31.46.0-255,66,46452,56,197942
25302,0.00032,74.125.68.0-255,2543,48995,56,197942
25303,0.000323,172.31.46.0-255,66,49061,56,197942
25304,0.000756,74.125.68.0-255,1484,50545,56,197942
25305,0.000782,74.125.68.0-255,2902,53447,56,197942
25306,0.000787,172.31.46.0-255,66,53513,56,197942
25307,0.000793,74.125.68.0-255,4320,57833,56,197942
25308,0.000795,172.31.46.0-255,66,57899,56,197942
25309,0.000822,74.125.68.0-255,2902,60801,56,197942
25310,0.000824,172.31.46.0-255,66,60867,56,197942
25311,0.000846,74.125.68.0-255,6797,67664,56,197942
25312,0.000848,172.31.46.0-255,66,67730,56,197942
25313,0.000853,74.125.68.0-255,2902,70632,56,197942
25314,0.000854,172.31.46.0-255,66,70698,56,197942
25315,0.000885,74.125.68.0-255,7156,77854,56,197942
25316,0.000889,172.31.46.0-255,66,77920,56,197942
25317,0.000895,74.125.68.0-255,5738,83658,56,197942
25318,0.000897,172.31.46.0-255,66,83724,56,197942
25319,0.000913,74.125.68.0-255,5738,89462,56,197942
25320,0.000915,172.31.46.0-255,66,89528,56,197942
25321,0.000929,74.125.68.0-255,1484,91012,56,197942
25322,0.000943,74.125.68.0-255,2902,93914,56,197942
25323,0.000945,172.31.46.0-255,66,93980,56,197942
25324,0.000972,74.125.68.0-255,6438,100418,56,197942
25325,0.000975,172.31.46.0-255,66,100484,56,197942
25326,0.000978,74.125.68.0-255,1484,101968,56,197942
25327,0.001002,74.125.68.0-255,2902,104870,56,197942
25328,0.001005,172.31.46.0-255,66,104936,56,197942
25329,0.001023,74.125.68.0-255,5738,110674,56,197942
25330,0.001026,74.125.68.0-255,2902,113576,56,197942
25331,0.00103,172.31.46.0-255,66,113642,56,197942
25332,0.001033,172.31.46.0-255,66,113708,56,197942
25333,0.001077,74.125.68.0-255,3843,117551,56,197942
25334,0.001085,172.31.46.0-255,66,117617,56,197942
25335,0.001208,74.125.68.0-255,1484,119101,56,197942
25336,0.001213,74.125.68.0-255,1484,120585,56,197942
25337,0.001216,172.31.46.0-255,66,120651,56,197942
25338,0.001228,74.125.68.0-255,1484,122135,56,197942
25339,0.001233,74.125.68.0-255,2902,125037,56,197942
25340,0.001235,172.31.46.0-255,66,125103,56,197942
25341,0.001255,74.125.68.0-255,1484,126587,56,197942
25342,0.00126,74.125.68.0-255,2902,129489,56,197942
25343,0.001262,172.31.46.0-255,66,129555,56,197942
25344,0.001282,74.125.68.0-255,5738,135293,56,197942
25345,0.001284,172.31.46.0-255,66,135359,56,197942
25346,0.001287,74.125.68.0-255,405,135764,56,197942
25347,0.001339,74.125.68.0-255,1484,137248,56,197942
25348,0.001342,172.31.46.0-255,66,137314,56,197942
25349,0.001361,74.125.68.0-255,2902,140216,56,197942
25350,0.001363,172.31.46.0-255,66,140282,56,197942
25351,0.001403,74.125.68.0-255,2902,143184,56,197942
25352,0.001406,172.31.46.0-255,66,143250,56,197942
25353,0.001427,74.125.68.0-255,2902,146152,56,197942
25354,0.00143,172.31.46.0-255,66,146218,56,197942
25355,0.001438,74.125.68.0-255,7156,153374,56,197942
25356,0.001439,172.31.46.0-255,66,153440,56,197942
25357,0.001452,172.31.46.0-255,66,153506,56,197942
25358,0.001502,74.125.68.0-255,2902,156408,56,197942
25359,0.001505,172.31.46.0-255,66,156474,56,197942
25360,0.001522,74.125.68.0-255,2184,158658,56,197942
25361,0.001524,172.31.46.0-255,66,158724,56,197942
25362,0.002167,74.125.68.0-255,1484,160208,56,197942
25363,0.002172,74.125.68.0-255,1484,161692,56,197942
25364,0.002175,172.31.46.0-255,66,161758,56,197942
25365,0.002195,74.125.68.0-255,2902,164660,56,197942
25366,0.002198,172.31.46.0-255,66,164726,56,197942
25367,0.002201,74.125.68.0-255,1484,166210,56,197942
25368,0.002227,74.125.68.0-255,4320,170530,56,197942
25369,0.00223,172.31.46.0-255,66,170596,56,197942
25370,0.002235,74.125.68.0-255,4320,174916,56,197942
25371,0.002237,172.31.46.0-255,66,174982,56,197942
25372,0.00227,74.125.68.0-255,5738,180720,56,197942
25373,0.002273,172.31.46.0-255,66,180786,56,197942
25374,0.002285,172.31.46.0-255,66,180852,56,197942
25375,0.002288,74.125.68.0-255,766,181618,56,197942
25376,0.002529,172.31.46.0-255,66,181684,56,197942
25377,0.004657,74.125.68.0-255,1484,183168,56,197942
25378,0.00468,74.125.68.0-255,2902,186070,56,197942
25379,0.004685,172.31.46.0-255,66,186136,56,197942
25380,0.004871,74.125.68.0-255,1484,187620,56,197942
25381,0.007036,74.125.68.0-255,1484,189104,56,197942
25382,0.007039,172.31.46.0-255,66,189170,56,197942
25383,0.007056,74.125.68.0-255,2902,192072,56,197942
25384,0.007059,172.31.46.0-255,66,192138,56,197942
25385,0.009403,74.125.68.0-255,5738,197876,56,197942
25386,0.00941,172.31.46.0-255,66,197942,56,197942
25387,0.0,74.125.24.0-255,160,160,56,218788
25388,1.8e-05,172.31.46.0-255,66,226,56,218788
25389,2.4e-05,74.125.24.0-255,1484,1710,56,218788
25390,3e-05,172.31.46.0-255,66,1776,56,218788
25391,4.5e-05,74.125.24.0-255,2902,4678,56,218788
25392,4.8e-05,172.31.46.0-255,66,4744,56,218788
25393,5.3e-05,74.125.24.0-255,2902,7646,56,218788
25394,5.5e-05,172.31.46.0-255,66,7712,56,218788
25395,0.0001,74.125.24.0-255,6262,13974,56,218788
25396,0.000104,172.31.46.0-255,66,14040,56,218788
25397,0.000207,74.125.24.0-255,1484,15524,56,218788
25398,0.00021,172.31.46.0-255,66,15590,56,218788
25399,0.000237,74.125.24.0-255,2902,18492,56,218788
25400,0.00024,172.31.46.0-255,66,18558,56,218788
25401,0.000247,74.125.24.0-255,5738,24296,56,218788
25402,0.000249,172.31.46.0-255,66,24362,56,218788
25403,0.000257,74.125.24.0-255,6797,31159,56,218788
25404,0.000259,172.31.46.0-255,66,31225,56,218788
25405,0.000264,74.125.24.0-255,2902,34127,56,218788
25406,0.000267,172.31.46.0-255,66,34193,56,218788
25407,0.000295,74.125.24.0-255,4320,38513,56,218788
25408,0.000299,172.31.46.0-255,66,38579,56,218788
25409,0.000305,74.125.24.0-255,5738,44317,56,218788
25410,0.000307,172.31.46.0-255,66,44383,56,218788
25411,0.000339,74.125.24.0-255,3961,48344,56,218788
25412,0.000342,172.31.46.0-255,66,48410,56,218788
25413,0.000891,74.125.24.0-255,1484,49894,56,218788
25414,0.000896,172.31.46.0-255,66,49960,56,218788
25415,0.000904,74.125.24.0-255,2902,52862,56,218788
25416,0.000907,172.31.46.0-255,66,52928,56,218788
25417,0.000918,74.125.24.0-255,5738,58666,56,218788
25418,0.00092,172.31.46.0-255,66,58732,56,218788
25419,0.000971,172.31.46.0-255,66,58798,56,218788
25420,0.000997,74.125.24.0-255,1125,59923,56,218788
25421,0.001004,74.125.24.0-255,5738,65661,56,218788
25422,0.001007,172.31.46.0-255,66,65727,56,218788
25423,0.001037,74.125.24.0-255,6797,72524,56,218788
25424,0.00104,172.31.46.0-255,66,72590,56,218788
25425,0.001054,172.31.46.0-255,66,72656,56,218788
25426,0.001057,74.125.24.0-255,1125,73781,56,218788
25427,0.001685,74.125.24.0-255,1484,75265,56,218788
25428,0.001692,172.31.46.0-255,66,75331,56,218788
25429,0.001699,74.125.24.0-255,2902,78233,56,218788
25430,0.001701,172.31.46.0-255,66,78299,56,218788
25431,0.001713,74.125.24.0-255,5738,84037,56,218788
25432,0.001715,172.31.46.0-255,66,84103,56,218788
25433,0.001722,74.125.24.0-255,5738,89841,56,218788
25434,0.001725,172.31.46.0-255,66,89907,56,218788
25435,0.001755,172.31.46.0-255,66,89973,56,218788
25436,0.001778,74.125.24.0-255,1484,91457,56,218788
25437,0.001784,74.125.24.0-255,5020,96477,56,218788
25438,0.001786,172.31.46.0-255,66,96543,56,218788
25439,0.001812,74.125.24.0-255,1484,98027,56,218788
25440,0.001816,74.125.24.0-255,2902,100929,56,218788
25441,0.001819,172.31.46.0-255,66,100995,56,218788
25442,0.001822,74.125.24.0-255,1484,102479,56,218788
25443,0.001848,74.125.24.0-255,4320,106799,56,218788
25444,0.001851,172.31.46.0-255,66,106865,56,218788
25445,0.001861,172.31.46.0-255,66,106931,56,218788
25446,0.001893,74.125.24.0-255,4320,111251,56,218788
25447,0.001895,172.31.46.0-255,66,111317,56,218788
25448,0.001903,74.125.24.0-255,7156,118473,56,218788
25449,0.001906,172.31.46.0-255,66,118539,56,218788
25450,0.001988,172.31.46.0-255,66,118605,56,218788
25451,0.002001,172.31.46.0-255,66,118671,56,218788
25452,0.002006,74.125.24.0-255,3602,122273,56,218788
25453,0.002008,172.31.46.0-255,66,122339,56,218788
25454,0.002025,74.125.24.0-255,4320,126659,56,218788
25455,0.002028,172.31.46.0-255,66,126725,56,218788
25456,0.00204,172.31.46.0-255,66,126791,56,218788
25457,0.002044,74.125.24.0-255,2902,129693,56,218788
25458,0.002047,172.31.46.0-255,66,129759,56,218788
25459,0.002052,74.125.24.0-255,4320,134079,56,218788
25460,0.002054,172.31.46.0-255,66,134145,56,218788
25461,0.002059,74.125.24.0-255,4320,138465,56,218788
25462,0.002062,172.31.46.0-255,66,138531,56,218788
25463,0.002086,74.125.24.0-255,1484,140015,56,218788
25464,0.002094,74.125.24.0-255,5020,145035,56,218788
25465,0.002097,172.31.46.0-255,66,145101,56,218788
25466,0.002129,74.125.24.0-255,5738,150839,56,218788
25467,0.002133,172.31.46.0-255,66,150905,56,218788
25468,0.002136,74.125.24.0-255,1484,152389,56,218788
25469,0.002141,74.125.24.0-255,4320,156709,56,218788
25470,0.002143,172.31.46.0-255,66,156775,56,218788
25471,0.002187,74.125.24.0-255,7156,163931,56,218788
25472,0.002191,172.31.46.0-255,66,163997,56,218788
25473,0.002197,74.125.24.0-255,5738,169735,56,218788
25474,0.002199,172.31.46.0-255,66,169801,56,218788
25475,0.00225,172.31.46.0-255,66,169867,56,218788
25476,0.002265,172.31.46.0-255,66,169933,56,218788
25477,0.002269,74.125.24.0-255,2902,172835,56,218788
25478,0.002271,172.31.46.0-255,66,172901,56,218788
25479,0.002276,74.125.24.0-255,4320,177221,56,218788
25480,0.002279,172.31.46.0-255,66,177287,56,218788
25481,0.002282,74.125.24.0-255,1484,178771,56,218788
25482,0.002328,172.31.46.0-255,66,178837,56,218788
25483,0.002331,74.125.24.0-255,645,179482,56,218788
25484,0.002655,74.125.24.0-255,1484,180966,56,218788
25485,0.002659,172.31.46.0-255,66,181032,56,218788
25486,0.002665,74.125.24.0-255,2902,183934,56,218788
25487,0.002668,172.31.46.0-255,66,184000,56,218788
25488,0.002674,74.125.24.0-255,5738,189738,56,218788
25489,0.002681,172.31.46.0-255,66,189804,56,218788
25490,0.002688,74.125.24.0-255,5738,195542,56,218788
25491,0.002691,172.31.46.0-255,66,195608,56,218788
25492,0.002716,74.125.24.0-255,4320,199928,56,218788
25493,0.00272,172.31.46.0-255,66,199994,56,218788
25494,0.002776,172.31.46.0-255,66,200060,56,218788
25495,0.002779,74.125.24.0-255,1484,201544,56,218788
25496,0.002819,172.31.46.0-255,66,201610,56,218788
25497,0.002866,74.125.24.0-255,5738,207348,56,218788
25498,0.002869,172.31.46.0-255,66,207414,56,218788
25499,0.00291,74.125.24.0-255,4320,211734,56,218788
25500,0.002914,172.31.46.0-255,66,211800,56,218788
25501,0.00294,172.31.46.0-255,66,211866,56,218788
25502,0.002964,172.31.46.0-255,66,211932,56,218788
25503,0.002971,74.125.24.0-255,6448,218380,56,218788
25504,0.002974,172.31.46.0-255,66,218446,56,218788
25505,0.002977,74.125.24.0-255,105,218551,56,218788
25506,0.005995,172.31.46.0-255,66,218617,56,218788
25507,0.006048,172.31.46.0-255,105,218722,56,218788
25508,0.008036,74.125.24.0-255,66,218788,56,218788
25509,0.0,172.217.194.0-255,146,146,56,162998
25510,2.2e-05,172.31.46.0-255,66,212,56,162998
25511,2.8e-05,172.217.194.0-255,1484,1696,56,162998
25512,3.2e-05,172.31.46.0-255,66,1762,56,162998
25513,3.6e-05,172.217.194.0-255,2902,4664,56,162998
25514,4.5e-05,172.31.46.0-255,66,4730,56,162998
25515,5.1e-05,172.217.194.0-255,5738,10468,56,162998
25516,5.3e-05,172.31.46.0-255,66,10534,56,162998
25517,9.5e-05,172.31.46.0-255,66,10600,56,162998
25518,0.000101,172.217.194.0-255,6797,17397,56,162998
25519,0.000103,172.31.46.0-255,66,17463,56,162998
25520,0.000128,172.217.194.0-255,1484,18947,56,162998
25521,0.00013,172.31.46.0-255,66,19013,56,162998
25522,0.000148,172.217.194.0-255,2902,21915,56,162998
25523,0.00015,172.31.46.0-255,66,21981,56,162998
25524,0.000156,172.217.194.0-255,5738,27719,56,162998
25525,0.000157,172.31.46.0-255,66,27785,56,162998
25526,0.000178,172.217.194.0-255,1484,29269,56,162998
25527,0.00018,172.31.46.0-255,66,29335,56,162998
25528,0.000223,172.31.46.0-255,66,29401,56,162998
25529,0.000251,172.31.46.0-255,66,29467,56,162998
25530,0.000594,172.217.194.0-255,379,29846,56,162998
25531,0.000599,172.31.46.0-255,66,29912,56,162998
25532,0.000642,172.217.194.0-255,364,30276,56,162998
25533,0.000645,172.31.46.0-255,66,30342,56,162998
25534,0.001332,172.217.194.0-255,1484,31826,56,162998
25535,0.001338,172.31.46.0-255,66,31892,56,162998
25536,0.001346,172.217.194.0-255,2902,34794,56,162998
25537,0.001348,172.31.46.0-255,66,34860,56,162998
25538,0.001355,172.217.194.0-255,1484,36344,56,162998
25539,0.001357,172.31.46.0-255,66,36410,56,162998
25540,0.001385,172.217.194.0-255,4320,40730,56,162998
25541,0.001387,172.31.46.0-255,66,40796,56,162998
25542,0.00139,172.217.194.0-255,1484,42280,56,162998
25543,0.001391,172.31.46.0-255,66,42346,56,162998
25544,0.001429,172.31.46.0-255,66,42412,56,162998
25545,0.00144,172.31.46.0-255,66,42478,56,162998
25546,0.001442,172.217.194.0-255,766,43244,56,162998
25547,0.001462,172.31.46.0-255,66,43310,56,162998
25548,0.001577,172.217.194.0-255,1484,44794,56,162998
25549,0.001581,172.31.46.0-255,66,44860,56,162998
25550,0.001586,172.217.194.0-255,2902,47762,56,162998
25551,0.001588,172.31.46.0-255,66,47828,56,162998
25552,0.001593,172.217.194.0-255,4320,52148,56,162998
25553,0.001594,172.31.46.0-255,66,52214,56,162998
25554,0.001628,172.217.194.0-255,1484,53698,56,162998
25555,0.00163,172.31.46.0-255,66,53764,56,162998
25556,0.001641,172.31.46.0-255,66,53830,56,162998
25557,0.001652,172.31.46.0-255,66,53896,56,162998
25558,0.001678,172.217.194.0-255,766,54662,56,162998
25559,0.00168,172.31.46.0-255,66,54728,56,162998
25560,0.001848,172.217.194.0-255,1484,56212,56,162998
25561,0.00185,172.31.46.0-255,66,56278,56,162998
25562,0.001853,172.217.194.0-255,1484,57762,56,162998
25563,0.001856,172.31.46.0-255,66,57828,56,162998
25564,0.001883,172.217.194.0-255,1484,59312,56,162998
25565,0.001885,172.31.46.0-255,66,59378,56,162998
25566,0.001891,172.217.194.0-255,5738,65116,56,162998
25567,0.001893,172.31.46.0-255,66,65182,56,162998
25568,0.001919,172.217.194.0-255,5738,70920,56,162998
25569,0.001934,172.217.194.0-255,7156,78076,56,162998
25570,0.001937,172.217.194.0-255,1484,79560,56,162998
25571,0.001967,172.217.194.0-255,5738,85298,56,162998
25572,0.001983,172.217.194.0-255,3602,88900,56,162998
25573,0.00214,172.217.194.0-255,1484,90384,56,162998
25574,0.002156,172.217.194.0-255,2902,93286,56,162998
25575,0.002161,172.217.194.0-255,2902,96188,56,162998
25576,0.002181,172.217.194.0-255,2902,99090,56,162998
25577,0.002187,172.217.194.0-255,5738,104828,56,162998
25578,0.002199,172.217.194.0-255,4320,109148,56,162998
25579,0.00228,172.217.194.0-255,5020,114168,56,162998
25580,0.002338,172.217.194.0-255,7156,121324,56,162998
25581,0.002352,172.217.194.0-255,7156,128480,56,162998
25582,0.002385,172.217.194.0-255,1484,129964,56,162998
25583,0.002469,172.217.194.0-255,7156,137120,56,162998
25584,0.002539,172.217.194.0-255,5738,142858,56,162998
25585,0.002558,172.217.194.0-255,3602,146460,56,162998
25586,0.002585,172.217.194.0-255,2902,149362,56,162998
25587,0.002644,172.217.194.0-255,2902,152264,56,162998
25588,0.002689,172.217.194.0-255,6438,158702,56,162998
25589,0.002707,172.217.194.0-255,2902,161604,56,162998
25590,0.002745,172.217.194.0-255,1118,162722,56,162998
25591,0.002748,172.217.194.0-255,105,162827,56,162998
25592,0.00529,172.31.46.0-255,66,162893,56,162998
25593,0.00752,172.31.46.0-255,105,162998,56,162998
25594,0.0,74.125.24.0-255,150,150,56,166654
25595,1.8e-05,172.31.46.0-255,66,216,56,166654
25596,2.4e-05,74.125.24.0-255,1484,1700,56,166654
25597,3e-05,172.31.46.0-255,66,1766,56,166654
25598,3.6e-05,74.125.24.0-255,2902,4668,56,166654
25599,4e-05,172.31.46.0-255,66,4734,56,166654
25600,4.4e-05,74.125.24.0-255,1484,6218,56,166654
25601,4.7e-05,172.31.46.0-255,66,6284,56,166654
25602,9.4e-05,74.125.24.0-255,5738,12022,56,166654
25603,9.7e-05,172.31.46.0-255,66,12088,56,166654
25604,0.000102,74.125.24.0-255,2106,14194,56,166654
25605,0.000103,172.31.46.0-255,66,14260,56,166654
25606,0.000156,74.125.24.0-255,1484,15744,56,166654
25607,0.000158,172.31.46.0-255,66,15810,56,166654
25608,0.000161,74.125.24.0-255,1484,17294,56,166654
25609,0.000163,172.31.46.0-255,66,17360,56,166654
25610,0.000176,74.125.24.0-255,1484,18844,56,166654
25611,0.000178,172.31.46.0-255,66,18910,56,166654
25612,0.000211,74.125.24.0-255,5738,24648,56,166654
25613,0.000214,172.31.46.0-255,66,24714,56,166654
25614,0.000218,74.125.24.0-255,2902,27616,56,166654
25615,0.000219,172.31.46.0-255,66,27682,56,166654
25616,0.000234,74.125.24.0-255,2902,30584,56,166654
25617,0.000237,172.31.46.0-255,66,30650,56,166654
25618,0.000267,74.125.24.0-255,4320,34970,56,166654
25619,0.00027,172.31.46.0-255,66,35036,56,166654
25620,0.000291,74.125.24.0-255,5379,40415,56,166654
25621,0.000294,172.31.46.0-255,66,40481,56,166654
25622,0.000344,74.125.24.0-255,4320,44801,56,166654
25623,0.000347,172.31.46.0-255,66,44867,56,166654
25624,0.000362,74.125.24.0-255,3961,48828,56,166654
25625,0.000364,172.31.46.0-255,66,48894,56,166654
25626,0.000665,74.125.24.0-255,1484,50378,56,166654
25627,0.000689,74.125.24.0-255,2902,53280,56,166654
25628,0.000692,172.31.46.0-255,66,53346,56,166654
25629,0.000698,74.125.24.0-255,5738,59084,56,166654
25630,0.0007,172.31.46.0-255,66,59150,56,166654
25631,0.000721,74.125.24.0-255,1484,60634,56,166654
25632,0.000733,74.125.24.0-255,2902,63536,56,166654
25633,0.000735,172.31.46.0-255,66,63602,56,166654
25634,0.000754,74.125.24.0-255,2543,66145,56,166654
25635,0.000756,172.31.46.0-255,66,66211,56,166654
25636,0.000919,74.125.24.0-255,1484,67695,56,166654
25637,0.000924,74.125.24.0-255,2902,70597,56,166654
25638,0.000927,172.31.46.0-255,66,70663,56,166654
25639,0.000948,74.125.24.0-255,5738,76401,56,166654
25640,0.00095,172.31.46.0-255,66,76467,56,166654
25641,0.000962,74.125.24.0-255,1484,77951,56,166654
25642,0.000991,172.31.46.0-255,66,78017,56,166654
25643,0.000998,74.125.24.0-255,7156,85173,56,166654
25644,0.001,172.31.46.0-255,66,85239,56,166654
25645,0.001021,74.125.24.0-255,1484,86723,56,166654
25646,0.001024,74.125.24.0-255,1484,88207,56,166654
25647,0.001026,172.31.46.0-255,66,88273,56,166654
25648,0.001064,172.31.46.0-255,66,88339,56,166654
25649,0.001077,74.125.24.0-255,1484,89823,56,166654
25650,0.001094,74.125.24.0-255,2425,92248,56,166654
25651,0.001096,172.31.46.0-255,66,92314,56,166654
25652,0.00111,74.125.24.0-255,100,92414,56,166654
25653,0.00141,172.31.46.0-255,66,92480,56,166654
25654,0.001586,74.125.24.0-255,1484,93964,56,166654
25655,0.001596,74.125.24.0-255,2902,96866,56,166654
25656,0.0016,172.31.46.0-255,66,96932,56,166654
25657,0.001608,74.125.24.0-255,5738,102670,56,166654
25658,0.00161,172.31.46.0-255,66,102736,56,166654
25659,0.001613,74.125.24.0-255,1484,104220,56,166654
25660,0.001642,172.31.46.0-255,66,104286,56,166654
25661,0.001673,74.125.24.0-255,4320,108606,56,166654
25662,0.001675,172.31.46.0-255,66,108672,56,166654
25663,0.001691,74.125.24.0-255,6438,115110,56,166654
25664,0.001694,172.31.46.0-255,66,115176,56,166654
25665,0.001919,74.125.24.0-255,1484,116660,56,166654
25666,0.001926,74.125.24.0-255,2902,119562,56,166654
25667,0.00193,172.31.46.0-255,66,119628,56,166654
25668,0.001934,74.125.24.0-255,1484,121112,56,166654
25669,0.001954,74.125.24.0-255,4320,125432,56,166654
25670,0.001956,172.31.46.0-255,66,125498,56,166654
25671,0.001961,74.125.24.0-255,2902,128400,56,166654
25672,0.001963,172.31.46.0-255,66,128466,56,166654
25673,0.001978,74.125.24.0-255,4320,132786,56,166654
25674,0.001981,172.31.46.0-255,66,132852,56,166654
25675,0.002,74.125.24.0-255,2902,135754,56,166654
25676,0.002002,172.31.46.0-255,66,135820,56,166654
25677,0.002007,74.125.24.0-255,2902,138722,56,166654
25678,0.002009,172.31.46.0-255,66,138788,56,166654
25679,0.002032,172.31.46.0-255,66,138854,56,166654
25680,0.002196,74.125.24.0-255,1484,140338,56,166654
25681,0.002203,74.125.24.0-255,2902,143240,56,166654
25682,0.002208,172.31.46.0-255,66,143306,56,166654
25683,0.002215,74.125.24.0-255,5738,149044,56,166654
25684,0.002217,172.31.46.0-255,66,149110,56,166654
25685,0.002255,172.31.46.0-255,66,149176,56,166654
25686,0.002268,172.31.46.0-255,66,149242,56,166654
25687,0.004558,74.125.24.0-255,5738,154980,56,166654
25688,0.004563,172.31.46.0-255,66,155046,56,166654
25689,0.0069,74.125.24.0-255,5738,160784,56,166654
25690,0.006906,172.31.46.0-255,66,160850,56,166654
25691,0.009189,74.125.24.0-255,5738,166588,56,166654
25692,0.009196,172.31.46.0-255,66,166654,56,166654
25693,0.0,74.125.24.0-255,148,148,56,155778
25694,1.6e-05,172.31.46.0-255,66,214,56,155778
25695,2.3e-05,74.125.24.0-255,1484,1698,56,155778
25696,2.8e-05,172.31.46.0-255,66,1764,56,155778
25697,4.2e-05,74.125.24.0-255,2902,4666,56,155778
25698,4.5e-05,172.31.46.0-255,66,4732,56,155778
25699,5.1e-05,74.125.24.0-255,4320,9052,56,155778
25700,5.4e-05,172.31.46.0-255,66,9118,56,155778
25701,8.9e-05,74.125.24.0-255,2902,12020,56,155778
25702,9.2e-05,172.31.46.0-255,66,12086,56,155778
25703,9.7e-05,74.125.24.0-255,2012,14098,56,155778
25704,9.9e-05,172.31.46.0-255,66,14164,56,155778
25705,0.00013,74.125.24.0-255,1484,15648,56,155778
25706,0.000132,172.31.46.0-255,66,15714,56,155778
25707,0.000137,74.125.24.0-255,2902,18616,56,155778
25708,0.00014,172.31.46.0-255,66,18682,56,155778
25709,0.000146,74.125.24.0-255,4320,23002,56,155778
25710,0.000149,172.31.46.0-255,66,23068,56,155778
25711,0.000174,74.125.24.0-255,1484,24552,56,155778
25712,0.000176,172.31.46.0-255,66,24618,56,155778
25713,0.000188,74.125.24.0-255,6797,31415,56,155778
25714,0.000191,172.31.46.0-255,66,31481,56,155778
25715,0.00042,74.125.24.0-255,1484,32965,56,155778
25716,0.000425,172.31.46.0-255,66,33031,56,155778
25717,0.000432,74.125.24.0-255,2902,35933,56,155778
25718,0.000434,172.31.46.0-255,66,35999,56,155778
25719,0.000446,74.125.24.0-255,5738,41737,56,155778
25720,0.000448,172.31.46.0-255,66,41803,56,155778
25721,0.000489,172.31.46.0-255,66,41869,56,155778
25722,0.000497,74.125.24.0-255,7156,49025,56,155778
25723,0.000499,172.31.46.0-255,66,49091,56,155778
25724,0.00054,74.125.24.0-255,2898,51989,56,155778
25725,0.000542,172.31.46.0-255,66,52055,56,155778
25726,0.000565,74.125.24.0-255,331,52386,56,155778
25727,0.001093,74.125.24.0-255,1484,53870,56,155778
25728,0.001099,172.31.46.0-255,66,53936,56,155778
25729,0.001105,74.125.24.0-255,2902,56838,56,155778
25730,0.001107,172.31.46.0-255,66,56904,56,155778
25731,0.00112,74.125.24.0-255,5738,62642,56,155778
25732,0.001122,172.31.46.0-255,66,62708,56,155778
25733,0.00116,74.125.24.0-255,4320,67028,56,155778
25734,0.001162,172.31.46.0-255,66,67094,56,155778
25735,0.001183,74.125.24.0-255,7156,74250,56,155778
25736,0.001185,172.31.46.0-255,66,74316,56,155778
25737,0.00121,74.125.24.0-255,4320,78636,56,155778
25738,0.001213,172.31.46.0-255,66,78702,56,155778
25739,0.001242,172.31.46.0-255,66,78768,56,155778
25740,0.001325,74.125.24.0-255,1484,80252,56,155778
25741,0.001349,74.125.24.0-255,2902,83154,56,155778
25742,0.001354,172.31.46.0-255,66,83220,56,155778
25743,0.001362,74.125.24.0-255,5738,88958,56,155778
25744,0.001364,172.31.46.0-255,66,89024,56,155778
25745,0.001381,172.31.46.0-255,66,89090,56,155778
25746,0.001417,74.125.24.0-255,4320,93410,56,155778
25747,0.00142,172.31.46.0-255,66,93476,56,155778
25748,0.001461,172.31.46.0-255,66,93542,56,155778
25749,0.001464,74.125.24.0-255,1484,95026,56,155778
25750,0.001468,74.125.24.0-255,2902,97928,56,155778
25751,0.00147,172.31.46.0-255,66,97994,56,155778
25752,0.001473,74.125.24.0-255,1484,99478,56,155778
25753,0.001501,74.125.24.0-255,4320,103798,56,155778
25754,0.001504,172.31.46.0-255,66,103864,56,155778
25755,0.001522,172.31.46.0-255,66,103930,56,155778
25756,0.001557,74.125.24.0-255,4320,108250,56,155778
25757,0.00156,172.31.46.0-255,66,108316,56,155778
25758,0.001591,74.125.24.0-255,6438,114754,56,155778
25759,0.001595,172.31.46.0-255,66,114820,56,155778
25760,0.001718,74.125.24.0-255,1484,116304,56,155778
25761,0.001726,74.125.24.0-255,2902,119206,56,155778
25762,0.001729,172.31.46.0-255,66,119272,56,155778
25763,0.001736,74.125.24.0-255,5738,125010,56,155778
25764,0.001739,172.31.46.0-255,66,125076,56,155778
25765,0.001742,74.125.24.0-255,1484,126560,56,155778
25766,0.001759,74.125.24.0-255,1484,128044,56,155778
25767,0.001762,172.31.46.0-255,66,128110,56,155778
25768,0.001773,74.125.24.0-255,4320,132430,56,155778
25769,0.001776,172.31.46.0-255,66,132496,56,155778
25770,0.001807,74.125.24.0-255,5738,138234,56,155778
25771,0.001809,172.31.46.0-255,66,138300,56,155778
25772,0.001828,172.31.46.0-255,66,138366,56,155778
25773,0.004107,74.125.24.0-255,5738,144104,56,155778
25774,0.004116,172.31.46.0-255,66,144170,56,155778
25775,0.006401,74.125.24.0-255,5738,149908,56,155778
25776,0.006408,172.31.46.0-255,66,149974,56,155778
25777,0.008689,74.125.24.0-255,5738,155712,56,155778
25778,0.008697,172.31.46.0-255,66,155778,56,155778
25779,0.0,172.217.194.0-255,154,154,56,165883
25780,2.2e-05,172.31.46.0-255,66,220,56,165883
25781,2.9e-05,172.217.194.0-255,1484,1704,56,165883
25782,3.4e-05,172.31.46.0-255,66,1770,56,165883
25783,4.7e-05,172.217.194.0-255,2902,4672,56,165883
25784,5.2e-05,172.31.46.0-255,66,4738,56,165883
25785,6e-05,172.217.194.0-255,7156,11894,56,165883
25786,6.3e-05,172.31.46.0-255,66,11960,56,165883
25787,8.7e-05,172.217.194.0-255,4320,16280,56,165883
25788,9e-05,172.31.46.0-255,66,16346,56,165883
25789,0.000133,172.31.46.0-255,66,16412,56,165883
25790,0.000161,172.217.194.0-255,2543,18955,56,165883
25791,0.000164,172.31.46.0-255,66,19021,56,165883
25792,0.000169,172.217.194.0-255,2902,21923,56,165883
25793,0.000171,172.31.46.0-255,66,21989,56,165883
25794,0.000183,172.217.194.0-255,7156,29145,56,165883
25795,0.000186,172.31.46.0-255,66,29211,56,165883
25796,0.000225,172.31.46.0-255,66,29277,56,165883
25797,0.00026,172.217.194.0-255,7156,36433,56,165883
25798,0.000263,172.31.46.0-255,66,36499,56,165883
25799,0.000266,172.217.194.0-255,1484,37983,56,165883
25800,0.000268,172.31.46.0-255,66,38049,56,165883
25801,0.000275,172.217.194.0-255,6782,44831,56,165883
25802,0.000282,172.31.46.0-255,66,44897,56,165883
25803,0.000363,172.217.194.0-255,366,45263,56,165883
25804,0.000367,172.31.46.0-255,66,45329,56,165883
25805,0.000454,172.217.194.0-255,1484,46813,56,165883
25806,0.000458,172.31.46.0-255,66,46879,56,165883
25807,0.000464,172.217.194.0-255,2902,49781,56,165883
25808,0.000466,172.31.46.0-255,66,49847,56,165883
25809,0.000471,172.217.194.0-255,2902,52749,56,165883
25810,0.000478,172.31.46.0-255,66,52815,56,165883
25811,0.000512,172.217.194.0-255,2902,55717,56,165883
25812,0.000514,172.31.46.0-255,66,55783,56,165883
25813,0.000522,172.217.194.0-255,6246,62029,56,165883
25814,0.000524,172.31.46.0-255,66,62095,56,165883
25815,0.000704,172.217.194.0-255,1484,63579,56,165883
25816,0.000711,172.217.194.0-255,2902,66481,56,165883
25817,0.000716,172.31.46.0-255,66,66547,56,165883
25818,0.000747,172.217.194.0-255,5738,72285,56,165883
25819,0.000751,172.31.46.0-255,66,72351,56,165883
25820,0.000764,172.31.46.0-255,66,72417,56,165883
25821,0.000794,172.217.194.0-255,4320,76737,56,165883
25822,0.000798,172.31.46.0-255,66,76803,56,165883
25823,0.000827,172.31.46.0-255,66,76869,56,165883
25824,0.001394,172.217.194.0-255,1484,78353,56,165883
25825,0.001401,172.217.194.0-255,2902,81255,56,165883
25826,0.001405,172.31.46.0-255,66,81321,56,165883
25827,0.001411,172.217.194.0-255,5738,87059,56,165883
25828,0.001414,172.31.46.0-255,66,87125,56,165883
25829,0.001425,172.217.194.0-255,4320,91445,56,165883
25830,0.001427,172.31.46.0-255,66,91511,56,165883
25831,0.001475,172.31.46.0-255,66,91577,56,165883
25832,0.001487,172.31.46.0-255,66,91643,56,165883
25833,0.002165,172.217.194.0-255,1484,93127,56,165883
25834,0.002173,172.217.194.0-255,2902,96029,56,165883
25835,0.002178,172.31.46.0-255,66,96095,56,165883
25836,0.002186,172.217.194.0-255,5738,101833,56,165883
25837,0.002188,172.31.46.0-255,66,101899,56,165883
25838,0.002202,172.217.194.0-255,7156,109055,56,165883
25839,0.002204,172.31.46.0-255,66,109121,56,165883
25840,0.002231,172.217.194.0-255,5738,114859,56,165883
25841,0.002233,172.31.46.0-255,66,114925,56,165883
25842,0.002252,172.31.46.0-255,66,114991,56,165883
25843,0.002297,172.217.194.0-255,1484,116475,56,165883
25844,0.002315,172.217.194.0-255,2902,119377,56,165883
25845,0.002318,172.31.46.0-255,66,119443,56,165883
25846,0.002322,172.217.194.0-255,1484,120927,56,165883
25847,0.002351,172.217.194.0-255,4320,125247,56,165883
25848,0.002354,172.31.46.0-255,66,125313,56,165883
25849,0.002373,172.31.46.0-255,66,125379,56,165883
25850,0.002377,172.217.194.0-255,2902,128281,56,165883
25851,0.00238,172.31.46.0-255,66,128347,56,165883
25852,0.002425,172.31.46.0-255,66,128413,56,165883
25853,0.002432,172.217.194.0-255,5738,134151,56,165883
25854,0.002434,172.31.46.0-255,66,134217,56,165883
25855,0.002481,172.31.46.0-255,66,134283,56,165883
25856,0.002526,172.217.194.0-255,5738,140021,56,165883
25857,0.002528,172.31.46.0-255,66,140087,56,165883
25858,0.002569,172.217.194.0-255,3602,143689,56,165883
25859,0.002572,172.31.46.0-255,66,143755,56,165883
25860,0.002606,172.31.46.0-255,66,143821,56,165883
25861,0.002628,172.31.46.0-255,66,143887,56,165883
25862,0.002661,172.217.194.0-255,4320,148207,56,165883
25863,0.002664,172.31.46.0-255,66,148273,56,165883
25864,0.002682,172.31.46.0-255,66,148339,56,165883
25865,0.002722,172.31.46.0-255,66,148405,56,165883
25866,0.00274,172.31.46.0-255,66,148471,56,165883
25867,0.002746,172.217.194.0-255,5738,154209,56,165883
25868,0.002748,172.31.46.0-255,66,154275,56,165883
25869,0.005354,172.217.194.0-255,5738,160013,56,165883
25870,0.005363,172.31.46.0-255,66,160079,56,165883
25871,0.008004,172.217.194.0-255,5738,165817,56,165883
25872,0.008011,172.31.46.0-255,66,165883,56,165883
25873,0.0,74.125.200.0-255,153,153,56,149677
25874,2.6e-05,172.31.46.0-255,66,219,56,149677
25875,3.4e-05,74.125.200.0-255,1484,1703,56,149677
25876,3.9e-05,172.31.46.0-255,66,1769,56,149677
25877,4.5e-05,74.125.200.0-255,2902,4671,56,149677
25878,4.8e-05,172.31.46.0-255,66,4737,56,149677
25879,5.4e-05,74.125.200.0-255,4320,9057,56,149677
25880,5.7e-05,172.31.46.0-255,66,9123,56,149677
25881,6.4e-05,74.125.200.0-255,4915,14038,56,149677
25882,6.8e-05,172.31.46.0-255,66,14104,56,149677
25883,0.000124,172.31.46.0-255,66,14170,56,149677
25884,0.000127,74.125.200.0-255,1484,15654,56,149677
25885,0.00013,172.31.46.0-255,66,15720,56,149677
25886,0.000149,74.125.200.0-255,3961,19681,56,149677
25887,0.000152,172.31.46.0-255,66,19747,56,149677
25888,0.000208,74.125.200.0-255,1484,21231,56,149677
25889,0.000211,172.31.46.0-255,66,21297,56,149677
25890,0.000228,74.125.200.0-255,1484,22781,56,149677
25891,0.00023,172.31.46.0-255,66,22847,56,149677
25892,0.000235,74.125.200.0-255,2902,25749,56,149677
25893,0.000238,172.31.46.0-255,66,25815,56,149677
25894,0.000263,74.125.200.0-255,5738,31553,56,149677
25895,0.000266,172.31.46.0-255,66,31619,56,149677
25896,0.0003,172.31.46.0-255,66,31685,56,149677
25897,0.00032,74.125.200.0-255,4320,36005,56,149677
25898,0.000322,172.31.46.0-255,66,36071,56,149677
25899,0.00034,74.125.200.0-255,5738,41809,56,149677
25900,0.000343,172.31.46.0-255,66,41875,56,149677
25901,0.000365,74.125.200.0-255,3897,45772,56,149677
25902,0.000368,172.31.46.0-255,66,45838,56,149677
25903,0.000555,74.125.200.0-255,135,45973,56,149677
25904,0.000701,74.125.200.0-255,1484,47457,56,149677
25905,0.000706,172.31.46.0-255,66,47523,56,149677
25906,0.000713,74.125.200.0-255,2902,50425,56,149677
25907,0.000716,172.31.46.0-255,66,50491,56,149677
25908,0.000719,74.125.200.0-255,1484,51975,56,149677
25909,0.000741,74.125.200.0-255,4320,56295,56,149677
25910,0.000746,74.125.200.0-255,4320,60615,56,149677
25911,0.00075,172.31.46.0-255,66,60681,56,149677
25912,0.000753,172.31.46.0-255,66,60747,56,149677
25913,0.00078,74.125.200.0-255,2902,63649,56,149677
25914,0.000783,172.31.46.0-255,66,63715,56,149677
25915,0.000796,172.31.46.0-255,66,63781,56,149677
25916,0.000799,74.125.200.0-255,1484,65265,56,149677
25917,0.000825,74.125.200.0-255,4320,69585,56,149677
25918,0.000828,172.31.46.0-255,66,69651,56,149677
25919,0.000842,74.125.200.0-255,2184,71835,56,149677
25920,0.000845,172.31.46.0-255,66,71901,56,149677
25921,0.001196,74.125.200.0-255,1484,73385,56,149677
25922,0.001203,74.125.200.0-255,2902,76287,56,149677
25923,0.001207,172.31.46.0-255,66,76353,56,149677
25924,0.001211,74.125.200.0-255,1484,77837,56,149677
25925,0.001229,74.125.200.0-255,2902,80739,56,149677
25926,0.001232,172.31.46.0-255,66,80805,56,149677
25927,0.001238,74.125.200.0-255,4320,85125,56,149677
25928,0.00124,172.31.46.0-255,66,85191,56,149677
25929,0.001264,74.125.200.0-255,4320,89511,56,149677
25930,0.001267,172.31.46.0-255,66,89577,56,149677
25931,0.001273,74.125.200.0-255,5738,95315,56,149677
25932,0.001275,172.31.46.0-255,66,95381,56,149677
25933,0.001283,74.125.200.0-255,7156,102537,56,149677
25934,0.001285,172.31.46.0-255,66,102603,56,149677
25935,0.001298,74.125.200.0-255,1484,104087,56,149677
25936,0.001314,74.125.200.0-255,2184,106271,56,149677
25937,0.001316,172.31.46.0-255,66,106337,56,149677
25938,0.002194,74.125.200.0-255,1484,107821,56,149677
25939,0.002205,74.125.200.0-255,2902,110723,56,149677
25940,0.002209,172.31.46.0-255,66,110789,56,149677
25941,0.002214,74.125.200.0-255,1484,112273,56,149677
25942,0.002231,74.125.200.0-255,2902,115175,56,149677
25943,0.002233,172.31.46.0-255,66,115241,56,149677
25944,0.002257,74.125.200.0-255,5738,120979,56,149677
25945,0.00226,172.31.46.0-255,66,121045,56,149677
25946,0.002264,74.125.200.0-255,1484,122529,56,149677
25947,0.002278,74.125.200.0-255,1484,124013,56,149677
25948,0.002281,172.31.46.0-255,66,124079,56,149677
25949,0.002322,74.125.200.0-255,4320,128399,56,149677
25950,0.002325,172.31.46.0-255,66,128465,56,149677
25951,0.002336,172.31.46.0-255,66,128531,56,149677
25952,0.002341,74.125.200.0-255,3602,132133,56,149677
25953,0.002343,172.31.46.0-255,66,132199,56,149677
25954,0.002346,74.125.200.0-255,1484,133683,56,149677
25955,0.00465,74.125.200.0-255,4320,138003,56,149677
25956,0.004658,172.31.46.0-255,66,138069,56,149677
25957,0.006985,74.125.200.0-255,5738,143807,56,149677
25958,0.006991,172.31.46.0-255,66,143873,56,149677
25959,0.0093,74.125.200.0-255,5738,149611,56,149677
25960,0.009307,172.31.46.0-255,66,149677,56,149677
25961,0.0,74.125.200.0-255,146,146,56,77156
25962,1.7e-05,172.31.46.0-255,66,212,56,77156
25963,2.4e-05,74.125.200.0-255,1484,1696,56,77156
25964,2.7e-05,172.31.46.0-255,66,1762,56,77156
25965,6.3e-05,74.125.200.0-255,2902,4664,56,77156
25966,6.6e-05,172.31.46.0-255,66,4730,56,77156
25967,0.000109,74.125.200.0-255,2902,7632,56,77156
25968,0.000111,172.31.46.0-255,66,7698,56,77156
25969,0.000137,74.125.200.0-255,4320,12018,56,77156
25970,0.00014,172.31.46.0-255,66,12084,56,77156
25971,0.000299,74.125.200.0-255,1938,14022,56,77156
25972,0.000303,172.31.46.0-255,66,14088,56,77156
25973,0.00037,74.125.200.0-255,2902,16990,56,77156
25974,0.000373,172.31.46.0-255,66,17056,56,77156
25975,0.000427,74.125.200.0-255,1484,18540,56,77156
25976,0.000431,172.31.46.0-255,66,18606,56,77156
25977,0.00046,74.125.200.0-255,5738,24344,56,77156
25978,0.000464,172.31.46.0-255,66,24410,56,77156
25979,0.000631,74.125.200.0-255,6797,31207,56,77156
25980,0.000634,172.31.46.0-255,66,31273,56,77156
25981,0.000788,74.125.200.0-255,2902,34175,56,77156
25982,0.000791,172.31.46.0-255,66,34241,56,77156
25983,0.00083,172.31.46.0-255,66,34307,56,77156
25984,0.001195,74.125.200.0-255,1125,35432,56,77156
25985,0.001201,172.31.46.0-255,66,35498,56,77156
25986,0.001434,74.125.200.0-255,1484,36982,56,77156
25987,0.001439,172.31.46.0-255,66,37048,56,77156
25988,0.001471,74.125.200.0-255,2902,39950,56,77156
25989,0.001474,172.31.46.0-255,66,40016,56,77156
25990,0.001517,74.125.200.0-255,4320,44336,56,77156
25991,0.00152,172.31.46.0-255,66,44402,56,77156
25992,0.001619,74.125.200.0-255,2902,47304,56,77156
25993,0.001623,172.31.46.0-255,66,47370,56,77156
25994,0.001644,74.125.200.0-255,6797,54167,56,77156
25995,0.001663,172.31.46.0-255,66,54233,56,77156
25996,0.001884,74.125.200.0-255,1484,55717,56,77156
25997,0.001919,74.125.200.0-255,4320,60037,56,77156
25998,0.001923,172.31.46.0-255,66,60103,56,77156
25999,0.002327,74.125.200.0-255,5379,65482,56,77156
26000,0.003896,172.31.46.0-255,66,65548,56,77156
26001,0.006135,74.125.200.0-255,5738,71286,56,77156
26002,0.006141,172.31.46.0-255,66,71352,56,77156
26003,0.00839,74.125.200.0-255,5738,77090,56,77156
26004,0.008397,172.31.46.0-255,66,77156,56,77156
26005,0.0,74.125.24.0-255,146,146,56,277856
26006,2.4e-05,172.31.46.0-255,66,212,56,277856
26007,3.1e-05,74.125.24.0-255,1484,1696,56,277856
26008,3.7e-05,172.31.46.0-255,66,1762,56,277856
26009,4.2e-05,74.125.24.0-255,2902,4664,56,277856
26010,4.5e-05,172.31.46.0-255,66,4730,56,277856
26011,5.3e-05,74.125.24.0-255,7156,11886,56,277856
26012,5.8e-05,172.31.46.0-255,66,11952,56,277856
26013,6.2e-05,74.125.24.0-255,2004,13956,56,277856
26014,6.5e-05,172.31.46.0-255,66,14022,56,277856
26015,0.000394,74.125.24.0-255,1484,15506,56,277856
26016,0.0004,172.31.46.0-255,66,15572,56,277856
26017,0.000406,74.125.24.0-255,2902,18474,56,277856
26018,0.000409,172.31.46.0-255,66,18540,56,277856
26019,0.000437,74.125.24.0-255,5738,24278,56,277856
26020,0.000442,172.31.46.0-255,66,24344,56,277856
26021,0.000483,74.125.24.0-255,6797,31141,56,277856
26022,0.000488,172.31.46.0-255,66,31207,56,277856
26023,0.000526,74.125.24.0-255,1484,32691,56,277856
26024,0.000529,172.31.46.0-255,66,32757,56,277856
26025,0.000534,74.125.24.0-255,2902,35659,56,277856
26026,0.000536,172.31.46.0-255,66,35725,56,277856
26027,0.00054,74.125.24.0-255,1484,37209,56,277856
26028,0.000542,172.31.46.0-255,66,37275,56,277856
26029,0.000565,74.125.24.0-255,4320,41595,56,277856
26030,0.000568,172.31.46.0-255,66,41661,56,277856
26031,0.000576,74.125.24.0-255,6797,48458,56,277856
26032,0.000578,172.31.46.0-255,66,48524,56,277856
26033,0.000705,74.125.24.0-255,1484,50008,56,277856
26034,0.000709,172.31.46.0-255,66,50074,56,277856
26035,0.000714,74.125.24.0-255,2902,52976,56,277856
26036,0.000716,172.31.46.0-255,66,53042,56,277856
26037,0.000741,74.125.24.0-255,5738,58780,56,277856
26038,0.000744,172.31.46.0-255,66,58846,56,277856
26039,0.000775,74.125.24.0-255,4320,63166,56,277856
26040,0.000778,172.31.46.0-255,66,63232,56,277856
26041,0.000791,74.125.24.0-255,2543,65775,56,277856
26042,0.000794,172.31.46.0-255,66,65841,56,277856
26043,0.001549,74.125.24.0-255,645,66486,56,277856
26044,0.001557,172.31.46.0-255,66,66552,56,277856
26045,0.001744,74.125.24.0-255,1484,68036,56,277856
26046,0.00175,172.31.46.0-255,66,68102,56,277856
26047,0.001758,74.125.24.0-255,2902,71004,56,277856
26048,0.00176,172.31.46.0-255,66,71070,56,277856
26049,0.001764,74.125.24.0-255,1484,72554,56,277856
26050,0.001766,172.31.46.0-255,66,72620,56,277856
26051,0.001785,74.125.24.0-255,4320,76940,56,277856
26052,0.001787,172.31.46.0-255,66,77006,56,277856
26053,0.001792,74.125.24.0-255,2902,79908,56,277856
26054,0.001794,172.31.46.0-255,66,79974,56,277856
26055,0.001811,74.125.24.0-255,7156,87130,56,277856
26056,0.001814,172.31.46.0-255,66,87196,56,277856
26057,0.001843,172.31.46.0-255,66,87262,56,277856
26058,0.001858,74.125.24.0-255,1484,88746,56,277856
26059,0.00186,172.31.46.0-255,66,88812,56,277856
26060,0.001865,74.125.24.0-255,2184,90996,56,277856
26061,0.001867,172.31.46.0-255,66,91062,56,277856
26062,0.002825,74.125.24.0-255,1484,92546,56,277856
26063,0.002828,172.31.46.0-255,66,92612,56,277856
26064,0.002834,74.125.24.0-255,2902,95514,56,277856
26065,0.002836,172.31.46.0-255,66,95580,56,277856
26066,0.002862,74.125.24.0-255,5738,101318,56,277856
26067,0.002864,172.31.46.0-255,66,101384,56,277856
26068,0.002869,74.125.24.0-255,4320,105704,56,277856
26069,0.002872,172.31.46.0-255,66,105770,56,277856
26070,0.002893,172.31.46.0-255,66,105836,56,277856
26071,0.002915,74.125.24.0-255,4320,110156,56,277856
26072,0.002917,172.31.46.0-255,66,110222,56,277856
26073,0.002932,74.125.24.0-255,6438,116660,56,277856
26074,0.002935,172.31.46.0-255,66,116726,56,277856
26075,0.003066,74.125.24.0-255,1484,118210,56,277856
26076,0.003079,74.125.24.0-255,2902,121112,56,277856
26077,0.003083,172.31.46.0-255,66,121178,56,277856
26078,0.003085,74.125.24.0-255,1484,122662,56,277856
26079,0.003103,74.125.24.0-255,4320,126982,56,277856
26080,0.003106,172.31.46.0-255,66,127048,56,277856
26081,0.003135,172.31.46.0-255,66,127114,56,277856
26082,0.003148,74.125.24.0-255,1484,128598,56,277856
26083,0.003159,74.125.24.0-255,2902,131500,56,277856
26084,0.003162,172.31.46.0-255,66,131566,56,277856
26085,0.00319,172.31.46.0-255,66,131632,56,277856
26086,0.003361,74.125.24.0-255,1484,133116,56,277856
26087,0.003382,74.125.24.0-255,2902,136018,56,277856
26088,0.003384,172.31.46.0-255,66,136084,56,277856
26089,0.003403,74.125.24.0-255,2902,138986,56,277856
26090,0.003405,172.31.46.0-255,66,139052,56,277856
26091,0.003422,74.125.24.0-255,2902,141954,56,277856
26092,0.003424,172.31.46.0-255,66,142020,56,277856
26093,0.003434,172.31.46.0-255,66,142086,56,277856
26094,0.003454,74.125.24.0-255,1484,143570,56,277856
26095,0.00349,172.31.46.0-255,66,143636,56,277856
26096,0.003492,74.125.24.0-255,766,144402,56,277856
26097,0.005809,74.125.24.0-255,1484,145886,56,277856
26098,0.005817,172.31.46.0-255,66,145952,56,277856
26099,0.005824,74.125.24.0-255,2902,148854,56,277856
26100,0.005827,172.31.46.0-255,66,148920,56,277856
26101,0.005833,74.125.24.0-255,5738,154658,56,277856
26102,0.005836,172.31.46.0-255,66,154724,56,277856
26103,0.005841,74.125.24.0-255,4320,159044,56,277856
26104,0.005844,172.31.46.0-255,66,159110,56,277856
26105,0.005864,74.125.24.0-255,4320,163430,56,277856
26106,0.005867,172.31.46.0-255,66,163496,56,277856
26107,0.005895,74.125.24.0-255,7156,170652,56,277856
26108,0.005899,172.31.46.0-255,66,170718,56,277856
26109,0.005909,172.31.46.0-255,66,170784,56,277856
26110,0.006044,74.125.24.0-255,1484,172268,56,277856
26111,0.00606,74.125.24.0-255,2902,175170,56,277856
26112,0.006064,172.31.46.0-255,66,175236,56,277856
26113,0.006068,74.125.24.0-255,2902,178138,56,277856
26114,0.00607,172.31.46.0-255,66,178204,56,277856
26115,0.006086,74.125.24.0-255,2902,181106,56,277856
26116,0.006088,172.31.46.0-255,66,181172,56,277856
26117,0.006093,74.125.24.0-255,2902,184074,56,277856
26118,0.006095,172.31.46.0-255,66,184140,56,277856
26119,0.006131,172.31.46.0-255,66,184206,56,277856
26120,0.006159,172.31.46.0-255,66,184272,56,277856
26121,0.006246,74.125.24.0-255,1484,185756,56,277856
26122,0.006252,74.125.24.0-255,2902,188658,56,277856
26123,0.006255,172.31.46.0-255,66,188724,56,277856
26124,0.006261,74.125.24.0-255,5738,194462,56,277856
26125,0.006264,172.31.46.0-255,66,194528,56,277856
26126,0.006289,74.125.24.0-255,1484,196012,56,277856
26127,0.006324,172.31.46.0-255,66,196078,56,277856
26128,0.006337,172.31.46.0-255,66,196144,56,277856
26129,0.00639,74.125.24.0-255,1484,197628,56,277856
26130,0.006394,74.125.24.0-255,1484,199112,56,277856
26131,0.006396,172.31.46.0-255,66,199178,56,277856
26132,0.006416,74.125.24.0-255,1484,200662,56,277856
26133,0.006423,74.125.24.0-255,5738,206400,56,277856
26134,0.006425,172.31.46.0-255,66,206466,56,277856
26135,0.006429,74.125.24.0-255,2902,209368,56,277856
26136,0.006433,172.31.46.0-255,66,209434,56,277856
26137,0.006454,172.31.46.0-255,66,209500,56,277856
26138,0.006487,172.31.46.0-255,66,209566,56,277856
26139,0.006509,74.125.24.0-255,2184,211750,56,277856
26140,0.006512,172.31.46.0-255,66,211816,56,277856
26141,0.006622,74.125.24.0-255,1484,213300,56,277856
26142,0.006629,74.125.24.0-255,2902,216202,56,277856
26143,0.006632,172.31.46.0-255,66,216268,56,277856
26144,0.006656,74.125.24.0-255,5738,222006,56,277856
26145,0.00666,172.31.46.0-255,66,222072,56,277856
26146,0.006676,74.125.24.0-255,5738,227810,56,277856
26147,0.00668,172.31.46.0-255,66,227876,56,277856
26148,0.006712,74.125.24.0-255,1484,229360,56,277856
26149,0.006727,172.31.46.0-255,66,229426,56,277856
26150,0.006731,74.125.24.0-255,2184,231610,56,277856
26151,0.006734,172.31.46.0-255,66,231676,56,277856
26152,0.006791,74.125.24.0-255,1484,233160,56,277856
26153,0.006795,74.125.24.0-255,1484,234644,56,277856
26154,0.006797,172.31.46.0-255,66,234710,56,277856
26155,0.006812,74.125.24.0-255,1484,236194,56,277856
26156,0.006818,74.125.24.0-255,5738,241932,56,277856
26157,0.006821,172.31.46.0-255,66,241998,56,277856
26158,0.006827,74.125.24.0-255,5738,247736,56,277856
26159,0.00683,172.31.46.0-255,66,247802,56,277856
26160,0.006832,74.125.24.0-255,1484,249286,56,277856
26161,0.006848,74.125.24.0-255,4320,253606,56,277856
26162,0.006851,172.31.46.0-255,66,253672,56,277856
26163,0.006883,74.125.24.0-255,7156,260828,56,277856
26164,0.00689,74.125.24.0-255,5020,265848,56,277856
26165,0.006895,74.125.24.0-255,4320,270168,56,277856
26166,0.006905,74.125.24.0-255,1484,271652,56,277856
26167,0.006927,74.125.24.0-255,5928,277580,56,277856
26168,0.00698,74.125.24.0-255,105,277685,56,277856
26169,0.007015,172.31.46.0-255,66,277751,56,277856
26170,0.009282,172.31.46.0-255,105,277856,56,277856
26171,0.0,172.217.27.0-255,297,297,56,123576
26172,2.1e-05,172.31.46.0-255,66,363,56,123576
26173,2.8e-05,172.217.27.0-255,1484,1847,56,123576
26174,3.3e-05,172.31.46.0-255,66,1913,56,123576
26175,4.8e-05,172.217.27.0-255,4320,6233,56,123576
26176,5.2e-05,172.31.46.0-255,66,6299,56,123576
26177,5.9e-05,172.217.27.0-255,5738,12037,56,123576
26178,6.2e-05,172.31.46.0-255,66,12103,56,123576
26179,0.000126,172.217.27.0-255,2902,15005,56,123576
26180,0.000129,172.31.46.0-255,66,15071,56,123576
26181,0.000167,172.31.46.0-255,66,15137,56,123576
26182,0.000258,172.217.27.0-255,1484,16621,56,123576
26183,0.000262,172.31.46.0-255,66,16687,56,123576
26184,0.000299,172.31.46.0-255,66,16753,56,123576
26185,0.000406,172.217.27.0-255,7156,23909,56,123576
26186,0.00041,172.31.46.0-255,66,23975,56,123576
26187,0.000497,172.217.27.0-255,7156,31131,56,123576
26188,0.000501,172.31.46.0-255,66,31197,56,123576
26189,0.000559,172.31.46.0-255,66,31263,56,123576
26190,0.000732,172.217.27.0-255,5667,36930,56,123576
26191,0.000737,172.31.46.0-255,66,36996,56,123576
26192,0.000808,172.217.27.0-255,5807,42803,56,123576
26193,0.000811,172.31.46.0-255,66,42869,56,123576
26194,0.000878,172.217.27.0-255,2902,45771,56,123576
26195,0.000881,172.31.46.0-255,66,45837,56,123576
26196,0.00092,172.31.46.0-255,66,45903,56,123576
26197,0.001092,172.31.46.0-255,66,45969,56,123576
26198,0.00112,172.217.27.0-255,5379,51348,56,123576
26199,0.001123,172.31.46.0-255,66,51414,56,123576
26200,0.00142,172.217.27.0-255,1484,52898,56,123576
26201,0.001424,172.217.27.0-255,2902,55800,56,123576
26202,0.001433,172.31.46.0-255,66,55866,56,123576
26203,0.001466,172.217.27.0-255,5738,61604,56,123576
26204,0.001469,172.31.46.0-255,66,61670,56,123576
26205,0.001532,172.217.27.0-255,5738,67408,56,123576
26206,0.001536,172.31.46.0-255,66,67474,56,123576
26207,0.001564,172.217.27.0-255,7156,74630,56,123576
26208,0.001566,172.31.46.0-255,66,74696,56,123576
26209,0.001697,172.217.27.0-255,4320,79016,56,123576
26210,0.001701,172.31.46.0-255,66,79082,56,123576
26211,0.001727,172.217.27.0-255,4320,83402,56,123576
26212,0.00173,172.31.46.0-255,66,83468,56,123576
26213,0.001812,172.217.27.0-255,5020,88488,56,123576
26214,0.001816,172.31.46.0-255,66,88554,56,123576
26215,0.001886,172.31.46.0-255,66,88620,56,123576
26216,0.001906,172.217.27.0-255,7156,95776,56,123576
26217,0.001908,172.31.46.0-255,66,95842,56,123576
26218,0.002083,172.217.27.0-255,5738,101580,56,123576
26219,0.002087,172.31.46.0-255,66,101646,56,123576
26220,0.002121,172.31.46.0-255,66,101712,56,123576
26221,0.003747,172.217.27.0-255,5738,107450,56,123576
26222,0.003755,172.31.46.0-255,66,107516,56,123576
26223,0.005378,172.217.27.0-255,5738,113254,56,123576
26224,0.005383,172.31.46.0-255,66,113320,56,123576
26225,0.007087,172.217.27.0-255,4320,117640,56,123576
26226,0.007091,172.31.46.0-255,66,117706,56,123576
26227,0.007115,172.217.27.0-255,1484,119190,56,123576
26228,0.00871,172.217.27.0-255,4320,123510,56,123576
26229,0.008717,172.31.46.0-255,66,123576,56,123576
26230,0.0,172.217.194.0-255,297,297,56,69519
26231,2.4e-05,172.31.46.0-255,66,363,56,69519
26232,3.1e-05,172.217.194.0-255,1484,1847,56,69519
26233,3.6e-05,172.31.46.0-255,66,1913,56,69519
26234,5.3e-05,172.217.194.0-255,4320,6233,56,69519
26235,5.8e-05,172.31.46.0-255,66,6299,56,69519
26236,9.5e-05,172.217.194.0-255,5738,12037,56,69519
26237,9.9e-05,172.31.46.0-255,66,12103,56,69519
26238,0.000121,172.217.194.0-255,3323,15426,56,69519
26239,0.000129,172.31.46.0-255,66,15492,56,69519
26240,0.000142,172.31.46.0-255,66,15558,56,69519
26241,0.000147,172.217.194.0-255,5379,20937,56,69519
26242,0.00015,172.31.46.0-255,66,21003,56,69519
26243,0.00018,172.217.194.0-255,5738,26741,56,69519
26244,0.000184,172.31.46.0-255,66,26807,56,69519
26245,0.00019,172.217.194.0-255,5738,32545,56,69519
26246,0.000193,172.31.46.0-255,66,32611,56,69519
26247,0.000213,172.217.194.0-255,1484,34095,56,69519
26248,0.000215,172.31.46.0-255,66,34161,56,69519
26249,0.000219,172.217.194.0-255,1484,35645,56,69519
26250,0.000221,172.31.46.0-255,66,35711,56,69519
26251,0.000268,172.31.46.0-255,66,35777,56,69519
26252,0.000271,172.217.194.0-255,1484,37261,56,69519
26253,0.000273,172.31.46.0-255,66,37327,56,69519
26254,0.000278,172.217.194.0-255,2902,40229,56,69519
26255,0.00028,172.31.46.0-255,66,40295,56,69519
26256,0.000304,172.217.194.0-255,1434,41729,56,69519
26257,0.000308,172.31.46.0-255,66,41795,56,69519
26258,0.000548,172.217.194.0-255,378,42173,56,69519
26259,0.000554,172.31.46.0-255,66,42239,56,69519
26260,0.000947,172.217.194.0-255,1484,43723,56,69519
26261,0.000952,172.217.194.0-255,2902,46625,56,69519
26262,0.00096,172.31.46.0-255,66,46691,56,69519
26263,0.000972,172.217.194.0-255,5738,52429,56,69519
26264,0.000974,172.31.46.0-255,66,52495,56,69519
26265,0.001012,172.31.46.0-255,66,52561,56,69519
26266,0.001023,172.31.46.0-255,66,52627,56,69519
26267,0.001026,172.217.194.0-255,766,53393,56,69519
26268,0.001473,172.31.46.0-255,66,53459,56,69519
26269,0.003346,172.217.194.0-255,4320,57779,56,69519
26270,0.003353,172.31.46.0-255,66,57845,56,69519
26271,0.003785,172.217.194.0-255,1484,59329,56,69519
26272,0.005664,172.217.194.0-255,4320,63649,56,69519
26273,0.005668,172.31.46.0-255,66,63715,56,69519
26274,0.007966,172.217.194.0-255,5738,69453,56,69519
26275,0.007973,172.31.46.0-255,66,69519,56,69519
26276,0.0,172.217.160.0-255,146,146,56,175531
26277,2.1e-05,172.31.46.0-255,66,212,56,175531
26278,2.8e-05,172.217.160.0-255,1484,1696,56,175531
26279,3.2e-05,172.31.46.0-255,66,1762,56,175531
26280,3.7e-05,172.217.160.0-255,2902,4664,56,175531
26281,4e-05,172.31.46.0-255,66,4730,56,175531
26282,4.5e-05,172.217.160.0-255,5738,10468,56,175531
26283,4.9e-05,172.31.46.0-255,66,10534,56,175531
26284,7.6e-05,172.217.160.0-255,3516,14050,56,175531
26285,7.9e-05,172.31.46.0-255,66,14116,56,175531
26286,0.000184,172.217.160.0-255,1484,15600,56,175531
26287,0.000188,172.31.46.0-255,66,15666,56,175531
26288,0.000193,172.217.160.0-255,2902,18568,56,175531
26289,0.000195,172.31.46.0-255,66,18634,56,175531
26290,0.000221,172.217.160.0-255,4320,22954,56,175531
26291,0.000223,172.31.46.0-255,66,23020,56,175531
26292,0.000247,172.217.160.0-255,1484,24504,56,175531
26293,0.000249,172.31.46.0-255,66,24570,56,175531
26294,0.000269,172.217.160.0-255,6797,31367,56,175531
26295,0.000271,172.31.46.0-255,66,31433,56,175531
26296,0.000324,172.217.160.0-255,1484,32917,56,175531
26297,0.000326,172.31.46.0-255,66,32983,56,175531
26298,0.00033,172.217.160.0-255,2902,35885,56,175531
26299,0.000332,172.31.46.0-255,66,35951,56,175531
26300,0.000387,172.217.160.0-255,1484,37435,56,175531
26301,0.00039,172.31.46.0-255,66,37501,56,175531
26302,0.000394,172.217.160.0-255,2902,40403,56,175531
26303,0.000395,172.31.46.0-255,66,40469,56,175531
26304,0.000407,172.217.160.0-255,1484,41953,56,175531
26305,0.000409,172.31.46.0-255,66,42019,56,175531
26306,0.000425,172.217.160.0-255,4320,46339,56,175531
26307,0.000428,172.31.46.0-255,66,46405,56,175531
26308,0.000432,172.217.160.0-255,2543,48948,56,175531
26309,0.000434,172.31.46.0-255,66,49014,56,175531
26310,0.00048,172.217.160.0-255,1484,50498,56,175531
26311,0.000483,172.31.46.0-255,66,50564,56,175531
26312,0.000488,172.217.160.0-255,2902,53466,56,175531
26313,0.00049,172.31.46.0-255,66,53532,56,175531
26314,0.00051,172.217.160.0-255,5738,59270,56,175531
26315,0.000513,172.31.46.0-255,66,59336,56,175531
26316,0.000534,172.217.160.0-255,6797,66133,56,175531
26317,0.000537,172.31.46.0-255,66,66199,56,175531
26318,0.000563,172.217.160.0-255,337,66536,56,175531
26319,0.000565,172.31.46.0-255,66,66602,56,175531
26320,0.000851,172.217.160.0-255,408,67010,56,175531
26321,0.000855,172.31.46.0-255,66,67076,56,175531
26322,0.001038,172.217.160.0-255,1484,68560,56,175531
26323,0.001043,172.31.46.0-255,66,68626,56,175531
26324,0.001049,172.217.160.0-255,2902,71528,56,175531
26325,0.001051,172.31.46.0-255,66,71594,56,175531
26326,0.001057,172.217.160.0-255,5738,77332,56,175531
26327,0.001059,172.31.46.0-255,66,77398,56,175531
26328,0.001111,172.31.46.0-255,66,77464,56,175531
26329,0.001123,172.31.46.0-255,66,77530,56,175531
26330,0.001146,172.217.160.0-255,3410,80940,56,175531
26331,0.001148,172.31.46.0-255,66,81006,56,175531
26332,0.00118,172.217.160.0-255,1484,82490,56,175531
26333,0.001182,172.31.46.0-255,66,82556,56,175531
26334,0.001188,172.217.160.0-255,2902,85458,56,175531
26335,0.00119,172.31.46.0-255,66,85524,56,175531
26336,0.001195,172.217.160.0-255,2902,88426,56,175531
26337,0.001197,172.31.46.0-255,66,88492,56,175531
26338,0.00122,172.217.160.0-255,2902,91394,56,175531
26339,0.001223,172.31.46.0-255,66,91460,56,175531
26340,0.001237,172.217.160.0-255,2902,94362,56,175531
26341,0.001239,172.31.46.0-255,66,94428,56,175531
26342,0.001263,172.217.160.0-255,3961,98389,56,175531
26343,0.001265,172.31.46.0-255,66,98455,56,175531
26344,0.00145,172.217.160.0-255,1484,99939,56,175531
26345,0.001454,172.31.46.0-255,66,100005,56,175531
26346,0.00146,172.217.160.0-255,2902,102907,56,175531
26347,0.001462,172.31.46.0-255,66,102973,56,175531
26348,0.001468,172.217.160.0-255,5738,108711,56,175531
26349,0.00147,172.31.46.0-255,66,108777,56,175531
26350,0.001491,172.217.160.0-255,7156,115933,56,175531
26351,0.001494,172.31.46.0-255,66,115999,56,175531
26352,0.001525,172.217.160.0-255,5738,121737,56,175531
26353,0.001528,172.31.46.0-255,66,121803,56,175531
26354,0.00154,172.31.46.0-255,66,121869,56,175531
26355,0.001582,172.217.160.0-255,1484,123353,56,175531
26356,0.001588,172.217.160.0-255,2902,126255,56,175531
26357,0.00159,172.31.46.0-255,66,126321,56,175531
26358,0.001614,172.217.160.0-255,5738,132059,56,175531
26359,0.001617,172.31.46.0-255,66,132125,56,175531
26360,0.001621,172.217.160.0-255,2902,135027,56,175531
26361,0.001624,172.31.46.0-255,66,135093,56,175531
26362,0.001651,172.31.46.0-255,66,135159,56,175531
26363,0.001656,172.217.160.0-255,4320,139479,56,175531
26364,0.001671,172.31.46.0-255,66,139545,56,175531
26365,0.001684,172.217.160.0-255,6438,145983,56,175531
26366,0.001688,172.31.46.0-255,66,146049,56,175531
26367,0.003314,172.217.160.0-255,5738,151787,56,175531
26368,0.003321,172.31.46.0-255,66,151853,56,175531
26369,0.00495,172.217.160.0-255,2902,154755,56,175531
26370,0.004954,172.31.46.0-255,66,154821,56,175531
26371,0.004968,172.217.160.0-255,2902,157723,56,175531
26372,0.00497,172.31.46.0-255,66,157789,56,175531
26373,0.006574,172.217.160.0-255,2902,160691,56,175531
26374,0.006577,172.31.46.0-255,66,160757,56,175531
26375,0.006595,172.217.160.0-255,2902,163659,56,175531
26376,0.006596,172.31.46.0-255,66,163725,56,175531
26377,0.00822,172.217.160.0-255,2902,166627,56,175531
26378,0.008226,172.31.46.0-255,66,166693,56,175531
26379,0.008246,172.217.160.0-255,2902,169595,56,175531
26380,0.008249,172.31.46.0-255,66,169661,56,175531
26381,0.009858,172.217.160.0-255,4320,173981,56,175531
26382,0.009865,172.31.46.0-255,66,174047,56,175531
26383,0.009886,172.217.160.0-255,1484,175531,56,175531
26384,0.0,172.217.194.0-255,146,146,56,217467
26385,1.3e-05,172.31.46.0-255,66,212,56,217467
26386,2.1e-05,172.217.194.0-255,1484,1696,56,217467
26387,2.6e-05,172.31.46.0-255,66,1762,56,217467
26388,3.7e-05,172.217.194.0-255,1484,3246,56,217467
26389,4e-05,172.31.46.0-255,66,3312,56,217467
26390,4.6e-05,172.217.194.0-255,2902,6214,56,217467
26391,5e-05,172.31.46.0-255,66,6280,56,217467
26392,8.7e-05,172.217.194.0-255,5738,12018,56,217467
26393,9.1e-05,172.31.46.0-255,66,12084,56,217467
26394,9.5e-05,172.217.194.0-255,2902,14986,56,217467
26395,9.7e-05,172.31.46.0-255,66,15052,56,217467
26396,0.000125,172.217.194.0-255,2080,17132,56,217467
26397,0.000128,172.31.46.0-255,66,17198,56,217467
26398,0.000134,172.217.194.0-255,5738,22936,56,217467
26399,0.000137,172.31.46.0-255,66,23002,56,217467
26400,0.00014,172.217.194.0-255,1484,24486,56,217467
26401,0.000142,172.31.46.0-255,66,24552,56,217467
26402,0.000194,172.217.194.0-255,6797,31349,56,217467
26403,0.000197,172.31.46.0-255,66,31415,56,217467
26404,0.000208,172.217.194.0-255,1484,32899,56,217467
26405,0.00021,172.31.46.0-255,66,32965,56,217467
26406,0.00022,172.217.194.0-255,2902,35867,56,217467
26407,0.000222,172.31.46.0-255,66,35933,56,217467
26408,0.000252,172.217.194.0-255,5738,41671,56,217467
26409,0.000258,172.31.46.0-255,66,41737,56,217467
26410,0.000263,172.217.194.0-255,2902,44639,56,217467
26411,0.000265,172.31.46.0-255,66,44705,56,217467
26412,0.000292,172.217.194.0-255,5738,50443,56,217467
26413,0.000295,172.31.46.0-255,66,50509,56,217467
26414,0.00032,172.217.194.0-255,5379,55888,56,217467
26415,0.000327,172.31.46.0-255,66,55954,56,217467
26416,0.000354,172.217.194.0-255,4320,60274,56,217467
26417,0.000356,172.31.46.0-255,66,60340,56,217467
26418,0.000384,172.217.194.0-255,5669,66009,56,217467
26419,0.000387,172.31.46.0-255,66,66075,56,217467
26420,0.00039,172.217.194.0-255,101,66176,56,217467
26421,0.000392,172.31.46.0-255,66,66242,56,217467
26422,0.000426,172.217.194.0-255,1484,67726,56,217467
26423,0.000433,172.217.194.0-255,2902,70628,56,217467
26424,0.000438,172.217.194.0-255,4320,74948,56,217467
26425,0.000507,172.217.194.0-255,5738,80686,56,217467
26426,0.00052,172.217.194.0-255,2543,83229,56,217467
26427,0.00069,172.31.46.0-255,66,83295,56,217467
26428,0.000762,172.217.194.0-255,1484,84779,56,217467
26429,0.000768,172.217.194.0-255,2902,87681,56,217467
26430,0.000776,172.31.46.0-255,66,87747,56,217467
26431,0.000788,172.217.194.0-255,5738,93485,56,217467
26432,0.000809,172.217.194.0-255,2902,96387,56,217467
26433,0.000811,172.31.46.0-255,66,96453,56,217467
26434,0.000829,172.217.194.0-255,5738,102191,56,217467
26435,0.00085,172.31.46.0-255,66,102257,56,217467
26436,0.000904,172.217.194.0-255,1484,103741,56,217467
26437,0.00091,172.31.46.0-255,66,103807,56,217467
26438,0.000984,172.217.194.0-255,4320,108127,56,217467
26439,0.001007,172.217.194.0-255,1060,109187,56,217467
26440,0.001024,172.217.194.0-255,1484,110671,56,217467
26441,0.001028,172.217.194.0-255,2902,113573,56,217467
26442,0.001034,172.217.194.0-255,4320,117893,56,217467
26443,0.001037,172.31.46.0-255,66,117959,56,217467
26444,0.001043,172.31.46.0-255,66,118025,56,217467
26445,0.00105,172.217.194.0-255,1484,119509,56,217467
26446,0.001109,172.217.194.0-255,2184,121693,56,217467
26447,0.00112,172.31.46.0-255,66,121759,56,217467
26448,0.001295,172.217.194.0-255,1484,123243,56,217467
26449,0.0013,172.217.194.0-255,2902,126145,56,217467
26450,0.001311,172.31.46.0-255,66,126211,56,217467
26451,0.001317,172.217.194.0-255,4320,130531,56,217467
26452,0.001359,172.31.46.0-255,66,130597,56,217467
26453,0.001384,172.217.194.0-255,4320,134917,56,217467
26454,0.001418,172.31.46.0-255,66,134983,56,217467
26455,0.00148,172.217.194.0-255,1484,136467,56,217467
26456,0.0015,172.217.194.0-255,2902,139369,56,217467
26457,0.001504,172.217.194.0-255,2902,142271,56,217467
26458,0.001519,172.217.194.0-255,2902,145173,56,217467
26459,0.001526,172.217.194.0-255,7156,152329,56,217467
26460,0.001539,172.31.46.0-255,66,152395,56,217467
26461,0.001575,172.217.194.0-255,2184,154579,56,217467
26462,0.001599,172.31.46.0-255,66,154645,56,217467
26463,0.001677,172.217.194.0-255,1484,156129,56,217467
26464,0.001683,172.217.194.0-255,2902,159031,56,217467
26465,0.001701,172.217.194.0-255,5738,164769,56,217467
26466,0.001705,172.31.46.0-255,66,164835,56,217467
26467,0.001711,172.31.46.0-255,66,164901,56,217467
26468,0.001742,172.217.194.0-255,5738,170639,56,217467
26469,0.001759,172.217.194.0-255,1484,172123,56,217467
26470,0.001762,172.217.194.0-255,1484,173607,56,217467
26471,0.001765,172.31.46.0-255,66,173673,56,217467
26472,0.001771,172.31.46.0-255,66,173739,56,217467
26473,0.001802,172.217.194.0-255,7156,180895,56,217467
26474,0.001831,172.31.46.0-255,66,180961,56,217467
26475,0.001864,172.217.194.0-255,1484,182445,56,217467
26476,0.00188,172.217.194.0-255,2902,185347,56,217467
26477,0.001886,172.217.194.0-255,5738,191085,56,217467
26478,0.001893,172.31.46.0-255,66,191151,56,217467
26479,0.001937,172.217.194.0-255,2902,194053,56,217467
26480,0.001983,172.31.46.0-255,66,194119,56,217467
26481,0.001994,172.31.46.0-255,66,194185,56,217467
26482,0.002022,172.217.194.0-255,1484,195669,56,217467
26483,0.002026,172.217.194.0-255,2902,198571,56,217467
26484,0.002033,172.217.194.0-255,4320,202891,56,217467
26485,0.002044,172.217.194.0-255,1484,204375,56,217467
26486,0.002047,172.217.194.0-255,1484,205859,56,217467
26487,0.002055,172.31.46.0-255,66,205925,56,217467
26488,0.004057,172.217.194.0-255,5738,211663,56,217467
26489,0.004064,172.31.46.0-255,66,211729,56,217467
26490,0.006066,172.217.194.0-255,5738,217467,56,217467
26491,0.0,74.125.68.0-255,152,152,56,247244
26492,2.6e-05,172.31.46.0-255,66,218,56,247244
26493,3.4e-05,74.125.68.0-255,1484,1702,56,247244
26494,3.8e-05,172.31.46.0-255,66,1768,56,247244
26495,7.3e-05,74.125.68.0-255,2902,4670,56,247244
26496,8e-05,172.31.46.0-255,66,4736,56,247244
26497,0.000107,74.125.68.0-255,4320,9056,56,247244
26498,0.00011,172.31.46.0-255,66,9122,56,247244
26499,0.000113,74.125.68.0-255,1484,10606,56,247244
26500,0.000115,172.31.46.0-255,66,10672,56,247244
26501,0.00012,74.125.68.0-255,2902,13574,56,247244
26502,0.000122,172.31.46.0-255,66,13640,56,247244
26503,0.000153,74.125.68.0-255,6308,19948,56,247244
26504,0.000156,172.31.46.0-255,66,20014,56,247244
26505,0.000162,74.125.68.0-255,4320,24334,56,247244
26506,0.000165,172.31.46.0-255,66,24400,56,247244
26507,0.000168,74.125.68.0-255,1484,25884,56,247244
26508,0.000169,172.31.46.0-255,66,25950,56,247244
26509,0.000194,74.125.68.0-255,4320,30270,56,247244
26510,0.000197,172.31.46.0-255,66,30336,56,247244
26511,0.0002,74.125.68.0-255,1125,31461,56,247244
26512,0.000202,172.31.46.0-255,66,31527,56,247244
26513,0.000282,74.125.68.0-255,1484,33011,56,247244
26514,0.000284,172.31.46.0-255,66,33077,56,247244
26515,0.000311,74.125.68.0-255,2902,35979,56,247244
26516,0.000314,172.31.46.0-255,66,36045,56,247244
26517,0.000317,74.125.68.0-255,1484,37529,56,247244
26518,0.000319,172.31.46.0-255,66,37595,56,247244
26519,0.000353,74.125.68.0-255,5738,43333,56,247244
26520,0.000356,172.31.46.0-255,66,43399,56,247244
26521,0.000388,74.125.68.0-255,5379,48778,56,247244
26522,0.000391,172.31.46.0-255,66,48844,56,247244
26523,0.000397,74.125.68.0-255,5738,54582,56,247244
26524,0.000428,74.125.68.0-255,5738,60320,56,247244
26525,0.000472,74.125.68.0-255,4320,64640,56,247244
26526,0.000488,74.125.68.0-255,1479,66119,56,247244
26527,0.00049,74.125.68.0-255,331,66450,56,247244
26528,0.000652,172.31.46.0-255,66,66516,56,247244
26529,0.000689,74.125.68.0-255,1484,68000,56,247244
26530,0.000704,74.125.68.0-255,2902,70902,56,247244
26531,0.000729,74.125.68.0-255,4320,75222,56,247244
26532,0.000731,74.125.68.0-255,1484,76706,56,247244
26533,0.000733,172.31.46.0-255,66,76772,56,247244
26534,0.00074,172.31.46.0-255,66,76838,56,247244
26535,0.000766,74.125.68.0-255,4320,81158,56,247244
26536,0.000801,172.31.46.0-255,66,81224,56,247244
26537,0.000827,74.125.68.0-255,2902,84126,56,247244
26538,0.000833,172.31.46.0-255,66,84192,56,247244
26539,0.00086,74.125.68.0-255,5020,89212,56,247244
26540,0.000868,172.31.46.0-255,66,89278,56,247244
26541,0.001229,74.125.68.0-255,1484,90762,56,247244
26542,0.001234,74.125.68.0-255,2902,93664,56,247244
26543,0.001239,172.31.46.0-255,66,93730,56,247244
26544,0.001267,74.125.68.0-255,4320,98050,56,247244
26545,0.001278,172.31.46.0-255,66,98116,56,247244
26546,0.0013,74.125.68.0-255,5738,103854,56,247244
26547,0.001306,74.125.68.0-255,5738,109592,56,247244
26548,0.001313,172.31.46.0-255,66,109658,56,247244
26549,0.001319,74.125.68.0-255,1484,111142,56,247244
26550,0.001344,74.125.68.0-255,3602,114744,56,247244
26551,0.001365,172.31.46.0-255,66,114810,56,247244
26552,0.001444,74.125.68.0-255,1484,116294,56,247244
26553,0.001448,74.125.68.0-255,1484,117778,56,247244
26554,0.001465,74.125.68.0-255,1484,119262,56,247244
26555,0.001472,74.125.68.0-255,5738,125000,56,247244
26556,0.001476,74.125.68.0-255,2902,127902,56,247244
26557,0.001487,172.31.46.0-255,66,127968,56,247244
26558,0.001491,74.125.68.0-255,2902,130870,56,247244
26559,0.001495,172.31.46.0-255,66,130936,56,247244
26560,0.001511,74.125.68.0-255,1484,132420,56,247244
26561,0.001537,74.125.68.0-255,7156,139576,56,247244
26562,0.001552,172.31.46.0-255,66,139642,56,247244
26563,0.001601,74.125.68.0-255,2902,142544,56,247244
26564,0.001607,74.125.68.0-255,4320,146864,56,247244
26565,0.001649,74.125.68.0-255,2184,149048,56,247244
26566,0.00166,172.31.46.0-255,66,149114,56,247244
26567,0.001849,74.125.68.0-255,1484,150598,56,247244
26568,0.001872,74.125.68.0-255,2902,153500,56,247244
26569,0.001875,74.125.68.0-255,1484,154984,56,247244
26570,0.001887,172.31.46.0-255,66,155050,56,247244
26571,0.001917,74.125.68.0-255,4320,159370,56,247244
26572,0.001921,74.125.68.0-255,1484,160854,56,247244
26573,0.001925,74.125.68.0-255,2902,163756,56,247244
26574,0.001931,74.125.68.0-255,5738,169494,56,247244
26575,0.001947,74.125.68.0-255,5738,175232,56,247244
26576,0.00195,172.31.46.0-255,66,175298,56,247244
26577,0.001959,74.125.68.0-255,4320,179618,56,247244
26578,0.001976,172.31.46.0-255,66,179684,56,247244
26579,0.001995,74.125.68.0-255,3602,183286,56,247244
26580,0.002012,172.31.46.0-255,66,183352,56,247244
26581,0.002319,74.125.68.0-255,1484,184836,56,247244
26582,0.002325,74.125.68.0-255,1484,186320,56,247244
26583,0.002328,172.31.46.0-255,66,186386,56,247244
26584,0.002356,74.125.68.0-255,1484,187870,56,247244
26585,0.002361,74.125.68.0-255,2902,190772,56,247244
26586,0.002366,74.125.68.0-255,4320,195092,56,247244
26587,0.002368,74.125.68.0-255,1484,196576,56,247244
26588,0.002385,74.125.68.0-255,7156,203732,56,247244
26589,0.002397,172.31.46.0-255,66,203798,56,247244
26590,0.002417,74.125.68.0-255,7156,210954,56,247244
26591,0.00242,74.125.68.0-255,1484,212438,56,247244
26592,0.002435,74.125.68.0-255,6438,218876,56,247244
26593,0.002439,74.125.68.0-255,2902,221778,56,247244
26594,0.002454,74.125.68.0-255,1484,223262,56,247244
26595,0.002461,74.125.68.0-255,5738,229000,56,247244
26596,0.002487,74.125.68.0-255,1484,230484,56,247244
26597,0.00249,172.31.46.0-255,66,230550,56,247244
26598,0.002534,74.125.68.0-255,4320,234870,56,247244
26599,0.002536,74.125.68.0-255,1484,236354,56,247244
26600,0.002559,74.125.68.0-255,5020,241374,56,247244
26601,0.007112,172.31.46.0-255,66,241440,56,247244
26602,0.009636,74.125.68.0-255,5738,247178,56,247244
26603,0.009644,172.31.46.0-255,66,247244,56,247244
26604,0.0,74.125.200.0-255,145,145,56,103572
26605,2.1e-05,172.31.46.0-255,66,211,56,103572
26606,2.8e-05,74.125.200.0-255,1484,1695,56,103572
26607,3.4e-05,172.31.46.0-255,66,1761,56,103572
26608,3.9e-05,74.125.200.0-255,2902,4663,56,103572
26609,4.3e-05,172.31.46.0-255,66,4729,56,103572
26610,4.6e-05,74.125.200.0-255,1484,6213,56,103572
26611,4.8e-05,172.31.46.0-255,66,6279,56,103572
26612,7.8e-05,74.125.200.0-255,5738,12017,56,103572
26613,8e-05,172.31.46.0-255,66,12083,56,103572
26614,0.000143,74.125.200.0-255,2044,14127,56,103572
26615,0.000145,172.31.46.0-255,66,14193,56,103572
26616,0.000158,74.125.200.0-255,1484,15677,56,103572
26617,0.000161,172.31.46.0-255,66,15743,56,103572
26618,0.000179,74.125.200.0-255,7156,22899,56,103572
26619,0.000182,172.31.46.0-255,66,22965,56,103572
26620,0.000201,74.125.200.0-255,1484,24449,56,103572
26621,0.000203,172.31.46.0-255,66,24515,56,103572
26622,0.000291,74.125.200.0-255,4320,28835,56,103572
26623,0.000296,172.31.46.0-255,66,28901,56,103572
26624,0.000315,74.125.200.0-255,2543,31444,56,103572
26625,0.000317,172.31.46.0-255,66,31510,56,103572
26626,0.000369,74.125.200.0-255,2902,34412,56,103572
26627,0.000372,172.31.46.0-255,66,34478,56,103572
26628,0.000391,74.125.200.0-255,4320,38798,56,103572
26629,0.000393,172.31.46.0-255,66,38864,56,103572
26630,0.000461,74.125.200.0-255,4320,43184,56,103572
26631,0.000465,172.31.46.0-255,66,43250,56,103572
26632,0.000486,74.125.200.0-255,5379,48629,56,103572
26633,0.000489,172.31.46.0-255,66,48695,56,103572
26634,0.000611,74.125.200.0-255,5738,54433,56,103572
26635,0.000615,172.31.46.0-255,66,54499,56,103572
26636,0.000636,74.125.200.0-255,5738,60237,56,103572
26637,0.000639,172.31.46.0-255,66,60303,56,103572
26638,0.000724,74.125.200.0-255,5675,65978,56,103572
26639,0.000735,172.31.46.0-255,66,66044,56,103572
26640,0.000953,74.125.200.0-255,7156,73200,56,103572
26641,0.001206,74.125.200.0-255,4320,77520,56,103572
26642,0.002034,74.125.200.0-255,5738,83258,56,103572
26643,0.002052,74.125.200.0-255,7156,90414,56,103572
26644,0.002444,74.125.200.0-255,1484,91898,56,103572
26645,0.003937,172.31.46.0-255,66,91964,56,103572
26646,0.006242,74.125.200.0-255,5738,97702,56,103572
26647,0.00625,172.31.46.0-255,66,97768,56,103572
26648,0.00852,74.125.200.0-255,5738,103506,56,103572
26649,0.00853,172.31.46.0-255,66,103572,56,103572
26650,0.0,74.125.24.0-255,146,146,56,126591
26651,2.2e-05,172.31.46.0-255,66,212,56,126591
26652,2.8e-05,74.125.24.0-255,1484,1696,56,126591
26653,3.2e-05,172.31.46.0-255,66,1762,56,126591
26654,3.9e-05,74.125.24.0-255,2902,4664,56,126591
26655,4.2e-05,172.31.46.0-255,66,4730,56,126591
26656,4.9e-05,74.125.24.0-255,7156,11886,56,126591
26657,5.1e-05,172.31.46.0-255,66,11952,56,126591
26658,5.5e-05,74.125.24.0-255,2073,14025,56,126591
26659,5.8e-05,172.31.46.0-255,66,14091,56,126591
26660,0.000105,74.125.24.0-255,4320,18411,56,126591
26661,0.000107,172.31.46.0-255,66,18477,56,126591
26662,0.000121,74.125.24.0-255,2902,21379,56,126591
26663,0.000122,172.31.46.0-255,66,21445,56,126591
26664,0.000126,74.125.24.0-255,2902,24347,56,126591
26665,0.000128,172.31.46.0-255,66,24413,56,126591
26666,0.000156,74.125.24.0-255,5738,30151,56,126591
26667,0.000158,172.31.46.0-255,66,30217,56,126591
26668,0.000161,74.125.24.0-255,1125,31342,56,126591
26669,0.000163,172.31.46.0-255,66,31408,56,126591
26670,0.000781,74.125.24.0-255,1484,32892,56,126591
26671,0.000787,172.31.46.0-255,66,32958,56,126591
26672,0.000795,74.125.24.0-255,2902,35860,56,126591
26673,0.000797,172.31.46.0-255,66,35926,56,126591
26674,0.000804,74.125.24.0-255,5738,41664,56,126591
26675,0.000805,172.31.46.0-255,66,41730,56,126591
26676,0.00081,74.125.24.0-255,2902,44632,56,126591
26677,0.000812,172.31.46.0-255,66,44698,56,126591
26678,0.000833,74.125.24.0-255,3961,48659,56,126591
26679,0.000835,172.31.46.0-255,66,48725,56,126591
26680,0.000842,74.125.24.0-255,7156,55881,56,126591
26681,0.000844,172.31.46.0-255,66,55947,56,126591
26682,0.000868,74.125.24.0-255,7156,63103,56,126591
26683,0.00087,172.31.46.0-255,66,63169,56,126591
26684,0.000874,74.125.24.0-255,2852,66021,56,126591
26685,0.000877,172.31.46.0-255,66,66087,56,126591
26686,0.000879,74.125.24.0-255,113,66200,56,126591
26687,0.001225,74.125.24.0-255,1484,67684,56,126591
26688,0.001231,172.31.46.0-255,66,67750,56,126591
26689,0.001237,74.125.24.0-255,2902,70652,56,126591
26690,0.00124,172.31.46.0-255,66,70718,56,126591
26691,0.001245,74.125.24.0-255,5738,76456,56,126591
26692,0.001247,172.31.46.0-255,66,76522,56,126591
26693,0.001276,172.31.46.0-255,66,76588,56,126591
26694,0.001313,74.125.24.0-255,2902,79490,56,126591
26695,0.001315,172.31.46.0-255,66,79556,56,126591
26696,0.001352,172.31.46.0-255,66,79622,56,126591
26697,0.001403,74.125.24.0-255,331,79953,56,126591
26698,0.001798,74.125.24.0-255,1484,81437,56,126591
26699,0.001802,172.31.46.0-255,66,81503,56,126591
26700,0.001807,74.125.24.0-255,2902,84405,56,126591
26701,0.00181,172.31.46.0-255,66,84471,56,126591
26702,0.001816,74.125.24.0-255,5738,90209,56,126591
26703,0.001818,172.31.46.0-255,66,90275,56,126591
26704,0.001821,74.125.24.0-255,1484,91759,56,126591
26705,0.001846,74.125.24.0-255,5738,97497,56,126591
26706,0.001848,172.31.46.0-255,66,97563,56,126591
26707,0.001855,74.125.24.0-255,5738,103301,56,126591
26708,0.001857,172.31.46.0-255,66,103367,56,126591
26709,0.001879,172.31.46.0-255,66,103433,56,126591
26710,0.001884,74.125.24.0-255,2184,105617,56,126591
26711,0.001885,172.31.46.0-255,66,105683,56,126591
26712,0.002146,74.125.24.0-255,1484,107167,56,126591
26713,0.00215,74.125.24.0-255,1484,108651,56,126591
26714,0.002152,172.31.46.0-255,66,108717,56,126591
26715,0.002166,74.125.24.0-255,1484,110201,56,126591
26716,0.004044,74.125.24.0-255,1484,111685,56,126591
26717,0.004049,172.31.46.0-255,66,111751,56,126591
26718,0.004273,74.125.24.0-255,2902,114653,56,126591
26719,0.004279,172.31.46.0-255,66,114719,56,126591
26720,0.006186,74.125.24.0-255,2902,117621,56,126591
26721,0.006191,172.31.46.0-255,66,117687,56,126591
26722,0.006421,74.125.24.0-255,2902,120589,56,126591
26723,0.006425,172.31.46.0-255,66,120655,56,126591
26724,0.008343,74.125.24.0-255,2902,123557,56,126591
26725,0.00835,172.31.46.0-255,66,123623,56,126591
26726,0.008558,74.125.24.0-255,2902,126525,56,126591
26727,0.008562,172.31.46.0-255,66,126591,56,126591
26728,0.0,172.217.194.0-255,156,156,56,165844
26729,2.5e-05,172.31.46.0-255,66,222,56,165844
26730,3.1e-05,172.217.194.0-255,1484,1706,56,165844
26731,3.6e-05,172.31.46.0-255,66,1772,56,165844
26732,4.2e-05,172.217.194.0-255,2902,4674,56,165844
26733,5.4e-05,172.31.46.0-255,66,4740,56,165844
26734,6.2e-05,172.217.194.0-255,7156,11896,56,165844
26735,6.5e-05,172.31.46.0-255,66,11962,56,165844
26736,7e-05,172.217.194.0-255,4320,16282,56,165844
26737,7.3e-05,172.31.46.0-255,66,16348,56,165844
26738,0.000123,172.31.46.0-255,66,16414,56,165844
26739,0.000127,172.217.194.0-255,2543,18957,56,165844
26740,0.00013,172.31.46.0-255,66,19023,56,165844
26741,0.000156,172.217.194.0-255,1484,20507,56,165844
26742,0.000159,172.31.46.0-255,66,20573,56,165844
26743,0.000163,172.217.194.0-255,2902,23475,56,165844
26744,0.000166,172.31.46.0-255,66,23541,56,165844
26745,0.000172,172.217.194.0-255,5738,29279,56,165844
26746,0.000174,172.31.46.0-255,66,29345,56,165844
26747,0.000232,172.217.194.0-255,6797,36142,56,165844
26748,0.000236,172.31.46.0-255,66,36208,56,165844
26749,0.000239,172.217.194.0-255,1484,37692,56,165844
26750,0.000241,172.31.46.0-255,66,37758,56,165844
26751,0.000246,172.217.194.0-255,2902,40660,56,165844
26752,0.000248,172.31.46.0-255,66,40726,56,165844
26753,0.000254,172.217.194.0-255,5738,46464,56,165844
26754,0.000257,172.31.46.0-255,66,46530,56,165844
26755,0.000286,172.217.194.0-255,4320,50850,56,165844
26756,0.000289,172.31.46.0-255,66,50916,56,165844
26757,0.000302,172.217.194.0-255,2885,53801,56,165844
26758,0.000308,172.31.46.0-255,66,53867,56,165844
26759,0.000319,172.217.194.0-255,366,54233,56,165844
26760,0.00034,172.217.194.0-255,1484,55717,56,165844
26761,0.000343,172.31.46.0-255,66,55783,56,165844
26762,0.000348,172.217.194.0-255,2902,58685,56,165844
26763,0.00035,172.31.46.0-255,66,58751,56,165844
26764,0.000377,172.217.194.0-255,1484,60235,56,165844
26765,0.000389,172.31.46.0-255,66,60301,56,165844
26766,0.000392,172.217.194.0-255,1125,61426,56,165844
26767,0.000394,172.217.194.0-255,1484,62910,56,165844
26768,0.000397,172.31.46.0-255,66,62976,56,165844
26769,0.000426,172.217.194.0-255,4320,67296,56,165844
26770,0.000429,172.31.46.0-255,66,67362,56,165844
26771,0.000441,172.31.46.0-255,66,67428,56,165844
26772,0.000443,172.217.194.0-255,1125,68553,56,165844
26773,0.000674,172.217.194.0-255,1484,70037,56,165844
26774,0.00068,172.31.46.0-255,66,70103,56,165844
26775,0.000686,172.217.194.0-255,2902,73005,56,165844
26776,0.000689,172.31.46.0-255,66,73071,56,165844
26777,0.000692,172.217.194.0-255,1484,74555,56,165844
26778,0.000721,172.217.194.0-255,4320,78875,56,165844
26779,0.000724,172.31.46.0-255,66,78941,56,165844
26780,0.000738,172.31.46.0-255,66,79007,56,165844
26781,0.00078,172.31.46.0-255,66,79073,56,165844
26782,0.000824,172.217.194.0-255,1484,80557,56,165844
26783,0.000828,172.217.194.0-255,1484,82041,56,165844
26784,0.000831,172.31.46.0-255,66,82107,56,165844
26785,0.000858,172.217.194.0-255,1484,83591,56,165844
26786,0.000864,172.217.194.0-255,5738,89329,56,165844
26787,0.000866,172.31.46.0-255,66,89395,56,165844
26788,0.00088,172.31.46.0-255,66,89461,56,165844
26789,0.000912,172.217.194.0-255,1484,90945,56,165844
26790,0.000925,172.31.46.0-255,66,91011,56,165844
26791,0.00107,172.217.194.0-255,1484,92495,56,165844
26792,0.001076,172.217.194.0-255,2902,95397,56,165844
26793,0.00108,172.31.46.0-255,66,95463,56,165844
26794,0.001118,172.217.194.0-255,5738,101201,56,165844
26795,0.001121,172.31.46.0-255,66,101267,56,165844
26796,0.001133,172.31.46.0-255,66,101333,56,165844
26797,0.001169,172.31.46.0-255,66,101399,56,165844
26798,0.001198,172.217.194.0-255,5020,106419,56,165844
26799,0.001201,172.31.46.0-255,66,106485,56,165844
26800,0.001376,172.217.194.0-255,1484,107969,56,165844
26801,0.001383,172.217.194.0-255,2902,110871,56,165844
26802,0.001386,172.31.46.0-255,66,110937,56,165844
26803,0.001393,172.217.194.0-255,4320,115257,56,165844
26804,0.001395,172.31.46.0-255,66,115323,56,165844
26805,0.00142,172.217.194.0-255,1484,116807,56,165844
26806,0.001426,172.217.194.0-255,5738,122545,56,165844
26807,0.001434,172.217.194.0-255,2902,125447,56,165844
26808,0.001439,172.31.46.0-255,66,125513,56,165844
26809,0.001443,172.31.46.0-255,66,125579,56,165844
26810,0.001481,172.31.46.0-255,66,125645,56,165844
26811,0.001487,172.217.194.0-255,5020,130665,56,165844
26812,0.001489,172.31.46.0-255,66,130731,56,165844
26813,0.001558,172.217.194.0-255,1484,132215,56,165844
26814,0.001563,172.217.194.0-255,2902,135117,56,165844
26815,0.001565,172.31.46.0-255,66,135183,56,165844
26816,0.001572,172.217.194.0-255,5738,140921,56,165844
26817,0.001575,172.31.46.0-255,66,140987,56,165844
26818,0.001592,172.31.46.0-255,66,141053,56,165844
26819,0.001625,172.31.46.0-255,66,141119,56,165844
26820,0.001662,172.217.194.0-255,1484,142603,56,165844
26821,0.001684,172.217.194.0-255,2902,145505,56,165844
26822,0.001687,172.31.46.0-255,66,145571,56,165844
26823,0.001694,172.217.194.0-255,5738,151309,56,165844
26824,0.001696,172.31.46.0-255,66,151375,56,165844
26825,0.001727,172.31.46.0-255,66,151441,56,165844
26826,0.001768,172.217.194.0-255,4320,155761,56,165844
26827,0.001772,172.31.46.0-255,66,155827,56,165844
26828,0.001808,172.31.46.0-255,66,155893,56,165844
26829,0.001822,172.31.46.0-255,66,155959,56,165844
26830,0.001825,172.217.194.0-255,1484,157443,56,165844
26831,0.001863,172.31.46.0-255,66,157509,56,165844
26832,0.001876,172.31.46.0-255,66,157575,56,165844
26833,0.001914,172.31.46.0-255,66,157641,56,165844
26834,0.001917,172.217.194.0-255,1484,159125,56,165844
26835,0.001972,172.31.46.0-255,66,159191,56,165844
26836,0.001991,172.31.46.0-255,66,159257,56,165844
26837,0.002004,172.31.46.0-255,66,159323,56,165844
26838,0.002007,172.217.194.0-255,1484,160807,56,165844
26839,0.002042,172.217.194.0-255,4866,165673,56,165844
26840,0.002045,172.31.46.0-255,66,165739,56,165844
26841,0.002048,172.217.194.0-255,105,165844,56,165844
26842,0.0,74.125.200.0-255,152,152,56,298800
26843,1.5e-05,172.31.46.0-255,66,218,56,298800
26844,2.3e-05,74.125.200.0-255,1484,1702,56,298800
26845,2.7e-05,172.31.46.0-255,66,1768,56,298800
26846,3.4e-05,74.125.200.0-255,2902,4670,56,298800
26847,3.7e-05,172.31.46.0-255,66,4736,56,298800
26848,4.5e-05,74.125.200.0-255,7156,11892,56,298800
26849,4.8e-05,172.31.46.0-255,66,11958,56,298800
26850,7.8e-05,74.125.200.0-255,1484,13442,56,298800
26851,8.1e-05,172.31.46.0-255,66,13508,56,298800
26852,0.000106,74.125.200.0-255,6246,19754,56,298800
26853,0.000109,172.31.46.0-255,66,19820,56,298800
26854,0.000119,172.31.46.0-255,66,19886,56,298800
26855,0.000141,74.125.200.0-255,2543,22429,56,298800
26856,0.000144,172.31.46.0-255,66,22495,56,298800
26857,0.000211,74.125.200.0-255,1484,23979,56,298800
26858,0.000214,172.31.46.0-255,66,24045,56,298800
26859,0.000219,74.125.200.0-255,2902,26947,56,298800
26860,0.000222,172.31.46.0-255,66,27013,56,298800
26861,0.000251,74.125.200.0-255,4320,31333,56,298800
26862,0.000254,172.31.46.0-255,66,31399,56,298800
26863,0.000259,74.125.200.0-255,2902,34301,56,298800
26864,0.000261,172.31.46.0-255,66,34367,56,298800
26865,0.000278,74.125.200.0-255,2902,37269,56,298800
26866,0.00028,172.31.46.0-255,66,37335,56,298800
26867,0.000284,74.125.200.0-255,1484,38819,56,298800
26868,0.000286,172.31.46.0-255,66,38885,56,298800
26869,0.000317,74.125.200.0-255,6797,45682,56,298800
26870,0.00032,172.31.46.0-255,66,45748,56,298800
26871,0.000332,172.31.46.0-255,66,45814,56,298800
26872,0.00036,74.125.200.0-255,2819,48633,56,298800
26873,0.000364,74.125.200.0-255,131,48764,56,298800
26874,0.00046,172.31.46.0-255,66,48830,56,298800
26875,0.000478,74.125.200.0-255,1484,50314,56,298800
26876,0.000485,74.125.200.0-255,2902,53216,56,298800
26877,0.000488,74.125.200.0-255,1484,54700,56,298800
26878,0.000509,74.125.200.0-255,2902,57602,56,298800
26879,0.000523,74.125.200.0-255,1484,59086,56,298800
26880,0.000531,172.31.46.0-255,66,59152,56,298800
26881,0.000551,74.125.200.0-255,4320,63472,56,298800
26882,0.000554,74.125.200.0-255,1484,64956,56,298800
26883,0.000563,172.31.46.0-255,66,65022,56,298800
26884,0.000576,74.125.200.0-255,2543,67565,56,298800
26885,0.000596,74.125.200.0-255,5738,73303,56,298800
26886,0.000613,172.31.46.0-255,66,73369,56,298800
26887,0.000627,74.125.200.0-255,7156,80525,56,298800
26888,0.000645,74.125.200.0-255,2543,83068,56,298800
26889,0.000652,172.31.46.0-255,66,83134,56,298800
26890,0.000847,74.125.200.0-255,1484,84618,56,298800
26891,0.000852,74.125.200.0-255,1484,86102,56,298800
26892,0.000866,74.125.200.0-255,1484,87586,56,298800
26893,0.000871,172.31.46.0-255,66,87652,56,298800
26894,0.000895,74.125.200.0-255,5738,93390,56,298800
26895,0.000926,172.31.46.0-255,66,93456,56,298800
26896,0.00096,74.125.200.0-255,7156,100612,56,298800
26897,0.000983,74.125.200.0-255,4719,105331,56,298800
26898,0.000988,172.31.46.0-255,66,105397,56,298800
26899,0.00101,74.125.200.0-255,7156,112553,56,298800
26900,0.001026,74.125.200.0-255,5738,118291,56,298800
26901,0.001035,172.31.46.0-255,66,118357,56,298800
26902,0.001091,172.31.46.0-255,66,118423,56,298800
26903,0.001098,74.125.200.0-255,5738,124161,56,298800
26904,0.001123,172.31.46.0-255,66,124227,56,298800
26905,0.001157,74.125.200.0-255,5738,129965,56,298800
26906,0.00119,172.31.46.0-255,66,130031,56,298800
26907,0.001195,172.31.46.0-255,66,130097,56,298800
26908,0.001211,74.125.200.0-255,2902,132999,56,298800
26909,0.001221,172.31.46.0-255,66,133065,56,298800
26910,0.001255,74.125.200.0-255,1484,134549,56,298800
26911,0.00126,172.31.46.0-255,66,134615,56,298800
26912,0.001271,74.125.200.0-255,3602,138217,56,298800
26913,0.001295,172.31.46.0-255,66,138283,56,298800
26914,0.001324,74.125.200.0-255,1484,139767,56,298800
26915,0.001328,74.125.200.0-255,1484,141251,56,298800
26916,0.001359,172.31.46.0-255,66,141317,56,298800
26917,0.001363,74.125.200.0-255,1484,142801,56,298800
26918,0.00137,74.125.200.0-255,5738,148539,56,298800
26919,0.001376,74.125.200.0-255,7156,155695,56,298800
26920,0.00139,172.31.46.0-255,66,155761,56,298800
26921,0.001411,74.125.200.0-255,4320,160081,56,298800
26922,0.001424,172.31.46.0-255,66,160147,56,298800
26923,0.001456,74.125.200.0-255,2184,162331,56,298800
26924,0.001465,172.31.46.0-255,66,162397,56,298800
26925,0.001644,74.125.200.0-255,1484,163881,56,298800
26926,0.001663,74.125.200.0-255,2902,166783,56,298800
26927,0.001683,172.31.46.0-255,66,166849,56,298800
26928,0.001688,74.125.200.0-255,4320,171169,56,298800
26929,0.001692,172.31.46.0-255,66,171235,56,298800
26930,0.001701,74.125.200.0-255,1484,172719,56,298800
26931,0.001705,74.125.200.0-255,2902,175621,56,298800
26932,0.001718,74.125.200.0-255,1484,177105,56,298800
26933,0.001722,172.31.46.0-255,66,177171,56,298800
26934,0.001734,74.125.200.0-255,2902,180073,56,298800
26935,0.00175,74.125.200.0-255,2902,182975,56,298800
26936,0.001756,172.31.46.0-255,66,183041,56,298800
26937,0.001772,74.125.200.0-255,7156,190197,56,298800
26938,0.001788,172.31.46.0-255,66,190263,56,298800
26939,0.001811,74.125.200.0-255,4320,194583,56,298800
26940,0.001829,74.125.200.0-255,3602,198185,56,298800
26941,0.001831,172.31.46.0-255,66,198251,56,298800
26942,0.001835,172.31.46.0-255,66,198317,56,298800
26943,0.001863,74.125.200.0-255,5738,204055,56,298800
26944,0.001867,172.31.46.0-255,66,204121,56,298800
26945,0.001888,74.125.200.0-255,1484,205605,56,298800
26946,0.001901,74.125.200.0-255,4320,209925,56,298800
26947,0.001911,74.125.200.0-255,1484,211409,56,298800
26948,0.001915,74.125.200.0-255,2902,214311,56,298800
26949,0.001919,74.125.200.0-255,4320,218631,56,298800
26950,0.001931,172.31.46.0-255,66,218697,56,298800
26951,0.001968,74.125.200.0-255,3602,222299,56,298800
26952,0.001982,172.31.46.0-255,66,222365,56,298800
26953,0.002011,74.125.200.0-255,1484,223849,56,298800
26954,0.002027,74.125.200.0-255,2902,226751,56,298800
26955,0.00204,172.31.46.0-255,66,226817,56,298800
26956,0.002074,74.125.200.0-255,5738,232555,56,298800
26957,0.002079,74.125.200.0-255,4320,236875,56,298800
26958,0.002084,172.31.46.0-255,66,236941,56,298800
26959,0.002095,74.125.200.0-255,2902,239843,56,298800
26960,0.002108,172.31.46.0-255,66,239909,56,298800
26961,0.00212,74.125.200.0-255,5738,245647,56,298800
26962,0.002135,74.125.200.0-255,4320,249967,56,298800
26963,0.002144,172.31.46.0-255,66,250033,56,298800
26964,0.002166,74.125.200.0-255,5738,255771,56,298800
26965,0.002178,172.31.46.0-255,66,255837,56,298800
26966,0.002187,74.125.200.0-255,3602,259439,56,298800
26967,0.002218,74.125.200.0-255,4320,263759,56,298800
26968,0.002223,172.31.46.0-255,66,263825,56,298800
26969,0.002232,74.125.200.0-255,5738,269563,56,298800
26970,0.002256,74.125.200.0-255,766,270329,56,298800
26971,0.002259,74.125.200.0-255,1484,271813,56,298800
26972,0.002271,172.31.46.0-255,66,271879,56,298800
26973,0.002282,74.125.200.0-255,5738,277617,56,298800
26974,0.002288,74.125.200.0-255,7156,284773,56,298800
26975,0.002293,172.31.46.0-255,66,284839,56,298800
26976,0.002306,74.125.200.0-255,1484,286323,56,298800
26977,0.002367,172.31.46.0-255,66,286389,56,298800
26978,0.002374,74.125.200.0-255,7156,293545,56,298800
26979,0.002378,172.31.46.0-255,66,293611,56,298800
26980,0.002406,172.31.46.0-255,66,293677,56,298800
26981,0.002419,74.125.200.0-255,4781,298458,56,298800
26982,0.002437,74.125.200.0-255,105,298563,56,298800
26983,0.002442,172.31.46.0-255,66,298629,56,298800
26984,0.004431,172.31.46.0-255,105,298734,56,298800
26985,0.006906,74.125.200.0-255,66,298800,56,298800
26986,0.0,74.125.68.0-255,153,153,56,374344
26987,2.1e-05,172.31.46.0-255,66,219,56,374344
26988,2.9e-05,74.125.68.0-255,1484,1703,56,374344
26989,3.4e-05,172.31.46.0-255,66,1769,56,374344
26990,4.5e-05,74.125.68.0-255,1484,3253,56,374344
26991,4.9e-05,172.31.46.0-255,66,3319,56,374344
26992,5.5e-05,74.125.68.0-255,2902,6221,56,374344
26993,5.8e-05,172.31.46.0-255,66,6287,56,374344
26994,0.000102,74.125.68.0-255,5738,12025,56,374344
26995,0.000106,172.31.46.0-255,66,12091,56,374344
26996,0.000109,74.125.68.0-255,1484,13575,56,374344
26997,0.000111,172.31.46.0-255,66,13641,56,374344
26998,0.000115,74.125.68.0-255,667,14308,56,374344
26999,0.000117,172.31.46.0-255,66,14374,56,374344
27000,0.00031,74.125.68.0-255,1484,15858,56,374344
27001,0.000316,172.31.46.0-255,66,15924,56,374344
27002,0.000336,74.125.68.0-255,2902,18826,56,374344
27003,0.000338,172.31.46.0-255,66,18892,56,374344
27004,0.000341,74.125.68.0-255,1484,20376,56,374344
27005,0.000343,172.31.46.0-255,66,20442,56,374344
27006,0.000373,74.125.68.0-255,2902,23344,56,374344
27007,0.000376,172.31.46.0-255,66,23410,56,374344
27008,0.000402,74.125.68.0-255,4320,27730,56,374344
27009,0.000405,172.31.46.0-255,66,27796,56,374344
27010,0.000447,74.125.68.0-255,3961,31757,56,374344
27011,0.000449,172.31.46.0-255,66,31823,56,374344
27012,0.000453,74.125.68.0-255,1484,33307,56,374344
27013,0.000455,172.31.46.0-255,66,33373,56,374344
27014,0.000478,74.125.68.0-255,2902,36275,56,374344
27015,0.000484,172.31.46.0-255,66,36341,56,374344
27016,0.000488,74.125.68.0-255,1484,37825,56,374344
27017,0.000489,172.31.46.0-255,66,37891,56,374344
27018,0.000513,74.125.68.0-255,5738,43629,56,374344
27019,0.000516,172.31.46.0-255,66,43695,56,374344
27020,0.000541,74.125.68.0-255,1484,45179,56,374344
27021,0.000567,74.125.68.0-255,2902,48081,56,374344
27022,0.00057,172.31.46.0-255,66,48147,56,374344
27023,0.000603,74.125.68.0-255,5738,53885,56,374344
27024,0.000607,172.31.46.0-255,66,53951,56,374344
27025,0.00061,74.125.68.0-255,1484,55435,56,374344
27026,0.000614,74.125.68.0-255,2902,58337,56,374344
27027,0.000616,172.31.46.0-255,66,58403,56,374344
27028,0.000644,74.125.68.0-255,4320,62723,56,374344
27029,0.000647,172.31.46.0-255,66,62789,56,374344
27030,0.000672,74.125.68.0-255,1484,64273,56,374344
27031,0.000676,74.125.68.0-255,2184,66457,56,374344
27032,0.000679,172.31.46.0-255,66,66523,56,374344
27033,0.000681,74.125.68.0-255,400,66923,56,374344
27034,0.000719,74.125.68.0-255,110,67033,56,374344
27035,0.000791,74.125.68.0-255,1484,68517,56,374344
27036,0.000796,172.31.46.0-255,66,68583,56,374344
27037,0.00083,74.125.68.0-255,2902,71485,56,374344
27038,0.000833,172.31.46.0-255,66,71551,56,374344
27039,0.00086,74.125.68.0-255,2902,74453,56,374344
27040,0.000863,172.31.46.0-255,66,74519,56,374344
27041,0.000899,74.125.68.0-255,2902,77421,56,374344
27042,0.000902,172.31.46.0-255,66,77487,56,374344
27043,0.000927,74.125.68.0-255,4320,81807,56,374344
27044,0.000929,172.31.46.0-255,66,81873,56,374344
27045,0.000955,74.125.68.0-255,2902,84775,56,374344
27046,0.000958,172.31.46.0-255,66,84841,56,374344
27047,0.000964,74.125.68.0-255,4320,89161,56,374344
27048,0.000966,172.31.46.0-255,66,89227,56,374344
27049,0.000999,74.125.68.0-255,2902,92129,56,374344
27050,0.001002,172.31.46.0-255,66,92195,56,374344
27051,0.00103,74.125.68.0-255,5738,97933,56,374344
27052,0.001033,172.31.46.0-255,66,97999,56,374344
27053,0.001058,74.125.68.0-255,3602,101601,56,374344
27054,0.001063,172.31.46.0-255,66,101667,56,374344
27055,0.00117,74.125.68.0-255,331,101998,56,374344
27056,0.00123,74.125.68.0-255,1484,103482,56,374344
27057,0.001234,172.31.46.0-255,66,103548,56,374344
27058,0.001262,74.125.68.0-255,2902,106450,56,374344
27059,0.001266,172.31.46.0-255,66,106516,56,374344
27060,0.001317,74.125.68.0-255,1484,108000,56,374344
27061,0.001342,74.125.68.0-255,2902,110902,56,374344
27062,0.001347,172.31.46.0-255,66,110968,56,374344
27063,0.001375,74.125.68.0-255,1484,112452,56,374344
27064,0.001403,74.125.68.0-255,1484,113936,56,374344
27065,0.001406,172.31.46.0-255,66,114002,56,374344
27066,0.001425,74.125.68.0-255,2902,116904,56,374344
27067,0.001428,172.31.46.0-255,66,116970,56,374344
27068,0.001465,74.125.68.0-255,4320,121290,56,374344
27069,0.001468,172.31.46.0-255,66,121356,56,374344
27070,0.001498,74.125.68.0-255,5738,127094,56,374344
27071,0.001501,172.31.46.0-255,66,127160,56,374344
27072,0.001533,74.125.68.0-255,2902,130062,56,374344
27073,0.001535,172.31.46.0-255,66,130128,56,374344
27074,0.001559,74.125.68.0-255,6438,136566,56,374344
27075,0.001561,172.31.46.0-255,66,136632,56,374344
27076,0.001712,74.125.68.0-255,1484,138116,56,374344
27077,0.001718,74.125.68.0-255,2902,141018,56,374344
27078,0.001721,172.31.46.0-255,66,141084,56,374344
27079,0.001757,74.125.68.0-255,5738,146822,56,374344
27080,0.00176,172.31.46.0-255,66,146888,56,374344
27081,0.001768,74.125.68.0-255,5738,152626,56,374344
27082,0.001769,172.31.46.0-255,66,152692,56,374344
27083,0.001781,74.125.68.0-255,7156,159848,56,374344
27084,0.001784,172.31.46.0-255,66,159914,56,374344
27085,0.001805,74.125.68.0-255,1484,161398,56,374344
27086,0.001846,172.31.46.0-255,66,161464,56,374344
27087,0.002281,74.125.68.0-255,1484,162948,56,374344
27088,0.002301,74.125.68.0-255,2902,165850,56,374344
27089,0.002305,172.31.46.0-255,66,165916,56,374344
27090,0.002336,74.125.68.0-255,4320,170236,56,374344
27091,0.002338,172.31.46.0-255,66,170302,56,374344
27092,0.002365,74.125.68.0-255,4320,174622,56,374344
27093,0.002368,172.31.46.0-255,66,174688,56,374344
27094,0.002372,74.125.68.0-255,1484,176172,56,374344
27095,0.002399,74.125.68.0-255,7156,183328,56,374344
27096,0.002401,172.31.46.0-255,66,183394,56,374344
27097,0.002404,74.125.68.0-255,1484,184878,56,374344
27098,0.00243,74.125.68.0-255,2902,187780,56,374344
27099,0.002433,172.31.46.0-255,66,187846,56,374344
27100,0.002439,74.125.68.0-255,5738,193584,56,374344
27101,0.002441,172.31.46.0-255,66,193650,56,374344
27102,0.002486,74.125.68.0-255,6438,200088,56,374344
27103,0.002489,172.31.46.0-255,66,200154,56,374344
27104,0.002497,74.125.68.0-255,7156,207310,56,374344
27105,0.002499,172.31.46.0-255,66,207376,56,374344
27106,0.002535,172.31.46.0-255,66,207442,56,374344
27107,0.00255,74.125.68.0-255,1484,208926,56,374344
27108,0.002553,74.125.68.0-255,1484,210410,56,374344
27109,0.002555,172.31.46.0-255,66,210476,56,374344
27110,0.002559,74.125.68.0-255,1484,211960,56,374344
27111,0.002587,74.125.68.0-255,1484,213444,56,374344
27112,0.002589,172.31.46.0-255,66,213510,56,374344
27113,0.002593,74.125.68.0-255,1484,214994,56,374344
27114,0.002597,74.125.68.0-255,2902,217896,56,374344
27115,0.0026,172.31.46.0-255,66,217962,56,374344
27116,0.002602,74.125.68.0-255,1484,219446,56,374344
27117,0.002628,74.125.68.0-255,1484,220930,56,374344
27118,0.00263,172.31.46.0-255,66,220996,56,374344
27119,0.002633,74.125.68.0-255,766,221762,56,374344
27120,0.002653,74.125.68.0-255,1484,223246,56,374344
27121,0.002656,172.31.46.0-255,66,223312,56,374344
27122,0.00268,74.125.68.0-255,1484,224796,56,374344
27123,0.002698,74.125.68.0-255,1484,226280,56,374344
27124,0.002701,172.31.46.0-255,66,226346,56,374344
27125,0.002704,74.125.68.0-255,1484,227830,56,374344
27126,0.002734,74.125.68.0-255,4320,232150,56,374344
27127,0.002738,172.31.46.0-255,66,232216,56,374344
27128,0.002741,74.125.68.0-255,1484,233700,56,374344
27129,0.002774,74.125.68.0-255,7156,240856,56,374344
27130,0.002777,172.31.46.0-255,66,240922,56,374344
27131,0.002794,74.125.68.0-255,4320,245242,56,374344
27132,0.002801,172.31.46.0-255,66,245308,56,374344
27133,0.002836,74.125.68.0-255,2902,248210,56,374344
27134,0.002838,172.31.46.0-255,66,248276,56,374344
27135,0.002844,74.125.68.0-255,4320,252596,56,374344
27136,0.002846,172.31.46.0-255,66,252662,56,374344
27137,0.002856,74.125.68.0-255,3602,256264,56,374344
27138,0.00286,172.31.46.0-255,66,256330,56,374344
27139,0.002938,74.125.68.0-255,1484,257814,56,374344
27140,0.002944,74.125.68.0-255,1484,259298,56,374344
27141,0.002947,172.31.46.0-255,66,259364,56,374344
27142,0.002981,74.125.68.0-255,1484,260848,56,374344
27143,0.002988,74.125.68.0-255,5738,266586,56,374344
27144,0.002991,172.31.46.0-255,66,266652,56,374344
27145,0.002996,74.125.68.0-255,2902,269554,56,374344
27146,0.002999,172.31.46.0-255,66,269620,56,374344
27147,0.003003,74.125.68.0-255,2902,272522,56,374344
27148,0.003009,172.31.46.0-255,66,272588,56,374344
27149,0.003016,74.125.68.0-255,7156,279744,56,374344
27150,0.003019,172.31.46.0-255,66,279810,56,374344
27151,0.003024,74.125.68.0-255,4320,284130,56,374344
27152,0.003029,172.31.46.0-255,66,284196,56,374344
27153,0.00306,74.125.68.0-255,5738,289934,56,374344
27154,0.003063,172.31.46.0-255,66,290000,56,374344
27155,0.003066,74.125.68.0-255,766,290766,56,374344
27156,0.003112,74.125.68.0-255,1484,292250,56,374344
27157,0.003115,172.31.46.0-255,66,292316,56,374344
27158,0.003121,74.125.68.0-255,2902,295218,56,374344
27159,0.003123,172.31.46.0-255,66,295284,56,374344
27160,0.003128,74.125.68.0-255,4320,299604,56,374344
27161,0.00313,172.31.46.0-255,66,299670,56,374344
27162,0.003167,74.125.68.0-255,1484,301154,56,374344
27163,0.003188,74.125.68.0-255,4320,305474,56,374344
27164,0.003191,172.31.46.0-255,66,305540,56,374344
27165,0.003194,74.125.68.0-255,1484,307024,56,374344
27166,0.003205,172.31.46.0-255,66,307090,56,374344
27167,0.003209,74.125.68.0-255,4320,311410,56,374344
27168,0.003212,172.31.46.0-255,66,311476,56,374344
27169,0.003243,74.125.68.0-255,3602,315078,56,374344
27170,0.003247,172.31.46.0-255,66,315144,56,374344
27171,0.003253,74.125.68.0-255,4320,319464,56,374344
27172,0.003255,172.31.46.0-255,66,319530,56,374344
27173,0.003282,74.125.68.0-255,5738,325268,56,374344
27174,0.003285,172.31.46.0-255,66,325334,56,374344
27175,0.00332,74.125.68.0-255,4320,329654,56,374344
27176,0.003323,172.31.46.0-255,66,329720,56,374344
27177,0.003328,74.125.68.0-255,4320,334040,56,374344
27178,0.003331,172.31.46.0-255,66,334106,56,374344
27179,0.003334,74.125.68.0-255,1484,335590,56,374344
27180,0.003399,74.125.68.0-255,7156,342746,56,374344
27181,0.003416,74.125.68.0-255,5738,348484,56,374344
27182,0.003429,74.125.68.0-255,2902,351386,56,374344
27183,0.003433,74.125.68.0-255,2902,354288,56,374344
27184,0.00345,74.125.68.0-255,2902,357190,56,374344
27185,0.003465,74.125.68.0-255,5738,362928,56,374344
27186,0.003495,74.125.68.0-255,4320,367248,56,374344
27187,0.003535,74.125.68.0-255,3602,370850,56,374344
27188,0.003553,74.125.68.0-255,3121,373971,56,374344
27189,0.003556,74.125.68.0-255,97,374068,56,374344
27190,0.003607,74.125.68.0-255,105,374173,56,374344
27191,0.007331,172.31.46.0-255,66,374239,56,374344
27192,0.009662,172.31.46.0-255,105,374344,56,374344
27193,0.0,74.125.24.0-255,146,146,56,156404
27194,1.3e-05,172.31.46.0-255,66,212,56,156404
27195,4.5e-05,74.125.24.0-255,1484,1696,56,156404
27196,4.9e-05,172.31.46.0-255,66,1762,56,156404
27197,5.5e-05,74.125.24.0-255,2902,4664,56,156404
27198,5.8e-05,172.31.46.0-255,66,4730,56,156404
27199,8.9e-05,74.125.24.0-255,5738,10468,56,156404
27200,9.2e-05,172.31.46.0-255,66,10534,56,156404
27201,9.7e-05,74.125.24.0-255,3490,14024,56,156404
27202,9.9e-05,172.31.46.0-255,66,14090,56,156404
27203,0.00029,74.125.24.0-255,1484,15574,56,156404
27204,0.000295,172.31.46.0-255,66,15640,56,156404
27205,0.000301,74.125.24.0-255,2902,18542,56,156404
27206,0.000303,172.31.46.0-255,66,18608,56,156404
27207,0.000334,74.125.24.0-255,5738,24346,56,156404
27208,0.000337,172.31.46.0-255,66,24412,56,156404
27209,0.000364,74.125.24.0-255,6797,31209,56,156404
27210,0.000366,172.31.46.0-255,66,31275,56,156404
27211,0.000372,74.125.24.0-255,5738,37013,56,156404
27212,0.000374,172.31.46.0-255,66,37079,56,156404
27213,0.000389,74.125.24.0-255,1484,38563,56,156404
27214,0.000392,172.31.46.0-255,66,38629,56,156404
27215,0.000417,172.31.46.0-255,66,38695,56,156404
27216,0.000476,74.125.24.0-255,1484,40179,56,156404
27217,0.000479,172.31.46.0-255,66,40245,56,156404
27218,0.000484,74.125.24.0-255,2902,43147,56,156404
27219,0.000486,172.31.46.0-255,66,43213,56,156404
27220,0.000512,74.125.24.0-255,4320,47533,56,156404
27221,0.000514,172.31.46.0-255,66,47599,56,156404
27222,0.000519,74.125.24.0-255,5738,53337,56,156404
27223,0.000521,172.31.46.0-255,66,53403,56,156404
27224,0.000559,74.125.24.0-255,2543,55946,56,156404
27225,0.000561,172.31.46.0-255,66,56012,56,156404
27226,0.000583,74.125.24.0-255,678,56690,56,156404
27227,0.000723,74.125.24.0-255,1484,58174,56,156404
27228,0.000727,172.31.46.0-255,66,58240,56,156404
27229,0.000732,74.125.24.0-255,2902,61142,56,156404
27230,0.000734,172.31.46.0-255,66,61208,56,156404
27231,0.000757,74.125.24.0-255,4320,65528,56,156404
27232,0.000759,172.31.46.0-255,66,65594,56,156404
27233,0.000762,74.125.24.0-255,1484,67078,56,156404
27234,0.00079,74.125.24.0-255,4320,71398,56,156404
27235,0.000794,172.31.46.0-255,66,71464,56,156404
27236,0.000817,74.125.24.0-255,2543,74007,56,156404
27237,0.000819,172.31.46.0-255,66,74073,56,156404
27238,0.000835,74.125.24.0-255,2902,76975,56,156404
27239,0.000837,172.31.46.0-255,66,77041,56,156404
27240,0.000841,74.125.24.0-255,1484,78525,56,156404
27241,0.00086,74.125.24.0-255,5738,84263,56,156404
27242,0.000862,172.31.46.0-255,66,84329,56,156404
27243,0.000907,74.125.24.0-255,5738,90067,56,156404
27244,0.00091,172.31.46.0-255,66,90133,56,156404
27245,0.000932,74.125.24.0-255,1125,91258,56,156404
27246,0.001343,172.31.46.0-255,66,91324,56,156404
27247,0.001791,74.125.24.0-255,1484,92808,56,156404
27248,0.0018,74.125.24.0-255,2902,95710,56,156404
27249,0.001805,172.31.46.0-255,66,95776,56,156404
27250,0.001831,74.125.24.0-255,4320,100096,56,156404
27251,0.001833,172.31.46.0-255,66,100162,56,156404
27252,0.001856,172.31.46.0-255,66,100228,56,156404
27253,0.001888,172.31.46.0-255,66,100294,56,156404
27254,0.001942,74.125.24.0-255,5020,105314,56,156404
27255,0.001945,172.31.46.0-255,66,105380,56,156404
27256,0.002134,74.125.24.0-255,1484,106864,56,156404
27257,0.00215,74.125.24.0-255,2902,109766,56,156404
27258,0.002154,172.31.46.0-255,66,109832,56,156404
27259,0.002183,74.125.24.0-255,5738,115570,56,156404
27260,0.002185,172.31.46.0-255,66,115636,56,156404
27261,0.002189,74.125.24.0-255,2902,118538,56,156404
27262,0.00219,172.31.46.0-255,66,118604,56,156404
27263,0.002218,172.31.46.0-255,66,118670,56,156404
27264,0.002221,74.125.24.0-255,1484,120154,56,156404
27265,0.002252,172.31.46.0-255,66,120220,56,156404
27266,0.002477,74.125.24.0-255,1484,121704,56,156404
27267,0.002497,74.125.24.0-255,2902,124606,56,156404
27268,0.002499,172.31.46.0-255,66,124672,56,156404
27269,0.002505,74.125.24.0-255,4320,128992,56,156404
27270,0.002506,172.31.46.0-255,66,129058,56,156404
27271,0.00252,74.125.24.0-255,1484,130542,56,156404
27272,0.002545,172.31.46.0-255,66,130608,56,156404
27273,0.002578,74.125.24.0-255,4320,134928,56,156404
27274,0.002581,172.31.46.0-255,66,134994,56,156404
27275,0.00261,74.125.24.0-255,7156,142150,56,156404
27276,0.002612,172.31.46.0-255,66,142216,56,156404
27277,0.002616,74.125.24.0-255,2184,144400,56,156404
27278,0.002618,172.31.46.0-255,66,144466,56,156404
27279,0.005219,74.125.24.0-255,2902,147368,56,156404
27280,0.005225,172.31.46.0-255,66,147434,56,156404
27281,0.005252,74.125.24.0-255,1484,148918,56,156404
27282,0.005271,74.125.24.0-255,1484,150402,56,156404
27283,0.005274,172.31.46.0-255,66,150468,56,156404
27284,0.00785,74.125.24.0-255,2902,153370,56,156404
27285,0.007857,172.31.46.0-255,66,153436,56,156404
27286,0.007887,74.125.24.0-255,2902,156338,56,156404
27287,0.00789,172.31.46.0-255,66,156404,56,156404
27288,0.0,172.217.194.0-255,153,153,56,190804
27289,1.3e-05,172.31.46.0-255,66,219,56,190804
27290,2e-05,172.217.194.0-255,1484,1703,56,190804
27291,2.5e-05,172.31.46.0-255,66,1769,56,190804
27292,3.8e-05,172.217.194.0-255,2902,4671,56,190804
27293,4.1e-05,172.31.46.0-255,66,4737,56,190804
27294,5e-05,172.217.194.0-255,7156,11893,56,190804
27295,5.3e-05,172.31.46.0-255,66,11959,56,190804
27296,6e-05,172.217.194.0-255,5738,17697,56,190804
27297,6.3e-05,172.31.46.0-255,66,17763,56,190804
27298,9.7e-05,172.217.194.0-255,629,18392,56,190804
27299,0.0001,172.31.46.0-255,66,18458,56,190804
27300,0.000108,172.217.194.0-255,7156,25614,56,190804
27301,0.000111,172.31.46.0-255,66,25680,56,190804
27302,0.000127,172.31.46.0-255,66,25746,56,190804
27303,0.000135,172.217.194.0-255,6438,32184,56,190804
27304,0.000137,172.31.46.0-255,66,32250,56,190804
27305,0.000174,172.217.194.0-255,4320,36570,56,190804
27306,0.000177,172.31.46.0-255,66,36636,56,190804
27307,0.000217,172.31.46.0-255,66,36702,56,190804
27308,0.000219,172.217.194.0-255,364,37066,56,190804
27309,0.000221,172.31.46.0-255,66,37132,56,190804
27310,0.000378,172.217.194.0-255,1484,38616,56,190804
27311,0.000384,172.31.46.0-255,66,38682,56,190804
27312,0.000389,172.217.194.0-255,2902,41584,56,190804
27313,0.000392,172.31.46.0-255,66,41650,56,190804
27314,0.000396,172.217.194.0-255,2902,44552,56,190804
27315,0.000398,172.31.46.0-255,66,44618,56,190804
27316,0.000415,172.217.194.0-255,2902,47520,56,190804
27317,0.000421,172.31.46.0-255,66,47586,56,190804
27318,0.000424,172.217.194.0-255,1484,49070,56,190804
27319,0.000465,172.217.194.0-255,7156,56226,56,190804
27320,0.000484,172.217.194.0-255,2902,59128,56,190804
27321,0.000487,172.217.194.0-255,766,59894,56,190804
27322,0.000564,172.31.46.0-255,66,59960,56,190804
27323,0.000813,172.217.194.0-255,1484,61444,56,190804
27324,0.000828,172.217.194.0-255,2902,64346,56,190804
27325,0.000831,172.31.46.0-255,66,64412,56,190804
27326,0.000837,172.217.194.0-255,4320,68732,56,190804
27327,0.000842,172.31.46.0-255,66,68798,56,190804
27328,0.000863,172.217.194.0-255,1484,70282,56,190804
27329,0.000869,172.217.194.0-255,5738,76020,56,190804
27330,0.000889,172.217.194.0-255,2902,78922,56,190804
27331,0.000894,172.31.46.0-255,66,78988,56,190804
27332,0.000923,172.217.194.0-255,4320,83308,56,190804
27333,0.000926,172.217.194.0-255,1484,84792,56,190804
27334,0.000964,172.31.46.0-255,66,84858,56,190804
27335,0.000989,172.31.46.0-255,66,84924,56,190804
27336,0.001766,172.217.194.0-255,1484,86408,56,190804
27337,0.001791,172.217.194.0-255,2902,89310,56,190804
27338,0.001794,172.31.46.0-255,66,89376,56,190804
27339,0.001801,172.217.194.0-255,5738,95114,56,190804
27340,0.001803,172.31.46.0-255,66,95180,56,190804
27341,0.001838,172.217.194.0-255,5738,100918,56,190804
27342,0.001842,172.31.46.0-255,66,100984,56,190804
27343,0.001872,172.217.194.0-255,7156,108140,56,190804
27344,0.001874,172.31.46.0-255,66,108206,56,190804
27345,0.001877,172.217.194.0-255,1484,109690,56,190804
27346,0.00188,172.217.194.0-255,1484,111174,56,190804
27347,0.001882,172.31.46.0-255,66,111240,56,190804
27348,0.001922,172.31.46.0-255,66,111306,56,190804
27349,0.002031,172.217.194.0-255,1484,112790,56,190804
27350,0.002036,172.217.194.0-255,1484,114274,56,190804
27351,0.002039,172.31.46.0-255,66,114340,56,190804
27352,0.002063,172.217.194.0-255,1484,115824,56,190804
27353,0.00207,172.217.194.0-255,5738,121562,56,190804
27354,0.002075,172.31.46.0-255,66,121628,56,190804
27355,0.002112,172.31.46.0-255,66,121694,56,190804
27356,0.00214,172.217.194.0-255,7156,128850,56,190804
27357,0.002143,172.31.46.0-255,66,128916,56,190804
27358,0.002169,172.217.194.0-255,3602,132518,56,190804
27359,0.002171,172.31.46.0-255,66,132584,56,190804
27360,0.00226,172.217.194.0-255,1484,134068,56,190804
27361,0.002265,172.217.194.0-255,2902,136970,56,190804
27362,0.002268,172.31.46.0-255,66,137036,56,190804
27363,0.002274,172.217.194.0-255,4320,141356,56,190804
27364,0.002276,172.31.46.0-255,66,141422,56,190804
27365,0.002295,172.217.194.0-255,1484,142906,56,190804
27366,0.002305,172.217.194.0-255,5738,148644,56,190804
27367,0.00231,172.217.194.0-255,4320,152964,56,190804
27368,0.002315,172.31.46.0-255,66,153030,56,190804
27369,0.002352,172.217.194.0-255,5020,158050,56,190804
27370,0.002357,172.31.46.0-255,66,158116,56,190804
27371,0.002444,172.217.194.0-255,1484,159600,56,190804
27372,0.002464,172.217.194.0-255,2902,162502,56,190804
27373,0.002468,172.31.46.0-255,66,162568,56,190804
27374,0.002472,172.217.194.0-255,1484,164052,56,190804
27375,0.0025,172.217.194.0-255,4320,168372,56,190804
27376,0.002541,172.217.194.0-255,5738,174110,56,190804
27377,0.002557,172.217.194.0-255,7156,181266,56,190804
27378,0.002573,172.217.194.0-255,5020,186286,56,190804
27379,0.002576,172.217.194.0-255,1484,187770,56,190804
27380,0.002611,172.217.194.0-255,1484,189254,56,190804
27381,0.002614,172.217.194.0-255,1484,190738,56,190804
27382,0.008398,172.31.46.0-255,66,190804,56,190804
27383,0.0,172.217.194.0-255,146,146,56,212371
27384,2.1e-05,172.31.46.0-255,66,212,56,212371
27385,2.7e-05,172.217.194.0-255,1484,1696,56,212371
27386,3.1e-05,172.31.46.0-255,66,1762,56,212371
27387,4.2e-05,172.217.194.0-255,2902,4664,56,212371
27388,4.6e-05,172.31.46.0-255,66,4730,56,212371
27389,5.2e-05,172.217.194.0-255,7156,11886,56,212371
27390,5.5e-05,172.31.46.0-255,66,11952,56,212371
27391,6.8e-05,172.31.46.0-255,66,12018,56,212371
27392,8.3e-05,172.217.194.0-255,697,12715,56,212371
27393,8.6e-05,172.31.46.0-255,66,12781,56,212371
27394,9.8e-05,172.217.194.0-255,6797,19578,56,212371
27395,0.0001,172.31.46.0-255,66,19644,56,212371
27396,0.000158,172.217.194.0-255,1484,21128,56,212371
27397,0.00016,172.31.46.0-255,66,21194,56,212371
27398,0.000164,172.217.194.0-255,1484,22678,56,212371
27399,0.000166,172.31.46.0-255,66,22744,56,212371
27400,0.000197,172.217.194.0-255,1484,24228,56,212371
27401,0.000199,172.31.46.0-255,66,24294,56,212371
27402,0.000205,172.217.194.0-255,5738,30032,56,212371
27403,0.000208,172.31.46.0-255,66,30098,56,212371
27404,0.000217,172.31.46.0-255,66,30164,56,212371
27405,0.000247,172.217.194.0-255,5379,35543,56,212371
27406,0.000249,172.31.46.0-255,66,35609,56,212371
27407,0.000259,172.31.46.0-255,66,35675,56,212371
27408,0.000281,172.217.194.0-255,1385,37060,56,212371
27409,0.000283,172.31.46.0-255,66,37126,56,212371
27410,0.000333,172.217.194.0-255,395,37521,56,212371
27411,0.000336,172.31.46.0-255,66,37587,56,212371
27412,0.000358,172.217.194.0-255,1484,39071,56,212371
27413,0.000375,172.217.194.0-255,4320,43391,56,212371
27414,0.000396,172.217.194.0-255,5738,49129,56,212371
27415,0.00042,172.217.194.0-255,2902,52031,56,212371
27416,0.000476,172.217.194.0-255,766,52797,56,212371
27417,0.000537,172.31.46.0-255,66,52863,56,212371
27418,0.000828,172.217.194.0-255,1484,54347,56,212371
27419,0.000835,172.217.194.0-255,2902,57249,56,212371
27420,0.000849,172.217.194.0-255,4320,61569,56,212371
27421,0.000864,172.217.194.0-255,1484,63053,56,212371
27422,0.000867,172.217.194.0-255,1484,64537,56,212371
27423,0.000876,172.31.46.0-255,66,64603,56,212371
27424,0.000935,172.31.46.0-255,66,64669,56,212371
27425,0.00108,172.217.194.0-255,1484,66153,56,212371
27426,0.001084,172.217.194.0-255,1484,67637,56,212371
27427,0.001087,172.31.46.0-255,66,67703,56,212371
27428,0.001141,172.217.194.0-255,1484,69187,56,212371
27429,0.001149,172.217.194.0-255,5738,74925,56,212371
27430,0.001216,172.217.194.0-255,1484,76409,56,212371
27431,0.001231,172.217.194.0-255,2902,79311,56,212371
27432,0.001235,172.217.194.0-255,2902,82213,56,212371
27433,0.001254,172.217.194.0-255,2902,85115,56,212371
27434,0.00126,172.217.194.0-255,5738,90853,56,212371
27435,0.001276,172.217.194.0-255,2902,93755,56,212371
27436,0.001293,172.217.194.0-255,7156,100911,56,212371
27437,0.001311,172.217.194.0-255,2902,103813,56,212371
27438,0.001332,172.217.194.0-255,5020,108833,56,212371
27439,0.001338,172.217.194.0-255,5738,114571,56,212371
27440,0.00136,172.217.194.0-255,7156,121727,56,212371
27441,0.001372,172.217.194.0-255,2902,124629,56,212371
27442,0.00142,172.217.194.0-255,4320,128949,56,212371
27443,0.001422,172.217.194.0-255,766,129715,56,212371
27444,0.001438,172.217.194.0-255,1484,131199,56,212371
27445,0.001451,172.217.194.0-255,2902,134101,56,212371
27446,0.00147,172.217.194.0-255,5738,139839,56,212371
27447,0.001473,172.217.194.0-255,1484,141323,56,212371
27448,0.001518,172.217.194.0-255,1484,142807,56,212371
27449,0.001664,172.217.194.0-255,1484,144291,56,212371
27450,0.001685,172.217.194.0-255,2902,147193,56,212371
27451,0.001692,172.217.194.0-255,5738,152931,56,212371
27452,0.001732,172.217.194.0-255,5738,158669,56,212371
27453,0.00175,172.217.194.0-255,7156,165825,56,212371
27454,0.001763,172.217.194.0-255,2184,168009,56,212371
27455,0.00191,172.217.194.0-255,1484,169493,56,212371
27456,0.001917,172.217.194.0-255,2902,172395,56,212371
27457,0.001921,172.217.194.0-255,1484,173879,56,212371
27458,0.001936,172.217.194.0-255,4320,178199,56,212371
27459,0.001995,172.217.194.0-255,4320,182519,56,212371
27460,0.002018,172.217.194.0-255,1484,184003,56,212371
27461,0.002021,172.217.194.0-255,766,184769,56,212371
27462,0.002111,172.217.194.0-255,1484,186253,56,212371
27463,0.002126,172.217.194.0-255,2902,189155,56,212371
27464,0.002133,172.217.194.0-255,5738,194893,56,212371
27465,0.002179,172.217.194.0-255,2902,197795,56,212371
27466,0.002224,172.217.194.0-255,2902,200697,56,212371
27467,0.002235,172.217.194.0-255,1484,202181,56,212371
27468,0.002249,172.217.194.0-255,4320,206501,56,212371
27469,0.005524,172.31.46.0-255,66,206567,56,212371
27470,0.007899,172.217.194.0-255,5738,212305,56,212371
27471,0.00791,172.31.46.0-255,66,212371,56,212371
27472,0.0,74.125.68.0-255,152,152,56,295277
27473,2.6e-05,172.31.46.0-255,66,218,56,295277
27474,3.6e-05,74.125.68.0-255,1484,1702,56,295277
27475,4.3e-05,172.31.46.0-255,66,1768,56,295277
27476,4.9e-05,74.125.68.0-255,2902,4670,56,295277
27477,5.2e-05,172.31.46.0-255,66,4736,56,295277
27478,7.6e-05,74.125.68.0-255,1484,6220,56,295277
27479,7.8e-05,172.31.46.0-255,66,6286,56,295277
27480,8.4e-05,74.125.68.0-255,2902,9188,56,295277
27481,8.7e-05,172.31.46.0-255,66,9254,56,295277
27482,0.000112,74.125.68.0-255,2902,12156,56,295277
27483,0.000115,172.31.46.0-255,66,12222,56,295277
27484,0.000119,74.125.68.0-255,1484,13706,56,295277
27485,0.000121,172.31.46.0-255,66,13772,56,295277
27486,0.000136,74.125.68.0-255,2042,15814,56,295277
27487,0.000138,172.31.46.0-255,66,15880,56,295277
27488,0.000142,74.125.68.0-255,1484,17364,56,295277
27489,0.000144,172.31.46.0-255,66,17430,56,295277
27490,0.000164,74.125.68.0-255,2902,20332,56,295277
27491,0.000167,172.31.46.0-255,66,20398,56,295277
27492,0.00019,74.125.68.0-255,5738,26136,56,295277
27493,0.000193,172.31.46.0-255,66,26202,56,295277
27494,0.000198,74.125.68.0-255,4320,30522,56,295277
27495,0.0002,172.31.46.0-255,66,30588,56,295277
27496,0.000215,74.125.68.0-255,1125,31713,56,295277
27497,0.000217,172.31.46.0-255,66,31779,56,295277
27498,0.00035,74.125.68.0-255,1484,33263,56,295277
27499,0.000355,172.31.46.0-255,66,33329,56,295277
27500,0.000376,74.125.68.0-255,2902,36231,56,295277
27501,0.000378,172.31.46.0-255,66,36297,56,295277
27502,0.000386,74.125.68.0-255,5738,42035,56,295277
27503,0.000389,172.31.46.0-255,66,42101,56,295277
27504,0.000403,74.125.68.0-255,4320,46421,56,295277
27505,0.000431,74.125.68.0-255,2543,48964,56,295277
27506,0.000439,74.125.68.0-255,7156,56120,56,295277
27507,0.000451,74.125.68.0-255,1484,57604,56,295277
27508,0.000462,74.125.68.0-255,2902,60506,56,295277
27509,0.000477,74.125.68.0-255,4320,64826,56,295277
27510,0.000509,74.125.68.0-255,1460,66286,56,295277
27511,0.000529,172.31.46.0-255,66,66352,56,295277
27512,0.000573,74.125.68.0-255,1484,67836,56,295277
27513,0.000588,74.125.68.0-255,2902,70738,56,295277
27514,0.000596,172.31.46.0-255,66,70804,56,295277
27515,0.000609,74.125.68.0-255,5738,76542,56,295277
27516,0.000616,74.125.68.0-255,5738,82280,56,295277
27517,0.000641,172.31.46.0-255,66,82346,56,295277
27518,0.000652,74.125.68.0-255,1125,83471,56,295277
27519,0.000712,74.125.68.0-255,1484,84955,56,295277
27520,0.000719,172.31.46.0-255,66,85021,56,295277
27521,0.00073,74.125.68.0-255,2902,87923,56,295277
27522,0.000743,74.125.68.0-255,1484,89407,56,295277
27523,0.000753,172.31.46.0-255,66,89473,56,295277
27524,0.000775,74.125.68.0-255,4320,93793,56,295277
27525,0.00078,74.125.68.0-255,2902,96695,56,295277
27526,0.000784,74.125.68.0-255,3666,100361,56,295277
27527,0.0008,172.31.46.0-255,66,100427,56,295277
27528,0.000805,74.125.68.0-255,2902,103329,56,295277
27529,0.00081,172.31.46.0-255,66,103395,56,295277
27530,0.000822,74.125.68.0-255,5738,109133,56,295277
27531,0.000838,74.125.68.0-255,2902,112035,56,295277
27532,0.000862,74.125.68.0-255,7156,119191,56,295277
27533,0.000867,172.31.46.0-255,66,119257,56,295277
27534,0.000907,172.31.46.0-255,66,119323,56,295277
27535,0.000913,74.125.68.0-255,4320,123643,56,295277
27536,0.000918,172.31.46.0-255,66,123709,56,295277
27537,0.000926,74.125.68.0-255,2184,125893,56,295277
27538,0.000947,172.31.46.0-255,66,125959,56,295277
27539,0.000964,74.125.68.0-255,1484,127443,56,295277
27540,0.000982,74.125.68.0-255,2902,130345,56,295277
27541,0.001022,172.31.46.0-255,66,130411,56,295277
27542,0.001034,74.125.68.0-255,5738,136149,56,295277
27543,0.001037,74.125.68.0-255,2902,139051,56,295277
27544,0.001039,74.125.68.0-255,1484,140535,56,295277
27545,0.001068,74.125.68.0-255,2902,143437,56,295277
27546,0.001082,74.125.68.0-255,2902,146339,56,295277
27547,0.001094,172.31.46.0-255,66,146405,56,295277
27548,0.001125,74.125.68.0-255,5020,151425,56,295277
27549,0.001146,172.31.46.0-255,66,151491,56,295277
27550,0.001324,74.125.68.0-255,1484,152975,56,295277
27551,0.00133,74.125.68.0-255,2902,155877,56,295277
27552,0.001344,172.31.46.0-255,66,155943,56,295277
27553,0.001356,74.125.68.0-255,5738,161681,56,295277
27554,0.001361,172.31.46.0-255,66,161747,56,295277
27555,0.001375,74.125.68.0-255,4320,166067,56,295277
27556,0.001391,74.125.68.0-255,2902,168969,56,295277
27557,0.001397,74.125.68.0-255,5738,174707,56,295277
27558,0.001401,172.31.46.0-255,66,174773,56,295277
27559,0.001406,172.31.46.0-255,66,174839,56,295277
27560,0.001419,74.125.68.0-255,2902,177741,56,295277
27561,0.001423,74.125.68.0-255,1484,179225,56,295277
27562,0.001444,74.125.68.0-255,6438,185663,56,295277
27563,0.001447,172.31.46.0-255,66,185729,56,295277
27564,0.001452,172.31.46.0-255,66,185795,56,295277
27565,0.001603,74.125.68.0-255,1484,187279,56,295277
27566,0.001636,74.125.68.0-255,2902,190181,56,295277
27567,0.001653,74.125.68.0-255,4320,194501,56,295277
27568,0.001661,172.31.46.0-255,66,194567,56,295277
27569,0.001696,74.125.68.0-255,5738,200305,56,295277
27570,0.001714,74.125.68.0-255,2902,203207,56,295277
27571,0.001726,74.125.68.0-255,2902,206109,56,295277
27572,0.001729,172.31.46.0-255,66,206175,56,295277
27573,0.00174,74.125.68.0-255,3602,209777,56,295277
27574,0.001745,172.31.46.0-255,66,209843,56,295277
27575,0.001839,74.125.68.0-255,1484,211327,56,295277
27576,0.001857,74.125.68.0-255,2902,214229,56,295277
27577,0.001864,172.31.46.0-255,66,214295,56,295277
27578,0.00189,74.125.68.0-255,5738,220033,56,295277
27579,0.001903,74.125.68.0-255,5738,225771,56,295277
27580,0.001911,172.31.46.0-255,66,225837,56,295277
27581,0.001914,74.125.68.0-255,1484,227321,56,295277
27582,0.001928,74.125.68.0-255,2902,230223,56,295277
27583,0.001948,172.31.46.0-255,66,230289,56,295277
27584,0.001963,172.31.46.0-255,66,230355,56,295277
27585,0.001981,74.125.68.0-255,2184,232539,56,295277
27586,0.001997,172.31.46.0-255,66,232605,56,295277
27587,0.002016,74.125.68.0-255,2902,235507,56,295277
27588,0.002029,172.31.46.0-255,66,235573,56,295277
27589,0.002032,74.125.68.0-255,1484,237057,56,295277
27590,0.002035,74.125.68.0-255,1484,238541,56,295277
27591,0.002052,74.125.68.0-255,1484,240025,56,295277
27592,0.002059,74.125.68.0-255,5738,245763,56,295277
27593,0.002062,172.31.46.0-255,66,245829,56,295277
27594,0.002088,74.125.68.0-255,5738,251567,56,295277
27595,0.002095,172.31.46.0-255,66,251633,56,295277
27596,0.002106,74.125.68.0-255,5738,257371,56,295277
27597,0.00211,172.31.46.0-255,66,257437,56,295277
27598,0.002171,74.125.68.0-255,2184,259621,56,295277
27599,0.002174,172.31.46.0-255,66,259687,56,295277
27600,0.002185,74.125.68.0-255,4320,264007,56,295277
27601,0.00219,172.31.46.0-255,66,264073,56,295277
27602,0.002223,74.125.68.0-255,2902,266975,56,295277
27603,0.002228,74.125.68.0-255,4320,271295,56,295277
27604,0.002282,172.31.46.0-255,66,271361,56,295277
27605,0.002296,74.125.68.0-255,2184,273545,56,295277
27606,0.002299,74.125.68.0-255,2902,276447,56,295277
27607,0.002305,74.125.68.0-255,7156,283603,56,295277
27608,0.002312,172.31.46.0-255,66,283669,56,295277
27609,0.004572,74.125.68.0-255,5738,289407,56,295277
27610,0.00458,172.31.46.0-255,66,289473,56,295277
27611,0.006839,74.125.68.0-255,2902,292375,56,295277
27612,0.006855,74.125.68.0-255,2902,295277,56,295277
27613,0.0,172.217.194.0-255,150,150,56,178469
27614,2.3e-05,172.31.46.0-255,66,216,56,178469
27615,3e-05,172.217.194.0-255,1484,1700,56,178469
27616,3.4e-05,172.31.46.0-255,66,1766,56,178469
27617,4e-05,172.217.194.0-255,2902,4668,56,178469
27618,5.2e-05,172.31.46.0-255,66,4734,56,178469
27619,5.9e-05,172.217.194.0-255,7156,11890,56,178469
27620,6.2e-05,172.31.46.0-255,66,11956,56,178469
27621,6.6e-05,172.217.194.0-255,1976,13932,56,178469
27622,6.9e-05,172.31.46.0-255,66,13998,56,178469
27623,0.000103,172.217.194.0-255,2902,16900,56,178469
27624,0.000106,172.31.46.0-255,66,16966,56,178469
27625,0.000112,172.217.194.0-255,5738,22704,56,178469
27626,0.000114,172.31.46.0-255,66,22770,56,178469
27627,0.000162,172.31.46.0-255,66,22836,56,178469
27628,0.000195,172.31.46.0-255,66,22902,56,178469
27629,0.000199,172.217.194.0-255,2902,25804,56,178469
27630,0.000201,172.31.46.0-255,66,25870,56,178469
27631,0.000238,172.217.194.0-255,5379,31249,56,178469
27632,0.000241,172.31.46.0-255,66,31315,56,178469
27633,0.000271,172.217.194.0-255,7156,38471,56,178469
27634,0.000273,172.31.46.0-255,66,38537,56,178469
27635,0.000284,172.31.46.0-255,66,38603,56,178469
27636,0.000315,172.217.194.0-255,1451,40054,56,178469
27637,0.000318,172.31.46.0-255,66,40120,56,178469
27638,0.0005,172.217.194.0-255,381,40501,56,178469
27639,0.000505,172.31.46.0-255,66,40567,56,178469
27640,0.00074,172.217.194.0-255,1484,42051,56,178469
27641,0.000745,172.217.194.0-255,2902,44953,56,178469
27642,0.000749,172.217.194.0-255,2902,47855,56,178469
27643,0.000753,172.31.46.0-255,66,47921,56,178469
27644,0.000756,172.31.46.0-255,66,47987,56,178469
27645,0.000759,172.31.46.0-255,66,48053,56,178469
27646,0.000774,172.217.194.0-255,2902,50955,56,178469
27647,0.000781,172.217.194.0-255,6797,57752,56,178469
27648,0.000785,172.31.46.0-255,66,57818,56,178469
27649,0.000787,172.31.46.0-255,66,57884,56,178469
27650,0.000838,172.31.46.0-255,66,57950,56,178469
27651,0.000843,172.217.194.0-255,2543,60493,56,178469
27652,0.000845,172.31.46.0-255,66,60559,56,178469
27653,0.001435,172.217.194.0-255,1484,62043,56,178469
27654,0.001442,172.217.194.0-255,2902,64945,56,178469
27655,0.001445,172.31.46.0-255,66,65011,56,178469
27656,0.001449,172.217.194.0-255,1484,66495,56,178469
27657,0.001473,172.217.194.0-255,4320,70815,56,178469
27658,0.001475,172.31.46.0-255,66,70881,56,178469
27659,0.001533,172.31.46.0-255,66,70947,56,178469
27660,0.001559,172.217.194.0-255,1484,72431,56,178469
27661,0.001571,172.31.46.0-255,66,72497,56,178469
27662,0.001612,172.31.46.0-255,66,72563,56,178469
27663,0.001619,172.217.194.0-255,5738,78301,56,178469
27664,0.001621,172.31.46.0-255,66,78367,56,178469
27665,0.001671,172.217.194.0-255,4320,82687,56,178469
27666,0.001674,172.31.46.0-255,66,82753,56,178469
27667,0.001707,172.31.46.0-255,66,82819,56,178469
27668,0.001713,172.217.194.0-255,4320,87139,56,178469
27669,0.001715,172.31.46.0-255,66,87205,56,178469
27670,0.001721,172.217.194.0-255,5738,92943,56,178469
27671,0.001723,172.31.46.0-255,66,93009,56,178469
27672,0.001727,172.217.194.0-255,1484,94493,56,178469
27673,0.001766,172.31.46.0-255,66,94559,56,178469
27674,0.001779,172.31.46.0-255,66,94625,56,178469
27675,0.001822,172.217.194.0-255,2902,97527,56,178469
27676,0.001825,172.31.46.0-255,66,97593,56,178469
27677,0.001831,172.217.194.0-255,4320,101913,56,178469
27678,0.001833,172.31.46.0-255,66,101979,56,178469
27679,0.001847,172.31.46.0-255,66,102045,56,178469
27680,0.001896,172.31.46.0-255,66,102111,56,178469
27681,0.001935,172.31.46.0-255,66,102177,56,178469
27682,0.001979,172.31.46.0-255,66,102243,56,178469
27683,0.001993,172.31.46.0-255,66,102309,56,178469
27684,0.002001,172.217.194.0-255,1484,103793,56,178469
27685,0.002043,172.31.46.0-255,66,103859,56,178469
27686,0.002062,172.31.46.0-255,66,103925,56,178469
27687,0.002068,172.217.194.0-255,5738,109663,56,178469
27688,0.00207,172.31.46.0-255,66,109729,56,178469
27689,0.002112,172.217.194.0-255,3602,113331,56,178469
27690,0.002115,172.31.46.0-255,66,113397,56,178469
27691,0.002187,172.217.194.0-255,1484,114881,56,178469
27692,0.002193,172.217.194.0-255,2902,117783,56,178469
27693,0.002196,172.31.46.0-255,66,117849,56,178469
27694,0.002223,172.217.194.0-255,5738,123587,56,178469
27695,0.002226,172.31.46.0-255,66,123653,56,178469
27696,0.002268,172.217.194.0-255,4320,127973,56,178469
27697,0.002275,172.31.46.0-255,66,128039,56,178469
27698,0.002307,172.217.194.0-255,6438,134477,56,178469
27699,0.002311,172.217.194.0-255,1484,135961,56,178469
27700,0.002326,172.217.194.0-255,2902,138863,56,178469
27701,0.002329,172.31.46.0-255,66,138929,56,178469
27702,0.002334,172.31.46.0-255,66,138995,56,178469
27703,0.002362,172.217.194.0-255,5738,144733,56,178469
27704,0.002395,172.31.46.0-255,66,144799,56,178469
27705,0.002448,172.31.46.0-255,66,144865,56,178469
27706,0.002472,172.217.194.0-255,1484,146349,56,178469
27707,0.002478,172.217.194.0-255,2902,149251,56,178469
27708,0.002486,172.31.46.0-255,66,149317,56,178469
27709,0.002505,172.217.194.0-255,5738,155055,56,178469
27710,0.002526,172.217.194.0-255,2902,157957,56,178469
27711,0.002529,172.31.46.0-255,66,158023,56,178469
27712,0.002541,172.217.194.0-255,5738,163761,56,178469
27713,0.00255,172.31.46.0-255,66,163827,56,178469
27714,0.002571,172.31.46.0-255,66,163893,56,178469
27715,0.002582,172.217.194.0-255,2902,166795,56,178469
27716,0.002627,172.31.46.0-255,66,166861,56,178469
27717,0.005264,172.217.194.0-255,5738,172599,56,178469
27718,0.005271,172.31.46.0-255,66,172665,56,178469
27719,0.007852,172.217.194.0-255,5738,178403,56,178469
27720,0.007859,172.31.46.0-255,66,178469,56,178469
27721,0.0,74.125.24.0-255,155,155,56,126663
27722,2.3e-05,172.31.46.0-255,66,221,56,126663
27723,3e-05,74.125.24.0-255,1484,1705,56,126663
27724,3.4e-05,172.31.46.0-255,66,1771,56,126663
27725,4e-05,74.125.24.0-255,2902,4673,56,126663
27726,4.4e-05,172.31.46.0-255,66,4739,56,126663
27727,4.7e-05,74.125.24.0-255,1484,6223,56,126663
27728,4.9e-05,172.31.46.0-255,66,6289,56,126663
27729,5.7e-05,74.125.24.0-255,5738,12027,56,126663
27730,6e-05,172.31.46.0-255,66,12093,56,126663
27731,8.6e-05,74.125.24.0-255,1484,13577,56,126663
27732,8.9e-05,172.31.46.0-255,66,13643,56,126663
27733,0.00012,172.31.46.0-255,66,13709,56,126663
27734,0.000132,172.31.46.0-255,66,13775,56,126663
27735,0.00018,74.125.24.0-255,1484,15259,56,126663
27736,0.000182,172.31.46.0-255,66,15325,56,126663
27737,0.000196,74.125.24.0-255,2902,18227,56,126663
27738,0.000198,172.31.46.0-255,66,18293,56,126663
27739,0.000223,74.125.24.0-255,5738,24031,56,126663
27740,0.000226,172.31.46.0-255,66,24097,56,126663
27741,0.000258,74.125.24.0-255,1484,25581,56,126663
27742,0.00026,172.31.46.0-255,66,25647,56,126663
27743,0.000282,74.125.24.0-255,5379,31026,56,126663
27744,0.000286,172.31.46.0-255,66,31092,56,126663
27745,0.001165,74.125.24.0-255,1484,32576,56,126663
27746,0.001172,172.31.46.0-255,66,32642,56,126663
27747,0.001181,74.125.24.0-255,2902,35544,56,126663
27748,0.001183,172.31.46.0-255,66,35610,56,126663
27749,0.00119,74.125.24.0-255,5738,41348,56,126663
27750,0.001192,172.31.46.0-255,66,41414,56,126663
27751,0.001198,74.125.24.0-255,4320,45734,56,126663
27752,0.0012,172.31.46.0-255,66,45800,56,126663
27753,0.001218,74.125.24.0-255,2543,48343,56,126663
27754,0.001221,172.31.46.0-255,66,48409,56,126663
27755,0.001241,74.125.24.0-255,7156,55565,56,126663
27756,0.001243,172.31.46.0-255,66,55631,56,126663
27757,0.00126,74.125.24.0-255,7156,62787,56,126663
27758,0.001262,172.31.46.0-255,66,62853,56,126663
27759,0.001267,74.125.24.0-255,3124,65977,56,126663
27760,0.001269,172.31.46.0-255,66,66043,56,126663
27761,0.001303,74.125.24.0-255,7156,73199,56,126663
27762,0.001305,172.31.46.0-255,66,73265,56,126663
27763,0.001323,74.125.24.0-255,1484,74749,56,126663
27764,0.00137,172.31.46.0-255,66,74815,56,126663
27765,0.001556,74.125.24.0-255,1484,76299,56,126663
27766,0.001563,74.125.24.0-255,2902,79201,56,126663
27767,0.001567,172.31.46.0-255,66,79267,56,126663
27768,0.001573,74.125.24.0-255,2902,82169,56,126663
27769,0.001574,172.31.46.0-255,66,82235,56,126663
27770,0.001589,74.125.24.0-255,2902,85137,56,126663
27771,0.001592,172.31.46.0-255,66,85203,56,126663
27772,0.001663,74.125.24.0-255,5738,90941,56,126663
27773,0.001709,74.125.24.0-255,4320,95261,56,126663
27774,0.001729,74.125.24.0-255,5020,100281,56,126663
27775,0.001741,172.31.46.0-255,66,100347,56,126663
27776,0.002273,74.125.24.0-255,1484,101831,56,126663
27777,0.00229,74.125.24.0-255,2902,104733,56,126663
27778,0.002293,172.31.46.0-255,66,104799,56,126663
27779,0.002312,74.125.24.0-255,5738,110537,56,126663
27780,0.002314,172.31.46.0-255,66,110603,56,126663
27781,0.004577,74.125.24.0-255,5738,116341,56,126663
27782,0.004583,172.31.46.0-255,66,116407,56,126663
27783,0.006853,74.125.24.0-255,4320,120727,56,126663
27784,0.006857,172.31.46.0-255,66,120793,56,126663
27785,0.006875,74.125.24.0-255,1484,122277,56,126663
27786,0.009142,74.125.24.0-255,4320,126597,56,126663
27787,0.00915,172.31.46.0-255,66,126663,56,126663
27788,0.0,172.217.194.0-255,153,153,56,201219
27789,2.1e-05,172.31.46.0-255,66,219,56,201219
27790,2.8e-05,172.217.194.0-255,1484,1703,56,201219
27791,3.3e-05,172.31.46.0-255,66,1769,56,201219
27792,4e-05,172.217.194.0-255,2902,4671,56,201219
27793,4.3e-05,172.31.46.0-255,66,4737,56,201219
27794,4.8e-05,172.217.194.0-255,2902,7639,56,201219
27795,5.1e-05,172.31.46.0-255,66,7705,56,201219
27796,8.5e-05,172.217.194.0-255,6231,13936,56,201219
27797,8.9e-05,172.31.46.0-255,66,14002,56,201219
27798,0.000111,172.217.194.0-255,4320,18322,56,201219
27799,0.000113,172.31.46.0-255,66,18388,56,201219
27800,0.000134,172.217.194.0-255,2902,21290,56,201219
27801,0.000137,172.31.46.0-255,66,21356,56,201219
27802,0.000144,172.217.194.0-255,5738,27094,56,201219
27803,0.000146,172.31.46.0-255,66,27160,56,201219
27804,0.00016,172.217.194.0-255,3961,31121,56,201219
27805,0.000163,172.31.46.0-255,66,31187,56,201219
27806,0.000253,172.217.194.0-255,1484,32671,56,201219
27807,0.000256,172.31.46.0-255,66,32737,56,201219
27808,0.000274,172.217.194.0-255,2902,35639,56,201219
27809,0.000277,172.31.46.0-255,66,35705,56,201219
27810,0.000283,172.217.194.0-255,5738,41443,56,201219
27811,0.000285,172.31.46.0-255,66,41509,56,201219
27812,0.000308,172.217.194.0-255,2902,44411,56,201219
27813,0.00031,172.31.46.0-255,66,44477,56,201219
27814,0.00034,172.31.46.0-255,66,44543,56,201219
27815,0.000351,172.31.46.0-255,66,44609,56,201219
27816,0.000375,172.217.194.0-255,1125,45734,56,201219
27817,0.000378,172.31.46.0-255,66,45800,56,201219
27818,0.000395,172.217.194.0-255,360,46160,56,201219
27819,0.000746,172.217.194.0-255,384,46544,56,201219
27820,0.000782,172.217.194.0-255,1484,48028,56,201219
27821,0.000786,172.31.46.0-255,66,48094,56,201219
27822,0.000793,172.217.194.0-255,4320,52414,56,201219
27823,0.000796,172.31.46.0-255,66,52480,56,201219
27824,0.000839,172.31.46.0-255,66,52546,56,201219
27825,0.000853,172.31.46.0-255,66,52612,56,201219
27826,0.000874,172.217.194.0-255,1484,54096,56,201219
27827,0.00088,172.217.194.0-255,3602,57698,56,201219
27828,0.000883,172.31.46.0-255,66,57764,56,201219
27829,0.001006,172.217.194.0-255,1484,59248,56,201219
27830,0.001012,172.217.194.0-255,2902,62150,56,201219
27831,0.001015,172.31.46.0-255,66,62216,56,201219
27832,0.001022,172.217.194.0-255,4320,66536,56,201219
27833,0.001024,172.31.46.0-255,66,66602,56,201219
27834,0.001039,172.217.194.0-255,1484,68086,56,201219
27835,0.001042,172.217.194.0-255,1484,69570,56,201219
27836,0.001044,172.31.46.0-255,66,69636,56,201219
27837,0.001078,172.217.194.0-255,4320,73956,56,201219
27838,0.001081,172.31.46.0-255,66,74022,56,201219
27839,0.001095,172.31.46.0-255,66,74088,56,201219
27840,0.001101,172.217.194.0-255,5020,79108,56,201219
27841,0.001103,172.31.46.0-255,66,79174,56,201219
27842,0.001176,172.31.46.0-255,66,79240,56,201219
27843,0.001179,172.217.194.0-255,1484,80724,56,201219
27844,0.00123,172.31.46.0-255,66,80790,56,201219
27845,0.001252,172.217.194.0-255,1484,82274,56,201219
27846,0.001258,172.217.194.0-255,2902,85176,56,201219
27847,0.00126,172.31.46.0-255,66,85242,56,201219
27848,0.001266,172.217.194.0-255,5738,90980,56,201219
27849,0.001269,172.31.46.0-255,66,91046,56,201219
27850,0.001272,172.217.194.0-255,1484,92530,56,201219
27851,0.001313,172.31.46.0-255,66,92596,56,201219
27852,0.001326,172.31.46.0-255,66,92662,56,201219
27853,0.001329,172.217.194.0-255,766,93428,56,201219
27854,0.001453,172.217.194.0-255,1484,94912,56,201219
27855,0.001457,172.31.46.0-255,66,94978,56,201219
27856,0.001461,172.217.194.0-255,1484,96462,56,201219
27857,0.001478,172.217.194.0-255,1484,97946,56,201219
27858,0.001485,172.217.194.0-255,5738,103684,56,201219
27859,0.001488,172.217.194.0-255,2902,106586,56,201219
27860,0.001492,172.31.46.0-255,66,106652,56,201219
27861,0.0015,172.31.46.0-255,66,106718,56,201219
27862,0.001503,172.31.46.0-255,66,106784,56,201219
27863,0.001514,172.31.46.0-255,66,106850,56,201219
27864,0.001517,172.217.194.0-255,1484,108334,56,201219
27865,0.001542,172.217.194.0-255,1484,109818,56,201219
27866,0.001545,172.31.46.0-255,66,109884,56,201219
27867,0.001571,172.31.46.0-255,66,109950,56,201219
27868,0.001593,172.217.194.0-255,2902,112852,56,201219
27869,0.001595,172.31.46.0-255,66,112918,56,201219
27870,0.00162,172.217.194.0-255,7156,120074,56,201219
27871,0.001623,172.31.46.0-255,66,120140,56,201219
27872,0.001625,172.217.194.0-255,1484,121624,56,201219
27873,0.001644,172.31.46.0-255,66,121690,56,201219
27874,0.001676,172.31.46.0-255,66,121756,56,201219
27875,0.001848,172.217.194.0-255,1484,123240,56,201219
27876,0.001853,172.217.194.0-255,2902,126142,56,201219
27877,0.001857,172.31.46.0-255,66,126208,56,201219
27878,0.001876,172.217.194.0-255,1484,127692,56,201219
27879,0.001901,172.217.194.0-255,4320,132012,56,201219
27880,0.001904,172.31.46.0-255,66,132078,56,201219
27881,0.001908,172.217.194.0-255,1484,133562,56,201219
27882,0.001933,172.31.46.0-255,66,133628,56,201219
27883,0.001975,172.217.194.0-255,5738,139366,56,201219
27884,0.001978,172.31.46.0-255,66,139432,56,201219
27885,0.002005,172.31.46.0-255,66,139498,56,201219
27886,0.002084,172.217.194.0-255,1484,140982,56,201219
27887,0.002091,172.217.194.0-255,2902,143884,56,201219
27888,0.002093,172.31.46.0-255,66,143950,56,201219
27889,0.002108,172.217.194.0-255,2902,146852,56,201219
27890,0.00211,172.31.46.0-255,66,146918,56,201219
27891,0.002124,172.217.194.0-255,2902,149820,56,201219
27892,0.002126,172.31.46.0-255,66,149886,56,201219
27893,0.002146,172.217.194.0-255,1484,151370,56,201219
27894,0.002191,172.217.194.0-255,4320,155690,56,201219
27895,0.002194,172.31.46.0-255,66,155756,56,201219
27896,0.002217,172.217.194.0-255,7156,162912,56,201219
27897,0.00222,172.31.46.0-255,66,162978,56,201219
27898,0.002233,172.31.46.0-255,66,163044,56,201219
27899,0.002248,172.217.194.0-255,1484,164528,56,201219
27900,0.002266,172.217.194.0-255,1484,166012,56,201219
27901,0.00227,172.31.46.0-255,66,166078,56,201219
27902,0.002322,172.31.46.0-255,66,166144,56,201219
27903,0.002348,172.217.194.0-255,7156,173300,56,201219
27904,0.002351,172.31.46.0-255,66,173366,56,201219
27905,0.002362,172.31.46.0-255,66,173432,56,201219
27906,0.002435,172.217.194.0-255,4320,177752,56,201219
27907,0.002439,172.31.46.0-255,66,177818,56,201219
27908,0.002468,172.217.194.0-255,5738,183556,56,201219
27909,0.002472,172.31.46.0-255,66,183622,56,201219
27910,0.002491,172.31.46.0-255,66,183688,56,201219
27911,0.002527,172.31.46.0-255,66,183754,56,201219
27912,0.002546,172.217.194.0-255,1484,185238,56,201219
27913,0.002552,172.217.194.0-255,2902,188140,56,201219
27914,0.002555,172.31.46.0-255,66,188206,56,201219
27915,0.002561,172.217.194.0-255,5738,193944,56,201219
27916,0.002564,172.31.46.0-255,66,194010,56,201219
27917,0.002567,172.217.194.0-255,2902,196912,56,201219
27918,0.00257,172.31.46.0-255,66,196978,56,201219
27919,0.002592,172.217.194.0-255,2902,199880,56,201219
27920,0.002595,172.31.46.0-255,66,199946,56,201219
27921,0.002614,172.217.194.0-255,997,200943,56,201219
27922,0.002617,172.217.194.0-255,105,201048,56,201219
27923,0.007886,172.31.46.0-255,66,201114,56,201219
27924,0.007927,172.31.46.0-255,105,201219,56,201219
27925,0.0,74.125.24.0-255,152,152,56,218941
27926,1.7e-05,172.31.46.0-255,66,218,56,218941
27927,2.4e-05,74.125.24.0-255,1484,1702,56,218941
27928,2.9e-05,172.31.46.0-255,66,1768,56,218941
27929,4.1e-05,74.125.24.0-255,2902,4670,56,218941
27930,4.5e-05,172.31.46.0-255,66,4736,56,218941
27931,5.3e-05,74.125.24.0-255,7156,11892,56,218941
27932,5.7e-05,172.31.46.0-255,66,11958,56,218941
27933,6.1e-05,74.125.24.0-255,2071,14029,56,218941
27934,6.4e-05,172.31.46.0-255,66,14095,56,218941
27935,0.000121,172.31.46.0-255,66,14161,56,218941
27936,0.000127,74.125.24.0-255,5379,19540,56,218941
27937,0.00013,172.31.46.0-255,66,19606,56,218941
27938,0.000177,74.125.24.0-255,1484,21090,56,218941
27939,0.000179,172.31.46.0-255,66,21156,56,218941
27940,0.000183,74.125.24.0-255,2902,24058,56,218941
27941,0.000185,172.31.46.0-255,66,24124,56,218941
27942,0.000212,74.125.24.0-255,5738,29862,56,218941
27943,0.000214,172.31.46.0-255,66,29928,56,218941
27944,0.000219,74.125.24.0-255,5738,35666,56,218941
27945,0.000221,172.31.46.0-255,66,35732,56,218941
27946,0.000243,74.125.24.0-255,1484,37216,56,218941
27947,0.000245,172.31.46.0-255,66,37282,56,218941
27948,0.000284,172.31.46.0-255,66,37348,56,218941
27949,0.000289,74.125.24.0-255,4275,41623,56,218941
27950,0.000291,172.31.46.0-255,66,41689,56,218941
27951,0.000293,74.125.24.0-255,112,41801,56,218941
27952,0.000299,172.31.46.0-255,66,41867,56,218941
27953,0.00041,74.125.24.0-255,1484,43351,56,218941
27954,0.000414,172.31.46.0-255,66,43417,56,218941
27955,0.000419,74.125.24.0-255,2902,46319,56,218941
27956,0.000422,172.31.46.0-255,66,46385,56,218941
27957,0.000426,74.125.24.0-255,2902,49287,56,218941
27958,0.000427,172.31.46.0-255,66,49353,56,218941
27959,0.000455,74.125.24.0-255,2902,52255,56,218941
27960,0.000458,172.31.46.0-255,66,52321,56,218941
27961,0.000475,172.31.46.0-255,66,52387,56,218941
27962,0.000484,172.31.46.0-255,66,52453,56,218941
27963,0.000504,74.125.24.0-255,805,53258,56,218941
27964,0.000623,74.125.24.0-255,1484,54742,56,218941
27965,0.000627,172.31.46.0-255,66,54808,56,218941
27966,0.000632,74.125.24.0-255,2902,57710,56,218941
27967,0.000634,172.31.46.0-255,66,57776,56,218941
27968,0.000639,74.125.24.0-255,4320,62096,56,218941
27969,0.000641,172.31.46.0-255,66,62162,56,218941
27970,0.000663,74.125.24.0-255,1484,63646,56,218941
27971,0.000674,74.125.24.0-255,7156,70802,56,218941
27972,0.000676,172.31.46.0-255,66,70868,56,218941
27973,0.000706,74.125.24.0-255,5738,76606,56,218941
27974,0.000709,172.31.46.0-255,66,76672,56,218941
27975,0.000719,172.31.46.0-255,66,76738,56,218941
27976,0.000725,74.125.24.0-255,766,77504,56,218941
27977,0.000946,74.125.24.0-255,1484,78988,56,218941
27978,0.00095,172.31.46.0-255,66,79054,56,218941
27979,0.000955,74.125.24.0-255,2902,81956,56,218941
27980,0.000956,172.31.46.0-255,66,82022,56,218941
27981,0.000981,74.125.24.0-255,5738,87760,56,218941
27982,0.000983,172.31.46.0-255,66,87826,56,218941
27983,0.000988,74.125.24.0-255,2902,90728,56,218941
27984,0.000989,172.31.46.0-255,66,90794,56,218941
27985,0.001028,172.31.46.0-255,66,90860,56,218941
27986,0.001037,172.31.46.0-255,66,90926,56,218941
27987,0.001055,74.125.24.0-255,2184,93110,56,218941
27988,0.001057,172.31.46.0-255,66,93176,56,218941
27989,0.00123,74.125.24.0-255,1484,94660,56,218941
27990,0.001244,74.125.24.0-255,2902,97562,56,218941
27991,0.001247,172.31.46.0-255,66,97628,56,218941
27992,0.001254,74.125.24.0-255,5738,103366,56,218941
27993,0.001256,172.31.46.0-255,66,103432,56,218941
27994,0.001281,172.31.46.0-255,66,103498,56,218941
27995,0.001307,74.125.24.0-255,1484,104982,56,218941
27996,0.001319,172.31.46.0-255,66,105048,56,218941
27997,0.001367,74.125.24.0-255,1484,106532,56,218941
27998,0.00137,74.125.24.0-255,2902,109434,56,218941
27999,0.001372,172.31.46.0-255,66,109500,56,218941
28000,0.001379,74.125.24.0-255,5738,115238,56,218941
28001,0.001381,172.31.46.0-255,66,115304,56,218941
28002,0.001404,172.31.46.0-255,66,115370,56,218941
28003,0.00146,74.125.24.0-255,5738,121108,56,218941
28004,0.001465,172.31.46.0-255,66,121174,56,218941
28005,0.001497,172.31.46.0-255,66,121240,56,218941
28006,0.001617,74.125.24.0-255,1484,122724,56,218941
28007,0.001622,74.125.24.0-255,2902,125626,56,218941
28008,0.001624,172.31.46.0-255,66,125692,56,218941
28009,0.001645,74.125.24.0-255,5738,131430,56,218941
28010,0.001648,74.125.24.0-255,2902,134332,56,218941
28011,0.001653,172.31.46.0-255,66,134398,56,218941
28012,0.001655,172.31.46.0-255,66,134464,56,218941
28013,0.001675,74.125.24.0-255,2902,137366,56,218941
28014,0.001678,172.31.46.0-255,66,137432,56,218941
28015,0.001695,172.31.46.0-255,66,137498,56,218941
28016,0.001701,74.125.24.0-255,5020,142518,56,218941
28017,0.001703,172.31.46.0-255,66,142584,56,218941
28018,0.001771,74.125.24.0-255,1484,144068,56,218941
28019,0.001776,74.125.24.0-255,2902,146970,56,218941
28020,0.001778,172.31.46.0-255,66,147036,56,218941
28021,0.001781,74.125.24.0-255,1484,148520,56,218941
28022,0.00181,74.125.24.0-255,4320,152840,56,218941
28023,0.001813,172.31.46.0-255,66,152906,56,218941
28024,0.001818,74.125.24.0-255,4320,157226,56,218941
28025,0.001819,172.31.46.0-255,66,157292,56,218941
28026,0.001825,74.125.24.0-255,5738,163030,56,218941
28027,0.001827,172.31.46.0-255,66,163096,56,218941
28028,0.001855,74.125.24.0-255,5738,168834,56,218941
28029,0.001857,172.31.46.0-255,66,168900,56,218941
28030,0.001867,172.31.46.0-255,66,168966,56,218941
28031,0.001931,74.125.24.0-255,1484,170450,56,218941
28032,0.001935,74.125.24.0-255,1484,171934,56,218941
28033,0.001938,172.31.46.0-255,66,172000,56,218941
28034,0.001962,74.125.24.0-255,1484,173484,56,218941
28035,0.001968,74.125.24.0-255,5738,179222,56,218941
28036,0.00197,172.31.46.0-255,66,179288,56,218941
28037,0.001977,74.125.24.0-255,7156,186444,56,218941
28038,0.001979,172.31.46.0-255,66,186510,56,218941
28039,0.00202,172.31.46.0-255,66,186576,56,218941
28040,0.002024,74.125.24.0-255,2184,188760,56,218941
28041,0.002026,172.31.46.0-255,66,188826,56,218941
28042,0.002063,74.125.24.0-255,1484,190310,56,218941
28043,0.002075,74.125.24.0-255,2902,193212,56,218941
28044,0.002078,172.31.46.0-255,66,193278,56,218941
28045,0.002082,74.125.24.0-255,2902,196180,56,218941
28046,0.002084,172.31.46.0-255,66,196246,56,218941
28047,0.002102,74.125.24.0-255,2902,199148,56,218941
28048,0.002108,172.31.46.0-255,66,199214,56,218941
28049,0.002113,74.125.24.0-255,4320,203534,56,218941
28050,0.002115,172.31.46.0-255,66,203600,56,218941
28051,0.002144,74.125.24.0-255,7156,210756,56,218941
28052,0.002146,172.31.46.0-255,66,210822,56,218941
28053,0.002151,74.125.24.0-255,5738,216560,56,218941
28054,0.002154,172.31.46.0-255,66,216626,56,218941
28055,0.002199,172.31.46.0-255,66,216692,56,218941
28056,0.002208,172.31.46.0-255,66,216758,56,218941
28057,0.002241,74.125.24.0-255,1484,218242,56,218941
28058,0.002271,172.31.46.0-255,66,218308,56,218941
28059,0.00229,172.31.46.0-255,66,218374,56,218941
28060,0.002292,74.125.24.0-255,225,218599,56,218941
28061,0.002336,74.125.24.0-255,105,218704,56,218941
28062,0.004297,172.31.46.0-255,66,218770,56,218941
28063,0.004328,172.31.46.0-255,105,218875,56,218941
28064,0.006892,74.125.24.0-255,66,218941,56,218941
28065,0.0,172.217.194.0-255,155,155,56,125458
28066,2.5e-05,172.31.46.0-255,66,221,56,125458
28067,3.2e-05,172.217.194.0-255,1484,1705,56,125458
28068,3.7e-05,172.31.46.0-255,66,1771,56,125458
28069,5.1e-05,172.217.194.0-255,2902,4673,56,125458
28070,5.5e-05,172.31.46.0-255,66,4739,56,125458
28071,6e-05,172.217.194.0-255,2902,7641,56,125458
28072,6.3e-05,172.31.46.0-255,66,7707,56,125458
28073,7.6e-05,172.31.46.0-255,66,7773,56,125458
28074,8.8e-05,172.31.46.0-255,66,7839,56,125458
28075,0.000134,172.217.194.0-255,5379,13218,56,125458
28076,0.000137,172.31.46.0-255,66,13284,56,125458
28077,0.000999,172.217.194.0-255,1484,14768,56,125458
28078,0.001006,172.31.46.0-255,66,14834,56,125458
28079,0.001015,172.217.194.0-255,2902,17736,56,125458
28080,0.001017,172.31.46.0-255,66,17802,56,125458
28081,0.00103,172.217.194.0-255,5738,23540,56,125458
28082,0.001033,172.31.46.0-255,66,23606,56,125458
28083,0.001066,172.217.194.0-255,1484,25090,56,125458
28084,0.001068,172.31.46.0-255,66,25156,56,125458
28085,0.001083,172.217.194.0-255,5379,30535,56,125458
28086,0.001085,172.31.46.0-255,66,30601,56,125458
28087,0.001205,172.217.194.0-255,1484,32085,56,125458
28088,0.00121,172.31.46.0-255,66,32151,56,125458
28089,0.001216,172.217.194.0-255,2902,35053,56,125458
28090,0.001218,172.31.46.0-255,66,35119,56,125458
28091,0.00124,172.217.194.0-255,5738,40857,56,125458
28092,0.001248,172.31.46.0-255,66,40923,56,125458
28093,0.001253,172.217.194.0-255,4320,45243,56,125458
28094,0.001256,172.31.46.0-255,66,45309,56,125458
28095,0.001296,172.217.194.0-255,2840,48149,56,125458
28096,0.001298,172.31.46.0-255,66,48215,56,125458
28097,0.001326,172.217.194.0-255,381,48596,56,125458
28098,0.001428,172.217.194.0-255,1484,50080,56,125458
28099,0.001434,172.31.46.0-255,66,50146,56,125458
28100,0.001439,172.217.194.0-255,2902,53048,56,125458
28101,0.001442,172.31.46.0-255,66,53114,56,125458
28102,0.001447,172.217.194.0-255,4320,57434,56,125458
28103,0.001455,172.31.46.0-255,66,57500,56,125458
28104,0.001483,172.217.194.0-255,1484,58984,56,125458
28105,0.001502,172.217.194.0-255,4320,63304,56,125458
28106,0.001505,172.31.46.0-255,66,63370,56,125458
28107,0.001541,172.31.46.0-255,66,63436,56,125458
28108,0.001557,172.31.46.0-255,66,63502,56,125458
28109,0.001697,172.217.194.0-255,1484,64986,56,125458
28110,0.001704,172.217.194.0-255,2902,67888,56,125458
28111,0.001708,172.31.46.0-255,66,67954,56,125458
28112,0.001715,172.217.194.0-255,5738,73692,56,125458
28113,0.001717,172.31.46.0-255,66,73758,56,125458
28114,0.001751,172.217.194.0-255,7156,80914,56,125458
28115,0.001755,172.31.46.0-255,66,80980,56,125458
28116,0.00176,172.217.194.0-255,4320,85300,56,125458
28117,0.001762,172.31.46.0-255,66,85366,56,125458
28118,0.001803,172.31.46.0-255,66,85432,56,125458
28119,0.001806,172.217.194.0-255,1138,86570,56,125458
28120,0.001926,172.217.194.0-255,1484,88054,56,125458
28121,0.001929,172.31.46.0-255,66,88120,56,125458
28122,0.001942,172.217.194.0-255,2902,91022,56,125458
28123,0.001949,172.31.46.0-255,66,91088,56,125458
28124,0.001977,172.217.194.0-255,5738,96826,56,125458
28125,0.00198,172.31.46.0-255,66,96892,56,125458
28126,0.001986,172.217.194.0-255,7156,104048,56,125458
28127,0.001989,172.31.46.0-255,66,104114,56,125458
28128,0.002024,172.31.46.0-255,66,104180,56,125458
28129,0.002049,172.217.194.0-255,2902,107082,56,125458
28130,0.002051,172.31.46.0-255,66,107148,56,125458
28131,0.002055,172.217.194.0-255,2184,109332,56,125458
28132,0.002057,172.31.46.0-255,66,109398,56,125458
28133,0.004304,172.217.194.0-255,4320,113718,56,125458
28134,0.004312,172.31.46.0-255,66,113784,56,125458
28135,0.004345,172.217.194.0-255,1484,115268,56,125458
28136,0.006575,172.217.194.0-255,4320,119588,56,125458
28137,0.006586,172.31.46.0-255,66,119654,56,125458
28138,0.008857,172.217.194.0-255,5738,125392,56,125458
28139,0.008871,172.31.46.0-255,66,125458,56,125458
28140,0.0,172.217.194.0-255,148,148,56,168527
28141,1.7e-05,172.31.46.0-255,66,214,56,168527
28142,2.4e-05,172.217.194.0-255,1484,1698,56,168527
28143,2.9e-05,172.31.46.0-255,66,1764,56,168527
28144,3.3e-05,172.217.194.0-255,1484,3248,56,168527
28145,3.5e-05,172.31.46.0-255,66,3314,56,168527
28146,5.3e-05,172.217.194.0-255,1484,4798,56,168527
28147,5.6e-05,172.31.46.0-255,66,4864,56,168527
28148,6.8e-05,172.217.194.0-255,5738,10602,56,168527
28149,7e-05,172.31.46.0-255,66,10668,56,168527
28150,0.000102,172.217.194.0-255,3510,14178,56,168527
28151,0.000106,172.31.46.0-255,66,14244,56,168527
28152,0.000144,172.217.194.0-255,4320,18564,56,168527
28153,0.000146,172.31.46.0-255,66,18630,56,168527
28154,0.000151,172.217.194.0-255,2902,21532,56,168527
28155,0.000153,172.31.46.0-255,66,21598,56,168527
28156,0.00019,172.31.46.0-255,66,21664,56,168527
28157,0.000193,172.217.194.0-255,1125,22789,56,168527
28158,0.000195,172.31.46.0-255,66,22855,56,168527
28159,0.000274,172.217.194.0-255,1484,24339,56,168527
28160,0.000277,172.31.46.0-255,66,24405,56,168527
28161,0.000282,172.217.194.0-255,2902,27307,56,168527
28162,0.000284,172.31.46.0-255,66,27373,56,168527
28163,0.000318,172.217.194.0-255,5738,33111,56,168527
28164,0.00032,172.31.46.0-255,66,33177,56,168527
28165,0.000327,172.217.194.0-255,6797,39974,56,168527
28166,0.00033,172.31.46.0-255,66,40040,56,168527
28167,0.000379,172.31.46.0-255,66,40106,56,168527
28168,0.000383,172.217.194.0-255,2834,42940,56,168527
28169,0.000385,172.31.46.0-255,66,43006,56,168527
28170,0.000416,172.217.194.0-255,396,43402,56,168527
28171,0.00058,172.217.194.0-255,1484,44886,56,168527
28172,0.000585,172.31.46.0-255,66,44952,56,168527
28173,0.000591,172.217.194.0-255,2902,47854,56,168527
28174,0.000593,172.31.46.0-255,66,47920,56,168527
28175,0.000598,172.217.194.0-255,2902,50822,56,168527
28176,0.000605,172.31.46.0-255,66,50888,56,168527
28177,0.000629,172.217.194.0-255,2902,53790,56,168527
28178,0.000632,172.31.46.0-255,66,53856,56,168527
28179,0.000639,172.217.194.0-255,7156,61012,56,168527
28180,0.000642,172.31.46.0-255,66,61078,56,168527
28181,0.000682,172.31.46.0-255,66,61144,56,168527
28182,0.000725,172.217.194.0-255,2184,63328,56,168527
28183,0.000727,172.31.46.0-255,66,63394,56,168527
28184,0.000834,172.217.194.0-255,1484,64878,56,168527
28185,0.000841,172.217.194.0-255,2902,67780,56,168527
28186,0.000845,172.31.46.0-255,66,67846,56,168527
28187,0.000851,172.217.194.0-255,4320,72166,56,168527
28188,0.000854,172.31.46.0-255,66,72232,56,168527
28189,0.000883,172.217.194.0-255,1484,73716,56,168527
28190,0.00089,172.217.194.0-255,7156,80872,56,168527
28191,0.000893,172.31.46.0-255,66,80938,56,168527
28192,0.000935,172.31.46.0-255,66,81004,56,168527
28193,0.00094,172.217.194.0-255,2184,83188,56,168527
28194,0.000942,172.31.46.0-255,66,83254,56,168527
28195,0.000947,172.217.194.0-255,2902,86156,56,168527
28196,0.000949,172.31.46.0-255,66,86222,56,168527
28197,0.000957,172.217.194.0-255,7156,93378,56,168527
28198,0.000959,172.31.46.0-255,66,93444,56,168527
28199,0.001013,172.31.46.0-255,66,93510,56,168527
28200,0.001026,172.31.46.0-255,66,93576,56,168527
28201,0.001672,172.217.194.0-255,1484,95060,56,168527
28202,0.001679,172.217.194.0-255,2902,97962,56,168527
28203,0.001683,172.31.46.0-255,66,98028,56,168527
28204,0.001689,172.217.194.0-255,4320,102348,56,168527
28205,0.001691,172.31.46.0-255,66,102414,56,168527
28206,0.001706,172.31.46.0-255,66,102480,56,168527
28207,0.001736,172.217.194.0-255,2902,105382,56,168527
28208,0.001739,172.31.46.0-255,66,105448,56,168527
28209,0.001776,172.31.46.0-255,66,105514,56,168527
28210,0.001785,172.217.194.0-255,2902,108416,56,168527
28211,0.001787,172.31.46.0-255,66,108482,56,168527
28212,0.001819,172.31.46.0-255,66,108548,56,168527
28213,0.00183,172.31.46.0-255,66,108614,56,168527
28214,0.001856,172.217.194.0-255,5738,114352,56,168527
28215,0.001858,172.31.46.0-255,66,114418,56,168527
28216,0.001866,172.217.194.0-255,6438,120856,56,168527
28217,0.001868,172.31.46.0-255,66,120922,56,168527
28218,0.001991,172.217.194.0-255,1484,122406,56,168527
28219,0.002016,172.217.194.0-255,2902,125308,56,168527
28220,0.002019,172.31.46.0-255,66,125374,56,168527
28221,0.002026,172.217.194.0-255,5738,131112,56,168527
28222,0.002028,172.31.46.0-255,66,131178,56,168527
28223,0.002032,172.217.194.0-255,2902,134080,56,168527
28224,0.002039,172.31.46.0-255,66,134146,56,168527
28225,0.002085,172.31.46.0-255,66,134212,56,168527
28226,0.002088,172.217.194.0-255,1484,135696,56,168527
28227,0.002113,172.31.46.0-255,66,135762,56,168527
28228,0.002141,172.217.194.0-255,5738,141500,56,168527
28229,0.002143,172.31.46.0-255,66,141566,56,168527
28230,0.002161,172.217.194.0-255,2902,144468,56,168527
28231,0.002168,172.31.46.0-255,66,144534,56,168527
28232,0.00218,172.31.46.0-255,66,144600,56,168527
28233,0.002238,172.31.46.0-255,66,144666,56,168527
28234,0.002243,172.217.194.0-255,2902,147568,56,168527
28235,0.002245,172.31.46.0-255,66,147634,56,168527
28236,0.002283,172.217.194.0-255,4320,151954,56,168527
28237,0.002296,172.217.194.0-255,4320,156274,56,168527
28238,0.002302,172.31.46.0-255,66,156340,56,168527
28239,0.002305,172.31.46.0-255,66,156406,56,168527
28240,0.002308,172.31.46.0-255,66,156472,56,168527
28241,0.002344,172.31.46.0-255,66,156538,56,168527
28242,0.00236,172.31.46.0-255,66,156604,56,168527
28243,0.002374,172.31.46.0-255,66,156670,56,168527
28244,0.002403,172.217.194.0-255,1484,158154,56,168527
28245,0.002416,172.31.46.0-255,66,158220,56,168527
28246,0.00246,172.31.46.0-255,66,158286,56,168527
28247,0.002479,172.31.46.0-255,66,158352,56,168527
28248,0.002515,172.217.194.0-255,5020,163372,56,168527
28249,0.002519,172.31.46.0-255,66,163438,56,168527
28250,0.002525,172.217.194.0-255,4918,168356,56,168527
28251,0.002528,172.31.46.0-255,66,168422,56,168527
28252,0.002531,172.217.194.0-255,105,168527,56,168527
28253,0.0,74.125.24.0-255,296,296,56,199315
28254,1.6e-05,172.31.46.0-255,66,362,56,199315
28255,2.2e-05,74.125.24.0-255,1484,1846,56,199315
28256,2.5e-05,172.31.46.0-255,66,1912,56,199315
28257,3.2e-05,74.125.24.0-255,4320,6232,56,199315
28258,3.6e-05,172.31.46.0-255,66,6298,56,199315
28259,4e-05,74.125.24.0-255,2902,9200,56,199315
28260,4.3e-05,172.31.46.0-255,66,9266,56,199315
28261,9e-05,172.31.46.0-255,66,9332,56,199315
28262,0.000101,172.31.46.0-255,66,9398,56,199315
28263,0.000139,74.125.24.0-255,3961,13359,56,199315
28264,0.000143,172.31.46.0-255,66,13425,56,199315
28265,0.000173,74.125.24.0-255,4320,17745,56,199315
28266,0.000175,172.31.46.0-255,66,17811,56,199315
28267,0.000196,74.125.24.0-255,5738,23549,56,199315
28268,0.000199,172.31.46.0-255,66,23615,56,199315
28269,0.000226,172.31.46.0-255,66,23681,56,199315
28270,0.000243,74.125.24.0-255,2543,26224,56,199315
28271,0.000245,172.31.46.0-255,66,26290,56,199315
28272,0.000257,172.31.46.0-255,66,26356,56,199315
28273,0.000278,74.125.24.0-255,2816,29172,56,199315
28274,0.000281,172.31.46.0-255,66,29238,56,199315
28275,0.000313,74.125.24.0-255,414,29652,56,199315
28276,0.000327,172.31.46.0-255,66,29718,56,199315
28277,0.000501,74.125.24.0-255,1484,31202,56,199315
28278,0.000506,172.31.46.0-255,66,31268,56,199315
28279,0.000511,74.125.24.0-255,2902,34170,56,199315
28280,0.000513,172.31.46.0-255,66,34236,56,199315
28281,0.000516,74.125.24.0-255,1484,35720,56,199315
28282,0.000535,74.125.24.0-255,4320,40040,56,199315
28283,0.000538,172.31.46.0-255,66,40106,56,199315
28284,0.000544,74.125.24.0-255,5738,45844,56,199315
28285,0.000546,172.31.46.0-255,66,45910,56,199315
28286,0.000565,74.125.24.0-255,4320,50230,56,199315
28287,0.000567,172.31.46.0-255,66,50296,56,199315
28288,0.000591,74.125.24.0-255,2902,53198,56,199315
28289,0.000594,172.31.46.0-255,66,53264,56,199315
28290,0.000626,172.31.46.0-255,66,53330,56,199315
28291,0.000728,74.125.24.0-255,1484,54814,56,199315
28292,0.000734,74.125.24.0-255,2902,57716,56,199315
28293,0.000738,172.31.46.0-255,66,57782,56,199315
28294,0.000744,74.125.24.0-255,5738,63520,56,199315
28295,0.000747,172.31.46.0-255,66,63586,56,199315
28296,0.000764,74.125.24.0-255,4320,67906,56,199315
28297,0.000767,172.31.46.0-255,66,67972,56,199315
28298,0.000789,172.31.46.0-255,66,68038,56,199315
28299,0.00081,74.125.24.0-255,1484,69522,56,199315
28300,0.000833,172.31.46.0-255,66,69588,56,199315
28301,0.00088,74.125.24.0-255,1484,71072,56,199315
28302,0.000886,74.125.24.0-255,2902,73974,56,199315
28303,0.000889,172.31.46.0-255,66,74040,56,199315
28304,0.000892,74.125.24.0-255,1484,75524,56,199315
28305,0.000909,74.125.24.0-255,4320,79844,56,199315
28306,0.000912,172.31.46.0-255,66,79910,56,199315
28307,0.000971,172.31.46.0-255,66,79976,56,199315
28308,0.000977,74.125.24.0-255,4320,84296,56,199315
28309,0.000978,172.31.46.0-255,66,84362,56,199315
28310,0.000995,74.125.24.0-255,6438,90800,56,199315
28311,0.000997,172.31.46.0-255,66,90866,56,199315
28312,0.001099,74.125.24.0-255,1484,92350,56,199315
28313,0.001115,74.125.24.0-255,2902,95252,56,199315
28314,0.001119,172.31.46.0-255,66,95318,56,199315
28315,0.001123,74.125.24.0-255,1484,96802,56,199315
28316,0.001142,74.125.24.0-255,4320,101122,56,199315
28317,0.001144,172.31.46.0-255,66,101188,56,199315
28318,0.00116,74.125.24.0-255,5738,106926,56,199315
28319,0.001162,172.31.46.0-255,66,106992,56,199315
28320,0.001188,74.125.24.0-255,7156,114148,56,199315
28321,0.001193,172.31.46.0-255,66,114214,56,199315
28322,0.001205,74.125.24.0-255,1484,115698,56,199315
28323,0.001235,172.31.46.0-255,66,115764,56,199315
28324,0.00129,74.125.24.0-255,1484,117248,56,199315
28325,0.001307,74.125.24.0-255,2902,120150,56,199315
28326,0.001311,172.31.46.0-255,66,120216,56,199315
28327,0.001319,74.125.24.0-255,5738,125954,56,199315
28328,0.001321,172.31.46.0-255,66,126020,56,199315
28329,0.00136,172.31.46.0-255,66,126086,56,199315
28330,0.001366,74.125.24.0-255,4320,130406,56,199315
28331,0.001368,172.31.46.0-255,66,130472,56,199315
28332,0.001424,74.125.24.0-255,6438,136910,56,199315
28333,0.001429,172.31.46.0-255,66,136976,56,199315
28334,0.001554,74.125.24.0-255,1484,138460,56,199315
28335,0.00156,74.125.24.0-255,2902,141362,56,199315
28336,0.001563,172.31.46.0-255,66,141428,56,199315
28337,0.00157,74.125.24.0-255,5738,147166,56,199315
28338,0.001572,172.31.46.0-255,66,147232,56,199315
28339,0.001599,74.125.24.0-255,5738,152970,56,199315
28340,0.001602,172.31.46.0-255,66,153036,56,199315
28341,0.001629,74.125.24.0-255,7156,160192,56,199315
28342,0.001632,172.31.46.0-255,66,160258,56,199315
28343,0.001644,172.31.46.0-255,66,160324,56,199315
28344,0.001693,74.125.24.0-255,1484,161808,56,199315
28345,0.001698,74.125.24.0-255,2902,164710,56,199315
28346,0.001701,172.31.46.0-255,66,164776,56,199315
28347,0.001708,74.125.24.0-255,5738,170514,56,199315
28348,0.001711,172.31.46.0-255,66,170580,56,199315
28349,0.001746,172.31.46.0-255,66,170646,56,199315
28350,0.001767,74.125.24.0-255,4320,174966,56,199315
28351,0.00177,172.31.46.0-255,66,175032,56,199315
28352,0.001783,172.31.46.0-255,66,175098,56,199315
28353,0.001813,74.125.24.0-255,6438,181536,56,199315
28354,0.001817,172.31.46.0-255,66,181602,56,199315
28355,0.001835,172.31.46.0-255,66,181668,56,199315
28356,0.001847,172.31.46.0-255,66,181734,56,199315
28357,0.001858,172.31.46.0-255,66,181800,56,199315
28358,0.001902,74.125.24.0-255,2902,184702,56,199315
28359,0.001905,172.31.46.0-255,66,184768,56,199315
28360,0.001934,74.125.24.0-255,7156,191924,56,199315
28361,0.001936,172.31.46.0-255,66,191990,56,199315
28362,0.001956,172.31.46.0-255,66,192056,56,199315
28363,0.001966,172.31.46.0-255,66,192122,56,199315
28364,0.002006,172.31.46.0-255,66,192188,56,199315
28365,0.002038,172.31.46.0-255,66,192254,56,199315
28366,0.002045,74.125.24.0-255,6653,198907,56,199315
28367,0.002048,172.31.46.0-255,66,198973,56,199315
28368,0.003965,74.125.24.0-255,105,199078,56,199315
28369,0.004674,172.31.46.0-255,66,199144,56,199315
28370,0.00471,172.31.46.0-255,105,199249,56,199315
28371,0.006635,74.125.24.0-255,66,199315,56,199315
28372,0.0,172.217.160.0-255,153,153,56,94969
28373,1.9e-05,172.31.46.0-255,66,219,56,94969
28374,2.7e-05,172.217.160.0-255,1484,1703,56,94969
28375,3.2e-05,172.31.46.0-255,66,1769,56,94969
28376,3.8e-05,172.217.160.0-255,2902,4671,56,94969
28377,4.1e-05,172.31.46.0-255,66,4737,56,94969
28378,5e-05,172.217.160.0-255,7156,11893,56,94969
28379,5.2e-05,172.31.46.0-255,66,11959,56,94969
28380,5.6e-05,172.217.160.0-255,1978,13937,56,94969
28381,5.8e-05,172.31.46.0-255,66,14003,56,94969
28382,0.000106,172.217.160.0-255,1484,15487,56,94969
28383,0.000108,172.31.46.0-255,66,15553,56,94969
28384,0.000113,172.217.160.0-255,2902,18455,56,94969
28385,0.000115,172.31.46.0-255,66,18521,56,94969
28386,0.000121,172.217.160.0-255,4320,22841,56,94969
28387,0.000124,172.31.46.0-255,66,22907,56,94969
28388,0.00014,172.217.160.0-255,1484,24391,56,94969
28389,0.000142,172.31.46.0-255,66,24457,56,94969
28390,0.000157,172.217.160.0-255,2902,27359,56,94969
28391,0.000159,172.31.46.0-255,66,27425,56,94969
28392,0.000175,172.217.160.0-255,2902,30327,56,94969
28393,0.000178,172.31.46.0-255,66,30393,56,94969
28394,0.000193,172.217.160.0-255,1125,31518,56,94969
28395,0.000196,172.31.46.0-255,66,31584,56,94969
28396,0.00026,172.217.160.0-255,1484,33068,56,94969
28397,0.000264,172.31.46.0-255,66,33134,56,94969
28398,0.000269,172.217.160.0-255,2902,36036,56,94969
28399,0.000272,172.31.46.0-255,66,36102,56,94969
28400,0.000291,172.217.160.0-255,5738,41840,56,94969
28401,0.000294,172.31.46.0-255,66,41906,56,94969
28402,0.000298,172.217.160.0-255,2902,44808,56,94969
28403,0.000301,172.31.46.0-255,66,44874,56,94969
28404,0.000319,172.217.160.0-255,1484,46358,56,94969
28405,0.000384,172.31.46.0-255,66,46424,56,94969
28406,0.000392,172.217.160.0-255,6797,53221,56,94969
28407,0.000394,172.31.46.0-255,66,53287,56,94969
28408,0.000397,172.217.160.0-255,339,53626,56,94969
28409,0.001051,172.31.46.0-255,66,53692,56,94969
28410,0.001848,172.217.160.0-255,121,53813,56,94969
28411,0.00188,172.217.160.0-255,1484,55297,56,94969
28412,0.001884,172.31.46.0-255,66,55363,56,94969
28413,0.00189,172.217.160.0-255,2902,58265,56,94969
28414,0.001892,172.31.46.0-255,66,58331,56,94969
28415,0.001912,172.217.160.0-255,7156,65487,56,94969
28416,0.001914,172.31.46.0-255,66,65553,56,94969
28417,0.001923,172.31.46.0-255,66,65619,56,94969
28418,0.001941,172.217.160.0-255,1484,67103,56,94969
28419,0.001955,172.217.160.0-255,1484,68587,56,94969
28420,0.001957,172.31.46.0-255,66,68653,56,94969
28421,0.001968,172.217.160.0-255,2902,71555,56,94969
28422,0.00197,172.31.46.0-255,66,71621,56,94969
28423,0.001997,172.31.46.0-255,66,71687,56,94969
28424,0.003902,172.217.160.0-255,1484,73171,56,94969
28425,0.00392,172.217.160.0-255,4320,77491,56,94969
28426,0.003922,172.31.46.0-255,66,77557,56,94969
28427,0.005839,172.217.160.0-255,5738,83295,56,94969
28428,0.005844,172.31.46.0-255,66,83361,56,94969
28429,0.00776,172.217.160.0-255,5738,89099,56,94969
28430,0.007768,172.31.46.0-255,66,89165,56,94969
28431,0.009697,172.217.160.0-255,5738,94903,56,94969
28432,0.009707,172.31.46.0-255,66,94969,56,94969
28433,0.0,74.125.24.0-255,153,153,56,132540
28434,2.4e-05,172.31.46.0-255,66,219,56,132540
28435,3.1e-05,74.125.24.0-255,1484,1703,56,132540
28436,3.6e-05,172.31.46.0-255,66,1769,56,132540
28437,4.3e-05,74.125.24.0-255,2902,4671,56,132540
28438,4.7e-05,172.31.46.0-255,66,4737,56,132540
28439,5.5e-05,74.125.24.0-255,7156,11893,56,132540
28440,5.8e-05,172.31.46.0-255,66,11959,56,132540
28441,0.000103,172.31.46.0-255,66,12025,56,132540
28442,0.000108,74.125.24.0-255,2902,14927,56,132540
28443,0.00011,172.31.46.0-255,66,14993,56,132540
28444,0.000127,74.125.24.0-255,3961,18954,56,132540
28445,0.000131,172.31.46.0-255,66,19020,56,132540
28446,0.000469,74.125.24.0-255,1484,20504,56,132540
28447,0.000475,172.31.46.0-255,66,20570,56,132540
28448,0.000482,74.125.24.0-255,2902,23472,56,132540
28449,0.000484,172.31.46.0-255,66,23538,56,132540
28450,0.000491,74.125.24.0-255,5738,29276,56,132540
28451,0.000494,172.31.46.0-255,66,29342,56,132540
28452,0.00052,172.31.46.0-255,66,29408,56,132540
28453,0.000526,74.125.24.0-255,4320,33728,56,132540
28454,0.000529,172.31.46.0-255,66,33794,56,132540
28455,0.000552,74.125.24.0-255,4320,38114,56,132540
28456,0.000555,172.31.46.0-255,66,38180,56,132540
28457,0.00056,74.125.24.0-255,2902,41082,56,132540
28458,0.000562,172.31.46.0-255,66,41148,56,132540
28459,0.000586,74.125.24.0-255,4239,45387,56,132540
28460,0.000589,172.31.46.0-255,66,45453,56,132540
28461,0.000592,74.125.24.0-255,378,45831,56,132540
28462,0.000594,172.31.46.0-255,66,45897,56,132540
28463,0.000695,74.125.24.0-255,1484,47381,56,132540
28464,0.000702,74.125.24.0-255,2902,50283,56,132540
28465,0.000705,172.31.46.0-255,66,50349,56,132540
28466,0.000785,74.125.24.0-255,5738,56087,56,132540
28467,0.000789,172.31.46.0-255,66,56153,56,132540
28468,0.000804,172.31.46.0-255,66,56219,56,132540
28469,0.00081,74.125.24.0-255,5738,61957,56,132540
28470,0.000813,172.31.46.0-255,66,62023,56,132540
28471,0.000819,74.125.24.0-255,3961,65984,56,132540
28472,0.000821,172.31.46.0-255,66,66050,56,132540
28473,0.001095,74.125.24.0-255,1484,67534,56,132540
28474,0.001115,74.125.24.0-255,2902,70436,56,132540
28475,0.001118,172.31.46.0-255,66,70502,56,132540
28476,0.001125,74.125.24.0-255,2902,73404,56,132540
28477,0.001127,172.31.46.0-255,66,73470,56,132540
28478,0.001153,74.125.24.0-255,2902,76372,56,132540
28479,0.001161,74.125.24.0-255,7156,83528,56,132540
28480,0.001165,172.31.46.0-255,66,83594,56,132540
28481,0.001172,172.31.46.0-255,66,83660,56,132540
28482,0.00118,74.125.24.0-255,5738,89398,56,132540
28483,0.001182,172.31.46.0-255,66,89464,56,132540
28484,0.001194,172.31.46.0-255,66,89530,56,132540
28485,0.001993,74.125.24.0-255,1484,91014,56,132540
28486,0.002004,74.125.24.0-255,2902,93916,56,132540
28487,0.002009,172.31.46.0-255,66,93982,56,132540
28488,0.002017,74.125.24.0-255,5738,99720,56,132540
28489,0.00202,172.31.46.0-255,66,99786,56,132540
28490,0.002049,172.31.46.0-255,66,99852,56,132540
28491,0.002065,74.125.24.0-255,4320,104172,56,132540
28492,0.002068,172.31.46.0-255,66,104238,56,132540
28493,0.002087,74.125.24.0-255,5738,109976,56,132540
28494,0.002089,172.31.46.0-255,66,110042,56,132540
28495,0.00212,74.125.24.0-255,5020,115062,56,132540
28496,0.002122,172.31.46.0-255,66,115128,56,132540
28497,0.004148,74.125.24.0-255,5738,120866,56,132540
28498,0.004156,172.31.46.0-255,66,120932,56,132540
28499,0.006186,74.125.24.0-255,5738,126670,56,132540
28500,0.00619,172.31.46.0-255,66,126736,56,132540
28501,0.008233,74.125.24.0-255,5738,132474,56,132540
28502,0.00824,172.31.46.0-255,66,132540,56,132540
28503,0.0,74.125.68.0-255,150,150,56,231082
28504,2.2e-05,172.31.46.0-255,66,216,56,231082
28505,2.9e-05,74.125.68.0-255,1484,1700,56,231082
28506,3.3e-05,172.31.46.0-255,66,1766,56,231082
28507,4.7e-05,74.125.68.0-255,2902,4668,56,231082
28508,5.1e-05,172.31.46.0-255,66,4734,56,231082
28509,5.6e-05,74.125.68.0-255,2902,7636,56,231082
28510,5.8e-05,172.31.46.0-255,66,7702,56,231082
28511,9.4e-05,74.125.68.0-255,4320,12022,56,231082
28512,9.8e-05,172.31.46.0-255,66,12088,56,231082
28513,0.00011,74.125.68.0-255,2902,14990,56,231082
28514,0.000118,172.31.46.0-255,66,15056,56,231082
28515,0.000148,74.125.68.0-255,6286,21342,56,231082
28516,0.000151,172.31.46.0-255,66,21408,56,231082
28517,0.000162,172.31.46.0-255,66,21474,56,231082
28518,0.000224,74.125.68.0-255,1484,22958,56,231082
28519,0.000226,172.31.46.0-255,66,23024,56,231082
28520,0.000252,74.125.68.0-255,2902,25926,56,231082
28521,0.000255,172.31.46.0-255,66,25992,56,231082
28522,0.000259,74.125.68.0-255,2902,28894,56,231082
28523,0.000262,172.31.46.0-255,66,28960,56,231082
28524,0.000278,74.125.68.0-255,2902,31862,56,231082
28525,0.00028,172.31.46.0-255,66,31928,56,231082
28526,0.000306,74.125.68.0-255,1484,33412,56,231082
28527,0.000308,172.31.46.0-255,66,33478,56,231082
28528,0.000319,172.31.46.0-255,66,33544,56,231082
28529,0.000332,74.125.68.0-255,7156,40700,56,231082
28530,0.000335,172.31.46.0-255,66,40766,56,231082
28531,0.000365,74.125.68.0-255,2902,43668,56,231082
28532,0.000368,172.31.46.0-255,66,43734,56,231082
28533,0.000402,74.125.68.0-255,3602,47336,56,231082
28534,0.000406,172.31.46.0-255,66,47402,56,231082
28535,0.000409,74.125.68.0-255,427,47829,56,231082
28536,0.000614,74.125.68.0-255,1484,49313,56,231082
28537,0.000619,172.31.46.0-255,66,49379,56,231082
28538,0.000625,74.125.68.0-255,2902,52281,56,231082
28539,0.000628,172.31.46.0-255,66,52347,56,231082
28540,0.000636,74.125.68.0-255,1484,53831,56,231082
28541,0.000656,74.125.68.0-255,4320,58151,56,231082
28542,0.000659,172.31.46.0-255,66,58217,56,231082
28543,0.00071,172.31.46.0-255,66,58283,56,231082
28544,0.000713,74.125.68.0-255,1484,59767,56,231082
28545,0.000761,74.125.68.0-255,1484,61251,56,231082
28546,0.000765,172.31.46.0-255,66,61317,56,231082
28547,0.000769,74.125.68.0-255,1484,62801,56,231082
28548,0.000796,74.125.68.0-255,1484,64285,56,231082
28549,0.000799,172.31.46.0-255,66,64351,56,231082
28550,0.000806,74.125.68.0-255,4320,68671,56,231082
28551,0.000809,172.31.46.0-255,66,68737,56,231082
28552,0.000836,74.125.68.0-255,1484,70221,56,231082
28553,0.000842,74.125.68.0-255,3602,73823,56,231082
28554,0.000845,172.31.46.0-255,66,73889,56,231082
28555,0.000963,74.125.68.0-255,347,74236,56,231082
28556,0.001004,74.125.68.0-255,1484,75720,56,231082
28557,0.001007,172.31.46.0-255,66,75786,56,231082
28558,0.001011,74.125.68.0-255,1484,77270,56,231082
28559,0.001034,74.125.68.0-255,2902,80172,56,231082
28560,0.001037,172.31.46.0-255,66,80238,56,231082
28561,0.001067,74.125.68.0-255,5738,85976,56,231082
28562,0.00107,172.31.46.0-255,66,86042,56,231082
28563,0.001076,74.125.68.0-255,4320,90362,56,231082
28564,0.001079,172.31.46.0-255,66,90428,56,231082
28565,0.0011,74.125.68.0-255,2902,93330,56,231082
28566,0.001102,172.31.46.0-255,66,93396,56,231082
28567,0.001118,172.31.46.0-255,66,93462,56,231082
28568,0.001147,74.125.68.0-255,6438,99900,56,231082
28569,0.00115,172.31.46.0-255,66,99966,56,231082
28570,0.001241,74.125.68.0-255,1484,101450,56,231082
28571,0.001245,74.125.68.0-255,1484,102934,56,231082
28572,0.001248,172.31.46.0-255,66,103000,56,231082
28573,0.001276,74.125.68.0-255,1484,104484,56,231082
28574,0.001283,74.125.68.0-255,5738,110222,56,231082
28575,0.001286,172.31.46.0-255,66,110288,56,231082
28576,0.001294,74.125.68.0-255,7156,117444,56,231082
28577,0.001296,172.31.46.0-255,66,117510,56,231082
28578,0.001337,172.31.46.0-255,66,117576,56,231082
28579,0.001342,74.125.68.0-255,2902,120478,56,231082
28580,0.001343,172.31.46.0-255,66,120544,56,231082
28581,0.001374,74.125.68.0-255,4320,124864,56,231082
28582,0.00138,172.31.46.0-255,66,124930,56,231082
28583,0.001384,74.125.68.0-255,766,125696,56,231082
28584,0.00161,74.125.68.0-255,1484,127180,56,231082
28585,0.001616,172.31.46.0-255,66,127246,56,231082
28586,0.001654,74.125.68.0-255,1484,128730,56,231082
28587,0.001687,74.125.68.0-255,1484,130214,56,231082
28588,0.00169,172.31.46.0-255,66,130280,56,231082
28589,0.001721,74.125.68.0-255,2902,133182,56,231082
28590,0.001724,172.31.46.0-255,66,133248,56,231082
28591,0.001731,74.125.68.0-255,5738,138986,56,231082
28592,0.001733,172.31.46.0-255,66,139052,56,231082
28593,0.00174,74.125.68.0-255,1484,140536,56,231082
28594,0.001745,74.125.68.0-255,2902,143438,56,231082
28595,0.001747,172.31.46.0-255,66,143504,56,231082
28596,0.001785,74.125.68.0-255,5738,149242,56,231082
28597,0.001788,172.31.46.0-255,66,149308,56,231082
28598,0.001792,74.125.68.0-255,2902,152210,56,231082
28599,0.001794,172.31.46.0-255,66,152276,56,231082
28600,0.001797,74.125.68.0-255,1484,153760,56,231082
28601,0.001815,74.125.68.0-255,2902,156662,56,231082
28602,0.001822,172.31.46.0-255,66,156728,56,231082
28603,0.001849,74.125.68.0-255,3602,160330,56,231082
28604,0.001851,172.31.46.0-255,66,160396,56,231082
28605,0.001882,74.125.68.0-255,4320,164716,56,231082
28606,0.001885,172.31.46.0-255,66,164782,56,231082
28607,0.001917,74.125.68.0-255,5738,170520,56,231082
28608,0.001919,74.125.68.0-255,1484,172004,56,231082
28609,0.001923,172.31.46.0-255,66,172070,56,231082
28610,0.001959,172.31.46.0-255,66,172136,56,231082
28611,0.001965,74.125.68.0-255,4320,176456,56,231082
28612,0.001967,172.31.46.0-255,66,176522,56,231082
28613,0.001983,74.125.68.0-255,1484,178006,56,231082
28614,0.002041,74.125.68.0-255,1484,179490,56,231082
28615,0.002045,172.31.46.0-255,66,179556,56,231082
28616,0.002082,74.125.68.0-255,2902,182458,56,231082
28617,0.002085,172.31.46.0-255,66,182524,56,231082
28618,0.002089,74.125.68.0-255,2184,184708,56,231082
28619,0.002092,172.31.46.0-255,66,184774,56,231082
28620,0.002245,74.125.68.0-255,1484,186258,56,231082
28621,0.00225,74.125.68.0-255,1484,187742,56,231082
28622,0.002253,172.31.46.0-255,66,187808,56,231082
28623,0.002281,74.125.68.0-255,1484,189292,56,231082
28624,0.002287,74.125.68.0-255,2902,192194,56,231082
28625,0.00229,172.31.46.0-255,66,192260,56,231082
28626,0.002297,74.125.68.0-255,4320,196580,56,231082
28627,0.002309,172.31.46.0-255,66,196646,56,231082
28628,0.002321,172.31.46.0-255,66,196712,56,231082
28629,0.002361,74.125.68.0-255,7156,203868,56,231082
28630,0.002364,172.31.46.0-255,66,203934,56,231082
28631,0.002389,74.125.68.0-255,1484,205418,56,231082
28632,0.002397,74.125.68.0-255,5020,210438,56,231082
28633,0.0024,172.31.46.0-255,66,210504,56,231082
28634,0.002465,74.125.68.0-255,1484,211988,56,231082
28635,0.002494,74.125.68.0-255,2902,214890,56,231082
28636,0.002498,172.31.46.0-255,66,214956,56,231082
28637,0.002539,74.125.68.0-255,1484,216440,56,231082
28638,0.002551,74.125.68.0-255,2902,219342,56,231082
28639,0.002554,172.31.46.0-255,66,219408,56,231082
28640,0.002558,74.125.68.0-255,1484,220892,56,231082
28641,0.005078,74.125.68.0-255,4320,225212,56,231082
28642,0.00509,172.31.46.0-255,66,225278,56,231082
28643,0.007638,74.125.68.0-255,5738,231016,56,231082
28644,0.007646,172.31.46.0-255,66,231082,56,231082
28645,0.0,74.125.24.0-255,146,146,56,197015
28646,2.2e-05,172.31.46.0-255,66,212,56,197015
28647,2.9e-05,74.125.24.0-255,1484,1696,56,197015
28648,3.5e-05,172.31.46.0-255,66,1762,56,197015
28649,3.9e-05,74.125.24.0-255,1484,3246,56,197015
28650,4.2e-05,172.31.46.0-255,66,3312,56,197015
28651,4.6e-05,74.125.24.0-255,1484,4796,56,197015
28652,4.8e-05,172.31.46.0-255,66,4862,56,197015
28653,7.9e-05,74.125.24.0-255,2902,7764,56,197015
28654,8.3e-05,172.31.46.0-255,66,7830,56,197015
28655,9.1e-05,74.125.24.0-255,6293,14123,56,197015
28656,9.4e-05,172.31.46.0-255,66,14189,56,197015
28657,0.0001,74.125.24.0-255,5738,19927,56,197015
28658,0.000102,172.31.46.0-255,66,19993,56,197015
28659,0.000121,74.125.24.0-255,1484,21477,56,197015
28660,0.000123,172.31.46.0-255,66,21543,56,197015
28661,0.000126,74.125.24.0-255,1484,23027,56,197015
28662,0.000128,172.31.46.0-255,66,23093,56,197015
28663,0.000163,172.31.46.0-255,66,23159,56,197015
28664,0.000215,74.125.24.0-255,1484,24643,56,197015
28665,0.00022,172.31.46.0-255,66,24709,56,197015
28666,0.000231,74.125.24.0-255,2902,27611,56,197015
28667,0.000234,172.31.46.0-255,66,27677,56,197015
28668,0.000261,74.125.24.0-255,5738,33415,56,197015
28669,0.000264,172.31.46.0-255,66,33481,56,197015
28670,0.000293,172.31.46.0-255,66,33547,56,197015
28671,0.00031,74.125.24.0-255,5379,38926,56,197015
28672,0.000312,172.31.46.0-255,66,38992,56,197015
28673,0.000345,172.31.46.0-255,66,39058,56,197015
28674,0.000363,74.125.24.0-255,1468,40526,56,197015
28675,0.000413,74.125.24.0-255,1484,42010,56,197015
28676,0.000416,172.31.46.0-255,66,42076,56,197015
28677,0.000421,74.125.24.0-255,2902,44978,56,197015
28678,0.000424,172.31.46.0-255,66,45044,56,197015
28679,0.000428,74.125.24.0-255,2902,47946,56,197015
28680,0.000431,172.31.46.0-255,66,48012,56,197015
28681,0.000455,74.125.24.0-255,2902,50914,56,197015
28682,0.000457,172.31.46.0-255,66,50980,56,197015
28683,0.000462,74.125.24.0-255,2902,53882,56,197015
28684,0.000465,172.31.46.0-255,66,53948,56,197015
28685,0.000485,172.31.46.0-255,66,54014,56,197015
28686,0.000498,172.31.46.0-255,66,54080,56,197015
28687,0.000517,74.125.24.0-255,2543,56623,56,197015
28688,0.00052,172.31.46.0-255,66,56689,56,197015
28689,0.000522,74.125.24.0-255,343,57032,56,197015
28690,0.000721,74.125.24.0-255,1484,58516,56,197015
28691,0.000726,172.31.46.0-255,66,58582,56,197015
28692,0.000732,74.125.24.0-255,2902,61484,56,197015
28693,0.000735,172.31.46.0-255,66,61550,56,197015
28694,0.00074,74.125.24.0-255,2902,64452,56,197015
28695,0.000742,172.31.46.0-255,66,64518,56,197015
28696,0.000765,74.125.24.0-255,2902,67420,56,197015
28697,0.000767,172.31.46.0-255,66,67486,56,197015
28698,0.000774,74.125.24.0-255,5738,73224,56,197015
28699,0.000784,172.31.46.0-255,66,73290,56,197015
28700,0.00081,74.125.24.0-255,7156,80446,56,197015
28701,0.000813,172.31.46.0-255,66,80512,56,197015
28702,0.000819,74.125.24.0-255,5738,86250,56,197015
28703,0.000822,172.31.46.0-255,66,86316,56,197015
28704,0.000845,74.125.24.0-255,5020,91336,56,197015
28705,0.000848,172.31.46.0-255,66,91402,56,197015
28706,0.000852,74.125.24.0-255,1484,92886,56,197015
28707,0.000873,74.125.24.0-255,4320,97206,56,197015
28708,0.000876,172.31.46.0-255,66,97272,56,197015
28709,0.000902,172.31.46.0-255,66,97338,56,197015
28710,0.000908,74.125.24.0-255,5738,103076,56,197015
28711,0.00091,172.31.46.0-255,66,103142,56,197015
28712,0.000949,74.125.24.0-255,2902,106044,56,197015
28713,0.000951,172.31.46.0-255,66,106110,56,197015
28714,0.000972,74.125.24.0-255,6438,112548,56,197015
28715,0.000975,172.31.46.0-255,66,112614,56,197015
28716,0.000993,74.125.24.0-255,1484,114098,56,197015
28717,0.000996,74.125.24.0-255,1484,115582,56,197015
28718,0.000998,172.31.46.0-255,66,115648,56,197015
28719,0.001017,74.125.24.0-255,1484,117132,56,197015
28720,0.001023,74.125.24.0-255,5738,122870,56,197015
28721,0.001026,172.31.46.0-255,66,122936,56,197015
28722,0.00107,172.31.46.0-255,66,123002,56,197015
28723,0.001072,172.31.46.0-255,66,123068,56,197015
28724,0.001108,74.125.24.0-255,2184,125252,56,197015
28725,0.001111,172.31.46.0-255,66,125318,56,197015
28726,0.001468,74.125.24.0-255,1484,126802,56,197015
28727,0.001486,74.125.24.0-255,2902,129704,56,197015
28728,0.001491,172.31.46.0-255,66,129770,56,197015
28729,0.001499,74.125.24.0-255,1484,131254,56,197015
28730,0.001511,74.125.24.0-255,1484,132738,56,197015
28731,0.001513,172.31.46.0-255,66,132804,56,197015
28732,0.001519,74.125.24.0-255,4320,137124,56,197015
28733,0.001521,172.31.46.0-255,66,137190,56,197015
28734,0.001587,172.31.46.0-255,66,137256,56,197015
28735,0.001595,74.125.24.0-255,7156,144412,56,197015
28736,0.001597,172.31.46.0-255,66,144478,56,197015
28737,0.00161,172.31.46.0-255,101,144579,56,197015
28738,0.001625,74.125.24.0-255,6438,151017,56,197015
28739,0.00163,172.31.46.0-255,66,151083,56,197015
28740,0.00172,74.125.24.0-255,1484,152567,56,197015
28741,0.001741,74.125.24.0-255,2902,155469,56,197015
28742,0.001744,172.31.46.0-255,66,155535,56,197015
28743,0.001751,74.125.24.0-255,5738,161273,56,197015
28744,0.001753,172.31.46.0-255,66,161339,56,197015
28745,0.001756,74.125.24.0-255,1484,162823,56,197015
28746,0.001789,172.31.46.0-255,66,162889,56,197015
28747,0.001795,74.125.24.0-255,4320,167209,56,197015
28748,0.001798,172.31.46.0-255,66,167275,56,197015
28749,0.001829,172.31.46.0-255,66,167341,56,197015
28750,0.001842,172.31.46.0-255,66,167407,56,197015
28751,0.001875,74.125.24.0-255,1484,168891,56,197015
28752,0.001913,172.31.46.0-255,66,168957,56,197015
28753,0.001919,74.125.24.0-255,4320,173277,56,197015
28754,0.00193,172.31.46.0-255,66,173343,56,197015
28755,0.001959,74.125.24.0-255,1484,174827,56,197015
28756,0.001964,74.125.24.0-255,4320,179147,56,197015
28757,0.001988,74.125.24.0-255,3602,182749,56,197015
28758,0.002007,74.125.24.0-255,1484,184233,56,197015
28759,0.002012,172.31.46.0-255,66,184299,56,197015
28760,0.002048,74.125.24.0-255,5020,189319,56,197015
28761,0.002075,74.125.24.0-255,7156,196475,56,197015
28762,0.00208,172.31.46.0-255,66,196541,56,197015
28763,0.00215,172.31.46.0-255,66,196607,56,197015
28764,0.002185,74.125.24.0-255,105,196712,56,197015
28765,0.002191,172.31.46.0-255,66,196778,56,197015
28766,0.003842,74.125.24.0-255,66,196844,56,197015
28767,0.004504,172.31.46.0-255,105,196949,56,197015
28768,0.006734,74.125.24.0-255,66,197015,56,197015
28769,0.0,172.31.46.0-255,105,105,56,276
28770,0.001766,157.240.25.0-255,105,210,56,276
28771,0.001779,172.31.46.0-255,66,276,56,276
28772,0.0,172.217.194.0-255,153,153,56,160656
28773,1.8e-05,172.31.46.0-255,66,219,56,160656
28774,2.6e-05,172.217.194.0-255,1484,1703,56,160656
28775,3.1e-05,172.31.46.0-255,66,1769,56,160656
28776,4.4e-05,172.217.194.0-255,2902,4671,56,160656
28777,4.8e-05,172.31.46.0-255,66,4737,56,160656
28778,5.7e-05,172.217.194.0-255,7156,11893,56,160656
28779,6e-05,172.31.46.0-255,66,11959,56,160656
28780,7.1e-05,172.31.46.0-255,66,12025,56,160656
28781,7.9e-05,172.217.194.0-255,7156,19181,56,160656
28782,8.2e-05,172.31.46.0-255,66,19247,56,160656
28783,0.0001,172.217.194.0-255,1484,20731,56,160656
28784,0.000107,172.31.46.0-255,66,20797,56,160656
28785,0.000113,172.217.194.0-255,2543,23340,56,160656
28786,0.000115,172.31.46.0-255,66,23406,56,160656
28787,0.000163,172.217.194.0-255,1484,24890,56,160656
28788,0.000166,172.31.46.0-255,66,24956,56,160656
28789,0.000171,172.217.194.0-255,2902,27858,56,160656
28790,0.000173,172.31.46.0-255,66,27924,56,160656
28791,0.000204,172.217.194.0-255,5738,33662,56,160656
28792,0.000207,172.31.46.0-255,66,33728,56,160656
28793,0.00021,172.217.194.0-255,1484,35212,56,160656
28794,0.000212,172.31.46.0-255,66,35278,56,160656
28795,0.000247,172.217.194.0-255,5379,40657,56,160656
28796,0.00025,172.31.46.0-255,66,40723,56,160656
28797,0.00027,172.31.46.0-255,66,40789,56,160656
28798,0.000274,172.217.194.0-255,2833,43622,56,160656
28799,0.000276,172.31.46.0-255,66,43688,56,160656
28800,0.000279,172.217.194.0-255,98,43786,56,160656
28801,0.000282,172.31.46.0-255,66,43852,56,160656
28802,0.000312,172.217.194.0-255,364,44216,56,160656
28803,0.000517,172.217.194.0-255,1484,45700,56,160656
28804,0.000524,172.217.194.0-255,2902,48602,56,160656
28805,0.000531,172.31.46.0-255,66,48668,56,160656
28806,0.000543,172.217.194.0-255,5738,54406,56,160656
28807,0.000553,172.31.46.0-255,66,54472,56,160656
28808,0.000608,172.217.194.0-255,4320,58792,56,160656
28809,0.000626,172.217.194.0-255,6438,65230,56,160656
28810,0.000636,172.31.46.0-255,66,65296,56,160656
28811,0.001513,172.217.194.0-255,1484,66780,56,160656
28812,0.001532,172.217.194.0-255,2902,69682,56,160656
28813,0.001536,172.31.46.0-255,66,69748,56,160656
28814,0.001543,172.217.194.0-255,5738,75486,56,160656
28815,0.001544,172.31.46.0-255,66,75552,56,160656
28816,0.001576,172.31.46.0-255,66,75618,56,160656
28817,0.00163,172.217.194.0-255,7156,82774,56,160656
28818,0.001634,172.31.46.0-255,66,82840,56,160656
28819,0.001656,172.31.46.0-255,66,82906,56,160656
28820,0.001894,172.217.194.0-255,1484,84390,56,160656
28821,0.001915,172.217.194.0-255,2902,87292,56,160656
28822,0.001919,172.31.46.0-255,66,87358,56,160656
28823,0.001924,172.217.194.0-255,4320,91678,56,160656
28824,0.001926,172.31.46.0-255,66,91744,56,160656
28825,0.00202,172.217.194.0-255,2184,93928,56,160656
28826,0.002207,172.217.194.0-255,1484,95412,56,160656
28827,0.002231,172.217.194.0-255,2902,98314,56,160656
28828,0.002241,172.217.194.0-255,1484,99798,56,160656
28829,0.002258,172.217.194.0-255,4320,104118,56,160656
28830,0.002275,172.217.194.0-255,5738,109856,56,160656
28831,0.00229,172.217.194.0-255,7156,117012,56,160656
28832,0.002297,172.217.194.0-255,7156,124168,56,160656
28833,0.002308,172.217.194.0-255,2902,127070,56,160656
28834,0.002317,172.217.194.0-255,766,127836,56,160656
28835,0.002422,172.217.194.0-255,1484,129320,56,160656
28836,0.002438,172.217.194.0-255,2902,132222,56,160656
28837,0.002443,172.217.194.0-255,2902,135124,56,160656
28838,0.002458,172.217.194.0-255,2902,138026,56,160656
28839,0.002473,172.217.194.0-255,4320,142346,56,160656
28840,0.002526,172.217.194.0-255,2184,144530,56,160656
28841,0.002581,172.217.194.0-255,1484,146014,56,160656
28842,0.002594,172.217.194.0-255,1484,147498,56,160656
28843,0.002609,172.217.194.0-255,1484,148982,56,160656
28844,0.00341,172.31.46.0-255,66,149048,56,160656
28845,0.005986,172.217.194.0-255,5738,154786,56,160656
28846,0.005992,172.31.46.0-255,66,154852,56,160656
28847,0.008522,172.217.194.0-255,5738,160590,56,160656
28848,0.008528,172.31.46.0-255,66,160656,56,160656
28849,0.0,172.217.194.0-255,152,152,56,147406
28850,1.4e-05,172.31.46.0-255,66,218,56,147406
28851,1.9e-05,172.217.194.0-255,1484,1702,56,147406
28852,2.3e-05,172.31.46.0-255,66,1768,56,147406
28853,2.7e-05,172.217.194.0-255,2902,4670,56,147406
28854,3.6e-05,172.31.46.0-255,66,4736,56,147406
28855,4.3e-05,172.217.194.0-255,7156,11892,56,147406
28856,4.5e-05,172.31.46.0-255,66,11958,56,147406
28857,6.5e-05,172.217.194.0-255,6353,18311,56,147406
28858,7.1e-05,172.31.46.0-255,66,18377,56,147406
28859,0.000115,172.31.46.0-255,66,18443,56,147406
28860,0.000136,172.217.194.0-255,2543,20986,56,147406
28861,0.000139,172.31.46.0-255,66,21052,56,147406
28862,0.000163,172.217.194.0-255,1484,22536,56,147406
28863,0.000165,172.31.46.0-255,66,22602,56,147406
28864,0.000169,172.217.194.0-255,2902,25504,56,147406
28865,0.000171,172.31.46.0-255,66,25570,56,147406
28866,0.000205,172.217.194.0-255,5738,31308,56,147406
28867,0.000207,172.31.46.0-255,66,31374,56,147406
28868,0.000212,172.217.194.0-255,4320,35694,56,147406
28869,0.000214,172.31.46.0-255,66,35760,56,147406
28870,0.000233,172.217.194.0-255,2543,38303,56,147406
28871,0.000235,172.31.46.0-255,66,38369,56,147406
28872,0.000241,172.217.194.0-255,1484,39853,56,147406
28873,0.000243,172.31.46.0-255,66,39919,56,147406
28874,0.000279,172.31.46.0-255,66,39985,56,147406
28875,0.000283,172.217.194.0-255,2834,42819,56,147406
28876,0.000285,172.31.46.0-255,66,42885,56,147406
28877,0.000302,172.217.194.0-255,99,42984,56,147406
28878,0.000304,172.31.46.0-255,66,43050,56,147406
28879,0.000405,172.217.194.0-255,1484,44534,56,147406
28880,0.000423,172.217.194.0-255,2902,47436,56,147406
28881,0.000426,172.31.46.0-255,66,47502,56,147406
28882,0.000459,172.217.194.0-255,5738,53240,56,147406
28883,0.000461,172.31.46.0-255,66,53306,56,147406
28884,0.000468,172.217.194.0-255,6797,60103,56,147406
28885,0.000469,172.31.46.0-255,66,60169,56,147406
28886,0.000503,172.217.194.0-255,4320,64489,56,147406
28887,0.000506,172.31.46.0-255,66,64555,56,147406
28888,0.000534,172.217.194.0-255,2902,67457,56,147406
28889,0.000536,172.31.46.0-255,66,67523,56,147406
28890,0.000545,172.31.46.0-255,66,67589,56,147406
28891,0.000547,172.217.194.0-255,1125,68714,56,147406
28892,0.001321,172.31.46.0-255,66,68780,56,147406
28893,0.001661,172.217.194.0-255,1484,70264,56,147406
28894,0.001671,172.217.194.0-255,2902,73166,56,147406
28895,0.001675,172.31.46.0-255,66,73232,56,147406
28896,0.001682,172.217.194.0-255,5738,78970,56,147406
28897,0.001684,172.31.46.0-255,66,79036,56,147406
28898,0.00169,172.217.194.0-255,4320,83356,56,147406
28899,0.001692,172.31.46.0-255,66,83422,56,147406
28900,0.001729,172.31.46.0-255,66,83488,56,147406
28901,0.001742,172.31.46.0-255,66,83554,56,147406
28902,0.001774,172.217.194.0-255,7156,90710,56,147406
28903,0.001776,172.31.46.0-255,66,90776,56,147406
28904,0.0018,172.217.194.0-255,4320,95096,56,147406
28905,0.001802,172.31.46.0-255,66,95162,56,147406
28906,0.001809,172.217.194.0-255,7156,102318,56,147406
28907,0.001811,172.31.46.0-255,66,102384,56,147406
28908,0.001836,172.217.194.0-255,1484,103868,56,147406
28909,0.001869,172.31.46.0-255,66,103934,56,147406
28910,0.001912,172.31.46.0-255,66,104000,56,147406
28911,0.001933,172.31.46.0-255,66,104066,56,147406
28912,0.001958,172.217.194.0-255,1484,105550,56,147406
28913,0.001963,172.217.194.0-255,2184,107734,56,147406
28914,0.001965,172.31.46.0-255,66,107800,56,147406
28915,0.002031,172.217.194.0-255,1484,109284,56,147406
28916,0.002044,172.217.194.0-255,2902,112186,56,147406
28917,0.002047,172.31.46.0-255,66,112252,56,147406
28918,0.002082,172.217.194.0-255,5738,117990,56,147406
28919,0.002085,172.31.46.0-255,66,118056,56,147406
28920,0.002098,172.31.46.0-255,66,118122,56,147406
28921,0.002121,172.217.194.0-255,1484,119606,56,147406
28922,0.002135,172.31.46.0-255,66,119672,56,147406
28923,0.00231,172.217.194.0-255,1484,121156,56,147406
28924,0.002318,172.217.194.0-255,2902,124058,56,147406
28925,0.002322,172.31.46.0-255,66,124124,56,147406
28926,0.002354,172.217.194.0-255,5738,129862,56,147406
28927,0.002358,172.31.46.0-255,66,129928,56,147406
28928,0.002374,172.31.46.0-255,66,129994,56,147406
28929,0.004712,172.217.194.0-255,5738,135732,56,147406
28930,0.00472,172.31.46.0-255,66,135798,56,147406
28931,0.007079,172.217.194.0-255,5738,141536,56,147406
28932,0.007085,172.31.46.0-255,66,141602,56,147406
28933,0.009398,172.217.194.0-255,5738,147340,56,147406
28934,0.009403,172.31.46.0-255,66,147406,56,147406
28935,0.0,74.125.68.0-255,153,153,56,209655
28936,2.4e-05,172.31.46.0-255,66,219,56,209655
28937,3e-05,74.125.68.0-255,1484,1703,56,209655
28938,3.5e-05,172.31.46.0-255,66,1769,56,209655
28939,4.1e-05,74.125.68.0-255,2902,4671,56,209655
28940,4.4e-05,172.31.46.0-255,66,4737,56,209655
28941,5.2e-05,74.125.68.0-255,5738,10475,56,209655
28942,5.5e-05,172.31.46.0-255,66,10541,56,209655
28943,8.1e-05,74.125.68.0-255,3464,14005,56,209655
28944,8.4e-05,172.31.46.0-255,66,14071,56,209655
28945,0.000269,74.125.68.0-255,1484,15555,56,209655
28946,0.000275,172.31.46.0-255,66,15621,56,209655
28947,0.000293,74.125.68.0-255,2902,18523,56,209655
28948,0.000296,172.31.46.0-255,66,18589,56,209655
28949,0.000329,74.125.68.0-255,5738,24327,56,209655
28950,0.000333,172.31.46.0-255,66,24393,56,209655
28951,0.000357,74.125.68.0-255,6797,31190,56,209655
28952,0.000361,172.31.46.0-255,66,31256,56,209655
28953,0.000617,74.125.68.0-255,1484,32740,56,209655
28954,0.000622,172.31.46.0-255,66,32806,56,209655
28955,0.000636,74.125.68.0-255,2902,35708,56,209655
28956,0.000638,172.31.46.0-255,66,35774,56,209655
28957,0.000642,74.125.68.0-255,1484,37258,56,209655
28958,0.000643,172.31.46.0-255,66,37324,56,209655
28959,0.000662,74.125.68.0-255,2902,40226,56,209655
28960,0.000666,172.31.46.0-255,66,40292,56,209655
28961,0.000802,74.125.68.0-255,7156,47448,56,209655
28962,0.000806,172.31.46.0-255,66,47514,56,209655
28963,0.00083,74.125.68.0-255,2543,50057,56,209655
28964,0.000833,172.31.46.0-255,66,50123,56,209655
28965,0.000845,172.31.46.0-255,66,50189,56,209655
28966,0.00086,74.125.68.0-255,1484,51673,56,209655
28967,0.000877,74.125.68.0-255,4540,56213,56,209655
28968,0.000881,172.31.46.0-255,66,56279,56,209655
28969,0.000969,74.125.68.0-255,1484,57763,56,209655
28970,0.000985,74.125.68.0-255,1484,59247,56,209655
28971,0.000991,172.31.46.0-255,66,59313,56,209655
28972,0.001011,74.125.68.0-255,1484,60797,56,209655
28973,0.001019,74.125.68.0-255,5738,66535,56,209655
28974,0.001022,172.31.46.0-255,66,66601,56,209655
28975,0.001025,74.125.68.0-255,1484,68085,56,209655
28976,0.001027,74.125.68.0-255,1484,69569,56,209655
28977,0.001029,172.31.46.0-255,66,69635,56,209655
28978,0.001041,74.125.68.0-255,1484,71119,56,209655
28979,0.001064,74.125.68.0-255,6797,77916,56,209655
28980,0.001067,172.31.46.0-255,66,77982,56,209655
28981,0.001088,74.125.68.0-255,5738,83720,56,209655
28982,0.001091,172.31.46.0-255,66,83786,56,209655
28983,0.001096,74.125.68.0-255,2902,86688,56,209655
28984,0.001098,172.31.46.0-255,66,86754,56,209655
28985,0.001116,74.125.68.0-255,3961,90715,56,209655
28986,0.001119,172.31.46.0-255,66,90781,56,209655
28987,0.001493,74.125.68.0-255,1484,92265,56,209655
28988,0.001498,74.125.68.0-255,2902,95167,56,209655
28989,0.001504,172.31.46.0-255,66,95233,56,209655
28990,0.001523,74.125.68.0-255,1484,96717,56,209655
28991,0.001526,74.125.68.0-255,1484,98201,56,209655
28992,0.001528,172.31.46.0-255,66,98267,56,209655
28993,0.001546,74.125.68.0-255,1484,99751,56,209655
28994,0.001553,74.125.68.0-255,5738,105489,56,209655
28995,0.001555,172.31.46.0-255,66,105555,56,209655
28996,0.001601,172.31.46.0-255,66,105621,56,209655
28997,0.001644,74.125.68.0-255,1484,107105,56,209655
28998,0.001668,172.31.46.0-255,66,107171,56,209655
28999,0.001791,74.125.68.0-255,1484,108655,56,209655
29000,0.001797,74.125.68.0-255,2902,111557,56,209655
29001,0.001801,172.31.46.0-255,66,111623,56,209655
29002,0.001823,74.125.68.0-255,4320,115943,56,209655
29003,0.001826,172.31.46.0-255,66,116009,56,209655
29004,0.001849,74.125.68.0-255,2902,118911,56,209655
29005,0.001851,172.31.46.0-255,66,118977,56,209655
29006,0.001869,74.125.68.0-255,2902,121879,56,209655
29007,0.001872,172.31.46.0-255,66,121945,56,209655
29008,0.001875,74.125.68.0-255,1484,123429,56,209655
29009,0.001905,74.125.68.0-255,2902,126331,56,209655
29010,0.001908,172.31.46.0-255,66,126397,56,209655
29011,0.001933,74.125.68.0-255,2902,129299,56,209655
29012,0.001937,172.31.46.0-255,66,129365,56,209655
29013,0.001976,74.125.68.0-255,2902,132267,56,209655
29014,0.001979,172.31.46.0-255,66,132333,56,209655
29015,0.002008,74.125.68.0-255,4320,136653,56,209655
29016,0.002011,172.31.46.0-255,66,136719,56,209655
29017,0.002015,74.125.68.0-255,1484,138203,56,209655
29018,0.002028,74.125.68.0-255,1484,139687,56,209655
29019,0.002031,172.31.46.0-255,66,139753,56,209655
29020,0.002074,74.125.68.0-255,2184,141937,56,209655
29021,0.002077,172.31.46.0-255,66,142003,56,209655
29022,0.002116,74.125.68.0-255,1484,143487,56,209655
29023,0.002129,74.125.68.0-255,2902,146389,56,209655
29024,0.002131,172.31.46.0-255,66,146455,56,209655
29025,0.002166,74.125.68.0-255,5738,152193,56,209655
29026,0.002175,172.31.46.0-255,66,152259,56,209655
29027,0.00218,74.125.68.0-255,2902,155161,56,209655
29028,0.002183,172.31.46.0-255,66,155227,56,209655
29029,0.0022,74.125.68.0-255,5738,160965,56,209655
29030,0.002202,172.31.46.0-255,66,161031,56,209655
29031,0.002228,74.125.68.0-255,2902,163933,56,209655
29032,0.002231,172.31.46.0-255,66,163999,56,209655
29033,0.002236,74.125.68.0-255,4320,168319,56,209655
29034,0.002239,172.31.46.0-255,66,168385,56,209655
29035,0.002284,74.125.68.0-255,4320,172705,56,209655
29036,0.002287,172.31.46.0-255,66,172771,56,209655
29037,0.002308,74.125.68.0-255,3602,176373,56,209655
29038,0.00231,172.31.46.0-255,66,176439,56,209655
29039,0.002428,74.125.68.0-255,1484,177923,56,209655
29040,0.002447,74.125.68.0-255,2902,180825,56,209655
29041,0.00245,172.31.46.0-255,66,180891,56,209655
29042,0.002455,74.125.68.0-255,2902,183793,56,209655
29043,0.002457,172.31.46.0-255,66,183859,56,209655
29044,0.002471,74.125.68.0-255,2902,186761,56,209655
29045,0.002473,172.31.46.0-255,66,186827,56,209655
29046,0.002477,74.125.68.0-255,2902,189729,56,209655
29047,0.002479,172.31.46.0-255,66,189795,56,209655
29048,0.002506,74.125.68.0-255,1484,191279,56,209655
29049,0.002512,74.125.68.0-255,5738,197017,56,209655
29050,0.002517,172.31.46.0-255,66,197083,56,209655
29051,0.002548,172.31.46.0-255,66,197149,56,209655
29052,0.002552,74.125.68.0-255,2184,199333,56,209655
29053,0.002554,172.31.46.0-255,66,199399,56,209655
29054,0.005116,74.125.68.0-255,4320,203719,56,209655
29055,0.005126,172.31.46.0-255,66,203785,56,209655
29056,0.005146,74.125.68.0-255,1484,205269,56,209655
29057,0.007706,74.125.68.0-255,4320,209589,56,209655
29058,0.007711,172.31.46.0-255,66,209655,56,209655
29059,0.0,74.125.200.0-255,153,153,56,152807
29060,1.3e-05,172.31.46.0-255,66,219,56,152807
29061,1.9e-05,74.125.200.0-255,1484,1703,56,152807
29062,2.3e-05,172.31.46.0-255,66,1769,56,152807
29063,2.9e-05,74.125.200.0-255,2902,4671,56,152807
29064,3.3e-05,172.31.46.0-255,66,4737,56,152807
29065,6.8e-05,74.125.200.0-255,7156,11893,56,152807
29066,7.1e-05,172.31.46.0-255,66,11959,56,152807
29067,7.5e-05,74.125.200.0-255,2003,13962,56,152807
29068,7.7e-05,172.31.46.0-255,66,14028,56,152807
29069,0.000114,74.125.200.0-255,1484,15512,56,152807
29070,0.000116,172.31.46.0-255,66,15578,56,152807
29071,0.000127,74.125.200.0-255,2902,18480,56,152807
29072,0.000129,172.31.46.0-255,66,18546,56,152807
29073,0.000157,74.125.200.0-255,5738,24284,56,152807
29074,0.00016,172.31.46.0-255,66,24350,56,152807
29075,0.000163,74.125.200.0-255,2902,27252,56,152807
29076,0.000165,172.31.46.0-255,66,27318,56,152807
29077,0.000169,74.125.200.0-255,3961,31279,56,152807
29078,0.000171,172.31.46.0-255,66,31345,56,152807
29079,0.000489,74.125.200.0-255,1484,32829,56,152807
29080,0.000494,172.31.46.0-255,66,32895,56,152807
29081,0.000499,74.125.200.0-255,2902,35797,56,152807
29082,0.000502,172.31.46.0-255,66,35863,56,152807
29083,0.000505,74.125.200.0-255,2902,38765,56,152807
29084,0.000507,172.31.46.0-255,66,38831,56,152807
29085,0.000523,74.125.200.0-255,4320,43151,56,152807
29086,0.000525,172.31.46.0-255,66,43217,56,152807
29087,0.000559,74.125.200.0-255,1484,44701,56,152807
29088,0.000562,172.31.46.0-255,66,44767,56,152807
29089,0.000579,74.125.200.0-255,3961,48728,56,152807
29090,0.000582,172.31.46.0-255,66,48794,56,152807
29091,0.000626,74.125.200.0-255,1484,50278,56,152807
29092,0.000643,74.125.200.0-255,2902,53180,56,152807
29093,0.000646,172.31.46.0-255,66,53246,56,152807
29094,0.000659,74.125.200.0-255,2902,56148,56,152807
29095,0.000664,172.31.46.0-255,66,56214,56,152807
29096,0.000674,74.125.200.0-255,2902,59116,56,152807
29097,0.000678,74.125.200.0-255,2902,62018,56,152807
29098,0.000682,74.125.200.0-255,3961,65979,56,152807
29099,0.000684,74.125.200.0-255,412,66391,56,152807
29100,0.000701,172.31.46.0-255,66,66457,56,152807
29101,0.000861,74.125.200.0-255,330,66787,56,152807
29102,0.00099,172.31.46.0-255,66,66853,56,152807
29103,0.001206,74.125.200.0-255,1484,68337,56,152807
29104,0.001214,74.125.200.0-255,1484,69821,56,152807
29105,0.001235,74.125.200.0-255,1484,71305,56,152807
29106,0.001241,74.125.200.0-255,4320,75625,56,152807
29107,0.001273,74.125.200.0-255,5738,81363,56,152807
29108,0.001292,74.125.200.0-255,2543,83906,56,152807
29109,0.00133,74.125.200.0-255,4320,88226,56,152807
29110,0.001343,74.125.200.0-255,1484,89710,56,152807
29111,0.001358,74.125.200.0-255,4320,94030,56,152807
29112,0.001369,74.125.200.0-255,2902,96932,56,152807
29113,0.001374,74.125.200.0-255,2902,99834,56,152807
29114,0.001406,74.125.200.0-255,1125,100959,56,152807
29115,0.001746,74.125.200.0-255,1484,102443,56,152807
29116,0.001767,74.125.200.0-255,2902,105345,56,152807
29117,0.001794,74.125.200.0-255,2902,108247,56,152807
29118,0.001799,74.125.200.0-255,4320,112567,56,152807
29119,0.001833,74.125.200.0-255,1484,114051,56,152807
29120,0.001856,74.125.200.0-255,7156,121207,56,152807
29121,0.00188,74.125.200.0-255,4320,125527,56,152807
29122,0.001903,74.125.200.0-255,5738,131265,56,152807
29123,0.001907,74.125.200.0-255,2902,134167,56,152807
29124,0.001922,74.125.200.0-255,766,134933,56,152807
29125,0.002882,172.31.46.0-255,66,134999,56,152807
29126,0.005193,74.125.200.0-255,2902,137901,56,152807
29127,0.005199,172.31.46.0-255,66,137967,56,152807
29128,0.00524,74.125.200.0-255,2902,140869,56,152807
29129,0.005254,172.31.46.0-255,66,140935,56,152807
29130,0.007508,74.125.200.0-255,2902,143837,56,152807
29131,0.007514,172.31.46.0-255,66,143903,56,152807
29132,0.007566,74.125.200.0-255,2902,146805,56,152807
29133,0.0076,172.31.46.0-255,66,146871,56,152807
29134,0.009839,74.125.200.0-255,2902,149773,56,152807
29135,0.009846,172.31.46.0-255,66,149839,56,152807
29136,0.009898,74.125.200.0-255,1484,151323,56,152807
29137,0.009911,74.125.200.0-255,1484,152807,56,152807
29138,0.0,172.217.194.0-255,150,150,56,140516
29139,2.7e-05,172.31.46.0-255,66,216,56,140516
29140,3.5e-05,172.217.194.0-255,1484,1700,56,140516
29141,4e-05,172.31.46.0-255,66,1766,56,140516
29142,4.6e-05,172.217.194.0-255,2902,4668,56,140516
29143,5.1e-05,172.31.46.0-255,66,4734,56,140516
29144,5.9e-05,172.217.194.0-255,7156,11890,56,140516
29145,6.3e-05,172.31.46.0-255,66,11956,56,140516
29146,6.7e-05,172.217.194.0-255,2005,13961,56,140516
29147,7e-05,172.31.46.0-255,66,14027,56,140516
29148,0.000185,172.217.194.0-255,1484,15511,56,140516
29149,0.000188,172.31.46.0-255,66,15577,56,140516
29150,0.000193,172.217.194.0-255,2902,18479,56,140516
29151,0.000196,172.31.46.0-255,66,18545,56,140516
29152,0.000226,172.217.194.0-255,5738,24283,56,140516
29153,0.000229,172.31.46.0-255,66,24349,56,140516
29154,0.000245,172.217.194.0-255,4320,28669,56,140516
29155,0.000248,172.31.46.0-255,66,28735,56,140516
29156,0.000271,172.217.194.0-255,2543,31278,56,140516
29157,0.000274,172.31.46.0-255,66,31344,56,140516
29158,0.000296,172.217.194.0-255,1484,32828,56,140516
29159,0.000298,172.31.46.0-255,66,32894,56,140516
29160,0.000312,172.217.194.0-255,2902,35796,56,140516
29161,0.000315,172.31.46.0-255,66,35862,56,140516
29162,0.000321,172.217.194.0-255,5738,41600,56,140516
29163,0.000324,172.31.46.0-255,66,41666,56,140516
29164,0.000343,172.217.194.0-255,2902,44568,56,140516
29165,0.000345,172.31.46.0-255,66,44634,56,140516
29166,0.00037,172.217.194.0-255,3961,48595,56,140516
29167,0.000373,172.31.46.0-255,66,48661,56,140516
29168,0.000574,172.217.194.0-255,1484,50145,56,140516
29169,0.000578,172.31.46.0-255,66,50211,56,140516
29170,0.000585,172.217.194.0-255,2902,53113,56,140516
29171,0.00059,172.217.194.0-255,1484,54597,56,140516
29172,0.000598,172.31.46.0-255,66,54663,56,140516
29173,0.000616,172.217.194.0-255,4320,58983,56,140516
29174,0.000623,172.217.194.0-255,6797,65780,56,140516
29175,0.000643,172.31.46.0-255,66,65846,56,140516
29176,0.000751,172.217.194.0-255,1484,67330,56,140516
29177,0.000767,172.217.194.0-255,2902,70232,56,140516
29178,0.000781,172.31.46.0-255,66,70298,56,140516
29179,0.000793,172.217.194.0-255,5738,76036,56,140516
29180,0.000805,172.31.46.0-255,66,76102,56,140516
29181,0.000815,172.217.194.0-255,2902,79004,56,140516
29182,0.000833,172.217.194.0-255,3961,82965,56,140516
29183,0.000836,172.217.194.0-255,646,83611,56,140516
29184,0.000853,172.31.46.0-255,66,83677,56,140516
29185,0.001675,172.217.194.0-255,1484,85161,56,140516
29186,0.001686,172.217.194.0-255,2902,88063,56,140516
29187,0.00169,172.31.46.0-255,66,88129,56,140516
29188,0.001719,172.217.194.0-255,2902,91031,56,140516
29189,0.001737,172.217.194.0-255,2902,93933,56,140516
29190,0.001744,172.217.194.0-255,7156,101089,56,140516
29191,0.001981,172.217.194.0-255,1484,102573,56,140516
29192,0.001997,172.217.194.0-255,2902,105475,56,140516
29193,0.002001,172.217.194.0-255,2902,108377,56,140516
29194,0.002024,172.217.194.0-255,2902,111279,56,140516
29195,0.00203,172.217.194.0-255,5738,117017,56,140516
29196,0.002034,172.217.194.0-255,1484,118501,56,140516
29197,0.002076,172.217.194.0-255,4471,122972,56,140516
29198,0.002144,172.217.194.0-255,1484,124456,56,140516
29199,0.00215,172.217.194.0-255,2902,127358,56,140516
29200,0.002153,172.217.194.0-255,1484,128842,56,140516
29201,0.002176,172.217.194.0-255,4320,133162,56,140516
29202,0.002215,172.217.194.0-255,1484,134646,56,140516
29203,0.005778,172.31.46.0-255,66,134712,56,140516
29204,0.008049,172.217.194.0-255,5738,140450,56,140516
29205,0.008066,172.31.46.0-255,66,140516,56,140516
29206,0.0,74.125.130.0-255,146,146,56,120722
29207,2.5e-05,172.31.46.0-255,66,212,56,120722
29208,3.3e-05,74.125.130.0-255,1484,1696,56,120722
29209,3.7e-05,172.31.46.0-255,66,1762,56,120722
29210,4.3e-05,74.125.130.0-255,2902,4664,56,120722
29211,4.7e-05,172.31.46.0-255,66,4730,56,120722
29212,5.2e-05,74.125.130.0-255,2902,7632,56,120722
29213,5.4e-05,172.31.46.0-255,66,7698,56,120722
29214,6e-05,74.125.130.0-255,4320,12018,56,120722
29215,6.3e-05,172.31.46.0-255,66,12084,56,120722
29216,0.0001,172.31.46.0-255,66,12150,56,120722
29217,0.000134,74.125.130.0-255,2902,15052,56,120722
29218,0.000136,172.31.46.0-255,66,15118,56,120722
29219,0.000155,74.125.130.0-255,6797,21915,56,120722
29220,0.000157,172.31.46.0-255,66,21981,56,120722
29221,0.00031,74.125.130.0-255,1484,23465,56,120722
29222,0.000315,172.31.46.0-255,66,23531,56,120722
29223,0.000321,74.125.130.0-255,2902,26433,56,120722
29224,0.000324,172.31.46.0-255,66,26499,56,120722
29225,0.000327,74.125.130.0-255,1484,27983,56,120722
29226,0.000328,172.31.46.0-255,66,28049,56,120722
29227,0.000343,74.125.130.0-255,1484,29533,56,120722
29228,0.000345,172.31.46.0-255,66,29599,56,120722
29229,0.000351,74.125.130.0-255,4320,33919,56,120722
29230,0.000353,172.31.46.0-255,66,33985,56,120722
29231,0.000387,74.125.130.0-255,7156,41141,56,120722
29232,0.000389,172.31.46.0-255,66,41207,56,120722
29233,0.000408,74.125.130.0-255,2543,43750,56,120722
29234,0.00041,172.31.46.0-255,66,43816,56,120722
29235,0.00042,172.31.46.0-255,66,43882,56,120722
29236,0.000441,74.125.130.0-255,1484,45366,56,120722
29237,0.000446,74.125.130.0-255,2543,47909,56,120722
29238,0.000448,172.31.46.0-255,66,47975,56,120722
29239,0.000462,74.125.130.0-255,375,48350,56,120722
29240,0.00105,172.31.46.0-255,66,48416,56,120722
29241,0.001863,74.125.130.0-255,99,48515,56,120722
29242,0.001908,74.125.130.0-255,1484,49999,56,120722
29243,0.001913,172.31.46.0-255,66,50065,56,120722
29244,0.001917,74.125.130.0-255,1484,51549,56,120722
29245,0.001932,74.125.130.0-255,1484,53033,56,120722
29246,0.001934,172.31.46.0-255,66,53099,56,120722
29247,0.001959,74.125.130.0-255,5738,58837,56,120722
29248,0.001961,172.31.46.0-255,66,58903,56,120722
29249,0.001966,74.125.130.0-255,2902,61805,56,120722
29250,0.001968,172.31.46.0-255,66,61871,56,120722
29251,0.001982,74.125.130.0-255,4320,66191,56,120722
29252,0.001984,172.31.46.0-255,66,66257,56,120722
29253,0.001998,74.125.130.0-255,4320,70577,56,120722
29254,0.002,172.31.46.0-255,66,70643,56,120722
29255,0.002028,74.125.130.0-255,7156,77799,56,120722
29256,0.00203,172.31.46.0-255,66,77865,56,120722
29257,0.002048,74.125.130.0-255,1484,79349,56,120722
29258,0.002065,74.125.130.0-255,3903,83252,56,120722
29259,0.002067,172.31.46.0-255,66,83318,56,120722
29260,0.002434,74.125.130.0-255,1484,84802,56,120722
29261,0.002447,74.125.130.0-255,2902,87704,56,120722
29262,0.002449,172.31.46.0-255,66,87770,56,120722
29263,0.002468,74.125.130.0-255,1484,89254,56,120722
29264,0.002485,74.125.130.0-255,2902,92156,56,120722
29265,0.002488,172.31.46.0-255,66,92222,56,120722
29266,0.002494,74.125.130.0-255,5738,97960,56,120722
29267,0.002496,172.31.46.0-255,66,98026,56,120722
29268,0.00252,74.125.130.0-255,2902,100928,56,120722
29269,0.002522,172.31.46.0-255,66,100994,56,120722
29270,0.002551,172.31.46.0-255,66,101060,56,120722
29271,0.002575,74.125.130.0-255,2902,103962,56,120722
29272,0.002576,172.31.46.0-255,66,104028,56,120722
29273,0.002599,74.125.130.0-255,5020,109048,56,120722
29274,0.0026,172.31.46.0-255,66,109114,56,120722
29275,0.005155,74.125.130.0-255,5738,114852,56,120722
29276,0.00516,172.31.46.0-255,66,114918,56,120722
29277,0.007716,74.125.130.0-255,5738,120656,56,120722
29278,0.007723,172.31.46.0-255,66,120722,56,120722
29279,0.0,74.125.130.0-255,149,149,56,106375
29280,2.5e-05,172.31.46.0-255,66,215,56,106375
29281,3.2e-05,74.125.130.0-255,1484,1699,56,106375
29282,3.7e-05,172.31.46.0-255,66,1765,56,106375
29283,4.3e-05,74.125.130.0-255,2902,4667,56,106375
29284,4.7e-05,172.31.46.0-255,66,4733,56,106375
29285,5.3e-05,74.125.130.0-255,4320,9053,56,106375
29286,5.7e-05,172.31.46.0-255,66,9119,56,106375
29287,8.1e-05,74.125.130.0-255,4320,13439,56,106375
29288,8.4e-05,172.31.46.0-255,66,13505,56,106375
29289,0.000105,74.125.130.0-255,4881,18386,56,106375
29290,0.000108,172.31.46.0-255,66,18452,56,106375
29291,0.000162,74.125.130.0-255,2902,21354,56,106375
29292,0.000165,172.31.46.0-255,66,21420,56,106375
29293,0.000184,74.125.130.0-255,7156,28576,56,106375
29294,0.000187,172.31.46.0-255,66,28642,56,106375
29295,0.000268,74.125.130.0-255,2543,31185,56,106375
29296,0.000272,172.31.46.0-255,66,31251,56,106375
29297,0.000308,74.125.130.0-255,1484,32735,56,106375
29298,0.000311,172.31.46.0-255,66,32801,56,106375
29299,0.000315,74.125.130.0-255,2902,35703,56,106375
29300,0.000318,172.31.46.0-255,66,35769,56,106375
29301,0.000324,74.125.130.0-255,5738,41507,56,106375
29302,0.000326,172.31.46.0-255,66,41573,56,106375
29303,0.000369,74.125.130.0-255,2902,44475,56,106375
29304,0.000372,172.31.46.0-255,66,44541,56,106375
29305,0.000385,74.125.130.0-255,1484,46025,56,106375
29306,0.000388,172.31.46.0-255,66,46091,56,106375
29307,0.000421,74.125.130.0-255,5379,51470,56,106375
29308,0.000424,172.31.46.0-255,66,51536,56,106375
29309,0.000463,74.125.130.0-255,4320,55856,56,106375
29310,0.000466,172.31.46.0-255,66,55922,56,106375
29311,0.00049,74.125.130.0-255,5738,61660,56,106375
29312,0.000511,172.31.46.0-255,66,61726,56,106375
29313,0.000546,74.125.130.0-255,3961,65687,56,106375
29314,0.000562,172.31.46.0-255,66,65753,56,106375
29315,0.001248,74.125.130.0-255,646,66399,56,106375
29316,0.001454,74.125.130.0-255,1484,67883,56,106375
29317,0.00146,172.31.46.0-255,66,67949,56,106375
29318,0.001466,74.125.130.0-255,2902,70851,56,106375
29319,0.001484,74.125.130.0-255,4320,75171,56,106375
29320,0.001501,74.125.130.0-255,1484,76655,56,106375
29321,0.001527,74.125.130.0-255,1484,78139,56,106375
29322,0.001532,74.125.130.0-255,2902,81041,56,106375
29323,0.001561,74.125.130.0-255,1484,82525,56,106375
29324,0.001575,74.125.130.0-255,4320,86845,56,106375
29325,0.001615,74.125.130.0-255,5738,92583,56,106375
29326,0.001635,74.125.130.0-255,2902,95485,56,106375
29327,0.0017,74.125.130.0-255,5020,100505,56,106375
29328,0.007127,172.31.46.0-255,66,100571,56,106375
29329,0.009177,74.125.130.0-255,5738,106309,56,106375
29330,0.009192,172.31.46.0-255,66,106375,56,106375
29331,0.0,172.217.194.0-255,296,296,56,159300
29332,1.4e-05,172.31.46.0-255,66,362,56,159300
29333,2.1e-05,172.217.194.0-255,1484,1846,56,159300
29334,2.6e-05,172.31.46.0-255,66,1912,56,159300
29335,4.1e-05,172.217.194.0-255,4320,6232,56,159300
29336,4.6e-05,172.31.46.0-255,66,6298,56,159300
29337,6.1e-05,172.31.46.0-255,66,6364,56,159300
29338,6.8e-05,172.217.194.0-255,5738,12102,56,159300
29339,7.1e-05,172.31.46.0-255,66,12168,56,159300
29340,8.8e-05,172.217.194.0-255,1484,13652,56,159300
29341,9.1e-05,172.31.46.0-255,66,13718,56,159300
29342,0.000125,172.217.194.0-255,5738,19456,56,159300
29343,0.000128,172.31.46.0-255,66,19522,56,159300
29344,0.000147,172.217.194.0-255,2543,22065,56,159300
29345,0.00015,172.31.46.0-255,66,22131,56,159300
29346,0.000162,172.217.194.0-255,1484,23615,56,159300
29347,0.000168,172.31.46.0-255,66,23681,56,159300
29348,0.000172,172.217.194.0-255,1484,25165,56,159300
29349,0.000174,172.31.46.0-255,66,25231,56,159300
29350,0.000206,172.217.194.0-255,1484,26715,56,159300
29351,0.000208,172.31.46.0-255,66,26781,56,159300
29352,0.000215,172.217.194.0-255,5738,32519,56,159300
29353,0.000218,172.31.46.0-255,66,32585,56,159300
29354,0.000256,172.217.194.0-255,6797,39382,56,159300
29355,0.000259,172.31.46.0-255,66,39448,56,159300
29356,0.000299,172.217.194.0-255,1484,40932,56,159300
29357,0.000301,172.31.46.0-255,66,40998,56,159300
29358,0.000307,172.217.194.0-255,2902,43900,56,159300
29359,0.000309,172.31.46.0-255,66,43966,56,159300
29360,0.000337,172.217.194.0-255,5738,49704,56,159300
29361,0.00034,172.31.46.0-255,66,49770,56,159300
29362,0.000374,172.217.194.0-255,2902,52672,56,159300
29363,0.000377,172.31.46.0-255,66,52738,56,159300
29364,0.000404,172.217.194.0-255,4540,57278,56,159300
29365,0.000406,172.31.46.0-255,66,57344,56,159300
29366,0.00078,172.217.194.0-255,1484,58828,56,159300
29367,0.000788,172.217.194.0-255,2902,61730,56,159300
29368,0.000792,172.31.46.0-255,66,61796,56,159300
29369,0.000797,172.217.194.0-255,2902,64698,56,159300
29370,0.000799,172.31.46.0-255,66,64764,56,159300
29371,0.00082,172.217.194.0-255,2902,67666,56,159300
29372,0.000822,172.31.46.0-255,66,67732,56,159300
29373,0.00083,172.217.194.0-255,7156,74888,56,159300
29374,0.000832,172.31.46.0-255,66,74954,56,159300
29375,0.000867,172.217.194.0-255,5738,80692,56,159300
29376,0.00087,172.31.46.0-255,66,80758,56,159300
29377,0.000874,172.217.194.0-255,1484,82242,56,159300
29378,0.000904,172.31.46.0-255,66,82308,56,159300
29379,0.00175,172.217.194.0-255,1484,83792,56,159300
29380,0.00176,172.217.194.0-255,2902,86694,56,159300
29381,0.001765,172.31.46.0-255,66,86760,56,159300
29382,0.001773,172.217.194.0-255,5738,92498,56,159300
29383,0.001775,172.31.46.0-255,66,92564,56,159300
29384,0.001817,172.31.46.0-255,66,92630,56,159300
29385,0.001834,172.31.46.0-255,66,92696,56,159300
29386,0.001884,172.217.194.0-255,4320,97016,56,159300
29387,0.001887,172.31.46.0-255,66,97082,56,159300
29388,0.001906,172.217.194.0-255,5020,102102,56,159300
29389,0.001908,172.31.46.0-255,66,102168,56,159300
29390,0.00192,172.31.46.0-255,66,102234,56,159300
29391,0.001936,172.31.46.0-255,66,102300,56,159300
29392,0.002195,172.217.194.0-255,1484,103784,56,159300
29393,0.002204,172.217.194.0-255,2902,106686,56,159300
29394,0.002208,172.31.46.0-255,66,106752,56,159300
29395,0.002216,172.217.194.0-255,5738,112490,56,159300
29396,0.002219,172.31.46.0-255,66,112556,56,159300
29397,0.002249,172.217.194.0-255,2902,115458,56,159300
29398,0.002251,172.31.46.0-255,66,115524,56,159300
29399,0.002293,172.31.46.0-255,66,115590,56,159300
29400,0.0023,172.217.194.0-255,5738,121328,56,159300
29401,0.002303,172.31.46.0-255,66,121394,56,159300
29402,0.002325,172.217.194.0-255,5020,126414,56,159300
29403,0.002333,172.31.46.0-255,66,126480,56,159300
29404,0.002368,172.217.194.0-255,5738,132218,56,159300
29405,0.002371,172.31.46.0-255,66,132284,56,159300
29406,0.002374,172.217.194.0-255,1484,133768,56,159300
29407,0.002384,172.217.194.0-255,7156,140924,56,159300
29408,0.002386,172.31.46.0-255,66,140990,56,159300
29409,0.002406,172.217.194.0-255,1484,142474,56,159300
29410,0.00244,172.31.46.0-255,66,142540,56,159300
29411,0.002457,172.217.194.0-255,5020,147560,56,159300
29412,0.00246,172.31.46.0-255,66,147626,56,159300
29413,0.002532,172.217.194.0-255,1484,149110,56,159300
29414,0.004993,172.217.194.0-255,4320,153430,56,159300
29415,0.005003,172.31.46.0-255,66,153496,56,159300
29416,0.007542,172.217.194.0-255,5738,159234,56,159300
29417,0.007548,172.31.46.0-255,66,159300,56,159300
29418,0.0,172.217.194.0-255,152,152,56,222866
29419,2e-05,172.31.46.0-255,66,218,56,222866
29420,2.7e-05,172.217.194.0-255,1484,1702,56,222866
29421,3.1e-05,172.31.46.0-255,66,1768,56,222866
29422,3.6e-05,172.217.194.0-255,2902,4670,56,222866
29423,3.9e-05,172.31.46.0-255,66,4736,56,222866
29424,4.6e-05,172.217.194.0-255,7156,11892,56,222866
29425,4.9e-05,172.31.46.0-255,66,11958,56,222866
29426,5.3e-05,172.217.194.0-255,2120,14078,56,222866
29427,5.6e-05,172.31.46.0-255,66,14144,56,222866
29428,0.000178,172.217.194.0-255,1484,15628,56,222866
29429,0.000182,172.31.46.0-255,66,15694,56,222866
29430,0.000188,172.217.194.0-255,2902,18596,56,222866
29431,0.00019,172.31.46.0-255,66,18662,56,222866
29432,0.000192,172.217.194.0-255,1484,20146,56,222866
29433,0.000194,172.31.46.0-255,66,20212,56,222866
29434,0.000211,172.217.194.0-255,4320,24532,56,222866
29435,0.000213,172.31.46.0-255,66,24598,56,222866
29436,0.000228,172.217.194.0-255,1484,26082,56,222866
29437,0.00023,172.31.46.0-255,66,26148,56,222866
29438,0.00026,172.31.46.0-255,66,26214,56,222866
29439,0.00027,172.31.46.0-255,66,26280,56,222866
29440,0.000283,172.217.194.0-255,2902,29182,56,222866
29441,0.000285,172.31.46.0-255,66,29248,56,222866
29442,0.000323,172.31.46.0-255,66,29314,56,222866
29443,0.000359,172.31.46.0-255,66,29380,56,222866
29444,0.000362,172.217.194.0-255,114,29494,56,222866
29445,0.000364,172.31.46.0-255,66,29560,56,222866
29446,0.000404,172.217.194.0-255,385,29945,56,222866
29447,0.000738,172.217.194.0-255,1484,31429,56,222866
29448,0.000743,172.31.46.0-255,66,31495,56,222866
29449,0.000758,172.217.194.0-255,2902,34397,56,222866
29450,0.00076,172.31.46.0-255,66,34463,56,222866
29451,0.000785,172.217.194.0-255,5738,40201,56,222866
29452,0.000788,172.31.46.0-255,66,40267,56,222866
29453,0.000793,172.217.194.0-255,5738,46005,56,222866
29454,0.000795,172.31.46.0-255,66,46071,56,222866
29455,0.000812,172.217.194.0-255,7156,53227,56,222866
29456,0.000814,172.31.46.0-255,66,53293,56,222866
29457,0.00082,172.217.194.0-255,5738,59031,56,222866
29458,0.000823,172.31.46.0-255,66,59097,56,222866
29459,0.000841,172.217.194.0-255,5020,64117,56,222866
29460,0.000843,172.31.46.0-255,66,64183,56,222866
29461,0.001352,172.217.194.0-255,1484,65667,56,222866
29462,0.00136,172.217.194.0-255,1484,67151,56,222866
29463,0.001363,172.31.46.0-255,66,67217,56,222866
29464,0.001388,172.217.194.0-255,1484,68701,56,222866
29465,0.001394,172.217.194.0-255,5738,74439,56,222866
29466,0.001396,172.31.46.0-255,66,74505,56,222866
29467,0.00143,172.31.46.0-255,66,74571,56,222866
29468,0.001436,172.217.194.0-255,7156,81727,56,222866
29469,0.001438,172.31.46.0-255,66,81793,56,222866
29470,0.001468,172.217.194.0-255,3602,85395,56,222866
29471,0.001471,172.31.46.0-255,66,85461,56,222866
29472,0.001493,172.217.194.0-255,4320,89781,56,222866
29473,0.001495,172.31.46.0-255,66,89847,56,222866
29474,0.001498,172.217.194.0-255,1484,91331,56,222866
29475,0.001531,172.31.46.0-255,66,91397,56,222866
29476,0.001541,172.31.46.0-255,66,91463,56,222866
29477,0.001544,172.217.194.0-255,1484,92947,56,222866
29478,0.001575,172.31.46.0-255,66,93013,56,222866
29479,0.001578,172.217.194.0-255,766,93779,56,222866
29480,0.001614,172.217.194.0-255,1484,95263,56,222866
29481,0.001617,172.31.46.0-255,66,95329,56,222866
29482,0.00162,172.217.194.0-255,1484,96813,56,222866
29483,0.001636,172.217.194.0-255,1484,98297,56,222866
29484,0.001638,172.31.46.0-255,66,98363,56,222866
29485,0.001644,172.217.194.0-255,5738,104101,56,222866
29486,0.001645,172.31.46.0-255,66,104167,56,222866
29487,0.001667,172.217.194.0-255,4320,108487,56,222866
29488,0.00167,172.31.46.0-255,66,108553,56,222866
29489,0.001701,172.31.46.0-255,66,108619,56,222866
29490,0.001711,172.31.46.0-255,66,108685,56,222866
29491,0.00173,172.217.194.0-255,2184,110869,56,222866
29492,0.001732,172.31.46.0-255,66,110935,56,222866
29493,0.001865,172.217.194.0-255,1484,112419,56,222866
29494,0.001872,172.217.194.0-255,2902,115321,56,222866
29495,0.001875,172.31.46.0-255,66,115387,56,222866
29496,0.001878,172.217.194.0-255,1484,116871,56,222866
29497,0.001898,172.217.194.0-255,4320,121191,56,222866
29498,0.001901,172.31.46.0-255,66,121257,56,222866
29499,0.001906,172.217.194.0-255,4320,125577,56,222866
29500,0.001908,172.31.46.0-255,66,125643,56,222866
29501,0.00192,172.217.194.0-255,2902,128545,56,222866
29502,0.001922,172.31.46.0-255,66,128611,56,222866
29503,0.00195,172.217.194.0-255,5738,134349,56,222866
29504,0.001953,172.31.46.0-255,66,134415,56,222866
29505,0.001964,172.31.46.0-255,66,134481,56,222866
29506,0.002021,172.217.194.0-255,1484,135965,56,222866
29507,0.002025,172.217.194.0-255,1484,137449,56,222866
29508,0.002027,172.31.46.0-255,66,137515,56,222866
29509,0.002047,172.217.194.0-255,1484,138999,56,222866
29510,0.002053,172.217.194.0-255,5738,144737,56,222866
29511,0.002055,172.31.46.0-255,66,144803,56,222866
29512,0.002101,172.217.194.0-255,5738,150541,56,222866
29513,0.002104,172.31.46.0-255,66,150607,56,222866
29514,0.002126,172.217.194.0-255,7156,157763,56,222866
29515,0.002129,172.31.46.0-255,66,157829,56,222866
29516,0.00214,172.31.46.0-255,66,157895,56,222866
29517,0.002152,172.31.46.0-255,66,157961,56,222866
29518,0.002162,172.31.46.0-255,66,158027,56,222866
29519,0.002196,172.31.46.0-255,66,158093,56,222866
29520,0.002199,172.217.194.0-255,766,158859,56,222866
29521,0.002213,172.217.194.0-255,1484,160343,56,222866
29522,0.002215,172.31.46.0-255,66,160409,56,222866
29523,0.00222,172.217.194.0-255,4320,164729,56,222866
29524,0.002222,172.31.46.0-255,66,164795,56,222866
29525,0.002237,172.217.194.0-255,5738,170533,56,222866
29526,0.002239,172.31.46.0-255,66,170599,56,222866
29527,0.002259,172.217.194.0-255,4320,174919,56,222866
29528,0.002262,172.31.46.0-255,66,174985,56,222866
29529,0.002267,172.217.194.0-255,5738,180723,56,222866
29530,0.002269,172.31.46.0-255,66,180789,56,222866
29531,0.002292,172.217.194.0-255,2902,183691,56,222866
29532,0.002294,172.31.46.0-255,66,183757,56,222866
29533,0.002336,172.217.194.0-255,1484,185241,56,222866
29534,0.00234,172.217.194.0-255,2902,188143,56,222866
29535,0.002359,172.217.194.0-255,5738,193881,56,222866
29536,0.002388,172.217.194.0-255,4320,198201,56,222866
29537,0.002418,172.217.194.0-255,5738,203939,56,222866
29538,0.002447,172.217.194.0-255,5738,209677,56,222866
29539,0.002461,172.217.194.0-255,7156,216833,56,222866
29540,0.002508,172.217.194.0-255,1484,218317,56,222866
29541,0.002563,172.217.194.0-255,4378,222695,56,222866
29542,0.002565,172.217.194.0-255,105,222800,56,222866
29543,0.008074,172.31.46.0-255,66,222866,56,222866
29544,0.0,172.217.194.0-255,293,293,56,133041
29545,1.7e-05,172.31.46.0-255,66,359,56,133041
29546,2.4e-05,172.217.194.0-255,1484,1843,56,133041
29547,2.8e-05,172.31.46.0-255,66,1909,56,133041
29548,3.8e-05,172.217.194.0-255,4320,6229,56,133041
29549,4.1e-05,172.31.46.0-255,66,6295,56,133041
29550,5.5e-05,172.31.46.0-255,66,6361,56,133041
29551,0.000104,172.31.46.0-255,66,6427,56,133041
29552,0.000111,172.217.194.0-255,5379,11806,56,133041
29553,0.000113,172.31.46.0-255,66,11872,56,133041
29554,0.000147,172.217.194.0-255,1484,13356,56,133041
29555,0.00015,172.31.46.0-255,66,13422,56,133041
29556,0.000169,172.217.194.0-255,2902,16324,56,133041
29557,0.000171,172.31.46.0-255,66,16390,56,133041
29558,0.000196,172.217.194.0-255,5738,22128,56,133041
29559,0.000199,172.31.46.0-255,66,22194,56,133041
29560,0.000206,172.217.194.0-255,6797,28991,56,133041
29561,0.000208,172.31.46.0-255,66,29057,56,133041
29562,0.00024,172.31.46.0-255,66,29123,56,133041
29563,0.000256,172.217.194.0-255,1484,30607,56,133041
29564,0.000258,172.31.46.0-255,66,30673,56,133041
29565,0.000263,172.217.194.0-255,2831,33504,56,133041
29566,0.000265,172.31.46.0-255,66,33570,56,133041
29567,0.000328,172.217.194.0-255,99,33669,56,133041
29568,0.000331,172.31.46.0-255,66,33735,56,133041
29569,0.000558,172.217.194.0-255,366,34101,56,133041
29570,0.000563,172.31.46.0-255,66,34167,56,133041
29571,0.000942,172.217.194.0-255,1484,35651,56,133041
29572,0.000946,172.31.46.0-255,66,35717,56,133041
29573,0.000952,172.217.194.0-255,2902,38619,56,133041
29574,0.000954,172.31.46.0-255,66,38685,56,133041
29575,0.000961,172.217.194.0-255,5738,44423,56,133041
29576,0.000964,172.31.46.0-255,66,44489,56,133041
29577,0.001013,172.31.46.0-255,66,44555,56,133041
29578,0.001021,172.217.194.0-255,7156,51711,56,133041
29579,0.001024,172.31.46.0-255,66,51777,56,133041
29580,0.001044,172.217.194.0-255,3602,55379,56,133041
29581,0.001046,172.31.46.0-255,66,55445,56,133041
29582,0.001249,172.217.194.0-255,1484,56929,56,133041
29583,0.001257,172.217.194.0-255,2902,59831,56,133041
29584,0.001261,172.31.46.0-255,66,59897,56,133041
29585,0.001268,172.217.194.0-255,4320,64217,56,133041
29586,0.001269,172.31.46.0-255,66,64283,56,133041
29587,0.001282,172.217.194.0-255,1484,65767,56,133041
29588,0.001287,172.217.194.0-255,2902,68669,56,133041
29589,0.001289,172.31.46.0-255,66,68735,56,133041
29590,0.001322,172.31.46.0-255,66,68801,56,133041
29591,0.001327,172.217.194.0-255,2902,71703,56,133041
29592,0.00133,172.31.46.0-255,66,71769,56,133041
29593,0.001355,172.31.46.0-255,66,71835,56,133041
29594,0.001804,172.217.194.0-255,1484,73319,56,133041
29595,0.001813,172.217.194.0-255,2902,76221,56,133041
29596,0.001818,172.31.46.0-255,66,76287,56,133041
29597,0.001826,172.217.194.0-255,5738,82025,56,133041
29598,0.001828,172.31.46.0-255,66,82091,56,133041
29599,0.001833,172.217.194.0-255,4320,86411,56,133041
29600,0.001835,172.31.46.0-255,66,86477,56,133041
29601,0.001856,172.217.194.0-255,5738,92215,56,133041
29602,0.001858,172.31.46.0-255,66,92281,56,133041
29603,0.001883,172.217.194.0-255,5738,98019,56,133041
29604,0.001886,172.31.46.0-255,66,98085,56,133041
29605,0.001896,172.31.46.0-255,66,98151,56,133041
29606,0.001999,172.217.194.0-255,1484,99635,56,133041
29607,0.002005,172.217.194.0-255,2902,102537,56,133041
29608,0.002008,172.31.46.0-255,66,102603,56,133041
29609,0.002015,172.217.194.0-255,5738,108341,56,133041
29610,0.002017,172.31.46.0-255,66,108407,56,133041
29611,0.00204,172.217.194.0-255,7156,115563,56,133041
29612,0.002042,172.31.46.0-255,66,115629,56,133041
29613,0.004052,172.217.194.0-255,5738,121367,56,133041
29614,0.004059,172.31.46.0-255,66,121433,56,133041
29615,0.006131,172.217.194.0-255,5738,127171,56,133041
29616,0.006142,172.31.46.0-255,66,127237,56,133041
29617,0.008165,172.217.194.0-255,5738,132975,56,133041
29618,0.008174,172.31.46.0-255,66,133041,56,133041
29619,0.0,172.217.27.0-255,295,295,56,111031
29620,1.4e-05,172.31.46.0-255,66,361,56,111031
29621,2.1e-05,172.217.27.0-255,1484,1845,56,111031
29622,2.5e-05,172.31.46.0-255,66,1911,56,111031
29623,3.2e-05,172.217.27.0-255,2902,4813,56,111031
29624,3.5e-05,172.31.46.0-255,66,4879,56,111031
29625,4.9e-05,172.217.27.0-255,5738,10617,56,111031
29626,5.3e-05,172.31.46.0-255,66,10683,56,111031
29627,9.3e-05,172.217.27.0-255,3151,13834,56,111031
29628,9.6e-05,172.31.46.0-255,66,13900,56,111031
29629,0.000102,172.217.27.0-255,4320,18220,56,111031
29630,0.000104,172.31.46.0-255,66,18286,56,111031
29631,0.000141,172.31.46.0-255,66,18352,56,111031
29632,0.000191,172.217.27.0-255,3961,22313,56,111031
29633,0.000194,172.31.46.0-255,66,22379,56,111031
29634,0.000322,172.217.27.0-255,1484,23863,56,111031
29635,0.000325,172.31.46.0-255,66,23929,56,111031
29636,0.000332,172.217.27.0-255,2902,26831,56,111031
29637,0.000334,172.31.46.0-255,66,26897,56,111031
29638,0.000364,172.217.27.0-255,5738,32635,56,111031
29639,0.000368,172.31.46.0-255,66,32701,56,111031
29640,0.000373,172.217.27.0-255,4320,37021,56,111031
29641,0.000375,172.31.46.0-255,66,37087,56,111031
29642,0.000407,172.217.27.0-255,5379,42466,56,111031
29643,0.000409,172.31.46.0-255,66,42532,56,111031
29644,0.000416,172.217.27.0-255,5738,48270,56,111031
29645,0.000419,172.31.46.0-255,66,48336,56,111031
29646,0.00044,172.217.27.0-255,2902,51238,56,111031
29647,0.000443,172.31.46.0-255,66,51304,56,111031
29648,0.00047,172.217.27.0-255,5681,56985,56,111031
29649,0.000477,172.31.46.0-255,66,57051,56,111031
29650,0.000868,172.217.27.0-255,355,57406,56,111031
29651,0.001065,172.217.27.0-255,1484,58890,56,111031
29652,0.00107,172.31.46.0-255,66,58956,56,111031
29653,0.001076,172.217.27.0-255,2902,61858,56,111031
29654,0.001078,172.31.46.0-255,66,61924,56,111031
29655,0.001097,172.217.27.0-255,4320,66244,56,111031
29656,0.001103,172.31.46.0-255,66,66310,56,111031
29657,0.001109,172.217.27.0-255,5738,72048,56,111031
29658,0.00111,172.31.46.0-255,66,72114,56,111031
29659,0.001152,172.217.27.0-255,4320,76434,56,111031
29660,0.001155,172.31.46.0-255,66,76500,56,111031
29661,0.001181,172.217.27.0-255,5379,81879,56,111031
29662,0.001183,172.31.46.0-255,66,81945,56,111031
29663,0.001211,172.31.46.0-255,66,82011,56,111031
29664,0.002836,172.217.27.0-255,5738,87749,56,111031
29665,0.002844,172.31.46.0-255,66,87815,56,111031
29666,0.004477,172.217.27.0-255,5738,93553,56,111031
29667,0.004484,172.31.46.0-255,66,93619,56,111031
29668,0.006128,172.217.27.0-255,5738,99357,56,111031
29669,0.006133,172.31.46.0-255,66,99423,56,111031
29670,0.007753,172.217.27.0-255,5738,105161,56,111031
29671,0.007758,172.31.46.0-255,66,105227,56,111031
29672,0.009382,172.217.27.0-255,5738,110965,56,111031
29673,0.009389,172.31.46.0-255,66,111031,56,111031
29674,0.0,74.125.200.0-255,297,297,56,250238
29675,2.2e-05,172.31.46.0-255,66,363,56,250238
29676,2.9e-05,74.125.200.0-255,1484,1847,56,250238
29677,3.3e-05,172.31.46.0-255,66,1913,56,250238
29678,5.9e-05,74.125.200.0-255,2902,4815,56,250238
29679,6.1e-05,172.31.46.0-255,66,4881,56,250238
29680,6.8e-05,74.125.200.0-255,5738,10619,56,250238
29681,7e-05,172.31.46.0-255,66,10685,56,250238
29682,9.1e-05,74.125.200.0-255,3259,13944,56,250238
29683,9.3e-05,172.31.46.0-255,66,14010,56,250238
29684,9.9e-05,74.125.200.0-255,4320,18330,56,250238
29685,0.000101,172.31.46.0-255,66,18396,56,250238
29686,0.000132,74.125.200.0-255,7156,25552,56,250238
29687,0.000135,172.31.46.0-255,66,25618,56,250238
29688,0.000153,74.125.200.0-255,2902,28520,56,250238
29689,0.000156,172.31.46.0-255,66,28586,56,250238
29690,0.000161,74.125.200.0-255,2543,31129,56,250238
29691,0.000164,172.31.46.0-255,66,31195,56,250238
29692,0.000237,74.125.200.0-255,1484,32679,56,250238
29693,0.00024,172.31.46.0-255,66,32745,56,250238
29694,0.000245,74.125.200.0-255,1484,34229,56,250238
29695,0.000247,172.31.46.0-255,66,34295,56,250238
29696,0.00026,74.125.200.0-255,1484,35779,56,250238
29697,0.000263,172.31.46.0-255,66,35845,56,250238
29698,0.00027,74.125.200.0-255,5738,41583,56,250238
29699,0.000274,172.31.46.0-255,66,41649,56,250238
29700,0.000331,74.125.200.0-255,6797,48446,56,250238
29701,0.000335,172.31.46.0-255,66,48512,56,250238
29702,0.000342,74.125.200.0-255,7156,55668,56,250238
29703,0.000345,172.31.46.0-255,66,55734,56,250238
29704,0.000356,172.31.46.0-255,66,55800,56,250238
29705,0.00039,74.125.200.0-255,1466,57266,56,250238
29706,0.000423,74.125.200.0-255,346,57612,56,250238
29707,0.000425,172.31.46.0-255,66,57678,56,250238
29708,0.000611,74.125.200.0-255,1484,59162,56,250238
29709,0.000631,74.125.200.0-255,2902,62064,56,250238
29710,0.000637,172.31.46.0-255,66,62130,56,250238
29711,0.000648,74.125.200.0-255,2902,65032,56,250238
29712,0.000651,172.31.46.0-255,66,65098,56,250238
29713,0.000654,74.125.200.0-255,1484,66582,56,250238
29714,0.000686,74.125.200.0-255,2902,69484,56,250238
29715,0.00069,172.31.46.0-255,66,69550,56,250238
29716,0.000702,172.31.46.0-255,66,69616,56,250238
29717,0.000738,172.31.46.0-255,66,69682,56,250238
29718,0.000765,74.125.200.0-255,3602,73284,56,250238
29719,0.000768,172.31.46.0-255,66,73350,56,250238
29720,0.00126,74.125.200.0-255,1484,74834,56,250238
29721,0.001266,74.125.200.0-255,2902,77736,56,250238
29722,0.001273,172.31.46.0-255,66,77802,56,250238
29723,0.001295,74.125.200.0-255,5738,83540,56,250238
29724,0.001297,172.31.46.0-255,66,83606,56,250238
29725,0.001317,74.125.200.0-255,5738,89344,56,250238
29726,0.00132,172.31.46.0-255,66,89410,56,250238
29727,0.001338,74.125.200.0-255,1484,90894,56,250238
29728,0.00135,172.31.46.0-255,66,90960,56,250238
29729,0.001355,74.125.200.0-255,4320,95280,56,250238
29730,0.001357,172.31.46.0-255,66,95346,56,250238
29731,0.001382,74.125.200.0-255,3602,98948,56,250238
29732,0.001385,172.31.46.0-255,66,99014,56,250238
29733,0.001402,74.125.200.0-255,1484,100498,56,250238
29734,0.001422,74.125.200.0-255,2902,103400,56,250238
29735,0.001425,172.31.46.0-255,66,103466,56,250238
29736,0.001431,74.125.200.0-255,4320,107786,56,250238
29737,0.001433,172.31.46.0-255,66,107852,56,250238
29738,0.001448,74.125.200.0-255,1484,109336,56,250238
29739,0.001456,74.125.200.0-255,7156,116492,56,250238
29740,0.001458,172.31.46.0-255,66,116558,56,250238
29741,0.001463,74.125.200.0-255,2902,119460,56,250238
29742,0.001465,172.31.46.0-255,66,119526,56,250238
29743,0.001482,74.125.200.0-255,5738,125264,56,250238
29744,0.001484,172.31.46.0-255,66,125330,56,250238
29745,0.001512,172.31.46.0-255,66,125396,56,250238
29746,0.001707,74.125.200.0-255,1484,126880,56,250238
29747,0.001721,74.125.200.0-255,2902,129782,56,250238
29748,0.001724,172.31.46.0-255,66,129848,56,250238
29749,0.00174,74.125.200.0-255,5738,135586,56,250238
29750,0.001743,172.31.46.0-255,66,135652,56,250238
29751,0.001746,74.125.200.0-255,1484,137136,56,250238
29752,0.001769,74.125.200.0-255,4320,141456,56,250238
29753,0.001772,172.31.46.0-255,66,141522,56,250238
29754,0.00178,74.125.200.0-255,7156,148678,56,250238
29755,0.001782,172.31.46.0-255,66,148744,56,250238
29756,0.001808,74.125.200.0-255,5738,154482,56,250238
29757,0.001811,172.31.46.0-255,66,154548,56,250238
29758,0.00183,74.125.200.0-255,4320,158868,56,250238
29759,0.001833,172.31.46.0-255,66,158934,56,250238
29760,0.001836,74.125.200.0-255,766,159700,56,250238
29761,0.001882,74.125.200.0-255,1484,161184,56,250238
29762,0.001886,172.31.46.0-255,66,161250,56,250238
29763,0.0019,74.125.200.0-255,4320,165570,56,250238
29764,0.001903,172.31.46.0-255,66,165636,56,250238
29765,0.001935,74.125.200.0-255,5738,171374,56,250238
29766,0.001938,172.31.46.0-255,66,171440,56,250238
29767,0.001944,74.125.200.0-255,4320,175760,56,250238
29768,0.001946,172.31.46.0-255,66,175826,56,250238
29769,0.001963,74.125.200.0-255,7156,182982,56,250238
29770,0.001965,172.31.46.0-255,66,183048,56,250238
29771,0.001971,74.125.200.0-255,4320,187368,56,250238
29772,0.001973,172.31.46.0-255,66,187434,56,250238
29773,0.002025,74.125.200.0-255,6438,193872,56,250238
29774,0.002029,172.31.46.0-255,66,193938,56,250238
29775,0.00209,74.125.200.0-255,1484,195422,56,250238
29776,0.002106,74.125.200.0-255,2902,198324,56,250238
29777,0.00211,172.31.46.0-255,66,198390,56,250238
29778,0.002123,74.125.200.0-255,2902,201292,56,250238
29779,0.002126,172.31.46.0-255,66,201358,56,250238
29780,0.002139,74.125.200.0-255,1484,202842,56,250238
29781,0.002144,74.125.200.0-255,4320,207162,56,250238
29782,0.002146,172.31.46.0-255,66,207228,56,250238
29783,0.002179,74.125.200.0-255,4320,211548,56,250238
29784,0.002182,172.31.46.0-255,66,211614,56,250238
29785,0.002187,74.125.200.0-255,4320,215934,56,250238
29786,0.002189,172.31.46.0-255,66,216000,56,250238
29787,0.002196,74.125.200.0-255,5738,221738,56,250238
29788,0.002199,172.31.46.0-255,66,221804,56,250238
29789,0.002218,74.125.200.0-255,6438,228242,56,250238
29790,0.002221,172.31.46.0-255,66,228308,56,250238
29791,0.002347,74.125.200.0-255,1484,229792,56,250238
29792,0.002378,74.125.200.0-255,2902,232694,56,250238
29793,0.002382,172.31.46.0-255,66,232760,56,250238
29794,0.0024,74.125.200.0-255,1484,234244,56,250238
29795,0.00476,74.125.200.0-255,4320,238564,56,250238
29796,0.004769,172.31.46.0-255,66,238630,56,250238
29797,0.007128,74.125.200.0-255,5738,244368,56,250238
29798,0.007135,172.31.46.0-255,66,244434,56,250238
29799,0.009498,74.125.200.0-255,5738,250172,56,250238
29800,0.009505,172.31.46.0-255,66,250238,56,250238
29801,0.0,172.217.194.0-255,153,153,56,235367
29802,2.2e-05,172.31.46.0-255,66,219,56,235367
29803,2.8e-05,172.217.194.0-255,1484,1703,56,235367
29804,3.1e-05,172.31.46.0-255,66,1769,56,235367
29805,3.6e-05,172.217.194.0-255,2902,4671,56,235367
29806,3.9e-05,172.31.46.0-255,66,4737,56,235367
29807,5.4e-05,172.217.194.0-255,7156,11893,56,235367
29808,5.8e-05,172.31.46.0-255,66,11959,56,235367
29809,7.1e-05,172.31.46.0-255,66,12025,56,235367
29810,7.3e-05,172.217.194.0-255,1484,13509,56,235367
29811,7.6e-05,172.31.46.0-255,66,13575,56,235367
29812,0.000108,172.217.194.0-255,5379,18954,56,235367
29813,0.000111,172.31.46.0-255,66,19020,56,235367
29814,0.000127,172.217.194.0-255,1484,20504,56,235367
29815,0.000129,172.31.46.0-255,66,20570,56,235367
29816,0.000133,172.217.194.0-255,2902,23472,56,235367
29817,0.000135,172.31.46.0-255,66,23538,56,235367
29818,0.000163,172.217.194.0-255,5738,29276,56,235367
29819,0.000166,172.31.46.0-255,66,29342,56,235367
29820,0.000189,172.217.194.0-255,6797,36139,56,235367
29821,0.000191,172.31.46.0-255,66,36205,56,235367
29822,0.000216,172.217.194.0-255,2902,39107,56,235367
29823,0.000218,172.31.46.0-255,66,39173,56,235367
29824,0.000255,172.217.194.0-255,4320,43493,56,235367
29825,0.000258,172.31.46.0-255,66,43559,56,235367
29826,0.000276,172.31.46.0-255,66,43625,56,235367
29827,0.000574,172.217.194.0-255,647,44272,56,235367
29828,0.00058,172.31.46.0-255,66,44338,56,235367
29829,0.000664,172.217.194.0-255,1484,45822,56,235367
29830,0.000669,172.217.194.0-255,2902,48724,56,235367
29831,0.000675,172.217.194.0-255,5738,54462,56,235367
29832,0.000677,172.217.194.0-255,1484,55946,56,235367
29833,0.000682,172.31.46.0-255,66,56012,56,235367
29834,0.000686,172.31.46.0-255,66,56078,56,235367
29835,0.000694,172.31.46.0-255,66,56144,56,235367
29836,0.000705,172.217.194.0-255,2902,59046,56,235367
29837,0.000708,172.31.46.0-255,66,59112,56,235367
29838,0.00074,172.217.194.0-255,5738,64850,56,235367
29839,0.000743,172.31.46.0-255,66,64916,56,235367
29840,0.000763,172.31.46.0-255,66,64982,56,235367
29841,0.000786,172.217.194.0-255,1484,66466,56,235367
29842,0.000791,172.217.194.0-255,2902,69368,56,235367
29843,0.000793,172.31.46.0-255,66,69434,56,235367
29844,0.000827,172.217.194.0-255,5738,75172,56,235367
29845,0.000831,172.31.46.0-255,66,75238,56,235367
29846,0.000845,172.31.46.0-255,66,75304,56,235367
29847,0.000861,172.31.46.0-255,66,75370,56,235367
29848,0.000881,172.217.194.0-255,766,76136,56,235367
29849,0.000905,172.217.194.0-255,7156,83292,56,235367
29850,0.000908,172.31.46.0-255,66,83358,56,235367
29851,0.000913,172.217.194.0-255,2902,86260,56,235367
29852,0.000915,172.31.46.0-255,66,86326,56,235367
29853,0.000937,172.217.194.0-255,5738,92064,56,235367
29854,0.000955,172.31.46.0-255,66,92130,56,235367
29855,0.000977,172.217.194.0-255,766,92896,56,235367
29856,0.000999,172.31.46.0-255,66,92962,56,235367
29857,0.001095,172.217.194.0-255,1484,94446,56,235367
29858,0.0011,172.217.194.0-255,2902,97348,56,235367
29859,0.001103,172.31.46.0-255,66,97414,56,235367
29860,0.001111,172.217.194.0-255,5738,103152,56,235367
29861,0.001127,172.217.194.0-255,2902,106054,56,235367
29862,0.001151,172.217.194.0-255,4320,110374,56,235367
29863,0.001157,172.31.46.0-255,66,110440,56,235367
29864,0.001181,172.217.194.0-255,6438,116878,56,235367
29865,0.001194,172.31.46.0-255,66,116944,56,235367
29866,0.001285,172.217.194.0-255,1484,118428,56,235367
29867,0.00129,172.217.194.0-255,2902,121330,56,235367
29868,0.001294,172.217.194.0-255,2902,124232,56,235367
29869,0.0013,172.31.46.0-255,66,124298,56,235367
29870,0.001309,172.217.194.0-255,2902,127200,56,235367
29871,0.001313,172.31.46.0-255,66,127266,56,235367
29872,0.001326,172.217.194.0-255,5738,133004,56,235367
29873,0.001362,172.217.194.0-255,7156,140160,56,235367
29874,0.001412,172.31.46.0-255,66,140226,56,235367
29875,0.001461,172.217.194.0-255,1484,141710,56,235367
29876,0.001466,172.217.194.0-255,2902,144612,56,235367
29877,0.001479,172.217.194.0-255,2902,147514,56,235367
29878,0.001491,172.217.194.0-255,2902,150416,56,235367
29879,0.001497,172.31.46.0-255,66,150482,56,235367
29880,0.001558,172.31.46.0-255,66,150548,56,235367
29881,0.001563,172.217.194.0-255,2184,152732,56,235367
29882,0.001568,172.31.46.0-255,66,152798,56,235367
29883,0.0016,172.217.194.0-255,2902,155700,56,235367
29884,0.001605,172.31.46.0-255,66,155766,56,235367
29885,0.001618,172.217.194.0-255,5738,161504,56,235367
29886,0.001631,172.217.194.0-255,2902,164406,56,235367
29887,0.001654,172.217.194.0-255,7156,171562,56,235367
29888,0.001658,172.31.46.0-255,66,171628,56,235367
29889,0.001698,172.217.194.0-255,3602,175230,56,235367
29890,0.001715,172.217.194.0-255,1484,176714,56,235367
29891,0.001718,172.217.194.0-255,1484,178198,56,235367
29892,0.001732,172.31.46.0-255,66,178264,56,235367
29893,0.001735,172.217.194.0-255,1484,179748,56,235367
29894,0.001741,172.217.194.0-255,5738,185486,56,235367
29895,0.001759,172.31.46.0-255,66,185552,56,235367
29896,0.001799,172.217.194.0-255,766,186318,56,235367
29897,0.001812,172.31.46.0-255,66,186384,56,235367
29898,0.001834,172.217.194.0-255,1484,187868,56,235367
29899,0.00184,172.217.194.0-255,4320,192188,56,235367
29900,0.001851,172.31.46.0-255,66,192254,56,235367
29901,0.001882,172.217.194.0-255,7156,199410,56,235367
29902,0.001905,172.31.46.0-255,66,199476,56,235367
29903,0.001945,172.217.194.0-255,4320,203796,56,235367
29904,0.001969,172.217.194.0-255,7156,210952,56,235367
29905,0.001974,172.31.46.0-255,66,211018,56,235367
29906,0.001999,172.217.194.0-255,2902,213920,56,235367
29907,0.002013,172.217.194.0-255,2902,216822,56,235367
29908,0.002021,172.31.46.0-255,66,216888,56,235367
29909,0.002033,172.217.194.0-255,7156,224044,56,235367
29910,0.002044,172.31.46.0-255,66,224110,56,235367
29911,0.00207,172.217.194.0-255,5738,229848,56,235367
29912,0.002086,172.217.194.0-255,4320,234168,56,235367
29913,0.002143,172.217.194.0-255,1028,235196,56,235367
29914,0.002146,172.217.194.0-255,105,235301,56,235367
29915,0.002151,172.31.46.0-255,66,235367,56,235367
29916,0.0,74.125.24.0-255,146,146,56,136084
29917,1.7e-05,172.31.46.0-255,66,212,56,136084
29918,2.3e-05,74.125.24.0-255,1484,1696,56,136084
29919,2.8e-05,172.31.46.0-255,66,1762,56,136084
29920,3.3e-05,74.125.24.0-255,2902,4664,56,136084
29921,3.7e-05,172.31.46.0-255,66,4730,56,136084
29922,4.2e-05,74.125.24.0-255,2902,7632,56,136084
29923,4.5e-05,172.31.46.0-255,66,7698,56,136084
29924,8.9e-05,172.31.46.0-255,66,7764,56,136084
29925,9.4e-05,74.125.24.0-255,2902,10666,56,136084
29926,9.6e-05,172.31.46.0-255,66,10732,56,136084
29927,0.00012,74.125.24.0-255,4320,15052,56,136084
29928,0.000122,172.31.46.0-255,66,15118,56,136084
29929,0.000151,172.31.46.0-255,66,15184,56,136084
29930,0.000181,172.31.46.0-255,66,15250,56,136084
29931,0.000185,74.125.24.0-255,2184,17434,56,136084
29932,0.000188,172.31.46.0-255,66,17500,56,136084
29933,0.000242,74.125.24.0-255,7156,24656,56,136084
29934,0.000245,172.31.46.0-255,66,24722,56,136084
29935,0.000259,74.125.24.0-255,4320,29042,56,136084
29936,0.000262,172.31.46.0-255,66,29108,56,136084
29937,0.000289,74.125.24.0-255,4320,33428,56,136084
29938,0.000293,172.31.46.0-255,66,33494,56,136084
29939,0.000296,74.125.24.0-255,1397,34891,56,136084
29940,0.000298,172.31.46.0-255,66,34957,56,136084
29941,0.001015,74.125.24.0-255,383,35340,56,136084
29942,0.001022,172.31.46.0-255,66,35406,56,136084
29943,0.001051,74.125.24.0-255,1484,36890,56,136084
29944,0.001054,172.31.46.0-255,66,36956,56,136084
29945,0.00106,74.125.24.0-255,4320,41276,56,136084
29946,0.001063,172.31.46.0-255,66,41342,56,136084
29947,0.001087,74.125.24.0-255,2902,44244,56,136084
29948,0.00109,172.31.46.0-255,66,44310,56,136084
29949,0.001094,74.125.24.0-255,1484,45794,56,136084
29950,0.001095,172.31.46.0-255,66,45860,56,136084
29951,0.001109,74.125.24.0-255,2902,48762,56,136084
29952,0.001112,172.31.46.0-255,66,48828,56,136084
29953,0.001151,172.31.46.0-255,66,48894,56,136084
29954,0.001157,74.125.24.0-255,4320,53214,56,136084
29955,0.001159,172.31.46.0-255,66,53280,56,136084
29956,0.001223,74.125.24.0-255,5738,59018,56,136084
29957,0.001227,172.31.46.0-255,66,59084,56,136084
29958,0.001243,74.125.24.0-255,2184,61268,56,136084
29959,0.001246,172.31.46.0-255,66,61334,56,136084
29960,0.00156,74.125.24.0-255,1484,62818,56,136084
29961,0.001567,172.31.46.0-255,66,62884,56,136084
29962,0.001574,74.125.24.0-255,2902,65786,56,136084
29963,0.001578,172.31.46.0-255,66,65852,56,136084
29964,0.001584,74.125.24.0-255,5738,71590,56,136084
29965,0.001587,172.31.46.0-255,66,71656,56,136084
29966,0.001613,74.125.24.0-255,2902,74558,56,136084
29967,0.001615,172.31.46.0-255,66,74624,56,136084
29968,0.001737,74.125.24.0-255,4320,78944,56,136084
29969,0.001744,172.31.46.0-255,66,79010,56,136084
29970,0.001754,74.125.24.0-255,2902,81912,56,136084
29971,0.001756,172.31.46.0-255,66,81978,56,136084
29972,0.001781,74.125.24.0-255,7156,89134,56,136084
29973,0.001785,172.31.46.0-255,66,89200,56,136084
29974,0.001802,74.125.24.0-255,1484,90684,56,136084
29975,0.001804,172.31.46.0-255,66,90750,56,136084
29976,0.001811,74.125.24.0-255,5020,95770,56,136084
29977,0.001814,172.31.46.0-255,66,95836,56,136084
29978,0.002101,74.125.24.0-255,1484,97320,56,136084
29979,0.002106,74.125.24.0-255,1484,98804,56,136084
29980,0.002115,172.31.46.0-255,66,98870,56,136084
29981,0.002119,172.31.46.0-255,66,98936,56,136084
29982,0.002122,74.125.24.0-255,1484,100420,56,136084
29983,0.002124,172.31.46.0-255,66,100486,56,136084
29984,0.002131,74.125.24.0-255,5738,106224,56,136084
29985,0.002134,172.31.46.0-255,66,106290,56,136084
29986,0.002161,172.31.46.0-255,66,106356,56,136084
29987,0.002195,172.31.46.0-255,66,106422,56,136084
29988,0.0022,74.125.24.0-255,2902,109324,56,136084
29989,0.002202,172.31.46.0-255,66,109390,56,136084
29990,0.002239,172.31.46.0-255,66,109456,56,136084
29991,0.002254,172.31.46.0-255,66,109522,56,136084
29992,0.002281,172.31.46.0-255,66,109588,56,136084
29993,0.002297,74.125.24.0-255,766,110354,56,136084
29994,0.002299,172.31.46.0-255,66,110420,56,136084
29995,0.002304,74.125.24.0-255,2902,113322,56,136084
29996,0.002306,172.31.46.0-255,66,113388,56,136084
29997,0.002358,172.31.46.0-255,66,113454,56,136084
29998,0.00238,74.125.24.0-255,5020,118474,56,136084
29999,0.002383,172.31.46.0-255,66,118540,56,136084
30000,0.002411,172.31.46.0-255,66,118606,56,136084
30001,0.002449,172.31.46.0-255,66,118672,56,136084
30002,0.0048,74.125.24.0-255,5738,124410,56,136084
30003,0.00481,172.31.46.0-255,66,124476,56,136084
30004,0.007166,74.125.24.0-255,5738,130214,56,136084
30005,0.007174,172.31.46.0-255,66,130280,56,136084
30006,0.009505,74.125.24.0-255,5738,136018,56,136084
30007,0.009512,172.31.46.0-255,66,136084,56,136084
30008,0.0,74.125.24.0-255,151,151,56,158503
30009,2.1e-05,172.31.46.0-255,66,217,56,158503
30010,2.8e-05,74.125.24.0-255,1484,1701,56,158503
30011,3.3e-05,172.31.46.0-255,66,1767,56,158503
30012,3.9e-05,74.125.24.0-255,2902,4669,56,158503
30013,4.3e-05,172.31.46.0-255,66,4735,56,158503
30014,5.1e-05,74.125.24.0-255,7156,11891,56,158503
30015,5.4e-05,172.31.46.0-255,66,11957,56,158503
30016,5.8e-05,74.125.24.0-255,2046,14003,56,158503
30017,6.1e-05,172.31.46.0-255,66,14069,56,158503
30018,0.000747,74.125.24.0-255,1484,15553,56,158503
30019,0.000753,172.31.46.0-255,66,15619,56,158503
30020,0.000761,74.125.24.0-255,2902,18521,56,158503
30021,0.000763,172.31.46.0-255,66,18587,56,158503
30022,0.000769,74.125.24.0-255,5738,24325,56,158503
30023,0.000771,172.31.46.0-255,66,24391,56,158503
30024,0.000803,74.125.24.0-255,6797,31188,56,158503
30025,0.000806,172.31.46.0-255,66,31254,56,158503
30026,0.00091,74.125.24.0-255,1484,32738,56,158503
30027,0.000914,172.31.46.0-255,66,32804,56,158503
30028,0.00092,74.125.24.0-255,2902,35706,56,158503
30029,0.000921,172.31.46.0-255,66,35772,56,158503
30030,0.000951,74.125.24.0-255,5738,41510,56,158503
30031,0.000954,172.31.46.0-255,66,41576,56,158503
30032,0.00096,74.125.24.0-255,6797,48373,56,158503
30033,0.000962,172.31.46.0-255,66,48439,56,158503
30034,0.000997,172.31.46.0-255,66,48505,56,158503
30035,0.001001,74.125.24.0-255,2543,51048,56,158503
30036,0.001003,172.31.46.0-255,66,51114,56,158503
30037,0.001041,74.125.24.0-255,369,51483,56,158503
30038,0.001043,172.31.46.0-255,66,51549,56,158503
30039,0.001152,74.125.24.0-255,126,51675,56,158503
30040,0.001301,74.125.24.0-255,1484,53159,56,158503
30041,0.001304,172.31.46.0-255,66,53225,56,158503
30042,0.00132,74.125.24.0-255,1484,54709,56,158503
30043,0.001342,74.125.24.0-255,1484,56193,56,158503
30044,0.001344,172.31.46.0-255,66,56259,56,158503
30045,0.00135,74.125.24.0-255,5738,61997,56,158503
30046,0.001352,172.31.46.0-255,66,62063,56,158503
30047,0.001356,74.125.24.0-255,4320,66383,56,158503
30048,0.001359,172.31.46.0-255,66,66449,56,158503
30049,0.001362,74.125.24.0-255,1484,67933,56,158503
30050,0.001395,172.31.46.0-255,66,67999,56,158503
30051,0.001402,74.125.24.0-255,6797,74796,56,158503
30052,0.001404,172.31.46.0-255,66,74862,56,158503
30053,0.001557,74.125.24.0-255,1484,76346,56,158503
30054,0.001583,74.125.24.0-255,2902,79248,56,158503
30055,0.001585,172.31.46.0-255,66,79314,56,158503
30056,0.001605,74.125.24.0-255,4320,83634,56,158503
30057,0.001607,172.31.46.0-255,66,83700,56,158503
30058,0.001612,74.125.24.0-255,5738,89438,56,158503
30059,0.001615,172.31.46.0-255,66,89504,56,158503
30060,0.001627,74.125.24.0-255,2902,92406,56,158503
30061,0.001629,172.31.46.0-255,66,92472,56,158503
30062,0.00166,74.125.24.0-255,5738,98210,56,158503
30063,0.001662,172.31.46.0-255,66,98276,56,158503
30064,0.001693,172.31.46.0-255,66,98342,56,158503
30065,0.001697,74.125.24.0-255,2902,101244,56,158503
30066,0.001699,172.31.46.0-255,66,101310,56,158503
30067,0.001704,74.125.24.0-255,2902,104212,56,158503
30068,0.001707,172.31.46.0-255,66,104278,56,158503
30069,0.001726,74.125.24.0-255,1484,105762,56,158503
30070,0.001737,172.31.46.0-255,66,105828,56,158503
30071,0.001774,172.31.46.0-255,66,105894,56,158503
30072,0.00179,74.125.24.0-255,2184,108078,56,158503
30073,0.001793,172.31.46.0-255,66,108144,56,158503
30074,0.001817,74.125.24.0-255,1484,109628,56,158503
30075,0.001835,74.125.24.0-255,2902,112530,56,158503
30076,0.001838,172.31.46.0-255,66,112596,56,158503
30077,0.001843,74.125.24.0-255,2902,115498,56,158503
30078,0.001845,172.31.46.0-255,66,115564,56,158503
30079,0.001864,74.125.24.0-255,2902,118466,56,158503
30080,0.001866,172.31.46.0-255,66,118532,56,158503
30081,0.001873,74.125.24.0-255,5738,124270,56,158503
30082,0.001876,172.31.46.0-255,66,124336,56,158503
30083,0.001886,172.31.46.0-255,66,124402,56,158503
30084,0.001913,74.125.24.0-255,4320,128722,56,158503
30085,0.001915,172.31.46.0-255,66,128788,56,158503
30086,0.001921,74.125.24.0-255,5020,133808,56,158503
30087,0.001924,172.31.46.0-255,66,133874,56,158503
30088,0.001947,74.125.24.0-255,5738,139612,56,158503
30089,0.001949,172.31.46.0-255,66,139678,56,158503
30090,0.001961,172.31.46.0-255,66,139744,56,158503
30091,0.001983,74.125.24.0-255,1484,141228,56,158503
30092,0.002012,172.31.46.0-255,66,141294,56,158503
30093,0.002014,74.125.24.0-255,1048,142342,56,158503
30094,0.00346,172.31.46.0-255,101,142443,56,158503
30095,0.004284,74.125.24.0-255,4320,146763,56,158503
30096,0.004289,172.31.46.0-255,66,146829,56,158503
30097,0.005741,74.125.24.0-255,1484,148313,56,158503
30098,0.006603,74.125.24.0-255,4320,152633,56,158503
30099,0.00661,172.31.46.0-255,66,152699,56,158503
30100,0.008919,74.125.24.0-255,5738,158437,56,158503
30101,0.008927,172.31.46.0-255,66,158503,56,158503
30102,0.0,74.125.68.0-255,153,153,56,195060
30103,2.3e-05,172.31.46.0-255,66,219,56,195060
30104,3e-05,74.125.68.0-255,1484,1703,56,195060
30105,3.5e-05,172.31.46.0-255,66,1769,56,195060
30106,5.2e-05,74.125.68.0-255,2902,4671,56,195060
30107,5.5e-05,172.31.46.0-255,66,4737,56,195060
30108,6.2e-05,74.125.68.0-255,5738,10475,56,195060
30109,6.5e-05,172.31.46.0-255,66,10541,56,195060
30110,7e-05,74.125.68.0-255,3318,13859,56,195060
30111,7.2e-05,172.31.46.0-255,66,13925,56,195060
30112,0.000199,74.125.68.0-255,1484,15409,56,195060
30113,0.000204,172.31.46.0-255,66,15475,56,195060
30114,0.000211,74.125.68.0-255,2902,18377,56,195060
30115,0.000214,172.31.46.0-255,66,18443,56,195060
30116,0.000219,74.125.68.0-255,2902,21345,56,195060
30117,0.000221,172.31.46.0-255,66,21411,56,195060
30118,0.000261,74.125.68.0-255,2902,24313,56,195060
30119,0.000264,172.31.46.0-255,66,24379,56,195060
30120,0.000269,74.125.68.0-255,2902,27281,56,195060
30121,0.000271,172.31.46.0-255,66,27347,56,195060
30122,0.000276,74.125.68.0-255,3961,31308,56,195060
30123,0.000278,172.31.46.0-255,66,31374,56,195060
30124,0.000649,74.125.68.0-255,1484,32858,56,195060
30125,0.000655,172.31.46.0-255,66,32924,56,195060
30126,0.000661,74.125.68.0-255,2902,35826,56,195060
30127,0.000663,172.31.46.0-255,66,35892,56,195060
30128,0.000667,74.125.68.0-255,1484,37376,56,195060
30129,0.000674,172.31.46.0-255,66,37442,56,195060
30130,0.000704,74.125.68.0-255,1484,38926,56,195060
30131,0.000707,172.31.46.0-255,66,38992,56,195060
30132,0.000713,74.125.68.0-255,4320,43312,56,195060
30133,0.000715,172.31.46.0-255,66,43378,56,195060
30134,0.000722,74.125.68.0-255,5738,49116,56,195060
30135,0.000725,172.31.46.0-255,66,49182,56,195060
30136,0.000758,74.125.68.0-255,3961,53143,56,195060
30137,0.00076,172.31.46.0-255,66,53209,56,195060
30138,0.000766,74.125.68.0-255,4320,57529,56,195060
30139,0.000768,172.31.46.0-255,66,57595,56,195060
30140,0.000799,172.31.46.0-255,66,57661,56,195060
30141,0.000834,74.125.68.0-255,412,58073,56,195060
30142,0.000859,74.125.68.0-255,331,58404,56,195060
30143,0.001127,172.31.46.0-255,66,58470,56,195060
30144,0.001177,74.125.68.0-255,1484,59954,56,195060
30145,0.001189,74.125.68.0-255,1484,61438,56,195060
30146,0.001192,172.31.46.0-255,66,61504,56,195060
30147,0.00122,74.125.68.0-255,1484,62988,56,195060
30148,0.001223,74.125.68.0-255,1484,64472,56,195060
30149,0.001226,172.31.46.0-255,66,64538,56,195060
30150,0.001231,74.125.68.0-255,2902,67440,56,195060
30151,0.001233,172.31.46.0-255,66,67506,56,195060
30152,0.001262,74.125.68.0-255,4320,71826,56,195060
30153,0.001264,172.31.46.0-255,66,71892,56,195060
30154,0.001293,74.125.68.0-255,1484,73376,56,195060
30155,0.001299,74.125.68.0-255,7156,80532,56,195060
30156,0.001302,172.31.46.0-255,66,80598,56,195060
30157,0.001307,74.125.68.0-255,2902,83500,56,195060
30158,0.001308,172.31.46.0-255,66,83566,56,195060
30159,0.001341,74.125.68.0-255,5738,89304,56,195060
30160,0.001344,172.31.46.0-255,66,89370,56,195060
30161,0.001366,74.125.68.0-255,3602,92972,56,195060
30162,0.001369,172.31.46.0-255,66,93038,56,195060
30163,0.001404,74.125.68.0-255,1484,94522,56,195060
30164,0.001422,74.125.68.0-255,2902,97424,56,195060
30165,0.001424,172.31.46.0-255,66,97490,56,195060
30166,0.001428,74.125.68.0-255,1484,98974,56,195060
30167,0.001474,74.125.68.0-255,4320,103294,56,195060
30168,0.001477,172.31.46.0-255,66,103360,56,195060
30169,0.00149,172.31.46.0-255,66,103426,56,195060
30170,0.001521,74.125.68.0-255,4320,107746,56,195060
30171,0.001524,172.31.46.0-255,66,107812,56,195060
30172,0.001552,74.125.68.0-255,7156,114968,56,195060
30173,0.001554,172.31.46.0-255,66,115034,56,195060
30174,0.001559,74.125.68.0-255,2184,117218,56,195060
30175,0.001561,172.31.46.0-255,66,117284,56,195060
30176,0.001837,74.125.68.0-255,1484,118768,56,195060
30177,0.001854,74.125.68.0-255,2902,121670,56,195060
30178,0.001858,172.31.46.0-255,66,121736,56,195060
30179,0.001889,74.125.68.0-255,5738,127474,56,195060
30180,0.001892,172.31.46.0-255,66,127540,56,195060
30181,0.001911,74.125.68.0-255,4320,131860,56,195060
30182,0.001913,172.31.46.0-255,66,131926,56,195060
30183,0.001946,74.125.68.0-255,1484,133410,56,195060
30184,0.001949,172.31.46.0-255,66,133476,56,195060
30185,0.001976,74.125.68.0-255,4320,137796,56,195060
30186,0.00198,172.31.46.0-255,66,137862,56,195060
30187,0.002012,74.125.68.0-255,5020,142882,56,195060
30188,0.002016,172.31.46.0-255,66,142948,56,195060
30189,0.002042,74.125.68.0-255,2902,145850,56,195060
30190,0.002044,172.31.46.0-255,66,145916,56,195060
30191,0.00208,74.125.68.0-255,2902,148818,56,195060
30192,0.002084,74.125.68.0-255,2902,151720,56,195060
30193,0.002089,74.125.68.0-255,4320,156040,56,195060
30194,0.002093,74.125.68.0-255,2902,158942,56,195060
30195,0.002098,172.31.46.0-255,66,159008,56,195060
30196,0.002106,172.31.46.0-255,66,159074,56,195060
30197,0.002109,172.31.46.0-255,66,159140,56,195060
30198,0.002115,172.31.46.0-255,66,159206,56,195060
30199,0.002122,74.125.68.0-255,5738,164944,56,195060
30200,0.002125,172.31.46.0-255,66,165010,56,195060
30201,0.002128,74.125.68.0-255,1484,166494,56,195060
30202,0.00216,74.125.68.0-255,2902,169396,56,195060
30203,0.002163,172.31.46.0-255,66,169462,56,195060
30204,0.002209,74.125.68.0-255,4320,173782,56,195060
30205,0.002212,172.31.46.0-255,66,173848,56,195060
30206,0.002215,74.125.68.0-255,1484,175332,56,195060
30207,0.002247,74.125.68.0-255,2184,177516,56,195060
30208,0.002249,172.31.46.0-255,66,177582,56,195060
30209,0.004473,74.125.68.0-255,1484,179066,56,195060
30210,0.004502,74.125.68.0-255,4320,183386,56,195060
30211,0.004507,172.31.46.0-255,66,183452,56,195060
30212,0.006774,74.125.68.0-255,5738,189190,56,195060
30213,0.006781,172.31.46.0-255,66,189256,56,195060
30214,0.009057,74.125.68.0-255,5738,194994,56,195060
30215,0.009064,172.31.46.0-255,66,195060,56,195060
30216,0.0,172.217.194.0-255,152,152,56,173800
30217,1.2e-05,172.31.46.0-255,66,218,56,173800
30218,1.7e-05,172.217.194.0-255,1484,1702,56,173800
30219,2.1e-05,172.31.46.0-255,66,1768,56,173800
30220,2.6e-05,172.217.194.0-255,2902,4670,56,173800
30221,2.8e-05,172.31.46.0-255,66,4736,56,173800
30222,5e-05,172.217.194.0-255,5738,10474,56,173800
30223,5.2e-05,172.31.46.0-255,66,10540,56,173800
30224,6.7e-05,172.217.194.0-255,1484,12024,56,173800
30225,7e-05,172.31.46.0-255,66,12090,56,173800
30226,9.5e-05,172.217.194.0-255,6318,18408,56,173800
30227,9.7e-05,172.31.46.0-255,66,18474,56,173800
30228,0.000115,172.217.194.0-255,2902,21376,56,173800
30229,0.000117,172.31.46.0-255,66,21442,56,173800
30230,0.000139,172.31.46.0-255,66,21508,56,173800
30231,0.000203,172.217.194.0-255,1484,22992,56,173800
30232,0.000206,172.31.46.0-255,66,23058,56,173800
30233,0.00021,172.217.194.0-255,2902,25960,56,173800
30234,0.000213,172.31.46.0-255,66,26026,56,173800
30235,0.000246,172.217.194.0-255,5738,31764,56,173800
30236,0.000248,172.31.46.0-255,66,31830,56,173800
30237,0.000287,172.31.46.0-255,66,31896,56,173800
30238,0.000305,172.217.194.0-255,2543,34439,56,173800
30239,0.000307,172.31.46.0-255,66,34505,56,173800
30240,0.000367,172.217.194.0-255,5738,40243,56,173800
30241,0.00037,172.31.46.0-255,66,40309,56,173800
30242,0.000387,172.217.194.0-255,1484,41793,56,173800
30243,0.000389,172.31.46.0-255,66,41859,56,173800
30244,0.000404,172.217.194.0-255,2833,44692,56,173800
30245,0.000408,172.31.46.0-255,66,44758,56,173800
30246,0.000425,172.217.194.0-255,1484,46242,56,173800
30247,0.000446,172.31.46.0-255,66,46308,56,173800
30248,0.0005,172.217.194.0-255,2902,49210,56,173800
30249,0.000505,172.31.46.0-255,66,49276,56,173800
30250,0.00053,172.31.46.0-255,66,49342,56,173800
30251,0.000576,172.217.194.0-255,4320,53662,56,173800
30252,0.000579,172.31.46.0-255,66,53728,56,173800
30253,0.000605,172.217.194.0-255,7094,60822,56,173800
30254,0.000608,172.31.46.0-255,66,60888,56,173800
30255,0.000694,172.217.194.0-255,1484,62372,56,173800
30256,0.000717,172.217.194.0-255,2902,65274,56,173800
30257,0.00072,172.31.46.0-255,66,65340,56,173800
30258,0.000725,172.217.194.0-255,5738,71078,56,173800
30259,0.000727,172.31.46.0-255,66,71144,56,173800
30260,0.000754,172.217.194.0-255,5738,76882,56,173800
30261,0.000757,172.31.46.0-255,66,76948,56,173800
30262,0.000786,172.217.194.0-255,4320,81268,56,173800
30263,0.000788,172.31.46.0-255,66,81334,56,173800
30264,0.000812,172.31.46.0-255,66,81400,56,173800
30265,0.000877,172.217.194.0-255,5020,86420,56,173800
30266,0.000881,172.31.46.0-255,66,86486,56,173800
30267,0.001252,172.217.194.0-255,1484,87970,56,173800
30268,0.001271,172.217.194.0-255,2902,90872,56,173800
30269,0.001274,172.31.46.0-255,66,90938,56,173800
30270,0.001277,172.217.194.0-255,1484,92422,56,173800
30271,0.001294,172.217.194.0-255,4320,96742,56,173800
30272,0.001296,172.31.46.0-255,66,96808,56,173800
30273,0.001348,172.31.46.0-255,66,96874,56,173800
30274,0.00137,172.217.194.0-255,2902,99776,56,173800
30275,0.001372,172.31.46.0-255,66,99842,56,173800
30276,0.001392,172.217.194.0-255,7156,106998,56,173800
30277,0.001394,172.31.46.0-255,66,107064,56,173800
30278,0.001439,172.217.194.0-255,3602,110666,56,173800
30279,0.001441,172.31.46.0-255,66,110732,56,173800
30280,0.001479,172.31.46.0-255,66,110798,56,173800
30281,0.001493,172.217.194.0-255,1484,112282,56,173800
30282,0.001551,172.217.194.0-255,5738,118020,56,173800
30283,0.001554,172.31.46.0-255,66,118086,56,173800
30284,0.001571,172.217.194.0-255,2902,120988,56,173800
30285,0.001573,172.31.46.0-255,66,121054,56,173800
30286,0.001609,172.31.46.0-255,66,121120,56,173800
30287,0.001625,172.217.194.0-255,3602,124722,56,173800
30288,0.001627,172.31.46.0-255,66,124788,56,173800
30289,0.001685,172.217.194.0-255,7156,131944,56,173800
30290,0.001688,172.31.46.0-255,66,132010,56,173800
30291,0.00171,172.31.46.0-255,66,132076,56,173800
30292,0.001831,172.217.194.0-255,4320,136396,56,173800
30293,0.001834,172.31.46.0-255,66,136462,56,173800
30294,0.001857,172.217.194.0-255,6438,142900,56,173800
30295,0.001859,172.31.46.0-255,66,142966,56,173800
30296,0.001934,172.217.194.0-255,7156,150122,56,173800
30297,0.001937,172.31.46.0-255,66,150188,56,173800
30298,0.001987,172.31.46.0-255,66,150254,56,173800
30299,0.002146,172.31.46.0-255,66,150320,56,173800
30300,0.002178,172.31.46.0-255,66,150386,56,173800
30301,0.002297,172.217.194.0-255,5738,156124,56,173800
30302,0.0023,172.31.46.0-255,66,156190,56,173800
30303,0.00234,172.31.46.0-255,66,156256,56,173800
30304,0.002379,172.31.46.0-255,66,156322,56,173800
30305,0.004387,172.217.194.0-255,5738,162060,56,173800
30306,0.004393,172.31.46.0-255,66,162126,56,173800
30307,0.006398,172.217.194.0-255,5738,167864,56,173800
30308,0.006402,172.31.46.0-255,66,167930,56,173800
30309,0.008363,172.217.194.0-255,4320,172250,56,173800
30310,0.008369,172.31.46.0-255,66,172316,56,173800
30311,0.008388,172.217.194.0-255,1484,173800,56,173800
30312,0.0,172.217.194.0-255,146,146,56,98102
30313,2.4e-05,172.31.46.0-255,66,212,56,98102
30314,3.2e-05,172.217.194.0-255,1484,1696,56,98102
30315,3.6e-05,172.31.46.0-255,66,1762,56,98102
30316,4.3e-05,172.217.194.0-255,2902,4664,56,98102
30317,5.4e-05,172.31.46.0-255,66,4730,56,98102
30318,6.1e-05,172.217.194.0-255,7156,11886,56,98102
30319,6.5e-05,172.31.46.0-255,66,11952,56,98102
30320,6.9e-05,172.217.194.0-255,2003,13955,56,98102
30321,7.2e-05,172.31.46.0-255,66,14021,56,98102
30322,0.000437,172.217.194.0-255,1484,15505,56,98102
30323,0.000443,172.31.46.0-255,66,15571,56,98102
30324,0.00045,172.217.194.0-255,2902,18473,56,98102
30325,0.000453,172.31.46.0-255,66,18539,56,98102
30326,0.000462,172.217.194.0-255,2902,21441,56,98102
30327,0.000466,172.31.46.0-255,66,21507,56,98102
30328,0.000495,172.217.194.0-255,2902,24409,56,98102
30329,0.000498,172.31.46.0-255,66,24475,56,98102
30330,0.000501,172.217.194.0-255,1484,25959,56,98102
30331,0.000504,172.31.46.0-255,66,26025,56,98102
30332,0.000533,172.217.194.0-255,5379,31404,56,98102
30333,0.000536,172.31.46.0-255,66,31470,56,98102
30334,0.000829,172.217.194.0-255,1484,32954,56,98102
30335,0.000834,172.31.46.0-255,66,33020,56,98102
30336,0.000844,172.217.194.0-255,2902,35922,56,98102
30337,0.000852,172.31.46.0-255,66,35988,56,98102
30338,0.000857,172.217.194.0-255,2902,38890,56,98102
30339,0.000859,172.31.46.0-255,66,38956,56,98102
30340,0.000895,172.217.194.0-255,7156,46112,56,98102
30341,0.000898,172.31.46.0-255,66,46178,56,98102
30342,0.00094,172.31.46.0-255,66,46244,56,98102
30343,0.000966,172.217.194.0-255,2543,48787,56,98102
30344,0.000969,172.31.46.0-255,66,48853,56,98102
30345,0.001205,172.217.194.0-255,376,49229,56,98102
30346,0.001212,172.31.46.0-255,66,49295,56,98102
30347,0.001414,172.217.194.0-255,99,49394,56,98102
30348,0.00142,172.31.46.0-255,66,49460,56,98102
30349,0.001455,172.217.194.0-255,1484,50944,56,98102
30350,0.001458,172.31.46.0-255,66,51010,56,98102
30351,0.001463,172.217.194.0-255,2902,53912,56,98102
30352,0.001466,172.31.46.0-255,66,53978,56,98102
30353,0.001469,172.217.194.0-255,1484,55462,56,98102
30354,0.001477,172.31.46.0-255,66,55528,56,98102
30355,0.001512,172.217.194.0-255,4320,59848,56,98102
30356,0.00152,172.31.46.0-255,66,59914,56,98102
30357,0.001535,172.31.46.0-255,66,59980,56,98102
30358,0.001547,172.31.46.0-255,66,60046,56,98102
30359,0.00174,172.217.194.0-255,1484,61530,56,98102
30360,0.001746,172.217.194.0-255,2902,64432,56,98102
30361,0.001779,172.31.46.0-255,66,64498,56,98102
30362,0.001784,172.31.46.0-255,66,64564,56,98102
30363,0.001812,172.217.194.0-255,5738,70302,56,98102
30364,0.001859,172.217.194.0-255,2902,73204,56,98102
30365,0.001904,172.31.46.0-255,66,73270,56,98102
30366,0.001912,172.217.194.0-255,7156,80426,56,98102
30367,0.001926,172.217.194.0-255,1484,81910,56,98102
30368,0.001929,172.31.46.0-255,66,81976,56,98102
30369,0.001977,172.31.46.0-255,66,82042,56,98102
30370,0.004063,172.217.194.0-255,5738,87780,56,98102
30371,0.00407,172.31.46.0-255,66,87846,56,98102
30372,0.006161,172.217.194.0-255,4320,92166,56,98102
30373,0.006167,172.31.46.0-255,66,92232,56,98102
30374,0.006195,172.217.194.0-255,1484,93716,56,98102
30375,0.008239,172.217.194.0-255,4320,98036,56,98102
30376,0.008247,172.31.46.0-255,66,98102,56,98102
30377,0.0,172.217.194.0-255,153,153,56,153718
30378,1.8e-05,172.31.46.0-255,66,219,56,153718
30379,2.5e-05,172.217.194.0-255,1484,1703,56,153718
30380,2.9e-05,172.31.46.0-255,66,1769,56,153718
30381,4.2e-05,172.217.194.0-255,2902,4671,56,153718
30382,4.5e-05,172.31.46.0-255,66,4737,56,153718
30383,5.4e-05,172.217.194.0-255,7156,11893,56,153718
30384,5.6e-05,172.31.46.0-255,66,11959,56,153718
30385,6e-05,172.217.194.0-255,2085,14044,56,153718
30386,6.3e-05,172.31.46.0-255,66,14110,56,153718
30387,0.000141,172.217.194.0-255,1484,15594,56,153718
30388,0.000144,172.31.46.0-255,66,15660,56,153718
30389,0.00016,172.217.194.0-255,2902,18562,56,153718
30390,0.000163,172.31.46.0-255,66,18628,56,153718
30391,0.000168,172.217.194.0-255,2902,21530,56,153718
30392,0.000171,172.31.46.0-255,66,21596,56,153718
30393,0.000191,172.217.194.0-255,2902,24498,56,153718
30394,0.000194,172.31.46.0-255,66,24564,56,153718
30395,0.00021,172.31.46.0-255,66,24630,56,153718
30396,0.000245,172.217.194.0-255,1125,25755,56,153718
30397,0.000247,172.31.46.0-255,66,25821,56,153718
30398,0.00026,172.31.46.0-255,66,25887,56,153718
30399,0.000265,172.217.194.0-255,3961,29848,56,153718
30400,0.000267,172.31.46.0-255,66,29914,56,153718
30401,0.000481,172.217.194.0-255,1484,31398,56,153718
30402,0.000485,172.31.46.0-255,66,31464,56,153718
30403,0.00049,172.217.194.0-255,1484,32948,56,153718
30404,0.000492,172.31.46.0-255,66,33014,56,153718
30405,0.000512,172.217.194.0-255,1484,34498,56,153718
30406,0.000519,172.31.46.0-255,66,34564,56,153718
30407,0.000526,172.217.194.0-255,5738,40302,56,153718
30408,0.000529,172.31.46.0-255,66,40368,56,153718
30409,0.000573,172.31.46.0-255,66,40434,56,153718
30410,0.000584,172.31.46.0-255,66,40500,56,153718
30411,0.000619,172.31.46.0-255,66,40566,56,153718
30412,0.000654,172.31.46.0-255,66,40632,56,153718
30413,0.000656,172.217.194.0-255,766,41398,56,153718
30414,0.001116,172.217.194.0-255,1484,42882,56,153718
30415,0.001121,172.31.46.0-255,66,42948,56,153718
30416,0.001127,172.217.194.0-255,2902,45850,56,153718
30417,0.001129,172.31.46.0-255,66,45916,56,153718
30418,0.001135,172.217.194.0-255,5738,51654,56,153718
30419,0.001141,172.31.46.0-255,66,51720,56,153718
30420,0.001164,172.217.194.0-255,4320,56040,56,153718
30421,0.001167,172.31.46.0-255,66,56106,56,153718
30422,0.001211,172.31.46.0-255,66,56172,56,153718
30423,0.001224,172.31.46.0-255,66,56238,56,153718
30424,0.001726,172.217.194.0-255,1484,57722,56,153718
30425,0.001731,172.217.194.0-255,1484,59206,56,153718
30426,0.001734,172.31.46.0-255,66,59272,56,153718
30427,0.00176,172.217.194.0-255,1484,60756,56,153718
30428,0.001767,172.217.194.0-255,5738,66494,56,153718
30429,0.00177,172.31.46.0-255,66,66560,56,153718
30430,0.001781,172.31.46.0-255,66,66626,56,153718
30431,0.001819,172.217.194.0-255,4320,70946,56,153718
30432,0.001823,172.31.46.0-255,66,71012,56,153718
30433,0.001836,172.31.46.0-255,66,71078,56,153718
30434,0.001865,172.217.194.0-255,1484,72562,56,153718
30435,0.001907,172.31.46.0-255,66,72628,56,153718
30436,0.001921,172.31.46.0-255,66,72694,56,153718
30437,0.001932,172.31.46.0-255,66,72760,56,153718
30438,0.001943,172.31.46.0-255,66,72826,56,153718
30439,0.001945,172.217.194.0-255,1484,74310,56,153718
30440,0.00198,172.31.46.0-255,66,74376,56,153718
30441,0.002025,172.31.46.0-255,66,74442,56,153718
30442,0.002073,172.217.194.0-255,1484,75926,56,153718
30443,0.00209,172.217.194.0-255,2902,78828,56,153718
30444,0.002093,172.31.46.0-255,66,78894,56,153718
30445,0.002125,172.217.194.0-255,5738,84632,56,153718
30446,0.002128,172.31.46.0-255,66,84698,56,153718
30447,0.002132,172.217.194.0-255,2902,87600,56,153718
30448,0.002134,172.31.46.0-255,66,87666,56,153718
30449,0.002184,172.31.46.0-255,66,87732,56,153718
30450,0.002191,172.217.194.0-255,7156,94888,56,153718
30451,0.002194,172.31.46.0-255,66,94954,56,153718
30452,0.002203,172.217.194.0-255,3602,98556,56,153718
30453,0.002205,172.31.46.0-255,66,98622,56,153718
30454,0.002288,172.217.194.0-255,1484,100106,56,153718
30455,0.002301,172.217.194.0-255,2902,103008,56,153718
30456,0.002305,172.31.46.0-255,66,103074,56,153718
30457,0.00235,172.217.194.0-255,5738,108812,56,153718
30458,0.002354,172.31.46.0-255,66,108878,56,153718
30459,0.002365,172.31.46.0-255,66,108944,56,153718
30460,0.002416,172.217.194.0-255,2184,111128,56,153718
30461,0.002497,172.217.194.0-255,1484,112612,56,153718
30462,0.002512,172.217.194.0-255,2902,115514,56,153718
30463,0.002516,172.217.194.0-255,1484,116998,56,153718
30464,0.002534,172.217.194.0-255,4320,121318,56,153718
30465,0.002537,172.217.194.0-255,1484,122802,56,153718
30466,0.002548,172.217.194.0-255,1484,124286,56,153718
30467,0.002551,172.217.194.0-255,1484,125770,56,153718
30468,0.002566,172.217.194.0-255,1484,127254,56,153718
30469,0.002573,172.217.194.0-255,5738,132992,56,153718
30470,0.002603,172.217.194.0-255,1484,134476,56,153718
30471,0.002634,172.217.194.0-255,4320,138796,56,153718
30472,0.002753,172.217.194.0-255,1484,140280,56,153718
30473,0.002802,172.217.194.0-255,2902,143182,56,153718
30474,0.002809,172.217.194.0-255,6438,149620,56,153718
30475,0.002821,172.217.194.0-255,1484,151104,56,153718
30476,0.002825,172.217.194.0-255,2237,153341,56,153718
30477,0.002847,172.217.194.0-255,105,153446,56,153718
30478,0.006796,172.31.46.0-255,66,153512,56,153718
30479,0.008599,172.31.46.0-255,101,153613,56,153718
30480,0.008962,172.31.46.0-255,105,153718,56,153718
30481,0.0,74.125.130.0-255,146,146,56,185123
30482,2.5e-05,172.31.46.0-255,66,212,56,185123
30483,3.2e-05,74.125.130.0-255,1484,1696,56,185123
30484,3.7e-05,172.31.46.0-255,66,1762,56,185123
30485,4.6e-05,74.125.130.0-255,2902,4664,56,185123
30486,5.1e-05,172.31.46.0-255,66,4730,56,185123
30487,5.5e-05,74.125.130.0-255,1484,6214,56,185123
30488,5.8e-05,172.31.46.0-255,66,6280,56,185123
30489,8e-05,74.125.130.0-255,4320,10600,56,185123
30490,8.3e-05,172.31.46.0-255,66,10666,56,185123
30491,0.0001,74.125.130.0-255,6308,16974,56,185123
30492,0.000102,172.31.46.0-255,66,17040,56,185123
30493,0.000105,74.125.130.0-255,1484,18524,56,185123
30494,0.000107,172.31.46.0-255,66,18590,56,185123
30495,0.00015,74.125.130.0-255,5738,24328,56,185123
30496,0.000153,172.31.46.0-255,66,24394,56,185123
30497,0.000175,74.125.130.0-255,4320,28714,56,185123
30498,0.000177,172.31.46.0-255,66,28780,56,185123
30499,0.000181,74.125.130.0-255,2543,31323,56,185123
30500,0.000183,172.31.46.0-255,66,31389,56,185123
30501,0.000289,74.125.130.0-255,1484,32873,56,185123
30502,0.000293,172.31.46.0-255,66,32939,56,185123
30503,0.000299,74.125.130.0-255,2902,35841,56,185123
30504,0.000301,172.31.46.0-255,66,35907,56,185123
30505,0.000316,74.125.130.0-255,4320,40227,56,185123
30506,0.000319,172.31.46.0-255,66,40293,56,185123
30507,0.000376,74.125.130.0-255,4320,44613,56,185123
30508,0.00038,172.31.46.0-255,66,44679,56,185123
30509,0.0004,74.125.130.0-255,3961,48640,56,185123
30510,0.000402,172.31.46.0-255,66,48706,56,185123
30511,0.000598,74.125.130.0-255,1484,50190,56,185123
30512,0.000603,172.31.46.0-255,66,50256,56,185123
30513,0.000617,74.125.130.0-255,1484,51740,56,185123
30514,0.00062,172.31.46.0-255,66,51806,56,185123
30515,0.000645,74.125.130.0-255,2902,54708,56,185123
30516,0.000649,172.31.46.0-255,66,54774,56,185123
30517,0.000668,74.125.130.0-255,2902,57676,56,185123
30518,0.000671,172.31.46.0-255,66,57742,56,185123
30519,0.000694,74.125.130.0-255,2902,60644,56,185123
30520,0.000696,74.125.130.0-255,1484,62128,56,185123
30521,0.0007,74.125.130.0-255,2902,65030,56,185123
30522,0.000705,74.125.130.0-255,4320,69350,56,185123
30523,0.00071,172.31.46.0-255,66,69416,56,185123
30524,0.000713,172.31.46.0-255,66,69482,56,185123
30525,0.000716,172.31.46.0-255,66,69548,56,185123
30526,0.000719,172.31.46.0-255,66,69614,56,185123
30527,0.000729,74.125.130.0-255,2543,72157,56,185123
30528,0.000731,172.31.46.0-255,66,72223,56,185123
30529,0.000736,74.125.130.0-255,4320,76543,56,185123
30530,0.000739,172.31.46.0-255,66,76609,56,185123
30531,0.000778,74.125.130.0-255,1484,78093,56,185123
30532,0.000782,172.31.46.0-255,66,78159,56,185123
30533,0.0008,74.125.130.0-255,5379,83538,56,185123
30534,0.000803,172.31.46.0-255,66,83604,56,185123
30535,0.001052,74.125.130.0-255,1484,85088,56,185123
30536,0.001057,172.31.46.0-255,66,85154,56,185123
30537,0.001082,74.125.130.0-255,1484,86638,56,185123
30538,0.001084,172.31.46.0-255,66,86704,56,185123
30539,0.001103,74.125.130.0-255,1484,88188,56,185123
30540,0.001105,172.31.46.0-255,66,88254,56,185123
30541,0.001112,74.125.130.0-255,5738,93992,56,185123
30542,0.001114,172.31.46.0-255,66,94058,56,185123
30543,0.001122,74.125.130.0-255,7156,101214,56,185123
30544,0.001124,172.31.46.0-255,66,101280,56,185123
30545,0.001153,172.31.46.0-255,66,101346,56,185123
30546,0.00117,74.125.130.0-255,1484,102830,56,185123
30547,0.001173,172.31.46.0-255,66,102896,56,185123
30548,0.001195,74.125.130.0-255,2069,104965,56,185123
30549,0.001198,172.31.46.0-255,66,105031,56,185123
30550,0.00177,74.125.130.0-255,1484,106515,56,185123
30551,0.001776,172.31.46.0-255,66,106581,56,185123
30552,0.001786,74.125.130.0-255,2902,109483,56,185123
30553,0.001788,172.31.46.0-255,66,109549,56,185123
30554,0.001813,74.125.130.0-255,5738,115287,56,185123
30555,0.001816,172.31.46.0-255,66,115353,56,185123
30556,0.001838,74.125.130.0-255,7156,122509,56,185123
30557,0.001841,172.31.46.0-255,66,122575,56,185123
30558,0.001858,74.125.130.0-255,1484,124059,56,185123
30559,0.001864,74.125.130.0-255,2902,126961,56,185123
30560,0.001866,172.31.46.0-255,66,127027,56,185123
30561,0.00189,74.125.130.0-255,7156,134183,56,185123
30562,0.001893,172.31.46.0-255,66,134249,56,185123
30563,0.001898,74.125.130.0-255,2902,137151,56,185123
30564,0.0019,172.31.46.0-255,66,137217,56,185123
30565,0.001928,74.125.130.0-255,1484,138701,56,185123
30566,0.001931,74.125.130.0-255,766,139467,56,185123
30567,0.001933,172.31.46.0-255,66,139533,56,185123
30568,0.002104,74.125.130.0-255,1484,141017,56,185123
30569,0.002108,74.125.130.0-255,1484,142501,56,185123
30570,0.002112,172.31.46.0-255,66,142567,56,185123
30571,0.002131,74.125.130.0-255,1484,144051,56,185123
30572,0.002139,74.125.130.0-255,4320,148371,56,185123
30573,0.002141,172.31.46.0-255,66,148437,56,185123
30574,0.002145,74.125.130.0-255,1484,149921,56,185123
30575,0.002161,74.125.130.0-255,4320,154241,56,185123
30576,0.002163,172.31.46.0-255,66,154307,56,185123
30577,0.002199,172.31.46.0-255,66,154373,56,185123
30578,0.002256,172.31.46.0-255,66,154439,56,185123
30579,0.002273,74.125.130.0-255,2184,156623,56,185123
30580,0.002275,172.31.46.0-255,66,156689,56,185123
30581,0.00229,172.31.46.0-255,66,156755,56,185123
30582,0.002296,74.125.130.0-255,5738,162493,56,185123
30583,0.002299,172.31.46.0-255,66,162559,56,185123
30584,0.002321,74.125.130.0-255,1484,164043,56,185123
30585,0.002342,74.125.130.0-255,4320,168363,56,185123
30586,0.002345,172.31.46.0-255,66,168429,56,185123
30587,0.002364,74.125.130.0-255,5020,173449,56,185123
30588,0.002367,172.31.46.0-255,66,173515,56,185123
30589,0.004963,74.125.130.0-255,5738,179253,56,185123
30590,0.004978,172.31.46.0-255,66,179319,56,185123
30591,0.007579,74.125.130.0-255,5738,185057,56,185123
30592,0.007586,172.31.46.0-255,66,185123,56,185123
30593,0.0,74.125.130.0-255,152,152,56,272736
30594,3.3e-05,172.31.46.0-255,66,218,56,272736
30595,4e-05,74.125.130.0-255,1484,1702,56,272736
30596,4.4e-05,172.31.46.0-255,66,1768,56,272736
30597,5e-05,74.125.130.0-255,2902,4670,56,272736
30598,5.3e-05,172.31.46.0-255,66,4736,56,272736
30599,8.5e-05,74.125.130.0-255,5738,10474,56,272736
30600,8.8e-05,172.31.46.0-255,66,10540,56,272736
30601,9.3e-05,74.125.130.0-255,4320,14860,56,272736
30602,9.5e-05,172.31.46.0-255,66,14926,56,272736
30603,0.00011,74.125.130.0-255,2005,16931,56,272736
30604,0.000112,172.31.46.0-255,66,16997,56,272736
30605,0.000115,74.125.130.0-255,1484,18481,56,272736
30606,0.000116,172.31.46.0-255,66,18547,56,272736
30607,0.000133,74.125.130.0-255,7156,25703,56,272736
30608,0.000136,172.31.46.0-255,66,25769,56,272736
30609,0.000158,74.125.130.0-255,1484,27253,56,272736
30610,0.000161,172.31.46.0-255,66,27319,56,272736
30611,0.00019,74.125.130.0-255,3961,31280,56,272736
30612,0.000195,172.31.46.0-255,66,31346,56,272736
30613,0.00026,74.125.130.0-255,1484,32830,56,272736
30614,0.000263,172.31.46.0-255,66,32896,56,272736
30615,0.000269,74.125.130.0-255,2902,35798,56,272736
30616,0.000272,172.31.46.0-255,66,35864,56,272736
30617,0.000298,74.125.130.0-255,5738,41602,56,272736
30618,0.000301,172.31.46.0-255,66,41668,56,272736
30619,0.000324,74.125.130.0-255,6797,48465,56,272736
30620,0.000328,172.31.46.0-255,66,48531,56,272736
30621,0.00035,74.125.130.0-255,1484,50015,56,272736
30622,0.000353,172.31.46.0-255,66,50081,56,272736
30623,0.000372,74.125.130.0-255,5738,55819,56,272736
30624,0.000376,172.31.46.0-255,66,55885,56,272736
30625,0.00038,74.125.130.0-255,2902,58787,56,272736
30626,0.000384,74.125.130.0-255,2902,61689,56,272736
30627,0.000385,172.31.46.0-255,66,61755,56,272736
30628,0.000389,172.31.46.0-255,66,61821,56,272736
30629,0.000394,74.125.130.0-255,1484,63305,56,272736
30630,0.000413,74.125.130.0-255,2543,65848,56,272736
30631,0.000416,172.31.46.0-255,66,65914,56,272736
30632,0.000607,74.125.130.0-255,1484,67398,56,272736
30633,0.000629,74.125.130.0-255,2902,70300,56,272736
30634,0.000633,172.31.46.0-255,66,70366,56,272736
30635,0.000654,74.125.130.0-255,5738,76104,56,272736
30636,0.000657,172.31.46.0-255,66,76170,56,272736
30637,0.00066,74.125.130.0-255,1484,77654,56,272736
30638,0.000681,74.125.130.0-255,5379,83033,56,272736
30639,0.000684,172.31.46.0-255,66,83099,56,272736
30640,0.000718,74.125.130.0-255,7156,90255,56,272736
30641,0.000722,172.31.46.0-255,66,90321,56,272736
30642,0.000726,74.125.130.0-255,2902,93223,56,272736
30643,0.000728,172.31.46.0-255,66,93289,56,272736
30644,0.000746,74.125.130.0-255,5738,99027,56,272736
30645,0.00075,172.31.46.0-255,66,99093,56,272736
30646,0.000768,74.125.130.0-255,1125,100218,56,272736
30647,0.001051,74.125.130.0-255,1484,101702,56,272736
30648,0.001055,172.31.46.0-255,66,101768,56,272736
30649,0.001074,74.125.130.0-255,2902,104670,56,272736
30650,0.001077,172.31.46.0-255,66,104736,56,272736
30651,0.001099,74.125.130.0-255,2902,107638,56,272736
30652,0.001102,172.31.46.0-255,66,107704,56,272736
30653,0.001129,74.125.130.0-255,4320,112024,56,272736
30654,0.001132,172.31.46.0-255,66,112090,56,272736
30655,0.001143,172.31.46.0-255,66,112156,56,272736
30656,0.001149,74.125.130.0-255,5738,117894,56,272736
30657,0.001151,172.31.46.0-255,66,117960,56,272736
30658,0.001159,74.125.130.0-255,7156,125116,56,272736
30659,0.001161,172.31.46.0-255,66,125182,56,272736
30660,0.001164,74.125.130.0-255,766,125948,56,272736
30661,0.001184,74.125.130.0-255,1484,127432,56,272736
30662,0.001187,172.31.46.0-255,66,127498,56,272736
30663,0.001243,74.125.130.0-255,4320,131818,56,272736
30664,0.001247,172.31.46.0-255,66,131884,56,272736
30665,0.001254,74.125.130.0-255,7156,139040,56,272736
30666,0.001256,172.31.46.0-255,66,139106,56,272736
30667,0.001266,172.31.46.0-255,66,139172,56,272736
30668,0.001302,172.31.46.0-255,66,139238,56,272736
30669,0.00133,74.125.130.0-255,1484,140722,56,272736
30670,0.001346,74.125.130.0-255,2184,142906,56,272736
30671,0.001349,172.31.46.0-255,66,142972,56,272736
30672,0.001404,74.125.130.0-255,1484,144456,56,272736
30673,0.001424,74.125.130.0-255,2902,147358,56,272736
30674,0.001427,172.31.46.0-255,66,147424,56,272736
30675,0.001447,74.125.130.0-255,4320,151744,56,272736
30676,0.00145,172.31.46.0-255,66,151810,56,272736
30677,0.001453,74.125.130.0-255,1484,153294,56,272736
30678,0.001465,74.125.130.0-255,1484,154778,56,272736
30679,0.001467,172.31.46.0-255,66,154844,56,272736
30680,0.001483,74.125.130.0-255,5738,160582,56,272736
30681,0.001486,172.31.46.0-255,66,160648,56,272736
30682,0.001491,74.125.130.0-255,2902,163550,56,272736
30683,0.001493,172.31.46.0-255,66,163616,56,272736
30684,0.001496,74.125.130.0-255,1484,165100,56,272736
30685,0.001515,74.125.130.0-255,2902,168002,56,272736
30686,0.001517,172.31.46.0-255,66,168068,56,272736
30687,0.001524,74.125.130.0-255,5738,173806,56,272736
30688,0.001526,172.31.46.0-255,66,173872,56,272736
30689,0.001547,74.125.130.0-255,2902,176774,56,272736
30690,0.001549,74.125.130.0-255,766,177540,56,272736
30691,0.001551,172.31.46.0-255,66,177606,56,272736
30692,0.001696,74.125.130.0-255,1484,179090,56,272736
30693,0.0017,172.31.46.0-255,66,179156,56,272736
30694,0.001704,74.125.130.0-255,1484,180640,56,272736
30695,0.001718,74.125.130.0-255,1484,182124,56,272736
30696,0.00172,172.31.46.0-255,66,182190,56,272736
30697,0.001726,74.125.130.0-255,4320,186510,56,272736
30698,0.001729,172.31.46.0-255,66,186576,56,272736
30699,0.001739,74.125.130.0-255,1484,188060,56,272736
30700,0.001742,74.125.130.0-255,1484,189544,56,272736
30701,0.001744,172.31.46.0-255,66,189610,56,272736
30702,0.001767,74.125.130.0-255,5738,195348,56,272736
30703,0.001771,172.31.46.0-255,66,195414,56,272736
30704,0.001799,172.31.46.0-255,66,195480,56,272736
30705,0.001822,74.125.130.0-255,5738,201218,56,272736
30706,0.001825,172.31.46.0-255,66,201284,56,272736
30707,0.001854,74.125.130.0-255,2184,203468,56,272736
30708,0.001857,172.31.46.0-255,66,203534,56,272736
30709,0.002046,74.125.130.0-255,1484,205018,56,272736
30710,0.002071,74.125.130.0-255,2902,207920,56,272736
30711,0.002074,172.31.46.0-255,66,207986,56,272736
30712,0.002099,74.125.130.0-255,5738,213724,56,272736
30713,0.002102,172.31.46.0-255,66,213790,56,272736
30714,0.002124,74.125.130.0-255,7156,220946,56,272736
30715,0.002128,172.31.46.0-255,66,221012,56,272736
30716,0.002131,74.125.130.0-255,1484,222496,56,272736
30717,0.002161,172.31.46.0-255,66,222562,56,272736
30718,0.002182,74.125.130.0-255,3602,226164,56,272736
30719,0.002185,172.31.46.0-255,66,226230,56,272736
30720,0.002344,74.125.130.0-255,1484,227714,56,272736
30721,0.002358,74.125.130.0-255,2902,230616,56,272736
30722,0.002362,172.31.46.0-255,66,230682,56,272736
30723,0.002395,74.125.130.0-255,5738,236420,56,272736
30724,0.002399,172.31.46.0-255,66,236486,56,272736
30725,0.00241,74.125.130.0-255,1484,237970,56,272736
30726,0.002436,74.125.130.0-255,5738,243708,56,272736
30727,0.002439,172.31.46.0-255,66,243774,56,272736
30728,0.002444,74.125.130.0-255,2902,246676,56,272736
30729,0.002446,172.31.46.0-255,66,246742,56,272736
30730,0.002449,74.125.130.0-255,1484,248226,56,272736
30731,0.002469,74.125.130.0-255,2902,251128,56,272736
30732,0.002472,172.31.46.0-255,66,251194,56,272736
30733,0.002486,74.125.130.0-255,2902,254096,56,272736
30734,0.002491,172.31.46.0-255,66,254162,56,272736
30735,0.002509,74.125.130.0-255,2902,257064,56,272736
30736,0.002513,172.31.46.0-255,66,257130,56,272736
30737,0.002531,74.125.130.0-255,1484,258614,56,272736
30738,0.002535,74.125.130.0-255,2184,260798,56,272736
30739,0.002537,172.31.46.0-255,66,260864,56,272736
30740,0.005024,74.125.130.0-255,2902,263766,56,272736
30741,0.005032,172.31.46.0-255,66,263832,56,272736
30742,0.005051,74.125.130.0-255,2902,266734,56,272736
30743,0.005053,172.31.46.0-255,66,266800,56,272736
30744,0.007556,74.125.130.0-255,2902,269702,56,272736
30745,0.00756,172.31.46.0-255,66,269768,56,272736
30746,0.007577,74.125.130.0-255,2902,272670,56,272736
30747,0.00758,172.31.46.0-255,66,272736,56,272736
30748,0.0,172.217.160.0-255,153,153,56,114325
30749,1.9e-05,172.31.46.0-255,66,219,56,114325
30750,2.6e-05,172.217.160.0-255,1484,1703,56,114325
30751,3e-05,172.31.46.0-255,66,1769,56,114325
30752,4.5e-05,172.217.160.0-255,2902,4671,56,114325
30753,4.8e-05,172.31.46.0-255,66,4737,56,114325
30754,5.6e-05,172.217.160.0-255,7156,11893,56,114325
30755,5.9e-05,172.31.46.0-255,66,11959,56,114325
30756,6.4e-05,172.217.160.0-255,2118,14077,56,114325
30757,6.7e-05,172.31.46.0-255,66,14143,56,114325
30758,0.000274,172.217.160.0-255,1484,15627,56,114325
30759,0.00028,172.31.46.0-255,66,15693,56,114325
30760,0.000286,172.217.160.0-255,2902,18595,56,114325
30761,0.000289,172.31.46.0-255,66,18661,56,114325
30762,0.0003,172.217.160.0-255,5738,24399,56,114325
30763,0.000303,172.31.46.0-255,66,24465,56,114325
30764,0.000345,172.217.160.0-255,6797,31262,56,114325
30765,0.000348,172.31.46.0-255,66,31328,56,114325
30766,0.000503,172.217.160.0-255,1484,32812,56,114325
30767,0.000507,172.31.46.0-255,66,32878,56,114325
30768,0.000513,172.217.160.0-255,2902,35780,56,114325
30769,0.000516,172.31.46.0-255,66,35846,56,114325
30770,0.000521,172.217.160.0-255,2902,38748,56,114325
30771,0.000524,172.31.46.0-255,66,38814,56,114325
30772,0.000541,172.217.160.0-255,2902,41716,56,114325
30773,0.000548,172.31.46.0-255,66,41782,56,114325
30774,0.000553,172.217.160.0-255,2902,44684,56,114325
30775,0.000554,172.31.46.0-255,66,44750,56,114325
30776,0.000575,172.217.160.0-255,3961,48711,56,114325
30777,0.000582,172.31.46.0-255,66,48777,56,114325
30778,0.000614,172.217.160.0-255,4320,53097,56,114325
30779,0.000618,172.31.46.0-255,66,53163,56,114325
30780,0.000624,172.217.160.0-255,4320,57483,56,114325
30781,0.000627,172.31.46.0-255,66,57549,56,114325
30782,0.000652,172.217.160.0-255,5738,63287,56,114325
30783,0.000657,172.217.160.0-255,2543,65830,56,114325
30784,0.000659,172.217.160.0-255,374,66204,56,114325
30785,0.000664,172.31.46.0-255,66,66270,56,114325
30786,0.000667,172.31.46.0-255,66,66336,56,114325
30787,0.001129,172.31.46.0-255,66,66402,56,114325
30788,0.001508,172.217.160.0-255,102,66504,56,114325
30789,0.001577,172.217.160.0-255,1484,67988,56,114325
30790,0.001581,172.31.46.0-255,66,68054,56,114325
30791,0.001588,172.217.160.0-255,2902,70956,56,114325
30792,0.001591,172.31.46.0-255,66,71022,56,114325
30793,0.001595,172.217.160.0-255,1484,72506,56,114325
30794,0.001617,172.217.160.0-255,4320,76826,56,114325
30795,0.001619,172.31.46.0-255,66,76892,56,114325
30796,0.001623,172.217.160.0-255,1484,78376,56,114325
30797,0.001651,172.217.160.0-255,5379,83755,56,114325
30798,0.001654,172.31.46.0-255,66,83821,56,114325
30799,0.001662,172.217.160.0-255,7156,90977,56,114325
30800,0.001664,172.31.46.0-255,66,91043,56,114325
30801,0.001703,172.31.46.0-255,66,91109,56,114325
30802,0.003643,172.217.160.0-255,5738,96847,56,114325
30803,0.003651,172.31.46.0-255,66,96913,56,114325
30804,0.005554,172.217.160.0-255,5738,102651,56,114325
30805,0.005558,172.31.46.0-255,66,102717,56,114325
30806,0.007472,172.217.160.0-255,5738,108455,56,114325
30807,0.007477,172.31.46.0-255,66,108521,56,114325
30808,0.009386,172.217.160.0-255,5738,114259,56,114325
30809,0.009393,172.31.46.0-255,66,114325,56,114325
30810,0.0,172.217.194.0-255,156,156,56,207041
30811,2e-05,172.31.46.0-255,66,222,56,207041
30812,2.6e-05,172.217.194.0-255,1484,1706,56,207041
30813,3.1e-05,172.31.46.0-255,66,1772,56,207041
30814,3.8e-05,172.217.194.0-255,2902,4674,56,207041
30815,4.2e-05,172.31.46.0-255,66,4740,56,207041
30816,4.8e-05,172.217.194.0-255,4320,9060,56,207041
30817,5e-05,172.31.46.0-255,66,9126,56,207041
30818,7.4e-05,172.217.194.0-255,2902,12028,56,207041
30819,7.7e-05,172.31.46.0-255,66,12094,56,207041
30820,8.2e-05,172.217.194.0-255,2039,14133,56,207041
30821,8.4e-05,172.31.46.0-255,66,14199,56,207041
30822,0.000179,172.217.194.0-255,1484,15683,56,207041
30823,0.000182,172.31.46.0-255,66,15749,56,207041
30824,0.000187,172.217.194.0-255,2902,18651,56,207041
30825,0.00019,172.31.46.0-255,66,18717,56,207041
30826,0.000196,172.217.194.0-255,5738,24455,56,207041
30827,0.000199,172.31.46.0-255,66,24521,56,207041
30828,0.000225,172.217.194.0-255,6797,31318,56,207041
30829,0.000227,172.31.46.0-255,66,31384,56,207041
30830,0.000247,172.217.194.0-255,7156,38540,56,207041
30831,0.00025,172.31.46.0-255,66,38606,56,207041
30832,0.000298,172.31.46.0-255,66,38672,56,207041
30833,0.000308,172.31.46.0-255,66,38738,56,207041
30834,0.000311,172.217.194.0-255,766,39504,56,207041
30835,0.000313,172.31.46.0-255,66,39570,56,207041
30836,0.000353,172.217.194.0-255,408,39978,56,207041
30837,0.000355,172.31.46.0-255,66,40044,56,207041
30838,0.000412,172.217.194.0-255,1484,41528,56,207041
30839,0.000415,172.31.46.0-255,66,41594,56,207041
30840,0.000418,172.217.194.0-255,1484,43078,56,207041
30841,0.000423,172.217.194.0-255,2902,45980,56,207041
30842,0.000425,172.31.46.0-255,66,46046,56,207041
30843,0.000443,172.217.194.0-255,1484,47530,56,207041
30844,0.000446,172.217.194.0-255,1484,49014,56,207041
30845,0.000448,172.31.46.0-255,66,49080,56,207041
30846,0.000486,172.31.46.0-255,66,49146,56,207041
30847,0.000499,172.31.46.0-255,66,49212,56,207041
30848,0.000548,172.217.194.0-255,4740,53952,56,207041
30849,0.000552,172.31.46.0-255,66,54018,56,207041
30850,0.000558,172.217.194.0-255,5738,59756,56,207041
30851,0.000561,172.31.46.0-255,66,59822,56,207041
30852,0.000565,172.217.194.0-255,2902,62724,56,207041
30853,0.000567,172.31.46.0-255,66,62790,56,207041
30854,0.00061,172.31.46.0-255,66,62856,56,207041
30855,0.000617,172.217.194.0-255,7156,70012,56,207041
30856,0.00062,172.31.46.0-255,66,70078,56,207041
30857,0.000622,172.217.194.0-255,1484,71562,56,207041
30858,0.000645,172.217.194.0-255,6438,78000,56,207041
30859,0.000648,172.31.46.0-255,66,78066,56,207041
30860,0.000807,172.217.194.0-255,1484,79550,56,207041
30861,0.000823,172.217.194.0-255,2902,82452,56,207041
30862,0.000825,172.31.46.0-255,66,82518,56,207041
30863,0.000852,172.217.194.0-255,5738,88256,56,207041
30864,0.000855,172.31.46.0-255,66,88322,56,207041
30865,0.000861,172.217.194.0-255,4320,92642,56,207041
30866,0.000863,172.31.46.0-255,66,92708,56,207041
30867,0.000884,172.31.46.0-255,66,92774,56,207041
30868,0.00089,172.217.194.0-255,4320,97094,56,207041
30869,0.000891,172.31.46.0-255,66,97160,56,207041
30870,0.000915,172.217.194.0-255,6438,103598,56,207041
30871,0.000918,172.31.46.0-255,66,103664,56,207041
30872,0.000968,172.31.46.0-255,66,103730,56,207041
30873,0.001015,172.217.194.0-255,1484,105214,56,207041
30874,0.001036,172.31.46.0-255,66,105280,56,207041
30875,0.001047,172.31.46.0-255,66,105346,56,207041
30876,0.001057,172.31.46.0-255,66,105412,56,207041
30877,0.001075,172.31.46.0-255,66,105478,56,207041
30878,0.001109,172.217.194.0-255,1484,106962,56,207041
30879,0.001124,172.217.194.0-255,2902,109864,56,207041
30880,0.001126,172.31.46.0-255,66,109930,56,207041
30881,0.00113,172.217.194.0-255,1484,111414,56,207041
30882,0.00115,172.217.194.0-255,4320,115734,56,207041
30883,0.001153,172.31.46.0-255,66,115800,56,207041
30884,0.001158,172.217.194.0-255,4320,120120,56,207041
30885,0.00116,172.31.46.0-255,66,120186,56,207041
30886,0.001181,172.217.194.0-255,2902,123088,56,207041
30887,0.001183,172.31.46.0-255,66,123154,56,207041
30888,0.001229,172.31.46.0-255,66,123220,56,207041
30889,0.001234,172.217.194.0-255,3602,126822,56,207041
30890,0.001236,172.31.46.0-255,66,126888,56,207041
30891,0.001286,172.217.194.0-255,1484,128372,56,207041
30892,0.001302,172.217.194.0-255,2902,131274,56,207041
30893,0.001305,172.31.46.0-255,66,131340,56,207041
30894,0.001327,172.217.194.0-255,4320,135660,56,207041
30895,0.00133,172.31.46.0-255,66,135726,56,207041
30896,0.001347,172.217.194.0-255,1484,137210,56,207041
30897,0.001355,172.217.194.0-255,7156,144366,56,207041
30898,0.001357,172.31.46.0-255,66,144432,56,207041
30899,0.001372,172.217.194.0-255,5738,150170,56,207041
30900,0.001375,172.31.46.0-255,66,150236,56,207041
30901,0.001391,172.217.194.0-255,1484,151720,56,207041
30902,0.001434,172.31.46.0-255,66,151786,56,207041
30903,0.001441,172.217.194.0-255,7156,158942,56,207041
30904,0.001444,172.31.46.0-255,66,159008,56,207041
30905,0.001481,172.31.46.0-255,66,159074,56,207041
30906,0.001506,172.217.194.0-255,7156,166230,56,207041
30907,0.001508,172.31.46.0-255,66,166296,56,207041
30908,0.001511,172.217.194.0-255,766,167062,56,207041
30909,0.001525,172.217.194.0-255,1484,168546,56,207041
30910,0.001528,172.31.46.0-255,66,168612,56,207041
30911,0.001532,172.217.194.0-255,2902,171514,56,207041
30912,0.001534,172.31.46.0-255,66,171580,56,207041
30913,0.001538,172.217.194.0-255,2902,174482,56,207041
30914,0.00154,172.31.46.0-255,66,174548,56,207041
30915,0.001555,172.217.194.0-255,2902,177450,56,207041
30916,0.001558,172.31.46.0-255,66,177516,56,207041
30917,0.001572,172.217.194.0-255,5738,183254,56,207041
30918,0.00158,172.31.46.0-255,66,183320,56,207041
30919,0.001604,172.217.194.0-255,7156,190476,56,207041
30920,0.001607,172.217.194.0-255,1484,191960,56,207041
30921,0.001644,172.31.46.0-255,66,192026,56,207041
30922,0.001667,172.217.194.0-255,2902,194928,56,207041
30923,0.00168,172.31.46.0-255,66,194994,56,207041
30924,0.001694,172.217.194.0-255,7156,202150,56,207041
30925,0.001707,172.31.46.0-255,66,202216,56,207041
30926,0.001726,172.217.194.0-255,4320,206536,56,207041
30927,0.001737,172.31.46.0-255,66,206602,56,207041
30928,0.001784,172.217.194.0-255,97,206699,56,207041
30929,0.001794,172.31.46.0-255,66,206765,56,207041
30930,0.001811,172.217.194.0-255,105,206870,56,207041
30931,0.00932,172.31.46.0-255,66,206936,56,207041
30932,0.009364,172.31.46.0-255,105,207041,56,207041
30933,0.0,74.125.130.0-255,146,146,56,125123
30934,1.7e-05,172.31.46.0-255,66,212,56,125123
30935,2.4e-05,74.125.130.0-255,1484,1696,56,125123
30936,2.9e-05,172.31.46.0-255,66,1762,56,125123
30937,4.3e-05,74.125.130.0-255,2902,4664,56,125123
30938,4.7e-05,172.31.46.0-255,66,4730,56,125123
30939,5.2e-05,74.125.130.0-255,2902,7632,56,125123
30940,5.4e-05,172.31.46.0-255,66,7698,56,125123
30941,6e-05,74.125.130.0-255,4320,12018,56,125123
30942,6.3e-05,172.31.46.0-255,66,12084,56,125123
30943,0.000106,172.31.46.0-255,66,12150,56,125123
30944,0.000112,74.125.130.0-255,4320,16470,56,125123
30945,0.000114,172.31.46.0-255,66,16536,56,125123
30946,0.00014,74.125.130.0-255,1484,18020,56,125123
30947,0.000143,172.31.46.0-255,66,18086,56,125123
30948,0.000162,74.125.130.0-255,3961,22047,56,125123
30949,0.000164,172.31.46.0-255,66,22113,56,125123
30950,0.000295,74.125.130.0-255,1484,23597,56,125123
30951,0.000299,172.31.46.0-255,66,23663,56,125123
30952,0.000305,74.125.130.0-255,2902,26565,56,125123
30953,0.000307,172.31.46.0-255,66,26631,56,125123
30954,0.00031,74.125.130.0-255,1484,28115,56,125123
30955,0.000317,172.31.46.0-255,66,28181,56,125123
30956,0.000322,74.125.130.0-255,2902,31083,56,125123
30957,0.000324,172.31.46.0-255,66,31149,56,125123
30958,0.000331,74.125.130.0-255,5738,36887,56,125123
30959,0.000334,172.31.46.0-255,66,36953,56,125123
30960,0.000375,74.125.130.0-255,5379,42332,56,125123
30961,0.000379,172.31.46.0-255,66,42398,56,125123
30962,0.000385,74.125.130.0-255,5738,48136,56,125123
30963,0.000387,172.31.46.0-255,66,48202,56,125123
30964,0.000425,172.31.46.0-255,66,48268,56,125123
30965,0.000427,74.125.130.0-255,365,48633,56,125123
30966,0.000429,172.31.46.0-255,66,48699,56,125123
30967,0.000703,74.125.130.0-255,1484,50183,56,125123
30968,0.000709,172.31.46.0-255,66,50249,56,125123
30969,0.000744,74.125.130.0-255,2902,53151,56,125123
30970,0.000749,74.125.130.0-255,4320,57471,56,125123
30971,0.000753,74.125.130.0-255,2902,60373,56,125123
30972,0.000758,172.31.46.0-255,66,60439,56,125123
30973,0.000761,172.31.46.0-255,66,60505,56,125123
30974,0.000763,172.31.46.0-255,66,60571,56,125123
30975,0.000792,74.125.130.0-255,5738,66309,56,125123
30976,0.000795,172.31.46.0-255,66,66375,56,125123
30977,0.000802,74.125.130.0-255,5738,72113,56,125123
30978,0.000804,172.31.46.0-255,66,72179,56,125123
30979,0.000813,74.125.130.0-255,7156,79335,56,125123
30980,0.000816,172.31.46.0-255,66,79401,56,125123
30981,0.000821,74.125.130.0-255,3602,83003,56,125123
30982,0.000824,172.31.46.0-255,66,83069,56,125123
30983,0.001587,74.125.130.0-255,1484,84553,56,125123
30984,0.001594,172.31.46.0-255,66,84619,56,125123
30985,0.001603,74.125.130.0-255,2902,87521,56,125123
30986,0.001606,172.31.46.0-255,66,87587,56,125123
30987,0.001615,74.125.130.0-255,1484,89071,56,125123
30988,0.001617,172.31.46.0-255,66,89137,56,125123
30989,0.001622,74.125.130.0-255,2902,92039,56,125123
30990,0.001624,172.31.46.0-255,66,92105,56,125123
30991,0.001628,74.125.130.0-255,1484,93589,56,125123
30992,0.00163,172.31.46.0-255,66,93655,56,125123
30993,0.00166,74.125.130.0-255,4320,97975,56,125123
30994,0.001667,172.31.46.0-255,66,98041,56,125123
30995,0.001679,172.31.46.0-255,66,98107,56,125123
30996,0.001711,74.125.130.0-255,1484,99591,56,125123
30997,0.001714,172.31.46.0-255,66,99657,56,125123
30998,0.001737,74.125.130.0-255,1484,101141,56,125123
30999,0.00174,172.31.46.0-255,66,101207,56,125123
31000,0.001773,74.125.130.0-255,6438,107645,56,125123
31001,0.001776,172.31.46.0-255,66,107711,56,125123
31002,0.004042,74.125.130.0-255,5738,113449,56,125123
31003,0.004049,172.31.46.0-255,66,113515,56,125123
31004,0.00632,74.125.130.0-255,5738,119253,56,125123
31005,0.006325,172.31.46.0-255,66,119319,56,125123
31006,0.00859,74.125.130.0-255,5738,125057,56,125123
31007,0.008599,172.31.46.0-255,66,125123,56,125123
31008,0.0,74.125.24.0-255,152,152,56,257505
31009,1.5e-05,172.31.46.0-255,66,218,56,257505
31010,2.1e-05,74.125.24.0-255,1484,1702,56,257505
31011,2.6e-05,172.31.46.0-255,66,1768,56,257505
31012,3.2e-05,74.125.24.0-255,2902,4670,56,257505
31013,3.5e-05,172.31.46.0-255,66,4736,56,257505
31014,6.6e-05,74.125.24.0-255,7156,11892,56,257505
31015,6.9e-05,172.31.46.0-255,66,11958,56,257505
31016,7.3e-05,74.125.24.0-255,2057,14015,56,257505
31017,7.5e-05,172.31.46.0-255,66,14081,56,257505
31018,0.000126,74.125.24.0-255,1484,15565,56,257505
31019,0.000128,172.31.46.0-255,66,15631,56,257505
31020,0.000132,74.125.24.0-255,1484,17115,56,257505
31021,0.000134,172.31.46.0-255,66,17181,56,257505
31022,0.000151,74.125.24.0-255,1484,18665,56,257505
31023,0.000153,172.31.46.0-255,66,18731,56,257505
31024,0.000159,74.125.24.0-255,5738,24469,56,257505
31025,0.000161,172.31.46.0-255,66,24535,56,257505
31026,0.000164,74.125.24.0-255,1484,26019,56,257505
31027,0.000166,172.31.46.0-255,66,26085,56,257505
31028,0.00019,74.125.24.0-255,5379,31464,56,257505
31029,0.000192,172.31.46.0-255,66,31530,56,257505
31030,0.000331,74.125.24.0-255,1484,33014,56,257505
31031,0.000336,172.31.46.0-255,66,33080,56,257505
31032,0.000357,74.125.24.0-255,2902,35982,56,257505
31033,0.000361,172.31.46.0-255,66,36048,56,257505
31034,0.000384,74.125.24.0-255,5738,41786,56,257505
31035,0.000387,172.31.46.0-255,66,41852,56,257505
31036,0.000425,172.31.46.0-255,66,41918,56,257505
31037,0.000437,172.31.46.0-255,66,41984,56,257505
31038,0.000474,74.125.24.0-255,1481,43465,56,257505
31039,0.000509,74.125.24.0-255,331,43796,56,257505
31040,0.000512,172.31.46.0-255,66,43862,56,257505
31041,0.000637,74.125.24.0-255,1484,45346,56,257505
31042,0.000657,74.125.24.0-255,2902,48248,56,257505
31043,0.000662,172.31.46.0-255,66,48314,56,257505
31044,0.000668,74.125.24.0-255,4320,52634,56,257505
31045,0.00067,172.31.46.0-255,66,52700,56,257505
31046,0.000685,74.125.24.0-255,1484,54184,56,257505
31047,0.000727,74.125.24.0-255,5738,59922,56,257505
31048,0.00073,172.31.46.0-255,66,59988,56,257505
31049,0.000752,74.125.24.0-255,4320,64308,56,257505
31050,0.000766,172.31.46.0-255,66,64374,56,257505
31051,0.000769,172.31.46.0-255,66,64440,56,257505
31052,0.000782,74.125.24.0-255,2184,66624,56,257505
31053,0.000785,172.31.46.0-255,66,66690,56,257505
31054,0.000867,74.125.24.0-255,1484,68174,56,257505
31055,0.000872,74.125.24.0-255,2902,71076,56,257505
31056,0.000876,172.31.46.0-255,66,71142,56,257505
31057,0.000901,74.125.24.0-255,5738,76880,56,257505
31058,0.000904,172.31.46.0-255,66,76946,56,257505
31059,0.000922,74.125.24.0-255,5738,82684,56,257505
31060,0.000925,172.31.46.0-255,66,82750,56,257505
31061,0.000956,74.125.24.0-255,7156,89906,56,257505
31062,0.00096,172.31.46.0-255,66,89972,56,257505
31063,0.000971,172.31.46.0-255,66,90038,56,257505
31064,0.000974,74.125.24.0-255,766,90804,56,257505
31065,0.001031,74.125.24.0-255,1484,92288,56,257505
31066,0.001034,172.31.46.0-255,66,92354,56,257505
31067,0.001037,74.125.24.0-255,1484,93838,56,257505
31068,0.001055,74.125.24.0-255,1484,95322,56,257505
31069,0.001057,172.31.46.0-255,66,95388,56,257505
31070,0.001063,74.125.24.0-255,5738,101126,56,257505
31071,0.001066,172.31.46.0-255,66,101192,56,257505
31072,0.001093,172.31.46.0-255,66,101258,56,257505
31073,0.001116,74.125.24.0-255,2902,104160,56,257505
31074,0.001119,172.31.46.0-255,66,104226,56,257505
31075,0.001126,74.125.24.0-255,7156,111382,56,257505
31076,0.001128,172.31.46.0-255,66,111448,56,257505
31077,0.001147,74.125.24.0-255,4320,115768,56,257505
31078,0.001152,172.31.46.0-255,66,115834,56,257505
31079,0.001163,74.125.24.0-255,5020,120854,56,257505
31080,0.001166,172.31.46.0-255,66,120920,56,257505
31081,0.00117,74.125.24.0-255,2902,123822,56,257505
31082,0.001172,172.31.46.0-255,66,123888,56,257505
31083,0.001201,74.125.24.0-255,7156,131044,56,257505
31084,0.001205,172.31.46.0-255,66,131110,56,257505
31085,0.001221,172.31.46.0-255,66,131176,56,257505
31086,0.001249,74.125.24.0-255,2184,133360,56,257505
31087,0.001269,74.125.24.0-255,5738,139098,56,257505
31088,0.001273,172.31.46.0-255,66,139164,56,257505
31089,0.001276,172.31.46.0-255,66,139230,56,257505
31090,0.001279,172.31.46.0-255,66,139296,56,257505
31091,0.001295,74.125.24.0-255,4320,143616,56,257505
31092,0.001297,172.31.46.0-255,66,143682,56,257505
31093,0.001303,74.125.24.0-255,5020,148702,56,257505
31094,0.001306,172.31.46.0-255,66,148768,56,257505
31095,0.001358,74.125.24.0-255,5738,154506,56,257505
31096,0.001361,172.31.46.0-255,66,154572,56,257505
31097,0.001379,74.125.24.0-255,5738,160310,56,257505
31098,0.001382,172.31.46.0-255,66,160376,56,257505
31099,0.00141,74.125.24.0-255,1484,161860,56,257505
31100,0.001432,172.31.46.0-255,66,161926,56,257505
31101,0.001451,74.125.24.0-255,2902,164828,56,257505
31102,0.001454,172.31.46.0-255,66,164894,56,257505
31103,0.001462,74.125.24.0-255,3602,168496,56,257505
31104,0.001464,172.31.46.0-255,66,168562,56,257505
31105,0.001468,74.125.24.0-255,2902,171464,56,257505
31106,0.001469,172.31.46.0-255,66,171530,56,257505
31107,0.001487,74.125.24.0-255,4320,175850,56,257505
31108,0.00149,172.31.46.0-255,66,175916,56,257505
31109,0.001506,74.125.24.0-255,5738,181654,56,257505
31110,0.001508,172.31.46.0-255,66,181720,56,257505
31111,0.001543,172.31.46.0-255,66,181786,56,257505
31112,0.001557,74.125.24.0-255,4320,186106,56,257505
31113,0.001559,172.31.46.0-255,66,186172,56,257505
31114,0.001585,74.125.24.0-255,6438,192610,56,257505
31115,0.001587,172.31.46.0-255,66,192676,56,257505
31116,0.001638,74.125.24.0-255,1484,194160,56,257505
31117,0.001654,74.125.24.0-255,2902,197062,56,257505
31118,0.001657,172.31.46.0-255,66,197128,56,257505
31119,0.001662,74.125.24.0-255,4320,201448,56,257505
31120,0.001664,172.31.46.0-255,66,201514,56,257505
31121,0.001676,74.125.24.0-255,1484,202998,56,257505
31122,0.001727,74.125.24.0-255,4320,207318,56,257505
31123,0.00173,172.31.46.0-255,66,207384,56,257505
31124,0.001753,172.31.46.0-255,66,207450,56,257505
31125,0.001762,172.31.46.0-255,66,207516,56,257505
31126,0.001765,74.125.24.0-255,2184,209700,56,257505
31127,0.001767,172.31.46.0-255,66,209766,56,257505
31128,0.001809,74.125.24.0-255,2902,212668,56,257505
31129,0.001812,172.31.46.0-255,66,212734,56,257505
31130,0.001815,74.125.24.0-255,1484,214218,56,257505
31131,0.001832,74.125.24.0-255,4320,218538,56,257505
31132,0.001835,172.31.46.0-255,66,218604,56,257505
31133,0.001852,74.125.24.0-255,1484,220088,56,257505
31134,0.001865,172.31.46.0-255,66,220154,56,257505
31135,0.001879,172.31.46.0-255,66,220220,56,257505
31136,0.001932,74.125.24.0-255,1484,221704,56,257505
31137,0.001947,74.125.24.0-255,2902,224606,56,257505
31138,0.001949,172.31.46.0-255,66,224672,56,257505
31139,0.001966,74.125.24.0-255,2902,227574,56,257505
31140,0.001968,172.31.46.0-255,66,227640,56,257505
31141,0.001982,74.125.24.0-255,2902,230542,56,257505
31142,0.001987,74.125.24.0-255,4320,234862,56,257505
31143,0.00199,172.31.46.0-255,66,234928,56,257505
31144,0.001993,172.31.46.0-255,66,234994,56,257505
31145,0.002025,74.125.24.0-255,2902,237896,56,257505
31146,0.002031,172.31.46.0-255,66,237962,56,257505
31147,0.004026,74.125.24.0-255,5738,243700,56,257505
31148,0.004034,172.31.46.0-255,66,243766,56,257505
31149,0.005996,74.125.24.0-255,5738,249504,56,257505
31150,0.006003,172.31.46.0-255,66,249570,56,257505
31151,0.00794,74.125.24.0-255,5738,255308,56,257505
31152,0.007946,172.31.46.0-255,66,255374,56,257505
31153,0.009906,74.125.24.0-255,2065,257439,56,257505
31154,0.009916,172.31.46.0-255,66,257505,56,257505
31155,0.0,172.217.27.0-255,155,155,56,121445
31156,2.3e-05,172.31.46.0-255,66,221,56,121445
31157,3e-05,172.217.27.0-255,1484,1705,56,121445
31158,3.4e-05,172.31.46.0-255,66,1771,56,121445
31159,4e-05,172.217.27.0-255,2902,4673,56,121445
31160,5.1e-05,172.31.46.0-255,66,4739,56,121445
31161,5.9e-05,172.217.27.0-255,7156,11895,56,121445
31162,6.3e-05,172.31.46.0-255,66,11961,56,121445
31163,8.1e-05,172.217.27.0-255,1975,13936,56,121445
31164,8.8e-05,172.31.46.0-255,66,14002,56,121445
31165,0.000191,172.217.27.0-255,1484,15486,56,121445
31166,0.000196,172.31.46.0-255,66,15552,56,121445
31167,0.000202,172.217.27.0-255,2902,18454,56,121445
31168,0.000205,172.31.46.0-255,66,18520,56,121445
31169,0.000212,172.217.27.0-255,1484,20004,56,121445
31170,0.000215,172.31.46.0-255,66,20070,56,121445
31171,0.000241,172.217.27.0-255,4320,24390,56,121445
31172,0.000243,172.31.46.0-255,66,24456,56,121445
31173,0.000262,172.217.27.0-255,1484,25940,56,121445
31174,0.000265,172.31.46.0-255,66,26006,56,121445
31175,0.000291,172.217.27.0-255,5379,31385,56,121445
31176,0.000294,172.31.46.0-255,66,31451,56,121445
31177,0.000413,172.217.27.0-255,1484,32935,56,121445
31178,0.000417,172.31.46.0-255,66,33001,56,121445
31179,0.00042,172.217.27.0-255,1484,34485,56,121445
31180,0.000423,172.31.46.0-255,66,34551,56,121445
31181,0.000426,172.217.27.0-255,1484,36035,56,121445
31182,0.000428,172.31.46.0-255,66,36101,56,121445
31183,0.000463,172.217.27.0-255,1484,37585,56,121445
31184,0.000465,172.31.46.0-255,66,37651,56,121445
31185,0.000472,172.217.27.0-255,5738,43389,56,121445
31186,0.000475,172.31.46.0-255,66,43455,56,121445
31187,0.000481,172.217.27.0-255,5379,48834,56,121445
31188,0.000483,172.31.46.0-255,66,48900,56,121445
31189,0.000647,172.217.27.0-255,1484,50384,56,121445
31190,0.000655,172.217.27.0-255,2902,53286,56,121445
31191,0.000659,172.31.46.0-255,66,53352,56,121445
31192,0.000667,172.217.27.0-255,5738,59090,56,121445
31193,0.00067,172.31.46.0-255,66,59156,56,121445
31194,0.000678,172.217.27.0-255,1484,60640,56,121445
31195,0.000699,172.217.27.0-255,4320,64960,56,121445
31196,0.000702,172.31.46.0-255,66,65026,56,121445
31197,0.000734,172.217.27.0-255,1416,66442,56,121445
31198,0.000946,172.217.27.0-255,385,66827,56,121445
31199,0.000951,172.31.46.0-255,66,66893,56,121445
31200,0.001103,172.217.27.0-255,1484,68377,56,121445
31201,0.001122,172.217.27.0-255,2902,71279,56,121445
31202,0.001125,172.31.46.0-255,66,71345,56,121445
31203,0.001132,172.217.27.0-255,5738,77083,56,121445
31204,0.001134,172.31.46.0-255,66,77149,56,121445
31205,0.001138,172.217.27.0-255,1484,78633,56,121445
31206,0.001175,172.217.27.0-255,6797,85430,56,121445
31207,0.001178,172.31.46.0-255,66,85496,56,121445
31208,0.001189,172.31.46.0-255,66,85562,56,121445
31209,0.001221,172.217.27.0-255,6797,92359,56,121445
31210,0.001224,172.31.46.0-255,66,92425,56,121445
31211,0.002876,172.217.27.0-255,5738,98163,56,121445
31212,0.002883,172.31.46.0-255,66,98229,56,121445
31213,0.004538,172.217.27.0-255,5738,103967,56,121445
31214,0.004542,172.31.46.0-255,66,104033,56,121445
31215,0.006209,172.217.27.0-255,5738,109771,56,121445
31216,0.006212,172.31.46.0-255,66,109837,56,121445
31217,0.00786,172.217.27.0-255,5738,115575,56,121445
31218,0.007869,172.31.46.0-255,66,115641,56,121445
31219,0.009535,172.217.27.0-255,5738,121379,56,121445
31220,0.009545,172.31.46.0-255,66,121445,56,121445
31221,0.0,74.125.68.0-255,150,150,56,213873
31222,2.3e-05,172.31.46.0-255,66,216,56,213873
31223,3e-05,74.125.68.0-255,1484,1700,56,213873
31224,3.5e-05,172.31.46.0-255,66,1766,56,213873
31225,4.1e-05,74.125.68.0-255,2902,4668,56,213873
31226,4.3e-05,172.31.46.0-255,66,4734,56,213873
31227,7.2e-05,74.125.68.0-255,5738,10472,56,213873
31228,7.5e-05,172.31.46.0-255,66,10538,56,213873
31229,8e-05,74.125.68.0-255,3459,13997,56,213873
31230,8.2e-05,172.31.46.0-255,66,14063,56,213873
31231,0.000116,74.125.68.0-255,4320,18383,56,213873
31232,0.000118,172.31.46.0-255,66,18449,56,213873
31233,0.000143,74.125.68.0-255,7156,25605,56,213873
31234,0.000146,172.31.46.0-255,66,25671,56,213873
31235,0.00016,74.125.68.0-255,1484,27155,56,213873
31236,0.000162,172.31.46.0-255,66,27221,56,213873
31237,0.000176,74.125.68.0-255,2902,30123,56,213873
31238,0.000179,172.31.46.0-255,66,30189,56,213873
31239,0.000193,74.125.68.0-255,1125,31314,56,213873
31240,0.000196,172.31.46.0-255,66,31380,56,213873
31241,0.000241,74.125.68.0-255,1484,32864,56,213873
31242,0.000243,172.31.46.0-255,66,32930,56,213873
31243,0.000248,74.125.68.0-255,2902,35832,56,213873
31244,0.00025,172.31.46.0-255,66,35898,56,213873
31245,0.000263,74.125.68.0-255,2902,38800,56,213873
31246,0.000266,172.31.46.0-255,66,38866,56,213873
31247,0.000286,74.125.68.0-255,2902,41768,56,213873
31248,0.000288,172.31.46.0-255,66,41834,56,213873
31249,0.000293,74.125.68.0-255,2902,44736,56,213873
31250,0.000294,172.31.46.0-255,66,44802,56,213873
31251,0.000329,74.125.68.0-255,5738,50540,56,213873
31252,0.000332,172.31.46.0-255,66,50606,56,213873
31253,0.000352,74.125.68.0-255,5379,55985,56,213873
31254,0.000354,172.31.46.0-255,66,56051,56,213873
31255,0.000388,74.125.68.0-255,5738,61789,56,213873
31256,0.00039,172.31.46.0-255,66,61855,56,213873
31257,0.000412,74.125.68.0-255,3961,65816,56,213873
31258,0.000413,172.31.46.0-255,66,65882,56,213873
31259,0.000416,74.125.68.0-255,645,66527,56,213873
31260,0.00092,74.125.68.0-255,1484,68011,56,213873
31261,0.000925,172.31.46.0-255,66,68077,56,213873
31262,0.000928,74.125.68.0-255,1484,69561,56,213873
31263,0.000942,74.125.68.0-255,1484,71045,56,213873
31264,0.000943,172.31.46.0-255,66,71111,56,213873
31265,0.000948,74.125.68.0-255,2902,74013,56,213873
31266,0.000949,172.31.46.0-255,66,74079,56,213873
31267,0.000968,74.125.68.0-255,1484,75563,56,213873
31268,0.000988,74.125.68.0-255,2902,78465,56,213873
31269,0.00099,172.31.46.0-255,66,78531,56,213873
31270,0.001009,74.125.68.0-255,5738,84269,56,213873
31271,0.001011,172.31.46.0-255,66,84335,56,213873
31272,0.001054,74.125.68.0-255,5738,90073,56,213873
31273,0.001057,172.31.46.0-255,66,90139,56,213873
31274,0.001071,74.125.68.0-255,4320,94459,56,213873
31275,0.001077,74.125.68.0-255,5890,100349,56,213873
31276,0.00108,172.31.46.0-255,66,100415,56,213873
31277,0.001082,172.31.46.0-255,66,100481,56,213873
31278,0.001165,74.125.68.0-255,1484,101965,56,213873
31279,0.001168,74.125.68.0-255,1484,103449,56,213873
31280,0.001171,172.31.46.0-255,66,103515,56,213873
31281,0.001181,74.125.68.0-255,1484,104999,56,213873
31282,0.001192,74.125.68.0-255,2902,107901,56,213873
31283,0.001194,172.31.46.0-255,66,107967,56,213873
31284,0.001205,74.125.68.0-255,1484,109451,56,213873
31285,0.001223,74.125.68.0-255,1484,110935,56,213873
31286,0.001225,172.31.46.0-255,66,111001,56,213873
31287,0.001239,74.125.68.0-255,4320,115321,56,213873
31288,0.001241,172.31.46.0-255,66,115387,56,213873
31289,0.001245,74.125.68.0-255,2902,118289,56,213873
31290,0.001246,172.31.46.0-255,66,118355,56,213873
31291,0.00127,74.125.68.0-255,4320,122675,56,213873
31292,0.001272,172.31.46.0-255,66,122741,56,213873
31293,0.001296,74.125.68.0-255,7156,129897,56,213873
31294,0.001298,172.31.46.0-255,66,129963,56,213873
31295,0.00133,74.125.68.0-255,1484,131447,56,213873
31296,0.001337,74.125.68.0-255,3602,135049,56,213873
31297,0.00134,172.31.46.0-255,66,135115,56,213873
31298,0.001583,74.125.68.0-255,1484,136599,56,213873
31299,0.0016,74.125.68.0-255,2902,139501,56,213873
31300,0.001603,172.31.46.0-255,66,139567,56,213873
31301,0.001606,74.125.68.0-255,1484,141051,56,213873
31302,0.001609,74.125.68.0-255,1484,142535,56,213873
31303,0.001611,172.31.46.0-255,66,142601,56,213873
31304,0.001633,74.125.68.0-255,1484,144085,56,213873
31305,0.001636,74.125.68.0-255,1484,145569,56,213873
31306,0.001638,172.31.46.0-255,66,145635,56,213873
31307,0.001657,74.125.68.0-255,4320,149955,56,213873
31308,0.001659,172.31.46.0-255,66,150021,56,213873
31309,0.001664,74.125.68.0-255,4320,154341,56,213873
31310,0.001665,172.31.46.0-255,66,154407,56,213873
31311,0.001686,74.125.68.0-255,5738,160145,56,213873
31312,0.001688,172.31.46.0-255,66,160211,56,213873
31313,0.001699,74.125.68.0-255,1484,161695,56,213873
31314,0.001721,172.31.46.0-255,66,161761,56,213873
31315,0.002049,74.125.68.0-255,1484,163245,56,213873
31316,0.002059,74.125.68.0-255,2902,166147,56,213873
31317,0.002062,172.31.46.0-255,66,166213,56,213873
31318,0.002091,74.125.68.0-255,1484,167697,56,213873
31319,0.002111,74.125.68.0-255,4320,172017,56,213873
31320,0.002113,172.31.46.0-255,66,172083,56,213873
31321,0.002118,74.125.68.0-255,2902,174985,56,213873
31322,0.00212,172.31.46.0-255,66,175051,56,213873
31323,0.002123,74.125.68.0-255,1484,176535,56,213873
31324,0.002149,74.125.68.0-255,2902,179437,56,213873
31325,0.002151,172.31.46.0-255,66,179503,56,213873
31326,0.002167,74.125.68.0-255,1484,180987,56,213873
31327,0.002188,74.125.68.0-255,2902,183889,56,213873
31328,0.00219,172.31.46.0-255,66,183955,56,213873
31329,0.002208,74.125.68.0-255,4320,188275,56,213873
31330,0.002211,172.31.46.0-255,66,188341,56,213873
31331,0.002234,74.125.68.0-255,1484,189825,56,213873
31332,0.002238,74.125.68.0-255,1484,191309,56,213873
31333,0.00224,172.31.46.0-255,66,191375,56,213873
31334,0.002258,74.125.68.0-255,5020,196395,56,213873
31335,0.00226,172.31.46.0-255,66,196461,56,213873
31336,0.004526,74.125.68.0-255,5738,202199,56,213873
31337,0.004532,172.31.46.0-255,66,202265,56,213873
31338,0.006801,74.125.68.0-255,5738,208003,56,213873
31339,0.006806,172.31.46.0-255,66,208069,56,213873
31340,0.00908,74.125.68.0-255,5738,213807,56,213873
31341,0.009088,172.31.46.0-255,66,213873,56,213873
31342,0.0,74.125.24.0-255,149,149,56,222472
31343,2.2e-05,172.31.46.0-255,66,215,56,222472
31344,2.8e-05,74.125.24.0-255,1484,1699,56,222472
31345,3.3e-05,172.31.46.0-255,66,1765,56,222472
31346,3.8e-05,74.125.24.0-255,2902,4667,56,222472
31347,4.1e-05,172.31.46.0-255,66,4733,56,222472
31348,4.8e-05,74.125.24.0-255,7156,11889,56,222472
31349,5.1e-05,172.31.46.0-255,66,11955,56,222472
31350,5.7e-05,74.125.24.0-255,4813,16768,56,222472
31351,5.9e-05,172.31.46.0-255,66,16834,56,222472
31352,6.6e-05,74.125.24.0-255,5738,22572,56,222472
31353,7e-05,172.31.46.0-255,66,22638,56,222472
31354,0.000106,74.125.24.0-255,4320,26958,56,222472
31355,0.000109,172.31.46.0-255,66,27024,56,222472
31356,0.000122,74.125.24.0-255,3961,30985,56,222472
31357,0.000125,172.31.46.0-255,66,31051,56,222472
31358,0.000186,74.125.24.0-255,1484,32535,56,222472
31359,0.000189,172.31.46.0-255,66,32601,56,222472
31360,0.000193,74.125.24.0-255,1484,34085,56,222472
31361,0.000195,172.31.46.0-255,66,34151,56,222472
31362,0.000213,74.125.24.0-255,1484,35635,56,222472
31363,0.000215,172.31.46.0-255,66,35701,56,222472
31364,0.000223,74.125.24.0-255,5738,41439,56,222472
31365,0.000225,172.31.46.0-255,66,41505,56,222472
31366,0.000264,172.31.46.0-255,66,41571,56,222472
31367,0.000272,74.125.24.0-255,7156,48727,56,222472
31368,0.000275,172.31.46.0-255,66,48793,56,222472
31369,0.000298,74.125.24.0-255,2818,51611,56,222472
31370,0.000301,172.31.46.0-255,66,51677,56,222472
31371,0.000588,74.125.24.0-255,130,51807,56,222472
31372,0.000592,172.31.46.0-255,66,51873,56,222472
31373,0.000759,74.125.24.0-255,1484,53357,56,222472
31374,0.000766,74.125.24.0-255,2902,56259,56,222472
31375,0.000772,74.125.24.0-255,2902,59161,56,222472
31376,0.00079,74.125.24.0-255,2902,62063,56,222472
31377,0.000828,74.125.24.0-255,2902,64965,56,222472
31378,0.00087,74.125.24.0-255,7156,72121,56,222472
31379,0.000875,74.125.24.0-255,2543,74664,56,222472
31380,0.00114,74.125.24.0-255,1484,76148,56,222472
31381,0.001146,74.125.24.0-255,2902,79050,56,222472
31382,0.001167,74.125.24.0-255,5738,84788,56,222472
31383,0.001188,74.125.24.0-255,2902,87690,56,222472
31384,0.001209,74.125.24.0-255,7156,94846,56,222472
31385,0.001224,74.125.24.0-255,5738,100584,56,222472
31386,0.001671,74.125.24.0-255,1484,102068,56,222472
31387,0.001677,74.125.24.0-255,2902,104970,56,222472
31388,0.001705,74.125.24.0-255,5738,110708,56,222472
31389,0.001746,74.125.24.0-255,1484,112192,56,222472
31390,0.001759,74.125.24.0-255,1484,113676,56,222472
31391,0.001837,74.125.24.0-255,6438,120114,56,222472
31392,0.002018,74.125.24.0-255,1484,121598,56,222472
31393,0.002023,74.125.24.0-255,2902,124500,56,222472
31394,0.00203,74.125.24.0-255,5738,130238,56,222472
31395,0.002036,74.125.24.0-255,5738,135976,56,222472
31396,0.002066,74.125.24.0-255,5738,141714,56,222472
31397,0.002082,74.125.24.0-255,7156,148870,56,222472
31398,0.002089,74.125.24.0-255,5020,153890,56,222472
31399,0.002235,74.125.24.0-255,1484,155374,56,222472
31400,0.002241,74.125.24.0-255,2902,158276,56,222472
31401,0.002263,74.125.24.0-255,5738,164014,56,222472
31402,0.002287,172.31.46.0-255,66,164080,56,222472
31403,0.002305,74.125.24.0-255,7156,171236,56,222472
31404,0.002338,74.125.24.0-255,5738,176974,56,222472
31405,0.002361,74.125.24.0-255,2184,179158,56,222472
31406,0.002384,74.125.24.0-255,5738,184896,56,222472
31407,0.002405,74.125.24.0-255,7156,192052,56,222472
31408,0.002439,74.125.24.0-255,7156,199208,56,222472
31409,0.002463,74.125.24.0-255,5020,204228,56,222472
31410,0.002511,74.125.24.0-255,4320,208548,56,222472
31411,0.002524,74.125.24.0-255,1484,210032,56,222472
31412,0.002621,74.125.24.0-255,766,210798,56,222472
31413,0.002765,172.31.46.0-255,66,210864,56,222472
31414,0.005344,74.125.24.0-255,5738,216602,56,222472
31415,0.005353,172.31.46.0-255,66,216668,56,222472
31416,0.007917,74.125.24.0-255,2902,219570,56,222472
31417,0.007934,74.125.24.0-255,2902,222472,56,222472
31418,0.0,74.125.24.0-255,149,149,56,117465
31419,2.4e-05,172.31.46.0-255,66,215,56,117465
31420,3.1e-05,74.125.24.0-255,1484,1699,56,117465
31421,3.5e-05,172.31.46.0-255,66,1765,56,117465
31422,4.2e-05,74.125.24.0-255,2902,4667,56,117465
31423,4.6e-05,172.31.46.0-255,66,4733,56,117465
31424,5.4e-05,74.125.24.0-255,7156,11889,56,117465
31425,5.7e-05,172.31.46.0-255,66,11955,56,117465
31426,6.1e-05,74.125.24.0-255,2120,14075,56,117465
31427,6.3e-05,172.31.46.0-255,66,14141,56,117465
31428,0.000155,74.125.24.0-255,1484,15625,56,117465
31429,0.000157,172.31.46.0-255,66,15691,56,117465
31430,0.000161,74.125.24.0-255,1484,17175,56,117465
31431,0.000164,172.31.46.0-255,66,17241,56,117465
31432,0.000177,74.125.24.0-255,1484,18725,56,117465
31433,0.00018,172.31.46.0-255,66,18791,56,117465
31434,0.000185,74.125.24.0-255,4320,23111,56,117465
31435,0.000188,172.31.46.0-255,66,23177,56,117465
31436,0.000218,74.125.24.0-255,1484,24661,56,117465
31437,0.00022,172.31.46.0-255,66,24727,56,117465
31438,0.000228,74.125.24.0-255,6797,31524,56,117465
31439,0.000231,172.31.46.0-255,66,31590,56,117465
31440,0.000238,74.125.24.0-255,7156,38746,56,117465
31441,0.00024,172.31.46.0-255,66,38812,56,117465
31442,0.000272,172.31.46.0-255,66,38878,56,117465
31443,0.000294,74.125.24.0-255,5738,44616,56,117465
31444,0.000297,172.31.46.0-255,66,44682,56,117465
31445,0.000328,172.31.46.0-255,66,44748,56,117465
31446,0.000403,74.125.24.0-255,131,44879,56,117465
31447,0.000406,172.31.46.0-255,66,44945,56,117465
31448,0.000601,74.125.24.0-255,350,45295,56,117465
31449,0.000968,74.125.24.0-255,1484,46779,56,117465
31450,0.000974,172.31.46.0-255,66,46845,56,117465
31451,0.00098,74.125.24.0-255,2902,49747,56,117465
31452,0.000983,172.31.46.0-255,66,49813,56,117465
31453,0.000986,74.125.24.0-255,1484,51297,56,117465
31454,0.001004,74.125.24.0-255,4320,55617,56,117465
31455,0.001007,172.31.46.0-255,66,55683,56,117465
31456,0.001012,74.125.24.0-255,2902,58585,56,117465
31457,0.001014,172.31.46.0-255,66,58651,56,117465
31458,0.001048,74.125.24.0-255,4320,62971,56,117465
31459,0.00105,172.31.46.0-255,66,63037,56,117465
31460,0.001073,74.125.24.0-255,5738,68775,56,117465
31461,0.001076,172.31.46.0-255,66,68841,56,117465
31462,0.001087,172.31.46.0-255,66,68907,56,117465
31463,0.001103,74.125.24.0-255,766,69673,56,117465
31464,0.001631,74.125.24.0-255,1484,71157,56,117465
31465,0.001637,172.31.46.0-255,66,71223,56,117465
31466,0.001643,74.125.24.0-255,2902,74125,56,117465
31467,0.001645,172.31.46.0-255,66,74191,56,117465
31468,0.001653,74.125.24.0-255,5738,79929,56,117465
31469,0.001655,172.31.46.0-255,66,79995,56,117465
31470,0.001668,172.31.46.0-255,66,80061,56,117465
31471,0.001682,172.31.46.0-255,66,80127,56,117465
31472,0.002459,74.125.24.0-255,1484,81611,56,117465
31473,0.002467,74.125.24.0-255,2902,84513,56,117465
31474,0.002473,172.31.46.0-255,66,84579,56,117465
31475,0.002482,74.125.24.0-255,5738,90317,56,117465
31476,0.002484,172.31.46.0-255,66,90383,56,117465
31477,0.002489,74.125.24.0-255,2902,93285,56,117465
31478,0.002491,172.31.46.0-255,66,93351,56,117465
31479,0.002516,74.125.24.0-255,4320,97671,56,117465
31480,0.002518,172.31.46.0-255,66,97737,56,117465
31481,0.00254,74.125.24.0-255,5738,103475,56,117465
31482,0.002543,172.31.46.0-255,66,103541,56,117465
31483,0.002564,172.31.46.0-255,66,103607,56,117465
31484,0.00259,74.125.24.0-255,2184,105791,56,117465
31485,0.002592,172.31.46.0-255,66,105857,56,117465
31486,0.005173,74.125.24.0-255,5738,111595,56,117465
31487,0.005178,172.31.46.0-255,66,111661,56,117465
31488,0.00779,74.125.24.0-255,5738,117399,56,117465
31489,0.007797,172.31.46.0-255,66,117465,56,117465
31490,0.0,172.217.27.0-255,154,154,56,319539
31491,2.4e-05,172.31.46.0-255,66,220,56,319539
31492,3e-05,172.217.27.0-255,1484,1704,56,319539
31493,3.5e-05,172.31.46.0-255,66,1770,56,319539
31494,4.1e-05,172.217.27.0-255,2902,4672,56,319539
31495,4.4e-05,172.31.46.0-255,66,4738,56,319539
31496,5.2e-05,172.217.27.0-255,7156,11894,56,319539
31497,5.5e-05,172.31.46.0-255,66,11960,56,319539
31498,9.7e-05,172.217.27.0-255,1973,13933,56,319539
31499,0.0001,172.31.46.0-255,66,13999,56,319539
31500,0.000118,172.217.27.0-255,1484,15483,56,319539
31501,0.00012,172.31.46.0-255,66,15549,56,319539
31502,0.00014,172.217.27.0-255,1484,17033,56,319539
31503,0.000142,172.31.46.0-255,66,17099,56,319539
31504,0.000169,172.217.27.0-255,7156,24255,56,319539
31505,0.000171,172.31.46.0-255,66,24321,56,319539
31506,0.000212,172.217.27.0-255,4320,28641,56,319539
31507,0.000215,172.31.46.0-255,66,28707,56,319539
31508,0.000233,172.217.27.0-255,1484,30191,56,319539
31509,0.000235,172.31.46.0-255,66,30257,56,319539
31510,0.000252,172.217.27.0-255,1125,31382,56,319539
31511,0.000254,172.31.46.0-255,66,31448,56,319539
31512,0.000393,172.217.27.0-255,1484,32932,56,319539
31513,0.000397,172.31.46.0-255,66,32998,56,319539
31514,0.000403,172.217.27.0-255,2902,35900,56,319539
31515,0.000406,172.31.46.0-255,66,35966,56,319539
31516,0.000425,172.217.27.0-255,5738,41704,56,319539
31517,0.000428,172.31.46.0-255,66,41770,56,319539
31518,0.000465,172.217.27.0-255,2902,44672,56,319539
31519,0.000468,172.31.46.0-255,66,44738,56,319539
31520,0.000488,172.217.27.0-255,3961,48699,56,319539
31521,0.00049,172.31.46.0-255,66,48765,56,319539
31522,0.000663,172.217.27.0-255,1484,50249,56,319539
31523,0.000668,172.217.27.0-255,1484,51733,56,319539
31524,0.000671,172.31.46.0-255,66,51799,56,319539
31525,0.000696,172.217.27.0-255,2902,54701,56,319539
31526,0.000698,172.31.46.0-255,66,54767,56,319539
31527,0.000723,172.217.27.0-255,5738,60505,56,319539
31528,0.000725,172.31.46.0-255,66,60571,56,319539
31529,0.000757,172.217.27.0-255,5674,66245,56,319539
31530,0.00076,172.31.46.0-255,66,66311,56,319539
31531,0.000952,172.217.27.0-255,1484,67795,56,319539
31532,0.000959,172.217.27.0-255,2902,70697,56,319539
31533,0.000963,172.31.46.0-255,66,70763,56,319539
31534,0.000989,172.217.27.0-255,5738,76501,56,319539
31535,0.000991,172.31.46.0-255,66,76567,56,319539
31536,0.001031,172.217.27.0-255,4320,80887,56,319539
31537,0.001033,172.31.46.0-255,66,80953,56,319539
31538,0.001052,172.217.27.0-255,2543,83496,56,319539
31539,0.001055,172.31.46.0-255,66,83562,56,319539
31540,0.001088,172.217.27.0-255,382,83944,56,319539
31541,0.00111,172.31.46.0-255,66,84010,56,319539
31542,0.001177,172.217.27.0-255,4320,88330,56,319539
31543,0.001182,172.31.46.0-255,66,88396,56,319539
31544,0.001217,172.217.27.0-255,3961,92357,56,319539
31545,0.001221,172.31.46.0-255,66,92423,56,319539
31546,0.001244,172.217.27.0-255,1484,93907,56,319539
31547,0.001259,172.217.27.0-255,5738,99645,56,319539
31548,0.001263,172.31.46.0-255,66,99711,56,319539
31549,0.001283,172.217.27.0-255,2902,102613,56,319539
31550,0.001286,172.31.46.0-255,66,102679,56,319539
31551,0.001355,172.217.27.0-255,6130,108809,56,319539
31552,0.001359,172.31.46.0-255,66,108875,56,319539
31553,0.001518,172.217.27.0-255,1484,110359,56,319539
31554,0.001523,172.217.27.0-255,1484,111843,56,319539
31555,0.001527,172.31.46.0-255,66,111909,56,319539
31556,0.001544,172.217.27.0-255,1484,113393,56,319539
31557,0.001549,172.217.27.0-255,2902,116295,56,319539
31558,0.001552,172.31.46.0-255,66,116361,56,319539
31559,0.001564,172.217.27.0-255,1484,117845,56,319539
31560,0.001577,172.217.27.0-255,2902,120747,56,319539
31561,0.001579,172.31.46.0-255,66,120813,56,319539
31562,0.001603,172.217.27.0-255,5738,126551,56,319539
31563,0.001606,172.31.46.0-255,66,126617,56,319539
31564,0.00165,172.217.27.0-255,405,127022,56,319539
31565,0.001667,172.217.27.0-255,1484,128506,56,319539
31566,0.00167,172.31.46.0-255,66,128572,56,319539
31567,0.001714,172.217.27.0-255,1484,130056,56,319539
31568,0.001717,172.217.27.0-255,1484,131540,56,319539
31569,0.00172,172.31.46.0-255,66,131606,56,319539
31570,0.001739,172.217.27.0-255,1484,133090,56,319539
31571,0.001743,172.217.27.0-255,2902,135992,56,319539
31572,0.001746,172.31.46.0-255,66,136058,56,319539
31573,0.001764,172.217.27.0-255,1484,137542,56,319539
31574,0.001779,172.217.27.0-255,1484,139026,56,319539
31575,0.001782,172.31.46.0-255,66,139092,56,319539
31576,0.001795,172.217.27.0-255,2902,141994,56,319539
31577,0.001798,172.31.46.0-255,66,142060,56,319539
31578,0.001819,172.217.27.0-255,1484,143544,56,319539
31579,0.001834,172.217.27.0-255,4320,147864,56,319539
31580,0.001838,172.31.46.0-255,66,147930,56,319539
31581,0.001854,172.217.27.0-255,1484,149414,56,319539
31582,0.001882,172.217.27.0-255,4320,153734,56,319539
31583,0.001885,172.31.46.0-255,66,153800,56,319539
31584,0.0019,172.217.27.0-255,1484,155284,56,319539
31585,0.00195,172.217.27.0-255,1484,156768,56,319539
31586,0.001953,172.31.46.0-255,66,156834,56,319539
31587,0.00198,172.217.27.0-255,5020,161854,56,319539
31588,0.001983,172.31.46.0-255,66,161920,56,319539
31589,0.002646,172.217.27.0-255,1484,163404,56,319539
31590,0.002661,172.217.27.0-255,2902,166306,56,319539
31591,0.002665,172.31.46.0-255,66,166372,56,319539
31592,0.002679,172.217.27.0-255,4320,170692,56,319539
31593,0.002683,172.31.46.0-255,66,170758,56,319539
31594,0.00271,172.217.27.0-255,1484,172242,56,319539
31595,0.00273,172.217.27.0-255,4320,176562,56,319539
31596,0.002732,172.31.46.0-255,66,176628,56,319539
31597,0.002751,172.217.27.0-255,1484,178112,56,319539
31598,0.002771,172.217.27.0-255,4320,182432,56,319539
31599,0.002774,172.31.46.0-255,66,182498,56,319539
31600,0.002856,172.217.27.0-255,4320,186818,56,319539
31601,0.00286,172.31.46.0-255,66,186884,56,319539
31602,0.002945,172.217.27.0-255,766,187650,56,319539
31603,0.002963,172.217.27.0-255,1484,189134,56,319539
31604,0.002976,172.217.27.0-255,4320,193454,56,319539
31605,0.003025,172.217.27.0-255,2902,196356,56,319539
31606,0.00304,172.217.27.0-255,1484,197840,56,319539
31607,0.00306,172.217.27.0-255,1484,199324,56,319539
31608,0.003075,172.217.27.0-255,4320,203644,56,319539
31609,0.003142,172.217.27.0-255,7156,210800,56,319539
31610,0.00316,172.217.27.0-255,5738,216538,56,319539
31611,0.003179,172.217.27.0-255,4320,220858,56,319539
31612,0.003331,172.217.27.0-255,766,221624,56,319539
31613,0.003463,172.217.27.0-255,1484,223108,56,319539
31614,0.003475,172.217.27.0-255,2902,226010,56,319539
31615,0.003487,172.217.27.0-255,1484,227494,56,319539
31616,0.003506,172.217.27.0-255,2902,230396,56,319539
31617,0.003521,172.217.27.0-255,1484,231880,56,319539
31618,0.003546,172.217.27.0-255,1484,233364,56,319539
31619,0.003559,172.217.27.0-255,2902,236266,56,319539
31620,0.003587,172.217.27.0-255,4320,240586,56,319539
31621,0.003598,172.217.27.0-255,1484,242070,56,319539
31622,0.003616,172.217.27.0-255,1484,243554,56,319539
31623,0.003746,172.217.27.0-255,766,244320,56,319539
31624,0.003762,172.217.27.0-255,1484,245804,56,319539
31625,0.003795,172.217.27.0-255,2902,248706,56,319539
31626,0.00381,172.217.27.0-255,1484,250190,56,319539
31627,0.003858,172.217.27.0-255,2902,253092,56,319539
31628,0.003875,172.217.27.0-255,7156,260248,56,319539
31629,0.004007,172.217.27.0-255,4320,264568,56,319539
31630,0.004057,172.217.27.0-255,3602,268170,56,319539
31631,0.004231,172.217.27.0-255,1484,269654,56,319539
31632,0.004237,172.217.27.0-255,2902,272556,56,319539
31633,0.004244,172.217.27.0-255,5738,278294,56,319539
31634,0.004287,172.31.46.0-255,66,278360,56,319539
31635,0.004321,172.217.27.0-255,7156,285516,56,319539
31636,0.004342,172.217.27.0-255,5738,291254,56,319539
31637,0.004358,172.31.46.0-255,66,291320,56,319539
31638,0.004416,172.217.27.0-255,4320,295640,56,319539
31639,0.004457,172.31.46.0-255,66,295706,56,319539
31640,0.004471,172.31.46.0-255,66,295772,56,319539
31641,0.004601,172.217.27.0-255,4320,300092,56,319539
31642,0.00461,172.31.46.0-255,66,300158,56,319539
31643,0.004633,172.31.46.0-255,66,300224,56,319539
31644,0.004773,172.217.27.0-255,2902,303126,56,319539
31645,0.004782,172.31.46.0-255,66,303192,56,319539
31646,0.004837,172.31.46.0-255,66,303258,56,319539
31647,0.005024,172.217.27.0-255,5738,308996,56,319539
31648,0.005031,172.31.46.0-255,66,309062,56,319539
31649,0.005042,172.217.27.0-255,7156,316218,56,319539
31650,0.005057,172.217.27.0-255,3255,319473,56,319539
31651,0.00507,172.31.46.0-255,66,319539,56,319539
31652,0.0,74.125.24.0-255,153,153,56,93421
31653,2.5e-05,172.31.46.0-255,66,219,56,93421
31654,3.3e-05,74.125.24.0-255,1484,1703,56,93421
31655,3.8e-05,172.31.46.0-255,66,1769,56,93421
31656,5.1e-05,74.125.24.0-255,2902,4671,56,93421
31657,5.5e-05,172.31.46.0-255,66,4737,56,93421
31658,6.3e-05,74.125.24.0-255,7156,11893,56,93421
31659,6.7e-05,172.31.46.0-255,66,11959,56,93421
31660,7.1e-05,74.125.24.0-255,2074,14033,56,93421
31661,7.4e-05,172.31.46.0-255,66,14099,56,93421
31662,7.9e-05,74.125.24.0-255,2902,17001,56,93421
31663,8.1e-05,172.31.46.0-255,66,17067,56,93421
31664,0.000112,74.125.24.0-255,7156,24223,56,93421
31665,0.000115,172.31.46.0-255,66,24289,56,93421
31666,0.000128,74.125.24.0-255,7156,31445,56,93421
31667,0.00013,172.31.46.0-255,66,31511,56,93421
31668,0.000167,74.125.24.0-255,5738,37249,56,93421
31669,0.000169,172.31.46.0-255,66,37315,56,93421
31670,0.000207,172.31.46.0-255,66,37381,56,93421
31671,0.00021,74.125.24.0-255,766,38147,56,93421
31672,0.000212,172.31.46.0-255,66,38213,56,93421
31673,0.000857,74.125.24.0-255,1484,39697,56,93421
31674,0.000863,172.31.46.0-255,66,39763,56,93421
31675,0.00087,74.125.24.0-255,2902,42665,56,93421
31676,0.000872,172.31.46.0-255,66,42731,56,93421
31677,0.000887,74.125.24.0-255,1484,44215,56,93421
31678,0.00089,172.31.46.0-255,66,44281,56,93421
31679,0.000914,74.125.24.0-255,4320,48601,56,93421
31680,0.000917,172.31.46.0-255,66,48667,56,93421
31681,0.000932,74.125.24.0-255,4320,52987,56,93421
31682,0.000934,172.31.46.0-255,66,53053,56,93421
31683,0.000964,74.125.24.0-255,2898,55951,56,93421
31684,0.000966,172.31.46.0-255,66,56017,56,93421
31685,0.001636,74.125.24.0-255,1484,57501,56,93421
31686,0.001651,74.125.24.0-255,2902,60403,56,93421
31687,0.001656,172.31.46.0-255,66,60469,56,93421
31688,0.001665,74.125.24.0-255,5738,66207,56,93421
31689,0.001676,172.31.46.0-255,66,66273,56,93421
31690,0.001709,172.31.46.0-255,66,66339,56,93421
31691,0.001716,74.125.24.0-255,5738,72077,56,93421
31692,0.001718,172.31.46.0-255,66,72143,56,93421
31693,0.001744,74.125.24.0-255,1484,73627,56,93421
31694,0.001759,74.125.24.0-255,3602,77229,56,93421
31695,0.001761,172.31.46.0-255,66,77295,56,93421
31696,0.004916,74.125.24.0-255,1484,78779,56,93421
31697,0.004931,74.125.24.0-255,2902,81681,56,93421
31698,0.004941,172.31.46.0-255,66,81747,56,93421
31699,0.004981,74.125.24.0-255,1484,83231,56,93421
31700,0.007259,74.125.24.0-255,4320,87551,56,93421
31701,0.00727,172.31.46.0-255,66,87617,56,93421
31702,0.009543,74.125.24.0-255,5738,93355,56,93421
31703,0.00956,172.31.46.0-255,66,93421,56,93421
31704,0.0,74.125.200.0-255,151,151,56,54165
31705,2.4e-05,172.31.46.0-255,66,217,56,54165
31706,3.2e-05,74.125.200.0-255,1484,1701,56,54165
31707,3.7e-05,172.31.46.0-255,66,1767,56,54165
31708,4.3e-05,74.125.200.0-255,2902,4669,56,54165
31709,4.6e-05,172.31.46.0-255,66,4735,56,54165
31710,7.3e-05,74.125.200.0-255,5738,10473,56,54165
31711,7.7e-05,172.31.46.0-255,66,10539,56,54165
31712,9.1e-05,74.125.200.0-255,1484,12023,56,54165
31713,9.4e-05,172.31.46.0-255,66,12089,56,54165
31714,0.000223,74.125.200.0-255,1974,14063,56,54165
31715,0.000227,172.31.46.0-255,66,14129,56,54165
31716,0.000263,74.125.200.0-255,1484,15613,56,54165
31717,0.000267,172.31.46.0-255,66,15679,56,54165
31718,0.000298,172.31.46.0-255,66,15745,56,54165
31719,0.000482,74.125.200.0-255,5379,21124,56,54165
31720,0.000489,172.31.46.0-255,66,21190,56,54165
31721,0.000599,172.31.46.0-255,66,21256,56,54165
31722,0.000638,172.31.46.0-255,66,21322,56,54165
31723,0.001063,172.31.46.0-255,66,21388,56,54165
31724,0.001239,74.125.200.0-255,1399,22787,56,54165
31725,0.001244,172.31.46.0-255,66,22853,56,54165
31726,0.001248,74.125.200.0-255,132,22985,56,54165
31727,0.00125,172.31.46.0-255,66,23051,56,54165
31728,0.001254,74.125.200.0-255,346,23397,56,54165
31729,0.001256,172.31.46.0-255,66,23463,56,54165
31730,0.001924,74.125.200.0-255,1484,24947,56,54165
31731,0.001932,172.31.46.0-255,66,25013,56,54165
31732,0.001939,74.125.200.0-255,2902,27915,56,54165
31733,0.001973,74.125.200.0-255,1484,29399,56,54165
31734,0.001992,74.125.200.0-255,4320,33719,56,54165
31735,0.002095,74.125.200.0-255,5738,39457,56,54165
31736,0.002111,74.125.200.0-255,2902,42359,56,54165
31737,0.004686,172.31.46.0-255,66,42425,56,54165
31738,0.006663,74.125.200.0-255,5738,48163,56,54165
31739,0.006668,172.31.46.0-255,66,48229,56,54165
31740,0.008636,74.125.200.0-255,2902,51131,56,54165
31741,0.008643,172.31.46.0-255,66,51197,56,54165
31742,0.008662,74.125.200.0-255,2902,54099,56,54165
31743,0.008694,172.31.46.0-255,66,54165,56,54165
31744,0.0,74.125.24.0-255,290,290,56,99060
31745,2e-05,172.31.46.0-255,66,356,56,99060
31746,2.6e-05,74.125.24.0-255,1484,1840,56,99060
31747,2.9e-05,172.31.46.0-255,66,1906,56,99060
31748,3.5e-05,74.125.24.0-255,4320,6226,56,99060
31749,3.9e-05,172.31.46.0-255,66,6292,56,99060
31750,5e-05,74.125.24.0-255,2902,9194,56,99060
31751,5.3e-05,172.31.46.0-255,66,9260,56,99060
31752,8.5e-05,74.125.24.0-255,4755,14015,56,99060
31753,8.9e-05,172.31.46.0-255,66,14081,56,99060
31754,9.8e-05,172.31.46.0-255,66,14147,56,99060
31755,0.000111,172.31.46.0-255,66,14213,56,99060
31756,0.000154,74.125.24.0-255,2902,17115,56,99060
31757,0.000156,172.31.46.0-255,66,17181,56,99060
31758,0.000161,74.125.24.0-255,4320,21501,56,99060
31759,0.000163,172.31.46.0-255,66,21567,56,99060
31760,0.000168,74.125.24.0-255,4320,25887,56,99060
31761,0.00017,172.31.46.0-255,66,25953,56,99060
31762,0.000198,74.125.24.0-255,4320,30273,56,99060
31763,0.0002,172.31.46.0-255,66,30339,56,99060
31764,0.000207,74.125.24.0-255,7156,37495,56,99060
31765,0.000209,172.31.46.0-255,66,37561,56,99060
31766,0.000241,172.31.46.0-255,66,37627,56,99060
31767,0.000243,74.125.24.0-255,366,37993,56,99060
31768,0.000245,172.31.46.0-255,66,38059,56,99060
31769,0.000247,74.125.24.0-255,378,38437,56,99060
31770,0.000249,172.31.46.0-255,66,38503,56,99060
31771,0.001174,74.125.24.0-255,1484,39987,56,99060
31772,0.001181,172.31.46.0-255,66,40053,56,99060
31773,0.001191,74.125.24.0-255,2902,42955,56,99060
31774,0.001193,172.31.46.0-255,66,43021,56,99060
31775,0.001205,74.125.24.0-255,5738,48759,56,99060
31776,0.001207,172.31.46.0-255,66,48825,56,99060
31777,0.001231,74.125.24.0-255,2902,51727,56,99060
31778,0.001233,172.31.46.0-255,66,51793,56,99060
31779,0.001276,172.31.46.0-255,66,51859,56,99060
31780,0.00129,172.31.46.0-255,66,51925,56,99060
31781,0.001315,172.31.46.0-255,66,51991,56,99060
31782,0.001348,74.125.24.0-255,4320,56311,56,99060
31783,0.001351,172.31.46.0-255,66,56377,56,99060
31784,0.001368,172.31.46.0-255,66,56443,56,99060
31785,0.001701,74.125.24.0-255,1484,57927,56,99060
31786,0.00171,74.125.24.0-255,2902,60829,56,99060
31787,0.001716,172.31.46.0-255,66,60895,56,99060
31788,0.001722,74.125.24.0-255,4320,65215,56,99060
31789,0.001724,172.31.46.0-255,66,65281,56,99060
31790,0.001741,74.125.24.0-255,1484,66765,56,99060
31791,0.001757,172.31.46.0-255,66,66831,56,99060
31792,0.001789,74.125.24.0-255,4320,71151,56,99060
31793,0.001792,172.31.46.0-255,66,71217,56,99060
31794,0.001803,172.31.46.0-255,66,71283,56,99060
31795,0.001807,74.125.24.0-255,2902,74185,56,99060
31796,0.001814,172.31.46.0-255,66,74251,56,99060
31797,0.001867,172.31.46.0-255,66,74317,56,99060
31798,0.00187,74.125.24.0-255,1484,75801,56,99060
31799,0.001883,172.31.46.0-255,66,75867,56,99060
31800,0.001928,172.31.46.0-255,66,75933,56,99060
31801,0.001945,172.31.46.0-255,66,75999,56,99060
31802,0.001991,172.31.46.0-255,66,76065,56,99060
31803,0.002021,172.31.46.0-255,66,76131,56,99060
31804,0.002027,74.125.24.0-255,5020,81151,56,99060
31805,0.002029,172.31.46.0-255,66,81217,56,99060
31806,0.002076,74.125.24.0-255,5738,86955,56,99060
31807,0.002079,172.31.46.0-255,66,87021,56,99060
31808,0.002122,172.31.46.0-255,66,87087,56,99060
31809,0.005167,172.31.46.0-255,66,87153,56,99060
31810,0.005698,172.31.46.0-255,101,87254,56,99060
31811,0.007207,74.125.24.0-255,5738,92992,56,99060
31812,0.007214,172.31.46.0-255,66,93058,56,99060
31813,0.007696,74.125.24.0-255,66,93124,56,99060
31814,0.009258,74.125.24.0-255,2902,96026,56,99060
31815,0.009263,172.31.46.0-255,66,96092,56,99060
31816,0.009286,74.125.24.0-255,2902,98994,56,99060
31817,0.009289,172.31.46.0-255,66,99060,56,99060
31818,0.0,74.125.200.0-255,150,150,56,75046
31819,2.4e-05,172.31.46.0-255,66,216,56,75046
31820,3.2e-05,74.125.200.0-255,1484,1700,56,75046
31821,3.7e-05,172.31.46.0-255,66,1766,56,75046
31822,4.3e-05,74.125.200.0-255,2902,4668,56,75046
31823,4.7e-05,172.31.46.0-255,66,4734,56,75046
31824,5.6e-05,74.125.200.0-255,7156,11890,56,75046
31825,5.9e-05,172.31.46.0-255,66,11956,56,75046
31826,6.3e-05,74.125.200.0-255,2039,13995,56,75046
31827,6.6e-05,172.31.46.0-255,66,14061,56,75046
31828,0.000551,74.125.200.0-255,1484,15545,56,75046
31829,0.000557,172.31.46.0-255,66,15611,56,75046
31830,0.000564,74.125.200.0-255,2902,18513,56,75046
31831,0.000566,172.31.46.0-255,66,18579,56,75046
31832,0.000573,74.125.200.0-255,5738,24317,56,75046
31833,0.000575,172.31.46.0-255,66,24383,56,75046
31834,0.000579,74.125.200.0-255,2902,27285,56,75046
31835,0.000581,172.31.46.0-255,66,27351,56,75046
31836,0.000587,74.125.200.0-255,3961,31312,56,75046
31837,0.00059,172.31.46.0-255,66,31378,56,75046
31838,0.001027,74.125.200.0-255,1484,32862,56,75046
31839,0.001034,172.31.46.0-255,66,32928,56,75046
31840,0.001041,74.125.200.0-255,2902,35830,56,75046
31841,0.001043,172.31.46.0-255,66,35896,56,75046
31842,0.001064,74.125.200.0-255,4320,40216,56,75046
31843,0.001067,172.31.46.0-255,66,40282,56,75046
31844,0.00109,74.125.200.0-255,1484,41766,56,75046
31845,0.001093,172.31.46.0-255,66,41832,56,75046
31846,0.001101,74.125.200.0-255,6797,48629,56,75046
31847,0.001103,172.31.46.0-255,66,48695,56,75046
31848,0.001111,74.125.200.0-255,7156,55851,56,75046
31849,0.001113,172.31.46.0-255,66,55917,56,75046
31850,0.001117,74.125.200.0-255,1484,57401,56,75046
31851,0.001155,172.31.46.0-255,66,57467,56,75046
31852,0.003689,74.125.200.0-255,5738,63205,56,75046
31853,0.0037,172.31.46.0-255,66,63271,56,75046
31854,0.004825,172.31.46.0-255,101,63372,56,75046
31855,0.006239,74.125.200.0-255,5738,69110,56,75046
31856,0.006247,172.31.46.0-255,66,69176,56,75046
31857,0.007329,74.125.200.0-255,66,69242,56,75046
31858,0.008784,74.125.200.0-255,5738,74980,56,75046
31859,0.008796,172.31.46.0-255,66,75046,56,75046
31860,0.0,172.217.194.0-255,152,152,56,205015
31861,2.3e-05,172.31.46.0-255,66,218,56,205015
31862,2.8e-05,172.217.194.0-255,1484,1702,56,205015
31863,3.2e-05,172.31.46.0-255,66,1768,56,205015
31864,3.6e-05,172.217.194.0-255,2902,4670,56,205015
31865,3.9e-05,172.31.46.0-255,66,4736,56,205015
31866,6.3e-05,172.217.194.0-255,7156,11892,56,205015
31867,6.5e-05,172.31.46.0-255,66,11958,56,205015
31868,6.8e-05,172.217.194.0-255,2053,14011,56,205015
31869,7e-05,172.31.46.0-255,66,14077,56,205015
31870,9.2e-05,172.217.194.0-255,1484,15561,56,205015
31871,9.4e-05,172.31.46.0-255,66,15627,56,205015
31872,0.000107,172.217.194.0-255,2902,18529,56,205015
31873,0.000109,172.31.46.0-255,66,18595,56,205015
31874,0.000125,172.217.194.0-255,5738,24333,56,205015
31875,0.000127,172.31.46.0-255,66,24399,56,205015
31876,0.000151,172.217.194.0-255,1484,25883,56,205015
31877,0.000153,172.31.46.0-255,66,25949,56,205015
31878,0.000158,172.217.194.0-255,5379,31328,56,205015
31879,0.00016,172.31.46.0-255,66,31394,56,205015
31880,0.000177,172.217.194.0-255,1484,32878,56,205015
31881,0.000179,172.31.46.0-255,66,32944,56,205015
31882,0.000182,172.217.194.0-255,1484,34428,56,205015
31883,0.000183,172.31.46.0-255,66,34494,56,205015
31884,0.000199,172.217.194.0-255,1484,35978,56,205015
31885,0.000201,172.31.46.0-255,66,36044,56,205015
31886,0.000206,172.217.194.0-255,4320,40364,56,205015
31887,0.000208,172.31.46.0-255,66,40430,56,205015
31888,0.00023,172.217.194.0-255,1484,41914,56,205015
31889,0.000232,172.31.46.0-255,66,41980,56,205015
31890,0.000238,172.217.194.0-255,4320,46300,56,205015
31891,0.00024,172.31.46.0-255,66,46366,56,205015
31892,0.000272,172.217.194.0-255,5738,52104,56,205015
31893,0.000275,172.31.46.0-255,66,52170,56,205015
31894,0.000289,172.217.194.0-255,5738,57908,56,205015
31895,0.000291,172.31.46.0-255,66,57974,56,205015
31896,0.0003,172.217.194.0-255,677,58651,56,205015
31897,0.000302,172.31.46.0-255,66,58717,56,205015
31898,0.00039,172.217.194.0-255,1484,60201,56,205015
31899,0.000393,172.31.46.0-255,66,60267,56,205015
31900,0.000398,172.217.194.0-255,2902,63169,56,205015
31901,0.0004,172.31.46.0-255,66,63235,56,205015
31902,0.000416,172.217.194.0-255,5738,68973,56,205015
31903,0.000418,172.31.46.0-255,66,69039,56,205015
31904,0.000423,172.217.194.0-255,4320,73359,56,205015
31905,0.000425,172.31.46.0-255,66,73425,56,205015
31906,0.000447,172.217.194.0-255,1484,74909,56,205015
31907,0.000476,172.31.46.0-255,66,74975,56,205015
31908,0.000485,172.31.46.0-255,66,75041,56,205015
31909,0.000747,172.217.194.0-255,1484,76525,56,205015
31910,0.000751,172.217.194.0-255,1484,78009,56,205015
31911,0.000754,172.31.46.0-255,66,78075,56,205015
31912,0.000764,172.217.194.0-255,1484,79559,56,205015
31913,0.000783,172.217.194.0-255,5738,85297,56,205015
31914,0.000785,172.217.194.0-255,1484,86781,56,205015
31915,0.000787,172.31.46.0-255,66,86847,56,205015
31916,0.000812,172.217.194.0-255,2902,89749,56,205015
31917,0.000815,172.31.46.0-255,66,89815,56,205015
31918,0.000843,172.31.46.0-255,66,89881,56,205015
31919,0.000853,172.31.46.0-255,66,89947,56,205015
31920,0.000889,172.217.194.0-255,1484,91431,56,205015
31921,0.000902,172.217.194.0-255,2902,94333,56,205015
31922,0.000904,172.31.46.0-255,66,94399,56,205015
31923,0.000922,172.217.194.0-255,5738,100137,56,205015
31924,0.000925,172.31.46.0-255,66,100203,56,205015
31925,0.000929,172.217.194.0-255,4320,104523,56,205015
31926,0.000931,172.31.46.0-255,66,104589,56,205015
31927,0.000981,172.217.194.0-255,4320,108909,56,205015
31928,0.000984,172.31.46.0-255,66,108975,56,205015
31929,0.001004,172.217.194.0-255,7156,116131,56,205015
31930,0.001007,172.31.46.0-255,66,116197,56,205015
31931,0.001009,172.217.194.0-255,1484,117681,56,205015
31932,0.001036,172.217.194.0-255,6438,124119,56,205015
31933,0.001051,172.31.46.0-255,66,124185,56,205015
31934,0.001094,172.217.194.0-255,1484,125669,56,205015
31935,0.001098,172.217.194.0-255,2902,128571,56,205015
31936,0.001101,172.31.46.0-255,66,128637,56,205015
31937,0.00112,172.217.194.0-255,5738,134375,56,205015
31938,0.001122,172.31.46.0-255,66,134441,56,205015
31939,0.001132,172.217.194.0-255,1484,135925,56,205015
31940,0.001153,172.217.194.0-255,7156,143081,56,205015
31941,0.001156,172.31.46.0-255,66,143147,56,205015
31942,0.001188,172.217.194.0-255,2902,146049,56,205015
31943,0.001191,172.31.46.0-255,66,146115,56,205015
31944,0.001221,172.31.46.0-255,66,146181,56,205015
31945,0.00143,172.217.194.0-255,1484,147665,56,205015
31946,0.001436,172.217.194.0-255,2902,150567,56,205015
31947,0.00144,172.31.46.0-255,66,150633,56,205015
31948,0.00146,172.217.194.0-255,5738,156371,56,205015
31949,0.001463,172.31.46.0-255,66,156437,56,205015
31950,0.001469,172.217.194.0-255,7156,163593,56,205015
31951,0.001471,172.31.46.0-255,66,163659,56,205015
31952,0.001503,172.217.194.0-255,5738,169397,56,205015
31953,0.001506,172.31.46.0-255,66,169463,56,205015
31954,0.001517,172.31.46.0-255,66,169529,56,205015
31955,0.001588,172.217.194.0-255,1484,171013,56,205015
31956,0.001603,172.217.194.0-255,2902,173915,56,205015
31957,0.001606,172.31.46.0-255,66,173981,56,205015
31958,0.001626,172.217.194.0-255,5738,179719,56,205015
31959,0.001629,172.31.46.0-255,66,179785,56,205015
31960,0.001652,172.217.194.0-255,1484,181269,56,205015
31961,0.001684,172.31.46.0-255,66,181335,56,205015
31962,0.001696,172.31.46.0-255,66,181401,56,205015
31963,0.001699,172.217.194.0-255,2184,183585,56,205015
31964,0.001701,172.31.46.0-255,66,183651,56,205015
31965,0.001737,172.217.194.0-255,1484,185135,56,205015
31966,0.001754,172.217.194.0-255,2902,188037,56,205015
31967,0.001758,172.31.46.0-255,66,188103,56,205015
31968,0.001763,172.217.194.0-255,5738,193841,56,205015
31969,0.001766,172.31.46.0-255,66,193907,56,205015
31970,0.001801,172.31.46.0-255,66,193973,56,205015
31971,0.00181,172.31.46.0-255,66,194039,56,205015
31972,0.001834,172.217.194.0-255,1484,195523,56,205015
31973,0.00186,172.31.46.0-255,66,195589,56,205015
31974,0.001881,172.217.194.0-255,6438,202027,56,205015
31975,0.001883,172.31.46.0-255,66,202093,56,205015
31976,0.001891,172.31.46.0-255,66,202159,56,205015
31977,0.001959,172.31.46.0-255,66,202225,56,205015
31978,0.00198,172.217.194.0-255,2184,204409,56,205015
31979,0.001982,172.31.46.0-255,66,204475,56,205015
31980,0.001996,172.31.46.0-255,66,204541,56,205015
31981,0.002026,172.31.46.0-255,66,204607,56,205015
31982,0.002039,172.31.46.0-255,66,204673,56,205015
31983,0.002041,172.217.194.0-255,105,204778,56,205015
31984,0.00632,172.31.46.0-255,66,204844,56,205015
31985,0.006347,172.31.46.0-255,105,204949,56,205015
31986,0.008903,172.217.194.0-255,66,205015,56,205015
31987,0.0,172.217.194.0-255,152,152,56,173549
31988,2.4e-05,172.31.46.0-255,66,218,56,173549
31989,3.1e-05,172.217.194.0-255,1484,1702,56,173549
31990,3.6e-05,172.31.46.0-255,66,1768,56,173549
31991,4.1e-05,172.217.194.0-255,2902,4670,56,173549
31992,5.2e-05,172.31.46.0-255,66,4736,56,173549
31993,5.8e-05,172.217.194.0-255,5738,10474,56,173549
31994,6.1e-05,172.31.46.0-255,66,10540,56,173549
31995,0.000125,172.31.46.0-255,66,10606,56,173549
31996,0.000131,172.217.194.0-255,5738,16344,56,173549
31997,0.000133,172.31.46.0-255,66,16410,56,173549
31998,0.000139,172.217.194.0-255,3961,20371,56,173549
31999,0.000142,172.31.46.0-255,66,20437,56,173549
32000,0.000188,172.217.194.0-255,4320,24757,56,173549
32001,0.000191,172.31.46.0-255,66,24823,56,173549
32002,0.000194,172.217.194.0-255,1484,26307,56,173549
32003,0.000196,172.31.46.0-255,66,26373,56,173549
32004,0.000221,172.217.194.0-255,4320,30693,56,173549
32005,0.000225,172.31.46.0-255,66,30759,56,173549
32006,0.000251,172.217.194.0-255,5738,36497,56,173549
32007,0.000254,172.31.46.0-255,66,36563,56,173549
32008,0.000268,172.217.194.0-255,1125,37688,56,173549
32009,0.000274,172.31.46.0-255,66,37754,56,173549
32010,0.000653,172.217.194.0-255,1484,39238,56,173549
32011,0.000658,172.31.46.0-255,66,39304,56,173549
32012,0.000664,172.217.194.0-255,2902,42206,56,173549
32013,0.000666,172.31.46.0-255,66,42272,56,173549
32014,0.000701,172.217.194.0-255,5738,48010,56,173549
32015,0.000704,172.31.46.0-255,66,48076,56,173549
32016,0.000712,172.217.194.0-255,6797,54873,56,173549
32017,0.000714,172.31.46.0-255,66,54939,56,173549
32018,0.000752,172.217.194.0-255,4320,59259,56,173549
32019,0.000755,172.31.46.0-255,66,59325,56,173549
32020,0.000797,172.31.46.0-255,66,59391,56,173549
32021,0.000823,172.217.194.0-255,3961,63352,56,173549
32022,0.000825,172.31.46.0-255,66,63418,56,173549
32023,0.001151,172.217.194.0-255,1484,64902,56,173549
32024,0.00117,172.217.194.0-255,2902,67804,56,173549
32025,0.001173,172.31.46.0-255,66,67870,56,173549
32026,0.00118,172.217.194.0-255,5738,73608,56,173549
32027,0.001183,172.31.46.0-255,66,73674,56,173549
32028,0.001199,172.217.194.0-255,1484,75158,56,173549
32029,0.001231,172.31.46.0-255,66,75224,56,173549
32030,0.001236,172.217.194.0-255,2902,78126,56,173549
32031,0.001238,172.31.46.0-255,66,78192,56,173549
32032,0.001263,172.217.194.0-255,5738,83930,56,173549
32033,0.001266,172.31.46.0-255,66,83996,56,173549
32034,0.001274,172.217.194.0-255,2184,86180,56,173549
32035,0.001277,172.31.46.0-255,66,86246,56,173549
32036,0.001602,172.217.194.0-255,1484,87730,56,173549
32037,0.001608,172.217.194.0-255,2902,90632,56,173549
32038,0.001611,172.31.46.0-255,66,90698,56,173549
32039,0.001618,172.217.194.0-255,4320,95018,56,173549
32040,0.00162,172.31.46.0-255,66,95084,56,173549
32041,0.001657,172.31.46.0-255,66,95150,56,173549
32042,0.001672,172.217.194.0-255,2902,98052,56,173549
32043,0.001674,172.31.46.0-255,66,98118,56,173549
32044,0.001707,172.31.46.0-255,66,98184,56,173549
32045,0.001711,172.217.194.0-255,1484,99668,56,173549
32046,0.001735,172.217.194.0-255,2902,102570,56,173549
32047,0.001738,172.31.46.0-255,66,102636,56,173549
32048,0.001744,172.217.194.0-255,5738,108374,56,173549
32049,0.001747,172.31.46.0-255,66,108440,56,173549
32050,0.001789,172.31.46.0-255,66,108506,56,173549
32051,0.0018,172.31.46.0-255,66,108572,56,173549
32052,0.001827,172.217.194.0-255,2184,110756,56,173549
32053,0.00183,172.31.46.0-255,66,110822,56,173549
32054,0.002134,172.217.194.0-255,1484,112306,56,173549
32055,0.002141,172.217.194.0-255,2902,115208,56,173549
32056,0.002145,172.31.46.0-255,66,115274,56,173549
32057,0.002152,172.217.194.0-255,5738,121012,56,173549
32058,0.002155,172.31.46.0-255,66,121078,56,173549
32059,0.002233,172.31.46.0-255,66,121144,56,173549
32060,0.002243,172.31.46.0-255,66,121210,56,173549
32061,0.002247,172.217.194.0-255,2184,123394,56,173549
32062,0.00225,172.31.46.0-255,66,123460,56,173549
32063,0.002376,172.217.194.0-255,1484,124944,56,173549
32064,0.00239,172.217.194.0-255,2902,127846,56,173549
32065,0.002393,172.31.46.0-255,66,127912,56,173549
32066,0.0024,172.217.194.0-255,5738,133650,56,173549
32067,0.002403,172.31.46.0-255,66,133716,56,173549
32068,0.002443,172.31.46.0-255,66,133782,56,173549
32069,0.002469,172.31.46.0-255,66,133848,56,173549
32070,0.002525,172.217.194.0-255,1484,135332,56,173549
32071,0.00253,172.217.194.0-255,2902,138234,56,173549
32072,0.002533,172.31.46.0-255,66,138300,56,173549
32073,0.002565,172.217.194.0-255,5738,144038,56,173549
32074,0.002569,172.31.46.0-255,66,144104,56,173549
32075,0.002582,172.31.46.0-255,66,144170,56,173549
32076,0.002619,172.31.46.0-255,66,144236,56,173549
32077,0.002631,172.31.46.0-255,66,144302,56,173549
32078,0.002634,172.217.194.0-255,1484,145786,56,173549
32079,0.002639,172.217.194.0-255,4320,150106,56,173549
32080,0.002641,172.31.46.0-255,66,150172,56,173549
32081,0.002669,172.217.194.0-255,2902,153074,56,173549
32082,0.002671,172.31.46.0-255,66,153140,56,173549
32083,0.002698,172.31.46.0-255,66,153206,56,173549
32084,0.00272,172.217.194.0-255,3602,156808,56,173549
32085,0.002723,172.31.46.0-255,66,156874,56,173549
32086,0.002726,172.217.194.0-255,1484,158358,56,173549
32087,0.00273,172.217.194.0-255,2902,161260,56,173549
32088,0.002732,172.31.46.0-255,66,161326,56,173549
32089,0.00278,172.31.46.0-255,66,161392,56,173549
32090,0.002793,172.31.46.0-255,66,161458,56,173549
32091,0.00282,172.217.194.0-255,1484,162942,56,173549
32092,0.002825,172.217.194.0-255,2184,165126,56,173549
32093,0.002827,172.31.46.0-255,66,165192,56,173549
32094,0.002832,172.217.194.0-255,4320,169512,56,173549
32095,0.002835,172.31.46.0-255,66,169578,56,173549
32096,0.002888,172.31.46.0-255,66,169644,56,173549
32097,0.002946,172.31.46.0-255,66,169710,56,173549
32098,0.002978,172.217.194.0-255,3602,173312,56,173549
32099,0.002981,172.31.46.0-255,66,173378,56,173549
32100,0.002997,172.31.46.0-255,66,173444,56,173549
32101,0.003,172.217.194.0-255,105,173549,56,173549
32102,0.0,74.125.24.0-255,152,152,56,177745
32103,2.7e-05,172.31.46.0-255,66,218,56,177745
32104,3.5e-05,74.125.24.0-255,1484,1702,56,177745
32105,4e-05,172.31.46.0-255,66,1768,56,177745
32106,4.6e-05,74.125.24.0-255,2902,4670,56,177745
32107,5e-05,172.31.46.0-255,66,4736,56,177745
32108,5.8e-05,74.125.24.0-255,7156,11892,56,177745
32109,6.1e-05,172.31.46.0-255,66,11958,56,177745
32110,9.6e-05,172.31.46.0-255,66,12024,56,177745
32111,0.000109,172.31.46.0-255,66,12090,56,177745
32112,0.000169,74.125.24.0-255,1484,13574,56,177745
32113,0.000173,172.31.46.0-255,66,13640,56,177745
32114,0.000179,74.125.24.0-255,2902,16542,56,177745
32115,0.000181,172.31.46.0-255,66,16608,56,177745
32116,0.000186,74.125.24.0-255,2902,19510,56,177745
32117,0.000189,172.31.46.0-255,66,19576,56,177745
32118,0.000206,74.125.24.0-255,2902,22478,56,177745
32119,0.000208,172.31.46.0-255,66,22544,56,177745
32120,0.000214,74.125.24.0-255,4320,26864,56,177745
32121,0.000216,172.31.46.0-255,66,26930,56,177745
32122,0.000244,172.31.46.0-255,66,26996,56,177745
32123,0.000252,74.125.24.0-255,7156,34152,56,177745
32124,0.000254,172.31.46.0-255,66,34218,56,177745
32125,0.000287,74.125.24.0-255,2839,37057,56,177745
32126,0.000289,172.31.46.0-255,66,37123,56,177745
32127,0.0003,74.125.24.0-255,412,37535,56,177745
32128,0.000303,172.31.46.0-255,66,37601,56,177745
32129,0.000509,74.125.24.0-255,1484,39085,56,177745
32130,0.000514,172.31.46.0-255,66,39151,56,177745
32131,0.00052,74.125.24.0-255,2902,42053,56,177745
32132,0.000522,172.31.46.0-255,66,42119,56,177745
32133,0.000529,74.125.24.0-255,5738,47857,56,177745
32134,0.000532,172.31.46.0-255,66,47923,56,177745
32135,0.000539,74.125.24.0-255,7156,55079,56,177745
32136,0.000542,172.31.46.0-255,66,55145,56,177745
32137,0.000587,172.31.46.0-255,66,55211,56,177745
32138,0.000592,74.125.24.0-255,2184,57395,56,177745
32139,0.000594,172.31.46.0-255,66,57461,56,177745
32140,0.001112,74.125.24.0-255,1484,58945,56,177745
32141,0.00112,74.125.24.0-255,2902,61847,56,177745
32142,0.001124,172.31.46.0-255,66,61913,56,177745
32143,0.001132,74.125.24.0-255,5738,67651,56,177745
32144,0.001134,172.31.46.0-255,66,67717,56,177745
32145,0.001138,74.125.24.0-255,1484,69201,56,177745
32146,0.001178,172.31.46.0-255,66,69267,56,177745
32147,0.00119,172.31.46.0-255,66,69333,56,177745
32148,0.001648,74.125.24.0-255,1484,70817,56,177745
32149,0.001654,74.125.24.0-255,2902,73719,56,177745
32150,0.001658,172.31.46.0-255,66,73785,56,177745
32151,0.001664,74.125.24.0-255,2902,76687,56,177745
32152,0.001666,172.31.46.0-255,66,76753,56,177745
32153,0.001681,74.125.24.0-255,2902,79655,56,177745
32154,0.001684,172.31.46.0-255,66,79721,56,177745
32155,0.001687,74.125.24.0-255,1484,81205,56,177745
32156,0.001698,172.31.46.0-255,66,81271,56,177745
32157,0.001732,74.125.24.0-255,5738,87009,56,177745
32158,0.001735,172.31.46.0-255,66,87075,56,177745
32159,0.001764,172.31.46.0-255,66,87141,56,177745
32160,0.001771,74.125.24.0-255,5738,92879,56,177745
32161,0.001773,172.31.46.0-255,66,92945,56,177745
32162,0.001799,74.125.24.0-255,2902,95847,56,177745
32163,0.001801,172.31.46.0-255,66,95913,56,177745
32164,0.001813,172.31.46.0-255,66,95979,56,177745
32165,0.001855,172.31.46.0-255,66,96045,56,177745
32166,0.00194,74.125.24.0-255,1484,97529,56,177745
32167,0.001956,74.125.24.0-255,2902,100431,56,177745
32168,0.001959,172.31.46.0-255,66,100497,56,177745
32169,0.001966,74.125.24.0-255,5738,106235,56,177745
32170,0.001968,172.31.46.0-255,66,106301,56,177745
32171,0.001994,74.125.24.0-255,7156,113457,56,177745
32172,0.001996,172.31.46.0-255,66,113523,56,177745
32173,0.002005,74.125.24.0-255,7156,120679,56,177745
32174,0.002008,172.31.46.0-255,66,120745,56,177745
32175,0.002026,74.125.24.0-255,7156,127901,56,177745
32176,0.002029,172.31.46.0-255,66,127967,56,177745
32177,0.002033,74.125.24.0-255,2184,130151,56,177745
32178,0.002036,172.31.46.0-255,66,130217,56,177745
32179,0.002146,74.125.24.0-255,1484,131701,56,177745
32180,0.002152,74.125.24.0-255,2902,134603,56,177745
32181,0.002156,172.31.46.0-255,66,134669,56,177745
32182,0.002178,74.125.24.0-255,5738,140407,56,177745
32183,0.002181,172.31.46.0-255,66,140473,56,177745
32184,0.002187,74.125.24.0-255,4320,144793,56,177745
32185,0.002189,172.31.46.0-255,66,144859,56,177745
32186,0.002215,172.31.46.0-255,66,144925,56,177745
32187,0.00223,74.125.24.0-255,1484,146409,56,177745
32188,0.002235,74.125.24.0-255,2902,149311,56,177745
32189,0.002237,172.31.46.0-255,66,149377,56,177745
32190,0.002269,74.125.24.0-255,5020,154397,56,177745
32191,0.002272,172.31.46.0-255,66,154463,56,177745
32192,0.002283,172.31.46.0-255,66,154529,56,177745
32193,0.002289,74.125.24.0-255,5738,160267,56,177745
32194,0.002292,172.31.46.0-255,66,160333,56,177745
32195,0.004539,74.125.24.0-255,5738,166071,56,177745
32196,0.004549,172.31.46.0-255,66,166137,56,177745
32197,0.006804,74.125.24.0-255,5738,171875,56,177745
32198,0.006808,172.31.46.0-255,66,171941,56,177745
32199,0.009056,74.125.24.0-255,5738,177679,56,177745
32200,0.009061,172.31.46.0-255,66,177745,56,177745
32201,0.0,172.217.27.0-255,152,152,56,140608
32202,2.6e-05,172.31.46.0-255,66,218,56,140608
32203,3.4e-05,172.217.27.0-255,1484,1702,56,140608
32204,3.9e-05,172.31.46.0-255,66,1768,56,140608
32205,4.5e-05,172.217.27.0-255,2902,4670,56,140608
32206,5.6e-05,172.31.46.0-255,66,4736,56,140608
32207,6.5e-05,172.217.27.0-255,7156,11892,56,140608
32208,6.8e-05,172.31.46.0-255,66,11958,56,140608
32209,7.9e-05,172.31.46.0-255,66,12024,56,140608
32210,9e-05,172.31.46.0-255,66,12090,56,140608
32211,9.3e-05,172.217.27.0-255,1484,13574,56,140608
32212,9.6e-05,172.31.46.0-255,66,13640,56,140608
32213,0.000125,172.217.27.0-255,1125,14765,56,140608
32214,0.000128,172.31.46.0-255,66,14831,56,140608
32215,0.000178,172.217.27.0-255,1484,16315,56,140608
32216,0.000181,172.31.46.0-255,66,16381,56,140608
32217,0.000187,172.217.27.0-255,2902,19283,56,140608
32218,0.000189,172.31.46.0-255,66,19349,56,140608
32219,0.000202,172.217.27.0-255,4320,23669,56,140608
32220,0.000204,172.31.46.0-255,66,23735,56,140608
32221,0.000252,172.217.27.0-255,1484,25219,56,140608
32222,0.000255,172.31.46.0-255,66,25285,56,140608
32223,0.000263,172.217.27.0-255,6797,32082,56,140608
32224,0.000266,172.31.46.0-255,66,32148,56,140608
32225,0.000287,172.31.46.0-255,66,32214,56,140608
32226,0.000314,172.217.27.0-255,2813,35027,56,140608
32227,0.00032,172.31.46.0-255,66,35093,56,140608
32228,0.000615,172.217.27.0-255,137,35230,56,140608
32229,0.000621,172.31.46.0-255,66,35296,56,140608
32230,0.000753,172.217.27.0-255,1484,36780,56,140608
32231,0.000761,172.217.27.0-255,2902,39682,56,140608
32232,0.000765,172.31.46.0-255,66,39748,56,140608
32233,0.000796,172.217.27.0-255,4320,44068,56,140608
32234,0.000799,172.31.46.0-255,66,44134,56,140608
32235,0.000811,172.31.46.0-255,66,44200,56,140608
32236,0.000828,172.217.27.0-255,1125,45325,56,140608
32237,0.00084,172.217.27.0-255,5738,51063,56,140608
32238,0.000843,172.31.46.0-255,66,51129,56,140608
32239,0.000868,172.217.27.0-255,4320,55449,56,140608
32240,0.00087,172.31.46.0-255,66,55515,56,140608
32241,0.000897,172.217.27.0-255,5379,60894,56,140608
32242,0.0009,172.31.46.0-255,66,60960,56,140608
32243,0.001097,172.217.27.0-255,1484,62444,56,140608
32244,0.001104,172.217.27.0-255,2902,65346,56,140608
32245,0.001108,172.31.46.0-255,66,65412,56,140608
32246,0.001134,172.217.27.0-255,2902,68314,56,140608
32247,0.001137,172.31.46.0-255,66,68380,56,140608
32248,0.001143,172.217.27.0-255,4320,72700,56,140608
32249,0.001146,172.31.46.0-255,66,72766,56,140608
32250,0.001191,172.217.27.0-255,7156,79922,56,140608
32251,0.001194,172.31.46.0-255,66,79988,56,140608
32252,0.001219,172.217.27.0-255,1484,81472,56,140608
32253,0.001222,172.217.27.0-255,1484,82956,56,140608
32254,0.001232,172.217.27.0-255,5738,88694,56,140608
32255,0.001239,172.217.27.0-255,6438,95132,56,140608
32256,0.001245,172.31.46.0-255,66,95198,56,140608
32257,0.001254,172.31.46.0-255,66,95264,56,140608
32258,0.001257,172.31.46.0-255,66,95330,56,140608
32259,0.001264,172.217.27.0-255,1484,96814,56,140608
32260,0.001269,172.217.27.0-255,2902,99716,56,140608
32261,0.001271,172.31.46.0-255,66,99782,56,140608
32262,0.001277,172.217.27.0-255,4320,104102,56,140608
32263,0.00128,172.31.46.0-255,66,104168,56,140608
32264,0.001288,172.217.27.0-255,5738,109906,56,140608
32265,0.00129,172.31.46.0-255,66,109972,56,140608
32266,0.001294,172.217.27.0-255,1484,111456,56,140608
32267,0.001347,172.31.46.0-255,66,111522,56,140608
32268,0.001363,172.31.46.0-255,66,111588,56,140608
32269,0.003021,172.217.27.0-255,5738,117326,56,140608
32270,0.003032,172.31.46.0-255,66,117392,56,140608
32271,0.004686,172.217.27.0-255,5738,123130,56,140608
32272,0.004695,172.31.46.0-255,66,123196,56,140608
32273,0.006334,172.217.27.0-255,5738,128934,56,140608
32274,0.006338,172.31.46.0-255,66,129000,56,140608
32275,0.007993,172.217.27.0-255,5738,134738,56,140608
32276,0.007997,172.31.46.0-255,66,134804,56,140608
32277,0.009676,172.217.27.0-255,5738,140542,56,140608
32278,0.009687,172.31.46.0-255,66,140608,56,140608
32279,0.0,74.125.200.0-255,153,153,56,246760
32280,2.1e-05,172.31.46.0-255,66,219,56,246760
32281,2.8e-05,74.125.200.0-255,1484,1703,56,246760
32282,3.4e-05,172.31.46.0-255,66,1769,56,246760
32283,4.8e-05,74.125.200.0-255,2902,4671,56,246760
32284,5.2e-05,172.31.46.0-255,66,4737,56,246760
32285,5.8e-05,74.125.200.0-255,5738,10475,56,246760
32286,6.2e-05,172.31.46.0-255,66,10541,56,246760
32287,9.5e-05,74.125.200.0-255,6300,16841,56,246760
32288,9.8e-05,172.31.46.0-255,66,16907,56,246760
32289,0.000103,74.125.200.0-255,2902,19809,56,246760
32290,0.000105,172.31.46.0-255,66,19875,56,246760
32291,0.00014,74.125.200.0-255,5738,25613,56,246760
32292,0.000143,172.31.46.0-255,66,25679,56,246760
32293,0.000165,74.125.200.0-255,5738,31417,56,246760
32294,0.000168,172.31.46.0-255,66,31483,56,246760
32295,0.000173,74.125.200.0-255,4320,35803,56,246760
32296,0.000175,172.31.46.0-255,66,35869,56,246760
32297,0.000202,74.125.200.0-255,2902,38771,56,246760
32298,0.000205,172.31.46.0-255,66,38837,56,246760
32299,0.000246,172.31.46.0-255,66,38903,56,246760
32300,0.00028,74.125.200.0-255,1484,40387,56,246760
32301,0.000283,172.31.46.0-255,66,40453,56,246760
32302,0.000286,74.125.200.0-255,1484,41937,56,246760
32303,0.000288,172.31.46.0-255,66,42003,56,246760
32304,0.000308,74.125.200.0-255,2902,44905,56,246760
32305,0.000311,172.31.46.0-255,66,44971,56,246760
32306,0.000318,74.125.200.0-255,5738,50709,56,246760
32307,0.000321,172.31.46.0-255,66,50775,56,246760
32308,0.000352,74.125.200.0-255,5379,56154,56,246760
32309,0.000354,172.31.46.0-255,66,56220,56,246760
32310,0.000508,74.125.200.0-255,1484,57704,56,246760
32311,0.000525,74.125.200.0-255,2902,60606,56,246760
32312,0.000552,74.125.200.0-255,5738,66344,56,246760
32313,0.000557,74.125.200.0-255,2902,69246,56,246760
32314,0.000602,74.125.200.0-255,3961,73207,56,246760
32315,0.000627,74.125.200.0-255,4320,77527,56,246760
32316,0.000657,74.125.200.0-255,7156,84683,56,246760
32317,0.00067,74.125.200.0-255,2902,87585,56,246760
32318,0.000675,172.31.46.0-255,66,87651,56,246760
32319,0.000681,172.31.46.0-255,66,87717,56,246760
32320,0.00071,74.125.200.0-255,2543,90260,56,246760
32321,0.000733,172.31.46.0-255,66,90326,56,246760
32322,0.001145,74.125.200.0-255,1484,91810,56,246760
32323,0.001152,74.125.200.0-255,2902,94712,56,246760
32324,0.001155,172.31.46.0-255,66,94778,56,246760
32325,0.001159,74.125.200.0-255,1484,96262,56,246760
32326,0.001163,74.125.200.0-255,2902,99164,56,246760
32327,0.001175,172.31.46.0-255,66,99230,56,246760
32328,0.001188,74.125.200.0-255,5738,104968,56,246760
32329,0.001198,172.31.46.0-255,66,105034,56,246760
32330,0.001276,172.31.46.0-255,66,105100,56,246760
32331,0.001311,74.125.200.0-255,5738,110838,56,246760
32332,0.001322,172.31.46.0-255,66,110904,56,246760
32333,0.00133,74.125.200.0-255,1484,112388,56,246760
32334,0.001357,74.125.200.0-255,5738,118126,56,246760
32335,0.001371,74.125.200.0-255,2902,121028,56,246760
32336,0.001378,172.31.46.0-255,66,121094,56,246760
32337,0.001396,74.125.200.0-255,7156,128250,56,246760
32338,0.001401,74.125.200.0-255,4320,132570,56,246760
32339,0.001416,74.125.200.0-255,1484,134054,56,246760
32340,0.001435,172.31.46.0-255,66,134120,56,246760
32341,0.001443,74.125.200.0-255,5020,139140,56,246760
32342,0.001446,74.125.200.0-255,2902,142042,56,246760
32343,0.001455,74.125.200.0-255,4320,146362,56,246760
32344,0.001469,74.125.200.0-255,5738,152100,56,246760
32345,0.001477,172.31.46.0-255,66,152166,56,246760
32346,0.001509,74.125.200.0-255,7156,159322,56,246760
32347,0.001516,74.125.200.0-255,5020,164342,56,246760
32348,0.001525,172.31.46.0-255,66,164408,56,246760
32349,0.001651,74.125.200.0-255,1484,165892,56,246760
32350,0.001657,74.125.200.0-255,2902,168794,56,246760
32351,0.001665,172.31.46.0-255,66,168860,56,246760
32352,0.001691,74.125.200.0-255,5738,174598,56,246760
32353,0.00171,172.31.46.0-255,66,174664,56,246760
32354,0.001718,74.125.200.0-255,1484,176148,56,246760
32355,0.001782,172.31.46.0-255,66,176214,56,246760
32356,0.00182,74.125.200.0-255,1484,177698,56,246760
32357,0.001826,74.125.200.0-255,2902,180600,56,246760
32358,0.001841,172.31.46.0-255,66,180666,56,246760
32359,0.001848,74.125.200.0-255,5738,186404,56,246760
32360,0.001854,172.31.46.0-255,66,186470,56,246760
32361,0.001874,74.125.200.0-255,7156,193626,56,246760
32362,0.001885,74.125.200.0-255,4320,197946,56,246760
32363,0.001904,74.125.200.0-255,4320,202266,56,246760
32364,0.001909,74.125.200.0-255,2902,205168,56,246760
32365,0.001919,172.31.46.0-255,66,205234,56,246760
32366,0.001934,74.125.200.0-255,5020,210254,56,246760
32367,0.001942,172.31.46.0-255,66,210320,56,246760
32368,0.001989,74.125.200.0-255,1484,211804,56,246760
32369,0.001995,74.125.200.0-255,2902,214706,56,246760
32370,0.002007,172.31.46.0-255,66,214772,56,246760
32371,0.002011,74.125.200.0-255,2902,217674,56,246760
32372,0.002016,172.31.46.0-255,66,217740,56,246760
32373,0.00205,74.125.200.0-255,4320,222060,56,246760
32374,0.002054,74.125.200.0-255,1484,223544,56,246760
32375,0.002072,74.125.200.0-255,7156,230700,56,246760
32376,0.002076,74.125.200.0-255,2902,233602,56,246760
32377,0.002078,74.125.200.0-255,1484,235086,56,246760
32378,0.002086,172.31.46.0-255,66,235152,56,246760
32379,0.004161,74.125.200.0-255,5738,240890,56,246760
32380,0.004171,172.31.46.0-255,66,240956,56,246760
32381,0.006246,74.125.200.0-255,5738,246694,56,246760
32382,0.009936,172.31.46.0-255,66,246760,56,246760
32383,0.0,172.217.194.0-255,155,155,56,221965
32384,2.2e-05,172.31.46.0-255,66,221,56,221965
32385,3e-05,172.217.194.0-255,1484,1705,56,221965
32386,3.5e-05,172.31.46.0-255,66,1771,56,221965
32387,4.1e-05,172.217.194.0-255,2902,4673,56,221965
32388,4.4e-05,172.31.46.0-255,66,4739,56,221965
32389,5.1e-05,172.217.194.0-255,5738,10477,56,221965
32390,5.5e-05,172.31.46.0-255,66,10543,56,221965
32391,7.3e-05,172.217.194.0-255,1484,12027,56,221965
32392,7.6e-05,172.31.46.0-255,66,12093,56,221965
32393,0.0001,172.217.194.0-255,2091,14184,56,221965
32394,0.000102,172.31.46.0-255,66,14250,56,221965
32395,0.000202,172.217.194.0-255,1484,15734,56,221965
32396,0.000207,172.31.46.0-255,66,15800,56,221965
32397,0.000212,172.217.194.0-255,2902,18702,56,221965
32398,0.000214,172.31.46.0-255,66,18768,56,221965
32399,0.000221,172.217.194.0-255,4320,23088,56,221965
32400,0.000224,172.31.46.0-255,66,23154,56,221965
32401,0.000246,172.217.194.0-255,1484,24638,56,221965
32402,0.000248,172.31.46.0-255,66,24704,56,221965
32403,0.000263,172.31.46.0-255,66,24770,56,221965
32404,0.000295,172.217.194.0-255,5738,30508,56,221965
32405,0.000298,172.31.46.0-255,66,30574,56,221965
32406,0.000337,172.31.46.0-255,66,30640,56,221965
32407,0.000351,172.31.46.0-255,66,30706,56,221965
32408,0.000363,172.217.194.0-255,118,30824,56,221965
32409,0.000365,172.31.46.0-255,66,30890,56,221965
32410,0.000401,172.217.194.0-255,381,31271,56,221965
32411,0.000404,172.31.46.0-255,66,31337,56,221965
32412,0.000742,172.217.194.0-255,1484,32821,56,221965
32413,0.000747,172.217.194.0-255,2902,35723,56,221965
32414,0.000756,172.31.46.0-255,66,35789,56,221965
32415,0.000772,172.217.194.0-255,5738,41527,56,221965
32416,0.000774,172.31.46.0-255,66,41593,56,221965
32417,0.000777,172.217.194.0-255,1484,43077,56,221965
32418,0.000811,172.31.46.0-255,66,43143,56,221965
32419,0.000825,172.31.46.0-255,66,43209,56,221965
32420,0.000934,172.217.194.0-255,1484,44693,56,221965
32421,0.00094,172.217.194.0-255,2902,47595,56,221965
32422,0.000943,172.31.46.0-255,66,47661,56,221965
32423,0.000977,172.217.194.0-255,5738,53399,56,221965
32424,0.00098,172.31.46.0-255,66,53465,56,221965
32425,0.001001,172.217.194.0-255,4320,57785,56,221965
32426,0.001004,172.31.46.0-255,66,57851,56,221965
32427,0.001032,172.31.46.0-255,66,57917,56,221965
32428,0.001044,172.31.46.0-255,66,57983,56,221965
32429,0.001067,172.217.194.0-255,1484,59467,56,221965
32430,0.001072,172.217.194.0-255,2902,62369,56,221965
32431,0.001074,172.31.46.0-255,66,62435,56,221965
32432,0.001081,172.217.194.0-255,5738,68173,56,221965
32433,0.001083,172.31.46.0-255,66,68239,56,221965
32434,0.001086,172.217.194.0-255,1484,69723,56,221965
32435,0.00113,172.31.46.0-255,66,69789,56,221965
32436,0.001143,172.31.46.0-255,66,69855,56,221965
32437,0.001271,172.217.194.0-255,1484,71339,56,221965
32438,0.001277,172.217.194.0-255,2902,74241,56,221965
32439,0.00128,172.31.46.0-255,66,74307,56,221965
32440,0.001286,172.217.194.0-255,5738,80045,56,221965
32441,0.001289,172.31.46.0-255,66,80111,56,221965
32442,0.001315,172.31.46.0-255,66,80177,56,221965
32443,0.001327,172.217.194.0-255,1484,81661,56,221965
32444,0.001341,172.31.46.0-255,66,81727,56,221965
32445,0.001373,172.217.194.0-255,7156,88883,56,221965
32446,0.001377,172.31.46.0-255,66,88949,56,221965
32447,0.001396,172.217.194.0-255,4320,93269,56,221965
32448,0.001399,172.217.194.0-255,1484,94753,56,221965
32449,0.001402,172.31.46.0-255,66,94819,56,221965
32450,0.001419,172.217.194.0-255,5738,100557,56,221965
32451,0.001422,172.31.46.0-255,66,100623,56,221965
32452,0.00145,172.217.194.0-255,7156,107779,56,221965
32453,0.001453,172.31.46.0-255,66,107845,56,221965
32454,0.001464,172.31.46.0-255,66,107911,56,221965
32455,0.001788,172.217.194.0-255,1484,109395,56,221965
32456,0.001793,172.217.194.0-255,2902,112297,56,221965
32457,0.001796,172.31.46.0-255,66,112363,56,221965
32458,0.00182,172.217.194.0-255,5738,118101,56,221965
32459,0.001822,172.31.46.0-255,66,118167,56,221965
32460,0.001855,172.217.194.0-255,5738,123905,56,221965
32461,0.001857,172.31.46.0-255,66,123971,56,221965
32462,0.00188,172.217.194.0-255,7156,131127,56,221965
32463,0.001882,172.31.46.0-255,66,131193,56,221965
32464,0.001893,172.31.46.0-255,66,131259,56,221965
32465,0.001897,172.217.194.0-255,4320,135579,56,221965
32466,0.001899,172.31.46.0-255,66,135645,56,221965
32467,0.001932,172.217.194.0-255,7156,142801,56,221965
32468,0.001935,172.31.46.0-255,66,142867,56,221965
32469,0.001947,172.31.46.0-255,66,142933,56,221965
32470,0.001977,172.217.194.0-255,4320,147253,56,221965
32471,0.00198,172.31.46.0-255,66,147319,56,221965
32472,0.002002,172.217.194.0-255,6438,153757,56,221965
32473,0.002004,172.31.46.0-255,66,153823,56,221965
32474,0.002353,172.217.194.0-255,1484,155307,56,221965
32475,0.002356,172.217.194.0-255,1484,156791,56,221965
32476,0.002359,172.31.46.0-255,66,156857,56,221965
32477,0.002364,172.217.194.0-255,2902,159759,56,221965
32478,0.002366,172.31.46.0-255,66,159825,56,221965
32479,0.002378,172.217.194.0-255,1484,161309,56,221965
32480,0.002384,172.217.194.0-255,5738,167047,56,221965
32481,0.002386,172.31.46.0-255,66,167113,56,221965
32482,0.002407,172.217.194.0-255,2902,170015,56,221965
32483,0.002409,172.217.194.0-255,766,170781,56,221965
32484,0.002411,172.31.46.0-255,66,170847,56,221965
32485,0.002418,172.31.46.0-255,78,170925,56,221965
32486,0.002425,172.217.194.0-255,7156,178081,56,221965
32487,0.002427,172.31.46.0-255,78,178159,56,221965
32488,0.002464,172.31.46.0-255,66,178225,56,221965
32489,0.002467,172.217.194.0-255,1484,179709,56,221965
32490,0.002492,172.31.46.0-255,66,179775,56,221965
32491,0.002514,172.217.194.0-255,4320,184095,56,221965
32492,0.002516,172.31.46.0-255,66,184161,56,221965
32493,0.002521,172.217.194.0-255,5738,189899,56,221965
32494,0.002523,172.31.46.0-255,66,189965,56,221965
32495,0.002541,172.217.194.0-255,7156,197121,56,221965
32496,0.002543,172.31.46.0-255,66,197187,56,221965
32497,0.002561,172.217.194.0-255,2902,200089,56,221965
32498,0.002564,172.31.46.0-255,66,200155,56,221965
32499,0.002574,172.31.46.0-255,66,200221,56,221965
32500,0.00258,172.217.194.0-255,7156,207377,56,221965
32501,0.002582,172.31.46.0-255,66,207443,56,221965
32502,0.002585,172.217.194.0-255,1484,208927,56,221965
32503,0.002625,172.217.194.0-255,1484,210411,56,221965
32504,0.002629,172.217.194.0-255,4320,214731,56,221965
32505,0.002635,172.217.194.0-255,6756,221487,56,221965
32506,0.002637,172.217.194.0-255,97,221584,56,221965
32507,0.002641,172.31.46.0-255,66,221650,56,221965
32508,0.002643,172.31.46.0-255,78,221728,56,221965
32509,0.002646,172.31.46.0-255,66,221794,56,221965
32510,0.002648,172.31.46.0-255,66,221860,56,221965
32511,0.002655,172.217.194.0-255,105,221965,56,221965
32512,0.0,74.125.24.0-255,153,153,56,108654
32513,2e-05,172.31.46.0-255,66,219,56,108654
32514,2.7e-05,74.125.24.0-255,1484,1703,56,108654
32515,3.2e-05,172.31.46.0-255,66,1769,56,108654
32516,3.9e-05,74.125.24.0-255,2902,4671,56,108654
32517,5e-05,172.31.46.0-255,66,4737,56,108654
32518,5.9e-05,74.125.24.0-255,7156,11893,56,108654
32519,6.2e-05,172.31.46.0-255,66,11959,56,108654
32520,6.6e-05,74.125.24.0-255,1901,13860,56,108654
32521,6.9e-05,172.31.46.0-255,66,13926,56,108654
32522,0.000101,74.125.24.0-255,2902,16828,56,108654
32523,0.000105,172.31.46.0-255,66,16894,56,108654
32524,0.000108,74.125.24.0-255,1484,18378,56,108654
32525,0.00011,172.31.46.0-255,66,18444,56,108654
32526,0.000146,74.125.24.0-255,4320,22764,56,108654
32527,0.000149,172.31.46.0-255,66,22830,56,108654
32528,0.000203,74.125.24.0-255,1484,24314,56,108654
32529,0.000206,172.31.46.0-255,66,24380,56,108654
32530,0.00024,74.125.24.0-255,6797,31177,56,108654
32531,0.000243,172.31.46.0-255,66,31243,56,108654
32532,0.000622,74.125.24.0-255,1484,32727,56,108654
32533,0.000628,172.31.46.0-255,66,32793,56,108654
32534,0.000635,74.125.24.0-255,2902,35695,56,108654
32535,0.000637,172.31.46.0-255,66,35761,56,108654
32536,0.00065,74.125.24.0-255,5738,41499,56,108654
32537,0.000653,172.31.46.0-255,66,41565,56,108654
32538,0.000711,172.31.46.0-255,66,41631,56,108654
32539,0.000715,74.125.24.0-255,1484,43115,56,108654
32540,0.000717,172.31.46.0-255,66,43181,56,108654
32541,0.000755,172.31.46.0-255,66,43247,56,108654
32542,0.000782,74.125.24.0-255,1439,44686,56,108654
32543,0.001281,172.31.46.0-255,66,44752,56,108654
32544,0.001335,74.125.24.0-255,108,44860,56,108654
32545,0.00138,172.31.46.0-255,66,44926,56,108654
32546,0.001833,74.125.24.0-255,1484,46410,56,108654
32547,0.001845,74.125.24.0-255,2902,49312,56,108654
32548,0.001849,172.31.46.0-255,66,49378,56,108654
32549,0.001854,74.125.24.0-255,1484,50862,56,108654
32550,0.001879,74.125.24.0-255,4320,55182,56,108654
32551,0.001881,172.31.46.0-255,66,55248,56,108654
32552,0.001894,172.31.46.0-255,66,55314,56,108654
32553,0.001919,74.125.24.0-255,1484,56798,56,108654
32554,0.001966,74.125.24.0-255,5738,62536,56,108654
32555,0.00197,172.31.46.0-255,66,62602,56,108654
32556,0.001997,74.125.24.0-255,5020,67622,56,108654
32557,0.002,172.31.46.0-255,66,67688,56,108654
32558,0.002243,74.125.24.0-255,1484,69172,56,108654
32559,0.002252,74.125.24.0-255,2902,72074,56,108654
32560,0.002256,172.31.46.0-255,66,72140,56,108654
32561,0.002289,74.125.24.0-255,4320,76460,56,108654
32562,0.002292,172.31.46.0-255,66,76526,56,108654
32563,0.002299,74.125.24.0-255,5738,82264,56,108654
32564,0.002301,172.31.46.0-255,66,82330,56,108654
32565,0.002326,74.125.24.0-255,2902,85232,56,108654
32566,0.002328,172.31.46.0-255,66,85298,56,108654
32567,0.002342,172.31.46.0-255,66,85364,56,108654
32568,0.002372,74.125.24.0-255,2902,88266,56,108654
32569,0.002374,172.31.46.0-255,66,88332,56,108654
32570,0.002403,74.125.24.0-255,2448,90780,56,108654
32571,0.002405,172.31.46.0-255,66,90846,56,108654
32572,0.004716,74.125.24.0-255,2902,93748,56,108654
32573,0.004724,172.31.46.0-255,66,93814,56,108654
32574,0.004754,74.125.24.0-255,2902,96716,56,108654
32575,0.004757,172.31.46.0-255,66,96782,56,108654
32576,0.007068,74.125.24.0-255,2902,99684,56,108654
32577,0.007077,172.31.46.0-255,66,99750,56,108654
32578,0.007106,74.125.24.0-255,2902,102652,56,108654
32579,0.00711,172.31.46.0-255,66,102718,56,108654
32580,0.009394,74.125.24.0-255,2902,105620,56,108654
32581,0.009406,172.31.46.0-255,66,105686,56,108654
32582,0.009439,74.125.24.0-255,2902,108588,56,108654
32583,0.009443,172.31.46.0-255,66,108654,56,108654
32584,0.0,172.217.194.0-255,153,153,56,256768
32585,2.3e-05,172.31.46.0-255,66,219,56,256768
32586,3e-05,172.217.194.0-255,1484,1703,56,256768
32587,3.4e-05,172.31.46.0-255,66,1769,56,256768
32588,4e-05,172.217.194.0-255,2902,4671,56,256768
32589,4.2e-05,172.31.46.0-255,66,4737,56,256768
32590,4.6e-05,172.217.194.0-255,1484,6221,56,256768
32591,4.9e-05,172.31.46.0-255,66,6287,56,256768
32592,5.8e-05,172.217.194.0-255,7156,13443,56,256768
32593,6.1e-05,172.31.46.0-255,66,13509,56,256768
32594,8.1e-05,172.217.194.0-255,2091,15600,56,256768
32595,8.4e-05,172.31.46.0-255,66,15666,56,256768
32596,8.8e-05,172.217.194.0-255,2902,18568,56,256768
32597,9.1e-05,172.31.46.0-255,66,18634,56,256768
32598,0.000122,172.31.46.0-255,66,18700,56,256768
32599,0.000164,172.217.194.0-255,1484,20184,56,256768
32600,0.000167,172.31.46.0-255,66,20250,56,256768
32601,0.00017,172.217.194.0-255,1484,21734,56,256768
32602,0.000172,172.31.46.0-255,66,21800,56,256768
32603,0.000188,172.217.194.0-255,1484,23284,56,256768
32604,0.00019,172.31.46.0-255,66,23350,56,256768
32605,0.000197,172.217.194.0-255,5738,29088,56,256768
32606,0.000199,172.31.46.0-255,66,29154,56,256768
32607,0.000217,172.217.194.0-255,5738,34892,56,256768
32608,0.000219,172.31.46.0-255,66,34958,56,256768
32609,0.000258,172.31.46.0-255,66,35024,56,256768
32610,0.000269,172.31.46.0-255,66,35090,56,256768
32611,0.000272,172.217.194.0-255,120,35210,56,256768
32612,0.000274,172.31.46.0-255,66,35276,56,256768
32613,0.000302,172.217.194.0-255,1484,36760,56,256768
32614,0.000308,172.217.194.0-255,2902,39662,56,256768
32615,0.00031,172.31.46.0-255,66,39728,56,256768
32616,0.000334,172.217.194.0-255,7156,46884,56,256768
32617,0.000337,172.31.46.0-255,66,46950,56,256768
32618,0.00034,172.217.194.0-255,1484,48434,56,256768
32619,0.000379,172.217.194.0-255,3695,52129,56,256768
32620,0.000383,172.31.46.0-255,66,52195,56,256768
32621,0.000422,172.217.194.0-255,4320,56515,56,256768
32622,0.000425,172.31.46.0-255,66,56581,56,256768
32623,0.000432,172.217.194.0-255,7156,63737,56,256768
32624,0.000435,172.31.46.0-255,66,63803,56,256768
32625,0.000446,172.217.194.0-255,1484,65287,56,256768
32626,0.000481,172.217.194.0-255,3961,69248,56,256768
32627,0.000483,172.31.46.0-255,66,69314,56,256768
32628,0.000672,172.217.194.0-255,1484,70798,56,256768
32629,0.000679,172.217.194.0-255,2902,73700,56,256768
32630,0.000683,172.31.46.0-255,66,73766,56,256768
32631,0.000721,172.217.194.0-255,4320,78086,56,256768
32632,0.000724,172.31.46.0-255,66,78152,56,256768
32633,0.000734,172.31.46.0-255,66,78218,56,256768
32634,0.00074,172.217.194.0-255,4320,82538,56,256768
32635,0.000742,172.31.46.0-255,66,82604,56,256768
32636,0.00076,172.217.194.0-255,2902,85506,56,256768
32637,0.000763,172.31.46.0-255,66,85572,56,256768
32638,0.00082,172.217.194.0-255,5738,91310,56,256768
32639,0.000824,172.31.46.0-255,66,91376,56,256768
32640,0.000844,172.217.194.0-255,3602,94978,56,256768
32641,0.000846,172.31.46.0-255,66,95044,56,256768
32642,0.001079,172.217.194.0-255,1484,96528,56,256768
32643,0.001085,172.217.194.0-255,2902,99430,56,256768
32644,0.001088,172.31.46.0-255,66,99496,56,256768
32645,0.001115,172.217.194.0-255,5738,105234,56,256768
32646,0.00112,172.31.46.0-255,66,105300,56,256768
32647,0.001147,172.31.46.0-255,66,105366,56,256768
32648,0.001169,172.217.194.0-255,2902,108268,56,256768
32649,0.001172,172.31.46.0-255,66,108334,56,256768
32650,0.001185,172.31.46.0-255,66,108400,56,256768
32651,0.001212,172.217.194.0-255,1484,109884,56,256768
32652,0.001217,172.217.194.0-255,2902,112786,56,256768
32653,0.001219,172.31.46.0-255,66,112852,56,256768
32654,0.001226,172.217.194.0-255,5738,118590,56,256768
32655,0.001229,172.31.46.0-255,66,118656,56,256768
32656,0.001232,172.217.194.0-255,1484,120140,56,256768
32657,0.001253,172.31.46.0-255,66,120206,56,256768
32658,0.001271,172.217.194.0-255,2902,123108,56,256768
32659,0.001273,172.31.46.0-255,66,123174,56,256768
32660,0.001284,172.31.46.0-255,66,123240,56,256768
32661,0.001323,172.31.46.0-255,66,123306,56,256768
32662,0.001355,172.31.46.0-255,66,123372,56,256768
32663,0.001369,172.31.46.0-255,66,123438,56,256768
32664,0.001374,172.217.194.0-255,4320,127758,56,256768
32665,0.001376,172.31.46.0-255,66,127824,56,256768
32666,0.001413,172.31.46.0-255,66,127890,56,256768
32667,0.001527,172.217.194.0-255,1484,129374,56,256768
32668,0.001533,172.217.194.0-255,2902,132276,56,256768
32669,0.001536,172.31.46.0-255,66,132342,56,256768
32670,0.001557,172.217.194.0-255,4320,136662,56,256768
32671,0.00156,172.31.46.0-255,66,136728,56,256768
32672,0.001579,172.217.194.0-255,1484,138212,56,256768
32673,0.001584,172.217.194.0-255,2902,141114,56,256768
32674,0.001586,172.31.46.0-255,66,141180,56,256768
32675,0.001592,172.217.194.0-255,3961,145141,56,256768
32676,0.001594,172.31.46.0-255,66,145207,56,256768
32677,0.001641,172.217.194.0-255,4320,149527,56,256768
32678,0.001645,172.31.46.0-255,66,149593,56,256768
32679,0.001663,172.217.194.0-255,2902,152495,56,256768
32680,0.001666,172.31.46.0-255,66,152561,56,256768
32681,0.001678,172.31.46.0-255,66,152627,56,256768
32682,0.00168,172.217.194.0-255,1125,153752,56,256768
32683,0.001824,172.217.194.0-255,1484,155236,56,256768
32684,0.001827,172.31.46.0-255,66,155302,56,256768
32685,0.001832,172.217.194.0-255,2902,158204,56,256768
32686,0.001835,172.31.46.0-255,66,158270,56,256768
32687,0.001859,172.217.194.0-255,5738,164008,56,256768
32688,0.001864,172.31.46.0-255,66,164074,56,256768
32689,0.001876,172.217.194.0-255,6797,170871,56,256768
32690,0.001878,172.31.46.0-255,66,170937,56,256768
32691,0.001998,172.217.194.0-255,1484,172421,56,256768
32692,0.002005,172.217.194.0-255,2902,175323,56,256768
32693,0.002007,172.31.46.0-255,66,175389,56,256768
32694,0.002011,172.217.194.0-255,1484,176873,56,256768
32695,0.002027,172.217.194.0-255,4320,181193,56,256768
32696,0.002029,172.31.46.0-255,66,181259,56,256768
32697,0.002035,172.217.194.0-255,4320,185579,56,256768
32698,0.002047,172.31.46.0-255,66,185645,56,256768
32699,0.002053,172.217.194.0-255,5738,191383,56,256768
32700,0.002056,172.31.46.0-255,66,191449,56,256768
32701,0.002062,172.217.194.0-255,4320,195769,56,256768
32702,0.002064,172.31.46.0-255,66,195835,56,256768
32703,0.002089,172.217.194.0-255,7156,202991,56,256768
32704,0.002092,172.31.46.0-255,66,203057,56,256768
32705,0.002097,172.217.194.0-255,2184,205241,56,256768
32706,0.002099,172.31.46.0-255,66,205307,56,256768
32707,0.002104,172.217.194.0-255,2902,208209,56,256768
32708,0.002106,172.31.46.0-255,66,208275,56,256768
32709,0.002111,172.217.194.0-255,2902,211177,56,256768
32710,0.002113,172.31.46.0-255,66,211243,56,256768
32711,0.002139,172.217.194.0-255,4320,215563,56,256768
32712,0.002142,172.31.46.0-255,66,215629,56,256768
32713,0.002163,172.217.194.0-255,6797,222426,56,256768
32714,0.002166,172.31.46.0-255,66,222492,56,256768
32715,0.002192,172.217.194.0-255,1484,223976,56,256768
32716,0.002215,172.217.194.0-255,2902,226878,56,256768
32717,0.002217,172.31.46.0-255,66,226944,56,256768
32718,0.002221,172.217.194.0-255,1484,228428,56,256768
32719,0.00224,172.217.194.0-255,4320,232748,56,256768
32720,0.002243,172.31.46.0-255,66,232814,56,256768
32721,0.002258,172.31.46.0-255,66,232880,56,256768
32722,0.002284,172.217.194.0-255,2902,235782,56,256768
32723,0.002286,172.31.46.0-255,66,235848,56,256768
32724,0.002318,172.31.46.0-255,66,235914,56,256768
32725,0.002357,172.217.194.0-255,1484,237398,56,256768
32726,0.002362,172.217.194.0-255,1484,238882,56,256768
32727,0.002365,172.31.46.0-255,66,238948,56,256768
32728,0.002385,172.217.194.0-255,1484,240432,56,256768
32729,0.002392,172.217.194.0-255,5738,246170,56,256768
32730,0.002395,172.31.46.0-255,66,246236,56,256768
32731,0.002398,172.217.194.0-255,1484,247720,56,256768
32732,0.002413,172.217.194.0-255,1484,249204,56,256768
32733,0.002415,172.31.46.0-255,66,249270,56,256768
32734,0.002445,172.31.46.0-255,66,249336,56,256768
32735,0.002451,172.217.194.0-255,4320,253656,56,256768
32736,0.002453,172.31.46.0-255,66,253722,56,256768
32737,0.002465,172.217.194.0-255,2607,256329,56,256768
32738,0.002467,172.31.46.0-255,66,256395,56,256768
32739,0.00247,172.217.194.0-255,97,256492,56,256768
32740,0.002506,172.217.194.0-255,105,256597,56,256768
32741,0.009894,172.31.46.0-255,66,256663,56,256768
32742,0.009942,172.31.46.0-255,105,256768,56,256768
32743,0.0,74.125.130.0-255,156,156,56,221563
32744,2.4e-05,172.31.46.0-255,66,222,56,221563
32745,3.2e-05,74.125.130.0-255,1484,1706,56,221563
32746,3.8e-05,172.31.46.0-255,66,1772,56,221563
32747,4.9e-05,74.125.130.0-255,1484,3256,56,221563
32748,5.3e-05,172.31.46.0-255,66,3322,56,221563
32749,5.9e-05,74.125.130.0-255,2902,6224,56,221563
32750,6.3e-05,172.31.46.0-255,66,6290,56,221563
32751,0.000102,74.125.130.0-255,5738,12028,56,221563
32752,0.000106,172.31.46.0-255,66,12094,56,221563
32753,0.000126,74.125.130.0-255,4320,16414,56,221563
32754,0.000129,172.31.46.0-255,66,16480,56,221563
32755,0.000153,74.125.130.0-255,2032,18512,56,221563
32756,0.000156,172.31.46.0-255,66,18578,56,221563
32757,0.000164,74.125.130.0-255,7156,25734,56,221563
32758,0.000166,172.31.46.0-255,66,25800,56,221563
32759,0.000175,74.125.130.0-255,2902,28702,56,221563
32760,0.000177,172.31.46.0-255,66,28768,56,221563
32761,0.000207,74.125.130.0-255,2543,31311,56,221563
32762,0.00021,172.31.46.0-255,66,31377,56,221563
32763,0.000371,74.125.130.0-255,1484,32861,56,221563
32764,0.000375,172.31.46.0-255,66,32927,56,221563
32765,0.000403,74.125.130.0-255,2902,35829,56,221563
32766,0.000406,172.31.46.0-255,66,35895,56,221563
32767,0.000432,74.125.130.0-255,5738,41633,56,221563
32768,0.000434,172.31.46.0-255,66,41699,56,221563
32769,0.000461,74.125.130.0-255,6797,48496,56,221563
32770,0.000464,172.31.46.0-255,66,48562,56,221563
32771,0.000485,74.125.130.0-255,1484,50046,56,221563
32772,0.000487,172.31.46.0-255,66,50112,56,221563
32773,0.00051,74.125.130.0-255,2902,53014,56,221563
32774,0.000512,172.31.46.0-255,66,53080,56,221563
32775,0.000537,74.125.130.0-255,5738,58818,56,221563
32776,0.000573,74.125.130.0-255,7046,65864,56,221563
32777,0.000601,172.31.46.0-255,66,65930,56,221563
32778,0.000636,74.125.130.0-255,117,66047,56,221563
32779,0.000875,74.125.130.0-255,1484,67531,56,221563
32780,0.000888,74.125.130.0-255,1484,69015,56,221563
32781,0.000895,172.31.46.0-255,66,69081,56,221563
32782,0.000903,74.125.130.0-255,1484,70565,56,221563
32783,0.000919,74.125.130.0-255,1484,72049,56,221563
32784,0.000927,172.31.46.0-255,66,72115,56,221563
32785,0.000947,74.125.130.0-255,4320,76435,56,221563
32786,0.000949,172.31.46.0-255,66,76501,56,221563
32787,0.000952,74.125.130.0-255,1484,77985,56,221563
32788,0.000955,74.125.130.0-255,1484,79469,56,221563
32789,0.000971,74.125.130.0-255,1484,80953,56,221563
32790,0.000976,172.31.46.0-255,66,81019,56,221563
32791,0.000983,74.125.130.0-255,1484,82503,56,221563
32792,0.001003,74.125.130.0-255,4320,86823,56,221563
32793,0.001012,172.31.46.0-255,66,86889,56,221563
32794,0.00103,74.125.130.0-255,7156,94045,56,221563
32795,0.001032,74.125.130.0-255,1484,95529,56,221563
32796,0.001052,74.125.130.0-255,2902,98431,56,221563
32797,0.001056,172.31.46.0-255,66,98497,56,221563
32798,0.001091,74.125.130.0-255,2184,100681,56,221563
32799,0.001107,172.31.46.0-255,66,100747,56,221563
32800,0.001221,74.125.130.0-255,1484,102231,56,221563
32801,0.001238,74.125.130.0-255,2902,105133,56,221563
32802,0.001255,74.125.130.0-255,4320,109453,56,221563
32803,0.001288,74.125.130.0-255,1484,110937,56,221563
32804,0.001307,74.125.130.0-255,7156,118093,56,221563
32805,0.001311,74.125.130.0-255,2902,120995,56,221563
32806,0.00136,74.125.130.0-255,766,121761,56,221563
32807,0.001363,74.125.130.0-255,1484,123245,56,221563
32808,0.001373,74.125.130.0-255,1484,124729,56,221563
32809,0.001385,74.125.130.0-255,2902,127631,56,221563
32810,0.001398,74.125.130.0-255,5738,133369,56,221563
32811,0.001419,74.125.130.0-255,2902,136271,56,221563
32812,0.001436,74.125.130.0-255,4320,140591,56,221563
32813,0.001441,74.125.130.0-255,4320,144911,56,221563
32814,0.001473,74.125.130.0-255,5738,150649,56,221563
32815,0.001501,74.125.130.0-255,2902,153551,56,221563
32816,0.001542,74.125.130.0-255,2504,156055,56,221563
32817,0.001926,74.125.130.0-255,1484,157539,56,221563
32818,0.001943,74.125.130.0-255,1484,159023,56,221563
32819,0.001955,74.125.130.0-255,1484,160507,56,221563
32820,0.001966,74.125.130.0-255,1484,161991,56,221563
32821,0.001992,74.125.130.0-255,1484,163475,56,221563
32822,0.00201,74.125.130.0-255,4320,167795,56,221563
32823,0.002026,74.125.130.0-255,4320,172115,56,221563
32824,0.002037,74.125.130.0-255,2902,175017,56,221563
32825,0.002058,74.125.130.0-255,1484,176501,56,221563
32826,0.00207,74.125.130.0-255,2902,179403,56,221563
32827,0.00211,74.125.130.0-255,2184,181587,56,221563
32828,0.002182,74.125.130.0-255,1484,183071,56,221563
32829,0.0022,74.125.130.0-255,2902,185973,56,221563
32830,0.002223,74.125.130.0-255,2902,188875,56,221563
32831,0.002239,74.125.130.0-255,2902,191777,56,221563
32832,0.002242,74.125.130.0-255,1484,193261,56,221563
32833,0.002261,74.125.130.0-255,4320,197581,56,221563
32834,0.002293,74.125.130.0-255,2902,200483,56,221563
32835,0.002316,74.125.130.0-255,4320,204803,56,221563
32836,0.002321,74.125.130.0-255,4320,209123,56,221563
32837,0.002324,74.125.130.0-255,1484,210607,56,221563
32838,0.002338,74.125.130.0-255,4320,214927,56,221563
32839,0.00234,74.125.130.0-255,766,215693,56,221563
32840,0.00702,172.31.46.0-255,66,215759,56,221563
32841,0.009385,74.125.130.0-255,5738,221497,56,221563
32842,0.009398,172.31.46.0-255,66,221563,56,221563
32843,0.0,74.125.68.0-255,290,290,56,305270
32844,1.6e-05,172.31.46.0-255,66,356,56,305270
32845,2.2e-05,74.125.68.0-255,1484,1840,56,305270
32846,2.5e-05,172.31.46.0-255,66,1906,56,305270
32847,3.1e-05,74.125.68.0-255,2902,4808,56,305270
32848,3.4e-05,172.31.46.0-255,66,4874,56,305270
32849,3.9e-05,74.125.68.0-255,2902,7776,56,305270
32850,4.1e-05,172.31.46.0-255,66,7842,56,305270
32851,6.1e-05,74.125.68.0-255,2902,10744,56,305270
32852,6.3e-05,172.31.46.0-255,66,10810,56,305270
32853,7e-05,74.125.68.0-255,4738,15548,56,305270
32854,7.3e-05,172.31.46.0-255,66,15614,56,305270
32855,8.8e-05,74.125.68.0-255,5738,21352,56,305270
32856,9.1e-05,172.31.46.0-255,66,21418,56,305270
32857,0.000123,74.125.68.0-255,2902,24320,56,305270
32858,0.000125,172.31.46.0-255,66,24386,56,305270
32859,0.000141,74.125.68.0-255,6797,31183,56,305270
32860,0.000143,172.31.46.0-255,66,31249,56,305270
32861,0.000196,74.125.68.0-255,1484,32733,56,305270
32862,0.000198,172.31.46.0-255,66,32799,56,305270
32863,0.000203,74.125.68.0-255,2902,35701,56,305270
32864,0.000205,172.31.46.0-255,66,35767,56,305270
32865,0.000207,74.125.68.0-255,1484,37251,56,305270
32866,0.000209,172.31.46.0-255,66,37317,56,305270
32867,0.00022,74.125.68.0-255,1484,38801,56,305270
32868,0.000222,172.31.46.0-255,66,38867,56,305270
32869,0.000235,74.125.68.0-255,1484,40351,56,305270
32870,0.000237,172.31.46.0-255,66,40417,56,305270
32871,0.000243,74.125.68.0-255,5738,46155,56,305270
32872,0.000245,172.31.46.0-255,66,46221,56,305270
32873,0.000265,74.125.68.0-255,1484,47705,56,305270
32874,0.000267,172.31.46.0-255,66,47771,56,305270
32875,0.000289,74.125.68.0-255,4320,52091,56,305270
32876,0.000291,172.31.46.0-255,66,52157,56,305270
32877,0.000297,74.125.68.0-255,7156,59313,56,305270
32878,0.000299,172.31.46.0-255,66,59379,56,305270
32879,0.000331,74.125.68.0-255,4320,63699,56,305270
32880,0.000333,172.31.46.0-255,66,63765,56,305270
32881,0.00037,74.125.68.0-255,1484,65249,56,305270
32882,0.000408,74.125.68.0-255,1101,66350,56,305270
32883,0.00041,172.31.46.0-255,66,66416,56,305270
32884,0.000435,74.125.68.0-255,110,66526,56,305270
32885,0.000495,74.125.68.0-255,1484,68010,56,305270
32886,0.000499,172.31.46.0-255,66,68076,56,305270
32887,0.000518,74.125.68.0-255,2902,70978,56,305270
32888,0.000521,172.31.46.0-255,66,71044,56,305270
32889,0.000525,74.125.68.0-255,2902,73946,56,305270
32890,0.000527,172.31.46.0-255,66,74012,56,305270
32891,0.00053,74.125.68.0-255,1484,75496,56,305270
32892,0.00055,74.125.68.0-255,2902,78398,56,305270
32893,0.000552,172.31.46.0-255,66,78464,56,305270
32894,0.000558,74.125.68.0-255,5738,84202,56,305270
32895,0.000559,172.31.46.0-255,66,84268,56,305270
32896,0.000572,74.125.68.0-255,2902,87170,56,305270
32897,0.000574,172.31.46.0-255,66,87236,56,305270
32898,0.00058,74.125.68.0-255,5738,92974,56,305270
32899,0.000582,172.31.46.0-255,66,93040,56,305270
32900,0.000585,74.125.68.0-255,1484,94524,56,305270
32901,0.000602,74.125.68.0-255,5738,100262,56,305270
32902,0.000605,172.31.46.0-255,66,100328,56,305270
32903,0.000607,74.125.68.0-255,766,101094,56,305270
32904,0.001243,172.31.46.0-255,66,101160,56,305270
32905,0.001447,74.125.68.0-255,1484,102644,56,305270
32906,0.001455,74.125.68.0-255,2902,105546,56,305270
32907,0.001459,172.31.46.0-255,66,105612,56,305270
32908,0.001478,74.125.68.0-255,4320,109932,56,305270
32909,0.00148,172.31.46.0-255,66,109998,56,305270
32910,0.001492,74.125.68.0-255,1484,111482,56,305270
32911,0.001507,74.125.68.0-255,5738,117220,56,305270
32912,0.001509,172.31.46.0-255,66,117286,56,305270
32913,0.001526,74.125.68.0-255,1484,118770,56,305270
32914,0.001543,74.125.68.0-255,4320,123090,56,305270
32915,0.001545,172.31.46.0-255,66,123156,56,305270
32916,0.00156,74.125.68.0-255,2902,126058,56,305270
32917,0.001562,172.31.46.0-255,66,126124,56,305270
32918,0.001583,172.31.46.0-255,66,126190,56,305270
32919,0.001586,74.125.68.0-255,766,126956,56,305270
32920,0.001674,74.125.68.0-255,1484,128440,56,305270
32921,0.001677,172.31.46.0-255,66,128506,56,305270
32922,0.001696,74.125.68.0-255,2902,131408,56,305270
32923,0.001698,172.31.46.0-255,66,131474,56,305270
32924,0.001715,74.125.68.0-255,2902,134376,56,305270
32925,0.001717,172.31.46.0-255,66,134442,56,305270
32926,0.001727,74.125.68.0-255,2902,137344,56,305270
32927,0.001729,172.31.46.0-255,66,137410,56,305270
32928,0.001733,74.125.68.0-255,2902,140312,56,305270
32929,0.001735,172.31.46.0-255,66,140378,56,305270
32930,0.001758,74.125.68.0-255,4320,144698,56,305270
32931,0.00176,172.31.46.0-255,66,144764,56,305270
32932,0.001791,74.125.68.0-255,7156,151920,56,305270
32933,0.001794,172.31.46.0-255,66,151986,56,305270
32934,0.001814,74.125.68.0-255,7156,159142,56,305270
32935,0.001816,172.31.46.0-255,66,159208,56,305270
32936,0.001832,74.125.68.0-255,1484,160692,56,305270
32937,0.001836,74.125.68.0-255,2184,162876,56,305270
32938,0.001838,172.31.46.0-255,66,162942,56,305270
32939,0.001841,74.125.68.0-255,1484,164426,56,305270
32940,0.001855,74.125.68.0-255,1484,165910,56,305270
32941,0.001857,172.31.46.0-255,66,165976,56,305270
32942,0.00187,74.125.68.0-255,4320,170296,56,305270
32943,0.001872,172.31.46.0-255,66,170362,56,305270
32944,0.001892,74.125.68.0-255,2902,173264,56,305270
32945,0.001893,172.31.46.0-255,66,173330,56,305270
32946,0.001898,74.125.68.0-255,4320,177650,56,305270
32947,0.0019,172.31.46.0-255,66,177716,56,305270
32948,0.001905,74.125.68.0-255,4320,182036,56,305270
32949,0.001907,172.31.46.0-255,66,182102,56,305270
32950,0.001918,74.125.68.0-255,1484,183586,56,305270
32951,0.00193,74.125.68.0-255,2902,186488,56,305270
32952,0.001932,172.31.46.0-255,66,186554,56,305270
32953,0.001945,74.125.68.0-255,4320,190874,56,305270
32954,0.001947,172.31.46.0-255,66,190940,56,305270
32955,0.001992,74.125.68.0-255,5020,195960,56,305270
32956,0.001995,172.31.46.0-255,66,196026,56,305270
32957,0.002025,74.125.68.0-255,5738,201764,56,305270
32958,0.002028,172.31.46.0-255,66,201830,56,305270
32959,0.002032,74.125.68.0-255,2902,204732,56,305270
32960,0.002034,172.31.46.0-255,66,204798,56,305270
32961,0.00206,74.125.68.0-255,4320,209118,56,305270
32962,0.002063,172.31.46.0-255,66,209184,56,305270
32963,0.00211,74.125.68.0-255,4320,213504,56,305270
32964,0.002113,172.31.46.0-255,66,213570,56,305270
32965,0.002129,74.125.68.0-255,2902,216472,56,305270
32966,0.002132,172.31.46.0-255,66,216538,56,305270
32967,0.002151,74.125.68.0-255,2902,219440,56,305270
32968,0.002153,172.31.46.0-255,66,219506,56,305270
32969,0.002182,74.125.68.0-255,7156,226662,56,305270
32970,0.002185,172.31.46.0-255,66,226728,56,305270
32971,0.002198,74.125.68.0-255,1484,228212,56,305270
32972,0.002213,74.125.68.0-255,2184,230396,56,305270
32973,0.002216,172.31.46.0-255,66,230462,56,305270
32974,0.002249,74.125.68.0-255,1484,231946,56,305270
32975,0.002263,74.125.68.0-255,2902,234848,56,305270
32976,0.002265,172.31.46.0-255,66,234914,56,305270
32977,0.002286,74.125.68.0-255,5738,240652,56,305270
32978,0.002289,172.31.46.0-255,66,240718,56,305270
32979,0.002297,74.125.68.0-255,2902,243620,56,305270
32980,0.002299,172.31.46.0-255,66,243686,56,305270
32981,0.002304,74.125.68.0-255,4320,248006,56,305270
32982,0.002306,172.31.46.0-255,66,248072,56,305270
32983,0.002328,172.31.46.0-255,66,248138,56,305270
32984,0.002349,74.125.68.0-255,2902,251040,56,305270
32985,0.002351,172.31.46.0-255,66,251106,56,305270
32986,0.002356,74.125.68.0-255,4320,255426,56,305270
32987,0.002358,172.31.46.0-255,66,255492,56,305270
32988,0.002391,74.125.68.0-255,5738,261230,56,305270
32989,0.002394,172.31.46.0-255,66,261296,56,305270
32990,0.002406,74.125.68.0-255,3602,264898,56,305270
32991,0.002409,172.31.46.0-255,66,264964,56,305270
32992,0.002411,74.125.68.0-255,1484,266448,56,305270
32993,0.002442,172.31.46.0-255,66,266514,56,305270
32994,0.002451,172.31.46.0-255,66,266580,56,305270
32995,0.002493,74.125.68.0-255,4320,270900,56,305270
32996,0.002495,172.31.46.0-255,66,270966,56,305270
32997,0.002512,74.125.68.0-255,3602,274568,56,305270
32998,0.002514,172.31.46.0-255,66,274634,56,305270
32999,0.002519,74.125.68.0-255,4320,278954,56,305270
33000,0.002521,172.31.46.0-255,66,279020,56,305270
33001,0.002541,74.125.68.0-255,4320,283340,56,305270
33002,0.002543,172.31.46.0-255,66,283406,56,305270
33003,0.002582,74.125.68.0-255,5738,289144,56,305270
33004,0.002585,172.31.46.0-255,66,289210,56,305270
33005,0.0026,74.125.68.0-255,4320,293530,56,305270
33006,0.002603,172.31.46.0-255,66,293596,56,305270
33007,0.002612,172.31.46.0-255,66,293662,56,305270
33008,0.005176,74.125.68.0-255,5738,299400,56,305270
33009,0.005183,172.31.46.0-255,66,299466,56,305270
33010,0.007753,74.125.68.0-255,5738,305204,56,305270
33011,0.007761,172.31.46.0-255,66,305270,56,305270
33012,0.0,74.125.24.0-255,152,152,56,265491
33013,2.2e-05,172.31.46.0-255,66,218,56,265491
33014,3e-05,74.125.24.0-255,1484,1702,56,265491
33015,3.4e-05,172.31.46.0-255,66,1768,56,265491
33016,5e-05,74.125.24.0-255,2902,4670,56,265491
33017,5.5e-05,172.31.46.0-255,66,4736,56,265491
33018,6.2e-05,74.125.24.0-255,7156,11892,56,265491
33019,6.5e-05,172.31.46.0-255,66,11958,56,265491
33020,7.6e-05,172.31.46.0-255,66,12024,56,265491
33021,0.000136,172.31.46.0-255,66,12090,56,265491
33022,0.000139,74.125.24.0-255,1125,13215,56,265491
33023,0.000142,172.31.46.0-255,66,13281,56,265491
33024,0.000286,74.125.24.0-255,1484,14765,56,265491
33025,0.00029,172.31.46.0-255,66,14831,56,265491
33026,0.000295,74.125.24.0-255,2902,17733,56,265491
33027,0.000298,172.31.46.0-255,66,17799,56,265491
33028,0.000316,74.125.24.0-255,1484,19283,56,265491
33029,0.000318,172.31.46.0-255,66,19349,56,265491
33030,0.000358,74.125.24.0-255,4320,23669,56,265491
33031,0.000361,172.31.46.0-255,66,23735,56,265491
33032,0.000368,74.125.24.0-255,6797,30532,56,265491
33033,0.00037,172.31.46.0-255,66,30598,56,265491
33034,0.000382,74.125.24.0-255,7156,37754,56,265491
33035,0.000385,172.31.46.0-255,66,37820,56,265491
33036,0.00042,74.125.24.0-255,7156,44976,56,265491
33037,0.000423,172.31.46.0-255,66,45042,56,265491
33038,0.000427,74.125.24.0-255,2817,47859,56,265491
33039,0.00043,172.31.46.0-255,66,47925,56,265491
33040,0.000797,74.125.24.0-255,129,48054,56,265491
33041,0.000803,172.31.46.0-255,66,48120,56,265491
33042,0.001009,74.125.24.0-255,1484,49604,56,265491
33043,0.001038,74.125.24.0-255,2902,52506,56,265491
33044,0.001041,172.31.46.0-255,66,52572,56,265491
33045,0.001048,74.125.24.0-255,5738,58310,56,265491
33046,0.001071,74.125.24.0-255,7156,65466,56,265491
33047,0.001084,74.125.24.0-255,1484,66950,56,265491
33048,0.001089,172.31.46.0-255,66,67016,56,265491
33049,0.001132,172.31.46.0-255,66,67082,56,265491
33050,0.001165,74.125.24.0-255,5020,72102,56,265491
33051,0.001184,172.31.46.0-255,66,72168,56,265491
33052,0.00121,74.125.24.0-255,1484,73652,56,265491
33053,0.001214,74.125.24.0-255,2902,76554,56,265491
33054,0.001224,172.31.46.0-255,66,76620,56,265491
33055,0.001239,74.125.24.0-255,5738,82358,56,265491
33056,0.001243,74.125.24.0-255,2902,85260,56,265491
33057,0.001313,172.31.46.0-255,66,85326,56,265491
33058,0.001318,172.31.46.0-255,66,85392,56,265491
33059,0.001356,74.125.24.0-255,348,85740,56,265491
33060,0.00137,172.31.46.0-255,66,85806,56,265491
33061,0.00166,74.125.24.0-255,1484,87290,56,265491
33062,0.001667,74.125.24.0-255,2902,90192,56,265491
33063,0.00167,172.31.46.0-255,66,90258,56,265491
33064,0.001701,74.125.24.0-255,5738,95996,56,265491
33065,0.001707,74.125.24.0-255,2902,98898,56,265491
33066,0.001722,74.125.24.0-255,1484,100382,56,265491
33067,0.001731,172.31.46.0-255,66,100448,56,265491
33068,0.001786,172.31.46.0-255,66,100514,56,265491
33069,0.00183,74.125.24.0-255,1484,101998,56,265491
33070,0.001835,74.125.24.0-255,2902,104900,56,265491
33071,0.001838,172.31.46.0-255,66,104966,56,265491
33072,0.001869,74.125.24.0-255,5738,110704,56,265491
33073,0.001872,74.125.24.0-255,1484,112188,56,265491
33074,0.001885,172.31.46.0-255,66,112254,56,265491
33075,0.001908,172.31.46.0-255,66,112320,56,265491
33076,0.00196,172.31.46.0-255,66,112386,56,265491
33077,0.002246,74.125.24.0-255,1484,113870,56,265491
33078,0.002267,74.125.24.0-255,1484,115354,56,265491
33079,0.002271,172.31.46.0-255,66,115420,56,265491
33080,0.002275,74.125.24.0-255,1484,116904,56,265491
33081,0.0023,74.125.24.0-255,1484,118388,56,265491
33082,0.002306,74.125.24.0-255,5738,124126,56,265491
33083,0.002311,74.125.24.0-255,4320,128446,56,265491
33084,0.002317,74.125.24.0-255,4320,132766,56,265491
33085,0.002322,172.31.46.0-255,66,132832,56,265491
33086,0.00233,74.125.24.0-255,1484,134316,56,265491
33087,0.002353,74.125.24.0-255,7156,141472,56,265491
33088,0.002372,74.125.24.0-255,4320,145792,56,265491
33089,0.002374,74.125.24.0-255,766,146558,56,265491
33090,0.002384,172.31.46.0-255,66,146624,56,265491
33091,0.002815,74.125.24.0-255,1484,148108,56,265491
33092,0.002834,74.125.24.0-255,2902,151010,56,265491
33093,0.002838,172.31.46.0-255,66,151076,56,265491
33094,0.002844,74.125.24.0-255,5738,156814,56,265491
33095,0.002883,74.125.24.0-255,4320,161134,56,265491
33096,0.002902,74.125.24.0-255,5738,166872,56,265491
33097,0.002937,74.125.24.0-255,5738,172610,56,265491
33098,0.002986,74.125.24.0-255,6438,179048,56,265491
33099,0.003037,74.125.24.0-255,7156,186204,56,265491
33100,0.003043,74.125.24.0-255,4320,190524,56,265491
33101,0.00308,74.125.24.0-255,4320,194844,56,265491
33102,0.003084,74.125.24.0-255,2902,197746,56,265491
33103,0.0031,74.125.24.0-255,6438,204184,56,265491
33104,0.003499,74.125.24.0-255,1484,205668,56,265491
33105,0.003504,74.125.24.0-255,1484,207152,56,265491
33106,0.003533,74.125.24.0-255,4320,211472,56,265491
33107,0.00355,74.125.24.0-255,5738,217210,56,265491
33108,0.003564,74.125.24.0-255,4320,221530,56,265491
33109,0.003568,74.125.24.0-255,2902,224432,56,265491
33110,0.003581,74.125.24.0-255,1484,225916,56,265491
33111,0.003588,74.125.24.0-255,5738,231654,56,265491
33112,0.003613,74.125.24.0-255,4320,235974,56,265491
33113,0.003616,74.125.24.0-255,1484,237458,56,265491
33114,0.003619,74.125.24.0-255,766,238224,56,265491
33115,0.003666,74.125.24.0-255,7156,245380,56,265491
33116,0.003681,74.125.24.0-255,5738,251118,56,265491
33117,0.003688,74.125.24.0-255,5738,256856,56,265491
33118,0.003728,74.125.24.0-255,1484,258340,56,265491
33119,0.00377,74.125.24.0-255,1484,259824,56,265491
33120,0.003791,74.125.24.0-255,5496,265320,56,265491
33121,0.003804,74.125.24.0-255,105,265425,56,265491
33122,0.008688,172.31.46.0-255,66,265491,56,265491
33123,0.0,172.253.118.0-255,153,153,56,187093
33124,1.5e-05,172.31.46.0-255,66,219,56,187093
33125,2.1e-05,172.253.118.0-255,1484,1703,56,187093
33126,2.4e-05,172.31.46.0-255,66,1769,56,187093
33127,2.9e-05,172.253.118.0-255,2902,4671,56,187093
33128,3.2e-05,172.31.46.0-255,66,4737,56,187093
33129,3.7e-05,172.253.118.0-255,2902,7639,56,187093
33130,4e-05,172.31.46.0-255,66,7705,56,187093
33131,8e-05,172.253.118.0-255,6393,14098,56,187093
33132,8.3e-05,172.31.46.0-255,66,14164,56,187093
33133,0.000189,172.253.118.0-255,1484,15648,56,187093
33134,0.000192,172.31.46.0-255,66,15714,56,187093
33135,0.000197,172.253.118.0-255,2902,18616,56,187093
33136,0.0002,172.31.46.0-255,66,18682,56,187093
33137,0.000216,172.253.118.0-255,5738,24420,56,187093
33138,0.000218,172.31.46.0-255,66,24486,56,187093
33139,0.000237,172.253.118.0-255,4320,28806,56,187093
33140,0.000239,172.31.46.0-255,66,28872,56,187093
33141,0.000273,172.253.118.0-255,2543,31415,56,187093
33142,0.000275,172.31.46.0-255,66,31481,56,187093
33143,0.000504,172.253.118.0-255,1484,32965,56,187093
33144,0.000508,172.31.46.0-255,66,33031,56,187093
33145,0.000513,172.253.118.0-255,2902,35933,56,187093
33146,0.000515,172.31.46.0-255,66,35999,56,187093
33147,0.000532,172.253.118.0-255,4320,40319,56,187093
33148,0.000535,172.31.46.0-255,66,40385,56,187093
33149,0.00054,172.253.118.0-255,5738,46123,56,187093
33150,0.000542,172.31.46.0-255,66,46189,56,187093
33151,0.000564,172.253.118.0-255,2902,49091,56,187093
33152,0.000568,172.31.46.0-255,66,49157,56,187093
33153,0.000578,172.253.118.0-255,5738,54895,56,187093
33154,0.00058,172.31.46.0-255,66,54961,56,187093
33155,0.000594,172.253.118.0-255,3961,58922,56,187093
33156,0.000597,172.31.46.0-255,66,58988,56,187093
33157,0.000602,172.253.118.0-255,5738,64726,56,187093
33158,0.000604,172.31.46.0-255,66,64792,56,187093
33159,0.000626,172.253.118.0-255,1125,65917,56,187093
33160,0.000892,172.31.46.0-255,66,65983,56,187093
33161,0.000978,172.253.118.0-255,646,66629,56,187093
33162,0.001106,172.253.118.0-255,1484,68113,56,187093
33163,0.001111,172.31.46.0-255,66,68179,56,187093
33164,0.001116,172.253.118.0-255,2902,71081,56,187093
33165,0.001118,172.31.46.0-255,66,71147,56,187093
33166,0.001122,172.253.118.0-255,2902,74049,56,187093
33167,0.001124,172.31.46.0-255,66,74115,56,187093
33168,0.001147,172.253.118.0-255,2902,77017,56,187093
33169,0.001149,172.31.46.0-255,66,77083,56,187093
33170,0.001155,172.253.118.0-255,5738,82821,56,187093
33171,0.001157,172.31.46.0-255,66,82887,56,187093
33172,0.001175,172.253.118.0-255,1125,84012,56,187093
33173,0.001191,172.253.118.0-255,1484,85496,56,187093
33174,0.001193,172.31.46.0-255,66,85562,56,187093
33175,0.001211,172.253.118.0-255,2902,88464,56,187093
33176,0.001213,172.31.46.0-255,66,88530,56,187093
33177,0.001226,172.253.118.0-255,1484,90014,56,187093
33178,0.001232,172.253.118.0-255,4320,94334,56,187093
33179,0.001233,172.31.46.0-255,66,94400,56,187093
33180,0.001248,172.253.118.0-255,5738,100138,56,187093
33181,0.00125,172.31.46.0-255,66,100204,56,187093
33182,0.001269,172.253.118.0-255,1125,101329,56,187093
33183,0.002186,172.253.118.0-255,1484,102813,56,187093
33184,0.002191,172.31.46.0-255,66,102879,56,187093
33185,0.002197,172.253.118.0-255,2902,105781,56,187093
33186,0.002199,172.31.46.0-255,66,105847,56,187093
33187,0.002202,172.253.118.0-255,1484,107331,56,187093
33188,0.002217,172.253.118.0-255,4320,111651,56,187093
33189,0.002219,172.31.46.0-255,66,111717,56,187093
33190,0.002235,172.253.118.0-255,4320,116037,56,187093
33191,0.002236,172.31.46.0-255,66,116103,56,187093
33192,0.002262,172.31.46.0-255,66,116169,56,187093
33193,0.002268,172.253.118.0-255,5738,121907,56,187093
33194,0.00227,172.31.46.0-255,66,121973,56,187093
33195,0.002287,172.253.118.0-255,1484,123457,56,187093
33196,0.002302,172.253.118.0-255,3602,127059,56,187093
33197,0.002303,172.31.46.0-255,66,127125,56,187093
33198,0.002327,172.253.118.0-255,1484,128609,56,187093
33199,0.00235,172.253.118.0-255,4320,132929,56,187093
33200,0.002352,172.31.46.0-255,66,132995,56,187093
33201,0.002358,172.253.118.0-255,4320,137315,56,187093
33202,0.00236,172.31.46.0-255,66,137381,56,187093
33203,0.002366,172.253.118.0-255,5738,143119,56,187093
33204,0.002368,172.31.46.0-255,66,143185,56,187093
33205,0.002382,172.253.118.0-255,5738,148923,56,187093
33206,0.002384,172.31.46.0-255,66,148989,56,187093
33207,0.002399,172.253.118.0-255,7156,156145,56,187093
33208,0.002402,172.31.46.0-255,66,156211,56,187093
33209,0.002425,172.253.118.0-255,5020,161231,56,187093
33210,0.002427,172.31.46.0-255,66,161297,56,187093
33211,0.002442,172.253.118.0-255,1484,162781,56,187093
33212,0.002454,172.253.118.0-255,2902,165683,56,187093
33213,0.002456,172.31.46.0-255,66,165749,56,187093
33214,0.002459,172.253.118.0-255,1484,167233,56,187093
33215,0.002476,172.253.118.0-255,4320,171553,56,187093
33216,0.002478,172.31.46.0-255,66,171619,56,187093
33217,0.002521,172.253.118.0-255,1484,173103,56,187093
33218,0.002544,172.31.46.0-255,66,173169,56,187093
33219,0.002554,172.31.46.0-255,66,173235,56,187093
33220,0.002564,172.253.118.0-255,2184,175419,56,187093
33221,0.002566,172.31.46.0-255,66,175485,56,187093
33222,0.005073,172.253.118.0-255,5738,181223,56,187093
33223,0.00508,172.31.46.0-255,66,181289,56,187093
33224,0.007611,172.253.118.0-255,5738,187027,56,187093
33225,0.007618,172.31.46.0-255,66,187093,56,187093
33226,0.0,74.125.68.0-255,147,147,56,267312
33227,2.3e-05,172.31.46.0-255,66,213,56,267312
33228,3.1e-05,74.125.68.0-255,1484,1697,56,267312
33229,3.6e-05,172.31.46.0-255,66,1763,56,267312
33230,4.9e-05,74.125.68.0-255,2902,4665,56,267312
33231,5.4e-05,172.31.46.0-255,66,4731,56,267312
33232,6e-05,74.125.68.0-255,4320,9051,56,267312
33233,6.3e-05,172.31.46.0-255,66,9117,56,267312
33234,0.000113,172.31.46.0-255,66,9183,56,267312
33235,0.000119,74.125.68.0-255,4320,13503,56,267312
33236,0.000121,172.31.46.0-255,66,13569,56,267312
33237,0.000154,172.31.46.0-255,66,13635,56,267312
33238,0.000239,74.125.68.0-255,1484,15119,56,267312
33239,0.000242,172.31.46.0-255,66,15185,56,267312
33240,0.000248,74.125.68.0-255,2902,18087,56,267312
33241,0.00025,172.31.46.0-255,66,18153,56,267312
33242,0.000285,74.125.68.0-255,5738,23891,56,267312
33243,0.000287,172.31.46.0-255,66,23957,56,267312
33244,0.000295,74.125.68.0-255,6797,30754,56,267312
33245,0.000297,172.31.46.0-255,66,30820,56,267312
33246,0.000319,74.125.68.0-255,5738,36558,56,267312
33247,0.000321,172.31.46.0-255,66,36624,56,267312
33248,0.000341,74.125.68.0-255,1484,38108,56,267312
33249,0.000344,172.31.46.0-255,66,38174,56,267312
33250,0.000355,172.31.46.0-255,66,38240,56,267312
33251,0.000386,74.125.68.0-255,1396,39636,56,267312
33252,0.000388,172.31.46.0-255,66,39702,56,267312
33253,0.000412,74.125.68.0-255,384,40086,56,267312
33254,0.000414,172.31.46.0-255,66,40152,56,267312
33255,0.000456,74.125.68.0-255,1484,41636,56,267312
33256,0.000476,74.125.68.0-255,4320,45956,56,267312
33257,0.000479,172.31.46.0-255,66,46022,56,267312
33258,0.000513,74.125.68.0-255,7156,53178,56,267312
33259,0.000516,172.31.46.0-255,66,53244,56,267312
33260,0.000523,74.125.68.0-255,5738,58982,56,267312
33261,0.000525,172.31.46.0-255,66,59048,56,267312
33262,0.000547,74.125.68.0-255,2902,61950,56,267312
33263,0.000554,172.31.46.0-255,66,62016,56,267312
33264,0.000562,74.125.68.0-255,7156,69172,56,267312
33265,0.000564,172.31.46.0-255,66,69238,56,267312
33266,0.000598,74.125.68.0-255,5020,74258,56,267312
33267,0.000635,74.125.68.0-255,5738,79996,56,267312
33268,0.000639,74.125.68.0-255,2902,82898,56,267312
33269,0.000651,74.125.68.0-255,1484,84382,56,267312
33270,0.000665,74.125.68.0-255,2902,87284,56,267312
33271,0.000681,74.125.68.0-255,2902,90186,56,267312
33272,0.000696,74.125.68.0-255,5738,95924,56,267312
33273,0.000724,74.125.68.0-255,5738,101662,56,267312
33274,0.000738,172.31.46.0-255,66,101728,56,267312
33275,0.000755,74.125.68.0-255,6438,108166,56,267312
33276,0.000761,172.31.46.0-255,66,108232,56,267312
33277,0.000904,74.125.68.0-255,1484,109716,56,267312
33278,0.000923,74.125.68.0-255,2902,112618,56,267312
33279,0.000929,74.125.68.0-255,4320,116938,56,267312
33280,0.00094,74.125.68.0-255,1484,118422,56,267312
33281,0.000943,74.125.68.0-255,1484,119906,56,267312
33282,0.000959,172.31.46.0-255,66,119972,56,267312
33283,0.000964,74.125.68.0-255,2902,122874,56,267312
33284,0.000971,74.125.68.0-255,5738,128612,56,267312
33285,0.000987,172.31.46.0-255,66,128678,56,267312
33286,0.000997,74.125.68.0-255,4320,132998,56,267312
33287,0.001026,74.125.68.0-255,7156,140154,56,267312
33288,0.001083,74.125.68.0-255,2184,142338,56,267312
33289,0.001091,172.31.46.0-255,66,142404,56,267312
33290,0.001234,74.125.68.0-255,1484,143888,56,267312
33291,0.001237,74.125.68.0-255,1484,145372,56,267312
33292,0.001249,74.125.68.0-255,1484,146856,56,267312
33293,0.001251,172.31.46.0-255,66,146922,56,267312
33294,0.001262,74.125.68.0-255,2902,149824,56,267312
33295,0.001272,74.125.68.0-255,4320,154144,56,267312
33296,0.001293,74.125.68.0-255,1484,155628,56,267312
33297,0.001316,74.125.68.0-255,7156,162784,56,267312
33298,0.001321,74.125.68.0-255,2902,165686,56,267312
33299,0.001333,74.125.68.0-255,1484,167170,56,267312
33300,0.001346,74.125.68.0-255,2902,170072,56,267312
33301,0.00135,172.31.46.0-255,66,170138,56,267312
33302,0.001356,172.31.46.0-255,66,170204,56,267312
33303,0.001374,74.125.68.0-255,2902,173106,56,267312
33304,0.001379,74.125.68.0-255,3602,176708,56,267312
33305,0.00141,172.31.46.0-255,66,176774,56,267312
33306,0.001434,74.125.68.0-255,1484,178258,56,267312
33307,0.00144,74.125.68.0-255,2902,181160,56,267312
33308,0.001455,74.125.68.0-255,2902,184062,56,267312
33309,0.001458,172.31.46.0-255,66,184128,56,267312
33310,0.001467,74.125.68.0-255,2902,187030,56,267312
33311,0.001472,74.125.68.0-255,2902,189932,56,267312
33312,0.001483,172.31.46.0-255,66,189998,56,267312
33313,0.001502,74.125.68.0-255,7156,197154,56,267312
33314,0.00152,74.125.68.0-255,2902,200056,56,267312
33315,0.001528,74.125.68.0-255,7156,207212,56,267312
33316,0.001542,172.31.46.0-255,66,207278,56,267312
33317,0.001547,74.125.68.0-255,2902,210180,56,267312
33318,0.001549,74.125.68.0-255,766,210946,56,267312
33319,0.001571,172.31.46.0-255,66,211012,56,267312
33320,0.001729,74.125.68.0-255,1484,212496,56,267312
33321,0.001736,74.125.68.0-255,2902,215398,56,267312
33322,0.001748,74.125.68.0-255,1484,216882,56,267312
33323,0.001751,172.31.46.0-255,66,216948,56,267312
33324,0.001771,74.125.68.0-255,4320,221268,56,267312
33325,0.001775,74.125.68.0-255,2902,224170,56,267312
33326,0.001785,74.125.68.0-255,4320,228490,56,267312
33327,0.001806,172.31.46.0-255,66,228556,56,267312
33328,0.001831,74.125.68.0-255,2902,231458,56,267312
33329,0.001834,172.31.46.0-255,66,231524,56,267312
33330,0.001845,74.125.68.0-255,4320,235844,56,267312
33331,0.001861,74.125.68.0-255,766,236610,56,267312
33332,0.001883,172.31.46.0-255,66,236676,56,267312
33333,0.001929,74.125.68.0-255,1484,238160,56,267312
33334,0.001935,74.125.68.0-255,2902,241062,56,267312
33335,0.001937,172.31.46.0-255,66,241128,56,267312
33336,0.001966,74.125.68.0-255,5738,246866,56,267312
33337,0.001971,74.125.68.0-255,2902,249768,56,267312
33338,0.001991,172.31.46.0-255,66,249834,56,267312
33339,0.003937,74.125.68.0-255,5738,255572,56,267312
33340,0.003944,172.31.46.0-255,66,255638,56,267312
33341,0.005896,74.125.68.0-255,4320,259958,56,267312
33342,0.005909,74.125.68.0-255,1484,261442,56,267312
33343,0.007536,172.31.46.0-255,66,261508,56,267312
33344,0.009493,74.125.68.0-255,5738,267246,56,267312
33345,0.009499,172.31.46.0-255,66,267312,56,267312
33346,0.0,172.217.194.0-255,153,153,56,158096
33347,2.1e-05,172.31.46.0-255,66,219,56,158096
33348,2.8e-05,172.217.194.0-255,1484,1703,56,158096
33349,3.3e-05,172.31.46.0-255,66,1769,56,158096
33350,3.9e-05,172.217.194.0-255,2902,4671,56,158096
33351,5e-05,172.31.46.0-255,66,4737,56,158096
33352,5.8e-05,172.217.194.0-255,7156,11893,56,158096
33353,6.1e-05,172.31.46.0-255,66,11959,56,158096
33354,0.000111,172.31.46.0-255,66,12025,56,158096
33355,0.00015,172.217.194.0-255,1484,13509,56,158096
33356,0.000153,172.31.46.0-255,66,13575,56,158096
33357,0.000179,172.217.194.0-255,2543,16118,56,158096
33358,0.000181,172.31.46.0-255,66,16184,56,158096
33359,0.000184,172.217.194.0-255,1484,17668,56,158096
33360,0.000186,172.31.46.0-255,66,17734,56,158096
33361,0.00019,172.217.194.0-255,2902,20636,56,158096
33362,0.000193,172.31.46.0-255,66,20702,56,158096
33363,0.000205,172.217.194.0-255,5738,26440,56,158096
33364,0.000208,172.31.46.0-255,66,26506,56,158096
33365,0.000211,172.217.194.0-255,1484,27990,56,158096
33366,0.000213,172.31.46.0-255,66,28056,56,158096
33367,0.000252,172.217.194.0-255,5379,33435,56,158096
33368,0.000255,172.31.46.0-255,66,33501,56,158096
33369,0.000262,172.217.194.0-255,7156,40657,56,158096
33370,0.000265,172.31.46.0-255,66,40723,56,158096
33371,0.000281,172.31.46.0-255,66,40789,56,158096
33372,0.000307,172.217.194.0-255,360,41149,56,158096
33373,0.000309,172.31.46.0-255,66,41215,56,158096
33374,0.00039,172.217.194.0-255,383,41598,56,158096
33375,0.000393,172.31.46.0-255,66,41664,56,158096
33376,0.000634,172.217.194.0-255,1484,43148,56,158096
33377,0.000641,172.217.194.0-255,2902,46050,56,158096
33378,0.000649,172.31.46.0-255,66,46116,56,158096
33379,0.000683,172.217.194.0-255,5738,51854,56,158096
33380,0.000692,172.217.194.0-255,6797,58651,56,158096
33381,0.000706,172.31.46.0-255,66,58717,56,158096
33382,0.000746,172.217.194.0-255,4320,63037,56,158096
33383,0.00075,172.217.194.0-255,2543,65580,56,158096
33384,0.001044,172.31.46.0-255,66,65646,56,158096
33385,0.001463,172.217.194.0-255,1484,67130,56,158096
33386,0.001471,172.217.194.0-255,2902,70032,56,158096
33387,0.001501,172.217.194.0-255,5738,75770,56,158096
33388,0.001506,172.217.194.0-255,2902,78672,56,158096
33389,0.001512,172.217.194.0-255,5738,84410,56,158096
33390,0.001531,172.217.194.0-255,4320,88730,56,158096
33391,0.001556,172.217.194.0-255,5738,94468,56,158096
33392,0.001578,172.217.194.0-255,5020,99488,56,158096
33393,0.001685,172.217.194.0-255,1484,100972,56,158096
33394,0.001692,172.217.194.0-255,2902,103874,56,158096
33395,0.001715,172.217.194.0-255,4320,108194,56,158096
33396,0.00173,172.217.194.0-255,1484,109678,56,158096
33397,0.001762,172.217.194.0-255,4320,113998,56,158096
33398,0.001805,172.217.194.0-255,1484,115482,56,158096
33399,0.001832,172.217.194.0-255,2902,118384,56,158096
33400,0.001838,172.217.194.0-255,5738,124122,56,158096
33401,0.001841,172.217.194.0-255,1484,125606,56,158096
33402,0.001871,172.217.194.0-255,5738,131344,56,158096
33403,0.001922,172.217.194.0-255,5738,137082,56,158096
33404,0.00194,172.217.194.0-255,6438,143520,56,158096
33405,0.002007,172.217.194.0-255,2902,146422,56,158096
33406,0.004071,172.31.46.0-255,66,146488,56,158096
33407,0.006467,172.217.194.0-255,5738,152226,56,158096
33408,0.006474,172.31.46.0-255,66,152292,56,158096
33409,0.008836,172.217.194.0-255,5738,158030,56,158096
33410,0.008845,172.31.46.0-255,66,158096,56,158096
33411,0.0,74.125.130.0-255,152,152,56,164722
33412,1.9e-05,172.31.46.0-255,66,218,56,164722
33413,2.5e-05,74.125.130.0-255,1484,1702,56,164722
33414,2.9e-05,172.31.46.0-255,66,1768,56,164722
33415,4.3e-05,74.125.130.0-255,2902,4670,56,164722
33416,4.7e-05,172.31.46.0-255,66,4736,56,164722
33417,5.4e-05,74.125.130.0-255,5738,10474,56,164722
33418,5.8e-05,172.31.46.0-255,66,10540,56,164722
33419,9.4e-05,74.125.130.0-255,3358,13898,56,164722
33420,9.7e-05,172.31.46.0-255,66,13964,56,164722
33421,0.000236,74.125.130.0-255,1484,15448,56,164722
33422,0.000242,172.31.46.0-255,66,15514,56,164722
33423,0.00028,74.125.130.0-255,2902,18416,56,164722
33424,0.000283,172.31.46.0-255,66,18482,56,164722
33425,0.000288,74.125.130.0-255,4320,22802,56,164722
33426,0.000291,172.31.46.0-255,66,22868,56,164722
33427,0.00034,172.31.46.0-255,66,22934,56,164722
33428,0.000514,74.125.130.0-255,1484,24418,56,164722
33429,0.000519,172.31.46.0-255,66,24484,56,164722
33430,0.000523,74.125.130.0-255,1484,25968,56,164722
33431,0.000525,172.31.46.0-255,66,26034,56,164722
33432,0.000528,74.125.130.0-255,1484,27518,56,164722
33433,0.000531,172.31.46.0-255,66,27584,56,164722
33434,0.000561,74.125.130.0-255,1484,29068,56,164722
33435,0.000564,172.31.46.0-255,66,29134,56,164722
33436,0.000571,74.125.130.0-255,5738,34872,56,164722
33437,0.000574,172.31.46.0-255,66,34938,56,164722
33438,0.000578,74.125.130.0-255,2902,37840,56,164722
33439,0.000581,172.31.46.0-255,66,37906,56,164722
33440,0.000615,74.125.130.0-255,3961,41867,56,164722
33441,0.00062,172.31.46.0-255,66,41933,56,164722
33442,0.000624,74.125.130.0-255,2902,44835,56,164722
33443,0.000631,172.31.46.0-255,66,44901,56,164722
33444,0.000658,74.125.130.0-255,5738,50639,56,164722
33445,0.000676,172.31.46.0-255,66,50705,56,164722
33446,0.000686,74.125.130.0-255,2902,53607,56,164722
33447,0.000691,172.31.46.0-255,66,53673,56,164722
33448,0.000714,74.125.130.0-255,4215,57888,56,164722
33449,0.000718,74.125.130.0-255,119,58007,56,164722
33450,0.000732,74.125.130.0-255,381,58388,56,164722
33451,0.000741,172.31.46.0-255,66,58454,56,164722
33452,0.000915,74.125.130.0-255,1484,59938,56,164722
33453,0.00093,74.125.130.0-255,2902,62840,56,164722
33454,0.000933,172.31.46.0-255,66,62906,56,164722
33455,0.000961,74.125.130.0-255,2902,65808,56,164722
33456,0.000973,74.125.130.0-255,2902,68710,56,164722
33457,0.000999,74.125.130.0-255,2902,71612,56,164722
33458,0.001014,74.125.130.0-255,5738,77350,56,164722
33459,0.001019,172.31.46.0-255,66,77416,56,164722
33460,0.001031,74.125.130.0-255,4320,81736,56,164722
33461,0.001041,74.125.130.0-255,5738,87474,56,164722
33462,0.001048,74.125.130.0-255,5020,92494,56,164722
33463,0.001073,172.31.46.0-255,66,92560,56,164722
33464,0.001156,74.125.130.0-255,1484,94044,56,164722
33465,0.001162,74.125.130.0-255,2902,96946,56,164722
33466,0.001166,74.125.130.0-255,2902,99848,56,164722
33467,0.001175,172.31.46.0-255,66,99914,56,164722
33468,0.001186,74.125.130.0-255,2902,102816,56,164722
33469,0.001196,172.31.46.0-255,66,102882,56,164722
33470,0.001244,172.31.46.0-255,66,102948,56,164722
33471,0.001252,74.125.130.0-255,1484,104432,56,164722
33472,0.001276,74.125.130.0-255,7156,111588,56,164722
33473,0.001299,172.31.46.0-255,66,111654,56,164722
33474,0.001331,74.125.130.0-255,6438,118092,56,164722
33475,0.001359,172.31.46.0-255,66,118158,56,164722
33476,0.001659,74.125.130.0-255,1484,119642,56,164722
33477,0.001674,74.125.130.0-255,2902,122544,56,164722
33478,0.001678,172.31.46.0-255,66,122610,56,164722
33479,0.00171,74.125.130.0-255,4320,126930,56,164722
33480,0.001716,74.125.130.0-255,4320,131250,56,164722
33481,0.001745,74.125.130.0-255,1484,132734,56,164722
33482,0.001752,74.125.130.0-255,5738,138472,56,164722
33483,0.001772,74.125.130.0-255,4320,142792,56,164722
33484,0.001778,172.31.46.0-255,66,142858,56,164722
33485,0.001824,172.31.46.0-255,66,142924,56,164722
33486,0.003856,74.125.130.0-255,5738,148662,56,164722
33487,0.003863,172.31.46.0-255,66,148728,56,164722
33488,0.005891,74.125.130.0-255,5738,154466,56,164722
33489,0.005895,172.31.46.0-255,66,154532,56,164722
33490,0.00793,74.125.130.0-255,5738,160270,56,164722
33491,0.007936,172.31.46.0-255,66,160336,56,164722
33492,0.009967,74.125.130.0-255,4320,164656,56,164722
33493,0.009974,172.31.46.0-255,66,164722,56,164722
33494,0.0,74.125.68.0-255,146,146,56,144515
33495,2.3e-05,172.31.46.0-255,66,212,56,144515
33496,3e-05,74.125.68.0-255,1484,1696,56,144515
33497,3.5e-05,172.31.46.0-255,66,1762,56,144515
33498,4e-05,74.125.68.0-255,2902,4664,56,144515
33499,4.3e-05,172.31.46.0-255,66,4730,56,144515
33500,6.5e-05,74.125.68.0-255,4320,9050,56,144515
33501,6.9e-05,172.31.46.0-255,66,9116,56,144515
33502,8.3e-05,74.125.68.0-255,1484,10600,56,144515
33503,8.6e-05,172.31.46.0-255,66,10666,56,144515
33504,0.000115,74.125.68.0-255,3411,14077,56,144515
33505,0.000117,172.31.46.0-255,66,14143,56,144515
33506,0.00034,74.125.68.0-255,1484,15627,56,144515
33507,0.000344,172.31.46.0-255,66,15693,56,144515
33508,0.000351,74.125.68.0-255,2902,18595,56,144515
33509,0.000352,172.31.46.0-255,66,18661,56,144515
33510,0.000366,74.125.68.0-255,2902,21563,56,144515
33511,0.000369,172.31.46.0-255,66,21629,56,144515
33512,0.000383,74.125.68.0-255,2902,24531,56,144515
33513,0.000386,172.31.46.0-255,66,24597,56,144515
33514,0.000392,74.125.68.0-255,4320,28917,56,144515
33515,0.000394,172.31.46.0-255,66,28983,56,144515
33516,0.000414,74.125.68.0-255,2543,31526,56,144515
33517,0.000416,172.31.46.0-255,66,31592,56,144515
33518,0.00045,74.125.68.0-255,1484,33076,56,144515
33519,0.000452,172.31.46.0-255,66,33142,56,144515
33520,0.000455,74.125.68.0-255,1484,34626,56,144515
33521,0.000458,172.31.46.0-255,66,34692,56,144515
33522,0.000472,74.125.68.0-255,1484,36176,56,144515
33523,0.000474,172.31.46.0-255,66,36242,56,144515
33524,0.000479,74.125.68.0-255,4320,40562,56,144515
33525,0.000482,172.31.46.0-255,66,40628,56,144515
33526,0.000501,74.125.68.0-255,1484,42112,56,144515
33527,0.000507,74.125.68.0-255,2902,45014,56,144515
33528,0.000509,172.31.46.0-255,66,45080,56,144515
33529,0.000539,74.125.68.0-255,1484,46564,56,144515
33530,0.000557,74.125.68.0-255,2543,49107,56,144515
33531,0.000559,172.31.46.0-255,66,49173,56,144515
33532,0.000948,74.125.68.0-255,1484,50657,56,144515
33533,0.000953,74.125.68.0-255,1484,52141,56,144515
33534,0.000957,172.31.46.0-255,66,52207,56,144515
33535,0.000962,74.125.68.0-255,2902,55109,56,144515
33536,0.000964,172.31.46.0-255,66,55175,56,144515
33537,0.000981,74.125.68.0-255,4320,59495,56,144515
33538,0.000984,172.31.46.0-255,66,59561,56,144515
33539,0.001009,74.125.68.0-255,1484,61045,56,144515
33540,0.001016,74.125.68.0-255,5958,67003,56,144515
33541,0.001018,172.31.46.0-255,66,67069,56,144515
33542,0.00111,74.125.68.0-255,1484,68553,56,144515
33543,0.001127,74.125.68.0-255,2902,71455,56,144515
33544,0.001131,172.31.46.0-255,66,71521,56,144515
33545,0.001153,74.125.68.0-255,5738,77259,56,144515
33546,0.001156,172.31.46.0-255,66,77325,56,144515
33547,0.001161,74.125.68.0-255,2902,80227,56,144515
33548,0.001163,172.31.46.0-255,66,80293,56,144515
33549,0.0012,74.125.68.0-255,4320,84613,56,144515
33550,0.001204,172.31.46.0-255,66,84679,56,144515
33551,0.001231,74.125.68.0-255,6797,91476,56,144515
33552,0.001233,172.31.46.0-255,66,91542,56,144515
33553,0.001239,74.125.68.0-255,4320,95862,56,144515
33554,0.00124,172.31.46.0-255,66,95928,56,144515
33555,0.001271,74.125.68.0-255,5379,101307,56,144515
33556,0.001275,172.31.46.0-255,66,101373,56,144515
33557,0.001888,74.125.68.0-255,1484,102857,56,144515
33558,0.001899,74.125.68.0-255,2902,105759,56,144515
33559,0.001903,172.31.46.0-255,66,105825,56,144515
33560,0.00193,74.125.68.0-255,1484,107309,56,144515
33561,0.001951,74.125.68.0-255,4320,111629,56,144515
33562,0.001953,172.31.46.0-255,66,111695,56,144515
33563,0.00196,74.125.68.0-255,7156,118851,56,144515
33564,0.001962,172.31.46.0-255,66,118917,56,144515
33565,0.001967,74.125.68.0-255,4320,123237,56,144515
33566,0.001969,172.31.46.0-255,66,123303,56,144515
33567,0.001989,172.31.46.0-255,66,123369,56,144515
33568,0.002018,74.125.68.0-255,3602,126971,56,144515
33569,0.00202,172.31.46.0-255,66,127037,56,144515
33570,0.004272,74.125.68.0-255,1484,128521,56,144515
33571,0.004304,74.125.68.0-255,4320,132841,56,144515
33572,0.004309,172.31.46.0-255,66,132907,56,144515
33573,0.006605,74.125.68.0-255,5738,138645,56,144515
33574,0.006609,172.31.46.0-255,66,138711,56,144515
33575,0.008931,74.125.68.0-255,5738,144449,56,144515
33576,0.00894,172.31.46.0-255,66,144515,56,144515
33577,0.0,74.125.24.0-255,152,152,56,107775
33578,1.7e-05,172.31.46.0-255,66,218,56,107775
33579,2.3e-05,74.125.24.0-255,1484,1702,56,107775
33580,2.7e-05,172.31.46.0-255,66,1768,56,107775
33581,3.2e-05,74.125.24.0-255,2902,4670,56,107775
33582,3.5e-05,172.31.46.0-255,66,4736,56,107775
33583,4.2e-05,74.125.24.0-255,7156,11892,56,107775
33584,4.4e-05,172.31.46.0-255,66,11958,56,107775
33585,6.2e-05,74.125.24.0-255,2053,14011,56,107775
33586,6.4e-05,172.31.46.0-255,66,14077,56,107775
33587,8.5e-05,74.125.24.0-255,2902,16979,56,107775
33588,8.7e-05,172.31.46.0-255,66,17045,56,107775
33589,9.4e-05,74.125.24.0-255,7156,24201,56,107775
33590,9.6e-05,172.31.46.0-255,66,24267,56,107775
33591,0.000118,74.125.24.0-255,6797,31064,56,107775
33592,0.00012,172.31.46.0-255,66,31130,56,107775
33593,0.000189,74.125.24.0-255,1484,32614,56,107775
33594,0.000192,172.31.46.0-255,66,32680,56,107775
33595,0.000195,74.125.24.0-255,1484,34164,56,107775
33596,0.000197,172.31.46.0-255,66,34230,56,107775
33597,0.000208,74.125.24.0-255,1484,35714,56,107775
33598,0.00021,172.31.46.0-255,66,35780,56,107775
33599,0.000217,74.125.24.0-255,5738,41518,56,107775
33600,0.000219,172.31.46.0-255,66,41584,56,107775
33601,0.000222,74.125.24.0-255,1484,43068,56,107775
33602,0.000224,172.31.46.0-255,66,43134,56,107775
33603,0.000242,74.125.24.0-255,1484,44618,56,107775
33604,0.000245,172.31.46.0-255,66,44684,56,107775
33605,0.000263,172.31.46.0-255,66,44750,56,107775
33606,0.000266,74.125.24.0-255,1484,46234,56,107775
33607,0.000267,172.31.46.0-255,66,46300,56,107775
33608,0.000328,74.125.24.0-255,2855,49155,56,107775
33609,0.000418,74.125.24.0-255,110,49265,56,107775
33610,0.000482,74.125.24.0-255,330,49595,56,107775
33611,0.000541,172.31.46.0-255,66,49661,56,107775
33612,0.000773,74.125.24.0-255,1484,51145,56,107775
33613,0.000789,74.125.24.0-255,1484,52629,56,107775
33614,0.000792,172.31.46.0-255,66,52695,56,107775
33615,0.000808,74.125.24.0-255,1484,54179,56,107775
33616,0.000814,74.125.24.0-255,5738,59917,56,107775
33617,0.000816,172.31.46.0-255,66,59983,56,107775
33618,0.000862,172.31.46.0-255,66,60049,56,107775
33619,0.000941,172.31.46.0-255,66,60115,56,107775
33620,0.001091,74.125.24.0-255,1484,61599,56,107775
33621,0.001115,74.125.24.0-255,2902,64501,56,107775
33622,0.001119,172.31.46.0-255,66,64567,56,107775
33623,0.001123,74.125.24.0-255,1484,66051,56,107775
33624,0.001141,74.125.24.0-255,4320,70371,56,107775
33625,0.001146,172.31.46.0-255,66,70437,56,107775
33626,0.001184,172.31.46.0-255,66,70503,56,107775
33627,0.001222,74.125.24.0-255,3602,74105,56,107775
33628,0.001227,172.31.46.0-255,66,74171,56,107775
33629,0.001931,74.125.24.0-255,1484,75655,56,107775
33630,0.001977,74.125.24.0-255,2902,78557,56,107775
33631,0.001982,172.31.46.0-255,66,78623,56,107775
33632,0.00199,74.125.24.0-255,5738,84361,56,107775
33633,0.001992,172.31.46.0-255,66,84427,56,107775
33634,0.002027,172.31.46.0-255,66,84493,56,107775
33635,0.002053,74.125.24.0-255,5738,90231,56,107775
33636,0.002057,172.31.46.0-255,66,90297,56,107775
33637,0.002077,172.31.46.0-255,66,90363,56,107775
33638,0.004106,74.125.24.0-255,5738,96101,56,107775
33639,0.004112,172.31.46.0-255,66,96167,56,107775
33640,0.006168,74.125.24.0-255,5738,101905,56,107775
33641,0.006173,172.31.46.0-255,66,101971,56,107775
33642,0.008234,74.125.24.0-255,5738,107709,56,107775
33643,0.008241,172.31.46.0-255,66,107775,56,107775
33644,0.0,172.217.194.0-255,153,153,56,181794
33645,2.2e-05,172.31.46.0-255,66,219,56,181794
33646,2.9e-05,172.217.194.0-255,1484,1703,56,181794
33647,3.4e-05,172.31.46.0-255,66,1769,56,181794
33648,3.9e-05,172.217.194.0-255,2902,4671,56,181794
33649,4.2e-05,172.31.46.0-255,66,4737,56,181794
33650,4.8e-05,172.217.194.0-255,4320,9057,56,181794
33651,5.1e-05,172.31.46.0-255,66,9123,56,181794
33652,7.7e-05,172.217.194.0-255,4913,14036,56,181794
33653,8e-05,172.31.46.0-255,66,14102,56,181794
33654,0.000112,172.217.194.0-255,1484,15586,56,181794
33655,0.000114,172.31.46.0-255,66,15652,56,181794
33656,0.000133,172.217.194.0-255,4320,19972,56,181794
33657,0.000135,172.31.46.0-255,66,20038,56,181794
33658,0.000143,172.217.194.0-255,7156,27194,56,181794
33659,0.000145,172.31.46.0-255,66,27260,56,181794
33660,0.000167,172.217.194.0-255,3961,31221,56,181794
33661,0.000169,172.31.46.0-255,66,31287,56,181794
33662,0.000188,172.217.194.0-255,1484,32771,56,181794
33663,0.00019,172.31.46.0-255,66,32837,56,181794
33664,0.000193,172.217.194.0-255,1484,34321,56,181794
33665,0.000195,172.31.46.0-255,66,34387,56,181794
33666,0.00021,172.217.194.0-255,1484,35871,56,181794
33667,0.000213,172.31.46.0-255,66,35937,56,181794
33668,0.00022,172.217.194.0-255,5738,41675,56,181794
33669,0.000223,172.31.46.0-255,66,41741,56,181794
33670,0.000229,172.217.194.0-255,5738,47479,56,181794
33671,0.000231,172.31.46.0-255,66,47545,56,181794
33672,0.000249,172.217.194.0-255,1125,48670,56,181794
33673,0.000251,172.31.46.0-255,66,48736,56,181794
33674,0.000278,172.217.194.0-255,5738,54474,56,181794
33675,0.00028,172.31.46.0-255,66,54540,56,181794
33676,0.000297,172.217.194.0-255,1484,56024,56,181794
33677,0.00031,172.31.46.0-255,66,56090,56,181794
33678,0.000324,172.217.194.0-255,1469,57559,56,181794
33679,0.000472,172.217.194.0-255,366,57925,56,181794
33680,0.000476,172.31.46.0-255,66,57991,56,181794
33681,0.000789,172.217.194.0-255,1484,59475,56,181794
33682,0.000806,172.217.194.0-255,2902,62377,56,181794
33683,0.00081,172.31.46.0-255,66,62443,56,181794
33684,0.000817,172.217.194.0-255,5738,68181,56,181794
33685,0.000819,172.31.46.0-255,66,68247,56,181794
33686,0.000848,172.31.46.0-255,66,68313,56,181794
33687,0.000855,172.217.194.0-255,5738,74051,56,181794
33688,0.000857,172.31.46.0-255,66,74117,56,181794
33689,0.000874,172.217.194.0-255,4469,78586,56,181794
33690,0.000877,172.31.46.0-255,66,78652,56,181794
33691,0.001101,172.217.194.0-255,1484,80136,56,181794
33692,0.001108,172.217.194.0-255,2902,83038,56,181794
33693,0.001111,172.31.46.0-255,66,83104,56,181794
33694,0.001116,172.217.194.0-255,2902,86006,56,181794
33695,0.001118,172.31.46.0-255,66,86072,56,181794
33696,0.001133,172.217.194.0-255,2902,88974,56,181794
33697,0.001134,172.31.46.0-255,66,89040,56,181794
33698,0.001146,172.31.46.0-255,66,89106,56,181794
33699,0.001176,172.217.194.0-255,2902,92008,56,181794
33700,0.001179,172.31.46.0-255,66,92074,56,181794
33701,0.00119,172.31.46.0-255,66,92140,56,181794
33702,0.001194,172.217.194.0-255,766,92906,56,181794
33703,0.001384,172.217.194.0-255,1484,94390,56,181794
33704,0.001391,172.31.46.0-255,66,94456,56,181794
33705,0.001403,172.217.194.0-255,2902,97358,56,181794
33706,0.001406,172.31.46.0-255,66,97424,56,181794
33707,0.001413,172.217.194.0-255,5738,103162,56,181794
33708,0.001415,172.31.46.0-255,66,103228,56,181794
33709,0.001417,172.217.194.0-255,1484,104712,56,181794
33710,0.001453,172.31.46.0-255,66,104778,56,181794
33711,0.001457,172.217.194.0-255,2902,107680,56,181794
33712,0.00146,172.31.46.0-255,66,107746,56,181794
33713,0.00148,172.31.46.0-255,66,107812,56,181794
33714,0.001539,172.217.194.0-255,1484,109296,56,181794
33715,0.001544,172.217.194.0-255,2902,112198,56,181794
33716,0.001547,172.31.46.0-255,66,112264,56,181794
33717,0.00157,172.217.194.0-255,5738,118002,56,181794
33718,0.001573,172.31.46.0-255,66,118068,56,181794
33719,0.001584,172.31.46.0-255,66,118134,56,181794
33720,0.001661,172.31.46.0-255,66,118200,56,181794
33721,0.001676,172.217.194.0-255,3602,121802,56,181794
33722,0.001679,172.31.46.0-255,66,121868,56,181794
33723,0.001692,172.31.46.0-255,66,121934,56,181794
33724,0.001707,172.31.46.0-255,66,122000,56,181794
33725,0.001712,172.217.194.0-255,3602,125602,56,181794
33726,0.001715,172.31.46.0-255,66,125668,56,181794
33727,0.001967,172.217.194.0-255,1484,127152,56,181794
33728,0.001974,172.217.194.0-255,2902,130054,56,181794
33729,0.001979,172.31.46.0-255,66,130120,56,181794
33730,0.001986,172.217.194.0-255,5738,135858,56,181794
33731,0.001988,172.31.46.0-255,66,135924,56,181794
33732,0.002008,172.217.194.0-255,4320,140244,56,181794
33733,0.002011,172.31.46.0-255,66,140310,56,181794
33734,0.002049,172.31.46.0-255,66,140376,56,181794
33735,0.002112,172.217.194.0-255,1484,141860,56,181794
33736,0.002116,172.217.194.0-255,1484,143344,56,181794
33737,0.002126,172.217.194.0-255,1484,144828,56,181794
33738,0.002133,172.217.194.0-255,5738,150566,56,181794
33739,0.002175,172.217.194.0-255,4320,154886,56,181794
33740,0.002182,172.217.194.0-255,7156,162042,56,181794
33741,0.002196,172.217.194.0-255,3602,165644,56,181794
33742,0.002288,172.217.194.0-255,1484,167128,56,181794
33743,0.002344,172.217.194.0-255,2902,170030,56,181794
33744,0.002348,172.31.46.0-255,78,170108,56,181794
33745,0.006223,172.31.46.0-255,66,170174,56,181794
33746,0.00822,172.217.194.0-255,5738,175912,56,181794
33747,0.008226,172.31.46.0-255,78,175990,56,181794
33748,0.008508,172.217.194.0-255,5738,181728,56,181794
33749,0.008511,172.31.46.0-255,66,181794,56,181794
33750,0.0,74.125.68.0-255,153,153,56,344148
33751,1.9e-05,172.31.46.0-255,66,219,56,344148
33752,2.6e-05,74.125.68.0-255,1484,1703,56,344148
33753,3.1e-05,172.31.46.0-255,66,1769,56,344148
33754,4.5e-05,74.125.68.0-255,2902,4671,56,344148
33755,5e-05,172.31.46.0-255,66,4737,56,344148
33756,5.7e-05,74.125.68.0-255,5738,10475,56,344148
33757,6.1e-05,172.31.46.0-255,66,10541,56,344148
33758,6.6e-05,74.125.68.0-255,3492,14033,56,344148
33759,6.9e-05,172.31.46.0-255,66,14099,56,344148
33760,9.9e-05,74.125.68.0-255,4320,18419,56,344148
33761,0.000103,172.31.46.0-255,66,18485,56,344148
33762,0.000141,172.31.46.0-255,66,18551,56,344148
33763,0.000145,74.125.68.0-255,2543,21094,56,344148
33764,0.000147,172.31.46.0-255,66,21160,56,344148
33765,0.000313,74.125.68.0-255,1484,22644,56,344148
33766,0.000318,172.31.46.0-255,66,22710,56,344148
33767,0.000321,74.125.68.0-255,1484,24194,56,344148
33768,0.000323,172.31.46.0-255,66,24260,56,344148
33769,0.000328,74.125.68.0-255,2902,27162,56,344148
33770,0.00033,172.31.46.0-255,66,27228,56,344148
33771,0.000362,74.125.68.0-255,5738,32966,56,344148
33772,0.000364,172.31.46.0-255,66,33032,56,344148
33773,0.000389,74.125.68.0-255,5379,38411,56,344148
33774,0.000391,172.31.46.0-255,66,38477,56,344148
33775,0.000398,74.125.68.0-255,5738,44215,56,344148
33776,0.0004,172.31.46.0-255,66,44281,56,344148
33777,0.000435,74.125.68.0-255,4320,48601,56,344148
33778,0.000441,172.31.46.0-255,66,48667,56,344148
33779,0.000468,74.125.68.0-255,7108,55775,56,344148
33780,0.000471,172.31.46.0-255,66,55841,56,344148
33781,0.000473,74.125.68.0-255,110,55951,56,344148
33782,0.00062,74.125.68.0-255,1484,57435,56,344148
33783,0.000624,172.31.46.0-255,66,57501,56,344148
33784,0.00065,74.125.68.0-255,2902,60403,56,344148
33785,0.000655,74.125.68.0-255,4320,64723,56,344148
33786,0.000661,172.31.46.0-255,66,64789,56,344148
33787,0.000668,172.31.46.0-255,66,64855,56,344148
33788,0.000671,74.125.68.0-255,1484,66339,56,344148
33789,0.000681,74.125.68.0-255,4320,70659,56,344148
33790,0.000683,172.31.46.0-255,66,70725,56,344148
33791,0.00071,74.125.68.0-255,2543,73268,56,344148
33792,0.000713,172.31.46.0-255,66,73334,56,344148
33793,0.00072,74.125.68.0-255,7156,80490,56,344148
33794,0.000722,172.31.46.0-255,66,80556,56,344148
33795,0.000761,172.31.46.0-255,66,80622,56,344148
33796,0.00095,74.125.68.0-255,1484,82106,56,344148
33797,0.000976,74.125.68.0-255,2902,85008,56,344148
33798,0.00098,172.31.46.0-255,66,85074,56,344148
33799,0.000983,74.125.68.0-255,1484,86558,56,344148
33800,0.001006,74.125.68.0-255,5738,92296,56,344148
33801,0.001008,172.31.46.0-255,66,92362,56,344148
33802,0.001033,74.125.68.0-255,2902,95264,56,344148
33803,0.001036,172.31.46.0-255,66,95330,56,344148
33804,0.001076,172.31.46.0-255,66,95396,56,344148
33805,0.001079,74.125.68.0-255,2902,98298,56,344148
33806,0.001081,172.31.46.0-255,66,98364,56,344148
33807,0.001113,74.125.68.0-255,6438,104802,56,344148
33808,0.001116,172.31.46.0-255,66,104868,56,344148
33809,0.001384,74.125.68.0-255,1484,106352,56,344148
33810,0.001418,74.125.68.0-255,2902,109254,56,344148
33811,0.001421,172.31.46.0-255,66,109320,56,344148
33812,0.001426,74.125.68.0-255,4320,113640,56,344148
33813,0.001428,172.31.46.0-255,66,113706,56,344148
33814,0.001459,172.31.46.0-255,66,113772,56,344148
33815,0.001462,74.125.68.0-255,1484,115256,56,344148
33816,0.001488,74.125.68.0-255,7156,122412,56,344148
33817,0.00149,172.31.46.0-255,66,122478,56,344148
33818,0.001521,74.125.68.0-255,5738,128216,56,344148
33819,0.001523,172.31.46.0-255,66,128282,56,344148
33820,0.001548,74.125.68.0-255,2184,130466,56,344148
33821,0.001551,172.31.46.0-255,66,130532,56,344148
33822,0.001922,74.125.68.0-255,1484,132016,56,344148
33823,0.001942,74.125.68.0-255,2902,134918,56,344148
33824,0.001945,172.31.46.0-255,66,134984,56,344148
33825,0.001968,74.125.68.0-255,4320,139304,56,344148
33826,0.00197,172.31.46.0-255,66,139370,56,344148
33827,0.002,74.125.68.0-255,5738,145108,56,344148
33828,0.002003,172.31.46.0-255,66,145174,56,344148
33829,0.002005,74.125.68.0-255,1484,146658,56,344148
33830,0.002024,74.125.68.0-255,2902,149560,56,344148
33831,0.002027,172.31.46.0-255,66,149626,56,344148
33832,0.002053,74.125.68.0-255,5738,155364,56,344148
33833,0.002055,172.31.46.0-255,66,155430,56,344148
33834,0.002079,74.125.68.0-255,2902,158332,56,344148
33835,0.002081,172.31.46.0-255,66,158398,56,344148
33836,0.00211,74.125.68.0-255,4320,162718,56,344148
33837,0.002112,172.31.46.0-255,66,162784,56,344148
33838,0.002116,74.125.68.0-255,2184,164968,56,344148
33839,0.002117,172.31.46.0-255,66,165034,56,344148
33840,0.002135,74.125.68.0-255,2902,167936,56,344148
33841,0.002137,172.31.46.0-255,66,168002,56,344148
33842,0.002162,74.125.68.0-255,1484,169486,56,344148
33843,0.002173,74.125.68.0-255,1484,170970,56,344148
33844,0.002175,172.31.46.0-255,66,171036,56,344148
33845,0.002197,74.125.68.0-255,1484,172520,56,344148
33846,0.0022,74.125.68.0-255,1484,174004,56,344148
33847,0.002202,172.31.46.0-255,66,174070,56,344148
33848,0.002224,74.125.68.0-255,4320,178390,56,344148
33849,0.002227,172.31.46.0-255,66,178456,56,344148
33850,0.002249,74.125.68.0-255,1484,179940,56,344148
33851,0.002252,74.125.68.0-255,1484,181424,56,344148
33852,0.002254,172.31.46.0-255,66,181490,56,344148
33853,0.002282,74.125.68.0-255,7156,188646,56,344148
33854,0.002284,172.31.46.0-255,66,188712,56,344148
33855,0.002321,172.31.46.0-255,66,188778,56,344148
33856,0.002325,74.125.68.0-255,2184,190962,56,344148
33857,0.002327,172.31.46.0-255,66,191028,56,344148
33858,0.002405,74.125.68.0-255,1484,192512,56,344148
33859,0.00241,74.125.68.0-255,2902,195414,56,344148
33860,0.002413,172.31.46.0-255,66,195480,56,344148
33861,0.002425,74.125.68.0-255,1484,196964,56,344148
33862,0.00245,74.125.68.0-255,2902,199866,56,344148
33863,0.002452,172.31.46.0-255,66,199932,56,344148
33864,0.002481,74.125.68.0-255,2902,202834,56,344148
33865,0.002483,172.31.46.0-255,66,202900,56,344148
33866,0.002492,74.125.68.0-255,4320,207220,56,344148
33867,0.002494,172.31.46.0-255,66,207286,56,344148
33868,0.002501,74.125.68.0-255,2902,210188,56,344148
33869,0.002503,172.31.46.0-255,66,210254,56,344148
33870,0.002506,74.125.68.0-255,1484,211738,56,344148
33871,0.002536,74.125.68.0-255,5738,217476,56,344148
33872,0.002539,172.31.46.0-255,66,217542,56,344148
33873,0.002542,74.125.68.0-255,1484,219026,56,344148
33874,0.002562,74.125.68.0-255,1484,220510,56,344148
33875,0.002564,172.31.46.0-255,66,220576,56,344148
33876,0.002567,74.125.68.0-255,1484,222060,56,344148
33877,0.002569,74.125.68.0-255,1484,223544,56,344148
33878,0.002571,172.31.46.0-255,66,223610,56,344148
33879,0.002598,74.125.68.0-255,2184,225794,56,344148
33880,0.0026,172.31.46.0-255,66,225860,56,344148
33881,0.002669,74.125.68.0-255,1484,227344,56,344148
33882,0.002673,74.125.68.0-255,1484,228828,56,344148
33883,0.002675,172.31.46.0-255,66,228894,56,344148
33884,0.002679,74.125.68.0-255,1484,230378,56,344148
33885,0.002697,74.125.68.0-255,1484,231862,56,344148
33886,0.002699,172.31.46.0-255,66,231928,56,344148
33887,0.002702,74.125.68.0-255,1484,233412,56,344148
33888,0.002728,74.125.68.0-255,4320,237732,56,344148
33889,0.002731,172.31.46.0-255,66,237798,56,344148
33890,0.002737,74.125.68.0-255,7156,244954,56,344148
33891,0.002739,172.31.46.0-255,66,245020,56,344148
33892,0.002778,172.31.46.0-255,66,245086,56,344148
33893,0.002782,74.125.68.0-255,2902,247988,56,344148
33894,0.002784,172.31.46.0-255,66,248054,56,344148
33895,0.002786,74.125.68.0-255,1484,249538,56,344148
33896,0.002789,74.125.68.0-255,1484,251022,56,344148
33897,0.002792,74.125.68.0-255,766,251788,56,344148
33898,0.002795,172.31.46.0-255,66,251854,56,344148
33899,0.002818,74.125.68.0-255,1484,253338,56,344148
33900,0.002821,172.31.46.0-255,66,253404,56,344148
33901,0.002823,74.125.68.0-255,1484,254888,56,344148
33902,0.002826,74.125.68.0-255,1484,256372,56,344148
33903,0.002828,172.31.46.0-255,66,256438,56,344148
33904,0.002854,74.125.68.0-255,4320,260758,56,344148
33905,0.002856,172.31.46.0-255,66,260824,56,344148
33906,0.002859,74.125.68.0-255,1484,262308,56,344148
33907,0.002884,74.125.68.0-255,2902,265210,56,344148
33908,0.002887,172.31.46.0-255,66,265276,56,344148
33909,0.002892,74.125.68.0-255,5738,271014,56,344148
33910,0.002894,172.31.46.0-255,66,271080,56,344148
33911,0.002923,74.125.68.0-255,1484,272564,56,344148
33912,0.002945,74.125.68.0-255,4320,276884,56,344148
33913,0.002948,172.31.46.0-255,66,276950,56,344148
33914,0.002957,172.31.46.0-255,66,277016,56,344148
33915,0.002959,74.125.68.0-255,766,277782,56,344148
33916,0.003092,74.125.68.0-255,1484,279266,56,344148
33917,0.003096,172.31.46.0-255,66,279332,56,344148
33918,0.003115,74.125.68.0-255,2902,282234,56,344148
33919,0.003118,172.31.46.0-255,66,282300,56,344148
33920,0.003146,74.125.68.0-255,4320,286620,56,344148
33921,0.00315,172.31.46.0-255,66,286686,56,344148
33922,0.003152,74.125.68.0-255,1484,288170,56,344148
33923,0.003156,74.125.68.0-255,2902,291072,56,344148
33924,0.003158,172.31.46.0-255,66,291138,56,344148
33925,0.003182,74.125.68.0-255,4320,295458,56,344148
33926,0.003184,172.31.46.0-255,66,295524,56,344148
33927,0.003187,74.125.68.0-255,1484,297008,56,344148
33928,0.00321,74.125.68.0-255,1484,298492,56,344148
33929,0.003213,172.31.46.0-255,66,298558,56,344148
33930,0.003218,74.125.68.0-255,4320,302878,56,344148
33931,0.00322,172.31.46.0-255,66,302944,56,344148
33932,0.003224,74.125.68.0-255,2902,305846,56,344148
33933,0.003227,172.31.46.0-255,66,305912,56,344148
33934,0.003251,74.125.68.0-255,4320,310232,56,344148
33935,0.003254,172.31.46.0-255,66,310298,56,344148
33936,0.003259,74.125.68.0-255,2184,312482,56,344148
33937,0.003261,172.31.46.0-255,66,312548,56,344148
33938,0.003321,74.125.68.0-255,1484,314032,56,344148
33939,0.003333,74.125.68.0-255,1484,315516,56,344148
33940,0.003336,172.31.46.0-255,66,315582,56,344148
33941,0.003362,74.125.68.0-255,2902,318484,56,344148
33942,0.003365,172.31.46.0-255,66,318550,56,344148
33943,0.003393,74.125.68.0-255,5738,324288,56,344148
33944,0.003396,172.31.46.0-255,66,324354,56,344148
33945,0.003401,74.125.68.0-255,4320,328674,56,344148
33946,0.003403,172.31.46.0-255,66,328740,56,344148
33947,0.003429,74.125.68.0-255,2902,331642,56,344148
33948,0.003432,172.31.46.0-255,66,331708,56,344148
33949,0.003436,74.125.68.0-255,2902,334610,56,344148
33950,0.003439,172.31.46.0-255,66,334676,56,344148
33951,0.003478,172.31.46.0-255,66,334742,56,344148
33952,0.00351,172.31.46.0-255,66,334808,56,344148
33953,0.003537,74.125.68.0-255,5020,339828,56,344148
33954,0.003539,172.31.46.0-255,66,339894,56,344148
33955,0.003544,74.125.68.0-255,4083,343977,56,344148
33956,0.003546,172.31.46.0-255,66,344043,56,344148
33957,0.003583,74.125.68.0-255,105,344148,56,344148
33958,0.0,172.31.46.0-255,105,105,56,276
33959,0.001796,157.240.25.0-255,105,210,56,276
33960,0.001809,172.31.46.0-255,66,276,56,276
33961,0.0,74.125.24.0-255,153,153,56,134552
33962,2.3e-05,172.31.46.0-255,66,219,56,134552
33963,3e-05,74.125.24.0-255,1484,1703,56,134552
33964,3.6e-05,172.31.46.0-255,66,1769,56,134552
33965,4.2e-05,74.125.24.0-255,2902,4671,56,134552
33966,4.6e-05,172.31.46.0-255,66,4737,56,134552
33967,5.5e-05,74.125.24.0-255,7156,11893,56,134552
33968,5.8e-05,172.31.46.0-255,66,11959,56,134552
33969,6.2e-05,74.125.24.0-255,2056,14015,56,134552
33970,6.4e-05,172.31.46.0-255,66,14081,56,134552
33971,6.9e-05,74.125.24.0-255,2902,16983,56,134552
33972,7.2e-05,172.31.46.0-255,66,17049,56,134552
33973,7.9e-05,74.125.24.0-255,5738,22787,56,134552
33974,8.3e-05,172.31.46.0-255,66,22853,56,134552
33975,0.000102,74.125.24.0-255,1484,24337,56,134552
33976,0.000105,172.31.46.0-255,66,24403,56,134552
33977,0.000123,172.31.46.0-255,66,24469,56,134552
33978,0.000135,172.31.46.0-255,66,24535,56,134552
33979,0.000173,74.125.24.0-255,4320,28855,56,134552
33980,0.000175,172.31.46.0-255,66,28921,56,134552
33981,0.000203,172.31.46.0-255,66,28987,56,134552
33982,0.000206,74.125.24.0-255,1473,30460,56,134552
33983,0.000208,172.31.46.0-255,66,30526,56,134552
33984,0.000243,74.125.24.0-255,330,30856,56,134552
33985,0.000246,172.31.46.0-255,66,30922,56,134552
33986,0.00061,74.125.24.0-255,1484,32406,56,134552
33987,0.000618,172.31.46.0-255,66,32472,56,134552
33988,0.000623,74.125.24.0-255,2902,35374,56,134552
33989,0.000626,172.31.46.0-255,66,35440,56,134552
33990,0.000632,74.125.24.0-255,4320,39760,56,134552
33991,0.000634,172.31.46.0-255,66,39826,56,134552
33992,0.000646,74.125.24.0-255,1484,41310,56,134552
33993,0.000655,74.125.24.0-255,5738,47048,56,134552
33994,0.000658,172.31.46.0-255,66,47114,56,134552
33995,0.000686,74.125.24.0-255,7156,54270,56,134552
33996,0.000689,172.31.46.0-255,66,54336,56,134552
33997,0.000696,74.125.24.0-255,7156,61492,56,134552
33998,0.000699,172.31.46.0-255,66,61558,56,134552
33999,0.000724,74.125.24.0-255,3602,65160,56,134552
34000,0.000726,172.31.46.0-255,66,65226,56,134552
34001,0.001294,74.125.24.0-255,1484,66710,56,134552
34002,0.0013,74.125.24.0-255,2902,69612,56,134552
34003,0.001304,172.31.46.0-255,66,69678,56,134552
34004,0.001322,74.125.24.0-255,1484,71162,56,134552
34005,0.001337,74.125.24.0-255,4320,75482,56,134552
34006,0.00134,172.31.46.0-255,66,75548,56,134552
34007,0.001345,74.125.24.0-255,2902,78450,56,134552
34008,0.001347,172.31.46.0-255,66,78516,56,134552
34009,0.001367,74.125.24.0-255,7156,85672,56,134552
34010,0.00137,172.31.46.0-255,66,85738,56,134552
34011,0.00142,172.31.46.0-255,66,85804,56,134552
34012,0.001423,74.125.24.0-255,766,86570,56,134552
34013,0.001727,172.31.46.0-255,66,86636,56,134552
34014,0.002222,74.125.24.0-255,1484,88120,56,134552
34015,0.002232,74.125.24.0-255,2902,91022,56,134552
34016,0.002238,172.31.46.0-255,66,91088,56,134552
34017,0.002246,74.125.24.0-255,5738,96826,56,134552
34018,0.002248,172.31.46.0-255,66,96892,56,134552
34019,0.00227,74.125.24.0-255,5738,102630,56,134552
34020,0.002272,172.31.46.0-255,66,102696,56,134552
34021,0.002303,74.125.24.0-255,7156,109852,56,134552
34022,0.002306,172.31.46.0-255,66,109918,56,134552
34023,0.002314,74.125.24.0-255,7156,117074,56,134552
34024,0.002316,172.31.46.0-255,66,117140,56,134552
34025,0.004571,74.125.24.0-255,5738,122878,56,134552
34026,0.00458,172.31.46.0-255,66,122944,56,134552
34027,0.006875,74.125.24.0-255,5738,128682,56,134552
34028,0.00688,172.31.46.0-255,66,128748,56,134552
34029,0.009145,74.125.24.0-255,5738,134486,56,134552
34030,0.009158,172.31.46.0-255,66,134552,56,134552
34031,0.0,172.31.46.0-255,105,105,56,459
34032,0.000305,172.31.46.0-255,90,195,56,459
34033,0.000315,172.31.46.0-255,66,261,56,459
34034,0.002351,74.125.200.0-255,66,327,56,459
34035,0.002369,74.125.200.0-255,66,393,56,459
34036,0.002384,172.31.46.0-255,66,459,56,459
34037,0.0,172.31.46.0-255,105,105,56,105
34038,0.0,172.253.118.0-255,146,146,56,83764
34039,2.4e-05,172.31.46.0-255,66,212,56,83764
34040,3.3e-05,172.253.118.0-255,1484,1696,56,83764
34041,3.8e-05,172.31.46.0-255,66,1762,56,83764
34042,4.3e-05,172.253.118.0-255,2902,4664,56,83764
34043,5.5e-05,172.31.46.0-255,66,4730,56,83764
34044,6.5e-05,172.253.118.0-255,7156,11886,56,83764
34045,7e-05,172.31.46.0-255,66,11952,56,83764
34046,7.4e-05,172.253.118.0-255,1963,13915,56,83764
34047,7.7e-05,172.31.46.0-255,66,13981,56,83764
34048,0.000145,172.253.118.0-255,1484,15465,56,83764
34049,0.000148,172.31.46.0-255,66,15531,56,83764
34050,0.000153,172.253.118.0-255,2902,18433,56,83764
34051,0.000156,172.31.46.0-255,66,18499,56,83764
34052,0.000161,172.253.118.0-255,4320,22819,56,83764
34053,0.000164,172.31.46.0-255,66,22885,56,83764
34054,0.000186,172.253.118.0-255,1484,24369,56,83764
34055,0.000188,172.31.46.0-255,66,24435,56,83764
34056,0.000233,172.31.46.0-255,66,24501,56,83764
34057,0.00024,172.253.118.0-255,7156,31657,56,83764
34058,0.000243,172.31.46.0-255,66,31723,56,83764
34059,0.000271,172.253.118.0-255,5379,37102,56,83764
34060,0.000274,172.31.46.0-255,66,37168,56,83764
34061,0.000345,172.253.118.0-255,1484,38652,56,83764
34062,0.000348,172.31.46.0-255,66,38718,56,83764
34063,0.000353,172.253.118.0-255,2902,41620,56,83764
34064,0.000356,172.31.46.0-255,66,41686,56,83764
34065,0.000363,172.253.118.0-255,5738,47424,56,83764
34066,0.000365,172.31.46.0-255,66,47490,56,83764
34067,0.000375,172.253.118.0-255,4320,51810,56,83764
34068,0.000378,172.31.46.0-255,66,51876,56,83764
34069,0.000424,172.253.118.0-255,2543,54419,56,83764
34070,0.000565,172.253.118.0-255,401,54820,56,83764
34071,0.000578,172.31.46.0-255,66,54886,56,83764
34072,0.000598,172.253.118.0-255,343,55229,56,83764
34073,0.001127,172.31.46.0-255,66,55295,56,83764
34074,0.001322,172.253.118.0-255,1484,56779,56,83764
34075,0.001331,172.253.118.0-255,2902,59681,56,83764
34076,0.001336,172.253.118.0-255,2902,62583,56,83764
34077,0.001354,172.253.118.0-255,2902,65485,56,83764
34078,0.001357,172.253.118.0-255,1484,66969,56,83764
34079,0.001398,172.253.118.0-255,5738,72707,56,83764
34080,0.001438,172.253.118.0-255,5020,77727,56,83764
34081,0.006496,172.31.46.0-255,66,77793,56,83764
34082,0.006682,172.31.46.0-255,101,77894,56,83764
34083,0.008533,172.253.118.0-255,5738,83632,56,83764
34084,0.00854,172.31.46.0-255,66,83698,56,83764
34085,0.008689,172.253.118.0-255,66,83764,56,83764
34086,0.0,172.217.194.0-255,146,146,56,107812
34087,2.3e-05,172.31.46.0-255,66,212,56,107812
34088,3e-05,172.217.194.0-255,1484,1696,56,107812
34089,3.5e-05,172.31.46.0-255,66,1762,56,107812
34090,4e-05,172.217.194.0-255,2902,4664,56,107812
34091,4.3e-05,172.31.46.0-255,66,4730,56,107812
34092,5e-05,172.217.194.0-255,5738,10468,56,107812
34093,5.3e-05,172.31.46.0-255,66,10534,56,107812
34094,7.1e-05,172.217.194.0-255,1484,12018,56,107812
34095,7.4e-05,172.31.46.0-255,66,12084,56,107812
34096,7.9e-05,172.217.194.0-255,2076,14160,56,107812
34097,8.1e-05,172.31.46.0-255,66,14226,56,107812
34098,0.000148,172.217.194.0-255,1484,15710,56,107812
34099,0.000152,172.31.46.0-255,66,15776,56,107812
34100,0.000155,172.217.194.0-255,1484,17260,56,107812
34101,0.000157,172.31.46.0-255,66,17326,56,107812
34102,0.000174,172.217.194.0-255,1484,18810,56,107812
34103,0.000176,172.31.46.0-255,66,18876,56,107812
34104,0.000182,172.217.194.0-255,4320,23196,56,107812
34105,0.000184,172.31.46.0-255,66,23262,56,107812
34106,0.000206,172.217.194.0-255,1484,24746,56,107812
34107,0.000208,172.31.46.0-255,66,24812,56,107812
34108,0.000235,172.217.194.0-255,4320,29132,56,107812
34109,0.000238,172.31.46.0-255,66,29198,56,107812
34110,0.000259,172.31.46.0-255,66,29264,56,107812
34111,0.000272,172.217.194.0-255,1484,30748,56,107812
34112,0.000275,172.31.46.0-255,66,30814,56,107812
34113,0.0003,172.31.46.0-255,66,30880,56,107812
34114,0.000606,172.217.194.0-255,1484,32364,56,107812
34115,0.000611,172.31.46.0-255,66,32430,56,107812
34116,0.000617,172.217.194.0-255,2902,35332,56,107812
34117,0.00062,172.31.46.0-255,66,35398,56,107812
34118,0.000627,172.217.194.0-255,5738,41136,56,107812
34119,0.00063,172.31.46.0-255,66,41202,56,107812
34120,0.000637,172.217.194.0-255,5738,46940,56,107812
34121,0.000639,172.31.46.0-255,66,47006,56,107812
34122,0.000688,172.217.194.0-255,1484,48490,56,107812
34123,0.000703,172.217.194.0-255,2543,51033,56,107812
34124,0.000707,172.31.46.0-255,66,51099,56,107812
34125,0.00071,172.217.194.0-255,1484,52583,56,107812
34126,0.00073,172.217.194.0-255,2902,55485,56,107812
34127,0.000733,172.31.46.0-255,66,55551,56,107812
34128,0.000752,172.217.194.0-255,1484,57035,56,107812
34129,0.000794,172.31.46.0-255,66,57101,56,107812
34130,0.000797,172.217.194.0-255,646,57747,56,107812
34131,0.0008,172.217.194.0-255,1484,59231,56,107812
34132,0.000802,172.31.46.0-255,66,59297,56,107812
34133,0.000809,172.217.194.0-255,4320,63617,56,107812
34134,0.000811,172.31.46.0-255,66,63683,56,107812
34135,0.000814,172.217.194.0-255,1484,65167,56,107812
34136,0.000847,172.217.194.0-255,2902,68069,56,107812
34137,0.00085,172.31.46.0-255,66,68135,56,107812
34138,0.000873,172.217.194.0-255,6797,74932,56,107812
34139,0.000876,172.31.46.0-255,66,74998,56,107812
34140,0.001115,172.217.194.0-255,1484,76482,56,107812
34141,0.00112,172.217.194.0-255,1484,77966,56,107812
34142,0.001123,172.31.46.0-255,66,78032,56,107812
34143,0.001142,172.217.194.0-255,1484,79516,56,107812
34144,0.001147,172.217.194.0-255,4320,83836,56,107812
34145,0.00115,172.31.46.0-255,66,83902,56,107812
34146,0.001202,172.217.194.0-255,4320,88222,56,107812
34147,0.001205,172.31.46.0-255,66,88288,56,107812
34148,0.001226,172.217.194.0-255,3398,91686,56,107812
34149,0.001229,172.31.46.0-255,66,91752,56,107812
34150,0.003549,172.217.194.0-255,5738,97490,56,107812
34151,0.003564,172.31.46.0-255,66,97556,56,107812
34152,0.005895,172.217.194.0-255,4320,101876,56,107812
34153,0.005899,172.31.46.0-255,66,101942,56,107812
34154,0.005915,172.217.194.0-255,1484,103426,56,107812
34155,0.00823,172.217.194.0-255,4320,107746,56,107812
34156,0.008237,172.31.46.0-255,66,107812,56,107812
34157,0.0,172.217.194.0-255,146,146,56,193423
34158,1.9e-05,172.31.46.0-255,66,212,56,193423
34159,2.6e-05,172.217.194.0-255,1484,1696,56,193423
34160,3.1e-05,172.31.46.0-255,66,1762,56,193423
34161,3.7e-05,172.217.194.0-255,2902,4664,56,193423
34162,4.7e-05,172.31.46.0-255,66,4730,56,193423
34163,5.4e-05,172.217.194.0-255,7156,11886,56,193423
34164,5.7e-05,172.31.46.0-255,66,11952,56,193423
34165,6e-05,172.217.194.0-255,2090,14042,56,193423
34166,6.3e-05,172.31.46.0-255,66,14108,56,193423
34167,0.000123,172.217.194.0-255,5738,19846,56,193423
34168,0.000126,172.31.46.0-255,66,19912,56,193423
34169,0.000156,172.217.194.0-255,5738,25650,56,193423
34170,0.000158,172.31.46.0-255,66,25716,56,193423
34171,0.000174,172.31.46.0-255,66,25782,56,193423
34172,0.00018,172.217.194.0-255,7156,32938,56,193423
34173,0.000182,172.31.46.0-255,66,33004,56,193423
34174,0.000214,172.217.194.0-255,2184,35188,56,193423
34175,0.000216,172.31.46.0-255,66,35254,56,193423
34176,0.000601,172.217.194.0-255,1484,36738,56,193423
34177,0.000606,172.31.46.0-255,66,36804,56,193423
34178,0.000611,172.217.194.0-255,2902,39706,56,193423
34179,0.000613,172.31.46.0-255,66,39772,56,193423
34180,0.000635,172.217.194.0-255,5738,45510,56,193423
34181,0.000637,172.31.46.0-255,66,45576,56,193423
34182,0.000679,172.217.194.0-255,5738,51314,56,193423
34183,0.000684,172.31.46.0-255,66,51380,56,193423
34184,0.000691,172.217.194.0-255,1431,52811,56,193423
34185,0.000693,172.31.46.0-255,66,52877,56,193423
34186,0.000973,172.217.194.0-255,1484,54361,56,193423
34187,0.000977,172.31.46.0-255,66,54427,56,193423
34188,0.000982,172.217.194.0-255,2902,57329,56,193423
34189,0.001011,172.217.194.0-255,5738,63067,56,193423
34190,0.001025,172.217.194.0-255,4320,67387,56,193423
34191,0.001035,172.31.46.0-255,66,67453,56,193423
34192,0.001055,172.31.46.0-255,66,67519,56,193423
34193,0.001082,172.217.194.0-255,4320,71839,56,193423
34194,0.001089,172.31.46.0-255,66,71905,56,193423
34195,0.001118,172.217.194.0-255,6438,78343,56,193423
34196,0.001122,172.31.46.0-255,66,78409,56,193423
34197,0.001599,172.217.194.0-255,1484,79893,56,193423
34198,0.001606,172.217.194.0-255,1484,81377,56,193423
34199,0.00161,172.31.46.0-255,66,81443,56,193423
34200,0.001629,172.217.194.0-255,1484,82927,56,193423
34201,0.001636,172.217.194.0-255,5738,88665,56,193423
34202,0.001642,172.217.194.0-255,7156,95821,56,193423
34203,0.001656,172.217.194.0-255,5738,101559,56,193423
34204,0.001691,172.217.194.0-255,7156,108715,56,193423
34205,0.001707,172.217.194.0-255,4320,113035,56,193423
34206,0.001712,172.217.194.0-255,4320,117355,56,193423
34207,0.001768,172.217.194.0-255,4320,121675,56,193423
34208,0.001784,172.217.194.0-255,3602,125277,56,193423
34209,0.001812,172.217.194.0-255,1484,126761,56,193423
34210,0.001834,172.217.194.0-255,2902,129663,56,193423
34211,0.001851,172.217.194.0-255,1484,131147,56,193423
34212,0.001868,172.217.194.0-255,4320,135467,56,193423
34213,0.001875,172.217.194.0-255,7156,142623,56,193423
34214,0.00189,172.217.194.0-255,2902,145525,56,193423
34215,0.001924,172.217.194.0-255,5738,151263,56,193423
34216,0.001987,172.217.194.0-255,1484,152747,56,193423
34217,0.002103,172.217.194.0-255,766,153513,56,193423
34218,0.002136,172.217.194.0-255,1484,154997,56,193423
34219,0.002139,172.217.194.0-255,1484,156481,56,193423
34220,0.00215,172.217.194.0-255,1484,157965,56,193423
34221,0.002169,172.217.194.0-255,4320,162285,56,193423
34222,0.002184,172.217.194.0-255,1484,163769,56,193423
34223,0.002189,172.217.194.0-255,2902,166671,56,193423
34224,0.002204,172.217.194.0-255,4320,170991,56,193423
34225,0.00222,172.217.194.0-255,5738,176729,56,193423
34226,0.00224,172.217.194.0-255,4320,181049,56,193423
34227,0.002258,172.217.194.0-255,4320,185369,56,193423
34228,0.002281,172.217.194.0-255,2184,187553,56,193423
34229,0.005307,172.31.46.0-255,66,187619,56,193423
34230,0.007689,172.217.194.0-255,5738,193357,56,193423
34231,0.007696,172.31.46.0-255,66,193423,56,193423
34232,0.0,172.217.194.0-255,146,146,56,99382
34233,2.2e-05,172.31.46.0-255,66,212,56,99382
34234,2.9e-05,172.217.194.0-255,1484,1696,56,99382
34235,3.4e-05,172.31.46.0-255,66,1762,56,99382
34236,4.1e-05,172.217.194.0-255,2902,4664,56,99382
34237,4.4e-05,172.31.46.0-255,66,4730,56,99382
34238,5.2e-05,172.217.194.0-255,7156,11886,56,99382
34239,5.6e-05,172.31.46.0-255,66,11952,56,99382
34240,6.2e-05,172.217.194.0-255,4905,16857,56,99382
34241,6.5e-05,172.31.46.0-255,66,16923,56,99382
34242,0.000104,172.31.46.0-255,66,16989,56,99382
34243,0.000164,172.31.46.0-255,66,17055,56,99382
34244,0.000177,172.217.194.0-255,1484,18539,56,99382
34245,0.00018,172.31.46.0-255,66,18605,56,99382
34246,0.000184,172.217.194.0-255,2543,21148,56,99382
34247,0.000187,172.31.46.0-255,66,21214,56,99382
34248,0.000599,172.217.194.0-255,1484,22698,56,99382
34249,0.000605,172.31.46.0-255,66,22764,56,99382
34250,0.000612,172.217.194.0-255,2902,25666,56,99382
34251,0.000614,172.31.46.0-255,66,25732,56,99382
34252,0.000621,172.217.194.0-255,5738,31470,56,99382
34253,0.000623,172.31.46.0-255,66,31536,56,99382
34254,0.000662,172.217.194.0-255,5738,37274,56,99382
34255,0.000665,172.31.46.0-255,66,37340,56,99382
34256,0.000685,172.217.194.0-255,1705,39045,56,99382
34257,0.000689,172.31.46.0-255,66,39111,56,99382
34258,0.000729,172.217.194.0-255,1484,40595,56,99382
34259,0.000732,172.31.46.0-255,66,40661,56,99382
34260,0.000737,172.217.194.0-255,2902,43563,56,99382
34261,0.000739,172.31.46.0-255,66,43629,56,99382
34262,0.000757,172.217.194.0-255,5738,49367,56,99382
34263,0.00076,172.31.46.0-255,66,49433,56,99382
34264,0.000767,172.217.194.0-255,6797,56230,56,99382
34265,0.00077,172.31.46.0-255,66,56296,56,99382
34266,0.000797,172.217.194.0-255,4320,60616,56,99382
34267,0.0008,172.31.46.0-255,66,60682,56,99382
34268,0.00083,172.31.46.0-255,66,60748,56,99382
34269,0.000837,172.217.194.0-255,7156,67904,56,99382
34270,0.00084,172.31.46.0-255,66,67970,56,99382
34271,0.000867,172.31.46.0-255,66,68036,56,99382
34272,0.000876,172.217.194.0-255,1520,69556,56,99382
34273,0.000878,172.31.46.0-255,66,69622,56,99382
34274,0.000906,172.217.194.0-255,212,69834,56,99382
34275,0.000909,172.31.46.0-255,66,69900,56,99382
34276,0.001195,172.217.194.0-255,1484,71384,56,99382
34277,0.001199,172.31.46.0-255,66,71450,56,99382
34278,0.001205,172.217.194.0-255,2902,74352,56,99382
34279,0.001207,172.31.46.0-255,66,74418,56,99382
34280,0.001222,172.217.194.0-255,1484,75902,56,99382
34281,0.001224,172.31.46.0-255,66,75968,56,99382
34282,0.001252,172.217.194.0-255,4320,80288,56,99382
34283,0.001255,172.31.46.0-255,66,80354,56,99382
34284,0.001268,172.31.46.0-255,66,80420,56,99382
34285,0.001298,172.217.194.0-255,1484,81904,56,99382
34286,0.00132,172.31.46.0-255,66,81970,56,99382
34287,0.003643,172.217.194.0-255,5738,87708,56,99382
34288,0.003651,172.31.46.0-255,66,87774,56,99382
34289,0.005963,172.217.194.0-255,5738,93512,56,99382
34290,0.005969,172.31.46.0-255,66,93578,56,99382
34291,0.008275,172.217.194.0-255,5738,99316,56,99382
34292,0.008281,172.31.46.0-255,66,99382,56,99382
34293,0.0,172.217.194.0-255,152,152,56,180730
34294,2.3e-05,172.31.46.0-255,66,218,56,180730
34295,3e-05,172.217.194.0-255,1484,1702,56,180730
34296,3.6e-05,172.31.46.0-255,66,1768,56,180730
34297,4.2e-05,172.217.194.0-255,2902,4670,56,180730
34298,5.3e-05,172.31.46.0-255,66,4736,56,180730
34299,6.1e-05,172.217.194.0-255,7156,11892,56,180730
34300,6.4e-05,172.31.46.0-255,66,11958,56,180730
34301,6.8e-05,172.217.194.0-255,2047,14005,56,180730
34302,7.2e-05,172.31.46.0-255,66,14071,56,180730
34303,9.3e-05,172.217.194.0-255,2902,16973,56,180730
34304,9.7e-05,172.31.46.0-255,66,17039,56,180730
34305,0.000102,172.217.194.0-255,2902,19941,56,180730
34306,0.000104,172.31.46.0-255,66,20007,56,180730
34307,0.000138,172.217.194.0-255,4320,24327,56,180730
34308,0.000142,172.31.46.0-255,66,24393,56,180730
34309,0.00015,172.217.194.0-255,6797,31190,56,180730
34310,0.000152,172.31.46.0-255,66,31256,56,180730
34311,0.000234,172.217.194.0-255,1484,32740,56,180730
34312,0.000237,172.31.46.0-255,66,32806,56,180730
34313,0.000242,172.217.194.0-255,2902,35708,56,180730
34314,0.000245,172.31.46.0-255,66,35774,56,180730
34315,0.000256,172.217.194.0-255,5738,41512,56,180730
34316,0.000259,172.31.46.0-255,66,41578,56,180730
34317,0.000291,172.217.194.0-255,6797,48375,56,180730
34318,0.000293,172.31.46.0-255,66,48441,56,180730
34319,0.000359,172.217.194.0-255,1484,49925,56,180730
34320,0.000362,172.31.46.0-255,66,49991,56,180730
34321,0.000367,172.217.194.0-255,2902,52893,56,180730
34322,0.000369,172.31.46.0-255,66,52959,56,180730
34323,0.00038,172.217.194.0-255,4320,57279,56,180730
34324,0.000383,172.31.46.0-255,66,57345,56,180730
34325,0.000414,172.217.194.0-255,4320,61665,56,180730
34326,0.000436,172.217.194.0-255,1484,63149,56,180730
34327,0.000441,172.217.194.0-255,2855,66004,56,180730
34328,0.000478,172.217.194.0-255,397,66401,56,180730
34329,0.000542,172.217.194.0-255,1484,67885,56,180730
34330,0.000547,172.217.194.0-255,2902,70787,56,180730
34331,0.00055,172.217.194.0-255,1484,72271,56,180730
34332,0.000571,172.217.194.0-255,4320,76591,56,180730
34333,0.000595,172.217.194.0-255,4320,80911,56,180730
34334,0.000602,172.217.194.0-255,5738,86649,56,180730
34335,0.000621,172.217.194.0-255,4470,91119,56,180730
34336,0.000639,172.217.194.0-255,2902,94021,56,180730
34337,0.000656,172.217.194.0-255,5738,99759,56,180730
34338,0.000688,172.217.194.0-255,1484,101243,56,180730
34339,0.000708,172.217.194.0-255,6797,108040,56,180730
34340,0.00075,172.31.46.0-255,66,108106,56,180730
34341,0.000877,172.217.194.0-255,1484,109590,56,180730
34342,0.0009,172.217.194.0-255,2902,112492,56,180730
34343,0.000906,172.217.194.0-255,4320,116812,56,180730
34344,0.000922,172.217.194.0-255,1484,118296,56,180730
34345,0.000928,172.217.194.0-255,2902,121198,56,180730
34346,0.000937,172.31.46.0-255,66,121264,56,180730
34347,0.000973,172.217.194.0-255,766,122030,56,180730
34348,0.000998,172.31.46.0-255,66,122096,56,180730
34349,0.001176,172.217.194.0-255,1484,123580,56,180730
34350,0.001182,172.217.194.0-255,2902,126482,56,180730
34351,0.001199,172.31.46.0-255,66,126548,56,180730
34352,0.001207,172.217.194.0-255,5738,132286,56,180730
34353,0.001225,172.217.194.0-255,2902,135188,56,180730
34354,0.001229,172.31.46.0-255,66,135254,56,180730
34355,0.001288,172.31.46.0-255,66,135320,56,180730
34356,0.001297,172.217.194.0-255,4320,139640,56,180730
34357,0.001302,172.31.46.0-255,66,139706,56,180730
34358,0.00132,172.217.194.0-255,7156,146862,56,180730
34359,0.001372,172.31.46.0-255,66,146928,56,180730
34360,0.001382,172.31.46.0-255,66,146994,56,180730
34361,0.002095,172.217.194.0-255,1484,148478,56,180730
34362,0.002101,172.217.194.0-255,2902,151380,56,180730
34363,0.002105,172.31.46.0-255,66,151446,56,180730
34364,0.002112,172.217.194.0-255,5738,157184,56,180730
34365,0.002156,172.31.46.0-255,66,157250,56,180730
34366,0.002193,172.217.194.0-255,2902,160152,56,180730
34367,0.002199,172.31.46.0-255,66,160218,56,180730
34368,0.002236,172.31.46.0-255,66,160284,56,180730
34369,0.002326,172.217.194.0-255,1484,161768,56,180730
34370,0.002339,172.217.194.0-255,2902,164670,56,180730
34371,0.002343,172.31.46.0-255,66,164736,56,180730
34372,0.00235,172.217.194.0-255,5738,170474,56,180730
34373,0.002386,172.217.194.0-255,2902,173376,56,180730
34374,0.002431,172.217.194.0-255,1484,174860,56,180730
34375,0.007027,172.31.46.0-255,66,174926,56,180730
34376,0.009384,172.217.194.0-255,5738,180664,56,180730
34377,0.009392,172.31.46.0-255,66,180730,56,180730
34378,0.0,172.31.46.0-255,66,66,56,66
34379,0.0,74.125.24.0-255,153,153,56,182407
34380,2.3e-05,172.31.46.0-255,66,219,56,182407
34381,3e-05,74.125.24.0-255,1484,1703,56,182407
34382,3.4e-05,172.31.46.0-255,66,1769,56,182407
34383,4.3e-05,74.125.24.0-255,2902,4671,56,182407
34384,5.6e-05,172.31.46.0-255,66,4737,56,182407
34385,6.4e-05,74.125.24.0-255,7156,11893,56,182407
34386,6.7e-05,172.31.46.0-255,66,11959,56,182407
34387,7.2e-05,74.125.24.0-255,2124,14083,56,182407
34388,7.4e-05,172.31.46.0-255,66,14149,56,182407
34389,0.000161,74.125.24.0-255,1484,15633,56,182407
34390,0.000164,172.31.46.0-255,66,15699,56,182407
34391,0.000168,74.125.24.0-255,1484,17183,56,182407
34392,0.00017,172.31.46.0-255,66,17249,56,182407
34393,0.000195,74.125.24.0-255,1484,18733,56,182407
34394,0.000198,172.31.46.0-255,66,18799,56,182407
34395,0.000209,74.125.24.0-255,5738,24537,56,182407
34396,0.000212,172.31.46.0-255,66,24603,56,182407
34397,0.000215,74.125.24.0-255,1484,26087,56,182407
34398,0.000217,172.31.46.0-255,66,26153,56,182407
34399,0.000255,74.125.24.0-255,5379,31532,56,182407
34400,0.000258,172.31.46.0-255,66,31598,56,182407
34401,0.000272,172.31.46.0-255,66,31664,56,182407
34402,0.000281,74.125.24.0-255,2543,34207,56,182407
34403,0.000283,172.31.46.0-255,66,34273,56,182407
34404,0.000573,74.125.24.0-255,1484,35757,56,182407
34405,0.000579,172.31.46.0-255,66,35823,56,182407
34406,0.000585,74.125.24.0-255,2902,38725,56,182407
34407,0.000587,172.31.46.0-255,66,38791,56,182407
34408,0.000622,74.125.24.0-255,5738,44529,56,182407
34409,0.000625,172.31.46.0-255,66,44595,56,182407
34410,0.000631,74.125.24.0-255,5738,50333,56,182407
34411,0.000633,172.31.46.0-255,66,50399,56,182407
34412,0.000667,74.125.24.0-255,1705,52104,56,182407
34413,0.00067,172.31.46.0-255,66,52170,56,182407
34414,0.000675,74.125.24.0-255,2902,55072,56,182407
34415,0.000676,172.31.46.0-255,66,55138,56,182407
34416,0.000688,74.125.24.0-255,7156,62294,56,182407
34417,0.00069,172.31.46.0-255,66,62360,56,182407
34418,0.000761,172.31.46.0-255,66,62426,56,182407
34419,0.000778,172.31.46.0-255,66,62492,56,182407
34420,0.00078,74.125.24.0-255,1125,63617,56,182407
34421,0.001267,74.125.24.0-255,1484,65101,56,182407
34422,0.001271,172.31.46.0-255,66,65167,56,182407
34423,0.001276,74.125.24.0-255,2902,68069,56,182407
34424,0.001278,172.31.46.0-255,66,68135,56,182407
34425,0.001283,74.125.24.0-255,5738,73873,56,182407
34426,0.001285,172.31.46.0-255,66,73939,56,182407
34427,0.001329,172.31.46.0-255,66,74005,56,182407
34428,0.001354,74.125.24.0-255,1484,75489,56,182407
34429,0.001357,74.125.24.0-255,1484,76973,56,182407
34430,0.001359,172.31.46.0-255,66,77039,56,182407
34431,0.001391,172.31.46.0-255,66,77105,56,182407
34432,0.001397,74.125.24.0-255,766,77871,56,182407
34433,0.001477,74.125.24.0-255,1484,79355,56,182407
34434,0.00148,172.31.46.0-255,66,79421,56,182407
34435,0.001485,74.125.24.0-255,2902,82323,56,182407
34436,0.001486,172.31.46.0-255,66,82389,56,182407
34437,0.00149,74.125.24.0-255,1484,83873,56,182407
34438,0.001527,74.125.24.0-255,4320,88193,56,182407
34439,0.001529,172.31.46.0-255,66,88259,56,182407
34440,0.001532,74.125.24.0-255,1484,89743,56,182407
34441,0.001545,172.31.46.0-255,66,89809,56,182407
34442,0.001572,74.125.24.0-255,4320,94129,56,182407
34443,0.001574,172.31.46.0-255,66,94195,56,182407
34444,0.001609,172.31.46.0-255,66,94261,56,182407
34445,0.001649,74.125.24.0-255,1484,95745,56,182407
34446,0.001668,74.125.24.0-255,2902,98647,56,182407
34447,0.00167,172.31.46.0-255,66,98713,56,182407
34448,0.001674,74.125.24.0-255,2902,101615,56,182407
34449,0.001677,172.31.46.0-255,66,101681,56,182407
34450,0.001708,74.125.24.0-255,2902,104583,56,182407
34451,0.00171,172.31.46.0-255,66,104649,56,182407
34452,0.001723,172.31.46.0-255,66,104715,56,182407
34453,0.001734,74.125.24.0-255,7156,111871,56,182407
34454,0.001736,172.31.46.0-255,66,111937,56,182407
34455,0.001766,74.125.24.0-255,3602,115539,56,182407
34456,0.001768,172.31.46.0-255,66,115605,56,182407
34457,0.001939,74.125.24.0-255,1484,117089,56,182407
34458,0.001945,74.125.24.0-255,2902,119991,56,182407
34459,0.001947,172.31.46.0-255,66,120057,56,182407
34460,0.001975,74.125.24.0-255,5738,125795,56,182407
34461,0.001978,172.31.46.0-255,66,125861,56,182407
34462,0.001984,74.125.24.0-255,5738,131599,56,182407
34463,0.001986,172.31.46.0-255,66,131665,56,182407
34464,0.002018,74.125.24.0-255,1484,133149,56,182407
34465,0.002032,172.31.46.0-255,66,133215,56,182407
34466,0.002036,74.125.24.0-255,2184,135399,56,182407
34467,0.002038,172.31.46.0-255,66,135465,56,182407
34468,0.002066,74.125.24.0-255,4320,139785,56,182407
34469,0.00207,172.31.46.0-255,66,139851,56,182407
34470,0.002086,74.125.24.0-255,4320,144171,56,182407
34471,0.002092,172.31.46.0-255,66,144237,56,182407
34472,0.002108,172.31.46.0-255,66,144303,56,182407
34473,0.002171,172.31.46.0-255,66,144369,56,182407
34474,0.002194,74.125.24.0-255,6438,150807,56,182407
34475,0.002196,172.31.46.0-255,66,150873,56,182407
34476,0.002198,74.125.24.0-255,1484,152357,56,182407
34477,0.002202,74.125.24.0-255,2902,155259,56,182407
34478,0.002204,172.31.46.0-255,66,155325,56,182407
34479,0.00221,74.125.24.0-255,5738,161063,56,182407
34480,0.002212,172.31.46.0-255,66,161129,56,182407
34481,0.002246,172.31.46.0-255,66,161195,56,182407
34482,0.002285,172.31.46.0-255,66,161261,56,182407
34483,0.00229,74.125.24.0-255,5020,166281,56,182407
34484,0.002292,172.31.46.0-255,66,166347,56,182407
34485,0.00457,74.125.24.0-255,5738,172085,56,182407
34486,0.004582,172.31.46.0-255,66,172151,56,182407
34487,0.006835,74.125.24.0-255,4320,176471,56,182407
34488,0.00684,172.31.46.0-255,66,176537,56,182407
34489,0.00686,74.125.24.0-255,1484,178021,56,182407
34490,0.009102,74.125.24.0-255,4320,182341,56,182407
34491,0.009109,172.31.46.0-255,66,182407,56,182407
34492,0.0,172.217.194.0-255,152,152,56,142648
34493,2.1e-05,172.31.46.0-255,66,218,56,142648
34494,2.8e-05,172.217.194.0-255,1484,1702,56,142648
34495,3.2e-05,172.31.46.0-255,66,1768,56,142648
34496,4.7e-05,172.217.194.0-255,2902,4670,56,142648
34497,5e-05,172.31.46.0-255,66,4736,56,142648
34498,7.8e-05,172.217.194.0-255,5738,10474,56,142648
34499,8e-05,172.31.46.0-255,66,10540,56,142648
34500,9.8e-05,172.217.194.0-255,2902,13442,56,142648
34501,0.0001,172.31.46.0-255,66,13508,56,142648
34502,0.00012,172.217.194.0-255,6335,19843,56,142648
34503,0.000122,172.31.46.0-255,66,19909,56,142648
34504,0.000129,172.217.194.0-255,7156,27065,56,142648
34505,0.000131,172.31.46.0-255,66,27131,56,142648
34506,0.000148,172.217.194.0-255,2902,30033,56,142648
34507,0.00015,172.31.46.0-255,66,30099,56,142648
34508,0.000153,172.217.194.0-255,1125,31224,56,142648
34509,0.000155,172.31.46.0-255,66,31290,56,142648
34510,0.000245,172.217.194.0-255,1484,32774,56,142648
34511,0.000249,172.31.46.0-255,66,32840,56,142648
34512,0.000261,172.217.194.0-255,2902,35742,56,142648
34513,0.000263,172.31.46.0-255,66,35808,56,142648
34514,0.00028,172.217.194.0-255,2902,38710,56,142648
34515,0.000282,172.31.46.0-255,66,38776,56,142648
34516,0.000295,172.217.194.0-255,2902,41678,56,142648
34517,0.000298,172.31.46.0-255,66,41744,56,142648
34518,0.000304,172.217.194.0-255,7156,48900,56,142648
34519,0.000307,172.31.46.0-255,66,48966,56,142648
34520,0.000364,172.217.194.0-255,2902,51868,56,142648
34521,0.000367,172.31.46.0-255,66,51934,56,142648
34522,0.000395,172.31.46.0-255,66,52000,56,142648
34523,0.000399,172.217.194.0-255,2497,54497,56,142648
34524,0.000431,172.31.46.0-255,66,54563,56,142648
34525,0.000581,172.217.194.0-255,364,54927,56,142648
34526,0.000706,172.217.194.0-255,1484,56411,56,142648
34527,0.000718,172.217.194.0-255,2902,59313,56,142648
34528,0.000732,172.217.194.0-255,1484,60797,56,142648
34529,0.000736,172.31.46.0-255,66,60863,56,142648
34530,0.000747,172.217.194.0-255,4320,65183,56,142648
34531,0.000761,172.217.194.0-255,4320,69503,56,142648
34532,0.000775,172.217.194.0-255,4320,73823,56,142648
34533,0.000781,172.31.46.0-255,66,73889,56,142648
34534,0.000818,172.217.194.0-255,5738,79627,56,142648
34535,0.000821,172.31.46.0-255,66,79693,56,142648
34536,0.00084,172.217.194.0-255,5738,85431,56,142648
34537,0.000849,172.31.46.0-255,66,85497,56,142648
34538,0.000861,172.217.194.0-255,3602,89099,56,142648
34539,0.00088,172.31.46.0-255,66,89165,56,142648
34540,0.001121,172.217.194.0-255,1484,90649,56,142648
34541,0.001135,172.217.194.0-255,2902,93551,56,142648
34542,0.001139,172.31.46.0-255,66,93617,56,142648
34543,0.001143,172.217.194.0-255,1484,95101,56,142648
34544,0.001161,172.217.194.0-255,2902,98003,56,142648
34545,0.001164,172.217.194.0-255,1484,99487,56,142648
34546,0.001175,172.31.46.0-255,66,99553,56,142648
34547,0.001186,172.217.194.0-255,4320,103873,56,142648
34548,0.00119,172.31.46.0-255,66,103939,56,142648
34549,0.00123,172.217.194.0-255,5738,109677,56,142648
34550,0.001245,172.31.46.0-255,66,109743,56,142648
34551,0.001277,172.217.194.0-255,1635,111378,56,142648
34552,0.001287,172.31.46.0-255,66,111444,56,142648
34553,0.00188,172.217.194.0-255,1484,112928,56,142648
34554,0.001889,172.217.194.0-255,1484,114412,56,142648
34555,0.001893,172.31.46.0-255,66,114478,56,142648
34556,0.00191,172.217.194.0-255,1484,115962,56,142648
34557,0.001918,172.217.194.0-255,5738,121700,56,142648
34558,0.001963,172.217.194.0-255,4320,126020,56,142648
34559,0.001999,172.217.194.0-255,4320,130340,56,142648
34560,0.002017,172.217.194.0-255,6438,136778,56,142648
34561,0.006816,172.31.46.0-255,66,136844,56,142648
34562,0.009184,172.217.194.0-255,5738,142582,56,142648
34563,0.009197,172.31.46.0-255,66,142648,56,142648
34564,0.0,74.125.68.0-255,152,152,56,110070
34565,2.2e-05,172.31.46.0-255,66,218,56,110070
34566,2.9e-05,74.125.68.0-255,1484,1702,56,110070
34567,3.4e-05,172.31.46.0-255,66,1768,56,110070
34568,3.8e-05,74.125.68.0-255,1484,3252,56,110070
34569,4.8e-05,172.31.46.0-255,66,3318,56,110070
34570,5.5e-05,74.125.68.0-255,2902,6220,56,110070
34571,5.8e-05,172.31.46.0-255,66,6286,56,110070
34572,6.5e-05,74.125.68.0-255,5738,12024,56,110070
34573,6.9e-05,172.31.46.0-255,66,12090,56,110070
34574,0.000106,74.125.68.0-255,2044,14134,56,110070
34575,0.000108,172.31.46.0-255,66,14200,56,110070
34576,0.000214,74.125.68.0-255,1484,15684,56,110070
34577,0.000219,172.31.46.0-255,66,15750,56,110070
34578,0.000245,74.125.68.0-255,2902,18652,56,110070
34579,0.000248,172.31.46.0-255,66,18718,56,110070
34580,0.000251,74.125.68.0-255,1484,20202,56,110070
34581,0.000253,172.31.46.0-255,66,20268,56,110070
34582,0.000289,74.125.68.0-255,4320,24588,56,110070
34583,0.000292,172.31.46.0-255,66,24654,56,110070
34584,0.000299,74.125.68.0-255,6797,31451,56,110070
34585,0.000302,172.31.46.0-255,66,31517,56,110070
34586,0.000374,74.125.68.0-255,1484,33001,56,110070
34587,0.000377,172.31.46.0-255,66,33067,56,110070
34588,0.000395,74.125.68.0-255,2902,35969,56,110070
34589,0.000398,172.31.46.0-255,66,36035,56,110070
34590,0.000433,74.125.68.0-255,5738,41773,56,110070
34591,0.000437,172.31.46.0-255,66,41839,56,110070
34592,0.000442,74.125.68.0-255,4320,46159,56,110070
34593,0.000444,172.31.46.0-255,66,46225,56,110070
34594,0.000482,74.125.68.0-255,2543,48768,56,110070
34595,0.000484,172.31.46.0-255,66,48834,56,110070
34596,0.000831,74.125.68.0-255,1484,50318,56,110070
34597,0.000846,74.125.68.0-255,2902,53220,56,110070
34598,0.000855,172.31.46.0-255,66,53286,56,110070
34599,0.000888,74.125.68.0-255,5738,59024,56,110070
34600,0.000891,172.31.46.0-255,66,59090,56,110070
34601,0.000897,74.125.68.0-255,2902,61992,56,110070
34602,0.000899,172.31.46.0-255,66,62058,56,110070
34603,0.000909,74.125.68.0-255,3961,66019,56,110070
34604,0.000911,172.31.46.0-255,66,66085,56,110070
34605,0.001301,74.125.68.0-255,645,66730,56,110070
34606,0.001661,74.125.68.0-255,1484,68214,56,110070
34607,0.001668,172.31.46.0-255,66,68280,56,110070
34608,0.001675,74.125.68.0-255,2902,71182,56,110070
34609,0.001677,172.31.46.0-255,66,71248,56,110070
34610,0.001706,74.125.68.0-255,2902,74150,56,110070
34611,0.001708,172.31.46.0-255,66,74216,56,110070
34612,0.001724,74.125.68.0-255,4320,78536,56,110070
34613,0.00173,172.31.46.0-255,66,78602,56,110070
34614,0.001762,74.125.68.0-255,4320,82922,56,110070
34615,0.001765,172.31.46.0-255,66,82988,56,110070
34616,0.001772,74.125.68.0-255,5738,88726,56,110070
34617,0.001774,172.31.46.0-255,66,88792,56,110070
34618,0.001803,172.31.46.0-255,66,88858,56,110070
34619,0.001807,74.125.68.0-255,766,89624,56,110070
34620,0.003788,74.125.68.0-255,4320,93944,56,110070
34621,0.003795,172.31.46.0-255,66,94010,56,110070
34622,0.005791,74.125.68.0-255,4320,98330,56,110070
34623,0.005794,172.31.46.0-255,66,98396,56,110070
34624,0.00582,74.125.68.0-255,1484,99880,56,110070
34625,0.007787,74.125.68.0-255,4320,104200,56,110070
34626,0.007794,172.31.46.0-255,66,104266,56,110070
34627,0.009795,74.125.68.0-255,5738,110004,56,110070
34628,0.009803,172.31.46.0-255,66,110070,56,110070
34629,0.0,172.217.194.0-255,297,297,56,183647
34630,1.7e-05,172.31.46.0-255,66,363,56,183647
34631,2.4e-05,172.217.194.0-255,1484,1847,56,183647
34632,2.7e-05,172.31.46.0-255,66,1913,56,183647
34633,3.3e-05,172.217.194.0-255,4320,6233,56,183647
34634,3.6e-05,172.31.46.0-255,66,6299,56,183647
34635,4.2e-05,172.217.194.0-255,5738,12037,56,183647
34636,4.5e-05,172.31.46.0-255,66,12103,56,183647
34637,6.8e-05,172.217.194.0-255,1484,13587,56,183647
34638,7e-05,172.31.46.0-255,66,13653,56,183647
34639,0.0001,172.31.46.0-255,66,13719,56,183647
34640,0.000107,172.217.194.0-255,6797,20516,56,183647
34641,0.00011,172.31.46.0-255,66,20582,56,183647
34642,0.000137,172.217.194.0-255,1484,22066,56,183647
34643,0.000139,172.31.46.0-255,66,22132,56,183647
34644,0.000142,172.217.194.0-255,1484,23616,56,183647
34645,0.000143,172.31.46.0-255,66,23682,56,183647
34646,0.000155,172.217.194.0-255,1484,25166,56,183647
34647,0.000157,172.31.46.0-255,66,25232,56,183647
34648,0.000163,172.217.194.0-255,5738,30970,56,183647
34649,0.000165,172.31.46.0-255,66,31036,56,183647
34650,0.000195,172.217.194.0-255,4320,35356,56,183647
34651,0.000198,172.31.46.0-255,66,35422,56,183647
34652,0.000213,172.217.194.0-255,5379,40801,56,183647
34653,0.000215,172.31.46.0-255,66,40867,56,183647
34654,0.000225,172.31.46.0-255,66,40933,56,183647
34655,0.00024,172.217.194.0-255,1484,42417,56,183647
34656,0.000242,172.31.46.0-255,66,42483,56,183647
34657,0.000257,172.217.194.0-255,2864,45347,56,183647
34658,0.000259,172.31.46.0-255,66,45413,56,183647
34659,0.000296,172.217.194.0-255,1484,46897,56,183647
34660,0.0003,172.217.194.0-255,1484,48381,56,183647
34661,0.000303,172.31.46.0-255,66,48447,56,183647
34662,0.000318,172.217.194.0-255,1484,49931,56,183647
34663,0.000325,172.217.194.0-255,5738,55669,56,183647
34664,0.000327,172.31.46.0-255,66,55735,56,183647
34665,0.000374,172.31.46.0-255,66,55801,56,183647
34666,0.000381,172.217.194.0-255,7156,62957,56,183647
34667,0.000383,172.31.46.0-255,66,63023,56,183647
34668,0.000402,172.31.46.0-255,66,63089,56,183647
34669,0.000605,172.217.194.0-255,1484,64573,56,183647
34670,0.000612,172.217.194.0-255,2902,67475,56,183647
34671,0.000616,172.31.46.0-255,66,67541,56,183647
34672,0.000623,172.217.194.0-255,2902,70443,56,183647
34673,0.000625,172.31.46.0-255,66,70509,56,183647
34674,0.000641,172.217.194.0-255,2902,73411,56,183647
34675,0.000643,172.31.46.0-255,66,73477,56,183647
34676,0.00065,172.217.194.0-255,5738,79215,56,183647
34677,0.000652,172.31.46.0-255,66,79281,56,183647
34678,0.000689,172.217.194.0-255,7156,86437,56,183647
34679,0.000692,172.31.46.0-255,66,86503,56,183647
34680,0.000704,172.31.46.0-255,66,86569,56,183647
34681,0.000706,172.217.194.0-255,766,87335,56,183647
34682,0.000734,172.217.194.0-255,1484,88819,56,183647
34683,0.000737,172.31.46.0-255,66,88885,56,183647
34684,0.00076,172.217.194.0-255,4320,93205,56,183647
34685,0.000763,172.31.46.0-255,66,93271,56,183647
34686,0.000767,172.217.194.0-255,2902,96173,56,183647
34687,0.000769,172.31.46.0-255,66,96239,56,183647
34688,0.000782,172.217.194.0-255,2902,99141,56,183647
34689,0.000785,172.31.46.0-255,66,99207,56,183647
34690,0.000788,172.217.194.0-255,1484,100691,56,183647
34691,0.000818,172.31.46.0-255,66,100757,56,183647
34692,0.000828,172.31.46.0-255,66,100823,56,183647
34693,0.000852,172.217.194.0-255,2184,103007,56,183647
34694,0.000854,172.31.46.0-255,66,103073,56,183647
34695,0.000886,172.217.194.0-255,1484,104557,56,183647
34696,0.000903,172.217.194.0-255,1484,106041,56,183647
34697,0.000906,172.31.46.0-255,66,106107,56,183647
34698,0.000912,172.217.194.0-255,2902,109009,56,183647
34699,0.000914,172.31.46.0-255,66,109075,56,183647
34700,0.000917,172.217.194.0-255,1484,110559,56,183647
34701,0.000941,172.217.194.0-255,4320,114879,56,183647
34702,0.000944,172.31.46.0-255,66,114945,56,183647
34703,0.000959,172.31.46.0-255,66,115011,56,183647
34704,0.000963,172.217.194.0-255,2902,117913,56,183647
34705,0.000965,172.31.46.0-255,66,117979,56,183647
34706,0.000993,172.217.194.0-255,6438,124417,56,183647
34707,0.000996,172.31.46.0-255,66,124483,56,183647
34708,0.001033,172.217.194.0-255,1484,125967,56,183647
34709,0.001059,172.217.194.0-255,2902,128869,56,183647
34710,0.001063,172.31.46.0-255,66,128935,56,183647
34711,0.001069,172.217.194.0-255,4320,133255,56,183647
34712,0.001071,172.31.46.0-255,66,133321,56,183647
34713,0.001109,172.31.46.0-255,66,133387,56,183647
34714,0.001141,172.31.46.0-255,66,133453,56,183647
34715,0.001161,172.217.194.0-255,2902,136355,56,183647
34716,0.001165,172.31.46.0-255,66,136421,56,183647
34717,0.001186,172.217.194.0-255,2184,138605,56,183647
34718,0.001188,172.31.46.0-255,66,138671,56,183647
34719,0.0013,172.217.194.0-255,1484,140155,56,183647
34720,0.001306,172.217.194.0-255,2902,143057,56,183647
34721,0.001309,172.31.46.0-255,66,143123,56,183647
34722,0.001315,172.217.194.0-255,2902,146025,56,183647
34723,0.001317,172.31.46.0-255,66,146091,56,183647
34724,0.00133,172.217.194.0-255,2902,148993,56,183647
34725,0.001333,172.217.194.0-255,1484,150477,56,183647
34726,0.001336,172.31.46.0-255,66,150543,56,183647
34727,0.001357,172.31.46.0-255,66,150609,56,183647
34728,0.001381,172.217.194.0-255,2902,153511,56,183647
34729,0.001384,172.31.46.0-255,66,153577,56,183647
34730,0.001396,172.31.46.0-255,66,153643,56,183647
34731,0.001448,172.217.194.0-255,1484,155127,56,183647
34732,0.001453,172.217.194.0-255,2902,158029,56,183647
34733,0.001455,172.31.46.0-255,66,158095,56,183647
34734,0.001462,172.217.194.0-255,5738,163833,56,183647
34735,0.001464,172.31.46.0-255,66,163899,56,183647
34736,0.001478,172.31.46.0-255,66,163965,56,183647
34737,0.001491,172.31.46.0-255,66,164031,56,183647
34738,0.001537,172.217.194.0-255,4320,168351,56,183647
34739,0.00154,172.31.46.0-255,66,168417,56,183647
34740,0.00158,172.31.46.0-255,66,168483,56,183647
34741,0.001599,172.31.46.0-255,66,168549,56,183647
34742,0.001629,172.217.194.0-255,5020,173569,56,183647
34743,0.001631,172.31.46.0-255,66,173635,56,183647
34744,0.001649,172.31.46.0-255,66,173701,56,183647
34745,0.001656,172.217.194.0-255,5738,179439,56,183647
34746,0.001659,172.31.46.0-255,66,179505,56,183647
34747,0.001697,172.31.46.0-255,66,179571,56,183647
34748,0.001717,172.217.194.0-255,3602,183173,56,183647
34749,0.00172,172.31.46.0-255,66,183239,56,183647
34750,0.001736,172.31.46.0-255,66,183305,56,183647
34751,0.001739,172.217.194.0-255,105,183410,56,183647
34752,0.004121,172.31.46.0-255,66,183476,56,183647
34753,0.004154,172.31.46.0-255,105,183581,56,183647
34754,0.006678,172.217.194.0-255,66,183647,56,183647
34755,0.0,74.125.24.0-255,153,153,56,204367
34756,1.4e-05,172.31.46.0-255,66,219,56,204367
34757,3.8e-05,74.125.24.0-255,1484,1703,56,204367
34758,4.2e-05,172.31.46.0-255,66,1769,56,204367
34759,4.5e-05,74.125.24.0-255,1484,3253,56,204367
34760,4.8e-05,172.31.46.0-255,66,3319,56,204367
34761,7.2e-05,74.125.24.0-255,1484,4803,56,204367
34762,7.5e-05,172.31.46.0-255,66,4869,56,204367
34763,9.4e-05,74.125.24.0-255,2902,7771,56,204367
34764,9.6e-05,172.31.46.0-255,66,7837,56,204367
34765,0.00015,74.125.24.0-255,4320,12157,56,204367
34766,0.000154,172.31.46.0-255,66,12223,56,204367
34767,0.000174,74.125.24.0-255,2902,15125,56,204367
34768,0.000176,172.31.46.0-255,66,15191,56,204367
34769,0.000202,74.125.24.0-255,1484,16675,56,204367
34770,0.000204,172.31.46.0-255,66,16741,56,204367
34771,0.000221,74.125.24.0-255,3429,20170,56,204367
34772,0.000223,172.31.46.0-255,66,20236,56,204367
34773,0.000226,74.125.24.0-255,1484,21720,56,204367
34774,0.000228,172.31.46.0-255,66,21786,56,204367
34775,0.000256,74.125.24.0-255,7156,28942,56,204367
34776,0.000258,172.31.46.0-255,66,29008,56,204367
34777,0.000262,74.125.24.0-255,2543,31551,56,204367
34778,0.000264,172.31.46.0-255,66,31617,56,204367
34779,0.000277,74.125.24.0-255,1484,33101,56,204367
34780,0.000278,172.31.46.0-255,66,33167,56,204367
34781,0.000302,74.125.24.0-255,2902,36069,56,204367
34782,0.000304,172.31.46.0-255,66,36135,56,204367
34783,0.000309,74.125.24.0-255,5738,41873,56,204367
34784,0.000311,172.31.46.0-255,66,41939,56,204367
34785,0.000337,74.125.24.0-255,5738,47677,56,204367
34786,0.000339,172.31.46.0-255,66,47743,56,204367
34787,0.000375,74.125.24.0-255,126,47869,56,204367
34788,0.000389,74.125.24.0-255,352,48221,56,204367
34789,0.000484,172.31.46.0-255,66,48287,56,204367
34790,0.000618,74.125.24.0-255,1484,49771,56,204367
34791,0.000622,74.125.24.0-255,1484,51255,56,204367
34792,0.000634,74.125.24.0-255,1484,52739,56,204367
34793,0.00064,74.125.24.0-255,5738,58477,56,204367
34794,0.000651,172.31.46.0-255,66,58543,56,204367
34795,0.000656,74.125.24.0-255,2902,61445,56,204367
34796,0.00066,172.31.46.0-255,66,61511,56,204367
34797,0.000692,74.125.24.0-255,2902,64413,56,204367
34798,0.000698,172.31.46.0-255,66,64479,56,204367
34799,0.000729,172.31.46.0-255,66,64545,56,204367
34800,0.000946,74.125.24.0-255,1484,66029,56,204367
34801,0.000971,74.125.24.0-255,2902,68931,56,204367
34802,0.000974,172.31.46.0-255,66,68997,56,204367
34803,0.000979,74.125.24.0-255,2902,71899,56,204367
34804,0.000995,74.125.24.0-255,2902,74801,56,204367
34805,0.000997,74.125.24.0-255,1484,76285,56,204367
34806,0.001002,172.31.46.0-255,66,76351,56,204367
34807,0.001039,74.125.24.0-255,2902,79253,56,204367
34808,0.001054,172.31.46.0-255,66,79319,56,204367
34809,0.001066,172.31.46.0-255,66,79385,56,204367
34810,0.001089,74.125.24.0-255,2184,81569,56,204367
34811,0.001106,172.31.46.0-255,66,81635,56,204367
34812,0.001124,74.125.24.0-255,1484,83119,56,204367
34813,0.001134,74.125.24.0-255,1484,84603,56,204367
34814,0.001143,172.31.46.0-255,66,84669,56,204367
34815,0.001152,74.125.24.0-255,1484,86153,56,204367
34816,0.001159,74.125.24.0-255,5738,91891,56,204367
34817,0.001182,74.125.24.0-255,4320,96211,56,204367
34818,0.001187,172.31.46.0-255,66,96277,56,204367
34819,0.00121,74.125.24.0-255,5738,102015,56,204367
34820,0.001213,172.31.46.0-255,66,102081,56,204367
34821,0.00124,74.125.24.0-255,1484,103565,56,204367
34822,0.001249,74.125.24.0-255,1484,105049,56,204367
34823,0.001257,172.31.46.0-255,66,105115,56,204367
34824,0.001261,74.125.24.0-255,2902,108017,56,204367
34825,0.001265,172.31.46.0-255,66,108083,56,204367
34826,0.001274,74.125.24.0-255,4320,112403,56,204367
34827,0.001295,74.125.24.0-255,3602,116005,56,204367
34828,0.001297,74.125.24.0-255,1484,117489,56,204367
34829,0.0013,172.31.46.0-255,66,117555,56,204367
34830,0.001304,172.31.46.0-255,66,117621,56,204367
34831,0.001323,74.125.24.0-255,7156,124777,56,204367
34832,0.001337,172.31.46.0-255,66,124843,56,204367
34833,0.001354,74.125.24.0-255,5738,130581,56,204367
34834,0.001357,74.125.24.0-255,1484,132065,56,204367
34835,0.001374,74.125.24.0-255,7156,139221,56,204367
34836,0.001382,172.31.46.0-255,66,139287,56,204367
34837,0.001416,74.125.24.0-255,2184,141471,56,204367
34838,0.001419,172.31.46.0-255,66,141537,56,204367
34839,0.001438,172.31.46.0-255,66,141603,56,204367
34840,0.001508,74.125.24.0-255,1484,143087,56,204367
34841,0.001592,74.125.24.0-255,1484,144571,56,204367
34842,0.001595,172.31.46.0-255,66,144637,56,204367
34843,0.001599,74.125.24.0-255,1484,146121,56,204367
34844,0.001613,74.125.24.0-255,1484,147605,56,204367
34845,0.001616,74.125.24.0-255,1484,149089,56,204367
34846,0.001618,74.125.24.0-255,1484,150573,56,204367
34847,0.001624,172.31.46.0-255,66,150639,56,204367
34848,0.001638,74.125.24.0-255,1484,152123,56,204367
34849,0.001662,74.125.24.0-255,1484,153607,56,204367
34850,0.001667,172.31.46.0-255,66,153673,56,204367
34851,0.001682,74.125.24.0-255,1484,155157,56,204367
34852,0.001714,74.125.24.0-255,2902,158059,56,204367
34853,0.00172,172.31.46.0-255,66,158125,56,204367
34854,0.001742,74.125.24.0-255,1484,159609,56,204367
34855,0.001794,172.31.46.0-255,66,159675,56,204367
34856,0.001827,74.125.24.0-255,1484,161159,56,204367
34857,0.00184,74.125.24.0-255,2902,164061,56,204367
34858,0.001854,74.125.24.0-255,2902,166963,56,204367
34859,0.001857,172.31.46.0-255,66,167029,56,204367
34860,0.001874,74.125.24.0-255,2902,169931,56,204367
34861,0.001879,172.31.46.0-255,66,169997,56,204367
34862,0.001911,74.125.24.0-255,4320,174317,56,204367
34863,0.001917,74.125.24.0-255,7156,181473,56,204367
34864,0.001926,172.31.46.0-255,66,181539,56,204367
34865,0.001956,74.125.24.0-255,2902,184441,56,204367
34866,0.001965,172.31.46.0-255,66,184507,56,204367
34867,0.001971,74.125.24.0-255,766,185273,56,204367
34868,0.002038,74.125.24.0-255,1484,186757,56,204367
34869,0.002042,74.125.24.0-255,2902,189659,56,204367
34870,0.002056,74.125.24.0-255,2902,192561,56,204367
34871,0.00206,172.31.46.0-255,66,192627,56,204367
34872,0.002095,172.31.46.0-255,66,192693,56,204367
34873,0.002098,74.125.24.0-255,1484,194177,56,204367
34874,0.004213,74.125.24.0-255,4320,198497,56,204367
34875,0.004221,172.31.46.0-255,66,198563,56,204367
34876,0.006312,74.125.24.0-255,5738,204301,56,204367
34877,0.008166,172.31.46.0-255,66,204367,56,204367
34878,0.0,172.217.194.0-255,146,146,56,148865
34879,2.3e-05,172.31.46.0-255,66,212,56,148865
34880,3e-05,172.217.194.0-255,1484,1696,56,148865
34881,3.5e-05,172.31.46.0-255,66,1762,56,148865
34882,4.8e-05,172.217.194.0-255,2902,4664,56,148865
34883,5.1e-05,172.31.46.0-255,66,4730,56,148865
34884,5.9e-05,172.217.194.0-255,7156,11886,56,148865
34885,6.3e-05,172.31.46.0-255,66,11952,56,148865
34886,6.8e-05,172.217.194.0-255,2003,13955,56,148865
34887,7.1e-05,172.31.46.0-255,66,14021,56,148865
34888,0.000162,172.217.194.0-255,1484,15505,56,148865
34889,0.000167,172.217.194.0-255,2902,18407,56,148865
34890,0.000172,172.31.46.0-255,66,18473,56,148865
34891,0.000176,172.31.46.0-255,66,18539,56,148865
34892,0.0002,172.217.194.0-255,5738,24277,56,148865
34893,0.000203,172.31.46.0-255,66,24343,56,148865
34894,0.000209,172.217.194.0-255,5738,30081,56,148865
34895,0.000211,172.31.46.0-255,66,30147,56,148865
34896,0.000254,172.217.194.0-255,4320,34467,56,148865
34897,0.000257,172.31.46.0-255,66,34533,56,148865
34898,0.000286,172.31.46.0-255,66,34599,56,148865
34899,0.000314,172.217.194.0-255,3961,38560,56,148865
34900,0.000317,172.31.46.0-255,66,38626,56,148865
34901,0.000403,172.217.194.0-255,1484,40110,56,148865
34902,0.000407,172.31.46.0-255,66,40176,56,148865
34903,0.000411,172.217.194.0-255,1484,41660,56,148865
34904,0.000413,172.31.46.0-255,66,41726,56,148865
34905,0.000444,172.217.194.0-255,1484,43210,56,148865
34906,0.000447,172.31.46.0-255,66,43276,56,148865
34907,0.000454,172.217.194.0-255,5738,49014,56,148865
34908,0.000456,172.31.46.0-255,66,49080,56,148865
34909,0.000466,172.217.194.0-255,4320,53400,56,148865
34910,0.000469,172.31.46.0-255,66,53466,56,148865
34911,0.000491,172.217.194.0-255,2543,56009,56,148865
34912,0.000494,172.31.46.0-255,66,56075,56,148865
34913,0.000547,172.217.194.0-255,380,56455,56,148865
34914,0.000551,172.31.46.0-255,66,56521,56,148865
34915,0.000787,172.217.194.0-255,362,56883,56,148865
34916,0.000793,172.31.46.0-255,66,56949,56,148865
34917,0.000917,172.217.194.0-255,1484,58433,56,148865
34918,0.000921,172.31.46.0-255,66,58499,56,148865
34919,0.000926,172.217.194.0-255,2902,61401,56,148865
34920,0.000929,172.31.46.0-255,66,61467,56,148865
34921,0.00094,172.217.194.0-255,5738,67205,56,148865
34922,0.000943,172.31.46.0-255,66,67271,56,148865
34923,0.000949,172.217.194.0-255,4320,71591,56,148865
34924,0.000951,172.31.46.0-255,66,71657,56,148865
34925,0.000989,172.31.46.0-255,66,71723,56,148865
34926,0.001002,172.31.46.0-255,66,71789,56,148865
34927,0.001267,172.217.194.0-255,1484,73273,56,148865
34928,0.001271,172.31.46.0-255,66,73339,56,148865
34929,0.001277,172.217.194.0-255,2902,76241,56,148865
34930,0.001279,172.31.46.0-255,66,76307,56,148865
34931,0.001308,172.217.194.0-255,5738,82045,56,148865
34932,0.001315,172.31.46.0-255,66,82111,56,148865
34933,0.001319,172.217.194.0-255,1484,83595,56,148865
34934,0.001321,172.31.46.0-255,66,83661,56,148865
34935,0.001379,172.31.46.0-255,66,83727,56,148865
34936,0.001397,172.31.46.0-255,66,83793,56,148865
34937,0.001743,172.217.194.0-255,1484,85277,56,148865
34938,0.001747,172.31.46.0-255,66,85343,56,148865
34939,0.001787,172.217.194.0-255,1484,86827,56,148865
34940,0.001789,172.31.46.0-255,66,86893,56,148865
34941,0.001802,172.217.194.0-255,1484,88377,56,148865
34942,0.001805,172.31.46.0-255,66,88443,56,148865
34943,0.001815,172.217.194.0-255,5738,94181,56,148865
34944,0.001817,172.31.46.0-255,66,94247,56,148865
34945,0.001823,172.217.194.0-255,5738,99985,56,148865
34946,0.001825,172.31.46.0-255,66,100051,56,148865
34947,0.001839,172.31.46.0-255,66,100117,56,148865
34948,0.001845,172.217.194.0-255,5020,105137,56,148865
34949,0.001848,172.31.46.0-255,66,105203,56,148865
34950,0.001942,172.217.194.0-255,1484,106687,56,148865
34951,0.001945,172.31.46.0-255,66,106753,56,148865
34952,0.001951,172.217.194.0-255,2902,109655,56,148865
34953,0.001958,172.217.194.0-255,5738,115393,56,148865
34954,0.001989,172.217.194.0-255,4320,119713,56,148865
34955,0.002012,172.31.46.0-255,66,119779,56,148865
34956,0.002094,172.217.194.0-255,1484,121263,56,148865
34957,0.002116,172.217.194.0-255,2902,124165,56,148865
34958,0.002121,172.217.194.0-255,4320,128485,56,148865
34959,0.002128,172.31.46.0-255,66,128551,56,148865
34960,0.002136,172.217.194.0-255,1484,130035,56,148865
34961,0.002147,172.217.194.0-255,5738,135773,56,148865
34962,0.002149,172.217.194.0-255,1484,137257,56,148865
34963,0.002184,172.31.46.0-255,66,137323,56,148865
34964,0.004307,172.217.194.0-255,5738,143061,56,148865
34965,0.004314,172.31.46.0-255,66,143127,56,148865
34966,0.006397,172.217.194.0-255,5738,148865,56,148865
34967,0.0,74.125.130.0-255,297,297,56,132471
34968,1.3e-05,172.31.46.0-255,66,363,56,132471
34969,2e-05,74.125.130.0-255,1484,1847,56,132471
34970,2.4e-05,172.31.46.0-255,66,1913,56,132471
34971,3e-05,74.125.130.0-255,2902,4815,56,132471
34972,3.4e-05,172.31.46.0-255,66,4881,56,132471
34973,5.5e-05,74.125.130.0-255,1484,6365,56,132471
34974,5.7e-05,172.31.46.0-255,66,6431,56,132471
34975,8e-05,74.125.130.0-255,4320,10751,56,132471
34976,8.3e-05,172.31.46.0-255,66,10817,56,132471
34977,0.000117,74.125.130.0-255,1484,12301,56,132471
34978,0.000119,172.31.46.0-255,66,12367,56,132471
34979,0.000137,74.125.130.0-255,1739,14106,56,132471
34980,0.00014,172.31.46.0-255,66,14172,56,132471
34981,0.000673,74.125.130.0-255,1484,15656,56,132471
34982,0.000679,172.31.46.0-255,66,15722,56,132471
34983,0.000689,74.125.130.0-255,2902,18624,56,132471
34984,0.000692,172.31.46.0-255,66,18690,56,132471
34985,0.000699,74.125.130.0-255,5738,24428,56,132471
34986,0.000702,172.31.46.0-255,66,24494,56,132471
34987,0.000735,74.125.130.0-255,4320,28814,56,132471
34988,0.000738,172.31.46.0-255,66,28880,56,132471
34989,0.000774,74.125.130.0-255,5379,34259,56,132471
34990,0.000779,172.31.46.0-255,66,34325,56,132471
34991,0.000832,74.125.130.0-255,1484,35809,56,132471
34992,0.000836,172.31.46.0-255,66,35875,56,132471
34993,0.000843,74.125.130.0-255,4320,40195,56,132471
34994,0.000845,172.31.46.0-255,66,40261,56,132471
34995,0.000871,74.125.130.0-255,4320,44581,56,132471
34996,0.000875,172.31.46.0-255,66,44647,56,132471
34997,0.000943,172.31.46.0-255,66,44713,56,132471
34998,0.001007,74.125.130.0-255,1484,46197,56,132471
34999,0.001026,74.125.130.0-255,4320,50517,56,132471
35000,0.001062,74.125.130.0-255,3602,54119,56,132471
35001,0.001065,74.125.130.0-255,708,54827,56,132471
35002,0.001161,172.31.46.0-255,66,54893,56,132471
35003,0.001273,74.125.130.0-255,1484,56377,56,132471
35004,0.001278,74.125.130.0-255,1484,57861,56,132471
35005,0.00129,74.125.130.0-255,1484,59345,56,132471
35006,0.001304,172.31.46.0-255,66,59411,56,132471
35007,0.001311,74.125.130.0-255,5738,65149,56,132471
35008,0.001323,172.31.46.0-255,66,65215,56,132471
35009,0.00138,172.31.46.0-255,66,65281,56,132471
35010,0.001418,74.125.130.0-255,2902,68183,56,132471
35011,0.001445,74.125.130.0-255,7156,75339,56,132471
35012,0.001453,172.31.46.0-255,66,75405,56,132471
35013,0.001502,74.125.130.0-255,5020,80425,56,132471
35014,0.001547,172.31.46.0-255,66,80491,56,132471
35015,0.002086,74.125.130.0-255,1484,81975,56,132471
35016,0.002106,74.125.130.0-255,2902,84877,56,132471
35017,0.00211,172.31.46.0-255,66,84943,56,132471
35018,0.002115,74.125.130.0-255,2902,87845,56,132471
35019,0.002123,172.31.46.0-255,66,87911,56,132471
35020,0.002133,74.125.130.0-255,2902,90813,56,132471
35021,0.002152,74.125.130.0-255,2902,93715,56,132471
35022,0.002174,74.125.130.0-255,1484,95199,56,132471
35023,0.002181,172.31.46.0-255,66,95265,56,132471
35024,0.002194,74.125.130.0-255,2902,98167,56,132471
35025,0.002213,74.125.130.0-255,2902,101069,56,132471
35026,0.002223,172.31.46.0-255,66,101135,56,132471
35027,0.00223,74.125.130.0-255,5738,106873,56,132471
35028,0.002238,172.31.46.0-255,66,106939,56,132471
35029,0.002292,74.125.130.0-255,4320,111259,56,132471
35030,0.002307,172.31.46.0-255,66,111325,56,132471
35031,0.002329,74.125.130.0-255,3602,114927,56,132471
35032,0.002342,172.31.46.0-255,66,114993,56,132471
35033,0.004531,74.125.130.0-255,1484,116477,56,132471
35034,0.004554,74.125.130.0-255,4320,120797,56,132471
35035,0.004559,172.31.46.0-255,66,120863,56,132471
35036,0.006804,74.125.130.0-255,5738,126601,56,132471
35037,0.00681,172.31.46.0-255,66,126667,56,132471
35038,0.00905,74.125.130.0-255,5738,132405,56,132471
35039,0.009056,172.31.46.0-255,66,132471,56,132471
35040,0.0,74.125.68.0-255,156,156,56,314435
35041,1.9e-05,172.31.46.0-255,66,222,56,314435
35042,2.6e-05,74.125.68.0-255,1484,1706,56,314435
35043,3.1e-05,172.31.46.0-255,66,1772,56,314435
35044,5.3e-05,74.125.68.0-255,1484,3256,56,314435
35045,5.6e-05,172.31.46.0-255,66,3322,56,314435
35046,6.1e-05,74.125.68.0-255,2902,6224,56,314435
35047,6.4e-05,172.31.46.0-255,66,6290,56,314435
35048,7.7e-05,74.125.68.0-255,4320,10610,56,314435
35049,8e-05,172.31.46.0-255,66,10676,56,314435
35050,0.000111,74.125.68.0-255,4927,15603,56,314435
35051,0.000114,172.31.46.0-255,66,15669,56,314435
35052,0.000132,74.125.68.0-255,5738,21407,56,314435
35053,0.000134,172.31.46.0-255,66,21473,56,314435
35054,0.000137,74.125.68.0-255,1484,22957,56,314435
35055,0.000139,172.31.46.0-255,66,23023,56,314435
35056,0.000164,74.125.68.0-255,5738,28761,56,314435
35057,0.000166,172.31.46.0-255,66,28827,56,314435
35058,0.00017,74.125.68.0-255,2543,31370,56,314435
35059,0.000172,172.31.46.0-255,66,31436,56,314435
35060,0.000231,74.125.68.0-255,1484,32920,56,314435
35061,0.000234,172.31.46.0-255,66,32986,56,314435
35062,0.000238,74.125.68.0-255,1484,34470,56,314435
35063,0.000239,172.31.46.0-255,66,34536,56,314435
35064,0.000252,74.125.68.0-255,1484,36020,56,314435
35065,0.000255,172.31.46.0-255,66,36086,56,314435
35066,0.000282,74.125.68.0-255,4320,40406,56,314435
35067,0.000285,172.31.46.0-255,66,40472,56,314435
35068,0.000306,74.125.68.0-255,5738,46210,56,314435
35069,0.000309,172.31.46.0-255,66,46276,56,314435
35070,0.000313,74.125.68.0-255,2902,49178,56,314435
35071,0.000314,172.31.46.0-255,66,49244,56,314435
35072,0.000337,172.31.46.0-255,66,49310,56,314435
35073,0.000342,74.125.68.0-255,4320,53630,56,314435
35074,0.000344,172.31.46.0-255,66,53696,56,314435
35075,0.000378,74.125.68.0-255,3602,57298,56,314435
35076,0.000381,172.31.46.0-255,66,57364,56,314435
35077,0.000403,74.125.68.0-255,428,57792,56,314435
35078,0.000486,74.125.68.0-255,1484,59276,56,314435
35079,0.00049,172.31.46.0-255,66,59342,56,314435
35080,0.000493,74.125.68.0-255,1484,60826,56,314435
35081,0.000508,74.125.68.0-255,1484,62310,56,314435
35082,0.00051,172.31.46.0-255,66,62376,56,314435
35083,0.000514,74.125.68.0-255,2902,65278,56,314435
35084,0.000516,172.31.46.0-255,66,65344,56,314435
35085,0.000531,74.125.68.0-255,2902,68246,56,314435
35086,0.000535,172.31.46.0-255,66,68312,56,314435
35087,0.000551,74.125.68.0-255,2902,71214,56,314435
35088,0.000553,172.31.46.0-255,66,71280,56,314435
35089,0.000558,74.125.68.0-255,4320,75600,56,314435
35090,0.00056,172.31.46.0-255,66,75666,56,314435
35091,0.000589,172.31.46.0-255,66,75732,56,314435
35092,0.000593,74.125.68.0-255,2902,78634,56,314435
35093,0.000595,172.31.46.0-255,66,78700,56,314435
35094,0.000636,74.125.68.0-255,5020,83720,56,314435
35095,0.000639,172.31.46.0-255,66,83786,56,314435
35096,0.000691,74.125.68.0-255,347,84133,56,314435
35097,0.000739,74.125.68.0-255,1484,85617,56,314435
35098,0.000742,172.31.46.0-255,66,85683,56,314435
35099,0.000761,74.125.68.0-255,2902,88585,56,314435
35100,0.000766,74.125.68.0-255,4320,92905,56,314435
35101,0.000772,172.31.46.0-255,66,92971,56,314435
35102,0.000774,172.31.46.0-255,66,93037,56,314435
35103,0.000781,74.125.68.0-255,1484,94521,56,314435
35104,0.000783,74.125.68.0-255,1484,96005,56,314435
35105,0.000785,172.31.46.0-255,66,96071,56,314435
35106,0.000818,74.125.68.0-255,2902,98973,56,314435
35107,0.000821,172.31.46.0-255,66,99039,56,314435
35108,0.000836,74.125.68.0-255,4320,103359,56,314435
35109,0.000838,172.31.46.0-255,66,103425,56,314435
35110,0.000848,74.125.68.0-255,1484,104909,56,314435
35111,0.000862,74.125.68.0-255,4320,109229,56,314435
35112,0.000864,172.31.46.0-255,66,109295,56,314435
35113,0.000875,74.125.68.0-255,2902,112197,56,314435
35114,0.000878,172.31.46.0-255,66,112263,56,314435
35115,0.000894,74.125.68.0-255,6438,118701,56,314435
35116,0.000897,172.31.46.0-255,66,118767,56,314435
35117,0.000938,74.125.68.0-255,1484,120251,56,314435
35118,0.00095,74.125.68.0-255,2902,123153,56,314435
35119,0.000952,172.31.46.0-255,66,123219,56,314435
35120,0.000989,74.125.68.0-255,1484,124703,56,314435
35121,0.001002,74.125.68.0-255,1484,126187,56,314435
35122,0.001005,172.31.46.0-255,66,126253,56,314435
35123,0.001021,74.125.68.0-255,1484,127737,56,314435
35124,0.001034,74.125.68.0-255,2902,130639,56,314435
35125,0.001037,172.31.46.0-255,66,130705,56,314435
35126,0.001056,74.125.68.0-255,2902,133607,56,314435
35127,0.001058,172.31.46.0-255,66,133673,56,314435
35128,0.001061,74.125.68.0-255,1484,135157,56,314435
35129,0.001064,74.125.68.0-255,1484,136641,56,314435
35130,0.001066,172.31.46.0-255,66,136707,56,314435
35131,0.001077,74.125.68.0-255,1484,138191,56,314435
35132,0.00108,74.125.68.0-255,1484,139675,56,314435
35133,0.001082,172.31.46.0-255,66,139741,56,314435
35134,0.001103,74.125.68.0-255,4320,144061,56,314435
35135,0.001105,172.31.46.0-255,66,144127,56,314435
35136,0.001109,74.125.68.0-255,2902,147029,56,314435
35137,0.001111,172.31.46.0-255,66,147095,56,314435
35138,0.001116,74.125.68.0-255,4320,151415,56,314435
35139,0.001118,172.31.46.0-255,66,151481,56,314435
35140,0.001168,74.125.68.0-255,2184,153665,56,314435
35141,0.00117,172.31.46.0-255,66,153731,56,314435
35142,0.001277,74.125.68.0-255,1484,155215,56,314435
35143,0.001327,74.125.68.0-255,1484,156699,56,314435
35144,0.001331,172.31.46.0-255,66,156765,56,314435
35145,0.001341,74.125.68.0-255,2902,159667,56,314435
35146,0.001343,172.31.46.0-255,66,159733,56,314435
35147,0.001367,74.125.68.0-255,1484,161217,56,314435
35148,0.00137,74.125.68.0-255,2902,164119,56,314435
35149,0.001372,172.31.46.0-255,66,164185,56,314435
35150,0.001402,74.125.68.0-255,1484,165669,56,314435
35151,0.001443,74.125.68.0-255,2902,168571,56,314435
35152,0.001446,172.31.46.0-255,66,168637,56,314435
35153,0.001452,74.125.68.0-255,5738,174375,56,314435
35154,0.001453,172.31.46.0-255,66,174441,56,314435
35155,0.001456,74.125.68.0-255,1484,175925,56,314435
35156,0.00148,74.125.68.0-255,2902,178827,56,314435
35157,0.001482,172.31.46.0-255,66,178893,56,314435
35158,0.001503,74.125.68.0-255,5738,184631,56,314435
35159,0.001506,172.31.46.0-255,66,184697,56,314435
35160,0.001516,74.125.68.0-255,2902,187599,56,314435
35161,0.001518,172.31.46.0-255,66,187665,56,314435
35162,0.001546,74.125.68.0-255,766,188431,56,314435
35163,0.001728,74.125.68.0-255,1484,189915,56,314435
35164,0.001732,172.31.46.0-255,66,189981,56,314435
35165,0.001737,74.125.68.0-255,2902,192883,56,314435
35166,0.001739,172.31.46.0-255,66,192949,56,314435
35167,0.001763,74.125.68.0-255,5738,198687,56,314435
35168,0.001765,172.31.46.0-255,66,198753,56,314435
35169,0.00177,74.125.68.0-255,2902,201655,56,314435
35170,0.001772,172.31.46.0-255,66,201721,56,314435
35171,0.001777,74.125.68.0-255,4320,206041,56,314435
35172,0.00178,172.31.46.0-255,66,206107,56,314435
35173,0.001797,74.125.68.0-255,4320,210427,56,314435
35174,0.0018,172.31.46.0-255,66,210493,56,314435
35175,0.001818,74.125.68.0-255,4320,214813,56,314435
35176,0.00182,172.31.46.0-255,66,214879,56,314435
35177,0.001827,74.125.68.0-255,7156,222035,56,314435
35178,0.001828,172.31.46.0-255,66,222101,56,314435
35179,0.00185,74.125.68.0-255,2902,225003,56,314435
35180,0.001852,172.31.46.0-255,66,225069,56,314435
35181,0.001881,74.125.68.0-255,5020,230089,56,314435
35182,0.001884,172.31.46.0-255,66,230155,56,314435
35183,0.001895,74.125.68.0-255,4320,234475,56,314435
35184,0.001898,172.31.46.0-255,66,234541,56,314435
35185,0.001904,74.125.68.0-255,5738,240279,56,314435
35186,0.001906,172.31.46.0-255,66,240345,56,314435
35187,0.001938,172.31.46.0-255,66,240411,56,314435
35188,0.001978,74.125.68.0-255,5738,246149,56,314435
35189,0.001981,172.31.46.0-255,66,246215,56,314435
35190,0.001992,74.125.68.0-255,2184,248399,56,314435
35191,0.001995,172.31.46.0-255,66,248465,56,314435
35192,0.002011,74.125.68.0-255,4320,252785,56,314435
35193,0.002014,172.31.46.0-255,66,252851,56,314435
35194,0.00204,74.125.68.0-255,4320,257171,56,314435
35195,0.002043,172.31.46.0-255,66,257237,56,314435
35196,0.002049,74.125.68.0-255,2902,260139,56,314435
35197,0.002051,172.31.46.0-255,66,260205,56,314435
35198,0.002057,74.125.68.0-255,4320,264525,56,314435
35199,0.002059,172.31.46.0-255,66,264591,56,314435
35200,0.002069,172.31.46.0-255,66,264657,56,314435
35201,0.002072,74.125.68.0-255,1484,266141,56,314435
35202,0.002077,74.125.68.0-255,2902,269043,56,314435
35203,0.00208,172.31.46.0-255,66,269109,56,314435
35204,0.002125,74.125.68.0-255,5020,274129,56,314435
35205,0.002132,172.31.46.0-255,66,274195,56,314435
35206,0.002151,74.125.68.0-255,2902,277097,56,314435
35207,0.002154,172.31.46.0-255,66,277163,56,314435
35208,0.002166,74.125.68.0-255,2902,280065,56,314435
35209,0.002169,172.31.46.0-255,66,280131,56,314435
35210,0.002174,74.125.68.0-255,4320,284451,56,314435
35211,0.002176,172.31.46.0-255,66,284517,56,314435
35212,0.002201,74.125.68.0-255,5738,290255,56,314435
35213,0.002204,172.31.46.0-255,66,290321,56,314435
35214,0.002244,172.31.46.0-255,66,290387,56,314435
35215,0.00225,74.125.68.0-255,4320,294707,56,314435
35216,0.002252,172.31.46.0-255,66,294773,56,314435
35217,0.002255,74.125.68.0-255,2184,296957,56,314435
35218,0.002258,172.31.46.0-255,66,297023,56,314435
35219,0.004497,74.125.68.0-255,5738,302761,56,314435
35220,0.004505,172.31.46.0-255,66,302827,56,314435
35221,0.006759,74.125.68.0-255,5738,308565,56,314435
35222,0.006764,172.31.46.0-255,66,308631,56,314435
35223,0.009022,74.125.68.0-255,5738,314369,56,314435
35224,0.009029,172.31.46.0-255,66,314435,56,314435
35225,0.0,74.125.24.0-255,153,153,56,108130
35226,1.7e-05,172.31.46.0-255,66,219,56,108130
35227,2.3e-05,74.125.24.0-255,1484,1703,56,108130
35228,2.7e-05,172.31.46.0-255,66,1769,56,108130
35229,3.3e-05,74.125.24.0-255,2902,4671,56,108130
35230,4.4e-05,172.31.46.0-255,66,4737,56,108130
35231,5e-05,74.125.24.0-255,2902,7639,56,108130
35232,5.3e-05,172.31.46.0-255,66,7705,56,108130
35233,9.3e-05,74.125.24.0-255,4320,12025,56,108130
35234,9.6e-05,172.31.46.0-255,66,12091,56,108130
35235,0.0001,74.125.24.0-255,2022,14113,56,108130
35236,0.000103,172.31.46.0-255,66,14179,56,108130
35237,0.00017,74.125.24.0-255,1484,15663,56,108130
35238,0.000173,172.31.46.0-255,66,15729,56,108130
35239,0.000178,74.125.24.0-255,2902,18631,56,108130
35240,0.00018,172.31.46.0-255,66,18697,56,108130
35241,0.000207,74.125.24.0-255,5738,24435,56,108130
35242,0.000209,172.31.46.0-255,66,24501,56,108130
35243,0.000239,74.125.24.0-255,6797,31298,56,108130
35244,0.000242,172.31.46.0-255,66,31364,56,108130
35245,0.000272,74.125.24.0-255,7156,38520,56,108130
35246,0.000275,172.31.46.0-255,66,38586,56,108130
35247,0.000281,74.125.24.0-255,4320,42906,56,108130
35248,0.000283,172.31.46.0-255,66,42972,56,108130
35249,0.000308,74.125.24.0-255,5379,48351,56,108130
35250,0.000315,172.31.46.0-255,66,48417,56,108130
35251,0.000402,74.125.24.0-255,1484,49901,56,108130
35252,0.000406,172.31.46.0-255,66,49967,56,108130
35253,0.000431,74.125.24.0-255,1484,51451,56,108130
35254,0.000434,172.31.46.0-255,66,51517,56,108130
35255,0.000464,74.125.24.0-255,2902,54419,56,108130
35256,0.000467,172.31.46.0-255,66,54485,56,108130
35257,0.000474,74.125.24.0-255,5738,60223,56,108130
35258,0.000476,172.31.46.0-255,66,60289,56,108130
35259,0.000503,74.125.24.0-255,1484,61773,56,108130
35260,0.000509,74.125.24.0-255,2902,64675,56,108130
35261,0.000511,172.31.46.0-255,66,64741,56,108130
35262,0.000535,74.125.24.0-255,1125,65866,56,108130
35263,0.001049,172.31.46.0-255,66,65932,56,108130
35264,0.001076,74.125.24.0-255,646,66578,56,108130
35265,0.00108,74.125.24.0-255,1484,68062,56,108130
35266,0.001083,172.31.46.0-255,66,68128,56,108130
35267,0.001108,74.125.24.0-255,1484,69612,56,108130
35268,0.001126,74.125.24.0-255,1484,71096,56,108130
35269,0.001128,172.31.46.0-255,66,71162,56,108130
35270,0.001134,74.125.24.0-255,2902,74064,56,108130
35271,0.001136,172.31.46.0-255,66,74130,56,108130
35272,0.00117,74.125.24.0-255,2902,77032,56,108130
35273,0.001204,172.31.46.0-255,66,77098,56,108130
35274,0.001207,172.31.46.0-255,66,77164,56,108130
35275,0.001245,172.31.46.0-255,66,77230,56,108130
35276,0.002234,74.125.24.0-255,1484,78714,56,108130
35277,0.002246,74.125.24.0-255,2902,81616,56,108130
35278,0.00225,172.31.46.0-255,66,81682,56,108130
35279,0.002259,74.125.24.0-255,5738,87420,56,108130
35280,0.002261,172.31.46.0-255,66,87486,56,108130
35281,0.002273,74.125.24.0-255,4320,91806,56,108130
35282,0.002276,172.31.46.0-255,66,91872,56,108130
35283,0.002314,74.125.24.0-255,5738,97610,56,108130
35284,0.002316,172.31.46.0-255,66,97676,56,108130
35285,0.002339,172.31.46.0-255,66,97742,56,108130
35286,0.00235,172.31.46.0-255,66,97808,56,108130
35287,0.002411,172.31.46.0-255,66,97874,56,108130
35288,0.005014,74.125.24.0-255,4320,102194,56,108130
35289,0.005019,172.31.46.0-255,66,102260,56,108130
35290,0.005047,74.125.24.0-255,1484,103744,56,108130
35291,0.007632,74.125.24.0-255,4320,108064,56,108130
35292,0.007639,172.31.46.0-255,66,108130,56,108130
