,TIME,SRC,PACKET_SIZE,CUMULATIVE_PACKET_SIZE,PAGE_NUMBER,TOTAL_PACKET_SIZE
0,0.0,74.125.130.0-255,156,156,17,379534
1,2.2e-05,172.31.36.0-255,66,222,17,379534
2,3e-05,74.125.130.0-255,1484,1706,17,379534
3,3.4e-05,172.31.36.0-255,66,1772,17,379534
4,4.1e-05,74.125.130.0-255,2902,4674,17,379534
5,5.2e-05,172.31.36.0-255,66,4740,17,379534
6,5.8e-05,74.125.130.0-255,4320,9060,17,379534
7,6.1e-05,172.31.36.0-255,66,9126,17,379534
8,8.8e-05,74.125.130.0-255,2902,12028,17,379534
9,9.1e-05,172.31.36.0-255,66,12094,17,379534
10,0.000119,74.125.130.0-255,2063,14157,17,379534
11,0.000123,172.31.36.0-255,66,14223,17,379534
12,0.000126,74.125.130.0-255,1484,15707,17,379534
13,0.000128,172.31.36.0-255,66,15773,17,379534
14,0.000133,74.125.130.0-255,2902,18675,17,379534
15,0.000135,172.31.36.0-255,66,18741,17,379534
16,0.00017,74.125.130.0-255,5738,24479,17,379534
17,0.000173,172.31.36.0-255,66,24545,17,379534
18,0.000179,74.125.130.0-255,6797,31342,17,379534
19,0.000182,172.31.36.0-255,66,31408,17,379534
20,0.000385,74.125.130.0-255,1484,32892,17,379534
21,0.00039,172.31.36.0-255,66,32958,17,379534
22,0.000395,74.125.130.0-255,1484,34442,17,379534
23,0.000398,172.31.36.0-255,66,34508,17,379534
24,0.00043,74.125.130.0-255,1484,35992,17,379534
25,0.000433,172.31.36.0-255,66,36058,17,379534
26,0.000439,74.125.130.0-255,4320,40378,17,379534
27,0.000442,172.31.36.0-255,66,40444,17,379534
28,0.000447,74.125.130.0-255,4320,44764,17,379534
29,0.00045,172.31.36.0-255,66,44830,17,379534
30,0.000479,74.125.130.0-255,3961,48791,17,379534
31,0.000481,172.31.36.0-255,66,48857,17,379534
32,0.000492,172.31.36.0-255,66,48923,17,379534
33,0.000535,74.125.130.0-255,7156,56079,17,379534
34,0.000538,172.31.36.0-255,66,56145,17,379534
35,0.000567,74.125.130.0-255,1706,57851,17,379534
36,0.000569,172.31.36.0-255,66,57917,17,379534
37,0.000641,74.125.130.0-255,1484,59401,17,379534
38,0.000666,74.125.130.0-255,1484,60885,17,379534
39,0.000669,172.31.36.0-255,66,60951,17,379534
40,0.000674,74.125.130.0-255,2902,63853,17,379534
41,0.000677,172.31.36.0-255,66,63919,17,379534
42,0.000707,74.125.130.0-255,5738,69657,17,379534
43,0.00071,172.31.36.0-255,66,69723,17,379534
44,0.000715,74.125.130.0-255,2902,72625,17,379534
45,0.000718,172.31.36.0-255,66,72691,17,379534
46,0.000721,74.125.130.0-255,1484,74175,17,379534
47,0.000754,74.125.130.0-255,2543,76718,17,379534
48,0.000757,172.31.36.0-255,66,76784,17,379534
49,0.000768,172.31.36.0-255,66,76850,17,379534
50,0.000772,74.125.130.0-255,2902,79752,17,379534
51,0.000774,172.31.36.0-255,66,79818,17,379534
52,0.000829,74.125.130.0-255,3411,83229,17,379534
53,0.000832,172.31.36.0-255,66,83295,17,379534
54,0.0013,74.125.130.0-255,1484,84779,17,379534
55,0.001305,74.125.130.0-255,1484,86263,17,379534
56,0.001308,172.31.36.0-255,66,86329,17,379534
57,0.001331,74.125.130.0-255,1484,87813,17,379534
58,0.001336,74.125.130.0-255,2902,90715,17,379534
59,0.001338,172.31.36.0-255,66,90781,17,379534
60,0.00136,74.125.130.0-255,1484,92265,17,379534
61,0.001372,172.31.36.0-255,66,92331,17,379534
62,0.001377,74.125.130.0-255,4320,96651,17,379534
63,0.001379,172.31.36.0-255,66,96717,17,379534
64,0.001382,74.125.130.0-255,1484,98201,17,379534
65,0.001413,74.125.130.0-255,4320,102521,17,379534
66,0.001416,172.31.36.0-255,66,102587,17,379534
67,0.001442,74.125.130.0-255,6438,109025,17,379534
68,0.001445,172.31.36.0-255,66,109091,17,379534
69,0.00166,74.125.130.0-255,1484,110575,17,379534
70,0.001675,74.125.130.0-255,2902,113477,17,379534
71,0.001678,172.31.36.0-255,66,113543,17,379534
72,0.001682,74.125.130.0-255,1484,115027,17,379534
73,0.001715,74.125.130.0-255,2902,117929,17,379534
74,0.001718,172.31.36.0-255,66,117995,17,379534
75,0.001729,172.31.36.0-255,66,118061,17,379534
76,0.001735,74.125.130.0-255,4320,122381,17,379534
77,0.001737,172.31.36.0-255,66,122447,17,379534
78,0.001743,74.125.130.0-255,5738,128185,17,379534
79,0.001745,172.31.36.0-255,66,128251,17,379534
80,0.001792,74.125.130.0-255,6438,134689,17,379534
81,0.001797,172.31.36.0-255,66,134755,17,379534
82,0.001853,74.125.130.0-255,1484,136239,17,379534
83,0.001857,74.125.130.0-255,1484,137723,17,379534
84,0.001859,172.31.36.0-255,66,137789,17,379534
85,0.001885,74.125.130.0-255,1484,139273,17,379534
86,0.00189,74.125.130.0-255,2902,142175,17,379534
87,0.001892,172.31.36.0-255,66,142241,17,379534
88,0.001898,74.125.130.0-255,4320,146561,17,379534
89,0.0019,172.31.36.0-255,66,146627,17,379534
90,0.001903,74.125.130.0-255,1484,148111,17,379534
91,0.001937,74.125.130.0-255,7156,155267,17,379534
92,0.001939,172.31.36.0-255,66,155333,17,379534
93,0.001946,74.125.130.0-255,5738,161071,17,379534
94,0.001948,172.31.36.0-255,66,161137,17,379534
95,0.001956,74.125.130.0-255,7156,168293,17,379534
96,0.001959,172.31.36.0-255,66,168359,17,379534
97,0.001962,74.125.130.0-255,766,169125,17,379534
98,0.002039,74.125.130.0-255,1484,170609,17,379534
99,0.002043,172.31.36.0-255,66,170675,17,379534
100,0.002048,74.125.130.0-255,2902,173577,17,379534
101,0.00205,172.31.36.0-255,66,173643,17,379534
102,0.002083,74.125.130.0-255,5738,179381,17,379534
103,0.002086,172.31.36.0-255,66,179447,17,379534
104,0.00209,74.125.130.0-255,1484,180931,17,379534
105,0.002121,74.125.130.0-255,7156,188087,17,379534
106,0.002123,172.31.36.0-255,66,188153,17,379534
107,0.002148,74.125.130.0-255,1484,189637,17,379534
108,0.002153,74.125.130.0-255,5020,194657,17,379534
109,0.002168,172.31.36.0-255,78,194735,17,379534
110,0.002176,172.31.36.0-255,66,194801,17,379534
111,0.00429,74.125.130.0-255,5738,200539,17,379534
112,0.004297,172.31.36.0-255,66,200605,17,379534
113,0.006412,74.125.130.0-255,5738,206343,17,379534
114,0.006416,172.31.36.0-255,66,206409,17,379534
115,0.008524,74.125.130.0-255,2902,209311,17,379534
116,0.00853,172.31.36.0-255,66,209377,17,379534
117,0.008554,74.125.130.0-255,2902,212279,17,379534
118,0.008557,172.31.36.0-255,66,212345,17,379534
119,0.010649,74.125.130.0-255,5738,218083,17,379534
120,0.010658,172.31.36.0-255,66,218149,17,379534
121,0.012772,74.125.130.0-255,5738,223887,17,379534
122,0.01278,172.31.36.0-255,66,223953,17,379534
123,0.014909,74.125.130.0-255,5738,229691,17,379534
124,0.014917,172.31.36.0-255,66,229757,17,379534
125,0.01703,74.125.130.0-255,5738,235495,17,379534
126,0.017038,172.31.36.0-255,66,235561,17,379534
127,0.019188,74.125.130.0-255,5738,241299,17,379534
128,0.019196,172.31.36.0-255,66,241365,17,379534
129,0.02135,74.125.130.0-255,5738,247103,17,379534
130,0.021357,172.31.36.0-255,66,247169,17,379534
131,0.023476,74.125.130.0-255,5738,252907,17,379534
132,0.023484,172.31.36.0-255,66,252973,17,379534
133,0.025592,74.125.130.0-255,5738,258711,17,379534
134,0.025599,172.31.36.0-255,66,258777,17,379534
135,0.027036,172.31.36.0-255,172,258949,17,379534
136,0.027065,172.31.36.0-255,1118,260067,17,379534
137,0.027129,172.31.36.0-255,1514,261581,17,379534
138,0.027131,172.31.36.0-255,1270,262851,17,379534
139,0.027718,74.125.130.0-255,5738,268589,17,379534
140,0.027725,172.31.36.0-255,66,268655,17,379534
141,0.028585,104.244.42.0-255,66,268721,17,379534
142,0.028651,104.244.42.0-255,66,268787,17,379534
143,0.028697,104.244.42.0-255,66,268853,17,379534
144,0.029854,74.125.130.0-255,5738,274591,17,379534
145,0.029864,172.31.36.0-255,66,274657,17,379534
146,0.031995,74.125.130.0-255,5738,280395,17,379534
147,0.032001,172.31.36.0-255,66,280461,17,379534
148,0.034124,74.125.130.0-255,5738,286199,17,379534
149,0.034131,172.31.36.0-255,66,286265,17,379534
150,0.036254,74.125.130.0-255,5738,292003,17,379534
151,0.03626,172.31.36.0-255,66,292069,17,379534
152,0.038387,74.125.130.0-255,5738,297807,17,379534
153,0.038398,172.31.36.0-255,66,297873,17,379534
154,0.040521,74.125.130.0-255,5738,303611,17,379534
155,0.040526,172.31.36.0-255,66,303677,17,379534
156,0.042645,74.125.130.0-255,5738,309415,17,379534
157,0.042652,172.31.36.0-255,66,309481,17,379534
158,0.044768,74.125.130.0-255,5738,315219,17,379534
159,0.044775,172.31.36.0-255,66,315285,17,379534
160,0.046892,74.125.130.0-255,5738,321023,17,379534
161,0.046899,172.31.36.0-255,66,321089,17,379534
162,0.049022,74.125.130.0-255,5738,326827,17,379534
163,0.049029,172.31.36.0-255,66,326893,17,379534
164,0.051148,74.125.130.0-255,5738,332631,17,379534
165,0.051155,172.31.36.0-255,66,332697,17,379534
166,0.053273,74.125.130.0-255,5738,338435,17,379534
167,0.053279,172.31.36.0-255,66,338501,17,379534
168,0.055397,74.125.130.0-255,5738,344239,17,379534
169,0.055404,172.31.36.0-255,66,344305,17,379534
170,0.057533,74.125.130.0-255,5738,350043,17,379534
171,0.05754,172.31.36.0-255,66,350109,17,379534
172,0.059657,74.125.130.0-255,5738,355847,17,379534
173,0.059664,172.31.36.0-255,66,355913,17,379534
174,0.061786,74.125.130.0-255,5738,361651,17,379534
175,0.061798,172.31.36.0-255,66,361717,17,379534
176,0.063923,74.125.130.0-255,5738,367455,17,379534
177,0.06393,172.31.36.0-255,66,367521,17,379534
178,0.066049,74.125.130.0-255,5738,373259,17,379534
179,0.066056,172.31.36.0-255,66,373325,17,379534
180,0.068181,74.125.130.0-255,5738,379063,17,379534
181,0.068188,172.31.36.0-255,66,379129,17,379534
182,0.070272,74.125.130.0-255,168,379297,17,379534
183,0.070426,172.31.36.0-255,66,379363,17,379534
184,0.070464,172.31.36.0-255,105,379468,17,379534
185,0.07254,74.125.130.0-255,66,379534,17,379534
186,0.0,74.125.24.0-255,146,146,17,197424
187,3.4e-05,172.31.36.0-255,66,212,17,197424
188,4e-05,74.125.24.0-255,1484,1696,17,197424
189,4.4e-05,172.31.36.0-255,66,1762,17,197424
190,4.9e-05,74.125.24.0-255,2902,4664,17,197424
191,5.2e-05,172.31.36.0-255,66,4730,17,197424
192,7.9e-05,74.125.24.0-255,7156,11886,17,197424
193,8.2e-05,172.31.36.0-255,66,11952,17,197424
194,9.9e-05,74.125.24.0-255,7156,19108,17,197424
195,0.000101,172.31.36.0-255,66,19174,17,197424
196,0.000129,74.125.24.0-255,4892,24066,17,197424
197,0.000131,172.31.36.0-255,66,24132,17,197424
198,0.000139,74.125.24.0-255,6797,30929,17,197424
199,0.000141,172.31.36.0-255,66,30995,17,197424
200,0.000175,74.125.24.0-255,1484,32479,17,197424
201,0.000177,172.31.36.0-255,66,32545,17,197424
202,0.000182,74.125.24.0-255,2902,35447,17,197424
203,0.000184,172.31.36.0-255,66,35513,17,197424
204,0.000201,74.125.24.0-255,5738,41251,17,197424
205,0.000204,172.31.36.0-255,66,41317,17,197424
206,0.000208,74.125.24.0-255,2902,44219,17,197424
207,0.000211,172.31.36.0-255,66,44285,17,197424
208,0.00023,74.125.24.0-255,3961,48246,17,197424
209,0.000233,172.31.36.0-255,66,48312,17,197424
210,0.000262,172.31.36.0-255,66,48378,17,197424
211,0.000267,74.125.24.0-255,2849,51227,17,197424
212,0.000268,172.31.36.0-255,66,51293,17,197424
213,0.000272,74.125.24.0-255,115,51408,17,197424
214,0.000274,172.31.36.0-255,66,51474,17,197424
215,0.00041,74.125.24.0-255,1484,52958,17,197424
216,0.000414,74.125.24.0-255,2902,55860,17,197424
217,0.000417,172.31.36.0-255,66,55926,17,197424
218,0.000422,172.31.36.0-255,66,55992,17,197424
219,0.000435,74.125.24.0-255,5738,61730,17,197424
220,0.000439,172.31.36.0-255,66,61796,17,197424
221,0.000482,172.31.36.0-255,66,61862,17,197424
222,0.000495,172.31.36.0-255,66,61928,17,197424
223,0.000497,74.125.24.0-255,332,62260,17,197424
224,0.000594,74.125.24.0-255,1484,63744,17,197424
225,0.000598,172.31.36.0-255,66,63810,17,197424
226,0.000604,74.125.24.0-255,2902,66712,17,197424
227,0.000606,172.31.36.0-255,66,66778,17,197424
228,0.000623,74.125.24.0-255,4320,71098,17,197424
229,0.000626,172.31.36.0-255,66,71164,17,197424
230,0.000639,74.125.24.0-255,1484,72648,17,197424
231,0.000659,74.125.24.0-255,7156,79804,17,197424
232,0.000662,172.31.36.0-255,66,79870,17,197424
233,0.000679,74.125.24.0-255,7156,87026,17,197424
234,0.000682,172.31.36.0-255,66,87092,17,197424
235,0.000712,172.31.36.0-255,66,87158,17,197424
236,0.00073,74.125.24.0-255,1484,88642,17,197424
237,0.000736,74.125.24.0-255,2902,91544,17,197424
238,0.000738,172.31.36.0-255,66,91610,17,197424
239,0.000745,74.125.24.0-255,5738,97348,17,197424
240,0.000747,172.31.36.0-255,66,97414,17,197424
241,0.000781,172.31.36.0-255,66,97480,17,197424
242,0.000792,172.31.36.0-255,66,97546,17,197424
243,0.000828,74.125.24.0-255,2184,99730,17,197424
244,0.000831,172.31.36.0-255,66,99796,17,197424
245,0.000836,74.125.24.0-255,2902,102698,17,197424
246,0.000838,172.31.36.0-255,66,102764,17,197424
247,0.000859,74.125.24.0-255,7156,109920,17,197424
248,0.000862,172.31.36.0-255,66,109986,17,197424
249,0.000901,172.31.36.0-255,66,110052,17,197424
250,0.000927,74.125.24.0-255,4320,114372,17,197424
251,0.000931,172.31.36.0-255,66,114438,17,197424
252,0.000948,74.125.24.0-255,3602,118040,17,197424
253,0.000951,172.31.36.0-255,66,118106,17,197424
254,0.000957,74.125.24.0-255,4320,122426,17,197424
255,0.000961,172.31.36.0-255,66,122492,17,197424
256,0.000978,74.125.24.0-255,4320,126812,17,197424
257,0.000981,172.31.36.0-255,66,126878,17,197424
258,0.000994,172.31.36.0-255,66,126944,17,197424
259,0.001051,172.31.36.0-255,66,127010,17,197424
260,0.001068,74.125.24.0-255,766,127776,17,197424
261,0.001119,172.31.36.0-255,66,127842,17,197424
262,0.001138,74.125.24.0-255,1484,129326,17,197424
263,0.001154,172.31.36.0-255,66,129392,17,197424
264,0.001166,172.31.36.0-255,66,129458,17,197424
265,0.001236,74.125.24.0-255,1484,130942,17,197424
266,0.001254,74.125.24.0-255,2902,133844,17,197424
267,0.001258,172.31.36.0-255,66,133910,17,197424
268,0.001265,74.125.24.0-255,5738,139648,17,197424
269,0.001268,172.31.36.0-255,66,139714,17,197424
270,0.001291,74.125.24.0-255,2902,142616,17,197424
271,0.001294,172.31.36.0-255,66,142682,17,197424
272,0.001318,74.125.24.0-255,7156,149838,17,197424
273,0.001322,172.31.36.0-255,66,149904,17,197424
274,0.001343,74.125.24.0-255,4320,154224,17,197424
275,0.001346,172.31.36.0-255,66,154290,17,197424
276,0.001369,172.31.36.0-255,66,154356,17,197424
277,0.001454,74.125.24.0-255,1484,155840,17,197424
278,0.001459,74.125.24.0-255,2902,158742,17,197424
279,0.001463,172.31.36.0-255,66,158808,17,197424
280,0.001484,74.125.24.0-255,5738,164546,17,197424
281,0.001487,172.31.36.0-255,66,164612,17,197424
282,0.001493,74.125.24.0-255,5738,170350,17,197424
283,0.001496,172.31.36.0-255,66,170416,17,197424
284,0.001511,74.125.24.0-255,2902,173318,17,197424
285,0.001514,172.31.36.0-255,66,173384,17,197424
286,0.001562,172.31.36.0-255,66,173450,17,197424
287,0.001597,74.125.24.0-255,1484,174934,17,197424
288,0.001602,74.125.24.0-255,2902,177836,17,197424
289,0.001606,172.31.36.0-255,66,177902,17,197424
290,0.001631,74.125.24.0-255,5738,183640,17,197424
291,0.001635,172.31.36.0-255,66,183706,17,197424
292,0.00164,74.125.24.0-255,2902,186608,17,197424
293,0.001642,172.31.36.0-255,66,186674,17,197424
294,0.001671,172.31.36.0-255,66,186740,17,197424
295,0.001674,74.125.24.0-255,1484,188224,17,197424
296,0.00171,172.31.36.0-255,66,188290,17,197424
297,0.001722,172.31.36.0-255,66,188356,17,197424
298,0.001751,74.125.24.0-255,4320,192676,17,197424
299,0.001753,172.31.36.0-255,66,192742,17,197424
300,0.00179,172.31.36.0-255,66,192808,17,197424
301,0.001793,74.125.24.0-255,105,192913,17,197424
302,0.006225,172.31.36.0-255,66,192979,17,197424
303,0.006251,172.31.36.0-255,105,193084,17,197424
304,0.008245,74.125.24.0-255,66,193150,17,197424
305,0.030962,172.31.36.0-255,172,193322,17,197424
306,0.030993,172.31.36.0-255,1118,194440,17,197424
307,0.031034,172.31.36.0-255,1514,195954,17,197424
308,0.031035,172.31.36.0-255,1272,197226,17,197424
309,0.032447,104.244.42.0-255,66,197292,17,197424
310,0.032474,104.244.42.0-255,66,197358,17,197424
311,0.032528,104.244.42.0-255,66,197424,17,197424
312,0.0,74.125.68.0-255,213,213,17,402926
313,2.1e-05,172.31.36.0-255,66,279,17,402926
314,2.9e-05,74.125.68.0-255,1484,1763,17,402926
315,3.3e-05,172.31.36.0-255,66,1829,17,402926
316,4e-05,74.125.68.0-255,4320,6149,17,402926
317,4.2e-05,172.31.36.0-255,66,6215,17,402926
318,6.7e-05,74.125.68.0-255,4320,10535,17,402926
319,7e-05,172.31.36.0-255,66,10601,17,402926
320,7.3e-05,74.125.68.0-255,1484,12085,17,402926
321,7.6e-05,172.31.36.0-255,66,12151,17,402926
322,9.4e-05,74.125.68.0-255,3160,15311,17,402926
323,9.6e-05,172.31.36.0-255,66,15377,17,402926
324,0.000102,74.125.68.0-255,4320,19697,17,402926
325,0.000104,172.31.36.0-255,66,19763,17,402926
326,0.000124,74.125.68.0-255,5738,25501,17,402926
327,0.000127,172.31.36.0-255,66,25567,17,402926
328,0.000161,74.125.68.0-255,5379,30946,17,402926
329,0.000164,172.31.36.0-255,66,31012,17,402926
330,0.000509,74.125.68.0-255,1484,32496,17,402926
331,0.000514,172.31.36.0-255,66,32562,17,402926
332,0.000521,74.125.68.0-255,2902,35464,17,402926
333,0.000523,172.31.36.0-255,66,35530,17,402926
334,0.000526,74.125.68.0-255,1484,37014,17,402926
335,0.000528,172.31.36.0-255,66,37080,17,402926
336,0.000556,74.125.68.0-255,4320,41400,17,402926
337,0.000559,172.31.36.0-255,66,41466,17,402926
338,0.000589,172.31.36.0-255,66,41532,17,402926
339,0.000601,172.31.36.0-255,66,41598,17,402926
340,0.000621,74.125.68.0-255,2184,43782,17,402926
341,0.000624,172.31.36.0-255,66,43848,17,402926
342,0.000636,74.125.68.0-255,395,44243,17,402926
343,0.000699,74.125.68.0-255,115,44358,17,402926
344,0.000922,74.125.68.0-255,1484,45842,17,402926
345,0.000926,172.31.36.0-255,66,45908,17,402926
346,0.000932,74.125.68.0-255,2902,48810,17,402926
347,0.000934,172.31.36.0-255,66,48876,17,402926
348,0.00096,74.125.68.0-255,2902,51778,17,402926
349,0.000963,172.31.36.0-255,66,51844,17,402926
350,0.000968,74.125.68.0-255,2902,54746,17,402926
351,0.00097,172.31.36.0-255,66,54812,17,402926
352,0.000982,74.125.68.0-255,1484,56296,17,402926
353,0.000998,74.125.68.0-255,5738,62034,17,402926
354,0.001,172.31.36.0-255,66,62100,17,402926
355,0.001023,74.125.68.0-255,2902,65002,17,402926
356,0.001026,172.31.36.0-255,66,65068,17,402926
357,0.001033,74.125.68.0-255,7156,72224,17,402926
358,0.001035,172.31.36.0-255,66,72290,17,402926
359,0.001071,74.125.68.0-255,4320,76610,17,402926
360,0.001074,172.31.36.0-255,66,76676,17,402926
361,0.001092,74.125.68.0-255,2184,78860,17,402926
362,0.001095,172.31.36.0-255,66,78926,17,402926
363,0.001872,74.125.68.0-255,1484,80410,17,402926
364,0.001883,74.125.68.0-255,2902,83312,17,402926
365,0.001888,172.31.36.0-255,66,83378,17,402926
366,0.001896,74.125.68.0-255,5738,89116,17,402926
367,0.001898,172.31.36.0-255,66,89182,17,402926
368,0.001948,74.125.68.0-255,5738,94920,17,402926
369,0.001951,172.31.36.0-255,66,94986,17,402926
370,0.001969,74.125.68.0-255,7156,102142,17,402926
371,0.001971,172.31.36.0-255,66,102208,17,402926
372,0.001977,74.125.68.0-255,4320,106528,17,402926
373,0.001979,172.31.36.0-255,66,106594,17,402926
374,0.001995,74.125.68.0-255,6438,113032,17,402926
375,0.001997,172.31.36.0-255,66,113098,17,402926
376,0.002107,74.125.68.0-255,1484,114582,17,402926
377,0.002113,74.125.68.0-255,1484,116066,17,402926
378,0.002116,172.31.36.0-255,66,116132,17,402926
379,0.002136,74.125.68.0-255,1484,117616,17,402926
380,0.002142,74.125.68.0-255,4320,121936,17,402926
381,0.002144,172.31.36.0-255,66,122002,17,402926
382,0.002177,74.125.68.0-255,4320,126322,17,402926
383,0.002181,172.31.36.0-255,66,126388,17,402926
384,0.002201,74.125.68.0-255,4320,130708,17,402926
385,0.002204,172.31.36.0-255,66,130774,17,402926
386,0.002207,74.125.68.0-255,1484,132258,17,402926
387,0.002227,74.125.68.0-255,7156,139414,17,402926
388,0.00223,172.31.36.0-255,66,139480,17,402926
389,0.002249,74.125.68.0-255,1484,140964,17,402926
390,0.002259,74.125.68.0-255,6438,147402,17,402926
391,0.002261,172.31.36.0-255,66,147468,17,402926
392,0.002267,74.125.68.0-255,4320,151788,17,402926
393,0.00227,172.31.36.0-255,66,151854,17,402926
394,0.002284,74.125.68.0-255,2902,154756,17,402926
395,0.002286,172.31.36.0-255,66,154822,17,402926
396,0.002306,74.125.68.0-255,4320,159142,17,402926
397,0.002309,172.31.36.0-255,66,159208,17,402926
398,0.002323,74.125.68.0-255,4320,163528,17,402926
399,0.002326,172.31.36.0-255,66,163594,17,402926
400,0.002333,74.125.68.0-255,5738,169332,17,402926
401,0.002335,172.31.36.0-255,66,169398,17,402926
402,0.00234,74.125.68.0-255,4320,173718,17,402926
403,0.002342,172.31.36.0-255,66,173784,17,402926
404,0.004644,74.125.68.0-255,5738,179522,17,402926
405,0.004652,172.31.36.0-255,66,179588,17,402926
406,0.006978,74.125.68.0-255,5738,185326,17,402926
407,0.006987,172.31.36.0-255,66,185392,17,402926
408,0.009301,74.125.68.0-255,5738,191130,17,402926
409,0.009307,172.31.36.0-255,66,191196,17,402926
410,0.011622,74.125.68.0-255,5738,196934,17,402926
411,0.01163,172.31.36.0-255,66,197000,17,402926
412,0.013956,74.125.68.0-255,5738,202738,17,402926
413,0.013964,172.31.36.0-255,66,202804,17,402926
414,0.016301,74.125.68.0-255,5738,208542,17,402926
415,0.016313,172.31.36.0-255,66,208608,17,402926
416,0.018625,74.125.68.0-255,5738,214346,17,402926
417,0.018633,172.31.36.0-255,66,214412,17,402926
418,0.020956,74.125.68.0-255,5738,220150,17,402926
419,0.020966,172.31.36.0-255,66,220216,17,402926
420,0.023274,74.125.68.0-255,5738,225954,17,402926
421,0.023283,172.31.36.0-255,66,226020,17,402926
422,0.025607,74.125.68.0-255,5738,231758,17,402926
423,0.025615,172.31.36.0-255,66,231824,17,402926
424,0.027933,74.125.68.0-255,5738,237562,17,402926
425,0.027941,172.31.36.0-255,66,237628,17,402926
426,0.029719,172.31.36.0-255,172,237800,17,402926
427,0.029749,172.31.36.0-255,1117,238917,17,402926
428,0.029808,172.31.36.0-255,1514,240431,17,402926
429,0.02981,172.31.36.0-255,1271,241702,17,402926
430,0.030256,74.125.68.0-255,5738,247440,17,402926
431,0.030263,172.31.36.0-255,66,247506,17,402926
432,0.031278,104.244.42.0-255,66,247572,17,402926
433,0.031305,104.244.42.0-255,66,247638,17,402926
434,0.031412,104.244.42.0-255,66,247704,17,402926
435,0.032594,74.125.68.0-255,5738,253442,17,402926
436,0.032599,172.31.36.0-255,66,253508,17,402926
437,0.034917,74.125.68.0-255,5738,259246,17,402926
438,0.034923,172.31.36.0-255,66,259312,17,402926
439,0.037247,74.125.68.0-255,5738,265050,17,402926
440,0.037254,172.31.36.0-255,66,265116,17,402926
441,0.039578,74.125.68.0-255,5738,270854,17,402926
442,0.039588,172.31.36.0-255,66,270920,17,402926
443,0.041912,74.125.68.0-255,5738,276658,17,402926
444,0.041919,172.31.36.0-255,66,276724,17,402926
445,0.044235,74.125.68.0-255,5738,282462,17,402926
446,0.044242,172.31.36.0-255,66,282528,17,402926
447,0.046605,74.125.68.0-255,5738,288266,17,402926
448,0.046612,172.31.36.0-255,66,288332,17,402926
449,0.048981,74.125.68.0-255,5738,294070,17,402926
450,0.048988,172.31.36.0-255,66,294136,17,402926
451,0.051316,74.125.68.0-255,5738,299874,17,402926
452,0.051323,172.31.36.0-255,66,299940,17,402926
453,0.053647,74.125.68.0-255,5738,305678,17,402926
454,0.053654,172.31.36.0-255,66,305744,17,402926
455,0.055984,74.125.68.0-255,5738,311482,17,402926
456,0.055991,172.31.36.0-255,66,311548,17,402926
457,0.058312,74.125.68.0-255,5738,317286,17,402926
458,0.058318,172.31.36.0-255,66,317352,17,402926
459,0.060639,74.125.68.0-255,5738,323090,17,402926
460,0.060644,172.31.36.0-255,66,323156,17,402926
461,0.062969,74.125.68.0-255,5738,328894,17,402926
462,0.062976,172.31.36.0-255,66,328960,17,402926
463,0.065305,74.125.68.0-255,5738,334698,17,402926
464,0.065313,172.31.36.0-255,66,334764,17,402926
465,0.06766,74.125.68.0-255,5738,340502,17,402926
466,0.067667,172.31.36.0-255,66,340568,17,402926
467,0.070002,74.125.68.0-255,5738,346306,17,402926
468,0.070009,172.31.36.0-255,66,346372,17,402926
469,0.072344,74.125.68.0-255,5738,352110,17,402926
470,0.072351,172.31.36.0-255,66,352176,17,402926
471,0.074676,74.125.68.0-255,5738,357914,17,402926
472,0.074682,172.31.36.0-255,66,357980,17,402926
473,0.077022,74.125.68.0-255,5738,363718,17,402926
474,0.077029,172.31.36.0-255,66,363784,17,402926
475,0.079354,74.125.68.0-255,5738,369522,17,402926
476,0.079362,172.31.36.0-255,66,369588,17,402926
477,0.081683,74.125.68.0-255,5738,375326,17,402926
478,0.08169,172.31.36.0-255,66,375392,17,402926
479,0.084013,74.125.68.0-255,5738,381130,17,402926
480,0.08402,172.31.36.0-255,66,381196,17,402926
481,0.086337,74.125.68.0-255,5738,386934,17,402926
482,0.086344,172.31.36.0-255,66,387000,17,402926
483,0.088677,74.125.68.0-255,5738,392738,17,402926
484,0.088685,172.31.36.0-255,66,392804,17,402926
485,0.091006,74.125.68.0-255,5738,398542,17,402926
486,0.091014,172.31.36.0-255,66,398608,17,402926
487,0.093337,74.125.68.0-255,4081,402689,17,402926
488,0.093344,172.31.36.0-255,66,402755,17,402926
489,0.093532,172.31.36.0-255,105,402860,17,402926
490,0.095809,74.125.68.0-255,66,402926,17,402926
491,0.0,172.217.194.0-255,153,153,17,231045
492,2e-05,172.31.36.0-255,66,219,17,231045
493,2.7e-05,172.217.194.0-255,1484,1703,17,231045
494,3.1e-05,172.31.36.0-255,66,1769,17,231045
495,3.7e-05,172.217.194.0-255,2902,4671,17,231045
496,5.1e-05,172.31.36.0-255,66,4737,17,231045
497,5.7e-05,172.217.194.0-255,5738,10475,17,231045
498,6.1e-05,172.31.36.0-255,66,10541,17,231045
499,6.5e-05,172.217.194.0-255,2902,13443,17,231045
500,6.8e-05,172.31.36.0-255,66,13509,17,231045
501,9.3e-05,172.217.194.0-255,4898,18407,17,231045
502,0.000102,172.31.36.0-255,66,18473,17,231045
503,0.000112,172.31.36.0-255,66,18539,17,231045
504,0.000147,172.217.194.0-255,3961,22500,17,231045
505,0.00015,172.31.36.0-255,66,22566,17,231045
506,0.000174,172.217.194.0-255,1484,24050,17,231045
507,0.000177,172.31.36.0-255,66,24116,17,231045
508,0.00021,172.217.194.0-255,2902,27018,17,231045
509,0.000212,172.31.36.0-255,66,27084,17,231045
510,0.000218,172.217.194.0-255,5738,32822,17,231045
511,0.000221,172.31.36.0-255,66,32888,17,231045
512,0.000239,172.31.36.0-255,66,32954,17,231045
513,0.000281,172.31.36.0-255,66,33020,17,231045
514,0.000614,172.217.194.0-255,646,33666,17,231045
515,0.00062,172.31.36.0-255,66,33732,17,231045
516,0.000721,172.217.194.0-255,1484,35216,17,231045
517,0.000725,172.31.36.0-255,66,35282,17,231045
518,0.00073,172.217.194.0-255,2902,38184,17,231045
519,0.000732,172.31.36.0-255,66,38250,17,231045
520,0.000736,172.217.194.0-255,1484,39734,17,231045
521,0.000767,172.217.194.0-255,4320,44054,17,231045
522,0.00077,172.31.36.0-255,66,44120,17,231045
523,0.000789,172.31.36.0-255,66,44186,17,231045
524,0.0008,172.31.36.0-255,66,44252,17,231045
525,0.000832,172.217.194.0-255,2184,46436,17,231045
526,0.000835,172.31.36.0-255,66,46502,17,231045
527,0.000963,172.217.194.0-255,1484,47986,17,231045
528,0.000968,172.217.194.0-255,2902,50888,17,231045
529,0.000972,172.31.36.0-255,66,50954,17,231045
530,0.000978,172.217.194.0-255,4320,55274,17,231045
531,0.00098,172.31.36.0-255,66,55340,17,231045
532,0.001015,172.217.194.0-255,1484,56824,17,231045
533,0.001029,172.31.36.0-255,66,56890,17,231045
534,0.001067,172.31.36.0-255,66,56956,17,231045
535,0.001407,172.217.194.0-255,1484,58440,17,231045
536,0.001413,172.217.194.0-255,2902,61342,17,231045
537,0.001416,172.31.36.0-255,66,61408,17,231045
538,0.001459,172.217.194.0-255,2902,64310,17,231045
539,0.001462,172.31.36.0-255,66,64376,17,231045
540,0.001488,172.217.194.0-255,2902,67278,17,231045
541,0.001491,172.31.36.0-255,66,67344,17,231045
542,0.001501,172.31.36.0-255,66,67410,17,231045
543,0.001522,172.31.36.0-255,66,67476,17,231045
544,0.001536,172.31.36.0-255,66,67542,17,231045
545,0.001562,172.217.194.0-255,4320,71862,17,231045
546,0.001564,172.31.36.0-255,66,71928,17,231045
547,0.001604,172.31.36.0-255,66,71994,17,231045
548,0.001942,172.217.194.0-255,1484,73478,17,231045
549,0.001948,172.217.194.0-255,2902,76380,17,231045
550,0.001951,172.31.36.0-255,66,76446,17,231045
551,0.001955,172.217.194.0-255,1484,77930,17,231045
552,0.001985,172.217.194.0-255,4320,82250,17,231045
553,0.001998,172.31.36.0-255,66,82316,17,231045
554,0.002001,172.31.36.0-255,66,82382,17,231045
555,0.002017,172.217.194.0-255,1484,83866,17,231045
556,0.002029,172.31.36.0-255,66,83932,17,231045
557,0.002056,172.217.194.0-255,1484,85416,17,231045
558,0.002085,172.31.36.0-255,66,85482,17,231045
559,0.002092,172.217.194.0-255,4320,89802,17,231045
560,0.002094,172.31.36.0-255,66,89868,17,231045
561,0.002139,172.31.36.0-255,66,89934,17,231045
562,0.002153,172.31.36.0-255,66,90000,17,231045
563,0.002155,172.217.194.0-255,1484,91484,17,231045
564,0.004225,172.217.194.0-255,4320,95804,17,231045
565,0.004233,172.31.36.0-255,66,95870,17,231045
566,0.00629,172.217.194.0-255,5738,101608,17,231045
567,0.006293,172.31.36.0-255,66,101674,17,231045
568,0.00841,172.217.194.0-255,5738,107412,17,231045
569,0.008418,172.31.36.0-255,66,107478,17,231045
570,0.010496,172.217.194.0-255,5738,113216,17,231045
571,0.010504,172.31.36.0-255,66,113282,17,231045
572,0.012596,172.217.194.0-255,5738,119020,17,231045
573,0.012605,172.31.36.0-255,66,119086,17,231045
574,0.014696,172.217.194.0-255,5738,124824,17,231045
575,0.014706,172.31.36.0-255,66,124890,17,231045
576,0.016789,172.217.194.0-255,5738,130628,17,231045
577,0.016796,172.31.36.0-255,66,130694,17,231045
578,0.018923,172.217.194.0-255,5738,136432,17,231045
579,0.01893,172.31.36.0-255,66,136498,17,231045
580,0.021062,172.217.194.0-255,5738,142236,17,231045
581,0.021069,172.31.36.0-255,66,142302,17,231045
582,0.023144,172.217.194.0-255,5738,148040,17,231045
583,0.023152,172.31.36.0-255,66,148106,17,231045
584,0.02524,172.217.194.0-255,5738,153844,17,231045
585,0.025248,172.31.36.0-255,66,153910,17,231045
586,0.027253,172.31.36.0-255,172,154082,17,231045
587,0.027285,172.31.36.0-255,1116,155198,17,231045
588,0.027332,172.217.194.0-255,5738,160936,17,231045
589,0.027338,172.31.36.0-255,66,161002,17,231045
590,0.027386,172.31.36.0-255,1514,162516,17,231045
591,0.027387,172.31.36.0-255,1272,163788,17,231045
592,0.028836,104.244.42.0-255,66,163854,17,231045
593,0.028846,104.244.42.0-255,66,163920,17,231045
594,0.028973,104.244.42.0-255,66,163986,17,231045
595,0.029426,172.217.194.0-255,5738,169724,17,231045
596,0.029436,172.31.36.0-255,66,169790,17,231045
597,0.031533,172.217.194.0-255,5738,175528,17,231045
598,0.031541,172.31.36.0-255,66,175594,17,231045
599,0.033656,172.217.194.0-255,5738,181332,17,231045
600,0.033662,172.31.36.0-255,66,181398,17,231045
601,0.035749,172.217.194.0-255,5738,187136,17,231045
602,0.035755,172.31.36.0-255,66,187202,17,231045
603,0.037836,172.217.194.0-255,5738,192940,17,231045
604,0.037843,172.31.36.0-255,66,193006,17,231045
605,0.039951,172.217.194.0-255,5738,198744,17,231045
606,0.039959,172.31.36.0-255,66,198810,17,231045
607,0.042065,172.217.194.0-255,5738,204548,17,231045
608,0.042072,172.31.36.0-255,66,204614,17,231045
609,0.044151,172.217.194.0-255,5738,210352,17,231045
610,0.044158,172.31.36.0-255,66,210418,17,231045
611,0.04624,172.217.194.0-255,5738,216156,17,231045
612,0.046246,172.31.36.0-255,66,216222,17,231045
613,0.048334,172.217.194.0-255,5738,221960,17,231045
614,0.04834,172.31.36.0-255,66,222026,17,231045
615,0.050418,172.217.194.0-255,5738,227764,17,231045
616,0.050424,172.31.36.0-255,66,227830,17,231045
617,0.052513,172.217.194.0-255,2978,230808,17,231045
618,0.05252,172.31.36.0-255,66,230874,17,231045
619,0.052699,172.31.36.0-255,105,230979,17,231045
620,0.054769,172.217.194.0-255,66,231045,17,231045
621,0.0,172.217.160.0-255,374,374,17,337918
622,2.5e-05,172.31.36.0-255,66,440,17,337918
623,3.1e-05,172.217.160.0-255,1484,1924,17,337918
624,3.6e-05,172.31.36.0-255,66,1990,17,337918
625,5.2e-05,172.217.160.0-255,4320,6310,17,337918
626,5.6e-05,172.31.36.0-255,66,6376,17,337918
627,0.000172,172.217.160.0-255,4320,10696,17,337918
628,0.000177,172.31.36.0-255,66,10762,17,337918
629,0.000203,172.217.160.0-255,4711,15473,17,337918
630,0.000206,172.31.36.0-255,66,15539,17,337918
631,0.000496,172.217.160.0-255,7156,22695,17,337918
632,0.000505,172.31.36.0-255,66,22761,17,337918
633,0.00074,172.217.160.0-255,5738,28499,17,337918
634,0.000745,172.31.36.0-255,66,28565,17,337918
635,0.000772,172.217.160.0-255,2543,31108,17,337918
636,0.000775,172.31.36.0-255,66,31174,17,337918
637,0.001027,172.217.160.0-255,4320,35494,17,337918
638,0.001032,172.31.36.0-255,66,35560,17,337918
639,0.001059,172.217.160.0-255,1484,37044,17,337918
640,0.001061,172.31.36.0-255,66,37110,17,337918
641,0.001979,172.217.160.0-255,2902,40012,17,337918
642,0.001988,172.31.36.0-255,66,40078,17,337918
643,0.002984,172.217.160.0-255,2902,42980,17,337918
644,0.002987,172.31.36.0-255,66,43046,17,337918
645,0.003944,172.217.160.0-255,2902,45948,17,337918
646,0.003947,172.31.36.0-255,66,46014,17,337918
647,0.004932,172.217.160.0-255,2902,48916,17,337918
648,0.004937,172.31.36.0-255,66,48982,17,337918
649,0.005903,172.217.160.0-255,2902,51884,17,337918
650,0.005916,172.31.36.0-255,66,51950,17,337918
651,0.00688,172.217.160.0-255,2902,54852,17,337918
652,0.006887,172.31.36.0-255,66,54918,17,337918
653,0.007851,172.217.160.0-255,2902,57820,17,337918
654,0.007858,172.31.36.0-255,66,57886,17,337918
655,0.008828,172.217.160.0-255,2902,60788,17,337918
656,0.008835,172.31.36.0-255,66,60854,17,337918
657,0.009799,172.217.160.0-255,2902,63756,17,337918
658,0.009806,172.31.36.0-255,66,63822,17,337918
659,0.010776,172.217.160.0-255,2902,66724,17,337918
660,0.010784,172.31.36.0-255,66,66790,17,337918
661,0.011736,172.217.160.0-255,2902,69692,17,337918
662,0.011743,172.31.36.0-255,66,69758,17,337918
663,0.012713,172.217.160.0-255,2902,72660,17,337918
664,0.012719,172.31.36.0-255,66,72726,17,337918
665,0.013687,172.217.160.0-255,2902,75628,17,337918
666,0.013693,172.31.36.0-255,66,75694,17,337918
667,0.01468,172.217.160.0-255,2902,78596,17,337918
668,0.014687,172.31.36.0-255,66,78662,17,337918
669,0.015622,172.217.160.0-255,2902,81564,17,337918
670,0.01563,172.31.36.0-255,66,81630,17,337918
671,0.016633,172.217.160.0-255,2902,84532,17,337918
672,0.01664,172.31.36.0-255,66,84598,17,337918
673,0.017563,172.217.160.0-255,2902,87500,17,337918
674,0.017569,172.31.36.0-255,66,87566,17,337918
675,0.018577,172.217.160.0-255,2902,90468,17,337918
676,0.018583,172.31.36.0-255,66,90534,17,337918
677,0.019546,172.217.160.0-255,2902,93436,17,337918
678,0.019553,172.31.36.0-255,66,93502,17,337918
679,0.02052,172.217.160.0-255,2902,96404,17,337918
680,0.020527,172.31.36.0-255,66,96470,17,337918
681,0.021483,172.217.160.0-255,2902,99372,17,337918
682,0.021491,172.31.36.0-255,66,99438,17,337918
683,0.022491,172.217.160.0-255,2902,102340,17,337918
684,0.022499,172.31.36.0-255,66,102406,17,337918
685,0.023429,172.217.160.0-255,2902,105308,17,337918
686,0.023435,172.31.36.0-255,66,105374,17,337918
687,0.024461,172.217.160.0-255,2902,108276,17,337918
688,0.02447,172.31.36.0-255,66,108342,17,337918
689,0.025377,172.217.160.0-255,2902,111244,17,337918
690,0.025385,172.31.36.0-255,66,111310,17,337918
691,0.026404,172.217.160.0-255,2902,114212,17,337918
692,0.026412,172.31.36.0-255,66,114278,17,337918
693,0.027328,172.217.160.0-255,2902,117180,17,337918
694,0.027336,172.31.36.0-255,66,117246,17,337918
695,0.028347,172.217.160.0-255,2902,120148,17,337918
696,0.028352,172.31.36.0-255,66,120214,17,337918
697,0.029272,172.217.160.0-255,2902,123116,17,337918
698,0.029279,172.31.36.0-255,66,123182,17,337918
699,0.030289,172.217.160.0-255,2902,126084,17,337918
700,0.030294,172.31.36.0-255,66,126150,17,337918
701,0.031097,172.31.36.0-255,172,126322,17,337918
702,0.031127,172.31.36.0-255,1118,127440,17,337918
703,0.031184,172.31.36.0-255,1514,128954,17,337918
704,0.031185,172.31.36.0-255,1270,130224,17,337918
705,0.031212,172.217.160.0-255,2902,133126,17,337918
706,0.031216,172.31.36.0-255,66,133192,17,337918
707,0.032238,172.217.160.0-255,2902,136094,17,337918
708,0.032245,172.31.36.0-255,66,136160,17,337918
709,0.032679,104.244.42.0-255,66,136226,17,337918
710,0.032687,104.244.42.0-255,66,136292,17,337918
711,0.032781,104.244.42.0-255,66,136358,17,337918
712,0.03315,172.217.160.0-255,2902,139260,17,337918
713,0.033157,172.31.36.0-255,66,139326,17,337918
714,0.034173,172.217.160.0-255,2902,142228,17,337918
715,0.03418,172.31.36.0-255,66,142294,17,337918
716,0.035099,172.217.160.0-255,2902,145196,17,337918
717,0.035105,172.31.36.0-255,66,145262,17,337918
718,0.036126,172.217.160.0-255,2902,148164,17,337918
719,0.036132,172.31.36.0-255,66,148230,17,337918
720,0.037043,172.217.160.0-255,2902,151132,17,337918
721,0.037049,172.31.36.0-255,66,151198,17,337918
722,0.038063,172.217.160.0-255,2902,154100,17,337918
723,0.03807,172.31.36.0-255,66,154166,17,337918
724,0.038983,172.217.160.0-255,2902,157068,17,337918
725,0.03899,172.31.36.0-255,66,157134,17,337918
726,0.040004,172.217.160.0-255,2902,160036,17,337918
727,0.040011,172.31.36.0-255,66,160102,17,337918
728,0.040944,172.217.160.0-255,2902,163004,17,337918
729,0.040951,172.31.36.0-255,66,163070,17,337918
730,0.041951,172.217.160.0-255,2902,165972,17,337918
731,0.041957,172.31.36.0-255,66,166038,17,337918
732,0.042886,172.217.160.0-255,2902,168940,17,337918
733,0.042893,172.31.36.0-255,66,169006,17,337918
734,0.043887,172.217.160.0-255,2902,171908,17,337918
735,0.043895,172.31.36.0-255,66,171974,17,337918
736,0.044834,172.217.160.0-255,2902,174876,17,337918
737,0.044841,172.31.36.0-255,66,174942,17,337918
738,0.045829,172.217.160.0-255,2902,177844,17,337918
739,0.045838,172.31.36.0-255,66,177910,17,337918
740,0.046793,172.217.160.0-255,2902,180812,17,337918
741,0.0468,172.31.36.0-255,66,180878,17,337918
742,0.047794,172.217.160.0-255,2902,183780,17,337918
743,0.0478,172.31.36.0-255,66,183846,17,337918
744,0.04873,172.217.160.0-255,2902,186748,17,337918
745,0.048738,172.31.36.0-255,66,186814,17,337918
746,0.049744,172.217.160.0-255,2902,189716,17,337918
747,0.04975,172.31.36.0-255,66,189782,17,337918
748,0.050678,172.217.160.0-255,2902,192684,17,337918
749,0.050683,172.31.36.0-255,66,192750,17,337918
750,0.051699,172.217.160.0-255,2902,195652,17,337918
751,0.051705,172.31.36.0-255,66,195718,17,337918
752,0.052663,172.217.160.0-255,2902,198620,17,337918
753,0.05267,172.31.36.0-255,66,198686,17,337918
754,0.053643,172.217.160.0-255,2902,201588,17,337918
755,0.053651,172.31.36.0-255,66,201654,17,337918
756,0.054614,172.217.160.0-255,2902,204556,17,337918
757,0.05462,172.31.36.0-255,66,204622,17,337918
758,0.055591,172.217.160.0-255,2902,207524,17,337918
759,0.055597,172.31.36.0-255,66,207590,17,337918
760,0.056552,172.217.160.0-255,2902,210492,17,337918
761,0.056558,172.31.36.0-255,66,210558,17,337918
762,0.057529,172.217.160.0-255,2902,213460,17,337918
763,0.057536,172.31.36.0-255,66,213526,17,337918
764,0.058497,172.217.160.0-255,2902,216428,17,337918
765,0.058503,172.31.36.0-255,66,216494,17,337918
766,0.05947,172.217.160.0-255,2902,219396,17,337918
767,0.059476,172.31.36.0-255,66,219462,17,337918
768,0.060437,172.217.160.0-255,2902,222364,17,337918
769,0.060443,172.31.36.0-255,66,222430,17,337918
770,0.061423,172.217.160.0-255,2902,225332,17,337918
771,0.06143,172.31.36.0-255,66,225398,17,337918
772,0.062378,172.217.160.0-255,2902,228300,17,337918
773,0.062384,172.31.36.0-255,66,228366,17,337918
774,0.063362,172.217.160.0-255,2902,231268,17,337918
775,0.063368,172.31.36.0-255,66,231334,17,337918
776,0.064313,172.217.160.0-255,2902,234236,17,337918
777,0.064319,172.31.36.0-255,66,234302,17,337918
778,0.065323,172.217.160.0-255,2902,237204,17,337918
779,0.065329,172.31.36.0-255,66,237270,17,337918
780,0.066252,172.217.160.0-255,2902,240172,17,337918
781,0.066258,172.31.36.0-255,66,240238,17,337918
782,0.067301,172.217.160.0-255,2902,243140,17,337918
783,0.067308,172.31.36.0-255,66,243206,17,337918
784,0.068193,172.217.160.0-255,2902,246108,17,337918
785,0.068199,172.31.36.0-255,66,246174,17,337918
786,0.069254,172.217.160.0-255,2902,249076,17,337918
787,0.069263,172.31.36.0-255,66,249142,17,337918
788,0.070152,172.217.160.0-255,2902,252044,17,337918
789,0.070159,172.31.36.0-255,66,252110,17,337918
790,0.071213,172.217.160.0-255,2902,255012,17,337918
791,0.071218,172.31.36.0-255,66,255078,17,337918
792,0.07211,172.217.160.0-255,1484,256562,17,337918
793,0.072117,172.31.36.0-255,66,256628,17,337918
794,0.072143,172.217.160.0-255,1484,258112,17,337918
795,0.072146,172.31.36.0-255,66,258178,17,337918
796,0.073155,172.217.160.0-255,2902,261080,17,337918
797,0.073162,172.31.36.0-255,66,261146,17,337918
798,0.074157,172.217.160.0-255,2902,264048,17,337918
799,0.074163,172.31.36.0-255,66,264114,17,337918
800,0.075128,172.217.160.0-255,2902,267016,17,337918
801,0.075134,172.31.36.0-255,66,267082,17,337918
802,0.076105,172.217.160.0-255,2902,269984,17,337918
803,0.076111,172.31.36.0-255,66,270050,17,337918
804,0.077093,172.217.160.0-255,2902,272952,17,337918
805,0.0771,172.31.36.0-255,66,273018,17,337918
806,0.078068,172.217.160.0-255,2902,275920,17,337918
807,0.078075,172.31.36.0-255,66,275986,17,337918
808,0.079034,172.217.160.0-255,2902,278888,17,337918
809,0.07904,172.31.36.0-255,66,278954,17,337918
810,0.080023,172.217.160.0-255,2902,281856,17,337918
811,0.080029,172.31.36.0-255,66,281922,17,337918
812,0.080986,172.217.160.0-255,2902,284824,17,337918
813,0.080993,172.31.36.0-255,66,284890,17,337918
814,0.081963,172.217.160.0-255,2902,287792,17,337918
815,0.081969,172.31.36.0-255,66,287858,17,337918
816,0.082928,172.217.160.0-255,2902,290760,17,337918
817,0.082935,172.31.36.0-255,66,290826,17,337918
818,0.083906,172.217.160.0-255,2902,293728,17,337918
819,0.083912,172.31.36.0-255,66,293794,17,337918
820,0.084869,172.217.160.0-255,2902,296696,17,337918
821,0.084875,172.31.36.0-255,66,296762,17,337918
822,0.085872,172.217.160.0-255,2902,299664,17,337918
823,0.085878,172.31.36.0-255,66,299730,17,337918
824,0.086817,172.217.160.0-255,2902,302632,17,337918
825,0.086823,172.31.36.0-255,66,302698,17,337918
826,0.087807,172.217.160.0-255,2902,305600,17,337918
827,0.087814,172.31.36.0-255,66,305666,17,337918
828,0.088757,172.217.160.0-255,2902,308568,17,337918
829,0.088763,172.31.36.0-255,66,308634,17,337918
830,0.089748,172.217.160.0-255,2902,311536,17,337918
831,0.089754,172.31.36.0-255,66,311602,17,337918
832,0.090698,172.217.160.0-255,2902,314504,17,337918
833,0.090704,172.31.36.0-255,66,314570,17,337918
834,0.091689,172.217.160.0-255,1484,316054,17,337918
835,0.091696,172.31.36.0-255,66,316120,17,337918
836,0.09265,172.217.160.0-255,4320,320440,17,337918
837,0.092657,172.31.36.0-255,66,320506,17,337918
838,0.094611,172.217.160.0-255,5738,326244,17,337918
839,0.094618,172.31.36.0-255,66,326310,17,337918
840,0.096563,172.217.160.0-255,5738,332048,17,337918
841,0.096569,172.31.36.0-255,66,332114,17,337918
842,0.098531,172.217.160.0-255,5738,337852,17,337918
843,0.098538,172.31.36.0-255,66,337918,17,337918
844,0.0,74.125.24.0-255,152,152,17,265381
845,2.8e-05,172.31.36.0-255,66,218,17,265381
846,3.6e-05,74.125.24.0-255,1484,1702,17,265381
847,3.9e-05,172.31.36.0-255,66,1768,17,265381
848,4.4e-05,74.125.24.0-255,2902,4670,17,265381
849,4.7e-05,172.31.36.0-255,66,4736,17,265381
850,5.3e-05,74.125.24.0-255,7156,11892,17,265381
851,5.5e-05,172.31.36.0-255,66,11958,17,265381
852,5.9e-05,74.125.24.0-255,2037,13995,17,265381
853,6.2e-05,172.31.36.0-255,66,14061,17,265381
854,9.1e-05,172.31.36.0-255,66,14127,17,265381
855,0.000106,74.125.24.0-255,4320,18447,17,265381
856,0.000109,172.31.36.0-255,66,18513,17,265381
857,0.000142,172.31.36.0-255,66,18579,17,265381
858,0.000146,74.125.24.0-255,1484,20063,17,265381
859,0.000147,172.31.36.0-255,66,20129,17,265381
860,0.00017,172.31.36.0-255,66,20195,17,265381
861,0.000831,74.125.24.0-255,1484,21679,17,265381
862,0.000836,172.31.36.0-255,66,21745,17,265381
863,0.000846,74.125.24.0-255,2902,24647,17,265381
864,0.000848,172.31.36.0-255,66,24713,17,265381
865,0.000853,74.125.24.0-255,1484,26197,17,265381
866,0.000855,172.31.36.0-255,66,26263,17,265381
867,0.000879,74.125.24.0-255,4320,30583,17,265381
868,0.000884,172.31.36.0-255,66,30649,17,265381
869,0.00089,74.125.24.0-255,6797,37446,17,265381
870,0.000893,172.31.36.0-255,66,37512,17,265381
871,0.000895,74.125.24.0-255,646,38158,17,265381
872,0.000897,172.31.36.0-255,66,38224,17,265381
873,0.001004,74.125.24.0-255,1484,39708,17,265381
874,0.00101,74.125.24.0-255,2902,42610,17,265381
875,0.001013,172.31.36.0-255,66,42676,17,265381
876,0.00102,74.125.24.0-255,4320,46996,17,265381
877,0.001023,172.31.36.0-255,66,47062,17,265381
878,0.001036,74.125.24.0-255,1484,48546,17,265381
879,0.001056,74.125.24.0-255,7156,55702,17,265381
880,0.00106,172.31.36.0-255,66,55768,17,265381
881,0.001081,74.125.24.0-255,5738,61506,17,265381
882,0.001084,172.31.36.0-255,66,61572,17,265381
883,0.001096,172.31.36.0-255,66,61638,17,265381
884,0.00114,172.31.36.0-255,66,61704,17,265381
885,0.001146,74.125.24.0-255,4320,66024,17,265381
886,0.001148,172.31.36.0-255,66,66090,17,265381
887,0.001167,74.125.24.0-255,5738,71828,17,265381
888,0.001169,172.31.36.0-255,66,71894,17,265381
889,0.001213,74.125.24.0-255,5738,77632,17,265381
890,0.001217,172.31.36.0-255,66,77698,17,265381
891,0.001244,172.31.36.0-255,66,77764,17,265381
892,0.001539,74.125.24.0-255,1484,79248,17,265381
893,0.001547,74.125.24.0-255,2902,82150,17,265381
894,0.001551,172.31.36.0-255,66,82216,17,265381
895,0.001558,74.125.24.0-255,5738,87954,17,265381
896,0.00156,172.31.36.0-255,66,88020,17,265381
897,0.001626,74.125.24.0-255,7156,95176,17,265381
898,0.001629,172.31.36.0-255,66,95242,17,265381
899,0.001648,74.125.24.0-255,4320,99562,17,265381
900,0.001652,172.31.36.0-255,66,99628,17,265381
901,0.001664,172.31.36.0-255,66,99694,17,265381
902,0.001686,74.125.24.0-255,1484,101178,17,265381
903,0.001691,74.125.24.0-255,2902,104080,17,265381
904,0.001693,172.31.36.0-255,66,104146,17,265381
905,0.00171,74.125.24.0-255,5738,109884,17,265381
906,0.001712,172.31.36.0-255,66,109950,17,265381
907,0.001775,172.31.36.0-255,66,110016,17,265381
908,0.001788,172.31.36.0-255,66,110082,17,265381
909,0.001815,74.125.24.0-255,1484,111566,17,265381
910,0.001828,74.125.24.0-255,2902,114468,17,265381
911,0.001831,172.31.36.0-255,66,114534,17,265381
912,0.001834,74.125.24.0-255,1484,116018,17,265381
913,0.001854,74.125.24.0-255,4320,120338,17,265381
914,0.001857,172.31.36.0-255,66,120404,17,265381
915,0.001862,74.125.24.0-255,5738,126142,17,265381
916,0.001864,172.31.36.0-255,66,126208,17,265381
917,0.001891,74.125.24.0-255,5738,131946,17,265381
918,0.001894,172.31.36.0-255,66,132012,17,265381
919,0.001922,74.125.24.0-255,7156,139168,17,265381
920,0.001925,172.31.36.0-255,66,139234,17,265381
921,0.00193,74.125.24.0-255,5020,144254,17,265381
922,0.001933,172.31.36.0-255,66,144320,17,265381
923,0.002097,74.125.24.0-255,1484,145804,17,265381
924,0.002102,74.125.24.0-255,1484,147288,17,265381
925,0.002105,172.31.36.0-255,66,147354,17,265381
926,0.002116,74.125.24.0-255,1484,148838,17,265381
927,0.002122,74.125.24.0-255,5738,154576,17,265381
928,0.002124,172.31.36.0-255,66,154642,17,265381
929,0.002127,74.125.24.0-255,1484,156126,17,265381
930,0.002166,172.31.36.0-255,66,156192,17,265381
931,0.00217,74.125.24.0-255,2902,159094,17,265381
932,0.002173,172.31.36.0-255,66,159160,17,265381
933,0.002207,74.125.24.0-255,4320,163480,17,265381
934,0.00221,172.31.36.0-255,66,163546,17,265381
935,0.002242,172.31.36.0-255,66,163612,17,265381
936,0.002249,74.125.24.0-255,7156,170768,17,265381
937,0.002251,172.31.36.0-255,66,170834,17,265381
938,0.002272,172.31.36.0-255,66,170900,17,265381
939,0.002277,74.125.24.0-255,5020,175920,17,265381
940,0.00228,172.31.36.0-255,66,175986,17,265381
941,0.002304,74.125.24.0-255,1484,177470,17,265381
942,0.00233,172.31.36.0-255,66,177536,17,265381
943,0.00236,172.31.36.0-255,66,177602,17,265381
944,0.002371,74.125.24.0-255,2902,180504,17,265381
945,0.002374,172.31.36.0-255,66,180570,17,265381
946,0.002386,172.31.36.0-255,66,180636,17,265381
947,0.004723,74.125.24.0-255,5738,186374,17,265381
948,0.004734,172.31.36.0-255,66,186440,17,265381
949,0.007059,74.125.24.0-255,5738,192178,17,265381
950,0.007067,172.31.36.0-255,66,192244,17,265381
951,0.009393,74.125.24.0-255,5738,197982,17,265381
952,0.009407,172.31.36.0-255,66,198048,17,265381
953,0.011744,74.125.24.0-255,5738,203786,17,265381
954,0.011758,172.31.36.0-255,66,203852,17,265381
955,0.014104,74.125.24.0-255,5738,209590,17,265381
956,0.014117,172.31.36.0-255,66,209656,17,265381
957,0.016479,74.125.24.0-255,5738,215394,17,265381
958,0.016496,172.31.36.0-255,66,215460,17,265381
959,0.018815,74.125.24.0-255,5738,221198,17,265381
960,0.018826,172.31.36.0-255,66,221264,17,265381
961,0.021178,74.125.24.0-255,5738,227002,17,265381
962,0.021192,172.31.36.0-255,66,227068,17,265381
963,0.023537,74.125.24.0-255,5738,232806,17,265381
964,0.023551,172.31.36.0-255,66,232872,17,265381
965,0.025898,74.125.24.0-255,5738,238610,17,265381
966,0.025915,172.31.36.0-255,66,238676,17,265381
967,0.028248,74.125.24.0-255,5738,244414,17,265381
968,0.028262,172.31.36.0-255,66,244480,17,265381
969,0.030615,74.125.24.0-255,5738,250218,17,265381
970,0.030626,172.31.36.0-255,66,250284,17,265381
971,0.032955,74.125.24.0-255,5738,256022,17,265381
972,0.032972,172.31.36.0-255,66,256088,17,265381
973,0.035332,74.125.24.0-255,4783,260871,17,265381
974,0.035348,172.31.36.0-255,66,260937,17,265381
975,0.03559,172.31.36.0-255,105,261042,17,265381
976,0.036921,172.31.36.0-255,172,261214,17,265381
977,0.036953,172.31.36.0-255,1118,262332,17,265381
978,0.037006,172.31.36.0-255,1514,263846,17,265381
979,0.037007,172.31.36.0-255,1271,265117,17,265381
980,0.037886,74.125.24.0-255,66,265183,17,265381
981,0.038472,104.244.42.0-255,66,265249,17,265381
982,0.038506,104.244.42.0-255,66,265315,17,265381
983,0.038536,104.244.42.0-255,66,265381,17,265381
984,0.0,74.125.24.0-255,153,153,17,334285
985,3.8e-05,172.31.36.0-255,66,219,17,334285
986,4.5e-05,74.125.24.0-255,1484,1703,17,334285
987,4.9e-05,172.31.36.0-255,66,1769,17,334285
988,5.4e-05,74.125.24.0-255,2902,4671,17,334285
989,6.5e-05,172.31.36.0-255,66,4737,17,334285
990,7.2e-05,74.125.24.0-255,7156,11893,17,334285
991,7.6e-05,172.31.36.0-255,66,11959,17,334285
992,8.1e-05,74.125.24.0-255,1981,13940,17,334285
993,8.4e-05,172.31.36.0-255,66,14006,17,334285
994,0.000252,74.125.24.0-255,1484,15490,17,334285
995,0.000256,172.31.36.0-255,66,15556,17,334285
996,0.000263,74.125.24.0-255,2902,18458,17,334285
997,0.000266,172.31.36.0-255,66,18524,17,334285
998,0.000277,74.125.24.0-255,5738,24262,17,334285
999,0.00028,172.31.36.0-255,66,24328,17,334285
1000,0.000322,172.31.36.0-255,66,24394,17,334285
1001,0.00037,172.31.36.0-255,66,24460,17,334285
1002,0.00158,74.125.24.0-255,1484,25944,17,334285
1003,0.001586,172.31.36.0-255,66,26010,17,334285
1004,0.001596,74.125.24.0-255,2902,28912,17,334285
1005,0.001598,172.31.36.0-255,66,28978,17,334285
1006,0.00161,74.125.24.0-255,5738,34716,17,334285
1007,0.001612,172.31.36.0-255,66,34782,17,334285
1008,0.001617,74.125.24.0-255,2902,37684,17,334285
1009,0.001619,172.31.36.0-255,66,37750,17,334285
1010,0.001642,74.125.24.0-255,4543,42293,17,334285
1011,0.001644,172.31.36.0-255,66,42359,17,334285
1012,0.001694,172.31.36.0-255,66,42425,17,334285
1013,0.0017,74.125.24.0-255,4320,46745,17,334285
1014,0.001702,172.31.36.0-255,66,46811,17,334285
1015,0.001706,74.125.24.0-255,2902,49713,17,334285
1016,0.001708,172.31.36.0-255,66,49779,17,334285
1017,0.001749,172.31.36.0-255,66,49845,17,334285
1018,0.001776,74.125.24.0-255,6438,56283,17,334285
1019,0.001779,172.31.36.0-255,66,56349,17,334285
1020,0.003819,74.125.24.0-255,5738,62087,17,334285
1021,0.003823,172.31.36.0-255,66,62153,17,334285
1022,0.005811,74.125.24.0-255,5738,67891,17,334285
1023,0.005817,172.31.36.0-255,66,67957,17,334285
1024,0.007848,74.125.24.0-255,5738,73695,17,334285
1025,0.007857,172.31.36.0-255,66,73761,17,334285
1026,0.009873,74.125.24.0-255,5738,79499,17,334285
1027,0.009881,172.31.36.0-255,66,79565,17,334285
1028,0.011903,74.125.24.0-255,5738,85303,17,334285
1029,0.011912,172.31.36.0-255,66,85369,17,334285
1030,0.013944,74.125.24.0-255,5738,91107,17,334285
1031,0.013952,172.31.36.0-255,66,91173,17,334285
1032,0.015942,74.125.24.0-255,5738,96911,17,334285
1033,0.015949,172.31.36.0-255,66,96977,17,334285
1034,0.017956,74.125.24.0-255,5738,102715,17,334285
1035,0.017962,172.31.36.0-255,66,102781,17,334285
1036,0.019992,74.125.24.0-255,5738,108519,17,334285
1037,0.019999,172.31.36.0-255,66,108585,17,334285
1038,0.022022,74.125.24.0-255,5738,114323,17,334285
1039,0.022047,172.31.36.0-255,66,114389,17,334285
1040,0.022237,172.31.36.0-255,188,114577,17,334285
1041,0.02228,172.31.36.0-255,961,115538,17,334285
1042,0.022357,172.31.36.0-255,1514,117052,17,334285
1043,0.022359,172.31.36.0-255,1429,118481,17,334285
1044,0.023757,104.244.42.0-255,66,118547,17,334285
1045,0.023799,104.244.42.0-255,66,118613,17,334285
1046,0.023929,104.244.42.0-255,66,118679,17,334285
1047,0.024046,74.125.24.0-255,4320,122999,17,334285
1048,0.024051,172.31.36.0-255,66,123065,17,334285
1049,0.02408,74.125.24.0-255,1484,124549,17,334285
1050,0.026072,74.125.24.0-255,2902,127451,17,334285
1051,0.026079,172.31.36.0-255,66,127517,17,334285
1052,0.028097,74.125.24.0-255,5738,133255,17,334285
1053,0.028104,172.31.36.0-255,66,133321,17,334285
1054,0.030119,74.125.24.0-255,5738,139059,17,334285
1055,0.030125,172.31.36.0-255,66,139125,17,334285
1056,0.032147,74.125.24.0-255,5738,144863,17,334285
1057,0.032153,172.31.36.0-255,66,144929,17,334285
1058,0.034154,74.125.24.0-255,2902,147831,17,334285
1059,0.034159,172.31.36.0-255,66,147897,17,334285
1060,0.034188,74.125.24.0-255,2902,150799,17,334285
1061,0.034191,172.31.36.0-255,66,150865,17,334285
1062,0.036159,74.125.24.0-255,2902,153767,17,334285
1063,0.036165,172.31.36.0-255,66,153833,17,334285
1064,0.036201,74.125.24.0-255,2902,156735,17,334285
1065,0.036204,172.31.36.0-255,66,156801,17,334285
1066,0.038162,74.125.24.0-255,2902,159703,17,334285
1067,0.038167,172.31.36.0-255,66,159769,17,334285
1068,0.038191,74.125.24.0-255,2902,162671,17,334285
1069,0.038194,172.31.36.0-255,66,162737,17,334285
1070,0.040169,74.125.24.0-255,2902,165639,17,334285
1071,0.040175,172.31.36.0-255,66,165705,17,334285
1072,0.040202,74.125.24.0-255,2902,168607,17,334285
1073,0.040205,172.31.36.0-255,66,168673,17,334285
1074,0.042208,74.125.24.0-255,5738,174411,17,334285
1075,0.042216,172.31.36.0-255,66,174477,17,334285
1076,0.044236,74.125.24.0-255,5738,180215,17,334285
1077,0.044246,172.31.36.0-255,66,180281,17,334285
1078,0.046273,74.125.24.0-255,5738,186019,17,334285
1079,0.046279,172.31.36.0-255,66,186085,17,334285
1080,0.048292,74.125.24.0-255,5738,191823,17,334285
1081,0.048301,172.31.36.0-255,66,191889,17,334285
1082,0.050313,74.125.24.0-255,5738,197627,17,334285
1083,0.050319,172.31.36.0-255,66,197693,17,334285
1084,0.052336,74.125.24.0-255,5738,203431,17,334285
1085,0.052345,172.31.36.0-255,66,203497,17,334285
1086,0.054407,74.125.24.0-255,5738,209235,17,334285
1087,0.054426,172.31.36.0-255,66,209301,17,334285
1088,0.056436,74.125.24.0-255,5738,215039,17,334285
1089,0.056442,172.31.36.0-255,66,215105,17,334285
1090,0.058457,74.125.24.0-255,5738,220843,17,334285
1091,0.058462,172.31.36.0-255,66,220909,17,334285
1092,0.060498,74.125.24.0-255,5738,226647,17,334285
1093,0.060507,172.31.36.0-255,66,226713,17,334285
1094,0.062536,74.125.24.0-255,5738,232451,17,334285
1095,0.062544,172.31.36.0-255,66,232517,17,334285
1096,0.064553,74.125.24.0-255,5738,238255,17,334285
1097,0.064557,172.31.36.0-255,66,238321,17,334285
1098,0.066568,74.125.24.0-255,4320,242641,17,334285
1099,0.066574,172.31.36.0-255,66,242707,17,334285
1100,0.066605,74.125.24.0-255,1484,244191,17,334285
1101,0.068578,74.125.24.0-255,4320,248511,17,334285
1102,0.068584,172.31.36.0-255,66,248577,17,334285
1103,0.070636,74.125.24.0-255,5738,254315,17,334285
1104,0.070642,172.31.36.0-255,66,254381,17,334285
1105,0.072671,74.125.24.0-255,5738,260119,17,334285
1106,0.072678,172.31.36.0-255,66,260185,17,334285
1107,0.074674,74.125.24.0-255,5738,265923,17,334285
1108,0.07468,172.31.36.0-255,66,265989,17,334285
1109,0.076716,74.125.24.0-255,5738,271727,17,334285
1110,0.076722,172.31.36.0-255,66,271793,17,334285
1111,0.078716,74.125.24.0-255,5738,277531,17,334285
1112,0.078723,172.31.36.0-255,66,277597,17,334285
1113,0.080742,74.125.24.0-255,5738,283335,17,334285
1114,0.080747,172.31.36.0-255,66,283401,17,334285
1115,0.082769,74.125.24.0-255,5738,289139,17,334285
1116,0.082774,172.31.36.0-255,66,289205,17,334285
1117,0.084798,74.125.24.0-255,5738,294943,17,334285
1118,0.084804,172.31.36.0-255,66,295009,17,334285
1119,0.086826,74.125.24.0-255,5738,300747,17,334285
1120,0.08683,172.31.36.0-255,66,300813,17,334285
1121,0.088826,74.125.24.0-255,5738,306551,17,334285
1122,0.088832,172.31.36.0-255,66,306617,17,334285
1123,0.090842,74.125.24.0-255,5738,312355,17,334285
1124,0.090849,172.31.36.0-255,66,312421,17,334285
1125,0.09286,74.125.24.0-255,5738,318159,17,334285
1126,0.092865,172.31.36.0-255,66,318225,17,334285
1127,0.094897,74.125.24.0-255,4320,322545,17,334285
1128,0.094904,172.31.36.0-255,66,322611,17,334285
1129,0.094934,74.125.24.0-255,1484,324095,17,334285
1130,0.096904,74.125.24.0-255,4320,328415,17,334285
1131,0.096909,172.31.36.0-255,66,328481,17,334285
1132,0.098898,74.125.24.0-255,5738,334219,17,334285
1133,0.098903,172.31.36.0-255,66,334285,17,334285
1134,0.0,172.217.194.0-255,150,150,17,224336
1135,1.8e-05,172.31.36.0-255,66,216,17,224336
1136,2.5e-05,172.217.194.0-255,1484,1700,17,224336
1137,2.9e-05,172.31.36.0-255,66,1766,17,224336
1138,3.4e-05,172.217.194.0-255,2902,4668,17,224336
1139,3.8e-05,172.31.36.0-255,66,4734,17,224336
1140,4.4e-05,172.217.194.0-255,4320,9054,17,224336
1141,4.7e-05,172.31.36.0-255,66,9120,17,224336
1142,7.8e-05,172.217.194.0-255,4841,13961,17,224336
1143,8.2e-05,172.31.36.0-255,66,14027,17,224336
1144,0.000106,172.217.194.0-255,5738,19765,17,224336
1145,0.000108,172.31.36.0-255,66,19831,17,224336
1146,0.000113,172.217.194.0-255,2902,22733,17,224336
1147,0.000115,172.31.36.0-255,66,22799,17,224336
1148,0.000171,172.217.194.0-255,2902,25701,17,224336
1149,0.000174,172.31.36.0-255,66,25767,17,224336
1150,0.00019,172.217.194.0-255,5379,31146,17,224336
1151,0.000193,172.31.36.0-255,66,31212,17,224336
1152,0.000326,172.217.194.0-255,1484,32696,17,224336
1153,0.000331,172.31.36.0-255,66,32762,17,224336
1154,0.000337,172.217.194.0-255,2902,35664,17,224336
1155,0.000339,172.31.36.0-255,66,35730,17,224336
1156,0.000356,172.217.194.0-255,4320,40050,17,224336
1157,0.00036,172.31.36.0-255,66,40116,17,224336
1158,0.000382,172.217.194.0-255,1484,41600,17,224336
1159,0.000385,172.31.36.0-255,66,41666,17,224336
1160,0.000392,172.217.194.0-255,5738,47404,17,224336
1161,0.000395,172.31.36.0-255,66,47470,17,224336
1162,0.000398,172.217.194.0-255,1484,48954,17,224336
1163,0.0004,172.31.36.0-255,66,49020,17,224336
1164,0.000431,172.31.36.0-255,66,49086,17,224336
1165,0.000437,172.217.194.0-255,3961,53047,17,224336
1166,0.000439,172.31.36.0-255,66,53113,17,224336
1167,0.00046,172.217.194.0-255,343,53456,17,224336
1168,0.000503,172.217.194.0-255,117,53573,17,224336
1169,0.000524,172.217.194.0-255,382,53955,17,224336
1170,0.000861,172.217.194.0-255,1484,55439,17,224336
1171,0.000866,172.217.194.0-255,2902,58341,17,224336
1172,0.000876,172.31.36.0-255,66,58407,17,224336
1173,0.000881,172.31.36.0-255,66,58473,17,224336
1174,0.000884,172.217.194.0-255,1484,59957,17,224336
1175,0.000901,172.217.194.0-255,4320,64277,17,224336
1176,0.000903,172.31.36.0-255,66,64343,17,224336
1177,0.000923,172.217.194.0-255,2902,67245,17,224336
1178,0.000925,172.31.36.0-255,66,67311,17,224336
1179,0.000963,172.31.36.0-255,66,67377,17,224336
1180,0.000975,172.31.36.0-255,66,67443,17,224336
1181,0.001007,172.217.194.0-255,2184,69627,17,224336
1182,0.001011,172.31.36.0-255,66,69693,17,224336
1183,0.001147,172.217.194.0-255,1484,71177,17,224336
1184,0.001161,172.217.194.0-255,2902,74079,17,224336
1185,0.001165,172.31.36.0-255,66,74145,17,224336
1186,0.001168,172.217.194.0-255,1484,75629,17,224336
1187,0.001188,172.217.194.0-255,4320,79949,17,224336
1188,0.001191,172.31.36.0-255,66,80015,17,224336
1189,0.001196,172.217.194.0-255,2902,82917,17,224336
1190,0.001198,172.31.36.0-255,66,82983,17,224336
1191,0.001202,172.217.194.0-255,2902,85885,17,224336
1192,0.001204,172.31.36.0-255,66,85951,17,224336
1193,0.00123,172.217.194.0-255,7156,93107,17,224336
1194,0.001233,172.31.36.0-255,66,93173,17,224336
1195,0.001241,172.217.194.0-255,7156,100329,17,224336
1196,0.001244,172.31.36.0-255,66,100395,17,224336
1197,0.001267,172.217.194.0-255,3602,103997,17,224336
1198,0.001271,172.31.36.0-255,66,104063,17,224336
1199,0.001292,172.217.194.0-255,5738,109801,17,224336
1200,0.001295,172.31.36.0-255,66,109867,17,224336
1201,0.001314,172.217.194.0-255,2902,112769,17,224336
1202,0.001316,172.31.36.0-255,66,112835,17,224336
1203,0.00133,172.31.36.0-255,66,112901,17,224336
1204,0.001333,172.217.194.0-255,1484,114385,17,224336
1205,0.001358,172.217.194.0-255,5738,120123,17,224336
1206,0.001361,172.31.36.0-255,66,120189,17,224336
1207,0.001385,172.217.194.0-255,4320,124509,17,224336
1208,0.001391,172.31.36.0-255,66,124575,17,224336
1209,0.001411,172.217.194.0-255,3602,128177,17,224336
1210,0.001414,172.31.36.0-255,66,128243,17,224336
1211,0.001471,172.217.194.0-255,1484,129727,17,224336
1212,0.001493,172.217.194.0-255,2902,132629,17,224336
1213,0.001496,172.31.36.0-255,66,132695,17,224336
1214,0.001501,172.217.194.0-255,2902,135597,17,224336
1215,0.001503,172.31.36.0-255,66,135663,17,224336
1216,0.001518,172.217.194.0-255,2902,138565,17,224336
1217,0.00152,172.31.36.0-255,66,138631,17,224336
1218,0.001563,172.31.36.0-255,66,138697,17,224336
1219,0.001576,172.31.36.0-255,66,138763,17,224336
1220,0.001642,172.31.36.0-255,66,138829,17,224336
1221,0.001662,172.31.36.0-255,66,138895,17,224336
1222,0.001664,172.217.194.0-255,766,139661,17,224336
1223,0.001699,172.217.194.0-255,5738,145399,17,224336
1224,0.001702,172.31.36.0-255,66,145465,17,224336
1225,0.001727,172.217.194.0-255,4320,149785,17,224336
1226,0.00173,172.31.36.0-255,66,149851,17,224336
1227,0.001747,172.31.36.0-255,66,149917,17,224336
1228,0.001758,172.31.36.0-255,66,149983,17,224336
1229,0.0018,172.217.194.0-255,3602,153585,17,224336
1230,0.001809,172.31.36.0-255,66,153651,17,224336
1231,0.001814,172.217.194.0-255,2902,156553,17,224336
1232,0.001816,172.31.36.0-255,66,156619,17,224336
1233,0.001837,172.217.194.0-255,1484,158103,17,224336
1234,0.001846,172.217.194.0-255,7156,165259,17,224336
1235,0.001849,172.31.36.0-255,66,165325,17,224336
1236,0.001871,172.217.194.0-255,2902,168227,17,224336
1237,0.001874,172.31.36.0-255,66,168293,17,224336
1238,0.001886,172.31.36.0-255,66,168359,17,224336
1239,0.001931,172.31.36.0-255,66,168425,17,224336
1240,0.00195,172.217.194.0-255,2184,170609,17,224336
1241,0.001953,172.31.36.0-255,66,170675,17,224336
1242,0.002029,172.217.194.0-255,1484,172159,17,224336
1243,0.002035,172.217.194.0-255,2902,175061,17,224336
1244,0.002038,172.31.36.0-255,66,175127,17,224336
1245,0.002056,172.217.194.0-255,1484,176611,17,224336
1246,0.002061,172.217.194.0-255,2902,179513,17,224336
1247,0.002063,172.31.36.0-255,66,179579,17,224336
1248,0.002082,172.217.194.0-255,2902,182481,17,224336
1249,0.002087,172.217.194.0-255,4320,186801,17,224336
1250,0.002091,172.31.36.0-255,66,186867,17,224336
1251,0.002094,172.31.36.0-255,66,186933,17,224336
1252,0.00212,172.31.36.0-255,66,186999,17,224336
1253,0.002132,172.31.36.0-255,66,187065,17,224336
1254,0.002135,172.217.194.0-255,766,187831,17,224336
1255,0.002179,172.217.194.0-255,1484,189315,17,224336
1256,0.002182,172.31.36.0-255,66,189381,17,224336
1257,0.002188,172.217.194.0-255,4320,193701,17,224336
1258,0.002191,172.31.36.0-255,66,193767,17,224336
1259,0.002207,172.217.194.0-255,1484,195251,17,224336
1260,0.002224,172.217.194.0-255,4320,199571,17,224336
1261,0.002242,172.31.36.0-255,66,199637,17,224336
1262,0.002251,172.217.194.0-255,7156,206793,17,224336
1263,0.002253,172.31.36.0-255,66,206859,17,224336
1264,0.002268,172.31.36.0-255,66,206925,17,224336
1265,0.002288,172.217.194.0-255,1484,208409,17,224336
1266,0.002292,172.217.194.0-255,766,209175,17,224336
1267,0.002294,172.31.36.0-255,66,209241,17,224336
1268,0.002318,172.217.194.0-255,7156,216397,17,224336
1269,0.002321,172.31.36.0-255,66,216463,17,224336
1270,0.002351,172.31.36.0-255,66,216529,17,224336
1271,0.002403,172.31.36.0-255,66,216595,17,224336
1272,0.002426,172.217.194.0-255,2184,218779,17,224336
1273,0.002428,172.31.36.0-255,66,218845,17,224336
1274,0.002439,172.31.36.0-255,66,218911,17,224336
1275,0.002442,172.217.194.0-255,105,219016,17,224336
1276,0.002444,172.217.194.0-255,129,219145,17,224336
1277,0.010576,172.31.36.0-255,105,219250,17,224336
1278,0.010619,172.31.36.0-255,105,219355,17,224336
1279,0.010891,172.31.36.0-255,90,219445,17,224336
1280,0.010903,172.31.36.0-255,66,219511,17,224336
1281,0.012882,172.217.194.0-255,129,219640,17,224336
1282,0.012895,172.31.36.0-255,78,219718,17,224336
1283,0.013085,172.217.194.0-255,66,219784,17,224336
1284,0.013093,172.217.194.0-255,66,219850,17,224336
1285,0.013394,172.217.194.0-255,66,219916,17,224336
1286,0.013419,172.217.194.0-255,66,219982,17,224336
1287,0.013426,172.31.36.0-255,66,220048,17,224336
1288,0.030099,172.31.36.0-255,188,220236,17,224336
1289,0.030134,172.31.36.0-255,961,221197,17,224336
1290,0.0302,172.31.36.0-255,1514,222711,17,224336
1291,0.030202,172.31.36.0-255,1427,224138,17,224336
1292,0.031617,104.244.42.0-255,66,224204,17,224336
1293,0.031707,104.244.42.0-255,66,224270,17,224336
1294,0.031738,104.244.42.0-255,66,224336,17,224336
1295,0.0,172.217.194.0-255,152,152,17,350503
1296,3.3e-05,172.31.36.0-255,66,218,17,350503
1297,4.1e-05,172.217.194.0-255,1484,1702,17,350503
1298,4.6e-05,172.31.36.0-255,66,1768,17,350503
1299,5.1e-05,172.217.194.0-255,2902,4670,17,350503
1300,6.2e-05,172.31.36.0-255,66,4736,17,350503
1301,6.9e-05,172.217.194.0-255,7156,11892,17,350503
1302,7.2e-05,172.31.36.0-255,66,11958,17,350503
1303,8.3e-05,172.31.36.0-255,66,12024,17,350503
1304,0.000113,172.217.194.0-255,3457,15481,17,350503
1305,0.000116,172.31.36.0-255,66,15547,17,350503
1306,0.000122,172.217.194.0-255,5379,20926,17,350503
1307,0.000125,172.31.36.0-255,66,20992,17,350503
1308,0.000196,172.217.194.0-255,1484,22476,17,350503
1309,0.0002,172.31.36.0-255,66,22542,17,350503
1310,0.000205,172.217.194.0-255,2902,25444,17,350503
1311,0.000207,172.31.36.0-255,66,25510,17,350503
1312,0.000213,172.217.194.0-255,5738,31248,17,350503
1313,0.000222,172.31.36.0-255,66,31314,17,350503
1314,0.000227,172.217.194.0-255,5738,37052,17,350503
1315,0.00023,172.31.36.0-255,66,37118,17,350503
1316,0.000241,172.31.36.0-255,66,37184,17,350503
1317,0.00027,172.217.194.0-255,5379,42563,17,350503
1318,0.000277,172.31.36.0-255,66,42629,17,350503
1319,0.000281,172.217.194.0-255,4248,46877,17,350503
1320,0.000287,172.31.36.0-255,66,46943,17,350503
1321,0.000306,172.217.194.0-255,99,47042,17,350503
1322,0.000309,172.31.36.0-255,66,47108,17,350503
1323,0.000383,172.217.194.0-255,1484,48592,17,350503
1324,0.000386,172.31.36.0-255,66,48658,17,350503
1325,0.000404,172.217.194.0-255,2902,51560,17,350503
1326,0.000407,172.31.36.0-255,66,51626,17,350503
1327,0.000414,172.217.194.0-255,5738,57364,17,350503
1328,0.000416,172.31.36.0-255,66,57430,17,350503
1329,0.000422,172.217.194.0-255,5738,63168,17,350503
1330,0.000425,172.31.36.0-255,66,63234,17,350503
1331,0.000452,172.217.194.0-255,1125,64359,17,350503
1332,0.000484,172.217.194.0-255,4320,68679,17,350503
1333,0.000488,172.31.36.0-255,66,68745,17,350503
1334,0.000524,172.31.36.0-255,66,68811,17,350503
1335,0.000528,172.217.194.0-255,2263,71074,17,350503
1336,0.000531,172.31.36.0-255,66,71140,17,350503
1337,0.0007,172.217.194.0-255,1484,72624,17,350503
1338,0.000706,172.217.194.0-255,2902,75526,17,350503
1339,0.000709,172.31.36.0-255,66,75592,17,350503
1340,0.000713,172.217.194.0-255,1484,77076,17,350503
1341,0.000742,172.217.194.0-255,4320,81396,17,350503
1342,0.000744,172.31.36.0-255,66,81462,17,350503
1343,0.000751,172.217.194.0-255,7156,88618,17,350503
1344,0.000753,172.31.36.0-255,66,88684,17,350503
1345,0.000783,172.217.194.0-255,2902,91586,17,350503
1346,0.000787,172.31.36.0-255,66,91652,17,350503
1347,0.000815,172.31.36.0-255,66,91718,17,350503
1348,0.001355,172.217.194.0-255,1484,93202,17,350503
1349,0.001365,172.217.194.0-255,2902,96104,17,350503
1350,0.001369,172.31.36.0-255,66,96170,17,350503
1351,0.001376,172.217.194.0-255,5738,101908,17,350503
1352,0.001378,172.31.36.0-255,66,101974,17,350503
1353,0.001421,172.31.36.0-255,66,102040,17,350503
1354,0.001468,172.31.36.0-255,66,102106,17,350503
1355,0.001494,172.217.194.0-255,2184,104290,17,350503
1356,0.001498,172.31.36.0-255,66,104356,17,350503
1357,0.002071,172.217.194.0-255,1484,105840,17,350503
1358,0.002079,172.217.194.0-255,2902,108742,17,350503
1359,0.002083,172.31.36.0-255,66,108808,17,350503
1360,0.002089,172.217.194.0-255,4320,113128,17,350503
1361,0.002091,172.31.36.0-255,66,113194,17,350503
1362,0.002111,172.217.194.0-255,1484,114678,17,350503
1363,0.002121,172.217.194.0-255,5738,120416,17,350503
1364,0.002123,172.31.36.0-255,66,120482,17,350503
1365,0.002132,172.31.36.0-255,66,120548,17,350503
1366,0.002166,172.217.194.0-255,4320,124868,17,350503
1367,0.002172,172.31.36.0-255,66,124934,17,350503
1368,0.002178,172.217.194.0-255,5020,129954,17,350503
1369,0.00218,172.31.36.0-255,66,130020,17,350503
1370,0.004227,172.217.194.0-255,5738,135758,17,350503
1371,0.004232,172.31.36.0-255,66,135824,17,350503
1372,0.006307,172.217.194.0-255,5738,141562,17,350503
1373,0.006317,172.31.36.0-255,66,141628,17,350503
1374,0.008408,172.217.194.0-255,5738,147366,17,350503
1375,0.008415,172.31.36.0-255,66,147432,17,350503
1376,0.010497,172.217.194.0-255,5738,153170,17,350503
1377,0.010508,172.31.36.0-255,66,153236,17,350503
1378,0.012588,172.217.194.0-255,5738,158974,17,350503
1379,0.012596,172.31.36.0-255,66,159040,17,350503
1380,0.014676,172.217.194.0-255,5738,164778,17,350503
1381,0.014686,172.31.36.0-255,66,164844,17,350503
1382,0.016772,172.217.194.0-255,5738,170582,17,350503
1383,0.016786,172.31.36.0-255,66,170648,17,350503
1384,0.018858,172.217.194.0-255,5738,176386,17,350503
1385,0.018867,172.31.36.0-255,66,176452,17,350503
1386,0.020971,172.217.194.0-255,5738,182190,17,350503
1387,0.020983,172.31.36.0-255,66,182256,17,350503
1388,0.023063,172.217.194.0-255,5738,187994,17,350503
1389,0.023072,172.31.36.0-255,66,188060,17,350503
1390,0.025139,172.217.194.0-255,5738,193798,17,350503
1391,0.025148,172.31.36.0-255,66,193864,17,350503
1392,0.027287,172.217.194.0-255,5738,199602,17,350503
1393,0.027296,172.31.36.0-255,66,199668,17,350503
1394,0.028678,172.31.36.0-255,172,199840,17,350503
1395,0.028708,172.31.36.0-255,1117,200957,17,350503
1396,0.028751,172.31.36.0-255,1514,202471,17,350503
1397,0.028752,172.31.36.0-255,1271,203742,17,350503
1398,0.029389,172.217.194.0-255,4320,208062,17,350503
1399,0.029396,172.31.36.0-255,66,208128,17,350503
1400,0.029428,172.217.194.0-255,1484,209612,17,350503
1401,0.030223,104.244.42.0-255,66,209678,17,350503
1402,0.030266,104.244.42.0-255,66,209744,17,350503
1403,0.030325,104.244.42.0-255,66,209810,17,350503
1404,0.031431,172.217.194.0-255,4320,214130,17,350503
1405,0.031437,172.31.36.0-255,66,214196,17,350503
1406,0.033513,172.217.194.0-255,1484,215680,17,350503
1407,0.033542,172.217.194.0-255,4320,220000,17,350503
1408,0.033547,172.31.36.0-255,66,220066,17,350503
1409,0.035667,172.217.194.0-255,5738,225804,17,350503
1410,0.035673,172.31.36.0-255,66,225870,17,350503
1411,0.037772,172.217.194.0-255,4320,230190,17,350503
1412,0.037777,172.31.36.0-255,66,230256,17,350503
1413,0.037822,172.217.194.0-255,1484,231740,17,350503
1414,0.039881,172.217.194.0-255,4320,236060,17,350503
1415,0.039889,172.31.36.0-255,66,236126,17,350503
1416,0.041986,172.217.194.0-255,5738,241864,17,350503
1417,0.041992,172.31.36.0-255,66,241930,17,350503
1418,0.044099,172.217.194.0-255,5738,247668,17,350503
1419,0.044106,172.31.36.0-255,66,247734,17,350503
1420,0.046176,172.217.194.0-255,2902,250636,17,350503
1421,0.046181,172.31.36.0-255,66,250702,17,350503
1422,0.046216,172.217.194.0-255,2902,253604,17,350503
1423,0.04622,172.31.36.0-255,66,253670,17,350503
1424,0.048253,172.217.194.0-255,2902,256572,17,350503
1425,0.048259,172.31.36.0-255,66,256638,17,350503
1426,0.0483,172.217.194.0-255,2902,259540,17,350503
1427,0.048303,172.31.36.0-255,66,259606,17,350503
1428,0.050334,172.217.194.0-255,2902,262508,17,350503
1429,0.050339,172.31.36.0-255,66,262574,17,350503
1430,0.050382,172.217.194.0-255,2902,265476,17,350503
1431,0.050386,172.31.36.0-255,66,265542,17,350503
1432,0.052431,172.217.194.0-255,5738,271280,17,350503
1433,0.052436,172.31.36.0-255,66,271346,17,350503
1434,0.054529,172.217.194.0-255,5738,277084,17,350503
1435,0.054534,172.31.36.0-255,66,277150,17,350503
1436,0.056614,172.217.194.0-255,5738,282888,17,350503
1437,0.05662,172.31.36.0-255,66,282954,17,350503
1438,0.058697,172.217.194.0-255,5738,288692,17,350503
1439,0.058702,172.31.36.0-255,66,288758,17,350503
1440,0.060743,172.217.194.0-255,5738,294496,17,350503
1441,0.060749,172.31.36.0-255,66,294562,17,350503
1442,0.062812,172.217.194.0-255,5738,300300,17,350503
1443,0.062817,172.31.36.0-255,66,300366,17,350503
1444,0.064905,172.217.194.0-255,5738,306104,17,350503
1445,0.06491,172.31.36.0-255,66,306170,17,350503
1446,0.066967,172.217.194.0-255,5738,311908,17,350503
1447,0.066973,172.31.36.0-255,66,311974,17,350503
1448,0.069045,172.217.194.0-255,2902,314876,17,350503
1449,0.069051,172.31.36.0-255,66,314942,17,350503
1450,0.069086,172.217.194.0-255,2902,317844,17,350503
1451,0.06909,172.31.36.0-255,66,317910,17,350503
1452,0.071136,172.217.194.0-255,5738,323648,17,350503
1453,0.071141,172.31.36.0-255,66,323714,17,350503
1454,0.073245,172.217.194.0-255,5738,329452,17,350503
1455,0.073251,172.31.36.0-255,66,329518,17,350503
1456,0.075352,172.217.194.0-255,5738,335256,17,350503
1457,0.075358,172.31.36.0-255,66,335322,17,350503
1458,0.077399,172.217.194.0-255,1484,336806,17,350503
1459,0.077431,172.217.194.0-255,4320,341126,17,350503
1460,0.077438,172.31.36.0-255,66,341192,17,350503
1461,0.079487,172.217.194.0-255,4320,345512,17,350503
1462,0.079492,172.31.36.0-255,66,345578,17,350503
1463,0.079526,172.217.194.0-255,1484,347062,17,350503
1464,0.081548,172.217.194.0-255,3204,350266,17,350503
1465,0.081553,172.31.36.0-255,66,350332,17,350503
1466,0.081736,172.31.36.0-255,105,350437,17,350503
1467,0.083817,172.217.194.0-255,66,350503,17,350503
1468,0.0,172.217.160.0-255,152,152,17,391352
1469,2e-05,172.31.36.0-255,66,218,17,391352
1470,2.7e-05,172.217.160.0-255,1484,1702,17,391352
1471,3.1e-05,172.31.36.0-255,66,1768,17,391352
1472,3.6e-05,172.217.160.0-255,2902,4670,17,391352
1473,4.9e-05,172.31.36.0-255,66,4736,17,391352
1474,5.6e-05,172.217.160.0-255,7156,11892,17,391352
1475,5.9e-05,172.31.36.0-255,66,11958,17,391352
1476,7.3e-05,172.31.36.0-255,66,12024,17,391352
1477,0.000104,172.217.160.0-255,4320,16344,17,391352
1478,0.000107,172.31.36.0-255,66,16410,17,391352
1479,0.000148,172.217.160.0-255,2543,18953,17,391352
1480,0.000151,172.31.36.0-255,66,19019,17,391352
1481,0.000156,172.217.160.0-255,2902,21921,17,391352
1482,0.000158,172.31.36.0-255,66,21987,17,391352
1483,0.000168,172.217.160.0-255,4320,26307,17,391352
1484,0.00017,172.31.36.0-255,66,26373,17,391352
1485,0.00018,172.31.36.0-255,66,26439,17,391352
1486,0.000186,172.217.160.0-255,7156,33595,17,391352
1487,0.000188,172.31.36.0-255,66,33661,17,391352
1488,0.000232,172.31.36.0-255,66,33727,17,391352
1489,0.00028,172.217.160.0-255,373,34100,17,391352
1490,0.000284,172.31.36.0-255,66,34166,17,391352
1491,0.000706,172.217.160.0-255,102,34268,17,391352
1492,0.000711,172.31.36.0-255,66,34334,17,391352
1493,0.000851,172.217.160.0-255,1484,35818,17,391352
1494,0.000855,172.31.36.0-255,66,35884,17,391352
1495,0.00086,172.217.160.0-255,2902,38786,17,391352
1496,0.000862,172.31.36.0-255,66,38852,17,391352
1497,0.000894,172.217.160.0-255,5738,44590,17,391352
1498,0.000897,172.31.36.0-255,66,44656,17,391352
1499,0.000901,172.217.160.0-255,2902,47558,17,391352
1500,0.000903,172.31.36.0-255,66,47624,17,391352
1501,0.000931,172.217.160.0-255,5738,53362,17,391352
1502,0.000933,172.31.36.0-255,66,53428,17,391352
1503,0.000962,172.217.160.0-255,5379,58807,17,391352
1504,0.000965,172.31.36.0-255,66,58873,17,391352
1505,0.000971,172.217.160.0-255,7156,66029,17,391352
1506,0.000973,172.31.36.0-255,66,66095,17,391352
1507,0.000992,172.217.160.0-255,2543,68638,17,391352
1508,0.000996,172.31.36.0-255,66,68704,17,391352
1509,0.002599,172.217.160.0-255,2902,71606,17,391352
1510,0.002608,172.31.36.0-255,66,71672,17,391352
1511,0.002638,172.217.160.0-255,2902,74574,17,391352
1512,0.002641,172.31.36.0-255,66,74640,17,391352
1513,0.004221,172.217.160.0-255,2902,77542,17,391352
1514,0.004225,172.31.36.0-255,66,77608,17,391352
1515,0.00425,172.217.160.0-255,1484,79092,17,391352
1516,0.004269,172.217.160.0-255,1484,80576,17,391352
1517,0.004272,172.31.36.0-255,66,80642,17,391352
1518,0.00584,172.217.160.0-255,2902,83544,17,391352
1519,0.005845,172.31.36.0-255,66,83610,17,391352
1520,0.005888,172.217.160.0-255,2902,86512,17,391352
1521,0.005892,172.31.36.0-255,66,86578,17,391352
1522,0.007463,172.217.160.0-255,2902,89480,17,391352
1523,0.00747,172.31.36.0-255,66,89546,17,391352
1524,0.00751,172.217.160.0-255,2902,92448,17,391352
1525,0.007514,172.31.36.0-255,66,92514,17,391352
1526,0.009119,172.217.160.0-255,5738,98252,17,391352
1527,0.009127,172.31.36.0-255,66,98318,17,391352
1528,0.010757,172.217.160.0-255,5738,104056,17,391352
1529,0.010765,172.31.36.0-255,66,104122,17,391352
1530,0.01239,172.217.160.0-255,5738,109860,17,391352
1531,0.012398,172.31.36.0-255,66,109926,17,391352
1532,0.01404,172.217.160.0-255,5738,115664,17,391352
1533,0.014048,172.31.36.0-255,66,115730,17,391352
1534,0.015675,172.217.160.0-255,5738,121468,17,391352
1535,0.015683,172.31.36.0-255,66,121534,17,391352
1536,0.017315,172.217.160.0-255,5738,127272,17,391352
1537,0.017323,172.31.36.0-255,66,127338,17,391352
1538,0.018976,172.217.160.0-255,5738,133076,17,391352
1539,0.018983,172.31.36.0-255,66,133142,17,391352
1540,0.020621,172.217.160.0-255,5738,138880,17,391352
1541,0.020627,172.31.36.0-255,66,138946,17,391352
1542,0.021396,172.31.36.0-255,172,139118,17,391352
1543,0.021429,172.31.36.0-255,1118,140236,17,391352
1544,0.021489,172.31.36.0-255,1514,141750,17,391352
1545,0.021491,172.31.36.0-255,1270,143020,17,391352
1546,0.022256,172.217.160.0-255,5738,148758,17,391352
1547,0.022263,172.31.36.0-255,66,148824,17,391352
1548,0.022938,104.244.42.0-255,66,148890,17,391352
1549,0.022967,104.244.42.0-255,66,148956,17,391352
1550,0.023078,104.244.42.0-255,66,149022,17,391352
1551,0.023893,172.217.160.0-255,5738,154760,17,391352
1552,0.023899,172.31.36.0-255,66,154826,17,391352
1553,0.025536,172.217.160.0-255,5738,160564,17,391352
1554,0.025543,172.31.36.0-255,66,160630,17,391352
1555,0.027175,172.217.160.0-255,5738,166368,17,391352
1556,0.027183,172.31.36.0-255,66,166434,17,391352
1557,0.028811,172.217.160.0-255,5738,172172,17,391352
1558,0.028817,172.31.36.0-255,66,172238,17,391352
1559,0.030454,172.217.160.0-255,5738,177976,17,391352
1560,0.030461,172.31.36.0-255,66,178042,17,391352
1561,0.032134,172.217.160.0-255,5738,183780,17,391352
1562,0.032141,172.31.36.0-255,66,183846,17,391352
1563,0.033774,172.217.160.0-255,5738,189584,17,391352
1564,0.033781,172.31.36.0-255,66,189650,17,391352
1565,0.035413,172.217.160.0-255,5738,195388,17,391352
1566,0.035419,172.31.36.0-255,66,195454,17,391352
1567,0.037044,172.217.160.0-255,5738,201192,17,391352
1568,0.037049,172.31.36.0-255,66,201258,17,391352
1569,0.038666,172.217.160.0-255,4320,205578,17,391352
1570,0.038672,172.31.36.0-255,66,205644,17,391352
1571,0.038703,172.217.160.0-255,1484,207128,17,391352
1572,0.040291,172.217.160.0-255,4320,211448,17,391352
1573,0.040297,172.31.36.0-255,66,211514,17,391352
1574,0.041935,172.217.160.0-255,5738,217252,17,391352
1575,0.04194,172.31.36.0-255,66,217318,17,391352
1576,0.043596,172.217.160.0-255,5738,223056,17,391352
1577,0.043601,172.31.36.0-255,66,223122,17,391352
1578,0.045227,172.217.160.0-255,2902,226024,17,391352
1579,0.045233,172.31.36.0-255,66,226090,17,391352
1580,0.045273,172.217.160.0-255,2902,228992,17,391352
1581,0.045276,172.31.36.0-255,66,229058,17,391352
1582,0.04685,172.217.160.0-255,1484,230542,17,391352
1583,0.046887,172.217.160.0-255,1484,232026,17,391352
1584,0.046891,172.31.36.0-255,66,232092,17,391352
1585,0.04693,172.217.160.0-255,2902,234994,17,391352
1586,0.046936,172.31.36.0-255,66,235060,17,391352
1587,0.048507,172.217.160.0-255,2902,237962,17,391352
1588,0.048513,172.31.36.0-255,66,238028,17,391352
1589,0.048548,172.217.160.0-255,2902,240930,17,391352
1590,0.048552,172.31.36.0-255,66,240996,17,391352
1591,0.050133,172.217.160.0-255,2902,243898,17,391352
1592,0.050139,172.31.36.0-255,66,243964,17,391352
1593,0.050174,172.217.160.0-255,2902,246866,17,391352
1594,0.050178,172.31.36.0-255,66,246932,17,391352
1595,0.051764,172.217.160.0-255,2902,249834,17,391352
1596,0.05177,172.31.36.0-255,66,249900,17,391352
1597,0.051809,172.217.160.0-255,2902,252802,17,391352
1598,0.051812,172.31.36.0-255,66,252868,17,391352
1599,0.053402,172.217.160.0-255,2902,255770,17,391352
1600,0.053408,172.31.36.0-255,66,255836,17,391352
1601,0.053442,172.217.160.0-255,2902,258738,17,391352
1602,0.053446,172.31.36.0-255,66,258804,17,391352
1603,0.055033,172.217.160.0-255,2902,261706,17,391352
1604,0.055039,172.31.36.0-255,66,261772,17,391352
1605,0.055076,172.217.160.0-255,2902,264674,17,391352
1606,0.055079,172.31.36.0-255,66,264740,17,391352
1607,0.056658,172.217.160.0-255,2902,267642,17,391352
1608,0.056664,172.31.36.0-255,66,267708,17,391352
1609,0.0567,172.217.160.0-255,2902,270610,17,391352
1610,0.056704,172.31.36.0-255,66,270676,17,391352
1611,0.058316,172.217.160.0-255,5738,276414,17,391352
1612,0.058321,172.31.36.0-255,66,276480,17,391352
1613,0.059955,172.217.160.0-255,5738,282218,17,391352
1614,0.059963,172.31.36.0-255,66,282284,17,391352
1615,0.061594,172.217.160.0-255,5738,288022,17,391352
1616,0.061603,172.31.36.0-255,66,288088,17,391352
1617,0.063234,172.217.160.0-255,4320,292408,17,391352
1618,0.06324,172.31.36.0-255,66,292474,17,391352
1619,0.063275,172.217.160.0-255,1484,293958,17,391352
1620,0.064863,172.217.160.0-255,4320,298278,17,391352
1621,0.064869,172.31.36.0-255,66,298344,17,391352
1622,0.066492,172.217.160.0-255,5738,304082,17,391352
1623,0.066499,172.31.36.0-255,66,304148,17,391352
1624,0.068125,172.217.160.0-255,5738,309886,17,391352
1625,0.068132,172.31.36.0-255,66,309952,17,391352
1626,0.069794,172.217.160.0-255,5738,315690,17,391352
1627,0.069801,172.31.36.0-255,66,315756,17,391352
1628,0.071427,172.217.160.0-255,5738,321494,17,391352
1629,0.071434,172.31.36.0-255,66,321560,17,391352
1630,0.073055,172.217.160.0-255,5738,327298,17,391352
1631,0.073061,172.31.36.0-255,66,327364,17,391352
1632,0.07469,172.217.160.0-255,5738,333102,17,391352
1633,0.074697,172.31.36.0-255,66,333168,17,391352
1634,0.076347,172.217.160.0-255,5738,338906,17,391352
1635,0.07636,172.31.36.0-255,66,338972,17,391352
1636,0.077986,172.217.160.0-255,5738,344710,17,391352
1637,0.077992,172.31.36.0-255,66,344776,17,391352
1638,0.079618,172.217.160.0-255,5738,350514,17,391352
1639,0.079623,172.31.36.0-255,66,350580,17,391352
1640,0.081253,172.217.160.0-255,5738,356318,17,391352
1641,0.081259,172.31.36.0-255,66,356384,17,391352
1642,0.0829,172.217.160.0-255,5738,362122,17,391352
1643,0.082906,172.31.36.0-255,66,362188,17,391352
1644,0.084538,172.217.160.0-255,5738,367926,17,391352
1645,0.084543,172.31.36.0-255,66,367992,17,391352
1646,0.086189,172.217.160.0-255,5738,373730,17,391352
1647,0.086195,172.31.36.0-255,66,373796,17,391352
1648,0.087819,172.217.160.0-255,5738,379534,17,391352
1649,0.087825,172.31.36.0-255,66,379600,17,391352
1650,0.089446,172.217.160.0-255,5738,385338,17,391352
1651,0.089451,172.31.36.0-255,66,385404,17,391352
1652,0.091077,172.217.160.0-255,5711,391115,17,391352
1653,0.091083,172.31.36.0-255,66,391181,17,391352
1654,0.091285,172.31.36.0-255,105,391286,17,391352
1655,0.092893,172.217.160.0-255,66,391352,17,391352
1656,0.0,172.217.194.0-255,151,151,17,310235
1657,1.6e-05,172.31.36.0-255,66,217,17,310235
1658,2.3e-05,172.217.194.0-255,1484,1701,17,310235
1659,2.7e-05,172.31.36.0-255,66,1767,17,310235
1660,3.2e-05,172.217.194.0-255,2902,4669,17,310235
1661,4.3e-05,172.31.36.0-255,66,4735,17,310235
1662,5.1e-05,172.217.194.0-255,7156,11891,17,310235
1663,5.4e-05,172.31.36.0-255,66,11957,17,310235
1664,6.1e-05,172.217.194.0-255,6357,18314,17,310235
1665,6.3e-05,172.31.36.0-255,66,18380,17,310235
1666,0.000108,172.217.194.0-255,2902,21282,17,310235
1667,0.000111,172.31.36.0-255,66,21348,17,310235
1668,0.000145,172.31.36.0-255,66,21414,17,310235
1669,0.000179,172.217.194.0-255,1484,22898,17,310235
1670,0.000182,172.31.36.0-255,66,22964,17,310235
1671,0.000187,172.217.194.0-255,2902,25866,17,310235
1672,0.000189,172.31.36.0-255,66,25932,17,310235
1673,0.000194,172.217.194.0-255,2902,28834,17,310235
1674,0.000201,172.31.36.0-255,66,28900,17,310235
1675,0.000204,172.217.194.0-255,1484,30384,17,310235
1676,0.000206,172.31.36.0-255,66,30450,17,310235
1677,0.000239,172.217.194.0-255,5738,36188,17,310235
1678,0.000242,172.31.36.0-255,66,36254,17,310235
1679,0.000249,172.217.194.0-255,5738,41992,17,310235
1680,0.000252,172.31.36.0-255,66,42058,17,310235
1681,0.000289,172.217.194.0-255,2797,44855,17,310235
1682,0.000295,172.31.36.0-255,66,44921,17,310235
1683,0.000302,172.31.36.0-255,66,44987,17,310235
1684,0.000657,172.217.194.0-255,112,45099,17,310235
1685,0.000663,172.31.36.0-255,66,45165,17,310235
1686,0.000704,172.217.194.0-255,1484,46649,17,310235
1687,0.000711,172.217.194.0-255,2902,49551,17,310235
1688,0.000713,172.31.36.0-255,66,49617,17,310235
1689,0.000717,172.217.194.0-255,1484,51101,17,310235
1690,0.000749,172.217.194.0-255,4320,55421,17,310235
1691,0.000752,172.31.36.0-255,66,55487,17,310235
1692,0.000759,172.217.194.0-255,5738,61225,17,310235
1693,0.000761,172.31.36.0-255,66,61291,17,310235
1694,0.000798,172.217.194.0-255,7156,68447,17,310235
1695,0.0008,172.31.36.0-255,66,68513,17,310235
1696,0.000813,172.31.36.0-255,66,68579,17,310235
1697,0.000816,172.217.194.0-255,385,68964,17,310235
1698,0.000819,172.217.194.0-255,1484,70448,17,310235
1699,0.000821,172.31.36.0-255,66,70514,17,310235
1700,0.000844,172.217.194.0-255,4320,74834,17,310235
1701,0.000847,172.31.36.0-255,66,74900,17,310235
1702,0.000895,172.31.36.0-255,66,74966,17,310235
1703,0.000898,172.217.194.0-255,577,75543,17,310235
1704,0.001661,172.31.36.0-255,66,75609,17,310235
1705,0.001746,172.217.194.0-255,1484,77093,17,310235
1706,0.001753,172.217.194.0-255,2902,79995,17,310235
1707,0.001756,172.31.36.0-255,66,80061,17,310235
1708,0.001778,172.217.194.0-255,5738,85799,17,310235
1709,0.001781,172.31.36.0-255,66,85865,17,310235
1710,0.001788,172.217.194.0-255,5738,91603,17,310235
1711,0.00179,172.31.36.0-255,66,91669,17,310235
1712,0.00182,172.217.194.0-255,1484,93153,17,310235
1713,0.001861,172.31.36.0-255,66,93219,17,310235
1714,0.001887,172.217.194.0-255,1484,94703,17,310235
1715,0.001891,172.217.194.0-255,2184,96887,17,310235
1716,0.001893,172.31.36.0-255,66,96953,17,310235
1717,0.004467,172.217.194.0-255,1484,98437,17,310235
1718,0.004572,172.217.194.0-255,4320,102757,17,310235
1719,0.004577,172.31.36.0-255,66,102823,17,310235
1720,0.007231,172.217.194.0-255,5738,108561,17,310235
1721,0.007237,172.31.36.0-255,66,108627,17,310235
1722,0.009884,172.217.194.0-255,5738,114365,17,310235
1723,0.009891,172.31.36.0-255,66,114431,17,310235
1724,0.012538,172.217.194.0-255,5738,120169,17,310235
1725,0.012548,172.31.36.0-255,66,120235,17,310235
1726,0.015188,172.217.194.0-255,5738,125973,17,310235
1727,0.0152,172.31.36.0-255,66,126039,17,310235
1728,0.017843,172.217.194.0-255,5738,131777,17,310235
1729,0.017851,172.31.36.0-255,66,131843,17,310235
1730,0.020543,172.217.194.0-255,5738,137581,17,310235
1731,0.020553,172.31.36.0-255,66,137647,17,310235
1732,0.023226,172.217.194.0-255,5738,143385,17,310235
1733,0.023234,172.31.36.0-255,66,143451,17,310235
1734,0.025891,172.217.194.0-255,5738,149189,17,310235
1735,0.025897,172.31.36.0-255,66,149255,17,310235
1736,0.026878,172.31.36.0-255,172,149427,17,310235
1737,0.02691,172.31.36.0-255,1117,150544,17,310235
1738,0.02697,172.31.36.0-255,1514,152058,17,310235
1739,0.026971,172.31.36.0-255,1271,153329,17,310235
1740,0.028403,104.244.42.0-255,66,153395,17,310235
1741,0.02844,104.244.42.0-255,66,153461,17,310235
1742,0.028546,104.244.42.0-255,66,153527,17,310235
1743,0.028564,172.217.194.0-255,5738,159265,17,310235
1744,0.028569,172.31.36.0-255,66,159331,17,310235
1745,0.031232,172.217.194.0-255,5738,165069,17,310235
1746,0.031237,172.31.36.0-255,66,165135,17,310235
1747,0.033891,172.217.194.0-255,5738,170873,17,310235
1748,0.033898,172.31.36.0-255,66,170939,17,310235
1749,0.036546,172.217.194.0-255,5738,176677,17,310235
1750,0.036553,172.31.36.0-255,66,176743,17,310235
1751,0.0392,172.217.194.0-255,5738,182481,17,310235
1752,0.039207,172.31.36.0-255,66,182547,17,310235
1753,0.041856,172.217.194.0-255,5738,188285,17,310235
1754,0.041862,172.31.36.0-255,66,188351,17,310235
1755,0.044512,172.217.194.0-255,5738,194089,17,310235
1756,0.044529,172.31.36.0-255,66,194155,17,310235
1757,0.047177,172.217.194.0-255,5738,199893,17,310235
1758,0.047183,172.31.36.0-255,66,199959,17,310235
1759,0.049847,172.217.194.0-255,5738,205697,17,310235
1760,0.049853,172.31.36.0-255,66,205763,17,310235
1761,0.052474,172.217.194.0-255,5738,211501,17,310235
1762,0.052481,172.31.36.0-255,66,211567,17,310235
1763,0.055161,172.217.194.0-255,5738,217305,17,310235
1764,0.055168,172.31.36.0-255,66,217371,17,310235
1765,0.057795,172.217.194.0-255,5738,223109,17,310235
1766,0.057801,172.31.36.0-255,66,223175,17,310235
1767,0.060452,172.217.194.0-255,5738,228913,17,310235
1768,0.060457,172.31.36.0-255,66,228979,17,310235
1769,0.063097,172.217.194.0-255,5738,234717,17,310235
1770,0.063104,172.31.36.0-255,66,234783,17,310235
1771,0.065814,172.217.194.0-255,5738,240521,17,310235
1772,0.065821,172.31.36.0-255,66,240587,17,310235
1773,0.068462,172.217.194.0-255,5738,246325,17,310235
1774,0.068469,172.31.36.0-255,66,246391,17,310235
1775,0.071103,172.217.194.0-255,5738,252129,17,310235
1776,0.07111,172.31.36.0-255,66,252195,17,310235
1777,0.073732,172.217.194.0-255,5738,257933,17,310235
1778,0.073739,172.31.36.0-255,66,257999,17,310235
1779,0.076406,172.217.194.0-255,5738,263737,17,310235
1780,0.076413,172.31.36.0-255,66,263803,17,310235
1781,0.079033,172.217.194.0-255,5738,269541,17,310235
1782,0.07904,172.31.36.0-255,66,269607,17,310235
1783,0.08169,172.217.194.0-255,5738,275345,17,310235
1784,0.081697,172.31.36.0-255,66,275411,17,310235
1785,0.084367,172.217.194.0-255,5738,281149,17,310235
1786,0.084374,172.31.36.0-255,66,281215,17,310235
1787,0.087074,172.217.194.0-255,5738,286953,17,310235
1788,0.087084,172.31.36.0-255,66,287019,17,310235
1789,0.089731,172.217.194.0-255,5738,292757,17,310235
1790,0.089738,172.31.36.0-255,66,292823,17,310235
1791,0.092403,172.217.194.0-255,5738,298561,17,310235
1792,0.092416,172.31.36.0-255,66,298627,17,310235
1793,0.095073,172.217.194.0-255,5738,304365,17,310235
1794,0.095088,172.31.36.0-255,66,304431,17,310235
1795,0.097743,172.217.194.0-255,5738,310169,17,310235
1796,0.097755,172.31.36.0-255,66,310235,17,310235
1797,0.0,172.217.194.0-255,153,153,17,154485
1798,2.2e-05,172.31.36.0-255,66,219,17,154485
1799,3e-05,172.217.194.0-255,1484,1703,17,154485
1800,3.4e-05,172.31.36.0-255,66,1769,17,154485
1801,4e-05,172.217.194.0-255,2902,4671,17,154485
1802,4.3e-05,172.31.36.0-255,66,4737,17,154485
1803,5.8e-05,172.217.194.0-255,7156,11893,17,154485
1804,6.1e-05,172.31.36.0-255,66,11959,17,154485
1805,7.2e-05,172.31.36.0-255,66,12025,17,154485
1806,0.000124,172.31.36.0-255,66,12091,17,154485
1807,0.000142,172.217.194.0-255,1484,13575,17,154485
1808,0.000145,172.31.36.0-255,66,13641,17,154485
1809,0.00015,172.217.194.0-255,2902,16543,17,154485
1810,0.000152,172.31.36.0-255,66,16609,17,154485
1811,0.000191,172.217.194.0-255,5738,22347,17,154485
1812,0.000193,172.31.36.0-255,66,22413,17,154485
1813,0.000201,172.217.194.0-255,6797,29210,17,154485
1814,0.000203,172.31.36.0-255,66,29276,17,154485
1815,0.000241,172.31.36.0-255,66,29342,17,154485
1816,0.000246,172.217.194.0-255,2833,32175,17,154485
1817,0.000248,172.31.36.0-255,66,32241,17,154485
1818,0.000266,172.217.194.0-255,367,32608,17,154485
1819,0.000268,172.31.36.0-255,66,32674,17,154485
1820,0.000293,172.217.194.0-255,1484,34158,17,154485
1821,0.000295,172.31.36.0-255,66,34224,17,154485
1822,0.000321,172.217.194.0-255,4320,38544,17,154485
1823,0.000324,172.31.36.0-255,66,38610,17,154485
1824,0.000348,172.217.194.0-255,5738,44348,17,154485
1825,0.000351,172.31.36.0-255,66,44414,17,154485
1826,0.000405,172.217.194.0-255,4828,49242,17,154485
1827,0.000409,172.31.36.0-255,66,49308,17,154485
1828,0.000449,172.217.194.0-255,2902,52210,17,154485
1829,0.000451,172.31.36.0-255,66,52276,17,154485
1830,0.000457,172.217.194.0-255,2902,55178,17,154485
1831,0.000459,172.31.36.0-255,66,55244,17,154485
1832,0.000476,172.217.194.0-255,1484,56728,17,154485
1833,0.000494,172.31.36.0-255,66,56794,17,154485
1834,0.000507,172.31.36.0-255,66,56860,17,154485
1835,0.000534,172.217.194.0-255,2902,59762,17,154485
1836,0.000536,172.31.36.0-255,66,59828,17,154485
1837,0.000546,172.217.194.0-255,3602,63430,17,154485
1838,0.000548,172.31.36.0-255,66,63496,17,154485
1839,0.000588,172.217.194.0-255,4320,67816,17,154485
1840,0.000591,172.31.36.0-255,66,67882,17,154485
1841,0.000597,172.217.194.0-255,4320,72202,17,154485
1842,0.000599,172.31.36.0-255,66,72268,17,154485
1843,0.000616,172.217.194.0-255,1484,73752,17,154485
1844,0.000634,172.31.36.0-255,66,73818,17,154485
1845,0.000638,172.217.194.0-255,2902,76720,17,154485
1846,0.00064,172.31.36.0-255,66,76786,17,154485
1847,0.000675,172.31.36.0-255,66,76852,17,154485
1848,0.000758,172.217.194.0-255,1484,78336,17,154485
1849,0.000774,172.217.194.0-255,2902,81238,17,154485
1850,0.000778,172.31.36.0-255,66,81304,17,154485
1851,0.000785,172.217.194.0-255,5738,87042,17,154485
1852,0.000787,172.31.36.0-255,66,87108,17,154485
1853,0.000823,172.31.36.0-255,66,87174,17,154485
1854,0.000853,172.217.194.0-255,4320,91494,17,154485
1855,0.000856,172.31.36.0-255,66,91560,17,154485
1856,0.000896,172.31.36.0-255,66,91626,17,154485
1857,0.000965,172.217.194.0-255,1484,93110,17,154485
1858,0.00097,172.217.194.0-255,2902,96012,17,154485
1859,0.000973,172.31.36.0-255,66,96078,17,154485
1860,0.001008,172.217.194.0-255,5738,101816,17,154485
1861,0.001011,172.31.36.0-255,66,101882,17,154485
1862,0.001018,172.217.194.0-255,5738,107620,17,154485
1863,0.00102,172.31.36.0-255,66,107686,17,154485
1864,0.001033,172.31.36.0-255,66,107752,17,154485
1865,0.00107,172.217.194.0-255,2902,110654,17,154485
1866,0.001073,172.31.36.0-255,66,110720,17,154485
1867,0.00108,172.217.194.0-255,5020,115740,17,154485
1868,0.001083,172.31.36.0-255,66,115806,17,154485
1869,0.001198,172.217.194.0-255,1484,117290,17,154485
1870,0.001203,172.217.194.0-255,2902,120192,17,154485
1871,0.001206,172.31.36.0-255,66,120258,17,154485
1872,0.00121,172.217.194.0-255,1484,121742,17,154485
1873,0.00124,172.217.194.0-255,4320,126062,17,154485
1874,0.001256,172.31.36.0-255,66,126128,17,154485
1875,0.001259,172.31.36.0-255,66,126194,17,154485
1876,0.001297,172.31.36.0-255,66,126260,17,154485
1877,0.001306,172.217.194.0-255,2184,128444,17,154485
1878,0.001309,172.31.36.0-255,66,128510,17,154485
1879,0.001363,172.217.194.0-255,1484,129994,17,154485
1880,0.001369,172.217.194.0-255,2902,132896,17,154485
1881,0.001372,172.31.36.0-255,66,132962,17,154485
1882,0.001379,172.217.194.0-255,5738,138700,17,154485
1883,0.001381,172.31.36.0-255,66,138766,17,154485
1884,0.001458,172.31.36.0-255,66,138832,17,154485
1885,0.001475,172.217.194.0-255,7156,145988,17,154485
1886,0.001511,172.31.36.0-255,66,146054,17,154485
1887,0.001527,172.217.194.0-255,766,146820,17,154485
1888,0.001555,172.31.36.0-255,66,146886,17,154485
1889,0.001565,172.217.194.0-255,2902,149788,17,154485
1890,0.00168,172.31.36.0-255,66,149854,17,154485
1891,0.001715,172.217.194.0-255,105,149959,17,154485
1892,0.001721,172.31.36.0-255,66,150025,17,154485
1893,0.008647,172.31.36.0-255,105,150130,17,154485
1894,0.010931,172.217.194.0-255,66,150196,17,154485
1895,0.034683,172.31.36.0-255,187,150383,17,154485
1896,0.034716,172.31.36.0-255,985,151368,17,154485
1897,0.034795,172.31.36.0-255,1514,152882,17,154485
1898,0.034797,172.31.36.0-255,1405,154287,17,154485
1899,0.036198,104.244.42.0-255,66,154353,17,154485
1900,0.036227,104.244.42.0-255,66,154419,17,154485
1901,0.036312,104.244.42.0-255,66,154485,17,154485
1902,0.0,172.217.194.0-255,153,153,17,342676
1903,3.4e-05,172.31.36.0-255,66,219,17,342676
1904,4.1e-05,172.217.194.0-255,1484,1703,17,342676
1905,4.5e-05,172.31.36.0-255,66,1769,17,342676
1906,5e-05,172.217.194.0-255,2902,4671,17,342676
1907,6e-05,172.31.36.0-255,66,4737,17,342676
1908,6.7e-05,172.217.194.0-255,7156,11893,17,342676
1909,7e-05,172.31.36.0-255,66,11959,17,342676
1910,7.7e-05,172.217.194.0-255,6316,18275,17,342676
1911,8e-05,172.31.36.0-255,66,18341,17,342676
1912,8.6e-05,172.217.194.0-255,7156,25497,17,342676
1913,8.9e-05,172.31.36.0-255,66,25563,17,342676
1914,0.000117,172.217.194.0-255,5379,30942,17,342676
1915,0.000121,172.31.36.0-255,66,31008,17,342676
1916,0.000157,172.217.194.0-255,1484,32492,17,342676
1917,0.000161,172.31.36.0-255,66,32558,17,342676
1918,0.000166,172.217.194.0-255,2902,35460,17,342676
1919,0.000168,172.31.36.0-255,66,35526,17,342676
1920,0.000174,172.217.194.0-255,5738,41264,17,342676
1921,0.000177,172.31.36.0-255,66,41330,17,342676
1922,0.000222,172.31.36.0-255,66,41396,17,342676
1923,0.000254,172.217.194.0-255,2543,43939,17,342676
1924,0.000257,172.31.36.0-255,66,44005,17,342676
1925,0.000263,172.217.194.0-255,5738,49743,17,342676
1926,0.000266,172.31.36.0-255,66,49809,17,342676
1927,0.000288,172.217.194.0-255,4574,54383,17,342676
1928,0.000291,172.31.36.0-255,66,54449,17,342676
1929,0.000388,172.217.194.0-255,1484,55933,17,342676
1930,0.000392,172.31.36.0-255,66,55999,17,342676
1931,0.000421,172.217.194.0-255,2902,58901,17,342676
1932,0.000425,172.31.36.0-255,66,58967,17,342676
1933,0.000431,172.217.194.0-255,5738,64705,17,342676
1934,0.000434,172.31.36.0-255,66,64771,17,342676
1935,0.000445,172.217.194.0-255,4320,69091,17,342676
1936,0.000448,172.31.36.0-255,66,69157,17,342676
1937,0.000511,172.31.36.0-255,66,69223,17,342676
1938,0.000518,172.217.194.0-255,5379,74602,17,342676
1939,0.000521,172.31.36.0-255,66,74668,17,342676
1940,0.00114,172.217.194.0-255,1484,76152,17,342676
1941,0.001146,172.217.194.0-255,1484,77636,17,342676
1942,0.00115,172.31.36.0-255,66,77702,17,342676
1943,0.001178,172.217.194.0-255,1484,79186,17,342676
1944,0.001185,172.217.194.0-255,5738,84924,17,342676
1945,0.001189,172.31.36.0-255,66,84990,17,342676
1946,0.001199,172.31.36.0-255,66,85056,17,342676
1947,0.001209,172.31.36.0-255,66,85122,17,342676
1948,0.001239,172.217.194.0-255,5020,90142,17,342676
1949,0.001242,172.31.36.0-255,66,90208,17,342676
1950,0.001947,172.217.194.0-255,1484,91692,17,342676
1951,0.001958,172.217.194.0-255,2902,94594,17,342676
1952,0.001964,172.31.36.0-255,66,94660,17,342676
1953,0.001972,172.217.194.0-255,5738,100398,17,342676
1954,0.001974,172.31.36.0-255,66,100464,17,342676
1955,0.001987,172.217.194.0-255,5738,106202,17,342676
1956,0.001991,172.31.36.0-255,66,106268,17,342676
1957,0.002015,172.217.194.0-255,7156,113424,17,342676
1958,0.002025,172.31.36.0-255,66,113490,17,342676
1959,0.002031,172.217.194.0-255,4320,117810,17,342676
1960,0.002033,172.31.36.0-255,66,117876,17,342676
1961,0.002055,172.217.194.0-255,6438,124314,17,342676
1962,0.002061,172.31.36.0-255,66,124380,17,342676
1963,0.00208,172.217.194.0-255,4320,128700,17,342676
1964,0.002082,172.31.36.0-255,66,128766,17,342676
1965,0.002088,172.217.194.0-255,5738,134504,17,342676
1966,0.00209,172.31.36.0-255,66,134570,17,342676
1967,0.002136,172.31.36.0-255,66,134636,17,342676
1968,0.002148,172.31.36.0-255,66,134702,17,342676
1969,0.002213,172.217.194.0-255,1484,136186,17,342676
1970,0.002228,172.217.194.0-255,2902,139088,17,342676
1971,0.002231,172.31.36.0-255,66,139154,17,342676
1972,0.002234,172.217.194.0-255,1484,140638,17,342676
1973,0.002258,172.217.194.0-255,2902,143540,17,342676
1974,0.00226,172.31.36.0-255,66,143606,17,342676
1975,0.002268,172.217.194.0-255,7156,150762,17,342676
1976,0.00227,172.31.36.0-255,66,150828,17,342676
1977,0.002297,172.217.194.0-255,1484,152312,17,342676
1978,0.002309,172.31.36.0-255,66,152378,17,342676
1979,0.002338,172.217.194.0-255,6438,158816,17,342676
1980,0.002341,172.31.36.0-255,66,158882,17,342676
1981,0.004655,172.217.194.0-255,4320,163202,17,342676
1982,0.004661,172.31.36.0-255,66,163268,17,342676
1983,0.004686,172.217.194.0-255,1484,164752,17,342676
1984,0.006984,172.217.194.0-255,4320,169072,17,342676
1985,0.006989,172.31.36.0-255,66,169138,17,342676
1986,0.009269,172.217.194.0-255,5738,174876,17,342676
1987,0.009277,172.31.36.0-255,66,174942,17,342676
1988,0.011608,172.217.194.0-255,5738,180680,17,342676
1989,0.011617,172.31.36.0-255,66,180746,17,342676
1990,0.013955,172.217.194.0-255,5738,186484,17,342676
1991,0.013964,172.31.36.0-255,66,186550,17,342676
1992,0.016261,172.217.194.0-255,5738,192288,17,342676
1993,0.01627,172.31.36.0-255,66,192354,17,342676
1994,0.018562,172.217.194.0-255,5738,198092,17,342676
1995,0.01857,172.31.36.0-255,66,198158,17,342676
1996,0.020877,172.217.194.0-255,5738,203896,17,342676
1997,0.020884,172.31.36.0-255,66,203962,17,342676
1998,0.023183,172.217.194.0-255,5738,209700,17,342676
1999,0.023189,172.31.36.0-255,66,209766,17,342676
2000,0.02451,172.31.36.0-255,172,209938,17,342676
2001,0.024607,172.31.36.0-255,1118,211056,17,342676
2002,0.024685,172.31.36.0-255,1514,212570,17,342676
2003,0.024687,172.31.36.0-255,1272,213842,17,342676
2004,0.025488,172.217.194.0-255,5738,219580,17,342676
2005,0.025496,172.31.36.0-255,66,219646,17,342676
2006,0.026064,104.244.42.0-255,66,219712,17,342676
2007,0.026166,104.244.42.0-255,66,219778,17,342676
2008,0.026221,104.244.42.0-255,66,219844,17,342676
2009,0.027804,172.217.194.0-255,5738,225582,17,342676
2010,0.02781,172.31.36.0-255,66,225648,17,342676
2011,0.030132,172.217.194.0-255,5738,231386,17,342676
2012,0.030138,172.31.36.0-255,66,231452,17,342676
2013,0.0325,172.217.194.0-255,5738,237190,17,342676
2014,0.032512,172.31.36.0-255,66,237256,17,342676
2015,0.034863,172.217.194.0-255,5738,242994,17,342676
2016,0.034871,172.31.36.0-255,66,243060,17,342676
2017,0.037202,172.217.194.0-255,5738,248798,17,342676
2018,0.037223,172.31.36.0-255,66,248864,17,342676
2019,0.039528,172.217.194.0-255,5738,254602,17,342676
2020,0.039534,172.31.36.0-255,66,254668,17,342676
2021,0.041882,172.217.194.0-255,5738,260406,17,342676
2022,0.041888,172.31.36.0-255,66,260472,17,342676
2023,0.044219,172.217.194.0-255,5738,266210,17,342676
2024,0.044229,172.31.36.0-255,66,266276,17,342676
2025,0.04656,172.217.194.0-255,5738,272014,17,342676
2026,0.046567,172.31.36.0-255,66,272080,17,342676
2027,0.048915,172.217.194.0-255,5738,277818,17,342676
2028,0.048922,172.31.36.0-255,66,277884,17,342676
2029,0.05126,172.217.194.0-255,5738,283622,17,342676
2030,0.051266,172.31.36.0-255,66,283688,17,342676
2031,0.053604,172.217.194.0-255,5738,289426,17,342676
2032,0.053614,172.31.36.0-255,66,289492,17,342676
2033,0.055948,172.217.194.0-255,5738,295230,17,342676
2034,0.055954,172.31.36.0-255,66,295296,17,342676
2035,0.058248,172.217.194.0-255,5738,301034,17,342676
2036,0.058254,172.31.36.0-255,66,301100,17,342676
2037,0.060584,172.217.194.0-255,5738,306838,17,342676
2038,0.06059,172.31.36.0-255,66,306904,17,342676
2039,0.062917,172.217.194.0-255,5738,312642,17,342676
2040,0.062924,172.31.36.0-255,66,312708,17,342676
2041,0.065212,172.217.194.0-255,5738,318446,17,342676
2042,0.065219,172.31.36.0-255,66,318512,17,342676
2043,0.067506,172.217.194.0-255,5738,324250,17,342676
2044,0.067513,172.31.36.0-255,66,324316,17,342676
2045,0.069821,172.217.194.0-255,5738,330054,17,342676
2046,0.069829,172.31.36.0-255,66,330120,17,342676
2047,0.072115,172.217.194.0-255,5738,335858,17,342676
2048,0.072124,172.31.36.0-255,66,335924,17,342676
2049,0.074433,172.217.194.0-255,5738,341662,17,342676
2050,0.074444,172.31.36.0-255,66,341728,17,342676
2051,0.076748,172.217.194.0-255,711,342439,17,342676
2052,0.07689,172.31.36.0-255,66,342505,17,342676
2053,0.076929,172.31.36.0-255,105,342610,17,342676
2054,0.079203,172.217.194.0-255,66,342676,17,342676
2055,0.0,172.31.36.0-255,105,105,17,459
2056,0.000165,172.31.36.0-255,90,195,17,459
2057,0.000174,172.31.36.0-255,66,261,17,459
2058,0.002568,172.217.194.0-255,66,327,17,459
2059,0.002591,172.217.194.0-255,66,393,17,459
2060,0.002608,172.31.36.0-255,66,459,17,459
2061,0.0,172.217.194.0-255,153,153,17,319365
2062,2.3e-05,172.31.36.0-255,66,219,17,319365
2063,4.2e-05,172.217.194.0-255,1484,1703,17,319365
2064,4.6e-05,172.31.36.0-255,66,1769,17,319365
2065,5.2e-05,172.217.194.0-255,2902,4671,17,319365
2066,5.4e-05,172.31.36.0-255,66,4737,17,319365
2067,6.2e-05,172.217.194.0-255,7156,11893,17,319365
2068,6.5e-05,172.31.36.0-255,66,11959,17,319365
2069,8.6e-05,172.217.194.0-255,4320,16279,17,319365
2070,8.9e-05,172.31.36.0-255,66,16345,17,319365
2071,0.000127,172.31.36.0-255,66,16411,17,319365
2072,0.000133,172.217.194.0-255,6797,23208,17,319365
2073,0.000136,172.31.36.0-255,66,23274,17,319365
2074,0.000209,172.217.194.0-255,1484,24758,17,319365
2075,0.000212,172.31.36.0-255,66,24824,17,319365
2076,0.000219,172.217.194.0-255,2902,27726,17,319365
2077,0.000221,172.31.36.0-255,66,27792,17,319365
2078,0.000226,172.217.194.0-255,2902,30694,17,319365
2079,0.000228,172.31.36.0-255,66,30760,17,319365
2080,0.00025,172.217.194.0-255,2902,33662,17,319365
2081,0.000253,172.31.36.0-255,66,33728,17,319365
2082,0.000271,172.217.194.0-255,4320,38048,17,319365
2083,0.000274,172.31.36.0-255,66,38114,17,319365
2084,0.0003,172.217.194.0-255,6797,44911,17,319365
2085,0.000303,172.31.36.0-255,66,44977,17,319365
2086,0.000316,172.31.36.0-255,66,45043,17,319365
2087,0.000319,172.217.194.0-255,1125,46168,17,319365
2088,0.000321,172.31.36.0-255,66,46234,17,319365
2089,0.000608,172.217.194.0-255,363,46597,17,319365
2090,0.000612,172.31.36.0-255,66,46663,17,319365
2091,0.000639,172.217.194.0-255,380,47043,17,319365
2092,0.000804,172.31.36.0-255,66,47109,17,319365
2093,0.002006,172.217.194.0-255,1484,48593,17,319365
2094,0.002016,172.217.194.0-255,2902,51495,17,319365
2095,0.00202,172.31.36.0-255,66,51561,17,319365
2096,0.002041,172.217.194.0-255,2902,54463,17,319365
2097,0.002045,172.31.36.0-255,66,54529,17,319365
2098,0.002066,172.217.194.0-255,2902,57431,17,319365
2099,0.002068,172.31.36.0-255,66,57497,17,319365
2100,0.002075,172.217.194.0-255,7156,64653,17,319365
2101,0.002077,172.31.36.0-255,66,64719,17,319365
2102,0.00209,172.31.36.0-255,66,64785,17,319365
2103,0.002094,172.217.194.0-255,2184,66969,17,319365
2104,0.002096,172.31.36.0-255,66,67035,17,319365
2105,0.004391,172.217.194.0-255,5738,72773,17,319365
2106,0.004397,172.31.36.0-255,66,72839,17,319365
2107,0.006714,172.217.194.0-255,5738,78577,17,319365
2108,0.00672,172.31.36.0-255,66,78643,17,319365
2109,0.009036,172.217.194.0-255,5738,84381,17,319365
2110,0.009044,172.31.36.0-255,66,84447,17,319365
2111,0.011364,172.217.194.0-255,5738,90185,17,319365
2112,0.011373,172.31.36.0-255,66,90251,17,319365
2113,0.013666,172.217.194.0-255,5738,95989,17,319365
2114,0.013676,172.31.36.0-255,66,96055,17,319365
2115,0.015973,172.217.194.0-255,5738,101793,17,319365
2116,0.015982,172.31.36.0-255,66,101859,17,319365
2117,0.018269,172.217.194.0-255,5738,107597,17,319365
2118,0.018277,172.31.36.0-255,66,107663,17,319365
2119,0.02057,172.217.194.0-255,5738,113401,17,319365
2120,0.020578,172.31.36.0-255,66,113467,17,319365
2121,0.022932,172.217.194.0-255,5738,119205,17,319365
2122,0.022939,172.31.36.0-255,66,119271,17,319365
2123,0.024416,172.31.36.0-255,172,119443,17,319365
2124,0.02445,172.31.36.0-255,1118,120561,17,319365
2125,0.024485,172.31.36.0-255,1514,122075,17,319365
2126,0.024487,172.31.36.0-255,1270,123345,17,319365
2127,0.025255,172.217.194.0-255,5738,129083,17,319365
2128,0.025262,172.31.36.0-255,66,129149,17,319365
2129,0.025971,104.244.42.0-255,66,129215,17,319365
2130,0.026163,104.244.42.0-255,66,129281,17,319365
2131,0.026167,104.244.42.0-255,66,129347,17,319365
2132,0.027562,172.217.194.0-255,2902,132249,17,319365
2133,0.027565,172.31.36.0-255,66,132315,17,319365
2134,0.027599,172.217.194.0-255,2902,135217,17,319365
2135,0.027602,172.31.36.0-255,66,135283,17,319365
2136,0.029868,172.217.194.0-255,2902,138185,17,319365
2137,0.029873,172.31.36.0-255,66,138251,17,319365
2138,0.029909,172.217.194.0-255,2902,141153,17,319365
2139,0.029912,172.31.36.0-255,66,141219,17,319365
2140,0.032168,172.217.194.0-255,2902,144121,17,319365
2141,0.032173,172.31.36.0-255,66,144187,17,319365
2142,0.032203,172.217.194.0-255,2902,147089,17,319365
2143,0.032206,172.31.36.0-255,66,147155,17,319365
2144,0.034444,172.217.194.0-255,2902,150057,17,319365
2145,0.03445,172.31.36.0-255,66,150123,17,319365
2146,0.034487,172.217.194.0-255,1484,151607,17,319365
2147,0.034503,172.217.194.0-255,1484,153091,17,319365
2148,0.034507,172.31.36.0-255,66,153157,17,319365
2149,0.03673,172.217.194.0-255,2902,156059,17,319365
2150,0.036735,172.31.36.0-255,66,156125,17,319365
2151,0.036834,172.217.194.0-255,2902,159027,17,319365
2152,0.036839,172.31.36.0-255,66,159093,17,319365
2153,0.039031,172.217.194.0-255,2902,161995,17,319365
2154,0.039037,172.31.36.0-255,66,162061,17,319365
2155,0.039167,172.217.194.0-255,2902,164963,17,319365
2156,0.039173,172.31.36.0-255,66,165029,17,319365
2157,0.041321,172.217.194.0-255,2902,167931,17,319365
2158,0.041326,172.31.36.0-255,66,167997,17,319365
2159,0.04147,172.217.194.0-255,2902,170899,17,319365
2160,0.041476,172.31.36.0-255,66,170965,17,319365
2161,0.043626,172.217.194.0-255,2902,173867,17,319365
2162,0.043632,172.31.36.0-255,66,173933,17,319365
2163,0.043752,172.217.194.0-255,2902,176835,17,319365
2164,0.043756,172.31.36.0-255,66,176901,17,319365
2165,0.045933,172.217.194.0-255,2902,179803,17,319365
2166,0.045938,172.31.36.0-255,66,179869,17,319365
2167,0.046073,172.217.194.0-255,2902,182771,17,319365
2168,0.046079,172.31.36.0-255,66,182837,17,319365
2169,0.048244,172.217.194.0-255,2902,185739,17,319365
2170,0.048249,172.31.36.0-255,66,185805,17,319365
2171,0.048389,172.217.194.0-255,2902,188707,17,319365
2172,0.048394,172.31.36.0-255,66,188773,17,319365
2173,0.050527,172.217.194.0-255,2902,191675,17,319365
2174,0.050532,172.31.36.0-255,66,191741,17,319365
2175,0.050677,172.217.194.0-255,2902,194643,17,319365
2176,0.050683,172.31.36.0-255,66,194709,17,319365
2177,0.052814,172.217.194.0-255,2902,197611,17,319365
2178,0.052819,172.31.36.0-255,66,197677,17,319365
2179,0.052986,172.217.194.0-255,2902,200579,17,319365
2180,0.052992,172.31.36.0-255,66,200645,17,319365
2181,0.055105,172.217.194.0-255,2902,203547,17,319365
2182,0.055111,172.31.36.0-255,66,203613,17,319365
2183,0.055298,172.217.194.0-255,2902,206515,17,319365
2184,0.055305,172.31.36.0-255,66,206581,17,319365
2185,0.057381,172.217.194.0-255,2902,209483,17,319365
2186,0.057387,172.31.36.0-255,66,209549,17,319365
2187,0.057594,172.217.194.0-255,2902,212451,17,319365
2188,0.057601,172.31.36.0-255,66,212517,17,319365
2189,0.059691,172.217.194.0-255,2902,215419,17,319365
2190,0.059697,172.31.36.0-255,66,215485,17,319365
2191,0.059934,172.217.194.0-255,2902,218387,17,319365
2192,0.059941,172.31.36.0-255,66,218453,17,319365
2193,0.061962,172.217.194.0-255,2902,221355,17,319365
2194,0.061966,172.31.36.0-255,66,221421,17,319365
2195,0.062237,172.217.194.0-255,2902,224323,17,319365
2196,0.062243,172.31.36.0-255,66,224389,17,319365
2197,0.064246,172.217.194.0-255,2902,227291,17,319365
2198,0.064251,172.31.36.0-255,66,227357,17,319365
2199,0.064537,172.217.194.0-255,2902,230259,17,319365
2200,0.064542,172.31.36.0-255,66,230325,17,319365
2201,0.066515,172.217.194.0-255,2902,233227,17,319365
2202,0.06652,172.31.36.0-255,66,233293,17,319365
2203,0.066835,172.217.194.0-255,2902,236195,17,319365
2204,0.066841,172.31.36.0-255,66,236261,17,319365
2205,0.068827,172.217.194.0-255,2902,239163,17,319365
2206,0.068831,172.31.36.0-255,66,239229,17,319365
2207,0.06915,172.217.194.0-255,2902,242131,17,319365
2208,0.069155,172.31.36.0-255,66,242197,17,319365
2209,0.071126,172.217.194.0-255,2902,245099,17,319365
2210,0.071132,172.31.36.0-255,66,245165,17,319365
2211,0.071469,172.217.194.0-255,2902,248067,17,319365
2212,0.071475,172.31.36.0-255,66,248133,17,319365
2213,0.073443,172.217.194.0-255,2902,251035,17,319365
2214,0.073448,172.31.36.0-255,66,251101,17,319365
2215,0.073782,172.217.194.0-255,2902,254003,17,319365
2216,0.073787,172.31.36.0-255,66,254069,17,319365
2217,0.07575,172.217.194.0-255,2902,256971,17,319365
2218,0.075773,172.31.36.0-255,66,257037,17,319365
2219,0.076075,172.217.194.0-255,2902,259939,17,319365
2220,0.076081,172.31.36.0-255,66,260005,17,319365
2221,0.078069,172.217.194.0-255,2902,262907,17,319365
2222,0.078074,172.31.36.0-255,66,262973,17,319365
2223,0.078388,172.217.194.0-255,2902,265875,17,319365
2224,0.078394,172.31.36.0-255,66,265941,17,319365
2225,0.080347,172.217.194.0-255,2902,268843,17,319365
2226,0.080352,172.31.36.0-255,66,268909,17,319365
2227,0.080727,172.217.194.0-255,2902,271811,17,319365
2228,0.080732,172.31.36.0-255,66,271877,17,319365
2229,0.082645,172.217.194.0-255,2902,274779,17,319365
2230,0.08265,172.31.36.0-255,66,274845,17,319365
2231,0.083028,172.217.194.0-255,2902,277747,17,319365
2232,0.083034,172.31.36.0-255,66,277813,17,319365
2233,0.084938,172.217.194.0-255,2902,280715,17,319365
2234,0.084944,172.31.36.0-255,66,280781,17,319365
2235,0.085325,172.217.194.0-255,2902,283683,17,319365
2236,0.08533,172.31.36.0-255,66,283749,17,319365
2237,0.087228,172.217.194.0-255,2902,286651,17,319365
2238,0.087234,172.31.36.0-255,66,286717,17,319365
2239,0.087641,172.217.194.0-255,2902,289619,17,319365
2240,0.087649,172.31.36.0-255,66,289685,17,319365
2241,0.089528,172.217.194.0-255,2902,292587,17,319365
2242,0.089533,172.31.36.0-255,66,292653,17,319365
2243,0.089948,172.217.194.0-255,2902,295555,17,319365
2244,0.089953,172.31.36.0-255,66,295621,17,319365
2245,0.091836,172.217.194.0-255,2902,298523,17,319365
2246,0.091841,172.31.36.0-255,66,298589,17,319365
2247,0.092283,172.217.194.0-255,2902,301491,17,319365
2248,0.092288,172.31.36.0-255,66,301557,17,319365
2249,0.09411,172.217.194.0-255,2902,304459,17,319365
2250,0.094115,172.31.36.0-255,66,304525,17,319365
2251,0.094574,172.217.194.0-255,2902,307427,17,319365
2252,0.09458,172.31.36.0-255,66,307493,17,319365
2253,0.096409,172.217.194.0-255,2902,310395,17,319365
2254,0.096414,172.31.36.0-255,66,310461,17,319365
2255,0.096893,172.217.194.0-255,2902,313363,17,319365
2256,0.096899,172.31.36.0-255,66,313429,17,319365
2257,0.098707,172.217.194.0-255,2902,316331,17,319365
2258,0.098713,172.31.36.0-255,66,316397,17,319365
2259,0.099193,172.217.194.0-255,2902,319299,17,319365
2260,0.099198,172.31.36.0-255,66,319365,17,319365
2261,0.0,172.217.194.0-255,143,143,17,360162
2262,2.5e-05,172.31.36.0-255,66,209,17,360162
2263,4.4e-05,172.217.194.0-255,1484,1693,17,360162
2264,4.9e-05,172.31.36.0-255,66,1759,17,360162
2265,6.3e-05,172.217.194.0-255,2902,4661,17,360162
2266,6.7e-05,172.31.36.0-255,66,4727,17,360162
2267,7.4e-05,172.217.194.0-255,7156,11883,17,360162
2268,7.7e-05,172.31.36.0-255,66,11949,17,360162
2269,8.2e-05,172.217.194.0-255,2036,13985,17,360162
2270,8.5e-05,172.31.36.0-255,66,14051,17,360162
2271,8.9e-05,172.217.194.0-255,2902,16953,17,360162
2272,9.2e-05,172.31.36.0-255,66,17019,17,360162
2273,0.000116,172.217.194.0-255,7156,24175,17,360162
2274,0.000124,172.31.36.0-255,66,24241,17,360162
2275,0.000127,172.217.194.0-255,1484,25725,17,360162
2276,0.000129,172.31.36.0-255,66,25791,17,360162
2277,0.000174,172.217.194.0-255,1484,27275,17,360162
2278,0.000177,172.31.36.0-255,66,27341,17,360162
2279,0.000207,172.217.194.0-255,3961,31302,17,360162
2280,0.00021,172.31.36.0-255,66,31368,17,360162
2281,0.000353,172.217.194.0-255,1484,32852,17,360162
2282,0.000358,172.31.36.0-255,66,32918,17,360162
2283,0.000364,172.217.194.0-255,2902,35820,17,360162
2284,0.000367,172.31.36.0-255,66,35886,17,360162
2285,0.000374,172.217.194.0-255,1484,37370,17,360162
2286,0.000376,172.31.36.0-255,66,37436,17,360162
2287,0.000407,172.217.194.0-255,4320,41756,17,360162
2288,0.00041,172.31.36.0-255,66,41822,17,360162
2289,0.000419,172.217.194.0-255,6797,48619,17,360162
2290,0.000421,172.31.36.0-255,66,48685,17,360162
2291,0.000882,172.217.194.0-255,1484,50169,17,360162
2292,0.000894,172.31.36.0-255,66,50235,17,360162
2293,0.000901,172.217.194.0-255,2902,53137,17,360162
2294,0.000904,172.31.36.0-255,66,53203,17,360162
2295,0.000915,172.217.194.0-255,5738,58941,17,360162
2296,0.000917,172.31.36.0-255,66,59007,17,360162
2297,0.00097,172.217.194.0-255,6797,65804,17,360162
2298,0.000973,172.31.36.0-255,66,65870,17,360162
2299,0.001001,172.217.194.0-255,2902,68772,17,360162
2300,0.001004,172.31.36.0-255,66,68838,17,360162
2301,0.00101,172.217.194.0-255,4320,73158,17,360162
2302,0.001013,172.31.36.0-255,66,73224,17,360162
2303,0.001017,172.217.194.0-255,2902,76126,17,360162
2304,0.001024,172.31.36.0-255,66,76192,17,360162
2305,0.001051,172.217.194.0-255,5738,81930,17,360162
2306,0.001054,172.31.36.0-255,66,81996,17,360162
2307,0.001072,172.31.36.0-255,66,82062,17,360162
2308,0.001097,172.217.194.0-255,2902,84964,17,360162
2309,0.001099,172.31.36.0-255,66,85030,17,360162
2310,0.001128,172.217.194.0-255,4541,89571,17,360162
2311,0.001131,172.31.36.0-255,66,89637,17,360162
2312,0.001441,172.217.194.0-255,1484,91121,17,360162
2313,0.001449,172.217.194.0-255,2902,94023,17,360162
2314,0.001452,172.31.36.0-255,66,94089,17,360162
2315,0.001458,172.217.194.0-255,2902,96991,17,360162
2316,0.00146,172.31.36.0-255,66,97057,17,360162
2317,0.001494,172.217.194.0-255,2902,99959,17,360162
2318,0.001509,172.217.194.0-255,2902,102861,17,360162
2319,0.001513,172.31.36.0-255,66,102927,17,360162
2320,0.001521,172.31.36.0-255,66,102993,17,360162
2321,0.001524,172.31.36.0-255,66,103059,17,360162
2322,0.001539,172.31.36.0-255,66,103125,17,360162
2323,0.001699,172.217.194.0-255,1484,104609,17,360162
2324,0.001704,172.217.194.0-255,2902,107511,17,360162
2325,0.001711,172.31.36.0-255,66,107577,17,360162
2326,0.001729,172.217.194.0-255,5738,113315,17,360162
2327,0.001732,172.31.36.0-255,66,113381,17,360162
2328,0.001737,172.217.194.0-255,4320,117701,17,360162
2329,0.001739,172.31.36.0-255,66,117767,17,360162
2330,0.001774,172.31.36.0-255,66,117833,17,360162
2331,0.001786,172.31.36.0-255,66,117899,17,360162
2332,0.002135,172.217.194.0-255,1484,119383,17,360162
2333,0.00214,172.217.194.0-255,2902,122285,17,360162
2334,0.002146,172.31.36.0-255,66,122351,17,360162
2335,0.002158,172.217.194.0-255,5738,128089,17,360162
2336,0.002161,172.31.36.0-255,66,128155,17,360162
2337,0.002172,172.217.194.0-255,5738,133893,17,360162
2338,0.002174,172.31.36.0-255,66,133959,17,360162
2339,0.002204,172.217.194.0-255,7156,141115,17,360162
2340,0.002207,172.31.36.0-255,66,141181,17,360162
2341,0.002231,172.31.36.0-255,66,141247,17,360162
2342,0.004452,172.217.194.0-255,5738,146985,17,360162
2343,0.004458,172.31.36.0-255,66,147051,17,360162
2344,0.006699,172.217.194.0-255,5738,152789,17,360162
2345,0.006703,172.31.36.0-255,66,152855,17,360162
2346,0.008928,172.217.194.0-255,5738,158593,17,360162
2347,0.008936,172.31.36.0-255,66,158659,17,360162
2348,0.011167,172.217.194.0-255,5738,164397,17,360162
2349,0.011176,172.31.36.0-255,66,164463,17,360162
2350,0.013412,172.217.194.0-255,5738,170201,17,360162
2351,0.013423,172.31.36.0-255,66,170267,17,360162
2352,0.015647,172.217.194.0-255,5738,176005,17,360162
2353,0.015657,172.31.36.0-255,66,176071,17,360162
2354,0.017911,172.217.194.0-255,5738,181809,17,360162
2355,0.017921,172.31.36.0-255,66,181875,17,360162
2356,0.02013,172.217.194.0-255,5738,187613,17,360162
2357,0.020137,172.31.36.0-255,66,187679,17,360162
2358,0.022391,172.217.194.0-255,5738,193417,17,360162
2359,0.022399,172.31.36.0-255,66,193483,17,360162
2360,0.024622,172.217.194.0-255,5738,199221,17,360162
2361,0.024629,172.31.36.0-255,66,199287,17,360162
2362,0.026842,172.217.194.0-255,5738,205025,17,360162
2363,0.026851,172.31.36.0-255,66,205091,17,360162
2364,0.029098,172.217.194.0-255,5738,210829,17,360162
2365,0.029107,172.31.36.0-255,66,210895,17,360162
2366,0.03058,172.31.36.0-255,172,211067,17,360162
2367,0.030611,172.31.36.0-255,1118,212185,17,360162
2368,0.030676,172.31.36.0-255,1514,213699,17,360162
2369,0.030678,172.31.36.0-255,1270,214969,17,360162
2370,0.031309,172.217.194.0-255,5738,220707,17,360162
2371,0.031317,172.31.36.0-255,66,220773,17,360162
2372,0.032107,104.244.42.0-255,66,220839,17,360162
2373,0.032149,104.244.42.0-255,66,220905,17,360162
2374,0.032249,104.244.42.0-255,66,220971,17,360162
2375,0.033531,172.217.194.0-255,5738,226709,17,360162
2376,0.033538,172.31.36.0-255,66,226775,17,360162
2377,0.03577,172.217.194.0-255,5738,232513,17,360162
2378,0.035776,172.31.36.0-255,66,232579,17,360162
2379,0.038003,172.217.194.0-255,5738,238317,17,360162
2380,0.03801,172.31.36.0-255,66,238383,17,360162
2381,0.040264,172.217.194.0-255,5738,244121,17,360162
2382,0.040276,172.31.36.0-255,66,244187,17,360162
2383,0.042541,172.217.194.0-255,5738,249925,17,360162
2384,0.042553,172.31.36.0-255,66,249991,17,360162
2385,0.044783,172.217.194.0-255,5738,255729,17,360162
2386,0.04479,172.31.36.0-255,66,255795,17,360162
2387,0.047032,172.217.194.0-255,5738,261533,17,360162
2388,0.047039,172.31.36.0-255,66,261599,17,360162
2389,0.049262,172.217.194.0-255,5738,267337,17,360162
2390,0.049269,172.31.36.0-255,66,267403,17,360162
2391,0.051507,172.217.194.0-255,5738,273141,17,360162
2392,0.051514,172.31.36.0-255,66,273207,17,360162
2393,0.053755,172.217.194.0-255,5738,278945,17,360162
2394,0.053763,172.31.36.0-255,66,279011,17,360162
2395,0.056062,172.217.194.0-255,5738,284749,17,360162
2396,0.056073,172.31.36.0-255,66,284815,17,360162
2397,0.058302,172.217.194.0-255,5738,290553,17,360162
2398,0.058309,172.31.36.0-255,66,290619,17,360162
2399,0.060565,172.217.194.0-255,5738,296357,17,360162
2400,0.060574,172.31.36.0-255,66,296423,17,360162
2401,0.062794,172.217.194.0-255,2902,299325,17,360162
2402,0.062802,172.31.36.0-255,66,299391,17,360162
2403,0.062833,172.217.194.0-255,2902,302293,17,360162
2404,0.062836,172.31.36.0-255,66,302359,17,360162
2405,0.065038,172.217.194.0-255,2902,305261,17,360162
2406,0.065045,172.31.36.0-255,66,305327,17,360162
2407,0.065082,172.217.194.0-255,2902,308229,17,360162
2408,0.065085,172.31.36.0-255,66,308295,17,360162
2409,0.067263,172.217.194.0-255,2902,311197,17,360162
2410,0.067271,172.31.36.0-255,66,311263,17,360162
2411,0.067306,172.217.194.0-255,2902,314165,17,360162
2412,0.06731,172.31.36.0-255,66,314231,17,360162
2413,0.069517,172.217.194.0-255,5738,319969,17,360162
2414,0.069524,172.31.36.0-255,66,320035,17,360162
2415,0.071777,172.217.194.0-255,5738,325773,17,360162
2416,0.071788,172.31.36.0-255,66,325839,17,360162
2417,0.074022,172.217.194.0-255,5738,331577,17,360162
2418,0.07403,172.31.36.0-255,66,331643,17,360162
2419,0.076271,172.217.194.0-255,5738,337381,17,360162
2420,0.076279,172.31.36.0-255,66,337447,17,360162
2421,0.078521,172.217.194.0-255,5738,343185,17,360162
2422,0.078529,172.31.36.0-255,66,343251,17,360162
2423,0.080764,172.217.194.0-255,5738,348989,17,360162
2424,0.080772,172.31.36.0-255,66,349055,17,360162
2425,0.083025,172.217.194.0-255,5738,354793,17,360162
2426,0.083032,172.31.36.0-255,66,354859,17,360162
2427,0.085267,172.217.194.0-255,5066,359925,17,360162
2428,0.085274,172.31.36.0-255,66,359991,17,360162
2429,0.085477,172.31.36.0-255,105,360096,17,360162
2430,0.08771,172.217.194.0-255,66,360162,17,360162
2431,0.0,74.125.24.0-255,153,153,17,356122
2432,3e-05,172.31.36.0-255,66,219,17,356122
2433,3.7e-05,74.125.24.0-255,1484,1703,17,356122
2434,4.2e-05,172.31.36.0-255,66,1769,17,356122
2435,4.6e-05,74.125.24.0-255,2902,4671,17,356122
2436,4.9e-05,172.31.36.0-255,66,4737,17,356122
2437,5.5e-05,74.125.24.0-255,5738,10475,17,356122
2438,5.8e-05,172.31.36.0-255,66,10541,17,356122
2439,9.5e-05,172.31.36.0-255,66,10607,17,356122
2440,0.000111,74.125.24.0-255,2099,12706,17,356122
2441,0.000114,172.31.36.0-255,66,12772,17,356122
2442,0.000117,74.125.24.0-255,1484,14256,17,356122
2443,0.000118,172.31.36.0-255,66,14322,17,356122
2444,0.000142,74.125.24.0-255,5379,19701,17,356122
2445,0.000145,172.31.36.0-255,66,19767,17,356122
2446,0.000258,74.125.24.0-255,1484,21251,17,356122
2447,0.000263,172.31.36.0-255,66,21317,17,356122
2448,0.000269,74.125.24.0-255,2902,24219,17,356122
2449,0.000271,172.31.36.0-255,66,24285,17,356122
2450,0.000277,74.125.24.0-255,4320,28605,17,356122
2451,0.000279,172.31.36.0-255,66,28671,17,356122
2452,0.0003,74.125.24.0-255,1484,30155,17,356122
2453,0.000303,172.31.36.0-255,66,30221,17,356122
2454,0.00031,74.125.24.0-255,5738,35959,17,356122
2455,0.000313,172.31.36.0-255,66,36025,17,356122
2456,0.000334,172.31.36.0-255,66,36091,17,356122
2457,0.000341,74.125.24.0-255,7156,43247,17,356122
2458,0.000344,172.31.36.0-255,66,43313,17,356122
2459,0.000365,74.125.24.0-255,2855,46168,17,356122
2460,0.000368,172.31.36.0-255,66,46234,17,356122
2461,0.000371,74.125.24.0-255,110,46344,17,356122
2462,0.000375,74.125.24.0-255,331,46675,17,356122
2463,0.000628,74.125.24.0-255,1484,48159,17,356122
2464,0.000632,74.125.24.0-255,1484,49643,17,356122
2465,0.000642,172.31.36.0-255,66,49709,17,356122
2466,0.000652,74.125.24.0-255,1484,51193,17,356122
2467,0.000659,74.125.24.0-255,5738,56931,17,356122
2468,0.000665,74.125.24.0-255,7156,64087,17,356122
2469,0.000666,172.31.36.0-255,66,64153,17,356122
2470,0.000683,172.31.36.0-255,66,64219,17,356122
2471,0.000689,74.125.24.0-255,5738,69957,17,356122
2472,0.000702,172.31.36.0-255,66,70023,17,356122
2473,0.00085,74.125.24.0-255,1484,71507,17,356122
2474,0.000871,74.125.24.0-255,2902,74409,17,356122
2475,0.000877,74.125.24.0-255,5738,80147,17,356122
2476,0.000878,172.31.36.0-255,66,80213,17,356122
2477,0.000881,74.125.24.0-255,4320,84533,17,356122
2478,0.000902,74.125.24.0-255,1484,86017,17,356122
2479,0.000902,172.31.36.0-255,66,86083,17,356122
2480,0.000955,172.31.36.0-255,66,86149,17,356122
2481,0.000976,74.125.24.0-255,4320,90469,17,356122
2482,0.000981,74.125.24.0-255,3602,94071,17,356122
2483,0.000985,74.125.24.0-255,4320,98391,17,356122
2484,0.000989,172.31.36.0-255,66,98457,17,356122
2485,0.00099,74.125.24.0-255,5738,104195,17,356122
2486,0.000994,172.31.36.0-255,66,104261,17,356122
2487,0.001012,74.125.24.0-255,2902,107163,17,356122
2488,0.001017,74.125.24.0-255,4320,111483,17,356122
2489,0.001023,172.31.36.0-255,66,111549,17,356122
2490,0.00104,74.125.24.0-255,2902,114451,17,356122
2491,0.001046,172.31.36.0-255,66,114517,17,356122
2492,0.001057,74.125.24.0-255,5738,120255,17,356122
2493,0.001061,172.31.36.0-255,66,120321,17,356122
2494,0.001069,74.125.24.0-255,1484,121805,17,356122
2495,0.001074,74.125.24.0-255,1484,123289,17,356122
2496,0.001079,172.31.36.0-255,66,123355,17,356122
2497,0.001087,74.125.24.0-255,5020,128375,17,356122
2498,0.001093,172.31.36.0-255,66,128441,17,356122
2499,0.001151,74.125.24.0-255,1484,129925,17,356122
2500,0.001156,74.125.24.0-255,2902,132827,17,356122
2501,0.001161,74.125.24.0-255,5738,138565,17,356122
2502,0.001163,172.31.36.0-255,66,138631,17,356122
2503,0.001166,74.125.24.0-255,5738,144369,17,356122
2504,0.001168,172.31.36.0-255,66,144435,17,356122
2505,0.001186,172.31.36.0-255,66,144501,17,356122
2506,0.001194,74.125.24.0-255,5020,149521,17,356122
2507,0.00121,172.31.36.0-255,66,149587,17,356122
2508,0.00148,74.125.24.0-255,1484,151071,17,356122
2509,0.001485,74.125.24.0-255,2902,153973,17,356122
2510,0.001489,172.31.36.0-255,66,154039,17,356122
2511,0.001494,74.125.24.0-255,2902,156941,17,356122
2512,0.001497,172.31.36.0-255,66,157007,17,356122
2513,0.001511,74.125.24.0-255,7156,164163,17,356122
2514,0.001521,172.31.36.0-255,66,164229,17,356122
2515,0.001557,172.31.36.0-255,66,164295,17,356122
2516,0.001572,74.125.24.0-255,4320,168615,17,356122
2517,0.001578,74.125.24.0-255,3602,172217,17,356122
2518,0.001581,172.31.36.0-255,66,172283,17,356122
2519,0.003638,74.125.24.0-255,5738,178021,17,356122
2520,0.003644,172.31.36.0-255,66,178087,17,356122
2521,0.00568,74.125.24.0-255,5738,183825,17,356122
2522,0.005685,172.31.36.0-255,66,183891,17,356122
2523,0.007697,74.125.24.0-255,4320,188211,17,356122
2524,0.007703,172.31.36.0-255,66,188277,17,356122
2525,0.007742,74.125.24.0-255,1484,189761,17,356122
2526,0.009733,74.125.24.0-255,4320,194081,17,356122
2527,0.00974,172.31.36.0-255,66,194147,17,356122
2528,0.011812,74.125.24.0-255,5738,199885,17,356122
2529,0.011853,172.31.36.0-255,66,199951,17,356122
2530,0.013919,74.125.24.0-255,5738,205689,17,356122
2531,0.013926,172.31.36.0-255,66,205755,17,356122
2532,0.015979,74.125.24.0-255,5738,211493,17,356122
2533,0.015987,172.31.36.0-255,66,211559,17,356122
2534,0.018028,74.125.24.0-255,5738,217297,17,356122
2535,0.018035,172.31.36.0-255,66,217363,17,356122
2536,0.020084,74.125.24.0-255,4320,221683,17,356122
2537,0.02009,172.31.36.0-255,66,221749,17,356122
2538,0.020111,74.125.24.0-255,1484,223233,17,356122
2539,0.022126,74.125.24.0-255,4320,227553,17,356122
2540,0.022133,172.31.36.0-255,66,227619,17,356122
2541,0.02417,74.125.24.0-255,5738,233357,17,356122
2542,0.024239,172.31.36.0-255,66,233423,17,356122
2543,0.024627,172.31.36.0-255,172,233595,17,356122
2544,0.024678,172.31.36.0-255,1117,234712,17,356122
2545,0.024746,172.31.36.0-255,1514,236226,17,356122
2546,0.024748,172.31.36.0-255,316,236542,17,356122
2547,0.026268,74.125.24.0-255,5738,242280,17,356122
2548,0.026274,172.31.36.0-255,66,242346,17,356122
2549,0.026776,104.244.42.0-255,66,242412,17,356122
2550,0.028321,74.125.24.0-255,5738,248150,17,356122
2551,0.028325,172.31.36.0-255,66,248216,17,356122
2552,0.030359,74.125.24.0-255,4320,252536,17,356122
2553,0.030364,172.31.36.0-255,66,252602,17,356122
2554,0.03039,74.125.24.0-255,1484,254086,17,356122
2555,0.032421,74.125.24.0-255,4320,258406,17,356122
2556,0.032426,172.31.36.0-255,66,258472,17,356122
2557,0.03445,74.125.24.0-255,5738,264210,17,356122
2558,0.034498,172.31.36.0-255,66,264276,17,356122
2559,0.036519,74.125.24.0-255,5738,270014,17,356122
2560,0.036524,172.31.36.0-255,66,270080,17,356122
2561,0.038552,74.125.24.0-255,2902,272982,17,356122
2562,0.038556,172.31.36.0-255,66,273048,17,356122
2563,0.038581,74.125.24.0-255,2902,275950,17,356122
2564,0.038599,172.31.36.0-255,66,276016,17,356122
2565,0.040629,74.125.24.0-255,5738,281754,17,356122
2566,0.040682,172.31.36.0-255,66,281820,17,356122
2567,0.04274,74.125.24.0-255,5738,287558,17,356122
2568,0.042746,172.31.36.0-255,66,287624,17,356122
2569,0.044844,74.125.24.0-255,5738,293362,17,356122
2570,0.044849,172.31.36.0-255,66,293428,17,356122
2571,0.046872,74.125.24.0-255,5738,299166,17,356122
2572,0.046877,172.31.36.0-255,66,299232,17,356122
2573,0.048962,74.125.24.0-255,5738,304970,17,356122
2574,0.048968,172.31.36.0-255,66,305036,17,356122
2575,0.051044,74.125.24.0-255,5738,310774,17,356122
2576,0.05105,172.31.36.0-255,66,310840,17,356122
2577,0.053081,74.125.24.0-255,5738,316578,17,356122
2578,0.053086,172.31.36.0-255,66,316644,17,356122
2579,0.055177,74.125.24.0-255,5738,322382,17,356122
2580,0.055183,172.31.36.0-255,66,322448,17,356122
2581,0.057229,74.125.24.0-255,5738,328186,17,356122
2582,0.057235,172.31.36.0-255,66,328252,17,356122
2583,0.05932,74.125.24.0-255,2902,331154,17,356122
2584,0.059326,172.31.36.0-255,66,331220,17,356122
2585,0.059403,74.125.24.0-255,2902,334122,17,356122
2586,0.059428,172.31.36.0-255,66,334188,17,356122
2587,0.061387,74.125.24.0-255,2902,337090,17,356122
2588,0.061393,172.31.36.0-255,66,337156,17,356122
2589,0.061438,74.125.24.0-255,1484,338640,17,356122
2590,0.061455,74.125.24.0-255,1484,340124,17,356122
2591,0.061488,172.31.36.0-255,66,340190,17,356122
2592,0.063442,74.125.24.0-255,2902,343092,17,356122
2593,0.063447,172.31.36.0-255,66,343158,17,356122
2594,0.063549,74.125.24.0-255,1484,344642,17,356122
2595,0.063566,74.125.24.0-255,1484,346126,17,356122
2596,0.063569,172.31.36.0-255,66,346192,17,356122
2597,0.065499,74.125.24.0-255,2902,349094,17,356122
2598,0.065504,172.31.36.0-255,66,349160,17,356122
2599,0.06559,74.125.24.0-255,2902,352062,17,356122
2600,0.065595,172.31.36.0-255,66,352128,17,356122
2601,0.067554,74.125.24.0-255,2902,355030,17,356122
2602,0.06756,172.31.36.0-255,66,355096,17,356122
2603,0.067605,74.125.24.0-255,789,355885,17,356122
2604,0.067723,172.31.36.0-255,66,355951,17,356122
2605,0.067751,172.31.36.0-255,105,356056,17,356122
2606,0.069739,74.125.24.0-255,66,356122,17,356122
2607,0.0,74.125.200.0-255,147,147,17,353481
2608,2.9e-05,172.31.36.0-255,66,213,17,353481
2609,3.6e-05,74.125.200.0-255,1484,1697,17,353481
2610,4.1e-05,172.31.36.0-255,66,1763,17,353481
2611,4.6e-05,74.125.200.0-255,2902,4665,17,353481
2612,5.7e-05,172.31.36.0-255,66,4731,17,353481
2613,6.1e-05,74.125.200.0-255,2902,7633,17,353481
2614,6.4e-05,172.31.36.0-255,66,7699,17,353481
2615,6.9e-05,74.125.200.0-255,2902,10601,17,353481
2616,7.2e-05,172.31.36.0-255,66,10667,17,353481
2617,0.0001,74.125.200.0-255,1484,12151,17,353481
2618,0.000103,172.31.36.0-255,66,12217,17,353481
2619,0.000109,74.125.200.0-255,2902,15119,17,353481
2620,0.000111,172.31.36.0-255,66,15185,17,353481
2621,0.000137,74.125.200.0-255,6330,21515,17,353481
2622,0.000142,172.31.36.0-255,66,21581,17,353481
2623,0.000153,172.31.36.0-255,66,21647,17,353481
2624,0.000253,74.125.200.0-255,1484,23131,17,353481
2625,0.000257,172.31.36.0-255,66,23197,17,353481
2626,0.000281,74.125.200.0-255,2902,26099,17,353481
2627,0.000285,172.31.36.0-255,66,26165,17,353481
2628,0.000315,74.125.200.0-255,5738,31903,17,353481
2629,0.000318,74.125.200.0-255,1484,33387,17,353481
2630,0.000322,172.31.36.0-255,66,33453,17,353481
2631,0.000325,172.31.36.0-255,66,33519,17,353481
2632,0.000331,74.125.200.0-255,1484,35003,17,353481
2633,0.000333,172.31.36.0-255,66,35069,17,353481
2634,0.000351,74.125.200.0-255,3961,39030,17,353481
2635,0.000361,172.31.36.0-255,66,39096,17,353481
2636,0.000385,74.125.200.0-255,1484,40580,17,353481
2637,0.000388,172.31.36.0-255,66,40646,17,353481
2638,0.000416,74.125.200.0-255,2902,43548,17,353481
2639,0.00042,172.31.36.0-255,66,43614,17,353481
2640,0.000426,74.125.200.0-255,5738,49352,17,353481
2641,0.000428,172.31.36.0-255,66,49418,17,353481
2642,0.000453,74.125.200.0-255,7066,56484,17,353481
2643,0.00046,172.31.36.0-255,66,56550,17,353481
2644,0.000502,74.125.200.0-255,388,56938,17,353481
2645,0.000795,172.31.36.0-255,66,57004,17,353481
2646,0.000946,74.125.200.0-255,1484,58488,17,353481
2647,0.000954,74.125.200.0-255,1484,59972,17,353481
2648,0.000958,172.31.36.0-255,66,60038,17,353481
2649,0.000987,74.125.200.0-255,1484,61522,17,353481
2650,0.000993,74.125.200.0-255,2902,64424,17,353481
2651,0.000996,172.31.36.0-255,66,64490,17,353481
2652,0.001002,74.125.200.0-255,4320,68810,17,353481
2653,0.001005,172.31.36.0-255,66,68876,17,353481
2654,0.001035,74.125.200.0-255,7156,76032,17,353481
2655,0.001039,172.31.36.0-255,66,76098,17,353481
2656,0.001064,74.125.200.0-255,2902,79000,17,353481
2657,0.001067,172.31.36.0-255,66,79066,17,353481
2658,0.001103,74.125.200.0-255,5738,84804,17,353481
2659,0.001107,172.31.36.0-255,66,84870,17,353481
2660,0.001112,74.125.200.0-255,4320,89190,17,353481
2661,0.001114,172.31.36.0-255,66,89256,17,353481
2662,0.001132,74.125.200.0-255,4320,93576,17,353481
2663,0.00114,172.31.36.0-255,66,93642,17,353481
2664,0.001179,172.31.36.0-255,66,93708,17,353481
2665,0.001185,74.125.200.0-255,3961,97669,17,353481
2666,0.001187,172.31.36.0-255,66,97735,17,353481
2667,0.001276,74.125.200.0-255,1484,99219,17,353481
2668,0.001293,74.125.200.0-255,2902,102121,17,353481
2669,0.001297,172.31.36.0-255,66,102187,17,353481
2670,0.001325,74.125.200.0-255,4320,106507,17,353481
2671,0.001328,172.31.36.0-255,66,106573,17,353481
2672,0.001353,74.125.200.0-255,5738,112311,17,353481
2673,0.001357,172.31.36.0-255,66,112377,17,353481
2674,0.001387,74.125.200.0-255,7156,119533,17,353481
2675,0.001391,172.31.36.0-255,66,119599,17,353481
2676,0.00142,74.125.200.0-255,4320,123919,17,353481
2677,0.001424,172.31.36.0-255,66,123985,17,353481
2678,0.001431,74.125.200.0-255,5738,129723,17,353481
2679,0.001434,172.31.36.0-255,66,129789,17,353481
2680,0.001462,74.125.200.0-255,2184,131973,17,353481
2681,0.001465,172.31.36.0-255,66,132039,17,353481
2682,0.003952,74.125.200.0-255,2902,134941,17,353481
2683,0.003955,172.31.36.0-255,66,135007,17,353481
2684,0.00398,74.125.200.0-255,2902,137909,17,353481
2685,0.003982,172.31.36.0-255,66,137975,17,353481
2686,0.006487,74.125.200.0-255,4320,142295,17,353481
2687,0.006494,172.31.36.0-255,66,142361,17,353481
2688,0.006525,74.125.200.0-255,1484,143845,17,353481
2689,0.009017,74.125.200.0-255,4320,148165,17,353481
2690,0.009025,172.31.36.0-255,66,148231,17,353481
2691,0.011561,74.125.200.0-255,5738,153969,17,353481
2692,0.011569,172.31.36.0-255,66,154035,17,353481
2693,0.014137,74.125.200.0-255,5738,159773,17,353481
2694,0.014148,172.31.36.0-255,66,159839,17,353481
2695,0.016675,74.125.200.0-255,5738,165577,17,353481
2696,0.016683,172.31.36.0-255,66,165643,17,353481
2697,0.019215,74.125.200.0-255,5738,171381,17,353481
2698,0.019224,172.31.36.0-255,66,171447,17,353481
2699,0.021748,74.125.200.0-255,5738,177185,17,353481
2700,0.021755,172.31.36.0-255,66,177251,17,353481
2701,0.024279,74.125.200.0-255,5738,182989,17,353481
2702,0.024288,172.31.36.0-255,66,183055,17,353481
2703,0.025898,172.31.36.0-255,176,183231,17,353481
2704,0.025928,172.31.36.0-255,1116,184347,17,353481
2705,0.025957,172.31.36.0-255,1514,185861,17,353481
2706,0.025959,172.31.36.0-255,1272,187133,17,353481
2707,0.026814,74.125.200.0-255,2902,190035,17,353481
2708,0.026821,172.31.36.0-255,66,190101,17,353481
2709,0.026853,74.125.200.0-255,2902,193003,17,353481
2710,0.026856,172.31.36.0-255,66,193069,17,353481
2711,0.027422,104.244.42.0-255,66,193135,17,353481
2712,0.027466,104.244.42.0-255,66,193201,17,353481
2713,0.027511,104.244.42.0-255,66,193267,17,353481
2714,0.028198,104.244.42.0-255,108,193375,17,353481
2715,0.028217,172.31.36.0-255,66,193441,17,353481
2716,0.02935,74.125.200.0-255,2902,196343,17,353481
2717,0.029355,172.31.36.0-255,66,196409,17,353481
2718,0.029415,74.125.200.0-255,2902,199311,17,353481
2719,0.029419,172.31.36.0-255,66,199377,17,353481
2720,0.031862,74.125.200.0-255,1484,200861,17,353481
2721,0.031933,74.125.200.0-255,4320,205181,17,353481
2722,0.031938,172.31.36.0-255,66,205247,17,353481
2723,0.034454,74.125.200.0-255,5738,210985,17,353481
2724,0.03446,172.31.36.0-255,66,211051,17,353481
2725,0.036981,74.125.200.0-255,5738,216789,17,353481
2726,0.036987,172.31.36.0-255,66,216855,17,353481
2727,0.039505,74.125.200.0-255,5738,222593,17,353481
2728,0.03951,172.31.36.0-255,66,222659,17,353481
2729,0.042027,74.125.200.0-255,4320,226979,17,353481
2730,0.042033,172.31.36.0-255,66,227045,17,353481
2731,0.042066,74.125.200.0-255,1484,228529,17,353481
2732,0.044563,74.125.200.0-255,4320,232849,17,353481
2733,0.04457,172.31.36.0-255,66,232915,17,353481
2734,0.047094,74.125.200.0-255,5738,238653,17,353481
2735,0.047101,172.31.36.0-255,66,238719,17,353481
2736,0.049647,74.125.200.0-255,4320,243039,17,353481
2737,0.049653,172.31.36.0-255,66,243105,17,353481
2738,0.049687,74.125.200.0-255,1484,244589,17,353481
2739,0.05217,74.125.200.0-255,4320,248909,17,353481
2740,0.052176,172.31.36.0-255,66,248975,17,353481
2741,0.054694,74.125.200.0-255,4320,253295,17,353481
2742,0.054699,172.31.36.0-255,66,253361,17,353481
2743,0.054733,74.125.200.0-255,1484,254845,17,353481
2744,0.057222,74.125.200.0-255,4320,259165,17,353481
2745,0.057227,172.31.36.0-255,66,259231,17,353481
2746,0.059749,74.125.200.0-255,5738,264969,17,353481
2747,0.059755,172.31.36.0-255,66,265035,17,353481
2748,0.062274,74.125.200.0-255,5738,270773,17,353481
2749,0.06228,172.31.36.0-255,66,270839,17,353481
2750,0.064796,74.125.200.0-255,5738,276577,17,353481
2751,0.064802,172.31.36.0-255,66,276643,17,353481
2752,0.067323,74.125.200.0-255,5738,282381,17,353481
2753,0.067329,172.31.36.0-255,66,282447,17,353481
2754,0.069846,74.125.200.0-255,5738,288185,17,353481
2755,0.069853,172.31.36.0-255,66,288251,17,353481
2756,0.07237,74.125.200.0-255,5738,293989,17,353481
2757,0.072374,172.31.36.0-255,66,294055,17,353481
2758,0.074886,74.125.200.0-255,2902,296957,17,353481
2759,0.074892,172.31.36.0-255,66,297023,17,353481
2760,0.074923,74.125.200.0-255,2902,299925,17,353481
2761,0.074927,172.31.36.0-255,66,299991,17,353481
2762,0.077412,74.125.200.0-255,2902,302893,17,353481
2763,0.077418,172.31.36.0-255,66,302959,17,353481
2764,0.077449,74.125.200.0-255,2902,305861,17,353481
2765,0.077452,172.31.36.0-255,66,305927,17,353481
2766,0.079931,74.125.200.0-255,2902,308829,17,353481
2767,0.079937,172.31.36.0-255,66,308895,17,353481
2768,0.079973,74.125.200.0-255,2902,311797,17,353481
2769,0.079977,172.31.36.0-255,66,311863,17,353481
2770,0.082445,74.125.200.0-255,2902,314765,17,353481
2771,0.08245,172.31.36.0-255,66,314831,17,353481
2772,0.082491,74.125.200.0-255,2902,317733,17,353481
2773,0.082494,172.31.36.0-255,66,317799,17,353481
2774,0.084973,74.125.200.0-255,2902,320701,17,353481
2775,0.08498,172.31.36.0-255,66,320767,17,353481
2776,0.085009,74.125.200.0-255,2902,323669,17,353481
2777,0.085013,172.31.36.0-255,66,323735,17,353481
2778,0.087508,74.125.200.0-255,2902,326637,17,353481
2779,0.087515,172.31.36.0-255,66,326703,17,353481
2780,0.087546,74.125.200.0-255,2902,329605,17,353481
2781,0.08755,172.31.36.0-255,66,329671,17,353481
2782,0.090027,74.125.200.0-255,2902,332573,17,353481
2783,0.090033,172.31.36.0-255,66,332639,17,353481
2784,0.090068,74.125.200.0-255,2902,335541,17,353481
2785,0.090072,172.31.36.0-255,66,335607,17,353481
2786,0.092551,74.125.200.0-255,2902,338509,17,353481
2787,0.092557,172.31.36.0-255,66,338575,17,353481
2788,0.092593,74.125.200.0-255,2902,341477,17,353481
2789,0.092597,172.31.36.0-255,66,341543,17,353481
2790,0.095075,74.125.200.0-255,2902,344445,17,353481
2791,0.095097,172.31.36.0-255,66,344511,17,353481
2792,0.095164,74.125.200.0-255,2902,347413,17,353481
2793,0.09517,172.31.36.0-255,66,347479,17,353481
2794,0.097622,74.125.200.0-255,2902,350381,17,353481
2795,0.097628,172.31.36.0-255,66,350447,17,353481
2796,0.09768,74.125.200.0-255,1484,351931,17,353481
2797,0.097696,74.125.200.0-255,1484,353415,17,353481
2798,0.097699,172.31.36.0-255,66,353481,17,353481
2799,0.0,172.217.194.0-255,160,160,17,294200
2800,1.2e-05,172.31.36.0-255,66,226,17,294200
2801,1.8e-05,172.217.194.0-255,1484,1710,17,294200
2802,2.2e-05,172.31.36.0-255,66,1776,17,294200
2803,3.5e-05,172.217.194.0-255,2902,4678,17,294200
2804,3.8e-05,172.31.36.0-255,66,4744,17,294200
2805,4.6e-05,172.217.194.0-255,7156,11900,17,294200
2806,4.9e-05,172.31.36.0-255,66,11966,17,294200
2807,7.8e-05,172.217.194.0-255,2073,14039,17,294200
2808,8.1e-05,172.31.36.0-255,66,14105,17,294200
2809,0.000112,172.217.194.0-255,2902,17007,17,294200
2810,0.000116,172.31.36.0-255,66,17073,17,294200
2811,0.000122,172.217.194.0-255,4320,21393,17,294200
2812,0.000124,172.31.36.0-255,66,21459,17,294200
2813,0.00015,172.217.194.0-255,2902,24361,17,294200
2814,0.000152,172.31.36.0-255,66,24427,17,294200
2815,0.000156,172.217.194.0-255,1484,25911,17,294200
2816,0.000157,172.31.36.0-255,66,25977,17,294200
2817,0.00018,172.217.194.0-255,5379,31356,17,294200
2818,0.000183,172.31.36.0-255,66,31422,17,294200
2819,0.000221,172.217.194.0-255,1484,32906,17,294200
2820,0.000224,172.31.36.0-255,66,32972,17,294200
2821,0.000253,172.217.194.0-255,2902,35874,17,294200
2822,0.000256,172.31.36.0-255,66,35940,17,294200
2823,0.000262,172.217.194.0-255,5738,41678,17,294200
2824,0.000265,172.31.36.0-255,66,41744,17,294200
2825,0.000284,172.31.36.0-255,66,41810,17,294200
2826,0.000291,172.217.194.0-255,7156,48966,17,294200
2827,0.000294,172.31.36.0-255,66,49032,17,294200
2828,0.000341,172.217.194.0-255,4573,53605,17,294200
2829,0.000344,172.31.36.0-255,66,53671,17,294200
2830,0.000388,172.217.194.0-255,1484,55155,17,294200
2831,0.000404,172.217.194.0-255,2902,58057,17,294200
2832,0.000407,172.31.36.0-255,66,58123,17,294200
2833,0.000414,172.217.194.0-255,5738,63861,17,294200
2834,0.000417,172.31.36.0-255,66,63927,17,294200
2835,0.000458,172.217.194.0-255,6797,70724,17,294200
2836,0.000462,172.31.36.0-255,66,70790,17,294200
2837,0.000526,172.31.36.0-255,66,70856,17,294200
2838,0.000531,172.217.194.0-255,3961,74817,17,294200
2839,0.000533,172.31.36.0-255,66,74883,17,294200
2840,0.000883,172.217.194.0-255,1484,76367,17,294200
2841,0.000892,172.217.194.0-255,2902,79269,17,294200
2842,0.000897,172.31.36.0-255,66,79335,17,294200
2843,0.000905,172.217.194.0-255,5738,85073,17,294200
2844,0.000907,172.31.36.0-255,66,85139,17,294200
2845,0.000947,172.31.36.0-255,66,85205,17,294200
2846,0.000965,172.31.36.0-255,66,85271,17,294200
2847,0.001713,172.217.194.0-255,1484,86755,17,294200
2848,0.001719,172.217.194.0-255,2902,89657,17,294200
2849,0.001723,172.31.36.0-255,66,89723,17,294200
2850,0.001729,172.217.194.0-255,2902,92625,17,294200
2851,0.001731,172.31.36.0-255,66,92691,17,294200
2852,0.001753,172.217.194.0-255,2902,95593,17,294200
2853,0.001755,172.31.36.0-255,66,95659,17,294200
2854,0.001767,172.31.36.0-255,66,95725,17,294200
2855,0.001774,172.217.194.0-255,5738,101463,17,294200
2856,0.001776,172.31.36.0-255,66,101529,17,294200
2857,0.001804,172.217.194.0-255,4320,105849,17,294200
2858,0.001806,172.31.36.0-255,66,105915,17,294200
2859,0.001835,172.217.194.0-255,5020,110935,17,294200
2860,0.001838,172.31.36.0-255,66,111001,17,294200
2861,0.002,172.217.194.0-255,1484,112485,17,294200
2862,0.00202,172.217.194.0-255,2902,115387,17,294200
2863,0.002024,172.31.36.0-255,66,115453,17,294200
2864,0.002031,172.217.194.0-255,5738,121191,17,294200
2865,0.002033,172.31.36.0-255,66,121257,17,294200
2866,0.002072,172.31.36.0-255,66,121323,17,294200
2867,0.002101,172.217.194.0-255,2902,124225,17,294200
2868,0.002104,172.31.36.0-255,66,124291,17,294200
2869,0.002122,172.31.36.0-255,66,124357,17,294200
2870,0.002193,172.217.194.0-255,1484,125841,17,294200
2871,0.002207,172.217.194.0-255,2902,128743,17,294200
2872,0.002211,172.31.36.0-255,66,128809,17,294200
2873,0.002218,172.217.194.0-255,5738,134547,17,294200
2874,0.00222,172.31.36.0-255,66,134613,17,294200
2875,0.00224,172.217.194.0-255,2902,137515,17,294200
2876,0.002243,172.31.36.0-255,66,137581,17,294200
2877,0.002279,172.31.36.0-255,66,137647,17,294200
2878,0.002292,172.31.36.0-255,66,137713,17,294200
2879,0.002336,172.31.36.0-255,66,137779,17,294200
2880,0.002355,172.31.36.0-255,66,137845,17,294200
2881,0.002366,172.31.36.0-255,66,137911,17,294200
2882,0.004667,172.217.194.0-255,5738,143649,17,294200
2883,0.004674,172.31.36.0-255,66,143715,17,294200
2884,0.006989,172.217.194.0-255,5738,149453,17,294200
2885,0.006992,172.31.36.0-255,66,149519,17,294200
2886,0.009297,172.217.194.0-255,5738,155257,17,294200
2887,0.009304,172.31.36.0-255,66,155323,17,294200
2888,0.011638,172.217.194.0-255,5738,161061,17,294200
2889,0.011645,172.31.36.0-255,66,161127,17,294200
2890,0.014,172.217.194.0-255,5738,166865,17,294200
2891,0.014008,172.31.36.0-255,66,166931,17,294200
2892,0.016335,172.217.194.0-255,5738,172669,17,294200
2893,0.016344,172.31.36.0-255,66,172735,17,294200
2894,0.018671,172.217.194.0-255,5738,178473,17,294200
2895,0.018679,172.31.36.0-255,66,178539,17,294200
2896,0.02098,172.217.194.0-255,5738,184277,17,294200
2897,0.020989,172.31.36.0-255,66,184343,17,294200
2898,0.023331,172.217.194.0-255,5738,190081,17,294200
2899,0.023338,172.31.36.0-255,66,190147,17,294200
2900,0.025705,172.217.194.0-255,5738,195885,17,294200
2901,0.025713,172.31.36.0-255,66,195951,17,294200
2902,0.028042,172.217.194.0-255,5738,201689,17,294200
2903,0.02805,172.31.36.0-255,66,201755,17,294200
2904,0.029731,172.31.36.0-255,172,201927,17,294200
2905,0.029764,172.31.36.0-255,1117,203044,17,294200
2906,0.029824,172.31.36.0-255,1514,204558,17,294200
2907,0.029826,172.31.36.0-255,1273,205831,17,294200
2908,0.030372,172.217.194.0-255,5738,211569,17,294200
2909,0.030379,172.31.36.0-255,66,211635,17,294200
2910,0.031274,104.244.42.0-255,66,211701,17,294200
2911,0.031323,104.244.42.0-255,66,211767,17,294200
2912,0.031376,104.244.42.0-255,66,211833,17,294200
2913,0.032679,172.217.194.0-255,5738,217571,17,294200
2914,0.032686,172.31.36.0-255,66,217637,17,294200
2915,0.035017,172.217.194.0-255,5738,223375,17,294200
2916,0.035024,172.31.36.0-255,66,223441,17,294200
2917,0.037364,172.217.194.0-255,5738,229179,17,294200
2918,0.037371,172.31.36.0-255,66,229245,17,294200
2919,0.03972,172.217.194.0-255,5738,234983,17,294200
2920,0.039728,172.31.36.0-255,66,235049,17,294200
2921,0.042065,172.217.194.0-255,5738,240787,17,294200
2922,0.042072,172.31.36.0-255,66,240853,17,294200
2923,0.04438,172.217.194.0-255,5738,246591,17,294200
2924,0.044387,172.31.36.0-255,66,246657,17,294200
2925,0.046725,172.217.194.0-255,5738,252395,17,294200
2926,0.046731,172.31.36.0-255,66,252461,17,294200
2927,0.049084,172.217.194.0-255,5738,258199,17,294200
2928,0.049091,172.31.36.0-255,66,258265,17,294200
2929,0.051422,172.217.194.0-255,5738,264003,17,294200
2930,0.051429,172.31.36.0-255,66,264069,17,294200
2931,0.053758,172.217.194.0-255,5738,269807,17,294200
2932,0.053766,172.31.36.0-255,66,269873,17,294200
2933,0.056113,172.217.194.0-255,5738,275611,17,294200
2934,0.056121,172.31.36.0-255,66,275677,17,294200
2935,0.058431,172.217.194.0-255,5738,281415,17,294200
2936,0.058438,172.31.36.0-255,66,281481,17,294200
2937,0.060762,172.217.194.0-255,5738,287219,17,294200
2938,0.060769,172.31.36.0-255,66,287285,17,294200
2939,0.063078,172.217.194.0-255,5738,293023,17,294200
2940,0.063085,172.31.36.0-255,66,293089,17,294200
2941,0.065377,172.217.194.0-255,874,293963,17,294200
2942,0.065531,172.31.36.0-255,66,294029,17,294200
2943,0.065568,172.31.36.0-255,105,294134,17,294200
2944,0.067865,172.217.194.0-255,66,294200,17,294200
2945,0.0,172.31.36.0-255,66,66,17,66
2946,0.0,172.31.36.0-255,105,105,17,459
2947,0.000154,172.31.36.0-255,90,195,17,459
2948,0.000164,172.31.36.0-255,66,261,17,459
2949,0.002407,74.125.130.0-255,66,327,17,459
2950,0.002437,74.125.130.0-255,66,393,17,459
2951,0.00246,172.31.36.0-255,66,459,17,459
2952,0.0,74.125.24.0-255,153,153,17,413708
2953,2.8e-05,172.31.36.0-255,66,219,17,413708
2954,3.6e-05,74.125.24.0-255,1484,1703,17,413708
2955,4e-05,172.31.36.0-255,66,1769,17,413708
2956,4.5e-05,74.125.24.0-255,2902,4671,17,413708
2957,4.8e-05,172.31.36.0-255,66,4737,17,413708
2958,5.2e-05,74.125.24.0-255,2902,7639,17,413708
2959,5.6e-05,172.31.36.0-255,66,7705,17,413708
2960,7.3e-05,74.125.24.0-255,4320,12025,17,413708
2961,7.7e-05,172.31.36.0-255,66,12091,17,413708
2962,0.000124,74.125.24.0-255,1984,14075,17,413708
2963,0.000128,172.31.36.0-255,66,14141,17,413708
2964,0.000278,74.125.24.0-255,1484,15625,17,413708
2965,0.000283,172.31.36.0-255,66,15691,17,413708
2966,0.000288,74.125.24.0-255,2902,18593,17,413708
2967,0.000291,172.31.36.0-255,66,18659,17,413708
2968,0.000318,74.125.24.0-255,5738,24397,17,413708
2969,0.000323,172.31.36.0-255,66,24463,17,413708
2970,0.000333,74.125.24.0-255,4320,28783,17,413708
2971,0.000335,172.31.36.0-255,66,28849,17,413708
2972,0.00035,74.125.24.0-255,2543,31392,17,413708
2973,0.000354,172.31.36.0-255,66,31458,17,413708
2974,0.000466,74.125.24.0-255,1484,32942,17,413708
2975,0.000471,172.31.36.0-255,66,33008,17,413708
2976,0.000476,74.125.24.0-255,2902,35910,17,413708
2977,0.000479,172.31.36.0-255,66,35976,17,413708
2978,0.000504,74.125.24.0-255,5738,41714,17,413708
2979,0.000508,172.31.36.0-255,66,41780,17,413708
2980,0.000513,74.125.24.0-255,4320,46100,17,413708
2981,0.000515,172.31.36.0-255,66,46166,17,413708
2982,0.000549,74.125.24.0-255,4320,50486,17,413708
2983,0.000552,172.31.36.0-255,66,50552,17,413708
2984,0.000582,172.31.36.0-255,66,50618,17,413708
2985,0.00059,74.125.24.0-255,6797,57415,17,413708
2986,0.000592,172.31.36.0-255,66,57481,17,413708
2987,0.000594,74.125.24.0-255,402,57883,17,413708
2988,0.000645,74.125.24.0-255,108,57991,17,413708
2989,0.000829,74.125.24.0-255,1484,59475,17,413708
2990,0.000833,172.31.36.0-255,66,59541,17,413708
2991,0.000838,74.125.24.0-255,2902,62443,17,413708
2992,0.00084,172.31.36.0-255,66,62509,17,413708
2993,0.00087,74.125.24.0-255,1484,63993,17,413708
2994,0.000891,74.125.24.0-255,4320,68313,17,413708
2995,0.000894,172.31.36.0-255,66,68379,17,413708
2996,0.000902,74.125.24.0-255,6797,75176,17,413708
2997,0.000904,172.31.36.0-255,66,75242,17,413708
2998,0.000907,74.125.24.0-255,331,75573,17,413708
2999,0.001004,172.31.36.0-255,66,75639,17,413708
3000,0.001005,74.125.24.0-255,1484,77123,17,413708
3001,0.001009,74.125.24.0-255,2902,80025,17,413708
3002,0.001011,172.31.36.0-255,66,80091,17,413708
3003,0.00104,74.125.24.0-255,5738,85829,17,413708
3004,0.001044,172.31.36.0-255,66,85895,17,413708
3005,0.001061,74.125.24.0-255,4320,90215,17,413708
3006,0.001064,172.31.36.0-255,66,90281,17,413708
3007,0.001079,74.125.24.0-255,2543,92824,17,413708
3008,0.001082,172.31.36.0-255,66,92890,17,413708
3009,0.00134,74.125.24.0-255,1484,94374,17,413708
3010,0.00135,74.125.24.0-255,2902,97276,17,413708
3011,0.001355,172.31.36.0-255,66,97342,17,413708
3012,0.001363,74.125.24.0-255,5738,103080,17,413708
3013,0.001365,172.31.36.0-255,66,103146,17,413708
3014,0.001369,74.125.24.0-255,1484,104630,17,413708
3015,0.001404,172.31.36.0-255,66,104696,17,413708
3016,0.001442,74.125.24.0-255,7156,111852,17,413708
3017,0.001445,172.31.36.0-255,66,111918,17,413708
3018,0.001466,74.125.24.0-255,6438,118356,17,413708
3019,0.001469,172.31.36.0-255,66,118422,17,413708
3020,0.001732,74.125.24.0-255,1484,119906,17,413708
3021,0.001757,74.125.24.0-255,2902,122808,17,413708
3022,0.001761,172.31.36.0-255,66,122874,17,413708
3023,0.001783,74.125.24.0-255,5738,128612,17,413708
3024,0.001786,172.31.36.0-255,66,128678,17,413708
3025,0.00179,74.125.24.0-255,1484,130162,17,413708
3026,0.001809,74.125.24.0-255,7156,137318,17,413708
3027,0.001812,172.31.36.0-255,66,137384,17,413708
3028,0.001818,74.125.24.0-255,5738,143122,17,413708
3029,0.001822,172.31.36.0-255,66,143188,17,413708
3030,0.001854,74.125.24.0-255,4320,147508,17,413708
3031,0.001857,172.31.36.0-255,66,147574,17,413708
3032,0.001863,74.125.24.0-255,5020,152594,17,413708
3033,0.001865,172.31.36.0-255,66,152660,17,413708
3034,0.001886,74.125.24.0-255,1484,154144,17,413708
3035,0.0019,74.125.24.0-255,2902,157046,17,413708
3036,0.001902,172.31.36.0-255,66,157112,17,413708
3037,0.001923,74.125.24.0-255,1484,158596,17,413708
3038,0.001946,74.125.24.0-255,4320,162916,17,413708
3039,0.001949,172.31.36.0-255,66,162982,17,413708
3040,0.001955,74.125.24.0-255,7156,170138,17,413708
3041,0.001958,172.31.36.0-255,66,170204,17,413708
3042,0.001972,74.125.24.0-255,5738,175942,17,413708
3043,0.001975,172.31.36.0-255,66,176008,17,413708
3044,0.001994,74.125.24.0-255,5738,181746,17,413708
3045,0.001996,172.31.36.0-255,66,181812,17,413708
3046,0.002011,74.125.24.0-255,5020,186832,17,413708
3047,0.002014,172.31.36.0-255,66,186898,17,413708
3048,0.004032,74.125.24.0-255,4320,191218,17,413708
3049,0.004037,172.31.36.0-255,66,191284,17,413708
3050,0.004054,74.125.24.0-255,1484,192768,17,413708
3051,0.00606,74.125.24.0-255,2902,195670,17,413708
3052,0.006063,172.31.36.0-255,66,195736,17,413708
3053,0.006079,74.125.24.0-255,1484,197220,17,413708
3054,0.008087,74.125.24.0-255,4320,201540,17,413708
3055,0.008094,172.31.36.0-255,66,201606,17,413708
3056,0.010126,74.125.24.0-255,5738,207344,17,413708
3057,0.010134,172.31.36.0-255,66,207410,17,413708
3058,0.012216,74.125.24.0-255,5738,213148,17,413708
3059,0.012222,172.31.36.0-255,66,213214,17,413708
3060,0.014242,74.125.24.0-255,5738,218952,17,413708
3061,0.014249,172.31.36.0-255,66,219018,17,413708
3062,0.016247,74.125.24.0-255,5738,224756,17,413708
3063,0.016257,172.31.36.0-255,66,224822,17,413708
3064,0.01828,74.125.24.0-255,5738,230560,17,413708
3065,0.018287,172.31.36.0-255,66,230626,17,413708
3066,0.020328,74.125.24.0-255,5738,236364,17,413708
3067,0.020335,172.31.36.0-255,66,236430,17,413708
3068,0.022404,74.125.24.0-255,5738,242168,17,413708
3069,0.022413,172.31.36.0-255,66,242234,17,413708
3070,0.024419,74.125.24.0-255,5738,247972,17,413708
3071,0.024426,172.31.36.0-255,66,248038,17,413708
3072,0.026431,74.125.24.0-255,5738,253776,17,413708
3073,0.026438,172.31.36.0-255,66,253842,17,413708
3074,0.028485,74.125.24.0-255,5738,259580,17,413708
3075,0.028493,172.31.36.0-255,66,259646,17,413708
3076,0.030523,74.125.24.0-255,5738,265384,17,413708
3077,0.03053,172.31.36.0-255,66,265450,17,413708
3078,0.032646,74.125.24.0-255,4320,269770,17,413708
3079,0.032653,172.31.36.0-255,66,269836,17,413708
3080,0.032689,74.125.24.0-255,1484,271320,17,413708
3081,0.034667,74.125.24.0-255,4320,275640,17,413708
3082,0.034674,172.31.36.0-255,66,275706,17,413708
3083,0.035528,172.31.36.0-255,188,275894,17,413708
3084,0.035574,172.31.36.0-255,961,276855,17,413708
3085,0.035653,172.31.36.0-255,1514,278369,17,413708
3086,0.035655,172.31.36.0-255,1514,279883,17,413708
3087,0.035661,172.31.36.0-255,1514,281397,17,413708
3088,0.035662,172.31.36.0-255,1514,282911,17,413708
3089,0.035683,172.31.36.0-255,1514,284425,17,413708
3090,0.035684,172.31.36.0-255,177,284602,17,413708
3091,0.036673,74.125.24.0-255,5738,290340,17,413708
3092,0.03668,172.31.36.0-255,66,290406,17,413708
3093,0.037134,104.244.42.0-255,66,290472,17,413708
3094,0.037222,104.244.42.0-255,66,290538,17,413708
3095,0.037235,104.244.42.0-255,66,290604,17,413708
3096,0.037238,104.244.42.0-255,66,290670,17,413708
3097,0.038687,74.125.24.0-255,5738,296408,17,413708
3098,0.038692,172.31.36.0-255,66,296474,17,413708
3099,0.040695,74.125.24.0-255,4320,300794,17,413708
3100,0.040701,172.31.36.0-255,66,300860,17,413708
3101,0.040732,74.125.24.0-255,1484,302344,17,413708
3102,0.042725,74.125.24.0-255,1484,303828,17,413708
3103,0.042731,172.31.36.0-255,66,303894,17,413708
3104,0.042755,74.125.24.0-255,2902,306796,17,413708
3105,0.042758,172.31.36.0-255,66,306862,17,413708
3106,0.044773,74.125.24.0-255,5738,312600,17,413708
3107,0.044779,172.31.36.0-255,66,312666,17,413708
3108,0.04678,74.125.24.0-255,5738,318404,17,413708
3109,0.046786,172.31.36.0-255,66,318470,17,413708
3110,0.048808,74.125.24.0-255,5738,324208,17,413708
3111,0.048814,172.31.36.0-255,66,324274,17,413708
3112,0.050827,74.125.24.0-255,4320,328594,17,413708
3113,0.050833,172.31.36.0-255,66,328660,17,413708
3114,0.050862,74.125.24.0-255,1484,330144,17,413708
3115,0.052837,74.125.24.0-255,4320,334464,17,413708
3116,0.052843,172.31.36.0-255,66,334530,17,413708
3117,0.054848,74.125.24.0-255,2902,337432,17,413708
3118,0.054853,172.31.36.0-255,66,337498,17,413708
3119,0.054881,74.125.24.0-255,2902,340400,17,413708
3120,0.054885,172.31.36.0-255,66,340466,17,413708
3121,0.05692,74.125.24.0-255,5738,346204,17,413708
3122,0.056925,172.31.36.0-255,66,346270,17,413708
3123,0.058928,74.125.24.0-255,5738,352008,17,413708
3124,0.058933,172.31.36.0-255,66,352074,17,413708
3125,0.06095,74.125.24.0-255,5738,357812,17,413708
3126,0.060955,172.31.36.0-255,66,357878,17,413708
3127,0.06297,74.125.24.0-255,5738,363616,17,413708
3128,0.062976,172.31.36.0-255,66,363682,17,413708
3129,0.06499,74.125.24.0-255,5738,369420,17,413708
3130,0.064995,172.31.36.0-255,66,369486,17,413708
3131,0.067022,74.125.24.0-255,4320,373806,17,413708
3132,0.067027,172.31.36.0-255,66,373872,17,413708
3133,0.067052,74.125.24.0-255,1484,375356,17,413708
3134,0.069067,74.125.24.0-255,4320,379676,17,413708
3135,0.069071,172.31.36.0-255,66,379742,17,413708
3136,0.071083,74.125.24.0-255,5738,385480,17,413708
3137,0.071088,172.31.36.0-255,66,385546,17,413708
3138,0.073124,74.125.24.0-255,5738,391284,17,413708
3139,0.073129,172.31.36.0-255,66,391350,17,413708
3140,0.07512,74.125.24.0-255,2902,394252,17,413708
3141,0.075125,172.31.36.0-255,66,394318,17,413708
3142,0.075154,74.125.24.0-255,2902,397220,17,413708
3143,0.075157,172.31.36.0-255,66,397286,17,413708
3144,0.077139,74.125.24.0-255,2902,400188,17,413708
3145,0.077144,172.31.36.0-255,66,400254,17,413708
3146,0.077181,74.125.24.0-255,2902,403156,17,413708
3147,0.077184,172.31.36.0-255,66,403222,17,413708
3148,0.079139,74.125.24.0-255,2902,406124,17,413708
3149,0.079144,172.31.36.0-255,66,406190,17,413708
3150,0.079176,74.125.24.0-255,2902,409092,17,413708
3151,0.079179,172.31.36.0-255,66,409158,17,413708
3152,0.081159,74.125.24.0-255,2902,412060,17,413708
3153,0.081165,172.31.36.0-255,66,412126,17,413708
3154,0.081198,74.125.24.0-255,1345,413471,17,413708
3155,0.081341,172.31.36.0-255,66,413537,17,413708
3156,0.081371,172.31.36.0-255,105,413642,17,413708
3157,0.08333,74.125.24.0-255,66,413708,17,413708
3158,0.0,172.217.194.0-255,153,153,17,361306
3159,2.2e-05,172.31.36.0-255,66,219,17,361306
3160,2.9e-05,172.217.194.0-255,1484,1703,17,361306
3161,3.3e-05,172.31.36.0-255,66,1769,17,361306
3162,3.8e-05,172.217.194.0-255,2902,4671,17,361306
3163,4.1e-05,172.31.36.0-255,66,4737,17,361306
3164,4.5e-05,172.217.194.0-255,2902,7639,17,361306
3165,5.9e-05,172.31.36.0-255,66,7705,17,361306
3166,9.5e-05,172.217.194.0-255,4320,12025,17,361306
3167,9.8e-05,172.31.36.0-255,66,12091,17,361306
3168,0.000111,172.31.36.0-255,66,12157,17,361306
3169,0.000118,172.217.194.0-255,7156,19313,17,361306
3170,0.00012,172.31.36.0-255,66,19379,17,361306
3171,0.000167,172.217.194.0-255,3961,23340,17,361306
3172,0.000171,172.31.36.0-255,66,23406,17,361306
3173,0.000176,172.217.194.0-255,4320,27726,17,361306
3174,0.000178,172.31.36.0-255,66,27792,17,361306
3175,0.000213,172.31.36.0-255,66,27858,17,361306
3176,0.00023,172.217.194.0-255,1484,29342,17,361306
3177,0.000233,172.31.36.0-255,66,29408,17,361306
3178,0.00028,172.31.36.0-255,66,29474,17,361306
3179,0.000287,172.217.194.0-255,5668,35142,17,361306
3180,0.00029,172.31.36.0-255,66,35208,17,361306
3181,0.000315,172.217.194.0-255,99,35307,17,361306
3182,0.000318,172.31.36.0-255,66,35373,17,361306
3183,0.000357,172.217.194.0-255,1484,36857,17,361306
3184,0.00036,172.31.36.0-255,66,36923,17,361306
3185,0.000366,172.217.194.0-255,2902,39825,17,361306
3186,0.000369,172.31.36.0-255,66,39891,17,361306
3187,0.000407,172.217.194.0-255,7156,47047,17,361306
3188,0.000413,172.217.194.0-255,5097,52144,17,361306
3189,0.000412,172.31.36.0-255,66,52210,17,361306
3190,0.000419,172.31.36.0-255,66,52276,17,361306
3191,0.000456,172.217.194.0-255,1484,53760,17,361306
3192,0.000462,172.217.194.0-255,2902,56662,17,361306
3193,0.000466,172.31.36.0-255,66,56728,17,361306
3194,0.000479,172.217.194.0-255,4320,61048,17,361306
3195,0.000488,172.31.36.0-255,66,61114,17,361306
3196,0.000502,172.217.194.0-255,1484,62598,17,361306
3197,0.000519,172.31.36.0-255,66,62664,17,361306
3198,0.000557,172.217.194.0-255,2902,65566,17,361306
3199,0.00056,172.31.36.0-255,66,65632,17,361306
3200,0.000597,172.31.36.0-255,66,65698,17,361306
3201,0.000772,172.217.194.0-255,1484,67182,17,361306
3202,0.000778,172.217.194.0-255,2902,70084,17,361306
3203,0.000781,172.31.36.0-255,66,70150,17,361306
3204,0.000813,172.217.194.0-255,5738,75888,17,361306
3205,0.000816,172.31.36.0-255,66,75954,17,361306
3206,0.000823,172.217.194.0-255,5738,81692,17,361306
3207,0.000825,172.31.36.0-255,66,81758,17,361306
3208,0.00086,172.217.194.0-255,1125,82883,17,361306
3209,0.001064,172.217.194.0-255,1484,84367,17,361306
3210,0.001069,172.31.36.0-255,66,84433,17,361306
3211,0.001073,172.217.194.0-255,1484,85917,17,361306
3212,0.001095,172.217.194.0-255,1484,87401,17,361306
3213,0.001099,172.31.36.0-255,66,87467,17,361306
3214,0.001111,172.217.194.0-255,4320,91787,17,361306
3215,0.001113,172.31.36.0-255,66,91853,17,361306
3216,0.001143,172.217.194.0-255,1484,93337,17,361306
3217,0.001147,172.217.194.0-255,1484,94821,17,361306
3218,0.001149,172.31.36.0-255,66,94887,17,361306
3219,0.001152,172.217.194.0-255,1484,96371,17,361306
3220,0.001181,172.217.194.0-255,7156,103527,17,361306
3221,0.001184,172.31.36.0-255,66,103593,17,361306
3222,0.001188,172.217.194.0-255,2902,106495,17,361306
3223,0.001191,172.31.36.0-255,66,106561,17,361306
3224,0.001229,172.217.194.0-255,7156,113717,17,361306
3225,0.001233,172.31.36.0-255,66,113783,17,361306
3226,0.001238,172.217.194.0-255,3602,117385,17,361306
3227,0.00124,172.31.36.0-255,66,117451,17,361306
3228,0.001423,172.217.194.0-255,1484,118935,17,361306
3229,0.001428,172.217.194.0-255,1484,120419,17,361306
3230,0.001431,172.31.36.0-255,66,120485,17,361306
3231,0.00146,172.217.194.0-255,1484,121969,17,361306
3232,0.001466,172.217.194.0-255,5738,127707,17,361306
3233,0.00147,172.31.36.0-255,66,127773,17,361306
3234,0.001484,172.31.36.0-255,66,127839,17,361306
3235,0.001497,172.217.194.0-255,4320,132159,17,361306
3236,0.001499,172.31.36.0-255,66,132225,17,361306
3237,0.001554,172.217.194.0-255,6438,138663,17,361306
3238,0.001557,172.31.36.0-255,66,138729,17,361306
3239,0.003587,172.217.194.0-255,5738,144467,17,361306
3240,0.003593,172.31.36.0-255,66,144533,17,361306
3241,0.005668,172.217.194.0-255,5738,150271,17,361306
3242,0.005674,172.31.36.0-255,66,150337,17,361306
3243,0.007696,172.217.194.0-255,5738,156075,17,361306
3244,0.007701,172.31.36.0-255,66,156141,17,361306
3245,0.009741,172.217.194.0-255,5738,161879,17,361306
3246,0.009748,172.31.36.0-255,66,161945,17,361306
3247,0.011784,172.217.194.0-255,5738,167683,17,361306
3248,0.011793,172.31.36.0-255,66,167749,17,361306
3249,0.013828,172.217.194.0-255,5738,173487,17,361306
3250,0.013837,172.31.36.0-255,66,173553,17,361306
3251,0.015897,172.217.194.0-255,4320,177873,17,361306
3252,0.015905,172.31.36.0-255,66,177939,17,361306
3253,0.015938,172.217.194.0-255,1484,179423,17,361306
3254,0.017941,172.217.194.0-255,4320,183743,17,361306
3255,0.01795,172.31.36.0-255,66,183809,17,361306
3256,0.020036,172.217.194.0-255,5738,189547,17,361306
3257,0.020043,172.31.36.0-255,66,189613,17,361306
3258,0.022084,172.217.194.0-255,5738,195351,17,361306
3259,0.022096,172.31.36.0-255,66,195417,17,361306
3260,0.024121,172.217.194.0-255,5738,201155,17,361306
3261,0.024127,172.31.36.0-255,66,201221,17,361306
3262,0.026158,172.217.194.0-255,5738,206959,17,361306
3263,0.026164,172.31.36.0-255,66,207025,17,361306
3264,0.028187,172.217.194.0-255,5738,212763,17,361306
3265,0.028193,172.31.36.0-255,66,212829,17,361306
3266,0.028704,172.31.36.0-255,176,213005,17,361306
3267,0.028733,172.31.36.0-255,1116,214121,17,361306
3268,0.028768,172.31.36.0-255,1514,215635,17,361306
3269,0.02877,172.31.36.0-255,1272,216907,17,361306
3270,0.030229,172.217.194.0-255,5738,222645,17,361306
3271,0.030235,172.31.36.0-255,66,222711,17,361306
3272,0.03027,104.244.42.0-255,66,222777,17,361306
3273,0.030287,104.244.42.0-255,66,222843,17,361306
3274,0.030331,104.244.42.0-255,66,222909,17,361306
3275,0.032273,172.217.194.0-255,2902,225811,17,361306
3276,0.032279,172.31.36.0-255,66,225877,17,361306
3277,0.032318,172.217.194.0-255,2902,228779,17,361306
3278,0.032322,172.31.36.0-255,66,228845,17,361306
3279,0.034303,172.217.194.0-255,2902,231747,17,361306
3280,0.034309,172.31.36.0-255,66,231813,17,361306
3281,0.034343,172.217.194.0-255,2902,234715,17,361306
3282,0.034346,172.31.36.0-255,66,234781,17,361306
3283,0.036343,172.217.194.0-255,2902,237683,17,361306
3284,0.036349,172.31.36.0-255,66,237749,17,361306
3285,0.036387,172.217.194.0-255,2902,240651,17,361306
3286,0.03639,172.31.36.0-255,66,240717,17,361306
3287,0.038408,172.217.194.0-255,5738,246455,17,361306
3288,0.038415,172.31.36.0-255,66,246521,17,361306
3289,0.040432,172.217.194.0-255,5738,252259,17,361306
3290,0.040438,172.31.36.0-255,66,252325,17,361306
3291,0.042476,172.217.194.0-255,5738,258063,17,361306
3292,0.042485,172.31.36.0-255,66,258129,17,361306
3293,0.044514,172.217.194.0-255,5738,263867,17,361306
3294,0.044519,172.31.36.0-255,66,263933,17,361306
3295,0.046531,172.217.194.0-255,4320,268253,17,361306
3296,0.046536,172.31.36.0-255,66,268319,17,361306
3297,0.046573,172.217.194.0-255,1484,269803,17,361306
3298,0.048547,172.217.194.0-255,4320,274123,17,361306
3299,0.048552,172.31.36.0-255,66,274189,17,361306
3300,0.050555,172.217.194.0-255,5738,279927,17,361306
3301,0.05056,172.31.36.0-255,66,279993,17,361306
3302,0.052603,172.217.194.0-255,4320,284313,17,361306
3303,0.052609,172.31.36.0-255,66,284379,17,361306
3304,0.052646,172.217.194.0-255,1484,285863,17,361306
3305,0.054658,172.217.194.0-255,4320,290183,17,361306
3306,0.054665,172.31.36.0-255,66,290249,17,361306
3307,0.056757,172.217.194.0-255,5738,295987,17,361306
3308,0.056764,172.31.36.0-255,66,296053,17,361306
3309,0.058832,172.217.194.0-255,5738,301791,17,361306
3310,0.058838,172.31.36.0-255,66,301857,17,361306
3311,0.060882,172.217.194.0-255,5738,307595,17,361306
3312,0.060888,172.31.36.0-255,66,307661,17,361306
3313,0.062926,172.217.194.0-255,5738,313399,17,361306
3314,0.062937,172.31.36.0-255,66,313465,17,361306
3315,0.064962,172.217.194.0-255,5738,319203,17,361306
3316,0.064968,172.31.36.0-255,66,319269,17,361306
3317,0.066989,172.217.194.0-255,5738,325007,17,361306
3318,0.066995,172.31.36.0-255,66,325073,17,361306
3319,0.069028,172.217.194.0-255,5738,330811,17,361306
3320,0.069033,172.31.36.0-255,66,330877,17,361306
3321,0.07111,172.217.194.0-255,5738,336615,17,361306
3322,0.071116,172.31.36.0-255,66,336681,17,361306
3323,0.073153,172.217.194.0-255,5738,342419,17,361306
3324,0.07316,172.31.36.0-255,66,342485,17,361306
3325,0.075199,172.217.194.0-255,5738,348223,17,361306
3326,0.075206,172.31.36.0-255,66,348289,17,361306
3327,0.077233,172.217.194.0-255,5738,354027,17,361306
3328,0.07724,172.31.36.0-255,66,354093,17,361306
3329,0.07928,172.217.194.0-255,5738,359831,17,361306
3330,0.079287,172.31.36.0-255,66,359897,17,361306
3331,0.081291,172.217.194.0-255,647,360544,17,361306
3332,0.081464,172.31.36.0-255,105,360649,17,361306
3333,0.081574,172.31.36.0-255,105,360754,17,361306
3334,0.081899,172.31.36.0-255,90,360844,17,361306
3335,0.081911,172.31.36.0-255,66,360910,17,361306
3336,0.083449,172.217.194.0-255,66,360976,17,361306
3337,0.083547,172.217.194.0-255,66,361042,17,361306
3338,0.083873,172.217.194.0-255,66,361108,17,361306
3339,0.083923,172.217.194.0-255,66,361174,17,361306
3340,0.083927,172.31.36.0-255,66,361240,17,361306
3341,0.083931,172.217.194.0-255,66,361306,17,361306
3342,0.0,172.217.194.0-255,149,149,17,184833
3343,3.1e-05,172.31.36.0-255,66,215,17,184833
3344,3.8e-05,172.217.194.0-255,1484,1699,17,184833
3345,4.2e-05,172.31.36.0-255,66,1765,17,184833
3346,4.7e-05,172.217.194.0-255,2902,4667,17,184833
3347,4.9e-05,172.31.36.0-255,66,4733,17,184833
3348,6.4e-05,172.217.194.0-255,7156,11889,17,184833
3349,6.7e-05,172.31.36.0-255,66,11955,17,184833
3350,7.1e-05,172.217.194.0-255,2089,14044,17,184833
3351,7.3e-05,172.31.36.0-255,66,14110,17,184833
3352,9.8e-05,172.217.194.0-255,2902,17012,17,184833
3353,0.000103,172.31.36.0-255,66,17078,17,184833
3354,0.000131,172.217.194.0-255,7156,24234,17,184833
3355,0.000135,172.31.36.0-255,66,24300,17,184833
3356,0.00014,172.217.194.0-255,4320,28620,17,184833
3357,0.000142,172.31.36.0-255,66,28686,17,184833
3358,0.000174,172.217.194.0-255,2543,31229,17,184833
3359,0.000177,172.31.36.0-255,66,31295,17,184833
3360,0.000217,172.217.194.0-255,2902,34197,17,184833
3361,0.000221,172.31.36.0-255,66,34263,17,184833
3362,0.000226,172.217.194.0-255,4320,38583,17,184833
3363,0.000228,172.31.36.0-255,66,38649,17,184833
3364,0.000261,172.31.36.0-255,66,38715,17,184833
3365,0.000302,172.31.36.0-255,66,38781,17,184833
3366,0.000341,172.217.194.0-255,2844,41625,17,184833
3367,0.000345,172.31.36.0-255,66,41691,17,184833
3368,0.000554,172.217.194.0-255,377,42068,17,184833
3369,0.000559,172.31.36.0-255,66,42134,17,184833
3370,0.000867,172.217.194.0-255,1484,43618,17,184833
3371,0.000872,172.31.36.0-255,66,43684,17,184833
3372,0.000881,172.217.194.0-255,2902,46586,17,184833
3373,0.000883,172.31.36.0-255,66,46652,17,184833
3374,0.000896,172.217.194.0-255,5738,52390,17,184833
3375,0.000898,172.31.36.0-255,66,52456,17,184833
3376,0.000902,172.217.194.0-255,1484,53940,17,184833
3377,0.00095,172.31.36.0-255,66,54006,17,184833
3378,0.00097,172.31.36.0-255,66,54072,17,184833
3379,0.001269,172.217.194.0-255,1484,55556,17,184833
3380,0.001286,172.217.194.0-255,1484,57040,17,184833
3381,0.00129,172.31.36.0-255,66,57106,17,184833
3382,0.001295,172.217.194.0-255,2902,60008,17,184833
3383,0.001297,172.31.36.0-255,66,60074,17,184833
3384,0.001301,172.217.194.0-255,1484,61558,17,184833
3385,0.001336,172.217.194.0-255,4320,65878,17,184833
3386,0.00134,172.31.36.0-255,66,65944,17,184833
3387,0.001361,172.31.36.0-255,66,66010,17,184833
3388,0.001369,172.217.194.0-255,7156,73166,17,184833
3389,0.001371,172.31.36.0-255,66,73232,17,184833
3390,0.001398,172.217.194.0-255,2184,75416,17,184833
3391,0.001405,172.31.36.0-255,66,75482,17,184833
3392,0.001438,172.217.194.0-255,1484,76966,17,184833
3393,0.001448,172.217.194.0-255,1484,78450,17,184833
3394,0.001451,172.31.36.0-255,66,78516,17,184833
3395,0.001456,172.217.194.0-255,4320,82836,17,184833
3396,0.001459,172.31.36.0-255,66,82902,17,184833
3397,0.001493,172.31.36.0-255,66,82968,17,184833
3398,0.00153,172.31.36.0-255,66,83034,17,184833
3399,0.001553,172.217.194.0-255,2184,85218,17,184833
3400,0.001556,172.31.36.0-255,66,85284,17,184833
3401,0.001602,172.217.194.0-255,1484,86768,17,184833
3402,0.001606,172.217.194.0-255,2902,89670,17,184833
3403,0.001608,172.31.36.0-255,66,89736,17,184833
3404,0.001635,172.217.194.0-255,5738,95474,17,184833
3405,0.001638,172.31.36.0-255,66,95540,17,184833
3406,0.001661,172.217.194.0-255,2902,98442,17,184833
3407,0.001663,172.31.36.0-255,66,98508,17,184833
3408,0.001696,172.31.36.0-255,66,98574,17,184833
3409,0.001719,172.217.194.0-255,4320,102894,17,184833
3410,0.001721,172.31.36.0-255,66,102960,17,184833
3411,0.001754,172.217.194.0-255,6438,109398,17,184833
3412,0.001757,172.31.36.0-255,66,109464,17,184833
3413,0.001772,172.31.36.0-255,66,109530,17,184833
3414,0.001775,172.217.194.0-255,1484,111014,17,184833
3415,0.001817,172.31.36.0-255,66,111080,17,184833
3416,0.001829,172.217.194.0-255,2902,113982,17,184833
3417,0.001843,172.31.36.0-255,66,114048,17,184833
3418,0.001895,172.31.36.0-255,66,114114,17,184833
3419,0.001939,172.31.36.0-255,66,114180,17,184833
3420,0.001942,172.217.194.0-255,1484,115664,17,184833
3421,0.001958,172.31.36.0-255,66,115730,17,184833
3422,0.001961,172.217.194.0-255,1484,117214,17,184833
3423,0.001965,172.217.194.0-255,2902,120116,17,184833
3424,0.001966,172.31.36.0-255,66,120182,17,184833
3425,0.001973,172.217.194.0-255,5738,125920,17,184833
3426,0.001975,172.31.36.0-255,66,125986,17,184833
3427,0.00198,172.217.194.0-255,4320,130306,17,184833
3428,0.001982,172.31.36.0-255,66,130372,17,184833
3429,0.001987,172.217.194.0-255,5738,136110,17,184833
3430,0.00199,172.31.36.0-255,66,136176,17,184833
3431,0.002025,172.31.36.0-255,66,136242,17,184833
3432,0.002029,172.217.194.0-255,2184,138426,17,184833
3433,0.00203,172.31.36.0-255,66,138492,17,184833
3434,0.002097,172.217.194.0-255,1484,139976,17,184833
3435,0.002121,172.217.194.0-255,2902,142878,17,184833
3436,0.002123,172.31.36.0-255,66,142944,17,184833
3437,0.002129,172.217.194.0-255,5738,148682,17,184833
3438,0.002131,172.31.36.0-255,66,148748,17,184833
3439,0.00217,172.31.36.0-255,66,148814,17,184833
3440,0.002176,172.217.194.0-255,5738,154552,17,184833
3441,0.002178,172.31.36.0-255,66,154618,17,184833
3442,0.002205,172.217.194.0-255,5020,159638,17,184833
3443,0.002207,172.31.36.0-255,66,159704,17,184833
3444,0.00221,172.217.194.0-255,1484,161188,17,184833
3445,0.002231,172.217.194.0-255,2902,164090,17,184833
3446,0.002233,172.31.36.0-255,66,164156,17,184833
3447,0.002238,172.217.194.0-255,4320,168476,17,184833
3448,0.00224,172.31.36.0-255,66,168542,17,184833
3449,0.002269,172.217.194.0-255,1484,170026,17,184833
3450,0.002281,172.31.36.0-255,66,170092,17,184833
3451,0.002292,172.31.36.0-255,66,170158,17,184833
3452,0.002328,172.217.194.0-255,2902,173060,17,184833
3453,0.00233,172.31.36.0-255,66,173126,17,184833
3454,0.002377,172.31.36.0-255,66,173192,17,184833
3455,0.002391,172.31.36.0-255,66,173258,17,184833
3456,0.002409,172.217.194.0-255,5020,178278,17,184833
3457,0.002415,172.31.36.0-255,66,178344,17,184833
3458,0.004746,172.217.194.0-255,1978,180322,17,184833
3459,0.004752,172.31.36.0-255,66,180388,17,184833
3460,0.007614,172.31.36.0-255,105,180493,17,184833
3461,0.009877,172.217.194.0-255,66,180559,17,184833
3462,0.032345,172.31.36.0-255,172,180731,17,184833
3463,0.032376,172.31.36.0-255,1118,181849,17,184833
3464,0.03242,172.31.36.0-255,1514,183363,17,184833
3465,0.032422,172.31.36.0-255,1272,184635,17,184833
3466,0.033875,104.244.42.0-255,66,184701,17,184833
3467,0.033884,104.244.42.0-255,66,184767,17,184833
3468,0.033932,104.244.42.0-255,66,184833,17,184833
3469,0.0,172.217.194.0-255,215,215,17,151758
3470,1.5e-05,172.31.36.0-255,66,281,17,151758
3471,2.2e-05,172.217.194.0-255,1484,1765,17,151758
3472,2.6e-05,172.31.36.0-255,66,1831,17,151758
3473,3.3e-05,172.217.194.0-255,4320,6151,17,151758
3474,4.3e-05,172.31.36.0-255,66,6217,17,151758
3475,8.8e-05,172.31.36.0-255,66,6283,17,151758
3476,0.000135,172.217.194.0-255,2902,9185,17,151758
3477,0.000137,172.31.36.0-255,66,9251,17,151758
3478,0.000143,172.217.194.0-255,4320,13571,17,151758
3479,0.000146,172.31.36.0-255,66,13637,17,151758
3480,0.000183,172.31.36.0-255,66,13703,17,151758
3481,0.000186,172.217.194.0-255,1125,14828,17,151758
3482,0.000188,172.31.36.0-255,66,14894,17,151758
3483,0.000627,172.217.194.0-255,1484,16378,17,151758
3484,0.000632,172.31.36.0-255,66,16444,17,151758
3485,0.000639,172.217.194.0-255,2902,19346,17,151758
3486,0.000641,172.31.36.0-255,66,19412,17,151758
3487,0.000652,172.217.194.0-255,4320,23732,17,151758
3488,0.000654,172.31.36.0-255,66,23798,17,151758
3489,0.000685,172.217.194.0-255,1484,25282,17,151758
3490,0.00069,172.217.194.0-255,2902,28184,17,151758
3491,0.000695,172.217.194.0-255,4320,32504,17,151758
3492,0.000698,172.31.36.0-255,66,32570,17,151758
3493,0.000701,172.31.36.0-255,66,32636,17,151758
3494,0.000704,172.31.36.0-255,66,32702,17,151758
3495,0.000733,172.217.194.0-255,6797,39499,17,151758
3496,0.000736,172.31.36.0-255,66,39565,17,151758
3497,0.000749,172.31.36.0-255,66,39631,17,151758
3498,0.000751,172.217.194.0-255,341,39972,17,151758
3499,0.000778,172.217.194.0-255,115,40087,17,151758
3500,0.000881,172.217.194.0-255,1484,41571,17,151758
3501,0.000886,172.31.36.0-255,66,41637,17,151758
3502,0.00089,172.217.194.0-255,2902,44539,17,151758
3503,0.000893,172.31.36.0-255,66,44605,17,151758
3504,0.000921,172.217.194.0-255,5738,50343,17,151758
3505,0.000924,172.31.36.0-255,66,50409,17,151758
3506,0.000929,172.217.194.0-255,4320,54729,17,151758
3507,0.000931,172.31.36.0-255,66,54795,17,151758
3508,0.000935,172.217.194.0-255,1484,56279,17,151758
3509,0.000983,172.31.36.0-255,66,56345,17,151758
3510,0.000991,172.217.194.0-255,6797,63142,17,151758
3511,0.000993,172.31.36.0-255,66,63208,17,151758
3512,0.001633,172.217.194.0-255,1484,64692,17,151758
3513,0.001643,172.217.194.0-255,2902,67594,17,151758
3514,0.001647,172.31.36.0-255,66,67660,17,151758
3515,0.001655,172.217.194.0-255,5738,73398,17,151758
3516,0.001657,172.31.36.0-255,66,73464,17,151758
3517,0.001686,172.217.194.0-255,1484,74948,17,151758
3518,0.001691,172.217.194.0-255,2902,77850,17,151758
3519,0.001693,172.31.36.0-255,66,77916,17,151758
3520,0.001698,172.217.194.0-255,2902,80818,17,151758
3521,0.0017,172.31.36.0-255,66,80884,17,151758
3522,0.001721,172.217.194.0-255,2902,83786,17,151758
3523,0.001723,172.31.36.0-255,66,83852,17,151758
3524,0.001749,172.217.194.0-255,4320,88172,17,151758
3525,0.001751,172.31.36.0-255,66,88238,17,151758
3526,0.001759,172.217.194.0-255,5738,93976,17,151758
3527,0.001761,172.31.36.0-255,66,94042,17,151758
3528,0.001788,172.217.194.0-255,3602,97644,17,151758
3529,0.00179,172.31.36.0-255,66,97710,17,151758
3530,0.002131,172.217.194.0-255,1484,99194,17,151758
3531,0.002139,172.217.194.0-255,2902,102096,17,151758
3532,0.002144,172.31.36.0-255,66,102162,17,151758
3533,0.00215,172.217.194.0-255,2902,105064,17,151758
3534,0.002151,172.31.36.0-255,66,105130,17,151758
3535,0.002178,172.217.194.0-255,2902,108032,17,151758
3536,0.00218,172.31.36.0-255,66,108098,17,151758
3537,0.002199,172.31.36.0-255,66,108164,17,151758
3538,0.002212,172.31.36.0-255,66,108230,17,151758
3539,0.00229,172.217.194.0-255,1484,109714,17,151758
3540,0.002296,172.217.194.0-255,2902,112616,17,151758
3541,0.002299,172.31.36.0-255,66,112682,17,151758
3542,0.002303,172.217.194.0-255,1484,114166,17,151758
3543,0.002328,172.217.194.0-255,4320,118486,17,151758
3544,0.002331,172.31.36.0-255,66,118552,17,151758
3545,0.002345,172.31.36.0-255,66,118618,17,151758
3546,0.002362,172.31.36.0-255,66,118684,17,151758
3547,0.002411,172.217.194.0-255,1484,120168,17,151758
3548,0.002416,172.217.194.0-255,2902,123070,17,151758
3549,0.002418,172.31.36.0-255,66,123136,17,151758
3550,0.002452,172.217.194.0-255,5738,128874,17,151758
3551,0.002454,172.31.36.0-255,66,128940,17,151758
3552,0.002471,172.31.36.0-255,66,129006,17,151758
3553,0.002505,172.31.36.0-255,66,129072,17,151758
3554,0.00254,172.31.36.0-255,66,129138,17,151758
3555,0.002551,172.31.36.0-255,66,129204,17,151758
3556,0.002656,172.31.36.0-255,66,129270,17,151758
3557,0.00268,172.31.36.0-255,66,129336,17,151758
3558,0.002691,172.31.36.0-255,66,129402,17,151758
3559,0.002707,172.31.36.0-255,66,129468,17,151758
3560,0.00272,172.31.36.0-255,66,129534,17,151758
3561,0.002723,172.217.194.0-255,1484,131018,17,151758
3562,0.002726,172.31.36.0-255,78,131096,17,151758
3563,0.002733,172.217.194.0-255,5738,136834,17,151758
3564,0.002737,172.31.36.0-255,78,136912,17,151758
3565,0.002755,172.217.194.0-255,7156,144068,17,151758
3566,0.002758,172.217.194.0-255,1484,145552,17,151758
3567,0.00276,172.31.36.0-255,78,145630,17,151758
3568,0.002782,172.217.194.0-255,1484,147114,17,151758
3569,0.002893,172.217.194.0-255,105,147219,17,151758
3570,0.003469,172.31.36.0-255,66,147285,17,151758
3571,0.005888,172.31.36.0-255,105,147390,17,151758
3572,0.008423,172.217.194.0-255,66,147456,17,151758
3573,0.031427,172.31.36.0-255,200,147656,17,151758
3574,0.031458,172.31.36.0-255,1116,148772,17,151758
3575,0.031537,172.31.36.0-255,1514,150286,17,151758
3576,0.03154,172.31.36.0-255,1274,151560,17,151758
3577,0.032939,104.244.42.0-255,66,151626,17,151758
3578,0.032967,104.244.42.0-255,66,151692,17,151758
3579,0.033047,104.244.42.0-255,66,151758,17,151758
3580,0.0,172.217.194.0-255,226,226,17,162145
3581,1.5e-05,172.31.36.0-255,66,292,17,162145
3582,3.2e-05,172.217.194.0-255,1484,1776,17,162145
3583,4.3e-05,172.31.36.0-255,66,1842,17,162145
3584,5e-05,172.217.194.0-255,4320,6162,17,162145
3585,5.3e-05,172.31.36.0-255,66,6228,17,162145
3586,6e-05,172.217.194.0-255,5738,11966,17,162145
3587,6.3e-05,172.31.36.0-255,66,12032,17,162145
3588,9.5e-05,172.217.194.0-255,1840,13872,17,162145
3589,9.9e-05,172.31.36.0-255,66,13938,17,162145
3590,0.000111,172.31.36.0-255,66,14004,17,162145
3591,0.000133,172.217.194.0-255,4320,18324,17,162145
3592,0.000141,172.31.36.0-255,66,18390,17,162145
3593,0.000145,172.217.194.0-255,2543,20933,17,162145
3594,0.000148,172.31.36.0-255,66,20999,17,162145
3595,0.000167,172.217.194.0-255,1484,22483,17,162145
3596,0.000174,172.31.36.0-255,66,22549,17,162145
3597,0.000179,172.217.194.0-255,2902,25451,17,162145
3598,0.000182,172.31.36.0-255,66,25517,17,162145
3599,0.000186,172.217.194.0-255,2902,28419,17,162145
3600,0.000188,172.31.36.0-255,66,28485,17,162145
3601,0.000218,172.217.194.0-255,2902,31387,17,162145
3602,0.00022,172.31.36.0-255,66,31453,17,162145
3603,0.000249,172.217.194.0-255,6797,38250,17,162145
3604,0.000253,172.31.36.0-255,66,38316,17,162145
3605,0.000339,172.217.194.0-255,1484,39800,17,162145
3606,0.000343,172.31.36.0-255,66,39866,17,162145
3607,0.000366,172.217.194.0-255,2902,42768,17,162145
3608,0.000369,172.31.36.0-255,66,42834,17,162145
3609,0.00039,172.217.194.0-255,4320,47154,17,162145
3610,0.000394,172.31.36.0-255,66,47220,17,162145
3611,0.00044,172.31.36.0-255,66,47286,17,162145
3612,0.000475,172.31.36.0-255,66,47352,17,162145
3613,0.000482,172.217.194.0-255,7156,54508,17,162145
3614,0.000484,172.31.36.0-255,66,54574,17,162145
3615,0.000512,172.217.194.0-255,2543,57117,17,162145
3616,0.000514,172.31.36.0-255,66,57183,17,162145
3617,0.000541,172.217.194.0-255,5738,62921,17,162145
3618,0.000545,172.31.36.0-255,66,62987,17,162145
3619,0.000586,172.31.36.0-255,66,63053,17,162145
3620,0.000592,172.217.194.0-255,7156,70209,17,162145
3621,0.000595,172.31.36.0-255,66,70275,17,162145
3622,0.000612,172.31.36.0-255,66,70341,17,162145
3623,0.000615,172.217.194.0-255,1010,71351,17,162145
3624,0.000664,172.217.194.0-255,198,71549,17,162145
3625,0.000734,172.217.194.0-255,1484,73033,17,162145
3626,0.000738,172.31.36.0-255,66,73099,17,162145
3627,0.000743,172.217.194.0-255,2902,76001,17,162145
3628,0.000746,172.31.36.0-255,66,76067,17,162145
3629,0.000777,172.217.194.0-255,5738,81805,17,162145
3630,0.000781,172.31.36.0-255,66,81871,17,162145
3631,0.000786,172.217.194.0-255,4320,86191,17,162145
3632,0.000789,172.31.36.0-255,66,86257,17,162145
3633,0.000792,172.217.194.0-255,1484,87741,17,162145
3634,0.000828,172.31.36.0-255,66,87807,17,162145
3635,0.00084,172.31.36.0-255,66,87873,17,162145
3636,0.001586,172.217.194.0-255,1484,89357,17,162145
3637,0.001591,172.217.194.0-255,2902,92259,17,162145
3638,0.001596,172.31.36.0-255,66,92325,17,162145
3639,0.001602,172.217.194.0-255,4320,96645,17,162145
3640,0.001605,172.31.36.0-255,66,96711,17,162145
3641,0.001639,172.217.194.0-255,1484,98195,17,162145
3642,0.001654,172.31.36.0-255,66,98261,17,162145
3643,0.001672,172.31.36.0-255,66,98327,17,162145
3644,0.001947,172.217.194.0-255,1484,99811,17,162145
3645,0.001954,172.217.194.0-255,2902,102713,17,162145
3646,0.001958,172.31.36.0-255,66,102779,17,162145
3647,0.001985,172.217.194.0-255,5738,108517,17,162145
3648,0.001988,172.31.36.0-255,66,108583,17,162145
3649,0.002021,172.31.36.0-255,66,108649,17,162145
3650,0.002062,172.31.36.0-255,66,108715,17,162145
3651,0.002066,172.217.194.0-255,2184,110899,17,162145
3652,0.00207,172.31.36.0-255,66,110965,17,162145
3653,0.002284,172.217.194.0-255,1484,112449,17,162145
3654,0.002292,172.217.194.0-255,2902,115351,17,162145
3655,0.002296,172.31.36.0-255,66,115417,17,162145
3656,0.002325,172.217.194.0-255,5738,121155,17,162145
3657,0.002327,172.31.36.0-255,66,121221,17,162145
3658,0.002334,172.217.194.0-255,7156,128377,17,162145
3659,0.002337,172.31.36.0-255,66,128443,17,162145
3660,0.002359,172.217.194.0-255,5738,134181,17,162145
3661,0.002362,172.31.36.0-255,66,134247,17,162145
3662,0.002369,172.217.194.0-255,5738,139985,17,162145
3663,0.002371,172.31.36.0-255,66,140051,17,162145
3664,0.002436,172.31.36.0-255,66,140117,17,162145
3665,0.002459,172.31.36.0-255,66,140183,17,162145
3666,0.002469,172.31.36.0-255,66,140249,17,162145
3667,0.002478,172.31.36.0-255,66,140315,17,162145
3668,0.00251,172.31.36.0-255,66,140381,17,162145
3669,0.002574,172.31.36.0-255,66,140447,17,162145
3670,0.002603,172.217.194.0-255,766,141213,17,162145
3671,0.002616,172.31.36.0-255,66,141279,17,162145
3672,0.00265,172.31.36.0-255,66,141345,17,162145
3673,0.002653,172.217.194.0-255,1484,142829,17,162145
3674,0.00268,172.31.36.0-255,66,142895,17,162145
3675,0.002684,172.217.194.0-255,2902,145797,17,162145
3676,0.002686,172.31.36.0-255,66,145863,17,162145
3677,0.005263,172.217.194.0-255,5738,151601,17,162145
3678,0.00527,172.31.36.0-255,66,151667,17,162145
3679,0.007834,172.217.194.0-255,5738,157405,17,162145
3680,0.007841,172.31.36.0-255,66,157471,17,162145
3681,0.010397,172.217.194.0-255,166,157637,17,162145
3682,0.010528,172.31.36.0-255,66,157703,17,162145
3683,0.010557,172.31.36.0-255,105,157808,17,162145
3684,0.013106,172.217.194.0-255,66,157874,17,162145
3685,0.0313,172.31.36.0-255,171,158045,17,162145
3686,0.03133,172.31.36.0-255,1141,159186,17,162145
3687,0.031377,172.31.36.0-255,1514,160700,17,162145
3688,0.031379,172.31.36.0-255,1247,161947,17,162145
3689,0.032839,104.244.42.0-255,66,162013,17,162145
3690,0.032918,104.244.42.0-255,66,162079,17,162145
3691,0.03292,104.244.42.0-255,66,162145,17,162145
3692,0.0,74.125.130.0-255,155,155,17,375810
3693,2.2e-05,172.31.36.0-255,66,221,17,375810
3694,2.9e-05,74.125.130.0-255,1484,1705,17,375810
3695,3.3e-05,172.31.36.0-255,66,1771,17,375810
3696,4e-05,74.125.130.0-255,2902,4673,17,375810
3697,5.5e-05,172.31.36.0-255,66,4739,17,375810
3698,6.1e-05,74.125.130.0-255,4320,9059,17,375810
3699,6.4e-05,172.31.36.0-255,66,9125,17,375810
3700,0.000102,74.125.130.0-255,1484,10609,17,375810
3701,0.000105,172.31.36.0-255,66,10675,17,375810
3702,0.000109,74.125.130.0-255,1484,12159,17,375810
3703,0.000111,172.31.36.0-255,66,12225,17,375810
3704,0.000116,74.125.130.0-255,2082,14307,17,375810
3705,0.000119,172.31.36.0-255,66,14373,17,375810
3706,0.000121,74.125.130.0-255,1484,15857,17,375810
3707,0.000123,172.31.36.0-255,66,15923,17,375810
3708,0.000178,74.125.130.0-255,1484,17407,17,375810
3709,0.000181,172.31.36.0-255,66,17473,17,375810
3710,0.000202,74.125.130.0-255,2902,20375,17,375810
3711,0.000204,172.31.36.0-255,66,20441,17,375810
3712,0.000229,74.125.130.0-255,4320,24761,17,375810
3713,0.000232,172.31.36.0-255,66,24827,17,375810
3714,0.000252,74.125.130.0-255,5738,30565,17,375810
3715,0.000255,172.31.36.0-255,66,30631,17,375810
3716,0.000283,172.31.36.0-255,66,30697,17,375810
3717,0.000335,74.125.130.0-255,4320,35017,17,375810
3718,0.000338,172.31.36.0-255,66,35083,17,375810
3719,0.00037,74.125.130.0-255,2902,37985,17,375810
3720,0.000373,172.31.36.0-255,66,38051,17,375810
3721,0.000378,74.125.130.0-255,2184,40235,17,375810
3722,0.00038,172.31.36.0-255,66,40301,17,375810
3723,0.000586,74.125.130.0-255,1484,41785,17,375810
3724,0.000623,74.125.130.0-255,1484,43269,17,375810
3725,0.000626,172.31.36.0-255,66,43335,17,375810
3726,0.00064,74.125.130.0-255,1484,44819,17,375810
3727,0.000657,74.125.130.0-255,1484,46303,17,375810
3728,0.000659,172.31.36.0-255,66,46369,17,375810
3729,0.000663,74.125.130.0-255,2902,49271,17,375810
3730,0.000666,172.31.36.0-255,66,49337,17,375810
3731,0.000683,74.125.130.0-255,2902,52239,17,375810
3732,0.00069,172.31.36.0-255,66,52305,17,375810
3733,0.000727,74.125.130.0-255,4320,56625,17,375810
3734,0.00073,172.31.36.0-255,66,56691,17,375810
3735,0.000756,74.125.130.0-255,1439,58130,17,375810
3736,0.00106,74.125.130.0-255,1484,59614,17,375810
3737,0.001065,172.31.36.0-255,66,59680,17,375810
3738,0.001071,74.125.130.0-255,2902,62582,17,375810
3739,0.001073,172.31.36.0-255,66,62648,17,375810
3740,0.001108,74.125.130.0-255,5738,68386,17,375810
3741,0.001111,172.31.36.0-255,66,68452,17,375810
3742,0.001156,172.31.36.0-255,66,68518,17,375810
3743,0.001182,74.125.130.0-255,2902,71420,17,375810
3744,0.001185,172.31.36.0-255,66,71486,17,375810
3745,0.001197,172.31.36.0-255,66,71552,17,375810
3746,0.0013,74.125.130.0-255,1484,73036,17,375810
3747,0.001304,74.125.130.0-255,1484,74520,17,375810
3748,0.001307,172.31.36.0-255,66,74586,17,375810
3749,0.001335,74.125.130.0-255,1484,76070,17,375810
3750,0.00134,74.125.130.0-255,2902,78972,17,375810
3751,0.001343,172.31.36.0-255,66,79038,17,375810
3752,0.001348,74.125.130.0-255,2902,81940,17,375810
3753,0.00135,172.31.36.0-255,66,82006,17,375810
3754,0.001373,74.125.130.0-255,4320,86326,17,375810
3755,0.001375,172.31.36.0-255,66,86392,17,375810
3756,0.001411,74.125.130.0-255,5738,92130,17,375810
3757,0.001414,172.31.36.0-255,66,92196,17,375810
3758,0.001445,74.125.130.0-255,5738,97934,17,375810
3759,0.001449,172.31.36.0-255,66,98000,17,375810
3760,0.001459,172.31.36.0-255,66,98066,17,375810
3761,0.001683,74.125.130.0-255,1484,99550,17,375810
3762,0.001697,74.125.130.0-255,2902,102452,17,375810
3763,0.0017,172.31.36.0-255,66,102518,17,375810
3764,0.001732,74.125.130.0-255,5738,108256,17,375810
3765,0.001736,172.31.36.0-255,66,108322,17,375810
3766,0.001742,74.125.130.0-255,5738,114060,17,375810
3767,0.001744,172.31.36.0-255,66,114126,17,375810
3768,0.00178,74.125.130.0-255,7156,121282,17,375810
3769,0.001786,172.31.36.0-255,66,121348,17,375810
3770,0.001802,74.125.130.0-255,2902,124250,17,375810
3771,0.001805,172.31.36.0-255,66,124316,17,375810
3772,0.001838,172.31.36.0-255,66,124382,17,375810
3773,0.003779,74.125.130.0-255,5738,130120,17,375810
3774,0.003787,172.31.36.0-255,66,130186,17,375810
3775,0.005746,74.125.130.0-255,5738,135924,17,375810
3776,0.005751,172.31.36.0-255,66,135990,17,375810
3777,0.007691,74.125.130.0-255,5738,141728,17,375810
3778,0.007694,172.31.36.0-255,66,141794,17,375810
3779,0.009644,74.125.130.0-255,5738,147532,17,375810
3780,0.009652,172.31.36.0-255,66,147598,17,375810
3781,0.011661,74.125.130.0-255,5738,153336,17,375810
3782,0.01167,172.31.36.0-255,66,153402,17,375810
3783,0.013615,74.125.130.0-255,5738,159140,17,375810
3784,0.013622,172.31.36.0-255,66,159206,17,375810
3785,0.015564,74.125.130.0-255,5738,164944,17,375810
3786,0.015572,172.31.36.0-255,66,165010,17,375810
3787,0.01752,74.125.130.0-255,5738,170748,17,375810
3788,0.017529,172.31.36.0-255,66,170814,17,375810
3789,0.019483,74.125.130.0-255,5738,176552,17,375810
3790,0.019491,172.31.36.0-255,66,176618,17,375810
3791,0.021447,74.125.130.0-255,5738,182356,17,375810
3792,0.021455,172.31.36.0-255,66,182422,17,375810
3793,0.023408,74.125.130.0-255,5738,188160,17,375810
3794,0.023414,172.31.36.0-255,66,188226,17,375810
3795,0.02381,172.31.36.0-255,164,188390,17,375810
3796,0.023843,172.31.36.0-255,1125,189515,17,375810
3797,0.023904,172.31.36.0-255,1514,191029,17,375810
3798,0.023906,172.31.36.0-255,309,191338,17,375810
3799,0.025359,104.244.42.0-255,66,191404,17,375810
3800,0.025373,104.244.42.0-255,66,191470,17,375810
3801,0.025387,74.125.130.0-255,5738,197208,17,375810
3802,0.025392,172.31.36.0-255,66,197274,17,375810
3803,0.025436,104.244.42.0-255,66,197340,17,375810
3804,0.027331,74.125.130.0-255,5738,203078,17,375810
3805,0.027338,172.31.36.0-255,66,203144,17,375810
3806,0.029293,74.125.130.0-255,5738,208882,17,375810
3807,0.0293,172.31.36.0-255,66,208948,17,375810
3808,0.031256,74.125.130.0-255,5738,214686,17,375810
3809,0.031266,172.31.36.0-255,66,214752,17,375810
3810,0.033222,74.125.130.0-255,5738,220490,17,375810
3811,0.033229,172.31.36.0-255,66,220556,17,375810
3812,0.035193,74.125.130.0-255,5738,226294,17,375810
3813,0.035199,172.31.36.0-255,66,226360,17,375810
3814,0.03714,74.125.130.0-255,5738,232098,17,375810
3815,0.037147,172.31.36.0-255,66,232164,17,375810
3816,0.039096,74.125.130.0-255,5738,237902,17,375810
3817,0.039103,172.31.36.0-255,66,237968,17,375810
3818,0.041065,74.125.130.0-255,5738,243706,17,375810
3819,0.041074,172.31.36.0-255,66,243772,17,375810
3820,0.043026,74.125.130.0-255,5738,249510,17,375810
3821,0.043032,172.31.36.0-255,66,249576,17,375810
3822,0.044986,74.125.130.0-255,5738,255314,17,375810
3823,0.044992,172.31.36.0-255,66,255380,17,375810
3824,0.046948,74.125.130.0-255,5738,261118,17,375810
3825,0.046953,172.31.36.0-255,66,261184,17,375810
3826,0.048943,74.125.130.0-255,5738,266922,17,375810
3827,0.04895,172.31.36.0-255,66,266988,17,375810
3828,0.050911,74.125.130.0-255,5738,272726,17,375810
3829,0.050918,172.31.36.0-255,66,272792,17,375810
3830,0.052872,74.125.130.0-255,5738,278530,17,375810
3831,0.052878,172.31.36.0-255,66,278596,17,375810
3832,0.054835,74.125.130.0-255,5738,284334,17,375810
3833,0.054842,172.31.36.0-255,66,284400,17,375810
3834,0.056799,74.125.130.0-255,5738,290138,17,375810
3835,0.056806,172.31.36.0-255,66,290204,17,375810
3836,0.058764,74.125.130.0-255,5738,295942,17,375810
3837,0.058771,172.31.36.0-255,66,296008,17,375810
3838,0.060731,74.125.130.0-255,5738,301746,17,375810
3839,0.060737,172.31.36.0-255,66,301812,17,375810
3840,0.062706,74.125.130.0-255,5738,307550,17,375810
3841,0.062712,172.31.36.0-255,66,307616,17,375810
3842,0.064676,74.125.130.0-255,5738,313354,17,375810
3843,0.064681,172.31.36.0-255,66,313420,17,375810
3844,0.066626,74.125.130.0-255,5738,319158,17,375810
3845,0.066632,172.31.36.0-255,66,319224,17,375810
3846,0.068595,74.125.130.0-255,5738,324962,17,375810
3847,0.068602,172.31.36.0-255,66,325028,17,375810
3848,0.070552,74.125.130.0-255,5738,330766,17,375810
3849,0.070559,172.31.36.0-255,66,330832,17,375810
3850,0.07252,74.125.130.0-255,5738,336570,17,375810
3851,0.072527,172.31.36.0-255,66,336636,17,375810
3852,0.07448,74.125.130.0-255,5738,342374,17,375810
3853,0.074486,172.31.36.0-255,66,342440,17,375810
3854,0.076447,74.125.130.0-255,5738,348178,17,375810
3855,0.076454,172.31.36.0-255,66,348244,17,375810
3856,0.078411,74.125.130.0-255,5738,353982,17,375810
3857,0.078416,172.31.36.0-255,66,354048,17,375810
3858,0.080368,74.125.130.0-255,5738,359786,17,375810
3859,0.080374,172.31.36.0-255,66,359852,17,375810
3860,0.082322,74.125.130.0-255,5738,365590,17,375810
3861,0.082328,172.31.36.0-255,66,365656,17,375810
3862,0.084295,74.125.130.0-255,5738,371394,17,375810
3863,0.084303,172.31.36.0-255,66,371460,17,375810
3864,0.086256,74.125.130.0-255,4113,375573,17,375810
3865,0.086261,172.31.36.0-255,66,375639,17,375810
3866,0.086418,172.31.36.0-255,105,375744,17,375810
3867,0.088334,74.125.130.0-255,66,375810,17,375810
3868,0.0,172.217.160.0-255,154,154,17,336838
3869,1.7e-05,172.31.36.0-255,66,220,17,336838
3870,2.4e-05,172.217.160.0-255,1484,1704,17,336838
3871,2.9e-05,172.31.36.0-255,66,1770,17,336838
3872,3.6e-05,172.217.160.0-255,2902,4672,17,336838
3873,4.8e-05,172.31.36.0-255,66,4738,17,336838
3874,5.6e-05,172.217.160.0-255,7156,11894,17,336838
3875,6e-05,172.31.36.0-255,66,11960,17,336838
3876,6.4e-05,172.217.160.0-255,1980,13940,17,336838
3877,6.6e-05,172.31.36.0-255,66,14006,17,336838
3878,0.000119,172.217.160.0-255,5738,19744,17,336838
3879,0.000123,172.31.36.0-255,66,19810,17,336838
3880,0.000152,172.217.160.0-255,7156,26966,17,336838
3881,0.000155,172.31.36.0-255,66,27032,17,336838
3882,0.000185,172.217.160.0-255,3961,30993,17,336838
3883,0.000188,172.31.36.0-255,66,31059,17,336838
3884,0.000213,172.217.160.0-255,1484,32543,17,336838
3885,0.000216,172.31.36.0-255,66,32609,17,336838
3886,0.000244,172.217.160.0-255,2902,35511,17,336838
3887,0.000246,172.31.36.0-255,66,35577,17,336838
3888,0.000251,172.217.160.0-255,4320,39897,17,336838
3889,0.000254,172.31.36.0-255,66,39963,17,336838
3890,0.00027,172.217.160.0-255,1484,41447,17,336838
3891,0.000273,172.31.36.0-255,66,41513,17,336838
3892,0.000303,172.217.160.0-255,6797,48310,17,336838
3893,0.000306,172.31.36.0-255,66,48376,17,336838
3894,0.00032,172.31.36.0-255,66,48442,17,336838
3895,0.000325,172.217.160.0-255,2902,51344,17,336838
3896,0.000327,172.31.36.0-255,66,51410,17,336838
3897,0.000334,172.217.160.0-255,5379,56789,17,336838
3898,0.000336,172.31.36.0-255,66,56855,17,336838
3899,0.000359,172.217.160.0-255,332,57187,17,336838
3900,0.001068,172.217.160.0-255,124,57311,17,336838
3901,0.001154,172.217.160.0-255,1484,58795,17,336838
3902,0.001159,172.217.160.0-255,2902,61697,17,336838
3903,0.001162,172.31.36.0-255,66,61763,17,336838
3904,0.001172,172.31.36.0-255,66,61829,17,336838
3905,0.001195,172.217.160.0-255,5738,67567,17,336838
3906,0.001198,172.31.36.0-255,66,67633,17,336838
3907,0.001206,172.217.160.0-255,1484,69117,17,336838
3908,0.00126,172.217.160.0-255,7156,76273,17,336838
3909,0.001263,172.31.36.0-255,66,76339,17,336838
3910,0.001298,172.217.160.0-255,2543,78882,17,336838
3911,0.001301,172.31.36.0-255,66,78948,17,336838
3912,0.001318,172.31.36.0-255,66,79014,17,336838
3913,0.001322,172.217.160.0-255,2543,81557,17,336838
3914,0.001324,172.31.36.0-255,66,81623,17,336838
3915,0.001456,172.217.160.0-255,1484,83107,17,336838
3916,0.001461,172.217.160.0-255,1484,84591,17,336838
3917,0.001464,172.31.36.0-255,66,84657,17,336838
3918,0.001483,172.217.160.0-255,1484,86141,17,336838
3919,0.001489,172.217.160.0-255,5738,91879,17,336838
3920,0.001491,172.31.36.0-255,66,91945,17,336838
3921,0.001503,172.31.36.0-255,66,92011,17,336838
3922,0.001533,172.217.160.0-255,4320,96331,17,336838
3923,0.001536,172.31.36.0-255,66,96397,17,336838
3924,0.001543,172.217.160.0-255,7156,103553,17,336838
3925,0.001544,172.31.36.0-255,66,103619,17,336838
3926,0.001582,172.217.160.0-255,3602,107221,17,336838
3927,0.001585,172.31.36.0-255,66,107287,17,336838
3928,0.00159,172.217.160.0-255,4320,111607,17,336838
3929,0.001592,172.31.36.0-255,66,111673,17,336838
3930,0.001609,172.31.36.0-255,66,111739,17,336838
3931,0.001658,172.31.36.0-255,66,111805,17,336838
3932,0.001718,172.217.160.0-255,5020,116825,17,336838
3933,0.00172,172.31.36.0-255,66,116891,17,336838
3934,0.001746,172.217.160.0-255,1484,118375,17,336838
3935,0.00175,172.217.160.0-255,2902,121277,17,336838
3936,0.001755,172.217.160.0-255,4320,125597,17,336838
3937,0.001763,172.31.36.0-255,66,125663,17,336838
3938,0.001767,172.31.36.0-255,66,125729,17,336838
3939,0.00177,172.217.160.0-255,1484,127213,17,336838
3940,0.001814,172.31.36.0-255,66,127279,17,336838
3941,0.001832,172.31.36.0-255,66,127345,17,336838
3942,0.001898,172.217.160.0-255,1484,128829,17,336838
3943,0.001904,172.217.160.0-255,2902,131731,17,336838
3944,0.001906,172.31.36.0-255,66,131797,17,336838
3945,0.001936,172.217.160.0-255,5738,137535,17,336838
3946,0.001939,172.31.36.0-255,66,137601,17,336838
3947,0.001946,172.217.160.0-255,5738,143339,17,336838
3948,0.001949,172.31.36.0-255,66,143405,17,336838
3949,0.001983,172.217.160.0-255,7156,150561,17,336838
3950,0.001986,172.31.36.0-255,66,150627,17,336838
3951,0.001998,172.31.36.0-255,66,150693,17,336838
3952,0.003939,172.217.160.0-255,5738,156431,17,336838
3953,0.003946,172.31.36.0-255,66,156497,17,336838
3954,0.005872,172.217.160.0-255,4320,160817,17,336838
3955,0.005876,172.31.36.0-255,66,160883,17,336838
3956,0.0059,172.217.160.0-255,1484,162367,17,336838
3957,0.007805,172.217.160.0-255,4320,166687,17,336838
3958,0.007808,172.31.36.0-255,66,166753,17,336838
3959,0.009751,172.217.160.0-255,5738,172491,17,336838
3960,0.009758,172.31.36.0-255,66,172557,17,336838
3961,0.011692,172.217.160.0-255,5738,178295,17,336838
3962,0.0117,172.31.36.0-255,66,178361,17,336838
3963,0.013647,172.217.160.0-255,5738,184099,17,336838
3964,0.013659,172.31.36.0-255,66,184165,17,336838
3965,0.015614,172.217.160.0-255,5738,189903,17,336838
3966,0.015628,172.31.36.0-255,66,189969,17,336838
3967,0.017585,172.217.160.0-255,5738,195707,17,336838
3968,0.017602,172.31.36.0-255,66,195773,17,336838
3969,0.019575,172.217.160.0-255,5738,201511,17,336838
3970,0.019588,172.31.36.0-255,66,201577,17,336838
3971,0.021539,172.217.160.0-255,5738,207315,17,336838
3972,0.021553,172.31.36.0-255,66,207381,17,336838
3973,0.023516,172.217.160.0-255,5738,213119,17,336838
3974,0.023531,172.31.36.0-255,66,213185,17,336838
3975,0.025482,172.217.160.0-255,5738,218923,17,336838
3976,0.025492,172.31.36.0-255,66,218989,17,336838
3977,0.027442,172.217.160.0-255,5738,224727,17,336838
3978,0.027451,172.31.36.0-255,66,224793,17,336838
3979,0.029417,172.217.160.0-255,5738,230531,17,336838
3980,0.029425,172.31.36.0-255,66,230597,17,336838
3981,0.031368,172.217.160.0-255,5738,236335,17,336838
3982,0.031377,172.31.36.0-255,66,236401,17,336838
3983,0.03332,172.217.160.0-255,5738,242139,17,336838
3984,0.033328,172.31.36.0-255,66,242205,17,336838
3985,0.035278,172.217.160.0-255,5738,247943,17,336838
3986,0.035287,172.31.36.0-255,66,248009,17,336838
3987,0.037232,172.217.160.0-255,5738,253747,17,336838
3988,0.037241,172.31.36.0-255,66,253813,17,336838
3989,0.039192,172.217.160.0-255,2902,256715,17,336838
3990,0.0392,172.31.36.0-255,66,256781,17,336838
3991,0.03923,172.217.160.0-255,2902,259683,17,336838
3992,0.039233,172.31.36.0-255,66,259749,17,336838
3993,0.040889,172.31.36.0-255,172,259921,17,336838
3994,0.040922,172.31.36.0-255,1117,261038,17,336838
3995,0.040985,172.31.36.0-255,1514,262552,17,336838
3996,0.040987,172.31.36.0-255,1271,263823,17,336838
3997,0.041136,172.217.160.0-255,2902,266725,17,336838
3998,0.041143,172.31.36.0-255,66,266791,17,336838
3999,0.041175,172.217.160.0-255,2902,269693,17,336838
4000,0.041178,172.31.36.0-255,66,269759,17,336838
4001,0.042479,104.244.42.0-255,66,269825,17,336838
4002,0.042678,104.244.42.0-255,66,269891,17,336838
4003,0.042682,104.244.42.0-255,66,269957,17,336838
4004,0.043093,172.217.160.0-255,4320,274277,17,336838
4005,0.0431,172.31.36.0-255,66,274343,17,336838
4006,0.043127,172.217.160.0-255,1484,275827,17,336838
4007,0.045041,172.217.160.0-255,4320,280147,17,336838
4008,0.045048,172.31.36.0-255,66,280213,17,336838
4009,0.046992,172.217.160.0-255,5738,285951,17,336838
4010,0.046998,172.31.36.0-255,66,286017,17,336838
4011,0.048995,172.217.160.0-255,5738,291755,17,336838
4012,0.049002,172.31.36.0-255,66,291821,17,336838
4013,0.05095,172.217.160.0-255,5738,297559,17,336838
4014,0.050957,172.31.36.0-255,66,297625,17,336838
4015,0.0529,172.217.160.0-255,5738,303363,17,336838
4016,0.052907,172.31.36.0-255,66,303429,17,336838
4017,0.054843,172.217.160.0-255,5738,309167,17,336838
4018,0.05485,172.31.36.0-255,66,309233,17,336838
4019,0.056843,172.217.160.0-255,5738,314971,17,336838
4020,0.056849,172.31.36.0-255,66,315037,17,336838
4021,0.058805,172.217.160.0-255,5738,320775,17,336838
4022,0.058812,172.31.36.0-255,66,320841,17,336838
4023,0.060742,172.217.160.0-255,5738,326579,17,336838
4024,0.060749,172.31.36.0-255,66,326645,17,336838
4025,0.06271,172.217.160.0-255,5738,332383,17,336838
4026,0.062717,172.31.36.0-255,66,332449,17,336838
4027,0.064676,172.217.160.0-255,3627,336076,17,336838
4028,0.064683,172.31.36.0-255,66,336142,17,336838
4029,0.06489,172.31.36.0-255,105,336247,17,336838
4030,0.064926,172.31.36.0-255,105,336352,17,336838
4031,0.06516,172.31.36.0-255,90,336442,17,336838
4032,0.06517,172.31.36.0-255,66,336508,17,336838
4033,0.066809,172.217.160.0-255,66,336574,17,336838
4034,0.066839,172.217.160.0-255,66,336640,17,336838
4035,0.067064,172.217.160.0-255,66,336706,17,336838
4036,0.067078,172.217.160.0-255,66,336772,17,336838
4037,0.067091,172.31.36.0-255,66,336838,17,336838
4038,0.0,172.217.194.0-255,153,153,17,302827
4039,2.3e-05,172.31.36.0-255,66,219,17,302827
4040,3e-05,172.217.194.0-255,1484,1703,17,302827
4041,3.4e-05,172.31.36.0-255,66,1769,17,302827
4042,4e-05,172.217.194.0-255,2902,4671,17,302827
4043,4.3e-05,172.31.36.0-255,66,4737,17,302827
4044,6e-05,172.217.194.0-255,7156,11893,17,302827
4045,6.4e-05,172.31.36.0-255,66,11959,17,302827
4046,6.8e-05,172.217.194.0-255,1982,13941,17,302827
4047,7.2e-05,172.31.36.0-255,66,14007,17,302827
4048,0.000129,172.217.194.0-255,1484,15491,17,302827
4049,0.000133,172.31.36.0-255,66,15557,17,302827
4050,0.000138,172.217.194.0-255,2902,18459,17,302827
4051,0.000141,172.31.36.0-255,66,18525,17,302827
4052,0.000145,172.217.194.0-255,2902,21427,17,302827
4053,0.000154,172.31.36.0-255,66,21493,17,302827
4054,0.000182,172.217.194.0-255,2902,24395,17,302827
4055,0.000184,172.31.36.0-255,66,24461,17,302827
4056,0.000189,172.217.194.0-255,2902,27363,17,302827
4057,0.000192,172.31.36.0-255,66,27429,17,302827
4058,0.000212,172.217.194.0-255,3961,31390,17,302827
4059,0.000219,172.31.36.0-255,66,31456,17,302827
4060,0.000224,172.217.194.0-255,2902,34358,17,302827
4061,0.000226,172.31.36.0-255,66,34424,17,302827
4062,0.000261,172.217.194.0-255,4320,38744,17,302827
4063,0.000264,172.31.36.0-255,66,38810,17,302827
4064,0.000276,172.31.36.0-255,66,38876,17,302827
4065,0.001746,172.217.194.0-255,1484,40360,17,302827
4066,0.001753,172.31.36.0-255,66,40426,17,302827
4067,0.001764,172.217.194.0-255,2902,43328,17,302827
4068,0.001771,172.31.36.0-255,66,43394,17,302827
4069,0.001778,172.217.194.0-255,5738,49132,17,302827
4070,0.001781,172.31.36.0-255,66,49198,17,302827
4071,0.001819,172.31.36.0-255,66,49264,17,302827
4072,0.00185,172.31.36.0-255,66,49330,17,302827
4073,0.001855,172.217.194.0-255,4320,53650,17,302827
4074,0.001857,172.31.36.0-255,66,53716,17,302827
4075,0.001893,172.31.36.0-255,66,53782,17,302827
4076,0.001918,172.217.194.0-255,1484,55266,17,302827
4077,0.001927,172.217.194.0-255,6438,61704,17,302827
4078,0.00193,172.31.36.0-255,66,61770,17,302827
4079,0.004267,172.217.194.0-255,5738,67508,17,302827
4080,0.004272,172.31.36.0-255,66,67574,17,302827
4081,0.006568,172.217.194.0-255,5738,73312,17,302827
4082,0.006577,172.31.36.0-255,66,73378,17,302827
4083,0.008893,172.217.194.0-255,5738,79116,17,302827
4084,0.008902,172.31.36.0-255,66,79182,17,302827
4085,0.011221,172.217.194.0-255,5738,84920,17,302827
4086,0.011231,172.31.36.0-255,66,84986,17,302827
4087,0.013567,172.217.194.0-255,5738,90724,17,302827
4088,0.013576,172.31.36.0-255,66,90790,17,302827
4089,0.015924,172.217.194.0-255,5738,96528,17,302827
4090,0.015938,172.31.36.0-255,66,96594,17,302827
4091,0.018263,172.217.194.0-255,5738,102332,17,302827
4092,0.018274,172.31.36.0-255,66,102398,17,302827
4093,0.020578,172.217.194.0-255,5738,108136,17,302827
4094,0.020586,172.31.36.0-255,66,108202,17,302827
4095,0.022897,172.217.194.0-255,5738,113940,17,302827
4096,0.022905,172.31.36.0-255,66,114006,17,302827
4097,0.02523,172.217.194.0-255,5738,119744,17,302827
4098,0.02524,172.31.36.0-255,66,119810,17,302827
4099,0.027558,172.217.194.0-255,5738,125548,17,302827
4100,0.027567,172.31.36.0-255,66,125614,17,302827
4101,0.029088,172.31.36.0-255,171,125785,17,302827
4102,0.029119,172.31.36.0-255,1141,126926,17,302827
4103,0.029183,172.31.36.0-255,1514,128440,17,302827
4104,0.029185,172.31.36.0-255,1247,129687,17,302827
4105,0.029872,172.217.194.0-255,5738,135425,17,302827
4106,0.029879,172.31.36.0-255,66,135491,17,302827
4107,0.030632,104.244.42.0-255,66,135557,17,302827
4108,0.030685,104.244.42.0-255,66,135623,17,302827
4109,0.030745,104.244.42.0-255,66,135689,17,302827
4110,0.032192,172.217.194.0-255,4320,140009,17,302827
4111,0.0322,172.31.36.0-255,66,140075,17,302827
4112,0.032229,172.217.194.0-255,1484,141559,17,302827
4113,0.032291,104.244.42.0-255,108,141667,17,302827
4114,0.032296,172.31.36.0-255,66,141733,17,302827
4115,0.034515,172.217.194.0-255,4320,146053,17,302827
4116,0.034524,172.31.36.0-255,66,146119,17,302827
4117,0.036832,172.217.194.0-255,5738,151857,17,302827
4118,0.036839,172.31.36.0-255,66,151923,17,302827
4119,0.039215,172.217.194.0-255,5738,157661,17,302827
4120,0.039224,172.31.36.0-255,66,157727,17,302827
4121,0.041527,172.217.194.0-255,5738,163465,17,302827
4122,0.041535,172.31.36.0-255,66,163531,17,302827
4123,0.043863,172.217.194.0-255,5738,169269,17,302827
4124,0.043871,172.31.36.0-255,66,169335,17,302827
4125,0.046182,172.217.194.0-255,5738,175073,17,302827
4126,0.046191,172.31.36.0-255,66,175139,17,302827
4127,0.048525,172.217.194.0-255,5738,180877,17,302827
4128,0.048534,172.31.36.0-255,66,180943,17,302827
4129,0.05085,172.217.194.0-255,5738,186681,17,302827
4130,0.050857,172.31.36.0-255,66,186747,17,302827
4131,0.053173,172.217.194.0-255,5738,192485,17,302827
4132,0.05318,172.31.36.0-255,66,192551,17,302827
4133,0.055506,172.217.194.0-255,5738,198289,17,302827
4134,0.055516,172.31.36.0-255,66,198355,17,302827
4135,0.057836,172.217.194.0-255,5738,204093,17,302827
4136,0.057843,172.31.36.0-255,66,204159,17,302827
4137,0.060175,172.217.194.0-255,5738,209897,17,302827
4138,0.060187,172.31.36.0-255,66,209963,17,302827
4139,0.062543,172.217.194.0-255,5738,215701,17,302827
4140,0.062557,172.31.36.0-255,66,215767,17,302827
4141,0.064904,172.217.194.0-255,5738,221505,17,302827
4142,0.064919,172.31.36.0-255,66,221571,17,302827
4143,0.06724,172.217.194.0-255,5738,227309,17,302827
4144,0.067256,172.31.36.0-255,66,227375,17,302827
4145,0.069672,172.217.194.0-255,5738,233113,17,302827
4146,0.069686,172.31.36.0-255,66,233179,17,302827
4147,0.072033,172.217.194.0-255,5738,238917,17,302827
4148,0.07205,172.31.36.0-255,66,238983,17,302827
4149,0.074398,172.217.194.0-255,5738,244721,17,302827
4150,0.074415,172.31.36.0-255,66,244787,17,302827
4151,0.076725,172.217.194.0-255,5738,250525,17,302827
4152,0.076737,172.31.36.0-255,66,250591,17,302827
4153,0.079079,172.217.194.0-255,5738,256329,17,302827
4154,0.079093,172.31.36.0-255,66,256395,17,302827
4155,0.081411,172.217.194.0-255,5738,262133,17,302827
4156,0.08142,172.31.36.0-255,66,262199,17,302827
4157,0.083747,172.217.194.0-255,5738,267937,17,302827
4158,0.083761,172.31.36.0-255,66,268003,17,302827
4159,0.086091,172.217.194.0-255,5738,273741,17,302827
4160,0.086101,172.31.36.0-255,66,273807,17,302827
4161,0.0884,172.217.194.0-255,5738,279545,17,302827
4162,0.088409,172.31.36.0-255,66,279611,17,302827
4163,0.090763,172.217.194.0-255,5738,285349,17,302827
4164,0.090773,172.31.36.0-255,66,285415,17,302827
4165,0.093088,172.217.194.0-255,5738,291153,17,302827
4166,0.093098,172.31.36.0-255,66,291219,17,302827
4167,0.095442,172.217.194.0-255,5738,296957,17,302827
4168,0.095454,172.31.36.0-255,66,297023,17,302827
4169,0.097758,172.217.194.0-255,5738,302761,17,302827
4170,0.097767,172.31.36.0-255,66,302827,17,302827
4171,0.0,74.125.200.0-255,152,152,17,313977
4172,1.7e-05,172.31.36.0-255,66,218,17,313977
4173,2.4e-05,74.125.200.0-255,1484,1702,17,313977
4174,2.8e-05,172.31.36.0-255,66,1768,17,313977
4175,3.1e-05,74.125.200.0-255,1484,3252,17,313977
4176,3.3e-05,172.31.36.0-255,66,3318,17,313977
4177,4.7e-05,74.125.200.0-255,2902,6220,17,313977
4178,5e-05,172.31.36.0-255,66,6286,17,313977
4179,5.7e-05,74.125.200.0-255,5738,12024,17,313977
4180,6e-05,172.31.36.0-255,66,12090,17,313977
4181,6.4e-05,74.125.200.0-255,2075,14165,17,313977
4182,6.7e-05,172.31.36.0-255,66,14231,17,313977
4183,0.000113,74.125.200.0-255,2902,17133,17,313977
4184,0.000117,172.31.36.0-255,66,17199,17,313977
4185,0.000121,74.125.200.0-255,1484,18683,17,313977
4186,0.000123,172.31.36.0-255,66,18749,17,313977
4187,0.00013,74.125.200.0-255,5738,24487,17,313977
4188,0.000133,172.31.36.0-255,66,24553,17,313977
4189,0.00018,74.125.200.0-255,6797,31350,17,313977
4190,0.000183,172.31.36.0-255,66,31416,17,313977
4191,0.000223,74.125.200.0-255,2902,34318,17,313977
4192,0.000226,172.31.36.0-255,66,34384,17,313977
4193,0.000231,74.125.200.0-255,4320,38704,17,313977
4194,0.000234,172.31.36.0-255,66,38770,17,313977
4195,0.000253,74.125.200.0-255,4320,43090,17,313977
4196,0.000256,172.31.36.0-255,66,43156,17,313977
4197,0.000286,74.125.200.0-255,4320,47476,17,313977
4198,0.000289,172.31.36.0-255,66,47542,17,313977
4199,0.000292,74.125.200.0-255,1125,48667,17,313977
4200,0.000294,172.31.36.0-255,66,48733,17,313977
4201,0.000327,74.125.200.0-255,1484,50217,17,313977
4202,0.000329,172.31.36.0-255,66,50283,17,313977
4203,0.000358,74.125.200.0-255,2902,53185,17,313977
4204,0.000361,172.31.36.0-255,66,53251,17,313977
4205,0.000367,74.125.200.0-255,5738,58989,17,313977
4206,0.00037,172.31.36.0-255,66,59055,17,313977
4207,0.000381,74.125.200.0-255,6797,65852,17,313977
4208,0.000384,172.31.36.0-255,66,65918,17,313977
4209,0.000411,74.125.200.0-255,711,66629,17,313977
4210,0.000583,74.125.200.0-255,1484,68113,17,313977
4211,0.000587,172.31.36.0-255,66,68179,17,313977
4212,0.000592,74.125.200.0-255,2902,71081,17,313977
4213,0.000594,172.31.36.0-255,66,71147,17,313977
4214,0.000616,74.125.200.0-255,5738,76885,17,313977
4215,0.000618,172.31.36.0-255,66,76951,17,313977
4216,0.000622,74.125.200.0-255,2902,79853,17,313977
4217,0.000624,172.31.36.0-255,66,79919,17,313977
4218,0.000632,74.125.200.0-255,3961,83880,17,313977
4219,0.000634,172.31.36.0-255,66,83946,17,313977
4220,0.000656,74.125.200.0-255,4320,88266,17,313977
4221,0.000663,172.31.36.0-255,66,88332,17,313977
4222,0.000689,74.125.200.0-255,4320,92652,17,313977
4223,0.000692,172.31.36.0-255,66,92718,17,313977
4224,0.000698,74.125.200.0-255,5738,98456,17,313977
4225,0.0007,172.31.36.0-255,66,98522,17,313977
4226,0.000721,74.125.200.0-255,2543,101065,17,313977
4227,0.000723,172.31.36.0-255,66,101131,17,313977
4228,0.001166,74.125.200.0-255,1484,102615,17,313977
4229,0.001171,74.125.200.0-255,1484,104099,17,313977
4230,0.001173,172.31.36.0-255,66,104165,17,313977
4231,0.001198,74.125.200.0-255,1484,105649,17,313977
4232,0.001204,74.125.200.0-255,5738,111387,17,313977
4233,0.001206,172.31.36.0-255,66,111453,17,313977
4234,0.001254,172.31.36.0-255,66,111519,17,313977
4235,0.001261,74.125.200.0-255,5738,117257,17,313977
4236,0.001262,172.31.36.0-255,66,117323,17,313977
4237,0.001292,74.125.200.0-255,5020,122343,17,313977
4238,0.001294,172.31.36.0-255,66,122409,17,313977
4239,0.001316,74.125.200.0-255,1484,123893,17,313977
4240,0.001335,74.125.200.0-255,4320,128213,17,313977
4241,0.001337,172.31.36.0-255,66,128279,17,313977
4242,0.001343,74.125.200.0-255,4320,132599,17,313977
4243,0.001344,172.31.36.0-255,66,132665,17,313977
4244,0.001375,74.125.200.0-255,5738,138403,17,313977
4245,0.001378,172.31.36.0-255,66,138469,17,313977
4246,0.001388,172.31.36.0-255,66,138535,17,313977
4247,0.001413,74.125.200.0-255,1484,140019,17,313977
4248,0.001417,74.125.200.0-255,4320,144339,17,313977
4249,0.001419,172.31.36.0-255,66,144405,17,313977
4250,0.001442,74.125.200.0-255,2184,146589,17,313977
4251,0.001444,172.31.36.0-255,66,146655,17,313977
4252,0.001471,74.125.200.0-255,2902,149557,17,313977
4253,0.001473,172.31.36.0-255,66,149623,17,313977
4254,0.001499,74.125.200.0-255,2902,152525,17,313977
4255,0.001501,172.31.36.0-255,66,152591,17,313977
4256,0.001506,74.125.200.0-255,4320,156911,17,313977
4257,0.001598,74.125.200.0-255,6438,163349,17,313977
4258,0.001706,74.125.200.0-255,1484,164833,17,313977
4259,0.001722,74.125.200.0-255,2902,167735,17,313977
4260,0.001727,74.125.200.0-255,2902,170637,17,313977
4261,0.001749,74.125.200.0-255,2902,173539,17,313977
4262,0.001754,74.125.200.0-255,2902,176441,17,313977
4263,0.001759,74.125.200.0-255,4320,180761,17,313977
4264,0.001806,74.125.200.0-255,7156,187917,17,313977
4265,0.001823,74.125.200.0-255,1484,189401,17,313977
4266,0.001851,74.125.200.0-255,5738,195139,17,313977
4267,0.001867,74.125.200.0-255,2184,197323,17,313977
4268,0.001902,74.125.200.0-255,4320,201643,17,313977
4269,0.001926,74.125.200.0-255,5738,207381,17,313977
4270,0.001951,74.125.200.0-255,2902,210283,17,313977
4271,0.001974,74.125.200.0-255,4320,214603,17,313977
4272,0.00201,74.125.200.0-255,7156,221759,17,313977
4273,0.002039,74.125.200.0-255,7156,228915,17,313977
4274,0.002053,74.125.200.0-255,1484,230399,17,313977
4275,0.002056,74.125.200.0-255,766,231165,17,313977
4276,0.002241,74.125.200.0-255,1484,232649,17,313977
4277,0.002249,74.125.200.0-255,2902,235551,17,313977
4278,0.002254,74.125.200.0-255,1484,237035,17,313977
4279,0.002267,74.125.200.0-255,2902,239937,17,313977
4280,0.002347,74.125.200.0-255,7156,247093,17,313977
4281,0.002359,74.125.200.0-255,766,247859,17,313977
4282,0.00247,74.125.200.0-255,1484,249343,17,313977
4283,0.002492,74.125.200.0-255,2902,252245,17,313977
4284,0.002511,74.125.200.0-255,4320,256565,17,313977
4285,0.002538,74.125.200.0-255,5738,262303,17,313977
4286,0.002555,74.125.200.0-255,5738,268041,17,313977
4287,0.002579,74.125.200.0-255,7156,275197,17,313977
4288,0.002582,74.125.200.0-255,1484,276681,17,313977
4289,0.002604,74.125.200.0-255,5020,281701,17,313977
4290,0.002642,74.125.200.0-255,4320,286021,17,313977
4291,0.002656,74.125.200.0-255,1484,287505,17,313977
4292,0.002658,74.125.200.0-255,1484,288989,17,313977
4293,0.002661,74.125.200.0-255,1484,290473,17,313977
4294,0.002674,74.125.200.0-255,2902,293375,17,313977
4295,0.002683,74.125.200.0-255,1484,294859,17,313977
4296,0.002704,74.125.200.0-255,5738,300597,17,313977
4297,0.002717,74.125.200.0-255,2902,303499,17,313977
4298,0.002832,74.125.200.0-255,4320,307819,17,313977
4299,0.002872,74.125.200.0-255,1375,309194,17,313977
4300,0.002938,74.125.200.0-255,105,309299,17,313977
4301,0.007146,172.31.36.0-255,66,309365,17,313977
4302,0.00731,172.31.36.0-255,101,309466,17,313977
4303,0.009585,74.125.200.0-255,66,309532,17,313977
4304,0.009857,172.31.36.0-255,105,309637,17,313977
4305,0.012138,74.125.200.0-255,66,309703,17,313977
4306,0.031009,172.31.36.0-255,172,309875,17,313977
4307,0.031043,172.31.36.0-255,1116,310991,17,313977
4308,0.031104,172.31.36.0-255,1514,312505,17,313977
4309,0.031106,172.31.36.0-255,1274,313779,17,313977
4310,0.032495,104.244.42.0-255,66,313845,17,313977
4311,0.032608,104.244.42.0-255,66,313911,17,313977
4312,0.032634,104.244.42.0-255,66,313977,17,313977
4313,0.0,74.125.24.0-255,153,153,17,352512
4314,3.1e-05,172.31.36.0-255,66,219,17,352512
4315,3.7e-05,74.125.24.0-255,1484,1703,17,352512
4316,4.1e-05,172.31.36.0-255,66,1769,17,352512
4317,4.6e-05,74.125.24.0-255,2902,4671,17,352512
4318,4.9e-05,172.31.36.0-255,66,4737,17,352512
4319,5.6e-05,74.125.24.0-255,7156,11893,17,352512
4320,5.9e-05,172.31.36.0-255,66,11959,17,352512
4321,6.3e-05,74.125.24.0-255,1992,13951,17,352512
4322,6.5e-05,172.31.36.0-255,66,14017,17,352512
4323,0.000156,74.125.24.0-255,1484,15501,17,352512
4324,0.000161,172.31.36.0-255,66,15567,17,352512
4325,0.000166,74.125.24.0-255,2902,18469,17,352512
4326,0.000168,172.31.36.0-255,66,18535,17,352512
4327,0.000198,74.125.24.0-255,5738,24273,17,352512
4328,0.000201,172.31.36.0-255,66,24339,17,352512
4329,0.000208,74.125.24.0-255,6797,31136,17,352512
4330,0.000211,172.31.36.0-255,66,31202,17,352512
4331,0.000236,74.125.24.0-255,7156,38358,17,352512
4332,0.000239,172.31.36.0-255,66,38424,17,352512
4333,0.000275,172.31.36.0-255,66,38490,17,352512
4334,0.001302,74.125.24.0-255,1484,39974,17,352512
4335,0.001309,172.31.36.0-255,66,40040,17,352512
4336,0.001319,74.125.24.0-255,2902,42942,17,352512
4337,0.001321,172.31.36.0-255,66,43008,17,352512
4338,0.001328,74.125.24.0-255,4320,47328,17,352512
4339,0.001331,172.31.36.0-255,66,47394,17,352512
4340,0.001354,74.125.24.0-255,1484,48878,17,352512
4341,0.001356,172.31.36.0-255,66,48944,17,352512
4342,0.001361,74.125.24.0-255,4320,53264,17,352512
4343,0.001363,172.31.36.0-255,66,53330,17,352512
4344,0.001377,74.125.24.0-255,2543,55873,17,352512
4345,0.001379,172.31.36.0-255,66,55939,17,352512
4346,0.001502,74.125.24.0-255,646,56585,17,352512
4347,0.001968,74.125.24.0-255,1484,58069,17,352512
4348,0.00197,172.31.36.0-255,66,58135,17,352512
4349,0.001986,74.125.24.0-255,2902,61037,17,352512
4350,0.001988,172.31.36.0-255,66,61103,17,352512
4351,0.002012,74.125.24.0-255,1484,62587,17,352512
4352,0.002034,74.125.24.0-255,4320,66907,17,352512
4353,0.002036,172.31.36.0-255,66,66973,17,352512
4354,0.002045,172.31.36.0-255,66,67039,17,352512
4355,0.004009,74.125.24.0-255,4320,71359,17,352512
4356,0.004014,172.31.36.0-255,66,71425,17,352512
4357,0.004031,74.125.24.0-255,1484,72909,17,352512
4358,0.005983,74.125.24.0-255,4320,77229,17,352512
4359,0.005985,172.31.36.0-255,66,77295,17,352512
4360,0.007957,74.125.24.0-255,5738,83033,17,352512
4361,0.007963,172.31.36.0-255,66,83099,17,352512
4362,0.009915,74.125.24.0-255,5738,88837,17,352512
4363,0.009923,172.31.36.0-255,66,88903,17,352512
4364,0.01188,74.125.24.0-255,5738,94641,17,352512
4365,0.011886,172.31.36.0-255,66,94707,17,352512
4366,0.013876,74.125.24.0-255,5738,100445,17,352512
4367,0.013886,172.31.36.0-255,66,100511,17,352512
4368,0.01584,74.125.24.0-255,5738,106249,17,352512
4369,0.015848,172.31.36.0-255,66,106315,17,352512
4370,0.017816,74.125.24.0-255,5738,112053,17,352512
4371,0.017823,172.31.36.0-255,66,112119,17,352512
4372,0.019804,74.125.24.0-255,5738,117857,17,352512
4373,0.01981,172.31.36.0-255,66,117923,17,352512
4374,0.021791,74.125.24.0-255,5738,123661,17,352512
4375,0.021797,172.31.36.0-255,66,123727,17,352512
4376,0.023765,74.125.24.0-255,5738,129465,17,352512
4377,0.023771,172.31.36.0-255,66,129531,17,352512
4378,0.023913,172.31.36.0-255,172,129703,17,352512
4379,0.023943,172.31.36.0-255,1116,130819,17,352512
4380,0.023985,172.31.36.0-255,1514,132333,17,352512
4381,0.023987,172.31.36.0-255,1272,133605,17,352512
4382,0.02545,104.244.42.0-255,66,133671,17,352512
4383,0.025516,104.244.42.0-255,66,133737,17,352512
4384,0.025518,104.244.42.0-255,66,133803,17,352512
4385,0.025732,74.125.24.0-255,2902,136705,17,352512
4386,0.025735,172.31.36.0-255,66,136771,17,352512
4387,0.02577,74.125.24.0-255,2902,139673,17,352512
4388,0.025774,172.31.36.0-255,66,139739,17,352512
4389,0.027689,74.125.24.0-255,2902,142641,17,352512
4390,0.027695,172.31.36.0-255,66,142707,17,352512
4391,0.027753,74.125.24.0-255,2902,145609,17,352512
4392,0.027757,172.31.36.0-255,66,145675,17,352512
4393,0.029684,74.125.24.0-255,2902,148577,17,352512
4394,0.02969,172.31.36.0-255,66,148643,17,352512
4395,0.029741,74.125.24.0-255,2902,151545,17,352512
4396,0.029745,172.31.36.0-255,66,151611,17,352512
4397,0.031673,74.125.24.0-255,2902,154513,17,352512
4398,0.031679,172.31.36.0-255,66,154579,17,352512
4399,0.031733,74.125.24.0-255,2902,157481,17,352512
4400,0.031737,172.31.36.0-255,66,157547,17,352512
4401,0.03365,74.125.24.0-255,2902,160449,17,352512
4402,0.033655,172.31.36.0-255,66,160515,17,352512
4403,0.033701,74.125.24.0-255,2902,163417,17,352512
4404,0.033704,172.31.36.0-255,66,163483,17,352512
4405,0.035613,74.125.24.0-255,2902,166385,17,352512
4406,0.035618,172.31.36.0-255,66,166451,17,352512
4407,0.035772,74.125.24.0-255,2902,169353,17,352512
4408,0.035778,172.31.36.0-255,66,169419,17,352512
4409,0.037563,74.125.24.0-255,2902,172321,17,352512
4410,0.037568,172.31.36.0-255,66,172387,17,352512
4411,0.037781,74.125.24.0-255,2902,175289,17,352512
4412,0.037786,172.31.36.0-255,66,175355,17,352512
4413,0.039515,74.125.24.0-255,2902,178257,17,352512
4414,0.039521,172.31.36.0-255,66,178323,17,352512
4415,0.039765,74.125.24.0-255,2902,181225,17,352512
4416,0.03977,172.31.36.0-255,66,181291,17,352512
4417,0.041511,74.125.24.0-255,2902,184193,17,352512
4418,0.041516,172.31.36.0-255,66,184259,17,352512
4419,0.041758,74.125.24.0-255,2902,187161,17,352512
4420,0.041764,172.31.36.0-255,66,187227,17,352512
4421,0.04348,74.125.24.0-255,2902,190129,17,352512
4422,0.043499,172.31.36.0-255,66,190195,17,352512
4423,0.043741,74.125.24.0-255,2902,193097,17,352512
4424,0.043747,172.31.36.0-255,66,193163,17,352512
4425,0.045461,74.125.24.0-255,2902,196065,17,352512
4426,0.045465,172.31.36.0-255,66,196131,17,352512
4427,0.045711,74.125.24.0-255,2902,199033,17,352512
4428,0.045717,172.31.36.0-255,66,199099,17,352512
4429,0.047424,74.125.24.0-255,2902,202001,17,352512
4430,0.047429,172.31.36.0-255,66,202067,17,352512
4431,0.047684,74.125.24.0-255,2902,204969,17,352512
4432,0.047689,172.31.36.0-255,66,205035,17,352512
4433,0.049382,74.125.24.0-255,1484,206519,17,352512
4434,0.049632,74.125.24.0-255,4320,210839,17,352512
4435,0.049638,172.31.36.0-255,66,210905,17,352512
4436,0.051629,74.125.24.0-255,4320,215225,17,352512
4437,0.051634,172.31.36.0-255,66,215291,17,352512
4438,0.051665,74.125.24.0-255,1484,216775,17,352512
4439,0.053584,74.125.24.0-255,4320,221095,17,352512
4440,0.053589,172.31.36.0-255,66,221161,17,352512
4441,0.055531,74.125.24.0-255,5738,226899,17,352512
4442,0.055536,172.31.36.0-255,66,226965,17,352512
4443,0.057638,74.125.24.0-255,5738,232703,17,352512
4444,0.057644,172.31.36.0-255,66,232769,17,352512
4445,0.05964,74.125.24.0-255,5738,238507,17,352512
4446,0.059645,172.31.36.0-255,66,238573,17,352512
4447,0.06165,74.125.24.0-255,5738,244311,17,352512
4448,0.061656,172.31.36.0-255,66,244377,17,352512
4449,0.063636,74.125.24.0-255,5738,250115,17,352512
4450,0.063644,172.31.36.0-255,66,250181,17,352512
4451,0.065603,74.125.24.0-255,5738,255919,17,352512
4452,0.065608,172.31.36.0-255,66,255985,17,352512
4453,0.067634,74.125.24.0-255,5738,261723,17,352512
4454,0.067642,172.31.36.0-255,66,261789,17,352512
4455,0.069621,74.125.24.0-255,5738,267527,17,352512
4456,0.069627,172.31.36.0-255,66,267593,17,352512
4457,0.071613,74.125.24.0-255,5738,273331,17,352512
4458,0.071618,172.31.36.0-255,66,273397,17,352512
4459,0.073605,74.125.24.0-255,5738,279135,17,352512
4460,0.07361,172.31.36.0-255,66,279201,17,352512
4461,0.075564,74.125.24.0-255,4320,283521,17,352512
4462,0.075569,172.31.36.0-255,66,283587,17,352512
4463,0.075595,74.125.24.0-255,1484,285071,17,352512
4464,0.077572,74.125.24.0-255,4320,289391,17,352512
4465,0.077578,172.31.36.0-255,66,289457,17,352512
4466,0.079595,74.125.24.0-255,5738,295195,17,352512
4467,0.0796,172.31.36.0-255,66,295261,17,352512
4468,0.081549,74.125.24.0-255,5738,300999,17,352512
4469,0.081555,172.31.36.0-255,66,301065,17,352512
4470,0.08352,74.125.24.0-255,5738,306803,17,352512
4471,0.083525,172.31.36.0-255,66,306869,17,352512
4472,0.085488,74.125.24.0-255,5738,312607,17,352512
4473,0.085493,172.31.36.0-255,66,312673,17,352512
4474,0.087482,74.125.24.0-255,4320,316993,17,352512
4475,0.087488,172.31.36.0-255,66,317059,17,352512
4476,0.087515,74.125.24.0-255,1484,318543,17,352512
4477,0.089459,74.125.24.0-255,4320,322863,17,352512
4478,0.089464,172.31.36.0-255,66,322929,17,352512
4479,0.091417,74.125.24.0-255,5738,328667,17,352512
4480,0.091422,172.31.36.0-255,66,328733,17,352512
4481,0.091552,172.31.36.0-255,101,328834,17,352512
4482,0.0934,74.125.24.0-255,5738,334572,17,352512
4483,0.093405,172.31.36.0-255,66,334638,17,352512
4484,0.093497,74.125.24.0-255,66,334704,17,352512
4485,0.095378,74.125.24.0-255,2902,337606,17,352512
4486,0.095382,172.31.36.0-255,66,337672,17,352512
4487,0.095405,74.125.24.0-255,2902,340574,17,352512
4488,0.095408,172.31.36.0-255,66,340640,17,352512
4489,0.097348,74.125.24.0-255,2902,343542,17,352512
4490,0.097353,172.31.36.0-255,66,343608,17,352512
4491,0.097398,74.125.24.0-255,2902,346510,17,352512
4492,0.097402,172.31.36.0-255,66,346576,17,352512
4493,0.099356,74.125.24.0-255,2902,349478,17,352512
4494,0.09936,172.31.36.0-255,66,349544,17,352512
4495,0.099396,74.125.24.0-255,2902,352446,17,352512
4496,0.0994,172.31.36.0-255,66,352512,17,352512
4497,0.0,74.125.24.0-255,145,145,17,302786
4498,2.6e-05,172.31.36.0-255,66,211,17,302786
4499,3.2e-05,74.125.24.0-255,1484,1695,17,302786
4500,3.7e-05,172.31.36.0-255,66,1761,17,302786
4501,5.1e-05,74.125.24.0-255,2902,4663,17,302786
4502,5.5e-05,172.31.36.0-255,66,4729,17,302786
4503,6.3e-05,74.125.24.0-255,7156,11885,17,302786
4504,6.7e-05,172.31.36.0-255,66,11951,17,302786
4505,7e-05,74.125.24.0-255,2066,14017,17,302786
4506,7.2e-05,172.31.36.0-255,66,14083,17,302786
4507,7.7e-05,74.125.24.0-255,2902,16985,17,302786
4508,7.9e-05,172.31.36.0-255,66,17051,17,302786
4509,0.000105,74.125.24.0-255,4320,21371,17,302786
4510,0.000108,172.31.36.0-255,66,21437,17,302786
4511,0.00015,74.125.24.0-255,2902,24339,17,302786
4512,0.000154,172.31.36.0-255,66,24405,17,302786
4513,0.00017,172.31.36.0-255,66,24471,17,302786
4514,0.000181,172.31.36.0-255,66,24537,17,302786
4515,0.000216,172.31.36.0-255,66,24603,17,302786
4516,0.000255,74.125.24.0-255,5738,30341,17,302786
4517,0.000259,172.31.36.0-255,66,30407,17,302786
4518,0.000285,74.125.24.0-255,3123,33530,17,302786
4519,0.000288,172.31.36.0-255,66,33596,17,302786
4520,0.00032,74.125.24.0-255,1484,35080,17,302786
4521,0.000322,172.31.36.0-255,66,35146,17,302786
4522,0.000327,74.125.24.0-255,2902,38048,17,302786
4523,0.000332,172.31.36.0-255,66,38114,17,302786
4524,0.000364,74.125.24.0-255,5738,43852,17,302786
4525,0.000369,172.31.36.0-255,66,43918,17,302786
4526,0.000387,172.31.36.0-255,66,43984,17,302786
4527,0.0004,172.31.36.0-255,66,44050,17,302786
4528,0.000403,74.125.24.0-255,1125,45175,17,302786
4529,0.000641,74.125.24.0-255,1484,46659,17,302786
4530,0.000645,172.31.36.0-255,66,46725,17,302786
4531,0.000651,74.125.24.0-255,2902,49627,17,302786
4532,0.000654,172.31.36.0-255,66,49693,17,302786
4533,0.000682,74.125.24.0-255,5738,55431,17,302786
4534,0.000686,172.31.36.0-255,66,55497,17,302786
4535,0.000691,74.125.24.0-255,2902,58399,17,302786
4536,0.000693,172.31.36.0-255,66,58465,17,302786
4537,0.000738,172.31.36.0-255,66,58531,17,302786
4538,0.00075,172.31.36.0-255,66,58597,17,302786
4539,0.00079,74.125.24.0-255,7156,65753,17,302786
4540,0.000793,172.31.36.0-255,66,65819,17,302786
4541,0.000804,172.31.36.0-255,66,65885,17,302786
4542,0.00081,74.125.24.0-255,4320,70205,17,302786
4543,0.000815,172.31.36.0-255,66,70271,17,302786
4544,0.000857,172.31.36.0-255,66,70337,17,302786
4545,0.00086,74.125.24.0-255,766,71103,17,302786
4546,0.00139,74.125.24.0-255,1484,72587,17,302786
4547,0.001395,172.31.36.0-255,66,72653,17,302786
4548,0.001399,74.125.24.0-255,1484,74137,17,302786
4549,0.001421,74.125.24.0-255,1484,75621,17,302786
4550,0.001424,172.31.36.0-255,66,75687,17,302786
4551,0.001431,74.125.24.0-255,5738,81425,17,302786
4552,0.001433,172.31.36.0-255,66,81491,17,302786
4553,0.001437,74.125.24.0-255,2902,84393,17,302786
4554,0.001439,172.31.36.0-255,66,84459,17,302786
4555,0.001466,74.125.24.0-255,5738,90197,17,302786
4556,0.00147,172.31.36.0-255,66,90263,17,302786
4557,0.001501,74.125.24.0-255,4320,94583,17,302786
4558,0.001504,172.31.36.0-255,66,94649,17,302786
4559,0.001521,172.31.36.0-255,66,94715,17,302786
4560,0.001836,74.125.24.0-255,1484,96199,17,302786
4561,0.001894,74.125.24.0-255,2902,99101,17,302786
4562,0.001898,172.31.36.0-255,66,99167,17,302786
4563,0.001905,74.125.24.0-255,5738,104905,17,302786
4564,0.001908,172.31.36.0-255,66,104971,17,302786
4565,0.001932,172.31.36.0-255,66,105037,17,302786
4566,0.001938,74.125.24.0-255,7156,112193,17,302786
4567,0.001961,74.125.24.0-255,3602,115795,17,302786
4568,0.001961,172.31.36.0-255,66,115861,17,302786
4569,0.001964,172.31.36.0-255,66,115927,17,302786
4570,0.004284,74.125.24.0-255,1484,117411,17,302786
4571,0.004301,74.125.24.0-255,4320,121731,17,302786
4572,0.004306,172.31.36.0-255,66,121797,17,302786
4573,0.00666,74.125.24.0-255,5738,127535,17,302786
4574,0.006669,172.31.36.0-255,66,127601,17,302786
4575,0.008989,74.125.24.0-255,5738,133339,17,302786
4576,0.008996,172.31.36.0-255,66,133405,17,302786
4577,0.011341,74.125.24.0-255,5738,139143,17,302786
4578,0.011349,172.31.36.0-255,66,139209,17,302786
4579,0.013688,74.125.24.0-255,5738,144947,17,302786
4580,0.013701,172.31.36.0-255,66,145013,17,302786
4581,0.01604,74.125.24.0-255,5738,150751,17,302786
4582,0.016049,172.31.36.0-255,66,150817,17,302786
4583,0.018362,74.125.24.0-255,5738,156555,17,302786
4584,0.018371,172.31.36.0-255,66,156621,17,302786
4585,0.020778,74.125.24.0-255,5738,162359,17,302786
4586,0.020786,172.31.36.0-255,66,162425,17,302786
4587,0.023101,74.125.24.0-255,5738,168163,17,302786
4588,0.02311,172.31.36.0-255,66,168229,17,302786
4589,0.025471,74.125.24.0-255,5738,173967,17,302786
4590,0.025479,172.31.36.0-255,66,174033,17,302786
4591,0.02733,172.31.36.0-255,172,174205,17,302786
4592,0.027359,172.31.36.0-255,1118,175323,17,302786
4593,0.027398,172.31.36.0-255,1514,176837,17,302786
4594,0.027418,172.31.36.0-255,1270,178107,17,302786
4595,0.027864,74.125.24.0-255,2902,181009,17,302786
4596,0.027871,172.31.36.0-255,66,181075,17,302786
4597,0.027908,74.125.24.0-255,2902,183977,17,302786
4598,0.027912,172.31.36.0-255,66,184043,17,302786
4599,0.028907,104.244.42.0-255,66,184109,17,302786
4600,0.028914,104.244.42.0-255,66,184175,17,302786
4601,0.028948,104.244.42.0-255,66,184241,17,302786
4602,0.02957,104.244.42.0-255,108,184349,17,302786
4603,0.029593,172.31.36.0-255,66,184415,17,302786
4604,0.030195,74.125.24.0-255,2902,187317,17,302786
4605,0.0302,172.31.36.0-255,66,187383,17,302786
4606,0.030269,74.125.24.0-255,2902,190285,17,302786
4607,0.030274,172.31.36.0-255,66,190351,17,302786
4608,0.032519,74.125.24.0-255,2902,193253,17,302786
4609,0.032526,172.31.36.0-255,66,193319,17,302786
4610,0.032561,74.125.24.0-255,2902,196221,17,302786
4611,0.032564,172.31.36.0-255,66,196287,17,302786
4612,0.034811,74.125.24.0-255,2902,199189,17,302786
4613,0.034816,172.31.36.0-255,66,199255,17,302786
4614,0.034867,74.125.24.0-255,2902,202157,17,302786
4615,0.034872,172.31.36.0-255,66,202223,17,302786
4616,0.037134,74.125.24.0-255,2902,205125,17,302786
4617,0.037139,172.31.36.0-255,66,205191,17,302786
4618,0.037203,74.125.24.0-255,2902,208093,17,302786
4619,0.037208,172.31.36.0-255,66,208159,17,302786
4620,0.039466,74.125.24.0-255,2902,211061,17,302786
4621,0.039472,172.31.36.0-255,66,211127,17,302786
4622,0.039511,74.125.24.0-255,2902,214029,17,302786
4623,0.039514,172.31.36.0-255,66,214095,17,302786
4624,0.041775,74.125.24.0-255,2902,216997,17,302786
4625,0.041781,172.31.36.0-255,66,217063,17,302786
4626,0.041821,74.125.24.0-255,2902,219965,17,302786
4627,0.041824,172.31.36.0-255,66,220031,17,302786
4628,0.04409,74.125.24.0-255,2902,222933,17,302786
4629,0.044113,172.31.36.0-255,66,222999,17,302786
4630,0.044133,74.125.24.0-255,2902,225901,17,302786
4631,0.044138,172.31.36.0-255,66,225967,17,302786
4632,0.046422,74.125.24.0-255,2902,228869,17,302786
4633,0.046427,172.31.36.0-255,66,228935,17,302786
4634,0.046458,74.125.24.0-255,2902,231837,17,302786
4635,0.046462,172.31.36.0-255,66,231903,17,302786
4636,0.048732,74.125.24.0-255,2902,234805,17,302786
4637,0.048738,172.31.36.0-255,66,234871,17,302786
4638,0.048776,74.125.24.0-255,2902,237773,17,302786
4639,0.048779,172.31.36.0-255,66,237839,17,302786
4640,0.051029,74.125.24.0-255,2902,240741,17,302786
4641,0.051035,172.31.36.0-255,66,240807,17,302786
4642,0.051067,74.125.24.0-255,2902,243709,17,302786
4643,0.05107,172.31.36.0-255,66,243775,17,302786
4644,0.053393,74.125.24.0-255,2902,246677,17,302786
4645,0.053399,172.31.36.0-255,66,246743,17,302786
4646,0.053453,74.125.24.0-255,2902,249645,17,302786
4647,0.053457,172.31.36.0-255,66,249711,17,302786
4648,0.055735,74.125.24.0-255,2902,252613,17,302786
4649,0.055742,172.31.36.0-255,66,252679,17,302786
4650,0.055785,74.125.24.0-255,2902,255581,17,302786
4651,0.055789,172.31.36.0-255,66,255647,17,302786
4652,0.058089,74.125.24.0-255,2902,258549,17,302786
4653,0.058096,172.31.36.0-255,66,258615,17,302786
4654,0.058137,74.125.24.0-255,2902,261517,17,302786
4655,0.05814,172.31.36.0-255,66,261583,17,302786
4656,0.0604,74.125.24.0-255,2902,264485,17,302786
4657,0.060406,172.31.36.0-255,66,264551,17,302786
4658,0.060442,74.125.24.0-255,2902,267453,17,302786
4659,0.060445,172.31.36.0-255,66,267519,17,302786
4660,0.062734,74.125.24.0-255,2902,270421,17,302786
4661,0.062739,172.31.36.0-255,66,270487,17,302786
4662,0.062774,74.125.24.0-255,2902,273389,17,302786
4663,0.062778,172.31.36.0-255,66,273455,17,302786
4664,0.065037,74.125.24.0-255,2902,276357,17,302786
4665,0.065041,172.31.36.0-255,66,276423,17,302786
4666,0.065078,74.125.24.0-255,2902,279325,17,302786
4667,0.065081,172.31.36.0-255,66,279391,17,302786
4668,0.067361,74.125.24.0-255,2902,282293,17,302786
4669,0.067367,172.31.36.0-255,66,282359,17,302786
4670,0.067405,74.125.24.0-255,2902,285261,17,302786
4671,0.067408,172.31.36.0-255,66,285327,17,302786
4672,0.069686,74.125.24.0-255,2902,288229,17,302786
4673,0.069691,172.31.36.0-255,66,288295,17,302786
4674,0.069724,74.125.24.0-255,2902,291197,17,302786
4675,0.069727,172.31.36.0-255,66,291263,17,302786
4676,0.072164,74.125.24.0-255,2902,294165,17,302786
4677,0.07217,172.31.36.0-255,66,294231,17,302786
4678,0.072207,74.125.24.0-255,2902,297133,17,302786
4679,0.072211,172.31.36.0-255,66,297199,17,302786
4680,0.074473,74.125.24.0-255,2902,300101,17,302786
4681,0.074479,172.31.36.0-255,66,300167,17,302786
4682,0.074512,74.125.24.0-255,2382,302549,17,302786
4683,0.074516,172.31.36.0-255,66,302615,17,302786
4684,0.074686,172.31.36.0-255,105,302720,17,302786
4685,0.076953,74.125.24.0-255,66,302786,17,302786
4686,0.0,74.125.24.0-255,219,219,17,335230
4687,1.4e-05,172.31.36.0-255,66,285,17,335230
4688,2.1e-05,74.125.24.0-255,1484,1769,17,335230
4689,2.6e-05,172.31.36.0-255,66,1835,17,335230
4690,3.3e-05,74.125.24.0-255,4320,6155,17,335230
4691,3.5e-05,172.31.36.0-255,66,6221,17,335230
4692,9e-05,172.31.36.0-255,66,6287,17,335230
4693,0.000154,74.125.24.0-255,1484,7771,17,335230
4694,0.000158,172.31.36.0-255,66,7837,17,335230
4695,0.000163,74.125.24.0-255,2902,10739,17,335230
4696,0.000165,172.31.36.0-255,66,10805,17,335230
4697,0.00017,74.125.24.0-255,2902,13707,17,335230
4698,0.000172,172.31.36.0-255,66,13773,17,335230
4699,0.000187,74.125.24.0-255,2902,16675,17,335230
4700,0.00019,172.31.36.0-255,66,16741,17,335230
4701,0.000225,74.125.24.0-255,4320,21061,17,335230
4702,0.000229,172.31.36.0-255,66,21127,17,335230
4703,0.000247,74.125.24.0-255,2543,23670,17,335230
4704,0.000249,172.31.36.0-255,66,23736,17,335230
4705,0.000372,74.125.24.0-255,1484,25220,17,335230
4706,0.000376,172.31.36.0-255,66,25286,17,335230
4707,0.000381,74.125.24.0-255,2902,28188,17,335230
4708,0.000384,172.31.36.0-255,66,28254,17,335230
4709,0.000387,74.125.24.0-255,1484,29738,17,335230
4710,0.000389,172.31.36.0-255,66,29804,17,335230
4711,0.000409,74.125.24.0-255,4320,34124,17,335230
4712,0.000412,172.31.36.0-255,66,34190,17,335230
4713,0.000471,172.31.36.0-255,66,34256,17,335230
4714,0.000481,172.31.36.0-255,66,34322,17,335230
4715,0.000484,74.125.24.0-255,1125,35447,17,335230
4716,0.000504,74.125.24.0-255,400,35847,17,335230
4717,0.000558,74.125.24.0-255,376,36223,17,335230
4718,0.000562,172.31.36.0-255,66,36289,17,335230
4719,0.000914,74.125.24.0-255,1484,37773,17,335230
4720,0.000919,74.125.24.0-255,2902,40675,17,335230
4721,0.000924,74.125.24.0-255,4320,44995,17,335230
4722,0.00093,172.31.36.0-255,66,45061,17,335230
4723,0.000934,172.31.36.0-255,66,45127,17,335230
4724,0.000943,74.125.24.0-255,1484,46611,17,335230
4725,0.000948,74.125.24.0-255,2902,49513,17,335230
4726,0.00095,172.31.36.0-255,66,49579,17,335230
4727,0.000963,172.31.36.0-255,66,49645,17,335230
4728,0.000998,172.31.36.0-255,66,49711,17,335230
4729,0.001183,74.125.24.0-255,1484,51195,17,335230
4730,0.001187,74.125.24.0-255,1484,52679,17,335230
4731,0.001191,172.31.36.0-255,66,52745,17,335230
4732,0.001207,74.125.24.0-255,1484,54229,17,335230
4733,0.001214,74.125.24.0-255,5738,59967,17,335230
4734,0.001217,172.31.36.0-255,66,60033,17,335230
4735,0.00124,74.125.24.0-255,2902,62935,17,335230
4736,0.001243,172.31.36.0-255,66,63001,17,335230
4737,0.001268,74.125.24.0-255,7156,70157,17,335230
4738,0.001271,172.31.36.0-255,66,70223,17,335230
4739,0.001283,172.31.36.0-255,66,70289,17,335230
4740,0.001297,74.125.24.0-255,2902,73191,17,335230
4741,0.0013,172.31.36.0-255,66,73257,17,335230
4742,0.001304,74.125.24.0-255,2184,75441,17,335230
4743,0.001307,172.31.36.0-255,66,75507,17,335230
4744,0.001601,74.125.24.0-255,1484,76991,17,335230
4745,0.001608,74.125.24.0-255,2902,79893,17,335230
4746,0.001612,172.31.36.0-255,66,79959,17,335230
4747,0.001618,74.125.24.0-255,4320,84279,17,335230
4748,0.00162,172.31.36.0-255,66,84345,17,335230
4749,0.001641,74.125.24.0-255,1484,85829,17,335230
4750,0.001647,74.125.24.0-255,5738,91567,17,335230
4751,0.00165,172.31.36.0-255,66,91633,17,335230
4752,0.001675,74.125.24.0-255,5738,97371,17,335230
4753,0.001678,172.31.36.0-255,66,97437,17,335230
4754,0.001689,172.31.36.0-255,66,97503,17,335230
4755,0.00171,74.125.24.0-255,2184,99687,17,335230
4756,0.001713,172.31.36.0-255,66,99753,17,335230
4757,0.001793,74.125.24.0-255,1484,101237,17,335230
4758,0.001798,74.125.24.0-255,2902,104139,17,335230
4759,0.001801,172.31.36.0-255,66,104205,17,335230
4760,0.001818,74.125.24.0-255,4320,108525,17,335230
4761,0.00182,172.31.36.0-255,66,108591,17,335230
4762,0.00184,74.125.24.0-255,1484,110075,17,335230
4763,0.001854,172.31.36.0-255,66,110141,17,335230
4764,0.001861,74.125.24.0-255,7156,117297,17,335230
4765,0.001863,172.31.36.0-255,66,117363,17,335230
4766,0.001896,74.125.24.0-255,3602,120965,17,335230
4767,0.001899,172.31.36.0-255,66,121031,17,335230
4768,0.002034,74.125.24.0-255,1484,122515,17,335230
4769,0.002053,74.125.24.0-255,2902,125417,17,335230
4770,0.002057,172.31.36.0-255,66,125483,17,335230
4771,0.002063,74.125.24.0-255,4320,129803,17,335230
4772,0.002065,172.31.36.0-255,66,129869,17,335230
4773,0.002078,74.125.24.0-255,1484,131353,17,335230
4774,0.002095,74.125.24.0-255,2902,134255,17,335230
4775,0.002097,172.31.36.0-255,66,134321,17,335230
4776,0.00212,172.31.36.0-255,66,134387,17,335230
4777,0.002127,74.125.24.0-255,7156,141543,17,335230
4778,0.00213,172.31.36.0-255,66,141609,17,335230
4779,0.00218,74.125.24.0-255,3602,145211,17,335230
4780,0.002183,172.31.36.0-255,66,145277,17,335230
4781,0.004452,74.125.24.0-255,1484,146761,17,335230
4782,0.004493,74.125.24.0-255,4320,151081,17,335230
4783,0.004499,172.31.36.0-255,66,151147,17,335230
4784,0.006847,74.125.24.0-255,5738,156885,17,335230
4785,0.006855,172.31.36.0-255,66,156951,17,335230
4786,0.009171,74.125.24.0-255,4320,161271,17,335230
4787,0.009175,172.31.36.0-255,66,161337,17,335230
4788,0.009189,74.125.24.0-255,1484,162821,17,335230
4789,0.011557,74.125.24.0-255,4320,167141,17,335230
4790,0.011564,172.31.36.0-255,66,167207,17,335230
4791,0.013919,74.125.24.0-255,5738,172945,17,335230
4792,0.013929,172.31.36.0-255,66,173011,17,335230
4793,0.016291,74.125.24.0-255,5738,178749,17,335230
4794,0.016299,172.31.36.0-255,66,178815,17,335230
4795,0.01867,74.125.24.0-255,5738,184553,17,335230
4796,0.018678,172.31.36.0-255,66,184619,17,335230
4797,0.020999,74.125.24.0-255,5738,190357,17,335230
4798,0.021008,172.31.36.0-255,66,190423,17,335230
4799,0.023371,74.125.24.0-255,5738,196161,17,335230
4800,0.02338,172.31.36.0-255,66,196227,17,335230
4801,0.025745,74.125.24.0-255,5738,201965,17,335230
4802,0.025754,172.31.36.0-255,66,202031,17,335230
4803,0.028089,74.125.24.0-255,5738,207769,17,335230
4804,0.028096,172.31.36.0-255,66,207835,17,335230
4805,0.030458,74.125.24.0-255,5738,213573,17,335230
4806,0.030465,172.31.36.0-255,66,213639,17,335230
4807,0.032805,74.125.24.0-255,5738,219377,17,335230
4808,0.032811,172.31.36.0-255,66,219443,17,335230
4809,0.033664,172.31.36.0-255,171,219614,17,335230
4810,0.033698,172.31.36.0-255,1140,220754,17,335230
4811,0.03376,172.31.36.0-255,1514,222268,17,335230
4812,0.033762,172.31.36.0-255,1514,223782,17,335230
4813,0.033767,172.31.36.0-255,1514,225296,17,335230
4814,0.033768,172.31.36.0-255,1026,226322,17,335230
4815,0.035162,74.125.24.0-255,5738,232060,17,335230
4816,0.035169,172.31.36.0-255,66,232126,17,335230
4817,0.035199,104.244.42.0-255,66,232192,17,335230
4818,0.035253,104.244.42.0-255,66,232258,17,335230
4819,0.035342,104.244.42.0-255,66,232324,17,335230
4820,0.035348,104.244.42.0-255,66,232390,17,335230
4821,0.036157,104.244.42.0-255,108,232498,17,335230
4822,0.036164,172.31.36.0-255,66,232564,17,335230
4823,0.037547,74.125.24.0-255,5738,238302,17,335230
4824,0.037551,172.31.36.0-255,66,238368,17,335230
4825,0.03993,74.125.24.0-255,5738,244106,17,335230
4826,0.039936,172.31.36.0-255,66,244172,17,335230
4827,0.042373,74.125.24.0-255,5738,249910,17,335230
4828,0.04238,172.31.36.0-255,66,249976,17,335230
4829,0.044726,74.125.24.0-255,5738,255714,17,335230
4830,0.044733,172.31.36.0-255,66,255780,17,335230
4831,0.047078,74.125.24.0-255,5738,261518,17,335230
4832,0.047086,172.31.36.0-255,66,261584,17,335230
4833,0.049458,74.125.24.0-255,5738,267322,17,335230
4834,0.049464,172.31.36.0-255,66,267388,17,335230
4835,0.051801,74.125.24.0-255,5738,273126,17,335230
4836,0.051808,172.31.36.0-255,66,273192,17,335230
4837,0.054133,74.125.24.0-255,5738,278930,17,335230
4838,0.05414,172.31.36.0-255,66,278996,17,335230
4839,0.056476,74.125.24.0-255,5738,284734,17,335230
4840,0.056482,172.31.36.0-255,66,284800,17,335230
4841,0.058814,74.125.24.0-255,5738,290538,17,335230
4842,0.058819,172.31.36.0-255,66,290604,17,335230
4843,0.061191,74.125.24.0-255,5738,296342,17,335230
4844,0.061196,172.31.36.0-255,66,296408,17,335230
4845,0.063558,74.125.24.0-255,5738,302146,17,335230
4846,0.063564,172.31.36.0-255,66,302212,17,335230
4847,0.065914,74.125.24.0-255,5738,307950,17,335230
4848,0.065921,172.31.36.0-255,66,308016,17,335230
4849,0.068278,74.125.24.0-255,5738,313754,17,335230
4850,0.068283,172.31.36.0-255,66,313820,17,335230
4851,0.070639,74.125.24.0-255,5738,319558,17,335230
4852,0.070646,172.31.36.0-255,66,319624,17,335230
4853,0.073012,74.125.24.0-255,5738,325362,17,335230
4854,0.073019,172.31.36.0-255,66,325428,17,335230
4855,0.0754,74.125.24.0-255,5738,331166,17,335230
4856,0.075407,172.31.36.0-255,66,331232,17,335230
4857,0.077768,74.125.24.0-255,3761,334993,17,335230
4858,0.077775,172.31.36.0-255,66,335059,17,335230
4859,0.07798,172.31.36.0-255,105,335164,17,335230
4860,0.080304,74.125.24.0-255,66,335230,17,335230
4861,0.0,172.217.160.0-255,143,143,17,335934
4862,2.4e-05,172.31.36.0-255,66,209,17,335934
4863,3.1e-05,172.217.160.0-255,1484,1693,17,335934
4864,3.5e-05,172.31.36.0-255,66,1759,17,335934
4865,4.1e-05,172.217.160.0-255,2902,4661,17,335934
4866,4.4e-05,172.31.36.0-255,66,4727,17,335934
4867,5.2e-05,172.217.160.0-255,7156,11883,17,335934
4868,5.5e-05,172.31.36.0-255,66,11949,17,335934
4869,0.000104,172.217.160.0-255,1969,13918,17,335934
4870,0.000106,172.31.36.0-255,66,13984,17,335934
4871,0.001033,172.217.160.0-255,1484,15468,17,335934
4872,0.00104,172.31.36.0-255,66,15534,17,335934
4873,0.00105,172.217.160.0-255,2902,18436,17,335934
4874,0.001053,172.31.36.0-255,66,18502,17,335934
4875,0.00106,172.217.160.0-255,5738,24240,17,335934
4876,0.001062,172.31.36.0-255,66,24306,17,335934
4877,0.001094,172.217.160.0-255,1484,25790,17,335934
4878,0.001097,172.31.36.0-255,66,25856,17,335934
4879,0.001121,172.217.160.0-255,5379,31235,17,335934
4880,0.001125,172.31.36.0-255,66,31301,17,335934
4881,0.001164,172.217.160.0-255,2902,34203,17,335934
4882,0.001167,172.31.36.0-255,66,34269,17,335934
4883,0.001185,172.217.160.0-255,4320,38589,17,335934
4884,0.001187,172.31.36.0-255,66,38655,17,335934
4885,0.001222,172.217.160.0-255,2902,41557,17,335934
4886,0.001225,172.31.36.0-255,66,41623,17,335934
4887,0.001246,172.217.160.0-255,5738,47361,17,335934
4888,0.00125,172.31.36.0-255,66,47427,17,335934
4889,0.001285,172.217.160.0-255,1125,48552,17,335934
4890,0.001288,172.31.36.0-255,66,48618,17,335934
4891,0.003216,172.217.160.0-255,4320,52938,17,335934
4892,0.003225,172.31.36.0-255,66,53004,17,335934
4893,0.003247,172.217.160.0-255,1484,54488,17,335934
4894,0.005206,172.217.160.0-255,4320,58808,17,335934
4895,0.005213,172.31.36.0-255,66,58874,17,335934
4896,0.007193,172.217.160.0-255,5738,64612,17,335934
4897,0.007201,172.31.36.0-255,66,64678,17,335934
4898,0.009175,172.217.160.0-255,5738,70416,17,335934
4899,0.009182,172.31.36.0-255,66,70482,17,335934
4900,0.011166,172.217.160.0-255,5738,76220,17,335934
4901,0.011173,172.31.36.0-255,66,76286,17,335934
4902,0.013155,172.217.160.0-255,5738,82024,17,335934
4903,0.013162,172.31.36.0-255,66,82090,17,335934
4904,0.015148,172.217.160.0-255,5738,87828,17,335934
4905,0.01516,172.31.36.0-255,66,87894,17,335934
4906,0.017165,172.217.160.0-255,5738,93632,17,335934
4907,0.017175,172.31.36.0-255,66,93698,17,335934
4908,0.019151,172.217.160.0-255,5738,99436,17,335934
4909,0.019158,172.31.36.0-255,66,99502,17,335934
4910,0.021148,172.217.160.0-255,5738,105240,17,335934
4911,0.021155,172.31.36.0-255,66,105306,17,335934
4912,0.02315,172.217.160.0-255,5738,111044,17,335934
4913,0.023164,172.31.36.0-255,66,111110,17,335934
4914,0.025144,172.217.160.0-255,5738,116848,17,335934
4915,0.025153,172.31.36.0-255,66,116914,17,335934
4916,0.026756,172.31.36.0-255,172,117086,17,335934
4917,0.026785,172.31.36.0-255,1117,118203,17,335934
4918,0.026847,172.31.36.0-255,1514,119717,17,335934
4919,0.026849,172.31.36.0-255,1271,120988,17,335934
4920,0.027126,172.217.160.0-255,5738,126726,17,335934
4921,0.027133,172.31.36.0-255,66,126792,17,335934
4922,0.028318,104.244.42.0-255,66,126858,17,335934
4923,0.028348,104.244.42.0-255,66,126924,17,335934
4924,0.028398,104.244.42.0-255,66,126990,17,335934
4925,0.029106,172.217.160.0-255,5738,132728,17,335934
4926,0.029113,172.31.36.0-255,66,132794,17,335934
4927,0.031086,172.217.160.0-255,5738,138532,17,335934
4928,0.031093,172.31.36.0-255,66,138598,17,335934
4929,0.033067,172.217.160.0-255,5738,144336,17,335934
4930,0.033073,172.31.36.0-255,66,144402,17,335934
4931,0.035052,172.217.160.0-255,5738,150140,17,335934
4932,0.03506,172.31.36.0-255,66,150206,17,335934
4933,0.037038,172.217.160.0-255,5738,155944,17,335934
4934,0.037046,172.31.36.0-255,66,156010,17,335934
4935,0.039031,172.217.160.0-255,5738,161748,17,335934
4936,0.039041,172.31.36.0-255,66,161814,17,335934
4937,0.04104,172.217.160.0-255,5738,167552,17,335934
4938,0.04105,172.31.36.0-255,66,167618,17,335934
4939,0.043043,172.217.160.0-255,5738,173356,17,335934
4940,0.04305,172.31.36.0-255,66,173422,17,335934
4941,0.045024,172.217.160.0-255,5738,179160,17,335934
4942,0.04503,172.31.36.0-255,66,179226,17,335934
4943,0.047004,172.217.160.0-255,5738,184964,17,335934
4944,0.047011,172.31.36.0-255,66,185030,17,335934
4945,0.048995,172.217.160.0-255,5738,190768,17,335934
4946,0.049002,172.31.36.0-255,66,190834,17,335934
4947,0.051019,172.217.160.0-255,5738,196572,17,335934
4948,0.051027,172.31.36.0-255,66,196638,17,335934
4949,0.053006,172.217.160.0-255,5738,202376,17,335934
4950,0.053013,172.31.36.0-255,66,202442,17,335934
4951,0.055,172.217.160.0-255,5738,208180,17,335934
4952,0.05501,172.31.36.0-255,66,208246,17,335934
4953,0.056999,172.217.160.0-255,5738,213984,17,335934
4954,0.057005,172.31.36.0-255,66,214050,17,335934
4955,0.058995,172.217.160.0-255,5738,219788,17,335934
4956,0.059002,172.31.36.0-255,66,219854,17,335934
4957,0.060994,172.217.160.0-255,5738,225592,17,335934
4958,0.061001,172.31.36.0-255,66,225658,17,335934
4959,0.062994,172.217.160.0-255,5738,231396,17,335934
4960,0.063001,172.31.36.0-255,66,231462,17,335934
4961,0.064975,172.217.160.0-255,5738,237200,17,335934
4962,0.064983,172.31.36.0-255,66,237266,17,335934
4963,0.066962,172.217.160.0-255,5738,243004,17,335934
4964,0.066968,172.31.36.0-255,66,243070,17,335934
4965,0.068945,172.217.160.0-255,5738,248808,17,335934
4966,0.068951,172.31.36.0-255,66,248874,17,335934
4967,0.070942,172.217.160.0-255,5738,254612,17,335934
4968,0.07095,172.31.36.0-255,66,254678,17,335934
4969,0.072952,172.217.160.0-255,5738,260416,17,335934
4970,0.072965,172.31.36.0-255,66,260482,17,335934
4971,0.074964,172.217.160.0-255,5738,266220,17,335934
4972,0.074983,172.31.36.0-255,66,266286,17,335934
4973,0.076963,172.217.160.0-255,5738,272024,17,335934
4974,0.076981,172.31.36.0-255,66,272090,17,335934
4975,0.078987,172.217.160.0-255,5738,277828,17,335934
4976,0.079,172.31.36.0-255,66,277894,17,335934
4977,0.080983,172.217.160.0-255,5738,283632,17,335934
4978,0.080997,172.31.36.0-255,66,283698,17,335934
4979,0.082982,172.217.160.0-255,5738,289436,17,335934
4980,0.082991,172.31.36.0-255,66,289502,17,335934
4981,0.084998,172.217.160.0-255,5738,295240,17,335934
4982,0.085013,172.31.36.0-255,66,295306,17,335934
4983,0.087019,172.217.160.0-255,5738,301044,17,335934
4984,0.087025,172.31.36.0-255,66,301110,17,335934
4985,0.089009,172.217.160.0-255,5738,306848,17,335934
4986,0.089018,172.31.36.0-255,66,306914,17,335934
4987,0.091046,172.217.160.0-255,5738,312652,17,335934
4988,0.091053,172.31.36.0-255,66,312718,17,335934
4989,0.093038,172.217.160.0-255,5738,318456,17,335934
4990,0.093044,172.31.36.0-255,66,318522,17,335934
4991,0.095037,172.217.160.0-255,5738,324260,17,335934
4992,0.095043,172.31.36.0-255,66,324326,17,335934
4993,0.097047,172.217.160.0-255,5738,330064,17,335934
4994,0.097053,172.31.36.0-255,66,330130,17,335934
4995,0.099051,172.217.160.0-255,5738,335868,17,335934
4996,0.099058,172.31.36.0-255,66,335934,17,335934
4997,0.0,172.31.36.0-255,162,162,17,228
4998,0.007133,74.125.24.0-255,66,228,17,228
4999,0.0,74.125.200.0-255,152,152,17,344341
5000,2.3e-05,172.31.36.0-255,66,218,17,344341
5001,3.6e-05,74.125.200.0-255,1484,1702,17,344341
5002,4.1e-05,172.31.36.0-255,66,1768,17,344341
5003,4.6e-05,74.125.200.0-255,2902,4670,17,344341
5004,4.8e-05,172.31.36.0-255,66,4736,17,344341
5005,6.3e-05,74.125.200.0-255,1484,6220,17,344341
5006,6.6e-05,172.31.36.0-255,66,6286,17,344341
5007,8.4e-05,74.125.200.0-255,4320,10606,17,344341
5008,8.7e-05,172.31.36.0-255,66,10672,17,344341
5009,9.1e-05,74.125.200.0-255,3501,14173,17,344341
5010,9.4e-05,172.31.36.0-255,66,14239,17,344341
5011,0.000194,74.125.200.0-255,1484,15723,17,344341
5012,0.000198,172.31.36.0-255,66,15789,17,344341
5013,0.000203,74.125.200.0-255,2902,18691,17,344341
5014,0.000206,172.31.36.0-255,66,18757,17,344341
5015,0.000218,74.125.200.0-255,2902,21659,17,344341
5016,0.000222,172.31.36.0-255,66,21725,17,344341
5017,0.00024,74.125.200.0-255,2902,24627,17,344341
5018,0.000244,172.31.36.0-255,66,24693,17,344341
5019,0.000263,74.125.200.0-255,6797,31490,17,344341
5020,0.000266,172.31.36.0-255,66,31556,17,344341
5021,0.000282,74.125.200.0-255,1484,33040,17,344341
5022,0.000284,172.31.36.0-255,66,33106,17,344341
5023,0.000303,74.125.200.0-255,5738,38844,17,344341
5024,0.000306,172.31.36.0-255,66,38910,17,344341
5025,0.000311,74.125.200.0-255,4320,43230,17,344341
5026,0.000314,172.31.36.0-255,66,43296,17,344341
5027,0.00032,74.125.200.0-255,5379,48675,17,344341
5028,0.000325,172.31.36.0-255,66,48741,17,344341
5029,0.000405,74.125.200.0-255,1484,50225,17,344341
5030,0.000409,172.31.36.0-255,66,50291,17,344341
5031,0.000429,74.125.200.0-255,2902,53193,17,344341
5032,0.000432,172.31.36.0-255,66,53259,17,344341
5033,0.000457,74.125.200.0-255,5738,58997,17,344341
5034,0.000461,172.31.36.0-255,66,59063,17,344341
5035,0.000468,74.125.200.0-255,6797,65860,17,344341
5036,0.000471,172.31.36.0-255,66,65926,17,344341
5037,0.000488,74.125.200.0-255,361,66287,17,344341
5038,0.000772,172.31.36.0-255,66,66353,17,344341
5039,0.001262,74.125.200.0-255,381,66734,17,344341
5040,0.001348,74.125.200.0-255,1484,68218,17,344341
5041,0.001353,172.31.36.0-255,66,68284,17,344341
5042,0.001359,74.125.200.0-255,1484,69768,17,344341
5043,0.001363,74.125.200.0-255,2902,72670,17,344341
5044,0.001365,172.31.36.0-255,66,72736,17,344341
5045,0.001395,74.125.200.0-255,5738,78474,17,344341
5046,0.001397,172.31.36.0-255,66,78540,17,344341
5047,0.001418,74.125.200.0-255,4831,83371,17,344341
5048,0.00142,172.31.36.0-255,66,83437,17,344341
5049,0.001637,74.125.200.0-255,1484,84921,17,344341
5050,0.001654,74.125.200.0-255,1484,86405,17,344341
5051,0.001656,172.31.36.0-255,66,86471,17,344341
5052,0.001674,74.125.200.0-255,1484,87955,17,344341
5053,0.001679,74.125.200.0-255,4320,92275,17,344341
5054,0.001681,172.31.36.0-255,66,92341,17,344341
5055,0.001684,74.125.200.0-255,1484,93825,17,344341
5056,0.001705,74.125.200.0-255,7156,100981,17,344341
5057,0.001707,172.31.36.0-255,66,101047,17,344341
5058,0.001714,74.125.200.0-255,5738,106785,17,344341
5059,0.001716,172.31.36.0-255,66,106851,17,344341
5060,0.001731,74.125.200.0-255,2902,109753,17,344341
5061,0.001733,172.31.36.0-255,66,109819,17,344341
5062,0.001747,74.125.200.0-255,4320,114139,17,344341
5063,0.001749,172.31.36.0-255,66,114205,17,344341
5064,0.001752,74.125.200.0-255,1484,115689,17,344341
5065,0.001771,74.125.200.0-255,2184,117873,17,344341
5066,0.001773,172.31.36.0-255,66,117939,17,344341
5067,0.004284,74.125.200.0-255,1484,119423,17,344341
5068,0.004302,74.125.200.0-255,4320,123743,17,344341
5069,0.004305,172.31.36.0-255,66,123809,17,344341
5070,0.006842,74.125.200.0-255,5738,129547,17,344341
5071,0.006849,172.31.36.0-255,66,129613,17,344341
5072,0.009397,74.125.200.0-255,5738,135351,17,344341
5073,0.009405,172.31.36.0-255,66,135417,17,344341
5074,0.011951,74.125.200.0-255,5738,141155,17,344341
5075,0.011959,172.31.36.0-255,66,141221,17,344341
5076,0.014513,74.125.200.0-255,5738,146959,17,344341
5077,0.014523,172.31.36.0-255,66,147025,17,344341
5078,0.017069,74.125.200.0-255,5738,152763,17,344341
5079,0.01708,172.31.36.0-255,66,152829,17,344341
5080,0.019628,74.125.200.0-255,5738,158567,17,344341
5081,0.019636,172.31.36.0-255,66,158633,17,344341
5082,0.022182,74.125.200.0-255,5738,164371,17,344341
5083,0.022191,172.31.36.0-255,66,164437,17,344341
5084,0.024774,74.125.200.0-255,5738,170175,17,344341
5085,0.024783,172.31.36.0-255,66,170241,17,344341
5086,0.027343,74.125.200.0-255,5738,175979,17,344341
5087,0.02735,172.31.36.0-255,66,176045,17,344341
5088,0.027797,172.31.36.0-255,164,176209,17,344341
5089,0.027827,172.31.36.0-255,1127,177336,17,344341
5090,0.027871,172.31.36.0-255,1514,178850,17,344341
5091,0.027873,172.31.36.0-255,1514,180364,17,344341
5092,0.027878,172.31.36.0-255,1514,181878,17,344341
5093,0.027879,172.31.36.0-255,1039,182917,17,344341
5094,0.029325,104.244.42.0-255,66,182983,17,344341
5095,0.029368,104.244.42.0-255,66,183049,17,344341
5096,0.02945,104.244.42.0-255,66,183115,17,344341
5097,0.029456,104.244.42.0-255,66,183181,17,344341
5098,0.029894,74.125.200.0-255,5738,188919,17,344341
5099,0.029901,172.31.36.0-255,66,188985,17,344341
5100,0.032449,74.125.200.0-255,5738,194723,17,344341
5101,0.032456,172.31.36.0-255,66,194789,17,344341
5102,0.035005,74.125.200.0-255,5738,200527,17,344341
5103,0.035012,172.31.36.0-255,66,200593,17,344341
5104,0.037572,74.125.200.0-255,5738,206331,17,344341
5105,0.037586,172.31.36.0-255,66,206397,17,344341
5106,0.040129,74.125.200.0-255,5738,212135,17,344341
5107,0.040136,172.31.36.0-255,66,212201,17,344341
5108,0.042677,74.125.200.0-255,5738,217939,17,344341
5109,0.042683,172.31.36.0-255,66,218005,17,344341
5110,0.045224,74.125.200.0-255,5738,223743,17,344341
5111,0.045229,172.31.36.0-255,66,223809,17,344341
5112,0.04778,74.125.200.0-255,5738,229547,17,344341
5113,0.047784,172.31.36.0-255,66,229613,17,344341
5114,0.050349,74.125.200.0-255,5738,235351,17,344341
5115,0.050358,172.31.36.0-255,66,235417,17,344341
5116,0.052905,74.125.200.0-255,5738,241155,17,344341
5117,0.052911,172.31.36.0-255,66,241221,17,344341
5118,0.055455,74.125.200.0-255,5738,246959,17,344341
5119,0.055466,172.31.36.0-255,66,247025,17,344341
5120,0.058011,74.125.200.0-255,4320,251345,17,344341
5121,0.058033,172.31.36.0-255,66,251411,17,344341
5122,0.058052,74.125.200.0-255,1484,252895,17,344341
5123,0.060577,74.125.200.0-255,4320,257215,17,344341
5124,0.060583,172.31.36.0-255,66,257281,17,344341
5125,0.063124,74.125.200.0-255,5738,263019,17,344341
5126,0.063129,172.31.36.0-255,66,263085,17,344341
5127,0.065684,74.125.200.0-255,5738,268823,17,344341
5128,0.065691,172.31.36.0-255,66,268889,17,344341
5129,0.068236,74.125.200.0-255,5738,274627,17,344341
5130,0.068242,172.31.36.0-255,66,274693,17,344341
5131,0.070785,74.125.200.0-255,5738,280431,17,344341
5132,0.070793,172.31.36.0-255,66,280497,17,344341
5133,0.07334,74.125.200.0-255,5738,286235,17,344341
5134,0.073346,172.31.36.0-255,66,286301,17,344341
5135,0.07591,74.125.200.0-255,5738,292039,17,344341
5136,0.075915,172.31.36.0-255,66,292105,17,344341
5137,0.078458,74.125.200.0-255,5738,297843,17,344341
5138,0.078463,172.31.36.0-255,66,297909,17,344341
5139,0.081006,74.125.200.0-255,5738,303647,17,344341
5140,0.081013,172.31.36.0-255,66,303713,17,344341
5141,0.083569,74.125.200.0-255,5738,309451,17,344341
5142,0.083575,172.31.36.0-255,66,309517,17,344341
5143,0.086133,74.125.200.0-255,5738,315255,17,344341
5144,0.086146,172.31.36.0-255,66,315321,17,344341
5145,0.088715,74.125.200.0-255,5738,321059,17,344341
5146,0.088728,172.31.36.0-255,66,321125,17,344341
5147,0.091283,74.125.200.0-255,5738,326863,17,344341
5148,0.09129,172.31.36.0-255,66,326929,17,344341
5149,0.093825,74.125.200.0-255,5738,332667,17,344341
5150,0.09383,172.31.36.0-255,66,332733,17,344341
5151,0.096372,74.125.200.0-255,5738,338471,17,344341
5152,0.096387,172.31.36.0-255,66,338537,17,344341
5153,0.098939,74.125.200.0-255,5738,344275,17,344341
5154,0.098948,172.31.36.0-255,66,344341,17,344341
5155,0.0,172.217.194.0-255,225,225,17,252946
5156,2.5e-05,172.31.36.0-255,66,291,17,252946
5157,3.2e-05,172.217.194.0-255,1484,1775,17,252946
5158,3.7e-05,172.31.36.0-255,66,1841,17,252946
5159,4.6e-05,172.217.194.0-255,4320,6161,17,252946
5160,4.9e-05,172.31.36.0-255,66,6227,17,252946
5161,0.000215,172.217.194.0-255,2902,9129,17,252946
5162,0.00022,172.31.36.0-255,66,9195,17,252946
5163,0.000336,172.217.194.0-255,4784,13979,17,252946
5164,0.000342,172.31.36.0-255,66,14045,17,252946
5165,0.00056,172.217.194.0-255,5738,19783,17,252946
5166,0.000566,172.31.36.0-255,66,19849,17,252946
5167,0.000584,172.217.194.0-255,4320,24169,17,252946
5168,0.000587,172.31.36.0-255,66,24235,17,252946
5169,0.000939,172.31.36.0-255,66,24301,17,252946
5170,0.002689,172.217.194.0-255,2902,27203,17,252946
5171,0.002696,172.31.36.0-255,66,27269,17,252946
5172,0.003591,172.217.194.0-255,2902,30171,17,252946
5173,0.003594,172.31.36.0-255,66,30237,17,252946
5174,0.005329,172.217.194.0-255,2902,33139,17,252946
5175,0.005333,172.31.36.0-255,66,33205,17,252946
5176,0.006243,172.217.194.0-255,2902,36107,17,252946
5177,0.006246,172.31.36.0-255,66,36173,17,252946
5178,0.007995,172.217.194.0-255,2902,39075,17,252946
5179,0.008002,172.31.36.0-255,66,39141,17,252946
5180,0.008881,172.217.194.0-255,2902,42043,17,252946
5181,0.008888,172.31.36.0-255,66,42109,17,252946
5182,0.010627,172.217.194.0-255,2902,45011,17,252946
5183,0.010635,172.31.36.0-255,66,45077,17,252946
5184,0.011522,172.217.194.0-255,2902,47979,17,252946
5185,0.011529,172.31.36.0-255,66,48045,17,252946
5186,0.01328,172.217.194.0-255,2902,50947,17,252946
5187,0.013288,172.31.36.0-255,66,51013,17,252946
5188,0.014183,172.217.194.0-255,2902,53915,17,252946
5189,0.014191,172.31.36.0-255,66,53981,17,252946
5190,0.015941,172.217.194.0-255,2902,56883,17,252946
5191,0.01595,172.31.36.0-255,66,56949,17,252946
5192,0.016818,172.217.194.0-255,2902,59851,17,252946
5193,0.016825,172.31.36.0-255,66,59917,17,252946
5194,0.018592,172.217.194.0-255,2902,62819,17,252946
5195,0.0186,172.31.36.0-255,66,62885,17,252946
5196,0.01947,172.217.194.0-255,2902,65787,17,252946
5197,0.019478,172.31.36.0-255,66,65853,17,252946
5198,0.021257,172.217.194.0-255,2902,68755,17,252946
5199,0.021264,172.31.36.0-255,66,68821,17,252946
5200,0.022103,172.217.194.0-255,2902,71723,17,252946
5201,0.022109,172.31.36.0-255,66,71789,17,252946
5202,0.023891,172.217.194.0-255,2902,74691,17,252946
5203,0.023902,172.31.36.0-255,66,74757,17,252946
5204,0.02476,172.217.194.0-255,2902,77659,17,252946
5205,0.024768,172.31.36.0-255,66,77725,17,252946
5206,0.026542,172.217.194.0-255,2902,80627,17,252946
5207,0.026552,172.31.36.0-255,66,80693,17,252946
5208,0.027411,172.217.194.0-255,2902,83595,17,252946
5209,0.027419,172.31.36.0-255,66,83661,17,252946
5210,0.029222,172.217.194.0-255,2902,86563,17,252946
5211,0.029229,172.31.36.0-255,66,86629,17,252946
5212,0.030056,172.217.194.0-255,2902,89531,17,252946
5213,0.030064,172.31.36.0-255,66,89597,17,252946
5214,0.031851,172.217.194.0-255,2902,92499,17,252946
5215,0.031859,172.31.36.0-255,66,92565,17,252946
5216,0.032704,172.217.194.0-255,2902,95467,17,252946
5217,0.032711,172.31.36.0-255,66,95533,17,252946
5218,0.03454,172.217.194.0-255,2902,98435,17,252946
5219,0.034552,172.31.36.0-255,66,98501,17,252946
5220,0.035396,172.217.194.0-255,2902,101403,17,252946
5221,0.035405,172.31.36.0-255,66,101469,17,252946
5222,0.03721,172.217.194.0-255,2902,104371,17,252946
5223,0.037218,172.31.36.0-255,66,104437,17,252946
5224,0.038061,172.217.194.0-255,2902,107339,17,252946
5225,0.038068,172.31.36.0-255,66,107405,17,252946
5226,0.038165,172.31.36.0-255,172,107577,17,252946
5227,0.038194,172.31.36.0-255,1117,108694,17,252946
5228,0.038307,172.31.36.0-255,1514,110208,17,252946
5229,0.038309,172.31.36.0-255,1514,111722,17,252946
5230,0.038314,172.31.36.0-255,1514,113236,17,252946
5231,0.038316,172.31.36.0-255,1514,114750,17,252946
5232,0.038335,172.31.36.0-255,1470,116220,17,252946
5233,0.039687,104.244.42.0-255,66,116286,17,252946
5234,0.039734,104.244.42.0-255,66,116352,17,252946
5235,0.039856,172.217.194.0-255,2902,119254,17,252946
5236,0.039863,172.31.36.0-255,66,119320,17,252946
5237,0.039881,104.244.42.0-255,66,119386,17,252946
5238,0.040756,172.217.194.0-255,2902,122288,17,252946
5239,0.040763,172.31.36.0-255,66,122354,17,252946
5240,0.042529,172.217.194.0-255,2902,125256,17,252946
5241,0.042535,172.31.36.0-255,66,125322,17,252946
5242,0.04342,172.217.194.0-255,2902,128224,17,252946
5243,0.043427,172.31.36.0-255,66,128290,17,252946
5244,0.045175,172.217.194.0-255,2902,131192,17,252946
5245,0.045183,172.31.36.0-255,66,131258,17,252946
5246,0.046098,172.217.194.0-255,2902,134160,17,252946
5247,0.046104,172.31.36.0-255,66,134226,17,252946
5248,0.047866,172.217.194.0-255,2902,137128,17,252946
5249,0.047873,172.31.36.0-255,66,137194,17,252946
5250,0.048746,172.217.194.0-255,2902,140096,17,252946
5251,0.048753,172.31.36.0-255,66,140162,17,252946
5252,0.050551,172.217.194.0-255,2902,143064,17,252946
5253,0.050566,172.31.36.0-255,66,143130,17,252946
5254,0.051394,172.217.194.0-255,2902,146032,17,252946
5255,0.0514,172.31.36.0-255,66,146098,17,252946
5256,0.053217,172.217.194.0-255,2902,149000,17,252946
5257,0.053223,172.31.36.0-255,66,149066,17,252946
5258,0.054068,172.217.194.0-255,2902,151968,17,252946
5259,0.054075,172.31.36.0-255,66,152034,17,252946
5260,0.055884,172.217.194.0-255,2902,154936,17,252946
5261,0.055891,172.31.36.0-255,66,155002,17,252946
5262,0.056729,172.217.194.0-255,2902,157904,17,252946
5263,0.056736,172.31.36.0-255,66,157970,17,252946
5264,0.058561,172.217.194.0-255,2902,160872,17,252946
5265,0.058568,172.31.36.0-255,66,160938,17,252946
5266,0.059382,172.217.194.0-255,2902,163840,17,252946
5267,0.059388,172.31.36.0-255,66,163906,17,252946
5268,0.061227,172.217.194.0-255,2902,166808,17,252946
5269,0.061235,172.31.36.0-255,66,166874,17,252946
5270,0.062162,172.217.194.0-255,2902,169776,17,252946
5271,0.062169,172.31.36.0-255,66,169842,17,252946
5272,0.063873,172.217.194.0-255,2902,172744,17,252946
5273,0.063881,172.31.36.0-255,66,172810,17,252946
5274,0.064812,172.217.194.0-255,2902,175712,17,252946
5275,0.064819,172.31.36.0-255,66,175778,17,252946
5276,0.066523,172.217.194.0-255,2902,178680,17,252946
5277,0.066533,172.31.36.0-255,66,178746,17,252946
5278,0.06747,172.217.194.0-255,2902,181648,17,252946
5279,0.067478,172.31.36.0-255,66,181714,17,252946
5280,0.069201,172.217.194.0-255,2902,184616,17,252946
5281,0.069208,172.31.36.0-255,66,184682,17,252946
5282,0.070193,172.217.194.0-255,2902,187584,17,252946
5283,0.0702,172.31.36.0-255,66,187650,17,252946
5284,0.071859,172.217.194.0-255,2902,190552,17,252946
5285,0.071866,172.31.36.0-255,66,190618,17,252946
5286,0.072851,172.217.194.0-255,2902,193520,17,252946
5287,0.072858,172.31.36.0-255,66,193586,17,252946
5288,0.074515,172.217.194.0-255,2902,196488,17,252946
5289,0.074523,172.31.36.0-255,66,196554,17,252946
5290,0.075555,172.217.194.0-255,2902,199456,17,252946
5291,0.075562,172.31.36.0-255,66,199522,17,252946
5292,0.077168,172.217.194.0-255,2902,202424,17,252946
5293,0.077176,172.31.36.0-255,66,202490,17,252946
5294,0.078206,172.217.194.0-255,2902,205392,17,252946
5295,0.078212,172.31.36.0-255,66,205458,17,252946
5296,0.079809,172.217.194.0-255,2902,208360,17,252946
5297,0.079816,172.31.36.0-255,66,208426,17,252946
5298,0.080859,172.217.194.0-255,2902,211328,17,252946
5299,0.080866,172.31.36.0-255,66,211394,17,252946
5300,0.082503,172.217.194.0-255,2902,214296,17,252946
5301,0.082512,172.31.36.0-255,66,214362,17,252946
5302,0.083521,172.217.194.0-255,2902,217264,17,252946
5303,0.083528,172.31.36.0-255,66,217330,17,252946
5304,0.085169,172.217.194.0-255,2902,220232,17,252946
5305,0.085174,172.31.36.0-255,66,220298,17,252946
5306,0.086178,172.217.194.0-255,2902,223200,17,252946
5307,0.086185,172.31.36.0-255,66,223266,17,252946
5308,0.087853,172.217.194.0-255,2902,226168,17,252946
5309,0.087861,172.31.36.0-255,66,226234,17,252946
5310,0.088834,172.217.194.0-255,2902,229136,17,252946
5311,0.088841,172.31.36.0-255,66,229202,17,252946
5312,0.090519,172.217.194.0-255,2902,232104,17,252946
5313,0.090526,172.31.36.0-255,66,232170,17,252946
5314,0.0915,172.217.194.0-255,2902,235072,17,252946
5315,0.091511,172.31.36.0-255,66,235138,17,252946
5316,0.093176,172.217.194.0-255,2902,238040,17,252946
5317,0.093185,172.31.36.0-255,66,238106,17,252946
5318,0.094156,172.217.194.0-255,2902,241008,17,252946
5319,0.094162,172.31.36.0-255,66,241074,17,252946
5320,0.095827,172.217.194.0-255,2902,243976,17,252946
5321,0.095834,172.31.36.0-255,66,244042,17,252946
5322,0.096799,172.217.194.0-255,2902,246944,17,252946
5323,0.096806,172.31.36.0-255,66,247010,17,252946
5324,0.098546,172.217.194.0-255,2902,249912,17,252946
5325,0.098556,172.31.36.0-255,66,249978,17,252946
5326,0.099463,172.217.194.0-255,2902,252880,17,252946
5327,0.099469,172.31.36.0-255,66,252946,17,252946
5328,0.0,74.125.68.0-255,214,214,17,341162
5329,0.000108,172.31.36.0-255,66,280,17,341162
5330,0.000115,74.125.68.0-255,1484,1764,17,341162
5331,0.000119,172.31.36.0-255,66,1830,17,341162
5332,0.000133,74.125.68.0-255,4320,6150,17,341162
5333,0.000137,172.31.36.0-255,66,6216,17,341162
5334,0.000141,74.125.68.0-255,2902,9118,17,341162
5335,0.000143,172.31.36.0-255,66,9184,17,341162
5336,0.000148,74.125.68.0-255,4320,13504,17,341162
5337,0.000152,172.31.36.0-255,66,13570,17,341162
5338,0.000155,74.125.68.0-255,436,14006,17,341162
5339,0.000157,172.31.36.0-255,66,14072,17,341162
5340,0.000189,74.125.68.0-255,1484,15556,17,341162
5341,0.000192,172.31.36.0-255,66,15622,17,341162
5342,0.000197,74.125.68.0-255,2902,18524,17,341162
5343,0.000199,172.31.36.0-255,66,18590,17,341162
5344,0.000202,74.125.68.0-255,1484,20074,17,341162
5345,0.000203,172.31.36.0-255,66,20140,17,341162
5346,0.000239,74.125.68.0-255,4320,24460,17,341162
5347,0.000243,172.31.36.0-255,66,24526,17,341162
5348,0.000275,74.125.68.0-255,4320,28846,17,341162
5349,0.000278,172.31.36.0-255,66,28912,17,341162
5350,0.000285,74.125.68.0-255,5379,34291,17,341162
5351,0.000287,172.31.36.0-255,66,34357,17,341162
5352,0.00033,74.125.68.0-255,2902,37259,17,341162
5353,0.000333,172.31.36.0-255,66,37325,17,341162
5354,0.000365,172.31.36.0-255,66,37391,17,341162
5355,0.000424,74.125.68.0-255,1125,38516,17,341162
5356,0.00043,172.31.36.0-255,66,38582,17,341162
5357,0.000454,74.125.68.0-255,1484,40066,17,341162
5358,0.000457,172.31.36.0-255,66,40132,17,341162
5359,0.000464,74.125.68.0-255,4320,44452,17,341162
5360,0.000469,172.31.36.0-255,66,44518,17,341162
5361,0.000507,172.31.36.0-255,66,44584,17,341162
5362,0.000559,74.125.68.0-255,1125,45709,17,341162
5363,0.000563,74.125.68.0-255,645,46354,17,341162
5364,0.000565,172.31.36.0-255,66,46420,17,341162
5365,0.000907,74.125.68.0-255,1484,47904,17,341162
5366,0.000923,74.125.68.0-255,2902,50806,17,341162
5367,0.000927,172.31.36.0-255,66,50872,17,341162
5368,0.000956,74.125.68.0-255,5738,56610,17,341162
5369,0.00096,172.31.36.0-255,66,56676,17,341162
5370,0.000982,74.125.68.0-255,1484,58160,17,341162
5371,0.001004,74.125.68.0-255,5738,63898,17,341162
5372,0.001007,172.31.36.0-255,66,63964,17,341162
5373,0.001032,74.125.68.0-255,4320,68284,17,341162
5374,0.001035,172.31.36.0-255,66,68350,17,341162
5375,0.001068,74.125.68.0-255,7156,75506,17,341162
5376,0.001072,172.31.36.0-255,66,75572,17,341162
5377,0.001126,74.125.68.0-255,5020,80592,17,341162
5378,0.001129,172.31.36.0-255,66,80658,17,341162
5379,0.001164,74.125.68.0-255,4320,84978,17,341162
5380,0.001168,172.31.36.0-255,66,85044,17,341162
5381,0.001191,74.125.68.0-255,1484,86528,17,341162
5382,0.001208,74.125.68.0-255,5738,92266,17,341162
5383,0.001212,172.31.36.0-255,66,92332,17,341162
5384,0.001236,74.125.68.0-255,7156,99488,17,341162
5385,0.001239,172.31.36.0-255,66,99554,17,341162
5386,0.001325,74.125.68.0-255,7156,106710,17,341162
5387,0.001329,172.31.36.0-255,66,106776,17,341162
5388,0.001367,172.31.36.0-255,66,106842,17,341162
5389,0.001449,74.125.68.0-255,5738,112580,17,341162
5390,0.001453,172.31.36.0-255,66,112646,17,341162
5391,0.001494,172.31.36.0-255,66,112712,17,341162
5392,0.00156,74.125.68.0-255,4320,117032,17,341162
5393,0.001564,172.31.36.0-255,66,117098,17,341162
5394,0.00159,74.125.68.0-255,4320,121418,17,341162
5395,0.001593,172.31.36.0-255,66,121484,17,341162
5396,0.001633,74.125.68.0-255,7156,128640,17,341162
5397,0.001637,172.31.36.0-255,66,128706,17,341162
5398,0.001665,74.125.68.0-255,2184,130890,17,341162
5399,0.001669,172.31.36.0-255,66,130956,17,341162
5400,0.001964,74.125.68.0-255,1484,132440,17,341162
5401,0.001974,74.125.68.0-255,2902,135342,17,341162
5402,0.001978,172.31.36.0-255,66,135408,17,341162
5403,0.001988,74.125.68.0-255,5738,141146,17,341162
5404,0.002,172.31.36.0-255,66,141212,17,341162
5405,0.002049,172.31.36.0-255,66,141278,17,341162
5406,0.0021,74.125.68.0-255,4320,145598,17,341162
5407,0.002105,172.31.36.0-255,66,145664,17,341162
5408,0.002135,74.125.68.0-255,5738,151402,17,341162
5409,0.002139,172.31.36.0-255,66,151468,17,341162
5410,0.002179,74.125.68.0-255,3602,155070,17,341162
5411,0.002183,172.31.36.0-255,66,155136,17,341162
5412,0.002214,74.125.68.0-255,4320,159456,17,341162
5413,0.002218,172.31.36.0-255,66,159522,17,341162
5414,0.002257,172.31.36.0-255,66,159588,17,341162
5415,0.002322,74.125.68.0-255,4320,163908,17,341162
5416,0.002327,172.31.36.0-255,66,163974,17,341162
5417,0.002355,74.125.68.0-255,1484,165458,17,341162
5418,0.002378,172.31.36.0-255,66,165524,17,341162
5419,0.002404,74.125.68.0-255,3602,169126,17,341162
5420,0.002408,172.31.36.0-255,66,169192,17,341162
5421,0.002488,74.125.68.0-255,7156,176348,17,341162
5422,0.002493,172.31.36.0-255,66,176414,17,341162
5423,0.002541,172.31.36.0-255,66,176480,17,341162
5424,0.002655,74.125.68.0-255,7156,183636,17,341162
5425,0.002662,172.31.36.0-255,66,183702,17,341162
5426,0.002711,74.125.68.0-255,4320,188022,17,341162
5427,0.002717,172.31.36.0-255,66,188088,17,341162
5428,0.004961,74.125.68.0-255,1484,189572,17,341162
5429,0.005,74.125.68.0-255,4320,193892,17,341162
5430,0.005011,172.31.36.0-255,66,193958,17,341162
5431,0.007315,74.125.68.0-255,5738,199696,17,341162
5432,0.007322,172.31.36.0-255,66,199762,17,341162
5433,0.009627,74.125.68.0-255,5738,205500,17,341162
5434,0.009634,172.31.36.0-255,66,205566,17,341162
5435,0.011937,74.125.68.0-255,5738,211304,17,341162
5436,0.011944,172.31.36.0-255,66,211370,17,341162
5437,0.014247,74.125.68.0-255,5738,217108,17,341162
5438,0.014258,172.31.36.0-255,66,217174,17,341162
5439,0.016563,74.125.68.0-255,5738,222912,17,341162
5440,0.016573,172.31.36.0-255,66,222978,17,341162
5441,0.018878,74.125.68.0-255,5738,228716,17,341162
5442,0.018889,172.31.36.0-255,66,228782,17,341162
5443,0.021209,74.125.68.0-255,5738,234520,17,341162
5444,0.021219,172.31.36.0-255,66,234586,17,341162
5445,0.023516,74.125.68.0-255,5738,240324,17,341162
5446,0.023523,172.31.36.0-255,66,240390,17,341162
5447,0.025826,74.125.68.0-255,5738,246128,17,341162
5448,0.025834,172.31.36.0-255,66,246194,17,341162
5449,0.027969,172.31.36.0-255,172,246366,17,341162
5450,0.028005,172.31.36.0-255,1118,247484,17,341162
5451,0.028071,172.31.36.0-255,1514,248998,17,341162
5452,0.028073,172.31.36.0-255,1270,250268,17,341162
5453,0.028148,74.125.68.0-255,5738,256006,17,341162
5454,0.028153,172.31.36.0-255,66,256072,17,341162
5455,0.029514,104.244.42.0-255,66,256138,17,341162
5456,0.029551,104.244.42.0-255,66,256204,17,341162
5457,0.02966,104.244.42.0-255,66,256270,17,341162
5458,0.030466,74.125.68.0-255,5738,262008,17,341162
5459,0.030472,172.31.36.0-255,66,262074,17,341162
5460,0.032795,74.125.68.0-255,5738,267812,17,341162
5461,0.032802,172.31.36.0-255,66,267878,17,341162
5462,0.035107,74.125.68.0-255,5738,273616,17,341162
5463,0.035114,172.31.36.0-255,66,273682,17,341162
5464,0.037424,74.125.68.0-255,5738,279420,17,341162
5465,0.037431,172.31.36.0-255,66,279486,17,341162
5466,0.03974,74.125.68.0-255,5738,285224,17,341162
5467,0.039746,172.31.36.0-255,66,285290,17,341162
5468,0.042059,74.125.68.0-255,5738,291028,17,341162
5469,0.042066,172.31.36.0-255,66,291094,17,341162
5470,0.044371,74.125.68.0-255,5738,296832,17,341162
5471,0.04438,172.31.36.0-255,66,296898,17,341162
5472,0.04669,74.125.68.0-255,5738,302636,17,341162
5473,0.046697,172.31.36.0-255,66,302702,17,341162
5474,0.049028,74.125.68.0-255,5738,308440,17,341162
5475,0.049034,172.31.36.0-255,66,308506,17,341162
5476,0.051353,74.125.68.0-255,5738,314244,17,341162
5477,0.05136,172.31.36.0-255,66,314310,17,341162
5478,0.05368,74.125.68.0-255,5738,320048,17,341162
5479,0.05369,172.31.36.0-255,66,320114,17,341162
5480,0.056007,74.125.68.0-255,5738,325852,17,341162
5481,0.056014,172.31.36.0-255,66,325918,17,341162
5482,0.058334,74.125.68.0-255,5738,331656,17,341162
5483,0.058342,172.31.36.0-255,66,331722,17,341162
5484,0.060646,74.125.68.0-255,5738,337460,17,341162
5485,0.060652,172.31.36.0-255,66,337526,17,341162
5486,0.062978,74.125.68.0-255,3399,340925,17,341162
5487,0.062986,172.31.36.0-255,66,340991,17,341162
5488,0.063191,172.31.36.0-255,105,341096,17,341162
5489,0.065474,74.125.68.0-255,66,341162,17,341162
5490,0.0,172.217.194.0-255,150,150,17,156403
5491,3.4e-05,172.31.36.0-255,66,216,17,156403
5492,4.2e-05,172.217.194.0-255,1484,1700,17,156403
5493,4.6e-05,172.31.36.0-255,66,1766,17,156403
5494,5.1e-05,172.217.194.0-255,2902,4668,17,156403
5495,6.1e-05,172.31.36.0-255,66,4734,17,156403
5496,6.9e-05,172.217.194.0-255,7156,11890,17,156403
5497,7.2e-05,172.31.36.0-255,66,11956,17,156403
5498,7.6e-05,172.217.194.0-255,2001,13957,17,156403
5499,7.8e-05,172.31.36.0-255,66,14023,17,156403
5500,0.000104,172.217.194.0-255,2902,16925,17,156403
5501,0.000108,172.31.36.0-255,66,16991,17,156403
5502,0.000111,172.217.194.0-255,1484,18475,17,156403
5503,0.000113,172.31.36.0-255,66,18541,17,156403
5504,0.000136,172.217.194.0-255,5738,24279,17,156403
5505,0.00014,172.31.36.0-255,66,24345,17,156403
5506,0.000169,172.217.194.0-255,4320,28665,17,156403
5507,0.000173,172.31.36.0-255,66,28731,17,156403
5508,0.000197,172.217.194.0-255,2543,31274,17,156403
5509,0.000199,172.31.36.0-255,66,31340,17,156403
5510,0.00056,172.217.194.0-255,1484,32824,17,156403
5511,0.000566,172.31.36.0-255,66,32890,17,156403
5512,0.000571,172.217.194.0-255,1484,34374,17,156403
5513,0.000573,172.31.36.0-255,66,34440,17,156403
5514,0.000591,172.217.194.0-255,1484,35924,17,156403
5515,0.000595,172.31.36.0-255,66,35990,17,156403
5516,0.000608,172.217.194.0-255,5738,41728,17,156403
5517,0.00061,172.31.36.0-255,66,41794,17,156403
5518,0.000651,172.217.194.0-255,4320,46114,17,156403
5519,0.000655,172.31.36.0-255,66,46180,17,156403
5520,0.000701,172.31.36.0-255,66,46246,17,156403
5521,0.000713,172.31.36.0-255,66,46312,17,156403
5522,0.001042,172.217.194.0-255,98,46410,17,156403
5523,0.00149,172.217.194.0-255,1484,47894,17,156403
5524,0.001496,172.31.36.0-255,66,47960,17,156403
5525,0.001503,172.217.194.0-255,2902,50862,17,156403
5526,0.001506,172.31.36.0-255,66,50928,17,156403
5527,0.001509,172.217.194.0-255,1484,52412,17,156403
5528,0.001545,172.217.194.0-255,4320,56732,17,156403
5529,0.001547,172.31.36.0-255,66,56798,17,156403
5530,0.001558,172.31.36.0-255,66,56864,17,156403
5531,0.00158,172.217.194.0-255,2902,59766,17,156403
5532,0.001582,172.31.36.0-255,66,59832,17,156403
5533,0.001605,172.217.194.0-255,2902,62734,17,156403
5534,0.001607,172.31.36.0-255,66,62800,17,156403
5535,0.001635,172.31.36.0-255,66,62866,17,156403
5536,0.001795,172.217.194.0-255,1484,64350,17,156403
5537,0.001799,172.217.194.0-255,2902,67252,17,156403
5538,0.001802,172.31.36.0-255,66,67318,17,156403
5539,0.001827,172.217.194.0-255,5738,73056,17,156403
5540,0.001829,172.31.36.0-255,66,73122,17,156403
5541,0.001847,172.217.194.0-255,4320,77442,17,156403
5542,0.001849,172.31.36.0-255,66,77508,17,156403
5543,0.001879,172.31.36.0-255,66,77574,17,156403
5544,0.001885,172.217.194.0-255,5738,83312,17,156403
5545,0.001887,172.31.36.0-255,66,83378,17,156403
5546,0.001906,172.217.194.0-255,5020,88398,17,156403
5547,0.001909,172.31.36.0-255,66,88464,17,156403
5548,0.00192,172.31.36.0-255,66,88530,17,156403
5549,0.001962,172.31.36.0-255,66,88596,17,156403
5550,0.001971,172.31.36.0-255,66,88662,17,156403
5551,0.001993,172.217.194.0-255,1484,90146,17,156403
5552,0.001997,172.217.194.0-255,2902,93048,17,156403
5553,0.001999,172.31.36.0-255,66,93114,17,156403
5554,0.002003,172.217.194.0-255,2902,96016,17,156403
5555,0.002005,172.31.36.0-255,66,96082,17,156403
5556,0.002039,172.217.194.0-255,2902,98984,17,156403
5557,0.002041,172.31.36.0-255,66,99050,17,156403
5558,0.002048,172.217.194.0-255,7156,106206,17,156403
5559,0.00205,172.31.36.0-255,66,106272,17,156403
5560,0.00206,172.31.36.0-255,66,106338,17,156403
5561,0.002084,172.217.194.0-255,2902,109240,17,156403
5562,0.002086,172.31.36.0-255,66,109306,17,156403
5563,0.00209,172.217.194.0-255,2184,111490,17,156403
5564,0.002092,172.31.36.0-255,66,111556,17,156403
5565,0.002095,172.217.194.0-255,2902,114458,17,156403
5566,0.002097,172.31.36.0-255,66,114524,17,156403
5567,0.002101,172.217.194.0-255,2902,117426,17,156403
5568,0.002104,172.31.36.0-255,66,117492,17,156403
5569,0.002129,172.217.194.0-255,4320,121812,17,156403
5570,0.002131,172.31.36.0-255,66,121878,17,156403
5571,0.002138,172.217.194.0-255,7156,129034,17,156403
5572,0.00214,172.31.36.0-255,66,129100,17,156403
5573,0.002179,172.31.36.0-255,66,129166,17,156403
5574,0.002181,172.217.194.0-255,1484,130650,17,156403
5575,0.002185,172.217.194.0-255,2902,133552,17,156403
5576,0.002187,172.31.36.0-255,66,133618,17,156403
5577,0.00219,172.217.194.0-255,1484,135102,17,156403
5578,0.002203,172.31.36.0-255,66,135168,17,156403
5579,0.002231,172.217.194.0-255,766,135934,17,156403
5580,0.002234,172.217.194.0-255,1484,137418,17,156403
5581,0.002236,172.31.36.0-255,66,137484,17,156403
5582,0.002248,172.217.194.0-255,5738,143222,17,156403
5583,0.002251,172.31.36.0-255,66,143288,17,156403
5584,0.002264,172.31.36.0-255,66,143354,17,156403
5585,0.002266,172.217.194.0-255,1484,144838,17,156403
5586,0.002319,172.31.36.0-255,66,144904,17,156403
5587,0.002332,172.31.36.0-255,66,144970,17,156403
5588,0.002418,172.31.36.0-255,66,145036,17,156403
5589,0.00244,172.31.36.0-255,66,145102,17,156403
5590,0.002469,172.217.194.0-255,1484,146586,17,156403
5591,0.002489,172.31.36.0-255,66,146652,17,156403
5592,0.002495,172.217.194.0-255,4320,150972,17,156403
5593,0.002497,172.31.36.0-255,66,151038,17,156403
5594,0.002545,172.31.36.0-255,66,151104,17,156403
5595,0.002548,172.217.194.0-255,97,151201,17,156403
5596,0.00255,172.217.194.0-255,105,151306,17,156403
5597,0.002552,172.217.194.0-255,129,151435,17,156403
5598,0.007568,172.31.36.0-255,105,151540,17,156403
5599,0.007595,172.31.36.0-255,105,151645,17,156403
5600,0.007855,172.31.36.0-255,90,151735,17,156403
5601,0.007865,172.31.36.0-255,66,151801,17,156403
5602,0.009601,172.217.194.0-255,66,151867,17,156403
5603,0.009651,172.217.194.0-255,66,151933,17,156403
5604,0.009896,172.217.194.0-255,66,151999,17,156403
5605,0.009927,172.217.194.0-255,66,152065,17,156403
5606,0.009933,172.31.36.0-255,66,152131,17,156403
5607,0.034146,172.31.36.0-255,172,152303,17,156403
5608,0.03418,172.31.36.0-255,1116,153419,17,156403
5609,0.034221,172.31.36.0-255,1514,154933,17,156403
5610,0.034223,172.31.36.0-255,1272,156205,17,156403
5611,0.035663,104.244.42.0-255,66,156271,17,156403
5612,0.035735,104.244.42.0-255,66,156337,17,156403
5613,0.035765,104.244.42.0-255,66,156403,17,156403
5614,0.0,172.217.194.0-255,153,153,17,391631
5615,3.2e-05,172.31.36.0-255,66,219,17,391631
5616,4e-05,172.217.194.0-255,1484,1703,17,391631
5617,4.4e-05,172.31.36.0-255,66,1769,17,391631
5618,4.9e-05,172.217.194.0-255,2902,4671,17,391631
5619,6e-05,172.31.36.0-255,66,4737,17,391631
5620,6.6e-05,172.217.194.0-255,7156,11893,17,391631
5621,6.9e-05,172.31.36.0-255,66,11959,17,391631
5622,0.000102,172.217.194.0-255,2069,14028,17,391631
5623,0.000105,172.31.36.0-255,66,14094,17,391631
5624,0.000261,172.217.194.0-255,1484,15578,17,391631
5625,0.000266,172.31.36.0-255,66,15644,17,391631
5626,0.00027,172.217.194.0-255,1484,17128,17,391631
5627,0.000275,172.31.36.0-255,66,17194,17,391631
5628,0.000295,172.217.194.0-255,1484,18678,17,391631
5629,0.000298,172.31.36.0-255,66,18744,17,391631
5630,0.000308,172.217.194.0-255,2902,21646,17,391631
5631,0.000311,172.31.36.0-255,66,21712,17,391631
5632,0.000316,172.217.194.0-255,4320,26032,17,391631
5633,0.000318,172.31.36.0-255,66,26098,17,391631
5634,0.000348,172.217.194.0-255,5379,31477,17,391631
5635,0.000352,172.31.36.0-255,66,31543,17,391631
5636,0.000408,172.217.194.0-255,5738,37281,17,391631
5637,0.000413,172.31.36.0-255,66,37347,17,391631
5638,0.000418,172.217.194.0-255,4320,41667,17,391631
5639,0.000421,172.31.36.0-255,66,41733,17,391631
5640,0.000449,172.217.194.0-255,6797,48530,17,391631
5641,0.000453,172.31.36.0-255,66,48596,17,391631
5642,0.000501,172.217.194.0-255,1484,50080,17,391631
5643,0.000504,172.31.36.0-255,66,50146,17,391631
5644,0.000517,172.217.194.0-255,2902,53048,17,391631
5645,0.000525,172.31.36.0-255,66,53114,17,391631
5646,0.000531,172.217.194.0-255,4320,57434,17,391631
5647,0.000533,172.31.36.0-255,66,57500,17,391631
5648,0.00056,172.217.194.0-255,1484,58984,17,391631
5649,0.000572,172.217.194.0-255,6797,65781,17,391631
5650,0.000575,172.31.36.0-255,66,65847,17,391631
5651,0.000602,172.217.194.0-255,5738,71585,17,391631
5652,0.000605,172.31.36.0-255,66,71651,17,391631
5653,0.000629,172.217.194.0-255,4320,75971,17,391631
5654,0.000632,172.31.36.0-255,66,76037,17,391631
5655,0.00066,172.217.194.0-255,2902,78939,17,391631
5656,0.000664,172.31.36.0-255,66,79005,17,391631
5657,0.000669,172.217.194.0-255,3961,82966,17,391631
5658,0.000671,172.31.36.0-255,66,83032,17,391631
5659,0.001317,172.217.194.0-255,1484,84516,17,391631
5660,0.001328,172.217.194.0-255,2902,87418,17,391631
5661,0.001333,172.31.36.0-255,66,87484,17,391631
5662,0.00134,172.217.194.0-255,5738,93222,17,391631
5663,0.001342,172.31.36.0-255,66,93288,17,391631
5664,0.001376,172.217.194.0-255,6797,100085,17,391631
5665,0.00138,172.31.36.0-255,66,100151,17,391631
5666,0.001647,172.217.194.0-255,1484,101635,17,391631
5667,0.001654,172.217.194.0-255,2902,104537,17,391631
5668,0.001658,172.31.36.0-255,66,104603,17,391631
5669,0.001664,172.217.194.0-255,4320,108923,17,391631
5670,0.001666,172.31.36.0-255,66,108989,17,391631
5671,0.001701,172.31.36.0-255,66,109055,17,391631
5672,0.001759,172.217.194.0-255,5738,114793,17,391631
5673,0.001762,172.31.36.0-255,66,114859,17,391631
5674,0.001797,172.31.36.0-255,66,114925,17,391631
5675,0.002121,172.217.194.0-255,1484,116409,17,391631
5676,0.002137,172.217.194.0-255,2902,119311,17,391631
5677,0.00214,172.31.36.0-255,66,119377,17,391631
5678,0.002146,172.217.194.0-255,4320,123697,17,391631
5679,0.002148,172.31.36.0-255,66,123763,17,391631
5680,0.002166,172.217.194.0-255,1484,125247,17,391631
5681,0.002181,172.31.36.0-255,66,125313,17,391631
5682,0.002208,172.217.194.0-255,4320,129633,17,391631
5683,0.00221,172.31.36.0-255,66,129699,17,391631
5684,0.002247,172.217.194.0-255,1484,131183,17,391631
5685,0.002257,172.217.194.0-255,1484,132667,17,391631
5686,0.002259,172.31.36.0-255,66,132733,17,391631
5687,0.002265,172.217.194.0-255,5738,138471,17,391631
5688,0.002267,172.31.36.0-255,66,138537,17,391631
5689,0.0023,172.217.194.0-255,2184,140721,17,391631
5690,0.002302,172.31.36.0-255,66,140787,17,391631
5691,0.004488,172.217.194.0-255,2902,143689,17,391631
5692,0.004492,172.31.36.0-255,66,143755,17,391631
5693,0.004532,172.217.194.0-255,1484,145239,17,391631
5694,0.004544,172.217.194.0-255,1484,146723,17,391631
5695,0.004547,172.31.36.0-255,66,146789,17,391631
5696,0.006754,172.217.194.0-255,2902,149691,17,391631
5697,0.006761,172.31.36.0-255,66,149757,17,391631
5698,0.00679,172.217.194.0-255,2902,152659,17,391631
5699,0.006793,172.31.36.0-255,66,152725,17,391631
5700,0.009018,172.217.194.0-255,5738,158463,17,391631
5701,0.009027,172.31.36.0-255,66,158529,17,391631
5702,0.01126,172.217.194.0-255,5738,164267,17,391631
5703,0.011267,172.31.36.0-255,66,164333,17,391631
5704,0.0135,172.217.194.0-255,5738,170071,17,391631
5705,0.013508,172.31.36.0-255,66,170137,17,391631
5706,0.015789,172.217.194.0-255,5738,175875,17,391631
5707,0.015797,172.31.36.0-255,66,175941,17,391631
5708,0.018029,172.217.194.0-255,5738,181679,17,391631
5709,0.018039,172.31.36.0-255,66,181745,17,391631
5710,0.0203,172.217.194.0-255,5738,187483,17,391631
5711,0.02031,172.31.36.0-255,66,187549,17,391631
5712,0.022607,172.217.194.0-255,5738,193287,17,391631
5713,0.022614,172.31.36.0-255,66,193353,17,391631
5714,0.024834,172.31.36.0-255,172,193525,17,391631
5715,0.024868,172.217.194.0-255,4320,197845,17,391631
5716,0.024874,172.31.36.0-255,66,197911,17,391631
5717,0.024878,172.31.36.0-255,1117,199028,17,391631
5718,0.024901,172.31.36.0-255,1514,200542,17,391631
5719,0.024902,172.217.194.0-255,1484,202026,17,391631
5720,0.024902,172.31.36.0-255,1271,203297,17,391631
5721,0.026398,104.244.42.0-255,66,203363,17,391631
5722,0.026446,104.244.42.0-255,66,203429,17,391631
5723,0.026448,104.244.42.0-255,66,203495,17,391631
5724,0.02709,172.217.194.0-255,2902,206397,17,391631
5725,0.027095,172.31.36.0-255,66,206463,17,391631
5726,0.027124,172.217.194.0-255,1484,207947,17,391631
5727,0.029339,172.217.194.0-255,4320,212267,17,391631
5728,0.029345,172.31.36.0-255,66,212333,17,391631
5729,0.031586,172.217.194.0-255,5738,218071,17,391631
5730,0.031591,172.31.36.0-255,66,218137,17,391631
5731,0.033867,172.217.194.0-255,5738,223875,17,391631
5732,0.033873,172.31.36.0-255,66,223941,17,391631
5733,0.03611,172.217.194.0-255,5738,229679,17,391631
5734,0.036116,172.31.36.0-255,66,229745,17,391631
5735,0.03836,172.217.194.0-255,5738,235483,17,391631
5736,0.038365,172.31.36.0-255,66,235549,17,391631
5737,0.040622,172.217.194.0-255,5738,241287,17,391631
5738,0.040628,172.31.36.0-255,66,241353,17,391631
5739,0.042884,172.217.194.0-255,5738,247091,17,391631
5740,0.042891,172.31.36.0-255,66,247157,17,391631
5741,0.045126,172.217.194.0-255,5738,252895,17,391631
5742,0.045133,172.31.36.0-255,66,252961,17,391631
5743,0.047378,172.217.194.0-255,5738,258699,17,391631
5744,0.047383,172.31.36.0-255,66,258765,17,391631
5745,0.049646,172.217.194.0-255,5738,264503,17,391631
5746,0.049652,172.31.36.0-255,66,264569,17,391631
5747,0.05191,172.217.194.0-255,4320,268889,17,391631
5748,0.051915,172.31.36.0-255,66,268955,17,391631
5749,0.051949,172.217.194.0-255,1484,270439,17,391631
5750,0.054153,172.217.194.0-255,4320,274759,17,391631
5751,0.054158,172.31.36.0-255,66,274825,17,391631
5752,0.056381,172.217.194.0-255,5738,280563,17,391631
5753,0.056388,172.31.36.0-255,66,280629,17,391631
5754,0.058636,172.217.194.0-255,5738,286367,17,391631
5755,0.058642,172.31.36.0-255,66,286433,17,391631
5756,0.060903,172.217.194.0-255,5738,292171,17,391631
5757,0.060909,172.31.36.0-255,66,292237,17,391631
5758,0.063158,172.217.194.0-255,5738,297975,17,391631
5759,0.063164,172.31.36.0-255,66,298041,17,391631
5760,0.065398,172.217.194.0-255,5738,303779,17,391631
5761,0.065403,172.31.36.0-255,66,303845,17,391631
5762,0.067657,172.217.194.0-255,5738,309583,17,391631
5763,0.067663,172.31.36.0-255,66,309649,17,391631
5764,0.069921,172.217.194.0-255,5738,315387,17,391631
5765,0.069926,172.31.36.0-255,66,315453,17,391631
5766,0.072172,172.217.194.0-255,2902,318355,17,391631
5767,0.072177,172.31.36.0-255,66,318421,17,391631
5768,0.072217,172.217.194.0-255,2902,321323,17,391631
5769,0.07222,172.31.36.0-255,66,321389,17,391631
5770,0.074403,172.217.194.0-255,2902,324291,17,391631
5771,0.074408,172.31.36.0-255,66,324357,17,391631
5772,0.074476,172.217.194.0-255,2902,327259,17,391631
5773,0.074479,172.31.36.0-255,66,327325,17,391631
5774,0.076648,172.217.194.0-255,2902,330227,17,391631
5775,0.076653,172.31.36.0-255,66,330293,17,391631
5776,0.076707,172.217.194.0-255,2902,333195,17,391631
5777,0.07671,172.31.36.0-255,66,333261,17,391631
5778,0.078866,172.217.194.0-255,2902,336163,17,391631
5779,0.078872,172.31.36.0-255,66,336229,17,391631
5780,0.078922,172.217.194.0-255,2902,339131,17,391631
5781,0.078926,172.31.36.0-255,66,339197,17,391631
5782,0.081126,172.217.194.0-255,2902,342099,17,391631
5783,0.081131,172.31.36.0-255,66,342165,17,391631
5784,0.081171,172.217.194.0-255,2902,345067,17,391631
5785,0.081174,172.31.36.0-255,66,345133,17,391631
5786,0.083355,172.217.194.0-255,1484,346617,17,391631
5787,0.08342,172.217.194.0-255,4320,350937,17,391631
5788,0.083426,172.31.36.0-255,66,351003,17,391631
5789,0.085668,172.217.194.0-255,5738,356741,17,391631
5790,0.085673,172.31.36.0-255,66,356807,17,391631
5791,0.087922,172.217.194.0-255,5738,362545,17,391631
5792,0.087928,172.31.36.0-255,66,362611,17,391631
5793,0.090178,172.217.194.0-255,5738,368349,17,391631
5794,0.090183,172.31.36.0-255,66,368415,17,391631
5795,0.092442,172.217.194.0-255,5738,374153,17,391631
5796,0.092448,172.31.36.0-255,66,374219,17,391631
5797,0.094708,172.217.194.0-255,5738,379957,17,391631
5798,0.094715,172.31.36.0-255,66,380023,17,391631
5799,0.096942,172.217.194.0-255,5738,385761,17,391631
5800,0.09695,172.31.36.0-255,66,385827,17,391631
5801,0.099215,172.217.194.0-255,5738,391565,17,391631
5802,0.099221,172.31.36.0-255,66,391631,17,391631
5803,0.0,74.125.24.0-255,152,152,17,182896
5804,2e-05,172.31.36.0-255,66,218,17,182896
5805,2.7e-05,74.125.24.0-255,1484,1702,17,182896
5806,3.1e-05,172.31.36.0-255,66,1768,17,182896
5807,3.8e-05,74.125.24.0-255,2902,4670,17,182896
5808,5.1e-05,172.31.36.0-255,66,4736,17,182896
5809,5.9e-05,74.125.24.0-255,7156,11892,17,182896
5810,6.3e-05,172.31.36.0-255,66,11958,17,182896
5811,6.7e-05,74.125.24.0-255,2002,13960,17,182896
5812,7.1e-05,172.31.36.0-255,66,14026,17,182896
5813,7.6e-05,74.125.24.0-255,2902,16928,17,182896
5814,7.8e-05,172.31.36.0-255,66,16994,17,182896
5815,8.4e-05,74.125.24.0-255,4320,21314,17,182896
5816,8.7e-05,172.31.36.0-255,66,21380,17,182896
5817,0.000113,74.125.24.0-255,2902,24282,17,182896
5818,0.000116,172.31.36.0-255,66,24348,17,182896
5819,0.000128,74.125.24.0-255,6797,31145,17,182896
5820,0.000131,172.31.36.0-255,66,31211,17,182896
5821,0.000188,74.125.24.0-255,1484,32695,17,182896
5822,0.000191,172.31.36.0-255,66,32761,17,182896
5823,0.000195,74.125.24.0-255,2902,35663,17,182896
5824,0.000198,172.31.36.0-255,66,35729,17,182896
5825,0.000215,74.125.24.0-255,1484,37213,17,182896
5826,0.000217,172.31.36.0-255,66,37279,17,182896
5827,0.000226,74.125.24.0-255,2902,40181,17,182896
5828,0.000229,172.31.36.0-255,66,40247,17,182896
5829,0.000235,74.125.24.0-255,5738,45985,17,182896
5830,0.000238,172.31.36.0-255,66,46051,17,182896
5831,0.000285,172.31.36.0-255,66,46117,17,182896
5832,0.000296,172.31.36.0-255,66,46183,17,182896
5833,0.000303,74.125.24.0-255,116,46299,17,182896
5834,0.000308,74.125.24.0-255,330,46629,17,182896
5835,0.000723,74.125.24.0-255,1484,48113,17,182896
5836,0.000729,172.31.36.0-255,66,48179,17,182896
5837,0.000735,74.125.24.0-255,2902,51081,17,182896
5838,0.000737,172.31.36.0-255,66,51147,17,182896
5839,0.000749,74.125.24.0-255,5738,56885,17,182896
5840,0.000751,172.31.36.0-255,66,56951,17,182896
5841,0.000763,172.31.36.0-255,66,57017,17,182896
5842,0.000799,172.31.36.0-255,66,57083,17,182896
5843,0.000825,74.125.24.0-255,3051,60134,17,182896
5844,0.000828,172.31.36.0-255,66,60200,17,182896
5845,0.000843,172.31.36.0-255,66,60266,17,182896
5846,0.000863,172.31.36.0-255,66,60332,17,182896
5847,0.000869,74.125.24.0-255,5020,65352,17,182896
5848,0.000871,172.31.36.0-255,66,65418,17,182896
5849,0.000942,74.125.24.0-255,1484,66902,17,182896
5850,0.000948,74.125.24.0-255,2902,69804,17,182896
5851,0.00095,172.31.36.0-255,66,69870,17,182896
5852,0.00098,74.125.24.0-255,5738,75608,17,182896
5853,0.000983,172.31.36.0-255,66,75674,17,182896
5854,0.001011,172.31.36.0-255,66,75740,17,182896
5855,0.001027,172.31.36.0-255,66,75806,17,182896
5856,0.001069,74.125.24.0-255,2184,77990,17,182896
5857,0.001072,172.31.36.0-255,66,78056,17,182896
5858,0.001078,74.125.24.0-255,2902,80958,17,182896
5859,0.00108,172.31.36.0-255,66,81024,17,182896
5860,0.001085,74.125.24.0-255,2902,83926,17,182896
5861,0.001087,172.31.36.0-255,66,83992,17,182896
5862,0.00112,74.125.24.0-255,4320,88312,17,182896
5863,0.001123,172.31.36.0-255,66,88378,17,182896
5864,0.001144,172.31.36.0-255,66,88444,17,182896
5865,0.001152,74.125.24.0-255,7156,95600,17,182896
5866,0.001155,172.31.36.0-255,66,95666,17,182896
5867,0.001201,172.31.36.0-255,66,95732,17,182896
5868,0.001216,172.31.36.0-255,66,95798,17,182896
5869,0.00123,172.31.36.0-255,66,95864,17,182896
5870,0.001379,74.125.24.0-255,1484,97348,17,182896
5871,0.001384,74.125.24.0-255,2902,100250,17,182896
5872,0.001388,172.31.36.0-255,66,100316,17,182896
5873,0.001393,74.125.24.0-255,2902,103218,17,182896
5874,0.001395,172.31.36.0-255,66,103284,17,182896
5875,0.001413,74.125.24.0-255,2902,106186,17,182896
5876,0.001415,172.31.36.0-255,66,106252,17,182896
5877,0.00144,172.31.36.0-255,66,106318,17,182896
5878,0.001477,172.31.36.0-255,66,106384,17,182896
5879,0.001505,74.125.24.0-255,3602,109986,17,182896
5880,0.001508,172.31.36.0-255,66,110052,17,182896
5881,0.001795,74.125.24.0-255,1484,111536,17,182896
5882,0.001799,74.125.24.0-255,1484,113020,17,182896
5883,0.001803,172.31.36.0-255,66,113086,17,182896
5884,0.001836,74.125.24.0-255,1484,114570,17,182896
5885,0.001843,74.125.24.0-255,5738,120308,17,182896
5886,0.001845,172.31.36.0-255,66,120374,17,182896
5887,0.001864,172.31.36.0-255,66,120440,17,182896
5888,0.001912,172.31.36.0-255,66,120506,17,182896
5889,0.002009,74.125.24.0-255,1484,121990,17,182896
5890,0.002015,74.125.24.0-255,2902,124892,17,182896
5891,0.002019,172.31.36.0-255,66,124958,17,182896
5892,0.002025,74.125.24.0-255,4320,129278,17,182896
5893,0.002027,172.31.36.0-255,66,129344,17,182896
5894,0.00207,172.31.36.0-255,66,129410,17,182896
5895,0.002116,74.125.24.0-255,4320,133730,17,182896
5896,0.002118,172.31.36.0-255,66,133796,17,182896
5897,0.002163,172.31.36.0-255,66,133862,17,182896
5898,0.002186,172.31.36.0-255,66,133928,17,182896
5899,0.0022,172.31.36.0-255,66,133994,17,182896
5900,0.002435,172.31.36.0-255,101,134095,17,182896
5901,0.004491,74.125.24.0-255,5738,139833,17,182896
5902,0.004497,172.31.36.0-255,66,139899,17,182896
5903,0.004669,74.125.24.0-255,66,139965,17,182896
5904,0.006771,74.125.24.0-255,5738,145703,17,182896
5905,0.006779,172.31.36.0-255,66,145769,17,182896
5906,0.009041,74.125.24.0-255,5738,151507,17,182896
5907,0.009047,172.31.36.0-255,66,151573,17,182896
5908,0.011312,74.125.24.0-255,5738,157311,17,182896
5909,0.011318,172.31.36.0-255,66,157377,17,182896
5910,0.013608,74.125.24.0-255,5738,163115,17,182896
5911,0.013617,172.31.36.0-255,66,163181,17,182896
5912,0.015879,74.125.24.0-255,5738,168919,17,182896
5913,0.015887,172.31.36.0-255,66,168985,17,182896
5914,0.01818,74.125.24.0-255,5738,174723,17,182896
5915,0.018189,172.31.36.0-255,66,174789,17,182896
5916,0.020473,74.125.24.0-255,3596,178385,17,182896
5917,0.020483,172.31.36.0-255,66,178451,17,182896
5918,0.020902,172.31.36.0-255,105,178556,17,182896
5919,0.027136,74.125.24.0-255,66,178622,17,182896
5920,0.034292,172.31.36.0-255,172,178794,17,182896
5921,0.034323,172.31.36.0-255,1116,179910,17,182896
5922,0.034366,172.31.36.0-255,1514,181424,17,182896
5923,0.034368,172.31.36.0-255,1274,182698,17,182896
5924,0.035782,104.244.42.0-255,66,182764,17,182896
5925,0.035845,104.244.42.0-255,66,182830,17,182896
5926,0.035873,104.244.42.0-255,66,182896,17,182896
5927,0.0,74.125.68.0-255,153,153,17,365737
5928,3.3e-05,172.31.36.0-255,66,219,17,365737
5929,4.1e-05,74.125.68.0-255,1484,1703,17,365737
5930,4.5e-05,172.31.36.0-255,66,1769,17,365737
5931,5e-05,74.125.68.0-255,2902,4671,17,365737
5932,5.3e-05,172.31.36.0-255,66,4737,17,365737
5933,6.4e-05,74.125.68.0-255,1484,6221,17,365737
5934,6.7e-05,172.31.36.0-255,66,6287,17,365737
5935,7.2e-05,74.125.68.0-255,2902,9189,17,365737
5936,7.5e-05,172.31.36.0-255,66,9255,17,365737
5937,0.000115,74.125.68.0-255,4812,14067,17,365737
5938,0.000118,172.31.36.0-255,66,14133,17,365737
5939,0.000359,74.125.68.0-255,1484,15617,17,365737
5940,0.000364,172.31.36.0-255,66,15683,17,365737
5941,0.000369,74.125.68.0-255,2902,18585,17,365737
5942,0.000372,172.31.36.0-255,66,18651,17,365737
5943,0.000375,74.125.68.0-255,1484,20135,17,365737
5944,0.000387,172.31.36.0-255,66,20201,17,365737
5945,0.000422,74.125.68.0-255,4320,24521,17,365737
5946,0.000426,74.125.68.0-255,2902,27423,17,365737
5947,0.000428,74.125.68.0-255,1484,28907,17,365737
5948,0.000429,172.31.36.0-255,66,28973,17,365737
5949,0.000433,172.31.36.0-255,66,29039,17,365737
5950,0.000437,172.31.36.0-255,66,29105,17,365737
5951,0.000459,74.125.68.0-255,2543,31648,17,365737
5952,0.000463,172.31.36.0-255,66,31714,17,365737
5953,0.000471,74.125.68.0-255,1484,33198,17,365737
5954,0.000473,172.31.36.0-255,66,33264,17,365737
5955,0.000477,74.125.68.0-255,2902,36166,17,365737
5956,0.00048,172.31.36.0-255,66,36232,17,365737
5957,0.000507,74.125.68.0-255,2902,39134,17,365737
5958,0.000511,172.31.36.0-255,66,39200,17,365737
5959,0.000521,74.125.68.0-255,4320,43520,17,365737
5960,0.000532,172.31.36.0-255,66,43586,17,365737
5961,0.000556,74.125.68.0-255,5379,48965,17,365737
5962,0.000559,172.31.36.0-255,66,49031,17,365737
5963,0.000611,74.125.68.0-255,1484,50515,17,365737
5964,0.000629,74.125.68.0-255,2902,53417,17,365737
5965,0.000633,172.31.36.0-255,66,53483,17,365737
5966,0.000665,74.125.68.0-255,4320,57803,17,365737
5967,0.000671,172.31.36.0-255,66,57869,17,365737
5968,0.000704,74.125.68.0-255,5738,63607,17,365737
5969,0.000708,74.125.68.0-255,2543,66150,17,365737
5970,0.00071,172.31.36.0-255,66,66216,17,365737
5971,0.000715,172.31.36.0-255,66,66282,17,365737
5972,0.000784,74.125.68.0-255,413,66695,17,365737
5973,0.000871,74.125.68.0-255,330,67025,17,365737
5974,0.000908,172.31.36.0-255,66,67091,17,365737
5975,0.001128,74.125.68.0-255,1484,68575,17,365737
5976,0.001138,74.125.68.0-255,2902,71477,17,365737
5977,0.001168,74.125.68.0-255,4320,75797,17,365737
5978,0.001185,74.125.68.0-255,1484,77281,17,365737
5979,0.001189,74.125.68.0-255,1484,78765,17,365737
5980,0.001209,74.125.68.0-255,5379,84144,17,365737
5981,0.001232,74.125.68.0-255,1484,85628,17,365737
5982,0.001244,74.125.68.0-255,1484,87112,17,365737
5983,0.00125,74.125.68.0-255,4320,91432,17,365737
5984,0.001283,74.125.68.0-255,2902,94334,17,365737
5985,0.001295,74.125.68.0-255,1484,95818,17,365737
5986,0.001312,74.125.68.0-255,4320,100138,17,365737
5987,0.001329,74.125.68.0-255,1125,101263,17,365737
5988,0.001604,74.125.68.0-255,1484,102747,17,365737
5989,0.001622,74.125.68.0-255,2902,105649,17,365737
5990,0.001652,74.125.68.0-255,1484,107133,17,365737
5991,0.001668,74.125.68.0-255,2902,110035,17,365737
5992,0.001674,74.125.68.0-255,5738,115773,17,365737
5993,0.001722,74.125.68.0-255,1874,117647,17,365737
5994,0.004324,172.31.36.0-255,66,117713,17,365737
5995,0.006535,74.125.68.0-255,5738,123451,17,365737
5996,0.006541,172.31.36.0-255,66,123517,17,365737
5997,0.008747,74.125.68.0-255,5738,129255,17,365737
5998,0.008753,172.31.36.0-255,66,129321,17,365737
5999,0.010961,74.125.68.0-255,5738,135059,17,365737
6000,0.011518,172.31.36.0-255,66,135125,17,365737
6001,0.013738,74.125.68.0-255,5738,140863,17,365737
6002,0.013746,172.31.36.0-255,66,140929,17,365737
6003,0.015997,74.125.68.0-255,5738,146667,17,365737
6004,0.016005,172.31.36.0-255,66,146733,17,365737
6005,0.018209,74.125.68.0-255,5738,152471,17,365737
6006,0.018217,172.31.36.0-255,66,152537,17,365737
6007,0.02043,74.125.68.0-255,5738,158275,17,365737
6008,0.020437,172.31.36.0-255,66,158341,17,365737
6009,0.022653,74.125.68.0-255,5738,164079,17,365737
6010,0.02266,172.31.36.0-255,66,164145,17,365737
6011,0.024876,74.125.68.0-255,5738,169883,17,365737
6012,0.024884,172.31.36.0-255,66,169949,17,365737
6013,0.027102,74.125.68.0-255,5738,175687,17,365737
6014,0.027115,172.31.36.0-255,66,175753,17,365737
6015,0.027278,172.31.36.0-255,188,175941,17,365737
6016,0.027304,172.31.36.0-255,961,176902,17,365737
6017,0.027458,172.31.36.0-255,1514,178416,17,365737
6018,0.027461,172.31.36.0-255,1427,179843,17,365737
6019,0.028839,104.244.42.0-255,66,179909,17,365737
6020,0.028846,104.244.42.0-255,66,179975,17,365737
6021,0.029023,104.244.42.0-255,66,180041,17,365737
6022,0.029303,74.125.68.0-255,1484,181525,17,365737
6023,0.029336,74.125.68.0-255,4320,185845,17,365737
6024,0.029341,172.31.36.0-255,66,185911,17,365737
6025,0.031541,74.125.68.0-255,5738,191649,17,365737
6026,0.031547,172.31.36.0-255,66,191715,17,365737
6027,0.033747,74.125.68.0-255,5738,197453,17,365737
6028,0.033752,172.31.36.0-255,66,197519,17,365737
6029,0.035949,74.125.68.0-255,5738,203257,17,365737
6030,0.035955,172.31.36.0-255,66,203323,17,365737
6031,0.038153,74.125.68.0-255,5738,209061,17,365737
6032,0.03816,172.31.36.0-255,66,209127,17,365737
6033,0.040367,74.125.68.0-255,5738,214865,17,365737
6034,0.040373,172.31.36.0-255,66,214931,17,365737
6035,0.042585,74.125.68.0-255,5738,220669,17,365737
6036,0.04259,172.31.36.0-255,66,220735,17,365737
6037,0.044787,74.125.68.0-255,1484,222219,17,365737
6038,0.044817,74.125.68.0-255,4320,226539,17,365737
6039,0.044821,172.31.36.0-255,66,226605,17,365737
6040,0.047019,74.125.68.0-255,5738,232343,17,365737
6041,0.047025,172.31.36.0-255,66,232409,17,365737
6042,0.04922,74.125.68.0-255,5738,238147,17,365737
6043,0.049226,172.31.36.0-255,66,238213,17,365737
6044,0.051425,74.125.68.0-255,5738,243951,17,365737
6045,0.05143,172.31.36.0-255,66,244017,17,365737
6046,0.05364,74.125.68.0-255,5738,249755,17,365737
6047,0.053646,172.31.36.0-255,66,249821,17,365737
6048,0.055854,74.125.68.0-255,5738,255559,17,365737
6049,0.05586,172.31.36.0-255,66,255625,17,365737
6050,0.05808,74.125.68.0-255,5738,261363,17,365737
6051,0.05809,172.31.36.0-255,66,261429,17,365737
6052,0.060291,74.125.68.0-255,5738,267167,17,365737
6053,0.060297,172.31.36.0-255,66,267233,17,365737
6054,0.06251,74.125.68.0-255,5738,272971,17,365737
6055,0.062515,172.31.36.0-255,66,273037,17,365737
6056,0.064704,74.125.68.0-255,4320,277357,17,365737
6057,0.06471,172.31.36.0-255,66,277423,17,365737
6058,0.06474,74.125.68.0-255,1484,278907,17,365737
6059,0.06691,74.125.68.0-255,4320,283227,17,365737
6060,0.066915,172.31.36.0-255,66,283293,17,365737
6061,0.069118,74.125.68.0-255,5738,289031,17,365737
6062,0.069169,172.31.36.0-255,66,289097,17,365737
6063,0.071367,74.125.68.0-255,5738,294835,17,365737
6064,0.071385,172.31.36.0-255,66,294901,17,365737
6065,0.073587,74.125.68.0-255,5738,300639,17,365737
6066,0.073592,172.31.36.0-255,66,300705,17,365737
6067,0.075791,74.125.68.0-255,5738,306443,17,365737
6068,0.075796,172.31.36.0-255,66,306509,17,365737
6069,0.077989,74.125.68.0-255,5738,312247,17,365737
6070,0.077994,172.31.36.0-255,66,312313,17,365737
6071,0.080186,74.125.68.0-255,2902,315215,17,365737
6072,0.080191,172.31.36.0-255,66,315281,17,365737
6073,0.080224,74.125.68.0-255,2902,318183,17,365737
6074,0.080258,172.31.36.0-255,66,318249,17,365737
6075,0.082394,74.125.68.0-255,2902,321151,17,365737
6076,0.082399,172.31.36.0-255,66,321217,17,365737
6077,0.082448,74.125.68.0-255,2902,324119,17,365737
6078,0.082455,172.31.36.0-255,66,324185,17,365737
6079,0.084592,74.125.68.0-255,2902,327087,17,365737
6080,0.084597,172.31.36.0-255,66,327153,17,365737
6081,0.084644,74.125.68.0-255,2902,330055,17,365737
6082,0.084677,172.31.36.0-255,66,330121,17,365737
6083,0.086835,74.125.68.0-255,2902,333023,17,365737
6084,0.086841,172.31.36.0-255,66,333089,17,365737
6085,0.086904,74.125.68.0-255,2902,335991,17,365737
6086,0.086928,172.31.36.0-255,66,336057,17,365737
6087,0.089041,74.125.68.0-255,2902,338959,17,365737
6088,0.089048,172.31.36.0-255,66,339025,17,365737
6089,0.089128,74.125.68.0-255,2902,341927,17,365737
6090,0.08988,172.31.36.0-255,66,341993,17,365737
6091,0.091289,74.125.68.0-255,2902,344895,17,365737
6092,0.091296,172.31.36.0-255,66,344961,17,365737
6093,0.092072,74.125.68.0-255,2902,347863,17,365737
6094,0.092077,172.31.36.0-255,66,347929,17,365737
6095,0.093495,74.125.68.0-255,2902,350831,17,365737
6096,0.0935,172.31.36.0-255,66,350897,17,365737
6097,0.094273,74.125.68.0-255,2902,353799,17,365737
6098,0.094279,172.31.36.0-255,66,353865,17,365737
6099,0.095703,74.125.68.0-255,2902,356767,17,365737
6100,0.095709,172.31.36.0-255,66,356833,17,365737
6101,0.096472,74.125.68.0-255,2902,359735,17,365737
6102,0.096477,172.31.36.0-255,66,359801,17,365737
6103,0.097916,74.125.68.0-255,2902,362703,17,365737
6104,0.097921,172.31.36.0-255,66,362769,17,365737
6105,0.098696,74.125.68.0-255,2902,365671,17,365737
6106,0.098701,172.31.36.0-255,66,365737,17,365737
6107,0.0,172.217.24.0-255,153,153,17,365862
6108,1.6e-05,172.31.36.0-255,66,219,17,365862
6109,2.2e-05,172.217.24.0-255,1484,1703,17,365862
6110,2.6e-05,172.31.36.0-255,66,1769,17,365862
6111,3.1e-05,172.217.24.0-255,2902,4671,17,365862
6112,3.3e-05,172.31.36.0-255,66,4737,17,365862
6113,4.8e-05,172.217.24.0-255,7156,11893,17,365862
6114,5.1e-05,172.31.36.0-255,66,11959,17,365862
6115,5.7e-05,172.217.24.0-255,4837,16796,17,365862
6116,6e-05,172.31.36.0-255,66,16862,17,365862
6117,6.5e-05,172.217.24.0-255,5738,22600,17,365862
6118,6.8e-05,172.31.36.0-255,66,22666,17,365862
6119,8.6e-05,172.217.24.0-255,1484,24150,17,365862
6120,9.4e-05,172.31.36.0-255,66,24216,17,365862
6121,0.00012,172.217.24.0-255,6797,31013,17,365862
6122,0.000123,172.31.36.0-255,66,31079,17,365862
6123,0.000191,172.217.24.0-255,1484,32563,17,365862
6124,0.000193,172.31.36.0-255,66,32629,17,365862
6125,0.000198,172.217.24.0-255,2902,35531,17,365862
6126,0.0002,172.31.36.0-255,66,35597,17,365862
6127,0.000228,172.217.24.0-255,5738,41335,17,365862
6128,0.00023,172.31.36.0-255,66,41401,17,365862
6129,0.000288,172.31.36.0-255,66,41467,17,365862
6130,0.000313,172.217.24.0-255,2543,44010,17,365862
6131,0.000315,172.31.36.0-255,66,44076,17,365862
6132,0.00033,172.31.36.0-255,66,44142,17,365862
6133,0.000945,172.217.24.0-255,139,44281,17,365862
6134,0.000949,172.31.36.0-255,66,44347,17,365862
6135,0.001122,172.217.24.0-255,1484,45831,17,365862
6136,0.001127,172.31.36.0-255,66,45897,17,365862
6137,0.001133,172.217.24.0-255,2902,48799,17,365862
6138,0.001135,172.31.36.0-255,66,48865,17,365862
6139,0.001146,172.217.24.0-255,5738,54603,17,365862
6140,0.001148,172.31.36.0-255,66,54669,17,365862
6141,0.001151,172.217.24.0-255,1484,56153,17,365862
6142,0.001195,172.31.36.0-255,66,56219,17,365862
6143,0.001206,172.31.36.0-255,66,56285,17,365862
6144,0.0016,172.217.24.0-255,1484,57769,17,365862
6145,0.001609,172.217.24.0-255,2902,60671,17,365862
6146,0.001613,172.31.36.0-255,66,60737,17,365862
6147,0.001618,172.217.24.0-255,1484,62221,17,365862
6148,0.001649,172.217.24.0-255,4320,66541,17,365862
6149,0.001652,172.31.36.0-255,66,66607,17,365862
6150,0.001669,172.217.24.0-255,1484,68091,17,365862
6151,0.001683,172.217.24.0-255,2902,70993,17,365862
6152,0.001686,172.31.36.0-255,66,71059,17,365862
6153,0.001715,172.217.24.0-255,5738,76797,17,365862
6154,0.001718,172.31.36.0-255,66,76863,17,365862
6155,0.001756,172.31.36.0-255,66,76929,17,365862
6156,0.00178,172.217.24.0-255,2184,79113,17,365862
6157,0.001783,172.31.36.0-255,66,79179,17,365862
6158,0.003686,172.217.24.0-255,2902,82081,17,365862
6159,0.003692,172.31.36.0-255,66,82147,17,365862
6160,0.003721,172.217.24.0-255,2902,85049,17,365862
6161,0.003724,172.31.36.0-255,66,85115,17,365862
6162,0.005628,172.217.24.0-255,2902,88017,17,365862
6163,0.005634,172.31.36.0-255,66,88083,17,365862
6164,0.005655,172.217.24.0-255,2902,90985,17,365862
6165,0.005657,172.31.36.0-255,66,91051,17,365862
6166,0.007584,172.217.24.0-255,5738,96789,17,365862
6167,0.007591,172.31.36.0-255,66,96855,17,365862
6168,0.009529,172.217.24.0-255,5738,102593,17,365862
6169,0.009536,172.31.36.0-255,66,102659,17,365862
6170,0.011487,172.217.24.0-255,5738,108397,17,365862
6171,0.011495,172.31.36.0-255,66,108463,17,365862
6172,0.013433,172.217.24.0-255,5738,114201,17,365862
6173,0.01344,172.31.36.0-255,66,114267,17,365862
6174,0.015385,172.217.24.0-255,5738,120005,17,365862
6175,0.015393,172.31.36.0-255,66,120071,17,365862
6176,0.017362,172.217.24.0-255,5738,125809,17,365862
6177,0.01737,172.31.36.0-255,66,125875,17,365862
6178,0.019305,172.217.24.0-255,5738,131613,17,365862
6179,0.019312,172.31.36.0-255,66,131679,17,365862
6180,0.021255,172.217.24.0-255,5738,137417,17,365862
6181,0.021262,172.31.36.0-255,66,137483,17,365862
6182,0.023206,172.217.24.0-255,5738,143221,17,365862
6183,0.023213,172.31.36.0-255,66,143287,17,365862
6184,0.025155,172.217.24.0-255,5738,149025,17,365862
6185,0.025162,172.31.36.0-255,66,149091,17,365862
6186,0.027101,172.217.24.0-255,5738,154829,17,365862
6187,0.027109,172.31.36.0-255,66,154895,17,365862
6188,0.027213,172.31.36.0-255,188,155083,17,365862
6189,0.02724,172.31.36.0-255,961,156044,17,365862
6190,0.027299,172.31.36.0-255,1514,157558,17,365862
6191,0.027301,172.31.36.0-255,1514,159072,17,365862
6192,0.027303,172.31.36.0-255,826,159898,17,365862
6193,0.028774,104.244.42.0-255,66,159964,17,365862
6194,0.028809,104.244.42.0-255,66,160030,17,365862
6195,0.028923,104.244.42.0-255,66,160096,17,365862
6196,0.028946,104.244.42.0-255,66,160162,17,365862
6197,0.029054,172.217.24.0-255,5738,165900,17,365862
6198,0.029059,172.31.36.0-255,66,165966,17,365862
6199,0.031003,172.217.24.0-255,5738,171704,17,365862
6200,0.031009,172.31.36.0-255,66,171770,17,365862
6201,0.032976,172.217.24.0-255,5738,177508,17,365862
6202,0.032983,172.31.36.0-255,66,177574,17,365862
6203,0.034917,172.217.24.0-255,5738,183312,17,365862
6204,0.034923,172.31.36.0-255,66,183378,17,365862
6205,0.036868,172.217.24.0-255,5738,189116,17,365862
6206,0.036874,172.31.36.0-255,66,189182,17,365862
6207,0.038815,172.217.24.0-255,5738,194920,17,365862
6208,0.038822,172.31.36.0-255,66,194986,17,365862
6209,0.040763,172.217.24.0-255,5738,200724,17,365862
6210,0.040772,172.31.36.0-255,66,200790,17,365862
6211,0.042714,172.217.24.0-255,5738,206528,17,365862
6212,0.042721,172.31.36.0-255,66,206594,17,365862
6213,0.044672,172.217.24.0-255,5738,212332,17,365862
6214,0.044679,172.31.36.0-255,66,212398,17,365862
6215,0.04662,172.217.24.0-255,5738,218136,17,365862
6216,0.046626,172.31.36.0-255,66,218202,17,365862
6217,0.048566,172.217.24.0-255,5738,223940,17,365862
6218,0.048573,172.31.36.0-255,66,224006,17,365862
6219,0.050533,172.217.24.0-255,5738,229744,17,365862
6220,0.05054,172.31.36.0-255,66,229810,17,365862
6221,0.052473,172.217.24.0-255,5738,235548,17,365862
6222,0.05248,172.31.36.0-255,66,235614,17,365862
6223,0.054424,172.217.24.0-255,5738,241352,17,365862
6224,0.05443,172.31.36.0-255,66,241418,17,365862
6225,0.056381,172.217.24.0-255,5738,247156,17,365862
6226,0.056388,172.31.36.0-255,66,247222,17,365862
6227,0.058334,172.217.24.0-255,5738,252960,17,365862
6228,0.058341,172.31.36.0-255,66,253026,17,365862
6229,0.060292,172.217.24.0-255,5738,258764,17,365862
6230,0.060298,172.31.36.0-255,66,258830,17,365862
6231,0.062253,172.217.24.0-255,5738,264568,17,365862
6232,0.062259,172.31.36.0-255,66,264634,17,365862
6233,0.064208,172.217.24.0-255,5738,270372,17,365862
6234,0.064214,172.31.36.0-255,66,270438,17,365862
6235,0.066159,172.217.24.0-255,5738,276176,17,365862
6236,0.066165,172.31.36.0-255,66,276242,17,365862
6237,0.068107,172.217.24.0-255,5738,281980,17,365862
6238,0.068115,172.31.36.0-255,66,282046,17,365862
6239,0.070069,172.217.24.0-255,5738,287784,17,365862
6240,0.070075,172.31.36.0-255,66,287850,17,365862
6241,0.072015,172.217.24.0-255,5738,293588,17,365862
6242,0.072023,172.31.36.0-255,66,293654,17,365862
6243,0.073972,172.217.24.0-255,5738,299392,17,365862
6244,0.073979,172.31.36.0-255,66,299458,17,365862
6245,0.075922,172.217.24.0-255,5738,305196,17,365862
6246,0.075929,172.31.36.0-255,66,305262,17,365862
6247,0.077891,172.217.24.0-255,5738,311000,17,365862
6248,0.0779,172.31.36.0-255,66,311066,17,365862
6249,0.079865,172.217.24.0-255,5738,316804,17,365862
6250,0.079871,172.31.36.0-255,66,316870,17,365862
6251,0.081815,172.217.24.0-255,5738,322608,17,365862
6252,0.081823,172.31.36.0-255,66,322674,17,365862
6253,0.083779,172.217.24.0-255,5738,328412,17,365862
6254,0.083786,172.31.36.0-255,66,328478,17,365862
6255,0.085729,172.217.24.0-255,5738,334216,17,365862
6256,0.085735,172.31.36.0-255,66,334282,17,365862
6257,0.087675,172.217.24.0-255,5738,340020,17,365862
6258,0.087681,172.31.36.0-255,66,340086,17,365862
6259,0.089622,172.217.24.0-255,5738,345824,17,365862
6260,0.089628,172.31.36.0-255,66,345890,17,365862
6261,0.091595,172.217.24.0-255,5738,351628,17,365862
6262,0.091602,172.31.36.0-255,66,351694,17,365862
6263,0.093554,172.217.24.0-255,5738,357432,17,365862
6264,0.093561,172.31.36.0-255,66,357498,17,365862
6265,0.095509,172.217.24.0-255,5738,363236,17,365862
6266,0.095515,172.31.36.0-255,66,363302,17,365862
6267,0.097455,172.217.24.0-255,2323,365625,17,365862
6268,0.097462,172.31.36.0-255,66,365691,17,365862
6269,0.097671,172.31.36.0-255,105,365796,17,365862
6270,0.099581,172.217.24.0-255,66,365862,17,365862
6271,0.0,172.31.36.0-255,105,105,17,304542
6272,0.001805,157.240.13.0-255,105,210,17,304542
6273,0.001818,172.31.36.0-255,66,276,17,304542
6274,0.079392,74.125.68.0-255,153,429,17,304542
6275,0.079414,172.31.36.0-255,66,495,17,304542
6276,0.079421,74.125.68.0-255,1484,1979,17,304542
6277,0.079426,172.31.36.0-255,66,2045,17,304542
6278,0.07943,74.125.68.0-255,1484,3529,17,304542
6279,0.079432,172.31.36.0-255,66,3595,17,304542
6280,0.079455,74.125.68.0-255,1484,5079,17,304542
6281,0.079458,172.31.36.0-255,66,5145,17,304542
6282,0.079475,74.125.68.0-255,4320,9465,17,304542
6283,0.079478,172.31.36.0-255,66,9531,17,304542
6284,0.079514,172.31.36.0-255,66,9597,17,304542
6285,0.079518,74.125.68.0-255,1484,11081,17,304542
6286,0.07952,172.31.36.0-255,66,11147,17,304542
6287,0.079539,74.125.68.0-255,4320,15467,17,304542
6288,0.079543,172.31.36.0-255,66,15533,17,304542
6289,0.079572,74.125.68.0-255,6797,22330,17,304542
6290,0.079574,172.31.36.0-255,66,22396,17,304542
6291,0.079624,74.125.68.0-255,1484,23880,17,304542
6292,0.079627,172.31.36.0-255,66,23946,17,304542
6293,0.07963,74.125.68.0-255,1484,25430,17,304542
6294,0.079632,172.31.36.0-255,66,25496,17,304542
6295,0.079637,74.125.68.0-255,2902,28398,17,304542
6296,0.079639,172.31.36.0-255,66,28464,17,304542
6297,0.079646,74.125.68.0-255,5738,34202,17,304542
6298,0.079649,172.31.36.0-255,66,34268,17,304542
6299,0.079654,74.125.68.0-255,2902,37170,17,304542
6300,0.079656,172.31.36.0-255,66,37236,17,304542
6301,0.079713,172.31.36.0-255,66,37302,17,304542
6302,0.079726,172.31.36.0-255,66,37368,17,304542
6303,0.07976,74.125.68.0-255,678,38046,17,304542
6304,0.079808,74.125.68.0-255,1484,39530,17,304542
6305,0.079811,172.31.36.0-255,66,39596,17,304542
6306,0.079815,74.125.68.0-255,1484,41080,17,304542
6307,0.07983,74.125.68.0-255,1484,42564,17,304542
6308,0.079832,172.31.36.0-255,66,42630,17,304542
6309,0.07986,74.125.68.0-255,5738,48368,17,304542
6310,0.079863,172.31.36.0-255,66,48434,17,304542
6311,0.079866,74.125.68.0-255,1484,49918,17,304542
6312,0.07987,74.125.68.0-255,2902,52820,17,304542
6313,0.079873,172.31.36.0-255,66,52886,17,304542
6314,0.079876,74.125.68.0-255,1484,54370,17,304542
6315,0.079896,74.125.68.0-255,4320,58690,17,304542
6316,0.079899,172.31.36.0-255,66,58756,17,304542
6317,0.079914,74.125.68.0-255,2902,61658,17,304542
6318,0.079916,172.31.36.0-255,66,61724,17,304542
6319,0.079943,74.125.68.0-255,7156,68880,17,304542
6320,0.079945,172.31.36.0-255,66,68946,17,304542
6321,0.079963,74.125.68.0-255,3602,72548,17,304542
6322,0.079965,172.31.36.0-255,66,72614,17,304542
6323,0.080135,74.125.68.0-255,1484,74098,17,304542
6324,0.080154,74.125.68.0-255,2902,77000,17,304542
6325,0.080158,172.31.36.0-255,66,77066,17,304542
6326,0.080163,74.125.68.0-255,2902,79968,17,304542
6327,0.080165,172.31.36.0-255,66,80034,17,304542
6328,0.08017,74.125.68.0-255,2902,82936,17,304542
6329,0.080172,172.31.36.0-255,66,83002,17,304542
6330,0.08019,74.125.68.0-255,1484,84486,17,304542
6331,0.080197,74.125.68.0-255,5738,90224,17,304542
6332,0.0802,172.31.36.0-255,66,90290,17,304542
6333,0.080219,74.125.68.0-255,2902,93192,17,304542
6334,0.080222,172.31.36.0-255,66,93258,17,304542
6335,0.080228,74.125.68.0-255,4320,97578,17,304542
6336,0.080231,172.31.36.0-255,66,97644,17,304542
6337,0.080233,74.125.68.0-255,1484,99128,17,304542
6338,0.080257,74.125.68.0-255,4320,103448,17,304542
6339,0.08026,172.31.36.0-255,66,103514,17,304542
6340,0.080276,74.125.68.0-255,3602,107116,17,304542
6341,0.080279,172.31.36.0-255,66,107182,17,304542
6342,0.080333,74.125.68.0-255,1484,108666,17,304542
6343,0.080338,74.125.68.0-255,2902,111568,17,304542
6344,0.080341,172.31.36.0-255,66,111634,17,304542
6345,0.080347,74.125.68.0-255,4320,115954,17,304542
6346,0.08035,172.31.36.0-255,66,116020,17,304542
6347,0.080367,74.125.68.0-255,1484,117504,17,304542
6348,0.080372,74.125.68.0-255,4320,121824,17,304542
6349,0.080375,172.31.36.0-255,66,121890,17,304542
6350,0.080381,74.125.68.0-255,5738,127628,17,304542
6351,0.080384,172.31.36.0-255,66,127694,17,304542
6352,0.080448,172.31.36.0-255,66,127760,17,304542
6353,0.080452,74.125.68.0-255,2184,129944,17,304542
6354,0.080454,172.31.36.0-255,66,130010,17,304542
6355,0.080495,74.125.68.0-255,1484,131494,17,304542
6356,0.0805,74.125.68.0-255,2902,134396,17,304542
6357,0.080503,172.31.36.0-255,66,134462,17,304542
6358,0.080516,74.125.68.0-255,1484,135946,17,304542
6359,0.080531,74.125.68.0-255,2902,138848,17,304542
6360,0.080535,74.125.68.0-255,2902,141750,17,304542
6361,0.080541,172.31.36.0-255,66,141816,17,304542
6362,0.080544,172.31.36.0-255,66,141882,17,304542
6363,0.080557,74.125.68.0-255,5738,147620,17,304542
6364,0.08056,172.31.36.0-255,66,147686,17,304542
6365,0.080566,74.125.68.0-255,4320,152006,17,304542
6366,0.080567,172.31.36.0-255,66,152072,17,304542
6367,0.080588,74.125.68.0-255,2902,154974,17,304542
6368,0.080591,172.31.36.0-255,66,155040,17,304542
6369,0.080609,74.125.68.0-255,2902,157942,17,304542
6370,0.080611,172.31.36.0-255,66,158008,17,304542
6371,0.080689,74.125.68.0-255,4320,162328,17,304542
6372,0.080693,172.31.36.0-255,66,162394,17,304542
6373,0.080714,74.125.68.0-255,2184,164578,17,304542
6374,0.080717,172.31.36.0-255,66,164644,17,304542
6375,0.080781,74.125.68.0-255,1484,166128,17,304542
6376,0.080786,74.125.68.0-255,2902,169030,17,304542
6377,0.080789,172.31.36.0-255,66,169096,17,304542
6378,0.080793,74.125.68.0-255,1484,170580,17,304542
6379,0.080797,74.125.68.0-255,2902,173482,17,304542
6380,0.0808,172.31.36.0-255,66,173548,17,304542
6381,0.080823,74.125.68.0-255,5738,179286,17,304542
6382,0.080826,172.31.36.0-255,66,179352,17,304542
6383,0.080833,74.125.68.0-255,4320,183672,17,304542
6384,0.080835,172.31.36.0-255,66,183738,17,304542
6385,0.080866,74.125.68.0-255,7156,190894,17,304542
6386,0.080869,172.31.36.0-255,66,190960,17,304542
6387,0.08088,172.31.36.0-255,66,191026,17,304542
6388,0.080986,74.125.68.0-255,1484,192510,17,304542
6389,0.08102,74.125.68.0-255,2902,195412,17,304542
6390,0.081024,172.31.36.0-255,66,195478,17,304542
6391,0.081053,74.125.68.0-255,2902,198380,17,304542
6392,0.081056,172.31.36.0-255,66,198446,17,304542
6393,0.081062,74.125.68.0-255,4320,202766,17,304542
6394,0.081065,172.31.36.0-255,66,202832,17,304542
6395,0.081087,74.125.68.0-255,2902,205734,17,304542
6396,0.08109,172.31.36.0-255,66,205800,17,304542
6397,0.081103,172.31.36.0-255,66,205866,17,304542
6398,0.08115,172.31.36.0-255,66,205932,17,304542
6399,0.081164,172.31.36.0-255,66,205998,17,304542
6400,0.081172,74.125.68.0-255,7156,213154,17,304542
6401,0.081179,74.125.68.0-255,5738,218892,17,304542
6402,0.081197,74.125.68.0-255,2902,221794,17,304542
6403,0.081201,74.125.68.0-255,766,222560,17,304542
6404,0.081209,172.31.36.0-255,66,222626,17,304542
6405,0.081284,74.125.68.0-255,1484,224110,17,304542
6406,0.081289,74.125.68.0-255,1484,225594,17,304542
6407,0.081299,74.125.68.0-255,1484,227078,17,304542
6408,0.081303,172.31.36.0-255,66,227144,17,304542
6409,0.081316,74.125.68.0-255,4320,231464,17,304542
6410,0.08132,172.31.36.0-255,66,231530,17,304542
6411,0.081331,74.125.68.0-255,2902,234432,17,304542
6412,0.081348,74.125.68.0-255,2902,237334,17,304542
6413,0.081367,74.125.68.0-255,2902,240236,17,304542
6414,0.081374,172.31.36.0-255,66,240302,17,304542
6415,0.081385,74.125.68.0-255,2902,243204,17,304542
6416,0.081398,74.125.68.0-255,2902,246106,17,304542
6417,0.08141,74.125.68.0-255,2902,249008,17,304542
6418,0.081428,74.125.68.0-255,4320,253328,17,304542
6419,0.081431,172.31.36.0-255,66,253394,17,304542
6420,0.081436,172.31.36.0-255,66,253460,17,304542
6421,0.083438,74.125.68.0-255,1484,254944,17,304542
6422,0.083498,74.125.68.0-255,2902,257846,17,304542
6423,0.083503,172.31.36.0-255,66,257912,17,304542
6424,0.083521,74.125.68.0-255,1484,259396,17,304542
6425,0.085483,74.125.68.0-255,4320,263716,17,304542
6426,0.085494,172.31.36.0-255,66,263782,17,304542
6427,0.087466,74.125.68.0-255,2902,266684,17,304542
6428,0.087469,172.31.36.0-255,66,266750,17,304542
6429,0.087486,74.125.68.0-255,2902,269652,17,304542
6430,0.087488,172.31.36.0-255,66,269718,17,304542
6431,0.089446,74.125.68.0-255,5738,275456,17,304542
6432,0.089453,172.31.36.0-255,66,275522,17,304542
6433,0.09142,74.125.68.0-255,5738,281260,17,304542
6434,0.091427,172.31.36.0-255,66,281326,17,304542
6435,0.093412,74.125.68.0-255,5738,287064,17,304542
6436,0.093421,172.31.36.0-255,66,287130,17,304542
6437,0.095397,74.125.68.0-255,5738,292868,17,304542
6438,0.095403,172.31.36.0-255,66,292934,17,304542
6439,0.097373,74.125.68.0-255,5738,298672,17,304542
6440,0.09738,172.31.36.0-255,66,298738,17,304542
6441,0.099366,74.125.68.0-255,5738,304476,17,304542
6442,0.099376,172.31.36.0-255,66,304542,17,304542
6443,0.0,74.125.24.0-255,153,153,17,326890
6444,2.7e-05,172.31.36.0-255,66,219,17,326890
6445,3.3e-05,74.125.24.0-255,1484,1703,17,326890
6446,3.8e-05,172.31.36.0-255,66,1769,17,326890
6447,4.4e-05,74.125.24.0-255,2902,4671,17,326890
6448,4.8e-05,172.31.36.0-255,66,4737,17,326890
6449,5.4e-05,74.125.24.0-255,5738,10475,17,326890
6450,5.6e-05,172.31.36.0-255,66,10541,17,326890
6451,7.7e-05,74.125.24.0-255,4892,15433,17,326890
6452,7.9e-05,172.31.36.0-255,66,15499,17,326890
6453,0.000105,74.125.24.0-255,5738,21237,17,326890
6454,0.000107,172.31.36.0-255,66,21303,17,326890
6455,0.000135,172.31.36.0-255,66,21369,17,326890
6456,0.000818,74.125.24.0-255,1484,22853,17,326890
6457,0.000825,172.31.36.0-255,66,22919,17,326890
6458,0.000834,74.125.24.0-255,2902,25821,17,326890
6459,0.000837,172.31.36.0-255,66,25887,17,326890
6460,0.000844,74.125.24.0-255,5738,31625,17,326890
6461,0.000846,172.31.36.0-255,66,31691,17,326890
6462,0.000871,172.31.36.0-255,66,31757,17,326890
6463,0.000908,74.125.24.0-255,5379,37136,17,326890
6464,0.000912,172.31.36.0-255,66,37202,17,326890
6465,0.000923,172.31.36.0-255,66,37268,17,326890
6466,0.001313,74.125.24.0-255,380,37648,17,326890
6467,0.001319,172.31.36.0-255,66,37714,17,326890
6468,0.001909,74.125.24.0-255,1484,39198,17,326890
6469,0.001913,172.31.36.0-255,66,39264,17,326890
6470,0.001933,74.125.24.0-255,2902,42166,17,326890
6471,0.001936,172.31.36.0-255,66,42232,17,326890
6472,0.001942,74.125.24.0-255,5738,47970,17,326890
6473,0.001944,172.31.36.0-255,66,48036,17,326890
6474,0.001976,172.31.36.0-255,66,48102,17,326890
6475,0.001995,74.125.24.0-255,2902,51004,17,326890
6476,0.001998,172.31.36.0-255,66,51070,17,326890
6477,0.002029,172.31.36.0-255,66,51136,17,326890
6478,0.002088,74.125.24.0-255,1484,52620,17,326890
6479,0.002092,74.125.24.0-255,1484,54104,17,326890
6480,0.002094,172.31.36.0-255,66,54170,17,326890
6481,0.002111,74.125.24.0-255,1484,55654,17,326890
6482,0.004092,74.125.24.0-255,1484,57138,17,326890
6483,0.004098,172.31.36.0-255,66,57204,17,326890
6484,0.004122,74.125.24.0-255,2902,60106,17,326890
6485,0.004125,172.31.36.0-255,66,60172,17,326890
6486,0.006159,74.125.24.0-255,2902,63074,17,326890
6487,0.006165,172.31.36.0-255,66,63140,17,326890
6488,0.00619,74.125.24.0-255,2902,66042,17,326890
6489,0.006192,172.31.36.0-255,66,66108,17,326890
6490,0.008261,74.125.24.0-255,5738,71846,17,326890
6491,0.008271,172.31.36.0-255,66,71912,17,326890
6492,0.01037,74.125.24.0-255,5738,77650,17,326890
6493,0.010378,172.31.36.0-255,66,77716,17,326890
6494,0.012461,74.125.24.0-255,5738,83454,17,326890
6495,0.012471,172.31.36.0-255,66,83520,17,326890
6496,0.014552,74.125.24.0-255,5738,89258,17,326890
6497,0.014562,172.31.36.0-255,66,89324,17,326890
6498,0.016649,74.125.24.0-255,5738,95062,17,326890
6499,0.016658,172.31.36.0-255,66,95128,17,326890
6500,0.018717,74.125.24.0-255,5738,100866,17,326890
6501,0.018725,172.31.36.0-255,66,100932,17,326890
6502,0.020427,172.31.36.0-255,172,101104,17,326890
6503,0.020461,172.31.36.0-255,1118,102222,17,326890
6504,0.020523,172.31.36.0-255,1514,103736,17,326890
6505,0.020525,172.31.36.0-255,1514,105250,17,326890
6506,0.02053,172.31.36.0-255,1514,106764,17,326890
6507,0.020531,172.31.36.0-255,1048,107812,17,326890
6508,0.020801,74.125.24.0-255,5738,113550,17,326890
6509,0.020808,172.31.36.0-255,66,113616,17,326890
6510,0.021986,104.244.42.0-255,66,113682,17,326890
6511,0.022005,104.244.42.0-255,66,113748,17,326890
6512,0.022122,104.244.42.0-255,66,113814,17,326890
6513,0.022128,104.244.42.0-255,66,113880,17,326890
6514,0.022731,104.244.42.0-255,108,113988,17,326890
6515,0.022741,172.31.36.0-255,66,114054,17,326890
6516,0.022905,74.125.24.0-255,5738,119792,17,326890
6517,0.02291,172.31.36.0-255,66,119858,17,326890
6518,0.024979,74.125.24.0-255,5738,125596,17,326890
6519,0.024986,172.31.36.0-255,66,125662,17,326890
6520,0.027085,74.125.24.0-255,5738,131400,17,326890
6521,0.027093,172.31.36.0-255,66,131466,17,326890
6522,0.029174,74.125.24.0-255,5738,137204,17,326890
6523,0.029181,172.31.36.0-255,66,137270,17,326890
6524,0.031257,74.125.24.0-255,5738,143008,17,326890
6525,0.031264,172.31.36.0-255,66,143074,17,326890
6526,0.033356,74.125.24.0-255,5738,148812,17,326890
6527,0.033363,172.31.36.0-255,66,148878,17,326890
6528,0.035436,74.125.24.0-255,5738,154616,17,326890
6529,0.035442,172.31.36.0-255,66,154682,17,326890
6530,0.03752,74.125.24.0-255,5738,160420,17,326890
6531,0.037527,172.31.36.0-255,66,160486,17,326890
6532,0.039605,74.125.24.0-255,5738,166224,17,326890
6533,0.039611,172.31.36.0-255,66,166290,17,326890
6534,0.041708,74.125.24.0-255,2902,169192,17,326890
6535,0.041717,172.31.36.0-255,66,169258,17,326890
6536,0.041735,74.125.24.0-255,2902,172160,17,326890
6537,0.041738,172.31.36.0-255,66,172226,17,326890
6538,0.043796,74.125.24.0-255,2902,175128,17,326890
6539,0.043802,172.31.36.0-255,66,175194,17,326890
6540,0.043821,74.125.24.0-255,2902,178096,17,326890
6541,0.043824,172.31.36.0-255,66,178162,17,326890
6542,0.045871,74.125.24.0-255,2902,181064,17,326890
6543,0.045878,172.31.36.0-255,66,181130,17,326890
6544,0.045898,74.125.24.0-255,2902,184032,17,326890
6545,0.045901,172.31.36.0-255,66,184098,17,326890
6546,0.047964,74.125.24.0-255,5738,189836,17,326890
6547,0.04797,172.31.36.0-255,66,189902,17,326890
6548,0.050048,74.125.24.0-255,5738,195640,17,326890
6549,0.050055,172.31.36.0-255,66,195706,17,326890
6550,0.052197,74.125.24.0-255,5738,201444,17,326890
6551,0.052204,172.31.36.0-255,66,201510,17,326890
6552,0.054282,74.125.24.0-255,4320,205830,17,326890
6553,0.054289,172.31.36.0-255,66,205896,17,326890
6554,0.054309,74.125.24.0-255,1484,207380,17,326890
6555,0.056344,74.125.24.0-255,4320,211700,17,326890
6556,0.05635,172.31.36.0-255,66,211766,17,326890
6557,0.058412,74.125.24.0-255,5738,217504,17,326890
6558,0.058418,172.31.36.0-255,66,217570,17,326890
6559,0.060488,74.125.24.0-255,5738,223308,17,326890
6560,0.060493,172.31.36.0-255,66,223374,17,326890
6561,0.062559,74.125.24.0-255,5738,229112,17,326890
6562,0.062564,172.31.36.0-255,66,229178,17,326890
6563,0.064631,74.125.24.0-255,4320,233498,17,326890
6564,0.064637,172.31.36.0-255,66,233564,17,326890
6565,0.064667,74.125.24.0-255,1484,235048,17,326890
6566,0.066734,74.125.24.0-255,4320,239368,17,326890
6567,0.066739,172.31.36.0-255,66,239434,17,326890
6568,0.068784,74.125.24.0-255,5738,245172,17,326890
6569,0.068789,172.31.36.0-255,66,245238,17,326890
6570,0.070864,74.125.24.0-255,5738,250976,17,326890
6571,0.070869,172.31.36.0-255,66,251042,17,326890
6572,0.072941,74.125.24.0-255,2902,253944,17,326890
6573,0.072947,172.31.36.0-255,66,254010,17,326890
6574,0.072976,74.125.24.0-255,2902,256912,17,326890
6575,0.07298,172.31.36.0-255,66,256978,17,326890
6576,0.075035,74.125.24.0-255,2902,259880,17,326890
6577,0.075041,172.31.36.0-255,66,259946,17,326890
6578,0.075084,74.125.24.0-255,2902,262848,17,326890
6579,0.075088,172.31.36.0-255,66,262914,17,326890
6580,0.07712,74.125.24.0-255,1484,264398,17,326890
6581,0.077163,74.125.24.0-255,4320,268718,17,326890
6582,0.077168,172.31.36.0-255,66,268784,17,326890
6583,0.079218,74.125.24.0-255,5738,274522,17,326890
6584,0.079223,172.31.36.0-255,66,274588,17,326890
6585,0.081323,74.125.24.0-255,5738,280326,17,326890
6586,0.081329,172.31.36.0-255,66,280392,17,326890
6587,0.083394,74.125.24.0-255,5738,286130,17,326890
6588,0.083399,172.31.36.0-255,66,286196,17,326890
6589,0.085449,74.125.24.0-255,5738,291934,17,326890
6590,0.085454,172.31.36.0-255,66,292000,17,326890
6591,0.087521,74.125.24.0-255,5738,297738,17,326890
6592,0.087527,172.31.36.0-255,66,297804,17,326890
6593,0.089601,74.125.24.0-255,5738,303542,17,326890
6594,0.089607,172.31.36.0-255,66,303608,17,326890
6595,0.091666,74.125.24.0-255,5738,309346,17,326890
6596,0.091672,172.31.36.0-255,66,309412,17,326890
6597,0.093751,74.125.24.0-255,5738,315150,17,326890
6598,0.093757,172.31.36.0-255,66,315216,17,326890
6599,0.095814,74.125.24.0-255,5738,320954,17,326890
6600,0.095819,172.31.36.0-255,66,321020,17,326890
6601,0.097886,74.125.24.0-255,1484,322504,17,326890
6602,0.09792,74.125.24.0-255,4320,326824,17,326890
6603,0.097925,172.31.36.0-255,66,326890,17,326890
6604,0.0,172.217.27.0-255,153,153,17,369698
6605,2.7e-05,172.31.36.0-255,66,219,17,369698
6606,3.4e-05,172.217.27.0-255,1484,1703,17,369698
6607,3.8e-05,172.31.36.0-255,66,1769,17,369698
6608,4.3e-05,172.217.27.0-255,2902,4671,17,369698
6609,5.3e-05,172.31.36.0-255,66,4737,17,369698
6610,5.7e-05,172.217.27.0-255,2902,7639,17,369698
6611,6.2e-05,172.31.36.0-255,66,7705,17,369698
6612,6.7e-05,172.217.27.0-255,4320,12025,17,369698
6613,6.9e-05,172.31.36.0-255,66,12091,17,369698
6614,0.00011,172.31.36.0-255,66,12157,17,369698
6615,0.000169,172.217.27.0-255,4320,16477,17,369698
6616,0.000173,172.31.36.0-255,66,16543,17,369698
6617,0.000203,172.217.27.0-255,5379,21922,17,369698
6618,0.000207,172.31.36.0-255,66,21988,17,369698
6619,0.000232,172.217.27.0-255,1484,23472,17,369698
6620,0.000235,172.31.36.0-255,66,23538,17,369698
6621,0.000263,172.217.27.0-255,2902,26440,17,369698
6622,0.000266,172.31.36.0-255,66,26506,17,369698
6623,0.000271,172.217.27.0-255,4320,30826,17,369698
6624,0.000274,172.31.36.0-255,66,30892,17,369698
6625,0.000311,172.31.36.0-255,66,30958,17,369698
6626,0.00037,172.217.27.0-255,5738,36696,17,369698
6627,0.000374,172.31.36.0-255,66,36762,17,369698
6628,0.000407,172.31.36.0-255,66,36828,17,369698
6629,0.000456,172.217.27.0-255,388,37216,17,369698
6630,0.00046,172.31.36.0-255,66,37282,17,369698
6631,0.00076,172.217.27.0-255,120,37402,17,369698
6632,0.000764,172.31.36.0-255,66,37468,17,369698
6633,0.000958,172.217.27.0-255,1484,38952,17,369698
6634,0.000967,172.217.27.0-255,1484,40436,17,369698
6635,0.000971,172.31.36.0-255,66,40502,17,369698
6636,0.00099,172.217.27.0-255,1484,41986,17,369698
6637,0.000998,172.217.27.0-255,5738,47724,17,369698
6638,0.001001,172.31.36.0-255,66,47790,17,369698
6639,0.001041,172.217.27.0-255,1484,49274,17,369698
6640,0.001057,172.217.27.0-255,4320,53594,17,369698
6641,0.00106,172.31.36.0-255,66,53660,17,369698
6642,0.00109,172.31.36.0-255,66,53726,17,369698
6643,0.00114,172.31.36.0-255,66,53792,17,369698
6644,0.001538,172.217.27.0-255,1484,55276,17,369698
6645,0.001545,172.217.27.0-255,2902,58178,17,369698
6646,0.001549,172.31.36.0-255,66,58244,17,369698
6647,0.001585,172.217.27.0-255,1484,59728,17,369698
6648,0.0016,172.217.27.0-255,4320,64048,17,369698
6649,0.001602,172.31.36.0-255,66,64114,17,369698
6650,0.001608,172.217.27.0-255,5738,69852,17,369698
6651,0.00161,172.31.36.0-255,66,69918,17,369698
6652,0.001628,172.217.27.0-255,2902,72820,17,369698
6653,0.00163,172.31.36.0-255,66,72886,17,369698
6654,0.00166,172.217.27.0-255,1484,74370,17,369698
6655,0.001683,172.31.36.0-255,66,74436,17,369698
6656,0.001736,172.217.27.0-255,2902,77338,17,369698
6657,0.001738,172.31.36.0-255,66,77404,17,369698
6658,0.001764,172.217.27.0-255,2184,79588,17,369698
6659,0.001766,172.31.36.0-255,66,79654,17,369698
6660,0.003407,172.217.27.0-255,2902,82556,17,369698
6661,0.003413,172.31.36.0-255,66,82622,17,369698
6662,0.003441,172.217.27.0-255,2902,85524,17,369698
6663,0.003446,172.31.36.0-255,66,85590,17,369698
6664,0.005086,172.217.27.0-255,2902,88492,17,369698
6665,0.005091,172.31.36.0-255,66,88558,17,369698
6666,0.005119,172.217.27.0-255,2902,91460,17,369698
6667,0.005121,172.31.36.0-255,66,91526,17,369698
6668,0.006759,172.217.27.0-255,2902,94428,17,369698
6669,0.006765,172.31.36.0-255,66,94494,17,369698
6670,0.006807,172.217.27.0-255,2902,97396,17,369698
6671,0.00681,172.31.36.0-255,66,97462,17,369698
6672,0.008439,172.217.27.0-255,2902,100364,17,369698
6673,0.008445,172.31.36.0-255,66,100430,17,369698
6674,0.00847,172.217.27.0-255,2902,103332,17,369698
6675,0.008474,172.31.36.0-255,66,103398,17,369698
6676,0.010117,172.217.27.0-255,2902,106300,17,369698
6677,0.010123,172.31.36.0-255,66,106366,17,369698
6678,0.010148,172.217.27.0-255,2902,109268,17,369698
6679,0.01015,172.31.36.0-255,66,109334,17,369698
6680,0.011808,172.217.27.0-255,5738,115072,17,369698
6681,0.011817,172.31.36.0-255,66,115138,17,369698
6682,0.013489,172.217.27.0-255,5738,120876,17,369698
6683,0.013498,172.31.36.0-255,66,120942,17,369698
6684,0.015182,172.217.27.0-255,5738,126680,17,369698
6685,0.015189,172.31.36.0-255,66,126746,17,369698
6686,0.016868,172.217.27.0-255,5738,132484,17,369698
6687,0.016876,172.31.36.0-255,66,132550,17,369698
6688,0.01856,172.217.27.0-255,5738,138288,17,369698
6689,0.018567,172.31.36.0-255,66,138354,17,369698
6690,0.020238,172.217.27.0-255,5738,144092,17,369698
6691,0.020245,172.31.36.0-255,66,144158,17,369698
6692,0.021922,172.217.27.0-255,5738,149896,17,369698
6693,0.021929,172.31.36.0-255,66,149962,17,369698
6694,0.022378,172.31.36.0-255,172,150134,17,369698
6695,0.022421,172.31.36.0-255,1118,151252,17,369698
6696,0.022497,172.31.36.0-255,1514,152766,17,369698
6697,0.022499,172.31.36.0-255,1270,154036,17,369698
6698,0.02361,172.217.27.0-255,5738,159774,17,369698
6699,0.023617,172.31.36.0-255,66,159840,17,369698
6700,0.023918,104.244.42.0-255,66,159906,17,369698
6701,0.023969,104.244.42.0-255,66,159972,17,369698
6702,0.024064,104.244.42.0-255,66,160038,17,369698
6703,0.025289,172.217.27.0-255,2902,162940,17,369698
6704,0.025292,172.31.36.0-255,66,163006,17,369698
6705,0.025319,172.217.27.0-255,2902,165908,17,369698
6706,0.025321,172.31.36.0-255,66,165974,17,369698
6707,0.026955,172.217.27.0-255,2902,168876,17,369698
6708,0.02696,172.31.36.0-255,66,168942,17,369698
6709,0.026993,172.217.27.0-255,2902,171844,17,369698
6710,0.026996,172.31.36.0-255,66,171910,17,369698
6711,0.028641,172.217.27.0-255,2902,174812,17,369698
6712,0.028648,172.31.36.0-255,66,174878,17,369698
6713,0.028681,172.217.27.0-255,2902,177780,17,369698
6714,0.028684,172.31.36.0-255,66,177846,17,369698
6715,0.030316,172.217.27.0-255,2902,180748,17,369698
6716,0.030322,172.31.36.0-255,66,180814,17,369698
6717,0.030354,172.217.27.0-255,2902,183716,17,369698
6718,0.030357,172.31.36.0-255,66,183782,17,369698
6719,0.031988,172.217.27.0-255,1484,185266,17,369698
6720,0.032016,172.217.27.0-255,2902,188168,17,369698
6721,0.03202,172.31.36.0-255,66,188234,17,369698
6722,0.032052,172.217.27.0-255,1484,189718,17,369698
6723,0.033694,172.217.27.0-255,4320,194038,17,369698
6724,0.0337,172.31.36.0-255,66,194104,17,369698
6725,0.035388,172.217.27.0-255,2902,197006,17,369698
6726,0.035394,172.31.36.0-255,66,197072,17,369698
6727,0.035423,172.217.27.0-255,2902,199974,17,369698
6728,0.035426,172.31.36.0-255,66,200040,17,369698
6729,0.037057,172.217.27.0-255,2902,202942,17,369698
6730,0.037063,172.31.36.0-255,66,203008,17,369698
6731,0.037098,172.217.27.0-255,2902,205910,17,369698
6732,0.037101,172.31.36.0-255,66,205976,17,369698
6733,0.038735,172.217.27.0-255,2902,208878,17,369698
6734,0.038741,172.31.36.0-255,66,208944,17,369698
6735,0.038778,172.217.27.0-255,2902,211846,17,369698
6736,0.038782,172.31.36.0-255,66,211912,17,369698
6737,0.04041,172.217.27.0-255,1484,213396,17,369698
6738,0.040447,172.217.27.0-255,4320,217716,17,369698
6739,0.040452,172.31.36.0-255,66,217782,17,369698
6740,0.042128,172.217.27.0-255,5738,223520,17,369698
6741,0.042133,172.31.36.0-255,66,223586,17,369698
6742,0.043818,172.217.27.0-255,5738,229324,17,369698
6743,0.043824,172.31.36.0-255,66,229390,17,369698
6744,0.045504,172.217.27.0-255,5738,235128,17,369698
6745,0.045509,172.31.36.0-255,66,235194,17,369698
6746,0.047225,172.217.27.0-255,5738,240932,17,369698
6747,0.04723,172.31.36.0-255,66,240998,17,369698
6748,0.048917,172.217.27.0-255,5738,246736,17,369698
6749,0.048922,172.31.36.0-255,66,246802,17,369698
6750,0.050596,172.217.27.0-255,5738,252540,17,369698
6751,0.050602,172.31.36.0-255,66,252606,17,369698
6752,0.052271,172.217.27.0-255,5738,258344,17,369698
6753,0.052277,172.31.36.0-255,66,258410,17,369698
6754,0.052396,172.31.36.0-255,101,258511,17,369698
6755,0.053944,172.217.27.0-255,4320,262831,17,369698
6756,0.05395,172.31.36.0-255,66,262897,17,369698
6757,0.053984,172.217.27.0-255,1484,264381,17,369698
6758,0.05403,172.217.27.0-255,66,264447,17,369698
6759,0.055613,172.217.27.0-255,2902,267349,17,369698
6760,0.055619,172.31.36.0-255,66,267415,17,369698
6761,0.055652,172.217.27.0-255,1484,268899,17,369698
6762,0.0573,172.217.27.0-255,4320,273219,17,369698
6763,0.057305,172.31.36.0-255,66,273285,17,369698
6764,0.058984,172.217.27.0-255,5738,279023,17,369698
6765,0.05899,172.31.36.0-255,66,279089,17,369698
6766,0.06067,172.217.27.0-255,5738,284827,17,369698
6767,0.060676,172.31.36.0-255,66,284893,17,369698
6768,0.06235,172.217.27.0-255,5738,290631,17,369698
6769,0.062356,172.31.36.0-255,66,290697,17,369698
6770,0.064045,172.217.27.0-255,2902,293599,17,369698
6771,0.064051,172.31.36.0-255,66,293665,17,369698
6772,0.064088,172.217.27.0-255,2902,296567,17,369698
6773,0.064092,172.31.36.0-255,66,296633,17,369698
6774,0.065732,172.217.27.0-255,2902,299535,17,369698
6775,0.065737,172.31.36.0-255,66,299601,17,369698
6776,0.065773,172.217.27.0-255,2902,302503,17,369698
6777,0.065776,172.31.36.0-255,66,302569,17,369698
6778,0.067406,172.217.27.0-255,2902,305471,17,369698
6779,0.067411,172.31.36.0-255,66,305537,17,369698
6780,0.067444,172.217.27.0-255,2902,308439,17,369698
6781,0.067447,172.31.36.0-255,66,308505,17,369698
6782,0.069078,172.217.27.0-255,2902,311407,17,369698
6783,0.069084,172.31.36.0-255,66,311473,17,369698
6784,0.069117,172.217.27.0-255,2902,314375,17,369698
6785,0.06912,172.31.36.0-255,66,314441,17,369698
6786,0.070753,172.217.27.0-255,2902,317343,17,369698
6787,0.070758,172.31.36.0-255,66,317409,17,369698
6788,0.070793,172.217.27.0-255,2902,320311,17,369698
6789,0.070797,172.31.36.0-255,66,320377,17,369698
6790,0.072431,172.217.27.0-255,2902,323279,17,369698
6791,0.072436,172.31.36.0-255,66,323345,17,369698
6792,0.072467,172.217.27.0-255,2902,326247,17,369698
6793,0.07247,172.31.36.0-255,66,326313,17,369698
6794,0.074112,172.217.27.0-255,2902,329215,17,369698
6795,0.074118,172.31.36.0-255,66,329281,17,369698
6796,0.074151,172.217.27.0-255,2902,332183,17,369698
6797,0.074154,172.31.36.0-255,66,332249,17,369698
6798,0.075799,172.217.27.0-255,2902,335151,17,369698
6799,0.075805,172.31.36.0-255,66,335217,17,369698
6800,0.075839,172.217.27.0-255,2902,338119,17,369698
6801,0.075842,172.31.36.0-255,66,338185,17,369698
6802,0.077475,172.217.27.0-255,2902,341087,17,369698
6803,0.077481,172.31.36.0-255,66,341153,17,369698
6804,0.077516,172.217.27.0-255,2902,344055,17,369698
6805,0.07752,172.31.36.0-255,66,344121,17,369698
6806,0.079146,172.217.27.0-255,2902,347023,17,369698
6807,0.079151,172.31.36.0-255,66,347089,17,369698
6808,0.079187,172.217.27.0-255,2902,349991,17,369698
6809,0.079191,172.31.36.0-255,66,350057,17,369698
6810,0.080822,172.217.27.0-255,2902,352959,17,369698
6811,0.080828,172.31.36.0-255,66,353025,17,369698
6812,0.080861,172.217.27.0-255,2902,355927,17,369698
6813,0.080864,172.31.36.0-255,66,355993,17,369698
6814,0.082505,172.217.27.0-255,2902,358895,17,369698
6815,0.082511,172.31.36.0-255,66,358961,17,369698
6816,0.082544,172.217.27.0-255,2902,361863,17,369698
6817,0.082547,172.31.36.0-255,66,361929,17,369698
6818,0.084203,172.217.27.0-255,5738,367667,17,369698
6819,0.084209,172.31.36.0-255,66,367733,17,369698
6820,0.085885,172.217.27.0-255,1728,369461,17,369698
6821,0.08589,172.31.36.0-255,66,369527,17,369698
6822,0.086038,172.31.36.0-255,105,369632,17,369698
6823,0.091245,172.217.27.0-255,66,369698,17,369698
6824,0.0,172.253.118.0-255,153,153,17,365022
6825,1.4e-05,172.31.36.0-255,66,219,17,365022
6826,4.7e-05,172.253.118.0-255,1484,1703,17,365022
6827,5.2e-05,172.31.36.0-255,66,1769,17,365022
6828,5.8e-05,172.253.118.0-255,2902,4671,17,365022
6829,6e-05,172.31.36.0-255,66,4737,17,365022
6830,6.7e-05,172.253.118.0-255,5738,10475,17,365022
6831,7e-05,172.31.36.0-255,66,10541,17,365022
6832,0.000115,172.253.118.0-255,3493,14034,17,365022
6833,0.000118,172.31.36.0-255,66,14100,17,365022
6834,0.000122,172.253.118.0-255,1484,15584,17,365022
6835,0.000125,172.31.36.0-255,66,15650,17,365022
6836,0.000148,172.253.118.0-255,2902,18552,17,365022
6837,0.000151,172.31.36.0-255,66,18618,17,365022
6838,0.000158,172.253.118.0-255,5738,24356,17,365022
6839,0.00016,172.31.36.0-255,66,24422,17,365022
6840,0.000207,172.253.118.0-255,6797,31219,17,365022
6841,0.000209,172.31.36.0-255,66,31285,17,365022
6842,0.000311,172.253.118.0-255,1484,32769,17,365022
6843,0.000315,172.31.36.0-255,66,32835,17,365022
6844,0.000319,172.253.118.0-255,1484,34319,17,365022
6845,0.000321,172.31.36.0-255,66,34385,17,365022
6846,0.000342,172.253.118.0-255,1484,35869,17,365022
6847,0.000344,172.31.36.0-255,66,35935,17,365022
6848,0.000356,172.253.118.0-255,5738,41673,17,365022
6849,0.000358,172.31.36.0-255,66,41739,17,365022
6850,0.000365,172.253.118.0-255,6797,48536,17,365022
6851,0.000369,172.31.36.0-255,66,48602,17,365022
6852,0.000374,172.253.118.0-255,4320,52922,17,365022
6853,0.000376,172.31.36.0-255,66,52988,17,365022
6854,0.000404,172.253.118.0-255,2902,55890,17,365022
6855,0.000407,172.31.36.0-255,66,55956,17,365022
6856,0.000418,172.31.36.0-255,66,56022,17,365022
6857,0.000437,172.253.118.0-255,364,56386,17,365022
6858,0.000483,172.253.118.0-255,130,56516,17,365022
6859,0.000944,172.253.118.0-255,348,56864,17,365022
6860,0.001094,172.253.118.0-255,1484,58348,17,365022
6861,0.0011,172.31.36.0-255,66,58414,17,365022
6862,0.001106,172.253.118.0-255,2902,61316,17,365022
6863,0.001108,172.31.36.0-255,66,61382,17,365022
6864,0.001137,172.253.118.0-255,5738,67120,17,365022
6865,0.00114,172.31.36.0-255,66,67186,17,365022
6866,0.001145,172.253.118.0-255,4320,71506,17,365022
6867,0.001147,172.31.36.0-255,66,71572,17,365022
6868,0.001189,172.31.36.0-255,66,71638,17,365022
6869,0.001202,172.31.36.0-255,66,71704,17,365022
6870,0.002077,172.253.118.0-255,1484,73188,17,365022
6871,0.002088,172.253.118.0-255,2902,76090,17,365022
6872,0.002092,172.31.36.0-255,66,76156,17,365022
6873,0.002099,172.253.118.0-255,2902,79058,17,365022
6874,0.0021,172.31.36.0-255,66,79124,17,365022
6875,0.002107,172.253.118.0-255,5738,84862,17,365022
6876,0.002109,172.31.36.0-255,66,84928,17,365022
6877,0.002141,172.253.118.0-255,4320,89248,17,365022
6878,0.002143,172.31.36.0-255,66,89314,17,365022
6879,0.00215,172.253.118.0-255,5738,95052,17,365022
6880,0.002152,172.31.36.0-255,66,95118,17,365022
6881,0.004222,172.253.118.0-255,5738,100856,17,365022
6882,0.004226,172.31.36.0-255,66,100922,17,365022
6883,0.006304,172.253.118.0-255,5738,106660,17,365022
6884,0.006307,172.31.36.0-255,66,106726,17,365022
6885,0.008378,172.253.118.0-255,5738,112464,17,365022
6886,0.008385,172.31.36.0-255,66,112530,17,365022
6887,0.010475,172.253.118.0-255,5738,118268,17,365022
6888,0.010483,172.31.36.0-255,66,118334,17,365022
6889,0.012561,172.253.118.0-255,5738,124072,17,365022
6890,0.012567,172.31.36.0-255,66,124138,17,365022
6891,0.014667,172.253.118.0-255,5738,129876,17,365022
6892,0.014677,172.31.36.0-255,66,129942,17,365022
6893,0.016754,172.253.118.0-255,5738,135680,17,365022
6894,0.016762,172.31.36.0-255,66,135746,17,365022
6895,0.018873,172.253.118.0-255,5738,141484,17,365022
6896,0.01888,172.31.36.0-255,66,141550,17,365022
6897,0.020952,172.253.118.0-255,5738,147288,17,365022
6898,0.02096,172.31.36.0-255,66,147354,17,365022
6899,0.023048,172.253.118.0-255,5738,153092,17,365022
6900,0.023054,172.31.36.0-255,66,153158,17,365022
6901,0.025142,172.253.118.0-255,5738,158896,17,365022
6902,0.025149,172.31.36.0-255,66,158962,17,365022
6903,0.027213,172.253.118.0-255,4320,163282,17,365022
6904,0.027218,172.31.36.0-255,66,163348,17,365022
6905,0.027231,172.253.118.0-255,1484,164832,17,365022
6906,0.028009,172.31.36.0-255,172,165004,17,365022
6907,0.028039,172.31.36.0-255,1117,166121,17,365022
6908,0.028122,172.31.36.0-255,1514,167635,17,365022
6909,0.028123,172.31.36.0-255,1271,168906,17,365022
6910,0.029315,172.253.118.0-255,4320,173226,17,365022
6911,0.029323,172.31.36.0-255,66,173292,17,365022
6912,0.029674,104.244.42.0-255,66,173358,17,365022
6913,0.029782,104.244.42.0-255,66,173424,17,365022
6914,0.029873,104.244.42.0-255,66,173490,17,365022
6915,0.031397,172.253.118.0-255,5738,179228,17,365022
6916,0.031402,172.31.36.0-255,66,179294,17,365022
6917,0.033481,172.253.118.0-255,5738,185032,17,365022
6918,0.033487,172.31.36.0-255,66,185098,17,365022
6919,0.035577,172.253.118.0-255,5738,190836,17,365022
6920,0.035583,172.31.36.0-255,66,190902,17,365022
6921,0.03768,172.253.118.0-255,5738,196640,17,365022
6922,0.037686,172.31.36.0-255,66,196706,17,365022
6923,0.039787,172.253.118.0-255,5738,202444,17,365022
6924,0.039794,172.31.36.0-255,66,202510,17,365022
6925,0.041889,172.253.118.0-255,5738,208248,17,365022
6926,0.041895,172.31.36.0-255,66,208314,17,365022
6927,0.043973,172.253.118.0-255,5738,214052,17,365022
6928,0.043981,172.31.36.0-255,66,214118,17,365022
6929,0.046078,172.253.118.0-255,5738,219856,17,365022
6930,0.046084,172.31.36.0-255,66,219922,17,365022
6931,0.048171,172.253.118.0-255,5738,225660,17,365022
6932,0.048178,172.31.36.0-255,66,225726,17,365022
6933,0.050296,172.253.118.0-255,5738,231464,17,365022
6934,0.050311,172.31.36.0-255,66,231530,17,365022
6935,0.052403,172.253.118.0-255,5738,237268,17,365022
6936,0.05242,172.31.36.0-255,66,237334,17,365022
6937,0.054503,172.253.118.0-255,5738,243072,17,365022
6938,0.054518,172.31.36.0-255,66,243138,17,365022
6939,0.056598,172.253.118.0-255,5738,248876,17,365022
6940,0.056605,172.31.36.0-255,66,248942,17,365022
6941,0.058704,172.253.118.0-255,5738,254680,17,365022
6942,0.058717,172.31.36.0-255,66,254746,17,365022
6943,0.060838,172.253.118.0-255,5738,260484,17,365022
6944,0.060846,172.31.36.0-255,66,260550,17,365022
6945,0.062926,172.253.118.0-255,5738,266288,17,365022
6946,0.062933,172.31.36.0-255,66,266354,17,365022
6947,0.065018,172.253.118.0-255,5738,272092,17,365022
6948,0.065029,172.31.36.0-255,66,272158,17,365022
6949,0.067118,172.253.118.0-255,5738,277896,17,365022
6950,0.067125,172.31.36.0-255,66,277962,17,365022
6951,0.069204,172.253.118.0-255,5738,283700,17,365022
6952,0.06921,172.31.36.0-255,66,283766,17,365022
6953,0.071298,172.253.118.0-255,5738,289504,17,365022
6954,0.071303,172.31.36.0-255,66,289570,17,365022
6955,0.073387,172.253.118.0-255,5738,295308,17,365022
6956,0.073392,172.31.36.0-255,66,295374,17,365022
6957,0.075472,172.253.118.0-255,5738,301112,17,365022
6958,0.075479,172.31.36.0-255,66,301178,17,365022
6959,0.077566,172.253.118.0-255,5738,306916,17,365022
6960,0.077572,172.31.36.0-255,66,306982,17,365022
6961,0.079658,172.253.118.0-255,5738,312720,17,365022
6962,0.079663,172.31.36.0-255,66,312786,17,365022
6963,0.081774,172.253.118.0-255,5738,318524,17,365022
6964,0.081779,172.31.36.0-255,66,318590,17,365022
6965,0.083859,172.253.118.0-255,5738,324328,17,365022
6966,0.083864,172.31.36.0-255,66,324394,17,365022
6967,0.085964,172.253.118.0-255,5738,330132,17,365022
6968,0.085971,172.31.36.0-255,66,330198,17,365022
6969,0.088057,172.253.118.0-255,5738,335936,17,365022
6970,0.088062,172.31.36.0-255,66,336002,17,365022
6971,0.090142,172.253.118.0-255,5738,341740,17,365022
6972,0.09015,172.31.36.0-255,66,341806,17,365022
6973,0.092247,172.253.118.0-255,5738,347544,17,365022
6974,0.092254,172.31.36.0-255,66,347610,17,365022
6975,0.094329,172.253.118.0-255,5738,353348,17,365022
6976,0.094334,172.31.36.0-255,66,353414,17,365022
6977,0.096423,172.253.118.0-255,5738,359152,17,365022
6978,0.09643,172.31.36.0-255,66,359218,17,365022
6979,0.098519,172.253.118.0-255,5738,364956,17,365022
6980,0.098525,172.31.36.0-255,66,365022,17,365022
6981,0.0,172.217.194.0-255,218,218,17,190876
6982,3.1e-05,172.31.36.0-255,66,284,17,190876
6983,3.8e-05,172.217.194.0-255,1484,1768,17,190876
6984,4.3e-05,172.31.36.0-255,66,1834,17,190876
6985,4.9e-05,172.217.194.0-255,4320,6154,17,190876
6986,5.1e-05,172.31.36.0-255,66,6220,17,190876
6987,6.2e-05,172.31.36.0-255,66,6286,17,190876
6988,7.3e-05,172.31.36.0-255,66,6352,17,190876
6989,0.000119,172.31.36.0-255,66,6418,17,190876
6990,0.000428,172.217.194.0-255,1484,7902,17,190876
6991,0.000434,172.31.36.0-255,66,7968,17,190876
6992,0.00044,172.217.194.0-255,2902,10870,17,190876
6993,0.000443,172.31.36.0-255,66,10936,17,190876
6994,0.000466,172.217.194.0-255,2902,13838,17,190876
6995,0.000469,172.31.36.0-255,66,13904,17,190876
6996,0.000489,172.217.194.0-255,2902,16806,17,190876
6997,0.000492,172.31.36.0-255,66,16872,17,190876
6998,0.000517,172.31.36.0-255,66,16938,17,190876
6999,0.000539,172.217.194.0-255,2902,19840,17,190876
7000,0.000542,172.31.36.0-255,66,19906,17,190876
7001,0.000549,172.217.194.0-255,7156,27062,17,190876
7002,0.000551,172.31.36.0-255,66,27128,17,190876
7003,0.000567,172.217.194.0-255,3602,30730,17,190876
7004,0.000571,172.31.36.0-255,66,30796,17,190876
7005,0.000589,172.217.194.0-255,341,31137,17,190876
7006,0.000592,172.31.36.0-255,66,31203,17,190876
7007,0.000625,172.217.194.0-255,1484,32687,17,190876
7008,0.000628,172.31.36.0-255,66,32753,17,190876
7009,0.000649,172.217.194.0-255,4320,37073,17,190876
7010,0.000651,172.31.36.0-255,66,37139,17,190876
7011,0.000656,172.217.194.0-255,2902,40041,17,190876
7012,0.000658,172.31.36.0-255,66,40107,17,190876
7013,0.000677,172.217.194.0-255,4320,44427,17,190876
7014,0.00068,172.31.36.0-255,66,44493,17,190876
7015,0.000695,172.217.194.0-255,5738,50231,17,190876
7016,0.000698,172.31.36.0-255,66,50297,17,190876
7017,0.000731,172.31.36.0-255,66,50363,17,190876
7018,0.00077,172.217.194.0-255,5020,55383,17,190876
7019,0.000774,172.31.36.0-255,66,55449,17,190876
7020,0.000794,172.217.194.0-255,4320,59769,17,190876
7021,0.000799,172.31.36.0-255,66,59835,17,190876
7022,0.000818,172.217.194.0-255,5738,65573,17,190876
7023,0.000821,172.31.36.0-255,66,65639,17,190876
7024,0.000834,172.217.194.0-255,2902,68541,17,190876
7025,0.000837,172.31.36.0-255,66,68607,17,190876
7026,0.000868,172.31.36.0-255,66,68673,17,190876
7027,0.000871,172.217.194.0-255,7156,75829,17,190876
7028,0.000873,172.31.36.0-255,66,75895,17,190876
7029,0.000901,172.217.194.0-255,2902,78797,17,190876
7030,0.000904,172.31.36.0-255,66,78863,17,190876
7031,0.000941,172.31.36.0-255,66,78929,17,190876
7032,0.000953,172.217.194.0-255,1484,80413,17,190876
7033,0.000993,172.31.36.0-255,66,80479,17,190876
7034,0.000999,172.217.194.0-255,4320,84799,17,190876
7035,0.001002,172.31.36.0-255,66,84865,17,190876
7036,0.001029,172.31.36.0-255,66,84931,17,190876
7037,0.001042,172.31.36.0-255,66,84997,17,190876
7038,0.001063,172.217.194.0-255,2902,87899,17,190876
7039,0.001066,172.31.36.0-255,66,87965,17,190876
7040,0.001071,172.217.194.0-255,2184,90149,17,190876
7041,0.001073,172.31.36.0-255,66,90215,17,190876
7042,0.001076,172.217.194.0-255,1484,91699,17,190876
7043,0.001092,172.217.194.0-255,1484,93183,17,190876
7044,0.001095,172.31.36.0-255,66,93249,17,190876
7045,0.0011,172.217.194.0-255,2902,96151,17,190876
7046,0.001102,172.31.36.0-255,66,96217,17,190876
7047,0.001139,172.217.194.0-255,4320,100537,17,190876
7048,0.001143,172.31.36.0-255,66,100603,17,190876
7049,0.001147,172.217.194.0-255,7156,107759,17,190876
7050,0.001149,172.31.36.0-255,66,107825,17,190876
7051,0.001164,172.31.36.0-255,66,107891,17,190876
7052,0.001167,172.217.194.0-255,766,108657,17,190876
7053,0.001186,172.217.194.0-255,1484,110141,17,190876
7054,0.001189,172.31.36.0-255,66,110207,17,190876
7055,0.001195,172.217.194.0-255,4320,114527,17,190876
7056,0.001197,172.31.36.0-255,66,114593,17,190876
7057,0.00122,172.217.194.0-255,7156,121749,17,190876
7058,0.001224,172.31.36.0-255,66,121815,17,190876
7059,0.001235,172.217.194.0-255,1484,123299,17,190876
7060,0.00124,172.217.194.0-255,2902,126201,17,190876
7061,0.001243,172.31.36.0-255,66,126267,17,190876
7062,0.001266,172.217.194.0-255,7156,133423,17,190876
7063,0.00127,172.31.36.0-255,66,133489,17,190876
7064,0.001273,172.217.194.0-255,1484,134973,17,190876
7065,0.001304,172.31.36.0-255,66,135039,17,190876
7066,0.001315,172.31.36.0-255,66,135105,17,190876
7067,0.001386,172.31.36.0-255,66,135171,17,190876
7068,0.001397,172.31.36.0-255,66,135237,17,190876
7069,0.001536,172.217.194.0-255,1484,136721,17,190876
7070,0.001542,172.217.194.0-255,2902,139623,17,190876
7071,0.001545,172.31.36.0-255,66,139689,17,190876
7072,0.001551,172.217.194.0-255,2902,142591,17,190876
7073,0.001553,172.31.36.0-255,66,142657,17,190876
7074,0.001569,172.217.194.0-255,2902,145559,17,190876
7075,0.001572,172.31.36.0-255,66,145625,17,190876
7076,0.001579,172.217.194.0-255,5738,151363,17,190876
7077,0.001582,172.31.36.0-255,66,151429,17,190876
7078,0.0016,172.217.194.0-255,4320,155749,17,190876
7079,0.001603,172.31.36.0-255,66,155815,17,190876
7080,0.001648,172.31.36.0-255,66,155881,17,190876
7081,0.001667,172.217.194.0-255,2184,158065,17,190876
7082,0.00167,172.31.36.0-255,66,158131,17,190876
7083,0.001685,172.31.36.0-255,66,158197,17,190876
7084,0.001691,172.217.194.0-255,5738,163935,17,190876
7085,0.001695,172.31.36.0-255,66,164001,17,190876
7086,0.001711,172.217.194.0-255,2902,166903,17,190876
7087,0.001714,172.31.36.0-255,66,166969,17,190876
7088,0.001728,172.217.194.0-255,1484,168453,17,190876
7089,0.001751,172.31.36.0-255,66,168519,17,190876
7090,0.001781,172.217.194.0-255,4320,172839,17,190876
7091,0.001785,172.31.36.0-255,66,172905,17,190876
7092,0.001804,172.217.194.0-255,7156,180061,17,190876
7093,0.001807,172.31.36.0-255,66,180127,17,190876
7094,0.001811,172.217.194.0-255,2902,183029,17,190876
7095,0.001815,172.31.36.0-255,66,183095,17,190876
7096,0.001843,172.31.36.0-255,66,183161,17,190876
7097,0.001854,172.31.36.0-255,66,183227,17,190876
7098,0.001885,172.31.36.0-255,66,183293,17,190876
7099,0.001888,172.217.194.0-255,97,183390,17,190876
7100,0.001917,172.217.194.0-255,105,183495,17,190876
7101,0.003545,172.31.36.0-255,66,183561,17,190876
7102,0.003573,172.31.36.0-255,105,183666,17,190876
7103,0.005937,172.217.194.0-255,66,183732,17,190876
7104,0.034083,172.31.36.0-255,172,183904,17,190876
7105,0.034116,172.31.36.0-255,1118,185022,17,190876
7106,0.034167,172.31.36.0-255,1514,186536,17,190876
7107,0.03417,172.31.36.0-255,1514,188050,17,190876
7108,0.034171,172.31.36.0-255,1514,189564,17,190876
7109,0.034172,172.31.36.0-255,1048,190612,17,190876
7110,0.035651,104.244.42.0-255,66,190678,17,190876
7111,0.035666,104.244.42.0-255,66,190744,17,190876
7112,0.035747,104.244.42.0-255,66,190810,17,190876
7113,0.03575,104.244.42.0-255,66,190876,17,190876
7114,0.0,172.217.194.0-255,146,146,17,350094
7115,3.4e-05,172.31.36.0-255,66,212,17,350094
7116,4.2e-05,172.217.194.0-255,1484,1696,17,350094
7117,4.6e-05,172.31.36.0-255,66,1762,17,350094
7118,5.2e-05,172.217.194.0-255,2902,4664,17,350094
7119,5.6e-05,172.31.36.0-255,66,4730,17,350094
7120,6.3e-05,172.217.194.0-255,7156,11886,17,350094
7121,6.6e-05,172.31.36.0-255,66,11952,17,350094
7122,7e-05,172.217.194.0-255,2146,14098,17,350094
7123,7.3e-05,172.31.36.0-255,66,14164,17,350094
7124,0.000183,172.217.194.0-255,1484,15648,17,350094
7125,0.000187,172.31.36.0-255,66,15714,17,350094
7126,0.000193,172.217.194.0-255,1484,17198,17,350094
7127,0.000195,172.31.36.0-255,66,17264,17,350094
7128,0.000219,172.217.194.0-255,1484,18748,17,350094
7129,0.000221,172.31.36.0-255,66,18814,17,350094
7130,0.000229,172.217.194.0-255,5738,24552,17,350094
7131,0.000231,172.31.36.0-255,66,24618,17,350094
7132,0.000248,172.217.194.0-255,5738,30356,17,350094
7133,0.000251,172.31.36.0-255,66,30422,17,350094
7134,0.000278,172.31.36.0-255,66,30488,17,350094
7135,0.000287,172.31.36.0-255,66,30554,17,350094
7136,0.000307,172.217.194.0-255,1125,31679,17,350094
7137,0.00031,172.31.36.0-255,66,31745,17,350094
7138,0.000644,172.217.194.0-255,1484,33229,17,350094
7139,0.00065,172.31.36.0-255,66,33295,17,350094
7140,0.000655,172.217.194.0-255,2902,36197,17,350094
7141,0.000657,172.31.36.0-255,66,36263,17,350094
7142,0.000664,172.217.194.0-255,5738,42001,17,350094
7143,0.000667,172.31.36.0-255,66,42067,17,350094
7144,0.000712,172.217.194.0-255,2902,44969,17,350094
7145,0.000717,172.31.36.0-255,66,45035,17,350094
7146,0.000731,172.217.194.0-255,4574,49609,17,350094
7147,0.000734,172.31.36.0-255,66,49675,17,350094
7148,0.000776,172.217.194.0-255,1484,51159,17,350094
7149,0.000782,172.217.194.0-255,2902,54061,17,350094
7150,0.000784,172.31.36.0-255,66,54127,17,350094
7151,0.000787,172.217.194.0-255,1484,55611,17,350094
7152,0.000804,172.217.194.0-255,4320,59931,17,350094
7153,0.000806,172.31.36.0-255,66,59997,17,350094
7154,0.000824,172.217.194.0-255,2902,62899,17,350094
7155,0.000827,172.31.36.0-255,66,62965,17,350094
7156,0.00084,172.217.194.0-255,3961,66926,17,350094
7157,0.000843,172.31.36.0-255,66,66992,17,350094
7158,0.000847,172.217.194.0-255,2902,69894,17,350094
7159,0.00085,172.31.36.0-255,66,69960,17,350094
7160,0.000887,172.31.36.0-255,66,70026,17,350094
7161,0.000891,172.217.194.0-255,2543,72569,17,350094
7162,0.000893,172.31.36.0-255,66,72635,17,350094
7163,0.001144,172.217.194.0-255,1484,74119,17,350094
7164,0.00116,172.217.194.0-255,2902,77021,17,350094
7165,0.001164,172.31.36.0-255,66,77087,17,350094
7166,0.001171,172.217.194.0-255,5738,82825,17,350094
7167,0.001173,172.31.36.0-255,66,82891,17,350094
7168,0.001185,172.217.194.0-255,1484,84375,17,350094
7169,0.001209,172.31.36.0-255,66,84441,17,350094
7170,0.00122,172.217.194.0-255,1484,85925,17,350094
7171,0.001265,172.217.194.0-255,2902,88827,17,350094
7172,0.001278,172.217.194.0-255,4320,93147,17,350094
7173,0.001291,172.217.194.0-255,7156,100303,17,350094
7174,0.001294,172.217.194.0-255,1484,101787,17,350094
7175,0.001358,172.217.194.0-255,2902,104689,17,350094
7176,0.001373,172.217.194.0-255,5020,109709,17,350094
7177,0.001698,172.217.194.0-255,1484,111193,17,350094
7178,0.001737,172.217.194.0-255,1484,112677,17,350094
7179,0.001747,172.217.194.0-255,1484,114161,17,350094
7180,0.001752,172.217.194.0-255,5738,119899,17,350094
7181,0.001759,172.217.194.0-255,7156,127055,17,350094
7182,0.001763,172.217.194.0-255,4320,131375,17,350094
7183,0.001788,172.217.194.0-255,2184,133559,17,350094
7184,0.003647,172.31.36.0-255,66,133625,17,350094
7185,0.005648,172.217.194.0-255,5738,139363,17,350094
7186,0.005655,172.31.36.0-255,66,139429,17,350094
7187,0.00764,172.217.194.0-255,5738,145167,17,350094
7188,0.007647,172.31.36.0-255,66,145233,17,350094
7189,0.009646,172.217.194.0-255,5738,150971,17,350094
7190,0.009653,172.31.36.0-255,66,151037,17,350094
7191,0.011659,172.217.194.0-255,5738,156775,17,350094
7192,0.011667,172.31.36.0-255,66,156841,17,350094
7193,0.013678,172.217.194.0-255,5738,162579,17,350094
7194,0.013685,172.31.36.0-255,66,162645,17,350094
7195,0.015686,172.217.194.0-255,5738,168383,17,350094
7196,0.015693,172.31.36.0-255,66,168449,17,350094
7197,0.017689,172.217.194.0-255,5738,174187,17,350094
7198,0.017696,172.31.36.0-255,66,174253,17,350094
7199,0.019728,172.217.194.0-255,5738,179991,17,350094
7200,0.019735,172.31.36.0-255,66,180057,17,350094
7201,0.021172,172.31.36.0-255,172,180229,17,350094
7202,0.021203,172.31.36.0-255,1117,181346,17,350094
7203,0.021242,172.31.36.0-255,1514,182860,17,350094
7204,0.021243,172.31.36.0-255,315,183175,17,350094
7205,0.021742,172.217.194.0-255,5738,188913,17,350094
7206,0.021749,172.31.36.0-255,66,188979,17,350094
7207,0.022688,104.244.42.0-255,66,189045,17,350094
7208,0.022855,104.244.42.0-255,66,189111,17,350094
7209,0.022879,104.244.42.0-255,66,189177,17,350094
7210,0.023724,172.217.194.0-255,5738,194915,17,350094
7211,0.023731,172.31.36.0-255,66,194981,17,350094
7212,0.02573,172.217.194.0-255,5738,200719,17,350094
7213,0.025737,172.31.36.0-255,66,200785,17,350094
7214,0.027726,172.217.194.0-255,5738,206523,17,350094
7215,0.027733,172.31.36.0-255,66,206589,17,350094
7216,0.029726,172.217.194.0-255,5738,212327,17,350094
7217,0.029733,172.31.36.0-255,66,212393,17,350094
7218,0.031721,172.217.194.0-255,5738,218131,17,350094
7219,0.031729,172.31.36.0-255,66,218197,17,350094
7220,0.033715,172.217.194.0-255,5738,223935,17,350094
7221,0.033721,172.31.36.0-255,66,224001,17,350094
7222,0.03572,172.217.194.0-255,5738,229739,17,350094
7223,0.035728,172.31.36.0-255,66,229805,17,350094
7224,0.037709,172.217.194.0-255,5738,235543,17,350094
7225,0.037715,172.31.36.0-255,66,235609,17,350094
7226,0.039726,172.217.194.0-255,5738,241347,17,350094
7227,0.039737,172.31.36.0-255,66,241413,17,350094
7228,0.041714,172.217.194.0-255,5738,247151,17,350094
7229,0.041737,172.31.36.0-255,66,247217,17,350094
7230,0.043737,172.217.194.0-255,5738,252955,17,350094
7231,0.043742,172.31.36.0-255,66,253021,17,350094
7232,0.04573,172.217.194.0-255,5738,258759,17,350094
7233,0.045735,172.31.36.0-255,66,258825,17,350094
7234,0.047729,172.217.194.0-255,5738,264563,17,350094
7235,0.047734,172.31.36.0-255,66,264629,17,350094
7236,0.049713,172.217.194.0-255,5738,270367,17,350094
7237,0.049718,172.31.36.0-255,66,270433,17,350094
7238,0.051729,172.217.194.0-255,5738,276171,17,350094
7239,0.051735,172.31.36.0-255,66,276237,17,350094
7240,0.053743,172.217.194.0-255,5738,281975,17,350094
7241,0.053749,172.31.36.0-255,66,282041,17,350094
7242,0.055761,172.217.194.0-255,5738,287779,17,350094
7243,0.055768,172.31.36.0-255,66,287845,17,350094
7244,0.057741,172.217.194.0-255,5738,293583,17,350094
7245,0.057747,172.31.36.0-255,66,293649,17,350094
7246,0.059759,172.217.194.0-255,5738,299387,17,350094
7247,0.059766,172.31.36.0-255,66,299453,17,350094
7248,0.061745,172.217.194.0-255,5738,305191,17,350094
7249,0.061758,172.31.36.0-255,66,305257,17,350094
7250,0.063738,172.217.194.0-255,4320,309577,17,350094
7251,0.063747,172.31.36.0-255,66,309643,17,350094
7252,0.063783,172.217.194.0-255,1484,311127,17,350094
7253,0.065754,172.217.194.0-255,4320,315447,17,350094
7254,0.065761,172.31.36.0-255,66,315513,17,350094
7255,0.067753,172.217.194.0-255,5738,321251,17,350094
7256,0.067759,172.31.36.0-255,66,321317,17,350094
7257,0.069765,172.217.194.0-255,5738,327055,17,350094
7258,0.069771,172.31.36.0-255,66,327121,17,350094
7259,0.071741,172.217.194.0-255,5738,332859,17,350094
7260,0.071748,172.31.36.0-255,66,332925,17,350094
7261,0.073749,172.217.194.0-255,5738,338663,17,350094
7262,0.073756,172.31.36.0-255,66,338729,17,350094
7263,0.075779,172.217.194.0-255,5738,344467,17,350094
7264,0.075785,172.31.36.0-255,66,344533,17,350094
7265,0.077796,172.217.194.0-255,5324,349857,17,350094
7266,0.077803,172.31.36.0-255,66,349923,17,350094
7267,0.078003,172.31.36.0-255,105,350028,17,350094
7268,0.079968,172.217.194.0-255,66,350094,17,350094
7269,0.0,74.125.24.0-255,150,150,17,292547
7270,1.9e-05,172.31.36.0-255,66,216,17,292547
7271,2.3e-05,74.125.24.0-255,1484,1700,17,292547
7272,2.7e-05,172.31.36.0-255,66,1766,17,292547
7273,5.4e-05,74.125.24.0-255,2902,4668,17,292547
7274,5.6e-05,172.31.36.0-255,66,4734,17,292547
7275,6.4e-05,74.125.24.0-255,7156,11890,17,292547
7276,6.6e-05,172.31.36.0-255,66,11956,17,292547
7277,8.4e-05,74.125.24.0-255,1978,13934,17,292547
7278,8.6e-05,172.31.36.0-255,66,14000,17,292547
7279,0.000293,74.125.24.0-255,1484,15484,17,292547
7280,0.000298,172.31.36.0-255,66,15550,17,292547
7281,0.000303,74.125.24.0-255,2902,18452,17,292547
7282,0.000306,172.31.36.0-255,66,18518,17,292547
7283,0.000319,74.125.24.0-255,2902,21420,17,292547
7284,0.000322,172.31.36.0-255,66,21486,17,292547
7285,0.000341,74.125.24.0-255,2902,24388,17,292547
7286,0.000343,172.31.36.0-255,66,24454,17,292547
7287,0.000348,74.125.24.0-255,4320,28774,17,292547
7288,0.00035,172.31.36.0-255,66,28840,17,292547
7289,0.000396,172.31.36.0-255,66,28906,17,292547
7290,0.000442,74.125.24.0-255,4320,33226,17,292547
7291,0.000445,172.31.36.0-255,66,33292,17,292547
7292,0.000463,74.125.24.0-255,2543,35835,17,292547
7293,0.000465,172.31.36.0-255,66,35901,17,292547
7294,0.000538,74.125.24.0-255,1484,37385,17,292547
7295,0.000544,172.31.36.0-255,66,37451,17,292547
7296,0.000555,74.125.24.0-255,2902,40353,17,292547
7297,0.000558,172.31.36.0-255,66,40419,17,292547
7298,0.000563,74.125.24.0-255,5738,46157,17,292547
7299,0.000565,172.31.36.0-255,66,46223,17,292547
7300,0.000585,74.125.24.0-255,1484,47707,17,292547
7301,0.0006,74.125.24.0-255,5379,53086,17,292547
7302,0.000603,172.31.36.0-255,66,53152,17,292547
7303,0.000626,74.125.24.0-255,394,53546,17,292547
7304,0.000666,74.125.24.0-255,349,53895,17,292547
7305,0.000707,172.31.36.0-255,66,53961,17,292547
7306,0.000743,74.125.24.0-255,1484,55445,17,292547
7307,0.000761,74.125.24.0-255,1484,56929,17,292547
7308,0.000763,172.31.36.0-255,66,56995,17,292547
7309,0.000782,74.125.24.0-255,1484,58479,17,292547
7310,0.000787,74.125.24.0-255,5738,64217,17,292547
7311,0.00079,172.31.36.0-255,66,64283,17,292547
7312,0.000809,74.125.24.0-255,4320,68603,17,292547
7313,0.000813,172.31.36.0-255,66,68669,17,292547
7314,0.000895,172.31.36.0-255,66,68735,17,292547
7315,0.00091,172.31.36.0-255,66,68801,17,292547
7316,0.001844,74.125.24.0-255,1484,70285,17,292547
7317,0.001853,74.125.24.0-255,2902,73187,17,292547
7318,0.001857,172.31.36.0-255,66,73253,17,292547
7319,0.001863,74.125.24.0-255,4320,77573,17,292547
7320,0.001864,172.31.36.0-255,66,77639,17,292547
7321,0.001888,74.125.24.0-255,1484,79123,17,292547
7322,0.001898,172.31.36.0-255,66,79189,17,292547
7323,0.001915,74.125.24.0-255,4320,83509,17,292547
7324,0.001916,172.31.36.0-255,66,83575,17,292547
7325,0.00197,74.125.24.0-255,5738,89313,17,292547
7326,0.001973,172.31.36.0-255,66,89379,17,292547
7327,0.001987,74.125.24.0-255,5020,94399,17,292547
7328,0.001988,172.31.36.0-255,66,94465,17,292547
7329,0.002036,74.125.24.0-255,1484,95949,17,292547
7330,0.002054,74.125.24.0-255,2902,98851,17,292547
7331,0.002056,172.31.36.0-255,66,98917,17,292547
7332,0.00208,74.125.24.0-255,1484,100401,17,292547
7333,0.0021,74.125.24.0-255,4320,104721,17,292547
7334,0.002102,172.31.36.0-255,66,104787,17,292547
7335,0.002134,74.125.24.0-255,4320,109107,17,292547
7336,0.002136,172.31.36.0-255,66,109173,17,292547
7337,0.002162,172.31.36.0-255,66,109239,17,292547
7338,0.002165,74.125.24.0-255,1484,110723,17,292547
7339,0.002191,172.31.36.0-255,66,110789,17,292547
7340,0.002217,172.31.36.0-255,66,110855,17,292547
7341,0.002316,74.125.24.0-255,2902,113757,17,292547
7342,0.002319,172.31.36.0-255,66,113823,17,292547
7343,0.002334,74.125.24.0-255,5738,119561,17,292547
7344,0.002336,172.31.36.0-255,66,119627,17,292547
7345,0.002359,172.31.36.0-255,66,119693,17,292547
7346,0.002435,74.125.24.0-255,5738,125431,17,292547
7347,0.002438,172.31.36.0-255,66,125497,17,292547
7348,0.002473,172.31.36.0-255,66,125563,17,292547
7349,0.002572,74.125.24.0-255,7156,132719,17,292547
7350,0.002576,172.31.36.0-255,66,132785,17,292547
7351,0.002601,74.125.24.0-255,5020,137805,17,292547
7352,0.002603,172.31.36.0-255,66,137871,17,292547
7353,0.002642,74.125.24.0-255,4320,142191,17,292547
7354,0.002644,172.31.36.0-255,66,142257,17,292547
7355,0.002679,172.31.36.0-255,66,142323,17,292547
7356,0.002726,74.125.24.0-255,5738,148061,17,292547
7357,0.00273,172.31.36.0-255,66,148127,17,292547
7358,0.002754,172.31.36.0-255,66,148193,17,292547
7359,0.002784,172.31.36.0-255,66,148259,17,292547
7360,0.002876,74.125.24.0-255,2902,151161,17,292547
7361,0.00288,172.31.36.0-255,66,151227,17,292547
7362,0.002896,74.125.24.0-255,7156,158383,17,292547
7363,0.002899,172.31.36.0-255,66,158449,17,292547
7364,0.005513,74.125.24.0-255,4320,162769,17,292547
7365,0.005519,172.31.36.0-255,66,162835,17,292547
7366,0.005538,74.125.24.0-255,1484,164319,17,292547
7367,0.0081,74.125.24.0-255,4320,168639,17,292547
7368,0.008107,172.31.36.0-255,66,168705,17,292547
7369,0.010698,74.125.24.0-255,5738,174443,17,292547
7370,0.010706,172.31.36.0-255,66,174509,17,292547
7371,0.013277,74.125.24.0-255,5738,180247,17,292547
7372,0.013285,172.31.36.0-255,66,180313,17,292547
7373,0.015874,74.125.24.0-255,5738,186051,17,292547
7374,0.015883,172.31.36.0-255,66,186117,17,292547
7375,0.018484,74.125.24.0-255,5738,191855,17,292547
7376,0.018491,172.31.36.0-255,66,191921,17,292547
7377,0.021085,74.125.24.0-255,5738,197659,17,292547
7378,0.02109,172.31.36.0-255,66,197725,17,292547
7379,0.023671,74.125.24.0-255,5738,203463,17,292547
7380,0.023676,172.31.36.0-255,66,203529,17,292547
7381,0.025941,172.31.36.0-255,188,203717,17,292547
7382,0.02598,172.31.36.0-255,961,204678,17,292547
7383,0.026043,172.31.36.0-255,1514,206192,17,292547
7384,0.026045,172.31.36.0-255,1427,207619,17,292547
7385,0.026258,74.125.24.0-255,4320,211939,17,292547
7386,0.026264,172.31.36.0-255,66,212005,17,292547
7387,0.026285,74.125.24.0-255,1484,213489,17,292547
7388,0.027553,104.244.42.0-255,66,213555,17,292547
7389,0.027583,104.244.42.0-255,66,213621,17,292547
7390,0.027632,104.244.42.0-255,66,213687,17,292547
7391,0.02886,74.125.24.0-255,4320,218007,17,292547
7392,0.028865,172.31.36.0-255,66,218073,17,292547
7393,0.031448,74.125.24.0-255,5738,223811,17,292547
7394,0.031459,172.31.36.0-255,66,223877,17,292547
7395,0.034039,74.125.24.0-255,4320,228197,17,292547
7396,0.034045,172.31.36.0-255,66,228263,17,292547
7397,0.034076,74.125.24.0-255,1484,229747,17,292547
7398,0.036646,74.125.24.0-255,4320,234067,17,292547
7399,0.03665,172.31.36.0-255,66,234133,17,292547
7400,0.039252,74.125.24.0-255,5738,239871,17,292547
7401,0.039257,172.31.36.0-255,66,239937,17,292547
7402,0.041863,74.125.24.0-255,4320,244257,17,292547
7403,0.041868,172.31.36.0-255,66,244323,17,292547
7404,0.041899,74.125.24.0-255,1484,245807,17,292547
7405,0.044474,74.125.24.0-255,4320,250127,17,292547
7406,0.044479,172.31.36.0-255,66,250193,17,292547
7407,0.047081,74.125.24.0-255,5738,255931,17,292547
7408,0.047086,172.31.36.0-255,66,255997,17,292547
7409,0.049687,74.125.24.0-255,5738,261735,17,292547
7410,0.049693,172.31.36.0-255,66,261801,17,292547
7411,0.052269,74.125.24.0-255,2902,264703,17,292547
7412,0.052274,172.31.36.0-255,66,264769,17,292547
7413,0.052304,74.125.24.0-255,2902,267671,17,292547
7414,0.052307,172.31.36.0-255,66,267737,17,292547
7415,0.054879,74.125.24.0-255,5738,273475,17,292547
7416,0.054885,172.31.36.0-255,66,273541,17,292547
7417,0.057462,74.125.24.0-255,5738,279279,17,292547
7418,0.057467,172.31.36.0-255,66,279345,17,292547
7419,0.060069,74.125.24.0-255,5738,285083,17,292547
7420,0.060075,172.31.36.0-255,66,285149,17,292547
7421,0.062662,74.125.24.0-255,5738,290887,17,292547
7422,0.062668,172.31.36.0-255,66,290953,17,292547
7423,0.065238,74.125.24.0-255,1357,292310,17,292547
7424,0.065874,172.31.36.0-255,66,292376,17,292547
7425,0.065906,172.31.36.0-255,105,292481,17,292547
7426,0.068452,74.125.24.0-255,66,292547,17,292547
7427,0.0,172.217.194.0-255,153,153,17,146620
7428,2.3e-05,172.31.36.0-255,66,219,17,146620
7429,2.9e-05,172.217.194.0-255,1484,1703,17,146620
7430,3.4e-05,172.31.36.0-255,66,1769,17,146620
7431,4e-05,172.217.194.0-255,2902,4671,17,146620
7432,4.2e-05,172.31.36.0-255,66,4737,17,146620
7433,5.5e-05,172.217.194.0-255,2902,7639,17,146620
7434,5.9e-05,172.31.36.0-255,66,7705,17,146620
7435,7.1e-05,172.31.36.0-255,66,7771,17,146620
7436,7.6e-05,172.217.194.0-255,4320,12091,17,146620
7437,7.9e-05,172.31.36.0-255,66,12157,17,146620
7438,0.000125,172.31.36.0-255,66,12223,17,146620
7439,0.000129,172.217.194.0-255,1484,13707,17,146620
7440,0.000131,172.31.36.0-255,66,13773,17,146620
7441,0.000137,172.217.194.0-255,2902,16675,17,146620
7442,0.000139,172.31.36.0-255,66,16741,17,146620
7443,0.00015,172.217.194.0-255,5738,22479,17,146620
7444,0.000153,172.31.36.0-255,66,22545,17,146620
7445,0.000159,172.217.194.0-255,4320,26865,17,146620
7446,0.000162,172.31.36.0-255,66,26931,17,146620
7447,0.000202,172.31.36.0-255,66,26997,17,146620
7448,0.000215,172.217.194.0-255,2902,29899,17,146620
7449,0.000221,172.31.36.0-255,66,29965,17,146620
7450,0.000259,172.31.36.0-255,66,30031,17,146620
7451,0.000262,172.217.194.0-255,115,30146,17,146620
7452,0.000264,172.31.36.0-255,66,30212,17,146620
7453,0.000326,172.217.194.0-255,1484,31696,17,146620
7454,0.00033,172.31.36.0-255,66,31762,17,146620
7455,0.000335,172.217.194.0-255,2902,34664,17,146620
7456,0.000337,172.31.36.0-255,66,34730,17,146620
7457,0.000356,172.217.194.0-255,5738,40468,17,146620
7458,0.000364,172.31.36.0-255,66,40534,17,146620
7459,0.000407,172.31.36.0-255,66,40600,17,146620
7460,0.000445,172.31.36.0-255,66,40666,17,146620
7461,0.000509,172.217.194.0-255,1484,42150,17,146620
7462,0.000528,172.217.194.0-255,2902,45052,17,146620
7463,0.00053,172.31.36.0-255,66,45118,17,146620
7464,0.000535,172.217.194.0-255,2902,48020,17,146620
7465,0.000537,172.31.36.0-255,66,48086,17,146620
7466,0.000562,172.217.194.0-255,2902,50988,17,146620
7467,0.000565,172.31.36.0-255,66,51054,17,146620
7468,0.000578,172.31.36.0-255,66,51120,17,146620
7469,0.000591,172.31.36.0-255,66,51186,17,146620
7470,0.000655,172.217.194.0-255,1484,52670,17,146620
7471,0.000661,172.217.194.0-255,2902,55572,17,146620
7472,0.000663,172.31.36.0-255,66,55638,17,146620
7473,0.000668,172.217.194.0-255,2902,58540,17,146620
7474,0.00067,172.31.36.0-255,66,58606,17,146620
7475,0.000689,172.217.194.0-255,2902,61508,17,146620
7476,0.000691,172.31.36.0-255,66,61574,17,146620
7477,0.000698,172.217.194.0-255,1484,63058,17,146620
7478,0.000732,172.31.36.0-255,66,63124,17,146620
7479,0.000745,172.31.36.0-255,66,63190,17,146620
7480,0.000878,172.217.194.0-255,1484,64674,17,146620
7481,0.000884,172.217.194.0-255,2902,67576,17,146620
7482,0.000888,172.31.36.0-255,66,67642,17,146620
7483,0.000893,172.217.194.0-255,2902,70544,17,146620
7484,0.000895,172.31.36.0-255,66,70610,17,146620
7485,0.000918,172.217.194.0-255,2902,73512,17,146620
7486,0.00092,172.31.36.0-255,66,73578,17,146620
7487,0.000931,172.31.36.0-255,66,73644,17,146620
7488,0.000956,172.217.194.0-255,4320,77964,17,146620
7489,0.000963,172.31.36.0-255,66,78030,17,146620
7490,0.000976,172.31.36.0-255,66,78096,17,146620
7491,0.001018,172.217.194.0-255,5738,83834,17,146620
7492,0.001022,172.31.36.0-255,66,83900,17,146620
7493,0.001029,172.217.194.0-255,7156,91056,17,146620
7494,0.001031,172.31.36.0-255,66,91122,17,146620
7495,0.00104,172.217.194.0-255,1484,92606,17,146620
7496,0.001074,172.31.36.0-255,66,92672,17,146620
7497,0.001108,172.217.194.0-255,4320,96992,17,146620
7498,0.001111,172.31.36.0-255,66,97058,17,146620
7499,0.001118,172.217.194.0-255,6438,103496,17,146620
7500,0.001121,172.31.36.0-255,66,103562,17,146620
7501,0.00115,172.217.194.0-255,1484,105046,17,146620
7502,0.001154,172.217.194.0-255,1484,106530,17,146620
7503,0.001156,172.31.36.0-255,66,106596,17,146620
7504,0.001174,172.217.194.0-255,1484,108080,17,146620
7505,0.001181,172.217.194.0-255,5738,113818,17,146620
7506,0.001184,172.31.36.0-255,66,113884,17,146620
7507,0.001191,172.217.194.0-255,7156,121040,17,146620
7508,0.001194,172.31.36.0-255,66,121106,17,146620
7509,0.001231,172.217.194.0-255,4320,125426,17,146620
7510,0.001234,172.31.36.0-255,66,125492,17,146620
7511,0.001264,172.31.36.0-255,66,125558,17,146620
7512,0.001363,172.217.194.0-255,1484,127042,17,146620
7513,0.001368,172.217.194.0-255,2902,129944,17,146620
7514,0.001375,172.31.36.0-255,66,130010,17,146620
7515,0.001383,172.217.194.0-255,1484,131494,17,146620
7516,0.001404,172.217.194.0-255,4320,135814,17,146620
7517,0.001407,172.31.36.0-255,66,135880,17,146620
7518,0.00141,172.217.194.0-255,1484,137364,17,146620
7519,0.001425,172.31.36.0-255,66,137430,17,146620
7520,0.001512,172.31.36.0-255,66,137496,17,146620
7521,0.001536,172.31.36.0-255,66,137562,17,146620
7522,0.00155,172.217.194.0-255,1484,139046,17,146620
7523,0.001615,172.31.36.0-255,66,139112,17,146620
7524,0.001683,172.217.194.0-255,105,139217,17,146620
7525,0.00169,172.31.36.0-255,66,139283,17,146620
7526,0.012634,172.31.36.0-255,105,139388,17,146620
7527,0.015219,172.217.194.0-255,66,139454,17,146620
7528,0.032812,172.31.36.0-255,190,139644,17,146620
7529,0.032846,172.31.36.0-255,1115,140759,17,146620
7530,0.032913,172.31.36.0-255,1514,142273,17,146620
7531,0.032915,172.31.36.0-255,1514,143787,17,146620
7532,0.03292,172.31.36.0-255,1514,145301,17,146620
7533,0.032921,172.31.36.0-255,1055,146356,17,146620
7534,0.034353,104.244.42.0-255,66,146422,17,146620
7535,0.034391,104.244.42.0-255,66,146488,17,146620
7536,0.034497,104.244.42.0-255,66,146554,17,146620
7537,0.034504,104.244.42.0-255,66,146620,17,146620
7538,0.0,74.125.24.0-255,153,153,17,343438
7539,4e-05,172.31.36.0-255,66,219,17,343438
7540,4.8e-05,74.125.24.0-255,1484,1703,17,343438
7541,5.3e-05,172.31.36.0-255,66,1769,17,343438
7542,5.9e-05,74.125.24.0-255,2902,4671,17,343438
7543,6.2e-05,172.31.36.0-255,66,4737,17,343438
7544,6.9e-05,74.125.24.0-255,7156,11893,17,343438
7545,7.2e-05,172.31.36.0-255,66,11959,17,343438
7546,7.6e-05,74.125.24.0-255,1992,13951,17,343438
7547,7.9e-05,172.31.36.0-255,66,14017,17,343438
7548,0.000237,74.125.24.0-255,1484,15501,17,343438
7549,0.000242,172.31.36.0-255,66,15567,17,343438
7550,0.000265,74.125.24.0-255,2902,18469,17,343438
7551,0.000269,172.31.36.0-255,66,18535,17,343438
7552,0.000273,74.125.24.0-255,2902,21437,17,343438
7553,0.000275,172.31.36.0-255,66,21503,17,343438
7554,0.000293,74.125.24.0-255,2902,24405,17,343438
7555,0.000295,172.31.36.0-255,66,24471,17,343438
7556,0.0003,74.125.24.0-255,2902,27373,17,343438
7557,0.000303,172.31.36.0-255,66,27439,17,343438
7558,0.000321,74.125.24.0-255,2902,30341,17,343438
7559,0.000323,172.31.36.0-255,66,30407,17,343438
7560,0.000326,74.125.24.0-255,1484,31891,17,343438
7561,0.000332,172.31.36.0-255,66,31957,17,343438
7562,0.000361,172.31.36.0-255,66,32023,17,343438
7563,0.000378,74.125.24.0-255,1484,33507,17,343438
7564,0.000381,172.31.36.0-255,66,33573,17,343438
7565,0.000401,74.125.24.0-255,2543,36116,17,343438
7566,0.000406,172.31.36.0-255,66,36182,17,343438
7567,0.001234,74.125.24.0-255,1484,37666,17,343438
7568,0.001243,172.31.36.0-255,66,37732,17,343438
7569,0.001256,74.125.24.0-255,2902,40634,17,343438
7570,0.001259,172.31.36.0-255,66,40700,17,343438
7571,0.001267,74.125.24.0-255,5738,46438,17,343438
7572,0.00127,172.31.36.0-255,66,46504,17,343438
7573,0.001276,74.125.24.0-255,4320,50824,17,343438
7574,0.001278,172.31.36.0-255,66,50890,17,343438
7575,0.001312,172.31.36.0-255,66,50956,17,343438
7576,0.001317,74.125.24.0-255,2902,53858,17,343438
7577,0.001319,172.31.36.0-255,66,53924,17,343438
7578,0.001324,74.125.24.0-255,4320,58244,17,343438
7579,0.001326,172.31.36.0-255,66,58310,17,343438
7580,0.001331,74.125.24.0-255,2902,61212,17,343438
7581,0.001334,172.31.36.0-255,66,61278,17,343438
7582,0.001363,74.125.24.0-255,5738,67016,17,343438
7583,0.001365,172.31.36.0-255,66,67082,17,343438
7584,0.001376,172.31.36.0-255,66,67148,17,343438
7585,0.001403,74.125.24.0-255,2184,69332,17,343438
7586,0.001407,172.31.36.0-255,66,69398,17,343438
7587,0.001473,74.125.24.0-255,646,70044,17,343438
7588,0.00168,74.125.24.0-255,1484,71528,17,343438
7589,0.001685,172.31.36.0-255,66,71594,17,343438
7590,0.001691,74.125.24.0-255,2902,74496,17,343438
7591,0.001693,172.31.36.0-255,66,74562,17,343438
7592,0.0017,74.125.24.0-255,5738,80300,17,343438
7593,0.001701,172.31.36.0-255,66,80366,17,343438
7594,0.001706,74.125.24.0-255,2902,83268,17,343438
7595,0.001707,172.31.36.0-255,66,83334,17,343438
7596,0.001723,74.125.24.0-255,2902,86236,17,343438
7597,0.001725,172.31.36.0-255,66,86302,17,343438
7598,0.001731,74.125.24.0-255,5738,92040,17,343438
7599,0.001733,172.31.36.0-255,66,92106,17,343438
7600,0.001765,74.125.24.0-255,7156,99262,17,343438
7601,0.001768,172.31.36.0-255,66,99328,17,343438
7602,0.001774,74.125.24.0-255,5020,104348,17,343438
7603,0.001776,172.31.36.0-255,66,104414,17,343438
7604,0.004108,74.125.24.0-255,5738,110152,17,343438
7605,0.004121,172.31.36.0-255,66,110218,17,343438
7606,0.00649,74.125.24.0-255,5738,115956,17,343438
7607,0.0065,172.31.36.0-255,66,116022,17,343438
7608,0.008861,74.125.24.0-255,5738,121760,17,343438
7609,0.008879,172.31.36.0-255,66,121826,17,343438
7610,0.011235,74.125.24.0-255,5738,127564,17,343438
7611,0.011255,172.31.36.0-255,66,127630,17,343438
7612,0.013596,74.125.24.0-255,5738,133368,17,343438
7613,0.013616,172.31.36.0-255,66,133434,17,343438
7614,0.015951,74.125.24.0-255,5738,139172,17,343438
7615,0.015968,172.31.36.0-255,66,139238,17,343438
7616,0.018329,74.125.24.0-255,5738,144976,17,343438
7617,0.018347,172.31.36.0-255,66,145042,17,343438
7618,0.020688,74.125.24.0-255,5738,150780,17,343438
7619,0.020703,172.31.36.0-255,66,150846,17,343438
7620,0.023051,74.125.24.0-255,5738,156584,17,343438
7621,0.023065,172.31.36.0-255,66,156650,17,343438
7622,0.02477,172.31.36.0-255,188,156838,17,343438
7623,0.024816,172.31.36.0-255,961,157799,17,343438
7624,0.024895,172.31.36.0-255,1514,159313,17,343438
7625,0.024897,172.31.36.0-255,1514,160827,17,343438
7626,0.024903,172.31.36.0-255,1514,162341,17,343438
7627,0.024904,172.31.36.0-255,1205,163546,17,343438
7628,0.025375,74.125.24.0-255,5738,169284,17,343438
7629,0.025384,172.31.36.0-255,66,169350,17,343438
7630,0.026321,104.244.42.0-255,66,169416,17,343438
7631,0.02636,104.244.42.0-255,66,169482,17,343438
7632,0.026462,104.244.42.0-255,66,169548,17,343438
7633,0.026465,104.244.42.0-255,66,169614,17,343438
7634,0.027731,74.125.24.0-255,5738,175352,17,343438
7635,0.027738,172.31.36.0-255,66,175418,17,343438
7636,0.030085,74.125.24.0-255,5738,181156,17,343438
7637,0.030094,172.31.36.0-255,66,181222,17,343438
7638,0.032441,74.125.24.0-255,5738,186960,17,343438
7639,0.032449,172.31.36.0-255,66,187026,17,343438
7640,0.034783,74.125.24.0-255,5738,192764,17,343438
7641,0.034792,172.31.36.0-255,66,192830,17,343438
7642,0.03713,74.125.24.0-255,5738,198568,17,343438
7643,0.037138,172.31.36.0-255,66,198634,17,343438
7644,0.039539,74.125.24.0-255,5738,204372,17,343438
7645,0.03955,172.31.36.0-255,66,204438,17,343438
7646,0.0419,74.125.24.0-255,5738,210176,17,343438
7647,0.041923,172.31.36.0-255,66,210242,17,343438
7648,0.044246,74.125.24.0-255,5738,215980,17,343438
7649,0.044252,172.31.36.0-255,66,216046,17,343438
7650,0.046572,74.125.24.0-255,5738,221784,17,343438
7651,0.046578,172.31.36.0-255,66,221850,17,343438
7652,0.048899,74.125.24.0-255,4320,226170,17,343438
7653,0.048905,172.31.36.0-255,66,226236,17,343438
7654,0.048934,74.125.24.0-255,1484,227720,17,343438
7655,0.051242,74.125.24.0-255,4320,232040,17,343438
7656,0.051248,172.31.36.0-255,66,232106,17,343438
7657,0.053587,74.125.24.0-255,5738,237844,17,343438
7658,0.053592,172.31.36.0-255,66,237910,17,343438
7659,0.055891,74.125.24.0-255,5738,243648,17,343438
7660,0.055897,172.31.36.0-255,66,243714,17,343438
7661,0.058218,74.125.24.0-255,5738,249452,17,343438
7662,0.058224,172.31.36.0-255,66,249518,17,343438
7663,0.060565,74.125.24.0-255,5738,255256,17,343438
7664,0.060571,172.31.36.0-255,66,255322,17,343438
7665,0.062875,74.125.24.0-255,4320,259642,17,343438
7666,0.06288,172.31.36.0-255,66,259708,17,343438
7667,0.062907,74.125.24.0-255,1484,261192,17,343438
7668,0.06521,74.125.24.0-255,4320,265512,17,343438
7669,0.065214,172.31.36.0-255,66,265578,17,343438
7670,0.067581,74.125.24.0-255,4320,269898,17,343438
7671,0.067586,172.31.36.0-255,66,269964,17,343438
7672,0.067614,74.125.24.0-255,1484,271448,17,343438
7673,0.069891,74.125.24.0-255,4320,275768,17,343438
7674,0.069896,172.31.36.0-255,66,275834,17,343438
7675,0.072244,74.125.24.0-255,5738,281572,17,343438
7676,0.072249,172.31.36.0-255,66,281638,17,343438
7677,0.074587,74.125.24.0-255,5738,287376,17,343438
7678,0.074593,172.31.36.0-255,66,287442,17,343438
7679,0.076951,74.125.24.0-255,4320,291762,17,343438
7680,0.076957,172.31.36.0-255,66,291828,17,343438
7681,0.076984,74.125.24.0-255,1484,293312,17,343438
7682,0.079283,74.125.24.0-255,4320,297632,17,343438
7683,0.079287,172.31.36.0-255,66,297698,17,343438
7684,0.081621,74.125.24.0-255,5738,303436,17,343438
7685,0.081627,172.31.36.0-255,66,303502,17,343438
7686,0.083982,74.125.24.0-255,4320,307822,17,343438
7687,0.083987,172.31.36.0-255,66,307888,17,343438
7688,0.084019,74.125.24.0-255,1484,309372,17,343438
7689,0.086324,74.125.24.0-255,4320,313692,17,343438
7690,0.08633,172.31.36.0-255,66,313758,17,343438
7691,0.088655,74.125.24.0-255,5738,319496,17,343438
7692,0.08866,172.31.36.0-255,66,319562,17,343438
7693,0.090997,74.125.24.0-255,2902,322464,17,343438
7694,0.091002,172.31.36.0-255,66,322530,17,343438
7695,0.091032,74.125.24.0-255,2902,325432,17,343438
7696,0.091035,172.31.36.0-255,66,325498,17,343438
7697,0.093336,74.125.24.0-255,2902,328400,17,343438
7698,0.093341,172.31.36.0-255,66,328466,17,343438
7699,0.093372,74.125.24.0-255,2902,331368,17,343438
7700,0.093375,172.31.36.0-255,66,331434,17,343438
7701,0.095638,74.125.24.0-255,2902,334336,17,343438
7702,0.095644,172.31.36.0-255,66,334402,17,343438
7703,0.095677,74.125.24.0-255,1484,335886,17,343438
7704,0.095695,74.125.24.0-255,1484,337370,17,343438
7705,0.095698,172.31.36.0-255,66,337436,17,343438
7706,0.097986,74.125.24.0-255,2902,340338,17,343438
7707,0.097992,172.31.36.0-255,66,340404,17,343438
7708,0.098022,74.125.24.0-255,1484,341888,17,343438
7709,0.098037,74.125.24.0-255,1484,343372,17,343438
7710,0.09804,172.31.36.0-255,66,343438,17,343438
7711,0.0,74.125.24.0-255,152,152,17,128765
7712,2.3e-05,172.31.36.0-255,66,218,17,128765
7713,3.1e-05,74.125.24.0-255,1484,1702,17,128765
7714,3.5e-05,172.31.36.0-255,66,1768,17,128765
7715,4e-05,74.125.24.0-255,2902,4670,17,128765
7716,4.3e-05,172.31.36.0-255,66,4736,17,128765
7717,4.7e-05,74.125.24.0-255,2902,7638,17,128765
7718,5e-05,172.31.36.0-255,66,7704,17,128765
7719,6.1e-05,172.31.36.0-255,66,7770,17,128765
7720,0.000104,74.125.24.0-255,5738,13508,17,128765
7721,0.000108,172.31.36.0-255,66,13574,17,128765
7722,0.000138,172.31.36.0-255,66,13640,17,128765
7723,0.000141,74.125.24.0-255,1484,15124,17,128765
7724,0.000143,172.31.36.0-255,66,15190,17,128765
7725,0.000147,74.125.24.0-255,2902,18092,17,128765
7726,0.000149,172.31.36.0-255,66,18158,17,128765
7727,0.000156,74.125.24.0-255,5738,23896,17,128765
7728,0.000159,172.31.36.0-255,66,23962,17,128765
7729,0.000165,74.125.24.0-255,5738,29700,17,128765
7730,0.000167,172.31.36.0-255,66,29766,17,128765
7731,0.000197,74.125.24.0-255,7156,36922,17,128765
7732,0.0002,172.31.36.0-255,66,36988,17,128765
7733,0.000211,172.31.36.0-255,66,37054,17,128765
7734,0.000216,74.125.24.0-255,2477,39531,17,128765
7735,0.000218,172.31.36.0-255,66,39597,17,128765
7736,0.00031,74.125.24.0-255,385,39982,17,128765
7737,0.000314,172.31.36.0-255,66,40048,17,128765
7738,0.000503,74.125.24.0-255,1484,41532,17,128765
7739,0.000509,172.31.36.0-255,66,41598,17,128765
7740,0.000514,74.125.24.0-255,2902,44500,17,128765
7741,0.000516,172.31.36.0-255,66,44566,17,128765
7742,0.000522,74.125.24.0-255,4320,48886,17,128765
7743,0.000524,172.31.36.0-255,66,48952,17,128765
7744,0.000546,74.125.24.0-255,1484,50436,17,128765
7745,0.000554,74.125.24.0-255,4320,54756,17,128765
7746,0.000556,172.31.36.0-255,66,54822,17,128765
7747,0.000561,74.125.24.0-255,2902,57724,17,128765
7748,0.000562,172.31.36.0-255,66,57790,17,128765
7749,0.000587,172.31.36.0-255,66,57856,17,128765
7750,0.000612,74.125.24.0-255,4320,62176,17,128765
7751,0.000615,172.31.36.0-255,66,62242,17,128765
7752,0.000621,74.125.24.0-255,3602,65844,17,128765
7753,0.000623,172.31.36.0-255,66,65910,17,128765
7754,0.00121,74.125.24.0-255,1484,67394,17,128765
7755,0.001217,74.125.24.0-255,2902,70296,17,128765
7756,0.001221,172.31.36.0-255,66,70362,17,128765
7757,0.001226,74.125.24.0-255,2902,73264,17,128765
7758,0.001228,172.31.36.0-255,66,73330,17,128765
7759,0.001246,74.125.24.0-255,2902,76232,17,128765
7760,0.001249,172.31.36.0-255,66,76298,17,128765
7761,0.001255,74.125.24.0-255,5738,82036,17,128765
7762,0.001257,172.31.36.0-255,66,82102,17,128765
7763,0.001265,74.125.24.0-255,7156,89258,17,128765
7764,0.001267,172.31.36.0-255,66,89324,17,128765
7765,0.001301,74.125.24.0-255,2902,92226,17,128765
7766,0.001304,172.31.36.0-255,66,92292,17,128765
7767,0.001332,172.31.36.0-255,66,92358,17,128765
7768,0.001403,74.125.24.0-255,1484,93842,17,128765
7769,0.001408,74.125.24.0-255,2902,96744,17,128765
7770,0.001411,172.31.36.0-255,66,96810,17,128765
7771,0.001417,74.125.24.0-255,4320,101130,17,128765
7772,0.001419,172.31.36.0-255,66,101196,17,128765
7773,0.001431,74.125.24.0-255,1484,102680,17,128765
7774,0.001444,74.125.24.0-255,2902,105582,17,128765
7775,0.001447,172.31.36.0-255,66,105648,17,128765
7776,0.001473,172.31.36.0-255,66,105714,17,128765
7777,0.001483,172.31.36.0-255,66,105780,17,128765
7778,0.001509,74.125.24.0-255,5738,111518,17,128765
7779,0.001512,172.31.36.0-255,66,111584,17,128765
7780,0.001555,172.31.36.0-255,66,111650,17,128765
7781,0.001578,172.31.36.0-255,66,111716,17,128765
7782,0.001619,172.31.36.0-255,66,111782,17,128765
7783,0.001638,172.31.36.0-255,66,111848,17,128765
7784,0.001646,74.125.24.0-255,7156,119004,17,128765
7785,0.001648,172.31.36.0-255,66,119070,17,128765
7786,0.001731,172.31.36.0-255,66,119136,17,128765
7787,0.001755,172.31.36.0-255,66,119202,17,128765
7788,0.00177,172.31.36.0-255,66,119268,17,128765
7789,0.001817,172.31.36.0-255,66,119334,17,128765
7790,0.001856,172.31.36.0-255,66,119400,17,128765
7791,0.001884,172.31.36.0-255,66,119466,17,128765
7792,0.001904,74.125.24.0-255,4320,123786,17,128765
7793,0.001907,172.31.36.0-255,66,123852,17,128765
7794,0.001949,172.31.36.0-255,66,123918,17,128765
7795,0.001985,172.31.36.0-255,66,123984,17,128765
7796,0.001996,172.31.36.0-255,66,124050,17,128765
7797,0.00202,74.125.24.0-255,105,124155,17,128765
7798,0.006656,172.31.36.0-255,101,124256,17,128765
7799,0.008943,74.125.24.0-255,66,124322,17,128765
7800,0.009131,172.31.36.0-255,105,124427,17,128765
7801,0.011448,74.125.24.0-255,66,124493,17,128765
7802,0.038586,172.31.36.0-255,172,124665,17,128765
7803,0.038622,172.31.36.0-255,1119,125784,17,128765
7804,0.038681,172.31.36.0-255,1514,127298,17,128765
7805,0.038683,172.31.36.0-255,1269,128567,17,128765
7806,0.04017,104.244.42.0-255,66,128633,17,128765
7807,0.040201,104.244.42.0-255,66,128699,17,128765
7808,0.040276,104.244.42.0-255,66,128765,17,128765
7809,0.0,74.125.24.0-255,146,146,17,243647
7810,3.7e-05,172.31.36.0-255,66,212,17,243647
7811,4.4e-05,74.125.24.0-255,1484,1696,17,243647
7812,4.8e-05,172.31.36.0-255,66,1762,17,243647
7813,5.4e-05,74.125.24.0-255,2902,4664,17,243647
7814,6.6e-05,172.31.36.0-255,66,4730,17,243647
7815,7.3e-05,74.125.24.0-255,7156,11886,17,243647
7816,7.5e-05,172.31.36.0-255,66,11952,17,243647
7817,8.9e-05,172.31.36.0-255,66,12018,17,243647
7818,0.000123,74.125.24.0-255,5379,17397,17,243647
7819,0.000126,172.31.36.0-255,66,17463,17,243647
7820,0.000231,74.125.24.0-255,1484,18947,17,243647
7821,0.000236,172.31.36.0-255,66,19013,17,243647
7822,0.000244,74.125.24.0-255,2902,21915,17,243647
7823,0.000246,172.31.36.0-255,66,21981,17,243647
7824,0.000256,74.125.24.0-255,1484,23465,17,243647
7825,0.000258,172.31.36.0-255,66,23531,17,243647
7826,0.00029,74.125.24.0-255,4320,27851,17,243647
7827,0.000298,172.31.36.0-255,66,27917,17,243647
7828,0.000304,74.125.24.0-255,4320,32237,17,243647
7829,0.000308,172.31.36.0-255,66,32303,17,243647
7830,0.000342,172.31.36.0-255,66,32369,17,243647
7831,0.000378,74.125.24.0-255,7156,39525,17,243647
7832,0.000388,172.31.36.0-255,66,39591,17,243647
7833,0.000413,74.125.24.0-255,2543,42134,17,243647
7834,0.000416,172.31.36.0-255,66,42200,17,243647
7835,0.00046,74.125.24.0-255,395,42595,17,243647
7836,0.000463,172.31.36.0-255,66,42661,17,243647
7837,0.000467,74.125.24.0-255,347,43008,17,243647
7838,0.000469,172.31.36.0-255,66,43074,17,243647
7839,0.000696,74.125.24.0-255,1484,44558,17,243647
7840,0.000704,74.125.24.0-255,2902,47460,17,243647
7841,0.000709,74.125.24.0-255,4320,51780,17,243647
7842,0.000732,74.125.24.0-255,1484,53264,17,243647
7843,0.000736,172.31.36.0-255,66,53330,17,243647
7844,0.000738,74.125.24.0-255,7156,60486,17,243647
7845,0.000743,172.31.36.0-255,66,60552,17,243647
7846,0.000794,74.125.24.0-255,2184,62736,17,243647
7847,0.000818,172.31.36.0-255,66,62802,17,243647
7848,0.001091,74.125.24.0-255,1484,64286,17,243647
7849,0.001098,74.125.24.0-255,2902,67188,17,243647
7850,0.001104,74.125.24.0-255,4320,71508,17,243647
7851,0.001116,74.125.24.0-255,1484,72992,17,243647
7852,0.001198,74.125.24.0-255,2184,75176,17,243647
7853,0.001226,74.125.24.0-255,4320,79496,17,243647
7854,0.001249,74.125.24.0-255,7156,86652,17,243647
7855,0.001255,74.125.24.0-255,5738,92390,17,243647
7856,0.001273,74.125.24.0-255,7156,99546,17,243647
7857,0.001276,74.125.24.0-255,1484,101030,17,243647
7858,0.001321,74.125.24.0-255,5738,106768,17,243647
7859,0.001343,74.125.24.0-255,4320,111088,17,243647
7860,0.001348,74.125.24.0-255,4320,115408,17,243647
7861,0.001386,74.125.24.0-255,3602,119010,17,243647
7862,0.00146,74.125.24.0-255,1484,120494,17,243647
7863,0.001467,74.125.24.0-255,2902,123396,17,243647
7864,0.001499,74.125.24.0-255,5738,129134,17,243647
7865,0.001529,74.125.24.0-255,4320,133454,17,243647
7866,0.00155,74.125.24.0-255,5738,139192,17,243647
7867,0.001563,74.125.24.0-255,1484,140676,17,243647
7868,0.001591,74.125.24.0-255,3602,144278,17,243647
7869,0.001643,74.125.24.0-255,4320,148598,17,243647
7870,0.00166,74.125.24.0-255,5738,154336,17,243647
7871,0.001732,74.125.24.0-255,5738,160074,17,243647
7872,0.001752,74.125.24.0-255,6438,166512,17,243647
7873,0.002266,74.125.24.0-255,1484,167996,17,243647
7874,0.002283,74.125.24.0-255,2902,170898,17,243647
7875,0.002297,74.125.24.0-255,2902,173800,17,243647
7876,0.002315,74.125.24.0-255,2902,176702,17,243647
7877,0.002317,74.125.24.0-255,1484,178186,17,243647
7878,0.002407,74.125.24.0-255,5738,183924,17,243647
7879,0.002425,74.125.24.0-255,4320,188244,17,243647
7880,0.002427,74.125.24.0-255,1484,189728,17,243647
7881,0.002454,74.125.24.0-255,766,190494,17,243647
7882,0.002472,74.125.24.0-255,4320,194814,17,243647
7883,0.002503,74.125.24.0-255,7156,201970,17,243647
7884,0.002598,74.125.24.0-255,1484,203454,17,243647
7885,0.002609,74.125.24.0-255,2902,206356,17,243647
7886,0.002626,74.125.24.0-255,5738,212094,17,243647
7887,0.002662,74.125.24.0-255,1484,213578,17,243647
7888,0.002664,74.125.24.0-255,1484,215062,17,243647
7889,0.002678,74.125.24.0-255,4320,219382,17,243647
7890,0.002719,74.125.24.0-255,5020,224402,17,243647
7891,0.002771,74.125.24.0-255,4320,228722,17,243647
7892,0.00278,74.125.24.0-255,1484,230206,17,243647
7893,0.002783,74.125.24.0-255,1484,231690,17,243647
7894,0.002831,74.125.24.0-255,5738,237428,17,243647
7895,0.002863,74.125.24.0-255,1484,238912,17,243647
7896,0.002914,74.125.24.0-255,105,239017,17,243647
7897,0.011938,74.125.24.0-255,105,239122,17,243647
7898,0.011954,172.31.36.0-255,78,239200,17,243647
7899,0.022229,172.31.36.0-255,105,239305,17,243647
7900,0.02447,74.125.24.0-255,66,239371,17,243647
7901,0.032249,172.31.36.0-255,176,239547,17,243647
7902,0.032278,172.31.36.0-255,1119,240666,17,243647
7903,0.03234,172.31.36.0-255,1514,242180,17,243647
7904,0.032341,172.31.36.0-255,1269,243449,17,243647
7905,0.03383,104.244.42.0-255,66,243515,17,243647
7906,0.03384,104.244.42.0-255,66,243581,17,243647
7907,0.03392,104.244.42.0-255,66,243647,17,243647
7908,0.0,172.217.194.0-255,218,218,17,213290
7909,3.7e-05,172.31.36.0-255,66,284,17,213290
7910,4.4e-05,172.217.194.0-255,1484,1768,17,213290
7911,4.9e-05,172.31.36.0-255,66,1834,17,213290
7912,5.5e-05,172.217.194.0-255,4320,6154,17,213290
7913,5.9e-05,172.31.36.0-255,66,6220,17,213290
7914,6.8e-05,172.31.36.0-255,66,6286,17,213290
7915,7.9e-05,172.31.36.0-255,66,6352,17,213290
7916,0.000144,172.31.36.0-255,66,6418,17,213290
7917,0.000192,172.217.194.0-255,1484,7902,17,213290
7918,0.000195,172.31.36.0-255,66,7968,17,213290
7919,0.0002,172.217.194.0-255,2902,10870,17,213290
7920,0.000203,172.31.36.0-255,66,10936,17,213290
7921,0.000207,172.217.194.0-255,2902,13838,17,213290
7922,0.000209,172.31.36.0-255,66,13904,17,213290
7923,0.000229,172.217.194.0-255,2902,16806,17,213290
7924,0.000233,172.31.36.0-255,66,16872,17,213290
7925,0.000239,172.217.194.0-255,2902,19774,17,213290
7926,0.000241,172.31.36.0-255,66,19840,17,213290
7927,0.000284,172.31.36.0-255,66,19906,17,213290
7928,0.000296,172.31.36.0-255,66,19972,17,213290
7929,0.00067,172.217.194.0-255,647,20619,17,213290
7930,0.000676,172.31.36.0-255,66,20685,17,213290
7931,0.000851,172.217.194.0-255,1484,22169,17,213290
7932,0.000855,172.31.36.0-255,66,22235,17,213290
7933,0.00086,172.217.194.0-255,2902,25137,17,213290
7934,0.000862,172.31.36.0-255,66,25203,17,213290
7935,0.000883,172.217.194.0-255,5738,30941,17,213290
7936,0.000886,172.31.36.0-255,66,31007,17,213290
7937,0.0009,172.217.194.0-255,1484,32491,17,213290
7938,0.000928,172.31.36.0-255,66,32557,17,213290
7939,0.000935,172.217.194.0-255,5738,38295,17,213290
7940,0.000937,172.31.36.0-255,66,38361,17,213290
7941,0.000976,172.217.194.0-255,1484,39845,17,213290
7942,0.00099,172.217.194.0-255,3602,43447,17,213290
7943,0.000993,172.31.36.0-255,66,43513,17,213290
7944,0.001268,172.217.194.0-255,1484,44997,17,213290
7945,0.001277,172.217.194.0-255,2902,47899,17,213290
7946,0.00128,172.31.36.0-255,66,47965,17,213290
7947,0.001297,172.217.194.0-255,5738,53703,17,213290
7948,0.0013,172.31.36.0-255,66,53769,17,213290
7949,0.001307,172.217.194.0-255,7156,60925,17,213290
7950,0.00131,172.31.36.0-255,66,60991,17,213290
7951,0.001341,172.217.194.0-255,5738,66729,17,213290
7952,0.001344,172.31.36.0-255,66,66795,17,213290
7953,0.001355,172.31.36.0-255,66,66861,17,213290
7954,0.00164,172.217.194.0-255,1484,68345,17,213290
7955,0.001647,172.217.194.0-255,2902,71247,17,213290
7956,0.001651,172.31.36.0-255,66,71313,17,213290
7957,0.001658,172.217.194.0-255,5738,77051,17,213290
7958,0.001661,172.31.36.0-255,66,77117,17,213290
7959,0.0017,172.31.36.0-255,66,77183,17,213290
7960,0.001703,172.217.194.0-255,1484,78667,17,213290
7961,0.001729,172.31.36.0-255,66,78733,17,213290
7962,0.00182,172.217.194.0-255,1484,80217,17,213290
7963,0.001834,172.217.194.0-255,2902,83119,17,213290
7964,0.001837,172.31.36.0-255,66,83185,17,213290
7965,0.001861,172.217.194.0-255,5738,88923,17,213290
7966,0.001864,172.31.36.0-255,66,88989,17,213290
7967,0.001884,172.217.194.0-255,5738,94727,17,213290
7968,0.001887,172.31.36.0-255,66,94793,17,213290
7969,0.001906,172.217.194.0-255,4320,99113,17,213290
7970,0.001909,172.31.36.0-255,66,99179,17,213290
7971,0.001921,172.217.194.0-255,2902,102081,17,213290
7972,0.001924,172.31.36.0-255,66,102147,17,213290
7973,0.00196,172.31.36.0-255,66,102213,17,213290
7974,0.002062,172.217.194.0-255,1484,103697,17,213290
7975,0.002075,172.217.194.0-255,2902,106599,17,213290
7976,0.002079,172.31.36.0-255,66,106665,17,213290
7977,0.002085,172.217.194.0-255,5738,112403,17,213290
7978,0.002087,172.31.36.0-255,66,112469,17,213290
7979,0.002162,172.31.36.0-255,66,112535,17,213290
7980,0.002176,172.217.194.0-255,2902,115437,17,213290
7981,0.00218,172.31.36.0-255,66,115503,17,213290
7982,0.002188,172.31.36.0-255,66,115569,17,213290
7983,0.002236,172.217.194.0-255,1484,117053,17,213290
7984,0.002255,172.217.194.0-255,2902,119955,17,213290
7985,0.002258,172.31.36.0-255,66,120021,17,213290
7986,0.002263,172.217.194.0-255,4320,124341,17,213290
7987,0.002266,172.31.36.0-255,66,124407,17,213290
7988,0.002292,172.217.194.0-255,1484,125891,17,213290
7989,0.002309,172.31.36.0-255,66,125957,17,213290
7990,0.002346,172.217.194.0-255,7156,133113,17,213290
7991,0.00235,172.31.36.0-255,66,133179,17,213290
7992,0.002373,172.217.194.0-255,6438,139617,17,213290
7993,0.002377,172.31.36.0-255,66,139683,17,213290
7994,0.00239,172.31.36.0-255,66,139749,17,213290
7995,0.002409,172.217.194.0-255,1484,141233,17,213290
7996,0.002422,172.31.36.0-255,66,141299,17,213290
7997,0.002477,172.31.36.0-255,66,141365,17,213290
7998,0.002492,172.31.36.0-255,66,141431,17,213290
7999,0.00251,172.217.194.0-255,2902,144333,17,213290
8000,0.002512,172.31.36.0-255,66,144399,17,213290
8001,0.002518,172.217.194.0-255,5020,149419,17,213290
8002,0.002523,172.31.36.0-255,66,149485,17,213290
8003,0.002536,172.217.194.0-255,2902,152387,17,213290
8004,0.002538,172.31.36.0-255,66,152453,17,213290
8005,0.002554,172.217.194.0-255,2902,155355,17,213290
8006,0.002556,172.31.36.0-255,66,155421,17,213290
8007,0.002561,172.217.194.0-255,2902,158323,17,213290
8008,0.002563,172.31.36.0-255,66,158389,17,213290
8009,0.002597,172.31.36.0-255,66,158455,17,213290
8010,0.002609,172.31.36.0-255,66,158521,17,213290
8011,0.005201,172.217.194.0-255,5738,164259,17,213290
8012,0.005215,172.31.36.0-255,66,164325,17,213290
8013,0.007803,172.217.194.0-255,5738,170063,17,213290
8014,0.007813,172.31.36.0-255,66,170129,17,213290
8015,0.010376,172.217.194.0-255,5738,175867,17,213290
8016,0.010385,172.31.36.0-255,66,175933,17,213290
8017,0.012934,172.217.194.0-255,5738,181671,17,213290
8018,0.012943,172.31.36.0-255,66,181737,17,213290
8019,0.015502,172.217.194.0-255,5738,187475,17,213290
8020,0.01551,172.31.36.0-255,66,187541,17,213290
8021,0.018104,172.217.194.0-255,5738,193279,17,213290
8022,0.018123,172.31.36.0-255,66,193345,17,213290
8023,0.020756,172.217.194.0-255,5738,199083,17,213290
8024,0.020773,172.31.36.0-255,66,199149,17,213290
8025,0.02333,172.217.194.0-255,5738,204887,17,213290
8026,0.023342,172.31.36.0-255,66,204953,17,213290
8027,0.025892,172.217.194.0-255,3828,208781,17,213290
8028,0.0259,172.31.36.0-255,66,208847,17,213290
8029,0.026091,172.31.36.0-255,105,208952,17,213290
8030,0.028611,172.217.194.0-255,66,209018,17,213290
8031,0.032539,172.31.36.0-255,172,209190,17,213290
8032,0.032573,172.31.36.0-255,1116,210306,17,213290
8033,0.032609,172.31.36.0-255,1514,211820,17,213290
8034,0.032611,172.31.36.0-255,1272,213092,17,213290
8035,0.034097,104.244.42.0-255,66,213158,17,213290
8036,0.03413,104.244.42.0-255,66,213224,17,213290
8037,0.034179,104.244.42.0-255,66,213290,17,213290
8038,0.0,74.125.68.0-255,66,66,17,66
8039,0.0,172.253.118.0-255,153,153,17,298330
8040,2.5e-05,172.31.36.0-255,66,219,17,298330
8041,3.2e-05,172.253.118.0-255,1484,1703,17,298330
8042,3.7e-05,172.31.36.0-255,66,1769,17,298330
8043,5.2e-05,172.253.118.0-255,2902,4671,17,298330
8044,5.5e-05,172.31.36.0-255,66,4737,17,298330
8045,5.9e-05,172.253.118.0-255,1484,6221,17,298330
8046,6.1e-05,172.31.36.0-255,66,6287,17,298330
8047,6.8e-05,172.253.118.0-255,5738,12025,17,298330
8048,7.2e-05,172.31.36.0-255,66,12091,17,298330
8049,0.000111,172.253.118.0-255,2102,14193,17,298330
8050,0.000114,172.31.36.0-255,66,14259,17,298330
8051,0.000147,172.253.118.0-255,2902,17161,17,298330
8052,0.000152,172.31.36.0-255,66,17227,17,298330
8053,0.000155,172.253.118.0-255,1484,18711,17,298330
8054,0.000157,172.31.36.0-255,66,18777,17,298330
8055,0.000183,172.253.118.0-255,2902,21679,17,298330
8056,0.000186,172.31.36.0-255,66,21745,17,298330
8057,0.000196,172.253.118.0-255,5738,27483,17,298330
8058,0.000199,172.31.36.0-255,66,27549,17,298330
8059,0.000233,172.253.118.0-255,3961,31510,17,298330
8060,0.000238,172.31.36.0-255,66,31576,17,298330
8061,0.000389,172.253.118.0-255,1484,33060,17,298330
8062,0.000395,172.31.36.0-255,66,33126,17,298330
8063,0.000424,172.253.118.0-255,2902,36028,17,298330
8064,0.000428,172.31.36.0-255,66,36094,17,298330
8065,0.000434,172.253.118.0-255,5738,41832,17,298330
8066,0.000437,172.31.36.0-255,66,41898,17,298330
8067,0.000475,172.31.36.0-255,66,41964,17,298330
8068,0.000499,172.253.118.0-255,1125,43089,17,298330
8069,0.000502,172.31.36.0-255,66,43155,17,298330
8070,0.000513,172.31.36.0-255,66,43221,17,298330
8071,0.000528,172.253.118.0-255,1125,44346,17,298330
8072,0.000638,172.253.118.0-255,645,44991,17,298330
8073,0.000642,172.31.36.0-255,66,45057,17,298330
8074,0.000781,172.253.118.0-255,1484,46541,17,298330
8075,0.000786,172.253.118.0-255,1484,48025,17,298330
8076,0.000789,172.31.36.0-255,66,48091,17,298330
8077,0.00081,172.253.118.0-255,1484,49575,17,298330
8078,0.000818,172.253.118.0-255,5738,55313,17,298330
8079,0.000821,172.31.36.0-255,66,55379,17,298330
8080,0.000826,172.253.118.0-255,4320,59699,17,298330
8081,0.000828,172.31.36.0-255,66,59765,17,298330
8082,0.000861,172.253.118.0-255,1995,61760,17,298330
8083,0.000864,172.31.36.0-255,66,61826,17,298330
8084,0.001128,172.253.118.0-255,1484,63310,17,298330
8085,0.001152,172.253.118.0-255,2902,66212,17,298330
8086,0.001157,172.31.36.0-255,66,66278,17,298330
8087,0.001164,172.253.118.0-255,5738,72016,17,298330
8088,0.001166,172.31.36.0-255,66,72082,17,298330
8089,0.001178,172.253.118.0-255,7156,79238,17,298330
8090,0.001181,172.31.36.0-255,66,79304,17,298330
8091,0.001187,172.253.118.0-255,4320,83624,17,298330
8092,0.001189,172.31.36.0-255,66,83690,17,298330
8093,0.001233,172.31.36.0-255,66,83756,17,298330
8094,0.001238,172.253.118.0-255,2184,85940,17,298330
8095,0.00124,172.31.36.0-255,66,86006,17,298330
8096,0.001364,172.253.118.0-255,1484,87490,17,298330
8097,0.001369,172.253.118.0-255,1484,88974,17,298330
8098,0.001372,172.31.36.0-255,66,89040,17,298330
8099,0.001397,172.253.118.0-255,1484,90524,17,298330
8100,0.001403,172.253.118.0-255,5738,96262,17,298330
8101,0.001406,172.31.36.0-255,66,96328,17,298330
8102,0.001411,172.253.118.0-255,2902,99230,17,298330
8103,0.001413,172.31.36.0-255,66,99296,17,298330
8104,0.001453,172.31.36.0-255,66,99362,17,298330
8105,0.001477,172.253.118.0-255,7156,106518,17,298330
8106,0.00148,172.31.36.0-255,66,106584,17,298330
8107,0.001506,172.253.118.0-255,3602,110186,17,298330
8108,0.001509,172.31.36.0-255,66,110252,17,298330
8109,0.001535,172.253.118.0-255,1484,111736,17,298330
8110,0.001566,172.253.118.0-255,1484,113220,17,298330
8111,0.001569,172.31.36.0-255,66,113286,17,298330
8112,0.001575,172.253.118.0-255,2902,116188,17,298330
8113,0.001578,172.31.36.0-255,66,116254,17,298330
8114,0.001613,172.253.118.0-255,5738,121992,17,298330
8115,0.001616,172.31.36.0-255,66,122058,17,298330
8116,0.00162,172.253.118.0-255,1484,123542,17,298330
8117,0.001652,172.31.36.0-255,66,123608,17,298330
8118,0.001676,172.253.118.0-255,1484,125092,17,298330
8119,0.001705,172.31.36.0-255,66,125158,17,298330
8120,0.001728,172.253.118.0-255,1484,126642,17,298330
8121,0.001733,172.253.118.0-255,2902,129544,17,298330
8122,0.001735,172.31.36.0-255,66,129610,17,298330
8123,0.00174,172.253.118.0-255,2902,132512,17,298330
8124,0.001743,172.31.36.0-255,66,132578,17,298330
8125,0.00176,172.253.118.0-255,2902,135480,17,298330
8126,0.001762,172.31.36.0-255,66,135546,17,298330
8127,0.001771,172.253.118.0-255,1484,137030,17,298330
8128,0.001805,172.31.36.0-255,66,137096,17,298330
8129,0.001813,172.253.118.0-255,7156,144252,17,298330
8130,0.001816,172.31.36.0-255,66,144318,17,298330
8131,0.001845,172.253.118.0-255,3602,147920,17,298330
8132,0.001848,172.31.36.0-255,66,147986,17,298330
8133,0.001875,172.253.118.0-255,1484,149470,17,298330
8134,0.00188,172.253.118.0-255,2902,152372,17,298330
8135,0.001884,172.31.36.0-255,66,152438,17,298330
8136,0.001889,172.253.118.0-255,2902,155340,17,298330
8137,0.001891,172.31.36.0-255,66,155406,17,298330
8138,0.001912,172.253.118.0-255,2902,158308,17,298330
8139,0.001919,172.31.36.0-255,66,158374,17,298330
8140,0.001933,172.31.36.0-255,66,158440,17,298330
8141,0.00194,172.253.118.0-255,7156,165596,17,298330
8142,0.001942,172.31.36.0-255,66,165662,17,298330
8143,0.001993,172.253.118.0-255,3602,169264,17,298330
8144,0.001996,172.31.36.0-255,66,169330,17,298330
8145,0.002025,172.31.36.0-255,101,169431,17,298330
8146,0.002049,172.253.118.0-255,1484,170915,17,298330
8147,0.002053,172.253.118.0-255,2902,173817,17,298330
8148,0.002062,172.31.36.0-255,66,173883,17,298330
8149,0.002067,172.253.118.0-255,2902,176785,17,298330
8150,0.002071,172.31.36.0-255,66,176851,17,298330
8151,0.002098,172.253.118.0-255,2902,179753,17,298330
8152,0.002102,172.31.36.0-255,66,179819,17,298330
8153,0.002106,172.253.118.0-255,2902,182721,17,298330
8154,0.002108,172.31.36.0-255,66,182787,17,298330
8155,0.002111,172.253.118.0-255,1484,184271,17,298330
8156,0.002148,172.31.36.0-255,66,184337,17,298330
8157,0.002165,172.31.36.0-255,66,184403,17,298330
8158,0.002238,172.253.118.0-255,1484,185887,17,298330
8159,0.002245,172.253.118.0-255,2902,188789,17,298330
8160,0.002249,172.31.36.0-255,66,188855,17,298330
8161,0.002254,172.253.118.0-255,2902,191757,17,298330
8162,0.002255,172.31.36.0-255,66,191823,17,298330
8163,0.002277,172.253.118.0-255,2902,194725,17,298330
8164,0.002281,172.31.36.0-255,66,194791,17,298330
8165,0.002338,172.31.36.0-255,66,194857,17,298330
8166,0.002362,172.253.118.0-255,1484,196341,17,298330
8167,0.002381,172.31.36.0-255,66,196407,17,298330
8168,0.004315,172.253.118.0-255,66,196473,17,298330
8169,0.00471,172.253.118.0-255,5738,202211,17,298330
8170,0.004718,172.31.36.0-255,66,202277,17,298330
8171,0.007081,172.253.118.0-255,5738,208015,17,298330
8172,0.007098,172.31.36.0-255,66,208081,17,298330
8173,0.009428,172.253.118.0-255,5738,213819,17,298330
8174,0.009432,172.31.36.0-255,66,213885,17,298330
8175,0.011794,172.253.118.0-255,5738,219623,17,298330
8176,0.011811,172.31.36.0-255,66,219689,17,298330
8177,0.01417,172.253.118.0-255,5738,225427,17,298330
8178,0.014189,172.31.36.0-255,66,225493,17,298330
8179,0.016526,172.253.118.0-255,5738,231231,17,298330
8180,0.016545,172.31.36.0-255,66,231297,17,298330
8181,0.018902,172.253.118.0-255,5738,237035,17,298330
8182,0.018912,172.31.36.0-255,66,237101,17,298330
8183,0.021268,172.253.118.0-255,5738,242839,17,298330
8184,0.021287,172.31.36.0-255,66,242905,17,298330
8185,0.023657,172.253.118.0-255,5738,248643,17,298330
8186,0.023678,172.31.36.0-255,66,248709,17,298330
8187,0.02604,172.253.118.0-255,5738,254447,17,298330
8188,0.026057,172.31.36.0-255,66,254513,17,298330
8189,0.02842,172.253.118.0-255,5738,260251,17,298330
8190,0.028434,172.31.36.0-255,66,260317,17,298330
8191,0.030777,172.253.118.0-255,5738,266055,17,298330
8192,0.030795,172.31.36.0-255,66,266121,17,298330
8193,0.033153,172.253.118.0-255,5738,271859,17,298330
8194,0.033169,172.31.36.0-255,66,271925,17,298330
8195,0.034742,172.31.36.0-255,172,272097,17,298330
8196,0.034775,172.31.36.0-255,1117,273214,17,298330
8197,0.034845,172.31.36.0-255,1514,274728,17,298330
8198,0.034847,172.31.36.0-255,1271,275999,17,298330
8199,0.035528,172.253.118.0-255,5738,281737,17,298330
8200,0.035543,172.31.36.0-255,66,281803,17,298330
8201,0.03634,104.244.42.0-255,66,281869,17,298330
8202,0.036371,104.244.42.0-255,66,281935,17,298330
8203,0.03643,104.244.42.0-255,66,282001,17,298330
8204,0.037899,172.253.118.0-255,5738,287739,17,298330
8205,0.037907,172.31.36.0-255,66,287805,17,298330
8206,0.040267,172.253.118.0-255,5738,293543,17,298330
8207,0.040282,172.31.36.0-255,66,293609,17,298330
8208,0.042634,172.253.118.0-255,4484,298093,17,298330
8209,0.042645,172.31.36.0-255,66,298159,17,298330
8210,0.042878,172.31.36.0-255,105,298264,17,298330
8211,0.050414,172.253.118.0-255,66,298330,17,298330
8212,0.0,172.31.36.0-255,66,66,17,66
8213,0.0,74.125.68.0-255,155,155,17,324608
8214,2.2e-05,172.31.36.0-255,66,221,17,324608
8215,4.2e-05,74.125.68.0-255,1484,1705,17,324608
8216,4.6e-05,172.31.36.0-255,66,1771,17,324608
8217,4.9e-05,74.125.68.0-255,1484,3255,17,324608
8218,5.2e-05,172.31.36.0-255,66,3321,17,324608
8219,6.4e-05,74.125.68.0-255,1484,4805,17,324608
8220,6.7e-05,172.31.36.0-255,66,4871,17,324608
8221,0.0001,74.125.68.0-255,7156,12027,17,324608
8222,0.000103,172.31.36.0-255,66,12093,17,324608
8223,0.000107,74.125.68.0-255,2039,14132,17,324608
8224,0.000109,172.31.36.0-255,66,14198,17,324608
8225,0.000599,74.125.68.0-255,1484,15682,17,324608
8226,0.000605,172.31.36.0-255,66,15748,17,324608
8227,0.000614,74.125.68.0-255,2902,18650,17,324608
8228,0.000617,172.31.36.0-255,66,18716,17,324608
8229,0.000621,74.125.68.0-255,1484,20200,17,324608
8230,0.000624,172.31.36.0-255,66,20266,17,324608
8231,0.000655,74.125.68.0-255,4320,24586,17,324608
8232,0.000658,172.31.36.0-255,66,24652,17,324608
8233,0.000663,74.125.68.0-255,2902,27554,17,324608
8234,0.000665,172.31.36.0-255,66,27620,17,324608
8235,0.000693,74.125.68.0-255,4320,31940,17,324608
8236,0.000698,172.31.36.0-255,66,32006,17,324608
8237,0.000714,74.125.68.0-255,1125,33131,17,324608
8238,0.000717,172.31.36.0-255,66,33197,17,324608
8239,0.000723,74.125.68.0-255,5738,38935,17,324608
8240,0.000725,172.31.36.0-255,66,39001,17,324608
8241,0.000752,74.125.68.0-255,5738,44739,17,324608
8242,0.000757,172.31.36.0-255,66,44805,17,324608
8243,0.000807,74.125.68.0-255,3961,48766,17,324608
8244,0.000812,172.31.36.0-255,66,48832,17,324608
8245,0.002844,74.125.68.0-255,1484,50316,17,324608
8246,0.002884,74.125.68.0-255,2902,53218,17,324608
8247,0.00289,172.31.36.0-255,66,53284,17,324608
8248,0.002909,74.125.68.0-255,1484,54768,17,324608
8249,0.00498,74.125.68.0-255,4320,59088,17,324608
8250,0.004987,172.31.36.0-255,66,59154,17,324608
8251,0.007085,74.125.68.0-255,5738,64892,17,324608
8252,0.007091,172.31.36.0-255,66,64958,17,324608
8253,0.009186,74.125.68.0-255,5738,70696,17,324608
8254,0.009193,172.31.36.0-255,66,70762,17,324608
8255,0.011289,74.125.68.0-255,5738,76500,17,324608
8256,0.011299,172.31.36.0-255,66,76566,17,324608
8257,0.013399,74.125.68.0-255,5738,82304,17,324608
8258,0.013407,172.31.36.0-255,66,82370,17,324608
8259,0.015493,74.125.68.0-255,5738,88108,17,324608
8260,0.015503,172.31.36.0-255,66,88174,17,324608
8261,0.017592,74.125.68.0-255,5738,93912,17,324608
8262,0.017599,172.31.36.0-255,66,93978,17,324608
8263,0.018119,172.31.36.0-255,172,94150,17,324608
8264,0.018149,172.31.36.0-255,1118,95268,17,324608
8265,0.018207,172.31.36.0-255,1514,96782,17,324608
8266,0.018208,172.31.36.0-255,1272,98054,17,324608
8267,0.019607,104.244.42.0-255,66,98120,17,324608
8268,0.019644,104.244.42.0-255,66,98186,17,324608
8269,0.019678,74.125.68.0-255,5738,103924,17,324608
8270,0.019684,172.31.36.0-255,66,103990,17,324608
8271,0.01971,104.244.42.0-255,66,104056,17,324608
8272,0.021785,74.125.68.0-255,5738,109794,17,324608
8273,0.021791,172.31.36.0-255,66,109860,17,324608
8274,0.023905,74.125.68.0-255,5738,115598,17,324608
8275,0.023911,172.31.36.0-255,66,115664,17,324608
8276,0.026015,74.125.68.0-255,5738,121402,17,324608
8277,0.026021,172.31.36.0-255,66,121468,17,324608
8278,0.028111,74.125.68.0-255,5738,127206,17,324608
8279,0.028117,172.31.36.0-255,66,127272,17,324608
8280,0.030223,74.125.68.0-255,5738,133010,17,324608
8281,0.03023,172.31.36.0-255,66,133076,17,324608
8282,0.032317,74.125.68.0-255,5738,138814,17,324608
8283,0.032323,172.31.36.0-255,66,138880,17,324608
8284,0.034414,74.125.68.0-255,5738,144618,17,324608
8285,0.034421,172.31.36.0-255,66,144684,17,324608
8286,0.036528,74.125.68.0-255,5738,150422,17,324608
8287,0.036535,172.31.36.0-255,66,150488,17,324608
8288,0.038625,74.125.68.0-255,5738,156226,17,324608
8289,0.038631,172.31.36.0-255,66,156292,17,324608
8290,0.04075,74.125.68.0-255,5738,162030,17,324608
8291,0.040756,172.31.36.0-255,66,162096,17,324608
8292,0.042879,74.125.68.0-255,5738,167834,17,324608
8293,0.042888,172.31.36.0-255,66,167900,17,324608
8294,0.044983,74.125.68.0-255,5738,173638,17,324608
8295,0.04499,172.31.36.0-255,66,173704,17,324608
8296,0.047082,74.125.68.0-255,5738,179442,17,324608
8297,0.047089,172.31.36.0-255,66,179508,17,324608
8298,0.04919,74.125.68.0-255,5738,185246,17,324608
8299,0.049197,172.31.36.0-255,66,185312,17,324608
8300,0.051282,74.125.68.0-255,5738,191050,17,324608
8301,0.051289,172.31.36.0-255,66,191116,17,324608
8302,0.053394,74.125.68.0-255,5738,196854,17,324608
8303,0.0534,172.31.36.0-255,66,196920,17,324608
8304,0.055495,74.125.68.0-255,5738,202658,17,324608
8305,0.055502,172.31.36.0-255,66,202724,17,324608
8306,0.057596,74.125.68.0-255,5738,208462,17,324608
8307,0.057603,172.31.36.0-255,66,208528,17,324608
8308,0.059702,74.125.68.0-255,5738,214266,17,324608
8309,0.059708,172.31.36.0-255,66,214332,17,324608
8310,0.061802,74.125.68.0-255,5738,220070,17,324608
8311,0.061808,172.31.36.0-255,66,220136,17,324608
8312,0.063901,74.125.68.0-255,5738,225874,17,324608
8313,0.063907,172.31.36.0-255,66,225940,17,324608
8314,0.066004,74.125.68.0-255,5738,231678,17,324608
8315,0.06601,172.31.36.0-255,66,231744,17,324608
8316,0.068101,74.125.68.0-255,5738,237482,17,324608
8317,0.068107,172.31.36.0-255,66,237548,17,324608
8318,0.070213,74.125.68.0-255,5738,243286,17,324608
8319,0.07022,172.31.36.0-255,66,243352,17,324608
8320,0.072318,74.125.68.0-255,5738,249090,17,324608
8321,0.072325,172.31.36.0-255,66,249156,17,324608
8322,0.074424,74.125.68.0-255,5738,254894,17,324608
8323,0.07443,172.31.36.0-255,66,254960,17,324608
8324,0.07653,74.125.68.0-255,5738,260698,17,324608
8325,0.076537,172.31.36.0-255,66,260764,17,324608
8326,0.078633,74.125.68.0-255,5738,266502,17,324608
8327,0.07864,172.31.36.0-255,66,266568,17,324608
8328,0.08073,74.125.68.0-255,5738,272306,17,324608
8329,0.080738,172.31.36.0-255,66,272372,17,324608
8330,0.082829,74.125.68.0-255,5738,278110,17,324608
8331,0.082836,172.31.36.0-255,66,278176,17,324608
8332,0.084941,74.125.68.0-255,5738,283914,17,324608
8333,0.084947,172.31.36.0-255,66,283980,17,324608
8334,0.087049,74.125.68.0-255,5738,289718,17,324608
8335,0.087057,172.31.36.0-255,66,289784,17,324608
8336,0.089155,74.125.68.0-255,5738,295522,17,324608
8337,0.089162,172.31.36.0-255,66,295588,17,324608
8338,0.091335,74.125.68.0-255,5738,301326,17,324608
8339,0.091343,172.31.36.0-255,66,301392,17,324608
8340,0.093443,74.125.68.0-255,5738,307130,17,324608
8341,0.09345,172.31.36.0-255,66,307196,17,324608
8342,0.095547,74.125.68.0-255,5738,312934,17,324608
8343,0.095554,172.31.36.0-255,66,313000,17,324608
8344,0.097649,74.125.68.0-255,5738,318738,17,324608
8345,0.097656,172.31.36.0-255,66,318804,17,324608
8346,0.099746,74.125.68.0-255,5738,324542,17,324608
8347,0.099753,172.31.36.0-255,66,324608,17,324608
8348,0.0,172.217.194.0-255,153,153,17,153666
8349,2.7e-05,172.31.36.0-255,66,219,17,153666
8350,3.4e-05,172.217.194.0-255,1484,1703,17,153666
8351,3.9e-05,172.31.36.0-255,66,1769,17,153666
8352,4.4e-05,172.217.194.0-255,2902,4671,17,153666
8353,4.6e-05,172.31.36.0-255,66,4737,17,153666
8354,5.9e-05,172.217.194.0-255,5738,10475,17,153666
8355,7.1e-05,172.31.36.0-255,66,10541,17,153666
8356,9.7e-05,172.217.194.0-255,4885,15426,17,153666
8357,0.000101,172.31.36.0-255,66,15492,17,153666
8358,0.000114,172.217.194.0-255,5738,21230,17,153666
8359,0.000116,172.31.36.0-255,66,21296,17,153666
8360,0.000145,172.217.194.0-255,5738,27034,17,153666
8361,0.000149,172.31.36.0-255,66,27100,17,153666
8362,0.000169,172.217.194.0-255,3961,31061,17,153666
8363,0.000172,172.31.36.0-255,66,31127,17,153666
8364,0.000197,172.217.194.0-255,1484,32611,17,153666
8365,0.0002,172.31.36.0-255,66,32677,17,153666
8366,0.000205,172.217.194.0-255,2902,35579,17,153666
8367,0.000207,172.31.36.0-255,66,35645,17,153666
8368,0.000219,172.217.194.0-255,5738,41383,17,153666
8369,0.000221,172.31.36.0-255,66,41449,17,153666
8370,0.000268,172.31.36.0-255,66,41515,17,153666
8371,0.000286,172.31.36.0-255,66,41581,17,153666
8372,0.000289,172.217.194.0-255,393,41974,17,153666
8373,0.000291,172.31.36.0-255,66,42040,17,153666
8374,0.000378,172.217.194.0-255,381,42421,17,153666
8375,0.000382,172.31.36.0-255,66,42487,17,153666
8376,0.000743,172.217.194.0-255,1484,43971,17,153666
8377,0.000748,172.31.36.0-255,66,44037,17,153666
8378,0.000753,172.217.194.0-255,2902,46939,17,153666
8379,0.000755,172.31.36.0-255,66,47005,17,153666
8380,0.00076,172.217.194.0-255,4320,51325,17,153666
8381,0.000765,172.31.36.0-255,66,51391,17,153666
8382,0.000802,172.217.194.0-255,1484,52875,17,153666
8383,0.000817,172.31.36.0-255,66,52941,17,153666
8384,0.000834,172.31.36.0-255,66,53007,17,153666
8385,0.001063,172.217.194.0-255,1484,54491,17,153666
8386,0.001069,172.217.194.0-255,2902,57393,17,153666
8387,0.001078,172.31.36.0-255,66,57459,17,153666
8388,0.001082,172.217.194.0-255,5738,63197,17,153666
8389,0.001085,172.31.36.0-255,66,63263,17,153666
8390,0.001133,172.31.36.0-255,66,63329,17,153666
8391,0.001151,172.31.36.0-255,66,63395,17,153666
8392,0.001221,172.217.194.0-255,1484,64879,17,153666
8393,0.001226,172.217.194.0-255,2902,67781,17,153666
8394,0.001228,172.31.36.0-255,66,67847,17,153666
8395,0.001258,172.217.194.0-255,5738,73585,17,153666
8396,0.001262,172.31.36.0-255,66,73651,17,153666
8397,0.00127,172.31.36.0-255,66,73717,17,153666
8398,0.00129,172.217.194.0-255,1484,75201,17,153666
8399,0.001297,172.217.194.0-255,5738,80939,17,153666
8400,0.001304,172.31.36.0-255,66,81005,17,153666
8401,0.001347,172.217.194.0-255,5020,86025,17,153666
8402,0.00135,172.31.36.0-255,66,86091,17,153666
8403,0.00151,172.217.194.0-255,1484,87575,17,153666
8404,0.001527,172.217.194.0-255,2902,90477,17,153666
8405,0.001531,172.31.36.0-255,66,90543,17,153666
8406,0.001538,172.217.194.0-255,5738,96281,17,153666
8407,0.00154,172.31.36.0-255,66,96347,17,153666
8408,0.001583,172.31.36.0-255,66,96413,17,153666
8409,0.001595,172.31.36.0-255,66,96479,17,153666
8410,0.001637,172.217.194.0-255,1484,97963,17,153666
8411,0.001642,172.217.194.0-255,2902,100865,17,153666
8412,0.001644,172.217.194.0-255,1484,102349,17,153666
8413,0.001648,172.31.36.0-255,66,102415,17,153666
8414,0.001659,172.217.194.0-255,4320,106735,17,153666
8415,0.001665,172.31.36.0-255,66,106801,17,153666
8416,0.001706,172.31.36.0-255,66,106867,17,153666
8417,0.001717,172.31.36.0-255,66,106933,17,153666
8418,0.001748,172.217.194.0-255,2184,109117,17,153666
8419,0.001751,172.31.36.0-255,66,109183,17,153666
8420,0.001923,172.217.194.0-255,1484,110667,17,153666
8421,0.001929,172.217.194.0-255,2902,113569,17,153666
8422,0.001932,172.31.36.0-255,66,113635,17,153666
8423,0.001935,172.217.194.0-255,1484,115119,17,153666
8424,0.001967,172.217.194.0-255,4320,119439,17,153666
8425,0.001971,172.31.36.0-255,66,119505,17,153666
8426,0.002004,172.31.36.0-255,66,119571,17,153666
8427,0.002028,172.217.194.0-255,1484,121055,17,153666
8428,0.00204,172.31.36.0-255,66,121121,17,153666
8429,0.002081,172.217.194.0-255,1484,122605,17,153666
8430,0.002085,172.217.194.0-255,2902,125507,17,153666
8431,0.002088,172.31.36.0-255,66,125573,17,153666
8432,0.002117,172.217.194.0-255,5738,131311,17,153666
8433,0.002121,172.31.36.0-255,66,131377,17,153666
8434,0.002124,172.217.194.0-255,1484,132861,17,153666
8435,0.002161,172.31.36.0-255,66,132927,17,153666
8436,0.00218,172.31.36.0-255,66,132993,17,153666
8437,0.002231,172.31.36.0-255,66,133059,17,153666
8438,0.002242,172.31.36.0-255,66,133125,17,153666
8439,0.00233,172.31.36.0-255,66,133191,17,153666
8440,0.002348,172.31.36.0-255,66,133257,17,153666
8441,0.002372,172.217.194.0-255,1484,134741,17,153666
8442,0.002376,172.217.194.0-255,2902,137643,17,153666
8443,0.00238,172.31.36.0-255,66,137709,17,153666
8444,0.002405,172.217.194.0-255,5738,143447,17,153666
8445,0.002409,172.31.36.0-255,66,143513,17,153666
8446,0.002414,172.217.194.0-255,4320,147833,17,153666
8447,0.002417,172.31.36.0-255,66,147899,17,153666
8448,0.002452,172.31.36.0-255,66,147965,17,153666
8449,0.002486,172.31.36.0-255,66,148031,17,153666
8450,0.002511,172.217.194.0-255,1017,149048,17,153666
8451,0.002516,172.217.194.0-255,105,149153,17,153666
8452,0.007345,172.31.36.0-255,66,149219,17,153666
8453,0.007373,172.31.36.0-255,105,149324,17,153666
8454,0.009865,172.217.194.0-255,66,149390,17,153666
8455,0.031518,172.31.36.0-255,176,149566,17,153666
8456,0.03155,172.31.36.0-255,1119,150685,17,153666
8457,0.031591,172.31.36.0-255,1514,152199,17,153666
8458,0.031593,172.31.36.0-255,1269,153468,17,153666
8459,0.033041,104.244.42.0-255,66,153534,17,153666
8460,0.033085,104.244.42.0-255,66,153600,17,153666
8461,0.033136,104.244.42.0-255,66,153666,17,153666
8462,0.0,74.125.200.0-255,143,143,17,346072
8463,2.8e-05,172.31.36.0-255,66,209,17,346072
8464,3.4e-05,74.125.200.0-255,1484,1693,17,346072
8465,3.8e-05,172.31.36.0-255,66,1759,17,346072
8466,4.3e-05,74.125.200.0-255,2902,4661,17,346072
8467,4.5e-05,172.31.36.0-255,66,4727,17,346072
8468,5e-05,74.125.200.0-255,2902,7629,17,346072
8469,5.2e-05,172.31.36.0-255,66,7695,17,346072
8470,5.7e-05,74.125.200.0-255,4320,12015,17,346072
8471,5.9e-05,172.31.36.0-255,66,12081,17,346072
8472,9.7e-05,74.125.200.0-255,7156,19237,17,346072
8473,0.000101,172.31.36.0-255,66,19303,17,346072
8474,0.000116,74.125.200.0-255,2091,21394,17,346072
8475,0.000119,172.31.36.0-255,66,21460,17,346072
8476,0.000127,74.125.200.0-255,7156,28616,17,346072
8477,0.000129,172.31.36.0-255,66,28682,17,346072
8478,0.000155,74.125.200.0-255,2902,31584,17,346072
8479,0.000157,172.31.36.0-255,66,31650,17,346072
8480,0.000164,74.125.200.0-255,5738,37388,17,346072
8481,0.000167,172.31.36.0-255,66,37454,17,346072
8482,0.000175,74.125.200.0-255,7156,44610,17,346072
8483,0.000177,172.31.36.0-255,66,44676,17,346072
8484,0.00018,74.125.200.0-255,1484,46160,17,346072
8485,0.000182,172.31.36.0-255,66,46226,17,346072
8486,0.000207,74.125.200.0-255,2184,48410,17,346072
8487,0.000209,172.31.36.0-255,66,48476,17,346072
8488,0.000444,74.125.200.0-255,1484,49960,17,346072
8489,0.000448,172.31.36.0-255,66,50026,17,346072
8490,0.000455,74.125.200.0-255,2902,52928,17,346072
8491,0.000457,172.31.36.0-255,66,52994,17,346072
8492,0.00046,74.125.200.0-255,1484,54478,17,346072
8493,0.000462,172.31.36.0-255,66,54544,17,346072
8494,0.000482,74.125.200.0-255,4320,58864,17,346072
8495,0.000485,172.31.36.0-255,66,58930,17,346072
8496,0.00049,74.125.200.0-255,4320,63250,17,346072
8497,0.000493,172.31.36.0-255,66,63316,17,346072
8498,0.000512,74.125.200.0-255,2813,66129,17,346072
8499,0.000514,172.31.36.0-255,66,66195,17,346072
8500,0.000517,74.125.200.0-255,135,66330,17,346072
8501,0.000625,74.125.200.0-255,1484,67814,17,346072
8502,0.000628,172.31.36.0-255,66,67880,17,346072
8503,0.000642,74.125.200.0-255,1484,69364,17,346072
8504,0.000662,74.125.200.0-255,1484,70848,17,346072
8505,0.000664,172.31.36.0-255,66,70914,17,346072
8506,0.000668,74.125.200.0-255,1484,72398,17,346072
8507,0.000684,74.125.200.0-255,2902,75300,17,346072
8508,0.000686,172.31.36.0-255,66,75366,17,346072
8509,0.000689,74.125.200.0-255,1484,76850,17,346072
8510,0.000714,74.125.200.0-255,7156,84006,17,346072
8511,0.000716,172.31.36.0-255,66,84072,17,346072
8512,0.000728,172.31.36.0-255,66,84138,17,346072
8513,0.00075,74.125.200.0-255,6438,90576,17,346072
8514,0.000754,172.31.36.0-255,66,90642,17,346072
8515,0.000797,74.125.200.0-255,1484,92126,17,346072
8516,0.000801,74.125.200.0-255,2902,95028,17,346072
8517,0.000804,172.31.36.0-255,66,95094,17,346072
8518,0.000824,74.125.200.0-255,1484,96578,17,346072
8519,0.000847,74.125.200.0-255,4320,100898,17,346072
8520,0.00085,172.31.36.0-255,66,100964,17,346072
8521,0.000856,74.125.200.0-255,4320,105284,17,346072
8522,0.00086,172.31.36.0-255,66,105350,17,346072
8523,0.000862,74.125.200.0-255,5738,111088,17,346072
8524,0.000864,172.31.36.0-255,66,111154,17,346072
8525,0.000893,74.125.200.0-255,7156,118310,17,346072
8526,0.000896,172.31.36.0-255,66,118376,17,346072
8527,0.000918,74.125.200.0-255,4320,122696,17,346072
8528,0.000921,172.31.36.0-255,66,122762,17,346072
8529,0.000925,74.125.200.0-255,2184,124946,17,346072
8530,0.000927,172.31.36.0-255,66,125012,17,346072
8531,0.000942,74.125.200.0-255,4320,129332,17,346072
8532,0.000945,172.31.36.0-255,66,129398,17,346072
8533,0.000977,172.31.36.0-255,66,129464,17,346072
8534,0.000979,74.125.200.0-255,826,130290,17,346072
8535,0.0011,74.125.200.0-255,1484,131774,17,346072
8536,0.001104,172.31.36.0-255,66,131840,17,346072
8537,0.001124,74.125.200.0-255,2902,134742,17,346072
8538,0.001127,172.31.36.0-255,66,134808,17,346072
8539,0.001133,74.125.200.0-255,5738,140546,17,346072
8540,0.001135,172.31.36.0-255,66,140612,17,346072
8541,0.001197,172.31.36.0-255,66,140678,17,346072
8542,0.001207,172.31.36.0-255,66,140744,17,346072
8543,0.001226,74.125.200.0-255,3602,144346,17,346072
8544,0.001229,172.31.36.0-255,66,144412,17,346072
8545,0.001286,74.125.200.0-255,1484,145896,17,346072
8546,0.001299,74.125.200.0-255,2902,148798,17,346072
8547,0.001302,172.31.36.0-255,66,148864,17,346072
8548,0.001306,74.125.200.0-255,1484,150348,17,346072
8549,0.001326,74.125.200.0-255,2902,153250,17,346072
8550,0.001329,172.31.36.0-255,66,153316,17,346072
8551,0.001351,74.125.200.0-255,5738,159054,17,346072
8552,0.001354,172.31.36.0-255,66,159120,17,346072
8553,0.001357,74.125.200.0-255,1484,160604,17,346072
8554,0.001379,74.125.200.0-255,5738,166342,17,346072
8555,0.001382,172.31.36.0-255,66,166408,17,346072
8556,0.001392,172.31.36.0-255,66,166474,17,346072
8557,0.001418,74.125.200.0-255,3602,170076,17,346072
8558,0.001421,172.31.36.0-255,66,170142,17,346072
8559,0.001502,74.125.200.0-255,1484,171626,17,346072
8560,0.00152,74.125.200.0-255,2902,174528,17,346072
8561,0.001523,172.31.36.0-255,66,174594,17,346072
8562,0.001546,74.125.200.0-255,5738,180332,17,346072
8563,0.001549,172.31.36.0-255,66,180398,17,346072
8564,0.001562,74.125.200.0-255,1484,181882,17,346072
8565,0.001577,74.125.200.0-255,4320,186202,17,346072
8566,0.001579,172.31.36.0-255,66,186268,17,346072
8567,0.001601,74.125.200.0-255,5738,192006,17,346072
8568,0.001604,172.31.36.0-255,66,192072,17,346072
8569,0.001615,172.31.36.0-255,66,192138,17,346072
8570,0.00164,74.125.200.0-255,3602,195740,17,346072
8571,0.001643,172.31.36.0-255,66,195806,17,346072
8572,0.001703,74.125.200.0-255,1484,197290,17,346072
8573,0.001708,74.125.200.0-255,2902,200192,17,346072
8574,0.00171,172.31.36.0-255,66,200258,17,346072
8575,0.001727,74.125.200.0-255,4320,204578,17,346072
8576,0.00173,172.31.36.0-255,66,204644,17,346072
8577,0.001748,74.125.200.0-255,1484,206128,17,346072
8578,0.001763,74.125.200.0-255,5738,211866,17,346072
8579,0.001767,172.31.36.0-255,66,211932,17,346072
8580,0.00179,74.125.200.0-255,7156,219088,17,346072
8581,0.001793,172.31.36.0-255,66,219154,17,346072
8582,0.001798,74.125.200.0-255,4320,223474,17,346072
8583,0.0018,172.31.36.0-255,66,223540,17,346072
8584,0.001824,74.125.200.0-255,1484,225024,17,346072
8585,0.00184,74.125.200.0-255,5020,230044,17,346072
8586,0.001843,172.31.36.0-255,66,230110,17,346072
8587,0.00185,74.125.200.0-255,5738,235848,17,346072
8588,0.001852,172.31.36.0-255,66,235914,17,346072
8589,0.001864,74.125.200.0-255,1484,237398,17,346072
8590,0.001876,74.125.200.0-255,2902,240300,17,346072
8591,0.001879,172.31.36.0-255,66,240366,17,346072
8592,0.001911,172.31.36.0-255,66,240432,17,346072
8593,0.001929,74.125.200.0-255,2902,243334,17,346072
8594,0.001932,172.31.36.0-255,66,243400,17,346072
8595,0.001947,74.125.200.0-255,7156,250556,17,346072
8596,0.00195,172.31.36.0-255,66,250622,17,346072
8597,0.001978,74.125.200.0-255,2184,252806,17,346072
8598,0.001983,172.31.36.0-255,66,252872,17,346072
8599,0.001989,74.125.200.0-255,1484,254356,17,346072
8600,0.002004,74.125.200.0-255,2902,257258,17,346072
8601,0.002007,172.31.36.0-255,66,257324,17,346072
8602,0.002033,74.125.200.0-255,5738,263062,17,346072
8603,0.002036,172.31.36.0-255,66,263128,17,346072
8604,0.00204,74.125.200.0-255,2902,266030,17,346072
8605,0.002042,172.31.36.0-255,66,266096,17,346072
8606,0.002108,172.31.36.0-255,66,266162,17,346072
8607,0.002114,74.125.200.0-255,5738,271900,17,346072
8608,0.002116,172.31.36.0-255,66,271966,17,346072
8609,0.002171,74.125.200.0-255,5020,276986,17,346072
8610,0.002174,172.31.36.0-255,66,277052,17,346072
8611,0.00447,74.125.200.0-255,5738,282790,17,346072
8612,0.004477,172.31.36.0-255,66,282856,17,346072
8613,0.006743,74.125.200.0-255,4320,287176,17,346072
8614,0.006748,172.31.36.0-255,66,287242,17,346072
8615,0.006769,74.125.200.0-255,1484,288726,17,346072
8616,0.009019,74.125.200.0-255,4320,293046,17,346072
8617,0.009025,172.31.36.0-255,66,293112,17,346072
8618,0.011306,74.125.200.0-255,5738,298850,17,346072
8619,0.011314,172.31.36.0-255,66,298916,17,346072
8620,0.013601,74.125.200.0-255,5738,304654,17,346072
8621,0.013612,172.31.36.0-255,66,304720,17,346072
8622,0.015911,74.125.200.0-255,5738,310458,17,346072
8623,0.015926,172.31.36.0-255,66,310524,17,346072
8624,0.018233,74.125.200.0-255,4320,314844,17,346072
8625,0.018243,172.31.36.0-255,66,314910,17,346072
8626,0.018271,74.125.200.0-255,1484,316394,17,346072
8627,0.020525,74.125.200.0-255,4320,320714,17,346072
8628,0.020536,172.31.36.0-255,66,320780,17,346072
8629,0.022819,74.125.200.0-255,2902,323682,17,346072
8630,0.022828,172.31.36.0-255,66,323748,17,346072
8631,0.02285,74.125.200.0-255,2902,326650,17,346072
8632,0.022854,172.31.36.0-255,66,326716,17,346072
8633,0.025118,74.125.200.0-255,4320,331036,17,346072
8634,0.025126,172.31.36.0-255,66,331102,17,346072
8635,0.025149,74.125.200.0-255,1484,332586,17,346072
8636,0.027401,74.125.200.0-255,4320,336906,17,346072
8637,0.02741,172.31.36.0-255,66,336972,17,346072
8638,0.029103,172.31.36.0-255,172,337144,17,346072
8639,0.029251,172.31.36.0-255,1118,338262,17,346072
8640,0.029338,172.31.36.0-255,1514,339776,17,346072
8641,0.02934,172.31.36.0-255,1514,341290,17,346072
8642,0.029341,172.31.36.0-255,1514,342804,17,346072
8643,0.029342,172.31.36.0-255,1048,343852,17,346072
8644,0.029681,74.125.200.0-255,1719,345571,17,346072
8645,0.029688,172.31.36.0-255,66,345637,17,346072
8646,0.029878,172.31.36.0-255,105,345742,17,346072
8647,0.03065,104.244.42.0-255,66,345808,17,346072
8648,0.030791,104.244.42.0-255,66,345874,17,346072
8649,0.030884,104.244.42.0-255,66,345940,17,346072
8650,0.030887,104.244.42.0-255,66,346006,17,346072
8651,0.032114,74.125.200.0-255,66,346072,17,346072
8652,0.0,74.125.68.0-255,218,218,17,291216
8653,1.9e-05,172.31.36.0-255,66,284,17,291216
8654,2.7e-05,74.125.68.0-255,1484,1768,17,291216
8655,3.2e-05,172.31.36.0-255,66,1834,17,291216
8656,6.6e-05,74.125.68.0-255,4320,6154,17,291216
8657,7e-05,172.31.36.0-255,66,6220,17,291216
8658,9.4e-05,74.125.68.0-255,1484,7704,17,291216
8659,9.7e-05,172.31.36.0-255,66,7770,17,291216
8660,0.000123,74.125.68.0-255,2902,10672,17,291216
8661,0.000126,172.31.36.0-255,66,10738,17,291216
8662,0.000169,74.125.68.0-255,6088,16826,17,291216
8663,0.000172,172.31.36.0-255,66,16892,17,291216
8664,0.000262,74.125.68.0-255,2902,19794,17,291216
8665,0.000266,172.31.36.0-255,66,19860,17,291216
8666,0.000311,74.125.68.0-255,4320,24180,17,291216
8667,0.000315,172.31.36.0-255,66,24246,17,291216
8668,0.000343,74.125.68.0-255,6797,31043,17,291216
8669,0.000346,172.31.36.0-255,66,31109,17,291216
8670,0.000512,172.31.36.0-255,66,31175,17,291216
8671,0.000546,74.125.68.0-255,4320,35495,17,291216
8672,0.000549,172.31.36.0-255,66,35561,17,291216
8673,0.000741,74.125.68.0-255,7156,42717,17,291216
8674,0.000746,172.31.36.0-255,66,42783,17,291216
8675,0.000776,74.125.68.0-255,3961,46744,17,291216
8676,0.000779,172.31.36.0-255,66,46810,17,291216
8677,0.000914,74.125.68.0-255,4320,51130,17,291216
8678,0.00092,172.31.36.0-255,66,51196,17,291216
8679,0.00093,74.125.68.0-255,4307,55503,17,291216
8680,0.000936,172.31.36.0-255,66,55569,17,291216
8681,0.001075,172.31.36.0-255,66,55635,17,291216
8682,0.001118,172.31.36.0-255,66,55701,17,291216
8683,0.001358,172.31.36.0-255,66,55767,17,291216
8684,0.001405,172.31.36.0-255,66,55833,17,291216
8685,0.001635,74.125.68.0-255,1484,57317,17,291216
8686,0.001643,74.125.68.0-255,1484,58801,17,291216
8687,0.001646,172.31.36.0-255,66,58867,17,291216
8688,0.001674,74.125.68.0-255,1484,60351,17,291216
8689,0.001708,74.125.68.0-255,4320,64671,17,291216
8690,0.001721,74.125.68.0-255,1484,66155,17,291216
8691,0.001799,74.125.68.0-255,1484,67639,17,291216
8692,0.008004,172.31.36.0-255,66,67705,17,291216
8693,0.010283,74.125.68.0-255,5738,73443,17,291216
8694,0.01029,172.31.36.0-255,66,73509,17,291216
8695,0.012594,74.125.68.0-255,5738,79247,17,291216
8696,0.015895,172.31.36.0-255,66,79313,17,291216
8697,0.018169,74.125.68.0-255,5738,85051,17,291216
8698,0.01818,172.31.36.0-255,66,85117,17,291216
8699,0.020452,74.125.68.0-255,5738,90855,17,291216
8700,0.020462,172.31.36.0-255,66,90921,17,291216
8701,0.022735,74.125.68.0-255,5738,96659,17,291216
8702,0.022742,172.31.36.0-255,66,96725,17,291216
8703,0.025009,74.125.68.0-255,4320,101045,17,291216
8704,0.025015,172.31.36.0-255,66,101111,17,291216
8705,0.025044,74.125.68.0-255,1484,102595,17,291216
8706,0.025991,172.31.36.0-255,172,102767,17,291216
8707,0.026022,172.31.36.0-255,1119,103886,17,291216
8708,0.026086,172.31.36.0-255,1514,105400,17,291216
8709,0.026088,172.31.36.0-255,1308,106708,17,291216
8710,0.027277,74.125.68.0-255,4320,111028,17,291216
8711,0.027284,172.31.36.0-255,66,111094,17,291216
8712,0.027532,104.244.42.0-255,66,111160,17,291216
8713,0.027554,104.244.42.0-255,66,111226,17,291216
8714,0.027656,104.244.42.0-255,66,111292,17,291216
8715,0.029549,74.125.68.0-255,5738,117030,17,291216
8716,0.029596,172.31.36.0-255,66,117096,17,291216
8717,0.031888,74.125.68.0-255,5738,122834,17,291216
8718,0.031895,172.31.36.0-255,66,122900,17,291216
8719,0.034162,74.125.68.0-255,5738,128638,17,291216
8720,0.034169,172.31.36.0-255,66,128704,17,291216
8721,0.036434,74.125.68.0-255,5738,134442,17,291216
8722,0.036441,172.31.36.0-255,66,134508,17,291216
8723,0.038711,74.125.68.0-255,5738,140246,17,291216
8724,0.038718,172.31.36.0-255,66,140312,17,291216
8725,0.040996,74.125.68.0-255,5738,146050,17,291216
8726,0.041002,172.31.36.0-255,66,146116,17,291216
8727,0.043266,74.125.68.0-255,5738,151854,17,291216
8728,0.043271,172.31.36.0-255,66,151920,17,291216
8729,0.04553,74.125.68.0-255,5738,157658,17,291216
8730,0.045536,172.31.36.0-255,66,157724,17,291216
8731,0.04781,74.125.68.0-255,5738,163462,17,291216
8732,0.047816,172.31.36.0-255,66,163528,17,291216
8733,0.050088,74.125.68.0-255,5738,169266,17,291216
8734,0.050095,172.31.36.0-255,66,169332,17,291216
8735,0.052375,74.125.68.0-255,5738,175070,17,291216
8736,0.052381,172.31.36.0-255,66,175136,17,291216
8737,0.054655,74.125.68.0-255,5738,180874,17,291216
8738,0.05466,172.31.36.0-255,66,180940,17,291216
8739,0.056948,74.125.68.0-255,5738,186678,17,291216
8740,0.056955,172.31.36.0-255,66,186744,17,291216
8741,0.059246,74.125.68.0-255,5738,192482,17,291216
8742,0.059253,172.31.36.0-255,66,192548,17,291216
8743,0.061524,74.125.68.0-255,5738,198286,17,291216
8744,0.06153,172.31.36.0-255,66,198352,17,291216
8745,0.063797,74.125.68.0-255,5738,204090,17,291216
8746,0.063804,172.31.36.0-255,66,204156,17,291216
8747,0.06608,74.125.68.0-255,5738,209894,17,291216
8748,0.066086,172.31.36.0-255,66,209960,17,291216
8749,0.068352,74.125.68.0-255,5738,215698,17,291216
8750,0.06836,172.31.36.0-255,66,215764,17,291216
8751,0.070635,74.125.68.0-255,5738,221502,17,291216
8752,0.070641,172.31.36.0-255,66,221568,17,291216
8753,0.072907,74.125.68.0-255,5738,227306,17,291216
8754,0.072913,172.31.36.0-255,66,227372,17,291216
8755,0.075197,74.125.68.0-255,5738,233110,17,291216
8756,0.075203,172.31.36.0-255,66,233176,17,291216
8757,0.077469,74.125.68.0-255,5738,238914,17,291216
8758,0.077474,172.31.36.0-255,66,238980,17,291216
8759,0.079768,74.125.68.0-255,5738,244718,17,291216
8760,0.079774,172.31.36.0-255,66,244784,17,291216
8761,0.082044,74.125.68.0-255,5738,250522,17,291216
8762,0.082049,172.31.36.0-255,66,250588,17,291216
8763,0.084327,74.125.68.0-255,5738,256326,17,291216
8764,0.084332,172.31.36.0-255,66,256392,17,291216
8765,0.08662,74.125.68.0-255,5738,262130,17,291216
8766,0.086625,172.31.36.0-255,66,262196,17,291216
8767,0.088923,74.125.68.0-255,5738,267934,17,291216
8768,0.08893,172.31.36.0-255,66,268000,17,291216
8769,0.091208,74.125.68.0-255,5738,273738,17,291216
8770,0.091213,172.31.36.0-255,66,273804,17,291216
8771,0.093493,74.125.68.0-255,5738,279542,17,291216
8772,0.093499,172.31.36.0-255,66,279608,17,291216
8773,0.095767,74.125.68.0-255,5738,285346,17,291216
8774,0.095773,172.31.36.0-255,66,285412,17,291216
8775,0.098036,74.125.68.0-255,5738,291150,17,291216
8776,0.098043,172.31.36.0-255,66,291216,17,291216
8777,0.0,74.125.24.0-255,146,146,17,268833
8778,2.7e-05,172.31.36.0-255,66,212,17,268833
8779,3.4e-05,74.125.24.0-255,1484,1696,17,268833
8780,3.9e-05,172.31.36.0-255,66,1762,17,268833
8781,4.2e-05,74.125.24.0-255,1484,3246,17,268833
8782,4.5e-05,172.31.36.0-255,66,3312,17,268833
8783,7.6e-05,74.125.24.0-255,1484,4796,17,268833
8784,7.9e-05,172.31.36.0-255,66,4862,17,268833
8785,0.00011,74.125.24.0-255,5738,10600,17,268833
8786,0.000113,172.31.36.0-255,66,10666,17,268833
8787,0.000222,74.125.24.0-255,3394,14060,17,268833
8788,0.000226,172.31.36.0-255,66,14126,17,268833
8789,0.000313,74.125.24.0-255,1484,15610,17,268833
8790,0.000318,172.31.36.0-255,66,15676,17,268833
8791,0.000324,74.125.24.0-255,2902,18578,17,268833
8792,0.000327,172.31.36.0-255,66,18644,17,268833
8793,0.000391,74.125.24.0-255,1484,20128,17,268833
8794,0.000396,172.31.36.0-255,66,20194,17,268833
8795,0.000432,74.125.24.0-255,4320,24514,17,268833
8796,0.000437,172.31.36.0-255,66,24580,17,268833
8797,0.000546,74.125.24.0-255,5738,30318,17,268833
8798,0.000551,172.31.36.0-255,66,30384,17,268833
8799,0.000589,172.31.36.0-255,66,30450,17,268833
8800,0.000833,74.125.24.0-255,5738,36188,17,268833
8801,0.000838,172.31.36.0-255,66,36254,17,268833
8802,0.000868,74.125.24.0-255,4320,40574,17,268833
8803,0.000871,172.31.36.0-255,66,40640,17,268833
8804,0.001047,74.125.24.0-255,5738,46378,17,268833
8805,0.001054,172.31.36.0-255,66,46444,17,268833
8806,0.001095,172.31.36.0-255,66,46510,17,268833
8807,0.001393,74.125.24.0-255,397,46907,17,268833
8808,0.001398,172.31.36.0-255,66,46973,17,268833
8809,0.001402,74.125.24.0-255,377,47350,17,268833
8810,0.001404,172.31.36.0-255,66,47416,17,268833
8811,0.001438,74.125.24.0-255,7156,54572,17,268833
8812,0.001441,172.31.36.0-255,66,54638,17,268833
8813,0.001477,172.31.36.0-255,66,54704,17,268833
8814,0.001899,74.125.24.0-255,4320,59024,17,268833
8815,0.001902,172.31.36.0-255,66,59090,17,268833
8816,0.001937,172.31.36.0-255,66,59156,17,268833
8817,0.002165,74.125.24.0-255,2902,62058,17,268833
8818,0.002168,172.31.36.0-255,66,62124,17,268833
8819,0.002217,172.31.36.0-255,66,62190,17,268833
8820,0.002917,74.125.24.0-255,4320,66510,17,268833
8821,0.002922,172.31.36.0-255,66,66576,17,268833
8822,0.002968,172.31.36.0-255,66,66642,17,268833
8823,0.003,172.31.36.0-255,66,66708,17,268833
8824,0.003923,172.31.36.0-255,66,66774,17,268833
8825,0.003949,172.31.36.0-255,66,66840,17,268833
8826,0.004028,172.31.36.0-255,66,66906,17,268833
8827,0.004054,172.31.36.0-255,66,66972,17,268833
8828,0.006623,74.125.24.0-255,5738,72710,17,268833
8829,0.00663,172.31.36.0-255,66,72776,17,268833
8830,0.009243,74.125.24.0-255,5738,78514,17,268833
8831,0.009253,172.31.36.0-255,66,78580,17,268833
8832,0.011887,74.125.24.0-255,4320,82900,17,268833
8833,0.011897,172.31.36.0-255,66,82966,17,268833
8834,0.011938,74.125.24.0-255,1484,84450,17,268833
8835,0.011942,172.31.36.0-255,66,84516,17,268833
8836,0.01448,74.125.24.0-255,4320,88836,17,268833
8837,0.01449,172.31.36.0-255,66,88902,17,268833
8838,0.014533,74.125.24.0-255,1484,90386,17,268833
8839,0.017098,74.125.24.0-255,4320,94706,17,268833
8840,0.017106,172.31.36.0-255,66,94772,17,268833
8841,0.019695,74.125.24.0-255,5738,100510,17,268833
8842,0.019702,172.31.36.0-255,66,100576,17,268833
8843,0.022284,74.125.24.0-255,5738,106314,17,268833
8844,0.022294,172.31.36.0-255,66,106380,17,268833
8845,0.024887,74.125.24.0-255,5738,112118,17,268833
8846,0.024894,172.31.36.0-255,66,112184,17,268833
8847,0.025856,172.31.36.0-255,172,112356,17,268833
8848,0.025885,172.31.36.0-255,1119,113475,17,268833
8849,0.025986,172.31.36.0-255,1514,114989,17,268833
8850,0.025989,172.31.36.0-255,1269,116258,17,268833
8851,0.027399,104.244.42.0-255,66,116324,17,268833
8852,0.027439,104.244.42.0-255,66,116390,17,268833
8853,0.027477,74.125.24.0-255,5738,122128,17,268833
8854,0.027481,172.31.36.0-255,66,122194,17,268833
8855,0.027519,104.244.42.0-255,66,122260,17,268833
8856,0.030065,74.125.24.0-255,5738,127998,17,268833
8857,0.03007,172.31.36.0-255,66,128064,17,268833
8858,0.032641,74.125.24.0-255,2902,130966,17,268833
8859,0.032646,172.31.36.0-255,66,131032,17,268833
8860,0.032674,74.125.24.0-255,2902,133934,17,268833
8861,0.032677,172.31.36.0-255,66,134000,17,268833
8862,0.035217,74.125.24.0-255,2902,136902,17,268833
8863,0.035222,172.31.36.0-255,66,136968,17,268833
8864,0.03526,74.125.24.0-255,2902,139870,17,268833
8865,0.035263,172.31.36.0-255,66,139936,17,268833
8866,0.037839,74.125.24.0-255,5738,145674,17,268833
8867,0.037845,172.31.36.0-255,66,145740,17,268833
8868,0.040435,74.125.24.0-255,5738,151478,17,268833
8869,0.040442,172.31.36.0-255,66,151544,17,268833
8870,0.043016,74.125.24.0-255,4320,155864,17,268833
8871,0.043022,172.31.36.0-255,66,155930,17,268833
8872,0.043058,74.125.24.0-255,1484,157414,17,268833
8873,0.045637,74.125.24.0-255,4320,161734,17,268833
8874,0.045646,172.31.36.0-255,66,161800,17,268833
8875,0.048242,74.125.24.0-255,2902,164702,17,268833
8876,0.04825,172.31.36.0-255,66,164768,17,268833
8877,0.048285,74.125.24.0-255,2902,167670,17,268833
8878,0.048289,172.31.36.0-255,66,167736,17,268833
8879,0.050816,74.125.24.0-255,2902,170638,17,268833
8880,0.050823,172.31.36.0-255,66,170704,17,268833
8881,0.050851,74.125.24.0-255,2902,173606,17,268833
8882,0.050855,172.31.36.0-255,66,173672,17,268833
8883,0.0534,74.125.24.0-255,2902,176574,17,268833
8884,0.053406,172.31.36.0-255,66,176640,17,268833
8885,0.053437,74.125.24.0-255,2902,179542,17,268833
8886,0.05344,172.31.36.0-255,66,179608,17,268833
8887,0.055977,74.125.24.0-255,2902,182510,17,268833
8888,0.055983,172.31.36.0-255,66,182576,17,268833
8889,0.056018,74.125.24.0-255,2902,185478,17,268833
8890,0.056022,172.31.36.0-255,66,185544,17,268833
8891,0.058575,74.125.24.0-255,5738,191282,17,268833
8892,0.058581,172.31.36.0-255,66,191348,17,268833
8893,0.061207,74.125.24.0-255,5738,197086,17,268833
8894,0.061215,172.31.36.0-255,66,197152,17,268833
8895,0.063789,74.125.24.0-255,5738,202890,17,268833
8896,0.063795,172.31.36.0-255,66,202956,17,268833
8897,0.066354,74.125.24.0-255,5738,208694,17,268833
8898,0.066361,172.31.36.0-255,66,208760,17,268833
8899,0.068938,74.125.24.0-255,5738,214498,17,268833
8900,0.068944,172.31.36.0-255,66,214564,17,268833
8901,0.071503,74.125.24.0-255,5738,220302,17,268833
8902,0.071509,172.31.36.0-255,66,220368,17,268833
8903,0.074083,74.125.24.0-255,2902,223270,17,268833
8904,0.074088,172.31.36.0-255,66,223336,17,268833
8905,0.074119,74.125.24.0-255,2902,226238,17,268833
8906,0.074123,172.31.36.0-255,66,226304,17,268833
8907,0.076664,74.125.24.0-255,2902,229206,17,268833
8908,0.076669,172.31.36.0-255,66,229272,17,268833
8909,0.07671,74.125.24.0-255,2902,232174,17,268833
8910,0.076714,172.31.36.0-255,66,232240,17,268833
8911,0.07923,74.125.24.0-255,2902,235142,17,268833
8912,0.079236,172.31.36.0-255,66,235208,17,268833
8913,0.07927,74.125.24.0-255,1484,236692,17,268833
8914,0.079291,74.125.24.0-255,1484,238176,17,268833
8915,0.079294,172.31.36.0-255,66,238242,17,268833
8916,0.081813,74.125.24.0-255,2902,241144,17,268833
8917,0.081817,172.31.36.0-255,66,241210,17,268833
8918,0.081918,74.125.24.0-255,2902,244112,17,268833
8919,0.081923,172.31.36.0-255,66,244178,17,268833
8920,0.084362,74.125.24.0-255,2902,247080,17,268833
8921,0.084368,172.31.36.0-255,66,247146,17,268833
8922,0.084564,74.125.24.0-255,2902,250048,17,268833
8923,0.08457,172.31.36.0-255,66,250114,17,268833
8924,0.086962,74.125.24.0-255,2902,253016,17,268833
8925,0.086968,172.31.36.0-255,66,253082,17,268833
8926,0.087139,74.125.24.0-255,2902,255984,17,268833
8927,0.087144,172.31.36.0-255,66,256050,17,268833
8928,0.089565,74.125.24.0-255,2902,258952,17,268833
8929,0.089571,172.31.36.0-255,66,259018,17,268833
8930,0.08969,74.125.24.0-255,2902,261920,17,268833
8931,0.089695,172.31.36.0-255,66,261986,17,268833
8932,0.092162,74.125.24.0-255,2902,264888,17,268833
8933,0.092167,172.31.36.0-255,66,264954,17,268833
8934,0.092246,74.125.24.0-255,2902,267856,17,268833
8935,0.092251,172.31.36.0-255,66,267922,17,268833
8936,0.094741,74.125.24.0-255,674,268596,17,268833
8937,0.094879,172.31.36.0-255,66,268662,17,268833
8938,0.094906,172.31.36.0-255,105,268767,17,268833
8939,0.097468,74.125.24.0-255,66,268833,17,268833
8940,0.0,172.217.27.0-255,152,152,17,378031
8941,3.6e-05,172.31.36.0-255,66,218,17,378031
8942,4.4e-05,172.217.27.0-255,1484,1702,17,378031
8943,4.9e-05,172.31.36.0-255,66,1768,17,378031
8944,5.3e-05,172.217.27.0-255,2902,4670,17,378031
8945,6.4e-05,172.31.36.0-255,66,4736,17,378031
8946,6.8e-05,172.217.27.0-255,2902,7638,17,378031
8947,7.1e-05,172.31.36.0-255,66,7704,17,378031
8948,7.5e-05,172.217.27.0-255,4320,12024,17,378031
8949,7.8e-05,172.31.36.0-255,66,12090,17,378031
8950,8.5e-05,172.217.27.0-255,7156,19246,17,378031
8951,8.8e-05,172.31.36.0-255,66,19312,17,378031
8952,0.000129,172.217.27.0-255,2057,21369,17,378031
8953,0.000132,172.31.36.0-255,66,21435,17,378031
8954,0.000148,172.31.36.0-255,66,21501,17,378031
8955,0.00015,172.217.27.0-255,1125,22626,17,378031
8956,0.000152,172.31.36.0-255,66,22692,17,378031
8957,0.000218,172.217.27.0-255,1484,24176,17,378031
8958,0.000223,172.31.36.0-255,66,24242,17,378031
8959,0.000229,172.217.27.0-255,2902,27144,17,378031
8960,0.000231,172.31.36.0-255,66,27210,17,378031
8961,0.000236,172.217.27.0-255,4320,31530,17,378031
8962,0.000238,172.31.36.0-255,66,31596,17,378031
8963,0.000268,172.217.27.0-255,1484,33080,17,378031
8964,0.00027,172.31.36.0-255,66,33146,17,378031
8965,0.000281,172.31.36.0-255,66,33212,17,378031
8966,0.000296,172.31.36.0-255,66,33278,17,378031
8967,0.0003,172.217.27.0-255,2902,36180,17,378031
8968,0.000302,172.31.36.0-255,66,36246,17,378031
8969,0.000307,172.217.27.0-255,4268,40514,17,378031
8970,0.000309,172.31.36.0-255,66,40580,17,378031
8971,0.000672,172.217.27.0-255,115,40695,17,378031
8972,0.000847,172.31.36.0-255,66,40761,17,378031
8973,0.000878,172.217.27.0-255,1484,42245,17,378031
8974,0.000883,172.217.27.0-255,1484,43729,17,378031
8975,0.000886,172.31.36.0-255,66,43795,17,378031
8976,0.000909,172.217.27.0-255,1484,45279,17,378031
8977,0.000916,172.217.27.0-255,5738,51017,17,378031
8978,0.000919,172.31.36.0-255,66,51083,17,378031
8979,0.000924,172.217.27.0-255,2902,53985,17,378031
8980,0.000926,172.31.36.0-255,66,54051,17,378031
8981,0.000952,172.217.27.0-255,3961,58012,17,378031
8982,0.000956,172.31.36.0-255,66,58078,17,378031
8983,0.000959,172.217.27.0-255,1484,59562,17,378031
8984,0.00099,172.31.36.0-255,66,59628,17,378031
8985,0.001019,172.217.27.0-255,5622,65250,17,378031
8986,0.001022,172.31.36.0-255,66,65316,17,378031
8987,0.001075,172.31.36.0-255,101,65417,17,378031
8988,0.001621,172.217.27.0-255,1484,66901,17,378031
8989,0.001633,172.217.27.0-255,2902,69803,17,378031
8990,0.001637,172.31.36.0-255,66,69869,17,378031
8991,0.001644,172.217.27.0-255,5738,75607,17,378031
8992,0.001646,172.31.36.0-255,66,75673,17,378031
8993,0.001688,172.217.27.0-255,4320,79993,17,378031
8994,0.001691,172.31.36.0-255,66,80059,17,378031
8995,0.001732,172.31.36.0-255,66,80125,17,378031
8996,0.00174,172.217.27.0-255,7156,87281,17,378031
8997,0.001742,172.31.36.0-255,66,87347,17,378031
8998,0.001754,172.217.27.0-255,3602,90949,17,378031
8999,0.001757,172.31.36.0-255,66,91015,17,378031
9000,0.002694,172.217.27.0-255,66,91081,17,378031
9001,0.003396,172.217.27.0-255,5738,96819,17,378031
9002,0.003402,172.31.36.0-255,66,96885,17,378031
9003,0.005057,172.217.27.0-255,5738,102623,17,378031
9004,0.005063,172.31.36.0-255,66,102689,17,378031
9005,0.006709,172.217.27.0-255,5738,108427,17,378031
9006,0.006712,172.31.36.0-255,66,108493,17,378031
9007,0.008366,172.217.27.0-255,5738,114231,17,378031
9008,0.008373,172.31.36.0-255,66,114297,17,378031
9009,0.010033,172.217.27.0-255,5738,120035,17,378031
9010,0.010041,172.31.36.0-255,66,120101,17,378031
9011,0.011699,172.217.27.0-255,5738,125839,17,378031
9012,0.011706,172.31.36.0-255,66,125905,17,378031
9013,0.013371,172.217.27.0-255,5738,131643,17,378031
9014,0.013379,172.31.36.0-255,66,131709,17,378031
9015,0.015029,172.217.27.0-255,5738,137447,17,378031
9016,0.015037,172.31.36.0-255,66,137513,17,378031
9017,0.016707,172.217.27.0-255,5738,143251,17,378031
9018,0.016714,172.31.36.0-255,66,143317,17,378031
9019,0.018366,172.217.27.0-255,5738,149055,17,378031
9020,0.018372,172.31.36.0-255,66,149121,17,378031
9021,0.020038,172.217.27.0-255,5738,154859,17,378031
9022,0.020045,172.31.36.0-255,66,154925,17,378031
9023,0.021695,172.217.27.0-255,5738,160663,17,378031
9024,0.021707,172.31.36.0-255,66,160729,17,378031
9025,0.023358,172.217.27.0-255,5738,166467,17,378031
9026,0.023365,172.31.36.0-255,66,166533,17,378031
9027,0.025013,172.217.27.0-255,5738,172271,17,378031
9028,0.025019,172.31.36.0-255,66,172337,17,378031
9029,0.026671,172.217.27.0-255,5738,178075,17,378031
9030,0.026677,172.31.36.0-255,66,178141,17,378031
9031,0.027585,172.31.36.0-255,172,178313,17,378031
9032,0.027615,172.31.36.0-255,1118,179431,17,378031
9033,0.02766,172.31.36.0-255,1514,180945,17,378031
9034,0.027661,172.31.36.0-255,1270,182215,17,378031
9035,0.028334,172.217.27.0-255,5738,187953,17,378031
9036,0.02834,172.31.36.0-255,66,188019,17,378031
9037,0.029116,104.244.42.0-255,66,188085,17,378031
9038,0.029161,104.244.42.0-255,66,188151,17,378031
9039,0.029207,104.244.42.0-255,66,188217,17,378031
9040,0.029985,172.217.27.0-255,5738,193955,17,378031
9041,0.02999,172.31.36.0-255,66,194021,17,378031
9042,0.031654,172.217.27.0-255,5738,199759,17,378031
9043,0.03166,172.31.36.0-255,66,199825,17,378031
9044,0.033322,172.217.27.0-255,5738,205563,17,378031
9045,0.033332,172.31.36.0-255,66,205629,17,378031
9046,0.03499,172.217.27.0-255,5738,211367,17,378031
9047,0.034997,172.31.36.0-255,66,211433,17,378031
9048,0.036649,172.217.27.0-255,5738,217171,17,378031
9049,0.036659,172.31.36.0-255,66,217237,17,378031
9050,0.038308,172.217.27.0-255,5738,222975,17,378031
9051,0.038314,172.31.36.0-255,66,223041,17,378031
9052,0.039965,172.217.27.0-255,5738,228779,17,378031
9053,0.039985,172.31.36.0-255,66,228845,17,378031
9054,0.041636,172.217.27.0-255,5738,234583,17,378031
9055,0.041643,172.31.36.0-255,66,234649,17,378031
9056,0.043294,172.217.27.0-255,5738,240387,17,378031
9057,0.0433,172.31.36.0-255,66,240453,17,378031
9058,0.044949,172.217.27.0-255,5738,246191,17,378031
9059,0.044954,172.31.36.0-255,66,246257,17,378031
9060,0.046606,172.217.27.0-255,5738,251995,17,378031
9061,0.046611,172.31.36.0-255,66,252061,17,378031
9062,0.048311,172.217.27.0-255,5738,257799,17,378031
9063,0.048317,172.31.36.0-255,66,257865,17,378031
9064,0.049994,172.217.27.0-255,5738,263603,17,378031
9065,0.050001,172.31.36.0-255,66,263669,17,378031
9066,0.051654,172.217.27.0-255,5738,269407,17,378031
9067,0.051661,172.31.36.0-255,66,269473,17,378031
9068,0.053319,172.217.27.0-255,5738,275211,17,378031
9069,0.053326,172.31.36.0-255,66,275277,17,378031
9070,0.054972,172.217.27.0-255,5738,281015,17,378031
9071,0.054979,172.31.36.0-255,66,281081,17,378031
9072,0.05663,172.217.27.0-255,5738,286819,17,378031
9073,0.056636,172.31.36.0-255,66,286885,17,378031
9074,0.058287,172.217.27.0-255,5738,292623,17,378031
9075,0.058295,172.31.36.0-255,66,292689,17,378031
9076,0.059943,172.217.27.0-255,5738,298427,17,378031
9077,0.059949,172.31.36.0-255,66,298493,17,378031
9078,0.061605,172.217.27.0-255,5738,304231,17,378031
9079,0.06161,172.31.36.0-255,66,304297,17,378031
9080,0.063262,172.217.27.0-255,5738,310035,17,378031
9081,0.063268,172.31.36.0-255,66,310101,17,378031
9082,0.064913,172.217.27.0-255,5738,315839,17,378031
9083,0.064918,172.31.36.0-255,66,315905,17,378031
9084,0.066566,172.217.27.0-255,5738,321643,17,378031
9085,0.066571,172.31.36.0-255,66,321709,17,378031
9086,0.068214,172.217.27.0-255,5738,327447,17,378031
9087,0.068219,172.31.36.0-255,66,327513,17,378031
9088,0.06987,172.217.27.0-255,5738,333251,17,378031
9089,0.069876,172.31.36.0-255,66,333317,17,378031
9090,0.071534,172.217.27.0-255,5738,339055,17,378031
9091,0.07154,172.31.36.0-255,66,339121,17,378031
9092,0.073196,172.217.27.0-255,5738,344859,17,378031
9093,0.073202,172.31.36.0-255,66,344925,17,378031
9094,0.074847,172.217.27.0-255,5738,350663,17,378031
9095,0.074853,172.31.36.0-255,66,350729,17,378031
9096,0.07652,172.217.27.0-255,5738,356467,17,378031
9097,0.076526,172.31.36.0-255,66,356533,17,378031
9098,0.078212,172.217.27.0-255,5738,362271,17,378031
9099,0.078219,172.31.36.0-255,66,362337,17,378031
9100,0.079893,172.217.27.0-255,5738,368075,17,378031
9101,0.079903,172.31.36.0-255,66,368141,17,378031
9102,0.081553,172.217.27.0-255,5738,373879,17,378031
9103,0.081558,172.31.36.0-255,66,373945,17,378031
9104,0.08321,172.217.27.0-255,3849,377794,17,378031
9105,0.083215,172.31.36.0-255,66,377860,17,378031
9106,0.083412,172.31.36.0-255,105,377965,17,378031
9107,0.089003,172.217.27.0-255,66,378031,17,378031
9108,0.0,74.125.68.0-255,152,152,17,362924
9109,2.4e-05,172.31.36.0-255,66,218,17,362924
9110,3e-05,74.125.68.0-255,1484,1702,17,362924
9111,3.5e-05,172.31.36.0-255,66,1768,17,362924
9112,4.1e-05,74.125.68.0-255,2902,4670,17,362924
9113,4.6e-05,172.31.36.0-255,66,4736,17,362924
9114,5.4e-05,74.125.68.0-255,7156,11892,17,362924
9115,5.7e-05,172.31.36.0-255,66,11958,17,362924
9116,6.2e-05,74.125.68.0-255,2087,14045,17,362924
9117,6.4e-05,172.31.36.0-255,66,14111,17,362924
9118,0.000113,74.125.68.0-255,1484,15595,17,362924
9119,0.000116,172.31.36.0-255,66,15661,17,362924
9120,0.000121,74.125.68.0-255,2902,18563,17,362924
9121,0.000123,172.31.36.0-255,66,18629,17,362924
9122,0.000151,74.125.68.0-255,5738,24367,17,362924
9123,0.000154,172.31.36.0-255,66,24433,17,362924
9124,0.00016,74.125.68.0-255,4320,28753,17,362924
9125,0.000163,172.31.36.0-255,66,28819,17,362924
9126,0.000185,74.125.68.0-255,2543,31362,17,362924
9127,0.000188,172.31.36.0-255,66,31428,17,362924
9128,0.000262,74.125.68.0-255,1484,32912,17,362924
9129,0.000266,172.31.36.0-255,66,32978,17,362924
9130,0.000286,74.125.68.0-255,2902,35880,17,362924
9131,0.000289,172.31.36.0-255,66,35946,17,362924
9132,0.000306,74.125.68.0-255,1484,37430,17,362924
9133,0.000308,172.31.36.0-255,66,37496,17,362924
9134,0.000327,74.125.68.0-255,2902,40398,17,362924
9135,0.000329,172.31.36.0-255,66,40464,17,362924
9136,0.000336,74.125.68.0-255,5738,46202,17,362924
9137,0.000338,172.31.36.0-255,66,46268,17,362924
9138,0.000362,74.125.68.0-255,2902,49170,17,362924
9139,0.000364,172.31.36.0-255,66,49236,17,362924
9140,0.000384,74.125.68.0-255,6797,56033,17,362924
9141,0.000414,74.125.68.0-255,5738,61771,17,362924
9142,0.00043,74.125.68.0-255,4232,66003,17,362924
9143,0.000527,172.31.36.0-255,66,66069,17,362924
9144,0.000696,74.125.68.0-255,383,66452,17,362924
9145,0.000787,74.125.68.0-255,1484,67936,17,362924
9146,0.000804,74.125.68.0-255,2902,70838,17,362924
9147,0.000807,74.125.68.0-255,1484,72322,17,362924
9148,0.000812,172.31.36.0-255,66,72388,17,362924
9149,0.000823,74.125.68.0-255,2902,75290,17,362924
9150,0.000839,74.125.68.0-255,5738,81028,17,362924
9151,0.000858,172.31.36.0-255,66,81094,17,362924
9152,0.000871,74.125.68.0-255,6797,87891,17,362924
9153,0.000898,74.125.68.0-255,7156,95047,17,362924
9154,0.000903,172.31.36.0-255,66,95113,17,362924
9155,0.000924,74.125.68.0-255,5379,100492,17,362924
9156,0.000936,172.31.36.0-255,66,100558,17,362924
9157,0.001066,74.125.68.0-255,1484,102042,17,362924
9158,0.001088,74.125.68.0-255,2902,104944,17,362924
9159,0.001091,172.31.36.0-255,66,105010,17,362924
9160,0.001099,74.125.68.0-255,5738,110748,17,362924
9161,0.001109,172.31.36.0-255,66,110814,17,362924
9162,0.001147,74.125.68.0-255,2902,113716,17,362924
9163,0.001153,74.125.68.0-255,5738,119454,17,362924
9164,0.001159,172.31.36.0-255,66,119520,17,362924
9165,0.001179,74.125.68.0-255,6438,125958,17,362924
9166,0.001195,172.31.36.0-255,66,126024,17,362924
9167,0.001202,74.125.68.0-255,1484,127508,17,362924
9168,0.001217,74.125.68.0-255,2902,130410,17,362924
9169,0.00123,74.125.68.0-255,4320,134730,17,362924
9170,0.001244,172.31.36.0-255,66,134796,17,362924
9171,0.001282,74.125.68.0-255,7156,141952,17,362924
9172,0.001285,74.125.68.0-255,1484,143436,17,362924
9173,0.001308,74.125.68.0-255,7156,150592,17,362924
9174,0.001311,74.125.68.0-255,766,151358,17,362924
9175,0.001318,172.31.36.0-255,66,151424,17,362924
9176,0.001368,74.125.68.0-255,1484,152908,17,362924
9177,0.001383,74.125.68.0-255,2902,155810,17,362924
9178,0.001393,172.31.36.0-255,66,155876,17,362924
9179,0.001398,74.125.68.0-255,4320,160196,17,362924
9180,0.001403,172.31.36.0-255,66,160262,17,362924
9181,0.001411,74.125.68.0-255,1484,161746,17,362924
9182,0.001438,74.125.68.0-255,1484,163230,17,362924
9183,0.001442,172.31.36.0-255,66,163296,17,362924
9184,0.001475,74.125.68.0-255,5020,168316,17,362924
9185,0.001484,172.31.36.0-255,66,168382,17,362924
9186,0.001532,74.125.68.0-255,1484,169866,17,362924
9187,0.001546,74.125.68.0-255,2902,172768,17,362924
9188,0.001571,74.125.68.0-255,5738,178506,17,362924
9189,0.001576,74.125.68.0-255,4320,182826,17,362924
9190,0.00159,74.125.68.0-255,5738,188564,17,362924
9191,0.001597,172.31.36.0-255,66,188630,17,362924
9192,0.001621,74.125.68.0-255,7156,195786,17,362924
9193,0.001638,74.125.68.0-255,4320,200106,17,362924
9194,0.001641,74.125.68.0-255,2184,202290,17,362924
9195,0.001649,172.31.36.0-255,66,202356,17,362924
9196,0.001675,74.125.68.0-255,1484,203840,17,362924
9197,0.001688,74.125.68.0-255,2902,206742,17,362924
9198,0.001712,172.31.36.0-255,66,206808,17,362924
9199,0.001719,74.125.68.0-255,5738,212546,17,362924
9200,0.001758,172.31.36.0-255,66,212612,17,362924
9201,0.001775,74.125.68.0-255,7156,219768,17,362924
9202,0.001817,172.31.36.0-255,66,219834,17,362924
9203,0.002042,172.31.36.0-255,101,219935,17,362924
9204,0.002264,74.125.68.0-255,1484,221419,17,362924
9205,0.002281,74.125.68.0-255,2902,224321,17,362924
9206,0.002285,172.31.36.0-255,66,224387,17,362924
9207,0.002308,74.125.68.0-255,4320,228707,17,362924
9208,0.002318,172.31.36.0-255,66,228773,17,362924
9209,0.002338,74.125.68.0-255,4320,233093,17,362924
9210,0.002354,74.125.68.0-255,1484,234577,17,362924
9211,0.00236,74.125.68.0-255,5738,240315,17,362924
9212,0.002373,74.125.68.0-255,1484,241799,17,362924
9213,0.002377,172.31.36.0-255,66,241865,17,362924
9214,0.002393,74.125.68.0-255,3602,245467,17,362924
9215,0.002417,172.31.36.0-255,66,245533,17,362924
9216,0.00249,74.125.68.0-255,1484,247017,17,362924
9217,0.002494,74.125.68.0-255,1484,248501,17,362924
9218,0.002497,172.31.36.0-255,66,248567,17,362924
9219,0.002514,74.125.68.0-255,1484,250051,17,362924
9220,0.002518,74.125.68.0-255,2902,252953,17,362924
9221,0.002523,172.31.36.0-255,66,253019,17,362924
9222,0.002536,74.125.68.0-255,2902,255921,17,362924
9223,0.002543,74.125.68.0-255,5738,261659,17,362924
9224,0.002552,172.31.36.0-255,66,261725,17,362924
9225,0.002562,74.125.68.0-255,2902,264627,17,362924
9226,0.002566,74.125.68.0-255,4320,268947,17,362924
9227,0.002571,172.31.36.0-255,66,269013,17,362924
9228,0.002594,74.125.68.0-255,5738,274751,17,362924
9229,0.002598,172.31.36.0-255,66,274817,17,362924
9230,0.004565,74.125.68.0-255,66,274883,17,362924
9231,0.005143,74.125.68.0-255,5738,280621,17,362924
9232,0.005149,172.31.36.0-255,66,280687,17,362924
9233,0.007703,74.125.68.0-255,4320,285007,17,362924
9234,0.007718,74.125.68.0-255,1484,286491,17,362924
9235,0.009681,172.31.36.0-255,66,286557,17,362924
9236,0.012241,74.125.68.0-255,5738,292295,17,362924
9237,0.012249,172.31.36.0-255,66,292361,17,362924
9238,0.014832,74.125.68.0-255,5738,298099,17,362924
9239,0.018528,172.31.36.0-255,66,298165,17,362924
9240,0.021096,74.125.68.0-255,5738,303903,17,362924
9241,0.021109,172.31.36.0-255,66,303969,17,362924
9242,0.02368,74.125.68.0-255,5738,309707,17,362924
9243,0.023691,172.31.36.0-255,66,309773,17,362924
9244,0.02625,74.125.68.0-255,5738,315511,17,362924
9245,0.026257,172.31.36.0-255,66,315577,17,362924
9246,0.028823,74.125.68.0-255,5738,321315,17,362924
9247,0.029764,172.31.36.0-255,66,321381,17,362924
9248,0.032327,74.125.68.0-255,5738,327119,17,362924
9249,0.032336,172.31.36.0-255,66,327185,17,362924
9250,0.034878,74.125.68.0-255,5738,332923,17,362924
9251,0.034884,172.31.36.0-255,66,332989,17,362924
9252,0.036382,172.31.36.0-255,172,333161,17,362924
9253,0.036415,172.31.36.0-255,1117,334278,17,362924
9254,0.036472,172.31.36.0-255,1514,335792,17,362924
9255,0.036473,172.31.36.0-255,1271,337063,17,362924
9256,0.037442,74.125.68.0-255,5738,342801,17,362924
9257,0.037449,172.31.36.0-255,66,342867,17,362924
9258,0.037967,104.244.42.0-255,66,342933,17,362924
9259,0.037996,104.244.42.0-255,66,342999,17,362924
9260,0.038039,104.244.42.0-255,66,343065,17,362924
9261,0.040022,74.125.68.0-255,5738,348803,17,362924
9262,0.040027,172.31.36.0-255,66,348869,17,362924
9263,0.042577,74.125.68.0-255,5738,354607,17,362924
9264,0.042584,172.31.36.0-255,66,354673,17,362924
9265,0.045147,74.125.68.0-255,5738,360411,17,362924
9266,0.045155,172.31.36.0-255,66,360477,17,362924
9267,0.047706,74.125.68.0-255,2210,362687,17,362924
9268,0.047713,172.31.36.0-255,66,362753,17,362924
9269,0.047878,172.31.36.0-255,105,362858,17,362924
9270,0.055572,74.125.68.0-255,66,362924,17,362924
9271,0.0,74.125.68.0-255,153,153,17,390344
9272,2.3e-05,172.31.36.0-255,66,219,17,390344
9273,3.1e-05,74.125.68.0-255,1484,1703,17,390344
9274,3.5e-05,172.31.36.0-255,66,1769,17,390344
9275,6.8e-05,74.125.68.0-255,2902,4671,17,390344
9276,7.1e-05,172.31.36.0-255,66,4737,17,390344
9277,7.4e-05,74.125.68.0-255,1484,6221,17,390344
9278,7.6e-05,172.31.36.0-255,66,6287,17,390344
9279,8e-05,74.125.68.0-255,1484,7771,17,390344
9280,8.3e-05,172.31.36.0-255,66,7837,17,390344
9281,0.000101,74.125.68.0-255,1484,9321,17,390344
9282,0.000104,172.31.36.0-255,66,9387,17,390344
9283,0.000147,74.125.68.0-255,4866,14253,17,390344
9284,0.000151,172.31.36.0-255,66,14319,17,390344
9285,0.000399,74.125.68.0-255,1484,15803,17,390344
9286,0.000405,172.31.36.0-255,66,15869,17,390344
9287,0.000422,74.125.68.0-255,2902,18771,17,390344
9288,0.000425,172.31.36.0-255,66,18837,17,390344
9289,0.000445,74.125.68.0-255,1484,20321,17,390344
9290,0.000448,172.31.36.0-255,66,20387,17,390344
9291,0.000475,74.125.68.0-255,2902,23289,17,390344
9292,0.000478,172.31.36.0-255,66,23355,17,390344
9293,0.000499,74.125.68.0-255,2902,26257,17,390344
9294,0.000502,172.31.36.0-255,66,26323,17,390344
9295,0.000541,74.125.68.0-255,1484,27807,17,390344
9296,0.000544,172.31.36.0-255,66,27873,17,390344
9297,0.000567,74.125.68.0-255,2902,30775,17,390344
9298,0.00057,172.31.36.0-255,66,30841,17,390344
9299,0.000573,74.125.68.0-255,1125,31966,17,390344
9300,0.000575,172.31.36.0-255,66,32032,17,390344
9301,0.000578,74.125.68.0-255,1484,33516,17,390344
9302,0.00058,172.31.36.0-255,66,33582,17,390344
9303,0.000602,74.125.68.0-255,4320,37902,17,390344
9304,0.000605,172.31.36.0-255,66,37968,17,390344
9305,0.000609,74.125.68.0-255,2902,40870,17,390344
9306,0.000611,172.31.36.0-255,66,40936,17,390344
9307,0.000629,74.125.68.0-255,2902,43838,17,390344
9308,0.000632,172.31.36.0-255,66,43904,17,390344
9309,0.000639,74.125.68.0-255,7156,51060,17,390344
9310,0.000641,172.31.36.0-255,66,51126,17,390344
9311,0.000648,74.125.68.0-255,7156,58282,17,390344
9312,0.00065,172.31.36.0-255,66,58348,17,390344
9313,0.00066,172.31.36.0-255,66,58414,17,390344
9314,0.000663,74.125.68.0-255,395,58809,17,390344
9315,0.00069,74.125.68.0-255,115,58924,17,390344
9316,0.00108,74.125.68.0-255,332,59256,17,390344
9317,0.001117,172.31.36.0-255,66,59322,17,390344
9318,0.001388,74.125.68.0-255,1484,60806,17,390344
9319,0.001414,74.125.68.0-255,2902,63708,17,390344
9320,0.001418,172.31.36.0-255,66,63774,17,390344
9321,0.001442,74.125.68.0-255,5738,69512,17,390344
9322,0.001444,172.31.36.0-255,66,69578,17,390344
9323,0.001449,74.125.68.0-255,2902,72480,17,390344
9324,0.001451,172.31.36.0-255,66,72546,17,390344
9325,0.001477,74.125.68.0-255,4320,76866,17,390344
9326,0.00148,172.31.36.0-255,66,76932,17,390344
9327,0.001495,74.125.68.0-255,1484,78416,17,390344
9328,0.001509,74.125.68.0-255,2902,81318,17,390344
9329,0.001511,172.31.36.0-255,66,81384,17,390344
9330,0.001552,74.125.68.0-255,5738,87122,17,390344
9331,0.001556,172.31.36.0-255,66,87188,17,390344
9332,0.00156,74.125.68.0-255,2902,90090,17,390344
9333,0.001562,172.31.36.0-255,66,90156,17,390344
9334,0.001624,74.125.68.0-255,3602,93758,17,390344
9335,0.001627,172.31.36.0-255,66,93824,17,390344
9336,0.002007,74.125.68.0-255,1484,95308,17,390344
9337,0.002022,74.125.68.0-255,1484,96792,17,390344
9338,0.002026,172.31.36.0-255,66,96858,17,390344
9339,0.002044,74.125.68.0-255,1484,98342,17,390344
9340,0.002047,74.125.68.0-255,1484,99826,17,390344
9341,0.002049,172.31.36.0-255,66,99892,17,390344
9342,0.002069,74.125.68.0-255,4320,104212,17,390344
9343,0.002071,172.31.36.0-255,66,104278,17,390344
9344,0.002075,74.125.68.0-255,1484,105762,17,390344
9345,0.002093,74.125.68.0-255,5738,111500,17,390344
9346,0.002095,172.31.36.0-255,66,111566,17,390344
9347,0.00211,74.125.68.0-255,1484,113050,17,390344
9348,0.002125,74.125.68.0-255,4320,117370,17,390344
9349,0.002128,172.31.36.0-255,66,117436,17,390344
9350,0.002143,74.125.68.0-255,1484,118920,17,390344
9351,0.004198,74.125.68.0-255,4320,123240,17,390344
9352,0.004202,172.31.36.0-255,66,123306,17,390344
9353,0.006267,74.125.68.0-255,1484,124790,17,390344
9354,0.006283,74.125.68.0-255,4320,129110,17,390344
9355,0.006286,172.31.36.0-255,66,129176,17,390344
9356,0.008378,74.125.68.0-255,5738,134914,17,390344
9357,0.008394,172.31.36.0-255,66,134980,17,390344
9358,0.010502,74.125.68.0-255,5738,140718,17,390344
9359,0.010517,172.31.36.0-255,66,140784,17,390344
9360,0.01262,74.125.68.0-255,5738,146522,17,390344
9361,0.012629,172.31.36.0-255,66,146588,17,390344
9362,0.014737,74.125.68.0-255,5738,152326,17,390344
9363,0.014747,172.31.36.0-255,66,152392,17,390344
9364,0.016859,74.125.68.0-255,4320,156712,17,390344
9365,0.016868,172.31.36.0-255,66,156778,17,390344
9366,0.016889,74.125.68.0-255,1484,158262,17,390344
9367,0.01897,74.125.68.0-255,4320,162582,17,390344
9368,0.018983,172.31.36.0-255,66,162648,17,390344
9369,0.021082,74.125.68.0-255,5738,168386,17,390344
9370,0.021093,172.31.36.0-255,66,168452,17,390344
9371,0.023192,74.125.68.0-255,5738,174190,17,390344
9372,0.0232,172.31.36.0-255,66,174256,17,390344
9373,0.02529,74.125.68.0-255,5738,179994,17,390344
9374,0.025297,172.31.36.0-255,66,180060,17,390344
9375,0.027418,74.125.68.0-255,5738,185798,17,390344
9376,0.027426,172.31.36.0-255,66,185864,17,390344
9377,0.027941,172.31.36.0-255,172,186036,17,390344
9378,0.027995,172.31.36.0-255,1118,187154,17,390344
9379,0.028071,172.31.36.0-255,1514,188668,17,390344
9380,0.028073,172.31.36.0-255,1514,190182,17,390344
9381,0.028077,172.31.36.0-255,1514,191696,17,390344
9382,0.028078,172.31.36.0-255,1048,192744,17,390344
9383,0.029526,104.244.42.0-255,66,192810,17,390344
9384,0.029563,104.244.42.0-255,66,192876,17,390344
9385,0.029583,74.125.68.0-255,5738,198614,17,390344
9386,0.029588,172.31.36.0-255,66,198680,17,390344
9387,0.029645,104.244.42.0-255,66,198746,17,390344
9388,0.02965,104.244.42.0-255,66,198812,17,390344
9389,0.031682,74.125.68.0-255,5738,204550,17,390344
9390,0.03169,172.31.36.0-255,66,204616,17,390344
9391,0.033788,74.125.68.0-255,5738,210354,17,390344
9392,0.033796,172.31.36.0-255,66,210420,17,390344
9393,0.035906,74.125.68.0-255,5738,216158,17,390344
9394,0.035917,172.31.36.0-255,66,216224,17,390344
9395,0.038004,74.125.68.0-255,5738,221962,17,390344
9396,0.038013,172.31.36.0-255,66,222028,17,390344
9397,0.040102,74.125.68.0-255,5738,227766,17,390344
9398,0.040109,172.31.36.0-255,66,227832,17,390344
9399,0.042219,74.125.68.0-255,5738,233570,17,390344
9400,0.042226,172.31.36.0-255,66,233636,17,390344
9401,0.044315,74.125.68.0-255,5738,239374,17,390344
9402,0.044322,172.31.36.0-255,66,239440,17,390344
9403,0.046418,74.125.68.0-255,5738,245178,17,390344
9404,0.046425,172.31.36.0-255,66,245244,17,390344
9405,0.048519,74.125.68.0-255,5738,250982,17,390344
9406,0.048526,172.31.36.0-255,66,251048,17,390344
9407,0.05061,74.125.68.0-255,5738,256786,17,390344
9408,0.050616,172.31.36.0-255,66,256852,17,390344
9409,0.052702,74.125.68.0-255,5738,262590,17,390344
9410,0.052709,172.31.36.0-255,66,262656,17,390344
9411,0.054824,74.125.68.0-255,5738,268394,17,390344
9412,0.054837,172.31.36.0-255,66,268460,17,390344
9413,0.056946,74.125.68.0-255,5738,274198,17,390344
9414,0.056953,172.31.36.0-255,66,274264,17,390344
9415,0.059042,74.125.68.0-255,5738,280002,17,390344
9416,0.059049,172.31.36.0-255,66,280068,17,390344
9417,0.06114,74.125.68.0-255,5738,285806,17,390344
9418,0.061146,172.31.36.0-255,66,285872,17,390344
9419,0.063229,74.125.68.0-255,5738,291610,17,390344
9420,0.063236,172.31.36.0-255,66,291676,17,390344
9421,0.065334,74.125.68.0-255,5738,297414,17,390344
9422,0.065341,172.31.36.0-255,66,297480,17,390344
9423,0.067431,74.125.68.0-255,5738,303218,17,390344
9424,0.067438,172.31.36.0-255,66,303284,17,390344
9425,0.069528,74.125.68.0-255,5738,309022,17,390344
9426,0.069534,172.31.36.0-255,66,309088,17,390344
9427,0.0717,74.125.68.0-255,5738,314826,17,390344
9428,0.071707,172.31.36.0-255,66,314892,17,390344
9429,0.0738,74.125.68.0-255,5738,320630,17,390344
9430,0.073806,172.31.36.0-255,66,320696,17,390344
9431,0.075899,74.125.68.0-255,5738,326434,17,390344
9432,0.075906,172.31.36.0-255,66,326500,17,390344
9433,0.077996,74.125.68.0-255,5738,332238,17,390344
9434,0.078004,172.31.36.0-255,66,332304,17,390344
9435,0.080103,74.125.68.0-255,5738,338042,17,390344
9436,0.08011,172.31.36.0-255,66,338108,17,390344
9437,0.082205,74.125.68.0-255,5738,343846,17,390344
9438,0.082213,172.31.36.0-255,66,343912,17,390344
9439,0.084318,74.125.68.0-255,5738,349650,17,390344
9440,0.084325,172.31.36.0-255,66,349716,17,390344
9441,0.08642,74.125.68.0-255,5738,355454,17,390344
9442,0.086431,172.31.36.0-255,66,355520,17,390344
9443,0.088537,74.125.68.0-255,5738,361258,17,390344
9444,0.088544,172.31.36.0-255,66,361324,17,390344
9445,0.090629,74.125.68.0-255,5738,367062,17,390344
9446,0.090636,172.31.36.0-255,66,367128,17,390344
9447,0.092722,74.125.68.0-255,5738,372866,17,390344
9448,0.092729,172.31.36.0-255,66,372932,17,390344
9449,0.094857,74.125.68.0-255,5738,378670,17,390344
9450,0.094863,172.31.36.0-255,66,378736,17,390344
9451,0.096944,74.125.68.0-255,5738,384474,17,390344
9452,0.096951,172.31.36.0-255,66,384540,17,390344
9453,0.099034,74.125.68.0-255,5738,390278,17,390344
9454,0.09904,172.31.36.0-255,66,390344,17,390344
9455,0.0,74.125.24.0-255,217,217,17,360779
9456,2.5e-05,172.31.36.0-255,66,283,17,360779
9457,3.2e-05,74.125.24.0-255,1484,1767,17,360779
9458,3.7e-05,172.31.36.0-255,66,1833,17,360779
9459,4.4e-05,74.125.24.0-255,4320,6153,17,360779
9460,4.8e-05,172.31.36.0-255,66,6219,17,360779
9461,5.6e-05,74.125.24.0-255,5738,11957,17,360779
9462,6e-05,172.31.36.0-255,66,12023,17,360779
9463,7.4e-05,74.125.24.0-255,1812,13835,17,360779
9464,7.7e-05,172.31.36.0-255,66,13901,17,360779
9465,0.000401,74.125.24.0-255,1484,15385,17,360779
9466,0.000407,172.31.36.0-255,66,15451,17,360779
9467,0.000414,74.125.24.0-255,2902,18353,17,360779
9468,0.000418,172.31.36.0-255,66,18419,17,360779
9469,0.000424,74.125.24.0-255,5738,24157,17,360779
9470,0.000426,172.31.36.0-255,66,24223,17,360779
9471,0.000464,74.125.24.0-255,6797,31020,17,360779
9472,0.000468,172.31.36.0-255,66,31086,17,360779
9473,0.000473,74.125.24.0-255,2902,33988,17,360779
9474,0.000475,172.31.36.0-255,66,34054,17,360779
9475,0.00049,74.125.24.0-255,4320,38374,17,360779
9476,0.000492,172.31.36.0-255,66,38440,17,360779
9477,0.000516,172.31.36.0-255,66,38506,17,360779
9478,0.000563,74.125.24.0-255,1484,39990,17,360779
9479,0.000567,172.31.36.0-255,66,40056,17,360779
9480,0.000572,74.125.24.0-255,2902,42958,17,360779
9481,0.000574,172.31.36.0-255,66,43024,17,360779
9482,0.000626,74.125.24.0-255,2902,45926,17,360779
9483,0.000631,172.31.36.0-255,66,45992,17,360779
9484,0.000637,74.125.24.0-255,4320,50312,17,360779
9485,0.000639,172.31.36.0-255,66,50378,17,360779
9486,0.000658,74.125.24.0-255,5379,55757,17,360779
9487,0.000664,172.31.36.0-255,66,55823,17,360779
9488,0.000681,74.125.24.0-255,368,56191,17,360779
9489,0.000878,74.125.24.0-255,130,56321,17,360779
9490,0.001078,74.125.24.0-255,1484,57805,17,360779
9491,0.001083,172.31.36.0-255,66,57871,17,360779
9492,0.001088,74.125.24.0-255,1484,59355,17,360779
9493,0.001101,74.125.24.0-255,1484,60839,17,360779
9494,0.001107,74.125.24.0-255,4320,65159,17,360779
9495,0.00112,74.125.24.0-255,2902,68061,17,360779
9496,0.001146,74.125.24.0-255,2902,70963,17,360779
9497,0.00116,172.31.36.0-255,66,71029,17,360779
9498,0.001183,74.125.24.0-255,2543,73572,17,360779
9499,0.001186,172.31.36.0-255,66,73638,17,360779
9500,0.001207,74.125.24.0-255,1484,75122,17,360779
9501,0.001214,172.31.36.0-255,66,75188,17,360779
9502,0.001225,74.125.24.0-255,6797,81985,17,360779
9503,0.00123,172.31.36.0-255,66,82051,17,360779
9504,0.002044,74.125.24.0-255,1484,83535,17,360779
9505,0.002055,74.125.24.0-255,2902,86437,17,360779
9506,0.002059,172.31.36.0-255,66,86503,17,360779
9507,0.002066,74.125.24.0-255,4320,90823,17,360779
9508,0.00208,74.125.24.0-255,1484,92307,17,360779
9509,0.005574,172.31.36.0-255,66,92373,17,360779
9510,0.00762,74.125.24.0-255,5738,98111,17,360779
9511,0.007626,172.31.36.0-255,66,98177,17,360779
9512,0.009655,74.125.24.0-255,5738,103915,17,360779
9513,0.009662,172.31.36.0-255,66,103981,17,360779
9514,0.011699,74.125.24.0-255,5738,109719,17,360779
9515,0.011917,172.31.36.0-255,66,109785,17,360779
9516,0.013961,74.125.24.0-255,5738,115523,17,360779
9517,0.013968,172.31.36.0-255,66,115589,17,360779
9518,0.01603,74.125.24.0-255,5738,121327,17,360779
9519,0.016043,172.31.36.0-255,66,121393,17,360779
9520,0.018077,74.125.24.0-255,5738,127131,17,360779
9521,0.018084,172.31.36.0-255,66,127197,17,360779
9522,0.020142,74.125.24.0-255,5738,132935,17,360779
9523,0.020146,172.31.36.0-255,66,133001,17,360779
9524,0.022202,74.125.24.0-255,5738,138739,17,360779
9525,0.02221,172.31.36.0-255,66,138805,17,360779
9526,0.024247,74.125.24.0-255,5738,144543,17,360779
9527,0.024255,172.31.36.0-255,66,144609,17,360779
9528,0.026322,74.125.24.0-255,5738,150347,17,360779
9529,0.02633,172.31.36.0-255,66,150413,17,360779
9530,0.02837,74.125.24.0-255,5738,156151,17,360779
9531,0.028378,172.31.36.0-255,66,156217,17,360779
9532,0.030401,74.125.24.0-255,5738,161955,17,360779
9533,0.030408,172.31.36.0-255,66,162021,17,360779
9534,0.030988,172.31.36.0-255,188,162209,17,360779
9535,0.031023,172.31.36.0-255,961,163170,17,360779
9536,0.031091,172.31.36.0-255,1514,164684,17,360779
9537,0.031093,172.31.36.0-255,1514,166198,17,360779
9538,0.031099,172.31.36.0-255,1514,167712,17,360779
9539,0.0311,172.31.36.0-255,1205,168917,17,360779
9540,0.032438,74.125.24.0-255,5738,174655,17,360779
9541,0.032447,172.31.36.0-255,66,174721,17,360779
9542,0.032538,104.244.42.0-255,66,174787,17,360779
9543,0.032621,104.244.42.0-255,66,174853,17,360779
9544,0.032646,104.244.42.0-255,66,174919,17,360779
9545,0.032651,104.244.42.0-255,66,174985,17,360779
9546,0.034557,74.125.24.0-255,5738,180723,17,360779
9547,0.034564,172.31.36.0-255,66,180789,17,360779
9548,0.036655,74.125.24.0-255,5738,186527,17,360779
9549,0.036677,172.31.36.0-255,66,186593,17,360779
9550,0.038745,74.125.24.0-255,5738,192331,17,360779
9551,0.038753,172.31.36.0-255,66,192397,17,360779
9552,0.040802,74.125.24.0-255,5738,198135,17,360779
9553,0.040809,172.31.36.0-255,66,198201,17,360779
9554,0.042858,74.125.24.0-255,5738,203939,17,360779
9555,0.042865,172.31.36.0-255,66,204005,17,360779
9556,0.044955,74.125.24.0-255,5738,209743,17,360779
9557,0.044962,172.31.36.0-255,66,209809,17,360779
9558,0.047017,74.125.24.0-255,5738,215547,17,360779
9559,0.047024,172.31.36.0-255,66,215613,17,360779
9560,0.04907,74.125.24.0-255,5738,221351,17,360779
9561,0.049078,172.31.36.0-255,66,221417,17,360779
9562,0.051126,74.125.24.0-255,5738,227155,17,360779
9563,0.051133,172.31.36.0-255,66,227221,17,360779
9564,0.053195,74.125.24.0-255,5738,232959,17,360779
9565,0.053202,172.31.36.0-255,66,233025,17,360779
9566,0.05526,74.125.24.0-255,5738,238763,17,360779
9567,0.055266,172.31.36.0-255,66,238829,17,360779
9568,0.057317,74.125.24.0-255,5738,244567,17,360779
9569,0.057322,172.31.36.0-255,66,244633,17,360779
9570,0.059361,74.125.24.0-255,5738,250371,17,360779
9571,0.059367,172.31.36.0-255,66,250437,17,360779
9572,0.061406,74.125.24.0-255,5738,256175,17,360779
9573,0.061412,172.31.36.0-255,66,256241,17,360779
9574,0.063439,74.125.24.0-255,5738,261979,17,360779
9575,0.063446,172.31.36.0-255,66,262045,17,360779
9576,0.065493,74.125.24.0-255,5738,267783,17,360779
9577,0.0655,172.31.36.0-255,66,267849,17,360779
9578,0.067525,74.125.24.0-255,5738,273587,17,360779
9579,0.06753,172.31.36.0-255,66,273653,17,360779
9580,0.069588,74.125.24.0-255,5738,279391,17,360779
9581,0.069594,172.31.36.0-255,66,279457,17,360779
9582,0.071619,74.125.24.0-255,5738,285195,17,360779
9583,0.071628,172.31.36.0-255,66,285261,17,360779
9584,0.073702,74.125.24.0-255,5738,290999,17,360779
9585,0.073709,172.31.36.0-255,66,291065,17,360779
9586,0.075779,74.125.24.0-255,5738,296803,17,360779
9587,0.075786,172.31.36.0-255,66,296869,17,360779
9588,0.077859,74.125.24.0-255,5738,302607,17,360779
9589,0.077868,172.31.36.0-255,66,302673,17,360779
9590,0.079914,74.125.24.0-255,5738,308411,17,360779
9591,0.079921,172.31.36.0-255,66,308477,17,360779
9592,0.081993,74.125.24.0-255,5738,314215,17,360779
9593,0.082001,172.31.36.0-255,66,314281,17,360779
9594,0.084055,74.125.24.0-255,5738,320019,17,360779
9595,0.084061,172.31.36.0-255,66,320085,17,360779
9596,0.086106,74.125.24.0-255,5738,325823,17,360779
9597,0.086113,172.31.36.0-255,66,325889,17,360779
9598,0.088156,74.125.24.0-255,5738,331627,17,360779
9599,0.088162,172.31.36.0-255,66,331693,17,360779
9600,0.090215,74.125.24.0-255,1484,333177,17,360779
9601,0.090234,74.125.24.0-255,4320,337497,17,360779
9602,0.09024,172.31.36.0-255,66,337563,17,360779
9603,0.092306,74.125.24.0-255,5738,343301,17,360779
9604,0.092313,172.31.36.0-255,66,343367,17,360779
9605,0.094378,74.125.24.0-255,5738,349105,17,360779
9606,0.094386,172.31.36.0-255,66,349171,17,360779
9607,0.096449,74.125.24.0-255,5738,354909,17,360779
9608,0.096457,172.31.36.0-255,66,354975,17,360779
9609,0.098508,74.125.24.0-255,5738,360713,17,360779
9610,0.098516,172.31.36.0-255,66,360779,17,360779
9611,0.0,74.125.130.0-255,146,146,17,319019
9612,2.5e-05,172.31.36.0-255,66,212,17,319019
9613,3.2e-05,74.125.130.0-255,1484,1696,17,319019
9614,3.7e-05,172.31.36.0-255,66,1762,17,319019
9615,4.2e-05,74.125.130.0-255,2902,4664,17,319019
9616,5.4e-05,172.31.36.0-255,66,4730,17,319019
9617,6e-05,74.125.130.0-255,4320,9050,17,319019
9618,6.3e-05,172.31.36.0-255,66,9116,17,319019
9619,9.5e-05,74.125.130.0-255,4891,14007,17,319019
9620,0.000102,172.31.36.0-255,66,14073,17,319019
9621,0.000129,74.125.130.0-255,1484,15557,17,319019
9622,0.000132,172.31.36.0-255,66,15623,17,319019
9623,0.000137,74.125.130.0-255,2902,18525,17,319019
9624,0.00014,172.31.36.0-255,66,18591,17,319019
9625,0.00017,74.125.130.0-255,5738,24329,17,319019
9626,0.000174,172.31.36.0-255,66,24395,17,319019
9627,0.000204,74.125.130.0-255,6797,31192,17,319019
9628,0.000207,172.31.36.0-255,66,31258,17,319019
9629,0.000214,74.125.130.0-255,7156,38414,17,319019
9630,0.000216,172.31.36.0-255,66,38480,17,319019
9631,0.000255,172.31.36.0-255,66,38546,17,319019
9632,0.000279,74.125.130.0-255,1484,40030,17,319019
9633,0.000281,172.31.36.0-255,66,40096,17,319019
9634,0.000298,74.125.130.0-255,2902,42998,17,319019
9635,0.000301,172.31.36.0-255,66,43064,17,319019
9636,0.000308,74.125.130.0-255,5738,48802,17,319019
9637,0.00031,172.31.36.0-255,66,48868,17,319019
9638,0.00034,74.125.130.0-255,6797,55665,17,319019
9639,0.000347,172.31.36.0-255,66,55731,17,319019
9640,0.000374,74.125.130.0-255,646,56377,17,319019
9641,0.000377,172.31.36.0-255,66,56443,17,319019
9642,0.00044,74.125.130.0-255,1484,57927,17,319019
9643,0.000447,74.125.130.0-255,2902,60829,17,319019
9644,0.00045,172.31.36.0-255,66,60895,17,319019
9645,0.000453,74.125.130.0-255,1484,62379,17,319019
9646,0.00048,74.125.130.0-255,4320,66699,17,319019
9647,0.000484,172.31.36.0-255,66,66765,17,319019
9648,0.000491,74.125.130.0-255,7156,73921,17,319019
9649,0.000494,172.31.36.0-255,66,73987,17,319019
9650,0.000537,74.125.130.0-255,6797,80784,17,319019
9651,0.00054,172.31.36.0-255,66,80850,17,319019
9652,0.000558,172.31.36.0-255,66,80916,17,319019
9653,0.000821,74.125.130.0-255,1484,82400,17,319019
9654,0.000829,74.125.130.0-255,2902,85302,17,319019
9655,0.000833,172.31.36.0-255,66,85368,17,319019
9656,0.000872,74.125.130.0-255,4320,89688,17,319019
9657,0.000876,172.31.36.0-255,66,89754,17,319019
9658,0.000905,74.125.130.0-255,1484,91238,17,319019
9659,0.000913,74.125.130.0-255,5738,96976,17,319019
9660,0.000916,172.31.36.0-255,66,97042,17,319019
9661,0.000923,74.125.130.0-255,7156,104198,17,319019
9662,0.000925,172.31.36.0-255,66,104264,17,319019
9663,0.000943,172.31.36.0-255,66,104330,17,319019
9664,0.001241,74.125.130.0-255,1484,105814,17,319019
9665,0.001247,74.125.130.0-255,2902,108716,17,319019
9666,0.001251,172.31.36.0-255,66,108782,17,319019
9667,0.001254,74.125.130.0-255,1484,110266,17,319019
9668,0.00128,74.125.130.0-255,1484,111750,17,319019
9669,0.001283,172.31.36.0-255,66,111816,17,319019
9670,0.001289,74.125.130.0-255,4320,116136,17,319019
9671,0.001291,172.31.36.0-255,66,116202,17,319019
9672,0.001307,172.31.36.0-255,66,116268,17,319019
9673,0.001312,74.125.130.0-255,4320,120588,17,319019
9674,0.001314,172.31.36.0-255,66,120654,17,319019
9675,0.00136,172.31.36.0-255,66,120720,17,319019
9676,0.001428,74.125.130.0-255,1484,122204,17,319019
9677,0.001433,74.125.130.0-255,1484,123688,17,319019
9678,0.001435,172.31.36.0-255,66,123754,17,319019
9679,0.001466,74.125.130.0-255,1484,125238,17,319019
9680,0.001473,74.125.130.0-255,5738,130976,17,319019
9681,0.001476,172.31.36.0-255,66,131042,17,319019
9682,0.001482,74.125.130.0-255,5738,136780,17,319019
9683,0.0015,172.31.36.0-255,66,136846,17,319019
9684,0.001507,74.125.130.0-255,7156,144002,17,319019
9685,0.00151,172.31.36.0-255,66,144068,17,319019
9686,0.001516,74.125.130.0-255,4320,148388,17,319019
9687,0.001519,172.31.36.0-255,66,148454,17,319019
9688,0.001555,74.125.130.0-255,6438,154892,17,319019
9689,0.001559,172.31.36.0-255,66,154958,17,319019
9690,0.001735,74.125.130.0-255,1484,156442,17,319019
9691,0.001741,74.125.130.0-255,2902,159344,17,319019
9692,0.001744,172.31.36.0-255,66,159410,17,319019
9693,0.001749,74.125.130.0-255,1484,160894,17,319019
9694,0.001775,74.125.130.0-255,4320,165214,17,319019
9695,0.001777,172.31.36.0-255,66,165280,17,319019
9696,0.001783,74.125.130.0-255,4320,169600,17,319019
9697,0.001785,172.31.36.0-255,66,169666,17,319019
9698,0.001804,172.31.36.0-255,66,169732,17,319019
9699,0.001842,74.125.130.0-255,4320,174052,17,319019
9700,0.001851,172.31.36.0-255,66,174118,17,319019
9701,0.001854,172.31.36.0-255,66,174184,17,319019
9702,0.001907,172.31.36.0-255,66,174250,17,319019
9703,0.001923,172.31.36.0-255,66,174316,17,319019
9704,0.001926,74.125.130.0-255,1484,175800,17,319019
9705,0.00195,74.125.130.0-255,2902,178702,17,319019
9706,0.001953,172.31.36.0-255,66,178768,17,319019
9707,0.001964,74.125.130.0-255,5738,184506,17,319019
9708,0.001967,172.31.36.0-255,66,184572,17,319019
9709,0.001974,74.125.130.0-255,7156,191728,17,319019
9710,0.001976,172.31.36.0-255,66,191794,17,319019
9711,0.002019,172.31.36.0-255,66,191860,17,319019
9712,0.002066,74.125.130.0-255,4320,196180,17,319019
9713,0.002068,172.31.36.0-255,66,196246,17,319019
9714,0.002096,74.125.130.0-255,5020,201266,17,319019
9715,0.002099,172.31.36.0-255,66,201332,17,319019
9716,0.002104,74.125.130.0-255,4320,205652,17,319019
9717,0.002107,172.31.36.0-255,66,205718,17,319019
9718,0.004107,74.125.130.0-255,5738,211456,17,319019
9719,0.004113,172.31.36.0-255,66,211522,17,319019
9720,0.006132,74.125.130.0-255,5738,217260,17,319019
9721,0.006139,172.31.36.0-255,66,217326,17,319019
9722,0.008142,74.125.130.0-255,2902,220228,17,319019
9723,0.008146,172.31.36.0-255,66,220294,17,319019
9724,0.008165,74.125.130.0-255,2902,223196,17,319019
9725,0.008167,172.31.36.0-255,66,223262,17,319019
9726,0.010152,74.125.130.0-255,4320,227582,17,319019
9727,0.010159,172.31.36.0-255,66,227648,17,319019
9728,0.010191,74.125.130.0-255,1484,229132,17,319019
9729,0.012175,74.125.130.0-255,4320,233452,17,319019
9730,0.012182,172.31.36.0-255,66,233518,17,319019
9731,0.014183,74.125.130.0-255,5738,239256,17,319019
9732,0.014191,172.31.36.0-255,66,239322,17,319019
9733,0.016207,74.125.130.0-255,5738,245060,17,319019
9734,0.016216,172.31.36.0-255,66,245126,17,319019
9735,0.018233,74.125.130.0-255,5738,250864,17,319019
9736,0.018241,172.31.36.0-255,66,250930,17,319019
9737,0.020265,74.125.130.0-255,5738,256668,17,319019
9738,0.020273,172.31.36.0-255,66,256734,17,319019
9739,0.022288,74.125.130.0-255,5738,262472,17,319019
9740,0.022297,172.31.36.0-255,66,262538,17,319019
9741,0.02431,74.125.130.0-255,5738,268276,17,319019
9742,0.024318,172.31.36.0-255,66,268342,17,319019
9743,0.026328,74.125.130.0-255,4320,272662,17,319019
9744,0.026335,172.31.36.0-255,66,272728,17,319019
9745,0.026368,74.125.130.0-255,1484,274212,17,319019
9746,0.028349,74.125.130.0-255,4320,278532,17,319019
9747,0.028356,172.31.36.0-255,66,278598,17,319019
9748,0.030366,74.125.130.0-255,5738,284336,17,319019
9749,0.030375,172.31.36.0-255,66,284402,17,319019
9750,0.032399,74.125.130.0-255,5738,290140,17,319019
9751,0.03241,172.31.36.0-255,66,290206,17,319019
9752,0.034428,74.125.130.0-255,5738,295944,17,319019
9753,0.034435,172.31.36.0-255,66,296010,17,319019
9754,0.035808,172.31.36.0-255,172,296182,17,319019
9755,0.035835,172.31.36.0-255,1118,297300,17,319019
9756,0.03588,172.31.36.0-255,1514,298814,17,319019
9757,0.035882,172.31.36.0-255,1272,300086,17,319019
9758,0.036449,74.125.130.0-255,4320,304406,17,319019
9759,0.036456,172.31.36.0-255,66,304472,17,319019
9760,0.036487,74.125.130.0-255,1484,305956,17,319019
9761,0.037322,104.244.42.0-255,66,306022,17,319019
9762,0.037365,104.244.42.0-255,66,306088,17,319019
9763,0.037425,104.244.42.0-255,66,306154,17,319019
9764,0.038459,74.125.130.0-255,4320,310474,17,319019
9765,0.038463,172.31.36.0-255,66,310540,17,319019
9766,0.040469,74.125.130.0-255,1484,312024,17,319019
9767,0.040498,74.125.130.0-255,4320,316344,17,319019
9768,0.040503,172.31.36.0-255,66,316410,17,319019
9769,0.042511,74.125.130.0-255,2372,318782,17,319019
9770,0.042517,172.31.36.0-255,66,318848,17,319019
9771,0.042674,172.31.36.0-255,105,318953,17,319019
9772,0.044637,74.125.130.0-255,66,319019,17,319019
9773,0.0,172.217.194.0-255,153,153,17,208147
9774,3.5e-05,172.31.36.0-255,66,219,17,208147
9775,4.1e-05,172.217.194.0-255,1484,1703,17,208147
9776,4.5e-05,172.31.36.0-255,66,1769,17,208147
9777,5e-05,172.217.194.0-255,2902,4671,17,208147
9778,5.2e-05,172.31.36.0-255,66,4737,17,208147
9779,6.5e-05,172.217.194.0-255,2902,7639,17,208147
9780,6.7e-05,172.31.36.0-255,66,7705,17,208147
9781,9.1e-05,172.217.194.0-255,2902,10607,17,208147
9782,9.5e-05,172.31.36.0-255,66,10673,17,208147
9783,0.00013,172.217.194.0-255,3481,14154,17,208147
9784,0.000134,172.31.36.0-255,66,14220,17,208147
9785,0.000141,172.217.194.0-255,7156,21376,17,208147
9786,0.000142,172.31.36.0-255,66,21442,17,208147
9787,0.00015,172.217.194.0-255,5738,27180,17,208147
9788,0.000152,172.31.36.0-255,66,27246,17,208147
9789,0.000187,172.217.194.0-255,3961,31207,17,208147
9790,0.00019,172.31.36.0-255,66,31273,17,208147
9791,0.000243,172.217.194.0-255,1484,32757,17,208147
9792,0.000246,172.31.36.0-255,66,32823,17,208147
9793,0.00025,172.217.194.0-255,1484,34307,17,208147
9794,0.000252,172.31.36.0-255,66,34373,17,208147
9795,0.000286,172.217.194.0-255,1484,35857,17,208147
9796,0.000289,172.31.36.0-255,66,35923,17,208147
9797,0.000296,172.217.194.0-255,5738,41661,17,208147
9798,0.000299,172.31.36.0-255,66,41727,17,208147
9799,0.000305,172.217.194.0-255,6797,48524,17,208147
9800,0.000309,172.31.36.0-255,66,48590,17,208147
9801,0.000343,172.217.194.0-255,7156,55746,17,208147
9802,0.000347,172.31.36.0-255,66,55812,17,208147
9803,0.000359,172.31.36.0-255,66,55878,17,208147
9804,0.000385,172.217.194.0-255,344,56222,17,208147
9805,0.000389,172.217.194.0-255,400,56622,17,208147
9806,0.00054,172.217.194.0-255,1484,58106,17,208147
9807,0.000545,172.31.36.0-255,66,58172,17,208147
9808,0.000551,172.217.194.0-255,2902,61074,17,208147
9809,0.000552,172.31.36.0-255,66,61140,17,208147
9810,0.000588,172.217.194.0-255,5738,66878,17,208147
9811,0.000601,172.31.36.0-255,66,66944,17,208147
9812,0.000615,172.31.36.0-255,66,67010,17,208147
9813,0.000633,172.31.36.0-255,66,67076,17,208147
9814,0.000636,172.217.194.0-255,766,67842,17,208147
9815,0.000784,172.217.194.0-255,1484,69326,17,208147
9816,0.000788,172.31.36.0-255,66,69392,17,208147
9817,0.000794,172.217.194.0-255,2902,72294,17,208147
9818,0.000796,172.31.36.0-255,66,72360,17,208147
9819,0.000801,172.217.194.0-255,4320,76680,17,208147
9820,0.000809,172.31.36.0-255,66,76746,17,208147
9821,0.00084,172.217.194.0-255,1484,78230,17,208147
9822,0.000855,172.31.36.0-255,66,78296,17,208147
9823,0.000859,172.217.194.0-255,1484,79780,17,208147
9824,0.000892,172.31.36.0-255,66,79846,17,208147
9825,0.000899,172.217.194.0-255,7156,87002,17,208147
9826,0.000901,172.31.36.0-255,66,87068,17,208147
9827,0.000931,172.217.194.0-255,4320,91388,17,208147
9828,0.000935,172.31.36.0-255,66,91454,17,208147
9829,0.000945,172.31.36.0-255,66,91520,17,208147
9830,0.001002,172.217.194.0-255,4320,95840,17,208147
9831,0.001006,172.31.36.0-255,66,95906,17,208147
9832,0.001043,172.31.36.0-255,66,95972,17,208147
9833,0.001046,172.217.194.0-255,1484,97456,17,208147
9834,0.00105,172.217.194.0-255,2902,100358,17,208147
9835,0.001052,172.31.36.0-255,66,100424,17,208147
9836,0.001058,172.217.194.0-255,5738,106162,17,208147
9837,0.001061,172.31.36.0-255,66,106228,17,208147
9838,0.001067,172.217.194.0-255,7156,113384,17,208147
9839,0.00107,172.31.36.0-255,66,113450,17,208147
9840,0.001102,172.31.36.0-255,66,113516,17,208147
9841,0.001125,172.217.194.0-255,4320,117836,17,208147
9842,0.001128,172.31.36.0-255,66,117902,17,208147
9843,0.001132,172.217.194.0-255,2184,120086,17,208147
9844,0.001134,172.31.36.0-255,66,120152,17,208147
9845,0.001138,172.217.194.0-255,1484,121636,17,208147
9846,0.001169,172.217.194.0-255,1484,123120,17,208147
9847,0.001174,172.31.36.0-255,66,123186,17,208147
9848,0.001176,172.217.194.0-255,7156,130342,17,208147
9849,0.001179,172.31.36.0-255,66,130408,17,208147
9850,0.001184,172.217.194.0-255,5738,136146,17,208147
9851,0.001186,172.31.36.0-255,66,136212,17,208147
9852,0.001215,172.217.194.0-255,5738,141950,17,208147
9853,0.001219,172.31.36.0-255,66,142016,17,208147
9854,0.001232,172.31.36.0-255,66,142082,17,208147
9855,0.001257,172.217.194.0-255,2902,144984,17,208147
9856,0.00126,172.31.36.0-255,66,145050,17,208147
9857,0.001312,172.31.36.0-255,66,145116,17,208147
9858,0.001326,172.31.36.0-255,66,145182,17,208147
9859,0.001338,172.31.36.0-255,66,145248,17,208147
9860,0.001364,172.217.194.0-255,2184,147432,17,208147
9861,0.001366,172.31.36.0-255,66,147498,17,208147
9862,0.00139,172.217.194.0-255,4320,151818,17,208147
9863,0.001394,172.31.36.0-255,66,151884,17,208147
9864,0.0014,172.217.194.0-255,5738,157622,17,208147
9865,0.001403,172.31.36.0-255,66,157688,17,208147
9866,0.001417,172.31.36.0-255,66,157754,17,208147
9867,0.001422,172.217.194.0-255,4320,162074,17,208147
9868,0.001424,172.31.36.0-255,66,162140,17,208147
9869,0.001466,172.31.36.0-255,66,162206,17,208147
9870,0.001491,172.217.194.0-255,1484,163690,17,208147
9871,0.001504,172.217.194.0-255,2902,166592,17,208147
9872,0.001508,172.31.36.0-255,66,166658,17,208147
9873,0.001512,172.217.194.0-255,2902,169560,17,208147
9874,0.001515,172.31.36.0-255,66,169626,17,208147
9875,0.001547,172.217.194.0-255,2902,172528,17,208147
9876,0.001551,172.31.36.0-255,66,172594,17,208147
9877,0.001562,172.31.36.0-255,66,172660,17,208147
9878,0.001604,172.31.36.0-255,66,172726,17,208147
9879,0.001663,172.217.194.0-255,5738,178464,17,208147
9880,0.001668,172.31.36.0-255,66,178530,17,208147
9881,0.001704,172.31.36.0-255,66,178596,17,208147
9882,0.00172,172.31.36.0-255,66,178662,17,208147
9883,0.001725,172.217.194.0-255,3602,182264,17,208147
9884,0.001728,172.31.36.0-255,66,182330,17,208147
9885,0.001733,172.217.194.0-255,4320,186650,17,208147
9886,0.001735,172.31.36.0-255,66,186716,17,208147
9887,0.00174,172.217.194.0-255,4320,191036,17,208147
9888,0.001742,172.31.36.0-255,66,191102,17,208147
9889,0.001745,172.217.194.0-255,1484,192586,17,208147
9890,0.001776,172.31.36.0-255,66,192652,17,208147
9891,0.00178,172.217.194.0-255,1484,194136,17,208147
9892,0.001812,172.31.36.0-255,66,194202,17,208147
9893,0.001845,172.217.194.0-255,7156,201358,17,208147
9894,0.001849,172.31.36.0-255,66,201424,17,208147
9895,0.001873,172.217.194.0-255,2021,203445,17,208147
9896,0.001875,172.31.36.0-255,66,203511,17,208147
9897,0.001878,172.217.194.0-255,105,203616,17,208147
9898,0.007925,172.31.36.0-255,66,203682,17,208147
9899,0.007953,172.31.36.0-255,105,203787,17,208147
9900,0.010409,172.217.194.0-255,66,203853,17,208147
9901,0.029397,172.31.36.0-255,192,204045,17,208147
9902,0.029427,172.31.36.0-255,1116,205161,17,208147
9903,0.029472,172.31.36.0-255,1514,206675,17,208147
9904,0.029474,172.31.36.0-255,1274,207949,17,208147
9905,0.030893,104.244.42.0-255,66,208015,17,208147
9906,0.030903,104.244.42.0-255,66,208081,17,208147
9907,0.030974,104.244.42.0-255,66,208147,17,208147
9908,0.0,172.217.194.0-255,150,150,17,246744
9909,1.6e-05,172.31.36.0-255,66,216,17,246744
9910,2.3e-05,172.217.194.0-255,1484,1700,17,246744
9911,2.7e-05,172.31.36.0-255,66,1766,17,246744
9912,4.2e-05,172.217.194.0-255,2902,4668,17,246744
9913,4.5e-05,172.31.36.0-255,66,4734,17,246744
9914,5.3e-05,172.217.194.0-255,7156,11890,17,246744
9915,5.7e-05,172.31.36.0-255,66,11956,17,246744
9916,6.1e-05,172.217.194.0-255,2087,14043,17,246744
9917,6.4e-05,172.31.36.0-255,66,14109,17,246744
9918,0.000157,172.217.194.0-255,1484,15593,17,246744
9919,0.00016,172.31.36.0-255,66,15659,17,246744
9920,0.000165,172.217.194.0-255,2902,18561,17,246744
9921,0.000168,172.31.36.0-255,66,18627,17,246744
9922,0.000177,172.217.194.0-255,2902,21529,17,246744
9923,0.00018,172.31.36.0-255,66,21595,17,246744
9924,0.00021,172.217.194.0-255,2902,24497,17,246744
9925,0.000212,172.31.36.0-255,66,24563,17,246744
9926,0.000234,172.31.36.0-255,66,24629,17,246744
9927,0.00024,172.217.194.0-255,5738,30367,17,246744
9928,0.000243,172.31.36.0-255,66,30433,17,246744
9929,0.000285,172.31.36.0-255,66,30499,17,246744
9930,0.000299,172.31.36.0-255,66,30565,17,246744
9931,0.000301,172.217.194.0-255,359,30924,17,246744
9932,0.000303,172.31.36.0-255,66,30990,17,246744
9933,0.000365,172.217.194.0-255,384,31374,17,246744
9934,0.000368,172.31.36.0-255,66,31440,17,246744
9935,0.000653,172.217.194.0-255,1484,32924,17,246744
9936,0.000658,172.31.36.0-255,66,32990,17,246744
9937,0.000664,172.217.194.0-255,2902,35892,17,246744
9938,0.000667,172.31.36.0-255,66,35958,17,246744
9939,0.000674,172.217.194.0-255,5738,41696,17,246744
9940,0.000682,172.31.36.0-255,66,41762,17,246744
9941,0.000731,172.31.36.0-255,66,41828,17,246744
9942,0.000746,172.31.36.0-255,66,41894,17,246744
9943,0.000763,172.217.194.0-255,2184,44078,17,246744
9944,0.000766,172.31.36.0-255,66,44144,17,246744
9945,0.001164,172.217.194.0-255,1484,45628,17,246744
9946,0.001169,172.217.194.0-255,2902,48530,17,246744
9947,0.001176,172.31.36.0-255,66,48596,17,246744
9948,0.001208,172.217.194.0-255,5738,54334,17,246744
9949,0.001211,172.31.36.0-255,66,54400,17,246744
9950,0.001223,172.31.36.0-255,66,54466,17,246744
9951,0.001262,172.217.194.0-255,2902,57368,17,246744
9952,0.001273,172.217.194.0-255,766,58134,17,246744
9953,0.001278,172.31.36.0-255,66,58200,17,246744
9954,0.001281,172.31.36.0-255,66,58266,17,246744
9955,0.001328,172.217.194.0-255,1484,59750,17,246744
9956,0.001332,172.31.36.0-255,66,59816,17,246744
9957,0.001337,172.217.194.0-255,2902,62718,17,246744
9958,0.001339,172.31.36.0-255,66,62784,17,246744
9959,0.001342,172.217.194.0-255,1484,64268,17,246744
9960,0.00137,172.217.194.0-255,4320,68588,17,246744
9961,0.001372,172.31.36.0-255,66,68654,17,246744
9962,0.001392,172.31.36.0-255,66,68720,17,246744
9963,0.001432,172.217.194.0-255,7156,75876,17,246744
9964,0.001436,172.31.36.0-255,66,75942,17,246744
9965,0.00147,172.217.194.0-255,3602,79544,17,246744
9966,0.001548,172.217.194.0-255,766,80310,17,246744
9967,0.001551,172.217.194.0-255,1484,81794,17,246744
9968,0.001555,172.217.194.0-255,4320,86114,17,246744
9969,0.00156,172.31.36.0-255,66,86180,17,246744
9970,0.001567,172.31.36.0-255,66,86246,17,246744
9971,0.001603,172.217.194.0-255,7156,93402,17,246744
9972,0.001618,172.217.194.0-255,1484,94886,17,246744
9973,0.001631,172.217.194.0-255,2902,97788,17,246744
9974,0.00164,172.31.36.0-255,66,97854,17,246744
9975,0.001656,172.217.194.0-255,6438,104292,17,246744
9976,0.001662,172.31.36.0-255,66,104358,17,246744
9977,0.001686,172.217.194.0-255,1484,105842,17,246744
9978,0.001691,172.217.194.0-255,2902,108744,17,246744
9979,0.001694,172.217.194.0-255,1484,110228,17,246744
9980,0.001714,172.217.194.0-255,4320,114548,17,246744
9981,0.001726,172.31.36.0-255,66,114614,17,246744
9982,0.001781,172.31.36.0-255,66,114680,17,246744
9983,0.001792,172.217.194.0-255,3602,118282,17,246744
9984,0.001805,172.31.36.0-255,66,118348,17,246744
9985,0.001832,172.217.194.0-255,2902,121250,17,246744
9986,0.001837,172.31.36.0-255,66,121316,17,246744
9987,0.001855,172.217.194.0-255,2902,124218,17,246744
9988,0.001862,172.217.194.0-255,7156,131374,17,246744
9989,0.001865,172.217.194.0-255,1484,132858,17,246744
9990,0.001879,172.217.194.0-255,7156,140014,17,246744
9991,0.001895,172.217.194.0-255,5738,145752,17,246744
9992,0.001903,172.217.194.0-255,6438,152190,17,246744
9993,0.00191,172.31.36.0-255,66,152256,17,246744
9994,0.001974,172.217.194.0-255,7156,159412,17,246744
9995,0.001982,172.31.36.0-255,66,159478,17,246744
9996,0.001994,172.217.194.0-255,3602,163080,17,246744
9997,0.002006,172.217.194.0-255,7156,170236,17,246744
9998,0.002016,172.217.194.0-255,1484,171720,17,246744
9999,0.002036,172.217.194.0-255,7156,178876,17,246744
10000,0.002043,172.31.36.0-255,66,178942,17,246744
10001,0.004054,172.217.194.0-255,5738,184680,17,246744
10002,0.005602,172.31.36.0-255,66,184746,17,246744
10003,0.00764,172.217.194.0-255,5738,190484,17,246744
10004,0.007646,172.31.36.0-255,66,190550,17,246744
10005,0.009661,172.217.194.0-255,5738,196288,17,246744
10006,0.009665,172.31.36.0-255,66,196354,17,246744
10007,0.011683,172.217.194.0-255,2902,199256,17,246744
10008,0.01169,172.31.36.0-255,66,199322,17,246744
10009,0.011718,172.217.194.0-255,2902,202224,17,246744
10010,0.011721,172.31.36.0-255,66,202290,17,246744
10011,0.013691,172.217.194.0-255,2902,205192,17,246744
10012,0.013699,172.31.36.0-255,66,205258,17,246744
10013,0.01373,172.217.194.0-255,2902,208160,17,246744
10014,0.013732,172.31.36.0-255,66,208226,17,246744
10015,0.015724,172.217.194.0-255,5738,213964,17,246744
10016,0.015733,172.31.36.0-255,66,214030,17,246744
10017,0.017731,172.217.194.0-255,5738,219768,17,246744
10018,0.01774,172.31.36.0-255,66,219834,17,246744
10019,0.019762,172.217.194.0-255,5738,225572,17,246744
10020,0.01977,172.31.36.0-255,66,225638,17,246744
10021,0.021801,172.217.194.0-255,5738,231376,17,246744
10022,0.021808,172.31.36.0-255,66,231442,17,246744
10023,0.023806,172.217.194.0-255,5738,237180,17,246744
10024,0.023813,172.31.36.0-255,66,237246,17,246744
10025,0.025807,172.217.194.0-255,4987,242233,17,246744
10026,0.025814,172.31.36.0-255,66,242299,17,246744
10027,0.025999,172.31.36.0-255,105,242404,17,246744
10028,0.027962,172.217.194.0-255,66,242470,17,246744
10029,0.030927,172.31.36.0-255,172,242642,17,246744
10030,0.030961,172.31.36.0-255,1117,243759,17,246744
10031,0.031018,172.31.36.0-255,1514,245273,17,246744
10032,0.031036,172.31.36.0-255,1273,246546,17,246744
10033,0.032461,104.244.42.0-255,66,246612,17,246744
10034,0.032469,104.244.42.0-255,66,246678,17,246744
10035,0.032569,104.244.42.0-255,66,246744,17,246744
10036,0.0,172.217.194.0-255,152,152,17,343063
10037,2e-05,172.31.36.0-255,66,218,17,343063
10038,2.8e-05,172.217.194.0-255,1484,1702,17,343063
10039,3.3e-05,172.31.36.0-255,66,1768,17,343063
10040,3.9e-05,172.217.194.0-255,2902,4670,17,343063
10041,4.2e-05,172.31.36.0-255,66,4736,17,343063
10042,5e-05,172.217.194.0-255,7156,11892,17,343063
10043,5.2e-05,172.31.36.0-255,66,11958,17,343063
10044,5.7e-05,172.217.194.0-255,2009,13967,17,343063
10045,5.9e-05,172.31.36.0-255,66,14033,17,343063
10046,9.4e-05,172.217.194.0-255,2902,16935,17,343063
10047,9.8e-05,172.31.36.0-255,66,17001,17,343063
10048,0.000101,172.217.194.0-255,1484,18485,17,343063
10049,0.000103,172.31.36.0-255,66,18551,17,343063
10050,0.000111,172.217.194.0-255,5738,24289,17,343063
10051,0.000113,172.31.36.0-255,66,24355,17,343063
10052,0.000155,172.217.194.0-255,7156,31511,17,343063
10053,0.000157,172.31.36.0-255,66,31577,17,343063
10054,0.000181,172.217.194.0-255,6797,38374,17,343063
10055,0.000184,172.31.36.0-255,66,38440,17,343063
10056,0.000187,172.217.194.0-255,1484,39924,17,343063
10057,0.000189,172.31.36.0-255,66,39990,17,343063
10058,0.000208,172.217.194.0-255,7156,47146,17,343063
10059,0.00021,172.31.36.0-255,66,47212,17,343063
10060,0.000221,172.217.194.0-255,1125,48337,17,343063
10061,0.000224,172.31.36.0-255,66,48403,17,343063
10062,0.000556,172.217.194.0-255,1484,49887,17,343063
10063,0.000561,172.31.36.0-255,66,49953,17,343063
10064,0.000566,172.217.194.0-255,2902,52855,17,343063
10065,0.000569,172.31.36.0-255,66,52921,17,343063
10066,0.000576,172.217.194.0-255,5738,58659,17,343063
10067,0.000579,172.31.36.0-255,66,58725,17,343063
10068,0.000613,172.217.194.0-255,6797,65522,17,343063
10069,0.000635,172.31.36.0-255,66,65588,17,343063
10070,0.000671,172.31.36.0-255,66,65654,17,343063
10071,0.000709,172.31.36.0-255,66,65720,17,343063
10072,0.000994,172.217.194.0-255,1484,67204,17,343063
10073,0.001016,172.217.194.0-255,2902,70106,17,343063
10074,0.00102,172.31.36.0-255,66,70172,17,343063
10075,0.001028,172.217.194.0-255,5738,75910,17,343063
10076,0.001048,172.217.194.0-255,2902,78812,17,343063
10077,0.001057,172.31.36.0-255,66,78878,17,343063
10078,0.001114,172.31.36.0-255,66,78944,17,343063
10079,0.001193,172.217.194.0-255,1484,80428,17,343063
10080,0.001198,172.217.194.0-255,2902,83330,17,343063
10081,0.001209,172.31.36.0-255,66,83396,17,343063
10082,0.001216,172.217.194.0-255,5738,89134,17,343063
10083,0.00123,172.217.194.0-255,2902,92036,17,343063
10084,0.001253,172.217.194.0-255,7156,99192,17,343063
10085,0.001259,172.31.36.0-255,66,99258,17,343063
10086,0.001275,172.217.194.0-255,4320,103578,17,343063
10087,0.001309,172.31.36.0-255,66,103644,17,343063
10088,0.001352,172.217.194.0-255,1484,105128,17,343063
10089,0.001356,172.217.194.0-255,1484,106612,17,343063
10090,0.001374,172.31.36.0-255,66,106678,17,343063
10091,0.001378,172.217.194.0-255,1484,108162,17,343063
10092,0.001384,172.217.194.0-255,5738,113900,17,343063
10093,0.001389,172.217.194.0-255,5738,119638,17,343063
10094,0.001402,172.31.36.0-255,66,119704,17,343063
10095,0.001422,172.217.194.0-255,5738,125442,17,343063
10096,0.001438,172.217.194.0-255,7156,132598,17,343063
10097,0.001444,172.217.194.0-255,5020,137618,17,343063
10098,0.001453,172.31.36.0-255,66,137684,17,343063
10099,0.001695,172.31.36.0-255,101,137785,17,343063
10100,0.00207,172.217.194.0-255,1484,139269,17,343063
10101,0.002091,172.217.194.0-255,2902,142171,17,343063
10102,0.002096,172.31.36.0-255,66,142237,17,343063
10103,0.002104,172.217.194.0-255,5738,147975,17,343063
10104,0.002108,172.31.36.0-255,66,148041,17,343063
10105,0.002117,172.217.194.0-255,1484,149525,17,343063
10106,0.002153,172.217.194.0-255,1484,151009,17,343063
10107,0.002167,172.31.36.0-255,66,151075,17,343063
10108,0.002226,172.217.194.0-255,1484,152559,17,343063
10109,0.002232,172.217.194.0-255,2902,155461,17,343063
10110,0.002234,172.31.36.0-255,66,155527,17,343063
10111,0.002258,172.217.194.0-255,5738,161265,17,343063
10112,0.002313,172.217.194.0-255,2902,164167,17,343063
10113,0.002319,172.217.194.0-255,5738,169905,17,343063
10114,0.002339,172.217.194.0-255,5020,174925,17,343063
10115,0.004014,172.217.194.0-255,66,174991,17,343063
10116,0.008116,172.31.36.0-255,66,175057,17,343063
10117,0.010498,172.217.194.0-255,5738,180795,17,343063
10118,0.010507,172.31.36.0-255,66,180861,17,343063
10119,0.012848,172.217.194.0-255,5738,186599,17,343063
10120,0.013383,172.31.36.0-255,66,186665,17,343063
10121,0.0157,172.217.194.0-255,5738,192403,17,343063
10122,0.015717,172.31.36.0-255,66,192469,17,343063
10123,0.018087,172.217.194.0-255,5738,198207,17,343063
10124,0.019433,172.31.36.0-255,66,198273,17,343063
10125,0.021767,172.217.194.0-255,5738,204011,17,343063
10126,0.021782,172.31.36.0-255,66,204077,17,343063
10127,0.024126,172.217.194.0-255,5738,209815,17,343063
10128,0.024135,172.31.36.0-255,66,209881,17,343063
10129,0.026476,172.217.194.0-255,5738,215619,17,343063
10130,0.026482,172.31.36.0-255,66,215685,17,343063
10131,0.028847,172.217.194.0-255,5738,221423,17,343063
10132,0.028853,172.31.36.0-255,66,221489,17,343063
10133,0.029942,172.31.36.0-255,172,221661,17,343063
10134,0.029975,172.31.36.0-255,1116,222777,17,343063
10135,0.030037,172.31.36.0-255,1514,224291,17,343063
10136,0.030039,172.31.36.0-255,1272,225563,17,343063
10137,0.031187,172.217.194.0-255,5738,231301,17,343063
10138,0.031195,172.31.36.0-255,66,231367,17,343063
10139,0.0315,104.244.42.0-255,66,231433,17,343063
10140,0.031507,104.244.42.0-255,66,231499,17,343063
10141,0.031598,104.244.42.0-255,66,231565,17,343063
10142,0.033496,172.217.194.0-255,5738,237303,17,343063
10143,0.033503,172.31.36.0-255,66,237369,17,343063
10144,0.035813,172.217.194.0-255,5738,243107,17,343063
10145,0.03582,172.31.36.0-255,66,243173,17,343063
10146,0.038145,172.217.194.0-255,5738,248911,17,343063
10147,0.038152,172.31.36.0-255,66,248977,17,343063
10148,0.040512,172.217.194.0-255,5738,254715,17,343063
10149,0.040519,172.31.36.0-255,66,254781,17,343063
10150,0.042867,172.217.194.0-255,5738,260519,17,343063
10151,0.042873,172.31.36.0-255,66,260585,17,343063
10152,0.045212,172.217.194.0-255,5738,266323,17,343063
10153,0.045219,172.31.36.0-255,66,266389,17,343063
10154,0.047544,172.217.194.0-255,5738,272127,17,343063
10155,0.047552,172.31.36.0-255,66,272193,17,343063
10156,0.049891,172.217.194.0-255,5738,277931,17,343063
10157,0.049898,172.31.36.0-255,66,277997,17,343063
10158,0.052237,172.217.194.0-255,5738,283735,17,343063
10159,0.052242,172.31.36.0-255,66,283801,17,343063
10160,0.054577,172.217.194.0-255,5738,289539,17,343063
10161,0.054586,172.31.36.0-255,66,289605,17,343063
10162,0.056958,172.217.194.0-255,5738,295343,17,343063
10163,0.056967,172.31.36.0-255,66,295409,17,343063
10164,0.059308,172.217.194.0-255,4320,299729,17,343063
10165,0.059315,172.31.36.0-255,66,299795,17,343063
10166,0.059333,172.217.194.0-255,1484,301279,17,343063
10167,0.061648,172.217.194.0-255,4320,305599,17,343063
10168,0.061655,172.31.36.0-255,66,305665,17,343063
10169,0.063993,172.217.194.0-255,5738,311403,17,343063
10170,0.064046,172.31.36.0-255,66,311469,17,343063
10171,0.066381,172.217.194.0-255,5738,317207,17,343063
10172,0.066388,172.31.36.0-255,66,317273,17,343063
10173,0.068743,172.217.194.0-255,5738,323011,17,343063
10174,0.06875,172.31.36.0-255,66,323077,17,343063
10175,0.071105,172.217.194.0-255,5738,328815,17,343063
10176,0.071112,172.31.36.0-255,66,328881,17,343063
10177,0.073484,172.217.194.0-255,5738,334619,17,343063
10178,0.073491,172.31.36.0-255,66,334685,17,343063
10179,0.075838,172.217.194.0-255,5738,340423,17,343063
10180,0.075845,172.31.36.0-255,66,340489,17,343063
10181,0.078218,172.217.194.0-255,2337,342826,17,343063
10182,0.078225,172.31.36.0-255,66,342892,17,343063
10183,0.078382,172.31.36.0-255,105,342997,17,343063
10184,0.084403,172.217.194.0-255,66,343063,17,343063
10185,0.0,172.217.194.0-255,153,153,17,226868
10186,2.2e-05,172.31.36.0-255,66,219,17,226868
10187,2.9e-05,172.217.194.0-255,1484,1703,17,226868
10188,3.4e-05,172.31.36.0-255,66,1769,17,226868
10189,3.9e-05,172.217.194.0-255,2902,4671,17,226868
10190,4.3e-05,172.31.36.0-255,66,4737,17,226868
10191,5.1e-05,172.217.194.0-255,7156,11893,17,226868
10192,5.4e-05,172.31.36.0-255,66,11959,17,226868
10193,5.8e-05,172.217.194.0-255,2064,14023,17,226868
10194,6.1e-05,172.31.36.0-255,66,14089,17,226868
10195,7.5e-05,172.31.36.0-255,66,14155,17,226868
10196,0.00011,172.217.194.0-255,7156,21311,17,226868
10197,0.000113,172.31.36.0-255,66,21377,17,226868
10198,0.000145,172.31.36.0-255,66,21443,17,226868
10199,0.000151,172.217.194.0-255,5020,26463,17,226868
10200,0.000154,172.31.36.0-255,66,26529,17,226868
10201,0.000201,172.217.194.0-255,1484,28013,17,226868
10202,0.000204,172.31.36.0-255,66,28079,17,226868
10203,0.000209,172.217.194.0-255,2902,30981,17,226868
10204,0.000211,172.31.36.0-255,66,31047,17,226868
10205,0.000218,172.217.194.0-255,5738,36785,17,226868
10206,0.00022,172.31.36.0-255,66,36851,17,226868
10207,0.000223,172.217.194.0-255,1484,38335,17,226868
10208,0.000225,172.31.36.0-255,66,38401,17,226868
10209,0.000245,172.217.194.0-255,4320,42721,17,226868
10210,0.000247,172.31.36.0-255,66,42787,17,226868
10211,0.000277,172.217.194.0-255,1433,44220,17,226868
10212,0.00028,172.31.36.0-255,66,44286,17,226868
10213,0.000321,172.217.194.0-255,378,44664,17,226868
10214,0.000324,172.31.36.0-255,66,44730,17,226868
10215,0.000473,172.217.194.0-255,1484,46214,17,226868
10216,0.000489,172.217.194.0-255,2902,49116,17,226868
10217,0.000493,172.31.36.0-255,66,49182,17,226868
10218,0.0005,172.217.194.0-255,5738,54920,17,226868
10219,0.000502,172.31.36.0-255,66,54986,17,226868
10220,0.000538,172.217.194.0-255,2902,57888,17,226868
10221,0.00054,172.31.36.0-255,66,57954,17,226868
10222,0.000555,172.217.194.0-255,3412,61366,17,226868
10223,0.000558,172.31.36.0-255,66,61432,17,226868
10224,0.000776,172.217.194.0-255,1484,62916,17,226868
10225,0.000781,172.217.194.0-255,1484,64400,17,226868
10226,0.000784,172.31.36.0-255,66,64466,17,226868
10227,0.000806,172.217.194.0-255,1484,65950,17,226868
10228,0.000814,172.217.194.0-255,5738,71688,17,226868
10229,0.000816,172.31.36.0-255,66,71754,17,226868
10230,0.000831,172.31.36.0-255,66,71820,17,226868
10231,0.000869,172.31.36.0-255,66,71886,17,226868
10232,0.000897,172.217.194.0-255,1484,73370,17,226868
10233,0.000902,172.217.194.0-255,2902,76272,17,226868
10234,0.000906,172.31.36.0-255,66,76338,17,226868
10235,0.000916,172.217.194.0-255,2902,79240,17,226868
10236,0.000918,172.31.36.0-255,66,79306,17,226868
10237,0.000937,172.217.194.0-255,2902,82208,17,226868
10238,0.00094,172.31.36.0-255,66,82274,17,226868
10239,0.000953,172.31.36.0-255,66,82340,17,226868
10240,0.000971,172.217.194.0-255,2902,85242,17,226868
10241,0.000974,172.31.36.0-255,66,85308,17,226868
10242,0.000998,172.217.194.0-255,4320,89628,17,226868
10243,0.001001,172.31.36.0-255,66,89694,17,226868
10244,0.001034,172.31.36.0-255,66,89760,17,226868
10245,0.001048,172.31.36.0-255,66,89826,17,226868
10246,0.001052,172.217.194.0-255,2902,92728,17,226868
10247,0.001054,172.31.36.0-255,66,92794,17,226868
10248,0.001094,172.31.36.0-255,66,92860,17,226868
10249,0.001099,172.217.194.0-255,4320,97180,17,226868
10250,0.001101,172.31.36.0-255,66,97246,17,226868
10251,0.001125,172.31.36.0-255,66,97312,17,226868
10252,0.001161,172.31.36.0-255,66,97378,17,226868
10253,0.001182,172.217.194.0-255,4320,101698,17,226868
10254,0.001184,172.31.36.0-255,66,101764,17,226868
10255,0.001189,172.217.194.0-255,3602,105366,17,226868
10256,0.001192,172.31.36.0-255,66,105432,17,226868
10257,0.001244,172.217.194.0-255,1484,106916,17,226868
10258,0.001248,172.217.194.0-255,2902,109818,17,226868
10259,0.001254,172.217.194.0-255,5738,115556,17,226868
10260,0.001259,172.31.36.0-255,66,115622,17,226868
10261,0.001267,172.31.36.0-255,66,115688,17,226868
10262,0.00127,172.217.194.0-255,1484,117172,17,226868
10263,0.001348,172.31.36.0-255,66,117238,17,226868
10264,0.001643,172.217.194.0-255,1484,118722,17,226868
10265,0.001649,172.217.194.0-255,2902,121624,17,226868
10266,0.001654,172.217.194.0-255,5738,127362,17,226868
10267,0.001699,172.217.194.0-255,4320,131682,17,226868
10268,0.001717,172.217.194.0-255,2543,134225,17,226868
10269,0.001779,172.217.194.0-255,1484,135709,17,226868
10270,0.001793,172.217.194.0-255,2902,138611,17,226868
10271,0.001809,172.217.194.0-255,5738,144349,17,226868
10272,0.001825,172.217.194.0-255,4320,148669,17,226868
10273,0.001877,172.217.194.0-255,5738,154407,17,226868
10274,0.001891,172.217.194.0-255,5738,160145,17,226868
10275,0.001909,172.217.194.0-255,5379,165524,17,226868
10276,0.001923,172.217.194.0-255,1484,167008,17,226868
10277,0.001938,172.217.194.0-255,4320,171328,17,226868
10278,0.00196,172.217.194.0-255,2902,174230,17,226868
10279,0.002258,172.217.194.0-255,1484,175714,17,226868
10280,0.002265,172.217.194.0-255,2902,178616,17,226868
10281,0.002272,172.217.194.0-255,5738,184354,17,226868
10282,0.002304,172.217.194.0-255,4320,188674,17,226868
10283,0.00232,172.217.194.0-255,7156,195830,17,226868
10284,0.00234,172.217.194.0-255,1484,197314,17,226868
10285,0.002368,172.217.194.0-255,1484,198798,17,226868
10286,0.002371,172.217.194.0-255,2902,201700,17,226868
10287,0.002374,172.217.194.0-255,1484,203184,17,226868
10288,0.002399,172.217.194.0-255,4320,207504,17,226868
10289,0.002404,172.217.194.0-255,4320,211824,17,226868
10290,0.002468,172.217.194.0-255,7156,218980,17,226868
10291,0.002485,172.217.194.0-255,2902,221882,17,226868
10292,0.005672,172.31.36.0-255,66,221948,17,226868
10293,0.005678,172.31.36.0-255,66,222014,17,226868
10294,0.005712,172.31.36.0-255,66,222080,17,226868
10295,0.008221,172.217.194.0-255,105,222185,17,226868
10296,0.008591,172.31.36.0-255,66,222251,17,226868
10297,0.008628,172.31.36.0-255,105,222356,17,226868
10298,0.011119,172.217.194.0-255,66,222422,17,226868
10299,0.033673,172.31.36.0-255,172,222594,17,226868
10300,0.033708,172.31.36.0-255,1118,223712,17,226868
10301,0.033767,172.31.36.0-255,1514,225226,17,226868
10302,0.033769,172.31.36.0-255,1270,226496,17,226868
10303,0.035229,104.244.42.0-255,66,226562,17,226868
10304,0.03526,104.244.42.0-255,66,226628,17,226868
10305,0.035303,104.244.42.0-255,66,226694,17,226868
10306,0.036224,104.244.42.0-255,108,226802,17,226868
10307,0.036234,172.31.36.0-255,66,226868,17,226868
10308,0.0,74.125.68.0-255,153,153,17,388562
10309,2e-05,172.31.36.0-255,66,219,17,388562
10310,2.7e-05,74.125.68.0-255,1484,1703,17,388562
10311,3.2e-05,172.31.36.0-255,66,1769,17,388562
10312,4.5e-05,74.125.68.0-255,2902,4671,17,388562
10313,4.9e-05,172.31.36.0-255,66,4737,17,388562
10314,5.7e-05,74.125.68.0-255,5738,10475,17,388562
10315,6e-05,172.31.36.0-255,66,10541,17,388562
10316,8.8e-05,74.125.68.0-255,4838,15379,17,388562
10317,9.1e-05,172.31.36.0-255,66,15445,17,388562
10318,9.7e-05,74.125.68.0-255,4320,19765,17,388562
10319,9.9e-05,172.31.36.0-255,66,19831,17,388562
10320,0.000123,74.125.68.0-255,1484,21315,17,388562
10321,0.000125,172.31.36.0-255,66,21381,17,388562
10322,0.000157,172.31.36.0-255,66,21447,17,388562
10323,0.00016,74.125.68.0-255,1125,22572,17,388562
10324,0.000162,172.31.36.0-255,66,22638,17,388562
10325,0.000523,74.125.68.0-255,1484,24122,17,388562
10326,0.000528,74.125.68.0-255,1484,25606,17,388562
10327,0.000535,172.31.36.0-255,66,25672,17,388562
10328,0.000543,172.31.36.0-255,66,25738,17,388562
10329,0.000547,74.125.68.0-255,1484,27222,17,388562
10330,0.000554,172.31.36.0-255,66,27288,17,388562
10331,0.000561,74.125.68.0-255,4320,31608,17,388562
10332,0.000564,172.31.36.0-255,66,31674,17,388562
10333,0.000573,74.125.68.0-255,1484,33158,17,388562
10334,0.000575,172.31.36.0-255,66,33224,17,388562
10335,0.000605,74.125.68.0-255,6797,40021,17,388562
10336,0.000607,172.31.36.0-255,66,40087,17,388562
10337,0.000843,74.125.68.0-255,1484,41571,17,388562
10338,0.000848,172.31.36.0-255,66,41637,17,388562
10339,0.000853,74.125.68.0-255,2902,44539,17,388562
10340,0.000856,172.31.36.0-255,66,44605,17,388562
10341,0.00087,74.125.68.0-255,1484,46089,17,388562
10342,0.000894,74.125.68.0-255,2902,48991,17,388562
10343,0.000896,172.31.36.0-255,66,49057,17,388562
10344,0.000903,74.125.68.0-255,5738,54795,17,388562
10345,0.000905,172.31.36.0-255,66,54861,17,388562
10346,0.000938,74.125.68.0-255,2543,57404,17,388562
10347,0.000941,172.31.36.0-255,66,57470,17,388562
10348,0.000945,74.125.68.0-255,1484,58954,17,388562
10349,0.000963,74.125.68.0-255,1484,60438,17,388562
10350,0.000966,172.31.36.0-255,66,60504,17,388562
10351,0.000973,74.125.68.0-255,7156,67660,17,388562
10352,0.000976,172.31.36.0-255,66,67726,17,388562
10353,0.00098,74.125.68.0-255,2902,70628,17,388562
10354,0.000982,172.31.36.0-255,66,70694,17,388562
10355,0.001054,74.125.68.0-255,4542,75236,17,388562
10356,0.00106,172.31.36.0-255,66,75302,17,388562
10357,0.001118,74.125.68.0-255,1484,76786,17,388562
10358,0.001124,74.125.68.0-255,2902,79688,17,388562
10359,0.001127,172.31.36.0-255,66,79754,17,388562
10360,0.001132,74.125.68.0-255,2902,82656,17,388562
10361,0.001134,172.31.36.0-255,66,82722,17,388562
10362,0.001137,74.125.68.0-255,1484,84206,17,388562
10363,0.001155,74.125.68.0-255,2902,87108,17,388562
10364,0.001158,172.31.36.0-255,66,87174,17,388562
10365,0.001172,172.31.36.0-255,66,87240,17,388562
10366,0.001202,74.125.68.0-255,1484,88724,17,388562
10367,0.001225,74.125.68.0-255,1484,90208,17,388562
10368,0.001228,172.31.36.0-255,66,90274,17,388562
10369,0.001233,74.125.68.0-255,4320,94594,17,388562
10370,0.001235,172.31.36.0-255,66,94660,17,388562
10371,0.001243,74.125.68.0-255,5874,100534,17,388562
10372,0.001245,172.31.36.0-255,66,100600,17,388562
10373,0.001398,74.125.68.0-255,1484,102084,17,388562
10374,0.001403,74.125.68.0-255,2902,104986,17,388562
10375,0.001416,172.31.36.0-255,66,105052,17,388562
10376,0.001423,74.125.68.0-255,4320,109372,17,388562
10377,0.001425,172.31.36.0-255,66,109438,17,388562
10378,0.001451,74.125.68.0-255,1484,110922,17,388562
10379,0.001455,74.125.68.0-255,2902,113824,17,388562
10380,0.001458,172.31.36.0-255,66,113890,17,388562
10381,0.001463,74.125.68.0-255,4320,118210,17,388562
10382,0.001465,172.31.36.0-255,66,118276,17,388562
10383,0.00147,74.125.68.0-255,2902,121178,17,388562
10384,0.001472,172.31.36.0-255,66,121244,17,388562
10385,0.001496,74.125.68.0-255,5738,126982,17,388562
10386,0.001499,172.31.36.0-255,66,127048,17,388562
10387,0.001502,74.125.68.0-255,1484,128532,17,388562
10388,0.001506,74.125.68.0-255,2902,131434,17,388562
10389,0.001508,172.31.36.0-255,66,131500,17,388562
10390,0.001551,74.125.68.0-255,3602,135102,17,388562
10391,0.001556,172.31.36.0-255,66,135168,17,388562
10392,0.001875,74.125.68.0-255,1484,136652,17,388562
10393,0.001891,74.125.68.0-255,2902,139554,17,388562
10394,0.001895,172.31.36.0-255,66,139620,17,388562
10395,0.001934,74.125.68.0-255,5738,145358,17,388562
10396,0.001937,172.31.36.0-255,66,145424,17,388562
10397,0.001942,74.125.68.0-255,2902,148326,17,388562
10398,0.001944,172.31.36.0-255,66,148392,17,388562
10399,0.001953,74.125.68.0-255,4320,152712,17,388562
10400,0.001955,172.31.36.0-255,66,152778,17,388562
10401,0.001966,172.31.36.0-255,66,152844,17,388562
10402,0.001973,74.125.68.0-255,5738,158582,17,388562
10403,0.001975,172.31.36.0-255,66,158648,17,388562
10404,0.002026,74.125.68.0-255,2184,160832,17,388562
10405,0.002029,172.31.36.0-255,66,160898,17,388562
10406,0.002156,74.125.68.0-255,1484,162382,17,388562
10407,0.002175,74.125.68.0-255,2902,165284,17,388562
10408,0.002179,172.31.36.0-255,66,165350,17,388562
10409,0.002184,74.125.68.0-255,2902,168252,17,388562
10410,0.002186,172.31.36.0-255,66,168318,17,388562
10411,0.002216,74.125.68.0-255,2902,171220,17,388562
10412,0.002221,74.125.68.0-255,4320,175540,17,388562
10413,0.002226,172.31.36.0-255,66,175606,17,388562
10414,0.002229,172.31.36.0-255,66,175672,17,388562
10415,0.002258,74.125.68.0-255,7156,182828,17,388562
10416,0.00226,172.31.36.0-255,66,182894,17,388562
10417,0.002265,74.125.68.0-255,2902,185796,17,388562
10418,0.002267,172.31.36.0-255,66,185862,17,388562
10419,0.002319,172.31.36.0-255,66,185928,17,388562
10420,0.004554,74.125.68.0-255,5738,191666,17,388562
10421,0.004561,172.31.36.0-255,66,191732,17,388562
10422,0.006802,74.125.68.0-255,4320,196052,17,388562
10423,0.006805,172.31.36.0-255,66,196118,17,388562
10424,0.006828,74.125.68.0-255,1484,197602,17,388562
10425,0.009049,74.125.68.0-255,4320,201922,17,388562
10426,0.009056,172.31.36.0-255,66,201988,17,388562
10427,0.011306,74.125.68.0-255,5738,207726,17,388562
10428,0.011315,172.31.36.0-255,66,207792,17,388562
10429,0.013554,74.125.68.0-255,5738,213530,17,388562
10430,0.013563,172.31.36.0-255,66,213596,17,388562
10431,0.015812,74.125.68.0-255,5738,219334,17,388562
10432,0.01582,172.31.36.0-255,66,219400,17,388562
10433,0.018071,74.125.68.0-255,5738,225138,17,388562
10434,0.018081,172.31.36.0-255,66,225204,17,388562
10435,0.02032,74.125.68.0-255,4320,229524,17,388562
10436,0.020329,172.31.36.0-255,66,229590,17,388562
10437,0.02036,74.125.68.0-255,1484,231074,17,388562
10438,0.022561,74.125.68.0-255,4320,235394,17,388562
10439,0.022569,172.31.36.0-255,66,235460,17,388562
10440,0.024801,74.125.68.0-255,5738,241198,17,388562
10441,0.024808,172.31.36.0-255,66,241264,17,388562
10442,0.027089,74.125.68.0-255,5738,247002,17,388562
10443,0.027098,172.31.36.0-255,66,247068,17,388562
10444,0.029343,74.125.68.0-255,5738,252806,17,388562
10445,0.029352,172.31.36.0-255,66,252872,17,388562
10446,0.031631,74.125.68.0-255,5738,258610,17,388562
10447,0.031639,172.31.36.0-255,66,258676,17,388562
10448,0.03387,74.125.68.0-255,5738,264414,17,388562
10449,0.033877,172.31.36.0-255,66,264480,17,388562
10450,0.034768,172.31.36.0-255,172,264652,17,388562
10451,0.0348,172.31.36.0-255,1116,265768,17,388562
10452,0.034867,172.31.36.0-255,1514,267282,17,388562
10453,0.034868,172.31.36.0-255,1272,268554,17,388562
10454,0.036105,74.125.68.0-255,5738,274292,17,388562
10455,0.036112,172.31.36.0-255,66,274358,17,388562
10456,0.036296,104.244.42.0-255,66,274424,17,388562
10457,0.036349,104.244.42.0-255,66,274490,17,388562
10458,0.03645,104.244.42.0-255,66,274556,17,388562
10459,0.038451,74.125.68.0-255,5738,280294,17,388562
10460,0.038458,172.31.36.0-255,66,280360,17,388562
10461,0.04071,74.125.68.0-255,5738,286098,17,388562
10462,0.040717,172.31.36.0-255,66,286164,17,388562
10463,0.04296,74.125.68.0-255,5738,291902,17,388562
10464,0.042968,172.31.36.0-255,66,291968,17,388562
10465,0.045211,74.125.68.0-255,5738,297706,17,388562
10466,0.045217,172.31.36.0-255,66,297772,17,388562
10467,0.047451,74.125.68.0-255,5738,303510,17,388562
10468,0.047458,172.31.36.0-255,66,303576,17,388562
10469,0.049704,74.125.68.0-255,5738,309314,17,388562
10470,0.04971,172.31.36.0-255,66,309380,17,388562
10471,0.051965,74.125.68.0-255,5738,315118,17,388562
10472,0.051971,172.31.36.0-255,66,315184,17,388562
10473,0.052061,172.31.36.0-255,101,315285,17,388562
10474,0.054229,74.125.68.0-255,5738,321023,17,388562
10475,0.054234,172.31.36.0-255,66,321089,17,388562
10476,0.054264,74.125.68.0-255,66,321155,17,388562
10477,0.056475,74.125.68.0-255,5738,326893,17,388562
10478,0.056482,172.31.36.0-255,66,326959,17,388562
10479,0.058733,74.125.68.0-255,5738,332697,17,388562
10480,0.058747,172.31.36.0-255,66,332763,17,388562
10481,0.060997,74.125.68.0-255,5738,338501,17,388562
10482,0.061007,172.31.36.0-255,66,338567,17,388562
10483,0.063249,74.125.68.0-255,5738,344305,17,388562
10484,0.063255,172.31.36.0-255,66,344371,17,388562
10485,0.06551,74.125.68.0-255,5738,350109,17,388562
10486,0.065517,172.31.36.0-255,66,350175,17,388562
10487,0.067756,74.125.68.0-255,5738,355913,17,388562
10488,0.067763,172.31.36.0-255,66,355979,17,388562
10489,0.070014,74.125.68.0-255,5738,361717,17,388562
10490,0.07002,172.31.36.0-255,66,361783,17,388562
10491,0.072252,74.125.68.0-255,5738,367521,17,388562
10492,0.072258,172.31.36.0-255,66,367587,17,388562
10493,0.074502,74.125.68.0-255,5738,373325,17,388562
10494,0.074508,172.31.36.0-255,66,373391,17,388562
10495,0.076769,74.125.68.0-255,5738,379129,17,388562
10496,0.076776,172.31.36.0-255,66,379195,17,388562
10497,0.079027,74.125.68.0-255,5738,384933,17,388562
10498,0.079034,172.31.36.0-255,66,384999,17,388562
10499,0.081285,74.125.68.0-255,3326,388325,17,388562
10500,0.081293,172.31.36.0-255,66,388391,17,388562
10501,0.081503,172.31.36.0-255,105,388496,17,388562
10502,0.088638,74.125.68.0-255,66,388562,17,388562
10503,0.0,172.217.24.0-255,150,150,17,412868
10504,3.5e-05,172.31.36.0-255,66,216,17,412868
10505,4.1e-05,172.217.24.0-255,1484,1700,17,412868
10506,4.6e-05,172.31.36.0-255,66,1766,17,412868
10507,4.9e-05,172.217.24.0-255,1484,3250,17,412868
10508,5.1e-05,172.31.36.0-255,66,3316,17,412868
10509,5.7e-05,172.217.24.0-255,2902,6218,17,412868
10510,6e-05,172.31.36.0-255,66,6284,17,412868
10511,6.5e-05,172.217.24.0-255,5738,12022,17,412868
10512,6.8e-05,172.31.36.0-255,66,12088,17,412868
10513,7.2e-05,172.217.24.0-255,2014,14102,17,412868
10514,7.5e-05,172.31.36.0-255,66,14168,17,412868
10515,0.0001,172.217.24.0-255,2902,17070,17,412868
10516,0.000104,172.31.36.0-255,66,17136,17,412868
10517,0.000129,172.217.24.0-255,7156,24292,17,412868
10518,0.000132,172.31.36.0-255,66,24358,17,412868
10519,0.000138,172.217.24.0-255,5738,30096,17,412868
10520,0.00014,172.31.36.0-255,66,30162,17,412868
10521,0.000174,172.217.24.0-255,1125,31287,17,412868
10522,0.000177,172.31.36.0-255,66,31353,17,412868
10523,0.00019,172.217.24.0-255,1484,32837,17,412868
10524,0.000192,172.31.36.0-255,66,32903,17,412868
10525,0.000195,172.217.24.0-255,1484,34387,17,412868
10526,0.000198,172.31.36.0-255,66,34453,17,412868
10527,0.000214,172.217.24.0-255,2902,37355,17,412868
10528,0.000217,172.31.36.0-255,66,37421,17,412868
10529,0.000225,172.217.24.0-255,5738,43159,17,412868
10530,0.000227,172.31.36.0-255,66,43225,17,412868
10531,0.000249,172.217.24.0-255,4320,47545,17,412868
10532,0.000252,172.31.36.0-255,66,47611,17,412868
10533,0.000255,172.217.24.0-255,1125,48736,17,412868
10534,0.000257,172.31.36.0-255,66,48802,17,412868
10535,0.000351,172.217.24.0-255,1484,50286,17,412868
10536,0.000358,172.217.24.0-255,2902,53188,17,412868
10537,0.000361,172.31.36.0-255,66,53254,17,412868
10538,0.000366,172.217.24.0-255,2902,56156,17,412868
10539,0.000368,172.31.36.0-255,66,56222,17,412868
10540,0.000385,172.217.24.0-255,2902,59124,17,412868
10541,0.000389,172.31.36.0-255,66,59190,17,412868
10542,0.000396,172.217.24.0-255,6797,65987,17,412868
10543,0.000398,172.31.36.0-255,66,66053,17,412868
10544,0.000423,172.217.24.0-255,358,66411,17,412868
10545,0.000851,172.31.36.0-255,66,66477,17,412868
10546,0.001116,172.217.24.0-255,135,66612,17,412868
10547,0.001292,172.217.24.0-255,1484,68096,17,412868
10548,0.001298,172.31.36.0-255,66,68162,17,412868
10549,0.001305,172.217.24.0-255,2902,71064,17,412868
10550,0.001307,172.31.36.0-255,66,71130,17,412868
10551,0.00131,172.217.24.0-255,1484,72614,17,412868
10552,0.001337,172.217.24.0-255,4320,76934,17,412868
10553,0.001339,172.31.36.0-255,66,77000,17,412868
10554,0.001347,172.217.24.0-255,6797,83797,17,412868
10555,0.001349,172.31.36.0-255,66,83863,17,412868
10556,0.001357,172.217.24.0-255,7156,91019,17,412868
10557,0.001359,172.31.36.0-255,66,91085,17,412868
10558,0.001395,172.31.36.0-255,66,91151,17,412868
10559,0.00178,172.217.24.0-255,1484,92635,17,412868
10560,0.001787,172.217.24.0-255,2902,95537,17,412868
10561,0.001791,172.31.36.0-255,66,95603,17,412868
10562,0.001796,172.217.24.0-255,2902,98505,17,412868
10563,0.001798,172.31.36.0-255,66,98571,17,412868
10564,0.001811,172.217.24.0-255,2902,101473,17,412868
10565,0.001812,172.31.36.0-255,66,101539,17,412868
10566,0.001815,172.217.24.0-255,1484,103023,17,412868
10567,0.001833,172.217.24.0-255,7156,110179,17,412868
10568,0.001835,172.31.36.0-255,66,110245,17,412868
10569,0.001859,172.217.24.0-255,4320,114565,17,412868
10570,0.001861,172.31.36.0-255,66,114631,17,412868
10571,0.001867,172.217.24.0-255,7156,121787,17,412868
10572,0.001869,172.31.36.0-255,66,121853,17,412868
10573,0.001913,172.217.24.0-255,3602,125455,17,412868
10574,0.001915,172.31.36.0-255,66,125521,17,412868
10575,0.001933,172.217.24.0-255,2902,128423,17,412868
10576,0.001936,172.31.36.0-255,66,128489,17,412868
10577,0.001956,172.217.24.0-255,4320,132809,17,412868
10578,0.001959,172.31.36.0-255,66,132875,17,412868
10579,0.001983,172.217.24.0-255,7156,140031,17,412868
10580,0.001986,172.31.36.0-255,66,140097,17,412868
10581,0.003914,172.217.24.0-255,5738,145835,17,412868
10582,0.003922,172.31.36.0-255,66,145901,17,412868
10583,0.005849,172.217.24.0-255,5738,151639,17,412868
10584,0.005854,172.31.36.0-255,66,151705,17,412868
10585,0.007802,172.217.24.0-255,5738,157443,17,412868
10586,0.007809,172.31.36.0-255,66,157509,17,412868
10587,0.009751,172.217.24.0-255,5738,163247,17,412868
10588,0.009757,172.31.36.0-255,66,163313,17,412868
10589,0.011709,172.217.24.0-255,5738,169051,17,412868
10590,0.011716,172.31.36.0-255,66,169117,17,412868
10591,0.013656,172.217.24.0-255,5738,174855,17,412868
10592,0.013664,172.31.36.0-255,66,174921,17,412868
10593,0.015604,172.217.24.0-255,5738,180659,17,412868
10594,0.015612,172.31.36.0-255,66,180725,17,412868
10595,0.017559,172.217.24.0-255,5738,186463,17,412868
10596,0.017568,172.31.36.0-255,66,186529,17,412868
10597,0.019511,172.217.24.0-255,5738,192267,17,412868
10598,0.019524,172.31.36.0-255,66,192333,17,412868
10599,0.021485,172.217.24.0-255,5738,198071,17,412868
10600,0.021498,172.31.36.0-255,66,198137,17,412868
10601,0.023448,172.217.24.0-255,5738,203875,17,412868
10602,0.023461,172.31.36.0-255,66,203941,17,412868
10603,0.025391,172.217.24.0-255,4320,208261,17,412868
10604,0.0254,172.31.36.0-255,66,208327,17,412868
10605,0.025422,172.217.24.0-255,1484,209811,17,412868
10606,0.02733,172.217.24.0-255,4320,214131,17,412868
10607,0.027337,172.31.36.0-255,66,214197,17,412868
10608,0.029269,172.217.24.0-255,5738,219935,17,412868
10609,0.029275,172.31.36.0-255,66,220001,17,412868
10610,0.029955,172.31.36.0-255,188,220189,17,412868
10611,0.029997,172.31.36.0-255,961,221150,17,412868
10612,0.030073,172.31.36.0-255,1514,222664,17,412868
10613,0.030075,172.31.36.0-255,1427,224091,17,412868
10614,0.031205,172.217.24.0-255,5738,229829,17,412868
10615,0.03121,172.31.36.0-255,66,229895,17,412868
10616,0.031524,104.244.42.0-255,66,229961,17,412868
10617,0.031565,104.244.42.0-255,66,230027,17,412868
10618,0.031632,104.244.42.0-255,66,230093,17,412868
10619,0.033133,172.217.24.0-255,1484,231577,17,412868
10620,0.033162,172.217.24.0-255,4320,235897,17,412868
10621,0.033167,172.31.36.0-255,66,235963,17,412868
10622,0.035097,172.217.24.0-255,2902,238865,17,412868
10623,0.035102,172.31.36.0-255,66,238931,17,412868
10624,0.035146,172.217.24.0-255,2902,241833,17,412868
10625,0.035149,172.31.36.0-255,66,241899,17,412868
10626,0.037033,172.217.24.0-255,2902,244801,17,412868
10627,0.037039,172.31.36.0-255,66,244867,17,412868
10628,0.037069,172.217.24.0-255,2902,247769,17,412868
10629,0.037072,172.31.36.0-255,66,247835,17,412868
10630,0.038966,172.217.24.0-255,2902,250737,17,412868
10631,0.038971,172.31.36.0-255,66,250803,17,412868
10632,0.039002,172.217.24.0-255,2902,253705,17,412868
10633,0.039004,172.31.36.0-255,66,253771,17,412868
10634,0.040895,172.217.24.0-255,2902,256673,17,412868
10635,0.0409,172.31.36.0-255,66,256739,17,412868
10636,0.04096,172.217.24.0-255,1484,258223,17,412868
10637,0.040975,172.217.24.0-255,1484,259707,17,412868
10638,0.04098,172.31.36.0-255,66,259773,17,412868
10639,0.042827,172.217.24.0-255,2902,262675,17,412868
10640,0.042833,172.31.36.0-255,66,262741,17,412868
10641,0.042904,172.217.24.0-255,2902,265643,17,412868
10642,0.04291,172.31.36.0-255,66,265709,17,412868
10643,0.044756,172.217.24.0-255,2902,268611,17,412868
10644,0.044761,172.31.36.0-255,66,268677,17,412868
10645,0.044827,172.217.24.0-255,2902,271579,17,412868
10646,0.044832,172.31.36.0-255,66,271645,17,412868
10647,0.046687,172.217.24.0-255,1484,273129,17,412868
10648,0.046752,172.217.24.0-255,2902,276031,17,412868
10649,0.046757,172.31.36.0-255,66,276097,17,412868
10650,0.046772,172.217.24.0-255,1484,277581,17,412868
10651,0.048686,172.217.24.0-255,4320,281901,17,412868
10652,0.048692,172.31.36.0-255,66,281967,17,412868
10653,0.050629,172.217.24.0-255,4320,286287,17,412868
10654,0.050635,172.31.36.0-255,66,286353,17,412868
10655,0.05066,172.217.24.0-255,1484,287837,17,412868
10656,0.052562,172.217.24.0-255,4320,292157,17,412868
10657,0.052569,172.31.36.0-255,66,292223,17,412868
10658,0.054504,172.217.24.0-255,5738,297961,17,412868
10659,0.05451,172.31.36.0-255,66,298027,17,412868
10660,0.05646,172.217.24.0-255,5738,303765,17,412868
10661,0.056465,172.31.36.0-255,66,303831,17,412868
10662,0.058387,172.217.24.0-255,5738,309569,17,412868
10663,0.058391,172.31.36.0-255,66,309635,17,412868
10664,0.060348,172.217.24.0-255,5738,315373,17,412868
10665,0.060353,172.31.36.0-255,66,315439,17,412868
10666,0.062295,172.217.24.0-255,5738,321177,17,412868
10667,0.0623,172.31.36.0-255,66,321243,17,412868
10668,0.064234,172.217.24.0-255,5738,326981,17,412868
10669,0.064239,172.31.36.0-255,66,327047,17,412868
10670,0.066169,172.217.24.0-255,5738,332785,17,412868
10671,0.066175,172.31.36.0-255,66,332851,17,412868
10672,0.068103,172.217.24.0-255,5738,338589,17,412868
10673,0.068109,172.31.36.0-255,66,338655,17,412868
10674,0.070058,172.217.24.0-255,5738,344393,17,412868
10675,0.070064,172.31.36.0-255,66,344459,17,412868
10676,0.071994,172.217.24.0-255,4320,348779,17,412868
10677,0.072001,172.31.36.0-255,66,348845,17,412868
10678,0.072028,172.217.24.0-255,1484,350329,17,412868
10679,0.073945,172.217.24.0-255,4320,354649,17,412868
10680,0.073951,172.31.36.0-255,66,354715,17,412868
10681,0.075882,172.217.24.0-255,5738,360453,17,412868
10682,0.075887,172.31.36.0-255,66,360519,17,412868
10683,0.077812,172.217.24.0-255,5738,366257,17,412868
10684,0.077817,172.31.36.0-255,66,366323,17,412868
10685,0.079746,172.217.24.0-255,5738,372061,17,412868
10686,0.079751,172.31.36.0-255,66,372127,17,412868
10687,0.081676,172.217.24.0-255,5738,377865,17,412868
10688,0.081691,172.31.36.0-255,66,377931,17,412868
10689,0.08362,172.217.24.0-255,4320,382251,17,412868
10690,0.083625,172.31.36.0-255,66,382317,17,412868
10691,0.083652,172.217.24.0-255,1484,383801,17,412868
10692,0.085545,172.217.24.0-255,4320,388121,17,412868
10693,0.08555,172.31.36.0-255,66,388187,17,412868
10694,0.087493,172.217.24.0-255,5738,393925,17,412868
10695,0.087498,172.31.36.0-255,66,393991,17,412868
10696,0.089431,172.217.24.0-255,5738,399729,17,412868
10697,0.089437,172.31.36.0-255,66,399795,17,412868
10698,0.09137,172.217.24.0-255,4320,404115,17,412868
10699,0.091375,172.31.36.0-255,66,404181,17,412868
10700,0.091403,172.217.24.0-255,1484,405665,17,412868
10701,0.093298,172.217.24.0-255,1484,407149,17,412868
10702,0.093303,172.31.36.0-255,66,407215,17,412868
10703,0.093331,172.217.24.0-255,2902,410117,17,412868
10704,0.093335,172.31.36.0-255,66,410183,17,412868
10705,0.095229,172.217.24.0-255,2448,412631,17,412868
10706,0.095234,172.31.36.0-255,66,412697,17,412868
10707,0.095415,172.31.36.0-255,105,412802,17,412868
10708,0.097306,172.217.24.0-255,66,412868,17,412868
10709,0.0,172.217.194.0-255,147,147,17,200495
10710,2.7e-05,172.31.36.0-255,66,213,17,200495
10711,3.3e-05,172.217.194.0-255,1484,1697,17,200495
10712,3.6e-05,172.31.36.0-255,66,1763,17,200495
10713,4.1e-05,172.217.194.0-255,2902,4665,17,200495
10714,4.6e-05,172.31.36.0-255,66,4731,17,200495
10715,6.1e-05,172.217.194.0-255,7156,11887,17,200495
10716,6.5e-05,172.31.36.0-255,66,11953,17,200495
10717,0.000106,172.217.194.0-255,1484,13437,17,200495
10718,0.000109,172.31.36.0-255,66,13503,17,200495
10719,0.000137,172.217.194.0-255,2058,15561,17,200495
10720,0.00014,172.31.36.0-255,66,15627,17,200495
10721,0.00015,172.217.194.0-255,7156,22783,17,200495
10722,0.000152,172.31.36.0-255,66,22849,17,200495
10723,0.000183,172.217.194.0-255,5738,28587,17,200495
10724,0.000186,172.31.36.0-255,66,28653,17,200495
10725,0.000221,172.217.194.0-255,2543,31196,17,200495
10726,0.000224,172.31.36.0-255,66,31262,17,200495
10727,0.00026,172.31.36.0-255,66,31328,17,200495
10728,0.000285,172.217.194.0-255,2543,33871,17,200495
10729,0.000288,172.31.36.0-255,66,33937,17,200495
10730,0.000376,172.217.194.0-255,2902,36839,17,200495
10731,0.00038,172.31.36.0-255,66,36905,17,200495
10732,0.000419,172.31.36.0-255,66,36971,17,200495
10733,0.000966,172.217.194.0-255,381,37352,17,200495
10734,0.000972,172.31.36.0-255,66,37418,17,200495
10735,0.001179,172.217.194.0-255,1484,38902,17,200495
10736,0.001185,172.31.36.0-255,66,38968,17,200495
10737,0.001191,172.217.194.0-255,2902,41870,17,200495
10738,0.001194,172.31.36.0-255,66,41936,17,200495
10739,0.001207,172.217.194.0-255,5738,47674,17,200495
10740,0.001246,172.217.194.0-255,2902,50576,17,200495
10741,0.001262,172.217.194.0-255,2902,53478,17,200495
10742,0.001304,172.217.194.0-255,5738,59216,17,200495
10743,0.001325,172.217.194.0-255,7156,66372,17,200495
10744,0.001396,172.217.194.0-255,1484,67856,17,200495
10745,0.001414,172.217.194.0-255,3602,71458,17,200495
10746,0.00144,172.217.194.0-255,2902,74360,17,200495
10747,0.001475,172.217.194.0-255,5738,80098,17,200495
10748,0.001615,172.217.194.0-255,7156,87254,17,200495
10749,0.001635,172.217.194.0-255,6438,93692,17,200495
10750,0.001712,172.217.194.0-255,2902,96594,17,200495
10751,0.001992,172.217.194.0-255,4320,100914,17,200495
10752,0.002293,172.217.194.0-255,1484,102398,17,200495
10753,0.002464,172.31.36.0-255,66,102464,17,200495
10754,0.002574,172.31.36.0-255,66,102530,17,200495
10755,0.002611,172.31.36.0-255,66,102596,17,200495
10756,0.00277,172.31.36.0-255,66,102662,17,200495
10757,0.002841,172.31.36.0-255,66,102728,17,200495
10758,0.00288,172.31.36.0-255,66,102794,17,200495
10759,0.005135,172.217.194.0-255,5738,108532,17,200495
10760,0.00514,172.31.36.0-255,66,108598,17,200495
10761,0.007385,172.217.194.0-255,4320,112918,17,200495
10762,0.00739,172.31.36.0-255,66,112984,17,200495
10763,0.007417,172.217.194.0-255,1484,114468,17,200495
10764,0.009667,172.217.194.0-255,4320,118788,17,200495
10765,0.009679,172.31.36.0-255,66,118854,17,200495
10766,0.011952,172.217.194.0-255,5738,124592,17,200495
10767,0.011996,172.31.36.0-255,66,124658,17,200495
10768,0.01427,172.217.194.0-255,5738,130396,17,200495
10769,0.014281,172.31.36.0-255,66,130462,17,200495
10770,0.016552,172.217.194.0-255,5738,136200,17,200495
10771,0.016564,172.31.36.0-255,66,136266,17,200495
10772,0.01884,172.217.194.0-255,5738,142004,17,200495
10773,0.026478,172.31.36.0-255,66,142070,17,200495
10774,0.027112,172.217.194.0-255,1484,143554,17,200495
10775,0.028745,172.217.194.0-255,4320,147874,17,200495
10776,0.028753,172.31.36.0-255,66,147940,17,200495
10777,0.030284,172.31.36.0-255,176,148116,17,200495
10778,0.03031,172.31.36.0-255,1118,149234,17,200495
10779,0.030364,172.31.36.0-255,1514,150748,17,200495
10780,0.030366,172.31.36.0-255,1272,152020,17,200495
10781,0.031015,172.217.194.0-255,5738,157758,17,200495
10782,0.031057,172.31.36.0-255,66,157824,17,200495
10783,0.031767,104.244.42.0-255,66,157890,17,200495
10784,0.031787,104.244.42.0-255,66,157956,17,200495
10785,0.031874,104.244.42.0-255,66,158022,17,200495
10786,0.033301,172.217.194.0-255,5738,163760,17,200495
10787,0.033307,172.31.36.0-255,66,163826,17,200495
10788,0.035577,172.217.194.0-255,5738,169564,17,200495
10789,0.035583,172.31.36.0-255,66,169630,17,200495
10790,0.03784,172.217.194.0-255,5738,175368,17,200495
10791,0.037845,172.31.36.0-255,66,175434,17,200495
10792,0.040096,172.217.194.0-255,5738,181172,17,200495
10793,0.040101,172.31.36.0-255,66,181238,17,200495
10794,0.042361,172.217.194.0-255,5738,186976,17,200495
10795,0.042367,172.31.36.0-255,66,187042,17,200495
10796,0.044626,172.217.194.0-255,5738,192780,17,200495
10797,0.044631,172.31.36.0-255,66,192846,17,200495
10798,0.046915,172.217.194.0-255,5738,198584,17,200495
10799,0.046921,172.31.36.0-255,66,198650,17,200495
10800,0.04917,172.217.194.0-255,1608,200258,17,200495
10801,0.049175,172.31.36.0-255,66,200324,17,200495
10802,0.049359,172.31.36.0-255,105,200429,17,200495
10803,0.051588,172.217.194.0-255,66,200495,17,200495
10804,0.0,74.125.24.0-255,218,218,17,254908
10805,1.9e-05,172.31.36.0-255,66,284,17,254908
10806,2.7e-05,74.125.24.0-255,1484,1768,17,254908
10807,3.2e-05,172.31.36.0-255,66,1834,17,254908
10808,3.9e-05,74.125.24.0-255,4320,6154,17,254908
10809,4.1e-05,172.31.36.0-255,66,6220,17,254908
10810,4.8e-05,74.125.24.0-255,7156,13376,17,254908
10811,5.2e-05,172.31.36.0-255,66,13442,17,254908
10812,5.5e-05,74.125.24.0-255,437,13879,17,254908
10813,5.8e-05,172.31.36.0-255,66,13945,17,254908
10814,0.000519,74.125.24.0-255,1484,15429,17,254908
10815,0.000526,172.31.36.0-255,66,15495,17,254908
10816,0.000534,74.125.24.0-255,2902,18397,17,254908
10817,0.000536,172.31.36.0-255,66,18463,17,254908
10818,0.000543,74.125.24.0-255,5738,24201,17,254908
10819,0.000545,172.31.36.0-255,66,24267,17,254908
10820,0.000561,74.125.24.0-255,1484,25751,17,254908
10821,0.000563,172.31.36.0-255,66,25817,17,254908
10822,0.000605,172.31.36.0-255,66,25883,17,254908
10823,0.000611,74.125.24.0-255,5738,31621,17,254908
10824,0.000613,172.31.36.0-255,66,31687,17,254908
10825,0.000652,74.125.24.0-255,2902,34589,17,254908
10826,0.000655,172.31.36.0-255,66,34655,17,254908
10827,0.000675,172.31.36.0-255,66,34721,17,254908
10828,0.000697,172.31.36.0-255,66,34787,17,254908
10829,0.0007,74.125.24.0-255,443,35230,17,254908
10830,0.000702,172.31.36.0-255,66,35296,17,254908
10831,0.000868,74.125.24.0-255,1484,36780,17,254908
10832,0.000873,172.31.36.0-255,66,36846,17,254908
10833,0.000879,74.125.24.0-255,2902,39748,17,254908
10834,0.000881,172.31.36.0-255,66,39814,17,254908
10835,0.000888,74.125.24.0-255,5738,45552,17,254908
10836,0.000891,172.31.36.0-255,66,45618,17,254908
10837,0.000894,74.125.24.0-255,1484,47102,17,254908
10838,0.000931,172.31.36.0-255,66,47168,17,254908
10839,0.000958,74.125.24.0-255,4320,51488,17,254908
10840,0.000961,172.31.36.0-255,66,51554,17,254908
10841,0.000994,172.31.36.0-255,66,51620,17,254908
10842,0.001212,74.125.24.0-255,1484,53104,17,254908
10843,0.001218,74.125.24.0-255,1484,54588,17,254908
10844,0.001222,172.31.36.0-255,66,54654,17,254908
10845,0.001243,74.125.24.0-255,1484,56138,17,254908
10846,0.001251,74.125.24.0-255,5738,61876,17,254908
10847,0.001254,172.31.36.0-255,66,61942,17,254908
10848,0.001262,74.125.24.0-255,7156,69098,17,254908
10849,0.001265,172.31.36.0-255,66,69164,17,254908
10850,0.001305,74.125.24.0-255,7156,76320,17,254908
10851,0.001308,172.31.36.0-255,66,76386,17,254908
10852,0.001327,74.125.24.0-255,7156,83542,17,254908
10853,0.001329,172.31.36.0-255,66,83608,17,254908
10854,0.001334,74.125.24.0-255,2184,85792,17,254908
10855,0.001336,172.31.36.0-255,66,85858,17,254908
10856,0.001596,74.125.24.0-255,1484,87342,17,254908
10857,0.001602,74.125.24.0-255,1484,88826,17,254908
10858,0.001606,172.31.36.0-255,66,88892,17,254908
10859,0.001621,74.125.24.0-255,1484,90376,17,254908
10860,0.001651,74.125.24.0-255,5738,96114,17,254908
10861,0.001655,172.31.36.0-255,66,96180,17,254908
10862,0.001687,172.31.36.0-255,66,96246,17,254908
10863,0.001705,74.125.24.0-255,1484,97730,17,254908
10864,0.001718,172.31.36.0-255,66,97796,17,254908
10865,0.002008,74.125.24.0-255,1484,99280,17,254908
10866,0.002015,74.125.24.0-255,2902,102182,17,254908
10867,0.00202,172.31.36.0-255,66,102248,17,254908
10868,0.002054,74.125.24.0-255,4320,106568,17,254908
10869,0.002057,172.31.36.0-255,66,106634,17,254908
10870,0.002071,74.125.24.0-255,1484,108118,17,254908
10871,0.002074,74.125.24.0-255,1484,109602,17,254908
10872,0.002076,172.31.36.0-255,66,109668,17,254908
10873,0.002087,172.31.36.0-255,66,109734,17,254908
10874,0.002101,172.31.36.0-255,66,109800,17,254908
10875,0.002104,74.125.24.0-255,1484,111284,17,254908
10876,0.002142,74.125.24.0-255,2902,114186,17,254908
10877,0.002145,172.31.36.0-255,66,114252,17,254908
10878,0.002152,74.125.24.0-255,5738,119990,17,254908
10879,0.002154,172.31.36.0-255,66,120056,17,254908
10880,0.002157,74.125.24.0-255,1484,121540,17,254908
10881,0.002196,172.31.36.0-255,66,121606,17,254908
10882,0.002208,172.31.36.0-255,66,121672,17,254908
10883,0.00221,74.125.24.0-255,766,122438,17,254908
10884,0.002306,74.125.24.0-255,1484,123922,17,254908
10885,0.002311,172.31.36.0-255,66,123988,17,254908
10886,0.002317,74.125.24.0-255,2902,126890,17,254908
10887,0.002319,172.31.36.0-255,66,126956,17,254908
10888,0.002337,74.125.24.0-255,5738,132694,17,254908
10889,0.002341,172.31.36.0-255,66,132760,17,254908
10890,0.002356,74.125.24.0-255,1484,134244,17,254908
10891,0.002383,172.31.36.0-255,66,134310,17,254908
10892,0.002405,74.125.24.0-255,2902,137212,17,254908
10893,0.002408,172.31.36.0-255,66,137278,17,254908
10894,0.002421,172.31.36.0-255,66,137344,17,254908
10895,0.002527,74.125.24.0-255,1484,138828,17,254908
10896,0.002533,74.125.24.0-255,2902,141730,17,254908
10897,0.002537,172.31.36.0-255,66,141796,17,254908
10898,0.002549,74.125.24.0-255,1484,143280,17,254908
10899,0.002566,74.125.24.0-255,4320,147600,17,254908
10900,0.002569,172.31.36.0-255,66,147666,17,254908
10901,0.002592,172.31.36.0-255,66,147732,17,254908
10902,0.002622,74.125.24.0-255,2902,150634,17,254908
10903,0.002624,172.31.36.0-255,66,150700,17,254908
10904,0.002636,172.31.36.0-255,66,150766,17,254908
10905,0.00265,74.125.24.0-255,1484,152250,17,254908
10906,0.002701,74.125.24.0-255,2902,155152,17,254908
10907,0.002703,172.31.36.0-255,66,155218,17,254908
10908,0.002734,172.31.36.0-255,66,155284,17,254908
10909,0.005316,74.125.24.0-255,5738,161022,17,254908
10910,0.005323,172.31.36.0-255,66,161088,17,254908
10911,0.007914,74.125.24.0-255,5738,166826,17,254908
10912,0.007921,172.31.36.0-255,66,166892,17,254908
10913,0.010519,74.125.24.0-255,4320,171212,17,254908
10914,0.010528,172.31.36.0-255,66,171278,17,254908
10915,0.010549,74.125.24.0-255,1484,172762,17,254908
10916,0.013158,74.125.24.0-255,4320,177082,17,254908
10917,0.013169,172.31.36.0-255,66,177148,17,254908
10918,0.015819,74.125.24.0-255,5738,182886,17,254908
10919,0.01583,172.31.36.0-255,66,182952,17,254908
10920,0.018484,74.125.24.0-255,5738,188690,17,254908
10921,0.018492,172.31.36.0-255,66,188756,17,254908
10922,0.021089,74.125.24.0-255,5738,194494,17,254908
10923,0.021096,172.31.36.0-255,66,194560,17,254908
10924,0.023709,74.125.24.0-255,5738,200298,17,254908
10925,0.023716,172.31.36.0-255,66,200364,17,254908
10926,0.026343,74.125.24.0-255,5738,206102,17,254908
10927,0.026353,172.31.36.0-255,66,206168,17,254908
10928,0.028983,74.125.24.0-255,5738,211906,17,254908
10929,0.028995,172.31.36.0-255,66,211972,17,254908
10930,0.031612,74.125.24.0-255,5738,217710,17,254908
10931,0.031621,172.31.36.0-255,66,217776,17,254908
10932,0.033718,172.31.36.0-255,221,217997,17,254908
10933,0.033746,172.31.36.0-255,1118,219115,17,254908
10934,0.033812,172.31.36.0-255,1514,220629,17,254908
10935,0.033813,172.31.36.0-255,1514,222143,17,254908
10936,0.033818,172.31.36.0-255,1514,223657,17,254908
10937,0.033819,172.31.36.0-255,1048,224705,17,254908
10938,0.034242,74.125.24.0-255,5738,230443,17,254908
10939,0.034248,172.31.36.0-255,66,230509,17,254908
10940,0.035279,104.244.42.0-255,66,230575,17,254908
10941,0.035315,104.244.42.0-255,66,230641,17,254908
10942,0.035389,104.244.42.0-255,66,230707,17,254908
10943,0.03541,104.244.42.0-255,66,230773,17,254908
10944,0.036884,74.125.24.0-255,5738,236511,17,254908
10945,0.036889,172.31.36.0-255,66,236577,17,254908
10946,0.039511,74.125.24.0-255,5738,242315,17,254908
10947,0.039518,172.31.36.0-255,66,242381,17,254908
10948,0.04214,74.125.24.0-255,5738,248119,17,254908
10949,0.042147,172.31.36.0-255,66,248185,17,254908
10950,0.044744,74.125.24.0-255,5738,253923,17,254908
10951,0.04475,172.31.36.0-255,66,253989,17,254908
10952,0.047355,74.125.24.0-255,682,254671,17,254908
10953,0.047475,172.31.36.0-255,66,254737,17,254908
10954,0.047509,172.31.36.0-255,105,254842,17,254908
10955,0.050067,74.125.24.0-255,66,254908,17,254908
10956,0.0,172.217.194.0-255,209,209,17,316988
10957,2.2e-05,172.31.36.0-255,66,275,17,316988
10958,2.9e-05,172.217.194.0-255,1484,1759,17,316988
10959,3.3e-05,172.31.36.0-255,66,1825,17,316988
10960,4e-05,172.217.194.0-255,4320,6145,17,316988
10961,4.4e-05,172.31.36.0-255,66,6211,17,316988
10962,7.3e-05,172.217.194.0-255,7156,13367,17,316988
10963,7.6e-05,172.31.36.0-255,66,13433,17,316988
10964,9.4e-05,172.217.194.0-255,462,13895,17,316988
10965,9.7e-05,172.31.36.0-255,66,13961,17,316988
10966,0.000112,172.217.194.0-255,1484,15445,17,316988
10967,0.000114,172.31.36.0-255,66,15511,17,316988
10968,0.000145,172.217.194.0-255,1484,16995,17,316988
10969,0.000147,172.31.36.0-255,66,17061,17,316988
10970,0.00016,172.217.194.0-255,2902,19963,17,316988
10971,0.000163,172.31.36.0-255,66,20029,17,316988
10972,0.000167,172.217.194.0-255,2902,22931,17,316988
10973,0.00017,172.31.36.0-255,66,22997,17,316988
10974,0.00019,172.217.194.0-255,2902,25899,17,316988
10975,0.000193,172.31.36.0-255,66,25965,17,316988
10976,0.000209,172.217.194.0-255,5379,31344,17,316988
10977,0.000212,172.31.36.0-255,66,31410,17,316988
10978,0.000827,172.217.194.0-255,1484,32894,17,316988
10979,0.000833,172.31.36.0-255,66,32960,17,316988
10980,0.000843,172.217.194.0-255,2902,35862,17,316988
10981,0.000845,172.31.36.0-255,66,35928,17,316988
10982,0.000862,172.217.194.0-255,1484,37412,17,316988
10983,0.000864,172.31.36.0-255,66,37478,17,316988
10984,0.000882,172.217.194.0-255,4320,41798,17,316988
10985,0.000884,172.31.36.0-255,66,41864,17,316988
10986,0.000904,172.217.194.0-255,1484,43348,17,316988
10987,0.000906,172.31.36.0-255,66,43414,17,316988
10988,0.000923,172.217.194.0-255,1484,44898,17,316988
10989,0.001562,172.217.194.0-255,360,45258,17,316988
10990,0.001602,172.217.194.0-255,1484,46742,17,316988
10991,0.001606,172.217.194.0-255,1484,48226,17,316988
10992,0.001626,172.217.194.0-255,4320,52546,17,316988
10993,0.001658,172.217.194.0-255,5738,58284,17,316988
10994,0.001676,172.217.194.0-255,4320,62604,17,316988
10995,0.001682,172.217.194.0-255,5738,68342,17,316988
10996,0.001726,172.217.194.0-255,5738,74080,17,316988
10997,0.00174,172.217.194.0-255,4320,78400,17,316988
10998,0.001751,172.217.194.0-255,766,79166,17,316988
10999,0.005825,172.31.36.0-255,66,79232,17,316988
11000,0.008097,172.217.194.0-255,5738,84970,17,316988
11001,0.008105,172.31.36.0-255,66,85036,17,316988
11002,0.010444,172.217.194.0-255,5738,90774,17,316988
11003,0.011034,172.31.36.0-255,66,90840,17,316988
11004,0.013347,172.217.194.0-255,5738,96578,17,316988
11005,0.013357,172.31.36.0-255,66,96644,17,316988
11006,0.015695,172.217.194.0-255,5738,102382,17,316988
11007,0.015704,172.31.36.0-255,66,102448,17,316988
11008,0.018016,172.217.194.0-255,5738,108186,17,316988
11009,0.018021,172.31.36.0-255,66,108252,17,316988
11010,0.020305,172.217.194.0-255,5738,113990,17,316988
11011,0.020314,172.31.36.0-255,66,114056,17,316988
11012,0.02261,172.217.194.0-255,5738,119794,17,316988
11013,0.022618,172.31.36.0-255,66,119860,17,316988
11014,0.024959,172.217.194.0-255,5738,125598,17,316988
11015,0.024966,172.31.36.0-255,66,125664,17,316988
11016,0.026852,172.31.36.0-255,176,125840,17,316988
11017,0.026883,172.31.36.0-255,1117,126957,17,316988
11018,0.026944,172.31.36.0-255,1514,128471,17,316988
11019,0.026946,172.31.36.0-255,1271,129742,17,316988
11020,0.027317,172.217.194.0-255,5738,135480,17,316988
11021,0.027324,172.31.36.0-255,66,135546,17,316988
11022,0.028359,104.244.42.0-255,66,135612,17,316988
11023,0.028428,104.244.42.0-255,66,135678,17,316988
11024,0.028477,104.244.42.0-255,66,135744,17,316988
11025,0.02962,172.217.194.0-255,5738,141482,17,316988
11026,0.029625,172.31.36.0-255,66,141548,17,316988
11027,0.031945,172.217.194.0-255,5738,147286,17,316988
11028,0.031953,172.31.36.0-255,66,147352,17,316988
11029,0.034216,172.217.194.0-255,5738,153090,17,316988
11030,0.034222,172.31.36.0-255,66,153156,17,316988
11031,0.036546,172.217.194.0-255,5738,158894,17,316988
11032,0.036552,172.31.36.0-255,66,158960,17,316988
11033,0.038805,172.217.194.0-255,5738,164698,17,316988
11034,0.038813,172.31.36.0-255,66,164764,17,316988
11035,0.041148,172.217.194.0-255,5738,170502,17,316988
11036,0.041155,172.31.36.0-255,66,170568,17,316988
11037,0.043492,172.217.194.0-255,5738,176306,17,316988
11038,0.043499,172.31.36.0-255,66,176372,17,316988
11039,0.045809,172.217.194.0-255,5738,182110,17,316988
11040,0.045815,172.31.36.0-255,66,182176,17,316988
11041,0.048112,172.217.194.0-255,5738,187914,17,316988
11042,0.048122,172.31.36.0-255,66,187980,17,316988
11043,0.050439,172.217.194.0-255,5738,193718,17,316988
11044,0.050445,172.31.36.0-255,66,193784,17,316988
11045,0.052737,172.217.194.0-255,5738,199522,17,316988
11046,0.052745,172.31.36.0-255,66,199588,17,316988
11047,0.055077,172.217.194.0-255,5738,205326,17,316988
11048,0.055083,172.31.36.0-255,66,205392,17,316988
11049,0.057385,172.217.194.0-255,5738,211130,17,316988
11050,0.057393,172.31.36.0-255,66,211196,17,316988
11051,0.059678,172.217.194.0-255,5738,216934,17,316988
11052,0.059684,172.31.36.0-255,66,217000,17,316988
11053,0.062035,172.217.194.0-255,5738,222738,17,316988
11054,0.062044,172.31.36.0-255,66,222804,17,316988
11055,0.06431,172.217.194.0-255,5738,228542,17,316988
11056,0.064319,172.31.36.0-255,66,228608,17,316988
11057,0.066618,172.217.194.0-255,5738,234346,17,316988
11058,0.066626,172.31.36.0-255,66,234412,17,316988
11059,0.068928,172.217.194.0-255,5738,240150,17,316988
11060,0.068935,172.31.36.0-255,66,240216,17,316988
11061,0.071224,172.217.194.0-255,5738,245954,17,316988
11062,0.071231,172.31.36.0-255,66,246020,17,316988
11063,0.07357,172.217.194.0-255,5738,251758,17,316988
11064,0.073577,172.31.36.0-255,66,251824,17,316988
11065,0.075895,172.217.194.0-255,5738,257562,17,316988
11066,0.075902,172.31.36.0-255,66,257628,17,316988
11067,0.078185,172.217.194.0-255,2902,260530,17,316988
11068,0.078191,172.31.36.0-255,66,260596,17,316988
11069,0.078212,172.217.194.0-255,2902,263498,17,316988
11070,0.078255,172.31.36.0-255,66,263564,17,316988
11071,0.080467,172.217.194.0-255,2902,266466,17,316988
11072,0.080474,172.31.36.0-255,66,266532,17,316988
11073,0.080585,172.217.194.0-255,2902,269434,17,316988
11074,0.080589,172.31.36.0-255,66,269500,17,316988
11075,0.082788,172.217.194.0-255,2902,272402,17,316988
11076,0.082794,172.31.36.0-255,66,272468,17,316988
11077,0.082849,172.217.194.0-255,2902,275370,17,316988
11078,0.082865,172.31.36.0-255,66,275436,17,316988
11079,0.085068,172.217.194.0-255,2902,278338,17,316988
11080,0.085075,172.31.36.0-255,66,278404,17,316988
11081,0.085121,172.217.194.0-255,2902,281306,17,316988
11082,0.085144,172.31.36.0-255,66,281372,17,316988
11083,0.087324,172.217.194.0-255,2902,284274,17,316988
11084,0.087331,172.31.36.0-255,66,284340,17,316988
11085,0.08747,172.217.194.0-255,2902,287242,17,316988
11086,0.087475,172.31.36.0-255,66,287308,17,316988
11087,0.089646,172.217.194.0-255,2902,290210,17,316988
11088,0.089656,172.31.36.0-255,66,290276,17,316988
11089,0.089786,172.217.194.0-255,2902,293178,17,316988
11090,0.08979,172.31.36.0-255,66,293244,17,316988
11091,0.091975,172.217.194.0-255,2902,296146,17,316988
11092,0.091984,172.31.36.0-255,66,296212,17,316988
11093,0.092116,172.217.194.0-255,2902,299114,17,316988
11094,0.092121,172.31.36.0-255,66,299180,17,316988
11095,0.094306,172.217.194.0-255,2902,302082,17,316988
11096,0.094318,172.31.36.0-255,66,302148,17,316988
11097,0.094438,172.217.194.0-255,2902,305050,17,316988
11098,0.094443,172.31.36.0-255,66,305116,17,316988
11099,0.096623,172.217.194.0-255,2902,308018,17,316988
11100,0.096629,172.31.36.0-255,66,308084,17,316988
11101,0.096747,172.217.194.0-255,2902,310986,17,316988
11102,0.096752,172.31.36.0-255,66,311052,17,316988
11103,0.098943,172.217.194.0-255,2902,313954,17,316988
11104,0.098949,172.31.36.0-255,66,314020,17,316988
11105,0.099031,172.217.194.0-255,2902,316922,17,316988
11106,0.09905,172.31.36.0-255,66,316988,17,316988
11107,0.0,172.217.27.0-255,167,167,17,367138
11108,3.4e-05,172.31.36.0-255,66,233,17,367138
11109,4.1e-05,172.217.27.0-255,1484,1717,17,367138
11110,4.6e-05,172.31.36.0-255,66,1783,17,367138
11111,5.1e-05,172.217.27.0-255,2902,4685,17,367138
11112,6.2e-05,172.31.36.0-255,66,4751,17,367138
11113,6.9e-05,172.217.27.0-255,5738,10489,17,367138
11114,7.1e-05,172.31.36.0-255,66,10555,17,367138
11115,7.7e-05,172.217.27.0-255,3384,13939,17,367138
11116,7.9e-05,172.31.36.0-255,66,14005,17,367138
11117,8.5e-05,172.217.27.0-255,4320,18325,17,367138
11118,8.7e-05,172.31.36.0-255,66,18391,17,367138
11119,0.000139,172.217.27.0-255,5738,24129,17,367138
11120,0.000142,172.31.36.0-255,66,24195,17,367138
11121,0.00015,172.217.27.0-255,6797,30992,17,367138
11122,0.000161,172.31.36.0-255,66,31058,17,367138
11123,0.00028,172.217.27.0-255,1484,32542,17,367138
11124,0.000283,172.31.36.0-255,66,32608,17,367138
11125,0.000289,172.217.27.0-255,2902,35510,17,367138
11126,0.000291,172.31.36.0-255,66,35576,17,367138
11127,0.000296,172.217.27.0-255,2902,38478,17,367138
11128,0.000304,172.31.36.0-255,66,38544,17,367138
11129,0.000332,172.217.27.0-255,2902,41446,17,367138
11130,0.000337,172.31.36.0-255,66,41512,17,367138
11131,0.000351,172.217.27.0-255,4320,45832,17,367138
11132,0.000354,172.31.36.0-255,66,45898,17,367138
11133,0.00036,172.217.27.0-255,5738,51636,17,367138
11134,0.000362,172.31.36.0-255,66,51702,17,367138
11135,0.000376,172.217.27.0-255,2516,54218,17,367138
11136,0.000378,172.31.36.0-255,66,54284,17,367138
11137,0.000382,172.31.36.0-255,66,54350,17,367138
11138,0.00097,172.217.27.0-255,114,54464,17,367138
11139,0.001166,172.217.27.0-255,1484,55948,17,367138
11140,0.001172,172.31.36.0-255,66,56014,17,367138
11141,0.001178,172.217.27.0-255,2902,58916,17,367138
11142,0.001181,172.31.36.0-255,66,58982,17,367138
11143,0.001194,172.217.27.0-255,5738,64720,17,367138
11144,0.001196,172.31.36.0-255,66,64786,17,367138
11145,0.001239,172.31.36.0-255,66,64852,17,367138
11146,0.001252,172.31.36.0-255,66,64918,17,367138
11147,0.001255,172.217.27.0-255,766,65684,17,367138
11148,0.001424,172.217.27.0-255,1484,67168,17,367138
11149,0.001429,172.31.36.0-255,66,67234,17,367138
11150,0.001435,172.217.27.0-255,2902,70136,17,367138
11151,0.001437,172.31.36.0-255,66,70202,17,367138
11152,0.001453,172.217.27.0-255,5738,75940,17,367138
11153,0.001455,172.31.36.0-255,66,76006,17,367138
11154,0.001459,172.217.27.0-255,1484,77490,17,367138
11155,0.001498,172.31.36.0-255,66,77556,17,367138
11156,0.001507,172.31.36.0-255,66,77622,17,367138
11157,0.00153,172.217.27.0-255,2184,79806,17,367138
11158,0.001533,172.31.36.0-255,66,79872,17,367138
11159,0.003136,172.217.27.0-255,1484,81356,17,367138
11160,0.003152,172.217.27.0-255,4320,85676,17,367138
11161,0.003155,172.31.36.0-255,66,85742,17,367138
11162,0.004794,172.217.27.0-255,5738,91480,17,367138
11163,0.004798,172.31.36.0-255,66,91546,17,367138
11164,0.006439,172.217.27.0-255,4320,95866,17,367138
11165,0.006445,172.31.36.0-255,66,95932,17,367138
11166,0.00648,172.217.27.0-255,1484,97416,17,367138
11167,0.008095,172.217.27.0-255,4320,101736,17,367138
11168,0.008105,172.31.36.0-255,66,101802,17,367138
11169,0.009758,172.217.27.0-255,5738,107540,17,367138
11170,0.009766,172.31.36.0-255,66,107606,17,367138
11171,0.011416,172.217.27.0-255,5738,113344,17,367138
11172,0.011424,172.31.36.0-255,66,113410,17,367138
11173,0.013068,172.217.27.0-255,5738,119148,17,367138
11174,0.013075,172.31.36.0-255,66,119214,17,367138
11175,0.014722,172.217.27.0-255,5738,124952,17,367138
11176,0.014728,172.31.36.0-255,66,125018,17,367138
11177,0.01639,172.217.27.0-255,5738,130756,17,367138
11178,0.016398,172.31.36.0-255,66,130822,17,367138
11179,0.018052,172.217.27.0-255,5738,136560,17,367138
11180,0.018065,172.31.36.0-255,66,136626,17,367138
11181,0.019717,172.217.27.0-255,5738,142364,17,367138
11182,0.019724,172.31.36.0-255,66,142430,17,367138
11183,0.021405,172.217.27.0-255,5738,148168,17,367138
11184,0.021413,172.31.36.0-255,66,148234,17,367138
11185,0.023055,172.217.27.0-255,5738,153972,17,367138
11186,0.023062,172.31.36.0-255,66,154038,17,367138
11187,0.024716,172.217.27.0-255,5738,159776,17,367138
11188,0.024729,172.31.36.0-255,66,159842,17,367138
11189,0.026388,172.217.27.0-255,5738,165580,17,367138
11190,0.026398,172.31.36.0-255,66,165646,17,367138
11191,0.028056,172.217.27.0-255,5738,171384,17,367138
11192,0.028068,172.31.36.0-255,66,171450,17,367138
11193,0.029722,172.217.27.0-255,5738,177188,17,367138
11194,0.029729,172.31.36.0-255,66,177254,17,367138
11195,0.031374,172.217.27.0-255,5738,182992,17,367138
11196,0.031381,172.31.36.0-255,66,183058,17,367138
11197,0.033027,172.217.27.0-255,5738,188796,17,367138
11198,0.033034,172.31.36.0-255,66,188862,17,367138
11199,0.033311,172.31.36.0-255,188,189050,17,367138
11200,0.03334,172.31.36.0-255,961,190011,17,367138
11201,0.033439,172.31.36.0-255,1514,191525,17,367138
11202,0.033442,172.31.36.0-255,1427,192952,17,367138
11203,0.034687,172.217.27.0-255,5738,198690,17,367138
11204,0.034694,172.31.36.0-255,66,198756,17,367138
11205,0.034874,104.244.42.0-255,66,198822,17,367138
11206,0.034882,104.244.42.0-255,66,198888,17,367138
11207,0.03502,104.244.42.0-255,66,198954,17,367138
11208,0.036341,172.217.27.0-255,5738,204692,17,367138
11209,0.036348,172.31.36.0-255,66,204758,17,367138
11210,0.038001,172.217.27.0-255,5738,210496,17,367138
11211,0.038007,172.31.36.0-255,66,210562,17,367138
11212,0.03965,172.217.27.0-255,5738,216300,17,367138
11213,0.039656,172.31.36.0-255,66,216366,17,367138
11214,0.041301,172.217.27.0-255,5738,222104,17,367138
11215,0.041308,172.31.36.0-255,66,222170,17,367138
11216,0.042958,172.217.27.0-255,5738,227908,17,367138
11217,0.042963,172.31.36.0-255,66,227974,17,367138
11218,0.044615,172.217.27.0-255,5738,233712,17,367138
11219,0.044624,172.31.36.0-255,66,233778,17,367138
11220,0.046267,172.217.27.0-255,5738,239516,17,367138
11221,0.04629,172.31.36.0-255,66,239582,17,367138
11222,0.047931,172.217.27.0-255,5738,245320,17,367138
11223,0.047937,172.31.36.0-255,66,245386,17,367138
11224,0.049583,172.217.27.0-255,5738,251124,17,367138
11225,0.049588,172.31.36.0-255,66,251190,17,367138
11226,0.051246,172.217.27.0-255,5738,256928,17,367138
11227,0.051251,172.31.36.0-255,66,256994,17,367138
11228,0.052889,172.217.27.0-255,5738,262732,17,367138
11229,0.052894,172.31.36.0-255,66,262798,17,367138
11230,0.054542,172.217.27.0-255,5738,268536,17,367138
11231,0.054548,172.31.36.0-255,66,268602,17,367138
11232,0.056203,172.217.27.0-255,5738,274340,17,367138
11233,0.056209,172.31.36.0-255,66,274406,17,367138
11234,0.057849,172.217.27.0-255,5738,280144,17,367138
11235,0.057855,172.31.36.0-255,66,280210,17,367138
11236,0.059501,172.217.27.0-255,5738,285948,17,367138
11237,0.059508,172.31.36.0-255,66,286014,17,367138
11238,0.06115,172.217.27.0-255,5738,291752,17,367138
11239,0.061157,172.31.36.0-255,66,291818,17,367138
11240,0.062797,172.217.27.0-255,5738,297556,17,367138
11241,0.062802,172.31.36.0-255,66,297622,17,367138
11242,0.064451,172.217.27.0-255,5738,303360,17,367138
11243,0.064458,172.31.36.0-255,66,303426,17,367138
11244,0.066098,172.217.27.0-255,5738,309164,17,367138
11245,0.066104,172.31.36.0-255,66,309230,17,367138
11246,0.067747,172.217.27.0-255,5738,314968,17,367138
11247,0.067752,172.31.36.0-255,66,315034,17,367138
11248,0.069389,172.217.27.0-255,5738,320772,17,367138
11249,0.069395,172.31.36.0-255,66,320838,17,367138
11250,0.071034,172.217.27.0-255,5738,326576,17,367138
11251,0.07104,172.31.36.0-255,66,326642,17,367138
11252,0.072705,172.217.27.0-255,5738,332380,17,367138
11253,0.072711,172.31.36.0-255,66,332446,17,367138
11254,0.074351,172.217.27.0-255,5738,338184,17,367138
11255,0.074357,172.31.36.0-255,66,338250,17,367138
11256,0.075999,172.217.27.0-255,5738,343988,17,367138
11257,0.076006,172.31.36.0-255,66,344054,17,367138
11258,0.077682,172.217.27.0-255,5738,349792,17,367138
11259,0.077689,172.31.36.0-255,66,349858,17,367138
11260,0.079338,172.217.27.0-255,5738,355596,17,367138
11261,0.079345,172.31.36.0-255,66,355662,17,367138
11262,0.080981,172.217.27.0-255,5738,361400,17,367138
11263,0.080988,172.31.36.0-255,66,361466,17,367138
11264,0.082631,172.217.27.0-255,5435,366901,17,367138
11265,0.082637,172.31.36.0-255,66,366967,17,367138
11266,0.082867,172.31.36.0-255,105,367072,17,367138
11267,0.084481,172.217.27.0-255,66,367138,17,367138
11268,0.0,74.125.130.0-255,143,143,17,398712
11269,2e-05,172.31.36.0-255,66,209,17,398712
11270,2.7e-05,74.125.130.0-255,1484,1693,17,398712
11271,3.1e-05,172.31.36.0-255,66,1759,17,398712
11272,3.6e-05,74.125.130.0-255,2902,4661,17,398712
11273,3.9e-05,172.31.36.0-255,66,4727,17,398712
11274,5.1e-05,74.125.130.0-255,1484,6211,17,398712
11275,5.4e-05,172.31.36.0-255,66,6277,17,398712
11276,8e-05,74.125.130.0-255,4320,10597,17,398712
11277,8.3e-05,172.31.36.0-255,66,10663,17,398712
11278,8.8e-05,74.125.130.0-255,3437,14100,17,398712
11279,9e-05,172.31.36.0-255,66,14166,17,398712
11280,0.00014,74.125.130.0-255,1484,15650,17,398712
11281,0.000142,172.31.36.0-255,66,15716,17,398712
11282,0.000147,74.125.130.0-255,2902,18618,17,398712
11283,0.000149,172.31.36.0-255,66,18684,17,398712
11284,0.000193,74.125.130.0-255,5738,24422,17,398712
11285,0.000197,172.31.36.0-255,66,24488,17,398712
11286,0.000202,74.125.130.0-255,4320,28808,17,398712
11287,0.000205,172.31.36.0-255,66,28874,17,398712
11288,0.000236,74.125.130.0-255,2543,31417,17,398712
11289,0.000239,172.31.36.0-255,66,31483,17,398712
11290,0.000428,74.125.130.0-255,1484,32967,17,398712
11291,0.000435,172.31.36.0-255,66,33033,17,398712
11292,0.000441,74.125.130.0-255,2902,35935,17,398712
11293,0.000443,172.31.36.0-255,66,36001,17,398712
11294,0.000471,74.125.130.0-255,5738,41739,17,398712
11295,0.000474,172.31.36.0-255,66,41805,17,398712
11296,0.000477,74.125.130.0-255,1484,43289,17,398712
11297,0.000478,172.31.36.0-255,66,43355,17,398712
11298,0.000506,74.125.130.0-255,5379,48734,17,398712
11299,0.000509,172.31.36.0-255,66,48800,17,398712
11300,0.000512,74.125.130.0-255,1484,50284,17,398712
11301,0.00054,74.125.130.0-255,5738,56022,17,398712
11302,0.000543,172.31.36.0-255,66,56088,17,398712
11303,0.000559,172.31.36.0-255,66,56154,17,398712
11304,0.000582,74.125.130.0-255,1125,57279,17,398712
11305,0.000631,74.125.130.0-255,646,57925,17,398712
11306,0.000634,172.31.36.0-255,66,57991,17,398712
11307,0.00086,74.125.130.0-255,1484,59475,17,398712
11308,0.000867,74.125.130.0-255,2902,62377,17,398712
11309,0.000872,172.31.36.0-255,66,62443,17,398712
11310,0.000904,74.125.130.0-255,5738,68181,17,398712
11311,0.000909,172.31.36.0-255,66,68247,17,398712
11312,0.000916,74.125.130.0-255,5738,73985,17,398712
11313,0.000918,172.31.36.0-255,66,74051,17,398712
11314,0.000943,74.125.130.0-255,1484,75535,17,398712
11315,0.000972,74.125.130.0-255,5738,81273,17,398712
11316,0.000978,172.31.36.0-255,66,81339,17,398712
11317,0.001004,74.125.130.0-255,5738,87077,17,398712
11318,0.001009,172.31.36.0-255,66,87143,17,398712
11319,0.001015,74.125.130.0-255,5020,92163,17,398712
11320,0.001018,172.31.36.0-255,66,92229,17,398712
11321,0.001044,74.125.130.0-255,1484,93713,17,398712
11322,0.001054,74.125.130.0-255,2902,96615,17,398712
11323,0.001057,172.31.36.0-255,66,96681,17,398712
11324,0.00108,74.125.130.0-255,5738,102419,17,398712
11325,0.001084,172.31.36.0-255,66,102485,17,398712
11326,0.001118,74.125.130.0-255,5738,108223,17,398712
11327,0.001122,74.125.130.0-255,2902,111125,17,398712
11328,0.001127,172.31.36.0-255,66,111191,17,398712
11329,0.001135,172.31.36.0-255,66,111257,17,398712
11330,0.001145,74.125.130.0-255,4320,115577,17,398712
11331,0.001148,172.31.36.0-255,66,115643,17,398712
11332,0.001155,74.125.130.0-255,7156,122799,17,398712
11333,0.001157,172.31.36.0-255,66,122865,17,398712
11334,0.001189,74.125.130.0-255,3602,126467,17,398712
11335,0.001192,172.31.36.0-255,66,126533,17,398712
11336,0.001452,74.125.130.0-255,1484,128017,17,398712
11337,0.001458,74.125.130.0-255,2902,130919,17,398712
11338,0.001476,172.31.36.0-255,66,130985,17,398712
11339,0.001484,74.125.130.0-255,5738,136723,17,398712
11340,0.001486,172.31.36.0-255,66,136789,17,398712
11341,0.001489,74.125.130.0-255,1484,138273,17,398712
11342,0.001514,74.125.130.0-255,1484,139757,17,398712
11343,0.001516,172.31.36.0-255,66,139823,17,398712
11344,0.00152,74.125.130.0-255,4320,144143,17,398712
11345,0.001522,172.31.36.0-255,66,144209,17,398712
11346,0.001528,74.125.130.0-255,5738,149947,17,398712
11347,0.00153,172.31.36.0-255,66,150013,17,398712
11348,0.001563,74.125.130.0-255,2902,152915,17,398712
11349,0.001565,172.31.36.0-255,66,152981,17,398712
11350,0.001579,74.125.130.0-255,5738,158719,17,398712
11351,0.00158,172.31.36.0-255,66,158785,17,398712
11352,0.001622,74.125.130.0-255,2184,160969,17,398712
11353,0.001625,172.31.36.0-255,66,161035,17,398712
11354,0.001929,74.125.130.0-255,1484,162519,17,398712
11355,0.001935,74.125.130.0-255,1484,164003,17,398712
11356,0.001938,172.31.36.0-255,66,164069,17,398712
11357,0.001972,74.125.130.0-255,1484,165553,17,398712
11358,0.001976,74.125.130.0-255,2902,168455,17,398712
11359,0.001979,172.31.36.0-255,66,168521,17,398712
11360,0.001983,74.125.130.0-255,4320,172841,17,398712
11361,0.001985,172.31.36.0-255,66,172907,17,398712
11362,0.00199,74.125.130.0-255,4320,177227,17,398712
11363,0.001992,172.31.36.0-255,66,177293,17,398712
11364,0.002027,74.125.130.0-255,4320,181613,17,398712
11365,0.00203,172.31.36.0-255,66,181679,17,398712
11366,0.002035,74.125.130.0-255,5738,187417,17,398712
11367,0.002037,172.31.36.0-255,66,187483,17,398712
11368,0.002048,74.125.130.0-255,7156,194639,17,398712
11369,0.002049,172.31.36.0-255,66,194705,17,398712
11370,0.002052,74.125.130.0-255,766,195471,17,398712
11371,0.002302,74.125.130.0-255,1484,196955,17,398712
11372,0.002307,74.125.130.0-255,2902,199857,17,398712
11373,0.002311,172.31.36.0-255,66,199923,17,398712
11374,0.002314,172.31.36.0-255,66,199989,17,398712
11375,0.002342,74.125.130.0-255,5738,205727,17,398712
11376,0.002348,172.31.36.0-255,66,205793,17,398712
11377,0.002351,74.125.130.0-255,1484,207277,17,398712
11378,0.002382,172.31.36.0-255,66,207343,17,398712
11379,0.002419,172.31.36.0-255,66,207409,17,398712
11380,0.004781,74.125.130.0-255,5738,213147,17,398712
11381,0.004788,172.31.36.0-255,66,213213,17,398712
11382,0.007203,74.125.130.0-255,4320,217533,17,398712
11383,0.00721,172.31.36.0-255,66,217599,17,398712
11384,0.007239,74.125.130.0-255,1484,219083,17,398712
11385,0.009612,74.125.130.0-255,4320,223403,17,398712
11386,0.009621,172.31.36.0-255,66,223469,17,398712
11387,0.011983,74.125.130.0-255,5738,229207,17,398712
11388,0.011992,172.31.36.0-255,66,229273,17,398712
11389,0.014347,74.125.130.0-255,5738,235011,17,398712
11390,0.014355,172.31.36.0-255,66,235077,17,398712
11391,0.016713,74.125.130.0-255,5738,240815,17,398712
11392,0.01672,172.31.36.0-255,66,240881,17,398712
11393,0.019084,74.125.130.0-255,5738,246619,17,398712
11394,0.019089,172.31.36.0-255,66,246685,17,398712
11395,0.021477,74.125.130.0-255,5738,252423,17,398712
11396,0.021484,172.31.36.0-255,66,252489,17,398712
11397,0.023859,74.125.130.0-255,5738,258227,17,398712
11398,0.023867,172.31.36.0-255,66,258293,17,398712
11399,0.026245,74.125.130.0-255,5738,264031,17,398712
11400,0.026251,172.31.36.0-255,66,264097,17,398712
11401,0.027293,172.31.36.0-255,172,264269,17,398712
11402,0.027343,172.31.36.0-255,1118,265387,17,398712
11403,0.027417,172.31.36.0-255,1514,266901,17,398712
11404,0.027419,172.31.36.0-255,1514,268415,17,398712
11405,0.027424,172.31.36.0-255,1514,269929,17,398712
11406,0.027426,172.31.36.0-255,1048,270977,17,398712
11407,0.028616,74.125.130.0-255,5738,276715,17,398712
11408,0.028623,172.31.36.0-255,66,276781,17,398712
11409,0.028846,104.244.42.0-255,66,276847,17,398712
11410,0.028889,104.244.42.0-255,66,276913,17,398712
11411,0.028999,104.244.42.0-255,66,276979,17,398712
11412,0.029005,104.244.42.0-255,66,277045,17,398712
11413,0.03098,74.125.130.0-255,4320,281365,17,398712
11414,0.030987,172.31.36.0-255,66,281431,17,398712
11415,0.031021,74.125.130.0-255,1484,282915,17,398712
11416,0.033346,74.125.130.0-255,4320,287235,17,398712
11417,0.033352,172.31.36.0-255,66,287301,17,398712
11418,0.035717,74.125.130.0-255,5738,293039,17,398712
11419,0.035723,172.31.36.0-255,66,293105,17,398712
11420,0.038077,74.125.130.0-255,4320,297425,17,398712
11421,0.038082,172.31.36.0-255,66,297491,17,398712
11422,0.038114,74.125.130.0-255,1484,298975,17,398712
11423,0.040437,74.125.130.0-255,4320,303295,17,398712
11424,0.040442,172.31.36.0-255,66,303361,17,398712
11425,0.04281,74.125.130.0-255,5738,309099,17,398712
11426,0.042816,172.31.36.0-255,66,309165,17,398712
11427,0.045174,74.125.130.0-255,5738,314903,17,398712
11428,0.045181,172.31.36.0-255,66,314969,17,398712
11429,0.047545,74.125.130.0-255,5738,320707,17,398712
11430,0.047555,172.31.36.0-255,66,320773,17,398712
11431,0.049908,74.125.130.0-255,5738,326511,17,398712
11432,0.049914,172.31.36.0-255,66,326577,17,398712
11433,0.052276,74.125.130.0-255,2902,329479,17,398712
11434,0.05228,172.31.36.0-255,66,329545,17,398712
11435,0.052315,74.125.130.0-255,2902,332447,17,398712
11436,0.052318,172.31.36.0-255,66,332513,17,398712
11437,0.054626,74.125.130.0-255,2902,335415,17,398712
11438,0.054633,172.31.36.0-255,66,335481,17,398712
11439,0.054661,74.125.130.0-255,2902,338383,17,398712
11440,0.054664,172.31.36.0-255,66,338449,17,398712
11441,0.057001,74.125.130.0-255,2902,341351,17,398712
11442,0.057007,172.31.36.0-255,66,341417,17,398712
11443,0.057044,74.125.130.0-255,2902,344319,17,398712
11444,0.057048,172.31.36.0-255,66,344385,17,398712
11445,0.059385,74.125.130.0-255,2902,347287,17,398712
11446,0.059391,172.31.36.0-255,66,347353,17,398712
11447,0.059429,74.125.130.0-255,2902,350255,17,398712
11448,0.059432,172.31.36.0-255,66,350321,17,398712
11449,0.061762,74.125.130.0-255,2902,353223,17,398712
11450,0.061769,172.31.36.0-255,66,353289,17,398712
11451,0.061796,74.125.130.0-255,1484,354773,17,398712
11452,0.061814,74.125.130.0-255,1484,356257,17,398712
11453,0.061816,172.31.36.0-255,66,356323,17,398712
11454,0.06413,74.125.130.0-255,2902,359225,17,398712
11455,0.064138,172.31.36.0-255,66,359291,17,398712
11456,0.064174,74.125.130.0-255,2902,362193,17,398712
11457,0.064177,172.31.36.0-255,66,362259,17,398712
11458,0.0665,74.125.130.0-255,2902,365161,17,398712
11459,0.066506,172.31.36.0-255,66,365227,17,398712
11460,0.066569,74.125.130.0-255,2902,368129,17,398712
11461,0.066573,172.31.36.0-255,66,368195,17,398712
11462,0.068868,74.125.130.0-255,2902,371097,17,398712
11463,0.068873,172.31.36.0-255,66,371163,17,398712
11464,0.06893,74.125.130.0-255,2902,374065,17,398712
11465,0.068934,172.31.36.0-255,66,374131,17,398712
11466,0.071237,74.125.130.0-255,2902,377033,17,398712
11467,0.071243,172.31.36.0-255,66,377099,17,398712
11468,0.071284,74.125.130.0-255,2902,380001,17,398712
11469,0.071288,172.31.36.0-255,66,380067,17,398712
11470,0.073592,74.125.130.0-255,2902,382969,17,398712
11471,0.07361,172.31.36.0-255,66,383035,17,398712
11472,0.073648,74.125.130.0-255,2902,385937,17,398712
11473,0.073653,172.31.36.0-255,66,386003,17,398712
11474,0.07596,74.125.130.0-255,2902,388905,17,398712
11475,0.075966,172.31.36.0-255,66,388971,17,398712
11476,0.076007,74.125.130.0-255,2902,391873,17,398712
11477,0.076009,172.31.36.0-255,66,391939,17,398712
11478,0.078336,74.125.130.0-255,2902,394841,17,398712
11479,0.078343,172.31.36.0-255,66,394907,17,398712
11480,0.078383,74.125.130.0-255,2902,397809,17,398712
11481,0.078387,172.31.36.0-255,66,397875,17,398712
11482,0.08067,74.125.130.0-255,600,398475,17,398712
11483,0.080843,172.31.36.0-255,66,398541,17,398712
11484,0.080873,172.31.36.0-255,105,398646,17,398712
11485,0.083196,74.125.130.0-255,66,398712,17,398712
11486,0.0,172.31.36.0-255,105,105,17,147446
11487,0.017938,172.217.194.0-255,153,258,17,147446
11488,0.017959,172.31.36.0-255,66,324,17,147446
11489,0.017966,172.217.194.0-255,1484,1808,17,147446
11490,0.01797,172.31.36.0-255,66,1874,17,147446
11491,0.017976,172.217.194.0-255,2902,4776,17,147446
11492,0.017979,172.31.36.0-255,66,4842,17,147446
11493,0.017988,172.217.194.0-255,7156,11998,17,147446
11494,0.017991,172.31.36.0-255,66,12064,17,147446
11495,0.018046,172.31.36.0-255,66,12130,17,147446
11496,0.018084,172.217.194.0-255,3961,16091,17,147446
11497,0.018087,172.31.36.0-255,66,16157,17,147446
11498,0.018108,172.217.194.0-255,4320,20477,17,147446
11499,0.018111,172.31.36.0-255,66,20543,17,147446
11500,0.018123,172.31.36.0-255,66,20609,17,147446
11501,0.01813,172.217.194.0-255,5738,26347,17,147446
11502,0.018132,172.31.36.0-255,66,26413,17,147446
11503,0.018166,172.31.36.0-255,66,26479,17,147446
11504,0.018169,172.217.194.0-255,378,26857,17,147446
11505,0.018172,172.31.36.0-255,66,26923,17,147446
11506,0.018201,172.217.194.0-255,365,27288,17,147446
11507,0.018204,172.31.36.0-255,66,27354,17,147446
11508,0.018287,172.217.194.0-255,1484,28838,17,147446
11509,0.01829,172.31.36.0-255,66,28904,17,147446
11510,0.018309,172.217.194.0-255,2902,31806,17,147446
11511,0.018311,172.31.36.0-255,66,31872,17,147446
11512,0.018315,172.217.194.0-255,1484,33356,17,147446
11513,0.018317,172.31.36.0-255,66,33422,17,147446
11514,0.018322,172.217.194.0-255,2902,36324,17,147446
11515,0.018325,172.31.36.0-255,66,36390,17,147446
11516,0.018344,172.217.194.0-255,2902,39292,17,147446
11517,0.018347,172.217.194.0-255,1484,40776,17,147446
11518,0.018381,172.217.194.0-255,7156,47932,17,147446
11519,0.018413,172.217.194.0-255,2184,50116,17,147446
11520,0.018525,172.31.36.0-255,66,50182,17,147446
11521,0.019387,172.217.194.0-255,1484,51666,17,147446
11522,0.019397,172.217.194.0-255,2902,54568,17,147446
11523,0.019401,172.31.36.0-255,66,54634,17,147446
11524,0.019408,172.217.194.0-255,5738,60372,17,147446
11525,0.01941,172.31.36.0-255,66,60438,17,147446
11526,0.019424,172.31.36.0-255,66,60504,17,147446
11527,0.019528,172.217.194.0-255,1484,61988,17,147446
11528,0.019534,172.217.194.0-255,2902,64890,17,147446
11529,0.019539,172.217.194.0-255,4320,69210,17,147446
11530,0.01955,172.217.194.0-255,1484,70694,17,147446
11531,0.019553,172.217.194.0-255,1484,72178,17,147446
11532,0.019572,172.217.194.0-255,4320,76498,17,147446
11533,0.019604,172.217.194.0-255,2902,79400,17,147446
11534,0.019616,172.217.194.0-255,2184,81584,17,147446
11535,0.019792,172.217.194.0-255,1484,83068,17,147446
11536,0.019799,172.217.194.0-255,2902,85970,17,147446
11537,0.019823,172.217.194.0-255,5738,91708,17,147446
11538,0.01983,172.217.194.0-255,5738,97446,17,147446
11539,0.019856,172.217.194.0-255,1484,98930,17,147446
11540,0.019933,172.217.194.0-255,3602,102532,17,147446
11541,0.020029,172.217.194.0-255,2902,105434,17,147446
11542,0.020144,172.217.194.0-255,4320,109754,17,147446
11543,0.020242,172.217.194.0-255,7156,116910,17,147446
11544,0.0203,172.217.194.0-255,6438,123348,17,147446
11545,0.020331,172.217.194.0-255,5020,128368,17,147446
11546,0.024351,172.31.36.0-255,66,128434,17,147446
11547,0.025762,172.31.36.0-255,101,128535,17,147446
11548,0.026635,172.217.194.0-255,2902,131437,17,147446
11549,0.026642,172.31.36.0-255,66,131503,17,147446
11550,0.026662,172.217.194.0-255,2902,134405,17,147446
11551,0.026664,172.31.36.0-255,66,134471,17,147446
11552,0.027975,172.217.194.0-255,66,134537,17,147446
11553,0.028919,172.217.194.0-255,5738,140275,17,147446
11554,0.028929,172.31.36.0-255,66,140341,17,147446
11555,0.031249,172.217.194.0-255,2425,142766,17,147446
11556,0.031262,172.31.36.0-255,66,142832,17,147446
11557,0.031476,172.31.36.0-255,105,142937,17,147446
11558,0.038363,172.217.194.0-255,66,143003,17,147446
11559,0.056482,172.31.36.0-255,172,143175,17,147446
11560,0.056521,172.31.36.0-255,1116,144291,17,147446
11561,0.056594,172.31.36.0-255,1514,145805,17,147446
11562,0.056595,172.31.36.0-255,1272,147077,17,147446
11563,0.058013,104.244.42.0-255,66,147143,17,147446
11564,0.0581,104.244.42.0-255,66,147209,17,147446
11565,0.058143,104.244.42.0-255,66,147275,17,147446
11566,0.074193,31.13.82.0-255,105,147380,17,147446
11567,0.074217,172.31.36.0-255,66,147446,17,147446
11568,0.0,172.217.194.0-255,150,150,17,270251
11569,3.3e-05,172.31.36.0-255,66,216,17,270251
11570,4e-05,172.217.194.0-255,1484,1700,17,270251
11571,4.4e-05,172.31.36.0-255,66,1766,17,270251
11572,4.9e-05,172.217.194.0-255,2902,4668,17,270251
11573,6e-05,172.31.36.0-255,66,4734,17,270251
11574,6.7e-05,172.217.194.0-255,7156,11890,17,270251
11575,6.9e-05,172.31.36.0-255,66,11956,17,270251
11576,7.3e-05,172.217.194.0-255,2084,14040,17,270251
11577,7.4e-05,172.31.36.0-255,66,14106,17,270251
11578,0.000126,172.217.194.0-255,2902,17008,17,270251
11579,0.00013,172.31.36.0-255,66,17074,17,270251
11580,0.000136,172.217.194.0-255,4320,21394,17,270251
11581,0.000138,172.31.36.0-255,66,21460,17,270251
11582,0.000174,172.31.36.0-255,66,21526,17,270251
11583,0.000202,172.31.36.0-255,66,21592,17,270251
11584,0.000228,172.217.194.0-255,2543,24135,17,270251
11585,0.00023,172.31.36.0-255,66,24201,17,270251
11586,0.000235,172.217.194.0-255,2902,27103,17,270251
11587,0.000237,172.31.36.0-255,66,27169,17,270251
11588,0.000281,172.31.36.0-255,66,27235,17,270251
11589,0.000284,172.217.194.0-255,679,27914,17,270251
11590,0.000285,172.31.36.0-255,66,27980,17,270251
11591,0.000449,172.217.194.0-255,1484,29464,17,270251
11592,0.000453,172.31.36.0-255,66,29530,17,270251
11593,0.000459,172.217.194.0-255,2902,32432,17,270251
11594,0.000461,172.31.36.0-255,66,32498,17,270251
11595,0.000473,172.217.194.0-255,5738,38236,17,270251
11596,0.000476,172.31.36.0-255,66,38302,17,270251
11597,0.00048,172.217.194.0-255,2902,41204,17,270251
11598,0.000483,172.31.36.0-255,66,41270,17,270251
11599,0.000522,172.31.36.0-255,66,41336,17,270251
11600,0.000561,172.31.36.0-255,66,41402,17,270251
11601,0.000591,172.217.194.0-255,2184,43586,17,270251
11602,0.000594,172.31.36.0-255,66,43652,17,270251
11603,0.000751,172.217.194.0-255,1484,45136,17,270251
11604,0.000756,172.217.194.0-255,2902,48038,17,270251
11605,0.000758,172.31.36.0-255,66,48104,17,270251
11606,0.000763,172.217.194.0-255,2902,51006,17,270251
11607,0.000766,172.31.36.0-255,66,51072,17,270251
11608,0.000796,172.217.194.0-255,2902,53974,17,270251
11609,0.000799,172.31.36.0-255,66,54040,17,270251
11610,0.000816,172.31.36.0-255,66,54106,17,270251
11611,0.000882,172.31.36.0-255,66,54172,17,270251
11612,0.001407,172.217.194.0-255,1484,55656,17,270251
11613,0.001416,172.217.194.0-255,2902,58558,17,270251
11614,0.00142,172.31.36.0-255,66,58624,17,270251
11615,0.001452,172.217.194.0-255,5738,64362,17,270251
11616,0.001455,172.31.36.0-255,66,64428,17,270251
11617,0.001462,172.217.194.0-255,5738,70166,17,270251
11618,0.001464,172.31.36.0-255,66,70232,17,270251
11619,0.001488,172.217.194.0-255,2902,73134,17,270251
11620,0.001491,172.31.36.0-255,66,73200,17,270251
11621,0.001528,172.31.36.0-255,66,73266,17,270251
11622,0.001535,172.217.194.0-255,5020,78286,17,270251
11623,0.001537,172.31.36.0-255,66,78352,17,270251
11624,0.001553,172.217.194.0-255,1484,79836,17,270251
11625,0.001575,172.217.194.0-255,2902,82738,17,270251
11626,0.001578,172.31.36.0-255,66,82804,17,270251
11627,0.001585,172.217.194.0-255,5738,88542,17,270251
11628,0.001587,172.31.36.0-255,66,88608,17,270251
11629,0.001606,172.31.36.0-255,66,88674,17,270251
11630,0.001613,172.217.194.0-255,7156,95830,17,270251
11631,0.001615,172.31.36.0-255,66,95896,17,270251
11632,0.001659,172.217.194.0-255,5020,100916,17,270251
11633,0.001662,172.31.36.0-255,66,100982,17,270251
11634,0.001895,172.217.194.0-255,1484,102466,17,270251
11635,0.001902,172.217.194.0-255,2902,105368,17,270251
11636,0.001906,172.31.36.0-255,66,105434,17,270251
11637,0.001913,172.217.194.0-255,5738,111172,17,270251
11638,0.001916,172.31.36.0-255,66,111238,17,270251
11639,0.001945,172.31.36.0-255,66,111304,17,270251
11640,0.001981,172.217.194.0-255,2902,114206,17,270251
11641,0.001983,172.31.36.0-255,66,114272,17,270251
11642,0.001999,172.31.36.0-255,66,114338,17,270251
11643,0.002076,172.217.194.0-255,1484,115822,17,270251
11644,0.00208,172.217.194.0-255,1484,117306,17,270251
11645,0.002082,172.31.36.0-255,66,117372,17,270251
11646,0.002106,172.217.194.0-255,1484,118856,17,270251
11647,0.00212,172.217.194.0-255,5738,124594,17,270251
11648,0.002123,172.31.36.0-255,66,124660,17,270251
11649,0.002128,172.217.194.0-255,4320,128980,17,270251
11650,0.00213,172.31.36.0-255,66,129046,17,270251
11651,0.002166,172.217.194.0-255,5738,134784,17,270251
11652,0.002169,172.31.36.0-255,66,134850,17,270251
11653,0.002195,172.31.36.0-255,66,134916,17,270251
11654,0.002222,172.217.194.0-255,3602,138518,17,270251
11655,0.002225,172.31.36.0-255,66,138584,17,270251
11656,0.002228,172.217.194.0-255,1484,140068,17,270251
11657,0.002249,172.217.194.0-255,2902,142970,17,270251
11658,0.002252,172.31.36.0-255,66,143036,17,270251
11659,0.002258,172.217.194.0-255,5738,148774,17,270251
11660,0.002261,172.31.36.0-255,66,148840,17,270251
11661,0.002263,172.217.194.0-255,1484,150324,17,270251
11662,0.002291,172.217.194.0-255,4320,154644,17,270251
11663,0.002293,172.31.36.0-255,66,154710,17,270251
11664,0.00231,172.31.36.0-255,66,154776,17,270251
11665,0.002349,172.217.194.0-255,1484,156260,17,270251
11666,0.002359,172.31.36.0-255,66,156326,17,270251
11667,0.002365,172.217.194.0-255,5738,162064,17,270251
11668,0.002368,172.31.36.0-255,66,162130,17,270251
11669,0.00475,172.217.194.0-255,4320,166450,17,270251
11670,0.004756,172.31.36.0-255,66,166516,17,270251
11671,0.004781,172.217.194.0-255,1484,168000,17,270251
11672,0.007077,172.217.194.0-255,4320,172320,17,270251
11673,0.007085,172.31.36.0-255,66,172386,17,270251
11674,0.009418,172.217.194.0-255,5738,178124,17,270251
11675,0.009425,172.31.36.0-255,66,178190,17,270251
11676,0.011747,172.217.194.0-255,5738,183928,17,270251
11677,0.011754,172.31.36.0-255,66,183994,17,270251
11678,0.014096,172.217.194.0-255,5738,189732,17,270251
11679,0.014104,172.31.36.0-255,66,189798,17,270251
11680,0.016412,172.217.194.0-255,5738,195536,17,270251
11681,0.016421,172.31.36.0-255,66,195602,17,270251
11682,0.018732,172.217.194.0-255,5738,201340,17,270251
11683,0.01874,172.31.36.0-255,66,201406,17,270251
11684,0.021054,172.217.194.0-255,5738,207144,17,270251
11685,0.021062,172.31.36.0-255,66,207210,17,270251
11686,0.023399,172.217.194.0-255,5738,212948,17,270251
11687,0.023406,172.31.36.0-255,66,213014,17,270251
11688,0.02572,172.217.194.0-255,5738,218752,17,270251
11689,0.025727,172.31.36.0-255,66,218818,17,270251
11690,0.028088,172.217.194.0-255,1484,220302,17,270251
11691,0.028113,172.217.194.0-255,4320,224622,17,270251
11692,0.028117,172.31.36.0-255,66,224688,17,270251
11693,0.028644,172.31.36.0-255,172,224860,17,270251
11694,0.028671,172.31.36.0-255,1115,225975,17,270251
11695,0.028704,172.31.36.0-255,1514,227489,17,270251
11696,0.028705,172.31.36.0-255,1273,228762,17,270251
11697,0.03019,104.244.42.0-255,66,228828,17,270251
11698,0.030224,104.244.42.0-255,66,228894,17,270251
11699,0.030276,104.244.42.0-255,66,228960,17,270251
11700,0.030407,172.217.194.0-255,2902,231862,17,270251
11701,0.030411,172.31.36.0-255,66,231928,17,270251
11702,0.030448,172.217.194.0-255,2902,234830,17,270251
11703,0.030451,172.31.36.0-255,66,234896,17,270251
11704,0.032694,172.217.194.0-255,2902,237798,17,270251
11705,0.032699,172.31.36.0-255,66,237864,17,270251
11706,0.032739,172.217.194.0-255,2902,240766,17,270251
11707,0.032742,172.31.36.0-255,66,240832,17,270251
11708,0.035013,172.217.194.0-255,2902,243734,17,270251
11709,0.035019,172.31.36.0-255,66,243800,17,270251
11710,0.03505,172.217.194.0-255,1484,245284,17,270251
11711,0.035061,172.217.194.0-255,1484,246768,17,270251
11712,0.035065,172.31.36.0-255,66,246834,17,270251
11713,0.037324,172.217.194.0-255,2902,249736,17,270251
11714,0.03733,172.31.36.0-255,66,249802,17,270251
11715,0.037383,172.217.194.0-255,2902,252704,17,270251
11716,0.037388,172.31.36.0-255,66,252770,17,270251
11717,0.039648,172.217.194.0-255,2902,255672,17,270251
11718,0.039655,172.31.36.0-255,66,255738,17,270251
11719,0.039717,172.217.194.0-255,2902,258640,17,270251
11720,0.039721,172.31.36.0-255,66,258706,17,270251
11721,0.041971,172.217.194.0-255,2902,261608,17,270251
11722,0.041976,172.31.36.0-255,66,261674,17,270251
11723,0.042026,172.217.194.0-255,2902,264576,17,270251
11724,0.04203,172.31.36.0-255,66,264642,17,270251
11725,0.044281,172.217.194.0-255,2902,267544,17,270251
11726,0.044289,172.31.36.0-255,66,267610,17,270251
11727,0.044353,172.217.194.0-255,2404,270014,17,270251
11728,0.044357,172.31.36.0-255,66,270080,17,270251
11729,0.044482,172.31.36.0-255,105,270185,17,270251
11730,0.046748,172.217.194.0-255,66,270251,17,270251
11731,0.0,74.125.24.0-255,147,147,17,245181
11732,2.3e-05,172.31.36.0-255,66,213,17,245181
11733,3e-05,74.125.24.0-255,1484,1697,17,245181
11734,3.4e-05,172.31.36.0-255,66,1763,17,245181
11735,3.9e-05,74.125.24.0-255,2902,4665,17,245181
11736,5e-05,172.31.36.0-255,66,4731,17,245181
11737,5.8e-05,74.125.24.0-255,7156,11887,17,245181
11738,6e-05,172.31.36.0-255,66,11953,17,245181
11739,6.7e-05,74.125.24.0-255,4838,16791,17,245181
11740,6.9e-05,172.31.36.0-255,66,16857,17,245181
11741,8.3e-05,172.31.36.0-255,66,16923,17,245181
11742,0.000115,74.125.24.0-255,3961,20884,17,245181
11743,0.000119,172.31.36.0-255,66,20950,17,245181
11744,0.000224,74.125.24.0-255,1484,22434,17,245181
11745,0.000227,172.31.36.0-255,66,22500,17,245181
11746,0.000233,74.125.24.0-255,2902,25402,17,245181
11747,0.000236,172.31.36.0-255,66,25468,17,245181
11748,0.000242,74.125.24.0-255,5738,31206,17,245181
11749,0.000244,172.31.36.0-255,66,31272,17,245181
11750,0.000252,74.125.24.0-255,1484,32756,17,245181
11751,0.000254,172.31.36.0-255,66,32822,17,245181
11752,0.000307,172.31.36.0-255,66,32888,17,245181
11753,0.000314,74.125.24.0-255,7156,40044,17,245181
11754,0.000316,172.31.36.0-255,66,40110,17,245181
11755,0.000351,74.125.24.0-255,5714,45824,17,245181
11756,0.000354,172.31.36.0-255,66,45890,17,245181
11757,0.000421,74.125.24.0-255,1484,47374,17,245181
11758,0.000424,172.31.36.0-255,66,47440,17,245181
11759,0.00043,74.125.24.0-255,2902,50342,17,245181
11760,0.000433,172.31.36.0-255,66,50408,17,245181
11761,0.000443,74.125.24.0-255,5738,56146,17,245181
11762,0.000446,172.31.36.0-255,66,56212,17,245181
11763,0.000449,74.125.24.0-255,1484,57696,17,245181
11764,0.000479,74.125.24.0-255,5075,62771,17,245181
11765,0.000483,172.31.36.0-255,66,62837,17,245181
11766,0.000517,74.125.24.0-255,1484,64321,17,245181
11767,0.000522,74.125.24.0-255,2902,67223,17,245181
11768,0.000524,172.31.36.0-255,66,67289,17,245181
11769,0.000552,74.125.24.0-255,5738,73027,17,245181
11770,0.000555,172.31.36.0-255,66,73093,17,245181
11771,0.000563,74.125.24.0-255,6797,79890,17,245181
11772,0.000566,172.31.36.0-255,66,79956,17,245181
11773,0.000871,74.125.24.0-255,1484,81440,17,245181
11774,0.000878,74.125.24.0-255,2902,84342,17,245181
11775,0.000882,172.31.36.0-255,66,84408,17,245181
11776,0.000919,74.125.24.0-255,5738,90146,17,245181
11777,0.000921,172.31.36.0-255,66,90212,17,245181
11778,0.000927,74.125.24.0-255,4320,94532,17,245181
11779,0.000929,172.31.36.0-255,66,94598,17,245181
11780,0.000948,172.31.36.0-255,66,94664,17,245181
11781,0.000983,172.31.36.0-255,66,94730,17,245181
11782,0.001209,172.31.36.0-255,101,94831,17,245181
11783,0.001695,74.125.24.0-255,1484,96315,17,245181
11784,0.001701,74.125.24.0-255,2902,99217,17,245181
11785,0.001705,172.31.36.0-255,66,99283,17,245181
11786,0.001712,74.125.24.0-255,5738,105021,17,245181
11787,0.001714,172.31.36.0-255,66,105087,17,245181
11788,0.001729,74.125.24.0-255,1484,106571,17,245181
11789,0.001763,172.31.36.0-255,66,106637,17,245181
11790,0.001772,74.125.24.0-255,7156,113793,17,245181
11791,0.001774,172.31.36.0-255,66,113859,17,245181
11792,0.001796,74.125.24.0-255,3602,117461,17,245181
11793,0.001803,172.31.36.0-255,66,117527,17,245181
11794,0.001873,74.125.24.0-255,1484,119011,17,245181
11795,0.001879,74.125.24.0-255,2902,121913,17,245181
11796,0.001882,172.31.36.0-255,66,121979,17,245181
11797,0.001911,74.125.24.0-255,5738,127717,17,245181
11798,0.001913,172.31.36.0-255,66,127783,17,245181
11799,0.001924,172.31.36.0-255,66,127849,17,245181
11800,0.001974,172.31.36.0-255,66,127915,17,245181
11801,0.002002,74.125.24.0-255,1484,129399,17,245181
11802,0.002009,74.125.24.0-255,5020,134419,17,245181
11803,0.002014,172.31.36.0-255,66,134485,17,245181
11804,0.002032,74.125.24.0-255,1484,135969,17,245181
11805,0.002037,74.125.24.0-255,2902,138871,17,245181
11806,0.00204,172.31.36.0-255,66,138937,17,245181
11807,0.002047,74.125.24.0-255,5738,144675,17,245181
11808,0.002049,172.31.36.0-255,66,144741,17,245181
11809,0.002083,172.31.36.0-255,66,144807,17,245181
11810,0.002106,74.125.24.0-255,1484,146291,17,245181
11811,0.002131,172.31.36.0-255,66,146357,17,245181
11812,0.002135,74.125.24.0-255,2184,148541,17,245181
11813,0.002137,172.31.36.0-255,66,148607,17,245181
11814,0.002215,74.125.24.0-255,1484,150091,17,245181
11815,0.00223,74.125.24.0-255,2902,152993,17,245181
11816,0.002234,172.31.36.0-255,66,153059,17,245181
11817,0.002241,74.125.24.0-255,5738,158797,17,245181
11818,0.002244,172.31.36.0-255,66,158863,17,245181
11819,0.002282,74.125.24.0-255,5738,164601,17,245181
11820,0.002285,172.31.36.0-255,66,164667,17,245181
11821,0.002305,74.125.24.0-255,7156,171823,17,245181
11822,0.002308,172.31.36.0-255,66,171889,17,245181
11823,0.002344,172.31.36.0-255,66,171955,17,245181
11824,0.002419,74.125.24.0-255,1484,173439,17,245181
11825,0.002425,74.125.24.0-255,2902,176341,17,245181
11826,0.002428,172.31.36.0-255,66,176407,17,245181
11827,0.002433,74.125.24.0-255,2902,179309,17,245181
11828,0.002436,172.31.36.0-255,66,179375,17,245181
11829,0.002457,74.125.24.0-255,2902,182277,17,245181
11830,0.00246,172.31.36.0-255,66,182343,17,245181
11831,0.002475,172.31.36.0-255,66,182409,17,245181
11832,0.002507,74.125.24.0-255,4320,186729,17,245181
11833,0.00251,172.31.36.0-255,66,186795,17,245181
11834,0.002517,74.125.24.0-255,7156,193951,17,245181
11835,0.00252,172.31.36.0-255,66,194017,17,245181
11836,0.002541,172.31.36.0-255,66,194083,17,245181
11837,0.002576,172.31.36.0-255,66,194149,17,245181
11838,0.002604,172.31.36.0-255,66,194215,17,245181
11839,0.002617,172.31.36.0-255,66,194281,17,245181
11840,0.002632,172.31.36.0-255,66,194347,17,245181
11841,0.003756,74.125.24.0-255,66,194413,17,245181
11842,0.005222,74.125.24.0-255,5738,200151,17,245181
11843,0.005228,172.31.36.0-255,66,200217,17,245181
11844,0.007872,74.125.24.0-255,5738,205955,17,245181
11845,0.007879,172.31.36.0-255,66,206021,17,245181
11846,0.010469,74.125.24.0-255,5738,211759,17,245181
11847,0.010476,172.31.36.0-255,66,211825,17,245181
11848,0.013051,74.125.24.0-255,5738,217563,17,245181
11849,0.01306,172.31.36.0-255,66,217629,17,245181
11850,0.01568,74.125.24.0-255,5738,223367,17,245181
11851,0.015692,172.31.36.0-255,66,223433,17,245181
11852,0.018299,74.125.24.0-255,5738,229171,17,245181
11853,0.018315,172.31.36.0-255,66,229237,17,245181
11854,0.020938,74.125.24.0-255,5738,234975,17,245181
11855,0.020953,172.31.36.0-255,66,235041,17,245181
11856,0.023553,74.125.24.0-255,5613,240654,17,245181
11857,0.023566,172.31.36.0-255,66,240720,17,245181
11858,0.023801,172.31.36.0-255,105,240825,17,245181
11859,0.030117,74.125.24.0-255,66,240891,17,245181
11860,0.035135,172.31.36.0-255,188,241079,17,245181
11861,0.035167,172.31.36.0-255,961,242040,17,245181
11862,0.035236,172.31.36.0-255,1514,243554,17,245181
11863,0.035238,172.31.36.0-255,1429,244983,17,245181
11864,0.036629,104.244.42.0-255,66,245049,17,245181
11865,0.036638,104.244.42.0-255,66,245115,17,245181
11866,0.036759,104.244.42.0-255,66,245181,17,245181
11867,0.0,74.125.24.0-255,153,153,17,367008
11868,2.3e-05,172.31.36.0-255,66,219,17,367008
11869,3e-05,74.125.24.0-255,1484,1703,17,367008
11870,3.4e-05,172.31.36.0-255,66,1769,17,367008
11871,4e-05,74.125.24.0-255,2902,4671,17,367008
11872,5.1e-05,172.31.36.0-255,66,4737,17,367008
11873,5.8e-05,74.125.24.0-255,5738,10475,17,367008
11874,6.1e-05,172.31.36.0-255,66,10541,17,367008
11875,9.1e-05,74.125.24.0-255,7156,17697,17,367008
11876,9.4e-05,172.31.36.0-255,66,17763,17,367008
11877,0.000126,74.125.24.0-255,3350,21113,17,367008
11878,0.000129,172.31.36.0-255,66,21179,17,367008
11879,0.000135,74.125.24.0-255,4320,25499,17,367008
11880,0.000137,172.31.36.0-255,66,25565,17,367008
11881,0.00016,172.31.36.0-255,66,25631,17,367008
11882,0.00019,74.125.24.0-255,1484,27115,17,367008
11883,0.000192,172.31.36.0-255,66,27181,17,367008
11884,0.000199,74.125.24.0-255,5020,32201,17,367008
11885,0.000201,172.31.36.0-255,66,32267,17,367008
11886,0.000392,74.125.24.0-255,1484,33751,17,367008
11887,0.000396,172.31.36.0-255,66,33817,17,367008
11888,0.000402,74.125.24.0-255,2902,36719,17,367008
11889,0.000405,172.31.36.0-255,66,36785,17,367008
11890,0.000418,74.125.24.0-255,5738,42523,17,367008
11891,0.000421,172.31.36.0-255,66,42589,17,367008
11892,0.00047,74.125.24.0-255,6797,49386,17,367008
11893,0.000473,172.31.36.0-255,66,49452,17,367008
11894,0.000546,74.125.24.0-255,646,50098,17,367008
11895,0.000549,172.31.36.0-255,66,50164,17,367008
11896,0.000893,74.125.24.0-255,1484,51648,17,367008
11897,0.000898,172.31.36.0-255,66,51714,17,367008
11898,0.000904,74.125.24.0-255,2902,54616,17,367008
11899,0.000917,74.125.24.0-255,5738,60354,17,367008
11900,0.00094,74.125.24.0-255,7156,67510,17,367008
11901,0.000948,172.31.36.0-255,66,67576,17,367008
11902,0.000959,74.125.24.0-255,5738,73314,17,367008
11903,0.000965,172.31.36.0-255,66,73380,17,367008
11904,0.001001,74.125.24.0-255,2184,75564,17,367008
11905,0.001018,172.31.36.0-255,66,75630,17,367008
11906,0.001264,74.125.24.0-255,1484,77114,17,367008
11907,0.001271,74.125.24.0-255,2902,80016,17,367008
11908,0.001274,172.31.36.0-255,66,80082,17,367008
11909,0.001281,74.125.24.0-255,4320,84402,17,367008
11910,0.001302,74.125.24.0-255,1484,85886,17,367008
11911,0.001308,74.125.24.0-255,4320,90206,17,367008
11912,0.001327,74.125.24.0-255,7156,97362,17,367008
11913,0.00133,172.31.36.0-255,66,97428,17,367008
11914,0.001336,172.31.36.0-255,66,97494,17,367008
11915,0.001358,74.125.24.0-255,1484,98978,17,367008
11916,0.001385,172.31.36.0-255,66,99044,17,367008
11917,0.001459,74.125.24.0-255,1484,100528,17,367008
11918,0.001465,74.125.24.0-255,2902,103430,17,367008
11919,0.00147,74.125.24.0-255,2902,106332,17,367008
11920,0.001482,74.125.24.0-255,2902,109234,17,367008
11921,0.001485,74.125.24.0-255,1484,110718,17,367008
11922,0.001492,172.31.36.0-255,66,110784,17,367008
11923,0.001557,172.31.36.0-255,66,110850,17,367008
11924,0.003985,74.125.24.0-255,1484,112334,17,367008
11925,0.003996,74.125.24.0-255,2902,115236,17,367008
11926,0.004,172.31.36.0-255,66,115302,17,367008
11927,0.004005,74.125.24.0-255,1484,116786,17,367008
11928,0.005926,74.125.24.0-255,4320,121106,17,367008
11929,0.007379,172.31.36.0-255,66,121172,17,367008
11930,0.00933,74.125.24.0-255,5738,126910,17,367008
11931,0.009338,172.31.36.0-255,66,126976,17,367008
11932,0.011321,74.125.24.0-255,5738,132714,17,367008
11933,0.011329,172.31.36.0-255,66,132780,17,367008
11934,0.01334,74.125.24.0-255,5738,138518,17,367008
11935,0.01335,172.31.36.0-255,66,138584,17,367008
11936,0.015317,74.125.24.0-255,5738,144322,17,367008
11937,0.015326,172.31.36.0-255,66,144388,17,367008
11938,0.017289,74.125.24.0-255,5738,150126,17,367008
11939,0.017298,172.31.36.0-255,66,150192,17,367008
11940,0.019254,74.125.24.0-255,5738,155930,17,367008
11941,0.019262,172.31.36.0-255,66,155996,17,367008
11942,0.021232,74.125.24.0-255,4320,160316,17,367008
11943,0.02124,172.31.36.0-255,66,160382,17,367008
11944,0.021271,74.125.24.0-255,1484,161866,17,367008
11945,0.023204,74.125.24.0-255,4320,166186,17,367008
11946,0.023211,172.31.36.0-255,66,166252,17,367008
11947,0.025323,74.125.24.0-255,5738,171990,17,367008
11948,0.025365,172.31.36.0-255,66,172056,17,367008
11949,0.027772,74.125.24.0-255,5738,177794,17,367008
11950,0.02778,172.31.36.0-255,66,177860,17,367008
11951,0.029838,172.31.36.0-255,172,178032,17,367008
11952,0.029865,172.31.36.0-255,1117,179149,17,367008
11953,0.029917,172.31.36.0-255,1514,180663,17,367008
11954,0.029919,172.31.36.0-255,1271,181934,17,367008
11955,0.030411,74.125.24.0-255,5738,187672,17,367008
11956,0.030417,172.31.36.0-255,66,187738,17,367008
11957,0.031396,104.244.42.0-255,66,187804,17,367008
11958,0.031443,104.244.42.0-255,66,187870,17,367008
11959,0.031491,104.244.42.0-255,66,187936,17,367008
11960,0.032816,74.125.24.0-255,5738,193674,17,367008
11961,0.032823,172.31.36.0-255,66,193740,17,367008
11962,0.035253,74.125.24.0-255,5738,199478,17,367008
11963,0.03526,172.31.36.0-255,66,199544,17,367008
11964,0.03759,74.125.24.0-255,5738,205282,17,367008
11965,0.037609,172.31.36.0-255,66,205348,17,367008
11966,0.039994,74.125.24.0-255,5738,211086,17,367008
11967,0.040011,172.31.36.0-255,66,211152,17,367008
11968,0.042617,74.125.24.0-255,5738,216890,17,367008
11969,0.042635,172.31.36.0-255,66,216956,17,367008
11970,0.045356,74.125.24.0-255,5738,222694,17,367008
11971,0.045372,172.31.36.0-255,66,222760,17,367008
11972,0.047562,74.125.24.0-255,5738,228498,17,367008
11973,0.047579,172.31.36.0-255,66,228564,17,367008
11974,0.049545,74.125.24.0-255,5738,234302,17,367008
11975,0.049553,172.31.36.0-255,66,234368,17,367008
11976,0.051505,74.125.24.0-255,5738,240106,17,367008
11977,0.051512,172.31.36.0-255,66,240172,17,367008
11978,0.053442,74.125.24.0-255,5738,245910,17,367008
11979,0.053449,172.31.36.0-255,66,245976,17,367008
11980,0.055434,74.125.24.0-255,5738,251714,17,367008
11981,0.05544,172.31.36.0-255,66,251780,17,367008
11982,0.057374,74.125.24.0-255,4320,256100,17,367008
11983,0.057381,172.31.36.0-255,66,256166,17,367008
11984,0.057415,74.125.24.0-255,1484,257650,17,367008
11985,0.059322,74.125.24.0-255,4320,261970,17,367008
11986,0.059328,172.31.36.0-255,66,262036,17,367008
11987,0.061253,74.125.24.0-255,5738,267774,17,367008
11988,0.061311,172.31.36.0-255,66,267840,17,367008
11989,0.063245,74.125.24.0-255,5738,273578,17,367008
11990,0.063251,172.31.36.0-255,66,273644,17,367008
11991,0.065201,74.125.24.0-255,5738,279382,17,367008
11992,0.065208,172.31.36.0-255,66,279448,17,367008
11993,0.067162,74.125.24.0-255,5738,285186,17,367008
11994,0.067169,172.31.36.0-255,66,285252,17,367008
11995,0.069185,74.125.24.0-255,5738,290990,17,367008
11996,0.069192,172.31.36.0-255,66,291056,17,367008
11997,0.071411,74.125.24.0-255,5738,296794,17,367008
11998,0.071417,172.31.36.0-255,66,296860,17,367008
11999,0.073624,74.125.24.0-255,5738,302598,17,367008
12000,0.073631,172.31.36.0-255,66,302664,17,367008
12001,0.075558,74.125.24.0-255,5738,308402,17,367008
12002,0.075565,172.31.36.0-255,66,308468,17,367008
12003,0.077538,74.125.24.0-255,5738,314206,17,367008
12004,0.077546,172.31.36.0-255,66,314272,17,367008
12005,0.079509,74.125.24.0-255,5738,320010,17,367008
12006,0.079516,172.31.36.0-255,66,320076,17,367008
12007,0.081495,74.125.24.0-255,5738,325814,17,367008
12008,0.081502,172.31.36.0-255,66,325880,17,367008
12009,0.083504,74.125.24.0-255,5738,331618,17,367008
12010,0.08351,172.31.36.0-255,66,331684,17,367008
12011,0.085477,74.125.24.0-255,5738,337422,17,367008
12012,0.085483,172.31.36.0-255,66,337488,17,367008
12013,0.087426,74.125.24.0-255,5738,343226,17,367008
12014,0.087432,172.31.36.0-255,66,343292,17,367008
12015,0.089388,74.125.24.0-255,5738,349030,17,367008
12016,0.089394,172.31.36.0-255,66,349096,17,367008
12017,0.091348,74.125.24.0-255,4320,353416,17,367008
12018,0.091354,172.31.36.0-255,66,353482,17,367008
12019,0.091384,74.125.24.0-255,1484,354966,17,367008
12020,0.093329,74.125.24.0-255,4320,359286,17,367008
12021,0.093343,172.31.36.0-255,66,359352,17,367008
12022,0.095271,74.125.24.0-255,5738,365090,17,367008
12023,0.09584,172.31.36.0-255,66,365156,17,367008
12024,0.097801,74.125.24.0-255,1681,366837,17,367008
12025,0.097808,172.31.36.0-255,66,366903,17,367008
12026,0.097982,172.31.36.0-255,105,367008,17,367008
12027,0.0,74.125.24.0-255,153,153,17,221640
12028,2.5e-05,172.31.36.0-255,66,219,17,221640
12029,4.2e-05,74.125.24.0-255,1484,1703,17,221640
12030,4.7e-05,172.31.36.0-255,66,1769,17,221640
12031,5.2e-05,74.125.24.0-255,2902,4671,17,221640
12032,5.5e-05,172.31.36.0-255,66,4737,17,221640
12033,6.1e-05,74.125.24.0-255,5738,10475,17,221640
12034,6.3e-05,172.31.36.0-255,66,10541,17,221640
12035,8.9e-05,74.125.24.0-255,1484,12025,17,221640
12036,9.1e-05,172.31.36.0-255,66,12091,17,221640
12037,9.6e-05,74.125.24.0-255,2037,14128,17,221640
12038,9.8e-05,172.31.36.0-255,66,14194,17,221640
12039,0.000195,74.125.24.0-255,1484,15678,17,221640
12040,0.000201,172.31.36.0-255,66,15744,17,221640
12041,0.000207,74.125.24.0-255,2902,18646,17,221640
12042,0.000209,172.31.36.0-255,66,18712,17,221640
12043,0.000213,74.125.24.0-255,2902,21614,17,221640
12044,0.000215,172.31.36.0-255,66,21680,17,221640
12045,0.000237,74.125.24.0-255,2902,24582,17,221640
12046,0.00024,172.31.36.0-255,66,24648,17,221640
12047,0.000246,74.125.24.0-255,5738,30386,17,221640
12048,0.000248,172.31.36.0-255,66,30452,17,221640
12049,0.000275,74.125.24.0-255,4320,34772,17,221640
12050,0.00028,172.31.36.0-255,66,34838,17,221640
12051,0.000317,172.31.36.0-255,66,34904,17,221640
12052,0.000328,172.31.36.0-255,66,34970,17,221640
12053,0.00035,74.125.24.0-255,1484,36454,17,221640
12054,0.000353,172.31.36.0-255,66,36520,17,221640
12055,0.000388,172.31.36.0-255,66,36586,17,221640
12056,0.000489,74.125.24.0-255,1484,38070,17,221640
12057,0.000504,74.125.24.0-255,2902,40972,17,221640
12058,0.000509,172.31.36.0-255,66,41038,17,221640
12059,0.000516,74.125.24.0-255,5738,46776,17,221640
12060,0.00052,172.31.36.0-255,66,46842,17,221640
12061,0.000567,172.31.36.0-255,66,46908,17,221640
12062,0.000575,74.125.24.0-255,7156,54064,17,221640
12063,0.000578,172.31.36.0-255,66,54130,17,221640
12064,0.000597,74.125.24.0-255,3866,57996,17,221640
12065,0.0006,172.31.36.0-255,66,58062,17,221640
12066,0.000768,74.125.24.0-255,1484,59546,17,221640
12067,0.000773,74.125.24.0-255,2902,62448,17,221640
12068,0.000777,172.31.36.0-255,66,62514,17,221640
12069,0.000782,74.125.24.0-255,1484,63998,17,221640
12070,0.0008,74.125.24.0-255,4320,68318,17,221640
12071,0.000803,172.31.36.0-255,66,68384,17,221640
12072,0.000809,74.125.24.0-255,4320,72704,17,221640
12073,0.000812,172.31.36.0-255,66,72770,17,221640
12074,0.000824,74.125.24.0-255,2902,75672,17,221640
12075,0.000827,172.31.36.0-255,66,75738,17,221640
12076,0.000865,74.125.24.0-255,7156,82894,17,221640
12077,0.000869,172.31.36.0-255,66,82960,17,221640
12078,0.000892,74.125.24.0-255,4320,87280,17,221640
12079,0.000895,172.31.36.0-255,66,87346,17,221640
12080,0.000902,74.125.24.0-255,5020,92366,17,221640
12081,0.000904,172.31.36.0-255,66,92432,17,221640
12082,0.000941,74.125.24.0-255,1484,93916,17,221640
12083,0.000946,74.125.24.0-255,2902,96818,17,221640
12084,0.000949,172.31.36.0-255,66,96884,17,221640
12085,0.000974,74.125.24.0-255,5738,102622,17,221640
12086,0.000979,172.31.36.0-255,66,102688,17,221640
12087,0.000989,74.125.24.0-255,4320,107008,17,221640
12088,0.000991,172.31.36.0-255,66,107074,17,221640
12089,0.001025,172.31.36.0-255,66,107140,17,221640
12090,0.001032,74.125.24.0-255,7156,114296,17,221640
12091,0.001034,172.31.36.0-255,66,114362,17,221640
12092,0.001054,74.125.24.0-255,3602,117964,17,221640
12093,0.001057,172.31.36.0-255,66,118030,17,221640
12094,0.001197,74.125.24.0-255,1484,119514,17,221640
12095,0.001209,74.125.24.0-255,2902,122416,17,221640
12096,0.001213,172.31.36.0-255,66,122482,17,221640
12097,0.001245,74.125.24.0-255,5738,128220,17,221640
12098,0.001249,172.31.36.0-255,66,128286,17,221640
12099,0.001261,74.125.24.0-255,4320,132606,17,221640
12100,0.001264,172.31.36.0-255,66,132672,17,221640
12101,0.001279,74.125.24.0-255,4320,136992,17,221640
12102,0.001282,172.31.36.0-255,66,137058,17,221640
12103,0.001295,172.31.36.0-255,66,137124,17,221640
12104,0.001322,74.125.24.0-255,5020,142144,17,221640
12105,0.001326,172.31.36.0-255,66,142210,17,221640
12106,0.001424,74.125.24.0-255,1484,143694,17,221640
12107,0.001428,74.125.24.0-255,1484,145178,17,221640
12108,0.001431,172.31.36.0-255,66,145244,17,221640
12109,0.001449,74.125.24.0-255,1484,146728,17,221640
12110,0.001453,74.125.24.0-255,2902,149630,17,221640
12111,0.001455,172.31.36.0-255,66,149696,17,221640
12112,0.001476,74.125.24.0-255,2902,152598,17,221640
12113,0.001479,172.31.36.0-255,66,152664,17,221640
12114,0.001482,74.125.24.0-255,1484,154148,17,221640
12115,0.001494,74.125.24.0-255,1484,155632,17,221640
12116,0.001496,172.31.36.0-255,66,155698,17,221640
12117,0.001521,74.125.24.0-255,7156,162854,17,221640
12118,0.001524,172.31.36.0-255,66,162920,17,221640
12119,0.001539,172.31.36.0-255,66,162986,17,221640
12120,0.001541,74.125.24.0-255,766,163752,17,221640
12121,0.001946,74.125.24.0-255,1484,165236,17,221640
12122,0.001951,172.31.36.0-255,66,165302,17,221640
12123,0.001956,74.125.24.0-255,2902,168204,17,221640
12124,0.001959,172.31.36.0-255,66,168270,17,221640
12125,0.001964,74.125.24.0-255,4320,172590,17,221640
12126,0.001968,172.31.36.0-255,66,172656,17,221640
12127,0.001981,74.125.24.0-255,5738,178394,17,221640
12128,0.001984,172.31.36.0-255,66,178460,17,221640
12129,0.002005,74.125.24.0-255,2902,181362,17,221640
12130,0.002008,172.31.36.0-255,66,181428,17,221640
12131,0.00203,74.125.24.0-255,7156,188584,17,221640
12132,0.002033,172.31.36.0-255,66,188650,17,221640
12133,0.002075,172.31.36.0-255,66,188716,17,221640
12134,0.002087,172.31.36.0-255,66,188782,17,221640
12135,0.0021,172.31.36.0-255,66,188848,17,221640
12136,0.002152,74.125.24.0-255,3602,192450,17,221640
12137,0.002155,172.31.36.0-255,66,192516,17,221640
12138,0.00216,74.125.24.0-255,4320,196836,17,221640
12139,0.002162,172.31.36.0-255,66,196902,17,221640
12140,0.002174,172.31.36.0-255,66,196968,17,221640
12141,0.002178,74.125.24.0-255,2902,199870,17,221640
12142,0.002181,172.31.36.0-255,66,199936,17,221640
12143,0.002209,172.31.36.0-255,66,200002,17,221640
12144,0.002227,74.125.24.0-255,4320,204322,17,221640
12145,0.002237,172.31.36.0-255,66,204388,17,221640
12146,0.002254,172.31.36.0-255,66,204454,17,221640
12147,0.002286,172.31.36.0-255,66,204520,17,221640
12148,0.002312,74.125.24.0-255,5020,209540,17,221640
12149,0.002316,172.31.36.0-255,66,209606,17,221640
12150,0.002326,172.31.36.0-255,66,209672,17,221640
12151,0.002346,74.125.24.0-255,7156,216828,17,221640
12152,0.00235,172.31.36.0-255,66,216894,17,221640
12153,0.002385,172.31.36.0-255,66,216960,17,221640
12154,0.002398,172.31.36.0-255,66,217026,17,221640
12155,0.002417,74.125.24.0-255,105,217131,17,221640
12156,0.00837,172.31.36.0-255,66,217197,17,221640
12157,0.008408,172.31.36.0-255,105,217302,17,221640
12158,0.010948,74.125.24.0-255,66,217368,17,221640
12159,0.03015,172.31.36.0-255,172,217540,17,221640
12160,0.030184,172.31.36.0-255,1118,218658,17,221640
12161,0.030226,172.31.36.0-255,1514,220172,17,221640
12162,0.030227,172.31.36.0-255,1270,221442,17,221640
12163,0.031705,104.244.42.0-255,66,221508,17,221640
12164,0.031715,104.244.42.0-255,66,221574,17,221640
12165,0.031787,104.244.42.0-255,66,221640,17,221640
12166,0.0,74.125.130.0-255,146,146,17,218236
12167,2.3e-05,172.31.36.0-255,66,212,17,218236
12168,2.9e-05,74.125.130.0-255,1484,1696,17,218236
12169,3.3e-05,172.31.36.0-255,66,1762,17,218236
12170,3.9e-05,74.125.130.0-255,2902,4664,17,218236
12171,5.4e-05,172.31.36.0-255,66,4730,17,218236
12172,5.9e-05,74.125.130.0-255,2902,7632,17,218236
12173,6.2e-05,172.31.36.0-255,66,7698,17,218236
12174,6.9e-05,74.125.130.0-255,4320,12018,17,218236
12175,7.2e-05,172.31.36.0-255,66,12084,17,218236
12176,8e-05,74.125.130.0-255,7156,19240,17,218236
12177,8.3e-05,172.31.36.0-255,66,19306,17,218236
12178,0.00012,74.125.130.0-255,2046,21352,17,218236
12179,0.000123,172.31.36.0-255,66,21418,17,218236
12180,0.00014,172.31.36.0-255,66,21484,17,218236
12181,0.000214,74.125.130.0-255,1484,22968,17,218236
12182,0.000217,172.31.36.0-255,66,23034,17,218236
12183,0.000222,74.125.130.0-255,2902,25936,17,218236
12184,0.000225,172.31.36.0-255,66,26002,17,218236
12185,0.000245,74.125.130.0-255,4320,30322,17,218236
12186,0.000253,172.31.36.0-255,66,30388,17,218236
12187,0.00026,74.125.130.0-255,5738,36126,17,218236
12188,0.000263,172.31.36.0-255,66,36192,17,218236
12189,0.000288,74.125.130.0-255,2902,39094,17,218236
12190,0.00029,172.31.36.0-255,66,39160,17,218236
12191,0.000325,172.31.36.0-255,66,39226,17,218236
12192,0.000333,74.125.130.0-255,7087,46313,17,218236
12193,0.000335,172.31.36.0-255,66,46379,17,218236
12194,0.000338,74.125.130.0-255,365,46744,17,218236
12195,0.00034,172.31.36.0-255,66,46810,17,218236
12196,0.000426,74.125.130.0-255,1484,48294,17,218236
12197,0.00043,172.31.36.0-255,66,48360,17,218236
12198,0.000458,74.125.130.0-255,2902,51262,17,218236
12199,0.000465,74.125.130.0-255,4320,55582,17,218236
12200,0.000468,74.125.130.0-255,1484,57066,17,218236
12201,0.000531,74.125.130.0-255,6797,63863,17,218236
12202,0.000612,172.31.36.0-255,66,63929,17,218236
12203,0.000641,74.125.130.0-255,1484,65413,17,218236
12204,0.000647,74.125.130.0-255,2902,68315,17,218236
12205,0.000674,74.125.130.0-255,5738,74053,17,218236
12206,0.000684,172.31.36.0-255,66,74119,17,218236
12207,0.000713,172.31.36.0-255,66,74185,17,218236
12208,0.000719,74.125.130.0-255,4320,78505,17,218236
12209,0.000726,74.125.130.0-255,7156,85661,17,218236
12210,0.000745,74.125.130.0-255,3602,89263,17,218236
12211,0.000762,172.31.36.0-255,66,89329,17,218236
12212,0.000788,74.125.130.0-255,1484,90813,17,218236
12213,0.000793,74.125.130.0-255,2902,93715,17,218236
12214,0.000816,74.125.130.0-255,5738,99453,17,218236
12215,0.000821,74.125.130.0-255,4320,103773,17,218236
12216,0.000827,172.31.36.0-255,66,103839,17,218236
12217,0.000839,74.125.130.0-255,5738,109577,17,218236
12218,0.000853,172.31.36.0-255,66,109643,17,218236
12219,0.0009,74.125.130.0-255,4320,113963,17,218236
12220,0.000934,172.31.36.0-255,66,114029,17,218236
12221,0.000942,74.125.130.0-255,1484,115513,17,218236
12222,0.000947,74.125.130.0-255,2902,118415,17,218236
12223,0.000949,74.125.130.0-255,1484,119899,17,218236
12224,0.000961,172.31.36.0-255,66,119965,17,218236
12225,0.000979,74.125.130.0-255,5738,125703,17,218236
12226,0.000982,74.125.130.0-255,1484,127187,17,218236
12227,0.000999,74.125.130.0-255,7156,134343,17,218236
12228,0.001011,74.125.130.0-255,4320,138663,17,218236
12229,0.001035,172.31.36.0-255,66,138729,17,218236
12230,0.001086,74.125.130.0-255,1484,140213,17,218236
12231,0.001092,74.125.130.0-255,2902,143115,17,218236
12232,0.0011,172.31.36.0-255,66,143181,17,218236
12233,0.001121,74.125.130.0-255,5738,148919,17,218236
12234,0.001129,74.125.130.0-255,7156,156075,17,218236
12235,0.001154,74.125.130.0-255,1484,157559,17,218236
12236,0.001159,172.31.36.0-255,66,157625,17,218236
12237,0.001216,172.31.36.0-255,66,157691,17,218236
12238,0.001293,172.31.36.0-255,66,157757,17,218236
12239,0.00132,74.125.130.0-255,1484,159241,17,218236
12240,0.001325,74.125.130.0-255,2902,162143,17,218236
12241,0.001329,74.125.130.0-255,2902,165045,17,218236
12242,0.001336,172.31.36.0-255,66,165111,17,218236
12243,0.001346,74.125.130.0-255,4320,169431,17,218236
12244,0.001355,74.125.130.0-255,2902,172333,17,218236
12245,0.001361,172.31.36.0-255,66,172399,17,218236
12246,0.001391,74.125.130.0-255,5738,178137,17,218236
12247,0.001415,74.125.130.0-255,3602,181739,17,218236
12248,0.001427,172.31.36.0-255,66,181805,17,218236
12249,0.00151,74.125.130.0-255,1484,183289,17,218236
12250,0.001513,74.125.130.0-255,1484,184773,17,218236
12251,0.001522,74.125.130.0-255,1484,186257,17,218236
12252,0.00155,74.125.130.0-255,5738,191995,17,218236
12253,0.001557,74.125.130.0-255,7156,199151,17,218236
12254,0.001563,172.31.36.0-255,66,199217,17,218236
12255,0.001571,74.125.130.0-255,2902,202119,17,218236
12256,0.001616,172.31.36.0-255,66,202185,17,218236
12257,0.001621,74.125.130.0-255,2184,204369,17,218236
12258,0.001626,172.31.36.0-255,66,204435,17,218236
12259,0.001707,74.125.130.0-255,2902,207337,17,218236
12260,0.001733,172.31.36.0-255,66,207403,17,218236
12261,0.001794,172.31.36.0-255,66,207469,17,218236
12262,0.00183,74.125.130.0-255,4320,211789,17,218236
12263,0.001833,172.31.36.0-255,66,211855,17,218236
12264,0.001874,74.125.130.0-255,1767,213622,17,218236
12265,0.001877,74.125.130.0-255,105,213727,17,218236
12266,0.001893,172.31.36.0-255,66,213793,17,218236
12267,0.014074,172.31.36.0-255,105,213898,17,218236
12268,0.01636,74.125.130.0-255,66,213964,17,218236
12269,0.039636,172.31.36.0-255,172,214136,17,218236
12270,0.03967,172.31.36.0-255,1117,215253,17,218236
12271,0.039731,172.31.36.0-255,1514,216767,17,218236
12272,0.039733,172.31.36.0-255,1271,218038,17,218236
12273,0.041166,104.244.42.0-255,66,218104,17,218236
12274,0.041225,104.244.42.0-255,66,218170,17,218236
12275,0.041268,104.244.42.0-255,66,218236,17,218236
12276,0.0,74.125.24.0-255,146,146,17,349715
12277,3.3e-05,172.31.36.0-255,66,212,17,349715
12278,4.1e-05,74.125.24.0-255,1484,1696,17,349715
12279,4.4e-05,172.31.36.0-255,66,1762,17,349715
12280,4.9e-05,74.125.24.0-255,2902,4664,17,349715
12281,6e-05,172.31.36.0-255,66,4730,17,349715
12282,6.7e-05,74.125.24.0-255,5738,10468,17,349715
12283,6.9e-05,172.31.36.0-255,66,10534,17,349715
12284,0.000101,74.125.24.0-255,3473,14007,17,349715
12285,0.000104,172.31.36.0-255,66,14073,17,349715
12286,0.000197,74.125.24.0-255,1484,15557,17,349715
12287,0.000202,172.31.36.0-255,66,15623,17,349715
12288,0.000207,74.125.24.0-255,2902,18525,17,349715
12289,0.000209,172.31.36.0-255,66,18591,17,349715
12290,0.000249,74.125.24.0-255,5738,24329,17,349715
12291,0.000251,172.31.36.0-255,66,24395,17,349715
12292,0.000259,74.125.24.0-255,6797,31192,17,349715
12293,0.000261,172.31.36.0-255,66,31258,17,349715
12294,0.000665,74.125.24.0-255,1484,32742,17,349715
12295,0.000671,172.31.36.0-255,66,32808,17,349715
12296,0.000681,74.125.24.0-255,2902,35710,17,349715
12297,0.000691,172.31.36.0-255,66,35776,17,349715
12298,0.000698,74.125.24.0-255,5738,41514,17,349715
12299,0.000701,172.31.36.0-255,66,41580,17,349715
12300,0.000708,74.125.24.0-255,6797,48377,17,349715
12301,0.000711,172.31.36.0-255,66,48443,17,349715
12302,0.000731,74.125.24.0-255,1484,49927,17,349715
12303,0.000735,172.31.36.0-255,66,49993,17,349715
12304,0.000786,172.31.36.0-255,66,50059,17,349715
12305,0.000791,74.125.24.0-255,2855,52914,17,349715
12306,0.000793,172.31.36.0-255,66,52980,17,349715
12307,0.000796,74.125.24.0-255,109,53089,17,349715
12308,0.000858,74.125.24.0-255,1484,54573,17,349715
12309,0.000863,74.125.24.0-255,2902,57475,17,349715
12310,0.00088,74.125.24.0-255,5738,63213,17,349715
12311,0.000912,74.125.24.0-255,5738,68951,17,349715
12312,0.000916,172.31.36.0-255,66,69017,17,349715
12313,0.000935,74.125.24.0-255,7156,76173,17,349715
12314,0.000939,74.125.24.0-255,1484,77657,17,349715
12315,0.000945,172.31.36.0-255,66,77723,17,349715
12316,0.000996,74.125.24.0-255,330,78053,17,349715
12317,0.00103,172.31.36.0-255,66,78119,17,349715
12318,0.001401,74.125.24.0-255,1484,79603,17,349715
12319,0.001407,74.125.24.0-255,1484,81087,17,349715
12320,0.001411,172.31.36.0-255,66,81153,17,349715
12321,0.001445,74.125.24.0-255,1484,82637,17,349715
12322,0.001453,74.125.24.0-255,5738,88375,17,349715
12323,0.00147,172.31.36.0-255,66,88441,17,349715
12324,0.001518,74.125.24.0-255,2902,91343,17,349715
12325,0.001554,172.31.36.0-255,66,91409,17,349715
12326,0.001577,172.31.36.0-255,66,91475,17,349715
12327,0.001639,74.125.24.0-255,4320,95795,17,349715
12328,0.001666,172.31.36.0-255,66,95861,17,349715
12329,0.003669,74.125.24.0-255,4320,100181,17,349715
12330,0.003674,172.31.36.0-255,66,100247,17,349715
12331,0.003701,74.125.24.0-255,1484,101731,17,349715
12332,0.005713,74.125.24.0-255,4320,106051,17,349715
12333,0.005718,172.31.36.0-255,66,106117,17,349715
12334,0.007745,74.125.24.0-255,5738,111855,17,349715
12335,0.00779,172.31.36.0-255,66,111921,17,349715
12336,0.009836,74.125.24.0-255,5738,117659,17,349715
12337,0.009843,172.31.36.0-255,66,117725,17,349715
12338,0.011885,74.125.24.0-255,5738,123463,17,349715
12339,0.011892,172.31.36.0-255,66,123529,17,349715
12340,0.013905,74.125.24.0-255,5738,129267,17,349715
12341,0.013915,172.31.36.0-255,66,129333,17,349715
12342,0.015944,74.125.24.0-255,5738,135071,17,349715
12343,0.015952,172.31.36.0-255,66,135137,17,349715
12344,0.017985,74.125.24.0-255,5738,140875,17,349715
12345,0.017993,172.31.36.0-255,66,140941,17,349715
12346,0.020034,74.125.24.0-255,5738,146679,17,349715
12347,0.020041,172.31.36.0-255,66,146745,17,349715
12348,0.02206,74.125.24.0-255,5738,152483,17,349715
12349,0.022068,172.31.36.0-255,66,152549,17,349715
12350,0.024083,74.125.24.0-255,5738,158287,17,349715
12351,0.02409,172.31.36.0-255,66,158353,17,349715
12352,0.025453,172.31.36.0-255,172,158525,17,349715
12353,0.025493,172.31.36.0-255,1118,159643,17,349715
12354,0.025561,172.31.36.0-255,1514,161157,17,349715
12355,0.025563,172.31.36.0-255,1270,162427,17,349715
12356,0.026123,74.125.24.0-255,5738,168165,17,349715
12357,0.02613,172.31.36.0-255,66,168231,17,349715
12358,0.02701,104.244.42.0-255,66,168297,17,349715
12359,0.027131,104.244.42.0-255,66,168363,17,349715
12360,0.027136,104.244.42.0-255,66,168429,17,349715
12361,0.028167,74.125.24.0-255,5738,174167,17,349715
12362,0.028172,172.31.36.0-255,66,174233,17,349715
12363,0.030234,74.125.24.0-255,5738,179971,17,349715
12364,0.030239,172.31.36.0-255,66,180037,17,349715
12365,0.032274,74.125.24.0-255,5738,185775,17,349715
12366,0.03228,172.31.36.0-255,66,185841,17,349715
12367,0.034328,74.125.24.0-255,5738,191579,17,349715
12368,0.034333,172.31.36.0-255,66,191645,17,349715
12369,0.03637,74.125.24.0-255,5738,197383,17,349715
12370,0.036376,172.31.36.0-255,66,197449,17,349715
12371,0.038416,74.125.24.0-255,5738,203187,17,349715
12372,0.038421,172.31.36.0-255,66,203253,17,349715
12373,0.040452,74.125.24.0-255,5738,208991,17,349715
12374,0.040458,172.31.36.0-255,66,209057,17,349715
12375,0.0425,74.125.24.0-255,5738,214795,17,349715
12376,0.042506,172.31.36.0-255,66,214861,17,349715
12377,0.044587,74.125.24.0-255,4320,219181,17,349715
12378,0.044608,172.31.36.0-255,66,219247,17,349715
12379,0.044633,74.125.24.0-255,1484,220731,17,349715
12380,0.04664,74.125.24.0-255,4320,225051,17,349715
12381,0.046645,172.31.36.0-255,66,225117,17,349715
12382,0.048689,74.125.24.0-255,5738,230855,17,349715
12383,0.048743,172.31.36.0-255,66,230921,17,349715
12384,0.050784,74.125.24.0-255,5738,236659,17,349715
12385,0.05079,172.31.36.0-255,66,236725,17,349715
12386,0.052813,74.125.24.0-255,5738,242463,17,349715
12387,0.052819,172.31.36.0-255,66,242529,17,349715
12388,0.054878,74.125.24.0-255,5738,248267,17,349715
12389,0.054883,172.31.36.0-255,66,248333,17,349715
12390,0.056911,74.125.24.0-255,5738,254071,17,349715
12391,0.056917,172.31.36.0-255,66,254137,17,349715
12392,0.058958,74.125.24.0-255,5738,259875,17,349715
12393,0.058963,172.31.36.0-255,66,259941,17,349715
12394,0.060998,74.125.24.0-255,5738,265679,17,349715
12395,0.061004,172.31.36.0-255,66,265745,17,349715
12396,0.063004,74.125.24.0-255,5738,271483,17,349715
12397,0.063009,172.31.36.0-255,66,271549,17,349715
12398,0.06505,74.125.24.0-255,5738,277287,17,349715
12399,0.065055,172.31.36.0-255,66,277353,17,349715
12400,0.067091,74.125.24.0-255,5738,283091,17,349715
12401,0.067097,172.31.36.0-255,66,283157,17,349715
12402,0.069133,74.125.24.0-255,5738,288895,17,349715
12403,0.069138,172.31.36.0-255,66,288961,17,349715
12404,0.071151,74.125.24.0-255,5738,294699,17,349715
12405,0.071157,172.31.36.0-255,66,294765,17,349715
12406,0.07318,74.125.24.0-255,5738,300503,17,349715
12407,0.073187,172.31.36.0-255,66,300569,17,349715
12408,0.07519,74.125.24.0-255,5738,306307,17,349715
12409,0.075195,172.31.36.0-255,66,306373,17,349715
12410,0.0772,74.125.24.0-255,2902,309275,17,349715
12411,0.077205,172.31.36.0-255,66,309341,17,349715
12412,0.077237,74.125.24.0-255,2902,312243,17,349715
12413,0.077264,172.31.36.0-255,66,312309,17,349715
12414,0.079243,74.125.24.0-255,2902,315211,17,349715
12415,0.079248,172.31.36.0-255,66,315277,17,349715
12416,0.079296,74.125.24.0-255,2902,318179,17,349715
12417,0.079306,172.31.36.0-255,66,318245,17,349715
12418,0.08126,74.125.24.0-255,2902,321147,17,349715
12419,0.081265,172.31.36.0-255,66,321213,17,349715
12420,0.081315,74.125.24.0-255,2902,324115,17,349715
12421,0.081323,172.31.36.0-255,66,324181,17,349715
12422,0.0833,74.125.24.0-255,2902,327083,17,349715
12423,0.083305,172.31.36.0-255,66,327149,17,349715
12424,0.083342,74.125.24.0-255,2902,330051,17,349715
12425,0.083359,172.31.36.0-255,66,330117,17,349715
12426,0.0853,74.125.24.0-255,2902,333019,17,349715
12427,0.085305,172.31.36.0-255,66,333085,17,349715
12428,0.08536,74.125.24.0-255,2902,335987,17,349715
12429,0.085387,172.31.36.0-255,66,336053,17,349715
12430,0.087327,74.125.24.0-255,2902,338955,17,349715
12431,0.087332,172.31.36.0-255,66,339021,17,349715
12432,0.087383,74.125.24.0-255,2902,341923,17,349715
12433,0.08739,172.31.36.0-255,66,341989,17,349715
12434,0.089368,74.125.24.0-255,2902,344891,17,349715
12435,0.089374,172.31.36.0-255,66,344957,17,349715
12436,0.089409,74.125.24.0-255,2902,347859,17,349715
12437,0.08979,172.31.36.0-255,66,347925,17,349715
12438,0.091405,74.125.24.0-255,1553,349478,17,349715
12439,0.091411,172.31.36.0-255,66,349544,17,349715
12440,0.091575,172.31.36.0-255,105,349649,17,349715
12441,0.093562,74.125.24.0-255,66,349715,17,349715
12442,0.0,74.125.24.0-255,66,66,17,66
12443,0.0,172.217.194.0-255,153,153,17,178390
12444,1.6e-05,172.31.36.0-255,66,219,17,178390
12445,2.3e-05,172.217.194.0-255,1484,1703,17,178390
12446,2.8e-05,172.31.36.0-255,66,1769,17,178390
12447,5.9e-05,172.217.194.0-255,2902,4671,17,178390
12448,6.8e-05,172.31.36.0-255,66,4737,17,178390
12449,7.5e-05,172.217.194.0-255,7156,11893,17,178390
12450,7.8e-05,172.31.36.0-255,66,11959,17,178390
12451,8.1e-05,172.217.194.0-255,2104,14063,17,178390
12452,8.5e-05,172.31.36.0-255,66,14129,17,178390
12453,0.000159,172.217.194.0-255,1484,15613,17,178390
12454,0.000163,172.31.36.0-255,66,15679,17,178390
12455,0.000169,172.217.194.0-255,2902,18581,17,178390
12456,0.000172,172.31.36.0-255,66,18647,17,178390
12457,0.000176,172.217.194.0-255,2902,21549,17,178390
12458,0.000185,172.31.36.0-255,66,21615,17,178390
12459,0.000215,172.217.194.0-255,2902,24517,17,178390
12460,0.000218,172.31.36.0-255,66,24583,17,178390
12461,0.000224,172.217.194.0-255,2902,27485,17,178390
12462,0.000227,172.31.36.0-255,66,27551,17,178390
12463,0.000255,172.217.194.0-255,3961,31512,17,178390
12464,0.000258,172.31.36.0-255,66,31578,17,178390
12465,0.000458,172.217.194.0-255,1484,33062,17,178390
12466,0.000464,172.31.36.0-255,66,33128,17,178390
12467,0.000493,172.217.194.0-255,2902,36030,17,178390
12468,0.000496,172.31.36.0-255,66,36096,17,178390
12469,0.000502,172.217.194.0-255,5738,41834,17,178390
12470,0.000504,172.31.36.0-255,66,41900,17,178390
12471,0.000518,172.217.194.0-255,5738,47638,17,178390
12472,0.00052,172.31.36.0-255,66,47704,17,178390
12473,0.000564,172.217.194.0-255,7156,54860,17,178390
12474,0.000569,172.31.36.0-255,66,54926,17,178390
12475,0.000601,172.217.194.0-255,6797,61723,17,178390
12476,0.000604,172.31.36.0-255,66,61789,17,178390
12477,0.000637,172.217.194.0-255,3961,65750,17,178390
12478,0.000641,172.31.36.0-255,66,65816,17,178390
12479,0.000695,172.217.194.0-255,646,66462,17,178390
12480,0.000793,172.217.194.0-255,1484,67946,17,178390
12481,0.000797,172.31.36.0-255,66,68012,17,178390
12482,0.000803,172.217.194.0-255,2902,70914,17,178390
12483,0.000805,172.31.36.0-255,66,70980,17,178390
12484,0.000808,172.217.194.0-255,1484,72464,17,178390
12485,0.000834,172.217.194.0-255,4320,76784,17,178390
12486,0.000837,172.31.36.0-255,66,76850,17,178390
12487,0.000841,172.217.194.0-255,1484,78334,17,178390
12488,0.000881,172.31.36.0-255,66,78400,17,178390
12489,0.0009,172.31.36.0-255,66,78466,17,178390
12490,0.000954,172.217.194.0-255,1484,79950,17,178390
12491,0.000959,172.217.194.0-255,2902,82852,17,178390
12492,0.000962,172.31.36.0-255,66,82918,17,178390
12493,0.000992,172.217.194.0-255,5738,88656,17,178390
12494,0.000995,172.31.36.0-255,66,88722,17,178390
12495,0.000999,172.217.194.0-255,2902,91624,17,178390
12496,0.001001,172.31.36.0-255,66,91690,17,178390
12497,0.00104,172.31.36.0-255,66,91756,17,178390
12498,0.001052,172.31.36.0-255,66,91822,17,178390
12499,0.001084,172.217.194.0-255,6438,98260,17,178390
12500,0.001087,172.31.36.0-255,66,98326,17,178390
12501,0.001115,172.217.194.0-255,7156,105482,17,178390
12502,0.00112,172.31.36.0-255,66,105548,17,178390
12503,0.001168,172.217.194.0-255,2902,108450,17,178390
12504,0.001171,172.31.36.0-255,66,108516,17,178390
12505,0.001213,172.31.36.0-255,66,108582,17,178390
12506,0.00122,172.217.194.0-255,6438,115020,17,178390
12507,0.001222,172.31.36.0-255,66,115086,17,178390
12508,0.001244,172.31.36.0-255,66,115152,17,178390
12509,0.001261,172.31.36.0-255,66,115218,17,178390
12510,0.001264,172.217.194.0-255,766,115984,17,178390
12511,0.001683,172.217.194.0-255,1484,117468,17,178390
12512,0.001688,172.31.36.0-255,66,117534,17,178390
12513,0.001694,172.217.194.0-255,2902,120436,17,178390
12514,0.001696,172.31.36.0-255,66,120502,17,178390
12515,0.0017,172.217.194.0-255,2902,123404,17,178390
12516,0.001702,172.31.36.0-255,66,123470,17,178390
12517,0.001735,172.217.194.0-255,2902,126372,17,178390
12518,0.001739,172.31.36.0-255,66,126438,17,178390
12519,0.001745,172.217.194.0-255,4320,130758,17,178390
12520,0.001747,172.31.36.0-255,66,130824,17,178390
12521,0.001767,172.31.36.0-255,66,130890,17,178390
12522,0.001807,172.31.36.0-255,66,130956,17,178390
12523,0.002338,172.217.194.0-255,1484,132440,17,178390
12524,0.002348,172.217.194.0-255,2902,135342,17,178390
12525,0.002352,172.31.36.0-255,66,135408,17,178390
12526,0.002359,172.217.194.0-255,5738,141146,17,178390
12527,0.002361,172.31.36.0-255,66,141212,17,178390
12528,0.002399,172.31.36.0-255,66,141278,17,178390
12529,0.002403,172.217.194.0-255,2902,144180,17,178390
12530,0.002405,172.31.36.0-255,66,144246,17,178390
12531,0.002435,172.217.194.0-255,7156,151402,17,178390
12532,0.002438,172.31.36.0-255,66,151468,17,178390
12533,0.002441,172.217.194.0-255,766,152234,17,178390
12534,0.002472,172.217.194.0-255,1484,153718,17,178390
12535,0.002474,172.31.36.0-255,66,153784,17,178390
12536,0.002501,172.217.194.0-255,4320,158104,17,178390
12537,0.002503,172.31.36.0-255,66,158170,17,178390
12538,0.002506,172.217.194.0-255,1484,159654,17,178390
12539,0.002546,172.31.36.0-255,66,159720,17,178390
12540,0.002549,172.217.194.0-255,1484,161204,17,178390
12541,0.002584,172.31.36.0-255,66,161270,17,178390
12542,0.002615,172.217.194.0-255,5020,166290,17,178390
12543,0.002617,172.31.36.0-255,66,166356,17,178390
12544,0.002647,172.31.36.0-255,66,166422,17,178390
12545,0.00266,172.31.36.0-255,66,166488,17,178390
12546,0.002751,172.217.194.0-255,1484,167972,17,178390
12547,0.002778,172.217.194.0-255,4320,172292,17,178390
12548,0.0028,172.217.194.0-255,1484,173776,17,178390
12549,0.002837,172.217.194.0-255,105,173881,17,178390
12550,0.010193,172.31.36.0-255,66,173947,17,178390
12551,0.011722,172.31.36.0-255,105,174052,17,178390
12552,0.014279,172.217.194.0-255,66,174118,17,178390
12553,0.036937,172.31.36.0-255,172,174290,17,178390
12554,0.03697,172.31.36.0-255,1117,175407,17,178390
12555,0.037007,172.31.36.0-255,1514,176921,17,178390
12556,0.037009,172.31.36.0-255,1271,178192,17,178390
12557,0.038507,104.244.42.0-255,66,178258,17,178390
12558,0.038605,104.244.42.0-255,66,178324,17,178390
12559,0.038616,104.244.42.0-255,66,178390,17,178390
12560,0.0,172.217.194.0-255,215,215,17,361135
12561,2.5e-05,172.31.36.0-255,66,281,17,361135
12562,3.2e-05,172.217.194.0-255,1484,1765,17,361135
12563,3.6e-05,172.31.36.0-255,66,1831,17,361135
12564,4.4e-05,172.217.194.0-255,4320,6151,17,361135
12565,4.7e-05,172.31.36.0-255,66,6217,17,361135
12566,5.5e-05,172.217.194.0-255,7156,13373,17,361135
12567,5.8e-05,172.31.36.0-255,66,13439,17,361135
12568,6.1e-05,172.217.194.0-255,353,13792,17,361135
12569,6.3e-05,172.31.36.0-255,66,13858,17,361135
12570,0.00023,172.217.194.0-255,1484,15342,17,361135
12571,0.000235,172.31.36.0-255,66,15408,17,361135
12572,0.000241,172.217.194.0-255,2902,18310,17,361135
12573,0.000244,172.31.36.0-255,66,18376,17,361135
12574,0.000248,172.217.194.0-255,2902,21278,17,361135
12575,0.00025,172.31.36.0-255,66,21344,17,361135
12576,0.000277,172.217.194.0-255,4320,25664,17,361135
12577,0.00028,172.31.36.0-255,66,25730,17,361135
12578,0.000298,172.217.194.0-255,1484,27214,17,361135
12579,0.000301,172.31.36.0-255,66,27280,17,361135
12580,0.000326,172.31.36.0-255,66,27346,17,361135
12581,0.000337,172.31.36.0-255,66,27412,17,361135
12582,0.000356,172.217.194.0-255,1484,28896,17,361135
12583,0.000359,172.31.36.0-255,66,28962,17,361135
12584,0.000364,172.217.194.0-255,2543,31505,17,361135
12585,0.000366,172.31.36.0-255,66,31571,17,361135
12586,0.000507,172.217.194.0-255,1484,33055,17,361135
12587,0.000511,172.31.36.0-255,66,33121,17,361135
12588,0.000517,172.217.194.0-255,2902,36023,17,361135
12589,0.000519,172.31.36.0-255,66,36089,17,361135
12590,0.000525,172.217.194.0-255,4320,40409,17,361135
12591,0.000527,172.31.36.0-255,66,40475,17,361135
12592,0.000549,172.217.194.0-255,1484,41959,17,361135
12593,0.000556,172.217.194.0-255,4320,46279,17,361135
12594,0.000559,172.31.36.0-255,66,46345,17,361135
12595,0.000579,172.217.194.0-255,3154,49499,17,361135
12596,0.000581,172.31.36.0-255,66,49565,17,361135
12597,0.000758,172.217.194.0-255,1484,51049,17,361135
12598,0.000762,172.217.194.0-255,2902,53951,17,361135
12599,0.00077,172.31.36.0-255,66,54017,17,361135
12600,0.000782,172.217.194.0-255,5738,59755,17,361135
12601,0.000784,172.31.36.0-255,66,59821,17,361135
12602,0.000837,172.217.194.0-255,6797,66618,17,361135
12603,0.000839,172.31.36.0-255,66,66684,17,361135
12604,0.000844,172.217.194.0-255,2902,69586,17,361135
12605,0.000846,172.31.36.0-255,66,69652,17,361135
12606,0.000862,172.217.194.0-255,4320,73972,17,361135
12607,0.000865,172.31.36.0-255,66,74038,17,361135
12608,0.000868,172.217.194.0-255,1484,75522,17,361135
12609,0.000915,172.217.194.0-255,4320,79842,17,361135
12610,0.000918,172.31.36.0-255,66,79908,17,361135
12611,0.000938,172.217.194.0-255,3961,83869,17,361135
12612,0.000941,172.31.36.0-255,66,83935,17,361135
12613,0.001581,172.217.194.0-255,1484,85419,17,361135
12614,0.001588,172.217.194.0-255,2902,88321,17,361135
12615,0.001592,172.31.36.0-255,66,88387,17,361135
12616,0.001599,172.217.194.0-255,5738,94125,17,361135
12617,0.001602,172.31.36.0-255,66,94191,17,361135
12618,0.001624,172.217.194.0-255,4320,98511,17,361135
12619,0.001626,172.31.36.0-255,66,98577,17,361135
12620,0.001653,172.31.36.0-255,66,98643,17,361135
12621,0.001687,172.31.36.0-255,66,98709,17,361135
12622,0.001705,172.217.194.0-255,2184,100893,17,361135
12623,0.001708,172.31.36.0-255,66,100959,17,361135
12624,0.002131,172.217.194.0-255,1484,102443,17,361135
12625,0.002141,172.217.194.0-255,2902,105345,17,361135
12626,0.002146,172.31.36.0-255,66,105411,17,361135
12627,0.002153,172.217.194.0-255,5738,111149,17,361135
12628,0.002156,172.31.36.0-255,66,111215,17,361135
12629,0.002187,172.31.36.0-255,66,111281,17,361135
12630,0.002209,172.217.194.0-255,2902,114183,17,361135
12631,0.002212,172.31.36.0-255,66,114249,17,361135
12632,0.002224,172.31.36.0-255,66,114315,17,361135
12633,0.004512,172.217.194.0-255,5738,120053,17,361135
12634,0.004519,172.31.36.0-255,66,120119,17,361135
12635,0.006818,172.217.194.0-255,5738,125857,17,361135
12636,0.006825,172.31.36.0-255,66,125923,17,361135
12637,0.009096,172.217.194.0-255,2902,128825,17,361135
12638,0.009101,172.31.36.0-255,66,128891,17,361135
12639,0.009121,172.217.194.0-255,2902,131793,17,361135
12640,0.009124,172.31.36.0-255,66,131859,17,361135
12641,0.011411,172.217.194.0-255,5738,137597,17,361135
12642,0.011418,172.31.36.0-255,66,137663,17,361135
12643,0.013738,172.217.194.0-255,5738,143401,17,361135
12644,0.013747,172.31.36.0-255,66,143467,17,361135
12645,0.016067,172.217.194.0-255,5738,149205,17,361135
12646,0.016077,172.31.36.0-255,66,149271,17,361135
12647,0.018364,172.217.194.0-255,5738,155009,17,361135
12648,0.018373,172.31.36.0-255,66,155075,17,361135
12649,0.02069,172.217.194.0-255,5738,160813,17,361135
12650,0.020698,172.31.36.0-255,66,160879,17,361135
12651,0.022993,172.217.194.0-255,5738,166617,17,361135
12652,0.023004,172.31.36.0-255,66,166683,17,361135
12653,0.025321,172.217.194.0-255,5738,172421,17,361135
12654,0.025329,172.31.36.0-255,66,172487,17,361135
12655,0.027632,172.217.194.0-255,5738,178225,17,361135
12656,0.02764,172.31.36.0-255,66,178291,17,361135
12657,0.029306,172.31.36.0-255,172,178463,17,361135
12658,0.029336,172.31.36.0-255,1117,179580,17,361135
12659,0.029405,172.31.36.0-255,1514,181094,17,361135
12660,0.029408,172.31.36.0-255,1271,182365,17,361135
12661,0.029924,172.217.194.0-255,5738,188103,17,361135
12662,0.029931,172.31.36.0-255,66,188169,17,361135
12663,0.030882,104.244.42.0-255,66,188235,17,361135
12664,0.030919,104.244.42.0-255,66,188301,17,361135
12665,0.030956,104.244.42.0-255,66,188367,17,361135
12666,0.032215,172.217.194.0-255,5738,194105,17,361135
12667,0.03222,172.31.36.0-255,66,194171,17,361135
12668,0.034535,172.217.194.0-255,5738,199909,17,361135
12669,0.034543,172.31.36.0-255,66,199975,17,361135
12670,0.036868,172.217.194.0-255,5738,205713,17,361135
12671,0.036887,172.31.36.0-255,66,205779,17,361135
12672,0.039228,172.217.194.0-255,5738,211517,17,361135
12673,0.039247,172.31.36.0-255,66,211583,17,361135
12674,0.041553,172.217.194.0-255,5738,217321,17,361135
12675,0.04158,172.31.36.0-255,66,217387,17,361135
12676,0.043893,172.217.194.0-255,5738,223125,17,361135
12677,0.043909,172.31.36.0-255,66,223191,17,361135
12678,0.046234,172.217.194.0-255,5738,228929,17,361135
12679,0.046249,172.31.36.0-255,66,228995,17,361135
12680,0.048553,172.217.194.0-255,4320,233315,17,361135
12681,0.048561,172.31.36.0-255,66,233381,17,361135
12682,0.048581,172.217.194.0-255,1484,234865,17,361135
12683,0.050826,172.217.194.0-255,4320,239185,17,361135
12684,0.050833,172.31.36.0-255,66,239251,17,361135
12685,0.053116,172.217.194.0-255,5738,244989,17,361135
12686,0.053123,172.31.36.0-255,66,245055,17,361135
12687,0.055441,172.217.194.0-255,5738,250793,17,361135
12688,0.055459,172.31.36.0-255,66,250859,17,361135
12689,0.057771,172.217.194.0-255,5738,256597,17,361135
12690,0.05778,172.31.36.0-255,66,256663,17,361135
12691,0.060123,172.217.194.0-255,5738,262401,17,361135
12692,0.06013,172.31.36.0-255,66,262467,17,361135
12693,0.06245,172.217.194.0-255,5738,268205,17,361135
12694,0.062456,172.31.36.0-255,66,268271,17,361135
12695,0.064776,172.217.194.0-255,5738,274009,17,361135
12696,0.064782,172.31.36.0-255,66,274075,17,361135
12697,0.067089,172.217.194.0-255,5738,279813,17,361135
12698,0.067095,172.31.36.0-255,66,279879,17,361135
12699,0.06941,172.217.194.0-255,5738,285617,17,361135
12700,0.069416,172.31.36.0-255,66,285683,17,361135
12701,0.07172,172.217.194.0-255,5738,291421,17,361135
12702,0.071726,172.31.36.0-255,66,291487,17,361135
12703,0.07402,172.217.194.0-255,5738,297225,17,361135
12704,0.074027,172.31.36.0-255,66,297291,17,361135
12705,0.076316,172.217.194.0-255,5738,303029,17,361135
12706,0.076322,172.31.36.0-255,66,303095,17,361135
12707,0.078693,172.217.194.0-255,5738,308833,17,361135
12708,0.078699,172.31.36.0-255,66,308899,17,361135
12709,0.081029,172.217.194.0-255,5738,314637,17,361135
12710,0.081034,172.31.36.0-255,66,314703,17,361135
12711,0.083366,172.217.194.0-255,5738,320441,17,361135
12712,0.083372,172.31.36.0-255,66,320507,17,361135
12713,0.08573,172.217.194.0-255,5738,326245,17,361135
12714,0.085736,172.31.36.0-255,66,326311,17,361135
12715,0.088029,172.217.194.0-255,5738,332049,17,361135
12716,0.08805,172.31.36.0-255,66,332115,17,361135
12717,0.090335,172.217.194.0-255,5738,337853,17,361135
12718,0.090342,172.31.36.0-255,66,337919,17,361135
12719,0.092648,172.217.194.0-255,5738,343657,17,361135
12720,0.092655,172.31.36.0-255,66,343723,17,361135
12721,0.094976,172.217.194.0-255,5738,349461,17,361135
12722,0.094982,172.31.36.0-255,66,349527,17,361135
12723,0.097278,172.217.194.0-255,5738,355265,17,361135
12724,0.097285,172.31.36.0-255,66,355331,17,361135
12725,0.099614,172.217.194.0-255,5738,361069,17,361135
12726,0.099621,172.31.36.0-255,66,361135,17,361135
12727,0.0,172.217.194.0-255,146,146,17,151955
12728,2.9e-05,172.31.36.0-255,66,212,17,151955
12729,3.5e-05,172.217.194.0-255,1484,1696,17,151955
12730,3.9e-05,172.31.36.0-255,66,1762,17,151955
12731,4.4e-05,172.217.194.0-255,2902,4664,17,151955
12732,4.6e-05,172.31.36.0-255,66,4730,17,151955
12733,5.4e-05,172.217.194.0-255,7156,11886,17,151955
12734,5.6e-05,172.31.36.0-255,66,11952,17,151955
12735,5.9e-05,172.217.194.0-255,1484,13436,17,151955
12736,6.1e-05,172.31.36.0-255,66,13502,17,151955
12737,0.000113,172.31.36.0-255,66,13568,17,151955
12738,0.000119,172.217.194.0-255,4320,17888,17,151955
12739,0.00012,172.31.36.0-255,66,17954,17,151955
12740,0.000147,172.217.194.0-255,2543,20497,17,151955
12741,0.00015,172.31.36.0-255,66,20563,17,151955
12742,0.000175,172.217.194.0-255,1484,22047,17,151955
12743,0.000178,172.31.36.0-255,66,22113,17,151955
12744,0.000184,172.217.194.0-255,2902,25015,17,151955
12745,0.000186,172.31.36.0-255,66,25081,17,151955
12746,0.000192,172.217.194.0-255,5738,30819,17,151955
12747,0.000194,172.31.36.0-255,66,30885,17,151955
12748,0.000197,172.217.194.0-255,1484,32369,17,151955
12749,0.000199,172.31.36.0-255,66,32435,17,151955
12750,0.000229,172.217.194.0-255,6797,39232,17,151955
12751,0.000232,172.31.36.0-255,66,39298,17,151955
12752,0.000244,172.31.36.0-255,66,39364,17,151955
12753,0.000247,172.217.194.0-255,1484,40848,17,151955
12754,0.000249,172.31.36.0-255,66,40914,17,151955
12755,0.000267,172.217.194.0-255,5667,46581,17,151955
12756,0.000271,172.31.36.0-255,66,46647,17,151955
12757,0.00075,172.217.194.0-255,99,46746,17,151955
12758,0.000849,172.217.194.0-255,1484,48230,17,151955
12759,0.000854,172.31.36.0-255,66,48296,17,151955
12760,0.000861,172.217.194.0-255,2902,51198,17,151955
12761,0.000863,172.31.36.0-255,66,51264,17,151955
12762,0.000869,172.217.194.0-255,5738,57002,17,151955
12763,0.000872,172.31.36.0-255,66,57068,17,151955
12764,0.000909,172.31.36.0-255,66,57134,17,151955
12765,0.000929,172.217.194.0-255,1125,58259,17,151955
12766,0.000941,172.31.36.0-255,66,58325,17,151955
12767,0.001417,172.217.194.0-255,1484,59809,17,151955
12768,0.001425,172.217.194.0-255,1484,61293,17,151955
12769,0.001431,172.31.36.0-255,66,61359,17,151955
12770,0.001453,172.217.194.0-255,1484,62843,17,151955
12771,0.001458,172.217.194.0-255,4320,67163,17,151955
12772,0.001461,172.31.36.0-255,66,67229,17,151955
12773,0.001494,172.31.36.0-255,66,67295,17,151955
12774,0.001509,172.31.36.0-255,66,67361,17,151955
12775,0.001529,172.217.194.0-255,2184,69545,17,151955
12776,0.001531,172.31.36.0-255,66,69611,17,151955
12777,0.001572,172.217.194.0-255,1484,71095,17,151955
12778,0.001577,172.217.194.0-255,2902,73997,17,151955
12779,0.001579,172.31.36.0-255,66,74063,17,151955
12780,0.001586,172.217.194.0-255,5738,79801,17,151955
12781,0.001588,172.31.36.0-255,66,79867,17,151955
12782,0.001591,172.217.194.0-255,1484,81351,17,151955
12783,0.001625,172.31.36.0-255,66,81417,17,151955
12784,0.001642,172.217.194.0-255,1484,82901,17,151955
12785,0.001668,172.31.36.0-255,66,82967,17,151955
12786,0.001787,172.217.194.0-255,1484,84451,17,151955
12787,0.001793,172.217.194.0-255,2902,87353,17,151955
12788,0.001795,172.31.36.0-255,66,87419,17,151955
12789,0.00182,172.217.194.0-255,5738,93157,17,151955
12790,0.001822,172.31.36.0-255,66,93223,17,151955
12791,0.001894,172.217.194.0-255,5738,98961,17,151955
12792,0.001911,172.217.194.0-255,4320,103281,17,151955
12793,0.001913,172.217.194.0-255,766,104047,17,151955
12794,0.001945,172.217.194.0-255,1484,105531,17,151955
12795,0.001963,172.217.194.0-255,2902,108433,17,151955
12796,0.00197,172.217.194.0-255,5738,114171,17,151955
12797,0.001995,172.217.194.0-255,5738,119909,17,151955
12798,0.002019,172.217.194.0-255,7156,127065,17,151955
12799,0.002062,172.217.194.0-255,5738,132803,17,151955
12800,0.002149,172.217.194.0-255,5738,138541,17,151955
12801,0.00226,172.217.194.0-255,5738,144279,17,151955
12802,0.00449,172.31.36.0-255,66,144345,17,151955
12803,0.006775,172.217.194.0-255,2118,146463,17,151955
12804,0.006781,172.31.36.0-255,66,146529,17,151955
12805,0.006946,172.31.36.0-255,105,146634,17,151955
12806,0.009191,172.217.194.0-255,66,146700,17,151955
12807,0.025419,172.31.36.0-255,176,146876,17,151955
12808,0.025452,172.31.36.0-255,1117,147993,17,151955
12809,0.025583,172.31.36.0-255,1514,149507,17,151955
12810,0.025586,172.31.36.0-255,1514,151021,17,151955
12811,0.025616,172.31.36.0-255,670,151691,17,151955
12812,0.027004,104.244.42.0-255,66,151757,17,151955
12813,0.027042,104.244.42.0-255,66,151823,17,151955
12814,0.027141,104.244.42.0-255,66,151889,17,151955
12815,0.027197,104.244.42.0-255,66,151955,17,151955
12816,0.0,74.125.24.0-255,152,152,17,315219
12817,1.8e-05,172.31.36.0-255,66,218,17,315219
12818,2.5e-05,74.125.24.0-255,1484,1702,17,315219
12819,3e-05,172.31.36.0-255,66,1768,17,315219
12820,3.6e-05,74.125.24.0-255,2902,4670,17,315219
12821,3.9e-05,172.31.36.0-255,66,4736,17,315219
12822,4.8e-05,74.125.24.0-255,7156,11892,17,315219
12823,5e-05,172.31.36.0-255,66,11958,17,315219
12824,5.5e-05,74.125.24.0-255,2111,14069,17,315219
12825,5.7e-05,172.31.36.0-255,66,14135,17,315219
12826,0.000103,74.125.24.0-255,1484,15619,17,315219
12827,0.000106,172.31.36.0-255,66,15685,17,315219
12828,0.000111,74.125.24.0-255,2902,18587,17,315219
12829,0.000114,172.31.36.0-255,66,18653,17,315219
12830,0.00012,74.125.24.0-255,5738,24391,17,315219
12831,0.000123,172.31.36.0-255,66,24457,17,315219
12832,0.000163,74.125.24.0-255,2902,27359,17,315219
12833,0.000166,172.31.36.0-255,66,27425,17,315219
12834,0.000186,74.125.24.0-255,3961,31386,17,315219
12835,0.000189,172.31.36.0-255,66,31452,17,315219
12836,0.000352,74.125.24.0-255,1484,32936,17,315219
12837,0.000357,172.31.36.0-255,66,33002,17,315219
12838,0.000363,74.125.24.0-255,2902,35904,17,315219
12839,0.000366,172.31.36.0-255,66,35970,17,315219
12840,0.000372,74.125.24.0-255,5738,41708,17,315219
12841,0.000374,172.31.36.0-255,66,41774,17,315219
12842,0.000401,74.125.24.0-255,5738,47512,17,315219
12843,0.000404,172.31.36.0-255,66,47578,17,315219
12844,0.000424,74.125.24.0-255,5379,52957,17,315219
12845,0.000426,172.31.36.0-255,66,53023,17,315219
12846,0.00044,172.31.36.0-255,66,53089,17,315219
12847,0.000443,74.125.24.0-255,1435,54524,17,315219
12848,0.000829,74.125.24.0-255,109,54633,17,315219
12849,0.001002,172.31.36.0-255,66,54699,17,315219
12850,0.001521,74.125.24.0-255,333,55032,17,315219
12851,0.00156,74.125.24.0-255,1484,56516,17,315219
12852,0.001566,172.31.36.0-255,66,56582,17,315219
12853,0.001575,74.125.24.0-255,2902,59484,17,315219
12854,0.001577,172.31.36.0-255,66,59550,17,315219
12855,0.001582,74.125.24.0-255,2902,62452,17,315219
12856,0.001584,172.31.36.0-255,66,62518,17,315219
12857,0.001604,74.125.24.0-255,2902,65420,17,315219
12858,0.001606,172.31.36.0-255,66,65486,17,315219
12859,0.001617,172.31.36.0-255,66,65552,17,315219
12860,0.001636,74.125.24.0-255,4320,69872,17,315219
12861,0.001639,172.31.36.0-255,66,69938,17,315219
12862,0.001683,172.31.36.0-255,66,70004,17,315219
12863,0.004086,74.125.24.0-255,5738,75742,17,315219
12864,0.004092,172.31.36.0-255,66,75808,17,315219
12865,0.006475,74.125.24.0-255,5738,81546,17,315219
12866,0.006481,172.31.36.0-255,66,81612,17,315219
12867,0.008887,74.125.24.0-255,5738,87350,17,315219
12868,0.008896,172.31.36.0-255,66,87416,17,315219
12869,0.011344,74.125.24.0-255,5738,93154,17,315219
12870,0.011353,172.31.36.0-255,66,93220,17,315219
12871,0.013728,74.125.24.0-255,5738,98958,17,315219
12872,0.013736,172.31.36.0-255,66,99024,17,315219
12873,0.015516,172.31.36.0-255,172,99196,17,315219
12874,0.015545,172.31.36.0-255,1117,100313,17,315219
12875,0.015587,172.31.36.0-255,1514,101827,17,315219
12876,0.015588,172.31.36.0-255,1214,103041,17,315219
12877,0.016133,74.125.24.0-255,5738,108779,17,315219
12878,0.016139,172.31.36.0-255,66,108845,17,315219
12879,0.017148,104.244.42.0-255,66,108911,17,315219
12880,0.018497,74.125.24.0-255,2902,111813,17,315219
12881,0.018501,172.31.36.0-255,66,111879,17,315219
12882,0.018533,74.125.24.0-255,2902,114781,17,315219
12883,0.018537,172.31.36.0-255,66,114847,17,315219
12884,0.020868,74.125.24.0-255,2902,117749,17,315219
12885,0.020874,172.31.36.0-255,66,117815,17,315219
12886,0.020903,74.125.24.0-255,2902,120717,17,315219
12887,0.020906,172.31.36.0-255,66,120783,17,315219
12888,0.023234,74.125.24.0-255,2902,123685,17,315219
12889,0.023238,172.31.36.0-255,66,123751,17,315219
12890,0.023276,74.125.24.0-255,2902,126653,17,315219
12891,0.023279,172.31.36.0-255,66,126719,17,315219
12892,0.025614,74.125.24.0-255,2902,129621,17,315219
12893,0.02562,172.31.36.0-255,66,129687,17,315219
12894,0.025668,74.125.24.0-255,2902,132589,17,315219
12895,0.025672,172.31.36.0-255,66,132655,17,315219
12896,0.027976,74.125.24.0-255,2902,135557,17,315219
12897,0.027981,172.31.36.0-255,66,135623,17,315219
12898,0.02804,74.125.24.0-255,2902,138525,17,315219
12899,0.028045,172.31.36.0-255,66,138591,17,315219
12900,0.030331,74.125.24.0-255,2902,141493,17,315219
12901,0.030337,172.31.36.0-255,66,141559,17,315219
12902,0.030436,74.125.24.0-255,2902,144461,17,315219
12903,0.030441,172.31.36.0-255,66,144527,17,315219
12904,0.032736,74.125.24.0-255,2902,147429,17,315219
12905,0.032741,172.31.36.0-255,66,147495,17,315219
12906,0.032801,74.125.24.0-255,2902,150397,17,315219
12907,0.032805,172.31.36.0-255,66,150463,17,315219
12908,0.035089,74.125.24.0-255,2902,153365,17,315219
12909,0.035094,172.31.36.0-255,66,153431,17,315219
12910,0.035179,74.125.24.0-255,2902,156333,17,315219
12911,0.035183,172.31.36.0-255,66,156399,17,315219
12912,0.037435,74.125.24.0-255,2902,159301,17,315219
12913,0.03744,172.31.36.0-255,66,159367,17,315219
12914,0.037547,74.125.24.0-255,2902,162269,17,315219
12915,0.037552,172.31.36.0-255,66,162335,17,315219
12916,0.03982,74.125.24.0-255,2902,165237,17,315219
12917,0.039826,172.31.36.0-255,66,165303,17,315219
12918,0.039918,74.125.24.0-255,2902,168205,17,315219
12919,0.039923,172.31.36.0-255,66,168271,17,315219
12920,0.042168,74.125.24.0-255,2902,171173,17,315219
12921,0.042189,172.31.36.0-255,66,171239,17,315219
12922,0.042267,74.125.24.0-255,2902,174141,17,315219
12923,0.042272,172.31.36.0-255,66,174207,17,315219
12924,0.044545,74.125.24.0-255,2902,177109,17,315219
12925,0.044552,172.31.36.0-255,66,177175,17,315219
12926,0.044617,74.125.24.0-255,2902,180077,17,315219
12927,0.044623,172.31.36.0-255,66,180143,17,315219
12928,0.046906,74.125.24.0-255,2902,183045,17,315219
12929,0.04691,172.31.36.0-255,66,183111,17,315219
12930,0.046957,74.125.24.0-255,2902,186013,17,315219
12931,0.046961,172.31.36.0-255,66,186079,17,315219
12932,0.049322,74.125.24.0-255,5738,191817,17,315219
12933,0.049337,172.31.36.0-255,66,191883,17,315219
12934,0.051676,74.125.24.0-255,2902,194785,17,315219
12935,0.051681,172.31.36.0-255,66,194851,17,315219
12936,0.051704,74.125.24.0-255,2902,197753,17,315219
12937,0.051707,172.31.36.0-255,66,197819,17,315219
12938,0.054091,74.125.24.0-255,5738,203557,17,315219
12939,0.054097,172.31.36.0-255,66,203623,17,315219
12940,0.056482,74.125.24.0-255,5738,209361,17,315219
12941,0.056488,172.31.36.0-255,66,209427,17,315219
12942,0.05884,74.125.24.0-255,5738,215165,17,315219
12943,0.058845,172.31.36.0-255,66,215231,17,315219
12944,0.061236,74.125.24.0-255,5738,220969,17,315219
12945,0.061243,172.31.36.0-255,66,221035,17,315219
12946,0.063606,74.125.24.0-255,5738,226773,17,315219
12947,0.063612,172.31.36.0-255,66,226839,17,315219
12948,0.065994,74.125.24.0-255,5738,232577,17,315219
12949,0.066001,172.31.36.0-255,66,232643,17,315219
12950,0.068375,74.125.24.0-255,5738,238381,17,315219
12951,0.068381,172.31.36.0-255,66,238447,17,315219
12952,0.070734,74.125.24.0-255,5738,244185,17,315219
12953,0.07074,172.31.36.0-255,66,244251,17,315219
12954,0.073095,74.125.24.0-255,2902,247153,17,315219
12955,0.0731,172.31.36.0-255,66,247219,17,315219
12956,0.073167,74.125.24.0-255,2902,250121,17,315219
12957,0.073173,172.31.36.0-255,66,250187,17,315219
12958,0.075453,74.125.24.0-255,2902,253089,17,315219
12959,0.075459,172.31.36.0-255,66,253155,17,315219
12960,0.075522,74.125.24.0-255,2902,256057,17,315219
12961,0.075526,172.31.36.0-255,66,256123,17,315219
12962,0.077821,74.125.24.0-255,2902,259025,17,315219
12963,0.077826,172.31.36.0-255,66,259091,17,315219
12964,0.077904,74.125.24.0-255,2902,261993,17,315219
12965,0.077909,172.31.36.0-255,66,262059,17,315219
12966,0.080184,74.125.24.0-255,2902,264961,17,315219
12967,0.080189,172.31.36.0-255,66,265027,17,315219
12968,0.080289,74.125.24.0-255,2902,267929,17,315219
12969,0.080294,172.31.36.0-255,66,267995,17,315219
12970,0.082596,74.125.24.0-255,2902,270897,17,315219
12971,0.082602,172.31.36.0-255,66,270963,17,315219
12972,0.082647,74.125.24.0-255,2902,273865,17,315219
12973,0.082652,172.31.36.0-255,66,273931,17,315219
12974,0.084949,74.125.24.0-255,2902,276833,17,315219
12975,0.084955,172.31.36.0-255,66,276899,17,315219
12976,0.085025,74.125.24.0-255,2902,279801,17,315219
12977,0.085029,172.31.36.0-255,66,279867,17,315219
12978,0.087329,74.125.24.0-255,2902,282769,17,315219
12979,0.087335,172.31.36.0-255,66,282835,17,315219
12980,0.087371,74.125.24.0-255,2902,285737,17,315219
12981,0.087374,172.31.36.0-255,66,285803,17,315219
12982,0.089679,74.125.24.0-255,2902,288705,17,315219
12983,0.089685,172.31.36.0-255,66,288771,17,315219
12984,0.08976,74.125.24.0-255,2902,291673,17,315219
12985,0.089765,172.31.36.0-255,66,291739,17,315219
12986,0.092039,74.125.24.0-255,2902,294641,17,315219
12987,0.092044,172.31.36.0-255,66,294707,17,315219
12988,0.092103,74.125.24.0-255,2902,297609,17,315219
12989,0.092107,172.31.36.0-255,66,297675,17,315219
12990,0.094442,74.125.24.0-255,2902,300577,17,315219
12991,0.094448,172.31.36.0-255,66,300643,17,315219
12992,0.094478,74.125.24.0-255,2902,303545,17,315219
12993,0.094481,172.31.36.0-255,66,303611,17,315219
12994,0.096831,74.125.24.0-255,5738,309349,17,315219
12995,0.096837,172.31.36.0-255,66,309415,17,315219
12996,0.099228,74.125.24.0-255,5738,315153,17,315219
12997,0.099234,172.31.36.0-255,66,315219,17,315219
12998,0.0,74.125.24.0-255,148,148,17,324279
12999,2.7e-05,172.31.36.0-255,66,214,17,324279
13000,3.3e-05,74.125.24.0-255,1484,1698,17,324279
13001,3.7e-05,172.31.36.0-255,66,1764,17,324279
13002,4.3e-05,74.125.24.0-255,2902,4666,17,324279
13003,4.6e-05,172.31.36.0-255,66,4732,17,324279
13004,7.3e-05,74.125.24.0-255,7156,11888,17,324279
13005,7.6e-05,172.31.36.0-255,66,11954,17,324279
13006,8e-05,74.125.24.0-255,2013,13967,17,324279
13007,8.2e-05,172.31.36.0-255,66,14033,17,324279
13008,0.00034,74.125.24.0-255,1484,15517,17,324279
13009,0.000345,172.31.36.0-255,66,15583,17,324279
13010,0.000352,74.125.24.0-255,2902,18485,17,324279
13011,0.000354,172.31.36.0-255,66,18551,17,324279
13012,0.000358,74.125.24.0-255,2902,21453,17,324279
13013,0.00036,172.31.36.0-255,66,21519,17,324279
13014,0.000383,74.125.24.0-255,2902,24421,17,324279
13015,0.000386,172.31.36.0-255,66,24487,17,324279
13016,0.000429,74.125.24.0-255,1484,25971,17,324279
13017,0.000432,172.31.36.0-255,66,26037,17,324279
13018,0.000456,74.125.24.0-255,5379,31416,17,324279
13019,0.000459,172.31.36.0-255,66,31482,17,324279
13020,0.000572,74.125.24.0-255,1484,32966,17,324279
13021,0.000575,172.31.36.0-255,66,33032,17,324279
13022,0.000584,74.125.24.0-255,2902,35934,17,324279
13023,0.000587,172.31.36.0-255,66,36000,17,324279
13024,0.000591,74.125.24.0-255,1484,37484,17,324279
13025,0.000592,172.31.36.0-255,66,37550,17,324279
13026,0.000609,74.125.24.0-255,2902,40452,17,324279
13027,0.000612,172.31.36.0-255,66,40518,17,324279
13028,0.000624,74.125.24.0-255,1484,42002,17,324279
13029,0.000626,172.31.36.0-255,66,42068,17,324279
13030,0.000652,172.31.36.0-255,66,42134,17,324279
13031,0.000662,172.31.36.0-255,66,42200,17,324279
13032,0.000675,74.125.24.0-255,1484,43684,17,324279
13033,0.000691,74.125.24.0-255,1484,45168,17,324279
13034,0.000695,172.31.36.0-255,66,45234,17,324279
13035,0.000708,74.125.24.0-255,3961,49195,17,324279
13036,0.000711,172.31.36.0-255,66,49261,17,324279
13037,0.00112,74.125.24.0-255,396,49657,17,324279
13038,0.001303,74.125.24.0-255,1484,51141,17,324279
13039,0.001307,172.31.36.0-255,66,51207,17,324279
13040,0.001327,74.125.24.0-255,2902,54109,17,324279
13041,0.001329,172.31.36.0-255,66,54175,17,324279
13042,0.001333,74.125.24.0-255,2902,57077,17,324279
13043,0.001335,172.31.36.0-255,66,57143,17,324279
13044,0.00135,74.125.24.0-255,2902,60045,17,324279
13045,0.001352,172.31.36.0-255,66,60111,17,324279
13046,0.001378,172.31.36.0-255,66,60177,17,324279
13047,0.001381,74.125.24.0-255,1484,61661,17,324279
13048,0.001405,172.31.36.0-255,66,61727,17,324279
13049,0.001411,74.125.24.0-255,5020,66747,17,324279
13050,0.001413,172.31.36.0-255,66,66813,17,324279
13051,0.001506,74.125.24.0-255,347,67160,17,324279
13052,0.001622,74.125.24.0-255,1484,68644,17,324279
13053,0.001625,172.31.36.0-255,66,68710,17,324279
13054,0.00163,74.125.24.0-255,2902,71612,17,324279
13055,0.001632,172.31.36.0-255,66,71678,17,324279
13056,0.001651,74.125.24.0-255,5738,77416,17,324279
13057,0.001653,172.31.36.0-255,66,77482,17,324279
13058,0.001687,172.31.36.0-255,66,77548,17,324279
13059,0.001719,74.125.24.0-255,4320,81868,17,324279
13060,0.001721,172.31.36.0-255,66,81934,17,324279
13061,0.001742,74.125.24.0-255,4320,86254,17,324279
13062,0.001745,172.31.36.0-255,66,86320,17,324279
13063,0.001748,74.125.24.0-255,2184,88504,17,324279
13064,0.00175,172.31.36.0-255,66,88570,17,324279
13065,0.002394,74.125.24.0-255,1484,90054,17,324279
13066,0.002419,74.125.24.0-255,2902,92956,17,324279
13067,0.002422,172.31.36.0-255,66,93022,17,324279
13068,0.002444,74.125.24.0-255,4320,97342,17,324279
13069,0.002446,172.31.36.0-255,66,97408,17,324279
13070,0.00245,74.125.24.0-255,2902,100310,17,324279
13071,0.002452,172.31.36.0-255,66,100376,17,324279
13072,0.002469,74.125.24.0-255,5738,106114,17,324279
13073,0.002472,172.31.36.0-255,66,106180,17,324279
13074,0.002489,74.125.24.0-255,2902,109082,17,324279
13075,0.002491,172.31.36.0-255,66,109148,17,324279
13076,0.002523,172.31.36.0-255,66,109214,17,324279
13077,0.00254,74.125.24.0-255,2902,112116,17,324279
13078,0.002542,172.31.36.0-255,66,112182,17,324279
13079,0.002555,74.125.24.0-255,766,112948,17,324279
13080,0.005124,74.125.24.0-255,1484,114432,17,324279
13081,0.005126,172.31.36.0-255,66,114498,17,324279
13082,0.005174,74.125.24.0-255,2902,117400,17,324279
13083,0.005176,172.31.36.0-255,66,117466,17,324279
13084,0.007766,74.125.24.0-255,2902,120368,17,324279
13085,0.007774,172.31.36.0-255,66,120434,17,324279
13086,0.007794,74.125.24.0-255,2902,123336,17,324279
13087,0.007797,172.31.36.0-255,66,123402,17,324279
13088,0.01042,74.125.24.0-255,5738,129140,17,324279
13089,0.010428,172.31.36.0-255,66,129206,17,324279
13090,0.013058,74.125.24.0-255,5738,134944,17,324279
13091,0.013069,172.31.36.0-255,66,135010,17,324279
13092,0.015697,74.125.24.0-255,5738,140748,17,324279
13093,0.015707,172.31.36.0-255,66,140814,17,324279
13094,0.018313,74.125.24.0-255,5738,146552,17,324279
13095,0.018321,172.31.36.0-255,66,146618,17,324279
13096,0.020959,74.125.24.0-255,5738,152356,17,324279
13097,0.020965,172.31.36.0-255,66,152422,17,324279
13098,0.023616,74.125.24.0-255,5738,158160,17,324279
13099,0.023624,172.31.36.0-255,66,158226,17,324279
13100,0.025026,172.31.36.0-255,176,158402,17,324279
13101,0.025057,172.31.36.0-255,1119,159521,17,324279
13102,0.025096,172.31.36.0-255,1514,161035,17,324279
13103,0.025098,172.31.36.0-255,1514,162549,17,324279
13104,0.02512,172.31.36.0-255,668,163217,17,324279
13105,0.026259,74.125.24.0-255,5738,168955,17,324279
13106,0.026266,172.31.36.0-255,66,169021,17,324279
13107,0.026585,104.244.42.0-255,66,169087,17,324279
13108,0.026622,104.244.42.0-255,66,169153,17,324279
13109,0.026673,104.244.42.0-255,66,169219,17,324279
13110,0.026677,104.244.42.0-255,66,169285,17,324279
13111,0.028892,74.125.24.0-255,5738,175023,17,324279
13112,0.028898,172.31.36.0-255,66,175089,17,324279
13113,0.031534,74.125.24.0-255,5738,180827,17,324279
13114,0.031539,172.31.36.0-255,66,180893,17,324279
13115,0.034142,74.125.24.0-255,5738,186631,17,324279
13116,0.034148,172.31.36.0-255,66,186697,17,324279
13117,0.036745,74.125.24.0-255,5738,192435,17,324279
13118,0.03675,172.31.36.0-255,66,192501,17,324279
13119,0.039385,74.125.24.0-255,5738,198239,17,324279
13120,0.039391,172.31.36.0-255,66,198305,17,324279
13121,0.042048,74.125.24.0-255,5738,204043,17,324279
13122,0.042067,172.31.36.0-255,66,204109,17,324279
13123,0.044714,74.125.24.0-255,5738,209847,17,324279
13124,0.04472,172.31.36.0-255,66,209913,17,324279
13125,0.047366,74.125.24.0-255,5738,215651,17,324279
13126,0.047371,172.31.36.0-255,66,215717,17,324279
13127,0.049976,74.125.24.0-255,5738,221455,17,324279
13128,0.049982,172.31.36.0-255,66,221521,17,324279
13129,0.05264,74.125.24.0-255,5738,227259,17,324279
13130,0.052646,172.31.36.0-255,66,227325,17,324279
13131,0.055258,74.125.24.0-255,5738,233063,17,324279
13132,0.055293,172.31.36.0-255,66,233129,17,324279
13133,0.057917,74.125.24.0-255,4320,237449,17,324279
13134,0.057922,172.31.36.0-255,66,237515,17,324279
13135,0.057954,74.125.24.0-255,1484,238999,17,324279
13136,0.060545,74.125.24.0-255,4320,243319,17,324279
13137,0.06055,172.31.36.0-255,66,243385,17,324279
13138,0.063205,74.125.24.0-255,5738,249123,17,324279
13139,0.063211,172.31.36.0-255,66,249189,17,324279
13140,0.065835,74.125.24.0-255,5738,254927,17,324279
13141,0.06584,172.31.36.0-255,66,254993,17,324279
13142,0.068452,74.125.24.0-255,5738,260731,17,324279
13143,0.068457,172.31.36.0-255,66,260797,17,324279
13144,0.071085,74.125.24.0-255,1484,262281,17,324279
13145,0.071154,74.125.24.0-255,4320,266601,17,324279
13146,0.07116,172.31.36.0-255,66,266667,17,324279
13147,0.073783,74.125.24.0-255,4320,270987,17,324279
13148,0.073788,172.31.36.0-255,66,271053,17,324279
13149,0.073819,74.125.24.0-255,1484,272537,17,324279
13150,0.07642,74.125.24.0-255,4320,276857,17,324279
13151,0.076426,172.31.36.0-255,66,276923,17,324279
13152,0.079062,74.125.24.0-255,5738,282661,17,324279
13153,0.079068,172.31.36.0-255,66,282727,17,324279
13154,0.08169,74.125.24.0-255,2902,285629,17,324279
13155,0.081695,172.31.36.0-255,66,285695,17,324279
13156,0.081727,74.125.24.0-255,2902,288597,17,324279
13157,0.08173,172.31.36.0-255,66,288663,17,324279
13158,0.084295,74.125.24.0-255,1484,290147,17,324279
13159,0.084322,74.125.24.0-255,1484,291631,17,324279
13160,0.084326,172.31.36.0-255,66,291697,17,324279
13161,0.084364,74.125.24.0-255,2902,294599,17,324279
13162,0.084369,172.31.36.0-255,66,294665,17,324279
13163,0.086932,74.125.24.0-255,2902,297567,17,324279
13164,0.086937,172.31.36.0-255,66,297633,17,324279
13165,0.08701,74.125.24.0-255,2902,300535,17,324279
13166,0.087017,172.31.36.0-255,66,300601,17,324279
13167,0.089565,74.125.24.0-255,2902,303503,17,324279
13168,0.08957,172.31.36.0-255,66,303569,17,324279
13169,0.089637,74.125.24.0-255,2902,306471,17,324279
13170,0.089642,172.31.36.0-255,66,306537,17,324279
13171,0.092185,74.125.24.0-255,2902,309439,17,324279
13172,0.09219,172.31.36.0-255,66,309505,17,324279
13173,0.092284,74.125.24.0-255,2902,312407,17,324279
13174,0.092288,172.31.36.0-255,66,312473,17,324279
13175,0.094815,74.125.24.0-255,2902,315375,17,324279
13176,0.094822,172.31.36.0-255,66,315441,17,324279
13177,0.09493,74.125.24.0-255,2902,318343,17,324279
13178,0.094935,172.31.36.0-255,66,318409,17,324279
13179,0.097445,74.125.24.0-255,1484,319893,17,324279
13180,0.097538,74.125.24.0-255,4320,324213,17,324279
13181,0.097544,172.31.36.0-255,66,324279,17,324279
13182,0.0,74.125.130.0-255,153,153,17,374126
13183,2.3e-05,172.31.36.0-255,66,219,17,374126
13184,3e-05,74.125.130.0-255,1484,1703,17,374126
13185,3.5e-05,172.31.36.0-255,66,1769,17,374126
13186,3.8e-05,74.125.130.0-255,1484,3253,17,374126
13187,4.2e-05,172.31.36.0-255,66,3319,17,374126
13188,6.7e-05,74.125.130.0-255,2902,6221,17,374126
13189,7e-05,172.31.36.0-255,66,6287,17,374126
13190,7.7e-05,74.125.130.0-255,5738,12025,17,374126
13191,7.9e-05,172.31.36.0-255,66,12091,17,374126
13192,0.0001,74.125.130.0-255,1997,14088,17,374126
13193,0.000103,172.31.36.0-255,66,14154,17,374126
13194,0.000168,74.125.130.0-255,1484,15638,17,374126
13195,0.000172,172.31.36.0-255,66,15704,17,374126
13196,0.000194,74.125.130.0-255,2902,18606,17,374126
13197,0.000198,172.31.36.0-255,66,18672,17,374126
13198,0.000201,74.125.130.0-255,1484,20156,17,374126
13199,0.000203,172.31.36.0-255,66,20222,17,374126
13200,0.000208,74.125.130.0-255,2902,23124,17,374126
13201,0.00021,172.31.36.0-255,66,23190,17,374126
13202,0.000236,74.125.130.0-255,1484,24674,17,374126
13203,0.000239,172.31.36.0-255,66,24740,17,374126
13204,0.000257,74.125.130.0-255,4320,29060,17,374126
13205,0.000259,172.31.36.0-255,66,29126,17,374126
13206,0.000266,74.125.130.0-255,5379,34505,17,374126
13207,0.000268,172.31.36.0-255,66,34571,17,374126
13208,0.000298,74.125.130.0-255,5738,40309,17,374126
13209,0.000302,172.31.36.0-255,66,40375,17,374126
13210,0.000313,172.31.36.0-255,66,40441,17,374126
13211,0.001754,74.125.130.0-255,1484,41925,17,374126
13212,0.001761,172.31.36.0-255,66,41991,17,374126
13213,0.00177,74.125.130.0-255,2902,44893,17,374126
13214,0.001773,172.31.36.0-255,66,44959,17,374126
13215,0.00178,74.125.130.0-255,4320,49279,17,374126
13216,0.001781,172.31.36.0-255,66,49345,17,374126
13217,0.00181,74.125.130.0-255,5738,55083,17,374126
13218,0.001812,172.31.36.0-255,66,55149,17,374126
13219,0.001839,74.125.130.0-255,3961,59110,17,374126
13220,0.001842,172.31.36.0-255,66,59176,17,374126
13221,0.001849,74.125.130.0-255,7156,66332,17,374126
13222,0.001851,172.31.36.0-255,66,66398,17,374126
13223,0.001857,74.125.130.0-255,5738,72136,17,374126
13224,0.00186,172.31.36.0-255,66,72202,17,374126
13225,0.001891,172.31.36.0-255,66,72268,17,374126
13226,0.001898,74.125.130.0-255,6438,78706,17,374126
13227,0.0019,172.31.36.0-255,66,78772,17,374126
13228,0.002042,74.125.130.0-255,1484,80256,17,374126
13229,0.002047,74.125.130.0-255,1484,81740,17,374126
13230,0.00205,172.31.36.0-255,66,81806,17,374126
13231,0.00207,74.125.130.0-255,1484,83290,17,374126
13232,0.002076,74.125.130.0-255,4320,87610,17,374126
13233,0.002079,172.31.36.0-255,66,87676,17,374126
13234,0.002099,74.125.130.0-255,1484,89160,17,374126
13235,0.002105,74.125.130.0-255,4320,93480,17,374126
13236,0.002107,172.31.36.0-255,66,93546,17,374126
13237,0.002111,74.125.130.0-255,2902,96448,17,374126
13238,0.002113,172.31.36.0-255,66,96514,17,374126
13239,0.00213,74.125.130.0-255,2902,99416,17,374126
13240,0.002133,172.31.36.0-255,66,99482,17,374126
13241,0.00215,74.125.130.0-255,2902,102384,17,374126
13242,0.002153,172.31.36.0-255,66,102450,17,374126
13243,0.002169,74.125.130.0-255,2902,105352,17,374126
13244,0.002171,172.31.36.0-255,66,105418,17,374126
13245,0.002177,74.125.130.0-255,4320,109738,17,374126
13246,0.002179,172.31.36.0-255,66,109804,17,374126
13247,0.0022,74.125.130.0-255,2902,112706,17,374126
13248,0.002203,172.31.36.0-255,66,112772,17,374126
13249,0.002206,74.125.130.0-255,766,113538,17,374126
13250,0.002233,74.125.130.0-255,1484,115022,17,374126
13251,0.002236,172.31.36.0-255,66,115088,17,374126
13252,0.002239,74.125.130.0-255,1484,116572,17,374126
13253,0.002256,74.125.130.0-255,1484,118056,17,374126
13254,0.002259,172.31.36.0-255,66,118122,17,374126
13255,0.002264,74.125.130.0-255,2902,121024,17,374126
13256,0.002266,172.31.36.0-255,66,121090,17,374126
13257,0.004529,74.125.130.0-255,5738,126828,17,374126
13258,0.00454,172.31.36.0-255,66,126894,17,374126
13259,0.00679,74.125.130.0-255,5738,132632,17,374126
13260,0.006799,172.31.36.0-255,66,132698,17,374126
13261,0.009053,74.125.130.0-255,5738,138436,17,374126
13262,0.009061,172.31.36.0-255,66,138502,17,374126
13263,0.011307,74.125.130.0-255,5738,144240,17,374126
13264,0.011317,172.31.36.0-255,66,144306,17,374126
13265,0.013576,74.125.130.0-255,5738,150044,17,374126
13266,0.013586,172.31.36.0-255,66,150110,17,374126
13267,0.015829,74.125.130.0-255,5738,155848,17,374126
13268,0.015838,172.31.36.0-255,66,155914,17,374126
13269,0.018089,74.125.130.0-255,5738,161652,17,374126
13270,0.018104,172.31.36.0-255,66,161718,17,374126
13271,0.020351,74.125.130.0-255,5738,167456,17,374126
13272,0.020362,172.31.36.0-255,66,167522,17,374126
13273,0.022615,74.125.130.0-255,5738,173260,17,374126
13274,0.022624,172.31.36.0-255,66,173326,17,374126
13275,0.024867,74.125.130.0-255,5738,179064,17,374126
13276,0.024875,172.31.36.0-255,66,179130,17,374126
13277,0.027116,74.125.130.0-255,2902,182032,17,374126
13278,0.027125,172.31.36.0-255,66,182098,17,374126
13279,0.027145,74.125.130.0-255,2902,185000,17,374126
13280,0.027148,172.31.36.0-255,66,185066,17,374126
13281,0.029406,74.125.130.0-255,5738,190804,17,374126
13282,0.029414,172.31.36.0-255,66,190870,17,374126
13283,0.031666,74.125.130.0-255,5738,196608,17,374126
13284,0.031673,172.31.36.0-255,66,196674,17,374126
13285,0.033916,74.125.130.0-255,5738,202412,17,374126
13286,0.033927,172.31.36.0-255,66,202478,17,374126
13287,0.035725,172.31.36.0-255,188,202666,17,374126
13288,0.035772,172.31.36.0-255,961,203627,17,374126
13289,0.035794,172.31.36.0-255,1514,205141,17,374126
13290,0.035796,172.31.36.0-255,1427,206568,17,374126
13291,0.036171,74.125.130.0-255,5738,212306,17,374126
13292,0.036177,172.31.36.0-255,66,212372,17,374126
13293,0.037265,104.244.42.0-255,66,212438,17,374126
13294,0.03736,104.244.42.0-255,66,212504,17,374126
13295,0.037421,104.244.42.0-255,66,212570,17,374126
13296,0.038408,74.125.130.0-255,1484,214054,17,374126
13297,0.038437,74.125.130.0-255,4320,218374,17,374126
13298,0.038443,172.31.36.0-255,66,218440,17,374126
13299,0.040674,74.125.130.0-255,5738,224178,17,374126
13300,0.040679,172.31.36.0-255,66,224244,17,374126
13301,0.042917,74.125.130.0-255,5738,229982,17,374126
13302,0.042922,172.31.36.0-255,66,230048,17,374126
13303,0.04518,74.125.130.0-255,5738,235786,17,374126
13304,0.045187,172.31.36.0-255,66,235852,17,374126
13305,0.047445,74.125.130.0-255,5738,241590,17,374126
13306,0.047453,172.31.36.0-255,66,241656,17,374126
13307,0.0497,74.125.130.0-255,5738,247394,17,374126
13308,0.049706,172.31.36.0-255,66,247460,17,374126
13309,0.051942,74.125.130.0-255,5738,253198,17,374126
13310,0.051949,172.31.36.0-255,66,253264,17,374126
13311,0.054198,74.125.130.0-255,5738,259002,17,374126
13312,0.054207,172.31.36.0-255,66,259068,17,374126
13313,0.056448,74.125.130.0-255,4320,263388,17,374126
13314,0.056453,172.31.36.0-255,66,263454,17,374126
13315,0.056483,74.125.130.0-255,1484,264938,17,374126
13316,0.05869,74.125.130.0-255,4320,269258,17,374126
13317,0.058696,172.31.36.0-255,66,269324,17,374126
13318,0.060941,74.125.130.0-255,5738,275062,17,374126
13319,0.060945,172.31.36.0-255,66,275128,17,374126
13320,0.06319,74.125.130.0-255,5738,280866,17,374126
13321,0.063197,172.31.36.0-255,66,280932,17,374126
13322,0.065448,74.125.130.0-255,5738,286670,17,374126
13323,0.065455,172.31.36.0-255,66,286736,17,374126
13324,0.067694,74.125.130.0-255,5738,292474,17,374126
13325,0.067701,172.31.36.0-255,66,292540,17,374126
13326,0.069942,74.125.130.0-255,5738,298278,17,374126
13327,0.069949,172.31.36.0-255,66,298344,17,374126
13328,0.072199,74.125.130.0-255,5738,304082,17,374126
13329,0.072209,172.31.36.0-255,66,304148,17,374126
13330,0.074453,74.125.130.0-255,5738,309886,17,374126
13331,0.074459,172.31.36.0-255,66,309952,17,374126
13332,0.076703,74.125.130.0-255,5738,315690,17,374126
13333,0.076709,172.31.36.0-255,66,315756,17,374126
13334,0.078947,74.125.130.0-255,5738,321494,17,374126
13335,0.078952,172.31.36.0-255,66,321560,17,374126
13336,0.081194,74.125.130.0-255,2902,324462,17,374126
13337,0.0812,172.31.36.0-255,66,324528,17,374126
13338,0.081228,74.125.130.0-255,2902,327430,17,374126
13339,0.081231,172.31.36.0-255,66,327496,17,374126
13340,0.083428,74.125.130.0-255,2902,330398,17,374126
13341,0.083435,172.31.36.0-255,66,330464,17,374126
13342,0.08347,74.125.130.0-255,2902,333366,17,374126
13343,0.083473,172.31.36.0-255,66,333432,17,374126
13344,0.085703,74.125.130.0-255,5738,339170,17,374126
13345,0.08571,172.31.36.0-255,66,339236,17,374126
13346,0.08795,74.125.130.0-255,5738,344974,17,374126
13347,0.087957,172.31.36.0-255,66,345040,17,374126
13348,0.090191,74.125.130.0-255,5738,350778,17,374126
13349,0.090198,172.31.36.0-255,66,350844,17,374126
13350,0.092451,74.125.130.0-255,5738,356582,17,374126
13351,0.092459,172.31.36.0-255,66,356648,17,374126
13352,0.094699,74.125.130.0-255,5738,362386,17,374126
13353,0.094719,172.31.36.0-255,66,362452,17,374126
13354,0.096956,74.125.130.0-255,5738,368190,17,374126
13355,0.096962,172.31.36.0-255,66,368256,17,374126
13356,0.099202,74.125.130.0-255,4320,372576,17,374126
13357,0.099207,172.31.36.0-255,66,372642,17,374126
13358,0.09924,74.125.130.0-255,1484,374126,17,374126
13359,0.0,172.31.36.0-255,66,66,17,66
13360,0.0,172.217.27.0-255,152,152,17,413214
13361,2.3e-05,172.31.36.0-255,66,218,17,413214
13362,3e-05,172.217.27.0-255,1484,1702,17,413214
13363,3.5e-05,172.31.36.0-255,66,1768,17,413214
13364,4e-05,172.217.27.0-255,2902,4670,17,413214
13365,4.3e-05,172.31.36.0-255,66,4736,17,413214
13366,5.1e-05,172.217.27.0-255,5738,10474,17,413214
13367,5.3e-05,172.31.36.0-255,66,10540,17,413214
13368,7.8e-05,172.217.27.0-255,3410,13950,17,413214
13369,8e-05,172.31.36.0-255,66,14016,17,413214
13370,8.6e-05,172.217.27.0-255,4320,18336,17,413214
13371,8.9e-05,172.31.36.0-255,66,18402,17,413214
13372,0.000109,172.217.27.0-255,4320,22722,17,413214
13373,0.000112,172.31.36.0-255,66,22788,17,413214
13374,0.000141,172.217.27.0-255,5738,28526,17,413214
13375,0.000144,172.31.36.0-255,66,28592,17,413214
13376,0.000148,172.217.27.0-255,2543,31135,17,413214
13377,0.00015,172.31.36.0-255,66,31201,17,413214
13378,0.000194,172.217.27.0-255,1484,32685,17,413214
13379,0.000197,172.31.36.0-255,66,32751,17,413214
13380,0.000217,172.217.27.0-255,2902,35653,17,413214
13381,0.000219,172.31.36.0-255,66,35719,17,413214
13382,0.000223,172.217.27.0-255,2902,38621,17,413214
13383,0.000226,172.31.36.0-255,66,38687,17,413214
13384,0.00023,172.217.27.0-255,2902,41589,17,413214
13385,0.000232,172.31.36.0-255,66,41655,17,413214
13386,0.000244,172.217.27.0-255,1484,43139,17,413214
13387,0.000246,172.31.36.0-255,66,43205,17,413214
13388,0.000277,172.217.27.0-255,5379,48584,17,413214
13389,0.000279,172.31.36.0-255,66,48650,17,413214
13390,0.000317,172.217.27.0-255,5738,54388,17,413214
13391,0.000321,172.31.36.0-255,66,54454,17,413214
13392,0.000355,172.217.27.0-255,4320,58774,17,413214
13393,0.000373,172.217.27.0-255,2902,61676,17,413214
13394,0.000398,172.217.27.0-255,3961,65637,17,413214
13395,0.000411,172.217.27.0-255,395,66032,17,413214
13396,0.000542,172.31.36.0-255,66,66098,17,413214
13397,0.000784,172.217.27.0-255,116,66214,17,413214
13398,0.001014,172.217.27.0-255,1484,67698,17,413214
13399,0.001019,172.31.36.0-255,66,67764,17,413214
13400,0.001024,172.217.27.0-255,2902,70666,17,413214
13401,0.001031,172.217.27.0-255,5738,76404,17,413214
13402,0.001039,172.217.27.0-255,6797,83201,17,413214
13403,0.001045,172.217.27.0-255,7156,90357,17,413214
13404,0.001057,172.217.27.0-255,1484,91841,17,413214
13405,0.001061,172.31.36.0-255,66,91907,17,413214
13406,0.001093,172.31.36.0-255,66,91973,17,413214
13407,0.002774,172.217.27.0-255,5738,97711,17,413214
13408,0.002781,172.31.36.0-255,66,97777,17,413214
13409,0.004445,172.217.27.0-255,5738,103515,17,413214
13410,0.006638,172.31.36.0-255,66,103581,17,413214
13411,0.008304,172.217.27.0-255,5738,109319,17,413214
13412,0.008311,172.31.36.0-255,66,109385,17,413214
13413,0.010006,172.217.27.0-255,5738,115123,17,413214
13414,0.010014,172.31.36.0-255,66,115189,17,413214
13415,0.011674,172.217.27.0-255,5738,120927,17,413214
13416,0.012456,172.31.36.0-255,66,120993,17,413214
13417,0.014185,172.217.27.0-255,5738,126731,17,413214
13418,0.014195,172.31.36.0-255,66,126797,17,413214
13419,0.015902,172.217.27.0-255,5738,132535,17,413214
13420,0.01591,172.31.36.0-255,66,132601,17,413214
13421,0.01599,172.31.36.0-255,101,132702,17,413214
13422,0.017579,172.217.27.0-255,5738,138440,17,413214
13423,0.017586,172.31.36.0-255,66,138506,17,413214
13424,0.017606,172.217.27.0-255,66,138572,17,413214
13425,0.019261,172.217.27.0-255,5738,144310,17,413214
13426,0.019269,172.31.36.0-255,66,144376,17,413214
13427,0.020938,172.217.27.0-255,5738,150114,17,413214
13428,0.02095,172.31.36.0-255,66,150180,17,413214
13429,0.022629,172.217.27.0-255,5738,155918,17,413214
13430,0.022641,172.31.36.0-255,66,155984,17,413214
13431,0.024312,172.217.27.0-255,5738,161722,17,413214
13432,0.024323,172.31.36.0-255,66,161788,17,413214
13433,0.025991,172.217.27.0-255,5738,167526,17,413214
13434,0.026001,172.31.36.0-255,66,167592,17,413214
13435,0.02766,172.217.27.0-255,4320,171912,17,413214
13436,0.027665,172.31.36.0-255,66,171978,17,413214
13437,0.027687,172.217.27.0-255,1484,173462,17,413214
13438,0.02872,172.31.36.0-255,172,173634,17,413214
13439,0.028753,172.31.36.0-255,1116,174750,17,413214
13440,0.028811,172.31.36.0-255,1514,176264,17,413214
13441,0.028813,172.31.36.0-255,1272,177536,17,413214
13442,0.029318,172.217.27.0-255,4320,181856,17,413214
13443,0.029325,172.31.36.0-255,66,181922,17,413214
13444,0.030278,104.244.42.0-255,66,181988,17,413214
13445,0.030315,104.244.42.0-255,66,182054,17,413214
13446,0.03035,104.244.42.0-255,66,182120,17,413214
13447,0.03098,172.217.27.0-255,5738,187858,17,413214
13448,0.031017,172.31.36.0-255,66,187924,17,413214
13449,0.032682,172.217.27.0-255,5738,193662,17,413214
13450,0.032688,172.31.36.0-255,66,193728,17,413214
13451,0.034358,172.217.27.0-255,5738,199466,17,413214
13452,0.034365,172.31.36.0-255,66,199532,17,413214
13453,0.036019,172.217.27.0-255,5738,205270,17,413214
13454,0.036026,172.31.36.0-255,66,205336,17,413214
13455,0.03773,172.217.27.0-255,5738,211074,17,413214
13456,0.037737,172.31.36.0-255,66,211140,17,413214
13457,0.039408,172.217.27.0-255,5738,216878,17,413214
13458,0.039415,172.31.36.0-255,66,216944,17,413214
13459,0.041087,172.217.27.0-255,5738,222682,17,413214
13460,0.041094,172.31.36.0-255,66,222748,17,413214
13461,0.042766,172.217.27.0-255,5738,228486,17,413214
13462,0.042774,172.31.36.0-255,66,228552,17,413214
13463,0.04447,172.217.27.0-255,5738,234290,17,413214
13464,0.044482,172.31.36.0-255,66,234356,17,413214
13465,0.046169,172.217.27.0-255,5738,240094,17,413214
13466,0.04618,172.31.36.0-255,66,240160,17,413214
13467,0.047862,172.217.27.0-255,5738,245898,17,413214
13468,0.047871,172.31.36.0-255,66,245964,17,413214
13469,0.049535,172.217.27.0-255,5738,251702,17,413214
13470,0.049543,172.31.36.0-255,66,251768,17,413214
13471,0.05121,172.217.27.0-255,5738,257506,17,413214
13472,0.051217,172.31.36.0-255,66,257572,17,413214
13473,0.052886,172.217.27.0-255,5738,263310,17,413214
13474,0.052893,172.31.36.0-255,66,263376,17,413214
13475,0.054564,172.217.27.0-255,5738,269114,17,413214
13476,0.05457,172.31.36.0-255,66,269180,17,413214
13477,0.056233,172.217.27.0-255,5738,274918,17,413214
13478,0.056239,172.31.36.0-255,66,274984,17,413214
13479,0.05791,172.217.27.0-255,5738,280722,17,413214
13480,0.057917,172.31.36.0-255,66,280788,17,413214
13481,0.059618,172.217.27.0-255,5738,286526,17,413214
13482,0.059625,172.31.36.0-255,66,286592,17,413214
13483,0.061304,172.217.27.0-255,5738,292330,17,413214
13484,0.06131,172.31.36.0-255,66,292396,17,413214
13485,0.063007,172.217.27.0-255,5738,298134,17,413214
13486,0.063013,172.31.36.0-255,66,298200,17,413214
13487,0.06468,172.217.27.0-255,5738,303938,17,413214
13488,0.064686,172.31.36.0-255,66,304004,17,413214
13489,0.066427,172.217.27.0-255,5738,309742,17,413214
13490,0.066435,172.31.36.0-255,66,309808,17,413214
13491,0.068105,172.217.27.0-255,5738,315546,17,413214
13492,0.068111,172.31.36.0-255,66,315612,17,413214
13493,0.069798,172.217.27.0-255,5738,321350,17,413214
13494,0.069804,172.31.36.0-255,66,321416,17,413214
13495,0.071466,172.217.27.0-255,5738,327154,17,413214
13496,0.071476,172.31.36.0-255,66,327220,17,413214
13497,0.07314,172.217.27.0-255,5738,332958,17,413214
13498,0.073145,172.31.36.0-255,66,333024,17,413214
13499,0.074811,172.217.27.0-255,5738,338762,17,413214
13500,0.074818,172.31.36.0-255,66,338828,17,413214
13501,0.076477,172.217.27.0-255,5738,344566,17,413214
13502,0.076484,172.31.36.0-255,66,344632,17,413214
13503,0.078146,172.217.27.0-255,5738,350370,17,413214
13504,0.078152,172.31.36.0-255,66,350436,17,413214
13505,0.079807,172.217.27.0-255,4320,354756,17,413214
13506,0.079812,172.31.36.0-255,66,354822,17,413214
13507,0.079832,172.217.27.0-255,1484,356306,17,413214
13508,0.081483,172.217.27.0-255,4320,360626,17,413214
13509,0.081488,172.31.36.0-255,66,360692,17,413214
13510,0.083158,172.217.27.0-255,5738,366430,17,413214
13511,0.083628,172.31.36.0-255,66,366496,17,413214
13512,0.085306,172.217.27.0-255,5738,372234,17,413214
13513,0.085312,172.31.36.0-255,66,372300,17,413214
13514,0.086989,172.217.27.0-255,5738,378038,17,413214
13515,0.086995,172.31.36.0-255,66,378104,17,413214
13516,0.088673,172.217.27.0-255,5738,383842,17,413214
13517,0.08868,172.31.36.0-255,66,383908,17,413214
13518,0.090342,172.217.27.0-255,5738,389646,17,413214
13519,0.090348,172.31.36.0-255,66,389712,17,413214
13520,0.092017,172.217.27.0-255,5738,395450,17,413214
13521,0.092022,172.31.36.0-255,66,395516,17,413214
13522,0.093723,172.217.27.0-255,5738,401254,17,413214
13523,0.093729,172.31.36.0-255,66,401320,17,413214
13524,0.095385,172.217.27.0-255,5738,407058,17,413214
13525,0.095391,172.31.36.0-255,66,407124,17,413214
13526,0.097051,172.217.27.0-255,5738,412862,17,413214
13527,0.097057,172.31.36.0-255,66,412928,17,413214
13528,0.098683,172.217.27.0-255,181,413109,17,413214
13529,0.098832,172.31.36.0-255,105,413214,17,413214
13530,0.0,74.125.24.0-255,153,153,17,331773
13531,1.5e-05,172.31.36.0-255,66,219,17,331773
13532,2.3e-05,74.125.24.0-255,1484,1703,17,331773
13533,2.7e-05,172.31.36.0-255,66,1769,17,331773
13534,3.4e-05,74.125.24.0-255,2902,4671,17,331773
13535,3.7e-05,172.31.36.0-255,66,4737,17,331773
13536,5.7e-05,74.125.24.0-255,7156,11893,17,331773
13537,6.1e-05,172.31.36.0-255,66,11959,17,331773
13538,7.9e-05,172.31.36.0-255,66,12025,17,331773
13539,8.2e-05,74.125.24.0-255,1484,13509,17,331773
13540,8.5e-05,172.31.36.0-255,66,13575,17,331773
13541,8.9e-05,74.125.24.0-255,1125,14700,17,331773
13542,9.1e-05,172.31.36.0-255,66,14766,17,331773
13543,0.000237,74.125.24.0-255,1484,16250,17,331773
13544,0.000242,172.31.36.0-255,66,16316,17,331773
13545,0.000248,74.125.24.0-255,2902,19218,17,331773
13546,0.000251,172.31.36.0-255,66,19284,17,331773
13547,0.000257,74.125.24.0-255,4320,23604,17,331773
13548,0.00026,172.31.36.0-255,66,23670,17,331773
13549,0.000278,74.125.24.0-255,1484,25154,17,331773
13550,0.000281,172.31.36.0-255,66,25220,17,331773
13551,0.000286,74.125.24.0-255,2902,28122,17,331773
13552,0.000288,172.31.36.0-255,66,28188,17,331773
13553,0.000321,172.31.36.0-255,66,28254,17,331773
13554,0.000333,172.31.36.0-255,66,28320,17,331773
13555,0.000392,74.125.24.0-255,130,28450,17,331773
13556,0.000395,172.31.36.0-255,66,28516,17,331773
13557,0.000413,74.125.24.0-255,348,28864,17,331773
13558,0.000415,172.31.36.0-255,66,28930,17,331773
13559,0.000722,74.125.24.0-255,1484,30414,17,331773
13560,0.000729,74.125.24.0-255,2902,33316,17,331773
13561,0.000733,172.31.36.0-255,66,33382,17,331773
13562,0.00074,74.125.24.0-255,5738,39120,17,331773
13563,0.000742,172.31.36.0-255,66,39186,17,331773
13564,0.000799,172.31.36.0-255,66,39252,17,331773
13565,0.00081,172.31.36.0-255,66,39318,17,331773
13566,0.000814,74.125.24.0-255,1635,40953,17,331773
13567,0.000816,172.31.36.0-255,66,41019,17,331773
13568,0.001194,74.125.24.0-255,1484,42503,17,331773
13569,0.0012,74.125.24.0-255,2902,45405,17,331773
13570,0.001204,172.31.36.0-255,66,45471,17,331773
13571,0.001209,74.125.24.0-255,2902,48373,17,331773
13572,0.001211,172.31.36.0-255,66,48439,17,331773
13573,0.001227,74.125.24.0-255,2902,51341,17,331773
13574,0.00123,172.31.36.0-255,66,51407,17,331773
13575,0.001236,74.125.24.0-255,5738,57145,17,331773
13576,0.001238,172.31.36.0-255,66,57211,17,331773
13577,0.001256,74.125.24.0-255,4320,61531,17,331773
13578,0.001258,172.31.36.0-255,66,61597,17,331773
13579,0.001278,172.31.36.0-255,66,61663,17,331773
13580,0.001282,74.125.24.0-255,2902,64565,17,331773
13581,0.001284,172.31.36.0-255,66,64631,17,331773
13582,0.001304,74.125.24.0-255,2184,66815,17,331773
13583,0.001323,172.31.36.0-255,66,66881,17,331773
13584,0.002181,74.125.24.0-255,1484,68365,17,331773
13585,0.002193,74.125.24.0-255,2902,71267,17,331773
13586,0.002197,172.31.36.0-255,66,71333,17,331773
13587,0.002206,74.125.24.0-255,5738,77071,17,331773
13588,0.002209,172.31.36.0-255,66,77137,17,331773
13589,0.002214,74.125.24.0-255,4320,81457,17,331773
13590,0.002216,172.31.36.0-255,66,81523,17,331773
13591,0.00225,172.31.36.0-255,66,81589,17,331773
13592,0.002258,74.125.24.0-255,7156,88745,17,331773
13593,0.00226,172.31.36.0-255,66,88811,17,331773
13594,0.002284,74.125.24.0-255,3602,92413,17,331773
13595,0.002287,172.31.36.0-255,66,92479,17,331773
13596,0.002328,74.125.24.0-255,4320,96799,17,331773
13597,0.002331,172.31.36.0-255,66,96865,17,331773
13598,0.002335,74.125.24.0-255,1484,98349,17,331773
13599,0.002342,74.125.24.0-255,5738,104087,17,331773
13600,0.002344,172.31.36.0-255,66,104153,17,331773
13601,0.002356,74.125.24.0-255,1484,105637,17,331773
13602,0.002373,74.125.24.0-255,1484,107121,17,331773
13603,0.002376,172.31.36.0-255,66,107187,17,331773
13604,0.002409,172.31.36.0-255,66,107253,17,331773
13605,0.002415,74.125.24.0-255,5020,112273,17,331773
13606,0.002417,172.31.36.0-255,66,112339,17,331773
13607,0.004773,74.125.24.0-255,5738,118077,17,331773
13608,0.004779,172.31.36.0-255,66,118143,17,331773
13609,0.007123,74.125.24.0-255,5738,123881,17,331773
13610,0.007127,172.31.36.0-255,66,123947,17,331773
13611,0.009524,74.125.24.0-255,5738,129685,17,331773
13612,0.009531,172.31.36.0-255,66,129751,17,331773
13613,0.011917,74.125.24.0-255,5738,135489,17,331773
13614,0.011926,172.31.36.0-255,66,135555,17,331773
13615,0.014341,74.125.24.0-255,5738,141293,17,331773
13616,0.014352,172.31.36.0-255,66,141359,17,331773
13617,0.016749,74.125.24.0-255,5738,147097,17,331773
13618,0.016758,172.31.36.0-255,66,147163,17,331773
13619,0.01917,74.125.24.0-255,5738,152901,17,331773
13620,0.019178,172.31.36.0-255,66,152967,17,331773
13621,0.021547,74.125.24.0-255,5738,158705,17,331773
13622,0.021556,172.31.36.0-255,66,158771,17,331773
13623,0.023912,74.125.24.0-255,5738,164509,17,331773
13624,0.02392,172.31.36.0-255,66,164575,17,331773
13625,0.026322,74.125.24.0-255,5738,170313,17,331773
13626,0.02633,172.31.36.0-255,66,170379,17,331773
13627,0.028329,172.31.36.0-255,172,170551,17,331773
13628,0.028402,172.31.36.0-255,1117,171668,17,331773
13629,0.028468,172.31.36.0-255,1514,173182,17,331773
13630,0.02847,172.31.36.0-255,1271,174453,17,331773
13631,0.028683,74.125.24.0-255,5738,180191,17,331773
13632,0.02869,172.31.36.0-255,66,180257,17,331773
13633,0.02989,104.244.42.0-255,66,180323,17,331773
13634,0.029936,104.244.42.0-255,66,180389,17,331773
13635,0.030015,104.244.42.0-255,66,180455,17,331773
13636,0.031115,74.125.24.0-255,5738,186193,17,331773
13637,0.03112,172.31.36.0-255,66,186259,17,331773
13638,0.033513,74.125.24.0-255,5738,191997,17,331773
13639,0.03352,172.31.36.0-255,66,192063,17,331773
13640,0.035861,74.125.24.0-255,5738,197801,17,331773
13641,0.035868,172.31.36.0-255,66,197867,17,331773
13642,0.038239,74.125.24.0-255,5738,203605,17,331773
13643,0.038245,172.31.36.0-255,66,203671,17,331773
13644,0.04067,74.125.24.0-255,5738,209409,17,331773
13645,0.040679,172.31.36.0-255,66,209475,17,331773
13646,0.043089,74.125.24.0-255,4320,213795,17,331773
13647,0.043096,172.31.36.0-255,66,213861,17,331773
13648,0.043116,74.125.24.0-255,1484,215345,17,331773
13649,0.045481,74.125.24.0-255,4320,219665,17,331773
13650,0.045491,172.31.36.0-255,66,219731,17,331773
13651,0.047883,74.125.24.0-255,5738,225469,17,331773
13652,0.047889,172.31.36.0-255,66,225535,17,331773
13653,0.050271,74.125.24.0-255,5738,231273,17,331773
13654,0.050277,172.31.36.0-255,66,231339,17,331773
13655,0.052676,74.125.24.0-255,5738,237077,17,331773
13656,0.052683,172.31.36.0-255,66,237143,17,331773
13657,0.055116,74.125.24.0-255,5738,242881,17,331773
13658,0.055123,172.31.36.0-255,66,242947,17,331773
13659,0.057542,74.125.24.0-255,5738,248685,17,331773
13660,0.057547,172.31.36.0-255,66,248751,17,331773
13661,0.059924,74.125.24.0-255,5738,254489,17,331773
13662,0.059931,172.31.36.0-255,66,254555,17,331773
13663,0.06234,74.125.24.0-255,5738,260293,17,331773
13664,0.062347,172.31.36.0-255,66,260359,17,331773
13665,0.064699,74.125.24.0-255,5738,266097,17,331773
13666,0.064705,172.31.36.0-255,66,266163,17,331773
13667,0.067133,74.125.24.0-255,5738,271901,17,331773
13668,0.067139,172.31.36.0-255,66,271967,17,331773
13669,0.069542,74.125.24.0-255,5738,277705,17,331773
13670,0.069548,172.31.36.0-255,66,277771,17,331773
13671,0.071904,74.125.24.0-255,5738,283509,17,331773
13672,0.07191,172.31.36.0-255,66,283575,17,331773
13673,0.074314,74.125.24.0-255,5738,289313,17,331773
13674,0.07432,172.31.36.0-255,66,289379,17,331773
13675,0.076722,74.125.24.0-255,5738,295117,17,331773
13676,0.076729,172.31.36.0-255,66,295183,17,331773
13677,0.079151,74.125.24.0-255,5738,300921,17,331773
13678,0.079158,172.31.36.0-255,66,300987,17,331773
13679,0.081621,74.125.24.0-255,5738,306725,17,331773
13680,0.081629,172.31.36.0-255,66,306791,17,331773
13681,0.083985,74.125.24.0-255,5738,312529,17,331773
13682,0.083992,172.31.36.0-255,66,312595,17,331773
13683,0.086373,74.125.24.0-255,5738,318333,17,331773
13684,0.08638,172.31.36.0-255,66,318399,17,331773
13685,0.088785,74.125.24.0-255,5738,324137,17,331773
13686,0.088791,172.31.36.0-255,66,324203,17,331773
13687,0.091148,74.125.24.0-255,5738,329941,17,331773
13688,0.091158,172.31.36.0-255,66,330007,17,331773
13689,0.09356,74.125.24.0-255,1529,331536,17,331773
13690,0.093568,172.31.36.0-255,66,331602,17,331773
13691,0.093737,172.31.36.0-255,105,331707,17,331773
13692,0.096118,74.125.24.0-255,66,331773,17,331773
13693,0.0,172.217.194.0-255,226,226,17,250914
13694,1.8e-05,172.31.36.0-255,66,292,17,250914
13695,2.5e-05,172.217.194.0-255,1484,1776,17,250914
13696,3e-05,172.31.36.0-255,66,1842,17,250914
13697,8.4e-05,172.217.194.0-255,4320,6162,17,250914
13698,8.8e-05,172.31.36.0-255,66,6228,17,250914
13699,0.000359,172.217.194.0-255,2902,9130,17,250914
13700,0.000365,172.31.36.0-255,66,9196,17,250914
13701,0.000386,172.217.194.0-255,4888,14084,17,250914
13702,0.00039,172.31.36.0-255,66,14150,17,250914
13703,0.000865,172.217.194.0-255,7156,21306,17,250914
13704,0.000872,172.31.36.0-255,66,21372,17,250914
13705,0.000893,172.217.194.0-255,7156,28528,17,250914
13706,0.000896,172.31.36.0-255,66,28594,17,250914
13707,0.00176,172.217.194.0-255,2732,31326,17,250914
13708,0.001769,172.31.36.0-255,66,31392,17,250914
13709,0.003568,172.217.194.0-255,2902,34294,17,250914
13710,0.003582,172.31.36.0-255,66,34360,17,250914
13711,0.004394,172.217.194.0-255,2902,37262,17,250914
13712,0.004401,172.31.36.0-255,66,37328,17,250914
13713,0.0062,172.217.194.0-255,2902,40230,17,250914
13714,0.006207,172.31.36.0-255,66,40296,17,250914
13715,0.007066,172.217.194.0-255,2902,43198,17,250914
13716,0.007073,172.31.36.0-255,66,43264,17,250914
13717,0.008837,172.217.194.0-255,2902,46166,17,250914
13718,0.008845,172.31.36.0-255,66,46232,17,250914
13719,0.009781,172.217.194.0-255,2902,49134,17,250914
13720,0.009789,172.31.36.0-255,66,49200,17,250914
13721,0.011492,172.217.194.0-255,2902,52102,17,250914
13722,0.0115,172.31.36.0-255,66,52168,17,250914
13723,0.012428,172.217.194.0-255,2902,55070,17,250914
13724,0.012436,172.31.36.0-255,66,55136,17,250914
13725,0.014155,172.217.194.0-255,2902,58038,17,250914
13726,0.014164,172.31.36.0-255,66,58104,17,250914
13727,0.015079,172.217.194.0-255,2902,61006,17,250914
13728,0.015086,172.31.36.0-255,66,61072,17,250914
13729,0.016777,172.217.194.0-255,2902,63974,17,250914
13730,0.016784,172.31.36.0-255,66,64040,17,250914
13731,0.017714,172.217.194.0-255,2902,66942,17,250914
13732,0.017721,172.31.36.0-255,66,67008,17,250914
13733,0.019424,172.217.194.0-255,2902,69910,17,250914
13734,0.019432,172.31.36.0-255,66,69976,17,250914
13735,0.020392,172.217.194.0-255,2902,72878,17,250914
13736,0.020399,172.31.36.0-255,66,72944,17,250914
13737,0.020978,172.31.36.0-255,176,73120,17,250914
13738,0.02101,172.31.36.0-255,1118,74238,17,250914
13739,0.021075,172.31.36.0-255,1514,75752,17,250914
13740,0.021077,172.31.36.0-255,1270,77022,17,250914
13741,0.022074,172.217.194.0-255,2902,79924,17,250914
13742,0.022081,172.31.36.0-255,66,79990,17,250914
13743,0.022542,104.244.42.0-255,66,80056,17,250914
13744,0.022578,104.244.42.0-255,66,80122,17,250914
13745,0.022631,104.244.42.0-255,66,80188,17,250914
13746,0.023095,172.217.194.0-255,2902,83090,17,250914
13747,0.023101,172.31.36.0-255,66,83156,17,250914
13748,0.024771,172.217.194.0-255,2902,86058,17,250914
13749,0.024778,172.31.36.0-255,66,86124,17,250914
13750,0.025799,172.217.194.0-255,2902,89026,17,250914
13751,0.025806,172.31.36.0-255,66,89092,17,250914
13752,0.027465,172.217.194.0-255,2902,91994,17,250914
13753,0.027471,172.31.36.0-255,66,92060,17,250914
13754,0.028464,172.217.194.0-255,2902,94962,17,250914
13755,0.028472,172.31.36.0-255,66,95028,17,250914
13756,0.030151,172.217.194.0-255,2902,97930,17,250914
13757,0.030157,172.31.36.0-255,66,97996,17,250914
13758,0.031127,172.217.194.0-255,2902,100898,17,250914
13759,0.031134,172.31.36.0-255,66,100964,17,250914
13760,0.032831,172.217.194.0-255,2902,103866,17,250914
13761,0.032839,172.31.36.0-255,66,103932,17,250914
13762,0.033805,172.217.194.0-255,2902,106834,17,250914
13763,0.033813,172.31.36.0-255,66,106900,17,250914
13764,0.035517,172.217.194.0-255,2902,109802,17,250914
13765,0.035524,172.31.36.0-255,66,109868,17,250914
13766,0.036458,172.217.194.0-255,2902,112770,17,250914
13767,0.036464,172.31.36.0-255,66,112836,17,250914
13768,0.03818,172.217.194.0-255,2902,115738,17,250914
13769,0.038185,172.31.36.0-255,66,115804,17,250914
13770,0.039102,172.217.194.0-255,2902,118706,17,250914
13771,0.039107,172.31.36.0-255,66,118772,17,250914
13772,0.040866,172.217.194.0-255,2902,121674,17,250914
13773,0.040872,172.31.36.0-255,66,121740,17,250914
13774,0.041747,172.217.194.0-255,2902,124642,17,250914
13775,0.041753,172.31.36.0-255,66,124708,17,250914
13776,0.043556,172.217.194.0-255,2902,127610,17,250914
13777,0.043562,172.31.36.0-255,66,127676,17,250914
13778,0.044404,172.217.194.0-255,2902,130578,17,250914
13779,0.044411,172.31.36.0-255,66,130644,17,250914
13780,0.04619,172.217.194.0-255,2902,133546,17,250914
13781,0.046196,172.31.36.0-255,66,133612,17,250914
13782,0.047033,172.217.194.0-255,2902,136514,17,250914
13783,0.047039,172.31.36.0-255,66,136580,17,250914
13784,0.048864,172.217.194.0-255,2902,139482,17,250914
13785,0.048871,172.31.36.0-255,66,139548,17,250914
13786,0.049674,172.217.194.0-255,2902,142450,17,250914
13787,0.04968,172.31.36.0-255,66,142516,17,250914
13788,0.05151,172.217.194.0-255,2902,145418,17,250914
13789,0.051517,172.31.36.0-255,66,145484,17,250914
13790,0.052321,172.217.194.0-255,2902,148386,17,250914
13791,0.052329,172.31.36.0-255,66,148452,17,250914
13792,0.054187,172.217.194.0-255,2902,151354,17,250914
13793,0.054194,172.31.36.0-255,66,151420,17,250914
13794,0.054994,172.217.194.0-255,2902,154322,17,250914
13795,0.055,172.31.36.0-255,66,154388,17,250914
13796,0.056874,172.217.194.0-255,2902,157290,17,250914
13797,0.056881,172.31.36.0-255,66,157356,17,250914
13798,0.057718,172.217.194.0-255,2902,160258,17,250914
13799,0.057725,172.31.36.0-255,66,160324,17,250914
13800,0.059595,172.217.194.0-255,2902,163226,17,250914
13801,0.059603,172.31.36.0-255,66,163292,17,250914
13802,0.060343,172.217.194.0-255,2902,166194,17,250914
13803,0.060351,172.31.36.0-255,66,166260,17,250914
13804,0.062246,172.217.194.0-255,2902,169162,17,250914
13805,0.062253,172.31.36.0-255,66,169228,17,250914
13806,0.062989,172.217.194.0-255,2902,172130,17,250914
13807,0.062996,172.31.36.0-255,66,172196,17,250914
13808,0.064892,172.217.194.0-255,2902,175098,17,250914
13809,0.0649,172.31.36.0-255,66,175164,17,250914
13810,0.065663,172.217.194.0-255,2902,178066,17,250914
13811,0.065671,172.31.36.0-255,66,178132,17,250914
13812,0.067539,172.217.194.0-255,2902,181034,17,250914
13813,0.067546,172.31.36.0-255,66,181100,17,250914
13814,0.068366,172.217.194.0-255,2902,184002,17,250914
13815,0.068372,172.31.36.0-255,66,184068,17,250914
13816,0.070175,172.217.194.0-255,2902,186970,17,250914
13817,0.070181,172.31.36.0-255,66,187036,17,250914
13818,0.071018,172.217.194.0-255,2902,189938,17,250914
13819,0.071023,172.31.36.0-255,66,190004,17,250914
13820,0.072876,172.217.194.0-255,2902,192906,17,250914
13821,0.072883,172.31.36.0-255,66,192972,17,250914
13822,0.07371,172.217.194.0-255,2902,195874,17,250914
13823,0.073717,172.31.36.0-255,66,195940,17,250914
13824,0.07555,172.217.194.0-255,2902,198842,17,250914
13825,0.075556,172.31.36.0-255,66,198908,17,250914
13826,0.076393,172.217.194.0-255,2902,201810,17,250914
13827,0.076399,172.31.36.0-255,66,201876,17,250914
13828,0.078188,172.217.194.0-255,2902,204778,17,250914
13829,0.078193,172.31.36.0-255,66,204844,17,250914
13830,0.07911,172.217.194.0-255,2902,207746,17,250914
13831,0.079115,172.31.36.0-255,66,207812,17,250914
13832,0.080939,172.217.194.0-255,2902,210714,17,250914
13833,0.080945,172.31.36.0-255,66,210780,17,250914
13834,0.08183,172.217.194.0-255,2902,213682,17,250914
13835,0.081835,172.31.36.0-255,66,213748,17,250914
13836,0.083615,172.217.194.0-255,2902,216650,17,250914
13837,0.083622,172.31.36.0-255,66,216716,17,250914
13838,0.084493,172.217.194.0-255,2902,219618,17,250914
13839,0.0845,172.31.36.0-255,66,219684,17,250914
13840,0.086281,172.217.194.0-255,2902,222586,17,250914
13841,0.086288,172.31.36.0-255,66,222652,17,250914
13842,0.087151,172.217.194.0-255,2902,225554,17,250914
13843,0.087157,172.31.36.0-255,66,225620,17,250914
13844,0.088962,172.217.194.0-255,2902,228522,17,250914
13845,0.088969,172.31.36.0-255,66,228588,17,250914
13846,0.089794,172.217.194.0-255,2902,231490,17,250914
13847,0.0898,172.31.36.0-255,66,231556,17,250914
13848,0.091627,172.217.194.0-255,2902,234458,17,250914
13849,0.091634,172.31.36.0-255,66,234524,17,250914
13850,0.092524,172.217.194.0-255,2902,237426,17,250914
13851,0.092531,172.31.36.0-255,66,237492,17,250914
13852,0.094327,172.217.194.0-255,2902,240394,17,250914
13853,0.094333,172.31.36.0-255,66,240460,17,250914
13854,0.095197,172.217.194.0-255,2902,243362,17,250914
13855,0.095204,172.31.36.0-255,66,243428,17,250914
13856,0.097011,172.217.194.0-255,2902,246330,17,250914
13857,0.097018,172.31.36.0-255,66,246396,17,250914
13858,0.097911,172.217.194.0-255,2902,249298,17,250914
13859,0.097918,172.31.36.0-255,66,249364,17,250914
13860,0.099696,172.217.194.0-255,1484,250848,17,250914
13861,0.099703,172.31.36.0-255,66,250914,17,250914
13862,0.0,172.217.194.0-255,153,153,17,374546
13863,7.3e-05,172.31.36.0-255,66,219,17,374546
13864,8e-05,172.217.194.0-255,1484,1703,17,374546
13865,8.4e-05,172.31.36.0-255,66,1769,17,374546
13866,8.9e-05,172.217.194.0-255,2902,4671,17,374546
13867,9.2e-05,172.31.36.0-255,66,4737,17,374546
13868,9.5e-05,172.217.194.0-255,1484,6221,17,374546
13869,9.7e-05,172.31.36.0-255,66,6287,17,374546
13870,0.000104,172.217.194.0-255,5738,12025,17,374546
13871,0.000106,172.31.36.0-255,66,12091,17,374546
13872,0.000113,172.217.194.0-255,6274,18365,17,374546
13873,0.000115,172.31.36.0-255,66,18431,17,374546
13874,0.000122,172.217.194.0-255,7156,25587,17,374546
13875,0.000124,172.31.36.0-255,66,25653,17,374546
13876,0.000147,172.217.194.0-255,5379,31032,17,374546
13877,0.000149,172.31.36.0-255,66,31098,17,374546
13878,0.000225,172.217.194.0-255,1484,32582,17,374546
13879,0.00023,172.31.36.0-255,66,32648,17,374546
13880,0.000258,172.217.194.0-255,2902,35550,17,374546
13881,0.000261,172.31.36.0-255,66,35616,17,374546
13882,0.000282,172.217.194.0-255,5738,41354,17,374546
13883,0.000285,172.31.36.0-255,66,41420,17,374546
13884,0.000317,172.217.194.0-255,1484,42904,17,374546
13885,0.000321,172.31.36.0-255,66,42970,17,374546
13886,0.000326,172.217.194.0-255,2902,45872,17,374546
13887,0.000328,172.31.36.0-255,66,45938,17,374546
13888,0.000348,172.217.194.0-255,5738,51676,17,374546
13889,0.000351,172.31.36.0-255,66,51742,17,374546
13890,0.000355,172.217.194.0-255,2902,54644,17,374546
13891,0.000357,172.31.36.0-255,66,54710,17,374546
13892,0.000377,172.217.194.0-255,4320,59030,17,374546
13893,0.00038,172.31.36.0-255,66,59096,17,374546
13894,0.000397,172.217.194.0-255,6438,65534,17,374546
13895,0.000401,172.31.36.0-255,66,65600,17,374546
13896,0.000424,172.217.194.0-255,678,66278,17,374546
13897,0.000826,172.31.36.0-255,66,66344,17,374546
13898,0.00097,172.217.194.0-255,1484,67828,17,374546
13899,0.00098,172.217.194.0-255,2902,70730,17,374546
13900,0.000985,172.31.36.0-255,66,70796,17,374546
13901,0.000992,172.217.194.0-255,5738,76534,17,374546
13902,0.000995,172.31.36.0-255,66,76600,17,374546
13903,0.001022,172.217.194.0-255,7156,83756,17,374546
13904,0.001025,172.31.36.0-255,66,83822,17,374546
13905,0.001048,172.217.194.0-255,5738,89560,17,374546
13906,0.001051,172.31.36.0-255,66,89626,17,374546
13907,0.001055,172.217.194.0-255,1484,91110,17,374546
13908,0.001086,172.31.36.0-255,66,91176,17,374546
13909,0.00164,172.217.194.0-255,1484,92660,17,374546
13910,0.001648,172.217.194.0-255,2902,95562,17,374546
13911,0.001652,172.31.36.0-255,66,95628,17,374546
13912,0.001658,172.217.194.0-255,5738,101366,17,374546
13913,0.00166,172.31.36.0-255,66,101432,17,374546
13914,0.00168,172.217.194.0-255,4320,105752,17,374546
13915,0.001682,172.31.36.0-255,66,105818,17,374546
13916,0.001706,172.31.36.0-255,66,105884,17,374546
13917,0.00171,172.217.194.0-255,2902,108786,17,374546
13918,0.001711,172.31.36.0-255,66,108852,17,374546
13919,0.001755,172.217.194.0-255,7156,116008,17,374546
13920,0.001757,172.31.36.0-255,66,116074,17,374546
13921,0.001772,172.217.194.0-255,766,116840,17,374546
13922,0.002213,172.217.194.0-255,1484,118324,17,374546
13923,0.002216,172.31.36.0-255,66,118390,17,374546
13924,0.002229,172.217.194.0-255,1484,119874,17,374546
13925,0.002244,172.217.194.0-255,1484,121358,17,374546
13926,0.002247,172.31.36.0-255,66,121424,17,374546
13927,0.002253,172.217.194.0-255,5738,127162,17,374546
13928,0.002255,172.31.36.0-255,66,127228,17,374546
13929,0.002259,172.217.194.0-255,2902,130130,17,374546
13930,0.002261,172.31.36.0-255,66,130196,17,374546
13931,0.002283,172.217.194.0-255,2902,133098,17,374546
13932,0.002284,172.31.36.0-255,66,133164,17,374546
13933,0.002299,172.217.194.0-255,7156,140320,17,374546
13934,0.002301,172.31.36.0-255,66,140386,17,374546
13935,0.002304,172.217.194.0-255,1484,141870,17,374546
13936,0.002335,172.31.36.0-255,66,141936,17,374546
13937,0.00236,172.217.194.0-255,1484,143420,17,374546
13938,0.002376,172.217.194.0-255,7156,150576,17,374546
13939,0.002379,172.31.36.0-255,66,150642,17,374546
13940,0.002406,172.31.36.0-255,66,150708,17,374546
13941,0.002411,172.217.194.0-255,5738,156446,17,374546
13942,0.002414,172.31.36.0-255,66,156512,17,374546
13943,0.00244,172.31.36.0-255,66,156578,17,374546
13944,0.004768,172.217.194.0-255,5738,162316,17,374546
13945,0.004771,172.31.36.0-255,66,162382,17,374546
13946,0.007126,172.217.194.0-255,5738,168120,17,374546
13947,0.007134,172.31.36.0-255,66,168186,17,374546
13948,0.009483,172.217.194.0-255,5738,173924,17,374546
13949,0.009492,172.31.36.0-255,66,173990,17,374546
13950,0.011844,172.217.194.0-255,5738,179728,17,374546
13951,0.011852,172.31.36.0-255,66,179794,17,374546
13952,0.014194,172.217.194.0-255,5738,185532,17,374546
13953,0.014203,172.31.36.0-255,66,185598,17,374546
13954,0.01652,172.217.194.0-255,5738,191336,17,374546
13955,0.016529,172.31.36.0-255,66,191402,17,374546
13956,0.018866,172.217.194.0-255,5738,197140,17,374546
13957,0.018873,172.31.36.0-255,66,197206,17,374546
13958,0.021209,172.217.194.0-255,5738,202944,17,374546
13959,0.021216,172.31.36.0-255,66,203010,17,374546
13960,0.023546,172.217.194.0-255,5738,208748,17,374546
13961,0.023555,172.31.36.0-255,66,208814,17,374546
13962,0.025049,172.31.36.0-255,172,208986,17,374546
13963,0.025074,172.31.36.0-255,1118,210104,17,374546
13964,0.025106,172.31.36.0-255,1514,211618,17,374546
13965,0.025108,172.31.36.0-255,1270,212888,17,374546
13966,0.025884,172.217.194.0-255,5738,218626,17,374546
13967,0.025889,172.31.36.0-255,66,218692,17,374546
13968,0.026578,104.244.42.0-255,66,218758,17,374546
13969,0.026619,104.244.42.0-255,66,218824,17,374546
13970,0.026654,104.244.42.0-255,66,218890,17,374546
13971,0.028222,172.217.194.0-255,5738,224628,17,374546
13972,0.028228,172.31.36.0-255,66,224694,17,374546
13973,0.030567,172.217.194.0-255,5738,230432,17,374546
13974,0.030572,172.31.36.0-255,66,230498,17,374546
13975,0.032886,172.217.194.0-255,5738,236236,17,374546
13976,0.032891,172.31.36.0-255,66,236302,17,374546
13977,0.03522,172.217.194.0-255,5738,242040,17,374546
13978,0.035226,172.31.36.0-255,66,242106,17,374546
13979,0.03756,172.217.194.0-255,4320,246426,17,374546
13980,0.037566,172.31.36.0-255,66,246492,17,374546
13981,0.037593,172.217.194.0-255,1484,247976,17,374546
13982,0.03991,172.217.194.0-255,4320,252296,17,374546
13983,0.039916,172.31.36.0-255,66,252362,17,374546
13984,0.042246,172.217.194.0-255,5738,258100,17,374546
13985,0.042252,172.31.36.0-255,66,258166,17,374546
13986,0.0446,172.217.194.0-255,5738,263904,17,374546
13987,0.044615,172.31.36.0-255,66,263970,17,374546
13988,0.047004,172.217.194.0-255,5738,269708,17,374546
13989,0.047019,172.31.36.0-255,66,269774,17,374546
13990,0.049356,172.217.194.0-255,5738,275512,17,374546
13991,0.049368,172.31.36.0-255,66,275578,17,374546
13992,0.0517,172.217.194.0-255,5738,281316,17,374546
13993,0.051715,172.31.36.0-255,66,281382,17,374546
13994,0.05404,172.217.194.0-255,5738,287120,17,374546
13995,0.054054,172.31.36.0-255,66,287186,17,374546
13996,0.056403,172.217.194.0-255,5738,292924,17,374546
13997,0.056416,172.31.36.0-255,66,292990,17,374546
13998,0.058766,172.217.194.0-255,5738,298728,17,374546
13999,0.058779,172.31.36.0-255,66,298794,17,374546
14000,0.061115,172.217.194.0-255,5738,304532,17,374546
14001,0.061129,172.31.36.0-255,66,304598,17,374546
14002,0.063482,172.217.194.0-255,5738,310336,17,374546
14003,0.063496,172.31.36.0-255,66,310402,17,374546
14004,0.06581,172.217.194.0-255,5738,316140,17,374546
14005,0.065817,172.31.36.0-255,66,316206,17,374546
14006,0.068164,172.217.194.0-255,5738,321944,17,374546
14007,0.068169,172.31.36.0-255,66,322010,17,374546
14008,0.070491,172.217.194.0-255,5738,327748,17,374546
14009,0.070496,172.31.36.0-255,66,327814,17,374546
14010,0.072834,172.217.194.0-255,5738,333552,17,374546
14011,0.07284,172.31.36.0-255,66,333618,17,374546
14012,0.075154,172.217.194.0-255,4320,337938,17,374546
14013,0.07516,172.31.36.0-255,66,338004,17,374546
14014,0.075191,172.217.194.0-255,1484,339488,17,374546
14015,0.077504,172.217.194.0-255,4320,343808,17,374546
14016,0.077509,172.31.36.0-255,66,343874,17,374546
14017,0.079853,172.217.194.0-255,5738,349612,17,374546
14018,0.079859,172.31.36.0-255,66,349678,17,374546
14019,0.08221,172.217.194.0-255,5738,355416,17,374546
14020,0.082216,172.31.36.0-255,66,355482,17,374546
14021,0.084539,172.217.194.0-255,5738,361220,17,374546
14022,0.084544,172.31.36.0-255,66,361286,17,374546
14023,0.086874,172.217.194.0-255,4320,365606,17,374546
14024,0.08688,172.31.36.0-255,66,365672,17,374546
14025,0.086908,172.217.194.0-255,1484,367156,17,374546
14026,0.08924,172.217.194.0-255,4320,371476,17,374546
14027,0.089244,172.31.36.0-255,66,371542,17,374546
14028,0.091581,172.217.194.0-255,2767,374309,17,374546
14029,0.091587,172.31.36.0-255,66,374375,17,374546
14030,0.091763,172.31.36.0-255,105,374480,17,374546
14031,0.094027,172.217.194.0-255,66,374546,17,374546
14032,0.0,172.217.194.0-255,154,154,17,251034
14033,2.4e-05,172.31.36.0-255,66,220,17,251034
14034,3e-05,172.217.194.0-255,1484,1704,17,251034
14035,3.4e-05,172.31.36.0-255,66,1770,17,251034
14036,4.4e-05,172.217.194.0-255,2902,4672,17,251034
14037,4.7e-05,172.31.36.0-255,66,4738,17,251034
14038,5e-05,172.217.194.0-255,1484,6222,17,251034
14039,5.2e-05,172.31.36.0-255,66,6288,17,251034
14040,7.9e-05,172.217.194.0-255,5738,12026,17,251034
14041,8.3e-05,172.31.36.0-255,66,12092,17,251034
14042,8.7e-05,172.217.194.0-255,2032,14124,17,251034
14043,8.9e-05,172.31.36.0-255,66,14190,17,251034
14044,0.000117,172.217.194.0-255,1484,15674,17,251034
14045,0.00012,172.31.36.0-255,66,15740,17,251034
14046,0.00015,172.217.194.0-255,1484,17224,17,251034
14047,0.000153,172.31.36.0-255,66,17290,17,251034
14048,0.000158,172.217.194.0-255,4320,21610,17,251034
14049,0.00016,172.31.36.0-255,66,21676,17,251034
14050,0.000177,172.31.36.0-255,66,21742,17,251034
14051,0.00018,172.217.194.0-255,1125,22867,17,251034
14052,0.000182,172.31.36.0-255,66,22933,17,251034
14053,0.000316,172.217.194.0-255,1484,24417,17,251034
14054,0.00032,172.31.36.0-255,66,24483,17,251034
14055,0.000353,172.217.194.0-255,2902,27385,17,251034
14056,0.000357,172.31.36.0-255,66,27451,17,251034
14057,0.000363,172.217.194.0-255,5738,33189,17,251034
14058,0.000366,172.31.36.0-255,66,33255,17,251034
14059,0.000406,172.31.36.0-255,66,33321,17,251034
14060,0.00041,172.217.194.0-255,2902,36223,17,251034
14061,0.000413,172.31.36.0-255,66,36289,17,251034
14062,0.00045,172.217.194.0-255,7156,43445,17,251034
14063,0.000454,172.31.36.0-255,66,43511,17,251034
14064,0.00046,172.217.194.0-255,3961,47472,17,251034
14065,0.000463,172.31.36.0-255,66,47538,17,251034
14066,0.000466,172.217.194.0-255,341,47879,17,251034
14067,0.00051,172.217.194.0-255,404,48283,17,251034
14068,0.000668,172.217.194.0-255,1484,49767,17,251034
14069,0.000672,172.31.36.0-255,66,49833,17,251034
14070,0.000678,172.217.194.0-255,2902,52735,17,251034
14071,0.00068,172.31.36.0-255,66,52801,17,251034
14072,0.000705,172.217.194.0-255,5738,58539,17,251034
14073,0.000708,172.31.36.0-255,66,58605,17,251034
14074,0.000715,172.217.194.0-255,6797,65402,17,251034
14075,0.000717,172.31.36.0-255,66,65468,17,251034
14076,0.000757,172.217.194.0-255,4320,69788,17,251034
14077,0.00076,172.31.36.0-255,66,69854,17,251034
14078,0.000798,172.31.36.0-255,66,69920,17,251034
14079,0.000803,172.217.194.0-255,2543,72463,17,251034
14080,0.000805,172.31.36.0-255,66,72529,17,251034
14081,0.001272,172.217.194.0-255,1484,74013,17,251034
14082,0.001281,172.217.194.0-255,2902,76915,17,251034
14083,0.001286,172.31.36.0-255,66,76981,17,251034
14084,0.001316,172.217.194.0-255,5738,82719,17,251034
14085,0.00132,172.31.36.0-255,66,82785,17,251034
14086,0.001327,172.217.194.0-255,7156,89941,17,251034
14087,0.00133,172.31.36.0-255,66,90007,17,251034
14088,0.001337,172.217.194.0-255,7156,97163,17,251034
14089,0.001339,172.31.36.0-255,66,97229,17,251034
14090,0.001381,172.217.194.0-255,7156,104385,17,251034
14091,0.001386,172.31.36.0-255,66,104451,17,251034
14092,0.00139,172.217.194.0-255,2184,106635,17,251034
14093,0.001392,172.31.36.0-255,66,106701,17,251034
14094,0.001678,172.217.194.0-255,1484,108185,17,251034
14095,0.001686,172.217.194.0-255,2902,111087,17,251034
14096,0.001691,172.31.36.0-255,66,111153,17,251034
14097,0.001699,172.217.194.0-255,5738,116891,17,251034
14098,0.001701,172.31.36.0-255,66,116957,17,251034
14099,0.001713,172.217.194.0-255,5738,122695,17,251034
14100,0.001716,172.31.36.0-255,66,122761,17,251034
14101,0.00172,172.217.194.0-255,2902,125663,17,251034
14102,0.001723,172.31.36.0-255,66,125729,17,251034
14103,0.00175,172.31.36.0-255,66,125795,17,251034
14104,0.001755,172.217.194.0-255,1484,127279,17,251034
14105,0.001782,172.217.194.0-255,3602,130881,17,251034
14106,0.001786,172.31.36.0-255,66,130947,17,251034
14107,0.002108,172.217.194.0-255,1484,132431,17,251034
14108,0.002117,172.217.194.0-255,2902,135333,17,251034
14109,0.00212,172.31.36.0-255,66,135399,17,251034
14110,0.002126,172.217.194.0-255,2902,138301,17,251034
14111,0.002127,172.31.36.0-255,66,138367,17,251034
14112,0.002167,172.217.194.0-255,2902,141269,17,251034
14113,0.002169,172.31.36.0-255,66,141335,17,251034
14114,0.002172,172.217.194.0-255,1484,142819,17,251034
14115,0.002182,172.31.36.0-255,66,142885,17,251034
14116,0.002186,172.217.194.0-255,4320,147205,17,251034
14117,0.002188,172.31.36.0-255,66,147271,17,251034
14118,0.002222,172.31.36.0-255,66,147337,17,251034
14119,0.002452,172.217.194.0-255,1484,148821,17,251034
14120,0.002456,172.217.194.0-255,1484,150305,17,251034
14121,0.002459,172.31.36.0-255,66,150371,17,251034
14122,0.002475,172.217.194.0-255,1484,151855,17,251034
14123,0.00248,172.217.194.0-255,2902,154757,17,251034
14124,0.002482,172.31.36.0-255,66,154823,17,251034
14125,0.002485,172.217.194.0-255,1484,156307,17,251034
14126,0.002501,172.217.194.0-255,2902,159209,17,251034
14127,0.002504,172.31.36.0-255,66,159275,17,251034
14128,0.002508,172.217.194.0-255,2902,162177,17,251034
14129,0.00251,172.31.36.0-255,66,162243,17,251034
14130,0.002536,172.217.194.0-255,5738,167981,17,251034
14131,0.002538,172.31.36.0-255,66,168047,17,251034
14132,0.002547,172.31.36.0-255,66,168113,17,251034
14133,0.00259,172.217.194.0-255,5020,173133,17,251034
14134,0.002593,172.31.36.0-255,66,173199,17,251034
14135,0.002656,172.217.194.0-255,1484,174683,17,251034
14136,0.00266,172.217.194.0-255,2902,177585,17,251034
14137,0.002669,172.31.36.0-255,66,177651,17,251034
14138,0.002673,172.217.194.0-255,1484,179135,17,251034
14139,0.002702,172.217.194.0-255,4320,183455,17,251034
14140,0.002705,172.31.36.0-255,66,183521,17,251034
14141,0.002732,172.217.194.0-255,7156,190677,17,251034
14142,0.002736,172.31.36.0-255,66,190743,17,251034
14143,0.002743,172.217.194.0-255,7156,197899,17,251034
14144,0.002744,172.31.36.0-255,66,197965,17,251034
14145,0.002747,172.217.194.0-255,1484,199449,17,251034
14146,0.00275,172.217.194.0-255,1484,200933,17,251034
14147,0.002753,172.31.36.0-255,66,200999,17,251034
14148,0.002756,172.217.194.0-255,2902,203901,17,251034
14149,0.002759,172.31.36.0-255,66,203967,17,251034
14150,0.002792,172.217.194.0-255,1484,205451,17,251034
14151,0.002838,172.31.36.0-255,66,205517,17,251034
14152,0.002843,172.217.194.0-255,4320,209837,17,251034
14153,0.002845,172.31.36.0-255,66,209903,17,251034
14154,0.002852,172.217.194.0-255,7156,217059,17,251034
14155,0.002854,172.31.36.0-255,66,217125,17,251034
14156,0.002867,172.31.36.0-255,66,217191,17,251034
14157,0.00287,172.217.194.0-255,1484,218675,17,251034
14158,0.002888,172.31.36.0-255,66,218741,17,251034
14159,0.0029,172.31.36.0-255,66,218807,17,251034
14160,0.002903,172.217.194.0-255,1484,220291,17,251034
14161,0.002949,172.217.194.0-255,4320,224611,17,251034
14162,0.00296,172.217.194.0-255,1484,226095,17,251034
14163,0.002994,172.31.36.0-255,66,226161,17,251034
14164,0.003008,172.217.194.0-255,6438,232599,17,251034
14165,0.003024,172.217.194.0-255,1484,234083,17,251034
14166,0.003031,172.217.194.0-255,7156,241239,17,251034
14167,0.003038,172.31.36.0-255,78,241317,17,251034
14168,0.003045,172.31.36.0-255,78,241395,17,251034
14169,0.003065,172.217.194.0-255,4862,246257,17,251034
14170,0.003068,172.217.194.0-255,97,246354,17,251034
14171,0.003089,172.31.36.0-255,66,246420,17,251034
14172,0.003112,172.217.194.0-255,105,246525,17,251034
14173,0.004518,172.31.36.0-255,66,246591,17,251034
14174,0.004551,172.31.36.0-255,105,246696,17,251034
14175,0.00708,172.217.194.0-255,66,246762,17,251034
14176,0.027538,172.31.36.0-255,172,246934,17,251034
14177,0.027582,172.31.36.0-255,1116,248050,17,251034
14178,0.027751,172.31.36.0-255,1514,249564,17,251034
14179,0.027753,172.31.36.0-255,1272,250836,17,251034
14180,0.029085,104.244.42.0-255,66,250902,17,251034
14181,0.029121,104.244.42.0-255,66,250968,17,251034
14182,0.029315,104.244.42.0-255,66,251034,17,251034
14183,0.0,172.217.160.0-255,151,151,17,399340
14184,2.6e-05,172.31.36.0-255,66,217,17,399340
14185,3.4e-05,172.217.160.0-255,1484,1701,17,399340
14186,3.8e-05,172.31.36.0-255,66,1767,17,399340
14187,4.4e-05,172.217.160.0-255,2902,4669,17,399340
14188,4.8e-05,172.31.36.0-255,66,4735,17,399340
14189,5.7e-05,172.217.160.0-255,7156,11891,17,399340
14190,6e-05,172.31.36.0-255,66,11957,17,399340
14191,6.4e-05,172.217.160.0-255,2034,13991,17,399340
14192,6.6e-05,172.31.36.0-255,66,14057,17,399340
14193,7e-05,172.217.160.0-255,2902,16959,17,399340
14194,7.3e-05,172.31.36.0-255,66,17025,17,399340
14195,8.3e-05,172.217.160.0-255,7156,24181,17,399340
14196,9.3e-05,172.217.160.0-255,6797,30978,17,399340
14197,0.000122,172.31.36.0-255,66,31044,17,399340
14198,0.000129,172.31.36.0-255,66,31110,17,399340
14199,0.000132,172.217.160.0-255,1484,32594,17,399340
14200,0.000136,172.31.36.0-255,66,32660,17,399340
14201,0.000142,172.217.160.0-255,2902,35562,17,399340
14202,0.000143,172.31.36.0-255,66,35628,17,399340
14203,0.000147,172.217.160.0-255,1484,37112,17,399340
14204,0.000149,172.31.36.0-255,66,37178,17,399340
14205,0.000169,172.217.160.0-255,4320,41498,17,399340
14206,0.000172,172.31.36.0-255,66,41564,17,399340
14207,0.000177,172.217.160.0-255,2902,44466,17,399340
14208,0.000179,172.31.36.0-255,66,44532,17,399340
14209,0.000195,172.217.160.0-255,3961,48493,17,399340
14210,0.000197,172.31.36.0-255,66,48559,17,399340
14211,0.000421,172.217.160.0-255,1484,50043,17,399340
14212,0.000426,172.31.36.0-255,66,50109,17,399340
14213,0.000433,172.217.160.0-255,2902,53011,17,399340
14214,0.000435,172.31.36.0-255,66,53077,17,399340
14215,0.000442,172.217.160.0-255,5738,58815,17,399340
14216,0.000445,172.31.36.0-255,66,58881,17,399340
14217,0.000491,172.217.160.0-255,4320,63201,17,399340
14218,0.000494,172.31.36.0-255,66,63267,17,399340
14219,0.000512,172.217.160.0-255,2811,66078,17,399340
14220,0.000514,172.31.36.0-255,66,66144,17,399340
14221,0.000981,172.217.160.0-255,1484,67628,17,399340
14222,0.000988,172.217.160.0-255,2902,70530,17,399340
14223,0.000992,172.31.36.0-255,66,70596,17,399340
14224,0.000996,172.217.160.0-255,1484,72080,17,399340
14225,0.001017,172.217.160.0-255,4320,76400,17,399340
14226,0.00102,172.31.36.0-255,66,76466,17,399340
14227,0.001026,172.217.160.0-255,4320,80786,17,399340
14228,0.001027,172.31.36.0-255,66,80852,17,399340
14229,0.001042,172.217.160.0-255,2543,83395,17,399340
14230,0.001045,172.31.36.0-255,66,83461,17,399340
14231,0.001081,172.217.160.0-255,1484,84945,17,399340
14232,0.001098,172.217.160.0-255,2902,87847,17,399340
14233,0.001103,172.217.160.0-255,4320,92167,17,399340
14234,0.001106,172.31.36.0-255,66,92233,17,399340
14235,0.001114,172.31.36.0-255,66,92299,17,399340
14236,0.001117,172.217.160.0-255,1484,93783,17,399340
14237,0.001121,172.217.160.0-255,2902,96685,17,399340
14238,0.001124,172.31.36.0-255,66,96751,17,399340
14239,0.001136,172.217.160.0-255,1484,98235,17,399340
14240,0.001142,172.217.160.0-255,5142,103377,17,399340
14241,0.001144,172.31.36.0-255,66,103443,17,399340
14242,0.001151,172.217.160.0-255,5738,109181,17,399340
14243,0.001153,172.31.36.0-255,66,109247,17,399340
14244,0.001175,172.217.160.0-255,5738,114985,17,399340
14245,0.001177,172.31.36.0-255,66,115051,17,399340
14246,0.001181,172.217.160.0-255,2429,117480,17,399340
14247,0.001184,172.31.36.0-255,66,117546,17,399340
14248,0.001225,172.217.160.0-255,197,117743,17,399340
14249,0.001408,172.217.160.0-255,1484,119227,17,399340
14250,0.001412,172.31.36.0-255,66,119293,17,399340
14251,0.001418,172.217.160.0-255,2902,122195,17,399340
14252,0.00142,172.31.36.0-255,66,122261,17,399340
14253,0.001426,172.217.160.0-255,5738,127999,17,399340
14254,0.001428,172.31.36.0-255,66,128065,17,399340
14255,0.00143,172.217.160.0-255,1484,129549,17,399340
14256,0.001458,172.217.160.0-255,5738,135287,17,399340
14257,0.00146,172.31.36.0-255,66,135353,17,399340
14258,0.001499,172.217.160.0-255,7156,142509,17,399340
14259,0.001502,172.31.36.0-255,66,142575,17,399340
14260,0.001523,172.217.160.0-255,7156,149731,17,399340
14261,0.001526,172.31.36.0-255,66,149797,17,399340
14262,0.00153,172.217.160.0-255,2184,151981,17,399340
14263,0.001532,172.31.36.0-255,66,152047,17,399340
14264,0.001547,172.217.160.0-255,1484,153531,17,399340
14265,0.001551,172.217.160.0-255,2902,156433,17,399340
14266,0.001554,172.31.36.0-255,66,156499,17,399340
14267,0.001576,172.217.160.0-255,5738,162237,17,399340
14268,0.001579,172.31.36.0-255,66,162303,17,399340
14269,0.001601,172.217.160.0-255,2902,165205,17,399340
14270,0.001604,172.31.36.0-255,66,165271,17,399340
14271,0.00163,172.217.160.0-255,7156,172427,17,399340
14272,0.001633,172.31.36.0-255,66,172493,17,399340
14273,0.001644,172.31.36.0-255,66,172559,17,399340
14274,0.001668,172.217.160.0-255,2184,174743,17,399340
14275,0.001671,172.31.36.0-255,66,174809,17,399340
14276,0.001684,172.217.160.0-255,2902,177711,17,399340
14277,0.001688,172.31.36.0-255,66,177777,17,399340
14278,0.001713,172.217.160.0-255,7156,184933,17,399340
14279,0.001715,172.31.36.0-255,66,184999,17,399340
14280,0.001721,172.217.160.0-255,2902,187901,17,399340
14281,0.001723,172.31.36.0-255,66,187967,17,399340
14282,0.001739,172.217.160.0-255,4320,192287,17,399340
14283,0.001741,172.31.36.0-255,66,192353,17,399340
14284,0.001759,172.217.160.0-255,2902,195255,17,399340
14285,0.001762,172.31.36.0-255,66,195321,17,399340
14286,0.001779,172.217.160.0-255,7156,202477,17,399340
14287,0.001781,172.31.36.0-255,66,202543,17,399340
14288,0.001798,172.217.160.0-255,5738,208281,17,399340
14289,0.001801,172.31.36.0-255,66,208347,17,399340
14290,0.001804,172.217.160.0-255,766,209113,17,399340
14291,0.001901,172.217.160.0-255,1484,210597,17,399340
14292,0.001904,172.31.36.0-255,66,210663,17,399340
14293,0.00191,172.217.160.0-255,2902,213565,17,399340
14294,0.001912,172.31.36.0-255,66,213631,17,399340
14295,0.001918,172.217.160.0-255,4320,217951,17,399340
14296,0.00192,172.31.36.0-255,66,218017,17,399340
14297,0.001933,172.217.160.0-255,1484,219501,17,399340
14298,0.001937,172.217.160.0-255,1484,220985,17,399340
14299,0.001939,172.31.36.0-255,66,221051,17,399340
14300,0.001981,172.31.36.0-255,66,221117,17,399340
14301,0.003906,172.217.160.0-255,5738,226855,17,399340
14302,0.003913,172.31.36.0-255,66,226921,17,399340
14303,0.005829,172.217.160.0-255,5738,232659,17,399340
14304,0.005833,172.31.36.0-255,66,232725,17,399340
14305,0.007742,172.217.160.0-255,5738,238463,17,399340
14306,0.007749,172.31.36.0-255,66,238529,17,399340
14307,0.009664,172.217.160.0-255,5738,244267,17,399340
14308,0.009671,172.31.36.0-255,66,244333,17,399340
14309,0.011598,172.217.160.0-255,5738,250071,17,399340
14310,0.011607,172.31.36.0-255,66,250137,17,399340
14311,0.013547,172.217.160.0-255,5738,255875,17,399340
14312,0.013556,172.31.36.0-255,66,255941,17,399340
14313,0.015487,172.217.160.0-255,5738,261679,17,399340
14314,0.015497,172.31.36.0-255,66,261745,17,399340
14315,0.017425,172.217.160.0-255,5738,267483,17,399340
14316,0.017434,172.31.36.0-255,66,267549,17,399340
14317,0.019356,172.217.160.0-255,5738,273287,17,399340
14318,0.019367,172.31.36.0-255,66,273353,17,399340
14319,0.021302,172.217.160.0-255,5738,279091,17,399340
14320,0.021314,172.31.36.0-255,66,279157,17,399340
14321,0.023258,172.217.160.0-255,5738,284895,17,399340
14322,0.023276,172.31.36.0-255,66,284961,17,399340
14323,0.025194,172.217.160.0-255,5738,290699,17,399340
14324,0.025204,172.31.36.0-255,66,290765,17,399340
14325,0.027134,172.217.160.0-255,5738,296503,17,399340
14326,0.027144,172.31.36.0-255,66,296569,17,399340
14327,0.029075,172.217.160.0-255,5738,302307,17,399340
14328,0.029089,172.31.36.0-255,66,302373,17,399340
14329,0.031062,172.217.160.0-255,5738,308111,17,399340
14330,0.031072,172.31.36.0-255,66,308177,17,399340
14331,0.032996,172.217.160.0-255,5738,313915,17,399340
14332,0.03301,172.31.36.0-255,66,313981,17,399340
14333,0.034951,172.217.160.0-255,5738,319719,17,399340
14334,0.034965,172.31.36.0-255,66,319785,17,399340
14335,0.036889,172.217.160.0-255,5738,325523,17,399340
14336,0.036902,172.31.36.0-255,66,325589,17,399340
14337,0.038826,172.217.160.0-255,5738,331327,17,399340
14338,0.038838,172.31.36.0-255,66,331393,17,399340
14339,0.040522,172.31.36.0-255,172,331565,17,399340
14340,0.040561,172.31.36.0-255,1116,332681,17,399340
14341,0.040623,172.31.36.0-255,1514,334195,17,399340
14342,0.040625,172.31.36.0-255,1272,335467,17,399340
14343,0.040755,172.217.160.0-255,5738,341205,17,399340
14344,0.040767,172.31.36.0-255,66,341271,17,399340
14345,0.042091,104.244.42.0-255,66,341337,17,399340
14346,0.04212,104.244.42.0-255,66,341403,17,399340
14347,0.042172,104.244.42.0-255,66,341469,17,399340
14348,0.042679,172.217.160.0-255,5738,347207,17,399340
14349,0.042684,172.31.36.0-255,66,347273,17,399340
14350,0.044616,172.217.160.0-255,5738,353011,17,399340
14351,0.044629,172.31.36.0-255,66,353077,17,399340
14352,0.046556,172.217.160.0-255,5738,358815,17,399340
14353,0.046566,172.31.36.0-255,66,358881,17,399340
14354,0.048502,172.217.160.0-255,5738,364619,17,399340
14355,0.048518,172.31.36.0-255,66,364685,17,399340
14356,0.050459,172.217.160.0-255,5738,370423,17,399340
14357,0.050471,172.31.36.0-255,66,370489,17,399340
14358,0.052425,172.217.160.0-255,5738,376227,17,399340
14359,0.052433,172.31.36.0-255,66,376293,17,399340
14360,0.054355,172.217.160.0-255,5738,382031,17,399340
14361,0.054364,172.31.36.0-255,66,382097,17,399340
14362,0.056311,172.217.160.0-255,5738,387835,17,399340
14363,0.056323,172.31.36.0-255,66,387901,17,399340
14364,0.058237,172.217.160.0-255,5738,393639,17,399340
14365,0.058244,172.31.36.0-255,66,393705,17,399340
14366,0.060162,172.217.160.0-255,5398,399103,17,399340
14367,0.060168,172.31.36.0-255,66,399169,17,399340
14368,0.060652,172.31.36.0-255,105,399274,17,399340
14369,0.062543,172.217.160.0-255,66,399340,17,399340
14370,0.0,172.217.194.0-255,143,143,17,361545
14371,4.9e-05,172.31.36.0-255,66,209,17,361545
14372,5.7e-05,172.217.194.0-255,1484,1693,17,361545
14373,6.1e-05,172.31.36.0-255,66,1759,17,361545
14374,7.4e-05,172.217.194.0-255,2902,4661,17,361545
14375,7.7e-05,172.31.36.0-255,66,4727,17,361545
14376,8.1e-05,172.217.194.0-255,2902,7629,17,361545
14377,8.3e-05,172.31.36.0-255,66,7695,17,361545
14378,8.8e-05,172.217.194.0-255,4320,12015,17,361545
14379,9.1e-05,172.31.36.0-255,66,12081,17,361545
14380,9.6e-05,172.217.194.0-255,2086,14167,17,361545
14381,9.8e-05,172.31.36.0-255,66,14233,17,361545
14382,0.00013,172.217.194.0-255,2902,17135,17,361545
14383,0.000133,172.31.36.0-255,66,17201,17,361545
14384,0.000141,172.217.194.0-255,7156,24357,17,361545
14385,0.000144,172.31.36.0-255,66,24423,17,361545
14386,0.000147,172.217.194.0-255,1484,25907,17,361545
14387,0.000149,172.31.36.0-255,66,25973,17,361545
14388,0.000185,172.217.194.0-255,5379,31352,17,361545
14389,0.000191,172.31.36.0-255,66,31418,17,361545
14390,0.000198,172.217.194.0-255,5738,37156,17,361545
14391,0.0002,172.31.36.0-255,66,37222,17,361545
14392,0.000241,172.31.36.0-255,66,37288,17,361545
14393,0.000244,172.217.194.0-255,1125,38413,17,361545
14394,0.000246,172.31.36.0-255,66,38479,17,361545
14395,0.000277,172.31.36.0-255,66,38545,17,361545
14396,0.000303,172.217.194.0-255,2902,41447,17,361545
14397,0.000306,172.31.36.0-255,66,41513,17,361545
14398,0.000331,172.217.194.0-255,5675,47188,17,361545
14399,0.000335,172.31.36.0-255,66,47254,17,361545
14400,0.000337,172.217.194.0-255,380,47634,17,361545
14401,0.000419,172.217.194.0-255,1484,49118,17,361545
14402,0.000423,172.31.36.0-255,66,49184,17,361545
14403,0.000427,172.217.194.0-255,2902,52086,17,361545
14404,0.000431,172.31.36.0-255,66,52152,17,361545
14405,0.000459,172.217.194.0-255,5738,57890,17,361545
14406,0.000465,172.217.194.0-255,4320,62210,17,361545
14407,0.000471,172.31.36.0-255,66,62276,17,361545
14408,0.000478,172.217.194.0-255,2543,64819,17,361545
14409,0.000487,172.31.36.0-255,66,64885,17,361545
14410,0.000563,172.217.194.0-255,1484,66369,17,361545
14411,0.000569,172.217.194.0-255,2902,69271,17,361545
14412,0.000572,172.31.36.0-255,66,69337,17,361545
14413,0.000575,172.217.194.0-255,1484,70821,17,361545
14414,0.000604,172.217.194.0-255,4320,75141,17,361545
14415,0.000608,172.31.36.0-255,66,75207,17,361545
14416,0.00062,172.217.194.0-255,1484,76691,17,361545
14417,0.000644,172.217.194.0-255,4831,81522,17,361545
14418,0.000654,172.31.36.0-255,66,81588,17,361545
14419,0.00079,172.217.194.0-255,1484,83072,17,361545
14420,0.000807,172.217.194.0-255,2902,85974,17,361545
14421,0.000811,172.31.36.0-255,66,86040,17,361545
14422,0.000816,172.217.194.0-255,2902,88942,17,361545
14423,0.000818,172.31.36.0-255,66,89008,17,361545
14424,0.00084,172.217.194.0-255,2902,91910,17,361545
14425,0.000843,172.31.36.0-255,66,91976,17,361545
14426,0.000847,172.217.194.0-255,1484,93460,17,361545
14427,0.000853,172.217.194.0-255,7156,100616,17,361545
14428,0.000855,172.31.36.0-255,66,100682,17,361545
14429,0.000886,172.217.194.0-255,5738,106420,17,361545
14430,0.000889,172.31.36.0-255,66,106486,17,361545
14431,0.000916,172.31.36.0-255,66,106552,17,361545
14432,0.001184,172.217.194.0-255,1484,108036,17,361545
14433,0.001191,172.217.194.0-255,2902,110938,17,361545
14434,0.001201,172.31.36.0-255,66,111004,17,361545
14435,0.001214,172.217.194.0-255,5738,116742,17,361545
14436,0.001221,172.31.36.0-255,66,116808,17,361545
14437,0.001256,172.31.36.0-255,66,116874,17,361545
14438,0.001268,172.31.36.0-255,66,116940,17,361545
14439,0.001745,172.217.194.0-255,1484,118424,17,361545
14440,0.001756,172.217.194.0-255,2902,121326,17,361545
14441,0.00176,172.31.36.0-255,66,121392,17,361545
14442,0.001764,172.217.194.0-255,1484,122876,17,361545
14443,0.001768,172.217.194.0-255,2902,125778,17,361545
14444,0.001771,172.31.36.0-255,66,125844,17,361545
14445,0.001783,172.217.194.0-255,5738,131582,17,361545
14446,0.001786,172.31.36.0-255,66,131648,17,361545
14447,0.001829,172.217.194.0-255,5738,137386,17,361545
14448,0.001832,172.31.36.0-255,66,137452,17,361545
14449,0.001868,172.217.194.0-255,7156,144608,17,361545
14450,0.001873,172.31.36.0-255,66,144674,17,361545
14451,0.001879,172.217.194.0-255,4320,148994,17,361545
14452,0.001881,172.31.36.0-255,66,149060,17,361545
14453,0.001884,172.217.194.0-255,2184,151244,17,361545
14454,0.001886,172.31.36.0-255,66,151310,17,361545
14455,0.001926,172.217.194.0-255,1484,152794,17,361545
14456,0.001932,172.217.194.0-255,2902,155696,17,361545
14457,0.001935,172.31.36.0-255,66,155762,17,361545
14458,0.001941,172.217.194.0-255,5738,161500,17,361545
14459,0.001943,172.31.36.0-255,66,161566,17,361545
14460,0.001974,172.217.194.0-255,1484,163050,17,361545
14461,0.001979,172.217.194.0-255,2902,165952,17,361545
14462,0.001982,172.31.36.0-255,66,166018,17,361545
14463,0.001987,172.217.194.0-255,5738,171756,17,361545
14464,0.001989,172.31.36.0-255,66,171822,17,361545
14465,0.001992,172.217.194.0-255,1484,173306,17,361545
14466,0.002023,172.31.36.0-255,66,173372,17,361545
14467,0.002026,172.217.194.0-255,766,174138,17,361545
14468,0.002581,172.31.36.0-255,66,174204,17,361545
14469,0.004043,172.217.194.0-255,1484,175688,17,361545
14470,0.004064,172.217.194.0-255,2902,178590,17,361545
14471,0.004067,172.31.36.0-255,66,178656,17,361545
14472,0.004637,172.217.194.0-255,1484,180140,17,361545
14473,0.006101,172.217.194.0-255,4320,184460,17,361545
14474,0.006107,172.31.36.0-255,66,184526,17,361545
14475,0.008144,172.217.194.0-255,5738,190264,17,361545
14476,0.008153,172.31.36.0-255,66,190330,17,361545
14477,0.01017,172.217.194.0-255,5738,196068,17,361545
14478,0.010178,172.31.36.0-255,66,196134,17,361545
14479,0.012179,172.217.194.0-255,5738,201872,17,361545
14480,0.012188,172.31.36.0-255,66,201938,17,361545
14481,0.014223,172.217.194.0-255,5738,207676,17,361545
14482,0.014232,172.31.36.0-255,66,207742,17,361545
14483,0.016257,172.217.194.0-255,5738,213480,17,361545
14484,0.01627,172.31.36.0-255,66,213546,17,361545
14485,0.018321,172.217.194.0-255,5738,219284,17,361545
14486,0.018331,172.31.36.0-255,66,219350,17,361545
14487,0.020354,172.217.194.0-255,5738,225088,17,361545
14488,0.020364,172.31.36.0-255,66,225154,17,361545
14489,0.022395,172.217.194.0-255,5738,230892,17,361545
14490,0.022401,172.31.36.0-255,66,230958,17,361545
14491,0.024419,172.217.194.0-255,5738,236696,17,361545
14492,0.024427,172.31.36.0-255,66,236762,17,361545
14493,0.026439,172.217.194.0-255,5738,242500,17,361545
14494,0.026446,172.31.36.0-255,66,242566,17,361545
14495,0.028464,172.217.194.0-255,5738,248304,17,361545
14496,0.028471,172.31.36.0-255,66,248370,17,361545
14497,0.030478,172.217.194.0-255,5738,254108,17,361545
14498,0.030485,172.31.36.0-255,66,254174,17,361545
14499,0.032016,172.31.36.0-255,172,254346,17,361545
14500,0.032061,172.31.36.0-255,1117,255463,17,361545
14501,0.032134,172.31.36.0-255,1514,256977,17,361545
14502,0.032136,172.31.36.0-255,1271,258248,17,361545
14503,0.032523,172.217.194.0-255,5738,263986,17,361545
14504,0.032529,172.31.36.0-255,66,264052,17,361545
14505,0.033565,104.244.42.0-255,66,264118,17,361545
14506,0.0336,104.244.42.0-255,66,264184,17,361545
14507,0.033708,104.244.42.0-255,66,264250,17,361545
14508,0.034535,172.217.194.0-255,5738,269988,17,361545
14509,0.034542,172.31.36.0-255,66,270054,17,361545
14510,0.036575,172.217.194.0-255,5738,275792,17,361545
14511,0.036582,172.31.36.0-255,66,275858,17,361545
14512,0.03861,172.217.194.0-255,5738,281596,17,361545
14513,0.038616,172.31.36.0-255,66,281662,17,361545
14514,0.04066,172.217.194.0-255,5738,287400,17,361545
14515,0.040666,172.31.36.0-255,66,287466,17,361545
14516,0.042672,172.217.194.0-255,5738,293204,17,361545
14517,0.042681,172.31.36.0-255,66,293270,17,361545
14518,0.044689,172.217.194.0-255,5738,299008,17,361545
14519,0.044695,172.31.36.0-255,66,299074,17,361545
14520,0.046722,172.217.194.0-255,5738,304812,17,361545
14521,0.046729,172.31.36.0-255,66,304878,17,361545
14522,0.048744,172.217.194.0-255,5738,310616,17,361545
14523,0.048751,172.31.36.0-255,66,310682,17,361545
14524,0.050789,172.217.194.0-255,5738,316420,17,361545
14525,0.050796,172.31.36.0-255,66,316486,17,361545
14526,0.052816,172.217.194.0-255,5738,322224,17,361545
14527,0.052823,172.31.36.0-255,66,322290,17,361545
14528,0.054859,172.217.194.0-255,5738,328028,17,361545
14529,0.054865,172.31.36.0-255,66,328094,17,361545
14530,0.056922,172.217.194.0-255,5738,333832,17,361545
14531,0.05693,172.31.36.0-255,66,333898,17,361545
14532,0.058965,172.217.194.0-255,5738,339636,17,361545
14533,0.058971,172.31.36.0-255,66,339702,17,361545
14534,0.06098,172.217.194.0-255,5738,345440,17,361545
14535,0.060986,172.31.36.0-255,66,345506,17,361545
14536,0.062997,172.217.194.0-255,5738,351244,17,361545
14537,0.063003,172.31.36.0-255,66,351310,17,361545
14538,0.065035,172.217.194.0-255,5738,357048,17,361545
14539,0.06504,172.31.36.0-255,66,357114,17,361545
14540,0.067055,172.217.194.0-255,4194,361308,17,361545
14541,0.067061,172.31.36.0-255,66,361374,17,361545
14542,0.067265,172.31.36.0-255,105,361479,17,361545
14543,0.069266,172.217.194.0-255,66,361545,17,361545
14544,0.0,172.217.194.0-255,143,143,17,335445
14545,1.8e-05,172.31.36.0-255,66,209,17,335445
14546,2.5e-05,172.217.194.0-255,1484,1693,17,335445
14547,3e-05,172.31.36.0-255,66,1759,17,335445
14548,4.5e-05,172.217.194.0-255,2902,4661,17,335445
14549,4.8e-05,172.31.36.0-255,66,4727,17,335445
14550,5.6e-05,172.217.194.0-255,7156,11883,17,335445
14551,5.8e-05,172.31.36.0-255,66,11949,17,335445
14552,7.6e-05,172.31.36.0-255,66,12015,17,335445
14553,8e-05,172.217.194.0-255,2543,14558,17,335445
14554,8.3e-05,172.31.36.0-255,66,14624,17,335445
14555,0.000165,172.31.36.0-255,66,14690,17,335445
14556,0.000455,172.217.194.0-255,1484,16174,17,335445
14557,0.000461,172.31.36.0-255,66,16240,17,335445
14558,0.000467,172.217.194.0-255,2902,19142,17,335445
14559,0.00047,172.31.36.0-255,66,19208,17,335445
14560,0.000473,172.217.194.0-255,1484,20692,17,335445
14561,0.000481,172.31.36.0-255,66,20758,17,335445
14562,0.000519,172.217.194.0-255,4320,25078,17,335445
14563,0.000522,172.31.36.0-255,66,25144,17,335445
14564,0.00053,172.217.194.0-255,6797,31941,17,335445
14565,0.000533,172.31.36.0-255,66,32007,17,335445
14566,0.000576,172.217.194.0-255,1484,33491,17,335445
14567,0.00058,172.31.36.0-255,66,33557,17,335445
14568,0.000585,172.217.194.0-255,2902,36459,17,335445
14569,0.000587,172.31.36.0-255,66,36525,17,335445
14570,0.000615,172.217.194.0-255,5738,42263,17,335445
14571,0.000618,172.31.36.0-255,66,42329,17,335445
14572,0.000652,172.31.36.0-255,66,42395,17,335445
14573,0.000664,172.31.36.0-255,66,42461,17,335445
14574,0.000709,172.31.36.0-255,66,42527,17,335445
14575,0.000731,172.217.194.0-255,6424,48951,17,335445
14576,0.000734,172.31.36.0-255,66,49017,17,335445
14577,0.00111,172.217.194.0-255,1484,50501,17,335445
14578,0.001117,172.217.194.0-255,2902,53403,17,335445
14579,0.001121,172.31.36.0-255,66,53469,17,335445
14580,0.001153,172.217.194.0-255,5738,59207,17,335445
14581,0.001157,172.31.36.0-255,66,59273,17,335445
14582,0.001163,172.217.194.0-255,4320,63593,17,335445
14583,0.001165,172.31.36.0-255,66,63659,17,335445
14584,0.00121,172.31.36.0-255,66,63725,17,335445
14585,0.001228,172.31.36.0-255,66,63791,17,335445
14586,0.002005,172.217.194.0-255,1484,65275,17,335445
14587,0.002013,172.217.194.0-255,2902,68177,17,335445
14588,0.002017,172.31.36.0-255,66,68243,17,335445
14589,0.002021,172.217.194.0-255,1484,69727,17,335445
14590,0.00403,172.217.194.0-255,4320,74047,17,335445
14591,0.004037,172.31.36.0-255,66,74113,17,335445
14592,0.00601,172.217.194.0-255,2902,77015,17,335445
14593,0.006013,172.31.36.0-255,66,77081,17,335445
14594,0.006032,172.217.194.0-255,2902,79983,17,335445
14595,0.006034,172.31.36.0-255,66,80049,17,335445
14596,0.008007,172.217.194.0-255,5738,85787,17,335445
14597,0.008014,172.31.36.0-255,66,85853,17,335445
14598,0.010014,172.217.194.0-255,5738,91591,17,335445
14599,0.010022,172.31.36.0-255,66,91657,17,335445
14600,0.012002,172.217.194.0-255,5738,97395,17,335445
14601,0.012009,172.31.36.0-255,66,97461,17,335445
14602,0.014008,172.217.194.0-255,5738,103199,17,335445
14603,0.014018,172.31.36.0-255,66,103265,17,335445
14604,0.015992,172.217.194.0-255,5738,109003,17,335445
14605,0.016001,172.31.36.0-255,66,109069,17,335445
14606,0.017978,172.217.194.0-255,5738,114807,17,335445
14607,0.017986,172.31.36.0-255,66,114873,17,335445
14608,0.019982,172.217.194.0-255,5738,120611,17,335445
14609,0.01999,172.31.36.0-255,66,120677,17,335445
14610,0.021967,172.217.194.0-255,5738,126415,17,335445
14611,0.021975,172.31.36.0-255,66,126481,17,335445
14612,0.024034,172.217.194.0-255,5738,132219,17,335445
14613,0.024042,172.31.36.0-255,66,132285,17,335445
14614,0.02602,172.217.194.0-255,2902,135187,17,335445
14615,0.026026,172.31.36.0-255,66,135253,17,335445
14616,0.026055,172.217.194.0-255,2902,138155,17,335445
14617,0.026059,172.31.36.0-255,66,138221,17,335445
14618,0.027801,172.31.36.0-255,172,138393,17,335445
14619,0.027831,172.31.36.0-255,1118,139511,17,335445
14620,0.027889,172.31.36.0-255,1514,141025,17,335445
14621,0.027891,172.31.36.0-255,1271,142296,17,335445
14622,0.028007,172.217.194.0-255,2902,145198,17,335445
14623,0.028013,172.31.36.0-255,66,145264,17,335445
14624,0.028044,172.217.194.0-255,2902,148166,17,335445
14625,0.028048,172.31.36.0-255,66,148232,17,335445
14626,0.029345,104.244.42.0-255,66,148298,17,335445
14627,0.029417,104.244.42.0-255,66,148364,17,335445
14628,0.029463,104.244.42.0-255,66,148430,17,335445
14629,0.030009,172.217.194.0-255,2902,151332,17,335445
14630,0.030016,172.31.36.0-255,66,151398,17,335445
14631,0.030046,172.217.194.0-255,2902,154300,17,335445
14632,0.030049,172.31.36.0-255,66,154366,17,335445
14633,0.031997,172.217.194.0-255,2902,157268,17,335445
14634,0.032004,172.31.36.0-255,66,157334,17,335445
14635,0.032032,172.217.194.0-255,2902,160236,17,335445
14636,0.032035,172.31.36.0-255,66,160302,17,335445
14637,0.03399,172.217.194.0-255,2902,163204,17,335445
14638,0.033997,172.31.36.0-255,66,163270,17,335445
14639,0.03405,172.217.194.0-255,2902,166172,17,335445
14640,0.034054,172.31.36.0-255,66,166238,17,335445
14641,0.036004,172.217.194.0-255,2902,169140,17,335445
14642,0.03601,172.31.36.0-255,66,169206,17,335445
14643,0.03604,172.217.194.0-255,2902,172108,17,335445
14644,0.036043,172.31.36.0-255,66,172174,17,335445
14645,0.038009,172.217.194.0-255,5738,177912,17,335445
14646,0.038016,172.31.36.0-255,66,177978,17,335445
14647,0.040052,172.217.194.0-255,5738,183716,17,335445
14648,0.04006,172.31.36.0-255,66,183782,17,335445
14649,0.042046,172.217.194.0-255,5738,189520,17,335445
14650,0.042053,172.31.36.0-255,66,189586,17,335445
14651,0.044029,172.217.194.0-255,5738,195324,17,335445
14652,0.044036,172.31.36.0-255,66,195390,17,335445
14653,0.04605,172.217.194.0-255,5738,201128,17,335445
14654,0.046056,172.31.36.0-255,66,201194,17,335445
14655,0.048049,172.217.194.0-255,5738,206932,17,335445
14656,0.048056,172.31.36.0-255,66,206998,17,335445
14657,0.050055,172.217.194.0-255,5738,212736,17,335445
14658,0.050062,172.31.36.0-255,66,212802,17,335445
14659,0.052062,172.217.194.0-255,5738,218540,17,335445
14660,0.052068,172.31.36.0-255,66,218606,17,335445
14661,0.054069,172.217.194.0-255,5738,224344,17,335445
14662,0.054075,172.31.36.0-255,66,224410,17,335445
14663,0.056096,172.217.194.0-255,5738,230148,17,335445
14664,0.056103,172.31.36.0-255,66,230214,17,335445
14665,0.058091,172.217.194.0-255,5738,235952,17,335445
14666,0.058097,172.31.36.0-255,66,236018,17,335445
14667,0.060112,172.217.194.0-255,5738,241756,17,335445
14668,0.060119,172.31.36.0-255,66,241822,17,335445
14669,0.062156,172.217.194.0-255,5738,247560,17,335445
14670,0.062162,172.31.36.0-255,66,247626,17,335445
14671,0.064149,172.217.194.0-255,5738,253364,17,335445
14672,0.064156,172.31.36.0-255,66,253430,17,335445
14673,0.066132,172.217.194.0-255,5738,259168,17,335445
14674,0.066138,172.31.36.0-255,66,259234,17,335445
14675,0.068141,172.217.194.0-255,5738,264972,17,335445
14676,0.068148,172.31.36.0-255,66,265038,17,335445
14677,0.070159,172.217.194.0-255,5738,270776,17,335445
14678,0.070166,172.31.36.0-255,66,270842,17,335445
14679,0.072154,172.217.194.0-255,5738,276580,17,335445
14680,0.072161,172.31.36.0-255,66,276646,17,335445
14681,0.07417,172.217.194.0-255,5738,282384,17,335445
14682,0.074176,172.31.36.0-255,66,282450,17,335445
14683,0.076161,172.217.194.0-255,5738,288188,17,335445
14684,0.076167,172.31.36.0-255,66,288254,17,335445
14685,0.078169,172.217.194.0-255,5738,293992,17,335445
14686,0.078175,172.31.36.0-255,66,294058,17,335445
14687,0.080169,172.217.194.0-255,5738,299796,17,335445
14688,0.080176,172.31.36.0-255,66,299862,17,335445
14689,0.082182,172.217.194.0-255,5738,305600,17,335445
14690,0.082188,172.31.36.0-255,66,305666,17,335445
14691,0.084232,172.217.194.0-255,5738,311404,17,335445
14692,0.084239,172.31.36.0-255,66,311470,17,335445
14693,0.08627,172.217.194.0-255,5738,317208,17,335445
14694,0.086277,172.31.36.0-255,66,317274,17,335445
14695,0.088284,172.217.194.0-255,5738,323012,17,335445
14696,0.08829,172.31.36.0-255,66,323078,17,335445
14697,0.090283,172.217.194.0-255,5738,328816,17,335445
14698,0.090289,172.31.36.0-255,66,328882,17,335445
14699,0.092275,172.217.194.0-255,5738,334620,17,335445
14700,0.092282,172.31.36.0-255,66,334686,17,335445
14701,0.094256,172.217.194.0-255,522,335208,17,335445
14702,0.094384,172.31.36.0-255,66,335274,17,335445
14703,0.09442,172.31.36.0-255,105,335379,17,335445
14704,0.096364,172.217.194.0-255,66,335445,17,335445
14705,0.0,74.125.24.0-255,142,142,17,380371
14706,3.5e-05,172.31.36.0-255,66,208,17,380371
14707,4.3e-05,74.125.24.0-255,1484,1692,17,380371
14708,4.7e-05,172.31.36.0-255,66,1758,17,380371
14709,5.3e-05,74.125.24.0-255,2902,4660,17,380371
14710,5.6e-05,172.31.36.0-255,66,4726,17,380371
14711,5.8e-05,74.125.24.0-255,1484,6210,17,380371
14712,6.1e-05,172.31.36.0-255,66,6276,17,380371
14713,8.5e-05,74.125.24.0-255,5738,12014,17,380371
14714,8.9e-05,172.31.36.0-255,66,12080,17,380371
14715,9.3e-05,74.125.24.0-255,1976,14056,17,380371
14716,9.9e-05,172.31.36.0-255,66,14122,17,380371
14717,0.000227,74.125.24.0-255,1484,15606,17,380371
14718,0.000233,172.31.36.0-255,66,15672,17,380371
14719,0.000247,74.125.24.0-255,2902,18574,17,380371
14720,0.00025,172.31.36.0-255,66,18640,17,380371
14721,0.000276,74.125.24.0-255,5738,24378,17,380371
14722,0.000278,172.31.36.0-255,66,24444,17,380371
14723,0.000282,74.125.24.0-255,2902,27346,17,380371
14724,0.000284,172.31.36.0-255,66,27412,17,380371
14725,0.0003,74.125.24.0-255,3961,31373,17,380371
14726,0.000302,172.31.36.0-255,66,31439,17,380371
14727,0.000339,74.125.24.0-255,7156,38595,17,380371
14728,0.000342,172.31.36.0-255,66,38661,17,380371
14729,0.000347,74.125.24.0-255,4320,42981,17,380371
14730,0.000349,172.31.36.0-255,66,43047,17,380371
14731,0.000384,74.125.24.0-255,5379,48426,17,380371
14732,0.000388,172.31.36.0-255,66,48492,17,380371
14733,0.000765,74.125.24.0-255,1484,49976,17,380371
14734,0.00077,172.31.36.0-255,66,50042,17,380371
14735,0.000779,74.125.24.0-255,2902,52944,17,380371
14736,0.000781,172.31.36.0-255,66,53010,17,380371
14737,0.000799,74.125.24.0-255,5738,58748,17,380371
14738,0.000802,172.31.36.0-255,66,58814,17,380371
14739,0.000842,74.125.24.0-255,4320,63134,17,380371
14740,0.000845,172.31.36.0-255,66,63200,17,380371
14741,0.000865,74.125.24.0-255,2543,65743,17,380371
14742,0.000867,172.31.36.0-255,66,65809,17,380371
14743,0.000872,74.125.24.0-255,2902,68711,17,380371
14744,0.000875,172.31.36.0-255,66,68777,17,380371
14745,0.000892,74.125.24.0-255,2902,71679,17,380371
14746,0.000895,172.31.36.0-255,66,71745,17,380371
14747,0.00092,74.125.24.0-255,1484,73229,17,380371
14748,0.000929,74.125.24.0-255,5738,78967,17,380371
14749,0.000932,172.31.36.0-255,66,79033,17,380371
14750,0.000935,74.125.24.0-255,1484,80517,17,380371
14751,0.000968,172.31.36.0-255,66,80583,17,380371
14752,0.000974,74.125.24.0-255,5379,85962,17,380371
14753,0.000978,172.31.36.0-255,66,86028,17,380371
14754,0.00098,74.125.24.0-255,646,86674,17,380371
14755,0.001161,74.125.24.0-255,1484,88158,17,380371
14756,0.001167,172.31.36.0-255,66,88224,17,380371
14757,0.001174,74.125.24.0-255,2902,91126,17,380371
14758,0.001176,172.31.36.0-255,66,91192,17,380371
14759,0.001194,74.125.24.0-255,1484,92676,17,380371
14760,0.001211,74.125.24.0-255,4320,96996,17,380371
14761,0.001214,172.31.36.0-255,66,97062,17,380371
14762,0.001227,172.31.36.0-255,66,97128,17,380371
14763,0.001244,74.125.24.0-255,1484,98612,17,380371
14764,0.001251,74.125.24.0-255,5738,104350,17,380371
14765,0.001253,172.31.36.0-255,66,104416,17,380371
14766,0.001278,74.125.24.0-255,5020,109436,17,380371
14767,0.001281,172.31.36.0-255,66,109502,17,380371
14768,0.001519,74.125.24.0-255,1484,110986,17,380371
14769,0.001526,74.125.24.0-255,2902,113888,17,380371
14770,0.001529,172.31.36.0-255,66,113954,17,380371
14771,0.001536,74.125.24.0-255,4320,118274,17,380371
14772,0.001539,172.31.36.0-255,66,118340,17,380371
14773,0.00155,74.125.24.0-255,1484,119824,17,380371
14774,0.001557,74.125.24.0-255,5738,125562,17,380371
14775,0.00156,172.31.36.0-255,66,125628,17,380371
14776,0.001588,74.125.24.0-255,7156,132784,17,380371
14777,0.001591,172.31.36.0-255,66,132850,17,380371
14778,0.001601,172.31.36.0-255,66,132916,17,380371
14779,0.001603,74.125.24.0-255,766,133682,17,380371
14780,0.001651,74.125.24.0-255,1484,135166,17,380371
14781,0.001654,172.31.36.0-255,66,135232,17,380371
14782,0.001671,74.125.24.0-255,1484,136716,17,380371
14783,0.001676,74.125.24.0-255,2902,139618,17,380371
14784,0.001678,172.31.36.0-255,66,139684,17,380371
14785,0.001694,74.125.24.0-255,1484,141168,17,380371
14786,0.001715,74.125.24.0-255,4320,145488,17,380371
14787,0.001717,172.31.36.0-255,66,145554,17,380371
14788,0.001723,74.125.24.0-255,5738,151292,17,380371
14789,0.001725,172.31.36.0-255,66,151358,17,380371
14790,0.001736,74.125.24.0-255,1484,152842,17,380371
14791,0.00176,74.125.24.0-255,5738,158580,17,380371
14792,0.001763,172.31.36.0-255,66,158646,17,380371
14793,0.001782,172.31.36.0-255,66,158712,17,380371
14794,0.001784,74.125.24.0-255,766,159478,17,380371
14795,0.002094,74.125.24.0-255,1484,160962,17,380371
14796,0.002096,172.31.36.0-255,66,161028,17,380371
14797,0.002114,74.125.24.0-255,2902,163930,17,380371
14798,0.002117,172.31.36.0-255,66,163996,17,380371
14799,0.00212,74.125.24.0-255,2902,166898,17,380371
14800,0.002123,172.31.36.0-255,66,166964,17,380371
14801,0.00216,74.125.24.0-255,2902,169866,17,380371
14802,0.002162,172.31.36.0-255,66,169932,17,380371
14803,0.002184,74.125.24.0-255,4320,174252,17,380371
14804,0.002186,172.31.36.0-255,66,174318,17,380371
14805,0.002192,74.125.24.0-255,5738,180056,17,380371
14806,0.002194,172.31.36.0-255,66,180122,17,380371
14807,0.002233,74.125.24.0-255,2902,183024,17,380371
14808,0.002235,172.31.36.0-255,66,183090,17,380371
14809,0.002254,74.125.24.0-255,5738,188828,17,380371
14810,0.002256,172.31.36.0-255,66,188894,17,380371
14811,0.002268,74.125.24.0-255,5020,193914,17,380371
14812,0.00227,172.31.36.0-255,66,193980,17,380371
14813,0.004677,74.125.24.0-255,5738,199718,17,380371
14814,0.004685,172.31.36.0-255,66,199784,17,380371
14815,0.007086,74.125.24.0-255,5738,205522,17,380371
14816,0.007091,172.31.36.0-255,66,205588,17,380371
14817,0.00948,74.125.24.0-255,4320,209908,17,380371
14818,0.009486,172.31.36.0-255,66,209974,17,380371
14819,0.009511,74.125.24.0-255,1484,211458,17,380371
14820,0.011898,74.125.24.0-255,4320,215778,17,380371
14821,0.011906,172.31.36.0-255,66,215844,17,380371
14822,0.014313,74.125.24.0-255,5738,221582,17,380371
14823,0.014331,172.31.36.0-255,66,221648,17,380371
14824,0.016754,74.125.24.0-255,5738,227386,17,380371
14825,0.016773,172.31.36.0-255,66,227452,17,380371
14826,0.019201,74.125.24.0-255,5738,233190,17,380371
14827,0.019223,172.31.36.0-255,66,233256,17,380371
14828,0.021627,74.125.24.0-255,5738,238994,17,380371
14829,0.021643,172.31.36.0-255,66,239060,17,380371
14830,0.024065,74.125.24.0-255,5738,244798,17,380371
14831,0.024082,172.31.36.0-255,66,244864,17,380371
14832,0.026486,74.125.24.0-255,5738,250602,17,380371
14833,0.026496,172.31.36.0-255,66,250668,17,380371
14834,0.02888,74.125.24.0-255,5738,256406,17,380371
14835,0.02889,172.31.36.0-255,66,256472,17,380371
14836,0.031298,74.125.24.0-255,5738,262210,17,380371
14837,0.031305,172.31.36.0-255,66,262276,17,380371
14838,0.033712,74.125.24.0-255,5738,268014,17,380371
14839,0.033721,172.31.36.0-255,66,268080,17,380371
14840,0.036035,172.31.36.0-255,172,268252,17,380371
14841,0.036069,172.31.36.0-255,1117,269369,17,380371
14842,0.036105,74.125.24.0-255,5738,275107,17,380371
14843,0.036107,172.31.36.0-255,1514,276621,17,380371
14844,0.036109,172.31.36.0-255,1271,277892,17,380371
14845,0.03611,172.31.36.0-255,66,277958,17,380371
14846,0.037587,104.244.42.0-255,66,278024,17,380371
14847,0.037593,104.244.42.0-255,66,278090,17,380371
14848,0.037688,104.244.42.0-255,66,278156,17,380371
14849,0.038503,74.125.24.0-255,1484,279640,17,380371
14850,0.03853,74.125.24.0-255,4320,283960,17,380371
14851,0.038534,172.31.36.0-255,66,284026,17,380371
14852,0.040911,74.125.24.0-255,4320,288346,17,380371
14853,0.040917,172.31.36.0-255,66,288412,17,380371
14854,0.040945,74.125.24.0-255,1484,289896,17,380371
14855,0.043281,74.125.24.0-255,4320,294216,17,380371
14856,0.043287,172.31.36.0-255,66,294282,17,380371
14857,0.045692,74.125.24.0-255,5738,300020,17,380371
14858,0.045701,172.31.36.0-255,66,300086,17,380371
14859,0.048098,74.125.24.0-255,4320,304406,17,380371
14860,0.048104,172.31.36.0-255,66,304472,17,380371
14861,0.048135,74.125.24.0-255,1484,305956,17,380371
14862,0.050501,74.125.24.0-255,4320,310276,17,380371
14863,0.050508,172.31.36.0-255,66,310342,17,380371
14864,0.052917,74.125.24.0-255,5738,316080,17,380371
14865,0.052927,172.31.36.0-255,66,316146,17,380371
14866,0.055301,74.125.24.0-255,5738,321884,17,380371
14867,0.055307,172.31.36.0-255,66,321950,17,380371
14868,0.057692,74.125.24.0-255,4320,326270,17,380371
14869,0.057698,172.31.36.0-255,66,326336,17,380371
14870,0.057726,74.125.24.0-255,1484,327820,17,380371
14871,0.060073,74.125.24.0-255,4320,332140,17,380371
14872,0.06008,172.31.36.0-255,66,332206,17,380371
14873,0.06249,74.125.24.0-255,5738,337944,17,380371
14874,0.062497,172.31.36.0-255,66,338010,17,380371
14875,0.064879,74.125.24.0-255,5738,343748,17,380371
14876,0.064892,172.31.36.0-255,66,343814,17,380371
14877,0.067282,74.125.24.0-255,5738,349552,17,380371
14878,0.067289,172.31.36.0-255,66,349618,17,380371
14879,0.06967,74.125.24.0-255,5738,355356,17,380371
14880,0.069676,172.31.36.0-255,66,355422,17,380371
14881,0.072051,74.125.24.0-255,5738,361160,17,380371
14882,0.072058,172.31.36.0-255,66,361226,17,380371
14883,0.074431,74.125.24.0-255,5738,366964,17,380371
14884,0.074437,172.31.36.0-255,66,367030,17,380371
14885,0.076802,74.125.24.0-255,5738,372768,17,380371
14886,0.076808,172.31.36.0-255,66,372834,17,380371
14887,0.079196,74.125.24.0-255,2902,375736,17,380371
14888,0.079201,172.31.36.0-255,66,375802,17,380371
14889,0.079233,74.125.24.0-255,2902,378704,17,380371
14890,0.079237,172.31.36.0-255,66,378770,17,380371
14891,0.081591,74.125.24.0-255,1364,380134,17,380371
14892,0.081749,172.31.36.0-255,66,380200,17,380371
14893,0.08178,172.31.36.0-255,105,380305,17,380371
14894,0.084155,74.125.24.0-255,66,380371,17,380371
14895,0.0,172.217.194.0-255,153,153,17,276578
14896,3.3e-05,172.31.36.0-255,66,219,17,276578
14897,4.1e-05,172.217.194.0-255,1484,1703,17,276578
14898,4.5e-05,172.31.36.0-255,66,1769,17,276578
14899,5e-05,172.217.194.0-255,2902,4671,17,276578
14900,5.3e-05,172.31.36.0-255,66,4737,17,276578
14901,8.3e-05,172.217.194.0-255,4320,9057,17,276578
14902,8.5e-05,172.31.36.0-255,66,9123,17,276578
14903,9e-05,172.217.194.0-255,4320,13443,17,276578
14904,9.2e-05,172.31.36.0-255,66,13509,17,276578
14905,0.000106,172.217.194.0-255,618,14127,17,276578
14906,0.000108,172.31.36.0-255,66,14193,17,276578
14907,0.000113,172.217.194.0-255,4320,18513,17,276578
14908,0.000115,172.31.36.0-255,66,18579,17,276578
14909,0.00015,172.31.36.0-255,66,18645,17,276578
14910,0.000203,172.31.36.0-255,66,18711,17,276578
14911,0.00197,172.217.194.0-255,1484,20195,17,276578
14912,0.001978,172.31.36.0-255,66,20261,17,276578
14913,0.001988,172.217.194.0-255,2902,23163,17,276578
14914,0.00199,172.31.36.0-255,66,23229,17,276578
14915,0.002023,172.217.194.0-255,5738,28967,17,276578
14916,0.002025,172.31.36.0-255,66,29033,17,276578
14917,0.002058,172.217.194.0-255,1484,30517,17,276578
14918,0.00206,172.31.36.0-255,66,30583,17,276578
14919,0.002077,172.217.194.0-255,5967,36550,17,276578
14920,0.002079,172.31.36.0-255,66,36616,17,276578
14921,0.005657,172.217.194.0-255,1484,38100,17,276578
14922,0.005661,172.31.36.0-255,66,38166,17,276578
14923,0.005666,172.217.194.0-255,1484,39650,17,276578
14924,0.005667,172.31.36.0-255,66,39716,17,276578
14925,0.00568,172.217.194.0-255,1484,41200,17,276578
14926,0.005684,172.217.194.0-255,1484,42684,17,276578
14927,0.005686,172.31.36.0-255,66,42750,17,276578
14928,0.007937,172.217.194.0-255,1484,44234,17,276578
14929,0.007974,172.217.194.0-255,4320,48554,17,276578
14930,0.00798,172.31.36.0-255,66,48620,17,276578
14931,0.010288,172.217.194.0-255,5738,54358,17,276578
14932,0.010296,172.31.36.0-255,66,54424,17,276578
14933,0.0126,172.217.194.0-255,5738,60162,17,276578
14934,0.012616,172.31.36.0-255,66,60228,17,276578
14935,0.014915,172.217.194.0-255,5738,65966,17,276578
14936,0.014924,172.31.36.0-255,66,66032,17,276578
14937,0.017215,172.217.194.0-255,5738,71770,17,276578
14938,0.017222,172.31.36.0-255,66,71836,17,276578
14939,0.019566,172.217.194.0-255,5738,77574,17,276578
14940,0.019573,172.31.36.0-255,66,77640,17,276578
14941,0.021893,172.217.194.0-255,5738,83378,17,276578
14942,0.021907,172.31.36.0-255,66,83444,17,276578
14943,0.02421,172.217.194.0-255,5738,89182,17,276578
14944,0.024217,172.31.36.0-255,66,89248,17,276578
14945,0.026518,172.217.194.0-255,5738,94986,17,276578
14946,0.026527,172.31.36.0-255,66,95052,17,276578
14947,0.026721,172.31.36.0-255,172,95224,17,276578
14948,0.026751,172.31.36.0-255,1118,96342,17,276578
14949,0.026786,172.31.36.0-255,1514,97856,17,276578
14950,0.026787,172.31.36.0-255,1270,99126,17,276578
14951,0.028279,104.244.42.0-255,66,99192,17,276578
14952,0.02832,104.244.42.0-255,66,99258,17,276578
14953,0.028371,104.244.42.0-255,66,99324,17,276578
14954,0.028829,172.217.194.0-255,5738,105062,17,276578
14955,0.028836,172.31.36.0-255,66,105128,17,276578
14956,0.031143,172.217.194.0-255,2902,108030,17,276578
14957,0.031149,172.31.36.0-255,66,108096,17,276578
14958,0.031184,172.217.194.0-255,2902,110998,17,276578
14959,0.031187,172.31.36.0-255,66,111064,17,276578
14960,0.033439,172.217.194.0-255,2902,113966,17,276578
14961,0.033445,172.31.36.0-255,66,114032,17,276578
14962,0.033484,172.217.194.0-255,2902,116934,17,276578
14963,0.033487,172.31.36.0-255,66,117000,17,276578
14964,0.03574,172.217.194.0-255,2902,119902,17,276578
14965,0.035745,172.31.36.0-255,66,119968,17,276578
14966,0.035777,172.217.194.0-255,2902,122870,17,276578
14967,0.03578,172.31.36.0-255,66,122936,17,276578
14968,0.038016,172.217.194.0-255,2902,125838,17,276578
14969,0.038021,172.31.36.0-255,66,125904,17,276578
14970,0.038075,172.217.194.0-255,2902,128806,17,276578
14971,0.038079,172.31.36.0-255,66,128872,17,276578
14972,0.040327,172.217.194.0-255,2902,131774,17,276578
14973,0.040332,172.31.36.0-255,66,131840,17,276578
14974,0.040371,172.217.194.0-255,2902,134742,17,276578
14975,0.040374,172.31.36.0-255,66,134808,17,276578
14976,0.042627,172.217.194.0-255,2902,137710,17,276578
14977,0.042632,172.31.36.0-255,66,137776,17,276578
14978,0.042669,172.217.194.0-255,2902,140678,17,276578
14979,0.042672,172.31.36.0-255,66,140744,17,276578
14980,0.044917,172.217.194.0-255,2902,143646,17,276578
14981,0.044923,172.31.36.0-255,66,143712,17,276578
14982,0.044952,172.217.194.0-255,2902,146614,17,276578
14983,0.044955,172.31.36.0-255,66,146680,17,276578
14984,0.047197,172.217.194.0-255,2902,149582,17,276578
14985,0.047219,172.31.36.0-255,66,149648,17,276578
14986,0.047237,172.217.194.0-255,2902,152550,17,276578
14987,0.047241,172.31.36.0-255,66,152616,17,276578
14988,0.04952,172.217.194.0-255,4320,156936,17,276578
14989,0.049525,172.31.36.0-255,66,157002,17,276578
14990,0.049555,172.217.194.0-255,1484,158486,17,276578
14991,0.05182,172.217.194.0-255,4320,162806,17,276578
14992,0.051825,172.31.36.0-255,66,162872,17,276578
14993,0.05413,172.217.194.0-255,5738,168610,17,276578
14994,0.054136,172.31.36.0-255,66,168676,17,276578
14995,0.056441,172.217.194.0-255,5738,174414,17,276578
14996,0.056447,172.31.36.0-255,66,174480,17,276578
14997,0.058839,172.217.194.0-255,5738,180218,17,276578
14998,0.058846,172.31.36.0-255,66,180284,17,276578
14999,0.061138,172.217.194.0-255,5738,186022,17,276578
15000,0.061159,172.31.36.0-255,66,186088,17,276578
15001,0.063447,172.217.194.0-255,5738,191826,17,276578
15002,0.063453,172.31.36.0-255,66,191892,17,276578
15003,0.065747,172.217.194.0-255,4320,196212,17,276578
15004,0.065754,172.31.36.0-255,66,196278,17,276578
15005,0.065782,172.217.194.0-255,1484,197762,17,276578
15006,0.068057,172.217.194.0-255,4320,202082,17,276578
15007,0.068062,172.31.36.0-255,66,202148,17,276578
15008,0.070358,172.217.194.0-255,5738,207886,17,276578
15009,0.070364,172.31.36.0-255,66,207952,17,276578
15010,0.072671,172.217.194.0-255,5738,213690,17,276578
15011,0.072676,172.31.36.0-255,66,213756,17,276578
15012,0.074993,172.217.194.0-255,5738,219494,17,276578
15013,0.074999,172.31.36.0-255,66,219560,17,276578
15014,0.077311,172.217.194.0-255,5738,225298,17,276578
15015,0.077318,172.31.36.0-255,66,225364,17,276578
15016,0.079601,172.217.194.0-255,5738,231102,17,276578
15017,0.079608,172.31.36.0-255,66,231168,17,276578
15018,0.081898,172.217.194.0-255,4320,235488,17,276578
15019,0.081904,172.31.36.0-255,66,235554,17,276578
15020,0.081932,172.217.194.0-255,1484,237038,17,276578
15021,0.084178,172.217.194.0-255,4320,241358,17,276578
15022,0.084184,172.31.36.0-255,66,241424,17,276578
15023,0.086501,172.217.194.0-255,2902,244326,17,276578
15024,0.086507,172.31.36.0-255,66,244392,17,276578
15025,0.086541,172.217.194.0-255,2902,247294,17,276578
15026,0.086544,172.31.36.0-255,66,247360,17,276578
15027,0.088789,172.217.194.0-255,2902,250262,17,276578
15028,0.088794,172.31.36.0-255,66,250328,17,276578
15029,0.088826,172.217.194.0-255,2902,253230,17,276578
15030,0.088829,172.31.36.0-255,66,253296,17,276578
15031,0.091073,172.217.194.0-255,1484,254780,17,276578
15032,0.091149,172.217.194.0-255,4320,259100,17,276578
15033,0.091154,172.31.36.0-255,66,259166,17,276578
15034,0.093467,172.217.194.0-255,5738,264904,17,276578
15035,0.093474,172.31.36.0-255,66,264970,17,276578
15036,0.095808,172.217.194.0-255,5738,270708,17,276578
15037,0.095814,172.31.36.0-255,66,270774,17,276578
15038,0.098134,172.217.194.0-255,5738,276512,17,276578
15039,0.098139,172.31.36.0-255,66,276578,17,276578
15040,0.0,172.217.194.0-255,145,145,17,185212
15041,4.3e-05,172.31.36.0-255,66,211,17,185212
15042,5e-05,172.217.194.0-255,1484,1695,17,185212
15043,5.4e-05,172.31.36.0-255,66,1761,17,185212
15044,5.9e-05,172.217.194.0-255,2902,4663,17,185212
15045,7e-05,172.31.36.0-255,66,4729,17,185212
15046,7.6e-05,172.217.194.0-255,7156,11885,17,185212
15047,7.9e-05,172.31.36.0-255,66,11951,17,185212
15048,0.00011,172.217.194.0-255,4320,16271,17,185212
15049,0.000114,172.31.36.0-255,66,16337,17,185212
15050,0.000154,172.31.36.0-255,66,16403,17,185212
15051,0.000161,172.217.194.0-255,6797,23200,17,185212
15052,0.000163,172.31.36.0-255,66,23266,17,185212
15053,0.000221,172.217.194.0-255,1484,24750,17,185212
15054,0.000224,172.31.36.0-255,66,24816,17,185212
15055,0.000229,172.217.194.0-255,1484,26300,17,185212
15056,0.000231,172.31.36.0-255,66,26366,17,185212
15057,0.000255,172.217.194.0-255,1484,27850,17,185212
15058,0.000259,172.31.36.0-255,66,27916,17,185212
15059,0.000266,172.217.194.0-255,5738,33654,17,185212
15060,0.000269,172.31.36.0-255,66,33720,17,185212
15061,0.000307,172.217.194.0-255,6797,40517,17,185212
15062,0.000309,172.31.36.0-255,66,40583,17,185212
15063,0.000313,172.217.194.0-255,1484,42067,17,185212
15064,0.000315,172.31.36.0-255,66,42133,17,185212
15065,0.000356,172.217.194.0-255,5738,47871,17,185212
15066,0.000359,172.31.36.0-255,66,47937,17,185212
15067,0.000367,172.217.194.0-255,7156,55093,17,185212
15068,0.00037,172.31.36.0-255,66,55159,17,185212
15069,0.000398,172.217.194.0-255,2820,57979,17,185212
15070,0.000403,172.31.36.0-255,66,58045,17,185212
15071,0.000783,172.217.194.0-255,116,58161,17,185212
15072,0.000839,172.31.36.0-255,66,58227,17,185212
15073,0.000849,172.217.194.0-255,1484,59711,17,185212
15074,0.000869,172.217.194.0-255,2902,62613,17,185212
15075,0.000872,172.31.36.0-255,66,62679,17,185212
15076,0.000879,172.217.194.0-255,5738,68417,17,185212
15077,0.000882,172.31.36.0-255,66,68483,17,185212
15078,0.000903,172.31.36.0-255,66,68549,17,185212
15079,0.000909,172.217.194.0-255,7156,75705,17,185212
15080,0.000911,172.31.36.0-255,66,75771,17,185212
15081,0.000945,172.217.194.0-255,3602,79373,17,185212
15082,0.000949,172.31.36.0-255,66,79439,17,185212
15083,0.001019,172.217.194.0-255,1484,80923,17,185212
15084,0.001024,172.217.194.0-255,2902,83825,17,185212
15085,0.001027,172.31.36.0-255,66,83891,17,185212
15086,0.001056,172.217.194.0-255,5738,89629,17,185212
15087,0.001058,172.217.194.0-255,1484,91113,17,185212
15088,0.00106,172.31.36.0-255,66,91179,17,185212
15089,0.00109,172.217.194.0-255,5738,96917,17,185212
15090,0.001093,172.31.36.0-255,66,96983,17,185212
15091,0.001113,172.31.36.0-255,66,97049,17,185212
15092,0.001119,172.217.194.0-255,4320,101369,17,185212
15093,0.001124,172.31.36.0-255,66,101435,17,185212
15094,0.001149,172.31.36.0-255,66,101501,17,185212
15095,0.001181,172.31.36.0-255,66,101567,17,185212
15096,0.001223,172.31.36.0-255,66,101633,17,185212
15097,0.001247,172.31.36.0-255,66,101699,17,185212
15098,0.001276,172.217.194.0-255,5738,107437,17,185212
15099,0.00128,172.31.36.0-255,66,107503,17,185212
15100,0.00129,172.31.36.0-255,66,107569,17,185212
15101,0.001359,172.217.194.0-255,1484,109053,17,185212
15102,0.001365,172.217.194.0-255,2902,111955,17,185212
15103,0.001367,172.31.36.0-255,66,112021,17,185212
15104,0.001373,172.217.194.0-255,5738,117759,17,185212
15105,0.001375,172.31.36.0-255,66,117825,17,185212
15106,0.001388,172.31.36.0-255,66,117891,17,185212
15107,0.001391,172.217.194.0-255,1484,119375,17,185212
15108,0.00143,172.31.36.0-255,66,119441,17,185212
15109,0.001494,172.31.36.0-255,66,119507,17,185212
15110,0.001516,172.31.36.0-255,66,119573,17,185212
15111,0.001541,172.31.36.0-255,66,119639,17,185212
15112,0.001551,172.31.36.0-255,66,119705,17,185212
15113,0.001561,172.31.36.0-255,66,119771,17,185212
15114,0.0016,172.31.36.0-255,66,119837,17,185212
15115,0.001644,172.31.36.0-255,66,119903,17,185212
15116,0.001663,172.217.194.0-255,2184,122087,17,185212
15117,0.001666,172.31.36.0-255,66,122153,17,185212
15118,0.001687,172.217.194.0-255,1484,123637,17,185212
15119,0.001692,172.217.194.0-255,2902,126539,17,185212
15120,0.001695,172.31.36.0-255,66,126605,17,185212
15121,0.001721,172.217.194.0-255,5738,132343,17,185212
15122,0.001724,172.31.36.0-255,66,132409,17,185212
15123,0.001727,172.217.194.0-255,1484,133893,17,185212
15124,0.001746,172.217.194.0-255,5738,139631,17,185212
15125,0.001749,172.31.36.0-255,66,139697,17,185212
15126,0.001778,172.217.194.0-255,5738,145435,17,185212
15127,0.001782,172.31.36.0-255,66,145501,17,185212
15128,0.001788,172.217.194.0-255,5738,151239,17,185212
15129,0.001791,172.31.36.0-255,66,151305,17,185212
15130,0.001824,172.217.194.0-255,5020,156325,17,185212
15131,0.001827,172.31.36.0-255,66,156391,17,185212
15132,0.001834,172.217.194.0-255,5738,162129,17,185212
15133,0.001837,172.31.36.0-255,66,162195,17,185212
15134,0.001867,172.217.194.0-255,5738,167933,17,185212
15135,0.00187,172.31.36.0-255,66,167999,17,185212
15136,0.001877,172.217.194.0-255,7156,175155,17,185212
15137,0.00188,172.31.36.0-255,66,175221,17,185212
15138,0.001964,172.31.36.0-255,66,175287,17,185212
15139,0.001969,172.217.194.0-255,5245,180532,17,185212
15140,0.001971,172.31.36.0-255,66,180598,17,185212
15141,0.002012,172.217.194.0-255,105,180703,17,185212
15142,0.007909,172.31.36.0-255,66,180769,17,185212
15143,0.007945,172.31.36.0-255,105,180874,17,185212
15144,0.010579,172.217.194.0-255,66,180940,17,185212
15145,0.031194,172.31.36.0-255,172,181112,17,185212
15146,0.031227,172.31.36.0-255,1116,182228,17,185212
15147,0.031268,172.31.36.0-255,1514,183742,17,185212
15148,0.03127,172.31.36.0-255,1272,185014,17,185212
15149,0.032744,104.244.42.0-255,66,185080,17,185212
15150,0.032764,104.244.42.0-255,66,185146,17,185212
15151,0.032813,104.244.42.0-255,66,185212,17,185212
15152,0.0,172.31.36.0-255,105,105,17,459
15153,0.000169,172.31.36.0-255,90,195,17,459
15154,0.00018,172.31.36.0-255,66,261,17,459
15155,0.002467,74.125.130.0-255,66,327,17,459
15156,0.002491,74.125.130.0-255,66,393,17,459
15157,0.002506,172.31.36.0-255,66,459,17,459
15158,0.0,74.125.68.0-255,153,153,17,396088
15159,2.8e-05,172.31.36.0-255,66,219,17,396088
15160,3.5e-05,74.125.68.0-255,1484,1703,17,396088
15161,3.9e-05,172.31.36.0-255,66,1769,17,396088
15162,4.4e-05,74.125.68.0-255,2902,4671,17,396088
15163,4.6e-05,172.31.36.0-255,66,4737,17,396088
15164,4.9e-05,74.125.68.0-255,1484,6221,17,396088
15165,5e-05,172.31.36.0-255,66,6287,17,396088
15166,7.4e-05,74.125.68.0-255,2902,9189,17,396088
15167,7.7e-05,172.31.36.0-255,66,9255,17,396088
15168,9.1e-05,74.125.68.0-255,1484,10739,17,396088
15169,9.3e-05,172.31.36.0-255,66,10805,17,396088
15170,0.000116,74.125.68.0-255,3424,14229,17,396088
15171,0.000118,172.31.36.0-255,66,14295,17,396088
15172,0.000124,74.125.68.0-255,5738,20033,17,396088
15173,0.000126,172.31.36.0-255,66,20099,17,396088
15174,0.000152,74.125.68.0-255,4320,24419,17,396088
15175,0.000155,172.31.36.0-255,66,24485,17,396088
15176,0.000176,74.125.68.0-255,4320,28805,17,396088
15177,0.000181,172.31.36.0-255,66,28871,17,396088
15178,0.000196,172.31.36.0-255,66,28937,17,396088
15179,0.000204,74.125.68.0-255,7156,36093,17,396088
15180,0.000207,172.31.36.0-255,66,36159,17,396088
15181,0.000242,74.125.68.0-255,2184,38343,17,396088
15182,0.000245,172.31.36.0-255,66,38409,17,396088
15183,0.000249,74.125.68.0-255,2902,41311,17,396088
15184,0.000252,172.31.36.0-255,66,41377,17,396088
15185,0.000278,74.125.68.0-255,5738,47115,17,396088
15186,0.00028,172.31.36.0-255,66,47181,17,396088
15187,0.000299,74.125.68.0-255,1484,48665,17,396088
15188,0.000302,172.31.36.0-255,66,48731,17,396088
15189,0.000309,74.125.68.0-255,6797,55528,17,396088
15190,0.000312,172.31.36.0-255,66,55594,17,396088
15191,0.000335,74.125.68.0-255,678,56272,17,396088
15192,0.000505,74.125.68.0-255,1484,57756,17,396088
15193,0.000511,172.31.36.0-255,66,57822,17,396088
15194,0.000516,74.125.68.0-255,2902,60724,17,396088
15195,0.000518,172.31.36.0-255,66,60790,17,396088
15196,0.000552,74.125.68.0-255,5738,66528,17,396088
15197,0.000556,172.31.36.0-255,66,66594,17,396088
15198,0.000581,74.125.68.0-255,1484,68078,17,396088
15199,0.0006,74.125.68.0-255,5738,73816,17,396088
15200,0.000604,172.31.36.0-255,66,73882,17,396088
15201,0.000607,74.125.68.0-255,1484,75366,17,396088
15202,0.000637,74.125.68.0-255,4320,79686,17,396088
15203,0.000643,172.31.36.0-255,66,79752,17,396088
15204,0.000659,74.125.68.0-255,5738,85490,17,396088
15205,0.000661,172.31.36.0-255,66,85556,17,396088
15206,0.000666,74.125.68.0-255,2902,88458,17,396088
15207,0.000668,172.31.36.0-255,66,88524,17,396088
15208,0.000706,74.125.68.0-255,2184,90708,17,396088
15209,0.000709,172.31.36.0-255,66,90774,17,396088
15210,0.001623,74.125.68.0-255,1484,92258,17,396088
15211,0.001632,74.125.68.0-255,2902,95160,17,396088
15212,0.001636,172.31.36.0-255,66,95226,17,396088
15213,0.001683,74.125.68.0-255,5738,100964,17,396088
15214,0.001686,172.31.36.0-255,66,101030,17,396088
15215,0.001691,74.125.68.0-255,2902,103932,17,396088
15216,0.001693,172.31.36.0-255,66,103998,17,396088
15217,0.001698,74.125.68.0-255,4320,108318,17,396088
15218,0.0017,172.31.36.0-255,66,108384,17,396088
15219,0.001731,74.125.68.0-255,4320,112704,17,396088
15220,0.001733,172.31.36.0-255,66,112770,17,396088
15221,0.001741,74.125.68.0-255,5738,118508,17,396088
15222,0.001742,172.31.36.0-255,66,118574,17,396088
15223,0.001769,74.125.68.0-255,2902,121476,17,396088
15224,0.001771,172.31.36.0-255,66,121542,17,396088
15225,0.001789,74.125.68.0-255,2902,124444,17,396088
15226,0.001792,172.31.36.0-255,66,124510,17,396088
15227,0.001809,74.125.68.0-255,766,125276,17,396088
15228,0.003794,74.125.68.0-255,1484,126760,17,396088
15229,0.0038,172.31.36.0-255,66,126826,17,396088
15230,0.003822,74.125.68.0-255,2902,129728,17,396088
15231,0.003824,172.31.36.0-255,66,129794,17,396088
15232,0.005831,74.125.68.0-255,2902,132696,17,396088
15233,0.005837,172.31.36.0-255,66,132762,17,396088
15234,0.005867,74.125.68.0-255,2902,135664,17,396088
15235,0.00587,172.31.36.0-255,66,135730,17,396088
15236,0.007865,74.125.68.0-255,2902,138632,17,396088
15237,0.00787,172.31.36.0-255,66,138698,17,396088
15238,0.007899,74.125.68.0-255,2902,141600,17,396088
15239,0.007902,172.31.36.0-255,66,141666,17,396088
15240,0.009906,74.125.68.0-255,2902,144568,17,396088
15241,0.009913,172.31.36.0-255,66,144634,17,396088
15242,0.009936,74.125.68.0-255,2902,147536,17,396088
15243,0.009939,172.31.36.0-255,66,147602,17,396088
15244,0.011948,74.125.68.0-255,2902,150504,17,396088
15245,0.011955,172.31.36.0-255,66,150570,17,396088
15246,0.011975,74.125.68.0-255,2902,153472,17,396088
15247,0.011978,172.31.36.0-255,66,153538,17,396088
15248,0.01399,74.125.68.0-255,2902,156440,17,396088
15249,0.013998,172.31.36.0-255,66,156506,17,396088
15250,0.014017,74.125.68.0-255,2902,159408,17,396088
15251,0.014019,172.31.36.0-255,66,159474,17,396088
15252,0.016022,74.125.68.0-255,2902,162376,17,396088
15253,0.016027,172.31.36.0-255,66,162442,17,396088
15254,0.016045,74.125.68.0-255,2902,165344,17,396088
15255,0.016047,172.31.36.0-255,66,165410,17,396088
15256,0.018068,74.125.68.0-255,5738,171148,17,396088
15257,0.018074,172.31.36.0-255,66,171214,17,396088
15258,0.02014,74.125.68.0-255,5738,176952,17,396088
15259,0.020152,172.31.36.0-255,66,177018,17,396088
15260,0.022194,74.125.68.0-255,5738,182756,17,396088
15261,0.022203,172.31.36.0-255,66,182822,17,396088
15262,0.024262,74.125.68.0-255,5738,188560,17,396088
15263,0.024276,172.31.36.0-255,66,188626,17,396088
15264,0.026313,74.125.68.0-255,5738,194364,17,396088
15265,0.02632,172.31.36.0-255,66,194430,17,396088
15266,0.028362,74.125.68.0-255,5738,200168,17,396088
15267,0.028368,172.31.36.0-255,66,200234,17,396088
15268,0.030409,74.125.68.0-255,5738,205972,17,396088
15269,0.030417,172.31.36.0-255,66,206038,17,396088
15270,0.032461,74.125.68.0-255,5738,211776,17,396088
15271,0.032469,172.31.36.0-255,66,211842,17,396088
15272,0.034492,74.125.68.0-255,1484,213326,17,396088
15273,0.034517,74.125.68.0-255,4320,217646,17,396088
15274,0.034521,172.31.36.0-255,66,217712,17,396088
15275,0.035678,172.31.36.0-255,188,217900,17,396088
15276,0.035713,172.31.36.0-255,961,218861,17,396088
15277,0.035752,172.31.36.0-255,1514,220375,17,396088
15278,0.035754,172.31.36.0-255,1427,221802,17,396088
15279,0.036558,74.125.68.0-255,5738,227540,17,396088
15280,0.036564,172.31.36.0-255,66,227606,17,396088
15281,0.037218,104.244.42.0-255,66,227672,17,396088
15282,0.037356,104.244.42.0-255,66,227738,17,396088
15283,0.037361,104.244.42.0-255,66,227804,17,396088
15284,0.038609,74.125.68.0-255,5738,233542,17,396088
15285,0.038615,172.31.36.0-255,66,233608,17,396088
15286,0.040657,74.125.68.0-255,5738,239346,17,396088
15287,0.040662,172.31.36.0-255,66,239412,17,396088
15288,0.042744,74.125.68.0-255,5738,245150,17,396088
15289,0.04275,172.31.36.0-255,66,245216,17,396088
15290,0.044778,74.125.68.0-255,5738,250954,17,396088
15291,0.044783,172.31.36.0-255,66,251020,17,396088
15292,0.046823,74.125.68.0-255,5738,256758,17,396088
15293,0.046828,172.31.36.0-255,66,256824,17,396088
15294,0.048855,74.125.68.0-255,4320,261144,17,396088
15295,0.048861,172.31.36.0-255,66,261210,17,396088
15296,0.048887,74.125.68.0-255,1484,262694,17,396088
15297,0.0509,74.125.68.0-255,4320,267014,17,396088
15298,0.050905,172.31.36.0-255,66,267080,17,396088
15299,0.052937,74.125.68.0-255,5738,272818,17,396088
15300,0.052943,172.31.36.0-255,66,272884,17,396088
15301,0.054997,74.125.68.0-255,5738,278622,17,396088
15302,0.055007,172.31.36.0-255,66,278688,17,396088
15303,0.057071,74.125.68.0-255,5738,284426,17,396088
15304,0.057077,172.31.36.0-255,66,284492,17,396088
15305,0.059114,74.125.68.0-255,5738,290230,17,396088
15306,0.059119,172.31.36.0-255,66,290296,17,396088
15307,0.06115,74.125.68.0-255,4320,294616,17,396088
15308,0.061155,172.31.36.0-255,66,294682,17,396088
15309,0.061186,74.125.68.0-255,1484,296166,17,396088
15310,0.063199,74.125.68.0-255,4320,300486,17,396088
15311,0.063205,172.31.36.0-255,66,300552,17,396088
15312,0.065256,74.125.68.0-255,4320,304872,17,396088
15313,0.065262,172.31.36.0-255,66,304938,17,396088
15314,0.06529,74.125.68.0-255,1484,306422,17,396088
15315,0.067293,74.125.68.0-255,4320,310742,17,396088
15316,0.067298,172.31.36.0-255,66,310808,17,396088
15317,0.06933,74.125.68.0-255,5738,316546,17,396088
15318,0.069336,172.31.36.0-255,66,316612,17,396088
15319,0.071376,74.125.68.0-255,5738,322350,17,396088
15320,0.071382,172.31.36.0-255,66,322416,17,396088
15321,0.073438,74.125.68.0-255,5738,328154,17,396088
15322,0.073444,172.31.36.0-255,66,328220,17,396088
15323,0.075479,74.125.68.0-255,5738,333958,17,396088
15324,0.075487,172.31.36.0-255,66,334024,17,396088
15325,0.077535,74.125.68.0-255,5738,339762,17,396088
15326,0.077544,172.31.36.0-255,66,339828,17,396088
15327,0.079586,74.125.68.0-255,4320,344148,17,396088
15328,0.079597,172.31.36.0-255,66,344214,17,396088
15329,0.079629,74.125.68.0-255,1484,345698,17,396088
15330,0.081636,74.125.68.0-255,4320,350018,17,396088
15331,0.081642,172.31.36.0-255,66,350084,17,396088
15332,0.083682,74.125.68.0-255,2902,352986,17,396088
15333,0.083688,172.31.36.0-255,66,353052,17,396088
15334,0.083721,74.125.68.0-255,2902,355954,17,396088
15335,0.083724,172.31.36.0-255,66,356020,17,396088
15336,0.085735,74.125.68.0-255,2902,358922,17,396088
15337,0.085741,172.31.36.0-255,66,358988,17,396088
15338,0.085768,74.125.68.0-255,2902,361890,17,396088
15339,0.085771,172.31.36.0-255,66,361956,17,396088
15340,0.08779,74.125.68.0-255,2902,364858,17,396088
15341,0.087804,172.31.36.0-255,66,364924,17,396088
15342,0.087827,74.125.68.0-255,2902,367826,17,396088
15343,0.08783,172.31.36.0-255,66,367892,17,396088
15344,0.08984,74.125.68.0-255,2902,370794,17,396088
15345,0.089846,172.31.36.0-255,66,370860,17,396088
15346,0.089876,74.125.68.0-255,2902,373762,17,396088
15347,0.089879,172.31.36.0-255,66,373828,17,396088
15348,0.091878,74.125.68.0-255,2902,376730,17,396088
15349,0.091884,172.31.36.0-255,66,376796,17,396088
15350,0.091911,74.125.68.0-255,1484,378280,17,396088
15351,0.091928,74.125.68.0-255,1484,379764,17,396088
15352,0.091931,172.31.36.0-255,66,379830,17,396088
15353,0.09392,74.125.68.0-255,2902,382732,17,396088
15354,0.093926,172.31.36.0-255,66,382798,17,396088
15355,0.093962,74.125.68.0-255,2902,385700,17,396088
15356,0.093966,172.31.36.0-255,66,385766,17,396088
15357,0.095954,74.125.68.0-255,1484,387250,17,396088
15358,0.095987,74.125.68.0-255,2902,390152,17,396088
15359,0.095992,172.31.36.0-255,66,390218,17,396088
15360,0.096009,74.125.68.0-255,1484,391702,17,396088
15361,0.098033,74.125.68.0-255,4320,396022,17,396088
15362,0.098038,172.31.36.0-255,66,396088,17,396088
15363,0.0,74.125.24.0-255,297,297,17,345683
15364,2.1e-05,172.31.36.0-255,66,363,17,345683
15365,2.7e-05,74.125.24.0-255,1484,1847,17,345683
15366,3.1e-05,172.31.36.0-255,66,1913,17,345683
15367,3.8e-05,74.125.24.0-255,4320,6233,17,345683
15368,4.2e-05,172.31.36.0-255,66,6299,17,345683
15369,5.4e-05,172.31.36.0-255,66,6365,17,345683
15370,9.6e-05,74.125.24.0-255,1484,7849,17,345683
15371,9.9e-05,172.31.36.0-255,66,7915,17,345683
15372,0.000105,74.125.24.0-255,2902,10817,17,345683
15373,0.000106,172.31.36.0-255,66,10883,17,345683
15374,0.000112,74.125.24.0-255,4320,15203,17,345683
15375,0.000115,172.31.36.0-255,66,15269,17,345683
15376,0.000141,74.125.24.0-255,1484,16753,17,345683
15377,0.000143,172.31.36.0-255,66,16819,17,345683
15378,0.00015,74.125.24.0-255,6797,23616,17,345683
15379,0.000153,172.31.36.0-255,66,23682,17,345683
15380,0.000323,74.125.24.0-255,1484,25166,17,345683
15381,0.000328,172.31.36.0-255,66,25232,17,345683
15382,0.000334,74.125.24.0-255,2902,28134,17,345683
15383,0.000337,172.31.36.0-255,66,28200,17,345683
15384,0.000339,74.125.24.0-255,1484,29684,17,345683
15385,0.000341,172.31.36.0-255,66,29750,17,345683
15386,0.000369,74.125.24.0-255,4320,34070,17,345683
15387,0.000372,172.31.36.0-255,66,34136,17,345683
15388,0.000377,74.125.24.0-255,4320,38456,17,345683
15389,0.00038,172.31.36.0-255,66,38522,17,345683
15390,0.00042,172.31.36.0-255,66,38588,17,345683
15391,0.000428,74.125.24.0-255,7156,45744,17,345683
15392,0.00043,172.31.36.0-255,66,45810,17,345683
15393,0.000435,74.125.24.0-255,2875,48685,17,345683
15394,0.000437,172.31.36.0-255,66,48751,17,345683
15395,0.000463,74.125.24.0-255,110,48861,17,345683
15396,0.000848,74.125.24.0-255,332,49193,17,345683
15397,0.001036,172.31.36.0-255,66,49259,17,345683
15398,0.001245,74.125.24.0-255,1484,50743,17,345683
15399,0.001254,74.125.24.0-255,2902,53645,17,345683
15400,0.001259,172.31.36.0-255,66,53711,17,345683
15401,0.001284,74.125.24.0-255,5738,59449,17,345683
15402,0.001287,172.31.36.0-255,66,59515,17,345683
15403,0.001312,74.125.24.0-255,7156,66671,17,345683
15404,0.001314,172.31.36.0-255,66,66737,17,345683
15405,0.001341,74.125.24.0-255,5738,72475,17,345683
15406,0.001343,172.31.36.0-255,66,72541,17,345683
15407,0.001349,74.125.24.0-255,4320,76861,17,345683
15408,0.001351,172.31.36.0-255,66,76927,17,345683
15409,0.001359,74.125.24.0-255,6438,83365,17,345683
15410,0.001361,172.31.36.0-255,66,83431,17,345683
15411,0.002287,74.125.24.0-255,1484,84915,17,345683
15412,0.002297,74.125.24.0-255,2902,87817,17,345683
15413,0.002302,172.31.36.0-255,66,87883,17,345683
15414,0.00231,74.125.24.0-255,5738,93621,17,345683
15415,0.002312,172.31.36.0-255,66,93687,17,345683
15416,0.002316,74.125.24.0-255,1484,95171,17,345683
15417,0.002336,74.125.24.0-255,2902,98073,17,345683
15418,0.002338,172.31.36.0-255,66,98139,17,345683
15419,0.002351,172.31.36.0-255,66,98205,17,345683
15420,0.002355,74.125.24.0-255,1484,99689,17,345683
15421,0.002377,74.125.24.0-255,6438,106127,17,345683
15422,0.00238,172.31.36.0-255,66,106193,17,345683
15423,0.004699,74.125.24.0-255,5738,111931,17,345683
15424,0.004706,172.31.36.0-255,66,111997,17,345683
15425,0.007023,74.125.24.0-255,5738,117735,17,345683
15426,0.007027,172.31.36.0-255,66,117801,17,345683
15427,0.009395,74.125.24.0-255,5738,123539,17,345683
15428,0.009401,172.31.36.0-255,66,123605,17,345683
15429,0.011735,74.125.24.0-255,5738,129343,17,345683
15430,0.011744,172.31.36.0-255,66,129409,17,345683
15431,0.014088,74.125.24.0-255,5738,135147,17,345683
15432,0.014096,172.31.36.0-255,66,135213,17,345683
15433,0.016442,74.125.24.0-255,5738,140951,17,345683
15434,0.016451,172.31.36.0-255,66,141017,17,345683
15435,0.018764,74.125.24.0-255,4320,145337,17,345683
15436,0.018773,172.31.36.0-255,66,145403,17,345683
15437,0.01879,74.125.24.0-255,1484,146887,17,345683
15438,0.021095,74.125.24.0-255,4320,151207,17,345683
15439,0.021103,172.31.36.0-255,66,151273,17,345683
15440,0.023457,74.125.24.0-255,5738,157011,17,345683
15441,0.023465,172.31.36.0-255,66,157077,17,345683
15442,0.025791,74.125.24.0-255,5738,162815,17,345683
15443,0.025799,172.31.36.0-255,66,162881,17,345683
15444,0.027068,172.31.36.0-255,172,163053,17,345683
15445,0.027097,172.31.36.0-255,1117,164170,17,345683
15446,0.027143,172.31.36.0-255,1514,165684,17,345683
15447,0.027145,172.31.36.0-255,1163,166847,17,345683
15448,0.028134,74.125.24.0-255,4320,171167,17,345683
15449,0.028139,172.31.36.0-255,66,171233,17,345683
15450,0.028171,74.125.24.0-255,1484,172717,17,345683
15451,0.028609,104.244.42.0-255,66,172783,17,345683
15452,0.028628,104.244.42.0-255,66,172849,17,345683
15453,0.028748,104.244.42.0-255,66,172915,17,345683
15454,0.030447,74.125.24.0-255,4320,177235,17,345683
15455,0.030451,172.31.36.0-255,66,177301,17,345683
15456,0.032771,74.125.24.0-255,5738,183039,17,345683
15457,0.032777,172.31.36.0-255,66,183105,17,345683
15458,0.035089,74.125.24.0-255,1484,184589,17,345683
15459,0.035124,74.125.24.0-255,4320,188909,17,345683
15460,0.035129,172.31.36.0-255,66,188975,17,345683
15461,0.037445,74.125.24.0-255,5738,194713,17,345683
15462,0.037451,172.31.36.0-255,66,194779,17,345683
15463,0.039793,74.125.24.0-255,5738,200517,17,345683
15464,0.039799,172.31.36.0-255,66,200583,17,345683
15465,0.042128,74.125.24.0-255,5738,206321,17,345683
15466,0.042133,172.31.36.0-255,66,206387,17,345683
15467,0.044466,74.125.24.0-255,5738,212125,17,345683
15468,0.044471,172.31.36.0-255,66,212191,17,345683
15469,0.046784,74.125.24.0-255,5738,217929,17,345683
15470,0.04679,172.31.36.0-255,66,217995,17,345683
15471,0.049148,74.125.24.0-255,5738,223733,17,345683
15472,0.049156,172.31.36.0-255,66,223799,17,345683
15473,0.051489,74.125.24.0-255,5738,229537,17,345683
15474,0.051495,172.31.36.0-255,66,229603,17,345683
15475,0.05382,74.125.24.0-255,5738,235341,17,345683
15476,0.053826,172.31.36.0-255,66,235407,17,345683
15477,0.056214,74.125.24.0-255,5738,241145,17,345683
15478,0.056221,172.31.36.0-255,66,241211,17,345683
15479,0.05855,74.125.24.0-255,5738,246949,17,345683
15480,0.058556,172.31.36.0-255,66,247015,17,345683
15481,0.060897,74.125.24.0-255,5738,252753,17,345683
15482,0.060903,172.31.36.0-255,66,252819,17,345683
15483,0.063226,74.125.24.0-255,5738,258557,17,345683
15484,0.063231,172.31.36.0-255,66,258623,17,345683
15485,0.065564,74.125.24.0-255,5738,264361,17,345683
15486,0.06557,172.31.36.0-255,66,264427,17,345683
15487,0.067888,74.125.24.0-255,5738,270165,17,345683
15488,0.067895,172.31.36.0-255,66,270231,17,345683
15489,0.07023,74.125.24.0-255,5738,275969,17,345683
15490,0.070236,172.31.36.0-255,66,276035,17,345683
15491,0.072578,74.125.24.0-255,5738,281773,17,345683
15492,0.072583,172.31.36.0-255,66,281839,17,345683
15493,0.074917,74.125.24.0-255,5738,287577,17,345683
15494,0.074935,172.31.36.0-255,66,287643,17,345683
15495,0.077274,74.125.24.0-255,5738,293381,17,345683
15496,0.07728,172.31.36.0-255,66,293447,17,345683
15497,0.079593,74.125.24.0-255,5738,299185,17,345683
15498,0.0796,172.31.36.0-255,66,299251,17,345683
15499,0.08196,74.125.24.0-255,5738,304989,17,345683
15500,0.081967,172.31.36.0-255,66,305055,17,345683
15501,0.0843,74.125.24.0-255,5738,310793,17,345683
15502,0.084307,172.31.36.0-255,66,310859,17,345683
15503,0.086648,74.125.24.0-255,5738,316597,17,345683
15504,0.086654,172.31.36.0-255,66,316663,17,345683
15505,0.08898,74.125.24.0-255,5738,322401,17,345683
15506,0.088986,172.31.36.0-255,66,322467,17,345683
15507,0.091316,74.125.24.0-255,5738,328205,17,345683
15508,0.091322,172.31.36.0-255,66,328271,17,345683
15509,0.093679,74.125.24.0-255,5738,334009,17,345683
15510,0.093685,172.31.36.0-255,66,334075,17,345683
15511,0.096001,74.125.24.0-255,5738,339813,17,345683
15512,0.096007,172.31.36.0-255,66,339879,17,345683
15513,0.098338,74.125.24.0-255,5738,345617,17,345683
15514,0.098344,172.31.36.0-255,66,345683,17,345683
15515,0.0,74.125.68.0-255,155,155,17,407247
15516,1.7e-05,172.31.36.0-255,66,221,17,407247
15517,2.4e-05,74.125.68.0-255,1484,1705,17,407247
15518,2.8e-05,172.31.36.0-255,66,1771,17,407247
15519,3.4e-05,74.125.68.0-255,2902,4673,17,407247
15520,4.4e-05,172.31.36.0-255,66,4739,17,407247
15521,4.9e-05,74.125.68.0-255,2902,7641,17,407247
15522,5.1e-05,172.31.36.0-255,66,7707,17,407247
15523,7.1e-05,74.125.68.0-255,4320,12027,17,407247
15524,7.3e-05,172.31.36.0-255,66,12093,17,407247
15525,0.000105,74.125.68.0-255,3450,15543,17,407247
15526,0.000108,172.31.36.0-255,66,15609,17,407247
15527,0.000112,74.125.68.0-255,4320,19929,17,407247
15528,0.000115,172.31.36.0-255,66,19995,17,407247
15529,0.000174,172.31.36.0-255,66,20061,17,407247
15530,0.000177,74.125.68.0-255,1125,21186,17,407247
15531,0.000178,172.31.36.0-255,66,21252,17,407247
15532,0.00024,74.125.68.0-255,1484,22736,17,407247
15533,0.000242,172.31.36.0-255,66,22802,17,407247
15534,0.000268,74.125.68.0-255,2902,25704,17,407247
15535,0.00027,172.31.36.0-255,66,25770,17,407247
15536,0.000276,74.125.68.0-255,5738,31508,17,407247
15537,0.000278,172.31.36.0-255,66,31574,17,407247
15538,0.000283,74.125.68.0-255,4320,35894,17,407247
15539,0.000289,172.31.36.0-255,66,35960,17,407247
15540,0.000315,74.125.68.0-255,2543,38503,17,407247
15541,0.000318,172.31.36.0-255,66,38569,17,407247
15542,0.000324,74.125.68.0-255,5738,44307,17,407247
15543,0.000327,172.31.36.0-255,66,44373,17,407247
15544,0.000358,74.125.68.0-255,1484,45857,17,407247
15545,0.000361,172.31.36.0-255,66,45923,17,407247
15546,0.000369,74.125.68.0-255,7156,53079,17,407247
15547,0.00039,74.125.68.0-255,2543,55622,17,407247
15548,0.000436,74.125.68.0-255,394,56016,17,407247
15549,0.000494,74.125.68.0-255,349,56365,17,407247
15550,0.000536,172.31.36.0-255,66,56431,17,407247
15551,0.000761,74.125.68.0-255,1484,57915,17,407247
15552,0.000777,74.125.68.0-255,2902,60817,17,407247
15553,0.000786,172.31.36.0-255,66,60883,17,407247
15554,0.000797,74.125.68.0-255,5738,66621,17,407247
15555,0.000815,74.125.68.0-255,4320,70941,17,407247
15556,0.00082,74.125.68.0-255,4320,75261,17,407247
15557,0.00083,74.125.68.0-255,1484,76745,17,407247
15558,0.000842,172.31.36.0-255,66,76811,17,407247
15559,0.000852,74.125.68.0-255,2902,79713,17,407247
15560,0.000871,74.125.68.0-255,4320,84033,17,407247
15561,0.00088,172.31.36.0-255,66,84099,17,407247
15562,0.000919,74.125.68.0-255,4320,88419,17,407247
15563,0.00093,74.125.68.0-255,2184,90603,17,407247
15564,0.000933,172.31.36.0-255,66,90669,17,407247
15565,0.000937,172.31.36.0-255,66,90735,17,407247
15566,0.000983,74.125.68.0-255,1484,92219,17,407247
15567,0.000998,74.125.68.0-255,1484,93703,17,407247
15568,0.001001,172.31.36.0-255,66,93769,17,407247
15569,0.001014,74.125.68.0-255,2902,96671,17,407247
15570,0.001023,74.125.68.0-255,5738,102409,17,407247
15571,0.001037,172.31.36.0-255,66,102475,17,407247
15572,0.001045,74.125.68.0-255,1484,103959,17,407247
15573,0.001072,74.125.68.0-255,7156,111115,17,407247
15574,0.001077,74.125.68.0-255,4320,115435,17,407247
15575,0.001091,172.31.36.0-255,66,115501,17,407247
15576,0.001097,74.125.68.0-255,5738,121239,17,407247
15577,0.001101,74.125.68.0-255,3053,124292,17,407247
15578,0.001117,172.31.36.0-255,66,124358,17,407247
15579,0.001149,74.125.68.0-255,2902,127260,17,407247
15580,0.001164,74.125.68.0-255,1484,128744,17,407247
15581,0.001168,172.31.36.0-255,66,128810,17,407247
15582,0.001177,74.125.68.0-255,2902,131712,17,407247
15583,0.001198,74.125.68.0-255,5738,137450,17,407247
15584,0.001217,74.125.68.0-255,2902,140352,17,407247
15585,0.001221,74.125.68.0-255,4320,144672,17,407247
15586,0.001226,74.125.68.0-255,5738,150410,17,407247
15587,0.001233,172.31.36.0-255,66,150476,17,407247
15588,0.001239,172.31.36.0-255,66,150542,17,407247
15589,0.001284,172.31.36.0-255,66,150608,17,407247
15590,0.001494,74.125.68.0-255,1484,152092,17,407247
15591,0.001513,74.125.68.0-255,2902,154994,17,407247
15592,0.001516,74.125.68.0-255,2902,157896,17,407247
15593,0.00152,74.125.68.0-255,4320,162216,17,407247
15594,0.001537,172.31.36.0-255,66,162282,17,407247
15595,0.001543,74.125.68.0-255,7156,169438,17,407247
15596,0.001548,172.31.36.0-255,66,169504,17,407247
15597,0.001561,74.125.68.0-255,1484,170988,17,407247
15598,0.001566,74.125.68.0-255,5738,176726,17,407247
15599,0.001569,74.125.68.0-255,2902,179628,17,407247
15600,0.001591,74.125.68.0-255,4320,183948,17,407247
15601,0.001594,74.125.68.0-255,766,184714,17,407247
15602,0.00163,172.31.36.0-255,66,184780,17,407247
15603,0.001698,74.125.68.0-255,1484,186264,17,407247
15604,0.001702,74.125.68.0-255,1484,187748,17,407247
15605,0.001704,172.31.36.0-255,66,187814,17,407247
15606,0.001728,74.125.68.0-255,2902,190716,17,407247
15607,0.001732,74.125.68.0-255,2902,193618,17,407247
15608,0.001741,172.31.36.0-255,66,193684,17,407247
15609,0.00175,74.125.68.0-255,2902,196586,17,407247
15610,0.001767,74.125.68.0-255,5738,202324,17,407247
15611,0.001778,74.125.68.0-255,2902,205226,17,407247
15612,0.001789,74.125.68.0-255,4320,209546,17,407247
15613,0.001795,172.31.36.0-255,66,209612,17,407247
15614,0.001804,74.125.68.0-255,5738,215350,17,407247
15615,0.001806,74.125.68.0-255,1484,216834,17,407247
15616,0.001823,172.31.36.0-255,66,216900,17,407247
15617,0.001827,74.125.68.0-255,2184,219084,17,407247
15618,0.001846,172.31.36.0-255,66,219150,17,407247
15619,0.002011,74.125.68.0-255,1484,220634,17,407247
15620,0.00204,74.125.68.0-255,2902,223536,17,407247
15621,0.002044,172.31.36.0-255,66,223602,17,407247
15622,0.002053,74.125.68.0-255,4320,227922,17,407247
15623,0.002057,172.31.36.0-255,66,227988,17,407247
15624,0.002077,74.125.68.0-255,1484,229472,17,407247
15625,0.002081,74.125.68.0-255,2902,232374,17,407247
15626,0.002089,74.125.68.0-255,4320,236694,17,407247
15627,0.002103,74.125.68.0-255,2902,239596,17,407247
15628,0.002116,74.125.68.0-255,5738,245334,17,407247
15629,0.002121,74.125.68.0-255,4320,249654,17,407247
15630,0.002165,74.125.68.0-255,3602,253256,17,407247
15631,0.002222,74.125.68.0-255,1484,254740,17,407247
15632,0.008085,172.31.36.0-255,66,254806,17,407247
15633,0.01031,74.125.68.0-255,5738,260544,17,407247
15634,0.010318,172.31.36.0-255,66,260610,17,407247
15635,0.012529,74.125.68.0-255,5738,266348,17,407247
15636,0.012537,172.31.36.0-255,66,266414,17,407247
15637,0.014753,74.125.68.0-255,5738,272152,17,407247
15638,0.014961,172.31.36.0-255,66,272218,17,407247
15639,0.017185,74.125.68.0-255,5738,277956,17,407247
15640,0.017194,172.31.36.0-255,66,278022,17,407247
15641,0.019715,74.125.68.0-255,5738,283760,17,407247
15642,0.019723,172.31.36.0-255,66,283826,17,407247
15643,0.021934,74.125.68.0-255,5738,289564,17,407247
15644,0.021941,172.31.36.0-255,66,289630,17,407247
15645,0.024159,74.125.68.0-255,5738,295368,17,407247
15646,0.024166,172.31.36.0-255,66,295434,17,407247
15647,0.026371,74.125.68.0-255,5738,301172,17,407247
15648,0.026378,172.31.36.0-255,66,301238,17,407247
15649,0.028588,74.125.68.0-255,5738,306976,17,407247
15650,0.028596,172.31.36.0-255,66,307042,17,407247
15651,0.030836,74.125.68.0-255,5738,312780,17,407247
15652,0.030841,172.31.36.0-255,66,312846,17,407247
15653,0.032021,172.31.36.0-255,190,313036,17,407247
15654,0.032054,172.31.36.0-255,1116,314152,17,407247
15655,0.032113,172.31.36.0-255,1514,315666,17,407247
15656,0.032115,172.31.36.0-255,1272,316938,17,407247
15657,0.033059,74.125.68.0-255,5738,322676,17,407247
15658,0.033066,172.31.36.0-255,66,322742,17,407247
15659,0.033602,104.244.42.0-255,66,322808,17,407247
15660,0.033611,104.244.42.0-255,66,322874,17,407247
15661,0.03368,104.244.42.0-255,66,322940,17,407247
15662,0.035321,74.125.68.0-255,4320,327260,17,407247
15663,0.035327,172.31.36.0-255,66,327326,17,407247
15664,0.035349,74.125.68.0-255,1484,328810,17,407247
15665,0.037533,74.125.68.0-255,4320,333130,17,407247
15666,0.037538,172.31.36.0-255,66,333196,17,407247
15667,0.039749,74.125.68.0-255,5738,338934,17,407247
15668,0.039787,172.31.36.0-255,66,339000,17,407247
15669,0.042014,74.125.68.0-255,5738,344738,17,407247
15670,0.04202,172.31.36.0-255,66,344804,17,407247
15671,0.044262,74.125.68.0-255,5738,350542,17,407247
15672,0.044269,172.31.36.0-255,66,350608,17,407247
15673,0.046488,74.125.68.0-255,5738,356346,17,407247
15674,0.046495,172.31.36.0-255,66,356412,17,407247
15675,0.048712,74.125.68.0-255,5738,362150,17,407247
15676,0.048718,172.31.36.0-255,66,362216,17,407247
15677,0.050942,74.125.68.0-255,5738,367954,17,407247
15678,0.050948,172.31.36.0-255,66,368020,17,407247
15679,0.053156,74.125.68.0-255,5738,373758,17,407247
15680,0.053163,172.31.36.0-255,66,373824,17,407247
15681,0.055409,74.125.68.0-255,5738,379562,17,407247
15682,0.055416,172.31.36.0-255,66,379628,17,407247
15683,0.057634,74.125.68.0-255,5738,385366,17,407247
15684,0.05764,172.31.36.0-255,66,385432,17,407247
15685,0.05987,74.125.68.0-255,1484,386916,17,407247
15686,0.059889,74.125.68.0-255,4320,391236,17,407247
15687,0.059894,172.31.36.0-255,66,391302,17,407247
15688,0.062115,74.125.68.0-255,5738,397040,17,407247
15689,0.062121,172.31.36.0-255,66,397106,17,407247
15690,0.064348,74.125.68.0-255,5738,402844,17,407247
15691,0.064355,172.31.36.0-255,66,402910,17,407247
15692,0.066577,74.125.68.0-255,4100,407010,17,407247
15693,0.066584,172.31.36.0-255,66,407076,17,407247
15694,0.067149,172.31.36.0-255,105,407181,17,407247
15695,0.069344,74.125.68.0-255,66,407247,17,407247
15696,0.0,74.125.68.0-255,153,153,17,424395
15697,2.2e-05,172.31.36.0-255,66,219,17,424395
15698,2.9e-05,74.125.68.0-255,1484,1703,17,424395
15699,3.4e-05,172.31.36.0-255,66,1769,17,424395
15700,3.9e-05,74.125.68.0-255,2902,4671,17,424395
15701,4.3e-05,172.31.36.0-255,66,4737,17,424395
15702,5.1e-05,74.125.68.0-255,7156,11893,17,424395
15703,5.4e-05,172.31.36.0-255,66,11959,17,424395
15704,7.5e-05,74.125.68.0-255,2085,14044,17,424395
15705,7.8e-05,172.31.36.0-255,66,14110,17,424395
15706,8.3e-05,74.125.68.0-255,2902,17012,17,424395
15707,8.5e-05,172.31.36.0-255,66,17078,17,424395
15708,0.000108,74.125.68.0-255,1484,18562,17,424395
15709,0.00011,172.31.36.0-255,66,18628,17,424395
15710,0.000136,74.125.68.0-255,5738,24366,17,424395
15711,0.000138,172.31.36.0-255,66,24432,17,424395
15712,0.000179,74.125.68.0-255,6797,31229,17,424395
15713,0.000183,172.31.36.0-255,66,31295,17,424395
15714,0.000262,74.125.68.0-255,1484,32779,17,424395
15715,0.000265,172.31.36.0-255,66,32845,17,424395
15716,0.000271,74.125.68.0-255,2902,35747,17,424395
15717,0.000273,172.31.36.0-255,66,35813,17,424395
15718,0.000308,74.125.68.0-255,5738,41551,17,424395
15719,0.000311,172.31.36.0-255,66,41617,17,424395
15720,0.000329,74.125.68.0-255,1484,43101,17,424395
15721,0.000331,172.31.36.0-255,66,43167,17,424395
15722,0.000356,74.125.68.0-255,5379,48546,17,424395
15723,0.000359,172.31.36.0-255,66,48612,17,424395
15724,0.000364,74.125.68.0-255,2902,51514,17,424395
15725,0.000366,172.31.36.0-255,66,51580,17,424395
15726,0.000382,74.125.68.0-255,4320,55900,17,424395
15727,0.000385,172.31.36.0-255,66,55966,17,424395
15728,0.000398,74.125.68.0-255,1484,57450,17,424395
15729,0.000416,74.125.68.0-255,2902,60352,17,424395
15730,0.000418,172.31.36.0-255,66,60418,17,424395
15731,0.000442,74.125.68.0-255,5651,66069,17,424395
15732,0.000445,172.31.36.0-255,66,66135,17,424395
15733,0.000448,74.125.68.0-255,131,66266,17,424395
15734,0.000541,74.125.68.0-255,1484,67750,17,424395
15735,0.000545,172.31.36.0-255,66,67816,17,424395
15736,0.000552,74.125.68.0-255,2902,70718,17,424395
15737,0.000554,172.31.36.0-255,66,70784,17,424395
15738,0.000585,74.125.68.0-255,4320,75104,17,424395
15739,0.000589,172.31.36.0-255,66,75170,17,424395
15740,0.000596,74.125.68.0-255,5738,80908,17,424395
15741,0.000599,172.31.36.0-255,66,80974,17,424395
15742,0.000623,74.125.68.0-255,2902,83876,17,424395
15743,0.000626,172.31.36.0-255,66,83942,17,424395
15744,0.000642,74.125.68.0-255,6797,90739,17,424395
15745,0.000645,172.31.36.0-255,66,90805,17,424395
15746,0.00065,74.125.68.0-255,4320,95125,17,424395
15747,0.000652,172.31.36.0-255,66,95191,17,424395
15748,0.000676,74.125.68.0-255,5640,100831,17,424395
15749,0.000679,172.31.36.0-255,66,100897,17,424395
15750,0.001483,74.125.68.0-255,1484,102381,17,424395
15751,0.001525,74.125.68.0-255,2902,105283,17,424395
15752,0.001529,172.31.36.0-255,66,105349,17,424395
15753,0.001552,74.125.68.0-255,4320,109669,17,424395
15754,0.001554,172.31.36.0-255,66,109735,17,424395
15755,0.001608,74.125.68.0-255,2902,112637,17,424395
15756,0.001612,172.31.36.0-255,66,112703,17,424395
15757,0.001633,74.125.68.0-255,4320,117023,17,424395
15758,0.001635,172.31.36.0-255,66,117089,17,424395
15759,0.00164,74.125.68.0-255,2902,119991,17,424395
15760,0.001642,172.31.36.0-255,66,120057,17,424395
15761,0.001669,74.125.68.0-255,2902,122959,17,424395
15762,0.001671,172.31.36.0-255,66,123025,17,424395
15763,0.001689,74.125.68.0-255,1484,124509,17,424395
15764,0.001707,74.125.68.0-255,4320,128829,17,424395
15765,0.001709,172.31.36.0-255,66,128895,17,424395
15766,0.001728,74.125.68.0-255,1484,130379,17,424395
15767,0.001776,74.125.68.0-255,5020,135399,17,424395
15768,0.00178,172.31.36.0-255,66,135465,17,424395
15769,0.001801,74.125.68.0-255,1484,136949,17,424395
15770,0.001817,74.125.68.0-255,2902,139851,17,424395
15771,0.00182,172.31.36.0-255,66,139917,17,424395
15772,0.001824,74.125.68.0-255,2902,142819,17,424395
15773,0.001826,172.31.36.0-255,66,142885,17,424395
15774,0.001848,74.125.68.0-255,2902,145787,17,424395
15775,0.00185,172.31.36.0-255,66,145853,17,424395
15776,0.001855,74.125.68.0-255,2902,148755,17,424395
15777,0.001857,172.31.36.0-255,66,148821,17,424395
15778,0.001895,74.125.68.0-255,1484,150305,17,424395
15779,0.00191,74.125.68.0-255,2902,153207,17,424395
15780,0.001913,172.31.36.0-255,66,153273,17,424395
15781,0.001937,74.125.68.0-255,5738,159011,17,424395
15782,0.001939,172.31.36.0-255,66,159077,17,424395
15783,0.001945,74.125.68.0-255,4320,163397,17,424395
15784,0.001948,172.31.36.0-255,66,163463,17,424395
15785,0.001954,74.125.68.0-255,4320,167783,17,424395
15786,0.001956,172.31.36.0-255,66,167849,17,424395
15787,0.001981,74.125.68.0-255,1484,169333,17,424395
15788,0.001985,74.125.68.0-255,766,170099,17,424395
15789,0.001987,172.31.36.0-255,66,170165,17,424395
15790,0.00202,74.125.68.0-255,1484,171649,17,424395
15791,0.002044,74.125.68.0-255,2902,174551,17,424395
15792,0.002047,172.31.36.0-255,66,174617,17,424395
15793,0.002051,74.125.68.0-255,1484,176101,17,424395
15794,0.002068,74.125.68.0-255,2902,179003,17,424395
15795,0.002071,172.31.36.0-255,66,179069,17,424395
15796,0.002074,74.125.68.0-255,1484,180553,17,424395
15797,0.002099,74.125.68.0-255,7156,187709,17,424395
15798,0.002101,172.31.36.0-255,66,187775,17,424395
15799,0.002109,74.125.68.0-255,7156,194931,17,424395
15800,0.002112,172.31.36.0-255,66,194997,17,424395
15801,0.00212,74.125.68.0-255,7156,202153,17,424395
15802,0.002122,172.31.36.0-255,66,202219,17,424395
15803,0.002138,74.125.68.0-255,1484,203703,17,424395
15804,0.002142,74.125.68.0-255,766,204469,17,424395
15805,0.002145,172.31.36.0-255,66,204535,17,424395
15806,0.002226,74.125.68.0-255,1484,206019,17,424395
15807,0.002241,74.125.68.0-255,2902,208921,17,424395
15808,0.002245,172.31.36.0-255,66,208987,17,424395
15809,0.002264,74.125.68.0-255,5738,214725,17,424395
15810,0.002266,172.31.36.0-255,66,214791,17,424395
15811,0.0023,74.125.68.0-255,5738,220529,17,424395
15812,0.002303,172.31.36.0-255,66,220595,17,424395
15813,0.00232,74.125.68.0-255,1484,222079,17,424395
15814,0.004555,74.125.68.0-255,4320,226399,17,424395
15815,0.004563,172.31.36.0-255,66,226465,17,424395
15816,0.00681,74.125.68.0-255,4320,230785,17,424395
15817,0.006815,172.31.36.0-255,66,230851,17,424395
15818,0.006832,74.125.68.0-255,1484,232335,17,424395
15819,0.009071,74.125.68.0-255,4320,236655,17,424395
15820,0.009078,172.31.36.0-255,66,236721,17,424395
15821,0.01136,74.125.68.0-255,5738,242459,17,424395
15822,0.011368,172.31.36.0-255,66,242525,17,424395
15823,0.013628,74.125.68.0-255,5738,248263,17,424395
15824,0.013636,172.31.36.0-255,66,248329,17,424395
15825,0.015943,74.125.68.0-255,5738,254067,17,424395
15826,0.015952,172.31.36.0-255,66,254133,17,424395
15827,0.018232,74.125.68.0-255,5738,259871,17,424395
15828,0.018241,172.31.36.0-255,66,259937,17,424395
15829,0.020503,74.125.68.0-255,5738,265675,17,424395
15830,0.02051,172.31.36.0-255,66,265741,17,424395
15831,0.022773,74.125.68.0-255,5738,271479,17,424395
15832,0.022779,172.31.36.0-255,66,271545,17,424395
15833,0.025098,74.125.68.0-255,5738,277283,17,424395
15834,0.025105,172.31.36.0-255,66,277349,17,424395
15835,0.027365,74.125.68.0-255,5738,283087,17,424395
15836,0.027373,172.31.36.0-255,66,283153,17,424395
15837,0.028939,172.31.36.0-255,164,283317,17,424395
15838,0.028965,172.31.36.0-255,1124,284441,17,424395
15839,0.02901,172.31.36.0-255,1514,285955,17,424395
15840,0.029011,172.31.36.0-255,1264,287219,17,424395
15841,0.029635,74.125.68.0-255,5738,292957,17,424395
15842,0.029642,172.31.36.0-255,66,293023,17,424395
15843,0.030499,104.244.42.0-255,66,293089,17,424395
15844,0.030537,104.244.42.0-255,66,293155,17,424395
15845,0.030563,104.244.42.0-255,66,293221,17,424395
15846,0.031891,74.125.68.0-255,5738,298959,17,424395
15847,0.031896,172.31.36.0-255,66,299025,17,424395
15848,0.034153,74.125.68.0-255,5738,304763,17,424395
15849,0.034161,172.31.36.0-255,66,304829,17,424395
15850,0.036454,74.125.68.0-255,5738,310567,17,424395
15851,0.036461,172.31.36.0-255,66,310633,17,424395
15852,0.038748,74.125.68.0-255,5738,316371,17,424395
15853,0.038754,172.31.36.0-255,66,316437,17,424395
15854,0.041033,74.125.68.0-255,5738,322175,17,424395
15855,0.04104,172.31.36.0-255,66,322241,17,424395
15856,0.043314,74.125.68.0-255,5738,327979,17,424395
15857,0.04332,172.31.36.0-255,66,328045,17,424395
15858,0.045594,74.125.68.0-255,5738,333783,17,424395
15859,0.045603,172.31.36.0-255,66,333849,17,424395
15860,0.047912,74.125.68.0-255,5738,339587,17,424395
15861,0.047919,172.31.36.0-255,66,339653,17,424395
15862,0.050192,74.125.68.0-255,5738,345391,17,424395
15863,0.050199,172.31.36.0-255,66,345457,17,424395
15864,0.052474,74.125.68.0-255,5738,351195,17,424395
15865,0.05248,172.31.36.0-255,66,351261,17,424395
15866,0.054747,74.125.68.0-255,5738,356999,17,424395
15867,0.054753,172.31.36.0-255,66,357065,17,424395
15868,0.057035,74.125.68.0-255,5738,362803,17,424395
15869,0.057041,172.31.36.0-255,66,362869,17,424395
15870,0.059315,74.125.68.0-255,5738,368607,17,424395
15871,0.05932,172.31.36.0-255,66,368673,17,424395
15872,0.061584,74.125.68.0-255,5738,374411,17,424395
15873,0.06159,172.31.36.0-255,66,374477,17,424395
15874,0.063851,74.125.68.0-255,5738,380215,17,424395
15875,0.063856,172.31.36.0-255,66,380281,17,424395
15876,0.066129,74.125.68.0-255,5738,386019,17,424395
15877,0.066136,172.31.36.0-255,66,386085,17,424395
15878,0.068412,74.125.68.0-255,5738,391823,17,424395
15879,0.068419,172.31.36.0-255,66,391889,17,424395
15880,0.070682,74.125.68.0-255,5738,397627,17,424395
15881,0.07069,172.31.36.0-255,66,397693,17,424395
15882,0.072956,74.125.68.0-255,5738,403431,17,424395
15883,0.072962,172.31.36.0-255,66,403497,17,424395
15884,0.075229,74.125.68.0-255,5738,409235,17,424395
15885,0.075236,172.31.36.0-255,66,409301,17,424395
15886,0.077512,74.125.68.0-255,5738,415039,17,424395
15887,0.077519,172.31.36.0-255,66,415105,17,424395
15888,0.079805,74.125.68.0-255,5738,420843,17,424395
15889,0.079812,172.31.36.0-255,66,420909,17,424395
15890,0.082065,74.125.68.0-255,3249,424158,17,424395
15891,0.082071,172.31.36.0-255,66,424224,17,424395
15892,0.082238,172.31.36.0-255,105,424329,17,424395
15893,0.084462,74.125.68.0-255,66,424395,17,424395
15894,0.0,172.217.24.0-255,153,153,17,391117
15895,2.8e-05,172.31.36.0-255,66,219,17,391117
15896,3.5e-05,172.217.24.0-255,1484,1703,17,391117
15897,3.9e-05,172.31.36.0-255,66,1769,17,391117
15898,4.4e-05,172.217.24.0-255,2902,4671,17,391117
15899,4.7e-05,172.31.36.0-255,66,4737,17,391117
15900,5e-05,172.217.24.0-255,1484,6221,17,391117
15901,5.2e-05,172.31.36.0-255,66,6287,17,391117
15902,5.7e-05,172.217.24.0-255,2902,9189,17,391117
15903,6e-05,172.31.36.0-255,66,9255,17,391117
15904,7.9e-05,172.217.24.0-255,2902,12157,17,391117
15905,8.2e-05,172.31.36.0-255,66,12223,17,391117
15906,0.000105,172.217.24.0-255,3422,15645,17,391117
15907,0.000108,172.31.36.0-255,66,15711,17,391117
15908,0.000112,172.217.24.0-255,2902,18613,17,391117
15909,0.000114,172.31.36.0-255,66,18679,17,391117
15910,0.000125,172.217.24.0-255,1484,20163,17,391117
15911,0.000127,172.31.36.0-255,66,20229,17,391117
15912,0.000145,172.217.24.0-255,1484,21713,17,391117
15913,0.000148,172.31.36.0-255,66,21779,17,391117
15914,0.000151,172.217.24.0-255,1484,23263,17,391117
15915,0.000153,172.31.36.0-255,66,23329,17,391117
15916,0.000157,172.217.24.0-255,2902,26231,17,391117
15917,0.000159,172.31.36.0-255,66,26297,17,391117
15918,0.00018,172.217.24.0-255,4320,30617,17,391117
15919,0.000183,172.31.36.0-255,66,30683,17,391117
15920,0.000186,172.217.24.0-255,1125,31808,17,391117
15921,0.000188,172.31.36.0-255,66,31874,17,391117
15922,0.000342,172.217.24.0-255,1484,33358,17,391117
15923,0.000346,172.31.36.0-255,66,33424,17,391117
15924,0.000352,172.217.24.0-255,2902,36326,17,391117
15925,0.000355,172.31.36.0-255,66,36392,17,391117
15926,0.000384,172.217.24.0-255,5738,42130,17,391117
15927,0.000387,172.31.36.0-255,66,42196,17,391117
15928,0.000393,172.217.24.0-255,2902,45098,17,391117
15929,0.000395,172.31.36.0-255,66,45164,17,391117
15930,0.000414,172.217.24.0-255,3961,49125,17,391117
15931,0.000417,172.31.36.0-255,66,49191,17,391117
15932,0.000424,172.217.24.0-255,7156,56347,17,391117
15933,0.000427,172.31.36.0-255,66,56413,17,391117
15934,0.000442,172.217.24.0-255,1484,57897,17,391117
15935,0.000465,172.31.36.0-255,66,57963,17,391117
15936,0.001067,172.217.24.0-255,114,58077,17,391117
15937,0.001262,172.217.24.0-255,1484,59561,17,391117
15938,0.001268,172.31.36.0-255,66,59627,17,391117
15939,0.001274,172.217.24.0-255,2902,62529,17,391117
15940,0.001277,172.31.36.0-255,66,62595,17,391117
15941,0.001283,172.217.24.0-255,5738,68333,17,391117
15942,0.001285,172.31.36.0-255,66,68399,17,391117
15943,0.001315,172.217.24.0-255,1484,69883,17,391117
15944,0.001336,172.217.24.0-255,2902,72785,17,391117
15945,0.001339,172.31.36.0-255,66,72851,17,391117
15946,0.001346,172.217.24.0-255,5379,78230,17,391117
15947,0.001348,172.31.36.0-255,66,78296,17,391117
15948,0.001361,172.31.36.0-255,66,78362,17,391117
15949,0.001365,172.217.24.0-255,2543,80905,17,391117
15950,0.001368,172.31.36.0-255,66,80971,17,391117
15951,0.00189,172.217.24.0-255,1484,82455,17,391117
15952,0.001896,172.217.24.0-255,2902,85357,17,391117
15953,0.001898,172.31.36.0-255,66,85423,17,391117
15954,0.001915,172.217.24.0-255,1484,86907,17,391117
15955,0.001931,172.217.24.0-255,4320,91227,17,391117
15956,0.001933,172.31.36.0-255,66,91293,17,391117
15957,0.00194,172.217.24.0-255,7156,98449,17,391117
15958,0.001942,172.31.36.0-255,66,98515,17,391117
15959,0.001945,172.217.24.0-255,1484,99999,17,391117
15960,0.001974,172.31.36.0-255,66,100065,17,391117
15961,0.001978,172.217.24.0-255,2184,102249,17,391117
15962,0.00198,172.31.36.0-255,66,102315,17,391117
15963,0.003903,172.217.24.0-255,2902,105217,17,391117
15964,0.003906,172.31.36.0-255,66,105283,17,391117
15965,0.003922,172.217.24.0-255,2902,108185,17,391117
15966,0.003925,172.31.36.0-255,66,108251,17,391117
15967,0.005839,172.217.24.0-255,5738,113989,17,391117
15968,0.005845,172.31.36.0-255,66,114055,17,391117
15969,0.007788,172.217.24.0-255,5738,119793,17,391117
15970,0.007796,172.31.36.0-255,66,119859,17,391117
15971,0.009733,172.217.24.0-255,5738,125597,17,391117
15972,0.009741,172.31.36.0-255,66,125663,17,391117
15973,0.011681,172.217.24.0-255,5738,131401,17,391117
15974,0.011687,172.31.36.0-255,66,131467,17,391117
15975,0.013624,172.217.24.0-255,5738,137205,17,391117
15976,0.013632,172.31.36.0-255,66,137271,17,391117
15977,0.015575,172.217.24.0-255,5738,143009,17,391117
15978,0.015582,172.31.36.0-255,66,143075,17,391117
15979,0.017519,172.217.24.0-255,5738,148813,17,391117
15980,0.017525,172.31.36.0-255,66,148879,17,391117
15981,0.019466,172.217.24.0-255,5738,154617,17,391117
15982,0.019473,172.31.36.0-255,66,154683,17,391117
15983,0.021419,172.217.24.0-255,5738,160421,17,391117
15984,0.021426,172.31.36.0-255,66,160487,17,391117
15985,0.023368,172.217.24.0-255,5738,166225,17,391117
15986,0.023375,172.31.36.0-255,66,166291,17,391117
15987,0.025309,172.217.24.0-255,5738,172029,17,391117
15988,0.025314,172.31.36.0-255,66,172095,17,391117
15989,0.026214,172.31.36.0-255,188,172283,17,391117
15990,0.026243,172.31.36.0-255,961,173244,17,391117
15991,0.026282,172.31.36.0-255,1514,174758,17,391117
15992,0.026284,172.31.36.0-255,1514,176272,17,391117
15993,0.026285,172.31.36.0-255,826,177098,17,391117
15994,0.027245,172.217.24.0-255,5738,182836,17,391117
15995,0.027252,172.31.36.0-255,66,182902,17,391117
15996,0.02774,104.244.42.0-255,66,182968,17,391117
15997,0.027789,104.244.42.0-255,66,183034,17,391117
15998,0.027835,104.244.42.0-255,66,183100,17,391117
15999,0.027838,104.244.42.0-255,66,183166,17,391117
16000,0.029184,172.217.24.0-255,5738,188904,17,391117
16001,0.029189,172.31.36.0-255,66,188970,17,391117
16002,0.031123,172.217.24.0-255,5738,194708,17,391117
16003,0.031128,172.31.36.0-255,66,194774,17,391117
16004,0.03306,172.217.24.0-255,2902,197676,17,391117
16005,0.033065,172.31.36.0-255,66,197742,17,391117
16006,0.033079,172.217.24.0-255,2902,200644,17,391117
16007,0.033081,172.31.36.0-255,66,200710,17,391117
16008,0.034996,172.217.24.0-255,5738,206448,17,391117
16009,0.035002,172.31.36.0-255,66,206514,17,391117
16010,0.036938,172.217.24.0-255,5738,212252,17,391117
16011,0.036943,172.31.36.0-255,66,212318,17,391117
16012,0.038881,172.217.24.0-255,5738,218056,17,391117
16013,0.038887,172.31.36.0-255,66,218122,17,391117
16014,0.040834,172.217.24.0-255,5738,223860,17,391117
16015,0.04084,172.31.36.0-255,66,223926,17,391117
16016,0.042773,172.217.24.0-255,5738,229664,17,391117
16017,0.04278,172.31.36.0-255,66,229730,17,391117
16018,0.044709,172.217.24.0-255,5738,235468,17,391117
16019,0.044714,172.31.36.0-255,66,235534,17,391117
16020,0.046681,172.217.24.0-255,5738,241272,17,391117
16021,0.046687,172.31.36.0-255,66,241338,17,391117
16022,0.048618,172.217.24.0-255,5738,247076,17,391117
16023,0.048624,172.31.36.0-255,66,247142,17,391117
16024,0.050565,172.217.24.0-255,5738,252880,17,391117
16025,0.05057,172.31.36.0-255,66,252946,17,391117
16026,0.052505,172.217.24.0-255,5738,258684,17,391117
16027,0.052511,172.31.36.0-255,66,258750,17,391117
16028,0.054442,172.217.24.0-255,5738,264488,17,391117
16029,0.054447,172.31.36.0-255,66,264554,17,391117
16030,0.056388,172.217.24.0-255,5738,270292,17,391117
16031,0.056393,172.31.36.0-255,66,270358,17,391117
16032,0.058322,172.217.24.0-255,5738,276096,17,391117
16033,0.058327,172.31.36.0-255,66,276162,17,391117
16034,0.060262,172.217.24.0-255,5738,281900,17,391117
16035,0.060268,172.31.36.0-255,66,281966,17,391117
16036,0.062197,172.217.24.0-255,5738,287704,17,391117
16037,0.062202,172.31.36.0-255,66,287770,17,391117
16038,0.064132,172.217.24.0-255,4320,292090,17,391117
16039,0.064137,172.31.36.0-255,66,292156,17,391117
16040,0.064164,172.217.24.0-255,1484,293640,17,391117
16041,0.066063,172.217.24.0-255,4320,297960,17,391117
16042,0.066069,172.31.36.0-255,66,298026,17,391117
16043,0.066167,172.31.36.0-255,101,298127,17,391117
16044,0.067997,172.217.24.0-255,5738,303865,17,391117
16045,0.068003,172.31.36.0-255,66,303931,17,391117
16046,0.06806,172.217.24.0-255,66,303997,17,391117
16047,0.069932,172.217.24.0-255,5738,309735,17,391117
16048,0.069938,172.31.36.0-255,66,309801,17,391117
16049,0.071878,172.217.24.0-255,5738,315539,17,391117
16050,0.071885,172.31.36.0-255,66,315605,17,391117
16051,0.073821,172.217.24.0-255,5738,321343,17,391117
16052,0.073827,172.31.36.0-255,66,321409,17,391117
16053,0.075763,172.217.24.0-255,5738,327147,17,391117
16054,0.075769,172.31.36.0-255,66,327213,17,391117
16055,0.077698,172.217.24.0-255,5738,332951,17,391117
16056,0.077703,172.31.36.0-255,66,333017,17,391117
16057,0.079634,172.217.24.0-255,5738,338755,17,391117
16058,0.079639,172.31.36.0-255,66,338821,17,391117
16059,0.081572,172.217.24.0-255,5738,344559,17,391117
16060,0.081577,172.31.36.0-255,66,344625,17,391117
16061,0.083504,172.217.24.0-255,5738,350363,17,391117
16062,0.083509,172.31.36.0-255,66,350429,17,391117
16063,0.085443,172.217.24.0-255,5738,356167,17,391117
16064,0.085449,172.31.36.0-255,66,356233,17,391117
16065,0.087389,172.217.24.0-255,5738,361971,17,391117
16066,0.087394,172.31.36.0-255,66,362037,17,391117
16067,0.089322,172.217.24.0-255,5738,367775,17,391117
16068,0.089327,172.31.36.0-255,66,367841,17,391117
16069,0.091261,172.217.24.0-255,5738,373579,17,391117
16070,0.091266,172.31.36.0-255,66,373645,17,391117
16071,0.093205,172.217.24.0-255,5738,379383,17,391117
16072,0.093211,172.31.36.0-255,66,379449,17,391117
16073,0.095145,172.217.24.0-255,5738,385187,17,391117
16074,0.09515,172.31.36.0-255,66,385253,17,391117
16075,0.097084,172.217.24.0-255,5693,390946,17,391117
16076,0.097089,172.31.36.0-255,66,391012,17,391117
16077,0.097274,172.31.36.0-255,105,391117,17,391117
16078,0.0,172.217.194.0-255,153,153,17,354897
16079,2.3e-05,172.31.36.0-255,66,219,17,354897
16080,3.1e-05,172.217.194.0-255,1484,1703,17,354897
16081,3.5e-05,172.31.36.0-255,66,1769,17,354897
16082,5e-05,172.217.194.0-255,2902,4671,17,354897
16083,5.6e-05,172.31.36.0-255,66,4737,17,354897
16084,6.1e-05,172.217.194.0-255,4320,9057,17,354897
16085,6.4e-05,172.31.36.0-255,66,9123,17,354897
16086,7.8e-05,172.31.36.0-255,66,9189,17,354897
16087,0.000113,172.217.194.0-255,7156,16345,17,354897
16088,0.000117,172.31.36.0-255,66,16411,17,354897
16089,0.000141,172.217.194.0-255,2543,18954,17,354897
16090,0.00015,172.31.36.0-255,66,19020,17,354897
16091,0.000226,172.217.194.0-255,1484,20504,17,354897
16092,0.00023,172.31.36.0-255,66,20570,17,354897
16093,0.000256,172.217.194.0-255,2902,23472,17,354897
16094,0.000259,172.31.36.0-255,66,23538,17,354897
16095,0.000267,172.217.194.0-255,5738,29276,17,354897
16096,0.000269,172.31.36.0-255,66,29342,17,354897
16097,0.000309,172.31.36.0-255,66,29408,17,354897
16098,0.000355,172.31.36.0-255,66,29474,17,354897
16099,0.000386,172.217.194.0-255,6716,36190,17,354897
16100,0.00039,172.31.36.0-255,66,36256,17,354897
16101,0.000394,172.217.194.0-255,119,36375,17,354897
16102,0.000396,172.31.36.0-255,66,36441,17,354897
16103,0.000486,172.217.194.0-255,1484,37925,17,354897
16104,0.000491,172.31.36.0-255,66,37991,17,354897
16105,0.000497,172.217.194.0-255,2902,40893,17,354897
16106,0.0005,172.31.36.0-255,66,40959,17,354897
16107,0.000503,172.217.194.0-255,1484,42443,17,354897
16108,0.000533,172.217.194.0-255,4320,46763,17,354897
16109,0.000537,172.31.36.0-255,66,46829,17,354897
16110,0.000554,172.31.36.0-255,66,46895,17,354897
16111,0.0006,172.217.194.0-255,1484,48379,17,354897
16112,0.00062,172.31.36.0-255,66,48445,17,354897
16113,0.000642,172.217.194.0-255,766,49211,17,354897
16114,0.000644,172.217.194.0-255,377,49588,17,354897
16115,0.00142,172.217.194.0-255,1484,51072,17,354897
16116,0.001425,172.217.194.0-255,2902,53974,17,354897
16117,0.00143,172.217.194.0-255,5738,59712,17,354897
16118,0.001436,172.31.36.0-255,66,59778,17,354897
16119,0.001446,172.31.36.0-255,66,59844,17,354897
16120,0.001448,172.31.36.0-255,66,59910,17,354897
16121,0.001456,172.217.194.0-255,7156,67066,17,354897
16122,0.001458,172.31.36.0-255,66,67132,17,354897
16123,0.001486,172.217.194.0-255,2902,70034,17,354897
16124,0.001489,172.31.36.0-255,66,70100,17,354897
16125,0.001515,172.217.194.0-255,4320,74420,17,354897
16126,0.001518,172.31.36.0-255,66,74486,17,354897
16127,0.00155,172.31.36.0-255,66,74552,17,354897
16128,0.001922,172.217.194.0-255,1484,76036,17,354897
16129,0.001936,172.217.194.0-255,2902,78938,17,354897
16130,0.00194,172.31.36.0-255,66,79004,17,354897
16131,0.001945,172.217.194.0-255,2902,81906,17,354897
16132,0.001947,172.31.36.0-255,66,81972,17,354897
16133,0.001981,172.217.194.0-255,2902,84874,17,354897
16134,0.001983,172.31.36.0-255,66,84940,17,354897
16135,0.001994,172.31.36.0-255,66,85006,17,354897
16136,0.002021,172.217.194.0-255,7156,92162,17,354897
16137,0.002023,172.31.36.0-255,66,92228,17,354897
16138,0.002055,172.217.194.0-255,6438,98666,17,354897
16139,0.002058,172.31.36.0-255,66,98732,17,354897
16140,0.002085,172.217.194.0-255,1484,100216,17,354897
16141,0.0021,172.217.194.0-255,2902,103118,17,354897
16142,0.002103,172.31.36.0-255,66,103184,17,354897
16143,0.002129,172.217.194.0-255,1484,104668,17,354897
16144,0.004173,172.217.194.0-255,1484,106152,17,354897
16145,0.004179,172.31.36.0-255,66,106218,17,354897
16146,0.004211,172.217.194.0-255,2902,109120,17,354897
16147,0.004213,172.31.36.0-255,66,109186,17,354897
16148,0.006274,172.217.194.0-255,2902,112088,17,354897
16149,0.00628,172.31.36.0-255,66,112154,17,354897
16150,0.006316,172.217.194.0-255,2902,115056,17,354897
16151,0.00632,172.31.36.0-255,66,115122,17,354897
16152,0.008408,172.217.194.0-255,2902,118024,17,354897
16153,0.008415,172.31.36.0-255,66,118090,17,354897
16154,0.008449,172.217.194.0-255,2902,120992,17,354897
16155,0.008453,172.31.36.0-255,66,121058,17,354897
16156,0.010496,172.217.194.0-255,2902,123960,17,354897
16157,0.010503,172.31.36.0-255,66,124026,17,354897
16158,0.01057,172.217.194.0-255,2902,126928,17,354897
16159,0.010576,172.31.36.0-255,66,126994,17,354897
16160,0.012637,172.217.194.0-255,2902,129896,17,354897
16161,0.012646,172.31.36.0-255,66,129962,17,354897
16162,0.012683,172.217.194.0-255,2902,132864,17,354897
16163,0.012687,172.31.36.0-255,66,132930,17,354897
16164,0.014757,172.217.194.0-255,2902,135832,17,354897
16165,0.014768,172.31.36.0-255,66,135898,17,354897
16166,0.014798,172.217.194.0-255,2902,138800,17,354897
16167,0.014802,172.31.36.0-255,66,138866,17,354897
16168,0.016932,172.217.194.0-255,5738,144604,17,354897
16169,0.016939,172.31.36.0-255,66,144670,17,354897
16170,0.019035,172.217.194.0-255,5738,150408,17,354897
16171,0.019042,172.31.36.0-255,66,150474,17,354897
16172,0.021179,172.217.194.0-255,5738,156212,17,354897
16173,0.021186,172.31.36.0-255,66,156278,17,354897
16174,0.023273,172.217.194.0-255,5738,162016,17,354897
16175,0.023281,172.31.36.0-255,66,162082,17,354897
16176,0.024561,172.31.36.0-255,172,162254,17,354897
16177,0.024605,172.31.36.0-255,1119,163373,17,354897
16178,0.024679,172.31.36.0-255,1514,164887,17,354897
16179,0.024681,172.31.36.0-255,1269,166156,17,354897
16180,0.025371,172.217.194.0-255,5738,171894,17,354897
16181,0.025377,172.31.36.0-255,66,171960,17,354897
16182,0.026101,104.244.42.0-255,66,172026,17,354897
16183,0.026146,104.244.42.0-255,66,172092,17,354897
16184,0.026248,104.244.42.0-255,66,172158,17,354897
16185,0.02745,172.217.194.0-255,5738,177896,17,354897
16186,0.027455,172.31.36.0-255,66,177962,17,354897
16187,0.029572,172.217.194.0-255,5738,183700,17,354897
16188,0.029579,172.31.36.0-255,66,183766,17,354897
16189,0.031682,172.217.194.0-255,1484,185250,17,354897
16190,0.031715,172.217.194.0-255,4320,189570,17,354897
16191,0.031721,172.31.36.0-255,66,189636,17,354897
16192,0.03381,172.217.194.0-255,4320,193956,17,354897
16193,0.033816,172.31.36.0-255,66,194022,17,354897
16194,0.033849,172.217.194.0-255,1484,195506,17,354897
16195,0.035899,172.217.194.0-255,4320,199826,17,354897
16196,0.035905,172.31.36.0-255,66,199892,17,354897
16197,0.037979,172.217.194.0-255,4320,204212,17,354897
16198,0.037986,172.31.36.0-255,66,204278,17,354897
16199,0.038018,172.217.194.0-255,1484,205762,17,354897
16200,0.040081,172.217.194.0-255,4320,210082,17,354897
16201,0.040086,172.31.36.0-255,66,210148,17,354897
16202,0.042171,172.217.194.0-255,5738,215886,17,354897
16203,0.042176,172.31.36.0-255,66,215952,17,354897
16204,0.044262,172.217.194.0-255,5738,221690,17,354897
16205,0.044267,172.31.36.0-255,66,221756,17,354897
16206,0.046354,172.217.194.0-255,5738,227494,17,354897
16207,0.046359,172.31.36.0-255,66,227560,17,354897
16208,0.048434,172.217.194.0-255,5738,233298,17,354897
16209,0.048439,172.31.36.0-255,66,233364,17,354897
16210,0.050534,172.217.194.0-255,4320,237684,17,354897
16211,0.050539,172.31.36.0-255,66,237750,17,354897
16212,0.050569,172.217.194.0-255,1484,239234,17,354897
16213,0.052612,172.217.194.0-255,2902,242136,17,354897
16214,0.052617,172.31.36.0-255,66,242202,17,354897
16215,0.052654,172.217.194.0-255,1484,243686,17,354897
16216,0.054696,172.217.194.0-255,2902,246588,17,354897
16217,0.054701,172.31.36.0-255,66,246654,17,354897
16218,0.054734,172.217.194.0-255,1484,248138,17,354897
16219,0.056816,172.217.194.0-255,1484,249622,17,354897
16220,0.056821,172.31.36.0-255,66,249688,17,354897
16221,0.05686,172.217.194.0-255,2902,252590,17,354897
16222,0.056864,172.31.36.0-255,66,252656,17,354897
16223,0.058897,172.217.194.0-255,2902,255558,17,354897
16224,0.058903,172.31.36.0-255,66,255624,17,354897
16225,0.058967,172.217.194.0-255,2902,258526,17,354897
16226,0.058972,172.31.36.0-255,66,258592,17,354897
16227,0.061054,172.217.194.0-255,2902,261494,17,354897
16228,0.061059,172.31.36.0-255,66,261560,17,354897
16229,0.061133,172.217.194.0-255,2902,264462,17,354897
16230,0.061138,172.31.36.0-255,66,264528,17,354897
16231,0.063131,172.217.194.0-255,2902,267430,17,354897
16232,0.063137,172.31.36.0-255,66,267496,17,354897
16233,0.063227,172.217.194.0-255,2902,270398,17,354897
16234,0.063232,172.31.36.0-255,66,270464,17,354897
16235,0.065209,172.217.194.0-255,2902,273366,17,354897
16236,0.065214,172.31.36.0-255,66,273432,17,354897
16237,0.065311,172.217.194.0-255,2902,276334,17,354897
16238,0.065317,172.31.36.0-255,66,276400,17,354897
16239,0.0673,172.217.194.0-255,2902,279302,17,354897
16240,0.067305,172.31.36.0-255,66,279368,17,354897
16241,0.067411,172.217.194.0-255,2902,282270,17,354897
16242,0.067416,172.31.36.0-255,66,282336,17,354897
16243,0.069388,172.217.194.0-255,2902,285238,17,354897
16244,0.069395,172.31.36.0-255,66,285304,17,354897
16245,0.069521,172.217.194.0-255,2902,288206,17,354897
16246,0.069527,172.31.36.0-255,66,288272,17,354897
16247,0.071459,172.217.194.0-255,2902,291174,17,354897
16248,0.071464,172.31.36.0-255,66,291240,17,354897
16249,0.071615,172.217.194.0-255,2902,294142,17,354897
16250,0.071621,172.31.36.0-255,66,294208,17,354897
16251,0.073557,172.217.194.0-255,2902,297110,17,354897
16252,0.073563,172.31.36.0-255,66,297176,17,354897
16253,0.073713,172.217.194.0-255,2902,300078,17,354897
16254,0.07372,172.31.36.0-255,66,300144,17,354897
16255,0.075675,172.217.194.0-255,2902,303046,17,354897
16256,0.07568,172.31.36.0-255,66,303112,17,354897
16257,0.075813,172.217.194.0-255,2902,306014,17,354897
16258,0.075818,172.31.36.0-255,66,306080,17,354897
16259,0.077767,172.217.194.0-255,2902,308982,17,354897
16260,0.077773,172.31.36.0-255,66,309048,17,354897
16261,0.077881,172.217.194.0-255,2902,311950,17,354897
16262,0.077886,172.31.36.0-255,66,312016,17,354897
16263,0.079867,172.217.194.0-255,2902,314918,17,354897
16264,0.079873,172.31.36.0-255,66,314984,17,354897
16265,0.079992,172.217.194.0-255,2902,317886,17,354897
16266,0.079997,172.31.36.0-255,66,317952,17,354897
16267,0.081955,172.217.194.0-255,2902,320854,17,354897
16268,0.08196,172.31.36.0-255,66,320920,17,354897
16269,0.082088,172.217.194.0-255,2902,323822,17,354897
16270,0.082094,172.31.36.0-255,66,323888,17,354897
16271,0.084049,172.217.194.0-255,2902,326790,17,354897
16272,0.084055,172.31.36.0-255,66,326856,17,354897
16273,0.084177,172.217.194.0-255,2902,329758,17,354897
16274,0.084183,172.31.36.0-255,66,329824,17,354897
16275,0.086158,172.217.194.0-255,2902,332726,17,354897
16276,0.086163,172.31.36.0-255,66,332792,17,354897
16277,0.086272,172.217.194.0-255,2902,335694,17,354897
16278,0.086277,172.31.36.0-255,66,335760,17,354897
16279,0.088276,172.217.194.0-255,2902,338662,17,354897
16280,0.088281,172.31.36.0-255,66,338728,17,354897
16281,0.088371,172.217.194.0-255,2902,341630,17,354897
16282,0.088376,172.31.36.0-255,66,341696,17,354897
16283,0.090384,172.217.194.0-255,2902,344598,17,354897
16284,0.09039,172.31.36.0-255,66,344664,17,354897
16285,0.090468,172.217.194.0-255,2902,347566,17,354897
16286,0.090473,172.31.36.0-255,66,347632,17,354897
16287,0.092497,172.217.194.0-255,2902,350534,17,354897
16288,0.092503,172.31.36.0-255,66,350600,17,354897
16289,0.092586,172.217.194.0-255,2902,353502,17,354897
16290,0.092593,172.31.36.0-255,66,353568,17,354897
16291,0.094567,172.217.194.0-255,1092,354660,17,354897
16292,0.094717,172.31.36.0-255,66,354726,17,354897
16293,0.094742,172.31.36.0-255,105,354831,17,354897
16294,0.096801,172.217.194.0-255,66,354897,17,354897
16295,0.0,172.31.36.0-255,66,66,17,66
16296,0.0,74.125.200.0-255,150,150,17,397159
16297,2.3e-05,172.31.36.0-255,66,216,17,397159
16298,3e-05,74.125.200.0-255,1484,1700,17,397159
16299,3.6e-05,172.31.36.0-255,66,1766,17,397159
16300,4.2e-05,74.125.200.0-255,2902,4668,17,397159
16301,4.6e-05,172.31.36.0-255,66,4734,17,397159
16302,5.3e-05,74.125.200.0-255,5738,10472,17,397159
16303,5.6e-05,172.31.36.0-255,66,10538,17,397159
16304,5.9e-05,74.125.200.0-255,1484,12022,17,397159
16305,6.2e-05,172.31.36.0-255,66,12088,17,397159
16306,6.7e-05,74.125.200.0-255,2077,14165,17,397159
16307,7e-05,172.31.36.0-255,66,14231,17,397159
16308,0.000397,74.125.200.0-255,1484,15715,17,397159
16309,0.000404,172.31.36.0-255,66,15781,17,397159
16310,0.000411,74.125.200.0-255,2902,18683,17,397159
16311,0.000414,172.31.36.0-255,66,18749,17,397159
16312,0.000418,74.125.200.0-255,2902,21651,17,397159
16313,0.000421,172.31.36.0-255,66,21717,17,397159
16314,0.000447,74.125.200.0-255,4320,26037,17,397159
16315,0.000451,172.31.36.0-255,66,26103,17,397159
16316,0.000469,74.125.200.0-255,2902,29005,17,397159
16317,0.000471,172.31.36.0-255,66,29071,17,397159
16318,0.000496,74.125.200.0-255,2543,31614,17,397159
16319,0.000498,172.31.36.0-255,66,31680,17,397159
16320,0.00085,74.125.200.0-255,1484,33164,17,397159
16321,0.000856,172.31.36.0-255,66,33230,17,397159
16322,0.000866,74.125.200.0-255,2902,36132,17,397159
16323,0.000868,172.31.36.0-255,66,36198,17,397159
16324,0.000898,74.125.200.0-255,4320,40518,17,397159
16325,0.000901,172.31.36.0-255,66,40584,17,397159
16326,0.00094,172.31.36.0-255,66,40650,17,397159
16327,0.000994,172.31.36.0-255,66,40716,17,397159
16328,0.001,74.125.200.0-255,4320,45036,17,397159
16329,0.001002,172.31.36.0-255,66,45102,17,397159
16330,0.00102,74.125.200.0-255,1484,46586,17,397159
16331,0.001033,74.125.200.0-255,2543,49129,17,397159
16332,0.001036,172.31.36.0-255,66,49195,17,397159
16333,0.001118,74.125.200.0-255,645,49840,17,397159
16334,0.001248,74.125.200.0-255,1484,51324,17,397159
16335,0.001256,172.31.36.0-255,66,51390,17,397159
16336,0.001262,74.125.200.0-255,2902,54292,17,397159
16337,0.001265,172.31.36.0-255,66,54358,17,397159
16338,0.001297,74.125.200.0-255,5738,60096,17,397159
16339,0.0013,172.31.36.0-255,66,60162,17,397159
16340,0.001305,74.125.200.0-255,2902,63064,17,397159
16341,0.001308,172.31.36.0-255,66,63130,17,397159
16342,0.001314,74.125.200.0-255,3961,67091,17,397159
16343,0.001316,172.31.36.0-255,66,67157,17,397159
16344,0.001347,74.125.200.0-255,7156,74313,17,397159
16345,0.00135,172.31.36.0-255,66,74379,17,397159
16346,0.001367,74.125.200.0-255,1484,75863,17,397159
16347,0.001394,74.125.200.0-255,4320,80183,17,397159
16348,0.001397,172.31.36.0-255,66,80249,17,397159
16349,0.001416,74.125.200.0-255,3961,84210,17,397159
16350,0.001419,172.31.36.0-255,66,84276,17,397159
16351,0.001507,74.125.200.0-255,1484,85760,17,397159
16352,0.001536,74.125.200.0-255,2902,88662,17,397159
16353,0.001539,172.31.36.0-255,66,88728,17,397159
16354,0.001544,74.125.200.0-255,1484,90212,17,397159
16355,0.001565,74.125.200.0-255,4320,94532,17,397159
16356,0.001567,172.31.36.0-255,66,94598,17,397159
16357,0.001572,74.125.200.0-255,2902,97500,17,397159
16358,0.001574,172.31.36.0-255,66,97566,17,397159
16359,0.001579,74.125.200.0-255,4320,101886,17,397159
16360,0.001582,172.31.36.0-255,66,101952,17,397159
16361,0.001592,172.31.36.0-255,66,102018,17,397159
16362,0.001596,74.125.200.0-255,1484,103502,17,397159
16363,0.00162,74.125.200.0-255,5738,109240,17,397159
16364,0.001623,172.31.36.0-255,66,109306,17,397159
16365,0.001627,74.125.200.0-255,766,110072,17,397159
16366,0.00183,74.125.200.0-255,1484,111556,17,397159
16367,0.001832,172.31.36.0-255,66,111622,17,397159
16368,0.001837,74.125.200.0-255,2902,114524,17,397159
16369,0.00184,172.31.36.0-255,66,114590,17,397159
16370,0.001843,74.125.200.0-255,1484,116074,17,397159
16371,0.001858,74.125.200.0-255,2902,118976,17,397159
16372,0.001861,172.31.36.0-255,66,119042,17,397159
16373,0.001864,74.125.200.0-255,1484,120526,17,397159
16374,0.001888,74.125.200.0-255,7156,127682,17,397159
16375,0.00189,172.31.36.0-255,66,127748,17,397159
16376,0.001898,74.125.200.0-255,7156,134904,17,397159
16377,0.001901,172.31.36.0-255,66,134970,17,397159
16378,0.001904,74.125.200.0-255,1484,136454,17,397159
16379,0.001933,74.125.200.0-255,7156,143610,17,397159
16380,0.001935,172.31.36.0-255,66,143676,17,397159
16381,0.001938,74.125.200.0-255,766,144442,17,397159
16382,0.004164,74.125.200.0-255,4320,148762,17,397159
16383,0.004169,172.31.36.0-255,66,148828,17,397159
16384,0.006418,74.125.200.0-255,5738,154566,17,397159
16385,0.006426,172.31.36.0-255,66,154632,17,397159
16386,0.008672,74.125.200.0-255,5738,160370,17,397159
16387,0.008679,172.31.36.0-255,66,160436,17,397159
16388,0.010928,74.125.200.0-255,5738,166174,17,397159
16389,0.010938,172.31.36.0-255,66,166240,17,397159
16390,0.013199,74.125.200.0-255,5738,171978,17,397159
16391,0.01321,172.31.36.0-255,66,172044,17,397159
16392,0.015476,74.125.200.0-255,5738,177782,17,397159
16393,0.015487,172.31.36.0-255,66,177848,17,397159
16394,0.017727,74.125.200.0-255,5738,183586,17,397159
16395,0.017737,172.31.36.0-255,66,183652,17,397159
16396,0.019992,74.125.200.0-255,5738,189390,17,397159
16397,0.02,172.31.36.0-255,66,189456,17,397159
16398,0.02225,74.125.200.0-255,5738,195194,17,397159
16399,0.022259,172.31.36.0-255,66,195260,17,397159
16400,0.024502,74.125.200.0-255,5738,200998,17,397159
16401,0.024508,172.31.36.0-255,66,201064,17,397159
16402,0.025365,172.31.36.0-255,199,201263,17,397159
16403,0.025404,172.31.36.0-255,1117,202380,17,397159
16404,0.025474,172.31.36.0-255,1514,203894,17,397159
16405,0.025476,172.31.36.0-255,1271,205165,17,397159
16406,0.0268,74.125.200.0-255,5738,210903,17,397159
16407,0.026808,172.31.36.0-255,66,210969,17,397159
16408,0.026933,104.244.42.0-255,66,211035,17,397159
16409,0.02694,104.244.42.0-255,66,211101,17,397159
16410,0.027031,104.244.42.0-255,66,211167,17,397159
16411,0.029061,74.125.200.0-255,5738,216905,17,397159
16412,0.029069,172.31.36.0-255,66,216971,17,397159
16413,0.031349,74.125.200.0-255,5738,222709,17,397159
16414,0.031356,172.31.36.0-255,66,222775,17,397159
16415,0.033604,74.125.200.0-255,5738,228513,17,397159
16416,0.033611,172.31.36.0-255,66,228579,17,397159
16417,0.035844,74.125.200.0-255,5738,234317,17,397159
16418,0.035851,172.31.36.0-255,66,234383,17,397159
16419,0.038126,74.125.200.0-255,5738,240121,17,397159
16420,0.038133,172.31.36.0-255,66,240187,17,397159
16421,0.040381,74.125.200.0-255,5738,245925,17,397159
16422,0.040391,172.31.36.0-255,66,245991,17,397159
16423,0.042654,74.125.200.0-255,5738,251729,17,397159
16424,0.042665,172.31.36.0-255,66,251795,17,397159
16425,0.044958,74.125.200.0-255,5738,257533,17,397159
16426,0.044965,172.31.36.0-255,66,257599,17,397159
16427,0.047242,74.125.200.0-255,5738,263337,17,397159
16428,0.047249,172.31.36.0-255,66,263403,17,397159
16429,0.049501,74.125.200.0-255,5738,269141,17,397159
16430,0.049508,172.31.36.0-255,66,269207,17,397159
16431,0.051768,74.125.200.0-255,5738,274945,17,397159
16432,0.051774,172.31.36.0-255,66,275011,17,397159
16433,0.054024,74.125.200.0-255,5738,280749,17,397159
16434,0.054031,172.31.36.0-255,66,280815,17,397159
16435,0.056288,74.125.200.0-255,5738,286553,17,397159
16436,0.056295,172.31.36.0-255,66,286619,17,397159
16437,0.058578,74.125.200.0-255,5738,292357,17,397159
16438,0.058584,172.31.36.0-255,66,292423,17,397159
16439,0.060839,74.125.200.0-255,5738,298161,17,397159
16440,0.060846,172.31.36.0-255,66,298227,17,397159
16441,0.063116,74.125.200.0-255,5738,303965,17,397159
16442,0.063123,172.31.36.0-255,66,304031,17,397159
16443,0.065377,74.125.200.0-255,5738,309769,17,397159
16444,0.065383,172.31.36.0-255,66,309835,17,397159
16445,0.067651,74.125.200.0-255,5738,315573,17,397159
16446,0.067658,172.31.36.0-255,66,315639,17,397159
16447,0.069928,74.125.200.0-255,2902,318541,17,397159
16448,0.069936,172.31.36.0-255,66,318607,17,397159
16449,0.069957,74.125.200.0-255,2902,321509,17,397159
16450,0.06996,172.31.36.0-255,66,321575,17,397159
16451,0.072195,74.125.200.0-255,5738,327313,17,397159
16452,0.072202,172.31.36.0-255,66,327379,17,397159
16453,0.074454,74.125.200.0-255,5738,333117,17,397159
16454,0.074461,172.31.36.0-255,66,333183,17,397159
16455,0.076714,74.125.200.0-255,5738,338921,17,397159
16456,0.076722,172.31.36.0-255,66,338987,17,397159
16457,0.078989,74.125.200.0-255,5738,344725,17,397159
16458,0.078996,172.31.36.0-255,66,344791,17,397159
16459,0.08125,74.125.200.0-255,5738,350529,17,397159
16460,0.081257,172.31.36.0-255,66,350595,17,397159
16461,0.083514,74.125.200.0-255,5738,356333,17,397159
16462,0.083521,172.31.36.0-255,66,356399,17,397159
16463,0.085788,74.125.200.0-255,5738,362137,17,397159
16464,0.085795,172.31.36.0-255,66,362203,17,397159
16465,0.08805,74.125.200.0-255,5738,367941,17,397159
16466,0.088057,172.31.36.0-255,66,368007,17,397159
16467,0.090326,74.125.200.0-255,5738,373745,17,397159
16468,0.090333,172.31.36.0-255,66,373811,17,397159
16469,0.09259,74.125.200.0-255,5738,379549,17,397159
16470,0.092597,172.31.36.0-255,66,379615,17,397159
16471,0.094872,74.125.200.0-255,5738,385353,17,397159
16472,0.09488,172.31.36.0-255,66,385419,17,397159
16473,0.097137,74.125.200.0-255,5738,391157,17,397159
16474,0.097144,172.31.36.0-255,66,391223,17,397159
16475,0.099404,74.125.200.0-255,2902,394125,17,397159
16476,0.099411,172.31.36.0-255,66,394191,17,397159
16477,0.099429,74.125.200.0-255,2902,397093,17,397159
16478,0.099432,172.31.36.0-255,66,397159,17,397159
16479,0.0,74.125.24.0-255,152,152,17,319068
16480,3.5e-05,172.31.36.0-255,66,218,17,319068
16481,4.2e-05,74.125.24.0-255,1484,1702,17,319068
16482,4.6e-05,172.31.36.0-255,66,1768,17,319068
16483,5.2e-05,74.125.24.0-255,2902,4670,17,319068
16484,6.4e-05,172.31.36.0-255,66,4736,17,319068
16485,7.1e-05,74.125.24.0-255,7156,11892,17,319068
16486,7.4e-05,172.31.36.0-255,66,11958,17,319068
16487,7.9e-05,74.125.24.0-255,2019,13977,17,319068
16488,8.2e-05,172.31.36.0-255,66,14043,17,319068
16489,0.000486,74.125.24.0-255,1484,15527,17,319068
16490,0.000492,172.31.36.0-255,66,15593,17,319068
16491,0.0005,74.125.24.0-255,2902,18495,17,319068
16492,0.000502,172.31.36.0-255,66,18561,17,319068
16493,0.000509,74.125.24.0-255,5738,24299,17,319068
16494,0.000511,172.31.36.0-255,66,24365,17,319068
16495,0.000549,74.125.24.0-255,6797,31162,17,319068
16496,0.000554,172.31.36.0-255,66,31228,17,319068
16497,0.000586,74.125.24.0-255,7156,38384,17,319068
16498,0.000589,172.31.36.0-255,66,38450,17,319068
16499,0.000621,172.31.36.0-255,66,38516,17,319068
16500,0.000644,74.125.24.0-255,1484,40000,17,319068
16501,0.000647,172.31.36.0-255,66,40066,17,319068
16502,0.000652,74.125.24.0-255,2902,42968,17,319068
16503,0.000655,172.31.36.0-255,66,43034,17,319068
16504,0.000675,74.125.24.0-255,4320,47354,17,319068
16505,0.000678,172.31.36.0-255,66,47420,17,319068
16506,0.000707,74.125.24.0-255,1484,48904,17,319068
16507,0.00071,172.31.36.0-255,66,48970,17,319068
16508,0.000717,74.125.24.0-255,5738,54708,17,319068
16509,0.00072,172.31.36.0-255,66,54774,17,319068
16510,0.000758,74.125.24.0-255,1402,56176,17,319068
16511,0.000945,172.31.36.0-255,66,56242,17,319068
16512,0.001018,74.125.24.0-255,380,56622,17,319068
16513,0.001221,74.125.24.0-255,1484,58106,17,319068
16514,0.001227,172.31.36.0-255,66,58172,17,319068
16515,0.001234,74.125.24.0-255,2902,61074,17,319068
16516,0.001236,172.31.36.0-255,66,61140,17,319068
16517,0.001249,74.125.24.0-255,5738,66878,17,319068
16518,0.001252,172.31.36.0-255,66,66944,17,319068
16519,0.001258,74.125.24.0-255,5738,72682,17,319068
16520,0.001261,172.31.36.0-255,66,72748,17,319068
16521,0.001321,172.31.36.0-255,66,72814,17,319068
16522,0.001327,74.125.24.0-255,3961,76775,17,319068
16523,0.001329,172.31.36.0-255,66,76841,17,319068
16524,0.003646,74.125.24.0-255,1484,78325,17,319068
16525,0.003663,74.125.24.0-255,4320,82645,17,319068
16526,0.003668,172.31.36.0-255,66,82711,17,319068
16527,0.005955,74.125.24.0-255,4320,87031,17,319068
16528,0.005961,172.31.36.0-255,66,87097,17,319068
16529,0.005994,74.125.24.0-255,1484,88581,17,319068
16530,0.008261,74.125.24.0-255,4320,92901,17,319068
16531,0.008267,172.31.36.0-255,66,92967,17,319068
16532,0.010559,74.125.24.0-255,5738,98705,17,319068
16533,0.010567,172.31.36.0-255,66,98771,17,319068
16534,0.0129,74.125.24.0-255,5738,104509,17,319068
16535,0.012907,172.31.36.0-255,66,104575,17,319068
16536,0.015226,74.125.24.0-255,5738,110313,17,319068
16537,0.015233,172.31.36.0-255,66,110379,17,319068
16538,0.017544,74.125.24.0-255,5738,116117,17,319068
16539,0.017551,172.31.36.0-255,66,116183,17,319068
16540,0.019858,74.125.24.0-255,5738,121921,17,319068
16541,0.019866,172.31.36.0-255,66,121987,17,319068
16542,0.022192,74.125.24.0-255,5738,127725,17,319068
16543,0.022202,172.31.36.0-255,66,127791,17,319068
16544,0.024519,74.125.24.0-255,5738,133529,17,319068
16545,0.024528,172.31.36.0-255,66,133595,17,319068
16546,0.026847,74.125.24.0-255,5738,139333,17,319068
16547,0.026854,172.31.36.0-255,66,139399,17,319068
16548,0.029159,74.125.24.0-255,5738,145137,17,319068
16549,0.029167,172.31.36.0-255,66,145203,17,319068
16550,0.031488,74.125.24.0-255,5738,150941,17,319068
16551,0.031499,172.31.36.0-255,66,151007,17,319068
16552,0.033246,172.31.36.0-255,188,151195,17,319068
16553,0.033275,172.31.36.0-255,962,152157,17,319068
16554,0.033326,172.31.36.0-255,209,152366,17,319068
16555,0.033785,74.125.24.0-255,5738,158104,17,319068
16556,0.033793,172.31.36.0-255,66,158170,17,319068
16557,0.034826,104.244.42.0-255,66,158236,17,319068
16558,0.034834,104.244.42.0-255,66,158302,17,319068
16559,0.034857,104.244.42.0-255,66,158368,17,319068
16560,0.036115,74.125.24.0-255,5738,164106,17,319068
16561,0.036121,172.31.36.0-255,66,164172,17,319068
16562,0.038422,74.125.24.0-255,5738,169910,17,319068
16563,0.038427,172.31.36.0-255,66,169976,17,319068
16564,0.04072,74.125.24.0-255,4320,174296,17,319068
16565,0.040726,172.31.36.0-255,66,174362,17,319068
16566,0.040755,74.125.24.0-255,1484,175846,17,319068
16567,0.043023,74.125.24.0-255,4320,180166,17,319068
16568,0.043028,172.31.36.0-255,66,180232,17,319068
16569,0.045325,74.125.24.0-255,4320,184552,17,319068
16570,0.04533,172.31.36.0-255,66,184618,17,319068
16571,0.045363,74.125.24.0-255,1484,186102,17,319068
16572,0.047637,74.125.24.0-255,4320,190422,17,319068
16573,0.047642,172.31.36.0-255,66,190488,17,319068
16574,0.049954,74.125.24.0-255,4320,194808,17,319068
16575,0.049959,172.31.36.0-255,66,194874,17,319068
16576,0.049994,74.125.24.0-255,1484,196358,17,319068
16577,0.052251,74.125.24.0-255,4320,200678,17,319068
16578,0.052257,172.31.36.0-255,66,200744,17,319068
16579,0.054535,74.125.24.0-255,5738,206482,17,319068
16580,0.05454,172.31.36.0-255,66,206548,17,319068
16581,0.056852,74.125.24.0-255,5738,212286,17,319068
16582,0.056858,172.31.36.0-255,66,212352,17,319068
16583,0.059159,74.125.24.0-255,5738,218090,17,319068
16584,0.059165,172.31.36.0-255,66,218156,17,319068
16585,0.061461,74.125.24.0-255,5738,223894,17,319068
16586,0.061467,172.31.36.0-255,66,223960,17,319068
16587,0.063753,74.125.24.0-255,2902,226862,17,319068
16588,0.063758,172.31.36.0-255,66,226928,17,319068
16589,0.063799,74.125.24.0-255,2902,229830,17,319068
16590,0.063803,172.31.36.0-255,66,229896,17,319068
16591,0.066048,74.125.24.0-255,2902,232798,17,319068
16592,0.066054,172.31.36.0-255,66,232864,17,319068
16593,0.066113,74.125.24.0-255,2902,235766,17,319068
16594,0.066117,172.31.36.0-255,66,235832,17,319068
16595,0.068338,74.125.24.0-255,2902,238734,17,319068
16596,0.068344,172.31.36.0-255,66,238800,17,319068
16597,0.068396,74.125.24.0-255,2902,241702,17,319068
16598,0.0684,172.31.36.0-255,66,241768,17,319068
16599,0.070694,74.125.24.0-255,2902,244670,17,319068
16600,0.070702,172.31.36.0-255,66,244736,17,319068
16601,0.070731,74.125.24.0-255,2902,247638,17,319068
16602,0.070735,172.31.36.0-255,66,247704,17,319068
16603,0.072981,74.125.24.0-255,2902,250606,17,319068
16604,0.072987,172.31.36.0-255,66,250672,17,319068
16605,0.073022,74.125.24.0-255,2902,253574,17,319068
16606,0.073025,172.31.36.0-255,66,253640,17,319068
16607,0.075288,74.125.24.0-255,2902,256542,17,319068
16608,0.075293,172.31.36.0-255,66,256608,17,319068
16609,0.075332,74.125.24.0-255,2902,259510,17,319068
16610,0.075335,172.31.36.0-255,66,259576,17,319068
16611,0.077586,74.125.24.0-255,2902,262478,17,319068
16612,0.077591,172.31.36.0-255,66,262544,17,319068
16613,0.077623,74.125.24.0-255,2902,265446,17,319068
16614,0.077626,172.31.36.0-255,66,265512,17,319068
16615,0.079884,74.125.24.0-255,2902,268414,17,319068
16616,0.079889,172.31.36.0-255,66,268480,17,319068
16617,0.079919,74.125.24.0-255,1484,269964,17,319068
16618,0.079929,74.125.24.0-255,1484,271448,17,319068
16619,0.079932,172.31.36.0-255,66,271514,17,319068
16620,0.082163,74.125.24.0-255,2902,274416,17,319068
16621,0.082168,172.31.36.0-255,66,274482,17,319068
16622,0.082252,74.125.24.0-255,2902,277384,17,319068
16623,0.082258,172.31.36.0-255,66,277450,17,319068
16624,0.084464,74.125.24.0-255,2902,280352,17,319068
16625,0.084469,172.31.36.0-255,66,280418,17,319068
16626,0.084546,74.125.24.0-255,2902,283320,17,319068
16627,0.08455,172.31.36.0-255,66,283386,17,319068
16628,0.086774,74.125.24.0-255,2902,286288,17,319068
16629,0.086779,172.31.36.0-255,66,286354,17,319068
16630,0.086837,74.125.24.0-255,2902,289256,17,319068
16631,0.086842,172.31.36.0-255,66,289322,17,319068
16632,0.089096,74.125.24.0-255,2902,292224,17,319068
16633,0.089101,172.31.36.0-255,66,292290,17,319068
16634,0.089137,74.125.24.0-255,2902,295192,17,319068
16635,0.089141,172.31.36.0-255,66,295258,17,319068
16636,0.091391,74.125.24.0-255,2902,298160,17,319068
16637,0.091397,172.31.36.0-255,66,298226,17,319068
16638,0.091431,74.125.24.0-255,2902,301128,17,319068
16639,0.091434,172.31.36.0-255,66,301194,17,319068
16640,0.093671,74.125.24.0-255,2902,304096,17,319068
16641,0.093676,172.31.36.0-255,66,304162,17,319068
16642,0.09372,74.125.24.0-255,1484,305646,17,319068
16643,0.093738,74.125.24.0-255,1484,307130,17,319068
16644,0.093742,172.31.36.0-255,66,307196,17,319068
16645,0.095976,74.125.24.0-255,2902,310098,17,319068
16646,0.095981,172.31.36.0-255,66,310164,17,319068
16647,0.096031,74.125.24.0-255,2902,313066,17,319068
16648,0.096034,172.31.36.0-255,66,313132,17,319068
16649,0.098269,74.125.24.0-255,2902,316034,17,319068
16650,0.098274,172.31.36.0-255,66,316100,17,319068
16651,0.098325,74.125.24.0-255,2902,319002,17,319068
16652,0.098329,172.31.36.0-255,66,319068,17,319068
16653,0.0,74.125.24.0-255,66,66,17,132
16654,0.035262,172.31.36.0-255,66,132,17,132
16655,0.0,172.217.194.0-255,226,226,17,275346
16656,3.4e-05,172.31.36.0-255,66,292,17,275346
16657,4.1e-05,172.217.194.0-255,1484,1776,17,275346
16658,4.6e-05,172.31.36.0-255,66,1842,17,275346
16659,5.3e-05,172.217.194.0-255,4320,6162,17,275346
16660,5.6e-05,172.31.36.0-255,66,6228,17,275346
16661,0.000199,172.217.194.0-255,2902,9130,17,275346
16662,0.000204,172.31.36.0-255,66,9196,17,275346
16663,0.000222,172.217.194.0-255,4320,13516,17,275346
16664,0.000224,172.31.36.0-255,66,13582,17,275346
16665,0.000468,172.31.36.0-255,66,13648,17,275346
16666,0.000753,172.31.36.0-255,66,13714,17,275346
16667,0.003046,172.217.194.0-255,5738,19452,17,275346
16668,0.003054,172.31.36.0-255,66,19518,17,275346
16669,0.005343,172.217.194.0-255,5738,25256,17,275346
16670,0.005359,172.31.36.0-255,66,25322,17,275346
16671,0.007683,172.217.194.0-255,2902,28224,17,275346
16672,0.007691,172.31.36.0-255,66,28290,17,275346
16673,0.007712,172.217.194.0-255,2902,31192,17,275346
16674,0.007715,172.31.36.0-255,66,31258,17,275346
16675,0.009994,172.217.194.0-255,2902,34160,17,275346
16676,0.010001,172.31.36.0-255,66,34226,17,275346
16677,0.010027,172.217.194.0-255,2902,37128,17,275346
16678,0.01003,172.31.36.0-255,66,37194,17,275346
16679,0.012292,172.217.194.0-255,2902,40096,17,275346
16680,0.012299,172.31.36.0-255,66,40162,17,275346
16681,0.01233,172.217.194.0-255,2902,43064,17,275346
16682,0.012334,172.31.36.0-255,66,43130,17,275346
16683,0.014596,172.217.194.0-255,2902,46032,17,275346
16684,0.014603,172.31.36.0-255,66,46098,17,275346
16685,0.014623,172.217.194.0-255,2902,49000,17,275346
16686,0.014625,172.31.36.0-255,66,49066,17,275346
16687,0.016913,172.217.194.0-255,2902,51968,17,275346
16688,0.016921,172.31.36.0-255,66,52034,17,275346
16689,0.016957,172.217.194.0-255,2902,54936,17,275346
16690,0.01696,172.31.36.0-255,66,55002,17,275346
16691,0.019206,172.217.194.0-255,2902,57904,17,275346
16692,0.019218,172.31.36.0-255,66,57970,17,275346
16693,0.019256,172.217.194.0-255,2902,60872,17,275346
16694,0.019259,172.31.36.0-255,66,60938,17,275346
16695,0.021498,172.217.194.0-255,2902,63840,17,275346
16696,0.021512,172.31.36.0-255,66,63906,17,275346
16697,0.021554,172.217.194.0-255,2902,66808,17,275346
16698,0.021558,172.31.36.0-255,66,66874,17,275346
16699,0.023806,172.217.194.0-255,2902,69776,17,275346
16700,0.023813,172.31.36.0-255,66,69842,17,275346
16701,0.023844,172.217.194.0-255,2902,72744,17,275346
16702,0.023848,172.31.36.0-255,66,72810,17,275346
16703,0.026116,172.217.194.0-255,2902,75712,17,275346
16704,0.026125,172.31.36.0-255,66,75778,17,275346
16705,0.02616,172.217.194.0-255,2902,78680,17,275346
16706,0.026164,172.31.36.0-255,66,78746,17,275346
16707,0.028429,172.217.194.0-255,2902,81648,17,275346
16708,0.028437,172.31.36.0-255,66,81714,17,275346
16709,0.028481,172.217.194.0-255,2902,84616,17,275346
16710,0.028484,172.31.36.0-255,66,84682,17,275346
16711,0.030362,172.31.36.0-255,172,84854,17,275346
16712,0.030395,172.31.36.0-255,1118,85972,17,275346
16713,0.030436,172.31.36.0-255,1514,87486,17,275346
16714,0.030438,172.31.36.0-255,1270,88756,17,275346
16715,0.030726,172.217.194.0-255,2902,91658,17,275346
16716,0.030732,172.31.36.0-255,66,91724,17,275346
16717,0.030759,172.217.194.0-255,2902,94626,17,275346
16718,0.030762,172.31.36.0-255,66,94692,17,275346
16719,0.03192,104.244.42.0-255,66,94758,17,275346
16720,0.031959,104.244.42.0-255,66,94824,17,275346
16721,0.032022,104.244.42.0-255,66,94890,17,275346
16722,0.033029,172.217.194.0-255,2902,97792,17,275346
16723,0.033036,172.31.36.0-255,66,97858,17,275346
16724,0.033054,172.217.194.0-255,1484,99342,17,275346
16725,0.033056,172.31.36.0-255,66,99408,17,275346
16726,0.033076,172.217.194.0-255,1484,100892,17,275346
16727,0.033078,172.31.36.0-255,66,100958,17,275346
16728,0.035357,172.217.194.0-255,2902,103860,17,275346
16729,0.035362,172.31.36.0-255,66,103926,17,275346
16730,0.035394,172.217.194.0-255,2902,106828,17,275346
16731,0.035396,172.31.36.0-255,66,106894,17,275346
16732,0.037649,172.217.194.0-255,2902,109796,17,275346
16733,0.037654,172.31.36.0-255,66,109862,17,275346
16734,0.037716,172.217.194.0-255,2902,112764,17,275346
16735,0.03772,172.31.36.0-255,66,112830,17,275346
16736,0.039932,172.217.194.0-255,2902,115732,17,275346
16737,0.039937,172.31.36.0-255,66,115798,17,275346
16738,0.040009,172.217.194.0-255,2902,118700,17,275346
16739,0.040014,172.31.36.0-255,66,118766,17,275346
16740,0.042216,172.217.194.0-255,2902,121668,17,275346
16741,0.042224,172.31.36.0-255,66,121734,17,275346
16742,0.04228,172.217.194.0-255,2902,124636,17,275346
16743,0.042284,172.31.36.0-255,66,124702,17,275346
16744,0.044524,172.217.194.0-255,2902,127604,17,275346
16745,0.044534,172.31.36.0-255,66,127670,17,275346
16746,0.044566,172.217.194.0-255,2902,130572,17,275346
16747,0.044569,172.31.36.0-255,66,130638,17,275346
16748,0.046839,172.217.194.0-255,2902,133540,17,275346
16749,0.046846,172.31.36.0-255,66,133606,17,275346
16750,0.046877,172.217.194.0-255,2902,136508,17,275346
16751,0.04688,172.31.36.0-255,66,136574,17,275346
16752,0.049117,172.217.194.0-255,2902,139476,17,275346
16753,0.049124,172.31.36.0-255,66,139542,17,275346
16754,0.049155,172.217.194.0-255,2902,142444,17,275346
16755,0.049158,172.31.36.0-255,66,142510,17,275346
16756,0.051383,172.217.194.0-255,1484,143994,17,275346
16757,0.051391,172.31.36.0-255,66,144060,17,275346
16758,0.051442,172.217.194.0-255,2902,146962,17,275346
16759,0.051445,172.31.36.0-255,66,147028,17,275346
16760,0.051461,172.217.194.0-255,1484,148512,17,275346
16761,0.051464,172.31.36.0-255,66,148578,17,275346
16762,0.05367,172.217.194.0-255,1484,150062,17,275346
16763,0.053676,172.31.36.0-255,66,150128,17,275346
16764,0.053721,172.217.194.0-255,2902,153030,17,275346
16765,0.053725,172.31.36.0-255,66,153096,17,275346
16766,0.053787,172.217.194.0-255,1484,154580,17,275346
16767,0.053794,172.31.36.0-255,66,154646,17,275346
16768,0.05599,172.217.194.0-255,1484,156130,17,275346
16769,0.056003,172.31.36.0-255,66,156196,17,275346
16770,0.056038,172.217.194.0-255,2902,159098,17,275346
16771,0.056041,172.31.36.0-255,66,159164,17,275346
16772,0.056081,172.217.194.0-255,1484,160648,17,275346
16773,0.056083,172.31.36.0-255,66,160714,17,275346
16774,0.058301,172.217.194.0-255,1484,162198,17,275346
16775,0.05831,172.31.36.0-255,66,162264,17,275346
16776,0.058342,172.217.194.0-255,2902,165166,17,275346
16777,0.058346,172.31.36.0-255,66,165232,17,275346
16778,0.05841,172.217.194.0-255,1484,166716,17,275346
16779,0.058414,172.31.36.0-255,66,166782,17,275346
16780,0.060607,172.217.194.0-255,1484,168266,17,275346
16781,0.060614,172.31.36.0-255,66,168332,17,275346
16782,0.060648,172.217.194.0-255,2902,171234,17,275346
16783,0.060651,172.31.36.0-255,66,171300,17,275346
16784,0.060708,172.217.194.0-255,1484,172784,17,275346
16785,0.060712,172.31.36.0-255,66,172850,17,275346
16786,0.062906,172.217.194.0-255,1484,174334,17,275346
16787,0.062912,172.31.36.0-255,66,174400,17,275346
16788,0.062943,172.217.194.0-255,2902,177302,17,275346
16789,0.062947,172.31.36.0-255,66,177368,17,275346
16790,0.06303,172.217.194.0-255,1484,178852,17,275346
16791,0.063035,172.31.36.0-255,66,178918,17,275346
16792,0.065173,172.217.194.0-255,1484,180402,17,275346
16793,0.065183,172.31.36.0-255,66,180468,17,275346
16794,0.065228,172.217.194.0-255,2902,183370,17,275346
16795,0.065232,172.31.36.0-255,66,183436,17,275346
16796,0.065318,172.217.194.0-255,1484,184920,17,275346
16797,0.065322,172.31.36.0-255,66,184986,17,275346
16798,0.067495,172.217.194.0-255,1484,186470,17,275346
16799,0.067501,172.31.36.0-255,66,186536,17,275346
16800,0.067561,172.217.194.0-255,2902,189438,17,275346
16801,0.067566,172.31.36.0-255,66,189504,17,275346
16802,0.067598,172.217.194.0-255,1484,190988,17,275346
16803,0.067601,172.31.36.0-255,66,191054,17,275346
16804,0.069791,172.217.194.0-255,1484,192538,17,275346
16805,0.069796,172.31.36.0-255,66,192604,17,275346
16806,0.069829,172.217.194.0-255,2902,195506,17,275346
16807,0.069832,172.31.36.0-255,66,195572,17,275346
16808,0.06991,172.217.194.0-255,1484,197056,17,275346
16809,0.069915,172.31.36.0-255,66,197122,17,275346
16810,0.072065,172.217.194.0-255,1484,198606,17,275346
16811,0.07207,172.31.36.0-255,66,198672,17,275346
16812,0.072115,172.217.194.0-255,2902,201574,17,275346
16813,0.072118,172.31.36.0-255,66,201640,17,275346
16814,0.072199,172.217.194.0-255,1484,203124,17,275346
16815,0.072203,172.31.36.0-255,66,203190,17,275346
16816,0.074358,172.217.194.0-255,1484,204674,17,275346
16817,0.074364,172.31.36.0-255,66,204740,17,275346
16818,0.074402,172.217.194.0-255,2902,207642,17,275346
16819,0.074405,172.31.36.0-255,66,207708,17,275346
16820,0.074481,172.217.194.0-255,1484,209192,17,275346
16821,0.074484,172.31.36.0-255,66,209258,17,275346
16822,0.076625,172.217.194.0-255,1484,210742,17,275346
16823,0.076631,172.31.36.0-255,66,210808,17,275346
16824,0.076661,172.217.194.0-255,1484,212292,17,275346
16825,0.076664,172.31.36.0-255,66,212358,17,275346
16826,0.076752,172.217.194.0-255,2902,215260,17,275346
16827,0.076756,172.31.36.0-255,66,215326,17,275346
16828,0.078943,172.217.194.0-255,1484,216810,17,275346
16829,0.078948,172.31.36.0-255,66,216876,17,275346
16830,0.079054,172.217.194.0-255,4320,221196,17,275346
16831,0.079059,172.31.36.0-255,66,221262,17,275346
16832,0.081212,172.217.194.0-255,1484,222746,17,275346
16833,0.081217,172.31.36.0-255,66,222812,17,275346
16834,0.081371,172.217.194.0-255,4320,227132,17,275346
16835,0.081376,172.31.36.0-255,66,227198,17,275346
16836,0.08355,172.217.194.0-255,1484,228682,17,275346
16837,0.083555,172.31.36.0-255,66,228748,17,275346
16838,0.083644,172.217.194.0-255,4320,233068,17,275346
16839,0.083648,172.31.36.0-255,66,233134,17,275346
16840,0.085832,172.217.194.0-255,1484,234618,17,275346
16841,0.085838,172.31.36.0-255,66,234684,17,275346
16842,0.085942,172.217.194.0-255,4320,239004,17,275346
16843,0.085946,172.31.36.0-255,66,239070,17,275346
16844,0.088123,172.217.194.0-255,1484,240554,17,275346
16845,0.088128,172.31.36.0-255,66,240620,17,275346
16846,0.088241,172.217.194.0-255,4320,244940,17,275346
16847,0.088246,172.31.36.0-255,66,245006,17,275346
16848,0.090394,172.217.194.0-255,1484,246490,17,275346
16849,0.0904,172.31.36.0-255,66,246556,17,275346
16850,0.090509,172.217.194.0-255,2902,249458,17,275346
16851,0.090513,172.31.36.0-255,66,249524,17,275346
16852,0.090559,172.217.194.0-255,1484,251008,17,275346
16853,0.090562,172.31.36.0-255,66,251074,17,275346
16854,0.092687,172.217.194.0-255,1484,252558,17,275346
16855,0.092692,172.31.36.0-255,66,252624,17,275346
16856,0.092774,172.217.194.0-255,2902,255526,17,275346
16857,0.092779,172.31.36.0-255,66,255592,17,275346
16858,0.092837,172.217.194.0-255,1484,257076,17,275346
16859,0.092841,172.31.36.0-255,66,257142,17,275346
16860,0.094978,172.217.194.0-255,1484,258626,17,275346
16861,0.094983,172.31.36.0-255,66,258692,17,275346
16862,0.095062,172.217.194.0-255,2902,261594,17,275346
16863,0.095066,172.31.36.0-255,66,261660,17,275346
16864,0.095121,172.217.194.0-255,1484,263144,17,275346
16865,0.095125,172.31.36.0-255,66,263210,17,275346
16866,0.097263,172.217.194.0-255,1484,264694,17,275346
16867,0.097268,172.31.36.0-255,66,264760,17,275346
16868,0.09734,172.217.194.0-255,2902,267662,17,275346
16869,0.097344,172.31.36.0-255,66,267728,17,275346
16870,0.097413,172.217.194.0-255,1484,269212,17,275346
16871,0.097417,172.31.36.0-255,66,269278,17,275346
16872,0.099562,172.217.194.0-255,1484,270762,17,275346
16873,0.099569,172.31.36.0-255,66,270828,17,275346
16874,0.099648,172.217.194.0-255,2902,273730,17,275346
16875,0.099653,172.31.36.0-255,66,273796,17,275346
16876,0.099696,172.217.194.0-255,1484,275280,17,275346
16877,0.0997,172.31.36.0-255,66,275346,17,275346
16878,0.0,74.125.200.0-255,216,216,17,393883
16879,2.9e-05,172.31.36.0-255,66,282,17,393883
16880,3.5e-05,74.125.200.0-255,1484,1766,17,393883
16881,4e-05,172.31.36.0-255,66,1832,17,393883
16882,4.6e-05,74.125.200.0-255,2902,4734,17,393883
16883,4.8e-05,172.31.36.0-255,66,4800,17,393883
16884,5.3e-05,74.125.200.0-255,2902,7702,17,393883
16885,5.5e-05,172.31.36.0-255,66,7768,17,393883
16886,8e-05,74.125.200.0-255,2902,10670,17,393883
16887,8.3e-05,172.31.36.0-255,66,10736,17,393883
16888,8.6e-05,74.125.200.0-255,1484,12220,17,393883
16889,8.9e-05,172.31.36.0-255,66,12286,17,393883
16890,0.000113,172.31.36.0-255,66,12352,17,393883
16891,0.000117,74.125.200.0-255,2902,15254,17,393883
16892,0.000119,172.31.36.0-255,66,15320,17,393883
16893,0.00015,74.125.200.0-255,7156,22476,17,393883
16894,0.000152,172.31.36.0-255,66,22542,17,393883
16895,0.000156,74.125.200.0-255,1125,23667,17,393883
16896,0.000158,172.31.36.0-255,66,23733,17,393883
16897,0.000307,74.125.200.0-255,1484,25217,17,393883
16898,0.000312,172.31.36.0-255,66,25283,17,393883
16899,0.000317,74.125.200.0-255,2902,28185,17,393883
16900,0.000319,172.31.36.0-255,66,28251,17,393883
16901,0.00034,74.125.200.0-255,5738,33989,17,393883
16902,0.000344,172.31.36.0-255,66,34055,17,393883
16903,0.000359,74.125.200.0-255,4320,38375,17,393883
16904,0.000363,172.31.36.0-255,66,38441,17,393883
16905,0.000384,74.125.200.0-255,2543,40984,17,393883
16906,0.000388,172.31.36.0-255,66,41050,17,393883
16907,0.000392,74.125.200.0-255,1484,42534,17,393883
16908,0.000394,172.31.36.0-255,66,42600,17,393883
16909,0.000399,74.125.200.0-255,2902,45502,17,393883
16910,0.000403,172.31.36.0-255,66,45568,17,393883
16911,0.000438,74.125.200.0-255,2902,48470,17,393883
16912,0.000442,172.31.36.0-255,66,48536,17,393883
16913,0.000458,74.125.200.0-255,2902,51438,17,393883
16914,0.000461,172.31.36.0-255,66,51504,17,393883
16915,0.000468,74.125.200.0-255,7073,58577,17,393883
16916,0.000471,172.31.36.0-255,66,58643,17,393883
16917,0.00062,74.125.200.0-255,129,58772,17,393883
16918,0.000758,74.125.200.0-255,1484,60256,17,393883
16919,0.000762,172.31.36.0-255,66,60322,17,393883
16920,0.000768,74.125.200.0-255,2902,63224,17,393883
16921,0.00077,172.31.36.0-255,66,63290,17,393883
16922,0.000785,74.125.200.0-255,2902,66192,17,393883
16923,0.000787,172.31.36.0-255,66,66258,17,393883
16924,0.000792,74.125.200.0-255,2902,69160,17,393883
16925,0.000794,172.31.36.0-255,66,69226,17,393883
16926,0.000814,74.125.200.0-255,1484,70710,17,393883
16927,0.000832,74.125.200.0-255,4320,75030,17,393883
16928,0.000835,172.31.36.0-255,66,75096,17,393883
16929,0.000858,74.125.200.0-255,5379,80475,17,393883
16930,0.000862,172.31.36.0-255,66,80541,17,393883
16931,0.000866,74.125.200.0-255,2902,83443,17,393883
16932,0.000868,172.31.36.0-255,66,83509,17,393883
16933,0.000894,74.125.200.0-255,4320,87829,17,393883
16934,0.000897,172.31.36.0-255,66,87895,17,393883
16935,0.000917,74.125.200.0-255,5379,93274,17,393883
16936,0.00092,172.31.36.0-255,66,93340,17,393883
16937,0.001923,74.125.200.0-255,1484,94824,17,393883
16938,0.001944,74.125.200.0-255,2902,97726,17,393883
16939,0.001949,172.31.36.0-255,66,97792,17,393883
16940,0.001954,74.125.200.0-255,1484,99276,17,393883
16941,0.001957,74.125.200.0-255,1484,100760,17,393883
16942,0.001959,172.31.36.0-255,66,100826,17,393883
16943,0.001978,74.125.200.0-255,1484,102310,17,393883
16944,0.001984,74.125.200.0-255,5738,108048,17,393883
16945,0.001986,172.31.36.0-255,66,108114,17,393883
16946,0.002019,74.125.200.0-255,7156,115270,17,393883
16947,0.002021,172.31.36.0-255,66,115336,17,393883
16948,0.00204,74.125.200.0-255,4320,119656,17,393883
16949,0.002042,172.31.36.0-255,66,119722,17,393883
16950,0.002078,74.125.200.0-255,5738,125460,17,393883
16951,0.00208,172.31.36.0-255,66,125526,17,393883
16952,0.002097,74.125.200.0-255,2184,127710,17,393883
16953,0.002099,172.31.36.0-255,66,127776,17,393883
16954,0.002137,74.125.200.0-255,1484,129260,17,393883
16955,0.00214,74.125.200.0-255,1484,130744,17,393883
16956,0.002142,172.31.36.0-255,66,130810,17,393883
16957,0.002159,74.125.200.0-255,1484,132294,17,393883
16958,0.002165,74.125.200.0-255,5738,138032,17,393883
16959,0.002167,172.31.36.0-255,66,138098,17,393883
16960,0.002189,74.125.200.0-255,7156,145254,17,393883
16961,0.002191,172.31.36.0-255,66,145320,17,393883
16962,0.002219,74.125.200.0-255,2902,148222,17,393883
16963,0.002221,172.31.36.0-255,66,148288,17,393883
16964,0.002247,172.31.36.0-255,66,148354,17,393883
16965,0.00228,74.125.200.0-255,3602,151956,17,393883
16966,0.002283,172.31.36.0-255,66,152022,17,393883
16967,0.004593,74.125.200.0-255,1484,153506,17,393883
16968,0.004645,74.125.200.0-255,2902,156408,17,393883
16969,0.004649,172.31.36.0-255,66,156474,17,393883
16970,0.004663,74.125.200.0-255,1484,157958,17,393883
16971,0.007024,74.125.200.0-255,4320,162278,17,393883
16972,0.007032,172.31.36.0-255,66,162344,17,393883
16973,0.009394,74.125.200.0-255,5738,168082,17,393883
16974,0.0094,172.31.36.0-255,66,168148,17,393883
16975,0.011761,74.125.200.0-255,5738,173886,17,393883
16976,0.011769,172.31.36.0-255,66,173952,17,393883
16977,0.014142,74.125.200.0-255,5738,179690,17,393883
16978,0.01415,172.31.36.0-255,66,179756,17,393883
16979,0.016529,74.125.200.0-255,5738,185494,17,393883
16980,0.016538,172.31.36.0-255,66,185560,17,393883
16981,0.018894,74.125.200.0-255,2902,188462,17,393883
16982,0.0189,172.31.36.0-255,66,188528,17,393883
16983,0.018927,74.125.200.0-255,2902,191430,17,393883
16984,0.01893,172.31.36.0-255,66,191496,17,393883
16985,0.021256,74.125.200.0-255,2902,194398,17,393883
16986,0.021263,172.31.36.0-255,66,194464,17,393883
16987,0.021295,74.125.200.0-255,2902,197366,17,393883
16988,0.021298,172.31.36.0-255,66,197432,17,393883
16989,0.023625,74.125.200.0-255,2902,200334,17,393883
16990,0.023633,172.31.36.0-255,66,200400,17,393883
16991,0.023665,74.125.200.0-255,2902,203302,17,393883
16992,0.023668,172.31.36.0-255,66,203368,17,393883
16993,0.025999,74.125.200.0-255,2902,206270,17,393883
16994,0.026008,172.31.36.0-255,66,206336,17,393883
16995,0.026028,74.125.200.0-255,2902,209238,17,393883
16996,0.026031,172.31.36.0-255,66,209304,17,393883
16997,0.026544,172.31.36.0-255,188,209492,17,393883
16998,0.026589,172.31.36.0-255,961,210453,17,393883
16999,0.026666,172.31.36.0-255,1514,211967,17,393883
17000,0.026668,172.31.36.0-255,1427,213394,17,393883
17001,0.028086,104.244.42.0-255,66,213460,17,393883
17002,0.028132,104.244.42.0-255,66,213526,17,393883
17003,0.02822,104.244.42.0-255,66,213592,17,393883
17004,0.028363,74.125.200.0-255,2902,216494,17,393883
17005,0.028369,172.31.36.0-255,66,216560,17,393883
17006,0.0284,74.125.200.0-255,2902,219462,17,393883
17007,0.028404,172.31.36.0-255,66,219528,17,393883
17008,0.030729,74.125.200.0-255,1484,221012,17,393883
17009,0.030765,74.125.200.0-255,4320,225332,17,393883
17010,0.030772,172.31.36.0-255,66,225398,17,393883
17011,0.033157,74.125.200.0-255,5738,231136,17,393883
17012,0.033165,172.31.36.0-255,66,231202,17,393883
17013,0.035531,74.125.200.0-255,5738,236940,17,393883
17014,0.035542,172.31.36.0-255,66,237006,17,393883
17015,0.037906,74.125.200.0-255,5738,242744,17,393883
17016,0.037914,172.31.36.0-255,66,242810,17,393883
17017,0.040262,74.125.200.0-255,5738,248548,17,393883
17018,0.040268,172.31.36.0-255,66,248614,17,393883
17019,0.042624,74.125.200.0-255,4320,252934,17,393883
17020,0.042629,172.31.36.0-255,66,253000,17,393883
17021,0.042656,74.125.200.0-255,1484,254484,17,393883
17022,0.044994,74.125.200.0-255,4320,258804,17,393883
17023,0.045,172.31.36.0-255,66,258870,17,393883
17024,0.047367,74.125.200.0-255,5738,264608,17,393883
17025,0.047372,172.31.36.0-255,66,264674,17,393883
17026,0.04972,74.125.200.0-255,1484,266158,17,393883
17027,0.049753,74.125.200.0-255,4320,270478,17,393883
17028,0.049758,172.31.36.0-255,66,270544,17,393883
17029,0.052104,74.125.200.0-255,2902,273446,17,393883
17030,0.05211,172.31.36.0-255,66,273512,17,393883
17031,0.052139,74.125.200.0-255,2902,276414,17,393883
17032,0.052142,172.31.36.0-255,66,276480,17,393883
17033,0.054459,74.125.200.0-255,2902,279382,17,393883
17034,0.054464,172.31.36.0-255,66,279448,17,393883
17035,0.054495,74.125.200.0-255,2902,282350,17,393883
17036,0.054498,172.31.36.0-255,66,282416,17,393883
17037,0.056825,74.125.200.0-255,2902,285318,17,393883
17038,0.056831,172.31.36.0-255,66,285384,17,393883
17039,0.056863,74.125.200.0-255,2902,288286,17,393883
17040,0.056867,172.31.36.0-255,66,288352,17,393883
17041,0.05918,74.125.200.0-255,2902,291254,17,393883
17042,0.059185,172.31.36.0-255,66,291320,17,393883
17043,0.059216,74.125.200.0-255,2902,294222,17,393883
17044,0.059219,172.31.36.0-255,66,294288,17,393883
17045,0.061538,74.125.200.0-255,2902,297190,17,393883
17046,0.061543,172.31.36.0-255,66,297256,17,393883
17047,0.061596,74.125.200.0-255,2902,300158,17,393883
17048,0.0616,172.31.36.0-255,66,300224,17,393883
17049,0.063905,74.125.200.0-255,2902,303126,17,393883
17050,0.063911,172.31.36.0-255,66,303192,17,393883
17051,0.063942,74.125.200.0-255,2902,306094,17,393883
17052,0.063945,172.31.36.0-255,66,306160,17,393883
17053,0.066263,74.125.200.0-255,2902,309062,17,393883
17054,0.066269,172.31.36.0-255,66,309128,17,393883
17055,0.066303,74.125.200.0-255,1484,310612,17,393883
17056,0.06632,74.125.200.0-255,1484,312096,17,393883
17057,0.066325,172.31.36.0-255,66,312162,17,393883
17058,0.066407,172.31.36.0-255,101,312263,17,393883
17059,0.068621,74.125.200.0-255,2902,315165,17,393883
17060,0.068626,172.31.36.0-255,66,315231,17,393883
17061,0.068654,74.125.200.0-255,2902,318133,17,393883
17062,0.068657,172.31.36.0-255,66,318199,17,393883
17063,0.068717,74.125.200.0-255,66,318265,17,393883
17064,0.070981,74.125.200.0-255,2902,321167,17,393883
17065,0.070986,172.31.36.0-255,66,321233,17,393883
17066,0.071016,74.125.200.0-255,2902,324135,17,393883
17067,0.071019,172.31.36.0-255,66,324201,17,393883
17068,0.073346,74.125.200.0-255,2902,327103,17,393883
17069,0.073351,172.31.36.0-255,66,327169,17,393883
17070,0.073386,74.125.200.0-255,2902,330071,17,393883
17071,0.07339,172.31.36.0-255,66,330137,17,393883
17072,0.075707,74.125.200.0-255,2902,333039,17,393883
17073,0.075712,172.31.36.0-255,66,333105,17,393883
17074,0.075742,74.125.200.0-255,2902,336007,17,393883
17075,0.075745,172.31.36.0-255,66,336073,17,393883
17076,0.078073,74.125.200.0-255,2902,338975,17,393883
17077,0.078078,172.31.36.0-255,66,339041,17,393883
17078,0.078107,74.125.200.0-255,2902,341943,17,393883
17079,0.07811,172.31.36.0-255,66,342009,17,393883
17080,0.080423,74.125.200.0-255,2902,344911,17,393883
17081,0.080428,172.31.36.0-255,66,344977,17,393883
17082,0.080461,74.125.200.0-255,2902,347879,17,393883
17083,0.080464,172.31.36.0-255,66,347945,17,393883
17084,0.082786,74.125.200.0-255,2902,350847,17,393883
17085,0.082791,172.31.36.0-255,66,350913,17,393883
17086,0.082819,74.125.200.0-255,2902,353815,17,393883
17087,0.082822,172.31.36.0-255,66,353881,17,393883
17088,0.085152,74.125.200.0-255,2902,356783,17,393883
17089,0.085157,172.31.36.0-255,66,356849,17,393883
17090,0.085183,74.125.200.0-255,2902,359751,17,393883
17091,0.085186,172.31.36.0-255,66,359817,17,393883
17092,0.087519,74.125.200.0-255,2902,362719,17,393883
17093,0.087525,172.31.36.0-255,66,362785,17,393883
17094,0.087555,74.125.200.0-255,2902,365687,17,393883
17095,0.087558,172.31.36.0-255,66,365753,17,393883
17096,0.089878,74.125.200.0-255,2902,368655,17,393883
17097,0.089883,172.31.36.0-255,66,368721,17,393883
17098,0.089913,74.125.200.0-255,2902,371623,17,393883
17099,0.089916,172.31.36.0-255,66,371689,17,393883
17100,0.092274,74.125.200.0-255,2902,374591,17,393883
17101,0.092279,172.31.36.0-255,66,374657,17,393883
17102,0.09231,74.125.200.0-255,2902,377559,17,393883
17103,0.092313,172.31.36.0-255,66,377625,17,393883
17104,0.094636,74.125.200.0-255,2902,380527,17,393883
17105,0.094642,172.31.36.0-255,66,380593,17,393883
17106,0.09467,74.125.200.0-255,2902,383495,17,393883
17107,0.094673,172.31.36.0-255,66,383561,17,393883
17108,0.09701,74.125.200.0-255,4320,387881,17,393883
17109,0.097016,172.31.36.0-255,66,387947,17,393883
17110,0.097042,74.125.200.0-255,1484,389431,17,393883
17111,0.099372,74.125.200.0-255,2902,392333,17,393883
17112,0.099378,172.31.36.0-255,66,392399,17,393883
17113,0.099406,74.125.200.0-255,1484,393883,17,393883
17114,0.0,172.217.194.0-255,156,156,17,331763
17115,2.9e-05,172.31.36.0-255,66,222,17,331763
17116,3.5e-05,172.217.194.0-255,1484,1706,17,331763
17117,4e-05,172.31.36.0-255,66,1772,17,331763
17118,4.5e-05,172.217.194.0-255,2902,4674,17,331763
17119,4.9e-05,172.31.36.0-255,66,4740,17,331763
17120,5.7e-05,172.217.194.0-255,7156,11896,17,331763
17121,6e-05,172.31.36.0-255,66,11962,17,331763
17122,0.000112,172.31.36.0-255,66,12028,17,331763
17123,0.000119,172.217.194.0-255,6797,18825,17,331763
17124,0.000122,172.31.36.0-255,66,18891,17,331763
17125,0.000137,172.217.194.0-255,1484,20375,17,331763
17126,0.00014,172.31.36.0-255,66,20441,17,331763
17127,0.000162,172.217.194.0-255,5738,26179,17,331763
17128,0.000165,172.31.36.0-255,66,26245,17,331763
17129,0.000176,172.31.36.0-255,66,26311,17,331763
17130,0.000189,172.217.194.0-255,1125,27436,17,331763
17131,0.000191,172.31.36.0-255,66,27502,17,331763
17132,0.000445,172.217.194.0-255,1484,28986,17,331763
17133,0.000449,172.31.36.0-255,66,29052,17,331763
17134,0.000456,172.217.194.0-255,2902,31954,17,331763
17135,0.000459,172.31.36.0-255,66,32020,17,331763
17136,0.000462,172.217.194.0-255,1484,33504,17,331763
17137,0.000464,172.31.36.0-255,66,33570,17,331763
17138,0.000489,172.217.194.0-255,4320,37890,17,331763
17139,0.000491,172.31.36.0-255,66,37956,17,331763
17140,0.000497,172.217.194.0-255,4320,42276,17,331763
17141,0.000499,172.31.36.0-255,66,42342,17,331763
17142,0.000514,172.217.194.0-255,2543,44885,17,331763
17143,0.000517,172.31.36.0-255,66,44951,17,331763
17144,0.000556,172.217.194.0-255,1484,46435,17,331763
17145,0.000561,172.217.194.0-255,2902,49337,17,331763
17146,0.000564,172.31.36.0-255,66,49403,17,331763
17147,0.000587,172.217.194.0-255,5738,55141,17,331763
17148,0.000591,172.31.36.0-255,66,55207,17,331763
17149,0.000613,172.31.36.0-255,66,55273,17,331763
17150,0.000629,172.217.194.0-255,2543,57816,17,331763
17151,0.000638,172.31.36.0-255,66,57882,17,331763
17152,0.000641,172.31.36.0-255,66,57948,17,331763
17153,0.000653,172.217.194.0-255,1706,59654,17,331763
17154,0.000656,172.31.36.0-255,66,59720,17,331763
17155,0.00087,172.217.194.0-255,1484,61204,17,331763
17156,0.000877,172.217.194.0-255,2902,64106,17,331763
17157,0.000881,172.31.36.0-255,66,64172,17,331763
17158,0.000887,172.217.194.0-255,5738,69910,17,331763
17159,0.000889,172.31.36.0-255,66,69976,17,331763
17160,0.000927,172.31.36.0-255,66,70042,17,331763
17161,0.000953,172.217.194.0-255,2902,72944,17,331763
17162,0.000956,172.31.36.0-255,66,73010,17,331763
17163,0.000984,172.31.36.0-255,66,73076,17,331763
17164,0.001483,172.217.194.0-255,1484,74560,17,331763
17165,0.001492,172.217.194.0-255,2902,77462,17,331763
17166,0.001497,172.31.36.0-255,66,77528,17,331763
17167,0.001522,172.217.194.0-255,4320,81848,17,331763
17168,0.001525,172.31.36.0-255,66,81914,17,331763
17169,0.001536,172.31.36.0-255,66,81980,17,331763
17170,0.001572,172.217.194.0-255,5738,87718,17,331763
17171,0.001576,172.31.36.0-255,66,87784,17,331763
17172,0.001606,172.31.36.0-255,66,87850,17,331763
17173,0.002274,172.217.194.0-255,1484,89334,17,331763
17174,0.002286,172.217.194.0-255,2902,92236,17,331763
17175,0.00229,172.31.36.0-255,66,92302,17,331763
17176,0.002297,172.217.194.0-255,5738,98040,17,331763
17177,0.002299,172.31.36.0-255,66,98106,17,331763
17178,0.002306,172.217.194.0-255,5738,103844,17,331763
17179,0.002308,172.31.36.0-255,66,103910,17,331763
17180,0.002332,172.217.194.0-255,7156,111066,17,331763
17181,0.002334,172.31.36.0-255,66,111132,17,331763
17182,0.002346,172.31.36.0-255,66,111198,17,331763
17183,0.002469,172.217.194.0-255,1484,112682,17,331763
17184,0.002485,172.217.194.0-255,2902,115584,17,331763
17185,0.002487,172.31.36.0-255,66,115650,17,331763
17186,0.002493,172.217.194.0-255,4320,119970,17,331763
17187,0.002495,172.31.36.0-255,66,120036,17,331763
17188,0.002506,172.217.194.0-255,1484,121520,17,331763
17189,0.00252,172.217.194.0-255,5738,127258,17,331763
17190,0.002523,172.31.36.0-255,66,127324,17,331763
17191,0.002544,172.217.194.0-255,7156,134480,17,331763
17192,0.002547,172.31.36.0-255,66,134546,17,331763
17193,0.002552,172.217.194.0-255,4320,138866,17,331763
17194,0.002554,172.31.36.0-255,66,138932,17,331763
17195,0.002576,172.217.194.0-255,1484,140416,17,331763
17196,0.00258,172.217.194.0-255,2902,143318,17,331763
17197,0.002582,172.31.36.0-255,66,143384,17,331763
17198,0.002597,172.217.194.0-255,2184,145568,17,331763
17199,0.0026,172.31.36.0-255,66,145634,17,331763
17200,0.005139,172.217.194.0-255,2902,148536,17,331763
17201,0.005142,172.31.36.0-255,66,148602,17,331763
17202,0.005156,172.217.194.0-255,2902,151504,17,331763
17203,0.005159,172.31.36.0-255,66,151570,17,331763
17204,0.007695,172.217.194.0-255,2902,154472,17,331763
17205,0.007701,172.31.36.0-255,66,154538,17,331763
17206,0.00773,172.217.194.0-255,2902,157440,17,331763
17207,0.007733,172.31.36.0-255,66,157506,17,331763
17208,0.01026,172.217.194.0-255,2902,160408,17,331763
17209,0.010267,172.31.36.0-255,66,160474,17,331763
17210,0.010292,172.217.194.0-255,2902,163376,17,331763
17211,0.010296,172.31.36.0-255,66,163442,17,331763
17212,0.012836,172.217.194.0-255,5738,169180,17,331763
17213,0.012845,172.31.36.0-255,66,169246,17,331763
17214,0.015415,172.217.194.0-255,5738,174984,17,331763
17215,0.015426,172.31.36.0-255,66,175050,17,331763
17216,0.017971,172.217.194.0-255,5738,180788,17,331763
17217,0.017979,172.31.36.0-255,66,180854,17,331763
17218,0.020537,172.217.194.0-255,5738,186592,17,331763
17219,0.020547,172.31.36.0-255,66,186658,17,331763
17220,0.02312,172.217.194.0-255,5738,192396,17,331763
17221,0.023133,172.31.36.0-255,66,192462,17,331763
17222,0.025704,172.217.194.0-255,5738,198200,17,331763
17223,0.025717,172.31.36.0-255,66,198266,17,331763
17224,0.028276,172.217.194.0-255,5738,204004,17,331763
17225,0.028284,172.31.36.0-255,66,204070,17,331763
17226,0.030843,172.217.194.0-255,5738,209808,17,331763
17227,0.03085,172.31.36.0-255,66,209874,17,331763
17228,0.032124,172.31.36.0-255,172,210046,17,331763
17229,0.032156,172.31.36.0-255,1117,211163,17,331763
17230,0.032187,172.31.36.0-255,1514,212677,17,331763
17231,0.032189,172.31.36.0-255,1271,213948,17,331763
17232,0.033402,172.217.194.0-255,2902,216850,17,331763
17233,0.033408,172.31.36.0-255,66,216916,17,331763
17234,0.033438,172.217.194.0-255,2902,219818,17,331763
17235,0.033441,172.31.36.0-255,66,219884,17,331763
17236,0.033682,104.244.42.0-255,66,219950,17,331763
17237,0.033689,104.244.42.0-255,66,220016,17,331763
17238,0.033721,104.244.42.0-255,66,220082,17,331763
17239,0.03597,172.217.194.0-255,2902,222984,17,331763
17240,0.035976,172.31.36.0-255,66,223050,17,331763
17241,0.036012,172.217.194.0-255,2902,225952,17,331763
17242,0.036015,172.31.36.0-255,66,226018,17,331763
17243,0.038539,172.217.194.0-255,2902,228920,17,331763
17244,0.038544,172.31.36.0-255,66,228986,17,331763
17245,0.038606,172.217.194.0-255,2902,231888,17,331763
17246,0.03861,172.31.36.0-255,66,231954,17,331763
17247,0.041121,172.217.194.0-255,2902,234856,17,331763
17248,0.041127,172.31.36.0-255,66,234922,17,331763
17249,0.041163,172.217.194.0-255,2902,237824,17,331763
17250,0.041166,172.31.36.0-255,66,237890,17,331763
17251,0.043667,172.217.194.0-255,2902,240792,17,331763
17252,0.043688,172.31.36.0-255,66,240858,17,331763
17253,0.04372,172.217.194.0-255,2902,243760,17,331763
17254,0.043724,172.31.36.0-255,66,243826,17,331763
17255,0.046236,172.217.194.0-255,2902,246728,17,331763
17256,0.046242,172.31.36.0-255,66,246794,17,331763
17257,0.046268,172.217.194.0-255,2902,249696,17,331763
17258,0.04627,172.31.36.0-255,66,249762,17,331763
17259,0.048801,172.217.194.0-255,2902,252664,17,331763
17260,0.048807,172.31.36.0-255,66,252730,17,331763
17261,0.048837,172.217.194.0-255,2902,255632,17,331763
17262,0.048841,172.31.36.0-255,66,255698,17,331763
17263,0.051367,172.217.194.0-255,2902,258600,17,331763
17264,0.051374,172.31.36.0-255,66,258666,17,331763
17265,0.051393,172.217.194.0-255,2902,261568,17,331763
17266,0.051396,172.31.36.0-255,66,261634,17,331763
17267,0.053928,172.217.194.0-255,5738,267372,17,331763
17268,0.053933,172.31.36.0-255,66,267438,17,331763
17269,0.056495,172.217.194.0-255,5738,273176,17,331763
17270,0.0565,172.31.36.0-255,66,273242,17,331763
17271,0.059057,172.217.194.0-255,5738,278980,17,331763
17272,0.059062,172.31.36.0-255,66,279046,17,331763
17273,0.061606,172.217.194.0-255,4320,283366,17,331763
17274,0.061611,172.31.36.0-255,66,283432,17,331763
17275,0.061643,172.217.194.0-255,1484,284916,17,331763
17276,0.064171,172.217.194.0-255,4320,289236,17,331763
17277,0.064177,172.31.36.0-255,66,289302,17,331763
17278,0.066729,172.217.194.0-255,5738,295040,17,331763
17279,0.066734,172.31.36.0-255,66,295106,17,331763
17280,0.069299,172.217.194.0-255,5738,300844,17,331763
17281,0.069305,172.31.36.0-255,66,300910,17,331763
17282,0.071878,172.217.194.0-255,5738,306648,17,331763
17283,0.071883,172.31.36.0-255,66,306714,17,331763
17284,0.074439,172.217.194.0-255,5738,312452,17,331763
17285,0.074446,172.31.36.0-255,66,312518,17,331763
17286,0.077022,172.217.194.0-255,5738,318256,17,331763
17287,0.077027,172.31.36.0-255,66,318322,17,331763
17288,0.07959,172.217.194.0-255,5738,324060,17,331763
17289,0.079596,172.31.36.0-255,66,324126,17,331763
17290,0.082151,172.217.194.0-255,5738,329864,17,331763
17291,0.082159,172.31.36.0-255,66,329930,17,331763
17292,0.084735,172.217.194.0-255,1596,331526,17,331763
17293,0.084743,172.31.36.0-255,66,331592,17,331763
17294,0.085132,172.31.36.0-255,105,331697,17,331763
17295,0.087655,172.217.194.0-255,66,331763,17,331763
17296,0.0,74.125.200.0-255,374,374,17,276482
17297,2.7e-05,172.31.36.0-255,66,440,17,276482
17298,3.5e-05,74.125.200.0-255,1484,1924,17,276482
17299,4e-05,172.31.36.0-255,66,1990,17,276482
17300,5.5e-05,74.125.200.0-255,2902,4892,17,276482
17301,5.9e-05,172.31.36.0-255,66,4958,17,276482
17302,0.000164,74.125.200.0-255,2902,7860,17,276482
17303,0.000168,172.31.36.0-255,66,7926,17,276482
17304,0.000185,74.125.200.0-255,2902,10828,17,276482
17305,0.000189,172.31.36.0-255,66,10894,17,276482
17306,0.000429,74.125.200.0-255,1484,12378,17,276482
17307,0.000434,172.31.36.0-255,66,12444,17,276482
17308,0.000485,74.125.200.0-255,1484,13928,17,276482
17309,0.000489,172.31.36.0-255,66,13994,17,276482
17310,0.000533,172.31.36.0-255,66,14060,17,276482
17311,0.000903,172.31.36.0-255,66,14126,17,276482
17312,0.001311,74.125.200.0-255,5738,19864,17,276482
17313,0.001318,172.31.36.0-255,66,19930,17,276482
17314,0.002326,74.125.200.0-255,2902,22832,17,276482
17315,0.002334,172.31.36.0-255,66,22898,17,276482
17316,0.003597,74.125.200.0-255,2902,25800,17,276482
17317,0.003603,172.31.36.0-255,66,25866,17,276482
17318,0.00461,74.125.200.0-255,2902,28768,17,276482
17319,0.00462,172.31.36.0-255,66,28834,17,276482
17320,0.00589,74.125.200.0-255,2902,31736,17,276482
17321,0.005899,172.31.36.0-255,66,31802,17,276482
17322,0.006911,74.125.200.0-255,2902,34704,17,276482
17323,0.006916,172.31.36.0-255,66,34770,17,276482
17324,0.008212,74.125.200.0-255,2902,37672,17,276482
17325,0.00822,172.31.36.0-255,66,37738,17,276482
17326,0.009203,74.125.200.0-255,2902,40640,17,276482
17327,0.009212,172.31.36.0-255,66,40706,17,276482
17328,0.01052,74.125.200.0-255,2902,43608,17,276482
17329,0.010533,172.31.36.0-255,66,43674,17,276482
17330,0.011494,74.125.200.0-255,2902,46576,17,276482
17331,0.0115,172.31.36.0-255,66,46642,17,276482
17332,0.012832,74.125.200.0-255,2902,49544,17,276482
17333,0.012841,172.31.36.0-255,66,49610,17,276482
17334,0.013832,74.125.200.0-255,2902,52512,17,276482
17335,0.013842,172.31.36.0-255,66,52578,17,276482
17336,0.015118,74.125.200.0-255,2902,55480,17,276482
17337,0.015127,172.31.36.0-255,66,55546,17,276482
17338,0.016128,74.125.200.0-255,2902,58448,17,276482
17339,0.016137,172.31.36.0-255,66,58514,17,276482
17340,0.017415,74.125.200.0-255,2902,61416,17,276482
17341,0.017425,172.31.36.0-255,66,61482,17,276482
17342,0.01842,74.125.200.0-255,2902,64384,17,276482
17343,0.018427,172.31.36.0-255,66,64450,17,276482
17344,0.019711,74.125.200.0-255,2902,67352,17,276482
17345,0.019719,172.31.36.0-255,66,67418,17,276482
17346,0.020724,74.125.200.0-255,2902,70320,17,276482
17347,0.020731,172.31.36.0-255,66,70386,17,276482
17348,0.021996,74.125.200.0-255,2902,73288,17,276482
17349,0.022005,172.31.36.0-255,66,73354,17,276482
17350,0.023016,74.125.200.0-255,2902,76256,17,276482
17351,0.023024,172.31.36.0-255,66,76322,17,276482
17352,0.024295,74.125.200.0-255,2902,79224,17,276482
17353,0.024304,172.31.36.0-255,66,79290,17,276482
17354,0.025319,74.125.200.0-255,2902,82192,17,276482
17355,0.025328,172.31.36.0-255,66,82258,17,276482
17356,0.025792,172.31.36.0-255,172,82430,17,276482
17357,0.025822,172.31.36.0-255,1118,83548,17,276482
17358,0.025881,172.31.36.0-255,1514,85062,17,276482
17359,0.025883,172.31.36.0-255,1270,86332,17,276482
17360,0.026582,74.125.200.0-255,2902,89234,17,276482
17361,0.026589,172.31.36.0-255,66,89300,17,276482
17362,0.02736,104.244.42.0-255,66,89366,17,276482
17363,0.027398,104.244.42.0-255,66,89432,17,276482
17364,0.02744,104.244.42.0-255,66,89498,17,276482
17365,0.0276,74.125.200.0-255,2902,92400,17,276482
17366,0.027606,172.31.36.0-255,66,92466,17,276482
17367,0.028879,74.125.200.0-255,2902,95368,17,276482
17368,0.028886,172.31.36.0-255,66,95434,17,276482
17369,0.029909,74.125.200.0-255,2902,98336,17,276482
17370,0.029917,172.31.36.0-255,66,98402,17,276482
17371,0.031179,74.125.200.0-255,2902,101304,17,276482
17372,0.031186,172.31.36.0-255,66,101370,17,276482
17373,0.032218,74.125.200.0-255,2902,104272,17,276482
17374,0.032225,172.31.36.0-255,66,104338,17,276482
17375,0.03348,74.125.200.0-255,2902,107240,17,276482
17376,0.033487,172.31.36.0-255,66,107306,17,276482
17377,0.034507,74.125.200.0-255,2902,110208,17,276482
17378,0.034514,172.31.36.0-255,66,110274,17,276482
17379,0.035769,74.125.200.0-255,2902,113176,17,276482
17380,0.035775,172.31.36.0-255,66,113242,17,276482
17381,0.0368,74.125.200.0-255,2902,116144,17,276482
17382,0.036806,172.31.36.0-255,66,116210,17,276482
17383,0.038054,74.125.200.0-255,2902,119112,17,276482
17384,0.038062,172.31.36.0-255,66,119178,17,276482
17385,0.039087,74.125.200.0-255,2902,122080,17,276482
17386,0.039095,172.31.36.0-255,66,122146,17,276482
17387,0.040357,74.125.200.0-255,2902,125048,17,276482
17388,0.040365,172.31.36.0-255,66,125114,17,276482
17389,0.041395,74.125.200.0-255,2902,128016,17,276482
17390,0.041402,172.31.36.0-255,66,128082,17,276482
17391,0.042669,74.125.200.0-255,2902,130984,17,276482
17392,0.042676,172.31.36.0-255,66,131050,17,276482
17393,0.043694,74.125.200.0-255,2902,133952,17,276482
17394,0.043701,172.31.36.0-255,66,134018,17,276482
17395,0.044959,74.125.200.0-255,2902,136920,17,276482
17396,0.044967,172.31.36.0-255,66,136986,17,276482
17397,0.045998,74.125.200.0-255,2902,139888,17,276482
17398,0.046006,172.31.36.0-255,66,139954,17,276482
17399,0.047251,74.125.200.0-255,2902,142856,17,276482
17400,0.047258,172.31.36.0-255,66,142922,17,276482
17401,0.048292,74.125.200.0-255,2902,145824,17,276482
17402,0.048299,172.31.36.0-255,66,145890,17,276482
17403,0.049541,74.125.200.0-255,2902,148792,17,276482
17404,0.049548,172.31.36.0-255,66,148858,17,276482
17405,0.050644,74.125.200.0-255,2902,151760,17,276482
17406,0.050651,172.31.36.0-255,66,151826,17,276482
17407,0.051828,74.125.200.0-255,2902,154728,17,276482
17408,0.051834,172.31.36.0-255,66,154794,17,276482
17409,0.052929,74.125.200.0-255,2902,157696,17,276482
17410,0.052937,172.31.36.0-255,66,157762,17,276482
17411,0.05416,74.125.200.0-255,2902,160664,17,276482
17412,0.054166,172.31.36.0-255,66,160730,17,276482
17413,0.055235,74.125.200.0-255,2902,163632,17,276482
17414,0.055241,172.31.36.0-255,66,163698,17,276482
17415,0.056467,74.125.200.0-255,2902,166600,17,276482
17416,0.056474,172.31.36.0-255,66,166666,17,276482
17417,0.057521,74.125.200.0-255,2902,169568,17,276482
17418,0.057527,172.31.36.0-255,66,169634,17,276482
17419,0.05877,74.125.200.0-255,2902,172536,17,276482
17420,0.058777,172.31.36.0-255,66,172602,17,276482
17421,0.059807,74.125.200.0-255,2902,175504,17,276482
17422,0.059812,172.31.36.0-255,66,175570,17,276482
17423,0.061066,74.125.200.0-255,2902,178472,17,276482
17424,0.061073,172.31.36.0-255,66,178538,17,276482
17425,0.062093,74.125.200.0-255,2902,181440,17,276482
17426,0.0621,172.31.36.0-255,66,181506,17,276482
17427,0.063378,74.125.200.0-255,2902,184408,17,276482
17428,0.063385,172.31.36.0-255,66,184474,17,276482
17429,0.064396,74.125.200.0-255,2902,187376,17,276482
17430,0.064402,172.31.36.0-255,66,187442,17,276482
17431,0.065691,74.125.200.0-255,2902,190344,17,276482
17432,0.065697,172.31.36.0-255,66,190410,17,276482
17433,0.066731,74.125.200.0-255,2902,193312,17,276482
17434,0.066738,172.31.36.0-255,66,193378,17,276482
17435,0.067971,74.125.200.0-255,2902,196280,17,276482
17436,0.067978,172.31.36.0-255,66,196346,17,276482
17437,0.069028,74.125.200.0-255,2902,199248,17,276482
17438,0.069034,172.31.36.0-255,66,199314,17,276482
17439,0.070256,74.125.200.0-255,2902,202216,17,276482
17440,0.070263,172.31.36.0-255,66,202282,17,276482
17441,0.071423,74.125.200.0-255,2902,205184,17,276482
17442,0.071429,172.31.36.0-255,66,205250,17,276482
17443,0.072549,74.125.200.0-255,2902,208152,17,276482
17444,0.072557,172.31.36.0-255,66,208218,17,276482
17445,0.073717,74.125.200.0-255,2902,211120,17,276482
17446,0.073725,172.31.36.0-255,66,211186,17,276482
17447,0.07484,74.125.200.0-255,2902,214088,17,276482
17448,0.074847,172.31.36.0-255,66,214154,17,276482
17449,0.076011,74.125.200.0-255,2902,217056,17,276482
17450,0.076019,172.31.36.0-255,66,217122,17,276482
17451,0.077135,74.125.200.0-255,2902,220024,17,276482
17452,0.077142,172.31.36.0-255,66,220090,17,276482
17453,0.078298,74.125.200.0-255,2902,222992,17,276482
17454,0.078305,172.31.36.0-255,66,223058,17,276482
17455,0.079424,74.125.200.0-255,2902,225960,17,276482
17456,0.079432,172.31.36.0-255,66,226026,17,276482
17457,0.080602,74.125.200.0-255,2902,228928,17,276482
17458,0.080609,172.31.36.0-255,66,228994,17,276482
17459,0.081725,74.125.200.0-255,2902,231896,17,276482
17460,0.081731,172.31.36.0-255,66,231962,17,276482
17461,0.08292,74.125.200.0-255,2902,234864,17,276482
17462,0.082929,172.31.36.0-255,66,234930,17,276482
17463,0.084044,74.125.200.0-255,2902,237832,17,276482
17464,0.084053,172.31.36.0-255,66,237898,17,276482
17465,0.085237,74.125.200.0-255,2902,240800,17,276482
17466,0.085245,172.31.36.0-255,66,240866,17,276482
17467,0.086349,74.125.200.0-255,2902,243768,17,276482
17468,0.086356,172.31.36.0-255,66,243834,17,276482
17469,0.087529,74.125.200.0-255,2902,246736,17,276482
17470,0.087538,172.31.36.0-255,66,246802,17,276482
17471,0.08867,74.125.200.0-255,2902,249704,17,276482
17472,0.088678,172.31.36.0-255,66,249770,17,276482
17473,0.089827,74.125.200.0-255,2902,252672,17,276482
17474,0.089834,172.31.36.0-255,66,252738,17,276482
17475,0.090966,74.125.200.0-255,2902,255640,17,276482
17476,0.090972,172.31.36.0-255,66,255706,17,276482
17477,0.092126,74.125.200.0-255,2902,258608,17,276482
17478,0.092133,172.31.36.0-255,66,258674,17,276482
17479,0.093268,74.125.200.0-255,2902,261576,17,276482
17480,0.093275,172.31.36.0-255,66,261642,17,276482
17481,0.094423,74.125.200.0-255,2902,264544,17,276482
17482,0.09443,172.31.36.0-255,66,264610,17,276482
17483,0.095556,74.125.200.0-255,2902,267512,17,276482
17484,0.095565,172.31.36.0-255,66,267578,17,276482
17485,0.096835,74.125.200.0-255,2902,270480,17,276482
17486,0.096844,172.31.36.0-255,66,270546,17,276482
17487,0.097857,74.125.200.0-255,2902,273448,17,276482
17488,0.097865,172.31.36.0-255,66,273514,17,276482
17489,0.099131,74.125.200.0-255,2902,276416,17,276482
17490,0.099137,172.31.36.0-255,66,276482,17,276482
17491,0.0,172.253.118.0-255,153,153,17,274063
17492,2.1e-05,172.31.36.0-255,66,219,17,274063
17493,2.8e-05,172.253.118.0-255,1484,1703,17,274063
17494,3.3e-05,172.31.36.0-255,66,1769,17,274063
17495,3.9e-05,172.253.118.0-255,2902,4671,17,274063
17496,4.1e-05,172.31.36.0-255,66,4737,17,274063
17497,5.9e-05,172.253.118.0-255,7156,11893,17,274063
17498,6.2e-05,172.31.36.0-255,66,11959,17,274063
17499,0.000102,172.253.118.0-255,7156,19115,17,274063
17500,0.000105,172.31.36.0-255,66,19181,17,274063
17501,0.000135,172.253.118.0-255,4936,24117,17,274063
17502,0.000138,172.31.36.0-255,66,24183,17,274063
17503,0.000146,172.253.118.0-255,6797,30980,17,274063
17504,0.000148,172.31.36.0-255,66,31046,17,274063
17505,0.000313,172.253.118.0-255,1484,32530,17,274063
17506,0.000318,172.31.36.0-255,66,32596,17,274063
17507,0.000322,172.253.118.0-255,1484,34080,17,274063
17508,0.000325,172.31.36.0-255,66,34146,17,274063
17509,0.000347,172.253.118.0-255,1484,35630,17,274063
17510,0.000349,172.31.36.0-255,66,35696,17,274063
17511,0.000361,172.253.118.0-255,5738,41434,17,274063
17512,0.000365,172.31.36.0-255,66,41500,17,274063
17513,0.00037,172.253.118.0-255,4320,45820,17,274063
17514,0.000373,172.31.36.0-255,66,45886,17,274063
17515,0.000413,172.31.36.0-255,66,45952,17,274063
17516,0.000424,172.31.36.0-255,66,46018,17,274063
17517,0.000426,172.253.118.0-255,1403,47421,17,274063
17518,0.000428,172.31.36.0-255,66,47487,17,274063
17519,0.000638,172.253.118.0-255,132,47619,17,274063
17520,0.000644,172.31.36.0-255,66,47685,17,274063
17521,0.000828,172.253.118.0-255,1484,49169,17,274063
17522,0.000835,172.253.118.0-255,2902,52071,17,274063
17523,0.000838,172.31.36.0-255,66,52137,17,274063
17524,0.000845,172.253.118.0-255,4320,56457,17,274063
17525,0.000847,172.31.36.0-255,66,56523,17,274063
17526,0.00087,172.253.118.0-255,1484,58007,17,274063
17527,0.000898,172.253.118.0-255,6797,64804,17,274063
17528,0.000905,172.31.36.0-255,66,64870,17,274063
17529,0.001013,172.253.118.0-255,1484,66354,17,274063
17530,0.001019,172.253.118.0-255,2902,69256,17,274063
17531,0.001022,172.31.36.0-255,66,69322,17,274063
17532,0.001052,172.253.118.0-255,5738,75060,17,274063
17533,0.001055,172.31.36.0-255,66,75126,17,274063
17534,0.001087,172.253.118.0-255,6797,81923,17,274063
17535,0.001091,172.31.36.0-255,66,81989,17,274063
17536,0.001429,172.253.118.0-255,1484,83473,17,274063
17537,0.001433,172.253.118.0-255,1484,84957,17,274063
17538,0.001437,172.31.36.0-255,66,85023,17,274063
17539,0.001467,172.253.118.0-255,1484,86507,17,274063
17540,0.001474,172.253.118.0-255,5738,92245,17,274063
17541,0.001477,172.31.36.0-255,66,92311,17,274063
17542,0.001513,172.31.36.0-255,66,92377,17,274063
17543,0.00154,172.253.118.0-255,1484,93861,17,274063
17544,0.001544,172.253.118.0-255,2902,96763,17,274063
17545,0.001547,172.31.36.0-255,66,96829,17,274063
17546,0.001583,172.31.36.0-255,66,96895,17,274063
17547,0.001981,172.253.118.0-255,1484,98379,17,274063
17548,0.001991,172.253.118.0-255,2902,101281,17,274063
17549,0.001994,172.31.36.0-255,66,101347,17,274063
17550,0.002001,172.253.118.0-255,5738,107085,17,274063
17551,0.002003,172.31.36.0-255,66,107151,17,274063
17552,0.002021,172.253.118.0-255,1484,108635,17,274063
17553,0.002052,172.31.36.0-255,66,108701,17,274063
17554,0.002056,172.253.118.0-255,1484,110185,17,274063
17555,0.002102,172.31.36.0-255,66,110251,17,274063
17556,0.002114,172.31.36.0-255,66,110317,17,274063
17557,0.002136,172.31.36.0-255,66,110383,17,274063
17558,0.002153,172.253.118.0-255,6438,116821,17,274063
17559,0.002155,172.31.36.0-255,66,116887,17,274063
17560,0.002236,172.253.118.0-255,7156,124043,17,274063
17561,0.002241,172.31.36.0-255,66,124109,17,274063
17562,0.002265,172.31.36.0-255,66,124175,17,274063
17563,0.002282,172.31.36.0-255,66,124241,17,274063
17564,0.002294,172.31.36.0-255,66,124307,17,274063
17565,0.002338,172.31.36.0-255,66,124373,17,274063
17566,0.002368,172.31.36.0-255,66,124439,17,274063
17567,0.004653,172.253.118.0-255,5738,130177,17,274063
17568,0.004659,172.31.36.0-255,66,130243,17,274063
17569,0.006943,172.253.118.0-255,5738,135981,17,274063
17570,0.006948,172.31.36.0-255,66,136047,17,274063
17571,0.009232,172.253.118.0-255,5738,141785,17,274063
17572,0.009239,172.31.36.0-255,66,141851,17,274063
17573,0.011529,172.253.118.0-255,5738,147589,17,274063
17574,0.011536,172.31.36.0-255,66,147655,17,274063
17575,0.013834,172.253.118.0-255,5738,153393,17,274063
17576,0.013841,172.31.36.0-255,66,153459,17,274063
17577,0.016128,172.253.118.0-255,5738,159197,17,274063
17578,0.016134,172.31.36.0-255,66,159263,17,274063
17579,0.018447,172.253.118.0-255,5738,165001,17,274063
17580,0.018458,172.31.36.0-255,66,165067,17,274063
17581,0.020744,172.253.118.0-255,5738,170805,17,274063
17582,0.020752,172.31.36.0-255,66,170871,17,274063
17583,0.02305,172.253.118.0-255,5738,176609,17,274063
17584,0.023058,172.31.36.0-255,66,176675,17,274063
17585,0.02536,172.253.118.0-255,5738,182413,17,274063
17586,0.025368,172.31.36.0-255,66,182479,17,274063
17587,0.027684,172.253.118.0-255,5738,188217,17,274063
17588,0.027691,172.31.36.0-255,66,188283,17,274063
17589,0.029981,172.253.118.0-255,5738,194021,17,274063
17590,0.029989,172.31.36.0-255,66,194087,17,274063
17591,0.032278,172.253.118.0-255,4320,198407,17,274063
17592,0.032284,172.31.36.0-255,66,198473,17,274063
17593,0.032327,172.253.118.0-255,1484,199957,17,274063
17594,0.032894,172.31.36.0-255,176,200133,17,274063
17595,0.033063,172.31.36.0-255,1117,201250,17,274063
17596,0.033152,172.31.36.0-255,1514,202764,17,274063
17597,0.033154,172.31.36.0-255,1271,204035,17,274063
17598,0.034426,104.244.42.0-255,66,204101,17,274063
17599,0.034566,172.253.118.0-255,4320,208421,17,274063
17600,0.03457,172.31.36.0-255,66,208487,17,274063
17601,0.034606,104.244.42.0-255,66,208553,17,274063
17602,0.0347,104.244.42.0-255,66,208619,17,274063
17603,0.036861,172.253.118.0-255,5738,214357,17,274063
17604,0.036867,172.31.36.0-255,66,214423,17,274063
17605,0.039148,172.253.118.0-255,5738,220161,17,274063
17606,0.039154,172.31.36.0-255,66,220227,17,274063
17607,0.041444,172.253.118.0-255,5738,225965,17,274063
17608,0.04145,172.31.36.0-255,66,226031,17,274063
17609,0.043741,172.253.118.0-255,5738,231769,17,274063
17610,0.043747,172.31.36.0-255,66,231835,17,274063
17611,0.046042,172.253.118.0-255,5738,237573,17,274063
17612,0.046047,172.31.36.0-255,66,237639,17,274063
17613,0.048375,172.253.118.0-255,5738,243377,17,274063
17614,0.048379,172.31.36.0-255,66,243443,17,274063
17615,0.050687,172.253.118.0-255,5738,249181,17,274063
17616,0.050694,172.31.36.0-255,66,249247,17,274063
17617,0.052977,172.253.118.0-255,5738,254985,17,274063
17618,0.052983,172.31.36.0-255,66,255051,17,274063
17619,0.055273,172.253.118.0-255,5738,260789,17,274063
17620,0.055279,172.31.36.0-255,66,260855,17,274063
17621,0.057574,172.253.118.0-255,5738,266593,17,274063
17622,0.05758,172.31.36.0-255,66,266659,17,274063
17623,0.059873,172.253.118.0-255,5738,272397,17,274063
17624,0.05988,172.31.36.0-255,66,272463,17,274063
17625,0.062163,172.253.118.0-255,1363,273826,17,274063
17626,0.062294,172.31.36.0-255,66,273892,17,274063
17627,0.062319,172.31.36.0-255,105,273997,17,274063
17628,0.064575,172.253.118.0-255,66,274063,17,274063
17629,0.0,172.217.194.0-255,148,148,17,157674
17630,2.2e-05,172.31.36.0-255,66,214,17,157674
17631,3.7e-05,172.217.194.0-255,1484,1698,17,157674
17632,4.1e-05,172.31.36.0-255,66,1764,17,157674
17633,5.1e-05,172.217.194.0-255,2902,4666,17,157674
17634,5.4e-05,172.31.36.0-255,66,4732,17,157674
17635,6.5e-05,172.217.194.0-255,1484,6216,17,157674
17636,6.8e-05,172.31.36.0-255,66,6282,17,157674
17637,0.0001,172.217.194.0-255,4320,10602,17,157674
17638,0.000103,172.31.36.0-255,66,10668,17,157674
17639,0.000115,172.31.36.0-255,66,10734,17,157674
17640,0.000149,172.217.194.0-255,2111,12845,17,157674
17641,0.000152,172.31.36.0-255,66,12911,17,157674
17642,0.00016,172.217.194.0-255,6797,19708,17,157674
17643,0.00017,172.31.36.0-255,66,19774,17,157674
17644,0.000173,172.217.194.0-255,1484,21258,17,157674
17645,0.000175,172.31.36.0-255,66,21324,17,157674
17646,0.000179,172.217.194.0-255,2902,24226,17,157674
17647,0.000182,172.31.36.0-255,66,24292,17,157674
17648,0.000187,172.217.194.0-255,4320,28612,17,157674
17649,0.000189,172.31.36.0-255,66,28678,17,157674
17650,0.00022,172.217.194.0-255,1484,30162,17,157674
17651,0.000223,172.31.36.0-255,66,30228,17,157674
17652,0.000243,172.31.36.0-255,66,30294,17,157674
17653,0.000269,172.217.194.0-255,5738,36032,17,157674
17654,0.000272,172.31.36.0-255,66,36098,17,157674
17655,0.000293,172.217.194.0-255,4250,40348,17,157674
17656,0.000296,172.31.36.0-255,66,40414,17,157674
17657,0.000392,172.217.194.0-255,367,40781,17,157674
17658,0.000397,172.31.36.0-255,66,40847,17,157674
17659,0.000573,172.217.194.0-255,1484,42331,17,157674
17660,0.000578,172.217.194.0-255,2902,45233,17,157674
17661,0.000581,172.31.36.0-255,66,45299,17,157674
17662,0.000595,172.217.194.0-255,1484,46783,17,157674
17663,0.000619,172.217.194.0-255,4320,51103,17,157674
17664,0.000622,172.31.36.0-255,66,51169,17,157674
17665,0.000635,172.31.36.0-255,66,51235,17,157674
17666,0.000654,172.217.194.0-255,1484,52719,17,157674
17667,0.000677,172.217.194.0-255,4320,57039,17,157674
17668,0.00068,172.31.36.0-255,66,57105,17,157674
17669,0.00071,172.217.194.0-255,6438,63543,17,157674
17670,0.000714,172.31.36.0-255,66,63609,17,157674
17671,0.000857,172.217.194.0-255,1484,65093,17,157674
17672,0.000882,172.217.194.0-255,1484,66577,17,157674
17673,0.000886,172.31.36.0-255,66,66643,17,157674
17674,0.000913,172.217.194.0-255,1484,68127,17,157674
17675,0.00092,172.217.194.0-255,5738,73865,17,157674
17676,0.000923,172.31.36.0-255,66,73931,17,157674
17677,0.000935,172.31.36.0-255,66,73997,17,157674
17678,0.000963,172.217.194.0-255,1484,75481,17,157674
17679,0.000975,172.31.36.0-255,66,75547,17,157674
17680,0.000981,172.217.194.0-255,4320,79867,17,157674
17681,0.000983,172.31.36.0-255,66,79933,17,157674
17682,0.001018,172.217.194.0-255,3602,83535,17,157674
17683,0.001021,172.31.36.0-255,66,83601,17,157674
17684,0.001032,172.31.36.0-255,66,83667,17,157674
17685,0.001044,172.31.36.0-255,66,83733,17,157674
17686,0.001075,172.217.194.0-255,6438,90171,17,157674
17687,0.001079,172.31.36.0-255,66,90237,17,157674
17688,0.001102,172.217.194.0-255,7156,97393,17,157674
17689,0.001106,172.31.36.0-255,66,97459,17,157674
17690,0.001116,172.31.36.0-255,66,97525,17,157674
17691,0.001197,172.31.36.0-255,66,97591,17,157674
17692,0.001229,172.217.194.0-255,7156,104747,17,157674
17693,0.001232,172.217.194.0-255,766,105513,17,157674
17694,0.001234,172.217.194.0-255,1484,106997,17,157674
17695,0.001234,172.31.36.0-255,66,107063,17,157674
17696,0.001237,172.217.194.0-255,2902,109965,17,157674
17697,0.001239,172.31.36.0-255,66,110031,17,157674
17698,0.001242,172.31.36.0-255,66,110097,17,157674
17699,0.001243,172.217.194.0-255,5738,115835,17,157674
17700,0.001246,172.31.36.0-255,66,115901,17,157674
17701,0.001301,172.31.36.0-255,66,115967,17,157674
17702,0.001312,172.31.36.0-255,66,116033,17,157674
17703,0.001345,172.217.194.0-255,2184,118217,17,157674
17704,0.001355,172.31.36.0-255,66,118283,17,157674
17705,0.001368,172.31.36.0-255,66,118349,17,157674
17706,0.001385,172.31.36.0-255,66,118415,17,157674
17707,0.001431,172.31.36.0-255,66,118481,17,157674
17708,0.001453,172.31.36.0-255,66,118547,17,157674
17709,0.001454,172.217.194.0-255,5738,124285,17,157674
17710,0.001457,172.31.36.0-255,66,124351,17,157674
17711,0.001486,172.217.194.0-255,2902,127253,17,157674
17712,0.00149,172.31.36.0-255,66,127319,17,157674
17713,0.001521,172.217.194.0-255,2184,129503,17,157674
17714,0.001525,172.31.36.0-255,66,129569,17,157674
17715,0.001531,172.217.194.0-255,5738,135307,17,157674
17716,0.001534,172.31.36.0-255,66,135373,17,157674
17717,0.001554,172.31.36.0-255,66,135439,17,157674
17718,0.001562,172.31.36.0-255,66,135505,17,157674
17719,0.001574,172.217.194.0-255,1484,136989,17,157674
17720,0.001607,172.31.36.0-255,66,137055,17,157674
17721,0.001613,172.217.194.0-255,4320,141375,17,157674
17722,0.001615,172.31.36.0-255,66,141441,17,157674
17723,0.00165,172.217.194.0-255,5738,147179,17,157674
17724,0.001654,172.31.36.0-255,66,147245,17,157674
17725,0.001667,172.31.36.0-255,66,147311,17,157674
17726,0.001697,172.217.194.0-255,6438,153749,17,157674
17727,0.001701,172.31.36.0-255,66,153815,17,157674
17728,0.001724,172.31.36.0-255,66,153881,17,157674
17729,0.001737,172.31.36.0-255,66,153947,17,157674
17730,0.001749,172.31.36.0-255,66,154013,17,157674
17731,0.001752,172.217.194.0-255,105,154118,17,157674
17732,0.003607,172.31.36.0-255,66,154184,17,157674
17733,0.003629,172.31.36.0-255,105,154289,17,157674
17734,0.006202,172.217.194.0-255,66,154355,17,157674
17735,0.024447,172.31.36.0-255,172,154527,17,157674
17736,0.024476,172.31.36.0-255,1117,155644,17,157674
17737,0.024518,172.31.36.0-255,1514,157158,17,157674
17738,0.02452,172.31.36.0-255,318,157476,17,157674
17739,0.025968,104.244.42.0-255,66,157542,17,157674
17740,0.026003,104.244.42.0-255,66,157608,17,157674
17741,0.026044,104.244.42.0-255,66,157674,17,157674
17742,0.0,172.217.194.0-255,66,66,17,66
17743,0.0,172.217.194.0-255,152,152,17,212174
17744,3e-05,172.31.36.0-255,66,218,17,212174
17745,3.6e-05,172.217.194.0-255,1484,1702,17,212174
17746,4.1e-05,172.31.36.0-255,66,1768,17,212174
17747,4.6e-05,172.217.194.0-255,2902,4670,17,212174
17748,4.8e-05,172.31.36.0-255,66,4736,17,212174
17749,5.5e-05,172.217.194.0-255,7156,11892,17,212174
17750,5.7e-05,172.31.36.0-255,66,11958,17,212174
17751,7.8e-05,172.217.194.0-255,2040,13998,17,212174
17752,8.1e-05,172.31.36.0-255,66,14064,17,212174
17753,0.00015,172.217.194.0-255,1484,15548,17,212174
17754,0.000153,172.31.36.0-255,66,15614,17,212174
17755,0.000158,172.217.194.0-255,2902,18516,17,212174
17756,0.00016,172.31.36.0-255,66,18582,17,212174
17757,0.00018,172.217.194.0-255,5738,24320,17,212174
17758,0.000183,172.31.36.0-255,66,24386,17,212174
17759,0.000186,172.217.194.0-255,1484,25870,17,212174
17760,0.000188,172.31.36.0-255,66,25936,17,212174
17761,0.000235,172.217.194.0-255,5379,31315,17,212174
17762,0.000239,172.31.36.0-255,66,31381,17,212174
17763,0.000279,172.217.194.0-255,5738,37119,17,212174
17764,0.000283,172.31.36.0-255,66,37185,17,212174
17765,0.000286,172.217.194.0-255,1484,38669,17,212174
17766,0.000288,172.31.36.0-255,66,38735,17,212174
17767,0.000293,172.217.194.0-255,2902,41637,17,212174
17768,0.000296,172.31.36.0-255,66,41703,17,212174
17769,0.000319,172.217.194.0-255,5738,47441,17,212174
17770,0.000323,172.31.36.0-255,66,47507,17,212174
17771,0.00036,172.31.36.0-255,66,47573,17,212174
17772,0.000372,172.217.194.0-255,2439,50012,17,212174
17773,0.000374,172.31.36.0-255,66,50078,17,212174
17774,0.000566,172.217.194.0-255,114,50192,17,212174
17775,0.000601,172.217.194.0-255,1484,51676,17,212174
17776,0.000606,172.31.36.0-255,66,51742,17,212174
17777,0.000612,172.217.194.0-255,2902,54644,17,212174
17778,0.000614,172.31.36.0-255,66,54710,17,212174
17779,0.000646,172.217.194.0-255,7156,61866,17,212174
17780,0.000649,172.31.36.0-255,66,61932,17,212174
17781,0.000656,172.217.194.0-255,5379,67311,17,212174
17782,0.000658,172.31.36.0-255,66,67377,17,212174
17783,0.000684,172.217.194.0-255,2902,70279,17,212174
17784,0.000686,172.31.36.0-255,66,70345,17,212174
17785,0.000713,172.31.36.0-255,66,70411,17,212174
17786,0.000716,172.217.194.0-255,1484,71895,17,212174
17787,0.000719,172.217.194.0-255,1125,73020,17,212174
17788,0.000722,172.31.36.0-255,66,73086,17,212174
17789,0.001286,172.217.194.0-255,1484,74570,17,212174
17790,0.001296,172.217.194.0-255,2902,77472,17,212174
17791,0.001301,172.31.36.0-255,66,77538,17,212174
17792,0.001308,172.217.194.0-255,4320,81858,17,212174
17793,0.00131,172.31.36.0-255,66,81924,17,212174
17794,0.001333,172.217.194.0-255,1484,83408,17,212174
17795,0.001344,172.31.36.0-255,66,83474,17,212174
17796,0.001367,172.217.194.0-255,4320,87794,17,212174
17797,0.00137,172.31.36.0-255,66,87860,17,212174
17798,0.001382,172.31.36.0-255,66,87926,17,212174
17799,0.001393,172.217.194.0-255,1484,89410,17,212174
17800,0.001413,172.217.194.0-255,5738,95148,17,212174
17801,0.001416,172.31.36.0-255,66,95214,17,212174
17802,0.001426,172.31.36.0-255,66,95280,17,212174
17803,0.001474,172.31.36.0-255,66,95346,17,212174
17804,0.001478,172.217.194.0-255,766,96112,17,212174
17805,0.00155,172.217.194.0-255,1484,97596,17,212174
17806,0.001603,172.217.194.0-255,1484,99080,17,212174
17807,0.001617,172.217.194.0-255,2902,101982,17,212174
17808,0.00164,172.217.194.0-255,5738,107720,17,212174
17809,0.00167,172.217.194.0-255,7156,114876,17,212174
17810,0.001711,172.217.194.0-255,3602,118478,17,212174
17811,0.001759,172.217.194.0-255,1484,119962,17,212174
17812,0.001773,172.217.194.0-255,2902,122864,17,212174
17813,0.001794,172.217.194.0-255,5738,128602,17,212174
17814,0.001851,172.217.194.0-255,766,129368,17,212174
17815,0.001901,172.217.194.0-255,1484,130852,17,212174
17816,0.001914,172.217.194.0-255,2902,133754,17,212174
17817,0.001934,172.217.194.0-255,4320,138074,17,212174
17818,0.001937,172.217.194.0-255,1484,139558,17,212174
17819,0.001957,172.217.194.0-255,7156,146714,17,212174
17820,0.001976,172.217.194.0-255,1484,148198,17,212174
17821,0.002026,172.217.194.0-255,5738,153936,17,212174
17822,0.002032,172.217.194.0-255,5738,159674,17,212174
17823,0.002052,172.217.194.0-255,7156,166830,17,212174
17824,0.002074,172.217.194.0-255,1484,168314,17,212174
17825,0.002102,172.217.194.0-255,2902,171216,17,212174
17826,0.002163,172.217.194.0-255,4320,175536,17,212174
17827,0.002184,172.217.194.0-255,5738,181274,17,212174
17828,0.002189,172.217.194.0-255,5020,186294,17,212174
17829,0.002216,172.217.194.0-255,1484,187778,17,212174
17830,0.002237,172.217.194.0-255,2902,190680,17,212174
17831,0.002255,172.217.194.0-255,5738,196418,17,212174
17832,0.002328,172.217.194.0-255,3602,200020,17,212174
17833,0.002331,172.217.194.0-255,1484,201504,17,212174
17834,0.002381,172.217.194.0-255,4320,205824,17,212174
17835,0.002391,172.217.194.0-255,1718,207542,17,212174
17836,0.00241,172.217.194.0-255,105,207647,17,212174
17837,0.006942,172.31.36.0-255,66,207713,17,212174
17838,0.009344,172.31.36.0-255,105,207818,17,212174
17839,0.011622,172.217.194.0-255,66,207884,17,212174
17840,0.032327,172.31.36.0-255,188,208072,17,212174
17841,0.032361,172.31.36.0-255,961,209033,17,212174
17842,0.032399,172.31.36.0-255,1514,210547,17,212174
17843,0.0324,172.31.36.0-255,1429,211976,17,212174
17844,0.03382,104.244.42.0-255,66,212042,17,212174
17845,0.033849,104.244.42.0-255,66,212108,17,212174
17846,0.033922,104.244.42.0-255,66,212174,17,212174
17847,0.0,74.125.24.0-255,142,142,17,217388
17848,3.1e-05,172.31.36.0-255,66,208,17,217388
17849,3.9e-05,74.125.24.0-255,1484,1692,17,217388
17850,4.3e-05,172.31.36.0-255,66,1758,17,217388
17851,5.5e-05,74.125.24.0-255,2902,4660,17,217388
17852,5.7e-05,172.31.36.0-255,66,4726,17,217388
17853,6.5e-05,74.125.24.0-255,7156,11882,17,217388
17854,6.8e-05,172.31.36.0-255,66,11948,17,217388
17855,9.1e-05,74.125.24.0-255,2057,14005,17,217388
17856,9.3e-05,172.31.36.0-255,66,14071,17,217388
17857,0.00029,74.125.24.0-255,1484,15555,17,217388
17858,0.000295,172.31.36.0-255,66,15621,17,217388
17859,0.000301,74.125.24.0-255,2902,18523,17,217388
17860,0.000303,172.31.36.0-255,66,18589,17,217388
17861,0.000308,74.125.24.0-255,4320,22909,17,217388
17862,0.000319,172.31.36.0-255,66,22975,17,217388
17863,0.000323,74.125.24.0-255,1484,24459,17,217388
17864,0.000326,172.31.36.0-255,66,24525,17,217388
17865,0.000366,74.125.24.0-255,6797,31322,17,217388
17866,0.00037,172.31.36.0-255,66,31388,17,217388
17867,0.000376,74.125.24.0-255,7156,38544,17,217388
17868,0.000379,172.31.36.0-255,66,38610,17,217388
17869,0.000384,74.125.24.0-255,4320,42930,17,217388
17870,0.000387,172.31.36.0-255,66,42996,17,217388
17871,0.00043,172.31.36.0-255,66,43062,17,217388
17872,0.000431,74.125.24.0-255,7156,50218,17,217388
17873,0.000435,172.31.36.0-255,66,50284,17,217388
17874,0.000465,74.125.24.0-255,1484,51768,17,217388
17875,0.000469,172.31.36.0-255,66,51834,17,217388
17876,0.000475,74.125.24.0-255,2184,54018,17,217388
17877,0.000477,172.31.36.0-255,66,54084,17,217388
17878,0.000479,74.125.24.0-255,400,54484,17,217388
17879,0.000563,74.125.24.0-255,1484,55968,17,217388
17880,0.000567,172.31.36.0-255,66,56034,17,217388
17881,0.000579,74.125.24.0-255,2902,58936,17,217388
17882,0.000587,172.31.36.0-255,66,59002,17,217388
17883,0.000594,74.125.24.0-255,5738,64740,17,217388
17884,0.000596,172.31.36.0-255,66,64806,17,217388
17885,0.000599,74.125.24.0-255,1484,66290,17,217388
17886,0.000646,172.31.36.0-255,66,66356,17,217388
17887,0.00066,172.31.36.0-255,66,66422,17,217388
17888,0.000754,74.125.24.0-255,1484,67906,17,217388
17889,0.00076,74.125.24.0-255,2902,70808,17,217388
17890,0.000762,172.31.36.0-255,66,70874,17,217388
17891,0.000791,74.125.24.0-255,5738,76612,17,217388
17892,0.000794,172.31.36.0-255,66,76678,17,217388
17893,0.000797,74.125.24.0-255,1484,78162,17,217388
17894,0.000823,74.125.24.0-255,5738,83900,17,217388
17895,0.000826,172.31.36.0-255,66,83966,17,217388
17896,0.000838,172.31.36.0-255,66,84032,17,217388
17897,0.000842,74.125.24.0-255,2184,86216,17,217388
17898,0.000844,172.31.36.0-255,66,86282,17,217388
17899,0.000943,74.125.24.0-255,1484,87766,17,217388
17900,0.000958,74.125.24.0-255,2902,90668,17,217388
17901,0.000961,172.31.36.0-255,66,90734,17,217388
17902,0.000967,74.125.24.0-255,5738,96472,17,217388
17903,0.000969,172.31.36.0-255,66,96538,17,217388
17904,0.001005,172.31.36.0-255,66,96604,17,217388
17905,0.001015,172.31.36.0-255,66,96670,17,217388
17906,0.00107,74.125.24.0-255,2184,98854,17,217388
17907,0.001073,172.31.36.0-255,66,98920,17,217388
17908,0.001077,74.125.24.0-255,2902,101822,17,217388
17909,0.001082,172.31.36.0-255,66,101888,17,217388
17910,0.001083,74.125.24.0-255,7156,109044,17,217388
17911,0.001085,172.31.36.0-255,66,109110,17,217388
17912,0.001088,74.125.24.0-255,1484,110594,17,217388
17913,0.001123,172.31.36.0-255,66,110660,17,217388
17914,0.001132,74.125.24.0-255,7156,117816,17,217388
17915,0.001134,172.31.36.0-255,66,117882,17,217388
17916,0.001157,74.125.24.0-255,766,118648,17,217388
17917,0.001184,74.125.24.0-255,1484,120132,17,217388
17918,0.001187,172.31.36.0-255,66,120198,17,217388
17919,0.001192,74.125.24.0-255,2902,123100,17,217388
17920,0.001194,172.31.36.0-255,66,123166,17,217388
17921,0.001201,74.125.24.0-255,5738,128904,17,217388
17922,0.001204,172.31.36.0-255,66,128970,17,217388
17923,0.001213,172.31.36.0-255,66,129036,17,217388
17924,0.001251,74.125.24.0-255,4320,133356,17,217388
17925,0.001254,172.31.36.0-255,66,133422,17,217388
17926,0.001265,172.31.36.0-255,66,133488,17,217388
17927,0.001269,74.125.24.0-255,2184,135672,17,217388
17928,0.001272,74.125.24.0-255,2902,138574,17,217388
17929,0.001272,172.31.36.0-255,66,138640,17,217388
17930,0.001276,74.125.24.0-255,2902,141542,17,217388
17931,0.001276,172.31.36.0-255,66,141608,17,217388
17932,0.001279,172.31.36.0-255,66,141674,17,217388
17933,0.001302,74.125.24.0-255,4320,145994,17,217388
17934,0.001305,172.31.36.0-255,66,146060,17,217388
17935,0.001321,172.31.36.0-255,66,146126,17,217388
17936,0.001355,74.125.24.0-255,7156,153282,17,217388
17937,0.001358,172.31.36.0-255,66,153348,17,217388
17938,0.001368,172.31.36.0-255,66,153414,17,217388
17939,0.001372,74.125.24.0-255,1484,154898,17,217388
17940,0.001399,74.125.24.0-255,2902,157800,17,217388
17941,0.001403,172.31.36.0-255,66,157866,17,217388
17942,0.001408,74.125.24.0-255,5738,163604,17,217388
17943,0.00141,172.31.36.0-255,66,163670,17,217388
17944,0.001415,74.125.24.0-255,4320,167990,17,217388
17945,0.001418,172.31.36.0-255,66,168056,17,217388
17946,0.001461,172.31.36.0-255,66,168122,17,217388
17947,0.001497,172.31.36.0-255,66,168188,17,217388
17948,0.001532,172.31.36.0-255,66,168254,17,217388
17949,0.001538,74.125.24.0-255,5738,173992,17,217388
17950,0.00154,172.31.36.0-255,66,174058,17,217388
17951,0.001582,172.31.36.0-255,66,174124,17,217388
17952,0.001587,74.125.24.0-255,3602,177726,17,217388
17953,0.001589,172.31.36.0-255,66,177792,17,217388
17954,0.001683,74.125.24.0-255,1484,179276,17,217388
17955,0.001689,74.125.24.0-255,2902,182178,17,217388
17956,0.001693,172.31.36.0-255,66,182244,17,217388
17957,0.001698,74.125.24.0-255,2902,185146,17,217388
17958,0.0017,172.31.36.0-255,66,185212,17,217388
17959,0.001722,74.125.24.0-255,2902,188114,17,217388
17960,0.001726,172.31.36.0-255,66,188180,17,217388
17961,0.001738,172.31.36.0-255,66,188246,17,217388
17962,0.001816,172.31.36.0-255,66,188312,17,217388
17963,0.001971,74.125.24.0-255,1484,189796,17,217388
17964,0.001977,74.125.24.0-255,2902,192698,17,217388
17965,0.00198,172.31.36.0-255,66,192764,17,217388
17966,0.001985,74.125.24.0-255,2902,195666,17,217388
17967,0.001987,172.31.36.0-255,66,195732,17,217388
17968,0.002011,74.125.24.0-255,2902,198634,17,217388
17969,0.002015,172.31.36.0-255,66,198700,17,217388
17970,0.002021,74.125.24.0-255,5738,204438,17,217388
17971,0.002023,172.31.36.0-255,66,204504,17,217388
17972,0.002059,74.125.24.0-255,7156,211660,17,217388
17973,0.002063,172.31.36.0-255,66,211726,17,217388
17974,0.002075,172.31.36.0-255,66,211792,17,217388
17975,0.002087,172.31.36.0-255,66,211858,17,217388
17976,0.002089,74.125.24.0-255,742,212600,17,217388
17977,0.002124,74.125.24.0-255,105,212705,17,217388
17978,0.003556,172.31.36.0-255,66,212771,17,217388
17979,0.003583,172.31.36.0-255,105,212876,17,217388
17980,0.006124,74.125.24.0-255,66,212942,17,217388
17981,0.026291,172.31.36.0-255,172,213114,17,217388
17982,0.026319,172.31.36.0-255,1118,214232,17,217388
17983,0.026368,172.31.36.0-255,1514,215746,17,217388
17984,0.026369,172.31.36.0-255,1270,217016,17,217388
17985,0.027848,104.244.42.0-255,66,217082,17,217388
17986,0.027857,104.244.42.0-255,66,217148,17,217388
17987,0.027935,104.244.42.0-255,66,217214,17,217388
17988,0.029167,104.244.42.0-255,108,217322,17,217388
17989,0.029189,172.31.36.0-255,66,217388,17,217388
17990,0.0,172.217.194.0-255,153,153,17,400408
17991,3.4e-05,172.31.36.0-255,66,219,17,400408
17992,4.1e-05,172.217.194.0-255,1484,1703,17,400408
17993,4.5e-05,172.31.36.0-255,66,1769,17,400408
17994,5e-05,172.217.194.0-255,2902,4671,17,400408
17995,5.2e-05,172.31.36.0-255,66,4737,17,400408
17996,5.6e-05,172.217.194.0-255,1484,6221,17,400408
17997,5.8e-05,172.31.36.0-255,66,6287,17,400408
17998,0.0001,172.217.194.0-255,5738,12025,17,400408
17999,0.000103,172.31.36.0-255,66,12091,17,400408
18000,0.000107,172.217.194.0-255,1940,14031,17,400408
18001,0.000109,172.31.36.0-255,66,14097,17,400408
18002,0.000387,172.217.194.0-255,1484,15581,17,400408
18003,0.000392,172.31.36.0-255,66,15647,17,400408
18004,0.000408,172.217.194.0-255,2902,18549,17,400408
18005,0.000412,172.31.36.0-255,66,18615,17,400408
18006,0.000441,172.217.194.0-255,4320,22935,17,400408
18007,0.000445,172.31.36.0-255,66,23001,17,400408
18008,0.000476,172.217.194.0-255,5738,28739,17,400408
18009,0.00048,172.31.36.0-255,66,28805,17,400408
18010,0.000497,172.217.194.0-255,2543,31348,17,400408
18011,0.000502,172.31.36.0-255,66,31414,17,400408
18012,0.000544,172.217.194.0-255,1484,32898,17,400408
18013,0.000547,172.31.36.0-255,66,32964,17,400408
18014,0.000565,172.217.194.0-255,2902,35866,17,400408
18015,0.000568,172.31.36.0-255,66,35932,17,400408
18016,0.000582,172.217.194.0-255,1484,37416,17,400408
18017,0.000585,172.31.36.0-255,66,37482,17,400408
18018,0.00061,172.217.194.0-255,4320,41802,17,400408
18019,0.000613,172.31.36.0-255,66,41868,17,400408
18020,0.000638,172.217.194.0-255,6797,48665,17,400408
18021,0.000641,172.31.36.0-255,66,48731,17,400408
18022,0.001427,172.217.194.0-255,1484,50215,17,400408
18023,0.001447,172.217.194.0-255,2902,53117,17,400408
18024,0.001451,172.31.36.0-255,66,53183,17,400408
18025,0.001466,172.217.194.0-255,5738,58921,17,400408
18026,0.001468,172.31.36.0-255,66,58987,17,400408
18027,0.001493,172.217.194.0-255,6797,65784,17,400408
18028,0.001495,172.31.36.0-255,66,65850,17,400408
18029,0.001577,172.217.194.0-255,1484,67334,17,400408
18030,0.001592,172.217.194.0-255,2902,70236,17,400408
18031,0.001594,172.31.36.0-255,66,70302,17,400408
18032,0.001613,172.217.194.0-255,5738,76040,17,400408
18033,0.001615,172.31.36.0-255,66,76106,17,400408
18034,0.001633,172.217.194.0-255,4320,80426,17,400408
18035,0.001635,172.31.36.0-255,66,80492,17,400408
18036,0.001649,172.217.194.0-255,2543,83035,17,400408
18037,0.001651,172.31.36.0-255,66,83101,17,400408
18038,0.001668,172.217.194.0-255,646,83747,17,400408
18039,0.001707,172.217.194.0-255,1484,85231,17,400408
18040,0.001708,172.31.36.0-255,66,85297,17,400408
18041,0.001728,172.217.194.0-255,4320,89617,17,400408
18042,0.001731,172.31.36.0-255,66,89683,17,400408
18043,0.001751,172.217.194.0-255,5738,95421,17,400408
18044,0.001753,172.31.36.0-255,66,95487,17,400408
18045,0.001812,172.217.194.0-255,2902,98389,17,400408
18046,0.001815,172.31.36.0-255,66,98455,17,400408
18047,0.001827,172.217.194.0-255,2543,100998,17,400408
18048,0.001829,172.31.36.0-255,66,101064,17,400408
18049,0.002003,172.217.194.0-255,1484,102548,17,400408
18050,0.00203,172.217.194.0-255,1484,104032,17,400408
18051,0.002032,172.31.36.0-255,66,104098,17,400408
18052,0.002051,172.217.194.0-255,2902,107000,17,400408
18053,0.002053,172.31.36.0-255,66,107066,17,400408
18054,0.002066,172.217.194.0-255,5738,112804,17,400408
18055,0.002069,172.31.36.0-255,66,112870,17,400408
18056,0.002113,172.217.194.0-255,7156,120026,17,400408
18057,0.002115,172.31.36.0-255,66,120092,17,400408
18058,0.002132,172.217.194.0-255,4320,124412,17,400408
18059,0.002134,172.31.36.0-255,66,124478,17,400408
18060,0.002165,172.31.36.0-255,66,124544,17,400408
18061,0.002167,172.217.194.0-255,766,125310,17,400408
18062,0.002205,172.217.194.0-255,1484,126794,17,400408
18063,0.002208,172.31.36.0-255,66,126860,17,400408
18064,0.002212,172.217.194.0-255,2902,129762,17,400408
18065,0.002215,172.31.36.0-255,66,129828,17,400408
18066,0.002218,172.217.194.0-255,1484,131312,17,400408
18067,0.002232,172.217.194.0-255,4320,135632,17,400408
18068,0.002235,172.31.36.0-255,66,135698,17,400408
18069,0.002251,172.217.194.0-255,7156,142854,17,400408
18070,0.002254,172.31.36.0-255,66,142920,17,400408
18071,0.002276,172.217.194.0-255,5738,148658,17,400408
18072,0.002278,172.31.36.0-255,66,148724,17,400408
18073,0.002318,172.217.194.0-255,7156,155880,17,400408
18074,0.00232,172.31.36.0-255,66,155946,17,400408
18075,0.002338,172.217.194.0-255,3602,159548,17,400408
18076,0.002341,172.31.36.0-255,66,159614,17,400408
18077,0.002346,172.217.194.0-255,4320,163934,17,400408
18078,0.002348,172.31.36.0-255,66,164000,17,400408
18079,0.002364,172.217.194.0-255,7156,171156,17,400408
18080,0.002366,172.31.36.0-255,66,171222,17,400408
18081,0.002371,172.217.194.0-255,4320,175542,17,400408
18082,0.002372,172.31.36.0-255,66,175608,17,400408
18083,0.002386,172.217.194.0-255,4320,179928,17,400408
18084,0.002388,172.31.36.0-255,66,179994,17,400408
18085,0.00243,172.31.36.0-255,66,180060,17,400408
18086,0.002446,172.217.194.0-255,2184,182244,17,400408
18087,0.002448,172.31.36.0-255,66,182310,17,400408
18088,0.00504,172.217.194.0-255,5738,188048,17,400408
18089,0.005044,172.31.36.0-255,66,188114,17,400408
18090,0.007684,172.217.194.0-255,5738,193852,17,400408
18091,0.00769,172.31.36.0-255,66,193918,17,400408
18092,0.010295,172.217.194.0-255,5738,199656,17,400408
18093,0.010303,172.31.36.0-255,66,199722,17,400408
18094,0.012905,172.217.194.0-255,5738,205460,17,400408
18095,0.012913,172.31.36.0-255,66,205526,17,400408
18096,0.015518,172.217.194.0-255,5738,211264,17,400408
18097,0.01553,172.31.36.0-255,66,211330,17,400408
18098,0.01811,172.217.194.0-255,5738,217068,17,400408
18099,0.018118,172.31.36.0-255,66,217134,17,400408
18100,0.020726,172.217.194.0-255,5738,222872,17,400408
18101,0.020733,172.31.36.0-255,66,222938,17,400408
18102,0.023329,172.217.194.0-255,5738,228676,17,400408
18103,0.023336,172.31.36.0-255,66,228742,17,400408
18104,0.025922,172.217.194.0-255,5738,234480,17,400408
18105,0.02593,172.31.36.0-255,66,234546,17,400408
18106,0.028546,172.217.194.0-255,5738,240284,17,400408
18107,0.028568,172.31.36.0-255,66,240350,17,400408
18108,0.031189,172.217.194.0-255,5738,246088,17,400408
18109,0.031209,172.31.36.0-255,66,246154,17,400408
18110,0.033864,172.217.194.0-255,5738,251892,17,400408
18111,0.033899,172.31.36.0-255,66,251958,17,400408
18112,0.036494,172.217.194.0-255,5738,257696,17,400408
18113,0.036504,172.31.36.0-255,66,257762,17,400408
18114,0.037848,172.31.36.0-255,172,257934,17,400408
18115,0.037877,172.31.36.0-255,1117,259051,17,400408
18116,0.037933,172.31.36.0-255,1514,260565,17,400408
18117,0.037936,172.31.36.0-255,1271,261836,17,400408
18118,0.039134,172.217.194.0-255,5738,267574,17,400408
18119,0.03914,172.31.36.0-255,66,267640,17,400408
18120,0.039385,104.244.42.0-255,66,267706,17,400408
18121,0.039561,104.244.42.0-255,66,267772,17,400408
18122,0.03961,104.244.42.0-255,66,267838,17,400408
18123,0.041745,172.217.194.0-255,2902,270740,17,400408
18124,0.04175,172.31.36.0-255,66,270806,17,400408
18125,0.041839,172.217.194.0-255,2902,273708,17,400408
18126,0.041846,172.31.36.0-255,66,273774,17,400408
18127,0.044336,172.217.194.0-255,2902,276676,17,400408
18128,0.044341,172.31.36.0-255,66,276742,17,400408
18129,0.044421,172.217.194.0-255,2902,279644,17,400408
18130,0.044425,172.31.36.0-255,66,279710,17,400408
18131,0.046921,172.217.194.0-255,2902,282612,17,400408
18132,0.046926,172.31.36.0-255,66,282678,17,400408
18133,0.047019,172.217.194.0-255,2902,285580,17,400408
18134,0.047023,172.31.36.0-255,66,285646,17,400408
18135,0.049522,172.217.194.0-255,2902,288548,17,400408
18136,0.049527,172.31.36.0-255,66,288614,17,400408
18137,0.049627,172.217.194.0-255,2902,291516,17,400408
18138,0.049632,172.31.36.0-255,66,291582,17,400408
18139,0.052116,172.217.194.0-255,2902,294484,17,400408
18140,0.052122,172.31.36.0-255,66,294550,17,400408
18141,0.052235,172.217.194.0-255,2902,297452,17,400408
18142,0.052239,172.31.36.0-255,66,297518,17,400408
18143,0.054736,172.217.194.0-255,2902,300420,17,400408
18144,0.054741,172.31.36.0-255,66,300486,17,400408
18145,0.054834,172.217.194.0-255,2902,303388,17,400408
18146,0.05484,172.31.36.0-255,66,303454,17,400408
18147,0.057337,172.217.194.0-255,2902,306356,17,400408
18148,0.057343,172.31.36.0-255,66,306422,17,400408
18149,0.057461,172.217.194.0-255,2902,309324,17,400408
18150,0.057466,172.31.36.0-255,66,309390,17,400408
18151,0.05997,172.217.194.0-255,2902,312292,17,400408
18152,0.059976,172.31.36.0-255,66,312358,17,400408
18153,0.060049,172.217.194.0-255,2902,315260,17,400408
18154,0.060054,172.31.36.0-255,66,315326,17,400408
18155,0.062571,172.217.194.0-255,2902,318228,17,400408
18156,0.062577,172.31.36.0-255,66,318294,17,400408
18157,0.062626,172.217.194.0-255,2902,321196,17,400408
18158,0.06263,172.31.36.0-255,66,321262,17,400408
18159,0.065189,172.217.194.0-255,2902,324164,17,400408
18160,0.065194,172.31.36.0-255,66,324230,17,400408
18161,0.065244,172.217.194.0-255,2902,327132,17,400408
18162,0.065248,172.31.36.0-255,66,327198,17,400408
18163,0.067793,172.217.194.0-255,2902,330100,17,400408
18164,0.067798,172.31.36.0-255,66,330166,17,400408
18165,0.067837,172.217.194.0-255,2902,333068,17,400408
18166,0.06784,172.31.36.0-255,66,333134,17,400408
18167,0.070381,172.217.194.0-255,2902,336036,17,400408
18168,0.070386,172.31.36.0-255,66,336102,17,400408
18169,0.070446,172.217.194.0-255,2902,339004,17,400408
18170,0.07045,172.31.36.0-255,66,339070,17,400408
18171,0.073025,172.217.194.0-255,2902,341972,17,400408
18172,0.07303,172.31.36.0-255,66,342038,17,400408
18173,0.073061,172.217.194.0-255,2902,344940,17,400408
18174,0.073064,172.31.36.0-255,66,345006,17,400408
18175,0.075635,172.217.194.0-255,5738,350744,17,400408
18176,0.075641,172.31.36.0-255,66,350810,17,400408
18177,0.078235,172.217.194.0-255,2902,353712,17,400408
18178,0.078241,172.31.36.0-255,66,353778,17,400408
18179,0.078267,172.217.194.0-255,2902,356680,17,400408
18180,0.07827,172.31.36.0-255,66,356746,17,400408
18181,0.080877,172.217.194.0-255,5738,362484,17,400408
18182,0.080882,172.31.36.0-255,66,362550,17,400408
18183,0.083467,172.217.194.0-255,5738,368288,17,400408
18184,0.083473,172.31.36.0-255,66,368354,17,400408
18185,0.086099,172.217.194.0-255,5738,374092,17,400408
18186,0.086104,172.31.36.0-255,66,374158,17,400408
18187,0.088683,172.217.194.0-255,5738,379896,17,400408
18188,0.088688,172.31.36.0-255,66,379962,17,400408
18189,0.091314,172.217.194.0-255,4320,384282,17,400408
18190,0.091319,172.31.36.0-255,66,384348,17,400408
18191,0.091353,172.217.194.0-255,1484,385832,17,400408
18192,0.093934,172.217.194.0-255,2902,388734,17,400408
18193,0.09394,172.31.36.0-255,66,388800,17,400408
18194,0.096566,172.217.194.0-255,5738,394538,17,400408
18195,0.096572,172.31.36.0-255,66,394604,17,400408
18196,0.099185,172.217.194.0-255,5738,400342,17,400408
18197,0.09919,172.31.36.0-255,66,400408,17,400408
18198,0.0,74.125.200.0-255,146,146,17,382545
18199,2.9e-05,172.31.36.0-255,66,212,17,382545
18200,3.6e-05,74.125.200.0-255,1484,1696,17,382545
18201,4e-05,172.31.36.0-255,66,1762,17,382545
18202,4.4e-05,74.125.200.0-255,2902,4664,17,382545
18203,4.7e-05,172.31.36.0-255,66,4730,17,382545
18204,5.9e-05,74.125.200.0-255,4320,9050,17,382545
18205,6.3e-05,172.31.36.0-255,66,9116,17,382545
18206,9.4e-05,74.125.200.0-255,4838,13954,17,382545
18207,9.7e-05,172.31.36.0-255,66,14020,17,382545
18208,0.00016,74.125.200.0-255,1484,15504,17,382545
18209,0.000165,172.31.36.0-255,66,15570,17,382545
18210,0.000173,74.125.200.0-255,2902,18472,17,382545
18211,0.000175,172.31.36.0-255,66,18538,17,382545
18212,0.000186,74.125.200.0-255,4320,22858,17,382545
18213,0.000189,172.31.36.0-255,66,22924,17,382545
18214,0.000218,74.125.200.0-255,1484,24408,17,382545
18215,0.00022,172.31.36.0-255,66,24474,17,382545
18216,0.000226,74.125.200.0-255,2902,27376,17,382545
18217,0.000228,172.31.36.0-255,66,27442,17,382545
18218,0.000235,74.125.200.0-255,5738,33180,17,382545
18219,0.000237,172.31.36.0-255,66,33246,17,382545
18220,0.000273,74.125.200.0-255,5379,38625,17,382545
18221,0.000277,172.31.36.0-255,66,38691,17,382545
18222,0.000287,172.31.36.0-255,66,38757,17,382545
18223,0.000309,74.125.200.0-255,1125,39882,17,382545
18224,0.000311,172.31.36.0-255,66,39948,17,382545
18225,0.000341,74.125.200.0-255,5738,45686,17,382545
18226,0.000344,172.31.36.0-255,66,45752,17,382545
18227,0.000368,74.125.200.0-255,1484,47236,17,382545
18228,0.000372,172.31.36.0-255,66,47302,17,382545
18229,0.000382,172.31.36.0-255,66,47368,17,382545
18230,0.00039,74.125.200.0-255,1125,48493,17,382545
18231,0.000489,74.125.200.0-255,646,49139,17,382545
18232,0.000493,172.31.36.0-255,66,49205,17,382545
18233,0.000726,74.125.200.0-255,1484,50689,17,382545
18234,0.000732,74.125.200.0-255,2902,53591,17,382545
18235,0.000735,172.31.36.0-255,66,53657,17,382545
18236,0.000767,74.125.200.0-255,5738,59395,17,382545
18237,0.000771,172.31.36.0-255,66,59461,17,382545
18238,0.000807,74.125.200.0-255,6797,66258,17,382545
18239,0.000814,172.31.36.0-255,66,66324,17,382545
18240,0.000846,74.125.200.0-255,1484,67808,17,382545
18241,0.000852,74.125.200.0-255,2902,70710,17,382545
18242,0.000855,172.31.36.0-255,66,70776,17,382545
18243,0.000882,74.125.200.0-255,1484,72260,17,382545
18244,0.000904,74.125.200.0-255,4320,76580,17,382545
18245,0.000907,172.31.36.0-255,66,76646,17,382545
18246,0.00091,74.125.200.0-255,1484,78130,17,382545
18247,0.000948,74.125.200.0-255,5379,83509,17,382545
18248,0.000951,172.31.36.0-255,66,83575,17,382545
18249,0.00136,74.125.200.0-255,1484,85059,17,382545
18250,0.001369,74.125.200.0-255,2902,87961,17,382545
18251,0.001374,172.31.36.0-255,66,88027,17,382545
18252,0.00138,74.125.200.0-255,2902,90929,17,382545
18253,0.001382,172.31.36.0-255,66,90995,17,382545
18254,0.001414,74.125.200.0-255,2902,93897,17,382545
18255,0.001417,172.31.36.0-255,66,93963,17,382545
18256,0.001423,74.125.200.0-255,5738,99701,17,382545
18257,0.001424,172.31.36.0-255,66,99767,17,382545
18258,0.00143,74.125.200.0-255,7156,106923,17,382545
18259,0.001432,172.31.36.0-255,66,106989,17,382545
18260,0.001462,172.31.36.0-255,66,107055,17,382545
18261,0.001485,74.125.200.0-255,766,107821,17,382545
18262,0.002112,74.125.200.0-255,1484,109305,17,382545
18263,0.002117,172.31.36.0-255,66,109371,17,382545
18264,0.002122,74.125.200.0-255,2902,112273,17,382545
18265,0.002124,172.31.36.0-255,66,112339,17,382545
18266,0.002128,74.125.200.0-255,2902,115241,17,382545
18267,0.002129,172.31.36.0-255,66,115307,17,382545
18268,0.002156,74.125.200.0-255,2902,118209,17,382545
18269,0.002158,172.31.36.0-255,66,118275,17,382545
18270,0.002162,74.125.200.0-255,4320,122595,17,382545
18271,0.002163,172.31.36.0-255,66,122661,17,382545
18272,0.002192,172.31.36.0-255,66,122727,17,382545
18273,0.002223,74.125.200.0-255,4320,127047,17,382545
18274,0.002224,172.31.36.0-255,66,127113,17,382545
18275,0.00225,74.125.200.0-255,6438,133551,17,382545
18276,0.002252,172.31.36.0-255,66,133617,17,382545
18277,0.004537,74.125.200.0-255,2902,136519,17,382545
18278,0.004542,172.31.36.0-255,66,136585,17,382545
18279,0.00457,74.125.200.0-255,2902,139487,17,382545
18280,0.004573,172.31.36.0-255,66,139553,17,382545
18281,0.006818,74.125.200.0-255,2902,142455,17,382545
18282,0.006824,172.31.36.0-255,66,142521,17,382545
18283,0.006861,74.125.200.0-255,2902,145423,17,382545
18284,0.006864,172.31.36.0-255,66,145489,17,382545
18285,0.009122,74.125.200.0-255,2902,148391,17,382545
18286,0.009132,172.31.36.0-255,66,148457,17,382545
18287,0.00916,74.125.200.0-255,2902,151359,17,382545
18288,0.009164,172.31.36.0-255,66,151425,17,382545
18289,0.01142,74.125.200.0-255,2902,154327,17,382545
18290,0.011427,172.31.36.0-255,66,154393,17,382545
18291,0.011445,74.125.200.0-255,2902,157295,17,382545
18292,0.011447,172.31.36.0-255,66,157361,17,382545
18293,0.013711,74.125.200.0-255,5738,163099,17,382545
18294,0.013719,172.31.36.0-255,66,163165,17,382545
18295,0.015992,74.125.200.0-255,5738,168903,17,382545
18296,0.015999,172.31.36.0-255,66,168969,17,382545
18297,0.018295,74.125.200.0-255,5738,174707,17,382545
18298,0.018302,172.31.36.0-255,66,174773,17,382545
18299,0.020592,74.125.200.0-255,5738,180511,17,382545
18300,0.020599,172.31.36.0-255,66,180577,17,382545
18301,0.022877,74.125.200.0-255,5738,186315,17,382545
18302,0.022883,172.31.36.0-255,66,186381,17,382545
18303,0.024202,172.31.36.0-255,188,186569,17,382545
18304,0.02423,172.31.36.0-255,961,187530,17,382545
18305,0.024377,172.31.36.0-255,1514,189044,17,382545
18306,0.02438,172.31.36.0-255,1514,190558,17,382545
18307,0.024385,172.31.36.0-255,1514,192072,17,382545
18308,0.024386,172.31.36.0-255,1205,193277,17,382545
18309,0.025166,74.125.200.0-255,2902,196179,17,382545
18310,0.025172,172.31.36.0-255,66,196245,17,382545
18311,0.025208,74.125.200.0-255,2902,199147,17,382545
18312,0.025211,172.31.36.0-255,66,199213,17,382545
18313,0.025758,104.244.42.0-255,66,199279,17,382545
18314,0.025774,104.244.42.0-255,66,199345,17,382545
18315,0.025982,104.244.42.0-255,66,199411,17,382545
18316,0.025986,104.244.42.0-255,66,199477,17,382545
18317,0.026777,104.244.42.0-255,108,199585,17,382545
18318,0.026797,172.31.36.0-255,66,199651,17,382545
18319,0.027451,74.125.200.0-255,2902,202553,17,382545
18320,0.027455,172.31.36.0-255,66,202619,17,382545
18321,0.02749,74.125.200.0-255,2902,205521,17,382545
18322,0.027495,172.31.36.0-255,66,205587,17,382545
18323,0.029739,74.125.200.0-255,2902,208489,17,382545
18324,0.029745,172.31.36.0-255,66,208555,17,382545
18325,0.029787,74.125.200.0-255,2902,211457,17,382545
18326,0.029791,172.31.36.0-255,66,211523,17,382545
18327,0.032031,74.125.200.0-255,2902,214425,17,382545
18328,0.032036,172.31.36.0-255,66,214491,17,382545
18329,0.032075,74.125.200.0-255,2902,217393,17,382545
18330,0.032079,172.31.36.0-255,66,217459,17,382545
18331,0.034318,74.125.200.0-255,2902,220361,17,382545
18332,0.034322,172.31.36.0-255,66,220427,17,382545
18333,0.034355,74.125.200.0-255,2902,223329,17,382545
18334,0.034358,172.31.36.0-255,66,223395,17,382545
18335,0.036605,74.125.200.0-255,2902,226297,17,382545
18336,0.03661,172.31.36.0-255,66,226363,17,382545
18337,0.036643,74.125.200.0-255,2902,229265,17,382545
18338,0.036646,172.31.36.0-255,66,229331,17,382545
18339,0.038887,74.125.200.0-255,2902,232233,17,382545
18340,0.038892,172.31.36.0-255,66,232299,17,382545
18341,0.038942,74.125.200.0-255,2902,235201,17,382545
18342,0.038946,172.31.36.0-255,66,235267,17,382545
18343,0.041179,74.125.200.0-255,1484,236751,17,382545
18344,0.041208,74.125.200.0-255,1484,238235,17,382545
18345,0.041212,172.31.36.0-255,66,238301,17,382545
18346,0.041231,74.125.200.0-255,2902,241203,17,382545
18347,0.041235,172.31.36.0-255,66,241269,17,382545
18348,0.043494,74.125.200.0-255,4320,245589,17,382545
18349,0.0435,172.31.36.0-255,66,245655,17,382545
18350,0.043532,74.125.200.0-255,1484,247139,17,382545
18351,0.045785,74.125.200.0-255,4320,251459,17,382545
18352,0.045791,172.31.36.0-255,66,251525,17,382545
18353,0.04807,74.125.200.0-255,5738,257263,17,382545
18354,0.048076,172.31.36.0-255,66,257329,17,382545
18355,0.050348,74.125.200.0-255,1484,258813,17,382545
18356,0.050388,74.125.200.0-255,4320,263133,17,382545
18357,0.050392,172.31.36.0-255,66,263199,17,382545
18358,0.05267,74.125.200.0-255,5738,268937,17,382545
18359,0.052675,172.31.36.0-255,66,269003,17,382545
18360,0.054947,74.125.200.0-255,2902,271905,17,382545
18361,0.054952,172.31.36.0-255,66,271971,17,382545
18362,0.054985,74.125.200.0-255,2902,274873,17,382545
18363,0.054988,172.31.36.0-255,66,274939,17,382545
18364,0.057228,74.125.200.0-255,2902,277841,17,382545
18365,0.057234,172.31.36.0-255,66,277907,17,382545
18366,0.057269,74.125.200.0-255,2902,280809,17,382545
18367,0.057272,172.31.36.0-255,66,280875,17,382545
18368,0.05951,74.125.200.0-255,2902,283777,17,382545
18369,0.059515,172.31.36.0-255,66,283843,17,382545
18370,0.059554,74.125.200.0-255,2902,286745,17,382545
18371,0.059557,172.31.36.0-255,66,286811,17,382545
18372,0.061791,74.125.200.0-255,2902,289713,17,382545
18373,0.061798,172.31.36.0-255,66,289779,17,382545
18374,0.061833,74.125.200.0-255,2902,292681,17,382545
18375,0.061836,172.31.36.0-255,66,292747,17,382545
18376,0.06408,74.125.200.0-255,2902,295649,17,382545
18377,0.064085,172.31.36.0-255,66,295715,17,382545
18378,0.064118,74.125.200.0-255,2902,298617,17,382545
18379,0.064121,172.31.36.0-255,66,298683,17,382545
18380,0.066362,74.125.200.0-255,2902,301585,17,382545
18381,0.066367,172.31.36.0-255,66,301651,17,382545
18382,0.066405,74.125.200.0-255,2902,304553,17,382545
18383,0.066408,172.31.36.0-255,66,304619,17,382545
18384,0.06864,74.125.200.0-255,2902,307521,17,382545
18385,0.068645,172.31.36.0-255,66,307587,17,382545
18386,0.068678,74.125.200.0-255,2902,310489,17,382545
18387,0.068681,172.31.36.0-255,66,310555,17,382545
18388,0.070913,74.125.200.0-255,2902,313457,17,382545
18389,0.070918,172.31.36.0-255,66,313523,17,382545
18390,0.070963,74.125.200.0-255,2902,316425,17,382545
18391,0.070966,172.31.36.0-255,66,316491,17,382545
18392,0.073202,74.125.200.0-255,2902,319393,17,382545
18393,0.073208,172.31.36.0-255,66,319459,17,382545
18394,0.073246,74.125.200.0-255,2902,322361,17,382545
18395,0.073249,172.31.36.0-255,66,322427,17,382545
18396,0.07549,74.125.200.0-255,2902,325329,17,382545
18397,0.075495,172.31.36.0-255,66,325395,17,382545
18398,0.075533,74.125.200.0-255,2902,328297,17,382545
18399,0.075536,172.31.36.0-255,66,328363,17,382545
18400,0.077803,74.125.200.0-255,2902,331265,17,382545
18401,0.077809,172.31.36.0-255,66,331331,17,382545
18402,0.077843,74.125.200.0-255,2902,334233,17,382545
18403,0.077846,172.31.36.0-255,66,334299,17,382545
18404,0.080084,74.125.200.0-255,1484,335783,17,382545
18405,0.080123,74.125.200.0-255,4320,340103,17,382545
18406,0.080128,172.31.36.0-255,66,340169,17,382545
18407,0.08242,74.125.200.0-255,4320,344489,17,382545
18408,0.082425,172.31.36.0-255,66,344555,17,382545
18409,0.082462,74.125.200.0-255,1484,346039,17,382545
18410,0.0847,74.125.200.0-255,4320,350359,17,382545
18411,0.084705,172.31.36.0-255,66,350425,17,382545
18412,0.086993,74.125.200.0-255,5738,356163,17,382545
18413,0.086999,172.31.36.0-255,66,356229,17,382545
18414,0.089284,74.125.200.0-255,4320,360549,17,382545
18415,0.089289,172.31.36.0-255,66,360615,17,382545
18416,0.08932,74.125.200.0-255,1484,362099,17,382545
18417,0.091578,74.125.200.0-255,4320,366419,17,382545
18418,0.091583,172.31.36.0-255,66,366485,17,382545
18419,0.093867,74.125.200.0-255,4320,370805,17,382545
18420,0.093873,172.31.36.0-255,66,370871,17,382545
18421,0.093902,74.125.200.0-255,1484,372355,17,382545
18422,0.096164,74.125.200.0-255,4320,376675,17,382545
18423,0.096169,172.31.36.0-255,66,376741,17,382545
18424,0.098449,74.125.200.0-255,5738,382479,17,382545
18425,0.098455,172.31.36.0-255,66,382545,17,382545
18426,0.0,172.217.194.0-255,297,297,17,178275
18427,3.2e-05,172.31.36.0-255,66,363,17,178275
18428,3.9e-05,172.217.194.0-255,1484,1847,17,178275
18429,4.2e-05,172.31.36.0-255,66,1913,17,178275
18430,4.8e-05,172.217.194.0-255,4320,6233,17,178275
18431,5e-05,172.31.36.0-255,66,6299,17,178275
18432,5.6e-05,172.217.194.0-255,4320,10619,17,178275
18433,5.9e-05,172.31.36.0-255,66,10685,17,178275
18434,8.8e-05,172.217.194.0-255,4684,15369,17,178275
18435,9.2e-05,172.31.36.0-255,66,15435,17,178275
18436,0.000103,172.31.36.0-255,66,15501,17,178275
18437,0.000118,172.217.194.0-255,1484,16985,17,178275
18438,0.000121,172.31.36.0-255,66,17051,17,178275
18439,0.000129,172.217.194.0-255,5379,22430,17,178275
18440,0.000131,172.31.36.0-255,66,22496,17,178275
18441,0.000155,172.217.194.0-255,5738,28234,17,178275
18442,0.000157,172.31.36.0-255,66,28300,17,178275
18443,0.00016,172.217.194.0-255,1484,29784,17,178275
18444,0.000162,172.31.36.0-255,66,29850,17,178275
18445,0.000167,172.217.194.0-255,4320,34170,17,178275
18446,0.000169,172.31.36.0-255,66,34236,17,178275
18447,0.000195,172.217.194.0-255,4320,38556,17,178275
18448,0.000199,172.31.36.0-255,66,38622,17,178275
18449,0.000202,172.217.194.0-255,1125,39747,17,178275
18450,0.000203,172.31.36.0-255,66,39813,17,178275
18451,0.000207,172.217.194.0-255,1484,41297,17,178275
18452,0.000209,172.31.36.0-255,66,41363,17,178275
18453,0.000215,172.217.194.0-255,4320,45683,17,178275
18454,0.000217,172.31.36.0-255,66,45749,17,178275
18455,0.00023,172.217.194.0-255,2902,48651,17,178275
18456,0.000233,172.31.36.0-255,66,48717,17,178275
18457,0.000254,172.217.194.0-255,7156,55873,17,178275
18458,0.00027,172.31.36.0-255,66,55939,17,178275
18459,0.000275,172.217.194.0-255,1437,57376,17,178275
18460,0.00033,172.217.194.0-255,395,57771,17,178275
18461,0.000336,172.31.36.0-255,66,57837,17,178275
18462,0.000441,172.217.194.0-255,1484,59321,17,178275
18463,0.000446,172.217.194.0-255,2902,62223,17,178275
18464,0.000452,172.31.36.0-255,66,62289,17,178275
18465,0.000474,172.217.194.0-255,5738,68027,17,178275
18466,0.000476,172.217.194.0-255,1484,69511,17,178275
18467,0.000478,172.31.36.0-255,66,69577,17,178275
18468,0.000512,172.217.194.0-255,2902,72479,17,178275
18469,0.000513,172.31.36.0-255,66,72545,17,178275
18470,0.000526,172.31.36.0-255,66,72611,17,178275
18471,0.000554,172.31.36.0-255,66,72677,17,178275
18472,0.000586,172.217.194.0-255,1484,74161,17,178275
18473,0.000591,172.217.194.0-255,2902,77063,17,178275
18474,0.000595,172.217.194.0-255,5738,82801,17,178275
18475,0.000606,172.31.36.0-255,66,82867,17,178275
18476,0.000639,172.31.36.0-255,66,82933,17,178275
18477,0.000663,172.31.36.0-255,66,82999,17,178275
18478,0.001226,172.217.194.0-255,1484,84483,17,178275
18479,0.001232,172.217.194.0-255,2902,87385,17,178275
18480,0.001237,172.31.36.0-255,66,87451,17,178275
18481,0.001248,172.217.194.0-255,2902,90353,17,178275
18482,0.001255,172.31.36.0-255,66,90419,17,178275
18483,0.001262,172.217.194.0-255,2902,93321,17,178275
18484,0.001271,172.31.36.0-255,66,93387,17,178275
18485,0.001275,172.217.194.0-255,1484,94871,17,178275
18486,0.001307,172.31.36.0-255,66,94937,17,178275
18487,0.001318,172.217.194.0-255,2902,97839,17,178275
18488,0.001321,172.31.36.0-255,66,97905,17,178275
18489,0.001348,172.31.36.0-255,66,97971,17,178275
18490,0.001756,172.217.194.0-255,1484,99455,17,178275
18491,0.001765,172.217.194.0-255,2902,102357,17,178275
18492,0.001769,172.31.36.0-255,66,102423,17,178275
18493,0.001775,172.217.194.0-255,4320,106743,17,178275
18494,0.00179,172.217.194.0-255,1484,108227,17,178275
18495,0.001797,172.217.194.0-255,7156,115383,17,178275
18496,0.001819,172.217.194.0-255,5738,121121,17,178275
18497,0.001832,172.217.194.0-255,4320,125441,17,178275
18498,0.001848,172.217.194.0-255,6438,131879,17,178275
18499,0.001885,172.217.194.0-255,1484,133363,17,178275
18500,0.0019,172.217.194.0-255,2902,136265,17,178275
18501,0.001922,172.217.194.0-255,5738,142003,17,178275
18502,0.001948,172.217.194.0-255,2902,144905,17,178275
18503,0.002026,172.217.194.0-255,7156,152061,17,178275
18504,0.002046,172.217.194.0-255,2902,154963,17,178275
18505,0.002062,172.217.194.0-255,7156,162119,17,178275
18506,0.002142,172.217.194.0-255,5738,167857,17,178275
18507,0.002257,172.217.194.0-255,4320,172177,17,178275
18508,0.002317,172.217.194.0-255,1484,173661,17,178275
18509,0.002362,172.217.194.0-255,105,173766,17,178275
18510,0.007175,172.31.36.0-255,66,173832,17,178275
18511,0.009103,172.31.36.0-255,105,173937,17,178275
18512,0.011628,172.217.194.0-255,66,174003,17,178275
18513,0.031628,172.31.36.0-255,172,174175,17,178275
18514,0.031659,172.31.36.0-255,1117,175292,17,178275
18515,0.031697,172.31.36.0-255,1514,176806,17,178275
18516,0.031699,172.31.36.0-255,1271,178077,17,178275
18517,0.033193,104.244.42.0-255,66,178143,17,178275
18518,0.033201,104.244.42.0-255,66,178209,17,178275
18519,0.033234,104.244.42.0-255,66,178275,17,178275
18520,0.0,172.217.26.0-255,212,212,17,380918
18521,2.6e-05,172.31.36.0-255,66,278,17,380918
18522,3.2e-05,172.217.26.0-255,1484,1762,17,380918
18523,3.6e-05,172.31.36.0-255,66,1828,17,380918
18524,4.1e-05,172.217.26.0-255,4320,6148,17,380918
18525,4.4e-05,172.31.36.0-255,66,6214,17,380918
18526,4.9e-05,172.217.26.0-255,4320,10534,17,380918
18527,5.1e-05,172.31.36.0-255,66,10600,17,380918
18528,7.9e-05,172.217.26.0-255,4711,15311,17,380918
18529,8.1e-05,172.31.36.0-255,66,15377,17,380918
18530,9.1e-05,172.31.36.0-255,66,15443,17,380918
18531,0.000124,172.217.26.0-255,6797,22240,17,380918
18532,0.000126,172.31.36.0-255,66,22306,17,380918
18533,0.000164,172.217.26.0-255,7156,29462,17,380918
18534,0.000167,172.31.36.0-255,66,29528,17,380918
18535,0.000171,172.217.26.0-255,2902,32430,17,380918
18536,0.000173,172.31.36.0-255,66,32496,17,380918
18537,0.000187,172.217.26.0-255,1484,33980,17,380918
18538,0.000189,172.31.36.0-255,66,34046,17,380918
18539,0.000195,172.217.26.0-255,5379,39425,17,380918
18540,0.000197,172.31.36.0-255,66,39491,17,380918
18541,0.001014,172.217.26.0-255,1484,40975,17,380918
18542,0.001019,172.31.36.0-255,66,41041,17,380918
18543,0.001027,172.217.26.0-255,2902,43943,17,380918
18544,0.001029,172.31.36.0-255,66,44009,17,380918
18545,0.001032,172.217.26.0-255,1484,45493,17,380918
18546,0.001033,172.31.36.0-255,66,45559,17,380918
18547,0.001053,172.217.26.0-255,4320,49879,17,380918
18548,0.001055,172.31.36.0-255,66,49945,17,380918
18549,0.001059,172.217.26.0-255,2902,52847,17,380918
18550,0.00106,172.31.36.0-255,66,52913,17,380918
18551,0.001071,172.217.26.0-255,1484,54397,17,380918
18552,0.001098,172.31.36.0-255,66,54463,17,380918
18553,0.001105,172.217.26.0-255,7156,61619,17,380918
18554,0.001107,172.31.36.0-255,66,61685,17,380918
18555,0.001119,172.217.26.0-255,3125,64810,17,380918
18556,0.001121,172.31.36.0-255,66,64876,17,380918
18557,0.001249,172.217.26.0-255,1484,66360,17,380918
18558,0.001268,172.217.26.0-255,2902,69262,17,380918
18559,0.001271,172.31.36.0-255,66,69328,17,380918
18560,0.001277,172.217.26.0-255,4320,73648,17,380918
18561,0.001279,172.31.36.0-255,66,73714,17,380918
18562,0.001291,172.217.26.0-255,1484,75198,17,380918
18563,0.001303,172.217.26.0-255,1484,76682,17,380918
18564,0.001305,172.31.36.0-255,66,76748,17,380918
18565,0.001321,172.217.26.0-255,5379,82127,17,380918
18566,0.001324,172.31.36.0-255,66,82193,17,380918
18567,0.001345,172.217.26.0-255,1484,83677,17,380918
18568,0.001359,172.217.26.0-255,2902,86579,17,380918
18569,0.001362,172.31.36.0-255,66,86645,17,380918
18570,0.001367,172.217.26.0-255,2902,89547,17,380918
18571,0.001369,172.31.36.0-255,66,89613,17,380918
18572,0.001383,172.217.26.0-255,2902,92515,17,380918
18573,0.001386,172.31.36.0-255,66,92581,17,380918
18574,0.001404,172.217.26.0-255,1484,94065,17,380918
18575,0.00142,172.217.26.0-255,4713,98778,17,380918
18576,0.001423,172.31.36.0-255,66,98844,17,380918
18577,0.001748,172.217.26.0-255,198,99042,17,380918
18578,0.003376,172.217.26.0-255,1484,100526,17,380918
18579,0.003379,172.31.36.0-255,66,100592,17,380918
18580,0.003399,172.217.26.0-255,2902,103494,17,380918
18581,0.003403,172.31.36.0-255,66,103560,17,380918
18582,0.005355,172.217.26.0-255,2902,106462,17,380918
18583,0.005364,172.31.36.0-255,66,106528,17,380918
18584,0.005369,172.217.26.0-255,2902,109430,17,380918
18585,0.005372,172.31.36.0-255,66,109496,17,380918
18586,0.00737,172.217.26.0-255,5738,115234,17,380918
18587,0.007375,172.31.36.0-255,66,115300,17,380918
18588,0.009348,172.217.26.0-255,5738,121038,17,380918
18589,0.009355,172.31.36.0-255,66,121104,17,380918
18590,0.011326,172.217.26.0-255,5738,126842,17,380918
18591,0.011333,172.31.36.0-255,66,126908,17,380918
18592,0.013313,172.217.26.0-255,5738,132646,17,380918
18593,0.013323,172.31.36.0-255,66,132712,17,380918
18594,0.015303,172.217.26.0-255,5738,138450,17,380918
18595,0.015311,172.31.36.0-255,66,138516,17,380918
18596,0.017297,172.217.26.0-255,5738,144254,17,380918
18597,0.017305,172.31.36.0-255,66,144320,17,380918
18598,0.019285,172.217.26.0-255,5738,150058,17,380918
18599,0.019293,172.31.36.0-255,66,150124,17,380918
18600,0.021286,172.217.26.0-255,5738,155862,17,380918
18601,0.021293,172.31.36.0-255,66,155928,17,380918
18602,0.023269,172.217.26.0-255,5738,161666,17,380918
18603,0.023277,172.31.36.0-255,66,161732,17,380918
18604,0.025241,172.217.26.0-255,4320,166052,17,380918
18605,0.025247,172.31.36.0-255,66,166118,17,380918
18606,0.02528,172.217.26.0-255,1484,167602,17,380918
18607,0.027219,172.217.26.0-255,4320,171922,17,380918
18608,0.027225,172.31.36.0-255,66,171988,17,380918
18609,0.028435,172.31.36.0-255,172,172160,17,380918
18610,0.028469,172.31.36.0-255,1116,173276,17,380918
18611,0.028511,172.31.36.0-255,1514,174790,17,380918
18612,0.028512,172.31.36.0-255,1272,176062,17,380918
18613,0.029202,172.217.26.0-255,5738,181800,17,380918
18614,0.029209,172.31.36.0-255,66,181866,17,380918
18615,0.029971,104.244.42.0-255,66,181932,17,380918
18616,0.030009,104.244.42.0-255,66,181998,17,380918
18617,0.030055,104.244.42.0-255,66,182064,17,380918
18618,0.031176,172.217.26.0-255,4320,186384,17,380918
18619,0.03118,172.31.36.0-255,66,186450,17,380918
18620,0.031213,172.217.26.0-255,1484,187934,17,380918
18621,0.033167,172.217.26.0-255,4320,192254,17,380918
18622,0.033173,172.31.36.0-255,66,192320,17,380918
18623,0.035149,172.217.26.0-255,5738,198058,17,380918
18624,0.035156,172.31.36.0-255,66,198124,17,380918
18625,0.037123,172.217.26.0-255,5738,203862,17,380918
18626,0.03713,172.31.36.0-255,66,203928,17,380918
18627,0.039101,172.217.26.0-255,5738,209666,17,380918
18628,0.039107,172.31.36.0-255,66,209732,17,380918
18629,0.041081,172.217.26.0-255,5738,215470,17,380918
18630,0.041087,172.31.36.0-255,66,215536,17,380918
18631,0.043049,172.217.26.0-255,5738,221274,17,380918
18632,0.043054,172.31.36.0-255,66,221340,17,380918
18633,0.045012,172.217.26.0-255,1484,222824,17,380918
18634,0.045047,172.217.26.0-255,4320,227144,17,380918
18635,0.045052,172.31.36.0-255,66,227210,17,380918
18636,0.047026,172.217.26.0-255,5738,232948,17,380918
18637,0.047031,172.31.36.0-255,66,233014,17,380918
18638,0.049015,172.217.26.0-255,5738,238752,17,380918
18639,0.049021,172.31.36.0-255,66,238818,17,380918
18640,0.051025,172.217.26.0-255,5738,244556,17,380918
18641,0.05103,172.31.36.0-255,66,244622,17,380918
18642,0.052998,172.217.26.0-255,5738,250360,17,380918
18643,0.053003,172.31.36.0-255,66,250426,17,380918
18644,0.054977,172.217.26.0-255,5738,256164,17,380918
18645,0.054983,172.31.36.0-255,66,256230,17,380918
18646,0.056953,172.217.26.0-255,4320,260550,17,380918
18647,0.056958,172.31.36.0-255,66,260616,17,380918
18648,0.056985,172.217.26.0-255,1484,262100,17,380918
18649,0.058936,172.217.26.0-255,4320,266420,17,380918
18650,0.058942,172.31.36.0-255,66,266486,17,380918
18651,0.060904,172.217.26.0-255,5738,272224,17,380918
18652,0.060908,172.31.36.0-255,66,272290,17,380918
18653,0.062877,172.217.26.0-255,5738,278028,17,380918
18654,0.062882,172.31.36.0-255,66,278094,17,380918
18655,0.064842,172.217.26.0-255,4320,282414,17,380918
18656,0.064848,172.31.36.0-255,66,282480,17,380918
18657,0.064874,172.217.26.0-255,1484,283964,17,380918
18658,0.066829,172.217.26.0-255,4320,288284,17,380918
18659,0.066834,172.31.36.0-255,66,288350,17,380918
18660,0.068802,172.217.26.0-255,5738,294088,17,380918
18661,0.068808,172.31.36.0-255,66,294154,17,380918
18662,0.070767,172.217.26.0-255,5738,299892,17,380918
18663,0.070773,172.31.36.0-255,66,299958,17,380918
18664,0.072762,172.217.26.0-255,4320,304278,17,380918
18665,0.072769,172.31.36.0-255,66,304344,17,380918
18666,0.072798,172.217.26.0-255,1484,305828,17,380918
18667,0.074752,172.217.26.0-255,4320,310148,17,380918
18668,0.074756,172.31.36.0-255,66,310214,17,380918
18669,0.076727,172.217.26.0-255,5738,315952,17,380918
18670,0.076732,172.31.36.0-255,66,316018,17,380918
18671,0.078709,172.217.26.0-255,2902,318920,17,380918
18672,0.078714,172.31.36.0-255,66,318986,17,380918
18673,0.078747,172.217.26.0-255,2902,321888,17,380918
18674,0.07875,172.31.36.0-255,66,321954,17,380918
18675,0.080679,172.217.26.0-255,2902,324856,17,380918
18676,0.080686,172.31.36.0-255,66,324922,17,380918
18677,0.080712,172.217.26.0-255,2902,327824,17,380918
18678,0.080714,172.31.36.0-255,66,327890,17,380918
18679,0.082653,172.217.26.0-255,2902,330792,17,380918
18680,0.082657,172.31.36.0-255,66,330858,17,380918
18681,0.082688,172.217.26.0-255,2902,333760,17,380918
18682,0.082691,172.31.36.0-255,66,333826,17,380918
18683,0.084627,172.217.26.0-255,2902,336728,17,380918
18684,0.084633,172.31.36.0-255,66,336794,17,380918
18685,0.08465,172.217.26.0-255,2902,339696,17,380918
18686,0.084653,172.31.36.0-255,66,339762,17,380918
18687,0.086602,172.217.26.0-255,5738,345500,17,380918
18688,0.086607,172.31.36.0-255,66,345566,17,380918
18689,0.088567,172.217.26.0-255,5738,351304,17,380918
18690,0.088572,172.31.36.0-255,66,351370,17,380918
18691,0.09055,172.217.26.0-255,5738,357108,17,380918
18692,0.090555,172.31.36.0-255,66,357174,17,380918
18693,0.092519,172.217.26.0-255,2902,360076,17,380918
18694,0.092525,172.31.36.0-255,66,360142,17,380918
18695,0.092549,172.217.26.0-255,2902,363044,17,380918
18696,0.092551,172.31.36.0-255,66,363110,17,380918
18697,0.094482,172.217.26.0-255,2902,366012,17,380918
18698,0.094487,172.31.36.0-255,66,366078,17,380918
18699,0.094515,172.217.26.0-255,2902,368980,17,380918
18700,0.094517,172.31.36.0-255,66,369046,17,380918
18701,0.096448,172.217.26.0-255,2902,371948,17,380918
18702,0.096454,172.31.36.0-255,66,372014,17,380918
18703,0.096501,172.217.26.0-255,2902,374916,17,380918
18704,0.096505,172.31.36.0-255,66,374982,17,380918
18705,0.09842,172.217.26.0-255,2902,377884,17,380918
18706,0.098425,172.31.36.0-255,66,377950,17,380918
18707,0.098466,172.217.26.0-255,2902,380852,17,380918
18708,0.09847,172.31.36.0-255,66,380918,17,380918
18709,0.0,74.125.200.0-255,153,153,17,390004
18710,2.4e-05,172.31.36.0-255,66,219,17,390004
18711,3.2e-05,74.125.200.0-255,1484,1703,17,390004
18712,3.6e-05,172.31.36.0-255,66,1769,17,390004
18713,4.2e-05,74.125.200.0-255,2902,4671,17,390004
18714,4.5e-05,172.31.36.0-255,66,4737,17,390004
18715,4.9e-05,74.125.200.0-255,1484,6221,17,390004
18716,5.2e-05,172.31.36.0-255,66,6287,17,390004
18717,7.8e-05,74.125.200.0-255,5738,12025,17,390004
18718,8.2e-05,172.31.36.0-255,66,12091,17,390004
18719,8.5e-05,74.125.200.0-255,1484,13575,17,390004
18720,8.7e-05,172.31.36.0-255,66,13641,17,390004
18721,0.000113,74.125.200.0-255,6311,19952,17,390004
18722,0.000115,172.31.36.0-255,66,20018,17,390004
18723,0.000121,74.125.200.0-255,4320,24338,17,390004
18724,0.000123,172.31.36.0-255,66,24404,17,390004
18725,0.000129,74.125.200.0-255,5738,30142,17,390004
18726,0.000132,172.31.36.0-255,66,30208,17,390004
18727,0.000171,74.125.200.0-255,1125,31333,17,390004
18728,0.000174,172.31.36.0-255,66,31399,17,390004
18729,0.000242,74.125.200.0-255,1484,32883,17,390004
18730,0.000244,172.31.36.0-255,66,32949,17,390004
18731,0.000256,74.125.200.0-255,1484,34433,17,390004
18732,0.000258,172.31.36.0-255,66,34499,17,390004
18733,0.000283,74.125.200.0-255,1484,35983,17,390004
18734,0.000285,172.31.36.0-255,66,36049,17,390004
18735,0.000291,74.125.200.0-255,4320,40369,17,390004
18736,0.000294,172.31.36.0-255,66,40435,17,390004
18737,0.000298,74.125.200.0-255,2902,43337,17,390004
18738,0.000301,172.31.36.0-255,66,43403,17,390004
18739,0.000316,74.125.200.0-255,5738,49141,17,390004
18740,0.000319,172.31.36.0-255,66,49207,17,390004
18741,0.000324,74.125.200.0-255,2902,52109,17,390004
18742,0.000326,172.31.36.0-255,66,52175,17,390004
18743,0.000354,74.125.200.0-255,5738,57913,17,390004
18744,0.000357,172.31.36.0-255,66,57979,17,390004
18745,0.00036,74.125.200.0-255,1484,59463,17,390004
18746,0.000381,74.125.200.0-255,6733,66196,17,390004
18747,0.000384,172.31.36.0-255,66,66262,17,390004
18748,0.000408,74.125.200.0-255,413,66675,17,390004
18749,0.000655,74.125.200.0-255,1484,68159,17,390004
18750,0.000658,172.31.36.0-255,66,68225,17,390004
18751,0.000687,74.125.200.0-255,2902,71127,17,390004
18752,0.00069,172.31.36.0-255,66,71193,17,390004
18753,0.000713,74.125.200.0-255,5738,76931,17,390004
18754,0.000716,172.31.36.0-255,66,76997,17,390004
18755,0.000719,74.125.200.0-255,1484,78481,17,390004
18756,0.000746,74.125.200.0-255,2902,81383,17,390004
18757,0.000749,172.31.36.0-255,66,81449,17,390004
18758,0.000757,74.125.200.0-255,5738,87187,17,390004
18759,0.000759,172.31.36.0-255,66,87253,17,390004
18760,0.000797,74.125.200.0-255,2902,90155,17,390004
18761,0.000799,172.31.36.0-255,66,90221,17,390004
18762,0.000805,74.125.200.0-255,4320,94541,17,390004
18763,0.000808,172.31.36.0-255,66,94607,17,390004
18764,0.000813,74.125.200.0-255,4320,98927,17,390004
18765,0.000816,172.31.36.0-255,66,98993,17,390004
18766,0.000834,74.125.200.0-255,2184,101177,17,390004
18767,0.000836,172.31.36.0-255,66,101243,17,390004
18768,0.001581,74.125.200.0-255,1484,102727,17,390004
18769,0.001589,74.125.200.0-255,2902,105629,17,390004
18770,0.001593,172.31.36.0-255,66,105695,17,390004
18771,0.001601,74.125.200.0-255,5738,111433,17,390004
18772,0.001603,172.31.36.0-255,66,111499,17,390004
18773,0.00161,74.125.200.0-255,7156,118655,17,390004
18774,0.001612,172.31.36.0-255,66,118721,17,390004
18775,0.001615,74.125.200.0-255,1484,120205,17,390004
18776,0.001651,172.31.36.0-255,66,120271,17,390004
18777,0.001672,74.125.200.0-255,2184,122455,17,390004
18778,0.001674,172.31.36.0-255,66,122521,17,390004
18779,0.002036,74.125.200.0-255,1484,124005,17,390004
18780,0.002045,74.125.200.0-255,2902,126907,17,390004
18781,0.002049,172.31.36.0-255,66,126973,17,390004
18782,0.002055,74.125.200.0-255,2902,129875,17,390004
18783,0.002058,172.31.36.0-255,66,129941,17,390004
18784,0.002063,74.125.200.0-255,4320,134261,17,390004
18785,0.002066,172.31.36.0-255,66,134327,17,390004
18786,0.002106,172.31.36.0-255,66,134393,17,390004
18787,0.002112,74.125.200.0-255,2902,137295,17,390004
18788,0.002114,172.31.36.0-255,66,137361,17,390004
18789,0.002179,172.31.36.0-255,66,137427,17,390004
18790,0.002206,74.125.200.0-255,1484,138911,17,390004
18791,0.002233,74.125.200.0-255,2902,141813,17,390004
18792,0.002237,172.31.36.0-255,66,141879,17,390004
18793,0.002271,74.125.200.0-255,4320,146199,17,390004
18794,0.002275,172.31.36.0-255,66,146265,17,390004
18795,0.002294,74.125.200.0-255,1484,147749,17,390004
18796,0.0023,74.125.200.0-255,4320,152069,17,390004
18797,0.002303,172.31.36.0-255,66,152135,17,390004
18798,0.004521,74.125.200.0-255,5738,157873,17,390004
18799,0.00453,172.31.36.0-255,66,157939,17,390004
18800,0.006755,74.125.200.0-255,5738,163677,17,390004
18801,0.006762,172.31.36.0-255,66,163743,17,390004
18802,0.008986,74.125.200.0-255,5738,169481,17,390004
18803,0.008991,172.31.36.0-255,66,169547,17,390004
18804,0.011202,74.125.200.0-255,4320,173867,17,390004
18805,0.011209,172.31.36.0-255,66,173933,17,390004
18806,0.01123,74.125.200.0-255,1484,175417,17,390004
18807,0.013437,74.125.200.0-255,4320,179737,17,390004
18808,0.013447,172.31.36.0-255,66,179803,17,390004
18809,0.01566,74.125.200.0-255,5738,185541,17,390004
18810,0.015665,172.31.36.0-255,66,185607,17,390004
18811,0.017899,74.125.200.0-255,5738,191345,17,390004
18812,0.017909,172.31.36.0-255,66,191411,17,390004
18813,0.020141,74.125.200.0-255,5738,197149,17,390004
18814,0.020149,172.31.36.0-255,66,197215,17,390004
18815,0.022371,74.125.200.0-255,5738,202953,17,390004
18816,0.022379,172.31.36.0-255,66,203019,17,390004
18817,0.024593,74.125.200.0-255,4320,207339,17,390004
18818,0.024601,172.31.36.0-255,66,207405,17,390004
18819,0.024621,74.125.200.0-255,1484,208889,17,390004
18820,0.026814,74.125.200.0-255,4320,213209,17,390004
18821,0.026823,172.31.36.0-255,66,213275,17,390004
18822,0.029033,74.125.200.0-255,5738,219013,17,390004
18823,0.029041,172.31.36.0-255,66,219079,17,390004
18824,0.031262,74.125.200.0-255,5738,224817,17,390004
18825,0.03127,172.31.36.0-255,66,224883,17,390004
18826,0.033486,74.125.200.0-255,5738,230621,17,390004
18827,0.033493,172.31.36.0-255,66,230687,17,390004
18828,0.035731,74.125.200.0-255,5738,236425,17,390004
18829,0.035742,172.31.36.0-255,66,236491,17,390004
18830,0.037983,74.125.200.0-255,5738,242229,17,390004
18831,0.03799,172.31.36.0-255,66,242295,17,390004
18832,0.038096,172.31.36.0-255,172,242467,17,390004
18833,0.038125,172.31.36.0-255,1118,243585,17,390004
18834,0.038246,172.31.36.0-255,1514,245099,17,390004
18835,0.038248,172.31.36.0-255,1270,246369,17,390004
18836,0.039673,104.244.42.0-255,66,246435,17,390004
18837,0.039701,104.244.42.0-255,66,246501,17,390004
18838,0.039806,104.244.42.0-255,66,246567,17,390004
18839,0.040216,74.125.200.0-255,5738,252305,17,390004
18840,0.040222,172.31.36.0-255,66,252371,17,390004
18841,0.042487,74.125.200.0-255,5738,258109,17,390004
18842,0.042494,172.31.36.0-255,66,258175,17,390004
18843,0.04472,74.125.200.0-255,5738,263913,17,390004
18844,0.044727,172.31.36.0-255,66,263979,17,390004
18845,0.046942,74.125.200.0-255,5738,269717,17,390004
18846,0.046949,172.31.36.0-255,66,269783,17,390004
18847,0.049158,74.125.200.0-255,5738,275521,17,390004
18848,0.049165,172.31.36.0-255,66,275587,17,390004
18849,0.051381,74.125.200.0-255,5738,281325,17,390004
18850,0.051388,172.31.36.0-255,66,281391,17,390004
18851,0.053621,74.125.200.0-255,5738,287129,17,390004
18852,0.053633,172.31.36.0-255,66,287195,17,390004
18853,0.055865,74.125.200.0-255,5738,292933,17,390004
18854,0.055872,172.31.36.0-255,66,292999,17,390004
18855,0.058089,74.125.200.0-255,5738,298737,17,390004
18856,0.058097,172.31.36.0-255,66,298803,17,390004
18857,0.06033,74.125.200.0-255,5738,304541,17,390004
18858,0.060336,172.31.36.0-255,66,304607,17,390004
18859,0.062607,74.125.200.0-255,5738,310345,17,390004
18860,0.062617,172.31.36.0-255,66,310411,17,390004
18861,0.064883,74.125.200.0-255,5738,316149,17,390004
18862,0.06489,172.31.36.0-255,66,316215,17,390004
18863,0.067102,74.125.200.0-255,5738,321953,17,390004
18864,0.067109,172.31.36.0-255,66,322019,17,390004
18865,0.069356,74.125.200.0-255,5738,327757,17,390004
18866,0.069368,172.31.36.0-255,66,327823,17,390004
18867,0.071601,74.125.200.0-255,5738,333561,17,390004
18868,0.071609,172.31.36.0-255,66,333627,17,390004
18869,0.07385,74.125.200.0-255,5738,339365,17,390004
18870,0.073856,172.31.36.0-255,66,339431,17,390004
18871,0.076087,74.125.200.0-255,5738,345169,17,390004
18872,0.076093,172.31.36.0-255,66,345235,17,390004
18873,0.078321,74.125.200.0-255,5738,350973,17,390004
18874,0.078328,172.31.36.0-255,66,351039,17,390004
18875,0.080541,74.125.200.0-255,5738,356777,17,390004
18876,0.08055,172.31.36.0-255,66,356843,17,390004
18877,0.082764,74.125.200.0-255,5738,362581,17,390004
18878,0.082771,172.31.36.0-255,66,362647,17,390004
18879,0.084998,74.125.200.0-255,5738,368385,17,390004
18880,0.085008,172.31.36.0-255,66,368451,17,390004
18881,0.08724,74.125.200.0-255,5738,374189,17,390004
18882,0.087247,172.31.36.0-255,66,374255,17,390004
18883,0.08949,74.125.200.0-255,5738,379993,17,390004
18884,0.089497,172.31.36.0-255,66,380059,17,390004
18885,0.091723,74.125.200.0-255,5738,385797,17,390004
18886,0.09173,172.31.36.0-255,66,385863,17,390004
18887,0.093947,74.125.200.0-255,3904,389767,17,390004
18888,0.093953,172.31.36.0-255,66,389833,17,390004
18889,0.094145,172.31.36.0-255,105,389938,17,390004
18890,0.096322,74.125.200.0-255,66,390004,17,390004
18891,0.0,172.217.194.0-255,152,152,17,327864
18892,1.3e-05,172.31.36.0-255,66,218,17,327864
18893,2e-05,172.217.194.0-255,1484,1702,17,327864
18894,2.5e-05,172.31.36.0-255,66,1768,17,327864
18895,3.1e-05,172.217.194.0-255,2902,4670,17,327864
18896,3.3e-05,172.31.36.0-255,66,4736,17,327864
18897,4.2e-05,172.217.194.0-255,7156,11892,17,327864
18898,4.4e-05,172.31.36.0-255,66,11958,17,327864
18899,6.8e-05,172.217.194.0-255,2075,14033,17,327864
18900,7e-05,172.31.36.0-255,66,14099,17,327864
18901,8.7e-05,172.217.194.0-255,1484,15583,17,327864
18902,8.9e-05,172.31.36.0-255,66,15649,17,327864
18903,0.000112,172.217.194.0-255,1484,17133,17,327864
18904,0.000115,172.31.36.0-255,66,17199,17,327864
18905,0.000123,172.217.194.0-255,7156,24355,17,327864
18906,0.000125,172.31.36.0-255,66,24421,17,327864
18907,0.000132,172.217.194.0-255,5738,30159,17,327864
18908,0.000134,172.31.36.0-255,66,30225,17,327864
18909,0.000157,172.217.194.0-255,1125,31350,17,327864
18910,0.000159,172.31.36.0-255,66,31416,17,327864
18911,0.000166,172.217.194.0-255,7156,38572,17,327864
18912,0.000169,172.31.36.0-255,66,38638,17,327864
18913,0.000173,172.217.194.0-255,1484,40122,17,327864
18914,0.000175,172.31.36.0-255,66,40188,17,327864
18915,0.000191,172.217.194.0-255,7156,47344,17,327864
18916,0.000194,172.31.36.0-255,66,47410,17,327864
18917,0.000197,172.217.194.0-255,1125,48535,17,327864
18918,0.000199,172.31.36.0-255,66,48601,17,327864
18919,0.001163,172.217.194.0-255,1484,50085,17,327864
18920,0.00117,172.31.36.0-255,66,50151,17,327864
18921,0.001179,172.217.194.0-255,2902,53053,17,327864
18922,0.001182,172.31.36.0-255,66,53119,17,327864
18923,0.001187,172.217.194.0-255,2902,56021,17,327864
18924,0.001189,172.31.36.0-255,66,56087,17,327864
18925,0.001216,172.217.194.0-255,2902,58989,17,327864
18926,0.001219,172.31.36.0-255,66,59055,17,327864
18927,0.001226,172.217.194.0-255,6797,65852,17,327864
18928,0.001228,172.31.36.0-255,66,65918,17,327864
18929,0.001264,172.217.194.0-255,1484,67402,17,327864
18930,0.00128,172.217.194.0-255,2902,70304,17,327864
18931,0.001283,172.31.36.0-255,66,70370,17,327864
18932,0.001291,172.217.194.0-255,5738,76108,17,327864
18933,0.001292,172.31.36.0-255,66,76174,17,327864
18934,0.001314,172.217.194.0-255,2902,79076,17,327864
18935,0.001316,172.31.36.0-255,66,79142,17,327864
18936,0.001348,172.31.36.0-255,66,79208,17,327864
18937,0.001368,172.217.194.0-255,5738,84946,17,327864
18938,0.00137,172.31.36.0-255,66,85012,17,327864
18939,0.001392,172.217.194.0-255,5958,90970,17,327864
18940,0.001395,172.31.36.0-255,66,91036,17,327864
18941,0.002488,172.217.194.0-255,1484,92520,17,327864
18942,0.002494,172.217.194.0-255,2902,95422,17,327864
18943,0.002498,172.31.36.0-255,66,95488,17,327864
18944,0.002502,172.217.194.0-255,1484,96972,17,327864
18945,0.00252,172.217.194.0-255,4320,101292,17,327864
18946,0.002522,172.31.36.0-255,66,101358,17,327864
18947,0.00255,172.217.194.0-255,1484,102842,17,327864
18948,0.002568,172.217.194.0-255,1484,104326,17,327864
18949,0.00257,172.31.36.0-255,66,104392,17,327864
18950,0.005061,172.217.194.0-255,4320,108712,17,327864
18951,0.005066,172.31.36.0-255,66,108778,17,327864
18952,0.005084,172.217.194.0-255,1484,110262,17,327864
18953,0.007595,172.217.194.0-255,4320,114582,17,327864
18954,0.007602,172.31.36.0-255,66,114648,17,327864
18955,0.010168,172.217.194.0-255,5738,120386,17,327864
18956,0.010178,172.31.36.0-255,66,120452,17,327864
18957,0.012706,172.217.194.0-255,5738,126190,17,327864
18958,0.012715,172.31.36.0-255,66,126256,17,327864
18959,0.015236,172.217.194.0-255,5738,131994,17,327864
18960,0.015246,172.31.36.0-255,66,132060,17,327864
18961,0.017779,172.217.194.0-255,5738,137798,17,327864
18962,0.017786,172.31.36.0-255,66,137864,17,327864
18963,0.02031,172.217.194.0-255,5738,143602,17,327864
18964,0.020317,172.31.36.0-255,66,143668,17,327864
18965,0.022862,172.217.194.0-255,5738,149406,17,327864
18966,0.022871,172.31.36.0-255,66,149472,17,327864
18967,0.025416,172.217.194.0-255,5738,155210,17,327864
18968,0.025424,172.31.36.0-255,66,155276,17,327864
18969,0.027036,172.31.36.0-255,172,155448,17,327864
18970,0.027066,172.31.36.0-255,1118,156566,17,327864
18971,0.027121,172.31.36.0-255,1514,158080,17,327864
18972,0.027123,172.31.36.0-255,1270,159350,17,327864
18973,0.027956,172.217.194.0-255,5738,165088,17,327864
18974,0.027963,172.31.36.0-255,66,165154,17,327864
18975,0.028629,104.244.42.0-255,66,165220,17,327864
18976,0.028637,104.244.42.0-255,66,165286,17,327864
18977,0.028692,104.244.42.0-255,66,165352,17,327864
18978,0.03048,172.217.194.0-255,5738,171090,17,327864
18979,0.030489,172.31.36.0-255,66,171156,17,327864
18980,0.033027,172.217.194.0-255,5738,176894,17,327864
18981,0.033036,172.31.36.0-255,66,176960,17,327864
18982,0.035544,172.217.194.0-255,5738,182698,17,327864
18983,0.035551,172.31.36.0-255,66,182764,17,327864
18984,0.038084,172.217.194.0-255,5738,188502,17,327864
18985,0.03809,172.31.36.0-255,66,188568,17,327864
18986,0.040612,172.217.194.0-255,5738,194306,17,327864
18987,0.040618,172.31.36.0-255,66,194372,17,327864
18988,0.043152,172.217.194.0-255,5738,200110,17,327864
18989,0.043158,172.31.36.0-255,66,200176,17,327864
18990,0.04569,172.217.194.0-255,5738,205914,17,327864
18991,0.045701,172.31.36.0-255,66,205980,17,327864
18992,0.04821,172.217.194.0-255,5738,211718,17,327864
18993,0.048219,172.31.36.0-255,66,211784,17,327864
18994,0.050747,172.217.194.0-255,5738,217522,17,327864
18995,0.050759,172.31.36.0-255,66,217588,17,327864
18996,0.053294,172.217.194.0-255,5738,223326,17,327864
18997,0.053301,172.31.36.0-255,66,223392,17,327864
18998,0.055849,172.217.194.0-255,5738,229130,17,327864
18999,0.055857,172.31.36.0-255,66,229196,17,327864
19000,0.05839,172.217.194.0-255,5738,234934,17,327864
19001,0.058396,172.31.36.0-255,66,235000,17,327864
19002,0.060909,172.217.194.0-255,5738,240738,17,327864
19003,0.060915,172.31.36.0-255,66,240804,17,327864
19004,0.063435,172.217.194.0-255,5738,246542,17,327864
19005,0.063442,172.31.36.0-255,66,246608,17,327864
19006,0.065988,172.217.194.0-255,5738,252346,17,327864
19007,0.065998,172.31.36.0-255,66,252412,17,327864
19008,0.06856,172.217.194.0-255,5738,258150,17,327864
19009,0.068572,172.31.36.0-255,66,258216,17,327864
19010,0.071109,172.217.194.0-255,5738,263954,17,327864
19011,0.071116,172.31.36.0-255,66,264020,17,327864
19012,0.073632,172.217.194.0-255,5738,269758,17,327864
19013,0.073637,172.31.36.0-255,66,269824,17,327864
19014,0.076176,172.217.194.0-255,5738,275562,17,327864
19015,0.076183,172.31.36.0-255,66,275628,17,327864
19016,0.078693,172.217.194.0-255,5738,281366,17,327864
19017,0.0787,172.31.36.0-255,66,281432,17,327864
19018,0.081213,172.217.194.0-255,5738,287170,17,327864
19019,0.08122,172.31.36.0-255,66,287236,17,327864
19020,0.083758,172.217.194.0-255,5738,292974,17,327864
19021,0.083768,172.31.36.0-255,66,293040,17,327864
19022,0.086332,172.217.194.0-255,5738,298778,17,327864
19023,0.086347,172.31.36.0-255,66,298844,17,327864
19024,0.088898,172.217.194.0-255,5738,304582,17,327864
19025,0.088906,172.31.36.0-255,66,304648,17,327864
19026,0.09143,172.217.194.0-255,5738,310386,17,327864
19027,0.091436,172.31.36.0-255,66,310452,17,327864
19028,0.093981,172.217.194.0-255,5738,316190,17,327864
19029,0.093991,172.31.36.0-255,66,316256,17,327864
19030,0.096557,172.217.194.0-255,5738,321994,17,327864
19031,0.096569,172.31.36.0-255,66,322060,17,327864
19032,0.099095,172.217.194.0-255,5738,327798,17,327864
19033,0.099105,172.31.36.0-255,66,327864,17,327864
19034,0.0,74.125.24.0-255,153,153,17,391538
19035,2.1e-05,172.31.36.0-255,66,219,17,391538
19036,2.8e-05,74.125.24.0-255,1484,1703,17,391538
19037,3.3e-05,172.31.36.0-255,66,1769,17,391538
19038,3.9e-05,74.125.24.0-255,2902,4671,17,391538
19039,4.1e-05,172.31.36.0-255,66,4737,17,391538
19040,4.9e-05,74.125.24.0-255,5738,10475,17,391538
19041,5.2e-05,172.31.36.0-255,66,10541,17,391538
19042,8.3e-05,74.125.24.0-255,3438,13979,17,391538
19043,8.5e-05,172.31.36.0-255,66,14045,17,391538
19044,0.000164,74.125.24.0-255,1484,15529,17,391538
19045,0.000167,172.31.36.0-255,66,15595,17,391538
19046,0.000173,74.125.24.0-255,2902,18497,17,391538
19047,0.000175,172.31.36.0-255,66,18563,17,391538
19048,0.00019,74.125.24.0-255,4320,22883,17,391538
19049,0.000192,172.31.36.0-255,66,22949,17,391538
19050,0.000212,74.125.24.0-255,1484,24433,17,391538
19051,0.000214,172.31.36.0-255,66,24499,17,391538
19052,0.00022,74.125.24.0-255,4320,28819,17,391538
19053,0.000222,172.31.36.0-255,66,28885,17,391538
19054,0.000243,74.125.24.0-255,2543,31428,17,391538
19055,0.000245,172.31.36.0-255,66,31494,17,391538
19056,0.00025,74.125.24.0-255,2902,34396,17,391538
19057,0.000252,172.31.36.0-255,66,34462,17,391538
19058,0.000266,74.125.24.0-255,4320,38782,17,391538
19059,0.000269,172.31.36.0-255,66,38848,17,391538
19060,0.000272,74.125.24.0-255,1484,40332,17,391538
19061,0.000274,172.31.36.0-255,66,40398,17,391538
19062,0.000303,74.125.24.0-255,4320,44718,17,391538
19063,0.000306,172.31.36.0-255,66,44784,17,391538
19064,0.000332,74.125.24.0-255,3961,48745,17,391538
19065,0.000335,172.31.36.0-255,66,48811,17,391538
19066,0.001292,74.125.24.0-255,1484,50295,17,391538
19067,0.001304,74.125.24.0-255,2902,53197,17,391538
19068,0.001308,172.31.36.0-255,66,53263,17,391538
19069,0.001316,74.125.24.0-255,5738,59001,17,391538
19070,0.001318,172.31.36.0-255,66,59067,17,391538
19071,0.001322,74.125.24.0-255,1484,60551,17,391538
19072,0.001339,74.125.24.0-255,5379,65930,17,391538
19073,0.001341,172.31.36.0-255,66,65996,17,391538
19074,0.001356,74.125.24.0-255,646,66642,17,391538
19075,0.001637,74.125.24.0-255,1484,68126,17,391538
19076,0.001643,172.31.36.0-255,66,68192,17,391538
19077,0.001649,74.125.24.0-255,2902,71094,17,391538
19078,0.001651,172.31.36.0-255,66,71160,17,391538
19079,0.001668,74.125.24.0-255,5738,76898,17,391538
19080,0.00167,172.31.36.0-255,66,76964,17,391538
19081,0.001694,74.125.24.0-255,2902,79866,17,391538
19082,0.001696,172.31.36.0-255,66,79932,17,391538
19083,0.0017,74.125.24.0-255,2902,82834,17,391538
19084,0.001703,172.31.36.0-255,66,82900,17,391538
19085,0.001721,74.125.24.0-255,7156,90056,17,391538
19086,0.001723,172.31.36.0-255,66,90122,17,391538
19087,0.001727,74.125.24.0-255,2902,93024,17,391538
19088,0.001729,172.31.36.0-255,66,93090,17,391538
19089,0.001754,74.125.24.0-255,4320,97410,17,391538
19090,0.001756,172.31.36.0-255,66,97476,17,391538
19091,0.001789,74.125.24.0-255,3602,101078,17,391538
19092,0.001793,172.31.36.0-255,66,101144,17,391538
19093,0.001826,74.125.24.0-255,1484,102628,17,391538
19094,0.001837,74.125.24.0-255,1484,104112,17,391538
19095,0.00184,172.31.36.0-255,66,104178,17,391538
19096,0.001845,74.125.24.0-255,2902,107080,17,391538
19097,0.001847,172.31.36.0-255,66,107146,17,391538
19098,0.001861,74.125.24.0-255,1484,108630,17,391538
19099,0.001867,74.125.24.0-255,4320,112950,17,391538
19100,0.001869,172.31.36.0-255,66,113016,17,391538
19101,0.001896,74.125.24.0-255,4320,117336,17,391538
19102,0.001898,172.31.36.0-255,66,117402,17,391538
19103,0.001904,74.125.24.0-255,5738,123140,17,391538
19104,0.001907,172.31.36.0-255,66,123206,17,391538
19105,0.001949,74.125.24.0-255,5738,128944,17,391538
19106,0.001951,172.31.36.0-255,66,129010,17,391538
19107,0.001971,74.125.24.0-255,6438,135448,17,391538
19108,0.001974,172.31.36.0-255,66,135514,17,391538
19109,0.004203,74.125.24.0-255,5738,141252,17,391538
19110,0.004209,172.31.36.0-255,66,141318,17,391538
19111,0.00643,74.125.24.0-255,5738,147056,17,391538
19112,0.006435,172.31.36.0-255,66,147122,17,391538
19113,0.008652,74.125.24.0-255,5738,152860,17,391538
19114,0.00866,172.31.36.0-255,66,152926,17,391538
19115,0.010887,74.125.24.0-255,5738,158664,17,391538
19116,0.010894,172.31.36.0-255,66,158730,17,391538
19117,0.013151,74.125.24.0-255,5738,164468,17,391538
19118,0.01316,172.31.36.0-255,66,164534,17,391538
19119,0.015423,74.125.24.0-255,5738,170272,17,391538
19120,0.015434,172.31.36.0-255,66,170338,17,391538
19121,0.017669,74.125.24.0-255,5738,176076,17,391538
19122,0.017679,172.31.36.0-255,66,176142,17,391538
19123,0.019909,74.125.24.0-255,5738,181880,17,391538
19124,0.019916,172.31.36.0-255,66,181946,17,391538
19125,0.022131,74.125.24.0-255,5738,187684,17,391538
19126,0.022139,172.31.36.0-255,66,187750,17,391538
19127,0.024379,74.125.24.0-255,5738,193488,17,391538
19128,0.024387,172.31.36.0-255,66,193554,17,391538
19129,0.026648,74.125.24.0-255,5738,199292,17,391538
19130,0.026655,172.31.36.0-255,66,199358,17,391538
19131,0.027329,172.31.36.0-255,172,199530,17,391538
19132,0.027361,172.31.36.0-255,1118,200648,17,391538
19133,0.027424,172.31.36.0-255,1514,202162,17,391538
19134,0.027426,172.31.36.0-255,1514,203676,17,391538
19135,0.027431,172.31.36.0-255,1514,205190,17,391538
19136,0.027432,172.31.36.0-255,1048,206238,17,391538
19137,0.028893,74.125.24.0-255,5738,211976,17,391538
19138,0.028901,172.31.36.0-255,66,212042,17,391538
19139,0.028923,104.244.42.0-255,66,212108,17,391538
19140,0.02893,104.244.42.0-255,66,212174,17,391538
19141,0.029013,104.244.42.0-255,66,212240,17,391538
19142,0.029019,104.244.42.0-255,66,212306,17,391538
19143,0.031139,74.125.24.0-255,5738,218044,17,391538
19144,0.031146,172.31.36.0-255,66,218110,17,391538
19145,0.033385,74.125.24.0-255,5738,223848,17,391538
19146,0.033391,172.31.36.0-255,66,223914,17,391538
19147,0.035609,74.125.24.0-255,5738,229652,17,391538
19148,0.035616,172.31.36.0-255,66,229718,17,391538
19149,0.037874,74.125.24.0-255,5738,235456,17,391538
19150,0.037885,172.31.36.0-255,66,235522,17,391538
19151,0.04014,74.125.24.0-255,5738,241260,17,391538
19152,0.040149,172.31.36.0-255,66,241326,17,391538
19153,0.042411,74.125.24.0-255,5738,247064,17,391538
19154,0.042417,172.31.36.0-255,66,247130,17,391538
19155,0.044647,74.125.24.0-255,4320,251450,17,391538
19156,0.044654,172.31.36.0-255,66,251516,17,391538
19157,0.044674,74.125.24.0-255,1484,253000,17,391538
19158,0.046905,74.125.24.0-255,4320,257320,17,391538
19159,0.046913,172.31.36.0-255,66,257386,17,391538
19160,0.04916,74.125.24.0-255,5738,263124,17,391538
19161,0.049167,172.31.36.0-255,66,263190,17,391538
19162,0.051374,74.125.24.0-255,5738,268928,17,391538
19163,0.05138,172.31.36.0-255,66,268994,17,391538
19164,0.05363,74.125.24.0-255,5738,274732,17,391538
19165,0.053636,172.31.36.0-255,66,274798,17,391538
19166,0.055862,74.125.24.0-255,5738,280536,17,391538
19167,0.055872,172.31.36.0-255,66,280602,17,391538
19168,0.058119,74.125.24.0-255,5738,286340,17,391538
19169,0.058126,172.31.36.0-255,66,286406,17,391538
19170,0.060394,74.125.24.0-255,5738,292144,17,391538
19171,0.0604,172.31.36.0-255,66,292210,17,391538
19172,0.062627,74.125.24.0-255,5738,297948,17,391538
19173,0.062638,172.31.36.0-255,66,298014,17,391538
19174,0.064881,74.125.24.0-255,2902,300916,17,391538
19175,0.064888,172.31.36.0-255,66,300982,17,391538
19176,0.064909,74.125.24.0-255,2902,303884,17,391538
19177,0.064912,172.31.36.0-255,66,303950,17,391538
19178,0.067129,74.125.24.0-255,5738,309688,17,391538
19179,0.067133,172.31.36.0-255,66,309754,17,391538
19180,0.069421,74.125.24.0-255,5738,315492,17,391538
19181,0.069428,172.31.36.0-255,66,315558,17,391538
19182,0.071672,74.125.24.0-255,5738,321296,17,391538
19183,0.071682,172.31.36.0-255,66,321362,17,391538
19184,0.07394,74.125.24.0-255,5738,327100,17,391538
19185,0.073947,172.31.36.0-255,66,327166,17,391538
19186,0.076194,74.125.24.0-255,5738,332904,17,391538
19187,0.076201,172.31.36.0-255,66,332970,17,391538
19188,0.078427,74.125.24.0-255,5738,338708,17,391538
19189,0.078432,172.31.36.0-255,66,338774,17,391538
19190,0.080683,74.125.24.0-255,5738,344512,17,391538
19191,0.08069,172.31.36.0-255,66,344578,17,391538
19192,0.082935,74.125.24.0-255,5738,350316,17,391538
19193,0.082939,172.31.36.0-255,66,350382,17,391538
19194,0.085184,74.125.24.0-255,5738,356120,17,391538
19195,0.085194,172.31.36.0-255,66,356186,17,391538
19196,0.087442,74.125.24.0-255,5738,361924,17,391538
19197,0.087452,172.31.36.0-255,66,361990,17,391538
19198,0.089692,74.125.24.0-255,5738,367728,17,391538
19199,0.089698,172.31.36.0-255,66,367794,17,391538
19200,0.091933,74.125.24.0-255,2902,370696,17,391538
19201,0.09194,172.31.36.0-255,66,370762,17,391538
19202,0.091958,74.125.24.0-255,2902,373664,17,391538
19203,0.091961,172.31.36.0-255,66,373730,17,391538
19204,0.094177,74.125.24.0-255,2902,376632,17,391538
19205,0.094183,172.31.36.0-255,66,376698,17,391538
19206,0.094209,74.125.24.0-255,2902,379600,17,391538
19207,0.094211,172.31.36.0-255,66,379666,17,391538
19208,0.096411,74.125.24.0-255,2902,382568,17,391538
19209,0.096418,172.31.36.0-255,66,382634,17,391538
19210,0.096456,74.125.24.0-255,2902,385536,17,391538
19211,0.096458,172.31.36.0-255,66,385602,17,391538
19212,0.098657,74.125.24.0-255,2902,388504,17,391538
19213,0.098663,172.31.36.0-255,66,388570,17,391538
19214,0.098688,74.125.24.0-255,2902,391472,17,391538
19215,0.09869,172.31.36.0-255,66,391538,17,391538
19216,0.0,172.217.194.0-255,153,153,17,364216
19217,3.1e-05,172.31.36.0-255,66,219,17,364216
19218,3.8e-05,172.217.194.0-255,1484,1703,17,364216
19219,4.1e-05,172.31.36.0-255,66,1769,17,364216
19220,4.6e-05,172.217.194.0-255,2902,4671,17,364216
19221,4.8e-05,172.31.36.0-255,66,4737,17,364216
19222,5.6e-05,172.217.194.0-255,7156,11893,17,364216
19223,5.8e-05,172.31.36.0-255,66,11959,17,364216
19224,8.1e-05,172.217.194.0-255,1974,13933,17,364216
19225,8.6e-05,172.31.36.0-255,66,13999,17,364216
19226,0.000168,172.217.194.0-255,1484,15483,17,364216
19227,0.000172,172.31.36.0-255,66,15549,17,364216
19228,0.000195,172.217.194.0-255,2902,18451,17,364216
19229,0.000198,172.31.36.0-255,66,18517,17,364216
19230,0.000203,172.217.194.0-255,4320,22837,17,364216
19231,0.000206,172.31.36.0-255,66,22903,17,364216
19232,0.000223,172.217.194.0-255,1484,24387,17,364216
19233,0.000225,172.31.36.0-255,66,24453,17,364216
19234,0.000233,172.217.194.0-255,5738,30191,17,364216
19235,0.000236,172.31.36.0-255,66,30257,17,364216
19236,0.000261,172.217.194.0-255,6797,37054,17,364216
19237,0.000265,172.31.36.0-255,66,37120,17,364216
19238,0.000275,172.31.36.0-255,66,37186,17,364216
19239,0.000305,172.217.194.0-255,4320,41506,17,364216
19240,0.000308,172.31.36.0-255,66,41572,17,364216
19241,0.000325,172.31.36.0-255,66,41638,17,364216
19242,0.000601,172.217.194.0-255,646,42284,17,364216
19243,0.000606,172.31.36.0-255,66,42350,17,364216
19244,0.000866,172.217.194.0-255,1484,43834,17,364216
19245,0.00087,172.31.36.0-255,66,43900,17,364216
19246,0.000878,172.217.194.0-255,2902,46802,17,364216
19247,0.00088,172.31.36.0-255,66,46868,17,364216
19248,0.000883,172.217.194.0-255,1484,48352,17,364216
19249,0.000901,172.217.194.0-255,4320,52672,17,364216
19250,0.000903,172.31.36.0-255,66,52738,17,364216
19251,0.000924,172.217.194.0-255,1484,54222,17,364216
19252,0.000943,172.217.194.0-255,2902,57124,17,364216
19253,0.000946,172.31.36.0-255,66,57190,17,364216
19254,0.00095,172.217.194.0-255,2902,60092,17,364216
19255,0.000952,172.31.36.0-255,66,60158,17,364216
19256,0.00097,172.217.194.0-255,4320,64478,17,364216
19257,0.000973,172.31.36.0-255,66,64544,17,364216
19258,0.00099,172.217.194.0-255,7156,71700,17,364216
19259,0.000993,172.31.36.0-255,66,71766,17,364216
19260,0.001005,172.217.194.0-255,1484,73250,17,364216
19261,0.001012,172.217.194.0-255,3602,76852,17,364216
19262,0.001014,172.31.36.0-255,66,76918,17,364216
19263,0.00161,172.217.194.0-255,1484,78402,17,364216
19264,0.001619,172.217.194.0-255,2902,81304,17,364216
19265,0.001623,172.31.36.0-255,66,81370,17,364216
19266,0.00163,172.217.194.0-255,4320,85690,17,364216
19267,0.001632,172.31.36.0-255,66,85756,17,364216
19268,0.001648,172.217.194.0-255,1484,87240,17,364216
19269,0.001653,172.217.194.0-255,2902,90142,17,364216
19270,0.001655,172.31.36.0-255,66,90208,17,364216
19271,0.001691,172.31.36.0-255,66,90274,17,364216
19272,0.001701,172.31.36.0-255,66,90340,17,364216
19273,0.001751,172.217.194.0-255,2184,92524,17,364216
19274,0.001753,172.31.36.0-255,66,92590,17,364216
19275,0.002006,172.217.194.0-255,1484,94074,17,364216
19276,0.002021,172.217.194.0-255,2902,96976,17,364216
19277,0.002024,172.31.36.0-255,66,97042,17,364216
19278,0.002027,172.217.194.0-255,1484,98526,17,364216
19279,0.002044,172.217.194.0-255,4320,102846,17,364216
19280,0.002046,172.31.36.0-255,66,102912,17,364216
19281,0.002049,172.217.194.0-255,1484,104396,17,364216
19282,0.002071,172.217.194.0-255,1484,105880,17,364216
19283,0.002074,172.31.36.0-255,66,105946,17,364216
19284,0.002079,172.217.194.0-255,4320,110266,17,364216
19285,0.002081,172.31.36.0-255,66,110332,17,364216
19286,0.00209,172.31.36.0-255,66,110398,17,364216
19287,0.002096,172.217.194.0-255,7156,117554,17,364216
19288,0.002098,172.31.36.0-255,66,117620,17,364216
19289,0.002116,172.217.194.0-255,766,118386,17,364216
19290,0.002151,172.217.194.0-255,1484,119870,17,364216
19291,0.002153,172.31.36.0-255,66,119936,17,364216
19292,0.002156,172.217.194.0-255,1484,121420,17,364216
19293,0.002179,172.217.194.0-255,2902,124322,17,364216
19294,0.002181,172.31.36.0-255,66,124388,17,364216
19295,0.002187,172.217.194.0-255,5738,130126,17,364216
19296,0.00219,172.31.36.0-255,66,130192,17,364216
19297,0.002197,172.217.194.0-255,7156,137348,17,364216
19298,0.002199,172.31.36.0-255,66,137414,17,364216
19299,0.002226,172.217.194.0-255,5738,143152,17,364216
19300,0.002228,172.31.36.0-255,66,143218,17,364216
19301,0.002254,172.31.36.0-255,66,143284,17,364216
19302,0.002256,172.217.194.0-255,766,144050,17,364216
19303,0.002507,172.217.194.0-255,1484,145534,17,364216
19304,0.00251,172.31.36.0-255,66,145600,17,364216
19305,0.002514,172.217.194.0-255,2902,148502,17,364216
19306,0.002516,172.31.36.0-255,66,148568,17,364216
19307,0.00252,172.217.194.0-255,2902,151470,17,364216
19308,0.002522,172.31.36.0-255,66,151536,17,364216
19309,0.002537,172.217.194.0-255,2902,154438,17,364216
19310,0.002539,172.31.36.0-255,66,154504,17,364216
19311,0.002543,172.217.194.0-255,2902,157406,17,364216
19312,0.002545,172.31.36.0-255,66,157472,17,364216
19313,0.005091,172.217.194.0-255,1484,158956,17,364216
19314,0.005104,172.217.194.0-255,4320,163276,17,364216
19315,0.005106,172.31.36.0-255,66,163342,17,364216
19316,0.007669,172.217.194.0-255,5738,169080,17,364216
19317,0.007684,172.31.36.0-255,66,169146,17,364216
19318,0.010233,172.217.194.0-255,5738,174884,17,364216
19319,0.010249,172.31.36.0-255,66,174950,17,364216
19320,0.012784,172.217.194.0-255,5738,180688,17,364216
19321,0.0128,172.31.36.0-255,66,180754,17,364216
19322,0.015344,172.217.194.0-255,5738,186492,17,364216
19323,0.015359,172.31.36.0-255,66,186558,17,364216
19324,0.0179,172.217.194.0-255,5738,192296,17,364216
19325,0.017917,172.31.36.0-255,66,192362,17,364216
19326,0.020488,172.217.194.0-255,5738,198100,17,364216
19327,0.020505,172.31.36.0-255,66,198166,17,364216
19328,0.023051,172.217.194.0-255,5738,203904,17,364216
19329,0.023069,172.31.36.0-255,66,203970,17,364216
19330,0.02562,172.217.194.0-255,5738,209708,17,364216
19331,0.02564,172.31.36.0-255,66,209774,17,364216
19332,0.028194,172.217.194.0-255,5738,215512,17,364216
19333,0.028211,172.31.36.0-255,66,215578,17,364216
19334,0.030765,172.217.194.0-255,5738,221316,17,364216
19335,0.030784,172.31.36.0-255,66,221382,17,364216
19336,0.033345,172.217.194.0-255,5738,227120,17,364216
19337,0.033363,172.31.36.0-255,66,227186,17,364216
19338,0.035921,172.217.194.0-255,5738,232924,17,364216
19339,0.035933,172.31.36.0-255,66,232990,17,364216
19340,0.038467,172.217.194.0-255,5738,238728,17,364216
19341,0.038484,172.31.36.0-255,66,238794,17,364216
19342,0.041017,172.217.194.0-255,5738,244532,17,364216
19343,0.04103,172.31.36.0-255,66,244598,17,364216
19344,0.041793,172.31.36.0-255,188,244786,17,364216
19345,0.041826,172.31.36.0-255,961,245747,17,364216
19346,0.041862,172.31.36.0-255,1514,247261,17,364216
19347,0.041864,172.31.36.0-255,1427,248688,17,364216
19348,0.043337,104.244.42.0-255,66,248754,17,364216
19349,0.043366,104.244.42.0-255,66,248820,17,364216
19350,0.043423,104.244.42.0-255,66,248886,17,364216
19351,0.043537,172.217.194.0-255,5738,254624,17,364216
19352,0.043566,172.31.36.0-255,66,254690,17,364216
19353,0.046102,172.217.194.0-255,5738,260428,17,364216
19354,0.046116,172.31.36.0-255,66,260494,17,364216
19355,0.048676,172.217.194.0-255,5738,266232,17,364216
19356,0.04869,172.31.36.0-255,66,266298,17,364216
19357,0.051216,172.217.194.0-255,5738,272036,17,364216
19358,0.051228,172.31.36.0-255,66,272102,17,364216
19359,0.053748,172.217.194.0-255,5738,277840,17,364216
19360,0.053753,172.31.36.0-255,66,277906,17,364216
19361,0.056306,172.217.194.0-255,5738,283644,17,364216
19362,0.05631,172.31.36.0-255,66,283710,17,364216
19363,0.058811,172.217.194.0-255,4320,288030,17,364216
19364,0.058816,172.31.36.0-255,66,288096,17,364216
19365,0.058846,172.217.194.0-255,1484,289580,17,364216
19366,0.06141,172.217.194.0-255,4320,293900,17,364216
19367,0.061416,172.31.36.0-255,66,293966,17,364216
19368,0.063935,172.217.194.0-255,5738,299704,17,364216
19369,0.06394,172.31.36.0-255,66,299770,17,364216
19370,0.066479,172.217.194.0-255,5738,305508,17,364216
19371,0.066484,172.31.36.0-255,66,305574,17,364216
19372,0.069024,172.217.194.0-255,5738,311312,17,364216
19373,0.06903,172.31.36.0-255,66,311378,17,364216
19374,0.07156,172.217.194.0-255,5738,317116,17,364216
19375,0.071565,172.31.36.0-255,66,317182,17,364216
19376,0.07411,172.217.194.0-255,5738,322920,17,364216
19377,0.074116,172.31.36.0-255,66,322986,17,364216
19378,0.076643,172.217.194.0-255,5738,328724,17,364216
19379,0.076649,172.31.36.0-255,66,328790,17,364216
19380,0.079144,172.217.194.0-255,1484,330274,17,364216
19381,0.079176,172.217.194.0-255,4320,334594,17,364216
19382,0.079181,172.31.36.0-255,66,334660,17,364216
19383,0.081695,172.217.194.0-255,4320,338980,17,364216
19384,0.081701,172.31.36.0-255,66,339046,17,364216
19385,0.081726,172.217.194.0-255,1484,340530,17,364216
19386,0.084309,172.217.194.0-255,4320,344850,17,364216
19387,0.084315,172.31.36.0-255,66,344916,17,364216
19388,0.086857,172.217.194.0-255,5738,350654,17,364216
19389,0.086867,172.31.36.0-255,66,350720,17,364216
19390,0.089396,172.217.194.0-255,5738,356458,17,364216
19391,0.089406,172.31.36.0-255,66,356524,17,364216
19392,0.09193,172.217.194.0-255,5738,362262,17,364216
19393,0.091938,172.31.36.0-255,66,362328,17,364216
19394,0.094453,172.217.194.0-255,1651,363979,17,364216
19395,0.094464,172.31.36.0-255,66,364045,17,364216
19396,0.094711,172.31.36.0-255,105,364150,17,364216
19397,0.097212,172.217.194.0-255,66,364216,17,364216
19398,0.0,172.217.194.0-255,143,143,17,338023
19399,2.7e-05,172.31.36.0-255,66,209,17,338023
19400,3.4e-05,172.217.194.0-255,1484,1693,17,338023
19401,3.8e-05,172.31.36.0-255,66,1759,17,338023
19402,5.2e-05,172.217.194.0-255,2902,4661,17,338023
19403,5.6e-05,172.31.36.0-255,66,4727,17,338023
19404,6.3e-05,172.217.194.0-255,7156,11883,17,338023
19405,6.6e-05,172.31.36.0-255,66,11949,17,338023
19406,0.000123,172.217.194.0-255,4887,16836,17,338023
19407,0.000128,172.31.36.0-255,66,16902,17,338023
19408,0.000134,172.217.194.0-255,5738,22640,17,338023
19409,0.000137,172.31.36.0-255,66,22706,17,338023
19410,0.00014,172.217.194.0-255,1484,24190,17,338023
19411,0.000142,172.31.36.0-255,66,24256,17,338023
19412,0.000163,172.217.194.0-255,6797,31053,17,338023
19413,0.000172,172.31.36.0-255,66,31119,17,338023
19414,0.000198,172.217.194.0-255,2902,34021,17,338023
19415,0.000201,172.31.36.0-255,66,34087,17,338023
19416,0.000228,172.217.194.0-255,5738,39825,17,338023
19417,0.000231,172.31.36.0-255,66,39891,17,338023
19418,0.000269,172.31.36.0-255,66,39957,17,338023
19419,0.000304,172.31.36.0-255,66,40023,17,338023
19420,0.000315,172.31.36.0-255,66,40089,17,338023
19421,0.000324,172.217.194.0-255,338,40427,17,338023
19422,0.000326,172.31.36.0-255,66,40493,17,338023
19423,0.000384,172.217.194.0-255,119,40612,17,338023
19424,0.000389,172.31.36.0-255,66,40678,17,338023
19425,0.000729,172.217.194.0-255,383,41061,17,338023
19426,0.000733,172.31.36.0-255,66,41127,17,338023
19427,0.001072,172.217.194.0-255,1484,42611,17,338023
19428,0.001082,172.217.194.0-255,2902,45513,17,338023
19429,0.001085,172.31.36.0-255,66,45579,17,338023
19430,0.001089,172.217.194.0-255,1484,47063,17,338023
19431,0.001116,172.217.194.0-255,4320,51383,17,338023
19432,0.001118,172.31.36.0-255,66,51449,17,338023
19433,0.001122,172.217.194.0-255,1484,52933,17,338023
19434,0.001148,172.31.36.0-255,66,52999,17,338023
19435,0.001151,172.217.194.0-255,1484,54483,17,338023
19436,0.001188,172.31.36.0-255,66,54549,17,338023
19437,0.002203,172.217.194.0-255,1484,56033,17,338023
19438,0.002224,172.217.194.0-255,2902,58935,17,338023
19439,0.002226,172.31.36.0-255,66,59001,17,338023
19440,0.002232,172.217.194.0-255,5738,64739,17,338023
19441,0.002234,172.31.36.0-255,66,64805,17,338023
19442,0.002239,172.217.194.0-255,5738,70543,17,338023
19443,0.002241,172.31.36.0-255,66,70609,17,338023
19444,0.002272,172.217.194.0-255,7156,77765,17,338023
19445,0.002274,172.31.36.0-255,66,77831,17,338023
19446,0.002276,172.217.194.0-255,1484,79315,17,338023
19447,0.002304,172.217.194.0-255,2902,82217,17,338023
19448,0.002306,172.31.36.0-255,66,82283,17,338023
19449,0.002326,172.217.194.0-255,6438,88721,17,338023
19450,0.002331,172.31.36.0-255,66,88787,17,338023
19451,0.002341,172.31.36.0-255,66,88853,17,338023
19452,0.002344,172.217.194.0-255,2902,91755,17,338023
19453,0.002346,172.31.36.0-255,66,91821,17,338023
19454,0.002373,172.31.36.0-255,66,91887,17,338023
19455,0.002399,172.217.194.0-255,1484,93371,17,338023
19456,0.002404,172.217.194.0-255,5020,98391,17,338023
19457,0.002406,172.31.36.0-255,66,98457,17,338023
19458,0.004731,172.217.194.0-255,5738,104195,17,338023
19459,0.004735,172.31.36.0-255,66,104261,17,338023
19460,0.007057,172.217.194.0-255,5738,109999,17,338023
19461,0.007063,172.31.36.0-255,66,110065,17,338023
19462,0.009398,172.217.194.0-255,4320,114385,17,338023
19463,0.009406,172.31.36.0-255,66,114451,17,338023
19464,0.009429,172.217.194.0-255,1484,115935,17,338023
19465,0.011724,172.217.194.0-255,4320,120255,17,338023
19466,0.011731,172.31.36.0-255,66,120321,17,338023
19467,0.014111,172.217.194.0-255,5738,126059,17,338023
19468,0.01412,172.31.36.0-255,66,126125,17,338023
19469,0.016445,172.217.194.0-255,5738,131863,17,338023
19470,0.016451,172.31.36.0-255,66,131929,17,338023
19471,0.018782,172.217.194.0-255,5738,137667,17,338023
19472,0.01879,172.31.36.0-255,66,137733,17,338023
19473,0.021154,172.217.194.0-255,5738,143471,17,338023
19474,0.021162,172.31.36.0-255,66,143537,17,338023
19475,0.023477,172.217.194.0-255,5738,149275,17,338023
19476,0.023488,172.31.36.0-255,66,149341,17,338023
19477,0.024436,172.31.36.0-255,172,149513,17,338023
19478,0.024466,172.31.36.0-255,1119,150632,17,338023
19479,0.024506,172.31.36.0-255,1514,152146,17,338023
19480,0.024526,172.31.36.0-255,1269,153415,17,338023
19481,0.025794,172.217.194.0-255,5738,159153,17,338023
19482,0.025799,172.31.36.0-255,66,159219,17,338023
19483,0.025966,104.244.42.0-255,66,159285,17,338023
19484,0.026013,104.244.42.0-255,66,159351,17,338023
19485,0.026053,104.244.42.0-255,66,159417,17,338023
19486,0.028128,172.217.194.0-255,5738,165155,17,338023
19487,0.028133,172.31.36.0-255,66,165221,17,338023
19488,0.030447,172.217.194.0-255,5738,170959,17,338023
19489,0.030452,172.31.36.0-255,66,171025,17,338023
19490,0.032788,172.217.194.0-255,5738,176763,17,338023
19491,0.032793,172.31.36.0-255,66,176829,17,338023
19492,0.035111,172.217.194.0-255,2902,179731,17,338023
19493,0.035116,172.31.36.0-255,66,179797,17,338023
19494,0.035155,172.217.194.0-255,2902,182699,17,338023
19495,0.035159,172.31.36.0-255,66,182765,17,338023
19496,0.037456,172.217.194.0-255,2902,185667,17,338023
19497,0.037463,172.31.36.0-255,66,185733,17,338023
19498,0.037491,172.217.194.0-255,2902,188635,17,338023
19499,0.037493,172.31.36.0-255,66,188701,17,338023
19500,0.03978,172.217.194.0-255,2902,191603,17,338023
19501,0.039785,172.31.36.0-255,66,191669,17,338023
19502,0.039821,172.217.194.0-255,2902,194571,17,338023
19503,0.039824,172.31.36.0-255,66,194637,17,338023
19504,0.042103,172.217.194.0-255,2902,197539,17,338023
19505,0.042109,172.31.36.0-255,66,197605,17,338023
19506,0.042142,172.217.194.0-255,2902,200507,17,338023
19507,0.042145,172.31.36.0-255,66,200573,17,338023
19508,0.044431,172.217.194.0-255,2902,203475,17,338023
19509,0.044437,172.31.36.0-255,66,203541,17,338023
19510,0.044468,172.217.194.0-255,2902,206443,17,338023
19511,0.044471,172.31.36.0-255,66,206509,17,338023
19512,0.046752,172.217.194.0-255,2902,209411,17,338023
19513,0.046757,172.31.36.0-255,66,209477,17,338023
19514,0.046797,172.217.194.0-255,2902,212379,17,338023
19515,0.0468,172.31.36.0-255,66,212445,17,338023
19516,0.049059,172.217.194.0-255,2902,215347,17,338023
19517,0.04908,172.31.36.0-255,66,215413,17,338023
19518,0.049105,172.217.194.0-255,2902,218315,17,338023
19519,0.049109,172.31.36.0-255,66,218381,17,338023
19520,0.051406,172.217.194.0-255,2902,221283,17,338023
19521,0.051412,172.31.36.0-255,66,221349,17,338023
19522,0.051459,172.217.194.0-255,2902,224251,17,338023
19523,0.051462,172.31.36.0-255,66,224317,17,338023
19524,0.053703,172.217.194.0-255,2902,227219,17,338023
19525,0.053708,172.31.36.0-255,66,227285,17,338023
19526,0.053781,172.217.194.0-255,2902,230187,17,338023
19527,0.053787,172.31.36.0-255,66,230253,17,338023
19528,0.056001,172.217.194.0-255,2902,233155,17,338023
19529,0.056006,172.31.36.0-255,66,233221,17,338023
19530,0.056087,172.217.194.0-255,2902,236123,17,338023
19531,0.056092,172.31.36.0-255,66,236189,17,338023
19532,0.058312,172.217.194.0-255,1484,237673,17,338023
19533,0.058411,172.217.194.0-255,4320,241993,17,338023
19534,0.058417,172.31.36.0-255,66,242059,17,338023
19535,0.060735,172.217.194.0-255,5738,247797,17,338023
19536,0.060741,172.31.36.0-255,66,247863,17,338023
19537,0.06307,172.217.194.0-255,5738,253601,17,338023
19538,0.063076,172.31.36.0-255,66,253667,17,338023
19539,0.065395,172.217.194.0-255,5738,259405,17,338023
19540,0.0654,172.31.36.0-255,66,259471,17,338023
19541,0.067708,172.217.194.0-255,4320,263791,17,338023
19542,0.067713,172.31.36.0-255,66,263857,17,338023
19543,0.067747,172.217.194.0-255,1484,265341,17,338023
19544,0.070024,172.217.194.0-255,4320,269661,17,338023
19545,0.070029,172.31.36.0-255,66,269727,17,338023
19546,0.072326,172.217.194.0-255,5738,275465,17,338023
19547,0.072332,172.31.36.0-255,66,275531,17,338023
19548,0.07464,172.217.194.0-255,5738,281269,17,338023
19549,0.074646,172.31.36.0-255,66,281335,17,338023
19550,0.076964,172.217.194.0-255,5738,287073,17,338023
19551,0.07697,172.31.36.0-255,66,287139,17,338023
19552,0.079297,172.217.194.0-255,5738,292877,17,338023
19553,0.079303,172.31.36.0-255,66,292943,17,338023
19554,0.081616,172.217.194.0-255,5738,298681,17,338023
19555,0.081622,172.31.36.0-255,66,298747,17,338023
19556,0.083945,172.217.194.0-255,5738,304485,17,338023
19557,0.08395,172.31.36.0-255,66,304551,17,338023
19558,0.086249,172.217.194.0-255,4320,308871,17,338023
19559,0.086254,172.31.36.0-255,66,308937,17,338023
19560,0.08629,172.217.194.0-255,1484,310421,17,338023
19561,0.088554,172.217.194.0-255,4320,314741,17,338023
19562,0.088559,172.31.36.0-255,66,314807,17,338023
19563,0.090896,172.217.194.0-255,5738,320545,17,338023
19564,0.090901,172.31.36.0-255,66,320611,17,338023
19565,0.093224,172.217.194.0-255,5738,326349,17,338023
19566,0.09323,172.31.36.0-255,66,326415,17,338023
19567,0.095537,172.217.194.0-255,5738,332153,17,338023
19568,0.095542,172.31.36.0-255,66,332219,17,338023
19569,0.097872,172.217.194.0-255,5738,337957,17,338023
19570,0.097877,172.31.36.0-255,66,338023,17,338023
19571,0.0,172.217.194.0-255,159,159,17,199286
19572,2.7e-05,172.31.36.0-255,66,225,17,199286
19573,3.3e-05,172.217.194.0-255,1484,1709,17,199286
19574,3.7e-05,172.31.36.0-255,66,1775,17,199286
19575,4.2e-05,172.217.194.0-255,2902,4677,17,199286
19576,4.5e-05,172.31.36.0-255,66,4743,17,199286
19577,5.9e-05,172.217.194.0-255,7156,11899,17,199286
19578,6.2e-05,172.31.36.0-255,66,11965,17,199286
19579,6.6e-05,172.217.194.0-255,2014,13979,17,199286
19580,6.8e-05,172.31.36.0-255,66,14045,17,199286
19581,9.6e-05,172.217.194.0-255,1484,15529,17,199286
19582,9.9e-05,172.31.36.0-255,66,15595,17,199286
19583,0.000132,172.31.36.0-255,66,15661,17,199286
19584,0.000159,172.217.194.0-255,5379,21040,17,199286
19585,0.000163,172.31.36.0-255,66,21106,17,199286
19586,0.000262,172.217.194.0-255,1484,22590,17,199286
19587,0.000266,172.31.36.0-255,66,22656,17,199286
19588,0.000271,172.217.194.0-255,2902,25558,17,199286
19589,0.000274,172.31.36.0-255,66,25624,17,199286
19590,0.000286,172.217.194.0-255,5738,31362,17,199286
19591,0.000289,172.31.36.0-255,66,31428,17,199286
19592,0.000297,172.217.194.0-255,7156,38584,17,199286
19593,0.000301,172.31.36.0-255,66,38650,17,199286
19594,0.000334,172.217.194.0-255,3961,42611,17,199286
19595,0.000337,172.31.36.0-255,66,42677,17,199286
19596,0.00035,172.31.36.0-255,66,42743,17,199286
19597,0.0007,172.217.194.0-255,118,42861,17,199286
19598,0.000705,172.31.36.0-255,66,42927,17,199286
19599,0.000855,172.217.194.0-255,1484,44411,17,199286
19600,0.000859,172.31.36.0-255,66,44477,17,199286
19601,0.000868,172.217.194.0-255,2902,47379,17,199286
19602,0.00087,172.31.36.0-255,66,47445,17,199286
19603,0.000882,172.217.194.0-255,5738,53183,17,199286
19604,0.000885,172.31.36.0-255,66,53249,17,199286
19605,0.000922,172.217.194.0-255,6797,60046,17,199286
19606,0.000926,172.31.36.0-255,66,60112,17,199286
19607,0.00096,172.217.194.0-255,1484,61596,17,199286
19608,0.000987,172.217.194.0-255,2902,64498,17,199286
19609,0.00099,172.31.36.0-255,66,64564,17,199286
19610,0.001019,172.217.194.0-255,5738,70302,17,199286
19611,0.001023,172.31.36.0-255,66,70368,17,199286
19612,0.001051,172.217.194.0-255,6797,77165,17,199286
19613,0.001054,172.31.36.0-255,66,77231,17,199286
19614,0.002083,172.217.194.0-255,1484,78715,17,199286
19615,0.002089,172.217.194.0-255,1484,80199,17,199286
19616,0.002094,172.31.36.0-255,66,80265,17,199286
19617,0.002119,172.217.194.0-255,1484,81749,17,199286
19618,0.002126,172.217.194.0-255,5738,87487,17,199286
19619,0.002128,172.31.36.0-255,66,87553,17,199286
19620,0.002135,172.217.194.0-255,5738,93291,17,199286
19621,0.002137,172.31.36.0-255,66,93357,17,199286
19622,0.002166,172.217.194.0-255,7156,100513,17,199286
19623,0.002169,172.31.36.0-255,66,100579,17,199286
19624,0.002173,172.217.194.0-255,2902,103481,17,199286
19625,0.002175,172.31.36.0-255,66,103547,17,199286
19626,0.002185,172.31.36.0-255,66,103613,17,199286
19627,0.002362,172.217.194.0-255,1484,105097,17,199286
19628,0.002366,172.217.194.0-255,2902,107999,17,199286
19629,0.002368,172.31.36.0-255,66,108065,17,199286
19630,0.002393,172.217.194.0-255,5738,113803,17,199286
19631,0.002396,172.31.36.0-255,66,113869,17,199286
19632,0.002399,172.217.194.0-255,2902,116771,17,199286
19633,0.002401,172.31.36.0-255,66,116837,17,199286
19634,0.002443,172.31.36.0-255,66,116903,17,199286
19635,0.002451,172.31.36.0-255,66,116969,17,199286
19636,0.002469,172.217.194.0-255,2184,119153,17,199286
19637,0.00247,172.31.36.0-255,66,119219,17,199286
19638,0.002732,172.217.194.0-255,1484,120703,17,199286
19639,0.002735,172.217.194.0-255,2902,123605,17,199286
19640,0.002737,172.31.36.0-255,66,123671,17,199286
19641,0.002758,172.217.194.0-255,2902,126573,17,199286
19642,0.002759,172.31.36.0-255,66,126639,17,199286
19643,0.002772,172.217.194.0-255,2902,129541,17,199286
19644,0.002774,172.31.36.0-255,66,129607,17,199286
19645,0.00278,172.217.194.0-255,1484,131091,17,199286
19646,0.002783,172.217.194.0-255,2902,133993,17,199286
19647,0.002785,172.31.36.0-255,66,134059,17,199286
19648,0.002823,172.217.194.0-255,4320,138379,17,199286
19649,0.002825,172.31.36.0-255,66,138445,17,199286
19650,0.002856,172.31.36.0-255,66,138511,17,199286
19651,0.00286,172.217.194.0-255,5738,144249,17,199286
19652,0.002862,172.31.36.0-255,66,144315,17,199286
19653,0.002865,172.217.194.0-255,766,145081,17,199286
19654,0.003043,172.217.194.0-255,1484,146565,17,199286
19655,0.003045,172.31.36.0-255,66,146631,17,199286
19656,0.003069,172.217.194.0-255,2902,149533,17,199286
19657,0.003071,172.31.36.0-255,66,149599,17,199286
19658,0.003076,172.217.194.0-255,5738,155337,17,199286
19659,0.003078,172.31.36.0-255,66,155403,17,199286
19660,0.003095,172.217.194.0-255,1484,156887,17,199286
19661,0.003122,172.217.194.0-255,7156,164043,17,199286
19662,0.003124,172.31.36.0-255,66,164109,17,199286
19663,0.003135,172.217.194.0-255,1484,165593,17,199286
19664,0.003167,172.31.36.0-255,66,165659,17,199286
19665,0.003172,172.217.194.0-255,5738,171397,17,199286
19666,0.003174,172.31.36.0-255,66,171463,17,199286
19667,0.0032,172.217.194.0-255,5738,177201,17,199286
19668,0.003203,172.31.36.0-255,66,177267,17,199286
19669,0.003234,172.217.194.0-255,1484,178751,17,199286
19670,0.003287,172.31.36.0-255,66,178817,17,199286
19671,0.003293,172.217.194.0-255,7156,185973,17,199286
19672,0.003295,172.31.36.0-255,66,186039,17,199286
19673,0.003311,172.31.36.0-255,66,186105,17,199286
19674,0.003327,172.31.36.0-255,66,186171,17,199286
19675,0.003342,172.31.36.0-255,66,186237,17,199286
19676,0.003364,172.217.194.0-255,4320,190557,17,199286
19677,0.003367,172.31.36.0-255,66,190623,17,199286
19678,0.003411,172.31.36.0-255,66,190689,17,199286
19679,0.003449,172.31.36.0-255,66,190755,17,199286
19680,0.003491,172.31.36.0-255,66,190821,17,199286
19681,0.003502,172.31.36.0-255,66,190887,17,199286
19682,0.003504,172.217.194.0-255,105,190992,17,199286
19683,0.005734,172.31.36.0-255,66,191058,17,199286
19684,0.005757,172.31.36.0-255,105,191163,17,199286
19685,0.007785,172.217.194.0-255,66,191229,17,199286
19686,0.028434,172.31.36.0-255,172,191401,17,199286
19687,0.028467,172.31.36.0-255,1119,192520,17,199286
19688,0.028508,172.31.36.0-255,1514,194034,17,199286
19689,0.02851,172.31.36.0-255,1514,195548,17,199286
19690,0.028516,172.31.36.0-255,1514,197062,17,199286
19691,0.028517,172.31.36.0-255,1514,198576,17,199286
19692,0.028543,172.31.36.0-255,446,199022,17,199286
19693,0.030024,104.244.42.0-255,66,199088,17,199286
19694,0.030032,104.244.42.0-255,66,199154,17,199286
19695,0.030091,104.244.42.0-255,66,199220,17,199286
19696,0.030146,104.244.42.0-255,66,199286,17,199286
19697,0.0,172.217.194.0-255,152,152,17,215868
19698,1.6e-05,172.31.36.0-255,66,218,17,215868
19699,2.2e-05,172.217.194.0-255,1484,1702,17,215868
19700,2.6e-05,172.31.36.0-255,66,1768,17,215868
19701,3.3e-05,172.217.194.0-255,2902,4670,17,215868
19702,3.6e-05,172.31.36.0-255,66,4736,17,215868
19703,4.4e-05,172.217.194.0-255,7156,11892,17,215868
19704,4.8e-05,172.31.36.0-255,66,11958,17,215868
19705,5.2e-05,172.217.194.0-255,2004,13962,17,215868
19706,5.5e-05,172.31.36.0-255,66,14028,17,215868
19707,9.7e-05,172.31.36.0-255,66,14094,17,215868
19708,0.000105,172.217.194.0-255,5379,19473,17,215868
19709,0.000108,172.31.36.0-255,66,19539,17,215868
19710,0.000185,172.217.194.0-255,1484,21023,17,215868
19711,0.000189,172.31.36.0-255,66,21089,17,215868
19712,0.000195,172.217.194.0-255,2902,23991,17,215868
19713,0.000197,172.31.36.0-255,66,24057,17,215868
19714,0.000223,172.217.194.0-255,5738,29795,17,215868
19715,0.000225,172.31.36.0-255,66,29861,17,215868
19716,0.000293,172.31.36.0-255,66,29927,17,215868
19717,0.000313,172.217.194.0-255,5379,35306,17,215868
19718,0.000315,172.31.36.0-255,66,35372,17,215868
19719,0.000327,172.31.36.0-255,66,35438,17,215868
19720,0.00033,172.217.194.0-255,383,35821,17,215868
19721,0.000332,172.31.36.0-255,66,35887,17,215868
19722,0.000436,172.217.194.0-255,1484,37371,17,215868
19723,0.00044,172.31.36.0-255,66,37437,17,215868
19724,0.000446,172.217.194.0-255,2902,40339,17,215868
19725,0.000449,172.31.36.0-255,66,40405,17,215868
19726,0.000455,172.217.194.0-255,5738,46143,17,215868
19727,0.000458,172.31.36.0-255,66,46209,17,215868
19728,0.000463,172.217.194.0-255,4320,50529,17,215868
19729,0.000465,172.31.36.0-255,66,50595,17,215868
19730,0.000507,172.31.36.0-255,66,50661,17,215868
19731,0.000523,172.217.194.0-255,7156,57817,17,215868
19732,0.000526,172.31.36.0-255,66,57883,17,215868
19733,0.000532,172.217.194.0-255,3602,61485,17,215868
19734,0.000534,172.31.36.0-255,66,61551,17,215868
19735,0.000926,172.217.194.0-255,1484,63035,17,215868
19736,0.000933,172.217.194.0-255,2902,65937,17,215868
19737,0.000936,172.31.36.0-255,66,66003,17,215868
19738,0.000941,172.217.194.0-255,1484,67487,17,215868
19739,0.000959,172.217.194.0-255,4320,71807,17,215868
19740,0.000962,172.31.36.0-255,66,71873,17,215868
19741,0.000976,172.31.36.0-255,66,71939,17,215868
19742,0.000988,172.31.36.0-255,66,72005,17,215868
19743,0.001031,172.217.194.0-255,7156,79161,17,215868
19744,0.001034,172.31.36.0-255,66,79227,17,215868
19745,0.001048,172.217.194.0-255,2184,81411,17,215868
19746,0.001051,172.31.36.0-255,66,81477,17,215868
19747,0.001057,172.217.194.0-255,5738,87215,17,215868
19748,0.00106,172.31.36.0-255,66,87281,17,215868
19749,0.001085,172.217.194.0-255,4320,91601,17,215868
19750,0.00109,172.31.36.0-255,66,91667,17,215868
19751,0.001103,172.217.194.0-255,7156,98823,17,215868
19752,0.001105,172.31.36.0-255,66,98889,17,215868
19753,0.001144,172.31.36.0-255,66,98955,17,215868
19754,0.001285,172.217.194.0-255,1484,100439,17,215868
19755,0.00129,172.217.194.0-255,2902,103341,17,215868
19756,0.001293,172.31.36.0-255,66,103407,17,215868
19757,0.001319,172.217.194.0-255,5738,109145,17,215868
19758,0.001321,172.31.36.0-255,66,109211,17,215868
19759,0.001328,172.217.194.0-255,4320,113531,17,215868
19760,0.00133,172.31.36.0-255,66,113597,17,215868
19761,0.001354,172.31.36.0-255,66,113663,17,215868
19762,0.001368,172.31.36.0-255,66,113729,17,215868
19763,0.001403,172.217.194.0-255,1484,115213,17,215868
19764,0.001406,172.217.194.0-255,1484,116697,17,215868
19765,0.00141,172.31.36.0-255,66,116763,17,215868
19766,0.00142,172.217.194.0-255,1484,118247,17,215868
19767,0.001423,172.217.194.0-255,1484,119731,17,215868
19768,0.001425,172.31.36.0-255,66,119797,17,215868
19769,0.001451,172.217.194.0-255,4320,124117,17,215868
19770,0.001454,172.31.36.0-255,66,124183,17,215868
19771,0.001468,172.31.36.0-255,66,124249,17,215868
19772,0.001501,172.217.194.0-255,5738,129987,17,215868
19773,0.001504,172.31.36.0-255,66,130053,17,215868
19774,0.001523,172.217.194.0-255,6438,136491,17,215868
19775,0.001526,172.31.36.0-255,66,136557,17,215868
19776,0.00154,172.31.36.0-255,66,136623,17,215868
19777,0.001616,172.217.194.0-255,1484,138107,17,215868
19778,0.001619,172.217.194.0-255,1484,139591,17,215868
19779,0.001628,172.31.36.0-255,66,139657,17,215868
19780,0.001641,172.217.194.0-255,1484,141141,17,215868
19781,0.001648,172.217.194.0-255,5738,146879,17,215868
19782,0.001656,172.217.194.0-255,7156,154035,17,215868
19783,0.001672,172.217.194.0-255,5738,159773,17,215868
19784,0.001689,172.31.36.0-255,66,159839,17,215868
19785,0.001704,172.217.194.0-255,5738,165577,17,215868
19786,0.001734,172.217.194.0-255,5738,171315,17,215868
19787,0.00174,172.31.36.0-255,66,171381,17,215868
19788,0.001785,172.31.36.0-255,66,171447,17,215868
19789,0.001805,172.217.194.0-255,1484,172931,17,215868
19790,0.00181,172.217.194.0-255,2902,175833,17,215868
19791,0.001816,172.217.194.0-255,5738,181571,17,215868
19792,0.001831,172.217.194.0-255,2902,184473,17,215868
19793,0.001841,172.31.36.0-255,66,184539,17,215868
19794,0.001859,172.31.36.0-255,66,184605,17,215868
19795,0.001863,172.217.194.0-255,1484,186089,17,215868
19796,0.001902,172.217.194.0-255,5738,191827,17,215868
19797,0.001906,172.31.36.0-255,66,191893,17,215868
19798,0.001929,172.217.194.0-255,2902,194795,17,215868
19799,0.001957,172.217.194.0-255,7156,201951,17,215868
19800,0.001969,172.31.36.0-255,66,202017,17,215868
19801,0.002001,172.217.194.0-255,4320,206337,17,215868
19802,0.002015,172.31.36.0-255,66,206403,17,215868
19803,0.002026,172.217.194.0-255,4835,211238,17,215868
19804,0.002029,172.217.194.0-255,105,211343,17,215868
19805,0.002034,172.31.36.0-255,66,211409,17,215868
19806,0.004473,172.31.36.0-255,105,211514,17,215868
19807,0.00649,172.217.194.0-255,66,211580,17,215868
19808,0.030216,172.31.36.0-255,188,211768,17,215868
19809,0.030255,172.31.36.0-255,961,212729,17,215868
19810,0.030417,172.31.36.0-255,1514,214243,17,215868
19811,0.03042,172.31.36.0-255,1427,215670,17,215868
19812,0.031788,104.244.42.0-255,66,215736,17,215868
19813,0.031824,104.244.42.0-255,66,215802,17,215868
19814,0.031978,104.244.42.0-255,66,215868,17,215868
19815,0.0,74.125.130.0-255,143,143,17,394795
19816,2.1e-05,172.31.36.0-255,66,209,17,394795
19817,2.8e-05,74.125.130.0-255,1484,1693,17,394795
19818,3.3e-05,172.31.36.0-255,66,1759,17,394795
19819,4.7e-05,74.125.130.0-255,2902,4661,17,394795
19820,5.2e-05,172.31.36.0-255,66,4727,17,394795
19821,9.7e-05,74.125.130.0-255,4320,9047,17,394795
19822,0.000101,172.31.36.0-255,66,9113,17,394795
19823,0.000108,74.125.130.0-255,4917,14030,17,394795
19824,0.000111,172.31.36.0-255,66,14096,17,394795
19825,0.00014,74.125.130.0-255,1484,15580,17,394795
19826,0.000143,172.31.36.0-255,66,15646,17,394795
19827,0.000147,74.125.130.0-255,2902,18548,17,394795
19828,0.000149,172.31.36.0-255,66,18614,17,394795
19829,0.000183,74.125.130.0-255,5738,24352,17,394795
19830,0.000186,172.31.36.0-255,66,24418,17,394795
19831,0.000194,74.125.130.0-255,7156,31574,17,394795
19832,0.000196,172.31.36.0-255,66,31640,17,394795
19833,0.000225,74.125.130.0-255,7156,38796,17,394795
19834,0.000228,172.31.36.0-255,66,38862,17,394795
19835,0.000261,172.31.36.0-255,66,38928,17,394795
19836,0.000264,74.125.130.0-255,766,39694,17,394795
19837,0.000267,172.31.36.0-255,66,39760,17,394795
19838,0.000355,74.125.130.0-255,1484,41244,17,394795
19839,0.00036,172.31.36.0-255,66,41310,17,394795
19840,0.000364,74.125.130.0-255,1484,42794,17,394795
19841,0.000366,172.31.36.0-255,66,42860,17,394795
19842,0.000371,74.125.130.0-255,2902,45762,17,394795
19843,0.000373,172.31.36.0-255,66,45828,17,394795
19844,0.000381,74.125.130.0-255,1484,47312,17,394795
19845,0.000384,172.31.36.0-255,66,47378,17,394795
19846,0.000417,74.125.130.0-255,4320,51698,17,394795
19847,0.000424,74.125.130.0-255,5635,57333,17,394795
19848,0.000471,74.125.130.0-255,1484,58817,17,394795
19849,0.000475,74.125.130.0-255,1484,60301,17,394795
19850,0.000492,74.125.130.0-255,1484,61785,17,394795
19851,0.000496,74.125.130.0-255,2902,64687,17,394795
19852,0.000513,74.125.130.0-255,2902,67589,17,394795
19853,0.00052,74.125.130.0-255,6550,74139,17,394795
19854,0.000604,172.31.36.0-255,66,74205,17,394795
19855,0.000684,74.125.130.0-255,1484,75689,17,394795
19856,0.00071,74.125.130.0-255,2902,78591,17,394795
19857,0.000717,74.125.130.0-255,5738,84329,17,394795
19858,0.00074,74.125.130.0-255,6797,91126,17,394795
19859,0.000743,172.31.36.0-255,66,91192,17,394795
19860,0.000749,172.31.36.0-255,66,91258,17,394795
19861,0.000776,74.125.130.0-255,7156,98414,17,394795
19862,0.000807,74.125.130.0-255,1009,99423,17,394795
19863,0.000821,172.31.36.0-255,66,99489,17,394795
19864,0.000911,74.125.130.0-255,213,99702,17,394795
19865,0.000942,74.125.130.0-255,1484,101186,17,394795
19866,0.00099,74.125.130.0-255,2902,104088,17,394795
19867,0.001003,172.31.36.0-255,66,104154,17,394795
19868,0.001007,74.125.130.0-255,1484,105638,17,394795
19869,0.001014,74.125.130.0-255,5738,111376,17,394795
19870,0.001023,74.125.130.0-255,4320,115696,17,394795
19871,0.001034,172.31.36.0-255,66,115762,17,394795
19872,0.001045,74.125.130.0-255,5738,121500,17,394795
19873,0.001086,74.125.130.0-255,1484,122984,17,394795
19874,0.001088,74.125.130.0-255,766,123750,17,394795
19875,0.001099,172.31.36.0-255,66,123816,17,394795
19876,0.001794,74.125.130.0-255,1484,125300,17,394795
19877,0.001816,74.125.130.0-255,2902,128202,17,394795
19878,0.001824,74.125.130.0-255,5738,133940,17,394795
19879,0.001829,172.31.36.0-255,66,134006,17,394795
19880,0.001838,74.125.130.0-255,1484,135490,17,394795
19881,0.001861,74.125.130.0-255,2902,138392,17,394795
19882,0.001884,74.125.130.0-255,4320,142712,17,394795
19883,0.001891,172.31.36.0-255,66,142778,17,394795
19884,0.001898,74.125.130.0-255,1484,144262,17,394795
19885,0.001901,74.125.130.0-255,1484,145746,17,394795
19886,0.001916,172.31.36.0-255,66,145812,17,394795
19887,0.001919,74.125.130.0-255,1484,147296,17,394795
19888,0.001941,74.125.130.0-255,1484,148780,17,394795
19889,0.001948,74.125.130.0-255,5738,154518,17,394795
19890,0.001953,74.125.130.0-255,3602,158120,17,394795
19891,0.001974,172.31.36.0-255,66,158186,17,394795
19892,0.004264,74.125.130.0-255,5738,163924,17,394795
19893,0.004272,172.31.36.0-255,66,163990,17,394795
19894,0.006563,74.125.130.0-255,5738,169728,17,394795
19895,0.007325,172.31.36.0-255,66,169794,17,394795
19896,0.009627,74.125.130.0-255,5738,175532,17,394795
19897,0.00964,172.31.36.0-255,66,175598,17,394795
19898,0.011945,74.125.130.0-255,5738,181336,17,394795
19899,0.014412,172.31.36.0-255,66,181402,17,394795
19900,0.016713,74.125.130.0-255,5738,187140,17,394795
19901,0.016727,172.31.36.0-255,66,187206,17,394795
19902,0.019023,74.125.130.0-255,5738,192944,17,394795
19903,0.019032,172.31.36.0-255,66,193010,17,394795
19904,0.021321,74.125.130.0-255,5738,198748,17,394795
19905,0.021332,172.31.36.0-255,66,198814,17,394795
19906,0.023629,74.125.130.0-255,5738,204552,17,394795
19907,0.023645,172.31.36.0-255,66,204618,17,394795
19908,0.025938,74.125.130.0-255,5738,210356,17,394795
19909,0.025953,172.31.36.0-255,66,210422,17,394795
19910,0.028258,74.125.130.0-255,5738,216160,17,394795
19911,0.028271,172.31.36.0-255,66,216226,17,394795
19912,0.03039,172.31.36.0-255,172,216398,17,394795
19913,0.030424,172.31.36.0-255,1117,217515,17,394795
19914,0.030497,172.31.36.0-255,1514,219029,17,394795
19915,0.030499,172.31.36.0-255,1271,220300,17,394795
19916,0.030553,74.125.130.0-255,1484,221784,17,394795
19917,0.030581,74.125.130.0-255,4320,226104,17,394795
19918,0.030585,172.31.36.0-255,66,226170,17,394795
19919,0.0319,104.244.42.0-255,66,226236,17,394795
19920,0.031993,104.244.42.0-255,66,226302,17,394795
19921,0.032039,104.244.42.0-255,66,226368,17,394795
19922,0.032872,74.125.130.0-255,5738,232106,17,394795
19923,0.032882,172.31.36.0-255,66,232172,17,394795
19924,0.03518,74.125.130.0-255,5738,237910,17,394795
19925,0.035188,172.31.36.0-255,66,237976,17,394795
19926,0.037484,74.125.130.0-255,5738,243714,17,394795
19927,0.037492,172.31.36.0-255,66,243780,17,394795
19928,0.039791,74.125.130.0-255,5738,249518,17,394795
19929,0.039801,172.31.36.0-255,66,249584,17,394795
19930,0.042102,74.125.130.0-255,5738,255322,17,394795
19931,0.042113,172.31.36.0-255,66,255388,17,394795
19932,0.044412,74.125.130.0-255,5738,261126,17,394795
19933,0.044419,172.31.36.0-255,66,261192,17,394795
19934,0.046711,74.125.130.0-255,5738,266930,17,394795
19935,0.046719,172.31.36.0-255,66,266996,17,394795
19936,0.049022,74.125.130.0-255,5738,272734,17,394795
19937,0.049032,172.31.36.0-255,66,272800,17,394795
19938,0.051344,74.125.130.0-255,5738,278538,17,394795
19939,0.051355,172.31.36.0-255,66,278604,17,394795
19940,0.053693,74.125.130.0-255,5738,284342,17,394795
19941,0.0537,172.31.36.0-255,66,284408,17,394795
19942,0.056011,74.125.130.0-255,5738,290146,17,394795
19943,0.056023,172.31.36.0-255,66,290212,17,394795
19944,0.05832,74.125.130.0-255,5738,295950,17,394795
19945,0.058337,172.31.36.0-255,66,296016,17,394795
19946,0.060635,74.125.130.0-255,5738,301754,17,394795
19947,0.060652,172.31.36.0-255,66,301820,17,394795
19948,0.062967,74.125.130.0-255,5738,307558,17,394795
19949,0.062976,172.31.36.0-255,66,307624,17,394795
19950,0.065257,74.125.130.0-255,5738,313362,17,394795
19951,0.065267,172.31.36.0-255,66,313428,17,394795
19952,0.067554,74.125.130.0-255,5738,319166,17,394795
19953,0.067566,172.31.36.0-255,66,319232,17,394795
19954,0.069866,74.125.130.0-255,5738,324970,17,394795
19955,0.069874,172.31.36.0-255,66,325036,17,394795
19956,0.07217,74.125.130.0-255,5738,330774,17,394795
19957,0.072179,172.31.36.0-255,66,330840,17,394795
19958,0.074488,74.125.130.0-255,5738,336578,17,394795
19959,0.074498,172.31.36.0-255,66,336644,17,394795
19960,0.076807,74.125.130.0-255,5738,342382,17,394795
19961,0.076816,172.31.36.0-255,66,342448,17,394795
19962,0.079115,74.125.130.0-255,5738,348186,17,394795
19963,0.079123,172.31.36.0-255,66,348252,17,394795
19964,0.081415,74.125.130.0-255,5738,353990,17,394795
19965,0.081424,172.31.36.0-255,66,354056,17,394795
19966,0.083717,74.125.130.0-255,5738,359794,17,394795
19967,0.083725,172.31.36.0-255,66,359860,17,394795
19968,0.086032,74.125.130.0-255,5738,365598,17,394795
19969,0.086038,172.31.36.0-255,66,365664,17,394795
19970,0.088346,74.125.130.0-255,5738,371402,17,394795
19971,0.088353,172.31.36.0-255,66,371468,17,394795
19972,0.090641,74.125.130.0-255,4320,375788,17,394795
19973,0.090651,172.31.36.0-255,66,375854,17,394795
19974,0.09067,74.125.130.0-255,1484,377338,17,394795
19975,0.092958,74.125.130.0-255,4320,381658,17,394795
19976,0.092969,172.31.36.0-255,66,381724,17,394795
19977,0.095261,74.125.130.0-255,5738,387462,17,394795
19978,0.09532,172.31.36.0-255,66,387528,17,394795
19979,0.097628,74.125.130.0-255,5738,393266,17,394795
19980,0.097638,172.31.36.0-255,66,393332,17,394795
19981,0.099938,74.125.130.0-255,1463,394795,17,394795
19982,0.0,74.125.24.0-255,148,148,17,263902
19983,3.1e-05,172.31.36.0-255,66,214,17,263902
19984,3.9e-05,74.125.24.0-255,1484,1698,17,263902
19985,4.4e-05,172.31.36.0-255,66,1764,17,263902
19986,4.9e-05,74.125.24.0-255,2902,4666,17,263902
19987,5.2e-05,172.31.36.0-255,66,4732,17,263902
19988,7.1e-05,74.125.24.0-255,2902,7634,17,263902
19989,7.3e-05,172.31.36.0-255,66,7700,17,263902
19990,9.6e-05,74.125.24.0-255,4320,12020,17,263902
19991,9.9e-05,172.31.36.0-255,66,12086,17,263902
19992,0.000178,74.125.24.0-255,2020,14106,17,263902
19993,0.000183,172.31.36.0-255,66,14172,17,263902
19994,0.000216,74.125.24.0-255,2902,17074,17,263902
19995,0.000219,172.31.36.0-255,66,17140,17,263902
19996,0.000264,74.125.24.0-255,2902,20042,17,263902
19997,0.000269,172.31.36.0-255,66,20108,17,263902
19998,0.000281,74.125.24.0-255,4320,24428,17,263902
19999,0.000285,172.31.36.0-255,66,24494,17,263902
20000,0.000365,74.125.24.0-255,2902,27396,17,263902
20001,0.000369,172.31.36.0-255,66,27462,17,263902
20002,0.000389,74.125.24.0-255,3961,31423,17,263902
20003,0.000392,172.31.36.0-255,66,31489,17,263902
20004,0.000478,74.125.24.0-255,7156,38645,17,263902
20005,0.000482,172.31.36.0-255,66,38711,17,263902
20006,0.000504,172.31.36.0-255,66,38777,17,263902
20007,0.000731,74.125.24.0-255,5738,44515,17,263902
20008,0.000736,172.31.36.0-255,66,44581,17,263902
20009,0.000781,172.31.36.0-255,66,44647,17,263902
20010,0.000984,74.125.24.0-255,345,44992,17,263902
20011,0.000989,172.31.36.0-255,66,45058,17,263902
20012,0.001031,172.31.36.0-255,66,45124,17,263902
20013,0.001059,172.31.36.0-255,66,45190,17,263902
20014,0.001357,172.31.36.0-255,66,45256,17,263902
20015,0.001376,74.125.24.0-255,2543,47799,17,263902
20016,0.001538,74.125.24.0-255,2902,50701,17,263902
20017,0.002071,74.125.24.0-255,7156,57857,17,263902
20018,0.00282,74.125.24.0-255,4320,62177,17,263902
20019,0.004932,172.31.36.0-255,66,62243,17,263902
20020,0.00718,74.125.24.0-255,5738,67981,17,263902
20021,0.007184,172.31.36.0-255,66,68047,17,263902
20022,0.009433,74.125.24.0-255,5738,73785,17,263902
20023,0.009441,172.31.36.0-255,66,73851,17,263902
20024,0.011689,74.125.24.0-255,5738,79589,17,263902
20025,0.011696,172.31.36.0-255,66,79655,17,263902
20026,0.01395,74.125.24.0-255,5738,85393,17,263902
20027,0.013959,172.31.36.0-255,66,85459,17,263902
20028,0.01622,74.125.24.0-255,5738,91197,17,263902
20029,0.016227,172.31.36.0-255,66,91263,17,263902
20030,0.01849,74.125.24.0-255,5738,97001,17,263902
20031,0.018496,172.31.36.0-255,66,97067,17,263902
20032,0.020756,74.125.24.0-255,5738,102805,17,263902
20033,0.020762,172.31.36.0-255,66,102871,17,263902
20034,0.023005,74.125.24.0-255,5738,108609,17,263902
20035,0.023014,172.31.36.0-255,66,108675,17,263902
20036,0.025285,74.125.24.0-255,5738,114413,17,263902
20037,0.025291,172.31.36.0-255,66,114479,17,263902
20038,0.027264,172.31.36.0-255,172,114651,17,263902
20039,0.027319,172.31.36.0-255,1116,115767,17,263902
20040,0.027412,172.31.36.0-255,1514,117281,17,263902
20041,0.027414,172.31.36.0-255,1274,118555,17,263902
20042,0.027528,74.125.24.0-255,5738,124293,17,263902
20043,0.027534,172.31.36.0-255,66,124359,17,263902
20044,0.028765,104.244.42.0-255,66,124425,17,263902
20045,0.028809,104.244.42.0-255,66,124491,17,263902
20046,0.028916,104.244.42.0-255,66,124557,17,263902
20047,0.029796,74.125.24.0-255,5738,130295,17,263902
20048,0.029801,172.31.36.0-255,66,130361,17,263902
20049,0.032066,74.125.24.0-255,5738,136099,17,263902
20050,0.032073,172.31.36.0-255,66,136165,17,263902
20051,0.034332,74.125.24.0-255,5738,141903,17,263902
20052,0.034337,172.31.36.0-255,66,141969,17,263902
20053,0.036611,74.125.24.0-255,5738,147707,17,263902
20054,0.036618,172.31.36.0-255,66,147773,17,263902
20055,0.038888,74.125.24.0-255,5738,153511,17,263902
20056,0.038895,172.31.36.0-255,66,153577,17,263902
20057,0.041162,74.125.24.0-255,5738,159315,17,263902
20058,0.041169,172.31.36.0-255,66,159381,17,263902
20059,0.043445,74.125.24.0-255,5738,165119,17,263902
20060,0.043451,172.31.36.0-255,66,165185,17,263902
20061,0.045722,74.125.24.0-255,5738,170923,17,263902
20062,0.045728,172.31.36.0-255,66,170989,17,263902
20063,0.047998,74.125.24.0-255,5738,176727,17,263902
20064,0.048005,172.31.36.0-255,66,176793,17,263902
20065,0.050283,74.125.24.0-255,5738,182531,17,263902
20066,0.05029,172.31.36.0-255,66,182597,17,263902
20067,0.052552,74.125.24.0-255,5738,188335,17,263902
20068,0.052559,172.31.36.0-255,66,188401,17,263902
20069,0.054825,74.125.24.0-255,5738,194139,17,263902
20070,0.054833,172.31.36.0-255,66,194205,17,263902
20071,0.057144,74.125.24.0-255,5738,199943,17,263902
20072,0.057151,172.31.36.0-255,66,200009,17,263902
20073,0.059393,74.125.24.0-255,5738,205747,17,263902
20074,0.0594,172.31.36.0-255,66,205813,17,263902
20075,0.06168,74.125.24.0-255,5738,211551,17,263902
20076,0.061687,172.31.36.0-255,66,211617,17,263902
20077,0.063957,74.125.24.0-255,5738,217355,17,263902
20078,0.063963,172.31.36.0-255,66,217421,17,263902
20079,0.066263,74.125.24.0-255,5738,223159,17,263902
20080,0.06627,172.31.36.0-255,66,223225,17,263902
20081,0.068535,74.125.24.0-255,5738,228963,17,263902
20082,0.068542,172.31.36.0-255,66,229029,17,263902
20083,0.07081,74.125.24.0-255,5738,234767,17,263902
20084,0.070816,172.31.36.0-255,66,234833,17,263902
20085,0.073081,74.125.24.0-255,5738,240571,17,263902
20086,0.073088,172.31.36.0-255,66,240637,17,263902
20087,0.075347,74.125.24.0-255,5738,246375,17,263902
20088,0.075353,172.31.36.0-255,66,246441,17,263902
20089,0.077607,74.125.24.0-255,5738,252179,17,263902
20090,0.077614,172.31.36.0-255,66,252245,17,263902
20091,0.07988,74.125.24.0-255,5738,257983,17,263902
20092,0.079885,172.31.36.0-255,66,258049,17,263902
20093,0.082149,74.125.24.0-255,5616,263665,17,263902
20094,0.082156,172.31.36.0-255,66,263731,17,263902
20095,0.082391,172.31.36.0-255,105,263836,17,263902
20096,0.084633,74.125.24.0-255,66,263902,17,263902
20097,0.0,74.125.200.0-255,145,145,17,413344
20098,3.3e-05,172.31.36.0-255,66,211,17,413344
20099,4e-05,74.125.200.0-255,1484,1695,17,413344
20100,4.5e-05,172.31.36.0-255,66,1761,17,413344
20101,4.8e-05,74.125.200.0-255,1484,3245,17,413344
20102,5.1e-05,172.31.36.0-255,66,3311,17,413344
20103,5.6e-05,74.125.200.0-255,2902,6213,17,413344
20104,5.8e-05,172.31.36.0-255,66,6279,17,413344
20105,8.2e-05,74.125.200.0-255,2902,9181,17,413344
20106,8.5e-05,172.31.36.0-255,66,9247,17,413344
20107,0.000109,74.125.200.0-255,2902,12149,17,413344
20108,0.000111,172.31.36.0-255,66,12215,17,413344
20109,0.000115,74.125.200.0-255,1484,13699,17,413344
20110,0.000117,172.31.36.0-255,66,13765,17,413344
20111,0.00016,172.31.36.0-255,66,13831,17,413344
20112,0.000193,74.125.200.0-255,5738,19569,17,413344
20113,0.000197,172.31.36.0-255,66,19635,17,413344
20114,0.000214,74.125.200.0-255,2543,22178,17,413344
20115,0.000216,172.31.36.0-255,66,22244,17,413344
20116,0.000248,74.125.200.0-255,1484,23728,17,413344
20117,0.00025,172.31.36.0-255,66,23794,17,413344
20118,0.000267,74.125.200.0-255,2902,26696,17,413344
20119,0.00027,172.31.36.0-255,66,26762,17,413344
20120,0.000274,74.125.200.0-255,2902,29664,17,413344
20121,0.000278,172.31.36.0-255,66,29730,17,413344
20122,0.000293,74.125.200.0-255,2902,32632,17,413344
20123,0.000297,172.31.36.0-255,66,32698,17,413344
20124,0.000305,74.125.200.0-255,6797,39495,17,413344
20125,0.000308,172.31.36.0-255,66,39561,17,413344
20126,0.000808,74.125.200.0-255,1484,41045,17,413344
20127,0.000813,172.31.36.0-255,66,41111,17,413344
20128,0.000821,74.125.200.0-255,1484,42595,17,413344
20129,0.000835,74.125.200.0-255,1484,44079,17,413344
20130,0.000838,172.31.36.0-255,66,44145,17,413344
20131,0.000859,74.125.200.0-255,4320,48465,17,413344
20132,0.000861,172.31.36.0-255,66,48531,17,413344
20133,0.000879,74.125.200.0-255,1484,50015,17,413344
20134,0.000884,74.125.200.0-255,2902,52917,17,413344
20135,0.000886,172.31.36.0-255,66,52983,17,413344
20136,0.000891,74.125.200.0-255,3961,56944,17,413344
20137,0.000893,172.31.36.0-255,66,57010,17,413344
20138,0.000905,172.31.36.0-255,66,57076,17,413344
20139,0.000909,74.125.200.0-255,2902,59978,17,413344
20140,0.000912,172.31.36.0-255,66,60044,17,413344
20141,0.000949,74.125.200.0-255,5379,65423,17,413344
20142,0.000953,172.31.36.0-255,66,65489,17,413344
20143,0.001092,74.125.200.0-255,1484,66973,17,413344
20144,0.001113,74.125.200.0-255,1484,68457,17,413344
20145,0.001117,172.31.36.0-255,66,68523,17,413344
20146,0.001126,74.125.200.0-255,2902,71425,17,413344
20147,0.001129,172.31.36.0-255,66,71491,17,413344
20148,0.00116,74.125.200.0-255,5738,77229,17,413344
20149,0.001163,172.31.36.0-255,66,77295,17,413344
20150,0.00118,74.125.200.0-255,2902,80197,17,413344
20151,0.001182,172.31.36.0-255,66,80263,17,413344
20152,0.001208,74.125.200.0-255,3123,83386,17,413344
20153,0.001212,172.31.36.0-255,66,83452,17,413344
20154,0.001463,74.125.200.0-255,1484,84936,17,413344
20155,0.00152,74.125.200.0-255,2902,87838,17,413344
20156,0.001524,172.31.36.0-255,66,87904,17,413344
20157,0.001541,74.125.200.0-255,1484,89388,17,413344
20158,0.001556,74.125.200.0-255,2902,92290,17,413344
20159,0.001559,172.31.36.0-255,66,92356,17,413344
20160,0.001562,74.125.200.0-255,1484,93840,17,413344
20161,0.001604,74.125.200.0-255,1484,95324,17,413344
20162,0.001606,172.31.36.0-255,66,95390,17,413344
20163,0.001635,74.125.200.0-255,2902,98292,17,413344
20164,0.001638,172.31.36.0-255,66,98358,17,413344
20165,0.001653,74.125.200.0-255,2902,101260,17,413344
20166,0.001655,172.31.36.0-255,66,101326,17,413344
20167,0.001708,74.125.200.0-255,2902,104228,17,413344
20168,0.001711,172.31.36.0-255,66,104294,17,413344
20169,0.001754,74.125.200.0-255,2902,107196,17,413344
20170,0.001756,172.31.36.0-255,66,107262,17,413344
20171,0.001771,74.125.200.0-255,1484,108746,17,413344
20172,0.001784,74.125.200.0-255,2902,111648,17,413344
20173,0.001786,172.31.36.0-255,66,111714,17,413344
20174,0.001804,74.125.200.0-255,2902,114616,17,413344
20175,0.001806,172.31.36.0-255,66,114682,17,413344
20176,0.001842,74.125.200.0-255,3602,118284,17,413344
20177,0.001845,172.31.36.0-255,66,118350,17,413344
20178,0.001994,74.125.200.0-255,1484,119834,17,413344
20179,0.002014,74.125.200.0-255,1484,121318,17,413344
20180,0.002017,172.31.36.0-255,66,121384,17,413344
20181,0.003815,74.125.200.0-255,1484,122868,17,413344
20182,0.003826,74.125.200.0-255,1484,124352,17,413344
20183,0.003829,172.31.36.0-255,66,124418,17,413344
20184,0.004032,74.125.200.0-255,2902,127320,17,413344
20185,0.004035,172.31.36.0-255,66,127386,17,413344
20186,0.005796,74.125.200.0-255,2902,130288,17,413344
20187,0.005799,172.31.36.0-255,66,130354,17,413344
20188,0.006011,74.125.200.0-255,2902,133256,17,413344
20189,0.006018,172.31.36.0-255,66,133322,17,413344
20190,0.007783,74.125.200.0-255,2902,136224,17,413344
20191,0.00779,172.31.36.0-255,66,136290,17,413344
20192,0.007985,74.125.200.0-255,2902,139192,17,413344
20193,0.00799,172.31.36.0-255,66,139258,17,413344
20194,0.009805,74.125.200.0-255,2902,142160,17,413344
20195,0.009814,172.31.36.0-255,66,142226,17,413344
20196,0.009967,74.125.200.0-255,2902,145128,17,413344
20197,0.009972,172.31.36.0-255,66,145194,17,413344
20198,0.011792,74.125.200.0-255,2902,148096,17,413344
20199,0.011799,172.31.36.0-255,66,148162,17,413344
20200,0.011947,74.125.200.0-255,2902,151064,17,413344
20201,0.011952,172.31.36.0-255,66,151130,17,413344
20202,0.013792,74.125.200.0-255,2902,154032,17,413344
20203,0.013802,172.31.36.0-255,66,154098,17,413344
20204,0.013914,74.125.200.0-255,2902,157000,17,413344
20205,0.013919,172.31.36.0-255,66,157066,17,413344
20206,0.01578,74.125.200.0-255,2902,159968,17,413344
20207,0.015789,172.31.36.0-255,66,160034,17,413344
20208,0.015891,74.125.200.0-255,2902,162936,17,413344
20209,0.015896,172.31.36.0-255,66,163002,17,413344
20210,0.017773,74.125.200.0-255,2902,165904,17,413344
20211,0.01778,172.31.36.0-255,66,165970,17,413344
20212,0.017863,74.125.200.0-255,2902,168872,17,413344
20213,0.017869,172.31.36.0-255,66,168938,17,413344
20214,0.019758,74.125.200.0-255,2902,171840,17,413344
20215,0.019764,172.31.36.0-255,66,171906,17,413344
20216,0.019842,74.125.200.0-255,2902,174808,17,413344
20217,0.019848,172.31.36.0-255,66,174874,17,413344
20218,0.021787,74.125.200.0-255,2902,177776,17,413344
20219,0.021794,172.31.36.0-255,66,177842,17,413344
20220,0.021815,74.125.200.0-255,1484,179326,17,413344
20221,0.021828,74.125.200.0-255,1484,180810,17,413344
20222,0.021832,172.31.36.0-255,66,180876,17,413344
20223,0.023809,74.125.200.0-255,4320,185196,17,413344
20224,0.023816,172.31.36.0-255,66,185262,17,413344
20225,0.023839,74.125.200.0-255,1484,186746,17,413344
20226,0.025807,74.125.200.0-255,4320,191066,17,413344
20227,0.025814,172.31.36.0-255,66,191132,17,413344
20228,0.027814,74.125.200.0-255,5738,196870,17,413344
20229,0.027822,172.31.36.0-255,66,196936,17,413344
20230,0.029155,172.31.36.0-255,172,197108,17,413344
20231,0.02919,172.31.36.0-255,1117,198225,17,413344
20232,0.029259,172.31.36.0-255,1514,199739,17,413344
20233,0.029261,172.31.36.0-255,1514,201253,17,413344
20234,0.029261,172.31.36.0-255,1514,202767,17,413344
20235,0.029262,172.31.36.0-255,1514,204281,17,413344
20236,0.029291,172.31.36.0-255,1469,205750,17,413344
20237,0.029811,74.125.200.0-255,5738,211488,17,413344
20238,0.029817,172.31.36.0-255,66,211554,17,413344
20239,0.030659,104.244.42.0-255,66,211620,17,413344
20240,0.030724,104.244.42.0-255,66,211686,17,413344
20241,0.030839,104.244.42.0-255,66,211752,17,413344
20242,0.031813,74.125.200.0-255,5738,217490,17,413344
20243,0.031818,172.31.36.0-255,66,217556,17,413344
20244,0.033801,74.125.200.0-255,5738,223294,17,413344
20245,0.033807,172.31.36.0-255,66,223360,17,413344
20246,0.035792,74.125.200.0-255,5738,229098,17,413344
20247,0.035797,172.31.36.0-255,66,229164,17,413344
20248,0.037799,74.125.200.0-255,4320,233484,17,413344
20249,0.037805,172.31.36.0-255,66,233550,17,413344
20250,0.037823,74.125.200.0-255,1484,235034,17,413344
20251,0.039797,74.125.200.0-255,4320,239354,17,413344
20252,0.039802,172.31.36.0-255,66,239420,17,413344
20253,0.041786,74.125.200.0-255,5738,245158,17,413344
20254,0.041792,172.31.36.0-255,66,245224,17,413344
20255,0.043775,74.125.200.0-255,5738,250962,17,413344
20256,0.043781,172.31.36.0-255,66,251028,17,413344
20257,0.045756,74.125.200.0-255,5738,256766,17,413344
20258,0.045762,172.31.36.0-255,66,256832,17,413344
20259,0.047737,74.125.200.0-255,5738,262570,17,413344
20260,0.047743,172.31.36.0-255,66,262636,17,413344
20261,0.049714,74.125.200.0-255,5738,268374,17,413344
20262,0.049719,172.31.36.0-255,66,268440,17,413344
20263,0.051688,74.125.200.0-255,4320,272760,17,413344
20264,0.051693,172.31.36.0-255,66,272826,17,413344
20265,0.051722,74.125.200.0-255,1484,274310,17,413344
20266,0.053665,74.125.200.0-255,4320,278630,17,413344
20267,0.053671,172.31.36.0-255,66,278696,17,413344
20268,0.055658,74.125.200.0-255,5738,284434,17,413344
20269,0.055663,172.31.36.0-255,66,284500,17,413344
20270,0.057637,74.125.200.0-255,2902,287402,17,413344
20271,0.057643,172.31.36.0-255,66,287468,17,413344
20272,0.057672,74.125.200.0-255,2902,290370,17,413344
20273,0.057675,172.31.36.0-255,66,290436,17,413344
20274,0.059621,74.125.200.0-255,2902,293338,17,413344
20275,0.059626,172.31.36.0-255,66,293404,17,413344
20276,0.059662,74.125.200.0-255,2902,296306,17,413344
20277,0.059665,172.31.36.0-255,66,296372,17,413344
20278,0.061608,74.125.200.0-255,2902,299274,17,413344
20279,0.061614,172.31.36.0-255,66,299340,17,413344
20280,0.061646,74.125.200.0-255,2902,302242,17,413344
20281,0.061649,172.31.36.0-255,66,302308,17,413344
20282,0.063588,74.125.200.0-255,2902,305210,17,413344
20283,0.063594,172.31.36.0-255,66,305276,17,413344
20284,0.063624,74.125.200.0-255,2902,308178,17,413344
20285,0.063627,172.31.36.0-255,66,308244,17,413344
20286,0.065574,74.125.200.0-255,2902,311146,17,413344
20287,0.06558,172.31.36.0-255,66,311212,17,413344
20288,0.065615,74.125.200.0-255,2902,314114,17,413344
20289,0.065618,172.31.36.0-255,66,314180,17,413344
20290,0.067583,74.125.200.0-255,2902,317082,17,413344
20291,0.067589,172.31.36.0-255,66,317148,17,413344
20292,0.067619,74.125.200.0-255,2902,320050,17,413344
20293,0.067622,172.31.36.0-255,66,320116,17,413344
20294,0.069564,74.125.200.0-255,2902,323018,17,413344
20295,0.069569,172.31.36.0-255,66,323084,17,413344
20296,0.069636,74.125.200.0-255,2902,325986,17,413344
20297,0.069641,172.31.36.0-255,66,326052,17,413344
20298,0.071547,74.125.200.0-255,2902,328954,17,413344
20299,0.071552,172.31.36.0-255,66,329020,17,413344
20300,0.071618,74.125.200.0-255,2902,331922,17,413344
20301,0.071622,172.31.36.0-255,66,331988,17,413344
20302,0.073534,74.125.200.0-255,2902,334890,17,413344
20303,0.07354,172.31.36.0-255,66,334956,17,413344
20304,0.073592,74.125.200.0-255,2902,337858,17,413344
20305,0.073596,172.31.36.0-255,66,337924,17,413344
20306,0.075512,74.125.200.0-255,2902,340826,17,413344
20307,0.075517,172.31.36.0-255,66,340892,17,413344
20308,0.07557,74.125.200.0-255,2902,343794,17,413344
20309,0.075574,172.31.36.0-255,66,343860,17,413344
20310,0.077496,74.125.200.0-255,2902,346762,17,413344
20311,0.077501,172.31.36.0-255,66,346828,17,413344
20312,0.077563,74.125.200.0-255,2902,349730,17,413344
20313,0.077567,172.31.36.0-255,66,349796,17,413344
20314,0.07948,74.125.200.0-255,2902,352698,17,413344
20315,0.079485,172.31.36.0-255,66,352764,17,413344
20316,0.079525,74.125.200.0-255,2902,355666,17,413344
20317,0.079529,172.31.36.0-255,66,355732,17,413344
20318,0.081462,74.125.200.0-255,2902,358634,17,413344
20319,0.081467,172.31.36.0-255,66,358700,17,413344
20320,0.081504,74.125.200.0-255,2902,361602,17,413344
20321,0.081508,172.31.36.0-255,66,361668,17,413344
20322,0.083459,74.125.200.0-255,2902,364570,17,413344
20323,0.083464,172.31.36.0-255,66,364636,17,413344
20324,0.083507,74.125.200.0-255,2902,367538,17,413344
20325,0.083511,172.31.36.0-255,66,367604,17,413344
20326,0.085458,74.125.200.0-255,2902,370506,17,413344
20327,0.085463,172.31.36.0-255,66,370572,17,413344
20328,0.085492,74.125.200.0-255,2902,373474,17,413344
20329,0.085495,172.31.36.0-255,66,373540,17,413344
20330,0.087447,74.125.200.0-255,2902,376442,17,413344
20331,0.087454,172.31.36.0-255,66,376508,17,413344
20332,0.087486,74.125.200.0-255,2902,379410,17,413344
20333,0.087489,172.31.36.0-255,66,379476,17,413344
20334,0.089447,74.125.200.0-255,2902,382378,17,413344
20335,0.089453,172.31.36.0-255,66,382444,17,413344
20336,0.089486,74.125.200.0-255,2902,385346,17,413344
20337,0.089489,172.31.36.0-255,66,385412,17,413344
20338,0.091451,74.125.200.0-255,5738,391150,17,413344
20339,0.091471,172.31.36.0-255,66,391216,17,413344
20340,0.093456,74.125.200.0-255,5738,396954,17,413344
20341,0.093461,172.31.36.0-255,66,397020,17,413344
20342,0.095434,74.125.200.0-255,4320,401340,17,413344
20343,0.095439,172.31.36.0-255,66,401406,17,413344
20344,0.095472,74.125.200.0-255,1484,402890,17,413344
20345,0.097414,74.125.200.0-255,1484,404374,17,413344
20346,0.09742,172.31.36.0-255,66,404440,17,413344
20347,0.097435,74.125.200.0-255,2902,407342,17,413344
20348,0.097437,172.31.36.0-255,66,407408,17,413344
20349,0.099408,74.125.200.0-255,2902,410310,17,413344
20350,0.099414,172.31.36.0-255,66,410376,17,413344
20351,0.099441,74.125.200.0-255,2902,413278,17,413344
20352,0.099444,172.31.36.0-255,66,413344,17,413344
20353,0.0,74.125.130.0-255,152,152,17,384786
20354,3.2e-05,172.31.36.0-255,66,218,17,384786
20355,4e-05,74.125.130.0-255,1484,1702,17,384786
20356,4.4e-05,172.31.36.0-255,66,1768,17,384786
20357,4.9e-05,74.125.130.0-255,2902,4670,17,384786
20358,6e-05,172.31.36.0-255,66,4736,17,384786
20359,6.3e-05,74.125.130.0-255,1484,6220,17,384786
20360,6.5e-05,172.31.36.0-255,66,6286,17,384786
20361,6.9e-05,74.125.130.0-255,1484,7770,17,384786
20362,7.1e-05,172.31.36.0-255,66,7836,17,384786
20363,9.7e-05,74.125.130.0-255,1484,9320,17,384786
20364,0.0001,172.31.36.0-255,66,9386,17,384786
20365,0.000122,74.125.130.0-255,4802,14188,17,384786
20366,0.000125,172.31.36.0-255,66,14254,17,384786
20367,0.000216,74.125.130.0-255,1484,15738,17,384786
20368,0.00022,172.31.36.0-255,66,15804,17,384786
20369,0.000225,74.125.130.0-255,2902,18706,17,384786
20370,0.000228,172.31.36.0-255,66,18772,17,384786
20371,0.00028,74.125.130.0-255,5738,24510,17,384786
20372,0.000283,74.125.130.0-255,1484,25994,17,384786
20373,0.000287,74.125.130.0-255,2902,28896,17,384786
20374,0.000287,172.31.36.0-255,66,28962,17,384786
20375,0.000291,172.31.36.0-255,66,29028,17,384786
20376,0.000295,172.31.36.0-255,66,29094,17,384786
20377,0.000317,74.125.130.0-255,2543,31637,17,384786
20378,0.000321,172.31.36.0-255,66,31703,17,384786
20379,0.000349,74.125.130.0-255,2902,34605,17,384786
20380,0.000352,172.31.36.0-255,66,34671,17,384786
20381,0.000385,74.125.130.0-255,7156,41827,17,384786
20382,0.000389,172.31.36.0-255,66,41893,17,384786
20383,0.000394,74.125.130.0-255,2902,44795,17,384786
20384,0.000397,172.31.36.0-255,66,44861,17,384786
20385,0.000436,74.125.130.0-255,1484,46345,17,384786
20386,0.000451,74.125.130.0-255,2543,48888,17,384786
20387,0.000455,172.31.36.0-255,66,48954,17,384786
20388,0.001373,74.125.130.0-255,1484,50438,17,384786
20389,0.001382,74.125.130.0-255,1484,51922,17,384786
20390,0.001386,172.31.36.0-255,66,51988,17,384786
20391,0.001397,74.125.130.0-255,1484,53472,17,384786
20392,0.001411,74.125.130.0-255,1484,54956,17,384786
20393,0.001413,172.31.36.0-255,66,55022,17,384786
20394,0.001416,74.125.130.0-255,1484,56506,17,384786
20395,0.001444,74.125.130.0-255,4320,60826,17,384786
20396,0.001447,172.31.36.0-255,66,60892,17,384786
20397,0.00145,74.125.130.0-255,1484,62376,17,384786
20398,0.001454,74.125.130.0-255,2902,65278,17,384786
20399,0.001456,172.31.36.0-255,66,65344,17,384786
20400,0.001478,74.125.130.0-255,1125,66469,17,384786
20401,0.00182,74.125.130.0-255,1484,67953,17,384786
20402,0.001822,172.31.36.0-255,66,68019,17,384786
20403,0.001848,74.125.130.0-255,1484,69503,17,384786
20404,0.001852,74.125.130.0-255,2902,72405,17,384786
20405,0.001854,172.31.36.0-255,66,72471,17,384786
20406,0.001865,74.125.130.0-255,1484,73955,17,384786
20407,0.001881,74.125.130.0-255,4320,78275,17,384786
20408,0.001883,172.31.36.0-255,66,78341,17,384786
20409,0.001888,74.125.130.0-255,2902,81243,17,384786
20410,0.001889,172.31.36.0-255,66,81309,17,384786
20411,0.001906,74.125.130.0-255,2902,84211,17,384786
20412,0.001907,172.31.36.0-255,66,84277,17,384786
20413,0.001925,74.125.130.0-255,1125,85402,17,384786
20414,0.001955,172.31.36.0-255,66,85468,17,384786
20415,0.00196,74.125.130.0-255,4320,89788,17,384786
20416,0.001961,172.31.36.0-255,66,89854,17,384786
20417,0.001995,74.125.130.0-255,2543,92397,17,384786
20418,0.001998,172.31.36.0-255,66,92463,17,384786
20419,0.003984,74.125.130.0-255,2902,95365,17,384786
20420,0.003987,172.31.36.0-255,66,95431,17,384786
20421,0.004025,74.125.130.0-255,2902,98333,17,384786
20422,0.004028,172.31.36.0-255,66,98399,17,384786
20423,0.005997,74.125.130.0-255,2902,101301,17,384786
20424,0.006003,172.31.36.0-255,66,101367,17,384786
20425,0.006032,74.125.130.0-255,2902,104269,17,384786
20426,0.006035,172.31.36.0-255,66,104335,17,384786
20427,0.006247,172.31.36.0-255,101,104436,17,384786
20428,0.00802,74.125.130.0-255,2902,107338,17,384786
20429,0.008027,172.31.36.0-255,66,107404,17,384786
20430,0.008059,74.125.130.0-255,2902,110306,17,384786
20431,0.008063,172.31.36.0-255,66,110372,17,384786
20432,0.00823,74.125.130.0-255,66,110438,17,384786
20433,0.010046,74.125.130.0-255,2902,113340,17,384786
20434,0.010053,172.31.36.0-255,66,113406,17,384786
20435,0.010089,74.125.130.0-255,2902,116308,17,384786
20436,0.010092,172.31.36.0-255,66,116374,17,384786
20437,0.012066,74.125.130.0-255,2902,119276,17,384786
20438,0.012074,172.31.36.0-255,66,119342,17,384786
20439,0.012119,74.125.130.0-255,2902,122244,17,384786
20440,0.012123,172.31.36.0-255,66,122310,17,384786
20441,0.014104,74.125.130.0-255,2902,125212,17,384786
20442,0.014111,172.31.36.0-255,66,125278,17,384786
20443,0.014151,74.125.130.0-255,2902,128180,17,384786
20444,0.014155,172.31.36.0-255,66,128246,17,384786
20445,0.016142,74.125.130.0-255,2902,131148,17,384786
20446,0.016149,172.31.36.0-255,66,131214,17,384786
20447,0.01619,74.125.130.0-255,2902,134116,17,384786
20448,0.016195,172.31.36.0-255,66,134182,17,384786
20449,0.01819,74.125.130.0-255,2902,137084,17,384786
20450,0.018196,172.31.36.0-255,66,137150,17,384786
20451,0.018337,74.125.130.0-255,2902,140052,17,384786
20452,0.018343,172.31.36.0-255,66,140118,17,384786
20453,0.020223,74.125.130.0-255,2902,143020,17,384786
20454,0.02023,172.31.36.0-255,66,143086,17,384786
20455,0.020352,74.125.130.0-255,2902,145988,17,384786
20456,0.020357,172.31.36.0-255,66,146054,17,384786
20457,0.022264,74.125.130.0-255,2902,148956,17,384786
20458,0.022273,172.31.36.0-255,66,149022,17,384786
20459,0.02236,74.125.130.0-255,2902,151924,17,384786
20460,0.022365,172.31.36.0-255,66,151990,17,384786
20461,0.024294,74.125.130.0-255,2902,154892,17,384786
20462,0.0243,172.31.36.0-255,66,154958,17,384786
20463,0.024385,74.125.130.0-255,2902,157860,17,384786
20464,0.024389,172.31.36.0-255,66,157926,17,384786
20465,0.024861,172.31.36.0-255,188,158114,17,384786
20466,0.024891,172.31.36.0-255,961,159075,17,384786
20467,0.024936,172.31.36.0-255,1514,160589,17,384786
20468,0.024937,172.31.36.0-255,1514,162103,17,384786
20469,0.024942,172.31.36.0-255,1514,163617,17,384786
20470,0.024944,172.31.36.0-255,1207,164824,17,384786
20471,0.026327,74.125.130.0-255,2902,167726,17,384786
20472,0.026333,172.31.36.0-255,66,167792,17,384786
20473,0.026398,74.125.130.0-255,2902,170694,17,384786
20474,0.026403,172.31.36.0-255,66,170760,17,384786
20475,0.026429,104.244.42.0-255,66,170826,17,384786
20476,0.026468,104.244.42.0-255,66,170892,17,384786
20477,0.026511,104.244.42.0-255,66,170958,17,384786
20478,0.026517,104.244.42.0-255,66,171024,17,384786
20479,0.028349,74.125.130.0-255,2902,173926,17,384786
20480,0.028355,172.31.36.0-255,66,173992,17,384786
20481,0.028415,74.125.130.0-255,2902,176894,17,384786
20482,0.028419,172.31.36.0-255,66,176960,17,384786
20483,0.030375,74.125.130.0-255,2902,179862,17,384786
20484,0.030381,172.31.36.0-255,66,179928,17,384786
20485,0.030433,74.125.130.0-255,2902,182830,17,384786
20486,0.030438,172.31.36.0-255,66,182896,17,384786
20487,0.032392,74.125.130.0-255,2902,185798,17,384786
20488,0.032397,172.31.36.0-255,66,185864,17,384786
20489,0.032441,74.125.130.0-255,2902,188766,17,384786
20490,0.032445,172.31.36.0-255,66,188832,17,384786
20491,0.034421,74.125.130.0-255,2902,191734,17,384786
20492,0.034426,172.31.36.0-255,66,191800,17,384786
20493,0.034458,74.125.130.0-255,2902,194702,17,384786
20494,0.034461,172.31.36.0-255,66,194768,17,384786
20495,0.03647,74.125.130.0-255,2902,197670,17,384786
20496,0.036475,172.31.36.0-255,66,197736,17,384786
20497,0.036511,74.125.130.0-255,2902,200638,17,384786
20498,0.036514,172.31.36.0-255,66,200704,17,384786
20499,0.03848,74.125.130.0-255,2902,203606,17,384786
20500,0.038485,172.31.36.0-255,66,203672,17,384786
20501,0.038526,74.125.130.0-255,2902,206574,17,384786
20502,0.03853,172.31.36.0-255,66,206640,17,384786
20503,0.040497,74.125.130.0-255,2902,209542,17,384786
20504,0.040515,172.31.36.0-255,66,209608,17,384786
20505,0.040541,74.125.130.0-255,2902,212510,17,384786
20506,0.040546,172.31.36.0-255,66,212576,17,384786
20507,0.042526,74.125.130.0-255,2902,215478,17,384786
20508,0.04253,172.31.36.0-255,66,215544,17,384786
20509,0.042564,74.125.130.0-255,2902,218446,17,384786
20510,0.042566,172.31.36.0-255,66,218512,17,384786
20511,0.044547,74.125.130.0-255,2902,221414,17,384786
20512,0.044552,172.31.36.0-255,66,221480,17,384786
20513,0.044586,74.125.130.0-255,2902,224382,17,384786
20514,0.044589,172.31.36.0-255,66,224448,17,384786
20515,0.046564,74.125.130.0-255,2902,227350,17,384786
20516,0.04657,172.31.36.0-255,66,227416,17,384786
20517,0.0466,74.125.130.0-255,2902,230318,17,384786
20518,0.046603,172.31.36.0-255,66,230384,17,384786
20519,0.048586,74.125.130.0-255,2902,233286,17,384786
20520,0.048592,172.31.36.0-255,66,233352,17,384786
20521,0.048624,74.125.130.0-255,2902,236254,17,384786
20522,0.048628,172.31.36.0-255,66,236320,17,384786
20523,0.050627,74.125.130.0-255,2902,239222,17,384786
20524,0.050634,172.31.36.0-255,66,239288,17,384786
20525,0.050663,74.125.130.0-255,2902,242190,17,384786
20526,0.050666,172.31.36.0-255,66,242256,17,384786
20527,0.05266,74.125.130.0-255,2902,245158,17,384786
20528,0.052666,172.31.36.0-255,66,245224,17,384786
20529,0.0527,74.125.130.0-255,2902,248126,17,384786
20530,0.052703,172.31.36.0-255,66,248192,17,384786
20531,0.054684,74.125.130.0-255,2902,251094,17,384786
20532,0.05469,172.31.36.0-255,66,251160,17,384786
20533,0.054741,74.125.130.0-255,2902,254062,17,384786
20534,0.054745,172.31.36.0-255,66,254128,17,384786
20535,0.056704,74.125.130.0-255,2902,257030,17,384786
20536,0.056709,172.31.36.0-255,66,257096,17,384786
20537,0.056751,74.125.130.0-255,2902,259998,17,384786
20538,0.056755,172.31.36.0-255,66,260064,17,384786
20539,0.058755,74.125.130.0-255,2902,262966,17,384786
20540,0.058762,172.31.36.0-255,66,263032,17,384786
20541,0.058795,74.125.130.0-255,2902,265934,17,384786
20542,0.058799,172.31.36.0-255,66,266000,17,384786
20543,0.060793,74.125.130.0-255,2902,268902,17,384786
20544,0.060798,172.31.36.0-255,66,268968,17,384786
20545,0.060866,74.125.130.0-255,2902,271870,17,384786
20546,0.06087,172.31.36.0-255,66,271936,17,384786
20547,0.062822,74.125.130.0-255,2902,274838,17,384786
20548,0.062829,172.31.36.0-255,66,274904,17,384786
20549,0.06287,74.125.130.0-255,2902,277806,17,384786
20550,0.062873,172.31.36.0-255,66,277872,17,384786
20551,0.064834,74.125.130.0-255,2902,280774,17,384786
20552,0.064839,172.31.36.0-255,66,280840,17,384786
20553,0.064879,74.125.130.0-255,2902,283742,17,384786
20554,0.064885,172.31.36.0-255,66,283808,17,384786
20555,0.066845,74.125.130.0-255,2902,286710,17,384786
20556,0.06685,172.31.36.0-255,66,286776,17,384786
20557,0.066894,74.125.130.0-255,2902,289678,17,384786
20558,0.066897,172.31.36.0-255,66,289744,17,384786
20559,0.06886,74.125.130.0-255,2902,292646,17,384786
20560,0.068866,172.31.36.0-255,66,292712,17,384786
20561,0.068902,74.125.130.0-255,2902,295614,17,384786
20562,0.068905,172.31.36.0-255,66,295680,17,384786
20563,0.070884,74.125.130.0-255,2902,298582,17,384786
20564,0.07089,172.31.36.0-255,66,298648,17,384786
20565,0.07092,74.125.130.0-255,2902,301550,17,384786
20566,0.070923,172.31.36.0-255,66,301616,17,384786
20567,0.072907,74.125.130.0-255,2902,304518,17,384786
20568,0.072913,172.31.36.0-255,66,304584,17,384786
20569,0.07295,74.125.130.0-255,2902,307486,17,384786
20570,0.072954,172.31.36.0-255,66,307552,17,384786
20571,0.074917,74.125.130.0-255,2902,310454,17,384786
20572,0.074922,172.31.36.0-255,66,310520,17,384786
20573,0.074963,74.125.130.0-255,2902,313422,17,384786
20574,0.074967,172.31.36.0-255,66,313488,17,384786
20575,0.076931,74.125.130.0-255,2902,316390,17,384786
20576,0.076936,172.31.36.0-255,66,316456,17,384786
20577,0.076983,74.125.130.0-255,2902,319358,17,384786
20578,0.076989,172.31.36.0-255,66,319424,17,384786
20579,0.078945,74.125.130.0-255,2902,322326,17,384786
20580,0.07895,172.31.36.0-255,66,322392,17,384786
20581,0.078989,74.125.130.0-255,2902,325294,17,384786
20582,0.078992,172.31.36.0-255,66,325360,17,384786
20583,0.080963,74.125.130.0-255,2902,328262,17,384786
20584,0.080969,172.31.36.0-255,66,328328,17,384786
20585,0.081008,74.125.130.0-255,2902,331230,17,384786
20586,0.081012,172.31.36.0-255,66,331296,17,384786
20587,0.082978,74.125.130.0-255,2902,334198,17,384786
20588,0.082983,172.31.36.0-255,66,334264,17,384786
20589,0.083014,74.125.130.0-255,1484,335748,17,384786
20590,0.083032,74.125.130.0-255,1484,337232,17,384786
20591,0.083035,172.31.36.0-255,66,337298,17,384786
20592,0.085005,74.125.130.0-255,2902,340200,17,384786
20593,0.08501,172.31.36.0-255,66,340266,17,384786
20594,0.08506,74.125.130.0-255,2902,343168,17,384786
20595,0.085064,172.31.36.0-255,66,343234,17,384786
20596,0.087036,74.125.130.0-255,2902,346136,17,384786
20597,0.087041,172.31.36.0-255,66,346202,17,384786
20598,0.087077,74.125.130.0-255,2902,349104,17,384786
20599,0.08708,172.31.36.0-255,66,349170,17,384786
20600,0.089064,74.125.130.0-255,2902,352072,17,384786
20601,0.089069,172.31.36.0-255,66,352138,17,384786
20602,0.089104,74.125.130.0-255,2902,355040,17,384786
20603,0.089108,172.31.36.0-255,66,355106,17,384786
20604,0.09109,74.125.130.0-255,2902,358008,17,384786
20605,0.091095,172.31.36.0-255,66,358074,17,384786
20606,0.091127,74.125.130.0-255,2902,360976,17,384786
20607,0.091131,172.31.36.0-255,66,361042,17,384786
20608,0.093106,74.125.130.0-255,2902,363944,17,384786
20609,0.093111,172.31.36.0-255,66,364010,17,384786
20610,0.093144,74.125.130.0-255,2902,366912,17,384786
20611,0.093146,172.31.36.0-255,66,366978,17,384786
20612,0.095128,74.125.130.0-255,2902,369880,17,384786
20613,0.095133,172.31.36.0-255,66,369946,17,384786
20614,0.09517,74.125.130.0-255,2902,372848,17,384786
20615,0.095173,172.31.36.0-255,66,372914,17,384786
20616,0.097149,74.125.130.0-255,2902,375816,17,384786
20617,0.097155,172.31.36.0-255,66,375882,17,384786
20618,0.097176,74.125.130.0-255,2902,378784,17,384786
20619,0.097179,172.31.36.0-255,66,378850,17,384786
20620,0.099171,74.125.130.0-255,2902,381752,17,384786
20621,0.099176,172.31.36.0-255,66,381818,17,384786
20622,0.099201,74.125.130.0-255,2902,384720,17,384786
20623,0.099203,172.31.36.0-255,66,384786,17,384786
20624,0.0,172.217.194.0-255,143,143,17,188134
20625,1.4e-05,172.31.36.0-255,66,209,17,188134
20626,2.2e-05,172.217.194.0-255,1484,1693,17,188134
20627,2.7e-05,172.31.36.0-255,66,1759,17,188134
20628,3.3e-05,172.217.194.0-255,2902,4661,17,188134
20629,4.6e-05,172.31.36.0-255,66,4727,17,188134
20630,5.3e-05,172.217.194.0-255,5738,10465,17,188134
20631,5.8e-05,172.31.36.0-255,66,10531,17,188134
20632,8.9e-05,172.217.194.0-255,3523,14054,17,188134
20633,9.2e-05,172.31.36.0-255,66,14120,17,188134
20634,9.9e-05,172.217.194.0-255,4320,18440,17,188134
20635,0.000101,172.31.36.0-255,66,18506,17,188134
20636,0.000149,172.31.36.0-255,66,18572,17,188134
20637,0.000153,172.217.194.0-255,2543,21115,17,188134
20638,0.000155,172.31.36.0-255,66,21181,17,188134
20639,0.000214,172.217.194.0-255,1484,22665,17,188134
20640,0.000218,172.31.36.0-255,66,22731,17,188134
20641,0.000222,172.217.194.0-255,1484,24215,17,188134
20642,0.000224,172.31.36.0-255,66,24281,17,188134
20643,0.000254,172.217.194.0-255,1484,25765,17,188134
20644,0.000257,172.31.36.0-255,66,25831,17,188134
20645,0.000263,172.217.194.0-255,5738,31569,17,188134
20646,0.000266,172.31.36.0-255,66,31635,17,188134
20647,0.000302,172.217.194.0-255,6797,38432,17,188134
20648,0.000305,172.31.36.0-255,66,38498,17,188134
20649,0.000313,172.217.194.0-255,7156,45654,17,188134
20650,0.000315,172.31.36.0-255,66,45720,17,188134
20651,0.000345,172.217.194.0-255,1484,47204,17,188134
20652,0.000348,172.31.36.0-255,66,47270,17,188134
20653,0.000385,172.31.36.0-255,66,47336,17,188134
20654,0.000388,172.217.194.0-255,434,47770,17,188134
20655,0.000623,172.217.194.0-255,1484,49254,17,188134
20656,0.000629,172.31.36.0-255,66,49320,17,188134
20657,0.000635,172.217.194.0-255,2902,52222,17,188134
20658,0.000638,172.31.36.0-255,66,52288,17,188134
20659,0.000649,172.217.194.0-255,5738,58026,17,188134
20660,0.000652,172.31.36.0-255,66,58092,17,188134
20661,0.00068,172.217.194.0-255,4320,62412,17,188134
20662,0.000683,172.31.36.0-255,66,62478,17,188134
20663,0.000721,172.31.36.0-255,66,62544,17,188134
20664,0.000733,172.31.36.0-255,66,62610,17,188134
20665,0.000784,172.217.194.0-255,1484,64094,17,188134
20666,0.000789,172.217.194.0-255,2902,66996,17,188134
20667,0.000792,172.31.36.0-255,66,67062,17,188134
20668,0.000798,172.217.194.0-255,4320,71382,17,188134
20669,0.0008,172.31.36.0-255,66,71448,17,188134
20670,0.000815,172.217.194.0-255,1484,72932,17,188134
20671,0.000818,172.217.194.0-255,1484,74416,17,188134
20672,0.00082,172.31.36.0-255,66,74482,17,188134
20673,0.000862,172.31.36.0-255,66,74548,17,188134
20674,0.000876,172.31.36.0-255,66,74614,17,188134
20675,0.0009,172.217.194.0-255,2902,77516,17,188134
20676,0.000903,172.31.36.0-255,66,77582,17,188134
20677,0.000906,172.217.194.0-255,1484,79066,17,188134
20678,0.000942,172.217.194.0-255,2902,81968,17,188134
20679,0.000992,172.217.194.0-255,4320,86288,17,188134
20680,0.000999,172.31.36.0-255,66,86354,17,188134
20681,0.001002,172.31.36.0-255,66,86420,17,188134
20682,0.001011,172.31.36.0-255,66,86486,17,188134
20683,0.001021,172.217.194.0-255,5738,92224,17,188134
20684,0.001024,172.31.36.0-255,66,92290,17,188134
20685,0.001035,172.31.36.0-255,66,92356,17,188134
20686,0.001046,172.31.36.0-255,66,92422,17,188134
20687,0.00105,172.217.194.0-255,2902,95324,17,188134
20688,0.001052,172.31.36.0-255,66,95390,17,188134
20689,0.001093,172.217.194.0-255,1484,96874,17,188134
20690,0.001138,172.31.36.0-255,66,96940,17,188134
20691,0.001342,172.217.194.0-255,1484,98424,17,188134
20692,0.001369,172.217.194.0-255,2902,101326,17,188134
20693,0.001373,172.31.36.0-255,66,101392,17,188134
20694,0.001379,172.217.194.0-255,2902,104294,17,188134
20695,0.00138,172.31.36.0-255,66,104360,17,188134
20696,0.001414,172.217.194.0-255,2902,107262,17,188134
20697,0.001417,172.31.36.0-255,66,107328,17,188134
20698,0.001431,172.217.194.0-255,1484,108812,17,188134
20699,0.00146,172.217.194.0-255,4320,113132,17,188134
20700,0.001468,172.31.36.0-255,66,113198,17,188134
20701,0.001493,172.217.194.0-255,5020,118218,17,188134
20702,0.001508,172.217.194.0-255,4320,122538,17,188134
20703,0.001517,172.31.36.0-255,66,122604,17,188134
20704,0.001523,172.217.194.0-255,4320,126924,17,188134
20705,0.001525,172.217.194.0-255,1484,128408,17,188134
20706,0.00153,172.31.36.0-255,66,128474,17,188134
20707,0.0016,172.217.194.0-255,6438,134912,17,188134
20708,0.001609,172.31.36.0-255,66,134978,17,188134
20709,0.001618,172.217.194.0-255,1484,136462,17,188134
20710,0.001627,172.217.194.0-255,2902,139364,17,188134
20711,0.00163,172.217.194.0-255,1484,140848,17,188134
20712,0.001647,172.217.194.0-255,4320,145168,17,188134
20713,0.001684,172.31.36.0-255,66,145234,17,188134
20714,0.001688,172.217.194.0-255,4320,149554,17,188134
20715,0.001706,172.31.36.0-255,66,149620,17,188134
20716,0.001731,172.31.36.0-255,66,149686,17,188134
20717,0.001812,172.217.194.0-255,7156,156842,17,188134
20718,0.001866,172.217.194.0-255,7156,163998,17,188134
20719,0.001899,172.217.194.0-255,4320,168318,17,188134
20720,0.001905,172.31.36.0-255,66,168384,17,188134
20721,0.001915,172.217.194.0-255,4320,172704,17,188134
20722,0.001921,172.31.36.0-255,66,172770,17,188134
20723,0.001937,172.217.194.0-255,4320,177090,17,188134
20724,0.001948,172.217.194.0-255,2902,179992,17,188134
20725,0.001978,172.217.194.0-255,105,180097,17,188134
20726,0.00198,172.217.194.0-255,129,180226,17,188134
20727,0.001999,172.31.36.0-255,66,180292,17,188134
20728,0.011328,172.31.36.0-255,105,180397,17,188134
20729,0.011376,172.31.36.0-255,105,180502,17,188134
20730,0.011632,172.31.36.0-255,90,180592,17,188134
20731,0.011641,172.31.36.0-255,66,180658,17,188134
20732,0.013648,172.217.194.0-255,66,180724,17,188134
20733,0.013704,172.217.194.0-255,66,180790,17,188134
20734,0.013956,172.217.194.0-255,66,180856,17,188134
20735,0.013973,172.217.194.0-255,66,180922,17,188134
20736,0.01398,172.31.36.0-255,66,180988,17,188134
20737,0.033247,172.31.36.0-255,172,181160,17,188134
20738,0.033281,172.31.36.0-255,1117,182277,17,188134
20739,0.033343,172.31.36.0-255,1514,183791,17,188134
20740,0.033345,172.31.36.0-255,1514,185305,17,188134
20741,0.033351,172.31.36.0-255,1514,186819,17,188134
20742,0.033352,172.31.36.0-255,1051,187870,17,188134
20743,0.034819,104.244.42.0-255,66,187936,17,188134
20744,0.034857,104.244.42.0-255,66,188002,17,188134
20745,0.034909,104.244.42.0-255,66,188068,17,188134
20746,0.034923,104.244.42.0-255,66,188134,17,188134
20747,0.0,172.217.24.0-255,153,153,17,339474
20748,3.2e-05,172.31.36.0-255,66,219,17,339474
20749,3.9e-05,172.217.24.0-255,1484,1703,17,339474
20750,4.3e-05,172.31.36.0-255,66,1769,17,339474
20751,4.8e-05,172.217.24.0-255,2902,4671,17,339474
20752,5.1e-05,172.31.36.0-255,66,4737,17,339474
20753,6.5e-05,172.217.24.0-255,4320,9057,17,339474
20754,6.9e-05,172.31.36.0-255,66,9123,17,339474
20755,0.000108,172.217.24.0-255,4836,13959,17,339474
20756,0.000112,172.31.36.0-255,66,14025,17,339474
20757,0.000217,172.217.24.0-255,1484,15509,17,339474
20758,0.000222,172.31.36.0-255,66,15575,17,339474
20759,0.000227,172.217.24.0-255,2902,18477,17,339474
20760,0.000231,172.31.36.0-255,66,18543,17,339474
20761,0.000244,172.217.24.0-255,5738,24281,17,339474
20762,0.000247,172.31.36.0-255,66,24347,17,339474
20763,0.000256,172.217.24.0-255,6797,31144,17,339474
20764,0.000258,172.31.36.0-255,66,31210,17,339474
20765,0.000264,172.217.24.0-255,7156,38366,17,339474
20766,0.000267,172.31.36.0-255,66,38432,17,339474
20767,0.000318,172.31.36.0-255,66,38498,17,339474
20768,0.000337,172.31.36.0-255,66,38564,17,339474
20769,0.00034,172.217.24.0-255,397,38961,17,339474
20770,0.000342,172.31.36.0-255,66,39027,17,339474
20771,0.001262,172.217.24.0-255,113,39140,17,339474
20772,0.001268,172.31.36.0-255,66,39206,17,339474
20773,0.001444,172.217.24.0-255,1484,40690,17,339474
20774,0.00145,172.31.36.0-255,66,40756,17,339474
20775,0.001456,172.217.24.0-255,2902,43658,17,339474
20776,0.001458,172.31.36.0-255,66,43724,17,339474
20777,0.001471,172.217.24.0-255,5738,49462,17,339474
20778,0.001473,172.31.36.0-255,66,49528,17,339474
20779,0.001479,172.217.24.0-255,4320,53848,17,339474
20780,0.001481,172.31.36.0-255,66,53914,17,339474
20781,0.001501,172.31.36.0-255,66,53980,17,339474
20782,0.001519,172.31.36.0-255,66,54046,17,339474
20783,0.001547,172.217.24.0-255,2184,56230,17,339474
20784,0.003441,172.217.24.0-255,2902,59132,17,339474
20785,0.006307,172.31.36.0-255,66,59198,17,339474
20786,0.008243,172.217.24.0-255,5738,64936,17,339474
20787,0.00825,172.31.36.0-255,66,65002,17,339474
20788,0.010174,172.217.24.0-255,5738,70740,17,339474
20789,0.010182,172.31.36.0-255,66,70806,17,339474
20790,0.012111,172.217.24.0-255,5738,76544,17,339474
20791,0.01212,172.31.36.0-255,66,76610,17,339474
20792,0.014059,172.217.24.0-255,5738,82348,17,339474
20793,0.014066,172.31.36.0-255,66,82414,17,339474
20794,0.016006,172.217.24.0-255,5738,88152,17,339474
20795,0.016014,172.31.36.0-255,66,88218,17,339474
20796,0.017938,172.217.24.0-255,5738,93956,17,339474
20797,0.017945,172.31.36.0-255,66,94022,17,339474
20798,0.019876,172.217.24.0-255,5738,99760,17,339474
20799,0.019884,172.31.36.0-255,66,99826,17,339474
20800,0.021844,172.217.24.0-255,5738,105564,17,339474
20801,0.021852,172.31.36.0-255,66,105630,17,339474
20802,0.023789,172.217.24.0-255,4320,109950,17,339474
20803,0.023798,172.31.36.0-255,66,110016,17,339474
20804,0.023832,172.217.24.0-255,1484,111500,17,339474
20805,0.025723,172.217.24.0-255,4320,115820,17,339474
20806,0.025731,172.31.36.0-255,66,115886,17,339474
20807,0.027657,172.217.24.0-255,5738,121624,17,339474
20808,0.027662,172.31.36.0-255,66,121690,17,339474
20809,0.029599,172.217.24.0-255,5738,127428,17,339474
20810,0.029605,172.31.36.0-255,66,127494,17,339474
20811,0.031546,172.217.24.0-255,5738,133232,17,339474
20812,0.031554,172.31.36.0-255,66,133298,17,339474
20813,0.033485,172.217.24.0-255,5738,139036,17,339474
20814,0.033492,172.31.36.0-255,66,139102,17,339474
20815,0.035424,172.217.24.0-255,5738,144840,17,339474
20816,0.035433,172.31.36.0-255,66,144906,17,339474
20817,0.03738,172.217.24.0-255,5738,150644,17,339474
20818,0.037388,172.31.36.0-255,66,150710,17,339474
20819,0.039317,172.217.24.0-255,5738,156448,17,339474
20820,0.039325,172.31.36.0-255,66,156514,17,339474
20821,0.040793,172.31.36.0-255,188,156702,17,339474
20822,0.040836,172.31.36.0-255,961,157663,17,339474
20823,0.04091,172.31.36.0-255,1514,159177,17,339474
20824,0.040913,172.31.36.0-255,1427,160604,17,339474
20825,0.041287,172.217.24.0-255,5738,166342,17,339474
20826,0.041294,172.31.36.0-255,66,166408,17,339474
20827,0.042362,104.244.42.0-255,66,166474,17,339474
20828,0.042408,104.244.42.0-255,66,166540,17,339474
20829,0.04256,104.244.42.0-255,66,166606,17,339474
20830,0.043211,172.217.24.0-255,4320,170926,17,339474
20831,0.043216,172.31.36.0-255,66,170992,17,339474
20832,0.043244,172.217.24.0-255,1484,172476,17,339474
20833,0.045133,172.217.24.0-255,4320,176796,17,339474
20834,0.045136,172.31.36.0-255,66,176862,17,339474
20835,0.047087,172.217.24.0-255,5738,182600,17,339474
20836,0.047093,172.31.36.0-255,66,182666,17,339474
20837,0.049027,172.217.24.0-255,2902,185568,17,339474
20838,0.049037,172.31.36.0-255,66,185634,17,339474
20839,0.049073,172.217.24.0-255,2902,188536,17,339474
20840,0.049077,172.31.36.0-255,66,188602,17,339474
20841,0.050966,172.217.24.0-255,2902,191504,17,339474
20842,0.050973,172.31.36.0-255,66,191570,17,339474
20843,0.051007,172.217.24.0-255,2902,194472,17,339474
20844,0.05101,172.31.36.0-255,66,194538,17,339474
20845,0.052901,172.217.24.0-255,2902,197440,17,339474
20846,0.052909,172.31.36.0-255,66,197506,17,339474
20847,0.052944,172.217.24.0-255,2902,200408,17,339474
20848,0.052948,172.31.36.0-255,66,200474,17,339474
20849,0.054834,172.217.24.0-255,2902,203376,17,339474
20850,0.05484,172.31.36.0-255,66,203442,17,339474
20851,0.054877,172.217.24.0-255,2902,206344,17,339474
20852,0.054881,172.31.36.0-255,66,206410,17,339474
20853,0.056777,172.217.24.0-255,2902,209312,17,339474
20854,0.056785,172.31.36.0-255,66,209378,17,339474
20855,0.056816,172.217.24.0-255,2902,212280,17,339474
20856,0.056819,172.31.36.0-255,66,212346,17,339474
20857,0.058706,172.217.24.0-255,2902,215248,17,339474
20858,0.058712,172.31.36.0-255,66,215314,17,339474
20859,0.058746,172.217.24.0-255,2902,218216,17,339474
20860,0.058749,172.31.36.0-255,66,218282,17,339474
20861,0.060634,172.217.24.0-255,2902,221184,17,339474
20862,0.060641,172.31.36.0-255,66,221250,17,339474
20863,0.060681,172.217.24.0-255,2902,224152,17,339474
20864,0.060685,172.31.36.0-255,66,224218,17,339474
20865,0.062567,172.217.24.0-255,2902,227120,17,339474
20866,0.062575,172.31.36.0-255,66,227186,17,339474
20867,0.062611,172.217.24.0-255,2902,230088,17,339474
20868,0.062615,172.31.36.0-255,66,230154,17,339474
20869,0.064502,172.217.24.0-255,2902,233056,17,339474
20870,0.064509,172.31.36.0-255,66,233122,17,339474
20871,0.064542,172.217.24.0-255,2902,236024,17,339474
20872,0.064545,172.31.36.0-255,66,236090,17,339474
20873,0.066441,172.217.24.0-255,2902,238992,17,339474
20874,0.066452,172.31.36.0-255,66,239058,17,339474
20875,0.066489,172.217.24.0-255,2902,241960,17,339474
20876,0.066492,172.31.36.0-255,66,242026,17,339474
20877,0.068379,172.217.24.0-255,2902,244928,17,339474
20878,0.068387,172.31.36.0-255,66,244994,17,339474
20879,0.068422,172.217.24.0-255,2902,247896,17,339474
20880,0.068425,172.31.36.0-255,66,247962,17,339474
20881,0.070353,172.217.24.0-255,5738,253700,17,339474
20882,0.070364,172.31.36.0-255,66,253766,17,339474
20883,0.072302,172.217.24.0-255,5738,259504,17,339474
20884,0.072309,172.31.36.0-255,66,259570,17,339474
20885,0.074248,172.217.24.0-255,5738,265308,17,339474
20886,0.074259,172.31.36.0-255,66,265374,17,339474
20887,0.076187,172.217.24.0-255,5738,271112,17,339474
20888,0.076196,172.31.36.0-255,66,271178,17,339474
20889,0.078124,172.217.24.0-255,5738,276916,17,339474
20890,0.07813,172.31.36.0-255,66,276982,17,339474
20891,0.080056,172.217.24.0-255,5738,282720,17,339474
20892,0.080063,172.31.36.0-255,66,282786,17,339474
20893,0.081985,172.217.24.0-255,5738,288524,17,339474
20894,0.082009,172.31.36.0-255,66,288590,17,339474
20895,0.083962,172.217.24.0-255,5738,294328,17,339474
20896,0.083969,172.31.36.0-255,66,294394,17,339474
20897,0.085893,172.217.24.0-255,5738,300132,17,339474
20898,0.0859,172.31.36.0-255,66,300198,17,339474
20899,0.087859,172.217.24.0-255,5738,305936,17,339474
20900,0.087868,172.31.36.0-255,66,306002,17,339474
20901,0.08979,172.217.24.0-255,5738,311740,17,339474
20902,0.089797,172.31.36.0-255,66,311806,17,339474
20903,0.091717,172.217.24.0-255,4320,316126,17,339474
20904,0.091722,172.31.36.0-255,66,316192,17,339474
20905,0.091751,172.217.24.0-255,1484,317676,17,339474
20906,0.093654,172.217.24.0-255,4320,321996,17,339474
20907,0.093662,172.31.36.0-255,66,322062,17,339474
20908,0.0956,172.217.24.0-255,5738,327800,17,339474
20909,0.095607,172.31.36.0-255,66,327866,17,339474
20910,0.09754,172.217.24.0-255,5738,333604,17,339474
20911,0.097549,172.31.36.0-255,66,333670,17,339474
20912,0.099482,172.217.24.0-255,5738,339408,17,339474
20913,0.09949,172.31.36.0-255,66,339474,17,339474
20914,0.0,172.253.118.0-255,152,152,17,218577
20915,2.4e-05,172.31.36.0-255,66,218,17,218577
20916,3.1e-05,172.253.118.0-255,1484,1702,17,218577
20917,3.6e-05,172.31.36.0-255,66,1768,17,218577
20918,4.9e-05,172.253.118.0-255,2902,4670,17,218577
20919,5.2e-05,172.31.36.0-255,66,4736,17,218577
20920,6e-05,172.253.118.0-255,7156,11892,17,218577
20921,6.3e-05,172.31.36.0-255,66,11958,17,218577
20922,6.6e-05,172.253.118.0-255,1484,13442,17,218577
20923,7e-05,172.31.36.0-255,66,13508,17,218577
20924,7.4e-05,172.253.118.0-255,683,14191,17,218577
20925,7.7e-05,172.31.36.0-255,66,14257,17,218577
20926,0.0004,172.253.118.0-255,1484,15741,17,218577
20927,0.000406,172.31.36.0-255,66,15807,17,218577
20928,0.000413,172.253.118.0-255,2902,18709,17,218577
20929,0.000416,172.31.36.0-255,66,18775,17,218577
20930,0.000428,172.253.118.0-255,5738,24513,17,218577
20931,0.000431,172.31.36.0-255,66,24579,17,218577
20932,0.000438,172.253.118.0-255,6797,31376,17,218577
20933,0.000441,172.31.36.0-255,66,31442,17,218577
20934,0.000499,172.31.36.0-255,66,31508,17,218577
20935,0.000506,172.253.118.0-255,5738,37246,17,218577
20936,0.000508,172.31.36.0-255,66,37312,17,218577
20937,0.000544,172.31.36.0-255,66,37378,17,218577
20938,0.00055,172.253.118.0-255,3602,40980,17,218577
20939,0.000552,172.31.36.0-255,66,41046,17,218577
20940,0.000555,172.253.118.0-255,429,41475,17,218577
20941,0.000557,172.31.36.0-255,66,41541,17,218577
20942,0.000756,172.253.118.0-255,1484,43025,17,218577
20943,0.000762,172.31.36.0-255,66,43091,17,218577
20944,0.000768,172.253.118.0-255,2902,45993,17,218577
20945,0.000771,172.31.36.0-255,66,46059,17,218577
20946,0.000801,172.253.118.0-255,5738,51797,17,218577
20947,0.000804,172.31.36.0-255,66,51863,17,218577
20948,0.000809,172.253.118.0-255,4320,56183,17,218577
20949,0.000812,172.31.36.0-255,66,56249,17,218577
20950,0.000848,172.31.36.0-255,66,56315,17,218577
20951,0.000855,172.253.118.0-255,7156,63471,17,218577
20952,0.000914,172.253.118.0-255,1484,64955,17,218577
20953,0.000932,172.253.118.0-255,2184,67139,17,218577
20954,0.000934,172.253.118.0-255,344,67483,17,218577
20955,0.000945,172.253.118.0-255,1484,68967,17,218577
20956,0.000965,172.253.118.0-255,4320,73287,17,218577
20957,0.000995,172.31.36.0-255,66,73353,17,218577
20958,0.001003,172.253.118.0-255,1484,74837,17,218577
20959,0.001039,172.253.118.0-255,5020,79857,17,218577
20960,0.001067,172.31.36.0-255,66,79923,17,218577
20961,0.001095,172.253.118.0-255,1484,81407,17,218577
20962,0.001101,172.253.118.0-255,2902,84309,17,218577
20963,0.001103,172.253.118.0-255,1484,85793,17,218577
20964,0.001114,172.31.36.0-255,66,85859,17,218577
20965,0.001131,172.253.118.0-255,4320,90179,17,218577
20966,0.001147,172.253.118.0-255,5738,95917,17,218577
20967,0.001162,172.253.118.0-255,4320,100237,17,218577
20968,0.001171,172.31.36.0-255,66,100303,17,218577
20969,0.001221,172.253.118.0-255,3602,103905,17,218577
20970,0.001228,172.31.36.0-255,66,103971,17,218577
20971,0.001249,172.253.118.0-255,1484,105455,17,218577
20972,0.001254,172.253.118.0-255,2902,108357,17,218577
20973,0.001262,172.31.36.0-255,66,108423,17,218577
20974,0.001275,172.253.118.0-255,5738,114161,17,218577
20975,0.001285,172.253.118.0-255,4320,118481,17,218577
20976,0.001296,172.253.118.0-255,1484,119965,17,218577
20977,0.001306,172.253.118.0-255,1484,121449,17,218577
20978,0.001319,172.31.36.0-255,66,121515,17,218577
20979,0.001374,172.31.36.0-255,66,121581,17,218577
20980,0.001479,172.253.118.0-255,1484,123065,17,218577
20981,0.001484,172.253.118.0-255,2902,125967,17,218577
20982,0.0015,172.253.118.0-255,5738,131705,17,218577
20983,0.001508,172.31.36.0-255,66,131771,17,218577
20984,0.001516,172.253.118.0-255,1484,133255,17,218577
20985,0.001582,172.253.118.0-255,2184,135439,17,218577
20986,0.001586,172.31.36.0-255,66,135505,17,218577
20987,0.001591,172.31.36.0-255,66,135571,17,218577
20988,0.001691,172.253.118.0-255,1484,137055,17,218577
20989,0.001697,172.253.118.0-255,2902,139957,17,218577
20990,0.001714,172.253.118.0-255,5738,145695,17,218577
20991,0.001765,172.253.118.0-255,7156,152851,17,218577
20992,0.00177,172.31.36.0-255,66,152917,17,218577
20993,0.001777,172.31.36.0-255,66,152983,17,218577
20994,0.001837,172.253.118.0-255,5020,158003,17,218577
20995,0.001911,172.253.118.0-255,5020,163023,17,218577
20996,0.001933,172.31.36.0-255,66,163089,17,218577
20997,0.001954,172.253.118.0-255,5738,168827,17,218577
20998,0.00199,172.253.118.0-255,1484,170311,17,218577
20999,0.001994,172.253.118.0-255,2902,173213,17,218577
21000,0.002013,172.31.36.0-255,66,173279,17,218577
21001,0.002018,172.253.118.0-255,2902,176181,17,218577
21002,0.002024,172.253.118.0-255,7156,183337,17,218577
21003,0.002044,172.253.118.0-255,1484,184821,17,218577
21004,0.002049,172.31.36.0-255,66,184887,17,218577
21005,0.002077,172.253.118.0-255,3602,188489,17,218577
21006,0.002106,172.31.36.0-255,66,188555,17,218577
21007,0.002124,172.253.118.0-255,1484,190039,17,218577
21008,0.002138,172.253.118.0-255,2902,192941,17,218577
21009,0.002142,172.253.118.0-255,2902,195843,17,218577
21010,0.002157,172.253.118.0-255,2902,198745,17,218577
21011,0.00216,172.253.118.0-255,1484,200229,17,218577
21012,0.002163,172.31.36.0-255,66,200295,17,218577
21013,0.002168,172.31.36.0-255,66,200361,17,218577
21014,0.002206,172.31.36.0-255,66,200427,17,218577
21015,0.002233,172.31.36.0-255,66,200493,17,218577
21016,0.002265,172.253.118.0-255,5020,205513,17,218577
21017,0.002274,172.253.118.0-255,7156,212669,17,218577
21018,0.002291,172.253.118.0-255,1127,213796,17,218577
21019,0.002295,172.31.36.0-255,66,213862,17,218577
21020,0.002303,172.253.118.0-255,105,213967,17,218577
21021,0.002773,172.31.36.0-255,101,214068,17,218577
21022,0.005054,172.253.118.0-255,66,214134,17,218577
21023,0.012178,172.31.36.0-255,105,214239,17,218577
21024,0.01445,172.253.118.0-255,66,214305,17,218577
21025,0.0434,172.31.36.0-255,172,214477,17,218577
21026,0.043436,172.31.36.0-255,1117,215594,17,218577
21027,0.043497,172.31.36.0-255,1514,217108,17,218577
21028,0.043499,172.31.36.0-255,1271,218379,17,218577
21029,0.044948,104.244.42.0-255,66,218445,17,218577
21030,0.044992,104.244.42.0-255,66,218511,17,218577
21031,0.04504,104.244.42.0-255,66,218577,17,218577
21032,0.0,74.125.130.0-255,152,152,17,402654
21033,2.3e-05,172.31.36.0-255,66,218,17,402654
21034,3.1e-05,74.125.130.0-255,1484,1702,17,402654
21035,3.5e-05,172.31.36.0-255,66,1768,17,402654
21036,4e-05,74.125.130.0-255,2902,4670,17,402654
21037,5.2e-05,172.31.36.0-255,66,4736,17,402654
21038,5.9e-05,74.125.130.0-255,7156,11892,17,402654
21039,6.2e-05,172.31.36.0-255,66,11958,17,402654
21040,6.6e-05,74.125.130.0-255,2046,14004,17,402654
21041,6.8e-05,172.31.36.0-255,66,14070,17,402654
21042,0.000164,74.125.130.0-255,1484,15554,17,402654
21043,0.000167,172.31.36.0-255,66,15620,17,402654
21044,0.000173,74.125.130.0-255,2902,18522,17,402654
21045,0.000175,172.31.36.0-255,66,18588,17,402654
21046,0.000194,74.125.130.0-255,2902,21490,17,402654
21047,0.000196,172.31.36.0-255,66,21556,17,402654
21048,0.000225,74.125.130.0-255,2902,24458,17,402654
21049,0.000228,172.31.36.0-255,66,24524,17,402654
21050,0.000233,74.125.130.0-255,4320,28844,17,402654
21051,0.000236,172.31.36.0-255,66,28910,17,402654
21052,0.000263,74.125.130.0-255,2543,31453,17,402654
21053,0.000266,172.31.36.0-255,66,31519,17,402654
21054,0.000363,74.125.130.0-255,1484,33003,17,402654
21055,0.000366,172.31.36.0-255,66,33069,17,402654
21056,0.000385,74.125.130.0-255,2902,35971,17,402654
21057,0.000388,172.31.36.0-255,66,36037,17,402654
21058,0.000415,74.125.130.0-255,5738,41775,17,402654
21059,0.000418,172.31.36.0-255,66,41841,17,402654
21060,0.000424,74.125.130.0-255,2902,44743,17,402654
21061,0.000426,172.31.36.0-255,66,44809,17,402654
21062,0.000431,74.125.130.0-255,3961,48770,17,402654
21063,0.000433,172.31.36.0-255,66,48836,17,402654
21064,0.00046,74.125.130.0-255,4320,53156,17,402654
21065,0.000462,172.31.36.0-255,66,53222,17,402654
21066,0.000485,74.125.130.0-255,4320,57542,17,402654
21067,0.000487,172.31.36.0-255,66,57608,17,402654
21068,0.000491,74.125.130.0-255,2902,60510,17,402654
21069,0.000493,172.31.36.0-255,66,60576,17,402654
21070,0.000538,74.125.130.0-255,5654,66230,17,402654
21071,0.000541,172.31.36.0-255,66,66296,17,402654
21072,0.000636,74.125.130.0-255,403,66699,17,402654
21073,0.000836,74.125.130.0-255,1484,68183,17,402654
21074,0.000841,172.31.36.0-255,66,68249,17,402654
21075,0.000847,74.125.130.0-255,2902,71151,17,402654
21076,0.00085,172.31.36.0-255,66,71217,17,402654
21077,0.000862,74.125.130.0-255,5738,76955,17,402654
21078,0.000865,172.31.36.0-255,66,77021,17,402654
21079,0.000872,74.125.130.0-255,6797,83818,17,402654
21080,0.000875,172.31.36.0-255,66,83884,17,402654
21081,0.000913,74.125.130.0-255,7156,91040,17,402654
21082,0.000916,172.31.36.0-255,66,91106,17,402654
21083,0.000952,74.125.130.0-255,4320,95426,17,402654
21084,0.000954,172.31.36.0-255,66,95492,17,402654
21085,0.000983,74.125.130.0-255,5379,100871,17,402654
21086,0.000985,172.31.36.0-255,66,100937,17,402654
21087,0.001319,74.125.130.0-255,1484,102421,17,402654
21088,0.001324,74.125.130.0-255,1484,103905,17,402654
21089,0.001329,172.31.36.0-255,66,103971,17,402654
21090,0.00136,74.125.130.0-255,1484,105455,17,402654
21091,0.001389,74.125.130.0-255,4320,109775,17,402654
21092,0.001392,172.31.36.0-255,66,109841,17,402654
21093,0.001427,74.125.130.0-255,1484,111325,17,402654
21094,0.00146,74.125.130.0-255,2902,114227,17,402654
21095,0.001468,172.31.36.0-255,66,114293,17,402654
21096,0.00151,74.125.130.0-255,1484,115777,17,402654
21097,0.001573,74.125.130.0-255,1484,117261,17,402654
21098,0.001576,172.31.36.0-255,66,117327,17,402654
21099,0.001604,74.125.130.0-255,2902,120229,17,402654
21100,0.001607,172.31.36.0-255,66,120295,17,402654
21101,0.001709,74.125.130.0-255,1484,121779,17,402654
21102,0.001794,74.125.130.0-255,1484,123263,17,402654
21103,0.001798,172.31.36.0-255,66,123329,17,402654
21104,0.001802,74.125.130.0-255,1484,124813,17,402654
21105,0.001821,74.125.130.0-255,1484,126297,17,402654
21106,0.001823,172.31.36.0-255,66,126363,17,402654
21107,0.001827,74.125.130.0-255,1484,127847,17,402654
21108,0.00185,74.125.130.0-255,2902,130749,17,402654
21109,0.001853,172.31.36.0-255,66,130815,17,402654
21110,0.001882,74.125.130.0-255,5020,135835,17,402654
21111,0.001884,172.31.36.0-255,66,135901,17,402654
21112,0.003999,74.125.130.0-255,5738,141639,17,402654
21113,0.004006,172.31.36.0-255,66,141705,17,402654
21114,0.006133,74.125.130.0-255,2902,144607,17,402654
21115,0.006139,172.31.36.0-255,66,144673,17,402654
21116,0.006158,74.125.130.0-255,2902,147575,17,402654
21117,0.00616,172.31.36.0-255,66,147641,17,402654
21118,0.008254,74.125.130.0-255,2902,150543,17,402654
21119,0.00826,172.31.36.0-255,66,150609,17,402654
21120,0.008287,74.125.130.0-255,2902,153511,17,402654
21121,0.00829,172.31.36.0-255,66,153577,17,402654
21122,0.008378,172.31.36.0-255,101,153678,17,402654
21123,0.010375,74.125.130.0-255,2902,156580,17,402654
21124,0.010382,172.31.36.0-255,66,156646,17,402654
21125,0.010418,74.125.130.0-255,2902,159548,17,402654
21126,0.01042,172.31.36.0-255,66,159614,17,402654
21127,0.010452,74.125.130.0-255,66,159680,17,402654
21128,0.012509,74.125.130.0-255,2902,162582,17,402654
21129,0.012516,172.31.36.0-255,66,162648,17,402654
21130,0.012544,74.125.130.0-255,2902,165550,17,402654
21131,0.012546,172.31.36.0-255,66,165616,17,402654
21132,0.014645,74.125.130.0-255,2902,168518,17,402654
21133,0.014653,172.31.36.0-255,66,168584,17,402654
21134,0.014684,74.125.130.0-255,2902,171486,17,402654
21135,0.014686,172.31.36.0-255,66,171552,17,402654
21136,0.016779,74.125.130.0-255,2902,174454,17,402654
21137,0.016793,172.31.36.0-255,66,174520,17,402654
21138,0.016824,74.125.130.0-255,2902,177422,17,402654
21139,0.016827,172.31.36.0-255,66,177488,17,402654
21140,0.01894,74.125.130.0-255,5738,183226,17,402654
21141,0.018955,172.31.36.0-255,66,183292,17,402654
21142,0.02111,74.125.130.0-255,5738,189030,17,402654
21143,0.021127,172.31.36.0-255,66,189096,17,402654
21144,0.023271,74.125.130.0-255,5738,194834,17,402654
21145,0.023284,172.31.36.0-255,66,194900,17,402654
21146,0.025442,74.125.130.0-255,5738,200638,17,402654
21147,0.025457,172.31.36.0-255,66,200704,17,402654
21148,0.027596,74.125.130.0-255,5738,206442,17,402654
21149,0.027604,172.31.36.0-255,66,206508,17,402654
21150,0.029728,74.125.130.0-255,5738,212246,17,402654
21151,0.029736,172.31.36.0-255,66,212312,17,402654
21152,0.031871,74.125.130.0-255,5738,218050,17,402654
21153,0.031878,172.31.36.0-255,66,218116,17,402654
21154,0.034007,74.125.130.0-255,5738,223854,17,402654
21155,0.034016,172.31.36.0-255,66,223920,17,402654
21156,0.036153,74.125.130.0-255,5738,229658,17,402654
21157,0.036161,172.31.36.0-255,66,229724,17,402654
21158,0.038276,74.125.130.0-255,5738,235462,17,402654
21159,0.038283,172.31.36.0-255,66,235528,17,402654
21160,0.040401,74.125.130.0-255,5738,241266,17,402654
21161,0.040409,172.31.36.0-255,66,241332,17,402654
21162,0.04234,172.31.36.0-255,172,241504,17,402654
21163,0.042373,172.31.36.0-255,1117,242621,17,402654
21164,0.042435,172.31.36.0-255,1514,244135,17,402654
21165,0.042437,172.31.36.0-255,1514,245649,17,402654
21166,0.042438,172.31.36.0-255,1514,247163,17,402654
21167,0.042439,172.31.36.0-255,1049,248212,17,402654
21168,0.042531,74.125.130.0-255,4320,252532,17,402654
21169,0.042536,172.31.36.0-255,66,252598,17,402654
21170,0.042565,74.125.130.0-255,1484,254082,17,402654
21171,0.043878,104.244.42.0-255,66,254148,17,402654
21172,0.043906,104.244.42.0-255,66,254214,17,402654
21173,0.043995,104.244.42.0-255,66,254280,17,402654
21174,0.043999,104.244.42.0-255,66,254346,17,402654
21175,0.044664,74.125.130.0-255,4320,258666,17,402654
21176,0.044675,172.31.36.0-255,66,258732,17,402654
21177,0.044996,104.244.42.0-255,108,258840,17,402654
21178,0.045004,172.31.36.0-255,66,258906,17,402654
21179,0.04682,74.125.130.0-255,5738,264644,17,402654
21180,0.046832,172.31.36.0-255,66,264710,17,402654
21181,0.048982,74.125.130.0-255,5738,270448,17,402654
21182,0.048997,172.31.36.0-255,66,270514,17,402654
21183,0.051119,74.125.130.0-255,5738,276252,17,402654
21184,0.051128,172.31.36.0-255,66,276318,17,402654
21185,0.05333,74.125.130.0-255,5738,282056,17,402654
21186,0.053347,172.31.36.0-255,66,282122,17,402654
21187,0.055482,74.125.130.0-255,5738,287860,17,402654
21188,0.05549,172.31.36.0-255,66,287926,17,402654
21189,0.057634,74.125.130.0-255,5738,293664,17,402654
21190,0.057641,172.31.36.0-255,66,293730,17,402654
21191,0.059773,74.125.130.0-255,5738,299468,17,402654
21192,0.05978,172.31.36.0-255,66,299534,17,402654
21193,0.061914,74.125.130.0-255,5738,305272,17,402654
21194,0.061919,172.31.36.0-255,66,305338,17,402654
21195,0.064047,74.125.130.0-255,5738,311076,17,402654
21196,0.064054,172.31.36.0-255,66,311142,17,402654
21197,0.066175,74.125.130.0-255,5738,316880,17,402654
21198,0.06618,172.31.36.0-255,66,316946,17,402654
21199,0.068319,74.125.130.0-255,5738,322684,17,402654
21200,0.068328,172.31.36.0-255,66,322750,17,402654
21201,0.070456,74.125.130.0-255,5738,328488,17,402654
21202,0.070463,172.31.36.0-255,66,328554,17,402654
21203,0.072583,74.125.130.0-255,4320,332874,17,402654
21204,0.072589,172.31.36.0-255,66,332940,17,402654
21205,0.072606,74.125.130.0-255,1484,334424,17,402654
21206,0.074726,74.125.130.0-255,4320,338744,17,402654
21207,0.074733,172.31.36.0-255,66,338810,17,402654
21208,0.07687,74.125.130.0-255,5738,344548,17,402654
21209,0.076876,172.31.36.0-255,66,344614,17,402654
21210,0.078997,74.125.130.0-255,5738,350352,17,402654
21211,0.079005,172.31.36.0-255,66,350418,17,402654
21212,0.081125,74.125.130.0-255,5738,356156,17,402654
21213,0.081131,172.31.36.0-255,66,356222,17,402654
21214,0.083258,74.125.130.0-255,5738,361960,17,402654
21215,0.083265,172.31.36.0-255,66,362026,17,402654
21216,0.085398,74.125.130.0-255,5738,367764,17,402654
21217,0.085404,172.31.36.0-255,66,367830,17,402654
21218,0.087539,74.125.130.0-255,5738,373568,17,402654
21219,0.087545,172.31.36.0-255,66,373634,17,402654
21220,0.089676,74.125.130.0-255,5738,379372,17,402654
21221,0.089681,172.31.36.0-255,66,379438,17,402654
21222,0.09183,74.125.130.0-255,5738,385176,17,402654
21223,0.091836,172.31.36.0-255,66,385242,17,402654
21224,0.09396,74.125.130.0-255,5738,390980,17,402654
21225,0.093967,172.31.36.0-255,66,391046,17,402654
21226,0.096086,74.125.130.0-255,5738,396784,17,402654
21227,0.096093,172.31.36.0-255,66,396850,17,402654
21228,0.098213,74.125.130.0-255,5738,402588,17,402654
21229,0.09822,172.31.36.0-255,66,402654,17,402654
21230,0.0,172.217.194.0-255,146,146,17,209459
21231,2.7e-05,172.31.36.0-255,66,212,17,209459
21232,3.4e-05,172.217.194.0-255,1484,1696,17,209459
21233,3.8e-05,172.31.36.0-255,66,1762,17,209459
21234,4.3e-05,172.217.194.0-255,2902,4664,17,209459
21235,4.6e-05,172.31.36.0-255,66,4730,17,209459
21236,5.4e-05,172.217.194.0-255,7156,11886,17,209459
21237,5.6e-05,172.31.36.0-255,66,11952,17,209459
21238,6.3e-05,172.217.194.0-255,6299,18251,17,209459
21239,6.5e-05,172.31.36.0-255,66,18317,17,209459
21240,7.2e-05,172.217.194.0-255,7156,25473,17,209459
21241,7.5e-05,172.31.36.0-255,66,25539,17,209459
21242,8.1e-05,172.217.194.0-255,5379,30918,17,209459
21243,8.4e-05,172.31.36.0-255,66,30984,17,209459
21244,0.000149,172.217.194.0-255,5738,36722,17,209459
21245,0.000153,172.31.36.0-255,66,36788,17,209459
21246,0.000168,172.31.36.0-255,66,36854,17,209459
21247,0.00018,172.31.36.0-255,66,36920,17,209459
21248,0.000201,172.217.194.0-255,2902,39822,17,209459
21249,0.000204,172.31.36.0-255,66,39888,17,209459
21250,0.000207,172.217.194.0-255,2462,42350,17,209459
21251,0.00021,172.31.36.0-255,66,42416,17,209459
21252,0.000339,172.217.194.0-255,115,42531,17,209459
21253,0.000344,172.31.36.0-255,66,42597,17,209459
21254,0.000369,172.217.194.0-255,381,42978,17,209459
21255,0.000372,172.31.36.0-255,66,43044,17,209459
21256,0.000646,172.217.194.0-255,1484,44528,17,209459
21257,0.000651,172.31.36.0-255,66,44594,17,209459
21258,0.000657,172.217.194.0-255,2902,47496,17,209459
21259,0.000659,172.31.36.0-255,66,47562,17,209459
21260,0.000662,172.217.194.0-255,1484,49046,17,209459
21261,0.000691,172.217.194.0-255,2902,51948,17,209459
21262,0.000698,172.31.36.0-255,66,52014,17,209459
21263,0.000702,172.31.36.0-255,66,52080,17,209459
21264,0.000717,172.217.194.0-255,2902,54982,17,209459
21265,0.000721,172.31.36.0-255,66,55048,17,209459
21266,0.000752,172.31.36.0-255,66,55114,17,209459
21267,0.00095,172.217.194.0-255,1484,56598,17,209459
21268,0.000956,172.217.194.0-255,2902,59500,17,209459
21269,0.000959,172.31.36.0-255,66,59566,17,209459
21270,0.000965,172.217.194.0-255,5738,65304,17,209459
21271,0.000967,172.31.36.0-255,66,65370,17,209459
21272,0.00098,172.217.194.0-255,1484,66854,17,209459
21273,0.000989,172.31.36.0-255,66,66920,17,209459
21274,0.001024,172.31.36.0-255,66,66986,17,209459
21275,0.00103,172.217.194.0-255,1484,68470,17,209459
21276,0.001034,172.217.194.0-255,2902,71372,17,209459
21277,0.001038,172.31.36.0-255,66,71438,17,209459
21278,0.001048,172.217.194.0-255,4320,75758,17,209459
21279,0.001055,172.31.36.0-255,66,75824,17,209459
21280,0.00106,172.217.194.0-255,1484,77308,17,209459
21281,0.001075,172.217.194.0-255,2902,80210,17,209459
21282,0.00108,172.31.36.0-255,66,80276,17,209459
21283,0.001108,172.217.194.0-255,1484,81760,17,209459
21284,0.001109,172.31.36.0-255,66,81826,17,209459
21285,0.001143,172.31.36.0-255,66,81892,17,209459
21286,0.001211,172.217.194.0-255,1484,83376,17,209459
21287,0.001215,172.217.194.0-255,1484,84860,17,209459
21288,0.001218,172.31.36.0-255,66,84926,17,209459
21289,0.001225,172.217.194.0-255,1484,86410,17,209459
21290,0.001229,172.217.194.0-255,2902,89312,17,209459
21291,0.001233,172.31.36.0-255,66,89378,17,209459
21292,0.001242,172.217.194.0-255,2902,92280,17,209459
21293,0.001245,172.217.194.0-255,1484,93764,17,209459
21294,0.001246,172.31.36.0-255,66,93830,17,209459
21295,0.00126,172.217.194.0-255,5738,99568,17,209459
21296,0.001264,172.31.36.0-255,66,99634,17,209459
21297,0.001277,172.217.194.0-255,5738,105372,17,209459
21298,0.001283,172.217.194.0-255,4320,109692,17,209459
21299,0.001283,172.31.36.0-255,66,109758,17,209459
21300,0.001287,172.31.36.0-255,66,109824,17,209459
21301,0.001313,172.217.194.0-255,6438,116262,17,209459
21302,0.001322,172.31.36.0-255,66,116328,17,209459
21303,0.001342,172.217.194.0-255,5738,122066,17,209459
21304,0.001348,172.31.36.0-255,66,122132,17,209459
21305,0.001383,172.31.36.0-255,66,122198,17,209459
21306,0.001426,172.31.36.0-255,66,122264,17,209459
21307,0.001469,172.217.194.0-255,766,123030,17,209459
21308,0.001469,172.31.36.0-255,66,123096,17,209459
21309,0.001475,172.31.36.0-255,66,123162,17,209459
21310,0.001593,172.217.194.0-255,1484,124646,17,209459
21311,0.001599,172.217.194.0-255,2902,127548,17,209459
21312,0.001609,172.31.36.0-255,66,127614,17,209459
21313,0.001615,172.217.194.0-255,2902,130516,17,209459
21314,0.001617,172.31.36.0-255,66,130582,17,209459
21315,0.001631,172.217.194.0-255,2902,133484,17,209459
21316,0.001634,172.217.194.0-255,1484,134968,17,209459
21317,0.001639,172.31.36.0-255,66,135034,17,209459
21318,0.00169,172.31.36.0-255,66,135100,17,209459
21319,0.001702,172.31.36.0-255,66,135166,17,209459
21320,0.001706,172.31.36.0-255,66,135232,17,209459
21321,0.001725,172.217.194.0-255,4320,139552,17,209459
21322,0.001735,172.31.36.0-255,66,139618,17,209459
21323,0.001761,172.217.194.0-255,5738,145356,17,209459
21324,0.00177,172.31.36.0-255,66,145422,17,209459
21325,0.00178,172.217.194.0-255,3602,149024,17,209459
21326,0.001783,172.31.36.0-255,66,149090,17,209459
21327,0.001794,172.217.194.0-255,4320,153410,17,209459
21328,0.001798,172.31.36.0-255,66,153476,17,209459
21329,0.00181,172.217.194.0-255,5738,159214,17,209459
21330,0.001815,172.217.194.0-255,2902,162116,17,209459
21331,0.001815,172.31.36.0-255,66,162182,17,209459
21332,0.00182,172.31.36.0-255,66,162248,17,209459
21333,0.001857,172.31.36.0-255,66,162314,17,209459
21334,0.001858,172.217.194.0-255,7156,169470,17,209459
21335,0.00186,172.31.36.0-255,66,169536,17,209459
21336,0.00188,172.217.194.0-255,5020,174556,17,209459
21337,0.001895,172.217.194.0-255,4320,178876,17,209459
21338,0.001896,172.31.36.0-255,66,178942,17,209459
21339,0.001901,172.31.36.0-255,66,179008,17,209459
21340,0.001914,172.217.194.0-255,5738,184746,17,209459
21341,0.00192,172.31.36.0-255,66,184812,17,209459
21342,0.001929,172.217.194.0-255,2902,187714,17,209459
21343,0.001933,172.31.36.0-255,66,187780,17,209459
21344,0.001959,172.31.36.0-255,66,187846,17,209459
21345,0.001972,172.217.194.0-255,7156,195002,17,209459
21346,0.001985,172.31.36.0-255,66,195068,17,209459
21347,0.001988,172.217.194.0-255,5020,200088,17,209459
21348,0.001999,172.31.36.0-255,66,200154,17,209459
21349,0.002023,172.31.36.0-255,66,200220,17,209459
21350,0.002025,172.217.194.0-255,2902,203122,17,209459
21351,0.002028,172.31.36.0-255,66,203188,17,209459
21352,0.002042,172.217.194.0-255,1484,204672,17,209459
21353,0.002135,172.217.194.0-255,105,204777,17,209459
21354,0.006896,172.31.36.0-255,66,204843,17,209459
21355,0.008654,172.31.36.0-255,105,204948,17,209459
21356,0.01085,172.217.194.0-255,66,205014,17,209459
21357,0.030261,172.31.36.0-255,171,205185,17,209459
21358,0.030295,172.31.36.0-255,1140,206325,17,209459
21359,0.030336,172.31.36.0-255,1514,207839,17,209459
21360,0.030338,172.31.36.0-255,1248,209087,17,209459
21361,0.031799,104.244.42.0-255,66,209153,17,209459
21362,0.031853,104.244.42.0-255,66,209219,17,209459
21363,0.031909,104.244.42.0-255,66,209285,17,209459
21364,0.032598,104.244.42.0-255,108,209393,17,209459
21365,0.032603,172.31.36.0-255,66,209459,17,209459
21366,0.0,172.217.194.0-255,66,66,17,66
21367,0.0,74.125.200.0-255,145,145,17,373026
21368,2.4e-05,172.31.36.0-255,66,211,17,373026
21369,3.1e-05,74.125.200.0-255,1484,1695,17,373026
21370,3.6e-05,172.31.36.0-255,66,1761,17,373026
21371,3.9e-05,74.125.200.0-255,1484,3245,17,373026
21372,4.2e-05,172.31.36.0-255,66,3311,17,373026
21373,5.8e-05,74.125.200.0-255,2902,6213,17,373026
21374,6.1e-05,172.31.36.0-255,66,6279,17,373026
21375,6.8e-05,74.125.200.0-255,5738,12017,17,373026
21376,7e-05,172.31.36.0-255,66,12083,17,373026
21377,8.2e-05,172.31.36.0-255,66,12149,17,373026
21378,0.000126,172.31.36.0-255,66,12215,17,373026
21379,0.000131,74.125.200.0-255,2543,14758,17,373026
21380,0.000133,172.31.36.0-255,66,14824,17,373026
21381,0.000188,74.125.200.0-255,1484,16308,17,373026
21382,0.00019,172.31.36.0-255,66,16374,17,373026
21383,0.000217,74.125.200.0-255,2902,19276,17,373026
21384,0.00022,172.31.36.0-255,66,19342,17,373026
21385,0.000226,74.125.200.0-255,4320,23662,17,373026
21386,0.000228,172.31.36.0-255,66,23728,17,373026
21387,0.000264,74.125.200.0-255,5738,29466,17,373026
21388,0.000272,172.31.36.0-255,66,29532,17,373026
21389,0.000298,74.125.200.0-255,5738,35270,17,373026
21390,0.0003,172.31.36.0-255,66,35336,17,373026
21391,0.000334,74.125.200.0-255,6797,42133,17,373026
21392,0.000337,172.31.36.0-255,66,42199,17,373026
21393,0.000395,74.125.200.0-255,5738,47937,17,373026
21394,0.000397,172.31.36.0-255,66,48003,17,373026
21395,0.00041,74.125.200.0-255,1463,49466,17,373026
21396,0.000417,172.31.36.0-255,66,49532,17,373026
21397,0.00042,74.125.200.0-255,349,49881,17,373026
21398,0.000686,74.125.200.0-255,1484,51365,17,373026
21399,0.000692,172.31.36.0-255,66,51431,17,373026
21400,0.000698,74.125.200.0-255,2902,54333,17,373026
21401,0.000701,172.31.36.0-255,66,54399,17,373026
21402,0.000727,74.125.200.0-255,5738,60137,17,373026
21403,0.000733,172.31.36.0-255,66,60203,17,373026
21404,0.000738,74.125.200.0-255,2902,63105,17,373026
21405,0.00074,172.31.36.0-255,66,63171,17,373026
21406,0.000746,74.125.200.0-255,4320,67491,17,373026
21407,0.000749,172.31.36.0-255,66,67557,17,373026
21408,0.000792,172.31.36.0-255,66,67623,17,373026
21409,0.000798,74.125.200.0-255,5738,73361,17,373026
21410,0.000801,172.31.36.0-255,66,73427,17,373026
21411,0.000838,74.125.200.0-255,1634,75061,17,373026
21412,0.000843,172.31.36.0-255,66,75127,17,373026
21413,0.001132,74.125.200.0-255,1484,76611,17,373026
21414,0.001139,74.125.200.0-255,2902,79513,17,373026
21415,0.001143,172.31.36.0-255,66,79579,17,373026
21416,0.001179,74.125.200.0-255,5738,85317,17,373026
21417,0.001182,172.31.36.0-255,66,85383,17,373026
21418,0.001193,172.31.36.0-255,66,85449,17,373026
21419,0.0012,74.125.200.0-255,5738,91187,17,373026
21420,0.001208,172.31.36.0-255,66,91253,17,373026
21421,0.001236,74.125.200.0-255,4320,95573,17,373026
21422,0.001238,172.31.36.0-255,66,95639,17,373026
21423,0.001244,74.125.200.0-255,5020,100659,17,373026
21424,0.001247,172.31.36.0-255,66,100725,17,373026
21425,0.002019,74.125.200.0-255,1484,102209,17,373026
21426,0.002028,74.125.200.0-255,2902,105111,17,373026
21427,0.002032,172.31.36.0-255,66,105177,17,373026
21428,0.00204,74.125.200.0-255,5738,110915,17,373026
21429,0.002043,172.31.36.0-255,66,110981,17,373026
21430,0.002049,74.125.200.0-255,4320,115301,17,373026
21431,0.002051,172.31.36.0-255,66,115367,17,373026
21432,0.002063,74.125.200.0-255,5738,121105,17,373026
21433,0.002065,172.31.36.0-255,66,121171,17,373026
21434,0.002102,172.31.36.0-255,66,121237,17,373026
21435,0.002141,74.125.200.0-255,3602,124839,17,373026
21436,0.002144,172.31.36.0-255,66,124905,17,373026
21437,0.004395,74.125.200.0-255,1484,126389,17,373026
21438,0.004434,74.125.200.0-255,4320,130709,17,373026
21439,0.004438,172.31.36.0-255,66,130775,17,373026
21440,0.006739,74.125.200.0-255,5738,136513,17,373026
21441,0.006743,172.31.36.0-255,66,136579,17,373026
21442,0.009052,74.125.200.0-255,5738,142317,17,373026
21443,0.009059,172.31.36.0-255,66,142383,17,373026
21444,0.011383,74.125.200.0-255,5738,148121,17,373026
21445,0.011389,172.31.36.0-255,66,148187,17,373026
21446,0.013709,74.125.200.0-255,5738,153925,17,373026
21447,0.013716,172.31.36.0-255,66,153991,17,373026
21448,0.016033,74.125.200.0-255,5738,159729,17,373026
21449,0.016042,172.31.36.0-255,66,159795,17,373026
21450,0.018368,74.125.200.0-255,5738,165533,17,373026
21451,0.018377,172.31.36.0-255,66,165599,17,373026
21452,0.020692,74.125.200.0-255,5738,171337,17,373026
21453,0.020699,172.31.36.0-255,66,171403,17,373026
21454,0.023019,74.125.200.0-255,5738,177141,17,373026
21455,0.023027,172.31.36.0-255,66,177207,17,373026
21456,0.025342,74.125.200.0-255,5738,182945,17,373026
21457,0.02535,172.31.36.0-255,66,183011,17,373026
21458,0.027666,74.125.200.0-255,5738,188749,17,373026
21459,0.027677,172.31.36.0-255,66,188815,17,373026
21460,0.027859,172.31.36.0-255,187,189002,17,373026
21461,0.027889,172.31.36.0-255,985,189987,17,373026
21462,0.028014,172.31.36.0-255,1514,191501,17,373026
21463,0.028016,172.31.36.0-255,1403,192904,17,373026
21464,0.029439,104.244.42.0-255,66,192970,17,373026
21465,0.029474,104.244.42.0-255,66,193036,17,373026
21466,0.029584,104.244.42.0-255,66,193102,17,373026
21467,0.029996,74.125.200.0-255,5738,198840,17,373026
21468,0.030001,172.31.36.0-255,66,198906,17,373026
21469,0.032357,74.125.200.0-255,5738,204644,17,373026
21470,0.032365,172.31.36.0-255,66,204710,17,373026
21471,0.0347,74.125.200.0-255,5738,210448,17,373026
21472,0.034706,172.31.36.0-255,66,210514,17,373026
21473,0.037019,74.125.200.0-255,5738,216252,17,373026
21474,0.037025,172.31.36.0-255,66,216318,17,373026
21475,0.039338,74.125.200.0-255,5738,222056,17,373026
21476,0.039359,172.31.36.0-255,66,222122,17,373026
21477,0.041718,74.125.200.0-255,5738,227860,17,373026
21478,0.041725,172.31.36.0-255,66,227926,17,373026
21479,0.044042,74.125.200.0-255,5738,233664,17,373026
21480,0.044049,172.31.36.0-255,66,233730,17,373026
21481,0.046372,74.125.200.0-255,5738,239468,17,373026
21482,0.046381,172.31.36.0-255,66,239534,17,373026
21483,0.048691,74.125.200.0-255,5738,245272,17,373026
21484,0.048698,172.31.36.0-255,66,245338,17,373026
21485,0.051017,74.125.200.0-255,5738,251076,17,373026
21486,0.051024,172.31.36.0-255,66,251142,17,373026
21487,0.053341,74.125.200.0-255,5738,256880,17,373026
21488,0.053347,172.31.36.0-255,66,256946,17,373026
21489,0.055676,74.125.200.0-255,5738,262684,17,373026
21490,0.055682,172.31.36.0-255,66,262750,17,373026
21491,0.057994,74.125.200.0-255,5738,268488,17,373026
21492,0.057999,172.31.36.0-255,66,268554,17,373026
21493,0.060303,74.125.200.0-255,5738,274292,17,373026
21494,0.06031,172.31.36.0-255,66,274358,17,373026
21495,0.062637,74.125.200.0-255,5738,280096,17,373026
21496,0.062644,172.31.36.0-255,66,280162,17,373026
21497,0.064948,74.125.200.0-255,5738,285900,17,373026
21498,0.064955,172.31.36.0-255,66,285966,17,373026
21499,0.067281,74.125.200.0-255,5738,291704,17,373026
21500,0.067289,172.31.36.0-255,66,291770,17,373026
21501,0.069599,74.125.200.0-255,5738,297508,17,373026
21502,0.069606,172.31.36.0-255,66,297574,17,373026
21503,0.071941,74.125.200.0-255,5738,303312,17,373026
21504,0.071948,172.31.36.0-255,66,303378,17,373026
21505,0.074269,74.125.200.0-255,5738,309116,17,373026
21506,0.074276,172.31.36.0-255,66,309182,17,373026
21507,0.076599,74.125.200.0-255,5738,314920,17,373026
21508,0.076605,172.31.36.0-255,66,314986,17,373026
21509,0.078942,74.125.200.0-255,5738,320724,17,373026
21510,0.078948,172.31.36.0-255,66,320790,17,373026
21511,0.081251,74.125.200.0-255,5738,326528,17,373026
21512,0.081258,172.31.36.0-255,66,326594,17,373026
21513,0.08358,74.125.200.0-255,5738,332332,17,373026
21514,0.083587,172.31.36.0-255,66,332398,17,373026
21515,0.085909,74.125.200.0-255,5738,338136,17,373026
21516,0.085916,172.31.36.0-255,66,338202,17,373026
21517,0.088237,74.125.200.0-255,5738,343940,17,373026
21518,0.088243,172.31.36.0-255,66,344006,17,373026
21519,0.090561,74.125.200.0-255,5738,349744,17,373026
21520,0.090567,172.31.36.0-255,66,349810,17,373026
21521,0.092889,74.125.200.0-255,5738,355548,17,373026
21522,0.092895,172.31.36.0-255,66,355614,17,373026
21523,0.095228,74.125.200.0-255,5738,361352,17,373026
21524,0.095235,172.31.36.0-255,66,361418,17,373026
21525,0.097572,74.125.200.0-255,5738,367156,17,373026
21526,0.097579,172.31.36.0-255,66,367222,17,373026
21527,0.099903,74.125.200.0-255,5738,372960,17,373026
21528,0.09991,172.31.36.0-255,66,373026,17,373026
21529,0.0,172.217.194.0-255,153,153,17,307831
21530,3.2e-05,172.31.36.0-255,66,219,17,307831
21531,3.9e-05,172.217.194.0-255,1484,1703,17,307831
21532,4.4e-05,172.31.36.0-255,66,1769,17,307831
21533,5e-05,172.217.194.0-255,2902,4671,17,307831
21534,5.3e-05,172.31.36.0-255,66,4737,17,307831
21535,6e-05,172.217.194.0-255,7156,11893,17,307831
21536,6.3e-05,172.31.36.0-255,66,11959,17,307831
21537,6.8e-05,172.217.194.0-255,4320,16279,17,307831
21538,7.1e-05,172.31.36.0-255,66,16345,17,307831
21539,0.0001,172.31.36.0-255,66,16411,17,307831
21540,0.00012,172.217.194.0-255,2543,18954,17,307831
21541,0.000124,172.31.36.0-255,66,19020,17,307831
21542,0.000147,172.217.194.0-255,2902,21922,17,307831
21543,0.00015,172.31.36.0-255,66,21988,17,307831
21544,0.000177,172.217.194.0-255,7156,29144,17,307831
21545,0.00018,172.31.36.0-255,66,29210,17,307831
21546,0.00023,172.217.194.0-255,6797,36007,17,307831
21547,0.000233,172.31.36.0-255,66,36073,17,307831
21548,0.000294,172.217.194.0-255,1484,37557,17,307831
21549,0.000298,172.31.36.0-255,66,37623,17,307831
21550,0.000302,172.217.194.0-255,1484,39107,17,307831
21551,0.000305,172.31.36.0-255,66,39173,17,307831
21552,0.00032,172.217.194.0-255,1484,40657,17,307831
21553,0.000323,172.31.36.0-255,66,40723,17,307831
21554,0.00033,172.217.194.0-255,5738,46461,17,307831
21555,0.000332,172.31.36.0-255,66,46527,17,307831
21556,0.000372,172.217.194.0-255,7093,53620,17,307831
21557,0.000376,172.31.36.0-255,66,53686,17,307831
21558,0.000633,172.217.194.0-255,382,54068,17,307831
21559,0.000639,172.31.36.0-255,66,54134,17,307831
21560,0.000767,172.217.194.0-255,1484,55618,17,307831
21561,0.000773,172.217.194.0-255,2902,58520,17,307831
21562,0.000777,172.31.36.0-255,66,58586,17,307831
21563,0.000782,172.217.194.0-255,2902,61488,17,307831
21564,0.000785,172.31.36.0-255,66,61554,17,307831
21565,0.000801,172.217.194.0-255,2902,64456,17,307831
21566,0.000805,172.31.36.0-255,66,64522,17,307831
21567,0.000816,172.31.36.0-255,66,64588,17,307831
21568,0.000842,172.217.194.0-255,4320,68908,17,307831
21569,0.000846,172.31.36.0-255,66,68974,17,307831
21570,0.000859,172.31.36.0-255,66,69040,17,307831
21571,0.001224,172.217.194.0-255,1484,70524,17,307831
21572,0.001234,172.217.194.0-255,2902,73426,17,307831
21573,0.001238,172.31.36.0-255,66,73492,17,307831
21574,0.001245,172.217.194.0-255,5738,79230,17,307831
21575,0.001248,172.31.36.0-255,66,79296,17,307831
21576,0.001261,172.31.36.0-255,66,79362,17,307831
21577,0.001282,172.217.194.0-255,1484,80846,17,307831
21578,0.001295,172.31.36.0-255,66,80912,17,307831
21579,0.001311,172.217.194.0-255,2184,83096,17,307831
21580,0.001314,172.31.36.0-255,66,83162,17,307831
21581,0.001422,172.217.194.0-255,1484,84646,17,307831
21582,0.001428,172.217.194.0-255,2902,87548,17,307831
21583,0.001432,172.31.36.0-255,66,87614,17,307831
21584,0.001448,172.217.194.0-255,5738,93352,17,307831
21585,0.001451,172.31.36.0-255,66,93418,17,307831
21586,0.001472,172.217.194.0-255,2902,96320,17,307831
21587,0.001475,172.31.36.0-255,66,96386,17,307831
21588,0.001505,172.31.36.0-255,66,96452,17,307831
21589,0.001513,172.217.194.0-255,7156,103608,17,307831
21590,0.001515,172.31.36.0-255,66,103674,17,307831
21591,0.001534,172.217.194.0-255,1484,105158,17,307831
21592,0.001547,172.217.194.0-255,2184,107342,17,307831
21593,0.001549,172.31.36.0-255,66,107408,17,307831
21594,0.002,172.217.194.0-255,1484,108892,17,307831
21595,0.002006,172.217.194.0-255,2902,111794,17,307831
21596,0.00201,172.31.36.0-255,66,111860,17,307831
21597,0.002017,172.217.194.0-255,5738,117598,17,307831
21598,0.00202,172.31.36.0-255,66,117664,17,307831
21599,0.002043,172.217.194.0-255,5738,123402,17,307831
21600,0.002046,172.31.36.0-255,66,123468,17,307831
21601,0.002067,172.217.194.0-255,7156,130624,17,307831
21602,0.002069,172.31.36.0-255,66,130690,17,307831
21603,0.002081,172.31.36.0-255,66,130756,17,307831
21604,0.002083,172.217.194.0-255,766,131522,17,307831
21605,0.002162,172.217.194.0-255,1484,133006,17,307831
21606,0.002164,172.31.36.0-255,66,133072,17,307831
21607,0.002181,172.217.194.0-255,2902,135974,17,307831
21608,0.002183,172.31.36.0-255,66,136040,17,307831
21609,0.002189,172.217.194.0-255,5738,141778,17,307831
21610,0.002192,172.31.36.0-255,66,141844,17,307831
21611,0.00222,172.31.36.0-255,66,141910,17,307831
21612,0.002235,172.217.194.0-255,1484,143394,17,307831
21613,0.002291,172.217.194.0-255,1484,144878,17,307831
21614,0.002293,172.31.36.0-255,66,144944,17,307831
21615,0.002315,172.31.36.0-255,66,145010,17,307831
21616,0.002553,172.217.194.0-255,1484,146494,17,307831
21617,0.002565,172.217.194.0-255,2902,149396,17,307831
21618,0.002569,172.31.36.0-255,66,149462,17,307831
21619,0.002575,172.217.194.0-255,5738,155200,17,307831
21620,0.002577,172.31.36.0-255,66,155266,17,307831
21621,0.002634,172.31.36.0-255,66,155332,17,307831
21622,0.002645,172.31.36.0-255,66,155398,17,307831
21623,0.005239,172.217.194.0-255,5738,161136,17,307831
21624,0.005244,172.31.36.0-255,66,161202,17,307831
21625,0.007848,172.217.194.0-255,5738,166940,17,307831
21626,0.007854,172.31.36.0-255,66,167006,17,307831
21627,0.010448,172.217.194.0-255,5738,172744,17,307831
21628,0.010454,172.31.36.0-255,66,172810,17,307831
21629,0.013047,172.217.194.0-255,5738,178548,17,307831
21630,0.013058,172.31.36.0-255,66,178614,17,307831
21631,0.01565,172.217.194.0-255,5738,184352,17,307831
21632,0.01566,172.31.36.0-255,66,184418,17,307831
21633,0.018274,172.217.194.0-255,5738,190156,17,307831
21634,0.018284,172.31.36.0-255,66,190222,17,307831
21635,0.020876,172.217.194.0-255,4320,194542,17,307831
21636,0.020883,172.31.36.0-255,66,194608,17,307831
21637,0.020914,172.217.194.0-255,1484,196092,17,307831
21638,0.023471,172.217.194.0-255,4320,200412,17,307831
21639,0.023478,172.31.36.0-255,66,200478,17,307831
21640,0.026097,172.217.194.0-255,5738,206216,17,307831
21641,0.02611,172.31.36.0-255,66,206282,17,307831
21642,0.027739,172.31.36.0-255,172,206454,17,307831
21643,0.027765,172.31.36.0-255,1118,207572,17,307831
21644,0.027809,172.31.36.0-255,1514,209086,17,307831
21645,0.027811,172.31.36.0-255,1270,210356,17,307831
21646,0.028703,172.217.194.0-255,4320,214676,17,307831
21647,0.02871,172.31.36.0-255,66,214742,17,307831
21648,0.028729,172.217.194.0-255,1484,216226,17,307831
21649,0.02926,104.244.42.0-255,66,216292,17,307831
21650,0.029314,104.244.42.0-255,66,216358,17,307831
21651,0.029358,104.244.42.0-255,66,216424,17,307831
21652,0.031311,172.217.194.0-255,1484,217908,17,307831
21653,0.031316,172.31.36.0-255,66,217974,17,307831
21654,0.031346,172.217.194.0-255,2902,220876,17,307831
21655,0.031349,172.31.36.0-255,66,220942,17,307831
21656,0.033902,172.217.194.0-255,2902,223844,17,307831
21657,0.033908,172.31.36.0-255,66,223910,17,307831
21658,0.033946,172.217.194.0-255,2902,226812,17,307831
21659,0.033949,172.31.36.0-255,66,226878,17,307831
21660,0.036481,172.217.194.0-255,2902,229780,17,307831
21661,0.036487,172.31.36.0-255,66,229846,17,307831
21662,0.036519,172.217.194.0-255,2902,232748,17,307831
21663,0.036522,172.31.36.0-255,66,232814,17,307831
21664,0.039073,172.217.194.0-255,2902,235716,17,307831
21665,0.039078,172.31.36.0-255,66,235782,17,307831
21666,0.039129,172.217.194.0-255,2902,238684,17,307831
21667,0.039133,172.31.36.0-255,66,238750,17,307831
21668,0.041656,172.217.194.0-255,2902,241652,17,307831
21669,0.041662,172.31.36.0-255,66,241718,17,307831
21670,0.041764,172.217.194.0-255,2902,244620,17,307831
21671,0.041769,172.31.36.0-255,66,244686,17,307831
21672,0.044279,172.217.194.0-255,2902,247588,17,307831
21673,0.044285,172.31.36.0-255,66,247654,17,307831
21674,0.044359,172.217.194.0-255,2902,250556,17,307831
21675,0.044364,172.31.36.0-255,66,250622,17,307831
21676,0.046895,172.217.194.0-255,2902,253524,17,307831
21677,0.046901,172.31.36.0-255,66,253590,17,307831
21678,0.046964,172.217.194.0-255,2902,256492,17,307831
21679,0.046968,172.31.36.0-255,66,256558,17,307831
21680,0.049509,172.217.194.0-255,2902,259460,17,307831
21681,0.049513,172.31.36.0-255,66,259526,17,307831
21682,0.049549,172.217.194.0-255,2902,262428,17,307831
21683,0.049552,172.31.36.0-255,66,262494,17,307831
21684,0.052081,172.217.194.0-255,2902,265396,17,307831
21685,0.052087,172.31.36.0-255,66,265462,17,307831
21686,0.052119,172.217.194.0-255,2902,268364,17,307831
21687,0.052122,172.31.36.0-255,66,268430,17,307831
21688,0.054679,172.217.194.0-255,2902,271332,17,307831
21689,0.054684,172.31.36.0-255,66,271398,17,307831
21690,0.054714,172.217.194.0-255,2902,274300,17,307831
21691,0.054717,172.31.36.0-255,66,274366,17,307831
21692,0.05728,172.217.194.0-255,2902,277268,17,307831
21693,0.057289,172.31.36.0-255,66,277334,17,307831
21694,0.057319,172.217.194.0-255,2902,280236,17,307831
21695,0.057323,172.31.36.0-255,66,280302,17,307831
21696,0.059871,172.217.194.0-255,2902,283204,17,307831
21697,0.059877,172.31.36.0-255,66,283270,17,307831
21698,0.059915,172.217.194.0-255,2902,286172,17,307831
21699,0.059919,172.31.36.0-255,66,286238,17,307831
21700,0.062463,172.217.194.0-255,2902,289140,17,307831
21701,0.062469,172.31.36.0-255,66,289206,17,307831
21702,0.062498,172.217.194.0-255,2902,292108,17,307831
21703,0.062502,172.31.36.0-255,66,292174,17,307831
21704,0.065082,172.217.194.0-255,2902,295076,17,307831
21705,0.065087,172.31.36.0-255,66,295142,17,307831
21706,0.065159,172.217.194.0-255,2902,298044,17,307831
21707,0.065164,172.31.36.0-255,66,298110,17,307831
21708,0.06769,172.217.194.0-255,2902,301012,17,307831
21709,0.067711,172.31.36.0-255,66,301078,17,307831
21710,0.067736,172.217.194.0-255,2902,303980,17,307831
21711,0.067741,172.31.36.0-255,66,304046,17,307831
21712,0.070323,172.217.194.0-255,3548,307594,17,307831
21713,0.070328,172.31.36.0-255,66,307660,17,307831
21714,0.070508,172.31.36.0-255,105,307765,17,307831
21715,0.07306,172.217.194.0-255,66,307831,17,307831
21716,0.0,74.125.130.0-255,146,146,17,356774
21717,2.3e-05,172.31.36.0-255,66,212,17,356774
21718,3e-05,74.125.130.0-255,1484,1696,17,356774
21719,3.3e-05,172.31.36.0-255,66,1762,17,356774
21720,4e-05,74.125.130.0-255,2902,4664,17,356774
21721,4.2e-05,172.31.36.0-255,66,4730,17,356774
21722,5.5e-05,74.125.130.0-255,2902,7632,17,356774
21723,5.8e-05,172.31.36.0-255,66,7698,17,356774
21724,6.4e-05,74.125.130.0-255,4320,12018,17,356774
21725,6.7e-05,172.31.36.0-255,66,12084,17,356774
21726,7.1e-05,74.125.130.0-255,2057,14141,17,356774
21727,7.2e-05,172.31.36.0-255,66,14207,17,356774
21728,0.000408,74.125.130.0-255,1484,15691,17,356774
21729,0.000413,172.31.36.0-255,66,15757,17,356774
21730,0.000419,74.125.130.0-255,2902,18659,17,356774
21731,0.000422,172.31.36.0-255,66,18725,17,356774
21732,0.000425,74.125.130.0-255,2902,21627,17,356774
21733,0.000431,172.31.36.0-255,66,21693,17,356774
21734,0.000436,74.125.130.0-255,2902,24595,17,356774
21735,0.000438,172.31.36.0-255,66,24661,17,356774
21736,0.000464,74.125.130.0-255,1484,26145,17,356774
21737,0.000466,172.31.36.0-255,66,26211,17,356774
21738,0.000498,74.125.130.0-255,5379,31590,17,356774
21739,0.000501,172.31.36.0-255,66,31656,17,356774
21740,0.000538,74.125.130.0-255,5738,37394,17,356774
21741,0.00054,172.31.36.0-255,66,37460,17,356774
21742,0.000546,74.125.130.0-255,4320,41780,17,356774
21743,0.000548,172.31.36.0-255,66,41846,17,356774
21744,0.000553,74.125.130.0-255,5738,47584,17,356774
21745,0.000559,172.31.36.0-255,66,47650,17,356774
21746,0.000562,74.125.130.0-255,1125,48775,17,356774
21747,0.000564,172.31.36.0-255,66,48841,17,356774
21748,0.001417,74.125.130.0-255,1484,50325,17,356774
21749,0.001424,172.31.36.0-255,66,50391,17,356774
21750,0.001434,74.125.130.0-255,2902,53293,17,356774
21751,0.001436,172.31.36.0-255,66,53359,17,356774
21752,0.001441,74.125.130.0-255,2902,56261,17,356774
21753,0.001443,172.31.36.0-255,66,56327,17,356774
21754,0.001455,74.125.130.0-255,4320,60647,17,356774
21755,0.001457,172.31.36.0-255,66,60713,17,356774
21756,0.001508,172.31.36.0-255,66,60779,17,356774
21757,0.001516,74.125.130.0-255,7156,67935,17,356774
21758,0.001518,172.31.36.0-255,66,68001,17,356774
21759,0.00157,74.125.130.0-255,5958,73959,17,356774
21760,0.001572,172.31.36.0-255,66,74025,17,356774
21761,0.001593,74.125.130.0-255,7156,81181,17,356774
21762,0.001595,172.31.36.0-255,66,81247,17,356774
21763,0.001607,172.31.36.0-255,66,81313,17,356774
21764,0.002086,74.125.130.0-255,1484,82797,17,356774
21765,0.002092,74.125.130.0-255,2902,85699,17,356774
21766,0.002097,74.125.130.0-255,2902,88601,17,356774
21767,0.002105,172.31.36.0-255,66,88667,17,356774
21768,0.002109,172.31.36.0-255,66,88733,17,356774
21769,0.002136,74.125.130.0-255,2902,91635,17,356774
21770,0.002139,172.31.36.0-255,66,91701,17,356774
21771,0.002151,172.31.36.0-255,66,91767,17,356774
21772,0.002186,74.125.130.0-255,4320,96087,17,356774
21773,0.00219,172.31.36.0-255,66,96153,17,356774
21774,0.002203,172.31.36.0-255,66,96219,17,356774
21775,0.002224,74.125.130.0-255,1484,97703,17,356774
21776,0.002229,74.125.130.0-255,2902,100605,17,356774
21777,0.002231,172.31.36.0-255,66,100671,17,356774
21778,0.002263,74.125.130.0-255,5738,106409,17,356774
21779,0.002267,172.31.36.0-255,66,106475,17,356774
21780,0.002274,74.125.130.0-255,5738,112213,17,356774
21781,0.002276,172.31.36.0-255,66,112279,17,356774
21782,0.002309,74.125.130.0-255,1484,113763,17,356774
21783,0.002325,172.31.36.0-255,66,113829,17,356774
21784,0.002329,74.125.130.0-255,2184,116013,17,356774
21785,0.002331,172.31.36.0-255,66,116079,17,356774
21786,0.002353,74.125.130.0-255,1484,117563,17,356774
21787,0.004661,74.125.130.0-255,4320,121883,17,356774
21788,0.004667,172.31.36.0-255,66,121949,17,356774
21789,0.007011,74.125.130.0-255,4320,126269,17,356774
21790,0.007016,172.31.36.0-255,66,126335,17,356774
21791,0.007045,74.125.130.0-255,1484,127819,17,356774
21792,0.009373,74.125.130.0-255,4320,132139,17,356774
21793,0.009382,172.31.36.0-255,66,132205,17,356774
21794,0.011727,74.125.130.0-255,5738,137943,17,356774
21795,0.011737,172.31.36.0-255,66,138009,17,356774
21796,0.01409,74.125.130.0-255,5738,143747,17,356774
21797,0.014099,172.31.36.0-255,66,143813,17,356774
21798,0.016449,74.125.130.0-255,5738,149551,17,356774
21799,0.016457,172.31.36.0-255,66,149617,17,356774
21800,0.018796,74.125.130.0-255,5738,155355,17,356774
21801,0.018804,172.31.36.0-255,66,155421,17,356774
21802,0.021144,74.125.130.0-255,5738,161159,17,356774
21803,0.021151,172.31.36.0-255,66,161225,17,356774
21804,0.023523,74.125.130.0-255,5738,166963,17,356774
21805,0.023532,172.31.36.0-255,66,167029,17,356774
21806,0.025858,74.125.130.0-255,1484,168513,17,356774
21807,0.025885,74.125.130.0-255,4320,172833,17,356774
21808,0.025891,172.31.36.0-255,66,172899,17,356774
21809,0.026615,172.31.36.0-255,171,173070,17,356774
21810,0.026644,172.31.36.0-255,1142,174212,17,356774
21811,0.026688,172.31.36.0-255,1514,175726,17,356774
21812,0.026708,172.31.36.0-255,1246,176972,17,356774
21813,0.028168,104.244.42.0-255,66,177038,17,356774
21814,0.028244,74.125.130.0-255,5738,182776,17,356774
21815,0.02825,172.31.36.0-255,66,182842,17,356774
21816,0.028268,104.244.42.0-255,66,182908,17,356774
21817,0.028277,104.244.42.0-255,66,182974,17,356774
21818,0.029213,104.244.42.0-255,108,183082,17,356774
21819,0.029235,172.31.36.0-255,66,183148,17,356774
21820,0.030584,74.125.130.0-255,5738,188886,17,356774
21821,0.030589,172.31.36.0-255,66,188952,17,356774
21822,0.03293,74.125.130.0-255,5738,194690,17,356774
21823,0.032936,172.31.36.0-255,66,194756,17,356774
21824,0.035284,74.125.130.0-255,5738,200494,17,356774
21825,0.03529,172.31.36.0-255,66,200560,17,356774
21826,0.03761,74.125.130.0-255,1484,202044,17,356774
21827,0.037641,74.125.130.0-255,4320,206364,17,356774
21828,0.037646,172.31.36.0-255,66,206430,17,356774
21829,0.03998,74.125.130.0-255,5738,212168,17,356774
21830,0.039986,172.31.36.0-255,66,212234,17,356774
21831,0.042358,74.125.130.0-255,5738,217972,17,356774
21832,0.042363,172.31.36.0-255,66,218038,17,356774
21833,0.04469,74.125.130.0-255,4320,222358,17,356774
21834,0.044695,172.31.36.0-255,66,222424,17,356774
21835,0.044727,74.125.130.0-255,1484,223908,17,356774
21836,0.04703,74.125.130.0-255,4320,228228,17,356774
21837,0.047035,172.31.36.0-255,66,228294,17,356774
21838,0.049363,74.125.130.0-255,1484,229778,17,356774
21839,0.049398,74.125.130.0-255,4320,234098,17,356774
21840,0.049403,172.31.36.0-255,66,234164,17,356774
21841,0.05174,74.125.130.0-255,5738,239902,17,356774
21842,0.051746,172.31.36.0-255,66,239968,17,356774
21843,0.054087,74.125.130.0-255,5738,245706,17,356774
21844,0.054094,172.31.36.0-255,66,245772,17,356774
21845,0.056436,74.125.130.0-255,5738,251510,17,356774
21846,0.056441,172.31.36.0-255,66,251576,17,356774
21847,0.058805,74.125.130.0-255,5738,257314,17,356774
21848,0.05881,172.31.36.0-255,66,257380,17,356774
21849,0.061158,74.125.130.0-255,5738,263118,17,356774
21850,0.061164,172.31.36.0-255,66,263184,17,356774
21851,0.063499,74.125.130.0-255,5738,268922,17,356774
21852,0.063505,172.31.36.0-255,66,268988,17,356774
21853,0.065844,74.125.130.0-255,5738,274726,17,356774
21854,0.06585,172.31.36.0-255,66,274792,17,356774
21855,0.068192,74.125.130.0-255,5738,280530,17,356774
21856,0.068199,172.31.36.0-255,66,280596,17,356774
21857,0.070532,74.125.130.0-255,5738,286334,17,356774
21858,0.070538,172.31.36.0-255,66,286400,17,356774
21859,0.072872,74.125.130.0-255,5738,292138,17,356774
21860,0.072878,172.31.36.0-255,66,292204,17,356774
21861,0.075209,74.125.130.0-255,5738,297942,17,356774
21862,0.075215,172.31.36.0-255,66,298008,17,356774
21863,0.077545,74.125.130.0-255,1484,299492,17,356774
21864,0.077577,74.125.130.0-255,4320,303812,17,356774
21865,0.077582,172.31.36.0-255,66,303878,17,356774
21866,0.079915,74.125.130.0-255,5738,309616,17,356774
21867,0.07992,172.31.36.0-255,66,309682,17,356774
21868,0.082252,74.125.130.0-255,5738,315420,17,356774
21869,0.082258,172.31.36.0-255,66,315486,17,356774
21870,0.084602,74.125.130.0-255,5738,321224,17,356774
21871,0.084608,172.31.36.0-255,66,321290,17,356774
21872,0.08695,74.125.130.0-255,5738,327028,17,356774
21873,0.086956,172.31.36.0-255,66,327094,17,356774
21874,0.089288,74.125.130.0-255,2902,329996,17,356774
21875,0.089293,172.31.36.0-255,66,330062,17,356774
21876,0.089326,74.125.130.0-255,2902,332964,17,356774
21877,0.08933,172.31.36.0-255,66,333030,17,356774
21878,0.091623,74.125.130.0-255,2902,335932,17,356774
21879,0.091629,172.31.36.0-255,66,335998,17,356774
21880,0.091667,74.125.130.0-255,2902,338900,17,356774
21881,0.091671,172.31.36.0-255,66,338966,17,356774
21882,0.09397,74.125.130.0-255,2902,341868,17,356774
21883,0.093975,172.31.36.0-255,66,341934,17,356774
21884,0.094015,74.125.130.0-255,2902,344836,17,356774
21885,0.094019,172.31.36.0-255,66,344902,17,356774
21886,0.096308,74.125.130.0-255,2902,347804,17,356774
21887,0.096313,172.31.36.0-255,66,347870,17,356774
21888,0.096348,74.125.130.0-255,2902,350772,17,356774
21889,0.096352,172.31.36.0-255,66,350838,17,356774
21890,0.098635,74.125.130.0-255,2902,353740,17,356774
21891,0.09864,172.31.36.0-255,66,353806,17,356774
21892,0.098678,74.125.130.0-255,2902,356708,17,356774
21893,0.098681,172.31.36.0-255,66,356774,17,356774
21894,0.0,172.217.194.0-255,152,152,17,190895
21895,1.2e-05,172.31.36.0-255,66,218,17,190895
21896,1.7e-05,172.217.194.0-255,1484,1702,17,190895
21897,2.2e-05,172.31.36.0-255,66,1768,17,190895
21898,2.6e-05,172.217.194.0-255,1484,3252,17,190895
21899,2.9e-05,172.31.36.0-255,66,3318,17,190895
21900,5.7e-05,172.217.194.0-255,1484,4802,17,190895
21901,6e-05,172.31.36.0-255,66,4868,17,190895
21902,6.8e-05,172.217.194.0-255,7156,12024,17,190895
21903,7.1e-05,172.31.36.0-255,66,12090,17,190895
21904,7.5e-05,172.217.194.0-255,2048,14138,17,190895
21905,7.7e-05,172.31.36.0-255,66,14204,17,190895
21906,0.000165,172.217.194.0-255,1484,15688,17,190895
21907,0.000169,172.31.36.0-255,66,15754,17,190895
21908,0.000175,172.217.194.0-255,2902,18656,17,190895
21909,0.000178,172.31.36.0-255,66,18722,17,190895
21910,0.000185,172.217.194.0-255,5738,24460,17,190895
21911,0.000188,172.31.36.0-255,66,24526,17,190895
21912,0.000242,172.31.36.0-255,66,24592,17,190895
21913,0.000253,172.31.36.0-255,66,24658,17,190895
21914,0.000295,172.217.194.0-255,7156,31814,17,190895
21915,0.000297,172.31.36.0-255,66,31880,17,190895
21916,0.000325,172.31.36.0-255,66,31946,17,190895
21917,0.000364,172.217.194.0-255,364,32310,17,190895
21918,0.000368,172.31.36.0-255,66,32376,17,190895
21919,0.000497,172.217.194.0-255,1484,33860,17,190895
21920,0.000503,172.31.36.0-255,66,33926,17,190895
21921,0.000508,172.217.194.0-255,2902,36828,17,190895
21922,0.000511,172.31.36.0-255,66,36894,17,190895
21923,0.000517,172.217.194.0-255,5738,42632,17,190895
21924,0.000519,172.31.36.0-255,66,42698,17,190895
21925,0.000552,172.217.194.0-255,6797,49495,17,190895
21926,0.000557,172.31.36.0-255,66,49561,17,190895
21927,0.000596,172.217.194.0-255,4320,53881,17,190895
21928,0.0006,172.31.36.0-255,66,53947,17,190895
21929,0.000607,172.217.194.0-255,5738,59685,17,190895
21930,0.000609,172.31.36.0-255,66,59751,17,190895
21931,0.000636,172.217.194.0-255,2902,62653,17,190895
21932,0.000639,172.31.36.0-255,66,62719,17,190895
21933,0.000661,172.217.194.0-255,3961,66680,17,190895
21934,0.000663,172.31.36.0-255,66,66746,17,190895
21935,0.001006,172.217.194.0-255,1484,68230,17,190895
21936,0.001026,172.217.194.0-255,2902,71132,17,190895
21937,0.001029,172.31.36.0-255,66,71198,17,190895
21938,0.001036,172.217.194.0-255,4320,75518,17,190895
21939,0.001038,172.31.36.0-255,66,75584,17,190895
21940,0.001044,172.217.194.0-255,4320,79904,17,190895
21941,0.001046,172.31.36.0-255,66,79970,17,190895
21942,0.001065,172.217.194.0-255,1484,81454,17,190895
21943,0.001078,172.31.36.0-255,66,81520,17,190895
21944,0.001099,172.217.194.0-255,1484,83004,17,190895
21945,0.00111,172.31.36.0-255,66,83070,17,190895
21946,0.001144,172.217.194.0-255,1484,84554,17,190895
21947,0.001159,172.217.194.0-255,2902,87456,17,190895
21948,0.001162,172.31.36.0-255,66,87522,17,190895
21949,0.001168,172.217.194.0-255,4320,91842,17,190895
21950,0.00117,172.31.36.0-255,66,91908,17,190895
21951,0.001181,172.217.194.0-255,1484,93392,17,190895
21952,0.001186,172.217.194.0-255,2902,96294,17,190895
21953,0.001189,172.31.36.0-255,66,96360,17,190895
21954,0.001217,172.31.36.0-255,66,96426,17,190895
21955,0.001278,172.31.36.0-255,66,96492,17,190895
21956,0.001308,172.217.194.0-255,2184,98676,17,190895
21957,0.00131,172.31.36.0-255,66,98742,17,190895
21958,0.001322,172.31.36.0-255,66,98808,17,190895
21959,0.001333,172.31.36.0-255,66,98874,17,190895
21960,0.001349,172.31.36.0-255,66,98940,17,190895
21961,0.001353,172.217.194.0-255,2902,101842,17,190895
21962,0.001356,172.31.36.0-255,66,101908,17,190895
21963,0.001361,172.217.194.0-255,4320,106228,17,190895
21964,0.001364,172.31.36.0-255,66,106294,17,190895
21965,0.001374,172.31.36.0-255,66,106360,17,190895
21966,0.001412,172.217.194.0-255,7156,113516,17,190895
21967,0.001416,172.31.36.0-255,66,113582,17,190895
21968,0.001426,172.31.36.0-255,66,113648,17,190895
21969,0.001448,172.217.194.0-255,2184,115832,17,190895
21970,0.00145,172.31.36.0-255,66,115898,17,190895
21971,0.001455,172.217.194.0-255,2902,118800,17,190895
21972,0.001457,172.31.36.0-255,66,118866,17,190895
21973,0.001462,172.217.194.0-255,4320,123186,17,190895
21974,0.001465,172.31.36.0-255,66,123252,17,190895
21975,0.001484,172.217.194.0-255,2902,126154,17,190895
21976,0.001486,172.31.36.0-255,66,126220,17,190895
21977,0.001507,172.31.36.0-255,66,126286,17,190895
21978,0.001518,172.31.36.0-255,66,126352,17,190895
21979,0.001628,172.217.194.0-255,1484,127836,17,190895
21980,0.001634,172.217.194.0-255,2902,130738,17,190895
21981,0.001638,172.31.36.0-255,66,130804,17,190895
21982,0.001644,172.217.194.0-255,4320,135124,17,190895
21983,0.001647,172.31.36.0-255,66,135190,17,190895
21984,0.001669,172.217.194.0-255,1484,136674,17,190895
21985,0.001675,172.217.194.0-255,2902,139576,17,190895
21986,0.001678,172.31.36.0-255,66,139642,17,190895
21987,0.001681,172.217.194.0-255,1484,141126,17,190895
21988,0.001695,172.217.194.0-255,5738,146864,17,190895
21989,0.001699,172.31.36.0-255,66,146930,17,190895
21990,0.001722,172.217.194.0-255,2902,149832,17,190895
21991,0.001724,172.31.36.0-255,66,149898,17,190895
21992,0.001737,172.31.36.0-255,66,149964,17,190895
21993,0.001827,172.217.194.0-255,1484,151448,17,190895
21994,0.001833,172.217.194.0-255,2902,154350,17,190895
21995,0.001836,172.31.36.0-255,66,154416,17,190895
21996,0.001873,172.217.194.0-255,5738,160154,17,190895
21997,0.001876,172.31.36.0-255,66,160220,17,190895
21998,0.001882,172.217.194.0-255,4320,164540,17,190895
21999,0.001884,172.31.36.0-255,66,164606,17,190895
22000,0.001896,172.31.36.0-255,66,164672,17,190895
22001,0.00191,172.217.194.0-255,2902,167574,17,190895
22002,0.001912,172.31.36.0-255,66,167640,17,190895
22003,0.001929,172.217.194.0-255,4320,171960,17,190895
22004,0.001932,172.31.36.0-255,66,172026,17,190895
22005,0.001948,172.217.194.0-255,3602,175628,17,190895
22006,0.00195,172.31.36.0-255,66,175694,17,190895
22007,0.001988,172.31.36.0-255,66,175760,17,190895
22008,0.002,172.31.36.0-255,66,175826,17,190895
22009,0.002076,172.31.36.0-255,66,175892,17,190895
22010,0.002099,172.217.194.0-255,5738,181630,17,190895
22011,0.002101,172.31.36.0-255,66,181696,17,190895
22012,0.002139,172.217.194.0-255,1484,183180,17,190895
22013,0.002144,172.217.194.0-255,2902,186082,17,190895
22014,0.00215,172.31.36.0-255,66,186148,17,190895
22015,0.002153,172.31.36.0-255,66,186214,17,190895
22016,0.002174,172.31.36.0-255,66,186280,17,190895
22017,0.002178,172.217.194.0-255,105,186385,17,190895
22018,0.009092,172.31.36.0-255,66,186451,17,190895
22019,0.00913,172.31.36.0-255,105,186556,17,190895
22020,0.011356,172.217.194.0-255,66,186622,17,190895
22021,0.033675,172.31.36.0-255,171,186793,17,190895
22022,0.033708,172.31.36.0-255,1141,187934,17,190895
22023,0.033767,172.31.36.0-255,1514,189448,17,190895
22024,0.033769,172.31.36.0-255,1249,190697,17,190895
22025,0.035164,104.244.42.0-255,66,190763,17,190895
22026,0.035202,104.244.42.0-255,66,190829,17,190895
22027,0.035261,104.244.42.0-255,66,190895,17,190895
22028,0.0,74.125.130.0-255,161,161,17,394227
22029,3.6e-05,172.31.36.0-255,66,227,17,394227
22030,4.3e-05,74.125.130.0-255,1484,1711,17,394227
22031,4.7e-05,172.31.36.0-255,66,1777,17,394227
22032,5.2e-05,74.125.130.0-255,2902,4679,17,394227
22033,5.5e-05,172.31.36.0-255,66,4745,17,394227
22034,6e-05,74.125.130.0-255,4320,9065,17,394227
22035,6.3e-05,172.31.36.0-255,66,9131,17,394227
22036,8.5e-05,74.125.130.0-255,2902,12033,17,394227
22037,8.8e-05,172.31.36.0-255,66,12099,17,394227
22038,9.2e-05,74.125.130.0-255,2105,14204,17,394227
22039,9.4e-05,172.31.36.0-255,66,14270,17,394227
22040,0.00016,74.125.130.0-255,1484,15754,17,394227
22041,0.000163,172.31.36.0-255,66,15820,17,394227
22042,0.000187,74.125.130.0-255,2902,18722,17,394227
22043,0.00019,172.31.36.0-255,66,18788,17,394227
22044,0.000196,74.125.130.0-255,5738,24526,17,394227
22045,0.000199,172.31.36.0-255,66,24592,17,394227
22046,0.000219,74.125.130.0-255,1484,26076,17,394227
22047,0.000221,172.31.36.0-255,66,26142,17,394227
22048,0.000226,74.125.130.0-255,2902,29044,17,394227
22049,0.000228,172.31.36.0-255,66,29110,17,394227
22050,0.000267,74.125.130.0-255,2543,31653,17,394227
22051,0.00027,172.31.36.0-255,66,31719,17,394227
22052,0.000449,74.125.130.0-255,1484,33203,17,394227
22053,0.000455,172.31.36.0-255,66,33269,17,394227
22054,0.00046,74.125.130.0-255,1484,34753,17,394227
22055,0.000462,172.31.36.0-255,66,34819,17,394227
22056,0.000483,74.125.130.0-255,2902,37721,17,394227
22057,0.000487,172.31.36.0-255,66,37787,17,394227
22058,0.000502,74.125.130.0-255,1484,39271,17,394227
22059,0.000506,172.31.36.0-255,66,39337,17,394227
22060,0.000525,74.125.130.0-255,4320,43657,17,394227
22061,0.000529,172.31.36.0-255,66,43723,17,394227
22062,0.000532,74.125.130.0-255,1484,45207,17,394227
22063,0.000538,74.125.130.0-255,2902,48109,17,394227
22064,0.000542,172.31.36.0-255,66,48175,17,394227
22065,0.000565,74.125.130.0-255,2543,50718,17,394227
22066,0.000569,172.31.36.0-255,66,50784,17,394227
22067,0.000572,74.125.130.0-255,1484,52268,17,394227
22068,0.000588,74.125.130.0-255,1484,53752,17,394227
22069,0.000591,172.31.36.0-255,66,53818,17,394227
22070,0.00061,74.125.130.0-255,5738,59556,17,394227
22071,0.000614,172.31.36.0-255,66,59622,17,394227
22072,0.000635,74.125.130.0-255,1484,61106,17,394227
22073,0.000639,74.125.130.0-255,1484,62590,17,394227
22074,0.000642,172.31.36.0-255,66,62656,17,394227
22075,0.000681,74.125.130.0-255,3961,66617,17,394227
22076,0.000686,172.31.36.0-255,66,66683,17,394227
22077,0.000815,74.125.130.0-255,648,67331,17,394227
22078,0.000915,172.31.36.0-255,66,67397,17,394227
22079,0.001402,74.125.130.0-255,1484,68881,17,394227
22080,0.001424,74.125.130.0-255,2902,71783,17,394227
22081,0.001429,172.31.36.0-255,66,71849,17,394227
22082,0.001434,74.125.130.0-255,1484,73333,17,394227
22083,0.001437,74.125.130.0-255,1484,74817,17,394227
22084,0.001438,172.31.36.0-255,66,74883,17,394227
22085,0.001452,74.125.130.0-255,1484,76367,17,394227
22086,0.001467,74.125.130.0-255,4320,80687,17,394227
22087,0.001469,172.31.36.0-255,66,80753,17,394227
22088,0.00149,74.125.130.0-255,1484,82237,17,394227
22089,0.001493,74.125.130.0-255,1484,83721,17,394227
22090,0.001495,172.31.36.0-255,66,83787,17,394227
22091,0.001517,74.125.130.0-255,2902,86689,17,394227
22092,0.00152,172.31.36.0-255,66,86755,17,394227
22093,0.001527,74.125.130.0-255,5738,92493,17,394227
22094,0.001529,172.31.36.0-255,66,92559,17,394227
22095,0.001533,74.125.130.0-255,1484,94043,17,394227
22096,0.001596,74.125.130.0-255,4320,98363,17,394227
22097,0.001599,172.31.36.0-255,66,98429,17,394227
22098,0.001622,74.125.130.0-255,3602,102031,17,394227
22099,0.001624,172.31.36.0-255,66,102097,17,394227
22100,0.001844,74.125.130.0-255,1484,103581,17,394227
22101,0.001863,74.125.130.0-255,2902,106483,17,394227
22102,0.001866,172.31.36.0-255,66,106549,17,394227
22103,0.00187,74.125.130.0-255,1484,108033,17,394227
22104,0.001892,74.125.130.0-255,4320,112353,17,394227
22105,0.001894,172.31.36.0-255,66,112419,17,394227
22106,0.001899,74.125.130.0-255,2902,115321,17,394227
22107,0.001902,172.31.36.0-255,66,115387,17,394227
22108,0.001908,74.125.130.0-255,4320,119707,17,394227
22109,0.00191,172.31.36.0-255,66,119773,17,394227
22110,0.001942,172.31.36.0-255,66,119839,17,394227
22111,0.001948,74.125.130.0-255,5738,125577,17,394227
22112,0.00195,172.31.36.0-255,66,125643,17,394227
22113,0.001978,74.125.130.0-255,6438,132081,17,394227
22114,0.001981,172.31.36.0-255,66,132147,17,394227
22115,0.001986,74.125.130.0-255,2902,135049,17,394227
22116,0.001988,172.31.36.0-255,66,135115,17,394227
22117,0.002006,74.125.130.0-255,2902,138017,17,394227
22118,0.002009,172.31.36.0-255,66,138083,17,394227
22119,0.002016,74.125.130.0-255,7156,145239,17,394227
22120,0.002018,172.31.36.0-255,66,145305,17,394227
22121,0.00204,74.125.130.0-255,1484,146789,17,394227
22122,0.002062,172.31.36.0-255,66,146855,17,394227
22123,0.002078,74.125.130.0-255,4320,151175,17,394227
22124,0.00208,172.31.36.0-255,66,151241,17,394227
22125,0.002102,74.125.130.0-255,7156,158397,17,394227
22126,0.002105,172.31.36.0-255,66,158463,17,394227
22127,0.002133,74.125.130.0-255,6438,164901,17,394227
22128,0.002138,172.31.36.0-255,66,164967,17,394227
22129,0.00219,172.31.36.0-255,66,165033,17,394227
22130,0.002208,74.125.130.0-255,1484,166517,17,394227
22131,0.002215,74.125.130.0-255,5738,172255,17,394227
22132,0.002218,172.31.36.0-255,66,172321,17,394227
22133,0.002222,74.125.130.0-255,2184,174505,17,394227
22134,0.002224,172.31.36.0-255,66,174571,17,394227
22135,0.002297,74.125.130.0-255,1484,176055,17,394227
22136,0.002321,74.125.130.0-255,1484,177539,17,394227
22137,0.002325,172.31.36.0-255,66,177605,17,394227
22138,0.002343,74.125.130.0-255,1484,179089,17,394227
22139,0.004522,74.125.130.0-255,1484,180573,17,394227
22140,0.004528,172.31.36.0-255,66,180639,17,394227
22141,0.004607,74.125.130.0-255,2902,183541,17,394227
22142,0.004612,172.31.36.0-255,66,183607,17,394227
22143,0.006837,74.125.130.0-255,2902,186509,17,394227
22144,0.006844,172.31.36.0-255,66,186575,17,394227
22145,0.006902,74.125.130.0-255,2902,189477,17,394227
22146,0.006906,172.31.36.0-255,66,189543,17,394227
22147,0.009155,74.125.130.0-255,2902,192445,17,394227
22148,0.009162,172.31.36.0-255,66,192511,17,394227
22149,0.009205,74.125.130.0-255,2902,195413,17,394227
22150,0.00921,172.31.36.0-255,66,195479,17,394227
22151,0.011475,74.125.130.0-255,2902,198381,17,394227
22152,0.011485,172.31.36.0-255,66,198447,17,394227
22153,0.011522,74.125.130.0-255,2902,201349,17,394227
22154,0.011526,172.31.36.0-255,66,201415,17,394227
22155,0.013825,74.125.130.0-255,5738,207153,17,394227
22156,0.013839,172.31.36.0-255,66,207219,17,394227
22157,0.01615,74.125.130.0-255,5738,212957,17,394227
22158,0.016157,172.31.36.0-255,66,213023,17,394227
22159,0.018491,74.125.130.0-255,5738,218761,17,394227
22160,0.018503,172.31.36.0-255,66,218827,17,394227
22161,0.020829,74.125.130.0-255,5738,224565,17,394227
22162,0.02084,172.31.36.0-255,66,224631,17,394227
22163,0.023149,74.125.130.0-255,4320,228951,17,394227
22164,0.023157,172.31.36.0-255,66,229017,17,394227
22165,0.023178,74.125.130.0-255,1484,230501,17,394227
22166,0.025492,74.125.130.0-255,4320,234821,17,394227
22167,0.0255,172.31.36.0-255,66,234887,17,394227
22168,0.027807,74.125.130.0-255,5738,240625,17,394227
22169,0.027814,172.31.36.0-255,66,240691,17,394227
22170,0.030121,74.125.130.0-255,5738,246429,17,394227
22171,0.030128,172.31.36.0-255,66,246495,17,394227
22172,0.03244,74.125.130.0-255,5738,252233,17,394227
22173,0.032448,172.31.36.0-255,66,252299,17,394227
22174,0.034763,74.125.130.0-255,5738,258037,17,394227
22175,0.034774,172.31.36.0-255,66,258103,17,394227
22176,0.037089,74.125.130.0-255,5738,263841,17,394227
22177,0.0371,172.31.36.0-255,66,263907,17,394227
22178,0.039408,74.125.130.0-255,5738,269645,17,394227
22179,0.039418,172.31.36.0-255,66,269711,17,394227
22180,0.041416,172.31.36.0-255,172,269883,17,394227
22181,0.041457,172.31.36.0-255,1117,271000,17,394227
22182,0.04152,172.31.36.0-255,1514,272514,17,394227
22183,0.041521,172.31.36.0-255,1271,273785,17,394227
22184,0.041725,74.125.130.0-255,5738,279523,17,394227
22185,0.041732,172.31.36.0-255,66,279589,17,394227
22186,0.04299,104.244.42.0-255,66,279655,17,394227
22187,0.043021,104.244.42.0-255,66,279721,17,394227
22188,0.04307,104.244.42.0-255,66,279787,17,394227
22189,0.044032,74.125.130.0-255,5738,285525,17,394227
22190,0.044038,172.31.36.0-255,66,285591,17,394227
22191,0.046352,74.125.130.0-255,5738,291329,17,394227
22192,0.046359,172.31.36.0-255,66,291395,17,394227
22193,0.048676,74.125.130.0-255,5738,297133,17,394227
22194,0.048681,172.31.36.0-255,66,297199,17,394227
22195,0.051021,74.125.130.0-255,5738,302937,17,394227
22196,0.051038,172.31.36.0-255,66,303003,17,394227
22197,0.053381,74.125.130.0-255,5738,308741,17,394227
22198,0.053391,172.31.36.0-255,66,308807,17,394227
22199,0.055704,74.125.130.0-255,5738,314545,17,394227
22200,0.055714,172.31.36.0-255,66,314611,17,394227
22201,0.058025,74.125.130.0-255,5738,320349,17,394227
22202,0.058031,172.31.36.0-255,66,320415,17,394227
22203,0.060354,74.125.130.0-255,5738,326153,17,394227
22204,0.06036,172.31.36.0-255,66,326219,17,394227
22205,0.062669,74.125.130.0-255,5738,331957,17,394227
22206,0.062679,172.31.36.0-255,66,332023,17,394227
22207,0.064995,74.125.130.0-255,5738,337761,17,394227
22208,0.065002,172.31.36.0-255,66,337827,17,394227
22209,0.067316,74.125.130.0-255,5738,343565,17,394227
22210,0.067324,172.31.36.0-255,66,343631,17,394227
22211,0.069646,74.125.130.0-255,5738,349369,17,394227
22212,0.069657,172.31.36.0-255,66,349435,17,394227
22213,0.072005,74.125.130.0-255,5738,355173,17,394227
22214,0.07201,172.31.36.0-255,66,355239,17,394227
22215,0.074332,74.125.130.0-255,5738,360977,17,394227
22216,0.074339,172.31.36.0-255,66,361043,17,394227
22217,0.076645,74.125.130.0-255,5738,366781,17,394227
22218,0.076652,172.31.36.0-255,66,366847,17,394227
22219,0.078974,74.125.130.0-255,5738,372585,17,394227
22220,0.078981,172.31.36.0-255,66,372651,17,394227
22221,0.081284,74.125.130.0-255,5738,378389,17,394227
22222,0.081291,172.31.36.0-255,66,378455,17,394227
22223,0.0836,74.125.130.0-255,5738,384193,17,394227
22224,0.083607,172.31.36.0-255,66,384259,17,394227
22225,0.085909,74.125.130.0-255,5738,389997,17,394227
22226,0.085918,172.31.36.0-255,66,390063,17,394227
22227,0.088213,74.125.130.0-255,3927,393990,17,394227
22228,0.08822,172.31.36.0-255,66,394056,17,394227
22229,0.088407,172.31.36.0-255,105,394161,17,394227
22230,0.090687,74.125.130.0-255,66,394227,17,394227
22231,0.0,74.125.24.0-255,153,153,17,200290
22232,2.1e-05,172.31.36.0-255,66,219,17,200290
22233,2.8e-05,74.125.24.0-255,1484,1703,17,200290
22234,3.3e-05,172.31.36.0-255,66,1769,17,200290
22235,3.8e-05,74.125.24.0-255,2902,4671,17,200290
22236,5.5e-05,172.31.36.0-255,66,4737,17,200290
22237,6.2e-05,74.125.24.0-255,7156,11893,17,200290
22238,6.6e-05,172.31.36.0-255,66,11959,17,200290
22239,6.9e-05,74.125.24.0-255,2039,13998,17,200290
22240,7.2e-05,172.31.36.0-255,66,14064,17,200290
22241,9.1e-05,74.125.24.0-255,1484,15548,17,200290
22242,9.7e-05,172.31.36.0-255,66,15614,17,200290
22243,0.000101,74.125.24.0-255,1484,17098,17,200290
22244,0.000103,172.31.36.0-255,66,17164,17,200290
22245,0.000138,74.125.24.0-255,1484,18648,17,200290
22246,0.00014,172.31.36.0-255,66,18714,17,200290
22247,0.000147,74.125.24.0-255,5738,24452,17,200290
22248,0.00015,172.31.36.0-255,66,24518,17,200290
22249,0.000163,74.125.24.0-255,6797,31315,17,200290
22250,0.000166,172.31.36.0-255,66,31381,17,200290
22251,0.000275,74.125.24.0-255,1484,32865,17,200290
22252,0.000279,172.31.36.0-255,66,32931,17,200290
22253,0.000284,74.125.24.0-255,2902,35833,17,200290
22254,0.000287,172.31.36.0-255,66,35899,17,200290
22255,0.000289,74.125.24.0-255,1484,37383,17,200290
22256,0.000297,172.31.36.0-255,66,37449,17,200290
22257,0.000302,74.125.24.0-255,2902,40351,17,200290
22258,0.000304,172.31.36.0-255,66,40417,17,200290
22259,0.000329,74.125.24.0-255,2902,43319,17,200290
22260,0.000331,172.31.36.0-255,66,43385,17,200290
22261,0.000342,172.31.36.0-255,66,43451,17,200290
22262,0.000377,74.125.24.0-255,5379,48830,17,200290
22263,0.00038,172.31.36.0-255,66,48896,17,200290
22264,0.000394,172.31.36.0-255,66,48962,17,200290
22265,0.000397,74.125.24.0-255,430,49392,17,200290
22266,0.000427,74.125.24.0-255,346,49738,17,200290
22267,0.000589,74.125.24.0-255,1484,51222,17,200290
22268,0.000594,172.31.36.0-255,66,51288,17,200290
22269,0.0006,74.125.24.0-255,2902,54190,17,200290
22270,0.000602,172.31.36.0-255,66,54256,17,200290
22271,0.000608,74.125.24.0-255,2902,57158,17,200290
22272,0.000616,172.31.36.0-255,66,57224,17,200290
22273,0.000651,74.125.24.0-255,2902,60126,17,200290
22274,0.000667,74.125.24.0-255,4320,64446,17,200290
22275,0.000672,172.31.36.0-255,66,64512,17,200290
22276,0.000675,172.31.36.0-255,66,64578,17,200290
22277,0.000678,172.31.36.0-255,66,64644,17,200290
22278,0.000708,74.125.24.0-255,2902,67546,17,200290
22279,0.000711,172.31.36.0-255,66,67612,17,200290
22280,0.000741,74.125.24.0-255,3051,70663,17,200290
22281,0.000744,172.31.36.0-255,66,70729,17,200290
22282,0.000961,74.125.24.0-255,1484,72213,17,200290
22283,0.000967,74.125.24.0-255,2902,75115,17,200290
22284,0.00097,172.31.36.0-255,66,75181,17,200290
22285,0.001,74.125.24.0-255,5738,80919,17,200290
22286,0.001003,172.31.36.0-255,66,80985,17,200290
22287,0.001008,74.125.24.0-255,4320,85305,17,200290
22288,0.00101,172.31.36.0-255,66,85371,17,200290
22289,0.001069,172.31.36.0-255,66,85437,17,200290
22290,0.00108,172.31.36.0-255,66,85503,17,200290
22291,0.001113,74.125.24.0-255,1484,86987,17,200290
22292,0.001117,74.125.24.0-255,2902,89889,17,200290
22293,0.00112,172.31.36.0-255,66,89955,17,200290
22294,0.001125,74.125.24.0-255,2902,92857,17,200290
22295,0.001127,172.31.36.0-255,66,92923,17,200290
22296,0.001149,74.125.24.0-255,2902,95825,17,200290
22297,0.001157,172.31.36.0-255,66,95891,17,200290
22298,0.001195,172.31.36.0-255,66,95957,17,200290
22299,0.001198,74.125.24.0-255,1484,97441,17,200290
22300,0.001235,172.31.36.0-255,66,97507,17,200290
22301,0.001284,74.125.24.0-255,1484,98991,17,200290
22302,0.001298,74.125.24.0-255,2902,101893,17,200290
22303,0.001301,172.31.36.0-255,66,101959,17,200290
22304,0.001307,74.125.24.0-255,4320,106279,17,200290
22305,0.00131,172.31.36.0-255,66,106345,17,200290
22306,0.001347,172.31.36.0-255,66,106411,17,200290
22307,0.001383,172.31.36.0-255,66,106477,17,200290
22308,0.001403,74.125.24.0-255,6438,112915,17,200290
22309,0.001415,172.31.36.0-255,66,112981,17,200290
22310,0.001422,74.125.24.0-255,1484,114465,17,200290
22311,0.001446,74.125.24.0-255,2902,117367,17,200290
22312,0.001452,74.125.24.0-255,5738,123105,17,200290
22313,0.00146,172.31.36.0-255,66,123171,17,200290
22314,0.001504,172.31.36.0-255,66,123237,17,200290
22315,0.001517,74.125.24.0-255,7156,130393,17,200290
22316,0.001527,172.31.36.0-255,66,130459,17,200290
22317,0.001538,74.125.24.0-255,6438,136897,17,200290
22318,0.001571,74.125.24.0-255,5738,142635,17,200290
22319,0.001577,172.31.36.0-255,66,142701,17,200290
22320,0.001589,74.125.24.0-255,4320,147021,17,200290
22321,0.001642,74.125.24.0-255,3602,150623,17,200290
22322,0.001648,172.31.36.0-255,66,150689,17,200290
22323,0.002172,74.125.24.0-255,1484,152173,17,200290
22324,0.002187,74.125.24.0-255,2902,155075,17,200290
22325,0.002191,172.31.36.0-255,66,155141,17,200290
22326,0.002195,74.125.24.0-255,1484,156625,17,200290
22327,0.002219,74.125.24.0-255,4320,160945,17,200290
22328,0.002224,74.125.24.0-255,4320,165265,17,200290
22329,0.002229,172.31.36.0-255,66,165331,17,200290
22330,0.002304,74.125.24.0-255,5738,171069,17,200290
22331,0.002319,74.125.24.0-255,2184,173253,17,200290
22332,0.002329,172.31.36.0-255,66,173319,17,200290
22333,0.002339,74.125.24.0-255,1484,174803,17,200290
22334,0.002356,74.125.24.0-255,2902,177705,17,200290
22335,0.002373,172.31.36.0-255,66,177771,17,200290
22336,0.002381,74.125.24.0-255,5738,183509,17,200290
22337,0.002383,74.125.24.0-255,1484,184993,17,200290
22338,0.002407,172.31.36.0-255,66,185059,17,200290
22339,0.002437,172.31.36.0-255,66,185125,17,200290
22340,0.002445,74.125.24.0-255,5738,190863,17,200290
22341,0.002449,172.31.36.0-255,66,190929,17,200290
22342,0.002529,74.125.24.0-255,2902,193831,17,200290
22343,0.002533,172.31.36.0-255,66,193897,17,200290
22344,0.002537,172.31.36.0-255,66,193963,17,200290
22345,0.002588,172.31.36.0-255,66,194029,17,200290
22346,0.002625,74.125.24.0-255,1484,195513,17,200290
22347,0.002645,74.125.24.0-255,97,195610,17,200290
22348,0.002661,172.31.36.0-255,66,195676,17,200290
22349,0.005229,74.125.24.0-255,105,195781,17,200290
22350,0.010384,172.31.36.0-255,66,195847,17,200290
22351,0.010425,172.31.36.0-255,105,195952,17,200290
22352,0.012959,74.125.24.0-255,66,196018,17,200290
22353,0.035543,172.31.36.0-255,172,196190,17,200290
22354,0.035579,172.31.36.0-255,1116,197306,17,200290
22355,0.035645,172.31.36.0-255,1514,198820,17,200290
22356,0.035647,172.31.36.0-255,1272,200092,17,200290
22357,0.03709,104.244.42.0-255,66,200158,17,200290
22358,0.037123,104.244.42.0-255,66,200224,17,200290
22359,0.037242,104.244.42.0-255,66,200290,17,200290
22360,0.0,172.217.194.0-255,153,153,17,183788
22361,2.7e-05,172.31.36.0-255,66,219,17,183788
22362,3.4e-05,172.217.194.0-255,1484,1703,17,183788
22363,3.8e-05,172.31.36.0-255,66,1769,17,183788
22364,4.2e-05,172.217.194.0-255,2902,4671,17,183788
22365,4.4e-05,172.31.36.0-255,66,4737,17,183788
22366,4.8e-05,172.217.194.0-255,2902,7639,17,183788
22367,5.1e-05,172.31.36.0-255,66,7705,17,183788
22368,0.000106,172.217.194.0-255,6301,14006,17,183788
22369,0.00011,172.31.36.0-255,66,14072,17,183788
22370,0.000116,172.217.194.0-255,7156,21228,17,183788
22371,0.000118,172.31.36.0-255,66,21294,17,183788
22372,0.000152,172.217.194.0-255,4320,25614,17,183788
22373,0.000155,172.31.36.0-255,66,25680,17,183788
22374,0.000177,172.217.194.0-255,5379,31059,17,183788
22375,0.000179,172.31.36.0-255,66,31125,17,183788
22376,0.000279,172.217.194.0-255,1484,32609,17,183788
22377,0.000283,172.31.36.0-255,66,32675,17,183788
22378,0.000289,172.217.194.0-255,2902,35577,17,183788
22379,0.000291,172.31.36.0-255,66,35643,17,183788
22380,0.000297,172.217.194.0-255,5738,41381,17,183788
22381,0.0003,172.31.36.0-255,66,41447,17,183788
22382,0.000305,172.217.194.0-255,4320,45767,17,183788
22383,0.000308,172.31.36.0-255,66,45833,17,183788
22384,0.000332,172.217.194.0-255,1484,47317,17,183788
22385,0.000335,172.31.36.0-255,66,47383,17,183788
22386,0.000349,172.31.36.0-255,66,47449,17,183788
22387,0.000354,172.217.194.0-255,4251,51700,17,183788
22388,0.000356,172.31.36.0-255,66,51766,17,183788
22389,0.000446,172.217.194.0-255,98,51864,17,183788
22390,0.00045,172.31.36.0-255,66,51930,17,183788
22391,0.000526,172.217.194.0-255,1484,53414,17,183788
22392,0.000531,172.217.194.0-255,1484,54898,17,183788
22393,0.000535,172.31.36.0-255,66,54964,17,183788
22394,0.000553,172.217.194.0-255,1484,56448,17,183788
22395,0.000559,172.217.194.0-255,5738,62186,17,183788
22396,0.000562,172.31.36.0-255,66,62252,17,183788
22397,0.000567,172.217.194.0-255,4320,66572,17,183788
22398,0.000569,172.31.36.0-255,66,66638,17,183788
22399,0.000612,172.217.194.0-255,2902,69540,17,183788
22400,0.000616,172.31.36.0-255,66,69606,17,183788
22401,0.000648,172.31.36.0-255,66,69672,17,183788
22402,0.000651,172.217.194.0-255,1484,71156,17,183788
22403,0.000673,172.217.194.0-255,5379,76535,17,183788
22404,0.000676,172.31.36.0-255,66,76601,17,183788
22405,0.00081,172.217.194.0-255,1484,78085,17,183788
22406,0.000816,172.217.194.0-255,2902,80987,17,183788
22407,0.000819,172.31.36.0-255,66,81053,17,183788
22408,0.000841,172.217.194.0-255,5738,86791,17,183788
22409,0.000845,172.31.36.0-255,66,86857,17,183788
22410,0.000873,172.31.36.0-255,66,86923,17,183788
22411,0.000876,172.217.194.0-255,1484,88407,17,183788
22412,0.000891,172.217.194.0-255,4320,92727,17,183788
22413,0.000895,172.31.36.0-255,66,92793,17,183788
22414,0.000916,172.217.194.0-255,4320,97113,17,183788
22415,0.000919,172.31.36.0-255,66,97179,17,183788
22416,0.000922,172.217.194.0-255,766,97945,17,183788
22417,0.000948,172.217.194.0-255,1484,99429,17,183788
22418,0.000952,172.31.36.0-255,66,99495,17,183788
22419,0.000957,172.217.194.0-255,4320,103815,17,183788
22420,0.000959,172.31.36.0-255,66,103881,17,183788
22421,0.000964,172.217.194.0-255,4320,108201,17,183788
22422,0.000967,172.31.36.0-255,66,108267,17,183788
22423,0.000998,172.217.194.0-255,5738,114005,17,183788
22424,0.001001,172.31.36.0-255,66,114071,17,183788
22425,0.00101,172.31.36.0-255,66,114137,17,183788
22426,0.001068,172.31.36.0-255,66,114203,17,183788
22427,0.001076,172.217.194.0-255,7156,121359,17,183788
22428,0.001079,172.31.36.0-255,66,121425,17,183788
22429,0.001094,172.217.194.0-255,2902,124327,17,183788
22430,0.001096,172.31.36.0-255,66,124393,17,183788
22431,0.00111,172.31.36.0-255,66,124459,17,183788
22432,0.00115,172.31.36.0-255,66,124525,17,183788
22433,0.00118,172.217.194.0-255,2902,127427,17,183788
22434,0.001183,172.31.36.0-255,66,127493,17,183788
22435,0.001207,172.31.36.0-255,66,127559,17,183788
22436,0.001225,172.31.36.0-255,66,127625,17,183788
22437,0.001231,172.217.194.0-255,2902,130527,17,183788
22438,0.001234,172.31.36.0-255,66,130593,17,183788
22439,0.001268,172.31.36.0-255,66,130659,17,183788
22440,0.001293,172.31.36.0-255,66,130725,17,183788
22441,0.001298,172.217.194.0-255,3602,134327,17,183788
22442,0.0013,172.31.36.0-255,66,134393,17,183788
22443,0.001324,172.217.194.0-255,2902,137295,17,183788
22444,0.001327,172.31.36.0-255,66,137361,17,183788
22445,0.001352,172.217.194.0-255,2902,140263,17,183788
22446,0.001355,172.31.36.0-255,66,140329,17,183788
22447,0.001362,172.217.194.0-255,7156,147485,17,183788
22448,0.001364,172.31.36.0-255,66,147551,17,183788
22449,0.001377,172.31.36.0-255,66,147617,17,183788
22450,0.001395,172.217.194.0-255,1484,149101,17,183788
22451,0.001406,172.31.36.0-255,66,149167,17,183788
22452,0.001422,172.217.194.0-255,5738,154905,17,183788
22453,0.001425,172.31.36.0-255,66,154971,17,183788
22454,0.001464,172.31.36.0-255,66,155037,17,183788
22455,0.001475,172.31.36.0-255,66,155103,17,183788
22456,0.001479,172.217.194.0-255,2902,158005,17,183788
22457,0.001481,172.31.36.0-255,66,158071,17,183788
22458,0.001486,172.217.194.0-255,4320,162391,17,183788
22459,0.001489,172.31.36.0-255,66,162457,17,183788
22460,0.001543,172.31.36.0-255,66,162523,17,183788
22461,0.001561,172.31.36.0-255,66,162589,17,183788
22462,0.001682,172.217.194.0-255,1484,164073,17,183788
22463,0.001699,172.217.194.0-255,2902,166975,17,183788
22464,0.001703,172.31.36.0-255,66,167041,17,183788
22465,0.001713,172.217.194.0-255,5738,172779,17,183788
22466,0.001717,172.31.36.0-255,66,172845,17,183788
22467,0.001751,172.31.36.0-255,66,172911,17,183788
22468,0.001782,172.217.194.0-255,5738,178649,17,183788
22469,0.001785,172.31.36.0-255,66,178715,17,183788
22470,0.001819,172.31.36.0-255,66,178781,17,183788
22471,0.001823,172.217.194.0-255,204,178985,17,183788
22472,0.001838,172.217.194.0-255,105,179090,17,183788
22473,0.009837,172.31.36.0-255,66,179156,17,183788
22474,0.00987,172.31.36.0-255,105,179261,17,183788
22475,0.011332,172.217.194.0-255,105,179366,17,183788
22476,0.011345,172.31.36.0-255,78,179444,17,183788
22477,0.012202,172.217.194.0-255,66,179510,17,183788
22478,0.030563,172.31.36.0-255,176,179686,17,183788
22479,0.030594,172.31.36.0-255,1117,180803,17,183788
22480,0.030631,172.31.36.0-255,1514,182317,17,183788
22481,0.030633,172.31.36.0-255,1273,183590,17,183788
22482,0.032108,104.244.42.0-255,66,183656,17,183788
22483,0.03214,104.244.42.0-255,66,183722,17,183788
22484,0.032196,104.244.42.0-255,66,183788,17,183788
22485,0.0,172.217.160.0-255,152,152,17,333699
22486,3.5e-05,172.31.36.0-255,66,218,17,333699
22487,4.2e-05,172.217.160.0-255,1484,1702,17,333699
22488,4.7e-05,172.31.36.0-255,66,1768,17,333699
22489,5e-05,172.217.160.0-255,1484,3252,17,333699
22490,5.2e-05,172.31.36.0-255,66,3318,17,333699
22491,6e-05,172.217.160.0-255,4320,7638,17,333699
22492,6.3e-05,172.31.36.0-255,66,7704,17,333699
22493,8.4e-05,172.217.160.0-255,6222,13926,17,333699
22494,8.8e-05,172.31.36.0-255,66,13992,17,333699
22495,0.000167,172.217.160.0-255,1484,15476,17,333699
22496,0.000171,172.31.36.0-255,66,15542,17,333699
22497,0.00019,172.217.160.0-255,2902,18444,17,333699
22498,0.000193,172.31.36.0-255,66,18510,17,333699
22499,0.000226,172.217.160.0-255,5738,24248,17,333699
22500,0.000229,172.31.36.0-255,66,24314,17,333699
22501,0.000294,172.217.160.0-255,2902,27216,17,333699
22502,0.000298,172.31.36.0-255,66,27282,17,333699
22503,0.000331,172.31.36.0-255,66,27348,17,333699
22504,0.00049,172.217.160.0-255,5738,33086,17,333699
22505,0.000495,172.31.36.0-255,66,33152,17,333699
22506,0.000514,172.217.160.0-255,3961,37113,17,333699
22507,0.000522,172.31.36.0-255,66,37179,17,333699
22508,0.000618,172.217.160.0-255,4320,41499,17,333699
22509,0.000622,172.31.36.0-255,66,41565,17,333699
22510,0.000649,172.31.36.0-255,66,41631,17,333699
22511,0.000821,172.217.160.0-255,372,42003,17,333699
22512,0.000825,172.31.36.0-255,66,42069,17,333699
22513,0.000829,172.217.160.0-255,104,42173,17,333699
22514,0.000831,172.31.36.0-255,66,42239,17,333699
22515,0.000835,172.217.160.0-255,1484,43723,17,333699
22516,0.000856,172.217.160.0-255,1484,45207,17,333699
22517,0.00087,172.31.36.0-255,66,45273,17,333699
22518,0.000876,172.217.160.0-255,2902,48175,17,333699
22519,0.00089,172.31.36.0-255,66,48241,17,333699
22520,0.000891,172.217.160.0-255,4320,52561,17,333699
22521,0.000894,172.31.36.0-255,66,52627,17,333699
22522,0.000981,172.217.160.0-255,4320,56947,17,333699
22523,0.000985,172.31.36.0-255,66,57013,17,333699
22524,0.001021,172.31.36.0-255,66,57079,17,333699
22525,0.001198,172.31.36.0-255,66,57145,17,333699
22526,0.001303,172.217.160.0-255,5738,62883,17,333699
22527,0.001323,172.217.160.0-255,2902,65785,17,333699
22528,0.001401,172.217.160.0-255,2902,68687,17,333699
22529,0.001659,172.217.160.0-255,5738,74425,17,333699
22530,0.001726,172.217.160.0-255,5020,79445,17,333699
22531,0.00218,172.217.160.0-255,1065,80510,17,333699
22532,0.005674,172.31.36.0-255,66,80576,17,333699
22533,0.007317,172.217.160.0-255,5738,86314,17,333699
22534,0.007325,172.31.36.0-255,66,86380,17,333699
22535,0.008947,172.217.160.0-255,5738,92118,17,333699
22536,0.008955,172.31.36.0-255,66,92184,17,333699
22537,0.010585,172.217.160.0-255,5738,97922,17,333699
22538,0.010592,172.31.36.0-255,66,97988,17,333699
22539,0.012218,172.217.160.0-255,5738,103726,17,333699
22540,0.012225,172.31.36.0-255,66,103792,17,333699
22541,0.013845,172.217.160.0-255,5738,109530,17,333699
22542,0.013853,172.31.36.0-255,66,109596,17,333699
22543,0.015479,172.217.160.0-255,5738,115334,17,333699
22544,0.015488,172.31.36.0-255,66,115400,17,333699
22545,0.017165,172.217.160.0-255,5738,121138,17,333699
22546,0.017177,172.31.36.0-255,66,121204,17,333699
22547,0.0188,172.217.160.0-255,5738,126942,17,333699
22548,0.018809,172.31.36.0-255,66,127008,17,333699
22549,0.020477,172.217.160.0-255,5738,132746,17,333699
22550,0.020485,172.31.36.0-255,66,132812,17,333699
22551,0.022103,172.217.160.0-255,5738,138550,17,333699
22552,0.022111,172.31.36.0-255,66,138616,17,333699
22553,0.023729,172.217.160.0-255,5738,144354,17,333699
22554,0.023737,172.31.36.0-255,66,144420,17,333699
22555,0.025288,172.31.36.0-255,188,144608,17,333699
22556,0.025323,172.31.36.0-255,961,145569,17,333699
22557,0.025362,172.31.36.0-255,1514,147083,17,333699
22558,0.025364,172.31.36.0-255,1514,148597,17,333699
22559,0.025368,172.217.160.0-255,1484,150081,17,333699
22560,0.025397,172.217.160.0-255,4320,154401,17,333699
22561,0.025401,172.31.36.0-255,66,154467,17,333699
22562,0.025408,172.31.36.0-255,826,155293,17,333699
22563,0.026842,104.244.42.0-255,66,155359,17,333699
22564,0.026875,104.244.42.0-255,66,155425,17,333699
22565,0.026933,104.244.42.0-255,66,155491,17,333699
22566,0.026938,104.244.42.0-255,66,155557,17,333699
22567,0.027033,172.217.160.0-255,5738,161295,17,333699
22568,0.027039,172.31.36.0-255,66,161361,17,333699
22569,0.02867,172.217.160.0-255,5738,167099,17,333699
22570,0.028681,172.31.36.0-255,66,167165,17,333699
22571,0.030313,172.217.160.0-255,5738,172903,17,333699
22572,0.030319,172.31.36.0-255,66,172969,17,333699
22573,0.031941,172.217.160.0-255,5738,178707,17,333699
22574,0.03195,172.31.36.0-255,66,178773,17,333699
22575,0.033565,172.217.160.0-255,5738,184511,17,333699
22576,0.03357,172.31.36.0-255,66,184577,17,333699
22577,0.035192,172.217.160.0-255,4320,188897,17,333699
22578,0.035198,172.31.36.0-255,66,188963,17,333699
22579,0.035227,172.217.160.0-255,1484,190447,17,333699
22580,0.036815,172.217.160.0-255,4320,194767,17,333699
22581,0.03682,172.31.36.0-255,66,194833,17,333699
22582,0.038436,172.217.160.0-255,5738,200571,17,333699
22583,0.038489,172.31.36.0-255,66,200637,17,333699
22584,0.040114,172.217.160.0-255,4320,204957,17,333699
22585,0.040119,172.31.36.0-255,66,205023,17,333699
22586,0.040151,172.217.160.0-255,1484,206507,17,333699
22587,0.041742,172.217.160.0-255,4320,210827,17,333699
22588,0.041747,172.31.36.0-255,66,210893,17,333699
22589,0.043375,172.217.160.0-255,5738,216631,17,333699
22590,0.043431,172.31.36.0-255,66,216697,17,333699
22591,0.045052,172.217.160.0-255,5738,222435,17,333699
22592,0.045059,172.31.36.0-255,66,222501,17,333699
22593,0.04668,172.217.160.0-255,5738,228239,17,333699
22594,0.046685,172.31.36.0-255,66,228305,17,333699
22595,0.048303,172.217.160.0-255,5738,234043,17,333699
22596,0.048309,172.31.36.0-255,66,234109,17,333699
22597,0.049936,172.217.160.0-255,5738,239847,17,333699
22598,0.049942,172.31.36.0-255,66,239913,17,333699
22599,0.051572,172.217.160.0-255,5738,245651,17,333699
22600,0.051579,172.31.36.0-255,66,245717,17,333699
22601,0.053249,172.217.160.0-255,4320,250037,17,333699
22602,0.053254,172.31.36.0-255,66,250103,17,333699
22603,0.053283,172.217.160.0-255,1484,251587,17,333699
22604,0.054879,172.217.160.0-255,4320,255907,17,333699
22605,0.054884,172.31.36.0-255,66,255973,17,333699
22606,0.056513,172.217.160.0-255,5738,261711,17,333699
22607,0.056573,172.31.36.0-255,66,261777,17,333699
22608,0.058197,172.217.160.0-255,5738,267515,17,333699
22609,0.058203,172.31.36.0-255,66,267581,17,333699
22610,0.059834,172.217.160.0-255,5738,273319,17,333699
22611,0.059839,172.31.36.0-255,66,273385,17,333699
22612,0.061465,172.217.160.0-255,5738,279123,17,333699
22613,0.061472,172.31.36.0-255,66,279189,17,333699
22614,0.063098,172.217.160.0-255,5738,284927,17,333699
22615,0.063165,172.31.36.0-255,66,284993,17,333699
22616,0.064793,172.217.160.0-255,1484,286477,17,333699
22617,0.06487,172.217.160.0-255,4320,290797,17,333699
22618,0.064876,172.31.36.0-255,66,290863,17,333699
22619,0.066492,172.217.160.0-255,5738,296601,17,333699
22620,0.066498,172.31.36.0-255,66,296667,17,333699
22621,0.068164,172.217.160.0-255,4320,300987,17,333699
22622,0.068169,172.31.36.0-255,66,301053,17,333699
22623,0.068199,172.217.160.0-255,1484,302537,17,333699
22624,0.069805,172.217.160.0-255,4320,306857,17,333699
22625,0.06981,172.31.36.0-255,66,306923,17,333699
22626,0.071437,172.217.160.0-255,5738,312661,17,333699
22627,0.071496,172.31.36.0-255,66,312727,17,333699
22628,0.073149,172.217.160.0-255,5738,318465,17,333699
22629,0.073155,172.31.36.0-255,66,318531,17,333699
22630,0.074777,172.217.160.0-255,4320,322851,17,333699
22631,0.074783,172.31.36.0-255,66,322917,17,333699
22632,0.074811,172.217.160.0-255,1484,324401,17,333699
22633,0.076397,172.217.160.0-255,4320,328721,17,333699
22634,0.076403,172.31.36.0-255,66,328787,17,333699
22635,0.078045,172.217.160.0-255,4675,333462,17,333699
22636,0.078105,172.31.36.0-255,66,333528,17,333699
22637,0.078255,172.31.36.0-255,105,333633,17,333699
22638,0.079844,172.217.160.0-255,66,333699,17,333699
22639,0.0,74.125.68.0-255,150,150,17,346141
22640,2.5e-05,172.31.36.0-255,66,216,17,346141
22641,3.4e-05,74.125.68.0-255,1484,1700,17,346141
22642,3.8e-05,172.31.36.0-255,66,1766,17,346141
22643,5.2e-05,74.125.68.0-255,2902,4668,17,346141
22644,5.6e-05,172.31.36.0-255,66,4734,17,346141
22645,9.1e-05,74.125.68.0-255,2902,7636,17,346141
22646,9.5e-05,172.31.36.0-255,66,7702,17,346141
22647,0.000144,74.125.68.0-255,4320,12022,17,346141
22648,0.000147,172.31.36.0-255,66,12088,17,346141
22649,0.000191,74.125.68.0-255,2035,14123,17,346141
22650,0.000194,172.31.36.0-255,66,14189,17,346141
22651,0.000255,74.125.68.0-255,1484,15673,17,346141
22652,0.000258,172.31.36.0-255,66,15739,17,346141
22653,0.000264,74.125.68.0-255,2902,18641,17,346141
22654,0.000267,172.31.36.0-255,66,18707,17,346141
22655,0.0003,74.125.68.0-255,5738,24445,17,346141
22656,0.000302,172.31.36.0-255,66,24511,17,346141
22657,0.000307,74.125.68.0-255,2902,27413,17,346141
22658,0.000309,172.31.36.0-255,66,27479,17,346141
22659,0.000315,74.125.68.0-255,3961,31440,17,346141
22660,0.000323,172.31.36.0-255,66,31506,17,346141
22661,0.000351,74.125.68.0-255,1484,32990,17,346141
22662,0.000354,172.31.36.0-255,66,33056,17,346141
22663,0.000382,74.125.68.0-255,2902,35958,17,346141
22664,0.000385,172.31.36.0-255,66,36024,17,346141
22665,0.000391,74.125.68.0-255,5738,41762,17,346141
22666,0.000394,172.31.36.0-255,66,41828,17,346141
22667,0.000405,74.125.68.0-255,4320,46148,17,346141
22668,0.000407,172.31.36.0-255,66,46214,17,346141
22669,0.000437,74.125.68.0-255,2543,48757,17,346141
22670,0.00044,172.31.36.0-255,66,48823,17,346141
22671,0.001066,74.125.68.0-255,1484,50307,17,346141
22672,0.001075,74.125.68.0-255,2902,53209,17,346141
22673,0.00108,172.31.36.0-255,66,53275,17,346141
22674,0.001115,74.125.68.0-255,2902,56177,17,346141
22675,0.001117,172.31.36.0-255,66,56243,17,346141
22676,0.001146,74.125.68.0-255,2902,59145,17,346141
22677,0.001148,172.31.36.0-255,66,59211,17,346141
22678,0.001155,74.125.68.0-255,4320,63531,17,346141
22679,0.001157,172.31.36.0-255,66,63597,17,346141
22680,0.001174,74.125.68.0-255,1484,65081,17,346141
22681,0.00121,74.125.68.0-255,1456,66537,17,346141
22682,0.001213,172.31.36.0-255,66,66603,17,346141
22683,0.001391,74.125.68.0-255,1484,68087,17,346141
22684,0.001416,74.125.68.0-255,2902,70989,17,346141
22685,0.00142,172.31.36.0-255,66,71055,17,346141
22686,0.001428,74.125.68.0-255,5738,76793,17,346141
22687,0.00143,172.31.36.0-255,66,76859,17,346141
22688,0.001438,74.125.68.0-255,1484,78343,17,346141
22689,0.001443,74.125.68.0-255,2902,81245,17,346141
22690,0.001445,172.31.36.0-255,66,81311,17,346141
22691,0.001471,74.125.68.0-255,1484,82795,17,346141
22692,0.001488,74.125.68.0-255,2543,85338,17,346141
22693,0.00149,172.31.36.0-255,66,85404,17,346141
22694,0.001518,74.125.68.0-255,5738,91142,17,346141
22695,0.001521,172.31.36.0-255,66,91208,17,346141
22696,0.001529,74.125.68.0-255,7156,98364,17,346141
22697,0.001531,172.31.36.0-255,66,98430,17,346141
22698,0.001557,74.125.68.0-255,2243,100673,17,346141
22699,0.00156,172.31.36.0-255,66,100739,17,346141
22700,0.002377,74.125.68.0-255,1484,102223,17,346141
22701,0.002396,74.125.68.0-255,2902,105125,17,346141
22702,0.0024,172.31.36.0-255,66,105191,17,346141
22703,0.002436,74.125.68.0-255,5738,110929,17,346141
22704,0.002439,172.31.36.0-255,66,110995,17,346141
22705,0.002486,74.125.68.0-255,7156,118151,17,346141
22706,0.002493,74.125.68.0-255,4320,122471,17,346141
22707,0.002507,74.125.68.0-255,4320,126791,17,346141
22708,0.002518,74.125.68.0-255,1484,128275,17,346141
22709,0.002521,74.125.68.0-255,1484,129759,17,346141
22710,0.005484,172.31.36.0-255,66,129825,17,346141
22711,0.007993,74.125.68.0-255,5738,135563,17,346141
22712,0.007999,172.31.36.0-255,66,135629,17,346141
22713,0.010512,74.125.68.0-255,5738,141367,17,346141
22714,0.010521,172.31.36.0-255,66,141433,17,346141
22715,0.013038,74.125.68.0-255,5738,147171,17,346141
22716,0.013047,172.31.36.0-255,66,147237,17,346141
22717,0.015561,74.125.68.0-255,5738,152975,17,346141
22718,0.015572,172.31.36.0-255,66,153041,17,346141
22719,0.018107,74.125.68.0-255,4320,157361,17,346141
22720,0.01812,172.31.36.0-255,66,157427,17,346141
22721,0.018153,74.125.68.0-255,1484,158911,17,346141
22722,0.020638,74.125.68.0-255,4320,163231,17,346141
22723,0.020646,172.31.36.0-255,66,163297,17,346141
22724,0.023161,74.125.68.0-255,5738,169035,17,346141
22725,0.023169,172.31.36.0-255,66,169101,17,346141
22726,0.025688,74.125.68.0-255,5738,174839,17,346141
22727,0.025696,172.31.36.0-255,66,174905,17,346141
22728,0.028221,74.125.68.0-255,5738,180643,17,346141
22729,0.028235,172.31.36.0-255,66,180709,17,346141
22730,0.030739,74.125.68.0-255,5738,186447,17,346141
22731,0.030747,172.31.36.0-255,66,186513,17,346141
22732,0.033271,74.125.68.0-255,5738,192251,17,346141
22733,0.033279,172.31.36.0-255,66,192317,17,346141
22734,0.034069,172.31.36.0-255,172,192489,17,346141
22735,0.034101,172.31.36.0-255,1118,193607,17,346141
22736,0.034158,172.31.36.0-255,1514,195121,17,346141
22737,0.03416,172.31.36.0-255,1270,196391,17,346141
22738,0.035589,104.244.42.0-255,66,196457,17,346141
22739,0.03563,104.244.42.0-255,66,196523,17,346141
22740,0.035718,104.244.42.0-255,66,196589,17,346141
22741,0.035797,74.125.68.0-255,4320,200909,17,346141
22742,0.035803,172.31.36.0-255,66,200975,17,346141
22743,0.035821,74.125.68.0-255,1484,202459,17,346141
22744,0.038367,74.125.68.0-255,4320,206779,17,346141
22745,0.038382,172.31.36.0-255,66,206845,17,346141
22746,0.040968,74.125.68.0-255,5738,212583,17,346141
22747,0.040976,172.31.36.0-255,66,212649,17,346141
22748,0.04349,74.125.68.0-255,5738,218387,17,346141
22749,0.043497,172.31.36.0-255,66,218453,17,346141
22750,0.046015,74.125.68.0-255,5738,224191,17,346141
22751,0.046022,172.31.36.0-255,66,224257,17,346141
22752,0.048553,74.125.68.0-255,5738,229995,17,346141
22753,0.048562,172.31.36.0-255,66,230061,17,346141
22754,0.051088,74.125.68.0-255,5738,235799,17,346141
22755,0.051096,172.31.36.0-255,66,235865,17,346141
22756,0.053624,74.125.68.0-255,5738,241603,17,346141
22757,0.05364,172.31.36.0-255,66,241669,17,346141
22758,0.056178,74.125.68.0-255,5738,247407,17,346141
22759,0.056185,172.31.36.0-255,66,247473,17,346141
22760,0.058707,74.125.68.0-255,5738,253211,17,346141
22761,0.058715,172.31.36.0-255,66,253277,17,346141
22762,0.061246,74.125.68.0-255,5738,259015,17,346141
22763,0.061254,172.31.36.0-255,66,259081,17,346141
22764,0.063773,74.125.68.0-255,5738,264819,17,346141
22765,0.063782,172.31.36.0-255,66,264885,17,346141
22766,0.066306,74.125.68.0-255,5738,270623,17,346141
22767,0.066313,172.31.36.0-255,66,270689,17,346141
22768,0.06886,74.125.68.0-255,5738,276427,17,346141
22769,0.068873,172.31.36.0-255,66,276493,17,346141
22770,0.071428,74.125.68.0-255,5738,282231,17,346141
22771,0.071436,172.31.36.0-255,66,282297,17,346141
22772,0.073955,74.125.68.0-255,5738,288035,17,346141
22773,0.073966,172.31.36.0-255,66,288101,17,346141
22774,0.07652,74.125.68.0-255,5738,293839,17,346141
22775,0.076525,172.31.36.0-255,66,293905,17,346141
22776,0.079052,74.125.68.0-255,5738,299643,17,346141
22777,0.07906,172.31.36.0-255,66,299709,17,346141
22778,0.081582,74.125.68.0-255,5738,305447,17,346141
22779,0.081589,172.31.36.0-255,66,305513,17,346141
22780,0.084196,74.125.68.0-255,5738,311251,17,346141
22781,0.084206,172.31.36.0-255,66,311317,17,346141
22782,0.086744,74.125.68.0-255,5738,317055,17,346141
22783,0.086751,172.31.36.0-255,66,317121,17,346141
22784,0.089277,74.125.68.0-255,5738,322859,17,346141
22785,0.089284,172.31.36.0-255,66,322925,17,346141
22786,0.091797,74.125.68.0-255,5738,328663,17,346141
22787,0.091804,172.31.36.0-255,66,328729,17,346141
22788,0.094309,74.125.68.0-255,5738,334467,17,346141
22789,0.094316,172.31.36.0-255,66,334533,17,346141
22790,0.09684,74.125.68.0-255,5738,340271,17,346141
22791,0.096847,172.31.36.0-255,66,340337,17,346141
22792,0.0994,74.125.68.0-255,5738,346075,17,346141
22793,0.099412,172.31.36.0-255,66,346141,17,346141
22794,0.0,74.125.24.0-255,153,153,17,256304
22795,2.8e-05,172.31.36.0-255,66,219,17,256304
22796,3.5e-05,74.125.24.0-255,1484,1703,17,256304
22797,4e-05,172.31.36.0-255,66,1769,17,256304
22798,4.5e-05,74.125.24.0-255,2902,4671,17,256304
22799,4.8e-05,172.31.36.0-255,66,4737,17,256304
22800,5.5e-05,74.125.24.0-255,7156,11893,17,256304
22801,5.8e-05,172.31.36.0-255,66,11959,17,256304
22802,8.2e-05,74.125.24.0-255,2012,13971,17,256304
22803,8.4e-05,172.31.36.0-255,66,14037,17,256304
22804,0.000121,74.125.24.0-255,2902,16939,17,256304
22805,0.000126,172.31.36.0-255,66,17005,17,256304
22806,0.000146,74.125.24.0-255,4320,21325,17,256304
22807,0.000148,172.31.36.0-255,66,21391,17,256304
22808,0.000167,74.125.24.0-255,1484,22875,17,256304
22809,0.000169,172.31.36.0-255,66,22941,17,256304
22810,0.000187,74.125.24.0-255,4320,27261,17,256304
22811,0.00019,172.31.36.0-255,66,27327,17,256304
22812,0.000213,74.125.24.0-255,2902,30229,17,256304
22813,0.000216,172.31.36.0-255,66,30295,17,256304
22814,0.000219,74.125.24.0-255,1125,31420,17,256304
22815,0.000221,172.31.36.0-255,66,31486,17,256304
22816,0.000225,74.125.24.0-255,1484,32970,17,256304
22817,0.000227,172.31.36.0-255,66,33036,17,256304
22818,0.000249,74.125.24.0-255,4320,37356,17,256304
22819,0.000251,172.31.36.0-255,66,37422,17,256304
22820,0.000254,74.125.24.0-255,1484,38906,17,256304
22821,0.000256,172.31.36.0-255,66,38972,17,256304
22822,0.000286,172.31.36.0-255,66,39038,17,256304
22823,0.00029,74.125.24.0-255,1125,40163,17,256304
22824,0.000293,172.31.36.0-255,66,40229,17,256304
22825,0.000395,74.125.24.0-255,1484,41713,17,256304
22826,0.000402,74.125.24.0-255,2902,44615,17,256304
22827,0.000406,172.31.36.0-255,66,44681,17,256304
22828,0.000411,74.125.24.0-255,2902,47583,17,256304
22829,0.000413,172.31.36.0-255,66,47649,17,256304
22830,0.000431,74.125.24.0-255,2902,50551,17,256304
22831,0.000434,172.31.36.0-255,66,50617,17,256304
22832,0.000438,74.125.24.0-255,2902,53519,17,256304
22833,0.000441,172.31.36.0-255,66,53585,17,256304
22834,0.000465,74.125.24.0-255,3961,57546,17,256304
22835,0.000468,172.31.36.0-255,66,57612,17,256304
22836,0.000577,74.125.24.0-255,1484,59096,17,256304
22837,0.000593,74.125.24.0-255,2902,61998,17,256304
22838,0.000597,172.31.36.0-255,66,62064,17,256304
22839,0.00063,74.125.24.0-255,4320,66384,17,256304
22840,0.000633,172.31.36.0-255,66,66450,17,256304
22841,0.000649,74.125.24.0-255,1484,67934,17,256304
22842,0.000663,74.125.24.0-255,2902,70836,17,256304
22843,0.000665,172.31.36.0-255,66,70902,17,256304
22844,0.000691,172.31.36.0-255,66,70968,17,256304
22845,0.000698,74.125.24.0-255,5738,76706,17,256304
22846,0.0007,172.31.36.0-255,66,76772,17,256304
22847,0.000716,74.125.24.0-255,1484,78256,17,256304
22848,0.000721,74.125.24.0-255,4224,82480,17,256304
22849,0.000724,172.31.36.0-255,66,82546,17,256304
22850,0.000788,74.125.24.0-255,1484,84030,17,256304
22851,0.000792,74.125.24.0-255,1484,85514,17,256304
22852,0.000795,172.31.36.0-255,66,85580,17,256304
22853,0.000813,74.125.24.0-255,1484,87064,17,256304
22854,0.00082,74.125.24.0-255,5738,92802,17,256304
22855,0.000824,172.31.36.0-255,66,92868,17,256304
22856,0.000849,172.31.36.0-255,66,92934,17,256304
22857,0.000853,74.125.24.0-255,2902,95836,17,256304
22858,0.000856,172.31.36.0-255,66,95902,17,256304
22859,0.000878,74.125.24.0-255,5738,101640,17,256304
22860,0.000881,172.31.36.0-255,66,101706,17,256304
22861,0.000898,74.125.24.0-255,2184,103890,17,256304
22862,0.000902,172.31.36.0-255,66,103956,17,256304
22863,0.001206,74.125.24.0-255,1484,105440,17,256304
22864,0.001224,74.125.24.0-255,2902,108342,17,256304
22865,0.001228,172.31.36.0-255,66,108408,17,256304
22866,0.001236,74.125.24.0-255,5738,114146,17,256304
22867,0.001238,172.31.36.0-255,66,114212,17,256304
22868,0.001243,74.125.24.0-255,4320,118532,17,256304
22869,0.001246,172.31.36.0-255,66,118598,17,256304
22870,0.001283,172.31.36.0-255,66,118664,17,256304
22871,0.00129,74.125.24.0-255,7156,125820,17,256304
22872,0.001292,172.31.36.0-255,66,125886,17,256304
22873,0.001306,74.125.24.0-255,1484,127370,17,256304
22874,0.001328,74.125.24.0-255,6438,133808,17,256304
22875,0.001331,172.31.36.0-255,66,133874,17,256304
22876,0.001343,74.125.24.0-255,1484,135358,17,256304
22877,0.001344,172.31.36.0-255,66,135424,17,256304
22878,0.001386,172.31.36.0-255,66,135490,17,256304
22879,0.00139,74.125.24.0-255,2184,137674,17,256304
22880,0.001393,172.31.36.0-255,66,137740,17,256304
22881,0.001414,74.125.24.0-255,1484,139224,17,256304
22882,0.001444,172.31.36.0-255,66,139290,17,256304
22883,0.001463,74.125.24.0-255,1484,140774,17,256304
22884,0.00147,74.125.24.0-255,7156,147930,17,256304
22885,0.001473,172.31.36.0-255,66,147996,17,256304
22886,0.001497,74.125.24.0-255,6438,154434,17,256304
22887,0.0015,172.31.36.0-255,66,154500,17,256304
22888,0.001514,172.31.36.0-255,66,154566,17,256304
22889,0.001528,74.125.24.0-255,1484,156050,17,256304
22890,0.001575,74.125.24.0-255,7156,163206,17,256304
22891,0.001579,172.31.36.0-255,66,163272,17,256304
22892,0.001611,172.31.36.0-255,66,163338,17,256304
22893,0.001615,74.125.24.0-255,1484,164822,17,256304
22894,0.00162,74.125.24.0-255,2902,167724,17,256304
22895,0.001623,172.31.36.0-255,66,167790,17,256304
22896,0.001628,74.125.24.0-255,4320,172110,17,256304
22897,0.001631,172.31.36.0-255,66,172176,17,256304
22898,0.001658,74.125.24.0-255,1484,173660,17,256304
22899,0.001671,172.31.36.0-255,66,173726,17,256304
22900,0.001683,172.31.36.0-255,66,173792,17,256304
22901,0.001704,74.125.24.0-255,2184,175976,17,256304
22902,0.001711,172.31.36.0-255,66,176042,17,256304
22903,0.001722,74.125.24.0-255,1484,177526,17,256304
22904,0.001742,74.125.24.0-255,2902,180428,17,256304
22905,0.001746,172.31.36.0-255,66,180494,17,256304
22906,0.001752,74.125.24.0-255,5738,186232,17,256304
22907,0.001754,172.31.36.0-255,66,186298,17,256304
22908,0.001784,74.125.24.0-255,7156,193454,17,256304
22909,0.001788,172.31.36.0-255,66,193520,17,256304
22910,0.00182,74.125.24.0-255,4320,197840,17,256304
22911,0.001824,172.31.36.0-255,66,197906,17,256304
22912,0.00185,74.125.24.0-255,2184,200090,17,256304
22913,0.001851,172.31.36.0-255,66,200156,17,256304
22914,0.001856,172.31.36.0-255,66,200222,17,256304
22915,0.001881,74.125.24.0-255,1484,201706,17,256304
22916,0.001885,74.125.24.0-255,2902,204608,17,256304
22917,0.001888,74.125.24.0-255,1484,206092,17,256304
22918,0.00189,172.31.36.0-255,66,206158,17,256304
22919,0.00191,74.125.24.0-255,4320,210478,17,256304
22920,0.001912,172.31.36.0-255,66,210544,17,256304
22921,0.001919,74.125.24.0-255,5738,216282,17,256304
22922,0.001937,172.31.36.0-255,66,216348,17,256304
22923,0.001938,74.125.24.0-255,4320,220668,17,256304
22924,0.001941,172.31.36.0-255,66,220734,17,256304
22925,0.001958,74.125.24.0-255,4320,225054,17,256304
22926,0.001965,172.31.36.0-255,66,225120,17,256304
22927,0.001974,74.125.24.0-255,7156,232276,17,256304
22928,0.001982,172.31.36.0-255,66,232342,17,256304
22929,0.002017,172.31.36.0-255,66,232408,17,256304
22930,0.002019,74.125.24.0-255,5738,238146,17,256304
22931,0.002031,172.31.36.0-255,66,238212,17,256304
22932,0.002037,74.125.24.0-255,2902,241114,17,256304
22933,0.002045,172.31.36.0-255,66,241180,17,256304
22934,0.002049,172.31.36.0-255,66,241246,17,256304
22935,0.002076,74.125.24.0-255,3602,244848,17,256304
22936,0.002079,172.31.36.0-255,66,244914,17,256304
22937,0.002081,74.125.24.0-255,6628,251542,17,256304
22938,0.002083,172.31.36.0-255,66,251608,17,256304
22939,0.002097,74.125.24.0-255,105,251713,17,256304
22940,0.002097,172.31.36.0-255,66,251779,17,256304
22941,0.003588,172.31.36.0-255,66,251845,17,256304
22942,0.003615,172.31.36.0-255,105,251950,17,256304
22943,0.00588,74.125.24.0-255,66,252016,17,256304
22944,0.033415,172.31.36.0-255,188,252204,17,256304
22945,0.033447,172.31.36.0-255,961,253165,17,256304
22946,0.033494,172.31.36.0-255,1514,254679,17,256304
22947,0.033496,172.31.36.0-255,1427,256106,17,256304
22948,0.034986,104.244.42.0-255,66,256172,17,256304
22949,0.035031,104.244.42.0-255,66,256238,17,256304
22950,0.035135,104.244.42.0-255,66,256304,17,256304
22951,0.0,172.217.194.0-255,153,153,17,275985
22952,1.7e-05,172.31.36.0-255,66,219,17,275985
22953,2.4e-05,172.217.194.0-255,1484,1703,17,275985
22954,2.8e-05,172.31.36.0-255,66,1769,17,275985
22955,3.3e-05,172.217.194.0-255,2902,4671,17,275985
22956,3.6e-05,172.31.36.0-255,66,4737,17,275985
22957,4.2e-05,172.217.194.0-255,4320,9057,17,275985
22958,4.5e-05,172.31.36.0-255,66,9123,17,275985
22959,7.3e-05,172.217.194.0-255,2902,12025,17,275985
22960,7.6e-05,172.31.36.0-255,66,12091,17,275985
22961,7.9e-05,172.217.194.0-255,2060,14151,17,275985
22962,8.1e-05,172.31.36.0-255,66,14217,17,275985
22963,0.000119,172.31.36.0-255,66,14283,17,275985
22964,0.000137,172.217.194.0-255,1484,15767,17,275985
22965,0.000139,172.31.36.0-255,66,15833,17,275985
22966,0.000144,172.217.194.0-255,4320,20153,17,275985
22967,0.000146,172.31.36.0-255,66,20219,17,275985
22968,0.000159,172.217.194.0-255,7156,27375,17,275985
22969,0.000161,172.31.36.0-255,66,27441,17,275985
22970,0.000175,172.217.194.0-255,1484,28925,17,275985
22971,0.000176,172.31.36.0-255,66,28991,17,275985
22972,0.000181,172.217.194.0-255,7156,36147,17,275985
22973,0.000183,172.31.36.0-255,66,36213,17,275985
22974,0.000197,172.217.194.0-255,2184,38397,17,275985
22975,0.000198,172.31.36.0-255,66,38463,17,275985
22976,0.001695,172.217.194.0-255,1484,39947,17,275985
22977,0.001701,172.31.36.0-255,66,40013,17,275985
22978,0.001712,172.217.194.0-255,2902,42915,17,275985
22979,0.001714,172.31.36.0-255,66,42981,17,275985
22980,0.001717,172.217.194.0-255,1484,44465,17,275985
22981,0.001719,172.31.36.0-255,66,44531,17,275985
22982,0.001758,172.217.194.0-255,4320,48851,17,275985
22983,0.001765,172.217.194.0-255,5738,54589,17,275985
22984,0.001788,172.217.194.0-255,2902,57491,17,275985
22985,0.001793,172.31.36.0-255,66,57557,17,275985
22986,0.001845,172.217.194.0-255,2902,60459,17,275985
22987,0.001851,172.31.36.0-255,66,60525,17,275985
22988,0.001862,172.217.194.0-255,1707,62232,17,275985
22989,0.00188,172.31.36.0-255,66,62298,17,275985
22990,0.004512,172.217.194.0-255,2902,65200,17,275985
22991,0.004516,172.31.36.0-255,66,65266,17,275985
22992,0.004534,172.217.194.0-255,2902,68168,17,275985
22993,0.004555,172.31.36.0-255,66,68234,17,275985
22994,0.007141,172.217.194.0-255,2902,71136,17,275985
22995,0.007147,172.31.36.0-255,66,71202,17,275985
22996,0.00719,172.217.194.0-255,2902,74104,17,275985
22997,0.007205,172.31.36.0-255,66,74170,17,275985
22998,0.009801,172.217.194.0-255,2902,77072,17,275985
22999,0.009808,172.31.36.0-255,66,77138,17,275985
23000,0.009844,172.217.194.0-255,2902,80040,17,275985
23001,0.009864,172.31.36.0-255,66,80106,17,275985
23002,0.012466,172.217.194.0-255,2902,83008,17,275985
23003,0.012477,172.31.36.0-255,66,83074,17,275985
23004,0.0125,172.217.194.0-255,2902,85976,17,275985
23005,0.012538,172.31.36.0-255,66,86042,17,275985
23006,0.015971,172.217.194.0-255,5738,91780,17,275985
23007,0.016034,172.31.36.0-255,66,91846,17,275985
23008,0.018671,172.217.194.0-255,5738,97584,17,275985
23009,0.018679,172.31.36.0-255,66,97650,17,275985
23010,0.02134,172.217.194.0-255,5738,103388,17,275985
23011,0.021347,172.31.36.0-255,66,103454,17,275985
23012,0.021689,172.31.36.0-255,171,103625,17,275985
23013,0.021761,172.31.36.0-255,1140,104765,17,275985
23014,0.021837,172.31.36.0-255,1514,106279,17,275985
23015,0.02184,172.31.36.0-255,1248,107527,17,275985
23016,0.023284,104.244.42.0-255,66,107593,17,275985
23017,0.023333,104.244.42.0-255,66,107659,17,275985
23018,0.023415,104.244.42.0-255,66,107725,17,275985
23019,0.023965,104.244.42.0-255,108,107833,17,275985
23020,0.023969,172.31.36.0-255,66,107899,17,275985
23021,0.024,172.217.194.0-255,5738,113637,17,275985
23022,0.024003,172.31.36.0-255,66,113703,17,275985
23023,0.026633,172.217.194.0-255,5738,119441,17,275985
23024,0.026639,172.31.36.0-255,66,119507,17,275985
23025,0.029291,172.217.194.0-255,5738,125245,17,275985
23026,0.029296,172.31.36.0-255,66,125311,17,275985
23027,0.031973,172.217.194.0-255,5738,131049,17,275985
23028,0.031986,172.31.36.0-255,66,131115,17,275985
23029,0.034644,172.217.194.0-255,5738,136853,17,275985
23030,0.03465,172.31.36.0-255,66,136919,17,275985
23031,0.037287,172.217.194.0-255,5738,142657,17,275985
23032,0.037292,172.31.36.0-255,66,142723,17,275985
23033,0.039964,172.217.194.0-255,4320,147043,17,275985
23034,0.039969,172.31.36.0-255,66,147109,17,275985
23035,0.039996,172.217.194.0-255,1484,148593,17,275985
23036,0.042609,172.217.194.0-255,4320,152913,17,275985
23037,0.042614,172.31.36.0-255,66,152979,17,275985
23038,0.045262,172.217.194.0-255,5738,158717,17,275985
23039,0.045312,172.31.36.0-255,66,158783,17,275985
23040,0.047961,172.217.194.0-255,5738,164521,17,275985
23041,0.047966,172.31.36.0-255,66,164587,17,275985
23042,0.050609,172.217.194.0-255,5738,170325,17,275985
23043,0.050614,172.31.36.0-255,66,170391,17,275985
23044,0.053257,172.217.194.0-255,5738,176129,17,275985
23045,0.053265,172.31.36.0-255,66,176195,17,275985
23046,0.055898,172.217.194.0-255,5738,181933,17,275985
23047,0.055907,172.31.36.0-255,66,181999,17,275985
23048,0.058592,172.217.194.0-255,5738,187737,17,275985
23049,0.058603,172.31.36.0-255,66,187803,17,275985
23050,0.06127,172.217.194.0-255,5738,193541,17,275985
23051,0.061276,172.31.36.0-255,66,193607,17,275985
23052,0.063945,172.217.194.0-255,5738,199345,17,275985
23053,0.063955,172.31.36.0-255,66,199411,17,275985
23054,0.066578,172.217.194.0-255,5738,205149,17,275985
23055,0.066583,172.31.36.0-255,66,205215,17,275985
23056,0.069224,172.217.194.0-255,2902,208117,17,275985
23057,0.069229,172.31.36.0-255,66,208183,17,275985
23058,0.069263,172.217.194.0-255,2902,211085,17,275985
23059,0.069287,172.31.36.0-255,66,211151,17,275985
23060,0.071863,172.217.194.0-255,1484,212635,17,275985
23061,0.071931,172.217.194.0-255,4320,216955,17,275985
23062,0.071944,172.31.36.0-255,66,217021,17,275985
23063,0.074571,172.217.194.0-255,5738,222759,17,275985
23064,0.074576,172.31.36.0-255,66,222825,17,275985
23065,0.077212,172.217.194.0-255,5738,228563,17,275985
23066,0.077217,172.31.36.0-255,66,228629,17,275985
23067,0.079852,172.217.194.0-255,5738,234367,17,275985
23068,0.079858,172.31.36.0-255,66,234433,17,275985
23069,0.082498,172.217.194.0-255,2902,237335,17,275985
23070,0.082503,172.31.36.0-255,66,237401,17,275985
23071,0.082531,172.217.194.0-255,2902,240303,17,275985
23072,0.082558,172.31.36.0-255,66,240369,17,275985
23073,0.08514,172.217.194.0-255,2902,243271,17,275985
23074,0.085145,172.31.36.0-255,66,243337,17,275985
23075,0.085185,172.217.194.0-255,2902,246239,17,275985
23076,0.085202,172.31.36.0-255,66,246305,17,275985
23077,0.087762,172.217.194.0-255,2902,249207,17,275985
23078,0.087767,172.31.36.0-255,66,249273,17,275985
23079,0.087912,172.217.194.0-255,2902,252175,17,275985
23080,0.087917,172.31.36.0-255,66,252241,17,275985
23081,0.090404,172.217.194.0-255,2902,255143,17,275985
23082,0.090411,172.31.36.0-255,66,255209,17,275985
23083,0.090551,172.217.194.0-255,2902,258111,17,275985
23084,0.090648,172.31.36.0-255,66,258177,17,275985
23085,0.093036,172.217.194.0-255,2902,261079,17,275985
23086,0.093042,172.31.36.0-255,66,261145,17,275985
23087,0.093317,172.217.194.0-255,2902,264047,17,275985
23088,0.093322,172.31.36.0-255,66,264113,17,275985
23089,0.095718,172.217.194.0-255,2902,267015,17,275985
23090,0.095728,172.31.36.0-255,66,267081,17,275985
23091,0.096007,172.217.194.0-255,2902,269983,17,275985
23092,0.096013,172.31.36.0-255,66,270049,17,275985
23093,0.098365,172.217.194.0-255,2902,272951,17,275985
23094,0.098371,172.31.36.0-255,66,273017,17,275985
23095,0.098662,172.217.194.0-255,2902,275919,17,275985
23096,0.098668,172.31.36.0-255,66,275985,17,275985
23097,0.0,74.125.24.0-255,150,150,17,283534
23098,2.3e-05,172.31.36.0-255,66,216,17,283534
23099,3e-05,74.125.24.0-255,1484,1700,17,283534
23100,3.5e-05,172.31.36.0-255,66,1766,17,283534
23101,4e-05,74.125.24.0-255,2902,4668,17,283534
23102,4.3e-05,172.31.36.0-255,66,4734,17,283534
23103,5.1e-05,74.125.24.0-255,7156,11890,17,283534
23104,5.3e-05,172.31.36.0-255,66,11956,17,283534
23105,5.6e-05,74.125.24.0-255,1484,13440,17,283534
23106,5.9e-05,172.31.36.0-255,66,13506,17,283534
23107,6.2e-05,74.125.24.0-255,629,14135,17,283534
23108,6.5e-05,172.31.36.0-255,66,14201,17,283534
23109,0.000114,74.125.24.0-255,1484,15685,17,283534
23110,0.000117,172.31.36.0-255,66,15751,17,283534
23111,0.000123,74.125.24.0-255,4320,20071,17,283534
23112,0.000126,172.31.36.0-255,66,20137,17,283534
23113,0.000137,172.31.36.0-255,66,20203,17,283534
23114,0.00014,74.125.24.0-255,1125,21328,17,283534
23115,0.000141,172.31.36.0-255,66,21394,17,283534
23116,0.000261,74.125.24.0-255,1484,22878,17,283534
23117,0.000265,172.31.36.0-255,66,22944,17,283534
23118,0.00027,74.125.24.0-255,2902,25846,17,283534
23119,0.000272,172.31.36.0-255,66,25912,17,283534
23120,0.000289,74.125.24.0-255,5738,31650,17,283534
23121,0.000291,172.31.36.0-255,66,31716,17,283534
23122,0.000345,172.31.36.0-255,66,31782,17,283534
23123,0.00036,74.125.24.0-255,2543,34325,17,283534
23124,0.000362,172.31.36.0-255,66,34391,17,283534
23125,0.000365,74.125.24.0-255,2902,37293,17,283534
23126,0.000367,172.31.36.0-255,66,37359,17,283534
23127,0.000403,74.125.24.0-255,6797,44156,17,283534
23128,0.000405,172.31.36.0-255,66,44222,17,283534
23129,0.000632,74.125.24.0-255,648,44870,17,283534
23130,0.000749,74.125.24.0-255,1484,46354,17,283534
23131,0.000753,172.31.36.0-255,66,46420,17,283534
23132,0.000759,74.125.24.0-255,2902,49322,17,283534
23133,0.000761,172.31.36.0-255,66,49388,17,283534
23134,0.000768,74.125.24.0-255,5738,55126,17,283534
23135,0.000769,172.31.36.0-255,66,55192,17,283534
23136,0.000785,74.125.24.0-255,1484,56676,17,283534
23137,0.000806,172.31.36.0-255,66,56742,17,283534
23138,0.000816,172.31.36.0-255,66,56808,17,283534
23139,0.000831,74.125.24.0-255,1484,58292,17,283534
23140,0.000846,74.125.24.0-255,3961,62253,17,283534
23141,0.000848,172.31.36.0-255,66,62319,17,283534
23142,0.000947,74.125.24.0-255,1484,63803,17,283534
23143,0.000951,74.125.24.0-255,2902,66705,17,283534
23144,0.00096,172.31.36.0-255,66,66771,17,283534
23145,0.000967,74.125.24.0-255,5738,72509,17,283534
23146,0.000969,172.31.36.0-255,66,72575,17,283534
23147,0.000994,74.125.24.0-255,7156,79731,17,283534
23148,0.000996,172.31.36.0-255,66,79797,17,283534
23149,0.001019,74.125.24.0-255,5738,85535,17,283534
23150,0.001022,172.31.36.0-255,66,85601,17,283534
23151,0.001024,74.125.24.0-255,1484,87085,17,283534
23152,0.001041,74.125.24.0-255,2902,89987,17,283534
23153,0.001043,172.31.36.0-255,66,90053,17,283534
23154,0.001065,74.125.24.0-255,6438,96491,17,283534
23155,0.001067,172.31.36.0-255,66,96557,17,283534
23156,0.00107,74.125.24.0-255,1484,98041,17,283534
23157,0.001092,172.31.36.0-255,66,98107,17,283534
23158,0.001097,74.125.24.0-255,4320,102427,17,283534
23159,0.001099,172.31.36.0-255,66,102493,17,283534
23160,0.001139,172.31.36.0-255,66,102559,17,283534
23161,0.001179,172.31.36.0-255,66,102625,17,283534
23162,0.001185,172.31.36.0-255,66,102691,17,283534
23163,0.001215,172.31.36.0-255,66,102757,17,283534
23164,0.001267,74.125.24.0-255,5020,107777,17,283534
23165,0.001269,172.31.36.0-255,66,107843,17,283534
23166,0.001594,74.125.24.0-255,1484,109327,17,283534
23167,0.0016,74.125.24.0-255,2902,112229,17,283534
23168,0.001603,172.31.36.0-255,66,112295,17,283534
23169,0.001607,74.125.24.0-255,2902,115197,17,283534
23170,0.001609,172.31.36.0-255,66,115263,17,283534
23171,0.001625,74.125.24.0-255,2902,118165,17,283534
23172,0.001627,172.31.36.0-255,66,118231,17,283534
23173,0.001639,74.125.24.0-255,4320,122551,17,283534
23174,0.001641,172.31.36.0-255,66,122617,17,283534
23175,0.001671,172.31.36.0-255,66,122683,17,283534
23176,0.001677,74.125.24.0-255,5738,128421,17,283534
23177,0.001679,172.31.36.0-255,66,128487,17,283534
23178,0.001713,74.125.24.0-255,5020,133507,17,283534
23179,0.001715,172.31.36.0-255,66,133573,17,283534
23180,0.001729,74.125.24.0-255,4320,137893,17,283534
23181,0.001731,172.31.36.0-255,66,137959,17,283534
23182,0.001748,74.125.24.0-255,1484,139443,17,283534
23183,0.001754,74.125.24.0-255,5738,145181,17,283534
23184,0.001756,172.31.36.0-255,66,145247,17,283534
23185,0.001792,74.125.24.0-255,7156,152403,17,283534
23186,0.001796,172.31.36.0-255,66,152469,17,283534
23187,0.001808,172.31.36.0-255,66,152535,17,283534
23188,0.001811,74.125.24.0-255,766,153301,17,283534
23189,0.001929,74.125.24.0-255,1484,154785,17,283534
23190,0.001932,172.31.36.0-255,66,154851,17,283534
23191,0.001946,74.125.24.0-255,2902,157753,17,283534
23192,0.001948,172.31.36.0-255,66,157819,17,283534
23193,0.001963,74.125.24.0-255,5738,163557,17,283534
23194,0.001965,172.31.36.0-255,66,163623,17,283534
23195,0.002001,172.31.36.0-255,66,163689,17,283534
23196,0.002015,74.125.24.0-255,2902,166591,17,283534
23197,0.002017,172.31.36.0-255,66,166657,17,283534
23198,0.002049,172.31.36.0-255,66,166723,17,283534
23199,0.002052,74.125.24.0-255,766,167489,17,283534
23200,0.004079,74.125.24.0-255,4320,171809,17,283534
23201,0.004093,172.31.36.0-255,66,171875,17,283534
23202,0.006144,74.125.24.0-255,5738,177613,17,283534
23203,0.006156,172.31.36.0-255,66,177679,17,283534
23204,0.008182,74.125.24.0-255,5738,183417,17,283534
23205,0.008185,172.31.36.0-255,66,183483,17,283534
23206,0.010538,74.125.24.0-255,5738,189221,17,283534
23207,0.010544,172.31.36.0-255,66,189287,17,283534
23208,0.01258,74.125.24.0-255,5738,195025,17,283534
23209,0.012589,172.31.36.0-255,66,195091,17,283534
23210,0.014627,74.125.24.0-255,5738,200829,17,283534
23211,0.014641,172.31.36.0-255,66,200895,17,283534
23212,0.016685,74.125.24.0-255,5738,206633,17,283534
23213,0.016697,172.31.36.0-255,66,206699,17,283534
23214,0.018732,74.125.24.0-255,5738,212437,17,283534
23215,0.01874,172.31.36.0-255,66,212503,17,283534
23216,0.020775,74.125.24.0-255,5738,218241,17,283534
23217,0.020783,172.31.36.0-255,66,218307,17,283534
23218,0.02279,74.125.24.0-255,5738,224045,17,283534
23219,0.022798,172.31.36.0-255,66,224111,17,283534
23220,0.024854,74.125.24.0-255,5738,229849,17,283534
23221,0.024863,172.31.36.0-255,66,229915,17,283534
23222,0.026883,74.125.24.0-255,5738,235653,17,283534
23223,0.026889,172.31.36.0-255,66,235719,17,283534
23224,0.028925,74.125.24.0-255,5738,241457,17,283534
23225,0.028931,172.31.36.0-255,66,241523,17,283534
23226,0.030992,74.125.24.0-255,5738,247261,17,283534
23227,0.031,172.31.36.0-255,66,247327,17,283534
23228,0.033012,74.125.24.0-255,5738,253065,17,283534
23229,0.03302,172.31.36.0-255,66,253131,17,283534
23230,0.03506,74.125.24.0-255,5738,258869,17,283534
23231,0.035067,172.31.36.0-255,66,258935,17,283534
23232,0.037097,74.125.24.0-255,5738,264673,17,283534
23233,0.037104,172.31.36.0-255,66,264739,17,283534
23234,0.039145,74.125.24.0-255,5738,270477,17,283534
23235,0.039154,172.31.36.0-255,66,270543,17,283534
23236,0.041176,74.125.24.0-255,5738,276281,17,283534
23237,0.041182,172.31.36.0-255,66,276347,17,283534
23238,0.042307,172.31.36.0-255,172,276519,17,283534
23239,0.042335,172.31.36.0-255,1117,277636,17,283534
23240,0.042386,172.31.36.0-255,1514,279150,17,283534
23241,0.042388,172.31.36.0-255,1273,280423,17,283534
23242,0.043199,74.125.24.0-255,2502,282925,17,283534
23243,0.043209,172.31.36.0-255,66,282991,17,283534
23244,0.04338,172.31.36.0-255,105,283096,17,283534
23245,0.043814,104.244.42.0-255,66,283162,17,283534
23246,0.043851,104.244.42.0-255,66,283228,17,283534
23247,0.043887,104.244.42.0-255,66,283294,17,283534
23248,0.044609,104.244.42.0-255,108,283402,17,283534
23249,0.044613,172.31.36.0-255,66,283468,17,283534
23250,0.045371,74.125.24.0-255,66,283534,17,283534
23251,0.0,172.217.194.0-255,146,146,17,343063
23252,3.6e-05,172.31.36.0-255,66,212,17,343063
23253,4.4e-05,172.217.194.0-255,1484,1696,17,343063
23254,5e-05,172.31.36.0-255,66,1762,17,343063
23255,5.4e-05,172.217.194.0-255,2902,4664,17,343063
23256,5.7e-05,172.31.36.0-255,66,4730,17,343063
23257,6.4e-05,172.217.194.0-255,7156,11886,17,343063
23258,6.7e-05,172.31.36.0-255,66,11952,17,343063
23259,9.9e-05,172.217.194.0-255,7156,19108,17,343063
23260,0.000102,172.31.36.0-255,66,19174,17,343063
23261,0.000126,172.217.194.0-255,4881,24055,17,343063
23262,0.000128,172.31.36.0-255,66,24121,17,343063
23263,0.000135,172.217.194.0-255,6797,30918,17,343063
23264,0.000137,172.31.36.0-255,66,30984,17,343063
23265,0.000169,172.217.194.0-255,1484,32468,17,343063
23266,0.000172,172.31.36.0-255,66,32534,17,343063
23267,0.000186,172.217.194.0-255,2902,35436,17,343063
23268,0.000188,172.31.36.0-255,66,35502,17,343063
23269,0.000192,172.217.194.0-255,2902,38404,17,343063
23270,0.000195,172.31.36.0-255,66,38470,17,343063
23271,0.00022,172.217.194.0-255,2902,41372,17,343063
23272,0.000224,172.31.36.0-255,66,41438,17,343063
23273,0.000233,172.31.36.0-255,66,41504,17,343063
23274,0.000258,172.217.194.0-255,2902,44406,17,343063
23275,0.000261,172.31.36.0-255,66,44472,17,343063
23276,0.000287,172.31.36.0-255,66,44538,17,343063
23277,0.000772,172.217.194.0-255,100,44638,17,343063
23278,0.000777,172.31.36.0-255,66,44704,17,343063
23279,0.000952,172.217.194.0-255,1484,46188,17,343063
23280,0.000958,172.31.36.0-255,66,46254,17,343063
23281,0.000967,172.217.194.0-255,2902,49156,17,343063
23282,0.000969,172.31.36.0-255,66,49222,17,343063
23283,0.000975,172.217.194.0-255,5738,54960,17,343063
23284,0.000977,172.31.36.0-255,66,55026,17,343063
23285,0.000981,172.217.194.0-255,1484,56510,17,343063
23286,0.001013,172.31.36.0-255,66,56576,17,343063
23287,0.001073,172.31.36.0-255,66,56642,17,343063
23288,0.001958,172.217.194.0-255,1484,58126,17,343063
23289,0.001978,172.217.194.0-255,2902,61028,17,343063
23290,0.001982,172.31.36.0-255,66,61094,17,343063
23291,0.001988,172.217.194.0-255,4320,65414,17,343063
23292,0.00199,172.31.36.0-255,66,65480,17,343063
23293,0.002013,172.31.36.0-255,66,65546,17,343063
23294,0.002037,172.217.194.0-255,4320,69866,17,343063
23295,0.002039,172.31.36.0-255,66,69932,17,343063
23296,0.00206,172.31.36.0-255,66,69998,17,343063
23297,0.002076,172.217.194.0-255,1484,71482,17,343063
23298,0.002089,172.217.194.0-255,2902,74384,17,343063
23299,0.002091,172.31.36.0-255,66,74450,17,343063
23300,0.002107,172.217.194.0-255,1484,75934,17,343063
23301,0.002114,172.217.194.0-255,7156,83090,17,343063
23302,0.002116,172.31.36.0-255,66,83156,17,343063
23303,0.002119,172.217.194.0-255,1484,84640,17,343063
23304,0.002147,172.31.36.0-255,66,84706,17,343063
23305,0.002155,172.217.194.0-255,6438,91144,17,343063
23306,0.002157,172.31.36.0-255,66,91210,17,343063
23307,0.002193,172.217.194.0-255,1484,92694,17,343063
23308,0.00223,172.217.194.0-255,2902,95596,17,343063
23309,0.002233,172.31.36.0-255,66,95662,17,343063
23310,0.002238,172.217.194.0-255,4320,99982,17,343063
23311,0.00224,172.31.36.0-255,66,100048,17,343063
23312,0.002243,172.217.194.0-255,1484,101532,17,343063
23313,0.002265,172.217.194.0-255,7156,108688,17,343063
23314,0.002268,172.31.36.0-255,66,108754,17,343063
23315,0.002288,172.217.194.0-255,5738,114492,17,343063
23316,0.002291,172.31.36.0-255,66,114558,17,343063
23317,0.002304,172.217.194.0-255,4320,118878,17,343063
23318,0.002306,172.31.36.0-255,66,118944,17,343063
23319,0.002331,172.217.194.0-255,1484,120428,17,343063
23320,0.00235,172.217.194.0-255,5020,125448,17,343063
23321,0.002353,172.31.36.0-255,66,125514,17,343063
23322,0.004715,172.217.194.0-255,5738,131252,17,343063
23323,0.004733,172.31.36.0-255,66,131318,17,343063
23324,0.007102,172.217.194.0-255,5738,137056,17,343063
23325,0.007109,172.31.36.0-255,66,137122,17,343063
23326,0.009542,172.217.194.0-255,5738,142860,17,343063
23327,0.009556,172.31.36.0-255,66,142926,17,343063
23328,0.011989,172.217.194.0-255,5738,148664,17,343063
23329,0.011996,172.31.36.0-255,66,148730,17,343063
23330,0.01439,172.217.194.0-255,5738,154468,17,343063
23331,0.0144,172.31.36.0-255,66,154534,17,343063
23332,0.016745,172.217.194.0-255,5738,160272,17,343063
23333,0.016753,172.31.36.0-255,66,160338,17,343063
23334,0.019152,172.217.194.0-255,5738,166076,17,343063
23335,0.01916,172.31.36.0-255,66,166142,17,343063
23336,0.021528,172.217.194.0-255,5738,171880,17,343063
23337,0.021533,172.31.36.0-255,66,171946,17,343063
23338,0.021965,172.31.36.0-255,172,172118,17,343063
23339,0.021994,172.31.36.0-255,1115,173233,17,343063
23340,0.022039,172.31.36.0-255,1514,174747,17,343063
23341,0.022041,172.31.36.0-255,318,175065,17,343063
23342,0.023507,104.244.42.0-255,66,175131,17,343063
23343,0.023544,104.244.42.0-255,66,175197,17,343063
23344,0.023595,104.244.42.0-255,66,175263,17,343063
23345,0.023874,172.217.194.0-255,5738,181001,17,343063
23346,0.023881,172.31.36.0-255,66,181067,17,343063
23347,0.026237,172.217.194.0-255,5738,186805,17,343063
23348,0.026249,172.31.36.0-255,66,186871,17,343063
23349,0.028589,172.217.194.0-255,5738,192609,17,343063
23350,0.028597,172.31.36.0-255,66,192675,17,343063
23351,0.030983,172.217.194.0-255,5738,198413,17,343063
23352,0.030989,172.31.36.0-255,66,198479,17,343063
23353,0.033387,172.217.194.0-255,5738,204217,17,343063
23354,0.033397,172.31.36.0-255,66,204283,17,343063
23355,0.035742,172.217.194.0-255,5738,210021,17,343063
23356,0.035749,172.31.36.0-255,66,210087,17,343063
23357,0.038109,172.217.194.0-255,5738,215825,17,343063
23358,0.038116,172.31.36.0-255,66,215891,17,343063
23359,0.040503,172.217.194.0-255,5738,221629,17,343063
23360,0.040509,172.31.36.0-255,66,221695,17,343063
23361,0.042844,172.217.194.0-255,5738,227433,17,343063
23362,0.04285,172.31.36.0-255,66,227499,17,343063
23363,0.045209,172.217.194.0-255,5738,233237,17,343063
23364,0.045214,172.31.36.0-255,66,233303,17,343063
23365,0.047553,172.217.194.0-255,5738,239041,17,343063
23366,0.047559,172.31.36.0-255,66,239107,17,343063
23367,0.049894,172.217.194.0-255,5738,244845,17,343063
23368,0.049901,172.31.36.0-255,66,244911,17,343063
23369,0.052266,172.217.194.0-255,5738,250649,17,343063
23370,0.052273,172.31.36.0-255,66,250715,17,343063
23371,0.054674,172.217.194.0-255,5738,256453,17,343063
23372,0.054681,172.31.36.0-255,66,256519,17,343063
23373,0.057003,172.217.194.0-255,4320,260839,17,343063
23374,0.057008,172.31.36.0-255,66,260905,17,343063
23375,0.057038,172.217.194.0-255,1484,262389,17,343063
23376,0.059372,172.217.194.0-255,4320,266709,17,343063
23377,0.059377,172.31.36.0-255,66,266775,17,343063
23378,0.061752,172.217.194.0-255,5738,272513,17,343063
23379,0.061758,172.31.36.0-255,66,272579,17,343063
23380,0.064151,172.217.194.0-255,5738,278317,17,343063
23381,0.064161,172.31.36.0-255,66,278383,17,343063
23382,0.066517,172.217.194.0-255,5738,284121,17,343063
23383,0.066531,172.31.36.0-255,66,284187,17,343063
23384,0.068943,172.217.194.0-255,5738,289925,17,343063
23385,0.068954,172.31.36.0-255,66,289991,17,343063
23386,0.071327,172.217.194.0-255,5738,295729,17,343063
23387,0.071333,172.31.36.0-255,66,295795,17,343063
23388,0.073747,172.217.194.0-255,5738,301533,17,343063
23389,0.073752,172.31.36.0-255,66,301599,17,343063
23390,0.07608,172.217.194.0-255,5738,307337,17,343063
23391,0.076085,172.31.36.0-255,66,307403,17,343063
23392,0.078394,172.217.194.0-255,5738,313141,17,343063
23393,0.0784,172.31.36.0-255,66,313207,17,343063
23394,0.080797,172.217.194.0-255,5738,318945,17,343063
23395,0.080803,172.31.36.0-255,66,319011,17,343063
23396,0.083213,172.217.194.0-255,5738,324749,17,343063
23397,0.083222,172.31.36.0-255,66,324815,17,343063
23398,0.08563,172.217.194.0-255,2902,327717,17,343063
23399,0.085636,172.31.36.0-255,66,327783,17,343063
23400,0.08567,172.217.194.0-255,2902,330685,17,343063
23401,0.085673,172.31.36.0-255,66,330751,17,343063
23402,0.088074,172.217.194.0-255,5738,336489,17,343063
23403,0.088081,172.31.36.0-255,66,336555,17,343063
23404,0.09043,172.217.194.0-255,5738,342293,17,343063
23405,0.090436,172.31.36.0-255,66,342359,17,343063
23406,0.092795,172.217.194.0-255,467,342826,17,343063
23407,0.093758,172.31.36.0-255,66,342892,17,343063
23408,0.093788,172.31.36.0-255,105,342997,17,343063
23409,0.096104,172.217.194.0-255,66,343063,17,343063
23410,0.0,74.125.24.0-255,152,152,17,238291
23411,2.3e-05,172.31.36.0-255,66,218,17,238291
23412,3.1e-05,74.125.24.0-255,1484,1702,17,238291
23413,3.5e-05,172.31.36.0-255,66,1768,17,238291
23414,3.9e-05,74.125.24.0-255,1484,3252,17,238291
23415,4.1e-05,172.31.36.0-255,66,3318,17,238291
23416,4.9e-05,74.125.24.0-255,4320,7638,17,238291
23417,5.2e-05,172.31.36.0-255,66,7704,17,238291
23418,8.5e-05,74.125.24.0-255,4320,12024,17,238291
23419,8.9e-05,172.31.36.0-255,66,12090,17,238291
23420,0.000106,74.125.24.0-255,3450,15540,17,238291
23421,0.000109,172.31.36.0-255,66,15606,17,238291
23422,0.00012,172.31.36.0-255,66,15672,17,238291
23423,0.000169,172.31.36.0-255,66,15738,17,238291
23424,0.000197,172.31.36.0-255,66,15804,17,238291
23425,0.000205,74.125.24.0-255,7156,22960,17,238291
23426,0.000207,172.31.36.0-255,66,23026,17,238291
23427,0.000224,74.125.24.0-255,1484,24510,17,238291
23428,0.000226,172.31.36.0-255,66,24576,17,238291
23429,0.00023,74.125.24.0-255,1484,26060,17,238291
23430,0.000232,172.31.36.0-255,66,26126,17,238291
23431,0.000253,74.125.24.0-255,4298,30424,17,238291
23432,0.000256,172.31.36.0-255,66,30490,17,238291
23433,0.000302,74.125.24.0-255,1484,31974,17,238291
23434,0.000304,172.31.36.0-255,66,32040,17,238291
23435,0.000309,74.125.24.0-255,2902,34942,17,238291
23436,0.000311,172.31.36.0-255,66,35008,17,238291
23437,0.000317,74.125.24.0-255,4320,39328,17,238291
23438,0.00032,172.31.36.0-255,66,39394,17,238291
23439,0.000347,74.125.24.0-255,1484,40878,17,238291
23440,0.00036,172.31.36.0-255,66,40944,17,238291
23441,0.000533,172.31.36.0-255,66,41010,17,238291
23442,0.001221,74.125.24.0-255,1484,42494,17,238291
23443,0.001239,74.125.24.0-255,2902,45396,17,238291
23444,0.001242,172.31.36.0-255,66,45462,17,238291
23445,0.00126,74.125.24.0-255,1484,46946,17,238291
23446,0.001274,74.125.24.0-255,4320,51266,17,238291
23447,0.001277,172.31.36.0-255,66,51332,17,238291
23448,0.00128,74.125.24.0-255,1484,52816,17,238291
23449,0.001319,172.31.36.0-255,66,52882,17,238291
23450,0.001334,74.125.24.0-255,2902,55784,17,238291
23451,0.001336,172.31.36.0-255,66,55850,17,238291
23452,0.001363,172.31.36.0-255,66,55916,17,238291
23453,0.001366,74.125.24.0-255,766,56682,17,238291
23454,0.001701,172.31.36.0-255,66,56748,17,238291
23455,0.00184,74.125.24.0-255,1484,58232,17,238291
23456,0.001872,74.125.24.0-255,2902,61134,17,238291
23457,0.001876,172.31.36.0-255,66,61200,17,238291
23458,0.001899,74.125.24.0-255,4320,65520,17,238291
23459,0.001901,172.31.36.0-255,66,65586,17,238291
23460,0.001912,172.31.36.0-255,66,65652,17,238291
23461,0.001937,74.125.24.0-255,2902,68554,17,238291
23462,0.00194,172.31.36.0-255,66,68620,17,238291
23463,0.001971,172.31.36.0-255,66,68686,17,238291
23464,0.001989,74.125.24.0-255,3602,72288,17,238291
23465,0.001992,172.31.36.0-255,66,72354,17,238291
23466,0.002112,74.125.24.0-255,1484,73838,17,238291
23467,0.002132,74.125.24.0-255,2902,76740,17,238291
23468,0.002136,172.31.36.0-255,66,76806,17,238291
23469,0.002162,74.125.24.0-255,5738,82544,17,238291
23470,0.002165,172.31.36.0-255,66,82610,17,238291
23471,0.002169,74.125.24.0-255,1484,84094,17,238291
23472,0.002195,172.31.36.0-255,66,84160,17,238291
23473,0.002201,74.125.24.0-255,4320,88480,17,238291
23474,0.002203,172.31.36.0-255,66,88546,17,238291
23475,0.002319,74.125.24.0-255,2902,91448,17,238291
23476,0.002324,172.31.36.0-255,66,91514,17,238291
23477,0.002341,74.125.24.0-255,3602,95116,17,238291
23478,0.002344,172.31.36.0-255,66,95182,17,238291
23479,0.00249,74.125.24.0-255,1484,96666,17,238291
23480,0.002508,74.125.24.0-255,2902,99568,17,238291
23481,0.002513,172.31.36.0-255,66,99634,17,238291
23482,0.002537,74.125.24.0-255,5738,105372,17,238291
23483,0.00254,172.31.36.0-255,66,105438,17,238291
23484,0.002551,172.31.36.0-255,66,105504,17,238291
23485,0.002572,74.125.24.0-255,4320,109824,17,238291
23486,0.002574,172.31.36.0-255,66,109890,17,238291
23487,0.002579,74.125.24.0-255,2902,112792,17,238291
23488,0.002581,172.31.36.0-255,66,112858,17,238291
23489,0.002586,74.125.24.0-255,4320,117178,17,238291
23490,0.002606,74.125.24.0-255,2902,120080,17,238291
23491,0.002633,74.125.24.0-255,766,120846,17,238291
23492,0.00349,74.125.24.0-255,1484,122330,17,238291
23493,0.003496,74.125.24.0-255,2902,125232,17,238291
23494,0.003503,74.125.24.0-255,5738,130970,17,238291
23495,0.00353,74.125.24.0-255,7156,138126,17,238291
23496,0.003591,74.125.24.0-255,2184,140310,17,238291
23497,0.003689,74.125.24.0-255,1484,141794,17,238291
23498,0.003693,74.125.24.0-255,1484,143278,17,238291
23499,0.003706,74.125.24.0-255,1484,144762,17,238291
23500,0.003712,74.125.24.0-255,4320,149082,17,238291
23501,0.003725,74.125.24.0-255,1484,150566,17,238291
23502,0.00374,74.125.24.0-255,5738,156304,17,238291
23503,0.003764,74.125.24.0-255,7156,163460,17,238291
23504,0.003771,74.125.24.0-255,7156,170616,17,238291
23505,0.003812,74.125.24.0-255,2902,173518,17,238291
23506,0.00384,74.125.24.0-255,2184,175702,17,238291
23507,0.003856,74.125.24.0-255,1484,177186,17,238291
23508,0.003876,74.125.24.0-255,2902,180088,17,238291
23509,0.003882,74.125.24.0-255,5738,185826,17,238291
23510,0.003884,74.125.24.0-255,1484,187310,17,238291
23511,0.003915,74.125.24.0-255,4320,191630,17,238291
23512,0.003934,74.125.24.0-255,4320,195950,17,238291
23513,0.00394,74.125.24.0-255,4320,200270,17,238291
23514,0.003958,74.125.24.0-255,5738,206008,17,238291
23515,0.003965,74.125.24.0-255,5020,211028,17,238291
23516,0.003983,74.125.24.0-255,5738,216766,17,238291
23517,0.004033,74.125.24.0-255,7156,223922,17,238291
23518,0.004073,74.125.24.0-255,7156,231078,17,238291
23519,0.004114,74.125.24.0-255,2599,233677,17,238291
23520,0.004131,74.125.24.0-255,105,233782,17,238291
23521,0.006561,172.31.36.0-255,66,233848,17,238291
23522,0.008798,172.31.36.0-255,105,233953,17,238291
23523,0.011296,74.125.24.0-255,66,234019,17,238291
23524,0.031846,172.31.36.0-255,172,234191,17,238291
23525,0.031883,172.31.36.0-255,1116,235307,17,238291
23526,0.031944,172.31.36.0-255,1514,236821,17,238291
23527,0.031946,172.31.36.0-255,1272,238093,17,238291
23528,0.03342,104.244.42.0-255,66,238159,17,238291
23529,0.03345,104.244.42.0-255,66,238225,17,238291
23530,0.033508,104.244.42.0-255,66,238291,17,238291
23531,0.0,172.31.36.0-255,105,105,17,276
23532,0.001522,157.240.13.0-255,105,210,17,276
23533,0.001541,172.31.36.0-255,66,276,17,276
23534,0.0,74.125.24.0-255,153,153,17,147811
23535,1.9e-05,172.31.36.0-255,66,219,17,147811
23536,2.6e-05,74.125.24.0-255,1484,1703,17,147811
23537,3e-05,172.31.36.0-255,66,1769,17,147811
23538,3.5e-05,74.125.24.0-255,2902,4671,17,147811
23539,3.8e-05,172.31.36.0-255,66,4737,17,147811
23540,4.3e-05,74.125.24.0-255,4320,9057,17,147811
23541,4.7e-05,172.31.36.0-255,66,9123,17,147811
23542,7.6e-05,172.31.36.0-255,66,9189,17,147811
23543,8.3e-05,74.125.24.0-255,5738,14927,17,147811
23544,8.6e-05,172.31.36.0-255,66,14993,17,147811
23545,0.000133,74.125.24.0-255,6797,21790,17,147811
23546,0.000136,172.31.36.0-255,66,21856,17,147811
23547,0.000153,74.125.24.0-255,5738,27594,17,147811
23548,0.000155,172.31.36.0-255,66,27660,17,147811
23549,0.000174,74.125.24.0-255,1484,29144,17,147811
23550,0.000177,172.31.36.0-255,66,29210,17,147811
23551,0.000182,74.125.24.0-255,2902,32112,17,147811
23552,0.000184,172.31.36.0-255,66,32178,17,147811
23553,0.000213,172.31.36.0-255,66,32244,17,147811
23554,0.000229,74.125.24.0-255,1484,33728,17,147811
23555,0.000231,172.31.36.0-255,66,33794,17,147811
23556,0.000259,172.31.36.0-255,66,33860,17,147811
23557,0.000281,74.125.24.0-255,131,33991,17,147811
23558,0.000283,172.31.36.0-255,66,34057,17,147811
23559,0.00045,74.125.24.0-255,1484,35541,17,147811
23560,0.000456,172.31.36.0-255,66,35607,17,147811
23561,0.000462,74.125.24.0-255,2902,38509,17,147811
23562,0.000465,172.31.36.0-255,66,38575,17,147811
23563,0.000468,74.125.24.0-255,1484,40059,17,147811
23564,0.000488,74.125.24.0-255,4320,44379,17,147811
23565,0.000491,172.31.36.0-255,66,44445,17,147811
23566,0.000497,74.125.24.0-255,5738,50183,17,147811
23567,0.000499,172.31.36.0-255,66,50249,17,147811
23568,0.00052,74.125.24.0-255,7156,57405,17,147811
23569,0.000523,172.31.36.0-255,66,57471,17,147811
23570,0.000535,172.31.36.0-255,66,57537,17,147811
23571,0.000557,74.125.24.0-255,2184,59721,17,147811
23572,0.000561,172.31.36.0-255,66,59787,17,147811
23573,0.000564,74.125.24.0-255,1484,61271,17,147811
23574,0.000579,74.125.24.0-255,5738,67009,17,147811
23575,0.000584,74.125.24.0-255,4320,71329,17,147811
23576,0.000589,172.31.36.0-255,66,71395,17,147811
23577,0.000592,172.31.36.0-255,66,71461,17,147811
23578,0.000611,74.125.24.0-255,4320,75781,17,147811
23579,0.000614,172.31.36.0-255,66,75847,17,147811
23580,0.00063,172.31.36.0-255,66,75913,17,147811
23581,0.000644,74.125.24.0-255,1484,77397,17,147811
23582,0.000647,74.125.24.0-255,766,78163,17,147811
23583,0.000649,172.31.36.0-255,66,78229,17,147811
23584,0.000704,74.125.24.0-255,1484,79713,17,147811
23585,0.000708,74.125.24.0-255,1484,81197,17,147811
23586,0.00071,172.31.36.0-255,66,81263,17,147811
23587,0.00073,74.125.24.0-255,1484,82747,17,147811
23588,0.000737,74.125.24.0-255,5738,88485,17,147811
23589,0.00074,172.31.36.0-255,66,88551,17,147811
23590,0.000778,74.125.24.0-255,2902,91453,17,147811
23591,0.000781,172.31.36.0-255,66,91519,17,147811
23592,0.000813,172.31.36.0-255,66,91585,17,147811
23593,0.000826,172.31.36.0-255,66,91651,17,147811
23594,0.000898,74.125.24.0-255,1484,93135,17,147811
23595,0.000904,74.125.24.0-255,2902,96037,17,147811
23596,0.000907,172.31.36.0-255,66,96103,17,147811
23597,0.000911,74.125.24.0-255,1484,97587,17,147811
23598,0.000929,74.125.24.0-255,4320,101907,17,147811
23599,0.000932,172.31.36.0-255,66,101973,17,147811
23600,0.000939,74.125.24.0-255,7156,109129,17,147811
23601,0.000941,172.31.36.0-255,66,109195,17,147811
23602,0.000985,172.31.36.0-255,66,109261,17,147811
23603,0.000998,172.31.36.0-255,66,109327,17,147811
23604,0.001003,74.125.24.0-255,2902,112229,17,147811
23605,0.001005,172.31.36.0-255,66,112295,17,147811
23606,0.001043,172.31.36.0-255,66,112361,17,147811
23607,0.001056,172.31.36.0-255,66,112427,17,147811
23608,0.001062,74.125.24.0-255,4320,116747,17,147811
23609,0.001064,172.31.36.0-255,66,116813,17,147811
23610,0.001083,74.125.24.0-255,7156,123969,17,147811
23611,0.001086,172.31.36.0-255,66,124035,17,147811
23612,0.001103,172.31.36.0-255,66,124101,17,147811
23613,0.001123,74.125.24.0-255,4320,128421,17,147811
23614,0.001136,172.31.36.0-255,66,128487,17,147811
23615,0.00118,74.125.24.0-255,2902,131389,17,147811
23616,0.001194,74.125.24.0-255,4320,135709,17,147811
23617,0.001199,172.31.36.0-255,66,135775,17,147811
23618,0.001227,74.125.24.0-255,5738,141513,17,147811
23619,0.001313,172.31.36.0-255,66,141579,17,147811
23620,0.001381,172.31.36.0-255,66,141645,17,147811
23621,0.001398,74.125.24.0-255,1484,143129,17,147811
23622,0.001404,172.31.36.0-255,66,143195,17,147811
23623,0.001442,74.125.24.0-255,105,143300,17,147811
23624,0.001456,172.31.36.0-255,66,143366,17,147811
23625,0.004432,172.31.36.0-255,105,143471,17,147811
23626,0.006726,74.125.24.0-255,66,143537,17,147811
23627,0.030497,172.31.36.0-255,172,143709,17,147811
23628,0.03053,172.31.36.0-255,1117,144826,17,147811
23629,0.030592,172.31.36.0-255,1514,146340,17,147811
23630,0.030594,172.31.36.0-255,1273,147613,17,147811
23631,0.032039,104.244.42.0-255,66,147679,17,147811
23632,0.032121,104.244.42.0-255,66,147745,17,147811
23633,0.032127,104.244.42.0-255,66,147811,17,147811
23634,0.0,172.253.118.0-255,153,153,17,381901
23635,3.6e-05,172.31.36.0-255,66,219,17,381901
23636,4.4e-05,172.253.118.0-255,1484,1703,17,381901
23637,4.8e-05,172.31.36.0-255,66,1769,17,381901
23638,5.4e-05,172.253.118.0-255,2902,4671,17,381901
23639,5.6e-05,172.31.36.0-255,66,4737,17,381901
23640,6.3e-05,172.253.118.0-255,5738,10475,17,381901
23641,6.6e-05,172.31.36.0-255,66,10541,17,381901
23642,8.6e-05,172.253.118.0-255,3393,13934,17,381901
23643,8.9e-05,172.31.36.0-255,66,14000,17,381901
23644,0.000276,172.253.118.0-255,1484,15484,17,381901
23645,0.000282,172.31.36.0-255,66,15550,17,381901
23646,0.000287,172.253.118.0-255,2902,18452,17,381901
23647,0.00029,172.31.36.0-255,66,18518,17,381901
23648,0.000314,172.253.118.0-255,5738,24256,17,381901
23649,0.000317,172.31.36.0-255,66,24322,17,381901
23650,0.00034,172.253.118.0-255,6797,31119,17,381901
23651,0.000343,172.31.36.0-255,66,31185,17,381901
23652,0.000368,172.253.118.0-255,7156,38341,17,381901
23653,0.000372,172.31.36.0-255,66,38407,17,381901
23654,0.000404,172.253.118.0-255,4320,42727,17,381901
23655,0.000408,172.31.36.0-255,66,42793,17,381901
23656,0.000429,172.253.118.0-255,5379,48172,17,381901
23657,0.000433,172.31.36.0-255,66,48238,17,381901
23658,0.000898,172.253.118.0-255,1484,49722,17,381901
23659,0.000904,172.31.36.0-255,66,49788,17,381901
23660,0.000913,172.253.118.0-255,2902,52690,17,381901
23661,0.000916,172.31.36.0-255,66,52756,17,381901
23662,0.000923,172.253.118.0-255,5738,58494,17,381901
23663,0.000925,172.31.36.0-255,66,58560,17,381901
23664,0.000944,172.253.118.0-255,5738,64298,17,381901
23665,0.000947,172.31.36.0-255,66,64364,17,381901
23666,0.000969,172.253.118.0-255,1705,66069,17,381901
23667,0.000972,172.31.36.0-255,66,66135,17,381901
23668,0.001024,172.253.118.0-255,1484,67619,17,381901
23669,0.001031,172.253.118.0-255,2902,70521,17,381901
23670,0.001034,172.31.36.0-255,66,70587,17,381901
23671,0.00106,172.253.118.0-255,5738,76325,17,381901
23672,0.001062,172.31.36.0-255,66,76391,17,381901
23673,0.001088,172.253.118.0-255,2902,79293,17,381901
23674,0.00109,172.31.36.0-255,66,79359,17,381901
23675,0.001119,172.31.36.0-255,66,79425,17,381901
23676,0.001126,172.253.118.0-255,5738,85163,17,381901
23677,0.001128,172.31.36.0-255,66,85229,17,381901
23678,0.001149,172.253.118.0-255,1484,86713,17,381901
23679,0.00118,172.253.118.0-255,2543,89256,17,381901
23680,0.001183,172.31.36.0-255,66,89322,17,381901
23681,0.00173,172.253.118.0-255,1484,90806,17,381901
23682,0.001736,172.253.118.0-255,1484,92290,17,381901
23683,0.00174,172.31.36.0-255,66,92356,17,381901
23684,0.00176,172.253.118.0-255,1484,93840,17,381901
23685,0.001766,172.253.118.0-255,5738,99578,17,381901
23686,0.001769,172.31.36.0-255,66,99644,17,381901
23687,0.001774,172.253.118.0-255,4320,103964,17,381901
23688,0.001776,172.31.36.0-255,66,104030,17,381901
23689,0.001779,172.253.118.0-255,1484,105514,17,381901
23690,0.001811,172.31.36.0-255,66,105580,17,381901
23691,0.001814,172.253.118.0-255,1484,107064,17,381901
23692,0.001835,172.253.118.0-255,6438,113502,17,381901
23693,0.001837,172.31.36.0-255,66,113568,17,381901
23694,0.001886,172.253.118.0-255,1484,115052,17,381901
23695,0.001889,172.253.118.0-255,1484,116536,17,381901
23696,0.001891,172.31.36.0-255,66,116602,17,381901
23697,0.001907,172.253.118.0-255,1484,118086,17,381901
23698,0.001912,172.253.118.0-255,2902,120988,17,381901
23699,0.001914,172.31.36.0-255,66,121054,17,381901
23700,0.001926,172.253.118.0-255,2902,123956,17,381901
23701,0.00193,172.31.36.0-255,66,124022,17,381901
23702,0.001968,172.31.36.0-255,66,124088,17,381901
23703,0.001996,172.253.118.0-255,5738,129826,17,381901
23704,0.001998,172.31.36.0-255,66,129892,17,381901
23705,0.002015,172.253.118.0-255,2902,132794,17,381901
23706,0.002017,172.31.36.0-255,66,132860,17,381901
23707,0.002064,172.253.118.0-255,2184,135044,17,381901
23708,0.002066,172.31.36.0-255,66,135110,17,381901
23709,0.002197,172.253.118.0-255,1484,136594,17,381901
23710,0.002208,172.253.118.0-255,2902,139496,17,381901
23711,0.002211,172.31.36.0-255,66,139562,17,381901
23712,0.002231,172.253.118.0-255,5738,145300,17,381901
23713,0.002233,172.31.36.0-255,66,145366,17,381901
23714,0.00226,172.253.118.0-255,4320,149686,17,381901
23715,0.002263,172.31.36.0-255,66,149752,17,381901
23716,0.002291,172.31.36.0-255,66,149818,17,381901
23717,0.002296,172.253.118.0-255,4320,154138,17,381901
23718,0.002298,172.31.36.0-255,66,154204,17,381901
23719,0.002332,172.253.118.0-255,6438,160642,17,381901
23720,0.002335,172.31.36.0-255,66,160708,17,381901
23721,0.00474,172.253.118.0-255,5738,166446,17,381901
23722,0.004746,172.31.36.0-255,66,166512,17,381901
23723,0.007071,172.253.118.0-255,5738,172250,17,381901
23724,0.00708,172.31.36.0-255,66,172316,17,381901
23725,0.00947,172.253.118.0-255,5738,178054,17,381901
23726,0.00948,172.31.36.0-255,66,178120,17,381901
23727,0.011881,172.253.118.0-255,5738,183858,17,381901
23728,0.011889,172.31.36.0-255,66,183924,17,381901
23729,0.014266,172.253.118.0-255,5738,189662,17,381901
23730,0.014275,172.31.36.0-255,66,189728,17,381901
23731,0.016664,172.253.118.0-255,5738,195466,17,381901
23732,0.016671,172.31.36.0-255,66,195532,17,381901
23733,0.019062,172.253.118.0-255,5738,201270,17,381901
23734,0.019069,172.31.36.0-255,66,201336,17,381901
23735,0.021462,172.253.118.0-255,5738,207074,17,381901
23736,0.02147,172.31.36.0-255,66,207140,17,381901
23737,0.023858,172.253.118.0-255,5738,212878,17,381901
23738,0.023866,172.31.36.0-255,66,212944,17,381901
23739,0.026241,172.253.118.0-255,5738,218682,17,381901
23740,0.026247,172.31.36.0-255,66,218748,17,381901
23741,0.028618,172.253.118.0-255,5738,224486,17,381901
23742,0.028624,172.31.36.0-255,66,224552,17,381901
23743,0.030867,172.31.36.0-255,172,224724,17,381901
23744,0.030897,172.31.36.0-255,1119,225843,17,381901
23745,0.030936,172.31.36.0-255,1514,227357,17,381901
23746,0.030938,172.31.36.0-255,1514,228871,17,381901
23747,0.030938,172.31.36.0-255,668,229539,17,381901
23748,0.03099,172.253.118.0-255,5738,235277,17,381901
23749,0.030995,172.31.36.0-255,66,235343,17,381901
23750,0.03244,104.244.42.0-255,66,235409,17,381901
23751,0.032447,104.244.42.0-255,66,235475,17,381901
23752,0.032479,104.244.42.0-255,66,235541,17,381901
23753,0.033372,172.253.118.0-255,2902,238443,17,381901
23754,0.033376,172.31.36.0-255,66,238509,17,381901
23755,0.033411,172.253.118.0-255,2902,241411,17,381901
23756,0.033415,172.31.36.0-255,66,241477,17,381901
23757,0.03571,172.253.118.0-255,2902,244379,17,381901
23758,0.035715,172.31.36.0-255,66,244445,17,381901
23759,0.035799,172.253.118.0-255,2902,247347,17,381901
23760,0.035803,172.31.36.0-255,66,247413,17,381901
23761,0.038121,172.253.118.0-255,2902,250315,17,381901
23762,0.038127,172.31.36.0-255,66,250381,17,381901
23763,0.038165,172.253.118.0-255,2902,253283,17,381901
23764,0.038168,172.31.36.0-255,66,253349,17,381901
23765,0.040537,172.253.118.0-255,5738,259087,17,381901
23766,0.040568,172.31.36.0-255,66,259153,17,381901
23767,0.042914,172.253.118.0-255,5738,264891,17,381901
23768,0.042919,172.31.36.0-255,66,264957,17,381901
23769,0.045314,172.253.118.0-255,5738,270695,17,381901
23770,0.045319,172.31.36.0-255,66,270761,17,381901
23771,0.04769,172.253.118.0-255,5738,276499,17,381901
23772,0.047695,172.31.36.0-255,66,276565,17,381901
23773,0.050084,172.253.118.0-255,5738,282303,17,381901
23774,0.050089,172.31.36.0-255,66,282369,17,381901
23775,0.052467,172.253.118.0-255,2902,285271,17,381901
23776,0.052472,172.31.36.0-255,66,285337,17,381901
23777,0.052504,172.253.118.0-255,2902,288239,17,381901
23778,0.052508,172.31.36.0-255,66,288305,17,381901
23779,0.054856,172.253.118.0-255,5738,294043,17,381901
23780,0.054862,172.31.36.0-255,66,294109,17,381901
23781,0.057247,172.253.118.0-255,5738,299847,17,381901
23782,0.057255,172.31.36.0-255,66,299913,17,381901
23783,0.059648,172.253.118.0-255,5738,305651,17,381901
23784,0.059654,172.31.36.0-255,66,305717,17,381901
23785,0.062059,172.253.118.0-255,2902,308619,17,381901
23786,0.062064,172.31.36.0-255,66,308685,17,381901
23787,0.062095,172.253.118.0-255,2902,311587,17,381901
23788,0.062099,172.31.36.0-255,66,311653,17,381901
23789,0.06442,172.253.118.0-255,2902,314555,17,381901
23790,0.064426,172.31.36.0-255,66,314621,17,381901
23791,0.064475,172.253.118.0-255,1484,316105,17,381901
23792,0.064487,172.253.118.0-255,1484,317589,17,381901
23793,0.06449,172.31.36.0-255,66,317655,17,381901
23794,0.066751,172.253.118.0-255,2902,320557,17,381901
23795,0.066756,172.31.36.0-255,66,320623,17,381901
23796,0.066872,172.253.118.0-255,2902,323525,17,381901
23797,0.066876,172.31.36.0-255,66,323591,17,381901
23798,0.069138,172.253.118.0-255,2902,326493,17,381901
23799,0.069143,172.31.36.0-255,66,326559,17,381901
23800,0.069275,172.253.118.0-255,2902,329461,17,381901
23801,0.06928,172.31.36.0-255,66,329527,17,381901
23802,0.071517,172.253.118.0-255,2902,332429,17,381901
23803,0.071523,172.31.36.0-255,66,332495,17,381901
23804,0.071641,172.253.118.0-255,2902,335397,17,381901
23805,0.071646,172.31.36.0-255,66,335463,17,381901
23806,0.073895,172.253.118.0-255,2902,338365,17,381901
23807,0.073901,172.31.36.0-255,66,338431,17,381901
23808,0.074012,172.253.118.0-255,2902,341333,17,381901
23809,0.074017,172.31.36.0-255,66,341399,17,381901
23810,0.076253,172.253.118.0-255,2902,344301,17,381901
23811,0.076259,172.31.36.0-255,66,344367,17,381901
23812,0.076391,172.253.118.0-255,2902,347269,17,381901
23813,0.076396,172.31.36.0-255,66,347335,17,381901
23814,0.07863,172.253.118.0-255,2902,350237,17,381901
23815,0.078635,172.31.36.0-255,66,350303,17,381901
23816,0.078775,172.253.118.0-255,2902,353205,17,381901
23817,0.078781,172.31.36.0-255,66,353271,17,381901
23818,0.080986,172.253.118.0-255,2902,356173,17,381901
23819,0.080991,172.31.36.0-255,66,356239,17,381901
23820,0.081146,172.253.118.0-255,2902,359141,17,381901
23821,0.081151,172.31.36.0-255,66,359207,17,381901
23822,0.083337,172.253.118.0-255,2902,362109,17,381901
23823,0.083342,172.31.36.0-255,66,362175,17,381901
23824,0.083528,172.253.118.0-255,2902,365077,17,381901
23825,0.083534,172.31.36.0-255,66,365143,17,381901
23826,0.08572,172.253.118.0-255,2902,368045,17,381901
23827,0.085726,172.31.36.0-255,66,368111,17,381901
23828,0.085911,172.253.118.0-255,2902,371013,17,381901
23829,0.085917,172.31.36.0-255,66,371079,17,381901
23830,0.088113,172.253.118.0-255,2902,373981,17,381901
23831,0.08812,172.31.36.0-255,66,374047,17,381901
23832,0.088256,172.253.118.0-255,2902,376949,17,381901
23833,0.088261,172.31.36.0-255,66,377015,17,381901
23834,0.090501,172.253.118.0-255,2902,379917,17,381901
23835,0.090507,172.31.36.0-255,66,379983,17,381901
23836,0.090617,172.253.118.0-255,1681,381664,17,381901
23837,0.090621,172.31.36.0-255,66,381730,17,381901
23838,0.090816,172.31.36.0-255,105,381835,17,381901
23839,0.09318,172.253.118.0-255,66,381901,17,381901
23840,0.0,172.217.194.0-255,153,153,17,345738
23841,2.1e-05,172.31.36.0-255,66,219,17,345738
23842,2.9e-05,172.217.194.0-255,1484,1703,17,345738
23843,3.4e-05,172.31.36.0-255,66,1769,17,345738
23844,4.2e-05,172.217.194.0-255,2902,4671,17,345738
23845,4.6e-05,172.31.36.0-255,66,4737,17,345738
23846,5.4e-05,172.217.194.0-255,7156,11893,17,345738
23847,5.7e-05,172.31.36.0-255,66,11959,17,345738
23848,9.4e-05,172.31.36.0-255,66,12025,17,345738
23849,0.000122,172.217.194.0-255,5738,17763,17,345738
23850,0.000125,172.31.36.0-255,66,17829,17,345738
23851,0.000142,172.217.194.0-255,2543,20372,17,345738
23852,0.000145,172.31.36.0-255,66,20438,17,345738
23853,0.000788,172.217.194.0-255,1484,21922,17,345738
23854,0.000796,172.31.36.0-255,66,21988,17,345738
23855,0.000802,172.217.194.0-255,2902,24890,17,345738
23856,0.000805,172.31.36.0-255,66,24956,17,345738
23857,0.000812,172.217.194.0-255,5738,30694,17,345738
23858,0.000814,172.31.36.0-255,66,30760,17,345738
23859,0.00085,172.217.194.0-255,6797,37557,17,345738
23860,0.000853,172.31.36.0-255,66,37623,17,345738
23861,0.000861,172.217.194.0-255,7156,44779,17,345738
23862,0.000863,172.31.36.0-255,66,44845,17,345738
23863,0.000895,172.31.36.0-255,66,44911,17,345738
23864,0.001429,172.217.194.0-255,99,45010,17,345738
23865,0.001435,172.31.36.0-255,66,45076,17,345738
23866,0.001471,172.217.194.0-255,1484,46560,17,345738
23867,0.001475,172.31.36.0-255,66,46626,17,345738
23868,0.00148,172.217.194.0-255,2902,49528,17,345738
23869,0.001483,172.31.36.0-255,66,49594,17,345738
23870,0.001486,172.217.194.0-255,1484,51078,17,345738
23871,0.001509,172.217.194.0-255,5738,56816,17,345738
23872,0.001511,172.31.36.0-255,66,56882,17,345738
23873,0.001522,172.31.36.0-255,66,56948,17,345738
23874,0.001562,172.217.194.0-255,4320,61268,17,345738
23875,0.001566,172.31.36.0-255,66,61334,17,345738
23876,0.001592,172.31.36.0-255,66,61400,17,345738
23877,0.001809,172.217.194.0-255,1484,62884,17,345738
23878,0.001817,172.217.194.0-255,2902,65786,17,345738
23879,0.001821,172.31.36.0-255,66,65852,17,345738
23880,0.00183,172.217.194.0-255,5738,71590,17,345738
23881,0.001832,172.31.36.0-255,66,71656,17,345738
23882,0.001865,172.31.36.0-255,66,71722,17,345738
23883,0.001888,172.217.194.0-255,1484,73206,17,345738
23884,0.001896,172.217.194.0-255,7156,80362,17,345738
23885,0.001899,172.31.36.0-255,66,80428,17,345738
23886,0.001918,172.217.194.0-255,3602,84030,17,345738
23887,0.001921,172.31.36.0-255,66,84096,17,345738
23888,0.001942,172.217.194.0-255,4320,88416,17,345738
23889,0.001944,172.31.36.0-255,66,88482,17,345738
23890,0.001989,172.217.194.0-255,5738,94220,17,345738
23891,0.001992,172.31.36.0-255,66,94286,17,345738
23892,0.002007,172.217.194.0-255,4320,98606,17,345738
23893,0.00201,172.31.36.0-255,66,98672,17,345738
23894,0.002015,172.217.194.0-255,4320,102992,17,345738
23895,0.002018,172.31.36.0-255,66,103058,17,345738
23896,0.002035,172.217.194.0-255,4320,107378,17,345738
23897,0.002039,172.31.36.0-255,66,107444,17,345738
23898,0.002065,172.31.36.0-255,66,107510,17,345738
23899,0.002282,172.217.194.0-255,1484,108994,17,345738
23900,0.002291,172.217.194.0-255,2902,111896,17,345738
23901,0.002295,172.31.36.0-255,66,111962,17,345738
23902,0.002303,172.217.194.0-255,5738,117700,17,345738
23903,0.002305,172.31.36.0-255,66,117766,17,345738
23904,0.00234,172.31.36.0-255,66,117832,17,345738
23905,0.002345,172.217.194.0-255,2902,120734,17,345738
23906,0.002347,172.31.36.0-255,66,120800,17,345738
23907,0.002364,172.217.194.0-255,4320,125120,17,345738
23908,0.002367,172.31.36.0-255,66,125186,17,345738
23909,0.00239,172.217.194.0-255,3602,128788,17,345738
23910,0.002394,172.31.36.0-255,66,128854,17,345738
23911,0.004683,172.217.194.0-255,5738,134592,17,345738
23912,0.00469,172.31.36.0-255,66,134658,17,345738
23913,0.006976,172.217.194.0-255,5738,140396,17,345738
23914,0.006981,172.31.36.0-255,66,140462,17,345738
23915,0.009262,172.217.194.0-255,5738,146200,17,345738
23916,0.009269,172.31.36.0-255,66,146266,17,345738
23917,0.011549,172.217.194.0-255,5738,152004,17,345738
23918,0.011556,172.31.36.0-255,66,152070,17,345738
23919,0.013855,172.217.194.0-255,5738,157808,17,345738
23920,0.013863,172.31.36.0-255,66,157874,17,345738
23921,0.016169,172.217.194.0-255,5738,163612,17,345738
23922,0.016177,172.31.36.0-255,66,163678,17,345738
23923,0.018494,172.217.194.0-255,5738,169416,17,345738
23924,0.018509,172.31.36.0-255,66,169482,17,345738
23925,0.020796,172.217.194.0-255,5738,175220,17,345738
23926,0.020805,172.31.36.0-255,66,175286,17,345738
23927,0.023098,172.217.194.0-255,5738,181024,17,345738
23928,0.023106,172.31.36.0-255,66,181090,17,345738
23929,0.025397,172.217.194.0-255,5738,186828,17,345738
23930,0.025404,172.31.36.0-255,66,186894,17,345738
23931,0.027675,172.217.194.0-255,5738,192632,17,345738
23932,0.027683,172.31.36.0-255,66,192698,17,345738
23933,0.029953,172.217.194.0-255,5738,198436,17,345738
23934,0.029959,172.31.36.0-255,66,198502,17,345738
23935,0.032251,172.217.194.0-255,5738,204240,17,345738
23936,0.032257,172.31.36.0-255,66,204306,17,345738
23937,0.034553,172.217.194.0-255,5738,210044,17,345738
23938,0.034559,172.31.36.0-255,66,210110,17,345738
23939,0.035911,172.31.36.0-255,172,210282,17,345738
23940,0.03594,172.31.36.0-255,1117,211399,17,345738
23941,0.035997,172.31.36.0-255,1514,212913,17,345738
23942,0.035999,172.31.36.0-255,317,213230,17,345738
23943,0.036836,172.217.194.0-255,5738,218968,17,345738
23944,0.036843,172.31.36.0-255,66,219034,17,345738
23945,0.037443,104.244.42.0-255,66,219100,17,345738
23946,0.037504,104.244.42.0-255,66,219166,17,345738
23947,0.037544,104.244.42.0-255,66,219232,17,345738
23948,0.039161,172.217.194.0-255,5738,224970,17,345738
23949,0.039172,172.31.36.0-255,66,225036,17,345738
23950,0.041484,172.217.194.0-255,5738,230774,17,345738
23951,0.041492,172.31.36.0-255,66,230840,17,345738
23952,0.043786,172.217.194.0-255,5738,236578,17,345738
23953,0.043792,172.31.36.0-255,66,236644,17,345738
23954,0.046089,172.217.194.0-255,5738,242382,17,345738
23955,0.046096,172.31.36.0-255,66,242448,17,345738
23956,0.048374,172.217.194.0-255,5738,248186,17,345738
23957,0.048381,172.31.36.0-255,66,248252,17,345738
23958,0.050671,172.217.194.0-255,5738,253990,17,345738
23959,0.050677,172.31.36.0-255,66,254056,17,345738
23960,0.052993,172.217.194.0-255,5738,259794,17,345738
23961,0.053,172.31.36.0-255,66,259860,17,345738
23962,0.05528,172.217.194.0-255,5738,265598,17,345738
23963,0.055286,172.31.36.0-255,66,265664,17,345738
23964,0.057576,172.217.194.0-255,5738,271402,17,345738
23965,0.057583,172.31.36.0-255,66,271468,17,345738
23966,0.059874,172.217.194.0-255,5738,277206,17,345738
23967,0.059884,172.31.36.0-255,66,277272,17,345738
23968,0.062217,172.217.194.0-255,5738,283010,17,345738
23969,0.062223,172.31.36.0-255,66,283076,17,345738
23970,0.064526,172.217.194.0-255,5738,288814,17,345738
23971,0.064532,172.31.36.0-255,66,288880,17,345738
23972,0.066841,172.217.194.0-255,5738,294618,17,345738
23973,0.066848,172.31.36.0-255,66,294684,17,345738
23974,0.069128,172.217.194.0-255,5738,300422,17,345738
23975,0.069134,172.31.36.0-255,66,300488,17,345738
23976,0.071417,172.217.194.0-255,5738,306226,17,345738
23977,0.071421,172.31.36.0-255,66,306292,17,345738
23978,0.073743,172.217.194.0-255,5738,312030,17,345738
23979,0.07375,172.31.36.0-255,66,312096,17,345738
23980,0.076065,172.217.194.0-255,5738,317834,17,345738
23981,0.076073,172.31.36.0-255,66,317900,17,345738
23982,0.078371,172.217.194.0-255,5738,323638,17,345738
23983,0.078378,172.31.36.0-255,66,323704,17,345738
23984,0.080671,172.217.194.0-255,5738,329442,17,345738
23985,0.080678,172.31.36.0-255,66,329508,17,345738
23986,0.082997,172.217.194.0-255,5738,335246,17,345738
23987,0.083004,172.31.36.0-255,66,335312,17,345738
23988,0.085287,172.217.194.0-255,5738,341050,17,345738
23989,0.085294,172.31.36.0-255,66,341116,17,345738
23990,0.087569,172.217.194.0-255,4385,345501,17,345738
23991,0.087576,172.31.36.0-255,66,345567,17,345738
23992,0.087755,172.31.36.0-255,105,345672,17,345738
23993,0.090005,172.217.194.0-255,66,345738,17,345738
23994,0.0,74.125.68.0-255,143,143,17,370350
23995,2.6e-05,172.31.36.0-255,66,209,17,370350
23996,3.2e-05,74.125.68.0-255,1484,1693,17,370350
23997,3.7e-05,172.31.36.0-255,66,1759,17,370350
23998,5.8e-05,74.125.68.0-255,2902,4661,17,370350
23999,6.1e-05,172.31.36.0-255,66,4727,17,370350
24000,6.3e-05,74.125.68.0-255,1484,6211,17,370350
24001,6.5e-05,172.31.36.0-255,66,6277,17,370350
24002,7e-05,74.125.68.0-255,2902,9179,17,370350
24003,7.2e-05,172.31.36.0-255,66,9245,17,370350
24004,0.000142,74.125.68.0-255,4884,14129,17,370350
24005,0.000146,172.31.36.0-255,66,14195,17,370350
24006,0.000177,74.125.68.0-255,1484,15679,17,370350
24007,0.00018,172.31.36.0-255,66,15745,17,370350
24008,0.000214,74.125.68.0-255,2902,18647,17,370350
24009,0.000217,172.31.36.0-255,66,18713,17,370350
24010,0.00022,74.125.68.0-255,1484,20197,17,370350
24011,0.000222,172.31.36.0-255,66,20263,17,370350
24012,0.000234,74.125.68.0-255,1484,21747,17,370350
24013,0.000236,172.31.36.0-255,66,21813,17,370350
24014,0.000249,74.125.68.0-255,1484,23297,17,370350
24015,0.000251,172.31.36.0-255,66,23363,17,370350
24016,0.000267,74.125.68.0-255,1484,24847,17,370350
24017,0.00027,172.31.36.0-255,66,24913,17,370350
24018,0.000282,74.125.68.0-255,2902,27815,17,370350
24019,0.000286,172.31.36.0-255,66,27881,17,370350
24020,0.000309,74.125.68.0-255,5738,33619,17,370350
24021,0.000316,172.31.36.0-255,66,33685,17,370350
24022,0.000339,74.125.68.0-255,4320,38005,17,370350
24023,0.000343,172.31.36.0-255,66,38071,17,370350
24024,0.000349,74.125.68.0-255,5738,43809,17,370350
24025,0.000351,172.31.36.0-255,66,43875,17,370350
24026,0.00037,74.125.68.0-255,2902,46777,17,370350
24027,0.000373,172.31.36.0-255,66,46843,17,370350
24028,0.000395,74.125.68.0-255,2184,49027,17,370350
24029,0.000399,172.31.36.0-255,66,49093,17,370350
24030,0.000615,74.125.68.0-255,1484,50577,17,370350
24031,0.000644,74.125.68.0-255,2902,53479,17,370350
24032,0.000648,172.31.36.0-255,66,53545,17,370350
24033,0.000655,74.125.68.0-255,5738,59283,17,370350
24034,0.000658,172.31.36.0-255,66,59349,17,370350
24035,0.000669,74.125.68.0-255,2902,62251,17,370350
24036,0.000671,172.31.36.0-255,66,62317,17,370350
24037,0.000691,74.125.68.0-255,3961,66278,17,370350
24038,0.000694,74.125.68.0-255,647,66925,17,370350
24039,0.000695,172.31.36.0-255,66,66991,17,370350
24040,0.000786,172.31.36.0-255,66,67057,17,370350
24041,0.000916,74.125.68.0-255,1484,68541,17,370350
24042,0.000939,74.125.68.0-255,2902,71443,17,370350
24043,0.000943,172.31.36.0-255,66,71509,17,370350
24044,0.000968,74.125.68.0-255,4320,75829,17,370350
24045,0.000971,172.31.36.0-255,66,75895,17,370350
24046,0.000991,74.125.68.0-255,1484,77379,17,370350
24047,0.001006,74.125.68.0-255,4320,81699,17,370350
24048,0.001009,172.31.36.0-255,66,81765,17,370350
24049,0.001028,74.125.68.0-255,2902,84667,17,370350
24050,0.001031,172.31.36.0-255,66,84733,17,370350
24051,0.001038,74.125.68.0-255,5738,90471,17,370350
24052,0.00104,172.31.36.0-255,66,90537,17,370350
24053,0.001055,74.125.68.0-255,1484,92021,17,370350
24054,0.00108,74.125.68.0-255,5738,97759,17,370350
24055,0.001083,172.31.36.0-255,66,97825,17,370350
24056,0.001087,74.125.68.0-255,1484,99309,17,370350
24057,0.001102,74.125.68.0-255,2184,101493,17,370350
24058,0.001105,172.31.36.0-255,66,101559,17,370350
24059,0.001271,74.125.68.0-255,1484,103043,17,370350
24060,0.001277,74.125.68.0-255,1484,104527,17,370350
24061,0.00128,172.31.36.0-255,66,104593,17,370350
24062,0.001301,74.125.68.0-255,2902,107495,17,370350
24063,0.001304,172.31.36.0-255,66,107561,17,370350
24064,0.001327,74.125.68.0-255,5738,113299,17,370350
24065,0.001329,172.31.36.0-255,66,113365,17,370350
24066,0.001333,74.125.68.0-255,2902,116267,17,370350
24067,0.001335,172.31.36.0-255,66,116333,17,370350
24068,0.001357,74.125.68.0-255,1484,117817,17,370350
24069,0.001392,172.31.36.0-255,66,117883,17,370350
24070,0.001398,74.125.68.0-255,5738,123621,17,370350
24071,0.0014,172.31.36.0-255,66,123687,17,370350
24072,0.001415,74.125.68.0-255,3602,127289,17,370350
24073,0.001417,172.31.36.0-255,66,127355,17,370350
24074,0.003722,74.125.68.0-255,1484,128839,17,370350
24075,0.003794,74.125.68.0-255,1484,130323,17,370350
24076,0.003797,172.31.36.0-255,66,130389,17,370350
24077,0.003814,74.125.68.0-255,2902,133291,17,370350
24078,0.003816,172.31.36.0-255,66,133357,17,370350
24079,0.006192,74.125.68.0-255,5738,139095,17,370350
24080,0.006198,172.31.36.0-255,66,139161,17,370350
24081,0.008565,74.125.68.0-255,5738,144899,17,370350
24082,0.008573,172.31.36.0-255,66,144965,17,370350
24083,0.010919,74.125.68.0-255,5738,150703,17,370350
24084,0.010927,172.31.36.0-255,66,150769,17,370350
24085,0.013282,74.125.68.0-255,5738,156507,17,370350
24086,0.013292,172.31.36.0-255,66,156573,17,370350
24087,0.015639,74.125.68.0-255,5738,162311,17,370350
24088,0.015649,172.31.36.0-255,66,162377,17,370350
24089,0.017982,74.125.68.0-255,5738,168115,17,370350
24090,0.01799,172.31.36.0-255,66,168181,17,370350
24091,0.02034,74.125.68.0-255,5738,173919,17,370350
24092,0.020348,172.31.36.0-255,66,173985,17,370350
24093,0.022686,74.125.68.0-255,5738,179723,17,370350
24094,0.022692,172.31.36.0-255,66,179789,17,370350
24095,0.025041,74.125.68.0-255,5738,185527,17,370350
24096,0.025051,172.31.36.0-255,66,185593,17,370350
24097,0.027387,74.125.68.0-255,5738,191331,17,370350
24098,0.027394,172.31.36.0-255,66,191397,17,370350
24099,0.029214,172.31.36.0-255,171,191568,17,370350
24100,0.029247,172.31.36.0-255,1139,192707,17,370350
24101,0.029285,172.31.36.0-255,1514,194221,17,370350
24102,0.029287,172.31.36.0-255,1249,195470,17,370350
24103,0.029736,74.125.68.0-255,4320,199790,17,370350
24104,0.029743,172.31.36.0-255,66,199856,17,370350
24105,0.029758,74.125.68.0-255,1484,201340,17,370350
24106,0.030791,104.244.42.0-255,66,201406,17,370350
24107,0.030797,104.244.42.0-255,66,201472,17,370350
24108,0.030829,104.244.42.0-255,66,201538,17,370350
24109,0.032078,74.125.68.0-255,4320,205858,17,370350
24110,0.032083,172.31.36.0-255,66,205924,17,370350
24111,0.034431,74.125.68.0-255,5738,211662,17,370350
24112,0.034435,172.31.36.0-255,66,211728,17,370350
24113,0.036773,74.125.68.0-255,5738,217466,17,370350
24114,0.036779,172.31.36.0-255,66,217532,17,370350
24115,0.039113,74.125.68.0-255,5738,223270,17,370350
24116,0.039119,172.31.36.0-255,66,223336,17,370350
24117,0.041442,74.125.68.0-255,2902,226238,17,370350
24118,0.041445,172.31.36.0-255,66,226304,17,370350
24119,0.041477,74.125.68.0-255,2902,229206,17,370350
24120,0.04148,172.31.36.0-255,66,229272,17,370350
24121,0.043792,74.125.68.0-255,2902,232174,17,370350
24122,0.043797,172.31.36.0-255,66,232240,17,370350
24123,0.043831,74.125.68.0-255,2902,235142,17,370350
24124,0.043834,172.31.36.0-255,66,235208,17,370350
24125,0.046133,74.125.68.0-255,2902,238110,17,370350
24126,0.046137,172.31.36.0-255,66,238176,17,370350
24127,0.046169,74.125.68.0-255,2902,241078,17,370350
24128,0.046172,172.31.36.0-255,66,241144,17,370350
24129,0.04848,74.125.68.0-255,1484,242628,17,370350
24130,0.048505,74.125.68.0-255,4320,246948,17,370350
24131,0.048509,172.31.36.0-255,66,247014,17,370350
24132,0.05085,74.125.68.0-255,5738,252752,17,370350
24133,0.050857,172.31.36.0-255,66,252818,17,370350
24134,0.053201,74.125.68.0-255,5738,258556,17,370350
24135,0.053208,172.31.36.0-255,66,258622,17,370350
24136,0.055528,74.125.68.0-255,1484,260106,17,370350
24137,0.05556,74.125.68.0-255,4320,264426,17,370350
24138,0.055565,172.31.36.0-255,66,264492,17,370350
24139,0.057915,74.125.68.0-255,5738,270230,17,370350
24140,0.05792,172.31.36.0-255,66,270296,17,370350
24141,0.060255,74.125.68.0-255,2902,273198,17,370350
24142,0.06026,172.31.36.0-255,66,273264,17,370350
24143,0.060289,74.125.68.0-255,2902,276166,17,370350
24144,0.060292,172.31.36.0-255,66,276232,17,370350
24145,0.062596,74.125.68.0-255,2902,279134,17,370350
24146,0.062602,172.31.36.0-255,66,279200,17,370350
24147,0.062631,74.125.68.0-255,2902,282102,17,370350
24148,0.062634,172.31.36.0-255,66,282168,17,370350
24149,0.064927,74.125.68.0-255,2902,285070,17,370350
24150,0.064932,172.31.36.0-255,66,285136,17,370350
24151,0.06496,74.125.68.0-255,2902,288038,17,370350
24152,0.064964,172.31.36.0-255,66,288104,17,370350
24153,0.067265,74.125.68.0-255,2902,291006,17,370350
24154,0.06727,172.31.36.0-255,66,291072,17,370350
24155,0.067309,74.125.68.0-255,2902,293974,17,370350
24156,0.067312,172.31.36.0-255,66,294040,17,370350
24157,0.069601,74.125.68.0-255,2902,296942,17,370350
24158,0.069607,172.31.36.0-255,66,297008,17,370350
24159,0.069643,74.125.68.0-255,2902,299910,17,370350
24160,0.069647,172.31.36.0-255,66,299976,17,370350
24161,0.071929,74.125.68.0-255,2902,302878,17,370350
24162,0.071934,172.31.36.0-255,66,302944,17,370350
24163,0.071976,74.125.68.0-255,2902,305846,17,370350
24164,0.07198,172.31.36.0-255,66,305912,17,370350
24165,0.074265,74.125.68.0-255,2902,308814,17,370350
24166,0.07427,172.31.36.0-255,66,308880,17,370350
24167,0.074304,74.125.68.0-255,1484,310364,17,370350
24168,0.07432,74.125.68.0-255,1484,311848,17,370350
24169,0.074322,172.31.36.0-255,66,311914,17,370350
24170,0.076596,74.125.68.0-255,2902,314816,17,370350
24171,0.076601,172.31.36.0-255,66,314882,17,370350
24172,0.076661,74.125.68.0-255,2902,317784,17,370350
24173,0.076665,172.31.36.0-255,66,317850,17,370350
24174,0.078944,74.125.68.0-255,2902,320752,17,370350
24175,0.078952,172.31.36.0-255,66,320818,17,370350
24176,0.078992,74.125.68.0-255,2902,323720,17,370350
24177,0.078996,172.31.36.0-255,66,323786,17,370350
24178,0.08127,74.125.68.0-255,1484,325270,17,370350
24179,0.08136,74.125.68.0-255,4320,329590,17,370350
24180,0.081365,172.31.36.0-255,66,329656,17,370350
24181,0.083701,74.125.68.0-255,5738,335394,17,370350
24182,0.083706,172.31.36.0-255,66,335460,17,370350
24183,0.086035,74.125.68.0-255,5738,341198,17,370350
24184,0.086041,172.31.36.0-255,66,341264,17,370350
24185,0.088371,74.125.68.0-255,5738,347002,17,370350
24186,0.088376,172.31.36.0-255,66,347068,17,370350
24187,0.090705,74.125.68.0-255,5738,352806,17,370350
24188,0.090711,172.31.36.0-255,66,352872,17,370350
24189,0.093049,74.125.68.0-255,5738,358610,17,370350
24190,0.093054,172.31.36.0-255,66,358676,17,370350
24191,0.095396,74.125.68.0-255,5738,364414,17,370350
24192,0.095401,172.31.36.0-255,66,364480,17,370350
24193,0.09774,74.125.68.0-255,4320,368800,17,370350
24194,0.097745,172.31.36.0-255,66,368866,17,370350
24195,0.097773,74.125.68.0-255,1484,370350,17,370350
24196,0.0,74.125.24.0-255,153,153,17,147842
24197,2.3e-05,172.31.36.0-255,66,219,17,147842
24198,3.1e-05,74.125.24.0-255,1484,1703,17,147842
24199,3.6e-05,172.31.36.0-255,66,1769,17,147842
24200,5.4e-05,74.125.24.0-255,2902,4671,17,147842
24201,5.8e-05,172.31.36.0-255,66,4737,17,147842
24202,6.3e-05,74.125.24.0-255,2902,7639,17,147842
24203,6.5e-05,172.31.36.0-255,66,7705,17,147842
24204,0.000107,74.125.24.0-255,6311,14016,17,147842
24205,0.00011,172.31.36.0-255,66,14082,17,147842
24206,0.000158,74.125.24.0-255,5738,19820,17,147842
24207,0.000161,172.31.36.0-255,66,19886,17,147842
24208,0.000172,74.125.24.0-255,1484,21370,17,147842
24209,0.000178,172.31.36.0-255,66,21436,17,147842
24210,0.000242,74.125.24.0-255,2902,24338,17,147842
24211,0.000245,172.31.36.0-255,66,24404,17,147842
24212,0.000275,74.125.24.0-255,6797,31201,17,147842
24213,0.000278,172.31.36.0-255,66,31267,17,147842
24214,0.000354,74.125.24.0-255,5738,37005,17,147842
24215,0.000358,172.31.36.0-255,66,37071,17,147842
24216,0.000387,74.125.24.0-255,5738,42809,17,147842
24217,0.00039,172.31.36.0-255,66,42875,17,147842
24218,0.000488,74.125.24.0-255,5738,48613,17,147842
24219,0.000492,172.31.36.0-255,66,48679,17,147842
24220,0.000522,74.125.24.0-255,5379,54058,17,147842
24221,0.000525,172.31.36.0-255,66,54124,17,147842
24222,0.000605,74.125.24.0-255,5738,59862,17,147842
24223,0.000608,172.31.36.0-255,66,59928,17,147842
24224,0.000637,74.125.24.0-255,5676,65604,17,147842
24225,0.00064,172.31.36.0-255,66,65670,17,147842
24226,0.000712,74.125.24.0-255,382,66052,17,147842
24227,0.000716,172.31.36.0-255,66,66118,17,147842
24228,0.000752,172.31.36.0-255,66,66184,17,147842
24229,0.000908,74.125.24.0-255,5738,71922,17,147842
24230,0.000912,172.31.36.0-255,66,71988,17,147842
24231,0.000953,172.31.36.0-255,66,72054,17,147842
24232,0.00113,74.125.24.0-255,7156,79210,17,147842
24233,0.001134,172.31.36.0-255,66,79276,17,147842
24234,0.001173,172.31.36.0-255,66,79342,17,147842
24235,0.001355,74.125.24.0-255,5738,85080,17,147842
24236,0.001359,172.31.36.0-255,66,85146,17,147842
24237,0.001398,172.31.36.0-255,66,85212,17,147842
24238,0.001522,172.31.36.0-255,66,85278,17,147842
24239,0.001574,172.31.36.0-255,66,85344,17,147842
24240,0.001895,74.125.24.0-255,4320,89664,17,147842
24241,0.001899,172.31.36.0-255,66,89730,17,147842
24242,0.001964,172.31.36.0-255,66,89796,17,147842
24243,0.002459,172.31.36.0-255,66,89862,17,147842
24244,0.002559,172.31.36.0-255,66,89928,17,147842
24245,0.002655,74.125.24.0-255,5738,95666,17,147842
24246,0.002658,172.31.36.0-255,66,95732,17,147842
24247,0.002708,172.31.36.0-255,66,95798,17,147842
24248,0.002759,172.31.36.0-255,66,95864,17,147842
24249,0.003505,172.31.36.0-255,66,95930,17,147842
24250,0.003577,172.31.36.0-255,66,95996,17,147842
24251,0.005698,74.125.24.0-255,5738,101734,17,147842
24252,0.005717,172.31.36.0-255,66,101800,17,147842
24253,0.007869,74.125.24.0-255,5738,107538,17,147842
24254,0.007888,172.31.36.0-255,66,107604,17,147842
24255,0.010007,74.125.24.0-255,5738,113342,17,147842
24256,0.010019,172.31.36.0-255,66,113408,17,147842
24257,0.012109,74.125.24.0-255,5738,119146,17,147842
24258,0.012112,172.31.36.0-255,66,119212,17,147842
24259,0.014227,74.125.24.0-255,5738,124950,17,147842
24260,0.014233,172.31.36.0-255,66,125016,17,147842
24261,0.016335,74.125.24.0-255,5738,130754,17,147842
24262,0.01634,172.31.36.0-255,66,130820,17,147842
24263,0.018448,74.125.24.0-255,5738,136558,17,147842
24264,0.018454,172.31.36.0-255,66,136624,17,147842
24265,0.020575,74.125.24.0-255,5738,142362,17,147842
24266,0.020583,172.31.36.0-255,66,142428,17,147842
24267,0.022671,74.125.24.0-255,903,143331,17,147842
24268,0.022799,172.31.36.0-255,66,143397,17,147842
24269,0.022837,172.31.36.0-255,105,143502,17,147842
24270,0.024906,74.125.24.0-255,66,143568,17,147842
24271,0.042706,172.31.36.0-255,172,143740,17,147842
24272,0.042736,172.31.36.0-255,1117,144857,17,147842
24273,0.042766,172.31.36.0-255,1514,146371,17,147842
24274,0.042768,172.31.36.0-255,1273,147644,17,147842
24275,0.044222,104.244.42.0-255,66,147710,17,147842
24276,0.044273,104.244.42.0-255,66,147776,17,147842
24277,0.044363,104.244.42.0-255,66,147842,17,147842
24278,0.0,74.125.130.0-255,143,143,17,272437
24279,3.2e-05,172.31.36.0-255,66,209,17,272437
24280,3.9e-05,74.125.130.0-255,1484,1693,17,272437
24281,4.4e-05,172.31.36.0-255,66,1759,17,272437
24282,4.9e-05,74.125.130.0-255,2902,4661,17,272437
24283,5.2e-05,172.31.36.0-255,66,4727,17,272437
24284,5.5e-05,74.125.130.0-255,1484,6211,17,272437
24285,5.7e-05,172.31.36.0-255,66,6277,17,272437
24286,8.3e-05,74.125.130.0-255,2902,9179,17,272437
24287,8.6e-05,172.31.36.0-255,66,9245,17,272437
24288,0.000116,74.125.130.0-255,4836,14081,17,272437
24289,0.000119,172.31.36.0-255,66,14147,17,272437
24290,0.000173,74.125.130.0-255,1484,15631,17,272437
24291,0.000176,172.31.36.0-255,66,15697,17,272437
24292,0.000193,74.125.130.0-255,4320,20017,17,272437
24293,0.000196,172.31.36.0-255,66,20083,17,272437
24294,0.000201,74.125.130.0-255,2902,22985,17,272437
24295,0.000203,172.31.36.0-255,66,23051,17,272437
24296,0.000225,74.125.130.0-255,4320,27371,17,272437
24297,0.000228,172.31.36.0-255,66,27437,17,272437
24298,0.000231,74.125.130.0-255,1484,28921,17,272437
24299,0.000232,172.31.36.0-255,66,28987,17,272437
24300,0.000273,74.125.130.0-255,2543,31530,17,272437
24301,0.000276,172.31.36.0-255,66,31596,17,272437
24302,0.000565,74.125.130.0-255,1484,33080,17,272437
24303,0.000569,172.31.36.0-255,66,33146,17,272437
24304,0.000607,74.125.130.0-255,2902,36048,17,272437
24305,0.00061,172.31.36.0-255,66,36114,17,272437
24306,0.000614,74.125.130.0-255,1484,37598,17,272437
24307,0.000616,172.31.36.0-255,66,37664,17,272437
24308,0.000638,74.125.130.0-255,2902,40566,17,272437
24309,0.000641,172.31.36.0-255,66,40632,17,272437
24310,0.000663,74.125.130.0-255,5738,46370,17,272437
24311,0.000666,172.31.36.0-255,66,46436,17,272437
24312,0.000671,74.125.130.0-255,2902,49338,17,272437
24313,0.000673,172.31.36.0-255,66,49404,17,272437
24314,0.0007,74.125.130.0-255,4320,53724,17,272437
24315,0.000703,172.31.36.0-255,66,53790,17,272437
24316,0.000733,172.31.36.0-255,66,53856,17,272437
24317,0.000775,74.125.130.0-255,3602,57458,17,272437
24318,0.000779,172.31.36.0-255,66,57524,17,272437
24319,0.001717,74.125.130.0-255,377,57901,17,272437
24320,0.003377,74.125.130.0-255,4320,62221,17,272437
24321,0.003382,172.31.36.0-255,66,62287,17,272437
24322,0.006011,74.125.130.0-255,5738,68025,17,272437
24323,0.006018,172.31.36.0-255,66,68091,17,272437
24324,0.008639,74.125.130.0-255,5738,73829,17,272437
24325,0.00865,172.31.36.0-255,66,73895,17,272437
24326,0.011256,74.125.130.0-255,5738,79633,17,272437
24327,0.011265,172.31.36.0-255,66,79699,17,272437
24328,0.013887,74.125.130.0-255,5738,85437,17,272437
24329,0.013899,172.31.36.0-255,66,85503,17,272437
24330,0.016541,74.125.130.0-255,5738,91241,17,272437
24331,0.016558,172.31.36.0-255,66,91307,17,272437
24332,0.019183,74.125.130.0-255,5738,97045,17,272437
24333,0.019198,172.31.36.0-255,66,97111,17,272437
24334,0.02184,74.125.130.0-255,5738,102849,17,272437
24335,0.021856,172.31.36.0-255,66,102915,17,272437
24336,0.023099,172.31.36.0-255,172,103087,17,272437
24337,0.023126,172.31.36.0-255,1116,104203,17,272437
24338,0.02319,172.31.36.0-255,1514,105717,17,272437
24339,0.023192,172.31.36.0-255,1272,106989,17,272437
24340,0.024517,74.125.130.0-255,5738,112727,17,272437
24341,0.024524,172.31.36.0-255,66,112793,17,272437
24342,0.024636,104.244.42.0-255,66,112859,17,272437
24343,0.024686,104.244.42.0-255,66,112925,17,272437
24344,0.024738,104.244.42.0-255,66,112991,17,272437
24345,0.027129,74.125.130.0-255,5738,118729,17,272437
24346,0.027135,172.31.36.0-255,66,118795,17,272437
24347,0.029764,74.125.130.0-255,5738,124533,17,272437
24348,0.029769,172.31.36.0-255,66,124599,17,272437
24349,0.032379,74.125.130.0-255,5738,130337,17,272437
24350,0.032384,172.31.36.0-255,66,130403,17,272437
24351,0.035014,74.125.130.0-255,5738,136141,17,272437
24352,0.035021,172.31.36.0-255,66,136207,17,272437
24353,0.03763,74.125.130.0-255,5738,141945,17,272437
24354,0.037637,172.31.36.0-255,66,142011,17,272437
24355,0.040256,74.125.130.0-255,5738,147749,17,272437
24356,0.040262,172.31.36.0-255,66,147815,17,272437
24357,0.042882,74.125.130.0-255,5738,153553,17,272437
24358,0.042887,172.31.36.0-255,66,153619,17,272437
24359,0.045501,74.125.130.0-255,5738,159357,17,272437
24360,0.045507,172.31.36.0-255,66,159423,17,272437
24361,0.048119,74.125.130.0-255,2902,162325,17,272437
24362,0.048125,172.31.36.0-255,66,162391,17,272437
24363,0.048156,74.125.130.0-255,2902,165293,17,272437
24364,0.048159,172.31.36.0-255,66,165359,17,272437
24365,0.050726,74.125.130.0-255,2902,168261,17,272437
24366,0.050731,172.31.36.0-255,66,168327,17,272437
24367,0.050761,74.125.130.0-255,2902,171229,17,272437
24368,0.050764,172.31.36.0-255,66,171295,17,272437
24369,0.053337,74.125.130.0-255,2902,174197,17,272437
24370,0.053343,172.31.36.0-255,66,174263,17,272437
24371,0.053375,74.125.130.0-255,2902,177165,17,272437
24372,0.053379,172.31.36.0-255,66,177231,17,272437
24373,0.055958,74.125.130.0-255,2902,180133,17,272437
24374,0.055963,172.31.36.0-255,66,180199,17,272437
24375,0.055999,74.125.130.0-255,2902,183101,17,272437
24376,0.056003,172.31.36.0-255,66,183167,17,272437
24377,0.058578,74.125.130.0-255,2902,186069,17,272437
24378,0.058583,172.31.36.0-255,66,186135,17,272437
24379,0.058617,74.125.130.0-255,2902,189037,17,272437
24380,0.05862,172.31.36.0-255,66,189103,17,272437
24381,0.061186,74.125.130.0-255,1484,190587,17,272437
24382,0.061224,74.125.130.0-255,4320,194907,17,272437
24383,0.061229,172.31.36.0-255,66,194973,17,272437
24384,0.063861,74.125.130.0-255,5738,200711,17,272437
24385,0.063866,172.31.36.0-255,66,200777,17,272437
24386,0.066465,74.125.130.0-255,4320,205097,17,272437
24387,0.066471,172.31.36.0-255,66,205163,17,272437
24388,0.066503,74.125.130.0-255,1484,206647,17,272437
24389,0.069145,74.125.130.0-255,4320,210967,17,272437
24390,0.069151,172.31.36.0-255,66,211033,17,272437
24391,0.071791,74.125.130.0-255,5738,216771,17,272437
24392,0.071797,172.31.36.0-255,66,216837,17,272437
24393,0.074418,74.125.130.0-255,5738,222575,17,272437
24394,0.074423,172.31.36.0-255,66,222641,17,272437
24395,0.077033,74.125.130.0-255,5738,228379,17,272437
24396,0.077039,172.31.36.0-255,66,228445,17,272437
24397,0.079643,74.125.130.0-255,4320,232765,17,272437
24398,0.079648,172.31.36.0-255,66,232831,17,272437
24399,0.079675,74.125.130.0-255,1484,234315,17,272437
24400,0.082265,74.125.130.0-255,4320,238635,17,272437
24401,0.082271,172.31.36.0-255,66,238701,17,272437
24402,0.08491,74.125.130.0-255,5738,244439,17,272437
24403,0.084916,172.31.36.0-255,66,244505,17,272437
24404,0.087538,74.125.130.0-255,5738,250243,17,272437
24405,0.087546,172.31.36.0-255,66,250309,17,272437
24406,0.090167,74.125.130.0-255,4320,254629,17,272437
24407,0.090173,172.31.36.0-255,66,254695,17,272437
24408,0.090205,74.125.130.0-255,1484,256179,17,272437
24409,0.092792,74.125.130.0-255,4320,260499,17,272437
24410,0.092797,172.31.36.0-255,66,260565,17,272437
24411,0.095408,74.125.130.0-255,2902,263467,17,272437
24412,0.095414,172.31.36.0-255,66,263533,17,272437
24413,0.095446,74.125.130.0-255,2902,266435,17,272437
24414,0.095449,172.31.36.0-255,66,266501,17,272437
24415,0.098021,74.125.130.0-255,2902,269403,17,272437
24416,0.098027,172.31.36.0-255,66,269469,17,272437
24417,0.098059,74.125.130.0-255,2902,272371,17,272437
24418,0.098062,172.31.36.0-255,66,272437,17,272437
24419,0.0,172.217.194.0-255,153,153,17,329127
24420,2e-05,172.31.36.0-255,66,219,17,329127
24421,2.8e-05,172.217.194.0-255,1484,1703,17,329127
24422,3.2e-05,172.31.36.0-255,66,1769,17,329127
24423,3.8e-05,172.217.194.0-255,2902,4671,17,329127
24424,4.1e-05,172.31.36.0-255,66,4737,17,329127
24425,4.7e-05,172.217.194.0-255,5738,10475,17,329127
24426,5e-05,172.31.36.0-255,66,10541,17,329127
24427,7.9e-05,172.217.194.0-255,3458,13999,17,329127
24428,8.2e-05,172.31.36.0-255,66,14065,17,329127
24429,8.7e-05,172.217.194.0-255,4320,18385,17,329127
24430,9e-05,172.31.36.0-255,66,18451,17,329127
24431,0.000128,172.31.36.0-255,66,18517,17,329127
24432,0.000132,172.217.194.0-255,2543,21060,17,329127
24433,0.000134,172.31.36.0-255,66,21126,17,329127
24434,0.000184,172.217.194.0-255,1484,22610,17,329127
24435,0.000186,172.31.36.0-255,66,22676,17,329127
24436,0.000191,172.217.194.0-255,2902,25578,17,329127
24437,0.000193,172.31.36.0-255,66,25644,17,329127
24438,0.000224,172.217.194.0-255,5738,31382,17,329127
24439,0.000227,172.31.36.0-255,66,31448,17,329127
24440,0.000246,172.217.194.0-255,4320,35768,17,329127
24441,0.000248,172.31.36.0-255,66,35834,17,329127
24442,0.000262,172.217.194.0-255,2902,38736,17,329127
24443,0.000264,172.31.36.0-255,66,38802,17,329127
24444,0.000296,172.31.36.0-255,66,38868,17,329127
24445,0.000303,172.217.194.0-255,6797,45665,17,329127
24446,0.000305,172.31.36.0-255,66,45731,17,329127
24447,0.001295,172.217.194.0-255,647,46378,17,329127
24448,0.001303,172.31.36.0-255,66,46444,17,329127
24449,0.001544,172.217.194.0-255,1484,47928,17,329127
24450,0.001552,172.217.194.0-255,2902,50830,17,329127
24451,0.001556,172.31.36.0-255,66,50896,17,329127
24452,0.001564,172.217.194.0-255,5738,56634,17,329127
24453,0.001566,172.31.36.0-255,66,56700,17,329127
24454,0.001592,172.217.194.0-255,1484,58184,17,329127
24455,0.001608,172.217.194.0-255,4829,63013,17,329127
24456,0.00161,172.31.36.0-255,66,63079,17,329127
24457,0.001935,172.217.194.0-255,1484,64563,17,329127
24458,0.001943,172.217.194.0-255,2902,67465,17,329127
24459,0.001947,172.31.36.0-255,66,67531,17,329127
24460,0.001952,172.217.194.0-255,2902,70433,17,329127
24461,0.001954,172.31.36.0-255,66,70499,17,329127
24462,0.001957,172.217.194.0-255,1484,71983,17,329127
24463,0.001977,172.217.194.0-255,5738,77721,17,329127
24464,0.001994,172.31.36.0-255,66,77787,17,329127
24465,0.002035,172.31.36.0-255,66,77853,17,329127
24466,0.002041,172.217.194.0-255,3602,81455,17,329127
24467,0.002044,172.31.36.0-255,66,81521,17,329127
24468,0.002057,172.217.194.0-255,1484,83005,17,329127
24469,0.002078,172.217.194.0-255,2902,85907,17,329127
24470,0.00208,172.31.36.0-255,66,85973,17,329127
24471,0.002084,172.217.194.0-255,2902,88875,17,329127
24472,0.002086,172.31.36.0-255,66,88941,17,329127
24473,0.0021,172.217.194.0-255,2902,91843,17,329127
24474,0.002103,172.31.36.0-255,66,91909,17,329127
24475,0.002122,172.217.194.0-255,4320,96229,17,329127
24476,0.002124,172.31.36.0-255,66,96295,17,329127
24477,0.002141,172.217.194.0-255,2543,98838,17,329127
24478,0.002144,172.31.36.0-255,66,98904,17,329127
24479,0.002167,172.217.194.0-255,1484,100388,17,329127
24480,0.002188,172.217.194.0-255,2902,103290,17,329127
24481,0.002191,172.31.36.0-255,66,103356,17,329127
24482,0.002197,172.217.194.0-255,4320,107676,17,329127
24483,0.002199,172.31.36.0-255,66,107742,17,329127
24484,0.002224,172.217.194.0-255,1484,109226,17,329127
24485,0.002237,172.31.36.0-255,66,109292,17,329127
24486,0.002272,172.217.194.0-255,1484,110776,17,329127
24487,0.002306,172.31.36.0-255,66,110842,17,329127
24488,0.004927,172.217.194.0-255,5738,116580,17,329127
24489,0.004936,172.31.36.0-255,66,116646,17,329127
24490,0.007526,172.217.194.0-255,5738,122384,17,329127
24491,0.007532,172.31.36.0-255,66,122450,17,329127
24492,0.010123,172.217.194.0-255,5738,128188,17,329127
24493,0.01013,172.31.36.0-255,66,128254,17,329127
24494,0.012696,172.217.194.0-255,5738,133992,17,329127
24495,0.01271,172.31.36.0-255,66,134058,17,329127
24496,0.015303,172.217.194.0-255,5738,139796,17,329127
24497,0.015319,172.31.36.0-255,66,139862,17,329127
24498,0.017911,172.217.194.0-255,5738,145600,17,329127
24499,0.017927,172.31.36.0-255,66,145666,17,329127
24500,0.020526,172.217.194.0-255,5738,151404,17,329127
24501,0.020536,172.31.36.0-255,66,151470,17,329127
24502,0.023149,172.217.194.0-255,5738,157208,17,329127
24503,0.023163,172.31.36.0-255,66,157274,17,329127
24504,0.02577,172.217.194.0-255,5738,163012,17,329127
24505,0.025782,172.31.36.0-255,66,163078,17,329127
24506,0.028382,172.217.194.0-255,5738,168816,17,329127
24507,0.028395,172.31.36.0-255,66,168882,17,329127
24508,0.029648,172.31.36.0-255,172,169054,17,329127
24509,0.029681,172.31.36.0-255,1116,170170,17,329127
24510,0.029743,172.31.36.0-255,1514,171684,17,329127
24511,0.029745,172.31.36.0-255,1514,173198,17,329127
24512,0.029768,172.31.36.0-255,309,173507,17,329127
24513,0.030981,172.217.194.0-255,5738,179245,17,329127
24514,0.030989,172.31.36.0-255,66,179311,17,329127
24515,0.031206,104.244.42.0-255,66,179377,17,329127
24516,0.031256,104.244.42.0-255,66,179443,17,329127
24517,0.031324,104.244.42.0-255,66,179509,17,329127
24518,0.03133,104.244.42.0-255,66,179575,17,329127
24519,0.033571,172.217.194.0-255,4320,183895,17,329127
24520,0.033578,172.31.36.0-255,66,183961,17,329127
24521,0.033599,172.217.194.0-255,1484,185445,17,329127
24522,0.036164,172.217.194.0-255,4320,189765,17,329127
24523,0.036171,172.31.36.0-255,66,189831,17,329127
24524,0.038749,172.217.194.0-255,5738,195569,17,329127
24525,0.038757,172.31.36.0-255,66,195635,17,329127
24526,0.041361,172.217.194.0-255,5738,201373,17,329127
24527,0.04137,172.31.36.0-255,66,201439,17,329127
24528,0.043959,172.217.194.0-255,5738,207177,17,329127
24529,0.043967,172.31.36.0-255,66,207243,17,329127
24530,0.04656,172.217.194.0-255,5738,212981,17,329127
24531,0.046567,172.31.36.0-255,66,213047,17,329127
24532,0.049162,172.217.194.0-255,5738,218785,17,329127
24533,0.04917,172.31.36.0-255,66,218851,17,329127
24534,0.051789,172.217.194.0-255,5738,224589,17,329127
24535,0.051797,172.31.36.0-255,66,224655,17,329127
24536,0.054396,172.217.194.0-255,5738,230393,17,329127
24537,0.054409,172.31.36.0-255,66,230459,17,329127
24538,0.057014,172.217.194.0-255,5738,236197,17,329127
24539,0.05703,172.31.36.0-255,66,236263,17,329127
24540,0.059651,172.217.194.0-255,5738,242001,17,329127
24541,0.059666,172.31.36.0-255,66,242067,17,329127
24542,0.062263,172.217.194.0-255,5738,247805,17,329127
24543,0.062284,172.31.36.0-255,66,247871,17,329127
24544,0.064893,172.217.194.0-255,5738,253609,17,329127
24545,0.064912,172.31.36.0-255,66,253675,17,329127
24546,0.067529,172.217.194.0-255,5738,259413,17,329127
24547,0.06755,172.31.36.0-255,66,259479,17,329127
24548,0.070135,172.217.194.0-255,5738,265217,17,329127
24549,0.070151,172.31.36.0-255,66,265283,17,329127
24550,0.072758,172.217.194.0-255,5738,271021,17,329127
24551,0.072772,172.31.36.0-255,66,271087,17,329127
24552,0.075375,172.217.194.0-255,5738,276825,17,329127
24553,0.075383,172.31.36.0-255,66,276891,17,329127
24554,0.077953,172.217.194.0-255,5738,282629,17,329127
24555,0.07796,172.31.36.0-255,66,282695,17,329127
24556,0.080563,172.217.194.0-255,5738,288433,17,329127
24557,0.080571,172.31.36.0-255,66,288499,17,329127
24558,0.083137,172.217.194.0-255,5738,294237,17,329127
24559,0.083145,172.31.36.0-255,66,294303,17,329127
24560,0.085734,172.217.194.0-255,5738,300041,17,329127
24561,0.085743,172.31.36.0-255,66,300107,17,329127
24562,0.088369,172.217.194.0-255,5738,305845,17,329127
24563,0.088377,172.31.36.0-255,66,305911,17,329127
24564,0.091016,172.217.194.0-255,5738,311649,17,329127
24565,0.091024,172.31.36.0-255,66,311715,17,329127
24566,0.093608,172.217.194.0-255,5738,317453,17,329127
24567,0.093615,172.31.36.0-255,66,317519,17,329127
24568,0.09619,172.217.194.0-255,5738,323257,17,329127
24569,0.096196,172.31.36.0-255,66,323323,17,329127
24570,0.098808,172.217.194.0-255,5738,329061,17,329127
24571,0.098816,172.31.36.0-255,66,329127,17,329127
24572,0.0,172.217.160.0-255,153,153,17,370114
24573,2.7e-05,172.31.36.0-255,66,219,17,370114
24574,3.4e-05,172.217.160.0-255,1484,1703,17,370114
24575,3.8e-05,172.31.36.0-255,66,1769,17,370114
24576,4.4e-05,172.217.160.0-255,2902,4671,17,370114
24577,4.6e-05,172.31.36.0-255,66,4737,17,370114
24578,6e-05,172.217.160.0-255,7156,11893,17,370114
24579,6.2e-05,172.31.36.0-255,66,11959,17,370114
24580,6.6e-05,172.217.160.0-255,2045,14004,17,370114
24581,6.9e-05,172.31.36.0-255,66,14070,17,370114
24582,0.000119,172.31.36.0-255,66,14136,17,370114
24583,0.000143,172.217.160.0-255,1484,15620,17,370114
24584,0.000146,172.31.36.0-255,66,15686,17,370114
24585,0.000176,172.217.160.0-255,3961,19647,17,370114
24586,0.00018,172.31.36.0-255,66,19713,17,370114
24587,0.000232,172.217.160.0-255,1484,21197,17,370114
24588,0.000235,172.31.36.0-255,66,21263,17,370114
24589,0.00024,172.217.160.0-255,2902,24165,17,370114
24590,0.000243,172.31.36.0-255,66,24231,17,370114
24591,0.000256,172.217.160.0-255,5738,29969,17,370114
24592,0.000258,172.31.36.0-255,66,30035,17,370114
24593,0.000265,172.217.160.0-255,6797,36832,17,370114
24594,0.000268,172.31.36.0-255,66,36898,17,370114
24595,0.000297,172.217.160.0-255,1484,38382,17,370114
24596,0.000301,172.31.36.0-255,66,38448,17,370114
24597,0.000306,172.217.160.0-255,2902,41350,17,370114
24598,0.00031,172.31.36.0-255,66,41416,17,370114
24599,0.000341,172.217.160.0-255,5738,47154,17,370114
24600,0.000345,172.31.36.0-255,66,47220,17,370114
24601,0.000377,172.217.160.0-255,6797,54017,17,370114
24602,0.000379,172.217.160.0-255,339,54356,17,370114
24603,0.000381,172.31.36.0-255,66,54422,17,370114
24604,0.00077,172.31.36.0-255,66,54488,17,370114
24605,0.001139,172.217.160.0-255,123,54611,17,370114
24606,0.001219,172.217.160.0-255,1484,56095,17,370114
24607,0.001225,172.31.36.0-255,66,56161,17,370114
24608,0.001232,172.217.160.0-255,2902,59063,17,370114
24609,0.001234,172.31.36.0-255,66,59129,17,370114
24610,0.001237,172.217.160.0-255,1484,60613,17,370114
24611,0.001269,172.217.160.0-255,4320,64933,17,370114
24612,0.001272,172.31.36.0-255,66,64999,17,370114
24613,0.001279,172.217.160.0-255,6797,71796,17,370114
24614,0.001282,172.31.36.0-255,66,71862,17,370114
24615,0.001311,172.217.160.0-255,7156,79018,17,370114
24616,0.001314,172.31.36.0-255,66,79084,17,370114
24617,0.001319,172.217.160.0-255,4320,83404,17,370114
24618,0.001321,172.31.36.0-255,66,83470,17,370114
24619,0.001396,172.217.160.0-255,5379,88849,17,370114
24620,0.0014,172.31.36.0-255,66,88915,17,370114
24621,0.00178,172.217.160.0-255,1484,90399,17,370114
24622,0.001787,172.217.160.0-255,2902,93301,17,370114
24623,0.00179,172.31.36.0-255,66,93367,17,370114
24624,0.001795,172.217.160.0-255,4320,97687,17,370114
24625,0.001797,172.31.36.0-255,66,97753,17,370114
24626,0.001833,172.217.160.0-255,1484,99237,17,370114
24627,0.001845,172.31.36.0-255,66,99303,17,370114
24628,0.001861,172.31.36.0-255,66,99369,17,370114
24629,0.001894,172.217.160.0-255,5738,105107,17,370114
24630,0.001896,172.31.36.0-255,66,105173,17,370114
24631,0.001929,172.217.160.0-255,5020,110193,17,370114
24632,0.001931,172.31.36.0-255,66,110259,17,370114
24633,0.001948,172.31.36.0-255,66,110325,17,370114
24634,0.001958,172.31.36.0-255,66,110391,17,370114
24635,0.001979,172.217.160.0-255,2184,112575,17,370114
24636,0.001981,172.31.36.0-255,66,112641,17,370114
24637,0.003875,172.217.160.0-255,2902,115543,17,370114
24638,0.003881,172.31.36.0-255,66,115609,17,370114
24639,0.00391,172.217.160.0-255,2902,118511,17,370114
24640,0.003913,172.31.36.0-255,66,118577,17,370114
24641,0.005789,172.217.160.0-255,2902,121479,17,370114
24642,0.005794,172.31.36.0-255,66,121545,17,370114
24643,0.005831,172.217.160.0-255,2902,124447,17,370114
24644,0.005834,172.31.36.0-255,66,124513,17,370114
24645,0.007711,172.217.160.0-255,2902,127415,17,370114
24646,0.007718,172.31.36.0-255,66,127481,17,370114
24647,0.007752,172.217.160.0-255,2902,130383,17,370114
24648,0.007756,172.31.36.0-255,66,130449,17,370114
24649,0.009633,172.217.160.0-255,2902,133351,17,370114
24650,0.009641,172.31.36.0-255,66,133417,17,370114
24651,0.009671,172.217.160.0-255,2902,136319,17,370114
24652,0.009675,172.31.36.0-255,66,136385,17,370114
24653,0.011556,172.217.160.0-255,2902,139287,17,370114
24654,0.011563,172.31.36.0-255,66,139353,17,370114
24655,0.011596,172.217.160.0-255,2902,142255,17,370114
24656,0.011599,172.31.36.0-255,66,142321,17,370114
24657,0.013479,172.217.160.0-255,2902,145223,17,370114
24658,0.013487,172.31.36.0-255,66,145289,17,370114
24659,0.013511,172.217.160.0-255,2902,148191,17,370114
24660,0.013514,172.31.36.0-255,66,148257,17,370114
24661,0.015423,172.217.160.0-255,5738,153995,17,370114
24662,0.015432,172.31.36.0-255,66,154061,17,370114
24663,0.017403,172.217.160.0-255,5738,159799,17,370114
24664,0.017411,172.31.36.0-255,66,159865,17,370114
24665,0.019329,172.217.160.0-255,5738,165603,17,370114
24666,0.019336,172.31.36.0-255,66,165669,17,370114
24667,0.021256,172.217.160.0-255,5738,171407,17,370114
24668,0.021262,172.31.36.0-255,66,171473,17,370114
24669,0.023184,172.217.160.0-255,5738,177211,17,370114
24670,0.023192,172.31.36.0-255,66,177277,17,370114
24671,0.025113,172.217.160.0-255,5738,183015,17,370114
24672,0.025119,172.31.36.0-255,66,183081,17,370114
24673,0.027036,172.217.160.0-255,5738,188819,17,370114
24674,0.027042,172.31.36.0-255,66,188885,17,370114
24675,0.02799,172.31.36.0-255,171,189056,17,370114
24676,0.028018,172.31.36.0-255,1143,190199,17,370114
24677,0.028064,172.31.36.0-255,1514,191713,17,370114
24678,0.028066,172.31.36.0-255,1283,192996,17,370114
24679,0.028958,172.217.160.0-255,5738,198734,17,370114
24680,0.028965,172.31.36.0-255,66,198800,17,370114
24681,0.029539,104.244.42.0-255,66,198866,17,370114
24682,0.02958,104.244.42.0-255,66,198932,17,370114
24683,0.029629,104.244.42.0-255,66,198998,17,370114
24684,0.030898,172.217.160.0-255,5738,204736,17,370114
24685,0.030904,172.31.36.0-255,66,204802,17,370114
24686,0.032814,172.217.160.0-255,5738,210540,17,370114
24687,0.03282,172.31.36.0-255,66,210606,17,370114
24688,0.034736,172.217.160.0-255,5738,216344,17,370114
24689,0.034741,172.31.36.0-255,66,216410,17,370114
24690,0.036661,172.217.160.0-255,5738,222148,17,370114
24691,0.036666,172.31.36.0-255,66,222214,17,370114
24692,0.038584,172.217.160.0-255,2902,225116,17,370114
24693,0.038589,172.31.36.0-255,66,225182,17,370114
24694,0.038636,172.217.160.0-255,2902,228084,17,370114
24695,0.038639,172.31.36.0-255,66,228150,17,370114
24696,0.040498,172.217.160.0-255,2902,231052,17,370114
24697,0.040521,172.31.36.0-255,66,231118,17,370114
24698,0.040548,172.217.160.0-255,2902,234020,17,370114
24699,0.040552,172.31.36.0-255,66,234086,17,370114
24700,0.042432,172.217.160.0-255,2902,236988,17,370114
24701,0.042438,172.31.36.0-255,66,237054,17,370114
24702,0.042474,172.217.160.0-255,2902,239956,17,370114
24703,0.042477,172.31.36.0-255,66,240022,17,370114
24704,0.044352,172.217.160.0-255,2902,242924,17,370114
24705,0.044357,172.31.36.0-255,66,242990,17,370114
24706,0.044392,172.217.160.0-255,2902,245892,17,370114
24707,0.044396,172.31.36.0-255,66,245958,17,370114
24708,0.046265,172.217.160.0-255,2902,248860,17,370114
24709,0.04627,172.31.36.0-255,66,248926,17,370114
24710,0.046305,172.217.160.0-255,2902,251828,17,370114
24711,0.046309,172.31.36.0-255,66,251894,17,370114
24712,0.048188,172.217.160.0-255,2902,254796,17,370114
24713,0.048194,172.31.36.0-255,66,254862,17,370114
24714,0.048228,172.217.160.0-255,2902,257764,17,370114
24715,0.048231,172.31.36.0-255,66,257830,17,370114
24716,0.050104,172.217.160.0-255,2902,260732,17,370114
24717,0.050109,172.31.36.0-255,66,260798,17,370114
24718,0.050145,172.217.160.0-255,2902,263700,17,370114
24719,0.050148,172.31.36.0-255,66,263766,17,370114
24720,0.052015,172.217.160.0-255,2902,266668,17,370114
24721,0.052021,172.31.36.0-255,66,266734,17,370114
24722,0.052054,172.217.160.0-255,2902,269636,17,370114
24723,0.052058,172.31.36.0-255,66,269702,17,370114
24724,0.053928,172.217.160.0-255,2902,272604,17,370114
24725,0.053933,172.31.36.0-255,66,272670,17,370114
24726,0.053971,172.217.160.0-255,2902,275572,17,370114
24727,0.053974,172.31.36.0-255,66,275638,17,370114
24728,0.055853,172.217.160.0-255,2902,278540,17,370114
24729,0.055858,172.31.36.0-255,66,278606,17,370114
24730,0.055895,172.217.160.0-255,2902,281508,17,370114
24731,0.055899,172.31.36.0-255,66,281574,17,370114
24732,0.057774,172.217.160.0-255,2902,284476,17,370114
24733,0.05778,172.31.36.0-255,66,284542,17,370114
24734,0.057813,172.217.160.0-255,2902,287444,17,370114
24735,0.057816,172.31.36.0-255,66,287510,17,370114
24736,0.059693,172.217.160.0-255,2902,290412,17,370114
24737,0.059698,172.31.36.0-255,66,290478,17,370114
24738,0.059735,172.217.160.0-255,2902,293380,17,370114
24739,0.059738,172.31.36.0-255,66,293446,17,370114
24740,0.061606,172.217.160.0-255,2902,296348,17,370114
24741,0.061611,172.31.36.0-255,66,296414,17,370114
24742,0.061646,172.217.160.0-255,2902,299316,17,370114
24743,0.061649,172.31.36.0-255,66,299382,17,370114
24744,0.06352,172.217.160.0-255,2902,302284,17,370114
24745,0.063525,172.31.36.0-255,66,302350,17,370114
24746,0.063572,172.217.160.0-255,2902,305252,17,370114
24747,0.063576,172.31.36.0-255,66,305318,17,370114
24748,0.065443,172.217.160.0-255,2902,308220,17,370114
24749,0.065449,172.31.36.0-255,66,308286,17,370114
24750,0.065481,172.217.160.0-255,2902,311188,17,370114
24751,0.065484,172.31.36.0-255,66,311254,17,370114
24752,0.067367,172.217.160.0-255,2902,314156,17,370114
24753,0.067372,172.31.36.0-255,66,314222,17,370114
24754,0.067405,172.217.160.0-255,2902,317124,17,370114
24755,0.067408,172.31.36.0-255,66,317190,17,370114
24756,0.069291,172.217.160.0-255,2902,320092,17,370114
24757,0.069296,172.31.36.0-255,66,320158,17,370114
24758,0.069329,172.217.160.0-255,2902,323060,17,370114
24759,0.069332,172.31.36.0-255,66,323126,17,370114
24760,0.071216,172.217.160.0-255,2902,326028,17,370114
24761,0.071221,172.31.36.0-255,66,326094,17,370114
24762,0.071276,172.217.160.0-255,2902,328996,17,370114
24763,0.071279,172.31.36.0-255,66,329062,17,370114
24764,0.073137,172.217.160.0-255,2902,331964,17,370114
24765,0.073142,172.31.36.0-255,66,332030,17,370114
24766,0.073173,172.217.160.0-255,2902,334932,17,370114
24767,0.073176,172.31.36.0-255,66,334998,17,370114
24768,0.075052,172.217.160.0-255,2902,337900,17,370114
24769,0.075058,172.31.36.0-255,66,337966,17,370114
24770,0.075082,172.217.160.0-255,2902,340868,17,370114
24771,0.075086,172.31.36.0-255,66,340934,17,370114
24772,0.076995,172.217.160.0-255,2902,343836,17,370114
24773,0.077,172.31.36.0-255,66,343902,17,370114
24774,0.077037,172.217.160.0-255,2902,346804,17,370114
24775,0.07704,172.31.36.0-255,66,346870,17,370114
24776,0.078913,172.217.160.0-255,2902,349772,17,370114
24777,0.078918,172.31.36.0-255,66,349838,17,370114
24778,0.078981,172.217.160.0-255,2902,352740,17,370114
24779,0.078986,172.31.36.0-255,66,352806,17,370114
24780,0.080838,172.217.160.0-255,2902,355708,17,370114
24781,0.080844,172.31.36.0-255,66,355774,17,370114
24782,0.080889,172.217.160.0-255,2902,358676,17,370114
24783,0.080893,172.31.36.0-255,66,358742,17,370114
24784,0.08275,172.217.160.0-255,2902,361644,17,370114
24785,0.082755,172.31.36.0-255,66,361710,17,370114
24786,0.082798,172.217.160.0-255,2902,364612,17,370114
24787,0.082802,172.31.36.0-255,66,364678,17,370114
24788,0.084675,172.217.160.0-255,2902,367580,17,370114
24789,0.084681,172.31.36.0-255,66,367646,17,370114
24790,0.084719,172.217.160.0-255,2231,369877,17,370114
24791,0.084722,172.31.36.0-255,66,369943,17,370114
24792,0.084868,172.31.36.0-255,105,370048,17,370114
24793,0.086757,172.217.160.0-255,66,370114,17,370114
24794,0.0,172.217.194.0-255,152,152,17,336116
24795,4e-05,172.31.36.0-255,66,218,17,336116
24796,4.7e-05,172.217.194.0-255,1484,1702,17,336116
24797,5.2e-05,172.31.36.0-255,66,1768,17,336116
24798,5.6e-05,172.217.194.0-255,2902,4670,17,336116
24799,6.6e-05,172.31.36.0-255,66,4736,17,336116
24800,7.4e-05,172.217.194.0-255,7156,11892,17,336116
24801,7.7e-05,172.31.36.0-255,66,11958,17,336116
24802,0.000101,172.217.194.0-255,2100,14058,17,336116
24803,0.00011,172.31.36.0-255,66,14124,17,336116
24804,0.00049,172.217.194.0-255,1484,15608,17,336116
24805,0.000495,172.31.36.0-255,66,15674,17,336116
24806,0.000504,172.217.194.0-255,2902,18576,17,336116
24807,0.000507,172.31.36.0-255,66,18642,17,336116
24808,0.00052,172.217.194.0-255,5738,24380,17,336116
24809,0.000522,172.31.36.0-255,66,24446,17,336116
24810,0.00055,172.217.194.0-255,4320,28766,17,336116
24811,0.000559,172.31.36.0-255,66,28832,17,336116
24812,0.000587,172.217.194.0-255,2543,31375,17,336116
24813,0.000591,172.31.36.0-255,66,31441,17,336116
24814,0.000676,172.217.194.0-255,1484,32925,17,336116
24815,0.00068,172.31.36.0-255,66,32991,17,336116
24816,0.000686,172.217.194.0-255,2902,35893,17,336116
24817,0.000689,172.31.36.0-255,66,35959,17,336116
24818,0.00072,172.217.194.0-255,5738,41697,17,336116
24819,0.000723,172.31.36.0-255,66,41763,17,336116
24820,0.000765,172.31.36.0-255,66,41829,17,336116
24821,0.000775,172.31.36.0-255,66,41895,17,336116
24822,0.000792,172.217.194.0-255,1382,43277,17,336116
24823,0.000798,172.31.36.0-255,66,43343,17,336116
24824,0.000955,172.217.194.0-255,117,43460,17,336116
24825,0.000969,172.217.194.0-255,378,43838,17,336116
24826,0.001274,172.217.194.0-255,1484,45322,17,336116
24827,0.001278,172.31.36.0-255,66,45388,17,336116
24828,0.001282,172.217.194.0-255,1484,46872,17,336116
24829,0.001301,172.217.194.0-255,1484,48356,17,336116
24830,0.001303,172.31.36.0-255,66,48422,17,336116
24831,0.00131,172.217.194.0-255,5738,54160,17,336116
24832,0.001313,172.31.36.0-255,66,54226,17,336116
24833,0.001322,172.217.194.0-255,4320,58546,17,336116
24834,0.001324,172.31.36.0-255,66,58612,17,336116
24835,0.001363,172.217.194.0-255,1484,60096,17,336116
24836,0.001376,172.31.36.0-255,66,60162,17,336116
24837,0.001382,172.217.194.0-255,5020,65182,17,336116
24838,0.001384,172.31.36.0-255,66,65248,17,336116
24839,0.001914,172.217.194.0-255,1484,66732,17,336116
24840,0.001928,172.217.194.0-255,2902,69634,17,336116
24841,0.001931,172.31.36.0-255,66,69700,17,336116
24842,0.001935,172.217.194.0-255,1484,71184,17,336116
24843,0.001959,172.217.194.0-255,4320,75504,17,336116
24844,0.001961,172.31.36.0-255,66,75570,17,336116
24845,0.001965,172.217.194.0-255,2902,78472,17,336116
24846,0.001967,172.31.36.0-255,66,78538,17,336116
24847,0.002003,172.31.36.0-255,66,78604,17,336116
24848,0.002013,172.31.36.0-255,66,78670,17,336116
24849,0.002032,172.217.194.0-255,2184,80854,17,336116
24850,0.002039,172.31.36.0-255,66,80920,17,336116
24851,0.00225,172.217.194.0-255,1484,82404,17,336116
24852,0.002264,172.217.194.0-255,2902,85306,17,336116
24853,0.002266,172.31.36.0-255,66,85372,17,336116
24854,0.002294,172.217.194.0-255,4320,89692,17,336116
24855,0.002297,172.31.36.0-255,66,89758,17,336116
24856,0.002327,172.217.194.0-255,4320,94078,17,336116
24857,0.002329,172.31.36.0-255,66,94144,17,336116
24858,0.002356,172.217.194.0-255,4320,98464,17,336116
24859,0.002358,172.31.36.0-255,66,98530,17,336116
24860,0.002362,172.217.194.0-255,2902,101432,17,336116
24861,0.002365,172.31.36.0-255,66,101498,17,336116
24862,0.002378,172.31.36.0-255,66,101564,17,336116
24863,0.002381,172.217.194.0-255,766,102330,17,336116
24864,0.004303,172.31.36.0-255,66,102396,17,336116
24865,0.004775,172.217.194.0-255,4320,106716,17,336116
24866,0.004781,172.31.36.0-255,66,106782,17,336116
24867,0.006656,172.217.194.0-255,1484,108266,17,336116
24868,0.007193,172.217.194.0-255,4320,112586,17,336116
24869,0.007201,172.31.36.0-255,66,112652,17,336116
24870,0.009573,172.217.194.0-255,4320,116972,17,336116
24871,0.009581,172.31.36.0-255,66,117038,17,336116
24872,0.009616,172.217.194.0-255,1484,118522,17,336116
24873,0.01194,172.217.194.0-255,4320,122842,17,336116
24874,0.011947,172.31.36.0-255,66,122908,17,336116
24875,0.014305,172.217.194.0-255,5738,128646,17,336116
24876,0.014315,172.31.36.0-255,66,128712,17,336116
24877,0.016682,172.217.194.0-255,5738,134450,17,336116
24878,0.016692,172.31.36.0-255,66,134516,17,336116
24879,0.019051,172.217.194.0-255,5738,140254,17,336116
24880,0.019058,172.31.36.0-255,66,140320,17,336116
24881,0.021422,172.217.194.0-255,5738,146058,17,336116
24882,0.021429,172.31.36.0-255,66,146124,17,336116
24883,0.021963,172.31.36.0-255,164,146288,17,336116
24884,0.021996,172.31.36.0-255,1126,147414,17,336116
24885,0.022053,172.31.36.0-255,1514,148928,17,336116
24886,0.022055,172.31.36.0-255,1262,150190,17,336116
24887,0.023517,104.244.42.0-255,66,150256,17,336116
24888,0.023618,104.244.42.0-255,66,150322,17,336116
24889,0.023638,104.244.42.0-255,66,150388,17,336116
24890,0.023795,172.217.194.0-255,5738,156126,17,336116
24891,0.023801,172.31.36.0-255,66,156192,17,336116
24892,0.026181,172.217.194.0-255,5738,161930,17,336116
24893,0.026188,172.31.36.0-255,66,161996,17,336116
24894,0.028545,172.217.194.0-255,5738,167734,17,336116
24895,0.028552,172.31.36.0-255,66,167800,17,336116
24896,0.030935,172.217.194.0-255,5738,173538,17,336116
24897,0.030941,172.31.36.0-255,66,173604,17,336116
24898,0.033316,172.217.194.0-255,5738,179342,17,336116
24899,0.033323,172.31.36.0-255,66,179408,17,336116
24900,0.035723,172.217.194.0-255,5738,185146,17,336116
24901,0.03573,172.31.36.0-255,66,185212,17,336116
24902,0.038119,172.217.194.0-255,5738,190950,17,336116
24903,0.038126,172.31.36.0-255,66,191016,17,336116
24904,0.040522,172.217.194.0-255,5738,196754,17,336116
24905,0.040527,172.31.36.0-255,66,196820,17,336116
24906,0.0429,172.217.194.0-255,5738,202558,17,336116
24907,0.042907,172.31.36.0-255,66,202624,17,336116
24908,0.045253,172.217.194.0-255,5738,208362,17,336116
24909,0.04526,172.31.36.0-255,66,208428,17,336116
24910,0.047632,172.217.194.0-255,5738,214166,17,336116
24911,0.047638,172.31.36.0-255,66,214232,17,336116
24912,0.050044,172.217.194.0-255,5738,219970,17,336116
24913,0.050053,172.31.36.0-255,66,220036,17,336116
24914,0.052421,172.217.194.0-255,5738,225774,17,336116
24915,0.052429,172.31.36.0-255,66,225840,17,336116
24916,0.054798,172.217.194.0-255,5738,231578,17,336116
24917,0.054805,172.31.36.0-255,66,231644,17,336116
24918,0.057196,172.217.194.0-255,5738,237382,17,336116
24919,0.057202,172.31.36.0-255,66,237448,17,336116
24920,0.059583,172.217.194.0-255,5738,243186,17,336116
24921,0.05959,172.31.36.0-255,66,243252,17,336116
24922,0.061955,172.217.194.0-255,5738,248990,17,336116
24923,0.061962,172.31.36.0-255,66,249056,17,336116
24924,0.06436,172.217.194.0-255,5738,254794,17,336116
24925,0.064367,172.31.36.0-255,66,254860,17,336116
24926,0.066738,172.217.194.0-255,5738,260598,17,336116
24927,0.066745,172.31.36.0-255,66,260664,17,336116
24928,0.06912,172.217.194.0-255,5738,266402,17,336116
24929,0.069127,172.31.36.0-255,66,266468,17,336116
24930,0.071504,172.217.194.0-255,5738,272206,17,336116
24931,0.071511,172.31.36.0-255,66,272272,17,336116
24932,0.073908,172.217.194.0-255,5738,278010,17,336116
24933,0.073915,172.31.36.0-255,66,278076,17,336116
24934,0.076304,172.217.194.0-255,5738,283814,17,336116
24935,0.076312,172.31.36.0-255,66,283880,17,336116
24936,0.078698,172.217.194.0-255,5738,289618,17,336116
24937,0.078705,172.31.36.0-255,66,289684,17,336116
24938,0.081086,172.217.194.0-255,5738,295422,17,336116
24939,0.081096,172.31.36.0-255,66,295488,17,336116
24940,0.08349,172.217.194.0-255,5738,301226,17,336116
24941,0.083501,172.31.36.0-255,66,301292,17,336116
24942,0.085879,172.217.194.0-255,5738,307030,17,336116
24943,0.085885,172.31.36.0-255,66,307096,17,336116
24944,0.088308,172.217.194.0-255,5738,312834,17,336116
24945,0.088316,172.31.36.0-255,66,312900,17,336116
24946,0.090698,172.217.194.0-255,5738,318638,17,336116
24947,0.090704,172.31.36.0-255,66,318704,17,336116
24948,0.093085,172.217.194.0-255,5738,324442,17,336116
24949,0.093092,172.31.36.0-255,66,324508,17,336116
24950,0.09546,172.217.194.0-255,5738,330246,17,336116
24951,0.095466,172.31.36.0-255,66,330312,17,336116
24952,0.097848,172.217.194.0-255,5738,336050,17,336116
24953,0.097855,172.31.36.0-255,66,336116,17,336116
24954,0.0,74.125.24.0-255,152,152,17,145653
24955,1.9e-05,172.31.36.0-255,66,218,17,145653
24956,2.6e-05,74.125.24.0-255,1484,1702,17,145653
24957,3.1e-05,172.31.36.0-255,66,1768,17,145653
24958,3.7e-05,74.125.24.0-255,2902,4670,17,145653
24959,4.9e-05,172.31.36.0-255,66,4736,17,145653
24960,5.7e-05,74.125.24.0-255,7156,11892,17,145653
24961,6.1e-05,172.31.36.0-255,66,11958,17,145653
24962,6.5e-05,74.125.24.0-255,2074,14032,17,145653
24963,6.9e-05,172.31.36.0-255,66,14098,17,145653
24964,7.5e-05,74.125.24.0-255,4320,18418,17,145653
24965,7.7e-05,172.31.36.0-255,66,18484,17,145653
24966,0.000108,74.125.24.0-255,7156,25640,17,145653
24967,0.000111,172.31.36.0-255,66,25706,17,145653
24968,0.000118,74.125.24.0-255,5379,31085,17,145653
24969,0.000121,172.31.36.0-255,66,31151,17,145653
24970,0.000256,74.125.24.0-255,1484,32635,17,145653
24971,0.00026,172.31.36.0-255,66,32701,17,145653
24972,0.000267,74.125.24.0-255,2902,35603,17,145653
24973,0.000269,172.31.36.0-255,66,35669,17,145653
24974,0.000281,74.125.24.0-255,5738,41407,17,145653
24975,0.000284,172.31.36.0-255,66,41473,17,145653
24976,0.000332,172.31.36.0-255,66,41539,17,145653
24977,0.000343,172.31.36.0-255,66,41605,17,145653
24978,0.000346,74.125.24.0-255,1403,43008,17,145653
24979,0.000349,172.31.36.0-255,66,43074,17,145653
24980,0.000407,74.125.24.0-255,130,43204,17,145653
24981,0.00041,172.31.36.0-255,66,43270,17,145653
24982,0.000851,74.125.24.0-255,1484,44754,17,145653
24983,0.000857,172.31.36.0-255,66,44820,17,145653
24984,0.000863,74.125.24.0-255,2902,47722,17,145653
24985,0.000865,172.31.36.0-255,66,47788,17,145653
24986,0.000877,74.125.24.0-255,5738,53526,17,145653
24987,0.00088,172.31.36.0-255,66,53592,17,145653
24988,0.000885,74.125.24.0-255,2902,56494,17,145653
24989,0.000887,172.31.36.0-255,66,56560,17,145653
24990,0.000914,74.125.24.0-255,2902,59462,17,145653
24991,0.000917,172.31.36.0-255,66,59528,17,145653
24992,0.00092,74.125.24.0-255,1125,60653,17,145653
24993,0.001258,74.125.24.0-255,1484,62137,17,145653
24994,0.001262,172.31.36.0-255,66,62203,17,145653
24995,0.001268,74.125.24.0-255,2902,65105,17,145653
24996,0.00127,172.31.36.0-255,66,65171,17,145653
24997,0.001273,74.125.24.0-255,1484,66655,17,145653
24998,0.001311,74.125.24.0-255,4320,70975,17,145653
24999,0.001314,172.31.36.0-255,66,71041,17,145653
25000,0.00132,74.125.24.0-255,5738,76779,17,145653
25001,0.001323,172.31.36.0-255,66,76845,17,145653
25002,0.001372,172.31.36.0-255,66,76911,17,145653
25003,0.001384,172.31.36.0-255,66,76977,17,145653
25004,0.001428,172.31.36.0-255,66,77043,17,145653
25005,0.001453,74.125.24.0-255,1484,78527,17,145653
25006,0.001467,74.125.24.0-255,2902,81429,17,145653
25007,0.00147,172.31.36.0-255,66,81495,17,145653
25008,0.001473,74.125.24.0-255,1484,82979,17,145653
25009,0.001501,74.125.24.0-255,4320,87299,17,145653
25010,0.001504,172.31.36.0-255,66,87365,17,145653
25011,0.00152,172.31.36.0-255,66,87431,17,145653
25012,0.001616,172.31.36.0-255,66,87497,17,145653
25013,0.001619,172.31.36.0-255,66,87563,17,145653
25014,0.001658,172.31.36.0-255,66,87629,17,145653
25015,0.001665,74.125.24.0-255,5738,93367,17,145653
25016,0.001668,172.31.36.0-255,66,93433,17,145653
25017,0.001689,74.125.24.0-255,2902,96335,17,145653
25018,0.001692,172.31.36.0-255,66,96401,17,145653
25019,0.001703,172.31.36.0-255,66,96467,17,145653
25020,0.001738,172.31.36.0-255,66,96533,17,145653
25021,0.001768,74.125.24.0-255,2184,98717,17,145653
25022,0.001771,172.31.36.0-255,66,98783,17,145653
25023,0.001865,74.125.24.0-255,1484,100267,17,145653
25024,0.00188,74.125.24.0-255,2902,103169,17,145653
25025,0.001884,172.31.36.0-255,66,103235,17,145653
25026,0.00189,74.125.24.0-255,5738,108973,17,145653
25027,0.001892,172.31.36.0-255,66,109039,17,145653
25028,0.001917,74.125.24.0-255,7156,116195,17,145653
25029,0.00192,172.31.36.0-255,66,116261,17,145653
25030,0.001965,74.125.24.0-255,5738,121999,17,145653
25031,0.001968,172.31.36.0-255,66,122065,17,145653
25032,0.001978,172.31.36.0-255,66,122131,17,145653
25033,0.001985,74.125.24.0-255,7156,129287,17,145653
25034,0.001988,172.31.36.0-255,66,129353,17,145653
25035,0.00202,74.125.24.0-255,6438,135791,17,145653
25036,0.002025,172.31.36.0-255,66,135857,17,145653
25037,0.002039,172.31.36.0-255,66,135923,17,145653
25038,0.002049,172.31.36.0-255,66,135989,17,145653
25039,0.002083,172.31.36.0-255,66,136055,17,145653
25040,0.002088,74.125.24.0-255,2902,138957,17,145653
25041,0.00209,172.31.36.0-255,66,139023,17,145653
25042,0.002128,172.31.36.0-255,66,139089,17,145653
25043,0.002162,172.31.36.0-255,66,139155,17,145653
25044,0.002196,172.31.36.0-255,66,139221,17,145653
25045,0.002199,74.125.24.0-255,1484,140705,17,145653
25046,0.002255,172.31.36.0-255,66,140771,17,145653
25047,0.002299,172.31.36.0-255,66,140837,17,145653
25048,0.00232,172.31.36.0-255,66,140903,17,145653
25049,0.002331,172.31.36.0-255,66,140969,17,145653
25050,0.002345,172.31.36.0-255,66,141035,17,145653
25051,0.004639,74.125.24.0-255,105,141140,17,145653
25052,0.004702,172.31.36.0-255,66,141206,17,145653
25053,0.00475,172.31.36.0-255,105,141311,17,145653
25054,0.007044,74.125.24.0-255,66,141377,17,145653
25055,0.030439,172.31.36.0-255,176,141553,17,145653
25056,0.030473,172.31.36.0-255,1117,142670,17,145653
25057,0.030534,172.31.36.0-255,1514,144184,17,145653
25058,0.030536,172.31.36.0-255,1271,145455,17,145653
25059,0.031999,104.244.42.0-255,66,145521,17,145653
25060,0.032035,104.244.42.0-255,66,145587,17,145653
25061,0.032072,104.244.42.0-255,66,145653,17,145653
25062,0.0,172.217.194.0-255,149,149,17,357116
25063,2.4e-05,172.31.36.0-255,66,215,17,357116
25064,3.1e-05,172.217.194.0-255,1484,1699,17,357116
25065,3.5e-05,172.31.36.0-255,66,1765,17,357116
25066,4.1e-05,172.217.194.0-255,2902,4667,17,357116
25067,4.4e-05,172.31.36.0-255,66,4733,17,357116
25068,5.1e-05,172.217.194.0-255,5738,10471,17,357116
25069,5.5e-05,172.31.36.0-255,66,10537,17,357116
25070,8.2e-05,172.217.194.0-255,3472,14009,17,357116
25071,8.4e-05,172.31.36.0-255,66,14075,17,357116
25072,0.000181,172.217.194.0-255,1484,15559,17,357116
25073,0.000185,172.31.36.0-255,66,15625,17,357116
25074,0.00019,172.217.194.0-255,2902,18527,17,357116
25075,0.000193,172.31.36.0-255,66,18593,17,357116
25076,0.000209,172.217.194.0-255,5738,24331,17,357116
25077,0.000212,172.31.36.0-255,66,24397,17,357116
25078,0.000236,172.217.194.0-255,4320,28717,17,357116
25079,0.000239,172.31.36.0-255,66,28783,17,357116
25080,0.000277,172.217.194.0-255,3961,32744,17,357116
25081,0.00028,172.31.36.0-255,66,32810,17,357116
25082,0.000303,172.217.194.0-255,4320,37130,17,357116
25083,0.000306,172.31.36.0-255,66,37196,17,357116
25084,0.000328,172.217.194.0-255,5738,42934,17,357116
25085,0.000331,172.31.36.0-255,66,43000,17,357116
25086,0.000351,172.217.194.0-255,4320,47320,17,357116
25087,0.000353,172.31.36.0-255,66,47386,17,357116
25088,0.000399,172.217.194.0-255,4320,51706,17,357116
25089,0.000402,172.31.36.0-255,66,51772,17,357116
25090,0.00042,172.217.194.0-255,1484,53256,17,357116
25091,0.000422,172.31.36.0-255,66,53322,17,357116
25092,0.000457,172.31.36.0-255,66,53388,17,357116
25093,0.000502,172.217.194.0-255,412,53800,17,357116
25094,0.000522,172.217.194.0-255,1484,55284,17,357116
25095,0.000525,172.31.36.0-255,66,55350,17,357116
25096,0.000545,172.217.194.0-255,4320,59670,17,357116
25097,0.000548,172.31.36.0-255,66,59736,17,357116
25098,0.000591,172.31.36.0-255,66,59802,17,357116
25099,0.000644,172.217.194.0-255,7156,66958,17,357116
25100,0.000648,172.31.36.0-255,66,67024,17,357116
25101,0.000709,172.31.36.0-255,66,67090,17,357116
25102,0.000726,172.217.194.0-255,3602,70692,17,357116
25103,0.000729,172.31.36.0-255,66,70758,17,357116
25104,0.000811,172.217.194.0-255,5738,76496,17,357116
25105,0.000815,172.31.36.0-255,66,76562,17,357116
25106,0.000852,172.31.36.0-255,66,76628,17,357116
25107,0.000977,172.217.194.0-255,4736,81364,17,357116
25108,0.000982,172.31.36.0-255,66,81430,17,357116
25109,0.001094,172.217.194.0-255,1484,82914,17,357116
25110,0.001146,172.217.194.0-255,2902,85816,17,357116
25111,0.001149,172.31.36.0-255,66,85882,17,357116
25112,0.001155,172.217.194.0-255,5738,91620,17,357116
25113,0.001158,172.31.36.0-255,66,91686,17,357116
25114,0.001162,172.217.194.0-255,2902,94588,17,357116
25115,0.001165,172.31.36.0-255,66,94654,17,357116
25116,0.00117,172.217.194.0-255,2902,97556,17,357116
25117,0.001172,172.31.36.0-255,66,97622,17,357116
25118,0.001197,172.217.194.0-255,7156,104778,17,357116
25119,0.0012,172.31.36.0-255,66,104844,17,357116
25120,0.001247,172.217.194.0-255,5738,110582,17,357116
25121,0.00125,172.31.36.0-255,66,110648,17,357116
25122,0.001269,172.217.194.0-255,5020,115668,17,357116
25123,0.001275,172.31.36.0-255,66,115734,17,357116
25124,0.001463,172.217.194.0-255,1484,117218,17,357116
25125,0.001468,172.217.194.0-255,2902,120120,17,357116
25126,0.001471,172.31.36.0-255,66,120186,17,357116
25127,0.001488,172.217.194.0-255,2902,123088,17,357116
25128,0.001492,172.31.36.0-255,66,123154,17,357116
25129,0.0015,172.217.194.0-255,1484,124638,17,357116
25130,0.001512,172.217.194.0-255,1484,126122,17,357116
25131,0.001514,172.31.36.0-255,66,126188,17,357116
25132,0.00153,172.217.194.0-255,7156,133344,17,357116
25133,0.001532,172.31.36.0-255,66,133410,17,357116
25134,0.001576,172.217.194.0-255,5738,139148,17,357116
25135,0.001579,172.31.36.0-255,66,139214,17,357116
25136,0.001602,172.217.194.0-255,7156,146370,17,357116
25137,0.001604,172.31.36.0-255,66,146436,17,357116
25138,0.001659,172.217.194.0-255,5020,151456,17,357116
25139,0.001662,172.31.36.0-255,66,151522,17,357116
25140,0.001697,172.217.194.0-255,4320,155842,17,357116
25141,0.0017,172.31.36.0-255,66,155908,17,357116
25142,0.001718,172.217.194.0-255,1484,157392,17,357116
25143,0.001737,172.217.194.0-255,4320,161712,17,357116
25144,0.00174,172.31.36.0-255,66,161778,17,357116
25145,0.001769,172.31.36.0-255,66,161844,17,357116
25146,0.001839,172.31.36.0-255,66,161910,17,357116
25147,0.001855,172.217.194.0-255,1484,163394,17,357116
25148,0.001903,172.217.194.0-255,3602,166996,17,357116
25149,0.001907,172.31.36.0-255,66,167062,17,357116
25150,0.002022,172.217.194.0-255,1484,168546,17,357116
25151,0.002026,172.217.194.0-255,1484,170030,17,357116
25152,0.002028,172.31.36.0-255,66,170096,17,357116
25153,0.002041,172.217.194.0-255,1484,171580,17,357116
25154,0.002056,172.217.194.0-255,5738,177318,17,357116
25155,0.00206,172.31.36.0-255,66,177384,17,357116
25156,0.002106,172.217.194.0-255,7156,184540,17,357116
25157,0.00211,172.31.36.0-255,66,184606,17,357116
25158,0.002132,172.217.194.0-255,5738,190344,17,357116
25159,0.002135,172.31.36.0-255,66,190410,17,357116
25160,0.002181,172.217.194.0-255,4320,194730,17,357116
25161,0.002184,172.31.36.0-255,66,194796,17,357116
25162,0.002204,172.217.194.0-255,6438,201234,17,357116
25163,0.002207,172.31.36.0-255,66,201300,17,357116
25164,0.002258,172.217.194.0-255,1484,202784,17,357116
25165,0.002274,172.217.194.0-255,2902,205686,17,357116
25166,0.002277,172.31.36.0-255,66,205752,17,357116
25167,0.00228,172.217.194.0-255,1484,207236,17,357116
25168,0.002294,172.217.194.0-255,4320,211556,17,357116
25169,0.002296,172.31.36.0-255,66,211622,17,357116
25170,0.00232,172.217.194.0-255,4320,215942,17,357116
25171,0.002323,172.31.36.0-255,66,216008,17,357116
25172,0.002345,172.217.194.0-255,1484,217492,17,357116
25173,0.00236,172.217.194.0-255,5738,223230,17,357116
25174,0.002364,172.31.36.0-255,66,223296,17,357116
25175,0.002384,172.217.194.0-255,4320,227616,17,357116
25176,0.002386,172.31.36.0-255,66,227682,17,357116
25177,0.00462,172.217.194.0-255,4320,232002,17,357116
25178,0.004628,172.31.36.0-255,66,232068,17,357116
25179,0.004646,172.217.194.0-255,1484,233552,17,357116
25180,0.006905,172.217.194.0-255,4320,237872,17,357116
25181,0.00691,172.31.36.0-255,66,237938,17,357116
25182,0.009212,172.217.194.0-255,5738,243676,17,357116
25183,0.00922,172.31.36.0-255,66,243742,17,357116
25184,0.011489,172.217.194.0-255,5738,249480,17,357116
25185,0.011496,172.31.36.0-255,66,249546,17,357116
25186,0.013777,172.217.194.0-255,5738,255284,17,357116
25187,0.013786,172.31.36.0-255,66,255350,17,357116
25188,0.016087,172.217.194.0-255,5738,261088,17,357116
25189,0.016098,172.31.36.0-255,66,261154,17,357116
25190,0.018365,172.217.194.0-255,5738,266892,17,357116
25191,0.018376,172.31.36.0-255,66,266958,17,357116
25192,0.020632,172.217.194.0-255,5738,272696,17,357116
25193,0.020647,172.31.36.0-255,66,272762,17,357116
25194,0.022944,172.217.194.0-255,5738,278500,17,357116
25195,0.02296,172.31.36.0-255,66,278566,17,357116
25196,0.025243,172.217.194.0-255,5738,284304,17,357116
25197,0.025259,172.31.36.0-255,66,284370,17,357116
25198,0.027555,172.217.194.0-255,5738,290108,17,357116
25199,0.027563,172.31.36.0-255,66,290174,17,357116
25200,0.029846,172.217.194.0-255,5738,295912,17,357116
25201,0.029854,172.31.36.0-255,66,295978,17,357116
25202,0.032096,172.217.194.0-255,5738,301716,17,357116
25203,0.032103,172.31.36.0-255,66,301782,17,357116
25204,0.0326,172.31.36.0-255,172,301954,17,357116
25205,0.032631,172.31.36.0-255,1118,303072,17,357116
25206,0.032701,172.31.36.0-255,1514,304586,17,357116
25207,0.032703,172.31.36.0-255,1514,306100,17,357116
25208,0.032704,172.31.36.0-255,1514,307614,17,357116
25209,0.032705,172.31.36.0-255,1048,308662,17,357116
25210,0.034178,104.244.42.0-255,66,308728,17,357116
25211,0.034225,104.244.42.0-255,66,308794,17,357116
25212,0.034273,104.244.42.0-255,66,308860,17,357116
25213,0.034276,104.244.42.0-255,66,308926,17,357116
25214,0.034345,172.217.194.0-255,4320,313246,17,357116
25215,0.03435,172.31.36.0-255,66,313312,17,357116
25216,0.034369,172.217.194.0-255,1484,314796,17,357116
25217,0.03664,172.217.194.0-255,4320,319116,17,357116
25218,0.036647,172.31.36.0-255,66,319182,17,357116
25219,0.038932,172.217.194.0-255,5738,324920,17,357116
25220,0.03894,172.31.36.0-255,66,324986,17,357116
25221,0.041217,172.217.194.0-255,5738,330724,17,357116
25222,0.041225,172.31.36.0-255,66,330790,17,357116
25223,0.043511,172.217.194.0-255,5738,336528,17,357116
25224,0.043523,172.31.36.0-255,66,336594,17,357116
25225,0.04584,172.217.194.0-255,5738,342332,17,357116
25226,0.045848,172.31.36.0-255,66,342398,17,357116
25227,0.048118,172.217.194.0-255,5738,348136,17,357116
25228,0.048125,172.31.36.0-255,66,348202,17,357116
25229,0.050404,172.217.194.0-255,5738,353940,17,357116
25230,0.05041,172.31.36.0-255,66,354006,17,357116
25231,0.052668,172.217.194.0-255,2873,356879,17,357116
25232,0.052676,172.31.36.0-255,66,356945,17,357116
25233,0.052838,172.31.36.0-255,105,357050,17,357116
25234,0.0551,172.217.194.0-255,66,357116,17,357116
25235,0.0,74.125.68.0-255,153,153,17,396233
25236,2.4e-05,172.31.36.0-255,66,219,17,396233
25237,3.2e-05,74.125.68.0-255,1484,1703,17,396233
25238,3.5e-05,172.31.36.0-255,66,1769,17,396233
25239,4.1e-05,74.125.68.0-255,2902,4671,17,396233
25240,4.4e-05,172.31.36.0-255,66,4737,17,396233
25241,4.7e-05,74.125.68.0-255,1484,6221,17,396233
25242,4.9e-05,172.31.36.0-255,66,6287,17,396233
25243,5.4e-05,74.125.68.0-255,2902,9189,17,396233
25244,5.7e-05,172.31.36.0-255,66,9255,17,396233
25245,9.6e-05,74.125.68.0-255,4892,14147,17,396233
25246,9.9e-05,172.31.36.0-255,66,14213,17,396233
25247,0.00014,74.125.68.0-255,1484,15697,17,396233
25248,0.000143,172.31.36.0-255,66,15763,17,396233
25249,0.000159,74.125.68.0-255,2902,18665,17,396233
25250,0.000161,172.31.36.0-255,66,18731,17,396233
25251,0.000179,74.125.68.0-255,2902,21633,17,396233
25252,0.000181,172.31.36.0-255,66,21699,17,396233
25253,0.000204,74.125.68.0-255,1484,23183,17,396233
25254,0.000206,172.31.36.0-255,66,23249,17,396233
25255,0.000214,74.125.68.0-255,5738,28987,17,396233
25256,0.000217,172.31.36.0-255,66,29053,17,396233
25257,0.00024,74.125.68.0-255,2543,31596,17,396233
25258,0.000243,172.31.36.0-255,66,31662,17,396233
25259,0.000257,74.125.68.0-255,2902,34564,17,396233
25260,0.000259,172.31.36.0-255,66,34630,17,396233
25261,0.000293,74.125.68.0-255,5738,40368,17,396233
25262,0.000296,172.31.36.0-255,66,40434,17,396233
25263,0.000314,74.125.68.0-255,1484,41918,17,396233
25264,0.000316,172.31.36.0-255,66,41984,17,396233
25265,0.000338,74.125.68.0-255,4320,46304,17,396233
25266,0.00034,172.31.36.0-255,66,46370,17,396233
25267,0.000359,74.125.68.0-255,2543,48913,17,396233
25268,0.000362,172.31.36.0-255,66,48979,17,396233
25269,0.000771,74.125.68.0-255,1484,50463,17,396233
25270,0.000786,74.125.68.0-255,1484,51947,17,396233
25271,0.00079,172.31.36.0-255,66,52013,17,396233
25272,0.000811,74.125.68.0-255,2902,54915,17,396233
25273,0.000813,172.31.36.0-255,66,54981,17,396233
25274,0.000837,74.125.68.0-255,4320,59301,17,396233
25275,0.000839,172.31.36.0-255,66,59367,17,396233
25276,0.000856,74.125.68.0-255,1484,60851,17,396233
25277,0.000888,74.125.68.0-255,2902,63753,17,396233
25278,0.000891,172.31.36.0-255,66,63819,17,396233
25279,0.000909,74.125.68.0-255,2543,66362,17,396233
25280,0.000912,172.31.36.0-255,66,66428,17,396233
25281,0.000955,74.125.68.0-255,1484,67912,17,396233
25282,0.000959,74.125.68.0-255,1484,69396,17,396233
25283,0.000961,172.31.36.0-255,66,69462,17,396233
25284,0.000977,74.125.68.0-255,1484,70946,17,396233
25285,0.00099,74.125.68.0-255,2902,73848,17,396233
25286,0.000995,172.31.36.0-255,66,73914,17,396233
25287,0.001012,74.125.68.0-255,1484,75398,17,396233
25288,0.001027,74.125.68.0-255,2902,78300,17,396233
25289,0.001029,172.31.36.0-255,66,78366,17,396233
25290,0.001068,74.125.68.0-255,4320,82686,17,396233
25291,0.001071,172.31.36.0-255,66,82752,17,396233
25292,0.001077,74.125.68.0-255,4320,87072,17,396233
25293,0.001079,172.31.36.0-255,66,87138,17,396233
25294,0.001097,74.125.68.0-255,1125,88263,17,396233
25295,0.001101,74.125.68.0-255,2902,91165,17,396233
25296,0.001103,172.31.36.0-255,66,91231,17,396233
25297,0.001134,74.125.68.0-255,4320,95551,17,396233
25298,0.001137,172.31.36.0-255,66,95617,17,396233
25299,0.001159,74.125.68.0-255,5379,100996,17,396233
25300,0.001162,172.31.36.0-255,66,101062,17,396233
25301,0.001253,74.125.68.0-255,1484,102546,17,396233
25302,0.001273,74.125.68.0-255,2902,105448,17,396233
25303,0.001277,172.31.36.0-255,66,105514,17,396233
25304,0.001296,74.125.68.0-255,4320,109834,17,396233
25305,0.0013,172.31.36.0-255,66,109900,17,396233
25306,0.001328,74.125.68.0-255,4320,114220,17,396233
25307,0.001331,172.31.36.0-255,66,114286,17,396233
25308,0.001349,74.125.68.0-255,1484,115770,17,396233
25309,0.001354,74.125.68.0-255,2428,118198,17,396233
25310,0.001356,172.31.36.0-255,66,118264,17,396233
25311,0.001399,74.125.68.0-255,1484,119748,17,396233
25312,0.001415,74.125.68.0-255,2902,122650,17,396233
25313,0.001418,172.31.36.0-255,66,122716,17,396233
25314,0.00143,74.125.68.0-255,1484,124200,17,396233
25315,0.001449,74.125.68.0-255,4320,128520,17,396233
25316,0.001452,172.31.36.0-255,66,128586,17,396233
25317,0.001457,74.125.68.0-255,2902,131488,17,396233
25318,0.001459,172.31.36.0-255,66,131554,17,396233
25319,0.001465,74.125.68.0-255,4320,135874,17,396233
25320,0.001467,172.31.36.0-255,66,135940,17,396233
25321,0.001494,172.31.36.0-255,66,136006,17,396233
25322,0.001555,74.125.68.0-255,5738,141744,17,396233
25323,0.001558,172.31.36.0-255,66,141810,17,396233
25324,0.001562,74.125.68.0-255,2184,143994,17,396233
25325,0.001565,172.31.36.0-255,66,144060,17,396233
25326,0.001587,74.125.68.0-255,3048,147108,17,396233
25327,0.00159,172.31.36.0-255,66,147174,17,396233
25328,0.001593,74.125.68.0-255,1484,148658,17,396233
25329,0.001606,74.125.68.0-255,1484,150142,17,396233
25330,0.001609,172.31.36.0-255,66,150208,17,396233
25331,0.001631,74.125.68.0-255,1484,151692,17,396233
25332,0.001637,74.125.68.0-255,5738,157430,17,396233
25333,0.00164,172.31.36.0-255,66,157496,17,396233
25334,0.00167,172.31.36.0-255,66,157562,17,396233
25335,0.001699,172.31.36.0-255,66,157628,17,396233
25336,0.001815,74.125.68.0-255,1484,159112,17,396233
25337,0.001842,74.125.68.0-255,2902,162014,17,396233
25338,0.001846,172.31.36.0-255,66,162080,17,396233
25339,0.001853,74.125.68.0-255,5738,167818,17,396233
25340,0.001856,172.31.36.0-255,66,167884,17,396233
25341,0.001883,74.125.68.0-255,7156,175040,17,396233
25342,0.001888,172.31.36.0-255,66,175106,17,396233
25343,0.001923,74.125.68.0-255,4320,179426,17,396233
25344,0.001932,172.31.36.0-255,66,179492,17,396233
25345,0.00195,74.125.68.0-255,1484,180976,17,396233
25346,0.001962,74.125.68.0-255,2902,183878,17,396233
25347,0.001964,172.31.36.0-255,66,183944,17,396233
25348,0.001989,74.125.68.0-255,5738,189682,17,396233
25349,0.001991,172.31.36.0-255,66,189748,17,396233
25350,0.002009,74.125.68.0-255,2184,191932,17,396233
25351,0.002012,172.31.36.0-255,66,191998,17,396233
25352,0.003993,74.125.68.0-255,5738,197736,17,396233
25353,0.004001,172.31.36.0-255,66,197802,17,396233
25354,0.005994,74.125.68.0-255,4320,202122,17,396233
25355,0.005998,172.31.36.0-255,66,202188,17,396233
25356,0.006013,74.125.68.0-255,1484,203672,17,396233
25357,0.007997,74.125.68.0-255,4320,207992,17,396233
25358,0.008001,172.31.36.0-255,66,208058,17,396233
25359,0.009994,74.125.68.0-255,5738,213796,17,396233
25360,0.010001,172.31.36.0-255,66,213862,17,396233
25361,0.012006,74.125.68.0-255,5738,219600,17,396233
25362,0.012015,172.31.36.0-255,66,219666,17,396233
25363,0.014016,74.125.68.0-255,5738,225404,17,396233
25364,0.014024,172.31.36.0-255,66,225470,17,396233
25365,0.016037,74.125.68.0-255,5738,231208,17,396233
25366,0.016045,172.31.36.0-255,66,231274,17,396233
25367,0.018056,74.125.68.0-255,5738,237012,17,396233
25368,0.018065,172.31.36.0-255,66,237078,17,396233
25369,0.020061,74.125.68.0-255,5738,242816,17,396233
25370,0.020072,172.31.36.0-255,66,242882,17,396233
25371,0.022069,74.125.68.0-255,5738,248620,17,396233
25372,0.022077,172.31.36.0-255,66,248686,17,396233
25373,0.024082,74.125.68.0-255,5738,254424,17,396233
25374,0.024089,172.31.36.0-255,66,254490,17,396233
25375,0.026079,74.125.68.0-255,1484,255974,17,396233
25376,0.026102,74.125.68.0-255,4320,260294,17,396233
25377,0.026107,172.31.36.0-255,66,260360,17,396233
25378,0.028104,74.125.68.0-255,5738,266098,17,396233
25379,0.028111,172.31.36.0-255,66,266164,17,396233
25380,0.030152,74.125.68.0-255,5738,271902,17,396233
25381,0.030165,172.31.36.0-255,66,271968,17,396233
25382,0.032168,74.125.68.0-255,5738,277706,17,396233
25383,0.032179,172.31.36.0-255,66,277772,17,396233
25384,0.033233,172.31.36.0-255,172,277944,17,396233
25385,0.033265,172.31.36.0-255,1118,279062,17,396233
25386,0.033325,172.31.36.0-255,1514,280576,17,396233
25387,0.033327,172.31.36.0-255,1270,281846,17,396233
25388,0.034206,74.125.68.0-255,5738,287584,17,396233
25389,0.034215,172.31.36.0-255,66,287650,17,396233
25390,0.034811,104.244.42.0-255,66,287716,17,396233
25391,0.034848,104.244.42.0-255,66,287782,17,396233
25392,0.034905,104.244.42.0-255,66,287848,17,396233
25393,0.035826,104.244.42.0-255,108,287956,17,396233
25394,0.035836,172.31.36.0-255,66,288022,17,396233
25395,0.036217,74.125.68.0-255,5738,293760,17,396233
25396,0.036222,172.31.36.0-255,66,293826,17,396233
25397,0.038253,74.125.68.0-255,4320,298146,17,396233
25398,0.038259,172.31.36.0-255,66,298212,17,396233
25399,0.038278,74.125.68.0-255,1484,299696,17,396233
25400,0.04026,74.125.68.0-255,4320,304016,17,396233
25401,0.040267,172.31.36.0-255,66,304082,17,396233
25402,0.042253,74.125.68.0-255,5738,309820,17,396233
25403,0.04226,172.31.36.0-255,66,309886,17,396233
25404,0.044269,74.125.68.0-255,5738,315624,17,396233
25405,0.044276,172.31.36.0-255,66,315690,17,396233
25406,0.046281,74.125.68.0-255,5738,321428,17,396233
25407,0.046288,172.31.36.0-255,66,321494,17,396233
25408,0.0483,74.125.68.0-255,5738,327232,17,396233
25409,0.048307,172.31.36.0-255,66,327298,17,396233
25410,0.050305,74.125.68.0-255,5738,333036,17,396233
25411,0.050311,172.31.36.0-255,66,333102,17,396233
25412,0.052313,74.125.68.0-255,5738,338840,17,396233
25413,0.05232,172.31.36.0-255,66,338906,17,396233
25414,0.054316,74.125.68.0-255,5738,344644,17,396233
25415,0.054322,172.31.36.0-255,66,344710,17,396233
25416,0.056333,74.125.68.0-255,5738,350448,17,396233
25417,0.056338,172.31.36.0-255,66,350514,17,396233
25418,0.058336,74.125.68.0-255,5738,356252,17,396233
25419,0.058343,172.31.36.0-255,66,356318,17,396233
25420,0.060337,74.125.68.0-255,5738,362056,17,396233
25421,0.060341,172.31.36.0-255,66,362122,17,396233
25422,0.062334,74.125.68.0-255,5738,367860,17,396233
25423,0.062342,172.31.36.0-255,66,367926,17,396233
25424,0.064343,74.125.68.0-255,5738,373664,17,396233
25425,0.064349,172.31.36.0-255,66,373730,17,396233
25426,0.066349,74.125.68.0-255,5738,379468,17,396233
25427,0.066355,172.31.36.0-255,66,379534,17,396233
25428,0.068363,74.125.68.0-255,5738,385272,17,396233
25429,0.068369,172.31.36.0-255,66,385338,17,396233
25430,0.070374,74.125.68.0-255,5738,391076,17,396233
25431,0.07038,172.31.36.0-255,66,391142,17,396233
25432,0.072386,74.125.68.0-255,4854,395996,17,396233
25433,0.072392,172.31.36.0-255,66,396062,17,396233
25434,0.072571,172.31.36.0-255,105,396167,17,396233
25435,0.074526,74.125.68.0-255,66,396233,17,396233
25436,0.0,74.125.24.0-255,146,146,17,286569
25437,2.6e-05,172.31.36.0-255,66,212,17,286569
25438,3.3e-05,74.125.24.0-255,1484,1696,17,286569
25439,3.8e-05,172.31.36.0-255,66,1762,17,286569
25440,4.7e-05,74.125.24.0-255,2902,4664,17,286569
25441,5.1e-05,172.31.36.0-255,66,4730,17,286569
25442,5.7e-05,74.125.24.0-255,5738,10468,17,286569
25443,6.1e-05,172.31.36.0-255,66,10534,17,286569
25444,6.7e-05,74.125.24.0-255,3521,14055,17,286569
25445,7e-05,172.31.36.0-255,66,14121,17,286569
25446,9.7e-05,74.125.24.0-255,4320,18441,17,286569
25447,0.0001,172.31.36.0-255,66,18507,17,286569
25448,0.000132,172.31.36.0-255,66,18573,17,286569
25449,0.000136,74.125.24.0-255,2543,21116,17,286569
25450,0.000138,172.31.36.0-255,66,21182,17,286569
25451,0.000206,74.125.24.0-255,1484,22666,17,286569
25452,0.00021,172.31.36.0-255,66,22732,17,286569
25453,0.000214,74.125.24.0-255,2902,25634,17,286569
25454,0.000217,172.31.36.0-255,66,25700,17,286569
25455,0.000231,74.125.24.0-255,4320,30020,17,286569
25456,0.000234,172.31.36.0-255,66,30086,17,286569
25457,0.000244,74.125.24.0-255,1484,31570,17,286569
25458,0.000246,172.31.36.0-255,66,31636,17,286569
25459,0.000286,74.125.24.0-255,6797,38433,17,286569
25460,0.000289,172.31.36.0-255,66,38499,17,286569
25461,0.000294,74.125.24.0-255,2902,41401,17,286569
25462,0.000296,172.31.36.0-255,66,41467,17,286569
25463,0.000311,74.125.24.0-255,4320,45787,17,286569
25464,0.000314,172.31.36.0-255,66,45853,17,286569
25465,0.000331,74.125.24.0-255,5738,51591,17,286569
25466,0.000334,172.31.36.0-255,66,51657,17,286569
25467,0.000354,74.125.24.0-255,4257,55914,17,286569
25468,0.000357,172.31.36.0-255,66,55980,17,286569
25469,0.000461,74.125.24.0-255,381,56361,17,286569
25470,0.000575,74.125.24.0-255,1484,57845,17,286569
25471,0.000581,172.31.36.0-255,66,57911,17,286569
25472,0.000586,74.125.24.0-255,2902,60813,17,286569
25473,0.000588,172.31.36.0-255,66,60879,17,286569
25474,0.000591,74.125.24.0-255,1484,62363,17,286569
25475,0.000611,74.125.24.0-255,4320,66683,17,286569
25476,0.000614,172.31.36.0-255,66,66749,17,286569
25477,0.000643,74.125.24.0-255,1484,68233,17,286569
25478,0.000669,172.31.36.0-255,66,68299,17,286569
25479,0.000672,74.125.24.0-255,1484,69783,17,286569
25480,0.000701,172.31.36.0-255,66,69849,17,286569
25481,0.00151,74.125.24.0-255,1484,71333,17,286569
25482,0.001518,74.125.24.0-255,2902,74235,17,286569
25483,0.001522,172.31.36.0-255,66,74301,17,286569
25484,0.001528,74.125.24.0-255,2902,77203,17,286569
25485,0.00153,172.31.36.0-255,66,77269,17,286569
25486,0.001545,74.125.24.0-255,2902,80171,17,286569
25487,0.001547,172.31.36.0-255,66,80237,17,286569
25488,0.00156,172.31.36.0-255,66,80303,17,286569
25489,0.001591,74.125.24.0-255,1484,81787,17,286569
25490,0.001604,172.31.36.0-255,66,81853,17,286569
25491,0.001655,74.125.24.0-255,1484,83337,17,286569
25492,0.001659,74.125.24.0-255,1484,84821,17,286569
25493,0.001661,172.31.36.0-255,66,84887,17,286569
25494,0.001677,74.125.24.0-255,1484,86371,17,286569
25495,0.001683,74.125.24.0-255,5738,92109,17,286569
25496,0.001685,172.31.36.0-255,66,92175,17,286569
25497,0.0017,74.125.24.0-255,2902,95077,17,286569
25498,0.001702,172.31.36.0-255,66,95143,17,286569
25499,0.00173,172.31.36.0-255,66,95209,17,286569
25500,0.001743,172.31.36.0-255,66,95275,17,286569
25501,0.001764,74.125.24.0-255,766,96041,17,286569
25502,0.001768,74.125.24.0-255,1484,97525,17,286569
25503,0.001771,172.31.36.0-255,66,97591,17,286569
25504,0.0018,172.31.36.0-255,66,97657,17,286569
25505,0.001813,172.31.36.0-255,66,97723,17,286569
25506,0.001852,172.31.36.0-255,66,97789,17,286569
25507,0.001885,74.125.24.0-255,1484,99273,17,286569
25508,0.00189,74.125.24.0-255,2902,102175,17,286569
25509,0.001893,172.31.36.0-255,66,102241,17,286569
25510,0.001899,74.125.24.0-255,4320,106561,17,286569
25511,0.001901,172.31.36.0-255,66,106627,17,286569
25512,0.001912,74.125.24.0-255,1484,108111,17,286569
25513,0.001949,172.31.36.0-255,66,108177,17,286569
25514,0.00199,172.31.36.0-255,66,108243,17,286569
25515,0.00201,74.125.24.0-255,3602,111845,17,286569
25516,0.002013,172.31.36.0-255,66,111911,17,286569
25517,0.002025,172.31.36.0-255,66,111977,17,286569
25518,0.00204,74.125.24.0-255,2902,114879,17,286569
25519,0.002042,172.31.36.0-255,66,114945,17,286569
25520,0.004022,74.125.24.0-255,5738,120683,17,286569
25521,0.004031,172.31.36.0-255,66,120749,17,286569
25522,0.006056,74.125.24.0-255,5738,126487,17,286569
25523,0.006062,172.31.36.0-255,66,126553,17,286569
25524,0.008056,74.125.24.0-255,5738,132291,17,286569
25525,0.008062,172.31.36.0-255,66,132357,17,286569
25526,0.010081,74.125.24.0-255,5738,138095,17,286569
25527,0.010088,172.31.36.0-255,66,138161,17,286569
25528,0.012129,74.125.24.0-255,5738,143899,17,286569
25529,0.01214,172.31.36.0-255,66,143965,17,286569
25530,0.014169,74.125.24.0-255,5738,149703,17,286569
25531,0.014178,172.31.36.0-255,66,149769,17,286569
25532,0.01617,74.125.24.0-255,5738,155507,17,286569
25533,0.016181,172.31.36.0-255,66,155573,17,286569
25534,0.018169,74.125.24.0-255,5738,161311,17,286569
25535,0.018176,172.31.36.0-255,66,161377,17,286569
25536,0.020185,74.125.24.0-255,5738,167115,17,286569
25537,0.020193,172.31.36.0-255,66,167181,17,286569
25538,0.022185,74.125.24.0-255,5738,172919,17,286569
25539,0.022195,172.31.36.0-255,66,172985,17,286569
25540,0.024218,74.125.24.0-255,5738,178723,17,286569
25541,0.024228,172.31.36.0-255,66,178789,17,286569
25542,0.026197,74.125.24.0-255,5738,184527,17,286569
25543,0.026205,172.31.36.0-255,66,184593,17,286569
25544,0.026318,172.31.36.0-255,172,184765,17,286569
25545,0.026348,172.31.36.0-255,1117,185882,17,286569
25546,0.026405,172.31.36.0-255,1514,187396,17,286569
25547,0.026406,172.31.36.0-255,1273,188669,17,286569
25548,0.027836,104.244.42.0-255,66,188735,17,286569
25549,0.027902,104.244.42.0-255,66,188801,17,286569
25550,0.027973,104.244.42.0-255,66,188867,17,286569
25551,0.028202,74.125.24.0-255,5738,194605,17,286569
25552,0.028209,172.31.36.0-255,66,194671,17,286569
25553,0.03022,74.125.24.0-255,5738,200409,17,286569
25554,0.030228,172.31.36.0-255,66,200475,17,286569
25555,0.03222,74.125.24.0-255,5738,206213,17,286569
25556,0.032227,172.31.36.0-255,66,206279,17,286569
25557,0.034228,74.125.24.0-255,5738,212017,17,286569
25558,0.034235,172.31.36.0-255,66,212083,17,286569
25559,0.036237,74.125.24.0-255,5738,217821,17,286569
25560,0.036244,172.31.36.0-255,66,217887,17,286569
25561,0.038262,74.125.24.0-255,5738,223625,17,286569
25562,0.038269,172.31.36.0-255,66,223691,17,286569
25563,0.040294,74.125.24.0-255,5738,229429,17,286569
25564,0.040302,172.31.36.0-255,66,229495,17,286569
25565,0.04231,74.125.24.0-255,5738,235233,17,286569
25566,0.04232,172.31.36.0-255,66,235299,17,286569
25567,0.04432,74.125.24.0-255,5738,241037,17,286569
25568,0.044327,172.31.36.0-255,66,241103,17,286569
25569,0.046376,74.125.24.0-255,5738,246841,17,286569
25570,0.046383,172.31.36.0-255,66,246907,17,286569
25571,0.048391,74.125.24.0-255,5738,252645,17,286569
25572,0.048398,172.31.36.0-255,66,252711,17,286569
25573,0.050376,74.125.24.0-255,5738,258449,17,286569
25574,0.050383,172.31.36.0-255,66,258515,17,286569
25575,0.052415,74.125.24.0-255,5738,264253,17,286569
25576,0.052422,172.31.36.0-255,66,264319,17,286569
25577,0.054434,74.125.24.0-255,5738,270057,17,286569
25578,0.054442,172.31.36.0-255,66,270123,17,286569
25579,0.056445,74.125.24.0-255,5738,275861,17,286569
25580,0.056451,172.31.36.0-255,66,275927,17,286569
25581,0.058447,74.125.24.0-255,5738,281665,17,286569
25582,0.058454,172.31.36.0-255,66,281731,17,286569
25583,0.060513,74.125.24.0-255,4601,286332,17,286569
25584,0.060521,172.31.36.0-255,66,286398,17,286569
25585,0.0607,172.31.36.0-255,105,286503,17,286569
25586,0.062661,74.125.24.0-255,66,286569,17,286569
25587,0.0,74.125.24.0-255,150,150,17,352024
25588,2.8e-05,172.31.36.0-255,66,216,17,352024
25589,3.5e-05,74.125.24.0-255,1484,1700,17,352024
25590,4.1e-05,172.31.36.0-255,66,1766,17,352024
25591,4.7e-05,74.125.24.0-255,2902,4668,17,352024
25592,5.1e-05,172.31.36.0-255,66,4734,17,352024
25593,5.8e-05,74.125.24.0-255,7156,11890,17,352024
25594,6.1e-05,172.31.36.0-255,66,11956,17,352024
25595,6.5e-05,74.125.24.0-255,1978,13934,17,352024
25596,6.8e-05,172.31.36.0-255,66,14000,17,352024
25597,9.2e-05,74.125.24.0-255,2902,16902,17,352024
25598,9.6e-05,172.31.36.0-255,66,16968,17,352024
25599,9.9e-05,74.125.24.0-255,1484,18452,17,352024
25600,0.000101,172.31.36.0-255,66,18518,17,352024
25601,0.000123,74.125.24.0-255,5738,24256,17,352024
25602,0.000126,172.31.36.0-255,66,24322,17,352024
25603,0.000154,74.125.24.0-255,2902,27224,17,352024
25604,0.000157,172.31.36.0-255,66,27290,17,352024
25605,0.000179,74.125.24.0-255,3961,31251,17,352024
25606,0.000181,172.31.36.0-255,66,31317,17,352024
25607,0.000275,74.125.24.0-255,1484,32801,17,352024
25608,0.000279,172.31.36.0-255,66,32867,17,352024
25609,0.000285,74.125.24.0-255,2902,35769,17,352024
25610,0.000287,172.31.36.0-255,66,35835,17,352024
25611,0.00029,74.125.24.0-255,1484,37319,17,352024
25612,0.000292,172.31.36.0-255,66,37385,17,352024
25613,0.000318,74.125.24.0-255,4320,41705,17,352024
25614,0.000321,172.31.36.0-255,66,41771,17,352024
25615,0.000328,74.125.24.0-255,6797,48568,17,352024
25616,0.00033,172.31.36.0-255,66,48634,17,352024
25617,0.000363,172.31.36.0-255,66,48700,17,352024
25618,0.000367,74.125.24.0-255,2543,51243,17,352024
25619,0.000369,172.31.36.0-255,66,51309,17,352024
25620,0.000372,74.125.24.0-255,401,51710,17,352024
25621,0.000541,74.125.24.0-255,345,52055,17,352024
25622,0.00069,74.125.24.0-255,1484,53539,17,352024
25623,0.000695,172.31.36.0-255,66,53605,17,352024
25624,0.0007,74.125.24.0-255,2902,56507,17,352024
25625,0.000703,172.31.36.0-255,66,56573,17,352024
25626,0.000708,74.125.24.0-255,2902,59475,17,352024
25627,0.00071,172.31.36.0-255,66,59541,17,352024
25628,0.000743,74.125.24.0-255,7156,66697,17,352024
25629,0.000746,172.31.36.0-255,66,66763,17,352024
25630,0.00079,172.31.36.0-255,66,66829,17,352024
25631,0.000795,74.125.24.0-255,2543,69372,17,352024
25632,0.000797,172.31.36.0-255,66,69438,17,352024
25633,0.000948,74.125.24.0-255,1484,70922,17,352024
25634,0.000966,74.125.24.0-255,2902,73824,17,352024
25635,0.000969,172.31.36.0-255,66,73890,17,352024
25636,0.000994,74.125.24.0-255,5738,79628,17,352024
25637,0.000996,172.31.36.0-255,66,79694,17,352024
25638,0.001001,74.125.24.0-255,2902,82596,17,352024
25639,0.001004,172.31.36.0-255,66,82662,17,352024
25640,0.001018,74.125.24.0-255,4320,86982,17,352024
25641,0.00102,172.31.36.0-255,66,87048,17,352024
25642,0.001026,74.125.24.0-255,4320,91368,17,352024
25643,0.001028,172.31.36.0-255,66,91434,17,352024
25644,0.001065,172.31.36.0-255,66,91500,17,352024
25645,0.00107,74.125.24.0-255,2184,93684,17,352024
25646,0.001072,172.31.36.0-255,66,93750,17,352024
25647,0.001246,74.125.24.0-255,1484,95234,17,352024
25648,0.001269,74.125.24.0-255,2902,98136,17,352024
25649,0.001272,172.31.36.0-255,66,98202,17,352024
25650,0.00128,74.125.24.0-255,5738,103940,17,352024
25651,0.001282,172.31.36.0-255,66,104006,17,352024
25652,0.001285,74.125.24.0-255,1484,105490,17,352024
25653,0.001325,172.31.36.0-255,66,105556,17,352024
25654,0.001333,74.125.24.0-255,7156,112712,17,352024
25655,0.001336,172.31.36.0-255,66,112778,17,352024
25656,0.001352,74.125.24.0-255,3602,116380,17,352024
25657,0.001354,172.31.36.0-255,66,116446,17,352024
25658,0.001944,74.125.24.0-255,1484,117930,17,352024
25659,0.001965,74.125.24.0-255,2902,120832,17,352024
25660,0.001969,172.31.36.0-255,66,120898,17,352024
25661,0.001975,74.125.24.0-255,4320,125218,17,352024
25662,0.001977,172.31.36.0-255,66,125284,17,352024
25663,0.002017,172.31.36.0-255,66,125350,17,352024
25664,0.002022,74.125.24.0-255,2902,128252,17,352024
25665,0.002024,172.31.36.0-255,66,128318,17,352024
25666,0.002065,74.125.24.0-255,4320,132638,17,352024
25667,0.002069,172.31.36.0-255,66,132704,17,352024
25668,0.0021,172.31.36.0-255,66,132770,17,352024
25669,0.002103,74.125.24.0-255,766,133536,17,352024
25670,0.002206,74.125.24.0-255,1484,135020,17,352024
25671,0.00221,172.31.36.0-255,66,135086,17,352024
25672,0.002216,74.125.24.0-255,2902,137988,17,352024
25673,0.002218,172.31.36.0-255,66,138054,17,352024
25674,0.002223,74.125.24.0-255,2902,140956,17,352024
25675,0.002225,172.31.36.0-255,66,141022,17,352024
25676,0.002244,74.125.24.0-255,2902,143924,17,352024
25677,0.002246,172.31.36.0-255,66,143990,17,352024
25678,0.002266,74.125.24.0-255,5738,149728,17,352024
25679,0.002268,172.31.36.0-255,66,149794,17,352024
25680,0.0023,74.125.24.0-255,7156,156950,17,352024
25681,0.002303,172.31.36.0-255,66,157016,17,352024
25682,0.002307,74.125.24.0-255,2902,159918,17,352024
25683,0.002309,172.31.36.0-255,66,159984,17,352024
25684,0.004562,74.125.24.0-255,5738,165722,17,352024
25685,0.004568,172.31.36.0-255,66,165788,17,352024
25686,0.006809,74.125.24.0-255,2902,168690,17,352024
25687,0.006813,172.31.36.0-255,66,168756,17,352024
25688,0.00683,74.125.24.0-255,2902,171658,17,352024
25689,0.006832,172.31.36.0-255,66,171724,17,352024
25690,0.009086,74.125.24.0-255,5738,177462,17,352024
25691,0.009092,172.31.36.0-255,66,177528,17,352024
25692,0.01137,74.125.24.0-255,5738,183266,17,352024
25693,0.011377,172.31.36.0-255,66,183332,17,352024
25694,0.013648,74.125.24.0-255,5738,189070,17,352024
25695,0.013665,172.31.36.0-255,66,189136,17,352024
25696,0.016001,74.125.24.0-255,5738,194874,17,352024
25697,0.016015,172.31.36.0-255,66,194940,17,352024
25698,0.018326,74.125.24.0-255,5738,200678,17,352024
25699,0.018343,172.31.36.0-255,66,200744,17,352024
25700,0.020624,74.125.24.0-255,5738,206482,17,352024
25701,0.020632,172.31.36.0-255,66,206548,17,352024
25702,0.022895,74.125.24.0-255,5738,212286,17,352024
25703,0.022906,172.31.36.0-255,66,212352,17,352024
25704,0.025229,74.125.24.0-255,5738,218090,17,352024
25705,0.025244,172.31.36.0-255,66,218156,17,352024
25706,0.027515,74.125.24.0-255,5738,223894,17,352024
25707,0.027522,172.31.36.0-255,66,223960,17,352024
25708,0.029796,74.125.24.0-255,5738,229698,17,352024
25709,0.029804,172.31.36.0-255,66,229764,17,352024
25710,0.032064,74.125.24.0-255,5738,235502,17,352024
25711,0.032069,172.31.36.0-255,66,235568,17,352024
25712,0.034334,74.125.24.0-255,5738,241306,17,352024
25713,0.034342,172.31.36.0-255,66,241372,17,352024
25714,0.036602,74.125.24.0-255,5738,247110,17,352024
25715,0.036609,172.31.36.0-255,66,247176,17,352024
25716,0.038851,74.125.24.0-255,5738,252914,17,352024
25717,0.038859,172.31.36.0-255,66,252980,17,352024
25718,0.041055,172.31.36.0-255,172,253152,17,352024
25719,0.041085,172.31.36.0-255,1117,254269,17,352024
25720,0.041096,74.125.24.0-255,1484,255753,17,352024
25721,0.041123,74.125.24.0-255,4320,260073,17,352024
25722,0.041127,172.31.36.0-255,66,260139,17,352024
25723,0.041257,172.31.36.0-255,1514,261653,17,352024
25724,0.04126,172.31.36.0-255,1273,262926,17,352024
25725,0.042584,104.244.42.0-255,66,262992,17,352024
25726,0.042626,104.244.42.0-255,66,263058,17,352024
25727,0.042821,104.244.42.0-255,66,263124,17,352024
25728,0.043399,74.125.24.0-255,5738,268862,17,352024
25729,0.043407,172.31.36.0-255,66,268928,17,352024
25730,0.045708,74.125.24.0-255,5738,274666,17,352024
25731,0.045715,172.31.36.0-255,66,274732,17,352024
25732,0.048013,74.125.24.0-255,5738,280470,17,352024
25733,0.04802,172.31.36.0-255,66,280536,17,352024
25734,0.050295,74.125.24.0-255,5738,286274,17,352024
25735,0.050303,172.31.36.0-255,66,286340,17,352024
25736,0.052587,74.125.24.0-255,5738,292078,17,352024
25737,0.052593,172.31.36.0-255,66,292144,17,352024
25738,0.054871,74.125.24.0-255,5738,297882,17,352024
25739,0.054877,172.31.36.0-255,66,297948,17,352024
25740,0.057147,74.125.24.0-255,5738,303686,17,352024
25741,0.057153,172.31.36.0-255,66,303752,17,352024
25742,0.059432,74.125.24.0-255,5738,309490,17,352024
25743,0.05944,172.31.36.0-255,66,309556,17,352024
25744,0.061718,74.125.24.0-255,5738,315294,17,352024
25745,0.061724,172.31.36.0-255,66,315360,17,352024
25746,0.063988,74.125.24.0-255,5738,321098,17,352024
25747,0.063995,172.31.36.0-255,66,321164,17,352024
25748,0.066242,74.125.24.0-255,5738,326902,17,352024
25749,0.066248,172.31.36.0-255,66,326968,17,352024
25750,0.068505,74.125.24.0-255,5738,332706,17,352024
25751,0.068511,172.31.36.0-255,66,332772,17,352024
25752,0.070797,74.125.24.0-255,5738,338510,17,352024
25753,0.070811,172.31.36.0-255,66,338576,17,352024
25754,0.073079,74.125.24.0-255,5738,344314,17,352024
25755,0.073087,172.31.36.0-255,66,344380,17,352024
25756,0.075362,74.125.24.0-255,5738,350118,17,352024
25757,0.075369,172.31.36.0-255,66,350184,17,352024
25758,0.077614,74.125.24.0-255,1603,351787,17,352024
25759,0.077624,172.31.36.0-255,66,351853,17,352024
25760,0.077787,172.31.36.0-255,105,351958,17,352024
25761,0.080009,74.125.24.0-255,66,352024,17,352024
25762,0.0,74.125.68.0-255,151,151,17,398577
25763,2.4e-05,172.31.36.0-255,66,217,17,398577
25764,3.1e-05,74.125.68.0-255,1484,1701,17,398577
25765,3.6e-05,172.31.36.0-255,66,1767,17,398577
25766,4.3e-05,74.125.68.0-255,2902,4669,17,398577
25767,4.6e-05,172.31.36.0-255,66,4735,17,398577
25768,5.5e-05,74.125.68.0-255,7156,11891,17,398577
25769,5.8e-05,172.31.36.0-255,66,11957,17,398577
25770,6.3e-05,74.125.68.0-255,2084,14041,17,398577
25771,6.6e-05,172.31.36.0-255,66,14107,17,398577
25772,7.1e-05,74.125.68.0-255,2902,17009,17,398577
25773,7.4e-05,172.31.36.0-255,66,17075,17,398577
25774,9.8e-05,74.125.68.0-255,7156,24231,17,398577
25775,0.000101,172.31.36.0-255,66,24297,17,398577
25776,0.000106,74.125.68.0-255,2902,27199,17,398577
25777,0.000108,172.31.36.0-255,66,27265,17,398577
25778,0.000149,74.125.68.0-255,3961,31226,17,398577
25779,0.000152,172.31.36.0-255,66,31292,17,398577
25780,0.000218,74.125.68.0-255,1484,32776,17,398577
25781,0.000221,172.31.36.0-255,66,32842,17,398577
25782,0.00024,74.125.68.0-255,2902,35744,17,398577
25783,0.000243,172.31.36.0-255,66,35810,17,398577
25784,0.000269,74.125.68.0-255,4320,40130,17,398577
25785,0.000272,172.31.36.0-255,66,40196,17,398577
25786,0.000319,172.31.36.0-255,66,40262,17,398577
25787,0.000613,74.125.68.0-255,1484,41746,17,398577
25788,0.000619,172.31.36.0-255,66,41812,17,398577
25789,0.000624,74.125.68.0-255,1484,43296,17,398577
25790,0.000627,172.31.36.0-255,66,43362,17,398577
25791,0.000642,74.125.68.0-255,1484,44846,17,398577
25792,0.000644,172.31.36.0-255,66,44912,17,398577
25793,0.000652,74.125.68.0-255,5738,50650,17,398577
25794,0.000655,172.31.36.0-255,66,50716,17,398577
25795,0.000675,74.125.68.0-255,6797,57513,17,398577
25796,0.000677,172.31.36.0-255,66,57579,17,398577
25797,0.000785,74.125.68.0-255,1484,59063,17,398577
25798,0.000792,74.125.68.0-255,2902,61965,17,398577
25799,0.000796,172.31.36.0-255,66,62031,17,398577
25800,0.000814,74.125.68.0-255,2902,64933,17,398577
25801,0.000818,172.31.36.0-255,66,64999,17,398577
25802,0.000841,74.125.68.0-255,2902,67901,17,398577
25803,0.000844,172.31.36.0-255,66,67967,17,398577
25804,0.000853,74.125.68.0-255,6797,74764,17,398577
25805,0.000855,172.31.36.0-255,66,74830,17,398577
25806,0.000873,74.125.68.0-255,1484,76314,17,398577
25807,0.000877,74.125.68.0-255,2902,79216,17,398577
25808,0.00088,172.31.36.0-255,66,79282,17,398577
25809,0.000892,74.125.68.0-255,2902,82184,17,398577
25810,0.000895,172.31.36.0-255,66,82250,17,398577
25811,0.000907,74.125.68.0-255,2902,85152,17,398577
25812,0.00091,172.31.36.0-255,66,85218,17,398577
25813,0.00094,74.125.68.0-255,7156,92374,17,398577
25814,0.000953,172.31.36.0-255,66,92440,17,398577
25815,0.000956,172.31.36.0-255,66,92506,17,398577
25816,0.000992,74.125.68.0-255,1484,93990,17,398577
25817,0.001013,74.125.68.0-255,6438,100428,17,398577
25818,0.001016,172.31.36.0-255,66,100494,17,398577
25819,0.001035,74.125.68.0-255,1484,101978,17,398577
25820,0.001059,74.125.68.0-255,2902,104880,17,398577
25821,0.001062,172.31.36.0-255,66,104946,17,398577
25822,0.001087,74.125.68.0-255,5738,110684,17,398577
25823,0.00109,172.31.36.0-255,66,110750,17,398577
25824,0.001098,74.125.68.0-255,7156,117906,17,398577
25825,0.0011,172.31.36.0-255,66,117972,17,398577
25826,0.001132,172.31.36.0-255,66,118038,17,398577
25827,0.001155,74.125.68.0-255,5738,123776,17,398577
25828,0.001159,172.31.36.0-255,66,123842,17,398577
25829,0.001168,74.125.68.0-255,2184,126026,17,398577
25830,0.001171,172.31.36.0-255,66,126092,17,398577
25831,0.00128,74.125.68.0-255,1484,127576,17,398577
25832,0.001307,74.125.68.0-255,2902,130478,17,398577
25833,0.00131,172.31.36.0-255,66,130544,17,398577
25834,0.001316,74.125.68.0-255,2902,133446,17,398577
25835,0.001318,172.31.36.0-255,66,133512,17,398577
25836,0.001336,74.125.68.0-255,2902,136414,17,398577
25837,0.001338,172.31.36.0-255,66,136480,17,398577
25838,0.001343,74.125.68.0-255,2902,139382,17,398577
25839,0.001345,172.31.36.0-255,66,139448,17,398577
25840,0.00135,74.125.68.0-255,4320,143768,17,398577
25841,0.001352,172.31.36.0-255,66,143834,17,398577
25842,0.001355,74.125.68.0-255,1484,145318,17,398577
25843,0.001378,74.125.68.0-255,7156,152474,17,398577
25844,0.00138,172.31.36.0-255,66,152540,17,398577
25845,0.001386,74.125.68.0-255,4320,156860,17,398577
25846,0.001389,172.31.36.0-255,66,156926,17,398577
25847,0.001439,74.125.68.0-255,3602,160528,17,398577
25848,0.001443,172.31.36.0-255,66,160594,17,398577
25849,0.001548,74.125.68.0-255,1484,162078,17,398577
25850,0.001577,74.125.68.0-255,2902,164980,17,398577
25851,0.00158,172.31.36.0-255,66,165046,17,398577
25852,0.001584,74.125.68.0-255,1484,166530,17,398577
25853,0.001589,74.125.68.0-255,2902,169432,17,398577
25854,0.001591,172.31.36.0-255,66,169498,17,398577
25855,0.001596,74.125.68.0-255,2902,172400,17,398577
25856,0.001598,172.31.36.0-255,66,172466,17,398577
25857,0.001621,74.125.68.0-255,2902,175368,17,398577
25858,0.001623,172.31.36.0-255,66,175434,17,398577
25859,0.001638,74.125.68.0-255,4320,179754,17,398577
25860,0.001641,172.31.36.0-255,66,179820,17,398577
25861,0.001656,74.125.68.0-255,5738,185558,17,398577
25862,0.001658,172.31.36.0-255,66,185624,17,398577
25863,0.001686,74.125.68.0-255,4320,189944,17,398577
25864,0.001689,172.31.36.0-255,66,190010,17,398577
25865,0.00171,74.125.68.0-255,5020,195030,17,398577
25866,0.001713,172.31.36.0-255,66,195096,17,398577
25867,0.001774,74.125.68.0-255,1484,196580,17,398577
25868,0.00179,74.125.68.0-255,2902,199482,17,398577
25869,0.001793,172.31.36.0-255,66,199548,17,398577
25870,0.001816,74.125.68.0-255,5738,205286,17,398577
25871,0.001819,172.31.36.0-255,66,205352,17,398577
25872,0.001822,74.125.68.0-255,1484,206836,17,398577
25873,0.001843,74.125.68.0-255,7156,213992,17,398577
25874,0.001845,172.31.36.0-255,66,214058,17,398577
25875,0.00185,74.125.68.0-255,2902,216960,17,398577
25876,0.001852,172.31.36.0-255,66,217026,17,398577
25877,0.001872,74.125.68.0-255,7156,224182,17,398577
25878,0.001875,172.31.36.0-255,66,224248,17,398577
25879,0.001878,74.125.68.0-255,1484,225732,17,398577
25880,0.001902,74.125.68.0-255,3602,229334,17,398577
25881,0.001905,172.31.36.0-255,66,229400,17,398577
25882,0.002063,74.125.68.0-255,1484,230884,17,398577
25883,0.002066,74.125.68.0-255,1484,232368,17,398577
25884,0.002072,172.31.36.0-255,66,232434,17,398577
25885,0.002081,74.125.68.0-255,1484,233918,17,398577
25886,0.002086,74.125.68.0-255,2902,236820,17,398577
25887,0.002088,172.31.36.0-255,66,236886,17,398577
25888,0.002093,74.125.68.0-255,2902,239788,17,398577
25889,0.002095,172.31.36.0-255,66,239854,17,398577
25890,0.002117,74.125.68.0-255,1484,241338,17,398577
25891,0.002122,74.125.68.0-255,2902,244240,17,398577
25892,0.002124,172.31.36.0-255,66,244306,17,398577
25893,0.002154,74.125.68.0-255,5738,250044,17,398577
25894,0.002157,172.31.36.0-255,66,250110,17,398577
25895,0.002164,74.125.68.0-255,5738,255848,17,398577
25896,0.002166,172.31.36.0-255,66,255914,17,398577
25897,0.002174,74.125.68.0-255,7156,263070,17,398577
25898,0.002177,172.31.36.0-255,66,263136,17,398577
25899,0.00218,74.125.68.0-255,766,263902,17,398577
25900,0.002261,74.125.68.0-255,1484,265386,17,398577
25901,0.002265,172.31.36.0-255,66,265452,17,398577
25902,0.002287,74.125.68.0-255,2902,268354,17,398577
25903,0.002289,172.31.36.0-255,66,268420,17,398577
25904,0.002293,74.125.68.0-255,1484,269904,17,398577
25905,0.004541,74.125.68.0-255,1484,271388,17,398577
25906,0.004548,172.31.36.0-255,66,271454,17,398577
25907,0.004572,74.125.68.0-255,2902,274356,17,398577
25908,0.004575,172.31.36.0-255,66,274422,17,398577
25909,0.006848,74.125.68.0-255,2902,277324,17,398577
25910,0.006854,172.31.36.0-255,66,277390,17,398577
25911,0.006875,74.125.68.0-255,2902,280292,17,398577
25912,0.006877,172.31.36.0-255,66,280358,17,398577
25913,0.009157,74.125.68.0-255,4320,284678,17,398577
25914,0.009162,172.31.36.0-255,66,284744,17,398577
25915,0.009181,74.125.68.0-255,1484,286228,17,398577
25916,0.011459,74.125.68.0-255,4320,290548,17,398577
25917,0.011467,172.31.36.0-255,66,290614,17,398577
25918,0.013752,74.125.68.0-255,5738,296352,17,398577
25919,0.013761,172.31.36.0-255,66,296418,17,398577
25920,0.01606,74.125.68.0-255,5738,302156,17,398577
25921,0.016071,172.31.36.0-255,66,302222,17,398577
25922,0.018358,74.125.68.0-255,5738,307960,17,398577
25923,0.018368,172.31.36.0-255,66,308026,17,398577
25924,0.020661,74.125.68.0-255,5738,313764,17,398577
25925,0.020672,172.31.36.0-255,66,313830,17,398577
25926,0.022976,74.125.68.0-255,5738,319568,17,398577
25927,0.022985,172.31.36.0-255,66,319634,17,398577
25928,0.025276,74.125.68.0-255,5738,325372,17,398577
25929,0.025283,172.31.36.0-255,66,325438,17,398577
25930,0.027567,74.125.68.0-255,5738,331176,17,398577
25931,0.027575,172.31.36.0-255,66,331242,17,398577
25932,0.029864,74.125.68.0-255,5738,336980,17,398577
25933,0.029872,172.31.36.0-255,66,337046,17,398577
25934,0.032165,74.125.68.0-255,5738,342784,17,398577
25935,0.032172,172.31.36.0-255,66,342850,17,398577
25936,0.03446,74.125.68.0-255,5738,348588,17,398577
25937,0.034468,172.31.36.0-255,66,348654,17,398577
25938,0.035794,172.31.36.0-255,172,348826,17,398577
25939,0.035829,172.31.36.0-255,1117,349943,17,398577
25940,0.03589,172.31.36.0-255,1514,351457,17,398577
25941,0.035891,172.31.36.0-255,1271,352728,17,398577
25942,0.036772,74.125.68.0-255,5738,358466,17,398577
25943,0.03678,172.31.36.0-255,66,358532,17,398577
25944,0.037319,104.244.42.0-255,66,358598,17,398577
25945,0.037354,104.244.42.0-255,66,358664,17,398577
25946,0.03747,104.244.42.0-255,66,358730,17,398577
25947,0.039064,74.125.68.0-255,5738,364468,17,398577
25948,0.039071,172.31.36.0-255,66,364534,17,398577
25949,0.041368,74.125.68.0-255,5738,370272,17,398577
25950,0.041375,172.31.36.0-255,66,370338,17,398577
25951,0.043676,74.125.68.0-255,5738,376076,17,398577
25952,0.043683,172.31.36.0-255,66,376142,17,398577
25953,0.045972,74.125.68.0-255,5738,381880,17,398577
25954,0.045979,172.31.36.0-255,66,381946,17,398577
25955,0.048263,74.125.68.0-255,5738,387684,17,398577
25956,0.048272,172.31.36.0-255,66,387750,17,398577
25957,0.050558,74.125.68.0-255,5738,393488,17,398577
25958,0.050564,172.31.36.0-255,66,393554,17,398577
25959,0.052866,74.125.68.0-255,4786,398340,17,398577
25960,0.052876,172.31.36.0-255,66,398406,17,398577
25961,0.053077,172.31.36.0-255,105,398511,17,398577
25962,0.055335,74.125.68.0-255,66,398577,17,398577
25963,0.0,74.125.200.0-255,298,298,17,353157
25964,3e-05,172.31.36.0-255,66,364,17,353157
25965,3.6e-05,74.125.200.0-255,1484,1848,17,353157
25966,4.2e-05,172.31.36.0-255,66,1914,17,353157
25967,4.7e-05,74.125.200.0-255,2902,4816,17,353157
25968,5.1e-05,172.31.36.0-255,66,4882,17,353157
25969,5.6e-05,74.125.200.0-255,4320,9202,17,353157
25970,5.8e-05,172.31.36.0-255,66,9268,17,353157
25971,8.7e-05,74.125.200.0-255,4695,13963,17,353157
25972,9.3e-05,172.31.36.0-255,66,14029,17,353157
25973,0.000116,74.125.200.0-255,5738,19767,17,353157
25974,0.000118,172.31.36.0-255,66,19833,17,353157
25975,0.000123,74.125.200.0-255,2902,22735,17,353157
25976,0.000125,172.31.36.0-255,66,22801,17,353157
25977,0.000162,172.31.36.0-255,66,22867,17,353157
25978,0.000348,74.125.200.0-255,1484,24351,17,353157
25979,0.000352,172.31.36.0-255,66,24417,17,353157
25980,0.000358,74.125.200.0-255,2902,27319,17,353157
25981,0.000361,172.31.36.0-255,66,27385,17,353157
25982,0.00038,74.125.200.0-255,1484,28869,17,353157
25983,0.000382,172.31.36.0-255,66,28935,17,353157
25984,0.000386,74.125.200.0-255,2902,31837,17,353157
25985,0.000388,172.31.36.0-255,66,31903,17,353157
25986,0.000413,74.125.200.0-255,5738,37641,17,353157
25987,0.000416,172.31.36.0-255,66,37707,17,353157
25988,0.000452,172.31.36.0-255,66,37773,17,353157
25989,0.000465,172.31.36.0-255,66,37839,17,353157
25990,0.000468,74.125.200.0-255,766,38605,17,353157
25991,0.00047,172.31.36.0-255,66,38671,17,353157
25992,0.000502,74.125.200.0-255,362,39033,17,353157
25993,0.000546,74.125.200.0-255,133,39166,17,353157
25994,0.00061,74.125.200.0-255,1484,40650,17,353157
25995,0.000615,172.31.36.0-255,66,40716,17,353157
25996,0.00062,74.125.200.0-255,2902,43618,17,353157
25997,0.000623,172.31.36.0-255,66,43684,17,353157
25998,0.000625,74.125.200.0-255,1484,45168,17,353157
25999,0.000661,74.125.200.0-255,2902,48070,17,353157
26000,0.000664,172.31.36.0-255,66,48136,17,353157
26001,0.000671,74.125.200.0-255,5738,53874,17,353157
26002,0.000674,172.31.36.0-255,66,53940,17,353157
26003,0.00069,74.125.200.0-255,5738,59678,17,353157
26004,0.000694,74.125.200.0-255,2902,62580,17,353157
26005,0.000696,172.31.36.0-255,66,62646,17,353157
26006,0.000699,172.31.36.0-255,66,62712,17,353157
26007,0.000717,74.125.200.0-255,4320,67032,17,353157
26008,0.000721,172.31.36.0-255,66,67098,17,353157
26009,0.000724,74.125.200.0-255,1484,68582,17,353157
26010,0.000736,74.125.200.0-255,1484,70066,17,353157
26011,0.000739,172.31.36.0-255,66,70132,17,353157
26012,0.000745,74.125.200.0-255,3602,73734,17,353157
26013,0.000747,172.31.36.0-255,66,73800,17,353157
26014,0.000764,74.125.200.0-255,346,74146,17,353157
26015,0.001141,172.31.36.0-255,66,74212,17,353157
26016,0.001237,74.125.200.0-255,1484,75696,17,353157
26017,0.00127,74.125.200.0-255,2902,78598,17,353157
26018,0.001274,172.31.36.0-255,66,78664,17,353157
26019,0.001295,74.125.200.0-255,2902,81566,17,353157
26020,0.001298,172.31.36.0-255,66,81632,17,353157
26021,0.001302,74.125.200.0-255,1484,83116,17,353157
26022,0.001318,74.125.200.0-255,2902,86018,17,353157
26023,0.001321,172.31.36.0-255,66,86084,17,353157
26024,0.001341,74.125.200.0-255,5738,91822,17,353157
26025,0.001344,172.31.36.0-255,66,91888,17,353157
26026,0.00136,74.125.200.0-255,1484,93372,17,353157
26027,0.001384,74.125.200.0-255,4320,97692,17,353157
26028,0.001388,172.31.36.0-255,66,97758,17,353157
26029,0.001409,74.125.200.0-255,4320,102078,17,353157
26030,0.001413,172.31.36.0-255,66,102144,17,353157
26031,0.001449,74.125.200.0-255,6438,108582,17,353157
26032,0.001452,172.31.36.0-255,66,108648,17,353157
26033,0.001827,74.125.200.0-255,1484,110132,17,353157
26034,0.001835,74.125.200.0-255,2902,113034,17,353157
26035,0.00184,172.31.36.0-255,66,113100,17,353157
26036,0.001847,74.125.200.0-255,4320,117420,17,353157
26037,0.001852,172.31.36.0-255,66,117486,17,353157
26038,0.001889,172.31.36.0-255,66,117552,17,353157
26039,0.001897,74.125.200.0-255,7156,124708,17,353157
26040,0.001899,172.31.36.0-255,66,124774,17,353157
26041,0.001903,74.125.200.0-255,1484,126258,17,353157
26042,0.00193,74.125.200.0-255,7156,133414,17,353157
26043,0.001933,172.31.36.0-255,66,133480,17,353157
26044,0.001936,74.125.200.0-255,766,134246,17,353157
26045,0.002026,74.125.200.0-255,1484,135730,17,353157
26046,0.002031,172.31.36.0-255,66,135796,17,353157
26047,0.002055,74.125.200.0-255,2902,138698,17,353157
26048,0.002059,172.31.36.0-255,66,138764,17,353157
26049,0.002064,74.125.200.0-255,5738,144502,17,353157
26050,0.002066,172.31.36.0-255,66,144568,17,353157
26051,0.002105,172.31.36.0-255,66,144634,17,353157
26052,0.002112,74.125.200.0-255,5738,150372,17,353157
26053,0.002114,172.31.36.0-255,66,150438,17,353157
26054,0.002153,74.125.200.0-255,2902,153340,17,353157
26055,0.002155,172.31.36.0-255,66,153406,17,353157
26056,0.002173,172.31.36.0-255,66,153472,17,353157
26057,0.002213,172.31.36.0-255,66,153538,17,353157
26058,0.002218,74.125.200.0-255,7156,160694,17,353157
26059,0.002221,172.31.36.0-255,66,160760,17,353157
26060,0.002245,74.125.200.0-255,2902,163662,17,353157
26061,0.002247,172.31.36.0-255,66,163728,17,353157
26062,0.002263,74.125.200.0-255,3602,167330,17,353157
26063,0.002265,172.31.36.0-255,66,167396,17,353157
26064,0.002298,74.125.200.0-255,2902,170298,17,353157
26065,0.0023,172.31.36.0-255,66,170364,17,353157
26066,0.004526,74.125.200.0-255,2902,173266,17,353157
26067,0.004534,172.31.36.0-255,66,173332,17,353157
26068,0.004564,74.125.200.0-255,2902,176234,17,353157
26069,0.004568,172.31.36.0-255,66,176300,17,353157
26070,0.006807,74.125.200.0-255,2902,179202,17,353157
26071,0.006812,172.31.36.0-255,66,179268,17,353157
26072,0.006836,74.125.200.0-255,2902,182170,17,353157
26073,0.006838,172.31.36.0-255,66,182236,17,353157
26074,0.009124,74.125.200.0-255,2902,185138,17,353157
26075,0.009131,172.31.36.0-255,66,185204,17,353157
26076,0.00917,74.125.200.0-255,2902,188106,17,353157
26077,0.009174,172.31.36.0-255,66,188172,17,353157
26078,0.011411,74.125.200.0-255,2902,191074,17,353157
26079,0.011418,172.31.36.0-255,66,191140,17,353157
26080,0.011442,74.125.200.0-255,2902,194042,17,353157
26081,0.011445,172.31.36.0-255,66,194108,17,353157
26082,0.013692,74.125.200.0-255,2902,197010,17,353157
26083,0.013699,172.31.36.0-255,66,197076,17,353157
26084,0.013712,74.125.200.0-255,2902,199978,17,353157
26085,0.013715,172.31.36.0-255,66,200044,17,353157
26086,0.015973,74.125.200.0-255,5738,205782,17,353157
26087,0.015983,172.31.36.0-255,66,205848,17,353157
26088,0.018262,74.125.200.0-255,5738,211586,17,353157
26089,0.01827,172.31.36.0-255,66,211652,17,353157
26090,0.020542,74.125.200.0-255,5738,217390,17,353157
26091,0.02055,172.31.36.0-255,66,217456,17,353157
26092,0.022826,74.125.200.0-255,5738,223194,17,353157
26093,0.022832,172.31.36.0-255,66,223260,17,353157
26094,0.025101,74.125.200.0-255,5738,228998,17,353157
26095,0.025107,172.31.36.0-255,66,229064,17,353157
26096,0.027381,74.125.200.0-255,5738,234802,17,353157
26097,0.027388,172.31.36.0-255,66,234868,17,353157
26098,0.02831,172.31.36.0-255,176,235044,17,353157
26099,0.028339,172.31.36.0-255,1118,236162,17,353157
26100,0.028383,172.31.36.0-255,1514,237676,17,353157
26101,0.028385,172.31.36.0-255,1270,238946,17,353157
26102,0.029657,74.125.200.0-255,5738,244684,17,353157
26103,0.029663,172.31.36.0-255,66,244750,17,353157
26104,0.029852,104.244.42.0-255,66,244816,17,353157
26105,0.029898,104.244.42.0-255,66,244882,17,353157
26106,0.029949,104.244.42.0-255,66,244948,17,353157
26107,0.030624,104.244.42.0-255,108,245056,17,353157
26108,0.030647,172.31.36.0-255,66,245122,17,353157
26109,0.031941,74.125.200.0-255,5738,250860,17,353157
26110,0.031947,172.31.36.0-255,66,250926,17,353157
26111,0.034215,74.125.200.0-255,5738,256664,17,353157
26112,0.034221,172.31.36.0-255,66,256730,17,353157
26113,0.036482,74.125.200.0-255,4320,261050,17,353157
26114,0.036488,172.31.36.0-255,66,261116,17,353157
26115,0.03652,74.125.200.0-255,1484,262600,17,353157
26116,0.03875,74.125.200.0-255,4320,266920,17,353157
26117,0.038755,172.31.36.0-255,66,266986,17,353157
26118,0.04102,74.125.200.0-255,5738,272724,17,353157
26119,0.041025,172.31.36.0-255,66,272790,17,353157
26120,0.043291,74.125.200.0-255,5738,278528,17,353157
26121,0.043297,172.31.36.0-255,66,278594,17,353157
26122,0.045606,74.125.200.0-255,5738,284332,17,353157
26123,0.045611,172.31.36.0-255,66,284398,17,353157
26124,0.047876,74.125.200.0-255,5738,290136,17,353157
26125,0.047882,172.31.36.0-255,66,290202,17,353157
26126,0.050141,74.125.200.0-255,4320,294522,17,353157
26127,0.050146,172.31.36.0-255,66,294588,17,353157
26128,0.050178,74.125.200.0-255,1484,296072,17,353157
26129,0.052407,74.125.200.0-255,4320,300392,17,353157
26130,0.052412,172.31.36.0-255,66,300458,17,353157
26131,0.054686,74.125.200.0-255,5738,306196,17,353157
26132,0.054692,172.31.36.0-255,66,306262,17,353157
26133,0.056968,74.125.200.0-255,4320,310582,17,353157
26134,0.056974,172.31.36.0-255,66,310648,17,353157
26135,0.057002,74.125.200.0-255,1484,312132,17,353157
26136,0.059251,74.125.200.0-255,4320,316452,17,353157
26137,0.059255,172.31.36.0-255,66,316518,17,353157
26138,0.061522,74.125.200.0-255,4320,320838,17,353157
26139,0.061527,172.31.36.0-255,66,320904,17,353157
26140,0.061565,74.125.200.0-255,1484,322388,17,353157
26141,0.063798,74.125.200.0-255,4320,326708,17,353157
26142,0.063804,172.31.36.0-255,66,326774,17,353157
26143,0.06608,74.125.200.0-255,5738,332512,17,353157
26144,0.066086,172.31.36.0-255,66,332578,17,353157
26145,0.068357,74.125.200.0-255,5738,338316,17,353157
26146,0.068362,172.31.36.0-255,66,338382,17,353157
26147,0.070639,74.125.200.0-255,1484,339866,17,353157
26148,0.070673,74.125.200.0-255,4320,344186,17,353157
26149,0.070678,172.31.36.0-255,66,344252,17,353157
26150,0.07295,74.125.200.0-255,1484,345736,17,353157
26151,0.072986,74.125.200.0-255,4320,350056,17,353157
26152,0.072991,172.31.36.0-255,66,350122,17,353157
26153,0.075262,74.125.200.0-255,2798,352920,17,353157
26154,0.075267,172.31.36.0-255,66,352986,17,353157
26155,0.075459,172.31.36.0-255,105,353091,17,353157
26156,0.077691,74.125.200.0-255,66,353157,17,353157
26157,0.0,172.217.194.0-255,148,148,17,301834
26158,2.5e-05,172.31.36.0-255,66,214,17,301834
26159,3.2e-05,172.217.194.0-255,1484,1698,17,301834
26160,3.8e-05,172.31.36.0-255,66,1764,17,301834
26161,4.4e-05,172.217.194.0-255,2902,4666,17,301834
26162,5.6e-05,172.31.36.0-255,66,4732,17,301834
26163,6.4e-05,172.217.194.0-255,7156,11888,17,301834
26164,6.8e-05,172.31.36.0-255,66,11954,17,301834
26165,8.2e-05,172.31.36.0-255,66,12020,17,301834
26166,8.8e-05,172.217.194.0-255,4320,16340,17,301834
26167,9.1e-05,172.31.36.0-255,66,16406,17,301834
26168,0.000118,172.217.194.0-255,5379,21785,17,301834
26169,0.000125,172.31.36.0-255,66,21851,17,301834
26170,0.000129,172.217.194.0-255,1484,23335,17,301834
26171,0.000131,172.31.36.0-255,66,23401,17,301834
26172,0.000172,172.31.36.0-255,66,23467,17,301834
26173,0.000182,172.31.36.0-255,66,23533,17,301834
26174,0.000228,172.31.36.0-255,66,23599,17,301834
26175,0.000231,172.217.194.0-255,98,23697,17,301834
26176,0.000233,172.31.36.0-255,66,23763,17,301834
26177,0.000353,172.217.194.0-255,1484,25247,17,301834
26178,0.000357,172.31.36.0-255,66,25313,17,301834
26179,0.000364,172.217.194.0-255,2902,28215,17,301834
26180,0.000367,172.31.36.0-255,66,28281,17,301834
26181,0.000373,172.217.194.0-255,4320,32601,17,301834
26182,0.00038,172.31.36.0-255,66,32667,17,301834
26183,0.000405,172.217.194.0-255,1484,34151,17,301834
26184,0.000407,172.31.36.0-255,66,34217,17,301834
26185,0.000427,172.217.194.0-255,5738,39955,17,301834
26186,0.000454,172.217.194.0-255,4739,44694,17,301834
26187,0.000502,172.217.194.0-255,1484,46178,17,301834
26188,0.000517,172.217.194.0-255,2902,49080,17,301834
26189,0.000532,172.217.194.0-255,5738,54818,17,301834
26190,0.000606,172.217.194.0-255,2902,57720,17,301834
26191,0.00061,172.217.194.0-255,2184,59904,17,301834
26192,0.000683,172.31.36.0-255,66,59970,17,301834
26193,0.001538,172.217.194.0-255,1484,61454,17,301834
26194,0.001545,172.217.194.0-255,2902,64356,17,301834
26195,0.001549,172.31.36.0-255,66,64422,17,301834
26196,0.001556,172.217.194.0-255,5738,70160,17,301834
26197,0.001591,172.217.194.0-255,4320,74480,17,301834
26198,0.001602,172.31.36.0-255,66,74546,17,301834
26199,0.001628,172.217.194.0-255,7156,81702,17,301834
26200,0.001634,172.31.36.0-255,66,81768,17,301834
26201,0.001659,172.217.194.0-255,3602,85370,17,301834
26202,0.00167,172.31.36.0-255,66,85436,17,301834
26203,0.001713,172.217.194.0-255,1484,86920,17,301834
26204,0.001717,172.217.194.0-255,2902,89822,17,301834
26205,0.00172,172.31.36.0-255,66,89888,17,301834
26206,0.001724,172.217.194.0-255,1484,91372,17,301834
26207,0.001753,172.217.194.0-255,4320,95692,17,301834
26208,0.00176,172.217.194.0-255,5738,101430,17,301834
26209,0.001765,172.31.36.0-255,66,101496,17,301834
26210,0.001776,172.217.194.0-255,7156,108652,17,301834
26211,0.001787,172.31.36.0-255,66,108718,17,301834
26212,0.00182,172.217.194.0-255,5738,114456,17,301834
26213,0.001828,172.31.36.0-255,66,114522,17,301834
26214,0.00185,172.217.194.0-255,5020,119542,17,301834
26215,0.001866,172.31.36.0-255,66,119608,17,301834
26216,0.001897,172.217.194.0-255,1484,121092,17,301834
26217,0.00192,172.217.194.0-255,2902,123994,17,301834
26218,0.001926,172.217.194.0-255,5738,129732,17,301834
26219,0.001948,172.217.194.0-255,5738,135470,17,301834
26220,0.001955,172.31.36.0-255,66,135536,17,301834
26221,0.001993,172.217.194.0-255,7156,142692,17,301834
26222,0.002027,172.31.36.0-255,66,142758,17,301834
26223,0.002066,172.217.194.0-255,5738,148496,17,301834
26224,0.00208,172.217.194.0-255,2184,150680,17,301834
26225,0.002096,172.31.36.0-255,66,150746,17,301834
26226,0.004368,172.217.194.0-255,5738,156484,17,301834
26227,0.004378,172.31.36.0-255,66,156550,17,301834
26228,0.00666,172.217.194.0-255,5738,162288,17,301834
26229,0.01013,172.31.36.0-255,66,162354,17,301834
26230,0.012417,172.217.194.0-255,5738,168092,17,301834
26231,0.012432,172.31.36.0-255,66,168158,17,301834
26232,0.014757,172.217.194.0-255,5738,173896,17,301834
26233,0.014926,172.31.36.0-255,66,173962,17,301834
26234,0.017234,172.217.194.0-255,5738,179700,17,301834
26235,0.017244,172.31.36.0-255,66,179766,17,301834
26236,0.019536,172.217.194.0-255,5738,185504,17,301834
26237,0.019548,172.31.36.0-255,66,185570,17,301834
26238,0.021816,172.217.194.0-255,5738,191308,17,301834
26239,0.021825,172.31.36.0-255,66,191374,17,301834
26240,0.02411,172.217.194.0-255,5738,197112,17,301834
26241,0.02412,172.31.36.0-255,66,197178,17,301834
26242,0.026371,172.217.194.0-255,5738,202916,17,301834
26243,0.026379,172.31.36.0-255,66,202982,17,301834
26244,0.028644,172.217.194.0-255,5738,208720,17,301834
26245,0.028653,172.31.36.0-255,66,208786,17,301834
26246,0.030926,172.217.194.0-255,5738,214524,17,301834
26247,0.030936,172.31.36.0-255,66,214590,17,301834
26248,0.031629,172.31.36.0-255,172,214762,17,301834
26249,0.031663,172.31.36.0-255,1116,215878,17,301834
26250,0.031728,172.31.36.0-255,1514,217392,17,301834
26251,0.031751,172.31.36.0-255,1272,218664,17,301834
26252,0.033184,104.244.42.0-255,66,218730,17,301834
26253,0.033237,104.244.42.0-255,66,218796,17,301834
26254,0.03327,172.217.194.0-255,5738,224534,17,301834
26255,0.033275,172.31.36.0-255,66,224600,17,301834
26256,0.033308,104.244.42.0-255,66,224666,17,301834
26257,0.035564,172.217.194.0-255,5738,230404,17,301834
26258,0.035572,172.31.36.0-255,66,230470,17,301834
26259,0.037867,172.217.194.0-255,5738,236208,17,301834
26260,0.037875,172.31.36.0-255,66,236274,17,301834
26261,0.040137,172.217.194.0-255,5738,242012,17,301834
26262,0.040144,172.31.36.0-255,66,242078,17,301834
26263,0.042432,172.217.194.0-255,5738,247816,17,301834
26264,0.042439,172.31.36.0-255,66,247882,17,301834
26265,0.044736,172.217.194.0-255,5738,253620,17,301834
26266,0.044743,172.31.36.0-255,66,253686,17,301834
26267,0.047036,172.217.194.0-255,5738,259424,17,301834
26268,0.047042,172.31.36.0-255,66,259490,17,301834
26269,0.049323,172.217.194.0-255,5738,265228,17,301834
26270,0.04933,172.31.36.0-255,66,265294,17,301834
26271,0.051589,172.217.194.0-255,5738,271032,17,301834
26272,0.051595,172.31.36.0-255,66,271098,17,301834
26273,0.053867,172.217.194.0-255,5738,276836,17,301834
26274,0.053876,172.31.36.0-255,66,276902,17,301834
26275,0.056154,172.217.194.0-255,5738,282640,17,301834
26276,0.05616,172.31.36.0-255,66,282706,17,301834
26277,0.058452,172.217.194.0-255,5738,288444,17,301834
26278,0.058461,172.31.36.0-255,66,288510,17,301834
26279,0.060727,172.217.194.0-255,5738,294248,17,301834
26280,0.060733,172.31.36.0-255,66,294314,17,301834
26281,0.062995,172.217.194.0-255,5738,300052,17,301834
26282,0.063002,172.31.36.0-255,66,300118,17,301834
26283,0.065249,172.217.194.0-255,1479,301597,17,301834
26284,0.065373,172.31.36.0-255,66,301663,17,301834
26285,0.065411,172.31.36.0-255,105,301768,17,301834
26286,0.06766,172.217.194.0-255,66,301834,17,301834
26287,0.0,172.217.194.0-255,146,146,17,76654
26288,1.7e-05,172.31.36.0-255,66,212,17,76654
26289,2.5e-05,172.217.194.0-255,1484,1696,17,76654
26290,2.9e-05,172.31.36.0-255,66,1762,17,76654
26291,3.4e-05,172.217.194.0-255,2902,4664,17,76654
26292,4.5e-05,172.31.36.0-255,66,4730,17,76654
26293,8.3e-05,172.217.194.0-255,7156,11886,17,76654
26294,8.6e-05,172.31.36.0-255,66,11952,17,76654
26295,0.00018,172.217.194.0-255,5738,17690,17,76654
26296,0.000183,172.31.36.0-255,66,17756,17,76654
26297,0.000218,172.31.36.0-255,66,17822,17,76654
26298,0.000453,172.217.194.0-255,2543,20365,17,76654
26299,0.000459,172.31.36.0-255,66,20431,17,76654
26300,0.000515,172.217.194.0-255,7156,27587,17,76654
26301,0.00052,172.31.36.0-255,66,27653,17,76654
26302,0.00056,172.31.36.0-255,66,27719,17,76654
26303,0.00085,172.31.36.0-255,66,27785,17,76654
26304,0.000888,172.217.194.0-255,4274,32059,17,76654
26305,0.000892,172.31.36.0-255,66,32125,17,76654
26306,0.001073,172.31.36.0-255,66,32191,17,76654
26307,0.00112,172.31.36.0-255,66,32257,17,76654
26308,0.001648,172.31.36.0-255,66,32323,17,76654
26309,0.001902,172.217.194.0-255,7156,39479,17,76654
26310,0.001906,172.31.36.0-255,66,39545,17,76654
26311,0.001956,172.31.36.0-255,66,39611,17,76654
26312,0.002465,172.217.194.0-255,4320,43931,17,76654
26313,0.002468,172.31.36.0-255,66,43997,17,76654
26314,0.002518,172.31.36.0-255,66,44063,17,76654
26315,0.00256,172.31.36.0-255,66,44129,17,76654
26316,0.003348,172.217.194.0-255,2902,47031,17,76654
26317,0.003351,172.31.36.0-255,66,47097,17,76654
26318,0.003402,172.31.36.0-255,66,47163,17,76654
26319,0.003429,172.217.194.0-255,1484,48647,17,76654
26320,0.003432,172.31.36.0-255,66,48713,17,76654
26321,0.004135,172.217.194.0-255,2902,51615,17,76654
26322,0.004139,172.31.36.0-255,66,51681,17,76654
26323,0.004177,172.217.194.0-255,5738,57419,17,76654
26324,0.004179,172.31.36.0-255,66,57485,17,76654
26325,0.004247,172.31.36.0-255,66,57551,17,76654
26326,0.004281,172.31.36.0-255,66,57617,17,76654
26327,0.005068,172.217.194.0-255,7156,64773,17,76654
26328,0.005074,172.31.36.0-255,66,64839,17,76654
26329,0.005219,172.31.36.0-255,66,64905,17,76654
26330,0.00595,172.217.194.0-255,7156,72061,17,76654
26331,0.005955,172.31.36.0-255,66,72127,17,76654
26332,0.006008,172.31.36.0-255,66,72193,17,76654
26333,0.008093,172.31.36.0-255,105,72298,17,76654
26334,0.010102,172.217.194.0-255,66,72364,17,76654
26335,0.031365,172.31.36.0-255,188,72552,17,76654
26336,0.031397,172.31.36.0-255,961,73513,17,76654
26337,0.031456,172.31.36.0-255,1514,75027,17,76654
26338,0.031458,172.31.36.0-255,1429,76456,17,76654
26339,0.032922,104.244.42.0-255,66,76522,17,76654
26340,0.032953,104.244.42.0-255,66,76588,17,76654
26341,0.033003,104.244.42.0-255,66,76654,17,76654
26342,0.0,74.125.24.0-255,143,143,17,280646
26343,3.1e-05,172.31.36.0-255,66,209,17,280646
26344,3.8e-05,74.125.24.0-255,1484,1693,17,280646
26345,4.2e-05,172.31.36.0-255,66,1759,17,280646
26346,4.7e-05,74.125.24.0-255,2902,4661,17,280646
26347,5e-05,172.31.36.0-255,66,4727,17,280646
26348,5.4e-05,74.125.24.0-255,2902,7629,17,280646
26349,5.6e-05,172.31.36.0-255,66,7695,17,280646
26350,6.3e-05,74.125.24.0-255,5738,13433,17,280646
26351,6.5e-05,172.31.36.0-255,66,13499,17,280646
26352,8.7e-05,74.125.24.0-255,2014,15513,17,280646
26353,8.9e-05,172.31.36.0-255,66,15579,17,280646
26354,0.000105,74.125.24.0-255,4320,19899,17,280646
26355,0.000109,172.31.36.0-255,66,19965,17,280646
26356,0.000146,172.31.36.0-255,66,20031,17,280646
26357,0.000237,74.125.24.0-255,1484,21515,17,280646
26358,0.000241,172.31.36.0-255,66,21581,17,280646
26359,0.000246,74.125.24.0-255,2902,24483,17,280646
26360,0.000248,172.31.36.0-255,66,24549,17,280646
26361,0.000278,74.125.24.0-255,5738,30287,17,280646
26362,0.000281,172.31.36.0-255,66,30353,17,280646
26363,0.000283,74.125.24.0-255,1484,31837,17,280646
26364,0.000285,172.31.36.0-255,66,31903,17,280646
26365,0.000312,172.31.36.0-255,66,31969,17,280646
26366,0.000315,74.125.24.0-255,1484,33453,17,280646
26367,0.000317,172.31.36.0-255,66,33519,17,280646
26368,0.000357,172.31.36.0-255,66,33585,17,280646
26369,0.000361,74.125.24.0-255,2816,36401,17,280646
26370,0.000365,172.31.36.0-255,66,36467,17,280646
26371,0.000375,74.125.24.0-255,127,36594,17,280646
26372,0.000815,172.31.36.0-255,66,36660,17,280646
26373,0.001431,74.125.24.0-255,1484,38144,17,280646
26374,0.001442,74.125.24.0-255,2902,41046,17,280646
26375,0.001445,74.125.24.0-255,1484,42530,17,280646
26376,0.001469,74.125.24.0-255,4320,46850,17,280646
26377,0.001474,74.125.24.0-255,4320,51170,17,280646
26378,0.001476,74.125.24.0-255,1484,52654,17,280646
26379,0.001908,74.125.24.0-255,1484,54138,17,280646
26380,0.001913,74.125.24.0-255,2902,57040,17,280646
26381,0.001925,74.125.24.0-255,1484,58524,17,280646
26382,0.00194,74.125.24.0-255,4320,62844,17,280646
26383,0.001968,74.125.24.0-255,2902,65746,17,280646
26384,0.002027,74.125.24.0-255,2902,68648,17,280646
26385,0.002054,74.125.24.0-255,4320,72968,17,280646
26386,0.002067,74.125.24.0-255,1484,74452,17,280646
26387,0.002103,74.125.24.0-255,5020,79472,17,280646
26388,0.002107,74.125.24.0-255,2902,82374,17,280646
26389,0.002156,74.125.24.0-255,1484,83858,17,280646
26390,0.002162,74.125.24.0-255,6438,90296,17,280646
26391,0.002169,74.125.24.0-255,7156,97452,17,280646
26392,0.002173,74.125.24.0-255,2902,100354,17,280646
26393,0.002186,74.125.24.0-255,1484,101838,17,280646
26394,0.002213,74.125.24.0-255,4320,106158,17,280646
26395,0.002229,74.125.24.0-255,1484,107642,17,280646
26396,0.002244,74.125.24.0-255,5738,113380,17,280646
26397,0.002271,74.125.24.0-255,6438,119818,17,280646
26398,0.002301,74.125.24.0-255,1484,121302,17,280646
26399,0.002326,74.125.24.0-255,5738,127040,17,280646
26400,0.006318,172.31.36.0-255,66,127106,17,280646
26401,0.008603,74.125.24.0-255,5738,132844,17,280646
26402,0.008611,172.31.36.0-255,66,132910,17,280646
26403,0.010869,74.125.24.0-255,5738,138648,17,280646
26404,0.010877,172.31.36.0-255,66,138714,17,280646
26405,0.013146,74.125.24.0-255,5738,144452,17,280646
26406,0.013639,172.31.36.0-255,66,144518,17,280646
26407,0.015942,74.125.24.0-255,5738,150256,17,280646
26408,0.015956,172.31.36.0-255,66,150322,17,280646
26409,0.018259,74.125.24.0-255,5738,156060,17,280646
26410,0.018269,172.31.36.0-255,66,156126,17,280646
26411,0.020536,74.125.24.0-255,5738,161864,17,280646
26412,0.020549,172.31.36.0-255,66,161930,17,280646
26413,0.022806,74.125.24.0-255,5738,167668,17,280646
26414,0.022816,172.31.36.0-255,66,167734,17,280646
26415,0.025071,74.125.24.0-255,5738,173472,17,280646
26416,0.02508,172.31.36.0-255,66,173538,17,280646
26417,0.027349,74.125.24.0-255,5738,179276,17,280646
26418,0.027358,172.31.36.0-255,66,179342,17,280646
26419,0.029076,172.31.36.0-255,172,179514,17,280646
26420,0.029109,172.31.36.0-255,1119,180633,17,280646
26421,0.029143,172.31.36.0-255,1514,182147,17,280646
26422,0.029145,172.31.36.0-255,1514,183661,17,280646
26423,0.029168,172.31.36.0-255,668,184329,17,280646
26424,0.029638,74.125.24.0-255,5738,190067,17,280646
26425,0.029646,172.31.36.0-255,66,190133,17,280646
26426,0.030615,104.244.42.0-255,66,190199,17,280646
26427,0.030662,104.244.42.0-255,66,190265,17,280646
26428,0.030708,104.244.42.0-255,66,190331,17,280646
26429,0.03071,104.244.42.0-255,66,190397,17,280646
26430,0.031904,74.125.24.0-255,2902,193299,17,280646
26431,0.031908,172.31.36.0-255,66,193365,17,280646
26432,0.031944,74.125.24.0-255,2902,196267,17,280646
26433,0.031966,172.31.36.0-255,66,196333,17,280646
26434,0.034165,74.125.24.0-255,2902,199235,17,280646
26435,0.034171,172.31.36.0-255,66,199301,17,280646
26436,0.034201,74.125.24.0-255,2902,202203,17,280646
26437,0.03422,172.31.36.0-255,66,202269,17,280646
26438,0.03641,74.125.24.0-255,2902,205171,17,280646
26439,0.036417,172.31.36.0-255,66,205237,17,280646
26440,0.036462,74.125.24.0-255,2902,208139,17,280646
26441,0.03647,172.31.36.0-255,66,208205,17,280646
26442,0.038671,74.125.24.0-255,2902,211107,17,280646
26443,0.038678,172.31.36.0-255,66,211173,17,280646
26444,0.038709,74.125.24.0-255,2902,214075,17,280646
26445,0.038731,172.31.36.0-255,66,214141,17,280646
26446,0.04093,74.125.24.0-255,2902,217043,17,280646
26447,0.040939,172.31.36.0-255,66,217109,17,280646
26448,0.040983,74.125.24.0-255,2902,220011,17,280646
26449,0.040995,172.31.36.0-255,66,220077,17,280646
26450,0.043178,74.125.24.0-255,2902,222979,17,280646
26451,0.043184,172.31.36.0-255,66,223045,17,280646
26452,0.043233,74.125.24.0-255,2902,225947,17,280646
26453,0.04324,172.31.36.0-255,66,226013,17,280646
26454,0.045439,74.125.24.0-255,2902,228915,17,280646
26455,0.045444,172.31.36.0-255,66,228981,17,280646
26456,0.045501,74.125.24.0-255,2902,231883,17,280646
26457,0.045524,172.31.36.0-255,66,231949,17,280646
26458,0.047703,74.125.24.0-255,2902,234851,17,280646
26459,0.047708,172.31.36.0-255,66,234917,17,280646
26460,0.047756,74.125.24.0-255,2902,237819,17,280646
26461,0.047762,172.31.36.0-255,66,237885,17,280646
26462,0.049954,74.125.24.0-255,2902,240787,17,280646
26463,0.049959,172.31.36.0-255,66,240853,17,280646
26464,0.050006,74.125.24.0-255,2902,243755,17,280646
26465,0.050035,172.31.36.0-255,66,243821,17,280646
26466,0.052191,74.125.24.0-255,2902,246723,17,280646
26467,0.052197,172.31.36.0-255,66,246789,17,280646
26468,0.052279,74.125.24.0-255,2902,249691,17,280646
26469,0.052295,172.31.36.0-255,66,249757,17,280646
26470,0.054461,74.125.24.0-255,2902,252659,17,280646
26471,0.054467,172.31.36.0-255,66,252725,17,280646
26472,0.054523,74.125.24.0-255,2902,255627,17,280646
26473,0.054546,172.31.36.0-255,66,255693,17,280646
26474,0.05672,74.125.24.0-255,2902,258595,17,280646
26475,0.056727,172.31.36.0-255,66,258661,17,280646
26476,0.0568,74.125.24.0-255,2902,261563,17,280646
26477,0.056808,172.31.36.0-255,66,261629,17,280646
26478,0.058977,74.125.24.0-255,2902,264531,17,280646
26479,0.058983,172.31.36.0-255,66,264597,17,280646
26480,0.059054,74.125.24.0-255,2902,267499,17,280646
26481,0.059075,172.31.36.0-255,66,267565,17,280646
26482,0.061214,74.125.24.0-255,2902,270467,17,280646
26483,0.06122,172.31.36.0-255,66,270533,17,280646
26484,0.061296,74.125.24.0-255,2902,273435,17,280646
26485,0.061314,172.31.36.0-255,66,273501,17,280646
26486,0.063491,74.125.24.0-255,2902,276403,17,280646
26487,0.063496,172.31.36.0-255,66,276469,17,280646
26488,0.06356,74.125.24.0-255,2902,279371,17,280646
26489,0.063572,172.31.36.0-255,66,279437,17,280646
26490,0.065733,74.125.24.0-255,972,280409,17,280646
26491,0.065923,172.31.36.0-255,66,280475,17,280646
26492,0.065951,172.31.36.0-255,105,280580,17,280646
26493,0.068143,74.125.24.0-255,66,280646,17,280646
26494,0.0,74.125.24.0-255,152,152,17,359337
26495,2.3e-05,172.31.36.0-255,66,218,17,359337
26496,3e-05,74.125.24.0-255,1484,1702,17,359337
26497,3.4e-05,172.31.36.0-255,66,1768,17,359337
26498,3.9e-05,74.125.24.0-255,2902,4670,17,359337
26499,4.4e-05,172.31.36.0-255,66,4736,17,359337
26500,6.1e-05,74.125.24.0-255,7156,11892,17,359337
26501,6.4e-05,172.31.36.0-255,66,11958,17,359337
26502,6.8e-05,74.125.24.0-255,2040,13998,17,359337
26503,7.1e-05,172.31.36.0-255,66,14064,17,359337
26504,7.7e-05,74.125.24.0-255,2902,16966,17,359337
26505,8e-05,172.31.36.0-255,66,17032,17,359337
26506,8.8e-05,74.125.24.0-255,7156,24188,17,359337
26507,9e-05,172.31.36.0-255,66,24254,17,359337
26508,0.000109,74.125.24.0-255,2902,27156,17,359337
26509,0.000116,172.31.36.0-255,66,27222,17,359337
26510,0.000158,74.125.24.0-255,1484,28706,17,359337
26511,0.000161,172.31.36.0-255,66,28772,17,359337
26512,0.000166,74.125.24.0-255,2543,31315,17,359337
26513,0.000169,172.31.36.0-255,66,31381,17,359337
26514,0.000208,74.125.24.0-255,1484,32865,17,359337
26515,0.000211,172.31.36.0-255,66,32931,17,359337
26516,0.000234,74.125.24.0-255,2902,35833,17,359337
26517,0.000237,172.31.36.0-255,66,35899,17,359337
26518,0.000263,74.125.24.0-255,5738,41637,17,359337
26519,0.000266,172.31.36.0-255,66,41703,17,359337
26520,0.000272,74.125.24.0-255,4320,46023,17,359337
26521,0.000274,172.31.36.0-255,66,46089,17,359337
26522,0.000326,74.125.24.0-255,2543,48632,17,359337
26523,0.000328,172.31.36.0-255,66,48698,17,359337
26524,0.000621,74.125.24.0-255,1484,50182,17,359337
26525,0.000627,172.31.36.0-255,66,50248,17,359337
26526,0.000633,74.125.24.0-255,2902,53150,17,359337
26527,0.000635,172.31.36.0-255,66,53216,17,359337
26528,0.000647,74.125.24.0-255,5738,58954,17,359337
26529,0.00065,172.31.36.0-255,66,59020,17,359337
26530,0.000685,74.125.24.0-255,4320,63340,17,359337
26531,0.000688,172.31.36.0-255,66,63406,17,359337
26532,0.000717,74.125.24.0-255,2889,66295,17,359337
26533,0.000719,172.31.36.0-255,66,66361,17,359337
26534,0.000738,74.125.24.0-255,331,66692,17,359337
26535,0.000978,74.125.24.0-255,1484,68176,17,359337
26536,0.000982,172.31.36.0-255,66,68242,17,359337
26537,0.000987,74.125.24.0-255,2902,71144,17,359337
26538,0.000989,172.31.36.0-255,66,71210,17,359337
26539,0.000996,74.125.24.0-255,5738,76948,17,359337
26540,0.001003,172.31.36.0-255,66,77014,17,359337
26541,0.001007,74.125.24.0-255,2902,79916,17,359337
26542,0.001009,172.31.36.0-255,66,79982,17,359337
26543,0.001039,74.125.24.0-255,3961,83943,17,359337
26544,0.001041,172.31.36.0-255,66,84009,17,359337
26545,0.001078,74.125.24.0-255,1484,85493,17,359337
26546,0.001096,74.125.24.0-255,2902,88395,17,359337
26547,0.001099,172.31.36.0-255,66,88461,17,359337
26548,0.001106,74.125.24.0-255,5738,94199,17,359337
26549,0.001109,172.31.36.0-255,66,94265,17,359337
26550,0.001113,74.125.24.0-255,2902,97167,17,359337
26551,0.001115,172.31.36.0-255,66,97233,17,359337
26552,0.001148,74.125.24.0-255,2902,100135,17,359337
26553,0.00115,74.125.24.0-255,1125,101260,17,359337
26554,0.001154,172.31.36.0-255,66,101326,17,359337
26555,0.001537,74.125.24.0-255,1484,102810,17,359337
26556,0.001542,172.31.36.0-255,66,102876,17,359337
26557,0.001548,74.125.24.0-255,2902,105778,17,359337
26558,0.00155,172.31.36.0-255,66,105844,17,359337
26559,0.001555,74.125.24.0-255,5738,111582,17,359337
26560,0.001558,172.31.36.0-255,66,111648,17,359337
26561,0.001569,74.125.24.0-255,4320,115968,17,359337
26562,0.001571,172.31.36.0-255,66,116034,17,359337
26563,0.001609,172.31.36.0-255,66,116100,17,359337
26564,0.001642,172.31.36.0-255,66,116166,17,359337
26565,0.001732,74.125.24.0-255,1484,117650,17,359337
26566,0.00175,74.125.24.0-255,2902,120552,17,359337
26567,0.001759,172.31.36.0-255,66,120618,17,359337
26568,0.001764,74.125.24.0-255,2902,123520,17,359337
26569,0.001766,172.31.36.0-255,66,123586,17,359337
26570,0.001798,74.125.24.0-255,2902,126488,17,359337
26571,0.0018,172.31.36.0-255,66,126554,17,359337
26572,0.001808,74.125.24.0-255,7156,133710,17,359337
26573,0.001811,172.31.36.0-255,66,133776,17,359337
26574,0.001814,74.125.24.0-255,1484,135260,17,359337
26575,0.001852,172.31.36.0-255,66,135326,17,359337
26576,0.001856,74.125.24.0-255,2184,137510,17,359337
26577,0.001858,172.31.36.0-255,66,137576,17,359337
26578,0.001914,74.125.24.0-255,1484,139060,17,359337
26579,0.001919,74.125.24.0-255,2902,141962,17,359337
26580,0.001921,172.31.36.0-255,66,142028,17,359337
26581,0.001927,74.125.24.0-255,5738,147766,17,359337
26582,0.00193,172.31.36.0-255,66,147832,17,359337
26583,0.001939,74.125.24.0-255,4320,152152,17,359337
26584,0.001942,172.31.36.0-255,66,152218,17,359337
26585,0.001988,172.31.36.0-255,66,152284,17,359337
26586,0.001995,74.125.24.0-255,4320,156604,17,359337
26587,0.001997,172.31.36.0-255,66,156670,17,359337
26588,0.00202,74.125.24.0-255,3602,160272,17,359337
26589,0.002029,172.31.36.0-255,66,160338,17,359337
26590,0.002231,74.125.24.0-255,1484,161822,17,359337
26591,0.002237,74.125.24.0-255,2902,164724,17,359337
26592,0.00224,172.31.36.0-255,66,164790,17,359337
26593,0.002273,74.125.24.0-255,5738,170528,17,359337
26594,0.002276,172.31.36.0-255,66,170594,17,359337
26595,0.002289,172.31.36.0-255,66,170660,17,359337
26596,0.002311,74.125.24.0-255,1484,172144,17,359337
26597,0.002323,172.31.36.0-255,66,172210,17,359337
26598,0.004987,74.125.24.0-255,5738,177948,17,359337
26599,0.004994,172.31.36.0-255,66,178014,17,359337
26600,0.0076,74.125.24.0-255,5738,183752,17,359337
26601,0.007607,172.31.36.0-255,66,183818,17,359337
26602,0.010249,74.125.24.0-255,5738,189556,17,359337
26603,0.010256,172.31.36.0-255,66,189622,17,359337
26604,0.012886,74.125.24.0-255,5738,195360,17,359337
26605,0.012896,172.31.36.0-255,66,195426,17,359337
26606,0.015523,74.125.24.0-255,5738,201164,17,359337
26607,0.015535,172.31.36.0-255,66,201230,17,359337
26608,0.018178,74.125.24.0-255,5738,206968,17,359337
26609,0.018188,172.31.36.0-255,66,207034,17,359337
26610,0.02091,74.125.24.0-255,5738,212772,17,359337
26611,0.020924,172.31.36.0-255,66,212838,17,359337
26612,0.023539,74.125.24.0-255,5738,218576,17,359337
26613,0.023547,172.31.36.0-255,66,218642,17,359337
26614,0.026151,74.125.24.0-255,5738,224380,17,359337
26615,0.02616,172.31.36.0-255,66,224446,17,359337
26616,0.028805,74.125.24.0-255,5738,230184,17,359337
26617,0.028813,172.31.36.0-255,66,230250,17,359337
26618,0.031445,74.125.24.0-255,5738,235988,17,359337
26619,0.031453,172.31.36.0-255,66,236054,17,359337
26620,0.03288,172.31.36.0-255,171,236225,17,359337
26621,0.032913,172.31.36.0-255,1141,237366,17,359337
26622,0.032976,172.31.36.0-255,1514,238880,17,359337
26623,0.032978,172.31.36.0-255,1514,240394,17,359337
26624,0.032982,172.31.36.0-255,1514,241908,17,359337
26625,0.032984,172.31.36.0-255,1025,242933,17,359337
26626,0.034094,74.125.24.0-255,5738,248671,17,359337
26627,0.034103,172.31.36.0-255,66,248737,17,359337
26628,0.034429,104.244.42.0-255,66,248803,17,359337
26629,0.034458,104.244.42.0-255,66,248869,17,359337
26630,0.034499,104.244.42.0-255,66,248935,17,359337
26631,0.034549,104.244.42.0-255,66,249001,17,359337
26632,0.0368,74.125.24.0-255,5738,254739,17,359337
26633,0.036808,172.31.36.0-255,66,254805,17,359337
26634,0.039419,74.125.24.0-255,5738,260543,17,359337
26635,0.039428,172.31.36.0-255,66,260609,17,359337
26636,0.042079,74.125.24.0-255,5738,266347,17,359337
26637,0.042088,172.31.36.0-255,66,266413,17,359337
26638,0.044719,74.125.24.0-255,5738,272151,17,359337
26639,0.044727,172.31.36.0-255,66,272217,17,359337
26640,0.047379,74.125.24.0-255,5738,277955,17,359337
26641,0.04739,172.31.36.0-255,66,278021,17,359337
26642,0.050052,74.125.24.0-255,5738,283759,17,359337
26643,0.05006,172.31.36.0-255,66,283825,17,359337
26644,0.052719,74.125.24.0-255,5738,289563,17,359337
26645,0.052726,172.31.36.0-255,66,289629,17,359337
26646,0.055387,74.125.24.0-255,5738,295367,17,359337
26647,0.055399,172.31.36.0-255,66,295433,17,359337
26648,0.05803,74.125.24.0-255,5738,301171,17,359337
26649,0.058037,172.31.36.0-255,66,301237,17,359337
26650,0.060676,74.125.24.0-255,5738,306975,17,359337
26651,0.060682,172.31.36.0-255,66,307041,17,359337
26652,0.063305,74.125.24.0-255,5738,312779,17,359337
26653,0.063312,172.31.36.0-255,66,312845,17,359337
26654,0.065954,74.125.24.0-255,5738,318583,17,359337
26655,0.065962,172.31.36.0-255,66,318649,17,359337
26656,0.068584,74.125.24.0-255,5738,324387,17,359337
26657,0.068592,172.31.36.0-255,66,324453,17,359337
26658,0.071224,74.125.24.0-255,5738,330191,17,359337
26659,0.071233,172.31.36.0-255,66,330257,17,359337
26660,0.073879,74.125.24.0-255,5738,335995,17,359337
26661,0.073886,172.31.36.0-255,66,336061,17,359337
26662,0.076509,74.125.24.0-255,5738,341799,17,359337
26663,0.076516,172.31.36.0-255,66,341865,17,359337
26664,0.079131,74.125.24.0-255,5738,347603,17,359337
26665,0.079137,172.31.36.0-255,66,347669,17,359337
26666,0.081753,74.125.24.0-255,5738,353407,17,359337
26667,0.081761,172.31.36.0-255,66,353473,17,359337
26668,0.084376,74.125.24.0-255,5627,359100,17,359337
26669,0.084383,172.31.36.0-255,66,359166,17,359337
26670,0.084981,172.31.36.0-255,105,359271,17,359337
26671,0.08757,74.125.24.0-255,66,359337,17,359337
26672,0.0,172.31.36.0-255,66,66,17,66
26673,0.0,74.125.200.0-255,146,146,17,302235
26674,3.2e-05,172.31.36.0-255,66,212,17,302235
26675,3.9e-05,74.125.200.0-255,1484,1696,17,302235
26676,4.4e-05,172.31.36.0-255,66,1762,17,302235
26677,4.7e-05,74.125.200.0-255,1484,3246,17,302235
26678,4.9e-05,172.31.36.0-255,66,3312,17,302235
26679,6.8e-05,74.125.200.0-255,1484,4796,17,302235
26680,7.1e-05,172.31.36.0-255,66,4862,17,302235
26681,7.7e-05,74.125.200.0-255,4320,9182,17,302235
26682,7.9e-05,172.31.36.0-255,66,9248,17,302235
26683,9.2e-05,74.125.200.0-255,1484,10732,17,302235
26684,9.4e-05,172.31.36.0-255,66,10798,17,302235
26685,9.9e-05,74.125.200.0-255,1484,12282,17,302235
26686,0.000101,172.31.36.0-255,66,12348,17,302235
26687,0.000125,74.125.200.0-255,2002,14350,17,302235
26688,0.000128,172.31.36.0-255,66,14416,17,302235
26689,0.000218,74.125.200.0-255,1484,15900,17,302235
26690,0.000223,172.31.36.0-255,66,15966,17,302235
26691,0.000229,74.125.200.0-255,2902,18868,17,302235
26692,0.000232,172.31.36.0-255,66,18934,17,302235
26693,0.000238,74.125.200.0-255,4320,23254,17,302235
26694,0.00024,172.31.36.0-255,66,23320,17,302235
26695,0.000262,74.125.200.0-255,1484,24804,17,302235
26696,0.000264,172.31.36.0-255,66,24870,17,302235
26697,0.000271,74.125.200.0-255,6797,31667,17,302235
26698,0.000273,172.31.36.0-255,66,31733,17,302235
26699,0.000326,74.125.200.0-255,1484,33217,17,302235
26700,0.00033,172.31.36.0-255,66,33283,17,302235
26701,0.000364,74.125.200.0-255,1484,34767,17,302235
26702,0.000367,172.31.36.0-255,66,34833,17,302235
26703,0.00038,74.125.200.0-255,1484,36317,17,302235
26704,0.000383,172.31.36.0-255,66,36383,17,302235
26705,0.000391,74.125.200.0-255,5738,42121,17,302235
26706,0.000394,172.31.36.0-255,66,42187,17,302235
26707,0.000398,74.125.200.0-255,2902,45089,17,302235
26708,0.000401,172.31.36.0-255,66,45155,17,302235
26709,0.000425,74.125.200.0-255,3961,49116,17,302235
26710,0.000428,172.31.36.0-255,66,49182,17,302235
26711,0.000567,74.125.200.0-255,1484,50666,17,302235
26712,0.000585,74.125.200.0-255,2902,53568,17,302235
26713,0.000588,172.31.36.0-255,66,53634,17,302235
26714,0.000593,74.125.200.0-255,1484,55118,17,302235
26715,0.000612,74.125.200.0-255,4320,59438,17,302235
26716,0.000616,172.31.36.0-255,66,59504,17,302235
26717,0.000622,74.125.200.0-255,4320,63824,17,302235
26718,0.000626,172.31.36.0-255,66,63890,17,302235
26719,0.000681,74.125.200.0-255,1484,65374,17,302235
26720,0.000694,74.125.200.0-255,1437,66811,17,302235
26721,0.000697,172.31.36.0-255,66,66877,17,302235
26722,0.001064,74.125.200.0-255,112,66989,17,302235
26723,0.001091,172.31.36.0-255,66,67055,17,302235
26724,0.001115,74.125.200.0-255,1484,68539,17,302235
26725,0.001126,74.125.200.0-255,1484,70023,17,302235
26726,0.00113,172.31.36.0-255,66,70089,17,302235
26727,0.001151,74.125.200.0-255,1484,71573,17,302235
26728,0.001168,74.125.200.0-255,1484,73057,17,302235
26729,0.001171,172.31.36.0-255,66,73123,17,302235
26730,0.001193,74.125.200.0-255,4320,77443,17,302235
26731,0.001197,74.125.200.0-255,2902,80345,17,302235
26732,0.0012,172.31.36.0-255,66,80411,17,302235
26733,0.001203,172.31.36.0-255,66,80477,17,302235
26734,0.001238,74.125.200.0-255,4320,84797,17,302235
26735,0.001242,172.31.36.0-255,66,84863,17,302235
26736,0.00127,74.125.200.0-255,1484,86347,17,302235
26737,0.001286,74.125.200.0-255,1484,87831,17,302235
26738,0.001288,172.31.36.0-255,66,87897,17,302235
26739,0.001293,74.125.200.0-255,4320,92217,17,302235
26740,0.001295,172.31.36.0-255,66,92283,17,302235
26741,0.001312,74.125.200.0-255,2902,95185,17,302235
26742,0.001315,172.31.36.0-255,66,95251,17,302235
26743,0.00134,74.125.200.0-255,5738,100989,17,302235
26744,0.001343,172.31.36.0-255,66,101055,17,302235
26745,0.001346,74.125.200.0-255,766,101821,17,302235
26746,0.001376,74.125.200.0-255,330,102151,17,302235
26747,0.001584,172.31.36.0-255,66,102217,17,302235
26748,0.002647,74.125.200.0-255,1484,103701,17,302235
26749,0.002655,74.125.200.0-255,2902,106603,17,302235
26750,0.002658,172.31.36.0-255,66,106669,17,302235
26751,0.002663,74.125.200.0-255,2902,109571,17,302235
26752,0.002665,172.31.36.0-255,66,109637,17,302235
26753,0.00268,74.125.200.0-255,2902,112539,17,302235
26754,0.002682,172.31.36.0-255,66,112605,17,302235
26755,0.002706,74.125.200.0-255,1484,114089,17,302235
26756,0.002718,74.125.200.0-255,2902,116991,17,302235
26757,0.002722,172.31.36.0-255,66,117057,17,302235
26758,0.002732,74.125.200.0-255,5738,122795,17,302235
26759,0.002734,172.31.36.0-255,66,122861,17,302235
26760,0.002749,74.125.200.0-255,2902,125763,17,302235
26761,0.002751,172.31.36.0-255,66,125829,17,302235
26762,0.002771,74.125.200.0-255,4320,130149,17,302235
26763,0.002773,172.31.36.0-255,66,130215,17,302235
26764,0.0028,74.125.200.0-255,6438,136653,17,302235
26765,0.002804,172.31.36.0-255,66,136719,17,302235
26766,0.003334,74.125.200.0-255,1484,138203,17,302235
26767,0.003357,74.125.200.0-255,2902,141105,17,302235
26768,0.003361,172.31.36.0-255,66,141171,17,302235
26769,0.003365,74.125.200.0-255,1484,142655,17,302235
26770,0.003384,74.125.200.0-255,4320,146975,17,302235
26771,0.003386,172.31.36.0-255,66,147041,17,302235
26772,0.003408,74.125.200.0-255,5738,152779,17,302235
26773,0.00341,172.31.36.0-255,66,152845,17,302235
26774,0.003432,74.125.200.0-255,5738,158583,17,302235
26775,0.003434,172.31.36.0-255,66,158649,17,302235
26776,0.00344,74.125.200.0-255,4320,162969,17,302235
26777,0.003441,172.31.36.0-255,66,163035,17,302235
26778,0.003453,74.125.200.0-255,1484,164519,17,302235
26779,0.003477,74.125.200.0-255,6438,170957,17,302235
26780,0.003481,172.31.36.0-255,66,171023,17,302235
26781,0.007138,74.125.200.0-255,5738,176761,17,302235
26782,0.007145,172.31.36.0-255,66,176827,17,302235
26783,0.01032,74.125.200.0-255,5738,182565,17,302235
26784,0.01033,172.31.36.0-255,66,182631,17,302235
26785,0.013883,74.125.200.0-255,5738,188369,17,302235
26786,0.013896,172.31.36.0-255,66,188435,17,302235
26787,0.017835,74.125.200.0-255,5738,194173,17,302235
26788,0.017847,172.31.36.0-255,66,194239,17,302235
26789,0.021843,74.125.200.0-255,5738,199977,17,302235
26790,0.021856,172.31.36.0-255,66,200043,17,302235
26791,0.025633,74.125.200.0-255,5738,205781,17,302235
26792,0.025645,172.31.36.0-255,66,205847,17,302235
26793,0.026826,172.31.36.0-255,172,206019,17,302235
26794,0.026868,172.31.36.0-255,1116,207135,17,302235
26795,0.026935,172.31.36.0-255,1514,208649,17,302235
26796,0.026937,172.31.36.0-255,1272,209921,17,302235
26797,0.028407,104.244.42.0-255,66,209987,17,302235
26798,0.028445,104.244.42.0-255,66,210053,17,302235
26799,0.028493,104.244.42.0-255,66,210119,17,302235
26800,0.02995,74.125.200.0-255,4320,214439,17,302235
26801,0.029954,172.31.36.0-255,66,214505,17,302235
26802,0.029985,74.125.200.0-255,1484,215989,17,302235
26803,0.031068,104.244.42.0-255,108,216097,17,302235
26804,0.03109,172.31.36.0-255,66,216163,17,302235
26805,0.034845,74.125.200.0-255,1484,217647,17,302235
26806,0.034851,172.31.36.0-255,66,217713,17,302235
26807,0.034882,74.125.200.0-255,2902,220615,17,302235
26808,0.034885,172.31.36.0-255,66,220681,17,302235
26809,0.040772,74.125.200.0-255,1484,222165,17,302235
26810,0.040801,74.125.200.0-255,1484,223649,17,302235
26811,0.040805,172.31.36.0-255,66,223715,17,302235
26812,0.040846,74.125.200.0-255,1484,225199,17,302235
26813,0.040858,74.125.200.0-255,1484,226683,17,302235
26814,0.040861,172.31.36.0-255,66,226749,17,302235
26815,0.047572,74.125.200.0-255,2902,229651,17,302235
26816,0.047578,172.31.36.0-255,66,229717,17,302235
26817,0.047622,74.125.200.0-255,1484,231201,17,302235
26818,0.047634,74.125.200.0-255,1484,232685,17,302235
26819,0.047638,172.31.36.0-255,66,232751,17,302235
26820,0.054557,74.125.200.0-255,2902,235653,17,302235
26821,0.054564,172.31.36.0-255,66,235719,17,302235
26822,0.05461,74.125.200.0-255,2902,238621,17,302235
26823,0.054614,172.31.36.0-255,66,238687,17,302235
26824,0.060587,74.125.200.0-255,1484,240171,17,302235
26825,0.060626,74.125.200.0-255,4320,244491,17,302235
26826,0.060631,172.31.36.0-255,66,244557,17,302235
26827,0.066033,74.125.200.0-255,5738,250295,17,302235
26828,0.066039,172.31.36.0-255,66,250361,17,302235
26829,0.070988,74.125.200.0-255,5738,256099,17,302235
26830,0.070995,172.31.36.0-255,66,256165,17,302235
26831,0.075146,74.125.200.0-255,4320,260485,17,302235
26832,0.075152,172.31.36.0-255,66,260551,17,302235
26833,0.075185,74.125.200.0-255,1484,262035,17,302235
26834,0.078735,74.125.200.0-255,1484,263519,17,302235
26835,0.078741,172.31.36.0-255,66,263585,17,302235
26836,0.078775,74.125.200.0-255,2902,266487,17,302235
26837,0.078778,172.31.36.0-255,66,266553,17,302235
26838,0.082164,74.125.200.0-255,2902,269455,17,302235
26839,0.08217,172.31.36.0-255,66,269521,17,302235
26840,0.082215,74.125.200.0-255,2902,272423,17,302235
26841,0.082219,172.31.36.0-255,66,272489,17,302235
26842,0.085414,74.125.200.0-255,2902,275391,17,302235
26843,0.085419,172.31.36.0-255,66,275457,17,302235
26844,0.085445,74.125.200.0-255,1484,276941,17,302235
26845,0.085462,74.125.200.0-255,1484,278425,17,302235
26846,0.085465,172.31.36.0-255,66,278491,17,302235
26847,0.088437,74.125.200.0-255,2902,281393,17,302235
26848,0.088444,172.31.36.0-255,66,281459,17,302235
26849,0.088483,74.125.200.0-255,2902,284361,17,302235
26850,0.088486,172.31.36.0-255,66,284427,17,302235
26851,0.091826,74.125.200.0-255,2902,287329,17,302235
26852,0.091831,172.31.36.0-255,66,287395,17,302235
26853,0.091863,74.125.200.0-255,2902,290297,17,302235
26854,0.091866,172.31.36.0-255,66,290363,17,302235
26855,0.095309,74.125.200.0-255,2902,293265,17,302235
26856,0.095313,172.31.36.0-255,66,293331,17,302235
26857,0.095347,74.125.200.0-255,2902,296233,17,302235
26858,0.09535,172.31.36.0-255,66,296299,17,302235
26859,0.099055,74.125.200.0-255,2902,299201,17,302235
26860,0.099061,172.31.36.0-255,66,299267,17,302235
26861,0.099098,74.125.200.0-255,2902,302169,17,302235
26862,0.099101,172.31.36.0-255,66,302235,17,302235
26863,0.0,74.125.24.0-255,153,153,17,353366
26864,3.2e-05,172.31.36.0-255,66,219,17,353366
26865,3.8e-05,74.125.24.0-255,1484,1703,17,353366
26866,4.2e-05,172.31.36.0-255,66,1769,17,353366
26867,4.6e-05,74.125.24.0-255,2902,4671,17,353366
26868,4.8e-05,172.31.36.0-255,66,4737,17,353366
26869,5.6e-05,74.125.24.0-255,7156,11893,17,353366
26870,5.8e-05,172.31.36.0-255,66,11959,17,353366
26871,7.9e-05,74.125.24.0-255,2005,13964,17,353366
26872,8.1e-05,172.31.36.0-255,66,14030,17,353366
26873,0.000127,74.125.24.0-255,1484,15514,17,353366
26874,0.000131,172.31.36.0-255,66,15580,17,353366
26875,0.000142,74.125.24.0-255,2902,18482,17,353366
26876,0.000145,172.31.36.0-255,66,18548,17,353366
26877,0.000166,74.125.24.0-255,2902,21450,17,353366
26878,0.000169,172.31.36.0-255,66,21516,17,353366
26879,0.00018,74.125.24.0-255,2902,24418,17,353366
26880,0.000182,172.31.36.0-255,66,24484,17,353366
26881,0.000214,74.125.24.0-255,2902,27386,17,353366
26882,0.000217,172.31.36.0-255,66,27452,17,353366
26883,0.000234,74.125.24.0-255,3961,31413,17,353366
26884,0.000237,172.31.36.0-255,66,31479,17,353366
26885,0.000322,74.125.24.0-255,1484,32963,17,353366
26886,0.000326,172.31.36.0-255,66,33029,17,353366
26887,0.00033,74.125.24.0-255,2902,35931,17,353366
26888,0.000332,172.31.36.0-255,66,35997,17,353366
26889,0.000359,74.125.24.0-255,5738,41735,17,353366
26890,0.000362,172.31.36.0-255,66,41801,17,353366
26891,0.000382,74.125.24.0-255,5738,47539,17,353366
26892,0.000388,172.31.36.0-255,66,47605,17,353366
26893,0.000395,74.125.24.0-255,1125,48730,17,353366
26894,0.000397,172.31.36.0-255,66,48796,17,353366
26895,0.000403,74.125.24.0-255,5738,54534,17,353366
26896,0.000407,172.31.36.0-255,66,54600,17,353366
26897,0.000417,74.125.24.0-255,1484,56084,17,353366
26898,0.000424,74.125.24.0-255,5738,61822,17,353366
26899,0.000426,172.31.36.0-255,66,61888,17,353366
26900,0.000447,74.125.24.0-255,2902,64790,17,353366
26901,0.00045,172.31.36.0-255,66,64856,17,353366
26902,0.000481,74.125.24.0-255,1437,66293,17,353366
26903,0.000526,74.125.24.0-255,108,66401,17,353366
26904,0.000636,74.125.24.0-255,1484,67885,17,353366
26905,0.000639,172.31.36.0-255,66,67951,17,353366
26906,0.000642,74.125.24.0-255,1484,69435,17,353366
26907,0.000657,74.125.24.0-255,1484,70919,17,353366
26908,0.00066,74.125.24.0-255,1484,72403,17,353366
26909,0.00066,172.31.36.0-255,66,72469,17,353366
26910,0.000683,74.125.24.0-255,4320,76789,17,353366
26911,0.000686,172.31.36.0-255,66,76855,17,353366
26912,0.000691,74.125.24.0-255,5738,82593,17,353366
26913,0.000693,172.31.36.0-255,66,82659,17,353366
26914,0.000721,74.125.24.0-255,1125,83784,17,353366
26915,0.000724,74.125.24.0-255,1484,85268,17,353366
26916,0.000727,172.31.36.0-255,66,85334,17,353366
26917,0.000745,74.125.24.0-255,4320,89654,17,353366
26918,0.000747,172.31.36.0-255,66,89720,17,353366
26919,0.000764,74.125.24.0-255,2902,92622,17,353366
26920,0.000766,172.31.36.0-255,66,92688,17,353366
26921,0.000787,74.125.24.0-255,7156,99844,17,353366
26922,0.000789,172.31.36.0-255,66,99910,17,353366
26923,0.000792,74.125.24.0-255,1392,101302,17,353366
26924,0.000935,172.31.36.0-255,66,101368,17,353366
26925,0.002087,74.125.24.0-255,1484,102852,17,353366
26926,0.002097,74.125.24.0-255,2902,105754,17,353366
26927,0.002101,172.31.36.0-255,66,105820,17,353366
26928,0.002124,74.125.24.0-255,5738,111558,17,353366
26929,0.002126,172.31.36.0-255,66,111624,17,353366
26930,0.002139,74.125.24.0-255,4320,115944,17,353366
26931,0.002141,172.31.36.0-255,66,116010,17,353366
26932,0.00217,172.31.36.0-255,66,116076,17,353366
26933,0.002201,74.125.24.0-255,1484,117560,17,353366
26934,0.002227,172.31.36.0-255,66,117626,17,353366
26935,0.004552,74.125.24.0-255,4320,121946,17,353366
26936,0.004556,172.31.36.0-255,66,122012,17,353366
26937,0.004571,74.125.24.0-255,1484,123496,17,353366
26938,0.006859,74.125.24.0-255,4320,127816,17,353366
26939,0.006865,172.31.36.0-255,66,127882,17,353366
26940,0.009195,74.125.24.0-255,5738,133620,17,353366
26941,0.009202,172.31.36.0-255,66,133686,17,353366
26942,0.011505,74.125.24.0-255,5738,139424,17,353366
26943,0.011511,172.31.36.0-255,66,139490,17,353366
26944,0.013822,74.125.24.0-255,5738,145228,17,353366
26945,0.013828,172.31.36.0-255,66,145294,17,353366
26946,0.016168,74.125.24.0-255,5738,151032,17,353366
26947,0.016179,172.31.36.0-255,66,151098,17,353366
26948,0.018501,74.125.24.0-255,5738,156836,17,353366
26949,0.018508,172.31.36.0-255,66,156902,17,353366
26950,0.020829,74.125.24.0-255,5738,162640,17,353366
26951,0.020836,172.31.36.0-255,66,162706,17,353366
26952,0.02315,74.125.24.0-255,5738,168444,17,353366
26953,0.023159,172.31.36.0-255,66,168510,17,353366
26954,0.02546,74.125.24.0-255,5738,174248,17,353366
26955,0.025468,172.31.36.0-255,66,174314,17,353366
26956,0.027782,74.125.24.0-255,5738,180052,17,353366
26957,0.027789,172.31.36.0-255,66,180118,17,353366
26958,0.028009,172.31.36.0-255,172,180290,17,353366
26959,0.028039,172.31.36.0-255,1116,181406,17,353366
26960,0.028078,172.31.36.0-255,1514,182920,17,353366
26961,0.02808,172.31.36.0-255,1272,184192,17,353366
26962,0.029591,104.244.42.0-255,66,184258,17,353366
26963,0.029598,104.244.42.0-255,66,184324,17,353366
26964,0.029628,104.244.42.0-255,66,184390,17,353366
26965,0.030096,74.125.24.0-255,4320,188710,17,353366
26966,0.030101,172.31.36.0-255,66,188776,17,353366
26967,0.030132,74.125.24.0-255,1484,190260,17,353366
26968,0.03243,74.125.24.0-255,4320,194580,17,353366
26969,0.032437,172.31.36.0-255,66,194646,17,353366
26970,0.034802,74.125.24.0-255,5738,200384,17,353366
26971,0.034809,172.31.36.0-255,66,200450,17,353366
26972,0.037147,74.125.24.0-255,5738,206188,17,353366
26973,0.037154,172.31.36.0-255,66,206254,17,353366
26974,0.039498,74.125.24.0-255,5738,211992,17,353366
26975,0.039504,172.31.36.0-255,66,212058,17,353366
26976,0.041837,74.125.24.0-255,5738,217796,17,353366
26977,0.041844,172.31.36.0-255,66,217862,17,353366
26978,0.044181,74.125.24.0-255,5738,223600,17,353366
26979,0.044187,172.31.36.0-255,66,223666,17,353366
26980,0.046516,74.125.24.0-255,5738,229404,17,353366
26981,0.046522,172.31.36.0-255,66,229470,17,353366
26982,0.048856,74.125.24.0-255,4320,233790,17,353366
26983,0.048863,172.31.36.0-255,66,233856,17,353366
26984,0.048878,74.125.24.0-255,1484,235340,17,353366
26985,0.051169,74.125.24.0-255,4320,239660,17,353366
26986,0.051175,172.31.36.0-255,66,239726,17,353366
26987,0.053484,74.125.24.0-255,5738,245464,17,353366
26988,0.05349,172.31.36.0-255,66,245530,17,353366
26989,0.055805,74.125.24.0-255,4320,249850,17,353366
26990,0.055811,172.31.36.0-255,66,249916,17,353366
26991,0.055841,74.125.24.0-255,1484,251400,17,353366
26992,0.058145,74.125.24.0-255,4320,255720,17,353366
26993,0.05815,172.31.36.0-255,66,255786,17,353366
26994,0.060476,74.125.24.0-255,5738,261524,17,353366
26995,0.060481,172.31.36.0-255,66,261590,17,353366
26996,0.062803,74.125.24.0-255,2902,264492,17,353366
26997,0.062809,172.31.36.0-255,66,264558,17,353366
26998,0.062837,74.125.24.0-255,2902,267460,17,353366
26999,0.06284,172.31.36.0-255,66,267526,17,353366
27000,0.065127,74.125.24.0-255,2902,270428,17,353366
27001,0.065133,172.31.36.0-255,66,270494,17,353366
27002,0.065163,74.125.24.0-255,2902,273396,17,353366
27003,0.065166,172.31.36.0-255,66,273462,17,353366
27004,0.067482,74.125.24.0-255,5738,279200,17,353366
27005,0.067488,172.31.36.0-255,66,279266,17,353366
27006,0.069815,74.125.24.0-255,5738,285004,17,353366
27007,0.069821,172.31.36.0-255,66,285070,17,353366
27008,0.072109,74.125.24.0-255,5738,290808,17,353366
27009,0.072114,172.31.36.0-255,66,290874,17,353366
27010,0.074435,74.125.24.0-255,5738,296612,17,353366
27011,0.07444,172.31.36.0-255,66,296678,17,353366
27012,0.076795,74.125.24.0-255,5738,302416,17,353366
27013,0.0768,172.31.36.0-255,66,302482,17,353366
27014,0.079125,74.125.24.0-255,5738,308220,17,353366
27015,0.079131,172.31.36.0-255,66,308286,17,353366
27016,0.081472,74.125.24.0-255,5738,314024,17,353366
27017,0.081478,172.31.36.0-255,66,314090,17,353366
27018,0.083803,74.125.24.0-255,5738,319828,17,353366
27019,0.08381,172.31.36.0-255,66,319894,17,353366
27020,0.086137,74.125.24.0-255,5738,325632,17,353366
27021,0.086142,172.31.36.0-255,66,325698,17,353366
27022,0.088478,74.125.24.0-255,4320,330018,17,353366
27023,0.088483,172.31.36.0-255,66,330084,17,353366
27024,0.088514,74.125.24.0-255,1484,331568,17,353366
27025,0.090802,74.125.24.0-255,4320,335888,17,353366
27026,0.090809,172.31.36.0-255,66,335954,17,353366
27027,0.093147,74.125.24.0-255,5738,341692,17,353366
27028,0.093154,172.31.36.0-255,66,341758,17,353366
27029,0.095448,74.125.24.0-255,5738,347496,17,353366
27030,0.095455,172.31.36.0-255,66,347562,17,353366
27031,0.097809,74.125.24.0-255,5738,353300,17,353366
27032,0.097815,172.31.36.0-255,66,353366,17,353366
27033,0.0,172.217.194.0-255,97,97,17,392
27034,1e-05,172.31.36.0-255,66,163,17,392
27035,0.003938,172.217.194.0-255,66,229,17,392
27036,0.011629,172.31.36.0-255,97,326,17,392
27037,0.013635,172.217.194.0-255,66,392,17,392
27038,0.0,172.217.194.0-255,153,153,17,218026
27039,2.5e-05,172.31.36.0-255,66,219,17,218026
27040,3.1e-05,172.217.194.0-255,1484,1703,17,218026
27041,3.5e-05,172.31.36.0-255,66,1769,17,218026
27042,4e-05,172.217.194.0-255,2902,4671,17,218026
27043,4.7e-05,172.31.36.0-255,66,4737,17,218026
27044,5.3e-05,172.217.194.0-255,4320,9057,17,218026
27045,5.6e-05,172.31.36.0-255,66,9123,17,218026
27046,8.7e-05,172.217.194.0-255,2902,12025,17,218026
27047,9e-05,172.31.36.0-255,66,12091,17,218026
27048,9.6e-05,172.217.194.0-255,2105,14196,17,218026
27049,9.9e-05,172.31.36.0-255,66,14262,17,218026
27050,0.000129,172.217.194.0-255,2902,17164,17,218026
27051,0.000132,172.31.36.0-255,66,17230,17,218026
27052,0.000138,172.217.194.0-255,4320,21550,17,218026
27053,0.00014,172.31.36.0-255,66,21616,17,218026
27054,0.000144,172.217.194.0-255,2902,24518,17,218026
27055,0.000152,172.31.36.0-255,66,24584,17,218026
27056,0.000189,172.217.194.0-255,5738,30322,17,218026
27057,0.000193,172.31.36.0-255,66,30388,17,218026
27058,0.000197,172.217.194.0-255,1125,31513,17,218026
27059,0.000199,172.31.36.0-255,66,31579,17,218026
27060,0.000274,172.217.194.0-255,1484,33063,17,218026
27061,0.000278,172.31.36.0-255,66,33129,17,218026
27062,0.000282,172.217.194.0-255,1484,34613,17,218026
27063,0.000284,172.31.36.0-255,66,34679,17,218026
27064,0.0003,172.217.194.0-255,1484,36163,17,218026
27065,0.000303,172.31.36.0-255,66,36229,17,218026
27066,0.00031,172.217.194.0-255,5738,41967,17,218026
27067,0.000313,172.31.36.0-255,66,42033,17,218026
27068,0.000335,172.217.194.0-255,1484,43517,17,218026
27069,0.000338,172.31.36.0-255,66,43583,17,218026
27070,0.000369,172.217.194.0-255,5379,48962,17,218026
27071,0.000372,172.31.36.0-255,66,49028,17,218026
27072,0.000379,172.217.194.0-255,7156,56184,17,218026
27073,0.000381,172.31.36.0-255,66,56250,17,218026
27074,0.000386,172.217.194.0-255,4320,60570,17,218026
27075,0.000396,172.31.36.0-255,66,60636,17,218026
27076,0.000411,172.217.194.0-255,5655,66291,17,218026
27077,0.000414,172.31.36.0-255,66,66357,17,218026
27078,0.000423,172.217.194.0-255,116,66473,17,218026
27079,0.000427,172.217.194.0-255,381,66854,17,218026
27080,0.000771,172.31.36.0-255,66,66920,17,218026
27081,0.000836,172.217.194.0-255,1484,68404,17,218026
27082,0.000862,172.217.194.0-255,2902,71306,17,218026
27083,0.000867,172.31.36.0-255,66,71372,17,218026
27084,0.000871,172.217.194.0-255,1484,72856,17,218026
27085,0.000894,172.217.194.0-255,4320,77176,17,218026
27086,0.000897,172.31.36.0-255,66,77242,17,218026
27087,0.000904,172.217.194.0-255,5738,82980,17,218026
27088,0.000906,172.31.36.0-255,66,83046,17,218026
27089,0.000938,172.31.36.0-255,66,83112,17,218026
27090,0.000945,172.217.194.0-255,5020,88132,17,218026
27091,0.000947,172.31.36.0-255,66,88198,17,218026
27092,0.001536,172.217.194.0-255,1484,89682,17,218026
27093,0.001543,172.217.194.0-255,2902,92584,17,218026
27094,0.001547,172.31.36.0-255,66,92650,17,218026
27095,0.001577,172.217.194.0-255,5738,98388,17,218026
27096,0.001579,172.31.36.0-255,66,98454,17,218026
27097,0.001595,172.31.36.0-255,66,98520,17,218026
27098,0.001663,172.31.36.0-255,66,98586,17,218026
27099,0.001896,172.217.194.0-255,1484,100070,17,218026
27100,0.001909,172.217.194.0-255,2902,102972,17,218026
27101,0.001912,172.31.36.0-255,66,103038,17,218026
27102,0.001918,172.217.194.0-255,4320,107358,17,218026
27103,0.00192,172.31.36.0-255,66,107424,17,218026
27104,0.001937,172.217.194.0-255,1484,108908,17,218026
27105,0.001944,172.217.194.0-255,5738,114646,17,218026
27106,0.001947,172.31.36.0-255,66,114712,17,218026
27107,0.001978,172.217.194.0-255,7156,121868,17,218026
27108,0.001981,172.31.36.0-255,66,121934,17,218026
27109,0.001996,172.31.36.0-255,66,122000,17,218026
27110,0.002901,172.217.194.0-255,1484,123484,17,218026
27111,0.002904,172.217.194.0-255,1484,124968,17,218026
27112,0.002906,172.31.36.0-255,66,125034,17,218026
27113,0.002928,172.217.194.0-255,1484,126518,17,218026
27114,0.002934,172.217.194.0-255,5738,132256,17,218026
27115,0.002936,172.31.36.0-255,66,132322,17,218026
27116,0.002962,172.217.194.0-255,7156,139478,17,218026
27117,0.002964,172.31.36.0-255,66,139544,17,218026
27118,0.003,172.217.194.0-255,5738,145282,17,218026
27119,0.003002,172.31.36.0-255,66,145348,17,218026
27120,0.003019,172.31.36.0-255,66,145414,17,218026
27121,0.00324,172.217.194.0-255,1484,146898,17,218026
27122,0.003244,172.217.194.0-255,2902,149800,17,218026
27123,0.003246,172.31.36.0-255,66,149866,17,218026
27124,0.003272,172.217.194.0-255,2902,152768,17,218026
27125,0.003275,172.31.36.0-255,66,152834,17,218026
27126,0.003277,172.217.194.0-255,1484,154318,17,218026
27127,0.003302,172.217.194.0-255,7156,161474,17,218026
27128,0.003304,172.31.36.0-255,66,161540,17,218026
27129,0.003315,172.31.36.0-255,66,161606,17,218026
27130,0.003349,172.31.36.0-255,66,161672,17,218026
27131,0.003372,172.217.194.0-255,1484,163156,17,218026
27132,0.003383,172.217.194.0-255,2902,166058,17,218026
27133,0.003386,172.31.36.0-255,66,166124,17,218026
27134,0.003413,172.217.194.0-255,5738,171862,17,218026
27135,0.003415,172.31.36.0-255,66,171928,17,218026
27136,0.003427,172.217.194.0-255,2902,174830,17,218026
27137,0.003434,172.31.36.0-255,66,174896,17,218026
27138,0.003478,172.217.194.0-255,4320,179216,17,218026
27139,0.003481,172.31.36.0-255,66,179282,17,218026
27140,0.003492,172.31.36.0-255,66,179348,17,218026
27141,0.003511,172.31.36.0-255,66,179414,17,218026
27142,0.003517,172.217.194.0-255,5738,185152,17,218026
27143,0.003519,172.31.36.0-255,66,185218,17,218026
27144,0.00356,172.31.36.0-255,66,185284,17,218026
27145,0.003571,172.31.36.0-255,66,185350,17,218026
27146,0.003596,172.217.194.0-255,5020,190370,17,218026
27147,0.0036,172.31.36.0-255,66,190436,17,218026
27148,0.004139,172.217.194.0-255,1484,191920,17,218026
27149,0.004157,172.217.194.0-255,2902,194822,17,218026
27150,0.00416,172.217.194.0-255,1484,196306,17,218026
27151,0.004163,172.31.36.0-255,66,196372,17,218026
27152,0.004183,172.217.194.0-255,4320,200692,17,218026
27153,0.004186,172.31.36.0-255,66,200758,17,218026
27154,0.004193,172.217.194.0-255,5738,206496,17,218026
27155,0.004195,172.31.36.0-255,66,206562,17,218026
27156,0.004236,172.31.36.0-255,66,206628,17,218026
27157,0.004259,172.217.194.0-255,1484,208112,17,218026
27158,0.004265,172.217.194.0-255,2902,211014,17,218026
27159,0.004267,172.31.36.0-255,66,211080,17,218026
27160,0.004302,172.31.36.0-255,66,211146,17,218026
27161,0.004323,172.31.36.0-255,66,211212,17,218026
27162,0.004358,172.31.36.0-255,66,211278,17,218026
27163,0.004393,172.31.36.0-255,66,211344,17,218026
27164,0.00441,172.31.36.0-255,66,211410,17,218026
27165,0.004416,172.31.36.0-255,66,211476,17,218026
27166,0.004453,172.217.194.0-255,1870,213346,17,218026
27167,0.004456,172.31.36.0-255,66,213412,17,218026
27168,0.00446,172.217.194.0-255,105,213517,17,218026
27169,0.006501,172.31.36.0-255,66,213583,17,218026
27170,0.006528,172.31.36.0-255,105,213688,17,218026
27171,0.008991,172.217.194.0-255,66,213754,17,218026
27172,0.031405,172.31.36.0-255,172,213926,17,218026
27173,0.031436,172.31.36.0-255,1117,215043,17,218026
27174,0.031473,172.31.36.0-255,1514,216557,17,218026
27175,0.031475,172.31.36.0-255,1271,217828,17,218026
27176,0.032997,104.244.42.0-255,66,217894,17,218026
27177,0.033006,104.244.42.0-255,66,217960,17,218026
27178,0.033046,104.244.42.0-255,66,218026,17,218026
27179,0.0,74.125.24.0-255,154,154,17,342440
27180,1.2e-05,172.31.36.0-255,66,220,17,342440
27181,1.7e-05,74.125.24.0-255,1484,1704,17,342440
27182,2.1e-05,172.31.36.0-255,66,1770,17,342440
27183,2.5e-05,74.125.24.0-255,2902,4672,17,342440
27184,2.8e-05,172.31.36.0-255,66,4738,17,342440
27185,6.8e-05,74.125.24.0-255,5738,10476,17,342440
27186,7.3e-05,172.31.36.0-255,66,10542,17,342440
27187,0.000104,74.125.24.0-255,6357,16899,17,342440
27188,0.000108,172.31.36.0-255,66,16965,17,342440
27189,0.000113,74.125.24.0-255,4320,21285,17,342440
27190,0.000115,172.31.36.0-255,66,21351,17,342440
27191,0.000164,74.125.24.0-255,5738,27089,17,342440
27192,0.000168,172.31.36.0-255,66,27155,17,342440
27193,0.0002,74.125.24.0-255,3961,31116,17,342440
27194,0.000204,172.31.36.0-255,66,31182,17,342440
27195,0.000295,74.125.24.0-255,1484,32666,17,342440
27196,0.0003,172.31.36.0-255,66,32732,17,342440
27197,0.000307,74.125.24.0-255,2902,35634,17,342440
27198,0.000309,172.31.36.0-255,66,35700,17,342440
27199,0.000319,74.125.24.0-255,2902,38602,17,342440
27200,0.000322,172.31.36.0-255,66,38668,17,342440
27201,0.000327,74.125.24.0-255,4320,42988,17,342440
27202,0.00033,172.31.36.0-255,66,43054,17,342440
27203,0.000381,172.31.36.0-255,66,43120,17,342440
27204,0.000388,74.125.24.0-255,7156,50276,17,342440
27205,0.000391,172.31.36.0-255,66,50342,17,342440
27206,0.000409,74.125.24.0-255,2902,53244,17,342440
27207,0.000417,172.31.36.0-255,66,53310,17,342440
27208,0.00044,74.125.24.0-255,2818,56128,17,342440
27209,0.000444,172.31.36.0-255,66,56194,17,342440
27210,0.000489,74.125.24.0-255,379,56573,17,342440
27211,0.000543,74.125.24.0-255,1484,58057,17,342440
27212,0.000548,172.31.36.0-255,66,58123,17,342440
27213,0.000555,74.125.24.0-255,4320,62443,17,342440
27214,0.000558,172.31.36.0-255,66,62509,17,342440
27215,0.000591,74.125.24.0-255,7156,69665,17,342440
27216,0.000595,172.31.36.0-255,66,69731,17,342440
27217,0.000633,172.31.36.0-255,66,69797,17,342440
27218,0.000657,74.125.24.0-255,1125,70922,17,342440
27219,0.000689,172.31.36.0-255,66,70988,17,342440
27220,0.000745,74.125.24.0-255,1484,72472,17,342440
27221,0.00079,74.125.24.0-255,2902,75374,17,342440
27222,0.000796,172.31.36.0-255,66,75440,17,342440
27223,0.000802,74.125.24.0-255,5738,81178,17,342440
27224,0.000805,172.31.36.0-255,66,81244,17,342440
27225,0.000823,172.31.36.0-255,66,81310,17,342440
27226,0.00087,172.31.36.0-255,66,81376,17,342440
27227,0.000874,74.125.24.0-255,1484,82860,17,342440
27228,0.000892,74.125.24.0-255,2902,85762,17,342440
27229,0.000894,172.31.36.0-255,66,85828,17,342440
27230,0.0009,74.125.24.0-255,5738,91566,17,342440
27231,0.000903,172.31.36.0-255,66,91632,17,342440
27232,0.000928,74.125.24.0-255,7156,98788,17,342440
27233,0.000932,172.31.36.0-255,66,98854,17,342440
27234,0.000961,74.125.24.0-255,5738,104592,17,342440
27235,0.000964,172.31.36.0-255,66,104658,17,342440
27236,0.000975,172.31.36.0-255,66,104724,17,342440
27237,0.001004,74.125.24.0-255,2184,106908,17,342440
27238,0.001007,172.31.36.0-255,66,106974,17,342440
27239,0.001195,74.125.24.0-255,1484,108458,17,342440
27240,0.001202,74.125.24.0-255,2902,111360,17,342440
27241,0.001206,172.31.36.0-255,66,111426,17,342440
27242,0.001212,74.125.24.0-255,2902,114328,17,342440
27243,0.001214,172.31.36.0-255,66,114394,17,342440
27244,0.001235,74.125.24.0-255,2902,117296,17,342440
27245,0.001238,172.31.36.0-255,66,117362,17,342440
27246,0.001244,74.125.24.0-255,4320,121682,17,342440
27247,0.001246,172.31.36.0-255,66,121748,17,342440
27248,0.001305,172.31.36.0-255,66,121814,17,342440
27249,0.001314,172.31.36.0-255,66,121880,17,342440
27250,0.003596,74.125.24.0-255,5738,127618,17,342440
27251,0.003611,172.31.36.0-255,66,127684,17,342440
27252,0.005897,74.125.24.0-255,5738,133422,17,342440
27253,0.005902,172.31.36.0-255,66,133488,17,342440
27254,0.008185,74.125.24.0-255,5738,139226,17,342440
27255,0.008198,172.31.36.0-255,66,139292,17,342440
27256,0.010493,74.125.24.0-255,5738,145030,17,342440
27257,0.010507,172.31.36.0-255,66,145096,17,342440
27258,0.012827,74.125.24.0-255,5738,150834,17,342440
27259,0.012846,172.31.36.0-255,66,150900,17,342440
27260,0.015144,74.125.24.0-255,5738,156638,17,342440
27261,0.015161,172.31.36.0-255,66,156704,17,342440
27262,0.017437,74.125.24.0-255,5738,162442,17,342440
27263,0.017451,172.31.36.0-255,66,162508,17,342440
27264,0.019734,74.125.24.0-255,5738,168246,17,342440
27265,0.019747,172.31.36.0-255,66,168312,17,342440
27266,0.022047,74.125.24.0-255,5738,174050,17,342440
27267,0.022061,172.31.36.0-255,66,174116,17,342440
27268,0.024332,74.125.24.0-255,5738,179854,17,342440
27269,0.02435,172.31.36.0-255,66,179920,17,342440
27270,0.026677,74.125.24.0-255,5738,185658,17,342440
27271,0.026692,172.31.36.0-255,66,185724,17,342440
27272,0.028981,74.125.24.0-255,5738,191462,17,342440
27273,0.028999,172.31.36.0-255,66,191528,17,342440
27274,0.031277,74.125.24.0-255,5738,197266,17,342440
27275,0.031295,172.31.36.0-255,66,197332,17,342440
27276,0.033576,74.125.24.0-255,5738,203070,17,342440
27277,0.033595,172.31.36.0-255,66,203136,17,342440
27278,0.03591,74.125.24.0-255,5738,208874,17,342440
27279,0.035926,172.31.36.0-255,66,208940,17,342440
27280,0.038206,74.125.24.0-255,5738,214678,17,342440
27281,0.038225,172.31.36.0-255,66,214744,17,342440
27282,0.040505,74.125.24.0-255,5738,220482,17,342440
27283,0.040529,172.31.36.0-255,66,220548,17,342440
27284,0.041527,172.31.36.0-255,172,220720,17,342440
27285,0.041566,172.31.36.0-255,1117,221837,17,342440
27286,0.041643,172.31.36.0-255,1514,223351,17,342440
27287,0.041645,172.31.36.0-255,1271,224622,17,342440
27288,0.042833,74.125.24.0-255,5738,230360,17,342440
27289,0.042845,172.31.36.0-255,66,230426,17,342440
27290,0.043074,104.244.42.0-255,66,230492,17,342440
27291,0.043143,104.244.42.0-255,66,230558,17,342440
27292,0.043278,104.244.42.0-255,66,230624,17,342440
27293,0.045128,74.125.24.0-255,5738,236362,17,342440
27294,0.045142,172.31.36.0-255,66,236428,17,342440
27295,0.04743,74.125.24.0-255,5738,242166,17,342440
27296,0.047445,172.31.36.0-255,66,242232,17,342440
27297,0.04975,74.125.24.0-255,5738,247970,17,342440
27298,0.049765,172.31.36.0-255,66,248036,17,342440
27299,0.052052,74.125.24.0-255,5738,253774,17,342440
27300,0.052067,172.31.36.0-255,66,253840,17,342440
27301,0.054343,74.125.24.0-255,5738,259578,17,342440
27302,0.054359,172.31.36.0-255,66,259644,17,342440
27303,0.056655,74.125.24.0-255,5738,265382,17,342440
27304,0.056674,172.31.36.0-255,66,265448,17,342440
27305,0.058946,74.125.24.0-255,5738,271186,17,342440
27306,0.058957,172.31.36.0-255,66,271252,17,342440
27307,0.061248,74.125.24.0-255,5738,276990,17,342440
27308,0.06126,172.31.36.0-255,66,277056,17,342440
27309,0.063572,74.125.24.0-255,5738,282794,17,342440
27310,0.063588,172.31.36.0-255,66,282860,17,342440
27311,0.065892,74.125.24.0-255,5738,288598,17,342440
27312,0.065904,172.31.36.0-255,66,288664,17,342440
27313,0.068184,74.125.24.0-255,5738,294402,17,342440
27314,0.0682,172.31.36.0-255,66,294468,17,342440
27315,0.070518,74.125.24.0-255,5738,300206,17,342440
27316,0.070534,172.31.36.0-255,66,300272,17,342440
27317,0.072811,74.125.24.0-255,5738,306010,17,342440
27318,0.072826,172.31.36.0-255,66,306076,17,342440
27319,0.075112,74.125.24.0-255,5738,311814,17,342440
27320,0.075126,172.31.36.0-255,66,311880,17,342440
27321,0.077418,74.125.24.0-255,5738,317618,17,342440
27322,0.077435,172.31.36.0-255,66,317684,17,342440
27323,0.079754,74.125.24.0-255,5738,323422,17,342440
27324,0.079762,172.31.36.0-255,66,323488,17,342440
27325,0.082054,74.125.24.0-255,5738,329226,17,342440
27326,0.082061,172.31.36.0-255,66,329292,17,342440
27327,0.084371,74.125.24.0-255,5738,335030,17,342440
27328,0.084385,172.31.36.0-255,66,335096,17,342440
27329,0.086655,74.125.24.0-255,5738,340834,17,342440
27330,0.086671,172.31.36.0-255,66,340900,17,342440
27331,0.088933,74.125.24.0-255,1303,342203,17,342440
27332,0.089166,172.31.36.0-255,66,342269,17,342440
27333,0.089213,172.31.36.0-255,105,342374,17,342440
27334,0.091441,74.125.24.0-255,66,342440,17,342440
27335,0.0,74.125.24.0-255,152,152,17,282183
27336,2.3e-05,172.31.36.0-255,66,218,17,282183
27337,2.9e-05,74.125.24.0-255,1484,1702,17,282183
27338,3.3e-05,172.31.36.0-255,66,1768,17,282183
27339,3.8e-05,74.125.24.0-255,2902,4670,17,282183
27340,4.8e-05,172.31.36.0-255,66,4736,17,282183
27341,5.4e-05,74.125.24.0-255,2902,7638,17,282183
27342,5.7e-05,172.31.36.0-255,66,7704,17,282183
27343,6.3e-05,74.125.24.0-255,4320,12024,17,282183
27344,6.6e-05,172.31.36.0-255,66,12090,17,282183
27345,0.000101,74.125.24.0-255,6308,18398,17,282183
27346,0.000104,172.31.36.0-255,66,18464,17,282183
27347,0.000111,74.125.24.0-255,7156,25620,17,282183
27348,0.000113,172.31.36.0-255,66,25686,17,282183
27349,0.000138,74.125.24.0-255,5379,31065,17,282183
27350,0.00014,172.31.36.0-255,66,31131,17,282183
27351,0.000171,74.125.24.0-255,5738,36869,17,282183
27352,0.000173,172.31.36.0-255,66,36935,17,282183
27353,0.000177,74.125.24.0-255,2902,39837,17,282183
27354,0.000179,172.31.36.0-255,66,39903,17,282183
27355,0.000213,74.125.24.0-255,4320,44223,17,282183
27356,0.000215,172.31.36.0-255,66,44289,17,282183
27357,0.00022,74.125.24.0-255,2902,47191,17,282183
27358,0.000221,172.31.36.0-255,66,47257,17,282183
27359,0.000261,74.125.24.0-255,1125,48382,17,282183
27360,0.000264,172.31.36.0-255,66,48448,17,282183
27361,0.000315,74.125.24.0-255,1484,49932,17,282183
27362,0.000318,172.31.36.0-255,66,49998,17,282183
27363,0.000343,74.125.24.0-255,1484,51482,17,282183
27364,0.000346,172.31.36.0-255,66,51548,17,282183
27365,0.00035,74.125.24.0-255,2902,54450,17,282183
27366,0.000352,172.31.36.0-255,66,54516,17,282183
27367,0.000378,74.125.24.0-255,5738,60254,17,282183
27368,0.000381,172.31.36.0-255,66,60320,17,282183
27369,0.000403,74.125.24.0-255,1484,61804,17,282183
27370,0.000418,74.125.24.0-255,2902,64706,17,282183
27371,0.00042,172.31.36.0-255,66,64772,17,282183
27372,0.000466,74.125.24.0-255,1125,65897,17,282183
27373,0.000596,74.125.24.0-255,1484,67381,17,282183
27374,0.0006,172.31.36.0-255,66,67447,17,282183
27375,0.000605,74.125.24.0-255,2902,70349,17,282183
27376,0.000608,172.31.36.0-255,66,70415,17,282183
27377,0.000628,74.125.24.0-255,5738,76153,17,282183
27378,0.000631,172.31.36.0-255,66,76219,17,282183
27379,0.000636,74.125.24.0-255,4320,80539,17,282183
27380,0.000638,172.31.36.0-255,66,80605,17,282183
27381,0.000663,74.125.24.0-255,5738,86343,17,282183
27382,0.000666,172.31.36.0-255,66,86409,17,282183
27383,0.000695,74.125.24.0-255,6797,93206,17,282183
27384,0.000698,172.31.36.0-255,66,93272,17,282183
27385,0.000704,74.125.24.0-255,6797,100069,17,282183
27386,0.000706,172.31.36.0-255,66,100135,17,282183
27387,0.000928,74.125.24.0-255,1484,101619,17,282183
27388,0.000933,74.125.24.0-255,2902,104521,17,282183
27389,0.000936,172.31.36.0-255,66,104587,17,282183
27390,0.000989,74.125.24.0-255,5738,110325,17,282183
27391,0.000991,172.31.36.0-255,66,110391,17,282183
27392,0.001003,172.31.36.0-255,66,110457,17,282183
27393,0.001013,74.125.24.0-255,7156,117613,17,282183
27394,0.001016,172.31.36.0-255,66,117679,17,282183
27395,0.001041,74.125.24.0-255,3602,121281,17,282183
27396,0.001043,172.31.36.0-255,66,121347,17,282183
27397,0.00149,74.125.24.0-255,1484,122831,17,282183
27398,0.001496,74.125.24.0-255,2902,125733,17,282183
27399,0.001499,172.31.36.0-255,66,125799,17,282183
27400,0.001534,74.125.24.0-255,5738,131537,17,282183
27401,0.001536,172.31.36.0-255,66,131603,17,282183
27402,0.001543,74.125.24.0-255,5738,137341,17,282183
27403,0.001544,172.31.36.0-255,66,137407,17,282183
27404,0.00157,74.125.24.0-255,7156,144563,17,282183
27405,0.001572,172.31.36.0-255,66,144629,17,282183
27406,0.001578,74.125.24.0-255,4320,148949,17,282183
27407,0.00158,172.31.36.0-255,66,149015,17,282183
27408,0.001586,74.125.24.0-255,5738,154753,17,282183
27409,0.001587,172.31.36.0-255,66,154819,17,282183
27410,0.00159,74.125.24.0-255,766,155585,17,282183
27411,0.001739,74.125.24.0-255,1484,157069,17,282183
27412,0.001742,172.31.36.0-255,66,157135,17,282183
27413,0.00177,74.125.24.0-255,2902,160037,17,282183
27414,0.001773,172.31.36.0-255,66,160103,17,282183
27415,0.001778,74.125.24.0-255,5738,165841,17,282183
27416,0.00178,172.31.36.0-255,66,165907,17,282183
27417,0.001821,172.31.36.0-255,66,165973,17,282183
27418,0.001858,74.125.24.0-255,7156,173129,17,282183
27419,0.001861,172.31.36.0-255,66,173195,17,282183
27420,0.001885,74.125.24.0-255,3602,176797,17,282183
27421,0.001888,172.31.36.0-255,66,176863,17,282183
27422,0.001893,74.125.24.0-255,4320,181183,17,282183
27423,0.001895,172.31.36.0-255,66,181249,17,282183
27424,0.001923,74.125.24.0-255,7156,188405,17,282183
27425,0.001929,172.31.36.0-255,66,188471,17,282183
27426,0.001934,74.125.24.0-255,2902,191373,17,282183
27427,0.001935,172.31.36.0-255,66,191439,17,282183
27428,0.001975,172.31.36.0-255,66,191505,17,282183
27429,0.00198,74.125.24.0-255,3602,195107,17,282183
27430,0.001982,172.31.36.0-255,66,195173,17,282183
27431,0.002214,74.125.24.0-255,1484,196657,17,282183
27432,0.002219,74.125.24.0-255,1484,198141,17,282183
27433,0.002222,172.31.36.0-255,66,198207,17,282183
27434,0.002245,74.125.24.0-255,1484,199691,17,282183
27435,0.002265,74.125.24.0-255,5738,205429,17,282183
27436,0.002268,172.31.36.0-255,66,205495,17,282183
27437,0.002295,74.125.24.0-255,2902,208397,17,282183
27438,0.002298,172.31.36.0-255,66,208463,17,282183
27439,0.002333,74.125.24.0-255,4320,212783,17,282183
27440,0.002336,172.31.36.0-255,66,212849,17,282183
27441,0.002343,74.125.24.0-255,5738,218587,17,282183
27442,0.002346,172.31.36.0-255,66,218653,17,282183
27443,0.002384,172.31.36.0-255,66,218719,17,282183
27444,0.002531,74.125.24.0-255,1484,220203,17,282183
27445,0.002538,74.125.24.0-255,2902,223105,17,282183
27446,0.002541,172.31.36.0-255,66,223171,17,282183
27447,0.002547,74.125.24.0-255,5738,228909,17,282183
27448,0.00255,172.31.36.0-255,66,228975,17,282183
27449,0.002583,74.125.24.0-255,7156,236131,17,282183
27450,0.002586,172.31.36.0-255,66,236197,17,282183
27451,0.002622,74.125.24.0-255,7156,243353,17,282183
27452,0.002625,172.31.36.0-255,66,243419,17,282183
27453,0.002657,74.125.24.0-255,1484,244903,17,282183
27454,0.002671,172.31.36.0-255,66,244969,17,282183
27455,0.002684,172.31.36.0-255,66,245035,17,282183
27456,0.002703,172.31.36.0-255,66,245101,17,282183
27457,0.002736,74.125.24.0-255,5738,250839,17,282183
27458,0.002739,172.31.36.0-255,66,250905,17,282183
27459,0.002744,74.125.24.0-255,4320,255225,17,282183
27460,0.002747,172.31.36.0-255,66,255291,17,282183
27461,0.002794,172.31.36.0-255,66,255357,17,282183
27462,0.002801,74.125.24.0-255,5738,261095,17,282183
27463,0.002803,172.31.36.0-255,66,261161,17,282183
27464,0.00281,74.125.24.0-255,6438,267599,17,282183
27465,0.002813,172.31.36.0-255,66,267665,17,282183
27466,0.002816,74.125.24.0-255,1484,269149,17,282183
27467,0.002819,74.125.24.0-255,1484,270633,17,282183
27468,0.002821,172.31.36.0-255,66,270699,17,282183
27469,0.002869,172.31.36.0-255,66,270765,17,282183
27470,0.002872,74.125.24.0-255,1484,272249,17,282183
27471,0.002876,74.125.24.0-255,1484,273733,17,282183
27472,0.002878,172.31.36.0-255,66,273799,17,282183
27473,0.002927,172.31.36.0-255,66,273865,17,282183
27474,0.00293,74.125.24.0-255,766,274631,17,282183
27475,0.002946,172.31.36.0-255,66,274697,17,282183
27476,0.002975,74.125.24.0-255,105,274802,17,282183
27477,0.008731,172.31.36.0-255,66,274868,17,282183
27478,0.008772,172.31.36.0-255,105,274973,17,282183
27479,0.011333,74.125.24.0-255,66,275039,17,282183
27480,0.029637,172.31.36.0-255,172,275211,17,282183
27481,0.02967,172.31.36.0-255,1118,276329,17,282183
27482,0.029743,172.31.36.0-255,1514,277843,17,282183
27483,0.029745,172.31.36.0-255,1514,279357,17,282183
27484,0.02975,172.31.36.0-255,1514,280871,17,282183
27485,0.029751,172.31.36.0-255,1048,281919,17,282183
27486,0.031207,104.244.42.0-255,66,281985,17,282183
27487,0.031246,104.244.42.0-255,66,282051,17,282183
27488,0.031331,104.244.42.0-255,66,282117,17,282183
27489,0.031374,104.244.42.0-255,66,282183,17,282183
27490,0.0,172.217.194.0-255,152,152,17,334926
27491,2.1e-05,172.31.36.0-255,66,218,17,334926
27492,2.9e-05,172.217.194.0-255,1484,1702,17,334926
27493,3.3e-05,172.31.36.0-255,66,1768,17,334926
27494,3.8e-05,172.217.194.0-255,2902,4670,17,334926
27495,4e-05,172.31.36.0-255,66,4736,17,334926
27496,5.6e-05,172.217.194.0-255,7156,11892,17,334926
27497,5.8e-05,172.31.36.0-255,66,11958,17,334926
27498,7e-05,172.31.36.0-255,66,12024,17,334926
27499,0.000111,172.217.194.0-255,4320,16344,17,334926
27500,0.000114,172.31.36.0-255,66,16410,17,334926
27501,0.00014,172.217.194.0-255,3961,20371,17,334926
27502,0.000142,172.31.36.0-255,66,20437,17,334926
27503,0.000272,172.217.194.0-255,1484,21921,17,334926
27504,0.000277,172.31.36.0-255,66,21987,17,334926
27505,0.000281,172.217.194.0-255,1484,23471,17,334926
27506,0.000283,172.31.36.0-255,66,23537,17,334926
27507,0.000308,172.217.194.0-255,1484,25021,17,334926
27508,0.000311,172.31.36.0-255,66,25087,17,334926
27509,0.000314,172.217.194.0-255,1484,26571,17,334926
27510,0.000321,172.31.36.0-255,66,26637,17,334926
27511,0.000326,172.217.194.0-255,2902,29539,17,334926
27512,0.000328,172.31.36.0-255,66,29605,17,334926
27513,0.000335,172.217.194.0-255,5738,35343,17,334926
27514,0.000337,172.31.36.0-255,66,35409,17,334926
27515,0.000382,172.31.36.0-255,66,35475,17,334926
27516,0.000398,172.217.194.0-255,1484,36959,17,334926
27517,0.0004,172.31.36.0-255,66,37025,17,334926
27518,0.000437,172.217.194.0-255,7090,44115,17,334926
27519,0.00044,172.31.36.0-255,66,44181,17,334926
27520,0.000443,172.217.194.0-255,384,44565,17,334926
27521,0.000711,172.217.194.0-255,1484,46049,17,334926
27522,0.000716,172.31.36.0-255,66,46115,17,334926
27523,0.000722,172.217.194.0-255,2902,49017,17,334926
27524,0.000725,172.31.36.0-255,66,49083,17,334926
27525,0.000736,172.217.194.0-255,5738,54821,17,334926
27526,0.000738,172.31.36.0-255,66,54887,17,334926
27527,0.000785,172.217.194.0-255,1484,56371,17,334926
27528,0.000789,172.31.36.0-255,66,56437,17,334926
27529,0.000826,172.31.36.0-255,66,56503,17,334926
27530,0.001693,172.217.194.0-255,1484,57987,17,334926
27531,0.001702,172.217.194.0-255,2902,60889,17,334926
27532,0.001706,172.31.36.0-255,66,60955,17,334926
27533,0.001713,172.217.194.0-255,5738,66693,17,334926
27534,0.001714,172.31.36.0-255,66,66759,17,334926
27535,0.001738,172.31.36.0-255,66,66825,17,334926
27536,0.001766,172.217.194.0-255,4320,71145,17,334926
27537,0.001768,172.31.36.0-255,66,71211,17,334926
27538,0.001778,172.31.36.0-255,66,71277,17,334926
27539,0.001781,172.217.194.0-255,766,72043,17,334926
27540,0.002182,172.217.194.0-255,1484,73527,17,334926
27541,0.002188,172.31.36.0-255,66,73593,17,334926
27542,0.002195,172.217.194.0-255,2902,76495,17,334926
27543,0.002197,172.31.36.0-255,66,76561,17,334926
27544,0.002208,172.217.194.0-255,5738,82299,17,334926
27545,0.00221,172.31.36.0-255,66,82365,17,334926
27546,0.002217,172.217.194.0-255,7156,89521,17,334926
27547,0.002219,172.31.36.0-255,66,89587,17,334926
27548,0.002263,172.31.36.0-255,66,89653,17,334926
27549,0.002268,172.217.194.0-255,2184,91837,17,334926
27550,0.00227,172.31.36.0-255,66,91903,17,334926
27551,0.002274,172.217.194.0-255,2902,94805,17,334926
27552,0.00228,172.31.36.0-255,66,94871,17,334926
27553,0.002287,172.217.194.0-255,4320,99191,17,334926
27554,0.00229,172.31.36.0-255,66,99257,17,334926
27555,0.002302,172.217.194.0-255,2902,102159,17,334926
27556,0.002305,172.31.36.0-255,66,102225,17,334926
27557,0.002311,172.217.194.0-255,5738,107963,17,334926
27558,0.002314,172.31.36.0-255,66,108029,17,334926
27559,0.002357,172.31.36.0-255,66,108095,17,334926
27560,0.002386,172.217.194.0-255,1484,109579,17,334926
27561,0.002402,172.217.194.0-255,6438,116017,17,334926
27562,0.002405,172.31.36.0-255,66,116083,17,334926
27563,0.002432,172.217.194.0-255,1484,117567,17,334926
27564,0.002437,172.217.194.0-255,2902,120469,17,334926
27565,0.002439,172.31.36.0-255,66,120535,17,334926
27566,0.002444,172.217.194.0-255,2902,123437,17,334926
27567,0.002446,172.31.36.0-255,66,123503,17,334926
27568,0.004784,172.217.194.0-255,4320,127823,17,334926
27569,0.004789,172.31.36.0-255,66,127889,17,334926
27570,0.004812,172.217.194.0-255,1484,129373,17,334926
27571,0.007199,172.217.194.0-255,4320,133693,17,334926
27572,0.007202,172.31.36.0-255,66,133759,17,334926
27573,0.008034,172.31.36.0-255,101,133860,17,334926
27574,0.009612,172.217.194.0-255,5738,139598,17,334926
27575,0.009618,172.31.36.0-255,66,139664,17,334926
27576,0.010348,172.217.194.0-255,66,139730,17,334926
27577,0.01196,172.217.194.0-255,5738,145468,17,334926
27578,0.011966,172.31.36.0-255,66,145534,17,334926
27579,0.014375,172.217.194.0-255,5738,151272,17,334926
27580,0.014387,172.31.36.0-255,66,151338,17,334926
27581,0.016819,172.217.194.0-255,5738,157076,17,334926
27582,0.016831,172.31.36.0-255,66,157142,17,334926
27583,0.019222,172.217.194.0-255,5738,162880,17,334926
27584,0.019232,172.31.36.0-255,66,162946,17,334926
27585,0.02159,172.217.194.0-255,5738,168684,17,334926
27586,0.021598,172.31.36.0-255,66,168750,17,334926
27587,0.023969,172.217.194.0-255,5738,174488,17,334926
27588,0.023987,172.31.36.0-255,66,174554,17,334926
27589,0.026369,172.217.194.0-255,5738,180292,17,334926
27590,0.026385,172.31.36.0-255,66,180358,17,334926
27591,0.028845,172.217.194.0-255,5738,186096,17,334926
27592,0.028862,172.31.36.0-255,66,186162,17,334926
27593,0.031222,172.217.194.0-255,5738,191900,17,334926
27594,0.031229,172.31.36.0-255,66,191966,17,334926
27595,0.033588,172.217.194.0-255,5738,197704,17,334926
27596,0.0336,172.31.36.0-255,66,197770,17,334926
27597,0.036017,172.217.194.0-255,5738,203508,17,334926
27598,0.036031,172.31.36.0-255,66,203574,17,334926
27599,0.038404,172.217.194.0-255,5738,209312,17,334926
27600,0.038411,172.31.36.0-255,66,209378,17,334926
27601,0.039734,172.31.36.0-255,172,209550,17,334926
27602,0.039767,172.31.36.0-255,1117,210667,17,334926
27603,0.03982,172.31.36.0-255,1514,212181,17,334926
27604,0.039822,172.31.36.0-255,1271,213452,17,334926
27605,0.040827,172.217.194.0-255,5738,219190,17,334926
27606,0.040833,172.31.36.0-255,66,219256,17,334926
27607,0.04132,104.244.42.0-255,66,219322,17,334926
27608,0.041328,104.244.42.0-255,66,219388,17,334926
27609,0.041346,104.244.42.0-255,66,219454,17,334926
27610,0.043204,172.217.194.0-255,5738,225192,17,334926
27611,0.043211,172.31.36.0-255,66,225258,17,334926
27612,0.045624,172.217.194.0-255,5738,230996,17,334926
27613,0.045635,172.31.36.0-255,66,231062,17,334926
27614,0.048105,172.217.194.0-255,5738,236800,17,334926
27615,0.048112,172.31.36.0-255,66,236866,17,334926
27616,0.050478,172.217.194.0-255,5738,242604,17,334926
27617,0.05049,172.31.36.0-255,66,242670,17,334926
27618,0.052853,172.217.194.0-255,5738,248408,17,334926
27619,0.052861,172.31.36.0-255,66,248474,17,334926
27620,0.055258,172.217.194.0-255,5738,254212,17,334926
27621,0.055265,172.31.36.0-255,66,254278,17,334926
27622,0.057669,172.217.194.0-255,5738,260016,17,334926
27623,0.057675,172.31.36.0-255,66,260082,17,334926
27624,0.06003,172.217.194.0-255,5738,265820,17,334926
27625,0.060037,172.31.36.0-255,66,265886,17,334926
27626,0.062481,172.217.194.0-255,5738,271624,17,334926
27627,0.062488,172.31.36.0-255,66,271690,17,334926
27628,0.064933,172.217.194.0-255,5738,277428,17,334926
27629,0.064941,172.31.36.0-255,66,277494,17,334926
27630,0.06728,172.217.194.0-255,5738,283232,17,334926
27631,0.067287,172.31.36.0-255,66,283298,17,334926
27632,0.069744,172.217.194.0-255,5738,289036,17,334926
27633,0.069752,172.31.36.0-255,66,289102,17,334926
27634,0.072154,172.217.194.0-255,5738,294840,17,334926
27635,0.072166,172.31.36.0-255,66,294906,17,334926
27636,0.074597,172.217.194.0-255,5738,300644,17,334926
27637,0.074604,172.31.36.0-255,66,300710,17,334926
27638,0.077024,172.217.194.0-255,5738,306448,17,334926
27639,0.07703,172.31.36.0-255,66,306514,17,334926
27640,0.079376,172.217.194.0-255,5738,312252,17,334926
27641,0.079383,172.31.36.0-255,66,312318,17,334926
27642,0.081757,172.217.194.0-255,5738,318056,17,334926
27643,0.081764,172.31.36.0-255,66,318122,17,334926
27644,0.084102,172.217.194.0-255,4320,322442,17,334926
27645,0.084109,172.31.36.0-255,66,322508,17,334926
27646,0.084135,172.217.194.0-255,1484,323992,17,334926
27647,0.086527,172.217.194.0-255,4320,328312,17,334926
27648,0.086534,172.31.36.0-255,66,328378,17,334926
27649,0.088898,172.217.194.0-255,5738,334116,17,334926
27650,0.088904,172.31.36.0-255,66,334182,17,334926
27651,0.091279,172.217.194.0-255,573,334755,17,334926
27652,0.091502,172.31.36.0-255,105,334860,17,334926
27653,0.098479,172.217.194.0-255,66,334926,17,334926
27654,0.0,172.217.194.0-255,216,216,17,314986
27655,3e-05,172.31.36.0-255,66,282,17,314986
27656,3.7e-05,172.217.194.0-255,1484,1766,17,314986
27657,4.1e-05,172.31.36.0-255,66,1832,17,314986
27658,5.7e-05,172.217.194.0-255,4320,6152,17,314986
27659,6e-05,172.31.36.0-255,66,6218,17,314986
27660,6.4e-05,172.217.194.0-255,2902,9120,17,314986
27661,6.7e-05,172.31.36.0-255,66,9186,17,314986
27662,0.000107,172.217.194.0-255,6121,15307,17,314986
27663,0.000111,172.31.36.0-255,66,15373,17,314986
27664,0.000114,172.217.194.0-255,1484,16857,17,314986
27665,0.000116,172.31.36.0-255,66,16923,17,314986
27666,0.000122,172.217.194.0-255,5738,22661,17,314986
27667,0.000124,172.31.36.0-255,66,22727,17,314986
27668,0.000163,172.217.194.0-255,7156,29883,17,314986
27669,0.000166,172.31.36.0-255,66,29949,17,314986
27670,0.000169,172.217.194.0-255,1125,31074,17,314986
27671,0.000171,172.31.36.0-255,66,31140,17,314986
27672,0.000286,172.217.194.0-255,1484,32624,17,314986
27673,0.000291,172.31.36.0-255,66,32690,17,314986
27674,0.000304,172.217.194.0-255,2902,35592,17,314986
27675,0.000311,172.31.36.0-255,66,35658,17,314986
27676,0.000319,172.217.194.0-255,5738,41396,17,314986
27677,0.000321,172.31.36.0-255,66,41462,17,314986
27678,0.000384,172.31.36.0-255,66,41528,17,314986
27679,0.000389,172.217.194.0-255,2902,44430,17,314986
27680,0.000391,172.31.36.0-255,66,44496,17,314986
27681,0.000428,172.31.36.0-255,66,44562,17,314986
27682,0.000431,172.217.194.0-255,341,44903,17,314986
27683,0.000438,172.31.36.0-255,66,44969,17,314986
27684,0.000475,172.217.194.0-255,119,45088,17,314986
27685,0.00078,172.31.36.0-255,66,45154,17,314986
27686,0.00081,172.217.194.0-255,1484,46638,17,314986
27687,0.000816,172.217.194.0-255,1484,48122,17,314986
27688,0.000819,172.31.36.0-255,66,48188,17,314986
27689,0.000843,172.217.194.0-255,1484,49672,17,314986
27690,0.000848,172.217.194.0-255,2902,52574,17,314986
27691,0.000851,172.31.36.0-255,66,52640,17,314986
27692,0.000881,172.217.194.0-255,2902,55542,17,314986
27693,0.000884,172.31.36.0-255,66,55608,17,314986
27694,0.000898,172.31.36.0-255,66,55674,17,314986
27695,0.00091,172.217.194.0-255,5738,61412,17,314986
27696,0.000912,172.31.36.0-255,66,61478,17,314986
27697,0.000959,172.217.194.0-255,4320,65798,17,314986
27698,0.000963,172.31.36.0-255,66,65864,17,314986
27699,0.000981,172.217.194.0-255,766,66630,17,314986
27700,0.001021,172.217.194.0-255,1484,68114,17,314986
27701,0.001026,172.31.36.0-255,66,68180,17,314986
27702,0.001055,172.217.194.0-255,2902,71082,17,314986
27703,0.001058,172.31.36.0-255,66,71148,17,314986
27704,0.001065,172.217.194.0-255,5738,76886,17,314986
27705,0.001067,172.31.36.0-255,66,76952,17,314986
27706,0.001145,172.217.194.0-255,1484,78436,17,314986
27707,0.001171,172.31.36.0-255,66,78502,17,314986
27708,0.001178,172.217.194.0-255,5738,84240,17,314986
27709,0.001181,172.31.36.0-255,66,84306,17,314986
27710,0.001193,172.31.36.0-255,66,84372,17,314986
27711,0.001222,172.31.36.0-255,66,84438,17,314986
27712,0.001239,172.31.36.0-255,66,84504,17,314986
27713,0.001278,172.31.36.0-255,66,84570,17,314986
27714,0.001484,172.217.194.0-255,1484,86054,17,314986
27715,0.001488,172.217.194.0-255,1484,87538,17,314986
27716,0.001492,172.31.36.0-255,66,87604,17,314986
27717,0.001509,172.217.194.0-255,1484,89088,17,314986
27718,0.001515,172.217.194.0-255,5738,94826,17,314986
27719,0.001518,172.31.36.0-255,66,94892,17,314986
27720,0.001522,172.217.194.0-255,1484,96376,17,314986
27721,0.001545,172.217.194.0-255,2902,99278,17,314986
27722,0.001548,172.31.36.0-255,66,99344,17,314986
27723,0.001555,172.217.194.0-255,5738,105082,17,314986
27724,0.001557,172.31.36.0-255,66,105148,17,314986
27725,0.001587,172.217.194.0-255,5738,110886,17,314986
27726,0.00159,172.31.36.0-255,66,110952,17,314986
27727,0.0016,172.31.36.0-255,66,111018,17,314986
27728,0.00169,172.217.194.0-255,5738,116756,17,314986
27729,0.001694,172.31.36.0-255,66,116822,17,314986
27730,0.001725,172.31.36.0-255,66,116888,17,314986
27731,0.00177,172.217.194.0-255,5738,122626,17,314986
27732,0.001773,172.31.36.0-255,66,122692,17,314986
27733,0.001808,172.217.194.0-255,2902,125594,17,314986
27734,0.001812,172.31.36.0-255,66,125660,17,314986
27735,0.001818,172.217.194.0-255,3602,129262,17,314986
27736,0.00182,172.31.36.0-255,66,129328,17,314986
27737,0.004098,172.217.194.0-255,5738,135066,17,314986
27738,0.004109,172.31.36.0-255,66,135132,17,314986
27739,0.00641,172.217.194.0-255,5738,140870,17,314986
27740,0.006419,172.31.36.0-255,66,140936,17,314986
27741,0.008696,172.217.194.0-255,1484,142420,17,314986
27742,0.008734,172.217.194.0-255,4320,146740,17,314986
27743,0.008739,172.31.36.0-255,66,146806,17,314986
27744,0.011041,172.217.194.0-255,5738,152544,17,314986
27745,0.011051,172.31.36.0-255,66,152610,17,314986
27746,0.013335,172.217.194.0-255,5738,158348,17,314986
27747,0.013343,172.31.36.0-255,66,158414,17,314986
27748,0.015657,172.217.194.0-255,5738,164152,17,314986
27749,0.015667,172.31.36.0-255,66,164218,17,314986
27750,0.017923,172.217.194.0-255,5738,169956,17,314986
27751,0.017932,172.31.36.0-255,66,170022,17,314986
27752,0.020206,172.217.194.0-255,5738,175760,17,314986
27753,0.020212,172.31.36.0-255,66,175826,17,314986
27754,0.022472,172.217.194.0-255,5738,181564,17,314986
27755,0.022478,172.31.36.0-255,66,181630,17,314986
27756,0.024779,172.217.194.0-255,5738,187368,17,314986
27757,0.024788,172.31.36.0-255,66,187434,17,314986
27758,0.027091,172.217.194.0-255,5738,193172,17,314986
27759,0.027099,172.31.36.0-255,66,193238,17,314986
27760,0.029388,172.217.194.0-255,5738,198976,17,314986
27761,0.029395,172.31.36.0-255,66,199042,17,314986
27762,0.03092,172.31.36.0-255,172,199214,17,314986
27763,0.030952,172.31.36.0-255,1118,200332,17,314986
27764,0.030984,172.31.36.0-255,1514,201846,17,314986
27765,0.030985,172.31.36.0-255,1270,203116,17,314986
27766,0.031671,172.217.194.0-255,5738,208854,17,314986
27767,0.031679,172.31.36.0-255,66,208920,17,314986
27768,0.032495,104.244.42.0-255,66,208986,17,314986
27769,0.032502,104.244.42.0-255,66,209052,17,314986
27770,0.032539,104.244.42.0-255,66,209118,17,314986
27771,0.033945,172.217.194.0-255,1484,210602,17,314986
27772,0.033982,172.217.194.0-255,4320,214922,17,314986
27773,0.033987,172.31.36.0-255,66,214988,17,314986
27774,0.036253,172.217.194.0-255,5738,220726,17,314986
27775,0.036259,172.31.36.0-255,66,220792,17,314986
27776,0.038539,172.217.194.0-255,4320,225112,17,314986
27777,0.038545,172.31.36.0-255,66,225178,17,314986
27778,0.038579,172.217.194.0-255,1484,226662,17,314986
27779,0.040823,172.217.194.0-255,4320,230982,17,314986
27780,0.040828,172.31.36.0-255,66,231048,17,314986
27781,0.043084,172.217.194.0-255,4320,235368,17,314986
27782,0.043093,172.31.36.0-255,66,235434,17,314986
27783,0.04313,172.217.194.0-255,1484,236918,17,314986
27784,0.045368,172.217.194.0-255,4320,241238,17,314986
27785,0.045376,172.31.36.0-255,66,241304,17,314986
27786,0.04767,172.217.194.0-255,5738,247042,17,314986
27787,0.047676,172.31.36.0-255,66,247108,17,314986
27788,0.049967,172.217.194.0-255,5738,252846,17,314986
27789,0.049972,172.31.36.0-255,66,252912,17,314986
27790,0.052263,172.217.194.0-255,5738,258650,17,314986
27791,0.052268,172.31.36.0-255,66,258716,17,314986
27792,0.054566,172.217.194.0-255,5738,264454,17,314986
27793,0.054571,172.31.36.0-255,66,264520,17,314986
27794,0.056835,172.217.194.0-255,5738,270258,17,314986
27795,0.056842,172.31.36.0-255,66,270324,17,314986
27796,0.05913,172.217.194.0-255,5738,276062,17,314986
27797,0.059135,172.31.36.0-255,66,276128,17,314986
27798,0.0614,172.217.194.0-255,5738,281866,17,314986
27799,0.061406,172.31.36.0-255,66,281932,17,314986
27800,0.063686,172.217.194.0-255,2902,284834,17,314986
27801,0.063692,172.31.36.0-255,66,284900,17,314986
27802,0.063725,172.217.194.0-255,2902,287802,17,314986
27803,0.063729,172.31.36.0-255,66,287868,17,314986
27804,0.065982,172.217.194.0-255,2902,290770,17,314986
27805,0.065986,172.31.36.0-255,66,290836,17,314986
27806,0.066018,172.217.194.0-255,2902,293738,17,314986
27807,0.066021,172.31.36.0-255,66,293804,17,314986
27808,0.068274,172.217.194.0-255,1484,295288,17,314986
27809,0.068306,172.217.194.0-255,4320,299608,17,314986
27810,0.068311,172.31.36.0-255,66,299674,17,314986
27811,0.070628,172.217.194.0-255,5738,305412,17,314986
27812,0.070632,172.31.36.0-255,66,305478,17,314986
27813,0.072944,172.217.194.0-255,5738,311216,17,314986
27814,0.072949,172.31.36.0-255,66,311282,17,314986
27815,0.07524,172.217.194.0-255,3467,314749,17,314986
27816,0.075246,172.31.36.0-255,66,314815,17,314986
27817,0.075427,172.31.36.0-255,105,314920,17,314986
27818,0.077673,172.217.194.0-255,66,314986,17,314986
27819,0.0,74.125.68.0-255,152,152,17,407775
27820,1.7e-05,172.31.36.0-255,66,218,17,407775
27821,2.4e-05,74.125.68.0-255,1484,1702,17,407775
27822,2.9e-05,172.31.36.0-255,66,1768,17,407775
27823,3.3e-05,74.125.68.0-255,1484,3252,17,407775
27824,4.4e-05,172.31.36.0-255,66,3318,17,407775
27825,6.6e-05,74.125.68.0-255,1484,4802,17,407775
27826,7.4e-05,172.31.36.0-255,66,4868,17,407775
27827,8.2e-05,74.125.68.0-255,5738,10606,17,407775
27828,8.5e-05,172.31.36.0-255,66,10672,17,407775
27829,8.8e-05,74.125.68.0-255,1484,12156,17,407775
27830,9e-05,172.31.36.0-255,66,12222,17,407775
27831,9.4e-05,74.125.68.0-255,2052,14274,17,407775
27832,9.7e-05,172.31.36.0-255,66,14340,17,407775
27833,0.000157,74.125.68.0-255,5738,20078,17,407775
27834,0.000161,172.31.36.0-255,66,20144,17,407775
27835,0.000168,74.125.68.0-255,7156,27300,17,407775
27836,0.00017,172.31.36.0-255,66,27366,17,407775
27837,0.00021,74.125.68.0-255,3961,31327,17,407775
27838,0.000213,172.31.36.0-255,66,31393,17,407775
27839,0.000477,74.125.68.0-255,1484,32877,17,407775
27840,0.000484,172.31.36.0-255,66,32943,17,407775
27841,0.000491,74.125.68.0-255,2902,35845,17,407775
27842,0.000494,172.31.36.0-255,66,35911,17,407775
27843,0.000506,74.125.68.0-255,5738,41649,17,407775
27844,0.000509,172.31.36.0-255,66,41715,17,407775
27845,0.000537,74.125.68.0-255,6797,48512,17,407775
27846,0.000539,172.31.36.0-255,66,48578,17,407775
27847,0.000583,74.125.68.0-255,7156,55734,17,407775
27848,0.000592,172.31.36.0-255,66,55800,17,407775
27849,0.00063,74.125.68.0-255,2902,58702,17,407775
27850,0.000633,172.31.36.0-255,66,58768,17,407775
27851,0.000681,74.125.68.0-255,2902,61670,17,407775
27852,0.000684,172.31.36.0-255,66,61736,17,407775
27853,0.000704,74.125.68.0-255,3961,65697,17,407775
27854,0.000707,172.31.36.0-255,66,65763,17,407775
27855,0.001068,74.125.68.0-255,645,66408,17,407775
27856,0.001123,172.31.36.0-255,66,66474,17,407775
27857,0.001264,74.125.68.0-255,1484,67958,17,407775
27858,0.001291,74.125.68.0-255,2902,70860,17,407775
27859,0.001295,172.31.36.0-255,66,70926,17,407775
27860,0.001324,74.125.68.0-255,4320,75246,17,407775
27861,0.001326,172.31.36.0-255,66,75312,17,407775
27862,0.001344,74.125.68.0-255,2902,78214,17,407775
27863,0.001346,172.31.36.0-255,66,78280,17,407775
27864,0.001374,74.125.68.0-255,2902,81182,17,407775
27865,0.001376,172.31.36.0-255,66,81248,17,407775
27866,0.001385,74.125.68.0-255,7156,88404,17,407775
27867,0.001387,172.31.36.0-255,66,88470,17,407775
27868,0.001417,74.125.68.0-255,2902,91372,17,407775
27869,0.00142,172.31.36.0-255,66,91438,17,407775
27870,0.001445,74.125.68.0-255,4320,95758,17,407775
27871,0.001447,172.31.36.0-255,66,95824,17,407775
27872,0.00147,74.125.68.0-255,1484,97308,17,407775
27873,0.001489,74.125.68.0-255,3602,100910,17,407775
27874,0.001491,172.31.36.0-255,66,100976,17,407775
27875,0.001603,74.125.68.0-255,1484,102460,17,407775
27876,0.001623,74.125.68.0-255,2902,105362,17,407775
27877,0.001626,172.31.36.0-255,66,105428,17,407775
27878,0.001646,74.125.68.0-255,2902,108330,17,407775
27879,0.001648,172.31.36.0-255,66,108396,17,407775
27880,0.001651,74.125.68.0-255,1484,109880,17,407775
27881,0.001676,74.125.68.0-255,2902,112782,17,407775
27882,0.001678,172.31.36.0-255,66,112848,17,407775
27883,0.00171,172.31.36.0-255,66,112914,17,407775
27884,0.001743,74.125.68.0-255,2902,115816,17,407775
27885,0.001745,172.31.36.0-255,66,115882,17,407775
27886,0.001774,74.125.68.0-255,7156,123038,17,407775
27887,0.001777,172.31.36.0-255,66,123104,17,407775
27888,0.001814,74.125.68.0-255,1484,124588,17,407775
27889,0.001819,74.125.68.0-255,2184,126772,17,407775
27890,0.001822,172.31.36.0-255,66,126838,17,407775
27891,0.002006,74.125.68.0-255,1484,128322,17,407775
27892,0.002026,74.125.68.0-255,2902,131224,17,407775
27893,0.002032,172.31.36.0-255,66,131290,17,407775
27894,0.002037,74.125.68.0-255,2902,134192,17,407775
27895,0.00204,172.31.36.0-255,66,134258,17,407775
27896,0.002064,74.125.68.0-255,2902,137160,17,407775
27897,0.002067,172.31.36.0-255,66,137226,17,407775
27898,0.00207,74.125.68.0-255,1484,138710,17,407775
27899,0.002074,74.125.68.0-255,1484,140194,17,407775
27900,0.002076,172.31.36.0-255,66,140260,17,407775
27901,0.002119,74.125.68.0-255,7156,147416,17,407775
27902,0.002123,172.31.36.0-255,66,147482,17,407775
27903,0.002161,172.31.36.0-255,66,147548,17,407775
27904,0.002215,74.125.68.0-255,3602,151150,17,407775
27905,0.002218,172.31.36.0-255,66,151216,17,407775
27906,0.004378,74.125.68.0-255,1484,152700,17,407775
27907,0.004441,74.125.68.0-255,1484,154184,17,407775
27908,0.004444,172.31.36.0-255,66,154250,17,407775
27909,0.004469,74.125.68.0-255,2902,157152,17,407775
27910,0.004472,172.31.36.0-255,66,157218,17,407775
27911,0.006663,74.125.68.0-255,2902,160120,17,407775
27912,0.006667,172.31.36.0-255,66,160186,17,407775
27913,0.006685,74.125.68.0-255,2902,163088,17,407775
27914,0.006688,172.31.36.0-255,66,163154,17,407775
27915,0.008886,74.125.68.0-255,2902,166056,17,407775
27916,0.008893,172.31.36.0-255,66,166122,17,407775
27917,0.008911,74.125.68.0-255,2902,169024,17,407775
27918,0.008918,172.31.36.0-255,66,169090,17,407775
27919,0.011136,74.125.68.0-255,2902,171992,17,407775
27920,0.011145,172.31.36.0-255,66,172058,17,407775
27921,0.011176,74.125.68.0-255,2902,174960,17,407775
27922,0.011179,172.31.36.0-255,66,175026,17,407775
27923,0.013419,74.125.68.0-255,5738,180764,17,407775
27924,0.013429,172.31.36.0-255,66,180830,17,407775
27925,0.015669,74.125.68.0-255,5738,186568,17,407775
27926,0.015681,172.31.36.0-255,66,186634,17,407775
27927,0.017908,74.125.68.0-255,5738,192372,17,407775
27928,0.017915,172.31.36.0-255,66,192438,17,407775
27929,0.020151,74.125.68.0-255,5738,198176,17,407775
27930,0.02016,172.31.36.0-255,66,198242,17,407775
27931,0.022385,74.125.68.0-255,5738,203980,17,407775
27932,0.022393,172.31.36.0-255,66,204046,17,407775
27933,0.024634,74.125.68.0-255,5738,209784,17,407775
27934,0.024641,172.31.36.0-255,66,209850,17,407775
27935,0.026436,172.31.36.0-255,172,210022,17,407775
27936,0.026468,172.31.36.0-255,1118,211140,17,407775
27937,0.02653,172.31.36.0-255,1514,212654,17,407775
27938,0.026532,172.31.36.0-255,1514,214168,17,407775
27939,0.026537,172.31.36.0-255,1514,215682,17,407775
27940,0.026538,172.31.36.0-255,1048,216730,17,407775
27941,0.026878,74.125.68.0-255,5738,222468,17,407775
27942,0.026885,172.31.36.0-255,66,222534,17,407775
27943,0.027996,104.244.42.0-255,66,222600,17,407775
27944,0.028046,104.244.42.0-255,66,222666,17,407775
27945,0.028107,104.244.42.0-255,66,222732,17,407775
27946,0.028112,104.244.42.0-255,66,222798,17,407775
27947,0.02912,74.125.68.0-255,5738,228536,17,407775
27948,0.029127,172.31.36.0-255,66,228602,17,407775
27949,0.03137,74.125.68.0-255,5738,234340,17,407775
27950,0.031377,172.31.36.0-255,66,234406,17,407775
27951,0.03362,74.125.68.0-255,5738,240144,17,407775
27952,0.033628,172.31.36.0-255,66,240210,17,407775
27953,0.03585,74.125.68.0-255,5738,245948,17,407775
27954,0.035855,172.31.36.0-255,66,246014,17,407775
27955,0.038087,74.125.68.0-255,5738,251752,17,407775
27956,0.038094,172.31.36.0-255,66,251818,17,407775
27957,0.04038,74.125.68.0-255,5738,257556,17,407775
27958,0.040387,172.31.36.0-255,66,257622,17,407775
27959,0.042612,74.125.68.0-255,5738,263360,17,407775
27960,0.042621,172.31.36.0-255,66,263426,17,407775
27961,0.044859,74.125.68.0-255,5738,269164,17,407775
27962,0.044865,172.31.36.0-255,66,269230,17,407775
27963,0.047095,74.125.68.0-255,5738,274968,17,407775
27964,0.047102,172.31.36.0-255,66,275034,17,407775
27965,0.049333,74.125.68.0-255,5738,280772,17,407775
27966,0.049339,172.31.36.0-255,66,280838,17,407775
27967,0.051567,74.125.68.0-255,5738,286576,17,407775
27968,0.051574,172.31.36.0-255,66,286642,17,407775
27969,0.053825,74.125.68.0-255,5738,292380,17,407775
27970,0.053831,172.31.36.0-255,66,292446,17,407775
27971,0.056067,74.125.68.0-255,5738,298184,17,407775
27972,0.056073,172.31.36.0-255,66,298250,17,407775
27973,0.058315,74.125.68.0-255,5738,303988,17,407775
27974,0.058322,172.31.36.0-255,66,304054,17,407775
27975,0.060539,74.125.68.0-255,5738,309792,17,407775
27976,0.060545,172.31.36.0-255,66,309858,17,407775
27977,0.062786,74.125.68.0-255,5738,315596,17,407775
27978,0.062793,172.31.36.0-255,66,315662,17,407775
27979,0.06503,74.125.68.0-255,5738,321400,17,407775
27980,0.065036,172.31.36.0-255,66,321466,17,407775
27981,0.067271,74.125.68.0-255,5738,327204,17,407775
27982,0.067277,172.31.36.0-255,66,327270,17,407775
27983,0.069511,74.125.68.0-255,5738,333008,17,407775
27984,0.069516,172.31.36.0-255,66,333074,17,407775
27985,0.071759,74.125.68.0-255,5738,338812,17,407775
27986,0.071766,172.31.36.0-255,66,338878,17,407775
27987,0.074001,74.125.68.0-255,5738,344616,17,407775
27988,0.074006,172.31.36.0-255,66,344682,17,407775
27989,0.07624,74.125.68.0-255,5738,350420,17,407775
27990,0.076247,172.31.36.0-255,66,350486,17,407775
27991,0.078499,74.125.68.0-255,5738,356224,17,407775
27992,0.078507,172.31.36.0-255,66,356290,17,407775
27993,0.08074,74.125.68.0-255,5738,362028,17,407775
27994,0.080747,172.31.36.0-255,66,362094,17,407775
27995,0.083022,74.125.68.0-255,5738,367832,17,407775
27996,0.083029,172.31.36.0-255,66,367898,17,407775
27997,0.085267,74.125.68.0-255,5738,373636,17,407775
27998,0.085272,172.31.36.0-255,66,373702,17,407775
27999,0.087535,74.125.68.0-255,5738,379440,17,407775
28000,0.087542,172.31.36.0-255,66,379506,17,407775
28001,0.089775,74.125.68.0-255,5738,385244,17,407775
28002,0.089782,172.31.36.0-255,66,385310,17,407775
28003,0.092036,74.125.68.0-255,5738,391048,17,407775
28004,0.092042,172.31.36.0-255,66,391114,17,407775
28005,0.094276,74.125.68.0-255,5738,396852,17,407775
28006,0.094283,172.31.36.0-255,66,396918,17,407775
28007,0.096509,74.125.68.0-255,5738,402656,17,407775
28008,0.096515,172.31.36.0-255,66,402722,17,407775
28009,0.09878,74.125.68.0-255,4882,407604,17,407775
28010,0.098786,172.31.36.0-255,66,407670,17,407775
28011,0.098973,172.31.36.0-255,105,407775,17,407775
28012,0.0,74.125.24.0-255,220,220,17,309216
28013,2.3e-05,172.31.36.0-255,66,286,17,309216
28014,3.1e-05,74.125.24.0-255,1484,1770,17,309216
28015,3.5e-05,172.31.36.0-255,66,1836,17,309216
28016,4.3e-05,74.125.24.0-255,4320,6156,17,309216
28017,4.6e-05,172.31.36.0-255,66,6222,17,309216
28018,5e-05,74.125.24.0-255,2902,9124,17,309216
28019,5.4e-05,172.31.36.0-255,66,9190,17,309216
28020,0.000126,74.125.24.0-255,4630,13820,17,309216
28021,0.00013,172.31.36.0-255,66,13886,17,309216
28022,0.00039,74.125.24.0-255,1484,15370,17,309216
28023,0.000396,172.31.36.0-255,66,15436,17,309216
28024,0.000402,74.125.24.0-255,2902,18338,17,309216
28025,0.000405,172.31.36.0-255,66,18404,17,309216
28026,0.000409,74.125.24.0-255,1484,19888,17,309216
28027,0.000411,172.31.36.0-255,66,19954,17,309216
28028,0.000437,74.125.24.0-255,4320,24274,17,309216
28029,0.00044,172.31.36.0-255,66,24340,17,309216
28030,0.000472,172.31.36.0-255,66,24406,17,309216
28031,0.000504,172.31.36.0-255,66,24472,17,309216
28032,0.000511,74.125.24.0-255,5738,30210,17,309216
28033,0.000513,172.31.36.0-255,66,30276,17,309216
28034,0.000556,74.125.24.0-255,4320,34596,17,309216
28035,0.000559,172.31.36.0-255,66,34662,17,309216
28036,0.000578,74.125.24.0-255,2517,37179,17,309216
28037,0.00058,172.31.36.0-255,66,37245,17,309216
28038,0.000583,74.125.24.0-255,113,37358,17,309216
28039,0.000586,172.31.36.0-255,66,37424,17,309216
28040,0.000734,74.125.24.0-255,1484,38908,17,309216
28041,0.000738,172.31.36.0-255,66,38974,17,309216
28042,0.000744,74.125.24.0-255,2902,41876,17,309216
28043,0.000747,172.31.36.0-255,66,41942,17,309216
28044,0.000754,74.125.24.0-255,5738,47680,17,309216
28045,0.000756,172.31.36.0-255,66,47746,17,309216
28046,0.000761,74.125.24.0-255,4320,52066,17,309216
28047,0.000764,172.31.36.0-255,66,52132,17,309216
28048,0.000768,74.125.24.0-255,2902,55034,17,309216
28049,0.00077,172.31.36.0-255,66,55100,17,309216
28050,0.000805,172.31.36.0-255,66,55166,17,309216
28051,0.000811,74.125.24.0-255,5738,60904,17,309216
28052,0.000814,172.31.36.0-255,66,60970,17,309216
28053,0.000826,74.125.24.0-255,2184,63154,17,309216
28054,0.000829,172.31.36.0-255,66,63220,17,309216
28055,0.001742,74.125.24.0-255,1484,64704,17,309216
28056,0.001754,74.125.24.0-255,2902,67606,17,309216
28057,0.001759,172.31.36.0-255,66,67672,17,309216
28058,0.001767,74.125.24.0-255,5738,73410,17,309216
28059,0.001769,172.31.36.0-255,66,73476,17,309216
28060,0.001789,74.125.24.0-255,2902,76378,17,309216
28061,0.001792,172.31.36.0-255,66,76444,17,309216
28062,0.001823,172.31.36.0-255,66,76510,17,309216
28063,0.001831,74.125.24.0-255,7156,83666,17,309216
28064,0.001833,172.31.36.0-255,66,83732,17,309216
28065,0.001846,74.125.24.0-255,3602,87334,17,309216
28066,0.001848,172.31.36.0-255,66,87400,17,309216
28067,0.001927,74.125.24.0-255,1484,88884,17,309216
28068,0.001942,74.125.24.0-255,2902,91786,17,309216
28069,0.001946,172.31.36.0-255,66,91852,17,309216
28070,0.00195,74.125.24.0-255,1484,93336,17,309216
28071,0.001967,74.125.24.0-255,4320,97656,17,309216
28072,0.00197,172.31.36.0-255,66,97722,17,309216
28073,0.001983,74.125.24.0-255,1484,99206,17,309216
28074,0.002006,172.31.36.0-255,66,99272,17,309216
28075,0.002052,172.31.36.0-255,66,99338,17,309216
28076,0.002099,172.31.36.0-255,66,99404,17,309216
28077,0.002107,74.125.24.0-255,7156,106560,17,309216
28078,0.002109,172.31.36.0-255,66,106626,17,309216
28079,0.002123,74.125.24.0-255,4320,110946,17,309216
28080,0.002125,172.31.36.0-255,66,111012,17,309216
28081,0.00216,172.31.36.0-255,66,111078,17,309216
28082,0.002216,74.125.24.0-255,1484,112562,17,309216
28083,0.00222,74.125.24.0-255,2902,115464,17,309216
28084,0.002222,172.31.36.0-255,66,115530,17,309216
28085,0.002227,74.125.24.0-255,4320,119850,17,309216
28086,0.002229,172.31.36.0-255,66,119916,17,309216
28087,0.002251,74.125.24.0-255,2902,122818,17,309216
28088,0.002253,172.31.36.0-255,66,122884,17,309216
28089,0.002272,74.125.24.0-255,5738,128622,17,309216
28090,0.002275,172.31.36.0-255,66,128688,17,309216
28091,0.002279,74.125.24.0-255,2902,131590,17,309216
28092,0.002281,172.31.36.0-255,66,131656,17,309216
28093,0.002309,172.31.36.0-255,66,131722,17,309216
28094,0.002327,74.125.24.0-255,2184,133906,17,309216
28095,0.002329,172.31.36.0-255,66,133972,17,309216
28096,0.00238,74.125.24.0-255,2902,136874,17,309216
28097,0.002383,172.31.36.0-255,66,136940,17,309216
28098,0.002386,74.125.24.0-255,1484,138424,17,309216
28099,0.0024,74.125.24.0-255,2902,141326,17,309216
28100,0.002402,172.31.36.0-255,66,141392,17,309216
28101,0.002405,74.125.24.0-255,1484,142876,17,309216
28102,0.002428,74.125.24.0-255,7156,150032,17,309216
28103,0.00243,172.31.36.0-255,66,150098,17,309216
28104,0.002438,74.125.24.0-255,1484,151582,17,309216
28105,0.002457,172.31.36.0-255,66,151648,17,309216
28106,0.002482,74.125.24.0-255,2902,154550,17,309216
28107,0.002484,172.31.36.0-255,66,154616,17,309216
28108,0.002494,74.125.24.0-255,2184,156800,17,309216
28109,0.002496,172.31.36.0-255,66,156866,17,309216
28110,0.005014,74.125.24.0-255,2902,159768,17,309216
28111,0.005026,172.31.36.0-255,66,159834,17,309216
28112,0.005049,74.125.24.0-255,1484,161318,17,309216
28113,0.005067,74.125.24.0-255,1484,162802,17,309216
28114,0.00507,172.31.36.0-255,66,162868,17,309216
28115,0.007561,74.125.24.0-255,2902,165770,17,309216
28116,0.007569,172.31.36.0-255,66,165836,17,309216
28117,0.007593,74.125.24.0-255,2902,168738,17,309216
28118,0.007595,172.31.36.0-255,66,168804,17,309216
28119,0.010075,74.125.24.0-255,2902,171706,17,309216
28120,0.010079,172.31.36.0-255,66,171772,17,309216
28121,0.010139,74.125.24.0-255,2902,174674,17,309216
28122,0.010141,172.31.36.0-255,66,174740,17,309216
28123,0.01263,74.125.24.0-255,2902,177642,17,309216
28124,0.012637,172.31.36.0-255,66,177708,17,309216
28125,0.012672,74.125.24.0-255,2902,180610,17,309216
28126,0.012675,172.31.36.0-255,66,180676,17,309216
28127,0.015204,74.125.24.0-255,2902,183578,17,309216
28128,0.015217,172.31.36.0-255,66,183644,17,309216
28129,0.015238,74.125.24.0-255,2902,186546,17,309216
28130,0.01524,172.31.36.0-255,66,186612,17,309216
28131,0.017755,74.125.24.0-255,2902,189514,17,309216
28132,0.017763,172.31.36.0-255,66,189580,17,309216
28133,0.017784,74.125.24.0-255,2902,192482,17,309216
28134,0.017786,172.31.36.0-255,66,192548,17,309216
28135,0.020309,74.125.24.0-255,2902,195450,17,309216
28136,0.020319,172.31.36.0-255,66,195516,17,309216
28137,0.020338,74.125.24.0-255,2902,198418,17,309216
28138,0.020341,172.31.36.0-255,66,198484,17,309216
28139,0.022869,74.125.24.0-255,5738,204222,17,309216
28140,0.022878,172.31.36.0-255,66,204288,17,309216
28141,0.025449,74.125.24.0-255,5738,210026,17,309216
28142,0.025459,172.31.36.0-255,66,210092,17,309216
28143,0.027994,74.125.24.0-255,5738,215830,17,309216
28144,0.028002,172.31.36.0-255,66,215896,17,309216
28145,0.030589,74.125.24.0-255,5738,221634,17,309216
28146,0.030598,172.31.36.0-255,66,221700,17,309216
28147,0.033127,74.125.24.0-255,5738,227438,17,309216
28148,0.033135,172.31.36.0-255,66,227504,17,309216
28149,0.033641,172.31.36.0-255,172,227676,17,309216
28150,0.033673,172.31.36.0-255,1116,228792,17,309216
28151,0.033731,172.31.36.0-255,1514,230306,17,309216
28152,0.033733,172.31.36.0-255,1273,231579,17,309216
28153,0.035175,104.244.42.0-255,66,231645,17,309216
28154,0.035191,104.244.42.0-255,66,231711,17,309216
28155,0.035279,104.244.42.0-255,66,231777,17,309216
28156,0.035655,74.125.24.0-255,5738,237515,17,309216
28157,0.035661,172.31.36.0-255,66,237581,17,309216
28158,0.038222,74.125.24.0-255,5738,243319,17,309216
28159,0.038238,172.31.36.0-255,66,243385,17,309216
28160,0.040784,74.125.24.0-255,5738,249123,17,309216
28161,0.040791,172.31.36.0-255,66,249189,17,309216
28162,0.043358,74.125.24.0-255,5738,254927,17,309216
28163,0.043366,172.31.36.0-255,66,254993,17,309216
28164,0.045916,74.125.24.0-255,5738,260731,17,309216
28165,0.045926,172.31.36.0-255,66,260797,17,309216
28166,0.048491,74.125.24.0-255,5738,266535,17,309216
28167,0.048499,172.31.36.0-255,66,266601,17,309216
28168,0.051061,74.125.24.0-255,5738,272339,17,309216
28169,0.051068,172.31.36.0-255,66,272405,17,309216
28170,0.053613,74.125.24.0-255,5738,278143,17,309216
28171,0.053625,172.31.36.0-255,66,278209,17,309216
28172,0.056202,74.125.24.0-255,5738,283947,17,309216
28173,0.056214,172.31.36.0-255,66,284013,17,309216
28174,0.058775,74.125.24.0-255,5738,289751,17,309216
28175,0.058781,172.31.36.0-255,66,289817,17,309216
28176,0.061352,74.125.24.0-255,5738,295555,17,309216
28177,0.061359,172.31.36.0-255,66,295621,17,309216
28178,0.063894,74.125.24.0-255,5738,301359,17,309216
28179,0.063901,172.31.36.0-255,66,301425,17,309216
28180,0.066429,74.125.24.0-255,5738,307163,17,309216
28181,0.066435,172.31.36.0-255,66,307229,17,309216
28182,0.069031,74.125.24.0-255,1750,308979,17,309216
28183,0.069039,172.31.36.0-255,66,309045,17,309216
28184,0.069679,172.31.36.0-255,105,309150,17,309216
28185,0.072191,74.125.24.0-255,66,309216,17,309216
28186,0.0,74.125.24.0-255,146,146,17,234116
28187,2.3e-05,172.31.36.0-255,66,212,17,234116
28188,3.1e-05,74.125.24.0-255,1484,1696,17,234116
28189,3.4e-05,172.31.36.0-255,66,1762,17,234116
28190,4e-05,74.125.24.0-255,2902,4664,17,234116
28191,5.6e-05,172.31.36.0-255,66,4730,17,234116
28192,6.4e-05,74.125.24.0-255,7156,11886,17,234116
28193,6.7e-05,172.31.36.0-255,66,11952,17,234116
28194,7.2e-05,74.125.24.0-255,2014,13966,17,234116
28195,7.4e-05,172.31.36.0-255,66,14032,17,234116
28196,0.00026,74.125.24.0-255,1484,15516,17,234116
28197,0.000265,172.31.36.0-255,66,15582,17,234116
28198,0.000272,74.125.24.0-255,2902,18484,17,234116
28199,0.000274,172.31.36.0-255,66,18550,17,234116
28200,0.000307,74.125.24.0-255,5738,24288,17,234116
28201,0.00031,172.31.36.0-255,66,24354,17,234116
28202,0.000315,74.125.24.0-255,2902,27256,17,234116
28203,0.000317,172.31.36.0-255,66,27322,17,234116
28204,0.000337,74.125.24.0-255,1484,28806,17,234116
28205,0.00034,172.31.36.0-255,66,28872,17,234116
28206,0.000375,172.31.36.0-255,66,28938,17,234116
28207,0.000386,172.31.36.0-255,66,29004,17,234116
28208,0.000398,172.31.36.0-255,66,29070,17,234116
28209,0.000438,74.125.24.0-255,1484,30554,17,234116
28210,0.00044,172.31.36.0-255,66,30620,17,234116
28211,0.00047,74.125.24.0-255,6438,37058,17,234116
28212,0.000472,172.31.36.0-255,66,37124,17,234116
28213,0.000476,74.125.24.0-255,361,37485,17,234116
28214,0.000478,172.31.36.0-255,66,37551,17,234116
28215,0.000481,74.125.24.0-255,131,37682,17,234116
28216,0.000526,74.125.24.0-255,349,38031,17,234116
28217,0.000804,74.125.24.0-255,1484,39515,17,234116
28218,0.000809,172.31.36.0-255,66,39581,17,234116
28219,0.000815,74.125.24.0-255,2902,42483,17,234116
28220,0.000817,172.31.36.0-255,66,42549,17,234116
28221,0.000829,74.125.24.0-255,5738,48287,17,234116
28222,0.000831,172.31.36.0-255,66,48353,17,234116
28223,0.000883,172.31.36.0-255,66,48419,17,234116
28224,0.000896,172.31.36.0-255,66,48485,17,234116
28225,0.00187,74.125.24.0-255,1484,49969,17,234116
28226,0.001881,74.125.24.0-255,2902,52871,17,234116
28227,0.001886,172.31.36.0-255,66,52937,17,234116
28228,0.001894,74.125.24.0-255,5738,58675,17,234116
28229,0.001896,172.31.36.0-255,66,58741,17,234116
28230,0.001907,74.125.24.0-255,2902,61643,17,234116
28231,0.001909,172.31.36.0-255,66,61709,17,234116
28232,0.001952,172.31.36.0-255,66,61775,17,234116
28233,0.001966,172.31.36.0-255,66,61841,17,234116
28234,0.00201,74.125.24.0-255,1484,63325,17,234116
28235,0.002027,74.125.24.0-255,2902,66227,17,234116
28236,0.00203,172.31.36.0-255,66,66293,17,234116
28237,0.002036,74.125.24.0-255,4320,70613,17,234116
28238,0.002038,172.31.36.0-255,66,70679,17,234116
28239,0.002055,74.125.24.0-255,1484,72163,17,234116
28240,0.002091,172.31.36.0-255,66,72229,17,234116
28241,0.002105,172.31.36.0-255,66,72295,17,234116
28242,0.002231,74.125.24.0-255,1484,73779,17,234116
28243,0.002237,74.125.24.0-255,2902,76681,17,234116
28244,0.002241,172.31.36.0-255,66,76747,17,234116
28245,0.002278,74.125.24.0-255,5738,82485,17,234116
28246,0.002281,172.31.36.0-255,66,82551,17,234116
28247,0.002313,172.31.36.0-255,66,82617,17,234116
28248,0.002325,172.31.36.0-255,66,82683,17,234116
28249,0.002349,74.125.24.0-255,2902,85585,17,234116
28250,0.002352,172.31.36.0-255,66,85651,17,234116
28251,0.002381,74.125.24.0-255,2184,87835,17,234116
28252,0.002383,172.31.36.0-255,66,87901,17,234116
28253,0.002439,74.125.24.0-255,1484,89385,17,234116
28254,0.002465,74.125.24.0-255,2902,92287,17,234116
28255,0.00247,172.31.36.0-255,66,92353,17,234116
28256,0.002475,74.125.24.0-255,2902,95255,17,234116
28257,0.002477,172.31.36.0-255,66,95321,17,234116
28258,0.002502,74.125.24.0-255,2902,98223,17,234116
28259,0.002505,172.31.36.0-255,66,98289,17,234116
28260,0.002515,74.125.24.0-255,4320,102609,17,234116
28261,0.002518,172.31.36.0-255,66,102675,17,234116
28262,0.002549,74.125.24.0-255,2902,105577,17,234116
28263,0.002552,172.31.36.0-255,66,105643,17,234116
28264,0.002575,74.125.24.0-255,7156,112799,17,234116
28265,0.002578,172.31.36.0-255,66,112865,17,234116
28266,0.002608,74.125.24.0-255,5738,118603,17,234116
28267,0.002612,172.31.36.0-255,66,118669,17,234116
28268,0.002638,74.125.24.0-255,3602,122271,17,234116
28269,0.002641,172.31.36.0-255,66,122337,17,234116
28270,0.002744,74.125.24.0-255,1484,123821,17,234116
28271,0.002787,74.125.24.0-255,2902,126723,17,234116
28272,0.002791,172.31.36.0-255,66,126789,17,234116
28273,0.002828,74.125.24.0-255,4320,131109,17,234116
28274,0.002831,172.31.36.0-255,66,131175,17,234116
28275,0.002834,74.125.24.0-255,1484,132659,17,234116
28276,0.002857,74.125.24.0-255,2902,135561,17,234116
28277,0.00286,172.31.36.0-255,66,135627,17,234116
28278,0.002893,74.125.24.0-255,5738,141365,17,234116
28279,0.002896,172.31.36.0-255,66,141431,17,234116
28280,0.002932,172.31.36.0-255,66,141497,17,234116
28281,0.002956,74.125.24.0-255,2184,143681,17,234116
28282,0.002958,172.31.36.0-255,66,143747,17,234116
28283,0.003018,74.125.24.0-255,1484,145231,17,234116
28284,0.003022,74.125.24.0-255,2902,148133,17,234116
28285,0.003025,172.31.36.0-255,66,148199,17,234116
28286,0.003054,74.125.24.0-255,5738,153937,17,234116
28287,0.003057,172.31.36.0-255,66,154003,17,234116
28288,0.003065,74.125.24.0-255,7156,161159,17,234116
28289,0.003068,172.31.36.0-255,66,161225,17,234116
28290,0.003079,172.31.36.0-255,66,161291,17,234116
28291,0.003113,172.31.36.0-255,66,161357,17,234116
28292,0.003153,74.125.24.0-255,1484,162841,17,234116
28293,0.003157,74.125.24.0-255,2902,165743,17,234116
28294,0.00316,172.31.36.0-255,66,165809,17,234116
28295,0.003186,74.125.24.0-255,5738,171547,17,234116
28296,0.003189,172.31.36.0-255,66,171613,17,234116
28297,0.003195,74.125.24.0-255,4320,175933,17,234116
28298,0.003197,172.31.36.0-255,66,175999,17,234116
28299,0.003244,172.31.36.0-255,66,176065,17,234116
28300,0.003252,74.125.24.0-255,7156,183221,17,234116
28301,0.003255,172.31.36.0-255,66,183287,17,234116
28302,0.00326,74.125.24.0-255,3602,186889,17,234116
28303,0.003262,172.31.36.0-255,66,186955,17,234116
28304,0.003265,74.125.24.0-255,1484,188439,17,234116
28305,0.003271,74.125.24.0-255,4320,192759,17,234116
28306,0.003274,172.31.36.0-255,66,192825,17,234116
28307,0.003282,74.125.24.0-255,7156,199981,17,234116
28308,0.003284,172.31.36.0-255,66,200047,17,234116
28309,0.003334,172.31.36.0-255,66,200113,17,234116
28310,0.00334,74.125.24.0-255,5020,205133,17,234116
28311,0.003342,172.31.36.0-255,66,205199,17,234116
28312,0.003619,74.125.24.0-255,1484,206683,17,234116
28313,0.003639,74.125.24.0-255,2902,209585,17,234116
28314,0.003642,172.31.36.0-255,66,209651,17,234116
28315,0.003646,74.125.24.0-255,1484,211135,17,234116
28316,0.003668,74.125.24.0-255,4320,215455,17,234116
28317,0.003671,172.31.36.0-255,66,215521,17,234116
28318,0.003676,74.125.24.0-255,4320,219841,17,234116
28319,0.003679,172.31.36.0-255,66,219907,17,234116
28320,0.003738,172.31.36.0-255,66,219973,17,234116
28321,0.003748,172.31.36.0-255,66,220039,17,234116
28322,0.003786,74.125.24.0-255,4320,224359,17,234116
28323,0.003788,172.31.36.0-255,66,224425,17,234116
28324,0.003813,74.125.24.0-255,4910,229335,17,234116
28325,0.003815,172.31.36.0-255,66,229401,17,234116
28326,0.003819,74.125.24.0-255,97,229498,17,234116
28327,0.003842,74.125.24.0-255,105,229603,17,234116
28328,0.008509,172.31.36.0-255,66,229669,17,234116
28329,0.008551,172.31.36.0-255,105,229774,17,234116
28330,0.01085,74.125.24.0-255,66,229840,17,234116
28331,0.035199,172.31.36.0-255,176,230016,17,234116
28332,0.035234,172.31.36.0-255,1119,231135,17,234116
28333,0.035295,172.31.36.0-255,1514,232649,17,234116
28334,0.035297,172.31.36.0-255,1269,233918,17,234116
28335,0.036787,104.244.42.0-255,66,233984,17,234116
28336,0.036798,104.244.42.0-255,66,234050,17,234116
28337,0.036897,104.244.42.0-255,66,234116,17,234116
28338,0.0,172.217.194.0-255,146,146,17,278525
28339,2.6e-05,172.31.36.0-255,66,212,17,278525
28340,3.2e-05,172.217.194.0-255,1484,1696,17,278525
28341,3.7e-05,172.31.36.0-255,66,1762,17,278525
28342,4.3e-05,172.217.194.0-255,2902,4664,17,278525
28343,5.3e-05,172.31.36.0-255,66,4730,17,278525
28344,6e-05,172.217.194.0-255,7156,11886,17,278525
28345,6.3e-05,172.31.36.0-255,66,11952,17,278525
28346,6.7e-05,172.217.194.0-255,2064,14016,17,278525
28347,6.9e-05,172.31.36.0-255,66,14082,17,278525
28348,0.000131,172.217.194.0-255,1484,15566,17,278525
28349,0.000135,172.31.36.0-255,66,15632,17,278525
28350,0.000141,172.217.194.0-255,2902,18534,17,278525
28351,0.000144,172.31.36.0-255,66,18600,17,278525
28352,0.000172,172.217.194.0-255,4320,22920,17,278525
28353,0.000175,172.31.36.0-255,66,22986,17,278525
28354,0.000187,172.217.194.0-255,5738,28724,17,278525
28355,0.000189,172.31.36.0-255,66,28790,17,278525
28356,0.00023,172.31.36.0-255,66,28856,17,278525
28357,0.000237,172.217.194.0-255,5738,34594,17,278525
28358,0.000239,172.31.36.0-255,66,34660,17,278525
28359,0.000275,172.217.194.0-255,4320,38980,17,278525
28360,0.000278,172.31.36.0-255,66,39046,17,278525
28361,0.000295,172.31.36.0-255,66,39112,17,278525
28362,0.000891,172.217.194.0-255,119,39231,17,278525
28363,0.000896,172.31.36.0-255,66,39297,17,278525
28364,0.000931,172.217.194.0-255,1484,40781,17,278525
28365,0.000936,172.31.36.0-255,66,40847,17,278525
28366,0.000962,172.217.194.0-255,2902,43749,17,278525
28367,0.000967,172.31.36.0-255,66,43815,17,278525
28368,0.000974,172.217.194.0-255,5738,49553,17,278525
28369,0.000976,172.31.36.0-255,66,49619,17,278525
28370,0.000981,172.217.194.0-255,2902,52521,17,278525
28371,0.001033,172.217.194.0-255,380,52901,17,278525
28372,0.001129,172.217.194.0-255,1484,54385,17,278525
28373,0.001135,172.217.194.0-255,2902,57287,17,278525
28374,0.00115,172.217.194.0-255,1484,58771,17,278525
28375,0.001163,172.217.194.0-255,4320,63091,17,278525
28376,0.001182,172.217.194.0-255,2902,65993,17,278525
28377,0.001201,172.217.194.0-255,4320,70313,17,278525
28378,0.001203,172.217.194.0-255,1484,71797,17,278525
28379,0.001235,172.217.194.0-255,2184,73981,17,278525
28380,0.001512,172.31.36.0-255,66,74047,17,278525
28381,0.001665,172.217.194.0-255,1484,75531,17,278525
28382,0.001681,172.217.194.0-255,2902,78433,17,278525
28383,0.001688,172.31.36.0-255,66,78499,17,278525
28384,0.001714,172.217.194.0-255,5738,84237,17,278525
28385,0.001736,172.31.36.0-255,66,84303,17,278525
28386,0.001741,172.31.36.0-255,66,84369,17,278525
28387,0.001767,172.217.194.0-255,2184,86553,17,278525
28388,0.00177,172.217.194.0-255,1484,88037,17,278525
28389,0.001776,172.31.36.0-255,66,88103,17,278525
28390,0.001812,172.31.36.0-255,66,88169,17,278525
28391,0.001827,172.217.194.0-255,4320,92489,17,278525
28392,0.001828,172.31.36.0-255,66,92555,17,278525
28393,0.001833,172.31.36.0-255,66,92621,17,278525
28394,0.001868,172.217.194.0-255,5020,97641,17,278525
28395,0.001874,172.31.36.0-255,66,97707,17,278525
28396,0.001884,172.217.194.0-255,4320,102027,17,278525
28397,0.001898,172.31.36.0-255,66,102093,17,278525
28398,0.001923,172.31.36.0-255,66,102159,17,278525
28399,0.001934,172.217.194.0-255,4320,106479,17,278525
28400,0.001941,172.31.36.0-255,66,106545,17,278525
28401,0.001957,172.217.194.0-255,6438,112983,17,278525
28402,0.001966,172.31.36.0-255,66,113049,17,278525
28403,0.002087,172.217.194.0-255,1484,114533,17,278525
28404,0.002104,172.217.194.0-255,1484,116017,17,278525
28405,0.002114,172.31.36.0-255,66,116083,17,278525
28406,0.002122,172.217.194.0-255,1484,117567,17,278525
28407,0.002129,172.217.194.0-255,5738,123305,17,278525
28408,0.002137,172.31.36.0-255,66,123371,17,278525
28409,0.00219,172.31.36.0-255,66,123437,17,278525
28410,0.002216,172.217.194.0-255,2902,126339,17,278525
28411,0.002222,172.31.36.0-255,66,126405,17,278525
28412,0.002234,172.31.36.0-255,66,126471,17,278525
28413,0.004381,172.217.194.0-255,5738,132209,17,278525
28414,0.004386,172.31.36.0-255,66,132275,17,278525
28415,0.00652,172.217.194.0-255,5738,138013,17,278525
28416,0.006526,172.31.36.0-255,66,138079,17,278525
28417,0.008675,172.217.194.0-255,5738,143817,17,278525
28418,0.009519,172.31.36.0-255,66,143883,17,278525
28419,0.011677,172.217.194.0-255,5738,149621,17,278525
28420,0.01169,172.31.36.0-255,66,149687,17,278525
28421,0.013823,172.217.194.0-255,5738,155425,17,278525
28422,0.013837,172.31.36.0-255,66,155491,17,278525
28423,0.015976,172.217.194.0-255,5738,161229,17,278525
28424,0.015986,172.31.36.0-255,66,161295,17,278525
28425,0.018124,172.217.194.0-255,5738,167033,17,278525
28426,0.018135,172.31.36.0-255,66,167099,17,278525
28427,0.020287,172.217.194.0-255,5738,172837,17,278525
28428,0.02086,172.31.36.0-255,66,172903,17,278525
28429,0.023003,172.217.194.0-255,5738,178641,17,278525
28430,0.023009,172.31.36.0-255,66,178707,17,278525
28431,0.025173,172.217.194.0-255,5738,184445,17,278525
28432,0.025181,172.31.36.0-255,66,184511,17,278525
28433,0.027319,172.217.194.0-255,4320,188831,17,278525
28434,0.027326,172.31.36.0-255,66,188897,17,278525
28435,0.027364,172.217.194.0-255,1484,190381,17,278525
28436,0.027872,172.31.36.0-255,176,190557,17,278525
28437,0.0279,172.31.36.0-255,1118,191675,17,278525
28438,0.027942,172.31.36.0-255,1514,193189,17,278525
28439,0.027944,172.31.36.0-255,1270,194459,17,278525
28440,0.02941,104.244.42.0-255,66,194525,17,278525
28441,0.029461,104.244.42.0-255,66,194591,17,278525
28442,0.029484,172.217.194.0-255,2902,197493,17,278525
28443,0.029494,172.31.36.0-255,66,197559,17,278525
28444,0.029525,104.244.42.0-255,66,197625,17,278525
28445,0.030245,104.244.42.0-255,108,197733,17,278525
28446,0.030267,172.31.36.0-255,66,197799,17,278525
28447,0.031619,172.217.194.0-255,2902,200701,17,278525
28448,0.031624,172.31.36.0-255,66,200767,17,278525
28449,0.031655,172.217.194.0-255,2902,203669,17,278525
28450,0.03167,172.31.36.0-255,66,203735,17,278525
28451,0.033764,172.217.194.0-255,2902,206637,17,278525
28452,0.033769,172.31.36.0-255,66,206703,17,278525
28453,0.03381,172.217.194.0-255,2902,209605,17,278525
28454,0.033831,172.31.36.0-255,66,209671,17,278525
28455,0.035918,172.217.194.0-255,2902,212573,17,278525
28456,0.035923,172.31.36.0-255,66,212639,17,278525
28457,0.035957,172.217.194.0-255,2902,215541,17,278525
28458,0.03665,172.31.36.0-255,66,215607,17,278525
28459,0.038043,172.217.194.0-255,2902,218509,17,278525
28460,0.038049,172.31.36.0-255,66,218575,17,278525
28461,0.038793,172.217.194.0-255,2902,221477,17,278525
28462,0.038799,172.31.36.0-255,66,221543,17,278525
28463,0.0402,172.217.194.0-255,2902,224445,17,278525
28464,0.040206,172.31.36.0-255,66,224511,17,278525
28465,0.040937,172.217.194.0-255,2902,227413,17,278525
28466,0.040942,172.31.36.0-255,66,227479,17,278525
28467,0.042345,172.217.194.0-255,2902,230381,17,278525
28468,0.04235,172.31.36.0-255,66,230447,17,278525
28469,0.043075,172.217.194.0-255,2902,233349,17,278525
28470,0.04308,172.31.36.0-255,66,233415,17,278525
28471,0.04447,172.217.194.0-255,2902,236317,17,278525
28472,0.044475,172.31.36.0-255,66,236383,17,278525
28473,0.045235,172.217.194.0-255,2902,239285,17,278525
28474,0.045241,172.31.36.0-255,66,239351,17,278525
28475,0.046619,172.217.194.0-255,2902,242253,17,278525
28476,0.046624,172.31.36.0-255,66,242319,17,278525
28477,0.047351,172.217.194.0-255,2902,245221,17,278525
28478,0.047356,172.31.36.0-255,66,245287,17,278525
28479,0.048769,172.217.194.0-255,2902,248189,17,278525
28480,0.048774,172.31.36.0-255,66,248255,17,278525
28481,0.049491,172.217.194.0-255,2902,251157,17,278525
28482,0.049497,172.31.36.0-255,66,251223,17,278525
28483,0.050929,172.217.194.0-255,2902,254125,17,278525
28484,0.050934,172.31.36.0-255,66,254191,17,278525
28485,0.051643,172.217.194.0-255,2902,257093,17,278525
28486,0.051648,172.31.36.0-255,66,257159,17,278525
28487,0.053074,172.217.194.0-255,2902,260061,17,278525
28488,0.05308,172.31.36.0-255,66,260127,17,278525
28489,0.053772,172.217.194.0-255,2902,263029,17,278525
28490,0.053778,172.31.36.0-255,66,263095,17,278525
28491,0.055196,172.217.194.0-255,2902,265997,17,278525
28492,0.055202,172.31.36.0-255,66,266063,17,278525
28493,0.055921,172.217.194.0-255,2902,268965,17,278525
28494,0.055926,172.31.36.0-255,66,269031,17,278525
28495,0.057336,172.217.194.0-255,2902,271933,17,278525
28496,0.057342,172.31.36.0-255,66,271999,17,278525
28497,0.058054,172.217.194.0-255,2902,274901,17,278525
28498,0.05806,172.31.36.0-255,66,274967,17,278525
28499,0.059462,172.217.194.0-255,2902,277869,17,278525
28500,0.059469,172.31.36.0-255,66,277935,17,278525
28501,0.060184,172.217.194.0-255,353,278288,17,278525
28502,0.060552,172.31.36.0-255,66,278354,17,278525
28503,0.060581,172.31.36.0-255,105,278459,17,278525
28504,0.062656,172.217.194.0-255,66,278525,17,278525
28505,0.0,172.217.194.0-255,162,162,17,370111
28506,2.2e-05,172.31.36.0-255,66,228,17,370111
28507,2.9e-05,172.217.194.0-255,1484,1712,17,370111
28508,3.3e-05,172.31.36.0-255,66,1778,17,370111
28509,4.6e-05,172.217.194.0-255,2902,4680,17,370111
28510,4.8e-05,172.31.36.0-255,66,4746,17,370111
28511,8.4e-05,172.217.194.0-255,7156,11902,17,370111
28512,8.6e-05,172.31.36.0-255,66,11968,17,370111
28513,9e-05,172.217.194.0-255,2092,14060,17,370111
28514,9.2e-05,172.31.36.0-255,66,14126,17,370111
28515,0.00012,172.217.194.0-255,7156,21282,17,370111
28516,0.000122,172.31.36.0-255,66,21348,17,370111
28517,0.00015,172.217.194.0-255,4320,25668,17,370111
28518,0.000152,172.31.36.0-255,66,25734,17,370111
28519,0.000157,172.217.194.0-255,5379,31113,17,370111
28520,0.000159,172.31.36.0-255,66,31179,17,370111
28521,0.00024,172.217.194.0-255,1484,32663,17,370111
28522,0.000244,172.31.36.0-255,66,32729,17,370111
28523,0.000249,172.217.194.0-255,2902,35631,17,370111
28524,0.00025,172.31.36.0-255,66,35697,17,370111
28525,0.00028,172.217.194.0-255,5738,41435,17,370111
28526,0.000283,172.31.36.0-255,66,41501,17,370111
28527,0.000289,172.217.194.0-255,6797,48298,17,370111
28528,0.00029,172.31.36.0-255,66,48364,17,370111
28529,0.000322,172.31.36.0-255,66,48430,17,370111
28530,0.000347,172.217.194.0-255,2902,51332,17,370111
28531,0.000349,172.31.36.0-255,66,51398,17,370111
28532,0.000353,172.217.194.0-255,2796,54194,17,370111
28533,0.000354,172.31.36.0-255,66,54260,17,370111
28534,0.000357,172.217.194.0-255,114,54374,17,370111
28535,0.000359,172.31.36.0-255,66,54440,17,370111
28536,0.000627,172.217.194.0-255,384,54824,17,370111
28537,0.000916,172.217.194.0-255,1484,56308,17,370111
28538,0.000921,172.31.36.0-255,66,56374,17,370111
28539,0.000926,172.217.194.0-255,1484,57858,17,370111
28540,0.000949,172.217.194.0-255,1484,59342,17,370111
28541,0.000952,172.31.36.0-255,66,59408,17,370111
28542,0.000958,172.217.194.0-255,5738,65146,17,370111
28543,0.000959,172.31.36.0-255,66,65212,17,370111
28544,0.000967,172.217.194.0-255,2902,68114,17,370111
28545,0.000969,172.31.36.0-255,66,68180,17,370111
28546,0.000973,172.217.194.0-255,4320,72500,17,370111
28547,0.000975,172.31.36.0-255,66,72566,17,370111
28548,0.001006,172.217.194.0-255,5738,78304,17,370111
28549,0.001009,172.31.36.0-255,66,78370,17,370111
28550,0.001016,172.217.194.0-255,7156,85526,17,370111
28551,0.001018,172.31.36.0-255,66,85592,17,370111
28552,0.001046,172.217.194.0-255,3602,89194,17,370111
28553,0.001049,172.31.36.0-255,66,89260,17,370111
28554,0.001319,172.217.194.0-255,1484,90744,17,370111
28555,0.001325,172.217.194.0-255,2902,93646,17,370111
28556,0.001329,172.31.36.0-255,66,93712,17,370111
28557,0.001334,172.217.194.0-255,2902,96614,17,370111
28558,0.001335,172.31.36.0-255,66,96680,17,370111
28559,0.001359,172.217.194.0-255,2902,99582,17,370111
28560,0.001361,172.31.36.0-255,66,99648,17,370111
28561,0.001372,172.217.194.0-255,7156,106804,17,370111
28562,0.001374,172.31.36.0-255,66,106870,17,370111
28563,0.001408,172.217.194.0-255,4320,111190,17,370111
28564,0.001424,172.31.36.0-255,66,111256,17,370111
28565,0.001439,172.31.36.0-255,66,111322,17,370111
28566,0.001951,172.217.194.0-255,1484,112806,17,370111
28567,0.00196,172.217.194.0-255,2902,115708,17,370111
28568,0.001965,172.31.36.0-255,66,115774,17,370111
28569,0.00197,172.217.194.0-255,1484,117258,17,370111
28570,0.001994,172.217.194.0-255,4320,121578,17,370111
28571,0.001997,172.31.36.0-255,66,121644,17,370111
28572,0.002,172.217.194.0-255,1484,123128,17,370111
28573,0.002005,172.217.194.0-255,2902,126030,17,370111
28574,0.002006,172.31.36.0-255,66,126096,17,370111
28575,0.002031,172.217.194.0-255,5738,131834,17,370111
28576,0.002034,172.31.36.0-255,66,131900,17,370111
28577,0.002048,172.217.194.0-255,4320,136220,17,370111
28578,0.00205,172.31.36.0-255,66,136286,17,370111
28579,0.002085,172.31.36.0-255,66,136352,17,370111
28580,0.002148,172.217.194.0-255,1484,137836,17,370111
28581,0.002154,172.217.194.0-255,2902,140738,17,370111
28582,0.002157,172.31.36.0-255,66,140804,17,370111
28583,0.002164,172.217.194.0-255,5738,146542,17,370111
28584,0.002166,172.31.36.0-255,66,146608,17,370111
28585,0.002205,172.217.194.0-255,2902,149510,17,370111
28586,0.002206,172.31.36.0-255,66,149576,17,370111
28587,0.002233,172.217.194.0-255,4320,153896,17,370111
28588,0.002236,172.31.36.0-255,66,153962,17,370111
28589,0.00225,172.31.36.0-255,66,154028,17,370111
28590,0.002254,172.217.194.0-255,2184,156212,17,370111
28591,0.002256,172.31.36.0-255,66,156278,17,370111
28592,0.002261,172.217.194.0-255,2902,159180,17,370111
28593,0.002263,172.31.36.0-255,66,159246,17,370111
28594,0.00227,172.217.194.0-255,7156,166402,17,370111
28595,0.002273,172.31.36.0-255,66,166468,17,370111
28596,0.002278,172.217.194.0-255,4320,170788,17,370111
28597,0.002281,172.31.36.0-255,66,170854,17,370111
28598,0.00232,172.31.36.0-255,66,170920,17,370111
28599,0.002327,172.217.194.0-255,4320,175240,17,370111
28600,0.00233,172.31.36.0-255,66,175306,17,370111
28601,0.002357,172.217.194.0-255,6438,181744,17,370111
28602,0.002359,172.31.36.0-255,66,181810,17,370111
28603,0.004695,172.217.194.0-255,5738,187548,17,370111
28604,0.004704,172.31.36.0-255,66,187614,17,370111
28605,0.007056,172.217.194.0-255,5738,193352,17,370111
28606,0.007063,172.31.36.0-255,66,193418,17,370111
28607,0.009439,172.217.194.0-255,5738,199156,17,370111
28608,0.009449,172.31.36.0-255,66,199222,17,370111
28609,0.011788,172.217.194.0-255,5738,204960,17,370111
28610,0.011796,172.31.36.0-255,66,205026,17,370111
28611,0.01416,172.217.194.0-255,5738,210764,17,370111
28612,0.014168,172.31.36.0-255,66,210830,17,370111
28613,0.016539,172.217.194.0-255,5738,216568,17,370111
28614,0.016551,172.31.36.0-255,66,216634,17,370111
28615,0.018914,172.217.194.0-255,5738,222372,17,370111
28616,0.018924,172.31.36.0-255,66,222438,17,370111
28617,0.021267,172.217.194.0-255,5738,228176,17,370111
28618,0.021274,172.31.36.0-255,66,228242,17,370111
28619,0.023606,172.217.194.0-255,2902,231144,17,370111
28620,0.023613,172.31.36.0-255,66,231210,17,370111
28621,0.023647,172.217.194.0-255,2902,234112,17,370111
28622,0.023651,172.31.36.0-255,66,234178,17,370111
28623,0.025973,172.217.194.0-255,4320,238498,17,370111
28624,0.02598,172.31.36.0-255,66,238564,17,370111
28625,0.026008,172.217.194.0-255,1484,240048,17,370111
28626,0.027174,172.31.36.0-255,172,240220,17,370111
28627,0.027217,172.31.36.0-255,1118,241338,17,370111
28628,0.027292,172.31.36.0-255,1514,242852,17,370111
28629,0.027317,172.31.36.0-255,1270,244122,17,370111
28630,0.028326,172.217.194.0-255,4320,248442,17,370111
28631,0.028333,172.31.36.0-255,66,248508,17,370111
28632,0.028737,104.244.42.0-255,66,248574,17,370111
28633,0.028744,104.244.42.0-255,66,248640,17,370111
28634,0.028843,104.244.42.0-255,66,248706,17,370111
28635,0.030676,172.217.194.0-255,2902,251608,17,370111
28636,0.030681,172.31.36.0-255,66,251674,17,370111
28637,0.030716,172.217.194.0-255,2902,254576,17,370111
28638,0.030719,172.31.36.0-255,66,254642,17,370111
28639,0.033017,172.217.194.0-255,2902,257544,17,370111
28640,0.033022,172.31.36.0-255,66,257610,17,370111
28641,0.033063,172.217.194.0-255,2902,260512,17,370111
28642,0.033067,172.31.36.0-255,66,260578,17,370111
28643,0.035352,172.217.194.0-255,2902,263480,17,370111
28644,0.035359,172.31.36.0-255,66,263546,17,370111
28645,0.035397,172.217.194.0-255,2902,266448,17,370111
28646,0.035399,172.31.36.0-255,66,266514,17,370111
28647,0.037705,172.217.194.0-255,2902,269416,17,370111
28648,0.03771,172.31.36.0-255,66,269482,17,370111
28649,0.037751,172.217.194.0-255,2902,272384,17,370111
28650,0.037754,172.31.36.0-255,66,272450,17,370111
28651,0.040044,172.217.194.0-255,2902,275352,17,370111
28652,0.040049,172.31.36.0-255,66,275418,17,370111
28653,0.040084,172.217.194.0-255,2902,278320,17,370111
28654,0.040088,172.31.36.0-255,66,278386,17,370111
28655,0.042406,172.217.194.0-255,2902,281288,17,370111
28656,0.042411,172.31.36.0-255,66,281354,17,370111
28657,0.042448,172.217.194.0-255,2902,284256,17,370111
28658,0.042452,172.31.36.0-255,66,284322,17,370111
28659,0.044734,172.217.194.0-255,2902,287224,17,370111
28660,0.044739,172.31.36.0-255,66,287290,17,370111
28661,0.044773,172.217.194.0-255,2902,290192,17,370111
28662,0.044776,172.31.36.0-255,66,290258,17,370111
28663,0.047072,172.217.194.0-255,2902,293160,17,370111
28664,0.047077,172.31.36.0-255,66,293226,17,370111
28665,0.047132,172.217.194.0-255,2902,296128,17,370111
28666,0.047136,172.31.36.0-255,66,296194,17,370111
28667,0.049418,172.217.194.0-255,2902,299096,17,370111
28668,0.049424,172.31.36.0-255,66,299162,17,370111
28669,0.049468,172.217.194.0-255,2902,302064,17,370111
28670,0.049471,172.31.36.0-255,66,302130,17,370111
28671,0.051779,172.217.194.0-255,2902,305032,17,370111
28672,0.051786,172.31.36.0-255,66,305098,17,370111
28673,0.051822,172.217.194.0-255,2902,308000,17,370111
28674,0.051825,172.31.36.0-255,66,308066,17,370111
28675,0.054122,172.217.194.0-255,2902,310968,17,370111
28676,0.054128,172.31.36.0-255,66,311034,17,370111
28677,0.054203,172.217.194.0-255,2902,313936,17,370111
28678,0.054208,172.31.36.0-255,66,314002,17,370111
28679,0.056464,172.217.194.0-255,2902,316904,17,370111
28680,0.056468,172.31.36.0-255,66,316970,17,370111
28681,0.056521,172.217.194.0-255,2902,319872,17,370111
28682,0.056525,172.31.36.0-255,66,319938,17,370111
28683,0.058805,172.217.194.0-255,1484,321422,17,370111
28684,0.058849,172.217.194.0-255,4320,325742,17,370111
28685,0.058854,172.31.36.0-255,66,325808,17,370111
28686,0.061202,172.217.194.0-255,5738,331546,17,370111
28687,0.061208,172.31.36.0-255,66,331612,17,370111
28688,0.063555,172.217.194.0-255,5738,337350,17,370111
28689,0.063562,172.31.36.0-255,66,337416,17,370111
28690,0.065922,172.217.194.0-255,5738,343154,17,370111
28691,0.065927,172.31.36.0-255,66,343220,17,370111
28692,0.06828,172.217.194.0-255,5738,348958,17,370111
28693,0.068286,172.31.36.0-255,66,349024,17,370111
28694,0.070628,172.217.194.0-255,5738,354762,17,370111
28695,0.070634,172.31.36.0-255,66,354828,17,370111
28696,0.072966,172.217.194.0-255,5738,360566,17,370111
28697,0.072972,172.31.36.0-255,66,360632,17,370111
28698,0.075329,172.217.194.0-255,4320,364952,17,370111
28699,0.075334,172.31.36.0-255,66,365018,17,370111
28700,0.075369,172.217.194.0-255,1484,366502,17,370111
28701,0.07767,172.217.194.0-255,3372,369874,17,370111
28702,0.077675,172.31.36.0-255,66,369940,17,370111
28703,0.077868,172.31.36.0-255,105,370045,17,370111
28704,0.08018,172.217.194.0-255,66,370111,17,370111
28705,0.0,172.217.27.0-255,146,146,17,397583
28706,3.4e-05,172.31.36.0-255,66,212,17,397583
28707,4.1e-05,172.217.27.0-255,1484,1696,17,397583
28708,4.5e-05,172.31.36.0-255,66,1762,17,397583
28709,5e-05,172.217.27.0-255,2902,4664,17,397583
28710,5.3e-05,172.31.36.0-255,66,4730,17,397583
28711,5.9e-05,172.217.27.0-255,5738,10468,17,397583
28712,6.2e-05,172.31.36.0-255,66,10534,17,397583
28713,6.5e-05,172.217.27.0-255,1484,12018,17,397583
28714,6.7e-05,172.31.36.0-255,66,12084,17,397583
28715,8.4e-05,172.217.27.0-255,2066,14150,17,397583
28716,8.7e-05,172.31.36.0-255,66,14216,17,397583
28717,0.000197,172.217.27.0-255,1484,15700,17,397583
28718,0.000203,172.31.36.0-255,66,15766,17,397583
28719,0.000209,172.217.27.0-255,2902,18668,17,397583
28720,0.000211,172.31.36.0-255,66,18734,17,397583
28721,0.000217,172.217.27.0-255,5738,24472,17,397583
28722,0.000219,172.31.36.0-255,66,24538,17,397583
28723,0.000228,172.217.27.0-255,6797,31335,17,397583
28724,0.00023,172.31.36.0-255,66,31401,17,397583
28725,0.00026,172.217.27.0-255,7156,38557,17,397583
28726,0.000263,172.31.36.0-255,66,38623,17,397583
28727,0.000267,172.217.27.0-255,1484,40107,17,397583
28728,0.000269,172.31.36.0-255,66,40173,17,397583
28729,0.000297,172.31.36.0-255,66,40239,17,397583
28730,0.000332,172.217.27.0-255,5738,45977,17,397583
28731,0.000334,172.31.36.0-255,66,46043,17,397583
28732,0.000357,172.217.27.0-255,5347,51390,17,397583
28733,0.00036,172.31.36.0-255,66,51456,17,397583
28734,0.001022,172.217.27.0-255,116,51572,17,397583
28735,0.001028,172.31.36.0-255,66,51638,17,397583
28736,0.001191,172.217.27.0-255,1484,53122,17,397583
28737,0.001198,172.217.27.0-255,2902,56024,17,397583
28738,0.001202,172.31.36.0-255,66,56090,17,397583
28739,0.001209,172.217.27.0-255,4320,60410,17,397583
28740,0.001211,172.31.36.0-255,66,60476,17,397583
28741,0.001232,172.217.27.0-255,1484,61960,17,397583
28742,0.001244,172.31.36.0-255,66,62026,17,397583
28743,0.00125,172.217.27.0-255,5738,67764,17,397583
28744,0.001252,172.31.36.0-255,66,67830,17,397583
28745,0.001271,172.217.27.0-255,5738,73568,17,397583
28746,0.001274,172.31.36.0-255,66,73634,17,397583
28747,0.001278,172.217.27.0-255,2184,75818,17,397583
28748,0.00128,172.31.36.0-255,66,75884,17,397583
28749,0.002922,172.217.27.0-255,5738,81622,17,397583
28750,0.002928,172.31.36.0-255,66,81688,17,397583
28751,0.004586,172.217.27.0-255,5738,87426,17,397583
28752,0.004591,172.31.36.0-255,66,87492,17,397583
28753,0.006241,172.217.27.0-255,5738,93230,17,397583
28754,0.006246,172.31.36.0-255,66,93296,17,397583
28755,0.007896,172.217.27.0-255,5738,99034,17,397583
28756,0.007903,172.31.36.0-255,66,99100,17,397583
28757,0.009569,172.217.27.0-255,5738,104838,17,397583
28758,0.009577,172.31.36.0-255,66,104904,17,397583
28759,0.011237,172.217.27.0-255,5738,110642,17,397583
28760,0.011244,172.31.36.0-255,66,110708,17,397583
28761,0.012906,172.217.27.0-255,5738,116446,17,397583
28762,0.012914,172.31.36.0-255,66,116512,17,397583
28763,0.014565,172.217.27.0-255,5738,122250,17,397583
28764,0.014573,172.31.36.0-255,66,122316,17,397583
28765,0.016227,172.217.27.0-255,5738,128054,17,397583
28766,0.016236,172.31.36.0-255,66,128120,17,397583
28767,0.017895,172.217.27.0-255,5738,133858,17,397583
28768,0.017901,172.31.36.0-255,66,133924,17,397583
28769,0.019561,172.217.27.0-255,5738,139662,17,397583
28770,0.019567,172.31.36.0-255,66,139728,17,397583
28771,0.021228,172.217.27.0-255,5738,145466,17,397583
28772,0.021235,172.31.36.0-255,66,145532,17,397583
28773,0.022898,172.217.27.0-255,5738,151270,17,397583
28774,0.022904,172.31.36.0-255,66,151336,17,397583
28775,0.02456,172.217.27.0-255,5738,157074,17,397583
28776,0.024567,172.31.36.0-255,66,157140,17,397583
28777,0.026229,172.217.27.0-255,5738,162878,17,397583
28778,0.026236,172.31.36.0-255,66,162944,17,397583
28779,0.0267,172.31.36.0-255,172,163116,17,397583
28780,0.026726,172.31.36.0-255,1117,164233,17,397583
28781,0.02677,172.31.36.0-255,1514,165747,17,397583
28782,0.026771,172.31.36.0-255,1271,167018,17,397583
28783,0.027898,172.217.27.0-255,5738,172756,17,397583
28784,0.027904,172.31.36.0-255,66,172822,17,397583
28785,0.028275,104.244.42.0-255,66,172888,17,397583
28786,0.028284,104.244.42.0-255,66,172954,17,397583
28787,0.028356,104.244.42.0-255,66,173020,17,397583
28788,0.029557,172.217.27.0-255,5738,178758,17,397583
28789,0.029561,172.31.36.0-255,66,178824,17,397583
28790,0.031213,172.217.27.0-255,5738,184562,17,397583
28791,0.031219,172.31.36.0-255,66,184628,17,397583
28792,0.032869,172.217.27.0-255,5738,190366,17,397583
28793,0.032876,172.31.36.0-255,66,190432,17,397583
28794,0.034524,172.217.27.0-255,5738,196170,17,397583
28795,0.034529,172.31.36.0-255,66,196236,17,397583
28796,0.036203,172.217.27.0-255,5738,201974,17,397583
28797,0.03621,172.31.36.0-255,66,202040,17,397583
28798,0.037866,172.217.27.0-255,5738,207778,17,397583
28799,0.037872,172.31.36.0-255,66,207844,17,397583
28800,0.039529,172.217.27.0-255,5738,213582,17,397583
28801,0.039535,172.31.36.0-255,66,213648,17,397583
28802,0.041214,172.217.27.0-255,5738,219386,17,397583
28803,0.041236,172.31.36.0-255,66,219452,17,397583
28804,0.042896,172.217.27.0-255,5738,225190,17,397583
28805,0.042902,172.31.36.0-255,66,225256,17,397583
28806,0.044566,172.217.27.0-255,5738,230994,17,397583
28807,0.044572,172.31.36.0-255,66,231060,17,397583
28808,0.04624,172.217.27.0-255,5738,236798,17,397583
28809,0.046245,172.31.36.0-255,66,236864,17,397583
28810,0.047908,172.217.27.0-255,5738,242602,17,397583
28811,0.047914,172.31.36.0-255,66,242668,17,397583
28812,0.049562,172.217.27.0-255,5738,248406,17,397583
28813,0.049567,172.31.36.0-255,66,248472,17,397583
28814,0.05122,172.217.27.0-255,5738,254210,17,397583
28815,0.051226,172.31.36.0-255,66,254276,17,397583
28816,0.052886,172.217.27.0-255,5738,260014,17,397583
28817,0.052892,172.31.36.0-255,66,260080,17,397583
28818,0.054546,172.217.27.0-255,5738,265818,17,397583
28819,0.054551,172.31.36.0-255,66,265884,17,397583
28820,0.056207,172.217.27.0-255,5738,271622,17,397583
28821,0.056213,172.31.36.0-255,66,271688,17,397583
28822,0.057864,172.217.27.0-255,5738,277426,17,397583
28823,0.05787,172.31.36.0-255,66,277492,17,397583
28824,0.059526,172.217.27.0-255,5738,283230,17,397583
28825,0.059531,172.31.36.0-255,66,283296,17,397583
28826,0.061186,172.217.27.0-255,5738,289034,17,397583
28827,0.061192,172.31.36.0-255,66,289100,17,397583
28828,0.06286,172.217.27.0-255,5738,294838,17,397583
28829,0.062864,172.31.36.0-255,66,294904,17,397583
28830,0.064511,172.217.27.0-255,5738,300642,17,397583
28831,0.064517,172.31.36.0-255,66,300708,17,397583
28832,0.06617,172.217.27.0-255,5738,306446,17,397583
28833,0.066175,172.31.36.0-255,66,306512,17,397583
28834,0.067827,172.217.27.0-255,5738,312250,17,397583
28835,0.067833,172.31.36.0-255,66,312316,17,397583
28836,0.069487,172.217.27.0-255,5738,318054,17,397583
28837,0.069492,172.31.36.0-255,66,318120,17,397583
28838,0.071142,172.217.27.0-255,5738,323858,17,397583
28839,0.071147,172.31.36.0-255,66,323924,17,397583
28840,0.072799,172.217.27.0-255,4320,328244,17,397583
28841,0.072804,172.31.36.0-255,66,328310,17,397583
28842,0.072834,172.217.27.0-255,1484,329794,17,397583
28843,0.074459,172.217.27.0-255,2902,332696,17,397583
28844,0.074465,172.31.36.0-255,66,332762,17,397583
28845,0.074499,172.217.27.0-255,1484,334246,17,397583
28846,0.076118,172.217.27.0-255,4320,338566,17,397583
28847,0.076124,172.31.36.0-255,66,338632,17,397583
28848,0.077792,172.217.27.0-255,5738,344370,17,397583
28849,0.077798,172.31.36.0-255,66,344436,17,397583
28850,0.079453,172.217.27.0-255,5738,350174,17,397583
28851,0.079459,172.31.36.0-255,66,350240,17,397583
28852,0.08111,172.217.27.0-255,4320,354560,17,397583
28853,0.081114,172.31.36.0-255,66,354626,17,397583
28854,0.081137,172.217.27.0-255,1484,356110,17,397583
28855,0.082772,172.217.27.0-255,4320,360430,17,397583
28856,0.082777,172.31.36.0-255,66,360496,17,397583
28857,0.084434,172.217.27.0-255,5738,366234,17,397583
28858,0.084439,172.31.36.0-255,66,366300,17,397583
28859,0.086097,172.217.27.0-255,5738,372038,17,397583
28860,0.086102,172.31.36.0-255,66,372104,17,397583
28861,0.087751,172.217.27.0-255,5738,377842,17,397583
28862,0.087757,172.31.36.0-255,66,377908,17,397583
28863,0.089419,172.217.27.0-255,5738,383646,17,397583
28864,0.089424,172.31.36.0-255,66,383712,17,397583
28865,0.091072,172.217.27.0-255,5738,389450,17,397583
28866,0.091078,172.31.36.0-255,66,389516,17,397583
28867,0.092733,172.217.27.0-255,5738,395254,17,397583
28868,0.092738,172.31.36.0-255,66,395320,17,397583
28869,0.094388,172.217.27.0-255,2026,397346,17,397583
28870,0.094394,172.31.36.0-255,66,397412,17,397583
28871,0.094572,172.31.36.0-255,105,397517,17,397583
28872,0.096207,172.217.27.0-255,66,397583,17,397583
28873,0.0,74.125.68.0-255,153,153,17,317458
28874,3.3e-05,172.31.36.0-255,66,219,17,317458
28875,4e-05,74.125.68.0-255,1484,1703,17,317458
28876,4.4e-05,172.31.36.0-255,66,1769,17,317458
28877,4.9e-05,74.125.68.0-255,2902,4671,17,317458
28878,5.2e-05,172.31.36.0-255,66,4737,17,317458
28879,5.5e-05,74.125.68.0-255,1484,6221,17,317458
28880,5.8e-05,172.31.36.0-255,66,6287,17,317458
28881,9.4e-05,74.125.68.0-255,2902,9189,17,317458
28882,9.7e-05,172.31.36.0-255,66,9255,17,317458
28883,0.0001,74.125.68.0-255,1484,10739,17,317458
28884,0.000104,172.31.36.0-255,66,10805,17,317458
28885,0.000121,74.125.68.0-255,3512,14317,17,317458
28886,0.000123,172.31.36.0-255,66,14383,17,317458
28887,0.000142,74.125.68.0-255,2902,17285,17,317458
28888,0.000144,172.31.36.0-255,66,17351,17,317458
28889,0.000163,74.125.68.0-255,2902,20253,17,317458
28890,0.000166,172.31.36.0-255,66,20319,17,317458
28891,0.000169,74.125.68.0-255,1484,21803,17,317458
28892,0.00017,172.31.36.0-255,66,21869,17,317458
28893,0.000209,172.31.36.0-255,66,21935,17,317458
28894,0.000213,74.125.68.0-255,1125,23060,17,317458
28895,0.000215,172.31.36.0-255,66,23126,17,317458
28896,0.001214,74.125.68.0-255,1484,24610,17,317458
28897,0.001221,172.31.36.0-255,66,24676,17,317458
28898,0.001227,74.125.68.0-255,1484,26160,17,317458
28899,0.001229,172.31.36.0-255,66,26226,17,317458
28900,0.001253,74.125.68.0-255,2902,29128,17,317458
28901,0.001255,172.31.36.0-255,66,29194,17,317458
28902,0.001261,74.125.68.0-255,4320,33514,17,317458
28903,0.001263,172.31.36.0-255,66,33580,17,317458
28904,0.001277,74.125.68.0-255,1484,35064,17,317458
28905,0.001282,74.125.68.0-255,4320,39384,17,317458
28906,0.001285,172.31.36.0-255,66,39450,17,317458
28907,0.001312,74.125.68.0-255,5379,44829,17,317458
28908,0.001316,172.31.36.0-255,66,44895,17,317458
28909,0.001334,74.125.68.0-255,4320,49215,17,317458
28910,0.001337,172.31.36.0-255,66,49281,17,317458
28911,0.001349,74.125.68.0-255,2902,52183,17,317458
28912,0.001352,172.31.36.0-255,66,52249,17,317458
28913,0.001387,74.125.68.0-255,5650,57899,17,317458
28914,0.001391,172.31.36.0-255,66,57965,17,317458
28915,0.00165,74.125.68.0-255,1484,59449,17,317458
28916,0.001676,74.125.68.0-255,2902,62351,17,317458
28917,0.001678,172.31.36.0-255,66,62417,17,317458
28918,0.001682,74.125.68.0-255,1484,63901,17,317458
28919,0.001685,74.125.68.0-255,1484,65385,17,317458
28920,0.001686,172.31.36.0-255,66,65451,17,317458
28921,0.001699,74.125.68.0-255,1484,66935,17,317458
28922,0.001712,74.125.68.0-255,4320,71255,17,317458
28923,0.001715,172.31.36.0-255,66,71321,17,317458
28924,0.001732,74.125.68.0-255,1484,72805,17,317458
28925,0.001736,74.125.68.0-255,2902,75707,17,317458
28926,0.001738,172.31.36.0-255,66,75773,17,317458
28927,0.001754,74.125.68.0-255,4320,80093,17,317458
28928,0.001757,172.31.36.0-255,66,80159,17,317458
28929,0.001791,74.125.68.0-255,2902,83061,17,317458
28930,0.001793,172.31.36.0-255,66,83127,17,317458
28931,0.001815,74.125.68.0-255,5738,88865,17,317458
28932,0.001817,172.31.36.0-255,66,88931,17,317458
28933,0.001835,74.125.68.0-255,3602,92533,17,317458
28934,0.001838,172.31.36.0-255,66,92599,17,317458
28935,0.002147,74.125.68.0-255,133,92732,17,317458
28936,0.004349,74.125.68.0-255,4320,97052,17,317458
28937,0.004353,172.31.36.0-255,66,97118,17,317458
28938,0.006877,74.125.68.0-255,5738,102856,17,317458
28939,0.006883,172.31.36.0-255,66,102922,17,317458
28940,0.009404,74.125.68.0-255,5738,108660,17,317458
28941,0.009411,172.31.36.0-255,66,108726,17,317458
28942,0.011924,74.125.68.0-255,5738,114464,17,317458
28943,0.011931,172.31.36.0-255,66,114530,17,317458
28944,0.014449,74.125.68.0-255,5738,120268,17,317458
28945,0.014458,172.31.36.0-255,66,120334,17,317458
28946,0.016995,74.125.68.0-255,5738,126072,17,317458
28947,0.017009,172.31.36.0-255,66,126138,17,317458
28948,0.01955,74.125.68.0-255,5738,131876,17,317458
28949,0.019559,172.31.36.0-255,66,131942,17,317458
28950,0.022069,74.125.68.0-255,5738,137680,17,317458
28951,0.022076,172.31.36.0-255,66,137746,17,317458
28952,0.024607,74.125.68.0-255,5738,143484,17,317458
28953,0.024618,172.31.36.0-255,66,143550,17,317458
28954,0.027137,74.125.68.0-255,5738,149288,17,317458
28955,0.027144,172.31.36.0-255,66,149354,17,317458
28956,0.027303,172.31.36.0-255,172,149526,17,317458
28957,0.027335,172.31.36.0-255,1118,150644,17,317458
28958,0.027371,172.31.36.0-255,1514,152158,17,317458
28959,0.027373,172.31.36.0-255,1270,153428,17,317458
28960,0.028862,104.244.42.0-255,66,153494,17,317458
28961,0.028915,104.244.42.0-255,66,153560,17,317458
28962,0.02896,104.244.42.0-255,66,153626,17,317458
28963,0.029652,74.125.68.0-255,5738,159364,17,317458
28964,0.029657,172.31.36.0-255,66,159430,17,317458
28965,0.032177,74.125.68.0-255,5738,165168,17,317458
28966,0.032182,172.31.36.0-255,66,165234,17,317458
28967,0.034697,74.125.68.0-255,5738,170972,17,317458
28968,0.034703,172.31.36.0-255,66,171038,17,317458
28969,0.037218,74.125.68.0-255,2902,173940,17,317458
28970,0.037223,172.31.36.0-255,66,174006,17,317458
28971,0.037254,74.125.68.0-255,2902,176908,17,317458
28972,0.037256,172.31.36.0-255,66,176974,17,317458
28973,0.03977,74.125.68.0-255,2902,179876,17,317458
28974,0.039776,172.31.36.0-255,66,179942,17,317458
28975,0.039808,74.125.68.0-255,2902,182844,17,317458
28976,0.039811,172.31.36.0-255,66,182910,17,317458
28977,0.042285,74.125.68.0-255,2902,185812,17,317458
28978,0.042305,172.31.36.0-255,66,185878,17,317458
28979,0.042323,74.125.68.0-255,2902,188780,17,317458
28980,0.042327,172.31.36.0-255,66,188846,17,317458
28981,0.044822,74.125.68.0-255,2902,191748,17,317458
28982,0.044828,172.31.36.0-255,66,191814,17,317458
28983,0.04486,74.125.68.0-255,2902,194716,17,317458
28984,0.044863,172.31.36.0-255,66,194782,17,317458
28985,0.04735,74.125.68.0-255,2902,197684,17,317458
28986,0.047356,172.31.36.0-255,66,197750,17,317458
28987,0.047378,74.125.68.0-255,2902,200652,17,317458
28988,0.04738,172.31.36.0-255,66,200718,17,317458
28989,0.049875,74.125.68.0-255,2902,203620,17,317458
28990,0.049881,172.31.36.0-255,66,203686,17,317458
28991,0.049911,74.125.68.0-255,2902,206588,17,317458
28992,0.049914,172.31.36.0-255,66,206654,17,317458
28993,0.052394,74.125.68.0-255,2902,209556,17,317458
28994,0.052399,172.31.36.0-255,66,209622,17,317458
28995,0.052433,74.125.68.0-255,2902,212524,17,317458
28996,0.052436,172.31.36.0-255,66,212590,17,317458
28997,0.054919,74.125.68.0-255,2902,215492,17,317458
28998,0.054924,172.31.36.0-255,66,215558,17,317458
28999,0.054954,74.125.68.0-255,2902,218460,17,317458
29000,0.054957,172.31.36.0-255,66,218526,17,317458
29001,0.057445,74.125.68.0-255,2902,221428,17,317458
29002,0.05745,172.31.36.0-255,66,221494,17,317458
29003,0.05748,74.125.68.0-255,2902,224396,17,317458
29004,0.057483,172.31.36.0-255,66,224462,17,317458
29005,0.059955,74.125.68.0-255,1484,225946,17,317458
29006,0.059988,74.125.68.0-255,4320,230266,17,317458
29007,0.059993,172.31.36.0-255,66,230332,17,317458
29008,0.062528,74.125.68.0-255,5738,236070,17,317458
29009,0.062537,172.31.36.0-255,66,236136,17,317458
29010,0.065087,74.125.68.0-255,5738,241874,17,317458
29011,0.065099,172.31.36.0-255,66,241940,17,317458
29012,0.067617,74.125.68.0-255,5738,247678,17,317458
29013,0.067627,172.31.36.0-255,66,247744,17,317458
29014,0.070179,74.125.68.0-255,5738,253482,17,317458
29015,0.070186,172.31.36.0-255,66,253548,17,317458
29016,0.072701,74.125.68.0-255,5738,259286,17,317458
29017,0.072708,172.31.36.0-255,66,259352,17,317458
29018,0.07522,74.125.68.0-255,5738,265090,17,317458
29019,0.075231,172.31.36.0-255,66,265156,17,317458
29020,0.077742,74.125.68.0-255,5738,270894,17,317458
29021,0.077749,172.31.36.0-255,66,270960,17,317458
29022,0.080277,74.125.68.0-255,5738,276698,17,317458
29023,0.080288,172.31.36.0-255,66,276764,17,317458
29024,0.082822,74.125.68.0-255,5738,282502,17,317458
29025,0.082836,172.31.36.0-255,66,282568,17,317458
29026,0.085362,74.125.68.0-255,5738,288306,17,317458
29027,0.085374,172.31.36.0-255,66,288372,17,317458
29028,0.087905,74.125.68.0-255,5738,294110,17,317458
29029,0.087916,172.31.36.0-255,66,294176,17,317458
29030,0.090446,74.125.68.0-255,5738,299914,17,317458
29031,0.090457,172.31.36.0-255,66,299980,17,317458
29032,0.093022,74.125.68.0-255,1484,301464,17,317458
29033,0.093066,74.125.68.0-255,4320,305784,17,317458
29034,0.093073,172.31.36.0-255,66,305850,17,317458
29035,0.095602,74.125.68.0-255,5738,311588,17,317458
29036,0.095617,172.31.36.0-255,66,311654,17,317458
29037,0.098144,74.125.68.0-255,5738,317392,17,317458
29038,0.098157,172.31.36.0-255,66,317458,17,317458
29039,0.0,74.125.200.0-255,153,153,17,365783
29040,3e-05,172.31.36.0-255,66,219,17,365783
29041,3.7e-05,74.125.200.0-255,1484,1703,17,365783
29042,4e-05,172.31.36.0-255,66,1769,17,365783
29043,4.5e-05,74.125.200.0-255,2902,4671,17,365783
29044,4.7e-05,172.31.36.0-255,66,4737,17,365783
29045,6.2e-05,74.125.200.0-255,7156,11893,17,365783
29046,6.5e-05,172.31.36.0-255,66,11959,17,365783
29047,6.9e-05,74.125.200.0-255,2031,13990,17,365783
29048,7.2e-05,172.31.36.0-255,66,14056,17,365783
29049,7.6e-05,74.125.200.0-255,2902,16958,17,365783
29050,7.8e-05,172.31.36.0-255,66,17024,17,365783
29051,8.2e-05,74.125.200.0-255,2902,19926,17,365783
29052,8.4e-05,172.31.36.0-255,66,19992,17,365783
29053,0.000113,74.125.200.0-255,4320,24312,17,365783
29054,0.000116,172.31.36.0-255,66,24378,17,365783
29055,0.000122,74.125.200.0-255,6797,31175,17,365783
29056,0.000124,172.31.36.0-255,66,31241,17,365783
29057,0.000192,74.125.200.0-255,1484,32725,17,365783
29058,0.000197,172.31.36.0-255,66,32791,17,365783
29059,0.0002,74.125.200.0-255,1484,34275,17,365783
29060,0.000202,172.31.36.0-255,66,34341,17,365783
29061,0.000224,74.125.200.0-255,2902,37243,17,365783
29062,0.000227,172.31.36.0-255,66,37309,17,365783
29063,0.000237,74.125.200.0-255,5738,43047,17,365783
29064,0.000239,172.31.36.0-255,66,43113,17,365783
29065,0.000269,74.125.200.0-255,5379,48492,17,365783
29066,0.000272,172.31.36.0-255,66,48558,17,365783
29067,0.000298,74.125.200.0-255,5738,54296,17,365783
29068,0.000301,172.31.36.0-255,66,54362,17,365783
29069,0.000304,74.125.200.0-255,1484,55846,17,365783
29070,0.000305,172.31.36.0-255,66,55912,17,365783
29071,0.000331,74.125.200.0-255,5738,61650,17,365783
29072,0.000338,172.31.36.0-255,66,61716,17,365783
29073,0.000366,74.125.200.0-255,4233,65949,17,365783
29074,0.000373,172.31.36.0-255,66,66015,17,365783
29075,0.000377,74.125.200.0-255,133,66148,17,365783
29076,0.000398,74.125.200.0-255,347,66495,17,365783
29077,0.000753,74.125.200.0-255,1484,67979,17,365783
29078,0.000754,172.31.36.0-255,66,68045,17,365783
29079,0.000757,74.125.200.0-255,2902,70947,17,365783
29080,0.000769,172.31.36.0-255,66,71013,17,365783
29081,0.000775,74.125.200.0-255,1484,72497,17,365783
29082,0.000797,74.125.200.0-255,2902,75399,17,365783
29083,0.000801,74.125.200.0-255,2902,78301,17,365783
29084,0.000807,172.31.36.0-255,66,78367,17,365783
29085,0.000819,74.125.200.0-255,5738,84105,17,365783
29086,0.000825,74.125.200.0-255,1484,85589,17,365783
29087,0.000828,172.31.36.0-255,66,85655,17,365783
29088,0.000839,74.125.200.0-255,2902,88557,17,365783
29089,0.000848,172.31.36.0-255,66,88623,17,365783
29090,0.000874,74.125.200.0-255,4320,92943,17,365783
29091,0.000885,172.31.36.0-255,66,93009,17,365783
29092,0.000885,74.125.200.0-255,1484,94493,17,365783
29093,0.000911,74.125.200.0-255,4320,98813,17,365783
29094,0.000915,74.125.200.0-255,2184,100997,17,365783
29095,0.000922,172.31.36.0-255,66,101063,17,365783
29096,0.001568,74.125.200.0-255,1484,102547,17,365783
29097,0.001576,74.125.200.0-255,2902,105449,17,365783
29098,0.001607,74.125.200.0-255,4320,109769,17,365783
29099,0.001619,74.125.200.0-255,1484,111253,17,365783
29100,0.001634,74.125.200.0-255,5738,116991,17,365783
29101,0.001643,74.125.200.0-255,1484,118475,17,365783
29102,0.001675,74.125.200.0-255,2902,121377,17,365783
29103,0.001688,74.125.200.0-255,3602,124979,17,365783
29104,0.004962,172.31.36.0-255,66,125045,17,365783
29105,0.007302,74.125.200.0-255,5738,130783,17,365783
29106,0.00731,172.31.36.0-255,66,130849,17,365783
29107,0.009644,74.125.200.0-255,5738,136587,17,365783
29108,0.009651,172.31.36.0-255,66,136653,17,365783
29109,0.011989,74.125.200.0-255,5738,142391,17,365783
29110,0.01217,172.31.36.0-255,66,142457,17,365783
29111,0.014521,74.125.200.0-255,5738,148195,17,365783
29112,0.014531,172.31.36.0-255,66,148261,17,365783
29113,0.016873,74.125.200.0-255,5738,153999,17,365783
29114,0.016881,172.31.36.0-255,66,154065,17,365783
29115,0.019236,74.125.200.0-255,5738,159803,17,365783
29116,0.019248,172.31.36.0-255,66,159869,17,365783
29117,0.021597,74.125.200.0-255,5738,165607,17,365783
29118,0.021603,172.31.36.0-255,66,165673,17,365783
29119,0.023941,74.125.200.0-255,5738,171411,17,365783
29120,0.02395,172.31.36.0-255,66,171477,17,365783
29121,0.02631,74.125.200.0-255,5738,177215,17,365783
29122,0.026317,172.31.36.0-255,66,177281,17,365783
29123,0.027634,172.31.36.0-255,188,177469,17,365783
29124,0.02768,172.31.36.0-255,961,178430,17,365783
29125,0.02769,172.31.36.0-255,1514,179944,17,365783
29126,0.027692,172.31.36.0-255,1427,181371,17,365783
29127,0.028656,74.125.200.0-255,5738,187109,17,365783
29128,0.028663,172.31.36.0-255,66,187175,17,365783
29129,0.029179,104.244.42.0-255,66,187241,17,365783
29130,0.02924,104.244.42.0-255,66,187307,17,365783
29131,0.029312,104.244.42.0-255,66,187373,17,365783
29132,0.031211,74.125.200.0-255,2902,190275,17,365783
29133,0.031215,172.31.36.0-255,66,190341,17,365783
29134,0.031251,74.125.200.0-255,2902,193243,17,365783
29135,0.03127,172.31.36.0-255,66,193309,17,365783
29136,0.033579,74.125.200.0-255,2902,196211,17,365783
29137,0.033585,172.31.36.0-255,66,196277,17,365783
29138,0.033619,74.125.200.0-255,2902,199179,17,365783
29139,0.033636,172.31.36.0-255,66,199245,17,365783
29140,0.035922,74.125.200.0-255,2902,202147,17,365783
29141,0.035927,172.31.36.0-255,66,202213,17,365783
29142,0.035959,74.125.200.0-255,2902,205115,17,365783
29143,0.03598,172.31.36.0-255,66,205181,17,365783
29144,0.038269,74.125.200.0-255,1484,206665,17,365783
29145,0.038305,74.125.200.0-255,1484,208149,17,365783
29146,0.03831,172.31.36.0-255,66,208215,17,365783
29147,0.038374,74.125.200.0-255,2902,211117,17,365783
29148,0.038378,172.31.36.0-255,66,211183,17,365783
29149,0.040645,74.125.200.0-255,2902,214085,17,365783
29150,0.040651,172.31.36.0-255,66,214151,17,365783
29151,0.040701,74.125.200.0-255,2902,217053,17,365783
29152,0.040731,172.31.36.0-255,66,217119,17,365783
29153,0.042998,74.125.200.0-255,2902,220021,17,365783
29154,0.043004,172.31.36.0-255,66,220087,17,365783
29155,0.043069,74.125.200.0-255,2902,222989,17,365783
29156,0.043083,172.31.36.0-255,66,223055,17,365783
29157,0.045346,74.125.200.0-255,2902,225957,17,365783
29158,0.045352,172.31.36.0-255,66,226023,17,365783
29159,0.0454,74.125.200.0-255,2902,228925,17,365783
29160,0.045428,172.31.36.0-255,66,228991,17,365783
29161,0.047688,74.125.200.0-255,2902,231893,17,365783
29162,0.047693,172.31.36.0-255,66,231959,17,365783
29163,0.047757,74.125.200.0-255,2902,234861,17,365783
29164,0.04777,172.31.36.0-255,66,234927,17,365783
29165,0.05003,74.125.200.0-255,2902,237829,17,365783
29166,0.050036,172.31.36.0-255,66,237895,17,365783
29167,0.050106,74.125.200.0-255,2902,240797,17,365783
29168,0.05011,172.31.36.0-255,66,240863,17,365783
29169,0.05237,74.125.200.0-255,2902,243765,17,365783
29170,0.052375,172.31.36.0-255,66,243831,17,365783
29171,0.052438,74.125.200.0-255,1484,245315,17,365783
29172,0.052453,74.125.200.0-255,1484,246799,17,365783
29173,0.052462,172.31.36.0-255,66,246865,17,365783
29174,0.054698,74.125.200.0-255,2902,249767,17,365783
29175,0.054703,172.31.36.0-255,66,249833,17,365783
29176,0.054796,74.125.200.0-255,1484,251317,17,365783
29177,0.05481,74.125.200.0-255,1484,252801,17,365783
29178,0.054813,172.31.36.0-255,66,252867,17,365783
29179,0.057033,74.125.200.0-255,2902,255769,17,365783
29180,0.057038,172.31.36.0-255,66,255835,17,365783
29181,0.057139,74.125.200.0-255,2902,258737,17,365783
29182,0.057144,172.31.36.0-255,66,258803,17,365783
29183,0.059368,74.125.200.0-255,2902,261705,17,365783
29184,0.059372,172.31.36.0-255,66,261771,17,365783
29185,0.059467,74.125.200.0-255,2902,264673,17,365783
29186,0.059471,172.31.36.0-255,66,264739,17,365783
29187,0.061714,74.125.200.0-255,2902,267641,17,365783
29188,0.061718,172.31.36.0-255,66,267707,17,365783
29189,0.061803,74.125.200.0-255,2902,270609,17,365783
29190,0.06181,172.31.36.0-255,66,270675,17,365783
29191,0.064047,74.125.200.0-255,1484,272159,17,365783
29192,0.064078,74.125.200.0-255,1484,273643,17,365783
29193,0.064082,172.31.36.0-255,66,273709,17,365783
29194,0.064131,74.125.200.0-255,2902,276611,17,365783
29195,0.064145,172.31.36.0-255,66,276677,17,365783
29196,0.066423,74.125.200.0-255,2902,279579,17,365783
29197,0.066428,172.31.36.0-255,66,279645,17,365783
29198,0.066468,74.125.200.0-255,2902,282547,17,365783
29199,0.066481,172.31.36.0-255,66,282613,17,365783
29200,0.068753,74.125.200.0-255,2902,285515,17,365783
29201,0.068757,172.31.36.0-255,66,285581,17,365783
29202,0.068861,74.125.200.0-255,2902,288483,17,365783
29203,0.068865,172.31.36.0-255,66,288549,17,365783
29204,0.071087,74.125.200.0-255,2902,291451,17,365783
29205,0.071092,172.31.36.0-255,66,291517,17,365783
29206,0.07121,74.125.200.0-255,2902,294419,17,365783
29207,0.071215,172.31.36.0-255,66,294485,17,365783
29208,0.073459,74.125.200.0-255,2902,297387,17,365783
29209,0.073468,172.31.36.0-255,66,297453,17,365783
29210,0.073578,74.125.200.0-255,2902,300355,17,365783
29211,0.073586,172.31.36.0-255,66,300421,17,365783
29212,0.075806,74.125.200.0-255,2902,303323,17,365783
29213,0.075811,172.31.36.0-255,66,303389,17,365783
29214,0.075912,74.125.200.0-255,2902,306291,17,365783
29215,0.075917,172.31.36.0-255,66,306357,17,365783
29216,0.078133,74.125.200.0-255,1484,307841,17,365783
29217,0.078158,74.125.200.0-255,1484,309325,17,365783
29218,0.078162,172.31.36.0-255,66,309391,17,365783
29219,0.078229,74.125.200.0-255,2902,312293,17,365783
29220,0.078232,172.31.36.0-255,66,312359,17,365783
29221,0.080497,74.125.200.0-255,2902,315261,17,365783
29222,0.080502,172.31.36.0-255,66,315327,17,365783
29223,0.080567,74.125.200.0-255,2902,318229,17,365783
29224,0.080587,172.31.36.0-255,66,318295,17,365783
29225,0.082841,74.125.200.0-255,2902,321197,17,365783
29226,0.082846,172.31.36.0-255,66,321263,17,365783
29227,0.082916,74.125.200.0-255,2902,324165,17,365783
29228,0.082937,172.31.36.0-255,66,324231,17,365783
29229,0.085178,74.125.200.0-255,2902,327133,17,365783
29230,0.085183,172.31.36.0-255,66,327199,17,365783
29231,0.085262,74.125.200.0-255,2902,330101,17,365783
29232,0.085275,172.31.36.0-255,66,330167,17,365783
29233,0.087512,74.125.200.0-255,2902,333069,17,365783
29234,0.087518,172.31.36.0-255,66,333135,17,365783
29235,0.087594,74.125.200.0-255,2902,336037,17,365783
29236,0.087609,172.31.36.0-255,66,336103,17,365783
29237,0.089846,74.125.200.0-255,2902,339005,17,365783
29238,0.089854,172.31.36.0-255,66,339071,17,365783
29239,0.089921,74.125.200.0-255,2902,341973,17,365783
29240,0.089958,172.31.36.0-255,66,342039,17,365783
29241,0.092195,74.125.200.0-255,2902,344941,17,365783
29242,0.092201,172.31.36.0-255,66,345007,17,365783
29243,0.092275,74.125.200.0-255,2902,347909,17,365783
29244,0.092291,172.31.36.0-255,66,347975,17,365783
29245,0.09454,74.125.200.0-255,2902,350877,17,365783
29246,0.094547,172.31.36.0-255,66,350943,17,365783
29247,0.094611,74.125.200.0-255,2902,353845,17,365783
29248,0.094626,172.31.36.0-255,66,353911,17,365783
29249,0.096883,74.125.200.0-255,2902,356813,17,365783
29250,0.096892,172.31.36.0-255,66,356879,17,365783
29251,0.096948,74.125.200.0-255,2902,359781,17,365783
29252,0.096974,172.31.36.0-255,66,359847,17,365783
29253,0.099224,74.125.200.0-255,2902,362749,17,365783
29254,0.099229,172.31.36.0-255,66,362815,17,365783
29255,0.099298,74.125.200.0-255,2902,365717,17,365783
29256,0.09932,172.31.36.0-255,66,365783,17,365783
29257,0.0,74.125.24.0-255,66,66,17,66
29258,0.0,74.125.200.0-255,150,150,17,376920
29259,3.4e-05,172.31.36.0-255,66,216,17,376920
29260,4.3e-05,74.125.200.0-255,1484,1700,17,376920
29261,4.7e-05,172.31.36.0-255,66,1766,17,376920
29262,5e-05,74.125.200.0-255,1484,3250,17,376920
29263,5.2e-05,172.31.36.0-255,66,3316,17,376920
29264,6.5e-05,74.125.200.0-255,2902,6218,17,376920
29265,6.9e-05,172.31.36.0-255,66,6284,17,376920
29266,7.4e-05,74.125.200.0-255,4320,10604,17,376920
29267,7.7e-05,172.31.36.0-255,66,10670,17,376920
29268,0.000103,74.125.200.0-255,1484,12154,17,376920
29269,0.000107,172.31.36.0-255,66,12220,17,376920
29270,0.000113,74.125.200.0-255,2030,14250,17,376920
29271,0.000115,172.31.36.0-255,66,14316,17,376920
29272,0.000119,74.125.200.0-255,2902,17218,17,376920
29273,0.000121,172.31.36.0-255,66,17284,17,376920
29274,0.000157,74.125.200.0-255,7156,24440,17,376920
29275,0.000161,172.31.36.0-255,66,24506,17,376920
29276,0.000165,74.125.200.0-255,2902,27408,17,376920
29277,0.000167,172.31.36.0-255,66,27474,17,376920
29278,0.000215,74.125.200.0-255,3961,31435,17,376920
29279,0.000218,172.31.36.0-255,66,31501,17,376920
29280,0.000272,74.125.200.0-255,1484,32985,17,376920
29281,0.000275,172.31.36.0-255,66,33051,17,376920
29282,0.000279,74.125.200.0-255,2902,35953,17,376920
29283,0.000281,172.31.36.0-255,66,36019,17,376920
29284,0.000313,74.125.200.0-255,5738,41757,17,376920
29285,0.000317,172.31.36.0-255,66,41823,17,376920
29286,0.000325,74.125.200.0-255,4320,46143,17,376920
29287,0.000327,172.31.36.0-255,66,46209,17,376920
29288,0.00034,74.125.200.0-255,2543,48752,17,376920
29289,0.000343,172.31.36.0-255,66,48818,17,376920
29290,0.000364,74.125.200.0-255,7156,55974,17,376920
29291,0.000367,172.31.36.0-255,66,56040,17,376920
29292,0.000394,74.125.200.0-255,5738,61778,17,376920
29293,0.000396,74.125.200.0-255,1484,63262,17,376920
29294,0.000399,172.31.36.0-255,66,63328,17,376920
29295,0.000427,74.125.200.0-255,2904,66232,17,376920
29296,0.000431,172.31.36.0-255,66,66298,17,376920
29297,0.000434,74.125.200.0-255,329,66627,17,376920
29298,0.000705,74.125.200.0-255,1484,68111,17,376920
29299,0.000709,172.31.36.0-255,66,68177,17,376920
29300,0.000714,74.125.200.0-255,2902,71079,17,376920
29301,0.000716,172.31.36.0-255,66,71145,17,376920
29302,0.000789,74.125.200.0-255,5738,76883,17,376920
29303,0.000793,172.31.36.0-255,66,76949,17,376920
29304,0.000801,74.125.200.0-255,7156,84105,17,376920
29305,0.000804,172.31.36.0-255,66,84171,17,376920
29306,0.000814,172.31.36.0-255,66,84237,17,376920
29307,0.000822,74.125.200.0-255,7156,91393,17,376920
29308,0.000824,172.31.36.0-255,66,91459,17,376920
29309,0.000855,74.125.200.0-255,766,92225,17,376920
29310,0.001037,74.125.200.0-255,1484,93709,17,376920
29311,0.00104,172.31.36.0-255,66,93775,17,376920
29312,0.001044,74.125.200.0-255,1484,95259,17,376920
29313,0.001064,74.125.200.0-255,1484,96743,17,376920
29314,0.001067,172.31.36.0-255,66,96809,17,376920
29315,0.001073,74.125.200.0-255,4320,101129,17,376920
29316,0.001075,172.31.36.0-255,66,101195,17,376920
29317,0.001099,74.125.200.0-255,1484,102679,17,376920
29318,0.001107,74.125.200.0-255,7156,109835,17,376920
29319,0.00111,172.31.36.0-255,66,109901,17,376920
29320,0.001129,172.31.36.0-255,66,109967,17,376920
29321,0.001151,74.125.200.0-255,4320,114287,17,376920
29322,0.001154,172.31.36.0-255,66,114353,17,376920
29323,0.001172,74.125.200.0-255,3602,117955,17,376920
29324,0.001175,172.31.36.0-255,66,118021,17,376920
29325,0.001553,74.125.200.0-255,1484,119505,17,376920
29326,0.001564,74.125.200.0-255,2902,122407,17,376920
29327,0.001568,172.31.36.0-255,66,122473,17,376920
29328,0.001573,74.125.200.0-255,1484,123957,17,376920
29329,0.001598,74.125.200.0-255,2902,126859,17,376920
29330,0.001602,172.31.36.0-255,66,126925,17,376920
29331,0.001608,74.125.200.0-255,5738,132663,17,376920
29332,0.00161,172.31.36.0-255,66,132729,17,376920
29333,0.001659,172.31.36.0-255,66,132795,17,376920
29334,0.001697,172.31.36.0-255,66,132861,17,376920
29335,0.00173,74.125.200.0-255,2902,135763,17,376920
29336,0.001733,172.31.36.0-255,66,135829,17,376920
29337,0.001762,74.125.200.0-255,5738,141567,17,376920
29338,0.001764,172.31.36.0-255,66,141633,17,376920
29339,0.00178,74.125.200.0-255,4320,145953,17,376920
29340,0.001787,172.31.36.0-255,66,146019,17,376920
29341,0.001811,74.125.200.0-255,2902,148921,17,376920
29342,0.001814,172.31.36.0-255,66,148987,17,376920
29343,0.001825,172.31.36.0-255,66,149053,17,376920
29344,0.00183,74.125.200.0-255,2902,151955,17,376920
29345,0.001832,172.31.36.0-255,66,152021,17,376920
29346,0.001878,74.125.200.0-255,4320,156341,17,376920
29347,0.001881,172.31.36.0-255,66,156407,17,376920
29348,0.001885,74.125.200.0-255,766,157173,17,376920
29349,0.002242,74.125.200.0-255,1484,158657,17,376920
29350,0.002249,172.31.36.0-255,66,158723,17,376920
29351,0.002254,74.125.200.0-255,2902,161625,17,376920
29352,0.002256,172.31.36.0-255,66,161691,17,376920
29353,0.002288,74.125.200.0-255,5738,167429,17,376920
29354,0.002291,172.31.36.0-255,66,167495,17,376920
29355,0.002295,74.125.200.0-255,2902,170397,17,376920
29356,0.002296,172.31.36.0-255,66,170463,17,376920
29357,0.002302,74.125.200.0-255,4320,174783,17,376920
29358,0.002304,172.31.36.0-255,66,174849,17,376920
29359,0.002307,74.125.200.0-255,1484,176333,17,376920
29360,0.002341,74.125.200.0-255,7156,183489,17,376920
29361,0.002344,172.31.36.0-255,66,183555,17,376920
29362,0.00235,74.125.200.0-255,5738,189293,17,376920
29363,0.002353,172.31.36.0-255,66,189359,17,376920
29364,0.002356,74.125.200.0-255,2184,191543,17,376920
29365,0.002359,172.31.36.0-255,66,191609,17,376920
29366,0.004656,74.125.200.0-255,4320,195929,17,376920
29367,0.004661,172.31.36.0-255,66,195995,17,376920
29368,0.004685,74.125.200.0-255,1484,197479,17,376920
29369,0.006983,74.125.200.0-255,4320,201799,17,376920
29370,0.00699,172.31.36.0-255,66,201865,17,376920
29371,0.009313,74.125.200.0-255,5738,207603,17,376920
29372,0.00932,172.31.36.0-255,66,207669,17,376920
29373,0.011683,74.125.200.0-255,5738,213407,17,376920
29374,0.01169,172.31.36.0-255,66,213473,17,376920
29375,0.014013,74.125.200.0-255,5738,219211,17,376920
29376,0.014023,172.31.36.0-255,66,219277,17,376920
29377,0.016384,74.125.200.0-255,5738,225015,17,376920
29378,0.016392,172.31.36.0-255,66,225081,17,376920
29379,0.018722,74.125.200.0-255,5738,230819,17,376920
29380,0.01873,172.31.36.0-255,66,230885,17,376920
29381,0.021058,74.125.200.0-255,5738,236623,17,376920
29382,0.021065,172.31.36.0-255,66,236689,17,376920
29383,0.023387,74.125.200.0-255,5738,242427,17,376920
29384,0.023395,172.31.36.0-255,66,242493,17,376920
29385,0.025717,74.125.200.0-255,5738,248231,17,376920
29386,0.025724,172.31.36.0-255,66,248297,17,376920
29387,0.02804,74.125.200.0-255,5738,254035,17,376920
29388,0.028048,172.31.36.0-255,66,254101,17,376920
29389,0.029314,172.31.36.0-255,200,254301,17,376920
29390,0.029344,172.31.36.0-255,1116,255417,17,376920
29391,0.029384,172.31.36.0-255,1514,256931,17,376920
29392,0.029386,172.31.36.0-255,1273,258204,17,376920
29393,0.030362,74.125.200.0-255,5738,263942,17,376920
29394,0.030368,172.31.36.0-255,66,264008,17,376920
29395,0.030863,104.244.42.0-255,66,264074,17,376920
29396,0.030891,104.244.42.0-255,66,264140,17,376920
29397,0.030936,104.244.42.0-255,66,264206,17,376920
29398,0.032693,74.125.200.0-255,5738,269944,17,376920
29399,0.032699,172.31.36.0-255,66,270010,17,376920
29400,0.034387,104.244.42.0-255,108,270118,17,376920
29401,0.034398,172.31.36.0-255,66,270184,17,376920
29402,0.035024,74.125.200.0-255,5738,275922,17,376920
29403,0.03503,172.31.36.0-255,66,275988,17,376920
29404,0.037352,74.125.200.0-255,5738,281726,17,376920
29405,0.037363,172.31.36.0-255,66,281792,17,376920
29406,0.039677,74.125.200.0-255,4320,286112,17,376920
29407,0.039682,172.31.36.0-255,66,286178,17,376920
29408,0.039712,74.125.200.0-255,1484,287662,17,376920
29409,0.041995,74.125.200.0-255,4320,291982,17,376920
29410,0.041999,172.31.36.0-255,66,292048,17,376920
29411,0.044316,74.125.200.0-255,5738,297786,17,376920
29412,0.044321,172.31.36.0-255,66,297852,17,376920
29413,0.046627,74.125.200.0-255,5738,303590,17,376920
29414,0.046632,172.31.36.0-255,66,303656,17,376920
29415,0.048944,74.125.200.0-255,5738,309394,17,376920
29416,0.04895,172.31.36.0-255,66,309460,17,376920
29417,0.051281,74.125.200.0-255,5738,315198,17,376920
29418,0.05129,172.31.36.0-255,66,315264,17,376920
29419,0.053603,74.125.200.0-255,5738,321002,17,376920
29420,0.053613,172.31.36.0-255,66,321068,17,376920
29421,0.055917,74.125.200.0-255,5738,326806,17,376920
29422,0.055922,172.31.36.0-255,66,326872,17,376920
29423,0.058265,74.125.200.0-255,5738,332610,17,376920
29424,0.058271,172.31.36.0-255,66,332676,17,376920
29425,0.060584,74.125.200.0-255,4320,336996,17,376920
29426,0.060589,172.31.36.0-255,66,337062,17,376920
29427,0.060615,74.125.200.0-255,1484,338546,17,376920
29428,0.062902,74.125.200.0-255,4320,342866,17,376920
29429,0.062907,172.31.36.0-255,66,342932,17,376920
29430,0.065217,74.125.200.0-255,5738,348670,17,376920
29431,0.065223,172.31.36.0-255,66,348736,17,376920
29432,0.067537,74.125.200.0-255,5738,354474,17,376920
29433,0.067544,172.31.36.0-255,66,354540,17,376920
29434,0.06987,74.125.200.0-255,5738,360278,17,376920
29435,0.069881,172.31.36.0-255,66,360344,17,376920
29436,0.072196,74.125.200.0-255,5738,366082,17,376920
29437,0.072201,172.31.36.0-255,66,366148,17,376920
29438,0.074515,74.125.200.0-255,5738,371886,17,376920
29439,0.074521,172.31.36.0-255,66,371952,17,376920
29440,0.076834,74.125.200.0-255,4731,376683,17,376920
29441,0.076838,172.31.36.0-255,66,376749,17,376920
29442,0.077046,172.31.36.0-255,105,376854,17,376920
29443,0.079329,74.125.200.0-255,66,376920,17,376920
29444,0.0,172.31.36.0-255,105,105,17,459
29445,0.000243,172.31.36.0-255,90,195,17,459
29446,0.000252,172.31.36.0-255,66,261,17,459
29447,0.002453,74.125.24.0-255,66,327,17,459
29448,0.003003,74.125.24.0-255,66,393,17,459
29449,0.003015,172.31.36.0-255,66,459,17,459
29450,0.0,74.125.24.0-255,152,152,17,230703
29451,2e-05,172.31.36.0-255,66,218,17,230703
29452,4e-05,74.125.24.0-255,1484,1702,17,230703
29453,4.4e-05,172.31.36.0-255,66,1768,17,230703
29454,5e-05,74.125.24.0-255,2902,4670,17,230703
29455,5.4e-05,172.31.36.0-255,66,4736,17,230703
29456,7.6e-05,74.125.24.0-255,7156,11892,17,230703
29457,7.9e-05,172.31.36.0-255,66,11958,17,230703
29458,8.3e-05,74.125.24.0-255,2039,13997,17,230703
29459,8.6e-05,172.31.36.0-255,66,14063,17,230703
29460,0.00013,74.125.24.0-255,7156,21219,17,230703
29461,0.000133,172.31.36.0-255,66,21285,17,230703
29462,0.000152,74.125.24.0-255,1484,22769,17,230703
29463,0.000154,172.31.36.0-255,66,22835,17,230703
29464,0.000183,74.125.24.0-255,4320,27155,17,230703
29465,0.000186,172.31.36.0-255,66,27221,17,230703
29466,0.000208,74.125.24.0-255,3961,31182,17,230703
29467,0.000212,172.31.36.0-255,66,31248,17,230703
29468,0.000452,74.125.24.0-255,1484,32732,17,230703
29469,0.000457,172.31.36.0-255,66,32798,17,230703
29470,0.000464,74.125.24.0-255,2902,35700,17,230703
29471,0.000466,172.31.36.0-255,66,35766,17,230703
29472,0.000473,74.125.24.0-255,5738,41504,17,230703
29473,0.000476,172.31.36.0-255,66,41570,17,230703
29474,0.000481,74.125.24.0-255,4320,45890,17,230703
29475,0.000484,172.31.36.0-255,66,45956,17,230703
29476,0.000538,74.125.24.0-255,3961,49917,17,230703
29477,0.000542,172.31.36.0-255,66,49983,17,230703
29478,0.000548,74.125.24.0-255,4320,54303,17,230703
29479,0.00055,172.31.36.0-255,66,54369,17,230703
29480,0.000555,74.125.24.0-255,2902,57271,17,230703
29481,0.000557,172.31.36.0-255,66,57337,17,230703
29482,0.000588,74.125.24.0-255,7156,64493,17,230703
29483,0.00059,74.125.24.0-255,1452,65945,17,230703
29484,0.000595,172.31.36.0-255,66,66011,17,230703
29485,0.000605,74.125.24.0-255,381,66392,17,230703
29486,0.000607,172.31.36.0-255,66,66458,17,230703
29487,0.001605,74.125.24.0-255,1484,67942,17,230703
29488,0.001616,74.125.24.0-255,2902,70844,17,230703
29489,0.00162,172.31.36.0-255,66,70910,17,230703
29490,0.001663,74.125.24.0-255,5738,76648,17,230703
29491,0.001666,172.31.36.0-255,66,76714,17,230703
29492,0.001671,74.125.24.0-255,2902,79616,17,230703
29493,0.001673,172.31.36.0-255,66,79682,17,230703
29494,0.001695,74.125.24.0-255,6797,86479,17,230703
29495,0.001697,172.31.36.0-255,66,86545,17,230703
29496,0.00171,172.31.36.0-255,66,86611,17,230703
29497,0.001742,172.31.36.0-255,66,86677,17,230703
29498,0.001775,74.125.24.0-255,2902,89579,17,230703
29499,0.001777,172.31.36.0-255,66,89645,17,230703
29500,0.001799,74.125.24.0-255,2184,91829,17,230703
29501,0.001801,172.31.36.0-255,66,91895,17,230703
29502,0.001828,74.125.24.0-255,2902,94797,17,230703
29503,0.00183,172.31.36.0-255,66,94863,17,230703
29504,0.001836,74.125.24.0-255,4320,99183,17,230703
29505,0.001839,172.31.36.0-255,66,99249,17,230703
29506,0.001856,74.125.24.0-255,4320,103569,17,230703
29507,0.001858,172.31.36.0-255,66,103635,17,230703
29508,0.001875,74.125.24.0-255,5202,108837,17,230703
29509,0.001879,172.31.36.0-255,66,108903,17,230703
29510,0.001891,172.31.36.0-255,66,108969,17,230703
29511,0.00193,172.31.36.0-255,66,109035,17,230703
29512,0.001935,74.125.24.0-255,3602,112637,17,230703
29513,0.001937,172.31.36.0-255,66,112703,17,230703
29514,0.002332,74.125.24.0-255,1484,114187,17,230703
29515,0.002337,74.125.24.0-255,2902,117089,17,230703
29516,0.00234,172.31.36.0-255,66,117155,17,230703
29517,0.002343,74.125.24.0-255,1484,118639,17,230703
29518,0.00236,74.125.24.0-255,2902,121541,17,230703
29519,0.002363,172.31.36.0-255,66,121607,17,230703
29520,0.00238,74.125.24.0-255,1484,123091,17,230703
29521,0.002387,74.125.24.0-255,5738,128829,17,230703
29522,0.002389,172.31.36.0-255,66,128895,17,230703
29523,0.002395,74.125.24.0-255,5738,134633,17,230703
29524,0.002398,172.31.36.0-255,66,134699,17,230703
29525,0.002426,74.125.24.0-255,4320,139019,17,230703
29526,0.002429,172.31.36.0-255,66,139085,17,230703
29527,0.002457,172.31.36.0-255,66,139151,17,230703
29528,0.002494,74.125.24.0-255,1484,140635,17,230703
29529,0.002497,74.125.24.0-255,1484,142119,17,230703
29530,0.0025,172.31.36.0-255,66,142185,17,230703
29531,0.002512,74.125.24.0-255,1484,143669,17,230703
29532,0.002526,74.125.24.0-255,4320,147989,17,230703
29533,0.002528,172.31.36.0-255,66,148055,17,230703
29534,0.002545,74.125.24.0-255,1484,149539,17,230703
29535,0.002552,74.125.24.0-255,5738,155277,17,230703
29536,0.002555,172.31.36.0-255,66,155343,17,230703
29537,0.002579,172.31.36.0-255,66,155409,17,230703
29538,0.002603,74.125.24.0-255,4320,159729,17,230703
29539,0.002606,172.31.36.0-255,66,159795,17,230703
29540,0.002612,74.125.24.0-255,5020,164815,17,230703
29541,0.002615,172.31.36.0-255,66,164881,17,230703
29542,0.002992,172.31.36.0-255,101,164982,17,230703
29543,0.003299,74.125.24.0-255,1484,166466,17,230703
29544,0.003306,74.125.24.0-255,2902,169368,17,230703
29545,0.00331,172.31.36.0-255,66,169434,17,230703
29546,0.003331,74.125.24.0-255,5738,175172,17,230703
29547,0.003334,172.31.36.0-255,66,175238,17,230703
29548,0.003373,74.125.24.0-255,7156,182394,17,230703
29549,0.003376,172.31.36.0-255,66,182460,17,230703
29550,0.003386,172.31.36.0-255,66,182526,17,230703
29551,0.003448,172.31.36.0-255,66,182592,17,230703
29552,0.003461,172.31.36.0-255,66,182658,17,230703
29553,0.003476,172.31.36.0-255,66,182724,17,230703
29554,0.003501,74.125.24.0-255,5020,187744,17,230703
29555,0.003504,172.31.36.0-255,66,187810,17,230703
29556,0.003522,74.125.24.0-255,1484,189294,17,230703
29557,0.003527,74.125.24.0-255,2902,192196,17,230703
29558,0.00353,172.31.36.0-255,66,192262,17,230703
29559,0.003533,74.125.24.0-255,1484,193746,17,230703
29560,0.00355,74.125.24.0-255,4320,198066,17,230703
29561,0.003553,172.31.36.0-255,66,198132,17,230703
29562,0.00356,74.125.24.0-255,5738,203870,17,230703
29563,0.003563,172.31.36.0-255,66,203936,17,230703
29564,0.003617,172.31.36.0-255,66,204002,17,230703
29565,0.003623,74.125.24.0-255,3602,207604,17,230703
29566,0.003626,172.31.36.0-255,66,207670,17,230703
29567,0.003629,74.125.24.0-255,1484,209154,17,230703
29568,0.003677,172.31.36.0-255,66,209220,17,230703
29569,0.003682,74.125.24.0-255,2902,212122,17,230703
29570,0.003685,172.31.36.0-255,66,212188,17,230703
29571,0.003695,172.31.36.0-255,66,212254,17,230703
29572,0.003698,74.125.24.0-255,1484,213738,17,230703
29573,0.003762,172.31.36.0-255,66,213804,17,230703
29574,0.003766,74.125.24.0-255,766,214570,17,230703
29575,0.003773,74.125.24.0-255,7156,221726,17,230703
29576,0.003777,172.31.36.0-255,66,221792,17,230703
29577,0.003817,74.125.24.0-255,4231,226023,17,230703
29578,0.003821,172.31.36.0-255,66,226089,17,230703
29579,0.003844,74.125.24.0-255,105,226194,17,230703
29580,0.005316,74.125.24.0-255,66,226260,17,230703
29581,0.00589,172.31.36.0-255,105,226365,17,230703
29582,0.008225,74.125.24.0-255,66,226431,17,230703
29583,0.03191,172.31.36.0-255,172,226603,17,230703
29584,0.031947,172.31.36.0-255,1118,227721,17,230703
29585,0.032007,172.31.36.0-255,1514,229235,17,230703
29586,0.032008,172.31.36.0-255,1270,230505,17,230703
29587,0.033592,104.244.42.0-255,66,230571,17,230703
29588,0.03363,104.244.42.0-255,66,230637,17,230703
29589,0.033648,104.244.42.0-255,66,230703,17,230703
29590,0.0,172.31.36.0-255,285,285,17,351
29591,0.006509,172.217.194.0-255,66,351,17,351
29592,0.0,172.217.194.0-255,216,216,17,278001
29593,1.7e-05,172.31.36.0-255,66,282,17,278001
29594,2.4e-05,172.217.194.0-255,1484,1766,17,278001
29595,2.9e-05,172.31.36.0-255,66,1832,17,278001
29596,3.6e-05,172.217.194.0-255,4320,6152,17,278001
29597,3.9e-05,172.31.36.0-255,66,6218,17,278001
29598,5.2e-05,172.31.36.0-255,66,6284,17,278001
29599,0.000192,172.217.194.0-255,1484,7768,17,278001
29600,0.000198,172.31.36.0-255,66,7834,17,278001
29601,0.000204,172.217.194.0-255,2902,10736,17,278001
29602,0.000207,172.31.36.0-255,66,10802,17,278001
29603,0.000213,172.217.194.0-255,5738,16540,17,278001
29604,0.000216,172.31.36.0-255,66,16606,17,278001
29605,0.000249,172.217.194.0-255,6797,23403,17,278001
29606,0.000252,172.31.36.0-255,66,23469,17,278001
29607,0.000374,172.217.194.0-255,1484,24953,17,278001
29608,0.000378,172.31.36.0-255,66,25019,17,278001
29609,0.000383,172.217.194.0-255,2902,27921,17,278001
29610,0.000386,172.31.36.0-255,66,27987,17,278001
29611,0.000406,172.217.194.0-255,1484,29471,17,278001
29612,0.000408,172.31.36.0-255,66,29537,17,278001
29613,0.000425,172.217.194.0-255,4320,33857,17,278001
29614,0.000428,172.31.36.0-255,66,33923,17,278001
29615,0.000443,172.31.36.0-255,66,33989,17,278001
29616,0.000446,172.217.194.0-255,1484,35473,17,278001
29617,0.000448,172.31.36.0-255,66,35539,17,278001
29618,0.000484,172.31.36.0-255,66,35605,17,278001
29619,0.000487,172.217.194.0-255,646,36251,17,278001
29620,0.000489,172.31.36.0-255,66,36317,17,278001
29621,0.001089,172.217.194.0-255,1484,37801,17,278001
29622,0.001097,172.217.194.0-255,2902,40703,17,278001
29623,0.001101,172.31.36.0-255,66,40769,17,278001
29624,0.001109,172.217.194.0-255,5738,46507,17,278001
29625,0.001111,172.31.36.0-255,66,46573,17,278001
29626,0.001114,172.217.194.0-255,1484,48057,17,278001
29627,0.001121,172.217.194.0-255,5738,53795,17,278001
29628,0.001123,172.31.36.0-255,66,53861,17,278001
29629,0.001139,172.217.194.0-255,2902,56763,17,278001
29630,0.001141,172.31.36.0-255,66,56829,17,278001
29631,0.001163,172.217.194.0-255,5738,62567,17,278001
29632,0.001165,172.31.36.0-255,66,62633,17,278001
29633,0.001195,172.31.36.0-255,66,62699,17,278001
29634,0.001246,172.31.36.0-255,66,62765,17,278001
29635,0.001266,172.217.194.0-255,2543,65308,17,278001
29636,0.001269,172.31.36.0-255,66,65374,17,278001
29637,0.001351,172.217.194.0-255,1484,66858,17,278001
29638,0.001358,172.217.194.0-255,2902,69760,17,278001
29639,0.001361,172.31.36.0-255,66,69826,17,278001
29640,0.001367,172.217.194.0-255,2902,72728,17,278001
29641,0.001368,172.31.36.0-255,66,72794,17,278001
29642,0.001383,172.217.194.0-255,2902,75696,17,278001
29643,0.001385,172.31.36.0-255,66,75762,17,278001
29644,0.001434,172.31.36.0-255,66,75828,17,278001
29645,0.001447,172.31.36.0-255,66,75894,17,278001
29646,0.001462,172.217.194.0-255,2902,78796,17,278001
29647,0.001464,172.31.36.0-255,66,78862,17,278001
29648,0.001484,172.217.194.0-255,2902,81764,17,278001
29649,0.001486,172.31.36.0-255,66,81830,17,278001
29650,0.001494,172.217.194.0-255,7156,88986,17,278001
29651,0.001496,172.31.36.0-255,66,89052,17,278001
29652,0.001502,172.217.194.0-255,4320,93372,17,278001
29653,0.001505,172.31.36.0-255,66,93438,17,278001
29654,0.001547,172.31.36.0-255,66,93504,17,278001
29655,0.001555,172.217.194.0-255,6438,99942,17,278001
29656,0.001557,172.31.36.0-255,66,100008,17,278001
29657,0.001562,172.217.194.0-255,2902,102910,17,278001
29658,0.001564,172.31.36.0-255,66,102976,17,278001
29659,0.001596,172.217.194.0-255,4320,107296,17,278001
29660,0.001598,172.31.36.0-255,66,107362,17,278001
29661,0.00161,172.31.36.0-255,66,107428,17,278001
29662,0.001649,172.31.36.0-255,66,107494,17,278001
29663,0.001779,172.217.194.0-255,1484,108978,17,278001
29664,0.001785,172.217.194.0-255,1484,110462,17,278001
29665,0.001789,172.31.36.0-255,66,110528,17,278001
29666,0.001805,172.217.194.0-255,1484,112012,17,278001
29667,0.00181,172.217.194.0-255,2902,114914,17,278001
29668,0.001813,172.31.36.0-255,66,114980,17,278001
29669,0.001834,172.217.194.0-255,2902,117882,17,278001
29670,0.001837,172.31.36.0-255,66,117948,17,278001
29671,0.001843,172.217.194.0-255,4320,122268,17,278001
29672,0.001845,172.31.36.0-255,66,122334,17,278001
29673,0.001859,172.31.36.0-255,66,122400,17,278001
29674,0.001894,172.31.36.0-255,66,122466,17,278001
29675,0.002007,172.217.194.0-255,1484,123950,17,278001
29676,0.002014,172.217.194.0-255,2902,126852,17,278001
29677,0.002017,172.31.36.0-255,66,126918,17,278001
29678,0.002041,172.217.194.0-255,5738,132656,17,278001
29679,0.002045,172.31.36.0-255,66,132722,17,278001
29680,0.002081,172.31.36.0-255,66,132788,17,278001
29681,0.002088,172.217.194.0-255,5738,138526,17,278001
29682,0.002091,172.31.36.0-255,66,138592,17,278001
29683,0.002128,172.217.194.0-255,5020,143612,17,278001
29684,0.002132,172.31.36.0-255,66,143678,17,278001
29685,0.00443,172.217.194.0-255,5738,149416,17,278001
29686,0.004437,172.31.36.0-255,66,149482,17,278001
29687,0.006704,172.217.194.0-255,5738,155220,17,278001
29688,0.006717,172.31.36.0-255,66,155286,17,278001
29689,0.008965,172.217.194.0-255,5738,161024,17,278001
29690,0.00897,172.31.36.0-255,66,161090,17,278001
29691,0.011255,172.217.194.0-255,5738,166828,17,278001
29692,0.011262,172.31.36.0-255,66,166894,17,278001
29693,0.013554,172.217.194.0-255,5738,172632,17,278001
29694,0.013563,172.31.36.0-255,66,172698,17,278001
29695,0.015823,172.217.194.0-255,5738,178436,17,278001
29696,0.015832,172.31.36.0-255,66,178502,17,278001
29697,0.018129,172.217.194.0-255,5738,184240,17,278001
29698,0.01814,172.31.36.0-255,66,184306,17,278001
29699,0.020433,172.217.194.0-255,5738,190044,17,278001
29700,0.020442,172.31.36.0-255,66,190110,17,278001
29701,0.022721,172.217.194.0-255,5738,195848,17,278001
29702,0.022729,172.31.36.0-255,66,195914,17,278001
29703,0.024995,172.217.194.0-255,5738,201652,17,278001
29704,0.025003,172.31.36.0-255,66,201718,17,278001
29705,0.027286,172.217.194.0-255,5738,207456,17,278001
29706,0.027293,172.31.36.0-255,66,207522,17,278001
29707,0.029552,172.217.194.0-255,5738,213260,17,278001
29708,0.029559,172.31.36.0-255,66,213326,17,278001
29709,0.031844,172.217.194.0-255,5738,219064,17,278001
29710,0.031852,172.31.36.0-255,66,219130,17,278001
29711,0.033782,172.31.36.0-255,175,219305,17,278001
29712,0.033816,172.31.36.0-255,1141,220446,17,278001
29713,0.033875,172.31.36.0-255,1514,221960,17,278001
29714,0.033877,172.31.36.0-255,1247,223207,17,278001
29715,0.034139,172.217.194.0-255,5738,228945,17,278001
29716,0.034145,172.31.36.0-255,66,229011,17,278001
29717,0.035362,104.244.42.0-255,66,229077,17,278001
29718,0.035385,104.244.42.0-255,66,229143,17,278001
29719,0.035438,104.244.42.0-255,66,229209,17,278001
29720,0.036414,172.217.194.0-255,5738,234947,17,278001
29721,0.036421,172.31.36.0-255,66,235013,17,278001
29722,0.038716,172.217.194.0-255,5738,240751,17,278001
29723,0.038723,172.31.36.0-255,66,240817,17,278001
29724,0.041019,172.217.194.0-255,5738,246555,17,278001
29725,0.041029,172.31.36.0-255,66,246621,17,278001
29726,0.043297,172.217.194.0-255,5738,252359,17,278001
29727,0.043304,172.31.36.0-255,66,252425,17,278001
29728,0.045588,172.217.194.0-255,5738,258163,17,278001
29729,0.045595,172.31.36.0-255,66,258229,17,278001
29730,0.047924,172.217.194.0-255,5738,263967,17,278001
29731,0.04793,172.31.36.0-255,66,264033,17,278001
29732,0.050214,172.217.194.0-255,5738,269771,17,278001
29733,0.050221,172.31.36.0-255,66,269837,17,278001
29734,0.052503,172.217.194.0-255,5738,275575,17,278001
29735,0.052511,172.31.36.0-255,66,275641,17,278001
29736,0.054776,172.217.194.0-255,2123,277764,17,278001
29737,0.054783,172.31.36.0-255,66,277830,17,278001
29738,0.054941,172.31.36.0-255,105,277935,17,278001
29739,0.057215,172.217.194.0-255,66,278001,17,278001
29740,0.0,172.217.26.0-255,146,146,17,324048
29741,3.4e-05,172.31.36.0-255,66,212,17,324048
29742,4.1e-05,172.217.26.0-255,1484,1696,17,324048
29743,4.7e-05,172.31.36.0-255,66,1762,17,324048
29744,5.2e-05,172.217.26.0-255,2902,4664,17,324048
29745,6.2e-05,172.31.36.0-255,66,4730,17,324048
29746,0.000164,172.217.26.0-255,4320,9050,17,324048
29747,0.00017,172.31.36.0-255,66,9116,17,324048
29748,0.000341,172.217.26.0-255,4894,14010,17,324048
29749,0.000346,172.31.36.0-255,66,14076,17,324048
29750,0.000541,172.217.26.0-255,7156,21232,17,324048
29751,0.000546,172.31.36.0-255,66,21298,17,324048
29752,0.000579,172.217.26.0-255,4320,25618,17,324048
29753,0.000582,172.31.36.0-255,66,25684,17,324048
29754,0.001003,172.31.36.0-255,66,25750,17,324048
29755,0.00139,172.31.36.0-255,66,25816,17,324048
29756,0.001882,172.31.36.0-255,66,25882,17,324048
29757,0.001918,172.31.36.0-255,66,25948,17,324048
29758,0.002564,172.31.36.0-255,66,26014,17,324048
29759,0.002612,172.31.36.0-255,66,26080,17,324048
29760,0.003535,172.31.36.0-255,66,26146,17,324048
29761,0.003563,172.217.26.0-255,4320,30466,17,324048
29762,0.003565,172.31.36.0-255,66,30532,17,324048
29763,0.00541,172.217.26.0-255,1484,32016,17,324048
29764,0.005414,172.31.36.0-255,66,32082,17,324048
29765,0.00545,172.217.26.0-255,4320,36402,17,324048
29766,0.005457,172.31.36.0-255,66,36468,17,324048
29767,0.0073,172.217.26.0-255,1484,37952,17,324048
29768,0.007363,172.217.26.0-255,4320,42272,17,324048
29769,0.007386,172.31.36.0-255,66,42338,17,324048
29770,0.009294,172.217.26.0-255,5738,48076,17,324048
29771,0.009301,172.31.36.0-255,66,48142,17,324048
29772,0.011199,172.217.26.0-255,5738,53880,17,324048
29773,0.011205,172.31.36.0-255,66,53946,17,324048
29774,0.013102,172.217.26.0-255,5738,59684,17,324048
29775,0.013109,172.31.36.0-255,66,59750,17,324048
29776,0.015024,172.217.26.0-255,5738,65488,17,324048
29777,0.015032,172.31.36.0-255,66,65554,17,324048
29778,0.016924,172.217.26.0-255,5738,71292,17,324048
29779,0.016931,172.31.36.0-255,66,71358,17,324048
29780,0.018822,172.217.26.0-255,5738,77096,17,324048
29781,0.018829,172.31.36.0-255,66,77162,17,324048
29782,0.020737,172.217.26.0-255,5738,82900,17,324048
29783,0.020744,172.31.36.0-255,66,82966,17,324048
29784,0.02264,172.217.26.0-255,5738,88704,17,324048
29785,0.022648,172.31.36.0-255,66,88770,17,324048
29786,0.024554,172.217.26.0-255,5738,94508,17,324048
29787,0.024561,172.31.36.0-255,66,94574,17,324048
29788,0.02591,172.31.36.0-255,172,94746,17,324048
29789,0.025954,172.31.36.0-255,1118,95864,17,324048
29790,0.026026,172.31.36.0-255,1514,97378,17,324048
29791,0.026028,172.31.36.0-255,1270,98648,17,324048
29792,0.026466,172.217.26.0-255,5738,104386,17,324048
29793,0.026473,172.31.36.0-255,66,104452,17,324048
29794,0.027433,104.244.42.0-255,66,104518,17,324048
29795,0.027539,104.244.42.0-255,66,104584,17,324048
29796,0.027591,104.244.42.0-255,66,104650,17,324048
29797,0.028373,172.217.26.0-255,4320,108970,17,324048
29798,0.028378,172.31.36.0-255,66,109036,17,324048
29799,0.028404,172.217.26.0-255,1484,110520,17,324048
29800,0.030266,172.217.26.0-255,4320,114840,17,324048
29801,0.030272,172.31.36.0-255,66,114906,17,324048
29802,0.032164,172.217.26.0-255,5738,120644,17,324048
29803,0.032204,172.31.36.0-255,66,120710,17,324048
29804,0.034101,172.217.26.0-255,5738,126448,17,324048
29805,0.03411,172.31.36.0-255,66,126514,17,324048
29806,0.036008,172.217.26.0-255,5738,132252,17,324048
29807,0.036017,172.31.36.0-255,66,132318,17,324048
29808,0.037926,172.217.26.0-255,5738,138056,17,324048
29809,0.037933,172.31.36.0-255,66,138122,17,324048
29810,0.039841,172.217.26.0-255,5738,143860,17,324048
29811,0.039846,172.31.36.0-255,66,143926,17,324048
29812,0.041742,172.217.26.0-255,5738,149664,17,324048
29813,0.041747,172.31.36.0-255,66,149730,17,324048
29814,0.04364,172.217.26.0-255,5738,155468,17,324048
29815,0.043646,172.31.36.0-255,66,155534,17,324048
29816,0.045555,172.217.26.0-255,5738,161272,17,324048
29817,0.045561,172.31.36.0-255,66,161338,17,324048
29818,0.047453,172.217.26.0-255,1484,162822,17,324048
29819,0.047489,172.217.26.0-255,4320,167142,17,324048
29820,0.047493,172.31.36.0-255,66,167208,17,324048
29821,0.049399,172.217.26.0-255,5738,172946,17,324048
29822,0.049405,172.31.36.0-255,66,173012,17,324048
29823,0.051315,172.217.26.0-255,5738,178750,17,324048
29824,0.051322,172.31.36.0-255,66,178816,17,324048
29825,0.053232,172.217.26.0-255,5738,184554,17,324048
29826,0.053239,172.31.36.0-255,66,184620,17,324048
29827,0.055138,172.217.26.0-255,5738,190358,17,324048
29828,0.055145,172.31.36.0-255,66,190424,17,324048
29829,0.057031,172.217.26.0-255,5738,196162,17,324048
29830,0.057036,172.31.36.0-255,66,196228,17,324048
29831,0.05893,172.217.26.0-255,5738,201966,17,324048
29832,0.058935,172.31.36.0-255,66,202032,17,324048
29833,0.060848,172.217.26.0-255,5738,207770,17,324048
29834,0.060853,172.31.36.0-255,66,207836,17,324048
29835,0.062744,172.217.26.0-255,5738,213574,17,324048
29836,0.062749,172.31.36.0-255,66,213640,17,324048
29837,0.064657,172.217.26.0-255,5738,219378,17,324048
29838,0.064664,172.31.36.0-255,66,219444,17,324048
29839,0.066551,172.217.26.0-255,5738,225182,17,324048
29840,0.066557,172.31.36.0-255,66,225248,17,324048
29841,0.068436,172.217.26.0-255,1484,226732,17,324048
29842,0.068466,172.217.26.0-255,4320,231052,17,324048
29843,0.068472,172.31.36.0-255,66,231118,17,324048
29844,0.07043,172.217.26.0-255,5738,236856,17,324048
29845,0.070436,172.31.36.0-255,66,236922,17,324048
29846,0.072331,172.217.26.0-255,5738,242660,17,324048
29847,0.072337,172.31.36.0-255,66,242726,17,324048
29848,0.074231,172.217.26.0-255,5738,248464,17,324048
29849,0.074237,172.31.36.0-255,66,248530,17,324048
29850,0.076132,172.217.26.0-255,5738,254268,17,324048
29851,0.076138,172.31.36.0-255,66,254334,17,324048
29852,0.078034,172.217.26.0-255,5738,260072,17,324048
29853,0.078039,172.31.36.0-255,66,260138,17,324048
29854,0.079929,172.217.26.0-255,5738,265876,17,324048
29855,0.079933,172.31.36.0-255,66,265942,17,324048
29856,0.081826,172.217.26.0-255,5738,271680,17,324048
29857,0.081832,172.31.36.0-255,66,271746,17,324048
29858,0.083724,172.217.26.0-255,5738,277484,17,324048
29859,0.08373,172.31.36.0-255,66,277550,17,324048
29860,0.085684,172.217.26.0-255,5738,283288,17,324048
29861,0.085691,172.31.36.0-255,66,283354,17,324048
29862,0.087591,172.217.26.0-255,5738,289092,17,324048
29863,0.087599,172.31.36.0-255,66,289158,17,324048
29864,0.089486,172.217.26.0-255,1484,290642,17,324048
29865,0.089518,172.217.26.0-255,4320,294962,17,324048
29866,0.089523,172.31.36.0-255,66,295028,17,324048
29867,0.091514,172.217.26.0-255,5738,300766,17,324048
29868,0.09152,172.31.36.0-255,66,300832,17,324048
29869,0.093417,172.217.26.0-255,5738,306570,17,324048
29870,0.093423,172.31.36.0-255,66,306636,17,324048
29871,0.095311,172.217.26.0-255,5738,312374,17,324048
29872,0.095319,172.31.36.0-255,66,312440,17,324048
29873,0.097224,172.217.26.0-255,5738,318178,17,324048
29874,0.097229,172.31.36.0-255,66,318244,17,324048
29875,0.099122,172.217.26.0-255,5738,323982,17,324048
29876,0.099128,172.31.36.0-255,66,324048,17,324048
29877,0.0,74.125.24.0-255,153,153,17,274035
29878,2.3e-05,172.31.36.0-255,66,219,17,274035
29879,3e-05,74.125.24.0-255,1484,1703,17,274035
29880,3.5e-05,172.31.36.0-255,66,1769,17,274035
29881,4.9e-05,74.125.24.0-255,2902,4671,17,274035
29882,5.3e-05,172.31.36.0-255,66,4737,17,274035
29883,6e-05,74.125.24.0-255,5738,10475,17,274035
29884,6.3e-05,172.31.36.0-255,66,10541,17,274035
29885,9.8e-05,74.125.24.0-255,3496,14037,17,274035
29886,0.000101,172.31.36.0-255,66,14103,17,274035
29887,0.000143,74.125.24.0-255,1484,15587,17,274035
29888,0.000146,172.31.36.0-255,66,15653,17,274035
29889,0.000151,74.125.24.0-255,2902,18555,17,274035
29890,0.000154,172.31.36.0-255,66,18621,17,274035
29891,0.000174,74.125.24.0-255,5738,24359,17,274035
29892,0.000178,172.31.36.0-255,66,24425,17,274035
29893,0.000236,74.125.24.0-255,4320,28745,17,274035
29894,0.000239,172.31.36.0-255,66,28811,17,274035
29895,0.000265,74.125.24.0-255,2543,31354,17,274035
29896,0.000268,172.31.36.0-255,66,31420,17,274035
29897,0.000301,74.125.24.0-255,1484,32904,17,274035
29898,0.000304,172.31.36.0-255,66,32970,17,274035
29899,0.000309,74.125.24.0-255,2902,35872,17,274035
29900,0.000312,172.31.36.0-255,66,35938,17,274035
29901,0.000343,74.125.24.0-255,5738,41676,17,274035
29902,0.000347,172.31.36.0-255,66,41742,17,274035
29903,0.000374,74.125.24.0-255,2902,44644,17,274035
29904,0.000376,172.31.36.0-255,66,44710,17,274035
29905,0.000408,172.31.36.0-255,66,44776,17,274035
29906,0.000421,172.31.36.0-255,66,44842,17,274035
29907,0.000424,74.125.24.0-255,129,44971,17,274035
29908,0.000463,74.125.24.0-255,350,45321,17,274035
29909,0.000753,74.125.24.0-255,1484,46805,17,274035
29910,0.000759,172.31.36.0-255,66,46871,17,274035
29911,0.000765,74.125.24.0-255,2902,49773,17,274035
29912,0.000767,172.31.36.0-255,66,49839,17,274035
29913,0.000779,74.125.24.0-255,5738,55577,17,274035
29914,0.000782,172.31.36.0-255,66,55643,17,274035
29915,0.000788,74.125.24.0-255,5738,61381,17,274035
29916,0.00079,172.31.36.0-255,66,61447,17,274035
29917,0.000839,172.31.36.0-255,66,61513,17,274035
29918,0.000846,74.125.24.0-255,5020,66533,17,274035
29919,0.000848,172.31.36.0-255,66,66599,17,274035
29920,0.001422,74.125.24.0-255,1484,68083,17,274035
29921,0.001438,74.125.24.0-255,2902,70985,17,274035
29922,0.001442,172.31.36.0-255,66,71051,17,274035
29923,0.001451,74.125.24.0-255,5738,76789,17,274035
29924,0.001453,172.31.36.0-255,66,76855,17,274035
29925,0.001492,172.31.36.0-255,66,76921,17,274035
29926,0.001495,74.125.24.0-255,1484,78405,17,274035
29927,0.001525,172.31.36.0-255,66,78471,17,274035
29928,0.002134,74.125.24.0-255,1484,79955,17,274035
29929,0.002144,74.125.24.0-255,2902,82857,17,274035
29930,0.002149,172.31.36.0-255,66,82923,17,274035
29931,0.002157,74.125.24.0-255,4320,87243,17,274035
29932,0.002159,172.31.36.0-255,66,87309,17,274035
29933,0.002201,172.31.36.0-255,66,87375,17,274035
29934,0.002232,172.31.36.0-255,66,87441,17,274035
29935,0.002254,74.125.24.0-255,766,88207,17,274035
29936,0.002263,74.125.24.0-255,7156,95363,17,274035
29937,0.002265,172.31.36.0-255,66,95429,17,274035
29938,0.002273,74.125.24.0-255,7156,102585,17,274035
29939,0.002275,172.31.36.0-255,66,102651,17,274035
29940,0.002297,74.125.24.0-255,1484,104135,17,274035
29941,0.002315,172.31.36.0-255,66,104201,17,274035
29942,0.00234,74.125.24.0-255,2902,107103,17,274035
29943,0.002343,172.31.36.0-255,66,107169,17,274035
29944,0.002346,74.125.24.0-255,766,107935,17,274035
29945,0.002374,74.125.24.0-255,2902,110837,17,274035
29946,0.002377,172.31.36.0-255,66,110903,17,274035
29947,0.002408,172.31.36.0-255,66,110969,17,274035
29948,0.002413,74.125.24.0-255,2902,113871,17,274035
29949,0.002415,172.31.36.0-255,66,113937,17,274035
29950,0.002451,172.31.36.0-255,66,114003,17,274035
29951,0.002467,172.31.36.0-255,66,114069,17,274035
29952,0.002521,172.31.36.0-255,66,114135,17,274035
29953,0.002541,74.125.24.0-255,5738,119873,17,274035
29954,0.002544,172.31.36.0-255,66,119939,17,274035
29955,0.002548,74.125.24.0-255,3602,123541,17,274035
29956,0.002551,172.31.36.0-255,66,123607,17,274035
29957,0.00507,74.125.24.0-255,5738,129345,17,274035
29958,0.005079,172.31.36.0-255,66,129411,17,274035
29959,0.007603,74.125.24.0-255,5738,135149,17,274035
29960,0.007609,172.31.36.0-255,66,135215,17,274035
29961,0.010139,74.125.24.0-255,5738,140953,17,274035
29962,0.010148,172.31.36.0-255,66,141019,17,274035
29963,0.012686,74.125.24.0-255,5738,146757,17,274035
29964,0.012694,172.31.36.0-255,66,146823,17,274035
29965,0.015234,74.125.24.0-255,5738,152561,17,274035
29966,0.015246,172.31.36.0-255,66,152627,17,274035
29967,0.01779,74.125.24.0-255,5738,158365,17,274035
29968,0.017803,172.31.36.0-255,66,158431,17,274035
29969,0.020342,74.125.24.0-255,5738,164169,17,274035
29970,0.020352,172.31.36.0-255,66,164235,17,274035
29971,0.022879,74.125.24.0-255,5738,169973,17,274035
29972,0.022887,172.31.36.0-255,66,170039,17,274035
29973,0.025425,74.125.24.0-255,5738,175777,17,274035
29974,0.025436,172.31.36.0-255,66,175843,17,274035
29975,0.027979,74.125.24.0-255,5738,181581,17,274035
29976,0.027988,172.31.36.0-255,66,181647,17,274035
29977,0.030509,74.125.24.0-255,5738,187385,17,274035
29978,0.03052,172.31.36.0-255,66,187451,17,274035
29979,0.033059,74.125.24.0-255,5738,193189,17,274035
29980,0.033068,172.31.36.0-255,66,193255,17,274035
29981,0.03561,74.125.24.0-255,5738,198993,17,274035
29982,0.035616,172.31.36.0-255,66,199059,17,274035
29983,0.038162,74.125.24.0-255,5738,204797,17,274035
29984,0.038173,172.31.36.0-255,66,204863,17,274035
29985,0.040182,172.31.36.0-255,172,205035,17,274035
29986,0.040211,172.31.36.0-255,1117,206152,17,274035
29987,0.04027,172.31.36.0-255,1514,207666,17,274035
29988,0.040289,172.31.36.0-255,1271,208937,17,274035
29989,0.04075,74.125.24.0-255,5738,214675,17,274035
29990,0.040761,172.31.36.0-255,66,214741,17,274035
29991,0.041737,104.244.42.0-255,66,214807,17,274035
29992,0.041746,104.244.42.0-255,66,214873,17,274035
29993,0.041837,104.244.42.0-255,66,214939,17,274035
29994,0.043293,74.125.24.0-255,5738,220677,17,274035
29995,0.043301,172.31.36.0-255,66,220743,17,274035
29996,0.045864,74.125.24.0-255,5738,226481,17,274035
29997,0.045878,172.31.36.0-255,66,226547,17,274035
29998,0.048399,74.125.24.0-255,5738,232285,17,274035
29999,0.048406,172.31.36.0-255,66,232351,17,274035
30000,0.050955,74.125.24.0-255,5738,238089,17,274035
30001,0.050961,172.31.36.0-255,66,238155,17,274035
30002,0.053496,74.125.24.0-255,5738,243893,17,274035
30003,0.053503,172.31.36.0-255,66,243959,17,274035
30004,0.056036,74.125.24.0-255,5738,249697,17,274035
30005,0.056043,172.31.36.0-255,66,249763,17,274035
30006,0.058574,74.125.24.0-255,5738,255501,17,274035
30007,0.058581,172.31.36.0-255,66,255567,17,274035
30008,0.061124,74.125.24.0-255,5738,261305,17,274035
30009,0.061132,172.31.36.0-255,66,261371,17,274035
30010,0.063681,74.125.24.0-255,5738,267109,17,274035
30011,0.06369,172.31.36.0-255,66,267175,17,274035
30012,0.066273,74.125.24.0-255,5738,272913,17,274035
30013,0.06628,172.31.36.0-255,66,272979,17,274035
30014,0.068777,74.125.24.0-255,819,273798,17,274035
30015,0.0689,172.31.36.0-255,66,273864,17,274035
30016,0.068941,172.31.36.0-255,105,273969,17,274035
30017,0.071442,74.125.24.0-255,66,274035,17,274035
30018,0.0,74.125.68.0-255,152,152,17,396261
30019,1.8e-05,172.31.36.0-255,66,218,17,396261
30020,2.5e-05,74.125.68.0-255,1484,1702,17,396261
30021,2.9e-05,172.31.36.0-255,66,1768,17,396261
30022,3.5e-05,74.125.68.0-255,2902,4670,17,396261
30023,3.8e-05,172.31.36.0-255,66,4736,17,396261
30024,5.4e-05,74.125.68.0-255,7156,11892,17,396261
30025,5.7e-05,172.31.36.0-255,66,11958,17,396261
30026,7.3e-05,74.125.68.0-255,1484,13442,17,396261
30027,7.5e-05,172.31.36.0-255,66,13508,17,396261
30028,0.000108,74.125.68.0-255,6346,19854,17,396261
30029,0.000111,172.31.36.0-255,66,19920,17,396261
30030,0.000119,74.125.68.0-255,7156,27076,17,396261
30031,0.000121,172.31.36.0-255,66,27142,17,396261
30032,0.00016,74.125.68.0-255,3961,31103,17,396261
30033,0.000163,172.31.36.0-255,66,31169,17,396261
30034,0.000188,74.125.68.0-255,2902,34071,17,396261
30035,0.000191,172.31.36.0-255,66,34137,17,396261
30036,0.000214,74.125.68.0-255,1484,35621,17,396261
30037,0.000217,172.31.36.0-255,66,35687,17,396261
30038,0.00022,74.125.68.0-255,1484,37171,17,396261
30039,0.000222,172.31.36.0-255,66,37237,17,396261
30040,0.000226,74.125.68.0-255,2902,40139,17,396261
30041,0.000228,172.31.36.0-255,66,40205,17,396261
30042,0.00024,74.125.68.0-255,5738,45943,17,396261
30043,0.000243,172.31.36.0-255,66,46009,17,396261
30044,0.000275,74.125.68.0-255,2543,48552,17,396261
30045,0.000277,172.31.36.0-255,66,48618,17,396261
30046,0.000427,74.125.68.0-255,1484,50102,17,396261
30047,0.000433,172.31.36.0-255,66,50168,17,396261
30048,0.000438,74.125.68.0-255,2902,53070,17,396261
30049,0.00044,172.31.36.0-255,66,53136,17,396261
30050,0.000475,74.125.68.0-255,5738,58874,17,396261
30051,0.000478,172.31.36.0-255,66,58940,17,396261
30052,0.000486,74.125.68.0-255,6797,65737,17,396261
30053,0.000489,172.31.36.0-255,66,65803,17,396261
30054,0.000491,74.125.68.0-255,646,66449,17,396261
30055,0.00056,74.125.68.0-255,1484,67933,17,396261
30056,0.000563,172.31.36.0-255,66,67999,17,396261
30057,0.000569,74.125.68.0-255,2902,70901,17,396261
30058,0.000571,172.31.36.0-255,66,70967,17,396261
30059,0.000624,74.125.68.0-255,5738,76705,17,396261
30060,0.000627,172.31.36.0-255,66,76771,17,396261
30061,0.000634,74.125.68.0-255,6797,83568,17,396261
30062,0.000636,172.31.36.0-255,66,83634,17,396261
30063,0.000642,74.125.68.0-255,5738,89372,17,396261
30064,0.000645,172.31.36.0-255,66,89438,17,396261
30065,0.000679,74.125.68.0-255,1484,90922,17,396261
30066,0.000691,172.31.36.0-255,66,90988,17,396261
30067,0.000709,74.125.68.0-255,2543,93531,17,396261
30068,0.000711,172.31.36.0-255,66,93597,17,396261
30069,0.000738,74.125.68.0-255,2902,96499,17,396261
30070,0.000741,172.31.36.0-255,66,96565,17,396261
30071,0.000748,74.125.68.0-255,7156,103721,17,396261
30072,0.000751,172.31.36.0-255,66,103787,17,396261
30073,0.000755,74.125.68.0-255,1484,105271,17,396261
30074,0.000783,74.125.68.0-255,3398,108669,17,396261
30075,0.000786,172.31.36.0-255,66,108735,17,396261
30076,0.000842,74.125.68.0-255,1484,110219,17,396261
30077,0.000845,74.125.68.0-255,1484,111703,17,396261
30078,0.000848,172.31.36.0-255,66,111769,17,396261
30079,0.000872,74.125.68.0-255,1484,113253,17,396261
30080,0.000876,74.125.68.0-255,2902,116155,17,396261
30081,0.00088,172.31.36.0-255,66,116221,17,396261
30082,0.000884,74.125.68.0-255,4320,120541,17,396261
30083,0.000887,172.31.36.0-255,66,120607,17,396261
30084,0.00089,74.125.68.0-255,1484,122091,17,396261
30085,0.00093,74.125.68.0-255,7156,129247,17,396261
30086,0.000934,172.31.36.0-255,66,129313,17,396261
30087,0.000939,74.125.68.0-255,5738,135051,17,396261
30088,0.000943,172.31.36.0-255,66,135117,17,396261
30089,0.000949,74.125.68.0-255,6824,141941,17,396261
30090,0.000952,172.31.36.0-255,66,142007,17,396261
30091,0.001011,74.125.68.0-255,1484,143491,17,396261
30092,0.001031,74.125.68.0-255,1484,144975,17,396261
30093,0.001041,172.31.36.0-255,66,145041,17,396261
30094,0.001045,74.125.68.0-255,1484,146525,17,396261
30095,0.00105,74.125.68.0-255,5738,152263,17,396261
30096,0.001053,172.31.36.0-255,66,152329,17,396261
30097,0.001092,74.125.68.0-255,7156,159485,17,396261
30098,0.001126,74.125.68.0-255,1484,160969,17,396261
30099,0.00113,172.31.36.0-255,66,161035,17,396261
30100,0.001149,74.125.68.0-255,6438,167473,17,396261
30101,0.001154,172.31.36.0-255,66,167539,17,396261
30102,0.001185,172.31.36.0-255,66,167605,17,396261
30103,0.001229,74.125.68.0-255,1484,169089,17,396261
30104,0.001243,74.125.68.0-255,2902,171991,17,396261
30105,0.001246,172.31.36.0-255,66,172057,17,396261
30106,0.001274,74.125.68.0-255,5738,177795,17,396261
30107,0.001278,74.125.68.0-255,2902,180697,17,396261
30108,0.001284,74.125.68.0-255,4320,185017,17,396261
30109,0.001303,74.125.68.0-255,1484,186501,17,396261
30110,0.001309,172.31.36.0-255,66,186567,17,396261
30111,0.001342,74.125.68.0-255,7156,193723,17,396261
30112,0.001346,74.125.68.0-255,2902,196625,17,396261
30113,0.00138,74.125.68.0-255,5020,201645,17,396261
30114,0.001384,172.31.36.0-255,66,201711,17,396261
30115,0.001389,172.31.36.0-255,66,201777,17,396261
30116,0.001543,74.125.68.0-255,1484,203261,17,396261
30117,0.001578,74.125.68.0-255,1484,204745,17,396261
30118,0.001581,172.31.36.0-255,66,204811,17,396261
30119,0.001611,74.125.68.0-255,2902,207713,17,396261
30120,0.001618,74.125.68.0-255,5738,213451,17,396261
30121,0.00165,172.31.36.0-255,66,213517,17,396261
30122,0.001663,74.125.68.0-255,4320,217837,17,396261
30123,0.001685,74.125.68.0-255,5738,223575,17,396261
30124,0.001696,74.125.68.0-255,3602,227177,17,396261
30125,0.001716,172.31.36.0-255,66,227243,17,396261
30126,0.00183,74.125.68.0-255,1484,228727,17,396261
30127,0.001884,74.125.68.0-255,2902,231629,17,396261
30128,0.001888,172.31.36.0-255,66,231695,17,396261
30129,0.001895,74.125.68.0-255,5738,237433,17,396261
30130,0.001906,74.125.68.0-255,5738,243171,17,396261
30131,0.001917,172.31.36.0-255,66,243237,17,396261
30132,0.001932,74.125.68.0-255,7156,250393,17,396261
30133,0.001942,74.125.68.0-255,4320,254713,17,396261
30134,0.001946,74.125.68.0-255,2902,257615,17,396261
30135,0.001964,74.125.68.0-255,2902,260517,17,396261
30136,0.001967,74.125.68.0-255,766,261283,17,396261
30137,0.001976,172.31.36.0-255,66,261349,17,396261
30138,0.003931,74.125.68.0-255,5738,267087,17,396261
30139,0.003938,172.31.36.0-255,66,267153,17,396261
30140,0.005883,74.125.68.0-255,5738,272891,17,396261
30141,0.00589,172.31.36.0-255,66,272957,17,396261
30142,0.007833,74.125.68.0-255,5738,278695,17,396261
30143,0.007837,172.31.36.0-255,66,278761,17,396261
30144,0.00978,74.125.68.0-255,5738,284499,17,396261
30145,0.009787,172.31.36.0-255,66,284565,17,396261
30146,0.011746,74.125.68.0-255,5738,290303,17,396261
30147,0.011754,172.31.36.0-255,66,290369,17,396261
30148,0.013703,74.125.68.0-255,5738,296107,17,396261
30149,0.013711,172.31.36.0-255,66,296173,17,396261
30150,0.015655,74.125.68.0-255,5738,301911,17,396261
30151,0.015664,172.31.36.0-255,66,301977,17,396261
30152,0.017609,74.125.68.0-255,4320,306297,17,396261
30153,0.017617,172.31.36.0-255,66,306363,17,396261
30154,0.017646,74.125.68.0-255,1484,307847,17,396261
30155,0.01957,74.125.68.0-255,4320,312167,17,396261
30156,0.019578,172.31.36.0-255,66,312233,17,396261
30157,0.021523,74.125.68.0-255,5738,317971,17,396261
30158,0.021531,172.31.36.0-255,66,318037,17,396261
30159,0.023479,74.125.68.0-255,5738,323775,17,396261
30160,0.023486,172.31.36.0-255,66,323841,17,396261
30161,0.025425,74.125.68.0-255,5738,329579,17,396261
30162,0.025433,172.31.36.0-255,66,329645,17,396261
30163,0.027381,74.125.68.0-255,5738,335383,17,396261
30164,0.027388,172.31.36.0-255,66,335449,17,396261
30165,0.029337,74.125.68.0-255,5738,341187,17,396261
30166,0.029344,172.31.36.0-255,66,341253,17,396261
30167,0.03042,172.31.36.0-255,172,341425,17,396261
30168,0.030451,172.31.36.0-255,1118,342543,17,396261
30169,0.030511,172.31.36.0-255,1514,344057,17,396261
30170,0.030513,172.31.36.0-255,1272,345329,17,396261
30171,0.0313,74.125.68.0-255,5738,351067,17,396261
30172,0.031307,172.31.36.0-255,66,351133,17,396261
30173,0.031974,104.244.42.0-255,66,351199,17,396261
30174,0.032002,104.244.42.0-255,66,351265,17,396261
30175,0.032053,104.244.42.0-255,66,351331,17,396261
30176,0.033257,74.125.68.0-255,5738,357069,17,396261
30177,0.033263,172.31.36.0-255,66,357135,17,396261
30178,0.035216,74.125.68.0-255,5738,362873,17,396261
30179,0.035222,172.31.36.0-255,66,362939,17,396261
30180,0.03717,74.125.68.0-255,5738,368677,17,396261
30181,0.037177,172.31.36.0-255,66,368743,17,396261
30182,0.039129,74.125.68.0-255,5738,374481,17,396261
30183,0.039136,172.31.36.0-255,66,374547,17,396261
30184,0.04109,74.125.68.0-255,5738,380285,17,396261
30185,0.041096,172.31.36.0-255,66,380351,17,396261
30186,0.043071,74.125.68.0-255,5738,386089,17,396261
30187,0.043078,172.31.36.0-255,66,386155,17,396261
30188,0.045026,74.125.68.0-255,5738,391893,17,396261
30189,0.045034,172.31.36.0-255,66,391959,17,396261
30190,0.046994,74.125.68.0-255,4065,396024,17,396261
30191,0.047,172.31.36.0-255,66,396090,17,396261
30192,0.047176,172.31.36.0-255,105,396195,17,396261
30193,0.049081,74.125.68.0-255,66,396261,17,396261
30194,0.0,74.125.24.0-255,298,298,17,268701
30195,2.4e-05,172.31.36.0-255,66,364,17,268701
30196,3.1e-05,74.125.24.0-255,1484,1848,17,268701
30197,3.8e-05,172.31.36.0-255,66,1914,17,268701
30198,4.5e-05,74.125.24.0-255,4320,6234,17,268701
30199,5.7e-05,172.31.36.0-255,66,6300,17,268701
30200,7.3e-05,172.31.36.0-255,66,6366,17,268701
30201,8e-05,74.125.24.0-255,7156,13522,17,268701
30202,8.3e-05,172.31.36.0-255,66,13588,17,268701
30203,9.5e-05,172.31.36.0-255,66,13654,17,268701
30204,0.000162,74.125.24.0-255,1484,15138,17,268701
30205,0.000166,172.31.36.0-255,66,15204,17,268701
30206,0.000191,74.125.24.0-255,2902,18106,17,268701
30207,0.000194,172.31.36.0-255,66,18172,17,268701
30208,0.000197,74.125.24.0-255,1484,19656,17,268701
30209,0.0002,172.31.36.0-255,66,19722,17,268701
30210,0.000206,74.125.24.0-255,5738,25460,17,268701
30211,0.000209,172.31.36.0-255,66,25526,17,268701
30212,0.000252,172.31.36.0-255,66,25592,17,268701
30213,0.000258,74.125.24.0-255,4320,29912,17,268701
30214,0.00026,172.31.36.0-255,66,29978,17,268701
30215,0.000279,74.125.24.0-255,1484,31462,17,268701
30216,0.000282,172.31.36.0-255,66,31528,17,268701
30217,0.000306,74.125.24.0-255,3602,35130,17,268701
30218,0.000314,172.31.36.0-255,66,35196,17,268701
30219,0.000317,74.125.24.0-255,426,35622,17,268701
30220,0.00032,172.31.36.0-255,66,35688,17,268701
30221,0.000556,74.125.24.0-255,1484,37172,17,268701
30222,0.000562,172.31.36.0-255,66,37238,17,268701
30223,0.000568,74.125.24.0-255,2902,40140,17,268701
30224,0.000605,74.125.24.0-255,5738,45878,17,268701
30225,0.000628,74.125.24.0-255,7156,53034,17,268701
30226,0.000647,74.125.24.0-255,4320,57354,17,268701
30227,0.00065,74.125.24.0-255,1484,58838,17,268701
30228,0.000662,74.125.24.0-255,1484,60322,17,268701
30229,0.000696,74.125.24.0-255,1484,61806,17,268701
30230,0.0007,74.125.24.0-255,2902,64708,17,268701
30231,0.000717,74.125.24.0-255,5738,70446,17,268701
30232,0.00073,74.125.24.0-255,1484,71930,17,268701
30233,0.000759,74.125.24.0-255,2902,74832,17,268701
30234,0.000776,74.125.24.0-255,1484,76316,17,268701
30235,0.000804,74.125.24.0-255,6438,82754,17,268701
30236,0.000811,74.125.24.0-255,5738,88492,17,268701
30237,0.000822,74.125.24.0-255,1484,89976,17,268701
30238,0.00088,74.125.24.0-255,7156,97132,17,268701
30239,0.000899,74.125.24.0-255,7156,104288,17,268701
30240,0.000913,74.125.24.0-255,349,104637,17,268701
30241,0.000936,172.31.36.0-255,66,104703,17,268701
30242,0.000962,74.125.24.0-255,1484,106187,17,268701
30243,0.000979,74.125.24.0-255,4320,110507,17,268701
30244,0.000997,74.125.24.0-255,4320,114827,17,268701
30245,0.001003,172.31.36.0-255,66,114893,17,268701
30246,0.001011,74.125.24.0-255,1484,116377,17,268701
30247,0.001047,74.125.24.0-255,4320,120697,17,268701
30248,0.001067,74.125.24.0-255,7156,127853,17,268701
30249,0.001083,172.31.36.0-255,66,127919,17,268701
30250,0.001108,74.125.24.0-255,2184,130103,17,268701
30251,0.001134,172.31.36.0-255,66,130169,17,268701
30252,0.001139,74.125.24.0-255,2902,133071,17,268701
30253,0.001145,172.31.36.0-255,66,133137,17,268701
30254,0.001173,74.125.24.0-255,4320,137457,17,268701
30255,0.001186,172.31.36.0-255,66,137523,17,268701
30256,0.001198,74.125.24.0-255,4320,141843,17,268701
30257,0.001208,172.31.36.0-255,66,141909,17,268701
30258,0.001228,74.125.24.0-255,4320,146229,17,268701
30259,0.001242,74.125.24.0-255,1484,147713,17,268701
30260,0.001258,74.125.24.0-255,6438,154151,17,268701
30261,0.001267,172.31.36.0-255,66,154217,17,268701
30262,0.001337,74.125.24.0-255,1484,155701,17,268701
30263,0.001351,74.125.24.0-255,2902,158603,17,268701
30264,0.001371,74.125.24.0-255,4320,162923,17,268701
30265,0.001375,172.31.36.0-255,66,162989,17,268701
30266,0.001385,172.31.36.0-255,66,163055,17,268701
30267,0.001392,74.125.24.0-255,1484,164539,17,268701
30268,0.001443,74.125.24.0-255,2902,167441,17,268701
30269,0.001448,74.125.24.0-255,2902,170343,17,268701
30270,0.001459,172.31.36.0-255,66,170409,17,268701
30271,0.001501,172.31.36.0-255,66,170475,17,268701
30272,0.001528,74.125.24.0-255,1484,171959,17,268701
30273,0.001533,74.125.24.0-255,2902,174861,17,268701
30274,0.001547,172.31.36.0-255,66,174927,17,268701
30275,0.00155,74.125.24.0-255,1484,176411,17,268701
30276,0.001576,74.125.24.0-255,4320,180731,17,268701
30277,0.001582,74.125.24.0-255,4320,185051,17,268701
30278,0.001593,74.125.24.0-255,1484,186535,17,268701
30279,0.001597,74.125.24.0-255,1484,188019,17,268701
30280,0.001602,172.31.36.0-255,66,188085,17,268701
30281,0.001646,74.125.24.0-255,5020,193105,17,268701
30282,0.001651,74.125.24.0-255,5738,198843,17,268701
30283,0.001656,74.125.24.0-255,4320,203163,17,268701
30284,0.001673,74.125.24.0-255,5738,208901,17,268701
30285,0.001678,74.125.24.0-255,4320,213221,17,268701
30286,0.001743,74.125.24.0-255,2902,216123,17,268701
30287,0.001745,74.125.24.0-255,766,216889,17,268701
30288,0.001757,172.31.36.0-255,66,216955,17,268701
30289,0.001803,74.125.24.0-255,1484,218439,17,268701
30290,0.001827,74.125.24.0-255,2902,221341,17,268701
30291,0.001845,74.125.24.0-255,5738,227079,17,268701
30292,0.001852,74.125.24.0-255,7156,234235,17,268701
30293,0.001866,172.31.36.0-255,66,234301,17,268701
30294,0.001878,74.125.24.0-255,5738,240039,17,268701
30295,0.001889,74.125.24.0-255,7156,247195,17,268701
30296,0.001902,172.31.36.0-255,66,247261,17,268701
30297,0.00192,74.125.24.0-255,3602,250863,17,268701
30298,0.001933,172.31.36.0-255,66,250929,17,268701
30299,0.001944,74.125.24.0-255,4320,255249,17,268701
30300,0.001966,74.125.24.0-255,2902,258151,17,268701
30301,0.001992,172.31.36.0-255,66,258217,17,268701
30302,0.002003,172.31.36.0-255,66,258283,17,268701
30303,0.002026,74.125.24.0-255,5738,264021,17,268701
30304,0.002094,172.31.36.0-255,66,264087,17,268701
30305,0.002145,74.125.24.0-255,105,264192,17,268701
30306,0.011998,172.31.36.0-255,66,264258,17,268701
30307,0.012048,172.31.36.0-255,105,264363,17,268701
30308,0.014374,74.125.24.0-255,66,264429,17,268701
30309,0.0348,172.31.36.0-255,172,264601,17,268701
30310,0.034833,172.31.36.0-255,1115,265716,17,268701
30311,0.034896,172.31.36.0-255,1514,267230,17,268701
30312,0.034898,172.31.36.0-255,1273,268503,17,268701
30313,0.03635,104.244.42.0-255,66,268569,17,268701
30314,0.0364,104.244.42.0-255,66,268635,17,268701
30315,0.036439,104.244.42.0-255,66,268701,17,268701
30316,0.0,74.125.24.0-255,66,66,17,66
30317,0.0,74.125.24.0-255,153,153,17,349339
30318,2.2e-05,172.31.36.0-255,66,219,17,349339
30319,3e-05,74.125.24.0-255,1484,1703,17,349339
30320,3.5e-05,172.31.36.0-255,66,1769,17,349339
30321,4.1e-05,74.125.24.0-255,2902,4671,17,349339
30322,4.4e-05,172.31.36.0-255,66,4737,17,349339
30323,5.3e-05,74.125.24.0-255,7156,11893,17,349339
30324,5.6e-05,172.31.36.0-255,66,11959,17,349339
30325,6e-05,74.125.24.0-255,2082,14041,17,349339
30326,6.3e-05,172.31.36.0-255,66,14107,17,349339
30327,8.1e-05,74.125.24.0-255,1484,15591,17,349339
30328,8.4e-05,172.31.36.0-255,66,15657,17,349339
30329,0.000103,74.125.24.0-255,1484,17141,17,349339
30330,0.000106,172.31.36.0-255,66,17207,17,349339
30331,0.000112,74.125.24.0-255,4320,21527,17,349339
30332,0.000114,172.31.36.0-255,66,21593,17,349339
30333,0.000126,172.31.36.0-255,66,21659,17,349339
30334,0.000153,74.125.24.0-255,2902,24561,17,349339
30335,0.000155,172.31.36.0-255,66,24627,17,349339
30336,0.000192,172.31.36.0-255,66,24693,17,349339
30337,0.000196,74.125.24.0-255,2543,27236,17,349339
30338,0.000198,172.31.36.0-255,66,27302,17,349339
30339,0.000632,74.125.24.0-255,1484,28786,17,349339
30340,0.000638,172.31.36.0-255,66,28852,17,349339
30341,0.000644,74.125.24.0-255,2902,31754,17,349339
30342,0.000646,172.31.36.0-255,66,31820,17,349339
30343,0.000654,74.125.24.0-255,5738,37558,17,349339
30344,0.000656,172.31.36.0-255,66,37624,17,349339
30345,0.000663,74.125.24.0-255,5738,43362,17,349339
30346,0.000665,172.31.36.0-255,66,43428,17,349339
30347,0.000696,74.125.24.0-255,1125,44553,17,349339
30348,0.000817,74.125.24.0-255,1484,46037,17,349339
30349,0.000821,172.31.36.0-255,66,46103,17,349339
30350,0.000826,74.125.24.0-255,2902,49005,17,349339
30351,0.000828,172.31.36.0-255,66,49071,17,349339
30352,0.000868,74.125.24.0-255,5738,54809,17,349339
30353,0.000872,172.31.36.0-255,66,54875,17,349339
30354,0.000884,172.31.36.0-255,66,54941,17,349339
30355,0.000897,172.31.36.0-255,66,55007,17,349339
30356,0.0009,74.125.24.0-255,1125,56132,17,349339
30357,0.000915,74.125.24.0-255,1484,57616,17,349339
30358,0.000918,172.31.36.0-255,66,57682,17,349339
30359,0.000922,74.125.24.0-255,1484,59166,17,349339
30360,0.000943,74.125.24.0-255,2902,62068,17,349339
30361,0.000947,172.31.36.0-255,66,62134,17,349339
30362,0.000955,74.125.24.0-255,7156,69290,17,349339
30363,0.000957,172.31.36.0-255,66,69356,17,349339
30364,0.000974,74.125.24.0-255,2902,72258,17,349339
30365,0.000976,172.31.36.0-255,66,72324,17,349339
30366,0.000979,74.125.24.0-255,1007,73331,17,349339
30367,0.001232,74.125.24.0-255,1484,74815,17,349339
30368,0.001237,172.31.36.0-255,66,74881,17,349339
30369,0.001243,74.125.24.0-255,2902,77783,17,349339
30370,0.001245,172.31.36.0-255,66,77849,17,349339
30371,0.001261,74.125.24.0-255,4320,82169,17,349339
30372,0.001264,172.31.36.0-255,66,82235,17,349339
30373,0.00128,74.125.24.0-255,1484,83719,17,349339
30374,0.001286,74.125.24.0-255,5738,89457,17,349339
30375,0.001288,172.31.36.0-255,66,89523,17,349339
30376,0.00132,74.125.24.0-255,1823,91346,17,349339
30377,0.001323,172.31.36.0-255,66,91412,17,349339
30378,0.001423,74.125.24.0-255,1484,92896,17,349339
30379,0.001427,74.125.24.0-255,1484,94380,17,349339
30380,0.00143,172.31.36.0-255,66,94446,17,349339
30381,0.001453,74.125.24.0-255,1484,95930,17,349339
30382,0.001459,74.125.24.0-255,5738,101668,17,349339
30383,0.001461,172.31.36.0-255,66,101734,17,349339
30384,0.001474,172.31.36.0-255,66,101800,17,349339
30385,0.00149,74.125.24.0-255,4320,106120,17,349339
30386,0.001492,172.31.36.0-255,66,106186,17,349339
30387,0.0015,74.125.24.0-255,7156,113342,17,349339
30388,0.001502,172.31.36.0-255,66,113408,17,349339
30389,0.001544,74.125.24.0-255,3602,117010,17,349339
30390,0.001547,172.31.36.0-255,66,117076,17,349339
30391,0.001782,74.125.24.0-255,1484,118560,17,349339
30392,0.001788,74.125.24.0-255,2902,121462,17,349339
30393,0.001791,172.31.36.0-255,66,121528,17,349339
30394,0.001814,74.125.24.0-255,5738,127266,17,349339
30395,0.001817,172.31.36.0-255,66,127332,17,349339
30396,0.001821,74.125.24.0-255,1484,128816,17,349339
30397,0.001842,172.31.36.0-255,66,128882,17,349339
30398,0.001868,74.125.24.0-255,1484,130366,17,349339
30399,0.001879,172.31.36.0-255,66,130432,17,349339
30400,0.001883,74.125.24.0-255,2184,132616,17,349339
30401,0.001885,172.31.36.0-255,66,132682,17,349339
30402,0.003954,74.125.24.0-255,5738,138420,17,349339
30403,0.003962,172.31.36.0-255,66,138486,17,349339
30404,0.006007,74.125.24.0-255,5738,144224,17,349339
30405,0.006011,172.31.36.0-255,66,144290,17,349339
30406,0.008051,74.125.24.0-255,5738,150028,17,349339
30407,0.008058,172.31.36.0-255,66,150094,17,349339
30408,0.010085,74.125.24.0-255,5738,155832,17,349339
30409,0.010092,172.31.36.0-255,66,155898,17,349339
30410,0.012158,74.125.24.0-255,5738,161636,17,349339
30411,0.012166,172.31.36.0-255,66,161702,17,349339
30412,0.014194,74.125.24.0-255,5738,167440,17,349339
30413,0.014202,172.31.36.0-255,66,167506,17,349339
30414,0.016251,74.125.24.0-255,5738,173244,17,349339
30415,0.016258,172.31.36.0-255,66,173310,17,349339
30416,0.018313,74.125.24.0-255,5738,179048,17,349339
30417,0.018322,172.31.36.0-255,66,179114,17,349339
30418,0.020406,74.125.24.0-255,5738,184852,17,349339
30419,0.020413,172.31.36.0-255,66,184918,17,349339
30420,0.022474,74.125.24.0-255,5738,190656,17,349339
30421,0.022481,172.31.36.0-255,66,190722,17,349339
30422,0.024544,74.125.24.0-255,5738,196460,17,349339
30423,0.024551,172.31.36.0-255,66,196526,17,349339
30424,0.026609,74.125.24.0-255,5738,202264,17,349339
30425,0.026616,172.31.36.0-255,66,202330,17,349339
30426,0.027303,172.31.36.0-255,164,202494,17,349339
30427,0.027338,172.31.36.0-255,1125,203619,17,349339
30428,0.027394,172.31.36.0-255,1514,205133,17,349339
30429,0.027395,172.31.36.0-255,307,205440,17,349339
30430,0.028676,74.125.24.0-255,5738,211178,17,349339
30431,0.028683,172.31.36.0-255,66,211244,17,349339
30432,0.028939,104.244.42.0-255,66,211310,17,349339
30433,0.030724,74.125.24.0-255,5738,217048,17,349339
30434,0.03073,172.31.36.0-255,66,217114,17,349339
30435,0.03279,74.125.24.0-255,5738,222852,17,349339
30436,0.032797,172.31.36.0-255,66,222918,17,349339
30437,0.034857,74.125.24.0-255,5738,228656,17,349339
30438,0.034863,172.31.36.0-255,66,228722,17,349339
30439,0.036939,74.125.24.0-255,5738,234460,17,349339
30440,0.036946,172.31.36.0-255,66,234526,17,349339
30441,0.039009,74.125.24.0-255,5738,240264,17,349339
30442,0.039016,172.31.36.0-255,66,240330,17,349339
30443,0.041063,74.125.24.0-255,4320,244650,17,349339
30444,0.041072,172.31.36.0-255,66,244716,17,349339
30445,0.041091,74.125.24.0-255,1484,246200,17,349339
30446,0.043139,74.125.24.0-255,4320,250520,17,349339
30447,0.043146,172.31.36.0-255,66,250586,17,349339
30448,0.045221,74.125.24.0-255,5738,256324,17,349339
30449,0.045228,172.31.36.0-255,66,256390,17,349339
30450,0.04731,74.125.24.0-255,5738,262128,17,349339
30451,0.047317,172.31.36.0-255,66,262194,17,349339
30452,0.049424,74.125.24.0-255,5738,267932,17,349339
30453,0.049431,172.31.36.0-255,66,267998,17,349339
30454,0.051488,74.125.24.0-255,5738,273736,17,349339
30455,0.051494,172.31.36.0-255,66,273802,17,349339
30456,0.053537,74.125.24.0-255,5738,279540,17,349339
30457,0.053544,172.31.36.0-255,66,279606,17,349339
30458,0.055622,74.125.24.0-255,5738,285344,17,349339
30459,0.055629,172.31.36.0-255,66,285410,17,349339
30460,0.05768,74.125.24.0-255,5738,291148,17,349339
30461,0.057686,172.31.36.0-255,66,291214,17,349339
30462,0.059731,74.125.24.0-255,5738,296952,17,349339
30463,0.059738,172.31.36.0-255,66,297018,17,349339
30464,0.061812,74.125.24.0-255,5738,302756,17,349339
30465,0.061819,172.31.36.0-255,66,302822,17,349339
30466,0.063895,74.125.24.0-255,5738,308560,17,349339
30467,0.063902,172.31.36.0-255,66,308626,17,349339
30468,0.065976,74.125.24.0-255,5738,314364,17,349339
30469,0.065982,172.31.36.0-255,66,314430,17,349339
30470,0.068024,74.125.24.0-255,5738,320168,17,349339
30471,0.068031,172.31.36.0-255,66,320234,17,349339
30472,0.070063,74.125.24.0-255,5738,325972,17,349339
30473,0.070069,172.31.36.0-255,66,326038,17,349339
30474,0.072148,74.125.24.0-255,5738,331776,17,349339
30475,0.072155,172.31.36.0-255,66,331842,17,349339
30476,0.074244,74.125.24.0-255,5738,337580,17,349339
30477,0.074251,172.31.36.0-255,66,337646,17,349339
30478,0.076293,74.125.24.0-255,5738,343384,17,349339
30479,0.076299,172.31.36.0-255,66,343450,17,349339
30480,0.078354,74.125.24.0-255,5652,349102,17,349339
30481,0.07836,172.31.36.0-255,66,349168,17,349339
30482,0.078541,172.31.36.0-255,105,349273,17,349339
30483,0.080548,74.125.24.0-255,66,349339,17,349339
30484,0.0,74.125.68.0-255,66,66,17,66
30485,0.0,74.125.24.0-255,150,150,17,179760
30486,2.6e-05,172.31.36.0-255,66,216,17,179760
30487,3.2e-05,74.125.24.0-255,1484,1700,17,179760
30488,3.6e-05,172.31.36.0-255,66,1766,17,179760
30489,4.3e-05,74.125.24.0-255,2902,4668,17,179760
30490,4.5e-05,172.31.36.0-255,66,4734,17,179760
30491,6e-05,74.125.24.0-255,7156,11890,17,179760
30492,6.4e-05,172.31.36.0-255,66,11956,17,179760
30493,0.000104,74.125.24.0-255,2058,14014,17,179760
30494,0.000107,172.31.36.0-255,66,14080,17,179760
30495,0.000136,74.125.24.0-255,2902,16982,17,179760
30496,0.000139,172.31.36.0-255,66,17048,17,179760
30497,0.000147,74.125.24.0-255,7156,24204,17,179760
30498,0.000149,172.31.36.0-255,66,24270,17,179760
30499,0.000198,74.125.24.0-255,4320,28590,17,179760
30500,0.000201,172.31.36.0-255,66,28656,17,179760
30501,0.000223,74.125.24.0-255,1484,30140,17,179760
30502,0.000226,172.31.36.0-255,66,30206,17,179760
30503,0.000228,74.125.24.0-255,1125,31331,17,179760
30504,0.000231,172.31.36.0-255,66,31397,17,179760
30505,0.000279,74.125.24.0-255,1484,32881,17,179760
30506,0.000282,172.31.36.0-255,66,32947,17,179760
30507,0.000287,74.125.24.0-255,2902,35849,17,179760
30508,0.000289,172.31.36.0-255,66,35915,17,179760
30509,0.000309,74.125.24.0-255,5738,41653,17,179760
30510,0.000316,172.31.36.0-255,66,41719,17,179760
30511,0.000341,74.125.24.0-255,1484,43203,17,179760
30512,0.000344,172.31.36.0-255,66,43269,17,179760
30513,0.000368,172.31.36.0-255,66,43335,17,179760
30514,0.00039,74.125.24.0-255,2543,45878,17,179760
30515,0.000393,172.31.36.0-255,66,45944,17,179760
30516,0.000457,74.125.24.0-255,2902,48846,17,179760
30517,0.000461,172.31.36.0-255,66,48912,17,179760
30518,0.000487,74.125.24.0-255,7136,56048,17,179760
30519,0.00049,172.31.36.0-255,66,56114,17,179760
30520,0.000524,74.125.24.0-255,348,56462,17,179760
30521,0.000646,74.125.24.0-255,1484,57946,17,179760
30522,0.000649,172.31.36.0-255,66,58012,17,179760
30523,0.000661,74.125.24.0-255,2902,60914,17,179760
30524,0.000668,172.31.36.0-255,66,60980,17,179760
30525,0.000692,74.125.24.0-255,5738,66718,17,179760
30526,0.000695,172.31.36.0-255,66,66784,17,179760
30527,0.000721,74.125.24.0-255,2902,69686,17,179760
30528,0.000724,172.31.36.0-255,66,69752,17,179760
30529,0.000747,74.125.24.0-255,2902,72654,17,179760
30530,0.00075,172.31.36.0-255,66,72720,17,179760
30531,0.000765,74.125.24.0-255,7156,79876,17,179760
30532,0.000772,172.31.36.0-255,66,79942,17,179760
30533,0.000795,74.125.24.0-255,5738,85680,17,179760
30534,0.000798,172.31.36.0-255,66,85746,17,179760
30535,0.000875,74.125.24.0-255,5020,90766,17,179760
30536,0.000878,172.31.36.0-255,66,90832,17,179760
30537,0.001195,74.125.24.0-255,1484,92316,17,179760
30538,0.001214,74.125.24.0-255,2902,95218,17,179760
30539,0.001217,172.31.36.0-255,66,95284,17,179760
30540,0.001221,74.125.24.0-255,1484,96768,17,179760
30541,0.001237,74.125.24.0-255,4320,101088,17,179760
30542,0.001239,172.31.36.0-255,66,101154,17,179760
30543,0.001258,74.125.24.0-255,2902,104056,17,179760
30544,0.00126,172.31.36.0-255,66,104122,17,179760
30545,0.001283,74.125.24.0-255,2902,107024,17,179760
30546,0.001286,172.31.36.0-255,66,107090,17,179760
30547,0.001327,172.31.36.0-255,66,107156,17,179760
30548,0.00141,74.125.24.0-255,5020,112176,17,179760
30549,0.001414,172.31.36.0-255,66,112242,17,179760
30550,0.001448,74.125.24.0-255,5738,117980,17,179760
30551,0.001452,172.31.36.0-255,66,118046,17,179760
30552,0.001503,74.125.24.0-255,2902,120948,17,179760
30553,0.001505,172.31.36.0-255,66,121014,17,179760
30554,0.001526,172.31.36.0-255,66,121080,17,179760
30555,0.001598,74.125.24.0-255,4320,125400,17,179760
30556,0.0016,172.31.36.0-255,66,125466,17,179760
30557,0.001634,172.31.36.0-255,66,125532,17,179760
30558,0.00172,74.125.24.0-255,2902,128434,17,179760
30559,0.001722,172.31.36.0-255,66,128500,17,179760
30560,0.001756,172.31.36.0-255,66,128566,17,179760
30561,0.001845,74.125.24.0-255,2902,131468,17,179760
30562,0.001847,172.31.36.0-255,66,131534,17,179760
30563,0.001884,172.31.36.0-255,66,131600,17,179760
30564,0.001989,74.125.24.0-255,4320,135920,17,179760
30565,0.001991,172.31.36.0-255,66,135986,17,179760
30566,0.002041,74.125.24.0-255,2902,138888,17,179760
30567,0.002043,172.31.36.0-255,66,138954,17,179760
30568,0.002081,172.31.36.0-255,66,139020,17,179760
30569,0.002217,74.125.24.0-255,1484,140504,17,179760
30570,0.002231,74.125.24.0-255,5738,146242,17,179760
30571,0.002234,172.31.36.0-255,66,146308,17,179760
30572,0.002281,172.31.36.0-255,66,146374,17,179760
30573,0.002434,74.125.24.0-255,1484,147858,17,179760
30574,0.002468,172.31.36.0-255,66,147924,17,179760
30575,0.002505,172.31.36.0-255,66,147990,17,179760
30576,0.002802,74.125.24.0-255,2902,150892,17,179760
30577,0.002804,172.31.36.0-255,66,150958,17,179760
30578,0.002835,172.31.36.0-255,66,151024,17,179760
30579,0.002858,74.125.24.0-255,6438,157462,17,179760
30580,0.00286,172.31.36.0-255,66,157528,17,179760
30581,0.003069,74.125.24.0-255,1484,159012,17,179760
30582,0.003083,74.125.24.0-255,4320,163332,17,179760
30583,0.003085,172.31.36.0-255,66,163398,17,179760
30584,0.003145,172.31.36.0-255,66,163464,17,179760
30585,0.003371,172.31.36.0-255,66,163530,17,179760
30586,0.003399,172.31.36.0-255,66,163596,17,179760
30587,0.003422,74.125.24.0-255,5020,168616,17,179760
30588,0.003425,172.31.36.0-255,66,168682,17,179760
30589,0.005732,74.125.24.0-255,5738,174420,17,179760
30590,0.005738,172.31.36.0-255,66,174486,17,179760
30591,0.008021,74.125.24.0-255,763,175249,17,179760
30592,0.00909,172.31.36.0-255,66,175315,17,179760
30593,0.009117,172.31.36.0-255,105,175420,17,179760
30594,0.011413,74.125.24.0-255,66,175486,17,179760
30595,0.030127,172.31.36.0-255,172,175658,17,179760
30596,0.030169,172.31.36.0-255,1118,176776,17,179760
30597,0.030203,172.31.36.0-255,1514,178290,17,179760
30598,0.030223,172.31.36.0-255,1272,179562,17,179760
30599,0.031651,104.244.42.0-255,66,179628,17,179760
30600,0.031718,104.244.42.0-255,66,179694,17,179760
30601,0.031722,104.244.42.0-255,66,179760,17,179760
30602,0.0,74.125.24.0-255,153,153,17,375575
30603,2.4e-05,172.31.36.0-255,66,219,17,375575
30604,3.2e-05,74.125.24.0-255,1484,1703,17,375575
30605,3.6e-05,172.31.36.0-255,66,1769,17,375575
30606,4.3e-05,74.125.24.0-255,2902,4671,17,375575
30607,5.5e-05,172.31.36.0-255,66,4737,17,375575
30608,6.4e-05,74.125.24.0-255,7156,11893,17,375575
30609,6.7e-05,172.31.36.0-255,66,11959,17,375575
30610,7.2e-05,74.125.24.0-255,1930,13889,17,375575
30611,7.4e-05,172.31.36.0-255,66,13955,17,375575
30612,0.000642,74.125.24.0-255,1484,15439,17,375575
30613,0.000649,172.31.36.0-255,66,15505,17,375575
30614,0.000658,74.125.24.0-255,2902,18407,17,375575
30615,0.00066,172.31.36.0-255,66,18473,17,375575
30616,0.000673,74.125.24.0-255,5738,24211,17,375575
30617,0.000675,172.31.36.0-255,66,24277,17,375575
30618,0.000706,74.125.24.0-255,7156,31433,17,375575
30619,0.000709,172.31.36.0-255,66,31499,17,375575
30620,0.000738,74.125.24.0-255,2543,34042,17,375575
30621,0.00074,172.31.36.0-255,66,34108,17,375575
30622,0.000757,172.31.36.0-255,66,34174,17,375575
30623,0.000763,74.125.24.0-255,3961,38135,17,375575
30624,0.000765,172.31.36.0-255,66,38201,17,375575
30625,0.001001,74.125.24.0-255,1484,39685,17,375575
30626,0.001006,172.31.36.0-255,66,39751,17,375575
30627,0.001013,74.125.24.0-255,2902,42653,17,375575
30628,0.001016,172.31.36.0-255,66,42719,17,375575
30629,0.001028,74.125.24.0-255,4320,47039,17,375575
30630,0.00103,172.31.36.0-255,66,47105,17,375575
30631,0.00106,74.125.24.0-255,1484,48589,17,375575
30632,0.001063,172.31.36.0-255,66,48655,17,375575
30633,0.001076,74.125.24.0-255,6797,55452,17,375575
30634,0.001549,74.125.24.0-255,1484,56936,17,375575
30635,0.001556,74.125.24.0-255,1484,58420,17,375575
30636,0.001571,74.125.24.0-255,1484,59904,17,375575
30637,0.001579,74.125.24.0-255,5738,65642,17,375575
30638,0.00163,74.125.24.0-255,2902,68544,17,375575
30639,0.001655,74.125.24.0-255,6797,75341,17,375575
30640,0.001815,74.125.24.0-255,1484,76825,17,375575
30641,0.001833,74.125.24.0-255,2902,79727,17,375575
30642,0.001837,74.125.24.0-255,1484,81211,17,375575
30643,0.001854,74.125.24.0-255,4320,85531,17,375575
30644,0.001871,74.125.24.0-255,2902,88433,17,375575
30645,0.001886,74.125.24.0-255,5738,94171,17,375575
30646,0.001902,74.125.24.0-255,4320,98491,17,375575
30647,0.001905,74.125.24.0-255,1484,99975,17,375575
30648,0.001924,74.125.24.0-255,4320,104295,17,375575
30649,0.001929,74.125.24.0-255,4320,108615,17,375575
30650,0.001942,74.125.24.0-255,766,109381,17,375575
30651,0.001968,74.125.24.0-255,4320,113701,17,375575
30652,0.001982,74.125.24.0-255,1484,115185,17,375575
30653,0.00202,74.125.24.0-255,4320,119505,17,375575
30654,0.00204,74.125.24.0-255,2902,122407,17,375575
30655,0.002058,74.125.24.0-255,6438,128845,17,375575
30656,0.002061,74.125.24.0-255,647,129492,17,375575
30657,0.002215,74.125.24.0-255,1484,130976,17,375575
30658,0.002221,74.125.24.0-255,2902,133878,17,375575
30659,0.002231,74.125.24.0-255,1484,135362,17,375575
30660,0.002247,74.125.24.0-255,4320,139682,17,375575
30661,0.002253,74.125.24.0-255,4320,144002,17,375575
30662,0.002267,74.125.24.0-255,5738,149740,17,375575
30663,0.002279,74.125.24.0-255,2902,152642,17,375575
30664,0.002283,74.125.24.0-255,2902,155544,17,375575
30665,0.004505,172.31.36.0-255,66,155610,17,375575
30666,0.006823,74.125.24.0-255,5738,161348,17,375575
30667,0.006831,172.31.36.0-255,66,161414,17,375575
30668,0.009151,74.125.24.0-255,5738,167152,17,375575
30669,0.009782,172.31.36.0-255,66,167218,17,375575
30670,0.0121,74.125.24.0-255,5738,172956,17,375575
30671,0.012112,172.31.36.0-255,66,173022,17,375575
30672,0.014432,74.125.24.0-255,5738,178760,17,375575
30673,0.014442,172.31.36.0-255,66,178826,17,375575
30674,0.016745,74.125.24.0-255,5738,184564,17,375575
30675,0.016753,172.31.36.0-255,66,184630,17,375575
30676,0.019094,74.125.24.0-255,5738,190368,17,375575
30677,0.019103,172.31.36.0-255,66,190434,17,375575
30678,0.021425,74.125.24.0-255,5738,196172,17,375575
30679,0.021434,172.31.36.0-255,66,196238,17,375575
30680,0.023731,74.125.24.0-255,5738,201976,17,375575
30681,0.023738,172.31.36.0-255,66,202042,17,375575
30682,0.02436,172.31.36.0-255,172,202214,17,375575
30683,0.024391,172.31.36.0-255,1117,203331,17,375575
30684,0.024454,172.31.36.0-255,1514,204845,17,375575
30685,0.024457,172.31.36.0-255,1271,206116,17,375575
30686,0.025901,104.244.42.0-255,66,206182,17,375575
30687,0.025997,104.244.42.0-255,66,206248,17,375575
30688,0.026027,74.125.24.0-255,5738,211986,17,375575
30689,0.026037,172.31.36.0-255,66,212052,17,375575
30690,0.026054,104.244.42.0-255,66,212118,17,375575
30691,0.028377,74.125.24.0-255,5738,217856,17,375575
30692,0.029704,172.31.36.0-255,66,217922,17,375575
30693,0.032043,74.125.24.0-255,5738,223660,17,375575
30694,0.032061,172.31.36.0-255,66,223726,17,375575
30695,0.034367,74.125.24.0-255,5738,229464,17,375575
30696,0.034382,172.31.36.0-255,66,229530,17,375575
30697,0.036689,74.125.24.0-255,5738,235268,17,375575
30698,0.036704,172.31.36.0-255,66,235334,17,375575
30699,0.039004,74.125.24.0-255,5738,241072,17,375575
30700,0.039013,172.31.36.0-255,66,241138,17,375575
30701,0.041343,74.125.24.0-255,5738,246876,17,375575
30702,0.04135,172.31.36.0-255,66,246942,17,375575
30703,0.043654,74.125.24.0-255,5738,252680,17,375575
30704,0.043661,172.31.36.0-255,66,252746,17,375575
30705,0.045967,74.125.24.0-255,5738,258484,17,375575
30706,0.045976,172.31.36.0-255,66,258550,17,375575
30707,0.048313,74.125.24.0-255,5738,264288,17,375575
30708,0.04832,172.31.36.0-255,66,264354,17,375575
30709,0.050638,74.125.24.0-255,5738,270092,17,375575
30710,0.050645,172.31.36.0-255,66,270158,17,375575
30711,0.052951,74.125.24.0-255,5738,275896,17,375575
30712,0.052963,172.31.36.0-255,66,275962,17,375575
30713,0.055297,74.125.24.0-255,5738,281700,17,375575
30714,0.055311,172.31.36.0-255,66,281766,17,375575
30715,0.057654,74.125.24.0-255,5738,287504,17,375575
30716,0.057663,172.31.36.0-255,66,287570,17,375575
30717,0.059964,74.125.24.0-255,5738,293308,17,375575
30718,0.059972,172.31.36.0-255,66,293374,17,375575
30719,0.062265,74.125.24.0-255,5738,299112,17,375575
30720,0.062272,172.31.36.0-255,66,299178,17,375575
30721,0.064579,74.125.24.0-255,5738,304916,17,375575
30722,0.064586,172.31.36.0-255,66,304982,17,375575
30723,0.066912,74.125.24.0-255,5738,310720,17,375575
30724,0.066923,172.31.36.0-255,66,310786,17,375575
30725,0.069237,74.125.24.0-255,5738,316524,17,375575
30726,0.069244,172.31.36.0-255,66,316590,17,375575
30727,0.071552,74.125.24.0-255,5738,322328,17,375575
30728,0.071558,172.31.36.0-255,66,322394,17,375575
30729,0.073867,74.125.24.0-255,5738,328132,17,375575
30730,0.073874,172.31.36.0-255,66,328198,17,375575
30731,0.076171,74.125.24.0-255,5738,333936,17,375575
30732,0.076177,172.31.36.0-255,66,334002,17,375575
30733,0.07849,74.125.24.0-255,5738,339740,17,375575
30734,0.078496,172.31.36.0-255,66,339806,17,375575
30735,0.080816,74.125.24.0-255,5738,345544,17,375575
30736,0.080822,172.31.36.0-255,66,345610,17,375575
30737,0.083145,74.125.24.0-255,5738,351348,17,375575
30738,0.083152,172.31.36.0-255,66,351414,17,375575
30739,0.085465,74.125.24.0-255,5738,357152,17,375575
30740,0.085473,172.31.36.0-255,66,357218,17,375575
30741,0.087772,74.125.24.0-255,5738,362956,17,375575
30742,0.087779,172.31.36.0-255,66,363022,17,375575
30743,0.090068,74.125.24.0-255,5738,368760,17,375575
30744,0.090074,172.31.36.0-255,66,368826,17,375575
30745,0.092383,74.125.24.0-255,5738,374564,17,375575
30746,0.092388,172.31.36.0-255,66,374630,17,375575
30747,0.094675,74.125.24.0-255,708,375338,17,375575
30748,0.094828,172.31.36.0-255,66,375404,17,375575
30749,0.094867,172.31.36.0-255,105,375509,17,375575
30750,0.097149,74.125.24.0-255,66,375575,17,375575
30751,0.0,172.217.194.0-255,152,152,17,139028
30752,2.4e-05,172.31.36.0-255,66,218,17,139028
30753,3.1e-05,172.217.194.0-255,1484,1702,17,139028
30754,3.5e-05,172.31.36.0-255,66,1768,17,139028
30755,4.9e-05,172.217.194.0-255,2902,4670,17,139028
30756,5.3e-05,172.31.36.0-255,66,4736,17,139028
30757,6.1e-05,172.217.194.0-255,7156,11892,17,139028
30758,6.4e-05,172.31.36.0-255,66,11958,17,139028
30759,6.9e-05,172.217.194.0-255,2018,13976,17,139028
30760,7.2e-05,172.31.36.0-255,66,14042,17,139028
30761,8.6e-05,172.31.36.0-255,66,14108,17,139028
30762,9.2e-05,172.217.194.0-255,5379,19487,17,139028
30763,9.6e-05,172.31.36.0-255,66,19553,17,139028
30764,0.000149,172.217.194.0-255,1484,21037,17,139028
30765,0.000152,172.31.36.0-255,66,21103,17,139028
30766,0.000158,172.217.194.0-255,2902,24005,17,139028
30767,0.000159,172.31.36.0-255,66,24071,17,139028
30768,0.000186,172.217.194.0-255,5738,29809,17,139028
30769,0.000189,172.31.36.0-255,66,29875,17,139028
30770,0.000226,172.31.36.0-255,66,29941,17,139028
30771,0.000248,172.217.194.0-255,4320,34261,17,139028
30772,0.00025,172.31.36.0-255,66,34327,17,139028
30773,0.000277,172.217.194.0-255,5670,39997,17,139028
30774,0.00028,172.31.36.0-255,66,40063,17,139028
30775,0.000307,172.217.194.0-255,99,40162,17,139028
30776,0.00031,172.31.36.0-255,66,40228,17,139028
30777,0.000386,172.217.194.0-255,1484,41712,17,139028
30778,0.00039,172.31.36.0-255,66,41778,17,139028
30779,0.000396,172.217.194.0-255,2902,44680,17,139028
30780,0.000398,172.31.36.0-255,66,44746,17,139028
30781,0.000401,172.217.194.0-255,1484,46230,17,139028
30782,0.000428,172.217.194.0-255,4320,50550,17,139028
30783,0.00043,172.31.36.0-255,66,50616,17,139028
30784,0.000462,172.31.36.0-255,66,50682,17,139028
30785,0.000489,172.217.194.0-255,1125,51807,17,139028
30786,0.000502,172.31.36.0-255,66,51873,17,139028
30787,0.000508,172.217.194.0-255,4258,56131,17,139028
30788,0.00051,172.31.36.0-255,66,56197,17,139028
30789,0.000821,172.217.194.0-255,1484,57681,17,139028
30790,0.000828,172.217.194.0-255,2902,60583,17,139028
30791,0.000832,172.31.36.0-255,66,60649,17,139028
30792,0.00084,172.217.194.0-255,5738,66387,17,139028
30793,0.000842,172.31.36.0-255,66,66453,17,139028
30794,0.00088,172.31.36.0-255,66,66519,17,139028
30795,0.000911,172.217.194.0-255,4320,70839,17,139028
30796,0.000914,172.31.36.0-255,66,70905,17,139028
30797,0.00094,172.31.36.0-255,66,70971,17,139028
30798,0.000956,172.31.36.0-255,66,71037,17,139028
30799,0.000995,172.217.194.0-255,1484,72521,17,139028
30800,0.001032,172.31.36.0-255,66,72587,17,139028
30801,0.001037,172.217.194.0-255,2184,74771,17,139028
30802,0.001039,172.31.36.0-255,66,74837,17,139028
30803,0.001071,172.217.194.0-255,2902,77739,17,139028
30804,0.001074,172.31.36.0-255,66,77805,17,139028
30805,0.001077,172.217.194.0-255,1484,79289,17,139028
30806,0.001084,172.217.194.0-255,5738,85027,17,139028
30807,0.001086,172.31.36.0-255,66,85093,17,139028
30808,0.001092,172.217.194.0-255,4320,89413,17,139028
30809,0.001094,172.31.36.0-255,66,89479,17,139028
30810,0.001138,172.31.36.0-255,66,89545,17,139028
30811,0.001151,172.31.36.0-255,66,89611,17,139028
30812,0.001417,172.217.194.0-255,1484,91095,17,139028
30813,0.001434,172.217.194.0-255,2902,93997,17,139028
30814,0.001438,172.31.36.0-255,66,94063,17,139028
30815,0.001445,172.217.194.0-255,5738,99801,17,139028
30816,0.001447,172.31.36.0-255,66,99867,17,139028
30817,0.00149,172.31.36.0-255,66,99933,17,139028
30818,0.001505,172.31.36.0-255,66,99999,17,139028
30819,0.001639,172.217.194.0-255,1484,101483,17,139028
30820,0.001661,172.217.194.0-255,2902,104385,17,139028
30821,0.001665,172.31.36.0-255,66,104451,17,139028
30822,0.001672,172.217.194.0-255,5738,110189,17,139028
30823,0.001674,172.31.36.0-255,66,110255,17,139028
30824,0.001719,172.31.36.0-255,66,110321,17,139028
30825,0.001732,172.31.36.0-255,66,110387,17,139028
30826,0.001745,172.217.194.0-255,3602,113989,17,139028
30827,0.001748,172.31.36.0-255,66,114055,17,139028
30828,0.001758,172.217.194.0-255,5738,119793,17,139028
30829,0.001761,172.31.36.0-255,66,119859,17,139028
30830,0.001791,172.31.36.0-255,66,119925,17,139028
30831,0.001802,172.31.36.0-255,66,119991,17,139028
30832,0.001867,172.31.36.0-255,66,120057,17,139028
30833,0.001888,172.31.36.0-255,66,120123,17,139028
30834,0.001893,172.217.194.0-255,5020,125143,17,139028
30835,0.001896,172.31.36.0-255,66,125209,17,139028
30836,0.001967,172.31.36.0-255,66,125275,17,139028
30837,0.001986,172.217.194.0-255,2902,128177,17,139028
30838,0.001988,172.31.36.0-255,66,128243,17,139028
30839,0.00201,172.31.36.0-255,66,128309,17,139028
30840,0.002023,172.31.36.0-255,66,128375,17,139028
30841,0.002054,172.217.194.0-255,5738,134113,17,139028
30842,0.002057,172.31.36.0-255,66,134179,17,139028
30843,0.002068,172.31.36.0-255,66,134245,17,139028
30844,0.002111,172.217.194.0-255,105,134350,17,139028
30845,0.002117,172.31.36.0-255,66,134416,17,139028
30846,0.00235,172.31.36.0-255,101,134517,17,139028
30847,0.004608,172.217.194.0-255,66,134583,17,139028
30848,0.016683,172.31.36.0-255,105,134688,17,139028
30849,0.018921,172.217.194.0-255,66,134754,17,139028
30850,0.0403,172.31.36.0-255,172,134926,17,139028
30851,0.040336,172.31.36.0-255,1118,136044,17,139028
30852,0.040401,172.31.36.0-255,1514,137558,17,139028
30853,0.040403,172.31.36.0-255,1272,138830,17,139028
30854,0.041845,104.244.42.0-255,66,138896,17,139028
30855,0.041876,104.244.42.0-255,66,138962,17,139028
30856,0.041895,104.244.42.0-255,66,139028,17,139028
30857,0.0,74.125.24.0-255,152,152,17,211795
30858,1.2e-05,172.31.36.0-255,66,218,17,211795
30859,1.6e-05,74.125.24.0-255,1484,1702,17,211795
30860,2e-05,172.31.36.0-255,66,1768,17,211795
30861,4.6e-05,74.125.24.0-255,2902,4670,17,211795
30862,4.9e-05,172.31.36.0-255,66,4736,17,211795
30863,5.6e-05,74.125.24.0-255,7156,11892,17,211795
30864,5.8e-05,172.31.36.0-255,66,11958,17,211795
30865,6.2e-05,74.125.24.0-255,2066,14024,17,211795
30866,6.4e-05,172.31.36.0-255,66,14090,17,211795
30867,0.000103,74.125.24.0-255,1484,15574,17,211795
30868,0.000105,172.31.36.0-255,66,15640,17,211795
30869,0.000131,74.125.24.0-255,1484,17124,17,211795
30870,0.000135,172.31.36.0-255,66,17190,17,211795
30871,0.000137,172.31.36.0-255,66,17256,17,211795
30872,0.000153,74.125.24.0-255,2902,20158,17,211795
30873,0.000155,172.31.36.0-255,66,20224,17,211795
30874,0.00018,172.31.36.0-255,66,20290,17,211795
30875,0.000185,74.125.24.0-255,4320,24610,17,211795
30876,0.000187,172.31.36.0-255,66,24676,17,211795
30877,0.000207,74.125.24.0-255,2184,26860,17,211795
30878,0.000209,172.31.36.0-255,66,26926,17,211795
30879,0.000258,172.31.36.0-255,66,26992,17,211795
30880,0.000276,172.31.36.0-255,66,27058,17,211795
30881,0.000331,74.125.24.0-255,1484,28542,17,211795
30882,0.000334,172.31.36.0-255,66,28608,17,211795
30883,0.000346,74.125.24.0-255,2902,31510,17,211795
30884,0.000348,172.31.36.0-255,66,31576,17,211795
30885,0.000354,74.125.24.0-255,4320,35896,17,211795
30886,0.000356,172.31.36.0-255,66,35962,17,211795
30887,0.000383,74.125.24.0-255,1484,37446,17,211795
30888,0.000389,74.125.24.0-255,5738,43184,17,211795
30889,0.000391,172.31.36.0-255,66,43250,17,211795
30890,0.000401,172.31.36.0-255,66,43316,17,211795
30891,0.000423,74.125.24.0-255,4320,47636,17,211795
30892,0.000425,172.31.36.0-255,66,47702,17,211795
30893,0.00043,74.125.24.0-255,5020,52722,17,211795
30894,0.000432,172.31.36.0-255,66,52788,17,211795
30895,0.000447,74.125.24.0-255,1484,54272,17,211795
30896,0.000466,74.125.24.0-255,4320,58592,17,211795
30897,0.000468,172.31.36.0-255,66,58658,17,211795
30898,0.000473,74.125.24.0-255,4320,62978,17,211795
30899,0.000475,172.31.36.0-255,66,63044,17,211795
30900,0.000494,74.125.24.0-255,7156,70200,17,211795
30901,0.000496,172.31.36.0-255,66,70266,17,211795
30902,0.00052,74.125.24.0-255,4320,74586,17,211795
30903,0.000522,172.31.36.0-255,66,74652,17,211795
30904,0.000541,172.31.36.0-255,66,74718,17,211795
30905,0.000552,74.125.24.0-255,2184,76902,17,211795
30906,0.000554,172.31.36.0-255,66,76968,17,211795
30907,0.000583,74.125.24.0-255,1484,78452,17,211795
30908,0.000596,74.125.24.0-255,2902,81354,17,211795
30909,0.0006,172.31.36.0-255,66,81420,17,211795
30910,0.000622,74.125.24.0-255,5738,87158,17,211795
30911,0.000624,172.31.36.0-255,66,87224,17,211795
30912,0.000629,74.125.24.0-255,5738,92962,17,211795
30913,0.000631,172.31.36.0-255,66,93028,17,211795
30914,0.000636,74.125.24.0-255,2902,95930,17,211795
30915,0.000637,172.31.36.0-255,66,95996,17,211795
30916,0.000667,172.31.36.0-255,66,96062,17,211795
30917,0.000672,74.125.24.0-255,5020,101082,17,211795
30918,0.000674,172.31.36.0-255,66,101148,17,211795
30919,0.000677,74.125.24.0-255,1484,102632,17,211795
30920,0.000705,74.125.24.0-255,4320,106952,17,211795
30921,0.000707,172.31.36.0-255,66,107018,17,211795
30922,0.000719,172.31.36.0-255,66,107084,17,211795
30923,0.000744,172.31.36.0-255,66,107150,17,211795
30924,0.00077,74.125.24.0-255,1883,109033,17,211795
30925,0.000772,172.31.36.0-255,66,109099,17,211795
30926,0.000818,74.125.24.0-255,2902,112001,17,211795
30927,0.00082,172.31.36.0-255,66,112067,17,211795
30928,0.000843,74.125.24.0-255,4320,116387,17,211795
30929,0.000846,172.31.36.0-255,66,116453,17,211795
30930,0.000851,74.125.24.0-255,5738,122191,17,211795
30931,0.000853,172.31.36.0-255,66,122257,17,211795
30932,0.000867,74.125.24.0-255,2902,125159,17,211795
30933,0.000869,172.31.36.0-255,66,125225,17,211795
30934,0.000872,74.125.24.0-255,1484,126709,17,211795
30935,0.000904,172.31.36.0-255,66,126775,17,211795
30936,0.00094,74.125.24.0-255,6438,133213,17,211795
30937,0.000943,172.31.36.0-255,66,133279,17,211795
30938,0.001212,74.125.24.0-255,1484,134763,17,211795
30939,0.001218,74.125.24.0-255,2902,137665,17,211795
30940,0.001222,172.31.36.0-255,66,137731,17,211795
30941,0.001261,74.125.24.0-255,4320,142051,17,211795
30942,0.001263,172.31.36.0-255,66,142117,17,211795
30943,0.001288,74.125.24.0-255,1484,143601,17,211795
30944,0.001311,74.125.24.0-255,766,144367,17,211795
30945,0.00132,172.31.36.0-255,66,144433,17,211795
30946,0.001323,172.31.36.0-255,66,144499,17,211795
30947,0.001339,74.125.24.0-255,1484,145983,17,211795
30948,0.001341,172.31.36.0-255,66,146049,17,211795
30949,0.001364,74.125.24.0-255,4320,150369,17,211795
30950,0.001367,172.31.36.0-255,66,150435,17,211795
30951,0.001374,74.125.24.0-255,7156,157591,17,211795
30952,0.001376,172.31.36.0-255,66,157657,17,211795
30953,0.001391,74.125.24.0-255,2902,160559,17,211795
30954,0.001393,172.31.36.0-255,66,160625,17,211795
30955,0.001424,172.31.36.0-255,66,160691,17,211795
30956,0.001429,74.125.24.0-255,5020,165711,17,211795
30957,0.001432,172.31.36.0-255,66,165777,17,211795
30958,0.001462,74.125.24.0-255,1484,167261,17,211795
30959,0.001467,74.125.24.0-255,2902,170163,17,211795
30960,0.001468,172.31.36.0-255,66,170229,17,211795
30961,0.001472,74.125.24.0-255,1484,171713,17,211795
30962,0.00149,74.125.24.0-255,4320,176033,17,211795
30963,0.001493,172.31.36.0-255,66,176099,17,211795
30964,0.001495,74.125.24.0-255,1484,177583,17,211795
30965,0.001522,172.31.36.0-255,66,177649,17,211795
30966,0.001532,172.31.36.0-255,66,177715,17,211795
30967,0.001559,74.125.24.0-255,2184,179899,17,211795
30968,0.001561,172.31.36.0-255,66,179965,17,211795
30969,0.001607,74.125.24.0-255,2902,182867,17,211795
30970,0.001611,172.31.36.0-255,66,182933,17,211795
30971,0.001617,74.125.24.0-255,4320,187253,17,211795
30972,0.001619,172.31.36.0-255,66,187319,17,211795
30973,0.001623,74.125.24.0-255,1484,188803,17,211795
30974,0.001645,74.125.24.0-255,7156,195959,17,211795
30975,0.001648,172.31.36.0-255,66,196025,17,211795
30976,0.001672,74.125.24.0-255,7156,203181,17,211795
30977,0.001675,172.31.36.0-255,66,203247,17,211795
30978,0.001703,172.31.36.0-255,66,203313,17,211795
30979,0.001721,172.31.36.0-255,66,203379,17,211795
30980,0.001733,172.31.36.0-255,66,203445,17,211795
30981,0.001758,74.125.24.0-255,3602,207047,17,211795
30982,0.00176,172.31.36.0-255,66,207113,17,211795
30983,0.0018,172.31.36.0-255,66,207179,17,211795
30984,0.001803,74.125.24.0-255,105,207284,17,211795
30985,0.004452,172.31.36.0-255,66,207350,17,211795
30986,0.004488,172.31.36.0-255,105,207455,17,211795
30987,0.006407,74.125.24.0-255,66,207521,17,211795
30988,0.033025,172.31.36.0-255,172,207693,17,211795
30989,0.033059,172.31.36.0-255,1118,208811,17,211795
30990,0.033124,172.31.36.0-255,1514,210325,17,211795
30991,0.033126,172.31.36.0-255,1272,211597,17,211795
30992,0.034591,104.244.42.0-255,66,211663,17,211795
30993,0.034617,104.244.42.0-255,66,211729,17,211795
30994,0.034669,104.244.42.0-255,66,211795,17,211795
30995,0.0,74.125.24.0-255,146,146,17,159544
30996,1.8e-05,172.31.36.0-255,66,212,17,159544
30997,2.6e-05,74.125.24.0-255,1484,1696,17,159544
30998,3.1e-05,172.31.36.0-255,66,1762,17,159544
30999,3.7e-05,74.125.24.0-255,2902,4664,17,159544
31000,4.1e-05,172.31.36.0-255,66,4730,17,159544
31001,4.9e-05,74.125.24.0-255,7156,11886,17,159544
31002,5.2e-05,172.31.36.0-255,66,11952,17,159544
31003,5.6e-05,74.125.24.0-255,2015,13967,17,159544
31004,5.9e-05,172.31.36.0-255,66,14033,17,159544
31005,0.000153,74.125.24.0-255,1484,15517,17,159544
31006,0.000156,172.31.36.0-255,66,15583,17,159544
31007,0.000162,74.125.24.0-255,2902,18485,17,159544
31008,0.000165,172.31.36.0-255,66,18551,17,159544
31009,0.000171,74.125.24.0-255,5738,24289,17,159544
31010,0.000173,172.31.36.0-255,66,24355,17,159544
31011,0.000205,74.125.24.0-255,4320,28675,17,159544
31012,0.000209,172.31.36.0-255,66,28741,17,159544
31013,0.000237,172.31.36.0-255,66,28807,17,159544
31014,0.000251,172.31.36.0-255,66,28873,17,159544
31015,0.000257,74.125.24.0-255,5738,34611,17,159544
31016,0.000259,172.31.36.0-255,66,34677,17,159544
31017,0.000293,172.31.36.0-255,66,34743,17,159544
31018,0.000296,74.125.24.0-255,394,35137,17,159544
31019,0.000298,172.31.36.0-255,66,35203,17,159544
31020,0.000336,74.125.24.0-255,351,35554,17,159544
31021,0.000339,172.31.36.0-255,66,35620,17,159544
31022,0.000582,74.125.24.0-255,1484,37104,17,159544
31023,0.000588,172.31.36.0-255,66,37170,17,159544
31024,0.000594,74.125.24.0-255,2902,40072,17,159544
31025,0.000597,172.31.36.0-255,66,40138,17,159544
31026,0.000603,74.125.24.0-255,5738,45876,17,159544
31027,0.000606,172.31.36.0-255,66,45942,17,159544
31028,0.000622,74.125.24.0-255,2902,48844,17,159544
31029,0.000625,172.31.36.0-255,66,48910,17,159544
31030,0.000665,172.31.36.0-255,66,48976,17,159544
31031,0.000677,172.31.36.0-255,66,49042,17,159544
31032,0.000702,74.125.24.0-255,1484,50526,17,159544
31033,0.000708,74.125.24.0-255,2902,53428,17,159544
31034,0.00071,172.31.36.0-255,66,53494,17,159544
31035,0.000716,74.125.24.0-255,4320,57814,17,159544
31036,0.000718,172.31.36.0-255,66,57880,17,159544
31037,0.00073,74.125.24.0-255,1484,59364,17,159544
31038,0.000755,172.31.36.0-255,66,59430,17,159544
31039,0.000762,74.125.24.0-255,7156,66586,17,159544
31040,0.000764,172.31.36.0-255,66,66652,17,159544
31041,0.000805,74.125.24.0-255,3602,70254,17,159544
31042,0.000809,172.31.36.0-255,66,70320,17,159544
31043,0.000859,74.125.24.0-255,1484,71804,17,159544
31044,0.000865,74.125.24.0-255,2902,74706,17,159544
31045,0.000868,172.31.36.0-255,66,74772,17,159544
31046,0.000875,74.125.24.0-255,5738,80510,17,159544
31047,0.000877,172.31.36.0-255,66,80576,17,159544
31048,0.000911,172.31.36.0-255,66,80642,17,159544
31049,0.000928,74.125.24.0-255,1484,82126,17,159544
31050,0.000939,172.31.36.0-255,66,82192,17,159544
31051,0.00097,74.125.24.0-255,6438,88630,17,159544
31052,0.000977,74.125.24.0-255,7156,95786,17,159544
31053,0.001022,74.125.24.0-255,2902,98688,17,159544
31054,0.001057,74.125.24.0-255,6438,105126,17,159544
31055,0.001062,172.31.36.0-255,66,105192,17,159544
31056,0.001065,172.31.36.0-255,66,105258,17,159544
31057,0.001068,172.31.36.0-255,66,105324,17,159544
31058,0.001075,172.31.36.0-255,66,105390,17,159544
31059,0.001078,172.31.36.0-255,66,105456,17,159544
31060,0.001104,74.125.24.0-255,1484,106940,17,159544
31061,0.001108,74.125.24.0-255,1484,108424,17,159544
31062,0.00111,172.31.36.0-255,66,108490,17,159544
31063,0.001128,74.125.24.0-255,1484,109974,17,159544
31064,0.001131,74.125.24.0-255,1484,111458,17,159544
31065,0.001134,172.31.36.0-255,66,111524,17,159544
31066,0.001164,74.125.24.0-255,4320,115844,17,159544
31067,0.001168,172.31.36.0-255,66,115910,17,159544
31068,0.001175,74.125.24.0-255,7156,123066,17,159544
31069,0.001177,172.31.36.0-255,66,123132,17,159544
31070,0.001192,172.31.36.0-255,66,123198,17,159544
31071,0.001209,74.125.24.0-255,2184,125382,17,159544
31072,0.001212,172.31.36.0-255,66,125448,17,159544
31073,0.001359,74.125.24.0-255,1484,126932,17,159544
31074,0.001367,74.125.24.0-255,2902,129834,17,159544
31075,0.001371,172.31.36.0-255,66,129900,17,159544
31076,0.001377,74.125.24.0-255,5738,135638,17,159544
31077,0.00138,172.31.36.0-255,66,135704,17,159544
31078,0.001419,172.31.36.0-255,66,135770,17,159544
31079,0.001426,74.125.24.0-255,7156,142926,17,159544
31080,0.001428,172.31.36.0-255,66,142992,17,159544
31081,0.001462,172.31.36.0-255,66,143058,17,159544
31082,0.001495,172.31.36.0-255,66,143124,17,159544
31083,0.001507,172.31.36.0-255,66,143190,17,159544
31084,0.001547,172.31.36.0-255,66,143256,17,159544
31085,0.001574,172.31.36.0-255,66,143322,17,159544
31086,0.001588,172.31.36.0-255,66,143388,17,159544
31087,0.001625,172.31.36.0-255,66,143454,17,159544
31088,0.001688,172.31.36.0-255,66,143520,17,159544
31089,0.001702,74.125.24.0-255,2184,145704,17,159544
31090,0.001705,172.31.36.0-255,66,145770,17,159544
31091,0.001719,172.31.36.0-255,66,145836,17,159544
31092,0.001726,74.125.24.0-255,6140,151976,17,159544
31093,0.001728,172.31.36.0-255,66,152042,17,159544
31094,0.001731,74.125.24.0-255,105,152147,17,159544
31095,0.0073,172.31.36.0-255,66,152213,17,159544
31096,0.007341,172.31.36.0-255,105,152318,17,159544
31097,0.009252,74.125.24.0-255,66,152384,17,159544
31098,0.026042,172.31.36.0-255,188,152572,17,159544
31099,0.026071,172.31.36.0-255,961,153533,17,159544
31100,0.026132,172.31.36.0-255,1514,155047,17,159544
31101,0.026134,172.31.36.0-255,1514,156561,17,159544
31102,0.026138,172.31.36.0-255,1514,158075,17,159544
31103,0.02614,172.31.36.0-255,1205,159280,17,159544
31104,0.027588,104.244.42.0-255,66,159346,17,159544
31105,0.027634,104.244.42.0-255,66,159412,17,159544
31106,0.027679,104.244.42.0-255,66,159478,17,159544
31107,0.027723,104.244.42.0-255,66,159544,17,159544
31108,0.0,172.217.194.0-255,161,161,17,338855
31109,4e-05,172.31.36.0-255,66,227,17,338855
31110,4.8e-05,172.217.194.0-255,1484,1711,17,338855
31111,5.3e-05,172.31.36.0-255,66,1777,17,338855
31112,7.9e-05,172.217.194.0-255,2902,4679,17,338855
31113,8.1e-05,172.31.36.0-255,66,4745,17,338855
31114,8.8e-05,172.217.194.0-255,4320,9065,17,338855
31115,9e-05,172.31.36.0-255,66,9131,17,338855
31116,0.00012,172.217.194.0-255,1484,10615,17,338855
31117,0.000123,172.31.36.0-255,66,10681,17,338855
31118,0.000149,172.31.36.0-255,66,10747,17,338855
31119,0.000177,172.31.36.0-255,66,10813,17,338855
31120,0.000196,172.217.194.0-255,2902,13715,17,338855
31121,0.000199,172.31.36.0-255,66,13781,17,338855
31122,0.000202,172.217.194.0-255,1125,14906,17,338855
31123,0.000204,172.31.36.0-255,66,14972,17,338855
31124,0.000235,172.217.194.0-255,1484,16456,17,338855
31125,0.000238,172.31.36.0-255,66,16522,17,338855
31126,0.000243,172.217.194.0-255,2902,19424,17,338855
31127,0.000247,172.31.36.0-255,66,19490,17,338855
31128,0.000262,172.217.194.0-255,2902,22392,17,338855
31129,0.000267,172.31.36.0-255,66,22458,17,338855
31130,0.000287,172.217.194.0-255,2902,25360,17,338855
31131,0.000289,172.31.36.0-255,66,25426,17,338855
31132,0.000298,172.217.194.0-255,7156,32582,17,338855
31133,0.0003,172.31.36.0-255,66,32648,17,338855
31134,0.00032,172.217.194.0-255,6797,39445,17,338855
31135,0.000323,172.31.36.0-255,66,39511,17,338855
31136,0.000327,172.217.194.0-255,1484,40995,17,338855
31137,0.00033,172.31.36.0-255,66,41061,17,338855
31138,0.000334,172.217.194.0-255,1484,42545,17,338855
31139,0.000357,172.217.194.0-255,7048,49593,17,338855
31140,0.00037,172.31.36.0-255,66,49659,17,338855
31141,0.000386,172.217.194.0-255,120,49779,17,338855
31142,0.000622,172.217.194.0-255,382,50161,17,338855
31143,0.000757,172.217.194.0-255,1484,51645,17,338855
31144,0.000762,172.31.36.0-255,66,51711,17,338855
31145,0.000768,172.217.194.0-255,2902,54613,17,338855
31146,0.000777,172.31.36.0-255,66,54679,17,338855
31147,0.000787,172.217.194.0-255,5738,60417,17,338855
31148,0.000809,172.31.36.0-255,66,60483,17,338855
31149,0.000816,172.217.194.0-255,6797,67280,17,338855
31150,0.000829,172.31.36.0-255,66,67346,17,338855
31151,0.000862,172.217.194.0-255,5738,73084,17,338855
31152,0.00087,172.31.36.0-255,66,73150,17,338855
31153,0.000898,172.217.194.0-255,2543,75693,17,338855
31154,0.000898,172.31.36.0-255,66,75759,17,338855
31155,0.000903,172.31.36.0-255,66,75825,17,338855
31156,0.001521,172.217.194.0-255,1484,77309,17,338855
31157,0.001532,172.217.194.0-255,2902,80211,17,338855
31158,0.001537,172.31.36.0-255,66,80277,17,338855
31159,0.001543,172.217.194.0-255,2902,83179,17,338855
31160,0.001558,172.217.194.0-255,2902,86081,17,338855
31161,0.001561,172.217.194.0-255,1484,87565,17,338855
31162,0.001614,172.217.194.0-255,4320,91885,17,338855
31163,0.005328,172.31.36.0-255,66,91951,17,338855
31164,0.007563,172.217.194.0-255,5738,97689,17,338855
31165,0.007572,172.31.36.0-255,66,97755,17,338855
31166,0.009847,172.217.194.0-255,5738,103493,17,338855
31167,0.00986,172.31.36.0-255,66,103559,17,338855
31168,0.012089,172.217.194.0-255,5738,109297,17,338855
31169,0.012104,172.31.36.0-255,66,109363,17,338855
31170,0.014342,172.217.194.0-255,5738,115101,17,338855
31171,0.014349,172.31.36.0-255,66,115167,17,338855
31172,0.016565,172.217.194.0-255,5738,120905,17,338855
31173,0.016577,172.31.36.0-255,66,120971,17,338855
31174,0.018809,172.217.194.0-255,4320,125291,17,338855
31175,0.018816,172.31.36.0-255,66,125357,17,338855
31176,0.018835,172.217.194.0-255,1484,126841,17,338855
31177,0.021046,172.217.194.0-255,4320,131161,17,338855
31178,0.021054,172.31.36.0-255,66,131227,17,338855
31179,0.023276,172.217.194.0-255,5738,136965,17,338855
31180,0.023334,172.31.36.0-255,66,137031,17,338855
31181,0.025076,172.31.36.0-255,188,137219,17,338855
31182,0.025108,172.31.36.0-255,961,138180,17,338855
31183,0.025153,172.31.36.0-255,1514,139694,17,338855
31184,0.025155,172.31.36.0-255,1427,141121,17,338855
31185,0.025553,172.217.194.0-255,5738,146859,17,338855
31186,0.025561,172.31.36.0-255,66,146925,17,338855
31187,0.026638,104.244.42.0-255,66,146991,17,338855
31188,0.026675,104.244.42.0-255,66,147057,17,338855
31189,0.026721,104.244.42.0-255,66,147123,17,338855
31190,0.027771,172.217.194.0-255,4320,151443,17,338855
31191,0.027778,172.31.36.0-255,66,151509,17,338855
31192,0.02781,172.217.194.0-255,1484,152993,17,338855
31193,0.029996,172.217.194.0-255,4320,157313,17,338855
31194,0.030004,172.31.36.0-255,66,157379,17,338855
31195,0.032211,172.217.194.0-255,4320,161699,17,338855
31196,0.032219,172.31.36.0-255,66,161765,17,338855
31197,0.032252,172.217.194.0-255,1484,163249,17,338855
31198,0.034435,172.217.194.0-255,4320,167569,17,338855
31199,0.034441,172.31.36.0-255,66,167635,17,338855
31200,0.036665,172.217.194.0-255,5738,173373,17,338855
31201,0.036726,172.31.36.0-255,66,173439,17,338855
31202,0.038933,172.217.194.0-255,2902,176341,17,338855
31203,0.03894,172.31.36.0-255,66,176407,17,338855
31204,0.038974,172.217.194.0-255,2902,179309,17,338855
31205,0.038999,172.31.36.0-255,66,179375,17,338855
31206,0.041168,172.217.194.0-255,2902,182277,17,338855
31207,0.041175,172.31.36.0-255,66,182343,17,338855
31208,0.041208,172.217.194.0-255,2902,185245,17,338855
31209,0.04124,172.31.36.0-255,66,185311,17,338855
31210,0.043388,172.217.194.0-255,2902,188213,17,338855
31211,0.043395,172.31.36.0-255,66,188279,17,338855
31212,0.04343,172.217.194.0-255,2902,191181,17,338855
31213,0.043448,172.31.36.0-255,66,191247,17,338855
31214,0.045603,172.217.194.0-255,2902,194149,17,338855
31215,0.045608,172.31.36.0-255,66,194215,17,338855
31216,0.045649,172.217.194.0-255,2902,197117,17,338855
31217,0.045672,172.31.36.0-255,66,197183,17,338855
31218,0.047857,172.217.194.0-255,2902,200085,17,338855
31219,0.047863,172.31.36.0-255,66,200151,17,338855
31220,0.047895,172.217.194.0-255,2902,203053,17,338855
31221,0.047922,172.31.36.0-255,66,203119,17,338855
31222,0.050069,172.217.194.0-255,2902,206021,17,338855
31223,0.050079,172.31.36.0-255,66,206087,17,338855
31224,0.050144,172.217.194.0-255,2902,208989,17,338855
31225,0.050185,172.31.36.0-255,66,209055,17,338855
31226,0.052337,172.217.194.0-255,2902,211957,17,338855
31227,0.052345,172.31.36.0-255,66,212023,17,338855
31228,0.052432,172.217.194.0-255,2902,214925,17,338855
31229,0.052457,172.31.36.0-255,66,214991,17,338855
31230,0.054548,172.217.194.0-255,2902,217893,17,338855
31231,0.054554,172.31.36.0-255,66,217959,17,338855
31232,0.054652,172.217.194.0-255,2902,220861,17,338855
31233,0.054656,172.31.36.0-255,66,220927,17,338855
31234,0.056759,172.217.194.0-255,2902,223829,17,338855
31235,0.056765,172.31.36.0-255,66,223895,17,338855
31236,0.056884,172.217.194.0-255,2902,226797,17,338855
31237,0.057177,172.31.36.0-255,66,226863,17,338855
31238,0.059007,172.217.194.0-255,2902,229765,17,338855
31239,0.059015,172.31.36.0-255,66,229831,17,338855
31240,0.059411,172.217.194.0-255,2902,232733,17,338855
31241,0.059416,172.31.36.0-255,66,232799,17,338855
31242,0.061268,172.217.194.0-255,2902,235701,17,338855
31243,0.061276,172.31.36.0-255,66,235767,17,338855
31244,0.061632,172.217.194.0-255,2902,238669,17,338855
31245,0.061639,172.31.36.0-255,66,238735,17,338855
31246,0.063476,172.217.194.0-255,2902,241637,17,338855
31247,0.063482,172.31.36.0-255,66,241703,17,338855
31248,0.063858,172.217.194.0-255,2902,244605,17,338855
31249,0.063864,172.31.36.0-255,66,244671,17,338855
31250,0.065668,172.217.194.0-255,2902,247573,17,338855
31251,0.065674,172.31.36.0-255,66,247639,17,338855
31252,0.066076,172.217.194.0-255,2902,250541,17,338855
31253,0.066081,172.31.36.0-255,66,250607,17,338855
31254,0.067937,172.217.194.0-255,2902,253509,17,338855
31255,0.067943,172.31.36.0-255,66,253575,17,338855
31256,0.068279,172.217.194.0-255,2902,256477,17,338855
31257,0.068285,172.31.36.0-255,66,256543,17,338855
31258,0.070166,172.217.194.0-255,2902,259445,17,338855
31259,0.070172,172.31.36.0-255,66,259511,17,338855
31260,0.0705,172.217.194.0-255,2902,262413,17,338855
31261,0.070506,172.31.36.0-255,66,262479,17,338855
31262,0.072404,172.217.194.0-255,2902,265381,17,338855
31263,0.072411,172.31.36.0-255,66,265447,17,338855
31264,0.072755,172.217.194.0-255,2902,268349,17,338855
31265,0.072761,172.31.36.0-255,66,268415,17,338855
31266,0.074633,172.217.194.0-255,2902,271317,17,338855
31267,0.074639,172.31.36.0-255,66,271383,17,338855
31268,0.074977,172.217.194.0-255,2902,274285,17,338855
31269,0.074983,172.31.36.0-255,66,274351,17,338855
31270,0.076865,172.217.194.0-255,2902,277253,17,338855
31271,0.07687,172.31.36.0-255,66,277319,17,338855
31272,0.077198,172.217.194.0-255,2902,280221,17,338855
31273,0.077205,172.31.36.0-255,66,280287,17,338855
31274,0.079095,172.217.194.0-255,2902,283189,17,338855
31275,0.079101,172.31.36.0-255,66,283255,17,338855
31276,0.079437,172.217.194.0-255,2902,286157,17,338855
31277,0.079443,172.31.36.0-255,66,286223,17,338855
31278,0.081314,172.217.194.0-255,2902,289125,17,338855
31279,0.08132,172.31.36.0-255,66,289191,17,338855
31280,0.081657,172.217.194.0-255,2902,292093,17,338855
31281,0.081662,172.31.36.0-255,66,292159,17,338855
31282,0.083534,172.217.194.0-255,2902,295061,17,338855
31283,0.083541,172.31.36.0-255,66,295127,17,338855
31284,0.083865,172.217.194.0-255,2902,298029,17,338855
31285,0.083871,172.31.36.0-255,66,298095,17,338855
31286,0.085755,172.217.194.0-255,1484,299579,17,338855
31287,0.08609,172.217.194.0-255,4320,303899,17,338855
31288,0.086126,172.31.36.0-255,66,303965,17,338855
31289,0.088342,172.217.194.0-255,5738,309703,17,338855
31290,0.088396,172.31.36.0-255,66,309769,17,338855
31291,0.090605,172.217.194.0-255,5738,315507,17,338855
31292,0.090611,172.31.36.0-255,66,315573,17,338855
31293,0.09283,172.217.194.0-255,5738,321311,17,338855
31294,0.092839,172.31.36.0-255,66,321377,17,338855
31295,0.095062,172.217.194.0-255,5738,327115,17,338855
31296,0.095068,172.31.36.0-255,66,327181,17,338855
31297,0.097266,172.217.194.0-255,5738,332919,17,338855
31298,0.097272,172.31.36.0-255,66,332985,17,338855
31299,0.099471,172.217.194.0-255,4320,337305,17,338855
31300,0.099476,172.31.36.0-255,66,337371,17,338855
31301,0.099506,172.217.194.0-255,1484,338855,17,338855
31302,0.0,172.217.194.0-255,162,162,17,185224
31303,2.5e-05,172.31.36.0-255,66,228,17,185224
31304,3.2e-05,172.217.194.0-255,1484,1712,17,185224
31305,3.7e-05,172.31.36.0-255,66,1778,17,185224
31306,5.1e-05,172.217.194.0-255,2902,4680,17,185224
31307,5.4e-05,172.31.36.0-255,66,4746,17,185224
31308,6.2e-05,172.217.194.0-255,7156,11902,17,185224
31309,6.5e-05,172.31.36.0-255,66,11968,17,185224
31310,6.9e-05,172.217.194.0-255,2074,14042,17,185224
31311,7.4e-05,172.31.36.0-255,66,14108,17,185224
31312,0.000124,172.31.36.0-255,66,14174,17,185224
31313,0.000131,172.217.194.0-255,5379,19553,17,185224
31314,0.000134,172.31.36.0-255,66,19619,17,185224
31315,0.000206,172.217.194.0-255,1484,21103,17,185224
31316,0.000209,172.31.36.0-255,66,21169,17,185224
31317,0.000238,172.217.194.0-255,2902,24071,17,185224
31318,0.00024,172.31.36.0-255,66,24137,17,185224
31319,0.000247,172.217.194.0-255,5738,29875,17,185224
31320,0.00025,172.31.36.0-255,66,29941,17,185224
31321,0.00029,172.31.36.0-255,66,30007,17,185224
31322,0.000301,172.31.36.0-255,66,30073,17,185224
31323,0.000339,172.217.194.0-255,1435,31508,17,185224
31324,0.000341,172.31.36.0-255,66,31574,17,185224
31325,0.000372,172.217.194.0-255,1484,33058,17,185224
31326,0.000375,172.31.36.0-255,66,33124,17,185224
31327,0.000401,172.217.194.0-255,2902,36026,17,185224
31328,0.000404,172.31.36.0-255,66,36092,17,185224
31329,0.000411,172.217.194.0-255,5738,41830,17,185224
31330,0.000413,172.31.36.0-255,66,41896,17,185224
31331,0.000424,172.217.194.0-255,1484,43380,17,185224
31332,0.00045,172.217.194.0-255,5379,48759,17,185224
31333,0.000453,172.31.36.0-255,66,48825,17,185224
31334,0.00048,172.217.194.0-255,7156,55981,17,185224
31335,0.000484,172.31.36.0-255,66,56047,17,185224
31336,0.00049,172.217.194.0-255,5738,61785,17,185224
31337,0.000492,172.31.36.0-255,66,61851,17,185224
31338,0.000533,172.217.194.0-255,4271,66122,17,185224
31339,0.000536,172.31.36.0-255,66,66188,17,185224
31340,0.000622,172.217.194.0-255,1484,67672,17,185224
31341,0.000627,172.217.194.0-255,2902,70574,17,185224
31342,0.00063,172.31.36.0-255,66,70640,17,185224
31343,0.000636,172.217.194.0-255,4320,74960,17,185224
31344,0.000639,172.31.36.0-255,66,75026,17,185224
31345,0.000658,172.217.194.0-255,1484,76510,17,185224
31346,0.000676,172.31.36.0-255,66,76576,17,185224
31347,0.000711,172.31.36.0-255,66,76642,17,185224
31348,0.000794,172.217.194.0-255,1484,78126,17,185224
31349,0.00081,172.217.194.0-255,2902,81028,17,185224
31350,0.000813,172.31.36.0-255,66,81094,17,185224
31351,0.000817,172.217.194.0-255,1484,82578,17,185224
31352,0.000842,172.217.194.0-255,4320,86898,17,185224
31353,0.000845,172.31.36.0-255,66,86964,17,185224
31354,0.000853,172.217.194.0-255,7156,94120,17,185224
31355,0.000855,172.31.36.0-255,66,94186,17,185224
31356,0.00088,172.217.194.0-255,2902,97088,17,185224
31357,0.000883,172.31.36.0-255,66,97154,17,185224
31358,0.000924,172.31.36.0-255,66,97220,17,185224
31359,0.000961,172.31.36.0-255,66,97286,17,185224
31360,0.000974,172.31.36.0-255,66,97352,17,185224
31361,0.000994,172.217.194.0-255,5738,103090,17,185224
31362,0.001001,172.31.36.0-255,66,103156,17,185224
31363,0.001006,172.217.194.0-255,3602,106758,17,185224
31364,0.001008,172.31.36.0-255,66,106824,17,185224
31365,0.001231,172.217.194.0-255,1484,108308,17,185224
31366,0.001254,172.217.194.0-255,2902,111210,17,185224
31367,0.001257,172.31.36.0-255,66,111276,17,185224
31368,0.001264,172.217.194.0-255,5738,117014,17,185224
31369,0.001266,172.31.36.0-255,66,117080,17,185224
31370,0.001282,172.31.36.0-255,66,117146,17,185224
31371,0.001319,172.217.194.0-255,4320,121466,17,185224
31372,0.001323,172.31.36.0-255,66,121532,17,185224
31373,0.001336,172.31.36.0-255,66,121598,17,185224
31374,0.001363,172.217.194.0-255,1484,123082,17,185224
31375,0.001388,172.217.194.0-255,2902,125984,17,185224
31376,0.001393,172.217.194.0-255,5738,131722,17,185224
31377,0.001395,172.217.194.0-255,1484,133206,17,185224
31378,0.001399,172.31.36.0-255,66,133272,17,185224
31379,0.001403,172.31.36.0-255,66,133338,17,185224
31380,0.001439,172.31.36.0-255,66,133404,17,185224
31381,0.001474,172.31.36.0-255,66,133470,17,185224
31382,0.001503,172.217.194.0-255,3602,137072,17,185224
31383,0.001506,172.31.36.0-255,66,137138,17,185224
31384,0.001578,172.217.194.0-255,1484,138622,17,185224
31385,0.001583,172.217.194.0-255,2902,141524,17,185224
31386,0.001586,172.31.36.0-255,66,141590,17,185224
31387,0.001617,172.217.194.0-255,5738,147328,17,185224
31388,0.001619,172.31.36.0-255,66,147394,17,185224
31389,0.001632,172.31.36.0-255,66,147460,17,185224
31390,0.001711,172.31.36.0-255,66,147526,17,185224
31391,0.001736,172.217.194.0-255,1484,149010,17,185224
31392,0.00174,172.217.194.0-255,2902,151912,17,185224
31393,0.001744,172.31.36.0-255,66,151978,17,185224
31394,0.001747,172.217.194.0-255,1484,153462,17,185224
31395,0.001752,172.217.194.0-255,2902,156364,17,185224
31396,0.001754,172.31.36.0-255,66,156430,17,185224
31397,0.001766,172.217.194.0-255,5738,162168,17,185224
31398,0.001769,172.31.36.0-255,66,162234,17,185224
31399,0.001807,172.31.36.0-255,66,162300,17,185224
31400,0.001814,172.217.194.0-255,6438,168738,17,185224
31401,0.001817,172.31.36.0-255,66,168804,17,185224
31402,0.001871,172.31.36.0-255,66,168870,17,185224
31403,0.001901,172.217.194.0-255,5738,174608,17,185224
31404,0.001903,172.31.36.0-255,66,174674,17,185224
31405,0.001917,172.31.36.0-255,66,174740,17,185224
31406,0.001921,172.217.194.0-255,2902,177642,17,185224
31407,0.001924,172.31.36.0-255,66,177708,17,185224
31408,0.001968,172.217.194.0-255,2902,180610,17,185224
31409,0.002004,172.217.194.0-255,105,180715,17,185224
31410,0.00202,172.31.36.0-255,66,180781,17,185224
31411,0.011473,172.31.36.0-255,105,180886,17,185224
31412,0.013715,172.217.194.0-255,66,180952,17,185224
31413,0.036987,172.31.36.0-255,172,181124,17,185224
31414,0.037021,172.31.36.0-255,1117,182241,17,185224
31415,0.03708,172.31.36.0-255,1514,183755,17,185224
31416,0.037081,172.31.36.0-255,1271,185026,17,185224
31417,0.03851,104.244.42.0-255,66,185092,17,185224
31418,0.038694,104.244.42.0-255,66,185158,17,185224
31419,0.038697,104.244.42.0-255,66,185224,17,185224
31420,0.0,74.125.200.0-255,146,146,17,357452
31421,3.1e-05,172.31.36.0-255,66,212,17,357452
31422,3.8e-05,74.125.200.0-255,1484,1696,17,357452
31423,4.1e-05,172.31.36.0-255,66,1762,17,357452
31424,4.6e-05,74.125.200.0-255,2902,4664,17,357452
31425,5.5e-05,172.31.36.0-255,66,4730,17,357452
31426,6.2e-05,74.125.200.0-255,7156,11886,17,357452
31427,6.4e-05,172.31.36.0-255,66,11952,17,357452
31428,6.7e-05,74.125.200.0-255,2018,13970,17,357452
31429,7e-05,172.31.36.0-255,66,14036,17,357452
31430,9.6e-05,74.125.200.0-255,1484,15520,17,357452
31431,9.8e-05,172.31.36.0-255,66,15586,17,357452
31432,0.000132,172.31.36.0-255,66,15652,17,357452
31433,0.000134,74.125.200.0-255,1484,17136,17,357452
31434,0.000136,172.31.36.0-255,66,17202,17,357452
31435,0.00014,74.125.200.0-255,2902,20104,17,357452
31436,0.000142,172.31.36.0-255,66,20170,17,357452
31437,0.000171,74.125.200.0-255,1125,21295,17,357452
31438,0.000174,172.31.36.0-255,66,21361,17,357452
31439,0.000241,74.125.200.0-255,1484,22845,17,357452
31440,0.000244,172.31.36.0-255,66,22911,17,357452
31441,0.000248,74.125.200.0-255,2902,25813,17,357452
31442,0.000251,172.31.36.0-255,66,25879,17,357452
31443,0.000276,74.125.200.0-255,4320,30199,17,357452
31444,0.000279,172.31.36.0-255,66,30265,17,357452
31445,0.000283,74.125.200.0-255,5738,36003,17,357452
31446,0.000285,172.31.36.0-255,66,36069,17,357452
31447,0.000322,74.125.200.0-255,5738,41807,17,357452
31448,0.000325,172.31.36.0-255,66,41873,17,357452
31449,0.000355,74.125.200.0-255,6797,48670,17,357452
31450,0.000358,172.31.36.0-255,66,48736,17,357452
31451,0.000375,74.125.200.0-255,4320,53056,17,357452
31452,0.000378,172.31.36.0-255,66,53122,17,357452
31453,0.000403,74.125.200.0-255,2543,55665,17,357452
31454,0.000404,74.125.200.0-255,412,56077,17,357452
31455,0.000407,172.31.36.0-255,66,56143,17,357452
31456,0.000512,74.125.200.0-255,1484,57627,17,357452
31457,0.000515,172.31.36.0-255,66,57693,17,357452
31458,0.000533,74.125.200.0-255,2902,60595,17,357452
31459,0.000536,172.31.36.0-255,66,60661,17,357452
31460,0.000539,74.125.200.0-255,1484,62145,17,357452
31461,0.000564,74.125.200.0-255,4320,66465,17,357452
31462,0.000566,172.31.36.0-255,66,66531,17,357452
31463,0.000569,74.125.200.0-255,1484,68015,17,357452
31464,0.000596,74.125.200.0-255,5622,73637,17,357452
31465,0.000598,172.31.36.0-255,66,73703,17,357452
31466,0.000604,74.125.200.0-255,7156,80859,17,357452
31467,0.000605,172.31.36.0-255,66,80925,17,357452
31468,0.000637,172.31.36.0-255,66,80991,17,357452
31469,0.000867,74.125.200.0-255,1484,82475,17,357452
31470,0.000881,74.125.200.0-255,2902,85377,17,357452
31471,0.000884,172.31.36.0-255,66,85443,17,357452
31472,0.000889,74.125.200.0-255,4320,89763,17,357452
31473,0.000891,172.31.36.0-255,66,89829,17,357452
31474,0.000908,74.125.200.0-255,1484,91313,17,357452
31475,0.000926,74.125.200.0-255,5738,97051,17,357452
31476,0.000929,172.31.36.0-255,66,97117,17,357452
31477,0.000951,74.125.200.0-255,7156,104273,17,357452
31478,0.000953,172.31.36.0-255,66,104339,17,357452
31479,0.000979,74.125.200.0-255,4320,108659,17,357452
31480,0.000993,172.31.36.0-255,66,108725,17,357452
31481,0.001018,74.125.200.0-255,6438,115163,17,357452
31482,0.001022,172.31.36.0-255,66,115229,17,357452
31483,0.00103,172.31.36.0-255,66,115295,17,357452
31484,0.001051,74.125.200.0-255,2902,118197,17,357452
31485,0.001053,172.31.36.0-255,66,118263,17,357452
31486,0.001056,74.125.200.0-255,1484,119747,17,357452
31487,0.001094,172.31.36.0-255,66,119813,17,357452
31488,0.001099,74.125.200.0-255,5738,125551,17,357452
31489,0.001101,172.31.36.0-255,66,125617,17,357452
31490,0.001127,74.125.200.0-255,1484,127101,17,357452
31491,0.001141,74.125.200.0-255,2184,129285,17,357452
31492,0.001144,172.31.36.0-255,66,129351,17,357452
31493,0.001335,74.125.200.0-255,1484,130835,17,357452
31494,0.001357,74.125.200.0-255,2902,133737,17,357452
31495,0.00136,172.31.36.0-255,66,133803,17,357452
31496,0.001366,74.125.200.0-255,5738,139541,17,357452
31497,0.001368,172.31.36.0-255,66,139607,17,357452
31498,0.001396,74.125.200.0-255,7156,146763,17,357452
31499,0.001399,172.31.36.0-255,66,146829,17,357452
31500,0.001405,74.125.200.0-255,5738,152567,17,357452
31501,0.001406,172.31.36.0-255,66,152633,17,357452
31502,0.001428,74.125.200.0-255,2902,155535,17,357452
31503,0.00143,172.31.36.0-255,66,155601,17,357452
31504,0.001435,74.125.200.0-255,4320,159921,17,357452
31505,0.001436,172.31.36.0-255,66,159987,17,357452
31506,0.001467,74.125.200.0-255,3602,163589,17,357452
31507,0.00147,172.31.36.0-255,66,163655,17,357452
31508,0.001498,74.125.200.0-255,5738,169393,17,357452
31509,0.001501,172.31.36.0-255,66,169459,17,357452
31510,0.001507,74.125.200.0-255,7156,176615,17,357452
31511,0.001509,172.31.36.0-255,66,176681,17,357452
31512,0.001585,172.31.36.0-255,66,176747,17,357452
31513,0.001591,74.125.200.0-255,6438,183185,17,357452
31514,0.001593,172.31.36.0-255,66,183251,17,357452
31515,0.001647,74.125.200.0-255,1484,184735,17,357452
31516,0.00166,74.125.200.0-255,2902,187637,17,357452
31517,0.001663,172.31.36.0-255,66,187703,17,357452
31518,0.001667,74.125.200.0-255,2902,190605,17,357452
31519,0.001669,172.31.36.0-255,66,190671,17,357452
31520,0.00169,74.125.200.0-255,2902,193573,17,357452
31521,0.001696,172.31.36.0-255,66,193639,17,357452
31522,0.001701,74.125.200.0-255,4320,197959,17,357452
31523,0.001703,172.31.36.0-255,66,198025,17,357452
31524,0.00171,74.125.200.0-255,1484,199509,17,357452
31525,0.001733,74.125.200.0-255,4320,203829,17,357452
31526,0.001735,172.31.36.0-255,66,203895,17,357452
31527,0.001739,74.125.200.0-255,2902,206797,17,357452
31528,0.001741,172.31.36.0-255,66,206863,17,357452
31529,0.001761,74.125.200.0-255,2902,209765,17,357452
31530,0.001765,172.31.36.0-255,66,209831,17,357452
31531,0.001793,74.125.200.0-255,7156,216987,17,357452
31532,0.001796,172.31.36.0-255,66,217053,17,357452
31533,0.001799,74.125.200.0-255,766,217819,17,357452
31534,0.001887,74.125.200.0-255,1484,219303,17,357452
31535,0.00189,172.31.36.0-255,66,219369,17,357452
31536,0.001894,74.125.200.0-255,2902,222271,17,357452
31537,0.001896,172.31.36.0-255,66,222337,17,357452
31538,0.00192,74.125.200.0-255,5738,228075,17,357452
31539,0.001923,172.31.36.0-255,66,228141,17,357452
31540,0.001943,74.125.200.0-255,5738,233879,17,357452
31541,0.001945,172.31.36.0-255,66,233945,17,357452
31542,0.001959,74.125.200.0-255,5738,239683,17,357452
31543,0.001965,172.31.36.0-255,66,239749,17,357452
31544,0.001971,74.125.200.0-255,7156,246905,17,357452
31545,0.001973,172.31.36.0-255,66,246971,17,357452
31546,0.002001,74.125.200.0-255,5020,251991,17,357452
31547,0.002008,172.31.36.0-255,66,252057,17,357452
31548,0.002114,74.125.200.0-255,1484,253541,17,357452
31549,0.00212,74.125.200.0-255,2902,256443,17,357452
31550,0.002122,172.31.36.0-255,66,256509,17,357452
31551,0.002128,74.125.200.0-255,5738,262247,17,357452
31552,0.00213,172.31.36.0-255,66,262313,17,357452
31553,0.002133,74.125.200.0-255,1484,263797,17,357452
31554,0.002156,74.125.200.0-255,4320,268117,17,357452
31555,0.002158,172.31.36.0-255,66,268183,17,357452
31556,0.002164,74.125.200.0-255,5738,273921,17,357452
31557,0.002166,172.31.36.0-255,66,273987,17,357452
31558,0.002184,74.125.200.0-255,1484,275471,17,357452
31559,0.00219,74.125.200.0-255,5738,281209,17,357452
31560,0.002193,172.31.36.0-255,66,281275,17,357452
31561,0.002224,74.125.200.0-255,5020,286295,17,357452
31562,0.002227,172.31.36.0-255,66,286361,17,357452
31563,0.002267,172.31.36.0-255,66,286427,17,357452
31564,0.002273,74.125.200.0-255,5738,292165,17,357452
31565,0.002275,172.31.36.0-255,66,292231,17,357452
31566,0.002287,74.125.200.0-255,7156,299387,17,357452
31567,0.00229,172.31.36.0-255,66,299453,17,357452
31568,0.002298,74.125.200.0-255,7156,306609,17,357452
31569,0.0023,172.31.36.0-255,66,306675,17,357452
31570,0.002329,74.125.200.0-255,2184,308859,17,357452
31571,0.002334,172.31.36.0-255,66,308925,17,357452
31572,0.004554,74.125.200.0-255,2902,311827,17,357452
31573,0.00456,172.31.36.0-255,66,311893,17,357452
31574,0.004585,74.125.200.0-255,2902,314795,17,357452
31575,0.004587,172.31.36.0-255,66,314861,17,357452
31576,0.006816,74.125.200.0-255,2902,317763,17,357452
31577,0.006819,172.31.36.0-255,66,317829,17,357452
31578,0.006849,74.125.200.0-255,2902,320731,17,357452
31579,0.006851,172.31.36.0-255,66,320797,17,357452
31580,0.009075,74.125.200.0-255,2902,323699,17,357452
31581,0.009082,172.31.36.0-255,66,323765,17,357452
31582,0.009111,74.125.200.0-255,2902,326667,17,357452
31583,0.009114,172.31.36.0-255,66,326733,17,357452
31584,0.011332,74.125.200.0-255,2902,329635,17,357452
31585,0.011338,172.31.36.0-255,66,329701,17,357452
31586,0.011363,74.125.200.0-255,2902,332603,17,357452
31587,0.011365,172.31.36.0-255,66,332669,17,357452
31588,0.013631,74.125.200.0-255,2902,335571,17,357452
31589,0.013643,172.31.36.0-255,66,335637,17,357452
31590,0.013677,74.125.200.0-255,2902,338539,17,357452
31591,0.013681,172.31.36.0-255,66,338605,17,357452
31592,0.015901,74.125.200.0-255,2902,341507,17,357452
31593,0.015911,172.31.36.0-255,66,341573,17,357452
31594,0.015948,74.125.200.0-255,2902,344475,17,357452
31595,0.015952,172.31.36.0-255,66,344541,17,357452
31596,0.018164,74.125.200.0-255,2902,347443,17,357452
31597,0.018171,172.31.36.0-255,66,347509,17,357452
31598,0.018211,74.125.200.0-255,2902,350411,17,357452
31599,0.018215,172.31.36.0-255,66,350477,17,357452
31600,0.02042,74.125.200.0-255,2466,352943,17,357452
31601,0.020428,172.31.36.0-255,66,353009,17,357452
31602,0.020626,172.31.36.0-255,105,353114,17,357452
31603,0.022842,74.125.200.0-255,66,353180,17,357452
31604,0.028063,172.31.36.0-255,172,353352,17,357452
31605,0.02809,172.31.36.0-255,1118,354470,17,357452
31606,0.02815,172.31.36.0-255,1514,355984,17,357452
31607,0.028152,172.31.36.0-255,1270,357254,17,357452
31608,0.029597,104.244.42.0-255,66,357320,17,357452
31609,0.029628,104.244.42.0-255,66,357386,17,357452
31610,0.02967,104.244.42.0-255,66,357452,17,357452
31611,0.0,74.125.68.0-255,152,152,17,348946
31612,2.3e-05,172.31.36.0-255,66,218,17,348946
31613,3.1e-05,74.125.68.0-255,1484,1702,17,348946
31614,3.5e-05,172.31.36.0-255,66,1768,17,348946
31615,4.1e-05,74.125.68.0-255,2902,4670,17,348946
31616,4.4e-05,172.31.36.0-255,66,4736,17,348946
31617,7.5e-05,74.125.68.0-255,7156,11892,17,348946
31618,7.8e-05,172.31.36.0-255,66,11958,17,348946
31619,9.5e-05,74.125.68.0-255,1949,13907,17,348946
31620,9.7e-05,172.31.36.0-255,66,13973,17,348946
31621,0.000545,74.125.68.0-255,1484,15457,17,348946
31622,0.000551,172.31.36.0-255,66,15523,17,348946
31623,0.000566,74.125.68.0-255,2902,18425,17,348946
31624,0.000569,172.31.36.0-255,66,18491,17,348946
31625,0.000589,74.125.68.0-255,1484,19975,17,348946
31626,0.000592,172.31.36.0-255,66,20041,17,348946
31627,0.000615,74.125.68.0-255,4320,24361,17,348946
31628,0.000617,172.31.36.0-255,66,24427,17,348946
31629,0.000621,74.125.68.0-255,1484,25911,17,348946
31630,0.000638,172.31.36.0-255,66,25977,17,348946
31631,0.000644,74.125.68.0-255,2902,28879,17,348946
31632,0.000646,172.31.36.0-255,66,28945,17,348946
31633,0.000677,74.125.68.0-255,2543,31488,17,348946
31634,0.000681,172.31.36.0-255,66,31554,17,348946
31635,0.000943,74.125.68.0-255,1484,33038,17,348946
31636,0.000949,172.31.36.0-255,66,33104,17,348946
31637,0.000954,74.125.68.0-255,1484,34588,17,348946
31638,0.000956,172.31.36.0-255,66,34654,17,348946
31639,0.00097,74.125.68.0-255,1484,36138,17,348946
31640,0.000973,172.31.36.0-255,66,36204,17,348946
31641,0.000979,74.125.68.0-255,4320,40524,17,348946
31642,0.000981,172.31.36.0-255,66,40590,17,348946
31643,0.001016,74.125.68.0-255,2902,43492,17,348946
31644,0.001019,172.31.36.0-255,66,43558,17,348946
31645,0.001035,74.125.68.0-255,2902,46460,17,348946
31646,0.001037,172.31.36.0-255,66,46526,17,348946
31647,0.001053,74.125.68.0-255,2543,49069,17,348946
31648,0.001056,172.31.36.0-255,66,49135,17,348946
31649,0.001158,74.125.68.0-255,1484,50619,17,348946
31650,0.001182,74.125.68.0-255,2902,53521,17,348946
31651,0.001187,172.31.36.0-255,66,53587,17,348946
31652,0.001191,74.125.68.0-255,1484,55071,17,348946
31653,0.001194,74.125.68.0-255,1484,56555,17,348946
31654,0.001195,172.31.36.0-255,66,56621,17,348946
31655,0.001212,74.125.68.0-255,1484,58105,17,348946
31656,0.001232,74.125.68.0-255,5738,63843,17,348946
31657,0.001234,172.31.36.0-255,66,63909,17,348946
31658,0.001237,74.125.68.0-255,1484,65393,17,348946
31659,0.001289,74.125.68.0-255,1125,66518,17,348946
31660,0.001292,172.31.36.0-255,66,66584,17,348946
31661,0.003216,74.125.68.0-255,2902,69486,17,348946
31662,0.003224,172.31.36.0-255,66,69552,17,348946
31663,0.00327,74.125.68.0-255,2902,72454,17,348946
31664,0.003273,172.31.36.0-255,66,72520,17,348946
31665,0.005217,74.125.68.0-255,2902,75422,17,348946
31666,0.005224,172.31.36.0-255,66,75488,17,348946
31667,0.005257,74.125.68.0-255,2902,78390,17,348946
31668,0.005259,172.31.36.0-255,66,78456,17,348946
31669,0.00722,74.125.68.0-255,2902,81358,17,348946
31670,0.007227,172.31.36.0-255,66,81424,17,348946
31671,0.007263,74.125.68.0-255,2902,84326,17,348946
31672,0.007266,172.31.36.0-255,66,84392,17,348946
31673,0.009226,74.125.68.0-255,2902,87294,17,348946
31674,0.009233,172.31.36.0-255,66,87360,17,348946
31675,0.009258,74.125.68.0-255,2902,90262,17,348946
31676,0.00926,172.31.36.0-255,66,90328,17,348946
31677,0.011241,74.125.68.0-255,4320,94648,17,348946
31678,0.011249,172.31.36.0-255,66,94714,17,348946
31679,0.011268,74.125.68.0-255,1484,96198,17,348946
31680,0.013244,74.125.68.0-255,4320,100518,17,348946
31681,0.013251,172.31.36.0-255,66,100584,17,348946
31682,0.015261,74.125.68.0-255,5738,106322,17,348946
31683,0.01527,172.31.36.0-255,66,106388,17,348946
31684,0.017271,74.125.68.0-255,5738,112126,17,348946
31685,0.01728,172.31.36.0-255,66,112192,17,348946
31686,0.019275,74.125.68.0-255,5738,117930,17,348946
31687,0.019283,172.31.36.0-255,66,117996,17,348946
31688,0.021294,74.125.68.0-255,5738,123734,17,348946
31689,0.021301,172.31.36.0-255,66,123800,17,348946
31690,0.023304,74.125.68.0-255,5738,129538,17,348946
31691,0.023312,172.31.36.0-255,66,129604,17,348946
31692,0.025309,74.125.68.0-255,5738,135342,17,348946
31693,0.025316,172.31.36.0-255,66,135408,17,348946
31694,0.027309,74.125.68.0-255,2902,138310,17,348946
31695,0.027317,172.31.36.0-255,66,138376,17,348946
31696,0.027336,74.125.68.0-255,2902,141278,17,348946
31697,0.02734,172.31.36.0-255,66,141344,17,348946
31698,0.029317,74.125.68.0-255,2902,144246,17,348946
31699,0.029325,172.31.36.0-255,66,144312,17,348946
31700,0.029346,74.125.68.0-255,2902,147214,17,348946
31701,0.029349,172.31.36.0-255,66,147280,17,348946
31702,0.03136,74.125.68.0-255,4320,151600,17,348946
31703,0.031367,172.31.36.0-255,66,151666,17,348946
31704,0.031385,74.125.68.0-255,1484,153150,17,348946
31705,0.033368,74.125.68.0-255,4320,157470,17,348946
31706,0.033376,172.31.36.0-255,66,157536,17,348946
31707,0.035377,74.125.68.0-255,5738,163274,17,348946
31708,0.035384,172.31.36.0-255,66,163340,17,348946
31709,0.037387,74.125.68.0-255,5738,169078,17,348946
31710,0.037393,172.31.36.0-255,66,169144,17,348946
31711,0.037979,172.31.36.0-255,182,169326,17,348946
31712,0.038014,172.31.36.0-255,1117,170443,17,348946
31713,0.038073,172.31.36.0-255,557,171000,17,348946
31714,0.039394,74.125.68.0-255,5738,176738,17,348946
31715,0.039401,172.31.36.0-255,66,176804,17,348946
31716,0.039518,104.244.42.0-255,66,176870,17,348946
31717,0.039579,104.244.42.0-255,66,176936,17,348946
31718,0.039625,104.244.42.0-255,66,177002,17,348946
31719,0.041406,74.125.68.0-255,5738,182740,17,348946
31720,0.041413,172.31.36.0-255,66,182806,17,348946
31721,0.043411,74.125.68.0-255,5738,188544,17,348946
31722,0.04342,172.31.36.0-255,66,188610,17,348946
31723,0.045408,74.125.68.0-255,4320,192930,17,348946
31724,0.045415,172.31.36.0-255,66,192996,17,348946
31725,0.045432,74.125.68.0-255,1484,194480,17,348946
31726,0.047413,74.125.68.0-255,4320,198800,17,348946
31727,0.047421,172.31.36.0-255,66,198866,17,348946
31728,0.049429,74.125.68.0-255,5738,204604,17,348946
31729,0.049438,172.31.36.0-255,66,204670,17,348946
31730,0.051452,74.125.68.0-255,5738,210408,17,348946
31731,0.051459,172.31.36.0-255,66,210474,17,348946
31732,0.053464,74.125.68.0-255,5738,216212,17,348946
31733,0.053471,172.31.36.0-255,66,216278,17,348946
31734,0.055475,74.125.68.0-255,5738,222016,17,348946
31735,0.055482,172.31.36.0-255,66,222082,17,348946
31736,0.057472,74.125.68.0-255,5738,227820,17,348946
31737,0.05748,172.31.36.0-255,66,227886,17,348946
31738,0.059468,74.125.68.0-255,5738,233624,17,348946
31739,0.059476,172.31.36.0-255,66,233690,17,348946
31740,0.061481,74.125.68.0-255,5738,239428,17,348946
31741,0.061488,172.31.36.0-255,66,239494,17,348946
31742,0.063494,74.125.68.0-255,5738,245232,17,348946
31743,0.063501,172.31.36.0-255,66,245298,17,348946
31744,0.065523,74.125.68.0-255,5738,251036,17,348946
31745,0.065534,172.31.36.0-255,66,251102,17,348946
31746,0.067544,74.125.68.0-255,5738,256840,17,348946
31747,0.06755,172.31.36.0-255,66,256906,17,348946
31748,0.069563,74.125.68.0-255,5738,262644,17,348946
31749,0.069569,172.31.36.0-255,66,262710,17,348946
31750,0.071588,74.125.68.0-255,5738,268448,17,348946
31751,0.071595,172.31.36.0-255,66,268514,17,348946
31752,0.073609,74.125.68.0-255,5738,274252,17,348946
31753,0.073616,172.31.36.0-255,66,274318,17,348946
31754,0.075627,74.125.68.0-255,5738,280056,17,348946
31755,0.075634,172.31.36.0-255,66,280122,17,348946
31756,0.07763,74.125.68.0-255,2902,283024,17,348946
31757,0.077637,172.31.36.0-255,66,283090,17,348946
31758,0.077659,74.125.68.0-255,2902,285992,17,348946
31759,0.077662,172.31.36.0-255,66,286058,17,348946
31760,0.07963,74.125.68.0-255,2902,288960,17,348946
31761,0.079637,172.31.36.0-255,66,289026,17,348946
31762,0.079657,74.125.68.0-255,2902,291928,17,348946
31763,0.07966,172.31.36.0-255,66,291994,17,348946
31764,0.081625,74.125.68.0-255,2902,294896,17,348946
31765,0.08163,172.31.36.0-255,66,294962,17,348946
31766,0.081652,74.125.68.0-255,2902,297864,17,348946
31767,0.081655,172.31.36.0-255,66,297930,17,348946
31768,0.083622,74.125.68.0-255,2902,300832,17,348946
31769,0.08363,172.31.36.0-255,66,300898,17,348946
31770,0.083654,74.125.68.0-255,2902,303800,17,348946
31771,0.083657,172.31.36.0-255,66,303866,17,348946
31772,0.085655,74.125.68.0-255,5738,309604,17,348946
31773,0.085665,172.31.36.0-255,66,309670,17,348946
31774,0.087656,74.125.68.0-255,4320,313990,17,348946
31775,0.087663,172.31.36.0-255,66,314056,17,348946
31776,0.08768,74.125.68.0-255,1484,315540,17,348946
31777,0.089663,74.125.68.0-255,4320,319860,17,348946
31778,0.08967,172.31.36.0-255,66,319926,17,348946
31779,0.091691,74.125.68.0-255,5738,325664,17,348946
31780,0.091706,172.31.36.0-255,66,325730,17,348946
31781,0.093707,74.125.68.0-255,5738,331468,17,348946
31782,0.093714,172.31.36.0-255,66,331534,17,348946
31783,0.095758,74.125.68.0-255,5738,337272,17,348946
31784,0.095769,172.31.36.0-255,66,337338,17,348946
31785,0.097778,74.125.68.0-255,5738,343076,17,348946
31786,0.097785,172.31.36.0-255,66,343142,17,348946
31787,0.099791,74.125.68.0-255,5738,348880,17,348946
31788,0.099798,172.31.36.0-255,66,348946,17,348946
31789,0.0,74.125.130.0-255,152,152,17,392420
31790,1.5e-05,172.31.36.0-255,66,218,17,392420
31791,2.2e-05,74.125.130.0-255,1484,1702,17,392420
31792,2.7e-05,172.31.36.0-255,66,1768,17,392420
31793,3.3e-05,74.125.130.0-255,2902,4670,17,392420
31794,3.6e-05,172.31.36.0-255,66,4736,17,392420
31795,6.2e-05,74.125.130.0-255,7156,11892,17,392420
31796,6.5e-05,172.31.36.0-255,66,11958,17,392420
31797,0.000108,74.125.130.0-255,2083,14041,17,392420
31798,0.000111,172.31.36.0-255,66,14107,17,392420
31799,0.000222,74.125.130.0-255,1484,15591,17,392420
31800,0.000227,172.31.36.0-255,66,15657,17,392420
31801,0.000232,74.125.130.0-255,2902,18559,17,392420
31802,0.000235,172.31.36.0-255,66,18625,17,392420
31803,0.000249,74.125.130.0-255,2902,21527,17,392420
31804,0.000251,172.31.36.0-255,66,21593,17,392420
31805,0.000266,74.125.130.0-255,2902,24495,17,392420
31806,0.000268,172.31.36.0-255,66,24561,17,392420
31807,0.000277,74.125.130.0-255,6797,31358,17,392420
31808,0.000279,172.31.36.0-255,66,31424,17,392420
31809,0.000566,74.125.130.0-255,1484,32908,17,392420
31810,0.00057,74.125.130.0-255,1484,34392,17,392420
31811,0.000573,74.125.130.0-255,2902,37294,17,392420
31812,0.000583,172.31.36.0-255,66,37360,17,392420
31813,0.000588,172.31.36.0-255,66,37426,17,392420
31814,0.000591,172.31.36.0-255,66,37492,17,392420
31815,0.000598,74.125.130.0-255,5738,43230,17,392420
31816,0.0006,172.31.36.0-255,66,43296,17,392420
31817,0.000627,74.125.130.0-255,6797,50093,17,392420
31818,0.00063,172.31.36.0-255,66,50159,17,392420
31819,0.000651,74.125.130.0-255,4320,54479,17,392420
31820,0.000654,172.31.36.0-255,66,54545,17,392420
31821,0.000673,74.125.130.0-255,2902,57447,17,392420
31822,0.000676,172.31.36.0-255,66,57513,17,392420
31823,0.000684,74.125.130.0-255,7156,64669,17,392420
31824,0.000686,172.31.36.0-255,66,64735,17,392420
31825,0.000708,74.125.130.0-255,1377,66112,17,392420
31826,0.00074,74.125.130.0-255,120,66232,17,392420
31827,0.000768,74.125.130.0-255,379,66611,17,392420
31828,0.000771,172.31.36.0-255,66,66677,17,392420
31829,0.001023,74.125.130.0-255,1484,68161,17,392420
31830,0.001039,74.125.130.0-255,2902,71063,17,392420
31831,0.001042,172.31.36.0-255,66,71129,17,392420
31832,0.001072,74.125.130.0-255,5738,76867,17,392420
31833,0.001075,172.31.36.0-255,66,76933,17,392420
31834,0.001114,74.125.130.0-255,7156,84089,17,392420
31835,0.001118,74.125.130.0-255,2902,86991,17,392420
31836,0.001122,172.31.36.0-255,66,87057,17,392420
31837,0.001126,172.31.36.0-255,66,87123,17,392420
31838,0.001141,74.125.130.0-255,4320,91443,17,392420
31839,0.001143,172.31.36.0-255,66,91509,17,392420
31840,0.001166,74.125.130.0-255,4320,95829,17,392420
31841,0.001168,172.31.36.0-255,66,95895,17,392420
31842,0.001203,74.125.130.0-255,2902,98797,17,392420
31843,0.001206,172.31.36.0-255,66,98863,17,392420
31844,0.001211,74.125.130.0-255,2184,101047,17,392420
31845,0.001213,172.31.36.0-255,66,101113,17,392420
31846,0.001406,74.125.130.0-255,1484,102597,17,392420
31847,0.001426,74.125.130.0-255,1484,104081,17,392420
31848,0.001429,172.31.36.0-255,66,104147,17,392420
31849,0.001435,74.125.130.0-255,2902,107049,17,392420
31850,0.001437,172.31.36.0-255,66,107115,17,392420
31851,0.001441,74.125.130.0-255,1484,108599,17,392420
31852,0.001462,74.125.130.0-255,4320,112919,17,392420
31853,0.001465,172.31.36.0-255,66,112985,17,392420
31854,0.001483,74.125.130.0-255,2902,115887,17,392420
31855,0.001486,172.31.36.0-255,66,115953,17,392420
31856,0.001508,172.31.36.0-255,66,116019,17,392420
31857,0.001549,172.31.36.0-255,66,116085,17,392420
31858,0.001702,74.125.130.0-255,1484,117569,17,392420
31859,0.001716,74.125.130.0-255,2902,120471,17,392420
31860,0.001719,172.31.36.0-255,66,120537,17,392420
31861,0.001745,74.125.130.0-255,4320,124857,17,392420
31862,0.001748,172.31.36.0-255,66,124923,17,392420
31863,0.001765,74.125.130.0-255,1484,126407,17,392420
31864,0.001784,74.125.130.0-255,7156,133563,17,392420
31865,0.001787,172.31.36.0-255,66,133629,17,392420
31866,0.001791,74.125.130.0-255,2902,136531,17,392420
31867,0.001793,172.31.36.0-255,66,136597,17,392420
31868,0.001833,172.31.36.0-255,66,136663,17,392420
31869,0.001837,74.125.130.0-255,766,137429,17,392420
31870,0.002252,172.31.36.0-255,66,137495,17,392420
31871,0.003907,74.125.130.0-255,4320,141815,17,392420
31872,0.003914,172.31.36.0-255,66,141881,17,392420
31873,0.004323,74.125.130.0-255,1484,143365,17,392420
31874,0.00598,74.125.130.0-255,2902,146267,17,392420
31875,0.005985,172.31.36.0-255,66,146333,17,392420
31876,0.006003,74.125.130.0-255,1484,147817,17,392420
31877,0.008051,74.125.130.0-255,4320,152137,17,392420
31878,0.008056,172.31.36.0-255,66,152203,17,392420
31879,0.01013,74.125.130.0-255,5738,157941,17,392420
31880,0.010138,172.31.36.0-255,66,158007,17,392420
31881,0.012209,74.125.130.0-255,5738,163745,17,392420
31882,0.012218,172.31.36.0-255,66,163811,17,392420
31883,0.014305,74.125.130.0-255,5738,169549,17,392420
31884,0.014316,172.31.36.0-255,66,169615,17,392420
31885,0.016391,74.125.130.0-255,5738,175353,17,392420
31886,0.0164,172.31.36.0-255,66,175419,17,392420
31887,0.018473,74.125.130.0-255,5738,181157,17,392420
31888,0.018481,172.31.36.0-255,66,181223,17,392420
31889,0.020585,74.125.130.0-255,5738,186961,17,392420
31890,0.020592,172.31.36.0-255,66,187027,17,392420
31891,0.022661,74.125.130.0-255,5738,192765,17,392420
31892,0.022671,172.31.36.0-255,66,192831,17,392420
31893,0.024746,74.125.130.0-255,5738,198569,17,392420
31894,0.024755,172.31.36.0-255,66,198635,17,392420
31895,0.026824,74.125.130.0-255,5738,204373,17,392420
31896,0.026832,172.31.36.0-255,66,204439,17,392420
31897,0.027422,172.31.36.0-255,172,204611,17,392420
31898,0.027454,172.31.36.0-255,1118,205729,17,392420
31899,0.027514,172.31.36.0-255,1514,207243,17,392420
31900,0.027516,172.31.36.0-255,1270,208513,17,392420
31901,0.028915,74.125.130.0-255,5738,214251,17,392420
31902,0.028922,172.31.36.0-255,66,214317,17,392420
31903,0.028986,104.244.42.0-255,66,214383,17,392420
31904,0.029028,104.244.42.0-255,66,214449,17,392420
31905,0.029074,104.244.42.0-255,66,214515,17,392420
31906,0.031,74.125.130.0-255,5738,220253,17,392420
31907,0.031007,172.31.36.0-255,66,220319,17,392420
31908,0.033098,74.125.130.0-255,5738,226057,17,392420
31909,0.033104,172.31.36.0-255,66,226123,17,392420
31910,0.035178,74.125.130.0-255,5738,231861,17,392420
31911,0.035185,172.31.36.0-255,66,231927,17,392420
31912,0.037283,74.125.130.0-255,5738,237665,17,392420
31913,0.03729,172.31.36.0-255,66,237731,17,392420
31914,0.039364,74.125.130.0-255,5738,243469,17,392420
31915,0.039371,172.31.36.0-255,66,243535,17,392420
31916,0.041443,74.125.130.0-255,5738,249273,17,392420
31917,0.04145,172.31.36.0-255,66,249339,17,392420
31918,0.043534,74.125.130.0-255,5738,255077,17,392420
31919,0.043554,172.31.36.0-255,66,255143,17,392420
31920,0.045637,74.125.130.0-255,5738,260881,17,392420
31921,0.045644,172.31.36.0-255,66,260947,17,392420
31922,0.047721,74.125.130.0-255,5738,266685,17,392420
31923,0.047727,172.31.36.0-255,66,266751,17,392420
31924,0.049814,74.125.130.0-255,5738,272489,17,392420
31925,0.04982,172.31.36.0-255,66,272555,17,392420
31926,0.051908,74.125.130.0-255,5738,278293,17,392420
31927,0.051916,172.31.36.0-255,66,278359,17,392420
31928,0.054,74.125.130.0-255,5738,284097,17,392420
31929,0.054007,172.31.36.0-255,66,284163,17,392420
31930,0.056102,74.125.130.0-255,5738,289901,17,392420
31931,0.056109,172.31.36.0-255,66,289967,17,392420
31932,0.05819,74.125.130.0-255,5738,295705,17,392420
31933,0.058196,172.31.36.0-255,66,295771,17,392420
31934,0.060282,74.125.130.0-255,5738,301509,17,392420
31935,0.060289,172.31.36.0-255,66,301575,17,392420
31936,0.062377,74.125.130.0-255,5738,307313,17,392420
31937,0.062383,172.31.36.0-255,66,307379,17,392420
31938,0.064472,74.125.130.0-255,5738,313117,17,392420
31939,0.064479,172.31.36.0-255,66,313183,17,392420
31940,0.066557,74.125.130.0-255,5738,318921,17,392420
31941,0.066564,172.31.36.0-255,66,318987,17,392420
31942,0.068635,74.125.130.0-255,5738,324725,17,392420
31943,0.068642,172.31.36.0-255,66,324791,17,392420
31944,0.070723,74.125.130.0-255,5738,330529,17,392420
31945,0.07073,172.31.36.0-255,66,330595,17,392420
31946,0.072801,74.125.130.0-255,5738,336333,17,392420
31947,0.072808,172.31.36.0-255,66,336399,17,392420
31948,0.074876,74.125.130.0-255,5738,342137,17,392420
31949,0.07488,172.31.36.0-255,66,342203,17,392420
31950,0.076963,74.125.130.0-255,5738,347941,17,392420
31951,0.07697,172.31.36.0-255,66,348007,17,392420
31952,0.079052,74.125.130.0-255,5738,353745,17,392420
31953,0.079059,172.31.36.0-255,66,353811,17,392420
31954,0.081141,74.125.130.0-255,5738,359549,17,392420
31955,0.081148,172.31.36.0-255,66,359615,17,392420
31956,0.083231,74.125.130.0-255,5738,365353,17,392420
31957,0.083237,172.31.36.0-255,66,365419,17,392420
31958,0.085328,74.125.130.0-255,5738,371157,17,392420
31959,0.085335,172.31.36.0-255,66,371223,17,392420
31960,0.087453,74.125.130.0-255,5738,376961,17,392420
31961,0.087461,172.31.36.0-255,66,377027,17,392420
31962,0.089548,74.125.130.0-255,5738,382765,17,392420
31963,0.089555,172.31.36.0-255,66,382831,17,392420
31964,0.091624,74.125.130.0-255,5738,388569,17,392420
31965,0.091631,172.31.36.0-255,66,388635,17,392420
31966,0.093718,74.125.130.0-255,3548,392183,17,392420
31967,0.093725,172.31.36.0-255,66,392249,17,392420
31968,0.0939,172.31.36.0-255,105,392354,17,392420
31969,0.095936,74.125.130.0-255,66,392420,17,392420
31970,0.0,74.125.24.0-255,153,153,17,313412
31971,1.7e-05,172.31.36.0-255,66,219,17,313412
31972,2.3e-05,74.125.24.0-255,1484,1703,17,313412
31973,2.7e-05,172.31.36.0-255,66,1769,17,313412
31974,3.3e-05,74.125.24.0-255,2902,4671,17,313412
31975,3.6e-05,172.31.36.0-255,66,4737,17,313412
31976,4.5e-05,74.125.24.0-255,7156,11893,17,313412
31977,4.8e-05,172.31.36.0-255,66,11959,17,313412
31978,5.2e-05,74.125.24.0-255,2011,13970,17,313412
31979,5.4e-05,172.31.36.0-255,66,14036,17,313412
31980,8.1e-05,74.125.24.0-255,2902,16938,17,313412
31981,8.4e-05,172.31.36.0-255,66,17004,17,313412
31982,9.1e-05,74.125.24.0-255,7156,24160,17,313412
31983,9.4e-05,172.31.36.0-255,66,24226,17,313412
31984,0.000102,74.125.24.0-255,6797,31023,17,313412
31985,0.000104,172.31.36.0-255,66,31089,17,313412
31986,0.000219,74.125.24.0-255,1484,32573,17,313412
31987,0.000223,172.31.36.0-255,66,32639,17,313412
31988,0.000229,74.125.24.0-255,2902,35541,17,313412
31989,0.000232,172.31.36.0-255,66,35607,17,313412
31990,0.000236,74.125.24.0-255,2902,38509,17,313412
31991,0.000239,172.31.36.0-255,66,38575,17,313412
31992,0.000257,74.125.24.0-255,2902,41477,17,313412
31993,0.000259,172.31.36.0-255,66,41543,17,313412
31994,0.00027,172.31.36.0-255,66,41609,17,313412
31995,0.000275,74.125.24.0-255,4320,45929,17,313412
31996,0.000278,172.31.36.0-255,66,45995,17,313412
31997,0.000305,172.31.36.0-255,66,46061,17,313412
31998,0.000308,74.125.24.0-255,399,46460,17,313412
31999,0.00031,172.31.36.0-255,66,46526,17,313412
32000,0.000447,74.125.24.0-255,112,46638,17,313412
32001,0.000473,74.125.24.0-255,330,46968,17,313412
32002,0.000756,74.125.24.0-255,1484,48452,17,313412
32003,0.000763,74.125.24.0-255,2902,51354,17,313412
32004,0.000766,74.125.24.0-255,1484,52838,17,313412
32005,0.000785,74.125.24.0-255,4320,57158,17,313412
32006,0.0008,172.31.36.0-255,66,57224,17,313412
32007,0.000806,172.31.36.0-255,66,57290,17,313412
32008,0.000817,74.125.24.0-255,1484,58774,17,313412
32009,0.000835,74.125.24.0-255,2902,61676,17,313412
32010,0.000851,74.125.24.0-255,2902,64578,17,313412
32011,0.000864,172.31.36.0-255,66,64644,17,313412
32012,0.000873,74.125.24.0-255,3602,68246,17,313412
32013,0.000892,172.31.36.0-255,66,68312,17,313412
32014,0.002082,74.125.24.0-255,1484,69796,17,313412
32015,0.002092,74.125.24.0-255,1484,71280,17,313412
32016,0.002097,172.31.36.0-255,66,71346,17,313412
32017,0.002118,74.125.24.0-255,1484,72830,17,313412
32018,0.002124,74.125.24.0-255,5738,78568,17,313412
32019,0.002142,74.125.24.0-255,1484,80052,17,313412
32020,0.002156,74.125.24.0-255,1484,81536,17,313412
32021,0.002167,74.125.24.0-255,1484,83020,17,313412
32022,0.002186,74.125.24.0-255,4320,87340,17,313412
32023,0.002201,74.125.24.0-255,1484,88824,17,313412
32024,0.002218,74.125.24.0-255,2902,91726,17,313412
32025,0.002238,74.125.24.0-255,5738,97464,17,313412
32026,0.002253,74.125.24.0-255,1484,98948,17,313412
32027,0.002279,74.125.24.0-255,3602,102550,17,313412
32028,0.002454,74.125.24.0-255,1484,104034,17,313412
32029,0.002466,74.125.24.0-255,2902,106936,17,313412
32030,0.002481,74.125.24.0-255,2902,109838,17,313412
32031,0.002492,74.125.24.0-255,2902,112740,17,313412
32032,0.002537,74.125.24.0-255,4320,117060,17,313412
32033,0.002544,74.125.24.0-255,7156,124216,17,313412
32034,0.002593,74.125.24.0-255,3602,127818,17,313412
32035,0.003001,74.125.24.0-255,1484,129302,17,313412
32036,0.003004,74.125.24.0-255,1484,130786,17,313412
32037,0.003031,74.125.24.0-255,2902,133688,17,313412
32038,0.003043,74.125.24.0-255,1484,135172,17,313412
32039,0.003069,74.125.24.0-255,5738,140910,17,313412
32040,0.003086,74.125.24.0-255,4320,145230,17,313412
32041,0.003103,74.125.24.0-255,1484,146714,17,313412
32042,0.003122,74.125.24.0-255,7156,153870,17,313412
32043,0.003125,74.125.24.0-255,1484,155354,17,313412
32044,0.003138,74.125.24.0-255,1484,156838,17,313412
32045,0.00314,74.125.24.0-255,1484,158322,17,313412
32046,0.003158,74.125.24.0-255,3602,161924,17,313412
32047,0.003496,74.125.24.0-255,1484,163408,17,313412
32048,0.003501,74.125.24.0-255,2902,166310,17,313412
32049,0.003519,74.125.24.0-255,4320,170630,17,313412
32050,0.003535,74.125.24.0-255,1484,172114,17,313412
32051,0.003556,74.125.24.0-255,5738,177852,17,313412
32052,0.003583,74.125.24.0-255,7156,185008,17,313412
32053,0.003589,74.125.24.0-255,5738,190746,17,313412
32054,0.003642,74.125.24.0-255,1484,192230,17,313412
32055,0.003654,74.125.24.0-255,3602,195832,17,313412
32056,0.003761,74.125.24.0-255,1484,197316,17,313412
32057,0.003781,74.125.24.0-255,4320,201636,17,313412
32058,0.003787,74.125.24.0-255,4320,205956,17,313412
32059,0.003822,74.125.24.0-255,2902,208858,17,313412
32060,0.00385,74.125.24.0-255,4320,213178,17,313412
32061,0.003875,74.125.24.0-255,5738,218916,17,313412
32062,0.003892,74.125.24.0-255,2184,221100,17,313412
32063,0.003922,74.125.24.0-255,1484,222584,17,313412
32064,0.003943,74.125.24.0-255,2902,225486,17,313412
32065,0.003965,74.125.24.0-255,4320,229806,17,313412
32066,0.003988,74.125.24.0-255,1484,231290,17,313412
32067,0.004015,74.125.24.0-255,4320,235610,17,313412
32068,0.004034,74.125.24.0-255,2902,238512,17,313412
32069,0.004049,74.125.24.0-255,4320,242832,17,313412
32070,0.0041,74.125.24.0-255,2902,245734,17,313412
32071,0.004384,172.31.36.0-255,66,245800,17,313412
32072,0.004624,74.125.24.0-255,1484,247284,17,313412
32073,0.004631,74.125.24.0-255,2902,250186,17,313412
32074,0.004638,74.125.24.0-255,5738,255924,17,313412
32075,0.004664,74.125.24.0-255,4320,260244,17,313412
32076,0.00469,172.31.36.0-255,66,260310,17,313412
32077,0.004699,74.125.24.0-255,7156,267466,17,313412
32078,0.004704,172.31.36.0-255,66,267532,17,313412
32079,0.004713,74.125.24.0-255,2184,269716,17,313412
32080,0.004752,172.31.36.0-255,66,269782,17,313412
32081,0.004762,74.125.24.0-255,4320,274102,17,313412
32082,0.004777,74.125.24.0-255,5020,279122,17,313412
32083,0.004796,172.31.36.0-255,66,279188,17,313412
32084,0.004835,74.125.24.0-255,1484,280672,17,313412
32085,0.004839,74.125.24.0-255,1484,282156,17,313412
32086,0.004844,172.31.36.0-255,66,282222,17,313412
32087,0.004863,74.125.24.0-255,1484,283706,17,313412
32088,0.00487,74.125.24.0-255,5738,289444,17,313412
32089,0.004877,74.125.24.0-255,7156,296600,17,313412
32090,0.004883,172.31.36.0-255,66,296666,17,313412
32091,0.004919,74.125.24.0-255,2184,298850,17,313412
32092,0.004923,74.125.24.0-255,2902,301752,17,313412
32093,0.004926,74.125.24.0-255,1484,303236,17,313412
32094,0.004946,74.125.24.0-255,2902,306138,17,313412
32095,0.00495,172.31.36.0-255,66,306204,17,313412
32096,0.004955,172.31.36.0-255,66,306270,17,313412
32097,0.004965,74.125.24.0-255,2365,308635,17,313412
32098,0.004968,74.125.24.0-255,97,308732,17,313412
32099,0.004989,172.31.36.0-255,66,308798,17,313412
32100,0.005056,74.125.24.0-255,105,308903,17,313412
32101,0.006983,172.31.36.0-255,66,308969,17,313412
32102,0.007015,172.31.36.0-255,105,309074,17,313412
32103,0.009072,74.125.24.0-255,66,309140,17,313412
32104,0.037006,172.31.36.0-255,172,309312,17,313412
32105,0.037042,172.31.36.0-255,1116,310428,17,313412
32106,0.037105,172.31.36.0-255,1514,311942,17,313412
32107,0.037107,172.31.36.0-255,1272,313214,17,313412
32108,0.038557,104.244.42.0-255,66,313280,17,313412
32109,0.038603,104.244.42.0-255,66,313346,17,313412
32110,0.038646,104.244.42.0-255,66,313412,17,313412
32111,0.0,172.217.194.0-255,152,152,17,227116
32112,2.1e-05,172.31.36.0-255,66,218,17,227116
32113,2.8e-05,172.217.194.0-255,1484,1702,17,227116
32114,3.4e-05,172.31.36.0-255,66,1768,17,227116
32115,4e-05,172.217.194.0-255,2902,4670,17,227116
32116,4.2e-05,172.31.36.0-255,66,4736,17,227116
32117,4.8e-05,172.217.194.0-255,4320,9056,17,227116
32118,5.1e-05,172.31.36.0-255,66,9122,17,227116
32119,5.7e-05,172.217.194.0-255,4874,13996,17,227116
32120,6.1e-05,172.31.36.0-255,66,14062,17,227116
32121,9.5e-05,172.31.36.0-255,66,14128,17,227116
32122,0.000101,172.217.194.0-255,5379,19507,17,227116
32123,0.000104,172.31.36.0-255,66,19573,17,227116
32124,0.000203,172.217.194.0-255,1484,21057,17,227116
32125,0.000207,172.31.36.0-255,66,21123,17,227116
32126,0.000236,172.217.194.0-255,2902,24025,17,227116
32127,0.000239,172.31.36.0-255,66,24091,17,227116
32128,0.000244,172.217.194.0-255,2902,26993,17,227116
32129,0.000246,172.31.36.0-255,66,27059,17,227116
32130,0.000274,172.217.194.0-255,7156,34215,17,227116
32131,0.000277,172.31.36.0-255,66,34281,17,227116
32132,0.000281,172.217.194.0-255,1484,35765,17,227116
32133,0.000283,172.31.36.0-255,66,35831,17,227116
32134,0.000305,172.31.36.0-255,66,35897,17,227116
32135,0.000359,172.217.194.0-255,5738,41635,17,227116
32136,0.000362,172.31.36.0-255,66,41701,17,227116
32137,0.000378,172.217.194.0-255,3602,45303,17,227116
32138,0.00038,172.31.36.0-255,66,45369,17,227116
32139,0.000383,172.217.194.0-255,413,45782,17,227116
32140,0.000385,172.31.36.0-255,66,45848,17,227116
32141,0.000636,172.217.194.0-255,1484,47332,17,227116
32142,0.000645,172.217.194.0-255,2902,50234,17,227116
32143,0.000649,172.31.36.0-255,66,50300,17,227116
32144,0.000654,172.217.194.0-255,2902,53202,17,227116
32145,0.000657,172.31.36.0-255,66,53268,17,227116
32146,0.000672,172.217.194.0-255,2902,56170,17,227116
32147,0.000675,172.31.36.0-255,66,56236,17,227116
32148,0.000687,172.31.36.0-255,66,56302,17,227116
32149,0.00071,172.217.194.0-255,2902,59204,17,227116
32150,0.000712,172.31.36.0-255,66,59270,17,227116
32151,0.000716,172.217.194.0-255,1484,60754,17,227116
32152,0.000741,172.217.194.0-255,1484,62238,17,227116
32153,0.000745,172.31.36.0-255,66,62304,17,227116
32154,0.000761,172.31.36.0-255,66,62370,17,227116
32155,0.000764,172.217.194.0-255,1484,63854,17,227116
32156,0.000796,172.31.36.0-255,66,63920,17,227116
32157,0.000806,172.217.194.0-255,7156,71076,17,227116
32158,0.000809,172.31.36.0-255,66,71142,17,227116
32159,0.000825,172.217.194.0-255,2902,74044,17,227116
32160,0.000827,172.31.36.0-255,66,74110,17,227116
32161,0.000833,172.217.194.0-255,4320,78430,17,227116
32162,0.000835,172.31.36.0-255,66,78496,17,227116
32163,0.000867,172.217.194.0-255,7156,85652,17,227116
32164,0.00087,172.31.36.0-255,66,85718,17,227116
32165,0.000877,172.217.194.0-255,5020,90738,17,227116
32166,0.000879,172.31.36.0-255,66,90804,17,227116
32167,0.000895,172.217.194.0-255,4320,95124,17,227116
32168,0.000897,172.31.36.0-255,66,95190,17,227116
32169,0.000926,172.31.36.0-255,66,95256,17,227116
32170,0.00094,172.217.194.0-255,4320,99576,17,227116
32171,0.000942,172.31.36.0-255,66,99642,17,227116
32172,0.000947,172.217.194.0-255,2902,102544,17,227116
32173,0.000949,172.31.36.0-255,66,102610,17,227116
32174,0.000985,172.217.194.0-255,2184,104794,17,227116
32175,0.000988,172.217.194.0-255,2902,107696,17,227116
32176,0.000995,172.217.194.0-255,7156,114852,17,227116
32177,0.001039,172.31.36.0-255,66,114918,17,227116
32178,0.001047,172.31.36.0-255,66,114984,17,227116
32179,0.00105,172.31.36.0-255,66,115050,17,227116
32180,0.001053,172.31.36.0-255,66,115116,17,227116
32181,0.001066,172.31.36.0-255,66,115182,17,227116
32182,0.001078,172.31.36.0-255,66,115248,17,227116
32183,0.001095,172.31.36.0-255,66,115314,17,227116
32184,0.001112,172.31.36.0-255,66,115380,17,227116
32185,0.001117,172.217.194.0-255,3602,118982,17,227116
32186,0.001119,172.31.36.0-255,66,119048,17,227116
32187,0.001159,172.217.194.0-255,2902,121950,17,227116
32188,0.001162,172.31.36.0-255,66,122016,17,227116
32189,0.001179,172.217.194.0-255,7156,129172,17,227116
32190,0.001182,172.31.36.0-255,66,129238,17,227116
32191,0.001209,172.217.194.0-255,5738,134976,17,227116
32192,0.001212,172.31.36.0-255,66,135042,17,227116
32193,0.001215,172.217.194.0-255,1484,136526,17,227116
32194,0.001255,172.31.36.0-255,66,136592,17,227116
32195,0.001258,172.217.194.0-255,766,137358,17,227116
32196,0.001578,172.31.36.0-255,101,137459,17,227116
32197,0.001609,172.217.194.0-255,1484,138943,17,227116
32198,0.001615,172.217.194.0-255,2902,141845,17,227116
32199,0.001618,172.31.36.0-255,66,141911,17,227116
32200,0.001651,172.217.194.0-255,5738,147649,17,227116
32201,0.001654,172.31.36.0-255,66,147715,17,227116
32202,0.001674,172.217.194.0-255,1484,149199,17,227116
32203,0.001677,172.217.194.0-255,1484,150683,17,227116
32204,0.00168,172.31.36.0-255,66,150749,17,227116
32205,0.001696,172.217.194.0-255,1484,152233,17,227116
32206,0.001702,172.217.194.0-255,5738,157971,17,227116
32207,0.001708,172.217.194.0-255,5738,163709,17,227116
32208,0.001713,172.31.36.0-255,66,163775,17,227116
32209,0.00172,172.31.36.0-255,66,163841,17,227116
32210,0.00177,172.217.194.0-255,5738,169579,17,227116
32211,0.001774,172.31.36.0-255,66,169645,17,227116
32212,0.001791,172.217.194.0-255,2184,171829,17,227116
32213,0.001794,172.31.36.0-255,66,171895,17,227116
32214,0.001819,172.217.194.0-255,1484,173379,17,227116
32215,0.001825,172.217.194.0-255,2902,176281,17,227116
32216,0.001827,172.31.36.0-255,66,176347,17,227116
32217,0.001834,172.217.194.0-255,5738,182085,17,227116
32218,0.001836,172.31.36.0-255,66,182151,17,227116
32219,0.001874,172.31.36.0-255,66,182217,17,227116
32220,0.001885,172.31.36.0-255,66,182283,17,227116
32221,0.001946,172.31.36.0-255,66,182349,17,227116
32222,0.001965,172.217.194.0-255,2184,184533,17,227116
32223,0.001969,172.31.36.0-255,66,184599,17,227116
32224,0.001984,172.31.36.0-255,66,184665,17,227116
32225,0.002043,172.31.36.0-255,66,184731,17,227116
32226,0.00242,172.217.194.0-255,1484,186215,17,227116
32227,0.002425,172.217.194.0-255,1484,187699,17,227116
32228,0.002428,172.31.36.0-255,66,187765,17,227116
32229,0.002451,172.217.194.0-255,1484,189249,17,227116
32230,0.002457,172.217.194.0-255,5738,194987,17,227116
32231,0.00246,172.31.36.0-255,66,195053,17,227116
32232,0.002467,172.217.194.0-255,5738,200791,17,227116
32233,0.002469,172.31.36.0-255,66,200857,17,227116
32234,0.002486,172.217.194.0-255,7156,208013,17,227116
32235,0.002488,172.31.36.0-255,66,208079,17,227116
32236,0.002499,172.31.36.0-255,66,208145,17,227116
32237,0.002535,172.217.194.0-255,5738,213883,17,227116
32238,0.002546,172.31.36.0-255,66,213949,17,227116
32239,0.002552,172.217.194.0-255,3602,217551,17,227116
32240,0.002554,172.31.36.0-255,66,217617,17,227116
32241,0.002561,172.217.194.0-255,4788,222405,17,227116
32242,0.002563,172.31.36.0-255,66,222471,17,227116
32243,0.004121,172.217.194.0-255,66,222537,17,227116
32244,0.00506,172.217.194.0-255,136,222673,17,227116
32245,0.009441,172.31.36.0-255,105,222778,17,227116
32246,0.015786,172.217.194.0-255,66,222844,17,227116
32247,0.03295,172.31.36.0-255,172,223016,17,227116
32248,0.032987,172.31.36.0-255,1117,224133,17,227116
32249,0.033047,172.31.36.0-255,1514,225647,17,227116
32250,0.033049,172.31.36.0-255,1271,226918,17,227116
32251,0.034529,104.244.42.0-255,66,226984,17,227116
32252,0.03456,104.244.42.0-255,66,227050,17,227116
32253,0.034595,104.244.42.0-255,66,227116,17,227116
32254,0.0,172.217.194.0-255,148,148,17,245764
32255,2.3e-05,172.31.36.0-255,66,214,17,245764
32256,3.1e-05,172.217.194.0-255,1484,1698,17,245764
32257,3.5e-05,172.31.36.0-255,66,1764,17,245764
32258,4.1e-05,172.217.194.0-255,2902,4666,17,245764
32259,4.4e-05,172.31.36.0-255,66,4732,17,245764
32260,5.2e-05,172.217.194.0-255,7156,11888,17,245764
32261,5.5e-05,172.31.36.0-255,66,11954,17,245764
32262,5.9e-05,172.217.194.0-255,2085,14039,17,245764
32263,6.1e-05,172.31.36.0-255,66,14105,17,245764
32264,6.5e-05,172.217.194.0-255,1484,15589,17,245764
32265,6.7e-05,172.31.36.0-255,66,15655,17,245764
32266,9.3e-05,172.217.194.0-255,1484,17139,17,245764
32267,9.6e-05,172.31.36.0-255,66,17205,17,245764
32268,0.000103,172.217.194.0-255,7156,24361,17,245764
32269,0.000106,172.31.36.0-255,66,24427,17,245764
32270,0.000112,172.217.194.0-255,6797,31224,17,245764
32271,0.000114,172.31.36.0-255,66,31290,17,245764
32272,0.000153,172.217.194.0-255,2902,34192,17,245764
32273,0.000156,172.31.36.0-255,66,34258,17,245764
32274,0.000187,172.217.194.0-255,1125,35383,17,245764
32275,0.000191,172.31.36.0-255,66,35449,17,245764
32276,0.000193,172.31.36.0-255,66,35515,17,245764
32277,0.000217,172.217.194.0-255,1484,36999,17,245764
32278,0.000219,172.31.36.0-255,66,37065,17,245764
32279,0.000241,172.217.194.0-255,2902,39967,17,245764
32280,0.000244,172.31.36.0-255,66,40033,17,245764
32281,0.00025,172.217.194.0-255,5738,45771,17,245764
32282,0.000252,172.31.36.0-255,66,45837,17,245764
32283,0.000256,172.217.194.0-255,1484,47321,17,245764
32284,0.000258,172.31.36.0-255,66,47387,17,245764
32285,0.000287,172.217.194.0-255,5673,53060,17,245764
32286,0.00029,172.31.36.0-255,66,53126,17,245764
32287,0.000292,172.217.194.0-255,383,53509,17,245764
32288,0.000372,172.217.194.0-255,1484,54993,17,245764
32289,0.000376,172.31.36.0-255,66,55059,17,245764
32290,0.00038,172.217.194.0-255,1484,56543,17,245764
32291,0.000399,172.217.194.0-255,1484,58027,17,245764
32292,0.000401,172.31.36.0-255,66,58093,17,245764
32293,0.000407,172.217.194.0-255,5738,63831,17,245764
32294,0.000409,172.31.36.0-255,66,63897,17,245764
32295,0.000432,172.217.194.0-255,6248,70145,17,245764
32296,0.000435,172.31.36.0-255,66,70211,17,245764
32297,0.000662,172.217.194.0-255,1484,71695,17,245764
32298,0.000678,172.217.194.0-255,2902,74597,17,245764
32299,0.000682,172.31.36.0-255,66,74663,17,245764
32300,0.000688,172.217.194.0-255,4320,78983,17,245764
32301,0.000691,172.31.36.0-255,66,79049,17,245764
32302,0.000704,172.217.194.0-255,1484,80533,17,245764
32303,0.000731,172.217.194.0-255,2902,83435,17,245764
32304,0.000735,172.31.36.0-255,66,83501,17,245764
32305,0.000754,172.217.194.0-255,3961,87462,17,245764
32306,0.000756,172.31.36.0-255,66,87528,17,245764
32307,0.001009,172.217.194.0-255,1484,89012,17,245764
32308,0.001015,172.217.194.0-255,2902,91914,17,245764
32309,0.001018,172.31.36.0-255,66,91980,17,245764
32310,0.00104,172.217.194.0-255,5738,97718,17,245764
32311,0.001043,172.31.36.0-255,66,97784,17,245764
32312,0.00109,172.217.194.0-255,2902,100686,17,245764
32313,0.001092,172.31.36.0-255,66,100752,17,245764
32314,0.001112,172.217.194.0-255,2902,103654,17,245764
32315,0.001114,172.31.36.0-255,66,103720,17,245764
32316,0.001126,172.31.36.0-255,66,103786,17,245764
32317,0.001133,172.217.194.0-255,5020,108806,17,245764
32318,0.001134,172.31.36.0-255,66,108872,17,245764
32319,0.001624,172.217.194.0-255,1484,110356,17,245764
32320,0.001629,172.217.194.0-255,2902,113258,17,245764
32321,0.001636,172.31.36.0-255,66,113324,17,245764
32322,0.001654,172.217.194.0-255,4320,117644,17,245764
32323,0.001657,172.31.36.0-255,66,117710,17,245764
32324,0.001681,172.217.194.0-255,1484,119194,17,245764
32325,0.001693,172.31.36.0-255,66,119260,17,245764
32326,0.001716,172.217.194.0-255,7156,126416,17,245764
32327,0.001718,172.31.36.0-255,66,126482,17,245764
32328,0.001744,172.217.194.0-255,6438,132920,17,245764
32329,0.001746,172.31.36.0-255,66,132986,17,245764
32330,0.001884,172.217.194.0-255,1484,134470,17,245764
32331,0.001902,172.217.194.0-255,2902,137372,17,245764
32332,0.001905,172.31.36.0-255,66,137438,17,245764
32333,0.00191,172.217.194.0-255,4320,141758,17,245764
32334,0.001912,172.31.36.0-255,66,141824,17,245764
32335,0.001926,172.217.194.0-255,1484,143308,17,245764
32336,0.001931,172.217.194.0-255,4320,147628,17,245764
32337,0.001933,172.31.36.0-255,66,147694,17,245764
32338,0.001968,172.31.36.0-255,66,147760,17,245764
32339,0.002014,172.31.36.0-255,66,147826,17,245764
32340,0.002043,172.31.36.0-255,66,147892,17,245764
32341,0.002068,172.217.194.0-255,5020,152912,17,245764
32342,0.002071,172.31.36.0-255,66,152978,17,245764
32343,0.002081,172.31.36.0-255,66,153044,17,245764
32344,0.002112,172.217.194.0-255,7156,160200,17,245764
32345,0.002115,172.31.36.0-255,66,160266,17,245764
32346,0.00213,172.217.194.0-255,2184,162450,17,245764
32347,0.002132,172.31.36.0-255,66,162516,17,245764
32348,0.002144,172.217.194.0-255,1484,164000,17,245764
32349,0.002171,172.217.194.0-255,2902,166902,17,245764
32350,0.002174,172.31.36.0-255,66,166968,17,245764
32351,0.002181,172.217.194.0-255,5738,172706,17,245764
32352,0.002183,172.31.36.0-255,66,172772,17,245764
32353,0.002204,172.31.36.0-255,66,172838,17,245764
32354,0.002217,172.31.36.0-255,66,172904,17,245764
32355,0.002222,172.217.194.0-255,4320,177224,17,245764
32356,0.002225,172.31.36.0-255,66,177290,17,245764
32357,0.002231,172.217.194.0-255,5738,183028,17,245764
32358,0.002234,172.31.36.0-255,66,183094,17,245764
32359,0.002238,172.217.194.0-255,2902,185996,17,245764
32360,0.002242,172.31.36.0-255,66,186062,17,245764
32361,0.002272,172.31.36.0-255,66,186128,17,245764
32362,0.002285,172.31.36.0-255,66,186194,17,245764
32363,0.002342,172.217.194.0-255,1484,187678,17,245764
32364,0.002346,172.217.194.0-255,2902,190580,17,245764
32365,0.002349,172.31.36.0-255,66,190646,17,245764
32366,0.002355,172.217.194.0-255,5738,196384,17,245764
32367,0.002358,172.31.36.0-255,66,196450,17,245764
32368,0.002363,172.217.194.0-255,4320,200770,17,245764
32369,0.002365,172.31.36.0-255,66,200836,17,245764
32370,0.002385,172.217.194.0-255,1484,202320,17,245764
32371,0.002397,172.31.36.0-255,66,202386,17,245764
32372,0.002421,172.217.194.0-255,4320,206706,17,245764
32373,0.002423,172.31.36.0-255,66,206772,17,245764
32374,0.00243,172.217.194.0-255,5020,211792,17,245764
32375,0.002433,172.31.36.0-255,66,211858,17,245764
32376,0.002467,172.217.194.0-255,5738,217596,17,245764
32377,0.00247,172.31.36.0-255,66,217662,17,245764
32378,0.002478,172.217.194.0-255,7156,224818,17,245764
32379,0.00248,172.31.36.0-255,66,224884,17,245764
32380,0.002485,172.217.194.0-255,2902,227786,17,245764
32381,0.002487,172.31.36.0-255,66,227852,17,245764
32382,0.002524,172.31.36.0-255,66,227918,17,245764
32383,0.002528,172.217.194.0-255,2902,230820,17,245764
32384,0.002531,172.31.36.0-255,66,230886,17,245764
32385,0.002564,172.31.36.0-255,66,230952,17,245764
32386,0.002593,172.217.194.0-255,3602,234554,17,245764
32387,0.002596,172.31.36.0-255,66,234620,17,245764
32388,0.002609,172.31.36.0-255,66,234686,17,245764
32389,0.002642,172.31.36.0-255,66,234752,17,245764
32390,0.00265,172.217.194.0-255,6332,241084,17,245764
32391,0.002652,172.31.36.0-255,66,241150,17,245764
32392,0.005176,172.217.194.0-255,105,241255,17,245764
32393,0.008674,172.31.36.0-255,66,241321,17,245764
32394,0.008717,172.31.36.0-255,105,241426,17,245764
32395,0.011242,172.217.194.0-255,66,241492,17,245764
32396,0.031958,172.31.36.0-255,172,241664,17,245764
32397,0.031998,172.31.36.0-255,1115,242779,17,245764
32398,0.032064,172.31.36.0-255,1514,244293,17,245764
32399,0.032066,172.31.36.0-255,1273,245566,17,245764
32400,0.033478,104.244.42.0-255,66,245632,17,245764
32401,0.033587,104.244.42.0-255,66,245698,17,245764
32402,0.033632,104.244.42.0-255,66,245764,17,245764
32403,0.0,74.125.24.0-255,218,218,17,305057
32404,2.2e-05,172.31.36.0-255,66,284,17,305057
32405,2.8e-05,74.125.24.0-255,1484,1768,17,305057
32406,3.2e-05,172.31.36.0-255,66,1834,17,305057
32407,5.9e-05,74.125.24.0-255,4320,6154,17,305057
32408,6.2e-05,172.31.36.0-255,66,6220,17,305057
32409,7.6e-05,74.125.24.0-255,1484,7704,17,305057
32410,8.2e-05,172.31.36.0-255,66,7770,17,305057
32411,0.000106,74.125.24.0-255,6157,13927,17,305057
32412,0.000109,172.31.36.0-255,66,13993,17,305057
32413,0.00012,172.31.36.0-255,66,14059,17,305057
32414,0.000133,172.31.36.0-255,66,14125,17,305057
32415,0.000191,74.125.24.0-255,1484,15609,17,305057
32416,0.000194,172.31.36.0-255,66,15675,17,305057
32417,0.000201,74.125.24.0-255,2902,18577,17,305057
32418,0.000203,172.31.36.0-255,66,18643,17,305057
32419,0.000227,74.125.24.0-255,2902,21545,17,305057
32420,0.000231,172.31.36.0-255,66,21611,17,305057
32421,0.000256,74.125.24.0-255,2902,24513,17,305057
32422,0.000259,172.31.36.0-255,66,24579,17,305057
32423,0.00027,74.125.24.0-255,5738,30317,17,305057
32424,0.000272,172.31.36.0-255,66,30383,17,305057
32425,0.000279,74.125.24.0-255,6797,37180,17,305057
32426,0.000281,172.31.36.0-255,66,37246,17,305057
32427,0.000292,172.31.36.0-255,66,37312,17,305057
32428,0.000316,74.125.24.0-255,1484,38796,17,305057
32429,0.000318,172.31.36.0-255,66,38862,17,305057
32430,0.000327,74.125.24.0-255,1400,40262,17,305057
32431,0.000329,172.31.36.0-255,66,40328,17,305057
32432,0.001399,74.125.24.0-255,379,40707,17,305057
32433,0.00144,74.125.24.0-255,1484,42191,17,305057
32434,0.001447,172.31.36.0-255,66,42257,17,305057
32435,0.001481,74.125.24.0-255,2902,45159,17,305057
32436,0.001485,172.31.36.0-255,66,45225,17,305057
32437,0.001491,74.125.24.0-255,5738,50963,17,305057
32438,0.001493,172.31.36.0-255,66,51029,17,305057
32439,0.001511,172.31.36.0-255,66,51095,17,305057
32440,0.001572,172.31.36.0-255,66,51161,17,305057
32441,0.001598,74.125.24.0-255,3602,54763,17,305057
32442,0.001601,172.31.36.0-255,66,54829,17,305057
32443,0.001712,74.125.24.0-255,1484,56313,17,305057
32444,0.001727,74.125.24.0-255,2902,59215,17,305057
32445,0.00173,172.31.36.0-255,66,59281,17,305057
32446,0.001759,74.125.24.0-255,5738,65019,17,305057
32447,0.001761,172.31.36.0-255,66,65085,17,305057
32448,0.001772,172.31.36.0-255,66,65151,17,305057
32449,0.001796,74.125.24.0-255,4320,69471,17,305057
32450,0.001798,172.31.36.0-255,66,69537,17,305057
32451,0.001833,172.31.36.0-255,66,69603,17,305057
32452,0.002381,74.125.24.0-255,1484,71087,17,305057
32453,0.002396,74.125.24.0-255,2902,73989,17,305057
32454,0.002399,172.31.36.0-255,66,74055,17,305057
32455,0.002404,74.125.24.0-255,4320,78375,17,305057
32456,0.002406,172.31.36.0-255,66,78441,17,305057
32457,0.002435,74.125.24.0-255,1484,79925,17,305057
32458,0.002441,74.125.24.0-255,7156,87081,17,305057
32459,0.002443,172.31.36.0-255,66,87147,17,305057
32460,0.002475,74.125.24.0-255,2902,90049,17,305057
32461,0.002477,172.31.36.0-255,66,90115,17,305057
32462,0.002509,172.31.36.0-255,66,90181,17,305057
32463,0.002521,172.31.36.0-255,66,90247,17,305057
32464,0.002553,172.31.36.0-255,66,90313,17,305057
32465,0.002586,74.125.24.0-255,6438,96751,17,305057
32466,0.002588,172.31.36.0-255,66,96817,17,305057
32467,0.005194,74.125.24.0-255,5738,102555,17,305057
32468,0.005201,172.31.36.0-255,66,102621,17,305057
32469,0.007843,74.125.24.0-255,5738,108359,17,305057
32470,0.007848,172.31.36.0-255,66,108425,17,305057
32471,0.01046,74.125.24.0-255,5738,114163,17,305057
32472,0.010467,172.31.36.0-255,66,114229,17,305057
32473,0.01315,74.125.24.0-255,5738,119967,17,305057
32474,0.013159,172.31.36.0-255,66,120033,17,305057
32475,0.015778,74.125.24.0-255,5738,125771,17,305057
32476,0.015789,172.31.36.0-255,66,125837,17,305057
32477,0.018412,74.125.24.0-255,5738,131575,17,305057
32478,0.018424,172.31.36.0-255,66,131641,17,305057
32479,0.021047,74.125.24.0-255,5738,137379,17,305057
32480,0.021057,172.31.36.0-255,66,137445,17,305057
32481,0.023658,74.125.24.0-255,5738,143183,17,305057
32482,0.023666,172.31.36.0-255,66,143249,17,305057
32483,0.026291,74.125.24.0-255,5738,148987,17,305057
32484,0.026303,172.31.36.0-255,66,149053,17,305057
32485,0.028932,74.125.24.0-255,5738,154791,17,305057
32486,0.028939,172.31.36.0-255,66,154857,17,305057
32487,0.030344,172.31.36.0-255,172,155029,17,305057
32488,0.030375,172.31.36.0-255,1117,156146,17,305057
32489,0.030415,172.31.36.0-255,1514,157660,17,305057
32490,0.030417,172.31.36.0-255,1514,159174,17,305057
32491,0.030422,172.31.36.0-255,1514,160688,17,305057
32492,0.030423,172.31.36.0-255,1049,161737,17,305057
32493,0.031546,74.125.24.0-255,5738,167475,17,305057
32494,0.031553,172.31.36.0-255,66,167541,17,305057
32495,0.031917,104.244.42.0-255,66,167607,17,305057
32496,0.031926,104.244.42.0-255,66,167673,17,305057
32497,0.032,104.244.42.0-255,66,167739,17,305057
32498,0.032003,104.244.42.0-255,66,167805,17,305057
32499,0.034199,74.125.24.0-255,2902,170707,17,305057
32500,0.034202,172.31.36.0-255,66,170773,17,305057
32501,0.034237,74.125.24.0-255,2902,173675,17,305057
32502,0.03424,172.31.36.0-255,66,173741,17,305057
32503,0.036857,74.125.24.0-255,5738,179479,17,305057
32504,0.036863,172.31.36.0-255,66,179545,17,305057
32505,0.039512,74.125.24.0-255,5738,185283,17,305057
32506,0.039532,172.31.36.0-255,66,185349,17,305057
32507,0.042176,74.125.24.0-255,5738,191087,17,305057
32508,0.042181,172.31.36.0-255,66,191153,17,305057
32509,0.044789,74.125.24.0-255,4320,195473,17,305057
32510,0.044794,172.31.36.0-255,66,195539,17,305057
32511,0.044829,74.125.24.0-255,1484,197023,17,305057
32512,0.047438,74.125.24.0-255,4320,201343,17,305057
32513,0.047444,172.31.36.0-255,66,201409,17,305057
32514,0.050077,74.125.24.0-255,5738,207147,17,305057
32515,0.050082,172.31.36.0-255,66,207213,17,305057
32516,0.052697,74.125.24.0-255,5738,212951,17,305057
32517,0.052702,172.31.36.0-255,66,213017,17,305057
32518,0.055326,74.125.24.0-255,4320,217337,17,305057
32519,0.055332,172.31.36.0-255,66,217403,17,305057
32520,0.055365,74.125.24.0-255,1484,218887,17,305057
32521,0.057952,74.125.24.0-255,4320,223207,17,305057
32522,0.057958,172.31.36.0-255,66,223273,17,305057
32523,0.060611,74.125.24.0-255,4320,227593,17,305057
32524,0.060617,172.31.36.0-255,66,227659,17,305057
32525,0.060649,74.125.24.0-255,1484,229143,17,305057
32526,0.06324,74.125.24.0-255,4320,233463,17,305057
32527,0.063245,172.31.36.0-255,66,233529,17,305057
32528,0.065866,74.125.24.0-255,5738,239267,17,305057
32529,0.065871,172.31.36.0-255,66,239333,17,305057
32530,0.068519,74.125.24.0-255,5738,245071,17,305057
32531,0.068524,172.31.36.0-255,66,245137,17,305057
32532,0.071176,74.125.24.0-255,4320,249457,17,305057
32533,0.071182,172.31.36.0-255,66,249523,17,305057
32534,0.071215,74.125.24.0-255,1484,251007,17,305057
32535,0.073791,74.125.24.0-255,4320,255327,17,305057
32536,0.073799,172.31.36.0-255,66,255393,17,305057
32537,0.076417,74.125.24.0-255,4320,259713,17,305057
32538,0.076422,172.31.36.0-255,66,259779,17,305057
32539,0.076453,74.125.24.0-255,1484,261263,17,305057
32540,0.079037,74.125.24.0-255,2902,264165,17,305057
32541,0.07904,172.31.36.0-255,66,264231,17,305057
32542,0.079079,74.125.24.0-255,1484,265715,17,305057
32543,0.081672,74.125.24.0-255,4320,270035,17,305057
32544,0.081677,172.31.36.0-255,66,270101,17,305057
32545,0.084296,74.125.24.0-255,2902,273003,17,305057
32546,0.084301,172.31.36.0-255,66,273069,17,305057
32547,0.084332,74.125.24.0-255,2902,275971,17,305057
32548,0.084336,172.31.36.0-255,66,276037,17,305057
32549,0.086981,74.125.24.0-255,5738,281775,17,305057
32550,0.086992,172.31.36.0-255,66,281841,17,305057
32551,0.089651,74.125.24.0-255,5738,287579,17,305057
32552,0.08966,172.31.36.0-255,66,287645,17,305057
32553,0.092282,74.125.24.0-255,5738,293383,17,305057
32554,0.092298,172.31.36.0-255,66,293449,17,305057
32555,0.09494,74.125.24.0-255,5738,299187,17,305057
32556,0.094948,172.31.36.0-255,66,299253,17,305057
32557,0.097616,74.125.24.0-255,5738,304991,17,305057
32558,0.09762,172.31.36.0-255,66,305057,17,305057
32559,0.0,172.217.194.0-255,156,156,17,301060
32560,1.5e-05,172.31.36.0-255,66,222,17,301060
32561,2.1e-05,172.217.194.0-255,1484,1706,17,301060
32562,2.6e-05,172.31.36.0-255,66,1772,17,301060
32563,3.1e-05,172.217.194.0-255,2902,4674,17,301060
32564,3.4e-05,172.31.36.0-255,66,4740,17,301060
32565,4.1e-05,172.217.194.0-255,4320,9060,17,301060
32566,4.5e-05,172.31.36.0-255,66,9126,17,301060
32567,7.5e-05,172.217.194.0-255,1484,10610,17,301060
32568,7.8e-05,172.31.36.0-255,66,10676,17,301060
32569,8.5e-05,172.217.194.0-255,3420,14096,17,301060
32570,8.8e-05,172.31.36.0-255,66,14162,17,301060
32571,0.00034,172.217.194.0-255,1484,15646,17,301060
32572,0.000346,172.31.36.0-255,66,15712,17,301060
32573,0.00037,172.217.194.0-255,2902,18614,17,301060
32574,0.000373,172.31.36.0-255,66,18680,17,301060
32575,0.00038,172.217.194.0-255,5738,24418,17,301060
32576,0.000383,172.31.36.0-255,66,24484,17,301060
32577,0.000402,172.217.194.0-255,2902,27386,17,301060
32578,0.000405,172.31.36.0-255,66,27452,17,301060
32579,0.000431,172.217.194.0-255,3961,31413,17,301060
32580,0.000434,172.31.36.0-255,66,31479,17,301060
32581,0.000441,172.217.194.0-255,7156,38635,17,301060
32582,0.000444,172.31.36.0-255,66,38701,17,301060
32583,0.000447,172.217.194.0-255,1484,40185,17,301060
32584,0.00045,172.31.36.0-255,66,40251,17,301060
32585,0.00048,172.217.194.0-255,7156,47407,17,301060
32586,0.000484,172.31.36.0-255,66,47473,17,301060
32587,0.000486,172.217.194.0-255,1125,48598,17,301060
32588,0.000488,172.31.36.0-255,66,48664,17,301060
32589,0.000696,172.217.194.0-255,1484,50148,17,301060
32590,0.000701,172.31.36.0-255,66,50214,17,301060
32591,0.000718,172.217.194.0-255,2902,53116,17,301060
32592,0.000721,172.31.36.0-255,66,53182,17,301060
32593,0.000737,172.217.194.0-255,1484,54666,17,301060
32594,0.00075,172.217.194.0-255,2902,57568,17,301060
32595,0.000753,172.31.36.0-255,66,57634,17,301060
32596,0.00077,172.217.194.0-255,4320,61954,17,301060
32597,0.000772,172.31.36.0-255,66,62020,17,301060
32598,0.000798,172.217.194.0-255,4320,66340,17,301060
32599,0.000801,172.31.36.0-255,66,66406,17,301060
32600,0.000804,172.217.194.0-255,288,66694,17,301060
32601,0.00087,172.217.194.0-255,1484,68178,17,301060
32602,0.000874,172.31.36.0-255,66,68244,17,301060
32603,0.000891,172.217.194.0-255,2902,71146,17,301060
32604,0.000893,172.31.36.0-255,66,71212,17,301060
32605,0.000906,172.217.194.0-255,1484,72696,17,301060
32606,0.000923,172.217.194.0-255,4320,77016,17,301060
32607,0.000925,172.31.36.0-255,66,77082,17,301060
32608,0.000932,172.217.194.0-255,4320,81402,17,301060
32609,0.000934,172.31.36.0-255,66,81468,17,301060
32610,0.000963,172.217.194.0-255,7156,88624,17,301060
32611,0.000967,172.31.36.0-255,66,88690,17,301060
32612,0.000987,172.217.194.0-255,4320,93010,17,301060
32613,0.00099,172.31.36.0-255,66,93076,17,301060
32614,0.000996,172.217.194.0-255,5738,98814,17,301060
32615,0.000999,172.31.36.0-255,66,98880,17,301060
32616,0.001023,172.217.194.0-255,2184,101064,17,301060
32617,0.001027,172.31.36.0-255,66,101130,17,301060
32618,0.001103,172.217.194.0-255,1484,102614,17,301060
32619,0.001124,172.217.194.0-255,2902,105516,17,301060
32620,0.001127,172.31.36.0-255,66,105582,17,301060
32621,0.001132,172.217.194.0-255,1484,107066,17,301060
32622,0.001149,172.217.194.0-255,4320,111386,17,301060
32623,0.001151,172.31.36.0-255,66,111452,17,301060
32624,0.001169,172.217.194.0-255,2902,114354,17,301060
32625,0.001171,172.31.36.0-255,66,114420,17,301060
32626,0.001187,172.217.194.0-255,1484,115904,17,301060
32627,0.001222,172.31.36.0-255,66,115970,17,301060
32628,0.001274,172.217.194.0-255,5738,121708,17,301060
32629,0.001277,172.31.36.0-255,66,121774,17,301060
32630,0.001283,172.217.194.0-255,4657,126431,17,301060
32631,0.001286,172.31.36.0-255,66,126497,17,301060
32632,0.001312,172.217.194.0-255,1484,127981,17,301060
32633,0.001333,172.217.194.0-255,4320,132301,17,301060
32634,0.001336,172.31.36.0-255,66,132367,17,301060
32635,0.001342,172.217.194.0-255,4320,136687,17,301060
32636,0.001344,172.31.36.0-255,66,136753,17,301060
32637,0.001365,172.217.194.0-255,1484,138237,17,301060
32638,0.001395,172.31.36.0-255,66,138303,17,301060
32639,0.001417,172.217.194.0-255,1484,139787,17,301060
32640,0.001431,172.31.36.0-255,66,139853,17,301060
32641,0.001891,172.217.194.0-255,1484,141337,17,301060
32642,0.001907,172.217.194.0-255,1484,142821,17,301060
32643,0.001911,172.31.36.0-255,66,142887,17,301060
32644,0.001926,172.217.194.0-255,1484,144371,17,301060
32645,0.001949,172.217.194.0-255,4320,148691,17,301060
32646,0.001952,172.31.36.0-255,66,148757,17,301060
32647,0.001964,172.217.194.0-255,1484,150241,17,301060
32648,0.001969,172.217.194.0-255,2902,153143,17,301060
32649,0.001971,172.31.36.0-255,66,153209,17,301060
32650,0.002,172.217.194.0-255,7156,160365,17,301060
32651,0.002004,172.31.36.0-255,66,160431,17,301060
32652,0.002015,172.217.194.0-255,2902,163333,17,301060
32653,0.002017,172.31.36.0-255,66,163399,17,301060
32654,0.002048,172.31.36.0-255,66,163465,17,301060
32655,0.002066,172.217.194.0-255,1484,164949,17,301060
32656,0.002089,172.217.194.0-255,2902,167851,17,301060
32657,0.002092,172.31.36.0-255,66,167917,17,301060
32658,0.002099,172.217.194.0-255,5738,173655,17,301060
32659,0.002101,172.31.36.0-255,66,173721,17,301060
32660,0.002106,172.217.194.0-255,2902,176623,17,301060
32661,0.002108,172.31.36.0-255,66,176689,17,301060
32662,0.002136,172.31.36.0-255,66,176755,17,301060
32663,0.002167,172.217.194.0-255,1484,178239,17,301060
32664,0.002189,172.217.194.0-255,5738,183977,17,301060
32665,0.002192,172.31.36.0-255,66,184043,17,301060
32666,0.002212,172.217.194.0-255,3602,187645,17,301060
32667,0.002215,172.31.36.0-255,66,187711,17,301060
32668,0.002364,172.217.194.0-255,1484,189195,17,301060
32669,0.002371,172.217.194.0-255,2902,192097,17,301060
32670,0.002374,172.31.36.0-255,66,192163,17,301060
32671,0.002379,172.217.194.0-255,2902,195065,17,301060
32672,0.002382,172.31.36.0-255,66,195131,17,301060
32673,0.002388,172.217.194.0-255,5738,200869,17,301060
32674,0.002391,172.31.36.0-255,66,200935,17,301060
32675,0.00241,172.217.194.0-255,1484,202419,17,301060
32676,0.002413,172.217.194.0-255,1484,203903,17,301060
32677,0.002415,172.31.36.0-255,66,203969,17,301060
32678,0.002457,172.31.36.0-255,66,204035,17,301060
32679,0.002481,172.217.194.0-255,5020,209055,17,301060
32680,0.002484,172.31.36.0-255,66,209121,17,301060
32681,0.002586,172.217.194.0-255,1484,210605,17,301060
32682,0.002592,172.217.194.0-255,2902,213507,17,301060
32683,0.002594,172.31.36.0-255,66,213573,17,301060
32684,0.002613,172.217.194.0-255,1484,215057,17,301060
32685,0.002633,172.217.194.0-255,2902,217959,17,301060
32686,0.002636,172.31.36.0-255,66,218025,17,301060
32687,0.002647,172.31.36.0-255,66,218091,17,301060
32688,0.00269,172.217.194.0-255,7156,225247,17,301060
32689,0.002693,172.31.36.0-255,66,225313,17,301060
32690,0.002714,172.217.194.0-255,4320,229633,17,301060
32691,0.002717,172.31.36.0-255,66,229699,17,301060
32692,0.002723,172.217.194.0-255,5020,234719,17,301060
32693,0.002725,172.31.36.0-255,66,234785,17,301060
32694,0.002728,172.217.194.0-255,1484,236269,17,301060
32695,0.002783,172.31.36.0-255,66,236335,17,301060
32696,0.00281,172.217.194.0-255,1484,237819,17,301060
32697,0.002878,172.217.194.0-255,4320,242139,17,301060
32698,0.002893,172.217.194.0-255,2902,245041,17,301060
32699,0.002916,172.217.194.0-255,4320,249361,17,301060
32700,0.002941,172.217.194.0-255,766,250127,17,301060
32701,0.002978,172.217.194.0-255,2902,253029,17,301060
32702,0.003006,172.217.194.0-255,4320,257349,17,301060
32703,0.003013,172.217.194.0-255,5738,263087,17,301060
32704,0.003016,172.217.194.0-255,1484,264571,17,301060
32705,0.003021,172.217.194.0-255,4320,268891,17,301060
32706,0.003037,172.217.194.0-255,1484,270375,17,301060
32707,0.003041,172.217.194.0-255,1484,271859,17,301060
32708,0.003061,172.217.194.0-255,7156,279015,17,301060
32709,0.003083,172.217.194.0-255,4320,283335,17,301060
32710,0.003086,172.217.194.0-255,766,284101,17,301060
32711,0.003088,172.217.194.0-255,1484,285585,17,301060
32712,0.003095,172.217.194.0-255,5738,291323,17,301060
32713,0.003099,172.217.194.0-255,1980,293303,17,301060
32714,0.003101,172.217.194.0-255,97,293400,17,301060
32715,0.003154,172.217.194.0-255,105,293505,17,301060
32716,0.008264,172.31.36.0-255,66,293571,17,301060
32717,0.010339,172.31.36.0-255,105,293676,17,301060
32718,0.01293,172.217.194.0-255,66,293742,17,301060
32719,0.032135,172.31.36.0-255,172,293914,17,301060
32720,0.032171,172.31.36.0-255,1116,295030,17,301060
32721,0.032235,172.31.36.0-255,1514,296544,17,301060
32722,0.032237,172.31.36.0-255,1514,298058,17,301060
32723,0.032238,172.31.36.0-255,1514,299572,17,301060
32724,0.032239,172.31.36.0-255,1050,300622,17,301060
32725,0.033643,104.244.42.0-255,66,300688,17,301060
32726,0.033711,104.244.42.0-255,66,300754,17,301060
32727,0.033813,104.244.42.0-255,66,300820,17,301060
32728,0.033831,104.244.42.0-255,66,300886,17,301060
32729,0.034446,104.244.42.0-255,108,300994,17,301060
32730,0.034453,172.31.36.0-255,66,301060,17,301060
32731,0.0,172.217.194.0-255,153,153,17,224445
32732,2.8e-05,172.31.36.0-255,66,219,17,224445
32733,3.4e-05,172.217.194.0-255,1484,1703,17,224445
32734,3.8e-05,172.31.36.0-255,66,1769,17,224445
32735,4.2e-05,172.217.194.0-255,2902,4671,17,224445
32736,4.6e-05,172.31.36.0-255,66,4737,17,224445
32737,6.3e-05,172.217.194.0-255,7156,11893,17,224445
32738,6.6e-05,172.31.36.0-255,66,11959,17,224445
32739,7e-05,172.217.194.0-255,2011,13970,17,224445
32740,7.3e-05,172.31.36.0-255,66,14036,17,224445
32741,0.00028,172.217.194.0-255,1484,15520,17,224445
32742,0.000285,172.31.36.0-255,66,15586,17,224445
32743,0.000316,172.217.194.0-255,2902,18488,17,224445
32744,0.000321,172.31.36.0-255,66,18554,17,224445
32745,0.000327,172.217.194.0-255,5738,24292,17,224445
32746,0.00033,172.31.36.0-255,66,24358,17,224445
32747,0.00037,172.31.36.0-255,66,24424,17,224445
32748,0.00038,172.31.36.0-255,66,24490,17,224445
32749,0.000424,172.31.36.0-255,66,24556,17,224445
32750,0.000436,172.31.36.0-255,66,24622,17,224445
32751,0.000652,172.217.194.0-255,646,25268,17,224445
32752,0.000656,172.31.36.0-255,66,25334,17,224445
32753,0.000869,172.217.194.0-255,1484,26818,17,224445
32754,0.000872,172.31.36.0-255,66,26884,17,224445
32755,0.0009,172.217.194.0-255,2902,29786,17,224445
32756,0.000903,172.31.36.0-255,66,29852,17,224445
32757,0.000908,172.217.194.0-255,4320,34172,17,224445
32758,0.00091,172.31.36.0-255,66,34238,17,224445
32759,0.000925,172.217.194.0-255,2902,37140,17,224445
32760,0.000928,172.31.36.0-255,66,37206,17,224445
32761,0.000949,172.217.194.0-255,5738,42944,17,224445
32762,0.000953,172.31.36.0-255,66,43010,17,224445
32763,0.000984,172.217.194.0-255,2902,45912,17,224445
32764,0.000987,172.31.36.0-255,66,45978,17,224445
32765,0.000993,172.217.194.0-255,4320,50298,17,224445
32766,0.000995,172.31.36.0-255,66,50364,17,224445
32767,0.001002,172.217.194.0-255,7156,57520,17,224445
32768,0.001004,172.31.36.0-255,66,57586,17,224445
32769,0.001032,172.217.194.0-255,1484,59070,17,224445
32770,0.001036,172.217.194.0-255,766,59836,17,224445
32771,0.001041,172.31.36.0-255,66,59902,17,224445
32772,0.001087,172.217.194.0-255,1484,61386,17,224445
32773,0.001113,172.217.194.0-255,2902,64288,17,224445
32774,0.001116,172.217.194.0-255,1484,65772,17,224445
32775,0.001117,172.31.36.0-255,66,65838,17,224445
32776,0.00114,172.217.194.0-255,4320,70158,17,224445
32777,0.001143,172.31.36.0-255,66,70224,17,224445
32778,0.001151,172.217.194.0-255,7156,77380,17,224445
32779,0.001154,172.31.36.0-255,66,77446,17,224445
32780,0.001188,172.217.194.0-255,2902,80348,17,224445
32781,0.001191,172.31.36.0-255,66,80414,17,224445
32782,0.001199,172.31.36.0-255,66,80480,17,224445
32783,0.001253,172.217.194.0-255,2184,82664,17,224445
32784,0.001257,172.31.36.0-255,66,82730,17,224445
32785,0.001285,172.217.194.0-255,1484,84214,17,224445
32786,0.001303,172.217.194.0-255,2902,87116,17,224445
32787,0.001305,172.31.36.0-255,66,87182,17,224445
32788,0.001311,172.217.194.0-255,2902,90084,17,224445
32789,0.001313,172.31.36.0-255,66,90150,17,224445
32790,0.001336,172.217.194.0-255,2902,93052,17,224445
32791,0.001338,172.31.36.0-255,66,93118,17,224445
32792,0.001345,172.217.194.0-255,7156,100274,17,224445
32793,0.001348,172.31.36.0-255,66,100340,17,224445
32794,0.001351,172.217.194.0-255,1484,101824,17,224445
32795,0.001393,172.31.36.0-255,66,101890,17,224445
32796,0.001397,172.217.194.0-255,2184,104074,17,224445
32797,0.001399,172.31.36.0-255,66,104140,17,224445
32798,0.001618,172.217.194.0-255,1484,105624,17,224445
32799,0.001624,172.217.194.0-255,2902,108526,17,224445
32800,0.001627,172.31.36.0-255,66,108592,17,224445
32801,0.001656,172.217.194.0-255,5738,114330,17,224445
32802,0.001659,172.31.36.0-255,66,114396,17,224445
32803,0.001683,172.31.36.0-255,66,114462,17,224445
32804,0.00171,172.217.194.0-255,4320,118782,17,224445
32805,0.001713,172.31.36.0-255,66,118848,17,224445
32806,0.00173,172.31.36.0-255,66,118914,17,224445
32807,0.001733,172.217.194.0-255,766,119680,17,224445
32808,0.001829,172.217.194.0-255,1484,121164,17,224445
32809,0.001833,172.31.36.0-255,66,121230,17,224445
32810,0.001838,172.217.194.0-255,2902,124132,17,224445
32811,0.00184,172.31.36.0-255,66,124198,17,224445
32812,0.001861,172.217.194.0-255,5738,129936,17,224445
32813,0.001865,172.31.36.0-255,66,130002,17,224445
32814,0.001869,172.217.194.0-255,2902,132904,17,224445
32815,0.001871,172.31.36.0-255,66,132970,17,224445
32816,0.001917,172.31.36.0-255,66,133036,17,224445
32817,0.001928,172.31.36.0-255,66,133102,17,224445
32818,0.001932,172.217.194.0-255,2184,135286,17,224445
32819,0.001935,172.31.36.0-255,66,135352,17,224445
32820,0.002014,172.217.194.0-255,1484,136836,17,224445
32821,0.002019,172.217.194.0-255,2902,139738,17,224445
32822,0.002021,172.31.36.0-255,66,139804,17,224445
32823,0.00206,172.217.194.0-255,5738,145542,17,224445
32824,0.002064,172.31.36.0-255,66,145608,17,224445
32825,0.002076,172.217.194.0-255,7156,152764,17,224445
32826,0.002085,172.31.36.0-255,66,152830,17,224445
32827,0.002099,172.31.36.0-255,66,152896,17,224445
32828,0.002103,172.217.194.0-255,2184,155080,17,224445
32829,0.002105,172.31.36.0-255,66,155146,17,224445
32830,0.002145,172.217.194.0-255,2902,158048,17,224445
32831,0.002149,172.31.36.0-255,66,158114,17,224445
32832,0.002177,172.217.194.0-255,4320,162434,17,224445
32833,0.00218,172.31.36.0-255,66,162500,17,224445
32834,0.002191,172.31.36.0-255,66,162566,17,224445
32835,0.002223,172.31.36.0-255,66,162632,17,224445
32836,0.002245,172.217.194.0-255,5738,168370,17,224445
32837,0.002248,172.31.36.0-255,66,168436,17,224445
32838,0.002259,172.31.36.0-255,66,168502,17,224445
32839,0.002298,172.217.194.0-255,6438,174940,17,224445
32840,0.002302,172.31.36.0-255,66,175006,17,224445
32841,0.002313,172.31.36.0-255,66,175072,17,224445
32842,0.002326,172.31.36.0-255,66,175138,17,224445
32843,0.002408,172.31.36.0-255,66,175204,17,224445
32844,0.002414,172.217.194.0-255,5738,180942,17,224445
32845,0.002417,172.31.36.0-255,66,181008,17,224445
32846,0.00242,172.217.194.0-255,1484,182492,17,224445
32847,0.002445,172.217.194.0-255,5738,188230,17,224445
32848,0.002448,172.31.36.0-255,66,188296,17,224445
32849,0.002491,172.31.36.0-255,66,188362,17,224445
32850,0.00261,172.217.194.0-255,1484,189846,17,224445
32851,0.002614,172.217.194.0-255,1484,191330,17,224445
32852,0.002616,172.31.36.0-255,66,191396,17,224445
32853,0.002643,172.217.194.0-255,1484,192880,17,224445
32854,0.002649,172.217.194.0-255,5738,198618,17,224445
32855,0.002652,172.31.36.0-255,66,198684,17,224445
32856,0.002657,172.217.194.0-255,2902,201586,17,224445
32857,0.002659,172.31.36.0-255,66,201652,17,224445
32858,0.002693,172.217.194.0-255,7156,208808,17,224445
32859,0.002697,172.31.36.0-255,66,208874,17,224445
32860,0.0027,172.217.194.0-255,1484,210358,17,224445
32861,0.002738,172.31.36.0-255,66,210424,17,224445
32862,0.002766,172.217.194.0-255,4320,214744,17,224445
32863,0.002769,172.31.36.0-255,66,214810,17,224445
32864,0.002797,172.217.194.0-255,4956,219766,17,224445
32865,0.0028,172.31.36.0-255,66,219832,17,224445
32866,0.002804,172.217.194.0-255,105,219937,17,224445
32867,0.003803,172.31.36.0-255,66,220003,17,224445
32868,0.003833,172.31.36.0-255,105,220108,17,224445
32869,0.006391,172.217.194.0-255,66,220174,17,224445
32870,0.031987,172.31.36.0-255,171,220345,17,224445
32871,0.032023,172.31.36.0-255,1140,221485,17,224445
32872,0.032063,172.31.36.0-255,1514,222999,17,224445
32873,0.032065,172.31.36.0-255,1248,224247,17,224445
32874,0.033523,104.244.42.0-255,66,224313,17,224445
32875,0.033533,104.244.42.0-255,66,224379,17,224445
32876,0.033635,104.244.42.0-255,66,224445,17,224445
32877,0.0,172.31.36.0-255,105,105,17,459
32878,0.000252,172.31.36.0-255,90,195,17,459
32879,0.000264,172.31.36.0-255,66,261,17,459
32880,0.002564,74.125.200.0-255,66,327,17,459
32881,0.002586,74.125.200.0-255,66,393,17,459
32882,0.002602,172.31.36.0-255,66,459,17,459
32883,0.0,74.125.24.0-255,154,154,17,200718
32884,2.4e-05,172.31.36.0-255,66,220,17,200718
32885,3e-05,74.125.24.0-255,1484,1704,17,200718
32886,3.4e-05,172.31.36.0-255,66,1770,17,200718
32887,3.9e-05,74.125.24.0-255,2902,4672,17,200718
32888,4.3e-05,172.31.36.0-255,66,4738,17,200718
32889,4.8e-05,74.125.24.0-255,4320,9058,17,200718
32890,5.1e-05,172.31.36.0-255,66,9124,17,200718
32891,8.5e-05,172.31.36.0-255,66,9190,17,200718
32892,0.000111,172.31.36.0-255,66,9256,17,200718
32893,0.000129,74.125.24.0-255,1484,10740,17,200718
32894,0.000131,172.31.36.0-255,66,10806,17,200718
32895,0.000136,74.125.24.0-255,2543,13349,17,200718
32896,0.000138,172.31.36.0-255,66,13415,17,200718
32897,0.000184,74.125.24.0-255,2902,16317,17,200718
32898,0.000187,172.31.36.0-255,66,16383,17,200718
32899,0.000208,74.125.24.0-255,4320,20703,17,200718
32900,0.000211,172.31.36.0-255,66,20769,17,200718
32901,0.000221,172.31.36.0-255,66,20835,17,200718
32902,0.00025,74.125.24.0-255,4320,25155,17,200718
32903,0.000253,172.31.36.0-255,66,25221,17,200718
32904,0.000288,172.31.36.0-255,66,25287,17,200718
32905,0.000291,74.125.24.0-255,362,25649,17,200718
32906,0.000293,172.31.36.0-255,66,25715,17,200718
32907,0.000315,74.125.24.0-255,131,25846,17,200718
32908,0.000318,172.31.36.0-255,66,25912,17,200718
32909,0.000466,74.125.24.0-255,1484,27396,17,200718
32910,0.00047,172.31.36.0-255,66,27462,17,200718
32911,0.000476,74.125.24.0-255,2902,30364,17,200718
32912,0.000486,172.31.36.0-255,66,30430,17,200718
32913,0.000494,74.125.24.0-255,5738,36168,17,200718
32914,0.000506,172.31.36.0-255,66,36234,17,200718
32915,0.000554,74.125.24.0-255,346,36580,17,200718
32916,0.000557,172.31.36.0-255,66,36646,17,200718
32917,0.000932,74.125.24.0-255,1484,38130,17,200718
32918,0.000937,172.31.36.0-255,66,38196,17,200718
32919,0.000943,74.125.24.0-255,2902,41098,17,200718
32920,0.000961,172.31.36.0-255,66,41164,17,200718
32921,0.000961,74.125.24.0-255,1484,42648,17,200718
32922,0.00098,74.125.24.0-255,4320,46968,17,200718
32923,0.000988,74.125.24.0-255,5738,52706,17,200718
32924,0.000993,172.31.36.0-255,66,52772,17,200718
32925,0.001028,172.31.36.0-255,66,52838,17,200718
32926,0.001035,74.125.24.0-255,5020,57858,17,200718
32927,0.001044,172.31.36.0-255,66,57924,17,200718
32928,0.001667,74.125.24.0-255,1484,59408,17,200718
32929,0.001695,74.125.24.0-255,2902,62310,17,200718
32930,0.0017,172.31.36.0-255,66,62376,17,200718
32931,0.001708,74.125.24.0-255,5738,68114,17,200718
32932,0.001746,74.125.24.0-255,2902,71016,17,200718
32933,0.001805,74.125.24.0-255,2902,73918,17,200718
32934,0.001849,74.125.24.0-255,2184,76102,17,200718
32935,0.001889,74.125.24.0-255,1484,77586,17,200718
32936,0.001941,74.125.24.0-255,5738,83324,17,200718
32937,0.001956,172.31.36.0-255,66,83390,17,200718
32938,0.001964,74.125.24.0-255,7156,90546,17,200718
32939,0.001969,74.125.24.0-255,4320,94866,17,200718
32940,0.001976,172.31.36.0-255,66,94932,17,200718
32941,0.00205,74.125.24.0-255,7156,102088,17,200718
32942,0.002068,74.125.24.0-255,1484,103572,17,200718
32943,0.002084,172.31.36.0-255,66,103638,17,200718
32944,0.002109,74.125.24.0-255,4320,107958,17,200718
32945,0.002172,172.31.36.0-255,66,108024,17,200718
32946,0.002189,74.125.24.0-255,766,108790,17,200718
32947,0.002232,172.31.36.0-255,66,108856,17,200718
32948,0.004303,74.125.24.0-255,5738,114594,17,200718
32949,0.004309,172.31.36.0-255,66,114660,17,200718
32950,0.006403,74.125.24.0-255,5738,120398,17,200718
32951,0.00641,172.31.36.0-255,66,120464,17,200718
32952,0.008496,74.125.24.0-255,5738,126202,17,200718
32953,0.008503,172.31.36.0-255,66,126268,17,200718
32954,0.010567,74.125.24.0-255,5738,132006,17,200718
32955,0.010574,172.31.36.0-255,66,132072,17,200718
32956,0.012632,74.125.24.0-255,5738,137810,17,200718
32957,0.012639,172.31.36.0-255,66,137876,17,200718
32958,0.014716,74.125.24.0-255,5738,143614,17,200718
32959,0.014731,172.31.36.0-255,66,143680,17,200718
32960,0.016813,74.125.24.0-255,5738,149418,17,200718
32961,0.016823,172.31.36.0-255,66,149484,17,200718
32962,0.018906,74.125.24.0-255,5738,155222,17,200718
32963,0.018913,172.31.36.0-255,66,155288,17,200718
32964,0.020969,74.125.24.0-255,5738,161026,17,200718
32965,0.020974,172.31.36.0-255,66,161092,17,200718
32966,0.023045,74.125.24.0-255,5738,166830,17,200718
32967,0.023052,172.31.36.0-255,66,166896,17,200718
32968,0.025119,74.125.24.0-255,5738,172634,17,200718
32969,0.025126,172.31.36.0-255,66,172700,17,200718
32970,0.027178,74.125.24.0-255,5738,178438,17,200718
32971,0.027185,172.31.36.0-255,66,178504,17,200718
32972,0.029249,74.125.24.0-255,5738,184242,17,200718
32973,0.029257,172.31.36.0-255,66,184308,17,200718
32974,0.031334,74.125.24.0-255,5738,190046,17,200718
32975,0.031341,172.31.36.0-255,66,190112,17,200718
32976,0.033398,74.125.24.0-255,5738,195850,17,200718
32977,0.033405,172.31.36.0-255,66,195916,17,200718
32978,0.035294,172.31.36.0-255,172,196088,17,200718
32979,0.035346,172.31.36.0-255,1117,197205,17,200718
32980,0.035423,172.31.36.0-255,1514,198719,17,200718
32981,0.035425,172.31.36.0-255,1271,199990,17,200718
32982,0.035438,74.125.24.0-255,119,200109,17,200718
32983,0.035694,172.31.36.0-255,66,200175,17,200718
32984,0.035741,172.31.36.0-255,105,200280,17,200718
32985,0.036821,104.244.42.0-255,66,200346,17,200718
32986,0.036925,104.244.42.0-255,66,200412,17,200718
32987,0.037018,104.244.42.0-255,66,200478,17,200718
32988,0.03764,104.244.42.0-255,108,200586,17,200718
32989,0.037651,172.31.36.0-255,66,200652,17,200718
32990,0.03775,74.125.24.0-255,66,200718,17,200718
32991,0.0,74.125.24.0-255,146,146,17,288724
32992,2.3e-05,172.31.36.0-255,66,212,17,288724
32993,3e-05,74.125.24.0-255,1484,1696,17,288724
32994,3.4e-05,172.31.36.0-255,66,1762,17,288724
32995,4e-05,74.125.24.0-255,2902,4664,17,288724
32996,4.2e-05,172.31.36.0-255,66,4730,17,288724
32997,5e-05,74.125.24.0-255,7156,11886,17,288724
32998,5.2e-05,172.31.36.0-255,66,11952,17,288724
32999,6.8e-05,74.125.24.0-255,1484,13436,17,288724
33000,7.3e-05,172.31.36.0-255,66,13502,17,288724
33001,8.3e-05,74.125.24.0-255,6302,19804,17,288724
33002,8.6e-05,172.31.36.0-255,66,19870,17,288724
33003,9.3e-05,74.125.24.0-255,4320,24190,17,288724
33004,9.6e-05,172.31.36.0-255,66,24256,17,288724
33005,0.000121,74.125.24.0-255,4320,28576,17,288724
33006,0.000124,172.31.36.0-255,66,28642,17,288724
33007,0.000127,74.125.24.0-255,2543,31185,17,288724
33008,0.000129,172.31.36.0-255,66,31251,17,288724
33009,0.000349,74.125.24.0-255,1484,32735,17,288724
33010,0.000354,172.31.36.0-255,66,32801,17,288724
33011,0.000359,74.125.24.0-255,2902,35703,17,288724
33012,0.000362,172.31.36.0-255,66,35769,17,288724
33013,0.000376,74.125.24.0-255,2902,38671,17,288724
33014,0.000379,172.31.36.0-255,66,38737,17,288724
33015,0.000394,74.125.24.0-255,4320,43057,17,288724
33016,0.000398,172.31.36.0-255,66,43123,17,288724
33017,0.000422,74.125.24.0-255,2902,46025,17,288724
33018,0.000426,172.31.36.0-255,66,46091,17,288724
33019,0.00043,74.125.24.0-255,2902,48993,17,288724
33020,0.000432,172.31.36.0-255,66,49059,17,288724
33021,0.000455,172.31.36.0-255,66,49125,17,288724
33022,0.000472,74.125.24.0-255,1484,50609,17,288724
33023,0.000492,74.125.24.0-255,3602,54211,17,288724
33024,0.000495,172.31.36.0-255,66,54277,17,288724
33025,0.000515,74.125.24.0-255,645,54922,17,288724
33026,0.000546,74.125.24.0-255,1484,56406,17,288724
33027,0.000554,172.31.36.0-255,66,56472,17,288724
33028,0.000572,74.125.24.0-255,4320,60792,17,288724
33029,0.000589,172.31.36.0-255,66,60858,17,288724
33030,0.000592,74.125.24.0-255,2902,63760,17,288724
33031,0.000604,172.31.36.0-255,66,63826,17,288724
33032,0.000609,74.125.24.0-255,4320,68146,17,288724
33033,0.000618,172.31.36.0-255,66,68212,17,288724
33034,0.000645,172.31.36.0-255,66,68278,17,288724
33035,0.000651,74.125.24.0-255,2902,71180,17,288724
33036,0.000657,74.125.24.0-255,5738,76918,17,288724
33037,0.000659,172.31.36.0-255,66,76984,17,288724
33038,0.000664,172.31.36.0-255,66,77050,17,288724
33039,0.000685,74.125.24.0-255,2184,79234,17,288724
33040,0.000689,172.31.36.0-255,66,79300,17,288724
33041,0.000817,74.125.24.0-255,1484,80784,17,288724
33042,0.000822,74.125.24.0-255,1484,82268,17,288724
33043,0.000825,172.31.36.0-255,66,82334,17,288724
33044,0.000843,74.125.24.0-255,1484,83818,17,288724
33045,0.00085,74.125.24.0-255,5738,89556,17,288724
33046,0.000865,172.31.36.0-255,66,89622,17,288724
33047,0.000869,74.125.24.0-255,7156,96778,17,288724
33048,0.000883,74.125.24.0-255,5738,102516,17,288724
33049,0.000888,172.31.36.0-255,66,102582,17,288724
33050,0.000905,74.125.24.0-255,4320,106902,17,288724
33051,0.000907,172.31.36.0-255,66,106968,17,288724
33052,0.000935,74.125.24.0-255,6438,113406,17,288724
33053,0.000943,172.31.36.0-255,66,113472,17,288724
33054,0.000991,74.125.24.0-255,1484,114956,17,288724
33055,0.001042,74.125.24.0-255,2902,117858,17,288724
33056,0.001048,172.31.36.0-255,66,117924,17,288724
33057,0.00105,74.125.24.0-255,5738,123662,17,288724
33058,0.001059,172.31.36.0-255,66,123728,17,288724
33059,0.001065,74.125.24.0-255,4320,128048,17,288724
33060,0.001072,172.31.36.0-255,66,128114,17,288724
33061,0.001091,74.125.24.0-255,4320,132434,17,288724
33062,0.001095,74.125.24.0-255,2184,134618,17,288724
33063,0.001097,172.31.36.0-255,66,134684,17,288724
33064,0.001102,172.31.36.0-255,66,134750,17,288724
33065,0.001137,74.125.24.0-255,2902,137652,17,288724
33066,0.001143,172.31.36.0-255,66,137718,17,288724
33067,0.001162,74.125.24.0-255,7156,144874,17,288724
33068,0.001179,172.31.36.0-255,66,144940,17,288724
33069,0.001187,74.125.24.0-255,2902,147842,17,288724
33070,0.001193,172.31.36.0-255,66,147908,17,288724
33071,0.001208,74.125.24.0-255,2902,150810,17,288724
33072,0.001208,172.31.36.0-255,66,150876,17,288724
33073,0.001213,172.31.36.0-255,66,150942,17,288724
33074,0.001224,74.125.24.0-255,5738,156680,17,288724
33075,0.00123,172.31.36.0-255,66,156746,17,288724
33076,0.001242,74.125.24.0-255,3602,160348,17,288724
33077,0.001245,74.125.24.0-255,1484,161832,17,288724
33078,0.001256,172.31.36.0-255,66,161898,17,288724
33079,0.001261,74.125.24.0-255,7156,169054,17,288724
33080,0.001272,172.31.36.0-255,66,169120,17,288724
33081,0.001275,74.125.24.0-255,4320,173440,17,288724
33082,0.001286,172.31.36.0-255,66,173506,17,288724
33083,0.001301,74.125.24.0-255,5738,179244,17,288724
33084,0.00131,172.31.36.0-255,66,179310,17,288724
33085,0.00133,172.31.36.0-255,66,179376,17,288724
33086,0.001338,74.125.24.0-255,2902,182278,17,288724
33087,0.001341,74.125.24.0-255,2184,184462,17,288724
33088,0.001343,172.31.36.0-255,66,184528,17,288724
33089,0.001348,172.31.36.0-255,66,184594,17,288724
33090,0.001383,74.125.24.0-255,1484,186078,17,288724
33091,0.001404,74.125.24.0-255,2902,188980,17,288724
33092,0.001408,74.125.24.0-255,2902,191882,17,288724
33093,0.001413,172.31.36.0-255,66,191948,17,288724
33094,0.001427,74.125.24.0-255,2902,194850,17,288724
33095,0.001432,74.125.24.0-255,4320,199170,17,288724
33096,0.00144,172.31.36.0-255,66,199236,17,288724
33097,0.00146,74.125.24.0-255,7156,206392,17,288724
33098,0.001464,172.31.36.0-255,66,206458,17,288724
33099,0.001482,74.125.24.0-255,1484,207942,17,288724
33100,0.001505,74.125.24.0-255,2184,210126,17,288724
33101,0.001511,172.31.36.0-255,66,210192,17,288724
33102,0.001525,74.125.24.0-255,2902,213094,17,288724
33103,0.001534,172.31.36.0-255,66,213160,17,288724
33104,0.001542,74.125.24.0-255,1484,214644,17,288724
33105,0.001555,74.125.24.0-255,4320,218964,17,288724
33106,0.001562,172.31.36.0-255,66,219030,17,288724
33107,0.001569,74.125.24.0-255,1484,220514,17,288724
33108,0.001574,74.125.24.0-255,4320,224834,17,288724
33109,0.001576,172.31.36.0-255,66,224900,17,288724
33110,0.001596,74.125.24.0-255,1484,226384,17,288724
33111,0.001602,74.125.24.0-255,5738,232122,17,288724
33112,0.001609,172.31.36.0-255,66,232188,17,288724
33113,0.001628,172.31.36.0-255,66,232254,17,288724
33114,0.001646,74.125.24.0-255,3602,235856,17,288724
33115,0.001656,172.31.36.0-255,66,235922,17,288724
33116,0.001684,74.125.24.0-255,1484,237406,17,288724
33117,0.001696,74.125.24.0-255,2902,240308,17,288724
33118,0.001699,172.31.36.0-255,66,240374,17,288724
33119,0.001716,74.125.24.0-255,4320,244694,17,288724
33120,0.001724,172.31.36.0-255,66,244760,17,288724
33121,0.001726,74.125.24.0-255,1484,246244,17,288724
33122,0.001729,74.125.24.0-255,1484,247728,17,288724
33123,0.001738,172.31.36.0-255,66,247794,17,288724
33124,0.001743,74.125.24.0-255,1484,249278,17,288724
33125,0.001793,74.125.24.0-255,2902,252180,17,288724
33126,0.001797,172.31.36.0-255,66,252246,17,288724
33127,0.001825,74.125.24.0-255,7156,259402,17,288724
33128,0.001832,172.31.36.0-255,66,259468,17,288724
33129,0.001844,172.31.36.0-255,66,259534,17,288724
33130,0.001877,74.125.24.0-255,1484,261018,17,288724
33131,0.001882,74.125.24.0-255,2902,263920,17,288724
33132,0.001892,172.31.36.0-255,66,263986,17,288724
33133,0.001897,74.125.24.0-255,2902,266888,17,288724
33134,0.0019,172.31.36.0-255,66,266954,17,288724
33135,0.001917,74.125.24.0-255,2902,269856,17,288724
33136,0.00193,172.31.36.0-255,66,269922,17,288724
33137,0.001935,74.125.24.0-255,4320,274242,17,288724
33138,0.001949,172.31.36.0-255,66,274308,17,288724
33139,0.001964,172.31.36.0-255,66,274374,17,288724
33140,0.001969,172.31.36.0-255,66,274440,17,288724
33141,0.001998,74.125.24.0-255,766,275206,17,288724
33142,0.002016,172.31.36.0-255,66,275272,17,288724
33143,0.002028,172.31.36.0-255,66,275338,17,288724
33144,0.002055,74.125.24.0-255,1484,276822,17,288724
33145,0.002074,74.125.24.0-255,7156,283978,17,288724
33146,0.002083,172.31.36.0-255,66,284044,17,288724
33147,0.00211,74.125.24.0-255,105,284149,17,288724
33148,0.002111,172.31.36.0-255,66,284215,17,288724
33149,0.007913,172.31.36.0-255,66,284281,17,288724
33150,0.007943,172.31.36.0-255,105,284386,17,288724
33151,0.010207,74.125.24.0-255,66,284452,17,288724
33152,0.030392,172.31.36.0-255,172,284624,17,288724
33153,0.030421,172.31.36.0-255,1117,285741,17,288724
33154,0.030465,172.31.36.0-255,1514,287255,17,288724
33155,0.030467,172.31.36.0-255,1271,288526,17,288724
33156,0.031953,104.244.42.0-255,66,288592,17,288724
33157,0.032143,104.244.42.0-255,66,288658,17,288724
33158,0.032146,104.244.42.0-255,66,288724,17,288724
33159,0.0,172.217.194.0-255,143,143,17,345430
33160,3e-05,172.31.36.0-255,66,209,17,345430
33161,3.7e-05,172.217.194.0-255,1484,1693,17,345430
33162,4.1e-05,172.31.36.0-255,66,1759,17,345430
33163,4.5e-05,172.217.194.0-255,2902,4661,17,345430
33164,4.7e-05,172.31.36.0-255,66,4727,17,345430
33165,7.9e-05,172.217.194.0-255,7156,11883,17,345430
33166,8.2e-05,172.31.36.0-255,66,11949,17,345430
33167,8.6e-05,172.217.194.0-255,2103,14052,17,345430
33168,8.7e-05,172.31.36.0-255,66,14118,17,345430
33169,0.00012,172.217.194.0-255,1484,15602,17,345430
33170,0.000122,172.31.36.0-255,66,15668,17,345430
33171,0.000127,172.217.194.0-255,2902,18570,17,345430
33172,0.00013,172.31.36.0-255,66,18636,17,345430
33173,0.000144,172.217.194.0-255,2902,21538,17,345430
33174,0.000147,172.31.36.0-255,66,21604,17,345430
33175,0.000162,172.217.194.0-255,2902,24506,17,345430
33176,0.000164,172.31.36.0-255,66,24572,17,345430
33177,0.000191,172.217.194.0-255,6797,31369,17,345430
33178,0.000194,172.31.36.0-255,66,31435,17,345430
33179,0.000289,172.217.194.0-255,1484,32919,17,345430
33180,0.000293,172.31.36.0-255,66,32985,17,345430
33181,0.000297,172.217.194.0-255,2902,35887,17,345430
33182,0.000301,172.31.36.0-255,66,35953,17,345430
33183,0.000303,172.217.194.0-255,1484,37437,17,345430
33184,0.000306,172.31.36.0-255,66,37503,17,345430
33185,0.000332,172.217.194.0-255,4320,41823,17,345430
33186,0.000336,172.31.36.0-255,66,41889,17,345430
33187,0.000341,172.217.194.0-255,2902,44791,17,345430
33188,0.000343,172.31.36.0-255,66,44857,17,345430
33189,0.00037,172.31.36.0-255,66,44923,17,345430
33190,0.000379,172.217.194.0-255,1125,46048,17,345430
33191,0.000385,172.217.194.0-255,5738,51786,17,345430
33192,0.000388,172.31.36.0-255,66,51852,17,345430
33193,0.000422,172.217.194.0-255,2902,54754,17,345430
33194,0.000425,172.31.36.0-255,66,54820,17,345430
33195,0.000441,172.217.194.0-255,1421,56241,17,345430
33196,0.000559,172.217.194.0-255,381,56622,17,345430
33197,0.000563,172.31.36.0-255,66,56688,17,345430
33198,0.000862,172.217.194.0-255,1484,58172,17,345430
33199,0.000872,172.217.194.0-255,2902,61074,17,345430
33200,0.000875,172.31.36.0-255,66,61140,17,345430
33201,0.000879,172.217.194.0-255,1484,62624,17,345430
33202,0.0009,172.217.194.0-255,4320,66944,17,345430
33203,0.000903,172.31.36.0-255,66,67010,17,345430
33204,0.000936,172.31.36.0-255,66,67076,17,345430
33205,0.000948,172.31.36.0-255,66,67142,17,345430
33206,0.001474,172.217.194.0-255,1484,68626,17,345430
33207,0.001485,172.217.194.0-255,2902,71528,17,345430
33208,0.00149,172.31.36.0-255,66,71594,17,345430
33209,0.00151,172.217.194.0-255,5738,77332,17,345430
33210,0.001513,172.31.36.0-255,66,77398,17,345430
33211,0.001526,172.31.36.0-255,66,77464,17,345430
33212,0.001533,172.217.194.0-255,7156,84620,17,345430
33213,0.001535,172.31.36.0-255,66,84686,17,345430
33214,0.00154,172.217.194.0-255,3602,88288,17,345430
33215,0.001542,172.31.36.0-255,66,88354,17,345430
33216,0.002425,172.217.194.0-255,1484,89838,17,345430
33217,0.002434,172.217.194.0-255,2902,92740,17,345430
33218,0.002438,172.31.36.0-255,66,92806,17,345430
33219,0.002443,172.217.194.0-255,2902,95708,17,345430
33220,0.002445,172.31.36.0-255,66,95774,17,345430
33221,0.002466,172.217.194.0-255,2902,98676,17,345430
33222,0.002468,172.31.36.0-255,66,98742,17,345430
33223,0.002473,172.217.194.0-255,4320,103062,17,345430
33224,0.002474,172.31.36.0-255,66,103128,17,345430
33225,0.002481,172.217.194.0-255,7156,110284,17,345430
33226,0.002483,172.31.36.0-255,66,110350,17,345430
33227,0.002502,172.217.194.0-255,4320,114670,17,345430
33228,0.002504,172.31.36.0-255,66,114736,17,345430
33229,0.002507,172.217.194.0-255,1484,116220,17,345430
33230,0.005009,172.217.194.0-255,4320,120540,17,345430
33231,0.005014,172.31.36.0-255,66,120606,17,345430
33232,0.007515,172.217.194.0-255,5738,126344,17,345430
33233,0.007522,172.31.36.0-255,66,126410,17,345430
33234,0.009999,172.217.194.0-255,5738,132148,17,345430
33235,0.01001,172.31.36.0-255,66,132214,17,345430
33236,0.012521,172.217.194.0-255,5738,137952,17,345430
33237,0.012533,172.31.36.0-255,66,138018,17,345430
33238,0.015012,172.217.194.0-255,5738,143756,17,345430
33239,0.015027,172.31.36.0-255,66,143822,17,345430
33240,0.0175,172.217.194.0-255,5738,149560,17,345430
33241,0.017509,172.31.36.0-255,66,149626,17,345430
33242,0.019994,172.217.194.0-255,5738,155364,17,345430
33243,0.020002,172.31.36.0-255,66,155430,17,345430
33244,0.02248,172.217.194.0-255,5738,161168,17,345430
33245,0.022487,172.31.36.0-255,66,161234,17,345430
33246,0.023423,172.31.36.0-255,172,161406,17,345430
33247,0.023454,172.31.36.0-255,1117,162523,17,345430
33248,0.023491,172.31.36.0-255,1514,164037,17,345430
33249,0.023493,172.31.36.0-255,1271,165308,17,345430
33250,0.024975,172.217.194.0-255,5738,171046,17,345430
33251,0.02498,172.31.36.0-255,66,171112,17,345430
33252,0.025,104.244.42.0-255,66,171178,17,345430
33253,0.025006,104.244.42.0-255,66,171244,17,345430
33254,0.025057,104.244.42.0-255,66,171310,17,345430
33255,0.027455,172.217.194.0-255,5738,177048,17,345430
33256,0.027461,172.31.36.0-255,66,177114,17,345430
33257,0.02994,172.217.194.0-255,5738,182852,17,345430
33258,0.029946,172.31.36.0-255,66,182918,17,345430
33259,0.032416,172.217.194.0-255,5738,188656,17,345430
33260,0.032421,172.31.36.0-255,66,188722,17,345430
33261,0.0349,172.217.194.0-255,5738,194460,17,345430
33262,0.034907,172.31.36.0-255,66,194526,17,345430
33263,0.037402,172.217.194.0-255,5738,200264,17,345430
33264,0.037407,172.31.36.0-255,66,200330,17,345430
33265,0.039903,172.217.194.0-255,5738,206068,17,345430
33266,0.039911,172.31.36.0-255,66,206134,17,345430
33267,0.042404,172.217.194.0-255,5738,211872,17,345430
33268,0.042411,172.31.36.0-255,66,211938,17,345430
33269,0.044878,172.217.194.0-255,5738,217676,17,345430
33270,0.044883,172.31.36.0-255,66,217742,17,345430
33271,0.047368,172.217.194.0-255,5738,223480,17,345430
33272,0.047374,172.31.36.0-255,66,223546,17,345430
33273,0.049859,172.217.194.0-255,5738,229284,17,345430
33274,0.049864,172.31.36.0-255,66,229350,17,345430
33275,0.052329,172.217.194.0-255,5738,235088,17,345430
33276,0.052335,172.31.36.0-255,66,235154,17,345430
33277,0.054819,172.217.194.0-255,5738,240892,17,345430
33278,0.054824,172.31.36.0-255,66,240958,17,345430
33279,0.057309,172.217.194.0-255,5738,246696,17,345430
33280,0.057315,172.31.36.0-255,66,246762,17,345430
33281,0.059821,172.217.194.0-255,5738,252500,17,345430
33282,0.059826,172.31.36.0-255,66,252566,17,345430
33283,0.0623,172.217.194.0-255,5738,258304,17,345430
33284,0.062305,172.31.36.0-255,66,258370,17,345430
33285,0.0648,172.217.194.0-255,5738,264108,17,345430
33286,0.064805,172.31.36.0-255,66,264174,17,345430
33287,0.067294,172.217.194.0-255,5738,269912,17,345430
33288,0.0673,172.31.36.0-255,66,269978,17,345430
33289,0.069788,172.217.194.0-255,5738,275716,17,345430
33290,0.069793,172.31.36.0-255,66,275782,17,345430
33291,0.072275,172.217.194.0-255,5738,281520,17,345430
33292,0.07228,172.31.36.0-255,66,281586,17,345430
33293,0.074772,172.217.194.0-255,5738,287324,17,345430
33294,0.074778,172.31.36.0-255,66,287390,17,345430
33295,0.07725,172.217.194.0-255,5738,293128,17,345430
33296,0.077256,172.31.36.0-255,66,293194,17,345430
33297,0.079721,172.217.194.0-255,5738,298932,17,345430
33298,0.079726,172.31.36.0-255,66,298998,17,345430
33299,0.082215,172.217.194.0-255,5738,304736,17,345430
33300,0.082222,172.31.36.0-255,66,304802,17,345430
33301,0.084718,172.217.194.0-255,5738,310540,17,345430
33302,0.084724,172.31.36.0-255,66,310606,17,345430
33303,0.087228,172.217.194.0-255,5738,316344,17,345430
33304,0.087234,172.31.36.0-255,66,316410,17,345430
33305,0.089723,172.217.194.0-255,5738,322148,17,345430
33306,0.089729,172.31.36.0-255,66,322214,17,345430
33307,0.092195,172.217.194.0-255,5738,327952,17,345430
33308,0.092202,172.31.36.0-255,66,328018,17,345430
33309,0.094688,172.217.194.0-255,5738,333756,17,345430
33310,0.094694,172.31.36.0-255,66,333822,17,345430
33311,0.097154,172.217.194.0-255,5738,339560,17,345430
33312,0.097159,172.31.36.0-255,66,339626,17,345430
33313,0.099657,172.217.194.0-255,5738,345364,17,345430
33314,0.099663,172.31.36.0-255,66,345430,17,345430
33315,0.0,172.253.118.0-255,151,151,17,242894
33316,1.9e-05,172.31.36.0-255,66,217,17,242894
33317,2.6e-05,172.253.118.0-255,1484,1701,17,242894
33318,3.1e-05,172.31.36.0-255,66,1767,17,242894
33319,3.7e-05,172.253.118.0-255,2902,4669,17,242894
33320,4.1e-05,172.31.36.0-255,66,4735,17,242894
33321,4.9e-05,172.253.118.0-255,7156,11891,17,242894
33322,5.2e-05,172.31.36.0-255,66,11957,17,242894
33323,5.7e-05,172.253.118.0-255,2103,14060,17,242894
33324,6e-05,172.31.36.0-255,66,14126,17,242894
33325,0.000104,172.253.118.0-255,2902,17028,17,242894
33326,0.000107,172.31.36.0-255,66,17094,17,242894
33327,0.000112,172.253.118.0-255,2902,19996,17,242894
33328,0.000114,172.31.36.0-255,66,20062,17,242894
33329,0.000133,172.253.118.0-255,1484,21546,17,242894
33330,0.000135,172.31.36.0-255,66,21612,17,242894
33331,0.000147,172.31.36.0-255,66,21678,17,242894
33332,0.00015,172.253.118.0-255,1125,22803,17,242894
33333,0.000152,172.31.36.0-255,66,22869,17,242894
33334,0.000318,172.253.118.0-255,1484,24353,17,242894
33335,0.000323,172.31.36.0-255,66,24419,17,242894
33336,0.000329,172.253.118.0-255,2902,27321,17,242894
33337,0.000333,172.31.36.0-255,66,27387,17,242894
33338,0.000337,172.253.118.0-255,2902,30289,17,242894
33339,0.00034,172.31.36.0-255,66,30355,17,242894
33340,0.000346,172.253.118.0-255,4320,34675,17,242894
33341,0.000348,172.31.36.0-255,66,34741,17,242894
33342,0.000372,172.253.118.0-255,7156,41897,17,242894
33343,0.000375,172.31.36.0-255,66,41963,17,242894
33344,0.000402,172.253.118.0-255,2543,44506,17,242894
33345,0.000405,172.31.36.0-255,66,44572,17,242894
33346,0.000417,172.31.36.0-255,66,44638,17,242894
33347,0.000435,172.253.118.0-255,2840,47478,17,242894
33348,0.000438,172.31.36.0-255,66,47544,17,242894
33349,0.000502,172.253.118.0-255,1484,49028,17,242894
33350,0.000509,172.253.118.0-255,2902,51930,17,242894
33351,0.000512,172.31.36.0-255,66,51996,17,242894
33352,0.00052,172.253.118.0-255,5738,57734,17,242894
33353,0.000523,172.31.36.0-255,66,57800,17,242894
33354,0.000554,172.253.118.0-255,7090,64890,17,242894
33355,0.000559,172.31.36.0-255,66,64956,17,242894
33356,0.000595,172.31.36.0-255,66,65022,17,242894
33357,0.000599,172.253.118.0-255,2543,67565,17,242894
33358,0.000601,172.31.36.0-255,66,67631,17,242894
33359,0.000635,172.253.118.0-255,1484,69115,17,242894
33360,0.000638,172.253.118.0-255,1484,70599,17,242894
33361,0.000641,172.31.36.0-255,66,70665,17,242894
33362,0.000656,172.253.118.0-255,1484,72149,17,242894
33363,0.000663,172.253.118.0-255,5738,77887,17,242894
33364,0.000665,172.31.36.0-255,66,77953,17,242894
33365,0.000721,172.31.36.0-255,66,78019,17,242894
33366,0.000741,172.253.118.0-255,5738,83757,17,242894
33367,0.000745,172.31.36.0-255,66,83823,17,242894
33368,0.000754,172.253.118.0-255,5020,88843,17,242894
33369,0.000757,172.31.36.0-255,66,88909,17,242894
33370,0.000804,172.253.118.0-255,1484,90393,17,242894
33371,0.00081,172.253.118.0-255,2902,93295,17,242894
33372,0.000813,172.31.36.0-255,66,93361,17,242894
33373,0.000834,172.253.118.0-255,5738,99099,17,242894
33374,0.000837,172.31.36.0-255,66,99165,17,242894
33375,0.000843,172.253.118.0-255,5738,104903,17,242894
33376,0.000846,172.31.36.0-255,66,104969,17,242894
33377,0.000885,172.31.36.0-255,66,105035,17,242894
33378,0.000892,172.253.118.0-255,5020,110055,17,242894
33379,0.000894,172.31.36.0-255,66,110121,17,242894
33380,0.000956,172.253.118.0-255,1484,111605,17,242894
33381,0.000962,172.253.118.0-255,2902,114507,17,242894
33382,0.000965,172.31.36.0-255,66,114573,17,242894
33383,0.00097,172.253.118.0-255,2902,117475,17,242894
33384,0.000972,172.31.36.0-255,66,117541,17,242894
33385,0.000986,172.253.118.0-255,2902,120443,17,242894
33386,0.000989,172.31.36.0-255,66,120509,17,242894
33387,0.000995,172.253.118.0-255,4320,124829,17,242894
33388,0.000997,172.31.36.0-255,66,124895,17,242894
33389,0.001002,172.253.118.0-255,2902,127797,17,242894
33390,0.001004,172.31.36.0-255,66,127863,17,242894
33391,0.001027,172.253.118.0-255,2902,130765,17,242894
33392,0.00103,172.31.36.0-255,66,130831,17,242894
33393,0.001043,172.31.36.0-255,66,130897,17,242894
33394,0.001047,172.253.118.0-255,2184,133081,17,242894
33395,0.00105,172.31.36.0-255,66,133147,17,242894
33396,0.001117,172.253.118.0-255,1484,134631,17,242894
33397,0.001123,172.253.118.0-255,2902,137533,17,242894
33398,0.001126,172.31.36.0-255,66,137599,17,242894
33399,0.001133,172.253.118.0-255,5738,143337,17,242894
33400,0.001135,172.31.36.0-255,66,143403,17,242894
33401,0.001139,172.253.118.0-255,1484,144887,17,242894
33402,0.00116,172.253.118.0-255,2902,147789,17,242894
33403,0.001163,172.31.36.0-255,66,147855,17,242894
33404,0.001166,172.253.118.0-255,1484,149339,17,242894
33405,0.00119,172.31.36.0-255,66,149405,17,242894
33406,0.001195,172.253.118.0-255,2902,152307,17,242894
33407,0.001197,172.31.36.0-255,66,152373,17,242894
33408,0.001218,172.253.118.0-255,5020,157393,17,242894
33409,0.001221,172.31.36.0-255,66,157459,17,242894
33410,0.001249,172.253.118.0-255,1484,158943,17,242894
33411,0.001254,172.253.118.0-255,2902,161845,17,242894
33412,0.001256,172.31.36.0-255,66,161911,17,242894
33413,0.001275,172.253.118.0-255,5738,167649,17,242894
33414,0.00128,172.31.36.0-255,66,167715,17,242894
33415,0.001292,172.253.118.0-255,2902,170617,17,242894
33416,0.001294,172.31.36.0-255,66,170683,17,242894
33417,0.001336,172.253.118.0-255,5738,176421,17,242894
33418,0.001346,172.31.36.0-255,66,176487,17,242894
33419,0.001349,172.31.36.0-255,66,176553,17,242894
33420,0.001368,172.253.118.0-255,5020,181573,17,242894
33421,0.001371,172.31.36.0-255,66,181639,17,242894
33422,0.001522,172.253.118.0-255,1484,183123,17,242894
33423,0.001528,172.253.118.0-255,2902,186025,17,242894
33424,0.001531,172.31.36.0-255,66,186091,17,242894
33425,0.001539,172.253.118.0-255,4320,190411,17,242894
33426,0.00154,172.31.36.0-255,66,190477,17,242894
33427,0.001567,172.253.118.0-255,1484,191961,17,242894
33428,0.001579,172.31.36.0-255,66,192027,17,242894
33429,0.001651,172.253.118.0-255,7156,199183,17,242894
33430,0.001654,172.31.36.0-255,66,199249,17,242894
33431,0.001681,172.253.118.0-255,6438,205687,17,242894
33432,0.001684,172.31.36.0-255,66,205753,17,242894
33433,0.001687,172.253.118.0-255,1484,207237,17,242894
33434,0.001692,172.253.118.0-255,2902,210139,17,242894
33435,0.001694,172.31.36.0-255,66,210205,17,242894
33436,0.001701,172.253.118.0-255,5738,215943,17,242894
33437,0.001703,172.31.36.0-255,66,216009,17,242894
33438,0.001742,172.31.36.0-255,66,216075,17,242894
33439,0.001759,172.253.118.0-255,4320,220395,17,242894
33440,0.001762,172.31.36.0-255,66,220461,17,242894
33441,0.001807,172.31.36.0-255,66,220527,17,242894
33442,0.001818,172.31.36.0-255,66,220593,17,242894
33443,0.001865,172.31.36.0-255,66,220659,17,242894
33444,0.001876,172.31.36.0-255,66,220725,17,242894
33445,0.001919,172.31.36.0-255,66,220791,17,242894
33446,0.001926,172.253.118.0-255,6438,227229,17,242894
33447,0.001928,172.31.36.0-255,66,227295,17,242894
33448,0.001934,172.253.118.0-255,4320,231615,17,242894
33449,0.001936,172.31.36.0-255,66,231681,17,242894
33450,0.001961,172.253.118.0-255,5548,237229,17,242894
33451,0.001964,172.31.36.0-255,66,237295,17,242894
33452,0.001967,172.253.118.0-255,105,237400,17,242894
33453,0.004692,172.31.36.0-255,66,237466,17,242894
33454,0.010661,172.31.36.0-255,105,237571,17,242894
33455,0.01265,172.253.118.0-255,66,237637,17,242894
33456,0.034372,172.31.36.0-255,176,237813,17,242894
33457,0.034407,172.31.36.0-255,1117,238930,17,242894
33458,0.034485,172.31.36.0-255,1514,240444,17,242894
33459,0.034487,172.31.36.0-255,1514,241958,17,242894
33460,0.034488,172.31.36.0-255,672,242630,17,242894
33461,0.035865,104.244.42.0-255,66,242696,17,242894
33462,0.035897,104.244.42.0-255,66,242762,17,242894
33463,0.036011,104.244.42.0-255,66,242828,17,242894
33464,0.036028,104.244.42.0-255,66,242894,17,242894
33465,0.0,172.217.194.0-255,153,153,17,207774
33466,2.9e-05,172.31.36.0-255,66,219,17,207774
33467,3.6e-05,172.217.194.0-255,1484,1703,17,207774
33468,4e-05,172.31.36.0-255,66,1769,17,207774
33469,4.5e-05,172.217.194.0-255,2902,4671,17,207774
33470,4.8e-05,172.31.36.0-255,66,4737,17,207774
33471,6.4e-05,172.217.194.0-255,7156,11893,17,207774
33472,6.7e-05,172.31.36.0-255,66,11959,17,207774
33473,0.000106,172.31.36.0-255,66,12025,17,207774
33474,0.000149,172.217.194.0-255,7156,19181,17,207774
33475,0.000152,172.31.36.0-255,66,19247,17,207774
33476,0.000181,172.217.194.0-255,2543,21790,17,207774
33477,0.000184,172.31.36.0-255,66,21856,17,207774
33478,0.000212,172.217.194.0-255,4320,26176,17,207774
33479,0.000215,172.31.36.0-255,66,26242,17,207774
33480,0.000241,172.217.194.0-255,5738,31980,17,207774
33481,0.000245,172.31.36.0-255,66,32046,17,207774
33482,0.000267,172.217.194.0-255,2902,34948,17,207774
33483,0.000271,172.31.36.0-255,66,35014,17,207774
33484,0.000301,172.217.194.0-255,3961,38975,17,207774
33485,0.000305,172.31.36.0-255,66,39041,17,207774
33486,0.000383,172.217.194.0-255,1484,40525,17,207774
33487,0.000387,172.31.36.0-255,66,40591,17,207774
33488,0.000391,172.217.194.0-255,2902,43493,17,207774
33489,0.000394,172.31.36.0-255,66,43559,17,207774
33490,0.000427,172.217.194.0-255,5738,49297,17,207774
33491,0.000431,172.31.36.0-255,66,49363,17,207774
33492,0.000436,172.217.194.0-255,4320,53683,17,207774
33493,0.000441,172.31.36.0-255,66,53749,17,207774
33494,0.000463,172.217.194.0-255,2543,56292,17,207774
33495,0.000471,172.31.36.0-255,66,56358,17,207774
33496,0.000513,172.217.194.0-255,645,57003,17,207774
33497,0.00074,172.217.194.0-255,1484,58487,17,207774
33498,0.000744,172.31.36.0-255,66,58553,17,207774
33499,0.00075,172.217.194.0-255,2902,61455,17,207774
33500,0.000758,172.31.36.0-255,66,61521,17,207774
33501,0.000781,172.217.194.0-255,5738,67259,17,207774
33502,0.000786,172.31.36.0-255,66,67325,17,207774
33503,0.000811,172.217.194.0-255,2902,70227,17,207774
33504,0.000825,172.31.36.0-255,66,70293,17,207774
33505,0.000855,172.31.36.0-255,66,70359,17,207774
33506,0.000884,172.217.194.0-255,4320,74679,17,207774
33507,0.000893,172.31.36.0-255,66,74745,17,207774
33508,0.000917,172.217.194.0-255,6438,81183,17,207774
33509,0.000927,172.31.36.0-255,66,81249,17,207774
33510,0.000963,172.31.36.0-255,66,81315,17,207774
33511,0.000979,172.217.194.0-255,2902,84217,17,207774
33512,0.000993,172.31.36.0-255,66,84283,17,207774
33513,0.001025,172.217.194.0-255,4831,89114,17,207774
33514,0.001028,172.31.36.0-255,66,89180,17,207774
33515,0.001057,172.217.194.0-255,5738,94918,17,207774
33516,0.001063,172.31.36.0-255,66,94984,17,207774
33517,0.001108,172.217.194.0-255,5738,100722,17,207774
33518,0.001128,172.31.36.0-255,66,100788,17,207774
33519,0.001134,172.217.194.0-255,7156,107944,17,207774
33520,0.001144,172.31.36.0-255,66,108010,17,207774
33521,0.001181,172.217.194.0-255,5738,113748,17,207774
33522,0.001187,172.31.36.0-255,66,113814,17,207774
33523,0.001216,172.31.36.0-255,66,113880,17,207774
33524,0.00126,172.217.194.0-255,766,114646,17,207774
33525,0.001272,172.217.194.0-255,2902,117548,17,207774
33526,0.001275,172.31.36.0-255,66,117614,17,207774
33527,0.001322,172.31.36.0-255,66,117680,17,207774
33528,0.001388,172.217.194.0-255,5738,123418,17,207774
33529,0.001399,172.31.36.0-255,66,123484,17,207774
33530,0.001443,172.31.36.0-255,66,123550,17,207774
33531,0.001786,172.217.194.0-255,1484,125034,17,207774
33532,0.001792,172.217.194.0-255,2902,127936,17,207774
33533,0.001795,172.31.36.0-255,66,128002,17,207774
33534,0.0018,172.217.194.0-255,2902,130904,17,207774
33535,0.001811,172.31.36.0-255,66,130970,17,207774
33536,0.001828,172.217.194.0-255,2902,133872,17,207774
33537,0.001833,172.217.194.0-255,2902,136774,17,207774
33538,0.001836,172.31.36.0-255,66,136840,17,207774
33539,0.001866,172.217.194.0-255,4320,141160,17,207774
33540,0.001871,172.31.36.0-255,66,141226,17,207774
33541,0.001908,172.217.194.0-255,2902,144128,17,207774
33542,0.001912,172.31.36.0-255,66,144194,17,207774
33543,0.001935,172.217.194.0-255,1484,145678,17,207774
33544,0.001952,172.31.36.0-255,66,145744,17,207774
33545,0.001964,172.217.194.0-255,2184,147928,17,207774
33546,0.001976,172.31.36.0-255,66,147994,17,207774
33547,0.002,172.31.36.0-255,66,148060,17,207774
33548,0.00204,172.217.194.0-255,1484,149544,17,207774
33549,0.002072,172.31.36.0-255,66,149610,17,207774
33550,0.002079,172.217.194.0-255,1484,151094,17,207774
33551,0.002149,172.217.194.0-255,6438,157532,17,207774
33552,0.002161,172.31.36.0-255,66,157598,17,207774
33553,0.0022,172.217.194.0-255,7156,164754,17,207774
33554,0.002204,172.31.36.0-255,66,164820,17,207774
33555,0.002233,172.217.194.0-255,4320,169140,17,207774
33556,0.002245,172.31.36.0-255,66,169206,17,207774
33557,0.002254,172.217.194.0-255,4320,173526,17,207774
33558,0.002261,172.31.36.0-255,66,173592,17,207774
33559,0.002293,172.217.194.0-255,5738,179330,17,207774
33560,0.002303,172.31.36.0-255,66,179396,17,207774
33561,0.002337,172.31.36.0-255,66,179462,17,207774
33562,0.002401,172.217.194.0-255,3602,183064,17,207774
33563,0.002406,172.31.36.0-255,66,183130,17,207774
33564,0.002433,172.217.194.0-255,2902,186032,17,207774
33565,0.002441,172.31.36.0-255,66,186098,17,207774
33566,0.002495,172.31.36.0-255,66,186164,17,207774
33567,0.002568,172.31.36.0-255,66,186230,17,207774
33568,0.002594,172.217.194.0-255,766,186996,17,207774
33569,0.002656,172.31.36.0-255,66,187062,17,207774
33570,0.002713,172.31.36.0-255,66,187128,17,207774
33571,0.002892,172.217.194.0-255,7156,194284,17,207774
33572,0.002899,172.31.36.0-255,66,194350,17,207774
33573,0.002944,172.31.36.0-255,66,194416,17,207774
33574,0.003079,172.217.194.0-255,5738,200154,17,207774
33575,0.003083,172.31.36.0-255,66,200220,17,207774
33576,0.003126,172.31.36.0-255,66,200286,17,207774
33577,0.003214,172.217.194.0-255,105,200391,17,207774
33578,0.00765,172.31.36.0-255,66,200457,17,207774
33579,0.00768,172.31.36.0-255,105,200562,17,207774
33580,0.010223,172.217.194.0-255,66,200628,17,207774
33581,0.031962,172.31.36.0-255,172,200800,17,207774
33582,0.031991,172.31.36.0-255,1118,201918,17,207774
33583,0.032036,172.31.36.0-255,1514,203432,17,207774
33584,0.032037,172.31.36.0-255,1514,204946,17,207774
33585,0.032039,172.31.36.0-255,1514,206460,17,207774
33586,0.032039,172.31.36.0-255,1050,207510,17,207774
33587,0.03352,104.244.42.0-255,66,207576,17,207774
33588,0.033528,104.244.42.0-255,66,207642,17,207774
33589,0.033608,104.244.42.0-255,66,207708,17,207774
33590,0.033611,104.244.42.0-255,66,207774,17,207774
33591,0.0,74.125.24.0-255,145,145,17,358039
33592,2.2e-05,172.31.36.0-255,66,211,17,358039
33593,2.8e-05,74.125.24.0-255,1484,1695,17,358039
33594,3.3e-05,172.31.36.0-255,66,1761,17,358039
33595,3.9e-05,74.125.24.0-255,2902,4663,17,358039
33596,4.2e-05,172.31.36.0-255,66,4729,17,358039
33597,5.1e-05,74.125.24.0-255,7156,11885,17,358039
33598,5.5e-05,172.31.36.0-255,66,11951,17,358039
33599,7.3e-05,74.125.24.0-255,2902,14853,17,358039
33600,7.6e-05,172.31.36.0-255,66,14919,17,358039
33601,0.000105,172.31.36.0-255,66,14985,17,358039
33602,0.000125,74.125.24.0-255,3475,18460,17,358039
33603,0.000128,172.31.36.0-255,66,18526,17,358039
33604,0.000132,74.125.24.0-255,2543,21069,17,358039
33605,0.000135,172.31.36.0-255,66,21135,17,358039
33606,0.000187,74.125.24.0-255,1484,22619,17,358039
33607,0.000189,172.31.36.0-255,66,22685,17,358039
33608,0.000207,74.125.24.0-255,1484,24169,17,358039
33609,0.000209,172.31.36.0-255,66,24235,17,358039
33610,0.00023,74.125.24.0-255,2902,27137,17,358039
33611,0.000233,172.31.36.0-255,66,27203,17,358039
33612,0.000239,74.125.24.0-255,5738,32941,17,358039
33613,0.000241,172.31.36.0-255,66,33007,17,358039
33614,0.000258,74.125.24.0-255,2902,35909,17,358039
33615,0.00026,172.31.36.0-255,66,35975,17,358039
33616,0.000282,74.125.24.0-255,2543,38518,17,358039
33617,0.000284,172.31.36.0-255,66,38584,17,358039
33618,0.000329,74.125.24.0-255,1484,40068,17,358039
33619,0.000332,172.31.36.0-255,66,40134,17,358039
33620,0.000336,74.125.24.0-255,2902,43036,17,358039
33621,0.000339,172.31.36.0-255,66,43102,17,358039
33622,0.000357,74.125.24.0-255,2902,46004,17,358039
33623,0.000359,172.31.36.0-255,66,46070,17,358039
33624,0.000374,74.125.24.0-255,1484,47554,17,358039
33625,0.000392,74.125.24.0-255,5738,53292,17,358039
33626,0.000395,172.31.36.0-255,66,53358,17,358039
33627,0.000399,74.125.24.0-255,2543,55901,17,358039
33628,0.000401,172.31.36.0-255,66,55967,17,358039
33629,0.000437,74.125.24.0-255,399,56366,17,358039
33630,0.00049,74.125.24.0-255,109,56475,17,358039
33631,0.000529,74.125.24.0-255,1484,57959,17,358039
33632,0.000533,172.31.36.0-255,66,58025,17,358039
33633,0.000538,74.125.24.0-255,2902,60927,17,358039
33634,0.00054,172.31.36.0-255,66,60993,17,358039
33635,0.00057,74.125.24.0-255,5738,66731,17,358039
33636,0.000577,74.125.24.0-255,7156,73887,17,358039
33637,0.000583,172.31.36.0-255,66,73953,17,358039
33638,0.000586,172.31.36.0-255,66,74019,17,358039
33639,0.000618,172.31.36.0-255,66,74085,17,358039
33640,0.000622,74.125.24.0-255,2184,76269,17,358039
33641,0.000625,172.31.36.0-255,66,76335,17,358039
33642,0.001067,74.125.24.0-255,1484,77819,17,358039
33643,0.001074,74.125.24.0-255,2902,80721,17,358039
33644,0.001078,172.31.36.0-255,66,80787,17,358039
33645,0.001107,74.125.24.0-255,4320,85107,17,358039
33646,0.001109,172.31.36.0-255,66,85173,17,358039
33647,0.001134,74.125.24.0-255,1484,86657,17,358039
33648,0.001141,74.125.24.0-255,5738,92395,17,358039
33649,0.001143,172.31.36.0-255,66,92461,17,358039
33650,0.001158,172.31.36.0-255,66,92527,17,358039
33651,0.001184,74.125.24.0-255,7156,99683,17,358039
33652,0.001187,172.31.36.0-255,66,99749,17,358039
33653,0.001215,74.125.24.0-255,3288,103037,17,358039
33654,0.001218,172.31.36.0-255,66,103103,17,358039
33655,0.001231,172.31.36.0-255,66,103169,17,358039
33656,0.001247,172.31.36.0-255,66,103235,17,358039
33657,0.00125,74.125.24.0-255,766,104001,17,358039
33658,0.001981,172.31.36.0-255,66,104067,17,358039
33659,0.003256,74.125.24.0-255,4320,108387,17,358039
33660,0.003263,172.31.36.0-255,66,108453,17,358039
33661,0.003977,74.125.24.0-255,1484,109937,17,358039
33662,0.005266,74.125.24.0-255,2902,112839,17,358039
33663,0.00527,172.31.36.0-255,66,112905,17,358039
33664,0.005288,74.125.24.0-255,1484,114389,17,358039
33665,0.007242,74.125.24.0-255,4320,118709,17,358039
33666,0.007245,172.31.36.0-255,66,118775,17,358039
33667,0.00924,74.125.24.0-255,5738,124513,17,358039
33668,0.009247,172.31.36.0-255,66,124579,17,358039
33669,0.011269,74.125.24.0-255,5738,130317,17,358039
33670,0.011277,172.31.36.0-255,66,130383,17,358039
33671,0.013267,74.125.24.0-255,5738,136121,17,358039
33672,0.013275,172.31.36.0-255,66,136187,17,358039
33673,0.015305,74.125.24.0-255,5738,141925,17,358039
33674,0.015315,172.31.36.0-255,66,141991,17,358039
33675,0.017309,74.125.24.0-255,5738,147729,17,358039
33676,0.017318,172.31.36.0-255,66,147795,17,358039
33677,0.019323,74.125.24.0-255,5738,153533,17,358039
33678,0.019331,172.31.36.0-255,66,153599,17,358039
33679,0.021345,74.125.24.0-255,5738,159337,17,358039
33680,0.021352,172.31.36.0-255,66,159403,17,358039
33681,0.023363,74.125.24.0-255,5738,165141,17,358039
33682,0.023371,172.31.36.0-255,66,165207,17,358039
33683,0.025409,74.125.24.0-255,5738,170945,17,358039
33684,0.025417,172.31.36.0-255,66,171011,17,358039
33685,0.027417,74.125.24.0-255,5738,176749,17,358039
33686,0.027426,172.31.36.0-255,66,176815,17,358039
33687,0.029426,74.125.24.0-255,5738,182553,17,358039
33688,0.029434,172.31.36.0-255,66,182619,17,358039
33689,0.031422,74.125.24.0-255,5738,188357,17,358039
33690,0.03143,172.31.36.0-255,66,188423,17,358039
33691,0.032115,172.31.36.0-255,172,188595,17,358039
33692,0.03215,172.31.36.0-255,1118,189713,17,358039
33693,0.03221,172.31.36.0-255,1514,191227,17,358039
33694,0.032212,172.31.36.0-255,1270,192497,17,358039
33695,0.033408,74.125.24.0-255,5738,198235,17,358039
33696,0.033416,172.31.36.0-255,66,198301,17,358039
33697,0.033668,104.244.42.0-255,66,198367,17,358039
33698,0.033676,104.244.42.0-255,66,198433,17,358039
33699,0.033762,104.244.42.0-255,66,198499,17,358039
33700,0.035423,74.125.24.0-255,5738,204237,17,358039
33701,0.035431,172.31.36.0-255,66,204303,17,358039
33702,0.037448,74.125.24.0-255,5738,210041,17,358039
33703,0.037458,172.31.36.0-255,66,210107,17,358039
33704,0.039477,74.125.24.0-255,5738,215845,17,358039
33705,0.039485,172.31.36.0-255,66,215911,17,358039
33706,0.041494,74.125.24.0-255,5738,221649,17,358039
33707,0.041503,172.31.36.0-255,66,221715,17,358039
33708,0.043514,74.125.24.0-255,5738,227453,17,358039
33709,0.043521,172.31.36.0-255,66,227519,17,358039
33710,0.045542,74.125.24.0-255,5738,233257,17,358039
33711,0.045549,172.31.36.0-255,66,233323,17,358039
33712,0.047554,74.125.24.0-255,5738,239061,17,358039
33713,0.047561,172.31.36.0-255,66,239127,17,358039
33714,0.049585,74.125.24.0-255,5738,244865,17,358039
33715,0.049593,172.31.36.0-255,66,244931,17,358039
33716,0.051638,74.125.24.0-255,5738,250669,17,358039
33717,0.051646,172.31.36.0-255,66,250735,17,358039
33718,0.053651,74.125.24.0-255,5738,256473,17,358039
33719,0.053661,172.31.36.0-255,66,256539,17,358039
33720,0.055661,74.125.24.0-255,5738,262277,17,358039
33721,0.055669,172.31.36.0-255,66,262343,17,358039
33722,0.057701,74.125.24.0-255,5738,268081,17,358039
33723,0.057708,172.31.36.0-255,66,268147,17,358039
33724,0.059715,74.125.24.0-255,5738,273885,17,358039
33725,0.059721,172.31.36.0-255,66,273951,17,358039
33726,0.061708,74.125.24.0-255,5738,279689,17,358039
33727,0.061715,172.31.36.0-255,66,279755,17,358039
33728,0.063695,74.125.24.0-255,5738,285493,17,358039
33729,0.063702,172.31.36.0-255,66,285559,17,358039
33730,0.065708,74.125.24.0-255,5738,291297,17,358039
33731,0.065714,172.31.36.0-255,66,291363,17,358039
33732,0.067723,74.125.24.0-255,5738,297101,17,358039
33733,0.06773,172.31.36.0-255,66,297167,17,358039
33734,0.069755,74.125.24.0-255,5738,302905,17,358039
33735,0.069762,172.31.36.0-255,66,302971,17,358039
33736,0.071766,74.125.24.0-255,4320,307291,17,358039
33737,0.071774,172.31.36.0-255,66,307357,17,358039
33738,0.071798,74.125.24.0-255,1484,308841,17,358039
33739,0.073796,74.125.24.0-255,4320,313161,17,358039
33740,0.073802,172.31.36.0-255,66,313227,17,358039
33741,0.075812,74.125.24.0-255,5738,318965,17,358039
33742,0.075819,172.31.36.0-255,66,319031,17,358039
33743,0.077813,74.125.24.0-255,5738,324769,17,358039
33744,0.077819,172.31.36.0-255,66,324835,17,358039
33745,0.07983,74.125.24.0-255,5738,330573,17,358039
33746,0.079836,172.31.36.0-255,66,330639,17,358039
33747,0.081862,74.125.24.0-255,5738,336377,17,358039
33748,0.081869,172.31.36.0-255,66,336443,17,358039
33749,0.083886,74.125.24.0-255,5738,342181,17,358039
33750,0.083894,172.31.36.0-255,66,342247,17,358039
33751,0.085888,74.125.24.0-255,5738,347985,17,358039
33752,0.085895,172.31.36.0-255,66,348051,17,358039
33753,0.087909,74.125.24.0-255,5738,353789,17,358039
33754,0.087916,172.31.36.0-255,66,353855,17,358039
33755,0.089924,74.125.24.0-255,3947,357802,17,358039
33756,0.089931,172.31.36.0-255,66,357868,17,358039
33757,0.090172,172.31.36.0-255,105,357973,17,358039
33758,0.092116,74.125.24.0-255,66,358039,17,358039
33759,0.0,74.125.68.0-255,218,218,17,371533
33760,1.7e-05,172.31.36.0-255,66,284,17,371533
33761,2.5e-05,74.125.68.0-255,1484,1768,17,371533
33762,3e-05,172.31.36.0-255,66,1834,17,371533
33763,4.5e-05,74.125.68.0-255,1484,3318,17,371533
33764,4.7e-05,172.31.36.0-255,66,3384,17,371533
33765,0.0001,74.125.68.0-255,2902,6286,17,371533
33766,0.000104,172.31.36.0-255,66,6352,17,371533
33767,0.000111,74.125.68.0-255,5738,12090,17,371533
33768,0.000114,172.31.36.0-255,66,12156,17,371533
33769,0.000138,74.125.68.0-255,1795,13951,17,371533
33770,0.000141,172.31.36.0-255,66,14017,17,371533
33771,0.000189,74.125.68.0-255,2902,16919,17,371533
33772,0.000193,172.31.36.0-255,66,16985,17,371533
33773,0.000196,74.125.68.0-255,1484,18469,17,371533
33774,0.000198,172.31.36.0-255,66,18535,17,371533
33775,0.000202,74.125.68.0-255,2902,21437,17,371533
33776,0.000204,172.31.36.0-255,66,21503,17,371533
33777,0.000207,74.125.68.0-255,1484,22987,17,371533
33778,0.000209,172.31.36.0-255,66,23053,17,371533
33779,0.00023,74.125.68.0-255,4320,27373,17,371533
33780,0.000232,172.31.36.0-255,66,27439,17,371533
33781,0.000245,74.125.68.0-255,1484,28923,17,371533
33782,0.000248,172.31.36.0-255,66,28989,17,371533
33783,0.000262,74.125.68.0-255,2543,31532,17,371533
33784,0.000265,172.31.36.0-255,66,31598,17,371533
33785,0.000271,74.125.68.0-255,4320,35918,17,371533
33786,0.000274,172.31.36.0-255,66,35984,17,371533
33787,0.000285,74.125.68.0-255,1484,37468,17,371533
33788,0.000287,172.31.36.0-255,66,37534,17,371533
33789,0.000308,74.125.68.0-255,5738,43272,17,371533
33790,0.000311,172.31.36.0-255,66,43338,17,371533
33791,0.000336,74.125.68.0-255,5379,48717,17,371533
33792,0.000338,172.31.36.0-255,66,48783,17,371533
33793,0.001354,74.125.68.0-255,1484,50267,17,371533
33794,0.001366,74.125.68.0-255,2902,53169,17,371533
33795,0.001371,172.31.36.0-255,66,53235,17,371533
33796,0.00138,74.125.68.0-255,5738,58973,17,371533
33797,0.001382,172.31.36.0-255,66,59039,17,371533
33798,0.001428,74.125.68.0-255,6797,65836,17,371533
33799,0.001431,172.31.36.0-255,66,65902,17,371533
33800,0.001438,74.125.68.0-255,7156,73058,17,371533
33801,0.00144,172.31.36.0-255,66,73124,17,371533
33802,0.001473,172.31.36.0-255,66,73190,17,371533
33803,0.001477,74.125.68.0-255,1705,74895,17,371533
33804,0.001479,172.31.36.0-255,66,74961,17,371533
33805,0.001514,74.125.68.0-255,2902,77863,17,371533
33806,0.001516,172.31.36.0-255,66,77929,17,371533
33807,0.001534,74.125.68.0-255,2902,80831,17,371533
33808,0.001536,172.31.36.0-255,66,80897,17,371533
33809,0.001542,74.125.68.0-255,4320,85217,17,371533
33810,0.001543,172.31.36.0-255,66,85283,17,371533
33811,0.001591,74.125.68.0-255,4320,89603,17,371533
33812,0.001594,172.31.36.0-255,66,89669,17,371533
33813,0.001614,74.125.68.0-255,2543,92212,17,371533
33814,0.001616,172.31.36.0-255,66,92278,17,371533
33815,0.003585,74.125.68.0-255,2902,95180,17,371533
33816,0.003593,172.31.36.0-255,66,95246,17,371533
33817,0.003618,74.125.68.0-255,2902,98148,17,371533
33818,0.003621,172.31.36.0-255,66,98214,17,371533
33819,0.004906,172.31.36.0-255,101,98315,17,371533
33820,0.005594,74.125.68.0-255,2902,101217,17,371533
33821,0.0056,172.31.36.0-255,66,101283,17,371533
33822,0.005621,74.125.68.0-255,2902,104185,17,371533
33823,0.005623,172.31.36.0-255,66,104251,17,371533
33824,0.006876,74.125.68.0-255,66,104317,17,371533
33825,0.007606,74.125.68.0-255,5738,110055,17,371533
33826,0.007612,172.31.36.0-255,66,110121,17,371533
33827,0.009632,74.125.68.0-255,5738,115859,17,371533
33828,0.00964,172.31.36.0-255,66,115925,17,371533
33829,0.011649,74.125.68.0-255,5738,121663,17,371533
33830,0.011658,172.31.36.0-255,66,121729,17,371533
33831,0.013672,74.125.68.0-255,5738,127467,17,371533
33832,0.013682,172.31.36.0-255,66,127533,17,371533
33833,0.015698,74.125.68.0-255,5738,133271,17,371533
33834,0.015709,172.31.36.0-255,66,133337,17,371533
33835,0.017714,74.125.68.0-255,5738,139075,17,371533
33836,0.017722,172.31.36.0-255,66,139141,17,371533
33837,0.01976,74.125.68.0-255,5738,144879,17,371533
33838,0.019767,172.31.36.0-255,66,144945,17,371533
33839,0.021778,74.125.68.0-255,5738,150683,17,371533
33840,0.021786,172.31.36.0-255,66,150749,17,371533
33841,0.023795,74.125.68.0-255,5738,156487,17,371533
33842,0.023804,172.31.36.0-255,66,156553,17,371533
33843,0.025825,74.125.68.0-255,5738,162291,17,371533
33844,0.025833,172.31.36.0-255,66,162357,17,371533
33845,0.027858,74.125.68.0-255,5738,168095,17,371533
33846,0.027865,172.31.36.0-255,66,168161,17,371533
33847,0.029383,172.31.36.0-255,188,168349,17,371533
33848,0.029415,172.31.36.0-255,961,169310,17,371533
33849,0.029472,172.31.36.0-255,1514,170824,17,371533
33850,0.029474,172.31.36.0-255,1427,172251,17,371533
33851,0.029887,74.125.68.0-255,5738,177989,17,371533
33852,0.029894,172.31.36.0-255,66,178055,17,371533
33853,0.030961,104.244.42.0-255,66,178121,17,371533
33854,0.031014,104.244.42.0-255,66,178187,17,371533
33855,0.031061,104.244.42.0-255,66,178253,17,371533
33856,0.031892,74.125.68.0-255,4320,182573,17,371533
33857,0.031897,172.31.36.0-255,66,182639,17,371533
33858,0.031916,74.125.68.0-255,1484,184123,17,371533
33859,0.033895,74.125.68.0-255,4320,188443,17,371533
33860,0.033901,172.31.36.0-255,66,188509,17,371533
33861,0.035906,74.125.68.0-255,5738,194247,17,371533
33862,0.035912,172.31.36.0-255,66,194313,17,371533
33863,0.03792,74.125.68.0-255,5738,200051,17,371533
33864,0.037927,172.31.36.0-255,66,200117,17,371533
33865,0.03994,74.125.68.0-255,5738,205855,17,371533
33866,0.039947,172.31.36.0-255,66,205921,17,371533
33867,0.041965,74.125.68.0-255,5738,211659,17,371533
33868,0.041971,172.31.36.0-255,66,211725,17,371533
33869,0.043987,74.125.68.0-255,5738,217463,17,371533
33870,0.043994,172.31.36.0-255,66,217529,17,371533
33871,0.046008,74.125.68.0-255,5738,223267,17,371533
33872,0.046018,172.31.36.0-255,66,223333,17,371533
33873,0.04803,74.125.68.0-255,5738,229071,17,371533
33874,0.048039,172.31.36.0-255,66,229137,17,371533
33875,0.050045,74.125.68.0-255,5738,234875,17,371533
33876,0.050052,172.31.36.0-255,66,234941,17,371533
33877,0.052098,74.125.68.0-255,5738,240679,17,371533
33878,0.052105,172.31.36.0-255,66,240745,17,371533
33879,0.054123,74.125.68.0-255,5738,246483,17,371533
33880,0.054129,172.31.36.0-255,66,246549,17,371533
33881,0.056168,74.125.68.0-255,5738,252287,17,371533
33882,0.056175,172.31.36.0-255,66,252353,17,371533
33883,0.058192,74.125.68.0-255,5738,258091,17,371533
33884,0.058198,172.31.36.0-255,66,258157,17,371533
33885,0.060203,74.125.68.0-255,5738,263895,17,371533
33886,0.060209,172.31.36.0-255,66,263961,17,371533
33887,0.062241,74.125.68.0-255,4320,268281,17,371533
33888,0.062248,172.31.36.0-255,66,268347,17,371533
33889,0.062269,74.125.68.0-255,1484,269831,17,371533
33890,0.064263,74.125.68.0-255,4320,274151,17,371533
33891,0.06427,172.31.36.0-255,66,274217,17,371533
33892,0.066299,74.125.68.0-255,5738,279955,17,371533
33893,0.066305,172.31.36.0-255,66,280021,17,371533
33894,0.068342,74.125.68.0-255,5738,285759,17,371533
33895,0.068349,172.31.36.0-255,66,285825,17,371533
33896,0.07038,74.125.68.0-255,4320,290145,17,371533
33897,0.070387,172.31.36.0-255,66,290211,17,371533
33898,0.070406,74.125.68.0-255,1484,291695,17,371533
33899,0.072408,74.125.68.0-255,4320,296015,17,371533
33900,0.072415,172.31.36.0-255,66,296081,17,371533
33901,0.074444,74.125.68.0-255,5738,301819,17,371533
33902,0.07445,172.31.36.0-255,66,301885,17,371533
33903,0.076462,74.125.68.0-255,5738,307623,17,371533
33904,0.076467,172.31.36.0-255,66,307689,17,371533
33905,0.078469,74.125.68.0-255,5738,313427,17,371533
33906,0.078476,172.31.36.0-255,66,313493,17,371533
33907,0.080505,74.125.68.0-255,5738,319231,17,371533
33908,0.080512,172.31.36.0-255,66,319297,17,371533
33909,0.082532,74.125.68.0-255,5738,325035,17,371533
33910,0.082539,172.31.36.0-255,66,325101,17,371533
33911,0.084557,74.125.68.0-255,5738,330839,17,371533
33912,0.084564,172.31.36.0-255,66,330905,17,371533
33913,0.086595,74.125.68.0-255,5738,336643,17,371533
33914,0.086602,172.31.36.0-255,66,336709,17,371533
33915,0.088662,74.125.68.0-255,5738,342447,17,371533
33916,0.088668,172.31.36.0-255,66,342513,17,371533
33917,0.090672,74.125.68.0-255,5738,348251,17,371533
33918,0.090678,172.31.36.0-255,66,348317,17,371533
33919,0.09269,74.125.68.0-255,5738,354055,17,371533
33920,0.092696,172.31.36.0-255,66,354121,17,371533
33921,0.094698,74.125.68.0-255,5738,359859,17,371533
33922,0.094705,172.31.36.0-255,66,359925,17,371533
33923,0.096713,74.125.68.0-255,5738,365663,17,371533
33924,0.096723,172.31.36.0-255,66,365729,17,371533
33925,0.09877,74.125.68.0-255,5738,371467,17,371533
33926,0.098783,172.31.36.0-255,66,371533,17,371533
33927,0.0,74.125.24.0-255,150,150,17,283293
33928,2.4e-05,172.31.36.0-255,66,216,17,283293
33929,3.2e-05,74.125.24.0-255,1484,1700,17,283293
33930,3.7e-05,172.31.36.0-255,66,1766,17,283293
33931,4.2e-05,74.125.24.0-255,2902,4668,17,283293
33932,4.6e-05,172.31.36.0-255,66,4734,17,283293
33933,4.9e-05,74.125.24.0-255,1484,6218,17,283293
33934,5.1e-05,172.31.36.0-255,66,6284,17,283293
33935,8.3e-05,74.125.24.0-255,7156,13440,17,283293
33936,8.6e-05,172.31.36.0-255,66,13506,17,283293
33937,0.000114,74.125.24.0-255,2067,15573,17,283293
33938,0.000116,172.31.36.0-255,66,15639,17,283293
33939,0.000129,172.31.36.0-255,66,15705,17,283293
33940,0.000135,74.125.24.0-255,5379,21084,17,283293
33941,0.000138,172.31.36.0-255,66,21150,17,283293
33942,0.00057,74.125.24.0-255,1484,22634,17,283293
33943,0.000576,172.31.36.0-255,66,22700,17,283293
33944,0.000583,74.125.24.0-255,2902,25602,17,283293
33945,0.000585,172.31.36.0-255,66,25668,17,283293
33946,0.000592,74.125.24.0-255,5738,31406,17,283293
33947,0.000594,172.31.36.0-255,66,31472,17,283293
33948,0.000643,74.125.24.0-255,2902,34374,17,283293
33949,0.000646,172.31.36.0-255,66,34440,17,283293
33950,0.000663,74.125.24.0-255,3961,38401,17,283293
33951,0.000665,172.31.36.0-255,66,38467,17,283293
33952,0.000784,74.125.24.0-255,1484,39951,17,283293
33953,0.000788,172.31.36.0-255,66,40017,17,283293
33954,0.000795,74.125.24.0-255,2902,42919,17,283293
33955,0.000796,172.31.36.0-255,66,42985,17,283293
33956,0.000804,74.125.24.0-255,5738,48723,17,283293
33957,0.000806,172.31.36.0-255,66,48789,17,283293
33958,0.000869,74.125.24.0-255,2902,51691,17,283293
33959,0.000872,172.31.36.0-255,66,51757,17,283293
33960,0.000892,74.125.24.0-255,3961,55718,17,283293
33961,0.000894,172.31.36.0-255,66,55784,17,283293
33962,0.000897,74.125.24.0-255,1484,57268,17,283293
33963,0.000902,74.125.24.0-255,2902,60170,17,283293
33964,0.000904,172.31.36.0-255,66,60236,17,283293
33965,0.000934,74.125.24.0-255,5738,65974,17,283293
33966,0.000938,172.31.36.0-255,66,66040,17,283293
33967,0.00098,172.31.36.0-255,66,66106,17,283293
33968,0.001108,74.125.24.0-255,1484,67590,17,283293
33969,0.001113,74.125.24.0-255,1484,69074,17,283293
33970,0.001116,172.31.36.0-255,66,69140,17,283293
33971,0.001143,74.125.24.0-255,1484,70624,17,283293
33972,0.00115,74.125.24.0-255,5738,76362,17,283293
33973,0.001153,172.31.36.0-255,66,76428,17,283293
33974,0.001163,172.31.36.0-255,66,76494,17,283293
33975,0.00118,74.125.24.0-255,4320,80814,17,283293
33976,0.001183,172.31.36.0-255,66,80880,17,283293
33977,0.001221,172.31.36.0-255,66,80946,17,283293
33978,0.001235,74.125.24.0-255,1622,82568,17,283293
33979,0.001237,172.31.36.0-255,66,82634,17,283293
33980,0.001241,74.125.24.0-255,1484,84118,17,283293
33981,0.001245,74.125.24.0-255,2902,87020,17,283293
33982,0.001249,172.31.36.0-255,66,87086,17,283293
33983,0.001255,74.125.24.0-255,5738,92824,17,283293
33984,0.001258,172.31.36.0-255,66,92890,17,283293
33985,0.001285,74.125.24.0-255,7156,100046,17,283293
33986,0.001288,172.31.36.0-255,66,100112,17,283293
33987,0.001293,74.125.24.0-255,2902,103014,17,283293
33988,0.001295,172.31.36.0-255,66,103080,17,283293
33989,0.001309,74.125.24.0-255,2902,105982,17,283293
33990,0.001311,172.31.36.0-255,66,106048,17,283293
33991,0.001335,74.125.24.0-255,2902,108950,17,283293
33992,0.001338,172.31.36.0-255,66,109016,17,283293
33993,0.001349,172.31.36.0-255,66,109082,17,283293
33994,0.001353,74.125.24.0-255,2902,111984,17,283293
33995,0.001356,172.31.36.0-255,66,112050,17,283293
33996,0.001387,74.125.24.0-255,5738,117788,17,283293
33997,0.00139,172.31.36.0-255,66,117854,17,283293
33998,0.001395,74.125.24.0-255,4320,122174,17,283293
33999,0.001397,172.31.36.0-255,66,122240,17,283293
34000,0.001414,74.125.24.0-255,5738,127978,17,283293
34001,0.001417,172.31.36.0-255,66,128044,17,283293
34002,0.001453,172.31.36.0-255,66,128110,17,283293
34003,0.001474,74.125.24.0-255,3602,131712,17,283293
34004,0.001478,172.31.36.0-255,66,131778,17,283293
34005,0.001557,74.125.24.0-255,1484,133262,17,283293
34006,0.001571,74.125.24.0-255,2902,136164,17,283293
34007,0.001574,172.31.36.0-255,66,136230,17,283293
34008,0.001582,74.125.24.0-255,5738,141968,17,283293
34009,0.001584,172.31.36.0-255,66,142034,17,283293
34010,0.001602,74.125.24.0-255,5738,147772,17,283293
34011,0.001606,172.31.36.0-255,66,147838,17,283293
34012,0.001634,74.125.24.0-255,7156,154994,17,283293
34013,0.001637,172.31.36.0-255,66,155060,17,283293
34014,0.001649,172.31.36.0-255,66,155126,17,283293
34015,0.001685,74.125.24.0-255,2184,157310,17,283293
34016,0.001687,172.31.36.0-255,66,157376,17,283293
34017,0.001704,74.125.24.0-255,1484,158860,17,283293
34018,0.001722,74.125.24.0-255,1484,160344,17,283293
34019,0.001725,172.31.36.0-255,66,160410,17,283293
34020,0.00173,74.125.24.0-255,2902,163312,17,283293
34021,0.001732,172.31.36.0-255,66,163378,17,283293
34022,0.00175,74.125.24.0-255,4320,167698,17,283293
34023,0.001753,172.31.36.0-255,66,167764,17,283293
34024,0.001764,172.31.36.0-255,66,167830,17,283293
34025,0.001782,74.125.24.0-255,2902,170732,17,283293
34026,0.001784,172.31.36.0-255,66,170798,17,283293
34027,0.00182,74.125.24.0-255,4320,175118,17,283293
34028,0.001824,172.31.36.0-255,66,175184,17,283293
34029,0.00186,74.125.24.0-255,5738,180922,17,283293
34030,0.001866,74.125.24.0-255,7156,188078,17,283293
34031,0.001871,172.31.36.0-255,66,188144,17,283293
34032,0.001874,172.31.36.0-255,66,188210,17,283293
34033,0.001877,172.31.36.0-255,66,188276,17,283293
34034,0.001889,74.125.24.0-255,4320,192596,17,283293
34035,0.001891,172.31.36.0-255,66,192662,17,283293
34036,0.001922,172.31.36.0-255,66,192728,17,283293
34037,0.001926,74.125.24.0-255,2902,195630,17,283293
34038,0.001929,172.31.36.0-255,66,195696,17,283293
34039,0.001947,74.125.24.0-255,3602,199298,17,283293
34040,0.001949,172.31.36.0-255,66,199364,17,283293
34041,0.001953,74.125.24.0-255,1484,200848,17,283293
34042,0.001973,74.125.24.0-255,2902,203750,17,283293
34043,0.001979,172.31.36.0-255,66,203816,17,283293
34044,0.002002,172.31.36.0-255,66,203882,17,283293
34045,0.002039,74.125.24.0-255,2902,206784,17,283293
34046,0.002041,172.31.36.0-255,66,206850,17,283293
34047,0.002061,74.125.24.0-255,4320,211170,17,283293
34048,0.002064,172.31.36.0-255,66,211236,17,283293
34049,0.002074,172.31.36.0-255,66,211302,17,283293
34050,0.002079,74.125.24.0-255,3602,214904,17,283293
34051,0.002082,172.31.36.0-255,66,214970,17,283293
34052,0.002088,74.125.24.0-255,4320,219290,17,283293
34053,0.00209,172.31.36.0-255,66,219356,17,283293
34054,0.002119,74.125.24.0-255,5738,225094,17,283293
34055,0.002123,74.125.24.0-255,1484,226578,17,283293
34056,0.002127,172.31.36.0-255,66,226644,17,283293
34057,0.002139,74.125.24.0-255,5738,232382,17,283293
34058,0.002157,172.31.36.0-255,66,232448,17,283293
34059,0.002165,74.125.24.0-255,7156,239604,17,283293
34060,0.00217,172.31.36.0-255,66,239670,17,283293
34061,0.002188,74.125.24.0-255,7156,246826,17,283293
34062,0.002204,74.125.24.0-255,5738,252564,17,283293
34063,0.002211,172.31.36.0-255,66,252630,17,283293
34064,0.002219,74.125.24.0-255,766,253396,17,283293
34065,0.002226,74.125.24.0-255,7156,260552,17,283293
34066,0.002247,74.125.24.0-255,4320,264872,17,283293
34067,0.002258,172.31.36.0-255,66,264938,17,283293
34068,0.002287,74.125.24.0-255,6438,271376,17,283293
34069,0.00229,74.125.24.0-255,1484,272860,17,283293
34070,0.002321,172.31.36.0-255,66,272926,17,283293
34071,0.002352,74.125.24.0-255,2641,275567,17,283293
34072,0.002357,172.31.36.0-255,66,275633,17,283293
34073,0.002373,74.125.24.0-255,105,275738,17,283293
34074,0.010337,172.31.36.0-255,66,275804,17,283293
34075,0.010387,172.31.36.0-255,105,275909,17,283293
34076,0.01289,74.125.24.0-255,66,275975,17,283293
34077,0.037136,172.31.36.0-255,172,276147,17,283293
34078,0.03717,172.31.36.0-255,1117,277264,17,283293
34079,0.037236,172.31.36.0-255,1514,278778,17,283293
34080,0.037237,172.31.36.0-255,1514,280292,17,283293
34081,0.037242,172.31.36.0-255,1514,281806,17,283293
34082,0.037243,172.31.36.0-255,1049,282855,17,283293
34083,0.038702,104.244.42.0-255,66,282921,17,283293
34084,0.038733,104.244.42.0-255,66,282987,17,283293
34085,0.038804,104.244.42.0-255,66,283053,17,283293
34086,0.038818,104.244.42.0-255,66,283119,17,283293
34087,0.039438,104.244.42.0-255,108,283227,17,283293
34088,0.039446,172.31.36.0-255,66,283293,17,283293
34089,0.0,74.125.24.0-255,152,152,17,321894
34090,2.9e-05,172.31.36.0-255,66,218,17,321894
34091,3.5e-05,74.125.24.0-255,1484,1702,17,321894
34092,3.9e-05,172.31.36.0-255,66,1768,17,321894
34093,5.3e-05,74.125.24.0-255,2902,4670,17,321894
34094,5.7e-05,172.31.36.0-255,66,4736,17,321894
34095,0.000112,74.125.24.0-255,2902,7638,17,321894
34096,0.000116,172.31.36.0-255,66,7704,17,321894
34097,0.000136,74.125.24.0-255,4320,12024,17,321894
34098,0.00014,172.31.36.0-255,66,12090,17,321894
34099,0.000306,74.125.24.0-255,2066,14156,17,321894
34100,0.000311,172.31.36.0-255,66,14222,17,321894
34101,0.00092,74.125.24.0-255,1484,15706,17,321894
34102,0.000928,172.31.36.0-255,66,15772,17,321894
34103,0.000939,74.125.24.0-255,2902,18674,17,321894
34104,0.00095,172.31.36.0-255,66,18740,17,321894
34105,0.000993,74.125.24.0-255,5738,24478,17,321894
34106,0.000995,172.31.36.0-255,66,24544,17,321894
34107,0.001134,74.125.24.0-255,4320,28864,17,321894
34108,0.001138,172.31.36.0-255,66,28930,17,321894
34109,0.001274,172.31.36.0-255,66,28996,17,321894
34110,0.001601,172.31.36.0-255,66,29062,17,321894
34111,0.001637,172.31.36.0-255,66,29128,17,321894
34112,0.002246,172.31.36.0-255,66,29194,17,321894
34113,0.002277,74.125.24.0-255,6100,35294,17,321894
34114,0.00228,172.31.36.0-255,66,35360,17,321894
34115,0.002609,172.31.36.0-255,66,35426,17,321894
34116,0.002637,74.125.24.0-255,5020,40446,17,321894
34117,0.002641,172.31.36.0-255,66,40512,17,321894
34118,0.003121,172.31.36.0-255,66,40578,17,321894
34119,0.003178,172.31.36.0-255,66,40644,17,321894
34120,0.00515,74.125.24.0-255,5738,46382,17,321894
34121,0.005158,172.31.36.0-255,66,46448,17,321894
34122,0.007117,74.125.24.0-255,5738,52186,17,321894
34123,0.007125,172.31.36.0-255,66,52252,17,321894
34124,0.009097,74.125.24.0-255,4320,56572,17,321894
34125,0.009105,172.31.36.0-255,66,56638,17,321894
34126,0.009131,74.125.24.0-255,1484,58122,17,321894
34127,0.011095,74.125.24.0-255,4320,62442,17,321894
34128,0.011105,172.31.36.0-255,66,62508,17,321894
34129,0.013083,74.125.24.0-255,5738,68246,17,321894
34130,0.013096,172.31.36.0-255,66,68312,17,321894
34131,0.015086,74.125.24.0-255,5738,74050,17,321894
34132,0.015094,172.31.36.0-255,66,74116,17,321894
34133,0.017061,74.125.24.0-255,5738,79854,17,321894
34134,0.017068,172.31.36.0-255,66,79920,17,321894
34135,0.019084,74.125.24.0-255,5738,85658,17,321894
34136,0.019092,172.31.36.0-255,66,85724,17,321894
34137,0.021119,74.125.24.0-255,5738,91462,17,321894
34138,0.021126,172.31.36.0-255,66,91528,17,321894
34139,0.022663,172.31.36.0-255,172,91700,17,321894
34140,0.022709,172.31.36.0-255,1116,92816,17,321894
34141,0.022776,172.31.36.0-255,1514,94330,17,321894
34142,0.022778,172.31.36.0-255,1272,95602,17,321894
34143,0.023093,74.125.24.0-255,5738,101340,17,321894
34144,0.023101,172.31.36.0-255,66,101406,17,321894
34145,0.02421,104.244.42.0-255,66,101472,17,321894
34146,0.024259,104.244.42.0-255,66,101538,17,321894
34147,0.024352,104.244.42.0-255,66,101604,17,321894
34148,0.025066,74.125.24.0-255,5738,107342,17,321894
34149,0.025072,172.31.36.0-255,66,107408,17,321894
34150,0.027067,74.125.24.0-255,5738,113146,17,321894
34151,0.027073,172.31.36.0-255,66,113212,17,321894
34152,0.029078,74.125.24.0-255,5738,118950,17,321894
34153,0.029082,172.31.36.0-255,66,119016,17,321894
34154,0.031053,74.125.24.0-255,5738,124754,17,321894
34155,0.031059,172.31.36.0-255,66,124820,17,321894
34156,0.033035,74.125.24.0-255,2902,127722,17,321894
34157,0.033041,172.31.36.0-255,66,127788,17,321894
34158,0.033075,74.125.24.0-255,2902,130690,17,321894
34159,0.033078,172.31.36.0-255,66,130756,17,321894
34160,0.035033,74.125.24.0-255,2902,133658,17,321894
34161,0.035041,172.31.36.0-255,66,133724,17,321894
34162,0.035063,74.125.24.0-255,2902,136626,17,321894
34163,0.035067,172.31.36.0-255,66,136692,17,321894
34164,0.037055,74.125.24.0-255,2902,139594,17,321894
34165,0.037062,172.31.36.0-255,66,139660,17,321894
34166,0.037096,74.125.24.0-255,2902,142562,17,321894
34167,0.037099,172.31.36.0-255,66,142628,17,321894
34168,0.03906,74.125.24.0-255,2902,145530,17,321894
34169,0.039067,172.31.36.0-255,66,145596,17,321894
34170,0.0391,74.125.24.0-255,2902,148498,17,321894
34171,0.039103,172.31.36.0-255,66,148564,17,321894
34172,0.041056,74.125.24.0-255,2902,151466,17,321894
34173,0.041062,172.31.36.0-255,66,151532,17,321894
34174,0.041119,74.125.24.0-255,2902,154434,17,321894
34175,0.041122,172.31.36.0-255,66,154500,17,321894
34176,0.043065,74.125.24.0-255,2902,157402,17,321894
34177,0.043072,172.31.36.0-255,66,157468,17,321894
34178,0.043105,74.125.24.0-255,2902,160370,17,321894
34179,0.043108,172.31.36.0-255,66,160436,17,321894
34180,0.045057,74.125.24.0-255,2902,163338,17,321894
34181,0.045061,172.31.36.0-255,66,163404,17,321894
34182,0.045087,74.125.24.0-255,2902,166306,17,321894
34183,0.04509,172.31.36.0-255,66,166372,17,321894
34184,0.047049,74.125.24.0-255,2902,169274,17,321894
34185,0.047061,172.31.36.0-255,66,169340,17,321894
34186,0.047087,74.125.24.0-255,2902,172242,17,321894
34187,0.047091,172.31.36.0-255,66,172308,17,321894
34188,0.049036,74.125.24.0-255,2902,175210,17,321894
34189,0.049043,172.31.36.0-255,66,175276,17,321894
34190,0.049072,74.125.24.0-255,2902,178178,17,321894
34191,0.049075,172.31.36.0-255,66,178244,17,321894
34192,0.051019,74.125.24.0-255,2902,181146,17,321894
34193,0.05103,172.31.36.0-255,66,181212,17,321894
34194,0.05106,74.125.24.0-255,2902,184114,17,321894
34195,0.051064,172.31.36.0-255,66,184180,17,321894
34196,0.053034,74.125.24.0-255,2902,187082,17,321894
34197,0.053041,172.31.36.0-255,66,187148,17,321894
34198,0.053068,74.125.24.0-255,2902,190050,17,321894
34199,0.053071,172.31.36.0-255,66,190116,17,321894
34200,0.055029,74.125.24.0-255,2902,193018,17,321894
34201,0.055036,172.31.36.0-255,66,193084,17,321894
34202,0.055064,74.125.24.0-255,2902,195986,17,321894
34203,0.055066,172.31.36.0-255,66,196052,17,321894
34204,0.057017,74.125.24.0-255,2902,198954,17,321894
34205,0.057023,172.31.36.0-255,66,199020,17,321894
34206,0.057054,74.125.24.0-255,2902,201922,17,321894
34207,0.057057,172.31.36.0-255,66,201988,17,321894
34208,0.058989,74.125.24.0-255,2902,204890,17,321894
34209,0.058996,172.31.36.0-255,66,204956,17,321894
34210,0.05903,74.125.24.0-255,2902,207858,17,321894
34211,0.059032,172.31.36.0-255,66,207924,17,321894
34212,0.060956,74.125.24.0-255,2902,210826,17,321894
34213,0.060963,172.31.36.0-255,66,210892,17,321894
34214,0.060991,74.125.24.0-255,1484,212376,17,321894
34215,0.061007,74.125.24.0-255,1484,213860,17,321894
34216,0.061009,172.31.36.0-255,66,213926,17,321894
34217,0.062953,74.125.24.0-255,2902,216828,17,321894
34218,0.062959,172.31.36.0-255,66,216894,17,321894
34219,0.062991,74.125.24.0-255,2902,219796,17,321894
34220,0.062994,172.31.36.0-255,66,219862,17,321894
34221,0.064936,74.125.24.0-255,2902,222764,17,321894
34222,0.064942,172.31.36.0-255,66,222830,17,321894
34223,0.064971,74.125.24.0-255,2902,225732,17,321894
34224,0.064974,172.31.36.0-255,66,225798,17,321894
34225,0.066904,74.125.24.0-255,2902,228700,17,321894
34226,0.066912,172.31.36.0-255,66,228766,17,321894
34227,0.066937,74.125.24.0-255,2902,231668,17,321894
34228,0.06694,172.31.36.0-255,66,231734,17,321894
34229,0.068901,74.125.24.0-255,4320,236054,17,321894
34230,0.068909,172.31.36.0-255,66,236120,17,321894
34231,0.068943,74.125.24.0-255,1484,237604,17,321894
34232,0.070908,74.125.24.0-255,4320,241924,17,321894
34233,0.070915,172.31.36.0-255,66,241990,17,321894
34234,0.072889,74.125.24.0-255,5738,247728,17,321894
34235,0.072895,172.31.36.0-255,66,247794,17,321894
34236,0.074904,74.125.24.0-255,5738,253532,17,321894
34237,0.074912,172.31.36.0-255,66,253598,17,321894
34238,0.076896,74.125.24.0-255,5738,259336,17,321894
34239,0.076903,172.31.36.0-255,66,259402,17,321894
34240,0.078896,74.125.24.0-255,4320,263722,17,321894
34241,0.078902,172.31.36.0-255,66,263788,17,321894
34242,0.078931,74.125.24.0-255,1484,265272,17,321894
34243,0.080885,74.125.24.0-255,4320,269592,17,321894
34244,0.080892,172.31.36.0-255,66,269658,17,321894
34245,0.082919,74.125.24.0-255,5738,275396,17,321894
34246,0.082926,172.31.36.0-255,66,275462,17,321894
34247,0.084936,74.125.24.0-255,5738,281200,17,321894
34248,0.084948,172.31.36.0-255,66,281266,17,321894
34249,0.08694,74.125.24.0-255,5738,287004,17,321894
34250,0.086947,172.31.36.0-255,66,287070,17,321894
34251,0.088922,74.125.24.0-255,5738,292808,17,321894
34252,0.088929,172.31.36.0-255,66,292874,17,321894
34253,0.090905,74.125.24.0-255,5738,298612,17,321894
34254,0.090912,172.31.36.0-255,66,298678,17,321894
34255,0.092909,74.125.24.0-255,5738,304416,17,321894
34256,0.092915,172.31.36.0-255,66,304482,17,321894
34257,0.094892,74.125.24.0-255,5738,310220,17,321894
34258,0.094897,172.31.36.0-255,66,310286,17,321894
34259,0.096865,74.125.24.0-255,5738,316024,17,321894
34260,0.096873,172.31.36.0-255,66,316090,17,321894
34261,0.09884,74.125.24.0-255,5738,321828,17,321894
34262,0.098846,172.31.36.0-255,66,321894,17,321894
34263,0.0,172.217.160.0-255,146,146,17,403265
34264,2.4e-05,172.31.36.0-255,66,212,17,403265
34265,3.1e-05,172.217.160.0-255,1484,1696,17,403265
34266,3.5e-05,172.31.36.0-255,66,1762,17,403265
34267,4.2e-05,172.217.160.0-255,2902,4664,17,403265
34268,4.6e-05,172.31.36.0-255,66,4730,17,403265
34269,5.1e-05,172.217.160.0-255,2902,7632,17,403265
34270,5.4e-05,172.31.36.0-255,66,7698,17,403265
34271,5.8e-05,172.217.160.0-255,1484,9182,17,403265
34272,6.1e-05,172.31.36.0-255,66,9248,17,403265
34273,8.2e-05,172.217.160.0-255,4928,14176,17,403265
34274,8.5e-05,172.31.36.0-255,66,14242,17,403265
34275,9.3e-05,172.217.160.0-255,7156,21398,17,403265
34276,9.6e-05,172.31.36.0-255,66,21464,17,403265
34277,0.000127,172.31.36.0-255,66,21530,17,403265
34278,0.000397,172.217.160.0-255,1484,23014,17,403265
34279,0.000402,172.31.36.0-255,66,23080,17,403265
34280,0.000409,172.217.160.0-255,2902,25982,17,403265
34281,0.000411,172.31.36.0-255,66,26048,17,403265
34282,0.000418,172.217.160.0-255,5738,31786,17,403265
34283,0.000421,172.31.36.0-255,66,31852,17,403265
34284,0.000472,172.217.160.0-255,1484,33336,17,403265
34285,0.000476,172.31.36.0-255,66,33402,17,403265
34286,0.0005,172.217.160.0-255,6797,40199,17,403265
34287,0.000504,172.31.36.0-255,66,40265,17,403265
34288,0.000514,172.31.36.0-255,66,40331,17,403265
34289,0.000522,172.217.160.0-255,6797,47128,17,403265
34290,0.000524,172.31.36.0-255,66,47194,17,403265
34291,0.000708,172.217.160.0-255,335,47529,17,403265
34292,0.000713,172.31.36.0-255,66,47595,17,403265
34293,0.001026,172.217.160.0-255,407,48002,17,403265
34294,0.001066,172.31.36.0-255,66,48068,17,403265
34295,0.001096,172.217.160.0-255,1484,49552,17,403265
34296,0.001114,172.217.160.0-255,2902,52454,17,403265
34297,0.001118,172.31.36.0-255,66,52520,17,403265
34298,0.001125,172.217.160.0-255,5738,58258,17,403265
34299,0.001127,172.31.36.0-255,66,58324,17,403265
34300,0.001133,172.217.160.0-255,4320,62644,17,403265
34301,0.001135,172.31.36.0-255,66,62710,17,403265
34302,0.001168,172.217.160.0-255,4320,67030,17,403265
34303,0.00117,172.31.36.0-255,66,67096,17,403265
34304,0.001191,172.217.160.0-255,1125,68221,17,403265
34305,0.001199,172.217.160.0-255,7156,75377,17,403265
34306,0.001201,172.31.36.0-255,66,75443,17,403265
34307,0.001234,172.217.160.0-255,6797,82240,17,403265
34308,0.001237,172.31.36.0-255,66,82306,17,403265
34309,0.002866,172.217.160.0-255,5738,88044,17,403265
34310,0.002875,172.31.36.0-255,66,88110,17,403265
34311,0.004509,172.217.160.0-255,5738,93848,17,403265
34312,0.004518,172.31.36.0-255,66,93914,17,403265
34313,0.006161,172.217.160.0-255,5738,99652,17,403265
34314,0.006168,172.31.36.0-255,66,99718,17,403265
34315,0.007796,172.217.160.0-255,5738,105456,17,403265
34316,0.007802,172.31.36.0-255,66,105522,17,403265
34317,0.009459,172.217.160.0-255,5738,111260,17,403265
34318,0.009471,172.31.36.0-255,66,111326,17,403265
34319,0.011121,172.217.160.0-255,5738,117064,17,403265
34320,0.011137,172.31.36.0-255,66,117130,17,403265
34321,0.012794,172.217.160.0-255,5738,122868,17,403265
34322,0.012811,172.31.36.0-255,66,122934,17,403265
34323,0.01446,172.217.160.0-255,5738,128672,17,403265
34324,0.014475,172.31.36.0-255,66,128738,17,403265
34325,0.016123,172.217.160.0-255,5738,134476,17,403265
34326,0.01614,172.31.36.0-255,66,134542,17,403265
34327,0.017782,172.217.160.0-255,5738,140280,17,403265
34328,0.017796,172.31.36.0-255,66,140346,17,403265
34329,0.019425,172.217.160.0-255,5738,146084,17,403265
34330,0.019437,172.31.36.0-255,66,146150,17,403265
34331,0.021073,172.217.160.0-255,5738,151888,17,403265
34332,0.021088,172.31.36.0-255,66,151954,17,403265
34333,0.022721,172.217.160.0-255,5738,157692,17,403265
34334,0.02273,172.31.36.0-255,66,157758,17,403265
34335,0.024402,172.217.160.0-255,5738,163496,17,403265
34336,0.024413,172.31.36.0-255,66,163562,17,403265
34337,0.026048,172.217.160.0-255,5738,169300,17,403265
34338,0.026065,172.31.36.0-255,66,169366,17,403265
34339,0.027709,172.217.160.0-255,5738,175104,17,403265
34340,0.027722,172.31.36.0-255,66,175170,17,403265
34341,0.028436,172.31.36.0-255,172,175342,17,403265
34342,0.028479,172.31.36.0-255,1118,176460,17,403265
34343,0.028551,172.31.36.0-255,1514,177974,17,403265
34344,0.028552,172.31.36.0-255,1270,179244,17,403265
34345,0.029383,172.217.160.0-255,5738,184982,17,403265
34346,0.029391,172.31.36.0-255,66,185048,17,403265
34347,0.030007,104.244.42.0-255,66,185114,17,403265
34348,0.03005,104.244.42.0-255,66,185180,17,403265
34349,0.030146,104.244.42.0-255,66,185246,17,403265
34350,0.031029,172.217.160.0-255,5738,190984,17,403265
34351,0.031036,172.31.36.0-255,66,191050,17,403265
34352,0.032669,172.217.160.0-255,5738,196788,17,403265
34353,0.032677,172.31.36.0-255,66,196854,17,403265
34354,0.034326,172.217.160.0-255,5738,202592,17,403265
34355,0.034335,172.31.36.0-255,66,202658,17,403265
34356,0.035972,172.217.160.0-255,5738,208396,17,403265
34357,0.035979,172.31.36.0-255,66,208462,17,403265
34358,0.037624,172.217.160.0-255,5738,214200,17,403265
34359,0.037644,172.31.36.0-255,66,214266,17,403265
34360,0.039291,172.217.160.0-255,5738,220004,17,403265
34361,0.039305,172.31.36.0-255,66,220070,17,403265
34362,0.040979,172.217.160.0-255,5738,225808,17,403265
34363,0.040991,172.31.36.0-255,66,225874,17,403265
34364,0.042643,172.217.160.0-255,5738,231612,17,403265
34365,0.042654,172.31.36.0-255,66,231678,17,403265
34366,0.044305,172.217.160.0-255,5738,237416,17,403265
34367,0.044315,172.31.36.0-255,66,237482,17,403265
34368,0.045945,172.217.160.0-255,5738,243220,17,403265
34369,0.045954,172.31.36.0-255,66,243286,17,403265
34370,0.047588,172.217.160.0-255,5738,249024,17,403265
34371,0.047595,172.31.36.0-255,66,249090,17,403265
34372,0.049234,172.217.160.0-255,5738,254828,17,403265
34373,0.049241,172.31.36.0-255,66,254894,17,403265
34374,0.05088,172.217.160.0-255,5738,260632,17,403265
34375,0.050887,172.31.36.0-255,66,260698,17,403265
34376,0.052533,172.217.160.0-255,5738,266436,17,403265
34377,0.052543,172.31.36.0-255,66,266502,17,403265
34378,0.054178,172.217.160.0-255,5738,272240,17,403265
34379,0.054187,172.31.36.0-255,66,272306,17,403265
34380,0.05582,172.217.160.0-255,5738,278044,17,403265
34381,0.055828,172.31.36.0-255,66,278110,17,403265
34382,0.057466,172.217.160.0-255,5738,283848,17,403265
34383,0.057474,172.31.36.0-255,66,283914,17,403265
34384,0.059116,172.217.160.0-255,5738,289652,17,403265
34385,0.059124,172.31.36.0-255,66,289718,17,403265
34386,0.060774,172.217.160.0-255,5738,295456,17,403265
34387,0.060782,172.31.36.0-255,66,295522,17,403265
34388,0.062429,172.217.160.0-255,5738,301260,17,403265
34389,0.062437,172.31.36.0-255,66,301326,17,403265
34390,0.064071,172.217.160.0-255,5738,307064,17,403265
34391,0.064078,172.31.36.0-255,66,307130,17,403265
34392,0.065719,172.217.160.0-255,5738,312868,17,403265
34393,0.06573,172.31.36.0-255,66,312934,17,403265
34394,0.067368,172.217.160.0-255,5738,318672,17,403265
34395,0.067376,172.31.36.0-255,66,318738,17,403265
34396,0.069011,172.217.160.0-255,5738,324476,17,403265
34397,0.069022,172.31.36.0-255,66,324542,17,403265
34398,0.070658,172.217.160.0-255,5738,330280,17,403265
34399,0.070665,172.31.36.0-255,66,330346,17,403265
34400,0.072335,172.217.160.0-255,5738,336084,17,403265
34401,0.072343,172.31.36.0-255,66,336150,17,403265
34402,0.073984,172.217.160.0-255,5738,341888,17,403265
34403,0.073992,172.31.36.0-255,66,341954,17,403265
34404,0.075634,172.217.160.0-255,5738,347692,17,403265
34405,0.075644,172.31.36.0-255,66,347758,17,403265
34406,0.077362,172.217.160.0-255,5738,353496,17,403265
34407,0.07737,172.31.36.0-255,66,353562,17,403265
34408,0.079005,172.217.160.0-255,5738,359300,17,403265
34409,0.079013,172.31.36.0-255,66,359366,17,403265
34410,0.080654,172.217.160.0-255,5738,365104,17,403265
34411,0.080665,172.31.36.0-255,66,365170,17,403265
34412,0.082308,172.217.160.0-255,5738,370908,17,403265
34413,0.08232,172.31.36.0-255,66,370974,17,403265
34414,0.083962,172.217.160.0-255,5738,376712,17,403265
34415,0.083972,172.31.36.0-255,66,376778,17,403265
34416,0.085609,172.217.160.0-255,5738,382516,17,403265
34417,0.085617,172.31.36.0-255,66,382582,17,403265
34418,0.087259,172.217.160.0-255,5738,388320,17,403265
34419,0.08727,172.31.36.0-255,66,388386,17,403265
34420,0.088914,172.217.160.0-255,5738,394124,17,403265
34421,0.088924,172.31.36.0-255,66,394190,17,403265
34422,0.090578,172.217.160.0-255,5738,399928,17,403265
34423,0.090588,172.31.36.0-255,66,399994,17,403265
34424,0.092223,172.217.160.0-255,3034,403028,17,403265
34425,0.092233,172.31.36.0-255,66,403094,17,403265
34426,0.092426,172.31.36.0-255,105,403199,17,403265
34427,0.094036,172.217.160.0-255,66,403265,17,403265
34428,0.0,172.31.36.0-255,105,105,17,459
34429,0.000199,172.31.36.0-255,90,195,17,459
34430,0.000209,172.31.36.0-255,66,261,17,459
34431,0.00228,74.125.200.0-255,66,327,17,459
34432,0.002307,74.125.200.0-255,66,393,17,459
34433,0.002328,172.31.36.0-255,66,459,17,459
34434,0.0,74.125.68.0-255,153,153,17,410102
34435,3.3e-05,172.31.36.0-255,66,219,17,410102
34436,4e-05,74.125.68.0-255,1484,1703,17,410102
34437,4.4e-05,172.31.36.0-255,66,1769,17,410102
34438,4.9e-05,74.125.68.0-255,2902,4671,17,410102
34439,5.1e-05,172.31.36.0-255,66,4737,17,410102
34440,5.3e-05,74.125.68.0-255,1484,6221,17,410102
34441,5.6e-05,172.31.36.0-255,66,6287,17,410102
34442,8e-05,74.125.68.0-255,5738,12025,17,410102
34443,8.3e-05,172.31.36.0-255,66,12091,17,410102
34444,8.6e-05,74.125.68.0-255,2077,14168,17,410102
34445,8.8e-05,172.31.36.0-255,66,14234,17,410102
34446,0.000163,74.125.68.0-255,1484,15718,17,410102
34447,0.000168,172.31.36.0-255,66,15784,17,410102
34448,0.000172,74.125.68.0-255,2902,18686,17,410102
34449,0.000174,172.31.36.0-255,66,18752,17,410102
34450,0.000194,74.125.68.0-255,1484,20236,17,410102
34451,0.000196,172.31.36.0-255,66,20302,17,410102
34452,0.00021,74.125.68.0-255,4320,24622,17,410102
34453,0.000213,172.31.36.0-255,66,24688,17,410102
34454,0.000231,74.125.68.0-255,4320,29008,17,410102
34455,0.000234,172.31.36.0-255,66,29074,17,410102
34456,0.000261,74.125.68.0-255,2543,31617,17,410102
34457,0.000263,172.31.36.0-255,66,31683,17,410102
34458,0.000271,74.125.68.0-255,7156,38839,17,410102
34459,0.000273,74.125.68.0-255,1484,40323,17,410102
34460,0.000276,172.31.36.0-255,66,40389,17,410102
34461,0.000279,172.31.36.0-255,66,40455,17,410102
34462,0.000296,74.125.68.0-255,1484,41939,17,410102
34463,0.000298,172.31.36.0-255,66,42005,17,410102
34464,0.000325,74.125.68.0-255,5738,47743,17,410102
34465,0.000329,172.31.36.0-255,66,47809,17,410102
34466,0.000331,74.125.68.0-255,1125,48934,17,410102
34467,0.000335,74.125.68.0-255,1484,50418,17,410102
34468,0.000344,172.31.36.0-255,66,50484,17,410102
34469,0.000348,74.125.68.0-255,1484,51968,17,410102
34470,0.000362,74.125.68.0-255,2902,54870,17,410102
34471,0.000374,172.31.36.0-255,66,54936,17,410102
34472,0.000376,74.125.68.0-255,2902,57838,17,410102
34473,0.000389,172.31.36.0-255,66,57904,17,410102
34474,0.000396,74.125.68.0-255,4320,62224,17,410102
34475,0.000402,172.31.36.0-255,66,62290,17,410102
34476,0.000427,74.125.68.0-255,3961,66251,17,410102
34477,0.000433,172.31.36.0-255,66,66317,17,410102
34478,0.00045,74.125.68.0-255,648,66965,17,410102
34479,0.000786,172.31.36.0-255,66,67031,17,410102
34480,0.000901,74.125.68.0-255,1484,68515,17,410102
34481,0.00091,74.125.68.0-255,2902,71417,17,410102
34482,0.000913,74.125.68.0-255,1484,72901,17,410102
34483,0.000939,74.125.68.0-255,4320,77221,17,410102
34484,0.000943,74.125.68.0-255,2902,80123,17,410102
34485,0.000946,74.125.68.0-255,2902,83025,17,410102
34486,0.000958,74.125.68.0-255,1484,84509,17,410102
34487,0.000961,74.125.68.0-255,1484,85993,17,410102
34488,0.000965,172.31.36.0-255,66,86059,17,410102
34489,0.000987,74.125.68.0-255,7156,93215,17,410102
34490,0.000993,74.125.68.0-255,5738,98953,17,410102
34491,0.00102,172.31.36.0-255,66,99019,17,410102
34492,0.001034,74.125.68.0-255,2184,101203,17,410102
34493,0.001071,172.31.36.0-255,66,101269,17,410102
34494,0.001831,74.125.68.0-255,1484,102753,17,410102
34495,0.00184,74.125.68.0-255,2902,105655,17,410102
34496,0.001844,172.31.36.0-255,66,105721,17,410102
34497,0.001848,74.125.68.0-255,1484,107205,17,410102
34498,0.00187,74.125.68.0-255,4320,111525,17,410102
34499,0.001886,172.31.36.0-255,66,111591,17,410102
34500,0.001896,74.125.68.0-255,5738,117329,17,410102
34501,0.001902,172.31.36.0-255,66,117395,17,410102
34502,0.001916,74.125.68.0-255,7156,124551,17,410102
34503,0.001949,74.125.68.0-255,5738,130289,17,410102
34504,0.001962,172.31.36.0-255,66,130355,17,410102
34505,0.001969,74.125.68.0-255,5020,135375,17,410102
34506,0.001973,172.31.36.0-255,66,135441,17,410102
34507,0.00199,74.125.68.0-255,2902,138343,17,410102
34508,0.002007,74.125.68.0-255,2902,141245,17,410102
34509,0.002011,74.125.68.0-255,2902,144147,17,410102
34510,0.002029,74.125.68.0-255,4320,148467,17,410102
34511,0.002035,172.31.36.0-255,66,148533,17,410102
34512,0.002045,74.125.68.0-255,4320,152853,17,410102
34513,0.002061,74.125.68.0-255,7156,160009,17,410102
34514,0.00207,74.125.68.0-255,1484,161493,17,410102
34515,0.002077,172.31.36.0-255,66,161559,17,410102
34516,0.002133,74.125.68.0-255,4320,165879,17,410102
34517,0.002145,172.31.36.0-255,66,165945,17,410102
34518,0.00215,74.125.68.0-255,3602,169547,17,410102
34519,0.002162,172.31.36.0-255,66,169613,17,410102
34520,0.002189,74.125.68.0-255,2902,172515,17,410102
34521,0.002198,172.31.36.0-255,66,172581,17,410102
34522,0.002209,74.125.68.0-255,7156,179737,17,410102
34523,0.002221,172.31.36.0-255,66,179803,17,410102
34524,0.002234,74.125.68.0-255,1484,181287,17,410102
34525,0.002251,74.125.68.0-255,2902,184189,17,410102
34526,0.002262,74.125.68.0-255,2184,186373,17,410102
34527,0.002272,172.31.36.0-255,66,186439,17,410102
34528,0.002322,74.125.68.0-255,1484,187923,17,410102
34529,0.002326,74.125.68.0-255,1484,189407,17,410102
34530,0.002342,172.31.36.0-255,66,189473,17,410102
34531,0.004561,74.125.68.0-255,2902,192375,17,410102
34532,0.004565,172.31.36.0-255,66,192441,17,410102
34533,0.004634,74.125.68.0-255,2902,195343,17,410102
34534,0.004637,172.31.36.0-255,66,195409,17,410102
34535,0.00688,74.125.68.0-255,2902,198311,17,410102
34536,0.006888,172.31.36.0-255,66,198377,17,410102
34537,0.006932,74.125.68.0-255,2902,201279,17,410102
34538,0.006947,172.31.36.0-255,66,201345,17,410102
34539,0.009193,74.125.68.0-255,2902,204247,17,410102
34540,0.009201,172.31.36.0-255,66,204313,17,410102
34541,0.009297,74.125.68.0-255,2902,207215,17,410102
34542,0.009303,172.31.36.0-255,66,207281,17,410102
34543,0.011498,74.125.68.0-255,2902,210183,17,410102
34544,0.011505,172.31.36.0-255,66,210249,17,410102
34545,0.011601,74.125.68.0-255,2902,213151,17,410102
34546,0.011622,172.31.36.0-255,66,213217,17,410102
34547,0.013809,74.125.68.0-255,2902,216119,17,410102
34548,0.013817,172.31.36.0-255,66,216185,17,410102
34549,0.013912,74.125.68.0-255,2902,219087,17,410102
34550,0.013916,172.31.36.0-255,66,219153,17,410102
34551,0.016123,74.125.68.0-255,2902,222055,17,410102
34552,0.01613,172.31.36.0-255,66,222121,17,410102
34553,0.016221,74.125.68.0-255,2902,225023,17,410102
34554,0.016279,172.31.36.0-255,66,225089,17,410102
34555,0.01845,74.125.68.0-255,2902,227991,17,410102
34556,0.018458,172.31.36.0-255,66,228057,17,410102
34557,0.018584,74.125.68.0-255,2902,230959,17,410102
34558,0.018641,172.31.36.0-255,66,231025,17,410102
34559,0.020772,74.125.68.0-255,2902,233927,17,410102
34560,0.020779,172.31.36.0-255,66,233993,17,410102
34561,0.020948,74.125.68.0-255,2902,236895,17,410102
34562,0.020953,172.31.36.0-255,66,236961,17,410102
34563,0.023106,74.125.68.0-255,2902,239863,17,410102
34564,0.023113,172.31.36.0-255,66,239929,17,410102
34565,0.023269,74.125.68.0-255,1484,241413,17,410102
34566,0.023287,74.125.68.0-255,1484,242897,17,410102
34567,0.023292,172.31.36.0-255,66,242963,17,410102
34568,0.025418,74.125.68.0-255,2902,245865,17,410102
34569,0.025424,172.31.36.0-255,66,245931,17,410102
34570,0.02559,74.125.68.0-255,2902,248833,17,410102
34571,0.025597,172.31.36.0-255,66,248899,17,410102
34572,0.025902,172.31.36.0-255,176,249075,17,410102
34573,0.025946,172.31.36.0-255,1116,250191,17,410102
34574,0.026075,172.31.36.0-255,1514,251705,17,410102
34575,0.026077,172.31.36.0-255,1274,252979,17,410102
34576,0.027441,104.244.42.0-255,66,253045,17,410102
34577,0.027492,104.244.42.0-255,66,253111,17,410102
34578,0.027633,104.244.42.0-255,66,253177,17,410102
34579,0.02772,74.125.68.0-255,2902,256079,17,410102
34580,0.027724,172.31.36.0-255,66,256145,17,410102
34581,0.027886,74.125.68.0-255,2902,259047,17,410102
34582,0.027891,172.31.36.0-255,66,259113,17,410102
34583,0.030029,74.125.68.0-255,2902,262015,17,410102
34584,0.030035,172.31.36.0-255,66,262081,17,410102
34585,0.030179,74.125.68.0-255,2902,264983,17,410102
34586,0.030185,172.31.36.0-255,66,265049,17,410102
34587,0.032334,74.125.68.0-255,2902,267951,17,410102
34588,0.032339,172.31.36.0-255,66,268017,17,410102
34589,0.032486,74.125.68.0-255,2902,270919,17,410102
34590,0.032491,172.31.36.0-255,66,270985,17,410102
34591,0.03464,74.125.68.0-255,2902,273887,17,410102
34592,0.034647,172.31.36.0-255,66,273953,17,410102
34593,0.034796,74.125.68.0-255,2902,276855,17,410102
34594,0.035162,172.31.36.0-255,66,276921,17,410102
34595,0.036955,74.125.68.0-255,2902,279823,17,410102
34596,0.036961,172.31.36.0-255,66,279889,17,410102
34597,0.037467,74.125.68.0-255,2902,282791,17,410102
34598,0.037472,172.31.36.0-255,66,282857,17,410102
34599,0.03926,74.125.68.0-255,2902,285759,17,410102
34600,0.039265,172.31.36.0-255,66,285825,17,410102
34601,0.039768,74.125.68.0-255,2902,288727,17,410102
34602,0.039773,172.31.36.0-255,66,288793,17,410102
34603,0.041564,74.125.68.0-255,2902,291695,17,410102
34604,0.041569,172.31.36.0-255,66,291761,17,410102
34605,0.042061,74.125.68.0-255,2902,294663,17,410102
34606,0.042066,172.31.36.0-255,66,294729,17,410102
34607,0.043873,74.125.68.0-255,2902,297631,17,410102
34608,0.043878,172.31.36.0-255,66,297697,17,410102
34609,0.044363,74.125.68.0-255,2902,300599,17,410102
34610,0.044369,172.31.36.0-255,66,300665,17,410102
34611,0.046177,74.125.68.0-255,2902,303567,17,410102
34612,0.046182,172.31.36.0-255,66,303633,17,410102
34613,0.04666,74.125.68.0-255,2902,306535,17,410102
34614,0.046665,172.31.36.0-255,66,306601,17,410102
34615,0.048485,74.125.68.0-255,2902,309503,17,410102
34616,0.04849,172.31.36.0-255,66,309569,17,410102
34617,0.048955,74.125.68.0-255,2902,312471,17,410102
34618,0.04896,172.31.36.0-255,66,312537,17,410102
34619,0.050794,74.125.68.0-255,2902,315439,17,410102
34620,0.050798,172.31.36.0-255,66,315505,17,410102
34621,0.051257,74.125.68.0-255,2902,318407,17,410102
34622,0.051262,172.31.36.0-255,66,318473,17,410102
34623,0.053099,74.125.68.0-255,2902,321375,17,410102
34624,0.053105,172.31.36.0-255,66,321441,17,410102
34625,0.053687,74.125.68.0-255,2902,324343,17,410102
34626,0.053692,172.31.36.0-255,66,324409,17,410102
34627,0.055392,74.125.68.0-255,2902,327311,17,410102
34628,0.055397,172.31.36.0-255,66,327377,17,410102
34629,0.055981,74.125.68.0-255,2902,330279,17,410102
34630,0.055986,172.31.36.0-255,66,330345,17,410102
34631,0.057685,74.125.68.0-255,2902,333247,17,410102
34632,0.05769,172.31.36.0-255,66,333313,17,410102
34633,0.058277,74.125.68.0-255,2902,336215,17,410102
34634,0.058283,172.31.36.0-255,66,336281,17,410102
34635,0.060015,74.125.68.0-255,2902,339183,17,410102
34636,0.06002,172.31.36.0-255,66,339249,17,410102
34637,0.060587,74.125.68.0-255,2902,342151,17,410102
34638,0.060592,172.31.36.0-255,66,342217,17,410102
34639,0.062316,74.125.68.0-255,2902,345119,17,410102
34640,0.062321,172.31.36.0-255,66,345185,17,410102
34641,0.062882,74.125.68.0-255,2902,348087,17,410102
34642,0.062887,172.31.36.0-255,66,348153,17,410102
34643,0.064626,74.125.68.0-255,2902,351055,17,410102
34644,0.064631,172.31.36.0-255,66,351121,17,410102
34645,0.065189,74.125.68.0-255,2902,354023,17,410102
34646,0.065194,172.31.36.0-255,66,354089,17,410102
34647,0.066933,74.125.68.0-255,2902,356991,17,410102
34648,0.066938,172.31.36.0-255,66,357057,17,410102
34649,0.067489,74.125.68.0-255,2902,359959,17,410102
34650,0.067495,172.31.36.0-255,66,360025,17,410102
34651,0.069241,74.125.68.0-255,2902,362927,17,410102
34652,0.069247,172.31.36.0-255,66,362993,17,410102
34653,0.069792,74.125.68.0-255,2902,365895,17,410102
34654,0.069797,172.31.36.0-255,66,365961,17,410102
34655,0.071542,74.125.68.0-255,2902,368863,17,410102
34656,0.071562,172.31.36.0-255,66,368929,17,410102
34657,0.072097,74.125.68.0-255,2902,371831,17,410102
34658,0.072102,172.31.36.0-255,66,371897,17,410102
34659,0.073864,74.125.68.0-255,2902,374799,17,410102
34660,0.073869,172.31.36.0-255,66,374865,17,410102
34661,0.074407,74.125.68.0-255,2902,377767,17,410102
34662,0.074412,172.31.36.0-255,66,377833,17,410102
34663,0.076169,74.125.68.0-255,2902,380735,17,410102
34664,0.076174,172.31.36.0-255,66,380801,17,410102
34665,0.076714,74.125.68.0-255,2902,383703,17,410102
34666,0.076719,172.31.36.0-255,66,383769,17,410102
34667,0.078473,74.125.68.0-255,2902,386671,17,410102
34668,0.078478,172.31.36.0-255,66,386737,17,410102
34669,0.079022,74.125.68.0-255,2902,389639,17,410102
34670,0.079027,172.31.36.0-255,66,389705,17,410102
34671,0.080768,74.125.68.0-255,2902,392607,17,410102
34672,0.080774,172.31.36.0-255,66,392673,17,410102
34673,0.081324,74.125.68.0-255,2902,395575,17,410102
34674,0.08133,172.31.36.0-255,66,395641,17,410102
34675,0.083077,74.125.68.0-255,2902,398543,17,410102
34676,0.083082,172.31.36.0-255,66,398609,17,410102
34677,0.083635,74.125.68.0-255,2902,401511,17,410102
34678,0.08364,172.31.36.0-255,66,401577,17,410102
34679,0.085388,74.125.68.0-255,2902,404479,17,410102
34680,0.085393,172.31.36.0-255,66,404545,17,410102
34681,0.085927,74.125.68.0-255,2902,407447,17,410102
34682,0.085933,172.31.36.0-255,66,407513,17,410102
34683,0.087682,74.125.68.0-255,2352,409865,17,410102
34684,0.087688,172.31.36.0-255,66,409931,17,410102
34685,0.087854,172.31.36.0-255,105,410036,17,410102
34686,0.090122,74.125.68.0-255,66,410102,17,410102
34687,0.0,172.217.194.0-255,150,150,17,346250
34688,1.4e-05,172.31.36.0-255,66,216,17,346250
34689,2.1e-05,172.217.194.0-255,1484,1700,17,346250
34690,2.5e-05,172.31.36.0-255,66,1766,17,346250
34691,3.2e-05,172.217.194.0-255,2902,4668,17,346250
34692,4.4e-05,172.31.36.0-255,66,4734,17,346250
34693,5.2e-05,172.217.194.0-255,7156,11890,17,346250
34694,5.5e-05,172.31.36.0-255,66,11956,17,346250
34695,6e-05,172.217.194.0-255,3459,15415,17,346250
34696,6.3e-05,172.31.36.0-255,66,15481,17,346250
34697,7.5e-05,172.31.36.0-255,66,15547,17,346250
34698,0.000103,172.217.194.0-255,4320,19867,17,346250
34699,0.000106,172.31.36.0-255,66,19933,17,346250
34700,0.00011,172.217.194.0-255,2543,22476,17,346250
34701,0.000112,172.31.36.0-255,66,22542,17,346250
34702,0.000143,172.217.194.0-255,2902,25444,17,346250
34703,0.000146,172.31.36.0-255,66,25510,17,346250
34704,0.000153,172.217.194.0-255,4320,29830,17,346250
34705,0.000155,172.31.36.0-255,66,29896,17,346250
34706,0.000165,172.217.194.0-255,4320,34216,17,346250
34707,0.000167,172.31.36.0-255,66,34282,17,346250
34708,0.000198,172.217.194.0-255,4320,38602,17,346250
34709,0.000201,172.31.36.0-255,66,38668,17,346250
34710,0.000206,172.217.194.0-255,4320,42988,17,346250
34711,0.000209,172.31.36.0-255,66,43054,17,346250
34712,0.000243,172.31.36.0-255,66,43120,17,346250
34713,0.000271,172.217.194.0-255,3602,46722,17,346250
34714,0.000273,172.31.36.0-255,66,46788,17,346250
34715,0.000276,172.217.194.0-255,678,47466,17,346250
34716,0.000278,172.31.36.0-255,66,47532,17,346250
34717,0.000517,172.217.194.0-255,1484,49016,17,346250
34718,0.000524,172.217.194.0-255,2902,51918,17,346250
34719,0.000549,172.217.194.0-255,4320,56238,17,346250
34720,0.000558,172.31.36.0-255,66,56304,17,346250
34721,0.000586,172.217.194.0-255,1484,57788,17,346250
34722,0.000594,172.217.194.0-255,7156,64944,17,346250
34723,0.00061,172.217.194.0-255,2184,67128,17,346250
34724,0.000625,172.31.36.0-255,66,67194,17,346250
34725,0.000971,172.217.194.0-255,1484,68678,17,346250
34726,0.000977,172.217.194.0-255,2902,71580,17,346250
34727,0.00098,172.31.36.0-255,66,71646,17,346250
34728,0.000987,172.217.194.0-255,5738,77384,17,346250
34729,0.001015,172.217.194.0-255,7156,84540,17,346250
34730,0.001032,172.217.194.0-255,5738,90278,17,346250
34731,0.001041,172.31.36.0-255,66,90344,17,346250
34732,0.001088,172.31.36.0-255,66,90410,17,346250
34733,0.001168,172.217.194.0-255,1484,91894,17,346250
34734,0.001172,172.217.194.0-255,1484,93378,17,346250
34735,0.001185,172.217.194.0-255,1484,94862,17,346250
34736,0.001224,172.31.36.0-255,66,94928,17,346250
34737,0.001237,172.217.194.0-255,5738,100666,17,346250
34738,0.001249,172.217.194.0-255,7156,107822,17,346250
34739,0.001266,172.217.194.0-255,2184,110006,17,346250
34740,0.001288,172.31.36.0-255,66,110072,17,346250
34741,0.002036,172.217.194.0-255,1484,111556,17,346250
34742,0.002041,172.217.194.0-255,1484,113040,17,346250
34743,0.002044,172.31.36.0-255,66,113106,17,346250
34744,0.002065,172.217.194.0-255,1484,114590,17,346250
34745,0.002072,172.217.194.0-255,5738,120328,17,346250
34746,0.002076,172.217.194.0-255,2902,123230,17,346250
34747,0.002091,172.217.194.0-255,2902,126132,17,346250
34748,0.002095,172.217.194.0-255,2902,129034,17,346250
34749,0.002106,172.31.36.0-255,66,129100,17,346250
34750,0.002125,172.217.194.0-255,5020,134120,17,346250
34751,0.002134,172.31.36.0-255,66,134186,17,346250
34752,0.002221,172.217.194.0-255,1484,135670,17,346250
34753,0.002238,172.217.194.0-255,2902,138572,17,346250
34754,0.002241,172.217.194.0-255,1484,140056,17,346250
34755,0.002259,172.217.194.0-255,4320,144376,17,346250
34756,0.002262,172.31.36.0-255,66,144442,17,346250
34757,0.00227,172.217.194.0-255,2902,147344,17,346250
34758,0.002276,172.31.36.0-255,66,147410,17,346250
34759,0.002319,172.31.36.0-255,66,147476,17,346250
34760,0.002327,172.217.194.0-255,7156,154632,17,346250
34761,0.002333,172.31.36.0-255,66,154698,17,346250
34762,0.002363,172.217.194.0-255,5020,159718,17,346250
34763,0.002377,172.31.36.0-255,66,159784,17,346250
34764,0.004688,172.217.194.0-255,5738,165522,17,346250
34765,0.004695,172.31.36.0-255,66,165588,17,346250
34766,0.006994,172.217.194.0-255,4320,169908,17,346250
34767,0.007,172.31.36.0-255,66,169974,17,346250
34768,0.007022,172.217.194.0-255,1484,171458,17,346250
34769,0.009328,172.217.194.0-255,4320,175778,17,346250
34770,0.009335,172.31.36.0-255,66,175844,17,346250
34771,0.011628,172.217.194.0-255,5738,181582,17,346250
34772,0.015642,172.31.36.0-255,66,181648,17,346250
34773,0.017977,172.217.194.0-255,5738,187386,17,346250
34774,0.017989,172.31.36.0-255,66,187452,17,346250
34775,0.020298,172.217.194.0-255,5738,193190,17,346250
34776,0.020307,172.31.36.0-255,66,193256,17,346250
34777,0.022603,172.217.194.0-255,5738,198994,17,346250
34778,0.022611,172.31.36.0-255,66,199060,17,346250
34779,0.024894,172.217.194.0-255,5738,204798,17,346250
34780,0.024901,172.31.36.0-255,66,204864,17,346250
34781,0.027226,172.217.194.0-255,5738,210602,17,346250
34782,0.027232,172.31.36.0-255,66,210668,17,346250
34783,0.02796,172.31.36.0-255,172,210840,17,346250
34784,0.027993,172.31.36.0-255,1116,211956,17,346250
34785,0.028051,172.31.36.0-255,1514,213470,17,346250
34786,0.028053,172.31.36.0-255,1272,214742,17,346250
34787,0.029496,104.244.42.0-255,66,214808,17,346250
34788,0.029542,104.244.42.0-255,66,214874,17,346250
34789,0.029568,172.217.194.0-255,5738,220612,17,346250
34790,0.029573,172.31.36.0-255,66,220678,17,346250
34791,0.029613,104.244.42.0-255,66,220744,17,346250
34792,0.031888,172.217.194.0-255,5738,226482,17,346250
34793,0.031893,172.31.36.0-255,66,226548,17,346250
34794,0.034218,172.217.194.0-255,5738,232286,17,346250
34795,0.034225,172.31.36.0-255,66,232352,17,346250
34796,0.036555,172.217.194.0-255,5738,238090,17,346250
34797,0.036561,172.31.36.0-255,66,238156,17,346250
34798,0.038934,172.217.194.0-255,5738,243894,17,346250
34799,0.03894,172.31.36.0-255,66,243960,17,346250
34800,0.041271,172.217.194.0-255,5738,249698,17,346250
34801,0.041276,172.31.36.0-255,66,249764,17,346250
34802,0.04359,172.217.194.0-255,5738,255502,17,346250
34803,0.043597,172.31.36.0-255,66,255568,17,346250
34804,0.045929,172.217.194.0-255,5738,261306,17,346250
34805,0.045937,172.31.36.0-255,66,261372,17,346250
34806,0.048232,172.217.194.0-255,5738,267110,17,346250
34807,0.048238,172.31.36.0-255,66,267176,17,346250
34808,0.050563,172.217.194.0-255,5738,272914,17,346250
34809,0.050569,172.31.36.0-255,66,272980,17,346250
34810,0.052874,172.217.194.0-255,5738,278718,17,346250
34811,0.052882,172.31.36.0-255,66,278784,17,346250
34812,0.055212,172.217.194.0-255,5738,284522,17,346250
34813,0.055218,172.31.36.0-255,66,284588,17,346250
34814,0.057562,172.217.194.0-255,5738,290326,17,346250
34815,0.057569,172.31.36.0-255,66,290392,17,346250
34816,0.059898,172.217.194.0-255,5738,296130,17,346250
34817,0.059904,172.31.36.0-255,66,296196,17,346250
34818,0.062187,172.217.194.0-255,5738,301934,17,346250
34819,0.062194,172.31.36.0-255,66,302000,17,346250
34820,0.064514,172.217.194.0-255,5738,307738,17,346250
34821,0.06452,172.31.36.0-255,66,307804,17,346250
34822,0.06683,172.217.194.0-255,5738,313542,17,346250
34823,0.066836,172.31.36.0-255,66,313608,17,346250
34824,0.069155,172.217.194.0-255,5738,319346,17,346250
34825,0.069161,172.31.36.0-255,66,319412,17,346250
34826,0.071491,172.217.194.0-255,5738,325150,17,346250
34827,0.071498,172.31.36.0-255,66,325216,17,346250
34828,0.073812,172.217.194.0-255,5738,330954,17,346250
34829,0.073819,172.31.36.0-255,66,331020,17,346250
34830,0.076162,172.217.194.0-255,5738,336758,17,346250
34831,0.076169,172.31.36.0-255,66,336824,17,346250
34832,0.078468,172.217.194.0-255,5738,342562,17,346250
34833,0.078475,172.31.36.0-255,66,342628,17,346250
34834,0.080762,172.217.194.0-255,3385,346013,17,346250
34835,0.080768,172.31.36.0-255,66,346079,17,346250
34836,0.080939,172.31.36.0-255,105,346184,17,346250
34837,0.083234,172.217.194.0-255,66,346250,17,346250
34838,0.0,216.58.203.0-255,150,150,17,384977
34839,4.4e-05,172.31.36.0-255,66,216,17,384977
34840,5.2e-05,216.58.203.0-255,1484,1700,17,384977
34841,5.6e-05,172.31.36.0-255,66,1766,17,384977
34842,6.2e-05,216.58.203.0-255,2902,4668,17,384977
34843,7.4e-05,172.31.36.0-255,66,4734,17,384977
34844,8.1e-05,216.58.203.0-255,7156,11890,17,384977
34845,8.4e-05,172.31.36.0-255,66,11956,17,384977
34846,8.8e-05,216.58.203.0-255,2042,13998,17,384977
34847,9.1e-05,172.31.36.0-255,66,14064,17,384977
34848,9.6e-05,216.58.203.0-255,2902,16966,17,384977
34849,9.8e-05,172.31.36.0-255,66,17032,17,384977
34850,0.000131,216.58.203.0-255,1484,18516,17,384977
34851,0.000135,172.31.36.0-255,66,18582,17,384977
34852,0.000174,216.58.203.0-255,5738,24320,17,384977
34853,0.000179,172.31.36.0-255,66,24386,17,384977
34854,0.000186,216.58.203.0-255,6797,31183,17,384977
34855,0.000189,172.31.36.0-255,66,31249,17,384977
34856,0.000269,216.58.203.0-255,1484,32733,17,384977
34857,0.000272,172.31.36.0-255,66,32799,17,384977
34858,0.000291,216.58.203.0-255,2902,35701,17,384977
34859,0.000294,172.31.36.0-255,66,35767,17,384977
34860,0.000298,216.58.203.0-255,2902,38669,17,384977
34861,0.0003,172.31.36.0-255,66,38735,17,384977
34862,0.00033,216.58.203.0-255,2902,41637,17,384977
34863,0.000333,172.31.36.0-255,66,41703,17,384977
34864,0.00034,216.58.203.0-255,5738,47441,17,384977
34865,0.000342,172.31.36.0-255,66,47507,17,384977
34866,0.000345,216.58.203.0-255,1125,48632,17,384977
34867,0.000347,172.31.36.0-255,66,48698,17,384977
34868,0.000377,216.58.203.0-255,1484,50182,17,384977
34869,0.000381,172.31.36.0-255,66,50248,17,384977
34870,0.000386,216.58.203.0-255,2902,53150,17,384977
34871,0.000388,172.31.36.0-255,66,53216,17,384977
34872,0.000394,216.58.203.0-255,5738,58954,17,384977
34873,0.000397,172.31.36.0-255,66,59020,17,384977
34874,0.000423,216.58.203.0-255,5738,64758,17,384977
34875,0.000427,172.31.36.0-255,66,64824,17,384977
34876,0.000454,216.58.203.0-255,1394,66218,17,384977
34877,0.00065,216.58.203.0-255,135,66353,17,384977
34878,0.000789,172.31.36.0-255,66,66419,17,384977
34879,0.000822,216.58.203.0-255,1484,67903,17,384977
34880,0.000829,216.58.203.0-255,2902,70805,17,384977
34881,0.000832,172.31.36.0-255,66,70871,17,384977
34882,0.000837,216.58.203.0-255,2902,73773,17,384977
34883,0.000839,172.31.36.0-255,66,73839,17,384977
34884,0.000844,216.58.203.0-255,4320,78159,17,384977
34885,0.000846,172.31.36.0-255,66,78225,17,384977
34886,0.000889,172.31.36.0-255,66,78291,17,384977
34887,0.000929,172.31.36.0-255,66,78357,17,384977
34888,0.000941,216.58.203.0-255,2828,81185,17,384977
34889,0.000956,172.31.36.0-255,66,81251,17,384977
34890,0.001168,216.58.203.0-255,1484,82735,17,384977
34891,0.001177,216.58.203.0-255,2902,85637,17,384977
34892,0.001181,172.31.36.0-255,66,85703,17,384977
34893,0.001186,216.58.203.0-255,2902,88605,17,384977
34894,0.001188,172.31.36.0-255,66,88671,17,384977
34895,0.001192,216.58.203.0-255,1484,90155,17,384977
34896,0.00122,216.58.203.0-255,2902,93057,17,384977
34897,0.001223,172.31.36.0-255,66,93123,17,384977
34898,0.001234,172.31.36.0-255,66,93189,17,384977
34899,0.001268,172.31.36.0-255,66,93255,17,384977
34900,0.001296,216.58.203.0-255,1484,94739,17,384977
34901,0.0013,216.58.203.0-255,766,95505,17,384977
34902,0.001303,172.31.36.0-255,66,95571,17,384977
34903,0.002942,216.58.203.0-255,2902,98473,17,384977
34904,0.002949,172.31.36.0-255,66,98539,17,384977
34905,0.002977,216.58.203.0-255,2902,101441,17,384977
34906,0.00298,172.31.36.0-255,66,101507,17,384977
34907,0.004613,216.58.203.0-255,2902,104409,17,384977
34908,0.004617,172.31.36.0-255,66,104475,17,384977
34909,0.004643,216.58.203.0-255,2902,107377,17,384977
34910,0.004646,172.31.36.0-255,66,107443,17,384977
34911,0.006289,216.58.203.0-255,2902,110345,17,384977
34912,0.006291,172.31.36.0-255,66,110411,17,384977
34913,0.006318,216.58.203.0-255,2902,113313,17,384977
34914,0.00632,172.31.36.0-255,66,113379,17,384977
34915,0.007961,216.58.203.0-255,2902,116281,17,384977
34916,0.007967,172.31.36.0-255,66,116347,17,384977
34917,0.007998,216.58.203.0-255,2902,119249,17,384977
34918,0.008001,172.31.36.0-255,66,119315,17,384977
34919,0.009643,216.58.203.0-255,2902,122217,17,384977
34920,0.009651,172.31.36.0-255,66,122283,17,384977
34921,0.009684,216.58.203.0-255,2902,125185,17,384977
34922,0.009688,172.31.36.0-255,66,125251,17,384977
34923,0.011337,216.58.203.0-255,2902,128153,17,384977
34924,0.011343,172.31.36.0-255,66,128219,17,384977
34925,0.011376,216.58.203.0-255,2902,131121,17,384977
34926,0.01138,172.31.36.0-255,66,131187,17,384977
34927,0.013058,216.58.203.0-255,5738,136925,17,384977
34928,0.013078,172.31.36.0-255,66,136991,17,384977
34929,0.014767,216.58.203.0-255,5738,142729,17,384977
34930,0.014779,172.31.36.0-255,66,142795,17,384977
34931,0.016461,216.58.203.0-255,5738,148533,17,384977
34932,0.016468,172.31.36.0-255,66,148599,17,384977
34933,0.018144,216.58.203.0-255,5738,154337,17,384977
34934,0.018151,172.31.36.0-255,66,154403,17,384977
34935,0.019825,216.58.203.0-255,4320,158723,17,384977
34936,0.019832,172.31.36.0-255,66,158789,17,384977
34937,0.019859,216.58.203.0-255,1484,160273,17,384977
34938,0.02155,216.58.203.0-255,4320,164593,17,384977
34939,0.021558,172.31.36.0-255,66,164659,17,384977
34940,0.022192,172.31.36.0-255,172,164831,17,384977
34941,0.022223,172.31.36.0-255,1116,165947,17,384977
34942,0.02228,172.31.36.0-255,1514,167461,17,384977
34943,0.022282,172.31.36.0-255,1272,168733,17,384977
34944,0.023237,216.58.203.0-255,5738,174471,17,384977
34945,0.023242,172.31.36.0-255,66,174537,17,384977
34946,0.023714,104.244.42.0-255,66,174603,17,384977
34947,0.023757,104.244.42.0-255,66,174669,17,384977
34948,0.023853,104.244.42.0-255,66,174735,17,384977
34949,0.02492,216.58.203.0-255,5738,180473,17,384977
34950,0.024924,172.31.36.0-255,66,180539,17,384977
34951,0.026602,216.58.203.0-255,5738,186277,17,384977
34952,0.026608,172.31.36.0-255,66,186343,17,384977
34953,0.028283,216.58.203.0-255,5738,192081,17,384977
34954,0.028289,172.31.36.0-255,66,192147,17,384977
34955,0.029955,216.58.203.0-255,5738,197885,17,384977
34956,0.029961,172.31.36.0-255,66,197951,17,384977
34957,0.031643,216.58.203.0-255,5738,203689,17,384977
34958,0.031649,172.31.36.0-255,66,203755,17,384977
34959,0.033329,216.58.203.0-255,5738,209493,17,384977
34960,0.033334,172.31.36.0-255,66,209559,17,384977
34961,0.035029,216.58.203.0-255,5738,215297,17,384977
34962,0.035036,172.31.36.0-255,66,215363,17,384977
34963,0.036696,216.58.203.0-255,4320,219683,17,384977
34964,0.036701,172.31.36.0-255,66,219749,17,384977
34965,0.036732,216.58.203.0-255,1484,221233,17,384977
34966,0.038375,216.58.203.0-255,4320,225553,17,384977
34967,0.038381,172.31.36.0-255,66,225619,17,384977
34968,0.04005,216.58.203.0-255,5738,231357,17,384977
34969,0.040056,172.31.36.0-255,66,231423,17,384977
34970,0.041735,216.58.203.0-255,5738,237161,17,384977
34971,0.04174,172.31.36.0-255,66,237227,17,384977
34972,0.043405,216.58.203.0-255,5738,242965,17,384977
34973,0.043411,172.31.36.0-255,66,243031,17,384977
34974,0.045097,216.58.203.0-255,5738,248769,17,384977
34975,0.045108,172.31.36.0-255,66,248835,17,384977
34976,0.046784,216.58.203.0-255,5738,254573,17,384977
34977,0.04679,172.31.36.0-255,66,254639,17,384977
34978,0.048459,216.58.203.0-255,5738,260377,17,384977
34979,0.048464,172.31.36.0-255,66,260443,17,384977
34980,0.050137,216.58.203.0-255,5738,266181,17,384977
34981,0.050143,172.31.36.0-255,66,266247,17,384977
34982,0.05182,216.58.203.0-255,5738,271985,17,384977
34983,0.051825,172.31.36.0-255,66,272051,17,384977
34984,0.053498,216.58.203.0-255,5738,277789,17,384977
34985,0.053503,172.31.36.0-255,66,277855,17,384977
34986,0.055193,216.58.203.0-255,4320,282175,17,384977
34987,0.055198,172.31.36.0-255,66,282241,17,384977
34988,0.055233,216.58.203.0-255,1484,283725,17,384977
34989,0.056881,216.58.203.0-255,4320,288045,17,384977
34990,0.056886,172.31.36.0-255,66,288111,17,384977
34991,0.058564,216.58.203.0-255,5738,293849,17,384977
34992,0.058569,172.31.36.0-255,66,293915,17,384977
34993,0.060244,216.58.203.0-255,5738,299653,17,384977
34994,0.060249,172.31.36.0-255,66,299719,17,384977
34995,0.061933,216.58.203.0-255,5738,305457,17,384977
34996,0.061938,172.31.36.0-255,66,305523,17,384977
34997,0.063613,216.58.203.0-255,5738,311261,17,384977
34998,0.063618,172.31.36.0-255,66,311327,17,384977
34999,0.065287,216.58.203.0-255,2902,314229,17,384977
35000,0.065293,172.31.36.0-255,66,314295,17,384977
35001,0.065329,216.58.203.0-255,2902,317197,17,384977
35002,0.065332,172.31.36.0-255,66,317263,17,384977
35003,0.066961,216.58.203.0-255,2902,320165,17,384977
35004,0.066966,172.31.36.0-255,66,320231,17,384977
35005,0.066999,216.58.203.0-255,2902,323133,17,384977
35006,0.067002,172.31.36.0-255,66,323199,17,384977
35007,0.068652,216.58.203.0-255,2902,326101,17,384977
35008,0.068657,172.31.36.0-255,66,326167,17,384977
35009,0.068693,216.58.203.0-255,2902,329069,17,384977
35010,0.068696,172.31.36.0-255,66,329135,17,384977
35011,0.070327,216.58.203.0-255,2902,332037,17,384977
35012,0.070332,172.31.36.0-255,66,332103,17,384977
35013,0.070365,216.58.203.0-255,2902,335005,17,384977
35014,0.070368,172.31.36.0-255,66,335071,17,384977
35015,0.072006,216.58.203.0-255,2902,337973,17,384977
35016,0.072011,172.31.36.0-255,66,338039,17,384977
35017,0.072063,216.58.203.0-255,2902,340941,17,384977
35018,0.072068,172.31.36.0-255,66,341007,17,384977
35019,0.07368,216.58.203.0-255,2902,343909,17,384977
35020,0.073685,172.31.36.0-255,66,343975,17,384977
35021,0.073741,216.58.203.0-255,2902,346877,17,384977
35022,0.073745,172.31.36.0-255,66,346943,17,384977
35023,0.075362,216.58.203.0-255,2902,349845,17,384977
35024,0.075368,172.31.36.0-255,66,349911,17,384977
35025,0.075405,216.58.203.0-255,1484,351395,17,384977
35026,0.075453,216.58.203.0-255,1484,352879,17,384977
35027,0.075455,172.31.36.0-255,66,352945,17,384977
35028,0.077055,216.58.203.0-255,2902,355847,17,384977
35029,0.077064,172.31.36.0-255,66,355913,17,384977
35030,0.077113,216.58.203.0-255,2902,358815,17,384977
35031,0.077116,172.31.36.0-255,66,358881,17,384977
35032,0.078735,216.58.203.0-255,2902,361783,17,384977
35033,0.07874,172.31.36.0-255,66,361849,17,384977
35034,0.078772,216.58.203.0-255,2902,364751,17,384977
35035,0.078775,172.31.36.0-255,66,364817,17,384977
35036,0.080401,216.58.203.0-255,2902,367719,17,384977
35037,0.080406,172.31.36.0-255,66,367785,17,384977
35038,0.080439,216.58.203.0-255,2902,370687,17,384977
35039,0.080442,172.31.36.0-255,66,370753,17,384977
35040,0.082072,216.58.203.0-255,2902,373655,17,384977
35041,0.082077,172.31.36.0-255,66,373721,17,384977
35042,0.082114,216.58.203.0-255,2902,376623,17,384977
35043,0.082118,172.31.36.0-255,66,376689,17,384977
35044,0.083747,216.58.203.0-255,2902,379591,17,384977
35045,0.083753,172.31.36.0-255,66,379657,17,384977
35046,0.083789,216.58.203.0-255,2902,382559,17,384977
35047,0.083792,172.31.36.0-255,66,382625,17,384977
35048,0.08542,216.58.203.0-255,2115,384740,17,384977
35049,0.085425,172.31.36.0-255,66,384806,17,384977
35050,0.085603,172.31.36.0-255,105,384911,17,384977
35051,0.087236,216.58.203.0-255,66,384977,17,384977
35052,0.0,172.31.36.0-255,66,66,17,66
35053,0.0,74.125.68.0-255,153,153,17,334387
35054,2.3e-05,172.31.36.0-255,66,219,17,334387
35055,3e-05,74.125.68.0-255,1484,1703,17,334387
35056,3.5e-05,172.31.36.0-255,66,1769,17,334387
35057,4.1e-05,74.125.68.0-255,2902,4671,17,334387
35058,4.5e-05,172.31.36.0-255,66,4737,17,334387
35059,5.1e-05,74.125.68.0-255,5738,10475,17,334387
35060,5.4e-05,172.31.36.0-255,66,10541,17,334387
35061,7.8e-05,74.125.68.0-255,6357,16898,17,334387
35062,8.1e-05,172.31.36.0-255,66,16964,17,334387
35063,9.9e-05,74.125.68.0-255,2902,19866,17,334387
35064,0.000101,172.31.36.0-255,66,19932,17,334387
35065,0.000118,74.125.68.0-255,2902,22834,17,334387
35066,0.000121,172.31.36.0-255,66,22900,17,334387
35067,0.000129,74.125.68.0-255,7156,30056,17,334387
35068,0.000131,172.31.36.0-255,66,30122,17,334387
35069,0.000135,74.125.68.0-255,1484,31606,17,334387
35070,0.000136,172.31.36.0-255,66,31672,17,334387
35071,0.000165,172.31.36.0-255,66,31738,17,334387
35072,0.000184,74.125.68.0-255,1484,33222,17,334387
35073,0.000186,172.31.36.0-255,66,33288,17,334387
35074,0.000211,74.125.68.0-255,6438,39726,17,334387
35075,0.000214,172.31.36.0-255,66,39792,17,334387
35076,0.000225,172.31.36.0-255,66,39858,17,334387
35077,0.00025,74.125.68.0-255,2902,42760,17,334387
35078,0.000252,172.31.36.0-255,66,42826,17,334387
35079,0.000258,74.125.68.0-255,4228,47054,17,334387
35080,0.00026,172.31.36.0-255,66,47120,17,334387
35081,0.000263,74.125.68.0-255,139,47259,17,334387
35082,0.000265,172.31.36.0-255,66,47325,17,334387
35083,0.000343,74.125.68.0-255,1484,48809,17,334387
35084,0.000348,74.125.68.0-255,1484,50293,17,334387
35085,0.000351,172.31.36.0-255,66,50359,17,334387
35086,0.000368,74.125.68.0-255,1484,51843,17,334387
35087,0.000385,74.125.68.0-255,5738,57581,17,334387
35088,0.000387,172.31.36.0-255,66,57647,17,334387
35089,0.000441,74.125.68.0-255,7156,64803,17,334387
35090,0.000445,172.31.36.0-255,66,64869,17,334387
35091,0.000448,74.125.68.0-255,1484,66353,17,334387
35092,0.000477,74.125.68.0-255,2902,69255,17,334387
35093,0.000481,172.31.36.0-255,66,69321,17,334387
35094,0.000484,74.125.68.0-255,1484,70805,17,334387
35095,0.000502,74.125.68.0-255,2902,73707,17,334387
35096,0.000504,172.31.36.0-255,66,73773,17,334387
35097,0.000521,74.125.68.0-255,5738,79511,17,334387
35098,0.000524,172.31.36.0-255,66,79577,17,334387
35099,0.000546,74.125.68.0-255,2184,81761,17,334387
35100,0.000549,172.31.36.0-255,66,81827,17,334387
35101,0.004176,74.125.68.0-255,1484,83311,17,334387
35102,0.00419,74.125.68.0-255,2902,86213,17,334387
35103,0.004195,172.31.36.0-255,66,86279,17,334387
35104,0.004201,74.125.68.0-255,1484,87763,17,334387
35105,0.006415,74.125.68.0-255,4320,92083,17,334387
35106,0.006423,172.31.36.0-255,66,92149,17,334387
35107,0.008649,74.125.68.0-255,5738,97887,17,334387
35108,0.008658,172.31.36.0-255,66,97953,17,334387
35109,0.010879,74.125.68.0-255,5738,103691,17,334387
35110,0.010887,172.31.36.0-255,66,103757,17,334387
35111,0.013118,74.125.68.0-255,5738,109495,17,334387
35112,0.013127,172.31.36.0-255,66,109561,17,334387
35113,0.015363,74.125.68.0-255,5738,115299,17,334387
35114,0.015376,172.31.36.0-255,66,115365,17,334387
35115,0.017603,74.125.68.0-255,5738,121103,17,334387
35116,0.017614,172.31.36.0-255,66,121169,17,334387
35117,0.019855,74.125.68.0-255,5738,126907,17,334387
35118,0.019863,172.31.36.0-255,66,126973,17,334387
35119,0.022087,74.125.68.0-255,5738,132711,17,334387
35120,0.022096,172.31.36.0-255,66,132777,17,334387
35121,0.024332,74.125.68.0-255,5738,138515,17,334387
35122,0.024342,172.31.36.0-255,66,138581,17,334387
35123,0.026062,172.31.36.0-255,172,138753,17,334387
35124,0.026098,172.31.36.0-255,1117,139870,17,334387
35125,0.026156,172.31.36.0-255,1514,141384,17,334387
35126,0.026158,172.31.36.0-255,1273,142657,17,334387
35127,0.026565,74.125.68.0-255,5738,148395,17,334387
35128,0.026572,172.31.36.0-255,66,148461,17,334387
35129,0.027546,104.244.42.0-255,66,148527,17,334387
35130,0.02758,104.244.42.0-255,66,148593,17,334387
35131,0.027662,104.244.42.0-255,66,148659,17,334387
35132,0.028792,74.125.68.0-255,5738,154397,17,334387
35133,0.028797,172.31.36.0-255,66,154463,17,334387
35134,0.031022,74.125.68.0-255,5738,160201,17,334387
35135,0.031029,172.31.36.0-255,66,160267,17,334387
35136,0.033252,74.125.68.0-255,5738,166005,17,334387
35137,0.033259,172.31.36.0-255,66,166071,17,334387
35138,0.03549,74.125.68.0-255,5738,171809,17,334387
35139,0.035498,172.31.36.0-255,66,171875,17,334387
35140,0.037723,74.125.68.0-255,5738,177613,17,334387
35141,0.037733,172.31.36.0-255,66,177679,17,334387
35142,0.040003,74.125.68.0-255,5738,183417,17,334387
35143,0.040017,172.31.36.0-255,66,183483,17,334387
35144,0.042257,74.125.68.0-255,5738,189221,17,334387
35145,0.042275,172.31.36.0-255,66,189287,17,334387
35146,0.044507,74.125.68.0-255,5738,195025,17,334387
35147,0.044523,172.31.36.0-255,66,195091,17,334387
35148,0.046762,74.125.68.0-255,5738,200829,17,334387
35149,0.046775,172.31.36.0-255,66,200895,17,334387
35150,0.049008,74.125.68.0-255,5738,206633,17,334387
35151,0.04902,172.31.36.0-255,66,206699,17,334387
35152,0.051256,74.125.68.0-255,5738,212437,17,334387
35153,0.051265,172.31.36.0-255,66,212503,17,334387
35154,0.053491,74.125.68.0-255,5738,218241,17,334387
35155,0.053497,172.31.36.0-255,66,218307,17,334387
35156,0.055718,74.125.68.0-255,5738,224045,17,334387
35157,0.055727,172.31.36.0-255,66,224111,17,334387
35158,0.057979,74.125.68.0-255,5738,229849,17,334387
35159,0.057986,172.31.36.0-255,66,229915,17,334387
35160,0.06022,74.125.68.0-255,5738,235653,17,334387
35161,0.060227,172.31.36.0-255,66,235719,17,334387
35162,0.062456,74.125.68.0-255,5738,241457,17,334387
35163,0.062465,172.31.36.0-255,66,241523,17,334387
35164,0.064686,74.125.68.0-255,5738,247261,17,334387
35165,0.064697,172.31.36.0-255,66,247327,17,334387
35166,0.066926,74.125.68.0-255,5738,253065,17,334387
35167,0.066935,172.31.36.0-255,66,253131,17,334387
35168,0.069159,74.125.68.0-255,5738,258869,17,334387
35169,0.069166,172.31.36.0-255,66,258935,17,334387
35170,0.071382,74.125.68.0-255,5738,264673,17,334387
35171,0.07139,172.31.36.0-255,66,264739,17,334387
35172,0.073621,74.125.68.0-255,5738,270477,17,334387
35173,0.073628,172.31.36.0-255,66,270543,17,334387
35174,0.07586,74.125.68.0-255,5738,276281,17,334387
35175,0.075866,172.31.36.0-255,66,276347,17,334387
35176,0.078106,74.125.68.0-255,5738,282085,17,334387
35177,0.078114,172.31.36.0-255,66,282151,17,334387
35178,0.080341,74.125.68.0-255,5738,287889,17,334387
35179,0.080347,172.31.36.0-255,66,287955,17,334387
35180,0.082578,74.125.68.0-255,5738,293693,17,334387
35181,0.082585,172.31.36.0-255,66,293759,17,334387
35182,0.084808,74.125.68.0-255,5738,299497,17,334387
35183,0.084814,172.31.36.0-255,66,299563,17,334387
35184,0.087045,74.125.68.0-255,5738,305301,17,334387
35185,0.087051,172.31.36.0-255,66,305367,17,334387
35186,0.089288,74.125.68.0-255,5738,311105,17,334387
35187,0.089295,172.31.36.0-255,66,311171,17,334387
35188,0.091526,74.125.68.0-255,5738,316909,17,334387
35189,0.091533,172.31.36.0-255,66,316975,17,334387
35190,0.093772,74.125.68.0-255,5738,322713,17,334387
35191,0.093779,172.31.36.0-255,66,322779,17,334387
35192,0.096001,74.125.68.0-255,5738,328517,17,334387
35193,0.096008,172.31.36.0-255,66,328583,17,334387
35194,0.098224,74.125.68.0-255,5738,334321,17,334387
35195,0.098232,172.31.36.0-255,66,334387,17,334387
35196,0.0,172.217.194.0-255,153,153,17,339320
35197,2.7e-05,172.31.36.0-255,66,219,17,339320
35198,3.4e-05,172.217.194.0-255,1484,1703,17,339320
35199,3.8e-05,172.31.36.0-255,66,1769,17,339320
35200,4.4e-05,172.217.194.0-255,2902,4671,17,339320
35201,4.6e-05,172.31.36.0-255,66,4737,17,339320
35202,5.4e-05,172.217.194.0-255,7156,11893,17,339320
35203,5.6e-05,172.31.36.0-255,66,11959,17,339320
35204,7.7e-05,172.217.194.0-255,2014,13973,17,339320
35205,7.9e-05,172.31.36.0-255,66,14039,17,339320
35206,0.000187,172.217.194.0-255,1484,15523,17,339320
35207,0.000191,172.31.36.0-255,66,15589,17,339320
35208,0.000197,172.217.194.0-255,2902,18491,17,339320
35209,0.0002,172.31.36.0-255,66,18557,17,339320
35210,0.000213,172.217.194.0-255,1484,20041,17,339320
35211,0.000215,172.31.36.0-255,66,20107,17,339320
35212,0.000235,172.217.194.0-255,4320,24427,17,339320
35213,0.000237,172.31.36.0-255,66,24493,17,339320
35214,0.000244,172.217.194.0-255,6797,31290,17,339320
35215,0.000247,172.31.36.0-255,66,31356,17,339320
35216,0.000622,172.217.194.0-255,1484,32840,17,339320
35217,0.000628,172.31.36.0-255,66,32906,17,339320
35218,0.000636,172.217.194.0-255,2902,35808,17,339320
35219,0.000639,172.31.36.0-255,66,35874,17,339320
35220,0.000646,172.217.194.0-255,5738,41612,17,339320
35221,0.000648,172.31.36.0-255,66,41678,17,339320
35222,0.000688,172.31.36.0-255,66,41744,17,339320
35223,0.000711,172.217.194.0-255,2543,44287,17,339320
35224,0.000714,172.31.36.0-255,66,44353,17,339320
35225,0.000726,172.31.36.0-255,66,44419,17,339320
35226,0.000728,172.217.194.0-255,338,44757,17,339320
35227,0.00077,172.217.194.0-255,123,44880,17,339320
35228,0.000804,172.217.194.0-255,379,45259,17,339320
35229,0.001144,172.31.36.0-255,66,45325,17,339320
35230,0.001361,172.217.194.0-255,1484,46809,17,339320
35231,0.001371,172.217.194.0-255,2902,49711,17,339320
35232,0.001375,172.31.36.0-255,66,49777,17,339320
35233,0.001381,172.217.194.0-255,2902,52679,17,339320
35234,0.001383,172.31.36.0-255,66,52745,17,339320
35235,0.001399,172.217.194.0-255,2902,55647,17,339320
35236,0.001401,172.31.36.0-255,66,55713,17,339320
35237,0.001408,172.217.194.0-255,5738,61451,17,339320
35238,0.001409,172.31.36.0-255,66,61517,17,339320
35239,0.001436,172.217.194.0-255,4320,65837,17,339320
35240,0.001438,172.31.36.0-255,66,65903,17,339320
35241,0.001463,172.31.36.0-255,66,65969,17,339320
35242,0.001468,172.217.194.0-255,5020,70989,17,339320
35243,0.00147,172.31.36.0-255,66,71055,17,339320
35244,0.001568,172.217.194.0-255,1484,72539,17,339320
35245,0.001572,172.217.194.0-255,1484,74023,17,339320
35246,0.001575,172.31.36.0-255,66,74089,17,339320
35247,0.001591,172.217.194.0-255,1484,75573,17,339320
35248,0.001598,172.217.194.0-255,5738,81311,17,339320
35249,0.0016,172.31.36.0-255,66,81377,17,339320
35250,0.001606,172.217.194.0-255,5738,87115,17,339320
35251,0.001608,172.31.36.0-255,66,87181,17,339320
35252,0.001611,172.217.194.0-255,1484,88665,17,339320
35253,0.00165,172.31.36.0-255,66,88731,17,339320
35254,0.001657,172.217.194.0-255,6438,95169,17,339320
35255,0.001659,172.31.36.0-255,66,95235,17,339320
35256,0.00168,172.217.194.0-255,7156,102391,17,339320
35257,0.001683,172.31.36.0-255,66,102457,17,339320
35258,0.001686,172.217.194.0-255,1484,103941,17,339320
35259,0.001727,172.31.36.0-255,66,104007,17,339320
35260,0.001737,172.31.36.0-255,66,104073,17,339320
35261,0.00174,172.217.194.0-255,766,104839,17,339320
35262,0.001787,172.217.194.0-255,1484,106323,17,339320
35263,0.00179,172.31.36.0-255,66,106389,17,339320
35264,0.001812,172.217.194.0-255,4320,110709,17,339320
35265,0.001815,172.31.36.0-255,66,110775,17,339320
35266,0.001819,172.217.194.0-255,4320,115095,17,339320
35267,0.001822,172.31.36.0-255,66,115161,17,339320
35268,0.001827,172.217.194.0-255,5738,120899,17,339320
35269,0.001829,172.31.36.0-255,66,120965,17,339320
35270,0.001863,172.31.36.0-255,66,121031,17,339320
35271,0.001867,172.217.194.0-255,2902,123933,17,339320
35272,0.001869,172.31.36.0-255,66,123999,17,339320
35273,0.001888,172.217.194.0-255,3602,127601,17,339320
35274,0.00189,172.31.36.0-255,66,127667,17,339320
35275,0.001924,172.217.194.0-255,1484,129151,17,339320
35276,0.001927,172.217.194.0-255,1484,130635,17,339320
35277,0.001929,172.31.36.0-255,66,130701,17,339320
35278,0.001947,172.217.194.0-255,1484,132185,17,339320
35279,0.001953,172.217.194.0-255,5738,137923,17,339320
35280,0.001955,172.31.36.0-255,66,137989,17,339320
35281,0.00196,172.217.194.0-255,5738,143727,17,339320
35282,0.001962,172.31.36.0-255,66,143793,17,339320
35283,0.001981,172.217.194.0-255,7156,150949,17,339320
35284,0.001983,172.31.36.0-255,66,151015,17,339320
35285,0.001992,172.31.36.0-255,66,151081,17,339320
35286,0.002015,172.217.194.0-255,2184,153265,17,339320
35287,0.002017,172.31.36.0-255,66,153331,17,339320
35288,0.004574,172.217.194.0-255,5738,159069,17,339320
35289,0.004579,172.31.36.0-255,66,159135,17,339320
35290,0.007162,172.217.194.0-255,5738,164873,17,339320
35291,0.00717,172.31.36.0-255,66,164939,17,339320
35292,0.009756,172.217.194.0-255,5738,170677,17,339320
35293,0.009766,172.31.36.0-255,66,170743,17,339320
35294,0.01233,172.217.194.0-255,5738,176481,17,339320
35295,0.01234,172.31.36.0-255,66,176547,17,339320
35296,0.014902,172.217.194.0-255,5738,182285,17,339320
35297,0.014912,172.31.36.0-255,66,182351,17,339320
35298,0.017534,172.217.194.0-255,5738,188089,17,339320
35299,0.017551,172.31.36.0-255,66,188155,17,339320
35300,0.020143,172.217.194.0-255,5738,193893,17,339320
35301,0.020151,172.31.36.0-255,66,193959,17,339320
35302,0.022723,172.217.194.0-255,5738,199697,17,339320
35303,0.022731,172.31.36.0-255,66,199763,17,339320
35304,0.025325,172.217.194.0-255,5738,205501,17,339320
35305,0.025335,172.31.36.0-255,66,205567,17,339320
35306,0.027656,172.31.36.0-255,188,205755,17,339320
35307,0.027688,172.31.36.0-255,961,206716,17,339320
35308,0.027725,172.31.36.0-255,1514,208230,17,339320
35309,0.027727,172.31.36.0-255,1427,209657,17,339320
35310,0.027906,172.217.194.0-255,5738,215395,17,339320
35311,0.027912,172.31.36.0-255,66,215461,17,339320
35312,0.029216,104.244.42.0-255,66,215527,17,339320
35313,0.029223,104.244.42.0-255,66,215593,17,339320
35314,0.029288,104.244.42.0-255,66,215659,17,339320
35315,0.030478,172.217.194.0-255,2902,218561,17,339320
35316,0.030484,172.31.36.0-255,66,218627,17,339320
35317,0.030504,172.217.194.0-255,2902,221529,17,339320
35318,0.030507,172.31.36.0-255,66,221595,17,339320
35319,0.033065,172.217.194.0-255,5738,227333,17,339320
35320,0.033072,172.31.36.0-255,66,227399,17,339320
35321,0.035652,172.217.194.0-255,5738,233137,17,339320
35322,0.035658,172.31.36.0-255,66,233203,17,339320
35323,0.038222,172.217.194.0-255,5738,238941,17,339320
35324,0.038227,172.31.36.0-255,66,239007,17,339320
35325,0.040785,172.217.194.0-255,5738,244745,17,339320
35326,0.04079,172.31.36.0-255,66,244811,17,339320
35327,0.043361,172.217.194.0-255,5738,250549,17,339320
35328,0.043385,172.31.36.0-255,66,250615,17,339320
35329,0.045944,172.217.194.0-255,5738,256353,17,339320
35330,0.04595,172.31.36.0-255,66,256419,17,339320
35331,0.048514,172.217.194.0-255,5738,262157,17,339320
35332,0.04852,172.31.36.0-255,66,262223,17,339320
35333,0.051086,172.217.194.0-255,5738,267961,17,339320
35334,0.051091,172.31.36.0-255,66,268027,17,339320
35335,0.053671,172.217.194.0-255,5738,273765,17,339320
35336,0.053676,172.31.36.0-255,66,273831,17,339320
35337,0.05625,172.217.194.0-255,1484,275315,17,339320
35338,0.056277,172.217.194.0-255,4320,279635,17,339320
35339,0.056283,172.31.36.0-255,66,279701,17,339320
35340,0.058847,172.217.194.0-255,5738,285439,17,339320
35341,0.058852,172.31.36.0-255,66,285505,17,339320
35342,0.061427,172.217.194.0-255,5738,291243,17,339320
35343,0.061432,172.31.36.0-255,66,291309,17,339320
35344,0.063996,172.217.194.0-255,5738,297047,17,339320
35345,0.064003,172.31.36.0-255,66,297113,17,339320
35346,0.066559,172.217.194.0-255,5738,302851,17,339320
35347,0.066565,172.31.36.0-255,66,302917,17,339320
35348,0.069126,172.217.194.0-255,5738,308655,17,339320
35349,0.069131,172.31.36.0-255,66,308721,17,339320
35350,0.071689,172.217.194.0-255,5738,314459,17,339320
35351,0.071693,172.31.36.0-255,66,314525,17,339320
35352,0.074272,172.217.194.0-255,4320,318845,17,339320
35353,0.074277,172.31.36.0-255,66,318911,17,339320
35354,0.074302,172.217.194.0-255,1484,320395,17,339320
35355,0.076868,172.217.194.0-255,4320,324715,17,339320
35356,0.076873,172.31.36.0-255,66,324781,17,339320
35357,0.079459,172.217.194.0-255,5738,330519,17,339320
35358,0.079463,172.31.36.0-255,66,330585,17,339320
35359,0.082038,172.217.194.0-255,5738,336323,17,339320
35360,0.082043,172.31.36.0-255,66,336389,17,339320
35361,0.084625,172.217.194.0-255,2694,339083,17,339320
35362,0.08463,172.31.36.0-255,66,339149,17,339320
35363,0.084831,172.31.36.0-255,105,339254,17,339320
35364,0.08737,172.217.194.0-255,66,339320,17,339320
35365,0.0,172.217.194.0-255,152,152,17,361027
35366,1.9e-05,172.31.36.0-255,66,218,17,361027
35367,2.5e-05,172.217.194.0-255,1484,1702,17,361027
35368,3e-05,172.31.36.0-255,66,1768,17,361027
35369,3.5e-05,172.217.194.0-255,2902,4670,17,361027
35370,3.8e-05,172.31.36.0-255,66,4736,17,361027
35371,4.4e-05,172.217.194.0-255,4320,9056,17,361027
35372,4.7e-05,172.31.36.0-255,66,9122,17,361027
35373,7e-05,172.217.194.0-255,4921,14043,17,361027
35374,7.3e-05,172.31.36.0-255,66,14109,17,361027
35375,0.000133,172.217.194.0-255,1484,15593,17,361027
35376,0.000138,172.31.36.0-255,66,15659,17,361027
35377,0.000153,172.217.194.0-255,2902,18561,17,361027
35378,0.000155,172.31.36.0-255,66,18627,17,361027
35379,0.000181,172.217.194.0-255,5738,24365,17,361027
35380,0.000184,172.31.36.0-255,66,24431,17,361027
35381,0.000203,172.217.194.0-255,6797,31228,17,361027
35382,0.000205,172.31.36.0-255,66,31294,17,361027
35383,0.000297,172.217.194.0-255,1484,32778,17,361027
35384,0.000301,172.31.36.0-255,66,32844,17,361027
35385,0.000306,172.217.194.0-255,2902,35746,17,361027
35386,0.000308,172.31.36.0-255,66,35812,17,361027
35387,0.000361,172.217.194.0-255,1484,37296,17,361027
35388,0.000363,172.31.36.0-255,66,37362,17,361027
35389,0.000378,172.217.194.0-255,2902,40264,17,361027
35390,0.000381,172.31.36.0-255,66,40330,17,361027
35391,0.000387,172.217.194.0-255,5738,46068,17,361027
35392,0.000389,172.31.36.0-255,66,46134,17,361027
35393,0.000392,172.217.194.0-255,1484,47618,17,361027
35394,0.000394,172.31.36.0-255,66,47684,17,361027
35395,0.000433,172.31.36.0-255,66,47750,17,361027
35396,0.000502,172.217.194.0-255,6797,54547,17,361027
35397,0.000526,172.217.194.0-255,375,54922,17,361027
35398,0.000528,172.217.194.0-255,399,55321,17,361027
35399,0.000549,172.31.36.0-255,66,55387,17,361027
35400,0.00063,172.217.194.0-255,1484,56871,17,361027
35401,0.000636,172.217.194.0-255,2902,59773,17,361027
35402,0.000652,172.31.36.0-255,66,59839,17,361027
35403,0.000664,172.217.194.0-255,5738,65577,17,361027
35404,0.000684,172.31.36.0-255,66,65643,17,361027
35405,0.000694,172.217.194.0-255,4320,69963,17,361027
35406,0.0007,172.31.36.0-255,66,70029,17,361027
35407,0.000737,172.31.36.0-255,66,70095,17,361027
35408,0.000801,172.217.194.0-255,5738,75833,17,361027
35409,0.000817,172.31.36.0-255,66,75899,17,361027
35410,0.000823,172.217.194.0-255,4320,80219,17,361027
35411,0.000828,172.31.36.0-255,66,80285,17,361027
35412,0.000856,172.217.194.0-255,766,81051,17,361027
35413,0.001188,172.217.194.0-255,1484,82535,17,361027
35414,0.001193,172.31.36.0-255,66,82601,17,361027
35415,0.001199,172.217.194.0-255,2902,85503,17,361027
35416,0.001204,172.217.194.0-255,4320,89823,17,361027
35417,0.001216,172.217.194.0-255,1484,91307,17,361027
35418,0.001219,172.31.36.0-255,66,91373,17,361027
35419,0.001241,172.217.194.0-255,2902,94275,17,361027
35420,0.001246,172.31.36.0-255,66,94341,17,361027
35421,0.001283,172.31.36.0-255,66,94407,17,361027
35422,0.001353,172.31.36.0-255,66,94473,17,361027
35423,0.001368,172.217.194.0-255,1484,95957,17,361027
35424,0.001404,172.217.194.0-255,766,96723,17,361027
35425,0.001417,172.31.36.0-255,66,96789,17,361027
35426,0.002099,172.217.194.0-255,1484,98273,17,361027
35427,0.002109,172.217.194.0-255,2902,101175,17,361027
35428,0.002113,172.31.36.0-255,66,101241,17,361027
35429,0.002128,172.217.194.0-255,4320,105561,17,361027
35430,0.002154,172.217.194.0-255,5738,111299,17,361027
35431,0.002185,172.217.194.0-255,4320,115619,17,361027
35432,0.002208,172.217.194.0-255,7156,122775,17,361027
35433,0.002278,172.217.194.0-255,5738,128513,17,361027
35434,0.002291,172.217.194.0-255,2184,130697,17,361027
35435,0.002408,172.217.194.0-255,4320,135017,17,361027
35436,0.002552,172.217.194.0-255,6438,141455,17,361027
35437,0.006256,172.31.36.0-255,66,141521,17,361027
35438,0.008578,172.217.194.0-255,5738,147259,17,361027
35439,0.008584,172.31.36.0-255,66,147325,17,361027
35440,0.010885,172.217.194.0-255,5738,153063,17,361027
35441,0.010894,172.31.36.0-255,66,153129,17,361027
35442,0.013223,172.217.194.0-255,5738,158867,17,361027
35443,0.01453,172.31.36.0-255,66,158933,17,361027
35444,0.016851,172.217.194.0-255,5738,164671,17,361027
35445,0.016861,172.31.36.0-255,66,164737,17,361027
35446,0.019177,172.217.194.0-255,5738,170475,17,361027
35447,0.019184,172.31.36.0-255,66,170541,17,361027
35448,0.021484,172.217.194.0-255,5738,176279,17,361027
35449,0.021491,172.31.36.0-255,66,176345,17,361027
35450,0.023841,172.217.194.0-255,5738,182083,17,361027
35451,0.023849,172.31.36.0-255,66,182149,17,361027
35452,0.024406,172.31.36.0-255,164,182313,17,361027
35453,0.024439,172.31.36.0-255,1125,183438,17,361027
35454,0.024496,172.31.36.0-255,1514,184952,17,361027
35455,0.024498,172.31.36.0-255,1514,186466,17,361027
35456,0.024499,172.31.36.0-255,1514,187980,17,361027
35457,0.0245,172.31.36.0-255,85,188065,17,361027
35458,0.025941,104.244.42.0-255,66,188131,17,361027
35459,0.025969,104.244.42.0-255,66,188197,17,361027
35460,0.026072,104.244.42.0-255,66,188263,17,361027
35461,0.026085,104.244.42.0-255,66,188329,17,361027
35462,0.026166,172.217.194.0-255,5738,194067,17,361027
35463,0.026171,172.31.36.0-255,66,194133,17,361027
35464,0.028519,172.217.194.0-255,5738,199871,17,361027
35465,0.028526,172.31.36.0-255,66,199937,17,361027
35466,0.030806,172.217.194.0-255,5738,205675,17,361027
35467,0.030812,172.31.36.0-255,66,205741,17,361027
35468,0.033133,172.217.194.0-255,5738,211479,17,361027
35469,0.033139,172.31.36.0-255,66,211545,17,361027
35470,0.035459,172.217.194.0-255,5738,217283,17,361027
35471,0.035466,172.31.36.0-255,66,217349,17,361027
35472,0.037731,172.217.194.0-255,5738,223087,17,361027
35473,0.037739,172.31.36.0-255,66,223153,17,361027
35474,0.040056,172.217.194.0-255,5738,228891,17,361027
35475,0.040064,172.31.36.0-255,66,228957,17,361027
35476,0.042379,172.217.194.0-255,5738,234695,17,361027
35477,0.042385,172.31.36.0-255,66,234761,17,361027
35478,0.044696,172.217.194.0-255,5738,240499,17,361027
35479,0.044702,172.31.36.0-255,66,240565,17,361027
35480,0.047014,172.217.194.0-255,5738,246303,17,361027
35481,0.047021,172.31.36.0-255,66,246369,17,361027
35482,0.049351,172.217.194.0-255,5738,252107,17,361027
35483,0.049357,172.31.36.0-255,66,252173,17,361027
35484,0.051671,172.217.194.0-255,5738,257911,17,361027
35485,0.051681,172.31.36.0-255,66,257977,17,361027
35486,0.053951,172.217.194.0-255,5738,263715,17,361027
35487,0.053958,172.31.36.0-255,66,263781,17,361027
35488,0.056267,172.217.194.0-255,5738,269519,17,361027
35489,0.056274,172.31.36.0-255,66,269585,17,361027
35490,0.058566,172.217.194.0-255,5738,275323,17,361027
35491,0.058573,172.31.36.0-255,66,275389,17,361027
35492,0.060886,172.217.194.0-255,5738,281127,17,361027
35493,0.060892,172.31.36.0-255,66,281193,17,361027
35494,0.063168,172.217.194.0-255,5738,286931,17,361027
35495,0.063175,172.31.36.0-255,66,286997,17,361027
35496,0.065487,172.217.194.0-255,5738,292735,17,361027
35497,0.065493,172.31.36.0-255,66,292801,17,361027
35498,0.067805,172.217.194.0-255,5738,298539,17,361027
35499,0.067811,172.31.36.0-255,66,298605,17,361027
35500,0.070137,172.217.194.0-255,5738,304343,17,361027
35501,0.070144,172.31.36.0-255,66,304409,17,361027
35502,0.072442,172.217.194.0-255,5738,310147,17,361027
35503,0.07245,172.31.36.0-255,66,310213,17,361027
35504,0.07473,172.217.194.0-255,5738,315951,17,361027
35505,0.074737,172.31.36.0-255,66,316017,17,361027
35506,0.077033,172.217.194.0-255,5738,321755,17,361027
35507,0.077039,172.31.36.0-255,66,321821,17,361027
35508,0.079341,172.217.194.0-255,5738,327559,17,361027
35509,0.079347,172.31.36.0-255,66,327625,17,361027
35510,0.081635,172.217.194.0-255,5738,333363,17,361027
35511,0.081641,172.31.36.0-255,66,333429,17,361027
35512,0.083989,172.217.194.0-255,5738,339167,17,361027
35513,0.083995,172.31.36.0-255,66,339233,17,361027
35514,0.086296,172.217.194.0-255,5738,344971,17,361027
35515,0.086304,172.31.36.0-255,66,345037,17,361027
35516,0.088626,172.217.194.0-255,5738,350775,17,361027
35517,0.088632,172.31.36.0-255,66,350841,17,361027
35518,0.090989,172.217.194.0-255,5738,356579,17,361027
35519,0.090995,172.31.36.0-255,66,356645,17,361027
35520,0.093282,172.217.194.0-255,4145,360790,17,361027
35521,0.093288,172.31.36.0-255,66,360856,17,361027
35522,0.093455,172.31.36.0-255,105,360961,17,361027
35523,0.095734,172.217.194.0-255,66,361027,17,361027
35524,0.0,172.217.194.0-255,147,147,17,344268
35525,3.3e-05,172.31.36.0-255,66,213,17,344268
35526,4e-05,172.217.194.0-255,1484,1697,17,344268
35527,4.4e-05,172.31.36.0-255,66,1763,17,344268
35528,4.8e-05,172.217.194.0-255,2902,4665,17,344268
35529,5.9e-05,172.31.36.0-255,66,4731,17,344268
35530,6.6e-05,172.217.194.0-255,7156,11887,17,344268
35531,6.8e-05,172.31.36.0-255,66,11953,17,344268
35532,7.2e-05,172.217.194.0-255,2029,13982,17,344268
35533,7.6e-05,172.31.36.0-255,66,14048,17,344268
35534,0.000156,172.217.194.0-255,1484,15532,17,344268
35535,0.000161,172.31.36.0-255,66,15598,17,344268
35536,0.000168,172.217.194.0-255,2902,18500,17,344268
35537,0.00017,172.31.36.0-255,66,18566,17,344268
35538,0.000177,172.217.194.0-255,5738,24304,17,344268
35539,0.000186,172.31.36.0-255,66,24370,17,344268
35540,0.000189,172.217.194.0-255,1484,25854,17,344268
35541,0.00019,172.31.36.0-255,66,25920,17,344268
35542,0.000235,172.217.194.0-255,5379,31299,17,344268
35543,0.000238,172.31.36.0-255,66,31365,17,344268
35544,0.000351,172.217.194.0-255,1484,32849,17,344268
35545,0.000355,172.31.36.0-255,66,32915,17,344268
35546,0.000361,172.217.194.0-255,2902,35817,17,344268
35547,0.000364,172.31.36.0-255,66,35883,17,344268
35548,0.000369,172.217.194.0-255,4320,40203,17,344268
35549,0.000371,172.31.36.0-255,66,40269,17,344268
35550,0.000405,172.217.194.0-255,1484,41753,17,344268
35551,0.000408,172.31.36.0-255,66,41819,17,344268
35552,0.000416,172.217.194.0-255,5738,47557,17,344268
35553,0.000418,172.31.36.0-255,66,47623,17,344268
35554,0.00046,172.31.36.0-255,66,47689,17,344268
35555,0.00049,172.217.194.0-255,4573,52262,17,344268
35556,0.000494,172.31.36.0-255,66,52328,17,344268
35557,0.000762,172.217.194.0-255,1484,53812,17,344268
35558,0.000769,172.217.194.0-255,2902,56714,17,344268
35559,0.000772,172.31.36.0-255,66,56780,17,344268
35560,0.000776,172.217.194.0-255,1484,58264,17,344268
35561,0.000805,172.217.194.0-255,4320,62584,17,344268
35562,0.000809,172.31.36.0-255,66,62650,17,344268
35563,0.000816,172.217.194.0-255,7156,69806,17,344268
35564,0.000818,172.31.36.0-255,66,69872,17,344268
35565,0.000847,172.217.194.0-255,5738,75610,17,344268
35566,0.00085,172.31.36.0-255,66,75676,17,344268
35567,0.000858,172.217.194.0-255,7156,82832,17,344268
35568,0.00086,172.31.36.0-255,66,82898,17,344268
35569,0.000883,172.217.194.0-255,3602,86500,17,344268
35570,0.00089,172.31.36.0-255,66,86566,17,344268
35571,0.000915,172.217.194.0-255,1484,88050,17,344268
35572,0.000929,172.217.194.0-255,2902,90952,17,344268
35573,0.000932,172.31.36.0-255,66,91018,17,344268
35574,0.000939,172.217.194.0-255,5738,96756,17,344268
35575,0.000941,172.31.36.0-255,66,96822,17,344268
35576,0.000978,172.31.36.0-255,66,96888,17,344268
35577,0.001009,172.31.36.0-255,66,96954,17,344268
35578,0.001061,172.217.194.0-255,1484,98438,17,344268
35579,0.001066,172.217.194.0-255,2902,101340,17,344268
35580,0.00107,172.31.36.0-255,66,101406,17,344268
35581,0.001075,172.217.194.0-255,2902,104308,17,344268
35582,0.001077,172.31.36.0-255,66,104374,17,344268
35583,0.001093,172.217.194.0-255,2902,107276,17,344268
35584,0.001097,172.31.36.0-255,66,107342,17,344268
35585,0.001113,172.31.36.0-255,66,107408,17,344268
35586,0.001145,172.217.194.0-255,4320,111728,17,344268
35587,0.00115,172.31.36.0-255,66,111794,17,344268
35588,0.001191,172.31.36.0-255,66,111860,17,344268
35589,0.001954,172.217.194.0-255,1484,113344,17,344268
35590,0.001965,172.217.194.0-255,2902,116246,17,344268
35591,0.001971,172.31.36.0-255,66,116312,17,344268
35592,0.001978,172.217.194.0-255,5738,122050,17,344268
35593,0.00198,172.31.36.0-255,66,122116,17,344268
35594,0.001985,172.217.194.0-255,2902,125018,17,344268
35595,0.001995,172.31.36.0-255,66,125084,17,344268
35596,0.002042,172.31.36.0-255,66,125150,17,344268
35597,0.002061,172.31.36.0-255,66,125216,17,344268
35598,0.002064,172.217.194.0-255,766,125982,17,344268
35599,0.003818,172.31.36.0-255,66,126048,17,344268
35600,0.004094,172.217.194.0-255,4320,130368,17,344268
35601,0.0041,172.31.36.0-255,66,130434,17,344268
35602,0.005878,172.217.194.0-255,1484,131918,17,344268
35603,0.006148,172.217.194.0-255,2902,134820,17,344268
35604,0.006153,172.31.36.0-255,66,134886,17,344268
35605,0.006183,172.217.194.0-255,1484,136370,17,344268
35606,0.008201,172.217.194.0-255,4320,140690,17,344268
35607,0.008204,172.31.36.0-255,66,140756,17,344268
35608,0.010256,172.217.194.0-255,5738,146494,17,344268
35609,0.010262,172.31.36.0-255,66,146560,17,344268
35610,0.01232,172.217.194.0-255,5738,152298,17,344268
35611,0.012327,172.31.36.0-255,66,152364,17,344268
35612,0.014373,172.217.194.0-255,5738,158102,17,344268
35613,0.014381,172.31.36.0-255,66,158168,17,344268
35614,0.016434,172.217.194.0-255,5738,163906,17,344268
35615,0.016441,172.31.36.0-255,66,163972,17,344268
35616,0.018508,172.217.194.0-255,5738,169710,17,344268
35617,0.018517,172.31.36.0-255,66,169776,17,344268
35618,0.02056,172.217.194.0-255,5738,175514,17,344268
35619,0.020568,172.31.36.0-255,66,175580,17,344268
35620,0.022633,172.217.194.0-255,5738,181318,17,344268
35621,0.02264,172.31.36.0-255,66,181384,17,344268
35622,0.024688,172.217.194.0-255,5738,187122,17,344268
35623,0.024695,172.31.36.0-255,66,187188,17,344268
35624,0.02676,172.217.194.0-255,5738,192926,17,344268
35625,0.026767,172.31.36.0-255,66,192992,17,344268
35626,0.026918,172.31.36.0-255,172,193164,17,344268
35627,0.02697,172.31.36.0-255,1118,194282,17,344268
35628,0.02708,172.31.36.0-255,1514,195796,17,344268
35629,0.027082,172.31.36.0-255,1272,197068,17,344268
35630,0.028523,104.244.42.0-255,66,197134,17,344268
35631,0.02858,104.244.42.0-255,66,197200,17,344268
35632,0.028702,104.244.42.0-255,66,197266,17,344268
35633,0.028821,172.217.194.0-255,4320,201586,17,344268
35634,0.028825,172.31.36.0-255,66,201652,17,344268
35635,0.028855,172.217.194.0-255,1484,203136,17,344268
35636,0.030886,172.217.194.0-255,4320,207456,17,344268
35637,0.030892,172.31.36.0-255,66,207522,17,344268
35638,0.032933,172.217.194.0-255,5738,213260,17,344268
35639,0.032938,172.31.36.0-255,66,213326,17,344268
35640,0.035024,172.217.194.0-255,5738,219064,17,344268
35641,0.03503,172.31.36.0-255,66,219130,17,344268
35642,0.037066,172.217.194.0-255,5738,224868,17,344268
35643,0.037072,172.31.36.0-255,66,224934,17,344268
35644,0.039123,172.217.194.0-255,5738,230672,17,344268
35645,0.039129,172.31.36.0-255,66,230738,17,344268
35646,0.041188,172.217.194.0-255,5738,236476,17,344268
35647,0.041194,172.31.36.0-255,66,236542,17,344268
35648,0.043242,172.217.194.0-255,5738,242280,17,344268
35649,0.043247,172.31.36.0-255,66,242346,17,344268
35650,0.045295,172.217.194.0-255,5738,248084,17,344268
35651,0.045301,172.31.36.0-255,66,248150,17,344268
35652,0.047347,172.217.194.0-255,5738,253888,17,344268
35653,0.047352,172.31.36.0-255,66,253954,17,344268
35654,0.049396,172.217.194.0-255,5738,259692,17,344268
35655,0.049402,172.31.36.0-255,66,259758,17,344268
35656,0.051468,172.217.194.0-255,5738,265496,17,344268
35657,0.051473,172.31.36.0-255,66,265562,17,344268
35658,0.053504,172.217.194.0-255,5738,271300,17,344268
35659,0.053509,172.31.36.0-255,66,271366,17,344268
35660,0.055558,172.217.194.0-255,5738,277104,17,344268
35661,0.055564,172.31.36.0-255,66,277170,17,344268
35662,0.057607,172.217.194.0-255,5738,282908,17,344268
35663,0.057613,172.31.36.0-255,66,282974,17,344268
35664,0.059663,172.217.194.0-255,5738,288712,17,344268
35665,0.059669,172.31.36.0-255,66,288778,17,344268
35666,0.061702,172.217.194.0-255,5738,294516,17,344268
35667,0.061707,172.31.36.0-255,66,294582,17,344268
35668,0.063735,172.217.194.0-255,5738,300320,17,344268
35669,0.06374,172.31.36.0-255,66,300386,17,344268
35670,0.065791,172.217.194.0-255,5738,306124,17,344268
35671,0.065796,172.31.36.0-255,66,306190,17,344268
35672,0.067867,172.217.194.0-255,5738,311928,17,344268
35673,0.067888,172.31.36.0-255,66,311994,17,344268
35674,0.069941,172.217.194.0-255,5738,317732,17,344268
35675,0.069946,172.31.36.0-255,66,317798,17,344268
35676,0.071987,172.217.194.0-255,5738,323536,17,344268
35677,0.071992,172.31.36.0-255,66,323602,17,344268
35678,0.074026,172.217.194.0-255,5738,329340,17,344268
35679,0.074031,172.31.36.0-255,66,329406,17,344268
35680,0.076098,172.217.194.0-255,5738,335144,17,344268
35681,0.076103,172.31.36.0-255,66,335210,17,344268
35682,0.078157,172.217.194.0-255,5738,340948,17,344268
35683,0.078162,172.31.36.0-255,66,341014,17,344268
35684,0.08021,172.217.194.0-255,3017,344031,17,344268
35685,0.080215,172.31.36.0-255,66,344097,17,344268
35686,0.080386,172.31.36.0-255,105,344202,17,344268
35687,0.082372,172.217.194.0-255,66,344268,17,344268
35688,0.0,172.31.36.0-255,234,234,17,300
35689,0.007639,74.125.24.0-255,66,300,17,300
35690,0.0,74.125.24.0-255,66,66,17,66
35691,0.0,74.125.24.0-255,143,143,17,338136
35692,3e-05,172.31.36.0-255,66,209,17,338136
35693,3.7e-05,74.125.24.0-255,1484,1693,17,338136
35694,4e-05,172.31.36.0-255,66,1759,17,338136
35695,4.6e-05,74.125.24.0-255,2902,4661,17,338136
35696,4.9e-05,172.31.36.0-255,66,4727,17,338136
35697,5.5e-05,74.125.24.0-255,4320,9047,17,338136
35698,5.7e-05,172.31.36.0-255,66,9113,17,338136
35699,9.9e-05,74.125.24.0-255,4847,13960,17,338136
35700,0.000103,172.31.36.0-255,66,14026,17,338136
35701,0.000301,74.125.24.0-255,1484,15510,17,338136
35702,0.000306,172.31.36.0-255,66,15576,17,338136
35703,0.000312,74.125.24.0-255,2902,18478,17,338136
35704,0.000314,172.31.36.0-255,66,18544,17,338136
35705,0.000321,74.125.24.0-255,4320,22864,17,338136
35706,0.000325,172.31.36.0-255,66,22930,17,338136
35707,0.000347,74.125.24.0-255,1484,24414,17,338136
35708,0.000349,172.31.36.0-255,66,24480,17,338136
35709,0.000357,74.125.24.0-255,6797,31277,17,338136
35710,0.00036,172.31.36.0-255,66,31343,17,338136
35711,0.000408,74.125.24.0-255,4320,35663,17,338136
35712,0.000412,172.31.36.0-255,66,35729,17,338136
35713,0.000439,172.31.36.0-255,66,35795,17,338136
35714,0.000443,74.125.24.0-255,2543,38338,17,338136
35715,0.000446,172.31.36.0-255,66,38404,17,338136
35716,0.00045,74.125.24.0-255,2902,41306,17,338136
35717,0.000452,172.31.36.0-255,66,41372,17,338136
35718,0.000496,172.31.36.0-255,66,41438,17,338136
35719,0.000499,74.125.24.0-255,132,41570,17,338136
35720,0.000501,172.31.36.0-255,66,41636,17,338136
35721,0.000584,74.125.24.0-255,345,41981,17,338136
35722,0.000824,172.31.36.0-255,66,42047,17,338136
35723,0.000877,74.125.24.0-255,1484,43531,17,338136
35724,0.000884,74.125.24.0-255,1484,45015,17,338136
35725,0.000887,172.31.36.0-255,66,45081,17,338136
35726,0.000906,74.125.24.0-255,1484,46565,17,338136
35727,0.000912,74.125.24.0-255,5738,52303,17,338136
35728,0.000914,172.31.36.0-255,66,52369,17,338136
35729,0.000918,74.125.24.0-255,2902,55271,17,338136
35730,0.00092,172.31.36.0-255,66,55337,17,338136
35731,0.000941,172.31.36.0-255,66,55403,17,338136
35732,0.000977,172.31.36.0-255,66,55469,17,338136
35733,0.001789,74.125.24.0-255,1484,56953,17,338136
35734,0.001796,74.125.24.0-255,1484,58437,17,338136
35735,0.001814,74.125.24.0-255,1484,59921,17,338136
35736,0.00182,74.125.24.0-255,4320,64241,17,338136
35737,0.001823,74.125.24.0-255,2902,67143,17,338136
35738,0.00184,74.125.24.0-255,5738,72881,17,338136
35739,0.001868,74.125.24.0-255,2902,75783,17,338136
35740,0.001881,74.125.24.0-255,4320,80103,17,338136
35741,0.001894,74.125.24.0-255,5738,85841,17,338136
35742,0.001906,74.125.24.0-255,3602,89443,17,338136
35743,0.002079,74.125.24.0-255,1484,90927,17,338136
35744,0.002095,74.125.24.0-255,2902,93829,17,338136
35745,0.002106,74.125.24.0-255,2902,96731,17,338136
35746,0.002117,74.125.24.0-255,2902,99633,17,338136
35747,0.002122,74.125.24.0-255,4320,103953,17,338136
35748,0.002143,74.125.24.0-255,5738,109691,17,338136
35749,0.002161,74.125.24.0-255,2902,112593,17,338136
35750,0.00221,74.125.24.0-255,4320,116913,17,338136
35751,0.002215,74.125.24.0-255,4320,121233,17,338136
35752,0.006796,172.31.36.0-255,66,121299,17,338136
35753,0.009124,74.125.24.0-255,5738,127037,17,338136
35754,0.00913,172.31.36.0-255,66,127103,17,338136
35755,0.011436,74.125.24.0-255,4320,131423,17,338136
35756,0.011444,172.31.36.0-255,66,131489,17,338136
35757,0.011465,74.125.24.0-255,1484,132973,17,338136
35758,0.01381,74.125.24.0-255,4320,137293,17,338136
35759,0.013817,172.31.36.0-255,66,137359,17,338136
35760,0.016136,74.125.24.0-255,5738,143097,17,338136
35761,0.016144,172.31.36.0-255,66,143163,17,338136
35762,0.018467,74.125.24.0-255,5738,148901,17,338136
35763,0.018494,172.31.36.0-255,66,148967,17,338136
35764,0.020812,74.125.24.0-255,5738,154705,17,338136
35765,0.02082,172.31.36.0-255,66,154771,17,338136
35766,0.023134,74.125.24.0-255,5738,160509,17,338136
35767,0.023142,172.31.36.0-255,66,160575,17,338136
35768,0.025469,74.125.24.0-255,5738,166313,17,338136
35769,0.025476,172.31.36.0-255,66,166379,17,338136
35770,0.025786,172.31.36.0-255,188,166567,17,338136
35771,0.025822,172.31.36.0-255,961,167528,17,338136
35772,0.025887,172.31.36.0-255,1514,169042,17,338136
35773,0.025889,172.31.36.0-255,1427,170469,17,338136
35774,0.027346,104.244.42.0-255,66,170535,17,338136
35775,0.027414,104.244.42.0-255,66,170601,17,338136
35776,0.027519,104.244.42.0-255,66,170667,17,338136
35777,0.027806,74.125.24.0-255,5738,176405,17,338136
35778,0.027811,172.31.36.0-255,66,176471,17,338136
35779,0.030131,74.125.24.0-255,5738,182209,17,338136
35780,0.030138,172.31.36.0-255,66,182275,17,338136
35781,0.032448,74.125.24.0-255,5738,188013,17,338136
35782,0.032456,172.31.36.0-255,66,188079,17,338136
35783,0.034759,74.125.24.0-255,5738,193817,17,338136
35784,0.034766,172.31.36.0-255,66,193883,17,338136
35785,0.037098,74.125.24.0-255,5738,199621,17,338136
35786,0.037105,172.31.36.0-255,66,199687,17,338136
35787,0.039411,74.125.24.0-255,5738,205425,17,338136
35788,0.039417,172.31.36.0-255,66,205491,17,338136
35789,0.041757,74.125.24.0-255,5738,211229,17,338136
35790,0.041763,172.31.36.0-255,66,211295,17,338136
35791,0.044089,74.125.24.0-255,5738,217033,17,338136
35792,0.044095,172.31.36.0-255,66,217099,17,338136
35793,0.046417,74.125.24.0-255,5738,222837,17,338136
35794,0.046424,172.31.36.0-255,66,222903,17,338136
35795,0.048767,74.125.24.0-255,5738,228641,17,338136
35796,0.048773,172.31.36.0-255,66,228707,17,338136
35797,0.05121,74.125.24.0-255,5738,234445,17,338136
35798,0.051219,172.31.36.0-255,66,234511,17,338136
35799,0.053559,74.125.24.0-255,5738,240249,17,338136
35800,0.053567,172.31.36.0-255,66,240315,17,338136
35801,0.055894,74.125.24.0-255,5738,246053,17,338136
35802,0.055901,172.31.36.0-255,66,246119,17,338136
35803,0.058217,74.125.24.0-255,5738,251857,17,338136
35804,0.058223,172.31.36.0-255,66,251923,17,338136
35805,0.060545,74.125.24.0-255,5738,257661,17,338136
35806,0.060552,172.31.36.0-255,66,257727,17,338136
35807,0.062878,74.125.24.0-255,5738,263465,17,338136
35808,0.062884,172.31.36.0-255,66,263531,17,338136
35809,0.065206,74.125.24.0-255,5738,269269,17,338136
35810,0.065212,172.31.36.0-255,66,269335,17,338136
35811,0.067526,74.125.24.0-255,5738,275073,17,338136
35812,0.067532,172.31.36.0-255,66,275139,17,338136
35813,0.069854,74.125.24.0-255,5738,280877,17,338136
35814,0.069861,172.31.36.0-255,66,280943,17,338136
35815,0.072181,74.125.24.0-255,5738,286681,17,338136
35816,0.072189,172.31.36.0-255,66,286747,17,338136
35817,0.074512,74.125.24.0-255,5738,292485,17,338136
35818,0.07452,172.31.36.0-255,66,292551,17,338136
35819,0.076854,74.125.24.0-255,5738,298289,17,338136
35820,0.07686,172.31.36.0-255,66,298355,17,338136
35821,0.079188,74.125.24.0-255,5738,304093,17,338136
35822,0.079194,172.31.36.0-255,66,304159,17,338136
35823,0.081518,74.125.24.0-255,5738,309897,17,338136
35824,0.081524,172.31.36.0-255,66,309963,17,338136
35825,0.083838,74.125.24.0-255,5738,315701,17,338136
35826,0.083846,172.31.36.0-255,66,315767,17,338136
35827,0.086173,74.125.24.0-255,5738,321505,17,338136
35828,0.086179,172.31.36.0-255,66,321571,17,338136
35829,0.0885,74.125.24.0-255,5738,327309,17,338136
35830,0.08851,172.31.36.0-255,66,327375,17,338136
35831,0.090977,74.125.24.0-255,5738,333113,17,338136
35832,0.090985,172.31.36.0-255,66,333179,17,338136
35833,0.093325,74.125.24.0-255,4720,337899,17,338136
35834,0.093337,172.31.36.0-255,66,337965,17,338136
35835,0.093568,172.31.36.0-255,105,338070,17,338136
35836,0.095839,74.125.24.0-255,66,338136,17,338136
35837,0.0,172.217.27.0-255,152,152,17,370961
35838,2.2e-05,172.31.36.0-255,66,218,17,370961
35839,3e-05,172.217.27.0-255,1484,1702,17,370961
35840,3.5e-05,172.31.36.0-255,66,1768,17,370961
35841,4.1e-05,172.217.27.0-255,2902,4670,17,370961
35842,4.5e-05,172.31.36.0-255,66,4736,17,370961
35843,5.1e-05,172.217.27.0-255,5738,10474,17,370961
35844,5.5e-05,172.31.36.0-255,66,10540,17,370961
35845,5.9e-05,172.217.27.0-255,1484,12024,17,370961
35846,6.1e-05,172.31.36.0-255,66,12090,17,370961
35847,0.000105,172.31.36.0-255,66,12156,17,370961
35848,0.000113,172.217.27.0-255,6797,18953,17,370961
35849,0.000116,172.31.36.0-255,66,19019,17,370961
35850,0.000164,172.217.27.0-255,7156,26175,17,370961
35851,0.000167,172.31.36.0-255,66,26241,17,370961
35852,0.000175,172.217.27.0-255,7156,33397,17,370961
35853,0.000177,172.31.36.0-255,66,33463,17,370961
35854,0.000208,172.217.27.0-255,2543,36006,17,370961
35855,0.00021,172.31.36.0-255,66,36072,17,370961
35856,0.000537,172.217.27.0-255,1484,37556,17,370961
35857,0.000542,172.31.36.0-255,66,37622,17,370961
35858,0.000548,172.217.27.0-255,2902,40524,17,370961
35859,0.000551,172.31.36.0-255,66,40590,17,370961
35860,0.000555,172.217.27.0-255,1484,42074,17,370961
35861,0.000557,172.31.36.0-255,66,42140,17,370961
35862,0.000578,172.217.27.0-255,4320,46460,17,370961
35863,0.000581,172.31.36.0-255,66,46526,17,370961
35864,0.000586,172.217.27.0-255,2902,49428,17,370961
35865,0.000588,172.31.36.0-255,66,49494,17,370961
35866,0.000613,172.217.27.0-255,3961,53455,17,370961
35867,0.000616,172.31.36.0-255,66,53521,17,370961
35868,0.000637,172.217.27.0-255,355,53876,17,370961
35869,0.000871,172.217.27.0-255,1484,55360,17,370961
35870,0.000875,172.31.36.0-255,66,55426,17,370961
35871,0.000881,172.217.27.0-255,2902,58328,17,370961
35872,0.000883,172.31.36.0-255,66,58394,17,370961
35873,0.000888,172.217.27.0-255,2902,61296,17,370961
35874,0.00089,172.31.36.0-255,66,61362,17,370961
35875,0.000907,172.217.27.0-255,2902,64264,17,370961
35876,0.00091,172.31.36.0-255,66,64330,17,370961
35877,0.000931,172.31.36.0-255,66,64396,17,370961
35878,0.000944,172.31.36.0-255,66,64462,17,370961
35879,0.000965,172.217.27.0-255,1484,65946,17,370961
35880,0.000995,172.31.36.0-255,66,66012,17,370961
35881,0.001026,172.31.36.0-255,66,66078,17,370961
35882,0.001095,172.217.27.0-255,1484,67562,17,370961
35883,0.001102,172.217.27.0-255,2902,70464,17,370961
35884,0.001104,172.31.36.0-255,66,70530,17,370961
35885,0.001108,172.217.27.0-255,1484,72014,17,370961
35886,0.00112,172.217.27.0-255,2902,74916,17,370961
35887,0.001125,172.31.36.0-255,66,74982,17,370961
35888,0.001162,172.217.27.0-255,4320,79302,17,370961
35889,0.001166,172.31.36.0-255,66,79368,17,370961
35890,0.001183,172.217.27.0-255,3051,82419,17,370961
35891,0.001185,172.31.36.0-255,66,82485,17,370961
35892,0.001303,172.217.27.0-255,1484,83969,17,370961
35893,0.001309,172.217.27.0-255,2902,86871,17,370961
35894,0.001312,172.31.36.0-255,66,86937,17,370961
35895,0.001338,172.217.27.0-255,2902,89839,17,370961
35896,0.001341,172.31.36.0-255,66,89905,17,370961
35897,0.001346,172.217.27.0-255,2902,92807,17,370961
35898,0.001348,172.31.36.0-255,66,92873,17,370961
35899,0.001361,172.217.27.0-255,1484,94357,17,370961
35900,0.001366,172.217.27.0-255,4320,98677,17,370961
35901,0.001369,172.31.36.0-255,66,98743,17,370961
35902,0.00139,172.217.27.0-255,1125,99868,17,370961
35903,0.001411,172.217.27.0-255,1484,101352,17,370961
35904,0.001415,172.31.36.0-255,66,101418,17,370961
35905,0.00142,172.217.27.0-255,2902,104320,17,370961
35906,0.001422,172.31.36.0-255,66,104386,17,370961
35907,0.001428,172.217.27.0-255,5738,110124,17,370961
35908,0.00143,172.31.36.0-255,66,110190,17,370961
35909,0.001454,172.217.27.0-255,4320,114510,17,370961
35910,0.001457,172.31.36.0-255,66,114576,17,370961
35911,0.001477,172.217.27.0-255,2543,117119,17,370961
35912,0.001479,172.31.36.0-255,66,117185,17,370961
35913,0.003118,172.217.27.0-255,4320,121505,17,370961
35914,0.003125,172.31.36.0-255,66,121571,17,370961
35915,0.003146,172.217.27.0-255,1484,123055,17,370961
35916,0.004781,172.217.27.0-255,4320,127375,17,370961
35917,0.004785,172.31.36.0-255,66,127441,17,370961
35918,0.006443,172.217.27.0-255,5738,133179,17,370961
35919,0.006447,172.31.36.0-255,66,133245,17,370961
35920,0.008107,172.217.27.0-255,5738,138983,17,370961
35921,0.008114,172.31.36.0-255,66,139049,17,370961
35922,0.009768,172.217.27.0-255,5738,144787,17,370961
35923,0.009775,172.31.36.0-255,66,144853,17,370961
35924,0.011441,172.217.27.0-255,5738,150591,17,370961
35925,0.011449,172.31.36.0-255,66,150657,17,370961
35926,0.01312,172.217.27.0-255,5738,156395,17,370961
35927,0.013128,172.31.36.0-255,66,156461,17,370961
35928,0.014793,172.217.27.0-255,5738,162199,17,370961
35929,0.014801,172.31.36.0-255,66,162265,17,370961
35930,0.016467,172.217.27.0-255,5738,168003,17,370961
35931,0.016474,172.31.36.0-255,66,168069,17,370961
35932,0.018147,172.217.27.0-255,5738,173807,17,370961
35933,0.018153,172.31.36.0-255,66,173873,17,370961
35934,0.019817,172.217.27.0-255,5738,179611,17,370961
35935,0.019824,172.31.36.0-255,66,179677,17,370961
35936,0.021478,172.217.27.0-255,2902,182579,17,370961
35937,0.021485,172.31.36.0-255,66,182645,17,370961
35938,0.021513,172.217.27.0-255,2902,185547,17,370961
35939,0.021516,172.31.36.0-255,66,185613,17,370961
35940,0.023188,172.217.27.0-255,2902,188515,17,370961
35941,0.023196,172.31.36.0-255,66,188581,17,370961
35942,0.023237,172.217.27.0-255,1484,190065,17,370961
35943,0.023251,172.217.27.0-255,1484,191549,17,370961
35944,0.023254,172.31.36.0-255,66,191615,17,370961
35945,0.024857,172.217.27.0-255,2902,194517,17,370961
35946,0.024863,172.31.36.0-255,66,194583,17,370961
35947,0.024897,172.217.27.0-255,2902,197485,17,370961
35948,0.0249,172.31.36.0-255,66,197551,17,370961
35949,0.026564,172.217.27.0-255,2902,200453,17,370961
35950,0.026571,172.31.36.0-255,66,200519,17,370961
35951,0.026593,172.217.27.0-255,2902,203421,17,370961
35952,0.026596,172.31.36.0-255,66,203487,17,370961
35953,0.028228,172.217.27.0-255,2902,206389,17,370961
35954,0.028235,172.31.36.0-255,66,206455,17,370961
35955,0.028283,172.217.27.0-255,2902,209357,17,370961
35956,0.028287,172.31.36.0-255,66,209423,17,370961
35957,0.029893,172.217.27.0-255,2902,212325,17,370961
35958,0.029899,172.31.36.0-255,66,212391,17,370961
35959,0.029933,172.217.27.0-255,2902,215293,17,370961
35960,0.029936,172.31.36.0-255,66,215359,17,370961
35961,0.030986,172.31.36.0-255,187,215546,17,370961
35962,0.031019,172.31.36.0-255,985,216531,17,370961
35963,0.031079,172.31.36.0-255,1514,218045,17,370961
35964,0.031081,172.31.36.0-255,1403,219448,17,370961
35965,0.031556,172.217.27.0-255,2902,222350,17,370961
35966,0.031562,172.31.36.0-255,66,222416,17,370961
35967,0.031584,172.217.27.0-255,2902,225318,17,370961
35968,0.031587,172.31.36.0-255,66,225384,17,370961
35969,0.032526,104.244.42.0-255,66,225450,17,370961
35970,0.032601,104.244.42.0-255,66,225516,17,370961
35971,0.032669,104.244.42.0-255,66,225582,17,370961
35972,0.033217,172.217.27.0-255,2902,228484,17,370961
35973,0.033224,172.31.36.0-255,66,228550,17,370961
35974,0.033245,172.217.27.0-255,2902,231452,17,370961
35975,0.033247,172.31.36.0-255,66,231518,17,370961
35976,0.034882,172.217.27.0-255,2902,234420,17,370961
35977,0.034889,172.31.36.0-255,66,234486,17,370961
35978,0.034911,172.217.27.0-255,2902,237388,17,370961
35979,0.034914,172.31.36.0-255,66,237454,17,370961
35980,0.036574,172.217.27.0-255,5738,243192,17,370961
35981,0.036581,172.31.36.0-255,66,243258,17,370961
35982,0.038241,172.217.27.0-255,5738,248996,17,370961
35983,0.038249,172.31.36.0-255,66,249062,17,370961
35984,0.039906,172.217.27.0-255,5738,254800,17,370961
35985,0.039913,172.31.36.0-255,66,254866,17,370961
35986,0.041585,172.217.27.0-255,5738,260604,17,370961
35987,0.041593,172.31.36.0-255,66,260670,17,370961
35988,0.043271,172.217.27.0-255,5738,266408,17,370961
35989,0.043277,172.31.36.0-255,66,266474,17,370961
35990,0.044943,172.217.27.0-255,5738,272212,17,370961
35991,0.044948,172.31.36.0-255,66,272278,17,370961
35992,0.046616,172.217.27.0-255,5738,278016,17,370961
35993,0.046623,172.31.36.0-255,66,278082,17,370961
35994,0.048289,172.217.27.0-255,5738,283820,17,370961
35995,0.048296,172.31.36.0-255,66,283886,17,370961
35996,0.049971,172.217.27.0-255,5738,289624,17,370961
35997,0.049982,172.31.36.0-255,66,289690,17,370961
35998,0.051665,172.217.27.0-255,5738,295428,17,370961
35999,0.051672,172.31.36.0-255,66,295494,17,370961
36000,0.053335,172.217.27.0-255,5738,301232,17,370961
36001,0.053341,172.31.36.0-255,66,301298,17,370961
36002,0.055005,172.217.27.0-255,5738,307036,17,370961
36003,0.055012,172.31.36.0-255,66,307102,17,370961
36004,0.056675,172.217.27.0-255,5738,312840,17,370961
36005,0.056681,172.31.36.0-255,66,312906,17,370961
36006,0.058344,172.217.27.0-255,5738,318644,17,370961
36007,0.05835,172.31.36.0-255,66,318710,17,370961
36008,0.06002,172.217.27.0-255,5738,324448,17,370961
36009,0.060026,172.31.36.0-255,66,324514,17,370961
36010,0.061699,172.217.27.0-255,5738,330252,17,370961
36011,0.061708,172.31.36.0-255,66,330318,17,370961
36012,0.063399,172.217.27.0-255,5738,336056,17,370961
36013,0.063405,172.31.36.0-255,66,336122,17,370961
36014,0.065071,172.217.27.0-255,5738,341860,17,370961
36015,0.065077,172.31.36.0-255,66,341926,17,370961
36016,0.066744,172.217.27.0-255,5738,347664,17,370961
36017,0.066751,172.31.36.0-255,66,347730,17,370961
36018,0.068421,172.217.27.0-255,5738,353468,17,370961
36019,0.068428,172.31.36.0-255,66,353534,17,370961
36020,0.070099,172.217.27.0-255,5738,359272,17,370961
36021,0.070106,172.31.36.0-255,66,359338,17,370961
36022,0.071789,172.217.27.0-255,5738,365076,17,370961
36023,0.071795,172.31.36.0-255,66,365142,17,370961
36024,0.073464,172.217.27.0-255,5582,370724,17,370961
36025,0.073471,172.31.36.0-255,66,370790,17,370961
36026,0.073656,172.31.36.0-255,105,370895,17,370961
36027,0.075282,172.217.27.0-255,66,370961,17,370961
36028,0.0,74.125.24.0-255,153,153,17,330451
36029,2.9e-05,172.31.36.0-255,66,219,17,330451
36030,3.5e-05,74.125.24.0-255,1484,1703,17,330451
36031,3.8e-05,172.31.36.0-255,66,1769,17,330451
36032,4.2e-05,74.125.24.0-255,2902,4671,17,330451
36033,4.4e-05,172.31.36.0-255,66,4737,17,330451
36034,5.1e-05,74.125.24.0-255,7156,11893,17,330451
36035,5.3e-05,172.31.36.0-255,66,11959,17,330451
36036,5.6e-05,74.125.24.0-255,2104,14063,17,330451
36037,5.8e-05,172.31.36.0-255,66,14129,17,330451
36038,7.5e-05,74.125.24.0-255,2902,17031,17,330451
36039,7.7e-05,172.31.36.0-255,66,17097,17,330451
36040,9.7e-05,172.31.36.0-255,66,17163,17,330451
36041,0.000102,74.125.24.0-255,5379,22542,17,330451
36042,0.000104,172.31.36.0-255,66,22608,17,330451
36043,0.000212,74.125.24.0-255,1484,24092,17,330451
36044,0.000216,172.31.36.0-255,66,24158,17,330451
36045,0.000222,74.125.24.0-255,2902,27060,17,330451
36046,0.000224,172.31.36.0-255,66,27126,17,330451
36047,0.000228,74.125.24.0-255,2902,30028,17,330451
36048,0.000231,172.31.36.0-255,66,30094,17,330451
36049,0.000262,74.125.24.0-255,2902,32996,17,330451
36050,0.000265,172.31.36.0-255,66,33062,17,330451
36051,0.000273,74.125.24.0-255,6797,39859,17,330451
36052,0.000275,172.31.36.0-255,66,39925,17,330451
36053,0.000282,74.125.24.0-255,7156,47081,17,330451
36054,0.000286,172.31.36.0-255,66,47147,17,330451
36055,0.000322,172.31.36.0-255,66,47213,17,330451
36056,0.000407,74.125.24.0-255,646,47859,17,330451
36057,0.000411,172.31.36.0-255,66,47925,17,330451
36058,0.000538,74.125.24.0-255,1484,49409,17,330451
36059,0.000544,74.125.24.0-255,2902,52311,17,330451
36060,0.000547,172.31.36.0-255,66,52377,17,330451
36061,0.00057,74.125.24.0-255,5738,58115,17,330451
36062,0.000573,172.31.36.0-255,66,58181,17,330451
36063,0.000605,74.125.24.0-255,5738,63919,17,330451
36064,0.000608,172.31.36.0-255,66,63985,17,330451
36065,0.00063,74.125.24.0-255,7156,71141,17,330451
36066,0.000633,172.31.36.0-255,66,71207,17,330451
36067,0.000676,74.125.24.0-255,5738,76945,17,330451
36068,0.00068,172.31.36.0-255,66,77011,17,330451
36069,0.000699,74.125.24.0-255,5020,82031,17,330451
36070,0.000702,172.31.36.0-255,66,82097,17,330451
36071,0.000706,74.125.24.0-255,1484,83581,17,330451
36072,0.000731,74.125.24.0-255,7156,90737,17,330451
36073,0.000734,172.31.36.0-255,66,90803,17,330451
36074,0.00074,74.125.24.0-255,4320,95123,17,330451
36075,0.000744,172.31.36.0-255,66,95189,17,330451
36076,0.000758,74.125.24.0-255,5738,100927,17,330451
36077,0.000762,172.31.36.0-255,66,100993,17,330451
36078,0.000764,74.125.24.0-255,5738,106731,17,330451
36079,0.000767,172.31.36.0-255,66,106797,17,330451
36080,0.000802,172.31.36.0-255,66,106863,17,330451
36081,0.000912,74.125.24.0-255,1484,108347,17,330451
36082,0.000918,74.125.24.0-255,2902,111249,17,330451
36083,0.000921,172.31.36.0-255,66,111315,17,330451
36084,0.000945,74.125.24.0-255,5738,117053,17,330451
36085,0.000948,172.31.36.0-255,66,117119,17,330451
36086,0.000951,74.125.24.0-255,1484,118603,17,330451
36087,0.000975,172.31.36.0-255,66,118669,17,330451
36088,0.001008,74.125.24.0-255,4320,122989,17,330451
36089,0.001012,172.31.36.0-255,66,123055,17,330451
36090,0.001035,74.125.24.0-255,6438,129493,17,330451
36091,0.001038,172.31.36.0-255,66,129559,17,330451
36092,0.001351,74.125.24.0-255,1484,131043,17,330451
36093,0.001356,74.125.24.0-255,2902,133945,17,330451
36094,0.001359,172.31.36.0-255,66,134011,17,330451
36095,0.001366,74.125.24.0-255,5738,139749,17,330451
36096,0.001368,172.31.36.0-255,66,139815,17,330451
36097,0.001399,172.31.36.0-255,66,139881,17,330451
36098,0.001419,74.125.24.0-255,4320,144201,17,330451
36099,0.001422,172.31.36.0-255,66,144267,17,330451
36100,0.001434,172.31.36.0-255,66,144333,17,330451
36101,0.001933,74.125.24.0-255,1484,145817,17,330451
36102,0.001941,74.125.24.0-255,2902,148719,17,330451
36103,0.001945,172.31.36.0-255,66,148785,17,330451
36104,0.001951,74.125.24.0-255,4320,153105,17,330451
36105,0.001953,172.31.36.0-255,66,153171,17,330451
36106,0.001967,74.125.24.0-255,1484,154655,17,330451
36107,0.001974,74.125.24.0-255,7156,161811,17,330451
36108,0.001977,172.31.36.0-255,66,161877,17,330451
36109,0.001995,74.125.24.0-255,4320,166197,17,330451
36110,0.001998,172.31.36.0-255,66,166263,17,330451
36111,0.002032,172.31.36.0-255,66,166329,17,330451
36112,0.002045,172.31.36.0-255,66,166395,17,330451
36113,0.002051,74.125.24.0-255,5738,172133,17,330451
36114,0.002053,172.31.36.0-255,66,172199,17,330451
36115,0.002083,74.125.24.0-255,5738,177937,17,330451
36116,0.002086,172.31.36.0-255,66,178003,17,330451
36117,0.0021,172.31.36.0-255,66,178069,17,330451
36118,0.002213,74.125.24.0-255,1484,179553,17,330451
36119,0.002219,74.125.24.0-255,2902,182455,17,330451
36120,0.002222,172.31.36.0-255,66,182521,17,330451
36121,0.004282,74.125.24.0-255,1484,184005,17,330451
36122,0.004433,74.125.24.0-255,4320,188325,17,330451
36123,0.004437,172.31.36.0-255,66,188391,17,330451
36124,0.006646,74.125.24.0-255,4320,192711,17,330451
36125,0.00665,172.31.36.0-255,66,192777,17,330451
36126,0.006667,74.125.24.0-255,1484,194261,17,330451
36127,0.00885,74.125.24.0-255,4320,198581,17,330451
36128,0.008857,172.31.36.0-255,66,198647,17,330451
36129,0.011074,74.125.24.0-255,5738,204385,17,330451
36130,0.011081,172.31.36.0-255,66,204451,17,330451
36131,0.013303,74.125.24.0-255,5738,210189,17,330451
36132,0.013309,172.31.36.0-255,66,210255,17,330451
36133,0.015533,74.125.24.0-255,5738,215993,17,330451
36134,0.015542,172.31.36.0-255,66,216059,17,330451
36135,0.017744,74.125.24.0-255,5738,221797,17,330451
36136,0.017752,172.31.36.0-255,66,221863,17,330451
36137,0.019954,74.125.24.0-255,5738,227601,17,330451
36138,0.019961,172.31.36.0-255,66,227667,17,330451
36139,0.022179,74.125.24.0-255,5738,233405,17,330451
36140,0.022187,172.31.36.0-255,66,233471,17,330451
36141,0.024379,74.125.24.0-255,5738,239209,17,330451
36142,0.024386,172.31.36.0-255,66,239275,17,330451
36143,0.026586,74.125.24.0-255,5738,245013,17,330451
36144,0.026594,172.31.36.0-255,66,245079,17,330451
36145,0.027356,172.31.36.0-255,200,245279,17,330451
36146,0.0274,172.31.36.0-255,1117,246396,17,330451
36147,0.027462,172.31.36.0-255,1514,247910,17,330451
36148,0.027464,172.31.36.0-255,1514,249424,17,330451
36149,0.027497,172.31.36.0-255,672,250096,17,330451
36150,0.028803,74.125.24.0-255,5738,255834,17,330451
36151,0.02881,172.31.36.0-255,66,255900,17,330451
36152,0.028913,104.244.42.0-255,66,255966,17,330451
36153,0.029016,104.244.42.0-255,66,256032,17,330451
36154,0.029021,104.244.42.0-255,66,256098,17,330451
36155,0.029109,104.244.42.0-255,66,256164,17,330451
36156,0.029566,104.244.42.0-255,108,256272,17,330451
36157,0.029584,172.31.36.0-255,66,256338,17,330451
36158,0.031003,74.125.24.0-255,5738,262076,17,330451
36159,0.031008,172.31.36.0-255,66,262142,17,330451
36160,0.033221,74.125.24.0-255,5738,267880,17,330451
36161,0.033227,172.31.36.0-255,66,267946,17,330451
36162,0.035426,74.125.24.0-255,5738,273684,17,330451
36163,0.035431,172.31.36.0-255,66,273750,17,330451
36164,0.037636,74.125.24.0-255,5738,279488,17,330451
36165,0.037641,172.31.36.0-255,66,279554,17,330451
36166,0.039838,74.125.24.0-255,5738,285292,17,330451
36167,0.039843,172.31.36.0-255,66,285358,17,330451
36168,0.042015,74.125.24.0-255,5738,291096,17,330451
36169,0.04202,172.31.36.0-255,66,291162,17,330451
36170,0.044222,74.125.24.0-255,5738,296900,17,330451
36171,0.044228,172.31.36.0-255,66,296966,17,330451
36172,0.04641,74.125.24.0-255,5738,302704,17,330451
36173,0.046418,172.31.36.0-255,66,302770,17,330451
36174,0.048606,74.125.24.0-255,5738,308508,17,330451
36175,0.048611,172.31.36.0-255,66,308574,17,330451
36176,0.050794,74.125.24.0-255,4320,312894,17,330451
36177,0.050801,172.31.36.0-255,66,312960,17,330451
36178,0.050829,74.125.24.0-255,1484,314444,17,330451
36179,0.053002,74.125.24.0-255,4320,318764,17,330451
36180,0.053007,172.31.36.0-255,66,318830,17,330451
36181,0.055188,74.125.24.0-255,5738,324568,17,330451
36182,0.055193,172.31.36.0-255,66,324634,17,330451
36183,0.057394,74.125.24.0-255,5580,330214,17,330451
36184,0.057399,172.31.36.0-255,66,330280,17,330451
36185,0.057597,172.31.36.0-255,105,330385,17,330451
36186,0.059747,74.125.24.0-255,66,330451,17,330451
36187,0.0,172.253.118.0-255,146,146,17,371229
36188,1.7e-05,172.31.36.0-255,66,212,17,371229
36189,2.4e-05,172.253.118.0-255,1484,1696,17,371229
36190,2.8e-05,172.31.36.0-255,66,1762,17,371229
36191,3.5e-05,172.253.118.0-255,2902,4664,17,371229
36192,3.7e-05,172.31.36.0-255,66,4730,17,371229
36193,4.2e-05,172.253.118.0-255,2902,7632,17,371229
36194,4.6e-05,172.31.36.0-255,66,7698,17,371229
36195,8.4e-05,172.253.118.0-255,4320,12018,17,371229
36196,8.8e-05,172.31.36.0-255,66,12084,17,371229
36197,0.000106,172.253.118.0-255,2015,14099,17,371229
36198,0.000108,172.31.36.0-255,66,14165,17,371229
36199,0.000116,172.253.118.0-255,7156,21321,17,371229
36200,0.000119,172.31.36.0-255,66,21387,17,371229
36201,0.000139,172.253.118.0-255,2902,24289,17,371229
36202,0.000142,172.31.36.0-255,66,24355,17,371229
36203,0.000147,172.253.118.0-255,4320,28675,17,371229
36204,0.00015,172.31.36.0-255,66,28741,17,371229
36205,0.000173,172.253.118.0-255,2543,31284,17,371229
36206,0.000175,172.31.36.0-255,66,31350,17,371229
36207,0.000248,172.253.118.0-255,1484,32834,17,371229
36208,0.000253,172.31.36.0-255,66,32900,17,371229
36209,0.000257,172.253.118.0-255,2902,35802,17,371229
36210,0.00026,172.31.36.0-255,66,35868,17,371229
36211,0.000264,172.253.118.0-255,2902,38770,17,371229
36212,0.000266,172.31.36.0-255,66,38836,17,371229
36213,0.000293,172.253.118.0-255,2902,41738,17,371229
36214,0.000296,172.31.36.0-255,66,41804,17,371229
36215,0.000301,172.253.118.0-255,4320,46124,17,371229
36216,0.000303,172.31.36.0-255,66,46190,17,371229
36217,0.000321,172.253.118.0-255,2543,48733,17,371229
36218,0.000324,172.31.36.0-255,66,48799,17,371229
36219,0.000353,172.253.118.0-255,2902,51701,17,371229
36220,0.000356,172.31.36.0-255,66,51767,17,371229
36221,0.000376,172.253.118.0-255,7156,58923,17,371229
36222,0.000378,172.31.36.0-255,66,58989,17,371229
36223,0.000382,172.253.118.0-255,2902,61891,17,371229
36224,0.000385,172.31.36.0-255,66,61957,17,371229
36225,0.000426,172.253.118.0-255,3961,65918,17,371229
36226,0.00043,172.31.36.0-255,66,65984,17,371229
36227,0.000615,172.253.118.0-255,649,66633,17,371229
36228,0.000822,172.253.118.0-255,1484,68117,17,371229
36229,0.000828,172.31.36.0-255,66,68183,17,371229
36230,0.000833,172.253.118.0-255,2902,71085,17,371229
36231,0.000835,172.31.36.0-255,66,71151,17,371229
36232,0.000839,172.253.118.0-255,2902,74053,17,371229
36233,0.000841,172.31.36.0-255,66,74119,17,371229
36234,0.000883,172.253.118.0-255,2902,77021,17,371229
36235,0.000886,172.31.36.0-255,66,77087,17,371229
36236,0.000899,172.31.36.0-255,66,77153,17,371229
36237,0.000912,172.31.36.0-255,66,77219,17,371229
36238,0.001367,172.253.118.0-255,1484,78703,17,371229
36239,0.001374,172.253.118.0-255,2902,81605,17,371229
36240,0.001378,172.31.36.0-255,66,81671,17,371229
36241,0.001383,172.253.118.0-255,2902,84573,17,371229
36242,0.001385,172.31.36.0-255,66,84639,17,371229
36243,0.001403,172.253.118.0-255,2902,87541,17,371229
36244,0.001405,172.31.36.0-255,66,87607,17,371229
36245,0.001413,172.253.118.0-255,7156,94763,17,371229
36246,0.001415,172.31.36.0-255,66,94829,17,371229
36247,0.001462,172.31.36.0-255,66,94895,17,371229
36248,0.001493,172.253.118.0-255,2184,97079,17,371229
36249,0.001495,172.31.36.0-255,66,97145,17,371229
36250,0.001761,172.253.118.0-255,1484,98629,17,371229
36251,0.001767,172.253.118.0-255,2902,101531,17,371229
36252,0.001771,172.31.36.0-255,66,101597,17,371229
36253,0.001774,172.253.118.0-255,1484,103081,17,371229
36254,0.001795,172.253.118.0-255,4320,107401,17,371229
36255,0.001798,172.31.36.0-255,66,107467,17,371229
36256,0.001804,172.253.118.0-255,5738,113205,17,371229
36257,0.001806,172.31.36.0-255,66,113271,17,371229
36258,0.001835,172.31.36.0-255,66,113337,17,371229
36259,0.00186,172.253.118.0-255,5020,118357,17,371229
36260,0.001863,172.31.36.0-255,66,118423,17,371229
36261,0.003899,172.253.118.0-255,5738,124161,17,371229
36262,0.003906,172.31.36.0-255,66,124227,17,371229
36263,0.005956,172.253.118.0-255,5738,129965,17,371229
36264,0.005959,172.31.36.0-255,66,130031,17,371229
36265,0.008028,172.253.118.0-255,5738,135769,17,371229
36266,0.008034,172.31.36.0-255,66,135835,17,371229
36267,0.01009,172.253.118.0-255,5738,141573,17,371229
36268,0.010098,172.31.36.0-255,66,141639,17,371229
36269,0.012157,172.253.118.0-255,5738,147377,17,371229
36270,0.012167,172.31.36.0-255,66,147443,17,371229
36271,0.014245,172.253.118.0-255,5738,153181,17,371229
36272,0.014255,172.31.36.0-255,66,153247,17,371229
36273,0.016301,172.253.118.0-255,5738,158985,17,371229
36274,0.01631,172.31.36.0-255,66,159051,17,371229
36275,0.018385,172.253.118.0-255,5738,164789,17,371229
36276,0.018393,172.31.36.0-255,66,164855,17,371229
36277,0.02045,172.253.118.0-255,5738,170593,17,371229
36278,0.020457,172.31.36.0-255,66,170659,17,371229
36279,0.022517,172.253.118.0-255,5738,176397,17,371229
36280,0.022524,172.31.36.0-255,66,176463,17,371229
36281,0.024582,172.253.118.0-255,5738,182201,17,371229
36282,0.024589,172.31.36.0-255,66,182267,17,371229
36283,0.02665,172.253.118.0-255,5738,188005,17,371229
36284,0.026657,172.31.36.0-255,66,188071,17,371229
36285,0.028073,172.31.36.0-255,188,188259,17,371229
36286,0.028105,172.31.36.0-255,961,189220,17,371229
36287,0.028166,172.31.36.0-255,1514,190734,17,371229
36288,0.028168,172.31.36.0-255,1427,192161,17,371229
36289,0.028715,172.253.118.0-255,5738,197899,17,371229
36290,0.028722,172.31.36.0-255,66,197965,17,371229
36291,0.029604,104.244.42.0-255,66,198031,17,371229
36292,0.029634,104.244.42.0-255,66,198097,17,371229
36293,0.02978,104.244.42.0-255,66,198163,17,371229
36294,0.030798,172.253.118.0-255,5738,203901,17,371229
36295,0.030804,172.31.36.0-255,66,203967,17,371229
36296,0.032873,172.253.118.0-255,5738,209705,17,371229
36297,0.03288,172.31.36.0-255,66,209771,17,371229
36298,0.034948,172.253.118.0-255,5738,215509,17,371229
36299,0.034955,172.31.36.0-255,66,215575,17,371229
36300,0.037028,172.253.118.0-255,5738,221313,17,371229
36301,0.037035,172.31.36.0-255,66,221379,17,371229
36302,0.039101,172.253.118.0-255,5738,227117,17,371229
36303,0.03911,172.31.36.0-255,66,227183,17,371229
36304,0.041197,172.253.118.0-255,5738,232921,17,371229
36305,0.041204,172.31.36.0-255,66,232987,17,371229
36306,0.043266,172.253.118.0-255,5738,238725,17,371229
36307,0.043271,172.31.36.0-255,66,238791,17,371229
36308,0.045339,172.253.118.0-255,5738,244529,17,371229
36309,0.045347,172.31.36.0-255,66,244595,17,371229
36310,0.047399,172.253.118.0-255,5738,250333,17,371229
36311,0.047405,172.31.36.0-255,66,250399,17,371229
36312,0.049478,172.253.118.0-255,5738,256137,17,371229
36313,0.049485,172.31.36.0-255,66,256203,17,371229
36314,0.051559,172.253.118.0-255,5738,261941,17,371229
36315,0.051564,172.31.36.0-255,66,262007,17,371229
36316,0.053642,172.253.118.0-255,5738,267745,17,371229
36317,0.053648,172.31.36.0-255,66,267811,17,371229
36318,0.055736,172.253.118.0-255,5738,273549,17,371229
36319,0.055742,172.31.36.0-255,66,273615,17,371229
36320,0.057824,172.253.118.0-255,5738,279353,17,371229
36321,0.057831,172.31.36.0-255,66,279419,17,371229
36322,0.059889,172.253.118.0-255,5738,285157,17,371229
36323,0.059896,172.31.36.0-255,66,285223,17,371229
36324,0.06198,172.253.118.0-255,5738,290961,17,371229
36325,0.061987,172.31.36.0-255,66,291027,17,371229
36326,0.064074,172.253.118.0-255,5738,296765,17,371229
36327,0.064081,172.31.36.0-255,66,296831,17,371229
36328,0.066151,172.253.118.0-255,5738,302569,17,371229
36329,0.066159,172.31.36.0-255,66,302635,17,371229
36330,0.068245,172.253.118.0-255,5738,308373,17,371229
36331,0.068251,172.31.36.0-255,66,308439,17,371229
36332,0.070311,172.253.118.0-255,5738,314177,17,371229
36333,0.070318,172.31.36.0-255,66,314243,17,371229
36334,0.072378,172.253.118.0-255,5738,319981,17,371229
36335,0.072383,172.31.36.0-255,66,320047,17,371229
36336,0.07445,172.253.118.0-255,5738,325785,17,371229
36337,0.074457,172.31.36.0-255,66,325851,17,371229
36338,0.076512,172.253.118.0-255,5738,331589,17,371229
36339,0.076519,172.31.36.0-255,66,331655,17,371229
36340,0.078583,172.253.118.0-255,5738,337393,17,371229
36341,0.078591,172.31.36.0-255,66,337459,17,371229
36342,0.080655,172.253.118.0-255,5738,343197,17,371229
36343,0.080662,172.31.36.0-255,66,343263,17,371229
36344,0.082726,172.253.118.0-255,5738,349001,17,371229
36345,0.082731,172.31.36.0-255,66,349067,17,371229
36346,0.084803,172.253.118.0-255,5738,354805,17,371229
36347,0.084808,172.31.36.0-255,66,354871,17,371229
36348,0.086872,172.253.118.0-255,5738,360609,17,371229
36349,0.086878,172.31.36.0-255,66,360675,17,371229
36350,0.088958,172.253.118.0-255,5738,366413,17,371229
36351,0.088964,172.31.36.0-255,66,366479,17,371229
36352,0.091029,172.253.118.0-255,4513,370992,17,371229
36353,0.091036,172.31.36.0-255,66,371058,17,371229
36354,0.091217,172.31.36.0-255,105,371163,17,371229
36355,0.093256,172.253.118.0-255,66,371229,17,371229
36356,0.0,74.125.24.0-255,153,153,17,365349
36357,1.7e-05,172.31.36.0-255,66,219,17,365349
36358,2.3e-05,74.125.24.0-255,1484,1703,17,365349
36359,2.8e-05,172.31.36.0-255,66,1769,17,365349
36360,3.3e-05,74.125.24.0-255,2902,4671,17,365349
36361,3.5e-05,172.31.36.0-255,66,4737,17,365349
36362,3.9e-05,74.125.24.0-255,2902,7639,17,365349
36363,4.2e-05,172.31.36.0-255,66,7705,17,365349
36364,9.5e-05,74.125.24.0-255,6274,13979,17,365349
36365,9.9e-05,172.31.36.0-255,66,14045,17,365349
36366,0.000153,74.125.24.0-255,1484,15529,17,365349
36367,0.000159,172.31.36.0-255,66,15595,17,365349
36368,0.000166,74.125.24.0-255,2902,18497,17,365349
36369,0.000168,172.31.36.0-255,66,18563,17,365349
36370,0.000194,74.125.24.0-255,5738,24301,17,365349
36371,0.000197,172.31.36.0-255,66,24367,17,365349
36372,0.000204,74.125.24.0-255,4320,28687,17,365349
36373,0.000206,172.31.36.0-255,66,28753,17,365349
36374,0.000246,74.125.24.0-255,2543,31296,17,365349
36375,0.000249,172.31.36.0-255,66,31362,17,365349
36376,0.000329,74.125.24.0-255,1484,32846,17,365349
36377,0.000332,172.31.36.0-255,66,32912,17,365349
36378,0.000358,74.125.24.0-255,2902,35814,17,365349
36379,0.000362,172.31.36.0-255,66,35880,17,365349
36380,0.000382,74.125.24.0-255,5738,41618,17,365349
36381,0.000385,172.31.36.0-255,66,41684,17,365349
36382,0.000421,74.125.24.0-255,6797,48481,17,365349
36383,0.000427,74.125.24.0-255,7156,55637,17,365349
36384,0.000427,172.31.36.0-255,66,55703,17,365349
36385,0.00043,172.31.36.0-255,66,55769,17,365349
36386,0.000472,172.31.36.0-255,66,55835,17,365349
36387,0.000474,74.125.24.0-255,400,56235,17,365349
36388,0.000525,74.125.24.0-255,346,56581,17,365349
36389,0.000655,74.125.24.0-255,1484,58065,17,365349
36390,0.000658,172.31.36.0-255,66,58131,17,365349
36391,0.000676,74.125.24.0-255,2902,61033,17,365349
36392,0.000678,172.31.36.0-255,66,61099,17,365349
36393,0.000683,74.125.24.0-255,5738,66837,17,365349
36394,0.000685,172.31.36.0-255,66,66903,17,365349
36395,0.000688,74.125.24.0-255,1484,68387,17,365349
36396,0.000712,74.125.24.0-255,5379,73766,17,365349
36397,0.000714,172.31.36.0-255,66,73832,17,365349
36398,0.000721,74.125.24.0-255,7156,80988,17,365349
36399,0.000722,172.31.36.0-255,66,81054,17,365349
36400,0.000756,74.125.24.0-255,7156,88210,17,365349
36401,0.00076,172.31.36.0-255,66,88276,17,365349
36402,0.000777,74.125.24.0-255,2543,90819,17,365349
36403,0.00078,172.31.36.0-255,66,90885,17,365349
36404,0.001142,74.125.24.0-255,1484,92369,17,365349
36405,0.00115,74.125.24.0-255,2902,95271,17,365349
36406,0.001154,172.31.36.0-255,66,95337,17,365349
36407,0.00116,74.125.24.0-255,4320,99657,17,365349
36408,0.001162,172.31.36.0-255,66,99723,17,365349
36409,0.001174,74.125.24.0-255,1484,101207,17,365349
36410,0.001204,172.31.36.0-255,66,101273,17,365349
36411,0.001214,172.31.36.0-255,66,101339,17,365349
36412,0.002186,74.125.24.0-255,1484,102823,17,365349
36413,0.002193,74.125.24.0-255,2902,105725,17,365349
36414,0.002197,172.31.36.0-255,66,105791,17,365349
36415,0.002204,74.125.24.0-255,4320,110111,17,365349
36416,0.002206,172.31.36.0-255,66,110177,17,365349
36417,0.002234,74.125.24.0-255,1484,111661,17,365349
36418,0.002247,172.31.36.0-255,66,111727,17,365349
36419,0.002252,74.125.24.0-255,4320,116047,17,365349
36420,0.002253,172.31.36.0-255,66,116113,17,365349
36421,0.002286,74.125.24.0-255,4320,120433,17,365349
36422,0.002289,172.31.36.0-255,66,120499,17,365349
36423,0.002305,74.125.24.0-255,2184,122683,17,365349
36424,0.002308,172.31.36.0-255,66,122749,17,365349
36425,0.004552,74.125.24.0-255,4320,127069,17,365349
36426,0.004555,172.31.36.0-255,66,127135,17,365349
36427,0.004568,74.125.24.0-255,1484,128619,17,365349
36428,0.006816,74.125.24.0-255,4320,132939,17,365349
36429,0.006823,172.31.36.0-255,66,133005,17,365349
36430,0.009106,74.125.24.0-255,5738,138743,17,365349
36431,0.009114,172.31.36.0-255,66,138809,17,365349
36432,0.011413,74.125.24.0-255,5738,144547,17,365349
36433,0.011422,172.31.36.0-255,66,144613,17,365349
36434,0.01367,74.125.24.0-255,5738,150351,17,365349
36435,0.013682,172.31.36.0-255,66,150417,17,365349
36436,0.016019,74.125.24.0-255,5738,156155,17,365349
36437,0.016028,172.31.36.0-255,66,156221,17,365349
36438,0.018267,74.125.24.0-255,5738,161959,17,365349
36439,0.018273,172.31.36.0-255,66,162025,17,365349
36440,0.020537,74.125.24.0-255,5738,167763,17,365349
36441,0.020545,172.31.36.0-255,66,167829,17,365349
36442,0.022812,74.125.24.0-255,5738,173567,17,365349
36443,0.022821,172.31.36.0-255,66,173633,17,365349
36444,0.025072,74.125.24.0-255,5738,179371,17,365349
36445,0.025078,172.31.36.0-255,66,179437,17,365349
36446,0.025712,172.31.36.0-255,172,179609,17,365349
36447,0.025752,172.31.36.0-255,1116,180725,17,365349
36448,0.025825,172.31.36.0-255,1514,182239,17,365349
36449,0.025827,172.31.36.0-255,1272,183511,17,365349
36450,0.027246,104.244.42.0-255,66,183577,17,365349
36451,0.027299,104.244.42.0-255,66,183643,17,365349
36452,0.027306,74.125.24.0-255,5738,189381,17,365349
36453,0.02731,172.31.36.0-255,66,189447,17,365349
36454,0.027396,104.244.42.0-255,66,189513,17,365349
36455,0.02958,74.125.24.0-255,5738,195251,17,365349
36456,0.029586,172.31.36.0-255,66,195317,17,365349
36457,0.031854,74.125.24.0-255,5738,201055,17,365349
36458,0.031859,172.31.36.0-255,66,201121,17,365349
36459,0.034168,74.125.24.0-255,5738,206859,17,365349
36460,0.034174,172.31.36.0-255,66,206925,17,365349
36461,0.036422,74.125.24.0-255,4320,211245,17,365349
36462,0.036427,172.31.36.0-255,66,211311,17,365349
36463,0.036457,74.125.24.0-255,1484,212795,17,365349
36464,0.038717,74.125.24.0-255,4320,217115,17,365349
36465,0.038722,172.31.36.0-255,66,217181,17,365349
36466,0.040967,74.125.24.0-255,5738,222919,17,365349
36467,0.040973,172.31.36.0-255,66,222985,17,365349
36468,0.043208,74.125.24.0-255,4320,227305,17,365349
36469,0.043213,172.31.36.0-255,66,227371,17,365349
36470,0.043245,74.125.24.0-255,1484,228855,17,365349
36471,0.045504,74.125.24.0-255,4320,233175,17,365349
36472,0.045509,172.31.36.0-255,66,233241,17,365349
36473,0.047748,74.125.24.0-255,2902,236143,17,365349
36474,0.047753,172.31.36.0-255,66,236209,17,365349
36475,0.047781,74.125.24.0-255,2902,239111,17,365349
36476,0.047784,172.31.36.0-255,66,239177,17,365349
36477,0.050056,74.125.24.0-255,5738,244915,17,365349
36478,0.050061,172.31.36.0-255,66,244981,17,365349
36479,0.052342,74.125.24.0-255,5738,250719,17,365349
36480,0.052347,172.31.36.0-255,66,250785,17,365349
36481,0.054697,74.125.24.0-255,5738,256523,17,365349
36482,0.054703,172.31.36.0-255,66,256589,17,365349
36483,0.05697,74.125.24.0-255,2902,259491,17,365349
36484,0.056975,172.31.36.0-255,66,259557,17,365349
36485,0.057007,74.125.24.0-255,2902,262459,17,365349
36486,0.05701,172.31.36.0-255,66,262525,17,365349
36487,0.059237,74.125.24.0-255,2902,265427,17,365349
36488,0.059242,172.31.36.0-255,66,265493,17,365349
36489,0.059348,74.125.24.0-255,2902,268395,17,365349
36490,0.059355,172.31.36.0-255,66,268461,17,365349
36491,0.061511,74.125.24.0-255,2902,271363,17,365349
36492,0.061517,172.31.36.0-255,66,271429,17,365349
36493,0.061581,74.125.24.0-255,2902,274331,17,365349
36494,0.061585,172.31.36.0-255,66,274397,17,365349
36495,0.063765,74.125.24.0-255,2902,277299,17,365349
36496,0.06377,172.31.36.0-255,66,277365,17,365349
36497,0.063819,74.125.24.0-255,2902,280267,17,365349
36498,0.063823,172.31.36.0-255,66,280333,17,365349
36499,0.066064,74.125.24.0-255,5738,286071,17,365349
36500,0.066069,172.31.36.0-255,66,286137,17,365349
36501,0.068344,74.125.24.0-255,5738,291875,17,365349
36502,0.068349,172.31.36.0-255,66,291941,17,365349
36503,0.070624,74.125.24.0-255,4320,296261,17,365349
36504,0.070628,172.31.36.0-255,66,296327,17,365349
36505,0.070654,74.125.24.0-255,1484,297811,17,365349
36506,0.072921,74.125.24.0-255,4320,302131,17,365349
36507,0.072926,172.31.36.0-255,66,302197,17,365349
36508,0.075179,74.125.24.0-255,5738,307935,17,365349
36509,0.075184,172.31.36.0-255,66,308001,17,365349
36510,0.077467,74.125.24.0-255,5738,313739,17,365349
36511,0.077472,172.31.36.0-255,66,313805,17,365349
36512,0.079748,74.125.24.0-255,4320,318125,17,365349
36513,0.079753,172.31.36.0-255,66,318191,17,365349
36514,0.079784,74.125.24.0-255,1484,319675,17,365349
36515,0.08201,74.125.24.0-255,4320,323995,17,365349
36516,0.082015,172.31.36.0-255,66,324061,17,365349
36517,0.084302,74.125.24.0-255,5738,329799,17,365349
36518,0.084307,172.31.36.0-255,66,329865,17,365349
36519,0.086589,74.125.24.0-255,5738,335603,17,365349
36520,0.086594,172.31.36.0-255,66,335669,17,365349
36521,0.08885,74.125.24.0-255,2902,338571,17,365349
36522,0.088856,172.31.36.0-255,66,338637,17,365349
36523,0.088888,74.125.24.0-255,2902,341539,17,365349
36524,0.088892,172.31.36.0-255,66,341605,17,365349
36525,0.091103,74.125.24.0-255,2902,344507,17,365349
36526,0.091108,172.31.36.0-255,66,344573,17,365349
36527,0.091157,74.125.24.0-255,2902,347475,17,365349
36528,0.091161,172.31.36.0-255,66,347541,17,365349
36529,0.093372,74.125.24.0-255,2902,350443,17,365349
36530,0.093377,172.31.36.0-255,66,350509,17,365349
36531,0.093446,74.125.24.0-255,2902,353411,17,365349
36532,0.093451,172.31.36.0-255,66,353477,17,365349
36533,0.095627,74.125.24.0-255,2902,356379,17,365349
36534,0.095632,172.31.36.0-255,66,356445,17,365349
36535,0.095716,74.125.24.0-255,2902,359347,17,365349
36536,0.095721,172.31.36.0-255,66,359413,17,365349
36537,0.097907,74.125.24.0-255,2902,362315,17,365349
36538,0.097912,172.31.36.0-255,66,362381,17,365349
36539,0.098004,74.125.24.0-255,2902,365283,17,365349
36540,0.098009,172.31.36.0-255,66,365349,17,365349
36541,0.0,74.125.68.0-255,153,153,17,373028
36542,2.4e-05,172.31.36.0-255,66,219,17,373028
36543,3.2e-05,74.125.68.0-255,1484,1703,17,373028
36544,3.7e-05,172.31.36.0-255,66,1769,17,373028
36545,6.1e-05,74.125.68.0-255,2902,4671,17,373028
36546,6.4e-05,172.31.36.0-255,66,4737,17,373028
36547,6.7e-05,74.125.68.0-255,1484,6221,17,373028
36548,6.9e-05,172.31.36.0-255,66,6287,17,373028
36549,7.8e-05,74.125.68.0-255,5738,12025,17,373028
36550,8.1e-05,172.31.36.0-255,66,12091,17,373028
36551,0.000106,74.125.68.0-255,1484,13575,17,373028
36552,0.000108,172.31.36.0-255,66,13641,17,373028
36553,0.000136,172.31.36.0-255,66,13707,17,373028
36554,0.000157,74.125.68.0-255,4320,18027,17,373028
36555,0.000159,172.31.36.0-255,66,18093,17,373028
36556,0.000176,74.125.68.0-255,5379,23472,17,373028
36557,0.000179,172.31.36.0-255,66,23538,17,373028
36558,0.000275,74.125.68.0-255,1484,25022,17,373028
36559,0.000279,172.31.36.0-255,66,25088,17,373028
36560,0.000285,74.125.68.0-255,2902,27990,17,373028
36561,0.000288,172.31.36.0-255,66,28056,17,373028
36562,0.000294,74.125.68.0-255,4320,32376,17,373028
36563,0.000297,172.31.36.0-255,66,32442,17,373028
36564,0.00032,74.125.68.0-255,1484,33926,17,373028
36565,0.000322,172.31.36.0-255,66,33992,17,373028
36566,0.000331,74.125.68.0-255,6797,40789,17,373028
36567,0.000333,172.31.36.0-255,66,40855,17,373028
36568,0.000359,74.125.68.0-255,4320,45175,17,373028
36569,0.000361,172.31.36.0-255,66,45241,17,373028
36570,0.00038,74.125.68.0-255,2902,48143,17,373028
36571,0.000382,172.31.36.0-255,66,48209,17,373028
36572,0.000399,74.125.68.0-255,2902,51111,17,373028
36573,0.000402,172.31.36.0-255,66,51177,17,373028
36574,0.000428,74.125.68.0-255,5738,56915,17,373028
36575,0.000431,172.31.36.0-255,66,56981,17,373028
36576,0.000475,74.125.68.0-255,1439,58420,17,373028
36577,0.000493,74.125.68.0-255,342,58762,17,373028
36578,0.000496,172.31.36.0-255,66,58828,17,373028
36579,0.000563,74.125.68.0-255,1484,60312,17,373028
36580,0.000569,74.125.68.0-255,2902,63214,17,373028
36581,0.000571,172.31.36.0-255,66,63280,17,373028
36582,0.000588,74.125.68.0-255,1484,64764,17,373028
36583,0.000606,74.125.68.0-255,4320,69084,17,373028
36584,0.000609,172.31.36.0-255,66,69150,17,373028
36585,0.000614,74.125.68.0-255,2902,72052,17,373028
36586,0.000616,172.31.36.0-255,66,72118,17,373028
36587,0.000634,74.125.68.0-255,5738,77856,17,373028
36588,0.000636,172.31.36.0-255,66,77922,17,373028
36589,0.000643,74.125.68.0-255,5738,83660,17,373028
36590,0.000645,172.31.36.0-255,66,83726,17,373028
36591,0.000671,74.125.68.0-255,4320,88046,17,373028
36592,0.000673,172.31.36.0-255,66,88112,17,373028
36593,0.000679,74.125.68.0-255,5020,93132,17,373028
36594,0.000682,172.31.36.0-255,66,93198,17,373028
36595,0.000911,74.125.68.0-255,1484,94682,17,373028
36596,0.000917,74.125.68.0-255,1484,96166,17,373028
36597,0.000921,172.31.36.0-255,66,96232,17,373028
36598,0.000926,74.125.68.0-255,2902,99134,17,373028
36599,0.000928,172.31.36.0-255,66,99200,17,373028
36600,0.000959,74.125.68.0-255,5738,104938,17,373028
36601,0.000962,172.31.36.0-255,66,105004,17,373028
36602,0.000991,172.31.36.0-255,66,105070,17,373028
36603,0.001002,172.31.36.0-255,66,105136,17,373028
36604,0.001019,74.125.68.0-255,1484,106620,17,373028
36605,0.001025,74.125.68.0-255,3602,110222,17,373028
36606,0.001027,172.31.36.0-255,66,110288,17,373028
36607,0.002006,74.125.68.0-255,1484,111772,17,373028
36608,0.002016,74.125.68.0-255,2902,114674,17,373028
36609,0.00202,172.31.36.0-255,66,114740,17,373028
36610,0.002042,74.125.68.0-255,2902,117642,17,373028
36611,0.002045,172.31.36.0-255,66,117708,17,373028
36612,0.002065,74.125.68.0-255,2902,120610,17,373028
36613,0.002067,172.31.36.0-255,66,120676,17,373028
36614,0.002071,74.125.68.0-255,1484,122160,17,373028
36615,0.002093,74.125.68.0-255,5738,127898,17,373028
36616,0.002096,172.31.36.0-255,66,127964,17,373028
36617,0.002113,74.125.68.0-255,1484,129448,17,373028
36618,0.002138,172.31.36.0-255,66,129514,17,373028
36619,0.002155,74.125.68.0-255,4320,133834,17,373028
36620,0.002157,172.31.36.0-255,66,133900,17,373028
36621,0.002188,74.125.68.0-255,2184,136084,17,373028
36622,0.002191,172.31.36.0-255,66,136150,17,373028
36623,0.004489,74.125.68.0-255,2902,139052,17,373028
36624,0.004496,172.31.36.0-255,66,139118,17,373028
36625,0.004514,74.125.68.0-255,2902,142020,17,373028
36626,0.004516,172.31.36.0-255,66,142086,17,373028
36627,0.006814,74.125.68.0-255,2902,144988,17,373028
36628,0.006821,172.31.36.0-255,66,145054,17,373028
36629,0.006842,74.125.68.0-255,2902,147956,17,373028
36630,0.006844,172.31.36.0-255,66,148022,17,373028
36631,0.009144,74.125.68.0-255,2902,150924,17,373028
36632,0.009151,172.31.36.0-255,66,150990,17,373028
36633,0.009173,74.125.68.0-255,2902,153892,17,373028
36634,0.009176,172.31.36.0-255,66,153958,17,373028
36635,0.011475,74.125.68.0-255,2902,156860,17,373028
36636,0.011484,172.31.36.0-255,66,156926,17,373028
36637,0.011506,74.125.68.0-255,2902,159828,17,373028
36638,0.011509,172.31.36.0-255,66,159894,17,373028
36639,0.013811,74.125.68.0-255,2902,162796,17,373028
36640,0.013819,172.31.36.0-255,66,162862,17,373028
36641,0.013839,74.125.68.0-255,2902,165764,17,373028
36642,0.013842,172.31.36.0-255,66,165830,17,373028
36643,0.016172,74.125.68.0-255,5738,171568,17,373028
36644,0.016182,172.31.36.0-255,66,171634,17,373028
36645,0.018538,74.125.68.0-255,5738,177372,17,373028
36646,0.018547,172.31.36.0-255,66,177438,17,373028
36647,0.020887,74.125.68.0-255,5738,183176,17,373028
36648,0.020895,172.31.36.0-255,66,183242,17,373028
36649,0.023226,74.125.68.0-255,5738,188980,17,373028
36650,0.023234,172.31.36.0-255,66,189046,17,373028
36651,0.025566,74.125.68.0-255,5738,194784,17,373028
36652,0.025574,172.31.36.0-255,66,194850,17,373028
36653,0.027911,74.125.68.0-255,5738,200588,17,373028
36654,0.02792,172.31.36.0-255,66,200654,17,373028
36655,0.028745,172.31.36.0-255,188,200842,17,373028
36656,0.028781,172.31.36.0-255,961,201803,17,373028
36657,0.028849,172.31.36.0-255,1514,203317,17,373028
36658,0.028851,172.31.36.0-255,1427,204744,17,373028
36659,0.030261,74.125.68.0-255,5738,210482,17,373028
36660,0.030269,172.31.36.0-255,66,210548,17,373028
36661,0.0303,104.244.42.0-255,66,210614,17,373028
36662,0.03035,104.244.42.0-255,66,210680,17,373028
36663,0.0305,104.244.42.0-255,66,210746,17,373028
36664,0.032592,74.125.68.0-255,4320,215066,17,373028
36665,0.032598,172.31.36.0-255,66,215132,17,373028
36666,0.032612,74.125.68.0-255,1484,216616,17,373028
36667,0.034939,74.125.68.0-255,4320,220936,17,373028
36668,0.034948,172.31.36.0-255,66,221002,17,373028
36669,0.03727,74.125.68.0-255,5738,226740,17,373028
36670,0.037276,172.31.36.0-255,66,226806,17,373028
36671,0.03962,74.125.68.0-255,4320,231126,17,373028
36672,0.039626,172.31.36.0-255,66,231192,17,373028
36673,0.039656,74.125.68.0-255,1484,232676,17,373028
36674,0.041946,74.125.68.0-255,2902,235578,17,373028
36675,0.041951,172.31.36.0-255,66,235644,17,373028
36676,0.041982,74.125.68.0-255,1484,237128,17,373028
36677,0.044273,74.125.68.0-255,4320,241448,17,373028
36678,0.044279,172.31.36.0-255,66,241514,17,373028
36679,0.046607,74.125.68.0-255,5738,247252,17,373028
36680,0.046614,172.31.36.0-255,66,247318,17,373028
36681,0.048956,74.125.68.0-255,5738,253056,17,373028
36682,0.048969,172.31.36.0-255,66,253122,17,373028
36683,0.051311,74.125.68.0-255,5738,258860,17,373028
36684,0.051321,172.31.36.0-255,66,258926,17,373028
36685,0.053643,74.125.68.0-255,4320,263246,17,373028
36686,0.053649,172.31.36.0-255,66,263312,17,373028
36687,0.053685,74.125.68.0-255,1484,264796,17,373028
36688,0.055958,74.125.68.0-255,4320,269116,17,373028
36689,0.055964,172.31.36.0-255,66,269182,17,373028
36690,0.058293,74.125.68.0-255,5738,274920,17,373028
36691,0.058299,172.31.36.0-255,66,274986,17,373028
36692,0.060628,74.125.68.0-255,2902,277888,17,373028
36693,0.060633,172.31.36.0-255,66,277954,17,373028
36694,0.060664,74.125.68.0-255,2902,280856,17,373028
36695,0.060667,172.31.36.0-255,66,280922,17,373028
36696,0.062956,74.125.68.0-255,2902,283824,17,373028
36697,0.062962,172.31.36.0-255,66,283890,17,373028
36698,0.062992,74.125.68.0-255,2902,286792,17,373028
36699,0.062995,172.31.36.0-255,66,286858,17,373028
36700,0.065286,74.125.68.0-255,2902,289760,17,373028
36701,0.065292,172.31.36.0-255,66,289826,17,373028
36702,0.065313,74.125.68.0-255,2902,292728,17,373028
36703,0.065315,172.31.36.0-255,66,292794,17,373028
36704,0.067621,74.125.68.0-255,4320,297114,17,373028
36705,0.067627,172.31.36.0-255,66,297180,17,373028
36706,0.067647,74.125.68.0-255,1484,298664,17,373028
36707,0.06996,74.125.68.0-255,4320,302984,17,373028
36708,0.069968,172.31.36.0-255,66,303050,17,373028
36709,0.072292,74.125.68.0-255,5738,308788,17,373028
36710,0.072297,172.31.36.0-255,66,308854,17,373028
36711,0.074618,74.125.68.0-255,5738,314592,17,373028
36712,0.074624,172.31.36.0-255,66,314658,17,373028
36713,0.076946,74.125.68.0-255,5738,320396,17,373028
36714,0.076952,172.31.36.0-255,66,320462,17,373028
36715,0.079274,74.125.68.0-255,2902,323364,17,373028
36716,0.079279,172.31.36.0-255,66,323430,17,373028
36717,0.079305,74.125.68.0-255,2902,326332,17,373028
36718,0.079308,172.31.36.0-255,66,326398,17,373028
36719,0.081591,74.125.68.0-255,2902,329300,17,373028
36720,0.081597,172.31.36.0-255,66,329366,17,373028
36721,0.081627,74.125.68.0-255,2902,332268,17,373028
36722,0.08163,172.31.36.0-255,66,332334,17,373028
36723,0.083915,74.125.68.0-255,1484,333818,17,373028
36724,0.083942,74.125.68.0-255,4320,338138,17,373028
36725,0.083947,172.31.36.0-255,66,338204,17,373028
36726,0.086278,74.125.68.0-255,5738,343942,17,373028
36727,0.086284,172.31.36.0-255,66,344008,17,373028
36728,0.088606,74.125.68.0-255,5738,349746,17,373028
36729,0.088612,172.31.36.0-255,66,349812,17,373028
36730,0.090938,74.125.68.0-255,5738,355550,17,373028
36731,0.090943,172.31.36.0-255,66,355616,17,373028
36732,0.093256,74.125.68.0-255,5738,361354,17,373028
36733,0.09326,172.31.36.0-255,66,361420,17,373028
36734,0.095599,74.125.68.0-255,5738,367158,17,373028
36735,0.095605,172.31.36.0-255,66,367224,17,373028
36736,0.097969,74.125.68.0-255,5738,372962,17,373028
36737,0.097977,172.31.36.0-255,66,373028,17,373028
36738,0.0,74.125.68.0-255,146,146,17,291981
36739,3.3e-05,172.31.36.0-255,66,212,17,291981
36740,4e-05,74.125.68.0-255,1484,1696,17,291981
36741,4.4e-05,172.31.36.0-255,66,1762,17,291981
36742,4.7e-05,74.125.68.0-255,1484,3246,17,291981
36743,4.9e-05,172.31.36.0-255,66,3312,17,291981
36744,8e-05,74.125.68.0-255,1484,4796,17,291981
36745,8.3e-05,172.31.36.0-255,66,4862,17,291981
36746,0.000171,74.125.68.0-255,4320,9182,17,291981
36747,0.000177,172.31.36.0-255,66,9248,17,291981
36748,0.000203,74.125.68.0-255,1484,10732,17,291981
36749,0.000206,172.31.36.0-255,66,10798,17,291981
36750,0.000389,74.125.68.0-255,3437,14235,17,291981
36751,0.000394,172.31.36.0-255,66,14301,17,291981
36752,0.000546,172.31.36.0-255,66,14367,17,291981
36753,0.000574,74.125.68.0-255,1484,15851,17,291981
36754,0.000578,172.31.36.0-255,66,15917,17,291981
36755,0.000919,74.125.68.0-255,5379,21296,17,291981
36756,0.000926,172.31.36.0-255,66,21362,17,291981
36757,0.001138,172.31.36.0-255,66,21428,17,291981
36758,0.001182,172.31.36.0-255,66,21494,17,291981
36759,0.002005,74.125.68.0-255,1484,22978,17,291981
36760,0.002007,172.31.36.0-255,66,23044,17,291981
36761,0.002053,172.31.36.0-255,66,23110,17,291981
36762,0.002953,74.125.68.0-255,7156,30266,17,291981
36763,0.002974,172.31.36.0-255,66,30332,17,291981
36764,0.003014,172.31.36.0-255,66,30398,17,291981
36765,0.003618,74.125.68.0-255,7156,37554,17,291981
36766,0.003631,172.31.36.0-255,66,37620,17,291981
36767,0.003663,172.31.36.0-255,66,37686,17,291981
36768,0.00583,74.125.68.0-255,1484,39170,17,291981
36769,0.005854,74.125.68.0-255,4320,43490,17,291981
36770,0.005859,172.31.36.0-255,66,43556,17,291981
36771,0.008035,74.125.68.0-255,5738,49294,17,291981
36772,0.008121,172.31.36.0-255,66,49360,17,291981
36773,0.010308,74.125.68.0-255,1484,50844,17,291981
36774,0.010343,74.125.68.0-255,4320,55164,17,291981
36775,0.010348,172.31.36.0-255,66,55230,17,291981
36776,0.012525,74.125.68.0-255,2902,58132,17,291981
36777,0.012532,172.31.36.0-255,66,58198,17,291981
36778,0.012567,74.125.68.0-255,2902,61100,17,291981
36779,0.012584,172.31.36.0-255,66,61166,17,291981
36780,0.014724,74.125.68.0-255,2902,64068,17,291981
36781,0.014733,172.31.36.0-255,66,64134,17,291981
36782,0.014788,74.125.68.0-255,2902,67036,17,291981
36783,0.0148,172.31.36.0-255,66,67102,17,291981
36784,0.016926,74.125.68.0-255,2902,70004,17,291981
36785,0.016935,172.31.36.0-255,66,70070,17,291981
36786,0.016975,74.125.68.0-255,2902,72972,17,291981
36787,0.017001,172.31.36.0-255,66,73038,17,291981
36788,0.019112,74.125.68.0-255,2902,75940,17,291981
36789,0.019117,172.31.36.0-255,66,76006,17,291981
36790,0.019179,74.125.68.0-255,2902,78908,17,291981
36791,0.019188,172.31.36.0-255,66,78974,17,291981
36792,0.0213,74.125.68.0-255,2902,81876,17,291981
36793,0.021305,172.31.36.0-255,66,81942,17,291981
36794,0.02136,74.125.68.0-255,2902,84844,17,291981
36795,0.021371,172.31.36.0-255,66,84910,17,291981
36796,0.022232,172.31.36.0-255,191,85101,17,291981
36797,0.022258,172.31.36.0-255,985,86086,17,291981
36798,0.022303,172.31.36.0-255,1514,87600,17,291981
36799,0.022305,172.31.36.0-255,1403,89003,17,291981
36800,0.02349,74.125.68.0-255,2902,91905,17,291981
36801,0.023497,172.31.36.0-255,66,91971,17,291981
36802,0.023549,74.125.68.0-255,2902,94873,17,291981
36803,0.023576,172.31.36.0-255,66,94939,17,291981
36804,0.023752,104.244.42.0-255,66,95005,17,291981
36805,0.023803,104.244.42.0-255,66,95071,17,291981
36806,0.023855,104.244.42.0-255,66,95137,17,291981
36807,0.025689,74.125.68.0-255,2902,98039,17,291981
36808,0.025695,172.31.36.0-255,66,98105,17,291981
36809,0.02577,74.125.68.0-255,1484,99589,17,291981
36810,0.025788,74.125.68.0-255,1484,101073,17,291981
36811,0.025801,172.31.36.0-255,66,101139,17,291981
36812,0.027882,74.125.68.0-255,2902,104041,17,291981
36813,0.027888,172.31.36.0-255,66,104107,17,291981
36814,0.027978,74.125.68.0-255,2902,107009,17,291981
36815,0.02799,172.31.36.0-255,66,107075,17,291981
36816,0.030053,74.125.68.0-255,1484,108559,17,291981
36817,0.030172,74.125.68.0-255,4320,112879,17,291981
36818,0.030177,172.31.36.0-255,66,112945,17,291981
36819,0.032359,74.125.68.0-255,5738,118683,17,291981
36820,0.032411,172.31.36.0-255,66,118749,17,291981
36821,0.034619,74.125.68.0-255,5738,124487,17,291981
36822,0.034624,172.31.36.0-255,66,124553,17,291981
36823,0.036808,74.125.68.0-255,5738,130291,17,291981
36824,0.036814,172.31.36.0-255,66,130357,17,291981
36825,0.038996,74.125.68.0-255,5738,136095,17,291981
36826,0.039002,172.31.36.0-255,66,136161,17,291981
36827,0.041178,74.125.68.0-255,2902,139063,17,291981
36828,0.041182,172.31.36.0-255,66,139129,17,291981
36829,0.04121,74.125.68.0-255,2902,142031,17,291981
36830,0.041232,172.31.36.0-255,66,142097,17,291981
36831,0.043363,74.125.68.0-255,2902,144999,17,291981
36832,0.043369,172.31.36.0-255,66,145065,17,291981
36833,0.043416,74.125.68.0-255,2902,147967,17,291981
36834,0.043445,172.31.36.0-255,66,148033,17,291981
36835,0.045545,74.125.68.0-255,2902,150935,17,291981
36836,0.04555,172.31.36.0-255,66,151001,17,291981
36837,0.045617,74.125.68.0-255,2902,153903,17,291981
36838,0.045628,172.31.36.0-255,66,153969,17,291981
36839,0.047729,74.125.68.0-255,2902,156871,17,291981
36840,0.047734,172.31.36.0-255,66,156937,17,291981
36841,0.047802,74.125.68.0-255,2902,159839,17,291981
36842,0.047815,172.31.36.0-255,66,159905,17,291981
36843,0.049909,74.125.68.0-255,2902,162807,17,291981
36844,0.049913,172.31.36.0-255,66,162873,17,291981
36845,0.049978,74.125.68.0-255,2902,165775,17,291981
36846,0.04999,172.31.36.0-255,66,165841,17,291981
36847,0.052097,74.125.68.0-255,2902,168743,17,291981
36848,0.052103,172.31.36.0-255,66,168809,17,291981
36849,0.052168,74.125.68.0-255,2902,171711,17,291981
36850,0.052432,172.31.36.0-255,66,171777,17,291981
36851,0.054286,74.125.68.0-255,1484,173261,17,291981
36852,0.0546,74.125.68.0-255,4320,177581,17,291981
36853,0.054605,172.31.36.0-255,66,177647,17,291981
36854,0.056775,74.125.68.0-255,2902,180549,17,291981
36855,0.05678,172.31.36.0-255,66,180615,17,291981
36856,0.056814,74.125.68.0-255,2902,183517,17,291981
36857,0.056837,172.31.36.0-255,66,183583,17,291981
36858,0.058975,74.125.68.0-255,2902,186485,17,291981
36859,0.05898,172.31.36.0-255,66,186551,17,291981
36860,0.059018,74.125.68.0-255,2902,189453,17,291981
36861,0.059032,172.31.36.0-255,66,189519,17,291981
36862,0.061158,74.125.68.0-255,2902,192421,17,291981
36863,0.061164,172.31.36.0-255,66,192487,17,291981
36864,0.061198,74.125.68.0-255,1484,193971,17,291981
36865,0.061215,74.125.68.0-255,1484,195455,17,291981
36866,0.061244,172.31.36.0-255,66,195521,17,291981
36867,0.063335,74.125.68.0-255,1484,197005,17,291981
36868,0.063357,74.125.68.0-255,1484,198489,17,291981
36869,0.063361,172.31.36.0-255,66,198555,17,291981
36870,0.063416,74.125.68.0-255,2902,201457,17,291981
36871,0.063419,172.31.36.0-255,66,201523,17,291981
36872,0.065541,74.125.68.0-255,2902,204425,17,291981
36873,0.065547,172.31.36.0-255,66,204491,17,291981
36874,0.065592,74.125.68.0-255,2902,207393,17,291981
36875,0.065606,172.31.36.0-255,66,207459,17,291981
36876,0.067732,74.125.68.0-255,2902,210361,17,291981
36877,0.067737,172.31.36.0-255,66,210427,17,291981
36878,0.06778,74.125.68.0-255,2902,213329,17,291981
36879,0.067802,172.31.36.0-255,66,213395,17,291981
36880,0.069913,74.125.68.0-255,2902,216297,17,291981
36881,0.069919,172.31.36.0-255,66,216363,17,291981
36882,0.069964,74.125.68.0-255,2902,219265,17,291981
36883,0.069971,172.31.36.0-255,66,219331,17,291981
36884,0.072102,74.125.68.0-255,2902,222233,17,291981
36885,0.072108,172.31.36.0-255,66,222299,17,291981
36886,0.072144,74.125.68.0-255,2902,225201,17,291981
36887,0.072158,172.31.36.0-255,66,225267,17,291981
36888,0.074288,74.125.68.0-255,2902,228169,17,291981
36889,0.074292,172.31.36.0-255,66,228235,17,291981
36890,0.074329,74.125.68.0-255,2902,231137,17,291981
36891,0.074337,172.31.36.0-255,66,231203,17,291981
36892,0.07647,74.125.68.0-255,2902,234105,17,291981
36893,0.076475,172.31.36.0-255,66,234171,17,291981
36894,0.076514,74.125.68.0-255,1484,235655,17,291981
36895,0.076531,74.125.68.0-255,1484,237139,17,291981
36896,0.076548,172.31.36.0-255,66,237205,17,291981
36897,0.078646,74.125.68.0-255,1484,238689,17,291981
36898,0.078713,74.125.68.0-255,2902,241591,17,291981
36899,0.078718,172.31.36.0-255,66,241657,17,291981
36900,0.078746,74.125.68.0-255,1484,243141,17,291981
36901,0.080894,74.125.68.0-255,2902,246043,17,291981
36902,0.080898,172.31.36.0-255,66,246109,17,291981
36903,0.080925,74.125.68.0-255,1484,247593,17,291981
36904,0.083069,74.125.68.0-255,4320,251913,17,291981
36905,0.083109,172.31.36.0-255,66,251979,17,291981
36906,0.08528,74.125.68.0-255,4320,256299,17,291981
36907,0.085286,172.31.36.0-255,66,256365,17,291981
36908,0.085323,74.125.68.0-255,1484,257849,17,291981
36909,0.087458,74.125.68.0-255,4320,262169,17,291981
36910,0.087463,172.31.36.0-255,66,262235,17,291981
36911,0.089668,74.125.68.0-255,2902,265137,17,291981
36912,0.089673,172.31.36.0-255,66,265203,17,291981
36913,0.089705,74.125.68.0-255,2902,268105,17,291981
36914,0.089725,172.31.36.0-255,66,268171,17,291981
36915,0.091843,74.125.68.0-255,2902,271073,17,291981
36916,0.091847,172.31.36.0-255,66,271139,17,291981
36917,0.091885,74.125.68.0-255,1484,272623,17,291981
36918,0.091901,74.125.68.0-255,1484,274107,17,291981
36919,0.091912,172.31.36.0-255,66,274173,17,291981
36920,0.094015,74.125.68.0-255,2902,277075,17,291981
36921,0.09402,172.31.36.0-255,66,277141,17,291981
36922,0.094088,74.125.68.0-255,2902,280043,17,291981
36923,0.094092,172.31.36.0-255,66,280109,17,291981
36924,0.096199,74.125.68.0-255,2902,283011,17,291981
36925,0.096205,172.31.36.0-255,66,283077,17,291981
36926,0.096274,74.125.68.0-255,2902,285979,17,291981
36927,0.096285,172.31.36.0-255,66,286045,17,291981
36928,0.098388,74.125.68.0-255,2902,288947,17,291981
36929,0.098394,172.31.36.0-255,66,289013,17,291981
36930,0.098449,74.125.68.0-255,2902,291915,17,291981
36931,0.098466,172.31.36.0-255,66,291981,17,291981
36932,0.0,74.125.200.0-255,153,153,17,348821
36933,3.6e-05,172.31.36.0-255,66,219,17,348821
36934,4.4e-05,74.125.200.0-255,1484,1703,17,348821
36935,4.9e-05,172.31.36.0-255,66,1769,17,348821
36936,7.2e-05,74.125.200.0-255,2902,4671,17,348821
36937,8e-05,172.31.36.0-255,66,4737,17,348821
36938,8.4e-05,74.125.200.0-255,1484,6221,17,348821
36939,8.6e-05,172.31.36.0-255,66,6287,17,348821
36940,9.1e-05,74.125.200.0-255,2902,9189,17,348821
36941,9.3e-05,172.31.36.0-255,66,9255,17,348821
36942,0.000136,74.125.200.0-255,2902,12157,17,348821
36943,0.000139,172.31.36.0-255,66,12223,17,348821
36944,0.000167,74.125.200.0-255,1968,14191,17,348821
36945,0.00017,172.31.36.0-255,66,14257,17,348821
36946,0.000176,74.125.200.0-255,4320,18577,17,348821
36947,0.000179,172.31.36.0-255,66,18643,17,348821
36948,0.000195,74.125.200.0-255,1484,20127,17,348821
36949,0.000197,172.31.36.0-255,66,20193,17,348821
36950,0.000211,74.125.200.0-255,2902,23095,17,348821
36951,0.000213,172.31.36.0-255,66,23161,17,348821
36952,0.000248,74.125.200.0-255,4320,27481,17,348821
36953,0.000251,172.31.36.0-255,66,27547,17,348821
36954,0.000259,74.125.200.0-255,5738,33285,17,348821
36955,0.000263,172.31.36.0-255,66,33351,17,348821
36956,0.000277,74.125.200.0-255,7156,40507,17,348821
36957,0.000279,172.31.36.0-255,66,40573,17,348821
36958,0.000284,74.125.200.0-255,4320,44893,17,348821
36959,0.000286,172.31.36.0-255,66,44959,17,348821
36960,0.000318,74.125.200.0-255,3602,48561,17,348821
36961,0.00032,172.31.36.0-255,66,48627,17,348821
36962,0.000344,74.125.200.0-255,1484,50111,17,348821
36963,0.000347,172.31.36.0-255,66,50177,17,348821
36964,0.000352,74.125.200.0-255,2902,53079,17,348821
36965,0.000355,172.31.36.0-255,66,53145,17,348821
36966,0.000368,74.125.200.0-255,5738,58883,17,348821
36967,0.000371,172.31.36.0-255,66,58949,17,348821
36968,0.000376,74.125.200.0-255,2902,61851,17,348821
36969,0.000379,172.31.36.0-255,66,61917,17,348821
36970,0.000409,74.125.200.0-255,3961,65878,17,348821
36971,0.000413,172.31.36.0-255,66,65944,17,348821
36972,0.001844,74.125.200.0-255,647,66591,17,348821
36973,0.001923,74.125.200.0-255,1484,68075,17,348821
36974,0.001928,172.31.36.0-255,66,68141,17,348821
36975,0.001956,74.125.200.0-255,2902,71043,17,348821
36976,0.001958,172.31.36.0-255,66,71109,17,348821
36977,0.001963,74.125.200.0-255,2902,74011,17,348821
36978,0.001964,172.31.36.0-255,66,74077,17,348821
36979,0.002,74.125.200.0-255,7156,81233,17,348821
36980,0.002002,172.31.36.0-255,66,81299,17,348821
36981,0.002007,74.125.200.0-255,2543,83842,17,348821
36982,0.002029,172.31.36.0-255,66,83908,17,348821
36983,0.002034,74.125.200.0-255,2902,86810,17,348821
36984,0.002036,172.31.36.0-255,66,86876,17,348821
36985,0.002039,74.125.200.0-255,1484,88360,17,348821
36986,0.002055,74.125.200.0-255,2902,91262,17,348821
36987,0.002057,172.31.36.0-255,66,91328,17,348821
36988,0.002079,74.125.200.0-255,2902,94230,17,348821
36989,0.002082,172.31.36.0-255,66,94296,17,348821
36990,0.002086,74.125.200.0-255,2902,97198,17,348821
36991,0.002087,172.31.36.0-255,66,97264,17,348821
36992,0.002092,74.125.200.0-255,3961,101225,17,348821
36993,0.002099,172.31.36.0-255,66,101291,17,348821
36994,0.004358,74.125.200.0-255,1484,102775,17,348821
36995,0.004378,74.125.200.0-255,4320,107095,17,348821
36996,0.004382,172.31.36.0-255,66,107161,17,348821
36997,0.006654,74.125.200.0-255,4320,111481,17,348821
36998,0.00666,172.31.36.0-255,66,111547,17,348821
36999,0.006691,74.125.200.0-255,1484,113031,17,348821
37000,0.00894,74.125.200.0-255,4320,117351,17,348821
37001,0.008953,172.31.36.0-255,66,117417,17,348821
37002,0.011227,74.125.200.0-255,5738,123155,17,348821
37003,0.01124,172.31.36.0-255,66,123221,17,348821
37004,0.013521,74.125.200.0-255,5738,128959,17,348821
37005,0.013535,172.31.36.0-255,66,129025,17,348821
37006,0.01581,74.125.200.0-255,5738,134763,17,348821
37007,0.015822,172.31.36.0-255,66,134829,17,348821
37008,0.018114,74.125.200.0-255,5738,140567,17,348821
37009,0.018125,172.31.36.0-255,66,140633,17,348821
37010,0.020402,74.125.200.0-255,5738,146371,17,348821
37011,0.020412,172.31.36.0-255,66,146437,17,348821
37012,0.022722,74.125.200.0-255,5738,152175,17,348821
37013,0.022731,172.31.36.0-255,66,152241,17,348821
37014,0.025019,74.125.200.0-255,5738,157979,17,348821
37015,0.025031,172.31.36.0-255,66,158045,17,348821
37016,0.027313,74.125.200.0-255,5738,163783,17,348821
37017,0.027325,172.31.36.0-255,66,163849,17,348821
37018,0.028769,172.31.36.0-255,188,164037,17,348821
37019,0.0288,172.31.36.0-255,961,164998,17,348821
37020,0.028844,172.31.36.0-255,1514,166512,17,348821
37021,0.028846,172.31.36.0-255,1427,167939,17,348821
37022,0.029597,74.125.200.0-255,1484,169423,17,348821
37023,0.029634,74.125.200.0-255,4320,173743,17,348821
37024,0.029639,172.31.36.0-255,66,173809,17,348821
37025,0.030296,104.244.42.0-255,66,173875,17,348821
37026,0.030335,104.244.42.0-255,66,173941,17,348821
37027,0.030393,104.244.42.0-255,66,174007,17,348821
37028,0.031902,74.125.200.0-255,5738,179745,17,348821
37029,0.03191,172.31.36.0-255,66,179811,17,348821
37030,0.03418,74.125.200.0-255,5738,185549,17,348821
37031,0.034189,172.31.36.0-255,66,185615,17,348821
37032,0.036454,74.125.200.0-255,5738,191353,17,348821
37033,0.036461,172.31.36.0-255,66,191419,17,348821
37034,0.038751,74.125.200.0-255,4320,195739,17,348821
37035,0.038758,172.31.36.0-255,66,195805,17,348821
37036,0.03879,74.125.200.0-255,1484,197289,17,348821
37037,0.04103,74.125.200.0-255,4320,201609,17,348821
37038,0.041035,172.31.36.0-255,66,201675,17,348821
37039,0.043307,74.125.200.0-255,5738,207413,17,348821
37040,0.043314,172.31.36.0-255,66,207479,17,348821
37041,0.045593,74.125.200.0-255,5738,213217,17,348821
37042,0.045599,172.31.36.0-255,66,213283,17,348821
37043,0.047864,74.125.200.0-255,5738,219021,17,348821
37044,0.04787,172.31.36.0-255,66,219087,17,348821
37045,0.050135,74.125.200.0-255,5738,224825,17,348821
37046,0.050142,172.31.36.0-255,66,224891,17,348821
37047,0.052428,74.125.200.0-255,5738,230629,17,348821
37048,0.052443,172.31.36.0-255,66,230695,17,348821
37049,0.054711,74.125.200.0-255,5738,236433,17,348821
37050,0.054721,172.31.36.0-255,66,236499,17,348821
37051,0.056998,74.125.200.0-255,5738,242237,17,348821
37052,0.057008,172.31.36.0-255,66,242303,17,348821
37053,0.059306,74.125.200.0-255,5738,248041,17,348821
37054,0.059313,172.31.36.0-255,66,248107,17,348821
37055,0.061609,74.125.200.0-255,5738,253845,17,348821
37056,0.061616,172.31.36.0-255,66,253911,17,348821
37057,0.063883,74.125.200.0-255,5738,259649,17,348821
37058,0.063891,172.31.36.0-255,66,259715,17,348821
37059,0.066173,74.125.200.0-255,2902,262617,17,348821
37060,0.06618,172.31.36.0-255,66,262683,17,348821
37061,0.066209,74.125.200.0-255,2902,265585,17,348821
37062,0.066212,172.31.36.0-255,66,265651,17,348821
37063,0.068446,74.125.200.0-255,2902,268553,17,348821
37064,0.068454,172.31.36.0-255,66,268619,17,348821
37065,0.068487,74.125.200.0-255,2902,271521,17,348821
37066,0.06849,172.31.36.0-255,66,271587,17,348821
37067,0.070745,74.125.200.0-255,2902,274489,17,348821
37068,0.070752,172.31.36.0-255,66,274555,17,348821
37069,0.070779,74.125.200.0-255,2902,277457,17,348821
37070,0.070783,172.31.36.0-255,66,277523,17,348821
37071,0.073015,74.125.200.0-255,2902,280425,17,348821
37072,0.073021,172.31.36.0-255,66,280491,17,348821
37073,0.073065,74.125.200.0-255,2902,283393,17,348821
37074,0.073068,172.31.36.0-255,66,283459,17,348821
37075,0.075279,74.125.200.0-255,2902,286361,17,348821
37076,0.075285,172.31.36.0-255,66,286427,17,348821
37077,0.075334,74.125.200.0-255,2902,289329,17,348821
37078,0.075339,172.31.36.0-255,66,289395,17,348821
37079,0.077549,74.125.200.0-255,2902,292297,17,348821
37080,0.077554,172.31.36.0-255,66,292363,17,348821
37081,0.077582,74.125.200.0-255,1484,293847,17,348821
37082,0.077599,74.125.200.0-255,1484,295331,17,348821
37083,0.077602,172.31.36.0-255,66,295397,17,348821
37084,0.079821,74.125.200.0-255,2902,298299,17,348821
37085,0.079827,172.31.36.0-255,66,298365,17,348821
37086,0.079857,74.125.200.0-255,2902,301267,17,348821
37087,0.079861,172.31.36.0-255,66,301333,17,348821
37088,0.082088,74.125.200.0-255,2902,304235,17,348821
37089,0.082094,172.31.36.0-255,66,304301,17,348821
37090,0.082131,74.125.200.0-255,2902,307203,17,348821
37091,0.082134,172.31.36.0-255,66,307269,17,348821
37092,0.084369,74.125.200.0-255,2902,310171,17,348821
37093,0.08438,172.31.36.0-255,66,310237,17,348821
37094,0.084415,74.125.200.0-255,2902,313139,17,348821
37095,0.084419,172.31.36.0-255,66,313205,17,348821
37096,0.086661,74.125.200.0-255,2902,316107,17,348821
37097,0.086677,172.31.36.0-255,66,316173,17,348821
37098,0.086719,74.125.200.0-255,2902,319075,17,348821
37099,0.086724,172.31.36.0-255,66,319141,17,348821
37100,0.088949,74.125.200.0-255,2902,322043,17,348821
37101,0.08896,172.31.36.0-255,66,322109,17,348821
37102,0.088999,74.125.200.0-255,2902,325011,17,348821
37103,0.089003,172.31.36.0-255,66,325077,17,348821
37104,0.091232,74.125.200.0-255,2902,327979,17,348821
37105,0.09124,172.31.36.0-255,66,328045,17,348821
37106,0.091275,74.125.200.0-255,2902,330947,17,348821
37107,0.091278,172.31.36.0-255,66,331013,17,348821
37108,0.093514,74.125.200.0-255,2902,333915,17,348821
37109,0.093521,172.31.36.0-255,66,333981,17,348821
37110,0.093561,74.125.200.0-255,2902,336883,17,348821
37111,0.093564,172.31.36.0-255,66,336949,17,348821
37112,0.095789,74.125.200.0-255,2902,339851,17,348821
37113,0.095796,172.31.36.0-255,66,339917,17,348821
37114,0.095832,74.125.200.0-255,2902,342819,17,348821
37115,0.095835,172.31.36.0-255,66,342885,17,348821
37116,0.098083,74.125.200.0-255,2902,345787,17,348821
37117,0.09809,172.31.36.0-255,66,345853,17,348821
37118,0.098121,74.125.200.0-255,2902,348755,17,348821
37119,0.098124,172.31.36.0-255,66,348821,17,348821
37120,0.0,172.217.27.0-255,146,146,17,372028
37121,2.1e-05,172.31.36.0-255,66,212,17,372028
37122,2.8e-05,172.217.27.0-255,1484,1696,17,372028
37123,3.1e-05,172.31.36.0-255,66,1762,17,372028
37124,3.4e-05,172.217.27.0-255,1484,3246,17,372028
37125,4.3e-05,172.31.36.0-255,66,3312,17,372028
37126,6.1e-05,172.217.27.0-255,1484,4796,17,372028
37127,6.3e-05,172.31.36.0-255,66,4862,17,372028
37128,7.4e-05,172.217.27.0-255,5738,10600,17,372028
37129,7.6e-05,172.31.36.0-255,66,10666,17,372028
37130,7.9e-05,172.217.27.0-255,1484,12150,17,372028
37131,8.1e-05,172.31.36.0-255,66,12216,17,372028
37132,0.000121,172.217.27.0-255,4906,17122,17,372028
37133,0.000123,172.31.36.0-255,66,17188,17,372028
37134,0.00013,172.217.27.0-255,7156,24344,17,372028
37135,0.000131,172.31.36.0-255,66,24410,17,372028
37136,0.000136,172.217.27.0-255,4320,28730,17,372028
37137,0.000138,172.31.36.0-255,66,28796,17,372028
37138,0.000171,172.217.27.0-255,2543,31339,17,372028
37139,0.000173,172.31.36.0-255,66,31405,17,372028
37140,0.000376,172.217.27.0-255,1484,32889,17,372028
37141,0.000381,172.31.36.0-255,66,32955,17,372028
37142,0.000387,172.217.27.0-255,2902,35857,17,372028
37143,0.00039,172.31.36.0-255,66,35923,17,372028
37144,0.000395,172.217.27.0-255,4320,40243,17,372028
37145,0.000402,172.31.36.0-255,66,40309,17,372028
37146,0.000449,172.31.36.0-255,66,40375,17,372028
37147,0.000519,172.217.27.0-255,1484,41859,17,372028
37148,0.000524,172.31.36.0-255,66,41925,17,372028
37149,0.000529,172.217.27.0-255,2902,44827,17,372028
37150,0.000532,172.31.36.0-255,66,44893,17,372028
37151,0.000537,172.217.27.0-255,4320,49213,17,372028
37152,0.000546,172.31.36.0-255,66,49279,17,372028
37153,0.000552,172.217.27.0-255,5738,55017,17,372028
37154,0.000555,172.31.36.0-255,66,55083,17,372028
37155,0.000582,172.217.27.0-255,2869,57952,17,372028
37156,0.000584,172.31.36.0-255,66,58018,17,372028
37157,0.00101,172.217.27.0-255,117,58135,17,372028
37158,0.001147,172.217.27.0-255,1484,59619,17,372028
37159,0.001153,172.31.36.0-255,66,59685,17,372028
37160,0.001159,172.217.27.0-255,2902,62587,17,372028
37161,0.001161,172.31.36.0-255,66,62653,17,372028
37162,0.001166,172.217.27.0-255,4320,66973,17,372028
37163,0.001176,172.31.36.0-255,66,67039,17,372028
37164,0.001217,172.217.27.0-255,1484,68523,17,372028
37165,0.001237,172.31.36.0-255,66,68589,17,372028
37166,0.001243,172.217.27.0-255,5738,74327,17,372028
37167,0.001245,172.31.36.0-255,66,74393,17,372028
37168,0.001248,172.217.27.0-255,1484,75877,17,372028
37169,0.001278,172.217.27.0-255,2543,78420,17,372028
37170,0.00128,172.31.36.0-255,66,78486,17,372028
37171,0.001317,172.217.27.0-255,1484,79970,17,372028
37172,0.001321,172.217.27.0-255,1484,81454,17,372028
37173,0.001323,172.31.36.0-255,66,81520,17,372028
37174,0.001349,172.217.27.0-255,1484,83004,17,372028
37175,0.001356,172.217.27.0-255,5738,88742,17,372028
37176,0.001358,172.31.36.0-255,66,88808,17,372028
37177,0.001363,172.217.27.0-255,2902,91710,17,372028
37178,0.001364,172.31.36.0-255,66,91776,17,372028
37179,0.001369,172.217.27.0-255,4320,96096,17,372028
37180,0.001376,172.31.36.0-255,66,96162,17,372028
37181,0.001421,172.31.36.0-255,66,96228,17,372028
37182,0.001424,172.217.27.0-255,1484,97712,17,372028
37183,0.001454,172.217.27.0-255,6438,104150,17,372028
37184,0.001457,172.31.36.0-255,66,104216,17,372028
37185,0.001475,172.217.27.0-255,2902,107118,17,372028
37186,0.001477,172.31.36.0-255,66,107184,17,372028
37187,0.001482,172.217.27.0-255,4320,111504,17,372028
37188,0.001484,172.31.36.0-255,66,111570,17,372028
37189,0.001547,172.31.36.0-255,66,111636,17,372028
37190,0.001565,172.31.36.0-255,66,111702,17,372028
37191,0.001568,172.217.27.0-255,766,112468,17,372028
37192,0.0023,172.31.36.0-255,66,112534,17,372028
37193,0.00319,172.217.27.0-255,4320,116854,17,372028
37194,0.003194,172.31.36.0-255,66,116920,17,372028
37195,0.003907,172.217.27.0-255,1484,118404,17,372028
37196,0.004807,172.217.27.0-255,4320,122724,17,372028
37197,0.004811,172.31.36.0-255,66,122790,17,372028
37198,0.006434,172.217.27.0-255,5738,128528,17,372028
37199,0.006441,172.31.36.0-255,66,128594,17,372028
37200,0.008068,172.217.27.0-255,5738,134332,17,372028
37201,0.008076,172.31.36.0-255,66,134398,17,372028
37202,0.009704,172.217.27.0-255,5738,140136,17,372028
37203,0.009711,172.31.36.0-255,66,140202,17,372028
37204,0.011337,172.217.27.0-255,5738,145940,17,372028
37205,0.011344,172.31.36.0-255,66,146006,17,372028
37206,0.012968,172.217.27.0-255,5738,151744,17,372028
37207,0.012976,172.31.36.0-255,66,151810,17,372028
37208,0.014606,172.217.27.0-255,5738,157548,17,372028
37209,0.014615,172.31.36.0-255,66,157614,17,372028
37210,0.016244,172.217.27.0-255,5738,163352,17,372028
37211,0.016252,172.31.36.0-255,66,163418,17,372028
37212,0.017882,172.217.27.0-255,5738,169156,17,372028
37213,0.017891,172.31.36.0-255,66,169222,17,372028
37214,0.019516,172.217.27.0-255,5738,174960,17,372028
37215,0.019523,172.31.36.0-255,66,175026,17,372028
37216,0.021148,172.217.27.0-255,5738,180764,17,372028
37217,0.021155,172.31.36.0-255,66,180830,17,372028
37218,0.022785,172.217.27.0-255,5738,186568,17,372028
37219,0.022791,172.31.36.0-255,66,186634,17,372028
37220,0.024416,172.217.27.0-255,5738,192372,17,372028
37221,0.024422,172.31.36.0-255,66,192438,17,372028
37222,0.026052,172.217.27.0-255,5738,198176,17,372028
37223,0.026058,172.31.36.0-255,66,198242,17,372028
37224,0.027522,172.31.36.0-255,172,198414,17,372028
37225,0.027553,172.31.36.0-255,1117,199531,17,372028
37226,0.02759,172.31.36.0-255,1514,201045,17,372028
37227,0.027592,172.31.36.0-255,1514,202559,17,372028
37228,0.027596,172.31.36.0-255,1514,204073,17,372028
37229,0.027598,172.31.36.0-255,1053,205126,17,372028
37230,0.027678,172.217.27.0-255,5738,210864,17,372028
37231,0.027683,172.31.36.0-255,66,210930,17,372028
37232,0.029007,104.244.42.0-255,66,210996,17,372028
37233,0.029039,104.244.42.0-255,66,211062,17,372028
37234,0.029088,104.244.42.0-255,66,211128,17,372028
37235,0.0291,104.244.42.0-255,66,211194,17,372028
37236,0.029303,172.217.27.0-255,2902,214096,17,372028
37237,0.029308,172.31.36.0-255,66,214162,17,372028
37238,0.029341,172.217.27.0-255,2902,217064,17,372028
37239,0.029344,172.31.36.0-255,66,217130,17,372028
37240,0.030933,172.217.27.0-255,2902,220032,17,372028
37241,0.030939,172.31.36.0-255,66,220098,17,372028
37242,0.030973,172.217.27.0-255,2902,223000,17,372028
37243,0.030976,172.31.36.0-255,66,223066,17,372028
37244,0.032555,172.217.27.0-255,2902,225968,17,372028
37245,0.032561,172.31.36.0-255,66,226034,17,372028
37246,0.032592,172.217.27.0-255,2902,228936,17,372028
37247,0.032594,172.31.36.0-255,66,229002,17,372028
37248,0.03418,172.217.27.0-255,2902,231904,17,372028
37249,0.034186,172.31.36.0-255,66,231970,17,372028
37250,0.034225,172.217.27.0-255,2902,234872,17,372028
37251,0.034229,172.31.36.0-255,66,234938,17,372028
37252,0.035806,172.217.27.0-255,2902,237840,17,372028
37253,0.035813,172.31.36.0-255,66,237906,17,372028
37254,0.035843,172.217.27.0-255,2902,240808,17,372028
37255,0.035846,172.31.36.0-255,66,240874,17,372028
37256,0.03743,172.217.27.0-255,2902,243776,17,372028
37257,0.037436,172.31.36.0-255,66,243842,17,372028
37258,0.037472,172.217.27.0-255,2902,246744,17,372028
37259,0.037475,172.31.36.0-255,66,246810,17,372028
37260,0.039055,172.217.27.0-255,1484,248294,17,372028
37261,0.039087,172.217.27.0-255,4320,252614,17,372028
37262,0.039092,172.31.36.0-255,66,252680,17,372028
37263,0.040712,172.217.27.0-255,5738,258418,17,372028
37264,0.040716,172.31.36.0-255,66,258484,17,372028
37265,0.042338,172.217.27.0-255,5738,264222,17,372028
37266,0.042343,172.31.36.0-255,66,264288,17,372028
37267,0.043968,172.217.27.0-255,5738,270026,17,372028
37268,0.043974,172.31.36.0-255,66,270092,17,372028
37269,0.045636,172.217.27.0-255,5738,275830,17,372028
37270,0.045641,172.31.36.0-255,66,275896,17,372028
37271,0.047269,172.217.27.0-255,5738,281634,17,372028
37272,0.047274,172.31.36.0-255,66,281700,17,372028
37273,0.048897,172.217.27.0-255,5738,287438,17,372028
37274,0.048902,172.31.36.0-255,66,287504,17,372028
37275,0.050523,172.217.27.0-255,5738,293242,17,372028
37276,0.050529,172.31.36.0-255,66,293308,17,372028
37277,0.05215,172.217.27.0-255,5738,299046,17,372028
37278,0.052155,172.31.36.0-255,66,299112,17,372028
37279,0.053778,172.217.27.0-255,5738,304850,17,372028
37280,0.053784,172.31.36.0-255,66,304916,17,372028
37281,0.055409,172.217.27.0-255,5738,310654,17,372028
37282,0.055415,172.31.36.0-255,66,310720,17,372028
37283,0.057037,172.217.27.0-255,5738,316458,17,372028
37284,0.057042,172.31.36.0-255,66,316524,17,372028
37285,0.058661,172.217.27.0-255,5738,322262,17,372028
37286,0.058666,172.31.36.0-255,66,322328,17,372028
37287,0.060289,172.217.27.0-255,5738,328066,17,372028
37288,0.060295,172.31.36.0-255,66,328132,17,372028
37289,0.061923,172.217.27.0-255,5738,333870,17,372028
37290,0.061929,172.31.36.0-255,66,333936,17,372028
37291,0.06355,172.217.27.0-255,5738,339674,17,372028
37292,0.063556,172.31.36.0-255,66,339740,17,372028
37293,0.065178,172.217.27.0-255,5738,345478,17,372028
37294,0.065185,172.31.36.0-255,66,345544,17,372028
37295,0.066809,172.217.27.0-255,5738,351282,17,372028
37296,0.066815,172.31.36.0-255,66,351348,17,372028
37297,0.068437,172.217.27.0-255,5738,357086,17,372028
37298,0.068443,172.31.36.0-255,66,357152,17,372028
37299,0.070068,172.217.27.0-255,5738,362890,17,372028
37300,0.070074,172.31.36.0-255,66,362956,17,372028
37301,0.071695,172.217.27.0-255,5738,368694,17,372028
37302,0.071701,172.31.36.0-255,66,368760,17,372028
37303,0.073326,172.217.27.0-255,3031,371791,17,372028
37304,0.073331,172.31.36.0-255,66,371857,17,372028
37305,0.073501,172.31.36.0-255,105,371962,17,372028
37306,0.075088,172.217.27.0-255,66,372028,17,372028
37307,0.0,172.217.194.0-255,291,291,17,225510
37308,2.4e-05,172.31.36.0-255,66,357,17,225510
37309,3e-05,172.217.194.0-255,1484,1841,17,225510
37310,3.4e-05,172.31.36.0-255,66,1907,17,225510
37311,4e-05,172.217.194.0-255,4320,6227,17,225510
37312,4.3e-05,172.31.36.0-255,66,6293,17,225510
37313,5.3e-05,172.31.36.0-255,66,6359,17,225510
37314,9.6e-05,172.31.36.0-255,66,6425,17,225510
37315,0.000117,172.217.194.0-255,2902,9327,17,225510
37316,0.000124,172.31.36.0-255,66,9393,17,225510
37317,0.00015,172.217.194.0-255,5379,14772,17,225510
37318,0.000155,172.31.36.0-255,66,14838,17,225510
37319,0.000523,172.217.194.0-255,1484,16322,17,225510
37320,0.000529,172.31.36.0-255,66,16388,17,225510
37321,0.000535,172.217.194.0-255,2902,19290,17,225510
37322,0.000538,172.31.36.0-255,66,19356,17,225510
37323,0.000558,172.217.194.0-255,5738,25094,17,225510
37324,0.000563,172.31.36.0-255,66,25160,17,225510
37325,0.000568,172.217.194.0-255,4320,29480,17,225510
37326,0.000572,172.31.36.0-255,66,29546,17,225510
37327,0.00062,172.31.36.0-255,66,29612,17,225510
37328,0.000636,172.217.194.0-255,3961,33573,17,225510
37329,0.00064,172.31.36.0-255,66,33639,17,225510
37330,0.000646,172.217.194.0-255,5738,39377,17,225510
37331,0.000649,172.31.36.0-255,66,39443,17,225510
37332,0.000667,172.217.194.0-255,1415,40858,17,225510
37333,0.00067,172.31.36.0-255,66,40924,17,225510
37334,0.000697,172.217.194.0-255,98,41022,17,225510
37335,0.000701,172.31.36.0-255,66,41088,17,225510
37336,0.000769,172.217.194.0-255,1484,42572,17,225510
37337,0.000774,172.217.194.0-255,1484,44056,17,225510
37338,0.000777,172.31.36.0-255,66,44122,17,225510
37339,0.000806,172.217.194.0-255,1484,45606,17,225510
37340,0.000812,172.217.194.0-255,5738,51344,17,225510
37341,0.000815,172.31.36.0-255,66,51410,17,225510
37342,0.000828,172.31.36.0-255,66,51476,17,225510
37343,0.000834,172.217.194.0-255,5738,57214,17,225510
37344,0.000837,172.31.36.0-255,66,57280,17,225510
37345,0.00086,172.217.194.0-255,2902,60182,17,225510
37346,0.000864,172.31.36.0-255,66,60248,17,225510
37347,0.000888,172.217.194.0-255,2484,62732,17,225510
37348,0.000892,172.31.36.0-255,66,62798,17,225510
37349,0.001081,172.217.194.0-255,1484,64282,17,225510
37350,0.001088,172.217.194.0-255,2902,67184,17,225510
37351,0.001092,172.31.36.0-255,66,67250,17,225510
37352,0.001098,172.217.194.0-255,4320,71570,17,225510
37353,0.0011,172.31.36.0-255,66,71636,17,225510
37354,0.001114,172.217.194.0-255,1484,73120,17,225510
37355,0.001117,172.217.194.0-255,1484,74604,17,225510
37356,0.00112,172.31.36.0-255,66,74670,17,225510
37357,0.001163,172.31.36.0-255,66,74736,17,225510
37358,0.001174,172.31.36.0-255,66,74802,17,225510
37359,0.001196,172.217.194.0-255,2184,76986,17,225510
37360,0.001199,172.31.36.0-255,66,77052,17,225510
37361,0.001384,172.217.194.0-255,1484,78536,17,225510
37362,0.001391,172.217.194.0-255,2902,81438,17,225510
37363,0.001395,172.31.36.0-255,66,81504,17,225510
37364,0.001401,172.217.194.0-255,4320,85824,17,225510
37365,0.001403,172.31.36.0-255,66,85890,17,225510
37366,0.001425,172.217.194.0-255,1484,87374,17,225510
37367,0.001432,172.217.194.0-255,5738,93112,17,225510
37368,0.001435,172.31.36.0-255,66,93178,17,225510
37369,0.001463,172.217.194.0-255,7156,100334,17,225510
37370,0.001466,172.31.36.0-255,66,100400,17,225510
37371,0.001473,172.217.194.0-255,5738,106138,17,225510
37372,0.001475,172.31.36.0-255,66,106204,17,225510
37373,0.001496,172.217.194.0-255,5020,111224,17,225510
37374,0.0015,172.31.36.0-255,66,111290,17,225510
37375,0.001641,172.217.194.0-255,1484,112774,17,225510
37376,0.001648,172.217.194.0-255,2902,115676,17,225510
37377,0.001652,172.31.36.0-255,66,115742,17,225510
37378,0.001696,172.217.194.0-255,2902,118644,17,225510
37379,0.001698,172.31.36.0-255,66,118710,17,225510
37380,0.001741,172.217.194.0-255,2902,121612,17,225510
37381,0.001745,172.31.36.0-255,66,121678,17,225510
37382,0.001759,172.31.36.0-255,66,121744,17,225510
37383,0.001771,172.31.36.0-255,66,121810,17,225510
37384,0.001775,172.217.194.0-255,2184,123994,17,225510
37385,0.001777,172.31.36.0-255,66,124060,17,225510
37386,0.002287,172.217.194.0-255,1484,125544,17,225510
37387,0.002308,172.217.194.0-255,2902,128446,17,225510
37388,0.002314,172.31.36.0-255,66,128512,17,225510
37389,0.002321,172.217.194.0-255,5738,134250,17,225510
37390,0.002323,172.31.36.0-255,66,134316,17,225510
37391,0.002329,172.217.194.0-255,4320,138636,17,225510
37392,0.002331,172.31.36.0-255,66,138702,17,225510
37393,0.002358,172.31.36.0-255,66,138768,17,225510
37394,0.002362,172.217.194.0-255,2902,141670,17,225510
37395,0.002364,172.31.36.0-255,66,141736,17,225510
37396,0.002372,172.217.194.0-255,7156,148892,17,225510
37397,0.002374,172.31.36.0-255,66,148958,17,225510
37398,0.002376,172.217.194.0-255,766,149724,17,225510
37399,0.00242,172.217.194.0-255,1484,151208,17,225510
37400,0.002423,172.31.36.0-255,66,151274,17,225510
37401,0.002442,172.217.194.0-255,2902,154176,17,225510
37402,0.002445,172.31.36.0-255,66,154242,17,225510
37403,0.00245,172.217.194.0-255,4320,158562,17,225510
37404,0.002453,172.31.36.0-255,66,158628,17,225510
37405,0.002468,172.217.194.0-255,1484,160112,17,225510
37406,0.00248,172.217.194.0-255,7156,167268,17,225510
37407,0.002483,172.31.36.0-255,66,167334,17,225510
37408,0.00252,172.31.36.0-255,66,167400,17,225510
37409,0.002524,172.217.194.0-255,2184,169584,17,225510
37410,0.002526,172.31.36.0-255,66,169650,17,225510
37411,0.002625,172.217.194.0-255,1484,171134,17,225510
37412,0.002643,172.217.194.0-255,2902,174036,17,225510
37413,0.002646,172.31.36.0-255,66,174102,17,225510
37414,0.002672,172.217.194.0-255,5738,179840,17,225510
37415,0.002675,172.31.36.0-255,66,179906,17,225510
37416,0.002678,172.217.194.0-255,1484,181390,17,225510
37417,0.002704,172.31.36.0-255,66,181456,17,225510
37418,0.002719,172.217.194.0-255,4320,185776,17,225510
37419,0.002722,172.31.36.0-255,66,185842,17,225510
37420,0.00275,172.31.36.0-255,66,185908,17,225510
37421,0.003021,172.217.194.0-255,1484,187392,17,225510
37422,0.003028,172.217.194.0-255,2902,190294,17,225510
37423,0.003033,172.31.36.0-255,66,190360,17,225510
37424,0.003052,172.217.194.0-255,5738,196098,17,225510
37425,0.003055,172.31.36.0-255,66,196164,17,225510
37426,0.003059,172.217.194.0-255,1484,197648,17,225510
37427,0.00309,172.31.36.0-255,66,197714,17,225510
37428,0.003094,172.217.194.0-255,1484,199198,17,225510
37429,0.003127,172.217.194.0-255,2902,202100,17,225510
37430,0.003131,172.31.36.0-255,66,202166,17,225510
37431,0.003156,172.31.36.0-255,66,202232,17,225510
37432,0.003158,172.217.194.0-255,1484,203716,17,225510
37433,0.003179,172.217.194.0-255,4320,208036,17,225510
37434,0.003182,172.217.194.0-255,1484,209520,17,225510
37435,0.003203,172.217.194.0-255,5738,215258,17,225510
37436,0.003231,172.217.194.0-255,4320,219578,17,225510
37437,0.003325,172.217.194.0-255,2184,221762,17,225510
37438,0.003376,172.217.194.0-255,97,221859,17,225510
37439,0.003387,172.217.194.0-255,105,221964,17,225510
37440,0.004112,172.31.36.0-255,66,222030,17,225510
37441,0.006189,172.31.36.0-255,105,222135,17,225510
37442,0.008411,172.217.194.0-255,66,222201,17,225510
37443,0.019725,172.31.36.0-255,164,222365,17,225510
37444,0.019764,172.31.36.0-255,1125,223490,17,225510
37445,0.019792,172.31.36.0-255,1514,225004,17,225510
37446,0.019794,172.31.36.0-255,308,225312,17,225510
37447,0.021274,104.244.42.0-255,66,225378,17,225510
37448,0.021313,104.244.42.0-255,66,225444,17,225510
37449,0.02137,104.244.42.0-255,66,225510,17,225510
37450,0.0,172.217.160.0-255,153,153,17,405258
37451,2.5e-05,172.31.36.0-255,66,219,17,405258
37452,3.2e-05,172.217.160.0-255,1484,1703,17,405258
37453,3.7e-05,172.31.36.0-255,66,1769,17,405258
37454,4.3e-05,172.217.160.0-255,2902,4671,17,405258
37455,4.7e-05,172.31.36.0-255,66,4737,17,405258
37456,5.5e-05,172.217.160.0-255,7156,11893,17,405258
37457,5.8e-05,172.31.36.0-255,66,11959,17,405258
37458,0.000134,172.217.160.0-255,1984,13943,17,405258
37459,0.000137,172.31.36.0-255,66,14009,17,405258
37460,0.0003,172.217.160.0-255,1484,15493,17,405258
37461,0.000305,172.31.36.0-255,66,15559,17,405258
37462,0.000311,172.217.160.0-255,2902,18461,17,405258
37463,0.000315,172.31.36.0-255,66,18527,17,405258
37464,0.000351,172.217.160.0-255,5738,24265,17,405258
37465,0.000355,172.31.36.0-255,66,24331,17,405258
37466,0.000412,172.217.160.0-255,4320,28651,17,405258
37467,0.000416,172.31.36.0-255,66,28717,17,405258
37468,0.000472,172.217.160.0-255,2543,31260,17,405258
37469,0.000475,172.31.36.0-255,66,31326,17,405258
37470,0.000499,172.217.160.0-255,1484,32810,17,405258
37471,0.000502,172.31.36.0-255,66,32876,17,405258
37472,0.00052,172.217.160.0-255,1484,34360,17,405258
37473,0.000523,172.31.36.0-255,66,34426,17,405258
37474,0.000544,172.217.160.0-255,7156,41582,17,405258
37475,0.000547,172.31.36.0-255,66,41648,17,405258
37476,0.000645,172.31.36.0-255,66,41714,17,405258
37477,0.000665,172.217.160.0-255,3961,45675,17,405258
37478,0.000667,172.31.36.0-255,66,45741,17,405258
37479,0.000838,172.217.160.0-255,1484,47225,17,405258
37480,0.000843,172.31.36.0-255,66,47291,17,405258
37481,0.000866,172.217.160.0-255,7070,54361,17,405258
37482,0.000868,172.31.36.0-255,66,54427,17,405258
37483,0.000945,172.217.160.0-255,125,54552,17,405258
37484,0.001048,172.217.160.0-255,1484,56036,17,405258
37485,0.001052,172.31.36.0-255,66,56102,17,405258
37486,0.001058,172.217.160.0-255,2902,59004,17,405258
37487,0.00106,172.31.36.0-255,66,59070,17,405258
37488,0.001092,172.217.160.0-255,5738,64808,17,405258
37489,0.001096,172.31.36.0-255,66,64874,17,405258
37490,0.001158,172.217.160.0-255,6797,71671,17,405258
37491,0.001168,172.31.36.0-255,66,71737,17,405258
37492,0.001248,172.217.160.0-255,7156,78893,17,405258
37493,0.001251,172.31.36.0-255,66,78959,17,405258
37494,0.001355,172.31.36.0-255,66,79025,17,405258
37495,0.00298,172.217.160.0-255,5738,84763,17,405258
37496,0.002988,172.31.36.0-255,66,84829,17,405258
37497,0.004611,172.217.160.0-255,5738,90567,17,405258
37498,0.004615,172.31.36.0-255,66,90633,17,405258
37499,0.006235,172.217.160.0-255,5738,96371,17,405258
37500,0.006238,172.31.36.0-255,66,96437,17,405258
37501,0.007863,172.217.160.0-255,5738,102175,17,405258
37502,0.00787,172.31.36.0-255,66,102241,17,405258
37503,0.009501,172.217.160.0-255,5738,107979,17,405258
37504,0.009508,172.31.36.0-255,66,108045,17,405258
37505,0.011135,172.217.160.0-255,5738,113783,17,405258
37506,0.011143,172.31.36.0-255,66,113849,17,405258
37507,0.012773,172.217.160.0-255,5738,119587,17,405258
37508,0.012781,172.31.36.0-255,66,119653,17,405258
37509,0.014438,172.217.160.0-255,5738,125391,17,405258
37510,0.014447,172.31.36.0-255,66,125457,17,405258
37511,0.01607,172.217.160.0-255,5738,131195,17,405258
37512,0.016077,172.31.36.0-255,66,131261,17,405258
37513,0.017705,172.217.160.0-255,5738,136999,17,405258
37514,0.017712,172.31.36.0-255,66,137065,17,405258
37515,0.01936,172.217.160.0-255,5738,142803,17,405258
37516,0.019367,172.31.36.0-255,66,142869,17,405258
37517,0.020994,172.217.160.0-255,5738,148607,17,405258
37518,0.021002,172.31.36.0-255,66,148673,17,405258
37519,0.02263,172.217.160.0-255,5738,154411,17,405258
37520,0.022636,172.31.36.0-255,66,154477,17,405258
37521,0.024261,172.217.160.0-255,5738,160215,17,405258
37522,0.024269,172.31.36.0-255,66,160281,17,405258
37523,0.025904,172.217.160.0-255,5738,166019,17,405258
37524,0.025912,172.31.36.0-255,66,166085,17,405258
37525,0.027542,172.217.160.0-255,5738,171823,17,405258
37526,0.02755,172.31.36.0-255,66,171889,17,405258
37527,0.02918,172.217.160.0-255,5738,177627,17,405258
37528,0.029189,172.31.36.0-255,66,177693,17,405258
37529,0.030815,172.217.160.0-255,5738,183431,17,405258
37530,0.030823,172.31.36.0-255,66,183497,17,405258
37531,0.032446,172.217.160.0-255,5738,189235,17,405258
37532,0.032451,172.31.36.0-255,66,189301,17,405258
37533,0.033137,172.31.36.0-255,172,189473,17,405258
37534,0.033172,172.31.36.0-255,1117,190590,17,405258
37535,0.033237,172.31.36.0-255,1514,192104,17,405258
37536,0.033239,172.31.36.0-255,1514,193618,17,405258
37537,0.033244,172.31.36.0-255,1514,195132,17,405258
37538,0.033245,172.31.36.0-255,1514,196646,17,405258
37539,0.033262,172.31.36.0-255,1470,198116,17,405258
37540,0.034072,172.217.160.0-255,5738,203854,17,405258
37541,0.034078,172.31.36.0-255,66,203920,17,405258
37542,0.034666,104.244.42.0-255,66,203986,17,405258
37543,0.034719,104.244.42.0-255,66,204052,17,405258
37544,0.034834,104.244.42.0-255,66,204118,17,405258
37545,0.0357,172.217.160.0-255,5738,209856,17,405258
37546,0.035708,172.31.36.0-255,66,209922,17,405258
37547,0.037329,172.217.160.0-255,5738,215660,17,405258
37548,0.037337,172.31.36.0-255,66,215726,17,405258
37549,0.038959,172.217.160.0-255,5738,221464,17,405258
37550,0.038968,172.31.36.0-255,66,221530,17,405258
37551,0.040595,172.217.160.0-255,5738,227268,17,405258
37552,0.040602,172.31.36.0-255,66,227334,17,405258
37553,0.042236,172.217.160.0-255,5738,233072,17,405258
37554,0.042243,172.31.36.0-255,66,233138,17,405258
37555,0.04389,172.217.160.0-255,5738,238876,17,405258
37556,0.043902,172.31.36.0-255,66,238942,17,405258
37557,0.045536,172.217.160.0-255,5738,244680,17,405258
37558,0.045543,172.31.36.0-255,66,244746,17,405258
37559,0.047162,172.217.160.0-255,5738,250484,17,405258
37560,0.047168,172.31.36.0-255,66,250550,17,405258
37561,0.048806,172.217.160.0-255,5738,256288,17,405258
37562,0.048813,172.31.36.0-255,66,256354,17,405258
37563,0.050444,172.217.160.0-255,5738,262092,17,405258
37564,0.050451,172.31.36.0-255,66,262158,17,405258
37565,0.052091,172.217.160.0-255,5738,267896,17,405258
37566,0.052097,172.31.36.0-255,66,267962,17,405258
37567,0.053739,172.217.160.0-255,5738,273700,17,405258
37568,0.05375,172.31.36.0-255,66,273766,17,405258
37569,0.055387,172.217.160.0-255,5738,279504,17,405258
37570,0.055393,172.31.36.0-255,66,279570,17,405258
37571,0.057032,172.217.160.0-255,5738,285308,17,405258
37572,0.057039,172.31.36.0-255,66,285374,17,405258
37573,0.058681,172.217.160.0-255,5738,291112,17,405258
37574,0.058688,172.31.36.0-255,66,291178,17,405258
37575,0.060332,172.217.160.0-255,5738,296916,17,405258
37576,0.060338,172.31.36.0-255,66,296982,17,405258
37577,0.060436,172.31.36.0-255,101,297083,17,405258
37578,0.061968,172.217.160.0-255,5738,302821,17,405258
37579,0.061975,172.31.36.0-255,66,302887,17,405258
37580,0.062019,172.217.160.0-255,66,302953,17,405258
37581,0.063602,172.217.160.0-255,5738,308691,17,405258
37582,0.063609,172.31.36.0-255,66,308757,17,405258
37583,0.065284,172.217.160.0-255,5738,314495,17,405258
37584,0.06529,172.31.36.0-255,66,314561,17,405258
37585,0.066919,172.217.160.0-255,5738,320299,17,405258
37586,0.066926,172.31.36.0-255,66,320365,17,405258
37587,0.068566,172.217.160.0-255,5738,326103,17,405258
37588,0.068573,172.31.36.0-255,66,326169,17,405258
37589,0.070203,172.217.160.0-255,5738,331907,17,405258
37590,0.07021,172.31.36.0-255,66,331973,17,405258
37591,0.071851,172.217.160.0-255,5738,337711,17,405258
37592,0.071858,172.31.36.0-255,66,337777,17,405258
37593,0.073495,172.217.160.0-255,5738,343515,17,405258
37594,0.073503,172.31.36.0-255,66,343581,17,405258
37595,0.075135,172.217.160.0-255,5738,349319,17,405258
37596,0.075141,172.31.36.0-255,66,349385,17,405258
37597,0.076779,172.217.160.0-255,5738,355123,17,405258
37598,0.076787,172.31.36.0-255,66,355189,17,405258
37599,0.078415,172.217.160.0-255,5738,360927,17,405258
37600,0.078422,172.31.36.0-255,66,360993,17,405258
37601,0.080047,172.217.160.0-255,5738,366731,17,405258
37602,0.080054,172.31.36.0-255,66,366797,17,405258
37603,0.081691,172.217.160.0-255,5738,372535,17,405258
37604,0.081698,172.31.36.0-255,66,372601,17,405258
37605,0.083332,172.217.160.0-255,5738,378339,17,405258
37606,0.083339,172.31.36.0-255,66,378405,17,405258
37607,0.084976,172.217.160.0-255,5738,384143,17,405258
37608,0.084983,172.31.36.0-255,66,384209,17,405258
37609,0.086611,172.217.160.0-255,5738,389947,17,405258
37610,0.086618,172.31.36.0-255,66,390013,17,405258
37611,0.088251,172.217.160.0-255,5738,395751,17,405258
37612,0.088258,172.31.36.0-255,66,395817,17,405258
37613,0.089887,172.217.160.0-255,5738,401555,17,405258
37614,0.089894,172.31.36.0-255,66,401621,17,405258
37615,0.091522,172.217.160.0-255,3400,405021,17,405258
37616,0.091529,172.31.36.0-255,66,405087,17,405258
37617,0.091699,172.31.36.0-255,105,405192,17,405258
37618,0.096902,172.217.160.0-255,66,405258,17,405258
37619,0.0,172.31.36.0-255,250,250,17,316
37620,0.00756,74.125.68.0-255,66,316,17,316
37621,0.0,172.31.36.0-255,163,163,17,229
37622,0.007602,74.125.24.0-255,66,229,17,229
37623,0.0,74.125.130.0-255,153,153,17,352311
37624,2.2e-05,172.31.36.0-255,66,219,17,352311
37625,3e-05,74.125.130.0-255,1484,1703,17,352311
37626,3.4e-05,172.31.36.0-255,66,1769,17,352311
37627,4.8e-05,74.125.130.0-255,2902,4671,17,352311
37628,5.1e-05,172.31.36.0-255,66,4737,17,352311
37629,7.3e-05,74.125.130.0-255,7156,11893,17,352311
37630,7.7e-05,172.31.36.0-255,66,11959,17,352311
37631,8.1e-05,74.125.130.0-255,2078,14037,17,352311
37632,8.4e-05,172.31.36.0-255,66,14103,17,352311
37633,0.000121,74.125.130.0-255,1484,15587,17,352311
37634,0.000123,172.31.36.0-255,66,15653,17,352311
37635,0.000128,74.125.130.0-255,1484,17137,17,352311
37636,0.000131,172.31.36.0-255,66,17203,17,352311
37637,0.000161,74.125.130.0-255,1484,18687,17,352311
37638,0.000163,172.31.36.0-255,66,18753,17,352311
37639,0.000171,74.125.130.0-255,5738,24491,17,352311
37640,0.000174,172.31.36.0-255,66,24557,17,352311
37641,0.000187,74.125.130.0-255,6797,31354,17,352311
37642,0.000189,172.31.36.0-255,66,31420,17,352311
37643,0.000308,74.125.130.0-255,1484,32904,17,352311
37644,0.000313,172.31.36.0-255,66,32970,17,352311
37645,0.000318,74.125.130.0-255,2902,35872,17,352311
37646,0.000341,172.31.36.0-255,66,35938,17,352311
37647,0.000347,74.125.130.0-255,5738,41676,17,352311
37648,0.000349,172.31.36.0-255,66,41742,17,352311
37649,0.000383,74.125.130.0-255,6797,48539,17,352311
37650,0.000385,172.31.36.0-255,66,48605,17,352311
37651,0.000393,74.125.130.0-255,5738,54343,17,352311
37652,0.000395,172.31.36.0-255,66,54409,17,352311
37653,0.000429,74.125.130.0-255,1484,55893,17,352311
37654,0.000432,172.31.36.0-255,66,55959,17,352311
37655,0.000438,74.125.130.0-255,4320,60279,17,352311
37656,0.00044,172.31.36.0-255,66,60345,17,352311
37657,0.000451,74.125.130.0-255,5379,65724,17,352311
37658,0.000454,172.31.36.0-255,66,65790,17,352311
37659,0.000456,74.125.130.0-255,361,66151,17,352311
37660,0.000614,74.125.130.0-255,384,66535,17,352311
37661,0.001035,74.125.130.0-255,1484,68019,17,352311
37662,0.00104,172.31.36.0-255,66,68085,17,352311
37663,0.001045,74.125.130.0-255,1484,69569,17,352311
37664,0.001072,74.125.130.0-255,1484,71053,17,352311
37665,0.001075,172.31.36.0-255,66,71119,17,352311
37666,0.00108,74.125.130.0-255,2902,74021,17,352311
37667,0.001083,172.31.36.0-255,66,74087,17,352311
37668,0.001093,74.125.130.0-255,4320,78407,17,352311
37669,0.001095,172.31.36.0-255,66,78473,17,352311
37670,0.001099,74.125.130.0-255,2902,81375,17,352311
37671,0.001101,172.31.36.0-255,66,81441,17,352311
37672,0.001137,74.125.130.0-255,5738,87179,17,352311
37673,0.001139,172.31.36.0-255,66,87245,17,352311
37674,0.001145,74.125.130.0-255,4320,91565,17,352311
37675,0.001147,172.31.36.0-255,66,91631,17,352311
37676,0.001188,172.31.36.0-255,66,91697,17,352311
37677,0.001307,74.125.130.0-255,1484,93181,17,352311
37678,0.001323,74.125.130.0-255,2902,96083,17,352311
37679,0.001328,172.31.36.0-255,66,96149,17,352311
37680,0.001337,74.125.130.0-255,1484,97633,17,352311
37681,0.001359,74.125.130.0-255,4320,101953,17,352311
37682,0.001361,172.31.36.0-255,66,102019,17,352311
37683,0.001368,74.125.130.0-255,5738,107757,17,352311
37684,0.00137,172.31.36.0-255,66,107823,17,352311
37685,0.001399,74.125.130.0-255,1484,109307,17,352311
37686,0.001411,172.31.36.0-255,66,109373,17,352311
37687,0.001417,74.125.130.0-255,4320,113693,17,352311
37688,0.001419,172.31.36.0-255,66,113759,17,352311
37689,0.001441,74.125.130.0-255,3602,117361,17,352311
37690,0.001447,172.31.36.0-255,66,117427,17,352311
37691,0.001508,74.125.130.0-255,1484,118911,17,352311
37692,0.001512,74.125.130.0-255,1484,120395,17,352311
37693,0.001514,172.31.36.0-255,66,120461,17,352311
37694,0.001544,74.125.130.0-255,1484,121945,17,352311
37695,0.001551,74.125.130.0-255,5738,127683,17,352311
37696,0.001554,172.31.36.0-255,66,127749,17,352311
37697,0.001592,172.31.36.0-255,66,127815,17,352311
37698,0.001619,74.125.130.0-255,1484,129299,17,352311
37699,0.001623,74.125.130.0-255,2902,132201,17,352311
37700,0.001626,172.31.36.0-255,66,132267,17,352311
37701,0.001665,172.31.36.0-255,66,132333,17,352311
37702,0.00167,74.125.130.0-255,2902,135235,17,352311
37703,0.001672,172.31.36.0-255,66,135301,17,352311
37704,0.001675,74.125.130.0-255,1484,136785,17,352311
37705,0.001693,74.125.130.0-255,2902,139687,17,352311
37706,0.0017,172.31.36.0-255,66,139753,17,352311
37707,0.001707,74.125.130.0-255,5738,145491,17,352311
37708,0.001709,172.31.36.0-255,66,145557,17,352311
37709,0.001743,74.125.130.0-255,2902,148459,17,352311
37710,0.001748,74.125.130.0-255,4320,152779,17,352311
37711,0.001753,74.125.130.0-255,5738,158517,17,352311
37712,0.001761,172.31.36.0-255,66,158583,17,352311
37713,0.001765,172.31.36.0-255,66,158649,17,352311
37714,0.001767,172.31.36.0-255,66,158715,17,352311
37715,0.001814,172.31.36.0-255,66,158781,17,352311
37716,0.002084,74.125.130.0-255,1484,160265,17,352311
37717,0.002089,74.125.130.0-255,1484,161749,17,352311
37718,0.002092,172.31.36.0-255,66,161815,17,352311
37719,0.002105,74.125.130.0-255,1484,163299,17,352311
37720,0.002116,74.125.130.0-255,5738,169037,17,352311
37721,0.002118,172.31.36.0-255,66,169103,17,352311
37722,0.002156,74.125.130.0-255,5738,174841,17,352311
37723,0.002158,172.31.36.0-255,66,174907,17,352311
37724,0.002166,74.125.130.0-255,7156,182063,17,352311
37725,0.002169,172.31.36.0-255,66,182129,17,352311
37726,0.002178,74.125.130.0-255,2902,185031,17,352311
37727,0.00218,172.31.36.0-255,66,185097,17,352311
37728,0.002215,172.31.36.0-255,66,185163,17,352311
37729,0.002416,74.125.130.0-255,1484,186647,17,352311
37730,0.002438,74.125.130.0-255,2902,189549,17,352311
37731,0.002441,172.31.36.0-255,66,189615,17,352311
37732,0.002445,74.125.130.0-255,1484,191099,17,352311
37733,0.002475,74.125.130.0-255,4320,195419,17,352311
37734,0.002478,172.31.36.0-255,66,195485,17,352311
37735,0.002489,74.125.130.0-255,4320,199805,17,352311
37736,0.002491,172.31.36.0-255,66,199871,17,352311
37737,0.002524,172.31.36.0-255,66,199937,17,352311
37738,0.002536,172.31.36.0-255,66,200003,17,352311
37739,0.005025,74.125.130.0-255,5738,205741,17,352311
37740,0.005033,172.31.36.0-255,66,205807,17,352311
37741,0.007535,74.125.130.0-255,5738,211545,17,352311
37742,0.007539,172.31.36.0-255,66,211611,17,352311
37743,0.010033,74.125.130.0-255,5738,217349,17,352311
37744,0.010039,172.31.36.0-255,66,217415,17,352311
37745,0.012543,74.125.130.0-255,5738,223153,17,352311
37746,0.012551,172.31.36.0-255,66,223219,17,352311
37747,0.015051,74.125.130.0-255,5738,228957,17,352311
37748,0.015059,172.31.36.0-255,66,229023,17,352311
37749,0.017558,74.125.130.0-255,5738,234761,17,352311
37750,0.017568,172.31.36.0-255,66,234827,17,352311
37751,0.020082,74.125.130.0-255,5738,240565,17,352311
37752,0.020091,172.31.36.0-255,66,240631,17,352311
37753,0.022595,74.125.130.0-255,5738,246369,17,352311
37754,0.022603,172.31.36.0-255,66,246435,17,352311
37755,0.025133,74.125.130.0-255,5738,252173,17,352311
37756,0.025141,172.31.36.0-255,66,252239,17,352311
37757,0.027637,74.125.130.0-255,5738,257977,17,352311
37758,0.027644,172.31.36.0-255,66,258043,17,352311
37759,0.030149,74.125.130.0-255,5738,263781,17,352311
37760,0.030157,172.31.36.0-255,66,263847,17,352311
37761,0.032667,74.125.130.0-255,5738,269585,17,352311
37762,0.032675,172.31.36.0-255,66,269651,17,352311
37763,0.035072,172.31.36.0-255,172,269823,17,352311
37764,0.035106,172.31.36.0-255,1116,270939,17,352311
37765,0.035167,74.125.130.0-255,5738,276677,17,352311
37766,0.035171,172.31.36.0-255,66,276743,17,352311
37767,0.035203,172.31.36.0-255,1514,278257,17,352311
37768,0.035205,172.31.36.0-255,1272,279529,17,352311
37769,0.0366,104.244.42.0-255,66,279595,17,352311
37770,0.036634,104.244.42.0-255,66,279661,17,352311
37771,0.036781,104.244.42.0-255,66,279727,17,352311
37772,0.037673,104.244.42.0-255,108,279835,17,352311
37773,0.037683,172.31.36.0-255,66,279901,17,352311
37774,0.037693,74.125.130.0-255,5738,285639,17,352311
37775,0.037695,172.31.36.0-255,66,285705,17,352311
37776,0.040193,74.125.130.0-255,5738,291443,17,352311
37777,0.040201,172.31.36.0-255,66,291509,17,352311
37778,0.042687,74.125.130.0-255,5738,297247,17,352311
37779,0.042694,172.31.36.0-255,66,297313,17,352311
37780,0.045202,74.125.130.0-255,5738,303051,17,352311
37781,0.045212,172.31.36.0-255,66,303117,17,352311
37782,0.047727,74.125.130.0-255,5738,308855,17,352311
37783,0.047733,172.31.36.0-255,66,308921,17,352311
37784,0.050224,74.125.130.0-255,5738,314659,17,352311
37785,0.050231,172.31.36.0-255,66,314725,17,352311
37786,0.052727,74.125.130.0-255,5738,320463,17,352311
37787,0.052733,172.31.36.0-255,66,320529,17,352311
37788,0.055224,74.125.130.0-255,5738,326267,17,352311
37789,0.055229,172.31.36.0-255,66,326333,17,352311
37790,0.057733,74.125.130.0-255,5738,332071,17,352311
37791,0.057739,172.31.36.0-255,66,332137,17,352311
37792,0.060254,74.125.130.0-255,5738,337875,17,352311
37793,0.060264,172.31.36.0-255,66,337941,17,352311
37794,0.062781,74.125.130.0-255,5738,343679,17,352311
37795,0.062786,172.31.36.0-255,66,343745,17,352311
37796,0.065283,74.125.130.0-255,5738,349483,17,352311
37797,0.065289,172.31.36.0-255,66,349549,17,352311
37798,0.067785,74.125.130.0-255,2525,352074,17,352311
37799,0.067791,172.31.36.0-255,66,352140,17,352311
37800,0.067935,172.31.36.0-255,105,352245,17,352311
37801,0.070384,74.125.130.0-255,66,352311,17,352311
37802,0.0,172.217.194.0-255,143,143,17,225052
37803,3.4e-05,172.31.36.0-255,66,209,17,225052
37804,4e-05,172.217.194.0-255,1484,1693,17,225052
37805,4.4e-05,172.31.36.0-255,66,1759,17,225052
37806,4.9e-05,172.217.194.0-255,2902,4661,17,225052
37807,6e-05,172.31.36.0-255,66,4727,17,225052
37808,6.4e-05,172.217.194.0-255,2902,7629,17,225052
37809,6.7e-05,172.31.36.0-255,66,7695,17,225052
37810,7.2e-05,172.217.194.0-255,4320,12015,17,225052
37811,7.4e-05,172.31.36.0-255,66,12081,17,225052
37812,0.000105,172.217.194.0-255,2075,14156,17,225052
37813,0.000108,172.31.36.0-255,66,14222,17,225052
37814,0.000113,172.217.194.0-255,2902,17124,17,225052
37815,0.000115,172.31.36.0-255,66,17190,17,225052
37816,0.000154,172.217.194.0-255,7156,24346,17,225052
37817,0.000158,172.31.36.0-255,66,24412,17,225052
37818,0.000166,172.217.194.0-255,6797,31209,17,225052
37819,0.000168,172.31.36.0-255,66,31275,17,225052
37820,0.000204,172.217.194.0-255,2902,34177,17,225052
37821,0.000207,172.31.36.0-255,66,34243,17,225052
37822,0.000245,172.217.194.0-255,2902,37145,17,225052
37823,0.000248,172.31.36.0-255,66,37211,17,225052
37824,0.000256,172.217.194.0-255,7156,44367,17,225052
37825,0.000258,172.31.36.0-255,66,44433,17,225052
37826,0.000269,172.217.194.0-255,3961,48394,17,225052
37827,0.000272,172.31.36.0-255,66,48460,17,225052
37828,0.000277,172.217.194.0-255,2902,51362,17,225052
37829,0.000279,172.31.36.0-255,66,51428,17,225052
37830,0.000308,172.217.194.0-255,1484,52912,17,225052
37831,0.000313,172.31.36.0-255,66,52978,17,225052
37832,0.000333,172.31.36.0-255,66,53044,17,225052
37833,0.000356,172.217.194.0-255,1484,54528,17,225052
37834,0.000371,172.217.194.0-255,1767,56295,17,225052
37835,0.000375,172.31.36.0-255,66,56361,17,225052
37836,0.000555,172.217.194.0-255,1484,57845,17,225052
37837,0.00057,172.217.194.0-255,2902,60747,17,225052
37838,0.000573,172.31.36.0-255,66,60813,17,225052
37839,0.00058,172.217.194.0-255,4320,65133,17,225052
37840,0.000582,172.31.36.0-255,66,65199,17,225052
37841,0.000605,172.217.194.0-255,1484,66683,17,225052
37842,0.000619,172.31.36.0-255,66,66749,17,225052
37843,0.000649,172.217.194.0-255,2902,69651,17,225052
37844,0.000653,172.31.36.0-255,66,69717,17,225052
37845,0.000665,172.31.36.0-255,66,69783,17,225052
37846,0.000675,172.217.194.0-255,2184,71967,17,225052
37847,0.000677,172.31.36.0-255,66,72033,17,225052
37848,0.001109,172.217.194.0-255,1484,73517,17,225052
37849,0.001114,172.217.194.0-255,1484,75001,17,225052
37850,0.001118,172.31.36.0-255,66,75067,17,225052
37851,0.001131,172.217.194.0-255,1484,76551,17,225052
37852,0.001142,172.217.194.0-255,5738,82289,17,225052
37853,0.001145,172.31.36.0-255,66,82355,17,225052
37854,0.001158,172.31.36.0-255,66,82421,17,225052
37855,0.001196,172.217.194.0-255,2902,85323,17,225052
37856,0.0012,172.31.36.0-255,66,85389,17,225052
37857,0.001217,172.31.36.0-255,66,85455,17,225052
37858,0.001275,172.217.194.0-255,1484,86939,17,225052
37859,0.001289,172.217.194.0-255,2902,89841,17,225052
37860,0.001292,172.31.36.0-255,66,89907,17,225052
37861,0.001296,172.217.194.0-255,1484,91391,17,225052
37862,0.001325,172.217.194.0-255,4320,95711,17,225052
37863,0.001328,172.31.36.0-255,66,95777,17,225052
37864,0.001347,172.31.36.0-255,66,95843,17,225052
37865,0.001416,172.31.36.0-255,66,95909,17,225052
37866,0.001447,172.217.194.0-255,2184,98093,17,225052
37867,0.001451,172.31.36.0-255,66,98159,17,225052
37868,0.001573,172.217.194.0-255,1484,99643,17,225052
37869,0.001577,172.217.194.0-255,1484,101127,17,225052
37870,0.001581,172.31.36.0-255,66,101193,17,225052
37871,0.001587,172.217.194.0-255,1484,102677,17,225052
37872,0.00159,172.217.194.0-255,1484,104161,17,225052
37873,0.001592,172.31.36.0-255,66,104227,17,225052
37874,0.001615,172.217.194.0-255,4320,108547,17,225052
37875,0.00163,172.31.36.0-255,66,108613,17,225052
37876,0.001641,172.31.36.0-255,66,108679,17,225052
37877,0.001678,172.217.194.0-255,1484,110163,17,225052
37878,0.001692,172.31.36.0-255,66,110229,17,225052
37879,0.00176,172.217.194.0-255,1484,111713,17,225052
37880,0.001779,172.217.194.0-255,2902,114615,17,225052
37881,0.001782,172.31.36.0-255,66,114681,17,225052
37882,0.001787,172.217.194.0-255,4320,119001,17,225052
37883,0.001789,172.31.36.0-255,66,119067,17,225052
37884,0.001808,172.217.194.0-255,1484,120551,17,225052
37885,0.001832,172.31.36.0-255,66,120617,17,225052
37886,0.001866,172.217.194.0-255,4320,124937,17,225052
37887,0.001869,172.31.36.0-255,66,125003,17,225052
37888,0.001875,172.217.194.0-255,5738,130741,17,225052
37889,0.001877,172.31.36.0-255,66,130807,17,225052
37890,0.001906,172.217.194.0-255,5020,135827,17,225052
37891,0.00191,172.31.36.0-255,66,135893,17,225052
37892,0.001999,172.217.194.0-255,1484,137377,17,225052
37893,0.002004,172.217.194.0-255,2902,140279,17,225052
37894,0.002008,172.31.36.0-255,66,140345,17,225052
37895,0.002037,172.217.194.0-255,5738,146083,17,225052
37896,0.00204,172.31.36.0-255,66,146149,17,225052
37897,0.002068,172.217.194.0-255,5738,151887,17,225052
37898,0.002071,172.31.36.0-255,66,151953,17,225052
37899,0.002084,172.31.36.0-255,66,152019,17,225052
37900,0.00209,172.217.194.0-255,5020,157039,17,225052
37901,0.002093,172.31.36.0-255,66,157105,17,225052
37902,0.002136,172.217.194.0-255,5738,162843,17,225052
37903,0.002139,172.31.36.0-255,66,162909,17,225052
37904,0.002145,172.217.194.0-255,4320,167229,17,225052
37905,0.002148,172.31.36.0-255,66,167295,17,225052
37906,0.002185,172.31.36.0-255,66,167361,17,225052
37907,0.002202,172.217.194.0-255,2902,170263,17,225052
37908,0.002204,172.31.36.0-255,66,170329,17,225052
37909,0.002241,172.31.36.0-255,66,170395,17,225052
37910,0.002244,172.217.194.0-255,1484,171879,17,225052
37911,0.002285,172.31.36.0-255,66,171945,17,225052
37912,0.002305,172.31.36.0-255,66,172011,17,225052
37913,0.002311,172.217.194.0-255,4320,176331,17,225052
37914,0.002313,172.31.36.0-255,66,176397,17,225052
37915,0.00232,172.217.194.0-255,5738,182135,17,225052
37916,0.002323,172.31.36.0-255,66,182201,17,225052
37917,0.00237,172.217.194.0-255,5738,187939,17,225052
37918,0.002373,172.31.36.0-255,66,188005,17,225052
37919,0.002402,172.217.194.0-255,5738,193743,17,225052
37920,0.002407,172.31.36.0-255,66,193809,17,225052
37921,0.002426,172.31.36.0-255,66,193875,17,225052
37922,0.002429,172.217.194.0-255,1484,195359,17,225052
37923,0.002433,172.217.194.0-255,2902,198261,17,225052
37924,0.002435,172.31.36.0-255,66,198327,17,225052
37925,0.002442,172.217.194.0-255,5738,204065,17,225052
37926,0.002444,172.31.36.0-255,66,204131,17,225052
37927,0.002451,172.217.194.0-255,7156,211287,17,225052
37928,0.002453,172.31.36.0-255,66,211353,17,225052
37929,0.002481,172.217.194.0-255,4320,215673,17,225052
37930,0.002484,172.31.36.0-255,66,215739,17,225052
37931,0.002507,172.31.36.0-255,66,215805,17,225052
37932,0.002536,172.217.194.0-255,2184,217989,17,225052
37933,0.00254,172.31.36.0-255,66,218055,17,225052
37934,0.002545,172.217.194.0-255,2317,220372,17,225052
37935,0.002547,172.31.36.0-255,66,220438,17,225052
37936,0.00255,172.217.194.0-255,105,220543,17,225052
37937,0.00906,172.31.36.0-255,66,220609,17,225052
37938,0.009091,172.31.36.0-255,105,220714,17,225052
37939,0.011665,172.217.194.0-255,66,220780,17,225052
37940,0.035033,172.31.36.0-255,172,220952,17,225052
37941,0.035063,172.31.36.0-255,1118,222070,17,225052
37942,0.035106,172.31.36.0-255,1514,223584,17,225052
37943,0.035107,172.31.36.0-255,1270,224854,17,225052
37944,0.036607,104.244.42.0-255,66,224920,17,225052
37945,0.036614,104.244.42.0-255,66,224986,17,225052
37946,0.036649,104.244.42.0-255,66,225052,17,225052
37947,0.0,74.125.200.0-255,153,153,17,404371
37948,2.3e-05,172.31.36.0-255,66,219,17,404371
37949,3e-05,74.125.200.0-255,1484,1703,17,404371
37950,3.4e-05,172.31.36.0-255,66,1769,17,404371
37951,3.7e-05,74.125.200.0-255,1484,3253,17,404371
37952,4.7e-05,172.31.36.0-255,66,3319,17,404371
37953,5.3e-05,74.125.200.0-255,2902,6221,17,404371
37954,5.6e-05,172.31.36.0-255,66,6287,17,404371
37955,6.3e-05,74.125.200.0-255,5738,12025,17,404371
37956,6.6e-05,172.31.36.0-255,66,12091,17,404371
37957,7e-05,74.125.200.0-255,2085,14176,17,404371
37958,7.2e-05,172.31.36.0-255,66,14242,17,404371
37959,0.00012,74.125.200.0-255,1484,15726,17,404371
37960,0.000124,172.31.36.0-255,66,15792,17,404371
37961,0.000128,74.125.200.0-255,2902,18694,17,404371
37962,0.000131,172.31.36.0-255,66,18760,17,404371
37963,0.000166,74.125.200.0-255,5738,24498,17,404371
37964,0.000168,172.31.36.0-255,66,24564,17,404371
37965,0.000172,74.125.200.0-255,1484,26048,17,404371
37966,0.000174,172.31.36.0-255,66,26114,17,404371
37967,0.000202,74.125.200.0-255,5379,31493,17,404371
37968,0.000205,172.31.36.0-255,66,31559,17,404371
37969,0.000335,74.125.200.0-255,1484,33043,17,404371
37970,0.00034,172.31.36.0-255,66,33109,17,404371
37971,0.000345,74.125.200.0-255,2902,36011,17,404371
37972,0.000347,172.31.36.0-255,66,36077,17,404371
37973,0.000385,74.125.200.0-255,4320,40397,17,404371
37974,0.000389,172.31.36.0-255,66,40463,17,404371
37975,0.000425,172.31.36.0-255,66,40529,17,404371
37976,0.000491,74.125.200.0-255,1484,42013,17,404371
37977,0.000494,172.31.36.0-255,66,42079,17,404371
37978,0.00052,74.125.200.0-255,1484,43563,17,404371
37979,0.000525,74.125.200.0-255,2902,46465,17,404371
37980,0.000527,172.31.36.0-255,66,46531,17,404371
37981,0.000557,74.125.200.0-255,5738,52269,17,404371
37982,0.00056,172.31.36.0-255,66,52335,17,404371
37983,0.000563,74.125.200.0-255,1484,53819,17,404371
37984,0.000568,74.125.200.0-255,2902,56721,17,404371
37985,0.00057,172.31.36.0-255,66,56787,17,404371
37986,0.000603,74.125.200.0-255,1454,58241,17,404371
37987,0.000676,74.125.200.0-255,1484,59725,17,404371
37988,0.000679,172.31.36.0-255,66,59791,17,404371
37989,0.000685,74.125.200.0-255,2902,62693,17,404371
37990,0.000688,172.31.36.0-255,66,62759,17,404371
37991,0.00071,74.125.200.0-255,2902,65661,17,404371
37992,0.000713,172.31.36.0-255,66,65727,17,404371
37993,0.000719,74.125.200.0-255,4320,70047,17,404371
37994,0.000721,172.31.36.0-255,66,70113,17,404371
37995,0.000765,74.125.200.0-255,2902,73015,17,404371
37996,0.000769,172.31.36.0-255,66,73081,17,404371
37997,0.000796,74.125.200.0-255,2543,75624,17,404371
37998,0.000799,172.31.36.0-255,66,75690,17,404371
37999,0.000964,74.125.200.0-255,1484,77174,17,404371
38000,0.000968,74.125.200.0-255,1484,78658,17,404371
38001,0.000971,172.31.36.0-255,66,78724,17,404371
38002,0.000998,74.125.200.0-255,1484,80208,17,404371
38003,0.001006,74.125.200.0-255,5738,85946,17,404371
38004,0.001009,172.31.36.0-255,66,86012,17,404371
38005,0.001013,74.125.200.0-255,2902,88914,17,404371
38006,0.001015,172.31.36.0-255,66,88980,17,404371
38007,0.00108,74.125.200.0-255,4243,93223,17,404371
38008,0.001083,172.31.36.0-255,66,93289,17,404371
38009,0.001245,74.125.200.0-255,1484,94773,17,404371
38010,0.001269,74.125.200.0-255,1484,96257,17,404371
38011,0.001272,172.31.36.0-255,66,96323,17,404371
38012,0.001304,74.125.200.0-255,2902,99225,17,404371
38013,0.001307,172.31.36.0-255,66,99291,17,404371
38014,0.001314,74.125.200.0-255,5738,105029,17,404371
38015,0.001316,172.31.36.0-255,66,105095,17,404371
38016,0.001353,74.125.200.0-255,1484,106579,17,404371
38017,0.001381,74.125.200.0-255,7156,113735,17,404371
38018,0.001383,172.31.36.0-255,66,113801,17,404371
38019,0.001394,172.31.36.0-255,66,113867,17,404371
38020,0.001403,74.125.200.0-255,3602,117469,17,404371
38021,0.001406,172.31.36.0-255,66,117535,17,404371
38022,0.001539,74.125.200.0-255,1484,119019,17,404371
38023,0.001545,74.125.200.0-255,2902,121921,17,404371
38024,0.001548,172.31.36.0-255,66,121987,17,404371
38025,0.001552,74.125.200.0-255,1484,123471,17,404371
38026,0.001577,74.125.200.0-255,4320,127791,17,404371
38027,0.00158,172.31.36.0-255,66,127857,17,404371
38028,0.001583,74.125.200.0-255,1484,129341,17,404371
38029,0.001585,74.125.200.0-255,1484,130825,17,404371
38030,0.001587,172.31.36.0-255,66,130891,17,404371
38031,0.001609,74.125.200.0-255,1484,132375,17,404371
38032,0.001613,74.125.200.0-255,1484,133859,17,404371
38033,0.001619,172.31.36.0-255,66,133925,17,404371
38034,0.001652,74.125.200.0-255,4320,138245,17,404371
38035,0.001654,172.31.36.0-255,66,138311,17,404371
38036,0.001657,74.125.200.0-255,1484,139795,17,404371
38037,0.001683,74.125.200.0-255,2902,142697,17,404371
38038,0.001685,172.31.36.0-255,66,142763,17,404371
38039,0.001688,74.125.200.0-255,1484,144247,17,404371
38040,0.001692,74.125.200.0-255,2902,147149,17,404371
38041,0.001694,172.31.36.0-255,66,147215,17,404371
38042,0.001723,74.125.200.0-255,1484,148699,17,404371
38043,0.001739,74.125.200.0-255,3602,152301,17,404371
38044,0.001742,172.31.36.0-255,66,152367,17,404371
38045,0.001942,74.125.200.0-255,1484,153851,17,404371
38046,0.001957,74.125.200.0-255,2902,156753,17,404371
38047,0.00196,172.31.36.0-255,66,156819,17,404371
38048,0.001992,74.125.200.0-255,5738,162557,17,404371
38049,0.001995,172.31.36.0-255,66,162623,17,404371
38050,0.002021,74.125.200.0-255,7156,169779,17,404371
38051,0.002024,172.31.36.0-255,66,169845,17,404371
38052,0.002062,74.125.200.0-255,5738,175583,17,404371
38053,0.002064,172.31.36.0-255,66,175649,17,404371
38054,0.002082,74.125.200.0-255,5738,181387,17,404371
38055,0.002084,172.31.36.0-255,66,181453,17,404371
38056,0.004122,74.125.200.0-255,5738,187191,17,404371
38057,0.00413,172.31.36.0-255,66,187257,17,404371
38058,0.006171,74.125.200.0-255,4320,191577,17,404371
38059,0.006174,172.31.36.0-255,66,191643,17,404371
38060,0.006199,74.125.200.0-255,1484,193127,17,404371
38061,0.008217,74.125.200.0-255,4320,197447,17,404371
38062,0.008223,172.31.36.0-255,66,197513,17,404371
38063,0.010269,74.125.200.0-255,5738,203251,17,404371
38064,0.010277,172.31.36.0-255,66,203317,17,404371
38065,0.012364,74.125.200.0-255,5738,209055,17,404371
38066,0.012372,172.31.36.0-255,66,209121,17,404371
38067,0.014421,74.125.200.0-255,5738,214859,17,404371
38068,0.01443,172.31.36.0-255,66,214925,17,404371
38069,0.016476,74.125.200.0-255,5738,220663,17,404371
38070,0.016485,172.31.36.0-255,66,220729,17,404371
38071,0.018535,74.125.200.0-255,5738,226467,17,404371
38072,0.018543,172.31.36.0-255,66,226533,17,404371
38073,0.020588,74.125.200.0-255,5738,232271,17,404371
38074,0.020595,172.31.36.0-255,66,232337,17,404371
38075,0.022658,74.125.200.0-255,5738,238075,17,404371
38076,0.022666,172.31.36.0-255,66,238141,17,404371
38077,0.02472,74.125.200.0-255,5738,243879,17,404371
38078,0.02473,172.31.36.0-255,66,243945,17,404371
38079,0.026773,74.125.200.0-255,5738,249683,17,404371
38080,0.026782,172.31.36.0-255,66,249749,17,404371
38081,0.028832,74.125.200.0-255,5738,255487,17,404371
38082,0.028839,172.31.36.0-255,66,255553,17,404371
38083,0.029928,172.31.36.0-255,172,255725,17,404371
38084,0.029961,172.31.36.0-255,1115,256840,17,404371
38085,0.030027,172.31.36.0-255,1514,258354,17,404371
38086,0.030029,172.31.36.0-255,1275,259629,17,404371
38087,0.030888,74.125.200.0-255,5738,265367,17,404371
38088,0.030896,172.31.36.0-255,66,265433,17,404371
38089,0.031407,104.244.42.0-255,66,265499,17,404371
38090,0.03153,104.244.42.0-255,66,265565,17,404371
38091,0.031535,104.244.42.0-255,66,265631,17,404371
38092,0.032963,74.125.200.0-255,5738,271369,17,404371
38093,0.032969,172.31.36.0-255,66,271435,17,404371
38094,0.03502,74.125.200.0-255,5738,277173,17,404371
38095,0.035026,172.31.36.0-255,66,277239,17,404371
38096,0.037136,74.125.200.0-255,5738,282977,17,404371
38097,0.037142,172.31.36.0-255,66,283043,17,404371
38098,0.039203,74.125.200.0-255,5738,288781,17,404371
38099,0.03921,172.31.36.0-255,66,288847,17,404371
38100,0.041282,74.125.200.0-255,5738,294585,17,404371
38101,0.041288,172.31.36.0-255,66,294651,17,404371
38102,0.043334,74.125.200.0-255,5738,300389,17,404371
38103,0.043343,172.31.36.0-255,66,300455,17,404371
38104,0.04539,74.125.200.0-255,5738,306193,17,404371
38105,0.045396,172.31.36.0-255,66,306259,17,404371
38106,0.047456,74.125.200.0-255,5738,311997,17,404371
38107,0.047462,172.31.36.0-255,66,312063,17,404371
38108,0.049547,74.125.200.0-255,5738,317801,17,404371
38109,0.049554,172.31.36.0-255,66,317867,17,404371
38110,0.051605,74.125.200.0-255,5738,323605,17,404371
38111,0.051612,172.31.36.0-255,66,323671,17,404371
38112,0.053668,74.125.200.0-255,5738,329409,17,404371
38113,0.053675,172.31.36.0-255,66,329475,17,404371
38114,0.055747,74.125.200.0-255,5738,335213,17,404371
38115,0.055754,172.31.36.0-255,66,335279,17,404371
38116,0.057802,74.125.200.0-255,5738,341017,17,404371
38117,0.057808,172.31.36.0-255,66,341083,17,404371
38118,0.059876,74.125.200.0-255,5738,346821,17,404371
38119,0.059882,172.31.36.0-255,66,346887,17,404371
38120,0.061945,74.125.200.0-255,5738,352625,17,404371
38121,0.061951,172.31.36.0-255,66,352691,17,404371
38122,0.064019,74.125.200.0-255,5738,358429,17,404371
38123,0.064026,172.31.36.0-255,66,358495,17,404371
38124,0.066097,74.125.200.0-255,5738,364233,17,404371
38125,0.066103,172.31.36.0-255,66,364299,17,404371
38126,0.068207,74.125.200.0-255,5738,370037,17,404371
38127,0.068213,172.31.36.0-255,66,370103,17,404371
38128,0.070283,74.125.200.0-255,5738,375841,17,404371
38129,0.070289,172.31.36.0-255,66,375907,17,404371
38130,0.072351,74.125.200.0-255,5738,381645,17,404371
38131,0.072357,172.31.36.0-255,66,381711,17,404371
38132,0.074406,74.125.200.0-255,5738,387449,17,404371
38133,0.074413,172.31.36.0-255,66,387515,17,404371
38134,0.076495,74.125.200.0-255,5738,393253,17,404371
38135,0.076502,172.31.36.0-255,66,393319,17,404371
38136,0.078559,74.125.200.0-255,5738,399057,17,404371
38137,0.078566,172.31.36.0-255,66,399123,17,404371
38138,0.080615,74.125.200.0-255,5011,404134,17,404371
38139,0.080622,172.31.36.0-255,66,404200,17,404371
38140,0.080803,172.31.36.0-255,105,404305,17,404371
38141,0.082814,74.125.200.0-255,66,404371,17,404371
38142,0.0,74.125.24.0-255,146,146,17,319578
38143,1.8e-05,172.31.36.0-255,66,212,17,319578
38144,2.6e-05,74.125.24.0-255,1484,1696,17,319578
38145,3e-05,172.31.36.0-255,66,1762,17,319578
38146,3.7e-05,74.125.24.0-255,2902,4664,17,319578
38147,4e-05,172.31.36.0-255,66,4730,17,319578
38148,7.2e-05,74.125.24.0-255,5738,10468,17,319578
38149,7.5e-05,172.31.36.0-255,66,10534,17,319578
38150,8e-05,74.125.24.0-255,3459,13993,17,319578
38151,8.2e-05,172.31.36.0-255,66,14059,17,319578
38152,8.8e-05,74.125.24.0-255,4320,18379,17,319578
38153,9.1e-05,172.31.36.0-255,66,18445,17,319578
38154,0.00012,74.125.24.0-255,1484,19929,17,319578
38155,0.000122,172.31.36.0-255,66,19995,17,319578
38156,0.000145,74.125.24.0-255,7156,27151,17,319578
38157,0.000148,172.31.36.0-255,66,27217,17,319578
38158,0.000163,74.125.24.0-255,1484,28701,17,319578
38159,0.000165,172.31.36.0-255,66,28767,17,319578
38160,0.000184,74.125.24.0-255,2543,31310,17,319578
38161,0.000186,172.31.36.0-255,66,31376,17,319578
38162,0.000288,74.125.24.0-255,1484,32860,17,319578
38163,0.000293,172.31.36.0-255,66,32926,17,319578
38164,0.000315,74.125.24.0-255,2902,35828,17,319578
38165,0.000319,172.31.36.0-255,66,35894,17,319578
38166,0.000324,74.125.24.0-255,4320,40214,17,319578
38167,0.000327,172.31.36.0-255,66,40280,17,319578
38168,0.00034,74.125.24.0-255,1484,41764,17,319578
38169,0.000342,172.31.36.0-255,66,41830,17,319578
38170,0.000346,74.125.24.0-255,1484,43314,17,319578
38171,0.000348,172.31.36.0-255,66,43380,17,319578
38172,0.000387,172.31.36.0-255,66,43446,17,319578
38173,0.00039,74.125.24.0-255,1484,44930,17,319578
38174,0.000416,172.31.36.0-255,66,44996,17,319578
38175,0.000419,74.125.24.0-255,1402,46398,17,319578
38176,0.000422,74.125.24.0-255,128,46526,17,319578
38177,0.000611,74.125.24.0-255,349,46875,17,319578
38178,0.000616,172.31.36.0-255,66,46941,17,319578
38179,0.000994,74.125.24.0-255,1484,48425,17,319578
38180,0.001,74.125.24.0-255,2902,51327,17,319578
38181,0.001003,172.31.36.0-255,66,51393,17,319578
38182,0.00101,74.125.24.0-255,5738,57131,17,319578
38183,0.001012,172.31.36.0-255,66,57197,17,319578
38184,0.001028,74.125.24.0-255,1484,58681,17,319578
38185,0.001054,172.31.36.0-255,66,58747,17,319578
38186,0.001062,74.125.24.0-255,7156,65903,17,319578
38187,0.001064,172.31.36.0-255,66,65969,17,319578
38188,0.001118,74.125.24.0-255,3602,69571,17,319578
38189,0.001122,172.31.36.0-255,66,69637,17,319578
38190,0.001332,74.125.24.0-255,1484,71121,17,319578
38191,0.00134,74.125.24.0-255,2902,74023,17,319578
38192,0.001343,172.31.36.0-255,66,74089,17,319578
38193,0.001364,74.125.24.0-255,4320,78409,17,319578
38194,0.001367,172.31.36.0-255,66,78475,17,319578
38195,0.00138,74.125.24.0-255,1484,79959,17,319578
38196,0.001385,74.125.24.0-255,2902,82861,17,319578
38197,0.001387,172.31.36.0-255,66,82927,17,319578
38198,0.001429,74.125.24.0-255,4320,87247,17,319578
38199,0.001432,172.31.36.0-255,66,87313,17,319578
38200,0.001458,74.125.24.0-255,2902,90215,17,319578
38201,0.001461,172.31.36.0-255,66,90281,17,319578
38202,0.001475,172.31.36.0-255,66,90347,17,319578
38203,0.001493,74.125.24.0-255,1484,91831,17,319578
38204,0.001515,74.125.24.0-255,2902,94733,17,319578
38205,0.001519,172.31.36.0-255,66,94799,17,319578
38206,0.001525,74.125.24.0-255,5738,100537,17,319578
38207,0.001528,172.31.36.0-255,66,100603,17,319578
38208,0.001531,74.125.24.0-255,1484,102087,17,319578
38209,0.001546,74.125.24.0-255,2902,104989,17,319578
38210,0.001548,172.31.36.0-255,66,105055,17,319578
38211,0.001552,74.125.24.0-255,1484,106539,17,319578
38212,0.001595,172.31.36.0-255,66,106605,17,319578
38213,0.001602,74.125.24.0-255,5738,112343,17,319578
38214,0.001604,172.31.36.0-255,66,112409,17,319578
38215,0.001618,74.125.24.0-255,2184,114593,17,319578
38216,0.00162,172.31.36.0-255,66,114659,17,319578
38217,0.001642,74.125.24.0-255,1484,116143,17,319578
38218,0.001646,74.125.24.0-255,2902,119045,17,319578
38219,0.001649,172.31.36.0-255,66,119111,17,319578
38220,0.001651,74.125.24.0-255,1484,120595,17,319578
38221,0.001671,74.125.24.0-255,4320,124915,17,319578
38222,0.001673,172.31.36.0-255,66,124981,17,319578
38223,0.001678,74.125.24.0-255,2902,127883,17,319578
38224,0.001681,172.31.36.0-255,66,127949,17,319578
38225,0.001704,172.31.36.0-255,66,128015,17,319578
38226,0.001718,172.31.36.0-255,66,128081,17,319578
38227,0.001732,74.125.24.0-255,2184,130265,17,319578
38228,0.001734,172.31.36.0-255,66,130331,17,319578
38229,0.001853,74.125.24.0-255,1484,131815,17,319578
38230,0.001858,74.125.24.0-255,1484,133299,17,319578
38231,0.001862,172.31.36.0-255,66,133365,17,319578
38232,0.001892,74.125.24.0-255,1484,134849,17,319578
38233,0.001898,74.125.24.0-255,5738,140587,17,319578
38234,0.001901,172.31.36.0-255,66,140653,17,319578
38235,0.001906,74.125.24.0-255,4320,144973,17,319578
38236,0.001909,172.31.36.0-255,66,145039,17,319578
38237,0.001914,74.125.24.0-255,4320,149359,17,319578
38238,0.001916,172.31.36.0-255,66,149425,17,319578
38239,0.001942,74.125.24.0-255,7156,156581,17,319578
38240,0.001945,172.31.36.0-255,66,156647,17,319578
38241,0.00195,74.125.24.0-255,4320,160967,17,319578
38242,0.001952,172.31.36.0-255,66,161033,17,319578
38243,0.001987,172.31.36.0-255,66,161099,17,319578
38244,0.002006,172.31.36.0-255,66,161165,17,319578
38245,0.002029,74.125.24.0-255,4320,165485,17,319578
38246,0.002031,172.31.36.0-255,66,165551,17,319578
38247,0.002044,172.31.36.0-255,66,165617,17,319578
38248,0.004064,74.125.24.0-255,5738,171355,17,319578
38249,0.004072,172.31.36.0-255,66,171421,17,319578
38250,0.00606,74.125.24.0-255,5738,177159,17,319578
38251,0.006065,172.31.36.0-255,66,177225,17,319578
38252,0.008068,74.125.24.0-255,4320,181545,17,319578
38253,0.008074,172.31.36.0-255,66,181611,17,319578
38254,0.008097,74.125.24.0-255,1484,183095,17,319578
38255,0.010072,74.125.24.0-255,4320,187415,17,319578
38256,0.010078,172.31.36.0-255,66,187481,17,319578
38257,0.012102,74.125.24.0-255,5738,193219,17,319578
38258,0.01211,172.31.36.0-255,66,193285,17,319578
38259,0.014234,74.125.24.0-255,5738,199023,17,319578
38260,0.014245,172.31.36.0-255,66,199089,17,319578
38261,0.016254,74.125.24.0-255,5738,204827,17,319578
38262,0.016263,172.31.36.0-255,66,204893,17,319578
38263,0.018304,74.125.24.0-255,5738,210631,17,319578
38264,0.018312,172.31.36.0-255,66,210697,17,319578
38265,0.020331,74.125.24.0-255,5738,216435,17,319578
38266,0.020339,172.31.36.0-255,66,216501,17,319578
38267,0.022374,74.125.24.0-255,5738,222239,17,319578
38268,0.022383,172.31.36.0-255,66,222305,17,319578
38269,0.024389,74.125.24.0-255,4320,226625,17,319578
38270,0.024396,172.31.36.0-255,66,226691,17,319578
38271,0.024416,74.125.24.0-255,1484,228175,17,319578
38272,0.026378,74.125.24.0-255,4320,232495,17,319578
38273,0.026385,172.31.36.0-255,66,232561,17,319578
38274,0.02841,74.125.24.0-255,5738,238299,17,319578
38275,0.028419,172.31.36.0-255,66,238365,17,319578
38276,0.030474,74.125.24.0-255,5738,244103,17,319578
38277,0.030489,172.31.36.0-255,66,244169,17,319578
38278,0.031783,172.31.36.0-255,172,244341,17,319578
38279,0.031823,172.31.36.0-255,1116,245457,17,319578
38280,0.031882,172.31.36.0-255,1514,246971,17,319578
38281,0.031884,172.31.36.0-255,1272,248243,17,319578
38282,0.032512,74.125.24.0-255,4320,252563,17,319578
38283,0.032523,172.31.36.0-255,66,252629,17,319578
38284,0.032545,74.125.24.0-255,1484,254113,17,319578
38285,0.033309,104.244.42.0-255,66,254179,17,319578
38286,0.033368,104.244.42.0-255,66,254245,17,319578
38287,0.033456,104.244.42.0-255,66,254311,17,319578
38288,0.034538,74.125.24.0-255,4320,258631,17,319578
38289,0.034547,172.31.36.0-255,66,258697,17,319578
38290,0.036597,74.125.24.0-255,5738,264435,17,319578
38291,0.036605,172.31.36.0-255,66,264501,17,319578
38292,0.038641,74.125.24.0-255,5738,270239,17,319578
38293,0.038652,172.31.36.0-255,66,270305,17,319578
38294,0.040691,74.125.24.0-255,5738,276043,17,319578
38295,0.040705,172.31.36.0-255,66,276109,17,319578
38296,0.042739,74.125.24.0-255,5738,281847,17,319578
38297,0.042752,172.31.36.0-255,66,281913,17,319578
38298,0.044799,74.125.24.0-255,5738,287651,17,319578
38299,0.044807,172.31.36.0-255,66,287717,17,319578
38300,0.046813,74.125.24.0-255,4320,292037,17,319578
38301,0.046819,172.31.36.0-255,66,292103,17,319578
38302,0.046843,74.125.24.0-255,1484,293587,17,319578
38303,0.048845,74.125.24.0-255,4320,297907,17,319578
38304,0.048852,172.31.36.0-255,66,297973,17,319578
38305,0.050853,74.125.24.0-255,4320,302293,17,319578
38306,0.050859,172.31.36.0-255,66,302359,17,319578
38307,0.050879,74.125.24.0-255,1484,303843,17,319578
38308,0.052856,74.125.24.0-255,4320,308163,17,319578
38309,0.052863,172.31.36.0-255,66,308229,17,319578
38310,0.054852,74.125.24.0-255,4320,312549,17,319578
38311,0.05486,172.31.36.0-255,66,312615,17,319578
38312,0.054879,74.125.24.0-255,1484,314099,17,319578
38313,0.056875,74.125.24.0-255,4320,318419,17,319578
38314,0.056881,172.31.36.0-255,66,318485,17,319578
38315,0.058901,74.125.24.0-255,856,319341,17,319578
38316,0.059023,172.31.36.0-255,66,319407,17,319578
38317,0.059062,172.31.36.0-255,105,319512,17,319578
38318,0.061031,74.125.24.0-255,66,319578,17,319578
38319,0.0,172.217.194.0-255,153,153,17,230510
38320,2.2e-05,172.31.36.0-255,66,219,17,230510
38321,2.9e-05,172.217.194.0-255,1484,1703,17,230510
38322,3.4e-05,172.31.36.0-255,66,1769,17,230510
38323,3.8e-05,172.217.194.0-255,2902,4671,17,230510
38324,4.2e-05,172.31.36.0-255,66,4737,17,230510
38325,4.7e-05,172.217.194.0-255,5738,10475,17,230510
38326,5e-05,172.31.36.0-255,66,10541,17,230510
38327,5.5e-05,172.217.194.0-255,3472,14013,17,230510
38328,5.7e-05,172.31.36.0-255,66,14079,17,230510
38329,0.000133,172.217.194.0-255,1484,15563,17,230510
38330,0.000137,172.31.36.0-255,66,15629,17,230510
38331,0.000141,172.217.194.0-255,2902,18531,17,230510
38332,0.000143,172.31.36.0-255,66,18597,17,230510
38333,0.000158,172.217.194.0-255,5738,24335,17,230510
38334,0.00016,172.31.36.0-255,66,24401,17,230510
38335,0.000181,172.217.194.0-255,1484,25885,17,230510
38336,0.000183,172.31.36.0-255,66,25951,17,230510
38337,0.000211,172.31.36.0-255,66,26017,17,230510
38338,0.000216,172.217.194.0-255,4320,30337,17,230510
38339,0.000218,172.31.36.0-255,66,30403,17,230510
38340,0.00024,172.31.36.0-255,66,30469,17,230510
38341,0.000265,172.217.194.0-255,2902,33371,17,230510
38342,0.000268,172.31.36.0-255,66,33437,17,230510
38343,0.000274,172.217.194.0-255,6717,40154,17,230510
38344,0.000276,172.31.36.0-255,66,40220,17,230510
38345,0.000296,172.217.194.0-255,119,40339,17,230510
38346,0.000298,172.31.36.0-255,66,40405,17,230510
38347,0.000377,172.217.194.0-255,1484,41889,17,230510
38348,0.000381,172.31.36.0-255,66,41955,17,230510
38349,0.000386,172.217.194.0-255,2902,44857,17,230510
38350,0.000389,172.31.36.0-255,66,44923,17,230510
38351,0.000393,172.217.194.0-255,2902,47825,17,230510
38352,0.000396,172.31.36.0-255,66,47891,17,230510
38353,0.000414,172.217.194.0-255,2902,50793,17,230510
38354,0.000416,172.31.36.0-255,66,50859,17,230510
38355,0.000428,172.31.36.0-255,66,50925,17,230510
38356,0.000455,172.217.194.0-255,2902,53827,17,230510
38357,0.000457,172.31.36.0-255,66,53893,17,230510
38358,0.00047,172.31.36.0-255,66,53959,17,230510
38359,0.000473,172.217.194.0-255,378,54337,17,230510
38360,0.000592,172.217.194.0-255,1484,55821,17,230510
38361,0.000598,172.31.36.0-255,66,55887,17,230510
38362,0.000603,172.217.194.0-255,2902,58789,17,230510
38363,0.000606,172.31.36.0-255,66,58855,17,230510
38364,0.000637,172.217.194.0-255,5738,64593,17,230510
38365,0.00064,172.31.36.0-255,66,64659,17,230510
38366,0.000646,172.217.194.0-255,4320,68979,17,230510
38367,0.000648,172.31.36.0-255,66,69045,17,230510
38368,0.000672,172.217.194.0-255,2902,71947,17,230510
38369,0.000675,172.31.36.0-255,66,72013,17,230510
38370,0.000698,172.217.194.0-255,7156,79169,17,230510
38371,0.000704,172.31.36.0-255,66,79235,17,230510
38372,0.000719,172.217.194.0-255,1484,80719,17,230510
38373,0.000736,172.217.194.0-255,4320,85039,17,230510
38374,0.000757,172.217.194.0-255,3602,88641,17,230510
38375,0.00076,172.217.194.0-255,1484,90125,17,230510
38376,0.000765,172.217.194.0-255,2902,93027,17,230510
38377,0.00077,172.217.194.0-255,2902,95929,17,230510
38378,0.000775,172.31.36.0-255,66,95995,17,230510
38379,0.000789,172.217.194.0-255,2902,98897,17,230510
38380,0.000794,172.217.194.0-255,2902,101799,17,230510
38381,0.000806,172.31.36.0-255,66,101865,17,230510
38382,0.000845,172.217.194.0-255,2184,104049,17,230510
38383,0.000849,172.217.194.0-255,2902,106951,17,230510
38384,0.000893,172.217.194.0-255,4320,111271,17,230510
38385,0.000907,172.217.194.0-255,2902,114173,17,230510
38386,0.000921,172.31.36.0-255,66,114239,17,230510
38387,0.000927,172.31.36.0-255,66,114305,17,230510
38388,0.000937,172.217.194.0-255,2902,117207,17,230510
38389,0.000983,172.31.36.0-255,66,117273,17,230510
38390,0.001007,172.217.194.0-255,5738,123011,17,230510
38391,0.00103,172.31.36.0-255,66,123077,17,230510
38392,0.001042,172.217.194.0-255,2902,125979,17,230510
38393,0.001057,172.31.36.0-255,66,126045,17,230510
38394,0.00109,172.217.194.0-255,7156,133201,17,230510
38395,0.001117,172.217.194.0-255,766,133967,17,230510
38396,0.001132,172.31.36.0-255,66,134033,17,230510
38397,0.001166,172.217.194.0-255,1484,135517,17,230510
38398,0.001184,172.217.194.0-255,2902,138419,17,230510
38399,0.001197,172.217.194.0-255,5738,144157,17,230510
38400,0.001217,172.31.36.0-255,66,144223,17,230510
38401,0.001233,172.217.194.0-255,5738,149961,17,230510
38402,0.001248,172.217.194.0-255,7156,157117,17,230510
38403,0.001259,172.31.36.0-255,66,157183,17,230510
38404,0.001291,172.31.36.0-255,66,157249,17,230510
38405,0.001308,172.217.194.0-255,2902,160151,17,230510
38406,0.001326,172.217.194.0-255,4320,164471,17,230510
38407,0.001333,172.31.36.0-255,66,164537,17,230510
38408,0.001352,172.217.194.0-255,4320,168857,17,230510
38409,0.001367,172.217.194.0-255,4320,173177,17,230510
38410,0.00137,172.217.194.0-255,1484,174661,17,230510
38411,0.001378,172.31.36.0-255,66,174727,17,230510
38412,0.00142,172.217.194.0-255,6438,181165,17,230510
38413,0.001424,172.31.36.0-255,66,181231,17,230510
38414,0.001429,172.31.36.0-255,66,181297,17,230510
38415,0.001438,172.217.194.0-255,1484,182781,17,230510
38416,0.001459,172.217.194.0-255,2902,185683,17,230510
38417,0.001466,172.217.194.0-255,5738,191421,17,230510
38418,0.001474,172.31.36.0-255,66,191487,17,230510
38419,0.001504,172.217.194.0-255,7156,198643,17,230510
38420,0.00155,172.217.194.0-255,1484,200127,17,230510
38421,0.001552,172.31.36.0-255,66,200193,17,230510
38422,0.001565,172.217.194.0-255,7156,207349,17,230510
38423,0.00157,172.31.36.0-255,66,207415,17,230510
38424,0.001594,172.217.194.0-255,7156,214571,17,230510
38425,0.001614,172.31.36.0-255,66,214637,17,230510
38426,0.001629,172.217.194.0-255,7156,221793,17,230510
38427,0.001635,172.31.36.0-255,66,221859,17,230510
38428,0.001644,172.217.194.0-255,4033,225892,17,230510
38429,0.001647,172.217.194.0-255,105,225997,17,230510
38430,0.001666,172.31.36.0-255,66,226063,17,230510
38431,0.009699,172.31.36.0-255,105,226168,17,230510
38432,0.011919,172.217.194.0-255,66,226234,17,230510
38433,0.03019,172.31.36.0-255,176,226410,17,230510
38434,0.030222,172.31.36.0-255,1118,227528,17,230510
38435,0.030281,172.31.36.0-255,1514,229042,17,230510
38436,0.030283,172.31.36.0-255,1270,230312,17,230510
38437,0.03175,104.244.42.0-255,66,230378,17,230510
38438,0.031761,104.244.42.0-255,66,230444,17,230510
38439,0.03183,104.244.42.0-255,66,230510,17,230510
38440,0.0,74.125.200.0-255,152,152,17,308380
38441,3.3e-05,172.31.36.0-255,66,218,17,308380
38442,4e-05,74.125.200.0-255,1484,1702,17,308380
38443,4.4e-05,172.31.36.0-255,66,1768,17,308380
38444,4.9e-05,74.125.200.0-255,2902,4670,17,308380
38445,5.2e-05,172.31.36.0-255,66,4736,17,308380
38446,5.6e-05,74.125.200.0-255,2902,7638,17,308380
38447,5.9e-05,172.31.36.0-255,66,7704,17,308380
38448,8.3e-05,74.125.200.0-255,4320,12024,17,308380
38449,8.6e-05,74.125.200.0-255,2046,14070,17,308380
38450,8.9e-05,172.31.36.0-255,66,14136,17,308380
38451,9.4e-05,172.31.36.0-255,66,14202,17,308380
38452,0.000138,74.125.200.0-255,1484,15686,17,308380
38453,0.000141,172.31.36.0-255,66,15752,17,308380
38454,0.000146,74.125.200.0-255,2902,18654,17,308380
38455,0.000148,172.31.36.0-255,66,18720,17,308380
38456,0.000163,74.125.200.0-255,4320,23040,17,308380
38457,0.000166,172.31.36.0-255,66,23106,17,308380
38458,0.000193,74.125.200.0-255,5738,28844,17,308380
38459,0.000196,172.31.36.0-255,66,28910,17,308380
38460,0.000213,74.125.200.0-255,1484,30394,17,308380
38461,0.000215,172.31.36.0-255,66,30460,17,308380
38462,0.000241,74.125.200.0-255,3961,34421,17,308380
38463,0.000244,172.31.36.0-255,66,34487,17,308380
38464,0.00025,74.125.200.0-255,5738,40225,17,308380
38465,0.000252,172.31.36.0-255,66,40291,17,308380
38466,0.000273,74.125.200.0-255,5738,46029,17,308380
38467,0.000277,172.31.36.0-255,66,46095,17,308380
38468,0.000297,74.125.200.0-255,2543,48638,17,308380
38469,0.000301,172.31.36.0-255,66,48704,17,308380
38470,0.000319,74.125.200.0-255,1484,50188,17,308380
38471,0.000322,172.31.36.0-255,66,50254,17,308380
38472,0.000342,74.125.200.0-255,5738,55992,17,308380
38473,0.000345,172.31.36.0-255,66,56058,17,308380
38474,0.000356,172.31.36.0-255,66,56124,17,308380
38475,0.000358,74.125.200.0-255,1125,57249,17,308380
38476,0.000402,74.125.200.0-255,396,57645,17,308380
38477,0.000485,74.125.200.0-255,114,57759,17,308380
38478,0.000489,172.31.36.0-255,66,57825,17,308380
38479,0.000598,74.125.200.0-255,1484,59309,17,308380
38480,0.000618,74.125.200.0-255,2902,62211,17,308380
38481,0.000622,172.31.36.0-255,66,62277,17,308380
38482,0.000626,74.125.200.0-255,1484,63761,17,308380
38483,0.000642,74.125.200.0-255,2902,66663,17,308380
38484,0.000645,172.31.36.0-255,66,66729,17,308380
38485,0.000668,74.125.200.0-255,5738,72467,17,308380
38486,0.000671,172.31.36.0-255,66,72533,17,308380
38487,0.000677,74.125.200.0-255,3961,76494,17,308380
38488,0.000678,172.31.36.0-255,66,76560,17,308380
38489,0.000683,74.125.200.0-255,4320,80880,17,308380
38490,0.000685,172.31.36.0-255,66,80946,17,308380
38491,0.000712,74.125.200.0-255,5738,86684,17,308380
38492,0.000715,172.31.36.0-255,66,86750,17,308380
38493,0.000735,74.125.200.0-255,4320,91070,17,308380
38494,0.000737,172.31.36.0-255,66,91136,17,308380
38495,0.00074,74.125.200.0-255,1125,92261,17,308380
38496,0.000764,74.125.200.0-255,331,92592,17,308380
38497,0.000918,74.125.200.0-255,1484,94076,17,308380
38498,0.000922,172.31.36.0-255,66,94142,17,308380
38499,0.000927,74.125.200.0-255,2902,97044,17,308380
38500,0.000929,172.31.36.0-255,66,97110,17,308380
38501,0.000952,74.125.200.0-255,2902,100012,17,308380
38502,0.000956,172.31.36.0-255,66,100078,17,308380
38503,0.000976,74.125.200.0-255,2902,102980,17,308380
38504,0.000978,172.31.36.0-255,66,103046,17,308380
38505,0.000983,74.125.200.0-255,2902,105948,17,308380
38506,0.000985,172.31.36.0-255,66,106014,17,308380
38507,0.001013,172.31.36.0-255,66,106080,17,308380
38508,0.001026,172.31.36.0-255,66,106146,17,308380
38509,0.001357,74.125.200.0-255,1484,107630,17,308380
38510,0.001362,74.125.200.0-255,2902,110532,17,308380
38511,0.001365,172.31.36.0-255,66,110598,17,308380
38512,0.001379,74.125.200.0-255,2902,113500,17,308380
38513,0.001383,172.31.36.0-255,66,113566,17,308380
38514,0.001392,74.125.200.0-255,1484,115050,17,308380
38515,0.001423,74.125.200.0-255,5738,120788,17,308380
38516,0.001426,172.31.36.0-255,66,120854,17,308380
38517,0.001432,74.125.200.0-255,4320,125174,17,308380
38518,0.001434,172.31.36.0-255,66,125240,17,308380
38519,0.001451,74.125.200.0-255,2902,128142,17,308380
38520,0.001454,172.31.36.0-255,66,128208,17,308380
38521,0.001465,172.31.36.0-255,66,128274,17,308380
38522,0.001481,74.125.200.0-255,1484,129758,17,308380
38523,0.001494,74.125.200.0-255,2184,131942,17,308380
38524,0.001497,172.31.36.0-255,66,132008,17,308380
38525,0.001548,74.125.200.0-255,1484,133492,17,308380
38526,0.001564,74.125.200.0-255,2902,136394,17,308380
38527,0.001567,172.31.36.0-255,66,136460,17,308380
38528,0.001571,74.125.200.0-255,1484,137944,17,308380
38529,0.001605,74.125.200.0-255,2902,140846,17,308380
38530,0.001609,74.125.200.0-255,2902,143748,17,308380
38531,0.001609,172.31.36.0-255,66,143814,17,308380
38532,0.001613,172.31.36.0-255,66,143880,17,308380
38533,0.001631,74.125.200.0-255,2902,146782,17,308380
38534,0.001634,172.31.36.0-255,66,146848,17,308380
38535,0.001638,74.125.200.0-255,2902,149750,17,308380
38536,0.00164,172.31.36.0-255,66,149816,17,308380
38537,0.001668,74.125.200.0-255,5738,155554,17,308380
38538,0.001673,172.31.36.0-255,66,155620,17,308380
38539,0.001678,172.31.36.0-255,66,155686,17,308380
38540,0.001681,74.125.200.0-255,766,156452,17,308380
38541,0.00171,74.125.200.0-255,1484,157936,17,308380
38542,0.001713,172.31.36.0-255,66,158002,17,308380
38543,0.001739,74.125.200.0-255,4320,162322,17,308380
38544,0.001742,74.125.200.0-255,1484,163806,17,308380
38545,0.001744,172.31.36.0-255,66,163872,17,308380
38546,0.001762,74.125.200.0-255,7156,171028,17,308380
38547,0.001765,172.31.36.0-255,66,171094,17,308380
38548,0.001807,172.31.36.0-255,66,171160,17,308380
38549,0.001838,74.125.200.0-255,3602,174762,17,308380
38550,0.001842,172.31.36.0-255,66,174828,17,308380
38551,0.001907,74.125.200.0-255,1484,176312,17,308380
38552,0.001919,74.125.200.0-255,2902,179214,17,308380
38553,0.001922,172.31.36.0-255,66,179280,17,308380
38554,0.001939,74.125.200.0-255,4320,183600,17,308380
38555,0.001941,172.31.36.0-255,66,183666,17,308380
38556,0.00195,74.125.200.0-255,4320,187986,17,308380
38557,0.001953,172.31.36.0-255,66,188052,17,308380
38558,0.001968,74.125.200.0-255,1484,189536,17,308380
38559,0.001971,74.125.200.0-255,1484,191020,17,308380
38560,0.001974,172.31.36.0-255,66,191086,17,308380
38561,0.002015,172.31.36.0-255,66,191152,17,308380
38562,0.00202,74.125.200.0-255,5738,196890,17,308380
38563,0.002022,172.31.36.0-255,66,196956,17,308380
38564,0.002041,74.125.200.0-255,2184,199140,17,308380
38565,0.002044,172.31.36.0-255,66,199206,17,308380
38566,0.002107,74.125.200.0-255,1484,200690,17,308380
38567,0.00212,74.125.200.0-255,2902,203592,17,308380
38568,0.002123,172.31.36.0-255,66,203658,17,308380
38569,0.002144,74.125.200.0-255,4320,207978,17,308380
38570,0.002147,172.31.36.0-255,66,208044,17,308380
38571,0.002152,74.125.200.0-255,5738,213782,17,308380
38572,0.002154,172.31.36.0-255,66,213848,17,308380
38573,0.002168,74.125.200.0-255,1484,215332,17,308380
38574,0.002201,172.31.36.0-255,66,215398,17,308380
38575,0.002205,74.125.200.0-255,2902,218300,17,308380
38576,0.002206,172.31.36.0-255,66,218366,17,308380
38577,0.002211,74.125.200.0-255,4320,222686,17,308380
38578,0.002212,172.31.36.0-255,66,222752,17,308380
38579,0.002233,74.125.200.0-255,766,223518,17,308380
38580,0.002292,74.125.200.0-255,1484,225002,17,308380
38581,0.002295,172.31.36.0-255,66,225068,17,308380
38582,0.0023,74.125.200.0-255,2902,227970,17,308380
38583,0.002302,172.31.36.0-255,66,228036,17,308380
38584,0.002318,74.125.200.0-255,5738,233774,17,308380
38585,0.002321,172.31.36.0-255,66,233840,17,308380
38586,0.002388,172.31.36.0-255,66,233906,17,308380
38587,0.00241,74.125.200.0-255,2902,236808,17,308380
38588,0.002412,172.31.36.0-255,66,236874,17,308380
38589,0.002425,172.31.36.0-255,66,236940,17,308380
38590,0.002429,74.125.200.0-255,4320,241260,17,308380
38591,0.002431,172.31.36.0-255,66,241326,17,308380
38592,0.002437,74.125.200.0-255,5738,247064,17,308380
38593,0.002439,172.31.36.0-255,66,247130,17,308380
38594,0.002466,172.31.36.0-255,66,247196,17,308380
38595,0.002472,74.125.200.0-255,5738,252934,17,308380
38596,0.002473,172.31.36.0-255,66,253000,17,308380
38597,0.002496,74.125.200.0-255,4320,257320,17,308380
38598,0.002498,172.31.36.0-255,66,257386,17,308380
38599,0.002502,74.125.200.0-255,2184,259570,17,308380
38600,0.002504,172.31.36.0-255,66,259636,17,308380
38601,0.002523,74.125.200.0-255,2902,262538,17,308380
38602,0.002526,172.31.36.0-255,66,262604,17,308380
38603,0.002543,74.125.200.0-255,7156,269760,17,308380
38604,0.002546,172.31.36.0-255,66,269826,17,308380
38605,0.002551,74.125.200.0-255,4320,274146,17,308380
38606,0.002553,172.31.36.0-255,66,274212,17,308380
38607,0.002579,74.125.200.0-255,5738,279950,17,308380
38608,0.002582,74.125.200.0-255,1484,281434,17,308380
38609,0.002589,172.31.36.0-255,66,281500,17,308380
38610,0.00513,74.125.200.0-255,5738,287238,17,308380
38611,0.005137,172.31.36.0-255,66,287304,17,308380
38612,0.007673,74.125.200.0-255,5738,293042,17,308380
38613,0.007677,172.31.36.0-255,66,293108,17,308380
38614,0.010227,74.125.200.0-255,5738,298846,17,308380
38615,0.010236,172.31.36.0-255,66,298912,17,308380
38616,0.012775,74.125.200.0-255,4957,303869,17,308380
38617,0.012785,172.31.36.0-255,66,303935,17,308380
38618,0.017585,172.31.36.0-255,105,304040,17,308380
38619,0.020088,74.125.200.0-255,66,304106,17,308380
38620,0.033599,172.31.36.0-255,172,304278,17,308380
38621,0.033632,172.31.36.0-255,1115,305393,17,308380
38622,0.033661,172.31.36.0-255,1514,306907,17,308380
38623,0.033662,172.31.36.0-255,1275,308182,17,308380
38624,0.035122,104.244.42.0-255,66,308248,17,308380
38625,0.035187,104.244.42.0-255,66,308314,17,308380
38626,0.035189,104.244.42.0-255,66,308380,17,308380
38627,0.0,74.125.24.0-255,153,153,17,332947
38628,2.3e-05,172.31.36.0-255,66,219,17,332947
38629,2.9e-05,74.125.24.0-255,1484,1703,17,332947
38630,3.3e-05,172.31.36.0-255,66,1769,17,332947
38631,3.9e-05,74.125.24.0-255,2902,4671,17,332947
38632,5e-05,172.31.36.0-255,66,4737,17,332947
38633,5.7e-05,74.125.24.0-255,7156,11893,17,332947
38634,5.9e-05,172.31.36.0-255,66,11959,17,332947
38635,6.3e-05,74.125.24.0-255,2101,14060,17,332947
38636,6.6e-05,172.31.36.0-255,66,14126,17,332947
38637,0.000116,74.125.24.0-255,5738,19864,17,332947
38638,0.000119,172.31.36.0-255,66,19930,17,332947
38639,0.000155,74.125.24.0-255,7156,27086,17,332947
38640,0.00017,172.31.36.0-255,66,27152,17,332947
38641,0.000175,74.125.24.0-255,3961,31113,17,332947
38642,0.000177,172.31.36.0-255,66,31179,17,332947
38643,0.000266,74.125.24.0-255,1484,32663,17,332947
38644,0.00027,172.31.36.0-255,66,32729,17,332947
38645,0.000275,74.125.24.0-255,2902,35631,17,332947
38646,0.000277,172.31.36.0-255,66,35697,17,332947
38647,0.000282,74.125.24.0-255,4320,40017,17,332947
38648,0.000284,172.31.36.0-255,66,40083,17,332947
38649,0.000311,74.125.24.0-255,1484,41567,17,332947
38650,0.000313,172.31.36.0-255,66,41633,17,332947
38651,0.000324,74.125.24.0-255,6797,48430,17,332947
38652,0.000327,172.31.36.0-255,66,48496,17,332947
38653,0.000374,172.31.36.0-255,66,48562,17,332947
38654,0.000377,74.125.24.0-255,2819,51381,17,332947
38655,0.000379,172.31.36.0-255,66,51447,17,332947
38656,0.000383,74.125.24.0-255,132,51579,17,332947
38657,0.000385,172.31.36.0-255,66,51645,17,332947
38658,0.000392,74.125.24.0-255,343,51988,17,332947
38659,0.000655,74.125.24.0-255,1484,53472,17,332947
38660,0.00066,172.31.36.0-255,66,53538,17,332947
38661,0.000666,74.125.24.0-255,2902,56440,17,332947
38662,0.000669,172.31.36.0-255,66,56506,17,332947
38663,0.000695,74.125.24.0-255,5738,62244,17,332947
38664,0.000699,172.31.36.0-255,66,62310,17,332947
38665,0.000732,74.125.24.0-255,7156,69466,17,332947
38666,0.000736,172.31.36.0-255,66,69532,17,332947
38667,0.000742,74.125.24.0-255,5738,75270,17,332947
38668,0.000744,172.31.36.0-255,66,75336,17,332947
38669,0.000781,172.31.36.0-255,66,75402,17,332947
38670,0.000785,74.125.24.0-255,2184,77586,17,332947
38671,0.000788,172.31.36.0-255,66,77652,17,332947
38672,0.001091,74.125.24.0-255,1484,79136,17,332947
38673,0.001107,74.125.24.0-255,2902,82038,17,332947
38674,0.00111,172.31.36.0-255,66,82104,17,332947
38675,0.001116,74.125.24.0-255,4320,86424,17,332947
38676,0.001118,172.31.36.0-255,66,86490,17,332947
38677,0.001138,74.125.24.0-255,1484,87974,17,332947
38678,0.001141,74.125.24.0-255,1484,89458,17,332947
38679,0.001144,172.31.36.0-255,66,89524,17,332947
38680,0.001184,172.31.36.0-255,66,89590,17,332947
38681,0.001191,74.125.24.0-255,5738,95328,17,332947
38682,0.001193,172.31.36.0-255,66,95394,17,332947
38683,0.001211,74.125.24.0-255,1484,96878,17,332947
38684,0.00123,74.125.24.0-255,3602,100480,17,332947
38685,0.001233,172.31.36.0-255,66,100546,17,332947
38686,0.001418,74.125.24.0-255,1484,102030,17,332947
38687,0.00143,74.125.24.0-255,2902,104932,17,332947
38688,0.001433,172.31.36.0-255,66,104998,17,332947
38689,0.001455,74.125.24.0-255,5738,110736,17,332947
38690,0.001458,172.31.36.0-255,66,110802,17,332947
38691,0.001487,74.125.24.0-255,7156,117958,17,332947
38692,0.00149,172.31.36.0-255,66,118024,17,332947
38693,0.001493,74.125.24.0-255,1484,119508,17,332947
38694,0.001527,172.31.36.0-255,66,119574,17,332947
38695,0.001531,74.125.24.0-255,2184,121758,17,332947
38696,0.001533,172.31.36.0-255,66,121824,17,332947
38697,0.001613,74.125.24.0-255,1484,123308,17,332947
38698,0.001639,74.125.24.0-255,2902,126210,17,332947
38699,0.001644,74.125.24.0-255,5738,131948,17,332947
38700,0.001659,172.31.36.0-255,66,132014,17,332947
38701,0.001662,172.31.36.0-255,66,132080,17,332947
38702,0.001671,172.31.36.0-255,66,132146,17,332947
38703,0.001707,74.125.24.0-255,4320,136466,17,332947
38704,0.00171,172.31.36.0-255,66,136532,17,332947
38705,0.001717,74.125.24.0-255,5738,142270,17,332947
38706,0.001719,172.31.36.0-255,66,142336,17,332947
38707,0.001728,74.125.24.0-255,5020,147356,17,332947
38708,0.00173,172.31.36.0-255,66,147422,17,332947
38709,0.002436,74.125.24.0-255,1484,148906,17,332947
38710,0.002443,74.125.24.0-255,2902,151808,17,332947
38711,0.002447,172.31.36.0-255,66,151874,17,332947
38712,0.002481,74.125.24.0-255,4320,156194,17,332947
38713,0.002485,172.31.36.0-255,66,156260,17,332947
38714,0.002496,172.31.36.0-255,66,156326,17,332947
38715,0.002518,74.125.24.0-255,1484,157810,17,332947
38716,0.002546,172.31.36.0-255,66,157876,17,332947
38717,0.002574,74.125.24.0-255,766,158642,17,332947
38718,0.002578,74.125.24.0-255,1484,160126,17,332947
38719,0.00258,172.31.36.0-255,66,160192,17,332947
38720,0.002585,74.125.24.0-255,2902,163094,17,332947
38721,0.002587,172.31.36.0-255,66,163160,17,332947
38722,0.002592,74.125.24.0-255,2902,166062,17,332947
38723,0.002599,172.31.36.0-255,66,166128,17,332947
38724,0.002628,74.125.24.0-255,2902,169030,17,332947
38725,0.002631,172.31.36.0-255,66,169096,17,332947
38726,0.002652,172.31.36.0-255,66,169162,17,332947
38727,0.005253,74.125.24.0-255,5738,174900,17,332947
38728,0.005262,172.31.36.0-255,66,174966,17,332947
38729,0.007897,74.125.24.0-255,5738,180704,17,332947
38730,0.007904,172.31.36.0-255,66,180770,17,332947
38731,0.010566,74.125.24.0-255,5738,186508,17,332947
38732,0.010576,172.31.36.0-255,66,186574,17,332947
38733,0.013179,74.125.24.0-255,5738,192312,17,332947
38734,0.013189,172.31.36.0-255,66,192378,17,332947
38735,0.015826,74.125.24.0-255,5738,198116,17,332947
38736,0.015837,172.31.36.0-255,66,198182,17,332947
38737,0.018458,74.125.24.0-255,5738,203920,17,332947
38738,0.018473,172.31.36.0-255,66,203986,17,332947
38739,0.021067,74.125.24.0-255,5738,209724,17,332947
38740,0.021077,172.31.36.0-255,66,209790,17,332947
38741,0.023696,74.125.24.0-255,5738,215528,17,332947
38742,0.023702,172.31.36.0-255,66,215594,17,332947
38743,0.026153,172.31.36.0-255,172,215766,17,332947
38744,0.026187,172.31.36.0-255,1117,216883,17,332947
38745,0.02627,172.31.36.0-255,1514,218397,17,332947
38746,0.026271,172.31.36.0-255,1271,219668,17,332947
38747,0.026323,74.125.24.0-255,5738,225406,17,332947
38748,0.026329,172.31.36.0-255,66,225472,17,332947
38749,0.027702,104.244.42.0-255,66,225538,17,332947
38750,0.027744,104.244.42.0-255,66,225604,17,332947
38751,0.027845,104.244.42.0-255,66,225670,17,332947
38752,0.028424,104.244.42.0-255,108,225778,17,332947
38753,0.028432,172.31.36.0-255,66,225844,17,332947
38754,0.028932,74.125.24.0-255,5738,231582,17,332947
38755,0.028938,172.31.36.0-255,66,231648,17,332947
38756,0.031571,74.125.24.0-255,5738,237386,17,332947
38757,0.031579,172.31.36.0-255,66,237452,17,332947
38758,0.034213,74.125.24.0-255,5738,243190,17,332947
38759,0.034223,172.31.36.0-255,66,243256,17,332947
38760,0.036831,74.125.24.0-255,5738,248994,17,332947
38761,0.03685,172.31.36.0-255,66,249060,17,332947
38762,0.039477,74.125.24.0-255,5738,254798,17,332947
38763,0.039487,172.31.36.0-255,66,254864,17,332947
38764,0.042091,74.125.24.0-255,5738,260602,17,332947
38765,0.042105,172.31.36.0-255,66,260668,17,332947
38766,0.044704,74.125.24.0-255,5738,266406,17,332947
38767,0.04471,172.31.36.0-255,66,266472,17,332947
38768,0.047397,74.125.24.0-255,1484,267956,17,332947
38769,0.047428,74.125.24.0-255,4320,272276,17,332947
38770,0.047433,172.31.36.0-255,66,272342,17,332947
38771,0.050075,74.125.24.0-255,5738,278080,17,332947
38772,0.05008,172.31.36.0-255,66,278146,17,332947
38773,0.052733,74.125.24.0-255,5738,283884,17,332947
38774,0.05274,172.31.36.0-255,66,283950,17,332947
38775,0.055369,74.125.24.0-255,5738,289688,17,332947
38776,0.055375,172.31.36.0-255,66,289754,17,332947
38777,0.057978,74.125.24.0-255,5738,295492,17,332947
38778,0.057985,172.31.36.0-255,66,295558,17,332947
38779,0.060565,74.125.24.0-255,5738,301296,17,332947
38780,0.060571,172.31.36.0-255,66,301362,17,332947
38781,0.063173,74.125.24.0-255,5738,307100,17,332947
38782,0.06318,172.31.36.0-255,66,307166,17,332947
38783,0.065796,74.125.24.0-255,2902,310068,17,332947
38784,0.065802,172.31.36.0-255,66,310134,17,332947
38785,0.065836,74.125.24.0-255,2902,313036,17,332947
38786,0.06584,172.31.36.0-255,66,313102,17,332947
38787,0.068418,74.125.24.0-255,2902,316004,17,332947
38788,0.068424,172.31.36.0-255,66,316070,17,332947
38789,0.068458,74.125.24.0-255,2902,318972,17,332947
38790,0.068462,172.31.36.0-255,66,319038,17,332947
38791,0.071032,74.125.24.0-255,2902,321940,17,332947
38792,0.071038,172.31.36.0-255,66,322006,17,332947
38793,0.07109,74.125.24.0-255,2902,324908,17,332947
38794,0.071093,172.31.36.0-255,66,324974,17,332947
38795,0.07363,74.125.24.0-255,2902,327876,17,332947
38796,0.073635,172.31.36.0-255,66,327942,17,332947
38797,0.073667,74.125.24.0-255,2902,330844,17,332947
38798,0.07367,172.31.36.0-255,66,330910,17,332947
38799,0.076223,74.125.24.0-255,1800,332710,17,332947
38800,0.076229,172.31.36.0-255,66,332776,17,332947
38801,0.076394,172.31.36.0-255,105,332881,17,332947
38802,0.07897,74.125.24.0-255,66,332947,17,332947
38803,0.0,172.253.118.0-255,153,153,17,346465
38804,2.2e-05,172.31.36.0-255,66,219,17,346465
38805,2.9e-05,172.253.118.0-255,1484,1703,17,346465
38806,3.4e-05,172.31.36.0-255,66,1769,17,346465
38807,4e-05,172.253.118.0-255,2902,4671,17,346465
38808,4.3e-05,172.31.36.0-255,66,4737,17,346465
38809,5.1e-05,172.253.118.0-255,7156,11893,17,346465
38810,5.4e-05,172.31.36.0-255,66,11959,17,346465
38811,7.9e-05,172.253.118.0-255,1992,13951,17,346465
38812,8.2e-05,172.31.36.0-255,66,14017,17,346465
38813,0.000339,172.253.118.0-255,1484,15501,17,346465
38814,0.000344,172.31.36.0-255,66,15567,17,346465
38815,0.00035,172.253.118.0-255,2902,18469,17,346465
38816,0.000353,172.31.36.0-255,66,18535,17,346465
38817,0.00036,172.253.118.0-255,5738,24273,17,346465
38818,0.000363,172.31.36.0-255,66,24339,17,346465
38819,0.00037,172.253.118.0-255,5738,30077,17,346465
38820,0.000372,172.31.36.0-255,66,30143,17,346465
38821,0.000396,172.253.118.0-255,1125,31268,17,346465
38822,0.000399,172.31.36.0-255,66,31334,17,346465
38823,0.000452,172.253.118.0-255,1484,32818,17,346465
38824,0.000456,172.31.36.0-255,66,32884,17,346465
38825,0.000459,172.253.118.0-255,1484,34368,17,346465
38826,0.000462,172.31.36.0-255,66,34434,17,346465
38827,0.000468,172.253.118.0-255,4320,38754,17,346465
38828,0.000471,172.31.36.0-255,66,38820,17,346465
38829,0.000516,172.253.118.0-255,2902,41722,17,346465
38830,0.00052,172.31.36.0-255,66,41788,17,346465
38831,0.000537,172.253.118.0-255,6797,48585,17,346465
38832,0.00054,172.31.36.0-255,66,48651,17,346465
38833,0.001205,172.253.118.0-255,1484,50135,17,346465
38834,0.001211,172.31.36.0-255,66,50201,17,346465
38835,0.001221,172.253.118.0-255,2902,53103,17,346465
38836,0.001223,172.31.36.0-255,66,53169,17,346465
38837,0.00123,172.253.118.0-255,5738,58907,17,346465
38838,0.001232,172.31.36.0-255,66,58973,17,346465
38839,0.001252,172.253.118.0-255,2902,61875,17,346465
38840,0.001255,172.31.36.0-255,66,61941,17,346465
38841,0.001276,172.253.118.0-255,3961,65902,17,346465
38842,0.001278,172.31.36.0-255,66,65968,17,346465
38843,0.001371,172.253.118.0-255,1484,67452,17,346465
38844,0.001379,172.253.118.0-255,2902,70354,17,346465
38845,0.001382,172.31.36.0-255,66,70420,17,346465
38846,0.00139,172.253.118.0-255,5738,76158,17,346465
38847,0.001392,172.31.36.0-255,66,76224,17,346465
38848,0.001399,172.253.118.0-255,5738,81962,17,346465
38849,0.001401,172.31.36.0-255,66,82028,17,346465
38850,0.001416,172.253.118.0-255,1125,83153,17,346465
38851,0.001447,172.253.118.0-255,2902,86055,17,346465
38852,0.00145,172.31.36.0-255,66,86121,17,346465
38853,0.001475,172.31.36.0-255,66,86187,17,346465
38854,0.001495,172.253.118.0-255,1484,87671,17,346465
38855,0.001507,172.253.118.0-255,2543,90214,17,346465
38856,0.001509,172.31.36.0-255,66,90280,17,346465
38857,0.001728,172.253.118.0-255,646,90926,17,346465
38858,0.002128,172.253.118.0-255,1484,92410,17,346465
38859,0.002136,172.31.36.0-255,66,92476,17,346465
38860,0.002142,172.253.118.0-255,2902,95378,17,346465
38861,0.002145,172.31.36.0-255,66,95444,17,346465
38862,0.002152,172.253.118.0-255,5738,101182,17,346465
38863,0.002155,172.31.36.0-255,66,101248,17,346465
38864,0.00219,172.31.36.0-255,66,101314,17,346465
38865,0.002202,172.31.36.0-255,66,101380,17,346465
38866,0.002252,172.253.118.0-255,2184,103564,17,346465
38867,0.002254,172.31.36.0-255,66,103630,17,346465
38868,0.004544,172.253.118.0-255,2902,106532,17,346465
38869,0.004549,172.31.36.0-255,66,106598,17,346465
38870,0.004575,172.253.118.0-255,1484,108082,17,346465
38871,0.004588,172.253.118.0-255,1484,109566,17,346465
38872,0.00459,172.31.36.0-255,66,109632,17,346465
38873,0.006878,172.253.118.0-255,2902,112534,17,346465
38874,0.006886,172.31.36.0-255,66,112600,17,346465
38875,0.006921,172.253.118.0-255,2902,115502,17,346465
38876,0.006925,172.31.36.0-255,66,115568,17,346465
38877,0.009271,172.253.118.0-255,2902,118470,17,346465
38878,0.00929,172.31.36.0-255,66,118536,17,346465
38879,0.009313,172.253.118.0-255,2902,121438,17,346465
38880,0.009316,172.31.36.0-255,66,121504,17,346465
38881,0.011655,172.253.118.0-255,2902,124406,17,346465
38882,0.011674,172.31.36.0-255,66,124472,17,346465
38883,0.011697,172.253.118.0-255,2902,127374,17,346465
38884,0.0117,172.31.36.0-255,66,127440,17,346465
38885,0.014057,172.253.118.0-255,5738,133178,17,346465
38886,0.014076,172.31.36.0-255,66,133244,17,346465
38887,0.016442,172.253.118.0-255,5738,138982,17,346465
38888,0.016456,172.31.36.0-255,66,139048,17,346465
38889,0.018789,172.253.118.0-255,5738,144786,17,346465
38890,0.018804,172.31.36.0-255,66,144852,17,346465
38891,0.021199,172.253.118.0-255,5738,150590,17,346465
38892,0.021212,172.31.36.0-255,66,150656,17,346465
38893,0.023582,172.253.118.0-255,5738,156394,17,346465
38894,0.02359,172.31.36.0-255,66,156460,17,346465
38895,0.026017,172.253.118.0-255,5738,162198,17,346465
38896,0.026025,172.31.36.0-255,66,162264,17,346465
38897,0.028377,172.253.118.0-255,5738,168002,17,346465
38898,0.028385,172.31.36.0-255,66,168068,17,346465
38899,0.030732,172.253.118.0-255,5738,173806,17,346465
38900,0.030744,172.31.36.0-255,66,173872,17,346465
38901,0.032007,172.31.36.0-255,176,174048,17,346465
38902,0.032044,172.31.36.0-255,1116,175164,17,346465
38903,0.032109,172.31.36.0-255,1514,176678,17,346465
38904,0.032111,172.31.36.0-255,1273,177951,17,346465
38905,0.033103,172.253.118.0-255,5738,183689,17,346465
38906,0.033118,172.31.36.0-255,66,183755,17,346465
38907,0.033564,104.244.42.0-255,66,183821,17,346465
38908,0.033759,104.244.42.0-255,66,183887,17,346465
38909,0.033765,104.244.42.0-255,66,183953,17,346465
38910,0.035474,172.253.118.0-255,5738,189691,17,346465
38911,0.035485,172.31.36.0-255,66,189757,17,346465
38912,0.037881,172.253.118.0-255,5738,195495,17,346465
38913,0.037897,172.31.36.0-255,66,195561,17,346465
38914,0.040272,172.253.118.0-255,5738,201299,17,346465
38915,0.040287,172.31.36.0-255,66,201365,17,346465
38916,0.042663,172.253.118.0-255,5738,207103,17,346465
38917,0.042672,172.31.36.0-255,66,207169,17,346465
38918,0.04505,172.253.118.0-255,5738,212907,17,346465
38919,0.045074,172.31.36.0-255,66,212973,17,346465
38920,0.047431,172.253.118.0-255,5738,218711,17,346465
38921,0.047446,172.31.36.0-255,66,218777,17,346465
38922,0.049822,172.253.118.0-255,5738,224515,17,346465
38923,0.04984,172.31.36.0-255,66,224581,17,346465
38924,0.052189,172.253.118.0-255,5738,230319,17,346465
38925,0.052204,172.31.36.0-255,66,230385,17,346465
38926,0.054564,172.253.118.0-255,5738,236123,17,346465
38927,0.054571,172.31.36.0-255,66,236189,17,346465
38928,0.056941,172.253.118.0-255,5738,241927,17,346465
38929,0.056948,172.31.36.0-255,66,241993,17,346465
38930,0.059277,172.253.118.0-255,5738,247731,17,346465
38931,0.059283,172.31.36.0-255,66,247797,17,346465
38932,0.061649,172.253.118.0-255,5738,253535,17,346465
38933,0.061655,172.31.36.0-255,66,253601,17,346465
38934,0.063997,172.253.118.0-255,5738,259339,17,346465
38935,0.064004,172.31.36.0-255,66,259405,17,346465
38936,0.066363,172.253.118.0-255,5738,265143,17,346465
38937,0.06637,172.31.36.0-255,66,265209,17,346465
38938,0.068715,172.253.118.0-255,5738,270947,17,346465
38939,0.068722,172.31.36.0-255,66,271013,17,346465
38940,0.071082,172.253.118.0-255,5738,276751,17,346465
38941,0.071088,172.31.36.0-255,66,276817,17,346465
38942,0.073454,172.253.118.0-255,5738,282555,17,346465
38943,0.073462,172.31.36.0-255,66,282621,17,346465
38944,0.075812,172.253.118.0-255,5738,288359,17,346465
38945,0.07582,172.31.36.0-255,66,288425,17,346465
38946,0.078239,172.253.118.0-255,5738,294163,17,346465
38947,0.078246,172.31.36.0-255,66,294229,17,346465
38948,0.080599,172.253.118.0-255,5738,299967,17,346465
38949,0.080605,172.31.36.0-255,66,300033,17,346465
38950,0.082959,172.253.118.0-255,5738,305771,17,346465
38951,0.082967,172.31.36.0-255,66,305837,17,346465
38952,0.08532,172.253.118.0-255,5738,311575,17,346465
38953,0.085327,172.31.36.0-255,66,311641,17,346465
38954,0.087698,172.253.118.0-255,5738,317379,17,346465
38955,0.087705,172.31.36.0-255,66,317445,17,346465
38956,0.090053,172.253.118.0-255,5738,323183,17,346465
38957,0.090059,172.31.36.0-255,66,323249,17,346465
38958,0.092428,172.253.118.0-255,5738,328987,17,346465
38959,0.092435,172.31.36.0-255,66,329053,17,346465
38960,0.094789,172.253.118.0-255,5738,334791,17,346465
38961,0.094796,172.31.36.0-255,66,334857,17,346465
38962,0.09716,172.253.118.0-255,5738,340595,17,346465
38963,0.097167,172.31.36.0-255,66,340661,17,346465
38964,0.099517,172.253.118.0-255,5738,346399,17,346465
38965,0.099524,172.31.36.0-255,66,346465,17,346465
38966,0.0,172.31.36.0-255,248,248,17,314
38967,0.006175,74.125.130.0-255,66,314,17,314
38968,0.0,74.125.24.0-255,153,153,17,272568
38969,2.8e-05,172.31.36.0-255,66,219,17,272568
38970,3.6e-05,74.125.24.0-255,1484,1703,17,272568
38971,4e-05,172.31.36.0-255,66,1769,17,272568
38972,4.5e-05,74.125.24.0-255,2902,4671,17,272568
38973,4.7e-05,172.31.36.0-255,66,4737,17,272568
38974,6.2e-05,74.125.24.0-255,7156,11893,17,272568
38975,6.5e-05,172.31.36.0-255,66,11959,17,272568
38976,0.000112,172.31.36.0-255,66,12025,17,272568
38977,0.000115,74.125.24.0-255,1484,13509,17,272568
38978,0.000117,172.31.36.0-255,66,13575,17,272568
38979,0.00012,74.125.24.0-255,1125,14700,17,272568
38980,0.000121,172.31.36.0-255,66,14766,17,272568
38981,0.000201,74.125.24.0-255,1484,16250,17,272568
38982,0.000205,172.31.36.0-255,66,16316,17,272568
38983,0.000211,74.125.24.0-255,2902,19218,17,272568
38984,0.000214,172.31.36.0-255,66,19284,17,272568
38985,0.000218,74.125.24.0-255,2902,22186,17,272568
38986,0.000225,172.31.36.0-255,66,22252,17,272568
38987,0.000258,74.125.24.0-255,2902,25154,17,272568
38988,0.000261,172.31.36.0-255,66,25220,17,272568
38989,0.000267,74.125.24.0-255,5738,30958,17,272568
38990,0.00027,172.31.36.0-255,66,31024,17,272568
38991,0.000279,74.125.24.0-255,1125,32149,17,272568
38992,0.000281,172.31.36.0-255,66,32215,17,272568
38993,0.00031,74.125.24.0-255,1484,33699,17,272568
38994,0.000314,74.125.24.0-255,4320,38019,17,272568
38995,0.000315,172.31.36.0-255,66,38085,17,272568
38996,0.00032,172.31.36.0-255,66,38151,17,272568
38997,0.000345,74.125.24.0-255,7156,45307,17,272568
38998,0.000349,172.31.36.0-255,66,45373,17,272568
38999,0.000381,74.125.24.0-255,2902,48275,17,272568
39000,0.000385,172.31.36.0-255,66,48341,17,272568
39001,0.000388,74.125.24.0-255,1422,49763,17,272568
39002,0.000478,74.125.24.0-255,128,49891,17,272568
39003,0.000596,74.125.24.0-255,1484,51375,17,272568
39004,0.0006,172.31.36.0-255,66,51441,17,272568
39005,0.000607,74.125.24.0-255,2902,54343,17,272568
39006,0.000609,172.31.36.0-255,66,54409,17,272568
39007,0.000632,74.125.24.0-255,5738,60147,17,272568
39008,0.000636,172.31.36.0-255,66,60213,17,272568
39009,0.000662,74.125.24.0-255,2902,63115,17,272568
39010,0.000666,172.31.36.0-255,66,63181,17,272568
39011,0.000684,74.125.24.0-255,4243,67424,17,272568
39012,0.000687,172.31.36.0-255,66,67490,17,272568
39013,0.001024,74.125.24.0-255,1484,68974,17,272568
39014,0.001034,74.125.24.0-255,2902,71876,17,272568
39015,0.001038,172.31.36.0-255,66,71942,17,272568
39016,0.001043,74.125.24.0-255,2902,74844,17,272568
39017,0.001046,172.31.36.0-255,66,74910,17,272568
39018,0.001085,74.125.24.0-255,7156,82066,17,272568
39019,0.001089,172.31.36.0-255,66,82132,17,272568
39020,0.001095,74.125.24.0-255,4320,86452,17,272568
39021,0.001097,172.31.36.0-255,66,86518,17,272568
39022,0.00114,172.31.36.0-255,66,86584,17,272568
39023,0.001145,74.125.24.0-255,3602,90186,17,272568
39024,0.001148,172.31.36.0-255,66,90252,17,272568
39025,0.001193,172.31.36.0-255,66,90318,17,272568
39026,0.001223,74.125.24.0-255,3413,93731,17,272568
39027,0.001226,172.31.36.0-255,66,93797,17,272568
39028,0.001229,74.125.24.0-255,1484,95281,17,272568
39029,0.001258,74.125.24.0-255,2902,98183,17,272568
39030,0.001261,172.31.36.0-255,66,98249,17,272568
39031,0.001266,74.125.24.0-255,5738,103987,17,272568
39032,0.001268,172.31.36.0-255,66,104053,17,272568
39033,0.001317,172.31.36.0-255,66,104119,17,272568
39034,0.001357,172.31.36.0-255,66,104185,17,272568
39035,0.001467,74.125.24.0-255,1484,105669,17,272568
39036,0.001474,74.125.24.0-255,2902,108571,17,272568
39037,0.001478,172.31.36.0-255,66,108637,17,272568
39038,0.001482,74.125.24.0-255,1484,110121,17,272568
39039,0.001507,74.125.24.0-255,4320,114441,17,272568
39040,0.001511,172.31.36.0-255,66,114507,17,272568
39041,0.00152,74.125.24.0-255,7156,121663,17,272568
39042,0.001523,172.31.36.0-255,66,121729,17,272568
39043,0.001548,74.125.24.0-255,5738,127467,17,272568
39044,0.001552,172.31.36.0-255,66,127533,17,272568
39045,0.001562,172.31.36.0-255,66,127599,17,272568
39046,0.001586,74.125.24.0-255,766,128365,17,272568
39047,0.00161,74.125.24.0-255,1484,129849,17,272568
39048,0.001614,172.31.36.0-255,66,129915,17,272568
39049,0.001619,74.125.24.0-255,4320,134235,17,272568
39050,0.001621,172.31.36.0-255,66,134301,17,272568
39051,0.001625,74.125.24.0-255,2902,137203,17,272568
39052,0.001632,172.31.36.0-255,66,137269,17,272568
39053,0.001635,74.125.24.0-255,1484,138753,17,272568
39054,0.001669,74.125.24.0-255,7156,145909,17,272568
39055,0.001672,172.31.36.0-255,66,145975,17,272568
39056,0.001718,172.31.36.0-255,66,146041,17,272568
39057,0.001749,74.125.24.0-255,1484,147525,17,272568
39058,0.001763,74.125.24.0-255,2902,150427,17,272568
39059,0.001766,172.31.36.0-255,66,150493,17,272568
39060,0.001771,74.125.24.0-255,4320,154813,17,272568
39061,0.001773,172.31.36.0-255,66,154879,17,272568
39062,0.001797,74.125.24.0-255,1484,156363,17,272568
39063,0.001799,74.125.24.0-255,1484,157847,17,272568
39064,0.001801,172.31.36.0-255,66,157913,17,272568
39065,0.001823,172.31.36.0-255,66,157979,17,272568
39066,0.001848,74.125.24.0-255,2902,160881,17,272568
39067,0.00185,172.31.36.0-255,66,160947,17,272568
39068,0.001887,172.31.36.0-255,66,161013,17,272568
39069,0.001901,172.31.36.0-255,66,161079,17,272568
39070,0.001916,172.31.36.0-255,66,161145,17,272568
39071,0.001942,74.125.24.0-255,1484,162629,17,272568
39072,0.001975,172.31.36.0-255,66,162695,17,272568
39073,0.002014,74.125.24.0-255,1484,164179,17,272568
39074,0.002019,74.125.24.0-255,2902,167081,17,272568
39075,0.002021,172.31.36.0-255,66,167147,17,272568
39076,0.002025,74.125.24.0-255,2902,170049,17,272568
39077,0.002028,172.31.36.0-255,66,170115,17,272568
39078,0.002053,74.125.24.0-255,2902,173017,17,272568
39079,0.002059,74.125.24.0-255,4320,177337,17,272568
39080,0.002062,74.125.24.0-255,4320,181657,17,272568
39081,0.002066,172.31.36.0-255,66,181723,17,272568
39082,0.002069,172.31.36.0-255,66,181789,17,272568
39083,0.002071,172.31.36.0-255,66,181855,17,272568
39084,0.002097,74.125.24.0-255,7156,189011,17,272568
39085,0.002099,172.31.36.0-255,66,189077,17,272568
39086,0.002112,172.31.36.0-255,66,189143,17,272568
39087,0.002245,74.125.24.0-255,1484,190627,17,272568
39088,0.002248,74.125.24.0-255,1484,192111,17,272568
39089,0.002253,172.31.36.0-255,66,192177,17,272568
39090,0.002282,74.125.24.0-255,1484,193661,17,272568
39091,0.002288,74.125.24.0-255,5738,199399,17,272568
39092,0.00229,172.31.36.0-255,66,199465,17,272568
39093,0.002293,74.125.24.0-255,1484,200949,17,272568
39094,0.002321,74.125.24.0-255,4320,205269,17,272568
39095,0.002323,172.31.36.0-255,66,205335,17,272568
39096,0.004601,74.125.24.0-255,5738,211073,17,272568
39097,0.004607,172.31.36.0-255,66,211139,17,272568
39098,0.00689,74.125.24.0-255,5738,216877,17,272568
39099,0.006897,172.31.36.0-255,66,216943,17,272568
39100,0.009172,74.125.24.0-255,5738,222681,17,272568
39101,0.009183,172.31.36.0-255,66,222747,17,272568
39102,0.011491,74.125.24.0-255,5738,228485,17,272568
39103,0.0115,172.31.36.0-255,66,228551,17,272568
39104,0.013797,74.125.24.0-255,5738,234289,17,272568
39105,0.013806,172.31.36.0-255,66,234355,17,272568
39106,0.016113,74.125.24.0-255,5738,240093,17,272568
39107,0.016123,172.31.36.0-255,66,240159,17,272568
39108,0.01842,74.125.24.0-255,5738,245897,17,272568
39109,0.018426,172.31.36.0-255,66,245963,17,272568
39110,0.020694,74.125.24.0-255,5738,251701,17,272568
39111,0.020701,172.31.36.0-255,66,251767,17,272568
39112,0.022991,74.125.24.0-255,5738,257505,17,272568
39113,0.022999,172.31.36.0-255,66,257571,17,272568
39114,0.025275,74.125.24.0-255,5738,263309,17,272568
39115,0.025283,172.31.36.0-255,66,263375,17,272568
39116,0.027593,74.125.24.0-255,4680,268055,17,272568
39117,0.027601,172.31.36.0-255,66,268121,17,272568
39118,0.027898,172.31.36.0-255,105,268226,17,272568
39119,0.028195,172.31.36.0-255,176,268402,17,272568
39120,0.028223,172.31.36.0-255,1117,269519,17,272568
39121,0.02826,172.31.36.0-255,1514,271033,17,272568
39122,0.028262,172.31.36.0-255,1271,272304,17,272568
39123,0.029753,104.244.42.0-255,66,272370,17,272568
39124,0.029791,104.244.42.0-255,66,272436,17,272568
39125,0.029847,104.244.42.0-255,66,272502,17,272568
39126,0.030132,74.125.24.0-255,66,272568,17,272568
39127,0.0,74.125.200.0-255,151,151,17,416252
39128,2.5e-05,172.31.36.0-255,66,217,17,416252
39129,3.1e-05,74.125.200.0-255,1484,1701,17,416252
39130,3.5e-05,172.31.36.0-255,66,1767,17,416252
39131,6.1e-05,74.125.200.0-255,2902,4669,17,416252
39132,6.3e-05,172.31.36.0-255,66,4735,17,416252
39133,9.4e-05,74.125.200.0-255,4320,9055,17,416252
39134,9.8e-05,172.31.36.0-255,66,9121,17,416252
39135,0.000126,74.125.200.0-255,4874,13995,17,416252
39136,0.000129,172.31.36.0-255,66,14061,17,416252
39137,0.00021,74.125.200.0-255,1484,15545,17,416252
39138,0.000213,172.31.36.0-255,66,15611,17,416252
39139,0.000237,74.125.200.0-255,2902,18513,17,416252
39140,0.000239,172.31.36.0-255,66,18579,17,416252
39141,0.000265,74.125.200.0-255,5738,24317,17,416252
39142,0.000269,172.31.36.0-255,66,24383,17,416252
39143,0.000272,74.125.200.0-255,1484,25867,17,416252
39144,0.000275,172.31.36.0-255,66,25933,17,416252
39145,0.00028,74.125.200.0-255,2902,28835,17,416252
39146,0.000283,172.31.36.0-255,66,28901,17,416252
39147,0.000315,74.125.200.0-255,2543,31444,17,416252
39148,0.000318,172.31.36.0-255,66,31510,17,416252
39149,0.000322,74.125.200.0-255,1484,32994,17,416252
39150,0.000325,172.31.36.0-255,66,33060,17,416252
39151,0.000345,74.125.200.0-255,1484,34544,17,416252
39152,0.000353,172.31.36.0-255,66,34610,17,416252
39153,0.000368,74.125.200.0-255,4320,38930,17,416252
39154,0.000375,172.31.36.0-255,66,38996,17,416252
39155,0.000401,74.125.200.0-255,2902,41898,17,416252
39156,0.000405,172.31.36.0-255,66,41964,17,416252
39157,0.000409,74.125.200.0-255,2902,44866,17,416252
39158,0.000412,172.31.36.0-255,66,44932,17,416252
39159,0.000418,74.125.200.0-255,3961,48893,17,416252
39160,0.000421,172.31.36.0-255,66,48959,17,416252
39161,0.000483,74.125.200.0-255,1484,50443,17,416252
39162,0.000489,74.125.200.0-255,2902,53345,17,416252
39163,0.000493,172.31.36.0-255,66,53411,17,416252
39164,0.00052,74.125.200.0-255,4320,57731,17,416252
39165,0.000524,172.31.36.0-255,66,57797,17,416252
39166,0.000542,74.125.200.0-255,1484,59281,17,416252
39167,0.000545,74.125.200.0-255,1484,60765,17,416252
39168,0.000547,172.31.36.0-255,66,60831,17,416252
39169,0.000552,74.125.200.0-255,2902,63733,17,416252
39170,0.000554,172.31.36.0-255,66,63799,17,416252
39171,0.000577,74.125.200.0-255,2543,66342,17,416252
39172,0.00058,172.31.36.0-255,66,66408,17,416252
39173,0.000621,74.125.200.0-255,411,66819,17,416252
39174,0.000651,74.125.200.0-255,332,67151,17,416252
39175,0.000813,74.125.200.0-255,1484,68635,17,416252
39176,0.000817,172.31.36.0-255,66,68701,17,416252
39177,0.000823,74.125.200.0-255,2902,71603,17,416252
39178,0.000825,172.31.36.0-255,66,71669,17,416252
39179,0.000859,74.125.200.0-255,5738,77407,17,416252
39180,0.000862,172.31.36.0-255,66,77473,17,416252
39181,0.000865,74.125.200.0-255,1484,78957,17,416252
39182,0.000897,74.125.200.0-255,4320,83277,17,416252
39183,0.0009,172.31.36.0-255,66,83343,17,416252
39184,0.000908,74.125.200.0-255,7156,90499,17,416252
39185,0.00091,172.31.36.0-255,66,90565,17,416252
39186,0.000919,74.125.200.0-255,1484,92049,17,416252
39187,0.000939,74.125.200.0-255,4320,96369,17,416252
39188,0.000942,172.31.36.0-255,66,96435,17,416252
39189,0.000996,74.125.200.0-255,4320,100755,17,416252
39190,0.000999,172.31.36.0-255,66,100821,17,416252
39191,0.001025,74.125.200.0-255,766,101587,17,416252
39192,0.001094,172.31.36.0-255,66,101653,17,416252
39193,0.00114,74.125.200.0-255,1484,103137,17,416252
39194,0.001162,74.125.200.0-255,2902,106039,17,416252
39195,0.001166,172.31.36.0-255,66,106105,17,416252
39196,0.001171,74.125.200.0-255,2902,109007,17,416252
39197,0.001173,172.31.36.0-255,66,109073,17,416252
39198,0.001195,74.125.200.0-255,4320,113393,17,416252
39199,0.001202,172.31.36.0-255,66,113459,17,416252
39200,0.001259,74.125.200.0-255,4320,117779,17,416252
39201,0.001263,172.31.36.0-255,66,117845,17,416252
39202,0.001297,74.125.200.0-255,4320,122165,17,416252
39203,0.0013,172.31.36.0-255,66,122231,17,416252
39204,0.001304,74.125.200.0-255,1484,123715,17,416252
39205,0.001315,172.31.36.0-255,66,123781,17,416252
39206,0.001318,74.125.200.0-255,766,124547,17,416252
39207,0.001454,172.31.36.0-255,66,124613,17,416252
39208,0.001812,74.125.200.0-255,1484,126097,17,416252
39209,0.001823,74.125.200.0-255,2902,128999,17,416252
39210,0.001827,172.31.36.0-255,66,129065,17,416252
39211,0.001831,74.125.200.0-255,1484,130549,17,416252
39212,0.001856,74.125.200.0-255,2902,133451,17,416252
39213,0.001859,172.31.36.0-255,66,133517,17,416252
39214,0.001863,74.125.200.0-255,1484,135001,17,416252
39215,0.001888,74.125.200.0-255,4320,139321,17,416252
39216,0.001891,172.31.36.0-255,66,139387,17,416252
39217,0.001898,74.125.200.0-255,4320,143707,17,416252
39218,0.0019,172.31.36.0-255,66,143773,17,416252
39219,0.001936,74.125.200.0-255,5738,149511,17,416252
39220,0.001939,172.31.36.0-255,66,149577,17,416252
39221,0.001944,74.125.200.0-255,4320,153897,17,416252
39222,0.001946,172.31.36.0-255,66,153963,17,416252
39223,0.001984,74.125.200.0-255,5020,158983,17,416252
39224,0.001987,172.31.36.0-255,66,159049,17,416252
39225,0.003997,74.125.200.0-255,5738,164787,17,416252
39226,0.004002,172.31.36.0-255,66,164853,17,416252
39227,0.006026,74.125.200.0-255,5738,170591,17,416252
39228,0.006031,172.31.36.0-255,66,170657,17,416252
39229,0.008052,74.125.200.0-255,5738,176395,17,416252
39230,0.008059,172.31.36.0-255,66,176461,17,416252
39231,0.010084,74.125.200.0-255,5738,182199,17,416252
39232,0.010091,172.31.36.0-255,66,182265,17,416252
39233,0.012118,74.125.200.0-255,5738,188003,17,416252
39234,0.012125,172.31.36.0-255,66,188069,17,416252
39235,0.014158,74.125.200.0-255,5738,193807,17,416252
39236,0.014167,172.31.36.0-255,66,193873,17,416252
39237,0.016191,74.125.200.0-255,5738,199611,17,416252
39238,0.016198,172.31.36.0-255,66,199677,17,416252
39239,0.018239,74.125.200.0-255,5738,205415,17,416252
39240,0.018246,172.31.36.0-255,66,205481,17,416252
39241,0.020268,74.125.200.0-255,5738,211219,17,416252
39242,0.020275,172.31.36.0-255,66,211285,17,416252
39243,0.022296,74.125.200.0-255,5738,217023,17,416252
39244,0.022304,172.31.36.0-255,66,217089,17,416252
39245,0.024327,74.125.200.0-255,5738,222827,17,416252
39246,0.024333,172.31.36.0-255,66,222893,17,416252
39247,0.026354,74.125.200.0-255,5738,228631,17,416252
39248,0.026361,172.31.36.0-255,66,228697,17,416252
39249,0.027213,172.31.36.0-255,172,228869,17,416252
39250,0.027242,172.31.36.0-255,1118,229987,17,416252
39251,0.027285,172.31.36.0-255,1514,231501,17,416252
39252,0.027287,172.31.36.0-255,1514,233015,17,416252
39253,0.027292,172.31.36.0-255,1514,234529,17,416252
39254,0.027293,172.31.36.0-255,1052,235581,17,416252
39255,0.028393,74.125.200.0-255,5738,241319,17,416252
39256,0.028401,172.31.36.0-255,66,241385,17,416252
39257,0.028725,104.244.42.0-255,66,241451,17,416252
39258,0.028821,104.244.42.0-255,66,241517,17,416252
39259,0.028825,104.244.42.0-255,66,241583,17,416252
39260,0.028864,104.244.42.0-255,66,241649,17,416252
39261,0.030414,74.125.200.0-255,5738,247387,17,416252
39262,0.03042,172.31.36.0-255,66,247453,17,416252
39263,0.032441,74.125.200.0-255,5738,253191,17,416252
39264,0.032447,172.31.36.0-255,66,253257,17,416252
39265,0.034464,74.125.200.0-255,5738,258995,17,416252
39266,0.03447,172.31.36.0-255,66,259061,17,416252
39267,0.036501,74.125.200.0-255,5738,264799,17,416252
39268,0.036506,172.31.36.0-255,66,264865,17,416252
39269,0.038529,74.125.200.0-255,5738,270603,17,416252
39270,0.038534,172.31.36.0-255,66,270669,17,416252
39271,0.040551,74.125.200.0-255,5738,276407,17,416252
39272,0.040571,172.31.36.0-255,66,276473,17,416252
39273,0.042599,74.125.200.0-255,4320,280793,17,416252
39274,0.042605,172.31.36.0-255,66,280859,17,416252
39275,0.042637,74.125.200.0-255,1484,282343,17,416252
39276,0.044626,74.125.200.0-255,4320,286663,17,416252
39277,0.044632,172.31.36.0-255,66,286729,17,416252
39278,0.046658,74.125.200.0-255,5738,292467,17,416252
39279,0.046663,172.31.36.0-255,66,292533,17,416252
39280,0.048671,74.125.200.0-255,4320,296853,17,416252
39281,0.048677,172.31.36.0-255,66,296919,17,416252
39282,0.048707,74.125.200.0-255,1484,298403,17,416252
39283,0.050733,74.125.200.0-255,4320,302723,17,416252
39284,0.050739,172.31.36.0-255,66,302789,17,416252
39285,0.052757,74.125.200.0-255,5738,308527,17,416252
39286,0.052762,172.31.36.0-255,66,308593,17,416252
39287,0.054784,74.125.200.0-255,5738,314331,17,416252
39288,0.05479,172.31.36.0-255,66,314397,17,416252
39289,0.056807,74.125.200.0-255,5738,320135,17,416252
39290,0.056812,172.31.36.0-255,66,320201,17,416252
39291,0.058826,74.125.200.0-255,5738,325939,17,416252
39292,0.058831,172.31.36.0-255,66,326005,17,416252
39293,0.060858,74.125.200.0-255,5738,331743,17,416252
39294,0.060864,172.31.36.0-255,66,331809,17,416252
39295,0.062881,74.125.200.0-255,5738,337547,17,416252
39296,0.062886,172.31.36.0-255,66,337613,17,416252
39297,0.064918,74.125.200.0-255,5738,343351,17,416252
39298,0.064923,172.31.36.0-255,66,343417,17,416252
39299,0.066943,74.125.200.0-255,4320,347737,17,416252
39300,0.066948,172.31.36.0-255,66,347803,17,416252
39301,0.066982,74.125.200.0-255,1484,349287,17,416252
39302,0.068966,74.125.200.0-255,4320,353607,17,416252
39303,0.068971,172.31.36.0-255,66,353673,17,416252
39304,0.070993,74.125.200.0-255,5738,359411,17,416252
39305,0.070998,172.31.36.0-255,66,359477,17,416252
39306,0.073013,74.125.200.0-255,5738,365215,17,416252
39307,0.073018,172.31.36.0-255,66,365281,17,416252
39308,0.075028,74.125.200.0-255,2902,368183,17,416252
39309,0.075033,172.31.36.0-255,66,368249,17,416252
39310,0.075066,74.125.200.0-255,2902,371151,17,416252
39311,0.075069,172.31.36.0-255,66,371217,17,416252
39312,0.07705,74.125.200.0-255,2902,374119,17,416252
39313,0.077058,172.31.36.0-255,66,374185,17,416252
39314,0.077084,74.125.200.0-255,2902,377087,17,416252
39315,0.077087,172.31.36.0-255,66,377153,17,416252
39316,0.079077,74.125.200.0-255,2902,380055,17,416252
39317,0.079082,172.31.36.0-255,66,380121,17,416252
39318,0.079118,74.125.200.0-255,2902,383023,17,416252
39319,0.079121,172.31.36.0-255,66,383089,17,416252
39320,0.0811,74.125.200.0-255,2902,385991,17,416252
39321,0.081105,172.31.36.0-255,66,386057,17,416252
39322,0.08114,74.125.200.0-255,2902,388959,17,416252
39323,0.081144,172.31.36.0-255,66,389025,17,416252
39324,0.083121,74.125.200.0-255,2902,391927,17,416252
39325,0.083126,172.31.36.0-255,66,391993,17,416252
39326,0.083159,74.125.200.0-255,2902,394895,17,416252
39327,0.083163,172.31.36.0-255,66,394961,17,416252
39328,0.08514,74.125.200.0-255,2902,397863,17,416252
39329,0.085146,172.31.36.0-255,66,397929,17,416252
39330,0.085179,74.125.200.0-255,2902,400831,17,416252
39331,0.085182,172.31.36.0-255,66,400897,17,416252
39332,0.087161,74.125.200.0-255,2902,403799,17,416252
39333,0.087167,172.31.36.0-255,66,403865,17,416252
39334,0.087199,74.125.200.0-255,2902,406767,17,416252
39335,0.087203,172.31.36.0-255,66,406833,17,416252
39336,0.089174,74.125.200.0-255,2902,409735,17,416252
39337,0.089179,172.31.36.0-255,66,409801,17,416252
39338,0.089221,74.125.200.0-255,2902,412703,17,416252
39339,0.089224,172.31.36.0-255,66,412769,17,416252
39340,0.091186,74.125.200.0-255,2902,415671,17,416252
39341,0.091191,172.31.36.0-255,66,415737,17,416252
39342,0.091226,74.125.200.0-255,278,416015,17,416252
39343,0.09136,172.31.36.0-255,66,416081,17,416252
39344,0.091388,172.31.36.0-255,105,416186,17,416252
39345,0.093362,74.125.200.0-255,66,416252,17,416252
39346,0.0,172.217.194.0-255,147,147,17,352462
39347,2.2e-05,172.31.36.0-255,66,213,17,352462
39348,2.9e-05,172.217.194.0-255,1484,1697,17,352462
39349,3.4e-05,172.31.36.0-255,66,1763,17,352462
39350,3.8e-05,172.217.194.0-255,2902,4665,17,352462
39351,4.2e-05,172.31.36.0-255,66,4731,17,352462
39352,4.9e-05,172.217.194.0-255,7156,11887,17,352462
39353,5.2e-05,172.31.36.0-255,66,11953,17,352462
39354,5.7e-05,172.217.194.0-255,3473,15426,17,352462
39355,5.9e-05,172.31.36.0-255,66,15492,17,352462
39356,9.1e-05,172.31.36.0-255,66,15558,17,352462
39357,0.000113,172.217.194.0-255,4320,19878,17,352462
39358,0.000115,172.31.36.0-255,66,19944,17,352462
39359,0.000119,172.217.194.0-255,2543,22487,17,352462
39360,0.000121,172.31.36.0-255,66,22553,17,352462
39361,0.000124,172.217.194.0-255,1484,24037,17,352462
39362,0.000126,172.31.36.0-255,66,24103,17,352462
39363,0.00013,172.217.194.0-255,2902,27005,17,352462
39364,0.000132,172.31.36.0-255,66,27071,17,352462
39365,0.000153,172.217.194.0-255,5738,32809,17,352462
39366,0.000155,172.31.36.0-255,66,32875,17,352462
39367,0.000159,172.217.194.0-255,2902,35777,17,352462
39368,0.000161,172.31.36.0-255,66,35843,17,352462
39369,0.000195,172.31.36.0-255,66,35909,17,352462
39370,0.000205,172.31.36.0-255,66,35975,17,352462
39371,0.000228,172.217.194.0-255,362,36337,17,352462
39372,0.00023,172.31.36.0-255,66,36403,17,352462
39373,0.000249,172.217.194.0-255,380,36783,17,352462
39374,0.000251,172.31.36.0-255,66,36849,17,352462
39375,0.000451,172.217.194.0-255,1484,38333,17,352462
39376,0.000458,172.217.194.0-255,2902,41235,17,352462
39377,0.000462,172.31.36.0-255,66,41301,17,352462
39378,0.000466,172.217.194.0-255,2902,44203,17,352462
39379,0.000469,172.31.36.0-255,66,44269,17,352462
39380,0.000484,172.217.194.0-255,2902,47171,17,352462
39381,0.000487,172.31.36.0-255,66,47237,17,352462
39382,0.000493,172.217.194.0-255,7156,54393,17,352462
39383,0.000495,172.31.36.0-255,66,54459,17,352462
39384,0.000532,172.31.36.0-255,66,54525,17,352462
39385,0.000543,172.217.194.0-255,1484,56009,17,352462
39386,0.000547,172.217.194.0-255,2184,58193,17,352462
39387,0.000549,172.31.36.0-255,66,58259,17,352462
39388,0.000634,172.217.194.0-255,1484,59743,17,352462
39389,0.00064,172.217.194.0-255,2902,62645,17,352462
39390,0.000643,172.31.36.0-255,66,62711,17,352462
39391,0.000663,172.217.194.0-255,5738,68449,17,352462
39392,0.000666,172.31.36.0-255,66,68515,17,352462
39393,0.000671,172.217.194.0-255,4320,72835,17,352462
39394,0.000673,172.31.36.0-255,66,72901,17,352462
39395,0.000704,172.31.36.0-255,66,72967,17,352462
39396,0.000717,172.31.36.0-255,66,73033,17,352462
39397,0.001507,172.217.194.0-255,1484,74517,17,352462
39398,0.001512,172.217.194.0-255,1484,76001,17,352462
39399,0.001516,172.31.36.0-255,66,76067,17,352462
39400,0.001536,172.217.194.0-255,1484,77551,17,352462
39401,0.001543,172.217.194.0-255,5738,83289,17,352462
39402,0.001546,172.31.36.0-255,66,83355,17,352462
39403,0.001568,172.217.194.0-255,5738,89093,17,352462
39404,0.00157,172.31.36.0-255,66,89159,17,352462
39405,0.001585,172.217.194.0-255,4320,93479,17,352462
39406,0.001608,172.217.194.0-255,4320,97799,17,352462
39407,0.001612,172.31.36.0-255,66,97865,17,352462
39408,0.001616,172.31.36.0-255,66,97931,17,352462
39409,0.001639,172.217.194.0-255,7156,105087,17,352462
39410,0.001642,172.31.36.0-255,66,105153,17,352462
39411,0.001646,172.217.194.0-255,2184,107337,17,352462
39412,0.001648,172.31.36.0-255,66,107403,17,352462
39413,0.001652,172.217.194.0-255,1484,108887,17,352462
39414,0.001656,172.217.194.0-255,2902,111789,17,352462
39415,0.001658,172.31.36.0-255,66,111855,17,352462
39416,0.001687,172.217.194.0-255,5738,117593,17,352462
39417,0.00169,172.31.36.0-255,66,117659,17,352462
39418,0.001712,172.217.194.0-255,7156,124815,17,352462
39419,0.001714,172.31.36.0-255,66,124881,17,352462
39420,0.00173,172.217.194.0-255,5738,130619,17,352462
39421,0.001733,172.217.194.0-255,1484,132103,17,352462
39422,0.001736,172.31.36.0-255,66,132169,17,352462
39423,0.001754,172.217.194.0-255,1484,133653,17,352462
39424,0.001757,172.31.36.0-255,66,133719,17,352462
39425,0.001778,172.31.36.0-255,66,133785,17,352462
39426,0.003881,172.217.194.0-255,5738,139523,17,352462
39427,0.003891,172.31.36.0-255,66,139589,17,352462
39428,0.005941,172.217.194.0-255,2902,142491,17,352462
39429,0.005945,172.31.36.0-255,66,142557,17,352462
39430,0.005965,172.217.194.0-255,2902,145459,17,352462
39431,0.005968,172.31.36.0-255,66,145525,17,352462
39432,0.007994,172.217.194.0-255,2902,148427,17,352462
39433,0.008003,172.31.36.0-255,66,148493,17,352462
39434,0.008037,172.217.194.0-255,2902,151395,17,352462
39435,0.00804,172.31.36.0-255,66,151461,17,352462
39436,0.01008,172.217.194.0-255,5738,157199,17,352462
39437,0.010095,172.31.36.0-255,66,157265,17,352462
39438,0.012183,172.217.194.0-255,5738,163003,17,352462
39439,0.012194,172.31.36.0-255,66,163069,17,352462
39440,0.014268,172.217.194.0-255,5738,168807,17,352462
39441,0.014281,172.31.36.0-255,66,168873,17,352462
39442,0.016344,172.217.194.0-255,5738,174611,17,352462
39443,0.016359,172.31.36.0-255,66,174677,17,352462
39444,0.018459,172.217.194.0-255,5738,180415,17,352462
39445,0.018474,172.31.36.0-255,66,180481,17,352462
39446,0.020581,172.217.194.0-255,5738,186219,17,352462
39447,0.020592,172.31.36.0-255,66,186285,17,352462
39448,0.022667,172.217.194.0-255,5738,192023,17,352462
39449,0.022682,172.31.36.0-255,66,192089,17,352462
39450,0.024765,172.217.194.0-255,5738,197827,17,352462
39451,0.024779,172.31.36.0-255,66,197893,17,352462
39452,0.026895,172.217.194.0-255,5738,203631,17,352462
39453,0.026912,172.31.36.0-255,66,203697,17,352462
39454,0.029022,172.217.194.0-255,5738,209435,17,352462
39455,0.029036,172.31.36.0-255,66,209501,17,352462
39456,0.031149,172.217.194.0-255,5738,215239,17,352462
39457,0.03116,172.31.36.0-255,66,215305,17,352462
39458,0.031347,172.31.36.0-255,176,215481,17,352462
39459,0.031377,172.31.36.0-255,1118,216599,17,352462
39460,0.031502,172.31.36.0-255,1514,218113,17,352462
39461,0.031505,172.31.36.0-255,1270,219383,17,352462
39462,0.03291,104.244.42.0-255,66,219449,17,352462
39463,0.032945,104.244.42.0-255,66,219515,17,352462
39464,0.033046,104.244.42.0-255,66,219581,17,352462
39465,0.033252,172.217.194.0-255,5738,225319,17,352462
39466,0.033261,172.31.36.0-255,66,225385,17,352462
39467,0.035347,172.217.194.0-255,5738,231123,17,352462
39468,0.035355,172.31.36.0-255,66,231189,17,352462
39469,0.03747,172.217.194.0-255,5738,236927,17,352462
39470,0.037478,172.31.36.0-255,66,236993,17,352462
39471,0.039548,172.217.194.0-255,5738,242731,17,352462
39472,0.039565,172.31.36.0-255,66,242797,17,352462
39473,0.041651,172.217.194.0-255,5738,248535,17,352462
39474,0.04166,172.31.36.0-255,66,248601,17,352462
39475,0.043736,172.217.194.0-255,5738,254339,17,352462
39476,0.043744,172.31.36.0-255,66,254405,17,352462
39477,0.045803,172.217.194.0-255,5738,260143,17,352462
39478,0.04581,172.31.36.0-255,66,260209,17,352462
39479,0.04788,172.217.194.0-255,5738,265947,17,352462
39480,0.047887,172.31.36.0-255,66,266013,17,352462
39481,0.049977,172.217.194.0-255,5738,271751,17,352462
39482,0.049985,172.31.36.0-255,66,271817,17,352462
39483,0.052053,172.217.194.0-255,5738,277555,17,352462
39484,0.052065,172.31.36.0-255,66,277621,17,352462
39485,0.054158,172.217.194.0-255,5738,283359,17,352462
39486,0.054169,172.31.36.0-255,66,283425,17,352462
39487,0.056252,172.217.194.0-255,5738,289163,17,352462
39488,0.056261,172.31.36.0-255,66,289229,17,352462
39489,0.058318,172.217.194.0-255,5738,294967,17,352462
39490,0.058327,172.31.36.0-255,66,295033,17,352462
39491,0.060432,172.217.194.0-255,5738,300771,17,352462
39492,0.060449,172.31.36.0-255,66,300837,17,352462
39493,0.062564,172.217.194.0-255,5738,306575,17,352462
39494,0.062583,172.31.36.0-255,66,306641,17,352462
39495,0.064686,172.217.194.0-255,5738,312379,17,352462
39496,0.064704,172.31.36.0-255,66,312445,17,352462
39497,0.066779,172.217.194.0-255,5738,318183,17,352462
39498,0.066799,172.31.36.0-255,66,318249,17,352462
39499,0.068901,172.217.194.0-255,5738,323987,17,352462
39500,0.068919,172.31.36.0-255,66,324053,17,352462
39501,0.07101,172.217.194.0-255,5738,329791,17,352462
39502,0.071025,172.31.36.0-255,66,329857,17,352462
39503,0.073145,172.217.194.0-255,5738,335595,17,352462
39504,0.073161,172.31.36.0-255,66,335661,17,352462
39505,0.075295,172.217.194.0-255,5738,341399,17,352462
39506,0.075312,172.31.36.0-255,66,341465,17,352462
39507,0.077418,172.217.194.0-255,5738,347203,17,352462
39508,0.077434,172.31.36.0-255,66,347269,17,352462
39509,0.079537,172.217.194.0-255,4956,352225,17,352462
39510,0.079553,172.31.36.0-255,66,352291,17,352462
39511,0.07983,172.31.36.0-255,105,352396,17,352462
39512,0.081879,172.217.194.0-255,66,352462,17,352462
39513,0.0,74.125.68.0-255,167,167,17,392649
39514,2.3e-05,172.31.36.0-255,66,233,17,392649
39515,3e-05,74.125.68.0-255,1484,1717,17,392649
39516,3.4e-05,172.31.36.0-255,66,1783,17,392649
39517,3.7e-05,74.125.68.0-255,1484,3267,17,392649
39518,4.8e-05,172.31.36.0-255,66,3333,17,392649
39519,5.2e-05,74.125.68.0-255,1484,4817,17,392649
39520,5.4e-05,172.31.36.0-255,66,4883,17,392649
39521,7.6e-05,74.125.68.0-255,1484,6367,17,392649
39522,8.3e-05,172.31.36.0-255,66,6433,17,392649
39523,9.2e-05,74.125.68.0-255,5738,12171,17,392649
39524,9.5e-05,172.31.36.0-255,66,12237,17,392649
39525,0.00012,74.125.68.0-255,1484,13721,17,392649
39526,0.000122,172.31.36.0-255,66,13787,17,392649
39527,0.000159,74.125.68.0-255,4776,18563,17,392649
39528,0.000162,172.31.36.0-255,66,18629,17,392649
39529,0.000166,74.125.68.0-255,2902,21531,17,392649
39530,0.000169,172.31.36.0-255,66,21597,17,392649
39531,0.000174,74.125.68.0-255,4320,25917,17,392649
39532,0.000176,172.31.36.0-255,66,25983,17,392649
39533,0.000213,74.125.68.0-255,5379,31362,17,392649
39534,0.000216,172.31.36.0-255,66,31428,17,392649
39535,0.000428,74.125.68.0-255,1484,32912,17,392649
39536,0.000433,172.31.36.0-255,66,32978,17,392649
39537,0.000439,74.125.68.0-255,2902,35880,17,392649
39538,0.000441,172.31.36.0-255,66,35946,17,392649
39539,0.000483,74.125.68.0-255,2902,38848,17,392649
39540,0.000486,172.31.36.0-255,66,38914,17,392649
39541,0.000503,74.125.68.0-255,1484,40398,17,392649
39542,0.000506,172.31.36.0-255,66,40464,17,392649
39543,0.000511,74.125.68.0-255,2902,43366,17,392649
39544,0.000513,172.31.36.0-255,66,43432,17,392649
39545,0.000545,74.125.68.0-255,4320,47752,17,392649
39546,0.000548,172.31.36.0-255,66,47818,17,392649
39547,0.000553,74.125.68.0-255,2543,50361,17,392649
39548,0.000555,172.31.36.0-255,66,50427,17,392649
39549,0.000586,74.125.68.0-255,2902,53329,17,392649
39550,0.000588,172.31.36.0-255,66,53395,17,392649
39551,0.000593,74.125.68.0-255,2902,56297,17,392649
39552,0.000595,172.31.36.0-255,66,56363,17,392649
39553,0.000625,74.125.68.0-255,4320,60683,17,392649
39554,0.000628,172.31.36.0-255,66,60749,17,392649
39555,0.000654,74.125.68.0-255,4320,65069,17,392649
39556,0.000666,74.125.68.0-255,1431,66500,17,392649
39557,0.000682,74.125.68.0-255,116,66616,17,392649
39558,0.000696,172.31.36.0-255,66,66682,17,392649
39559,0.000794,74.125.68.0-255,1484,68166,17,392649
39560,0.000822,74.125.68.0-255,2902,71068,17,392649
39561,0.000844,172.31.36.0-255,66,71134,17,392649
39562,0.000866,74.125.68.0-255,5738,76872,17,392649
39563,0.000874,74.125.68.0-255,7156,84028,17,392649
39564,0.000893,172.31.36.0-255,66,84094,17,392649
39565,0.000904,74.125.68.0-255,4320,88414,17,392649
39566,0.000909,172.31.36.0-255,66,88480,17,392649
39567,0.000934,74.125.68.0-255,7156,95636,17,392649
39568,0.000947,74.125.68.0-255,1484,97120,17,392649
39569,0.000956,172.31.36.0-255,66,97186,17,392649
39570,0.000974,74.125.68.0-255,3286,100472,17,392649
39571,0.000977,172.31.36.0-255,66,100538,17,392649
39572,0.001026,74.125.68.0-255,4320,104858,17,392649
39573,0.001038,74.125.68.0-255,1484,106342,17,392649
39574,0.001045,74.125.68.0-255,7156,113498,17,392649
39575,0.001047,74.125.68.0-255,1484,114982,17,392649
39576,0.001049,172.31.36.0-255,66,115048,17,392649
39577,0.001055,172.31.36.0-255,66,115114,17,392649
39578,0.001109,74.125.68.0-255,4320,119434,17,392649
39579,0.001124,74.125.68.0-255,3602,123036,17,392649
39580,0.001134,172.31.36.0-255,66,123102,17,392649
39581,0.001928,74.125.68.0-255,1484,124586,17,392649
39582,0.001934,74.125.68.0-255,2902,127488,17,392649
39583,0.001937,172.31.36.0-255,66,127554,17,392649
39584,0.001964,74.125.68.0-255,5738,133292,17,392649
39585,0.001967,172.31.36.0-255,66,133358,17,392649
39586,0.001973,74.125.68.0-255,4320,137678,17,392649
39587,0.001975,172.31.36.0-255,66,137744,17,392649
39588,0.001991,74.125.68.0-255,2902,140646,17,392649
39589,0.001999,172.31.36.0-255,66,140712,17,392649
39590,0.002034,172.31.36.0-255,66,140778,17,392649
39591,0.002064,74.125.68.0-255,3602,144380,17,392649
39592,0.002066,172.31.36.0-255,66,144446,17,392649
39593,0.00209,74.125.68.0-255,4320,148766,17,392649
39594,0.002114,74.125.68.0-255,4320,153086,17,392649
39595,0.002132,74.125.68.0-255,5738,158824,17,392649
39596,0.002135,172.31.36.0-255,66,158890,17,392649
39597,0.002142,172.31.36.0-255,66,158956,17,392649
39598,0.002158,74.125.68.0-255,2902,161858,17,392649
39599,0.002162,172.31.36.0-255,66,161924,17,392649
39600,0.002204,172.31.36.0-255,66,161990,17,392649
39601,0.002213,74.125.68.0-255,2902,164892,17,392649
39602,0.002232,74.125.68.0-255,5020,169912,17,392649
39603,0.002235,172.31.36.0-255,66,169978,17,392649
39604,0.002256,172.31.36.0-255,66,170044,17,392649
39605,0.004491,74.125.68.0-255,5738,175782,17,392649
39606,0.004498,172.31.36.0-255,66,175848,17,392649
39607,0.006736,74.125.68.0-255,5738,181586,17,392649
39608,0.00674,172.31.36.0-255,66,181652,17,392649
39609,0.008994,74.125.68.0-255,5738,187390,17,392649
39610,0.009,172.31.36.0-255,66,187456,17,392649
39611,0.01125,74.125.68.0-255,5738,193194,17,392649
39612,0.011258,172.31.36.0-255,66,193260,17,392649
39613,0.013535,74.125.68.0-255,5738,198998,17,392649
39614,0.013543,172.31.36.0-255,66,199064,17,392649
39615,0.015797,74.125.68.0-255,5738,204802,17,392649
39616,0.015806,172.31.36.0-255,66,204868,17,392649
39617,0.018075,74.125.68.0-255,5738,210606,17,392649
39618,0.018084,172.31.36.0-255,66,210672,17,392649
39619,0.020344,74.125.68.0-255,5738,216410,17,392649
39620,0.020353,172.31.36.0-255,66,216476,17,392649
39621,0.022609,74.125.68.0-255,5738,222214,17,392649
39622,0.022618,172.31.36.0-255,66,222280,17,392649
39623,0.024902,74.125.68.0-255,5738,228018,17,392649
39624,0.024919,172.31.36.0-255,66,228084,17,392649
39625,0.027177,74.125.68.0-255,5738,233822,17,392649
39626,0.027193,172.31.36.0-255,66,233888,17,392649
39627,0.029458,74.125.68.0-255,5738,239626,17,392649
39628,0.029474,172.31.36.0-255,66,239692,17,392649
39629,0.031728,74.125.68.0-255,5738,245430,17,392649
39630,0.031737,172.31.36.0-255,66,245496,17,392649
39631,0.034006,74.125.68.0-255,5738,251234,17,392649
39632,0.03402,172.31.36.0-255,66,251300,17,392649
39633,0.036319,74.125.68.0-255,5738,257038,17,392649
39634,0.036327,172.31.36.0-255,66,257104,17,392649
39635,0.038576,74.125.68.0-255,5738,262842,17,392649
39636,0.038588,172.31.36.0-255,66,262908,17,392649
39637,0.040858,74.125.68.0-255,5738,268646,17,392649
39638,0.040873,172.31.36.0-255,66,268712,17,392649
39639,0.0423,172.31.36.0-255,172,268884,17,392649
39640,0.042329,172.31.36.0-255,1117,270001,17,392649
39641,0.042399,172.31.36.0-255,1514,271515,17,392649
39642,0.042401,172.31.36.0-255,1271,272786,17,392649
39643,0.043122,74.125.68.0-255,5738,278524,17,392649
39644,0.043128,172.31.36.0-255,66,278590,17,392649
39645,0.043864,104.244.42.0-255,66,278656,17,392649
39646,0.0439,104.244.42.0-255,66,278722,17,392649
39647,0.043952,104.244.42.0-255,66,278788,17,392649
39648,0.045382,74.125.68.0-255,5738,284526,17,392649
39649,0.045388,172.31.36.0-255,66,284592,17,392649
39650,0.04763,74.125.68.0-255,5738,290330,17,392649
39651,0.047637,172.31.36.0-255,66,290396,17,392649
39652,0.049884,74.125.68.0-255,5738,296134,17,392649
39653,0.049891,172.31.36.0-255,66,296200,17,392649
39654,0.052141,74.125.68.0-255,5738,301938,17,392649
39655,0.052148,172.31.36.0-255,66,302004,17,392649
39656,0.054404,74.125.68.0-255,5738,307742,17,392649
39657,0.054411,172.31.36.0-255,66,307808,17,392649
39658,0.056661,74.125.68.0-255,5738,313546,17,392649
39659,0.056668,172.31.36.0-255,66,313612,17,392649
39660,0.058933,74.125.68.0-255,5738,319350,17,392649
39661,0.05894,172.31.36.0-255,66,319416,17,392649
39662,0.061207,74.125.68.0-255,5738,325154,17,392649
39663,0.061213,172.31.36.0-255,66,325220,17,392649
39664,0.063474,74.125.68.0-255,5738,330958,17,392649
39665,0.063482,172.31.36.0-255,66,331024,17,392649
39666,0.065745,74.125.68.0-255,5738,336762,17,392649
39667,0.065758,172.31.36.0-255,66,336828,17,392649
39668,0.06802,74.125.68.0-255,5738,342566,17,392649
39669,0.068032,172.31.36.0-255,66,342632,17,392649
39670,0.070294,74.125.68.0-255,5738,348370,17,392649
39671,0.070301,172.31.36.0-255,66,348436,17,392649
39672,0.07258,74.125.68.0-255,5738,354174,17,392649
39673,0.072588,172.31.36.0-255,66,354240,17,392649
39674,0.074852,74.125.68.0-255,5738,359978,17,392649
39675,0.07486,172.31.36.0-255,66,360044,17,392649
39676,0.077117,74.125.68.0-255,5738,365782,17,392649
39677,0.077124,172.31.36.0-255,66,365848,17,392649
39678,0.079393,74.125.68.0-255,5738,371586,17,392649
39679,0.0794,172.31.36.0-255,66,371652,17,392649
39680,0.081663,74.125.68.0-255,5738,377390,17,392649
39681,0.081671,172.31.36.0-255,66,377456,17,392649
39682,0.083925,74.125.68.0-255,5738,383194,17,392649
39683,0.083932,172.31.36.0-255,66,383260,17,392649
39684,0.08619,74.125.68.0-255,5738,388998,17,392649
39685,0.086197,172.31.36.0-255,66,389064,17,392649
39686,0.088439,74.125.68.0-255,3348,392412,17,392649
39687,0.088446,172.31.36.0-255,66,392478,17,392649
39688,0.088654,172.31.36.0-255,105,392583,17,392649
39689,0.090879,74.125.68.0-255,66,392649,17,392649
39690,0.0,74.125.68.0-255,214,214,17,291924
39691,2.7e-05,172.31.36.0-255,66,280,17,291924
39692,3.4e-05,74.125.68.0-255,1484,1764,17,291924
39693,3.8e-05,172.31.36.0-255,66,1830,17,291924
39694,4.4e-05,74.125.68.0-255,4320,6150,17,291924
39695,4.7e-05,172.31.36.0-255,66,6216,17,291924
39696,8e-05,74.125.68.0-255,5738,11954,17,291924
39697,8.3e-05,172.31.36.0-255,66,12020,17,291924
39698,0.000106,74.125.68.0-255,6124,18144,17,291924
39699,0.000109,172.31.36.0-255,66,18210,17,291924
39700,0.000141,74.125.68.0-255,4320,22530,17,291924
39701,0.000144,172.31.36.0-255,66,22596,17,291924
39702,0.00016,74.125.68.0-255,2902,25498,17,291924
39703,0.000163,172.31.36.0-255,66,25564,17,291924
39704,0.000205,74.125.68.0-255,5379,30943,17,291924
39705,0.000209,172.31.36.0-255,66,31009,17,291924
39706,0.000264,74.125.68.0-255,1484,32493,17,291924
39707,0.000267,172.31.36.0-255,66,32559,17,291924
39708,0.000291,74.125.68.0-255,2902,35461,17,291924
39709,0.000293,172.31.36.0-255,66,35527,17,291924
39710,0.000322,74.125.68.0-255,5738,41265,17,291924
39711,0.000326,172.31.36.0-255,66,41331,17,291924
39712,0.000347,74.125.68.0-255,6797,48128,17,291924
39713,0.000351,172.31.36.0-255,66,48194,17,291924
39714,0.000371,74.125.68.0-255,1484,49678,17,291924
39715,0.000374,172.31.36.0-255,66,49744,17,291924
39716,0.000388,74.125.68.0-255,2902,52646,17,291924
39717,0.000391,172.31.36.0-255,66,52712,17,291924
39718,0.000408,74.125.68.0-255,5738,58450,17,291924
39719,0.000411,172.31.36.0-255,66,58516,17,291924
39720,0.000453,74.125.68.0-255,1484,60000,17,291924
39721,0.000456,172.31.36.0-255,66,60066,17,291924
39722,0.000461,74.125.68.0-255,2902,62968,17,291924
39723,0.000463,172.31.36.0-255,66,63034,17,291924
39724,0.000482,74.125.68.0-255,2543,65577,17,291924
39725,0.000484,74.125.68.0-255,364,65941,17,291924
39726,0.000487,172.31.36.0-255,66,66007,17,291924
39727,0.000608,74.125.68.0-255,1484,67491,17,291924
39728,0.000613,172.31.36.0-255,66,67557,17,291924
39729,0.000619,74.125.68.0-255,2902,70459,17,291924
39730,0.00062,172.31.36.0-255,66,70525,17,291924
39731,0.000647,74.125.68.0-255,4320,74845,17,291924
39732,0.00065,172.31.36.0-255,66,74911,17,291924
39733,0.000669,74.125.68.0-255,1484,76395,17,291924
39734,0.000675,74.125.68.0-255,4320,80715,17,291924
39735,0.000677,172.31.36.0-255,66,80781,17,291924
39736,0.000698,74.125.68.0-255,5738,86519,17,291924
39737,0.000701,172.31.36.0-255,66,86585,17,291924
39738,0.000744,74.125.68.0-255,5738,92323,17,291924
39739,0.000748,172.31.36.0-255,66,92389,17,291924
39740,0.000788,74.125.68.0-255,2902,95291,17,291924
39741,0.000793,172.31.36.0-255,66,95357,17,291924
39742,0.000801,74.125.68.0-255,4320,99677,17,291924
39743,0.000803,172.31.36.0-255,66,99743,17,291924
39744,0.000833,74.125.68.0-255,766,100509,17,291924
39745,0.000845,74.125.68.0-255,1799,102308,17,291924
39746,0.000848,172.31.36.0-255,66,102374,17,291924
39747,0.000868,74.125.68.0-255,2902,105276,17,291924
39748,0.000871,172.31.36.0-255,66,105342,17,291924
39749,0.000889,74.125.68.0-255,4320,109662,17,291924
39750,0.000893,172.31.36.0-255,66,109728,17,291924
39751,0.000922,74.125.68.0-255,5738,115466,17,291924
39752,0.000926,172.31.36.0-255,66,115532,17,291924
39753,0.000945,74.125.68.0-255,2902,118434,17,291924
39754,0.000948,172.31.36.0-255,66,118500,17,291924
39755,0.000993,74.125.68.0-255,5738,124238,17,291924
39756,0.000998,172.31.36.0-255,66,124304,17,291924
39757,0.001014,74.125.68.0-255,4320,128624,17,291924
39758,0.001017,172.31.36.0-255,66,128690,17,291924
39759,0.001068,74.125.68.0-255,5738,134428,17,291924
39760,0.001071,172.31.36.0-255,66,134494,17,291924
39761,0.001091,74.125.68.0-255,766,135260,17,291924
39762,0.001139,74.125.68.0-255,5738,140998,17,291924
39763,0.001144,172.31.36.0-255,66,141064,17,291924
39764,0.001161,74.125.68.0-255,4320,145384,17,291924
39765,0.001164,172.31.36.0-255,66,145450,17,291924
39766,0.001185,74.125.68.0-255,2902,148352,17,291924
39767,0.001189,172.31.36.0-255,66,148418,17,291924
39768,0.001206,74.125.68.0-255,1484,149902,17,291924
39769,0.001242,172.31.36.0-255,66,149968,17,291924
39770,0.001297,74.125.68.0-255,1484,151452,17,291924
39771,0.001324,172.31.36.0-255,66,151518,17,291924
39772,0.001376,74.125.68.0-255,4320,155838,17,291924
39773,0.001379,172.31.36.0-255,66,155904,17,291924
39774,0.001428,172.31.36.0-255,66,155970,17,291924
39775,0.001447,74.125.68.0-255,4320,160290,17,291924
39776,0.00145,172.31.36.0-255,66,160356,17,291924
39777,0.001527,74.125.68.0-255,2902,163258,17,291924
39778,0.00153,172.31.36.0-255,66,163324,17,291924
39779,0.001566,172.31.36.0-255,66,163390,17,291924
39780,0.001637,74.125.68.0-255,5738,169128,17,291924
39781,0.001642,172.31.36.0-255,66,169194,17,291924
39782,0.001674,172.31.36.0-255,66,169260,17,291924
39783,0.001738,74.125.68.0-255,1484,170744,17,291924
39784,0.001767,172.31.36.0-255,66,170810,17,291924
39785,0.001834,172.31.36.0-255,66,170876,17,291924
39786,0.001904,74.125.68.0-255,1484,172360,17,291924
39787,0.001922,74.125.68.0-255,1484,173844,17,291924
39788,0.001925,172.31.36.0-255,66,173910,17,291924
39789,0.001944,74.125.68.0-255,2902,176812,17,291924
39790,0.001947,172.31.36.0-255,66,176878,17,291924
39791,0.001974,74.125.68.0-255,5738,182616,17,291924
39792,0.001976,172.31.36.0-255,66,182682,17,291924
39793,0.002007,74.125.68.0-255,4320,187002,17,291924
39794,0.002011,172.31.36.0-255,66,187068,17,291924
39795,0.002027,74.125.68.0-255,2902,189970,17,291924
39796,0.00203,172.31.36.0-255,66,190036,17,291924
39797,0.002043,74.125.68.0-255,2902,192938,17,291924
39798,0.002045,172.31.36.0-255,66,193004,17,291924
39799,0.002077,172.31.36.0-255,66,193070,17,291924
39800,0.002096,74.125.68.0-255,2902,195972,17,291924
39801,0.002098,172.31.36.0-255,66,196038,17,291924
39802,0.002142,74.125.68.0-255,766,196804,17,291924
39803,0.002164,74.125.68.0-255,7156,203960,17,291924
39804,0.002169,172.31.36.0-255,66,204026,17,291924
39805,0.002195,172.31.36.0-255,66,204092,17,291924
39806,0.002286,74.125.68.0-255,4320,208412,17,291924
39807,0.00229,172.31.36.0-255,66,208478,17,291924
39808,0.002315,172.31.36.0-255,66,208544,17,291924
39809,0.002472,172.31.36.0-255,66,208610,17,291924
39810,0.002498,74.125.68.0-255,5738,214348,17,291924
39811,0.002501,172.31.36.0-255,66,214414,17,291924
39812,0.002575,74.125.68.0-255,5738,220152,17,291924
39813,0.00258,172.31.36.0-255,66,220218,17,291924
39814,0.002622,172.31.36.0-255,66,220284,17,291924
39815,0.004862,74.125.68.0-255,5738,226022,17,291924
39816,0.004869,172.31.36.0-255,66,226088,17,291924
39817,0.007157,74.125.68.0-255,5738,231826,17,291924
39818,0.007165,172.31.36.0-255,66,231892,17,291924
39819,0.009408,74.125.68.0-255,5738,237630,17,291924
39820,0.009415,172.31.36.0-255,66,237696,17,291924
39821,0.01166,74.125.68.0-255,5738,243434,17,291924
39822,0.011667,172.31.36.0-255,66,243500,17,291924
39823,0.013914,74.125.68.0-255,5738,249238,17,291924
39824,0.013921,172.31.36.0-255,66,249304,17,291924
39825,0.016174,74.125.68.0-255,5738,255042,17,291924
39826,0.016181,172.31.36.0-255,66,255108,17,291924
39827,0.018429,74.125.68.0-255,5738,260846,17,291924
39828,0.018437,172.31.36.0-255,66,260912,17,291924
39829,0.020697,74.125.68.0-255,5738,266650,17,291924
39830,0.020705,172.31.36.0-255,66,266716,17,291924
39831,0.022949,74.125.68.0-255,5738,272454,17,291924
39832,0.022955,172.31.36.0-255,66,272520,17,291924
39833,0.025197,74.125.68.0-255,5738,278258,17,291924
39834,0.025203,172.31.36.0-255,66,278324,17,291924
39835,0.027448,74.125.68.0-255,5738,284062,17,291924
39836,0.027456,172.31.36.0-255,66,284128,17,291924
39837,0.029708,74.125.68.0-255,2588,286716,17,291924
39838,0.029715,172.31.36.0-255,66,286782,17,291924
39839,0.029873,172.31.36.0-255,105,286887,17,291924
39840,0.029924,172.31.36.0-255,105,286992,17,291924
39841,0.030149,172.31.36.0-255,90,287082,17,291924
39842,0.030158,172.31.36.0-255,66,287148,17,291924
39843,0.032073,74.125.68.0-255,66,287214,17,291924
39844,0.032118,74.125.68.0-255,66,287280,17,291924
39845,0.032343,74.125.68.0-255,66,287346,17,291924
39846,0.032375,74.125.68.0-255,66,287412,17,291924
39847,0.032381,172.31.36.0-255,66,287478,17,291924
39848,0.033918,172.31.36.0-255,172,287650,17,291924
39849,0.033961,172.31.36.0-255,1118,288768,17,291924
39850,0.034032,172.31.36.0-255,1514,290282,17,291924
39851,0.034034,172.31.36.0-255,1270,291552,17,291924
39852,0.035485,104.244.42.0-255,66,291618,17,291924
39853,0.035524,104.244.42.0-255,66,291684,17,291924
39854,0.035574,104.244.42.0-255,66,291750,17,291924
39855,0.036252,104.244.42.0-255,108,291858,17,291924
39856,0.036259,172.31.36.0-255,66,291924,17,291924
39857,0.0,74.125.24.0-255,153,153,17,333419
39858,2.4e-05,172.31.36.0-255,66,219,17,333419
39859,3.1e-05,74.125.24.0-255,1484,1703,17,333419
39860,3.5e-05,172.31.36.0-255,66,1769,17,333419
39861,4e-05,74.125.24.0-255,2902,4671,17,333419
39862,4.3e-05,172.31.36.0-255,66,4737,17,333419
39863,5.1e-05,74.125.24.0-255,7156,11893,17,333419
39864,5.3e-05,172.31.36.0-255,66,11959,17,333419
39865,0.000101,172.31.36.0-255,66,12025,17,333419
39866,0.000128,172.31.36.0-255,66,12091,17,333419
39867,0.000132,74.125.24.0-255,2543,14634,17,333419
39868,0.000135,172.31.36.0-255,66,14700,17,333419
39869,0.00018,74.125.24.0-255,1484,16184,17,333419
39870,0.000183,172.31.36.0-255,66,16250,17,333419
39871,0.000204,74.125.24.0-255,2902,19152,17,333419
39872,0.000206,172.31.36.0-255,66,19218,17,333419
39873,0.000212,74.125.24.0-255,5738,24956,17,333419
39874,0.000215,172.31.36.0-255,66,25022,17,333419
39875,0.000232,74.125.24.0-255,1484,26506,17,333419
39876,0.000235,172.31.36.0-255,66,26572,17,333419
39877,0.000265,172.31.36.0-255,66,26638,17,333419
39878,0.000286,74.125.24.0-255,4320,30958,17,333419
39879,0.000289,172.31.36.0-255,66,31024,17,333419
39880,0.000307,74.125.24.0-255,7066,38090,17,333419
39881,0.000311,172.31.36.0-255,66,38156,17,333419
39882,0.000314,74.125.24.0-255,417,38573,17,333419
39883,0.000318,172.31.36.0-255,66,38639,17,333419
39884,0.000528,74.125.24.0-255,1484,40123,17,333419
39885,0.000532,172.31.36.0-255,66,40189,17,333419
39886,0.000554,74.125.24.0-255,2902,43091,17,333419
39887,0.000561,74.125.24.0-255,5738,48829,17,333419
39888,0.000565,172.31.36.0-255,66,48895,17,333419
39889,0.000579,74.125.24.0-255,5738,54633,17,333419
39890,0.000594,172.31.36.0-255,66,54699,17,333419
39891,0.000596,74.125.24.0-255,7156,61855,17,333419
39892,0.000609,172.31.36.0-255,66,61921,17,333419
39893,0.000616,74.125.24.0-255,4320,66241,17,333419
39894,0.000619,172.31.36.0-255,66,66307,17,333419
39895,0.000635,74.125.24.0-255,2902,69209,17,333419
39896,0.000639,172.31.36.0-255,66,69275,17,333419
39897,0.000666,74.125.24.0-255,3053,72328,17,333419
39898,0.000672,172.31.36.0-255,66,72394,17,333419
39899,0.000682,74.125.24.0-255,1484,73878,17,333419
39900,0.000695,74.125.24.0-255,2902,76780,17,333419
39901,0.000699,172.31.36.0-255,66,76846,17,333419
39902,0.000714,74.125.24.0-255,5738,82584,17,333419
39903,0.000727,172.31.36.0-255,66,82650,17,333419
39904,0.000736,74.125.24.0-255,7156,89806,17,333419
39905,0.00074,172.31.36.0-255,66,89872,17,333419
39906,0.000757,74.125.24.0-255,4320,94192,17,333419
39907,0.000765,172.31.36.0-255,66,94258,17,333419
39908,0.00077,172.31.36.0-255,66,94324,17,333419
39909,0.000785,74.125.24.0-255,1484,95808,17,333419
39910,0.000804,74.125.24.0-255,2184,97992,17,333419
39911,0.000814,172.31.36.0-255,66,98058,17,333419
39912,0.001087,74.125.24.0-255,1484,99542,17,333419
39913,0.001092,74.125.24.0-255,2902,102444,17,333419
39914,0.001096,172.31.36.0-255,66,102510,17,333419
39915,0.001099,74.125.24.0-255,1484,103994,17,333419
39916,0.001116,74.125.24.0-255,4320,108314,17,333419
39917,0.001121,172.31.36.0-255,66,108380,17,333419
39918,0.001128,74.125.24.0-255,1484,109864,17,333419
39919,0.001161,74.125.24.0-255,5738,115602,17,333419
39920,0.001164,172.31.36.0-255,66,115668,17,333419
39921,0.001168,172.31.36.0-255,66,115734,17,333419
39922,0.001207,74.125.24.0-255,5020,120754,17,333419
39923,0.001211,172.31.36.0-255,66,120820,17,333419
39924,0.001305,74.125.24.0-255,1484,122304,17,333419
39925,0.001311,74.125.24.0-255,2902,125206,17,333419
39926,0.001317,172.31.36.0-255,66,125272,17,333419
39927,0.001331,74.125.24.0-255,5738,131010,17,333419
39928,0.001342,172.31.36.0-255,66,131076,17,333419
39929,0.001343,74.125.24.0-255,1484,132560,17,333419
39930,0.001371,172.31.36.0-255,66,132626,17,333419
39931,0.001444,74.125.24.0-255,5738,138364,17,333419
39932,0.001449,172.31.36.0-255,66,138430,17,333419
39933,0.001483,172.31.36.0-255,66,138496,17,333419
39934,0.00151,74.125.24.0-255,1484,139980,17,333419
39935,0.001523,74.125.24.0-255,2902,142882,17,333419
39936,0.001531,172.31.36.0-255,66,142948,17,333419
39937,0.001544,74.125.24.0-255,5738,148686,17,333419
39938,0.001548,74.125.24.0-255,2902,151588,17,333419
39939,0.001561,172.31.36.0-255,66,151654,17,333419
39940,0.001564,74.125.24.0-255,1484,153138,17,333419
39941,0.001569,74.125.24.0-255,4320,157458,17,333419
39942,0.001571,172.31.36.0-255,66,157524,17,333419
39943,0.0016,74.125.24.0-255,7156,164680,17,333419
39944,0.001609,172.31.36.0-255,66,164746,17,333419
39945,0.001614,172.31.36.0-255,66,164812,17,333419
39946,0.001773,74.125.24.0-255,1484,166296,17,333419
39947,0.001778,74.125.24.0-255,2902,169198,17,333419
39948,0.001782,172.31.36.0-255,66,169264,17,333419
39949,0.001785,74.125.24.0-255,1484,170748,17,333419
39950,0.001806,74.125.24.0-255,4320,175068,17,333419
39951,0.001811,74.125.24.0-255,4320,179388,17,333419
39952,0.001813,172.31.36.0-255,66,179454,17,333419
39953,0.001818,172.31.36.0-255,66,179520,17,333419
39954,0.001828,74.125.24.0-255,2902,182422,17,333419
39955,0.001834,172.31.36.0-255,66,182488,17,333419
39956,0.001857,172.31.36.0-255,66,182554,17,333419
39957,0.001868,74.125.24.0-255,4320,186874,17,333419
39958,0.001873,172.31.36.0-255,66,186940,17,333419
39959,0.001881,74.125.24.0-255,3602,190542,17,333419
39960,0.001888,172.31.36.0-255,66,190608,17,333419
39961,0.001917,74.125.24.0-255,1484,192092,17,333419
39962,0.001936,74.125.24.0-255,2902,194994,17,333419
39963,0.001943,74.125.24.0-255,5738,200732,17,333419
39964,0.001942,172.31.36.0-255,66,200798,17,333419
39965,0.001945,74.125.24.0-255,1484,202282,17,333419
39966,0.00195,172.31.36.0-255,66,202348,17,333419
39967,0.001964,74.125.24.0-255,2902,205250,17,333419
39968,0.001977,172.31.36.0-255,66,205316,17,333419
39969,0.00198,74.125.24.0-255,5738,211054,17,333419
39970,0.002,172.31.36.0-255,66,211120,17,333419
39971,0.002002,74.125.24.0-255,5738,216858,17,333419
39972,0.002013,172.31.36.0-255,66,216924,17,333419
39973,0.004071,74.125.24.0-255,5738,222662,17,333419
39974,0.004079,172.31.36.0-255,66,222728,17,333419
39975,0.006159,74.125.24.0-255,4320,227048,17,333419
39976,0.006173,74.125.24.0-255,1484,228532,17,333419
39977,0.00688,172.31.36.0-255,66,228598,17,333419
39978,0.008948,74.125.24.0-255,5738,234336,17,333419
39979,0.008954,172.31.36.0-255,66,234402,17,333419
39980,0.010999,74.125.24.0-255,5738,240140,17,333419
39981,0.011005,172.31.36.0-255,66,240206,17,333419
39982,0.013063,74.125.24.0-255,5738,245944,17,333419
39983,0.013071,172.31.36.0-255,66,246010,17,333419
39984,0.015126,74.125.24.0-255,5738,251748,17,333419
39985,0.015133,172.31.36.0-255,66,251814,17,333419
39986,0.017233,74.125.24.0-255,5738,257552,17,333419
39987,0.017241,172.31.36.0-255,66,257618,17,333419
39988,0.019304,74.125.24.0-255,5738,263356,17,333419
39989,0.019312,172.31.36.0-255,66,263422,17,333419
39990,0.021353,74.125.24.0-255,5738,269160,17,333419
39991,0.021358,172.31.36.0-255,66,269226,17,333419
39992,0.023434,74.125.24.0-255,5738,274964,17,333419
39993,0.02344,172.31.36.0-255,66,275030,17,333419
39994,0.025489,74.125.24.0-255,5738,280768,17,333419
39995,0.025497,172.31.36.0-255,66,280834,17,333419
39996,0.027563,74.125.24.0-255,5738,286572,17,333419
39997,0.02757,172.31.36.0-255,66,286638,17,333419
39998,0.02967,74.125.24.0-255,5738,292376,17,333419
39999,0.029677,172.31.36.0-255,66,292442,17,333419
40000,0.031743,74.125.24.0-255,5738,298180,17,333419
40001,0.03175,172.31.36.0-255,66,298246,17,333419
40002,0.033855,74.125.24.0-255,5738,303984,17,333419
40003,0.033861,172.31.36.0-255,66,304050,17,333419
40004,0.034481,172.31.36.0-255,171,304221,17,333419
40005,0.034509,172.31.36.0-255,1143,305364,17,333419
40006,0.034618,172.31.36.0-255,1514,306878,17,333419
40007,0.03462,172.31.36.0-255,1245,308123,17,333419
40008,0.035916,74.125.24.0-255,5738,313861,17,333419
40009,0.035922,172.31.36.0-255,66,313927,17,333419
40010,0.036067,104.244.42.0-255,66,313993,17,333419
40011,0.036073,104.244.42.0-255,66,314059,17,333419
40012,0.036209,104.244.42.0-255,66,314125,17,333419
40013,0.038026,74.125.24.0-255,5738,319863,17,333419
40014,0.038032,172.31.36.0-255,66,319929,17,333419
40015,0.040111,74.125.24.0-255,5738,325667,17,333419
40016,0.040117,172.31.36.0-255,66,325733,17,333419
40017,0.042179,74.125.24.0-255,5738,331471,17,333419
40018,0.042185,172.31.36.0-255,66,331537,17,333419
40019,0.044253,74.125.24.0-255,1645,333182,17,333419
40020,0.044292,172.31.36.0-255,66,333248,17,333419
40021,0.044436,172.31.36.0-255,105,333353,17,333419
40022,0.046469,74.125.24.0-255,66,333419,17,333419
40023,0.0,172.217.194.0-255,150,150,17,235163
40024,1.7e-05,172.31.36.0-255,66,216,17,235163
40025,2.4e-05,172.217.194.0-255,1484,1700,17,235163
40026,2.9e-05,172.31.36.0-255,66,1766,17,235163
40027,3.5e-05,172.217.194.0-255,2902,4668,17,235163
40028,4.7e-05,172.31.36.0-255,66,4734,17,235163
40029,5.4e-05,172.217.194.0-255,7156,11890,17,235163
40030,5.8e-05,172.31.36.0-255,66,11956,17,235163
40031,0.000101,172.31.36.0-255,66,12022,17,235163
40032,0.000109,172.217.194.0-255,7156,19178,17,235163
40033,0.000112,172.31.36.0-255,66,19244,17,235163
40034,0.00014,172.217.194.0-255,2543,21787,17,235163
40035,0.000143,172.31.36.0-255,66,21853,17,235163
40036,0.000159,172.217.194.0-255,1484,23337,17,235163
40037,0.000162,172.31.36.0-255,66,23403,17,235163
40038,0.000167,172.217.194.0-255,2902,26305,17,235163
40039,0.000169,172.31.36.0-255,66,26371,17,235163
40040,0.000176,172.217.194.0-255,5738,32109,17,235163
40041,0.000179,172.31.36.0-255,66,32175,17,235163
40042,0.000186,172.217.194.0-255,6797,38972,17,235163
40043,0.000188,172.31.36.0-255,66,39038,17,235163
40044,0.000269,172.217.194.0-255,1484,40522,17,235163
40045,0.000272,172.31.36.0-255,66,40588,17,235163
40046,0.000278,172.217.194.0-255,2902,43490,17,235163
40047,0.000281,172.31.36.0-255,66,43556,17,235163
40048,0.000293,172.217.194.0-255,5738,49294,17,235163
40049,0.000295,172.31.36.0-255,66,49360,17,235163
40050,0.000343,172.217.194.0-255,7098,56458,17,235163
40051,0.000354,172.31.36.0-255,66,56524,17,235163
40052,0.000426,172.217.194.0-255,378,56902,17,235163
40053,0.000429,172.31.36.0-255,66,56968,17,235163
40054,0.000607,172.217.194.0-255,1484,58452,17,235163
40055,0.000614,172.217.194.0-255,2902,61354,17,235163
40056,0.000621,172.217.194.0-255,5738,67092,17,235163
40057,0.000645,172.217.194.0-255,4320,71412,17,235163
40058,0.000662,172.217.194.0-255,2543,73955,17,235163
40059,0.000764,172.217.194.0-255,4320,78275,17,235163
40060,0.000769,172.217.194.0-255,3961,82236,17,235163
40061,0.000941,172.31.36.0-255,66,82302,17,235163
40062,0.001196,172.217.194.0-255,1484,83786,17,235163
40063,0.001203,172.217.194.0-255,2902,86688,17,235163
40064,0.001221,172.217.194.0-255,5738,92426,17,235163
40065,0.001236,172.217.194.0-255,2902,95328,17,235163
40066,0.001262,172.217.194.0-255,5738,101066,17,235163
40067,0.001277,172.31.36.0-255,66,101132,17,235163
40068,0.001283,172.217.194.0-255,4320,105452,17,235163
40069,0.001288,172.31.36.0-255,66,105518,17,235163
40070,0.001317,172.217.194.0-255,2184,107702,17,235163
40071,0.001323,172.217.194.0-255,2902,110604,17,235163
40072,0.001329,172.217.194.0-255,7156,117760,17,235163
40073,0.001342,172.31.36.0-255,66,117826,17,235163
40074,0.001382,172.217.194.0-255,6438,124264,17,235163
40075,0.001396,172.31.36.0-255,66,124330,17,235163
40076,0.001409,172.217.194.0-255,2902,127232,17,235163
40077,0.001448,172.31.36.0-255,66,127298,17,235163
40078,0.001456,172.31.36.0-255,66,127364,17,235163
40079,0.001508,172.31.36.0-255,66,127430,17,235163
40080,0.001601,172.217.194.0-255,1484,128914,17,235163
40081,0.001606,172.217.194.0-255,2902,131816,17,235163
40082,0.001612,172.217.194.0-255,4320,136136,17,235163
40083,0.001629,172.217.194.0-255,1484,137620,17,235163
40084,0.001651,172.217.194.0-255,4320,141940,17,235163
40085,0.001658,172.31.36.0-255,66,142006,17,235163
40086,0.001702,172.31.36.0-255,66,142072,17,235163
40087,0.00177,172.217.194.0-255,1484,143556,17,235163
40088,0.001789,172.217.194.0-255,2902,146458,17,235163
40089,0.001807,172.217.194.0-255,5738,152196,17,235163
40090,0.001812,172.217.194.0-255,4320,156516,17,235163
40091,0.00182,172.31.36.0-255,66,156582,17,235163
40092,0.00184,172.217.194.0-255,5738,162320,17,235163
40093,0.001846,172.31.36.0-255,66,162386,17,235163
40094,0.001883,172.31.36.0-255,66,162452,17,235163
40095,0.001894,172.217.194.0-255,5020,167472,17,235163
40096,0.001912,172.31.36.0-255,66,167538,17,235163
40097,0.001922,172.217.194.0-255,5738,173276,17,235163
40098,0.001934,172.217.194.0-255,7156,180432,17,235163
40099,0.00197,172.31.36.0-255,66,180498,17,235163
40100,0.002015,172.217.194.0-255,6438,186936,17,235163
40101,0.002022,172.217.194.0-255,7156,194092,17,235163
40102,0.002038,172.217.194.0-255,2902,196994,17,235163
40103,0.00206,172.31.36.0-255,66,197060,17,235163
40104,0.002063,172.217.194.0-255,1484,198544,17,235163
40105,0.002107,172.31.36.0-255,66,198610,17,235163
40106,0.002136,172.217.194.0-255,5738,204348,17,235163
40107,0.002141,172.217.194.0-255,4320,208668,17,235163
40108,0.002148,172.31.36.0-255,66,208734,17,235163
40109,0.002156,172.217.194.0-255,2902,211636,17,235163
40110,0.00219,172.217.194.0-255,2902,214538,17,235163
40111,0.002193,172.217.194.0-255,1484,216022,17,235163
40112,0.002199,172.31.36.0-255,66,216088,17,235163
40113,0.002235,172.31.36.0-255,66,216154,17,235163
40114,0.002285,172.217.194.0-255,5738,221892,17,235163
40115,0.002298,172.31.36.0-255,66,221958,17,235163
40116,0.002304,172.217.194.0-255,5711,227669,17,235163
40117,0.002306,172.217.194.0-255,105,227774,17,235163
40118,0.002315,172.31.36.0-255,66,227840,17,235163
40119,0.010608,172.31.36.0-255,105,227945,17,235163
40120,0.013189,172.217.194.0-255,66,228011,17,235163
40121,0.030412,172.31.36.0-255,176,228187,17,235163
40122,0.030443,172.31.36.0-255,1116,229303,17,235163
40123,0.030507,172.31.36.0-255,1514,230817,17,235163
40124,0.030509,172.31.36.0-255,1514,232331,17,235163
40125,0.030513,172.31.36.0-255,1514,233845,17,235163
40126,0.030515,172.31.36.0-255,1054,234899,17,235163
40127,0.03196,104.244.42.0-255,66,234965,17,235163
40128,0.032001,104.244.42.0-255,66,235031,17,235163
40129,0.032069,104.244.42.0-255,66,235097,17,235163
40130,0.032083,104.244.42.0-255,66,235163,17,235163
40131,0.0,172.31.36.0-255,105,105,17,276
40132,0.069642,31.13.82.0-255,105,210,17,276
40133,0.069663,172.31.36.0-255,66,276,17,276
40134,0.0,172.217.194.0-255,153,153,17,259958
40135,1.6e-05,172.31.36.0-255,66,219,17,259958
40136,2.3e-05,172.217.194.0-255,1484,1703,17,259958
40137,2.7e-05,172.31.36.0-255,66,1769,17,259958
40138,3.3e-05,172.217.194.0-255,2902,4671,17,259958
40139,3.5e-05,172.31.36.0-255,66,4737,17,259958
40140,4.3e-05,172.217.194.0-255,7156,11893,17,259958
40141,4.7e-05,172.31.36.0-255,66,11959,17,259958
40142,5.1e-05,172.217.194.0-255,1484,13443,17,259958
40143,5.4e-05,172.31.36.0-255,66,13509,17,259958
40144,9.4e-05,172.31.36.0-255,66,13575,17,259958
40145,9.7e-05,172.217.194.0-255,1484,15059,17,259958
40146,9.9e-05,172.31.36.0-255,66,15125,17,259958
40147,0.000138,172.217.194.0-255,5379,20504,17,259958
40148,0.000141,172.31.36.0-255,66,20570,17,259958
40149,0.000204,172.217.194.0-255,1484,22054,17,259958
40150,0.000208,172.31.36.0-255,66,22120,17,259958
40151,0.000213,172.217.194.0-255,2902,25022,17,259958
40152,0.000215,172.31.36.0-255,66,25088,17,259958
40153,0.000242,172.217.194.0-255,5738,30826,17,259958
40154,0.000245,172.31.36.0-255,66,30892,17,259958
40155,0.000251,172.217.194.0-255,4320,35212,17,259958
40156,0.000253,172.31.36.0-255,66,35278,17,259958
40157,0.000276,172.31.36.0-255,66,35344,17,259958
40158,0.000288,172.31.36.0-255,66,35410,17,259958
40159,0.000566,172.217.194.0-255,646,36056,17,259958
40160,0.000571,172.31.36.0-255,66,36122,17,259958
40161,0.000823,172.217.194.0-255,1484,37606,17,259958
40162,0.000828,172.31.36.0-255,66,37672,17,259958
40163,0.000834,172.217.194.0-255,2902,40574,17,259958
40164,0.000836,172.31.36.0-255,66,40640,17,259958
40165,0.000843,172.217.194.0-255,5738,46378,17,259958
40166,0.000845,172.31.36.0-255,66,46444,17,259958
40167,0.000869,172.217.194.0-255,2902,49346,17,259958
40168,0.000872,172.31.36.0-255,66,49412,17,259958
40169,0.000894,172.217.194.0-255,3412,52824,17,259958
40170,0.000896,172.31.36.0-255,66,52890,17,259958
40171,0.000974,172.217.194.0-255,1484,54374,17,259958
40172,0.000981,172.217.194.0-255,2902,57276,17,259958
40173,0.000983,172.31.36.0-255,66,57342,17,259958
40174,0.001008,172.217.194.0-255,5738,63080,17,259958
40175,0.001011,172.31.36.0-255,66,63146,17,259958
40176,0.001036,172.217.194.0-255,2902,66048,17,259958
40177,0.001038,172.31.36.0-255,66,66114,17,259958
40178,0.00107,172.31.36.0-255,66,66180,17,259958
40179,0.001082,172.31.36.0-255,66,66246,17,259958
40180,0.001085,172.217.194.0-255,766,67012,17,259958
40181,0.001089,172.217.194.0-255,1484,68496,17,259958
40182,0.001091,172.31.36.0-255,66,68562,17,259958
40183,0.001096,172.217.194.0-255,2902,71464,17,259958
40184,0.001098,172.31.36.0-255,66,71530,17,259958
40185,0.001118,172.217.194.0-255,1484,73014,17,259958
40186,0.001131,172.31.36.0-255,66,73080,17,259958
40187,0.001134,172.217.194.0-255,1125,74205,17,259958
40188,0.001167,172.217.194.0-255,5738,79943,17,259958
40189,0.00117,172.31.36.0-255,66,80009,17,259958
40190,0.00119,172.217.194.0-255,7156,87165,17,259958
40191,0.001193,172.31.36.0-255,66,87231,17,259958
40192,0.0012,172.217.194.0-255,3961,91192,17,259958
40193,0.001202,172.31.36.0-255,66,91258,17,259958
40194,0.001264,172.31.36.0-255,66,91324,17,259958
40195,0.001293,172.217.194.0-255,7156,98480,17,259958
40196,0.001297,172.31.36.0-255,66,98546,17,259958
40197,0.001325,172.31.36.0-255,66,98612,17,259958
40198,0.001475,172.217.194.0-255,1484,100096,17,259958
40199,0.001481,172.217.194.0-255,2902,102998,17,259958
40200,0.001485,172.31.36.0-255,66,103064,17,259958
40201,0.00149,172.217.194.0-255,2902,105966,17,259958
40202,0.001492,172.31.36.0-255,66,106032,17,259958
40203,0.001508,172.217.194.0-255,2902,108934,17,259958
40204,0.001511,172.31.36.0-255,66,109000,17,259958
40205,0.001523,172.31.36.0-255,66,109066,17,259958
40206,0.001542,172.217.194.0-255,2902,111968,17,259958
40207,0.001544,172.31.36.0-255,66,112034,17,259958
40208,0.001558,172.31.36.0-255,66,112100,17,259958
40209,0.001602,172.217.194.0-255,1484,113584,17,259958
40210,0.001608,172.217.194.0-255,2902,116486,17,259958
40211,0.001611,172.31.36.0-255,66,116552,17,259958
40212,0.001631,172.217.194.0-255,5738,122290,17,259958
40213,0.001634,172.31.36.0-255,66,122356,17,259958
40214,0.001641,172.217.194.0-255,5738,128094,17,259958
40215,0.001644,172.31.36.0-255,66,128160,17,259958
40216,0.001689,172.31.36.0-255,66,128226,17,259958
40217,0.001695,172.217.194.0-255,5020,133246,17,259958
40218,0.001698,172.31.36.0-255,66,133312,17,259958
40219,0.001817,172.217.194.0-255,1484,134796,17,259958
40220,0.001823,172.217.194.0-255,2902,137698,17,259958
40221,0.001826,172.31.36.0-255,66,137764,17,259958
40222,0.001834,172.217.194.0-255,5738,143502,17,259958
40223,0.001837,172.31.36.0-255,66,143568,17,259958
40224,0.001843,172.217.194.0-255,5738,149306,17,259958
40225,0.001845,172.31.36.0-255,66,149372,17,259958
40226,0.001861,172.217.194.0-255,4320,153692,17,259958
40227,0.001863,172.31.36.0-255,66,153758,17,259958
40228,0.001943,172.217.194.0-255,5738,159496,17,259958
40229,0.001947,172.31.36.0-255,66,159562,17,259958
40230,0.001981,172.31.36.0-255,66,159628,17,259958
40231,0.001993,172.31.36.0-255,66,159694,17,259958
40232,0.002005,172.31.36.0-255,66,159760,17,259958
40233,0.002019,172.31.36.0-255,66,159826,17,259958
40234,0.004033,172.217.194.0-255,5738,165564,17,259958
40235,0.00404,172.31.36.0-255,66,165630,17,259958
40236,0.006062,172.217.194.0-255,5738,171368,17,259958
40237,0.00607,172.31.36.0-255,66,171434,17,259958
40238,0.008069,172.217.194.0-255,5738,177172,17,259958
40239,0.008074,172.31.36.0-255,66,177238,17,259958
40240,0.010109,172.217.194.0-255,5738,182976,17,259958
40241,0.010117,172.31.36.0-255,66,183042,17,259958
40242,0.012145,172.217.194.0-255,5738,188780,17,259958
40243,0.012151,172.31.36.0-255,66,188846,17,259958
40244,0.014186,172.217.194.0-255,5738,194584,17,259958
40245,0.014194,172.31.36.0-255,66,194650,17,259958
40246,0.016261,172.217.194.0-255,5738,200388,17,259958
40247,0.016273,172.31.36.0-255,66,200454,17,259958
40248,0.018263,172.217.194.0-255,5738,206192,17,259958
40249,0.018272,172.31.36.0-255,66,206258,17,259958
40250,0.020313,172.217.194.0-255,5738,211996,17,259958
40251,0.020326,172.31.36.0-255,66,212062,17,259958
40252,0.022353,172.217.194.0-255,5738,217800,17,259958
40253,0.022366,172.31.36.0-255,66,217866,17,259958
40254,0.024417,172.217.194.0-255,5738,223604,17,259958
40255,0.024428,172.31.36.0-255,66,223670,17,259958
40256,0.026457,172.217.194.0-255,5738,229408,17,259958
40257,0.026464,172.31.36.0-255,66,229474,17,259958
40258,0.028469,172.217.194.0-255,5738,235212,17,259958
40259,0.028477,172.31.36.0-255,66,235278,17,259958
40260,0.030468,172.217.194.0-255,5738,241016,17,259958
40261,0.030476,172.31.36.0-255,66,241082,17,259958
40262,0.032487,172.217.194.0-255,5738,246820,17,259958
40263,0.032496,172.31.36.0-255,66,246886,17,259958
40264,0.034488,172.217.194.0-255,5738,252624,17,259958
40265,0.034496,172.31.36.0-255,66,252690,17,259958
40266,0.036484,172.217.194.0-255,2760,255450,17,259958
40267,0.036492,172.31.36.0-255,66,255516,17,259958
40268,0.036686,172.31.36.0-255,105,255621,17,259958
40269,0.037002,172.31.36.0-255,171,255792,17,259958
40270,0.037034,172.31.36.0-255,1141,256933,17,259958
40271,0.03709,172.31.36.0-255,1514,258447,17,259958
40272,0.037092,172.31.36.0-255,1247,259694,17,259958
40273,0.038543,104.244.42.0-255,66,259760,17,259958
40274,0.038578,104.244.42.0-255,66,259826,17,259958
40275,0.038615,104.244.42.0-255,66,259892,17,259958
40276,0.038661,172.217.194.0-255,66,259958,17,259958
40277,0.0,74.125.24.0-255,151,151,17,341562
40278,2.7e-05,172.31.36.0-255,66,217,17,341562
40279,3.4e-05,74.125.24.0-255,1484,1701,17,341562
40280,3.8e-05,172.31.36.0-255,66,1767,17,341562
40281,4.3e-05,74.125.24.0-255,2902,4669,17,341562
40282,5.3e-05,172.31.36.0-255,66,4735,17,341562
40283,6e-05,74.125.24.0-255,7156,11891,17,341562
40284,6.3e-05,172.31.36.0-255,66,11957,17,341562
40285,6.7e-05,74.125.24.0-255,2017,13974,17,341562
40286,6.9e-05,172.31.36.0-255,66,14040,17,341562
40287,0.000261,74.125.24.0-255,1484,15524,17,341562
40288,0.000267,172.31.36.0-255,66,15590,17,341562
40289,0.000272,74.125.24.0-255,2902,18492,17,341562
40290,0.000275,172.31.36.0-255,66,18558,17,341562
40291,0.000287,74.125.24.0-255,5738,24296,17,341562
40292,0.00029,172.31.36.0-255,66,24362,17,341562
40293,0.00035,172.31.36.0-255,66,24428,17,341562
40294,0.000387,172.31.36.0-255,66,24494,17,341562
40295,0.001396,74.125.24.0-255,1484,25978,17,341562
40296,0.001402,172.31.36.0-255,66,26044,17,341562
40297,0.001413,74.125.24.0-255,2902,28946,17,341562
40298,0.001415,172.31.36.0-255,66,29012,17,341562
40299,0.001427,74.125.24.0-255,5738,34750,17,341562
40300,0.001429,172.31.36.0-255,66,34816,17,341562
40301,0.001433,74.125.24.0-255,2902,37718,17,341562
40302,0.001435,172.31.36.0-255,66,37784,17,341562
40303,0.001479,74.125.24.0-255,7156,44940,17,341562
40304,0.001481,172.31.36.0-255,66,45006,17,341562
40305,0.001513,74.125.24.0-255,3961,48967,17,341562
40306,0.001516,172.31.36.0-255,66,49033,17,341562
40307,0.001525,172.31.36.0-255,66,49099,17,341562
40308,0.001556,74.125.24.0-255,5958,55057,17,341562
40309,0.001559,172.31.36.0-255,66,55123,17,341562
40310,0.001565,74.125.24.0-255,7156,62279,17,341562
40311,0.001566,172.31.36.0-255,66,62345,17,341562
40312,0.001605,74.125.24.0-255,5379,67724,17,341562
40313,0.001609,172.31.36.0-255,66,67790,17,341562
40314,0.002115,74.125.24.0-255,1484,69274,17,341562
40315,0.002133,74.125.24.0-255,2902,72176,17,341562
40316,0.002136,172.31.36.0-255,66,72242,17,341562
40317,0.00214,74.125.24.0-255,1484,73726,17,341562
40318,0.002166,74.125.24.0-255,5738,79464,17,341562
40319,0.002168,172.31.36.0-255,66,79530,17,341562
40320,0.002187,74.125.24.0-255,4320,83850,17,341562
40321,0.002189,172.31.36.0-255,66,83916,17,341562
40322,0.002213,172.31.36.0-255,66,83982,17,341562
40323,0.002218,74.125.24.0-255,5738,89720,17,341562
40324,0.00222,172.31.36.0-255,66,89786,17,341562
40325,0.002267,74.125.24.0-255,1484,91270,17,341562
40326,0.002285,74.125.24.0-255,2184,93454,17,341562
40327,0.002288,172.31.36.0-255,66,93520,17,341562
40328,0.00451,74.125.24.0-255,1484,95004,17,341562
40329,0.004559,74.125.24.0-255,4320,99324,17,341562
40330,0.004563,172.31.36.0-255,66,99390,17,341562
40331,0.006892,74.125.24.0-255,5738,105128,17,341562
40332,0.006898,172.31.36.0-255,66,105194,17,341562
40333,0.009224,74.125.24.0-255,5738,110932,17,341562
40334,0.009231,172.31.36.0-255,66,110998,17,341562
40335,0.01153,74.125.24.0-255,5738,116736,17,341562
40336,0.011538,172.31.36.0-255,66,116802,17,341562
40337,0.013855,74.125.24.0-255,5738,122540,17,341562
40338,0.013865,172.31.36.0-255,66,122606,17,341562
40339,0.016192,74.125.24.0-255,4320,126926,17,341562
40340,0.0162,172.31.36.0-255,66,126992,17,341562
40341,0.016233,74.125.24.0-255,1484,128476,17,341562
40342,0.018476,74.125.24.0-255,4320,132796,17,341562
40343,0.018483,172.31.36.0-255,66,132862,17,341562
40344,0.020769,74.125.24.0-255,5738,138600,17,341562
40345,0.020775,172.31.36.0-255,66,138666,17,341562
40346,0.023114,74.125.24.0-255,5738,144404,17,341562
40347,0.023121,172.31.36.0-255,66,144470,17,341562
40348,0.025009,172.31.36.0-255,172,144642,17,341562
40349,0.025052,172.31.36.0-255,1118,145760,17,341562
40350,0.025085,172.31.36.0-255,1514,147274,17,341562
40351,0.025087,172.31.36.0-255,1270,148544,17,341562
40352,0.025436,74.125.24.0-255,5738,154282,17,341562
40353,0.025443,172.31.36.0-255,66,154348,17,341562
40354,0.026667,104.244.42.0-255,66,154414,17,341562
40355,0.026674,104.244.42.0-255,66,154480,17,341562
40356,0.026688,104.244.42.0-255,66,154546,17,341562
40357,0.027714,74.125.24.0-255,2902,157448,17,341562
40358,0.027718,172.31.36.0-255,66,157514,17,341562
40359,0.027755,74.125.24.0-255,2902,160416,17,341562
40360,0.027759,172.31.36.0-255,66,160482,17,341562
40361,0.030066,74.125.24.0-255,2902,163384,17,341562
40362,0.030072,172.31.36.0-255,66,163450,17,341562
40363,0.030134,74.125.24.0-255,2902,166352,17,341562
40364,0.030138,172.31.36.0-255,66,166418,17,341562
40365,0.032347,74.125.24.0-255,2902,169320,17,341562
40366,0.032352,172.31.36.0-255,66,169386,17,341562
40367,0.032412,74.125.24.0-255,2902,172288,17,341562
40368,0.032417,172.31.36.0-255,66,172354,17,341562
40369,0.03468,74.125.24.0-255,2902,175256,17,341562
40370,0.034686,172.31.36.0-255,66,175322,17,341562
40371,0.034732,74.125.24.0-255,2902,178224,17,341562
40372,0.034735,172.31.36.0-255,66,178290,17,341562
40373,0.036972,74.125.24.0-255,2902,181192,17,341562
40374,0.036978,172.31.36.0-255,66,181258,17,341562
40375,0.037017,74.125.24.0-255,2902,184160,17,341562
40376,0.03702,172.31.36.0-255,66,184226,17,341562
40377,0.039283,74.125.24.0-255,2902,187128,17,341562
40378,0.039288,172.31.36.0-255,66,187194,17,341562
40379,0.039338,74.125.24.0-255,1484,188678,17,341562
40380,0.039351,74.125.24.0-255,1484,190162,17,341562
40381,0.039354,172.31.36.0-255,66,190228,17,341562
40382,0.041568,74.125.24.0-255,2902,193130,17,341562
40383,0.041574,172.31.36.0-255,66,193196,17,341562
40384,0.041625,74.125.24.0-255,2902,196098,17,341562
40385,0.041629,172.31.36.0-255,66,196164,17,341562
40386,0.043867,74.125.24.0-255,2902,199066,17,341562
40387,0.043873,172.31.36.0-255,66,199132,17,341562
40388,0.043913,74.125.24.0-255,2902,202034,17,341562
40389,0.043917,172.31.36.0-255,66,202100,17,341562
40390,0.046134,74.125.24.0-255,2902,205002,17,341562
40391,0.046139,172.31.36.0-255,66,205068,17,341562
40392,0.046223,74.125.24.0-255,2902,207970,17,341562
40393,0.046227,172.31.36.0-255,66,208036,17,341562
40394,0.048431,74.125.24.0-255,2902,210938,17,341562
40395,0.048437,172.31.36.0-255,66,211004,17,341562
40396,0.048517,74.125.24.0-255,2902,213906,17,341562
40397,0.04852,172.31.36.0-255,66,213972,17,341562
40398,0.050736,74.125.24.0-255,2902,216874,17,341562
40399,0.050741,172.31.36.0-255,66,216940,17,341562
40400,0.050819,74.125.24.0-255,2902,219842,17,341562
40401,0.050823,172.31.36.0-255,66,219908,17,341562
40402,0.053035,74.125.24.0-255,2902,222810,17,341562
40403,0.053041,172.31.36.0-255,66,222876,17,341562
40404,0.053147,74.125.24.0-255,2902,225778,17,341562
40405,0.053154,172.31.36.0-255,66,225844,17,341562
40406,0.055347,74.125.24.0-255,2902,228746,17,341562
40407,0.055352,172.31.36.0-255,66,228812,17,341562
40408,0.055425,74.125.24.0-255,2902,231714,17,341562
40409,0.055429,172.31.36.0-255,66,231780,17,341562
40410,0.057624,74.125.24.0-255,1484,233264,17,341562
40411,0.057719,74.125.24.0-255,4320,237584,17,341562
40412,0.057725,172.31.36.0-255,66,237650,17,341562
40413,0.060025,74.125.24.0-255,5738,243388,17,341562
40414,0.060031,172.31.36.0-255,66,243454,17,341562
40415,0.062337,74.125.24.0-255,5738,249192,17,341562
40416,0.062342,172.31.36.0-255,66,249258,17,341562
40417,0.064637,74.125.24.0-255,5738,254996,17,341562
40418,0.064642,172.31.36.0-255,66,255062,17,341562
40419,0.066981,74.125.24.0-255,5738,260800,17,341562
40420,0.066986,172.31.36.0-255,66,260866,17,341562
40421,0.069298,74.125.24.0-255,2902,263768,17,341562
40422,0.069303,172.31.36.0-255,66,263834,17,341562
40423,0.069338,74.125.24.0-255,2902,266736,17,341562
40424,0.069341,172.31.36.0-255,66,266802,17,341562
40425,0.071581,74.125.24.0-255,2902,269704,17,341562
40426,0.071586,172.31.36.0-255,66,269770,17,341562
40427,0.071618,74.125.24.0-255,2902,272672,17,341562
40428,0.071621,172.31.36.0-255,66,272738,17,341562
40429,0.073883,74.125.24.0-255,2902,275640,17,341562
40430,0.07389,172.31.36.0-255,66,275706,17,341562
40431,0.073927,74.125.24.0-255,2902,278608,17,341562
40432,0.073932,172.31.36.0-255,66,278674,17,341562
40433,0.076181,74.125.24.0-255,2902,281576,17,341562
40434,0.076186,172.31.36.0-255,66,281642,17,341562
40435,0.076224,74.125.24.0-255,2902,284544,17,341562
40436,0.076227,172.31.36.0-255,66,284610,17,341562
40437,0.078476,74.125.24.0-255,2902,287512,17,341562
40438,0.078481,172.31.36.0-255,66,287578,17,341562
40439,0.078519,74.125.24.0-255,2902,290480,17,341562
40440,0.078523,172.31.36.0-255,66,290546,17,341562
40441,0.080774,74.125.24.0-255,2902,293448,17,341562
40442,0.080779,172.31.36.0-255,66,293514,17,341562
40443,0.080818,74.125.24.0-255,2902,296416,17,341562
40444,0.080821,172.31.36.0-255,66,296482,17,341562
40445,0.083101,74.125.24.0-255,4320,300802,17,341562
40446,0.083106,172.31.36.0-255,66,300868,17,341562
40447,0.083142,74.125.24.0-255,1484,302352,17,341562
40448,0.085394,74.125.24.0-255,4320,306672,17,341562
40449,0.0854,172.31.36.0-255,66,306738,17,341562
40450,0.087723,74.125.24.0-255,5738,312476,17,341562
40451,0.087728,172.31.36.0-255,66,312542,17,341562
40452,0.090048,74.125.24.0-255,5738,318280,17,341562
40453,0.090054,172.31.36.0-255,66,318346,17,341562
40454,0.092353,74.125.24.0-255,5738,324084,17,341562
40455,0.092359,172.31.36.0-255,66,324150,17,341562
40456,0.094623,74.125.24.0-255,5738,329888,17,341562
40457,0.094629,172.31.36.0-255,66,329954,17,341562
40458,0.096939,74.125.24.0-255,5738,335692,17,341562
40459,0.096945,172.31.36.0-255,66,335758,17,341562
40460,0.099259,74.125.24.0-255,5738,341496,17,341562
40461,0.099265,172.31.36.0-255,66,341562,17,341562
40462,0.0,74.125.24.0-255,153,153,17,246197
40463,1.5e-05,172.31.36.0-255,66,219,17,246197
40464,2.3e-05,74.125.24.0-255,1484,1703,17,246197
40465,2.8e-05,172.31.36.0-255,66,1769,17,246197
40466,3.4e-05,74.125.24.0-255,2902,4671,17,246197
40467,3.7e-05,172.31.36.0-255,66,4737,17,246197
40468,4.5e-05,74.125.24.0-255,7156,11893,17,246197
40469,4.8e-05,172.31.36.0-255,66,11959,17,246197
40470,9.8e-05,172.31.36.0-255,66,12025,17,246197
40471,0.000103,74.125.24.0-255,2543,14568,17,246197
40472,0.000105,172.31.36.0-255,66,14634,17,246197
40473,0.000173,74.125.24.0-255,1484,16118,17,246197
40474,0.000176,172.31.36.0-255,66,16184,17,246197
40475,0.000182,74.125.24.0-255,2902,19086,17,246197
40476,0.000185,172.31.36.0-255,66,19152,17,246197
40477,0.000192,74.125.24.0-255,5738,24890,17,246197
40478,0.000194,172.31.36.0-255,66,24956,17,246197
40479,0.000237,172.31.36.0-255,66,25022,17,246197
40480,0.000245,74.125.24.0-255,7156,32178,17,246197
40481,0.000247,172.31.36.0-255,66,32244,17,246197
40482,0.000274,74.125.24.0-255,2853,35097,17,246197
40483,0.000277,172.31.36.0-255,66,35163,17,246197
40484,0.000279,74.125.24.0-255,376,35539,17,246197
40485,0.000281,172.31.36.0-255,66,35605,17,246197
40486,0.00056,74.125.24.0-255,1484,37089,17,246197
40487,0.000566,172.31.36.0-255,66,37155,17,246197
40488,0.000572,74.125.24.0-255,2902,40057,17,246197
40489,0.000574,172.31.36.0-255,66,40123,17,246197
40490,0.00058,74.125.24.0-255,4320,44443,17,246197
40491,0.000582,172.31.36.0-255,66,44509,17,246197
40492,0.000605,74.125.24.0-255,5738,50247,17,246197
40493,0.000618,74.125.24.0-255,1484,51731,17,246197
40494,0.000625,172.31.36.0-255,66,51797,17,246197
40495,0.000659,74.125.24.0-255,2902,54699,17,246197
40496,0.000665,172.31.36.0-255,66,54765,17,246197
40497,0.000691,74.125.24.0-255,5020,59785,17,246197
40498,0.0007,172.31.36.0-255,66,59851,17,246197
40499,0.000945,74.125.24.0-255,1484,61335,17,246197
40500,0.000952,74.125.24.0-255,2902,64237,17,246197
40501,0.000963,74.125.24.0-255,1484,65721,17,246197
40502,0.00098,74.125.24.0-255,4320,70041,17,246197
40503,0.000982,74.125.24.0-255,1484,71525,17,246197
40504,0.000997,74.125.24.0-255,4320,75845,17,246197
40505,0.001054,74.125.24.0-255,5020,80865,17,246197
40506,0.001161,74.125.24.0-255,1484,82349,17,246197
40507,0.001168,74.125.24.0-255,2902,85251,17,246197
40508,0.00118,74.125.24.0-255,1484,86735,17,246197
40509,0.001197,74.125.24.0-255,4320,91055,17,246197
40510,0.001201,74.125.24.0-255,2902,93957,17,246197
40511,0.001221,74.125.24.0-255,2902,96859,17,246197
40512,0.001237,74.125.24.0-255,7156,104015,17,246197
40513,0.001287,74.125.24.0-255,7156,111171,17,246197
40514,0.001301,74.125.24.0-255,3602,114773,17,246197
40515,0.001346,74.125.24.0-255,1484,116257,17,246197
40516,0.00135,74.125.24.0-255,1484,117741,17,246197
40517,0.001362,74.125.24.0-255,1484,119225,17,246197
40518,0.001368,74.125.24.0-255,5738,124963,17,246197
40519,0.001436,74.125.24.0-255,5738,130701,17,246197
40520,0.001549,74.125.24.0-255,1484,132185,17,246197
40521,0.00157,74.125.24.0-255,7156,139341,17,246197
40522,0.001582,74.125.24.0-255,1484,140825,17,246197
40523,0.001589,74.125.24.0-255,4320,145145,17,246197
40524,0.001619,74.125.24.0-255,7156,152301,17,246197
40525,0.001636,74.125.24.0-255,2902,155203,17,246197
40526,0.001687,74.125.24.0-255,1484,156687,17,246197
40527,0.00169,74.125.24.0-255,1484,158171,17,246197
40528,0.001707,74.125.24.0-255,1484,159655,17,246197
40529,0.001714,74.125.24.0-255,5738,165393,17,246197
40530,0.001737,74.125.24.0-255,4320,169713,17,246197
40531,0.001745,74.125.24.0-255,7156,176869,17,246197
40532,0.001767,74.125.24.0-255,6438,183307,17,246197
40533,0.001774,74.125.24.0-255,5738,189045,17,246197
40534,0.001838,74.125.24.0-255,5020,194065,17,246197
40535,0.001866,74.125.24.0-255,4320,198385,17,246197
40536,0.00188,74.125.24.0-255,5738,204123,17,246197
40537,0.001889,74.125.24.0-255,7156,211279,17,246197
40538,0.001904,74.125.24.0-255,4320,215599,17,246197
40539,0.001943,74.125.24.0-255,2902,218501,17,246197
40540,0.001969,74.125.24.0-255,5738,224239,17,246197
40541,0.001995,74.125.24.0-255,7156,231395,17,246197
40542,0.002011,74.125.24.0-255,5738,237133,17,246197
40543,0.002031,74.125.24.0-255,1484,238617,17,246197
40544,0.002075,74.125.24.0-255,766,239383,17,246197
40545,0.002079,74.125.24.0-255,2198,241581,17,246197
40546,0.00211,74.125.24.0-255,105,241686,17,246197
40547,0.005211,172.31.36.0-255,66,241752,17,246197
40548,0.007937,172.31.36.0-255,105,241857,17,246197
40549,0.010208,74.125.24.0-255,66,241923,17,246197
40550,0.03272,172.31.36.0-255,172,242095,17,246197
40551,0.032755,172.31.36.0-255,1119,243214,17,246197
40552,0.032817,172.31.36.0-255,1514,244728,17,246197
40553,0.032819,172.31.36.0-255,1271,245999,17,246197
40554,0.03422,104.244.42.0-255,66,246065,17,246197
40555,0.034259,104.244.42.0-255,66,246131,17,246197
40556,0.034322,104.244.42.0-255,66,246197,17,246197
40557,0.0,172.217.194.0-255,146,146,17,368706
40558,2.1e-05,172.31.36.0-255,66,212,17,368706
40559,2.7e-05,172.217.194.0-255,1484,1696,17,368706
40560,3.2e-05,172.31.36.0-255,66,1762,17,368706
40561,3.7e-05,172.217.194.0-255,2902,4664,17,368706
40562,4e-05,172.31.36.0-255,66,4730,17,368706
40563,4.7e-05,172.217.194.0-255,7156,11886,17,368706
40564,5e-05,172.31.36.0-255,66,11952,17,368706
40565,5.3e-05,172.217.194.0-255,1484,13436,17,368706
40566,5.6e-05,172.31.36.0-255,66,13502,17,368706
40567,7.9e-05,172.217.194.0-255,584,14086,17,368706
40568,8.1e-05,172.31.36.0-255,66,14152,17,368706
40569,0.000199,172.217.194.0-255,1484,15636,17,368706
40570,0.000202,172.31.36.0-255,66,15702,17,368706
40571,0.000207,172.217.194.0-255,2902,18604,17,368706
40572,0.000209,172.31.36.0-255,66,18670,17,368706
40573,0.000213,172.217.194.0-255,2902,21572,17,368706
40574,0.000215,172.31.36.0-255,66,21638,17,368706
40575,0.000236,172.217.194.0-255,2902,24540,17,368706
40576,0.000237,172.31.36.0-255,66,24606,17,368706
40577,0.000269,172.217.194.0-255,2902,27508,17,368706
40578,0.000271,172.31.36.0-255,66,27574,17,368706
40579,0.000287,172.217.194.0-255,3961,31535,17,368706
40580,0.000289,172.31.36.0-255,66,31601,17,368706
40581,0.000303,172.217.194.0-255,1484,33085,17,368706
40582,0.000305,172.31.36.0-255,66,33151,17,368706
40583,0.000318,172.217.194.0-255,2902,36053,17,368706
40584,0.00032,172.31.36.0-255,66,36119,17,368706
40585,0.000323,172.217.194.0-255,1484,37603,17,368706
40586,0.000324,172.31.36.0-255,66,37669,17,368706
40587,0.000349,172.217.194.0-255,4320,41989,17,368706
40588,0.000351,172.31.36.0-255,66,42055,17,368706
40589,0.000368,172.217.194.0-255,2902,44957,17,368706
40590,0.000403,172.217.194.0-255,2543,47500,17,368706
40591,0.000432,172.217.194.0-255,4320,51820,17,368706
40592,0.000449,172.217.194.0-255,6000,57820,17,368706
40593,0.000521,172.31.36.0-255,66,57886,17,368706
40594,0.000619,172.217.194.0-255,1484,59370,17,368706
40595,0.000624,172.217.194.0-255,2902,62272,17,368706
40596,0.000637,172.31.36.0-255,66,62338,17,368706
40597,0.000649,172.217.194.0-255,5738,68076,17,368706
40598,0.000653,172.31.36.0-255,66,68142,17,368706
40599,0.000725,172.31.36.0-255,66,68208,17,368706
40600,0.001151,172.217.194.0-255,1484,69692,17,368706
40601,0.001157,172.217.194.0-255,2902,72594,17,368706
40602,0.00116,172.31.36.0-255,66,72660,17,368706
40603,0.001164,172.217.194.0-255,2902,75562,17,368706
40604,0.001168,172.31.36.0-255,66,75628,17,368706
40605,0.001181,172.217.194.0-255,2902,78530,17,368706
40606,0.001202,172.217.194.0-255,1484,80014,17,368706
40607,0.001208,172.31.36.0-255,66,80080,17,368706
40608,0.001238,172.217.194.0-255,5738,85818,17,368706
40609,0.00125,172.31.36.0-255,66,85884,17,368706
40610,0.001256,172.217.194.0-255,6438,92322,17,368706
40611,0.00126,172.31.36.0-255,66,92388,17,368706
40612,0.003284,172.217.194.0-255,5738,98126,17,368706
40613,0.003291,172.31.36.0-255,66,98192,17,368706
40614,0.005309,172.217.194.0-255,5738,103930,17,368706
40615,0.00532,172.31.36.0-255,66,103996,17,368706
40616,0.007328,172.217.194.0-255,5738,109734,17,368706
40617,0.007335,172.31.36.0-255,66,109800,17,368706
40618,0.009368,172.217.194.0-255,5738,115538,17,368706
40619,0.009376,172.31.36.0-255,66,115604,17,368706
40620,0.011417,172.217.194.0-255,5738,121342,17,368706
40621,0.011424,172.31.36.0-255,66,121408,17,368706
40622,0.013433,172.217.194.0-255,5738,127146,17,368706
40623,0.013441,172.31.36.0-255,66,127212,17,368706
40624,0.015462,172.217.194.0-255,5738,132950,17,368706
40625,0.015469,172.31.36.0-255,66,133016,17,368706
40626,0.017487,172.217.194.0-255,5738,138754,17,368706
40627,0.017494,172.31.36.0-255,66,138820,17,368706
40628,0.019486,172.217.194.0-255,4320,143140,17,368706
40629,0.019491,172.31.36.0-255,66,143206,17,368706
40630,0.019507,172.217.194.0-255,1484,144690,17,368706
40631,0.021509,172.217.194.0-255,4320,149010,17,368706
40632,0.021515,172.31.36.0-255,66,149076,17,368706
40633,0.023509,172.217.194.0-255,4320,153396,17,368706
40634,0.023514,172.31.36.0-255,66,153462,17,368706
40635,0.023533,172.217.194.0-255,1484,154946,17,368706
40636,0.025527,172.217.194.0-255,4320,159266,17,368706
40637,0.025533,172.31.36.0-255,66,159332,17,368706
40638,0.02757,172.217.194.0-255,5738,165070,17,368706
40639,0.027576,172.31.36.0-255,66,165136,17,368706
40640,0.029215,172.31.36.0-255,188,165324,17,368706
40641,0.029243,172.31.36.0-255,961,166285,17,368706
40642,0.029281,172.31.36.0-255,1514,167799,17,368706
40643,0.029283,172.31.36.0-255,1427,169226,17,368706
40644,0.02962,172.217.194.0-255,5738,174964,17,368706
40645,0.029626,172.31.36.0-255,66,175030,17,368706
40646,0.030778,104.244.42.0-255,66,175096,17,368706
40647,0.030835,104.244.42.0-255,66,175162,17,368706
40648,0.030886,104.244.42.0-255,66,175228,17,368706
40649,0.031641,172.217.194.0-255,5738,180966,17,368706
40650,0.031648,172.31.36.0-255,66,181032,17,368706
40651,0.03367,172.217.194.0-255,5738,186770,17,368706
40652,0.033676,172.31.36.0-255,66,186836,17,368706
40653,0.03569,172.217.194.0-255,5738,192574,17,368706
40654,0.035696,172.31.36.0-255,66,192640,17,368706
40655,0.037723,172.217.194.0-255,5738,198378,17,368706
40656,0.037728,172.31.36.0-255,66,198444,17,368706
40657,0.039768,172.217.194.0-255,5738,204182,17,368706
40658,0.039774,172.31.36.0-255,66,204248,17,368706
40659,0.041821,172.217.194.0-255,5738,209986,17,368706
40660,0.041827,172.31.36.0-255,66,210052,17,368706
40661,0.043847,172.217.194.0-255,5738,215790,17,368706
40662,0.043854,172.31.36.0-255,66,215856,17,368706
40663,0.045858,172.217.194.0-255,5738,221594,17,368706
40664,0.045868,172.31.36.0-255,66,221660,17,368706
40665,0.047898,172.217.194.0-255,5738,227398,17,368706
40666,0.047903,172.31.36.0-255,66,227464,17,368706
40667,0.049884,172.217.194.0-255,2902,230366,17,368706
40668,0.049888,172.31.36.0-255,66,230432,17,368706
40669,0.049913,172.217.194.0-255,2902,233334,17,368706
40670,0.049916,172.31.36.0-255,66,233400,17,368706
40671,0.051907,172.217.194.0-255,5738,239138,17,368706
40672,0.051913,172.31.36.0-255,66,239204,17,368706
40673,0.053948,172.217.194.0-255,5738,244942,17,368706
40674,0.053954,172.31.36.0-255,66,245008,17,368706
40675,0.055978,172.217.194.0-255,5738,250746,17,368706
40676,0.055984,172.31.36.0-255,66,250812,17,368706
40677,0.057996,172.217.194.0-255,5738,256550,17,368706
40678,0.058002,172.31.36.0-255,66,256616,17,368706
40679,0.06003,172.217.194.0-255,5738,262354,17,368706
40680,0.060036,172.31.36.0-255,66,262420,17,368706
40681,0.062047,172.217.194.0-255,5738,268158,17,368706
40682,0.062057,172.31.36.0-255,66,268224,17,368706
40683,0.064075,172.217.194.0-255,5738,273962,17,368706
40684,0.064095,172.31.36.0-255,66,274028,17,368706
40685,0.066103,172.217.194.0-255,4320,278348,17,368706
40686,0.066109,172.31.36.0-255,66,278414,17,368706
40687,0.06614,172.217.194.0-255,1484,279898,17,368706
40688,0.068132,172.217.194.0-255,4320,284218,17,368706
40689,0.068138,172.31.36.0-255,66,284284,17,368706
40690,0.070152,172.217.194.0-255,5738,290022,17,368706
40691,0.070158,172.31.36.0-255,66,290088,17,368706
40692,0.072188,172.217.194.0-255,5738,295826,17,368706
40693,0.072193,172.31.36.0-255,66,295892,17,368706
40694,0.074196,172.217.194.0-255,4320,300212,17,368706
40695,0.074202,172.31.36.0-255,66,300278,17,368706
40696,0.074227,172.217.194.0-255,1484,301762,17,368706
40697,0.076213,172.217.194.0-255,4320,306082,17,368706
40698,0.076218,172.31.36.0-255,66,306148,17,368706
40699,0.078249,172.217.194.0-255,5738,311886,17,368706
40700,0.078257,172.31.36.0-255,66,311952,17,368706
40701,0.080277,172.217.194.0-255,5738,317690,17,368706
40702,0.080282,172.31.36.0-255,66,317756,17,368706
40703,0.082293,172.217.194.0-255,5738,323494,17,368706
40704,0.082298,172.31.36.0-255,66,323560,17,368706
40705,0.084319,172.217.194.0-255,5738,329298,17,368706
40706,0.084325,172.31.36.0-255,66,329364,17,368706
40707,0.086356,172.217.194.0-255,5738,335102,17,368706
40708,0.086362,172.31.36.0-255,66,335168,17,368706
40709,0.088403,172.217.194.0-255,4320,339488,17,368706
40710,0.088407,172.31.36.0-255,66,339554,17,368706
40711,0.088435,172.217.194.0-255,1484,341038,17,368706
40712,0.090439,172.217.194.0-255,4320,345358,17,368706
40713,0.090444,172.31.36.0-255,66,345424,17,368706
40714,0.092478,172.217.194.0-255,5738,351162,17,368706
40715,0.092483,172.31.36.0-255,66,351228,17,368706
40716,0.094484,172.217.194.0-255,5738,356966,17,368706
40717,0.094491,172.31.36.0-255,66,357032,17,368706
40718,0.096518,172.217.194.0-255,5738,362770,17,368706
40719,0.096523,172.31.36.0-255,66,362836,17,368706
40720,0.098553,172.217.194.0-255,1484,364320,17,368706
40721,0.098581,172.217.194.0-255,4320,368640,17,368706
40722,0.098585,172.31.36.0-255,66,368706,17,368706
40723,0.0,74.125.130.0-255,219,219,17,317864
40724,4.1e-05,172.31.36.0-255,66,285,17,317864
40725,4.8e-05,74.125.130.0-255,1484,1769,17,317864
40726,5.3e-05,172.31.36.0-255,66,1835,17,317864
40727,6e-05,74.125.130.0-255,4320,6155,17,317864
40728,6.4e-05,172.31.36.0-255,66,6221,17,317864
40729,7e-05,74.125.130.0-255,5738,11959,17,317864
40730,7.3e-05,172.31.36.0-255,66,12025,17,317864
40731,0.000129,172.31.36.0-255,66,12091,17,317864
40732,0.000176,172.31.36.0-255,66,12157,17,317864
40733,0.000196,74.125.130.0-255,1125,13282,17,317864
40734,0.000199,172.31.36.0-255,66,13348,17,317864
40735,0.00079,74.125.130.0-255,1484,14832,17,317864
40736,0.000797,172.31.36.0-255,66,14898,17,317864
40737,0.000803,74.125.130.0-255,1484,16382,17,317864
40738,0.000805,172.31.36.0-255,66,16448,17,317864
40739,0.000811,74.125.130.0-255,2902,19350,17,317864
40740,0.000813,172.31.36.0-255,66,19416,17,317864
40741,0.000833,74.125.130.0-255,5738,25154,17,317864
40742,0.000835,172.31.36.0-255,66,25220,17,317864
40743,0.000857,74.125.130.0-255,5379,30599,17,317864
40744,0.00086,172.31.36.0-255,66,30665,17,317864
40745,0.000877,74.125.130.0-255,5738,36403,17,317864
40746,0.00088,172.31.36.0-255,66,36469,17,317864
40747,0.00092,172.31.36.0-255,66,36535,17,317864
40748,0.000947,74.125.130.0-255,1384,37919,17,317864
40749,0.00095,172.31.36.0-255,66,37985,17,317864
40750,0.000969,74.125.130.0-255,116,38101,17,317864
40751,0.000971,172.31.36.0-255,66,38167,17,317864
40752,0.001114,74.125.130.0-255,1484,39651,17,317864
40753,0.001121,74.125.130.0-255,2902,42553,17,317864
40754,0.001126,172.31.36.0-255,66,42619,17,317864
40755,0.001139,74.125.130.0-255,2902,45521,17,317864
40756,0.001142,172.31.36.0-255,66,45587,17,317864
40757,0.001161,74.125.130.0-255,2902,48489,17,317864
40758,0.001164,172.31.36.0-255,66,48555,17,317864
40759,0.001168,74.125.130.0-255,2902,51457,17,317864
40760,0.00117,172.31.36.0-255,66,51523,17,317864
40761,0.001186,74.125.130.0-255,4320,55843,17,317864
40762,0.001189,172.31.36.0-255,66,55909,17,317864
40763,0.001221,74.125.130.0-255,5738,61647,17,317864
40764,0.001224,172.31.36.0-255,66,61713,17,317864
40765,0.001231,74.125.130.0-255,7156,68869,17,317864
40766,0.001234,172.31.36.0-255,66,68935,17,317864
40767,0.001264,74.125.130.0-255,3602,72537,17,317864
40768,0.001267,172.31.36.0-255,66,72603,17,317864
40769,0.001389,74.125.130.0-255,378,72981,17,317864
40770,0.002214,74.125.130.0-255,1484,74465,17,317864
40771,0.002221,172.31.36.0-255,66,74531,17,317864
40772,0.002227,74.125.130.0-255,2902,77433,17,317864
40773,0.00223,172.31.36.0-255,66,77499,17,317864
40774,0.002233,74.125.130.0-255,1484,78983,17,317864
40775,0.002252,74.125.130.0-255,4320,83303,17,317864
40776,0.002254,172.31.36.0-255,66,83369,17,317864
40777,0.002281,172.31.36.0-255,66,83435,17,317864
40778,0.002321,74.125.130.0-255,1484,84919,17,317864
40779,0.002339,74.125.130.0-255,2902,87821,17,317864
40780,0.002341,172.31.36.0-255,66,87887,17,317864
40781,0.002357,74.125.130.0-255,2902,90789,17,317864
40782,0.00236,172.31.36.0-255,66,90855,17,317864
40783,0.00238,74.125.130.0-255,2902,93757,17,317864
40784,0.002383,172.31.36.0-255,66,93823,17,317864
40785,0.002413,74.125.130.0-255,2902,96725,17,317864
40786,0.002415,172.31.36.0-255,66,96791,17,317864
40787,0.002427,74.125.130.0-255,2184,98975,17,317864
40788,0.002429,172.31.36.0-255,66,99041,17,317864
40789,0.004973,74.125.130.0-255,5738,104779,17,317864
40790,0.00498,172.31.36.0-255,66,104845,17,317864
40791,0.00755,74.125.130.0-255,5738,110583,17,317864
40792,0.007557,172.31.36.0-255,66,110649,17,317864
40793,0.010126,74.125.130.0-255,5738,116387,17,317864
40794,0.010134,172.31.36.0-255,66,116453,17,317864
40795,0.012699,74.125.130.0-255,5738,122191,17,317864
40796,0.012708,172.31.36.0-255,66,122257,17,317864
40797,0.01531,74.125.130.0-255,5738,127995,17,317864
40798,0.015318,172.31.36.0-255,66,128061,17,317864
40799,0.017888,74.125.130.0-255,5738,133799,17,317864
40800,0.017896,172.31.36.0-255,66,133865,17,317864
40801,0.020463,74.125.130.0-255,5738,139603,17,317864
40802,0.020471,172.31.36.0-255,66,139669,17,317864
40803,0.023033,74.125.130.0-255,5738,145407,17,317864
40804,0.02304,172.31.36.0-255,66,145473,17,317864
40805,0.0255,172.31.36.0-255,172,145645,17,317864
40806,0.025533,172.31.36.0-255,1118,146763,17,317864
40807,0.025567,172.31.36.0-255,1514,148277,17,317864
40808,0.025569,172.31.36.0-255,1514,149791,17,317864
40809,0.02557,172.31.36.0-255,671,150462,17,317864
40810,0.025606,74.125.130.0-255,5738,156200,17,317864
40811,0.025611,172.31.36.0-255,66,156266,17,317864
40812,0.027021,104.244.42.0-255,66,156332,17,317864
40813,0.027084,104.244.42.0-255,66,156398,17,317864
40814,0.027087,104.244.42.0-255,66,156464,17,317864
40815,0.027131,104.244.42.0-255,66,156530,17,317864
40816,0.028133,104.244.42.0-255,108,156638,17,317864
40817,0.028151,172.31.36.0-255,66,156704,17,317864
40818,0.028173,74.125.130.0-255,5738,162442,17,317864
40819,0.028177,172.31.36.0-255,66,162508,17,317864
40820,0.030738,74.125.130.0-255,5738,168246,17,317864
40821,0.030744,172.31.36.0-255,66,168312,17,317864
40822,0.033308,74.125.130.0-255,5738,174050,17,317864
40823,0.033314,172.31.36.0-255,66,174116,17,317864
40824,0.035884,74.125.130.0-255,5738,179854,17,317864
40825,0.035892,172.31.36.0-255,66,179920,17,317864
40826,0.038456,74.125.130.0-255,5738,185658,17,317864
40827,0.038462,172.31.36.0-255,66,185724,17,317864
40828,0.041018,74.125.130.0-255,5738,191462,17,317864
40829,0.041036,172.31.36.0-255,66,191528,17,317864
40830,0.043607,74.125.130.0-255,5738,197266,17,317864
40831,0.043614,172.31.36.0-255,66,197332,17,317864
40832,0.046192,74.125.130.0-255,5738,203070,17,317864
40833,0.046199,172.31.36.0-255,66,203136,17,317864
40834,0.048793,74.125.130.0-255,5738,208874,17,317864
40835,0.0488,172.31.36.0-255,66,208940,17,317864
40836,0.051376,74.125.130.0-255,5738,214678,17,317864
40837,0.051383,172.31.36.0-255,66,214744,17,317864
40838,0.053959,74.125.130.0-255,5738,220482,17,317864
40839,0.053964,172.31.36.0-255,66,220548,17,317864
40840,0.056536,74.125.130.0-255,5738,226286,17,317864
40841,0.056542,172.31.36.0-255,66,226352,17,317864
40842,0.059124,74.125.130.0-255,5738,232090,17,317864
40843,0.05913,172.31.36.0-255,66,232156,17,317864
40844,0.061705,74.125.130.0-255,5738,237894,17,317864
40845,0.061712,172.31.36.0-255,66,237960,17,317864
40846,0.064303,74.125.130.0-255,5738,243698,17,317864
40847,0.06431,172.31.36.0-255,66,243764,17,317864
40848,0.066895,74.125.130.0-255,5738,249502,17,317864
40849,0.066902,172.31.36.0-255,66,249568,17,317864
40850,0.06948,74.125.130.0-255,5738,255306,17,317864
40851,0.069487,172.31.36.0-255,66,255372,17,317864
40852,0.07206,74.125.130.0-255,5738,261110,17,317864
40853,0.072066,172.31.36.0-255,66,261176,17,317864
40854,0.074644,74.125.130.0-255,5738,266914,17,317864
40855,0.07465,172.31.36.0-255,66,266980,17,317864
40856,0.077222,74.125.130.0-255,5738,272718,17,317864
40857,0.077229,172.31.36.0-255,66,272784,17,317864
40858,0.079805,74.125.130.0-255,5738,278522,17,317864
40859,0.079812,172.31.36.0-255,66,278588,17,317864
40860,0.08238,74.125.130.0-255,5738,284326,17,317864
40861,0.082386,172.31.36.0-255,66,284392,17,317864
40862,0.084957,74.125.130.0-255,5738,290130,17,317864
40863,0.084965,172.31.36.0-255,66,290196,17,317864
40864,0.087527,74.125.130.0-255,4320,294516,17,317864
40865,0.087532,172.31.36.0-255,66,294582,17,317864
40866,0.087549,74.125.130.0-255,1484,296066,17,317864
40867,0.0901,74.125.130.0-255,4320,300386,17,317864
40868,0.090107,172.31.36.0-255,66,300452,17,317864
40869,0.092688,74.125.130.0-255,5738,306190,17,317864
40870,0.092695,172.31.36.0-255,66,306256,17,317864
40871,0.095289,74.125.130.0-255,5738,311994,17,317864
40872,0.095296,172.31.36.0-255,66,312060,17,317864
40873,0.097858,74.125.130.0-255,5738,317798,17,317864
40874,0.097865,172.31.36.0-255,66,317864,17,317864
40875,0.0,172.217.194.0-255,153,153,17,168749
40876,3.3e-05,172.31.36.0-255,66,219,17,168749
40877,4.1e-05,172.217.194.0-255,1484,1703,17,168749
40878,4.5e-05,172.31.36.0-255,66,1769,17,168749
40879,4.9e-05,172.217.194.0-255,2902,4671,17,168749
40880,5.2e-05,172.31.36.0-255,66,4737,17,168749
40881,6.8e-05,172.217.194.0-255,7156,11893,17,168749
40882,7.1e-05,172.31.36.0-255,66,11959,17,168749
40883,7.5e-05,172.217.194.0-255,2047,14006,17,168749
40884,7.7e-05,172.31.36.0-255,66,14072,17,168749
40885,8.4e-05,172.217.194.0-255,7156,21228,17,168749
40886,8.9e-05,172.31.36.0-255,66,21294,17,168749
40887,0.000127,172.217.194.0-255,4320,25614,17,168749
40888,0.000131,172.31.36.0-255,66,25680,17,168749
40889,0.000137,172.217.194.0-255,5379,31059,17,168749
40890,0.00014,172.31.36.0-255,66,31125,17,168749
40891,0.000231,172.217.194.0-255,1484,32609,17,168749
40892,0.000235,172.31.36.0-255,66,32675,17,168749
40893,0.000263,172.217.194.0-255,2902,35577,17,168749
40894,0.000266,172.31.36.0-255,66,35643,17,168749
40895,0.000272,172.217.194.0-255,5738,41381,17,168749
40896,0.000275,172.31.36.0-255,66,41447,17,168749
40897,0.000295,172.31.36.0-255,66,41513,17,168749
40898,0.000338,172.31.36.0-255,66,41579,17,168749
40899,0.000368,172.217.194.0-255,365,41944,17,168749
40900,0.000372,172.31.36.0-255,66,42010,17,168749
40901,0.000493,172.217.194.0-255,1484,43494,17,168749
40902,0.000498,172.31.36.0-255,66,43560,17,168749
40903,0.000503,172.217.194.0-255,2902,46462,17,168749
40904,0.000506,172.31.36.0-255,66,46528,17,168749
40905,0.000542,172.217.194.0-255,5738,52266,17,168749
40906,0.000556,172.31.36.0-255,66,52332,17,168749
40907,0.00057,172.217.194.0-255,4320,56652,17,168749
40908,0.000571,172.31.36.0-255,66,56718,17,168749
40909,0.000577,172.31.36.0-255,66,56784,17,168749
40910,0.000597,172.217.194.0-255,4320,61104,17,168749
40911,0.000611,172.31.36.0-255,66,61170,17,168749
40912,0.000641,172.217.194.0-255,1635,62805,17,168749
40913,0.000645,172.31.36.0-255,66,62871,17,168749
40914,0.000671,172.217.194.0-255,1484,64355,17,168749
40915,0.000676,172.217.194.0-255,2902,67257,17,168749
40916,0.000695,172.217.194.0-255,5738,72995,17,168749
40917,0.000696,172.31.36.0-255,66,73061,17,168749
40918,0.000701,172.31.36.0-255,66,73127,17,168749
40919,0.000744,172.31.36.0-255,66,73193,17,168749
40920,0.00075,172.31.36.0-255,66,73259,17,168749
40921,0.000773,172.217.194.0-255,766,74025,17,168749
40922,0.000895,172.217.194.0-255,1484,75509,17,168749
40923,0.0009,172.31.36.0-255,66,75575,17,168749
40924,0.000904,172.217.194.0-255,1484,77059,17,168749
40925,0.00093,172.217.194.0-255,1484,78543,17,168749
40926,0.000936,172.217.194.0-255,5738,84281,17,168749
40927,0.000936,172.31.36.0-255,66,84347,17,168749
40928,0.00095,172.31.36.0-255,66,84413,17,168749
40929,0.000987,172.217.194.0-255,4320,88733,17,168749
40930,0.000992,172.31.36.0-255,66,88799,17,168749
40931,0.001023,172.31.36.0-255,66,88865,17,168749
40932,0.001056,172.217.194.0-255,1484,90349,17,168749
40933,0.001059,172.31.36.0-255,66,90415,17,168749
40934,0.001138,172.217.194.0-255,1484,91899,17,168749
40935,0.001139,172.31.36.0-255,66,91965,17,168749
40936,0.001141,172.217.194.0-255,2902,94867,17,168749
40937,0.001144,172.31.36.0-255,66,94933,17,168749
40938,0.001147,172.217.194.0-255,5738,100671,17,168749
40939,0.001158,172.31.36.0-255,66,100737,17,168749
40940,0.001202,172.31.36.0-255,66,100803,17,168749
40941,0.001236,172.217.194.0-255,4320,105123,17,168749
40942,0.00124,172.31.36.0-255,66,105189,17,168749
40943,0.001265,172.217.194.0-255,6438,111627,17,168749
40944,0.001269,172.31.36.0-255,66,111693,17,168749
40945,0.001294,172.217.194.0-255,1484,113177,17,168749
40946,0.001298,172.217.194.0-255,1484,114661,17,168749
40947,0.001318,172.217.194.0-255,1484,116145,17,168749
40948,0.001319,172.31.36.0-255,66,116211,17,168749
40949,0.001323,172.217.194.0-255,5738,121949,17,168749
40950,0.001334,172.31.36.0-255,66,122015,17,168749
40951,0.001369,172.31.36.0-255,66,122081,17,168749
40952,0.001378,172.217.194.0-255,1484,123565,17,168749
40953,0.001417,172.31.36.0-255,66,123631,17,168749
40954,0.001439,172.217.194.0-255,7156,130787,17,168749
40955,0.001445,172.217.194.0-255,4320,135107,17,168749
40956,0.001452,172.31.36.0-255,66,135173,17,168749
40957,0.001478,172.217.194.0-255,4320,139493,17,168749
40958,0.001482,172.31.36.0-255,66,139559,17,168749
40959,0.001508,172.31.36.0-255,66,139625,17,168749
40960,0.001512,172.217.194.0-255,4320,143945,17,168749
40961,0.001516,172.217.194.0-255,766,144711,17,168749
40962,0.001523,172.31.36.0-255,66,144777,17,168749
40963,0.001572,172.217.194.0-255,1484,146261,17,168749
40964,0.001577,172.217.194.0-255,2902,149163,17,168749
40965,0.001586,172.31.36.0-255,66,149229,17,168749
40966,0.001606,172.217.194.0-255,5738,154967,17,168749
40967,0.001611,172.217.194.0-255,2902,157869,17,168749
40968,0.001616,172.31.36.0-255,66,157935,17,168749
40969,0.00164,172.31.36.0-255,66,158001,17,168749
40970,0.001689,172.31.36.0-255,66,158067,17,168749
40971,0.001714,172.31.36.0-255,66,158133,17,168749
40972,0.00175,172.217.194.0-255,5738,163871,17,168749
40973,0.001754,172.31.36.0-255,66,163937,17,168749
40974,0.001775,172.31.36.0-255,66,164003,17,168749
40975,0.001822,172.31.36.0-255,66,164069,17,168749
40976,0.001872,172.31.36.0-255,66,164135,17,168749
40977,0.001877,172.217.194.0-255,105,164240,17,168749
40978,0.001885,172.31.36.0-255,66,164306,17,168749
40979,0.003662,172.31.36.0-255,105,164411,17,168749
40980,0.006168,172.217.194.0-255,66,164477,17,168749
40981,0.032701,172.31.36.0-255,172,164649,17,168749
40982,0.032732,172.31.36.0-255,1117,165766,17,168749
40983,0.032774,172.31.36.0-255,1514,167280,17,168749
40984,0.032775,172.31.36.0-255,1271,168551,17,168749
40985,0.034214,104.244.42.0-255,66,168617,17,168749
40986,0.034269,104.244.42.0-255,66,168683,17,168749
40987,0.034271,104.244.42.0-255,66,168749,17,168749
40988,0.0,172.217.24.0-255,153,153,17,367801
40989,1.8e-05,172.31.36.0-255,66,219,17,367801
40990,2.5e-05,172.217.24.0-255,1484,1703,17,367801
40991,2.9e-05,172.31.36.0-255,66,1769,17,367801
40992,3.5e-05,172.217.24.0-255,2902,4671,17,367801
40993,3.8e-05,172.31.36.0-255,66,4737,17,367801
40994,4.6e-05,172.217.24.0-255,7156,11893,17,367801
40995,4.9e-05,172.31.36.0-255,66,11959,17,367801
40996,5.3e-05,172.217.24.0-255,1965,13924,17,367801
40997,5.6e-05,172.31.36.0-255,66,13990,17,367801
40998,0.00012,172.217.24.0-255,1484,15474,17,367801
40999,0.000123,172.31.36.0-255,66,15540,17,367801
41000,0.000128,172.217.24.0-255,2902,18442,17,367801
41001,0.000131,172.31.36.0-255,66,18508,17,367801
41002,0.000136,172.217.24.0-255,4320,22828,17,367801
41003,0.000138,172.31.36.0-255,66,22894,17,367801
41004,0.000142,172.217.24.0-255,1484,24378,17,367801
41005,0.000143,172.31.36.0-255,66,24444,17,367801
41006,0.000164,172.217.24.0-255,4320,28764,17,367801
41007,0.000167,172.31.36.0-255,66,28830,17,367801
41008,0.000187,172.217.24.0-255,2543,31373,17,367801
41009,0.00019,172.31.36.0-255,66,31439,17,367801
41010,0.000327,172.217.24.0-255,1484,32923,17,367801
41011,0.000333,172.31.36.0-255,66,32989,17,367801
41012,0.000338,172.217.24.0-255,2902,35891,17,367801
41013,0.000341,172.31.36.0-255,66,35957,17,367801
41014,0.000346,172.217.24.0-255,4320,40277,17,367801
41015,0.000349,172.31.36.0-255,66,40343,17,367801
41016,0.000404,172.31.36.0-255,66,40409,17,367801
41017,0.000411,172.217.24.0-255,5738,46147,17,367801
41018,0.000413,172.31.36.0-255,66,46213,17,367801
41019,0.000434,172.31.36.0-255,66,46279,17,367801
41020,0.000437,172.217.24.0-255,1428,47707,17,367801
41021,0.000979,172.31.36.0-255,66,47773,17,367801
41022,0.001068,172.217.24.0-255,118,47891,17,367801
41023,0.001215,172.217.24.0-255,1484,49375,17,367801
41024,0.00122,172.31.36.0-255,66,49441,17,367801
41025,0.001226,172.217.24.0-255,2902,52343,17,367801
41026,0.001228,172.31.36.0-255,66,52409,17,367801
41027,0.001235,172.217.24.0-255,5738,58147,17,367801
41028,0.001237,172.31.36.0-255,66,58213,17,367801
41029,0.001289,172.31.36.0-255,66,58279,17,367801
41030,0.00131,172.217.24.0-255,2543,60822,17,367801
41031,0.001313,172.31.36.0-255,66,60888,17,367801
41032,0.00137,172.217.24.0-255,5738,66626,17,367801
41033,0.001374,172.31.36.0-255,66,66692,17,367801
41034,0.001397,172.217.24.0-255,5379,72071,17,367801
41035,0.0014,172.31.36.0-255,66,72137,17,367801
41036,0.001515,172.217.24.0-255,1484,73621,17,367801
41037,0.001522,172.217.24.0-255,2902,76523,17,367801
41038,0.001526,172.31.36.0-255,66,76589,17,367801
41039,0.001532,172.217.24.0-255,2902,79491,17,367801
41040,0.001534,172.31.36.0-255,66,79557,17,367801
41041,0.00154,172.217.24.0-255,4320,83877,17,367801
41042,0.001542,172.31.36.0-255,66,83943,17,367801
41043,0.001548,172.217.24.0-255,5738,89681,17,367801
41044,0.001551,172.31.36.0-255,66,89747,17,367801
41045,0.001576,172.217.24.0-255,2902,92649,17,367801
41046,0.001578,172.31.36.0-255,66,92715,17,367801
41047,0.001585,172.217.24.0-255,5738,98453,17,367801
41048,0.001587,172.31.36.0-255,66,98519,17,367801
41049,0.001612,172.31.36.0-255,66,98585,17,367801
41050,0.001862,172.217.24.0-255,1484,100069,17,367801
41051,0.00187,172.217.24.0-255,2902,102971,17,367801
41052,0.001875,172.31.36.0-255,66,103037,17,367801
41053,0.001881,172.217.24.0-255,2902,105939,17,367801
41054,0.001884,172.31.36.0-255,66,106005,17,367801
41055,0.001901,172.217.24.0-255,2902,108907,17,367801
41056,0.001904,172.31.36.0-255,66,108973,17,367801
41057,0.001908,172.217.24.0-255,2902,111875,17,367801
41058,0.00191,172.31.36.0-255,66,111941,17,367801
41059,0.001922,172.31.36.0-255,66,112007,17,367801
41060,0.001956,172.31.36.0-255,66,112073,17,367801
41061,0.001963,172.217.24.0-255,5738,117811,17,367801
41062,0.001965,172.31.36.0-255,66,117877,17,367801
41063,0.003893,172.217.24.0-255,5738,123615,17,367801
41064,0.003897,172.31.36.0-255,66,123681,17,367801
41065,0.005844,172.217.24.0-255,5738,129419,17,367801
41066,0.005849,172.31.36.0-255,66,129485,17,367801
41067,0.007775,172.217.24.0-255,5738,135223,17,367801
41068,0.007782,172.31.36.0-255,66,135289,17,367801
41069,0.009717,172.217.24.0-255,5738,141027,17,367801
41070,0.009724,172.31.36.0-255,66,141093,17,367801
41071,0.01167,172.217.24.0-255,5738,146831,17,367801
41072,0.011678,172.31.36.0-255,66,146897,17,367801
41073,0.013611,172.217.24.0-255,5738,152635,17,367801
41074,0.013619,172.31.36.0-255,66,152701,17,367801
41075,0.015547,172.217.24.0-255,5738,158439,17,367801
41076,0.015554,172.31.36.0-255,66,158505,17,367801
41077,0.017476,172.217.24.0-255,5738,164243,17,367801
41078,0.017483,172.31.36.0-255,66,164309,17,367801
41079,0.019454,172.217.24.0-255,5738,170047,17,367801
41080,0.019462,172.31.36.0-255,66,170113,17,367801
41081,0.021395,172.217.24.0-255,5738,175851,17,367801
41082,0.021404,172.31.36.0-255,66,175917,17,367801
41083,0.023344,172.217.24.0-255,5738,181655,17,367801
41084,0.023355,172.31.36.0-255,66,181721,17,367801
41085,0.025291,172.217.24.0-255,5738,187459,17,367801
41086,0.025299,172.31.36.0-255,66,187525,17,367801
41087,0.027219,172.217.24.0-255,5738,193263,17,367801
41088,0.027226,172.31.36.0-255,66,193329,17,367801
41089,0.029163,172.217.24.0-255,5738,199067,17,367801
41090,0.029171,172.31.36.0-255,66,199133,17,367801
41091,0.031101,172.217.24.0-255,5738,204871,17,367801
41092,0.031108,172.31.36.0-255,66,204937,17,367801
41093,0.033046,172.217.24.0-255,5738,210675,17,367801
41094,0.033054,172.31.36.0-255,66,210741,17,367801
41095,0.034979,172.217.24.0-255,5738,216479,17,367801
41096,0.034987,172.31.36.0-255,66,216545,17,367801
41097,0.03691,172.217.24.0-255,5738,222283,17,367801
41098,0.036918,172.31.36.0-255,66,222349,17,367801
41099,0.038079,172.31.36.0-255,188,222537,17,367801
41100,0.038114,172.31.36.0-255,961,223498,17,367801
41101,0.038183,172.31.36.0-255,1514,225012,17,367801
41102,0.038185,172.31.36.0-255,1514,226526,17,367801
41103,0.03819,172.31.36.0-255,1514,228040,17,367801
41104,0.038191,172.31.36.0-255,1205,229245,17,367801
41105,0.038844,172.217.24.0-255,5738,234983,17,367801
41106,0.038852,172.31.36.0-255,66,235049,17,367801
41107,0.039641,104.244.42.0-255,66,235115,17,367801
41108,0.03965,104.244.42.0-255,66,235181,17,367801
41109,0.039748,104.244.42.0-255,66,235247,17,367801
41110,0.039753,104.244.42.0-255,66,235313,17,367801
41111,0.04078,172.217.24.0-255,5738,241051,17,367801
41112,0.040787,172.31.36.0-255,66,241117,17,367801
41113,0.042722,172.217.24.0-255,5738,246855,17,367801
41114,0.042731,172.31.36.0-255,66,246921,17,367801
41115,0.044667,172.217.24.0-255,5738,252659,17,367801
41116,0.044673,172.31.36.0-255,66,252725,17,367801
41117,0.046623,172.217.24.0-255,5738,258463,17,367801
41118,0.04663,172.31.36.0-255,66,258529,17,367801
41119,0.04856,172.217.24.0-255,5738,264267,17,367801
41120,0.048567,172.31.36.0-255,66,264333,17,367801
41121,0.050501,172.217.24.0-255,5738,270071,17,367801
41122,0.050507,172.31.36.0-255,66,270137,17,367801
41123,0.052434,172.217.24.0-255,5738,275875,17,367801
41124,0.05244,172.31.36.0-255,66,275941,17,367801
41125,0.054369,172.217.24.0-255,5738,281679,17,367801
41126,0.054376,172.31.36.0-255,66,281745,17,367801
41127,0.056321,172.217.24.0-255,5738,287483,17,367801
41128,0.056326,172.31.36.0-255,66,287549,17,367801
41129,0.058265,172.217.24.0-255,5738,293287,17,367801
41130,0.058273,172.31.36.0-255,66,293353,17,367801
41131,0.060206,172.217.24.0-255,5738,299091,17,367801
41132,0.060212,172.31.36.0-255,66,299157,17,367801
41133,0.062136,172.217.24.0-255,5738,304895,17,367801
41134,0.062142,172.31.36.0-255,66,304961,17,367801
41135,0.064075,172.217.24.0-255,5738,310699,17,367801
41136,0.064082,172.31.36.0-255,66,310765,17,367801
41137,0.066021,172.217.24.0-255,5738,316503,17,367801
41138,0.066027,172.31.36.0-255,66,316569,17,367801
41139,0.067963,172.217.24.0-255,5738,322307,17,367801
41140,0.06797,172.31.36.0-255,66,322373,17,367801
41141,0.069923,172.217.24.0-255,5738,328111,17,367801
41142,0.06993,172.31.36.0-255,66,328177,17,367801
41143,0.071865,172.217.24.0-255,5738,333915,17,367801
41144,0.071872,172.31.36.0-255,66,333981,17,367801
41145,0.073805,172.217.24.0-255,5738,339719,17,367801
41146,0.073812,172.31.36.0-255,66,339785,17,367801
41147,0.075752,172.217.24.0-255,5738,345523,17,367801
41148,0.075759,172.31.36.0-255,66,345589,17,367801
41149,0.077687,172.217.24.0-255,5738,351327,17,367801
41150,0.077694,172.31.36.0-255,66,351393,17,367801
41151,0.079679,172.217.24.0-255,5738,357131,17,367801
41152,0.079685,172.31.36.0-255,66,357197,17,367801
41153,0.081625,172.217.24.0-255,5738,362935,17,367801
41154,0.081631,172.31.36.0-255,66,363001,17,367801
41155,0.083563,172.217.24.0-255,4563,367564,17,367801
41156,0.08357,172.31.36.0-255,66,367630,17,367801
41157,0.083748,172.31.36.0-255,105,367735,17,367801
41158,0.08564,172.217.24.0-255,66,367801,17,367801
41159,0.0,74.125.24.0-255,66,66,17,66
41160,0.0,172.217.194.0-255,153,153,17,226748
41161,3.2e-05,172.31.36.0-255,66,219,17,226748
41162,3.9e-05,172.217.194.0-255,1484,1703,17,226748
41163,4.3e-05,172.31.36.0-255,66,1769,17,226748
41164,4.9e-05,172.217.194.0-255,2902,4671,17,226748
41165,5.1e-05,172.31.36.0-255,66,4737,17,226748
41166,5.6e-05,172.217.194.0-255,4320,9057,17,226748
41167,5.9e-05,172.31.36.0-255,66,9123,17,226748
41168,9.1e-05,172.217.194.0-255,2902,12025,17,226748
41169,9.3e-05,172.31.36.0-255,66,12091,17,226748
41170,0.000109,172.217.194.0-255,2066,14157,17,226748
41171,0.000112,172.31.36.0-255,66,14223,17,226748
41172,0.000165,172.217.194.0-255,1484,15707,17,226748
41173,0.000168,172.31.36.0-255,66,15773,17,226748
41174,0.000174,172.217.194.0-255,2902,18675,17,226748
41175,0.000178,172.31.36.0-255,66,18741,17,226748
41176,0.000205,172.217.194.0-255,5738,24479,17,226748
41177,0.000209,172.31.36.0-255,66,24545,17,226748
41178,0.000216,172.217.194.0-255,6797,31342,17,226748
41179,0.000219,172.31.36.0-255,66,31408,17,226748
41180,0.000256,172.31.36.0-255,66,31474,17,226748
41181,0.000302,172.217.194.0-255,4320,35794,17,226748
41182,0.000306,172.31.36.0-255,66,35860,17,226748
41183,0.000327,172.217.194.0-255,3961,39821,17,226748
41184,0.00033,172.31.36.0-255,66,39887,17,226748
41185,0.000612,172.217.194.0-255,1484,41371,17,226748
41186,0.000617,172.31.36.0-255,66,41437,17,226748
41187,0.000622,172.217.194.0-255,2902,44339,17,226748
41188,0.000624,172.31.36.0-255,66,44405,17,226748
41189,0.000629,172.217.194.0-255,2902,47307,17,226748
41190,0.000632,172.31.36.0-255,66,47373,17,226748
41191,0.000651,172.217.194.0-255,2902,50275,17,226748
41192,0.000654,172.31.36.0-255,66,50341,17,226748
41193,0.000664,172.31.36.0-255,66,50407,17,226748
41194,0.000796,172.217.194.0-255,1484,51891,17,226748
41195,0.000802,172.217.194.0-255,2902,54793,17,226748
41196,0.000805,172.31.36.0-255,66,54859,17,226748
41197,0.000829,172.217.194.0-255,5738,60597,17,226748
41198,0.000832,172.31.36.0-255,66,60663,17,226748
41199,0.000882,172.217.194.0-255,7156,67819,17,226748
41200,0.000885,172.31.36.0-255,66,67885,17,226748
41201,0.000912,172.217.194.0-255,6797,74682,17,226748
41202,0.000915,172.31.36.0-255,66,74748,17,226748
41203,0.000925,172.31.36.0-255,66,74814,17,226748
41204,0.001015,172.217.194.0-255,1484,76298,17,226748
41205,0.001019,172.217.194.0-255,2902,79200,17,226748
41206,0.001023,172.31.36.0-255,66,79266,17,226748
41207,0.001027,172.217.194.0-255,1484,80750,17,226748
41208,0.001044,172.217.194.0-255,4320,85070,17,226748
41209,0.001047,172.31.36.0-255,66,85136,17,226748
41210,0.001052,172.217.194.0-255,2902,88038,17,226748
41211,0.001054,172.31.36.0-255,66,88104,17,226748
41212,0.001094,172.31.36.0-255,66,88170,17,226748
41213,0.001104,172.217.194.0-255,766,88936,17,226748
41214,0.001109,172.31.36.0-255,66,89002,17,226748
41215,0.001217,172.217.194.0-255,1484,90486,17,226748
41216,0.001221,172.31.36.0-255,66,90552,17,226748
41217,0.001226,172.217.194.0-255,2902,93454,17,226748
41218,0.001228,172.31.36.0-255,66,93520,17,226748
41219,0.001231,172.217.194.0-255,1484,95004,17,226748
41220,0.001255,172.217.194.0-255,4320,99324,17,226748
41221,0.001258,172.31.36.0-255,66,99390,17,226748
41222,0.001265,172.217.194.0-255,7156,106546,17,226748
41223,0.001268,172.31.36.0-255,66,106612,17,226748
41224,0.00129,172.217.194.0-255,5738,112350,17,226748
41225,0.001294,172.31.36.0-255,66,112416,17,226748
41226,0.001323,172.31.36.0-255,66,112482,17,226748
41227,0.001358,172.31.36.0-255,66,112548,17,226748
41228,0.001392,172.31.36.0-255,66,112614,17,226748
41229,0.001402,172.31.36.0-255,66,112680,17,226748
41230,0.001609,172.217.194.0-255,1484,114164,17,226748
41231,0.001628,172.217.194.0-255,2902,117066,17,226748
41232,0.001631,172.31.36.0-255,66,117132,17,226748
41233,0.00165,172.217.194.0-255,5738,122870,17,226748
41234,0.001653,172.31.36.0-255,66,122936,17,226748
41235,0.001694,172.31.36.0-255,66,123002,17,226748
41236,0.001698,172.217.194.0-255,1484,124486,17,226748
41237,0.001732,172.217.194.0-255,2902,127388,17,226748
41238,0.001736,172.31.36.0-255,66,127454,17,226748
41239,0.001754,172.217.194.0-255,6438,133892,17,226748
41240,0.001757,172.31.36.0-255,66,133958,17,226748
41241,0.002176,172.217.194.0-255,1484,135442,17,226748
41242,0.00218,172.217.194.0-255,1484,136926,17,226748
41243,0.002183,172.31.36.0-255,66,136992,17,226748
41244,0.002202,172.217.194.0-255,1484,138476,17,226748
41245,0.002208,172.217.194.0-255,5738,144214,17,226748
41246,0.002211,172.31.36.0-255,66,144280,17,226748
41247,0.002252,172.31.36.0-255,66,144346,17,226748
41248,0.002264,172.31.36.0-255,66,144412,17,226748
41249,0.00235,172.31.36.0-255,66,144478,17,226748
41250,0.002364,172.31.36.0-255,66,144544,17,226748
41251,0.002397,172.31.36.0-255,66,144610,17,226748
41252,0.002424,172.217.194.0-255,2902,147512,17,226748
41253,0.002428,172.31.36.0-255,66,147578,17,226748
41254,0.002439,172.31.36.0-255,66,147644,17,226748
41255,0.002454,172.217.194.0-255,4320,151964,17,226748
41256,0.002458,172.31.36.0-255,66,152030,17,226748
41257,0.002482,172.31.36.0-255,66,152096,17,226748
41258,0.0025,172.217.194.0-255,6438,158534,17,226748
41259,0.002503,172.31.36.0-255,66,158600,17,226748
41260,0.002506,172.217.194.0-255,1484,160084,17,226748
41261,0.004877,172.217.194.0-255,4320,164404,17,226748
41262,0.004884,172.31.36.0-255,66,164470,17,226748
41263,0.00726,172.217.194.0-255,5738,170208,17,226748
41264,0.007264,172.31.36.0-255,66,170274,17,226748
41265,0.009625,172.217.194.0-255,5738,176012,17,226748
41266,0.009632,172.31.36.0-255,66,176078,17,226748
41267,0.012002,172.217.194.0-255,5738,181816,17,226748
41268,0.01201,172.31.36.0-255,66,181882,17,226748
41269,0.014383,172.217.194.0-255,5738,187620,17,226748
41270,0.014392,172.31.36.0-255,66,187686,17,226748
41271,0.016784,172.217.194.0-255,5738,193424,17,226748
41272,0.016792,172.31.36.0-255,66,193490,17,226748
41273,0.019177,172.217.194.0-255,5738,199228,17,226748
41274,0.019185,172.31.36.0-255,66,199294,17,226748
41275,0.021603,172.217.194.0-255,5738,205032,17,226748
41276,0.02161,172.31.36.0-255,66,205098,17,226748
41277,0.023992,172.217.194.0-255,5738,210836,17,226748
41278,0.023999,172.31.36.0-255,66,210902,17,226748
41279,0.02639,172.217.194.0-255,5738,216640,17,226748
41280,0.0264,172.31.36.0-255,66,216706,17,226748
41281,0.028802,172.217.194.0-255,5008,221714,17,226748
41282,0.02881,172.31.36.0-255,66,221780,17,226748
41283,0.029005,172.31.36.0-255,105,221885,17,226748
41284,0.029032,172.31.36.0-255,105,221990,17,226748
41285,0.029238,172.31.36.0-255,90,222080,17,226748
41286,0.029247,172.31.36.0-255,66,222146,17,226748
41287,0.029955,172.31.36.0-255,172,222318,17,226748
41288,0.029985,172.31.36.0-255,1118,223436,17,226748
41289,0.03002,172.31.36.0-255,1514,224950,17,226748
41290,0.030022,172.31.36.0-255,1270,226220,17,226748
41291,0.031333,172.217.194.0-255,66,226286,17,226748
41292,0.031348,172.217.194.0-255,66,226352,17,226748
41293,0.0315,104.244.42.0-255,66,226418,17,226748
41294,0.031543,104.244.42.0-255,66,226484,17,226748
41295,0.031572,172.217.194.0-255,66,226550,17,226748
41296,0.031591,104.244.42.0-255,66,226616,17,226748
41297,0.031604,172.217.194.0-255,66,226682,17,226748
41298,0.031608,172.31.36.0-255,66,226748,17,226748
41299,0.0,172.217.194.0-255,142,142,17,357138
41300,2e-05,172.31.36.0-255,66,208,17,357138
41301,2.6e-05,172.217.194.0-255,1484,1692,17,357138
41302,3e-05,172.31.36.0-255,66,1758,17,357138
41303,3.6e-05,172.217.194.0-255,2902,4660,17,357138
41304,3.9e-05,172.31.36.0-255,66,4726,17,357138
41305,4.5e-05,172.217.194.0-255,4320,9046,17,357138
41306,4.8e-05,172.31.36.0-255,66,9112,17,357138
41307,6.8e-05,172.217.194.0-255,4893,14005,17,357138
41308,7.1e-05,172.31.36.0-255,66,14071,17,357138
41309,0.000104,172.217.194.0-255,4320,18391,17,357138
41310,0.000107,172.31.36.0-255,66,18457,17,357138
41311,0.000129,172.217.194.0-255,1484,19941,17,357138
41312,0.000131,172.31.36.0-255,66,20007,17,357138
41313,0.000139,172.217.194.0-255,7156,27163,17,357138
41314,0.000141,172.31.36.0-255,66,27229,17,357138
41315,0.000182,172.217.194.0-255,3961,31190,17,357138
41316,0.000185,172.31.36.0-255,66,31256,17,357138
41317,0.000191,172.217.194.0-255,4320,35576,17,357138
41318,0.000193,172.31.36.0-255,66,35642,17,357138
41319,0.000229,172.31.36.0-255,66,35708,17,357138
41320,0.000234,172.217.194.0-255,2543,38251,17,357138
41321,0.000236,172.31.36.0-255,66,38317,17,357138
41322,0.000727,172.217.194.0-255,1484,39801,17,357138
41323,0.000733,172.31.36.0-255,66,39867,17,357138
41324,0.00074,172.217.194.0-255,2902,42769,17,357138
41325,0.000742,172.31.36.0-255,66,42835,17,357138
41326,0.000747,172.217.194.0-255,2902,45737,17,357138
41327,0.000748,172.31.36.0-255,66,45803,17,357138
41328,0.000767,172.217.194.0-255,2902,48705,17,357138
41329,0.00077,172.31.36.0-255,66,48771,17,357138
41330,0.000796,172.217.194.0-255,6797,55568,17,357138
41331,0.000799,172.31.36.0-255,66,55634,17,357138
41332,0.000842,172.217.194.0-255,2902,58536,17,357138
41333,0.000845,172.31.36.0-255,66,58602,17,357138
41334,0.000851,172.217.194.0-255,4320,62922,17,357138
41335,0.000853,172.31.36.0-255,66,62988,17,357138
41336,0.000893,172.31.36.0-255,66,63054,17,357138
41337,0.000896,172.217.194.0-255,1125,64179,17,357138
41338,0.000932,172.217.194.0-255,1484,65663,17,357138
41339,0.000935,172.31.36.0-255,66,65729,17,357138
41340,0.00094,172.217.194.0-255,2902,68631,17,357138
41341,0.000942,172.31.36.0-255,66,68697,17,357138
41342,0.000964,172.217.194.0-255,4320,73017,17,357138
41343,0.000968,172.31.36.0-255,66,73083,17,357138
41344,0.000981,172.217.194.0-255,1484,74567,17,357138
41345,0.000987,172.217.194.0-255,2902,77469,17,357138
41346,0.000989,172.31.36.0-255,66,77535,17,357138
41347,0.00103,172.31.36.0-255,66,77601,17,357138
41348,0.001042,172.31.36.0-255,66,77667,17,357138
41349,0.001587,172.217.194.0-255,1484,79151,17,357138
41350,0.001596,172.217.194.0-255,2902,82053,17,357138
41351,0.0016,172.31.36.0-255,66,82119,17,357138
41352,0.001608,172.217.194.0-255,5738,87857,17,357138
41353,0.00161,172.31.36.0-255,66,87923,17,357138
41354,0.001617,172.217.194.0-255,6921,94844,17,357138
41355,0.001619,172.31.36.0-255,66,94910,17,357138
41356,0.001752,172.217.194.0-255,1484,96394,17,357138
41357,0.001759,172.217.194.0-255,2902,99296,17,357138
41358,0.001762,172.31.36.0-255,66,99362,17,357138
41359,0.001771,172.217.194.0-255,5738,105100,17,357138
41360,0.001772,172.31.36.0-255,66,105166,17,357138
41361,0.001813,172.31.36.0-255,66,105232,17,357138
41362,0.001825,172.31.36.0-255,66,105298,17,357138
41363,0.001828,172.217.194.0-255,766,106064,17,357138
41364,0.004047,172.217.194.0-255,4320,110384,17,357138
41365,0.004053,172.31.36.0-255,66,110450,17,357138
41366,0.006339,172.217.194.0-255,5738,116188,17,357138
41367,0.006346,172.31.36.0-255,66,116254,17,357138
41368,0.008573,172.217.194.0-255,5738,121992,17,357138
41369,0.008578,172.31.36.0-255,66,122058,17,357138
41370,0.010817,172.217.194.0-255,5738,127796,17,357138
41371,0.010825,172.31.36.0-255,66,127862,17,357138
41372,0.013057,172.217.194.0-255,5738,133600,17,357138
41373,0.013065,172.31.36.0-255,66,133666,17,357138
41374,0.015319,172.217.194.0-255,5738,139404,17,357138
41375,0.01533,172.31.36.0-255,66,139470,17,357138
41376,0.017571,172.217.194.0-255,5738,145208,17,357138
41377,0.017576,172.31.36.0-255,66,145274,17,357138
41378,0.019849,172.217.194.0-255,5738,151012,17,357138
41379,0.019858,172.31.36.0-255,66,151078,17,357138
41380,0.022099,172.217.194.0-255,5738,156816,17,357138
41381,0.022107,172.31.36.0-255,66,156882,17,357138
41382,0.024379,172.217.194.0-255,5738,162620,17,357138
41383,0.024387,172.31.36.0-255,66,162686,17,357138
41384,0.02598,172.31.36.0-255,172,162858,17,357138
41385,0.026033,172.31.36.0-255,1118,163976,17,357138
41386,0.026093,172.31.36.0-255,1514,165490,17,357138
41387,0.026095,172.31.36.0-255,1270,166760,17,357138
41388,0.026657,172.217.194.0-255,5738,172498,17,357138
41389,0.026665,172.31.36.0-255,66,172564,17,357138
41390,0.027518,104.244.42.0-255,66,172630,17,357138
41391,0.027725,104.244.42.0-255,66,172696,17,357138
41392,0.027731,104.244.42.0-255,66,172762,17,357138
41393,0.028886,172.217.194.0-255,4320,177082,17,357138
41394,0.028891,172.31.36.0-255,66,177148,17,357138
41395,0.028909,172.217.194.0-255,1484,178632,17,357138
41396,0.031159,172.217.194.0-255,4320,182952,17,357138
41397,0.031165,172.31.36.0-255,66,183018,17,357138
41398,0.033404,172.217.194.0-255,5738,188756,17,357138
41399,0.033411,172.31.36.0-255,66,188822,17,357138
41400,0.035737,172.217.194.0-255,5738,194560,17,357138
41401,0.035747,172.31.36.0-255,66,194626,17,357138
41402,0.037999,172.217.194.0-255,5738,200364,17,357138
41403,0.03801,172.31.36.0-255,66,200430,17,357138
41404,0.040294,172.217.194.0-255,5738,206168,17,357138
41405,0.040306,172.31.36.0-255,66,206234,17,357138
41406,0.042537,172.217.194.0-255,5738,211972,17,357138
41407,0.042544,172.31.36.0-255,66,212038,17,357138
41408,0.044817,172.217.194.0-255,5738,217776,17,357138
41409,0.044825,172.31.36.0-255,66,217842,17,357138
41410,0.047099,172.217.194.0-255,5738,223580,17,357138
41411,0.047105,172.31.36.0-255,66,223646,17,357138
41412,0.04936,172.217.194.0-255,5738,229384,17,357138
41413,0.049366,172.31.36.0-255,66,229450,17,357138
41414,0.051595,172.217.194.0-255,5738,235188,17,357138
41415,0.051602,172.31.36.0-255,66,235254,17,357138
41416,0.053851,172.217.194.0-255,5738,240992,17,357138
41417,0.053858,172.31.36.0-255,66,241058,17,357138
41418,0.056079,172.217.194.0-255,5738,246796,17,357138
41419,0.056086,172.31.36.0-255,66,246862,17,357138
41420,0.058342,172.217.194.0-255,5738,252600,17,357138
41421,0.058348,172.31.36.0-255,66,252666,17,357138
41422,0.060584,172.217.194.0-255,5738,258404,17,357138
41423,0.060591,172.31.36.0-255,66,258470,17,357138
41424,0.062853,172.217.194.0-255,5738,264208,17,357138
41425,0.062861,172.31.36.0-255,66,264274,17,357138
41426,0.065115,172.217.194.0-255,5738,270012,17,357138
41427,0.065123,172.31.36.0-255,66,270078,17,357138
41428,0.067384,172.217.194.0-255,5738,275816,17,357138
41429,0.067391,172.31.36.0-255,66,275882,17,357138
41430,0.069624,172.217.194.0-255,5738,281620,17,357138
41431,0.069633,172.31.36.0-255,66,281686,17,357138
41432,0.071925,172.217.194.0-255,5738,287424,17,357138
41433,0.071933,172.31.36.0-255,66,287490,17,357138
41434,0.074253,172.217.194.0-255,5738,293228,17,357138
41435,0.07426,172.31.36.0-255,66,293294,17,357138
41436,0.076543,172.217.194.0-255,5738,299032,17,357138
41437,0.07655,172.31.36.0-255,66,299098,17,357138
41438,0.078816,172.217.194.0-255,5738,304836,17,357138
41439,0.078822,172.31.36.0-255,66,304902,17,357138
41440,0.081112,172.217.194.0-255,5738,310640,17,357138
41441,0.081119,172.31.36.0-255,66,310706,17,357138
41442,0.083366,172.217.194.0-255,5738,316444,17,357138
41443,0.083373,172.31.36.0-255,66,316510,17,357138
41444,0.085637,172.217.194.0-255,5738,322248,17,357138
41445,0.085643,172.31.36.0-255,66,322314,17,357138
41446,0.087876,172.217.194.0-255,5738,328052,17,357138
41447,0.087883,172.31.36.0-255,66,328118,17,357138
41448,0.09012,172.217.194.0-255,5738,333856,17,357138
41449,0.090128,172.31.36.0-255,66,333922,17,357138
41450,0.09239,172.217.194.0-255,5738,339660,17,357138
41451,0.092397,172.31.36.0-255,66,339726,17,357138
41452,0.094678,172.217.194.0-255,5738,345464,17,357138
41453,0.094686,172.31.36.0-255,66,345530,17,357138
41454,0.096961,172.217.194.0-255,5738,351268,17,357138
41455,0.096968,172.31.36.0-255,66,351334,17,357138
41456,0.099196,172.217.194.0-255,5738,357072,17,357138
41457,0.099203,172.31.36.0-255,66,357138,17,357138
41458,0.0,172.217.194.0-255,218,218,17,242231
41459,2.7e-05,172.31.36.0-255,66,284,17,242231
41460,3.3e-05,172.217.194.0-255,1484,1768,17,242231
41461,3.8e-05,172.31.36.0-255,66,1834,17,242231
41462,4.4e-05,172.217.194.0-255,4320,6154,17,242231
41463,4.6e-05,172.31.36.0-255,66,6220,17,242231
41464,7.2e-05,172.217.194.0-255,2902,9122,17,242231
41465,7.5e-05,172.31.36.0-255,66,9188,17,242231
41466,9.9e-05,172.217.194.0-255,2902,12090,17,242231
41467,0.000102,172.31.36.0-255,66,12156,17,242231
41468,0.000108,172.217.194.0-255,6120,18276,17,242231
41469,0.00011,172.31.36.0-255,66,18342,17,242231
41470,0.000141,172.217.194.0-255,7156,25498,17,242231
41471,0.000143,172.31.36.0-255,66,25564,17,242231
41472,0.000156,172.217.194.0-255,2902,28466,17,242231
41473,0.000158,172.31.36.0-255,66,28532,17,242231
41474,0.000162,172.217.194.0-255,2543,31075,17,242231
41475,0.000164,172.31.36.0-255,66,31141,17,242231
41476,0.000553,172.217.194.0-255,1484,32625,17,242231
41477,0.000558,172.31.36.0-255,66,32691,17,242231
41478,0.000568,172.217.194.0-255,2902,35593,17,242231
41479,0.00057,172.31.36.0-255,66,35659,17,242231
41480,0.000576,172.217.194.0-255,5738,41397,17,242231
41481,0.000578,172.31.36.0-255,66,41463,17,242231
41482,0.00061,172.217.194.0-255,2902,44365,17,242231
41483,0.000614,172.31.36.0-255,66,44431,17,242231
41484,0.000647,172.31.36.0-255,66,44497,17,242231
41485,0.000653,172.217.194.0-255,5738,50235,17,242231
41486,0.000655,172.31.36.0-255,66,50301,17,242231
41487,0.000661,172.217.194.0-255,4252,54553,17,242231
41488,0.000663,172.31.36.0-255,66,54619,17,242231
41489,0.000708,172.217.194.0-255,364,54983,17,242231
41490,0.000769,172.217.194.0-255,1484,56467,17,242231
41491,0.000773,172.31.36.0-255,66,56533,17,242231
41492,0.000779,172.217.194.0-255,2902,59435,17,242231
41493,0.000782,172.31.36.0-255,66,59501,17,242231
41494,0.000785,172.217.194.0-255,1484,60985,17,242231
41495,0.000804,172.217.194.0-255,4320,65305,17,242231
41496,0.000807,172.31.36.0-255,66,65371,17,242231
41497,0.000812,172.217.194.0-255,5738,71109,17,242231
41498,0.000815,172.31.36.0-255,66,71175,17,242231
41499,0.000844,172.31.36.0-255,66,71241,17,242231
41500,0.000866,172.217.194.0-255,2902,74143,17,242231
41501,0.000869,172.31.36.0-255,66,74209,17,242231
41502,0.000875,172.217.194.0-255,5020,79229,17,242231
41503,0.000877,172.31.36.0-255,66,79295,17,242231
41504,0.001024,172.217.194.0-255,1484,80779,17,242231
41505,0.00103,172.217.194.0-255,2902,83681,17,242231
41506,0.001034,172.31.36.0-255,66,83747,17,242231
41507,0.00107,172.217.194.0-255,4320,88067,17,242231
41508,0.001075,172.31.36.0-255,66,88133,17,242231
41509,0.00108,172.217.194.0-255,2902,91035,17,242231
41510,0.001081,172.31.36.0-255,66,91101,17,242231
41511,0.001098,172.217.194.0-255,2902,94003,17,242231
41512,0.0011,172.31.36.0-255,66,94069,17,242231
41513,0.001105,172.217.194.0-255,4320,98389,17,242231
41514,0.001107,172.31.36.0-255,66,98455,17,242231
41515,0.001122,172.217.194.0-255,1484,99939,17,242231
41516,0.00116,172.31.36.0-255,66,100005,17,242231
41517,0.001163,172.217.194.0-255,766,100771,17,242231
41518,0.001209,172.217.194.0-255,1484,102255,17,242231
41519,0.001212,172.31.36.0-255,66,102321,17,242231
41520,0.001217,172.217.194.0-255,1484,103805,17,242231
41521,0.00123,172.217.194.0-255,1484,105289,17,242231
41522,0.001233,172.31.36.0-255,66,105355,17,242231
41523,0.00124,172.217.194.0-255,4320,109675,17,242231
41524,0.001242,172.31.36.0-255,66,109741,17,242231
41525,0.001253,172.217.194.0-255,1484,111225,17,242231
41526,0.001257,172.217.194.0-255,1484,112709,17,242231
41527,0.00126,172.31.36.0-255,66,112775,17,242231
41528,0.001277,172.217.194.0-255,7156,119931,17,242231
41529,0.001298,172.31.36.0-255,66,119997,17,242231
41530,0.001322,172.217.194.0-255,1484,121481,17,242231
41531,0.001344,172.31.36.0-255,66,121547,17,242231
41532,0.001363,172.217.194.0-255,5020,126567,17,242231
41533,0.001366,172.31.36.0-255,66,126633,17,242231
41534,0.001418,172.217.194.0-255,1484,128117,17,242231
41535,0.001422,172.217.194.0-255,1484,129601,17,242231
41536,0.001424,172.31.36.0-255,66,129667,17,242231
41537,0.001438,172.217.194.0-255,1484,131151,17,242231
41538,0.001441,172.217.194.0-255,1484,132635,17,242231
41539,0.001443,172.31.36.0-255,66,132701,17,242231
41540,0.001467,172.217.194.0-255,4320,137021,17,242231
41541,0.00147,172.31.36.0-255,66,137087,17,242231
41542,0.001473,172.217.194.0-255,1484,138571,17,242231
41543,0.001503,172.31.36.0-255,66,138637,17,242231
41544,0.001515,172.31.36.0-255,66,138703,17,242231
41545,0.001517,172.217.194.0-255,766,139469,17,242231
41546,0.001655,172.217.194.0-255,1484,140953,17,242231
41547,0.00166,172.31.36.0-255,66,141019,17,242231
41548,0.001665,172.217.194.0-255,2902,143921,17,242231
41549,0.001668,172.31.36.0-255,66,143987,17,242231
41550,0.001674,172.217.194.0-255,5738,149725,17,242231
41551,0.001677,172.31.36.0-255,66,149791,17,242231
41552,0.00168,172.217.194.0-255,1484,151275,17,242231
41553,0.001713,172.217.194.0-255,2902,154177,17,242231
41554,0.001716,172.31.36.0-255,66,154243,17,242231
41555,0.001747,172.217.194.0-255,7156,161399,17,242231
41556,0.001752,172.217.194.0-255,3602,165001,17,242231
41557,0.001865,172.217.194.0-255,1484,166485,17,242231
41558,0.001872,172.217.194.0-255,2902,169387,17,242231
41559,0.001876,172.217.194.0-255,1484,170871,17,242231
41560,0.00189,172.217.194.0-255,2902,173773,17,242231
41561,0.001893,172.217.194.0-255,1484,175257,17,242231
41562,0.00191,172.217.194.0-255,4320,179577,17,242231
41563,0.001932,172.217.194.0-255,2902,182479,17,242231
41564,0.001934,172.217.194.0-255,1484,183963,17,242231
41565,0.001935,172.31.36.0-255,66,184029,17,242231
41566,0.001942,172.31.36.0-255,66,184095,17,242231
41567,0.001975,172.31.36.0-255,66,184161,17,242231
41568,0.001994,172.217.194.0-255,1484,185645,17,242231
41569,0.001999,172.217.194.0-255,2902,188547,17,242231
41570,0.002016,172.217.194.0-255,4320,192867,17,242231
41571,0.00202,172.31.36.0-255,66,192933,17,242231
41572,0.002033,172.217.194.0-255,1484,194417,17,242231
41573,0.002035,172.217.194.0-255,1484,195901,17,242231
41574,0.002047,172.31.36.0-255,66,195967,17,242231
41575,0.002052,172.217.194.0-255,5738,201705,17,242231
41576,0.002067,172.31.36.0-255,66,201771,17,242231
41577,0.002086,172.217.194.0-255,4320,206091,17,242231
41578,0.002093,172.31.36.0-255,66,206157,17,242231
41579,0.002111,172.217.194.0-255,2184,208341,17,242231
41580,0.002113,172.31.36.0-255,66,208407,17,242231
41581,0.002129,172.31.36.0-255,66,208473,17,242231
41582,0.002152,172.217.194.0-255,5738,214211,17,242231
41583,0.002159,172.31.36.0-255,66,214277,17,242231
41584,0.002188,172.31.36.0-255,66,214343,17,242231
41585,0.002211,172.217.194.0-255,5738,220081,17,242231
41586,0.002216,172.31.36.0-255,66,220147,17,242231
41587,0.002234,172.31.36.0-255,66,220213,17,242231
41588,0.002249,172.217.194.0-255,1484,221697,17,242231
41589,0.002285,172.31.36.0-255,66,221763,17,242231
41590,0.002293,172.217.194.0-255,1484,223247,17,242231
41591,0.002309,172.217.194.0-255,5738,228985,17,242231
41592,0.002328,172.31.36.0-255,66,229051,17,242231
41593,0.002341,172.217.194.0-255,766,229817,17,242231
41594,0.002345,172.31.36.0-255,66,229883,17,242231
41595,0.002359,172.217.194.0-255,2902,232785,17,242231
41596,0.002363,172.31.36.0-255,66,232851,17,242231
41597,0.002402,172.31.36.0-255,66,232917,17,242231
41598,0.002465,172.217.194.0-255,3980,236897,17,242231
41599,0.002467,172.31.36.0-255,66,236963,17,242231
41600,0.002468,172.217.194.0-255,105,237068,17,242231
41601,0.002472,172.31.36.0-255,66,237134,17,242231
41602,0.002487,172.217.194.0-255,129,237263,17,242231
41603,0.00491,172.31.36.0-255,105,237368,17,242231
41604,0.004933,172.31.36.0-255,105,237473,17,242231
41605,0.005152,172.31.36.0-255,90,237563,17,242231
41606,0.005161,172.31.36.0-255,66,237629,17,242231
41607,0.007459,172.217.194.0-255,66,237695,17,242231
41608,0.007467,172.217.194.0-255,66,237761,17,242231
41609,0.007649,172.217.194.0-255,66,237827,17,242231
41610,0.00769,172.217.194.0-255,66,237893,17,242231
41611,0.007696,172.31.36.0-255,66,237959,17,242231
41612,0.030793,172.31.36.0-255,172,238131,17,242231
41613,0.030822,172.31.36.0-255,1117,239248,17,242231
41614,0.03086,172.31.36.0-255,1514,240762,17,242231
41615,0.030862,172.31.36.0-255,1271,242033,17,242231
41616,0.03236,104.244.42.0-255,66,242099,17,242231
41617,0.032369,104.244.42.0-255,66,242165,17,242231
41618,0.03242,104.244.42.0-255,66,242231,17,242231
41619,0.0,172.253.118.0-255,151,151,17,313458
41620,1.9e-05,172.31.36.0-255,66,217,17,313458
41621,2.4e-05,172.253.118.0-255,1484,1701,17,313458
41622,2.8e-05,172.31.36.0-255,66,1767,17,313458
41623,3.3e-05,172.253.118.0-255,2902,4669,17,313458
41624,3.5e-05,172.31.36.0-255,66,4735,17,313458
41625,7.4e-05,172.253.118.0-255,7156,11891,17,313458
41626,7.8e-05,172.31.36.0-255,66,11957,17,313458
41627,8.3e-05,172.253.118.0-255,2102,14059,17,313458
41628,8.5e-05,172.31.36.0-255,66,14125,17,313458
41629,0.000134,172.253.118.0-255,2902,17027,17,313458
41630,0.000138,172.31.36.0-255,66,17093,17,313458
41631,0.000145,172.253.118.0-255,7156,24249,17,313458
41632,0.000147,172.31.36.0-255,66,24315,17,313458
41633,0.000194,172.253.118.0-255,6797,31112,17,313458
41634,0.000197,172.31.36.0-255,66,31178,17,313458
41635,0.000277,172.253.118.0-255,1484,32662,17,313458
41636,0.000281,172.31.36.0-255,66,32728,17,313458
41637,0.000307,172.253.118.0-255,2902,35630,17,313458
41638,0.00031,172.31.36.0-255,66,35696,17,313458
41639,0.000318,172.253.118.0-255,5738,41434,17,313458
41640,0.000322,172.31.36.0-255,66,41500,17,313458
41641,0.000365,172.31.36.0-255,66,41566,17,313458
41642,0.000397,172.253.118.0-255,4320,45886,17,313458
41643,0.0004,172.31.36.0-255,66,45952,17,313458
41644,0.000426,172.253.118.0-255,7075,53027,17,313458
41645,0.000429,172.31.36.0-255,66,53093,17,313458
41646,0.000463,172.253.118.0-255,130,53223,17,313458
41647,0.000468,172.31.36.0-255,66,53289,17,313458
41648,0.000484,172.253.118.0-255,344,53633,17,313458
41649,0.000487,172.31.36.0-255,66,53699,17,313458
41650,0.000776,172.253.118.0-255,1484,55183,17,313458
41651,0.00079,172.253.118.0-255,2902,58085,17,313458
41652,0.000793,172.31.36.0-255,66,58151,17,313458
41653,0.0008,172.253.118.0-255,5738,63889,17,313458
41654,0.000802,172.31.36.0-255,66,63955,17,313458
41655,0.000805,172.253.118.0-255,1484,65439,17,313458
41656,0.00084,172.253.118.0-255,5738,71177,17,313458
41657,0.000844,172.31.36.0-255,66,71243,17,313458
41658,0.000859,172.31.36.0-255,66,71309,17,313458
41659,0.000863,172.253.118.0-255,2184,73493,17,313458
41660,0.000865,172.31.36.0-255,66,73559,17,313458
41661,0.00108,172.253.118.0-255,1484,75043,17,313458
41662,0.001089,172.253.118.0-255,2902,77945,17,313458
41663,0.001092,172.31.36.0-255,66,78011,17,313458
41664,0.00112,172.253.118.0-255,5738,83749,17,313458
41665,0.001123,172.31.36.0-255,66,83815,17,313458
41666,0.001161,172.31.36.0-255,66,83881,17,313458
41667,0.001172,172.31.36.0-255,66,83947,17,313458
41668,0.001212,172.253.118.0-255,2184,86131,17,313458
41669,0.001215,172.31.36.0-255,66,86197,17,313458
41670,0.001234,172.253.118.0-255,2902,89099,17,313458
41671,0.001238,172.31.36.0-255,66,89165,17,313458
41672,0.001246,172.253.118.0-255,7156,96321,17,313458
41673,0.001248,172.31.36.0-255,66,96387,17,313458
41674,0.001283,172.253.118.0-255,4320,100707,17,313458
41675,0.001286,172.31.36.0-255,66,100773,17,313458
41676,0.001311,172.253.118.0-255,2902,103675,17,313458
41677,0.001314,172.31.36.0-255,66,103741,17,313458
41678,0.00133,172.31.36.0-255,66,103807,17,313458
41679,0.001333,172.253.118.0-255,766,104573,17,313458
41680,0.001377,172.253.118.0-255,1484,106057,17,313458
41681,0.001381,172.31.36.0-255,66,106123,17,313458
41682,0.001386,172.253.118.0-255,2902,109025,17,313458
41683,0.001389,172.31.36.0-255,66,109091,17,313458
41684,0.001394,172.253.118.0-255,4320,113411,17,313458
41685,0.001402,172.31.36.0-255,66,113477,17,313458
41686,0.00143,172.253.118.0-255,1484,114961,17,313458
41687,0.001436,172.253.118.0-255,4320,119281,17,313458
41688,0.001439,172.31.36.0-255,66,119347,17,313458
41689,0.001451,172.31.36.0-255,66,119413,17,313458
41690,0.001454,172.253.118.0-255,1484,120897,17,313458
41691,0.001488,172.253.118.0-255,6438,127335,17,313458
41692,0.001492,172.31.36.0-255,66,127401,17,313458
41693,0.001699,172.253.118.0-255,1484,128885,17,313458
41694,0.001707,172.253.118.0-255,2902,131787,17,313458
41695,0.001712,172.31.36.0-255,66,131853,17,313458
41696,0.001715,172.253.118.0-255,1484,133337,17,313458
41697,0.00174,172.253.118.0-255,4320,137657,17,313458
41698,0.001743,172.31.36.0-255,66,137723,17,313458
41699,0.001748,172.253.118.0-255,4320,142043,17,313458
41700,0.001751,172.31.36.0-255,66,142109,17,313458
41701,0.001783,172.31.36.0-255,66,142175,17,313458
41702,0.001795,172.31.36.0-255,66,142241,17,313458
41703,0.002096,172.253.118.0-255,1484,143725,17,313458
41704,0.002115,172.253.118.0-255,2902,146627,17,313458
41705,0.002118,172.31.36.0-255,66,146693,17,313458
41706,0.002123,172.253.118.0-255,5738,152431,17,313458
41707,0.002126,172.31.36.0-255,66,152497,17,313458
41708,0.002128,172.253.118.0-255,1484,153981,17,313458
41709,0.002143,172.253.118.0-255,5738,159719,17,313458
41710,0.002161,172.253.118.0-255,2902,162621,17,313458
41711,0.004333,172.31.36.0-255,66,162687,17,313458
41712,0.006648,172.253.118.0-255,5738,168425,17,313458
41713,0.006654,172.31.36.0-255,66,168491,17,313458
41714,0.008967,172.253.118.0-255,5738,174229,17,313458
41715,0.008974,172.31.36.0-255,66,174295,17,313458
41716,0.011294,172.253.118.0-255,5738,180033,17,313458
41717,0.01131,172.31.36.0-255,66,180099,17,313458
41718,0.013636,172.253.118.0-255,5738,185837,17,313458
41719,0.013648,172.31.36.0-255,66,185903,17,313458
41720,0.01595,172.253.118.0-255,5738,191641,17,313458
41721,0.015961,172.31.36.0-255,66,191707,17,313458
41722,0.018292,172.253.118.0-255,5738,197445,17,313458
41723,0.0183,172.31.36.0-255,66,197511,17,313458
41724,0.020618,172.253.118.0-255,5738,203249,17,313458
41725,0.020627,172.31.36.0-255,66,203315,17,313458
41726,0.022932,172.253.118.0-255,5738,209053,17,313458
41727,0.02294,172.31.36.0-255,66,209119,17,313458
41728,0.023416,172.31.36.0-255,172,209291,17,313458
41729,0.023456,172.31.36.0-255,1117,210408,17,313458
41730,0.02353,172.31.36.0-255,1514,211922,17,313458
41731,0.023533,172.31.36.0-255,1271,213193,17,313458
41732,0.024975,104.244.42.0-255,66,213259,17,313458
41733,0.025026,104.244.42.0-255,66,213325,17,313458
41734,0.025117,104.244.42.0-255,66,213391,17,313458
41735,0.025233,172.253.118.0-255,4320,217711,17,313458
41736,0.025237,172.31.36.0-255,66,217777,17,313458
41737,0.025272,172.253.118.0-255,1484,219261,17,313458
41738,0.027534,172.253.118.0-255,4320,223581,17,313458
41739,0.027541,172.31.36.0-255,66,223647,17,313458
41740,0.029865,172.253.118.0-255,5738,229385,17,313458
41741,0.029871,172.31.36.0-255,66,229451,17,313458
41742,0.032155,172.253.118.0-255,5738,235189,17,313458
41743,0.03216,172.31.36.0-255,66,235255,17,313458
41744,0.034459,172.253.118.0-255,5738,240993,17,313458
41745,0.034465,172.31.36.0-255,66,241059,17,313458
41746,0.036754,172.253.118.0-255,5738,246797,17,313458
41747,0.036759,172.31.36.0-255,66,246863,17,313458
41748,0.039055,172.253.118.0-255,5738,252601,17,313458
41749,0.03906,172.31.36.0-255,66,252667,17,313458
41750,0.041353,172.253.118.0-255,5738,258405,17,313458
41751,0.041359,172.31.36.0-255,66,258471,17,313458
41752,0.04365,172.253.118.0-255,5738,264209,17,313458
41753,0.043655,172.31.36.0-255,66,264275,17,313458
41754,0.045945,172.253.118.0-255,5738,270013,17,313458
41755,0.045951,172.31.36.0-255,66,270079,17,313458
41756,0.048248,172.253.118.0-255,5738,275817,17,313458
41757,0.048254,172.31.36.0-255,66,275883,17,313458
41758,0.050568,172.253.118.0-255,5738,281621,17,313458
41759,0.050575,172.31.36.0-255,66,281687,17,313458
41760,0.052852,172.253.118.0-255,5738,287425,17,313458
41761,0.052857,172.31.36.0-255,66,287491,17,313458
41762,0.055149,172.253.118.0-255,5738,293229,17,313458
41763,0.055155,172.31.36.0-255,66,293295,17,313458
41764,0.057461,172.253.118.0-255,5738,299033,17,313458
41765,0.057466,172.31.36.0-255,66,299099,17,313458
41766,0.059759,172.253.118.0-255,2902,302001,17,313458
41767,0.059764,172.31.36.0-255,66,302067,17,313458
41768,0.059795,172.253.118.0-255,2902,304969,17,313458
41769,0.059798,172.31.36.0-255,66,305035,17,313458
41770,0.062054,172.253.118.0-255,2902,307937,17,313458
41771,0.06206,172.31.36.0-255,66,308003,17,313458
41772,0.062093,172.253.118.0-255,2902,310905,17,313458
41773,0.062096,172.31.36.0-255,66,310971,17,313458
41774,0.06437,172.253.118.0-255,2250,313221,17,313458
41775,0.064391,172.31.36.0-255,66,313287,17,313458
41776,0.064544,172.31.36.0-255,105,313392,17,313458
41777,0.066803,172.253.118.0-255,66,313458,17,313458
41778,0.0,172.217.194.0-255,146,146,17,205660
41779,1.8e-05,172.31.36.0-255,66,212,17,205660
41780,2.5e-05,172.217.194.0-255,1484,1696,17,205660
41781,3e-05,172.31.36.0-255,66,1762,17,205660
41782,4.5e-05,172.217.194.0-255,2902,4664,17,205660
41783,4.8e-05,172.31.36.0-255,66,4730,17,205660
41784,5.5e-05,172.217.194.0-255,5738,10468,17,205660
41785,6e-05,172.31.36.0-255,66,10534,17,205660
41786,7.5e-05,172.31.36.0-255,66,10600,17,205660
41787,8.6e-05,172.31.36.0-255,66,10666,17,205660
41788,0.000131,172.217.194.0-255,1484,12150,17,205660
41789,0.000134,172.31.36.0-255,66,12216,17,205660
41790,0.00014,172.217.194.0-255,2902,15118,17,205660
41791,0.000142,172.31.36.0-255,66,15184,17,205660
41792,0.00015,172.217.194.0-255,1484,16668,17,205660
41793,0.000152,172.31.36.0-255,66,16734,17,205660
41794,0.000178,172.217.194.0-255,4320,21054,17,205660
41795,0.000182,172.31.36.0-255,66,21120,17,205660
41796,0.000188,172.217.194.0-255,6797,27917,17,205660
41797,0.000191,172.31.36.0-255,66,27983,17,205660
41798,0.000195,172.217.194.0-255,2902,30885,17,205660
41799,0.000197,172.31.36.0-255,66,30951,17,205660
41800,0.000221,172.217.194.0-255,4320,35271,17,205660
41801,0.000224,172.31.36.0-255,66,35337,17,205660
41802,0.000235,172.31.36.0-255,66,35403,17,205660
41803,0.000237,172.217.194.0-255,118,35521,17,205660
41804,0.000239,172.31.36.0-255,66,35587,17,205660
41805,0.000262,172.217.194.0-255,379,35966,17,205660
41806,0.000265,172.31.36.0-255,66,36032,17,205660
41807,0.000446,172.217.194.0-255,1484,37516,17,205660
41808,0.000452,172.217.194.0-255,2902,40418,17,205660
41809,0.000457,172.31.36.0-255,66,40484,17,205660
41810,0.000464,172.217.194.0-255,5738,46222,17,205660
41811,0.000466,172.31.36.0-255,66,46288,17,205660
41812,0.000477,172.217.194.0-255,5738,52026,17,205660
41813,0.00048,172.31.36.0-255,66,52092,17,205660
41814,0.00053,172.31.36.0-255,66,52158,17,205660
41815,0.000537,172.217.194.0-255,5020,57178,17,205660
41816,0.000539,172.31.36.0-255,66,57244,17,205660
41817,0.000777,172.217.194.0-255,1484,58728,17,205660
41818,0.000784,172.217.194.0-255,2902,61630,17,205660
41819,0.000787,172.31.36.0-255,66,61696,17,205660
41820,0.000795,172.217.194.0-255,5738,67434,17,205660
41821,0.000797,172.31.36.0-255,66,67500,17,205660
41822,0.000816,172.217.194.0-255,5738,73238,17,205660
41823,0.000818,172.31.36.0-255,66,73304,17,205660
41824,0.000855,172.217.194.0-255,7156,80460,17,205660
41825,0.000858,172.31.36.0-255,66,80526,17,205660
41826,0.000871,172.31.36.0-255,66,80592,17,205660
41827,0.000946,172.217.194.0-255,1484,82076,17,205660
41828,0.000951,172.217.194.0-255,2902,84978,17,205660
41829,0.000954,172.31.36.0-255,66,85044,17,205660
41830,0.000986,172.217.194.0-255,5738,90782,17,205660
41831,0.00099,172.31.36.0-255,66,90848,17,205660
41832,0.000997,172.217.194.0-255,7156,98004,17,205660
41833,0.001,172.31.36.0-255,66,98070,17,205660
41834,0.001042,172.217.194.0-255,7156,105226,17,205660
41835,0.001045,172.31.36.0-255,66,105292,17,205660
41836,0.001077,172.217.194.0-255,7156,112448,17,205660
41837,0.00108,172.31.36.0-255,66,112514,17,205660
41838,0.001087,172.217.194.0-255,6438,118952,17,205660
41839,0.00109,172.31.36.0-255,66,119018,17,205660
41840,0.001097,172.217.194.0-255,7156,126174,17,205660
41841,0.0011,172.31.36.0-255,66,126240,17,205660
41842,0.001132,172.31.36.0-255,66,126306,17,205660
41843,0.00114,172.217.194.0-255,6438,132744,17,205660
41844,0.001143,172.31.36.0-255,66,132810,17,205660
41845,0.001198,172.217.194.0-255,1484,134294,17,205660
41846,0.00122,172.217.194.0-255,1484,135778,17,205660
41847,0.001224,172.31.36.0-255,66,135844,17,205660
41848,0.001247,172.217.194.0-255,1484,137328,17,205660
41849,0.001254,172.217.194.0-255,5738,143066,17,205660
41850,0.001256,172.217.194.0-255,1484,144550,17,205660
41851,0.001262,172.31.36.0-255,66,144616,17,205660
41852,0.001296,172.31.36.0-255,66,144682,17,205660
41853,0.001299,172.217.194.0-255,1484,146166,17,205660
41854,0.001356,172.217.194.0-255,3602,149768,17,205660
41855,0.00138,172.217.194.0-255,7156,156924,17,205660
41856,0.001383,172.31.36.0-255,66,156990,17,205660
41857,0.00139,172.31.36.0-255,66,157056,17,205660
41858,0.001405,172.217.194.0-255,5020,162076,17,205660
41859,0.001466,172.217.194.0-255,6438,168514,17,205660
41860,0.001486,172.31.36.0-255,66,168580,17,205660
41861,0.001546,172.217.194.0-255,1484,170064,17,205660
41862,0.001551,172.217.194.0-255,1484,171548,17,205660
41863,0.001556,172.31.36.0-255,66,171614,17,205660
41864,0.001564,172.217.194.0-255,1484,173098,17,205660
41865,0.00157,172.217.194.0-255,5738,178836,17,205660
41866,0.001612,172.217.194.0-255,1484,180320,17,205660
41867,0.001614,172.31.36.0-255,66,180386,17,205660
41868,0.001625,172.31.36.0-255,66,180452,17,205660
41869,0.001722,172.217.194.0-255,2902,183354,17,205660
41870,0.001736,172.217.194.0-255,7156,190510,17,205660
41871,0.001749,172.217.194.0-255,4320,194830,17,205660
41872,0.001752,172.31.36.0-255,66,194896,17,205660
41873,0.00179,172.31.36.0-255,66,194962,17,205660
41874,0.001793,172.217.194.0-255,1484,196446,17,205660
41875,0.001822,172.217.194.0-255,1484,197930,17,205660
41876,0.001842,172.31.36.0-255,66,197996,17,205660
41877,0.001852,172.217.194.0-255,2902,200898,17,205660
41878,0.001862,172.31.36.0-255,66,200964,17,205660
41879,0.001918,172.31.36.0-255,66,201030,17,205660
41880,0.001944,172.217.194.0-255,105,201135,17,205660
41881,0.011376,172.31.36.0-255,66,201201,17,205660
41882,0.011418,172.31.36.0-255,105,201306,17,205660
41883,0.013349,172.217.194.0-255,66,201372,17,205660
41884,0.032126,172.31.36.0-255,188,201560,17,205660
41885,0.032155,172.31.36.0-255,961,202521,17,205660
41886,0.032208,172.31.36.0-255,1514,204035,17,205660
41887,0.03221,172.31.36.0-255,1427,205462,17,205660
41888,0.03368,104.244.42.0-255,66,205528,17,205660
41889,0.03371,104.244.42.0-255,66,205594,17,205660
41890,0.033787,104.244.42.0-255,66,205660,17,205660
41891,0.0,172.217.194.0-255,297,297,17,321314
41892,2.8e-05,172.31.36.0-255,66,363,17,321314
41893,3.4e-05,172.217.194.0-255,1484,1847,17,321314
41894,3.8e-05,172.31.36.0-255,66,1913,17,321314
41895,4.4e-05,172.217.194.0-255,4320,6233,17,321314
41896,4.8e-05,172.31.36.0-255,66,6299,17,321314
41897,5.9e-05,172.31.36.0-255,66,6365,17,321314
41898,7e-05,172.31.36.0-255,66,6431,17,321314
41899,0.000105,172.217.194.0-255,4320,10751,17,321314
41900,0.000108,172.31.36.0-255,66,10817,17,321314
41901,0.000128,172.217.194.0-255,2543,13360,17,321314
41902,0.000131,172.31.36.0-255,66,13426,17,321314
41903,0.000157,172.217.194.0-255,1484,14910,17,321314
41904,0.00016,172.31.36.0-255,66,14976,17,321314
41905,0.000163,172.217.194.0-255,1484,16460,17,321314
41906,0.000164,172.31.36.0-255,66,16526,17,321314
41907,0.000183,172.217.194.0-255,1484,18010,17,321314
41908,0.000186,172.31.36.0-255,66,18076,17,321314
41909,0.000192,172.217.194.0-255,5738,23814,17,321314
41910,0.000194,172.31.36.0-255,66,23880,17,321314
41911,0.000197,172.217.194.0-255,1484,25364,17,321314
41912,0.000199,172.31.36.0-255,66,25430,17,321314
41913,0.000222,172.217.194.0-255,5379,30809,17,321314
41914,0.000225,172.31.36.0-255,66,30875,17,321314
41915,0.000234,172.217.194.0-255,7156,38031,17,321314
41916,0.000236,172.31.36.0-255,66,38097,17,321314
41917,0.000267,172.31.36.0-255,66,38163,17,321314
41918,0.000282,172.217.194.0-255,1413,39576,17,321314
41919,0.000285,172.31.36.0-255,66,39642,17,321314
41920,0.000477,172.217.194.0-255,366,40008,17,321314
41921,0.000574,172.217.194.0-255,1484,41492,17,321314
41922,0.000578,172.31.36.0-255,66,41558,17,321314
41923,0.000584,172.217.194.0-255,2902,44460,17,321314
41924,0.000587,172.31.36.0-255,66,44526,17,321314
41925,0.000592,172.217.194.0-255,2902,47428,17,321314
41926,0.000594,172.31.36.0-255,66,47494,17,321314
41927,0.000612,172.217.194.0-255,2902,50396,17,321314
41928,0.000615,172.31.36.0-255,66,50462,17,321314
41929,0.000622,172.217.194.0-255,6797,57259,17,321314
41930,0.000624,172.31.36.0-255,66,57325,17,321314
41931,0.00066,172.217.194.0-255,4320,61645,17,321314
41932,0.000663,172.31.36.0-255,66,61711,17,321314
41933,0.00069,172.31.36.0-255,66,61777,17,321314
41934,0.000694,172.217.194.0-255,2543,64320,17,321314
41935,0.000697,172.31.36.0-255,66,64386,17,321314
41936,0.001553,172.217.194.0-255,1484,65870,17,321314
41937,0.001564,172.217.194.0-255,2902,68772,17,321314
41938,0.001568,172.31.36.0-255,66,68838,17,321314
41939,0.001577,172.217.194.0-255,5738,74576,17,321314
41940,0.001579,172.31.36.0-255,66,74642,17,321314
41941,0.001583,172.217.194.0-255,1484,76126,17,321314
41942,0.001627,172.31.36.0-255,66,76192,17,321314
41943,0.00164,172.31.36.0-255,66,76258,17,321314
41944,0.001655,172.217.194.0-255,2902,79160,17,321314
41945,0.001657,172.31.36.0-255,66,79226,17,321314
41946,0.001698,172.31.36.0-255,66,79292,17,321314
41947,0.001713,172.31.36.0-255,66,79358,17,321314
41948,0.001719,172.217.194.0-255,6438,85796,17,321314
41949,0.001721,172.31.36.0-255,66,85862,17,321314
41950,0.00175,172.217.194.0-255,1484,87346,17,321314
41951,0.001763,172.217.194.0-255,2902,90248,17,321314
41952,0.001767,172.31.36.0-255,66,90314,17,321314
41953,0.001787,172.217.194.0-255,5738,96052,17,321314
41954,0.001791,172.31.36.0-255,66,96118,17,321314
41955,0.001798,172.217.194.0-255,5738,101856,17,321314
41956,0.0018,172.31.36.0-255,66,101922,17,321314
41957,0.001823,172.217.194.0-255,7156,109078,17,321314
41958,0.001826,172.31.36.0-255,66,109144,17,321314
41959,0.001837,172.31.36.0-255,66,109210,17,321314
41960,0.001863,172.217.194.0-255,2184,111394,17,321314
41961,0.001866,172.31.36.0-255,66,111460,17,321314
41962,0.001905,172.217.194.0-255,2902,114362,17,321314
41963,0.001908,172.31.36.0-255,66,114428,17,321314
41964,0.001932,172.217.194.0-255,7156,121584,17,321314
41965,0.001936,172.31.36.0-255,66,121650,17,321314
41966,0.001979,172.217.194.0-255,4320,125970,17,321314
41967,0.001984,172.31.36.0-255,66,126036,17,321314
41968,0.00201,172.217.194.0-255,7156,133192,17,321314
41969,0.002014,172.31.36.0-255,66,133258,17,321314
41970,0.002028,172.31.36.0-255,66,133324,17,321314
41971,0.003974,172.217.194.0-255,5738,139062,17,321314
41972,0.003981,172.31.36.0-255,66,139128,17,321314
41973,0.005915,172.217.194.0-255,5738,144866,17,321314
41974,0.00592,172.31.36.0-255,66,144932,17,321314
41975,0.007893,172.217.194.0-255,4320,149252,17,321314
41976,0.007898,172.31.36.0-255,66,149318,17,321314
41977,0.007918,172.217.194.0-255,1484,150802,17,321314
41978,0.009868,172.217.194.0-255,4320,155122,17,321314
41979,0.009874,172.31.36.0-255,66,155188,17,321314
41980,0.01182,172.217.194.0-255,5738,160926,17,321314
41981,0.011827,172.31.36.0-255,66,160992,17,321314
41982,0.013791,172.217.194.0-255,5738,166730,17,321314
41983,0.0138,172.31.36.0-255,66,166796,17,321314
41984,0.015753,172.217.194.0-255,5738,172534,17,321314
41985,0.01576,172.31.36.0-255,66,172600,17,321314
41986,0.017757,172.217.194.0-255,5738,178338,17,321314
41987,0.017771,172.31.36.0-255,66,178404,17,321314
41988,0.019714,172.217.194.0-255,5738,184142,17,321314
41989,0.019723,172.31.36.0-255,66,184208,17,321314
41990,0.021724,172.217.194.0-255,5738,189946,17,321314
41991,0.021732,172.31.36.0-255,66,190012,17,321314
41992,0.023689,172.217.194.0-255,5738,195750,17,321314
41993,0.023696,172.31.36.0-255,66,195816,17,321314
41994,0.025677,172.217.194.0-255,5738,201554,17,321314
41995,0.025685,172.31.36.0-255,66,201620,17,321314
41996,0.027643,172.217.194.0-255,5738,207358,17,321314
41997,0.027649,172.31.36.0-255,66,207424,17,321314
41998,0.029593,172.217.194.0-255,5738,213162,17,321314
41999,0.029599,172.31.36.0-255,66,213228,17,321314
42000,0.030325,172.31.36.0-255,172,213400,17,321314
42001,0.030352,172.31.36.0-255,1117,214517,17,321314
42002,0.030397,172.31.36.0-255,1514,216031,17,321314
42003,0.030399,172.31.36.0-255,1271,217302,17,321314
42004,0.031552,172.217.194.0-255,5738,223040,17,321314
42005,0.031559,172.31.36.0-255,66,223106,17,321314
42006,0.03186,104.244.42.0-255,66,223172,17,321314
42007,0.031912,104.244.42.0-255,66,223238,17,321314
42008,0.03196,104.244.42.0-255,66,223304,17,321314
42009,0.033503,172.217.194.0-255,5738,229042,17,321314
42010,0.033508,172.31.36.0-255,66,229108,17,321314
42011,0.035445,172.217.194.0-255,4320,233428,17,321314
42012,0.035451,172.31.36.0-255,66,233494,17,321314
42013,0.03548,172.217.194.0-255,1484,234978,17,321314
42014,0.037378,172.217.194.0-255,4320,239298,17,321314
42015,0.037384,172.31.36.0-255,66,239364,17,321314
42016,0.039363,172.217.194.0-255,5738,245102,17,321314
42017,0.03937,172.31.36.0-255,66,245168,17,321314
42018,0.041345,172.217.194.0-255,5738,250906,17,321314
42019,0.041352,172.31.36.0-255,66,250972,17,321314
42020,0.043317,172.217.194.0-255,5738,256710,17,321314
42021,0.043324,172.31.36.0-255,66,256776,17,321314
42022,0.045275,172.217.194.0-255,5738,262514,17,321314
42023,0.045281,172.31.36.0-255,66,262580,17,321314
42024,0.047231,172.217.194.0-255,5738,268318,17,321314
42025,0.047236,172.31.36.0-255,66,268384,17,321314
42026,0.049177,172.217.194.0-255,4320,272704,17,321314
42027,0.049183,172.31.36.0-255,66,272770,17,321314
42028,0.049211,172.217.194.0-255,1484,274254,17,321314
42029,0.05115,172.217.194.0-255,4320,278574,17,321314
42030,0.051156,172.31.36.0-255,66,278640,17,321314
42031,0.053124,172.217.194.0-255,5738,284378,17,321314
42032,0.05313,172.31.36.0-255,66,284444,17,321314
42033,0.055085,172.217.194.0-255,5738,290182,17,321314
42034,0.05509,172.31.36.0-255,66,290248,17,321314
42035,0.057043,172.217.194.0-255,5738,295986,17,321314
42036,0.057049,172.31.36.0-255,66,296052,17,321314
42037,0.05903,172.217.194.0-255,5738,301790,17,321314
42038,0.059036,172.31.36.0-255,66,301856,17,321314
42039,0.061005,172.217.194.0-255,5738,307594,17,321314
42040,0.061011,172.31.36.0-255,66,307660,17,321314
42041,0.062956,172.217.194.0-255,4320,311980,17,321314
42042,0.062962,172.31.36.0-255,66,312046,17,321314
42043,0.062993,172.217.194.0-255,1484,313530,17,321314
42044,0.064891,172.217.194.0-255,2902,316432,17,321314
42045,0.064896,172.31.36.0-255,66,316498,17,321314
42046,0.064927,172.217.194.0-255,1484,317982,17,321314
42047,0.066855,172.217.194.0-255,3095,321077,17,321314
42048,0.066861,172.31.36.0-255,66,321143,17,321314
42049,0.067053,172.31.36.0-255,105,321248,17,321314
42050,0.068973,172.217.194.0-255,66,321314,17,321314
42051,0.0,74.125.24.0-255,153,153,17,364671
42052,3.2e-05,172.31.36.0-255,66,219,17,364671
42053,3.9e-05,74.125.24.0-255,1484,1703,17,364671
42054,4.3e-05,172.31.36.0-255,66,1769,17,364671
42055,4.8e-05,74.125.24.0-255,2902,4671,17,364671
42056,5.1e-05,172.31.36.0-255,66,4737,17,364671
42057,5.7e-05,74.125.24.0-255,5738,10475,17,364671
42058,5.9e-05,172.31.36.0-255,66,10541,17,364671
42059,9.4e-05,74.125.24.0-255,3456,13997,17,364671
42060,9.6e-05,172.31.36.0-255,66,14063,17,364671
42061,0.000159,74.125.24.0-255,1484,15547,17,364671
42062,0.000162,172.31.36.0-255,66,15613,17,364671
42063,0.000166,74.125.24.0-255,1484,17097,17,364671
42064,0.000168,172.31.36.0-255,66,17163,17,364671
42065,0.000183,74.125.24.0-255,1484,18647,17,364671
42066,0.000186,172.31.36.0-255,66,18713,17,364671
42067,0.000192,74.125.24.0-255,5738,24451,17,364671
42068,0.000195,172.31.36.0-255,66,24517,17,364671
42069,0.000198,74.125.24.0-255,1484,26001,17,364671
42070,0.000199,172.31.36.0-255,66,26067,17,364671
42071,0.000243,74.125.24.0-255,4320,30387,17,364671
42072,0.000246,172.31.36.0-255,66,30453,17,364671
42073,0.000267,74.125.24.0-255,2543,32996,17,364671
42074,0.000269,172.31.36.0-255,66,33062,17,364671
42075,0.000276,74.125.24.0-255,7156,40218,17,364671
42076,0.000279,172.31.36.0-255,66,40284,17,364671
42077,0.000314,172.31.36.0-255,66,40350,17,364671
42078,0.000334,172.31.36.0-255,66,40416,17,364671
42079,0.000355,74.125.24.0-255,2902,43318,17,364671
42080,0.000358,172.31.36.0-255,66,43384,17,364671
42081,0.000391,74.125.24.0-255,5734,49118,17,364671
42082,0.000398,172.31.36.0-255,66,49184,17,364671
42083,0.000427,74.125.24.0-255,332,49516,17,364671
42084,0.000766,74.125.24.0-255,1484,51000,17,364671
42085,0.000771,172.31.36.0-255,66,51066,17,364671
42086,0.000776,74.125.24.0-255,2902,53968,17,364671
42087,0.000778,172.31.36.0-255,66,54034,17,364671
42088,0.000781,74.125.24.0-255,1484,55518,17,364671
42089,0.000806,74.125.24.0-255,4320,59838,17,364671
42090,0.000809,172.31.36.0-255,66,59904,17,364671
42091,0.000814,74.125.24.0-255,4320,64224,17,364671
42092,0.000817,172.31.36.0-255,66,64290,17,364671
42093,0.000828,172.31.36.0-255,66,64356,17,364671
42094,0.000856,172.31.36.0-255,66,64422,17,364671
42095,0.001462,74.125.24.0-255,1484,65906,17,364671
42096,0.001475,74.125.24.0-255,2902,68808,17,364671
42097,0.001479,172.31.36.0-255,66,68874,17,364671
42098,0.001486,74.125.24.0-255,5738,74612,17,364671
42099,0.001488,172.31.36.0-255,66,74678,17,364671
42100,0.001531,74.125.24.0-255,4320,78998,17,364671
42101,0.001534,172.31.36.0-255,66,79064,17,364671
42102,0.00154,74.125.24.0-255,4320,83384,17,364671
42103,0.001541,172.31.36.0-255,66,83450,17,364671
42104,0.001555,74.125.24.0-255,1484,84934,17,364671
42105,0.001591,74.125.24.0-255,5738,90672,17,364671
42106,0.001593,172.31.36.0-255,66,90738,17,364671
42107,0.001618,74.125.24.0-255,5738,96476,17,364671
42108,0.001621,172.31.36.0-255,66,96542,17,364671
42109,0.001625,74.125.24.0-255,2184,98726,17,364671
42110,0.001627,172.31.36.0-255,66,98792,17,364671
42111,0.001631,74.125.24.0-255,2902,101694,17,364671
42112,0.001633,172.31.36.0-255,66,101760,17,364671
42113,0.00164,74.125.24.0-255,7156,108916,17,364671
42114,0.001644,172.31.36.0-255,66,108982,17,364671
42115,0.001681,172.31.36.0-255,66,109048,17,364671
42116,0.001722,172.31.36.0-255,66,109114,17,364671
42117,0.002014,74.125.24.0-255,1484,110598,17,364671
42118,0.00203,74.125.24.0-255,2902,113500,17,364671
42119,0.002033,172.31.36.0-255,66,113566,17,364671
42120,0.002046,74.125.24.0-255,4320,117886,17,364671
42121,0.002048,172.31.36.0-255,66,117952,17,364671
42122,0.002059,74.125.24.0-255,1484,119436,17,364671
42123,0.002065,74.125.24.0-255,5738,125174,17,364671
42124,0.002067,172.31.36.0-255,66,125240,17,364671
42125,0.002084,74.125.24.0-255,7156,132396,17,364671
42126,0.002087,172.31.36.0-255,66,132462,17,364671
42127,0.00209,74.125.24.0-255,1484,133946,17,364671
42128,0.002123,74.125.24.0-255,2902,136848,17,364671
42129,0.002125,172.31.36.0-255,66,136914,17,364671
42130,0.002146,74.125.24.0-255,6438,143352,17,364671
42131,0.002149,172.31.36.0-255,66,143418,17,364671
42132,0.004335,74.125.24.0-255,5738,149156,17,364671
42133,0.004339,172.31.36.0-255,66,149222,17,364671
42134,0.006561,74.125.24.0-255,5738,154960,17,364671
42135,0.006567,172.31.36.0-255,66,155026,17,364671
42136,0.008773,74.125.24.0-255,5738,160764,17,364671
42137,0.008779,172.31.36.0-255,66,160830,17,364671
42138,0.010974,74.125.24.0-255,5738,166568,17,364671
42139,0.01098,172.31.36.0-255,66,166634,17,364671
42140,0.013171,74.125.24.0-255,5738,172372,17,364671
42141,0.013178,172.31.36.0-255,66,172438,17,364671
42142,0.015402,74.125.24.0-255,5738,178176,17,364671
42143,0.015408,172.31.36.0-255,66,178242,17,364671
42144,0.017618,74.125.24.0-255,5738,183980,17,364671
42145,0.017626,172.31.36.0-255,66,184046,17,364671
42146,0.019874,74.125.24.0-255,5738,189784,17,364671
42147,0.019885,172.31.36.0-255,66,189850,17,364671
42148,0.022119,74.125.24.0-255,5738,195588,17,364671
42149,0.022129,172.31.36.0-255,66,195654,17,364671
42150,0.024328,74.125.24.0-255,5738,201392,17,364671
42151,0.024335,172.31.36.0-255,66,201458,17,364671
42152,0.026558,74.125.24.0-255,5738,207196,17,364671
42153,0.026565,172.31.36.0-255,66,207262,17,364671
42154,0.028821,74.125.24.0-255,5738,213000,17,364671
42155,0.028829,172.31.36.0-255,66,213066,17,364671
42156,0.031052,74.125.24.0-255,5738,218804,17,364671
42157,0.031059,172.31.36.0-255,66,218870,17,364671
42158,0.033254,74.125.24.0-255,5738,224608,17,364671
42159,0.03326,172.31.36.0-255,66,224674,17,364671
42160,0.03359,172.31.36.0-255,172,224846,17,364671
42161,0.033618,172.31.36.0-255,1116,225962,17,364671
42162,0.03365,172.31.36.0-255,1514,227476,17,364671
42163,0.033651,172.31.36.0-255,1272,228748,17,364671
42164,0.03518,104.244.42.0-255,66,228814,17,364671
42165,0.035188,104.244.42.0-255,66,228880,17,364671
42166,0.035198,104.244.42.0-255,66,228946,17,364671
42167,0.035439,74.125.24.0-255,5738,234684,17,364671
42168,0.035443,172.31.36.0-255,66,234750,17,364671
42169,0.037666,74.125.24.0-255,5738,240488,17,364671
42170,0.037671,172.31.36.0-255,66,240554,17,364671
42171,0.039962,74.125.24.0-255,5738,246292,17,364671
42172,0.039967,172.31.36.0-255,66,246358,17,364671
42173,0.042165,74.125.24.0-255,5738,252096,17,364671
42174,0.042174,172.31.36.0-255,66,252162,17,364671
42175,0.044396,74.125.24.0-255,5738,257900,17,364671
42176,0.044402,172.31.36.0-255,66,257966,17,364671
42177,0.046613,74.125.24.0-255,5738,263704,17,364671
42178,0.046619,172.31.36.0-255,66,263770,17,364671
42179,0.048838,74.125.24.0-255,5738,269508,17,364671
42180,0.048844,172.31.36.0-255,66,269574,17,364671
42181,0.051067,74.125.24.0-255,5738,275312,17,364671
42182,0.051072,172.31.36.0-255,66,275378,17,364671
42183,0.053283,74.125.24.0-255,5738,281116,17,364671
42184,0.053289,172.31.36.0-255,66,281182,17,364671
42185,0.055479,74.125.24.0-255,5738,286920,17,364671
42186,0.055486,172.31.36.0-255,66,286986,17,364671
42187,0.057695,74.125.24.0-255,5738,292724,17,364671
42188,0.0577,172.31.36.0-255,66,292790,17,364671
42189,0.059893,74.125.24.0-255,5738,298528,17,364671
42190,0.059897,172.31.36.0-255,66,298594,17,364671
42191,0.062116,74.125.24.0-255,2902,301496,17,364671
42192,0.06212,172.31.36.0-255,66,301562,17,364671
42193,0.062148,74.125.24.0-255,2902,304464,17,364671
42194,0.062151,172.31.36.0-255,66,304530,17,364671
42195,0.064301,74.125.24.0-255,2902,307432,17,364671
42196,0.064305,172.31.36.0-255,66,307498,17,364671
42197,0.064339,74.125.24.0-255,2902,310400,17,364671
42198,0.064341,172.31.36.0-255,66,310466,17,364671
42199,0.066486,74.125.24.0-255,2902,313368,17,364671
42200,0.066492,172.31.36.0-255,66,313434,17,364671
42201,0.066522,74.125.24.0-255,2902,316336,17,364671
42202,0.066524,172.31.36.0-255,66,316402,17,364671
42203,0.068675,74.125.24.0-255,2902,319304,17,364671
42204,0.06868,172.31.36.0-255,66,319370,17,364671
42205,0.068712,74.125.24.0-255,2902,322272,17,364671
42206,0.068715,172.31.36.0-255,66,322338,17,364671
42207,0.07089,74.125.24.0-255,5738,328076,17,364671
42208,0.070896,172.31.36.0-255,66,328142,17,364671
42209,0.073086,74.125.24.0-255,5738,333880,17,364671
42210,0.073091,172.31.36.0-255,66,333946,17,364671
42211,0.075317,74.125.24.0-255,5738,339684,17,364671
42212,0.075324,172.31.36.0-255,66,339750,17,364671
42213,0.077525,74.125.24.0-255,5738,345488,17,364671
42214,0.077533,172.31.36.0-255,66,345554,17,364671
42215,0.079735,74.125.24.0-255,5738,351292,17,364671
42216,0.079741,172.31.36.0-255,66,351358,17,364671
42217,0.081948,74.125.24.0-255,4320,355678,17,364671
42218,0.081953,172.31.36.0-255,66,355744,17,364671
42219,0.081982,74.125.24.0-255,1484,357228,17,364671
42220,0.084176,74.125.24.0-255,4320,361548,17,364671
42221,0.084181,172.31.36.0-255,66,361614,17,364671
42222,0.086362,74.125.24.0-255,2820,364434,17,364671
42223,0.086368,172.31.36.0-255,66,364500,17,364671
42224,0.086563,172.31.36.0-255,105,364605,17,364671
42225,0.088753,74.125.24.0-255,66,364671,17,364671
42226,0.0,74.125.68.0-255,298,298,17,402316
42227,3.9e-05,172.31.36.0-255,66,364,17,402316
42228,4.5e-05,74.125.68.0-255,1484,1848,17,402316
42229,5e-05,172.31.36.0-255,66,1914,17,402316
42230,5.5e-05,74.125.68.0-255,2902,4816,17,402316
42231,5.7e-05,172.31.36.0-255,66,4882,17,402316
42232,8.5e-05,74.125.68.0-255,4320,9202,17,402316
42233,8.9e-05,172.31.36.0-255,66,9268,17,402316
42234,9.4e-05,74.125.68.0-255,4641,13909,17,402316
42235,9.6e-05,172.31.36.0-255,66,13975,17,402316
42236,0.000118,74.125.68.0-255,1484,15459,17,402316
42237,0.000121,172.31.36.0-255,66,15525,17,402316
42238,0.000141,74.125.68.0-255,2902,18427,17,402316
42239,0.000145,172.31.36.0-255,66,18493,17,402316
42240,0.000161,74.125.68.0-255,4320,22813,17,402316
42241,0.000164,172.31.36.0-255,66,22879,17,402316
42242,0.000175,74.125.68.0-255,1484,24363,17,402316
42243,0.000177,172.31.36.0-255,66,24429,17,402316
42244,0.00018,74.125.68.0-255,1484,25913,17,402316
42245,0.000182,172.31.36.0-255,66,25979,17,402316
42246,0.000233,74.125.68.0-255,5379,31358,17,402316
42247,0.000238,172.31.36.0-255,66,31424,17,402316
42248,0.000363,74.125.68.0-255,1484,32908,17,402316
42249,0.000367,172.31.36.0-255,66,32974,17,402316
42250,0.000374,74.125.68.0-255,2902,35876,17,402316
42251,0.000377,172.31.36.0-255,66,35942,17,402316
42252,0.000401,74.125.68.0-255,1484,37426,17,402316
42253,0.000404,172.31.36.0-255,66,37492,17,402316
42254,0.000417,74.125.68.0-255,4320,41812,17,402316
42255,0.00042,172.31.36.0-255,66,41878,17,402316
42256,0.000438,74.125.68.0-255,5738,47616,17,402316
42257,0.000441,172.31.36.0-255,66,47682,17,402316
42258,0.000453,74.125.68.0-255,1484,49166,17,402316
42259,0.00047,74.125.68.0-255,5738,54904,17,402316
42260,0.000472,74.125.68.0-255,1484,56388,17,402316
42261,0.000489,74.125.68.0-255,1484,57872,17,402316
42262,0.000489,172.31.36.0-255,66,57938,17,402316
42263,0.000508,74.125.68.0-255,4320,62258,17,402316
42264,0.000512,172.31.36.0-255,66,62324,17,402316
42265,0.000529,74.125.68.0-255,1484,63808,17,402316
42266,0.000543,74.125.68.0-255,2184,65992,17,402316
42267,0.000552,172.31.36.0-255,66,66058,17,402316
42268,0.000567,74.125.68.0-255,400,66458,17,402316
42269,0.000592,74.125.68.0-255,108,66566,17,402316
42270,0.000713,74.125.68.0-255,1484,68050,17,402316
42271,0.000717,172.31.36.0-255,66,68116,17,402316
42272,0.000737,74.125.68.0-255,2902,71018,17,402316
42273,0.00074,172.31.36.0-255,66,71084,17,402316
42274,0.000765,74.125.68.0-255,5738,76822,17,402316
42275,0.000768,172.31.36.0-255,66,76888,17,402316
42276,0.000787,74.125.68.0-255,2902,79790,17,402316
42277,0.00079,172.31.36.0-255,66,79856,17,402316
42278,0.000808,74.125.68.0-255,4320,84176,17,402316
42279,0.000818,172.31.36.0-255,66,84242,17,402316
42280,0.000839,74.125.68.0-255,5738,89980,17,402316
42281,0.000846,172.31.36.0-255,66,90046,17,402316
42282,0.000864,74.125.68.0-255,4320,94366,17,402316
42283,0.000869,172.31.36.0-255,66,94432,17,402316
42284,0.000887,74.125.68.0-255,2902,97334,17,402316
42285,0.000892,74.125.68.0-255,2902,100236,17,402316
42286,0.000898,172.31.36.0-255,66,100302,17,402316
42287,0.000924,74.125.68.0-255,766,101068,17,402316
42288,0.001165,172.31.36.0-255,66,101134,17,402316
42289,0.001471,74.125.68.0-255,1484,102618,17,402316
42290,0.00149,74.125.68.0-255,2902,105520,17,402316
42291,0.001495,172.31.36.0-255,66,105586,17,402316
42292,0.0015,74.125.68.0-255,1484,107070,17,402316
42293,0.001518,74.125.68.0-255,4320,111390,17,402316
42294,0.001521,172.31.36.0-255,66,111456,17,402316
42295,0.001533,74.125.68.0-255,1484,112940,17,402316
42296,0.001548,74.125.68.0-255,2902,115842,17,402316
42297,0.001551,172.31.36.0-255,66,115908,17,402316
42298,0.001571,74.125.68.0-255,5738,121646,17,402316
42299,0.001574,172.31.36.0-255,66,121712,17,402316
42300,0.001578,74.125.68.0-255,1484,123196,17,402316
42301,0.001627,74.125.68.0-255,2902,126098,17,402316
42302,0.001631,172.31.36.0-255,66,126164,17,402316
42303,0.001638,74.125.68.0-255,5738,131902,17,402316
42304,0.001641,172.31.36.0-255,66,131968,17,402316
42305,0.001678,74.125.68.0-255,3602,135570,17,402316
42306,0.00168,172.31.36.0-255,66,135636,17,402316
42307,0.002205,74.125.68.0-255,1484,137120,17,402316
42308,0.002212,74.125.68.0-255,2902,140022,17,402316
42309,0.002246,74.125.68.0-255,5738,145760,17,402316
42310,0.002279,74.125.68.0-255,4320,150080,17,402316
42311,0.002293,74.125.68.0-255,2902,152982,17,402316
42312,0.002297,74.125.68.0-255,2902,155884,17,402316
42313,0.002332,74.125.68.0-255,2902,158786,17,402316
42314,0.002348,74.125.68.0-255,1484,160270,17,402316
42315,0.002355,74.125.68.0-255,5738,166008,17,402316
42316,0.002368,74.125.68.0-255,1484,167492,17,402316
42317,0.002372,74.125.68.0-255,2184,169676,17,402316
42318,0.004076,172.31.36.0-255,66,169742,17,402316
42319,0.006405,74.125.68.0-255,5738,175480,17,402316
42320,0.006412,172.31.36.0-255,66,175546,17,402316
42321,0.008753,74.125.68.0-255,5738,181284,17,402316
42322,0.00876,172.31.36.0-255,66,181350,17,402316
42323,0.011112,74.125.68.0-255,5738,187088,17,402316
42324,0.011123,172.31.36.0-255,66,187154,17,402316
42325,0.013473,74.125.68.0-255,5738,192892,17,402316
42326,0.013485,172.31.36.0-255,66,192958,17,402316
42327,0.015821,74.125.68.0-255,5738,198696,17,402316
42328,0.015831,172.31.36.0-255,66,198762,17,402316
42329,0.018178,74.125.68.0-255,5738,204500,17,402316
42330,0.01819,172.31.36.0-255,66,204566,17,402316
42331,0.020527,74.125.68.0-255,5738,210304,17,402316
42332,0.020535,172.31.36.0-255,66,210370,17,402316
42333,0.022876,74.125.68.0-255,5738,216108,17,402316
42334,0.022882,172.31.36.0-255,66,216174,17,402316
42335,0.023211,172.31.36.0-255,172,216346,17,402316
42336,0.02324,172.31.36.0-255,1116,217462,17,402316
42337,0.02329,172.31.36.0-255,1514,218976,17,402316
42338,0.023291,172.31.36.0-255,1272,220248,17,402316
42339,0.024794,104.244.42.0-255,66,220314,17,402316
42340,0.024801,104.244.42.0-255,66,220380,17,402316
42341,0.024833,104.244.42.0-255,66,220446,17,402316
42342,0.025235,74.125.68.0-255,5738,226184,17,402316
42343,0.025241,172.31.36.0-255,66,226250,17,402316
42344,0.027577,74.125.68.0-255,4320,230570,17,402316
42345,0.027583,172.31.36.0-255,66,230636,17,402316
42346,0.02761,74.125.68.0-255,1484,232120,17,402316
42347,0.029977,74.125.68.0-255,4320,236440,17,402316
42348,0.029983,172.31.36.0-255,66,236506,17,402316
42349,0.032307,74.125.68.0-255,5738,242244,17,402316
42350,0.032313,172.31.36.0-255,66,242310,17,402316
42351,0.034646,74.125.68.0-255,4320,246630,17,402316
42352,0.034651,172.31.36.0-255,66,246696,17,402316
42353,0.034679,74.125.68.0-255,1484,248180,17,402316
42354,0.036991,74.125.68.0-255,4320,252500,17,402316
42355,0.036998,172.31.36.0-255,66,252566,17,402316
42356,0.039329,74.125.68.0-255,5738,258304,17,402316
42357,0.039336,172.31.36.0-255,66,258370,17,402316
42358,0.041676,74.125.68.0-255,5738,264108,17,402316
42359,0.041682,172.31.36.0-255,66,264174,17,402316
42360,0.044048,74.125.68.0-255,5738,269912,17,402316
42361,0.044054,172.31.36.0-255,66,269978,17,402316
42362,0.046392,74.125.68.0-255,5738,275716,17,402316
42363,0.046397,172.31.36.0-255,66,275782,17,402316
42364,0.04872,74.125.68.0-255,5738,281520,17,402316
42365,0.048725,172.31.36.0-255,66,281586,17,402316
42366,0.05105,74.125.68.0-255,1484,283070,17,402316
42367,0.051089,74.125.68.0-255,4320,287390,17,402316
42368,0.051094,172.31.36.0-255,66,287456,17,402316
42369,0.053421,74.125.68.0-255,4320,291776,17,402316
42370,0.053427,172.31.36.0-255,66,291842,17,402316
42371,0.053457,74.125.68.0-255,1484,293326,17,402316
42372,0.055749,74.125.68.0-255,4320,297646,17,402316
42373,0.055754,172.31.36.0-255,66,297712,17,402316
42374,0.058095,74.125.68.0-255,5738,303450,17,402316
42375,0.058099,172.31.36.0-255,66,303516,17,402316
42376,0.060427,74.125.68.0-255,5738,309254,17,402316
42377,0.060433,172.31.36.0-255,66,309320,17,402316
42378,0.062773,74.125.68.0-255,1484,310804,17,402316
42379,0.062837,74.125.68.0-255,4320,315124,17,402316
42380,0.062842,172.31.36.0-255,66,315190,17,402316
42381,0.065186,74.125.68.0-255,5738,320928,17,402316
42382,0.065192,172.31.36.0-255,66,320994,17,402316
42383,0.067524,74.125.68.0-255,5738,326732,17,402316
42384,0.067529,172.31.36.0-255,66,326798,17,402316
42385,0.069849,74.125.68.0-255,5738,332536,17,402316
42386,0.069854,172.31.36.0-255,66,332602,17,402316
42387,0.072173,74.125.68.0-255,5738,338340,17,402316
42388,0.072179,172.31.36.0-255,66,338406,17,402316
42389,0.074511,74.125.68.0-255,5738,344144,17,402316
42390,0.074517,172.31.36.0-255,66,344210,17,402316
42391,0.076833,74.125.68.0-255,5738,349948,17,402316
42392,0.076839,172.31.36.0-255,66,350014,17,402316
42393,0.079173,74.125.68.0-255,5738,355752,17,402316
42394,0.079179,172.31.36.0-255,66,355818,17,402316
42395,0.081524,74.125.68.0-255,1484,357302,17,402316
42396,0.081553,74.125.68.0-255,4320,361622,17,402316
42397,0.081558,172.31.36.0-255,66,361688,17,402316
42398,0.083888,74.125.68.0-255,5738,367426,17,402316
42399,0.083895,172.31.36.0-255,66,367492,17,402316
42400,0.086231,74.125.68.0-255,5738,373230,17,402316
42401,0.086237,172.31.36.0-255,66,373296,17,402316
42402,0.088569,74.125.68.0-255,5738,379034,17,402316
42403,0.088575,172.31.36.0-255,66,379100,17,402316
42404,0.090901,74.125.68.0-255,5738,384838,17,402316
42405,0.090906,172.31.36.0-255,66,384904,17,402316
42406,0.093232,74.125.68.0-255,5738,390642,17,402316
42407,0.093237,172.31.36.0-255,66,390708,17,402316
42408,0.095566,74.125.68.0-255,5738,396446,17,402316
42409,0.095571,172.31.36.0-255,66,396512,17,402316
42410,0.097902,74.125.68.0-255,5738,402250,17,402316
42411,0.097907,172.31.36.0-255,66,402316,17,402316
42412,0.0,74.125.200.0-255,152,152,17,356904
42413,3.8e-05,172.31.36.0-255,66,218,17,356904
42414,4.5e-05,74.125.200.0-255,1484,1702,17,356904
42415,4.9e-05,172.31.36.0-255,66,1768,17,356904
42416,5.5e-05,74.125.200.0-255,2902,4670,17,356904
42417,5.7e-05,172.31.36.0-255,66,4736,17,356904
42418,6.1e-05,74.125.200.0-255,1484,6220,17,356904
42419,6.3e-05,172.31.36.0-255,66,6286,17,356904
42420,8.6e-05,74.125.200.0-255,2902,9188,17,356904
42421,8.8e-05,172.31.36.0-255,66,9254,17,356904
42422,0.000127,74.125.200.0-255,2902,12156,17,356904
42423,0.00013,172.31.36.0-255,66,12222,17,356904
42424,0.000149,74.125.200.0-255,2000,14222,17,356904
42425,0.000152,172.31.36.0-255,66,14288,17,356904
42426,0.000159,74.125.200.0-255,5738,20026,17,356904
42427,0.000162,172.31.36.0-255,66,20092,17,356904
42428,0.000179,74.125.200.0-255,1484,21576,17,356904
42429,0.000181,172.31.36.0-255,66,21642,17,356904
42430,0.000197,74.125.200.0-255,2902,24544,17,356904
42431,0.000199,172.31.36.0-255,66,24610,17,356904
42432,0.000234,74.125.200.0-255,4320,28930,17,356904
42433,0.000237,172.31.36.0-255,66,28996,17,356904
42434,0.000275,74.125.200.0-255,2543,31539,17,356904
42435,0.000278,172.31.36.0-255,66,31605,17,356904
42436,0.00037,74.125.200.0-255,1484,33089,17,356904
42437,0.000374,172.31.36.0-255,66,33155,17,356904
42438,0.000391,74.125.200.0-255,2902,36057,17,356904
42439,0.000394,172.31.36.0-255,66,36123,17,356904
42440,0.00043,74.125.200.0-255,5738,41861,17,356904
42441,0.000433,172.31.36.0-255,66,41927,17,356904
42442,0.00045,74.125.200.0-255,1484,43411,17,356904
42443,0.000453,172.31.36.0-255,66,43477,17,356904
42444,0.000472,74.125.200.0-255,5738,49215,17,356904
42445,0.000476,172.31.36.0-255,66,49281,17,356904
42446,0.00048,74.125.200.0-255,4320,53601,17,356904
42447,0.000483,172.31.36.0-255,66,53667,17,356904
42448,0.000506,74.125.200.0-255,1484,55151,17,356904
42449,0.000527,74.125.200.0-255,4320,59471,17,356904
42450,0.00053,172.31.36.0-255,66,59537,17,356904
42451,0.000533,74.125.200.0-255,1484,61021,17,356904
42452,0.000548,74.125.200.0-255,2902,63923,17,356904
42453,0.000551,172.31.36.0-255,66,63989,17,356904
42454,0.00059,74.125.200.0-255,2184,66173,17,356904
42455,0.000594,172.31.36.0-255,66,66239,17,356904
42456,0.000697,74.125.200.0-255,401,66640,17,356904
42457,0.000701,74.125.200.0-255,108,66748,17,356904
42458,0.000839,172.31.36.0-255,66,66814,17,356904
42459,0.00089,74.125.200.0-255,1484,68298,17,356904
42460,0.000906,74.125.200.0-255,1484,69782,17,356904
42461,0.000909,172.31.36.0-255,66,69848,17,356904
42462,0.000923,74.125.200.0-255,1484,71332,17,356904
42463,0.000928,74.125.200.0-255,2902,74234,17,356904
42464,0.000931,172.31.36.0-255,66,74300,17,356904
42465,0.000989,74.125.200.0-255,1484,75784,17,356904
42466,0.001017,74.125.200.0-255,2902,78686,17,356904
42467,0.001021,172.31.36.0-255,66,78752,17,356904
42468,0.001036,74.125.200.0-255,1484,80236,17,356904
42469,0.001052,74.125.200.0-255,4320,84556,17,356904
42470,0.001054,172.31.36.0-255,66,84622,17,356904
42471,0.001068,74.125.200.0-255,2902,87524,17,356904
42472,0.001071,172.31.36.0-255,66,87590,17,356904
42473,0.001086,74.125.200.0-255,4320,91910,17,356904
42474,0.001089,172.31.36.0-255,66,91976,17,356904
42475,0.001094,74.125.200.0-255,2902,94878,17,356904
42476,0.001096,172.31.36.0-255,66,94944,17,356904
42477,0.001099,74.125.200.0-255,1484,96428,17,356904
42478,0.001114,74.125.200.0-255,2902,99330,17,356904
42479,0.001117,172.31.36.0-255,66,99396,17,356904
42480,0.001134,74.125.200.0-255,2184,101580,17,356904
42481,0.001137,172.31.36.0-255,66,101646,17,356904
42482,0.001225,74.125.200.0-255,1484,103130,17,356904
42483,0.001254,74.125.200.0-255,2902,106032,17,356904
42484,0.001258,172.31.36.0-255,66,106098,17,356904
42485,0.001283,74.125.200.0-255,4320,110418,17,356904
42486,0.001286,172.31.36.0-255,66,110484,17,356904
42487,0.001308,74.125.200.0-255,1484,111968,17,356904
42488,0.001325,74.125.200.0-255,4320,116288,17,356904
42489,0.001328,172.31.36.0-255,66,116354,17,356904
42490,0.001352,74.125.200.0-255,1484,117838,17,356904
42491,0.00138,74.125.200.0-255,2902,120740,17,356904
42492,0.001383,172.31.36.0-255,66,120806,17,356904
42493,0.001398,74.125.200.0-255,2902,123708,17,356904
42494,0.001401,172.31.36.0-255,66,123774,17,356904
42495,0.00141,74.125.200.0-255,1484,125258,17,356904
42496,0.001435,74.125.200.0-255,5738,130996,17,356904
42497,0.001438,172.31.36.0-255,66,131062,17,356904
42498,0.001472,74.125.200.0-255,2902,133964,17,356904
42499,0.001476,172.31.36.0-255,66,134030,17,356904
42500,0.001494,74.125.200.0-255,3287,137317,17,356904
42501,0.001497,172.31.36.0-255,66,137383,17,356904
42502,0.0015,74.125.200.0-255,1484,138867,17,356904
42503,0.001555,74.125.200.0-255,4320,143187,17,356904
42504,0.00156,172.31.36.0-255,66,143253,17,356904
42505,0.00158,74.125.200.0-255,1484,144737,17,356904
42506,0.001584,74.125.200.0-255,1484,146221,17,356904
42507,0.001587,172.31.36.0-255,66,146287,17,356904
42508,0.001598,74.125.200.0-255,2902,149189,17,356904
42509,0.001601,172.31.36.0-255,66,149255,17,356904
42510,0.001622,74.125.200.0-255,5738,154993,17,356904
42511,0.001625,172.31.36.0-255,66,155059,17,356904
42512,0.001644,74.125.200.0-255,4320,159379,17,356904
42513,0.001646,172.31.36.0-255,66,159445,17,356904
42514,0.001688,74.125.200.0-255,1484,160929,17,356904
42515,0.001705,74.125.200.0-255,1484,162413,17,356904
42516,0.001707,172.31.36.0-255,66,162479,17,356904
42517,0.001719,74.125.200.0-255,1484,163963,17,356904
42518,0.001731,74.125.200.0-255,2902,166865,17,356904
42519,0.001733,172.31.36.0-255,66,166931,17,356904
42520,0.001744,74.125.200.0-255,2902,169833,17,356904
42521,0.001746,172.31.36.0-255,66,169899,17,356904
42522,0.001773,74.125.200.0-255,766,170665,17,356904
42523,0.002068,74.125.200.0-255,1484,172149,17,356904
42524,0.002071,172.31.36.0-255,66,172215,17,356904
42525,0.0021,74.125.200.0-255,1484,173699,17,356904
42526,0.002116,74.125.200.0-255,1484,175183,17,356904
42527,0.002118,172.31.36.0-255,66,175249,17,356904
42528,0.002134,74.125.200.0-255,1484,176733,17,356904
42529,0.002149,74.125.200.0-255,2902,179635,17,356904
42530,0.002151,172.31.36.0-255,66,179701,17,356904
42531,0.002154,74.125.200.0-255,1484,181185,17,356904
42532,0.002167,74.125.200.0-255,1484,182669,17,356904
42533,0.002169,172.31.36.0-255,66,182735,17,356904
42534,0.002187,74.125.200.0-255,1484,184219,17,356904
42535,0.002204,74.125.200.0-255,1484,185703,17,356904
42536,0.002206,172.31.36.0-255,66,185769,17,356904
42537,0.00224,74.125.200.0-255,1484,187253,17,356904
42538,0.002264,74.125.200.0-255,2902,190155,17,356904
42539,0.002266,172.31.36.0-255,66,190221,17,356904
42540,0.00229,74.125.200.0-255,1484,191705,17,356904
42541,0.002304,74.125.200.0-255,2902,194607,17,356904
42542,0.002306,172.31.36.0-255,66,194673,17,356904
42543,0.002309,74.125.200.0-255,1484,196157,17,356904
42544,0.002324,74.125.200.0-255,2902,199059,17,356904
42545,0.002326,172.31.36.0-255,66,199125,17,356904
42546,0.002349,74.125.200.0-255,1484,200609,17,356904
42547,0.002365,74.125.200.0-255,4320,204929,17,356904
42548,0.002367,172.31.36.0-255,66,204995,17,356904
42549,0.002383,74.125.200.0-255,766,205761,17,356904
42550,0.00261,74.125.200.0-255,1484,207245,17,356904
42551,0.002612,172.31.36.0-255,66,207311,17,356904
42552,0.002657,74.125.200.0-255,1484,208795,17,356904
42553,0.002671,74.125.200.0-255,2902,211697,17,356904
42554,0.002674,172.31.36.0-255,66,211763,17,356904
42555,0.0027,74.125.200.0-255,2902,214665,17,356904
42556,0.002702,172.31.36.0-255,66,214731,17,356904
42557,0.002719,74.125.200.0-255,2902,217633,17,356904
42558,0.002722,172.31.36.0-255,66,217699,17,356904
42559,0.002725,74.125.200.0-255,1484,219183,17,356904
42560,0.002729,74.125.200.0-255,2902,222085,17,356904
42561,0.002731,172.31.36.0-255,66,222151,17,356904
42562,0.002757,74.125.200.0-255,5738,227889,17,356904
42563,0.00276,172.31.36.0-255,66,227955,17,356904
42564,0.002793,74.125.200.0-255,2902,230857,17,356904
42565,0.002795,172.31.36.0-255,66,230923,17,356904
42566,0.002807,74.125.200.0-255,4320,235243,17,356904
42567,0.002809,172.31.36.0-255,66,235309,17,356904
42568,0.002814,74.125.200.0-255,2902,238211,17,356904
42569,0.002817,172.31.36.0-255,66,238277,17,356904
42570,0.002836,74.125.200.0-255,1484,239761,17,356904
42571,0.002853,74.125.200.0-255,766,240527,17,356904
42572,0.002855,172.31.36.0-255,66,240593,17,356904
42573,0.003017,74.125.200.0-255,1484,242077,17,356904
42574,0.00302,74.125.200.0-255,1484,243561,17,356904
42575,0.003022,172.31.36.0-255,66,243627,17,356904
42576,0.003039,74.125.200.0-255,1484,245111,17,356904
42577,0.003057,74.125.200.0-255,2902,248013,17,356904
42578,0.00306,172.31.36.0-255,66,248079,17,356904
42579,0.003079,74.125.200.0-255,2902,250981,17,356904
42580,0.003082,172.31.36.0-255,66,251047,17,356904
42581,0.003128,74.125.200.0-255,5738,256785,17,356904
42582,0.003131,172.31.36.0-255,66,256851,17,356904
42583,0.003156,74.125.200.0-255,4320,261171,17,356904
42584,0.003159,172.31.36.0-255,66,261237,17,356904
42585,0.003171,172.31.36.0-255,66,261303,17,356904
42586,0.003175,74.125.200.0-255,2902,264205,17,356904
42587,0.003177,172.31.36.0-255,66,264271,17,356904
42588,0.003182,74.125.200.0-255,2184,266455,17,356904
42589,0.003184,172.31.36.0-255,66,266521,17,356904
42590,0.003188,74.125.200.0-255,2902,269423,17,356904
42591,0.003191,172.31.36.0-255,66,269489,17,356904
42592,0.003194,74.125.200.0-255,1484,270973,17,356904
42593,0.003205,172.31.36.0-255,66,271039,17,356904
42594,0.003216,172.31.36.0-255,66,271105,17,356904
42595,0.003219,74.125.200.0-255,1484,272589,17,356904
42596,0.003252,172.31.36.0-255,66,272655,17,356904
42597,0.003282,172.31.36.0-255,66,272721,17,356904
42598,0.003287,74.125.200.0-255,4320,277041,17,356904
42599,0.003289,172.31.36.0-255,66,277107,17,356904
42600,0.003326,172.31.36.0-255,66,277173,17,356904
42601,0.003331,74.125.200.0-255,5020,282193,17,356904
42602,0.003334,172.31.36.0-255,66,282259,17,356904
42603,0.003358,74.125.200.0-255,5738,287997,17,356904
42604,0.003361,172.31.36.0-255,66,288063,17,356904
42605,0.003364,74.125.200.0-255,1484,289547,17,356904
42606,0.003379,74.125.200.0-255,1484,291031,17,356904
42607,0.003381,172.31.36.0-255,66,291097,17,356904
42608,0.003399,74.125.200.0-255,1484,292581,17,356904
42609,0.003406,74.125.200.0-255,5738,298319,17,356904
42610,0.003409,172.31.36.0-255,66,298385,17,356904
42611,0.003438,74.125.200.0-255,5738,304123,17,356904
42612,0.003441,172.31.36.0-255,66,304189,17,356904
42613,0.003467,74.125.200.0-255,7156,311345,17,356904
42614,0.003469,172.31.36.0-255,66,311411,17,356904
42615,0.003476,74.125.200.0-255,5020,316431,17,356904
42616,0.003478,172.31.36.0-255,66,316497,17,356904
42617,0.003489,172.31.36.0-255,66,316563,17,356904
42618,0.003508,74.125.200.0-255,1484,318047,17,356904
42619,0.003512,74.125.200.0-255,1484,319531,17,356904
42620,0.003514,172.31.36.0-255,66,319597,17,356904
42621,0.003517,74.125.200.0-255,1484,321081,17,356904
42622,0.003523,74.125.200.0-255,7156,328237,17,356904
42623,0.003526,172.31.36.0-255,66,328303,17,356904
42624,0.003533,74.125.200.0-255,4320,332623,17,356904
42625,0.003535,172.31.36.0-255,66,332689,17,356904
42626,0.003537,74.125.200.0-255,1484,334173,17,356904
42627,0.003558,74.125.200.0-255,1484,335657,17,356904
42628,0.003561,172.31.36.0-255,66,335723,17,356904
42629,0.003583,74.125.200.0-255,5738,341461,17,356904
42630,0.003586,172.31.36.0-255,66,341527,17,356904
42631,0.003589,74.125.200.0-255,766,342293,17,356904
42632,0.003591,74.125.200.0-255,1484,343777,17,356904
42633,0.003593,172.31.36.0-255,66,343843,17,356904
42634,0.003617,74.125.200.0-255,2902,346745,17,356904
42635,0.003622,172.31.36.0-255,66,346811,17,356904
42636,0.003631,74.125.200.0-255,1484,348295,17,356904
42637,0.003633,74.125.200.0-255,97,348392,17,356904
42638,0.003636,172.31.36.0-255,78,348470,17,356904
42639,0.003641,74.125.200.0-255,3754,352224,17,356904
42640,0.003645,172.31.36.0-255,66,352290,17,356904
42641,0.003693,74.125.200.0-255,105,352395,17,356904
42642,0.006212,172.31.36.0-255,66,352461,17,356904
42643,0.006239,172.31.36.0-255,105,352566,17,356904
42644,0.008238,74.125.200.0-255,66,352632,17,356904
42645,0.03021,172.31.36.0-255,172,352804,17,356904
42646,0.030242,172.31.36.0-255,1116,353920,17,356904
42647,0.030327,172.31.36.0-255,1514,355434,17,356904
42648,0.030329,172.31.36.0-255,1272,356706,17,356904
42649,0.031757,104.244.42.0-255,66,356772,17,356904
42650,0.031795,104.244.42.0-255,66,356838,17,356904
42651,0.03189,104.244.42.0-255,66,356904,17,356904
42652,0.0,74.125.24.0-255,150,150,17,212800
42653,1.4e-05,172.31.36.0-255,66,216,17,212800
42654,2e-05,74.125.24.0-255,1484,1700,17,212800
42655,2.4e-05,172.31.36.0-255,66,1766,17,212800
42656,2.9e-05,74.125.24.0-255,2902,4668,17,212800
42657,4e-05,172.31.36.0-255,66,4734,17,212800
42658,4.6e-05,74.125.24.0-255,4320,9054,17,212800
42659,5e-05,172.31.36.0-255,66,9120,17,212800
42660,7.4e-05,74.125.24.0-255,2902,12022,17,212800
42661,7.7e-05,172.31.36.0-255,66,12088,17,212800
42662,9.7e-05,172.31.36.0-255,66,12154,17,212800
42663,0.000119,74.125.24.0-255,1484,13638,17,212800
42664,0.000121,172.31.36.0-255,66,13704,17,212800
42665,0.000154,74.125.24.0-255,3961,17665,17,212800
42666,0.000157,172.31.36.0-255,66,17731,17,212800
42667,0.000222,74.125.24.0-255,1484,19215,17,212800
42668,0.000225,172.31.36.0-255,66,19281,17,212800
42669,0.000253,74.125.24.0-255,2902,22183,17,212800
42670,0.000256,172.31.36.0-255,66,22249,17,212800
42671,0.000263,74.125.24.0-255,5738,27987,17,212800
42672,0.000266,172.31.36.0-255,66,28053,17,212800
42673,0.000272,74.125.24.0-255,5738,33791,17,212800
42674,0.000275,172.31.36.0-255,66,33857,17,212800
42675,0.000332,172.31.36.0-255,66,33923,17,212800
42676,0.000357,74.125.24.0-255,1125,35048,17,212800
42677,0.00036,172.31.36.0-255,66,35114,17,212800
42678,0.000365,74.125.24.0-255,4237,39351,17,212800
42679,0.000367,172.31.36.0-255,66,39417,17,212800
42680,0.00037,74.125.24.0-255,131,39548,17,212800
42681,0.000373,172.31.36.0-255,66,39614,17,212800
42682,0.000399,74.125.24.0-255,346,39960,17,212800
42683,0.000574,74.125.24.0-255,1484,41444,17,212800
42684,0.000579,172.31.36.0-255,66,41510,17,212800
42685,0.000585,74.125.24.0-255,2902,44412,17,212800
42686,0.000587,172.31.36.0-255,66,44478,17,212800
42687,0.000615,74.125.24.0-255,5738,50216,17,212800
42688,0.000618,172.31.36.0-255,66,50282,17,212800
42689,0.000645,172.31.36.0-255,66,50348,17,212800
42690,0.000684,172.31.36.0-255,66,50414,17,212800
42691,0.00073,74.125.24.0-255,2902,53316,17,212800
42692,0.000734,172.31.36.0-255,66,53382,17,212800
42693,0.000765,74.125.24.0-255,4320,57702,17,212800
42694,0.000769,172.31.36.0-255,66,57768,17,212800
42695,0.000797,74.125.24.0-255,2902,60670,17,212800
42696,0.000799,172.31.36.0-255,66,60736,17,212800
42697,0.000824,74.125.24.0-255,5738,66474,17,212800
42698,0.000827,74.125.24.0-255,575,67049,17,212800
42699,0.000839,74.125.24.0-255,2902,69951,17,212800
42700,0.000867,172.31.36.0-255,66,70017,17,212800
42701,0.000872,172.31.36.0-255,66,70083,17,212800
42702,0.000875,172.31.36.0-255,66,70149,17,212800
42703,0.000886,172.31.36.0-255,66,70215,17,212800
42704,0.000924,74.125.24.0-255,7156,77371,17,212800
42705,0.000927,172.31.36.0-255,66,77437,17,212800
42706,0.000932,74.125.24.0-255,3602,81039,17,212800
42707,0.000934,172.31.36.0-255,66,81105,17,212800
42708,0.000984,74.125.24.0-255,1484,82589,17,212800
42709,0.001013,74.125.24.0-255,2902,85491,17,212800
42710,0.001017,172.31.36.0-255,66,85557,17,212800
42711,0.001021,74.125.24.0-255,2902,88459,17,212800
42712,0.001024,172.31.36.0-255,66,88525,17,212800
42713,0.001047,74.125.24.0-255,2902,91427,17,212800
42714,0.00105,172.31.36.0-255,66,91493,17,212800
42715,0.001056,74.125.24.0-255,5738,97231,17,212800
42716,0.001059,172.31.36.0-255,66,97297,17,212800
42717,0.001064,74.125.24.0-255,4320,101617,17,212800
42718,0.001066,172.31.36.0-255,66,101683,17,212800
42719,0.001101,172.31.36.0-255,66,101749,17,212800
42720,0.001107,74.125.24.0-255,5020,106769,17,212800
42721,0.001109,172.31.36.0-255,66,106835,17,212800
42722,0.001273,74.125.24.0-255,1484,108319,17,212800
42723,0.001277,74.125.24.0-255,1484,109803,17,212800
42724,0.001281,172.31.36.0-255,66,109869,17,212800
42725,0.001309,74.125.24.0-255,1484,111353,17,212800
42726,0.001316,74.125.24.0-255,5738,117091,17,212800
42727,0.001319,172.31.36.0-255,66,117157,17,212800
42728,0.001325,74.125.24.0-255,4320,121477,17,212800
42729,0.001327,172.31.36.0-255,66,121543,17,212800
42730,0.001356,172.31.36.0-255,66,121609,17,212800
42731,0.001362,74.125.24.0-255,4320,125929,17,212800
42732,0.001364,172.31.36.0-255,66,125995,17,212800
42733,0.001397,74.125.24.0-255,6438,132433,17,212800
42734,0.0014,172.31.36.0-255,66,132499,17,212800
42735,0.001548,74.125.24.0-255,1484,133983,17,212800
42736,0.001554,74.125.24.0-255,1484,135467,17,212800
42737,0.001557,172.31.36.0-255,66,135533,17,212800
42738,0.001583,74.125.24.0-255,1484,137017,17,212800
42739,0.00159,74.125.24.0-255,5738,142755,17,212800
42740,0.001605,172.31.36.0-255,66,142821,17,212800
42741,0.001611,74.125.24.0-255,4320,147141,17,212800
42742,0.001613,172.31.36.0-255,66,147207,17,212800
42743,0.001619,74.125.24.0-255,4320,151527,17,212800
42744,0.001621,172.31.36.0-255,66,151593,17,212800
42745,0.001666,74.125.24.0-255,7156,158749,17,212800
42746,0.001669,172.31.36.0-255,66,158815,17,212800
42747,0.001684,172.31.36.0-255,66,158881,17,212800
42748,0.001695,172.31.36.0-255,66,158947,17,212800
42749,0.001707,172.31.36.0-255,66,159013,17,212800
42750,0.001712,74.125.24.0-255,4320,163333,17,212800
42751,0.001715,172.31.36.0-255,66,163399,17,212800
42752,0.00174,74.125.24.0-255,5738,169137,17,212800
42753,0.001743,172.31.36.0-255,66,169203,17,212800
42754,0.001778,74.125.24.0-255,6438,175641,17,212800
42755,0.001782,172.31.36.0-255,66,175707,17,212800
42756,0.001789,74.125.24.0-255,7156,182863,17,212800
42757,0.001791,172.31.36.0-255,66,182929,17,212800
42758,0.001861,172.31.36.0-255,66,182995,17,212800
42759,0.001876,172.31.36.0-255,66,183061,17,212800
42760,0.001879,74.125.24.0-255,2184,185245,17,212800
42761,0.001882,172.31.36.0-255,66,185311,17,212800
42762,0.001914,74.125.24.0-255,7156,192467,17,212800
42763,0.001917,172.31.36.0-255,66,192533,17,212800
42764,0.001928,172.31.36.0-255,66,192599,17,212800
42765,0.001976,172.31.36.0-255,66,192665,17,212800
42766,0.001979,74.125.24.0-255,766,193431,17,212800
42767,0.001993,172.31.36.0-255,66,193497,17,212800
42768,0.002037,74.125.24.0-255,7156,200653,17,212800
42769,0.00204,172.31.36.0-255,66,200719,17,212800
42770,0.002055,172.31.36.0-255,66,200785,17,212800
42771,0.002063,74.125.24.0-255,7156,207941,17,212800
42772,0.002065,172.31.36.0-255,66,208007,17,212800
42773,0.002116,172.31.36.0-255,66,208073,17,212800
42774,0.00212,74.125.24.0-255,97,208170,17,212800
42775,0.002123,74.125.24.0-255,105,208275,17,212800
42776,0.004694,172.31.36.0-255,66,208341,17,212800
42777,0.004732,172.31.36.0-255,105,208446,17,212800
42778,0.007234,74.125.24.0-255,66,208512,17,212800
42779,0.029174,172.31.36.0-255,188,208700,17,212800
42780,0.029209,172.31.36.0-255,961,209661,17,212800
42781,0.029272,172.31.36.0-255,1514,211175,17,212800
42782,0.029274,172.31.36.0-255,1427,212602,17,212800
42783,0.030698,104.244.42.0-255,66,212668,17,212800
42784,0.030747,104.244.42.0-255,66,212734,17,212800
42785,0.030862,104.244.42.0-255,66,212800,17,212800
42786,0.0,74.125.24.0-255,146,146,17,345267
42787,2.4e-05,172.31.36.0-255,66,212,17,345267
42788,3.2e-05,74.125.24.0-255,1484,1696,17,345267
42789,3.7e-05,172.31.36.0-255,66,1762,17,345267
42790,4.3e-05,74.125.24.0-255,2902,4664,17,345267
42791,4.7e-05,172.31.36.0-255,66,4730,17,345267
42792,5e-05,74.125.24.0-255,1484,6214,17,345267
42793,5.3e-05,172.31.36.0-255,66,6280,17,345267
42794,8.8e-05,74.125.24.0-255,4320,10600,17,345267
42795,9.1e-05,172.31.36.0-255,66,10666,17,345267
42796,0.00011,74.125.24.0-255,3371,14037,17,345267
42797,0.000113,172.31.36.0-255,66,14103,17,345267
42798,0.000343,74.125.24.0-255,1484,15587,17,345267
42799,0.000349,172.31.36.0-255,66,15653,17,345267
42800,0.000353,74.125.24.0-255,1484,17137,17,345267
42801,0.000355,172.31.36.0-255,66,17203,17,345267
42802,0.000373,74.125.24.0-255,1484,18687,17,345267
42803,0.000375,172.31.36.0-255,66,18753,17,345267
42804,0.000383,74.125.24.0-255,5738,24491,17,345267
42805,0.000386,172.31.36.0-255,66,24557,17,345267
42806,0.000407,74.125.24.0-255,4320,28877,17,345267
42807,0.00041,172.31.36.0-255,66,28943,17,345267
42808,0.000434,74.125.24.0-255,2543,31486,17,345267
42809,0.000437,172.31.36.0-255,66,31552,17,345267
42810,0.000458,74.125.24.0-255,7156,38708,17,345267
42811,0.000461,172.31.36.0-255,66,38774,17,345267
42812,0.000464,74.125.24.0-255,1484,40258,17,345267
42813,0.000466,172.31.36.0-255,66,40324,17,345267
42814,0.000524,74.125.24.0-255,5738,46062,17,345267
42815,0.000528,172.31.36.0-255,66,46128,17,345267
42816,0.000551,74.125.24.0-255,2543,48671,17,345267
42817,0.000554,172.31.36.0-255,66,48737,17,345267
42818,0.000565,172.31.36.0-255,66,48803,17,345267
42819,0.000628,74.125.24.0-255,2902,51705,17,345267
42820,0.000638,172.31.36.0-255,66,51771,17,345267
42821,0.000644,74.125.24.0-255,4320,56091,17,345267
42822,0.000646,172.31.36.0-255,66,56157,17,345267
42823,0.000658,74.125.24.0-255,1457,57614,17,345267
42824,0.00066,172.31.36.0-255,66,57680,17,345267
42825,0.000861,74.125.24.0-255,107,57787,17,345267
42826,0.000865,172.31.36.0-255,66,57853,17,345267
42827,0.001015,74.125.24.0-255,1484,59337,17,345267
42828,0.001019,172.31.36.0-255,66,59403,17,345267
42829,0.001024,74.125.24.0-255,2902,62305,17,345267
42830,0.001026,172.31.36.0-255,66,62371,17,345267
42831,0.001054,74.125.24.0-255,5738,68109,17,345267
42832,0.001057,172.31.36.0-255,66,68175,17,345267
42833,0.001064,74.125.24.0-255,5738,73913,17,345267
42834,0.001066,172.31.36.0-255,66,73979,17,345267
42835,0.001092,74.125.24.0-255,1125,75104,17,345267
42836,0.001095,172.31.36.0-255,66,75170,17,345267
42837,0.00111,74.125.24.0-255,1484,76654,17,345267
42838,0.001112,172.31.36.0-255,66,76720,17,345267
42839,0.001118,74.125.24.0-255,4320,81040,17,345267
42840,0.00112,172.31.36.0-255,66,81106,17,345267
42841,0.001143,74.125.24.0-255,5738,86844,17,345267
42842,0.001145,172.31.36.0-255,66,86910,17,345267
42843,0.001167,74.125.24.0-255,4320,91230,17,345267
42844,0.001169,172.31.36.0-255,66,91296,17,345267
42845,0.001172,74.125.24.0-255,1125,92421,17,345267
42846,0.001174,172.31.36.0-255,66,92487,17,345267
42847,0.003481,74.125.24.0-255,5738,98225,17,345267
42848,0.003489,172.31.36.0-255,66,98291,17,345267
42849,0.005787,74.125.24.0-255,5738,104029,17,345267
42850,0.005792,172.31.36.0-255,66,104095,17,345267
42851,0.008074,74.125.24.0-255,5738,109833,17,345267
42852,0.008083,172.31.36.0-255,66,109899,17,345267
42853,0.010404,74.125.24.0-255,5738,115637,17,345267
42854,0.010414,172.31.36.0-255,66,115703,17,345267
42855,0.012734,74.125.24.0-255,5738,121441,17,345267
42856,0.012744,172.31.36.0-255,66,121507,17,345267
42857,0.015039,74.125.24.0-255,5738,127245,17,345267
42858,0.01505,172.31.36.0-255,66,127311,17,345267
42859,0.01736,74.125.24.0-255,5738,133049,17,345267
42860,0.017369,172.31.36.0-255,66,133115,17,345267
42861,0.019649,74.125.24.0-255,5738,138853,17,345267
42862,0.019658,172.31.36.0-255,66,138919,17,345267
42863,0.021965,74.125.24.0-255,5738,144657,17,345267
42864,0.021973,172.31.36.0-255,66,144723,17,345267
42865,0.024272,74.125.24.0-255,5738,150461,17,345267
42866,0.024279,172.31.36.0-255,66,150527,17,345267
42867,0.026577,74.125.24.0-255,5738,156265,17,345267
42868,0.026585,172.31.36.0-255,66,156331,17,345267
42869,0.028889,74.125.24.0-255,5738,162069,17,345267
42870,0.028898,172.31.36.0-255,66,162135,17,345267
42871,0.029732,172.31.36.0-255,172,162307,17,345267
42872,0.029764,172.31.36.0-255,1117,163424,17,345267
42873,0.02984,172.31.36.0-255,1514,164938,17,345267
42874,0.029841,172.31.36.0-255,1514,166452,17,345267
42875,0.029848,172.31.36.0-255,1514,167966,17,345267
42876,0.029849,172.31.36.0-255,1514,169480,17,345267
42877,0.029874,172.31.36.0-255,1469,170949,17,345267
42878,0.031197,74.125.24.0-255,5738,176687,17,345267
42879,0.031205,172.31.36.0-255,66,176753,17,345267
42880,0.031248,104.244.42.0-255,66,176819,17,345267
42881,0.031279,104.244.42.0-255,66,176885,17,345267
42882,0.031431,104.244.42.0-255,66,176951,17,345267
42883,0.033548,74.125.24.0-255,5738,182689,17,345267
42884,0.033556,172.31.36.0-255,66,182755,17,345267
42885,0.035882,74.125.24.0-255,5738,188493,17,345267
42886,0.035889,172.31.36.0-255,66,188559,17,345267
42887,0.038164,74.125.24.0-255,5738,194297,17,345267
42888,0.038171,172.31.36.0-255,66,194363,17,345267
42889,0.040485,74.125.24.0-255,5738,200101,17,345267
42890,0.040492,172.31.36.0-255,66,200167,17,345267
42891,0.042794,74.125.24.0-255,5738,205905,17,345267
42892,0.042802,172.31.36.0-255,66,205971,17,345267
42893,0.045104,74.125.24.0-255,5738,211709,17,345267
42894,0.04511,172.31.36.0-255,66,211775,17,345267
42895,0.047415,74.125.24.0-255,5738,217513,17,345267
42896,0.047421,172.31.36.0-255,66,217579,17,345267
42897,0.049707,74.125.24.0-255,5738,223317,17,345267
42898,0.049714,172.31.36.0-255,66,223383,17,345267
42899,0.052014,74.125.24.0-255,5738,229121,17,345267
42900,0.052021,172.31.36.0-255,66,229187,17,345267
42901,0.054327,74.125.24.0-255,5738,234925,17,345267
42902,0.054334,172.31.36.0-255,66,234991,17,345267
42903,0.056622,74.125.24.0-255,5738,240729,17,345267
42904,0.056629,172.31.36.0-255,66,240795,17,345267
42905,0.058913,74.125.24.0-255,5738,246533,17,345267
42906,0.05892,172.31.36.0-255,66,246599,17,345267
42907,0.06123,74.125.24.0-255,5738,252337,17,345267
42908,0.061237,172.31.36.0-255,66,252403,17,345267
42909,0.063511,74.125.24.0-255,5738,258141,17,345267
42910,0.063518,172.31.36.0-255,66,258207,17,345267
42911,0.065831,74.125.24.0-255,5738,263945,17,345267
42912,0.065838,172.31.36.0-255,66,264011,17,345267
42913,0.068131,74.125.24.0-255,5738,269749,17,345267
42914,0.068137,172.31.36.0-255,66,269815,17,345267
42915,0.070433,74.125.24.0-255,5738,275553,17,345267
42916,0.07044,172.31.36.0-255,66,275619,17,345267
42917,0.072745,74.125.24.0-255,5738,281357,17,345267
42918,0.072751,172.31.36.0-255,66,281423,17,345267
42919,0.075076,74.125.24.0-255,5738,287161,17,345267
42920,0.075083,172.31.36.0-255,66,287227,17,345267
42921,0.077396,74.125.24.0-255,5738,292965,17,345267
42922,0.077402,172.31.36.0-255,66,293031,17,345267
42923,0.079714,74.125.24.0-255,5738,298769,17,345267
42924,0.079721,172.31.36.0-255,66,298835,17,345267
42925,0.082023,74.125.24.0-255,5738,304573,17,345267
42926,0.082029,172.31.36.0-255,66,304639,17,345267
42927,0.08433,74.125.24.0-255,5738,310377,17,345267
42928,0.084335,172.31.36.0-255,66,310443,17,345267
42929,0.086644,74.125.24.0-255,5738,316181,17,345267
42930,0.086651,172.31.36.0-255,66,316247,17,345267
42931,0.08898,74.125.24.0-255,5738,321985,17,345267
42932,0.088987,172.31.36.0-255,66,322051,17,345267
42933,0.091278,74.125.24.0-255,5738,327789,17,345267
42934,0.091284,172.31.36.0-255,66,327855,17,345267
42935,0.093582,74.125.24.0-255,5738,333593,17,345267
42936,0.093589,172.31.36.0-255,66,333659,17,345267
42937,0.095894,74.125.24.0-255,5738,339397,17,345267
42938,0.095901,172.31.36.0-255,66,339463,17,345267
42939,0.098241,74.125.24.0-255,5738,345201,17,345267
42940,0.098248,172.31.36.0-255,66,345267,17,345267
42941,0.0,172.217.194.0-255,220,220,17,321802
42942,2.3e-05,172.31.36.0-255,66,286,17,321802
42943,3.1e-05,172.217.194.0-255,1484,1770,17,321802
42944,3.6e-05,172.31.36.0-255,66,1836,17,321802
42945,4.4e-05,172.217.194.0-255,4320,6156,17,321802
42946,5.6e-05,172.31.36.0-255,66,6222,17,321802
42947,7.9e-05,172.31.36.0-255,66,6288,17,321802
42948,9.2e-05,172.31.36.0-255,66,6354,17,321802
42949,0.000129,172.217.194.0-255,5379,11733,17,321802
42950,0.000132,172.31.36.0-255,66,11799,17,321802
42951,0.000138,172.217.194.0-255,2902,14701,17,321802
42952,0.000141,172.31.36.0-255,66,14767,17,321802
42953,0.000165,172.217.194.0-255,2902,17669,17,321802
42954,0.000168,172.31.36.0-255,66,17735,17,321802
42955,0.000176,172.217.194.0-255,7156,24891,17,321802
42956,0.000183,172.31.36.0-255,66,24957,17,321802
42957,0.000225,172.217.194.0-255,5738,30695,17,321802
42958,0.000228,172.31.36.0-255,66,30761,17,321802
42959,0.000246,172.31.36.0-255,66,30827,17,321802
42960,0.000249,172.217.194.0-255,1108,31935,17,321802
42961,0.000252,172.31.36.0-255,66,32001,17,321802
42962,0.000318,172.217.194.0-255,1484,33485,17,321802
42963,0.000321,172.31.36.0-255,66,33551,17,321802
42964,0.000326,172.217.194.0-255,2902,36453,17,321802
42965,0.000328,172.31.36.0-255,66,36519,17,321802
42966,0.000361,172.217.194.0-255,5738,42257,17,321802
42967,0.000363,172.31.36.0-255,66,42323,17,321802
42968,0.000403,172.31.36.0-255,66,42389,17,321802
42969,0.000432,172.217.194.0-255,4320,46709,17,321802
42970,0.000435,172.31.36.0-255,66,46775,17,321802
42971,0.000446,172.31.36.0-255,66,46841,17,321802
42972,0.000454,172.217.194.0-255,2184,49025,17,321802
42973,0.000456,172.31.36.0-255,66,49091,17,321802
42974,0.000705,172.217.194.0-255,1484,50575,17,321802
42975,0.000714,172.217.194.0-255,2902,53477,17,321802
42976,0.000719,172.31.36.0-255,66,53543,17,321802
42977,0.000728,172.217.194.0-255,5738,59281,17,321802
42978,0.000731,172.31.36.0-255,66,59347,17,321802
42979,0.000776,172.31.36.0-255,66,59413,17,321802
42980,0.000782,172.217.194.0-255,5738,65151,17,321802
42981,0.000784,172.31.36.0-255,66,65217,17,321802
42982,0.000823,172.31.36.0-255,66,65283,17,321802
42983,0.000827,172.217.194.0-255,1484,66767,17,321802
42984,0.000864,172.31.36.0-255,66,66833,17,321802
42985,0.001608,172.217.194.0-255,1484,68317,17,321802
42986,0.001629,172.217.194.0-255,2902,71219,17,321802
42987,0.001633,172.31.36.0-255,66,71285,17,321802
42988,0.00164,172.217.194.0-255,5738,77023,17,321802
42989,0.001642,172.31.36.0-255,66,77089,17,321802
42990,0.001646,172.217.194.0-255,2902,79991,17,321802
42991,0.001648,172.31.36.0-255,66,80057,17,321802
42992,0.001684,172.217.194.0-255,2902,82959,17,321802
42993,0.001687,172.31.36.0-255,66,83025,17,321802
42994,0.001706,172.31.36.0-255,66,83091,17,321802
42995,0.001713,172.217.194.0-255,5020,88111,17,321802
42996,0.001715,172.31.36.0-255,66,88177,17,321802
42997,0.003773,172.217.194.0-255,5738,93915,17,321802
42998,0.00378,172.31.36.0-255,66,93981,17,321802
42999,0.005831,172.217.194.0-255,5738,99719,17,321802
43000,0.005835,172.31.36.0-255,66,99785,17,321802
43001,0.007901,172.217.194.0-255,5738,105523,17,321802
43002,0.007907,172.31.36.0-255,66,105589,17,321802
43003,0.009972,172.217.194.0-255,5738,111327,17,321802
43004,0.00998,172.31.36.0-255,66,111393,17,321802
43005,0.012027,172.217.194.0-255,5738,117131,17,321802
43006,0.012034,172.31.36.0-255,66,117197,17,321802
43007,0.014101,172.217.194.0-255,5738,122935,17,321802
43008,0.014108,172.31.36.0-255,66,123001,17,321802
43009,0.016198,172.217.194.0-255,5738,128739,17,321802
43010,0.016205,172.31.36.0-255,66,128805,17,321802
43011,0.018276,172.217.194.0-255,5738,134543,17,321802
43012,0.018283,172.31.36.0-255,66,134609,17,321802
43013,0.020342,172.217.194.0-255,5738,140347,17,321802
43014,0.020351,172.31.36.0-255,66,140413,17,321802
43015,0.022379,172.217.194.0-255,5738,146151,17,321802
43016,0.022385,172.31.36.0-255,66,146217,17,321802
43017,0.024486,172.217.194.0-255,5738,151955,17,321802
43018,0.024492,172.31.36.0-255,66,152021,17,321802
43019,0.02661,172.217.194.0-255,5738,157759,17,321802
43020,0.026622,172.31.36.0-255,66,157825,17,321802
43021,0.028666,172.217.194.0-255,5738,163563,17,321802
43022,0.028674,172.31.36.0-255,66,163629,17,321802
43023,0.03074,172.217.194.0-255,5738,169367,17,321802
43024,0.030748,172.31.36.0-255,66,169433,17,321802
43025,0.032825,172.217.194.0-255,5738,175171,17,321802
43026,0.032833,172.31.36.0-255,66,175237,17,321802
43027,0.034363,172.31.36.0-255,188,175425,17,321802
43028,0.034396,172.31.36.0-255,962,176387,17,321802
43029,0.034454,172.31.36.0-255,209,176596,17,321802
43030,0.034888,172.217.194.0-255,5738,182334,17,321802
43031,0.034897,172.31.36.0-255,66,182400,17,321802
43032,0.035888,104.244.42.0-255,66,182466,17,321802
43033,0.035928,104.244.42.0-255,66,182532,17,321802
43034,0.035982,104.244.42.0-255,66,182598,17,321802
43035,0.036931,104.244.42.0-255,108,182706,17,321802
43036,0.036939,172.31.36.0-255,66,182772,17,321802
43037,0.036972,172.217.194.0-255,5738,188510,17,321802
43038,0.036977,172.31.36.0-255,66,188576,17,321802
43039,0.039049,172.217.194.0-255,5738,194314,17,321802
43040,0.039056,172.31.36.0-255,66,194380,17,321802
43041,0.041133,172.217.194.0-255,5738,200118,17,321802
43042,0.041143,172.31.36.0-255,66,200184,17,321802
43043,0.043181,172.217.194.0-255,5738,205922,17,321802
43044,0.043188,172.31.36.0-255,66,205988,17,321802
43045,0.045275,172.217.194.0-255,5738,211726,17,321802
43046,0.045282,172.31.36.0-255,66,211792,17,321802
43047,0.047352,172.217.194.0-255,5738,217530,17,321802
43048,0.047359,172.31.36.0-255,66,217596,17,321802
43049,0.049453,172.217.194.0-255,5738,223334,17,321802
43050,0.049459,172.31.36.0-255,66,223400,17,321802
43051,0.051498,172.217.194.0-255,5738,229138,17,321802
43052,0.051505,172.31.36.0-255,66,229204,17,321802
43053,0.053596,172.217.194.0-255,5738,234942,17,321802
43054,0.053604,172.31.36.0-255,66,235008,17,321802
43055,0.055664,172.217.194.0-255,5738,240746,17,321802
43056,0.055682,172.31.36.0-255,66,240812,17,321802
43057,0.057764,172.217.194.0-255,5738,246550,17,321802
43058,0.05777,172.31.36.0-255,66,246616,17,321802
43059,0.059798,172.217.194.0-255,5738,252354,17,321802
43060,0.059805,172.31.36.0-255,66,252420,17,321802
43061,0.061849,172.217.194.0-255,5738,258158,17,321802
43062,0.061855,172.31.36.0-255,66,258224,17,321802
43063,0.063946,172.217.194.0-255,5738,263962,17,321802
43064,0.063951,172.31.36.0-255,66,264028,17,321802
43065,0.066024,172.217.194.0-255,5738,269766,17,321802
43066,0.066031,172.31.36.0-255,66,269832,17,321802
43067,0.068109,172.217.194.0-255,5738,275570,17,321802
43068,0.068115,172.31.36.0-255,66,275636,17,321802
43069,0.070217,172.217.194.0-255,5738,281374,17,321802
43070,0.070223,172.31.36.0-255,66,281440,17,321802
43071,0.072252,172.217.194.0-255,5738,287178,17,321802
43072,0.072258,172.31.36.0-255,66,287244,17,321802
43073,0.074325,172.217.194.0-255,5738,292982,17,321802
43074,0.074331,172.31.36.0-255,66,293048,17,321802
43075,0.076378,172.217.194.0-255,5738,298786,17,321802
43076,0.076385,172.31.36.0-255,66,298852,17,321802
43077,0.078486,172.217.194.0-255,5738,304590,17,321802
43078,0.078494,172.31.36.0-255,66,304656,17,321802
43079,0.080544,172.217.194.0-255,5738,310394,17,321802
43080,0.080551,172.31.36.0-255,66,310460,17,321802
43081,0.082584,172.217.194.0-255,5738,316198,17,321802
43082,0.082591,172.31.36.0-255,66,316264,17,321802
43083,0.08466,172.217.194.0-255,5301,321565,17,321802
43084,0.084666,172.31.36.0-255,66,321631,17,321802
43085,0.084859,172.31.36.0-255,105,321736,17,321802
43086,0.086886,172.217.194.0-255,66,321802,17,321802
43087,0.0,172.217.194.0-255,217,217,17,261456
43088,2.7e-05,172.31.36.0-255,66,283,17,261456
43089,3.5e-05,172.217.194.0-255,1484,1767,17,261456
43090,4.1e-05,172.31.36.0-255,66,1833,17,261456
43091,4.9e-05,172.217.194.0-255,4320,6153,17,261456
43092,5.2e-05,172.31.36.0-255,66,6219,17,261456
43093,0.000133,172.217.194.0-255,5738,11957,17,261456
43094,0.000137,172.31.36.0-255,66,12023,17,261456
43095,0.000155,172.217.194.0-255,1811,13834,17,261456
43096,0.000158,172.31.36.0-255,66,13900,17,261456
43097,0.000337,172.217.194.0-255,4320,18220,17,261456
43098,0.000343,172.31.36.0-255,66,18286,17,261456
43099,0.000376,172.217.194.0-255,4320,22606,17,261456
43100,0.000379,172.31.36.0-255,66,22672,17,261456
43101,0.000574,172.31.36.0-255,66,22738,17,261456
43102,0.000789,172.217.194.0-255,4320,27058,17,261456
43103,0.000794,172.31.36.0-255,66,27124,17,261456
43104,0.000831,172.31.36.0-255,66,27190,17,261456
43105,0.000912,172.31.36.0-255,101,27291,17,261456
43106,0.001286,172.217.194.0-255,5738,33029,17,261456
43107,0.001293,172.31.36.0-255,66,33095,17,261456
43108,0.001717,172.217.194.0-255,7156,40251,17,261456
43109,0.003531,172.217.194.0-255,5738,45989,17,261456
43110,0.003581,172.217.194.0-255,5738,51727,17,261456
43111,0.004476,172.217.194.0-255,66,51793,17,261456
43112,0.005387,172.31.36.0-255,66,51859,17,261456
43113,0.008016,172.217.194.0-255,5738,57597,17,261456
43114,0.008028,172.31.36.0-255,66,57663,17,261456
43115,0.010659,172.217.194.0-255,5738,63401,17,261456
43116,0.010687,172.31.36.0-255,66,63467,17,261456
43117,0.013331,172.217.194.0-255,5738,69205,17,261456
43118,0.013348,172.31.36.0-255,66,69271,17,261456
43119,0.015997,172.217.194.0-255,5738,75009,17,261456
43120,0.016009,172.31.36.0-255,66,75075,17,261456
43121,0.018651,172.217.194.0-255,5738,80813,17,261456
43122,0.018666,172.31.36.0-255,66,80879,17,261456
43123,0.021313,172.217.194.0-255,5738,86617,17,261456
43124,0.021331,172.31.36.0-255,66,86683,17,261456
43125,0.023972,172.217.194.0-255,5738,92421,17,261456
43126,0.023988,172.31.36.0-255,66,92487,17,261456
43127,0.026628,172.217.194.0-255,5738,98225,17,261456
43128,0.026645,172.31.36.0-255,66,98291,17,261456
43129,0.029293,172.217.194.0-255,5738,104029,17,261456
43130,0.029307,172.31.36.0-255,66,104095,17,261456
43131,0.031935,172.217.194.0-255,5738,109833,17,261456
43132,0.031944,172.31.36.0-255,66,109899,17,261456
43133,0.03459,172.217.194.0-255,5738,115637,17,261456
43134,0.034605,172.31.36.0-255,66,115703,17,261456
43135,0.037231,172.217.194.0-255,5738,121441,17,261456
43136,0.037244,172.31.36.0-255,66,121507,17,261456
43137,0.039872,172.217.194.0-255,5738,127245,17,261456
43138,0.039892,172.31.36.0-255,66,127311,17,261456
43139,0.042525,172.217.194.0-255,5738,133049,17,261456
43140,0.042541,172.31.36.0-255,66,133115,17,261456
43141,0.045194,172.217.194.0-255,5738,138853,17,261456
43142,0.045209,172.31.36.0-255,66,138919,17,261456
43143,0.046213,172.31.36.0-255,188,139107,17,261456
43144,0.046258,172.31.36.0-255,961,140068,17,261456
43145,0.046344,172.31.36.0-255,1514,141582,17,261456
43146,0.046347,172.31.36.0-255,1514,143096,17,261456
43147,0.046352,172.31.36.0-255,1514,144610,17,261456
43148,0.046353,172.31.36.0-255,1514,146124,17,261456
43149,0.046375,172.31.36.0-255,1514,147638,17,261456
43150,0.046377,172.31.36.0-255,178,147816,17,261456
43151,0.047758,104.244.42.0-255,66,147882,17,261456
43152,0.047801,104.244.42.0-255,66,147948,17,261456
43153,0.047817,172.217.194.0-255,5738,153686,17,261456
43154,0.047827,172.31.36.0-255,66,153752,17,261456
43155,0.04791,104.244.42.0-255,66,153818,17,261456
43156,0.047957,104.244.42.0-255,66,153884,17,261456
43157,0.05046,172.217.194.0-255,4320,158204,17,261456
43158,0.050473,172.31.36.0-255,66,158270,17,261456
43159,0.050494,172.217.194.0-255,1484,159754,17,261456
43160,0.053098,172.217.194.0-255,4320,164074,17,261456
43161,0.053114,172.31.36.0-255,66,164140,17,261456
43162,0.055777,172.217.194.0-255,5738,169878,17,261456
43163,0.056086,172.31.36.0-255,66,169944,17,261456
43164,0.058722,172.217.194.0-255,5738,175682,17,261456
43165,0.058732,172.31.36.0-255,66,175748,17,261456
43166,0.061386,172.217.194.0-255,5738,181486,17,261456
43167,0.061395,172.31.36.0-255,66,181552,17,261456
43168,0.064068,172.217.194.0-255,5738,187290,17,261456
43169,0.064079,172.31.36.0-255,66,187356,17,261456
43170,0.066723,172.217.194.0-255,5738,193094,17,261456
43171,0.066733,172.31.36.0-255,66,193160,17,261456
43172,0.069382,172.217.194.0-255,5738,198898,17,261456
43173,0.069395,172.31.36.0-255,66,198964,17,261456
43174,0.072024,172.217.194.0-255,5738,204702,17,261456
43175,0.072035,172.31.36.0-255,66,204768,17,261456
43176,0.07467,172.217.194.0-255,5738,210506,17,261456
43177,0.074688,172.31.36.0-255,66,210572,17,261456
43178,0.077322,172.217.194.0-255,5738,216310,17,261456
43179,0.077329,172.31.36.0-255,66,216376,17,261456
43180,0.079963,172.217.194.0-255,5738,222114,17,261456
43181,0.079973,172.31.36.0-255,66,222180,17,261456
43182,0.082629,172.217.194.0-255,4320,226500,17,261456
43183,0.082638,172.31.36.0-255,66,226566,17,261456
43184,0.082659,172.217.194.0-255,1484,228050,17,261456
43185,0.085268,172.217.194.0-255,4320,232370,17,261456
43186,0.085283,172.31.36.0-255,66,232436,17,261456
43187,0.087897,172.217.194.0-255,5738,238174,17,261456
43188,0.088212,172.31.36.0-255,66,238240,17,261456
43189,0.090865,172.217.194.0-255,5738,243978,17,261456
43190,0.090902,172.31.36.0-255,66,244044,17,261456
43191,0.093533,172.217.194.0-255,5738,249782,17,261456
43192,0.093545,172.31.36.0-255,66,249848,17,261456
43193,0.096188,172.217.194.0-255,5738,255586,17,261456
43194,0.0962,172.31.36.0-255,66,255652,17,261456
43195,0.098829,172.217.194.0-255,5738,261390,17,261456
43196,0.098839,172.31.36.0-255,66,261456,17,261456
43197,0.0,172.217.194.0-255,149,149,17,174084
43198,1.4e-05,172.31.36.0-255,66,215,17,174084
43199,2.1e-05,172.217.194.0-255,1484,1699,17,174084
43200,2.6e-05,172.31.36.0-255,66,1765,17,174084
43201,4e-05,172.217.194.0-255,2902,4667,17,174084
43202,4.4e-05,172.31.36.0-255,66,4733,17,174084
43203,5.2e-05,172.217.194.0-255,7156,11889,17,174084
43204,5.5e-05,172.31.36.0-255,66,11955,17,174084
43205,5.9e-05,172.217.194.0-255,2038,13993,17,174084
43206,6.2e-05,172.31.36.0-255,66,14059,17,174084
43207,7.5e-05,172.31.36.0-255,66,14125,17,174084
43208,0.000107,172.217.194.0-255,1484,15609,17,174084
43209,0.000109,172.31.36.0-255,66,15675,17,174084
43210,0.000116,172.217.194.0-255,5379,21054,17,174084
43211,0.00012,172.31.36.0-255,66,21120,17,174084
43212,0.000159,172.217.194.0-255,1484,22604,17,174084
43213,0.000161,172.31.36.0-255,66,22670,17,174084
43214,0.000166,172.217.194.0-255,2902,25572,17,174084
43215,0.000169,172.31.36.0-255,66,25638,17,174084
43216,0.000181,172.217.194.0-255,5738,31376,17,174084
43217,0.000183,172.31.36.0-255,66,31442,17,174084
43218,0.000234,172.217.194.0-255,5738,37180,17,174084
43219,0.000237,172.31.36.0-255,66,37246,17,174084
43220,0.000261,172.31.36.0-255,66,37312,17,174084
43221,0.000312,172.31.36.0-255,66,37378,17,174084
43222,0.000362,172.217.194.0-255,1484,38862,17,174084
43223,0.000365,172.31.36.0-255,66,38928,17,174084
43224,0.00037,172.217.194.0-255,2902,41830,17,174084
43225,0.000372,172.31.36.0-255,66,41896,17,174084
43226,0.000385,172.217.194.0-255,5738,47634,17,174084
43227,0.000387,172.31.36.0-255,66,47700,17,174084
43228,0.000393,172.217.194.0-255,5738,53438,17,174084
43229,0.000396,172.31.36.0-255,66,53504,17,174084
43230,0.000441,172.31.36.0-255,66,53570,17,174084
43231,0.000446,172.217.194.0-255,3961,57531,17,174084
43232,0.000448,172.31.36.0-255,66,57597,17,174084
43233,0.000596,172.217.194.0-255,1484,59081,17,174084
43234,0.000603,172.217.194.0-255,2902,61983,17,174084
43235,0.000606,172.31.36.0-255,66,62049,17,174084
43236,0.000614,172.217.194.0-255,5738,67787,17,174084
43237,0.000616,172.31.36.0-255,66,67853,17,174084
43238,0.000655,172.31.36.0-255,66,67919,17,174084
43239,0.000667,172.31.36.0-255,66,67985,17,174084
43240,0.000732,172.31.36.0-255,66,68051,17,174084
43241,0.000744,172.31.36.0-255,66,68117,17,174084
43242,0.000748,172.217.194.0-255,2902,71019,17,174084
43243,0.000751,172.31.36.0-255,66,71085,17,174084
43244,0.000793,172.31.36.0-255,66,71151,17,174084
43245,0.000823,172.217.194.0-255,4320,75471,17,174084
43246,0.000825,172.31.36.0-255,66,75537,17,174084
43247,0.000832,172.217.194.0-255,5738,81275,17,174084
43248,0.000834,172.31.36.0-255,66,81341,17,174084
43249,0.000841,172.217.194.0-255,5738,87079,17,174084
43250,0.000843,172.31.36.0-255,66,87145,17,174084
43251,0.000879,172.217.194.0-255,5738,92883,17,174084
43252,0.000882,172.31.36.0-255,66,92949,17,174084
43253,0.000894,172.31.36.0-255,66,93015,17,174084
43254,0.000898,172.217.194.0-255,3602,96617,17,174084
43255,0.000901,172.31.36.0-255,66,96683,17,174084
43256,0.000932,172.217.194.0-255,4320,101003,17,174084
43257,0.000935,172.31.36.0-255,66,101069,17,174084
43258,0.000953,172.217.194.0-255,4320,105389,17,174084
43259,0.000956,172.31.36.0-255,66,105455,17,174084
43260,0.000982,172.217.194.0-255,5738,111193,17,174084
43261,0.000985,172.217.194.0-255,1484,112677,17,174084
43262,0.000991,172.217.194.0-255,5738,118415,17,174084
43263,0.000996,172.31.36.0-255,66,118481,17,174084
43264,0.001,172.31.36.0-255,66,118547,17,174084
43265,0.001027,172.217.194.0-255,7156,125703,17,174084
43266,0.00103,172.31.36.0-255,66,125769,17,174084
43267,0.001036,172.217.194.0-255,5020,130789,17,174084
43268,0.001038,172.31.36.0-255,66,130855,17,174084
43269,0.001208,172.217.194.0-255,1484,132339,17,174084
43270,0.001227,172.217.194.0-255,2902,135241,17,174084
43271,0.00123,172.31.36.0-255,66,135307,17,174084
43272,0.001238,172.217.194.0-255,5738,141045,17,174084
43273,0.00124,172.31.36.0-255,66,141111,17,174084
43274,0.001286,172.31.36.0-255,66,141177,17,174084
43275,0.001312,172.217.194.0-255,4320,145497,17,174084
43276,0.001314,172.31.36.0-255,66,145563,17,174084
43277,0.001336,172.217.194.0-255,6438,152001,17,174084
43278,0.00134,172.31.36.0-255,66,152067,17,174084
43279,0.001363,172.217.194.0-255,1484,153551,17,174084
43280,0.001368,172.217.194.0-255,2902,156453,17,174084
43281,0.00137,172.31.36.0-255,66,156519,17,174084
43282,0.001375,172.217.194.0-255,2902,159421,17,174084
43283,0.001377,172.31.36.0-255,66,159487,17,174084
43284,0.001396,172.217.194.0-255,2902,162389,17,174084
43285,0.001415,172.31.36.0-255,66,162455,17,174084
43286,0.001418,172.31.36.0-255,66,162521,17,174084
43287,0.001428,172.217.194.0-255,2902,165423,17,174084
43288,0.00143,172.31.36.0-255,66,165489,17,174084
43289,0.001447,172.31.36.0-255,66,165555,17,174084
43290,0.001511,172.31.36.0-255,66,165621,17,174084
43291,0.001569,172.31.36.0-255,66,165687,17,174084
43292,0.001647,172.31.36.0-255,66,165753,17,174084
43293,0.00165,172.31.36.0-255,66,165819,17,174084
43294,0.001653,172.31.36.0-255,66,165885,17,174084
43295,0.001676,172.217.194.0-255,2184,168069,17,174084
43296,0.00168,172.31.36.0-255,66,168135,17,174084
43297,0.001698,172.31.36.0-255,66,168201,17,174084
43298,0.001736,172.31.36.0-255,66,168267,17,174084
43299,0.00174,172.217.194.0-255,1029,169296,17,174084
43300,0.001743,172.217.194.0-255,105,169401,17,174084
43301,0.009066,172.31.36.0-255,66,169467,17,174084
43302,0.009108,172.31.36.0-255,105,169572,17,174084
43303,0.011425,172.217.194.0-255,66,169638,17,174084
43304,0.03322,172.31.36.0-255,172,169810,17,174084
43305,0.033251,172.31.36.0-255,1116,170926,17,174084
43306,0.033315,172.31.36.0-255,1514,172440,17,174084
43307,0.033316,172.31.36.0-255,1272,173712,17,174084
43308,0.034755,104.244.42.0-255,66,173778,17,174084
43309,0.034787,104.244.42.0-255,66,173844,17,174084
43310,0.034886,104.244.42.0-255,66,173910,17,174084
43311,0.03544,104.244.42.0-255,108,174018,17,174084
43312,0.035447,172.31.36.0-255,66,174084,17,174084
43313,0.0,216.58.221.0-255,153,153,17,278641
43314,1.5e-05,172.31.36.0-255,66,219,17,278641
43315,2.2e-05,216.58.221.0-255,1484,1703,17,278641
43316,2.6e-05,172.31.36.0-255,66,1769,17,278641
43317,3.1e-05,216.58.221.0-255,2902,4671,17,278641
43318,4.4e-05,172.31.36.0-255,66,4737,17,278641
43319,4.9e-05,216.58.221.0-255,4320,9057,17,278641
43320,5.3e-05,172.31.36.0-255,66,9123,17,278641
43321,0.000103,216.58.221.0-255,4876,13999,17,278641
43322,0.000107,172.31.36.0-255,66,14065,17,278641
43323,0.000485,216.58.221.0-255,1484,15549,17,278641
43324,0.00049,172.31.36.0-255,66,15615,17,278641
43325,0.000497,216.58.221.0-255,2902,18517,17,278641
43326,0.0005,172.31.36.0-255,66,18583,17,278641
43327,0.000514,216.58.221.0-255,5738,24321,17,278641
43328,0.000516,172.31.36.0-255,66,24387,17,278641
43329,0.000541,216.58.221.0-255,2902,27289,17,278641
43330,0.000544,172.31.36.0-255,66,27355,17,278641
43331,0.000575,216.58.221.0-255,3961,31316,17,278641
43332,0.000578,172.31.36.0-255,66,31382,17,278641
43333,0.000599,216.58.221.0-255,1484,32866,17,278641
43334,0.000602,172.31.36.0-255,66,32932,17,278641
43335,0.000606,216.58.221.0-255,2902,35834,17,278641
43336,0.000609,172.31.36.0-255,66,35900,17,278641
43337,0.000641,216.58.221.0-255,5738,41638,17,278641
43338,0.000645,172.31.36.0-255,66,41704,17,278641
43339,0.000651,216.58.221.0-255,6797,48501,17,278641
43340,0.000654,172.31.36.0-255,66,48567,17,278641
43341,0.000951,216.58.221.0-255,1484,50051,17,278641
43342,0.000957,172.31.36.0-255,66,50117,17,278641
43343,0.000965,216.58.221.0-255,2902,53019,17,278641
43344,0.000967,172.31.36.0-255,66,53085,17,278641
43345,0.000981,216.58.221.0-255,5738,58823,17,278641
43346,0.000985,172.31.36.0-255,66,58889,17,278641
43347,0.001025,216.58.221.0-255,7088,65977,17,278641
43348,0.001029,172.31.36.0-255,66,66043,17,278641
43349,0.00206,216.58.221.0-255,386,66429,17,278641
43350,0.002637,216.58.221.0-255,1484,67913,17,278641
43351,0.002642,172.31.36.0-255,66,67979,17,278641
43352,0.002647,216.58.221.0-255,1484,69463,17,278641
43353,0.002667,216.58.221.0-255,1484,70947,17,278641
43354,0.002669,172.31.36.0-255,66,71013,17,278641
43355,0.002675,216.58.221.0-255,4320,75333,17,278641
43356,0.002677,172.31.36.0-255,66,75399,17,278641
43357,0.002706,172.31.36.0-255,66,75465,17,278641
43358,0.002711,216.58.221.0-255,2902,78367,17,278641
43359,0.002713,172.31.36.0-255,66,78433,17,278641
43360,0.002746,172.31.36.0-255,66,78499,17,278641
43361,0.002772,216.58.221.0-255,3961,82460,17,278641
43362,0.002774,172.31.36.0-255,66,82526,17,278641
43363,0.00329,216.58.221.0-255,1484,84010,17,278641
43364,0.003293,216.58.221.0-255,1484,85494,17,278641
43365,0.003294,172.31.36.0-255,66,85560,17,278641
43366,0.003317,216.58.221.0-255,1484,87044,17,278641
43367,0.003322,216.58.221.0-255,4320,91364,17,278641
43368,0.003323,172.31.36.0-255,66,91430,17,278641
43369,0.00333,216.58.221.0-255,5738,97168,17,278641
43370,0.003332,172.31.36.0-255,66,97234,17,278641
43371,0.003364,172.31.36.0-255,66,97300,17,278641
43372,0.003388,216.58.221.0-255,1484,98784,17,278641
43373,0.003398,172.31.36.0-255,66,98850,17,278641
43374,0.003801,216.58.221.0-255,1484,100334,17,278641
43375,0.00382,216.58.221.0-255,2902,103236,17,278641
43376,0.003824,172.31.36.0-255,66,103302,17,278641
43377,0.003831,216.58.221.0-255,4320,107622,17,278641
43378,0.003835,172.31.36.0-255,66,107688,17,278641
43379,0.00385,216.58.221.0-255,5738,113426,17,278641
43380,0.003853,172.31.36.0-255,66,113492,17,278641
43381,0.003884,216.58.221.0-255,2902,116394,17,278641
43382,0.003887,172.31.36.0-255,66,116460,17,278641
43383,0.003909,172.31.36.0-255,66,116526,17,278641
43384,0.003933,216.58.221.0-255,2184,118710,17,278641
43385,0.003937,172.31.36.0-255,66,118776,17,278641
43386,0.004091,216.58.221.0-255,1484,120260,17,278641
43387,0.0041,216.58.221.0-255,2902,123162,17,278641
43388,0.004103,172.31.36.0-255,66,123228,17,278641
43389,0.004153,216.58.221.0-255,1484,124712,17,278641
43390,0.00418,216.58.221.0-255,4320,129032,17,278641
43391,0.004184,172.31.36.0-255,66,129098,17,278641
43392,0.00419,216.58.221.0-255,4320,133418,17,278641
43393,0.004192,172.31.36.0-255,66,133484,17,278641
43394,0.004204,216.58.221.0-255,5738,139222,17,278641
43395,0.004208,172.31.36.0-255,66,139288,17,278641
43396,0.00422,172.31.36.0-255,66,139354,17,278641
43397,0.004224,216.58.221.0-255,2184,141538,17,278641
43398,0.004227,172.31.36.0-255,66,141604,17,278641
43399,0.004231,216.58.221.0-255,2902,144506,17,278641
43400,0.004235,172.31.36.0-255,66,144572,17,278641
43401,0.004236,216.58.221.0-255,7156,151728,17,278641
43402,0.00424,216.58.221.0-255,2902,154630,17,278641
43403,0.00424,172.31.36.0-255,66,154696,17,278641
43404,0.004243,172.31.36.0-255,66,154762,17,278641
43405,0.004279,216.58.221.0-255,5738,160500,17,278641
43406,0.004283,172.31.36.0-255,66,160566,17,278641
43407,0.004288,216.58.221.0-255,4320,164886,17,278641
43408,0.004291,172.31.36.0-255,66,164952,17,278641
43409,0.004337,172.31.36.0-255,66,165018,17,278641
43410,0.004359,172.31.36.0-255,66,165084,17,278641
43411,0.00437,172.31.36.0-255,66,165150,17,278641
43412,0.004419,172.31.36.0-255,66,165216,17,278641
43413,0.00442,216.58.221.0-255,5738,170954,17,278641
43414,0.004423,172.31.36.0-255,66,171020,17,278641
43415,0.00447,172.31.36.0-255,66,171086,17,278641
43416,0.004481,172.31.36.0-255,66,171152,17,278641
43417,0.004503,216.58.221.0-255,1484,172636,17,278641
43418,0.004531,216.58.221.0-255,2902,175538,17,278641
43419,0.004534,172.31.36.0-255,66,175604,17,278641
43420,0.004538,216.58.221.0-255,1484,177088,17,278641
43421,0.004563,216.58.221.0-255,4320,181408,17,278641
43422,0.004567,172.31.36.0-255,66,181474,17,278641
43423,0.004573,216.58.221.0-255,5738,187212,17,278641
43424,0.004576,172.31.36.0-255,66,187278,17,278641
43425,0.004592,216.58.221.0-255,2902,190180,17,278641
43426,0.004594,172.31.36.0-255,66,190246,17,278641
43427,0.004619,216.58.221.0-255,2902,193148,17,278641
43428,0.004623,172.31.36.0-255,66,193214,17,278641
43429,0.004631,216.58.221.0-255,7156,200370,17,278641
43430,0.004634,172.31.36.0-255,66,200436,17,278641
43431,0.004639,216.58.221.0-255,2902,203338,17,278641
43432,0.004641,216.58.221.0-255,1484,204822,17,278641
43433,0.004643,216.58.221.0-255,766,205588,17,278641
43434,0.004643,172.31.36.0-255,66,205654,17,278641
43435,0.004647,172.31.36.0-255,66,205720,17,278641
43436,0.004807,216.58.221.0-255,1484,207204,17,278641
43437,0.004823,216.58.221.0-255,2902,210106,17,278641
43438,0.004829,172.31.36.0-255,66,210172,17,278641
43439,0.004853,216.58.221.0-255,5738,215910,17,278641
43440,0.004856,172.31.36.0-255,66,215976,17,278641
43441,0.00486,216.58.221.0-255,2902,218878,17,278641
43442,0.004863,172.31.36.0-255,66,218944,17,278641
43443,0.0049,216.58.221.0-255,5738,224682,17,278641
43444,0.004904,172.31.36.0-255,66,224748,17,278641
43445,0.004914,172.31.36.0-255,66,224814,17,278641
43446,0.004926,216.58.221.0-255,5020,229834,17,278641
43447,0.004929,172.31.36.0-255,66,229900,17,278641
43448,0.004988,216.58.221.0-255,1484,231384,17,278641
43449,0.004993,216.58.221.0-255,2902,234286,17,278641
43450,0.004996,172.31.36.0-255,66,234352,17,278641
43451,0.005003,216.58.221.0-255,5738,240090,17,278641
43452,0.005006,172.31.36.0-255,66,240156,17,278641
43453,0.005035,216.58.221.0-255,4320,244476,17,278641
43454,0.005038,172.31.36.0-255,66,244542,17,278641
43455,0.00506,216.58.221.0-255,5738,250280,17,278641
43456,0.005063,172.31.36.0-255,66,250346,17,278641
43457,0.005068,216.58.221.0-255,4320,254666,17,278641
43458,0.00507,172.31.36.0-255,66,254732,17,278641
43459,0.005076,216.58.221.0-255,4320,259052,17,278641
43460,0.005079,172.31.36.0-255,66,259118,17,278641
43461,0.005098,216.58.221.0-255,1484,260602,17,278641
43462,0.005102,216.58.221.0-255,2902,263504,17,278641
43463,0.00511,172.31.36.0-255,66,263570,17,278641
43464,0.005114,216.58.221.0-255,766,264336,17,278641
43465,0.005138,216.58.221.0-255,1484,265820,17,278641
43466,0.005141,172.31.36.0-255,66,265886,17,278641
43467,0.005147,216.58.221.0-255,4320,270206,17,278641
43468,0.00515,172.31.36.0-255,66,270272,17,278641
43469,0.00518,216.58.221.0-255,3689,273961,17,278641
43470,0.005183,172.31.36.0-255,66,274027,17,278641
43471,0.00522,216.58.221.0-255,105,274132,17,278641
43472,0.007039,172.31.36.0-255,66,274198,17,278641
43473,0.007066,172.31.36.0-255,105,274303,17,278641
43474,0.009004,216.58.221.0-255,66,274369,17,278641
43475,0.025964,172.31.36.0-255,172,274541,17,278641
43476,0.025998,172.31.36.0-255,1116,275657,17,278641
43477,0.026039,172.31.36.0-255,1514,277171,17,278641
43478,0.02604,172.31.36.0-255,1272,278443,17,278641
43479,0.027519,104.244.42.0-255,66,278509,17,278641
43480,0.027577,104.244.42.0-255,66,278575,17,278641
43481,0.027615,104.244.42.0-255,66,278641,17,278641
43482,0.0,172.31.36.0-255,66,66,17,66
43483,0.0,172.31.36.0-255,66,66,17,66
43484,0.0,74.125.24.0-255,151,151,17,290468
43485,3.1e-05,172.31.36.0-255,66,217,17,290468
43486,3.7e-05,74.125.24.0-255,1484,1701,17,290468
43487,4e-05,172.31.36.0-255,66,1767,17,290468
43488,4.4e-05,74.125.24.0-255,2902,4669,17,290468
43489,4.6e-05,172.31.36.0-255,66,4735,17,290468
43490,5.8e-05,74.125.24.0-255,2902,7637,17,290468
43491,6.1e-05,172.31.36.0-255,66,7703,17,290468
43492,7.1e-05,172.31.36.0-255,66,7769,17,290468
43493,0.000104,172.31.36.0-255,66,7835,17,290468
43494,0.000124,74.125.24.0-255,1125,8960,17,290468
43495,0.000126,172.31.36.0-255,66,9026,17,290468
43496,0.000205,74.125.24.0-255,1484,10510,17,290468
43497,0.000208,172.31.36.0-255,66,10576,17,290468
43498,0.000226,74.125.24.0-255,2902,13478,17,290468
43499,0.000229,172.31.36.0-255,66,13544,17,290468
43500,0.000232,74.125.24.0-255,1484,15028,17,290468
43501,0.000234,172.31.36.0-255,66,15094,17,290468
43502,0.000262,74.125.24.0-255,5738,20832,17,290468
43503,0.000268,172.31.36.0-255,66,20898,17,290468
43504,0.000283,74.125.24.0-255,4320,25218,17,290468
43505,0.000285,172.31.36.0-255,66,25284,17,290468
43506,0.000322,172.31.36.0-255,66,25350,17,290468
43507,0.000355,172.31.36.0-255,66,25416,17,290468
43508,0.000547,74.125.24.0-255,111,25527,17,290468
43509,0.000551,172.31.36.0-255,66,25593,17,290468
43510,0.000695,74.125.24.0-255,1484,27077,17,290468
43511,0.000699,172.31.36.0-255,66,27143,17,290468
43512,0.000707,74.125.24.0-255,2902,30045,17,290468
43513,0.000709,172.31.36.0-255,66,30111,17,290468
43514,0.00072,74.125.24.0-255,5738,35849,17,290468
43515,0.000721,172.31.36.0-255,66,35915,17,290468
43516,0.000765,172.31.36.0-255,66,35981,17,290468
43517,0.000792,74.125.24.0-255,2902,38883,17,290468
43518,0.000795,172.31.36.0-255,66,38949,17,290468
43519,0.000827,172.31.36.0-255,66,39015,17,290468
43520,0.001433,74.125.24.0-255,1484,40499,17,290468
43521,0.001442,74.125.24.0-255,2902,43401,17,290468
43522,0.001446,172.31.36.0-255,66,43467,17,290468
43523,0.001451,74.125.24.0-255,2902,46369,17,290468
43524,0.001453,172.31.36.0-255,66,46435,17,290468
43525,0.001488,74.125.24.0-255,2902,49337,17,290468
43526,0.00149,172.31.36.0-255,66,49403,17,290468
43527,0.001499,172.31.36.0-255,66,49469,17,290468
43528,0.001557,172.31.36.0-255,66,49535,17,290468
43529,0.001614,172.31.36.0-255,66,49601,17,290468
43530,0.001642,74.125.24.0-255,4320,53921,17,290468
43531,0.001644,172.31.36.0-255,66,53987,17,290468
43532,0.00166,172.31.36.0-255,66,54053,17,290468
43533,0.001665,74.125.24.0-255,6438,60491,17,290468
43534,0.001667,172.31.36.0-255,66,60557,17,290468
43535,0.001681,74.125.24.0-255,4320,64877,17,290468
43536,0.001685,172.31.36.0-255,66,64943,17,290468
43537,0.001714,172.31.36.0-255,66,65009,17,290468
43538,0.001719,74.125.24.0-255,5738,70747,17,290468
43539,0.001721,172.31.36.0-255,66,70813,17,290468
43540,0.001752,172.31.36.0-255,66,70879,17,290468
43541,0.001754,74.125.24.0-255,766,71645,17,290468
43542,0.001869,74.125.24.0-255,1484,73129,17,290468
43543,0.001872,172.31.36.0-255,66,73195,17,290468
43544,0.001895,74.125.24.0-255,2902,76097,17,290468
43545,0.001897,172.31.36.0-255,66,76163,17,290468
43546,0.001903,74.125.24.0-255,5738,81901,17,290468
43547,0.001904,172.31.36.0-255,66,81967,17,290468
43548,0.001931,74.125.24.0-255,5738,87705,17,290468
43549,0.001934,172.31.36.0-255,66,87771,17,290468
43550,0.00196,74.125.24.0-255,7156,94927,17,290468
43551,0.001963,172.31.36.0-255,66,94993,17,290468
43552,0.001967,74.125.24.0-255,4320,99313,17,290468
43553,0.001969,172.31.36.0-255,66,99379,17,290468
43554,0.002013,74.125.24.0-255,6438,105817,17,290468
43555,0.002015,172.31.36.0-255,66,105883,17,290468
43556,0.004267,74.125.24.0-255,2902,108785,17,290468
43557,0.004271,172.31.36.0-255,66,108851,17,290468
43558,0.004296,74.125.24.0-255,2902,111753,17,290468
43559,0.004298,172.31.36.0-255,66,111819,17,290468
43560,0.006515,74.125.24.0-255,2902,114721,17,290468
43561,0.006523,172.31.36.0-255,66,114787,17,290468
43562,0.006586,74.125.24.0-255,2902,117689,17,290468
43563,0.00659,172.31.36.0-255,66,117755,17,290468
43564,0.008806,74.125.24.0-255,2902,120657,17,290468
43565,0.008816,172.31.36.0-255,66,120723,17,290468
43566,0.008858,74.125.24.0-255,2902,123625,17,290468
43567,0.008869,172.31.36.0-255,66,123691,17,290468
43568,0.011051,74.125.24.0-255,2902,126593,17,290468
43569,0.011058,172.31.36.0-255,66,126659,17,290468
43570,0.011105,74.125.24.0-255,2902,129561,17,290468
43571,0.011107,172.31.36.0-255,66,129627,17,290468
43572,0.013356,74.125.24.0-255,5738,135365,17,290468
43573,0.013366,172.31.36.0-255,66,135431,17,290468
43574,0.015632,74.125.24.0-255,5738,141169,17,290468
43575,0.01564,172.31.36.0-255,66,141235,17,290468
43576,0.01791,74.125.24.0-255,5738,146973,17,290468
43577,0.017917,172.31.36.0-255,66,147039,17,290468
43578,0.020194,74.125.24.0-255,5738,152777,17,290468
43579,0.020202,172.31.36.0-255,66,152843,17,290468
43580,0.02244,74.125.24.0-255,5738,158581,17,290468
43581,0.022448,172.31.36.0-255,66,158647,17,290468
43582,0.02251,172.31.36.0-255,164,158811,17,290468
43583,0.022538,172.31.36.0-255,1124,159935,17,290468
43584,0.022594,172.31.36.0-255,1514,161449,17,290468
43585,0.022596,172.31.36.0-255,1264,162713,17,290468
43586,0.024083,104.244.42.0-255,66,162779,17,290468
43587,0.02409,104.244.42.0-255,66,162845,17,290468
43588,0.024163,104.244.42.0-255,66,162911,17,290468
43589,0.024691,74.125.24.0-255,5738,168649,17,290468
43590,0.024696,172.31.36.0-255,66,168715,17,290468
43591,0.026986,74.125.24.0-255,5738,174453,17,290468
43592,0.026993,172.31.36.0-255,66,174519,17,290468
43593,0.029229,74.125.24.0-255,5738,180257,17,290468
43594,0.029239,172.31.36.0-255,66,180323,17,290468
43595,0.031531,74.125.24.0-255,5738,186061,17,290468
43596,0.031542,172.31.36.0-255,66,186127,17,290468
43597,0.033799,74.125.24.0-255,5738,191865,17,290468
43598,0.033807,172.31.36.0-255,66,191931,17,290468
43599,0.03606,74.125.24.0-255,5738,197669,17,290468
43600,0.036066,172.31.36.0-255,66,197735,17,290468
43601,0.038391,74.125.24.0-255,5738,203473,17,290468
43602,0.038397,172.31.36.0-255,66,203539,17,290468
43603,0.04065,74.125.24.0-255,5738,209277,17,290468
43604,0.040656,172.31.36.0-255,66,209343,17,290468
43605,0.042931,74.125.24.0-255,4320,213663,17,290468
43606,0.042942,172.31.36.0-255,66,213729,17,290468
43607,0.042969,74.125.24.0-255,1484,215213,17,290468
43608,0.045182,74.125.24.0-255,4320,219533,17,290468
43609,0.045188,172.31.36.0-255,66,219599,17,290468
43610,0.047453,74.125.24.0-255,5738,225337,17,290468
43611,0.04746,172.31.36.0-255,66,225403,17,290468
43612,0.049744,74.125.24.0-255,4320,229723,17,290468
43613,0.04975,172.31.36.0-255,66,229789,17,290468
43614,0.049782,74.125.24.0-255,1484,231273,17,290468
43615,0.052026,74.125.24.0-255,4320,235593,17,290468
43616,0.052032,172.31.36.0-255,66,235659,17,290468
43617,0.054263,74.125.24.0-255,5738,241397,17,290468
43618,0.054269,172.31.36.0-255,66,241463,17,290468
43619,0.056548,74.125.24.0-255,5738,247201,17,290468
43620,0.056555,172.31.36.0-255,66,247267,17,290468
43621,0.058811,74.125.24.0-255,5738,253005,17,290468
43622,0.058818,172.31.36.0-255,66,253071,17,290468
43623,0.061079,74.125.24.0-255,5738,258809,17,290468
43624,0.061086,172.31.36.0-255,66,258875,17,290468
43625,0.063395,74.125.24.0-255,5738,264613,17,290468
43626,0.063402,172.31.36.0-255,66,264679,17,290468
43627,0.065675,74.125.24.0-255,5738,270417,17,290468
43628,0.065682,172.31.36.0-255,66,270483,17,290468
43629,0.067914,74.125.24.0-255,2902,273385,17,290468
43630,0.06792,172.31.36.0-255,66,273451,17,290468
43631,0.067949,74.125.24.0-255,2902,276353,17,290468
43632,0.067952,172.31.36.0-255,66,276419,17,290468
43633,0.070179,74.125.24.0-255,5738,282157,17,290468
43634,0.070185,172.31.36.0-255,66,282223,17,290468
43635,0.072465,74.125.24.0-255,5738,287961,17,290468
43636,0.072471,172.31.36.0-255,66,288027,17,290468
43637,0.074702,74.125.24.0-255,2204,290231,17,290468
43638,0.074708,172.31.36.0-255,66,290297,17,290468
43639,0.074876,172.31.36.0-255,105,290402,17,290468
43640,0.077128,74.125.24.0-255,66,290468,17,290468
43641,0.0,74.125.24.0-255,152,152,17,231838
43642,2.1e-05,172.31.36.0-255,66,218,17,231838
43643,2.8e-05,74.125.24.0-255,1484,1702,17,231838
43644,3.2e-05,172.31.36.0-255,66,1768,17,231838
43645,4.5e-05,74.125.24.0-255,2902,4670,17,231838
43646,4.7e-05,172.31.36.0-255,66,4736,17,231838
43647,5.4e-05,74.125.24.0-255,7156,11892,17,231838
43648,5.7e-05,172.31.36.0-255,66,11958,17,231838
43649,6.2e-05,74.125.24.0-255,4320,16278,17,231838
43650,6.4e-05,172.31.36.0-255,66,16344,17,231838
43651,0.000111,172.31.36.0-255,66,16410,17,231838
43652,0.000115,74.125.24.0-255,2543,18953,17,231838
43653,0.000116,172.31.36.0-255,66,19019,17,231838
43654,0.000181,74.125.24.0-255,1484,20503,17,231838
43655,0.000183,172.31.36.0-255,66,20569,17,231838
43656,0.000188,74.125.24.0-255,2902,23471,17,231838
43657,0.00019,172.31.36.0-255,66,23537,17,231838
43658,0.000214,74.125.24.0-255,5738,29275,17,231838
43659,0.000216,172.31.36.0-255,66,29341,17,231838
43660,0.000224,74.125.24.0-255,4320,33661,17,231838
43661,0.000226,172.31.36.0-255,66,33727,17,231838
43662,0.000276,74.125.24.0-255,7156,40883,17,231838
43663,0.000279,172.31.36.0-255,66,40949,17,231838
43664,0.00031,74.125.24.0-255,5379,46328,17,231838
43665,0.000312,172.31.36.0-255,66,46394,17,231838
43666,0.000318,74.125.24.0-255,7068,53462,17,231838
43667,0.00032,172.31.36.0-255,66,53528,17,231838
43668,0.000323,74.125.24.0-255,135,53663,17,231838
43669,0.000329,172.31.36.0-255,66,53729,17,231838
43670,0.000341,74.125.24.0-255,1484,55213,17,231838
43671,0.000343,172.31.36.0-255,66,55279,17,231838
43672,0.000347,74.125.24.0-255,2902,58181,17,231838
43673,0.000381,74.125.24.0-255,7156,65337,17,231838
43674,0.000421,74.125.24.0-255,5079,70416,17,231838
43675,0.000514,172.31.36.0-255,66,70482,17,231838
43676,0.001048,74.125.24.0-255,1484,71966,17,231838
43677,0.001055,74.125.24.0-255,2902,74868,17,231838
43678,0.001058,172.31.36.0-255,66,74934,17,231838
43679,0.001085,74.125.24.0-255,2902,77836,17,231838
43680,0.001088,172.31.36.0-255,66,77902,17,231838
43681,0.001094,74.125.24.0-255,7156,85058,17,231838
43682,0.001096,172.31.36.0-255,66,85124,17,231838
43683,0.001131,172.31.36.0-255,66,85190,17,231838
43684,0.001157,74.125.24.0-255,4320,89510,17,231838
43685,0.00116,172.31.36.0-255,66,89576,17,231838
43686,0.001164,74.125.24.0-255,3602,93178,17,231838
43687,0.001166,172.31.36.0-255,66,93244,17,231838
43688,0.001347,74.125.24.0-255,1484,94728,17,231838
43689,0.001352,74.125.24.0-255,2902,97630,17,231838
43690,0.001354,172.31.36.0-255,66,97696,17,231838
43691,0.001383,74.125.24.0-255,5738,103434,17,231838
43692,0.001386,172.31.36.0-255,66,103500,17,231838
43693,0.00139,74.125.24.0-255,4320,107820,17,231838
43694,0.001392,172.31.36.0-255,66,107886,17,231838
43695,0.001398,74.125.24.0-255,5738,113624,17,231838
43696,0.001399,172.31.36.0-255,66,113690,17,231838
43697,0.001417,74.125.24.0-255,5738,119428,17,231838
43698,0.001418,172.31.36.0-255,66,119494,17,231838
43699,0.00145,172.31.36.0-255,66,119560,17,231838
43700,0.001536,74.125.24.0-255,1484,121044,17,231838
43701,0.001542,74.125.24.0-255,2902,123946,17,231838
43702,0.001544,172.31.36.0-255,66,124012,17,231838
43703,0.001549,74.125.24.0-255,2902,126914,17,231838
43704,0.00155,172.31.36.0-255,66,126980,17,231838
43705,0.001586,74.125.24.0-255,2902,129882,17,231838
43706,0.001588,172.31.36.0-255,66,129948,17,231838
43707,0.001601,172.31.36.0-255,66,130014,17,231838
43708,0.001607,74.125.24.0-255,5738,135752,17,231838
43709,0.001608,172.31.36.0-255,66,135818,17,231838
43710,0.001638,74.125.24.0-255,5020,140838,17,231838
43711,0.001641,172.31.36.0-255,66,140904,17,231838
43712,0.001801,74.125.24.0-255,1484,142388,17,231838
43713,0.001805,74.125.24.0-255,1484,143872,17,231838
43714,0.001815,172.31.36.0-255,66,143938,17,231838
43715,0.001834,74.125.24.0-255,1484,145422,17,231838
43716,0.00184,74.125.24.0-255,5738,151160,17,231838
43717,0.001844,74.125.24.0-255,2902,154062,17,231838
43718,0.001847,74.125.24.0-255,2902,156964,17,231838
43719,0.001865,74.125.24.0-255,7156,164120,17,231838
43720,0.001871,172.31.36.0-255,66,164186,17,231838
43721,0.001904,74.125.24.0-255,1484,165670,17,231838
43722,0.001909,172.31.36.0-255,66,165736,17,231838
43723,0.001947,172.31.36.0-255,66,165802,17,231838
43724,0.002034,172.31.36.0-255,66,165868,17,231838
43725,0.002076,74.125.24.0-255,1484,167352,17,231838
43726,0.002081,74.125.24.0-255,2902,170254,17,231838
43727,0.002086,74.125.24.0-255,5738,175992,17,231838
43728,0.002091,74.125.24.0-255,2902,178894,17,231838
43729,0.002095,74.125.24.0-255,4320,183214,17,231838
43730,0.002107,172.31.36.0-255,66,183280,17,231838
43731,0.002133,172.31.36.0-255,66,183346,17,231838
43732,0.002187,172.31.36.0-255,66,183412,17,231838
43733,0.002227,172.31.36.0-255,66,183478,17,231838
43734,0.002282,74.125.24.0-255,3602,187080,17,231838
43735,0.002287,74.125.24.0-255,2902,189982,17,231838
43736,0.002299,172.31.36.0-255,66,190048,17,231838
43737,0.002304,74.125.24.0-255,4320,194368,17,231838
43738,0.002309,74.125.24.0-255,2902,197270,17,231838
43739,0.002326,172.31.36.0-255,66,197336,17,231838
43740,0.002333,74.125.24.0-255,5738,203074,17,231838
43741,0.002382,74.125.24.0-255,3602,206676,17,231838
43742,0.002397,172.31.36.0-255,66,206742,17,231838
43743,0.002441,172.31.36.0-255,66,206808,17,231838
43744,0.002492,172.31.36.0-255,66,206874,17,231838
43745,0.002503,74.125.24.0-255,4320,211194,17,231838
43746,0.002508,172.31.36.0-255,66,211260,17,231838
43747,0.002533,74.125.24.0-255,5738,216998,17,231838
43748,0.00254,74.125.24.0-255,5738,222736,17,231838
43749,0.002543,74.125.24.0-255,1484,224220,17,231838
43750,0.002572,172.31.36.0-255,66,224286,17,231838
43751,0.002578,172.31.36.0-255,66,224352,17,231838
43752,0.005121,74.125.24.0-255,105,224457,17,231838
43753,0.010717,172.31.36.0-255,66,224523,17,231838
43754,0.010769,172.31.36.0-255,105,224628,17,231838
43755,0.013289,74.125.24.0-255,66,224694,17,231838
43756,0.03218,172.31.36.0-255,172,224866,17,231838
43757,0.032217,172.31.36.0-255,1116,225982,17,231838
43758,0.032278,172.31.36.0-255,1514,227496,17,231838
43759,0.032279,172.31.36.0-255,1514,229010,17,231838
43760,0.032284,172.31.36.0-255,1514,230524,17,231838
43761,0.032285,172.31.36.0-255,1050,231574,17,231838
43762,0.033749,104.244.42.0-255,66,231640,17,231838
43763,0.033778,104.244.42.0-255,66,231706,17,231838
43764,0.033837,104.244.42.0-255,66,231772,17,231838
43765,0.033857,104.244.42.0-255,66,231838,17,231838
43766,0.0,74.125.24.0-255,296,296,17,194050
43767,2.2e-05,172.31.36.0-255,66,362,17,194050
43768,2.7e-05,74.125.24.0-255,1484,1846,17,194050
43769,3.1e-05,172.31.36.0-255,66,1912,17,194050
43770,3.7e-05,74.125.24.0-255,4320,6232,17,194050
43771,3.9e-05,172.31.36.0-255,66,6298,17,194050
43772,4.4e-05,74.125.24.0-255,5738,12036,17,194050
43773,4.6e-05,172.31.36.0-255,66,12102,17,194050
43774,7.8e-05,172.31.36.0-255,66,12168,17,194050
43775,9.9e-05,74.125.24.0-255,3369,15537,17,194050
43776,0.000101,172.31.36.0-255,66,15603,17,194050
43777,0.000107,74.125.24.0-255,6797,22400,17,194050
43778,0.000109,172.31.36.0-255,66,22466,17,194050
43779,0.000164,74.125.24.0-255,1484,23950,17,194050
43780,0.000166,172.31.36.0-255,66,24016,17,194050
43781,0.00017,74.125.24.0-255,2902,26918,17,194050
43782,0.000172,172.31.36.0-255,66,26984,17,194050
43783,0.000193,74.125.24.0-255,5738,32722,17,194050
43784,0.000195,172.31.36.0-255,66,32788,17,194050
43785,0.00023,172.31.36.0-255,66,32854,17,194050
43786,0.000238,74.125.24.0-255,5379,38233,17,194050
43787,0.00024,172.31.36.0-255,66,38299,17,194050
43788,0.000246,74.125.24.0-255,4320,42619,17,194050
43789,0.000248,172.31.36.0-255,66,42685,17,194050
43790,0.000268,74.125.24.0-255,5646,48331,17,194050
43791,0.000271,172.31.36.0-255,66,48397,17,194050
43792,0.000274,74.125.24.0-255,134,48531,17,194050
43793,0.000276,172.31.36.0-255,66,48597,17,194050
43794,0.000482,74.125.24.0-255,1484,50081,17,194050
43795,0.000486,172.31.36.0-255,66,50147,17,194050
43796,0.00049,74.125.24.0-255,2902,53049,17,194050
43797,0.000499,172.31.36.0-255,66,53115,17,194050
43798,0.000503,74.125.24.0-255,1484,54599,17,194050
43799,0.000522,74.125.24.0-255,4320,58919,17,194050
43800,0.000525,172.31.36.0-255,66,58985,17,194050
43801,0.000542,74.125.24.0-255,2902,61887,17,194050
43802,0.000551,172.31.36.0-255,66,61953,17,194050
43803,0.000555,74.125.24.0-255,3961,65914,17,194050
43804,0.000565,172.31.36.0-255,66,65980,17,194050
43805,0.000782,74.125.24.0-255,1484,67464,17,194050
43806,0.000786,74.125.24.0-255,2902,70366,17,194050
43807,0.00079,172.31.36.0-255,66,70432,17,194050
43808,0.000795,74.125.24.0-255,2902,73334,17,194050
43809,0.000798,172.31.36.0-255,66,73400,17,194050
43810,0.00081,74.125.24.0-255,2902,76302,17,194050
43811,0.000815,172.31.36.0-255,66,76368,17,194050
43812,0.000864,172.31.36.0-255,66,76434,17,194050
43813,0.000873,74.125.24.0-255,5379,81813,17,194050
43814,0.000878,172.31.36.0-255,66,81879,17,194050
43815,0.00088,74.125.24.0-255,7156,89035,17,194050
43816,0.000894,172.31.36.0-255,66,89101,17,194050
43817,0.000899,74.125.24.0-255,7156,96257,17,194050
43818,0.000909,172.31.36.0-255,66,96323,17,194050
43819,0.000915,172.31.36.0-255,66,96389,17,194050
43820,0.000983,74.125.24.0-255,1484,97873,17,194050
43821,0.001014,74.125.24.0-255,2902,100775,17,194050
43822,0.001024,172.31.36.0-255,66,100841,17,194050
43823,0.001059,74.125.24.0-255,2902,103743,17,194050
43824,0.001067,172.31.36.0-255,66,103809,17,194050
43825,0.001073,74.125.24.0-255,2902,106711,17,194050
43826,0.001083,172.31.36.0-255,66,106777,17,194050
43827,0.001086,74.125.24.0-255,1484,108261,17,194050
43828,0.001108,74.125.24.0-255,5738,113999,17,194050
43829,0.001118,172.31.36.0-255,66,114065,17,194050
43830,0.001125,74.125.24.0-255,5738,119803,17,194050
43831,0.001129,172.31.36.0-255,66,119869,17,194050
43832,0.001159,74.125.24.0-255,6438,126307,17,194050
43833,0.001165,74.125.24.0-255,7156,133463,17,194050
43834,0.001165,172.31.36.0-255,66,133529,17,194050
43835,0.00117,172.31.36.0-255,66,133595,17,194050
43836,0.00124,74.125.24.0-255,6438,140033,17,194050
43837,0.001244,172.31.36.0-255,66,140099,17,194050
43838,0.001334,74.125.24.0-255,1484,141583,17,194050
43839,0.00134,74.125.24.0-255,2902,144485,17,194050
43840,0.001343,172.31.36.0-255,66,144551,17,194050
43841,0.001359,74.125.24.0-255,5738,150289,17,194050
43842,0.001374,172.31.36.0-255,66,150355,17,194050
43843,0.001399,172.31.36.0-255,66,150421,17,194050
43844,0.00143,172.31.36.0-255,66,150487,17,194050
43845,0.001469,74.125.24.0-255,1484,151971,17,194050
43846,0.001475,74.125.24.0-255,2902,154873,17,194050
43847,0.001484,172.31.36.0-255,66,154939,17,194050
43848,0.001493,74.125.24.0-255,5738,160677,17,194050
43849,0.001497,74.125.24.0-255,1484,162161,17,194050
43850,0.001498,172.31.36.0-255,66,162227,17,194050
43851,0.001516,74.125.24.0-255,7156,169383,17,194050
43852,0.001534,74.125.24.0-255,2902,172285,17,194050
43853,0.001534,172.31.36.0-255,66,172351,17,194050
43854,0.001539,172.31.36.0-255,66,172417,17,194050
43855,0.001553,74.125.24.0-255,4320,176737,17,194050
43856,0.001562,172.31.36.0-255,66,176803,17,194050
43857,0.00159,172.31.36.0-255,66,176869,17,194050
43858,0.001596,74.125.24.0-255,2184,179053,17,194050
43859,0.001605,172.31.36.0-255,66,179119,17,194050
43860,0.00161,172.31.36.0-255,66,179185,17,194050
43861,0.00167,74.125.24.0-255,2902,182087,17,194050
43862,0.001677,172.31.36.0-255,66,182153,17,194050
43863,0.001725,172.31.36.0-255,66,182219,17,194050
43864,0.001737,172.31.36.0-255,66,182285,17,194050
43865,0.001765,172.31.36.0-255,66,182351,17,194050
43866,0.001825,172.31.36.0-255,66,182417,17,194050
43867,0.001828,74.125.24.0-255,7156,189573,17,194050
43868,0.00184,172.31.36.0-255,66,189639,17,194050
43869,0.001859,74.125.24.0-255,97,189736,17,194050
43870,0.001866,172.31.36.0-255,66,189802,17,194050
43871,0.001885,74.125.24.0-255,105,189907,17,194050
43872,0.0019,74.125.24.0-255,129,190036,17,194050
43873,0.009262,172.31.36.0-255,105,190141,17,194050
43874,0.009295,172.31.36.0-255,105,190246,17,194050
43875,0.009481,172.31.36.0-255,90,190336,17,194050
43876,0.009489,172.31.36.0-255,66,190402,17,194050
43877,0.011572,74.125.24.0-255,66,190468,17,194050
43878,0.011583,74.125.24.0-255,66,190534,17,194050
43879,0.011797,74.125.24.0-255,66,190600,17,194050
43880,0.011822,74.125.24.0-255,66,190666,17,194050
43881,0.011833,172.31.36.0-255,66,190732,17,194050
43882,0.026581,172.31.36.0-255,172,190904,17,194050
43883,0.026614,172.31.36.0-255,1117,192021,17,194050
43884,0.026651,172.31.36.0-255,1514,193535,17,194050
43885,0.026652,172.31.36.0-255,317,193852,17,194050
43886,0.028072,104.244.42.0-255,66,193918,17,194050
43887,0.0281,104.244.42.0-255,66,193984,17,194050
43888,0.028151,104.244.42.0-255,66,194050,17,194050
43889,0.0,172.217.194.0-255,153,153,17,372523
43890,3.2e-05,172.31.36.0-255,66,219,17,372523
43891,3.8e-05,172.217.194.0-255,1484,1703,17,372523
43892,4.2e-05,172.31.36.0-255,66,1769,17,372523
43893,4.7e-05,172.217.194.0-255,2902,4671,17,372523
43894,5.8e-05,172.31.36.0-255,66,4737,17,372523
43895,6.6e-05,172.217.194.0-255,7156,11893,17,372523
43896,6.8e-05,172.31.36.0-255,66,11959,17,372523
43897,7.1e-05,172.217.194.0-255,1484,13443,17,372523
43898,7.4e-05,172.31.36.0-255,66,13509,17,372523
43899,0.000111,172.217.194.0-255,647,14156,17,372523
43900,0.000114,172.31.36.0-255,66,14222,17,372523
43901,0.000143,172.217.194.0-255,1484,15706,17,372523
43902,0.000146,172.31.36.0-255,66,15772,17,372523
43903,0.000178,172.217.194.0-255,4320,20092,17,372523
43904,0.000181,172.31.36.0-255,66,20158,17,372523
43905,0.000189,172.217.194.0-255,7156,27314,17,372523
43906,0.000192,172.31.36.0-255,66,27380,17,372523
43907,0.000234,172.31.36.0-255,66,27446,17,372523
43908,0.000261,172.217.194.0-255,4320,31766,17,372523
43909,0.000264,172.31.36.0-255,66,31832,17,372523
43910,0.000289,172.217.194.0-255,2902,34734,17,372523
43911,0.000292,172.31.36.0-255,66,34800,17,372523
43912,0.000321,172.217.194.0-255,3602,38402,17,372523
43913,0.000325,172.31.36.0-255,66,38468,17,372523
43914,0.000357,172.217.194.0-255,1484,39952,17,372523
43915,0.000361,172.217.194.0-255,2902,42854,17,372523
43916,0.000362,172.31.36.0-255,66,42920,17,372523
43917,0.000364,172.217.194.0-255,1484,44404,17,372523
43918,0.000367,172.31.36.0-255,66,44470,17,372523
43919,0.00037,172.31.36.0-255,66,44536,17,372523
43920,0.000392,172.217.194.0-255,2902,47438,17,372523
43921,0.0004,172.31.36.0-255,66,47504,17,372523
43922,0.000428,172.217.194.0-255,2902,50406,17,372523
43923,0.000433,172.31.36.0-255,66,50472,17,372523
43924,0.000444,172.217.194.0-255,5668,56140,17,372523
43925,0.000451,172.31.36.0-255,66,56206,17,372523
43926,0.001108,172.217.194.0-255,365,56571,17,372523
43927,0.001142,172.217.194.0-255,1484,58055,17,372523
43928,0.001147,172.31.36.0-255,66,58121,17,372523
43929,0.001175,172.217.194.0-255,2902,61023,17,372523
43930,0.001178,172.31.36.0-255,66,61089,17,372523
43931,0.001185,172.217.194.0-255,5738,66827,17,372523
43932,0.001187,172.31.36.0-255,66,66893,17,372523
43933,0.001199,172.217.194.0-255,4320,71213,17,372523
43934,0.001202,172.31.36.0-255,66,71279,17,372523
43935,0.001226,172.217.194.0-255,2543,73822,17,372523
43936,0.001233,172.31.36.0-255,66,73888,17,372523
43937,0.001276,172.217.194.0-255,1484,75372,17,372523
43938,0.001298,172.217.194.0-255,2902,78274,17,372523
43939,0.001316,172.31.36.0-255,66,78340,17,372523
43940,0.001324,172.217.194.0-255,5738,84078,17,372523
43941,0.001327,172.31.36.0-255,66,84144,17,372523
43942,0.00137,172.217.194.0-255,6797,90941,17,372523
43943,0.001374,172.31.36.0-255,66,91007,17,372523
43944,0.003375,172.217.194.0-255,5738,96745,17,372523
43945,0.003382,172.31.36.0-255,66,96811,17,372523
43946,0.005369,172.217.194.0-255,5738,102549,17,372523
43947,0.005375,172.31.36.0-255,66,102615,17,372523
43948,0.007368,172.217.194.0-255,5738,108353,17,372523
43949,0.007374,172.31.36.0-255,66,108419,17,372523
43950,0.009351,172.217.194.0-255,5738,114157,17,372523
43951,0.009359,172.31.36.0-255,66,114223,17,372523
43952,0.011354,172.217.194.0-255,5738,119961,17,372523
43953,0.011362,172.31.36.0-255,66,120027,17,372523
43954,0.01337,172.217.194.0-255,5738,125765,17,372523
43955,0.013378,172.31.36.0-255,66,125831,17,372523
43956,0.015362,172.217.194.0-255,5738,131569,17,372523
43957,0.01537,172.31.36.0-255,66,131635,17,372523
43958,0.017367,172.217.194.0-255,5738,137373,17,372523
43959,0.017375,172.31.36.0-255,66,137439,17,372523
43960,0.019356,172.217.194.0-255,5738,143177,17,372523
43961,0.019366,172.31.36.0-255,66,143243,17,372523
43962,0.021389,172.217.194.0-255,4320,147563,17,372523
43963,0.021396,172.31.36.0-255,66,147629,17,372523
43964,0.021425,172.217.194.0-255,1484,149113,17,372523
43965,0.022618,172.31.36.0-255,172,149285,17,372523
43966,0.022648,172.31.36.0-255,1117,150402,17,372523
43967,0.022689,172.31.36.0-255,1514,151916,17,372523
43968,0.02269,172.31.36.0-255,1514,153430,17,372523
43969,0.022697,172.31.36.0-255,1514,154944,17,372523
43970,0.022698,172.31.36.0-255,1049,155993,17,372523
43971,0.023377,172.217.194.0-255,4320,160313,17,372523
43972,0.023383,172.31.36.0-255,66,160379,17,372523
43973,0.024191,104.244.42.0-255,66,160445,17,372523
43974,0.024243,104.244.42.0-255,66,160511,17,372523
43975,0.02427,104.244.42.0-255,66,160577,17,372523
43976,0.024274,104.244.42.0-255,66,160643,17,372523
43977,0.025377,172.217.194.0-255,5738,166381,17,372523
43978,0.025383,172.31.36.0-255,66,166447,17,372523
43979,0.027394,172.217.194.0-255,5738,172185,17,372523
43980,0.0274,172.31.36.0-255,66,172251,17,372523
43981,0.02942,172.217.194.0-255,2902,175153,17,372523
43982,0.029424,172.31.36.0-255,66,175219,17,372523
43983,0.029453,172.217.194.0-255,2902,178121,17,372523
43984,0.029456,172.31.36.0-255,66,178187,17,372523
43985,0.031435,172.217.194.0-255,2902,181089,17,372523
43986,0.031441,172.31.36.0-255,66,181155,17,372523
43987,0.031475,172.217.194.0-255,2902,184057,17,372523
43988,0.031478,172.31.36.0-255,66,184123,17,372523
43989,0.033428,172.217.194.0-255,2902,187025,17,372523
43990,0.033434,172.31.36.0-255,66,187091,17,372523
43991,0.033478,172.217.194.0-255,1484,188575,17,372523
43992,0.033492,172.217.194.0-255,1484,190059,17,372523
43993,0.033495,172.31.36.0-255,66,190125,17,372523
43994,0.035447,172.217.194.0-255,2902,193027,17,372523
43995,0.035452,172.31.36.0-255,66,193093,17,372523
43996,0.035487,172.217.194.0-255,2902,195995,17,372523
43997,0.035491,172.31.36.0-255,66,196061,17,372523
43998,0.03744,172.217.194.0-255,5738,201799,17,372523
43999,0.037446,172.31.36.0-255,66,201865,17,372523
44000,0.039462,172.217.194.0-255,5738,207603,17,372523
44001,0.039467,172.31.36.0-255,66,207669,17,372523
44002,0.041473,172.217.194.0-255,4320,211989,17,372523
44003,0.041481,172.31.36.0-255,66,212055,17,372523
44004,0.041508,172.217.194.0-255,1484,213539,17,372523
44005,0.04348,172.217.194.0-255,4320,217859,17,372523
44006,0.043485,172.31.36.0-255,66,217925,17,372523
44007,0.045481,172.217.194.0-255,5738,223663,17,372523
44008,0.045487,172.31.36.0-255,66,223729,17,372523
44009,0.04749,172.217.194.0-255,5738,229467,17,372523
44010,0.047495,172.31.36.0-255,66,229533,17,372523
44011,0.049498,172.217.194.0-255,5738,235271,17,372523
44012,0.049504,172.31.36.0-255,66,235337,17,372523
44013,0.05149,172.217.194.0-255,5738,241075,17,372523
44014,0.051495,172.31.36.0-255,66,241141,17,372523
44015,0.053493,172.217.194.0-255,4320,245461,17,372523
44016,0.053499,172.31.36.0-255,66,245527,17,372523
44017,0.05353,172.217.194.0-255,1484,247011,17,372523
44018,0.05547,172.217.194.0-255,4320,251331,17,372523
44019,0.055475,172.31.36.0-255,66,251397,17,372523
44020,0.057478,172.217.194.0-255,5738,257135,17,372523
44021,0.057484,172.31.36.0-255,66,257201,17,372523
44022,0.059471,172.217.194.0-255,4320,261521,17,372523
44023,0.059477,172.31.36.0-255,66,261587,17,372523
44024,0.059511,172.217.194.0-255,1484,263071,17,372523
44025,0.061473,172.217.194.0-255,4320,267391,17,372523
44026,0.061479,172.31.36.0-255,66,267457,17,372523
44027,0.063467,172.217.194.0-255,5738,273195,17,372523
44028,0.063472,172.31.36.0-255,66,273261,17,372523
44029,0.06549,172.217.194.0-255,5738,278999,17,372523
44030,0.065495,172.31.36.0-255,66,279065,17,372523
44031,0.06747,172.217.194.0-255,5738,284803,17,372523
44032,0.067476,172.31.36.0-255,66,284869,17,372523
44033,0.069491,172.217.194.0-255,5738,290607,17,372523
44034,0.069498,172.31.36.0-255,66,290673,17,372523
44035,0.071496,172.217.194.0-255,5738,296411,17,372523
44036,0.071502,172.31.36.0-255,66,296477,17,372523
44037,0.073532,172.217.194.0-255,5738,302215,17,372523
44038,0.073537,172.31.36.0-255,66,302281,17,372523
44039,0.075504,172.217.194.0-255,2902,305183,17,372523
44040,0.07551,172.31.36.0-255,66,305249,17,372523
44041,0.075543,172.217.194.0-255,2902,308151,17,372523
44042,0.075546,172.31.36.0-255,66,308217,17,372523
44043,0.077504,172.217.194.0-255,2902,311119,17,372523
44044,0.077509,172.31.36.0-255,66,311185,17,372523
44045,0.077549,172.217.194.0-255,2902,314087,17,372523
44046,0.077553,172.31.36.0-255,66,314153,17,372523
44047,0.079594,172.217.194.0-255,4320,318473,17,372523
44048,0.079599,172.31.36.0-255,66,318539,17,372523
44049,0.079633,172.217.194.0-255,1484,320023,17,372523
44050,0.081564,172.217.194.0-255,2902,322925,17,372523
44051,0.08157,172.31.36.0-255,66,322991,17,372523
44052,0.081603,172.217.194.0-255,1484,324475,17,372523
44053,0.083578,172.217.194.0-255,4320,328795,17,372523
44054,0.083585,172.31.36.0-255,66,328861,17,372523
44055,0.085605,172.217.194.0-255,5738,334599,17,372523
44056,0.08561,172.31.36.0-255,66,334665,17,372523
44057,0.087592,172.217.194.0-255,5738,340403,17,372523
44058,0.087597,172.31.36.0-255,66,340469,17,372523
44059,0.089567,172.217.194.0-255,5738,346207,17,372523
44060,0.089573,172.31.36.0-255,66,346273,17,372523
44061,0.091565,172.217.194.0-255,5738,352011,17,372523
44062,0.091571,172.31.36.0-255,66,352077,17,372523
44063,0.093551,172.217.194.0-255,5738,357815,17,372523
44064,0.093557,172.31.36.0-255,66,357881,17,372523
44065,0.095523,172.217.194.0-255,5738,363619,17,372523
44066,0.095528,172.31.36.0-255,66,363685,17,372523
44067,0.09751,172.217.194.0-255,4320,368005,17,372523
44068,0.097516,172.31.36.0-255,66,368071,17,372523
44069,0.097549,172.217.194.0-255,1484,369555,17,372523
44070,0.099561,172.217.194.0-255,2902,372457,17,372523
44071,0.099568,172.31.36.0-255,66,372523,17,372523
44072,0.0,74.125.200.0-255,153,153,17,378985
44073,2.2e-05,172.31.36.0-255,66,219,17,378985
44074,3e-05,74.125.200.0-255,1484,1703,17,378985
44075,3.5e-05,172.31.36.0-255,66,1769,17,378985
44076,4.1e-05,74.125.200.0-255,2902,4671,17,378985
44077,5.2e-05,172.31.36.0-255,66,4737,17,378985
44078,5.7e-05,74.125.200.0-255,2902,7639,17,378985
44079,6.1e-05,172.31.36.0-255,66,7705,17,378985
44080,6.7e-05,74.125.200.0-255,4320,12025,17,378985
44081,6.9e-05,172.31.36.0-255,66,12091,17,378985
44082,7.4e-05,74.125.200.0-255,2087,14178,17,378985
44083,7.7e-05,172.31.36.0-255,66,14244,17,378985
44084,0.000198,74.125.200.0-255,1484,15728,17,378985
44085,0.000202,172.31.36.0-255,66,15794,17,378985
44086,0.000208,74.125.200.0-255,2902,18696,17,378985
44087,0.00021,172.31.36.0-255,66,18762,17,378985
44088,0.000243,74.125.200.0-255,1484,20246,17,378985
44089,0.000246,172.31.36.0-255,66,20312,17,378985
44090,0.000251,74.125.200.0-255,2902,23214,17,378985
44091,0.000253,172.31.36.0-255,66,23280,17,378985
44092,0.000263,74.125.200.0-255,5738,29018,17,378985
44093,0.000266,172.31.36.0-255,66,29084,17,378985
44094,0.000286,74.125.200.0-255,1484,30568,17,378985
44095,0.000288,172.31.36.0-255,66,30634,17,378985
44096,0.000318,74.125.200.0-255,3961,34595,17,378985
44097,0.000321,172.31.36.0-255,66,34661,17,378985
44098,0.000328,74.125.200.0-255,5738,40399,17,378985
44099,0.00033,172.31.36.0-255,66,40465,17,378985
44100,0.000347,172.31.36.0-255,66,40531,17,378985
44101,0.00035,74.125.200.0-255,1484,42015,17,378985
44102,0.000352,172.31.36.0-255,66,42081,17,378985
44103,0.0004,172.31.36.0-255,66,42147,17,378985
44104,0.000403,74.125.200.0-255,766,42913,17,378985
44105,0.000407,74.125.200.0-255,710,43623,17,378985
44106,0.000556,74.125.200.0-255,1484,45107,17,378985
44107,0.00056,172.31.36.0-255,66,45173,17,378985
44108,0.000566,74.125.200.0-255,2902,48075,17,378985
44109,0.000568,172.31.36.0-255,66,48141,17,378985
44110,0.000573,74.125.200.0-255,2902,51043,17,378985
44111,0.00058,172.31.36.0-255,66,51109,17,378985
44112,0.000586,74.125.200.0-255,4320,55429,17,378985
44113,0.000588,172.31.36.0-255,66,55495,17,378985
44114,0.000625,172.31.36.0-255,66,55561,17,378985
44115,0.000636,74.125.200.0-255,5738,61299,17,378985
44116,0.000638,172.31.36.0-255,66,61365,17,378985
44117,0.000646,74.125.200.0-255,5738,67103,17,378985
44118,0.000648,172.31.36.0-255,66,67169,17,378985
44119,0.000671,74.125.200.0-255,1484,68653,17,378985
44120,0.000678,74.125.200.0-255,766,69419,17,378985
44121,0.00068,172.31.36.0-255,66,69485,17,378985
44122,0.001351,74.125.200.0-255,1484,70969,17,378985
44123,0.001371,74.125.200.0-255,2902,73871,17,378985
44124,0.001374,172.31.36.0-255,66,73937,17,378985
44125,0.001378,74.125.200.0-255,1484,75421,17,378985
44126,0.001399,74.125.200.0-255,1484,76905,17,378985
44127,0.001401,172.31.36.0-255,66,76971,17,378985
44128,0.001407,74.125.200.0-255,4320,81291,17,378985
44129,0.001409,172.31.36.0-255,66,81357,17,378985
44130,0.001412,74.125.200.0-255,1484,82841,17,378985
44131,0.001435,74.125.200.0-255,7156,89997,17,378985
44132,0.001441,172.31.36.0-255,66,90063,17,378985
44133,0.001449,74.125.200.0-255,7156,97219,17,378985
44134,0.001451,172.31.36.0-255,66,97285,17,378985
44135,0.001489,74.125.200.0-255,4320,101605,17,378985
44136,0.001492,172.31.36.0-255,66,101671,17,378985
44137,0.001543,74.125.200.0-255,2184,103855,17,378985
44138,0.001546,172.31.36.0-255,66,103921,17,378985
44139,0.001571,74.125.200.0-255,2902,106823,17,378985
44140,0.001574,172.31.36.0-255,66,106889,17,378985
44141,0.001577,74.125.200.0-255,1484,108373,17,378985
44142,0.001603,74.125.200.0-255,5738,114111,17,378985
44143,0.001606,172.31.36.0-255,66,114177,17,378985
44144,0.001609,74.125.200.0-255,1484,115661,17,378985
44145,0.001634,74.125.200.0-255,7156,122817,17,378985
44146,0.001636,172.31.36.0-255,66,122883,17,378985
44147,0.001642,74.125.200.0-255,4320,127203,17,378985
44148,0.001644,172.31.36.0-255,66,127269,17,378985
44149,0.001662,74.125.200.0-255,2902,130171,17,378985
44150,0.001665,172.31.36.0-255,66,130237,17,378985
44151,0.001682,74.125.200.0-255,2902,133139,17,378985
44152,0.001684,172.31.36.0-255,66,133205,17,378985
44153,0.001695,74.125.200.0-255,5020,138225,17,378985
44154,0.001697,172.31.36.0-255,66,138291,17,378985
44155,0.001886,74.125.200.0-255,1484,139775,17,378985
44156,0.001903,74.125.200.0-255,2902,142677,17,378985
44157,0.001906,172.31.36.0-255,66,142743,17,378985
44158,0.001912,74.125.200.0-255,2902,145645,17,378985
44159,0.001914,172.31.36.0-255,66,145711,17,378985
44160,0.001946,74.125.200.0-255,2902,148613,17,378985
44161,0.001958,74.125.200.0-255,2902,151515,17,378985
44162,0.001963,172.31.36.0-255,66,151581,17,378985
44163,0.001966,172.31.36.0-255,66,151647,17,378985
44164,0.001969,172.31.36.0-255,66,151713,17,378985
44165,0.001989,172.31.36.0-255,66,151779,17,378985
44166,0.001994,74.125.200.0-255,2184,153963,17,378985
44167,0.001996,172.31.36.0-255,66,154029,17,378985
44168,0.002096,74.125.200.0-255,1484,155513,17,378985
44169,0.002124,74.125.200.0-255,1484,156997,17,378985
44170,0.002128,172.31.36.0-255,66,157063,17,378985
44171,0.002155,74.125.200.0-255,1484,158547,17,378985
44172,0.002158,74.125.200.0-255,1484,160031,17,378985
44173,0.002162,74.125.200.0-255,2902,162933,17,378985
44174,0.002166,172.31.36.0-255,66,162999,17,378985
44175,0.002169,172.31.36.0-255,66,163065,17,378985
44176,0.002193,74.125.200.0-255,2902,165967,17,378985
44177,0.002195,172.31.36.0-255,66,166033,17,378985
44178,0.002251,74.125.200.0-255,4320,170353,17,378985
44179,0.002254,172.31.36.0-255,66,170419,17,378985
44180,0.002257,74.125.200.0-255,1484,171903,17,378985
44181,0.002279,74.125.200.0-255,2902,174805,17,378985
44182,0.002281,172.31.36.0-255,66,174871,17,378985
44183,0.002307,74.125.200.0-255,2902,177773,17,378985
44184,0.002309,172.31.36.0-255,66,177839,17,378985
44185,0.002313,74.125.200.0-255,1484,179323,17,378985
44186,0.00234,74.125.200.0-255,2902,182225,17,378985
44187,0.002342,172.31.36.0-255,66,182291,17,378985
44188,0.002349,74.125.200.0-255,6438,188729,17,378985
44189,0.002352,172.31.36.0-255,66,188795,17,378985
44190,0.002452,74.125.200.0-255,1484,190279,17,378985
44191,0.002458,74.125.200.0-255,2902,193181,17,378985
44192,0.002461,172.31.36.0-255,66,193247,17,378985
44193,0.002493,74.125.200.0-255,5738,198985,17,378985
44194,0.002496,172.31.36.0-255,66,199051,17,378985
44195,0.002509,74.125.200.0-255,5738,204789,17,378985
44196,0.002516,172.31.36.0-255,66,204855,17,378985
44197,0.002523,74.125.200.0-255,7156,212011,17,378985
44198,0.002525,172.31.36.0-255,66,212077,17,378985
44199,0.002531,74.125.200.0-255,4320,216397,17,378985
44200,0.002533,172.31.36.0-255,66,216463,17,378985
44201,0.005019,74.125.200.0-255,2902,219365,17,378985
44202,0.005028,172.31.36.0-255,66,219431,17,378985
44203,0.005055,74.125.200.0-255,2902,222333,17,378985
44204,0.005057,172.31.36.0-255,66,222399,17,378985
44205,0.007522,74.125.200.0-255,2902,225301,17,378985
44206,0.007528,172.31.36.0-255,66,225367,17,378985
44207,0.007554,74.125.200.0-255,2902,228269,17,378985
44208,0.007558,172.31.36.0-255,66,228335,17,378985
44209,0.010028,74.125.200.0-255,2902,231237,17,378985
44210,0.010035,172.31.36.0-255,66,231303,17,378985
44211,0.010061,74.125.200.0-255,2902,234205,17,378985
44212,0.010064,172.31.36.0-255,66,234271,17,378985
44213,0.012544,74.125.200.0-255,2902,237173,17,378985
44214,0.012552,172.31.36.0-255,66,237239,17,378985
44215,0.012583,74.125.200.0-255,2902,240141,17,378985
44216,0.012587,172.31.36.0-255,66,240207,17,378985
44217,0.015084,74.125.200.0-255,5738,245945,17,378985
44218,0.015094,172.31.36.0-255,66,246011,17,378985
44219,0.017611,74.125.200.0-255,5738,251749,17,378985
44220,0.017623,172.31.36.0-255,66,251815,17,378985
44221,0.020131,74.125.200.0-255,5738,257553,17,378985
44222,0.020141,172.31.36.0-255,66,257619,17,378985
44223,0.022672,74.125.200.0-255,5738,263357,17,378985
44224,0.022681,172.31.36.0-255,66,263423,17,378985
44225,0.025191,74.125.200.0-255,5738,269161,17,378985
44226,0.025199,172.31.36.0-255,66,269227,17,378985
44227,0.027712,74.125.200.0-255,5738,274965,17,378985
44228,0.02772,172.31.36.0-255,66,275031,17,378985
44229,0.029695,172.31.36.0-255,172,275203,17,378985
44230,0.029727,172.31.36.0-255,1117,276320,17,378985
44231,0.029786,172.31.36.0-255,1514,277834,17,378985
44232,0.029788,172.31.36.0-255,1514,279348,17,378985
44233,0.029793,172.31.36.0-255,1514,280862,17,378985
44234,0.029794,172.31.36.0-255,1053,281915,17,378985
44235,0.030231,74.125.200.0-255,5738,287653,17,378985
44236,0.030238,172.31.36.0-255,66,287719,17,378985
44237,0.031186,104.244.42.0-255,66,287785,17,378985
44238,0.031223,104.244.42.0-255,66,287851,17,378985
44239,0.031289,104.244.42.0-255,66,287917,17,378985
44240,0.031302,104.244.42.0-255,66,287983,17,378985
44241,0.032747,74.125.200.0-255,5738,293721,17,378985
44242,0.032753,172.31.36.0-255,66,293787,17,378985
44243,0.035264,74.125.200.0-255,5738,299525,17,378985
44244,0.035271,172.31.36.0-255,66,299591,17,378985
44245,0.037783,74.125.200.0-255,5738,305329,17,378985
44246,0.03779,172.31.36.0-255,66,305395,17,378985
44247,0.040308,74.125.200.0-255,5738,311133,17,378985
44248,0.040317,172.31.36.0-255,66,311199,17,378985
44249,0.042824,74.125.200.0-255,5738,316937,17,378985
44250,0.04283,172.31.36.0-255,66,317003,17,378985
44251,0.045353,74.125.200.0-255,5738,322741,17,378985
44252,0.04536,172.31.36.0-255,66,322807,17,378985
44253,0.04789,74.125.200.0-255,5738,328545,17,378985
44254,0.047897,172.31.36.0-255,66,328611,17,378985
44255,0.050417,74.125.200.0-255,5738,334349,17,378985
44256,0.050423,172.31.36.0-255,66,334415,17,378985
44257,0.052936,74.125.200.0-255,5738,340153,17,378985
44258,0.052944,172.31.36.0-255,66,340219,17,378985
44259,0.055456,74.125.200.0-255,5738,345957,17,378985
44260,0.055462,172.31.36.0-255,66,346023,17,378985
44261,0.057975,74.125.200.0-255,5738,351761,17,378985
44262,0.057982,172.31.36.0-255,66,351827,17,378985
44263,0.060534,74.125.200.0-255,5738,357565,17,378985
44264,0.060541,172.31.36.0-255,66,357631,17,378985
44265,0.063067,74.125.200.0-255,5738,363369,17,378985
44266,0.063074,172.31.36.0-255,66,363435,17,378985
44267,0.065579,74.125.200.0-255,5738,369173,17,378985
44268,0.065585,172.31.36.0-255,66,369239,17,378985
44269,0.0681,74.125.200.0-255,5738,374977,17,378985
44270,0.068107,172.31.36.0-255,66,375043,17,378985
44271,0.070623,74.125.200.0-255,3705,378748,17,378985
44272,0.07063,172.31.36.0-255,66,378814,17,378985
44273,0.070818,172.31.36.0-255,105,378919,17,378985
44274,0.073291,74.125.200.0-255,66,378985,17,378985
44275,0.0,74.125.24.0-255,213,213,17,376884
44276,2.8e-05,172.31.36.0-255,66,279,17,376884
44277,3.4e-05,74.125.24.0-255,1484,1763,17,376884
44278,3.8e-05,172.31.36.0-255,66,1829,17,376884
44279,4.2e-05,74.125.24.0-255,1484,3313,17,376884
44280,4.4e-05,172.31.36.0-255,66,3379,17,376884
44281,7.6e-05,74.125.24.0-255,2902,6281,17,376884
44282,7.9e-05,172.31.36.0-255,66,6347,17,376884
44283,8.4e-05,74.125.24.0-255,4320,10667,17,376884
44284,8.6e-05,172.31.36.0-255,66,10733,17,376884
44285,0.00011,74.125.24.0-255,3269,14002,17,376884
44286,0.000118,172.31.36.0-255,66,14068,17,376884
44287,0.000125,74.125.24.0-255,5738,19806,17,376884
44288,0.000127,172.31.36.0-255,66,19872,17,376884
44289,0.000157,74.125.24.0-255,2902,22774,17,376884
44290,0.00016,172.31.36.0-255,66,22840,17,376884
44291,0.000164,74.125.24.0-255,2902,25742,17,376884
44292,0.000165,172.31.36.0-255,66,25808,17,376884
44293,0.00019,74.125.24.0-255,5379,31187,17,376884
44294,0.000197,172.31.36.0-255,66,31253,17,376884
44295,0.000223,74.125.24.0-255,4320,35573,17,376884
44296,0.000226,172.31.36.0-255,66,35639,17,376884
44297,0.00025,74.125.24.0-255,1484,37123,17,376884
44298,0.000252,172.31.36.0-255,66,37189,17,376884
44299,0.000257,74.125.24.0-255,4320,41509,17,376884
44300,0.00026,172.31.36.0-255,66,41575,17,376884
44301,0.000301,74.125.24.0-255,4320,45895,17,376884
44302,0.000309,172.31.36.0-255,66,45961,17,376884
44303,0.000335,74.125.24.0-255,2543,48504,17,376884
44304,0.000338,172.31.36.0-255,66,48570,17,376884
44305,0.000363,74.125.24.0-255,1484,50054,17,376884
44306,0.000366,172.31.36.0-255,66,50120,17,376884
44307,0.000371,74.125.24.0-255,2902,53022,17,376884
44308,0.000374,172.31.36.0-255,66,53088,17,376884
44309,0.000403,74.125.24.0-255,5738,58826,17,376884
44310,0.000406,172.31.36.0-255,66,58892,17,376884
44311,0.000414,74.125.24.0-255,6797,65689,17,376884
44312,0.000416,172.31.36.0-255,66,65755,17,376884
44313,0.000419,74.125.24.0-255,410,66165,17,376884
44314,0.000471,74.125.24.0-255,333,66498,17,376884
44315,0.000747,172.31.36.0-255,66,66564,17,376884
44316,0.001043,74.125.24.0-255,1484,68048,17,376884
44317,0.001054,74.125.24.0-255,2902,70950,17,376884
44318,0.001059,172.31.36.0-255,66,71016,17,376884
44319,0.001067,74.125.24.0-255,5738,76754,17,376884
44320,0.001069,172.31.36.0-255,66,76820,17,376884
44321,0.001107,74.125.24.0-255,6797,83617,17,376884
44322,0.00111,172.31.36.0-255,66,83683,17,376884
44323,0.001122,172.31.36.0-255,66,83749,17,376884
44324,0.001153,74.125.24.0-255,4320,88069,17,376884
44325,0.001157,172.31.36.0-255,66,88135,17,376884
44326,0.001162,74.125.24.0-255,2543,90678,17,376884
44327,0.001164,172.31.36.0-255,66,90744,17,376884
44328,0.001341,74.125.24.0-255,1484,92228,17,376884
44329,0.001348,74.125.24.0-255,2902,95130,17,376884
44330,0.001352,172.31.36.0-255,66,95196,17,376884
44331,0.001359,74.125.24.0-255,5738,100934,17,376884
44332,0.001361,172.31.36.0-255,66,101000,17,376884
44333,0.001393,172.31.36.0-255,66,101066,17,376884
44334,0.001426,74.125.24.0-255,4320,105386,17,376884
44335,0.00143,172.31.36.0-255,66,105452,17,376884
44336,0.001437,74.125.24.0-255,7156,112608,17,376884
44337,0.001439,172.31.36.0-255,66,112674,17,376884
44338,0.001473,74.125.24.0-255,3602,116276,17,376884
44339,0.001476,172.31.36.0-255,66,116342,17,376884
44340,0.001482,74.125.24.0-255,4320,120662,17,376884
44341,0.001485,172.31.36.0-255,66,120728,17,376884
44342,0.00149,74.125.24.0-255,4320,125048,17,376884
44343,0.001492,172.31.36.0-255,66,125114,17,376884
44344,0.001526,74.125.24.0-255,5738,130852,17,376884
44345,0.001531,172.31.36.0-255,66,130918,17,376884
44346,0.001543,172.31.36.0-255,66,130984,17,376884
44347,0.00159,172.31.36.0-255,66,131050,17,376884
44348,0.001838,74.125.24.0-255,1484,132534,17,376884
44349,0.001844,74.125.24.0-255,1484,134018,17,376884
44350,0.001847,172.31.36.0-255,66,134084,17,376884
44351,0.001876,74.125.24.0-255,1484,135568,17,376884
44352,0.001882,74.125.24.0-255,5738,141306,17,376884
44353,0.001884,172.31.36.0-255,66,141372,17,376884
44354,0.00189,74.125.24.0-255,5738,147110,17,376884
44355,0.001893,172.31.36.0-255,66,147176,17,376884
44356,0.001929,74.125.24.0-255,7156,154332,17,376884
44357,0.001932,172.31.36.0-255,66,154398,17,376884
44358,0.001943,172.31.36.0-255,66,154464,17,376884
44359,0.003982,74.125.24.0-255,5738,160202,17,376884
44360,0.003989,172.31.36.0-255,66,160268,17,376884
44361,0.006051,74.125.24.0-255,5738,166006,17,376884
44362,0.006057,172.31.36.0-255,66,166072,17,376884
44363,0.008122,74.125.24.0-255,5738,171810,17,376884
44364,0.008128,172.31.36.0-255,66,171876,17,376884
44365,0.010233,74.125.24.0-255,5738,177614,17,376884
44366,0.010241,172.31.36.0-255,66,177680,17,376884
44367,0.012329,74.125.24.0-255,5738,183418,17,376884
44368,0.012344,172.31.36.0-255,66,183484,17,376884
44369,0.014385,74.125.24.0-255,5738,189222,17,376884
44370,0.014397,172.31.36.0-255,66,189288,17,376884
44371,0.016465,74.125.24.0-255,5738,195026,17,376884
44372,0.016473,172.31.36.0-255,66,195092,17,376884
44373,0.018534,74.125.24.0-255,5738,200830,17,376884
44374,0.018541,172.31.36.0-255,66,200896,17,376884
44375,0.020608,74.125.24.0-255,5738,206634,17,376884
44376,0.020615,172.31.36.0-255,66,206700,17,376884
44377,0.022672,74.125.24.0-255,5738,212438,17,376884
44378,0.022679,172.31.36.0-255,66,212504,17,376884
44379,0.024717,74.125.24.0-255,4320,216824,17,376884
44380,0.024724,172.31.36.0-255,66,216890,17,376884
44381,0.024751,74.125.24.0-255,1484,218374,17,376884
44382,0.025241,172.31.36.0-255,172,218546,17,376884
44383,0.025272,172.31.36.0-255,1117,219663,17,376884
44384,0.025325,172.31.36.0-255,1514,221177,17,376884
44385,0.025327,172.31.36.0-255,1271,222448,17,376884
44386,0.026765,74.125.24.0-255,2902,225350,17,376884
44387,0.026772,172.31.36.0-255,66,225416,17,376884
44388,0.026789,104.244.42.0-255,66,225482,17,376884
44389,0.026821,104.244.42.0-255,66,225548,17,376884
44390,0.02687,104.244.42.0-255,66,225614,17,376884
44391,0.028834,74.125.24.0-255,5738,231352,17,376884
44392,0.028839,172.31.36.0-255,66,231418,17,376884
44393,0.030927,74.125.24.0-255,4320,235738,17,376884
44394,0.030933,172.31.36.0-255,66,235804,17,376884
44395,0.030966,74.125.24.0-255,1484,237288,17,376884
44396,0.032988,74.125.24.0-255,4320,241608,17,376884
44397,0.032993,172.31.36.0-255,66,241674,17,376884
44398,0.035018,74.125.24.0-255,5738,247412,17,376884
44399,0.035024,172.31.36.0-255,66,247478,17,376884
44400,0.037057,74.125.24.0-255,5738,253216,17,376884
44401,0.037063,172.31.36.0-255,66,253282,17,376884
44402,0.039107,74.125.24.0-255,5738,259020,17,376884
44403,0.039113,172.31.36.0-255,66,259086,17,376884
44404,0.041144,74.125.24.0-255,5738,264824,17,376884
44405,0.04115,172.31.36.0-255,66,264890,17,376884
44406,0.043208,74.125.24.0-255,5738,270628,17,376884
44407,0.043214,172.31.36.0-255,66,270694,17,376884
44408,0.045272,74.125.24.0-255,4320,275014,17,376884
44409,0.045278,172.31.36.0-255,66,275080,17,376884
44410,0.045329,74.125.24.0-255,1484,276564,17,376884
44411,0.047362,74.125.24.0-255,4320,280884,17,376884
44412,0.047367,172.31.36.0-255,66,280950,17,376884
44413,0.049396,74.125.24.0-255,4320,285270,17,376884
44414,0.049402,172.31.36.0-255,66,285336,17,376884
44415,0.04943,74.125.24.0-255,1484,286820,17,376884
44416,0.051437,74.125.24.0-255,4320,291140,17,376884
44417,0.051442,172.31.36.0-255,66,291206,17,376884
44418,0.05348,74.125.24.0-255,4320,295526,17,376884
44419,0.053485,172.31.36.0-255,66,295592,17,376884
44420,0.053517,74.125.24.0-255,1484,297076,17,376884
44421,0.055511,74.125.24.0-255,4320,301396,17,376884
44422,0.055516,172.31.36.0-255,66,301462,17,376884
44423,0.05759,74.125.24.0-255,5738,307200,17,376884
44424,0.057595,172.31.36.0-255,66,307266,17,376884
44425,0.059655,74.125.24.0-255,4320,311586,17,376884
44426,0.059661,172.31.36.0-255,66,311652,17,376884
44427,0.059695,74.125.24.0-255,1484,313136,17,376884
44428,0.061702,74.125.24.0-255,4320,317456,17,376884
44429,0.061708,172.31.36.0-255,66,317522,17,376884
44430,0.063764,74.125.24.0-255,5738,323260,17,376884
44431,0.063769,172.31.36.0-255,66,323326,17,376884
44432,0.065854,74.125.24.0-255,2902,326228,17,376884
44433,0.06586,172.31.36.0-255,66,326294,17,376884
44434,0.065891,74.125.24.0-255,2902,329196,17,376884
44435,0.065894,172.31.36.0-255,66,329262,17,376884
44436,0.067918,74.125.24.0-255,2902,332164,17,376884
44437,0.067924,172.31.36.0-255,66,332230,17,376884
44438,0.067955,74.125.24.0-255,2902,335132,17,376884
44439,0.067958,172.31.36.0-255,66,335198,17,376884
44440,0.069974,74.125.24.0-255,2902,338100,17,376884
44441,0.069979,172.31.36.0-255,66,338166,17,376884
44442,0.07001,74.125.24.0-255,2902,341068,17,376884
44443,0.070013,172.31.36.0-255,66,341134,17,376884
44444,0.072023,74.125.24.0-255,2902,344036,17,376884
44445,0.072028,172.31.36.0-255,66,344102,17,376884
44446,0.072069,74.125.24.0-255,2902,347004,17,376884
44447,0.072073,172.31.36.0-255,66,347070,17,376884
44448,0.074064,74.125.24.0-255,2902,349972,17,376884
44449,0.074069,172.31.36.0-255,66,350038,17,376884
44450,0.074151,74.125.24.0-255,2902,352940,17,376884
44451,0.074156,172.31.36.0-255,66,353006,17,376884
44452,0.07613,74.125.24.0-255,2902,355908,17,376884
44453,0.076134,172.31.36.0-255,66,355974,17,376884
44454,0.07621,74.125.24.0-255,2902,358876,17,376884
44455,0.076216,172.31.36.0-255,66,358942,17,376884
44456,0.078186,74.125.24.0-255,1484,360426,17,376884
44457,0.078284,74.125.24.0-255,4320,364746,17,376884
44458,0.078289,172.31.36.0-255,66,364812,17,376884
44459,0.080364,74.125.24.0-255,5738,370550,17,376884
44460,0.080369,172.31.36.0-255,66,370616,17,376884
44461,0.082416,74.125.24.0-255,5738,376354,17,376884
44462,0.082422,172.31.36.0-255,66,376420,17,376884
44463,0.084408,74.125.24.0-255,227,376647,17,376884
44464,0.08455,172.31.36.0-255,66,376713,17,376884
44465,0.084579,172.31.36.0-255,105,376818,17,376884
44466,0.086588,74.125.24.0-255,66,376884,17,376884
44467,0.0,74.125.24.0-255,153,153,17,362297
44468,2.8e-05,172.31.36.0-255,66,219,17,362297
44469,3.5e-05,74.125.24.0-255,1484,1703,17,362297
44470,3.9e-05,172.31.36.0-255,66,1769,17,362297
44471,4.2e-05,74.125.24.0-255,1484,3253,17,362297
44472,5.2e-05,172.31.36.0-255,66,3319,17,362297
44473,8e-05,74.125.24.0-255,1484,4803,17,362297
44474,8.5e-05,172.31.36.0-255,66,4869,17,362297
44475,8.9e-05,74.125.24.0-255,7156,12025,17,362297
44476,9.3e-05,172.31.36.0-255,66,12091,17,362297
44477,9.6e-05,74.125.24.0-255,1484,13575,17,362297
44478,9.8e-05,172.31.36.0-255,66,13641,17,362297
44479,0.000135,74.125.24.0-255,6233,19874,17,362297
44480,0.000138,172.31.36.0-255,66,19940,17,362297
44481,0.000176,172.31.36.0-255,66,20006,17,362297
44482,0.00018,74.125.24.0-255,2543,22549,17,362297
44483,0.000185,172.31.36.0-255,66,22615,17,362297
44484,0.000426,74.125.24.0-255,1484,24099,17,362297
44485,0.00043,172.31.36.0-255,66,24165,17,362297
44486,0.000434,74.125.24.0-255,1484,25649,17,362297
44487,0.000439,172.31.36.0-255,66,25715,17,362297
44488,0.000458,74.125.24.0-255,1484,27199,17,362297
44489,0.000461,172.31.36.0-255,66,27265,17,362297
44490,0.000469,74.125.24.0-255,5738,33003,17,362297
44491,0.000471,172.31.36.0-255,66,33069,17,362297
44492,0.000474,74.125.24.0-255,1484,34553,17,362297
44493,0.000476,172.31.36.0-255,66,34619,17,362297
44494,0.000512,74.125.24.0-255,5379,39998,17,362297
44495,0.000515,172.31.36.0-255,66,40064,17,362297
44496,0.000543,74.125.24.0-255,7156,47220,17,362297
44497,0.000547,172.31.36.0-255,66,47286,17,362297
44498,0.000551,74.125.24.0-255,2902,50188,17,362297
44499,0.000553,172.31.36.0-255,66,50254,17,362297
44500,0.000606,74.125.24.0-255,6797,57051,17,362297
44501,0.000611,172.31.36.0-255,66,57117,17,362297
44502,0.000635,74.125.24.0-255,358,57475,17,362297
44503,0.000709,74.125.24.0-255,1484,58959,17,362297
44504,0.000712,74.125.24.0-255,1484,60443,17,362297
44505,0.000714,172.31.36.0-255,66,60509,17,362297
44506,0.000727,74.125.24.0-255,1484,61993,17,362297
44507,0.000734,172.31.36.0-255,66,62059,17,362297
44508,0.00074,74.125.24.0-255,5738,67797,17,362297
44509,0.000742,172.31.36.0-255,66,67863,17,362297
44510,0.000746,74.125.24.0-255,2902,70765,17,362297
44511,0.000748,172.31.36.0-255,66,70831,17,362297
44512,0.000797,172.31.36.0-255,66,70897,17,362297
44513,0.000808,172.31.36.0-255,66,70963,17,362297
44514,0.000833,74.125.24.0-255,2184,73147,17,362297
44515,0.000836,172.31.36.0-255,66,73213,17,362297
44516,0.000838,74.125.24.0-255,386,73599,17,362297
44517,0.000972,74.125.24.0-255,1484,75083,17,362297
44518,0.000976,172.31.36.0-255,66,75149,17,362297
44519,0.000981,74.125.24.0-255,2902,78051,17,362297
44520,0.000983,74.125.24.0-255,1484,79535,17,362297
44521,0.000984,172.31.36.0-255,66,79601,17,362297
44522,0.001015,74.125.24.0-255,4320,83921,17,362297
44523,0.001018,172.31.36.0-255,66,83987,17,362297
44524,0.001022,74.125.24.0-255,2902,86889,17,362297
44525,0.001025,172.31.36.0-255,66,86955,17,362297
44526,0.001031,74.125.24.0-255,7156,94111,17,362297
44527,0.001033,172.31.36.0-255,66,94177,17,362297
44528,0.001067,74.125.24.0-255,2902,97079,17,362297
44529,0.00107,172.31.36.0-255,66,97145,17,362297
44530,0.001081,172.31.36.0-255,66,97211,17,362297
44531,0.001121,74.125.24.0-255,1484,98695,17,362297
44532,0.001125,74.125.24.0-255,2902,101597,17,362297
44533,0.001128,172.31.36.0-255,66,101663,17,362297
44534,0.001156,74.125.24.0-255,4320,105983,17,362297
44535,0.00116,172.31.36.0-255,66,106049,17,362297
44536,0.001168,74.125.24.0-255,1484,107533,17,362297
44537,0.001178,74.125.24.0-255,4320,111853,17,362297
44538,0.001181,172.31.36.0-255,66,111919,17,362297
44539,0.001204,74.125.24.0-255,2902,114821,17,362297
44540,0.001207,172.31.36.0-255,66,114887,17,362297
44541,0.001214,74.125.24.0-255,5738,120625,17,362297
44542,0.001216,172.31.36.0-255,66,120691,17,362297
44543,0.001254,74.125.24.0-255,2184,122875,17,362297
44544,0.001256,172.31.36.0-255,66,122941,17,362297
44545,0.001259,172.31.36.0-255,66,123007,17,362297
44546,0.00197,74.125.24.0-255,1484,124491,17,362297
44547,0.001979,74.125.24.0-255,2902,127393,17,362297
44548,0.001984,172.31.36.0-255,66,127459,17,362297
44549,0.001989,74.125.24.0-255,2902,130361,17,362297
44550,0.001991,172.31.36.0-255,66,130427,17,362297
44551,0.002027,74.125.24.0-255,2902,133329,17,362297
44552,0.00203,172.31.36.0-255,66,133395,17,362297
44553,0.002036,74.125.24.0-255,4320,137715,17,362297
44554,0.002038,172.31.36.0-255,66,137781,17,362297
44555,0.00205,172.31.36.0-255,66,137847,17,362297
44556,0.002102,172.31.36.0-255,66,137913,17,362297
44557,0.004118,74.125.24.0-255,5738,143651,17,362297
44558,0.004125,172.31.36.0-255,66,143717,17,362297
44559,0.006131,74.125.24.0-255,5738,149455,17,362297
44560,0.006138,172.31.36.0-255,66,149521,17,362297
44561,0.008176,74.125.24.0-255,5738,155259,17,362297
44562,0.008183,172.31.36.0-255,66,155325,17,362297
44563,0.01023,74.125.24.0-255,5738,161063,17,362297
44564,0.010238,172.31.36.0-255,66,161129,17,362297
44565,0.012246,74.125.24.0-255,5738,166867,17,362297
44566,0.012253,172.31.36.0-255,66,166933,17,362297
44567,0.014294,74.125.24.0-255,5738,172671,17,362297
44568,0.014304,172.31.36.0-255,66,172737,17,362297
44569,0.016322,74.125.24.0-255,5738,178475,17,362297
44570,0.01633,172.31.36.0-255,66,178541,17,362297
44571,0.018385,74.125.24.0-255,5738,184279,17,362297
44572,0.018392,172.31.36.0-255,66,184345,17,362297
44573,0.020438,74.125.24.0-255,5738,190083,17,362297
44574,0.020446,172.31.36.0-255,66,190149,17,362297
44575,0.022493,74.125.24.0-255,5738,195887,17,362297
44576,0.022511,172.31.36.0-255,66,195953,17,362297
44577,0.024574,74.125.24.0-255,5738,201691,17,362297
44578,0.024592,172.31.36.0-255,66,201757,17,362297
44579,0.026636,74.125.24.0-255,5738,207495,17,362297
44580,0.026653,172.31.36.0-255,66,207561,17,362297
44581,0.028666,74.125.24.0-255,5738,213299,17,362297
44582,0.028679,172.31.36.0-255,66,213365,17,362297
44583,0.030708,74.125.24.0-255,5738,219103,17,362297
44584,0.030715,172.31.36.0-255,66,219169,17,362297
44585,0.032755,74.125.24.0-255,5738,224907,17,362297
44586,0.032763,172.31.36.0-255,66,224973,17,362297
44587,0.034771,74.125.24.0-255,5738,230711,17,362297
44588,0.034778,172.31.36.0-255,66,230777,17,362297
44589,0.035051,172.31.36.0-255,172,230949,17,362297
44590,0.035079,172.31.36.0-255,1117,232066,17,362297
44591,0.035153,172.31.36.0-255,1514,233580,17,362297
44592,0.035155,172.31.36.0-255,1514,235094,17,362297
44593,0.03516,172.31.36.0-255,1514,236608,17,362297
44594,0.035161,172.31.36.0-255,1049,237657,17,362297
44595,0.036588,104.244.42.0-255,66,237723,17,362297
44596,0.036597,104.244.42.0-255,66,237789,17,362297
44597,0.036702,104.244.42.0-255,66,237855,17,362297
44598,0.036706,104.244.42.0-255,66,237921,17,362297
44599,0.036708,104.244.42.0-255,66,237987,17,362297
44600,0.036796,74.125.24.0-255,1484,239471,17,362297
44601,0.036833,74.125.24.0-255,4320,243791,17,362297
44602,0.036838,172.31.36.0-255,66,243857,17,362297
44603,0.038847,74.125.24.0-255,5738,249595,17,362297
44604,0.038853,172.31.36.0-255,66,249661,17,362297
44605,0.040874,74.125.24.0-255,5738,255399,17,362297
44606,0.040879,172.31.36.0-255,66,255465,17,362297
44607,0.042918,74.125.24.0-255,5738,261203,17,362297
44608,0.042924,172.31.36.0-255,66,261269,17,362297
44609,0.044963,74.125.24.0-255,2902,264171,17,362297
44610,0.044968,172.31.36.0-255,66,264237,17,362297
44611,0.045004,74.125.24.0-255,2902,267139,17,362297
44612,0.045007,172.31.36.0-255,66,267205,17,362297
44613,0.046978,74.125.24.0-255,2902,270107,17,362297
44614,0.046983,172.31.36.0-255,66,270173,17,362297
44615,0.047028,74.125.24.0-255,2902,273075,17,362297
44616,0.047032,172.31.36.0-255,66,273141,17,362297
44617,0.048993,74.125.24.0-255,2902,276043,17,362297
44618,0.048998,172.31.36.0-255,66,276109,17,362297
44619,0.049032,74.125.24.0-255,2902,279011,17,362297
44620,0.049035,172.31.36.0-255,66,279077,17,362297
44621,0.051015,74.125.24.0-255,2902,281979,17,362297
44622,0.051021,172.31.36.0-255,66,282045,17,362297
44623,0.051054,74.125.24.0-255,2902,284947,17,362297
44624,0.051058,172.31.36.0-255,66,285013,17,362297
44625,0.05304,74.125.24.0-255,2902,287915,17,362297
44626,0.053046,172.31.36.0-255,66,287981,17,362297
44627,0.053085,74.125.24.0-255,2902,290883,17,362297
44628,0.053088,172.31.36.0-255,66,290949,17,362297
44629,0.055067,74.125.24.0-255,2902,293851,17,362297
44630,0.055071,172.31.36.0-255,66,293917,17,362297
44631,0.055101,74.125.24.0-255,2902,296819,17,362297
44632,0.055104,172.31.36.0-255,66,296885,17,362297
44633,0.05708,74.125.24.0-255,2902,299787,17,362297
44634,0.057085,172.31.36.0-255,66,299853,17,362297
44635,0.057118,74.125.24.0-255,2902,302755,17,362297
44636,0.057121,172.31.36.0-255,66,302821,17,362297
44637,0.059121,74.125.24.0-255,2902,305723,17,362297
44638,0.059126,172.31.36.0-255,66,305789,17,362297
44639,0.05916,74.125.24.0-255,2902,308691,17,362297
44640,0.059164,172.31.36.0-255,66,308757,17,362297
44641,0.061158,74.125.24.0-255,2902,311659,17,362297
44642,0.061163,172.31.36.0-255,66,311725,17,362297
44643,0.061202,74.125.24.0-255,2902,314627,17,362297
44644,0.061206,172.31.36.0-255,66,314693,17,362297
44645,0.063181,74.125.24.0-255,2902,317595,17,362297
44646,0.063187,172.31.36.0-255,66,317661,17,362297
44647,0.063218,74.125.24.0-255,2902,320563,17,362297
44648,0.063221,172.31.36.0-255,66,320629,17,362297
44649,0.06521,74.125.24.0-255,2902,323531,17,362297
44650,0.065215,172.31.36.0-255,66,323597,17,362297
44651,0.065249,74.125.24.0-255,2902,326499,17,362297
44652,0.065253,172.31.36.0-255,66,326565,17,362297
44653,0.067225,74.125.24.0-255,2902,329467,17,362297
44654,0.06723,172.31.36.0-255,66,329533,17,362297
44655,0.067275,74.125.24.0-255,2902,332435,17,362297
44656,0.067278,172.31.36.0-255,66,332501,17,362297
44657,0.069239,74.125.24.0-255,2902,335403,17,362297
44658,0.069244,172.31.36.0-255,66,335469,17,362297
44659,0.06929,74.125.24.0-255,2902,338371,17,362297
44660,0.069293,172.31.36.0-255,66,338437,17,362297
44661,0.071267,74.125.24.0-255,2902,341339,17,362297
44662,0.071273,172.31.36.0-255,66,341405,17,362297
44663,0.071306,74.125.24.0-255,1484,342889,17,362297
44664,0.07132,74.125.24.0-255,1484,344373,17,362297
44665,0.071322,172.31.36.0-255,66,344439,17,362297
44666,0.073301,74.125.24.0-255,2902,347341,17,362297
44667,0.073307,172.31.36.0-255,66,347407,17,362297
44668,0.073343,74.125.24.0-255,2902,350309,17,362297
44669,0.073346,172.31.36.0-255,66,350375,17,362297
44670,0.075338,74.125.24.0-255,2902,353277,17,362297
44671,0.075342,172.31.36.0-255,66,353343,17,362297
44672,0.075374,74.125.24.0-255,1484,354827,17,362297
44673,0.075399,74.125.24.0-255,1484,356311,17,362297
44674,0.075403,172.31.36.0-255,66,356377,17,362297
44675,0.077341,74.125.24.0-255,2902,359279,17,362297
44676,0.077347,172.31.36.0-255,66,359345,17,362297
44677,0.077392,74.125.24.0-255,2715,362060,17,362297
44678,0.077395,172.31.36.0-255,66,362126,17,362297
44679,0.077562,172.31.36.0-255,105,362231,17,362297
44680,0.079539,74.125.24.0-255,66,362297,17,362297
44681,0.0,74.125.130.0-255,151,151,17,382130
44682,3.3e-05,172.31.36.0-255,66,217,17,382130
44683,4.1e-05,74.125.130.0-255,1484,1701,17,382130
44684,4.5e-05,172.31.36.0-255,66,1767,17,382130
44685,7.8e-05,74.125.130.0-255,2902,4669,17,382130
44686,8.1e-05,172.31.36.0-255,66,4735,17,382130
44687,8.4e-05,74.125.130.0-255,1484,6219,17,382130
44688,8.6e-05,172.31.36.0-255,66,6285,17,382130
44689,0.000107,74.125.130.0-255,2902,9187,17,382130
44690,0.00011,172.31.36.0-255,66,9253,17,382130
44691,0.000148,74.125.130.0-255,4937,14190,17,382130
44692,0.000153,172.31.36.0-255,66,14256,17,382130
44693,0.000159,74.125.130.0-255,5738,19994,17,382130
44694,0.000161,172.31.36.0-255,66,20060,17,382130
44695,0.00021,172.31.36.0-255,66,20126,17,382130
44696,0.00026,172.31.36.0-255,66,20192,17,382130
44697,0.000265,74.125.130.0-255,3602,23794,17,382130
44698,0.000267,172.31.36.0-255,66,23860,17,382130
44699,0.000293,74.125.130.0-255,2902,26762,17,382130
44700,0.000295,172.31.36.0-255,66,26828,17,382130
44701,0.000302,74.125.130.0-255,4320,31148,17,382130
44702,0.000304,172.31.36.0-255,66,31214,17,382130
44703,0.000345,172.31.36.0-255,66,31280,17,382130
44704,0.000348,74.125.130.0-255,1435,32715,17,382130
44705,0.00035,172.31.36.0-255,66,32781,17,382130
44706,0.000579,74.125.130.0-255,1484,34265,17,382130
44707,0.000584,172.31.36.0-255,66,34331,17,382130
44708,0.000589,74.125.130.0-255,2902,37233,17,382130
44709,0.000592,172.31.36.0-255,66,37299,17,382130
44710,0.000612,74.125.130.0-255,4320,41619,17,382130
44711,0.000615,172.31.36.0-255,66,41685,17,382130
44712,0.000627,74.125.130.0-255,5738,47423,17,382130
44713,0.000629,172.31.36.0-255,66,47489,17,382130
44714,0.000668,74.125.130.0-255,2902,50391,17,382130
44715,0.000671,172.31.36.0-255,66,50457,17,382130
44716,0.000678,74.125.130.0-255,5738,56195,17,382130
44717,0.000684,172.31.36.0-255,66,56261,17,382130
44718,0.00069,74.125.130.0-255,7156,63417,17,382130
44719,0.000692,172.31.36.0-255,66,63483,17,382130
44720,0.000697,74.125.130.0-255,3602,67085,17,382130
44721,0.000699,172.31.36.0-255,66,67151,17,382130
44722,0.000829,74.125.130.0-255,376,67527,17,382130
44723,0.000983,74.125.130.0-255,1484,69011,17,382130
44724,0.000988,172.31.36.0-255,66,69077,17,382130
44725,0.001001,74.125.130.0-255,2902,71979,17,382130
44726,0.001004,172.31.36.0-255,66,72045,17,382130
44727,0.001014,74.125.130.0-255,4320,76365,17,382130
44728,0.001017,172.31.36.0-255,66,76431,17,382130
44729,0.00102,74.125.130.0-255,1484,77915,17,382130
44730,0.00105,74.125.130.0-255,7156,85071,17,382130
44731,0.001053,172.31.36.0-255,66,85137,17,382130
44732,0.001064,74.125.130.0-255,7156,92293,17,382130
44733,0.001066,172.31.36.0-255,66,92359,17,382130
44734,0.00107,74.125.130.0-255,1484,93843,17,382130
44735,0.001098,74.125.130.0-255,7156,100999,17,382130
44736,0.001102,172.31.36.0-255,66,101065,17,382130
44737,0.001105,74.125.130.0-255,766,101831,17,382130
44738,0.001339,74.125.130.0-255,1484,103315,17,382130
44739,0.001345,172.31.36.0-255,66,103381,17,382130
44740,0.001353,74.125.130.0-255,1484,104865,17,382130
44741,0.001359,172.31.36.0-255,66,104931,17,382130
44742,0.001382,74.125.130.0-255,1484,106415,17,382130
44743,0.00139,74.125.130.0-255,5738,112153,17,382130
44744,0.001393,172.31.36.0-255,66,112219,17,382130
44745,0.001396,74.125.130.0-255,1484,113703,17,382130
44746,0.001423,74.125.130.0-255,2902,116605,17,382130
44747,0.001425,172.31.36.0-255,66,116671,17,382130
44748,0.001453,74.125.130.0-255,1484,118155,17,382130
44749,0.001473,74.125.130.0-255,2902,121057,17,382130
44750,0.001476,172.31.36.0-255,66,121123,17,382130
44751,0.001507,74.125.130.0-255,2902,124025,17,382130
44752,0.00151,172.31.36.0-255,66,124091,17,382130
44753,0.001542,74.125.130.0-255,4320,128411,17,382130
44754,0.001546,172.31.36.0-255,66,128477,17,382130
44755,0.00158,74.125.130.0-255,5738,134215,17,382130
44756,0.001582,172.31.36.0-255,66,134281,17,382130
44757,0.001608,74.125.130.0-255,2184,136465,17,382130
44758,0.001611,172.31.36.0-255,66,136531,17,382130
44759,0.001969,74.125.130.0-255,1484,138015,17,382130
44760,0.001996,74.125.130.0-255,2902,140917,17,382130
44761,0.002001,172.31.36.0-255,66,140983,17,382130
44762,0.002006,74.125.130.0-255,1484,142467,17,382130
44763,0.002036,74.125.130.0-255,4320,146787,17,382130
44764,0.002039,172.31.36.0-255,66,146853,17,382130
44765,0.002046,74.125.130.0-255,7156,154009,17,382130
44766,0.002048,172.31.36.0-255,66,154075,17,382130
44767,0.002051,74.125.130.0-255,1484,155559,17,382130
44768,0.002088,172.31.36.0-255,66,155625,17,382130
44769,0.002122,74.125.130.0-255,5020,160645,17,382130
44770,0.002126,172.31.36.0-255,66,160711,17,382130
44771,0.002177,74.125.130.0-255,1484,162195,17,382130
44772,0.002183,74.125.130.0-255,2902,165097,17,382130
44773,0.002186,172.31.36.0-255,66,165163,17,382130
44774,0.002221,74.125.130.0-255,4320,169483,17,382130
44775,0.002225,172.31.36.0-255,66,169549,17,382130
44776,0.002232,74.125.130.0-255,5738,175287,17,382130
44777,0.002235,172.31.36.0-255,66,175353,17,382130
44778,0.002277,74.125.130.0-255,5738,181091,17,382130
44779,0.00228,172.31.36.0-255,66,181157,17,382130
44780,0.002284,74.125.130.0-255,1484,182641,17,382130
44781,0.002314,74.125.130.0-255,5738,188379,17,382130
44782,0.002318,74.125.130.0-255,2902,191281,17,382130
44783,0.002322,172.31.36.0-255,66,191347,17,382130
44784,0.00233,172.31.36.0-255,66,191413,17,382130
44785,0.002339,74.125.130.0-255,3602,195015,17,382130
44786,0.002341,172.31.36.0-255,66,195081,17,382130
44787,0.002629,74.125.130.0-255,1484,196565,17,382130
44788,0.002655,74.125.130.0-255,2902,199467,17,382130
44789,0.002658,172.31.36.0-255,66,199533,17,382130
44790,0.002662,74.125.130.0-255,1484,201017,17,382130
44791,0.002688,74.125.130.0-255,1484,202501,17,382130
44792,0.00269,172.31.36.0-255,66,202567,17,382130
44793,0.005309,74.125.130.0-255,5738,208305,17,382130
44794,0.005315,172.31.36.0-255,66,208371,17,382130
44795,0.007959,74.125.130.0-255,5738,214109,17,382130
44796,0.007965,172.31.36.0-255,66,214175,17,382130
44797,0.010599,74.125.130.0-255,5738,219913,17,382130
44798,0.010611,172.31.36.0-255,66,219979,17,382130
44799,0.013251,74.125.130.0-255,5738,225717,17,382130
44800,0.013261,172.31.36.0-255,66,225783,17,382130
44801,0.015897,74.125.130.0-255,5738,231521,17,382130
44802,0.015906,172.31.36.0-255,66,231587,17,382130
44803,0.018538,74.125.130.0-255,5738,237325,17,382130
44804,0.018545,172.31.36.0-255,66,237391,17,382130
44805,0.021214,74.125.130.0-255,5738,243129,17,382130
44806,0.021224,172.31.36.0-255,66,243195,17,382130
44807,0.023865,74.125.130.0-255,5738,248933,17,382130
44808,0.023876,172.31.36.0-255,66,248999,17,382130
44809,0.026309,172.31.36.0-255,172,249171,17,382130
44810,0.026398,172.31.36.0-255,1117,250288,17,382130
44811,0.026476,172.31.36.0-255,1514,251802,17,382130
44812,0.026478,172.31.36.0-255,1271,253073,17,382130
44813,0.026519,74.125.130.0-255,5738,258811,17,382130
44814,0.026524,172.31.36.0-255,66,258877,17,382130
44815,0.027855,104.244.42.0-255,66,258943,17,382130
44816,0.027959,104.244.42.0-255,66,259009,17,382130
44817,0.028103,104.244.42.0-255,66,259075,17,382130
44818,0.029141,74.125.130.0-255,1484,260559,17,382130
44819,0.029172,74.125.130.0-255,4320,264879,17,382130
44820,0.029177,172.31.36.0-255,66,264945,17,382130
44821,0.031806,74.125.130.0-255,5738,270683,17,382130
44822,0.031811,172.31.36.0-255,66,270749,17,382130
44823,0.034438,74.125.130.0-255,5738,276487,17,382130
44824,0.034445,172.31.36.0-255,66,276553,17,382130
44825,0.037081,74.125.130.0-255,5738,282291,17,382130
44826,0.037087,172.31.36.0-255,66,282357,17,382130
44827,0.039719,74.125.130.0-255,5738,288095,17,382130
44828,0.039725,172.31.36.0-255,66,288161,17,382130
44829,0.042395,74.125.130.0-255,5738,293899,17,382130
44830,0.042401,172.31.36.0-255,66,293965,17,382130
44831,0.045057,74.125.130.0-255,5738,299703,17,382130
44832,0.045063,172.31.36.0-255,66,299769,17,382130
44833,0.047699,74.125.130.0-255,5738,305507,17,382130
44834,0.047705,172.31.36.0-255,66,305573,17,382130
44835,0.050341,74.125.130.0-255,2902,308475,17,382130
44836,0.050346,172.31.36.0-255,66,308541,17,382130
44837,0.050394,74.125.130.0-255,2902,311443,17,382130
44838,0.050399,172.31.36.0-255,66,311509,17,382130
44839,0.052974,74.125.130.0-255,2902,314411,17,382130
44840,0.052979,172.31.36.0-255,66,314477,17,382130
44841,0.053016,74.125.130.0-255,2902,317379,17,382130
44842,0.053019,172.31.36.0-255,66,317445,17,382130
44843,0.055616,74.125.130.0-255,2902,320347,17,382130
44844,0.055623,172.31.36.0-255,66,320413,17,382130
44845,0.055657,74.125.130.0-255,2902,323315,17,382130
44846,0.05566,172.31.36.0-255,66,323381,17,382130
44847,0.058248,74.125.130.0-255,2902,326283,17,382130
44848,0.058254,172.31.36.0-255,66,326349,17,382130
44849,0.058287,74.125.130.0-255,2902,329251,17,382130
44850,0.058291,172.31.36.0-255,66,329317,17,382130
44851,0.060876,74.125.130.0-255,2902,332219,17,382130
44852,0.06088,172.31.36.0-255,66,332285,17,382130
44853,0.060915,74.125.130.0-255,2902,335187,17,382130
44854,0.060919,172.31.36.0-255,66,335253,17,382130
44855,0.063503,74.125.130.0-255,2902,338155,17,382130
44856,0.063506,172.31.36.0-255,66,338221,17,382130
44857,0.06355,74.125.130.0-255,2902,341123,17,382130
44858,0.063553,172.31.36.0-255,66,341189,17,382130
44859,0.066131,74.125.130.0-255,2902,344091,17,382130
44860,0.066136,172.31.36.0-255,66,344157,17,382130
44861,0.066185,74.125.130.0-255,2902,347059,17,382130
44862,0.066188,172.31.36.0-255,66,347125,17,382130
44863,0.068766,74.125.130.0-255,1484,348609,17,382130
44864,0.068793,74.125.130.0-255,1484,350093,17,382130
44865,0.068798,172.31.36.0-255,66,350159,17,382130
44866,0.068826,74.125.130.0-255,2902,353061,17,382130
44867,0.06883,172.31.36.0-255,66,353127,17,382130
44868,0.071438,74.125.130.0-255,2902,356029,17,382130
44869,0.071443,172.31.36.0-255,66,356095,17,382130
44870,0.07148,74.125.130.0-255,2902,358997,17,382130
44871,0.071483,172.31.36.0-255,66,359063,17,382130
44872,0.074077,74.125.130.0-255,2902,361965,17,382130
44873,0.074082,172.31.36.0-255,66,362031,17,382130
44874,0.07412,74.125.130.0-255,2902,364933,17,382130
44875,0.074124,172.31.36.0-255,66,364999,17,382130
44876,0.076712,74.125.130.0-255,2902,367901,17,382130
44877,0.076717,172.31.36.0-255,66,367967,17,382130
44878,0.076752,74.125.130.0-255,2902,370869,17,382130
44879,0.076755,172.31.36.0-255,66,370935,17,382130
44880,0.079337,74.125.130.0-255,2902,373837,17,382130
44881,0.079342,172.31.36.0-255,66,373903,17,382130
44882,0.07938,74.125.130.0-255,2902,376805,17,382130
44883,0.079384,172.31.36.0-255,66,376871,17,382130
44884,0.081979,74.125.130.0-255,2902,379773,17,382130
44885,0.081985,172.31.36.0-255,66,379839,17,382130
44886,0.082019,74.125.130.0-255,2054,381893,17,382130
44887,0.082022,172.31.36.0-255,66,381959,17,382130
44888,0.082183,172.31.36.0-255,105,382064,17,382130
44889,0.084776,74.125.130.0-255,66,382130,17,382130
44890,0.0,74.125.24.0-255,152,152,17,314312
44891,3.1e-05,172.31.36.0-255,66,218,17,314312
44892,3.7e-05,74.125.24.0-255,1484,1702,17,314312
44893,4.1e-05,172.31.36.0-255,66,1768,17,314312
44894,4.5e-05,74.125.24.0-255,2902,4670,17,314312
44895,4.7e-05,172.31.36.0-255,66,4736,17,314312
44896,4.9e-05,74.125.24.0-255,1484,6220,17,314312
44897,5.1e-05,172.31.36.0-255,66,6286,17,314312
44898,8.1e-05,74.125.24.0-255,5738,12024,17,314312
44899,8.3e-05,172.31.36.0-255,66,12090,17,314312
44900,8.6e-05,74.125.24.0-255,2068,14158,17,314312
44901,8.8e-05,172.31.36.0-255,66,14224,17,314312
44902,0.000141,74.125.24.0-255,1484,15708,17,314312
44903,0.000145,172.31.36.0-255,66,15774,17,314312
44904,0.000149,74.125.24.0-255,2902,18676,17,314312
44905,0.000151,172.31.36.0-255,66,18742,17,314312
44906,0.000183,74.125.24.0-255,5738,24480,17,314312
44907,0.000186,172.31.36.0-255,66,24546,17,314312
44908,0.000189,74.125.24.0-255,1484,26030,17,314312
44909,0.00019,172.31.36.0-255,66,26096,17,314312
44910,0.000204,74.125.24.0-255,1484,27580,17,314312
44911,0.000206,172.31.36.0-255,66,27646,17,314312
44912,0.000232,172.31.36.0-255,66,27712,17,314312
44913,0.000242,172.31.36.0-255,66,27778,17,314312
44914,0.000275,74.125.24.0-255,1125,28903,17,314312
44915,0.000278,172.31.36.0-255,66,28969,17,314312
44916,0.000345,74.125.24.0-255,1484,30453,17,314312
44917,0.000348,172.31.36.0-255,66,30519,17,314312
44918,0.000352,74.125.24.0-255,2902,33421,17,314312
44919,0.000357,172.31.36.0-255,66,33487,17,314312
44920,0.000362,74.125.24.0-255,1484,34971,17,314312
44921,0.000385,74.125.24.0-255,4320,39291,17,314312
44922,0.000388,172.31.36.0-255,66,39357,17,314312
44923,0.000392,74.125.24.0-255,2902,42259,17,314312
44924,0.000394,172.31.36.0-255,66,42325,17,314312
44925,0.000432,74.125.24.0-255,4603,46928,17,314312
44926,0.000435,172.31.36.0-255,66,46994,17,314312
44927,0.000696,74.125.24.0-255,1484,48478,17,314312
44928,0.000708,74.125.24.0-255,2902,51380,17,314312
44929,0.000711,172.31.36.0-255,66,51446,17,314312
44930,0.000733,74.125.24.0-255,5738,57184,17,314312
44931,0.000735,172.31.36.0-255,66,57250,17,314312
44932,0.00074,74.125.24.0-255,5738,62988,17,314312
44933,0.000742,172.31.36.0-255,66,63054,17,314312
44934,0.000776,172.31.36.0-255,66,63120,17,314312
44935,0.00078,74.125.24.0-255,2902,66022,17,314312
44936,0.000782,172.31.36.0-255,66,66088,17,314312
44937,0.000797,74.125.24.0-255,2184,68272,17,314312
44938,0.000799,172.31.36.0-255,66,68338,17,314312
44939,0.001598,74.125.24.0-255,1484,69822,17,314312
44940,0.001606,74.125.24.0-255,1484,71306,17,314312
44941,0.001609,172.31.36.0-255,66,71372,17,314312
44942,0.001628,74.125.24.0-255,1484,72856,17,314312
44943,0.001633,74.125.24.0-255,5738,78594,17,314312
44944,0.001635,172.31.36.0-255,66,78660,17,314312
44945,0.001639,74.125.24.0-255,2902,81562,17,314312
44946,0.001641,172.31.36.0-255,66,81628,17,314312
44947,0.001654,74.125.24.0-255,4320,85948,17,314312
44948,0.001656,172.31.36.0-255,66,86014,17,314312
44949,0.001669,74.125.24.0-255,2902,88916,17,314312
44950,0.00167,172.31.36.0-255,66,88982,17,314312
44951,0.00168,172.31.36.0-255,66,89048,17,314312
44952,0.001683,74.125.24.0-255,2184,91232,17,314312
44953,0.001685,172.31.36.0-255,66,91298,17,314312
44954,0.001865,74.125.24.0-255,1484,92782,17,314312
44955,0.001884,74.125.24.0-255,2902,95684,17,314312
44956,0.001886,172.31.36.0-255,66,95750,17,314312
44957,0.001889,74.125.24.0-255,2902,98652,17,314312
44958,0.001891,172.31.36.0-255,66,98718,17,314312
44959,0.0019,74.125.24.0-255,2902,101620,17,314312
44960,0.001902,172.31.36.0-255,66,101686,17,314312
44961,0.001925,172.31.36.0-255,66,101752,17,314312
44962,0.001937,74.125.24.0-255,2902,104654,17,314312
44963,0.001939,172.31.36.0-255,66,104720,17,314312
44964,0.00198,172.31.36.0-255,66,104786,17,314312
44965,0.001985,74.125.24.0-255,7156,111942,17,314312
44966,0.001987,172.31.36.0-255,66,112008,17,314312
44967,0.002012,172.31.36.0-255,66,112074,17,314312
44968,0.002022,172.31.36.0-255,66,112140,17,314312
44969,0.002144,74.125.24.0-255,1484,113624,17,314312
44970,0.002149,74.125.24.0-255,2902,116526,17,314312
44971,0.00215,172.31.36.0-255,66,116592,17,314312
44972,0.002168,74.125.24.0-255,4320,120912,17,314312
44973,0.00217,172.31.36.0-255,66,120978,17,314312
44974,0.00218,74.125.24.0-255,1484,122462,17,314312
44975,0.002203,172.31.36.0-255,66,122528,17,314312
44976,0.002218,74.125.24.0-255,1484,124012,17,314312
44977,0.002244,74.125.24.0-255,1484,125496,17,314312
44978,0.002246,172.31.36.0-255,66,125562,17,314312
44979,0.00227,172.31.36.0-255,66,125628,17,314312
44980,0.004616,74.125.24.0-255,5738,131366,17,314312
44981,0.00462,172.31.36.0-255,66,131432,17,314312
44982,0.006991,74.125.24.0-255,5738,137170,17,314312
44983,0.007007,172.31.36.0-255,66,137236,17,314312
44984,0.009373,74.125.24.0-255,5738,142974,17,314312
44985,0.009391,172.31.36.0-255,66,143040,17,314312
44986,0.011753,74.125.24.0-255,5738,148778,17,314312
44987,0.011769,172.31.36.0-255,66,148844,17,314312
44988,0.01413,74.125.24.0-255,5738,154582,17,314312
44989,0.014145,172.31.36.0-255,66,154648,17,314312
44990,0.0165,74.125.24.0-255,5738,160386,17,314312
44991,0.016513,172.31.36.0-255,66,160452,17,314312
44992,0.018876,74.125.24.0-255,5738,166190,17,314312
44993,0.018889,172.31.36.0-255,66,166256,17,314312
44994,0.021223,74.125.24.0-255,5738,171994,17,314312
44995,0.021236,172.31.36.0-255,66,172060,17,314312
44996,0.023614,74.125.24.0-255,5738,177798,17,314312
44997,0.02363,172.31.36.0-255,66,177864,17,314312
44998,0.025968,74.125.24.0-255,5738,183602,17,314312
44999,0.025983,172.31.36.0-255,66,183668,17,314312
45000,0.02832,74.125.24.0-255,5738,189406,17,314312
45001,0.028338,172.31.36.0-255,66,189472,17,314312
45002,0.029999,172.31.36.0-255,172,189644,17,314312
45003,0.030031,172.31.36.0-255,1116,190760,17,314312
45004,0.030084,172.31.36.0-255,1514,192274,17,314312
45005,0.030085,172.31.36.0-255,1514,193788,17,314312
45006,0.030091,172.31.36.0-255,1514,195302,17,314312
45007,0.030093,172.31.36.0-255,1050,196352,17,314312
45008,0.030663,74.125.24.0-255,5738,202090,17,314312
45009,0.030671,172.31.36.0-255,66,202156,17,314312
45010,0.031593,104.244.42.0-255,66,202222,17,314312
45011,0.031601,104.244.42.0-255,66,202288,17,314312
45012,0.031676,104.244.42.0-255,66,202354,17,314312
45013,0.031681,104.244.42.0-255,66,202420,17,314312
45014,0.033002,74.125.24.0-255,5738,208158,17,314312
45015,0.033008,172.31.36.0-255,66,208224,17,314312
45016,0.035358,74.125.24.0-255,5738,213962,17,314312
45017,0.035372,172.31.36.0-255,66,214028,17,314312
45018,0.037738,74.125.24.0-255,5738,219766,17,314312
45019,0.037749,172.31.36.0-255,66,219832,17,314312
45020,0.040074,74.125.24.0-255,5738,225570,17,314312
45021,0.040082,172.31.36.0-255,66,225636,17,314312
45022,0.042401,74.125.24.0-255,5738,231374,17,314312
45023,0.042407,172.31.36.0-255,66,231440,17,314312
45024,0.044762,74.125.24.0-255,5738,237178,17,314312
45025,0.044772,172.31.36.0-255,66,237244,17,314312
45026,0.0471,74.125.24.0-255,5738,242982,17,314312
45027,0.047109,172.31.36.0-255,66,243048,17,314312
45028,0.049458,74.125.24.0-255,5738,248786,17,314312
45029,0.049468,172.31.36.0-255,66,248852,17,314312
45030,0.051801,74.125.24.0-255,5738,254590,17,314312
45031,0.051809,172.31.36.0-255,66,254656,17,314312
45032,0.054142,74.125.24.0-255,5738,260394,17,314312
45033,0.054151,172.31.36.0-255,66,260460,17,314312
45034,0.056494,74.125.24.0-255,5738,266198,17,314312
45035,0.056503,172.31.36.0-255,66,266264,17,314312
45036,0.058833,74.125.24.0-255,5738,272002,17,314312
45037,0.05884,172.31.36.0-255,66,272068,17,314312
45038,0.061197,74.125.24.0-255,5738,277806,17,314312
45039,0.061208,172.31.36.0-255,66,277872,17,314312
45040,0.06353,74.125.24.0-255,5738,283610,17,314312
45041,0.063537,172.31.36.0-255,66,283676,17,314312
45042,0.065885,74.125.24.0-255,4320,287996,17,314312
45043,0.065891,172.31.36.0-255,66,288062,17,314312
45044,0.065922,74.125.24.0-255,1484,289546,17,314312
45045,0.068229,74.125.24.0-255,4320,293866,17,314312
45046,0.068234,172.31.36.0-255,66,293932,17,314312
45047,0.070589,74.125.24.0-255,5738,299670,17,314312
45048,0.070595,172.31.36.0-255,66,299736,17,314312
45049,0.07294,74.125.24.0-255,5738,305474,17,314312
45050,0.072946,172.31.36.0-255,66,305540,17,314312
45051,0.075269,74.125.24.0-255,5738,311278,17,314312
45052,0.075275,172.31.36.0-255,66,311344,17,314312
45053,0.077613,74.125.24.0-255,2731,314075,17,314312
45054,0.077619,172.31.36.0-255,66,314141,17,314312
45055,0.077823,172.31.36.0-255,105,314246,17,314312
45056,0.080146,74.125.24.0-255,66,314312,17,314312
45057,0.0,172.217.194.0-255,151,151,17,381578
45058,2.2e-05,172.31.36.0-255,66,217,17,381578
45059,4.1e-05,172.217.194.0-255,1484,1701,17,381578
45060,4.5e-05,172.31.36.0-255,66,1767,17,381578
45061,5e-05,172.217.194.0-255,2902,4669,17,381578
45062,5.2e-05,172.31.36.0-255,66,4735,17,381578
45063,6e-05,172.217.194.0-255,7156,11891,17,381578
45064,6.3e-05,172.31.36.0-255,66,11957,17,381578
45065,7e-05,172.217.194.0-255,6256,18213,17,381578
45066,7.3e-05,172.31.36.0-255,66,18279,17,381578
45067,0.000107,172.217.194.0-255,4320,22599,17,381578
45068,0.00011,172.31.36.0-255,66,22665,17,381578
45069,0.000131,172.31.36.0-255,66,22731,17,381578
45070,0.000152,172.217.194.0-255,1484,24215,17,381578
45071,0.000154,172.31.36.0-255,66,24281,17,381578
45072,0.000178,172.31.36.0-255,66,24347,17,381578
45073,0.000196,172.217.194.0-255,1484,25831,17,381578
45074,0.000198,172.31.36.0-255,66,25897,17,381578
45075,0.000218,172.217.194.0-255,3961,29858,17,381578
45076,0.00022,172.31.36.0-255,66,29924,17,381578
45077,0.000413,172.217.194.0-255,1484,31408,17,381578
45078,0.000417,172.31.36.0-255,66,31474,17,381578
45079,0.000422,172.217.194.0-255,2902,34376,17,381578
45080,0.000425,172.31.36.0-255,66,34442,17,381578
45081,0.00043,172.217.194.0-255,5738,40180,17,381578
45082,0.000433,172.31.36.0-255,66,40246,17,381578
45083,0.000435,172.217.194.0-255,1484,41730,17,381578
45084,0.000437,172.31.36.0-255,66,41796,17,381578
45085,0.000465,172.217.194.0-255,5379,47175,17,381578
45086,0.000468,172.31.36.0-255,66,47241,17,381578
45087,0.000544,172.217.194.0-255,1484,48725,17,381578
45088,0.00056,172.217.194.0-255,2902,51627,17,381578
45089,0.000563,172.31.36.0-255,66,51693,17,381578
45090,0.000568,172.217.194.0-255,2902,54595,17,381578
45091,0.00057,172.31.36.0-255,66,54661,17,381578
45092,0.000583,172.217.194.0-255,2902,57563,17,381578
45093,0.000586,172.31.36.0-255,66,57629,17,381578
45094,0.000607,172.217.194.0-255,5738,63367,17,381578
45095,0.000609,172.31.36.0-255,66,63433,17,381578
45096,0.00063,172.217.194.0-255,3961,67394,17,381578
45097,0.000633,172.31.36.0-255,66,67460,17,381578
45098,0.000644,172.31.36.0-255,66,67526,17,381578
45099,0.000665,172.217.194.0-255,3961,71487,17,381578
45100,0.000669,172.31.36.0-255,66,71553,17,381578
45101,0.000677,172.217.194.0-255,1484,73037,17,381578
45102,0.000689,172.217.194.0-255,2902,75939,17,381578
45103,0.000692,172.31.36.0-255,66,76005,17,381578
45104,0.000713,172.217.194.0-255,4320,80325,17,381578
45105,0.000716,172.31.36.0-255,66,80391,17,381578
45106,0.000731,172.217.194.0-255,5738,86129,17,381578
45107,0.000733,172.31.36.0-255,66,86195,17,381578
45108,0.000737,172.217.194.0-255,2529,88724,17,381578
45109,0.000739,172.31.36.0-255,66,88790,17,381578
45110,0.000991,172.217.194.0-255,1484,90274,17,381578
45111,0.000997,172.217.194.0-255,2902,93176,17,381578
45112,0.001001,172.31.36.0-255,66,93242,17,381578
45113,0.001007,172.217.194.0-255,4320,97562,17,381578
45114,0.001009,172.31.36.0-255,66,97628,17,381578
45115,0.001023,172.217.194.0-255,1484,99112,17,381578
45116,0.001025,172.217.194.0-255,1484,100596,17,381578
45117,0.001028,172.31.36.0-255,66,100662,17,381578
45118,0.001041,172.217.194.0-255,2902,103564,17,381578
45119,0.001045,172.31.36.0-255,66,103630,17,381578
45120,0.001074,172.31.36.0-255,66,103696,17,381578
45121,0.001091,172.217.194.0-255,2902,106598,17,381578
45122,0.001094,172.31.36.0-255,66,106664,17,381578
45123,0.0011,172.217.194.0-255,5738,112402,17,381578
45124,0.001103,172.31.36.0-255,66,112468,17,381578
45125,0.001121,172.217.194.0-255,2184,114652,17,381578
45126,0.001125,172.31.36.0-255,66,114718,17,381578
45127,0.001253,172.217.194.0-255,1484,116202,17,381578
45128,0.001259,172.217.194.0-255,2902,119104,17,381578
45129,0.001262,172.31.36.0-255,66,119170,17,381578
45130,0.001289,172.217.194.0-255,5738,124908,17,381578
45131,0.001292,172.31.36.0-255,66,124974,17,381578
45132,0.001311,172.217.194.0-255,2902,127876,17,381578
45133,0.001314,172.31.36.0-255,66,127942,17,381578
45134,0.001331,172.217.194.0-255,7156,135098,17,381578
45135,0.001334,172.31.36.0-255,66,135164,17,381578
45136,0.001359,172.217.194.0-255,1484,136648,17,381578
45137,0.00138,172.31.36.0-255,66,136714,17,381578
45138,0.001401,172.217.194.0-255,1484,138198,17,381578
45139,0.001404,172.217.194.0-255,2184,140382,17,381578
45140,0.001409,172.31.36.0-255,66,140448,17,381578
45141,0.004203,172.217.194.0-255,1484,141932,17,381578
45142,0.004241,172.217.194.0-255,2902,144834,17,381578
45143,0.004247,172.31.36.0-255,66,144900,17,381578
45144,0.004262,172.217.194.0-255,1484,146384,17,381578
45145,0.007039,172.217.194.0-255,4320,150704,17,381578
45146,0.007044,172.31.36.0-255,66,150770,17,381578
45147,0.009817,172.217.194.0-255,5738,156508,17,381578
45148,0.009833,172.31.36.0-255,66,156574,17,381578
45149,0.012113,172.217.194.0-255,5738,162312,17,381578
45150,0.01213,172.31.36.0-255,66,162378,17,381578
45151,0.014138,172.217.194.0-255,5738,168116,17,381578
45152,0.014149,172.31.36.0-255,66,168182,17,381578
45153,0.016144,172.217.194.0-255,5738,173920,17,381578
45154,0.016162,172.31.36.0-255,66,173986,17,381578
45155,0.018151,172.217.194.0-255,5738,179724,17,381578
45156,0.018168,172.31.36.0-255,66,179790,17,381578
45157,0.020156,172.217.194.0-255,4320,184110,17,381578
45158,0.020165,172.31.36.0-255,66,184176,17,381578
45159,0.020186,172.217.194.0-255,1484,185660,17,381578
45160,0.022141,172.217.194.0-255,4320,189980,17,381578
45161,0.022156,172.31.36.0-255,66,190046,17,381578
45162,0.024127,172.217.194.0-255,5738,195784,17,381578
45163,0.024138,172.31.36.0-255,66,195850,17,381578
45164,0.026109,172.217.194.0-255,5738,201588,17,381578
45165,0.026127,172.31.36.0-255,66,201654,17,381578
45166,0.028153,172.217.194.0-255,5738,207392,17,381578
45167,0.028165,172.31.36.0-255,66,207458,17,381578
45168,0.030158,172.217.194.0-255,5738,213196,17,381578
45169,0.03017,172.31.36.0-255,66,213262,17,381578
45170,0.032163,172.217.194.0-255,5738,219000,17,381578
45171,0.032172,172.31.36.0-255,66,219066,17,381578
45172,0.034104,172.31.36.0-255,188,219254,17,381578
45173,0.034154,172.217.194.0-255,5738,224992,17,381578
45174,0.034162,172.31.36.0-255,66,225058,17,381578
45175,0.034178,172.31.36.0-255,961,226019,17,381578
45176,0.03431,172.31.36.0-255,1514,227533,17,381578
45177,0.034312,172.31.36.0-255,1514,229047,17,381578
45178,0.034339,172.31.36.0-255,826,229873,17,381578
45179,0.035648,104.244.42.0-255,66,229939,17,381578
45180,0.035734,104.244.42.0-255,66,230005,17,381578
45181,0.035893,104.244.42.0-255,66,230071,17,381578
45182,0.035913,104.244.42.0-255,66,230137,17,381578
45183,0.036153,172.217.194.0-255,5738,235875,17,381578
45184,0.036159,172.31.36.0-255,66,235941,17,381578
45185,0.038151,172.217.194.0-255,5738,241679,17,381578
45186,0.038157,172.31.36.0-255,66,241745,17,381578
45187,0.040137,172.217.194.0-255,5738,247483,17,381578
45188,0.040145,172.31.36.0-255,66,247549,17,381578
45189,0.042147,172.217.194.0-255,5738,253287,17,381578
45190,0.042154,172.31.36.0-255,66,253353,17,381578
45191,0.044183,172.217.194.0-255,5738,259091,17,381578
45192,0.04419,172.31.36.0-255,66,259157,17,381578
45193,0.046185,172.217.194.0-255,5738,264895,17,381578
45194,0.046192,172.31.36.0-255,66,264961,17,381578
45195,0.048182,172.217.194.0-255,5738,270699,17,381578
45196,0.048191,172.31.36.0-255,66,270765,17,381578
45197,0.050162,172.217.194.0-255,5738,276503,17,381578
45198,0.05017,172.31.36.0-255,66,276569,17,381578
45199,0.052162,172.217.194.0-255,5738,282307,17,381578
45200,0.052171,172.31.36.0-255,66,282373,17,381578
45201,0.054143,172.217.194.0-255,5738,288111,17,381578
45202,0.054151,172.31.36.0-255,66,288177,17,381578
45203,0.056114,172.217.194.0-255,5738,293915,17,381578
45204,0.056122,172.31.36.0-255,66,293981,17,381578
45205,0.058092,172.217.194.0-255,5738,299719,17,381578
45206,0.0581,172.31.36.0-255,66,299785,17,381578
45207,0.060076,172.217.194.0-255,5738,305523,17,381578
45208,0.060087,172.31.36.0-255,66,305589,17,381578
45209,0.06211,172.217.194.0-255,5738,311327,17,381578
45210,0.062117,172.31.36.0-255,66,311393,17,381578
45211,0.064106,172.217.194.0-255,5738,317131,17,381578
45212,0.064112,172.31.36.0-255,66,317197,17,381578
45213,0.066142,172.217.194.0-255,5738,322935,17,381578
45214,0.06615,172.31.36.0-255,66,323001,17,381578
45215,0.068122,172.217.194.0-255,5738,328739,17,381578
45216,0.068129,172.31.36.0-255,66,328805,17,381578
45217,0.070135,172.217.194.0-255,5738,334543,17,381578
45218,0.070142,172.31.36.0-255,66,334609,17,381578
45219,0.072117,172.217.194.0-255,5738,340347,17,381578
45220,0.072124,172.31.36.0-255,66,340413,17,381578
45221,0.074123,172.217.194.0-255,5738,346151,17,381578
45222,0.074129,172.31.36.0-255,66,346217,17,381578
45223,0.076086,172.217.194.0-255,5738,351955,17,381578
45224,0.076093,172.31.36.0-255,66,352021,17,381578
45225,0.078067,172.217.194.0-255,5738,357759,17,381578
45226,0.078073,172.31.36.0-255,66,357825,17,381578
45227,0.080042,172.217.194.0-255,5738,363563,17,381578
45228,0.080048,172.31.36.0-255,66,363629,17,381578
45229,0.082033,172.217.194.0-255,5738,369367,17,381578
45230,0.082039,172.31.36.0-255,66,369433,17,381578
45231,0.08406,172.217.194.0-255,5738,375171,17,381578
45232,0.084068,172.31.36.0-255,66,375237,17,381578
45233,0.086058,172.217.194.0-255,5579,380816,17,381578
45234,0.086065,172.31.36.0-255,66,380882,17,381578
45235,0.086263,172.31.36.0-255,105,380987,17,381578
45236,0.0863,172.31.36.0-255,105,381092,17,381578
45237,0.086544,172.31.36.0-255,90,381182,17,381578
45238,0.086556,172.31.36.0-255,66,381248,17,381578
45239,0.088187,172.217.194.0-255,66,381314,17,381578
45240,0.088235,172.217.194.0-255,66,381380,17,381578
45241,0.08845,172.217.194.0-255,66,381446,17,381578
45242,0.088539,172.217.194.0-255,66,381512,17,381578
45243,0.088568,172.31.36.0-255,66,381578,17,381578
45244,0.0,74.125.24.0-255,145,145,17,333011
45245,4.5e-05,172.31.36.0-255,66,211,17,333011
45246,5.2e-05,74.125.24.0-255,1484,1695,17,333011
45247,5.7e-05,172.31.36.0-255,66,1761,17,333011
45248,6.1e-05,74.125.24.0-255,2902,4663,17,333011
45249,6.4e-05,172.31.36.0-255,66,4729,17,333011
45250,8.6e-05,74.125.24.0-255,2902,7631,17,333011
45251,8.9e-05,172.31.36.0-255,66,7697,17,333011
45252,9.4e-05,74.125.24.0-255,4320,12017,17,333011
45253,9.7e-05,172.31.36.0-255,66,12083,17,333011
45254,0.0001,74.125.24.0-255,1987,14070,17,333011
45255,0.000102,172.31.36.0-255,66,14136,17,333011
45256,0.000168,74.125.24.0-255,1484,15620,17,333011
45257,0.000172,172.31.36.0-255,66,15686,17,333011
45258,0.000177,74.125.24.0-255,2902,18588,17,333011
45259,0.00018,172.31.36.0-255,66,18654,17,333011
45260,0.000187,74.125.24.0-255,5738,24392,17,333011
45261,0.00019,172.31.36.0-255,66,24458,17,333011
45262,0.00022,74.125.24.0-255,6797,31255,17,333011
45263,0.000223,172.31.36.0-255,66,31321,17,333011
45264,0.000241,74.125.24.0-255,4320,35641,17,333011
45265,0.000243,172.31.36.0-255,66,35707,17,333011
45266,0.000259,74.125.24.0-255,7156,42863,17,333011
45267,0.000262,172.31.36.0-255,66,42929,17,333011
45268,0.000275,74.125.24.0-255,2902,45831,17,333011
45269,0.000279,172.31.36.0-255,66,45897,17,333011
45270,0.000284,74.125.24.0-255,2543,48440,17,333011
45271,0.000286,172.31.36.0-255,66,48506,17,333011
45272,0.000395,74.125.24.0-255,1484,49990,17,333011
45273,0.0004,172.31.36.0-255,66,50056,17,333011
45274,0.000412,74.125.24.0-255,2902,52958,17,333011
45275,0.000416,172.31.36.0-255,66,53024,17,333011
45276,0.000444,74.125.24.0-255,5738,58762,17,333011
45277,0.000447,172.31.36.0-255,66,58828,17,333011
45278,0.000467,74.125.24.0-255,4320,63148,17,333011
45279,0.00047,172.31.36.0-255,66,63214,17,333011
45280,0.000493,74.125.24.0-255,2815,66029,17,333011
45281,0.000496,172.31.36.0-255,66,66095,17,333011
45282,0.000498,74.125.24.0-255,416,66511,17,333011
45283,0.000663,74.125.24.0-255,1484,67995,17,333011
45284,0.000667,172.31.36.0-255,66,68061,17,333011
45285,0.000672,74.125.24.0-255,2902,70963,17,333011
45286,0.000675,172.31.36.0-255,66,71029,17,333011
45287,0.000719,74.125.24.0-255,5738,76767,17,333011
45288,0.000722,172.31.36.0-255,66,76833,17,333011
45289,0.000734,172.31.36.0-255,66,76899,17,333011
45290,0.00077,74.125.24.0-255,5738,82637,17,333011
45291,0.000774,172.31.36.0-255,66,82703,17,333011
45292,0.00079,74.125.24.0-255,5020,87723,17,333011
45293,0.000793,172.31.36.0-255,66,87789,17,333011
45294,0.000879,74.125.24.0-255,1484,89273,17,333011
45295,0.000915,74.125.24.0-255,2902,92175,17,333011
45296,0.000918,172.31.36.0-255,66,92241,17,333011
45297,0.000924,74.125.24.0-255,4320,96561,17,333011
45298,0.000926,172.31.36.0-255,66,96627,17,333011
45299,0.000945,74.125.24.0-255,1484,98111,17,333011
45300,0.000956,172.31.36.0-255,66,98177,17,333011
45301,0.000975,74.125.24.0-255,4320,102497,17,333011
45302,0.000978,172.31.36.0-255,66,102563,17,333011
45303,0.000998,74.125.24.0-255,4320,106883,17,333011
45304,0.001001,172.31.36.0-255,66,106949,17,333011
45305,0.001021,74.125.24.0-255,6438,113387,17,333011
45306,0.001024,172.31.36.0-255,66,113453,17,333011
45307,0.001052,74.125.24.0-255,7156,120609,17,333011
45308,0.001056,172.31.36.0-255,66,120675,17,333011
45309,0.001059,74.125.24.0-255,1484,122159,17,333011
45310,0.001077,74.125.24.0-255,7156,129315,17,333011
45311,0.00108,172.31.36.0-255,66,129381,17,333011
45312,0.001087,74.125.24.0-255,7156,136537,17,333011
45313,0.00109,172.31.36.0-255,66,136603,17,333011
45314,0.001121,172.31.36.0-255,66,136669,17,333011
45315,0.001123,74.125.24.0-255,766,137435,17,333011
45316,0.001309,74.125.24.0-255,1484,138919,17,333011
45317,0.001313,172.31.36.0-255,66,138985,17,333011
45318,0.001318,74.125.24.0-255,2902,141887,17,333011
45319,0.001321,172.31.36.0-255,66,141953,17,333011
45320,0.001344,74.125.24.0-255,5738,147691,17,333011
45321,0.001349,172.31.36.0-255,66,147757,17,333011
45322,0.001351,74.125.24.0-255,7156,154913,17,333011
45323,0.001354,172.31.36.0-255,66,154979,17,333011
45324,0.001372,74.125.24.0-255,2902,157881,17,333011
45325,0.001375,172.31.36.0-255,66,157947,17,333011
45326,0.001411,172.31.36.0-255,66,158013,17,333011
45327,0.001416,74.125.24.0-255,2184,160197,17,333011
45328,0.001419,172.31.36.0-255,66,160263,17,333011
45329,0.001863,74.125.24.0-255,1484,161747,17,333011
45330,0.001869,74.125.24.0-255,2902,164649,17,333011
45331,0.001873,172.31.36.0-255,66,164715,17,333011
45332,0.001876,74.125.24.0-255,1484,166199,17,333011
45333,0.001895,74.125.24.0-255,4320,170519,17,333011
45334,0.001898,172.31.36.0-255,66,170585,17,333011
45335,0.001915,74.125.24.0-255,7156,177741,17,333011
45336,0.001918,172.31.36.0-255,66,177807,17,333011
45337,0.00194,74.125.24.0-255,5738,183545,17,333011
45338,0.001943,172.31.36.0-255,66,183611,17,333011
45339,0.001947,74.125.24.0-255,1484,185095,17,333011
45340,0.001992,172.31.36.0-255,66,185161,17,333011
45341,0.00201,74.125.24.0-255,1484,186645,17,333011
45342,0.002024,74.125.24.0-255,2902,189547,17,333011
45343,0.002028,172.31.36.0-255,66,189613,17,333011
45344,0.002035,74.125.24.0-255,5738,195351,17,333011
45345,0.002037,172.31.36.0-255,66,195417,17,333011
45346,0.002059,74.125.24.0-255,2902,198319,17,333011
45347,0.002063,172.31.36.0-255,66,198385,17,333011
45348,0.002112,172.31.36.0-255,66,198451,17,333011
45349,0.00212,74.125.24.0-255,7156,205607,17,333011
45350,0.002122,172.31.36.0-255,66,205673,17,333011
45351,0.002127,74.125.24.0-255,3602,209275,17,333011
45352,0.002129,172.31.36.0-255,66,209341,17,333011
45353,0.002188,74.125.24.0-255,4320,213661,17,333011
45354,0.002191,172.31.36.0-255,66,213727,17,333011
45355,0.002198,74.125.24.0-255,5738,219465,17,333011
45356,0.0022,172.31.36.0-255,66,219531,17,333011
45357,0.002212,172.31.36.0-255,66,219597,17,333011
45358,0.002218,74.125.24.0-255,4320,223917,17,333011
45359,0.00222,172.31.36.0-255,66,223983,17,333011
45360,0.002251,172.31.36.0-255,66,224049,17,333011
45361,0.002295,74.125.24.0-255,1484,225533,17,333011
45362,0.002298,74.125.24.0-255,1484,227017,17,333011
45363,0.002301,172.31.36.0-255,66,227083,17,333011
45364,0.002319,74.125.24.0-255,1484,228567,17,333011
45365,0.002325,74.125.24.0-255,5738,234305,17,333011
45366,0.002328,172.31.36.0-255,66,234371,17,333011
45367,0.002332,74.125.24.0-255,2902,237273,17,333011
45368,0.002334,172.31.36.0-255,66,237339,17,333011
45369,0.002357,172.31.36.0-255,66,237405,17,333011
45370,0.00238,74.125.24.0-255,7156,244561,17,333011
45371,0.002383,172.31.36.0-255,66,244627,17,333011
45372,0.002403,74.125.24.0-255,3602,248229,17,333011
45373,0.002405,172.31.36.0-255,66,248295,17,333011
45374,0.002421,74.125.24.0-255,1484,249779,17,333011
45375,0.00244,74.125.24.0-255,2902,252681,17,333011
45376,0.002443,172.31.36.0-255,66,252747,17,333011
45377,0.002446,74.125.24.0-255,1484,254231,17,333011
45378,0.002462,74.125.24.0-255,4320,258551,17,333011
45379,0.002465,172.31.36.0-255,66,258617,17,333011
45380,0.002469,74.125.24.0-255,2902,261519,17,333011
45381,0.002471,172.31.36.0-255,66,261585,17,333011
45382,0.004886,74.125.24.0-255,5738,267323,17,333011
45383,0.004895,172.31.36.0-255,66,267389,17,333011
45384,0.007293,74.125.24.0-255,1484,268873,17,333011
45385,0.007311,74.125.24.0-255,4320,273193,17,333011
45386,0.007315,172.31.36.0-255,66,273259,17,333011
45387,0.009701,74.125.24.0-255,1484,274743,17,333011
45388,0.009732,74.125.24.0-255,4320,279063,17,333011
45389,0.009737,172.31.36.0-255,66,279129,17,333011
45390,0.01215,74.125.24.0-255,5738,284867,17,333011
45391,0.012157,172.31.36.0-255,66,284933,17,333011
45392,0.014586,74.125.24.0-255,5738,290671,17,333011
45393,0.014594,172.31.36.0-255,66,290737,17,333011
45394,0.017024,74.125.24.0-255,5738,296475,17,333011
45395,0.017032,172.31.36.0-255,66,296541,17,333011
45396,0.01945,74.125.24.0-255,5738,302279,17,333011
45397,0.01946,172.31.36.0-255,66,302345,17,333011
45398,0.021873,74.125.24.0-255,5738,308083,17,333011
45399,0.021881,172.31.36.0-255,66,308149,17,333011
45400,0.024258,74.125.24.0-255,5738,313887,17,333011
45401,0.024265,172.31.36.0-255,66,313953,17,333011
45402,0.026669,74.125.24.0-255,5738,319691,17,333011
45403,0.026676,172.31.36.0-255,66,319757,17,333011
45404,0.029056,74.125.24.0-255,5738,325495,17,333011
45405,0.029063,172.31.36.0-255,66,325561,17,333011
45406,0.03149,74.125.24.0-255,2937,328498,17,333011
45407,0.031502,172.31.36.0-255,66,328564,17,333011
45408,0.031898,172.31.36.0-255,105,328669,17,333011
45409,0.03366,172.31.36.0-255,176,328845,17,333011
45410,0.033692,172.31.36.0-255,1117,329962,17,333011
45411,0.033734,172.31.36.0-255,1514,331476,17,333011
45412,0.033736,172.31.36.0-255,1271,332747,17,333011
45413,0.034273,74.125.24.0-255,66,332813,17,333011
45414,0.035235,104.244.42.0-255,66,332879,17,333011
45415,0.035288,104.244.42.0-255,66,332945,17,333011
45416,0.035329,104.244.42.0-255,66,333011,17,333011
45417,0.0,172.217.194.0-255,218,218,17,331211
45418,1.5e-05,172.31.36.0-255,66,284,17,331211
45419,2.2e-05,172.217.194.0-255,1484,1768,17,331211
45420,2.6e-05,172.31.36.0-255,66,1834,17,331211
45421,3.3e-05,172.217.194.0-255,4320,6154,17,331211
45422,4.4e-05,172.31.36.0-255,66,6220,17,331211
45423,5e-05,172.217.194.0-255,5738,11958,17,331211
45424,5.4e-05,172.31.36.0-255,66,12024,17,331211
45425,6.6e-05,172.31.36.0-255,66,12090,17,331211
45426,0.000105,172.217.194.0-255,3257,15347,17,331211
45427,0.000108,172.31.36.0-255,66,15413,17,331211
45428,0.000115,172.217.194.0-255,6797,22210,17,331211
45429,0.000118,172.31.36.0-255,66,22276,17,331211
45430,0.000431,172.217.194.0-255,1484,23760,17,331211
45431,0.000437,172.31.36.0-255,66,23826,17,331211
45432,0.000443,172.217.194.0-255,2902,26728,17,331211
45433,0.000446,172.31.36.0-255,66,26794,17,331211
45434,0.000458,172.217.194.0-255,5738,32532,17,331211
45435,0.000461,172.31.36.0-255,66,32598,17,331211
45436,0.000505,172.31.36.0-255,66,32664,17,331211
45437,0.000508,172.217.194.0-255,1484,34148,17,331211
45438,0.00051,172.31.36.0-255,66,34214,17,331211
45439,0.000543,172.31.36.0-255,66,34280,17,331211
45440,0.000648,172.217.194.0-255,113,34393,17,331211
45441,0.000652,172.31.36.0-255,66,34459,17,331211
45442,0.000655,172.217.194.0-255,383,34842,17,331211
45443,0.000657,172.31.36.0-255,66,34908,17,331211
45444,0.001607,172.217.194.0-255,1484,36392,17,331211
45445,0.001614,172.31.36.0-255,66,36458,17,331211
45446,0.001625,172.217.194.0-255,2902,39360,17,331211
45447,0.001638,172.217.194.0-255,5738,45098,17,331211
45448,0.001677,172.217.194.0-255,2902,48000,17,331211
45449,0.001851,172.217.194.0-255,1484,49484,17,331211
45450,0.001857,172.217.194.0-255,2902,52386,17,331211
45451,0.001872,172.217.194.0-255,2902,55288,17,331211
45452,0.001906,172.217.194.0-255,2902,58190,17,331211
45453,0.001952,172.217.194.0-255,2184,60374,17,331211
45454,0.002128,172.217.194.0-255,1484,61858,17,331211
45455,0.002135,172.217.194.0-255,2902,64760,17,331211
45456,0.00215,172.217.194.0-255,5738,70498,17,331211
45457,0.002153,172.217.194.0-255,1484,71982,17,331211
45458,0.002173,172.217.194.0-255,4320,76302,17,331211
45459,0.002195,172.217.194.0-255,2902,79204,17,331211
45460,0.00226,172.217.194.0-255,2902,82106,17,331211
45461,0.002274,172.217.194.0-255,2184,84290,17,331211
45462,0.003062,172.31.36.0-255,66,84356,17,331211
45463,0.003626,172.31.36.0-255,101,84457,17,331211
45464,0.00532,172.217.194.0-255,4320,88777,17,331211
45465,0.005326,172.31.36.0-255,66,88843,17,331211
45466,0.005354,172.217.194.0-255,1484,90327,17,331211
45467,0.005805,172.217.194.0-255,66,90393,17,331211
45468,0.007548,172.217.194.0-255,4320,94713,17,331211
45469,0.007553,172.31.36.0-255,66,94779,17,331211
45470,0.009787,172.217.194.0-255,5738,100517,17,331211
45471,0.010011,172.31.36.0-255,66,100583,17,331211
45472,0.012237,172.217.194.0-255,5738,106321,17,331211
45473,0.012248,172.31.36.0-255,66,106387,17,331211
45474,0.014447,172.217.194.0-255,5738,112125,17,331211
45475,0.014462,172.31.36.0-255,66,112191,17,331211
45476,0.016673,172.217.194.0-255,5738,117929,17,331211
45477,0.018015,172.31.36.0-255,66,117995,17,331211
45478,0.020243,172.217.194.0-255,5738,123733,17,331211
45479,0.020264,172.31.36.0-255,66,123799,17,331211
45480,0.022487,172.217.194.0-255,5738,129537,17,331211
45481,0.0225,172.31.36.0-255,66,129603,17,331211
45482,0.024706,172.217.194.0-255,5738,135341,17,331211
45483,0.024715,172.31.36.0-255,66,135407,17,331211
45484,0.026942,172.217.194.0-255,5738,141145,17,331211
45485,0.026956,172.31.36.0-255,66,141211,17,331211
45486,0.029207,172.217.194.0-255,5738,146949,17,331211
45487,0.029222,172.31.36.0-255,66,147015,17,331211
45488,0.031471,172.217.194.0-255,5738,152753,17,331211
45489,0.031486,172.31.36.0-255,66,152819,17,331211
45490,0.033536,172.31.36.0-255,172,152991,17,331211
45491,0.033578,172.31.36.0-255,1116,154107,17,331211
45492,0.033643,172.31.36.0-255,1514,155621,17,331211
45493,0.033645,172.31.36.0-255,1272,156893,17,331211
45494,0.033699,172.217.194.0-255,5738,162631,17,331211
45495,0.033707,172.31.36.0-255,66,162697,17,331211
45496,0.035093,104.244.42.0-255,66,162763,17,331211
45497,0.035124,104.244.42.0-255,66,162829,17,331211
45498,0.035223,104.244.42.0-255,66,162895,17,331211
45499,0.035908,172.217.194.0-255,5738,168633,17,331211
45500,0.035916,172.31.36.0-255,66,168699,17,331211
45501,0.038163,172.217.194.0-255,5738,174437,17,331211
45502,0.038176,172.31.36.0-255,66,174503,17,331211
45503,0.04041,172.217.194.0-255,5738,180241,17,331211
45504,0.040421,172.31.36.0-255,66,180307,17,331211
45505,0.042619,172.217.194.0-255,5738,186045,17,331211
45506,0.042628,172.31.36.0-255,66,186111,17,331211
45507,0.044886,172.217.194.0-255,5738,191849,17,331211
45508,0.044899,172.31.36.0-255,66,191915,17,331211
45509,0.047129,172.217.194.0-255,5738,197653,17,331211
45510,0.047145,172.31.36.0-255,66,197719,17,331211
45511,0.049374,172.217.194.0-255,5738,203457,17,331211
45512,0.049384,172.31.36.0-255,66,203523,17,331211
45513,0.051611,172.217.194.0-255,5738,209261,17,331211
45514,0.051619,172.31.36.0-255,66,209327,17,331211
45515,0.053838,172.217.194.0-255,5738,215065,17,331211
45516,0.053846,172.31.36.0-255,66,215131,17,331211
45517,0.056075,172.217.194.0-255,5738,220869,17,331211
45518,0.056083,172.31.36.0-255,66,220935,17,331211
45519,0.058278,172.217.194.0-255,5738,226673,17,331211
45520,0.058288,172.31.36.0-255,66,226739,17,331211
45521,0.060531,172.217.194.0-255,5738,232477,17,331211
45522,0.060545,172.31.36.0-255,66,232543,17,331211
45523,0.062765,172.217.194.0-255,5738,238281,17,331211
45524,0.062777,172.31.36.0-255,66,238347,17,331211
45525,0.065008,172.217.194.0-255,5738,244085,17,331211
45526,0.06502,172.31.36.0-255,66,244151,17,331211
45527,0.067249,172.217.194.0-255,5738,249889,17,331211
45528,0.06726,172.31.36.0-255,66,249955,17,331211
45529,0.06949,172.217.194.0-255,5738,255693,17,331211
45530,0.069499,172.31.36.0-255,66,255759,17,331211
45531,0.071701,172.217.194.0-255,5738,261497,17,331211
45532,0.071708,172.31.36.0-255,66,261563,17,331211
45533,0.073943,172.217.194.0-255,5738,267301,17,331211
45534,0.073951,172.31.36.0-255,66,267367,17,331211
45535,0.076207,172.217.194.0-255,5738,273105,17,331211
45536,0.076222,172.31.36.0-255,66,273171,17,331211
45537,0.078449,172.217.194.0-255,5738,278909,17,331211
45538,0.07846,172.31.36.0-255,66,278975,17,331211
45539,0.080695,172.217.194.0-255,5738,284713,17,331211
45540,0.080702,172.31.36.0-255,66,284779,17,331211
45541,0.082901,172.217.194.0-255,5738,290517,17,331211
45542,0.082908,172.31.36.0-255,66,290583,17,331211
45543,0.085146,172.217.194.0-255,5738,296321,17,331211
45544,0.085152,172.31.36.0-255,66,296387,17,331211
45545,0.087376,172.217.194.0-255,5738,302125,17,331211
45546,0.087391,172.31.36.0-255,66,302191,17,331211
45547,0.08961,172.217.194.0-255,5738,307929,17,331211
45548,0.089619,172.31.36.0-255,66,307995,17,331211
45549,0.091813,172.217.194.0-255,5738,313733,17,331211
45550,0.091824,172.31.36.0-255,66,313799,17,331211
45551,0.09403,172.217.194.0-255,5738,319537,17,331211
45552,0.094038,172.31.36.0-255,66,319603,17,331211
45553,0.096314,172.217.194.0-255,5738,325341,17,331211
45554,0.096325,172.31.36.0-255,66,325407,17,331211
45555,0.09854,172.217.194.0-255,5738,331145,17,331211
45556,0.098552,172.31.36.0-255,66,331211,17,331211
45557,0.0,172.217.194.0-255,153,153,17,268199
45558,1.7e-05,172.31.36.0-255,66,219,17,268199
45559,2.4e-05,172.217.194.0-255,1484,1703,17,268199
45560,3e-05,172.31.36.0-255,66,1769,17,268199
45561,3.6e-05,172.217.194.0-255,2902,4671,17,268199
45562,4.7e-05,172.31.36.0-255,66,4737,17,268199
45563,5.1e-05,172.217.194.0-255,2902,7639,17,268199
45564,5.6e-05,172.31.36.0-255,66,7705,17,268199
45565,0.000108,172.217.194.0-255,6320,14025,17,268199
45566,0.000111,172.31.36.0-255,66,14091,17,268199
45567,0.003852,172.217.194.0-255,1484,15575,17,268199
45568,0.003861,172.31.36.0-255,66,15641,17,268199
45569,0.003871,172.217.194.0-255,2902,18543,17,268199
45570,0.003874,172.31.36.0-255,66,18609,17,268199
45571,0.003884,172.217.194.0-255,1484,20093,17,268199
45572,0.003886,172.31.36.0-255,66,20159,17,268199
45573,0.006133,172.217.194.0-255,5738,25897,17,268199
45574,0.006143,172.31.36.0-255,66,25963,17,268199
45575,0.008394,172.217.194.0-255,5738,31701,17,268199
45576,0.008409,172.31.36.0-255,66,31767,17,268199
45577,0.010643,172.217.194.0-255,5738,37505,17,268199
45578,0.010653,172.31.36.0-255,66,37571,17,268199
45579,0.012954,172.217.194.0-255,5738,43309,17,268199
45580,0.012965,172.31.36.0-255,66,43375,17,268199
45581,0.015239,172.217.194.0-255,5738,49113,17,268199
45582,0.015251,172.31.36.0-255,66,49179,17,268199
45583,0.017507,172.217.194.0-255,5738,54917,17,268199
45584,0.017518,172.31.36.0-255,66,54983,17,268199
45585,0.019796,172.217.194.0-255,5738,60721,17,268199
45586,0.019807,172.31.36.0-255,66,60787,17,268199
45587,0.022053,172.217.194.0-255,5738,66525,17,268199
45588,0.022061,172.31.36.0-255,66,66591,17,268199
45589,0.023412,172.31.36.0-255,172,66763,17,268199
45590,0.023447,172.31.36.0-255,1117,67880,17,268199
45591,0.023509,172.31.36.0-255,1514,69394,17,268199
45592,0.023511,172.31.36.0-255,1271,70665,17,268199
45593,0.024318,172.217.194.0-255,5738,76403,17,268199
45594,0.024327,172.31.36.0-255,66,76469,17,268199
45595,0.024958,104.244.42.0-255,66,76535,17,268199
45596,0.02501,104.244.42.0-255,66,76601,17,268199
45597,0.025066,104.244.42.0-255,66,76667,17,268199
45598,0.02659,172.217.194.0-255,5738,82405,17,268199
45599,0.026598,172.31.36.0-255,66,82471,17,268199
45600,0.028856,172.217.194.0-255,5738,88209,17,268199
45601,0.028868,172.31.36.0-255,66,88275,17,268199
45602,0.03114,172.217.194.0-255,5738,94013,17,268199
45603,0.031147,172.31.36.0-255,66,94079,17,268199
45604,0.033414,172.217.194.0-255,5738,99817,17,268199
45605,0.033421,172.31.36.0-255,66,99883,17,268199
45606,0.035731,172.217.194.0-255,5738,105621,17,268199
45607,0.035738,172.31.36.0-255,66,105687,17,268199
45608,0.038,172.217.194.0-255,5738,111425,17,268199
45609,0.038006,172.31.36.0-255,66,111491,17,268199
45610,0.040268,172.217.194.0-255,5738,117229,17,268199
45611,0.040284,172.31.36.0-255,66,117295,17,268199
45612,0.042522,172.217.194.0-255,5738,123033,17,268199
45613,0.042533,172.31.36.0-255,66,123099,17,268199
45614,0.044779,172.217.194.0-255,5738,128837,17,268199
45615,0.04479,172.31.36.0-255,66,128903,17,268199
45616,0.047056,172.217.194.0-255,5738,134641,17,268199
45617,0.047069,172.31.36.0-255,66,134707,17,268199
45618,0.049349,172.217.194.0-255,5738,140445,17,268199
45619,0.049359,172.31.36.0-255,66,140511,17,268199
45620,0.05164,172.217.194.0-255,5738,146249,17,268199
45621,0.05165,172.31.36.0-255,66,146315,17,268199
45622,0.053934,172.217.194.0-255,5738,152053,17,268199
45623,0.053941,172.31.36.0-255,66,152119,17,268199
45624,0.056208,172.217.194.0-255,5738,157857,17,268199
45625,0.056216,172.31.36.0-255,66,157923,17,268199
45626,0.0585,172.217.194.0-255,5738,163661,17,268199
45627,0.058509,172.31.36.0-255,66,163727,17,268199
45628,0.060798,172.217.194.0-255,5738,169465,17,268199
45629,0.060806,172.31.36.0-255,66,169531,17,268199
45630,0.063087,172.217.194.0-255,5738,175269,17,268199
45631,0.063097,172.31.36.0-255,66,175335,17,268199
45632,0.065404,172.217.194.0-255,5738,181073,17,268199
45633,0.065411,172.31.36.0-255,66,181139,17,268199
45634,0.067669,172.217.194.0-255,5738,186877,17,268199
45635,0.067675,172.31.36.0-255,66,186943,17,268199
45636,0.069953,172.217.194.0-255,5738,192681,17,268199
45637,0.069959,172.31.36.0-255,66,192747,17,268199
45638,0.072221,172.217.194.0-255,5738,198485,17,268199
45639,0.072228,172.31.36.0-255,66,198551,17,268199
45640,0.074513,172.217.194.0-255,5738,204289,17,268199
45641,0.074521,172.31.36.0-255,66,204355,17,268199
45642,0.076812,172.217.194.0-255,5738,210093,17,268199
45643,0.076819,172.31.36.0-255,66,210159,17,268199
45644,0.079058,172.217.194.0-255,5738,215897,17,268199
45645,0.079068,172.31.36.0-255,66,215963,17,268199
45646,0.08134,172.217.194.0-255,5738,221701,17,268199
45647,0.081348,172.31.36.0-255,66,221767,17,268199
45648,0.083634,172.217.194.0-255,5738,227505,17,268199
45649,0.08364,172.31.36.0-255,66,227571,17,268199
45650,0.08591,172.217.194.0-255,5738,233309,17,268199
45651,0.085917,172.31.36.0-255,66,233375,17,268199
45652,0.08816,172.217.194.0-255,5738,239113,17,268199
45653,0.088167,172.31.36.0-255,66,239179,17,268199
45654,0.09045,172.217.194.0-255,5738,244917,17,268199
45655,0.090459,172.31.36.0-255,66,244983,17,268199
45656,0.092736,172.217.194.0-255,5738,250721,17,268199
45657,0.092743,172.31.36.0-255,66,250787,17,268199
45658,0.09502,172.217.194.0-255,5738,256525,17,268199
45659,0.095029,172.31.36.0-255,66,256591,17,268199
45660,0.097278,172.217.194.0-255,5738,262329,17,268199
45661,0.097284,172.31.36.0-255,66,262395,17,268199
45662,0.099539,172.217.194.0-255,5738,268133,17,268199
45663,0.099547,172.31.36.0-255,66,268199,17,268199
45664,0.0,74.125.24.0-255,153,153,17,150973
45665,1.5e-05,172.31.36.0-255,66,219,17,150973
45666,2.3e-05,74.125.24.0-255,1484,1703,17,150973
45667,2.7e-05,172.31.36.0-255,66,1769,17,150973
45668,4e-05,74.125.24.0-255,2902,4671,17,150973
45669,4.4e-05,172.31.36.0-255,66,4737,17,150973
45670,4.9e-05,74.125.24.0-255,2902,7639,17,150973
45671,5.1e-05,172.31.36.0-255,66,7705,17,150973
45672,8.2e-05,74.125.24.0-255,6326,14031,17,150973
45673,8.5e-05,172.31.36.0-255,66,14097,17,150973
45674,0.000112,74.125.24.0-255,5738,19835,17,150973
45675,0.000115,172.31.36.0-255,66,19901,17,150973
45676,0.000138,74.125.24.0-255,1484,21385,17,150973
45677,0.00014,172.31.36.0-255,66,21451,17,150973
45678,0.000148,74.125.24.0-255,7156,28607,17,150973
45679,0.00015,172.31.36.0-255,66,28673,17,150973
45680,0.00019,172.31.36.0-255,66,28739,17,150973
45681,0.000194,74.125.24.0-255,2543,31282,17,150973
45682,0.000196,172.31.36.0-255,66,31348,17,150973
45683,0.000247,172.31.36.0-255,66,31414,17,150973
45684,0.000272,74.125.24.0-255,2902,34316,17,150973
45685,0.000274,172.31.36.0-255,66,34382,17,150973
45686,0.00028,74.125.24.0-255,2839,37221,17,150973
45687,0.000282,172.31.36.0-255,66,37287,17,150973
45688,0.000318,74.125.24.0-255,383,37670,17,150973
45689,0.00032,172.31.36.0-255,66,37736,17,150973
45690,0.000376,74.125.24.0-255,1484,39220,17,150973
45691,0.000379,172.31.36.0-255,66,39286,17,150973
45692,0.000386,74.125.24.0-255,4320,43606,17,150973
45693,0.000388,172.31.36.0-255,66,43672,17,150973
45694,0.000396,74.125.24.0-255,2902,46574,17,150973
45695,0.000399,172.31.36.0-255,66,46640,17,150973
45696,0.000449,172.31.36.0-255,66,46706,17,150973
45697,0.000457,74.125.24.0-255,7156,53862,17,150973
45698,0.000459,172.31.36.0-255,66,53928,17,150973
45699,0.000492,74.125.24.0-255,5379,59307,17,150973
45700,0.000494,172.31.36.0-255,66,59373,17,150973
45701,0.00058,74.125.24.0-255,1484,60857,17,150973
45702,0.000588,74.125.24.0-255,2902,63759,17,150973
45703,0.000593,172.31.36.0-255,66,63825,17,150973
45704,0.0006,74.125.24.0-255,5738,69563,17,150973
45705,0.00064,74.125.24.0-255,1484,71047,17,150973
45706,0.000724,74.125.24.0-255,1484,72531,17,150973
45707,0.000819,74.125.24.0-255,1484,74015,17,150973
45708,0.000823,74.125.24.0-255,2902,76917,17,150973
45709,0.000831,74.125.24.0-255,5738,82655,17,150973
45710,0.000864,74.125.24.0-255,7156,89811,17,150973
45711,0.000955,74.125.24.0-255,7156,96967,17,150973
45712,0.00096,172.31.36.0-255,66,97033,17,150973
45713,0.000973,172.31.36.0-255,66,97099,17,150973
45714,0.001066,74.125.24.0-255,5738,102837,17,150973
45715,0.001099,74.125.24.0-255,1484,104321,17,150973
45716,0.001101,74.125.24.0-255,1484,105805,17,150973
45717,0.00112,172.31.36.0-255,66,105871,17,150973
45718,0.001125,74.125.24.0-255,1484,107355,17,150973
45719,0.001131,74.125.24.0-255,5738,113093,17,150973
45720,0.001159,74.125.24.0-255,4320,117413,17,150973
45721,0.001179,172.31.36.0-255,66,117479,17,150973
45722,0.001183,74.125.24.0-255,2184,119663,17,150973
45723,0.00123,172.31.36.0-255,66,119729,17,150973
45724,0.001257,74.125.24.0-255,1484,121213,17,150973
45725,0.001263,74.125.24.0-255,2902,124115,17,150973
45726,0.001269,74.125.24.0-255,5738,129853,17,150973
45727,0.001282,74.125.24.0-255,2902,132755,17,150973
45728,0.001307,74.125.24.0-255,2902,135657,17,150973
45729,0.001338,172.31.36.0-255,66,135723,17,150973
45730,0.001405,74.125.24.0-255,2902,138625,17,150973
45731,0.001412,74.125.24.0-255,4320,142945,17,150973
45732,0.001533,172.31.36.0-255,66,143011,17,150973
45733,0.001544,74.125.24.0-255,1484,144495,17,150973
45734,0.001552,74.125.24.0-255,1484,145979,17,150973
45735,0.001558,172.31.36.0-255,66,146045,17,150973
45736,0.00159,74.125.24.0-255,287,146332,17,150973
45737,0.001607,74.125.24.0-255,105,146437,17,150973
45738,0.001637,172.31.36.0-255,66,146503,17,150973
45739,0.006098,172.31.36.0-255,105,146608,17,150973
45740,0.008323,74.125.24.0-255,66,146674,17,150973
45741,0.026132,172.31.36.0-255,199,146873,17,150973
45742,0.026166,172.31.36.0-255,1116,147989,17,150973
45743,0.026249,172.31.36.0-255,1514,149503,17,150973
45744,0.026251,172.31.36.0-255,1272,150775,17,150973
45745,0.027678,104.244.42.0-255,66,150841,17,150973
45746,0.027725,104.244.42.0-255,66,150907,17,150973
45747,0.02778,104.244.42.0-255,66,150973,17,150973
45748,0.0,172.31.36.0-255,105,105,17,327505
45749,0.001764,157.240.13.0-255,105,210,17,327505
45750,0.001776,172.31.36.0-255,66,276,17,327505
45751,0.028685,74.125.200.0-255,150,426,17,327505
45752,0.02872,172.31.36.0-255,66,492,17,327505
45753,0.028727,74.125.200.0-255,1484,1976,17,327505
45754,0.028732,172.31.36.0-255,66,2042,17,327505
45755,0.028738,74.125.200.0-255,2902,4944,17,327505
45756,0.02874,172.31.36.0-255,66,5010,17,327505
45757,0.028746,74.125.200.0-255,5738,10748,17,327505
45758,0.028748,172.31.36.0-255,66,10814,17,327505
45759,0.02876,74.125.200.0-255,1484,12298,17,327505
45760,0.028762,172.31.36.0-255,66,12364,17,327505
45761,0.028779,74.125.200.0-255,2020,14384,17,327505
45762,0.028781,172.31.36.0-255,66,14450,17,327505
45763,0.029899,74.125.200.0-255,1484,15934,17,327505
45764,0.029905,172.31.36.0-255,66,16000,17,327505
45765,0.029924,74.125.200.0-255,1484,17484,17,327505
45766,0.029927,172.31.36.0-255,66,17550,17,327505
45767,0.029931,74.125.200.0-255,1484,19034,17,327505
45768,0.029932,172.31.36.0-255,66,19100,17,327505
45769,0.029946,74.125.200.0-255,1484,20584,17,327505
45770,0.029948,172.31.36.0-255,66,20650,17,327505
45771,0.02997,74.125.200.0-255,5738,26388,17,327505
45772,0.029973,172.31.36.0-255,66,26454,17,327505
45773,0.029976,74.125.200.0-255,1484,27938,17,327505
45774,0.029978,172.31.36.0-255,66,28004,17,327505
45775,0.029982,74.125.200.0-255,2902,30906,17,327505
45776,0.029984,172.31.36.0-255,66,30972,17,327505
45777,0.030023,74.125.200.0-255,3961,34933,17,327505
45778,0.030026,172.31.36.0-255,66,34999,17,327505
45779,0.030046,74.125.200.0-255,4320,39319,17,327505
45780,0.030048,172.31.36.0-255,66,39385,17,327505
45781,0.030069,74.125.200.0-255,5738,45123,17,327505
45782,0.030072,172.31.36.0-255,66,45189,17,327505
45783,0.030088,74.125.200.0-255,3961,49150,17,327505
45784,0.030091,172.31.36.0-255,66,49216,17,327505
45785,0.030145,74.125.200.0-255,1484,50700,17,327505
45786,0.030167,74.125.200.0-255,2902,53602,17,327505
45787,0.030171,172.31.36.0-255,66,53668,17,327505
45788,0.030189,74.125.200.0-255,1484,55152,17,327505
45789,0.030212,74.125.200.0-255,2902,58054,17,327505
45790,0.030215,172.31.36.0-255,66,58120,17,327505
45791,0.030221,74.125.200.0-255,5738,63858,17,327505
45792,0.030224,172.31.36.0-255,66,63924,17,327505
45793,0.030239,74.125.200.0-255,2855,66779,17,327505
45794,0.030242,172.31.36.0-255,66,66845,17,327505
45795,0.030304,74.125.200.0-255,112,66957,17,327505
45796,0.030364,74.125.200.0-255,1484,68441,17,327505
45797,0.030369,172.31.36.0-255,66,68507,17,327505
45798,0.030374,74.125.200.0-255,2902,71409,17,327505
45799,0.030376,172.31.36.0-255,66,71475,17,327505
45800,0.030379,74.125.200.0-255,1484,72959,17,327505
45801,0.030399,74.125.200.0-255,4320,77279,17,327505
45802,0.030401,172.31.36.0-255,66,77345,17,327505
45803,0.030417,74.125.200.0-255,1484,78829,17,327505
45804,0.030432,74.125.200.0-255,1484,80313,17,327505
45805,0.030434,172.31.36.0-255,66,80379,17,327505
45806,0.030452,172.31.36.0-255,66,80445,17,327505
45807,0.030484,74.125.200.0-255,5738,86183,17,327505
45808,0.030487,172.31.36.0-255,66,86249,17,327505
45809,0.030509,74.125.200.0-255,5738,91987,17,327505
45810,0.030512,172.31.36.0-255,66,92053,17,327505
45811,0.030515,74.125.200.0-255,766,92819,17,327505
45812,0.030546,74.125.200.0-255,1484,94303,17,327505
45813,0.030549,172.31.36.0-255,66,94369,17,327505
45814,0.030552,74.125.200.0-255,1484,95853,17,327505
45815,0.030567,74.125.200.0-255,1484,97337,17,327505
45816,0.030569,172.31.36.0-255,66,97403,17,327505
45817,0.030583,74.125.200.0-255,4320,101723,17,327505
45818,0.030585,172.31.36.0-255,66,101789,17,327505
45819,0.030607,74.125.200.0-255,1484,103273,17,327505
45820,0.030614,74.125.200.0-255,7156,110429,17,327505
45821,0.030617,172.31.36.0-255,66,110495,17,327505
45822,0.030644,74.125.200.0-255,7156,117651,17,327505
45823,0.030647,172.31.36.0-255,66,117717,17,327505
45824,0.030663,74.125.200.0-255,1484,119201,17,327505
45825,0.030698,172.31.36.0-255,66,119267,17,327505
45826,0.032655,74.125.200.0-255,5738,125005,17,327505
45827,0.032661,172.31.36.0-255,66,125071,17,327505
45828,0.034623,74.125.200.0-255,5738,130809,17,327505
45829,0.03463,172.31.36.0-255,66,130875,17,327505
45830,0.036593,74.125.200.0-255,5738,136613,17,327505
45831,0.036601,172.31.36.0-255,66,136679,17,327505
45832,0.038577,74.125.200.0-255,5738,142417,17,327505
45833,0.038585,172.31.36.0-255,66,142483,17,327505
45834,0.040559,74.125.200.0-255,5738,148221,17,327505
45835,0.04057,172.31.36.0-255,66,148287,17,327505
45836,0.042527,74.125.200.0-255,5738,154025,17,327505
45837,0.042534,172.31.36.0-255,66,154091,17,327505
45838,0.044499,74.125.200.0-255,5738,159829,17,327505
45839,0.044507,172.31.36.0-255,66,159895,17,327505
45840,0.046468,74.125.200.0-255,5738,165633,17,327505
45841,0.046477,172.31.36.0-255,66,165699,17,327505
45842,0.048435,74.125.200.0-255,5738,171437,17,327505
45843,0.048442,172.31.36.0-255,66,171503,17,327505
45844,0.048787,172.31.36.0-255,172,171675,17,327505
45845,0.048837,172.31.36.0-255,1116,172791,17,327505
45846,0.049008,172.31.36.0-255,1514,174305,17,327505
45847,0.049011,172.31.36.0-255,1272,175577,17,327505
45848,0.050347,104.244.42.0-255,66,175643,17,327505
45849,0.050386,74.125.200.0-255,2902,178545,17,327505
45850,0.050395,172.31.36.0-255,66,178611,17,327505
45851,0.050401,104.244.42.0-255,66,178677,17,327505
45852,0.050452,74.125.200.0-255,2902,181579,17,327505
45853,0.050454,172.31.36.0-255,66,181645,17,327505
45854,0.050607,104.244.42.0-255,66,181711,17,327505
45855,0.052351,74.125.200.0-255,2902,184613,17,327505
45856,0.05236,172.31.36.0-255,66,184679,17,327505
45857,0.052398,74.125.200.0-255,2902,187581,17,327505
45858,0.052402,172.31.36.0-255,66,187647,17,327505
45859,0.054316,74.125.200.0-255,2902,190549,17,327505
45860,0.054321,172.31.36.0-255,66,190615,17,327505
45861,0.054342,74.125.200.0-255,2902,193517,17,327505
45862,0.054346,172.31.36.0-255,66,193583,17,327505
45863,0.056279,74.125.200.0-255,2902,196485,17,327505
45864,0.056284,172.31.36.0-255,66,196551,17,327505
45865,0.056313,74.125.200.0-255,2902,199453,17,327505
45866,0.056316,172.31.36.0-255,66,199519,17,327505
45867,0.05827,74.125.200.0-255,2902,202421,17,327505
45868,0.058276,172.31.36.0-255,66,202487,17,327505
45869,0.058308,74.125.200.0-255,2902,205389,17,327505
45870,0.058311,172.31.36.0-255,66,205455,17,327505
45871,0.06023,74.125.200.0-255,2902,208357,17,327505
45872,0.060235,172.31.36.0-255,66,208423,17,327505
45873,0.06027,74.125.200.0-255,2902,211325,17,327505
45874,0.060272,172.31.36.0-255,66,211391,17,327505
45875,0.062188,74.125.200.0-255,2902,214293,17,327505
45876,0.062194,172.31.36.0-255,66,214359,17,327505
45877,0.062214,74.125.200.0-255,2902,217261,17,327505
45878,0.062217,172.31.36.0-255,66,217327,17,327505
45879,0.064146,74.125.200.0-255,2902,220229,17,327505
45880,0.064152,172.31.36.0-255,66,220295,17,327505
45881,0.064172,74.125.200.0-255,2902,223197,17,327505
45882,0.064174,172.31.36.0-255,66,223263,17,327505
45883,0.066106,74.125.200.0-255,2902,226165,17,327505
45884,0.066112,172.31.36.0-255,66,226231,17,327505
45885,0.06613,74.125.200.0-255,1484,227715,17,327505
45886,0.066144,74.125.200.0-255,1484,229199,17,327505
45887,0.066146,172.31.36.0-255,66,229265,17,327505
45888,0.068071,74.125.200.0-255,2902,232167,17,327505
45889,0.068077,172.31.36.0-255,66,232233,17,327505
45890,0.068111,74.125.200.0-255,2902,235135,17,327505
45891,0.068115,172.31.36.0-255,66,235201,17,327505
45892,0.070032,74.125.200.0-255,2902,238103,17,327505
45893,0.070037,172.31.36.0-255,66,238169,17,327505
45894,0.070065,74.125.200.0-255,2902,241071,17,327505
45895,0.070068,172.31.36.0-255,66,241137,17,327505
45896,0.071997,74.125.200.0-255,2902,244039,17,327505
45897,0.072003,172.31.36.0-255,66,244105,17,327505
45898,0.072038,74.125.200.0-255,2902,247007,17,327505
45899,0.072041,172.31.36.0-255,66,247073,17,327505
45900,0.073957,74.125.200.0-255,2902,249975,17,327505
45901,0.073962,172.31.36.0-255,66,250041,17,327505
45902,0.074,74.125.200.0-255,2902,252943,17,327505
45903,0.074003,172.31.36.0-255,66,253009,17,327505
45904,0.075915,74.125.200.0-255,2902,255911,17,327505
45905,0.07592,172.31.36.0-255,66,255977,17,327505
45906,0.075948,74.125.200.0-255,2902,258879,17,327505
45907,0.075951,172.31.36.0-255,66,258945,17,327505
45908,0.077882,74.125.200.0-255,2902,261847,17,327505
45909,0.077889,172.31.36.0-255,66,261913,17,327505
45910,0.077911,74.125.200.0-255,2902,264815,17,327505
45911,0.077914,172.31.36.0-255,66,264881,17,327505
45912,0.079866,74.125.200.0-255,5738,270619,17,327505
45913,0.079872,172.31.36.0-255,66,270685,17,327505
45914,0.081826,74.125.200.0-255,5738,276423,17,327505
45915,0.081834,172.31.36.0-255,66,276489,17,327505
45916,0.083799,74.125.200.0-255,5738,282227,17,327505
45917,0.083805,172.31.36.0-255,66,282293,17,327505
45918,0.085761,74.125.200.0-255,5738,288031,17,327505
45919,0.085766,172.31.36.0-255,66,288097,17,327505
45920,0.087732,74.125.200.0-255,5738,293835,17,327505
45921,0.087738,172.31.36.0-255,66,293901,17,327505
45922,0.089701,74.125.200.0-255,4320,298221,17,327505
45923,0.089706,172.31.36.0-255,66,298287,17,327505
45924,0.089742,74.125.200.0-255,1484,299771,17,327505
45925,0.091657,74.125.200.0-255,4320,304091,17,327505
45926,0.091662,172.31.36.0-255,66,304157,17,327505
45927,0.093615,74.125.200.0-255,5738,309895,17,327505
45928,0.093622,172.31.36.0-255,66,309961,17,327505
45929,0.09558,74.125.200.0-255,5738,315699,17,327505
45930,0.095586,172.31.36.0-255,66,315765,17,327505
45931,0.097539,74.125.200.0-255,5738,321503,17,327505
45932,0.097547,172.31.36.0-255,66,321569,17,327505
45933,0.099505,74.125.200.0-255,2902,324471,17,327505
45934,0.09951,172.31.36.0-255,66,324537,17,327505
45935,0.099543,74.125.200.0-255,2902,327439,17,327505
45936,0.099547,172.31.36.0-255,66,327505,17,327505
45937,0.0,74.125.130.0-255,149,149,17,318648
45938,2.4e-05,172.31.36.0-255,66,215,17,318648
45939,3.1e-05,74.125.130.0-255,1484,1699,17,318648
45940,3.5e-05,172.31.36.0-255,66,1765,17,318648
45941,4.1e-05,74.125.130.0-255,2902,4667,17,318648
45942,5.5e-05,172.31.36.0-255,66,4733,17,318648
45943,6e-05,74.125.130.0-255,4320,9053,17,318648
45944,6.3e-05,172.31.36.0-255,66,9119,17,318648
45945,7e-05,74.125.130.0-255,4777,13896,17,318648
45946,7.2e-05,172.31.36.0-255,66,13962,17,318648
45947,7.7e-05,74.125.130.0-255,4320,18282,17,318648
45948,8.1e-05,172.31.36.0-255,66,18348,17,318648
45949,0.000116,74.125.130.0-255,7156,25504,17,318648
45950,0.000119,172.31.36.0-255,66,25570,17,318648
45951,0.000126,74.125.130.0-255,5379,30949,17,318648
45952,0.000129,172.31.36.0-255,66,31015,17,318648
45953,0.000181,74.125.130.0-255,1484,32499,17,318648
45954,0.000184,172.31.36.0-255,66,32565,17,318648
45955,0.000189,74.125.130.0-255,2902,35467,17,318648
45956,0.000192,172.31.36.0-255,66,35533,17,318648
45957,0.000238,74.125.130.0-255,5738,41271,17,318648
45958,0.000242,172.31.36.0-255,66,41337,17,318648
45959,0.000253,172.31.36.0-255,66,41403,17,318648
45960,0.000286,74.125.130.0-255,5379,46782,17,318648
45961,0.000289,172.31.36.0-255,66,46848,17,318648
45962,0.000295,74.125.130.0-255,4320,51168,17,318648
45963,0.000297,172.31.36.0-255,66,51234,17,318648
45964,0.000322,74.125.130.0-255,5379,56613,17,318648
45965,0.000325,172.31.36.0-255,66,56679,17,318648
45966,0.000345,74.125.130.0-255,376,57055,17,318648
45967,0.000347,172.31.36.0-255,66,57121,17,318648
45968,0.000453,74.125.130.0-255,367,57488,17,318648
45969,0.000733,74.125.130.0-255,1484,58972,17,318648
45970,0.000738,172.31.36.0-255,66,59038,17,318648
45971,0.000744,74.125.130.0-255,2902,61940,17,318648
45972,0.000747,172.31.36.0-255,66,62006,17,318648
45973,0.000752,74.125.130.0-255,4320,66326,17,318648
45974,0.00076,172.31.36.0-255,66,66392,17,318648
45975,0.000768,74.125.130.0-255,7156,73548,17,318648
45976,0.00077,172.31.36.0-255,66,73614,17,318648
45977,0.000798,74.125.130.0-255,1484,75098,17,318648
45978,0.000811,172.31.36.0-255,66,75164,17,318648
45979,0.000847,172.31.36.0-255,66,75230,17,318648
45980,0.000967,74.125.130.0-255,1484,76714,17,318648
45981,0.000973,74.125.130.0-255,2902,79616,17,318648
45982,0.000976,172.31.36.0-255,66,79682,17,318648
45983,0.001007,74.125.130.0-255,5738,85420,17,318648
45984,0.00101,172.31.36.0-255,66,85486,17,318648
45985,0.001016,74.125.130.0-255,4320,89806,17,318648
45986,0.001018,172.31.36.0-255,66,89872,17,318648
45987,0.001029,74.125.130.0-255,5738,95610,17,318648
45988,0.001032,172.31.36.0-255,66,95676,17,318648
45989,0.001036,74.125.130.0-255,2902,98578,17,318648
45990,0.001038,172.31.36.0-255,66,98644,17,318648
45991,0.001083,172.31.36.0-255,66,98710,17,318648
45992,0.001088,74.125.130.0-255,2184,100894,17,318648
45993,0.00109,172.31.36.0-255,66,100960,17,318648
45994,0.001661,74.125.130.0-255,1484,102444,17,318648
45995,0.001667,74.125.130.0-255,2902,105346,17,318648
45996,0.00167,172.31.36.0-255,66,105412,17,318648
45997,0.001676,74.125.130.0-255,2902,108314,17,318648
45998,0.001678,172.31.36.0-255,66,108380,17,318648
45999,0.001701,74.125.130.0-255,2902,111282,17,318648
46000,0.001703,172.31.36.0-255,66,111348,17,318648
46001,0.001716,172.31.36.0-255,66,111414,17,318648
46002,0.001741,74.125.130.0-255,1484,112898,17,318648
46003,0.001747,74.125.130.0-255,5738,118636,17,318648
46004,0.001749,172.31.36.0-255,66,118702,17,318648
46005,0.00177,74.125.130.0-255,5020,123722,17,318648
46006,0.001773,172.31.36.0-255,66,123788,17,318648
46007,0.001776,74.125.130.0-255,1484,125272,17,318648
46008,0.001812,74.125.130.0-255,4320,129592,17,318648
46009,0.001815,172.31.36.0-255,66,129658,17,318648
46010,0.001826,172.31.36.0-255,66,129724,17,318648
46011,0.001852,74.125.130.0-255,2902,132626,17,318648
46012,0.001855,172.31.36.0-255,66,132692,17,318648
46013,0.001871,172.31.36.0-255,66,132758,17,318648
46014,0.001873,74.125.130.0-255,766,133524,17,318648
46015,0.00193,74.125.130.0-255,1484,135008,17,318648
46016,0.001933,172.31.36.0-255,66,135074,17,318648
46017,0.001939,74.125.130.0-255,2902,137976,17,318648
46018,0.001941,172.31.36.0-255,66,138042,17,318648
46019,0.001973,74.125.130.0-255,5738,143780,17,318648
46020,0.001976,172.31.36.0-255,66,143846,17,318648
46021,0.001996,172.31.36.0-255,66,143912,17,318648
46022,0.002067,172.31.36.0-255,66,143978,17,318648
46023,0.002121,74.125.130.0-255,1484,145462,17,318648
46024,0.002155,74.125.130.0-255,2902,148364,17,318648
46025,0.002159,172.31.36.0-255,66,148430,17,318648
46026,0.002165,74.125.130.0-255,5738,154168,17,318648
46027,0.002167,172.31.36.0-255,66,154234,17,318648
46028,0.002188,172.31.36.0-255,66,154300,17,318648
46029,0.002218,74.125.130.0-255,2902,157202,17,318648
46030,0.00222,172.31.36.0-255,66,157268,17,318648
46031,0.002227,74.125.130.0-255,5738,163006,17,318648
46032,0.002229,172.31.36.0-255,66,163072,17,318648
46033,0.002256,74.125.130.0-255,5020,168092,17,318648
46034,0.002259,172.31.36.0-255,66,168158,17,318648
46035,0.004518,74.125.130.0-255,5738,173896,17,318648
46036,0.004539,172.31.36.0-255,66,173962,17,318648
46037,0.006808,74.125.130.0-255,5738,179700,17,318648
46038,0.006825,172.31.36.0-255,66,179766,17,318648
46039,0.009079,74.125.130.0-255,5738,185504,17,318648
46040,0.009088,172.31.36.0-255,66,185570,17,318648
46041,0.011335,74.125.130.0-255,2902,188472,17,318648
46042,0.01134,172.31.36.0-255,66,188538,17,318648
46043,0.011358,74.125.130.0-255,2902,191440,17,318648
46044,0.011361,172.31.36.0-255,66,191506,17,318648
46045,0.013603,74.125.130.0-255,5738,197244,17,318648
46046,0.01362,172.31.36.0-255,66,197310,17,318648
46047,0.015896,74.125.130.0-255,5738,203048,17,318648
46048,0.015913,172.31.36.0-255,66,203114,17,318648
46049,0.018189,74.125.130.0-255,5738,208852,17,318648
46050,0.018201,172.31.36.0-255,66,208918,17,318648
46051,0.020444,74.125.130.0-255,5738,214656,17,318648
46052,0.020454,172.31.36.0-255,66,214722,17,318648
46053,0.022711,74.125.130.0-255,5738,220460,17,318648
46054,0.02272,172.31.36.0-255,66,220526,17,318648
46055,0.025,74.125.130.0-255,5738,226264,17,318648
46056,0.025009,172.31.36.0-255,66,226330,17,318648
46057,0.027277,74.125.130.0-255,5738,232068,17,318648
46058,0.02729,172.31.36.0-255,66,232134,17,318648
46059,0.029549,74.125.130.0-255,5738,237872,17,318648
46060,0.029556,172.31.36.0-255,66,237938,17,318648
46061,0.031828,74.125.130.0-255,5738,243676,17,318648
46062,0.031837,172.31.36.0-255,66,243742,17,318648
46063,0.034096,74.125.130.0-255,5738,249480,17,318648
46064,0.034105,172.31.36.0-255,66,249546,17,318648
46065,0.036345,74.125.130.0-255,5738,255284,17,318648
46066,0.036352,172.31.36.0-255,66,255350,17,318648
46067,0.038623,74.125.130.0-255,5738,261088,17,318648
46068,0.038633,172.31.36.0-255,66,261154,17,318648
46069,0.040428,172.31.36.0-255,172,261326,17,318648
46070,0.040461,172.31.36.0-255,1117,262443,17,318648
46071,0.040522,172.31.36.0-255,1514,263957,17,318648
46072,0.040524,172.31.36.0-255,1271,265228,17,318648
46073,0.040885,74.125.130.0-255,5738,270966,17,318648
46074,0.040892,172.31.36.0-255,66,271032,17,318648
46075,0.041973,104.244.42.0-255,66,271098,17,318648
46076,0.042052,104.244.42.0-255,66,271164,17,318648
46077,0.042108,104.244.42.0-255,66,271230,17,318648
46078,0.043149,74.125.130.0-255,5738,276968,17,318648
46079,0.043155,172.31.36.0-255,66,277034,17,318648
46080,0.045391,74.125.130.0-255,5738,282772,17,318648
46081,0.045397,172.31.36.0-255,66,282838,17,318648
46082,0.047645,74.125.130.0-255,5738,288576,17,318648
46083,0.047653,172.31.36.0-255,66,288642,17,318648
46084,0.049913,74.125.130.0-255,5738,294380,17,318648
46085,0.04992,172.31.36.0-255,66,294446,17,318648
46086,0.052178,74.125.130.0-255,5738,300184,17,318648
46087,0.052185,172.31.36.0-255,66,300250,17,318648
46088,0.054437,74.125.130.0-255,5738,305988,17,318648
46089,0.054446,172.31.36.0-255,66,306054,17,318648
46090,0.056715,74.125.130.0-255,5738,311792,17,318648
46091,0.056723,172.31.36.0-255,66,311858,17,318648
46092,0.059027,74.125.130.0-255,5738,317596,17,318648
46093,0.059037,172.31.36.0-255,66,317662,17,318648
46094,0.061269,74.125.130.0-255,749,318411,17,318648
46095,0.061426,172.31.36.0-255,66,318477,17,318648
46096,0.061466,172.31.36.0-255,105,318582,17,318648
46097,0.06369,74.125.130.0-255,66,318648,17,318648
46098,0.0,74.125.24.0-255,152,152,17,369420
46099,2e-05,172.31.36.0-255,66,218,17,369420
46100,2.7e-05,74.125.24.0-255,1484,1702,17,369420
46101,3.1e-05,172.31.36.0-255,66,1768,17,369420
46102,3.5e-05,74.125.24.0-255,1484,3252,17,369420
46103,3.7e-05,172.31.36.0-255,66,3318,17,369420
46104,5.2e-05,74.125.24.0-255,4320,7638,17,369420
46105,5.5e-05,172.31.36.0-255,66,7704,17,369420
46106,9.1e-05,74.125.24.0-255,2902,10606,17,369420
46107,9.4e-05,172.31.36.0-255,66,10672,17,369420
46108,0.000114,74.125.24.0-255,3418,14090,17,369420
46109,0.000121,172.31.36.0-255,66,14156,17,369420
46110,0.000125,74.125.24.0-255,1484,15640,17,369420
46111,0.000127,172.31.36.0-255,66,15706,17,369420
46112,0.000131,74.125.24.0-255,2902,18608,17,369420
46113,0.000133,172.31.36.0-255,66,18674,17,369420
46114,0.000141,74.125.24.0-255,5738,24412,17,369420
46115,0.000144,172.31.36.0-255,66,24478,17,369420
46116,0.000147,74.125.24.0-255,1484,25962,17,369420
46117,0.000148,172.31.36.0-255,66,26028,17,369420
46118,0.000188,74.125.24.0-255,5379,31407,17,369420
46119,0.000191,172.31.36.0-255,66,31473,17,369420
46120,0.000197,74.125.24.0-255,4320,35793,17,369420
46121,0.000199,172.31.36.0-255,66,35859,17,369420
46122,0.000233,74.125.24.0-255,2902,38761,17,369420
46123,0.000236,172.31.36.0-255,66,38827,17,369420
46124,0.000247,172.31.36.0-255,66,38893,17,369420
46125,0.000255,74.125.24.0-255,1125,40018,17,369420
46126,0.000257,172.31.36.0-255,66,40084,17,369420
46127,0.000304,74.125.24.0-255,1484,41568,17,369420
46128,0.000307,172.31.36.0-255,66,41634,17,369420
46129,0.000344,74.125.24.0-255,2902,44536,17,369420
46130,0.000347,172.31.36.0-255,66,44602,17,369420
46131,0.000354,74.125.24.0-255,5738,50340,17,369420
46132,0.000356,172.31.36.0-255,66,50406,17,369420
46133,0.000369,74.125.24.0-255,6797,57203,17,369420
46134,0.000371,172.31.36.0-255,66,57269,17,369420
46135,0.000401,74.125.24.0-255,403,57672,17,369420
46136,0.000434,74.125.24.0-255,373,58045,17,369420
46137,0.000801,74.125.24.0-255,1484,59529,17,369420
46138,0.000808,172.31.36.0-255,66,59595,17,369420
46139,0.000814,74.125.24.0-255,2902,62497,17,369420
46140,0.000816,172.31.36.0-255,66,62563,17,369420
46141,0.000822,74.125.24.0-255,5738,68301,17,369420
46142,0.000824,172.31.36.0-255,66,68367,17,369420
46143,0.000897,172.31.36.0-255,66,68433,17,369420
46144,0.000914,172.31.36.0-255,66,68499,17,369420
46145,0.000919,74.125.24.0-255,2184,70683,17,369420
46146,0.000921,172.31.36.0-255,66,70749,17,369420
46147,0.000954,74.125.24.0-255,2902,73651,17,369420
46148,0.000957,172.31.36.0-255,66,73717,17,369420
46149,0.000963,74.125.24.0-255,4320,78037,17,369420
46150,0.000966,172.31.36.0-255,66,78103,17,369420
46151,0.001013,74.125.24.0-255,2902,81005,17,369420
46152,0.001017,172.31.36.0-255,66,81071,17,369420
46153,0.001024,74.125.24.0-255,5738,86809,17,369420
46154,0.001026,172.31.36.0-255,66,86875,17,369420
46155,0.001045,172.31.36.0-255,66,86941,17,369420
46156,0.001052,74.125.24.0-255,3602,90543,17,369420
46157,0.001054,172.31.36.0-255,66,90609,17,369420
46158,0.00106,74.125.24.0-255,4320,94929,17,369420
46159,0.001062,172.31.36.0-255,66,94995,17,369420
46160,0.001067,74.125.24.0-255,4320,99315,17,369420
46161,0.001069,172.31.36.0-255,66,99381,17,369420
46162,0.001077,74.125.24.0-255,7156,106537,17,369420
46163,0.001079,172.31.36.0-255,66,106603,17,369420
46164,0.001118,74.125.24.0-255,2902,109505,17,369420
46165,0.001121,172.31.36.0-255,66,109571,17,369420
46166,0.001134,172.31.36.0-255,66,109637,17,369420
46167,0.001158,74.125.24.0-255,5020,114657,17,369420
46168,0.00116,172.31.36.0-255,66,114723,17,369420
46169,0.003139,74.125.24.0-255,5738,120461,17,369420
46170,0.003146,172.31.36.0-255,66,120527,17,369420
46171,0.005121,74.125.24.0-255,4320,124847,17,369420
46172,0.005125,172.31.36.0-255,66,124913,17,369420
46173,0.00515,74.125.24.0-255,1484,126397,17,369420
46174,0.007097,74.125.24.0-255,4320,130717,17,369420
46175,0.007103,172.31.36.0-255,66,130783,17,369420
46176,0.009117,74.125.24.0-255,5738,136521,17,369420
46177,0.009124,172.31.36.0-255,66,136587,17,369420
46178,0.011138,74.125.24.0-255,5738,142325,17,369420
46179,0.011146,172.31.36.0-255,66,142391,17,369420
46180,0.013112,74.125.24.0-255,5738,148129,17,369420
46181,0.013119,172.31.36.0-255,66,148195,17,369420
46182,0.01511,74.125.24.0-255,5738,153933,17,369420
46183,0.015124,172.31.36.0-255,66,153999,17,369420
46184,0.017132,74.125.24.0-255,5738,159737,17,369420
46185,0.01715,172.31.36.0-255,66,159803,17,369420
46186,0.019165,74.125.24.0-255,5738,165541,17,369420
46187,0.019184,172.31.36.0-255,66,165607,17,369420
46188,0.021214,74.125.24.0-255,5738,171345,17,369420
46189,0.021226,172.31.36.0-255,66,171411,17,369420
46190,0.023205,74.125.24.0-255,5738,177149,17,369420
46191,0.023219,172.31.36.0-255,66,177215,17,369420
46192,0.025212,74.125.24.0-255,5738,182953,17,369420
46193,0.025227,172.31.36.0-255,66,183019,17,369420
46194,0.027225,74.125.24.0-255,5738,188757,17,369420
46195,0.027237,172.31.36.0-255,66,188823,17,369420
46196,0.029225,74.125.24.0-255,5738,194561,17,369420
46197,0.029239,172.31.36.0-255,66,194627,17,369420
46198,0.031251,74.125.24.0-255,5738,200365,17,369420
46199,0.031265,172.31.36.0-255,66,200431,17,369420
46200,0.033267,74.125.24.0-255,5738,206169,17,369420
46201,0.03328,172.31.36.0-255,66,206235,17,369420
46202,0.035266,74.125.24.0-255,5738,211973,17,369420
46203,0.035275,172.31.36.0-255,66,212039,17,369420
46204,0.035725,172.31.36.0-255,172,212211,17,369420
46205,0.035757,172.31.36.0-255,1116,213327,17,369420
46206,0.035806,172.31.36.0-255,1514,214841,17,369420
46207,0.035808,172.31.36.0-255,1272,216113,17,369420
46208,0.037248,74.125.24.0-255,5738,221851,17,369420
46209,0.037259,172.31.36.0-255,66,221917,17,369420
46210,0.03729,104.244.42.0-255,66,221983,17,369420
46211,0.037322,104.244.42.0-255,66,222049,17,369420
46212,0.037374,104.244.42.0-255,66,222115,17,369420
46213,0.039235,74.125.24.0-255,5738,227853,17,369420
46214,0.039244,172.31.36.0-255,66,227919,17,369420
46215,0.041256,74.125.24.0-255,5738,233657,17,369420
46216,0.041266,172.31.36.0-255,66,233723,17,369420
46217,0.043274,74.125.24.0-255,5738,239461,17,369420
46218,0.043293,172.31.36.0-255,66,239527,17,369420
46219,0.045292,74.125.24.0-255,5738,245265,17,369420
46220,0.045305,172.31.36.0-255,66,245331,17,369420
46221,0.04729,74.125.24.0-255,5738,251069,17,369420
46222,0.047301,172.31.36.0-255,66,251135,17,369420
46223,0.049282,74.125.24.0-255,5738,256873,17,369420
46224,0.049292,172.31.36.0-255,66,256939,17,369420
46225,0.049492,172.31.36.0-255,101,257040,17,369420
46226,0.051272,74.125.24.0-255,5738,262778,17,369420
46227,0.051281,172.31.36.0-255,66,262844,17,369420
46228,0.05143,74.125.24.0-255,66,262910,17,369420
46229,0.053287,74.125.24.0-255,5738,268648,17,369420
46230,0.053295,172.31.36.0-255,66,268714,17,369420
46231,0.055273,74.125.24.0-255,5738,274452,17,369420
46232,0.055281,172.31.36.0-255,66,274518,17,369420
46233,0.057258,74.125.24.0-255,5738,280256,17,369420
46234,0.05727,172.31.36.0-255,66,280322,17,369420
46235,0.059274,74.125.24.0-255,5738,286060,17,369420
46236,0.059284,172.31.36.0-255,66,286126,17,369420
46237,0.061271,74.125.24.0-255,5738,291864,17,369420
46238,0.061281,172.31.36.0-255,66,291930,17,369420
46239,0.063267,74.125.24.0-255,5738,297668,17,369420
46240,0.063276,172.31.36.0-255,66,297734,17,369420
46241,0.065261,74.125.24.0-255,5738,303472,17,369420
46242,0.06527,172.31.36.0-255,66,303538,17,369420
46243,0.06725,74.125.24.0-255,5738,309276,17,369420
46244,0.067256,172.31.36.0-255,66,309342,17,369420
46245,0.069236,74.125.24.0-255,5738,315080,17,369420
46246,0.069243,172.31.36.0-255,66,315146,17,369420
46247,0.071227,74.125.24.0-255,5738,320884,17,369420
46248,0.071234,172.31.36.0-255,66,320950,17,369420
46249,0.073223,74.125.24.0-255,5738,326688,17,369420
46250,0.073231,172.31.36.0-255,66,326754,17,369420
46251,0.075256,74.125.24.0-255,5738,332492,17,369420
46252,0.07527,172.31.36.0-255,66,332558,17,369420
46253,0.077287,74.125.24.0-255,5738,338296,17,369420
46254,0.0773,172.31.36.0-255,66,338362,17,369420
46255,0.079289,74.125.24.0-255,5738,344100,17,369420
46256,0.079301,172.31.36.0-255,66,344166,17,369420
46257,0.081306,74.125.24.0-255,5738,349904,17,369420
46258,0.081316,172.31.36.0-255,66,349970,17,369420
46259,0.083315,74.125.24.0-255,5738,355708,17,369420
46260,0.083327,172.31.36.0-255,66,355774,17,369420
46261,0.085324,74.125.24.0-255,5738,361512,17,369420
46262,0.085333,172.31.36.0-255,66,361578,17,369420
46263,0.08732,74.125.24.0-255,5738,367316,17,369420
46264,0.087328,172.31.36.0-255,66,367382,17,369420
46265,0.089316,74.125.24.0-255,1801,369183,17,369420
46266,0.089324,172.31.36.0-255,66,369249,17,369420
46267,0.089548,172.31.36.0-255,105,369354,17,369420
46268,0.095529,74.125.24.0-255,66,369420,17,369420
46269,0.0,172.217.24.0-255,291,291,17,377122
46270,1.5e-05,172.31.36.0-255,66,357,17,377122
46271,2.2e-05,172.217.24.0-255,1484,1841,17,377122
46272,2.6e-05,172.31.36.0-255,66,1907,17,377122
46273,3.3e-05,172.217.24.0-255,4320,6227,17,377122
46274,4.4e-05,172.31.36.0-255,66,6293,17,377122
46275,5e-05,172.217.24.0-255,4320,10613,17,377122
46276,5.3e-05,172.31.36.0-255,66,10679,17,377122
46277,8.7e-05,172.217.24.0-255,3276,13955,17,377122
46278,9e-05,172.31.36.0-255,66,14021,17,377122
46279,0.000113,172.217.24.0-255,1484,15505,17,377122
46280,0.000117,172.31.36.0-255,66,15571,17,377122
46281,0.000121,172.217.24.0-255,2902,18473,17,377122
46282,0.000123,172.31.36.0-255,66,18539,17,377122
46283,0.000128,172.217.24.0-255,2902,21441,17,377122
46284,0.00013,172.31.36.0-255,66,21507,17,377122
46285,0.000158,172.217.24.0-255,2902,24409,17,377122
46286,0.000165,172.31.36.0-255,66,24475,17,377122
46287,0.000171,172.217.24.0-255,4320,28795,17,377122
46288,0.000173,172.31.36.0-255,66,28861,17,377122
46289,0.000199,172.217.24.0-255,2543,31404,17,377122
46290,0.000202,172.31.36.0-255,66,31470,17,377122
46291,0.000554,172.217.24.0-255,1484,32954,17,377122
46292,0.000561,172.31.36.0-255,66,33020,17,377122
46293,0.000567,172.217.24.0-255,2902,35922,17,377122
46294,0.000569,172.31.36.0-255,66,35988,17,377122
46295,0.00058,172.217.24.0-255,4320,40308,17,377122
46296,0.000583,172.31.36.0-255,66,40374,17,377122
46297,0.000621,172.31.36.0-255,66,40440,17,377122
46298,0.000634,172.31.36.0-255,66,40506,17,377122
46299,0.000666,172.217.24.0-255,3961,44467,17,377122
46300,0.000669,172.31.36.0-255,66,44533,17,377122
46301,0.000812,172.217.24.0-255,352,44885,17,377122
46302,0.001101,172.31.36.0-255,66,44951,17,377122
46303,0.001218,172.217.24.0-255,391,45342,17,377122
46304,0.001445,172.217.24.0-255,1484,46826,17,377122
46305,0.001451,172.31.36.0-255,66,46892,17,377122
46306,0.001458,172.217.24.0-255,2902,49794,17,377122
46307,0.00146,172.31.36.0-255,66,49860,17,377122
46308,0.001491,172.217.24.0-255,5738,55598,17,377122
46309,0.001493,172.31.36.0-255,66,55664,17,377122
46310,0.001498,172.217.24.0-255,2902,58566,17,377122
46311,0.0015,172.31.36.0-255,66,58632,17,377122
46312,0.001505,172.217.24.0-255,3961,62593,17,377122
46313,0.001507,172.31.36.0-255,66,62659,17,377122
46314,0.001522,172.31.36.0-255,66,62725,17,377122
46315,0.001546,172.217.24.0-255,1484,64209,17,377122
46316,0.001573,172.217.24.0-255,6797,71006,17,377122
46317,0.001576,172.31.36.0-255,66,71072,17,377122
46318,0.00167,172.217.24.0-255,1484,72556,17,377122
46319,0.001677,172.217.24.0-255,2902,75458,17,377122
46320,0.00168,172.31.36.0-255,66,75524,17,377122
46321,0.001685,172.217.24.0-255,2902,78426,17,377122
46322,0.001687,172.31.36.0-255,66,78492,17,377122
46323,0.001705,172.217.24.0-255,1484,79976,17,377122
46324,0.001719,172.31.36.0-255,66,80042,17,377122
46325,0.001753,172.31.36.0-255,66,80108,17,377122
46326,0.001776,172.217.24.0-255,5889,85997,17,377122
46327,0.001778,172.31.36.0-255,66,86063,17,377122
46328,0.003759,172.217.24.0-255,5738,91801,17,377122
46329,0.00377,172.31.36.0-255,66,91867,17,377122
46330,0.005755,172.217.24.0-255,5738,97605,17,377122
46331,0.005763,172.31.36.0-255,66,97671,17,377122
46332,0.00773,172.217.24.0-255,5738,103409,17,377122
46333,0.007734,172.31.36.0-255,66,103475,17,377122
46334,0.009707,172.217.24.0-255,5738,109213,17,377122
46335,0.009714,172.31.36.0-255,66,109279,17,377122
46336,0.011691,172.217.24.0-255,5738,115017,17,377122
46337,0.011698,172.31.36.0-255,66,115083,17,377122
46338,0.013684,172.217.24.0-255,5738,120821,17,377122
46339,0.013693,172.31.36.0-255,66,120887,17,377122
46340,0.015687,172.217.24.0-255,5738,126625,17,377122
46341,0.015701,172.31.36.0-255,66,126691,17,377122
46342,0.017688,172.217.24.0-255,5738,132429,17,377122
46343,0.017699,172.31.36.0-255,66,132495,17,377122
46344,0.019696,172.217.24.0-255,5738,138233,17,377122
46345,0.019708,172.31.36.0-255,66,138299,17,377122
46346,0.021697,172.217.24.0-255,5738,144037,17,377122
46347,0.021708,172.31.36.0-255,66,144103,17,377122
46348,0.023691,172.217.24.0-255,5738,149841,17,377122
46349,0.023699,172.31.36.0-255,66,149907,17,377122
46350,0.025684,172.217.24.0-255,5738,155645,17,377122
46351,0.025691,172.31.36.0-255,66,155711,17,377122
46352,0.02719,172.31.36.0-255,172,155883,17,377122
46353,0.027224,172.31.36.0-255,1118,157001,17,377122
46354,0.027326,172.31.36.0-255,1514,158515,17,377122
46355,0.027329,172.31.36.0-255,1514,160029,17,377122
46356,0.027334,172.31.36.0-255,1514,161543,17,377122
46357,0.027335,172.31.36.0-255,1048,162591,17,377122
46358,0.027663,172.217.24.0-255,5738,168329,17,377122
46359,0.02767,172.31.36.0-255,66,168395,17,377122
46360,0.028771,104.244.42.0-255,66,168461,17,377122
46361,0.028799,104.244.42.0-255,66,168527,17,377122
46362,0.028901,104.244.42.0-255,66,168593,17,377122
46363,0.028915,104.244.42.0-255,66,168659,17,377122
46364,0.029645,172.217.24.0-255,5738,174397,17,377122
46365,0.02965,172.31.36.0-255,66,174463,17,377122
46366,0.031621,172.217.24.0-255,5738,180201,17,377122
46367,0.031627,172.31.36.0-255,66,180267,17,377122
46368,0.0337,172.217.24.0-255,5738,186005,17,377122
46369,0.033707,172.31.36.0-255,66,186071,17,377122
46370,0.035805,172.217.24.0-255,2902,188973,17,377122
46371,0.035812,172.31.36.0-255,66,189039,17,377122
46372,0.035843,172.217.24.0-255,2902,191941,17,377122
46373,0.035846,172.31.36.0-255,66,192007,17,377122
46374,0.03779,172.217.24.0-255,2902,194909,17,377122
46375,0.037797,172.31.36.0-255,66,194975,17,377122
46376,0.037827,172.217.24.0-255,2902,197877,17,377122
46377,0.03783,172.31.36.0-255,66,197943,17,377122
46378,0.039776,172.217.24.0-255,2902,200845,17,377122
46379,0.039785,172.31.36.0-255,66,200911,17,377122
46380,0.039815,172.217.24.0-255,2902,203813,17,377122
46381,0.03982,172.31.36.0-255,66,203879,17,377122
46382,0.041772,172.217.24.0-255,2902,206781,17,377122
46383,0.041779,172.31.36.0-255,66,206847,17,377122
46384,0.041808,172.217.24.0-255,2902,209749,17,377122
46385,0.041811,172.31.36.0-255,66,209815,17,377122
46386,0.043761,172.217.24.0-255,2902,212717,17,377122
46387,0.043767,172.31.36.0-255,66,212783,17,377122
46388,0.043796,172.217.24.0-255,2902,215685,17,377122
46389,0.0438,172.31.36.0-255,66,215751,17,377122
46390,0.045757,172.217.24.0-255,5738,221489,17,377122
46391,0.045763,172.31.36.0-255,66,221555,17,377122
46392,0.047806,172.217.24.0-255,5738,227293,17,377122
46393,0.047811,172.31.36.0-255,66,227359,17,377122
46394,0.049793,172.217.24.0-255,5738,233097,17,377122
46395,0.0498,172.31.36.0-255,66,233163,17,377122
46396,0.051823,172.217.24.0-255,5738,238901,17,377122
46397,0.05183,172.31.36.0-255,66,238967,17,377122
46398,0.053807,172.217.24.0-255,5738,244705,17,377122
46399,0.053815,172.31.36.0-255,66,244771,17,377122
46400,0.055806,172.217.24.0-255,5738,250509,17,377122
46401,0.055813,172.31.36.0-255,66,250575,17,377122
46402,0.057795,172.217.24.0-255,4320,254895,17,377122
46403,0.057801,172.31.36.0-255,66,254961,17,377122
46404,0.05783,172.217.24.0-255,1484,256445,17,377122
46405,0.059789,172.217.24.0-255,4320,260765,17,377122
46406,0.059795,172.31.36.0-255,66,260831,17,377122
46407,0.061777,172.217.24.0-255,5738,266569,17,377122
46408,0.061784,172.31.36.0-255,66,266635,17,377122
46409,0.063767,172.217.24.0-255,5738,272373,17,377122
46410,0.063773,172.31.36.0-255,66,272439,17,377122
46411,0.065769,172.217.24.0-255,5738,278177,17,377122
46412,0.065776,172.31.36.0-255,66,278243,17,377122
46413,0.067763,172.217.24.0-255,5738,283981,17,377122
46414,0.06777,172.31.36.0-255,66,284047,17,377122
46415,0.069749,172.217.24.0-255,5738,289785,17,377122
46416,0.06977,172.31.36.0-255,66,289851,17,377122
46417,0.071758,172.217.24.0-255,5738,295589,17,377122
46418,0.071765,172.31.36.0-255,66,295655,17,377122
46419,0.073757,172.217.24.0-255,5738,301393,17,377122
46420,0.073764,172.31.36.0-255,66,301459,17,377122
46421,0.075751,172.217.24.0-255,5738,307197,17,377122
46422,0.075757,172.31.36.0-255,66,307263,17,377122
46423,0.077739,172.217.24.0-255,5738,313001,17,377122
46424,0.077746,172.31.36.0-255,66,313067,17,377122
46425,0.079734,172.217.24.0-255,5738,318805,17,377122
46426,0.079741,172.31.36.0-255,66,318871,17,377122
46427,0.081724,172.217.24.0-255,5738,324609,17,377122
46428,0.081731,172.31.36.0-255,66,324675,17,377122
46429,0.083738,172.217.24.0-255,5738,330413,17,377122
46430,0.083745,172.31.36.0-255,66,330479,17,377122
46431,0.085735,172.217.24.0-255,5738,336217,17,377122
46432,0.085741,172.31.36.0-255,66,336283,17,377122
46433,0.087728,172.217.24.0-255,5738,342021,17,377122
46434,0.087734,172.31.36.0-255,66,342087,17,377122
46435,0.089725,172.217.24.0-255,5738,347825,17,377122
46436,0.089731,172.31.36.0-255,66,347891,17,377122
46437,0.091707,172.217.24.0-255,2902,350793,17,377122
46438,0.091714,172.31.36.0-255,66,350859,17,377122
46439,0.091744,172.217.24.0-255,2902,353761,17,377122
46440,0.091747,172.31.36.0-255,66,353827,17,377122
46441,0.093698,172.217.24.0-255,2902,356729,17,377122
46442,0.093705,172.31.36.0-255,66,356795,17,377122
46443,0.093735,172.217.24.0-255,2902,359697,17,377122
46444,0.093739,172.31.36.0-255,66,359763,17,377122
46445,0.095683,172.217.24.0-255,2902,362665,17,377122
46446,0.095693,172.31.36.0-255,66,362731,17,377122
46447,0.095721,172.217.24.0-255,2902,365633,17,377122
46448,0.095726,172.31.36.0-255,66,365699,17,377122
46449,0.097676,172.217.24.0-255,2902,368601,17,377122
46450,0.097683,172.31.36.0-255,66,368667,17,377122
46451,0.097711,172.217.24.0-255,2902,371569,17,377122
46452,0.097714,172.31.36.0-255,66,371635,17,377122
46453,0.099659,172.217.24.0-255,2902,374537,17,377122
46454,0.099665,172.31.36.0-255,66,374603,17,377122
46455,0.099694,172.217.24.0-255,2348,376951,17,377122
46456,0.099697,172.31.36.0-255,66,377017,17,377122
46457,0.099869,172.31.36.0-255,105,377122,17,377122
46458,0.0,74.125.24.0-255,150,150,17,348067
46459,2.3e-05,172.31.36.0-255,66,216,17,348067
46460,3.1e-05,74.125.24.0-255,1484,1700,17,348067
46461,3.6e-05,172.31.36.0-255,66,1766,17,348067
46462,3.9e-05,74.125.24.0-255,1484,3250,17,348067
46463,4.2e-05,172.31.36.0-255,66,3316,17,348067
46464,4.6e-05,74.125.24.0-255,1484,4800,17,348067
46465,4.9e-05,172.31.36.0-255,66,4866,17,348067
46466,7.4e-05,74.125.24.0-255,1484,6350,17,348067
46467,7.6e-05,172.31.36.0-255,66,6416,17,348067
46468,8.5e-05,74.125.24.0-255,5738,12154,17,348067
46469,8.9e-05,172.31.36.0-255,66,12220,17,348067
46470,9.3e-05,74.125.24.0-255,2077,14297,17,348067
46471,9.5e-05,172.31.36.0-255,66,14363,17,348067
46472,0.000133,172.31.36.0-255,66,14429,17,348067
46473,0.000141,74.125.24.0-255,6797,21226,17,348067
46474,0.000143,172.31.36.0-255,66,21292,17,348067
46475,0.00023,74.125.24.0-255,1484,22776,17,348067
46476,0.000233,172.31.36.0-255,66,22842,17,348067
46477,0.000265,74.125.24.0-255,2902,25744,17,348067
46478,0.000268,172.31.36.0-255,66,25810,17,348067
46479,0.000286,74.125.24.0-255,5738,31548,17,348067
46480,0.000289,172.31.36.0-255,66,31614,17,348067
46481,0.000313,74.125.24.0-255,4320,35934,17,348067
46482,0.000316,172.31.36.0-255,66,36000,17,348067
46483,0.000329,74.125.24.0-255,2902,38902,17,348067
46484,0.000332,172.31.36.0-255,66,38968,17,348067
46485,0.000361,74.125.24.0-255,2902,41870,17,348067
46486,0.000364,172.31.36.0-255,66,41936,17,348067
46487,0.00038,74.125.24.0-255,4320,46256,17,348067
46488,0.000383,172.31.36.0-255,66,46322,17,348067
46489,0.000395,172.31.36.0-255,66,46388,17,348067
46490,0.000398,74.125.24.0-255,766,47154,17,348067
46491,0.000487,74.125.24.0-255,425,47579,17,348067
46492,0.000559,74.125.24.0-255,1484,49063,17,348067
46493,0.000564,172.31.36.0-255,66,49129,17,348067
46494,0.000578,74.125.24.0-255,2902,52031,17,348067
46495,0.000584,74.125.24.0-255,5738,57769,17,348067
46496,0.000594,172.31.36.0-255,66,57835,17,348067
46497,0.000597,172.31.36.0-255,66,57901,17,348067
46498,0.000605,74.125.24.0-255,5738,63639,17,348067
46499,0.000607,172.31.36.0-255,66,63705,17,348067
46500,0.00063,74.125.24.0-255,5738,69443,17,348067
46501,0.000633,172.31.36.0-255,66,69509,17,348067
46502,0.000668,74.125.24.0-255,7156,76665,17,348067
46503,0.000671,172.31.36.0-255,66,76731,17,348067
46504,0.000678,74.125.24.0-255,5020,81751,17,348067
46505,0.00068,172.31.36.0-255,66,81817,17,348067
46506,0.000783,74.125.24.0-255,1484,83301,17,348067
46507,0.000814,74.125.24.0-255,2902,86203,17,348067
46508,0.000818,172.31.36.0-255,66,86269,17,348067
46509,0.000825,74.125.24.0-255,5738,92007,17,348067
46510,0.000828,172.31.36.0-255,66,92073,17,348067
46511,0.000892,172.31.36.0-255,66,92139,17,348067
46512,0.000904,172.31.36.0-255,66,92205,17,348067
46513,0.000927,74.125.24.0-255,4320,96525,17,348067
46514,0.00093,172.31.36.0-255,66,96591,17,348067
46515,0.000958,74.125.24.0-255,5738,102329,17,348067
46516,0.000961,172.31.36.0-255,66,102395,17,348067
46517,0.000975,172.31.36.0-255,66,102461,17,348067
46518,0.000997,74.125.24.0-255,5738,108199,17,348067
46519,0.001,172.31.36.0-255,66,108265,17,348067
46520,0.001019,74.125.24.0-255,6438,114703,17,348067
46521,0.001023,172.31.36.0-255,66,114769,17,348067
46522,0.00216,74.125.24.0-255,1484,116253,17,348067
46523,0.002169,74.125.24.0-255,2902,119155,17,348067
46524,0.002173,172.31.36.0-255,66,119221,17,348067
46525,0.00218,74.125.24.0-255,4320,123541,17,348067
46526,0.002183,172.31.36.0-255,66,123607,17,348067
46527,0.002209,74.125.24.0-255,1484,125091,17,348067
46528,0.002223,172.31.36.0-255,66,125157,17,348067
46529,0.002234,172.31.36.0-255,66,125223,17,348067
46530,0.002237,74.125.24.0-255,766,125989,17,348067
46531,0.004608,74.125.24.0-255,4320,130309,17,348067
46532,0.004621,172.31.36.0-255,66,130375,17,348067
46533,0.006947,74.125.24.0-255,5738,136113,17,348067
46534,0.006952,172.31.36.0-255,66,136179,17,348067
46535,0.00936,74.125.24.0-255,5738,141917,17,348067
46536,0.009374,172.31.36.0-255,66,141983,17,348067
46537,0.011731,74.125.24.0-255,5738,147721,17,348067
46538,0.011749,172.31.36.0-255,66,147787,17,348067
46539,0.014116,74.125.24.0-255,5738,153525,17,348067
46540,0.014131,172.31.36.0-255,66,153591,17,348067
46541,0.016511,74.125.24.0-255,5738,159329,17,348067
46542,0.016532,172.31.36.0-255,66,159395,17,348067
46543,0.018912,74.125.24.0-255,5738,165133,17,348067
46544,0.018928,172.31.36.0-255,66,165199,17,348067
46545,0.021292,74.125.24.0-255,5738,170937,17,348067
46546,0.021303,172.31.36.0-255,66,171003,17,348067
46547,0.023712,74.125.24.0-255,5738,176741,17,348067
46548,0.023725,172.31.36.0-255,66,176807,17,348067
46549,0.02606,74.125.24.0-255,5738,182545,17,348067
46550,0.026067,172.31.36.0-255,66,182611,17,348067
46551,0.028386,74.125.24.0-255,5738,188349,17,348067
46552,0.028394,172.31.36.0-255,66,188415,17,348067
46553,0.030642,172.31.36.0-255,172,188587,17,348067
46554,0.030676,172.31.36.0-255,1117,189704,17,348067
46555,0.030712,74.125.24.0-255,5738,195442,17,348067
46556,0.030718,172.31.36.0-255,66,195508,17,348067
46557,0.030796,172.31.36.0-255,1514,197022,17,348067
46558,0.030798,172.31.36.0-255,1514,198536,17,348067
46559,0.030799,172.31.36.0-255,1514,200050,17,348067
46560,0.0308,172.31.36.0-255,1049,201099,17,348067
46561,0.032174,104.244.42.0-255,66,201165,17,348067
46562,0.032214,104.244.42.0-255,66,201231,17,348067
46563,0.03237,104.244.42.0-255,66,201297,17,348067
46564,0.032373,104.244.42.0-255,66,201363,17,348067
46565,0.033053,74.125.24.0-255,1484,202847,17,348067
46566,0.033073,74.125.24.0-255,4320,207167,17,348067
46567,0.033079,172.31.36.0-255,66,207233,17,348067
46568,0.035404,74.125.24.0-255,5738,212971,17,348067
46569,0.035411,172.31.36.0-255,66,213037,17,348067
46570,0.037811,74.125.24.0-255,5738,218775,17,348067
46571,0.037821,172.31.36.0-255,66,218841,17,348067
46572,0.040246,74.125.24.0-255,5738,224579,17,348067
46573,0.040254,172.31.36.0-255,66,224645,17,348067
46574,0.042585,74.125.24.0-255,5738,230383,17,348067
46575,0.042592,172.31.36.0-255,66,230449,17,348067
46576,0.044926,74.125.24.0-255,5738,236187,17,348067
46577,0.044933,172.31.36.0-255,66,236253,17,348067
46578,0.047268,74.125.24.0-255,5738,241991,17,348067
46579,0.047276,172.31.36.0-255,66,242057,17,348067
46580,0.049596,74.125.24.0-255,5738,247795,17,348067
46581,0.049603,172.31.36.0-255,66,247861,17,348067
46582,0.051995,74.125.24.0-255,5738,253599,17,348067
46583,0.052002,172.31.36.0-255,66,253665,17,348067
46584,0.054336,74.125.24.0-255,5738,259403,17,348067
46585,0.054342,172.31.36.0-255,66,259469,17,348067
46586,0.056753,74.125.24.0-255,5738,265207,17,348067
46587,0.05676,172.31.36.0-255,66,265273,17,348067
46588,0.059073,74.125.24.0-255,1484,266757,17,348067
46589,0.05912,74.125.24.0-255,4320,271077,17,348067
46590,0.059125,172.31.36.0-255,66,271143,17,348067
46591,0.061502,74.125.24.0-255,5738,276881,17,348067
46592,0.061507,172.31.36.0-255,66,276947,17,348067
46593,0.063852,74.125.24.0-255,5738,282685,17,348067
46594,0.063863,172.31.36.0-255,66,282751,17,348067
46595,0.066278,74.125.24.0-255,5738,288489,17,348067
46596,0.066285,172.31.36.0-255,66,288555,17,348067
46597,0.068664,74.125.24.0-255,5738,294293,17,348067
46598,0.068671,172.31.36.0-255,66,294359,17,348067
46599,0.070996,74.125.24.0-255,5738,300097,17,348067
46600,0.071005,172.31.36.0-255,66,300163,17,348067
46601,0.073383,74.125.24.0-255,5738,305901,17,348067
46602,0.073392,172.31.36.0-255,66,305967,17,348067
46603,0.075741,74.125.24.0-255,5738,311705,17,348067
46604,0.07575,172.31.36.0-255,66,311771,17,348067
46605,0.078104,74.125.24.0-255,5738,317509,17,348067
46606,0.078111,172.31.36.0-255,66,317575,17,348067
46607,0.080445,74.125.24.0-255,5738,323313,17,348067
46608,0.080457,172.31.36.0-255,66,323379,17,348067
46609,0.082774,74.125.24.0-255,5738,329117,17,348067
46610,0.082783,172.31.36.0-255,66,329183,17,348067
46611,0.085168,74.125.24.0-255,5738,334921,17,348067
46612,0.085176,172.31.36.0-255,66,334987,17,348067
46613,0.087544,74.125.24.0-255,5738,340725,17,348067
46614,0.08755,172.31.36.0-255,66,340791,17,348067
46615,0.089891,74.125.24.0-255,5738,346529,17,348067
46616,0.089899,172.31.36.0-255,66,346595,17,348067
46617,0.092231,74.125.24.0-255,1235,347830,17,348067
46618,0.092365,172.31.36.0-255,66,347896,17,348067
46619,0.092416,172.31.36.0-255,105,348001,17,348067
46620,0.094741,74.125.24.0-255,66,348067,17,348067
46621,0.0,74.125.24.0-255,153,153,17,308350
46622,2.4e-05,172.31.36.0-255,66,219,17,308350
46623,3.2e-05,74.125.24.0-255,1484,1703,17,308350
46624,3.7e-05,172.31.36.0-255,66,1769,17,308350
46625,4.3e-05,74.125.24.0-255,2902,4671,17,308350
46626,4.6e-05,172.31.36.0-255,66,4737,17,308350
46627,7.4e-05,74.125.24.0-255,1484,6221,17,308350
46628,7.7e-05,172.31.36.0-255,66,6287,17,308350
46629,0.0001,74.125.24.0-255,5738,12025,17,308350
46630,0.000103,172.31.36.0-255,66,12091,17,308350
46631,0.000182,74.125.24.0-255,1975,14066,17,308350
46632,0.000185,172.31.36.0-255,66,14132,17,308350
46633,0.000423,74.125.24.0-255,1484,15616,17,308350
46634,0.000429,172.31.36.0-255,66,15682,17,308350
46635,0.000436,74.125.24.0-255,2902,18584,17,308350
46636,0.000438,172.31.36.0-255,66,18650,17,308350
46637,0.000476,74.125.24.0-255,4320,22970,17,308350
46638,0.00048,172.31.36.0-255,66,23036,17,308350
46639,0.000497,74.125.24.0-255,1484,24520,17,308350
46640,0.0005,172.31.36.0-255,66,24586,17,308350
46641,0.000555,74.125.24.0-255,5738,30324,17,308350
46642,0.000559,172.31.36.0-255,66,30390,17,308350
46643,0.000578,74.125.24.0-255,1125,31515,17,308350
46644,0.00058,172.31.36.0-255,66,31581,17,308350
46645,0.000675,172.31.36.0-255,66,31647,17,308350
46646,0.000697,74.125.24.0-255,5738,37385,17,308350
46647,0.0007,172.31.36.0-255,66,37451,17,308350
46648,0.000911,74.125.24.0-255,2543,39994,17,308350
46649,0.000916,172.31.36.0-255,66,40060,17,308350
46650,0.000945,74.125.24.0-255,2902,42962,17,308350
46651,0.000948,172.31.36.0-255,66,43028,17,308350
46652,0.000988,74.125.24.0-255,5738,48766,17,308350
46653,0.000991,172.31.36.0-255,66,48832,17,308350
46654,0.00101,74.125.24.0-255,1484,50316,17,308350
46655,0.001111,74.125.24.0-255,7156,57472,17,308350
46656,0.001116,172.31.36.0-255,66,57538,17,308350
46657,0.001141,172.31.36.0-255,66,57604,17,308350
46658,0.001368,74.125.24.0-255,5738,63342,17,308350
46659,0.001372,172.31.36.0-255,66,63408,17,308350
46660,0.001407,172.31.36.0-255,66,63474,17,308350
46661,0.001766,74.125.24.0-255,1484,64958,17,308350
46662,0.001796,172.31.36.0-255,66,65024,17,308350
46663,0.001824,172.31.36.0-255,66,65090,17,308350
46664,0.002188,74.125.24.0-255,4320,69410,17,308350
46665,0.002191,172.31.36.0-255,66,69476,17,308350
46666,0.002211,74.125.24.0-255,3602,73078,17,308350
46667,0.002214,172.31.36.0-255,66,73144,17,308350
46668,0.002318,74.125.24.0-255,2902,76046,17,308350
46669,0.002321,172.31.36.0-255,66,76112,17,308350
46670,0.002343,74.125.24.0-255,5738,81850,17,308350
46671,0.002346,172.31.36.0-255,66,81916,17,308350
46672,0.002454,74.125.24.0-255,2902,84818,17,308350
46673,0.002457,172.31.36.0-255,66,84884,17,308350
46674,0.002488,172.31.36.0-255,66,84950,17,308350
46675,0.00276,74.125.24.0-255,2902,87852,17,308350
46676,0.002763,172.31.36.0-255,66,87918,17,308350
46677,0.002832,172.31.36.0-255,66,87984,17,308350
46678,0.002862,172.31.36.0-255,66,88050,17,308350
46679,0.003368,74.125.24.0-255,2184,90234,17,308350
46680,0.003371,172.31.36.0-255,66,90300,17,308350
46681,0.005515,74.125.24.0-255,2902,93202,17,308350
46682,0.005525,172.31.36.0-255,66,93268,17,308350
46683,0.005968,74.125.24.0-255,2902,96170,17,308350
46684,0.005972,172.31.36.0-255,66,96236,17,308350
46685,0.008154,74.125.24.0-255,2902,99138,17,308350
46686,0.008158,172.31.36.0-255,66,99204,17,308350
46687,0.008586,74.125.24.0-255,2902,102106,17,308350
46688,0.00859,172.31.36.0-255,66,102172,17,308350
46689,0.010794,74.125.24.0-255,2902,105074,17,308350
46690,0.0108,172.31.36.0-255,66,105140,17,308350
46691,0.011241,74.125.24.0-255,2902,108042,17,308350
46692,0.011247,172.31.36.0-255,66,108108,17,308350
46693,0.01341,74.125.24.0-255,2902,111010,17,308350
46694,0.013418,172.31.36.0-255,66,111076,17,308350
46695,0.013865,74.125.24.0-255,2902,113978,17,308350
46696,0.013872,172.31.36.0-255,66,114044,17,308350
46697,0.016029,74.125.24.0-255,2902,116946,17,308350
46698,0.016037,172.31.36.0-255,66,117012,17,308350
46699,0.016502,74.125.24.0-255,2902,119914,17,308350
46700,0.016508,172.31.36.0-255,66,119980,17,308350
46701,0.018667,74.125.24.0-255,2902,122882,17,308350
46702,0.018675,172.31.36.0-255,66,122948,17,308350
46703,0.019135,74.125.24.0-255,2902,125850,17,308350
46704,0.019142,172.31.36.0-255,66,125916,17,308350
46705,0.021304,74.125.24.0-255,2902,128818,17,308350
46706,0.021314,172.31.36.0-255,66,128884,17,308350
46707,0.021773,74.125.24.0-255,2902,131786,17,308350
46708,0.021781,172.31.36.0-255,66,131852,17,308350
46709,0.023952,74.125.24.0-255,2902,134754,17,308350
46710,0.023962,172.31.36.0-255,66,134820,17,308350
46711,0.024423,74.125.24.0-255,2902,137722,17,308350
46712,0.02443,172.31.36.0-255,66,137788,17,308350
46713,0.02658,74.125.24.0-255,2902,140690,17,308350
46714,0.026587,172.31.36.0-255,66,140756,17,308350
46715,0.027074,74.125.24.0-255,2902,143658,17,308350
46716,0.027081,172.31.36.0-255,66,143724,17,308350
46717,0.029206,74.125.24.0-255,2902,146626,17,308350
46718,0.029213,172.31.36.0-255,66,146692,17,308350
46719,0.029717,74.125.24.0-255,2902,149594,17,308350
46720,0.029724,172.31.36.0-255,66,149660,17,308350
46721,0.031831,74.125.24.0-255,2902,152562,17,308350
46722,0.031839,172.31.36.0-255,66,152628,17,308350
46723,0.03237,74.125.24.0-255,2902,155530,17,308350
46724,0.032377,172.31.36.0-255,66,155596,17,308350
46725,0.034448,74.125.24.0-255,2902,158498,17,308350
46726,0.034456,172.31.36.0-255,66,158564,17,308350
46727,0.034998,74.125.24.0-255,2902,161466,17,308350
46728,0.035005,172.31.36.0-255,66,161532,17,308350
46729,0.036109,172.31.36.0-255,188,161720,17,308350
46730,0.03614,172.31.36.0-255,961,162681,17,308350
46731,0.036201,172.31.36.0-255,1514,164195,17,308350
46732,0.036203,172.31.36.0-255,1427,165622,17,308350
46733,0.037086,74.125.24.0-255,2902,168524,17,308350
46734,0.037094,172.31.36.0-255,66,168590,17,308350
46735,0.037643,104.244.42.0-255,66,168656,17,308350
46736,0.037652,74.125.24.0-255,2902,171558,17,308350
46737,0.037657,172.31.36.0-255,66,171624,17,308350
46738,0.037689,104.244.42.0-255,66,171690,17,308350
46739,0.037742,104.244.42.0-255,66,171756,17,308350
46740,0.039729,74.125.24.0-255,2902,174658,17,308350
46741,0.039735,172.31.36.0-255,66,174724,17,308350
46742,0.040297,74.125.24.0-255,2902,177626,17,308350
46743,0.040303,172.31.36.0-255,66,177692,17,308350
46744,0.042375,74.125.24.0-255,2902,180594,17,308350
46745,0.042384,172.31.36.0-255,66,180660,17,308350
46746,0.042939,74.125.24.0-255,2902,183562,17,308350
46747,0.042945,172.31.36.0-255,66,183628,17,308350
46748,0.045004,74.125.24.0-255,2902,186530,17,308350
46749,0.045011,172.31.36.0-255,66,186596,17,308350
46750,0.045565,74.125.24.0-255,2902,189498,17,308350
46751,0.045572,172.31.36.0-255,66,189564,17,308350
46752,0.047616,74.125.24.0-255,2902,192466,17,308350
46753,0.047623,172.31.36.0-255,66,192532,17,308350
46754,0.048187,74.125.24.0-255,2902,195434,17,308350
46755,0.048193,172.31.36.0-255,66,195500,17,308350
46756,0.050242,74.125.24.0-255,2902,198402,17,308350
46757,0.050249,172.31.36.0-255,66,198468,17,308350
46758,0.050811,74.125.24.0-255,2902,201370,17,308350
46759,0.050816,172.31.36.0-255,66,201436,17,308350
46760,0.052883,74.125.24.0-255,2902,204338,17,308350
46761,0.052889,172.31.36.0-255,66,204404,17,308350
46762,0.053444,74.125.24.0-255,2902,207306,17,308350
46763,0.053449,172.31.36.0-255,66,207372,17,308350
46764,0.055487,74.125.24.0-255,2902,210274,17,308350
46765,0.055492,172.31.36.0-255,66,210340,17,308350
46766,0.056085,74.125.24.0-255,2902,213242,17,308350
46767,0.056091,172.31.36.0-255,66,213308,17,308350
46768,0.058128,74.125.24.0-255,2902,216210,17,308350
46769,0.058139,172.31.36.0-255,66,216276,17,308350
46770,0.058729,74.125.24.0-255,2902,219178,17,308350
46771,0.058736,172.31.36.0-255,66,219244,17,308350
46772,0.060797,74.125.24.0-255,2902,222146,17,308350
46773,0.060804,172.31.36.0-255,66,222212,17,308350
46774,0.061368,74.125.24.0-255,2902,225114,17,308350
46775,0.061374,172.31.36.0-255,66,225180,17,308350
46776,0.063422,74.125.24.0-255,2902,228082,17,308350
46777,0.063429,172.31.36.0-255,66,228148,17,308350
46778,0.063999,74.125.24.0-255,2902,231050,17,308350
46779,0.064003,172.31.36.0-255,66,231116,17,308350
46780,0.06605,74.125.24.0-255,2902,234018,17,308350
46781,0.066057,172.31.36.0-255,66,234084,17,308350
46782,0.066629,74.125.24.0-255,2902,236986,17,308350
46783,0.066633,172.31.36.0-255,66,237052,17,308350
46784,0.068683,74.125.24.0-255,2902,239954,17,308350
46785,0.068689,172.31.36.0-255,66,240020,17,308350
46786,0.069257,74.125.24.0-255,2902,242922,17,308350
46787,0.069262,172.31.36.0-255,66,242988,17,308350
46788,0.071305,74.125.24.0-255,2902,245890,17,308350
46789,0.071311,172.31.36.0-255,66,245956,17,308350
46790,0.07188,74.125.24.0-255,2902,248858,17,308350
46791,0.071886,172.31.36.0-255,66,248924,17,308350
46792,0.073943,74.125.24.0-255,2902,251826,17,308350
46793,0.073952,172.31.36.0-255,66,251892,17,308350
46794,0.074517,74.125.24.0-255,2902,254794,17,308350
46795,0.074523,172.31.36.0-255,66,254860,17,308350
46796,0.07668,74.125.24.0-255,2902,257762,17,308350
46797,0.076687,172.31.36.0-255,66,257828,17,308350
46798,0.077158,74.125.24.0-255,2902,260730,17,308350
46799,0.077164,172.31.36.0-255,66,260796,17,308350
46800,0.079314,74.125.24.0-255,2902,263698,17,308350
46801,0.079321,172.31.36.0-255,66,263764,17,308350
46802,0.079768,74.125.24.0-255,2902,266666,17,308350
46803,0.079775,172.31.36.0-255,66,266732,17,308350
46804,0.081949,74.125.24.0-255,2902,269634,17,308350
46805,0.081956,172.31.36.0-255,66,269700,17,308350
46806,0.082378,74.125.24.0-255,2902,272602,17,308350
46807,0.082385,172.31.36.0-255,66,272668,17,308350
46808,0.084585,74.125.24.0-255,2902,275570,17,308350
46809,0.084592,172.31.36.0-255,66,275636,17,308350
46810,0.085009,74.125.24.0-255,1484,277120,17,308350
46811,0.085028,74.125.24.0-255,1484,278604,17,308350
46812,0.085032,172.31.36.0-255,66,278670,17,308350
46813,0.087203,74.125.24.0-255,2902,281572,17,308350
46814,0.087209,172.31.36.0-255,66,281638,17,308350
46815,0.08765,74.125.24.0-255,2902,284540,17,308350
46816,0.087657,172.31.36.0-255,66,284606,17,308350
46817,0.089837,74.125.24.0-255,2902,287508,17,308350
46818,0.089844,172.31.36.0-255,66,287574,17,308350
46819,0.09028,74.125.24.0-255,2902,290476,17,308350
46820,0.090287,172.31.36.0-255,66,290542,17,308350
46821,0.092474,74.125.24.0-255,2902,293444,17,308350
46822,0.092481,172.31.36.0-255,66,293510,17,308350
46823,0.092926,74.125.24.0-255,2902,296412,17,308350
46824,0.092933,172.31.36.0-255,66,296478,17,308350
46825,0.095131,74.125.24.0-255,2902,299380,17,308350
46826,0.095138,172.31.36.0-255,66,299446,17,308350
46827,0.095566,74.125.24.0-255,2902,302348,17,308350
46828,0.095573,172.31.36.0-255,66,302414,17,308350
46829,0.097751,74.125.24.0-255,2902,305316,17,308350
46830,0.097758,172.31.36.0-255,66,305382,17,308350
46831,0.0982,74.125.24.0-255,2902,308284,17,308350
46832,0.098206,172.31.36.0-255,66,308350,17,308350
46833,0.0,172.217.194.0-255,146,146,17,290090
46834,2.6e-05,172.31.36.0-255,66,212,17,290090
46835,3.4e-05,172.217.194.0-255,1484,1696,17,290090
46836,3.8e-05,172.31.36.0-255,66,1762,17,290090
46837,4.5e-05,172.217.194.0-255,2902,4664,17,290090
46838,4.8e-05,172.31.36.0-255,66,4730,17,290090
46839,5.6e-05,172.217.194.0-255,7156,11886,17,290090
46840,5.9e-05,172.31.36.0-255,66,11952,17,290090
46841,6.3e-05,172.217.194.0-255,1987,13939,17,290090
46842,6.5e-05,172.31.36.0-255,66,14005,17,290090
46843,0.000146,172.217.194.0-255,1484,15489,17,290090
46844,0.000149,172.31.36.0-255,66,15555,17,290090
46845,0.000166,172.217.194.0-255,2902,18457,17,290090
46846,0.000168,172.31.36.0-255,66,18523,17,290090
46847,0.000175,172.217.194.0-255,5738,24261,17,290090
46848,0.000177,172.31.36.0-255,66,24327,17,290090
46849,0.000198,172.217.194.0-255,6797,31124,17,290090
46850,0.000201,172.31.36.0-255,66,31190,17,290090
46851,0.000363,172.217.194.0-255,1484,32674,17,290090
46852,0.000367,172.31.36.0-255,66,32740,17,290090
46853,0.000373,172.217.194.0-255,2902,35642,17,290090
46854,0.000375,172.31.36.0-255,66,35708,17,290090
46855,0.000397,172.217.194.0-255,2902,38610,17,290090
46856,0.0004,172.31.36.0-255,66,38676,17,290090
46857,0.000422,172.217.194.0-255,2902,41578,17,290090
46858,0.000424,172.31.36.0-255,66,41644,17,290090
46859,0.000429,172.217.194.0-255,2902,44546,17,290090
46860,0.000432,172.31.36.0-255,66,44612,17,290090
46861,0.000454,172.217.194.0-255,4320,48932,17,290090
46862,0.000456,172.31.36.0-255,66,48998,17,290090
46863,0.000482,172.217.194.0-255,6797,55795,17,290090
46864,0.000485,172.31.36.0-255,66,55861,17,290090
46865,0.000496,172.31.36.0-255,66,55927,17,290090
46866,0.000499,172.217.194.0-255,99,56026,17,290090
46867,0.000502,172.31.36.0-255,66,56092,17,290090
46868,0.000505,172.217.194.0-255,364,56456,17,290090
46869,0.000507,172.31.36.0-255,66,56522,17,290090
46870,0.000655,172.217.194.0-255,1484,58006,17,290090
46871,0.00066,172.31.36.0-255,66,58072,17,290090
46872,0.000665,172.217.194.0-255,2902,60974,17,290090
46873,0.000668,172.31.36.0-255,66,61040,17,290090
46874,0.000671,172.217.194.0-255,1484,62524,17,290090
46875,0.000697,172.217.194.0-255,4320,66844,17,290090
46876,0.000701,172.31.36.0-255,66,66910,17,290090
46877,0.000706,172.217.194.0-255,4320,71230,17,290090
46878,0.000708,172.31.36.0-255,66,71296,17,290090
46879,0.000733,172.31.36.0-255,66,71362,17,290090
46880,0.000766,172.217.194.0-255,2902,74264,17,290090
46881,0.000769,172.31.36.0-255,66,74330,17,290090
46882,0.000795,172.31.36.0-255,66,74396,17,290090
46883,0.0014,172.217.194.0-255,1484,75880,17,290090
46884,0.001415,172.217.194.0-255,2902,78782,17,290090
46885,0.001419,172.31.36.0-255,66,78848,17,290090
46886,0.001425,172.217.194.0-255,5738,84586,17,290090
46887,0.001427,172.31.36.0-255,66,84652,17,290090
46888,0.001464,172.31.36.0-255,66,84718,17,290090
46889,0.001476,172.31.36.0-255,66,84784,17,290090
46890,0.001672,172.217.194.0-255,1484,86268,17,290090
46891,0.001678,172.217.194.0-255,2902,89170,17,290090
46892,0.001682,172.31.36.0-255,66,89236,17,290090
46893,0.001687,172.217.194.0-255,2902,92138,17,290090
46894,0.001688,172.31.36.0-255,66,92204,17,290090
46895,0.001704,172.217.194.0-255,2902,95106,17,290090
46896,0.001707,172.31.36.0-255,66,95172,17,290090
46897,0.001727,172.217.194.0-255,7156,102328,17,290090
46898,0.001729,172.31.36.0-255,66,102394,17,290090
46899,0.001763,172.217.194.0-255,4320,106714,17,290090
46900,0.001766,172.31.36.0-255,66,106780,17,290090
46901,0.00178,172.31.36.0-255,66,106846,17,290090
46902,0.001806,172.217.194.0-255,1484,108330,17,290090
46903,0.001811,172.217.194.0-255,2902,111232,17,290090
46904,0.001813,172.31.36.0-255,66,111298,17,290090
46905,0.00182,172.217.194.0-255,5738,117036,17,290090
46906,0.001822,172.31.36.0-255,66,117102,17,290090
46907,0.001858,172.217.194.0-255,1484,118586,17,290090
46908,0.001879,172.217.194.0-255,5738,124324,17,290090
46909,0.001882,172.31.36.0-255,66,124390,17,290090
46910,0.001897,172.31.36.0-255,66,124456,17,290090
46911,0.001901,172.217.194.0-255,2184,126640,17,290090
46912,0.001903,172.31.36.0-255,66,126706,17,290090
46913,0.00196,172.217.194.0-255,1484,128190,17,290090
46914,0.001966,172.217.194.0-255,2902,131092,17,290090
46915,0.001968,172.31.36.0-255,66,131158,17,290090
46916,0.001972,172.217.194.0-255,1484,132642,17,290090
46917,0.001995,172.217.194.0-255,4320,136962,17,290090
46918,0.001999,172.31.36.0-255,66,137028,17,290090
46919,0.002006,172.217.194.0-255,5738,142766,17,290090
46920,0.002008,172.31.36.0-255,66,142832,17,290090
46921,0.002031,172.217.194.0-255,7156,149988,17,290090
46922,0.002033,172.31.36.0-255,66,150054,17,290090
46923,0.002046,172.31.36.0-255,66,150120,17,290090
46924,0.002078,172.217.194.0-255,5738,155858,17,290090
46925,0.002082,172.31.36.0-255,66,155924,17,290090
46926,0.00213,172.31.36.0-255,66,155990,17,290090
46927,0.002147,172.217.194.0-255,2902,158892,17,290090
46928,0.002181,172.217.194.0-255,4320,163212,17,290090
46929,0.002238,172.217.194.0-255,1484,164696,17,290090
46930,0.002242,172.217.194.0-255,3602,168298,17,290090
46931,0.007492,172.31.36.0-255,66,168364,17,290090
46932,0.009773,172.217.194.0-255,5738,174102,17,290090
46933,0.009789,172.31.36.0-255,66,174168,17,290090
46934,0.012069,172.217.194.0-255,5738,179906,17,290090
46935,0.012083,172.31.36.0-255,66,179972,17,290090
46936,0.014373,172.217.194.0-255,5738,185710,17,290090
46937,0.014393,172.31.36.0-255,66,185776,17,290090
46938,0.016716,172.217.194.0-255,5738,191514,17,290090
46939,0.016731,172.31.36.0-255,66,191580,17,290090
46940,0.019034,172.217.194.0-255,5738,197318,17,290090
46941,0.019053,172.31.36.0-255,66,197384,17,290090
46942,0.021345,172.217.194.0-255,5738,203122,17,290090
46943,0.021364,172.31.36.0-255,66,203188,17,290090
46944,0.023689,172.217.194.0-255,5738,208926,17,290090
46945,0.023707,172.31.36.0-255,66,208992,17,290090
46946,0.025972,172.217.194.0-255,5738,214730,17,290090
46947,0.025986,172.31.36.0-255,66,214796,17,290090
46948,0.028253,172.217.194.0-255,5738,220534,17,290090
46949,0.02827,172.31.36.0-255,66,220600,17,290090
46950,0.030588,172.217.194.0-255,5738,226338,17,290090
46951,0.030607,172.31.36.0-255,66,226404,17,290090
46952,0.032914,172.217.194.0-255,5738,232142,17,290090
46953,0.032933,172.31.36.0-255,66,232208,17,290090
46954,0.035195,172.217.194.0-255,5738,237946,17,290090
46955,0.035207,172.31.36.0-255,66,238012,17,290090
46956,0.037514,172.217.194.0-255,5738,243750,17,290090
46957,0.037534,172.31.36.0-255,66,243816,17,290090
46958,0.039807,172.217.194.0-255,5738,249554,17,290090
46959,0.039829,172.31.36.0-255,66,249620,17,290090
46960,0.042125,172.217.194.0-255,5738,255358,17,290090
46961,0.042146,172.31.36.0-255,66,255424,17,290090
46962,0.044422,172.217.194.0-255,5738,261162,17,290090
46963,0.04444,172.31.36.0-255,66,261228,17,290090
46964,0.046731,172.217.194.0-255,5738,266966,17,290090
46965,0.046744,172.31.36.0-255,66,267032,17,290090
46966,0.047355,172.31.36.0-255,192,267224,17,290090
46967,0.047388,172.31.36.0-255,961,268185,17,290090
46968,0.047471,172.31.36.0-255,1514,269699,17,290090
46969,0.047473,172.31.36.0-255,1514,271213,17,290090
46970,0.047477,172.31.36.0-255,1514,272727,17,290090
46971,0.047478,172.31.36.0-255,1514,274241,17,290090
46972,0.047499,172.31.36.0-255,1514,275755,17,290090
46973,0.047504,172.31.36.0-255,178,275933,17,290090
46974,0.048894,104.244.42.0-255,66,275999,17,290090
46975,0.04895,104.244.42.0-255,66,276065,17,290090
46976,0.04898,172.217.194.0-255,2902,278967,17,290090
46977,0.048985,172.31.36.0-255,66,279033,17,290090
46978,0.049006,172.217.194.0-255,2902,281935,17,290090
46979,0.049009,172.31.36.0-255,66,282001,17,290090
46980,0.04904,104.244.42.0-255,66,282067,17,290090
46981,0.049045,104.244.42.0-255,66,282133,17,290090
46982,0.051241,172.217.194.0-255,2902,285035,17,290090
46983,0.051252,172.31.36.0-255,66,285101,17,290090
46984,0.051281,172.217.194.0-255,2902,288003,17,290090
46985,0.051284,172.31.36.0-255,66,288069,17,290090
46986,0.053543,172.217.194.0-255,1784,289853,17,290090
46987,0.053558,172.31.36.0-255,66,289919,17,290090
46988,0.053799,172.31.36.0-255,105,290024,17,290090
46989,0.056024,172.217.194.0-255,66,290090,17,290090
46990,0.0,172.217.194.0-255,152,152,17,183285
46991,2.3e-05,172.31.36.0-255,66,218,17,183285
46992,3.5e-05,172.217.194.0-255,1484,1702,17,183285
46993,4e-05,172.31.36.0-255,66,1768,17,183285
46994,4.3e-05,172.217.194.0-255,1484,3252,17,183285
46995,4.5e-05,172.31.36.0-255,66,3318,17,183285
46996,6.7e-05,172.217.194.0-255,1484,4802,17,183285
46997,6.9e-05,172.31.36.0-255,66,4868,17,183285
46998,7.2e-05,172.217.194.0-255,1484,6352,17,183285
46999,7.3e-05,172.31.36.0-255,66,6418,17,183285
47000,8.1e-05,172.217.194.0-255,5738,12156,17,183285
47001,8.4e-05,172.31.36.0-255,66,12222,17,183285
47002,0.000117,172.217.194.0-255,6293,18515,17,183285
47003,0.00012,172.31.36.0-255,66,18581,17,183285
47004,0.000137,172.217.194.0-255,4320,22901,17,183285
47005,0.00014,172.31.36.0-255,66,22967,17,183285
47006,0.00016,172.217.194.0-255,2902,25869,17,183285
47007,0.000163,172.31.36.0-255,66,25935,17,183285
47008,0.000167,172.217.194.0-255,2902,28837,17,183285
47009,0.000169,172.31.36.0-255,66,28903,17,183285
47010,0.000183,172.217.194.0-255,2543,31446,17,183285
47011,0.000186,172.31.36.0-255,66,31512,17,183285
47012,0.000335,172.217.194.0-255,1484,32996,17,183285
47013,0.00034,172.31.36.0-255,66,33062,17,183285
47014,0.000361,172.217.194.0-255,2902,35964,17,183285
47015,0.000364,172.31.36.0-255,66,36030,17,183285
47016,0.000367,172.217.194.0-255,1484,37514,17,183285
47017,0.000369,172.31.36.0-255,66,37580,17,183285
47018,0.000386,172.217.194.0-255,2902,40482,17,183285
47019,0.00039,172.31.36.0-255,66,40548,17,183285
47020,0.000433,172.217.194.0-255,1484,42032,17,183285
47021,0.000436,172.31.36.0-255,66,42098,17,183285
47022,0.000457,172.217.194.0-255,7156,49254,17,183285
47023,0.00046,172.31.36.0-255,66,49320,17,183285
47024,0.000466,172.217.194.0-255,4320,53640,17,183285
47025,0.000468,172.31.36.0-255,66,53706,17,183285
47026,0.000505,172.217.194.0-255,1484,55190,17,183285
47027,0.000511,172.217.194.0-255,2833,58023,17,183285
47028,0.000514,172.31.36.0-255,66,58089,17,183285
47029,0.000541,172.217.194.0-255,365,58454,17,183285
47030,0.000621,172.217.194.0-255,1484,59938,17,183285
47031,0.000625,172.31.36.0-255,66,60004,17,183285
47032,0.00063,172.217.194.0-255,2902,62906,17,183285
47033,0.000632,172.31.36.0-255,66,62972,17,183285
47034,0.000648,172.217.194.0-255,1484,64456,17,183285
47035,0.000663,172.217.194.0-255,4320,68776,17,183285
47036,0.000666,172.31.36.0-255,66,68842,17,183285
47037,0.000672,172.217.194.0-255,5738,74580,17,183285
47038,0.000675,172.31.36.0-255,66,74646,17,183285
47039,0.000699,172.217.194.0-255,1484,76130,17,183285
47040,0.000734,172.31.36.0-255,66,76196,17,183285
47041,0.00074,172.217.194.0-255,5020,81216,17,183285
47042,0.000742,172.31.36.0-255,66,81282,17,183285
47043,0.000923,172.217.194.0-255,1484,82766,17,183285
47044,0.000937,172.217.194.0-255,2902,85668,17,183285
47045,0.000941,172.31.36.0-255,66,85734,17,183285
47046,0.000949,172.217.194.0-255,1484,87218,17,183285
47047,0.000965,172.217.194.0-255,4320,91538,17,183285
47048,0.000969,172.217.194.0-255,4320,95858,17,183285
47049,0.000969,172.31.36.0-255,66,95924,17,183285
47050,0.000972,172.31.36.0-255,66,95990,17,183285
47051,0.001027,172.31.36.0-255,66,96056,17,183285
47052,0.001032,172.31.36.0-255,66,96122,17,183285
47053,0.001221,172.217.194.0-255,1484,97606,17,183285
47054,0.001243,172.217.194.0-255,2902,100508,17,183285
47055,0.001247,172.31.36.0-255,66,100574,17,183285
47056,0.001254,172.217.194.0-255,5738,106312,17,183285
47057,0.001256,172.31.36.0-255,66,106378,17,183285
47058,0.00129,172.31.36.0-255,66,106444,17,183285
47059,0.001295,172.217.194.0-255,2902,109346,17,183285
47060,0.001297,172.31.36.0-255,66,109412,17,183285
47061,0.001322,172.31.36.0-255,66,109478,17,183285
47062,0.001464,172.217.194.0-255,1484,110962,17,183285
47063,0.001479,172.217.194.0-255,2902,113864,17,183285
47064,0.001482,172.31.36.0-255,66,113930,17,183285
47065,0.001486,172.217.194.0-255,1484,115414,17,183285
47066,0.0015,172.217.194.0-255,4320,119734,17,183285
47067,0.001504,172.31.36.0-255,66,119800,17,183285
47068,0.001509,172.217.194.0-255,4320,124120,17,183285
47069,0.001512,172.31.36.0-255,66,124186,17,183285
47070,0.00152,172.31.36.0-255,66,124252,17,183285
47071,0.001567,172.31.36.0-255,66,124318,17,183285
47072,0.00159,172.217.194.0-255,2184,126502,17,183285
47073,0.001593,172.31.36.0-255,66,126568,17,183285
47074,0.001606,172.31.36.0-255,66,126634,17,183285
47075,0.001618,172.31.36.0-255,66,126700,17,183285
47076,0.001654,172.217.194.0-255,5738,132438,17,183285
47077,0.001657,172.31.36.0-255,66,132504,17,183285
47078,0.001692,172.31.36.0-255,66,132570,17,183285
47079,0.001707,172.31.36.0-255,66,132636,17,183285
47080,0.00171,172.217.194.0-255,2184,134820,17,183285
47081,0.001714,172.31.36.0-255,66,134886,17,183285
47082,0.001745,172.31.36.0-255,66,134952,17,183285
47083,0.00178,172.31.36.0-255,66,135018,17,183285
47084,0.001791,172.31.36.0-255,66,135084,17,183285
47085,0.001886,172.31.36.0-255,66,135150,17,183285
47086,0.00189,172.217.194.0-255,2184,137334,17,183285
47087,0.001892,172.31.36.0-255,66,137400,17,183285
47088,0.002186,172.217.194.0-255,1484,138884,17,183285
47089,0.002191,172.217.194.0-255,2902,141786,17,183285
47090,0.002195,172.31.36.0-255,66,141852,17,183285
47091,0.002202,172.217.194.0-255,5738,147590,17,183285
47092,0.002204,172.31.36.0-255,66,147656,17,183285
47093,0.002237,172.31.36.0-255,66,147722,17,183285
47094,0.002256,172.217.194.0-255,2902,150624,17,183285
47095,0.002259,172.31.36.0-255,66,150690,17,183285
47096,0.002269,172.31.36.0-255,66,150756,17,183285
47097,0.002295,172.217.194.0-255,2184,152940,17,183285
47098,0.002299,172.31.36.0-255,66,153006,17,183285
47099,0.002312,172.31.36.0-255,66,153072,17,183285
47100,0.002322,172.31.36.0-255,66,153138,17,183285
47101,0.004592,172.217.194.0-255,2902,156040,17,183285
47102,0.004599,172.31.36.0-255,66,156106,17,183285
47103,0.004615,172.217.194.0-255,2902,159008,17,183285
47104,0.004617,172.31.36.0-255,66,159074,17,183285
47105,0.006879,172.217.194.0-255,2902,161976,17,183285
47106,0.006882,172.31.36.0-255,66,162042,17,183285
47107,0.006918,172.217.194.0-255,2902,164944,17,183285
47108,0.00692,172.31.36.0-255,66,165010,17,183285
47109,0.009135,172.217.194.0-255,2902,167912,17,183285
47110,0.009142,172.31.36.0-255,66,167978,17,183285
47111,0.00917,172.217.194.0-255,2902,170880,17,183285
47112,0.009173,172.31.36.0-255,66,170946,17,183285
47113,0.011426,172.217.194.0-255,4950,175896,17,183285
47114,0.011433,172.31.36.0-255,66,175962,17,183285
47115,0.014055,172.31.36.0-255,105,176067,17,183285
47116,0.016325,172.217.194.0-255,66,176133,17,183285
47117,0.033038,172.31.36.0-255,176,176309,17,183285
47118,0.033066,172.31.36.0-255,1117,177426,17,183285
47119,0.033114,172.31.36.0-255,1514,178940,17,183285
47120,0.033116,172.31.36.0-255,1514,180454,17,183285
47121,0.03312,172.31.36.0-255,1514,181968,17,183285
47122,0.033121,172.31.36.0-255,1053,183021,17,183285
47123,0.034507,104.244.42.0-255,66,183087,17,183285
47124,0.034629,104.244.42.0-255,66,183153,17,183285
47125,0.034634,104.244.42.0-255,66,183219,17,183285
47126,0.034636,104.244.42.0-255,66,183285,17,183285
47127,0.0,74.125.200.0-255,152,152,17,360284
47128,3.8e-05,172.31.36.0-255,66,218,17,360284
47129,4.7e-05,74.125.200.0-255,1484,1702,17,360284
47130,5.2e-05,172.31.36.0-255,66,1768,17,360284
47131,5.7e-05,74.125.200.0-255,2902,4670,17,360284
47132,5.9e-05,172.31.36.0-255,66,4736,17,360284
47133,6.6e-05,74.125.200.0-255,5738,10474,17,360284
47134,6.9e-05,172.31.36.0-255,66,10540,17,360284
47135,7.4e-05,74.125.200.0-255,3559,14099,17,360284
47136,7.7e-05,172.31.36.0-255,66,14165,17,360284
47137,0.000123,74.125.200.0-255,1484,15649,17,360284
47138,0.000127,172.31.36.0-255,66,15715,17,360284
47139,0.000157,74.125.200.0-255,1484,17199,17,360284
47140,0.00016,172.31.36.0-255,66,17265,17,360284
47141,0.000176,74.125.200.0-255,1484,18749,17,360284
47142,0.000178,172.31.36.0-255,66,18815,17,360284
47143,0.000185,74.125.200.0-255,5738,24553,17,360284
47144,0.000188,172.31.36.0-255,66,24619,17,360284
47145,0.00021,74.125.200.0-255,5738,30357,17,360284
47146,0.000213,172.31.36.0-255,66,30423,17,360284
47147,0.000216,74.125.200.0-255,1125,31548,17,360284
47148,0.000218,172.31.36.0-255,66,31614,17,360284
47149,0.000379,74.125.200.0-255,1484,33098,17,360284
47150,0.000384,172.31.36.0-255,66,33164,17,360284
47151,0.000407,74.125.200.0-255,2902,36066,17,360284
47152,0.000411,172.31.36.0-255,66,36132,17,360284
47153,0.000417,74.125.200.0-255,5738,41870,17,360284
47154,0.000419,172.31.36.0-255,66,41936,17,360284
47155,0.000437,74.125.200.0-255,6797,48733,17,360284
47156,0.00044,172.31.36.0-255,66,48799,17,360284
47157,0.000681,74.125.200.0-255,1484,50283,17,360284
47158,0.000685,172.31.36.0-255,66,50349,17,360284
47159,0.000691,74.125.200.0-255,2902,53251,17,360284
47160,0.000693,172.31.36.0-255,66,53317,17,360284
47161,0.000697,74.125.200.0-255,1484,54801,17,360284
47162,0.000714,74.125.200.0-255,4320,59121,17,360284
47163,0.000717,172.31.36.0-255,66,59187,17,360284
47164,0.000728,74.125.200.0-255,1484,60671,17,360284
47165,0.000764,74.125.200.0-255,5707,66378,17,360284
47166,0.000767,172.31.36.0-255,66,66444,17,360284
47167,0.000936,74.125.200.0-255,350,66794,17,360284
47168,0.001646,74.125.200.0-255,1484,68278,17,360284
47169,0.001654,172.31.36.0-255,66,68344,17,360284
47170,0.001661,74.125.200.0-255,2902,71246,17,360284
47171,0.001663,172.31.36.0-255,66,71312,17,360284
47172,0.001667,74.125.200.0-255,1484,72796,17,360284
47173,0.001691,74.125.200.0-255,2902,75698,17,360284
47174,0.001694,172.31.36.0-255,66,75764,17,360284
47175,0.001707,172.31.36.0-255,66,75830,17,360284
47176,0.001713,74.125.200.0-255,5738,81568,17,360284
47177,0.001715,172.31.36.0-255,66,81634,17,360284
47178,0.001746,74.125.200.0-255,1484,83118,17,360284
47179,0.00177,172.31.36.0-255,66,83184,17,360284
47180,0.001773,74.125.200.0-255,766,83950,17,360284
47181,0.00187,74.125.200.0-255,1484,85434,17,360284
47182,0.001872,172.31.36.0-255,66,85500,17,360284
47183,0.001882,74.125.200.0-255,1484,86984,17,360284
47184,0.001892,74.125.200.0-255,1484,88468,17,360284
47185,0.001894,172.31.36.0-255,66,88534,17,360284
47186,0.0019,74.125.200.0-255,4320,92854,17,360284
47187,0.001901,172.31.36.0-255,66,92920,17,360284
47188,0.001913,74.125.200.0-255,1484,94404,17,360284
47189,0.001917,74.125.200.0-255,2902,97306,17,360284
47190,0.001919,172.31.36.0-255,66,97372,17,360284
47191,0.001934,74.125.200.0-255,1484,98856,17,360284
47192,0.001948,74.125.200.0-255,5738,104594,17,360284
47193,0.001951,172.31.36.0-255,66,104660,17,360284
47194,0.001973,74.125.200.0-255,2902,107562,17,360284
47195,0.001975,172.31.36.0-255,66,107628,17,360284
47196,0.001982,74.125.200.0-255,7156,114784,17,360284
47197,0.001984,172.31.36.0-255,66,114850,17,360284
47198,0.002005,74.125.200.0-255,3602,118452,17,360284
47199,0.002006,172.31.36.0-255,66,118518,17,360284
47200,0.004247,74.125.200.0-255,1484,120002,17,360284
47201,0.004272,74.125.200.0-255,2902,122904,17,360284
47202,0.004275,172.31.36.0-255,66,122970,17,360284
47203,0.00429,74.125.200.0-255,1484,124454,17,360284
47204,0.006537,74.125.200.0-255,4320,128774,17,360284
47205,0.006543,172.31.36.0-255,66,128840,17,360284
47206,0.008827,74.125.200.0-255,5738,134578,17,360284
47207,0.008835,172.31.36.0-255,66,134644,17,360284
47208,0.01111,74.125.200.0-255,5738,140382,17,360284
47209,0.011124,172.31.36.0-255,66,140448,17,360284
47210,0.013402,74.125.200.0-255,5738,146186,17,360284
47211,0.013413,172.31.36.0-255,66,146252,17,360284
47212,0.015701,74.125.200.0-255,5738,151990,17,360284
47213,0.015718,172.31.36.0-255,66,152056,17,360284
47214,0.017996,74.125.200.0-255,5738,157794,17,360284
47215,0.018006,172.31.36.0-255,66,157860,17,360284
47216,0.020267,74.125.200.0-255,5738,163598,17,360284
47217,0.020275,172.31.36.0-255,66,163664,17,360284
47218,0.022556,74.125.200.0-255,5738,169402,17,360284
47219,0.022563,172.31.36.0-255,66,169468,17,360284
47220,0.024071,172.31.36.0-255,172,169640,17,360284
47221,0.024101,172.31.36.0-255,1117,170757,17,360284
47222,0.02414,172.31.36.0-255,1514,172271,17,360284
47223,0.024142,172.31.36.0-255,1163,173434,17,360284
47224,0.024837,74.125.200.0-255,5738,179172,17,360284
47225,0.024844,172.31.36.0-255,66,179238,17,360284
47226,0.025682,104.244.42.0-255,66,179304,17,360284
47227,0.02569,104.244.42.0-255,66,179370,17,360284
47228,0.025778,104.244.42.0-255,66,179436,17,360284
47229,0.027136,74.125.200.0-255,5738,185174,17,360284
47230,0.02714,172.31.36.0-255,66,185240,17,360284
47231,0.029409,74.125.200.0-255,1484,186724,17,360284
47232,0.02944,74.125.200.0-255,4320,191044,17,360284
47233,0.029445,172.31.36.0-255,66,191110,17,360284
47234,0.031725,74.125.200.0-255,5738,196848,17,360284
47235,0.03173,172.31.36.0-255,66,196914,17,360284
47236,0.034005,74.125.200.0-255,5738,202652,17,360284
47237,0.034011,172.31.36.0-255,66,202718,17,360284
47238,0.036305,74.125.200.0-255,5738,208456,17,360284
47239,0.036311,172.31.36.0-255,66,208522,17,360284
47240,0.038584,74.125.200.0-255,5738,214260,17,360284
47241,0.03859,172.31.36.0-255,66,214326,17,360284
47242,0.040854,74.125.200.0-255,5738,220064,17,360284
47243,0.040859,172.31.36.0-255,66,220130,17,360284
47244,0.04312,74.125.200.0-255,5738,225868,17,360284
47245,0.043126,172.31.36.0-255,66,225934,17,360284
47246,0.04538,74.125.200.0-255,5738,231672,17,360284
47247,0.045385,172.31.36.0-255,66,231738,17,360284
47248,0.047658,74.125.200.0-255,4320,236058,17,360284
47249,0.047665,172.31.36.0-255,66,236124,17,360284
47250,0.047684,74.125.200.0-255,1484,237608,17,360284
47251,0.049928,74.125.200.0-255,4320,241928,17,360284
47252,0.049934,172.31.36.0-255,66,241994,17,360284
47253,0.052217,74.125.200.0-255,5738,247732,17,360284
47254,0.052222,172.31.36.0-255,66,247798,17,360284
47255,0.054481,74.125.200.0-255,5738,253536,17,360284
47256,0.054487,172.31.36.0-255,66,253602,17,360284
47257,0.056733,74.125.200.0-255,1484,255086,17,360284
47258,0.056759,74.125.200.0-255,4320,259406,17,360284
47259,0.056762,172.31.36.0-255,66,259472,17,360284
47260,0.059023,74.125.200.0-255,5738,265210,17,360284
47261,0.059028,172.31.36.0-255,66,265276,17,360284
47262,0.061301,74.125.200.0-255,1484,266760,17,360284
47263,0.061332,74.125.200.0-255,4320,271080,17,360284
47264,0.061337,172.31.36.0-255,66,271146,17,360284
47265,0.063609,74.125.200.0-255,4320,275466,17,360284
47266,0.063616,172.31.36.0-255,66,275532,17,360284
47267,0.063641,74.125.200.0-255,1484,277016,17,360284
47268,0.06588,74.125.200.0-255,4320,281336,17,360284
47269,0.065885,172.31.36.0-255,66,281402,17,360284
47270,0.068145,74.125.200.0-255,4320,285722,17,360284
47271,0.068151,172.31.36.0-255,66,285788,17,360284
47272,0.068183,74.125.200.0-255,1484,287272,17,360284
47273,0.070418,74.125.200.0-255,4320,291592,17,360284
47274,0.070426,172.31.36.0-255,66,291658,17,360284
47275,0.072704,74.125.200.0-255,4320,295978,17,360284
47276,0.072712,172.31.36.0-255,66,296044,17,360284
47277,0.072741,74.125.200.0-255,1484,297528,17,360284
47278,0.074993,74.125.200.0-255,4320,301848,17,360284
47279,0.074999,172.31.36.0-255,66,301914,17,360284
47280,0.077273,74.125.200.0-255,2902,304816,17,360284
47281,0.07728,172.31.36.0-255,66,304882,17,360284
47282,0.07731,74.125.200.0-255,2902,307784,17,360284
47283,0.077314,172.31.36.0-255,66,307850,17,360284
47284,0.079543,74.125.200.0-255,2902,310752,17,360284
47285,0.079548,172.31.36.0-255,66,310818,17,360284
47286,0.07958,74.125.200.0-255,2902,313720,17,360284
47287,0.079584,172.31.36.0-255,66,313786,17,360284
47288,0.081822,74.125.200.0-255,1484,315270,17,360284
47289,0.081893,74.125.200.0-255,4320,319590,17,360284
47290,0.081897,172.31.36.0-255,66,319656,17,360284
47291,0.084174,74.125.200.0-255,5738,325394,17,360284
47292,0.084179,172.31.36.0-255,66,325460,17,360284
47293,0.086445,74.125.200.0-255,5738,331198,17,360284
47294,0.086451,172.31.36.0-255,66,331264,17,360284
47295,0.088721,74.125.200.0-255,5738,337002,17,360284
47296,0.088727,172.31.36.0-255,66,337068,17,360284
47297,0.090986,74.125.200.0-255,5738,342806,17,360284
47298,0.090991,172.31.36.0-255,66,342872,17,360284
47299,0.093265,74.125.200.0-255,5738,348610,17,360284
47300,0.09327,172.31.36.0-255,66,348676,17,360284
47301,0.095539,74.125.200.0-255,5738,354414,17,360284
47302,0.095544,172.31.36.0-255,66,354480,17,360284
47303,0.097821,74.125.200.0-255,5738,360218,17,360284
47304,0.097826,172.31.36.0-255,66,360284,17,360284
47305,0.0,74.125.24.0-255,143,143,17,348617
47306,3.4e-05,172.31.36.0-255,66,209,17,348617
47307,4.1e-05,74.125.24.0-255,1484,1693,17,348617
47308,4.5e-05,172.31.36.0-255,66,1759,17,348617
47309,4.9e-05,74.125.24.0-255,2902,4661,17,348617
47310,5.2e-05,172.31.36.0-255,66,4727,17,348617
47311,6.7e-05,74.125.24.0-255,7156,11883,17,348617
47312,6.9e-05,172.31.36.0-255,66,11949,17,348617
47313,9.2e-05,74.125.24.0-255,2046,13995,17,348617
47314,9.6e-05,172.31.36.0-255,66,14061,17,348617
47315,0.000134,74.125.24.0-255,1484,15545,17,348617
47316,0.000138,172.31.36.0-255,66,15611,17,348617
47317,0.000142,74.125.24.0-255,2902,18513,17,348617
47318,0.000145,172.31.36.0-255,66,18579,17,348617
47319,0.000174,74.125.24.0-255,5738,24317,17,348617
47320,0.000177,172.31.36.0-255,66,24383,17,348617
47321,0.000184,74.125.24.0-255,6797,31180,17,348617
47322,0.000187,172.31.36.0-255,66,31246,17,348617
47323,0.000198,74.125.24.0-255,7156,38402,17,348617
47324,0.000202,172.31.36.0-255,66,38468,17,348617
47325,0.000243,172.31.36.0-255,66,38534,17,348617
47326,0.000274,74.125.24.0-255,5738,44272,17,348617
47327,0.000277,172.31.36.0-255,66,44338,17,348617
47328,0.000281,74.125.24.0-255,2902,47240,17,348617
47329,0.000284,172.31.36.0-255,66,47306,17,348617
47330,0.000309,74.125.24.0-255,4320,51626,17,348617
47331,0.000313,172.31.36.0-255,66,51692,17,348617
47332,0.000345,74.125.24.0-255,4294,55986,17,348617
47333,0.000348,172.31.36.0-255,66,56052,17,348617
47334,0.000351,74.125.24.0-255,112,56164,17,348617
47335,0.000355,172.31.36.0-255,66,56230,17,348617
47336,0.000357,74.125.24.0-255,330,56560,17,348617
47337,0.00078,172.31.36.0-255,66,56626,17,348617
47338,0.000807,74.125.24.0-255,1484,58110,17,348617
47339,0.000815,74.125.24.0-255,2902,61012,17,348617
47340,0.000818,172.31.36.0-255,66,61078,17,348617
47341,0.000825,74.125.24.0-255,5738,66816,17,348617
47342,0.000827,172.31.36.0-255,66,66882,17,348617
47343,0.000871,74.125.24.0-255,4320,71202,17,348617
47344,0.000871,172.31.36.0-255,66,71268,17,348617
47345,0.000875,172.31.36.0-255,66,71334,17,348617
47346,0.000896,172.31.36.0-255,66,71400,17,348617
47347,0.001822,74.125.24.0-255,1484,72884,17,348617
47348,0.001831,74.125.24.0-255,2902,75786,17,348617
47349,0.001835,172.31.36.0-255,66,75852,17,348617
47350,0.001843,74.125.24.0-255,5738,81590,17,348617
47351,0.001844,172.31.36.0-255,66,81656,17,348617
47352,0.001873,74.125.24.0-255,5738,87394,17,348617
47353,0.001875,172.31.36.0-255,66,87460,17,348617
47354,0.001886,74.125.24.0-255,2902,90362,17,348617
47355,0.001888,172.31.36.0-255,66,90428,17,348617
47356,0.001916,74.125.24.0-255,4320,94748,17,348617
47357,0.001918,172.31.36.0-255,66,94814,17,348617
47358,0.001923,74.125.24.0-255,4320,99134,17,348617
47359,0.001925,172.31.36.0-255,66,99200,17,348617
47360,0.001934,74.125.24.0-255,5738,104938,17,348617
47361,0.001936,172.31.36.0-255,66,105004,17,348617
47362,0.001939,74.125.24.0-255,766,105770,17,348617
47363,0.001979,74.125.24.0-255,1484,107254,17,348617
47364,0.001981,172.31.36.0-255,66,107320,17,348617
47365,0.001985,74.125.24.0-255,2902,110222,17,348617
47366,0.001986,172.31.36.0-255,66,110288,17,348617
47367,0.002009,74.125.24.0-255,5738,116026,17,348617
47368,0.002011,172.31.36.0-255,66,116092,17,348617
47369,0.002046,74.125.24.0-255,1484,117576,17,348617
47370,0.002075,172.31.36.0-255,66,117642,17,348617
47371,0.002081,74.125.24.0-255,5738,123380,17,348617
47372,0.002082,172.31.36.0-255,66,123446,17,348617
47373,0.002089,74.125.24.0-255,5020,128466,17,348617
47374,0.002091,172.31.36.0-255,66,128532,17,348617
47375,0.002147,74.125.24.0-255,4320,132852,17,348617
47376,0.00215,172.31.36.0-255,66,132918,17,348617
47377,0.002176,74.125.24.0-255,5738,138656,17,348617
47378,0.002178,172.31.36.0-255,66,138722,17,348617
47379,0.002189,172.31.36.0-255,66,138788,17,348617
47380,0.002192,74.125.24.0-255,1484,140272,17,348617
47381,0.002241,74.125.24.0-255,5738,146010,17,348617
47382,0.002243,172.31.36.0-255,66,146076,17,348617
47383,0.002272,74.125.24.0-255,5020,151096,17,348617
47384,0.002274,172.31.36.0-255,66,151162,17,348617
47385,0.002297,74.125.24.0-255,1484,152646,17,348617
47386,0.002301,74.125.24.0-255,2902,155548,17,348617
47387,0.002303,172.31.36.0-255,66,155614,17,348617
47388,0.002336,74.125.24.0-255,5738,161352,17,348617
47389,0.002339,172.31.36.0-255,66,161418,17,348617
47390,0.00235,172.31.36.0-255,66,161484,17,348617
47391,0.002371,74.125.24.0-255,2902,164386,17,348617
47392,0.002374,172.31.36.0-255,66,164452,17,348617
47393,0.002403,172.31.36.0-255,66,164518,17,348617
47394,0.004738,74.125.24.0-255,5738,170256,17,348617
47395,0.004742,172.31.36.0-255,66,170322,17,348617
47396,0.007097,74.125.24.0-255,5738,176060,17,348617
47397,0.007104,172.31.36.0-255,66,176126,17,348617
47398,0.009483,74.125.24.0-255,5738,181864,17,348617
47399,0.00949,172.31.36.0-255,66,181930,17,348617
47400,0.011841,74.125.24.0-255,5738,187668,17,348617
47401,0.011849,172.31.36.0-255,66,187734,17,348617
47402,0.014183,74.125.24.0-255,5738,193472,17,348617
47403,0.014192,172.31.36.0-255,66,193538,17,348617
47404,0.016499,74.125.24.0-255,5738,199276,17,348617
47405,0.016509,172.31.36.0-255,66,199342,17,348617
47406,0.018843,74.125.24.0-255,5738,205080,17,348617
47407,0.018851,172.31.36.0-255,66,205146,17,348617
47408,0.02118,74.125.24.0-255,5738,210884,17,348617
47409,0.021188,172.31.36.0-255,66,210950,17,348617
47410,0.023526,74.125.24.0-255,5738,216688,17,348617
47411,0.023536,172.31.36.0-255,66,216754,17,348617
47412,0.025903,74.125.24.0-255,5738,222492,17,348617
47413,0.02591,172.31.36.0-255,66,222558,17,348617
47414,0.028281,74.125.24.0-255,5738,228296,17,348617
47415,0.028287,172.31.36.0-255,66,228362,17,348617
47416,0.029485,172.31.36.0-255,172,228534,17,348617
47417,0.029515,172.31.36.0-255,1115,229649,17,348617
47418,0.029542,172.31.36.0-255,1514,231163,17,348617
47419,0.029544,172.31.36.0-255,1275,232438,17,348617
47420,0.030595,74.125.24.0-255,2902,235340,17,348617
47421,0.0306,172.31.36.0-255,66,235406,17,348617
47422,0.030629,74.125.24.0-255,2902,238308,17,348617
47423,0.030633,172.31.36.0-255,66,238374,17,348617
47424,0.031005,104.244.42.0-255,66,238440,17,348617
47425,0.031045,104.244.42.0-255,66,238506,17,348617
47426,0.031102,104.244.42.0-255,66,238572,17,348617
47427,0.032972,74.125.24.0-255,1484,240056,17,348617
47428,0.033009,74.125.24.0-255,4320,244376,17,348617
47429,0.033014,172.31.36.0-255,66,244442,17,348617
47430,0.035327,74.125.24.0-255,5738,250180,17,348617
47431,0.035332,172.31.36.0-255,66,250246,17,348617
47432,0.037631,74.125.24.0-255,5738,255984,17,348617
47433,0.037636,172.31.36.0-255,66,256050,17,348617
47434,0.040024,74.125.24.0-255,5738,261788,17,348617
47435,0.040029,172.31.36.0-255,66,261854,17,348617
47436,0.042367,74.125.24.0-255,5738,267592,17,348617
47437,0.042372,172.31.36.0-255,66,267658,17,348617
47438,0.044727,74.125.24.0-255,5738,273396,17,348617
47439,0.044732,172.31.36.0-255,66,273462,17,348617
47440,0.047066,74.125.24.0-255,5738,279200,17,348617
47441,0.047071,172.31.36.0-255,66,279266,17,348617
47442,0.049388,74.125.24.0-255,5738,285004,17,348617
47443,0.049394,172.31.36.0-255,66,285070,17,348617
47444,0.051706,74.125.24.0-255,5738,290808,17,348617
47445,0.051711,172.31.36.0-255,66,290874,17,348617
47446,0.054038,74.125.24.0-255,5738,296612,17,348617
47447,0.054044,172.31.36.0-255,66,296678,17,348617
47448,0.056387,74.125.24.0-255,5738,302416,17,348617
47449,0.056393,172.31.36.0-255,66,302482,17,348617
47450,0.058708,74.125.24.0-255,5738,308220,17,348617
47451,0.058713,172.31.36.0-255,66,308286,17,348617
47452,0.061059,74.125.24.0-255,5738,314024,17,348617
47453,0.061064,172.31.36.0-255,66,314090,17,348617
47454,0.063408,74.125.24.0-255,5738,319828,17,348617
47455,0.063413,172.31.36.0-255,66,319894,17,348617
47456,0.065753,74.125.24.0-255,5738,325632,17,348617
47457,0.065759,172.31.36.0-255,66,325698,17,348617
47458,0.068048,74.125.24.0-255,2902,328600,17,348617
47459,0.068052,172.31.36.0-255,66,328666,17,348617
47460,0.068084,74.125.24.0-255,2902,331568,17,348617
47461,0.068087,172.31.36.0-255,66,331634,17,348617
47462,0.070351,74.125.24.0-255,2902,334536,17,348617
47463,0.070356,172.31.36.0-255,66,334602,17,348617
47464,0.070396,74.125.24.0-255,2902,337504,17,348617
47465,0.070399,172.31.36.0-255,66,337570,17,348617
47466,0.07272,74.125.24.0-255,5738,343308,17,348617
47467,0.072741,172.31.36.0-255,66,343374,17,348617
47468,0.075066,74.125.24.0-255,5006,348380,17,348617
47469,0.075072,172.31.36.0-255,66,348446,17,348617
47470,0.07526,172.31.36.0-255,105,348551,17,348617
47471,0.077589,74.125.24.0-255,66,348617,17,348617
47472,0.0,172.31.36.0-255,105,105,17,99454
47473,0.071509,31.13.82.0-255,105,210,17,99454
47474,0.071534,172.31.36.0-255,66,276,17,99454
47475,0.090487,172.217.194.0-255,153,429,17,99454
47476,0.090513,172.31.36.0-255,66,495,17,99454
47477,0.09052,172.217.194.0-255,1484,1979,17,99454
47478,0.090526,172.31.36.0-255,66,2045,17,99454
47479,0.09054,172.217.194.0-255,2902,4947,17,99454
47480,0.090543,172.31.36.0-255,66,5013,17,99454
47481,0.090552,172.217.194.0-255,7156,12169,17,99454
47482,0.090555,172.31.36.0-255,66,12235,17,99454
47483,0.090568,172.31.36.0-255,66,12301,17,99454
47484,0.090624,172.31.36.0-255,66,12367,17,99454
47485,0.090637,172.31.36.0-255,66,12433,17,99454
47486,0.090662,172.217.194.0-255,4320,16753,17,99454
47487,0.090664,172.31.36.0-255,66,16819,17,99454
47488,0.090694,172.217.194.0-255,2543,19362,17,99454
47489,0.090696,172.31.36.0-255,66,19428,17,99454
47490,0.09107,172.217.194.0-255,1484,20912,17,99454
47491,0.091074,172.217.194.0-255,1484,22396,17,99454
47492,0.091085,172.31.36.0-255,66,22462,17,99454
47493,0.09109,172.31.36.0-255,66,22528,17,99454
47494,0.091093,172.217.194.0-255,1484,24012,17,99454
47495,0.091096,172.31.36.0-255,66,24078,17,99454
47496,0.091108,172.217.194.0-255,5738,29816,17,99454
47497,0.091111,172.31.36.0-255,66,29882,17,99454
47498,0.091119,172.217.194.0-255,6797,36679,17,99454
47499,0.091121,172.31.36.0-255,66,36745,17,99454
47500,0.091164,172.217.194.0-255,7156,43901,17,99454
47501,0.091167,172.31.36.0-255,66,43967,17,99454
47502,0.091186,172.31.36.0-255,66,44033,17,99454
47503,0.091223,172.217.194.0-255,1484,45517,17,99454
47504,0.091229,172.217.194.0-255,2902,48419,17,99454
47505,0.091235,172.217.194.0-255,4320,52739,17,99454
47506,0.091249,172.217.194.0-255,1484,54223,17,99454
47507,0.091264,172.217.194.0-255,4320,58543,17,99454
47508,0.091275,172.31.36.0-255,66,58609,17,99454
47509,0.09128,172.217.194.0-255,2543,61152,17,99454
47510,0.091285,172.31.36.0-255,66,61218,17,99454
47511,0.092156,172.217.194.0-255,1484,62702,17,99454
47512,0.092185,172.217.194.0-255,2902,65604,17,99454
47513,0.09219,172.31.36.0-255,66,65670,17,99454
47514,0.092198,172.217.194.0-255,5738,71408,17,99454
47515,0.0922,172.31.36.0-255,66,71474,17,99454
47516,0.092209,172.217.194.0-255,2902,74376,17,99454
47517,0.092212,172.31.36.0-255,66,74442,17,99454
47518,0.092255,172.31.36.0-255,66,74508,17,99454
47519,0.092275,172.31.36.0-255,66,74574,17,99454
47520,0.09231,172.31.36.0-255,66,74640,17,99454
47521,0.092313,172.217.194.0-255,766,75406,17,99454
47522,0.092317,172.217.194.0-255,1484,76890,17,99454
47523,0.092319,172.31.36.0-255,66,76956,17,99454
47524,0.092329,172.217.194.0-255,2902,79858,17,99454
47525,0.092331,172.31.36.0-255,66,79924,17,99454
47526,0.092338,172.217.194.0-255,5738,85662,17,99454
47527,0.09234,172.31.36.0-255,66,85728,17,99454
47528,0.092345,172.217.194.0-255,2902,88630,17,99454
47529,0.092394,172.217.194.0-255,5738,94368,17,99454
47530,0.092417,172.217.194.0-255,5020,99388,17,99454
47531,0.098354,172.31.36.0-255,66,99454,17,99454
47532,0.0,74.125.68.0-255,219,219,17,345942
47533,2.4e-05,172.31.36.0-255,66,285,17,345942
47534,3e-05,74.125.68.0-255,1484,1769,17,345942
47535,3.5e-05,172.31.36.0-255,66,1835,17,345942
47536,3.8e-05,74.125.68.0-255,1484,3319,17,345942
47537,4e-05,172.31.36.0-255,66,3385,17,345942
47538,6.2e-05,74.125.68.0-255,2902,6287,17,345942
47539,6.5e-05,172.31.36.0-255,66,6353,17,345942
47540,6.9e-05,74.125.68.0-255,2902,9255,17,345942
47541,7.1e-05,172.31.36.0-255,66,9321,17,345942
47542,7.5e-05,74.125.68.0-255,4320,13641,17,345942
47543,7.8e-05,172.31.36.0-255,66,13707,17,345942
47544,0.000104,74.125.68.0-255,1484,15191,17,345942
47545,0.000107,172.31.36.0-255,66,15257,17,345942
47546,0.000122,74.125.68.0-255,3244,18501,17,345942
47547,0.000125,172.31.36.0-255,66,18567,17,345942
47548,0.000132,74.125.68.0-255,5738,24305,17,345942
47549,0.000134,172.31.36.0-255,66,24371,17,345942
47550,0.000183,74.125.68.0-255,4320,28691,17,345942
47551,0.000186,172.31.36.0-255,66,28757,17,345942
47552,0.000203,74.125.68.0-255,2543,31300,17,345942
47553,0.000206,172.31.36.0-255,66,31366,17,345942
47554,0.000272,74.125.68.0-255,1484,32850,17,345942
47555,0.000275,172.31.36.0-255,66,32916,17,345942
47556,0.00028,74.125.68.0-255,2902,35818,17,345942
47557,0.000283,172.31.36.0-255,66,35884,17,345942
47558,0.000317,74.125.68.0-255,5738,41622,17,345942
47559,0.000321,172.31.36.0-255,66,41688,17,345942
47560,0.000325,74.125.68.0-255,2902,44590,17,345942
47561,0.000328,172.31.36.0-255,66,44656,17,345942
47562,0.000332,74.125.68.0-255,2902,47558,17,345942
47563,0.000335,172.31.36.0-255,66,47624,17,345942
47564,0.000363,74.125.68.0-255,7156,54780,17,345942
47565,0.000366,172.31.36.0-255,66,54846,17,345942
47566,0.000372,74.125.68.0-255,4320,59166,17,345942
47567,0.000375,172.31.36.0-255,66,59232,17,345942
47568,0.000377,74.125.68.0-255,1484,60716,17,345942
47569,0.0004,74.125.68.0-255,4320,65036,17,345942
47570,0.000403,172.31.36.0-255,66,65102,17,345942
47571,0.000406,74.125.68.0-255,766,65868,17,345942
47572,0.000436,74.125.68.0-255,361,66229,17,345942
47573,0.000508,74.125.68.0-255,1484,67713,17,345942
47574,0.000513,172.31.36.0-255,66,67779,17,345942
47575,0.000526,74.125.68.0-255,2902,70681,17,345942
47576,0.000528,172.31.36.0-255,66,70747,17,345942
47577,0.000534,74.125.68.0-255,4320,75067,17,345942
47578,0.000536,172.31.36.0-255,66,75133,17,345942
47579,0.000554,74.125.68.0-255,1484,76617,17,345942
47580,0.000577,74.125.68.0-255,6533,83150,17,345942
47581,0.000581,172.31.36.0-255,66,83216,17,345942
47582,0.000588,74.125.68.0-255,7156,90372,17,345942
47583,0.000591,172.31.36.0-255,66,90438,17,345942
47584,0.000609,74.125.68.0-255,1484,91922,17,345942
47585,0.000631,172.31.36.0-255,66,91988,17,345942
47586,0.000698,74.125.68.0-255,1484,93472,17,345942
47587,0.000714,74.125.68.0-255,1484,94956,17,345942
47588,0.000717,172.31.36.0-255,66,95022,17,345942
47589,0.000722,74.125.68.0-255,2902,97924,17,345942
47590,0.000724,172.31.36.0-255,66,97990,17,345942
47591,0.000747,74.125.68.0-255,5738,103728,17,345942
47592,0.00075,172.31.36.0-255,66,103794,17,345942
47593,0.000769,74.125.68.0-255,4320,108114,17,345942
47594,0.000772,172.31.36.0-255,66,108180,17,345942
47595,0.000801,74.125.68.0-255,5379,113559,17,345942
47596,0.000804,172.31.36.0-255,66,113625,17,345942
47597,0.000829,172.31.36.0-255,66,113691,17,345942
47598,0.000864,74.125.68.0-255,3961,117652,17,345942
47599,0.000868,172.31.36.0-255,66,117718,17,345942
47600,0.000903,74.125.68.0-255,4320,122038,17,345942
47601,0.000907,172.31.36.0-255,66,122104,17,345942
47602,0.000935,74.125.68.0-255,1484,123588,17,345942
47603,0.00094,74.125.68.0-255,2902,126490,17,345942
47604,0.000943,172.31.36.0-255,66,126556,17,345942
47605,0.000949,74.125.68.0-255,5738,132294,17,345942
47606,0.000951,172.31.36.0-255,66,132360,17,345942
47607,0.000984,172.31.36.0-255,66,132426,17,345942
47608,0.001031,74.125.68.0-255,1484,133910,17,345942
47609,0.001058,172.31.36.0-255,66,133976,17,345942
47610,0.001115,74.125.68.0-255,1484,135460,17,345942
47611,0.001129,74.125.68.0-255,2902,138362,17,345942
47612,0.001133,172.31.36.0-255,66,138428,17,345942
47613,0.001173,74.125.68.0-255,5738,144166,17,345942
47614,0.001177,172.31.36.0-255,66,144232,17,345942
47615,0.001216,74.125.68.0-255,4320,148552,17,345942
47616,0.00122,172.31.36.0-255,66,148618,17,345942
47617,0.001242,74.125.68.0-255,1484,150102,17,345942
47618,0.00125,74.125.68.0-255,7156,157258,17,345942
47619,0.001253,172.31.36.0-255,66,157324,17,345942
47620,0.001263,172.31.36.0-255,66,157390,17,345942
47621,0.001266,74.125.68.0-255,1484,158874,17,345942
47622,0.001285,74.125.68.0-255,2184,161058,17,345942
47623,0.001288,172.31.36.0-255,66,161124,17,345942
47624,0.001302,74.125.68.0-255,4320,165444,17,345942
47625,0.001306,172.31.36.0-255,66,165510,17,345942
47626,0.001342,172.31.36.0-255,66,165576,17,345942
47627,0.001348,74.125.68.0-255,4320,169896,17,345942
47628,0.00135,172.31.36.0-255,66,169962,17,345942
47629,0.001372,74.125.68.0-255,5738,175700,17,345942
47630,0.001376,172.31.36.0-255,66,175766,17,345942
47631,0.001385,172.31.36.0-255,66,175832,17,345942
47632,0.001401,74.125.68.0-255,766,176598,17,345942
47633,0.001438,74.125.68.0-255,1484,178082,17,345942
47634,0.001441,172.31.36.0-255,66,178148,17,345942
47635,0.001459,74.125.68.0-255,2902,181050,17,345942
47636,0.001462,172.31.36.0-255,66,181116,17,345942
47637,0.001468,74.125.68.0-255,5738,186854,17,345942
47638,0.00147,172.31.36.0-255,66,186920,17,345942
47639,0.001473,74.125.68.0-255,2902,189822,17,345942
47640,0.001477,172.31.36.0-255,66,189888,17,345942
47641,0.001503,74.125.68.0-255,4320,194208,17,345942
47642,0.001508,172.31.36.0-255,66,194274,17,345942
47643,0.00154,172.31.36.0-255,66,194340,17,345942
47644,0.001544,74.125.68.0-255,2902,197242,17,345942
47645,0.001546,172.31.36.0-255,66,197308,17,345942
47646,0.001587,74.125.68.0-255,5020,202328,17,345942
47647,0.001592,172.31.36.0-255,66,202394,17,345942
47648,0.001966,74.125.68.0-255,1484,203878,17,345942
47649,0.001975,74.125.68.0-255,2902,206780,17,345942
47650,0.001979,172.31.36.0-255,66,206846,17,345942
47651,0.001983,74.125.68.0-255,1484,208330,17,345942
47652,0.002,74.125.68.0-255,5738,214068,17,345942
47653,0.002003,172.31.36.0-255,66,214134,17,345942
47654,0.002042,74.125.68.0-255,7156,221290,17,345942
47655,0.002047,172.31.36.0-255,66,221356,17,345942
47656,0.002076,172.31.36.0-255,66,221422,17,345942
47657,0.002096,74.125.68.0-255,6438,227860,17,345942
47658,0.002099,172.31.36.0-255,66,227926,17,345942
47659,0.002226,74.125.68.0-255,1484,229410,17,345942
47660,0.002232,74.125.68.0-255,1484,230894,17,345942
47661,0.002237,172.31.36.0-255,66,230960,17,345942
47662,0.002243,74.125.68.0-255,2902,233862,17,345942
47663,0.002245,172.31.36.0-255,66,233928,17,345942
47664,0.004451,74.125.68.0-255,2902,236830,17,345942
47665,0.004454,172.31.36.0-255,66,236896,17,345942
47666,0.004471,74.125.68.0-255,2902,239798,17,345942
47667,0.004473,172.31.36.0-255,66,239864,17,345942
47668,0.006681,74.125.68.0-255,4320,244184,17,345942
47669,0.006688,172.31.36.0-255,66,244250,17,345942
47670,0.006703,74.125.68.0-255,1484,245734,17,345942
47671,0.00891,74.125.68.0-255,4320,250054,17,345942
47672,0.008916,172.31.36.0-255,66,250120,17,345942
47673,0.011147,74.125.68.0-255,5738,255858,17,345942
47674,0.011155,172.31.36.0-255,66,255924,17,345942
47675,0.013386,74.125.68.0-255,5738,261662,17,345942
47676,0.013394,172.31.36.0-255,66,261728,17,345942
47677,0.01562,74.125.68.0-255,5738,267466,17,345942
47678,0.015628,172.31.36.0-255,66,267532,17,345942
47679,0.01786,74.125.68.0-255,5738,273270,17,345942
47680,0.017869,172.31.36.0-255,66,273336,17,345942
47681,0.020092,74.125.68.0-255,5738,279074,17,345942
47682,0.020099,172.31.36.0-255,66,279140,17,345942
47683,0.022341,74.125.68.0-255,5738,284878,17,345942
47684,0.02235,172.31.36.0-255,66,284944,17,345942
47685,0.024617,74.125.68.0-255,5738,290682,17,345942
47686,0.024624,172.31.36.0-255,66,290748,17,345942
47687,0.026848,74.125.68.0-255,5738,296486,17,345942
47688,0.026855,172.31.36.0-255,66,296552,17,345942
47689,0.029074,74.125.68.0-255,5738,302290,17,345942
47690,0.029081,172.31.36.0-255,66,302356,17,345942
47691,0.031312,74.125.68.0-255,5738,308094,17,345942
47692,0.03132,172.31.36.0-255,66,308160,17,345942
47693,0.033084,172.31.36.0-255,187,308347,17,345942
47694,0.033115,172.31.36.0-255,985,309332,17,345942
47695,0.033176,172.31.36.0-255,1514,310846,17,345942
47696,0.033178,172.31.36.0-255,1403,312249,17,345942
47697,0.03355,74.125.68.0-255,5738,317987,17,345942
47698,0.033557,172.31.36.0-255,66,318053,17,345942
47699,0.034639,104.244.42.0-255,66,318119,17,345942
47700,0.034687,104.244.42.0-255,66,318185,17,345942
47701,0.034728,104.244.42.0-255,66,318251,17,345942
47702,0.03534,104.244.42.0-255,108,318359,17,345942
47703,0.035361,172.31.36.0-255,66,318425,17,345942
47704,0.035781,74.125.68.0-255,5738,324163,17,345942
47705,0.035785,172.31.36.0-255,66,324229,17,345942
47706,0.038007,74.125.68.0-255,5738,329967,17,345942
47707,0.038012,172.31.36.0-255,66,330033,17,345942
47708,0.04023,74.125.68.0-255,5738,335771,17,345942
47709,0.040235,172.31.36.0-255,66,335837,17,345942
47710,0.042469,74.125.68.0-255,5738,341575,17,345942
47711,0.042475,172.31.36.0-255,66,341641,17,345942
47712,0.044692,74.125.68.0-255,4064,345705,17,345942
47713,0.044699,172.31.36.0-255,66,345771,17,345942
47714,0.044891,172.31.36.0-255,105,345876,17,345942
47715,0.047077,74.125.68.0-255,66,345942,17,345942
47716,0.0,74.125.68.0-255,151,151,17,380192
47717,4e-05,172.31.36.0-255,66,217,17,380192
47718,4.8e-05,74.125.68.0-255,1484,1701,17,380192
47719,5.3e-05,172.31.36.0-255,66,1767,17,380192
47720,5.8e-05,74.125.68.0-255,2902,4669,17,380192
47721,6.2e-05,172.31.36.0-255,66,4735,17,380192
47722,6.7e-05,74.125.68.0-255,2902,7637,17,380192
47723,7e-05,172.31.36.0-255,66,7703,17,380192
47724,7.7e-05,74.125.68.0-255,4320,12023,17,380192
47725,8e-05,172.31.36.0-255,66,12089,17,380192
47726,8.4e-05,74.125.68.0-255,2066,14155,17,380192
47727,8.6e-05,172.31.36.0-255,66,14221,17,380192
47728,0.000122,74.125.68.0-255,1484,15705,17,380192
47729,0.000125,172.31.36.0-255,66,15771,17,380192
47730,0.000157,74.125.68.0-255,2902,18673,17,380192
47731,0.000159,172.31.36.0-255,66,18739,17,380192
47732,0.000166,74.125.68.0-255,5738,24477,17,380192
47733,0.000168,172.31.36.0-255,66,24543,17,380192
47734,0.000171,74.125.68.0-255,1484,26027,17,380192
47735,0.000173,172.31.36.0-255,66,26093,17,380192
47736,0.000196,74.125.68.0-255,1484,27577,17,380192
47737,0.000198,172.31.36.0-255,66,27643,17,380192
47738,0.000236,172.31.36.0-255,66,27709,17,380192
47739,0.000254,74.125.68.0-255,1484,29193,17,380192
47740,0.000256,172.31.36.0-255,66,29259,17,380192
47741,0.000279,74.125.68.0-255,5738,34997,17,380192
47742,0.000282,172.31.36.0-255,66,35063,17,380192
47743,0.000298,74.125.68.0-255,1484,36547,17,380192
47744,0.0003,172.31.36.0-255,66,36613,17,380192
47745,0.000304,74.125.68.0-255,1484,38097,17,380192
47746,0.000306,172.31.36.0-255,66,38163,17,380192
47747,0.00031,74.125.68.0-255,2543,40706,17,380192
47748,0.000312,172.31.36.0-255,66,40772,17,380192
47749,0.000964,74.125.68.0-255,1484,42256,17,380192
47750,0.000991,74.125.68.0-255,1484,43740,17,380192
47751,0.000996,172.31.36.0-255,66,43806,17,380192
47752,0.001002,74.125.68.0-255,2902,46708,17,380192
47753,0.001005,172.31.36.0-255,66,46774,17,380192
47754,0.00101,74.125.68.0-255,5738,52512,17,380192
47755,0.001012,172.31.36.0-255,66,52578,17,380192
47756,0.001039,74.125.68.0-255,5379,57957,17,380192
47757,0.001041,172.31.36.0-255,66,58023,17,380192
47758,0.001045,74.125.68.0-255,1484,59507,17,380192
47759,0.001082,74.125.68.0-255,2902,62409,17,380192
47760,0.001084,172.31.36.0-255,66,62475,17,380192
47761,0.001097,74.125.68.0-255,1484,63959,17,380192
47762,0.001108,172.31.36.0-255,66,64025,17,380192
47763,0.001127,74.125.68.0-255,1484,65509,17,380192
47764,0.001141,74.125.68.0-255,4542,70051,17,380192
47765,0.001144,172.31.36.0-255,66,70117,17,380192
47766,0.001182,74.125.68.0-255,4320,74437,17,380192
47767,0.001184,172.31.36.0-255,66,74503,17,380192
47768,0.001197,74.125.68.0-255,1484,75987,17,380192
47769,0.001214,74.125.68.0-255,7156,83143,17,380192
47770,0.001217,74.125.68.0-255,1125,84268,17,380192
47771,0.001225,172.31.36.0-255,66,84334,17,380192
47772,0.001595,172.31.36.0-255,66,84400,17,380192
47773,0.001993,74.125.68.0-255,1484,85884,17,380192
47774,0.002004,74.125.68.0-255,2902,88786,17,380192
47775,0.002008,172.31.36.0-255,66,88852,17,380192
47776,0.002017,74.125.68.0-255,5738,94590,17,380192
47777,0.002019,172.31.36.0-255,66,94656,17,380192
47778,0.002025,74.125.68.0-255,5738,100394,17,380192
47779,0.002027,172.31.36.0-255,66,100460,17,380192
47780,0.002033,74.125.68.0-255,4320,104780,17,380192
47781,0.002035,172.31.36.0-255,66,104846,17,380192
47782,0.002052,74.125.68.0-255,2902,107748,17,380192
47783,0.002054,172.31.36.0-255,66,107814,17,380192
47784,0.002067,172.31.36.0-255,66,107880,17,380192
47785,0.004113,74.125.68.0-255,5738,113618,17,380192
47786,0.00412,172.31.36.0-255,66,113684,17,380192
47787,0.006165,74.125.68.0-255,5738,119422,17,380192
47788,0.00617,172.31.36.0-255,66,119488,17,380192
47789,0.008236,74.125.68.0-255,5738,125226,17,380192
47790,0.008247,172.31.36.0-255,66,125292,17,380192
47791,0.010312,74.125.68.0-255,5738,131030,17,380192
47792,0.010328,172.31.36.0-255,66,131096,17,380192
47793,0.012397,74.125.68.0-255,5738,136834,17,380192
47794,0.012415,172.31.36.0-255,66,136900,17,380192
47795,0.014487,74.125.68.0-255,5738,142638,17,380192
47796,0.014503,172.31.36.0-255,66,142704,17,380192
47797,0.016562,74.125.68.0-255,5738,148442,17,380192
47798,0.016579,172.31.36.0-255,66,148508,17,380192
47799,0.01864,74.125.68.0-255,5738,154246,17,380192
47800,0.018653,172.31.36.0-255,66,154312,17,380192
47801,0.020717,74.125.68.0-255,5738,160050,17,380192
47802,0.020727,172.31.36.0-255,66,160116,17,380192
47803,0.022026,172.31.36.0-255,172,160288,17,380192
47804,0.022091,172.31.36.0-255,1116,161404,17,380192
47805,0.022111,172.31.36.0-255,1514,162918,17,380192
47806,0.022113,172.31.36.0-255,1272,164190,17,380192
47807,0.022787,74.125.68.0-255,5738,169928,17,380192
47808,0.022797,172.31.36.0-255,66,169994,17,380192
47809,0.023569,104.244.42.0-255,66,170060,17,380192
47810,0.02369,104.244.42.0-255,66,170126,17,380192
47811,0.023692,104.244.42.0-255,66,170192,17,380192
47812,0.024838,74.125.68.0-255,4320,174512,17,380192
47813,0.024843,172.31.36.0-255,66,174578,17,380192
47814,0.024872,74.125.68.0-255,1484,176062,17,380192
47815,0.026898,74.125.68.0-255,4320,180382,17,380192
47816,0.026905,172.31.36.0-255,66,180448,17,380192
47817,0.028942,74.125.68.0-255,4320,184768,17,380192
47818,0.028949,172.31.36.0-255,66,184834,17,380192
47819,0.028975,74.125.68.0-255,1484,186318,17,380192
47820,0.030977,74.125.68.0-255,4320,190638,17,380192
47821,0.030984,172.31.36.0-255,66,190704,17,380192
47822,0.03302,74.125.68.0-255,4320,195024,17,380192
47823,0.033028,172.31.36.0-255,66,195090,17,380192
47824,0.033058,74.125.68.0-255,1484,196574,17,380192
47825,0.035071,74.125.68.0-255,4320,200894,17,380192
47826,0.035079,172.31.36.0-255,66,200960,17,380192
47827,0.037123,74.125.68.0-255,5738,206698,17,380192
47828,0.037132,172.31.36.0-255,66,206764,17,380192
47829,0.039182,74.125.68.0-255,5738,212502,17,380192
47830,0.039189,172.31.36.0-255,66,212568,17,380192
47831,0.041256,74.125.68.0-255,5738,218306,17,380192
47832,0.041269,172.31.36.0-255,66,218372,17,380192
47833,0.043353,74.125.68.0-255,5738,224110,17,380192
47834,0.04337,172.31.36.0-255,66,224176,17,380192
47835,0.045444,74.125.68.0-255,5738,229914,17,380192
47836,0.045458,172.31.36.0-255,66,229980,17,380192
47837,0.047525,74.125.68.0-255,5738,235718,17,380192
47838,0.047538,172.31.36.0-255,66,235784,17,380192
47839,0.049589,74.125.68.0-255,5738,241522,17,380192
47840,0.0496,172.31.36.0-255,66,241588,17,380192
47841,0.05165,74.125.68.0-255,5738,247326,17,380192
47842,0.051661,172.31.36.0-255,66,247392,17,380192
47843,0.053706,74.125.68.0-255,5738,253130,17,380192
47844,0.053716,172.31.36.0-255,66,253196,17,380192
47845,0.055764,74.125.68.0-255,5738,258934,17,380192
47846,0.05577,172.31.36.0-255,66,259000,17,380192
47847,0.057825,74.125.68.0-255,5738,264738,17,380192
47848,0.057831,172.31.36.0-255,66,264804,17,380192
47849,0.059872,74.125.68.0-255,5738,270542,17,380192
47850,0.059878,172.31.36.0-255,66,270608,17,380192
47851,0.061922,74.125.68.0-255,5738,276346,17,380192
47852,0.061928,172.31.36.0-255,66,276412,17,380192
47853,0.063969,74.125.68.0-255,4320,280732,17,380192
47854,0.063975,172.31.36.0-255,66,280798,17,380192
47855,0.063999,74.125.68.0-255,1484,282282,17,380192
47856,0.066014,74.125.68.0-255,4320,286602,17,380192
47857,0.06602,172.31.36.0-255,66,286668,17,380192
47858,0.068066,74.125.68.0-255,5738,292406,17,380192
47859,0.068077,172.31.36.0-255,66,292472,17,380192
47860,0.070123,74.125.68.0-255,5738,298210,17,380192
47861,0.070136,172.31.36.0-255,66,298276,17,380192
47862,0.072193,74.125.68.0-255,5738,304014,17,380192
47863,0.072205,172.31.36.0-255,66,304080,17,380192
47864,0.07426,74.125.68.0-255,5738,309818,17,380192
47865,0.074269,172.31.36.0-255,66,309884,17,380192
47866,0.076327,74.125.68.0-255,2902,312786,17,380192
47867,0.076336,172.31.36.0-255,66,312852,17,380192
47868,0.076371,74.125.68.0-255,2902,315754,17,380192
47869,0.076375,172.31.36.0-255,66,315820,17,380192
47870,0.078393,74.125.68.0-255,2902,318722,17,380192
47871,0.078406,172.31.36.0-255,66,318788,17,380192
47872,0.078442,74.125.68.0-255,2902,321690,17,380192
47873,0.078446,172.31.36.0-255,66,321756,17,380192
47874,0.080456,74.125.68.0-255,2902,324658,17,380192
47875,0.08047,172.31.36.0-255,66,324724,17,380192
47876,0.080502,74.125.68.0-255,2902,327626,17,380192
47877,0.080506,172.31.36.0-255,66,327692,17,380192
47878,0.082515,74.125.68.0-255,2902,330594,17,380192
47879,0.082524,172.31.36.0-255,66,330660,17,380192
47880,0.082555,74.125.68.0-255,2902,333562,17,380192
47881,0.082558,172.31.36.0-255,66,333628,17,380192
47882,0.08457,74.125.68.0-255,2902,336530,17,380192
47883,0.084576,172.31.36.0-255,66,336596,17,380192
47884,0.084607,74.125.68.0-255,2902,339498,17,380192
47885,0.084611,172.31.36.0-255,66,339564,17,380192
47886,0.086631,74.125.68.0-255,5738,345302,17,380192
47887,0.086636,172.31.36.0-255,66,345368,17,380192
47888,0.088674,74.125.68.0-255,5738,351106,17,380192
47889,0.08868,172.31.36.0-255,66,351172,17,380192
47890,0.090722,74.125.68.0-255,5738,356910,17,380192
47891,0.090733,172.31.36.0-255,66,356976,17,380192
47892,0.092787,74.125.68.0-255,5738,362714,17,380192
47893,0.092798,172.31.36.0-255,66,362780,17,380192
47894,0.09485,74.125.68.0-255,5738,368518,17,380192
47895,0.094865,172.31.36.0-255,66,368584,17,380192
47896,0.09692,74.125.68.0-255,5738,374322,17,380192
47897,0.096934,172.31.36.0-255,66,374388,17,380192
47898,0.098991,74.125.68.0-255,5738,380126,17,380192
47899,0.099005,172.31.36.0-255,66,380192,17,380192
47900,0.0,74.125.24.0-255,146,146,17,211167
47901,2.4e-05,172.31.36.0-255,66,212,17,211167
47902,3.1e-05,74.125.24.0-255,1484,1696,17,211167
47903,3.5e-05,172.31.36.0-255,66,1762,17,211167
47904,7.3e-05,74.125.24.0-255,2902,4664,17,211167
47905,7.6e-05,172.31.36.0-255,66,4730,17,211167
47906,8.3e-05,74.125.24.0-255,5738,10468,17,211167
47907,8.5e-05,172.31.36.0-255,66,10534,17,211167
47908,0.000186,74.125.24.0-255,3498,14032,17,211167
47909,0.000189,172.31.36.0-255,66,14098,17,211167
47910,0.00025,74.125.24.0-255,4320,18418,17,211167
47911,0.000254,172.31.36.0-255,66,18484,17,211167
47912,0.000326,172.31.36.0-255,66,18550,17,211167
47913,0.00049,74.125.24.0-255,2543,21093,17,211167
47914,0.000495,172.31.36.0-255,66,21159,17,211167
47915,0.000531,74.125.24.0-255,2902,24061,17,211167
47916,0.000535,172.31.36.0-255,66,24127,17,211167
47917,0.000587,74.125.24.0-255,7156,31283,17,211167
47918,0.000591,172.31.36.0-255,66,31349,17,211167
47919,0.000743,172.31.36.0-255,66,31415,17,211167
47920,0.000771,74.125.24.0-255,5379,36794,17,211167
47921,0.000775,172.31.36.0-255,66,36860,17,211167
47922,0.000979,74.125.24.0-255,7156,44016,17,211167
47923,0.000983,172.31.36.0-255,66,44082,17,211167
47924,0.001008,74.125.24.0-255,1125,45207,17,211167
47925,0.00101,172.31.36.0-255,66,45273,17,211167
47926,0.001105,74.125.24.0-255,646,45919,17,211167
47927,0.001108,172.31.36.0-255,66,45985,17,211167
47928,0.001146,172.31.36.0-255,66,46051,17,211167
47929,0.001338,172.31.36.0-255,66,46117,17,211167
47930,0.001388,172.31.36.0-255,66,46183,17,211167
47931,0.001727,172.31.36.0-255,66,46249,17,211167
47932,0.006557,172.31.36.0-255,66,46315,17,211167
47933,0.008886,74.125.24.0-255,5738,52053,17,211167
47934,0.008893,172.31.36.0-255,66,52119,17,211167
47935,0.011189,74.125.24.0-255,2902,55021,17,211167
47936,0.011198,172.31.36.0-255,66,55087,17,211167
47937,0.011228,74.125.24.0-255,2902,57989,17,211167
47938,0.011574,172.31.36.0-255,66,58055,17,211167
47939,0.013507,74.125.24.0-255,2902,60957,17,211167
47940,0.013514,172.31.36.0-255,66,61023,17,211167
47941,0.013876,74.125.24.0-255,2902,63925,17,211167
47942,0.014735,172.31.36.0-255,66,63991,17,211167
47943,0.015831,74.125.24.0-255,2902,66893,17,211167
47944,0.01584,172.31.36.0-255,66,66959,17,211167
47945,0.017027,74.125.24.0-255,2902,69861,17,211167
47946,0.018101,172.31.36.0-255,66,69927,17,211167
47947,0.018152,74.125.24.0-255,2902,72829,17,211167
47948,0.018171,172.31.36.0-255,66,72895,17,211167
47949,0.020413,74.125.24.0-255,2902,75797,17,211167
47950,0.020421,172.31.36.0-255,66,75863,17,211167
47951,0.020486,74.125.24.0-255,2902,78765,17,211167
47952,0.020521,172.31.36.0-255,66,78831,17,211167
47953,0.022708,74.125.24.0-255,2902,81733,17,211167
47954,0.022716,172.31.36.0-255,66,81799,17,211167
47955,0.022813,74.125.24.0-255,2902,84701,17,211167
47956,0.022915,172.31.36.0-255,66,84767,17,211167
47957,0.02503,74.125.24.0-255,2902,87669,17,211167
47958,0.025037,172.31.36.0-255,66,87735,17,211167
47959,0.025206,74.125.24.0-255,2902,90637,17,211167
47960,0.02521,172.31.36.0-255,66,90703,17,211167
47961,0.02737,74.125.24.0-255,2902,93605,17,211167
47962,0.027378,172.31.36.0-255,66,93671,17,211167
47963,0.027532,74.125.24.0-255,2902,96573,17,211167
47964,0.027538,172.31.36.0-255,66,96639,17,211167
47965,0.029682,74.125.24.0-255,2902,99541,17,211167
47966,0.029695,172.31.36.0-255,66,99607,17,211167
47967,0.029861,74.125.24.0-255,2902,102509,17,211167
47968,0.029956,172.31.36.0-255,66,102575,17,211167
47969,0.031988,74.125.24.0-255,2902,105477,17,211167
47970,0.031996,172.31.36.0-255,66,105543,17,211167
47971,0.032267,74.125.24.0-255,2902,108445,17,211167
47972,0.032273,172.31.36.0-255,66,108511,17,211167
47973,0.034281,74.125.24.0-255,2902,111413,17,211167
47974,0.034288,172.31.36.0-255,66,111479,17,211167
47975,0.034583,74.125.24.0-255,2902,114381,17,211167
47976,0.034589,172.31.36.0-255,66,114447,17,211167
47977,0.035808,172.31.36.0-255,172,114619,17,211167
47978,0.035836,172.31.36.0-255,1117,115736,17,211167
47979,0.035897,172.31.36.0-255,1514,117250,17,211167
47980,0.035899,172.31.36.0-255,1273,118523,17,211167
47981,0.036588,74.125.24.0-255,2902,121425,17,211167
47982,0.036595,172.31.36.0-255,66,121491,17,211167
47983,0.0369,74.125.24.0-255,2902,124393,17,211167
47984,0.036907,172.31.36.0-255,66,124459,17,211167
47985,0.037344,104.244.42.0-255,66,124525,17,211167
47986,0.037408,104.244.42.0-255,66,124591,17,211167
47987,0.03743,104.244.42.0-255,66,124657,17,211167
47988,0.038913,74.125.24.0-255,2902,127559,17,211167
47989,0.038919,172.31.36.0-255,66,127625,17,211167
47990,0.039207,74.125.24.0-255,2902,130527,17,211167
47991,0.039213,172.31.36.0-255,66,130593,17,211167
47992,0.041202,74.125.24.0-255,2902,133495,17,211167
47993,0.041209,172.31.36.0-255,66,133561,17,211167
47994,0.04152,74.125.24.0-255,2902,136463,17,211167
47995,0.041526,172.31.36.0-255,66,136529,17,211167
47996,0.043501,74.125.24.0-255,2902,139431,17,211167
47997,0.043508,172.31.36.0-255,66,139497,17,211167
47998,0.043817,74.125.24.0-255,2902,142399,17,211167
47999,0.043823,172.31.36.0-255,66,142465,17,211167
48000,0.045834,74.125.24.0-255,2902,145367,17,211167
48001,0.045842,172.31.36.0-255,66,145433,17,211167
48002,0.046132,74.125.24.0-255,2902,148335,17,211167
48003,0.046138,172.31.36.0-255,66,148401,17,211167
48004,0.048139,74.125.24.0-255,2902,151303,17,211167
48005,0.048149,172.31.36.0-255,66,151369,17,211167
48006,0.048436,74.125.24.0-255,2902,154271,17,211167
48007,0.048442,172.31.36.0-255,66,154337,17,211167
48008,0.050463,74.125.24.0-255,2902,157239,17,211167
48009,0.05047,172.31.36.0-255,66,157305,17,211167
48010,0.050753,74.125.24.0-255,2902,160207,17,211167
48011,0.05076,172.31.36.0-255,66,160273,17,211167
48012,0.052775,74.125.24.0-255,2902,163175,17,211167
48013,0.052783,172.31.36.0-255,66,163241,17,211167
48014,0.053038,74.125.24.0-255,2902,166143,17,211167
48015,0.053044,172.31.36.0-255,66,166209,17,211167
48016,0.055086,74.125.24.0-255,2902,169111,17,211167
48017,0.055093,172.31.36.0-255,66,169177,17,211167
48018,0.055373,74.125.24.0-255,2902,172079,17,211167
48019,0.05538,172.31.36.0-255,66,172145,17,211167
48020,0.057391,74.125.24.0-255,2902,175047,17,211167
48021,0.057398,172.31.36.0-255,66,175113,17,211167
48022,0.057691,74.125.24.0-255,2902,178015,17,211167
48023,0.057698,172.31.36.0-255,66,178081,17,211167
48024,0.059694,74.125.24.0-255,2902,180983,17,211167
48025,0.059701,172.31.36.0-255,66,181049,17,211167
48026,0.059976,74.125.24.0-255,2902,183951,17,211167
48027,0.060473,172.31.36.0-255,66,184017,17,211167
48028,0.06201,74.125.24.0-255,2902,186919,17,211167
48029,0.06203,172.31.36.0-255,66,186985,17,211167
48030,0.062771,74.125.24.0-255,2902,189887,17,211167
48031,0.062778,172.31.36.0-255,66,189953,17,211167
48032,0.064321,74.125.24.0-255,2902,192855,17,211167
48033,0.064328,172.31.36.0-255,66,192921,17,211167
48034,0.065107,74.125.24.0-255,2902,195823,17,211167
48035,0.065114,172.31.36.0-255,66,195889,17,211167
48036,0.066645,74.125.24.0-255,2902,198791,17,211167
48037,0.066656,172.31.36.0-255,66,198857,17,211167
48038,0.067426,74.125.24.0-255,2902,201759,17,211167
48039,0.067433,172.31.36.0-255,66,201825,17,211167
48040,0.06896,74.125.24.0-255,2902,204727,17,211167
48041,0.068967,172.31.36.0-255,66,204793,17,211167
48042,0.069739,74.125.24.0-255,2902,207695,17,211167
48043,0.069745,172.31.36.0-255,66,207761,17,211167
48044,0.071284,74.125.24.0-255,2902,210663,17,211167
48045,0.071291,172.31.36.0-255,66,210729,17,211167
48046,0.072022,74.125.24.0-255,201,210930,17,211167
48047,0.072161,172.31.36.0-255,66,210996,17,211167
48048,0.072199,172.31.36.0-255,105,211101,17,211167
48049,0.074486,74.125.24.0-255,66,211167,17,211167
48050,0.0,172.217.194.0-255,153,153,17,180783
48051,2.8e-05,172.31.36.0-255,66,219,17,180783
48052,3.5e-05,172.217.194.0-255,1484,1703,17,180783
48053,4e-05,172.31.36.0-255,66,1769,17,180783
48054,4.6e-05,172.217.194.0-255,2902,4671,17,180783
48055,5.6e-05,172.31.36.0-255,66,4737,17,180783
48056,6.2e-05,172.217.194.0-255,4320,9057,17,180783
48057,6.4e-05,172.31.36.0-255,66,9123,17,180783
48058,7.5e-05,172.31.36.0-255,66,9189,17,180783
48059,0.000109,172.217.194.0-255,630,9819,17,180783
48060,0.000112,172.31.36.0-255,66,9885,17,180783
48061,0.000126,172.31.36.0-255,66,9951,17,180783
48062,0.000129,172.217.194.0-255,1125,11076,17,180783
48063,0.000132,172.31.36.0-255,66,11142,17,180783
48064,0.000178,172.217.194.0-255,1484,12626,17,180783
48065,0.000182,172.31.36.0-255,66,12692,17,180783
48066,0.000187,172.217.194.0-255,2902,15594,17,180783
48067,0.000189,172.31.36.0-255,66,15660,17,180783
48068,0.000192,172.217.194.0-255,1484,17144,17,180783
48069,0.000195,172.31.36.0-255,66,17210,17,180783
48070,0.000214,172.217.194.0-255,4320,21530,17,180783
48071,0.000221,172.31.36.0-255,66,21596,17,180783
48072,0.000246,172.31.36.0-255,66,21662,17,180783
48073,0.000258,172.31.36.0-255,66,21728,17,180783
48074,0.000288,172.217.194.0-255,4250,25978,17,180783
48075,0.000291,172.31.36.0-255,66,26044,17,180783
48076,0.000383,172.217.194.0-255,99,26143,17,180783
48077,0.000387,172.31.36.0-255,66,26209,17,180783
48078,0.000607,172.217.194.0-255,1484,27693,17,180783
48079,0.000614,172.217.194.0-255,2902,30595,17,180783
48080,0.000617,172.31.36.0-255,66,30661,17,180783
48081,0.000621,172.217.194.0-255,2902,33563,17,180783
48082,0.000623,172.31.36.0-255,66,33629,17,180783
48083,0.000651,172.217.194.0-255,2902,36531,17,180783
48084,0.000654,172.31.36.0-255,66,36597,17,180783
48085,0.00066,172.217.194.0-255,4320,40917,17,180783
48086,0.000662,172.31.36.0-255,66,40983,17,180783
48087,0.000665,172.217.194.0-255,1484,42467,17,180783
48088,0.00071,172.31.36.0-255,66,42533,17,180783
48089,0.000721,172.31.36.0-255,66,42599,17,180783
48090,0.000787,172.31.36.0-255,66,42665,17,180783
48091,0.000802,172.31.36.0-255,66,42731,17,180783
48092,0.000823,172.217.194.0-255,1484,44215,17,180783
48093,0.00083,172.217.194.0-255,3902,48117,17,180783
48094,0.000833,172.31.36.0-255,66,48183,17,180783
48095,0.000861,172.217.194.0-255,5738,53921,17,180783
48096,0.000864,172.31.36.0-255,66,53987,17,180783
48097,0.000871,172.217.194.0-255,7156,61143,17,180783
48098,0.000873,172.31.36.0-255,66,61209,17,180783
48099,0.000919,172.31.36.0-255,66,61275,17,180783
48100,0.000925,172.217.194.0-255,6438,67713,17,180783
48101,0.000927,172.31.36.0-255,66,67779,17,180783
48102,0.000969,172.217.194.0-255,5738,73517,17,180783
48103,0.000973,172.31.36.0-255,66,73583,17,180783
48104,0.001021,172.31.36.0-255,66,73649,17,180783
48105,0.001033,172.31.36.0-255,66,73715,17,180783
48106,0.001044,172.31.36.0-255,66,73781,17,180783
48107,0.001067,172.217.194.0-255,2902,76683,17,180783
48108,0.00107,172.31.36.0-255,66,76749,17,180783
48109,0.001075,172.217.194.0-255,4320,81069,17,180783
48110,0.001077,172.31.36.0-255,66,81135,17,180783
48111,0.001127,172.31.36.0-255,66,81201,17,180783
48112,0.001173,172.217.194.0-255,1484,82685,17,180783
48113,0.001179,172.217.194.0-255,2902,85587,17,180783
48114,0.001182,172.31.36.0-255,66,85653,17,180783
48115,0.001187,172.217.194.0-255,4320,89973,17,180783
48116,0.00119,172.31.36.0-255,66,90039,17,180783
48117,0.001217,172.217.194.0-255,1484,91523,17,180783
48118,0.001223,172.217.194.0-255,4320,95843,17,180783
48119,0.001234,172.217.194.0-255,5738,101581,17,180783
48120,0.001233,172.31.36.0-255,66,101647,17,180783
48121,0.001237,172.31.36.0-255,66,101713,17,180783
48122,0.001261,172.217.194.0-255,5738,107451,17,180783
48123,0.001264,172.31.36.0-255,66,107517,17,180783
48124,0.001281,172.31.36.0-255,66,107583,17,180783
48125,0.001312,172.31.36.0-255,66,107649,17,180783
48126,0.001313,172.217.194.0-255,5738,113387,17,180783
48127,0.001315,172.31.36.0-255,66,113453,17,180783
48128,0.001392,172.31.36.0-255,66,113519,17,180783
48129,0.001397,172.217.194.0-255,3602,117121,17,180783
48130,0.0014,172.31.36.0-255,66,117187,17,180783
48131,0.001428,172.217.194.0-255,1484,118671,17,180783
48132,0.001433,172.217.194.0-255,2902,121573,17,180783
48133,0.001438,172.31.36.0-255,66,121639,17,180783
48134,0.001445,172.217.194.0-255,5738,127377,17,180783
48135,0.001447,172.31.36.0-255,66,127443,17,180783
48136,0.001479,172.31.36.0-255,66,127509,17,180783
48137,0.001523,172.217.194.0-255,5738,133247,17,180783
48138,0.001529,172.31.36.0-255,66,133313,17,180783
48139,0.001554,172.31.36.0-255,66,133379,17,180783
48140,0.001593,172.217.194.0-255,7156,140535,17,180783
48141,0.001596,172.31.36.0-255,66,140601,17,180783
48142,0.001607,172.31.36.0-255,66,140667,17,180783
48143,0.001612,172.217.194.0-255,4320,144987,17,180783
48144,0.001615,172.31.36.0-255,66,145053,17,180783
48145,0.001659,172.217.194.0-255,766,145819,17,180783
48146,0.001661,172.31.36.0-255,66,145885,17,180783
48147,0.001743,172.217.194.0-255,1484,147369,17,180783
48148,0.001746,172.31.36.0-255,66,147435,17,180783
48149,0.00175,172.217.194.0-255,1484,148919,17,180783
48150,0.001774,172.217.194.0-255,1484,150403,17,180783
48151,0.001777,172.31.36.0-255,66,150469,17,180783
48152,0.001784,172.217.194.0-255,5738,156207,17,180783
48153,0.001786,172.31.36.0-255,66,156273,17,180783
48154,0.001806,172.217.194.0-255,7156,163429,17,180783
48155,0.00181,172.31.36.0-255,66,163495,17,180783
48156,0.001852,172.31.36.0-255,66,163561,17,180783
48157,0.001859,172.217.194.0-255,5738,169299,17,180783
48158,0.001861,172.31.36.0-255,66,169365,17,180783
48159,0.001891,172.217.194.0-255,2184,171549,17,180783
48160,0.001894,172.31.36.0-255,66,171615,17,180783
48161,0.001901,172.217.194.0-255,4486,176101,17,180783
48162,0.001903,172.31.36.0-255,66,176167,17,180783
48163,0.001906,172.217.194.0-255,105,176272,17,180783
48164,0.003652,172.31.36.0-255,66,176338,17,180783
48165,0.00368,172.31.36.0-255,105,176443,17,180783
48166,0.005915,172.217.194.0-255,66,176509,17,180783
48167,0.029705,172.31.36.0-255,172,176681,17,180783
48168,0.029739,172.31.36.0-255,1116,177797,17,180783
48169,0.029767,172.31.36.0-255,1514,179311,17,180783
48170,0.029769,172.31.36.0-255,1274,180585,17,180783
48171,0.031248,104.244.42.0-255,66,180651,17,180783
48172,0.0313,104.244.42.0-255,66,180717,17,180783
48173,0.031343,104.244.42.0-255,66,180783,17,180783
48174,0.0,74.125.200.0-255,216,216,17,322876
48175,2.5e-05,172.31.36.0-255,66,282,17,322876
48176,3.2e-05,74.125.200.0-255,1484,1766,17,322876
48177,3.6e-05,172.31.36.0-255,66,1832,17,322876
48178,5.2e-05,74.125.200.0-255,4320,6152,17,322876
48179,5.5e-05,172.31.36.0-255,66,6218,17,322876
48180,6.2e-05,74.125.200.0-255,5738,11956,17,322876
48181,6.5e-05,172.31.36.0-255,66,12022,17,322876
48182,0.000109,74.125.200.0-255,1777,13799,17,322876
48183,0.000112,172.31.36.0-255,66,13865,17,322876
48184,0.000139,74.125.200.0-255,1484,15349,17,322876
48185,0.000141,172.31.36.0-255,66,15415,17,322876
48186,0.000147,74.125.200.0-255,2902,18317,17,322876
48187,0.000149,172.31.36.0-255,66,18383,17,322876
48188,0.000185,74.125.200.0-255,5738,24121,17,322876
48189,0.000188,172.31.36.0-255,66,24187,17,322876
48190,0.000206,74.125.200.0-255,6797,30984,17,322876
48191,0.000209,172.31.36.0-255,66,31050,17,322876
48192,0.000575,74.125.200.0-255,1484,32534,17,322876
48193,0.000582,172.31.36.0-255,66,32600,17,322876
48194,0.000589,74.125.200.0-255,2902,35502,17,322876
48195,0.000591,172.31.36.0-255,66,35568,17,322876
48196,0.000601,74.125.200.0-255,2902,38470,17,322876
48197,0.000604,172.31.36.0-255,66,38536,17,322876
48198,0.000629,74.125.200.0-255,2902,41438,17,322876
48199,0.000633,172.31.36.0-255,66,41504,17,322876
48200,0.000644,172.31.36.0-255,66,41570,17,322876
48201,0.00067,74.125.200.0-255,5738,47308,17,322876
48202,0.000673,172.31.36.0-255,66,47374,17,322876
48203,0.000696,74.125.200.0-255,2902,50276,17,322876
48204,0.000699,172.31.36.0-255,66,50342,17,322876
48205,0.000705,74.125.200.0-255,4320,54662,17,322876
48206,0.000708,172.31.36.0-255,66,54728,17,322876
48207,0.000736,74.125.200.0-255,2853,57581,17,322876
48208,0.000739,172.31.36.0-255,66,57647,17,322876
48209,0.000935,74.125.200.0-255,112,57759,17,322876
48210,0.00094,74.125.200.0-255,331,58090,17,322876
48211,0.001199,172.31.36.0-255,66,58156,17,322876
48212,0.001461,74.125.200.0-255,1484,59640,17,322876
48213,0.001472,74.125.200.0-255,2902,62542,17,322876
48214,0.001476,172.31.36.0-255,66,62608,17,322876
48215,0.001484,74.125.200.0-255,4320,66928,17,322876
48216,0.001486,172.31.36.0-255,66,66994,17,322876
48217,0.001499,74.125.200.0-255,5738,72732,17,322876
48218,0.001501,172.31.36.0-255,66,72798,17,322876
48219,0.00155,172.31.36.0-255,66,72864,17,322876
48220,0.001557,74.125.200.0-255,5738,78602,17,322876
48221,0.001559,172.31.36.0-255,66,78668,17,322876
48222,0.001585,74.125.200.0-255,2184,80852,17,322876
48223,0.001588,172.31.36.0-255,66,80918,17,322876
48224,0.003874,74.125.200.0-255,2902,83820,17,322876
48225,0.003882,172.31.36.0-255,66,83886,17,322876
48226,0.00391,74.125.200.0-255,2902,86788,17,322876
48227,0.003913,172.31.36.0-255,66,86854,17,322876
48228,0.006218,74.125.200.0-255,2902,89756,17,322876
48229,0.006225,172.31.36.0-255,66,89822,17,322876
48230,0.006255,74.125.200.0-255,2902,92724,17,322876
48231,0.006258,172.31.36.0-255,66,92790,17,322876
48232,0.008539,74.125.200.0-255,2902,95692,17,322876
48233,0.008546,172.31.36.0-255,66,95758,17,322876
48234,0.008577,74.125.200.0-255,2902,98660,17,322876
48235,0.00858,172.31.36.0-255,66,98726,17,322876
48236,0.010875,74.125.200.0-255,2902,101628,17,322876
48237,0.010883,172.31.36.0-255,66,101694,17,322876
48238,0.01091,74.125.200.0-255,2902,104596,17,322876
48239,0.010912,172.31.36.0-255,66,104662,17,322876
48240,0.01322,74.125.200.0-255,2902,107564,17,322876
48241,0.013229,172.31.36.0-255,66,107630,17,322876
48242,0.013263,74.125.200.0-255,2902,110532,17,322876
48243,0.013266,172.31.36.0-255,66,110598,17,322876
48244,0.015557,74.125.200.0-255,2902,113500,17,322876
48245,0.015568,172.31.36.0-255,66,113566,17,322876
48246,0.015599,74.125.200.0-255,2902,116468,17,322876
48247,0.015601,172.31.36.0-255,66,116534,17,322876
48248,0.017895,74.125.200.0-255,2902,119436,17,322876
48249,0.017904,172.31.36.0-255,66,119502,17,322876
48250,0.01794,74.125.200.0-255,2902,122404,17,322876
48251,0.017943,172.31.36.0-255,66,122470,17,322876
48252,0.020253,74.125.200.0-255,2902,125372,17,322876
48253,0.020261,172.31.36.0-255,66,125438,17,322876
48254,0.020288,74.125.200.0-255,2902,128340,17,322876
48255,0.020291,172.31.36.0-255,66,128406,17,322876
48256,0.02261,74.125.200.0-255,5738,134144,17,322876
48257,0.022617,172.31.36.0-255,66,134210,17,322876
48258,0.024951,74.125.200.0-255,5738,139948,17,322876
48259,0.024959,172.31.36.0-255,66,140014,17,322876
48260,0.026879,172.31.36.0-255,190,140204,17,322876
48261,0.02691,172.31.36.0-255,1119,141323,17,322876
48262,0.026966,172.31.36.0-255,1514,142837,17,322876
48263,0.026968,172.31.36.0-255,1269,144106,17,322876
48264,0.027328,74.125.200.0-255,5738,149844,17,322876
48265,0.027334,172.31.36.0-255,66,149910,17,322876
48266,0.028442,104.244.42.0-255,66,149976,17,322876
48267,0.028469,104.244.42.0-255,66,150042,17,322876
48268,0.028497,104.244.42.0-255,66,150108,17,322876
48269,0.029677,74.125.200.0-255,4320,154428,17,322876
48270,0.029683,172.31.36.0-255,66,154494,17,322876
48271,0.02971,74.125.200.0-255,1484,155978,17,322876
48272,0.032019,74.125.200.0-255,4320,160298,17,322876
48273,0.032027,172.31.36.0-255,66,160364,17,322876
48274,0.034392,74.125.200.0-255,5738,166102,17,322876
48275,0.034398,172.31.36.0-255,66,166168,17,322876
48276,0.036739,74.125.200.0-255,5738,171906,17,322876
48277,0.036746,172.31.36.0-255,66,171972,17,322876
48278,0.03909,74.125.200.0-255,5738,177710,17,322876
48279,0.039097,172.31.36.0-255,66,177776,17,322876
48280,0.041481,74.125.200.0-255,5738,183514,17,322876
48281,0.041488,172.31.36.0-255,66,183580,17,322876
48282,0.043831,74.125.200.0-255,5738,189318,17,322876
48283,0.043839,172.31.36.0-255,66,189384,17,322876
48284,0.046177,74.125.200.0-255,5738,195122,17,322876
48285,0.046184,172.31.36.0-255,66,195188,17,322876
48286,0.048514,74.125.200.0-255,5738,200926,17,322876
48287,0.048523,172.31.36.0-255,66,200992,17,322876
48288,0.050868,74.125.200.0-255,5738,206730,17,322876
48289,0.05088,172.31.36.0-255,66,206796,17,322876
48290,0.053232,74.125.200.0-255,5738,212534,17,322876
48291,0.05324,172.31.36.0-255,66,212600,17,322876
48292,0.05559,74.125.200.0-255,5738,218338,17,322876
48293,0.055597,172.31.36.0-255,66,218404,17,322876
48294,0.057943,74.125.200.0-255,5738,224142,17,322876
48295,0.057952,172.31.36.0-255,66,224208,17,322876
48296,0.060306,74.125.200.0-255,5738,229946,17,322876
48297,0.060315,172.31.36.0-255,66,230012,17,322876
48298,0.06268,74.125.200.0-255,5738,235750,17,322876
48299,0.06269,172.31.36.0-255,66,235816,17,322876
48300,0.065034,74.125.200.0-255,5738,241554,17,322876
48301,0.065044,172.31.36.0-255,66,241620,17,322876
48302,0.067387,74.125.200.0-255,5738,247358,17,322876
48303,0.067393,172.31.36.0-255,66,247424,17,322876
48304,0.069726,74.125.200.0-255,5738,253162,17,322876
48305,0.069736,172.31.36.0-255,66,253228,17,322876
48306,0.072077,74.125.200.0-255,5738,258966,17,322876
48307,0.072087,172.31.36.0-255,66,259032,17,322876
48308,0.074436,74.125.200.0-255,5738,264770,17,322876
48309,0.074449,172.31.36.0-255,66,264836,17,322876
48310,0.076801,74.125.200.0-255,5738,270574,17,322876
48311,0.076812,172.31.36.0-255,66,270640,17,322876
48312,0.079152,74.125.200.0-255,5738,276378,17,322876
48313,0.079159,172.31.36.0-255,66,276444,17,322876
48314,0.081503,74.125.200.0-255,5738,282182,17,322876
48315,0.081511,172.31.36.0-255,66,282248,17,322876
48316,0.083855,74.125.200.0-255,5738,287986,17,322876
48317,0.083862,172.31.36.0-255,66,288052,17,322876
48318,0.08619,74.125.200.0-255,5738,293790,17,322876
48319,0.086197,172.31.36.0-255,66,293856,17,322876
48320,0.088534,74.125.200.0-255,5738,299594,17,322876
48321,0.088541,172.31.36.0-255,66,299660,17,322876
48322,0.090881,74.125.200.0-255,5738,305398,17,322876
48323,0.090888,172.31.36.0-255,66,305464,17,322876
48324,0.093224,74.125.200.0-255,5738,311202,17,322876
48325,0.093231,172.31.36.0-255,66,311268,17,322876
48326,0.095561,74.125.200.0-255,5738,317006,17,322876
48327,0.095567,172.31.36.0-255,66,317072,17,322876
48328,0.097906,74.125.200.0-255,5738,322810,17,322876
48329,0.097914,172.31.36.0-255,66,322876,17,322876
48330,0.0,172.217.194.0-255,153,153,17,238228
48331,2.2e-05,172.31.36.0-255,66,219,17,238228
48332,3e-05,172.217.194.0-255,1484,1703,17,238228
48333,3.4e-05,172.31.36.0-255,66,1769,17,238228
48334,4e-05,172.217.194.0-255,2902,4671,17,238228
48335,4.4e-05,172.31.36.0-255,66,4737,17,238228
48336,5.2e-05,172.217.194.0-255,7156,11893,17,238228
48337,5.4e-05,172.31.36.0-255,66,11959,17,238228
48338,7.5e-05,172.217.194.0-255,2012,13971,17,238228
48339,7.7e-05,172.31.36.0-255,66,14037,17,238228
48340,0.000328,172.217.194.0-255,1484,15521,17,238228
48341,0.000334,172.31.36.0-255,66,15587,17,238228
48342,0.000339,172.217.194.0-255,1484,17071,17,238228
48343,0.000342,172.31.36.0-255,66,17137,17,238228
48344,0.000356,172.217.194.0-255,1484,18621,17,238228
48345,0.000358,172.31.36.0-255,66,18687,17,238228
48346,0.000366,172.217.194.0-255,5738,24425,17,238228
48347,0.000369,172.31.36.0-255,66,24491,17,238228
48348,0.000401,172.217.194.0-255,6797,31288,17,238228
48349,0.000404,172.31.36.0-255,66,31354,17,238228
48350,0.000436,172.217.194.0-255,5738,37092,17,238228
48351,0.000439,172.31.36.0-255,66,37158,17,238228
48352,0.000464,172.31.36.0-255,66,37224,17,238228
48353,0.00047,172.217.194.0-255,5738,42962,17,238228
48354,0.000472,172.31.36.0-255,66,43028,17,238228
48355,0.000537,172.31.36.0-255,66,43094,17,238228
48356,0.000759,172.217.194.0-255,364,43458,17,238228
48357,0.000763,172.31.36.0-255,66,43524,17,238228
48358,0.001062,172.217.194.0-255,1484,45008,17,238228
48359,0.001067,172.31.36.0-255,66,45074,17,238228
48360,0.001072,172.217.194.0-255,2902,47976,17,238228
48361,0.001074,172.31.36.0-255,66,48042,17,238228
48362,0.00108,172.217.194.0-255,2902,50944,17,238228
48363,0.001081,172.31.36.0-255,66,51010,17,238228
48364,0.001098,172.217.194.0-255,2902,53912,17,238228
48365,0.0011,172.31.36.0-255,66,53978,17,238228
48366,0.001116,172.217.194.0-255,5738,59716,17,238228
48367,0.001118,172.31.36.0-255,66,59782,17,238228
48368,0.00114,172.217.194.0-255,7156,66938,17,238228
48369,0.001142,172.31.36.0-255,66,67004,17,238228
48370,0.001173,172.217.194.0-255,2902,69906,17,238228
48371,0.001175,172.31.36.0-255,66,69972,17,238228
48372,0.001204,172.31.36.0-255,66,70038,17,238228
48373,0.001805,172.217.194.0-255,1484,71522,17,238228
48374,0.001817,172.217.194.0-255,2902,74424,17,238228
48375,0.001821,172.31.36.0-255,66,74490,17,238228
48376,0.001829,172.217.194.0-255,5738,80228,17,238228
48377,0.001831,172.31.36.0-255,66,80294,17,238228
48378,0.001834,172.217.194.0-255,1484,81778,17,238228
48379,0.001875,172.31.36.0-255,66,81844,17,238228
48380,0.001886,172.31.36.0-255,66,81910,17,238228
48381,0.002059,172.217.194.0-255,1484,83394,17,238228
48382,0.002066,172.217.194.0-255,2902,86296,17,238228
48383,0.00207,172.31.36.0-255,66,86362,17,238228
48384,0.002076,172.217.194.0-255,2902,89264,17,238228
48385,0.002078,172.31.36.0-255,66,89330,17,238228
48386,0.002103,172.217.194.0-255,2902,92232,17,238228
48387,0.002106,172.31.36.0-255,66,92298,17,238228
48388,0.002114,172.217.194.0-255,7156,99454,17,238228
48389,0.002116,172.31.36.0-255,66,99520,17,238228
48390,0.002145,172.217.194.0-255,5738,105258,17,238228
48391,0.002148,172.31.36.0-255,66,105324,17,238228
48392,0.002153,172.217.194.0-255,2902,108226,17,238228
48393,0.002155,172.31.36.0-255,66,108292,17,238228
48394,0.002168,172.31.36.0-255,66,108358,17,238228
48395,0.002171,172.217.194.0-255,1484,109842,17,238228
48396,0.002176,172.217.194.0-255,4320,114162,17,238228
48397,0.002178,172.31.36.0-255,66,114228,17,238228
48398,0.002217,172.31.36.0-255,66,114294,17,238228
48399,0.002245,172.31.36.0-255,66,114360,17,238228
48400,0.002251,172.217.194.0-255,5020,119380,17,238228
48401,0.002253,172.31.36.0-255,66,119446,17,238228
48402,0.00265,172.217.194.0-255,1484,120930,17,238228
48403,0.002655,172.217.194.0-255,2902,123832,17,238228
48404,0.002658,172.31.36.0-255,66,123898,17,238228
48405,0.002662,172.217.194.0-255,1484,125382,17,238228
48406,0.002678,172.217.194.0-255,4320,129702,17,238228
48407,0.002681,172.31.36.0-255,66,129768,17,238228
48408,0.002689,172.217.194.0-255,7156,136924,17,238228
48409,0.002691,172.31.36.0-255,66,136990,17,238228
48410,0.002728,172.31.36.0-255,66,137056,17,238228
48411,0.002748,172.217.194.0-255,4320,141376,17,238228
48412,0.00275,172.31.36.0-255,66,141442,17,238228
48413,0.002755,172.217.194.0-255,2184,143626,17,238228
48414,0.002757,172.31.36.0-255,66,143692,17,238228
48415,0.002934,172.217.194.0-255,1484,145176,17,238228
48416,0.002947,172.217.194.0-255,2902,148078,17,238228
48417,0.00295,172.31.36.0-255,66,148144,17,238228
48418,0.002954,172.217.194.0-255,2902,151046,17,238228
48419,0.002956,172.31.36.0-255,66,151112,17,238228
48420,0.00297,172.217.194.0-255,2902,154014,17,238228
48421,0.002973,172.31.36.0-255,66,154080,17,238228
48422,0.002978,172.217.194.0-255,2902,156982,17,238228
48423,0.002981,172.31.36.0-255,66,157048,17,238228
48424,0.003018,172.31.36.0-255,66,157114,17,238228
48425,0.003027,172.217.194.0-255,7156,164270,17,238228
48426,0.00303,172.31.36.0-255,66,164336,17,238228
48427,0.003075,172.31.36.0-255,66,164402,17,238228
48428,0.003104,172.217.194.0-255,4320,168722,17,238228
48429,0.003107,172.31.36.0-255,66,168788,17,238228
48430,0.003143,172.31.36.0-255,66,168854,17,238228
48431,0.003158,172.31.36.0-255,66,168920,17,238228
48432,0.003192,172.31.36.0-255,66,168986,17,238228
48433,0.003199,172.217.194.0-255,5020,174006,17,238228
48434,0.003201,172.31.36.0-255,66,174072,17,238228
48435,0.003206,172.217.194.0-255,4320,178392,17,238228
48436,0.003209,172.31.36.0-255,66,178458,17,238228
48437,0.003212,172.217.194.0-255,1484,179942,17,238228
48438,0.003219,172.217.194.0-255,5738,185680,17,238228
48439,0.003221,172.31.36.0-255,66,185746,17,238228
48440,0.003229,172.217.194.0-255,7156,192902,17,238228
48441,0.003232,172.31.36.0-255,66,192968,17,238228
48442,0.003237,172.217.194.0-255,5738,198706,17,238228
48443,0.00324,172.31.36.0-255,66,198772,17,238228
48444,0.003273,172.31.36.0-255,66,198838,17,238228
48445,0.003278,172.217.194.0-255,3602,202440,17,238228
48446,0.003279,172.31.36.0-255,66,202506,17,238228
48447,0.003285,172.217.194.0-255,4320,206826,17,238228
48448,0.003288,172.31.36.0-255,66,206892,17,238228
48449,0.003294,172.217.194.0-255,5738,212630,17,238228
48450,0.003296,172.31.36.0-255,66,212696,17,238228
48451,0.003302,172.217.194.0-255,5738,218434,17,238228
48452,0.003305,172.31.36.0-255,66,218500,17,238228
48453,0.003339,172.217.194.0-255,5738,224238,17,238228
48454,0.003342,172.31.36.0-255,66,224304,17,238228
48455,0.003353,172.31.36.0-255,66,224370,17,238228
48456,0.003359,172.217.194.0-255,4320,228690,17,238228
48457,0.003362,172.31.36.0-255,66,228756,17,238228
48458,0.003384,172.217.194.0-255,4792,233548,17,238228
48459,0.003386,172.31.36.0-255,66,233614,17,238228
48460,0.003389,172.217.194.0-255,105,233719,17,238228
48461,0.006838,172.31.36.0-255,66,233785,17,238228
48462,0.006878,172.31.36.0-255,105,233890,17,238228
48463,0.008949,172.217.194.0-255,66,233956,17,238228
48464,0.037397,172.31.36.0-255,172,234128,17,238228
48465,0.037435,172.31.36.0-255,1116,235244,17,238228
48466,0.037499,172.31.36.0-255,1514,236758,17,238228
48467,0.037501,172.31.36.0-255,1272,238030,17,238228
48468,0.038938,104.244.42.0-255,66,238096,17,238228
48469,0.038978,104.244.42.0-255,66,238162,17,238228
48470,0.039074,104.244.42.0-255,66,238228,17,238228
48471,0.0,172.217.160.0-255,143,143,17,297816
48472,2.3e-05,172.31.36.0-255,66,209,17,297816
48473,3.1e-05,172.217.160.0-255,1484,1693,17,297816
48474,3.5e-05,172.31.36.0-255,66,1759,17,297816
48475,4.1e-05,172.217.160.0-255,2902,4661,17,297816
48476,4.4e-05,172.31.36.0-255,66,4727,17,297816
48477,5.1e-05,172.217.160.0-255,7156,11883,17,297816
48478,5.5e-05,172.31.36.0-255,66,11949,17,297816
48479,0.000103,172.31.36.0-255,66,12015,17,297816
48480,0.000106,172.217.160.0-255,1484,13499,17,297816
48481,0.000108,172.31.36.0-255,66,13565,17,297816
48482,0.000124,172.217.160.0-255,1125,14690,17,297816
48483,0.000126,172.31.36.0-255,66,14756,17,297816
48484,0.000288,172.217.160.0-255,1484,16240,17,297816
48485,0.000293,172.31.36.0-255,66,16306,17,297816
48486,0.000299,172.217.160.0-255,2902,19208,17,297816
48487,0.000302,172.31.36.0-255,66,19274,17,297816
48488,0.000308,172.217.160.0-255,5738,25012,17,297816
48489,0.000311,172.31.36.0-255,66,25078,17,297816
48490,0.000323,172.31.36.0-255,66,25144,17,297816
48491,0.000348,172.217.160.0-255,5379,30523,17,297816
48492,0.00035,172.31.36.0-255,66,30589,17,297816
48493,0.000363,172.31.36.0-255,66,30655,17,297816
48494,0.000786,172.217.160.0-255,103,30758,17,297816
48495,0.000792,172.31.36.0-255,66,30824,17,297816
48496,0.00092,172.217.160.0-255,1484,32308,17,297816
48497,0.000923,172.31.36.0-255,66,32374,17,297816
48498,0.000929,172.217.160.0-255,2902,35276,17,297816
48499,0.000931,172.31.36.0-255,66,35342,17,297816
48500,0.000938,172.217.160.0-255,5738,41080,17,297816
48501,0.00094,172.31.36.0-255,66,41146,17,297816
48502,0.000964,172.217.160.0-255,4320,45466,17,297816
48503,0.000966,172.31.36.0-255,66,45532,17,297816
48504,0.000994,172.217.160.0-255,2543,48075,17,297816
48505,0.001011,172.217.160.0-255,2543,50618,17,297816
48506,0.001015,172.31.36.0-255,66,50684,17,297816
48507,0.001019,172.31.36.0-255,66,50750,17,297816
48508,0.001021,172.31.36.0-255,66,50816,17,297816
48509,0.001229,172.217.160.0-255,1484,52300,17,297816
48510,0.001238,172.217.160.0-255,2902,55202,17,297816
48511,0.001241,172.31.36.0-255,66,55268,17,297816
48512,0.001248,172.217.160.0-255,5738,61006,17,297816
48513,0.00125,172.31.36.0-255,66,61072,17,297816
48514,0.001276,172.217.160.0-255,7156,68228,17,297816
48515,0.001278,172.31.36.0-255,66,68294,17,297816
48516,0.001301,172.217.160.0-255,5738,74032,17,297816
48517,0.001303,172.31.36.0-255,66,74098,17,297816
48518,0.001328,172.217.160.0-255,7156,81254,17,297816
48519,0.001331,172.31.36.0-255,66,81320,17,297816
48520,0.001356,172.217.160.0-255,3602,84922,17,297816
48521,0.001358,172.31.36.0-255,66,84988,17,297816
48522,0.001373,172.31.36.0-255,66,85054,17,297816
48523,0.001379,172.217.160.0-255,7156,92210,17,297816
48524,0.001381,172.31.36.0-255,66,92276,17,297816
48525,0.001428,172.31.36.0-255,66,92342,17,297816
48526,0.001435,172.217.160.0-255,5738,98080,17,297816
48527,0.001437,172.31.36.0-255,66,98146,17,297816
48528,0.001462,172.31.36.0-255,66,98212,17,297816
48529,0.001473,172.31.36.0-255,66,98278,17,297816
48530,0.001501,172.217.160.0-255,7156,105434,17,297816
48531,0.001505,172.31.36.0-255,66,105500,17,297816
48532,0.001524,172.217.160.0-255,3602,109102,17,297816
48533,0.001527,172.31.36.0-255,66,109168,17,297816
48534,0.00154,172.31.36.0-255,66,109234,17,297816
48535,0.001586,172.31.36.0-255,66,109300,17,297816
48536,0.001609,172.217.160.0-255,3602,112902,17,297816
48537,0.001612,172.31.36.0-255,66,112968,17,297816
48538,0.003236,172.217.160.0-255,1484,114452,17,297816
48539,0.003261,172.217.160.0-255,4320,118772,17,297816
48540,0.003266,172.31.36.0-255,66,118838,17,297816
48541,0.004947,172.217.160.0-255,5738,124576,17,297816
48542,0.004951,172.31.36.0-255,66,124642,17,297816
48543,0.006603,172.217.160.0-255,5738,130380,17,297816
48544,0.006606,172.31.36.0-255,66,130446,17,297816
48545,0.008262,172.217.160.0-255,5738,136184,17,297816
48546,0.008268,172.31.36.0-255,66,136250,17,297816
48547,0.009946,172.217.160.0-255,5738,141988,17,297816
48548,0.009953,172.31.36.0-255,66,142054,17,297816
48549,0.011604,172.217.160.0-255,5738,147792,17,297816
48550,0.011612,172.31.36.0-255,66,147858,17,297816
48551,0.013275,172.217.160.0-255,5738,153596,17,297816
48552,0.013282,172.31.36.0-255,66,153662,17,297816
48553,0.01494,172.217.160.0-255,5738,159400,17,297816
48554,0.014946,172.31.36.0-255,66,159466,17,297816
48555,0.016598,172.217.160.0-255,5738,165204,17,297816
48556,0.016605,172.31.36.0-255,66,165270,17,297816
48557,0.01826,172.217.160.0-255,5738,171008,17,297816
48558,0.018265,172.31.36.0-255,66,171074,17,297816
48559,0.019919,172.217.160.0-255,5738,176812,17,297816
48560,0.019926,172.31.36.0-255,66,176878,17,297816
48561,0.021576,172.217.160.0-255,5738,182616,17,297816
48562,0.021583,172.31.36.0-255,66,182682,17,297816
48563,0.023242,172.217.160.0-255,5738,188420,17,297816
48564,0.023251,172.31.36.0-255,66,188486,17,297816
48565,0.024906,172.217.160.0-255,5738,194224,17,297816
48566,0.024914,172.31.36.0-255,66,194290,17,297816
48567,0.026572,172.217.160.0-255,5738,200028,17,297816
48568,0.026579,172.31.36.0-255,66,200094,17,297816
48569,0.028236,172.217.160.0-255,5738,205832,17,297816
48570,0.028243,172.31.36.0-255,66,205898,17,297816
48571,0.029903,172.217.160.0-255,5738,211636,17,297816
48572,0.02991,172.31.36.0-255,66,211702,17,297816
48573,0.031567,172.217.160.0-255,5738,217440,17,297816
48574,0.031574,172.31.36.0-255,66,217506,17,297816
48575,0.033236,172.217.160.0-255,5738,223244,17,297816
48576,0.033243,172.31.36.0-255,66,223310,17,297816
48577,0.034893,172.217.160.0-255,5738,229048,17,297816
48578,0.034902,172.31.36.0-255,66,229114,17,297816
48579,0.03658,172.217.160.0-255,5738,234852,17,297816
48580,0.036587,172.31.36.0-255,66,234918,17,297816
48581,0.038235,172.217.160.0-255,5738,240656,17,297816
48582,0.038241,172.31.36.0-255,66,240722,17,297816
48583,0.03858,172.31.36.0-255,172,240894,17,297816
48584,0.038611,172.31.36.0-255,1117,242011,17,297816
48585,0.038668,172.31.36.0-255,1514,243525,17,297816
48586,0.038669,172.31.36.0-255,1271,244796,17,297816
48587,0.039893,172.217.160.0-255,5738,250534,17,297816
48588,0.0399,172.31.36.0-255,66,250600,17,297816
48589,0.040102,104.244.42.0-255,66,250666,17,297816
48590,0.04012,104.244.42.0-255,66,250732,17,297816
48591,0.04019,104.244.42.0-255,66,250798,17,297816
48592,0.041549,172.217.160.0-255,5738,256536,17,297816
48593,0.041555,172.31.36.0-255,66,256602,17,297816
48594,0.04321,172.217.160.0-255,4320,260922,17,297816
48595,0.043216,172.31.36.0-255,66,260988,17,297816
48596,0.043231,172.217.160.0-255,1484,262472,17,297816
48597,0.044895,172.217.160.0-255,4320,266792,17,297816
48598,0.044902,172.31.36.0-255,66,266858,17,297816
48599,0.046556,172.217.160.0-255,5738,272596,17,297816
48600,0.046563,172.31.36.0-255,66,272662,17,297816
48601,0.048232,172.217.160.0-255,5738,278400,17,297816
48602,0.048245,172.31.36.0-255,66,278466,17,297816
48603,0.049901,172.217.160.0-255,5738,284204,17,297816
48604,0.04991,172.31.36.0-255,66,284270,17,297816
48605,0.051574,172.217.160.0-255,5738,290008,17,297816
48606,0.051584,172.31.36.0-255,66,290074,17,297816
48607,0.053251,172.217.160.0-255,5738,295812,17,297816
48608,0.053258,172.31.36.0-255,66,295878,17,297816
48609,0.054928,172.217.160.0-255,1701,297579,17,297816
48610,0.054935,172.31.36.0-255,66,297645,17,297816
48611,0.057904,172.31.36.0-255,105,297750,17,297816
48612,0.059531,172.217.160.0-255,66,297816,17,297816
48613,0.0,74.125.200.0-255,152,152,17,378992
48614,3.2e-05,172.31.36.0-255,66,218,17,378992
48615,3.9e-05,74.125.200.0-255,1484,1702,17,378992
48616,4.3e-05,172.31.36.0-255,66,1768,17,378992
48617,4.8e-05,74.125.200.0-255,2902,4670,17,378992
48618,5.8e-05,172.31.36.0-255,66,4736,17,378992
48619,6.5e-05,74.125.200.0-255,7156,11892,17,378992
48620,6.8e-05,172.31.36.0-255,66,11958,17,378992
48621,7.2e-05,74.125.200.0-255,2021,13979,17,378992
48622,7.4e-05,172.31.36.0-255,66,14045,17,378992
48623,0.000172,74.125.200.0-255,1484,15529,17,378992
48624,0.000176,172.31.36.0-255,66,15595,17,378992
48625,0.000203,74.125.200.0-255,2902,18497,17,378992
48626,0.000206,172.31.36.0-255,66,18563,17,378992
48627,0.000212,74.125.200.0-255,4320,22883,17,378992
48628,0.000214,172.31.36.0-255,66,22949,17,378992
48629,0.000243,74.125.200.0-255,1484,24433,17,378992
48630,0.000246,172.31.36.0-255,66,24499,17,378992
48631,0.000254,74.125.200.0-255,6797,31296,17,378992
48632,0.000256,172.31.36.0-255,66,31362,17,378992
48633,0.000259,74.125.200.0-255,1484,32846,17,378992
48634,0.000264,172.31.36.0-255,66,32912,17,378992
48635,0.000283,74.125.200.0-255,2902,35814,17,378992
48636,0.000286,172.31.36.0-255,66,35880,17,378992
48637,0.000289,74.125.200.0-255,1484,37364,17,378992
48638,0.000294,172.31.36.0-255,66,37430,17,378992
48639,0.000316,74.125.200.0-255,4320,41750,17,378992
48640,0.000319,172.31.36.0-255,66,41816,17,378992
48641,0.000323,74.125.200.0-255,2902,44718,17,378992
48642,0.000325,172.31.36.0-255,66,44784,17,378992
48643,0.000352,74.125.200.0-255,2902,47686,17,378992
48644,0.000354,74.125.200.0-255,1125,48811,17,378992
48645,0.000358,172.31.36.0-255,66,48877,17,378992
48646,0.000396,74.125.200.0-255,1484,50361,17,378992
48647,0.0004,172.31.36.0-255,66,50427,17,378992
48648,0.000403,74.125.200.0-255,1484,51911,17,378992
48649,0.000423,74.125.200.0-255,2902,54813,17,378992
48650,0.000427,172.31.36.0-255,66,54879,17,378992
48651,0.000431,74.125.200.0-255,2902,57781,17,378992
48652,0.000433,172.31.36.0-255,66,57847,17,378992
48653,0.000439,74.125.200.0-255,4320,62167,17,378992
48654,0.000446,172.31.36.0-255,66,62233,17,378992
48655,0.000472,74.125.200.0-255,1484,63717,17,378992
48656,0.000487,74.125.200.0-255,2543,66260,17,378992
48657,0.000489,172.31.36.0-255,66,66326,17,378992
48658,0.000515,74.125.200.0-255,647,66973,17,378992
48659,0.000597,74.125.200.0-255,1484,68457,17,378992
48660,0.0006,172.31.36.0-255,66,68523,17,378992
48661,0.000626,74.125.200.0-255,2902,71425,17,378992
48662,0.000629,172.31.36.0-255,66,71491,17,378992
48663,0.000634,74.125.200.0-255,4320,75811,17,378992
48664,0.000637,172.31.36.0-255,66,75877,17,378992
48665,0.000678,74.125.200.0-255,5738,81615,17,378992
48666,0.000681,172.31.36.0-255,66,81681,17,378992
48667,0.000705,74.125.200.0-255,2543,84224,17,378992
48668,0.000707,172.31.36.0-255,66,84290,17,378992
48669,0.000732,172.31.36.0-255,66,84356,17,378992
48670,0.000778,74.125.200.0-255,2902,87258,17,378992
48671,0.000781,172.31.36.0-255,66,87324,17,378992
48672,0.000799,74.125.200.0-255,5379,92703,17,378992
48673,0.000802,172.31.36.0-255,66,92769,17,378992
48674,0.001169,74.125.200.0-255,1484,94253,17,378992
48675,0.001177,74.125.200.0-255,2902,97155,17,378992
48676,0.00118,172.31.36.0-255,66,97221,17,378992
48677,0.001217,74.125.200.0-255,1484,98705,17,378992
48678,0.001234,74.125.200.0-255,4320,103025,17,378992
48679,0.001238,172.31.36.0-255,66,103091,17,378992
48680,0.001257,172.31.36.0-255,66,103157,17,378992
48681,0.001263,74.125.200.0-255,5738,108895,17,378992
48682,0.001266,172.31.36.0-255,66,108961,17,378992
48683,0.001291,74.125.200.0-255,2902,111863,17,378992
48684,0.001294,172.31.36.0-255,66,111929,17,378992
48685,0.001323,74.125.200.0-255,2184,114113,17,378992
48686,0.001327,172.31.36.0-255,66,114179,17,378992
48687,0.001553,74.125.200.0-255,1484,115663,17,378992
48688,0.001575,74.125.200.0-255,2902,118565,17,378992
48689,0.00158,172.31.36.0-255,66,118631,17,378992
48690,0.001584,74.125.200.0-255,1484,120115,17,378992
48691,0.00161,74.125.200.0-255,2902,123017,17,378992
48692,0.001613,172.31.36.0-255,66,123083,17,378992
48693,0.001619,74.125.200.0-255,5738,128821,17,378992
48694,0.001622,172.31.36.0-255,66,128887,17,378992
48695,0.001646,74.125.200.0-255,5738,134625,17,378992
48696,0.00165,172.31.36.0-255,66,134691,17,378992
48697,0.001654,74.125.200.0-255,1484,136175,17,378992
48698,0.001688,74.125.200.0-255,5738,141913,17,378992
48699,0.001691,172.31.36.0-255,66,141979,17,378992
48700,0.001727,74.125.200.0-255,6438,148417,17,378992
48701,0.001731,172.31.36.0-255,66,148483,17,378992
48702,0.001766,74.125.200.0-255,1484,149967,17,378992
48703,0.00177,74.125.200.0-255,1484,151451,17,378992
48704,0.001772,172.31.36.0-255,66,151517,17,378992
48705,0.001796,74.125.200.0-255,1484,153001,17,378992
48706,0.001802,74.125.200.0-255,5738,158739,17,378992
48707,0.001805,172.31.36.0-255,66,158805,17,378992
48708,0.001831,74.125.200.0-255,7156,165961,17,378992
48709,0.001833,172.31.36.0-255,66,166027,17,378992
48710,0.00186,74.125.200.0-255,5738,171765,17,378992
48711,0.001863,172.31.36.0-255,66,171831,17,378992
48712,0.001866,74.125.200.0-255,1484,173315,17,378992
48713,0.001895,172.31.36.0-255,66,173381,17,378992
48714,0.002067,74.125.200.0-255,1484,174865,17,378992
48715,0.002072,74.125.200.0-255,2902,177767,17,378992
48716,0.002074,172.31.36.0-255,66,177833,17,378992
48717,0.002077,74.125.200.0-255,1484,179317,17,378992
48718,0.002107,74.125.200.0-255,4320,183637,17,378992
48719,0.00211,172.31.36.0-255,66,183703,17,378992
48720,0.002115,74.125.200.0-255,5738,189441,17,378992
48721,0.002118,172.31.36.0-255,66,189507,17,378992
48722,0.002125,74.125.200.0-255,7156,196663,17,378992
48723,0.002126,172.31.36.0-255,66,196729,17,378992
48724,0.002142,172.31.36.0-255,66,196795,17,378992
48725,0.002222,74.125.200.0-255,1484,198279,17,378992
48726,0.002237,74.125.200.0-255,2902,201181,17,378992
48727,0.00224,172.31.36.0-255,66,201247,17,378992
48728,0.002269,74.125.200.0-255,4320,205567,17,378992
48729,0.002271,172.31.36.0-255,66,205633,17,378992
48730,0.002281,74.125.200.0-255,5738,211371,17,378992
48731,0.002288,172.31.36.0-255,66,211437,17,378992
48732,0.004521,74.125.200.0-255,5738,217175,17,378992
48733,0.00453,172.31.36.0-255,66,217241,17,378992
48734,0.006771,74.125.200.0-255,4320,221561,17,378992
48735,0.006776,172.31.36.0-255,66,221627,17,378992
48736,0.006793,74.125.200.0-255,1484,223111,17,378992
48737,0.009024,74.125.200.0-255,4320,227431,17,378992
48738,0.00903,172.31.36.0-255,66,227497,17,378992
48739,0.011269,74.125.200.0-255,5738,233235,17,378992
48740,0.011276,172.31.36.0-255,66,233301,17,378992
48741,0.01354,74.125.200.0-255,5738,239039,17,378992
48742,0.013548,172.31.36.0-255,66,239105,17,378992
48743,0.015815,74.125.200.0-255,5738,244843,17,378992
48744,0.015825,172.31.36.0-255,66,244909,17,378992
48745,0.018107,74.125.200.0-255,5738,250647,17,378992
48746,0.018116,172.31.36.0-255,66,250713,17,378992
48747,0.020365,74.125.200.0-255,5738,256451,17,378992
48748,0.020372,172.31.36.0-255,66,256517,17,378992
48749,0.022617,74.125.200.0-255,5738,262255,17,378992
48750,0.022625,172.31.36.0-255,66,262321,17,378992
48751,0.02487,74.125.200.0-255,5738,268059,17,378992
48752,0.024877,172.31.36.0-255,66,268125,17,378992
48753,0.02715,74.125.200.0-255,5738,273863,17,378992
48754,0.027156,172.31.36.0-255,66,273929,17,378992
48755,0.029398,74.125.200.0-255,5738,279667,17,378992
48756,0.029405,172.31.36.0-255,66,279733,17,378992
48757,0.031655,74.125.200.0-255,5738,285471,17,378992
48758,0.031662,172.31.36.0-255,66,285537,17,378992
48759,0.031791,172.31.36.0-255,172,285709,17,378992
48760,0.03182,172.31.36.0-255,1116,286825,17,378992
48761,0.03196,172.31.36.0-255,1514,288339,17,378992
48762,0.032001,172.31.36.0-255,1274,289613,17,378992
48763,0.033392,104.244.42.0-255,66,289679,17,378992
48764,0.033436,104.244.42.0-255,66,289745,17,378992
48765,0.033525,104.244.42.0-255,66,289811,17,378992
48766,0.033891,74.125.200.0-255,1484,291295,17,378992
48767,0.03392,74.125.200.0-255,4320,295615,17,378992
48768,0.033925,172.31.36.0-255,66,295681,17,378992
48769,0.036165,74.125.200.0-255,5738,301419,17,378992
48770,0.036171,172.31.36.0-255,66,301485,17,378992
48771,0.038411,74.125.200.0-255,5738,307223,17,378992
48772,0.038418,172.31.36.0-255,66,307289,17,378992
48773,0.040657,74.125.200.0-255,5738,313027,17,378992
48774,0.040662,172.31.36.0-255,66,313093,17,378992
48775,0.04291,74.125.200.0-255,5738,318831,17,378992
48776,0.042915,172.31.36.0-255,66,318897,17,378992
48777,0.045154,74.125.200.0-255,5738,324635,17,378992
48778,0.04516,172.31.36.0-255,66,324701,17,378992
48779,0.047396,74.125.200.0-255,5738,330439,17,378992
48780,0.047401,172.31.36.0-255,66,330505,17,378992
48781,0.049638,74.125.200.0-255,4320,334825,17,378992
48782,0.049643,172.31.36.0-255,66,334891,17,378992
48783,0.049678,74.125.200.0-255,1484,336375,17,378992
48784,0.051888,74.125.200.0-255,4320,340695,17,378992
48785,0.051893,172.31.36.0-255,66,340761,17,378992
48786,0.054137,74.125.200.0-255,5738,346499,17,378992
48787,0.054143,172.31.36.0-255,66,346565,17,378992
48788,0.056385,74.125.200.0-255,5738,352303,17,378992
48789,0.056391,172.31.36.0-255,66,352369,17,378992
48790,0.058631,74.125.200.0-255,5738,358107,17,378992
48791,0.058637,172.31.36.0-255,66,358173,17,378992
48792,0.060885,74.125.200.0-255,5738,363911,17,378992
48793,0.060891,172.31.36.0-255,66,363977,17,378992
48794,0.063121,74.125.200.0-255,5738,369715,17,378992
48795,0.063126,172.31.36.0-255,66,369781,17,378992
48796,0.065386,74.125.200.0-255,5738,375519,17,378992
48797,0.065392,172.31.36.0-255,66,375585,17,378992
48798,0.067632,74.125.200.0-255,3170,378755,17,378992
48799,0.067637,172.31.36.0-255,66,378821,17,378992
48800,0.067814,172.31.36.0-255,105,378926,17,378992
48801,0.070024,74.125.200.0-255,66,378992,17,378992
48802,0.0,74.125.24.0-255,209,209,17,180956
48803,1.4e-05,172.31.36.0-255,66,275,17,180956
48804,2.2e-05,74.125.24.0-255,1484,1759,17,180956
48805,2.6e-05,172.31.36.0-255,66,1825,17,180956
48806,3e-05,74.125.24.0-255,1484,3309,17,180956
48807,3.3e-05,172.31.36.0-255,66,3375,17,180956
48808,4e-05,74.125.24.0-255,4320,7695,17,180956
48809,4.3e-05,172.31.36.0-255,66,7761,17,180956
48810,8.4e-05,74.125.24.0-255,6061,13822,17,180956
48811,8.7e-05,172.31.36.0-255,66,13888,17,180956
48812,0.000176,74.125.24.0-255,1484,15372,17,180956
48813,0.00018,172.31.36.0-255,66,15438,17,180956
48814,0.000185,74.125.24.0-255,2902,18340,17,180956
48815,0.000187,172.31.36.0-255,66,18406,17,180956
48816,0.000208,74.125.24.0-255,5738,24144,17,180956
48817,0.00021,172.31.36.0-255,66,24210,17,180956
48818,0.000215,74.125.24.0-255,2902,27112,17,180956
48819,0.000217,172.31.36.0-255,66,27178,17,180956
48820,0.000238,74.125.24.0-255,3961,31139,17,180956
48821,0.000241,172.31.36.0-255,66,31205,17,180956
48822,0.000264,74.125.24.0-255,5738,36943,17,180956
48823,0.000267,172.31.36.0-255,66,37009,17,180956
48824,0.000301,172.31.36.0-255,66,37075,17,180956
48825,0.000309,74.125.24.0-255,7156,44231,17,180956
48826,0.000311,172.31.36.0-255,66,44297,17,180956
48827,0.000355,172.31.36.0-255,66,44363,17,180956
48828,0.000358,74.125.24.0-255,429,44792,17,180956
48829,0.00036,172.31.36.0-255,66,44858,17,180956
48830,0.000592,74.125.24.0-255,1484,46342,17,180956
48831,0.000598,172.31.36.0-255,66,46408,17,180956
48832,0.000604,74.125.24.0-255,2902,49310,17,180956
48833,0.000606,172.31.36.0-255,66,49376,17,180956
48834,0.00061,74.125.24.0-255,2902,52278,17,180956
48835,0.000613,172.31.36.0-255,66,52344,17,180956
48836,0.000635,74.125.24.0-255,2902,55246,17,180956
48837,0.000638,172.31.36.0-255,66,55312,17,180956
48838,0.000641,74.125.24.0-255,1484,56796,17,180956
48839,0.000645,74.125.24.0-255,1484,58280,17,180956
48840,0.000647,172.31.36.0-255,66,58346,17,180956
48841,0.000683,74.125.24.0-255,7156,65502,17,180956
48842,0.000686,172.31.36.0-255,66,65568,17,180956
48843,0.000701,172.31.36.0-255,66,65634,17,180956
48844,0.000729,74.125.24.0-255,2902,68536,17,180956
48845,0.000732,172.31.36.0-255,66,68602,17,180956
48846,0.000738,74.125.24.0-255,4320,72922,17,180956
48847,0.00074,172.31.36.0-255,66,72988,17,180956
48848,0.000747,74.125.24.0-255,5738,78726,17,180956
48849,0.00075,172.31.36.0-255,66,78792,17,180956
48850,0.000775,74.125.24.0-255,2902,81694,17,180956
48851,0.000779,172.31.36.0-255,66,81760,17,180956
48852,0.000785,74.125.24.0-255,5738,87498,17,180956
48853,0.000788,172.31.36.0-255,66,87564,17,180956
48854,0.000811,172.31.36.0-255,66,87630,17,180956
48855,0.000839,74.125.24.0-255,3602,91232,17,180956
48856,0.000842,172.31.36.0-255,66,91298,17,180956
48857,0.00086,172.31.36.0-255,66,91364,17,180956
48858,0.000871,172.31.36.0-255,66,91430,17,180956
48859,0.000874,74.125.24.0-255,1484,92914,17,180956
48860,0.000894,74.125.24.0-255,5020,97934,17,180956
48861,0.000896,172.31.36.0-255,66,98000,17,180956
48862,0.001037,74.125.24.0-255,1484,99484,17,180956
48863,0.001043,74.125.24.0-255,2902,102386,17,180956
48864,0.001046,172.31.36.0-255,66,102452,17,180956
48865,0.001074,74.125.24.0-255,5738,108190,17,180956
48866,0.001077,172.31.36.0-255,66,108256,17,180956
48867,0.00108,74.125.24.0-255,1484,109740,17,180956
48868,0.001094,74.125.24.0-255,4320,114060,17,180956
48869,0.001096,172.31.36.0-255,66,114126,17,180956
48870,0.001102,74.125.24.0-255,4320,118446,17,180956
48871,0.001105,172.31.36.0-255,66,118512,17,180956
48872,0.00112,74.125.24.0-255,2902,121414,17,180956
48873,0.001122,172.31.36.0-255,66,121480,17,180956
48874,0.001189,172.31.36.0-255,66,121546,17,180956
48875,0.001416,74.125.24.0-255,1484,123030,17,180956
48876,0.001422,74.125.24.0-255,2902,125932,17,180956
48877,0.001425,172.31.36.0-255,66,125998,17,180956
48878,0.001433,74.125.24.0-255,5738,131736,17,180956
48879,0.001436,172.31.36.0-255,66,131802,17,180956
48880,0.001462,74.125.24.0-255,7156,138958,17,180956
48881,0.001465,172.31.36.0-255,66,139024,17,180956
48882,0.00147,74.125.24.0-255,2902,141926,17,180956
48883,0.001472,172.31.36.0-255,66,141992,17,180956
48884,0.001501,74.125.24.0-255,2184,144176,17,180956
48885,0.001507,172.31.36.0-255,66,144242,17,180956
48886,0.001511,172.31.36.0-255,66,144308,17,180956
48887,0.001533,172.31.36.0-255,66,144374,17,180956
48888,0.001566,74.125.24.0-255,2902,147276,17,180956
48889,0.00157,172.31.36.0-255,66,147342,17,180956
48890,0.001585,172.31.36.0-255,66,147408,17,180956
48891,0.0016,172.31.36.0-255,66,147474,17,180956
48892,0.001646,172.31.36.0-255,66,147540,17,180956
48893,0.001652,74.125.24.0-255,6438,153978,17,180956
48894,0.001655,172.31.36.0-255,66,154044,17,180956
48895,0.001659,74.125.24.0-255,2902,156946,17,180956
48896,0.001661,172.31.36.0-255,66,157012,17,180956
48897,0.001698,74.125.24.0-255,4320,161332,17,180956
48898,0.001702,172.31.36.0-255,66,161398,17,180956
48899,0.001716,172.31.36.0-255,66,161464,17,180956
48900,0.001722,74.125.24.0-255,5738,167202,17,180956
48901,0.001724,172.31.36.0-255,66,167268,17,180956
48902,0.001758,172.31.36.0-255,66,167334,17,180956
48903,0.001772,172.31.36.0-255,66,167400,17,180956
48904,0.001798,74.125.24.0-255,4320,171720,17,180956
48905,0.001801,172.31.36.0-255,66,171786,17,180956
48906,0.001889,172.31.36.0-255,66,171852,17,180956
48907,0.001893,172.31.36.0-255,66,171918,17,180956
48908,0.001916,172.31.36.0-255,66,171984,17,180956
48909,0.001921,74.125.24.0-255,4275,176259,17,180956
48910,0.001923,172.31.36.0-255,66,176325,17,180956
48911,0.001926,74.125.24.0-255,105,176430,17,180956
48912,0.0042,172.31.36.0-255,66,176496,17,180956
48913,0.004237,172.31.36.0-255,105,176601,17,180956
48914,0.006176,74.125.24.0-255,66,176667,17,180956
48915,0.031138,172.31.36.0-255,187,176854,17,180956
48916,0.03117,172.31.36.0-255,985,177839,17,180956
48917,0.031241,172.31.36.0-255,1514,179353,17,180956
48918,0.031243,172.31.36.0-255,1405,180758,17,180956
48919,0.032696,104.244.42.0-255,66,180824,17,180956
48920,0.032727,104.244.42.0-255,66,180890,17,180956
48921,0.032772,104.244.42.0-255,66,180956,17,180956
48922,0.0,74.125.130.0-255,152,152,17,363934
48923,2.3e-05,172.31.36.0-255,66,218,17,363934
48924,3e-05,74.125.130.0-255,1484,1702,17,363934
48925,3.4e-05,172.31.36.0-255,66,1768,17,363934
48926,3.8e-05,74.125.130.0-255,1484,3252,17,363934
48927,4e-05,172.31.36.0-255,66,3318,17,363934
48928,5.4e-05,74.125.130.0-255,2902,6220,17,363934
48929,5.7e-05,172.31.36.0-255,66,6286,17,363934
48930,6.4e-05,74.125.130.0-255,5738,12024,17,363934
48931,6.7e-05,172.31.36.0-255,66,12090,17,363934
48932,7.1e-05,74.125.130.0-255,3504,15594,17,363934
48933,7.3e-05,172.31.36.0-255,66,15660,17,363934
48934,7.8e-05,74.125.130.0-255,2902,18562,17,363934
48935,8.1e-05,172.31.36.0-255,66,18628,17,363934
48936,0.000104,74.125.130.0-255,1484,20112,17,363934
48937,0.000106,172.31.36.0-255,66,20178,17,363934
48938,0.000123,172.31.36.0-255,66,20244,17,363934
48939,0.000126,74.125.130.0-255,1125,21369,17,363934
48940,0.000128,172.31.36.0-255,66,21435,17,363934
48941,0.000267,74.125.130.0-255,1484,22919,17,363934
48942,0.000272,172.31.36.0-255,66,22985,17,363934
48943,0.0003,74.125.130.0-255,2902,25887,17,363934
48944,0.000303,172.31.36.0-255,66,25953,17,363934
48945,0.000311,74.125.130.0-255,5738,31691,17,363934
48946,0.000314,172.31.36.0-255,66,31757,17,363934
48947,0.000318,74.125.130.0-255,2902,34659,17,363934
48948,0.00032,172.31.36.0-255,66,34725,17,363934
48949,0.000323,74.125.130.0-255,1484,36209,17,363934
48950,0.000325,172.31.36.0-255,66,36275,17,363934
48951,0.000349,74.125.130.0-255,2543,38818,17,363934
48952,0.000355,172.31.36.0-255,66,38884,17,363934
48953,0.000374,74.125.130.0-255,4320,43204,17,363934
48954,0.000376,172.31.36.0-255,66,43270,17,363934
48955,0.000402,74.125.130.0-255,4320,47590,17,363934
48956,0.000405,172.31.36.0-255,66,47656,17,363934
48957,0.000436,172.31.36.0-255,66,47722,17,363934
48958,0.000439,74.125.130.0-255,121,47843,17,363934
48959,0.000526,74.125.130.0-255,380,48223,17,363934
48960,0.000959,74.125.130.0-255,1484,49707,17,363934
48961,0.000964,172.31.36.0-255,66,49773,17,363934
48962,0.000985,74.125.130.0-255,2902,52675,17,363934
48963,0.000987,172.31.36.0-255,66,52741,17,363934
48964,0.000993,74.125.130.0-255,4320,57061,17,363934
48965,0.000996,172.31.36.0-255,66,57127,17,363934
48966,0.001036,172.31.36.0-255,66,57193,17,363934
48967,0.001042,74.125.130.0-255,4320,61513,17,363934
48968,0.001044,172.31.36.0-255,66,61579,17,363934
48969,0.001055,74.125.130.0-255,5738,67317,17,363934
48970,0.001057,172.31.36.0-255,66,67383,17,363934
48971,0.001084,74.125.130.0-255,6438,73821,17,363934
48972,0.001086,172.31.36.0-255,66,73887,17,363934
48973,0.001679,74.125.130.0-255,1484,75371,17,363934
48974,0.001697,74.125.130.0-255,2902,78273,17,363934
48975,0.001701,172.31.36.0-255,66,78339,17,363934
48976,0.001741,74.125.130.0-255,4320,82659,17,363934
48977,0.001744,172.31.36.0-255,66,82725,17,363934
48978,0.001791,74.125.130.0-255,5738,88463,17,363934
48979,0.001794,172.31.36.0-255,66,88529,17,363934
48980,0.001805,172.31.36.0-255,66,88595,17,363934
48981,0.001822,172.31.36.0-255,66,88661,17,363934
48982,0.001824,74.125.130.0-255,766,89427,17,363934
48983,0.002011,74.125.130.0-255,1484,90911,17,363934
48984,0.002016,172.31.36.0-255,66,90977,17,363934
48985,0.002022,74.125.130.0-255,2902,93879,17,363934
48986,0.002024,172.31.36.0-255,66,93945,17,363934
48987,0.002056,74.125.130.0-255,5738,99683,17,363934
48988,0.002059,172.31.36.0-255,66,99749,17,363934
48989,0.002066,74.125.130.0-255,7156,106905,17,363934
48990,0.002068,172.31.36.0-255,66,106971,17,363934
48991,0.002075,74.125.130.0-255,1484,108455,17,363934
48992,0.00211,172.31.36.0-255,66,108521,17,363934
48993,0.002139,74.125.130.0-255,3602,112123,17,363934
48994,0.002142,172.31.36.0-255,66,112189,17,363934
48995,0.004326,74.125.130.0-255,1484,113673,17,363934
48996,0.004371,74.125.130.0-255,4320,117993,17,363934
48997,0.004376,172.31.36.0-255,66,118059,17,363934
48998,0.00662,74.125.130.0-255,5738,123797,17,363934
48999,0.006623,172.31.36.0-255,66,123863,17,363934
49000,0.008861,74.125.130.0-255,5738,129601,17,363934
49001,0.008869,172.31.36.0-255,66,129667,17,363934
49002,0.011113,74.125.130.0-255,5738,135405,17,363934
49003,0.011121,172.31.36.0-255,66,135471,17,363934
49004,0.013368,74.125.130.0-255,5738,141209,17,363934
49005,0.013376,172.31.36.0-255,66,141275,17,363934
49006,0.015615,74.125.130.0-255,5738,147013,17,363934
49007,0.015623,172.31.36.0-255,66,147079,17,363934
49008,0.017869,74.125.130.0-255,5738,152817,17,363934
49009,0.017877,172.31.36.0-255,66,152883,17,363934
49010,0.020112,74.125.130.0-255,5738,158621,17,363934
49011,0.020118,172.31.36.0-255,66,158687,17,363934
49012,0.022356,74.125.130.0-255,5738,164425,17,363934
49013,0.022364,172.31.36.0-255,66,164491,17,363934
49014,0.024269,172.31.36.0-255,176,164667,17,363934
49015,0.0243,172.31.36.0-255,1115,165782,17,363934
49016,0.02436,172.31.36.0-255,1514,167296,17,363934
49017,0.024362,172.31.36.0-255,1275,168571,17,363934
49018,0.024599,74.125.130.0-255,5738,174309,17,363934
49019,0.024606,172.31.36.0-255,66,174375,17,363934
49020,0.025804,104.244.42.0-255,66,174441,17,363934
49021,0.02587,104.244.42.0-255,66,174507,17,363934
49022,0.025906,104.244.42.0-255,66,174573,17,363934
49023,0.02591,104.244.42.0-255,66,174639,17,363934
49024,0.026851,74.125.130.0-255,5738,180377,17,363934
49025,0.026857,172.31.36.0-255,66,180443,17,363934
49026,0.02909,74.125.130.0-255,4320,184763,17,363934
49027,0.029096,172.31.36.0-255,66,184829,17,363934
49028,0.029126,74.125.130.0-255,1484,186313,17,363934
49029,0.031337,74.125.130.0-255,4320,190633,17,363934
49030,0.031343,172.31.36.0-255,66,190699,17,363934
49031,0.033598,74.125.130.0-255,5738,196437,17,363934
49032,0.033604,172.31.36.0-255,66,196503,17,363934
49033,0.035864,74.125.130.0-255,5738,202241,17,363934
49034,0.035873,172.31.36.0-255,66,202307,17,363934
49035,0.038109,74.125.130.0-255,5738,208045,17,363934
49036,0.038116,172.31.36.0-255,66,208111,17,363934
49037,0.040354,74.125.130.0-255,5738,213849,17,363934
49038,0.04036,172.31.36.0-255,66,213915,17,363934
49039,0.042602,74.125.130.0-255,5738,219653,17,363934
49040,0.042608,172.31.36.0-255,66,219719,17,363934
49041,0.044855,74.125.130.0-255,5738,225457,17,363934
49042,0.044862,172.31.36.0-255,66,225523,17,363934
49043,0.047146,74.125.130.0-255,5738,231261,17,363934
49044,0.047153,172.31.36.0-255,66,231327,17,363934
49045,0.049417,74.125.130.0-255,5738,237065,17,363934
49046,0.049424,172.31.36.0-255,66,237131,17,363934
49047,0.051665,74.125.130.0-255,5738,242869,17,363934
49048,0.051671,172.31.36.0-255,66,242935,17,363934
49049,0.053918,74.125.130.0-255,5738,248673,17,363934
49050,0.053924,172.31.36.0-255,66,248739,17,363934
49051,0.056176,74.125.130.0-255,5738,254477,17,363934
49052,0.056183,172.31.36.0-255,66,254543,17,363934
49053,0.058464,74.125.130.0-255,5738,260281,17,363934
49054,0.05847,172.31.36.0-255,66,260347,17,363934
49055,0.06072,74.125.130.0-255,5738,266085,17,363934
49056,0.060726,172.31.36.0-255,66,266151,17,363934
49057,0.062962,74.125.130.0-255,5738,271889,17,363934
49058,0.062968,172.31.36.0-255,66,271955,17,363934
49059,0.06521,74.125.130.0-255,5738,277693,17,363934
49060,0.065217,172.31.36.0-255,66,277759,17,363934
49061,0.067465,74.125.130.0-255,5738,283497,17,363934
49062,0.067475,172.31.36.0-255,66,283563,17,363934
49063,0.069724,74.125.130.0-255,5738,289301,17,363934
49064,0.069729,172.31.36.0-255,66,289367,17,363934
49065,0.071974,74.125.130.0-255,5738,295105,17,363934
49066,0.071981,172.31.36.0-255,66,295171,17,363934
49067,0.074229,74.125.130.0-255,5738,300909,17,363934
49068,0.074235,172.31.36.0-255,66,300975,17,363934
49069,0.076487,74.125.130.0-255,5738,306713,17,363934
49070,0.076494,172.31.36.0-255,66,306779,17,363934
49071,0.078726,74.125.130.0-255,5738,312517,17,363934
49072,0.078732,172.31.36.0-255,66,312583,17,363934
49073,0.080987,74.125.130.0-255,5738,318321,17,363934
49074,0.080993,172.31.36.0-255,66,318387,17,363934
49075,0.083233,74.125.130.0-255,5738,324125,17,363934
49076,0.083238,172.31.36.0-255,66,324191,17,363934
49077,0.085484,74.125.130.0-255,5738,329929,17,363934
49078,0.08549,172.31.36.0-255,66,329995,17,363934
49079,0.087729,74.125.130.0-255,5738,335733,17,363934
49080,0.087736,172.31.36.0-255,66,335799,17,363934
49081,0.08999,74.125.130.0-255,5738,341537,17,363934
49082,0.089995,172.31.36.0-255,66,341603,17,363934
49083,0.092234,74.125.130.0-255,5738,347341,17,363934
49084,0.092241,172.31.36.0-255,66,347407,17,363934
49085,0.094502,74.125.130.0-255,5738,353145,17,363934
49086,0.094509,172.31.36.0-255,66,353211,17,363934
49087,0.096776,74.125.130.0-255,5738,358949,17,363934
49088,0.096783,172.31.36.0-255,66,359015,17,363934
49089,0.099019,74.125.130.0-255,4748,363763,17,363934
49090,0.099026,172.31.36.0-255,66,363829,17,363934
49091,0.099235,172.31.36.0-255,105,363934,17,363934
49092,0.0,74.125.24.0-255,153,153,17,224035
49093,1.8e-05,172.31.36.0-255,66,219,17,224035
49094,2.6e-05,74.125.24.0-255,1484,1703,17,224035
49095,3e-05,172.31.36.0-255,66,1769,17,224035
49096,3.7e-05,74.125.24.0-255,2902,4671,17,224035
49097,5e-05,172.31.36.0-255,66,4737,17,224035
49098,5.8e-05,74.125.24.0-255,7156,11893,17,224035
49099,6.1e-05,172.31.36.0-255,66,11959,17,224035
49100,6.4e-05,74.125.24.0-255,1484,13443,17,224035
49101,6.7e-05,172.31.36.0-255,66,13509,17,224035
49102,7e-05,74.125.24.0-255,622,14131,17,224035
49103,7.3e-05,172.31.36.0-255,66,14197,17,224035
49104,0.000105,74.125.24.0-255,1484,15681,17,224035
49105,0.000108,172.31.36.0-255,66,15747,17,224035
49106,0.000113,74.125.24.0-255,4320,20067,17,224035
49107,0.000116,172.31.36.0-255,66,20133,17,224035
49108,0.000139,172.31.36.0-255,66,20199,17,224035
49109,0.000146,74.125.24.0-255,1125,21324,17,224035
49110,0.000148,172.31.36.0-255,66,21390,17,224035
49111,0.000213,74.125.24.0-255,1484,22874,17,224035
49112,0.000216,172.31.36.0-255,66,22940,17,224035
49113,0.000221,74.125.24.0-255,2902,25842,17,224035
49114,0.000223,172.31.36.0-255,66,25908,17,224035
49115,0.000253,74.125.24.0-255,5738,31646,17,224035
49116,0.000258,172.31.36.0-255,66,31712,17,224035
49117,0.000268,74.125.24.0-255,1484,33196,17,224035
49118,0.00027,172.31.36.0-255,66,33262,17,224035
49119,0.000308,172.31.36.0-255,66,33328,17,224035
49120,0.000319,172.31.36.0-255,66,33394,17,224035
49121,0.000322,74.125.24.0-255,399,33793,17,224035
49122,0.000393,74.125.24.0-255,108,33901,17,224035
49123,0.000409,74.125.24.0-255,333,34234,17,224035
49124,0.001067,74.125.24.0-255,1484,35718,17,224035
49125,0.001074,74.125.24.0-255,2902,38620,17,224035
49126,0.001076,74.125.24.0-255,1484,40104,17,224035
49127,0.001087,172.31.36.0-255,66,40170,17,224035
49128,0.001096,74.125.24.0-255,4320,44490,17,224035
49129,0.001099,74.125.24.0-255,1484,45974,17,224035
49130,0.001109,172.31.36.0-255,66,46040,17,224035
49131,0.001135,74.125.24.0-255,2902,48942,17,224035
49132,0.001142,74.125.24.0-255,5738,54680,17,224035
49133,0.001148,74.125.24.0-255,5738,60418,17,224035
49134,0.001157,172.31.36.0-255,66,60484,17,224035
49135,0.001178,74.125.24.0-255,7156,67640,17,224035
49136,0.001181,74.125.24.0-255,766,68406,17,224035
49137,0.001194,172.31.36.0-255,66,68472,17,224035
49138,0.001289,74.125.24.0-255,1484,69956,17,224035
49139,0.001296,74.125.24.0-255,2902,72858,17,224035
49140,0.001298,172.31.36.0-255,66,72924,17,224035
49141,0.001302,74.125.24.0-255,1484,74408,17,224035
49142,0.00133,74.125.24.0-255,4320,78728,17,224035
49143,0.00134,172.31.36.0-255,66,78794,17,224035
49144,0.001352,74.125.24.0-255,7156,85950,17,224035
49145,0.001357,172.31.36.0-255,66,86016,17,224035
49146,0.001388,74.125.24.0-255,5738,91754,17,224035
49147,0.00141,74.125.24.0-255,1484,93238,17,224035
49148,0.001419,172.31.36.0-255,66,93304,17,224035
49149,0.001433,74.125.24.0-255,5738,99042,17,224035
49150,0.001504,74.125.24.0-255,3602,102644,17,224035
49151,0.001529,74.125.24.0-255,2902,105546,17,224035
49152,0.001544,74.125.24.0-255,5738,111284,17,224035
49153,0.001548,172.31.36.0-255,66,111350,17,224035
49154,0.001553,172.31.36.0-255,66,111416,17,224035
49155,0.001574,74.125.24.0-255,2902,114318,17,224035
49156,0.001581,74.125.24.0-255,5738,120056,17,224035
49157,0.001595,172.31.36.0-255,66,120122,17,224035
49158,0.001615,74.125.24.0-255,6438,126560,17,224035
49159,0.001619,74.125.24.0-255,4320,130880,17,224035
49160,0.001626,172.31.36.0-255,66,130946,17,224035
49161,0.001664,74.125.24.0-255,2902,133848,17,224035
49162,0.001682,74.125.24.0-255,4320,138168,17,224035
49163,0.001698,74.125.24.0-255,2184,140352,17,224035
49164,0.001716,74.125.24.0-255,5738,146090,17,224035
49165,0.001751,74.125.24.0-255,2184,148274,17,224035
49166,0.001753,172.31.36.0-255,66,148340,17,224035
49167,0.001764,172.31.36.0-255,66,148406,17,224035
49168,0.001779,74.125.24.0-255,4320,152726,17,224035
49169,0.001798,74.125.24.0-255,2902,155628,17,224035
49170,0.00182,74.125.24.0-255,1484,157112,17,224035
49171,0.001837,74.125.24.0-255,7156,164268,17,224035
49172,0.001845,172.31.36.0-255,66,164334,17,224035
49173,0.001875,74.125.24.0-255,766,165100,17,224035
49174,0.001883,172.31.36.0-255,66,165166,17,224035
49175,0.001938,74.125.24.0-255,1484,166650,17,224035
49176,0.001942,74.125.24.0-255,1484,168134,17,224035
49177,0.001955,74.125.24.0-255,1484,169618,17,224035
49178,0.001961,74.125.24.0-255,4320,173938,17,224035
49179,0.001964,172.31.36.0-255,66,174004,17,224035
49180,0.00197,172.31.36.0-255,66,174070,17,224035
49181,0.00198,74.125.24.0-255,1484,175554,17,224035
49182,0.002108,172.31.36.0-255,66,175620,17,224035
49183,0.002116,172.31.36.0-255,66,175686,17,224035
49184,0.004186,74.125.24.0-255,5738,181424,17,224035
49185,0.004191,172.31.36.0-255,66,181490,17,224035
49186,0.006254,74.125.24.0-255,5738,187228,17,224035
49187,0.010623,172.31.36.0-255,66,187294,17,224035
49188,0.012722,74.125.24.0-255,5738,193032,17,224035
49189,0.012731,172.31.36.0-255,66,193098,17,224035
49190,0.014803,74.125.24.0-255,5738,198836,17,224035
49191,0.016328,172.31.36.0-255,66,198902,17,224035
49192,0.018436,74.125.24.0-255,5738,204640,17,224035
49193,0.018449,172.31.36.0-255,66,204706,17,224035
49194,0.02051,74.125.24.0-255,5738,210444,17,224035
49195,0.020521,172.31.36.0-255,66,210510,17,224035
49196,0.022595,74.125.24.0-255,5738,216248,17,224035
49197,0.022603,172.31.36.0-255,66,216314,17,224035
49198,0.024675,74.125.24.0-255,3184,219498,17,224035
49199,0.024684,172.31.36.0-255,66,219564,17,224035
49200,0.024865,172.31.36.0-255,105,219669,17,224035
49201,0.026908,74.125.24.0-255,66,219735,17,224035
49202,0.034678,172.31.36.0-255,200,219935,17,224035
49203,0.034711,172.31.36.0-255,1118,221053,17,224035
49204,0.03477,172.31.36.0-255,1514,222567,17,224035
49205,0.034772,172.31.36.0-255,1270,223837,17,224035
49206,0.036259,104.244.42.0-255,66,223903,17,224035
49207,0.036288,104.244.42.0-255,66,223969,17,224035
49208,0.036342,104.244.42.0-255,66,224035,17,224035
49209,0.0,74.125.68.0-255,152,152,17,405978
49210,2.9e-05,172.31.36.0-255,66,218,17,405978
49211,3.6e-05,74.125.68.0-255,1484,1702,17,405978
49212,4e-05,172.31.36.0-255,66,1768,17,405978
49213,4.5e-05,74.125.68.0-255,2902,4670,17,405978
49214,4.7e-05,172.31.36.0-255,66,4736,17,405978
49215,5.4e-05,74.125.68.0-255,5738,10474,17,405978
49216,5.7e-05,172.31.36.0-255,66,10540,17,405978
49217,8e-05,74.125.68.0-255,3472,14012,17,405978
49218,8.3e-05,172.31.36.0-255,66,14078,17,405978
49219,0.000181,74.125.68.0-255,1484,15562,17,405978
49220,0.000186,172.31.36.0-255,66,15628,17,405978
49221,0.000191,74.125.68.0-255,2902,18530,17,405978
49222,0.000193,172.31.36.0-255,66,18596,17,405978
49223,0.00021,74.125.68.0-255,5738,24334,17,405978
49224,0.000213,172.31.36.0-255,66,24400,17,405978
49225,0.000234,74.125.68.0-255,6797,31197,17,405978
49226,0.000237,172.31.36.0-255,66,31263,17,405978
49227,0.000273,74.125.68.0-255,4320,35583,17,405978
49228,0.000277,172.31.36.0-255,66,35649,17,405978
49229,0.000298,74.125.68.0-255,2902,38551,17,405978
49230,0.000301,172.31.36.0-255,66,38617,17,405978
49231,0.000307,74.125.68.0-255,2902,41519,17,405978
49232,0.000309,172.31.36.0-255,66,41585,17,405978
49233,0.000332,74.125.68.0-255,1484,43069,17,405978
49234,0.000336,172.31.36.0-255,66,43135,17,405978
49235,0.000351,74.125.68.0-255,5379,48514,17,405978
49236,0.000354,172.31.36.0-255,66,48580,17,405978
49237,0.000395,74.125.68.0-255,1484,50064,17,405978
49238,0.000398,172.31.36.0-255,66,50130,17,405978
49239,0.000401,74.125.68.0-255,1484,51614,17,405978
49240,0.000403,172.31.36.0-255,66,51680,17,405978
49241,0.000419,74.125.68.0-255,1484,53164,17,405978
49242,0.000426,74.125.68.0-255,4320,57484,17,405978
49243,0.000432,172.31.36.0-255,66,57550,17,405978
49244,0.000439,74.125.68.0-255,1484,59034,17,405978
49245,0.000444,74.125.68.0-255,2902,61936,17,405978
49246,0.00045,172.31.36.0-255,66,62002,17,405978
49247,0.000494,74.125.68.0-255,4541,66543,17,405978
49248,0.000499,172.31.36.0-255,66,66609,17,405978
49249,0.000691,74.125.68.0-255,1484,68093,17,405978
49250,0.000707,74.125.68.0-255,2902,70995,17,405978
49251,0.000711,172.31.36.0-255,66,71061,17,405978
49252,0.000727,74.125.68.0-255,5738,76799,17,405978
49253,0.000735,172.31.36.0-255,66,76865,17,405978
49254,0.000768,74.125.68.0-255,7156,84021,17,405978
49255,0.000774,172.31.36.0-255,66,84087,17,405978
49256,0.000787,74.125.68.0-255,1484,85571,17,405978
49257,0.000788,172.31.36.0-255,66,85637,17,405978
49258,0.000807,74.125.68.0-255,6438,92075,17,405978
49259,0.000816,172.31.36.0-255,66,92141,17,405978
49260,0.001305,74.125.68.0-255,1484,93625,17,405978
49261,0.001323,74.125.68.0-255,2902,96527,17,405978
49262,0.001328,172.31.36.0-255,66,96593,17,405978
49263,0.001332,74.125.68.0-255,1484,98077,17,405978
49264,0.001354,74.125.68.0-255,4320,102397,17,405978
49265,0.001359,74.125.68.0-255,5738,108135,17,405978
49266,0.001364,74.125.68.0-255,4320,112455,17,405978
49267,0.001379,74.125.68.0-255,2902,115357,17,405978
49268,0.001402,74.125.68.0-255,7156,122513,17,405978
49269,0.001416,74.125.68.0-255,3602,126115,17,405978
49270,0.00145,74.125.68.0-255,1484,127599,17,405978
49271,0.001462,74.125.68.0-255,2902,130501,17,405978
49272,0.001494,74.125.68.0-255,5738,136239,17,405978
49273,0.0015,74.125.68.0-255,4320,140559,17,405978
49274,0.001518,74.125.68.0-255,2902,143461,17,405978
49275,0.001522,74.125.68.0-255,4320,147781,17,405978
49276,0.001539,74.125.68.0-255,4320,152101,17,405978
49277,0.001552,74.125.68.0-255,5738,157839,17,405978
49278,0.001567,74.125.68.0-255,2184,160023,17,405978
49279,0.001613,74.125.68.0-255,1484,161507,17,405978
49280,0.001617,74.125.68.0-255,2902,164409,17,405978
49281,0.001632,74.125.68.0-255,1484,165893,17,405978
49282,0.001649,74.125.68.0-255,4320,170213,17,405978
49283,0.001654,74.125.68.0-255,1484,171697,17,405978
49284,0.001658,74.125.68.0-255,2902,174599,17,405978
49285,0.001679,74.125.68.0-255,5738,180337,17,405978
49286,0.001711,74.125.68.0-255,2902,183239,17,405978
49287,0.001728,74.125.68.0-255,7156,190395,17,405978
49288,0.001754,74.125.68.0-255,3602,193997,17,405978
49289,0.001951,74.125.68.0-255,1484,195481,17,405978
49290,0.001965,74.125.68.0-255,2902,198383,17,405978
49291,0.001994,74.125.68.0-255,5738,204121,17,405978
49292,0.001997,74.125.68.0-255,1484,205605,17,405978
49293,0.00201,74.125.68.0-255,2902,208507,17,405978
49294,0.002024,74.125.68.0-255,5738,214245,17,405978
49295,0.002053,74.125.68.0-255,2902,217147,17,405978
49296,0.00207,74.125.68.0-255,7156,224303,17,405978
49297,0.002103,74.125.68.0-255,3602,227905,17,405978
49298,0.002219,74.125.68.0-255,1484,229389,17,405978
49299,0.002235,74.125.68.0-255,2902,232291,17,405978
49300,0.002256,74.125.68.0-255,2902,235193,17,405978
49301,0.002259,74.125.68.0-255,1484,236677,17,405978
49302,0.002275,74.125.68.0-255,2902,239579,17,405978
49303,0.00231,74.125.68.0-255,1484,241063,17,405978
49304,0.002314,74.125.68.0-255,2902,243965,17,405978
49305,0.002368,74.125.68.0-255,5738,249703,17,405978
49306,0.002373,74.125.68.0-255,3602,253305,17,405978
49307,0.002442,74.125.68.0-255,1484,254789,17,405978
49308,0.002452,74.125.68.0-255,1484,256273,17,405978
49309,0.002469,74.125.68.0-255,1484,257757,17,405978
49310,0.002486,74.125.68.0-255,1484,259241,17,405978
49311,0.002492,74.125.68.0-255,5738,264979,17,405978
49312,0.002511,74.125.68.0-255,7156,272135,17,405978
49313,0.00253,74.125.68.0-255,5738,277873,17,405978
49314,0.002543,74.125.68.0-255,2902,280775,17,405978
49315,0.002561,74.125.68.0-255,4320,285095,17,405978
49316,0.002571,74.125.68.0-255,2184,287279,17,405978
49317,0.002584,74.125.68.0-255,7156,294435,17,405978
49318,0.002614,74.125.68.0-255,2902,297337,17,405978
49319,0.002626,74.125.68.0-255,5738,303075,17,405978
49320,0.004379,172.31.36.0-255,66,303141,17,405978
49321,0.006989,74.125.68.0-255,5738,308879,17,405978
49322,0.006996,172.31.36.0-255,66,308945,17,405978
49323,0.009581,74.125.68.0-255,5738,314683,17,405978
49324,0.009587,172.31.36.0-255,66,314749,17,405978
49325,0.012172,74.125.68.0-255,5738,320487,17,405978
49326,0.012179,172.31.36.0-255,66,320553,17,405978
49327,0.014767,74.125.68.0-255,5738,326291,17,405978
49328,0.014819,172.31.36.0-255,66,326357,17,405978
49329,0.017405,74.125.68.0-255,5738,332095,17,405978
49330,0.017412,172.31.36.0-255,66,332161,17,405978
49331,0.020026,74.125.68.0-255,5738,337899,17,405978
49332,0.020042,172.31.36.0-255,66,337965,17,405978
49333,0.022642,74.125.68.0-255,5738,343703,17,405978
49334,0.022654,172.31.36.0-255,66,343769,17,405978
49335,0.025241,74.125.68.0-255,5738,349507,17,405978
49336,0.025248,172.31.36.0-255,66,349573,17,405978
49337,0.027833,74.125.68.0-255,5738,355311,17,405978
49338,0.027845,172.31.36.0-255,66,355377,17,405978
49339,0.030438,74.125.68.0-255,5738,361115,17,405978
49340,0.030446,172.31.36.0-255,66,361181,17,405978
49341,0.033031,74.125.68.0-255,5738,366919,17,405978
49342,0.033039,172.31.36.0-255,66,366985,17,405978
49343,0.034852,172.31.36.0-255,172,367157,17,405978
49344,0.034903,172.31.36.0-255,1118,368275,17,405978
49345,0.035068,172.31.36.0-255,1514,369789,17,405978
49346,0.03507,172.31.36.0-255,1272,371061,17,405978
49347,0.035621,74.125.68.0-255,5738,376799,17,405978
49348,0.035627,172.31.36.0-255,66,376865,17,405978
49349,0.035755,172.31.36.0-255,101,376966,17,405978
49350,0.036412,104.244.42.0-255,66,377032,17,405978
49351,0.036454,104.244.42.0-255,66,377098,17,405978
49352,0.036582,104.244.42.0-255,66,377164,17,405978
49353,0.038201,74.125.68.0-255,5738,382902,17,405978
49354,0.038205,172.31.36.0-255,66,382968,17,405978
49355,0.038286,74.125.68.0-255,66,383034,17,405978
49356,0.040787,74.125.68.0-255,5738,388772,17,405978
49357,0.040792,172.31.36.0-255,66,388838,17,405978
49358,0.043379,74.125.68.0-255,5738,394576,17,405978
49359,0.043384,172.31.36.0-255,66,394642,17,405978
49360,0.045973,74.125.68.0-255,4320,398962,17,405978
49361,0.045978,172.31.36.0-255,66,399028,17,405978
49362,0.046003,74.125.68.0-255,1484,400512,17,405978
49363,0.048572,74.125.68.0-255,4320,404832,17,405978
49364,0.048578,172.31.36.0-255,66,404898,17,405978
49365,0.051142,74.125.68.0-255,909,405807,17,405978
49366,0.051313,172.31.36.0-255,105,405912,17,405978
49367,0.059385,74.125.68.0-255,66,405978,17,405978
49368,0.0,172.217.194.0-255,153,153,17,257933
49369,3.6e-05,172.31.36.0-255,66,219,17,257933
49370,4.4e-05,172.217.194.0-255,1484,1703,17,257933
49371,4.9e-05,172.31.36.0-255,66,1769,17,257933
49372,5.3e-05,172.217.194.0-255,2902,4671,17,257933
49373,5.6e-05,172.31.36.0-255,66,4737,17,257933
49374,7.3e-05,172.217.194.0-255,7156,11893,17,257933
49375,7.7e-05,172.31.36.0-255,66,11959,17,257933
49376,8.2e-05,172.217.194.0-255,4320,16279,17,257933
49377,8.5e-05,172.31.36.0-255,66,16345,17,257933
49378,0.000118,172.217.194.0-255,3458,19803,17,257933
49379,0.000126,172.31.36.0-255,66,19869,17,257933
49380,0.000136,172.31.36.0-255,66,19935,17,257933
49381,0.000171,172.217.194.0-255,2543,22478,17,257933
49382,0.000173,172.31.36.0-255,66,22544,17,257933
49383,0.000257,172.217.194.0-255,1484,24028,17,257933
49384,0.000261,172.31.36.0-255,66,24094,17,257933
49385,0.000267,172.217.194.0-255,2902,26996,17,257933
49386,0.000269,172.31.36.0-255,66,27062,17,257933
49387,0.000301,172.217.194.0-255,5738,32800,17,257933
49388,0.000305,172.31.36.0-255,66,32866,17,257933
49389,0.000311,172.217.194.0-255,5738,38604,17,257933
49390,0.000314,172.31.36.0-255,66,38670,17,257933
49391,0.000343,172.217.194.0-255,1125,39795,17,257933
49392,0.000348,172.217.194.0-255,4320,44115,17,257933
49393,0.000348,172.31.36.0-255,66,44181,17,257933
49394,0.000353,172.31.36.0-255,66,44247,17,257933
49395,0.000377,172.217.194.0-255,2902,47149,17,257933
49396,0.000385,172.31.36.0-255,66,47215,17,257933
49397,0.000389,172.217.194.0-255,2902,50117,17,257933
49398,0.000393,172.31.36.0-255,66,50183,17,257933
49399,0.000422,172.217.194.0-255,7108,57291,17,257933
49400,0.000426,172.31.36.0-255,66,57357,17,257933
49401,0.000449,172.217.194.0-255,365,57722,17,257933
49402,0.000652,172.217.194.0-255,1484,59206,17,257933
49403,0.000657,172.31.36.0-255,66,59272,17,257933
49404,0.000662,172.217.194.0-255,2902,62174,17,257933
49405,0.000665,172.31.36.0-255,66,62240,17,257933
49406,0.000698,172.217.194.0-255,1484,63724,17,257933
49407,0.000731,172.217.194.0-255,4320,68044,17,257933
49408,0.000736,172.31.36.0-255,66,68110,17,257933
49409,0.000749,172.31.36.0-255,66,68176,17,257933
49410,0.000768,172.31.36.0-255,66,68242,17,257933
49411,0.000774,172.217.194.0-255,5738,73980,17,257933
49412,0.000776,172.31.36.0-255,66,74046,17,257933
49413,0.000817,172.31.36.0-255,66,74112,17,257933
49414,0.000824,172.217.194.0-255,4320,78432,17,257933
49415,0.000842,172.31.36.0-255,66,78498,17,257933
49416,0.000872,172.31.36.0-255,66,78564,17,257933
49417,0.000878,172.217.194.0-255,3054,81618,17,257933
49418,0.00088,172.31.36.0-255,66,81684,17,257933
49419,0.001049,172.217.194.0-255,1484,83168,17,257933
49420,0.001056,172.217.194.0-255,2902,86070,17,257933
49421,0.00106,172.31.36.0-255,66,86136,17,257933
49422,0.001096,172.217.194.0-255,5738,91874,17,257933
49423,0.0011,172.31.36.0-255,66,91940,17,257933
49424,0.001106,172.217.194.0-255,5738,97678,17,257933
49425,0.001108,172.31.36.0-255,66,97744,17,257933
49426,0.001114,172.217.194.0-255,5738,103482,17,257933
49427,0.001116,172.31.36.0-255,66,103548,17,257933
49428,0.001162,172.31.36.0-255,66,103614,17,257933
49429,0.001165,172.217.194.0-255,766,104380,17,257933
49430,0.001377,172.217.194.0-255,1484,105864,17,257933
49431,0.001384,172.31.36.0-255,66,105930,17,257933
49432,0.00139,172.217.194.0-255,2902,108832,17,257933
49433,0.001393,172.31.36.0-255,66,108898,17,257933
49434,0.001407,172.217.194.0-255,5738,114636,17,257933
49435,0.001411,172.31.36.0-255,66,114702,17,257933
49436,0.00145,172.31.36.0-255,66,114768,17,257933
49437,0.001465,172.217.194.0-255,4320,119088,17,257933
49438,0.001471,172.31.36.0-255,66,119154,17,257933
49439,0.001481,172.31.36.0-255,66,119220,17,257933
49440,0.001513,172.217.194.0-255,2184,121404,17,257933
49441,0.001516,172.31.36.0-255,66,121470,17,257933
49442,0.001539,172.217.194.0-255,2902,124372,17,257933
49443,0.001541,172.31.36.0-255,66,124438,17,257933
49444,0.001546,172.217.194.0-255,4320,128758,17,257933
49445,0.001548,172.31.36.0-255,66,128824,17,257933
49446,0.001584,172.31.36.0-255,66,128890,17,257933
49447,0.001588,172.217.194.0-255,2902,131792,17,257933
49448,0.001591,172.31.36.0-255,66,131858,17,257933
49449,0.001628,172.31.36.0-255,66,131924,17,257933
49450,0.001654,172.217.194.0-255,5020,136944,17,257933
49451,0.001656,172.31.36.0-255,66,137010,17,257933
49452,0.002011,172.217.194.0-255,1484,138494,17,257933
49453,0.002026,172.217.194.0-255,2902,141396,17,257933
49454,0.002028,172.31.36.0-255,66,141462,17,257933
49455,0.002032,172.217.194.0-255,2902,144364,17,257933
49456,0.002034,172.31.36.0-255,66,144430,17,257933
49457,0.002065,172.217.194.0-255,2902,147332,17,257933
49458,0.002067,172.31.36.0-255,66,147398,17,257933
49459,0.002088,172.31.36.0-255,66,147464,17,257933
49460,0.002166,172.31.36.0-255,66,147530,17,257933
49461,0.002169,172.217.194.0-255,1484,149014,17,257933
49462,0.002173,172.217.194.0-255,2902,151916,17,257933
49463,0.002175,172.31.36.0-255,66,151982,17,257933
49464,0.00218,172.217.194.0-255,4320,156302,17,257933
49465,0.002186,172.31.36.0-255,66,156368,17,257933
49466,0.00221,172.217.194.0-255,1484,157852,17,257933
49467,0.00222,172.217.194.0-255,7156,165008,17,257933
49468,0.002222,172.31.36.0-255,66,165074,17,257933
49469,0.002233,172.31.36.0-255,66,165140,17,257933
49470,0.002261,172.217.194.0-255,5738,170878,17,257933
49471,0.002264,172.31.36.0-255,66,170944,17,257933
49472,0.002303,172.217.194.0-255,3602,174546,17,257933
49473,0.002336,172.217.194.0-255,2902,177448,17,257933
49474,0.002349,172.217.194.0-255,2902,180350,17,257933
49475,0.005228,172.31.36.0-255,66,180416,17,257933
49476,0.007518,172.217.194.0-255,5738,186154,17,257933
49477,0.007525,172.31.36.0-255,66,186220,17,257933
49478,0.009845,172.217.194.0-255,5738,191958,17,257933
49479,0.009851,172.31.36.0-255,66,192024,17,257933
49480,0.012139,172.217.194.0-255,4320,196344,17,257933
49481,0.012149,172.31.36.0-255,66,196410,17,257933
49482,0.012181,172.217.194.0-255,1484,197894,17,257933
49483,0.014432,172.217.194.0-255,4320,202214,17,257933
49484,0.01444,172.31.36.0-255,66,202280,17,257933
49485,0.016778,172.217.194.0-255,5738,208018,17,257933
49486,0.016787,172.31.36.0-255,66,208084,17,257933
49487,0.019067,172.217.194.0-255,5738,213822,17,257933
49488,0.019076,172.31.36.0-255,66,213888,17,257933
49489,0.021364,172.217.194.0-255,5738,219626,17,257933
49490,0.021371,172.31.36.0-255,66,219692,17,257933
49491,0.023675,172.217.194.0-255,5738,225430,17,257933
49492,0.023682,172.31.36.0-255,66,225496,17,257933
49493,0.025969,172.217.194.0-255,5738,231234,17,257933
49494,0.025977,172.31.36.0-255,66,231300,17,257933
49495,0.028263,172.217.194.0-255,5738,237038,17,257933
49496,0.028271,172.31.36.0-255,66,237104,17,257933
49497,0.030572,172.217.194.0-255,5738,242842,17,257933
49498,0.03058,172.31.36.0-255,66,242908,17,257933
49499,0.032862,172.217.194.0-255,5738,248646,17,257933
49500,0.03287,172.31.36.0-255,66,248712,17,257933
49501,0.033397,172.31.36.0-255,172,248884,17,257933
49502,0.033429,172.31.36.0-255,1117,250001,17,257933
49503,0.033465,172.31.36.0-255,1514,251515,17,257933
49504,0.033466,172.31.36.0-255,1271,252786,17,257933
49505,0.034993,104.244.42.0-255,66,252852,17,257933
49506,0.035001,104.244.42.0-255,66,252918,17,257933
49507,0.035004,104.244.42.0-255,66,252984,17,257933
49508,0.035125,172.217.194.0-255,1484,254468,17,257933
49509,0.03516,172.217.194.0-255,3228,257696,17,257933
49510,0.035166,172.31.36.0-255,66,257762,17,257933
49511,0.035309,172.31.36.0-255,105,257867,17,257933
49512,0.037531,172.217.194.0-255,66,257933,17,257933
49513,0.0,74.125.24.0-255,153,153,17,393531
49514,2.7e-05,172.31.36.0-255,66,219,17,393531
49515,3.3e-05,74.125.24.0-255,1484,1703,17,393531
49516,3.8e-05,172.31.36.0-255,66,1769,17,393531
49517,4.2e-05,74.125.24.0-255,2902,4671,17,393531
49518,5.2e-05,172.31.36.0-255,66,4737,17,393531
49519,5.7e-05,74.125.24.0-255,5738,10475,17,393531
49520,6e-05,172.31.36.0-255,66,10541,17,393531
49521,8.1e-05,74.125.24.0-255,1484,12025,17,393531
49522,8.4e-05,172.31.36.0-255,66,12091,17,393531
49523,0.000106,74.125.24.0-255,2003,14094,17,393531
49524,0.000108,172.31.36.0-255,66,14160,17,393531
49525,0.000142,74.125.24.0-255,2902,17062,17,393531
49526,0.000146,172.31.36.0-255,66,17128,17,393531
49527,0.000151,74.125.24.0-255,2902,20030,17,393531
49528,0.000153,172.31.36.0-255,66,20096,17,393531
49529,0.000175,74.125.24.0-255,1484,21580,17,393531
49530,0.000178,172.31.36.0-255,66,21646,17,393531
49531,0.000195,172.31.36.0-255,66,21712,17,393531
49532,0.000198,74.125.24.0-255,1125,22837,17,393531
49533,0.0002,172.31.36.0-255,66,22903,17,393531
49534,0.000614,74.125.24.0-255,1484,24387,17,393531
49535,0.00062,172.31.36.0-255,66,24453,17,393531
49536,0.00063,74.125.24.0-255,2902,27355,17,393531
49537,0.000632,172.31.36.0-255,66,27421,17,393531
49538,0.000645,74.125.24.0-255,5738,33159,17,393531
49539,0.000648,172.31.36.0-255,66,33225,17,393531
49540,0.000654,74.125.24.0-255,5738,38963,17,393531
49541,0.000657,172.31.36.0-255,66,39029,17,393531
49542,0.000733,172.31.36.0-255,66,39095,17,393531
49543,0.000739,74.125.24.0-255,3961,43056,17,393531
49544,0.000743,172.31.36.0-255,66,43122,17,393531
49545,0.000958,74.125.24.0-255,646,43768,17,393531
49546,0.001097,172.31.36.0-255,66,43834,17,393531
49547,0.0012,74.125.24.0-255,1484,45318,17,393531
49548,0.001209,74.125.24.0-255,2902,48220,17,393531
49549,0.001212,172.31.36.0-255,66,48286,17,393531
49550,0.001216,74.125.24.0-255,1484,49770,17,393531
49551,0.001246,74.125.24.0-255,4320,54090,17,393531
49552,0.001248,172.31.36.0-255,66,54156,17,393531
49553,0.001255,74.125.24.0-255,6797,60953,17,393531
49554,0.001257,172.31.36.0-255,66,61019,17,393531
49555,0.001278,74.125.24.0-255,5738,66757,17,393531
49556,0.00128,172.31.36.0-255,66,66823,17,393531
49557,0.00132,74.125.24.0-255,1484,68307,17,393531
49558,0.001325,74.125.24.0-255,2902,71209,17,393531
49559,0.001327,172.31.36.0-255,66,71275,17,393531
49560,0.001332,74.125.24.0-255,4320,75595,17,393531
49561,0.001334,172.31.36.0-255,66,75661,17,393531
49562,0.001381,74.125.24.0-255,2543,78204,17,393531
49563,0.001384,172.31.36.0-255,66,78270,17,393531
49564,0.001688,74.125.24.0-255,1484,79754,17,393531
49565,0.001697,74.125.24.0-255,2902,82656,17,393531
49566,0.0017,172.31.36.0-255,66,82722,17,393531
49567,0.001736,74.125.24.0-255,5738,88460,17,393531
49568,0.001738,172.31.36.0-255,66,88526,17,393531
49569,0.001746,74.125.24.0-255,7156,95682,17,393531
49570,0.001748,172.31.36.0-255,66,95748,17,393531
49571,0.001782,74.125.24.0-255,5738,101486,17,393531
49572,0.001785,172.31.36.0-255,66,101552,17,393531
49573,0.00179,74.125.24.0-255,4320,105872,17,393531
49574,0.001792,172.31.36.0-255,66,105938,17,393531
49575,0.001817,74.125.24.0-255,6438,112376,17,393531
49576,0.00182,172.31.36.0-255,66,112442,17,393531
49577,0.001952,74.125.24.0-255,1484,113926,17,393531
49578,0.001966,74.125.24.0-255,2902,116828,17,393531
49579,0.001968,172.31.36.0-255,66,116894,17,393531
49580,0.001972,74.125.24.0-255,1484,118378,17,393531
49581,0.002,74.125.24.0-255,4320,122698,17,393531
49582,0.002003,172.31.36.0-255,66,122764,17,393531
49583,0.002007,74.125.24.0-255,4320,127084,17,393531
49584,0.002009,172.31.36.0-255,66,127150,17,393531
49585,0.002046,172.31.36.0-255,66,127216,17,393531
49586,0.002051,74.125.24.0-255,4320,131536,17,393531
49587,0.002053,172.31.36.0-255,66,131602,17,393531
49588,0.002084,74.125.24.0-255,6438,138040,17,393531
49589,0.002086,172.31.36.0-255,66,138106,17,393531
49590,0.002211,74.125.24.0-255,1484,139590,17,393531
49591,0.002228,74.125.24.0-255,2902,142492,17,393531
49592,0.002231,172.31.36.0-255,66,142558,17,393531
49593,0.002234,74.125.24.0-255,1484,144042,17,393531
49594,0.00226,74.125.24.0-255,4320,148362,17,393531
49595,0.002262,172.31.36.0-255,66,148428,17,393531
49596,0.002283,74.125.24.0-255,2902,151330,17,393531
49597,0.002285,172.31.36.0-255,66,151396,17,393531
49598,0.002298,74.125.24.0-255,5738,157134,17,393531
49599,0.002304,172.31.36.0-255,66,157200,17,393531
49600,0.00233,74.125.24.0-255,2902,160102,17,393531
49601,0.002333,172.31.36.0-255,66,160168,17,393531
49602,0.002336,74.125.24.0-255,1484,161652,17,393531
49603,0.00457,74.125.24.0-255,1484,163136,17,393531
49604,0.004577,172.31.36.0-255,66,163202,17,393531
49605,0.00461,74.125.24.0-255,2902,166104,17,393531
49606,0.004613,172.31.36.0-255,66,166170,17,393531
49607,0.006838,74.125.24.0-255,2902,169072,17,393531
49608,0.006844,172.31.36.0-255,66,169138,17,393531
49609,0.006876,74.125.24.0-255,2902,172040,17,393531
49610,0.006879,172.31.36.0-255,66,172106,17,393531
49611,0.009113,74.125.24.0-255,2902,175008,17,393531
49612,0.009121,172.31.36.0-255,66,175074,17,393531
49613,0.009158,74.125.24.0-255,2902,177976,17,393531
49614,0.009162,172.31.36.0-255,66,178042,17,393531
49615,0.011396,74.125.24.0-255,2902,180944,17,393531
49616,0.011403,172.31.36.0-255,66,181010,17,393531
49617,0.011435,74.125.24.0-255,2902,183912,17,393531
49618,0.011438,172.31.36.0-255,66,183978,17,393531
49619,0.013651,74.125.24.0-255,2902,186880,17,393531
49620,0.013659,172.31.36.0-255,66,186946,17,393531
49621,0.013692,74.125.24.0-255,2902,189848,17,393531
49622,0.013697,172.31.36.0-255,66,189914,17,393531
49623,0.015917,74.125.24.0-255,2902,192816,17,393531
49624,0.015927,172.31.36.0-255,66,192882,17,393531
49625,0.015959,74.125.24.0-255,2902,195784,17,393531
49626,0.015961,172.31.36.0-255,66,195850,17,393531
49627,0.018188,74.125.24.0-255,2902,198752,17,393531
49628,0.018195,172.31.36.0-255,66,198818,17,393531
49629,0.018261,74.125.24.0-255,2902,201720,17,393531
49630,0.018266,172.31.36.0-255,66,201786,17,393531
49631,0.020434,74.125.24.0-255,2902,204688,17,393531
49632,0.02044,172.31.36.0-255,66,204754,17,393531
49633,0.020516,74.125.24.0-255,2902,207656,17,393531
49634,0.02052,172.31.36.0-255,66,207722,17,393531
49635,0.022704,74.125.24.0-255,2902,210624,17,393531
49636,0.022712,172.31.36.0-255,66,210690,17,393531
49637,0.022762,74.125.24.0-255,2902,213592,17,393531
49638,0.022766,172.31.36.0-255,66,213658,17,393531
49639,0.024964,74.125.24.0-255,2902,216560,17,393531
49640,0.024971,172.31.36.0-255,66,216626,17,393531
49641,0.025058,74.125.24.0-255,2902,219528,17,393531
49642,0.025063,172.31.36.0-255,66,219594,17,393531
49643,0.027239,74.125.24.0-255,2902,222496,17,393531
49644,0.027245,172.31.36.0-255,66,222562,17,393531
49645,0.027302,74.125.24.0-255,2902,225464,17,393531
49646,0.027308,172.31.36.0-255,66,225530,17,393531
49647,0.029502,74.125.24.0-255,2902,228432,17,393531
49648,0.029509,172.31.36.0-255,66,228498,17,393531
49649,0.029574,74.125.24.0-255,2902,231400,17,393531
49650,0.029579,172.31.36.0-255,66,231466,17,393531
49651,0.030538,172.31.36.0-255,172,231638,17,393531
49652,0.030581,172.31.36.0-255,1116,232754,17,393531
49653,0.030652,172.31.36.0-255,1514,234268,17,393531
49654,0.030654,172.31.36.0-255,1272,235540,17,393531
49655,0.031766,74.125.24.0-255,2902,238442,17,393531
49656,0.031772,172.31.36.0-255,66,238508,17,393531
49657,0.031819,74.125.24.0-255,2902,241410,17,393531
49658,0.031824,172.31.36.0-255,66,241476,17,393531
49659,0.032038,104.244.42.0-255,66,241542,17,393531
49660,0.032108,104.244.42.0-255,66,241608,17,393531
49661,0.032211,104.244.42.0-255,66,241674,17,393531
49662,0.03402,74.125.24.0-255,2902,244576,17,393531
49663,0.034025,172.31.36.0-255,66,244642,17,393531
49664,0.034062,74.125.24.0-255,2902,247544,17,393531
49665,0.034066,172.31.36.0-255,66,247610,17,393531
49666,0.036266,74.125.24.0-255,2902,250512,17,393531
49667,0.036272,172.31.36.0-255,66,250578,17,393531
49668,0.036327,74.125.24.0-255,2902,253480,17,393531
49669,0.036331,172.31.36.0-255,66,253546,17,393531
49670,0.038508,74.125.24.0-255,2902,256448,17,393531
49671,0.038514,172.31.36.0-255,66,256514,17,393531
49672,0.038568,74.125.24.0-255,2902,259416,17,393531
49673,0.038573,172.31.36.0-255,66,259482,17,393531
49674,0.040786,74.125.24.0-255,2902,262384,17,393531
49675,0.040792,172.31.36.0-255,66,262450,17,393531
49676,0.040825,74.125.24.0-255,2902,265352,17,393531
49677,0.040829,172.31.36.0-255,66,265418,17,393531
49678,0.043024,74.125.24.0-255,2902,268320,17,393531
49679,0.043045,172.31.36.0-255,66,268386,17,393531
49680,0.043072,74.125.24.0-255,2902,271288,17,393531
49681,0.043077,172.31.36.0-255,66,271354,17,393531
49682,0.045331,74.125.24.0-255,5738,277092,17,393531
49683,0.045337,172.31.36.0-255,66,277158,17,393531
49684,0.047596,74.125.24.0-255,5738,282896,17,393531
49685,0.047602,172.31.36.0-255,66,282962,17,393531
49686,0.049863,74.125.24.0-255,5738,288700,17,393531
49687,0.049868,172.31.36.0-255,66,288766,17,393531
49688,0.05212,74.125.24.0-255,5738,294504,17,393531
49689,0.052126,172.31.36.0-255,66,294570,17,393531
49690,0.054381,74.125.24.0-255,5738,300308,17,393531
49691,0.054388,172.31.36.0-255,66,300374,17,393531
49692,0.056655,74.125.24.0-255,5738,306112,17,393531
49693,0.056661,172.31.36.0-255,66,306178,17,393531
49694,0.058937,74.125.24.0-255,5738,311916,17,393531
49695,0.058942,172.31.36.0-255,66,311982,17,393531
49696,0.061194,74.125.24.0-255,5738,317720,17,393531
49697,0.0612,172.31.36.0-255,66,317786,17,393531
49698,0.063456,74.125.24.0-255,5738,323524,17,393531
49699,0.063461,172.31.36.0-255,66,323590,17,393531
49700,0.065731,74.125.24.0-255,5738,329328,17,393531
49701,0.065736,172.31.36.0-255,66,329394,17,393531
49702,0.067997,74.125.24.0-255,5738,335132,17,393531
49703,0.068003,172.31.36.0-255,66,335198,17,393531
49704,0.070264,74.125.24.0-255,5738,340936,17,393531
49705,0.070271,172.31.36.0-255,66,341002,17,393531
49706,0.072516,74.125.24.0-255,5738,346740,17,393531
49707,0.072523,172.31.36.0-255,66,346806,17,393531
49708,0.074785,74.125.24.0-255,5738,352544,17,393531
49709,0.07479,172.31.36.0-255,66,352610,17,393531
49710,0.077052,74.125.24.0-255,5738,358348,17,393531
49711,0.077059,172.31.36.0-255,66,358414,17,393531
49712,0.079318,74.125.24.0-255,5738,364152,17,393531
49713,0.079325,172.31.36.0-255,66,364218,17,393531
49714,0.081585,74.125.24.0-255,5738,369956,17,393531
49715,0.08159,172.31.36.0-255,66,370022,17,393531
49716,0.083847,74.125.24.0-255,5738,375760,17,393531
49717,0.083852,172.31.36.0-255,66,375826,17,393531
49718,0.086106,74.125.24.0-255,5738,381564,17,393531
49719,0.086111,172.31.36.0-255,66,381630,17,393531
49720,0.088362,74.125.24.0-255,5738,387368,17,393531
49721,0.088368,172.31.36.0-255,66,387434,17,393531
49722,0.090649,74.125.24.0-255,4320,391754,17,393531
49723,0.090655,172.31.36.0-255,66,391820,17,393531
49724,0.090689,74.125.24.0-255,1474,393294,17,393531
49725,0.090844,172.31.36.0-255,66,393360,17,393531
49726,0.090872,172.31.36.0-255,105,393465,17,393531
49727,0.093084,74.125.24.0-255,66,393531,17,393531
49728,0.0,172.217.194.0-255,153,153,17,168173
49729,1.9e-05,172.31.36.0-255,66,219,17,168173
49730,2.6e-05,172.217.194.0-255,1484,1703,17,168173
49731,3e-05,172.31.36.0-255,66,1769,17,168173
49732,3.5e-05,172.217.194.0-255,2902,4671,17,168173
49733,3.8e-05,172.31.36.0-255,66,4737,17,168173
49734,4.5e-05,172.217.194.0-255,5738,10475,17,168173
49735,4.8e-05,172.31.36.0-255,66,10541,17,168173
49736,7.8e-05,172.31.36.0-255,66,10607,17,168173
49737,0.000103,172.217.194.0-255,4940,15547,17,168173
49738,0.000105,172.31.36.0-255,66,15613,17,168173
49739,0.000113,172.217.194.0-255,6797,22410,17,168173
49740,0.000116,172.31.36.0-255,66,22476,17,168173
49741,0.000143,172.217.194.0-255,1484,23960,17,168173
49742,0.000146,172.31.36.0-255,66,24026,17,168173
49743,0.00015,172.217.194.0-255,2902,26928,17,168173
49744,0.000153,172.31.36.0-255,66,26994,17,168173
49745,0.000157,172.217.194.0-255,1484,28478,17,168173
49746,0.000159,172.31.36.0-255,66,28544,17,168173
49747,0.000184,172.217.194.0-255,4320,32864,17,168173
49748,0.000187,172.31.36.0-255,66,32930,17,168173
49749,0.000191,172.217.194.0-255,2902,35832,17,168173
49750,0.000194,172.31.36.0-255,66,35898,17,168173
49751,0.000229,172.31.36.0-255,66,35964,17,168173
49752,0.000249,172.31.36.0-255,66,36030,17,168173
49753,0.000267,172.217.194.0-255,3163,39193,17,168173
49754,0.000269,172.31.36.0-255,66,39259,17,168173
49755,0.000406,172.217.194.0-255,1484,40743,17,168173
49756,0.000412,172.31.36.0-255,66,40809,17,168173
49757,0.000418,172.217.194.0-255,2902,43711,17,168173
49758,0.000421,172.31.36.0-255,66,43777,17,168173
49759,0.000428,172.217.194.0-255,5738,49515,17,168173
49760,0.00043,172.31.36.0-255,66,49581,17,168173
49761,0.000435,172.217.194.0-255,2902,52483,17,168173
49762,0.000438,172.31.36.0-255,66,52549,17,168173
49763,0.000473,172.31.36.0-255,66,52615,17,168173
49764,0.000476,172.217.194.0-255,1484,54099,17,168173
49765,0.000516,172.217.194.0-255,5738,59837,17,168173
49766,0.000521,172.31.36.0-255,66,59903,17,168173
49767,0.000543,172.217.194.0-255,3602,63505,17,168173
49768,0.000546,172.31.36.0-255,66,63571,17,168173
49769,0.000574,172.217.194.0-255,1484,65055,17,168173
49770,0.00058,172.217.194.0-255,2902,67957,17,168173
49771,0.000583,172.31.36.0-255,66,68023,17,168173
49772,0.000586,172.217.194.0-255,1484,69507,17,168173
49773,0.000607,172.217.194.0-255,4320,73827,17,168173
49774,0.000609,172.31.36.0-255,66,73893,17,168173
49775,0.000615,172.217.194.0-255,4320,78213,17,168173
49776,0.000617,172.31.36.0-255,66,78279,17,168173
49777,0.000638,172.31.36.0-255,66,78345,17,168173
49778,0.000673,172.31.36.0-255,66,78411,17,168173
49779,0.000709,172.217.194.0-255,1484,79895,17,168173
49780,0.000714,172.217.194.0-255,2902,82797,17,168173
49781,0.000716,172.31.36.0-255,66,82863,17,168173
49782,0.000723,172.217.194.0-255,5738,88601,17,168173
49783,0.000725,172.31.36.0-255,66,88667,17,168173
49784,0.000755,172.31.36.0-255,66,88733,17,168173
49785,0.000777,172.217.194.0-255,4320,93053,17,168173
49786,0.00078,172.31.36.0-255,66,93119,17,168173
49787,0.000796,172.217.194.0-255,1484,94603,17,168173
49788,0.000825,172.31.36.0-255,66,94669,17,168173
49789,0.000935,172.217.194.0-255,1484,96153,17,168173
49790,0.000944,172.217.194.0-255,2902,99055,17,168173
49791,0.00095,172.31.36.0-255,66,99121,17,168173
49792,0.000956,172.217.194.0-255,5738,104859,17,168173
49793,0.000959,172.31.36.0-255,66,104925,17,168173
49794,0.000988,172.31.36.0-255,66,104991,17,168173
49795,0.00102,172.31.36.0-255,66,105057,17,168173
49796,0.001096,172.217.194.0-255,1484,106541,17,168173
49797,0.001119,172.217.194.0-255,2902,109443,17,168173
49798,0.001125,172.31.36.0-255,66,109509,17,168173
49799,0.001132,172.217.194.0-255,5738,115247,17,168173
49800,0.001139,172.217.194.0-255,5738,120985,17,168173
49801,0.001157,172.217.194.0-255,7156,128141,17,168173
49802,0.001206,172.31.36.0-255,66,128207,17,168173
49803,0.001549,172.217.194.0-255,1484,129691,17,168173
49804,0.001556,172.217.194.0-255,2902,132593,17,168173
49805,0.001561,172.31.36.0-255,66,132659,17,168173
49806,0.001569,172.217.194.0-255,5738,138397,17,168173
49807,0.001572,172.31.36.0-255,66,138463,17,168173
49808,0.001609,172.217.194.0-255,1484,139947,17,168173
49809,0.001648,172.31.36.0-255,66,140013,17,168173
49810,0.001746,172.217.194.0-255,1484,141497,17,168173
49811,0.001751,172.217.194.0-255,2902,144399,17,168173
49812,0.001765,172.217.194.0-255,5738,150137,17,168173
49813,0.001807,172.31.36.0-255,66,150203,17,168173
49814,0.001852,172.31.36.0-255,66,150269,17,168173
49815,0.001872,172.217.194.0-255,5738,156007,17,168173
49816,0.001878,172.31.36.0-255,66,156073,17,168173
49817,0.001933,172.31.36.0-255,66,156139,17,168173
49818,0.001946,172.217.194.0-255,4320,160459,17,168173
49819,0.001972,172.31.36.0-255,66,160525,17,168173
49820,0.002003,172.31.36.0-255,66,160591,17,168173
49821,0.002029,172.217.194.0-255,2902,163493,17,168173
49822,0.002069,172.31.36.0-255,66,163559,17,168173
49823,0.002077,172.217.194.0-255,105,163664,17,168173
49824,0.004558,172.31.36.0-255,66,163730,17,168173
49825,0.004592,172.31.36.0-255,105,163835,17,168173
49826,0.007146,172.217.194.0-255,66,163901,17,168173
49827,0.02246,172.31.36.0-255,172,164073,17,168173
49828,0.022496,172.31.36.0-255,1117,165190,17,168173
49829,0.022556,172.31.36.0-255,1514,166704,17,168173
49830,0.022558,172.31.36.0-255,1271,167975,17,168173
49831,0.024005,104.244.42.0-255,66,168041,17,168173
49832,0.024036,104.244.42.0-255,66,168107,17,168173
49833,0.024091,104.244.42.0-255,66,168173,17,168173
49834,0.0,172.217.194.0-255,153,153,17,335818
49835,2.3e-05,172.31.36.0-255,66,219,17,335818
49836,3e-05,172.217.194.0-255,1484,1703,17,335818
49837,3.5e-05,172.31.36.0-255,66,1769,17,335818
49838,4.2e-05,172.217.194.0-255,2902,4671,17,335818
49839,4.6e-05,172.31.36.0-255,66,4737,17,335818
49840,9.8e-05,172.217.194.0-255,5738,10475,17,335818
49841,0.000101,172.31.36.0-255,66,10541,17,335818
49842,0.000127,172.217.194.0-255,6347,16888,17,335818
49843,0.00013,172.31.36.0-255,66,16954,17,335818
49844,0.000151,172.217.194.0-255,5738,22692,17,335818
49845,0.000154,172.31.36.0-255,66,22758,17,335818
49846,0.000207,172.31.36.0-255,66,22824,17,335818
49847,0.00022,172.31.36.0-255,66,22890,17,335818
49848,0.000286,172.31.36.0-255,66,22956,17,335818
49849,0.000304,172.217.194.0-255,5379,28335,17,335818
49850,0.000307,172.31.36.0-255,66,28401,17,335818
49851,0.00133,172.217.194.0-255,645,29046,17,335818
49852,0.001337,172.31.36.0-255,66,29112,17,335818
49853,0.001576,172.217.194.0-255,1484,30596,17,335818
49854,0.001582,172.31.36.0-255,66,30662,17,335818
49855,0.001588,172.217.194.0-255,2902,33564,17,335818
49856,0.001591,172.31.36.0-255,66,33630,17,335818
49857,0.001598,172.217.194.0-255,5738,39368,17,335818
49858,0.0016,172.31.36.0-255,66,39434,17,335818
49859,0.001629,172.217.194.0-255,4320,43754,17,335818
49860,0.001632,172.31.36.0-255,66,43820,17,335818
49861,0.001655,172.217.194.0-255,2902,46722,17,335818
49862,0.001658,172.31.36.0-255,66,46788,17,335818
49863,0.001674,172.31.36.0-255,66,46854,17,335818
49864,0.001679,172.217.194.0-255,1636,48490,17,335818
49865,0.001681,172.31.36.0-255,66,48556,17,335818
49866,0.001924,172.217.194.0-255,1484,50040,17,335818
49867,0.001931,172.217.194.0-255,2902,52942,17,335818
49868,0.001934,172.31.36.0-255,66,53008,17,335818
49869,0.001941,172.217.194.0-255,5738,58746,17,335818
49870,0.001943,172.31.36.0-255,66,58812,17,335818
49871,0.001957,172.217.194.0-255,2902,61714,17,335818
49872,0.001959,172.31.36.0-255,66,61780,17,335818
49873,0.001987,172.217.194.0-255,7156,68936,17,335818
49874,0.00199,172.31.36.0-255,66,69002,17,335818
49875,0.002012,172.217.194.0-255,5738,74740,17,335818
49876,0.002014,172.31.36.0-255,66,74806,17,335818
49877,0.002045,172.31.36.0-255,66,74872,17,335818
49878,0.002122,172.217.194.0-255,1484,76356,17,335818
49879,0.002127,172.217.194.0-255,1484,77840,17,335818
49880,0.002129,172.31.36.0-255,66,77906,17,335818
49881,0.002149,172.217.194.0-255,1484,79390,17,335818
49882,0.002155,172.217.194.0-255,5738,85128,17,335818
49883,0.002158,172.31.36.0-255,66,85194,17,335818
49884,0.002186,172.31.36.0-255,66,85260,17,335818
49885,0.002192,172.217.194.0-255,5738,90998,17,335818
49886,0.002195,172.31.36.0-255,66,91064,17,335818
49887,0.002213,172.217.194.0-255,4320,95384,17,335818
49888,0.002216,172.31.36.0-255,66,95450,17,335818
49889,0.002219,172.217.194.0-255,766,96216,17,335818
49890,0.003082,172.31.36.0-255,66,96282,17,335818
49891,0.004577,172.217.194.0-255,4320,100602,17,335818
49892,0.004585,172.31.36.0-255,66,100668,17,335818
49893,0.005407,172.217.194.0-255,1484,102152,17,335818
49894,0.006931,172.217.194.0-255,4320,106472,17,335818
49895,0.006934,172.31.36.0-255,66,106538,17,335818
49896,0.009288,172.217.194.0-255,5738,112276,17,335818
49897,0.009295,172.31.36.0-255,66,112342,17,335818
49898,0.011717,172.217.194.0-255,5738,118080,17,335818
49899,0.011732,172.31.36.0-255,66,118146,17,335818
49900,0.0141,172.217.194.0-255,5738,123884,17,335818
49901,0.014114,172.31.36.0-255,66,123950,17,335818
49902,0.016484,172.217.194.0-255,5738,129688,17,335818
49903,0.016497,172.31.36.0-255,66,129754,17,335818
49904,0.018852,172.217.194.0-255,5738,135492,17,335818
49905,0.018861,172.31.36.0-255,66,135558,17,335818
49906,0.021217,172.217.194.0-255,5738,141296,17,335818
49907,0.021225,172.31.36.0-255,66,141362,17,335818
49908,0.023601,172.217.194.0-255,5738,147100,17,335818
49909,0.023608,172.31.36.0-255,66,147166,17,335818
49910,0.025984,172.217.194.0-255,5738,152904,17,335818
49911,0.025992,172.31.36.0-255,66,152970,17,335818
49912,0.028348,172.217.194.0-255,5738,158708,17,335818
49913,0.028359,172.31.36.0-255,66,158774,17,335818
49914,0.030725,172.217.194.0-255,5738,164512,17,335818
49915,0.030737,172.31.36.0-255,66,164578,17,335818
49916,0.033124,172.217.194.0-255,5738,170316,17,335818
49917,0.033136,172.31.36.0-255,66,170382,17,335818
49918,0.033846,172.31.36.0-255,176,170558,17,335818
49919,0.03388,172.31.36.0-255,1118,171676,17,335818
49920,0.033943,172.31.36.0-255,1514,173190,17,335818
49921,0.033945,172.31.36.0-255,1270,174460,17,335818
49922,0.035413,104.244.42.0-255,66,174526,17,335818
49923,0.035442,104.244.42.0-255,66,174592,17,335818
49924,0.035505,104.244.42.0-255,66,174658,17,335818
49925,0.035522,172.217.194.0-255,5738,180396,17,335818
49926,0.035527,172.31.36.0-255,66,180462,17,335818
49927,0.037882,172.217.194.0-255,5738,186200,17,335818
49928,0.037889,172.31.36.0-255,66,186266,17,335818
49929,0.04025,172.217.194.0-255,5738,192004,17,335818
49930,0.040257,172.31.36.0-255,66,192070,17,335818
49931,0.042672,172.217.194.0-255,5738,197808,17,335818
49932,0.042682,172.31.36.0-255,66,197874,17,335818
49933,0.045018,172.217.194.0-255,5738,203612,17,335818
49934,0.045026,172.31.36.0-255,66,203678,17,335818
49935,0.047343,172.217.194.0-255,5738,209416,17,335818
49936,0.04735,172.31.36.0-255,66,209482,17,335818
49937,0.04972,172.217.194.0-255,5738,215220,17,335818
49938,0.049727,172.31.36.0-255,66,215286,17,335818
49939,0.052115,172.217.194.0-255,5738,221024,17,335818
49940,0.052124,172.31.36.0-255,66,221090,17,335818
49941,0.05448,172.217.194.0-255,5738,226828,17,335818
49942,0.054486,172.31.36.0-255,66,226894,17,335818
49943,0.056875,172.217.194.0-255,5738,232632,17,335818
49944,0.056882,172.31.36.0-255,66,232698,17,335818
49945,0.059382,172.217.194.0-255,5738,238436,17,335818
49946,0.059389,172.31.36.0-255,66,238502,17,335818
49947,0.061733,172.217.194.0-255,5738,244240,17,335818
49948,0.06174,172.31.36.0-255,66,244306,17,335818
49949,0.064086,172.217.194.0-255,5738,250044,17,335818
49950,0.064093,172.31.36.0-255,66,250110,17,335818
49951,0.066427,172.217.194.0-255,5738,255848,17,335818
49952,0.066434,172.31.36.0-255,66,255914,17,335818
49953,0.068811,172.217.194.0-255,5738,261652,17,335818
49954,0.068819,172.31.36.0-255,66,261718,17,335818
49955,0.071217,172.217.194.0-255,5738,267456,17,335818
49956,0.071224,172.31.36.0-255,66,267522,17,335818
49957,0.073596,172.217.194.0-255,5738,273260,17,335818
49958,0.073603,172.31.36.0-255,66,273326,17,335818
49959,0.075966,172.217.194.0-255,5738,279064,17,335818
49960,0.075972,172.31.36.0-255,66,279130,17,335818
49961,0.078345,172.217.194.0-255,4320,283450,17,335818
49962,0.078352,172.31.36.0-255,66,283516,17,335818
49963,0.078368,172.217.194.0-255,1484,285000,17,335818
49964,0.0807,172.217.194.0-255,4320,289320,17,335818
49965,0.080706,172.31.36.0-255,66,289386,17,335818
49966,0.083095,172.217.194.0-255,5738,295124,17,335818
49967,0.083101,172.31.36.0-255,66,295190,17,335818
49968,0.085491,172.217.194.0-255,5738,300928,17,335818
49969,0.085501,172.31.36.0-255,66,300994,17,335818
49970,0.087875,172.217.194.0-255,5738,306732,17,335818
49971,0.087882,172.31.36.0-255,66,306798,17,335818
49972,0.090259,172.217.194.0-255,5738,312536,17,335818
49973,0.090265,172.31.36.0-255,66,312602,17,335818
49974,0.092604,172.217.194.0-255,5738,318340,17,335818
49975,0.09261,172.31.36.0-255,66,318406,17,335818
49976,0.094995,172.217.194.0-255,5738,324144,17,335818
49977,0.095003,172.31.36.0-255,66,324210,17,335818
49978,0.097394,172.217.194.0-255,5738,329948,17,335818
49979,0.0974,172.31.36.0-255,66,330014,17,335818
49980,0.099834,172.217.194.0-255,5738,335752,17,335818
49981,0.099844,172.31.36.0-255,66,335818,17,335818
49982,0.0,172.217.194.0-255,226,226,17,258928
49983,2.4e-05,172.31.36.0-255,66,292,17,258928
49984,3.1e-05,172.217.194.0-255,1484,1776,17,258928
49985,3.6e-05,172.31.36.0-255,66,1842,17,258928
49986,4.3e-05,172.217.194.0-255,4320,6162,17,258928
49987,4.6e-05,172.31.36.0-255,66,6228,17,258928
49988,0.000235,172.217.194.0-255,7156,13384,17,258928
49989,0.000241,172.31.36.0-255,66,13450,17,258928
49990,0.000582,172.31.36.0-255,66,13516,17,258928
49991,0.000601,172.217.194.0-255,4840,18356,17,258928
49992,0.000603,172.31.36.0-255,66,18422,17,258928
49993,0.001195,172.217.194.0-255,4198,22620,17,258928
49994,0.001204,172.31.36.0-255,66,22686,17,258928
49995,0.003171,172.217.194.0-255,1484,24170,17,258928
49996,0.003177,172.31.36.0-255,66,24236,17,258928
49997,0.003704,172.217.194.0-255,4320,28556,17,258928
49998,0.00371,172.31.36.0-255,66,28622,17,258928
49999,0.005685,172.217.194.0-255,1484,30106,17,258928
50000,0.005695,172.31.36.0-255,66,30172,17,258928
50001,0.006225,172.217.194.0-255,4320,34492,17,258928
50002,0.006233,172.31.36.0-255,66,34558,17,258928
50003,0.008207,172.217.194.0-255,1484,36042,17,258928
50004,0.008217,172.31.36.0-255,66,36108,17,258928
50005,0.00873,172.217.194.0-255,1484,37592,17,258928
50006,0.008736,172.31.36.0-255,66,37658,17,258928
50007,0.008756,172.217.194.0-255,2902,40560,17,258928
50008,0.008758,172.31.36.0-255,66,40626,17,258928
50009,0.010734,172.217.194.0-255,1484,42110,17,258928
50010,0.010745,172.31.36.0-255,66,42176,17,258928
50011,0.01126,172.217.194.0-255,4320,46496,17,258928
50012,0.011267,172.31.36.0-255,66,46562,17,258928
50013,0.01326,172.217.194.0-255,1484,48046,17,258928
50014,0.013277,172.31.36.0-255,66,48112,17,258928
50015,0.013778,172.217.194.0-255,4320,52432,17,258928
50016,0.013809,172.31.36.0-255,66,52498,17,258928
50017,0.015775,172.217.194.0-255,1484,53982,17,258928
50018,0.015789,172.31.36.0-255,66,54048,17,258928
50019,0.016333,172.217.194.0-255,4320,58368,17,258928
50020,0.016339,172.31.36.0-255,66,58434,17,258928
50021,0.018308,172.217.194.0-255,1484,59918,17,258928
50022,0.018318,172.31.36.0-255,66,59984,17,258928
50023,0.018823,172.217.194.0-255,4320,64304,17,258928
50024,0.018831,172.31.36.0-255,66,64370,17,258928
50025,0.02083,172.217.194.0-255,1484,65854,17,258928
50026,0.02084,172.31.36.0-255,66,65920,17,258928
50027,0.02135,172.217.194.0-255,1484,67404,17,258928
50028,0.021357,172.31.36.0-255,66,67470,17,258928
50029,0.02138,172.217.194.0-255,2902,70372,17,258928
50030,0.021382,172.31.36.0-255,66,70438,17,258928
50031,0.023324,172.217.194.0-255,1484,71922,17,258928
50032,0.023334,172.31.36.0-255,66,71988,17,258928
50033,0.023885,172.217.194.0-255,4320,76308,17,258928
50034,0.023891,172.31.36.0-255,66,76374,17,258928
50035,0.024572,172.31.36.0-255,176,76550,17,258928
50036,0.024605,172.31.36.0-255,1116,77666,17,258928
50037,0.024673,172.31.36.0-255,1514,79180,17,258928
50038,0.024674,172.31.36.0-255,1272,80452,17,258928
50039,0.025847,172.217.194.0-255,1484,81936,17,258928
50040,0.025856,172.31.36.0-255,66,82002,17,258928
50041,0.026101,104.244.42.0-255,66,82068,17,258928
50042,0.026145,104.244.42.0-255,66,82134,17,258928
50043,0.026287,104.244.42.0-255,66,82200,17,258928
50044,0.026415,172.217.194.0-255,4320,86520,17,258928
50045,0.026422,172.31.36.0-255,66,86586,17,258928
50046,0.028356,172.217.194.0-255,1484,88070,17,258928
50047,0.02893,172.217.194.0-255,4320,92390,17,258928
50048,0.028937,172.31.36.0-255,66,92456,17,258928
50049,0.031489,172.217.194.0-255,5738,98194,17,258928
50050,0.031505,172.31.36.0-255,66,98260,17,258928
50051,0.033998,172.217.194.0-255,2902,101162,17,258928
50052,0.034007,172.31.36.0-255,66,101228,17,258928
50053,0.034045,172.217.194.0-255,2902,104130,17,258928
50054,0.034048,172.31.36.0-255,66,104196,17,258928
50055,0.036494,172.217.194.0-255,2902,107098,17,258928
50056,0.036505,172.31.36.0-255,66,107164,17,258928
50057,0.036579,172.217.194.0-255,2902,110066,17,258928
50058,0.036583,172.31.36.0-255,66,110132,17,258928
50059,0.039026,172.217.194.0-255,2902,113034,17,258928
50060,0.039033,172.31.36.0-255,66,113100,17,258928
50061,0.039063,172.217.194.0-255,2902,116002,17,258928
50062,0.039065,172.31.36.0-255,66,116068,17,258928
50063,0.041572,172.217.194.0-255,2902,118970,17,258928
50064,0.041578,172.31.36.0-255,66,119036,17,258928
50065,0.041596,172.217.194.0-255,1484,120520,17,258928
50066,0.041598,172.31.36.0-255,66,120586,17,258928
50067,0.041618,172.217.194.0-255,1484,122070,17,258928
50068,0.04162,172.31.36.0-255,66,122136,17,258928
50069,0.044099,172.217.194.0-255,2902,125038,17,258928
50070,0.044106,172.31.36.0-255,66,125104,17,258928
50071,0.044138,172.217.194.0-255,1484,126588,17,258928
50072,0.044141,172.31.36.0-255,66,126654,17,258928
50073,0.044158,172.217.194.0-255,1484,128138,17,258928
50074,0.04416,172.31.36.0-255,66,128204,17,258928
50075,0.046579,172.217.194.0-255,2902,131106,17,258928
50076,0.046586,172.31.36.0-255,66,131172,17,258928
50077,0.046637,172.217.194.0-255,2902,134074,17,258928
50078,0.046641,172.31.36.0-255,66,134140,17,258928
50079,0.049067,172.217.194.0-255,2902,137042,17,258928
50080,0.049075,172.31.36.0-255,66,137108,17,258928
50081,0.049115,172.217.194.0-255,2902,140010,17,258928
50082,0.049118,172.31.36.0-255,66,140076,17,258928
50083,0.051566,172.217.194.0-255,2902,142978,17,258928
50084,0.051574,172.31.36.0-255,66,143044,17,258928
50085,0.051612,172.217.194.0-255,2902,145946,17,258928
50086,0.051615,172.31.36.0-255,66,146012,17,258928
50087,0.054097,172.217.194.0-255,2902,148914,17,258928
50088,0.05411,172.31.36.0-255,66,148980,17,258928
50089,0.054133,172.217.194.0-255,2902,151882,17,258928
50090,0.054135,172.31.36.0-255,66,151948,17,258928
50091,0.056624,172.217.194.0-255,2902,154850,17,258928
50092,0.056633,172.31.36.0-255,66,154916,17,258928
50093,0.056672,172.217.194.0-255,2902,157818,17,258928
50094,0.056675,172.31.36.0-255,66,157884,17,258928
50095,0.059125,172.217.194.0-255,2902,160786,17,258928
50096,0.059132,172.31.36.0-255,66,160852,17,258928
50097,0.05918,172.217.194.0-255,2902,163754,17,258928
50098,0.059184,172.31.36.0-255,66,163820,17,258928
50099,0.061665,172.217.194.0-255,2902,166722,17,258928
50100,0.061672,172.31.36.0-255,66,166788,17,258928
50101,0.061693,172.217.194.0-255,2902,169690,17,258928
50102,0.061696,172.31.36.0-255,66,169756,17,258928
50103,0.064183,172.217.194.0-255,2902,172658,17,258928
50104,0.06419,172.31.36.0-255,66,172724,17,258928
50105,0.064231,172.217.194.0-255,2902,175626,17,258928
50106,0.064233,172.31.36.0-255,66,175692,17,258928
50107,0.066707,172.217.194.0-255,2902,178594,17,258928
50108,0.066718,172.31.36.0-255,66,178660,17,258928
50109,0.066767,172.217.194.0-255,2902,181562,17,258928
50110,0.066771,172.31.36.0-255,66,181628,17,258928
50111,0.069222,172.217.194.0-255,2902,184530,17,258928
50112,0.069232,172.31.36.0-255,66,184596,17,258928
50113,0.069271,172.217.194.0-255,2902,187498,17,258928
50114,0.069274,172.31.36.0-255,66,187564,17,258928
50115,0.071778,172.217.194.0-255,2902,190466,17,258928
50116,0.071795,172.31.36.0-255,66,190532,17,258928
50117,0.071821,172.217.194.0-255,2902,193434,17,258928
50118,0.071824,172.31.36.0-255,66,193500,17,258928
50119,0.074322,172.217.194.0-255,2902,196402,17,258928
50120,0.074338,172.31.36.0-255,66,196468,17,258928
50121,0.074365,172.217.194.0-255,2902,199370,17,258928
50122,0.074367,172.31.36.0-255,66,199436,17,258928
50123,0.076862,172.217.194.0-255,2902,202338,17,258928
50124,0.076873,172.31.36.0-255,66,202404,17,258928
50125,0.076902,172.217.194.0-255,2902,205306,17,258928
50126,0.076905,172.31.36.0-255,66,205372,17,258928
50127,0.07938,172.217.194.0-255,2902,208274,17,258928
50128,0.079389,172.31.36.0-255,66,208340,17,258928
50129,0.079415,172.217.194.0-255,1484,209824,17,258928
50130,0.079418,172.31.36.0-255,66,209890,17,258928
50131,0.079435,172.217.194.0-255,1484,211374,17,258928
50132,0.079438,172.31.36.0-255,66,211440,17,258928
50133,0.081913,172.217.194.0-255,2902,214342,17,258928
50134,0.081923,172.31.36.0-255,66,214408,17,258928
50135,0.081945,172.217.194.0-255,2902,217310,17,258928
50136,0.081948,172.31.36.0-255,66,217376,17,258928
50137,0.084446,172.217.194.0-255,2902,220278,17,258928
50138,0.084455,172.31.36.0-255,66,220344,17,258928
50139,0.084493,172.217.194.0-255,2902,223246,17,258928
50140,0.084496,172.31.36.0-255,66,223312,17,258928
50141,0.086976,172.217.194.0-255,2902,226214,17,258928
50142,0.08699,172.31.36.0-255,66,226280,17,258928
50143,0.087011,172.217.194.0-255,2902,229182,17,258928
50144,0.087014,172.31.36.0-255,66,229248,17,258928
50145,0.08954,172.217.194.0-255,2902,232150,17,258928
50146,0.089556,172.31.36.0-255,66,232216,17,258928
50147,0.089583,172.217.194.0-255,2902,235118,17,258928
50148,0.089586,172.31.36.0-255,66,235184,17,258928
50149,0.092086,172.217.194.0-255,2902,238086,17,258928
50150,0.092092,172.31.36.0-255,66,238152,17,258928
50151,0.092128,172.217.194.0-255,2902,241054,17,258928
50152,0.092131,172.31.36.0-255,66,241120,17,258928
50153,0.094615,172.217.194.0-255,2902,244022,17,258928
50154,0.094625,172.31.36.0-255,66,244088,17,258928
50155,0.094651,172.217.194.0-255,2902,246990,17,258928
50156,0.094654,172.31.36.0-255,66,247056,17,258928
50157,0.097119,172.217.194.0-255,2902,249958,17,258928
50158,0.097127,172.31.36.0-255,66,250024,17,258928
50159,0.097162,172.217.194.0-255,2902,252926,17,258928
50160,0.097164,172.31.36.0-255,66,252992,17,258928
50161,0.099621,172.217.194.0-255,2902,255894,17,258928
50162,0.099633,172.31.36.0-255,66,255960,17,258928
50163,0.099668,172.217.194.0-255,2902,258862,17,258928
50164,0.099671,172.31.36.0-255,66,258928,17,258928
50165,0.0,172.217.194.0-255,146,146,17,363044
50166,2.7e-05,172.31.36.0-255,66,212,17,363044
50167,3.4e-05,172.217.194.0-255,1484,1696,17,363044
50168,3.8e-05,172.31.36.0-255,66,1762,17,363044
50169,4.2e-05,172.217.194.0-255,2902,4664,17,363044
50170,4.4e-05,172.31.36.0-255,66,4730,17,363044
50171,5e-05,172.217.194.0-255,5738,10468,17,363044
50172,5.3e-05,172.31.36.0-255,66,10534,17,363044
50173,8.2e-05,172.217.194.0-255,1484,12018,17,363044
50174,8.5e-05,172.31.36.0-255,66,12084,17,363044
50175,9.2e-05,172.217.194.0-255,4911,16995,17,363044
50176,9.4e-05,172.31.36.0-255,66,17061,17,363044
50177,0.000107,172.31.36.0-255,66,17127,17,363044
50178,0.000176,172.217.194.0-255,1484,18611,17,363044
50179,0.00018,172.31.36.0-255,66,18677,17,363044
50180,0.000185,172.217.194.0-255,2902,21579,17,363044
50181,0.000187,172.31.36.0-255,66,21645,17,363044
50182,0.000214,172.217.194.0-255,5738,27383,17,363044
50183,0.000217,172.31.36.0-255,66,27449,17,363044
50184,0.000224,172.217.194.0-255,5738,33187,17,363044
50185,0.000226,172.31.36.0-255,66,33253,17,363044
50186,0.000246,172.31.36.0-255,66,33319,17,363044
50187,0.00027,172.217.194.0-255,7156,40475,17,363044
50188,0.000273,172.31.36.0-255,66,40541,17,363044
50189,0.00029,172.217.194.0-255,2817,43358,17,363044
50190,0.000292,172.31.36.0-255,66,43424,17,363044
50191,0.000295,172.217.194.0-255,402,43826,17,363044
50192,0.000297,172.31.36.0-255,66,43892,17,363044
50193,0.000446,172.217.194.0-255,1484,45376,17,363044
50194,0.00045,172.31.36.0-255,66,45442,17,363044
50195,0.000454,172.217.194.0-255,1484,46926,17,363044
50196,0.000473,172.217.194.0-255,1484,48410,17,363044
50197,0.000481,172.217.194.0-255,5738,54148,17,363044
50198,0.000489,172.31.36.0-255,66,54214,17,363044
50199,0.000532,172.217.194.0-255,6797,61011,17,363044
50200,0.000542,172.31.36.0-255,66,61077,17,363044
50201,0.000657,172.217.194.0-255,1484,62561,17,363044
50202,0.000663,172.217.194.0-255,2902,65463,17,363044
50203,0.000669,172.31.36.0-255,66,65529,17,363044
50204,0.00068,172.217.194.0-255,5738,71267,17,363044
50205,0.000685,172.31.36.0-255,66,71333,17,363044
50206,0.000734,172.217.194.0-255,6797,78130,17,363044
50207,0.000737,172.31.36.0-255,66,78196,17,363044
50208,0.00198,172.217.194.0-255,1484,79680,17,363044
50209,0.001991,172.217.194.0-255,2902,82582,17,363044
50210,0.001995,172.31.36.0-255,66,82648,17,363044
50211,0.002003,172.217.194.0-255,4320,86968,17,363044
50212,0.002016,172.217.194.0-255,1484,88452,17,363044
50213,0.002018,172.217.194.0-255,1484,89936,17,363044
50214,0.002051,172.217.194.0-255,4320,94256,17,363044
50215,0.002066,172.217.194.0-255,4320,98576,17,363044
50216,0.004204,172.31.36.0-255,66,98642,17,363044
50217,0.006264,172.217.194.0-255,2902,101544,17,363044
50218,0.006269,172.31.36.0-255,66,101610,17,363044
50219,0.006299,172.217.194.0-255,2902,104512,17,363044
50220,0.006308,172.31.36.0-255,66,104578,17,363044
50221,0.008351,172.217.194.0-255,4320,108898,17,363044
50222,0.008358,172.31.36.0-255,66,108964,17,363044
50223,0.008377,172.217.194.0-255,1484,110448,17,363044
50224,0.010407,172.217.194.0-255,4320,114768,17,363044
50225,0.01233,172.31.36.0-255,66,114834,17,363044
50226,0.014357,172.217.194.0-255,5738,120572,17,363044
50227,0.014369,172.31.36.0-255,66,120638,17,363044
50228,0.01641,172.217.194.0-255,4320,124958,17,363044
50229,0.016418,172.31.36.0-255,66,125024,17,363044
50230,0.016453,172.217.194.0-255,1484,126508,17,363044
50231,0.018455,172.217.194.0-255,4320,130828,17,363044
50232,0.018462,172.31.36.0-255,66,130894,17,363044
50233,0.020565,172.217.194.0-255,5738,136632,17,363044
50234,0.020624,172.31.36.0-255,66,136698,17,363044
50235,0.022695,172.217.194.0-255,5738,142436,17,363044
50236,0.022702,172.31.36.0-255,66,142502,17,363044
50237,0.024757,172.217.194.0-255,5738,148240,17,363044
50238,0.024763,172.31.36.0-255,66,148306,17,363044
50239,0.025444,172.31.36.0-255,172,148478,17,363044
50240,0.025474,172.31.36.0-255,1118,149596,17,363044
50241,0.025513,172.31.36.0-255,1514,151110,17,363044
50242,0.025514,172.31.36.0-255,1514,152624,17,363044
50243,0.025519,172.31.36.0-255,1514,154138,17,363044
50244,0.02552,172.31.36.0-255,1048,155186,17,363044
50245,0.026852,172.217.194.0-255,5738,160924,17,363044
50246,0.026858,172.31.36.0-255,66,160990,17,363044
50247,0.027032,104.244.42.0-255,66,161056,17,363044
50248,0.027076,104.244.42.0-255,66,161122,17,363044
50249,0.02708,104.244.42.0-255,66,161188,17,363044
50250,0.027084,104.244.42.0-255,66,161254,17,363044
50251,0.02889,172.217.194.0-255,2902,164156,17,363044
50252,0.028896,172.31.36.0-255,66,164222,17,363044
50253,0.028932,172.217.194.0-255,2902,167124,17,363044
50254,0.028945,172.31.36.0-255,66,167190,17,363044
50255,0.030911,172.217.194.0-255,2902,170092,17,363044
50256,0.030916,172.31.36.0-255,66,170158,17,363044
50257,0.030969,172.217.194.0-255,2902,173060,17,363044
50258,0.030996,172.31.36.0-255,66,173126,17,363044
50259,0.033209,172.217.194.0-255,2902,176028,17,363044
50260,0.033214,172.31.36.0-255,66,176094,17,363044
50261,0.033247,172.217.194.0-255,2902,178996,17,363044
50262,0.033268,172.31.36.0-255,66,179062,17,363044
50263,0.035281,172.217.194.0-255,5738,184800,17,363044
50264,0.035336,172.31.36.0-255,66,184866,17,363044
50265,0.037411,172.217.194.0-255,5738,190604,17,363044
50266,0.037417,172.31.36.0-255,66,190670,17,363044
50267,0.039494,172.217.194.0-255,4320,194990,17,363044
50268,0.039499,172.31.36.0-255,66,195056,17,363044
50269,0.039528,172.217.194.0-255,1484,196540,17,363044
50270,0.041584,172.217.194.0-255,4320,200860,17,363044
50271,0.04159,172.31.36.0-255,66,200926,17,363044
50272,0.04361,172.217.194.0-255,5738,206664,17,363044
50273,0.043663,172.31.36.0-255,66,206730,17,363044
50274,0.045736,172.217.194.0-255,2902,209632,17,363044
50275,0.045741,172.31.36.0-255,66,209698,17,363044
50276,0.045773,172.217.194.0-255,2902,212600,17,363044
50277,0.045796,172.31.36.0-255,66,212666,17,363044
50278,0.047779,172.217.194.0-255,2902,215568,17,363044
50279,0.047785,172.31.36.0-255,66,215634,17,363044
50280,0.047847,172.217.194.0-255,2902,218536,17,363044
50281,0.047875,172.31.36.0-255,66,218602,17,363044
50282,0.049816,172.217.194.0-255,2902,221504,17,363044
50283,0.049821,172.31.36.0-255,66,221570,17,363044
50284,0.049874,172.217.194.0-255,2902,224472,17,363044
50285,0.04988,172.31.36.0-255,66,224538,17,363044
50286,0.051846,172.217.194.0-255,2902,227440,17,363044
50287,0.051851,172.31.36.0-255,66,227506,17,363044
50288,0.051967,172.217.194.0-255,2902,230408,17,363044
50289,0.051972,172.31.36.0-255,66,230474,17,363044
50290,0.053915,172.217.194.0-255,2902,233376,17,363044
50291,0.05392,172.31.36.0-255,66,233442,17,363044
50292,0.054027,172.217.194.0-255,2902,236344,17,363044
50293,0.054031,172.31.36.0-255,66,236410,17,363044
50294,0.055978,172.217.194.0-255,2902,239312,17,363044
50295,0.055983,172.31.36.0-255,66,239378,17,363044
50296,0.05608,172.217.194.0-255,2902,242280,17,363044
50297,0.056084,172.31.36.0-255,66,242346,17,363044
50298,0.058024,172.217.194.0-255,2902,245248,17,363044
50299,0.05803,172.31.36.0-255,66,245314,17,363044
50300,0.058102,172.217.194.0-255,2902,248216,17,363044
50301,0.058112,172.31.36.0-255,66,248282,17,363044
50302,0.060116,172.217.194.0-255,2902,251184,17,363044
50303,0.060121,172.31.36.0-255,66,251250,17,363044
50304,0.060195,172.217.194.0-255,2902,254152,17,363044
50305,0.060205,172.31.36.0-255,66,254218,17,363044
50306,0.062159,172.217.194.0-255,2902,257120,17,363044
50307,0.062165,172.31.36.0-255,66,257186,17,363044
50308,0.062225,172.217.194.0-255,2902,260088,17,363044
50309,0.062244,172.31.36.0-255,66,260154,17,363044
50310,0.064195,172.217.194.0-255,2902,263056,17,363044
50311,0.0642,172.31.36.0-255,66,263122,17,363044
50312,0.064289,172.217.194.0-255,2902,266024,17,363044
50313,0.064297,172.31.36.0-255,66,266090,17,363044
50314,0.066236,172.217.194.0-255,2902,268992,17,363044
50315,0.066241,172.31.36.0-255,66,269058,17,363044
50316,0.066334,172.217.194.0-255,2902,271960,17,363044
50317,0.066339,172.31.36.0-255,66,272026,17,363044
50318,0.0683,172.217.194.0-255,2902,274928,17,363044
50319,0.068304,172.31.36.0-255,66,274994,17,363044
50320,0.068391,172.217.194.0-255,2902,277896,17,363044
50321,0.068398,172.31.36.0-255,66,277962,17,363044
50322,0.070311,172.217.194.0-255,2902,280864,17,363044
50323,0.070315,172.31.36.0-255,66,280930,17,363044
50324,0.070464,172.217.194.0-255,2902,283832,17,363044
50325,0.070469,172.31.36.0-255,66,283898,17,363044
50326,0.072402,172.217.194.0-255,2902,286800,17,363044
50327,0.072408,172.31.36.0-255,66,286866,17,363044
50328,0.072474,172.217.194.0-255,2902,289768,17,363044
50329,0.072481,172.31.36.0-255,66,289834,17,363044
50330,0.074436,172.217.194.0-255,2902,292736,17,363044
50331,0.074442,172.31.36.0-255,66,292802,17,363044
50332,0.074583,172.217.194.0-255,2902,295704,17,363044
50333,0.074588,172.31.36.0-255,66,295770,17,363044
50334,0.076502,172.217.194.0-255,2902,298672,17,363044
50335,0.076508,172.31.36.0-255,66,298738,17,363044
50336,0.076629,172.217.194.0-255,2902,301640,17,363044
50337,0.076634,172.31.36.0-255,66,301706,17,363044
50338,0.078545,172.217.194.0-255,2902,304608,17,363044
50339,0.07855,172.31.36.0-255,66,304674,17,363044
50340,0.078683,172.217.194.0-255,2902,307576,17,363044
50341,0.078687,172.31.36.0-255,66,307642,17,363044
50342,0.080571,172.217.194.0-255,1484,309126,17,363044
50343,0.080744,172.217.194.0-255,4320,313446,17,363044
50344,0.080846,172.31.36.0-255,66,313512,17,363044
50345,0.082871,172.217.194.0-255,5738,319250,17,363044
50346,0.082927,172.31.36.0-255,66,319316,17,363044
50347,0.085008,172.217.194.0-255,5738,325054,17,363044
50348,0.085013,172.31.36.0-255,66,325120,17,363044
50349,0.08705,172.217.194.0-255,5738,330858,17,363044
50350,0.087055,172.31.36.0-255,66,330924,17,363044
50351,0.089077,172.217.194.0-255,4320,335244,17,363044
50352,0.089082,172.31.36.0-255,66,335310,17,363044
50353,0.089114,172.217.194.0-255,1484,336794,17,363044
50354,0.091152,172.217.194.0-255,4320,341114,17,363044
50355,0.091158,172.31.36.0-255,66,341180,17,363044
50356,0.093203,172.217.194.0-255,4320,345500,17,363044
50357,0.093208,172.31.36.0-255,66,345566,17,363044
50358,0.093234,172.217.194.0-255,1484,347050,17,363044
50359,0.095285,172.217.194.0-255,4320,351370,17,363044
50360,0.095291,172.31.36.0-255,66,351436,17,363044
50361,0.097365,172.217.194.0-255,5738,357174,17,363044
50362,0.097426,172.31.36.0-255,66,357240,17,363044
50363,0.099433,172.217.194.0-255,5738,362978,17,363044
50364,0.099439,172.31.36.0-255,66,363044,17,363044
50365,0.0,172.253.118.0-255,219,219,17,197668
50366,3.4e-05,172.31.36.0-255,66,285,17,197668
50367,4.1e-05,172.253.118.0-255,1484,1769,17,197668
50368,4.5e-05,172.31.36.0-255,66,1835,17,197668
50369,6e-05,172.253.118.0-255,4320,6155,17,197668
50370,6.3e-05,172.31.36.0-255,66,6221,17,197668
50371,9.9e-05,172.31.36.0-255,66,6287,17,197668
50372,0.00011,172.31.36.0-255,66,6353,17,197668
50373,0.000121,172.253.118.0-255,1484,7837,17,197668
50374,0.000124,172.31.36.0-255,66,7903,17,197668
50375,0.000155,172.253.118.0-255,6797,14700,17,197668
50376,0.000159,172.31.36.0-255,66,14766,17,197668
50377,0.000247,172.253.118.0-255,1484,16250,17,197668
50378,0.000251,172.31.36.0-255,66,16316,17,197668
50379,0.000255,172.253.118.0-255,1484,17800,17,197668
50380,0.000257,172.31.36.0-255,66,17866,17,197668
50381,0.000292,172.253.118.0-255,1484,19350,17,197668
50382,0.000295,172.31.36.0-255,66,19416,17,197668
50383,0.000298,172.253.118.0-255,1484,20900,17,197668
50384,0.0003,172.31.36.0-255,66,20966,17,197668
50385,0.000305,172.253.118.0-255,2902,23868,17,197668
50386,0.00031,172.253.118.0-255,5738,29606,17,197668
50387,0.00031,172.31.36.0-255,66,29672,17,197668
50388,0.000314,172.31.36.0-255,66,29738,17,197668
50389,0.000353,172.253.118.0-255,5379,35117,17,197668
50390,0.000357,172.31.36.0-255,66,35183,17,197668
50391,0.000364,172.253.118.0-255,5738,40921,17,197668
50392,0.000366,172.31.36.0-255,66,40987,17,197668
50393,0.000374,172.253.118.0-255,7156,48143,17,197668
50394,0.000376,172.31.36.0-255,66,48209,17,197668
50395,0.000402,172.253.118.0-255,1400,49609,17,197668
50396,0.000406,172.253.118.0-255,381,49990,17,197668
50397,0.000409,172.31.36.0-255,66,50056,17,197668
50398,0.000543,172.253.118.0-255,1484,51540,17,197668
50399,0.000549,172.253.118.0-255,2902,54442,17,197668
50400,0.000552,172.31.36.0-255,66,54508,17,197668
50401,0.00056,172.253.118.0-255,5738,60246,17,197668
50402,0.000562,172.31.36.0-255,66,60312,17,197668
50403,0.000573,172.253.118.0-255,4320,64632,17,197668
50404,0.000577,172.31.36.0-255,66,64698,17,197668
50405,0.000633,172.31.36.0-255,66,64764,17,197668
50406,0.000641,172.253.118.0-255,6797,71561,17,197668
50407,0.000644,172.31.36.0-255,66,71627,17,197668
50408,0.000761,172.253.118.0-255,1484,73111,17,197668
50409,0.000767,172.253.118.0-255,2902,76013,17,197668
50410,0.00077,172.31.36.0-255,66,76079,17,197668
50411,0.0008,172.253.118.0-255,5738,81817,17,197668
50412,0.000803,172.31.36.0-255,66,81883,17,197668
50413,0.00081,172.253.118.0-255,7156,89039,17,197668
50414,0.000813,172.31.36.0-255,66,89105,17,197668
50415,0.000841,172.253.118.0-255,5738,94843,17,197668
50416,0.000844,172.31.36.0-255,66,94909,17,197668
50417,0.000849,172.253.118.0-255,4320,99229,17,197668
50418,0.000852,172.31.36.0-255,66,99295,17,197668
50419,0.000882,172.253.118.0-255,6438,105733,17,197668
50420,0.000886,172.31.36.0-255,66,105799,17,197668
50421,0.000965,172.253.118.0-255,1484,107283,17,197668
50422,0.000985,172.253.118.0-255,2902,110185,17,197668
50423,0.000988,172.31.36.0-255,66,110251,17,197668
50424,0.000993,172.253.118.0-255,2902,113153,17,197668
50425,0.000997,172.31.36.0-255,66,113219,17,197668
50426,0.001026,172.253.118.0-255,2902,116121,17,197668
50427,0.001029,172.31.36.0-255,66,116187,17,197668
50428,0.001048,172.31.36.0-255,66,116253,17,197668
50429,0.001054,172.253.118.0-255,7156,123409,17,197668
50430,0.001056,172.31.36.0-255,66,123475,17,197668
50431,0.001095,172.253.118.0-255,5738,129213,17,197668
50432,0.001097,172.31.36.0-255,66,129279,17,197668
50433,0.001125,172.253.118.0-255,2184,131463,17,197668
50434,0.001129,172.31.36.0-255,66,131529,17,197668
50435,0.00114,172.31.36.0-255,66,131595,17,197668
50436,0.001158,172.31.36.0-255,66,131661,17,197668
50437,0.001252,172.253.118.0-255,1484,133145,17,197668
50438,0.001269,172.253.118.0-255,2902,136047,17,197668
50439,0.001272,172.31.36.0-255,66,136113,17,197668
50440,0.001277,172.253.118.0-255,2902,139015,17,197668
50441,0.001279,172.31.36.0-255,66,139081,17,197668
50442,0.00131,172.253.118.0-255,1484,140565,17,197668
50443,0.001321,172.31.36.0-255,66,140631,17,197668
50444,0.001355,172.31.36.0-255,66,140697,17,197668
50445,0.001384,172.253.118.0-255,5020,145717,17,197668
50446,0.001387,172.31.36.0-255,66,145783,17,197668
50447,0.001601,172.253.118.0-255,1484,147267,17,197668
50448,0.001616,172.253.118.0-255,2902,150169,17,197668
50449,0.00162,172.31.36.0-255,66,150235,17,197668
50450,0.001625,172.253.118.0-255,4320,154555,17,197668
50451,0.001628,172.31.36.0-255,66,154621,17,197668
50452,0.001651,172.253.118.0-255,1484,156105,17,197668
50453,0.001679,172.253.118.0-255,7156,163261,17,197668
50454,0.001683,172.31.36.0-255,66,163327,17,197668
50455,0.001697,172.31.36.0-255,66,163393,17,197668
50456,0.001702,172.253.118.0-255,3602,166995,17,197668
50457,0.001704,172.31.36.0-255,66,167061,17,197668
50458,0.001723,172.253.118.0-255,1484,168545,17,197668
50459,0.001774,172.31.36.0-255,66,168611,17,197668
50460,0.001788,172.31.36.0-255,66,168677,17,197668
50461,0.001799,172.31.36.0-255,66,168743,17,197668
50462,0.001841,172.253.118.0-255,4320,173063,17,197668
50463,0.001845,172.31.36.0-255,66,173129,17,197668
50464,0.00186,172.31.36.0-255,66,173195,17,197668
50465,0.001862,172.253.118.0-255,6438,179633,17,197668
50466,0.001866,172.31.36.0-255,66,179699,17,197668
50467,0.001869,172.253.118.0-255,7156,186855,17,197668
50468,0.001871,172.31.36.0-255,66,186921,17,197668
50469,0.001877,172.253.118.0-255,5738,192659,17,197668
50470,0.001879,172.31.36.0-255,66,192725,17,197668
50471,0.001931,172.31.36.0-255,66,192791,17,197668
50472,0.001941,172.31.36.0-255,66,192857,17,197668
50473,0.001988,172.31.36.0-255,66,192923,17,197668
50474,0.002042,172.31.36.0-255,66,192989,17,197668
50475,0.002061,172.31.36.0-255,66,193055,17,197668
50476,0.004023,172.253.118.0-255,105,193160,17,197668
50477,0.015195,172.31.36.0-255,66,193226,17,197668
50478,0.015226,172.31.36.0-255,105,193331,17,197668
50479,0.017177,172.253.118.0-255,66,193397,17,197668
50480,0.038074,172.31.36.0-255,171,193568,17,197668
50481,0.038108,172.31.36.0-255,1141,194709,17,197668
50482,0.038146,172.31.36.0-255,1514,196223,17,197668
50483,0.038148,172.31.36.0-255,1247,197470,17,197668
50484,0.039629,104.244.42.0-255,66,197536,17,197668
50485,0.039815,104.244.42.0-255,66,197602,17,197668
50486,0.039822,104.244.42.0-255,66,197668,17,197668
50487,0.0,74.125.24.0-255,155,155,17,197728
50488,1.6e-05,172.31.36.0-255,66,221,17,197728
50489,2.3e-05,74.125.24.0-255,1484,1705,17,197728
50490,2.8e-05,172.31.36.0-255,66,1771,17,197728
50491,3.3e-05,74.125.24.0-255,2902,4673,17,197728
50492,3.7e-05,172.31.36.0-255,66,4739,17,197728
50493,4.1e-05,74.125.24.0-255,1484,6223,17,197728
50494,4.3e-05,172.31.36.0-255,66,6289,17,197728
50495,7.1e-05,74.125.24.0-255,5738,12027,17,197728
50496,7.5e-05,172.31.36.0-255,66,12093,17,197728
50497,0.000155,74.125.24.0-255,1484,13577,17,197728
50498,0.000157,172.31.36.0-255,66,13643,17,197728
50499,0.000161,74.125.24.0-255,732,14375,17,197728
50500,0.000163,172.31.36.0-255,66,14441,17,197728
50501,0.00018,74.125.24.0-255,4320,18761,17,197728
50502,0.000183,172.31.36.0-255,66,18827,17,197728
50503,0.000253,74.125.24.0-255,2902,21729,17,197728
50504,0.000257,172.31.36.0-255,66,21795,17,197728
50505,0.000281,74.125.24.0-255,7156,28951,17,197728
50506,0.000284,172.31.36.0-255,66,29017,17,197728
50507,0.000381,74.125.24.0-255,2543,31560,17,197728
50508,0.000385,172.31.36.0-255,66,31626,17,197728
50509,0.000429,172.31.36.0-255,66,31692,17,197728
50510,0.000454,172.31.36.0-255,66,31758,17,197728
50511,0.000745,74.125.24.0-255,1484,33242,17,197728
50512,0.000751,172.31.36.0-255,66,33308,17,197728
50513,0.000756,74.125.24.0-255,2902,36210,17,197728
50514,0.000759,172.31.36.0-255,66,36276,17,197728
50515,0.000792,74.125.24.0-255,5738,42014,17,197728
50516,0.000795,172.31.36.0-255,66,42080,17,197728
50517,0.000879,74.125.24.0-255,6797,48877,17,197728
50518,0.000883,172.31.36.0-255,66,48943,17,197728
50519,0.000977,74.125.24.0-255,7156,56099,17,197728
50520,0.000995,172.31.36.0-255,66,56165,17,197728
50521,0.001079,172.31.36.0-255,66,56231,17,197728
50522,0.001096,74.125.24.0-255,5379,61610,17,197728
50523,0.001114,172.31.36.0-255,66,61676,17,197728
50524,0.001312,74.125.24.0-255,1706,63382,17,197728
50525,0.001318,172.31.36.0-255,66,63448,17,197728
50526,0.001477,172.31.36.0-255,66,63514,17,197728
50527,0.001493,74.125.24.0-255,2902,66416,17,197728
50528,0.001513,172.31.36.0-255,66,66482,17,197728
50529,0.001657,172.31.36.0-255,66,66548,17,197728
50530,0.001699,172.31.36.0-255,66,66614,17,197728
50531,0.002035,172.31.36.0-255,66,66680,17,197728
50532,0.002172,74.125.24.0-255,5738,72418,17,197728
50533,0.002241,74.125.24.0-255,2884,75302,17,197728
50534,0.003389,74.125.24.0-255,5738,81040,17,197728
50535,0.006745,172.31.36.0-255,66,81106,17,197728
50536,0.009086,74.125.24.0-255,5738,86844,17,197728
50537,0.009092,172.31.36.0-255,66,86910,17,197728
50538,0.01138,74.125.24.0-255,5738,92648,17,197728
50539,0.011388,172.31.36.0-255,66,92714,17,197728
50540,0.013697,74.125.24.0-255,5738,98452,17,197728
50541,0.014368,172.31.36.0-255,66,98518,17,197728
50542,0.016687,74.125.24.0-255,5738,104256,17,197728
50543,0.016694,172.31.36.0-255,66,104322,17,197728
50544,0.018994,74.125.24.0-255,5738,110060,17,197728
50545,0.019001,172.31.36.0-255,66,110126,17,197728
50546,0.021297,74.125.24.0-255,2902,113028,17,197728
50547,0.021305,172.31.36.0-255,66,113094,17,197728
50548,0.021325,74.125.24.0-255,2902,115996,17,197728
50549,0.021368,172.31.36.0-255,66,116062,17,197728
50550,0.023652,74.125.24.0-255,2902,118964,17,197728
50551,0.02366,172.31.36.0-255,66,119030,17,197728
50552,0.023683,74.125.24.0-255,2902,121932,17,197728
50553,0.023705,172.31.36.0-255,66,121998,17,197728
50554,0.025964,74.125.24.0-255,2902,124900,17,197728
50555,0.025972,172.31.36.0-255,66,124966,17,197728
50556,0.026026,74.125.24.0-255,2902,127868,17,197728
50557,0.026053,172.31.36.0-255,66,127934,17,197728
50558,0.02829,74.125.24.0-255,2902,130836,17,197728
50559,0.028298,172.31.36.0-255,66,130902,17,197728
50560,0.028365,74.125.24.0-255,2902,133804,17,197728
50561,0.030592,74.125.24.0-255,2902,136706,17,197728
50562,0.031248,172.31.36.0-255,66,136772,17,197728
50563,0.033385,172.31.36.0-255,172,136944,17,197728
50564,0.033421,172.31.36.0-255,1117,138061,17,197728
50565,0.033479,172.31.36.0-255,1514,139575,17,197728
50566,0.033481,172.31.36.0-255,317,139892,17,197728
50567,0.033568,74.125.24.0-255,5738,145630,17,197728
50568,0.033572,172.31.36.0-255,66,145696,17,197728
50569,0.034881,104.244.42.0-255,66,145762,17,197728
50570,0.034924,104.244.42.0-255,66,145828,17,197728
50571,0.034992,104.244.42.0-255,66,145894,17,197728
50572,0.035877,74.125.24.0-255,5738,151632,17,197728
50573,0.035883,172.31.36.0-255,66,151698,17,197728
50574,0.038222,74.125.24.0-255,5738,157436,17,197728
50575,0.038231,172.31.36.0-255,66,157502,17,197728
50576,0.04053,74.125.24.0-255,5738,163240,17,197728
50577,0.040537,172.31.36.0-255,66,163306,17,197728
50578,0.042856,74.125.24.0-255,5738,169044,17,197728
50579,0.042863,172.31.36.0-255,66,169110,17,197728
50580,0.045197,74.125.24.0-255,5738,174848,17,197728
50581,0.045203,172.31.36.0-255,66,174914,17,197728
50582,0.047521,74.125.24.0-255,5738,180652,17,197728
50583,0.047527,172.31.36.0-255,66,180718,17,197728
50584,0.049894,74.125.24.0-255,5738,186456,17,197728
50585,0.049901,172.31.36.0-255,66,186522,17,197728
50586,0.052227,74.125.24.0-255,5738,192260,17,197728
50587,0.052234,172.31.36.0-255,66,192326,17,197728
50588,0.054555,74.125.24.0-255,5165,197491,17,197728
50589,0.054562,172.31.36.0-255,66,197557,17,197728
50590,0.054753,172.31.36.0-255,105,197662,17,197728
50591,0.057017,74.125.24.0-255,66,197728,17,197728
50592,0.0,74.125.130.0-255,145,145,17,371268
50593,1.9e-05,172.31.36.0-255,66,211,17,371268
50594,2.5e-05,74.125.130.0-255,1484,1695,17,371268
50595,3e-05,172.31.36.0-255,66,1761,17,371268
50596,3.6e-05,74.125.130.0-255,2902,4663,17,371268
50597,3.9e-05,172.31.36.0-255,66,4729,17,371268
50598,6.6e-05,74.125.130.0-255,4320,9049,17,371268
50599,6.9e-05,172.31.36.0-255,66,9115,17,371268
50600,9.9e-05,74.125.130.0-255,5738,14853,17,371268
50601,0.000102,172.31.36.0-255,66,14919,17,371268
50602,0.000138,74.125.130.0-255,3474,18393,17,371268
50603,0.000142,172.31.36.0-255,66,18459,17,371268
50604,0.000147,74.125.130.0-255,4320,22779,17,371268
50605,0.00015,172.31.36.0-255,66,22845,17,371268
50606,0.000156,74.125.130.0-255,5738,28583,17,371268
50607,0.000159,172.31.36.0-255,66,28649,17,371268
50608,0.000163,74.125.130.0-255,2543,31192,17,371268
50609,0.000165,172.31.36.0-255,66,31258,17,371268
50610,0.000332,74.125.130.0-255,1484,32742,17,371268
50611,0.000337,172.31.36.0-255,66,32808,17,371268
50612,0.000343,74.125.130.0-255,2902,35710,17,371268
50613,0.000346,172.31.36.0-255,66,35776,17,371268
50614,0.000364,74.125.130.0-255,2902,38678,17,371268
50615,0.000367,172.31.36.0-255,66,38744,17,371268
50616,0.000391,74.125.130.0-255,1484,40228,17,371268
50617,0.000394,172.31.36.0-255,66,40294,17,371268
50618,0.0004,74.125.130.0-255,5738,46032,17,371268
50619,0.000403,172.31.36.0-255,66,46098,17,371268
50620,0.000436,172.31.36.0-255,66,46164,17,371268
50621,0.000454,74.125.130.0-255,2902,49066,17,371268
50622,0.000457,172.31.36.0-255,66,49132,17,371268
50623,0.000472,74.125.130.0-255,5669,54801,17,371268
50624,0.000476,172.31.36.0-255,66,54867,17,371268
50625,0.000479,74.125.130.0-255,365,55232,17,371268
50626,0.000588,74.125.130.0-255,1484,56716,17,371268
50627,0.000592,172.31.36.0-255,66,56782,17,371268
50628,0.000598,74.125.130.0-255,2902,59684,17,371268
50629,0.000601,172.31.36.0-255,66,59750,17,371268
50630,0.00064,74.125.130.0-255,5738,65488,17,371268
50631,0.000643,172.31.36.0-255,66,65554,17,371268
50632,0.000676,172.31.36.0-255,66,65620,17,371268
50633,0.000678,74.125.130.0-255,1484,67104,17,371268
50634,0.000701,74.125.130.0-255,2902,70006,17,371268
50635,0.000704,172.31.36.0-255,66,70072,17,371268
50636,0.000725,74.125.130.0-255,4320,74392,17,371268
50637,0.000727,172.31.36.0-255,66,74458,17,371268
50638,0.000758,74.125.130.0-255,2184,76642,17,371268
50639,0.000761,172.31.36.0-255,66,76708,17,371268
50640,0.000826,74.125.130.0-255,1484,78192,17,371268
50641,0.00084,74.125.130.0-255,2902,81094,17,371268
50642,0.000843,172.31.36.0-255,66,81160,17,371268
50643,0.000849,74.125.130.0-255,2902,84062,17,371268
50644,0.000851,172.31.36.0-255,66,84128,17,371268
50645,0.000883,74.125.130.0-255,1484,85612,17,371268
50646,0.000904,74.125.130.0-255,2902,88514,17,371268
50647,0.000907,172.31.36.0-255,66,88580,17,371268
50648,0.000918,172.31.36.0-255,66,88646,17,371268
50649,0.000922,74.125.130.0-255,2902,91548,17,371268
50650,0.000924,172.31.36.0-255,66,91614,17,371268
50651,0.000968,74.125.130.0-255,5738,97352,17,371268
50652,0.000971,172.31.36.0-255,66,97418,17,371268
50653,0.001006,74.125.130.0-255,5020,102438,17,371268
50654,0.001008,172.31.36.0-255,66,102504,17,371268
50655,0.001286,74.125.130.0-255,1484,103988,17,371268
50656,0.001291,74.125.130.0-255,1484,105472,17,371268
50657,0.001294,172.31.36.0-255,66,105538,17,371268
50658,0.001306,74.125.130.0-255,1484,107022,17,371268
50659,0.001311,74.125.130.0-255,2902,109924,17,371268
50660,0.001313,172.31.36.0-255,66,109990,17,371268
50661,0.001335,74.125.130.0-255,1484,111474,17,371268
50662,0.001341,74.125.130.0-255,5738,117212,17,371268
50663,0.001343,172.31.36.0-255,66,117278,17,371268
50664,0.001382,74.125.130.0-255,7156,124434,17,371268
50665,0.001398,172.31.36.0-255,66,124500,17,371268
50666,0.001419,74.125.130.0-255,1484,125984,17,371268
50667,0.001432,172.31.36.0-255,66,126050,17,371268
50668,0.001436,74.125.130.0-255,766,126816,17,371268
50669,0.0015,74.125.130.0-255,1484,128300,17,371268
50670,0.001504,172.31.36.0-255,66,128366,17,371268
50671,0.001509,74.125.130.0-255,1484,129850,17,371268
50672,0.001523,74.125.130.0-255,1484,131334,17,371268
50673,0.001526,172.31.36.0-255,66,131400,17,371268
50674,0.001532,74.125.130.0-255,4320,135720,17,371268
50675,0.001534,172.31.36.0-255,66,135786,17,371268
50676,0.001576,172.31.36.0-255,66,135852,17,371268
50677,0.001599,74.125.130.0-255,7156,143008,17,371268
50678,0.001615,74.125.130.0-255,2902,145910,17,371268
50679,0.001629,74.125.130.0-255,5738,151648,17,371268
50680,0.001632,74.125.130.0-255,766,152414,17,371268
50681,0.001733,74.125.130.0-255,1484,153898,17,371268
50682,0.00174,74.125.130.0-255,2902,156800,17,371268
50683,0.001762,74.125.130.0-255,4320,161120,17,371268
50684,0.001776,74.125.130.0-255,1484,162604,17,371268
50685,0.001781,74.125.130.0-255,2902,165506,17,371268
50686,0.001786,74.125.130.0-255,4320,169826,17,371268
50687,0.001818,74.125.130.0-255,4320,174146,17,371268
50688,0.001835,74.125.130.0-255,4320,178466,17,371268
50689,0.001871,74.125.130.0-255,2902,181368,17,371268
50690,0.001889,74.125.130.0-255,5020,186388,17,371268
50691,0.005425,172.31.36.0-255,66,186454,17,371268
50692,0.007498,74.125.130.0-255,5738,192192,17,371268
50693,0.007505,172.31.36.0-255,66,192258,17,371268
50694,0.009588,74.125.130.0-255,5738,197996,17,371268
50695,0.009596,172.31.36.0-255,66,198062,17,371268
50696,0.011688,74.125.130.0-255,5738,203800,17,371268
50697,0.011695,172.31.36.0-255,66,203866,17,371268
50698,0.013776,74.125.130.0-255,5738,209604,17,371268
50699,0.013783,172.31.36.0-255,66,209670,17,371268
50700,0.015857,74.125.130.0-255,5738,215408,17,371268
50701,0.015868,172.31.36.0-255,66,215474,17,371268
50702,0.017938,74.125.130.0-255,4320,219794,17,371268
50703,0.017946,172.31.36.0-255,66,219860,17,371268
50704,0.017967,74.125.130.0-255,1484,221344,17,371268
50705,0.020023,74.125.130.0-255,4320,225664,17,371268
50706,0.02003,172.31.36.0-255,66,225730,17,371268
50707,0.022098,74.125.130.0-255,5738,231468,17,371268
50708,0.022106,172.31.36.0-255,66,231534,17,371268
50709,0.024172,74.125.130.0-255,5738,237272,17,371268
50710,0.024179,172.31.36.0-255,66,237338,17,371268
50711,0.026299,74.125.130.0-255,5738,243076,17,371268
50712,0.026308,172.31.36.0-255,66,243142,17,371268
50713,0.028388,74.125.130.0-255,5738,248880,17,371268
50714,0.028398,172.31.36.0-255,66,248946,17,371268
50715,0.029291,172.31.36.0-255,172,249118,17,371268
50716,0.029321,172.31.36.0-255,1118,250236,17,371268
50717,0.029401,172.31.36.0-255,1514,251750,17,371268
50718,0.029403,172.31.36.0-255,1270,253020,17,371268
50719,0.030476,74.125.130.0-255,5738,258758,17,371268
50720,0.030483,172.31.36.0-255,66,258824,17,371268
50721,0.030863,104.244.42.0-255,66,258890,17,371268
50722,0.030871,104.244.42.0-255,66,258956,17,371268
50723,0.030976,104.244.42.0-255,66,259022,17,371268
50724,0.032571,74.125.130.0-255,5738,264760,17,371268
50725,0.032578,172.31.36.0-255,66,264826,17,371268
50726,0.03466,74.125.130.0-255,5738,270564,17,371268
50727,0.034667,172.31.36.0-255,66,270630,17,371268
50728,0.036753,74.125.130.0-255,5738,276368,17,371268
50729,0.03676,172.31.36.0-255,66,276434,17,371268
50730,0.038855,74.125.130.0-255,5738,282172,17,371268
50731,0.038862,172.31.36.0-255,66,282238,17,371268
50732,0.040954,74.125.130.0-255,5738,287976,17,371268
50733,0.040961,172.31.36.0-255,66,288042,17,371268
50734,0.043048,74.125.130.0-255,5738,293780,17,371268
50735,0.043055,172.31.36.0-255,66,293846,17,371268
50736,0.045134,74.125.130.0-255,5738,299584,17,371268
50737,0.04514,172.31.36.0-255,66,299650,17,371268
50738,0.047225,74.125.130.0-255,5738,305388,17,371268
50739,0.047232,172.31.36.0-255,66,305454,17,371268
50740,0.049315,74.125.130.0-255,5738,311192,17,371268
50741,0.049321,172.31.36.0-255,66,311258,17,371268
50742,0.051407,74.125.130.0-255,5738,316996,17,371268
50743,0.051414,172.31.36.0-255,66,317062,17,371268
50744,0.053491,74.125.130.0-255,5738,322800,17,371268
50745,0.053498,172.31.36.0-255,66,322866,17,371268
50746,0.055581,74.125.130.0-255,5738,328604,17,371268
50747,0.055587,172.31.36.0-255,66,328670,17,371268
50748,0.057659,74.125.130.0-255,5738,334408,17,371268
50749,0.057668,172.31.36.0-255,66,334474,17,371268
50750,0.059743,74.125.130.0-255,5738,340212,17,371268
50751,0.059749,172.31.36.0-255,66,340278,17,371268
50752,0.061841,74.125.130.0-255,5738,346016,17,371268
50753,0.061847,172.31.36.0-255,66,346082,17,371268
50754,0.063933,74.125.130.0-255,5738,351820,17,371268
50755,0.06394,172.31.36.0-255,66,351886,17,371268
50756,0.066011,74.125.130.0-255,5738,357624,17,371268
50757,0.066017,172.31.36.0-255,66,357690,17,371268
50758,0.068085,74.125.130.0-255,5738,363428,17,371268
50759,0.068091,172.31.36.0-255,66,363494,17,371268
50760,0.070176,74.125.130.0-255,5738,369232,17,371268
50761,0.070182,172.31.36.0-255,66,369298,17,371268
50762,0.072288,74.125.130.0-255,1733,371031,17,371268
50763,0.072294,172.31.36.0-255,66,371097,17,371268
50764,0.072456,172.31.36.0-255,105,371202,17,371268
50765,0.07449,74.125.130.0-255,66,371268,17,371268
50766,0.0,74.125.24.0-255,153,153,17,233327
50767,2.4e-05,172.31.36.0-255,66,219,17,233327
50768,2.9e-05,74.125.24.0-255,1484,1703,17,233327
50769,3.2e-05,172.31.36.0-255,66,1769,17,233327
50770,5.1e-05,74.125.24.0-255,2902,4671,17,233327
50771,5.4e-05,172.31.36.0-255,66,4737,17,233327
50772,5.7e-05,74.125.24.0-255,1484,6221,17,233327
50773,5.8e-05,172.31.36.0-255,66,6287,17,233327
50774,8.8e-05,74.125.24.0-255,5738,12025,17,233327
50775,9.1e-05,172.31.36.0-255,66,12091,17,233327
50776,0.000122,74.125.24.0-255,2147,14238,17,233327
50777,0.000125,172.31.36.0-255,66,14304,17,233327
50778,0.000144,74.125.24.0-255,2902,17206,17,233327
50779,0.000148,172.31.36.0-255,66,17272,17,233327
50780,0.000162,74.125.24.0-255,5738,23010,17,233327
50781,0.000165,172.31.36.0-255,66,23076,17,233327
50782,0.000212,74.125.24.0-255,4320,27396,17,233327
50783,0.000215,172.31.36.0-255,66,27462,17,233327
50784,0.000229,74.125.24.0-255,3961,31423,17,233327
50785,0.000232,172.31.36.0-255,66,31489,17,233327
50786,0.000294,74.125.24.0-255,1484,32973,17,233327
50787,0.000298,172.31.36.0-255,66,33039,17,233327
50788,0.000301,74.125.24.0-255,1484,34523,17,233327
50789,0.000304,172.31.36.0-255,66,34589,17,233327
50790,0.000317,74.125.24.0-255,1484,36073,17,233327
50791,0.00032,172.31.36.0-255,66,36139,17,233327
50792,0.000326,74.125.24.0-255,5738,41877,17,233327
50793,0.000328,172.31.36.0-255,66,41943,17,233327
50794,0.000352,74.125.24.0-255,4320,46263,17,233327
50795,0.000355,172.31.36.0-255,66,46329,17,233327
50796,0.000375,172.31.36.0-255,66,46395,17,233327
50797,0.000386,172.31.36.0-255,66,46461,17,233327
50798,0.000433,74.125.24.0-255,1745,48206,17,233327
50799,0.000438,172.31.36.0-255,66,48272,17,233327
50800,0.000616,74.125.24.0-255,1484,49756,17,233327
50801,0.000623,74.125.24.0-255,2902,52658,17,233327
50802,0.000626,172.31.36.0-255,66,52724,17,233327
50803,0.000633,74.125.24.0-255,5738,58462,17,233327
50804,0.000635,172.31.36.0-255,66,58528,17,233327
50805,0.000674,172.31.36.0-255,66,58594,17,233327
50806,0.000676,74.125.24.0-255,7156,65750,17,233327
50807,0.000679,172.31.36.0-255,66,65816,17,233327
50808,0.000714,74.125.24.0-255,3602,69418,17,233327
50809,0.000717,172.31.36.0-255,66,69484,17,233327
50810,0.001366,74.125.24.0-255,1484,70968,17,233327
50811,0.001376,74.125.24.0-255,2902,73870,17,233327
50812,0.001379,172.31.36.0-255,66,73936,17,233327
50813,0.001384,74.125.24.0-255,1484,75420,17,233327
50814,0.001405,74.125.24.0-255,4320,79740,17,233327
50815,0.001408,172.31.36.0-255,66,79806,17,233327
50816,0.001412,74.125.24.0-255,2902,82708,17,233327
50817,0.001414,172.31.36.0-255,66,82774,17,233327
50818,0.001437,172.31.36.0-255,66,82840,17,233327
50819,0.001475,74.125.24.0-255,5738,88578,17,233327
50820,0.001478,172.31.36.0-255,66,88644,17,233327
50821,0.001498,74.125.24.0-255,5020,93664,17,233327
50822,0.001501,172.31.36.0-255,66,93730,17,233327
50823,0.001568,74.125.24.0-255,1484,95214,17,233327
50824,0.001573,74.125.24.0-255,2902,98116,17,233327
50825,0.001576,172.31.36.0-255,66,98182,17,233327
50826,0.001601,74.125.24.0-255,5738,103920,17,233327
50827,0.001604,172.31.36.0-255,66,103986,17,233327
50828,0.001607,74.125.24.0-255,1484,105470,17,233327
50829,0.001634,172.31.36.0-255,66,105536,17,233327
50830,0.001642,74.125.24.0-255,5738,111274,17,233327
50831,0.001644,172.31.36.0-255,66,111340,17,233327
50832,0.001703,74.125.24.0-255,5020,116360,17,233327
50833,0.001707,172.31.36.0-255,66,116426,17,233327
50834,0.001795,74.125.24.0-255,1484,117910,17,233327
50835,0.001812,74.125.24.0-255,2902,120812,17,233327
50836,0.001815,172.31.36.0-255,66,120878,17,233327
50837,0.001821,74.125.24.0-255,5738,126616,17,233327
50838,0.001823,172.31.36.0-255,66,126682,17,233327
50839,0.001826,74.125.24.0-255,1484,128166,17,233327
50840,0.001844,74.125.24.0-255,2902,131068,17,233327
50841,0.001846,172.31.36.0-255,66,131134,17,233327
50842,0.001851,74.125.24.0-255,2902,134036,17,233327
50843,0.001852,172.31.36.0-255,66,134102,17,233327
50844,0.001879,172.31.36.0-255,66,134168,17,233327
50845,0.001882,74.125.24.0-255,1484,135652,17,233327
50846,0.001906,74.125.24.0-255,6438,142090,17,233327
50847,0.001909,172.31.36.0-255,66,142156,17,233327
50848,0.001928,74.125.24.0-255,5738,147894,17,233327
50849,0.00193,172.31.36.0-255,66,147960,17,233327
50850,0.00195,74.125.24.0-255,7156,155116,17,233327
50851,0.001995,74.125.24.0-255,2902,158018,17,233327
50852,0.001999,74.125.24.0-255,2902,160920,17,233327
50853,0.002002,74.125.24.0-255,1484,162404,17,233327
50854,0.002014,74.125.24.0-255,2184,164588,17,233327
50855,0.002042,74.125.24.0-255,5738,170326,17,233327
50856,0.002069,74.125.24.0-255,2902,173228,17,233327
50857,0.002119,74.125.24.0-255,5020,178248,17,233327
50858,0.002123,74.125.24.0-255,1484,179732,17,233327
50859,0.00214,74.125.24.0-255,4320,184052,17,233327
50860,0.002145,74.125.24.0-255,4320,188372,17,233327
50861,0.002164,74.125.24.0-255,2902,191274,17,233327
50862,0.002168,74.125.24.0-255,2902,194176,17,233327
50863,0.002211,74.125.24.0-255,6438,200614,17,233327
50864,0.002313,74.125.24.0-255,1484,202098,17,233327
50865,0.002327,74.125.24.0-255,2902,205000,17,233327
50866,0.002331,74.125.24.0-255,1484,206484,17,233327
50867,0.002341,74.125.24.0-255,2902,209386,17,233327
50868,0.002355,74.125.24.0-255,2902,212288,17,233327
50869,0.002408,74.125.24.0-255,1484,213772,17,233327
50870,0.002458,74.125.24.0-255,5738,219510,17,233327
50871,0.002488,74.125.24.0-255,2902,222412,17,233327
50872,0.002518,74.125.24.0-255,2902,225314,17,233327
50873,0.00253,74.125.24.0-255,4320,229634,17,233327
50874,0.002694,172.31.36.0-255,66,229700,17,233327
50875,0.004603,172.31.36.0-255,101,229801,17,233327
50876,0.00521,74.125.24.0-255,105,229906,17,233327
50877,0.007104,74.125.24.0-255,66,229972,17,233327
50878,0.009707,172.31.36.0-255,105,230077,17,233327
50879,0.012209,74.125.24.0-255,66,230143,17,233327
50880,0.025626,172.31.36.0-255,172,230315,17,233327
50881,0.025658,172.31.36.0-255,1117,231432,17,233327
50882,0.025703,172.31.36.0-255,1514,232946,17,233327
50883,0.025705,172.31.36.0-255,315,233261,17,233327
50884,0.027252,104.244.42.0-255,66,233327,17,233327
50885,0.0,172.217.194.0-255,150,150,17,209902
50886,2.2e-05,172.31.36.0-255,66,216,17,209902
50887,2.9e-05,172.217.194.0-255,1484,1700,17,209902
50888,3.4e-05,172.31.36.0-255,66,1766,17,209902
50889,4.9e-05,172.217.194.0-255,2902,4668,17,209902
50890,5.3e-05,172.31.36.0-255,66,4734,17,209902
50891,6e-05,172.217.194.0-255,7156,11890,17,209902
50892,6.4e-05,172.31.36.0-255,66,11956,17,209902
50893,6.8e-05,172.217.194.0-255,2016,13972,17,209902
50894,7.1e-05,172.31.36.0-255,66,14038,17,209902
50895,9.2e-05,172.217.194.0-255,2902,16940,17,209902
50896,9.7e-05,172.31.36.0-255,66,17006,17,209902
50897,0.000104,172.217.194.0-255,7156,24162,17,209902
50898,0.000111,172.31.36.0-255,66,24228,17,209902
50899,0.000118,172.217.194.0-255,6797,31025,17,209902
50900,0.000121,172.31.36.0-255,66,31091,17,209902
50901,0.00017,172.217.194.0-255,5738,36829,17,209902
50902,0.000174,172.31.36.0-255,66,36895,17,209902
50903,0.000202,172.217.194.0-255,2902,39797,17,209902
50904,0.000206,172.31.36.0-255,66,39863,17,209902
50905,0.000211,172.217.194.0-255,4320,44183,17,209902
50906,0.000214,172.31.36.0-255,66,44249,17,209902
50907,0.000242,172.217.194.0-255,3961,48210,17,209902
50908,0.000245,172.31.36.0-255,66,48276,17,209902
50909,0.000259,172.31.36.0-255,66,48342,17,209902
50910,0.000296,172.31.36.0-255,66,48408,17,209902
50911,0.000298,172.217.194.0-255,396,48804,17,209902
50912,0.0003,172.31.36.0-255,66,48870,17,209902
50913,0.00034,172.217.194.0-255,381,49251,17,209902
50914,0.000342,172.31.36.0-255,66,49317,17,209902
50915,0.000609,172.217.194.0-255,1484,50801,17,209902
50916,0.000617,172.217.194.0-255,2902,53703,17,209902
50917,0.000621,172.31.36.0-255,66,53769,17,209902
50918,0.000625,172.217.194.0-255,1484,55253,17,209902
50919,0.000656,172.217.194.0-255,4320,59573,17,209902
50920,0.000662,172.31.36.0-255,66,59639,17,209902
50921,0.000704,172.31.36.0-255,66,59705,17,209902
50922,0.000709,172.217.194.0-255,5738,65443,17,209902
50923,0.000711,172.31.36.0-255,66,65509,17,209902
50924,0.000736,172.217.194.0-255,5020,70529,17,209902
50925,0.000738,172.31.36.0-255,66,70595,17,209902
50926,0.000776,172.217.194.0-255,5738,76333,17,209902
50927,0.00078,172.31.36.0-255,66,76399,17,209902
50928,0.000783,172.217.194.0-255,1484,77883,17,209902
50929,0.000787,172.217.194.0-255,1484,79367,17,209902
50930,0.000789,172.31.36.0-255,66,79433,17,209902
50931,0.000823,172.217.194.0-255,7156,86589,17,209902
50932,0.000861,172.31.36.0-255,66,86655,17,209902
50933,0.000876,172.31.36.0-255,66,86721,17,209902
50934,0.000889,172.31.36.0-255,66,86787,17,209902
50935,0.000927,172.31.36.0-255,66,86853,17,209902
50936,0.00093,172.217.194.0-255,2902,89755,17,209902
50937,0.000932,172.31.36.0-255,66,89821,17,209902
50938,0.000969,172.31.36.0-255,66,89887,17,209902
50939,0.00114,172.217.194.0-255,1484,91371,17,209902
50940,0.001147,172.217.194.0-255,2902,94273,17,209902
50941,0.001152,172.31.36.0-255,66,94339,17,209902
50942,0.001159,172.217.194.0-255,4320,98659,17,209902
50943,0.001162,172.31.36.0-255,66,98725,17,209902
50944,0.00118,172.217.194.0-255,1484,100209,17,209902
50945,0.001187,172.217.194.0-255,5738,105947,17,209902
50946,0.001194,172.31.36.0-255,66,106013,17,209902
50947,0.001223,172.217.194.0-255,7156,113169,17,209902
50948,0.001229,172.31.36.0-255,66,113235,17,209902
50949,0.001275,172.31.36.0-255,66,113301,17,209902
50950,0.001533,172.217.194.0-255,1484,114785,17,209902
50951,0.001539,172.217.194.0-255,2902,117687,17,209902
50952,0.001544,172.31.36.0-255,66,117753,17,209902
50953,0.001551,172.217.194.0-255,5738,123491,17,209902
50954,0.001553,172.31.36.0-255,66,123557,17,209902
50955,0.0016,172.31.36.0-255,66,123623,17,209902
50956,0.001606,172.217.194.0-255,5738,129361,17,209902
50957,0.001608,172.31.36.0-255,66,129427,17,209902
50958,0.001624,172.217.194.0-255,1484,130911,17,209902
50959,0.001648,172.217.194.0-255,3602,134513,17,209902
50960,0.001651,172.31.36.0-255,66,134579,17,209902
50961,0.001689,172.217.194.0-255,1484,136063,17,209902
50962,0.001706,172.217.194.0-255,2902,138965,17,209902
50963,0.001708,172.31.36.0-255,66,139031,17,209902
50964,0.001739,172.217.194.0-255,5738,144769,17,209902
50965,0.001742,172.31.36.0-255,66,144835,17,209902
50966,0.001766,172.31.36.0-255,66,144901,17,209902
50967,0.001772,172.217.194.0-255,7156,152057,17,209902
50968,0.001775,172.31.36.0-255,66,152123,17,209902
50969,0.001822,172.31.36.0-255,66,152189,17,209902
50970,0.001851,172.217.194.0-255,5020,157209,17,209902
50971,0.001854,172.31.36.0-255,66,157275,17,209902
50972,0.00187,172.31.36.0-255,66,157341,17,209902
50973,0.001874,172.217.194.0-255,2184,159525,17,209902
50974,0.001876,172.31.36.0-255,66,159591,17,209902
50975,0.001944,172.217.194.0-255,2902,162493,17,209902
50976,0.001947,172.31.36.0-255,66,162559,17,209902
50977,0.001953,172.217.194.0-255,5738,168297,17,209902
50978,0.001955,172.31.36.0-255,66,168363,17,209902
50979,0.00197,172.31.36.0-255,66,168429,17,209902
50980,0.001975,172.217.194.0-255,4320,172749,17,209902
50981,0.001977,172.31.36.0-255,66,172815,17,209902
50982,0.002024,172.31.36.0-255,66,172881,17,209902
50983,0.002066,172.217.194.0-255,1484,174365,17,209902
50984,0.002078,172.217.194.0-255,2902,177267,17,209902
50985,0.002082,172.31.36.0-255,66,177333,17,209902
50986,0.002087,172.217.194.0-255,4320,181653,17,209902
50987,0.002089,172.31.36.0-255,66,181719,17,209902
50988,0.002108,172.217.194.0-255,1484,183203,17,209902
50989,0.002123,172.31.36.0-255,66,183269,17,209902
50990,0.00215,172.217.194.0-255,1484,184753,17,209902
50991,0.002161,172.31.36.0-255,66,184819,17,209902
50992,0.002191,172.217.194.0-255,2184,187003,17,209902
50993,0.002194,172.31.36.0-255,66,187069,17,209902
50994,0.002198,172.217.194.0-255,2902,189971,17,209902
50995,0.0022,172.31.36.0-255,66,190037,17,209902
50996,0.002207,172.217.194.0-255,7156,197193,17,209902
50997,0.002214,172.31.36.0-255,66,197259,17,209902
50998,0.002253,172.31.36.0-255,66,197325,17,209902
50999,0.0023,172.31.36.0-255,66,197391,17,209902
51000,0.004581,172.217.194.0-255,4320,201711,17,209902
51001,0.004586,172.31.36.0-255,66,201777,17,209902
51002,0.004609,172.217.194.0-255,1484,203261,17,209902
51003,0.006855,172.217.194.0-255,2117,205378,17,209902
51004,0.006861,172.31.36.0-255,66,205444,17,209902
51005,0.007037,172.31.36.0-255,105,205549,17,209902
51006,0.009248,172.217.194.0-255,66,205615,17,209902
51007,0.027347,172.31.36.0-255,187,205802,17,209902
51008,0.027437,172.31.36.0-255,985,206787,17,209902
51009,0.027759,172.31.36.0-255,1514,208301,17,209902
51010,0.027762,172.31.36.0-255,1403,209704,17,209902
51011,0.028904,104.244.42.0-255,66,209770,17,209902
51012,0.029003,104.244.42.0-255,66,209836,17,209902
51013,0.029304,104.244.42.0-255,66,209902,17,209902
51014,0.0,172.217.194.0-255,153,153,17,189988
51015,2e-05,172.31.36.0-255,66,219,17,189988
51016,2.7e-05,172.217.194.0-255,1484,1703,17,189988
51017,3.1e-05,172.31.36.0-255,66,1769,17,189988
51018,3.6e-05,172.217.194.0-255,2902,4671,17,189988
51019,3.9e-05,172.31.36.0-255,66,4737,17,189988
51020,4.4e-05,172.217.194.0-255,2902,7639,17,189988
51021,4.6e-05,172.31.36.0-255,66,7705,17,189988
51022,7.2e-05,172.217.194.0-255,4320,12025,17,189988
51023,7.6e-05,172.31.36.0-255,66,12091,17,189988
51024,7.9e-05,172.217.194.0-255,1484,13575,17,189988
51025,8.1e-05,172.31.36.0-255,66,13641,17,189988
51026,0.000115,172.31.36.0-255,66,13707,17,189988
51027,0.000126,172.31.36.0-255,66,13773,17,189988
51028,0.000129,172.217.194.0-255,1125,14898,17,189988
51029,0.000131,172.31.36.0-255,66,14964,17,189988
51030,0.000198,172.217.194.0-255,1484,16448,17,189988
51031,0.000202,172.31.36.0-255,66,16514,17,189988
51032,0.000207,172.217.194.0-255,2902,19416,17,189988
51033,0.00021,172.31.36.0-255,66,19482,17,189988
51034,0.000215,172.217.194.0-255,5738,25220,17,189988
51035,0.000218,172.31.36.0-255,66,25286,17,189988
51036,0.000243,172.217.194.0-255,2902,28188,17,189988
51037,0.000245,172.31.36.0-255,66,28254,17,189988
51038,0.00028,172.31.36.0-255,66,28320,17,189988
51039,0.00029,172.31.36.0-255,66,28386,17,189988
51040,0.000311,172.217.194.0-255,1416,29802,17,189988
51041,0.000314,172.31.36.0-255,66,29868,17,189988
51042,0.000451,172.217.194.0-255,100,29968,17,189988
51043,0.000539,172.217.194.0-255,363,30331,17,189988
51044,0.000754,172.217.194.0-255,1484,31815,17,189988
51045,0.000759,172.31.36.0-255,66,31881,17,189988
51046,0.000764,172.217.194.0-255,2902,34783,17,189988
51047,0.000777,172.31.36.0-255,66,34849,17,189988
51048,0.000784,172.217.194.0-255,5738,40587,17,189988
51049,0.000792,172.31.36.0-255,66,40653,17,189988
51050,0.000812,172.217.194.0-255,2902,43555,17,189988
51051,0.000824,172.31.36.0-255,66,43621,17,189988
51052,0.000827,172.217.194.0-255,2902,46523,17,189988
51053,0.000834,172.217.194.0-255,7156,53679,17,189988
51054,0.00084,172.31.36.0-255,66,53745,17,189988
51055,0.000849,172.217.194.0-255,1484,55229,17,189988
51056,0.000872,172.31.36.0-255,66,55295,17,189988
51057,0.001255,172.217.194.0-255,1484,56779,17,189988
51058,0.001265,172.217.194.0-255,2902,59681,17,189988
51059,0.001269,172.31.36.0-255,66,59747,17,189988
51060,0.001276,172.217.194.0-255,5738,65485,17,189988
51061,0.001298,172.217.194.0-255,2902,68387,17,189988
51062,0.001373,172.217.194.0-255,5020,73407,17,189988
51063,0.001379,172.217.194.0-255,5738,79145,17,189988
51064,0.001404,172.217.194.0-255,7156,86301,17,189988
51065,0.001419,172.217.194.0-255,5738,92039,17,189988
51066,0.001426,172.217.194.0-255,7156,99195,17,189988
51067,0.001458,172.217.194.0-255,1484,100679,17,189988
51068,0.001482,172.217.194.0-255,6438,107117,17,189988
51069,0.001488,172.217.194.0-255,4320,111437,17,189988
51070,0.001502,172.217.194.0-255,4320,115757,17,189988
51071,0.001515,172.217.194.0-255,2902,118659,17,189988
51072,0.001545,172.217.194.0-255,2184,120843,17,189988
51073,0.00166,172.217.194.0-255,1484,122327,17,189988
51074,0.001678,172.217.194.0-255,2902,125229,17,189988
51075,0.001702,172.217.194.0-255,5738,130967,17,189988
51076,0.001762,172.217.194.0-255,2902,133869,17,189988
51077,0.001921,172.217.194.0-255,1484,135353,17,189988
51078,0.001926,172.217.194.0-255,2902,138255,17,189988
51079,0.001949,172.217.194.0-255,5738,143993,17,189988
51080,0.001987,172.217.194.0-255,2902,146895,17,189988
51081,0.00201,172.217.194.0-255,1484,148379,17,189988
51082,0.002069,172.217.194.0-255,1484,149863,17,189988
51083,0.002094,172.217.194.0-255,7156,157019,17,189988
51084,0.002119,172.217.194.0-255,2902,159921,17,189988
51085,0.002166,172.217.194.0-255,5020,164941,17,189988
51086,0.002236,172.217.194.0-255,2902,167843,17,189988
51087,0.006201,172.31.36.0-255,66,167909,17,189988
51088,0.008474,172.217.194.0-255,5738,173647,17,189988
51089,0.00848,172.31.36.0-255,66,173713,17,189988
51090,0.010732,172.217.194.0-255,5738,179451,17,189988
51091,0.010739,172.31.36.0-255,66,179517,17,189988
51092,0.012998,172.217.194.0-255,5738,185255,17,189988
51093,0.013006,172.31.36.0-255,66,185321,17,189988
51094,0.015241,172.217.194.0-255,156,185477,17,189988
51095,0.015362,172.31.36.0-255,66,185543,17,189988
51096,0.015402,172.31.36.0-255,105,185648,17,189988
51097,0.017625,172.217.194.0-255,66,185714,17,189988
51098,0.035533,172.31.36.0-255,172,185886,17,189988
51099,0.03559,172.31.36.0-255,1116,187002,17,189988
51100,0.035669,172.31.36.0-255,1514,188516,17,189988
51101,0.035671,172.31.36.0-255,1274,189790,17,189988
51102,0.037051,104.244.42.0-255,66,189856,17,189988
51103,0.037184,104.244.42.0-255,66,189922,17,189988
51104,0.037186,104.244.42.0-255,66,189988,17,189988
51105,0.0,74.125.24.0-255,146,146,17,396662
51106,2.9e-05,172.31.36.0-255,66,212,17,396662
51107,3.6e-05,74.125.24.0-255,1484,1696,17,396662
51108,4e-05,172.31.36.0-255,66,1762,17,396662
51109,4.6e-05,74.125.24.0-255,2902,4664,17,396662
51110,4.9e-05,172.31.36.0-255,66,4730,17,396662
51111,5.4e-05,74.125.24.0-255,4320,9050,17,396662
51112,5.7e-05,172.31.36.0-255,66,9116,17,396662
51113,8.1e-05,74.125.24.0-255,4320,13436,17,396662
51114,8.5e-05,172.31.36.0-255,66,13502,17,396662
51115,9.9e-05,74.125.24.0-255,585,14087,17,396662
51116,0.000102,172.31.36.0-255,66,14153,17,396662
51117,0.000165,74.125.24.0-255,1484,15637,17,396662
51118,0.000169,172.31.36.0-255,66,15703,17,396662
51119,0.000174,74.125.24.0-255,2902,18605,17,396662
51120,0.000176,172.31.36.0-255,66,18671,17,396662
51121,0.000202,74.125.24.0-255,1484,20155,17,396662
51122,0.000205,172.31.36.0-255,66,20221,17,396662
51123,0.000209,74.125.24.0-255,2902,23123,17,396662
51124,0.000211,172.31.36.0-255,66,23189,17,396662
51125,0.000236,74.125.24.0-255,4320,27509,17,396662
51126,0.000239,172.31.36.0-255,66,27575,17,396662
51127,0.000276,74.125.24.0-255,5379,32954,17,396662
51128,0.00028,172.31.36.0-255,66,33020,17,396662
51129,0.000284,74.125.24.0-255,2902,35922,17,396662
51130,0.000286,172.31.36.0-255,66,35988,17,396662
51131,0.000301,74.125.24.0-255,1484,37472,17,396662
51132,0.000304,172.31.36.0-255,66,37538,17,396662
51133,0.000311,74.125.24.0-255,5738,43276,17,396662
51134,0.000313,172.31.36.0-255,66,43342,17,396662
51135,0.000338,74.125.24.0-255,5379,48721,17,396662
51136,0.000341,172.31.36.0-255,66,48787,17,396662
51137,0.000362,74.125.24.0-255,1484,50271,17,396662
51138,0.000367,74.125.24.0-255,2902,53173,17,396662
51139,0.00037,172.31.36.0-255,66,53239,17,396662
51140,0.000376,74.125.24.0-255,5738,58977,17,396662
51141,0.000379,172.31.36.0-255,66,59043,17,396662
51142,0.0004,74.125.24.0-255,1484,60527,17,396662
51143,0.000421,74.125.24.0-255,4320,64847,17,396662
51144,0.000424,172.31.36.0-255,66,64913,17,396662
51145,0.000438,74.125.24.0-255,1470,66383,17,396662
51146,0.00062,74.125.24.0-255,332,66715,17,396662
51147,0.000624,172.31.36.0-255,66,66781,17,396662
51148,0.000659,74.125.24.0-255,1484,68265,17,396662
51149,0.000672,74.125.24.0-255,4320,72585,17,396662
51150,0.000675,172.31.36.0-255,66,72651,17,396662
51151,0.000702,74.125.24.0-255,2902,75553,17,396662
51152,0.000705,172.31.36.0-255,66,75619,17,396662
51153,0.000727,74.125.24.0-255,4320,79939,17,396662
51154,0.00073,172.31.36.0-255,66,80005,17,396662
51155,0.000747,74.125.24.0-255,3412,83417,17,396662
51156,0.00075,172.31.36.0-255,66,83483,17,396662
51157,0.000898,74.125.24.0-255,1484,84967,17,396662
51158,0.000913,74.125.24.0-255,2902,87869,17,396662
51159,0.000917,172.31.36.0-255,66,87935,17,396662
51160,0.000924,74.125.24.0-255,5738,93673,17,396662
51161,0.000926,172.31.36.0-255,66,93739,17,396662
51162,0.000959,74.125.24.0-255,4320,98059,17,396662
51163,0.000962,172.31.36.0-255,66,98125,17,396662
51164,0.000968,74.125.24.0-255,5738,103863,17,396662
51165,0.00097,172.31.36.0-255,66,103929,17,396662
51166,0.000993,74.125.24.0-255,5738,109667,17,396662
51167,0.000996,172.31.36.0-255,66,109733,17,396662
51168,0.001018,74.125.24.0-255,5738,115471,17,396662
51169,0.001021,172.31.36.0-255,66,115537,17,396662
51170,0.001025,74.125.24.0-255,2184,117721,17,396662
51171,0.001027,172.31.36.0-255,66,117787,17,396662
51172,0.001173,74.125.24.0-255,1484,119271,17,396662
51173,0.00118,74.125.24.0-255,2902,122173,17,396662
51174,0.001183,172.31.36.0-255,66,122239,17,396662
51175,0.001206,74.125.24.0-255,5738,127977,17,396662
51176,0.001209,172.31.36.0-255,66,128043,17,396662
51177,0.001226,74.125.24.0-255,1484,129527,17,396662
51178,0.001242,74.125.24.0-255,2902,132429,17,396662
51179,0.001245,172.31.36.0-255,66,132495,17,396662
51180,0.001277,74.125.24.0-255,2902,135397,17,396662
51181,0.001279,172.31.36.0-255,66,135463,17,396662
51182,0.001301,74.125.24.0-255,2902,138365,17,396662
51183,0.001304,172.31.36.0-255,66,138431,17,396662
51184,0.001311,74.125.24.0-255,7156,145587,17,396662
51185,0.001313,172.31.36.0-255,66,145653,17,396662
51186,0.001319,74.125.24.0-255,4320,149973,17,396662
51187,0.001321,172.31.36.0-255,66,150039,17,396662
51188,0.001338,74.125.24.0-255,2184,152223,17,396662
51189,0.001342,172.31.36.0-255,66,152289,17,396662
51190,0.001544,74.125.24.0-255,1484,153773,17,396662
51191,0.001567,74.125.24.0-255,2902,156675,17,396662
51192,0.001572,172.31.36.0-255,66,156741,17,396662
51193,0.001579,74.125.24.0-255,5738,162479,17,396662
51194,0.001581,172.31.36.0-255,66,162545,17,396662
51195,0.001603,74.125.24.0-255,2902,165447,17,396662
51196,0.001607,172.31.36.0-255,66,165513,17,396662
51197,0.001636,172.31.36.0-255,66,165579,17,396662
51198,0.001639,74.125.24.0-255,1484,167063,17,396662
51199,0.001666,74.125.24.0-255,5738,172801,17,396662
51200,0.001669,172.31.36.0-255,66,172867,17,396662
51201,0.001688,74.125.24.0-255,3602,176469,17,396662
51202,0.001691,172.31.36.0-255,66,176535,17,396662
51203,0.001741,74.125.24.0-255,1484,178019,17,396662
51204,0.001763,74.125.24.0-255,2902,180921,17,396662
51205,0.001766,172.31.36.0-255,66,180987,17,396662
51206,0.001772,74.125.24.0-255,4320,185307,17,396662
51207,0.001773,172.31.36.0-255,66,185373,17,396662
51208,0.001786,74.125.24.0-255,1484,186857,17,396662
51209,0.001792,74.125.24.0-255,2902,189759,17,396662
51210,0.001794,172.31.36.0-255,66,189825,17,396662
51211,0.001828,172.31.36.0-255,66,189891,17,396662
51212,0.001833,74.125.24.0-255,2902,192793,17,396662
51213,0.001835,172.31.36.0-255,66,192859,17,396662
51214,0.001856,172.31.36.0-255,66,192925,17,396662
51215,0.003836,74.125.24.0-255,5738,198663,17,396662
51216,0.003843,172.31.36.0-255,66,198729,17,396662
51217,0.005844,74.125.24.0-255,4320,203049,17,396662
51218,0.005849,172.31.36.0-255,66,203115,17,396662
51219,0.005867,74.125.24.0-255,1484,204599,17,396662
51220,0.007821,74.125.24.0-255,4320,208919,17,396662
51221,0.007827,172.31.36.0-255,66,208985,17,396662
51222,0.009825,74.125.24.0-255,5738,214723,17,396662
51223,0.009832,172.31.36.0-255,66,214789,17,396662
51224,0.01182,74.125.24.0-255,2902,217691,17,396662
51225,0.011826,172.31.36.0-255,66,217757,17,396662
51226,0.011847,74.125.24.0-255,2902,220659,17,396662
51227,0.01185,172.31.36.0-255,66,220725,17,396662
51228,0.01383,74.125.24.0-255,5738,226463,17,396662
51229,0.013836,172.31.36.0-255,66,226529,17,396662
51230,0.015839,74.125.24.0-255,5738,232267,17,396662
51231,0.015844,172.31.36.0-255,66,232333,17,396662
51232,0.017842,74.125.24.0-255,5738,238071,17,396662
51233,0.017849,172.31.36.0-255,66,238137,17,396662
51234,0.019854,74.125.24.0-255,5738,243875,17,396662
51235,0.019863,172.31.36.0-255,66,243941,17,396662
51236,0.021839,74.125.24.0-255,5738,249679,17,396662
51237,0.021846,172.31.36.0-255,66,249745,17,396662
51238,0.023835,74.125.24.0-255,5738,255483,17,396662
51239,0.023841,172.31.36.0-255,66,255549,17,396662
51240,0.025836,74.125.24.0-255,5738,261287,17,396662
51241,0.025844,172.31.36.0-255,66,261353,17,396662
51242,0.027832,74.125.24.0-255,5738,267091,17,396662
51243,0.027839,172.31.36.0-255,66,267157,17,396662
51244,0.029851,74.125.24.0-255,5738,272895,17,396662
51245,0.02986,172.31.36.0-255,66,272961,17,396662
51246,0.031856,74.125.24.0-255,5738,278699,17,396662
51247,0.031864,172.31.36.0-255,66,278765,17,396662
51248,0.033855,74.125.24.0-255,5738,284503,17,396662
51249,0.033862,172.31.36.0-255,66,284569,17,396662
51250,0.034784,172.31.36.0-255,172,284741,17,396662
51251,0.034815,172.31.36.0-255,1116,285857,17,396662
51252,0.034853,172.31.36.0-255,1514,287371,17,396662
51253,0.034855,172.31.36.0-255,1272,288643,17,396662
51254,0.035832,74.125.24.0-255,2902,291545,17,396662
51255,0.035838,172.31.36.0-255,66,291611,17,396662
51256,0.035871,74.125.24.0-255,2902,294513,17,396662
51257,0.035875,172.31.36.0-255,66,294579,17,396662
51258,0.036325,104.244.42.0-255,66,294645,17,396662
51259,0.03637,104.244.42.0-255,66,294711,17,396662
51260,0.036394,104.244.42.0-255,66,294777,17,396662
51261,0.036969,104.244.42.0-255,108,294885,17,396662
51262,0.036989,172.31.36.0-255,66,294951,17,396662
51263,0.037808,74.125.24.0-255,2902,297853,17,396662
51264,0.037812,172.31.36.0-255,66,297919,17,396662
51265,0.037862,74.125.24.0-255,2902,300821,17,396662
51266,0.037867,172.31.36.0-255,66,300887,17,396662
51267,0.039775,74.125.24.0-255,2902,303789,17,396662
51268,0.03978,172.31.36.0-255,66,303855,17,396662
51269,0.039852,74.125.24.0-255,2902,306757,17,396662
51270,0.039857,172.31.36.0-255,66,306823,17,396662
51271,0.041765,74.125.24.0-255,2902,309725,17,396662
51272,0.041771,172.31.36.0-255,66,309791,17,396662
51273,0.04185,74.125.24.0-255,2902,312693,17,396662
51274,0.041855,172.31.36.0-255,66,312759,17,396662
51275,0.043771,74.125.24.0-255,2902,315661,17,396662
51276,0.043776,172.31.36.0-255,66,315727,17,396662
51277,0.043831,74.125.24.0-255,2902,318629,17,396662
51278,0.043835,172.31.36.0-255,66,318695,17,396662
51279,0.045739,74.125.24.0-255,2902,321597,17,396662
51280,0.045759,172.31.36.0-255,66,321663,17,396662
51281,0.045813,74.125.24.0-255,2902,324565,17,396662
51282,0.045818,172.31.36.0-255,66,324631,17,396662
51283,0.047737,74.125.24.0-255,2902,327533,17,396662
51284,0.047743,172.31.36.0-255,66,327599,17,396662
51285,0.047787,74.125.24.0-255,1484,329083,17,396662
51286,0.0478,74.125.24.0-255,1484,330567,17,396662
51287,0.047803,172.31.36.0-255,66,330633,17,396662
51288,0.049858,74.125.24.0-255,5738,336371,17,396662
51289,0.049864,172.31.36.0-255,66,336437,17,396662
51290,0.051844,74.125.24.0-255,5738,342175,17,396662
51291,0.05185,172.31.36.0-255,66,342241,17,396662
51292,0.053866,74.125.24.0-255,5738,347979,17,396662
51293,0.053872,172.31.36.0-255,66,348045,17,396662
51294,0.055892,74.125.24.0-255,5738,353783,17,396662
51295,0.055897,172.31.36.0-255,66,353849,17,396662
51296,0.057871,74.125.24.0-255,4320,358169,17,396662
51297,0.057887,172.31.36.0-255,66,358235,17,396662
51298,0.057936,74.125.24.0-255,1484,359719,17,396662
51299,0.059872,74.125.24.0-255,4320,364039,17,396662
51300,0.059877,172.31.36.0-255,66,364105,17,396662
51301,0.061901,74.125.24.0-255,5738,369843,17,396662
51302,0.061906,172.31.36.0-255,66,369909,17,396662
51303,0.063889,74.125.24.0-255,5738,375647,17,396662
51304,0.063894,172.31.36.0-255,66,375713,17,396662
51305,0.065902,74.125.24.0-255,5738,381451,17,396662
51306,0.065907,172.31.36.0-255,66,381517,17,396662
51307,0.067898,74.125.24.0-255,5738,387255,17,396662
51308,0.067904,172.31.36.0-255,66,387321,17,396662
51309,0.069902,74.125.24.0-255,4320,391641,17,396662
51310,0.069907,172.31.36.0-255,66,391707,17,396662
51311,0.069933,74.125.24.0-255,1484,393191,17,396662
51312,0.07188,74.125.24.0-255,3234,396425,17,396662
51313,0.071886,172.31.36.0-255,66,396491,17,396662
51314,0.07207,172.31.36.0-255,105,396596,17,396662
51315,0.07403,74.125.24.0-255,66,396662,17,396662
51316,0.0,172.217.194.0-255,66,66,17,295
51317,0.001222,172.217.194.0-255,97,163,17,295
51318,0.007136,172.217.194.0-255,66,229,17,295
51319,0.039679,172.31.36.0-255,66,295,17,295
51320,0.0,74.125.24.0-255,153,153,17,179789
51321,2.5e-05,172.31.36.0-255,66,219,17,179789
51322,3.2e-05,74.125.24.0-255,1484,1703,17,179789
51323,3.6e-05,172.31.36.0-255,66,1769,17,179789
51324,5e-05,74.125.24.0-255,2902,4671,17,179789
51325,5.5e-05,172.31.36.0-255,66,4737,17,179789
51326,6.1e-05,74.125.24.0-255,4320,9057,17,179789
51327,6.4e-05,172.31.36.0-255,66,9123,17,179789
51328,7e-05,74.125.24.0-255,4927,14050,17,179789
51329,7.3e-05,172.31.36.0-255,66,14116,17,179789
51330,0.000177,74.125.24.0-255,1484,15600,17,179789
51331,0.000181,172.31.36.0-255,66,15666,17,179789
51332,0.000213,74.125.24.0-255,2902,18568,17,179789
51333,0.000216,172.31.36.0-255,66,18634,17,179789
51334,0.000244,74.125.24.0-255,5738,24372,17,179789
51335,0.000248,172.31.36.0-255,66,24438,17,179789
51336,0.000293,74.125.24.0-255,6797,31235,17,179789
51337,0.000296,172.31.36.0-255,66,31301,17,179789
51338,0.000446,74.125.24.0-255,1484,32785,17,179789
51339,0.000451,172.31.36.0-255,66,32851,17,179789
51340,0.000457,74.125.24.0-255,2902,35753,17,179789
51341,0.000459,172.31.36.0-255,66,35819,17,179789
51342,0.000494,74.125.24.0-255,5738,41557,17,179789
51343,0.000497,172.31.36.0-255,66,41623,17,179789
51344,0.000502,74.125.24.0-255,4320,45943,17,179789
51345,0.000504,172.31.36.0-255,66,46009,17,179789
51346,0.000537,74.125.24.0-255,7156,53165,17,179789
51347,0.00054,172.31.36.0-255,66,53231,17,179789
51348,0.000561,74.125.24.0-255,5379,58610,17,179789
51349,0.000563,172.31.36.0-255,66,58676,17,179789
51350,0.00057,74.125.24.0-255,5738,64414,17,179789
51351,0.000574,172.31.36.0-255,66,64480,17,179789
51352,0.000599,74.125.24.0-255,1400,65880,17,179789
51353,0.000893,74.125.24.0-255,125,66005,17,179789
51354,0.001026,74.125.24.0-255,1484,67489,17,179789
51355,0.00103,172.31.36.0-255,66,67555,17,179789
51356,0.001038,74.125.24.0-255,2902,70457,17,179789
51357,0.00104,172.31.36.0-255,66,70523,17,179789
51358,0.001052,74.125.24.0-255,5738,76261,17,179789
51359,0.001054,172.31.36.0-255,66,76327,17,179789
51360,0.001092,172.31.36.0-255,66,76393,17,179789
51361,0.001125,74.125.24.0-255,5379,81772,17,179789
51362,0.001128,172.31.36.0-255,66,81838,17,179789
51363,0.001139,172.31.36.0-255,66,81904,17,179789
51364,0.001731,74.125.24.0-255,1484,83388,17,179789
51365,0.001742,74.125.24.0-255,2902,86290,17,179789
51366,0.001746,172.31.36.0-255,66,86356,17,179789
51367,0.001752,74.125.24.0-255,1484,87840,17,179789
51368,0.001779,74.125.24.0-255,4320,92160,17,179789
51369,0.001782,172.31.36.0-255,66,92226,17,179789
51370,0.0018,172.31.36.0-255,66,92292,17,179789
51371,0.001814,172.31.36.0-255,66,92358,17,179789
51372,0.001968,74.125.24.0-255,1484,93842,17,179789
51373,0.001976,74.125.24.0-255,2902,96744,17,179789
51374,0.00198,172.31.36.0-255,66,96810,17,179789
51375,0.001984,74.125.24.0-255,1484,98294,17,179789
51376,0.002013,74.125.24.0-255,4320,102614,17,179789
51377,0.002016,172.31.36.0-255,66,102680,17,179789
51378,0.002027,172.31.36.0-255,66,102746,17,179789
51379,0.002087,172.31.36.0-255,66,102812,17,179789
51380,0.002148,172.31.36.0-255,66,102878,17,179789
51381,0.002186,172.31.36.0-255,66,102944,17,179789
51382,0.00221,74.125.24.0-255,4320,107264,17,179789
51383,0.002213,172.31.36.0-255,66,107330,17,179789
51384,0.002216,74.125.24.0-255,766,108096,17,179789
51385,0.002254,74.125.24.0-255,1484,109580,17,179789
51386,0.002257,172.31.36.0-255,66,109646,17,179789
51387,0.002261,74.125.24.0-255,1484,111130,17,179789
51388,0.002291,74.125.24.0-255,1484,112614,17,179789
51389,0.002294,172.31.36.0-255,66,112680,17,179789
51390,0.002299,74.125.24.0-255,4320,117000,17,179789
51391,0.002302,172.31.36.0-255,66,117066,17,179789
51392,0.00237,74.125.24.0-255,2902,119968,17,179789
51393,0.002373,172.31.36.0-255,66,120034,17,179789
51394,0.002398,74.125.24.0-255,4320,124354,17,179789
51395,0.002401,172.31.36.0-255,66,124420,17,179789
51396,0.002433,172.31.36.0-255,66,124486,17,179789
51397,0.002483,172.31.36.0-255,66,124552,17,179789
51398,0.002579,74.125.24.0-255,1484,126036,17,179789
51399,0.002594,74.125.24.0-255,2902,128938,17,179789
51400,0.002597,172.31.36.0-255,66,129004,17,179789
51401,0.002623,74.125.24.0-255,5738,134742,17,179789
51402,0.002627,172.31.36.0-255,66,134808,17,179789
51403,0.002664,172.31.36.0-255,66,134874,17,179789
51404,0.002712,172.31.36.0-255,66,134940,17,179789
51405,0.002732,172.31.36.0-255,66,135006,17,179789
51406,0.002754,74.125.24.0-255,1484,136490,17,179789
51407,0.002757,74.125.24.0-255,1484,137974,17,179789
51408,0.00276,172.31.36.0-255,78,138052,17,179789
51409,0.002775,172.31.36.0-255,78,138130,17,179789
51410,0.002819,172.31.36.0-255,66,138196,17,179789
51411,0.002835,172.31.36.0-255,66,138262,17,179789
51412,0.002838,74.125.24.0-255,1484,139746,17,179789
51413,0.002841,74.125.24.0-255,1484,141230,17,179789
51414,0.002844,172.31.36.0-255,66,141296,17,179789
51415,0.002856,74.125.24.0-255,1484,142780,17,179789
51416,0.002879,74.125.24.0-255,5738,148518,17,179789
51417,0.002882,172.31.36.0-255,66,148584,17,179789
51418,0.002915,172.31.36.0-255,66,148650,17,179789
51419,0.002962,74.125.24.0-255,1484,150134,17,179789
51420,0.002994,172.31.36.0-255,66,150200,17,179789
51421,0.002997,74.125.24.0-255,1484,151684,17,179789
51422,0.003002,74.125.24.0-255,2902,154586,17,179789
51423,0.003004,172.31.36.0-255,66,154652,17,179789
51424,0.003011,74.125.24.0-255,5738,160390,17,179789
51425,0.003014,172.31.36.0-255,66,160456,17,179789
51426,0.003018,74.125.24.0-255,2902,163358,17,179789
51427,0.00302,172.31.36.0-255,66,163424,17,179789
51428,0.003023,74.125.24.0-255,1484,164908,17,179789
51429,0.003065,172.31.36.0-255,66,164974,17,179789
51430,0.003078,172.31.36.0-255,66,165040,17,179789
51431,0.003132,74.125.24.0-255,1484,166524,17,179789
51432,0.003147,74.125.24.0-255,2902,169426,17,179789
51433,0.00315,172.31.36.0-255,66,169492,17,179789
51434,0.003178,74.125.24.0-255,5617,175109,17,179789
51435,0.003181,172.31.36.0-255,66,175175,17,179789
51436,0.003257,74.125.24.0-255,105,175280,17,179789
51437,0.010156,172.31.36.0-255,66,175346,17,179789
51438,0.010195,172.31.36.0-255,105,175451,17,179789
51439,0.01245,74.125.24.0-255,66,175517,17,179789
51440,0.032945,172.31.36.0-255,172,175689,17,179789
51441,0.032996,172.31.36.0-255,1118,176807,17,179789
51442,0.033063,172.31.36.0-255,1514,178321,17,179789
51443,0.033065,172.31.36.0-255,1270,179591,17,179789
51444,0.034554,104.244.42.0-255,66,179657,17,179789
51445,0.034594,104.244.42.0-255,66,179723,17,179789
51446,0.034646,104.244.42.0-255,66,179789,17,179789
51447,0.0,74.125.24.0-255,152,152,17,232732
51448,1.8e-05,172.31.36.0-255,66,218,17,232732
51449,2.5e-05,74.125.24.0-255,1484,1702,17,232732
51450,3e-05,172.31.36.0-255,66,1768,17,232732
51451,3.4e-05,74.125.24.0-255,2902,4670,17,232732
51452,3.8e-05,172.31.36.0-255,66,4736,17,232732
51453,4.5e-05,74.125.24.0-255,7156,11892,17,232732
51454,4.8e-05,172.31.36.0-255,66,11958,17,232732
51455,5.2e-05,74.125.24.0-255,2067,14025,17,232732
51456,5.4e-05,172.31.36.0-255,66,14091,17,232732
51457,0.000122,74.125.24.0-255,1484,15575,17,232732
51458,0.000125,172.31.36.0-255,66,15641,17,232732
51459,0.00014,74.125.24.0-255,2902,18543,17,232732
51460,0.000143,172.31.36.0-255,66,18609,17,232732
51461,0.000173,74.125.24.0-255,5738,24347,17,232732
51462,0.000176,172.31.36.0-255,66,24413,17,232732
51463,0.000183,74.125.24.0-255,6797,31210,17,232732
51464,0.000185,172.31.36.0-255,66,31276,17,232732
51465,0.000208,74.125.24.0-255,1484,32760,17,232732
51466,0.000211,172.31.36.0-255,66,32826,17,232732
51467,0.000215,74.125.24.0-255,2902,35728,17,232732
51468,0.000216,172.31.36.0-255,66,35794,17,232732
51469,0.000228,74.125.24.0-255,2902,38696,17,232732
51470,0.00023,172.31.36.0-255,66,38762,17,232732
51471,0.000249,74.125.24.0-255,2902,41664,17,232732
51472,0.000251,172.31.36.0-255,66,41730,17,232732
51473,0.000276,74.125.24.0-255,6797,48527,17,232732
51474,0.000278,172.31.36.0-255,66,48593,17,232732
51475,0.000611,74.125.24.0-255,1484,50077,17,232732
51476,0.000619,172.31.36.0-255,66,50143,17,232732
51477,0.000634,74.125.24.0-255,2902,53045,17,232732
51478,0.000637,172.31.36.0-255,66,53111,17,232732
51479,0.000642,74.125.24.0-255,2902,56013,17,232732
51480,0.000645,172.31.36.0-255,66,56079,17,232732
51481,0.00067,74.125.24.0-255,2902,58981,17,232732
51482,0.000672,172.31.36.0-255,66,59047,17,232732
51483,0.00068,74.125.24.0-255,6797,65844,17,232732
51484,0.000682,172.31.36.0-255,66,65910,17,232732
51485,0.000709,74.125.24.0-255,646,66556,17,232732
51486,0.000953,172.31.36.0-255,66,66622,17,232732
51487,0.001255,74.125.24.0-255,1484,68106,17,232732
51488,0.001265,74.125.24.0-255,2902,71008,17,232732
51489,0.001269,172.31.36.0-255,66,71074,17,232732
51490,0.001294,74.125.24.0-255,5738,76812,17,232732
51491,0.001296,172.31.36.0-255,66,76878,17,232732
51492,0.001304,74.125.24.0-255,4320,81198,17,232732
51493,0.001306,172.31.36.0-255,66,81264,17,232732
51494,0.001331,172.31.36.0-255,66,81330,17,232732
51495,0.00134,172.31.36.0-255,66,81396,17,232732
51496,0.001383,74.125.24.0-255,2184,83580,17,232732
51497,0.001386,172.31.36.0-255,66,83646,17,232732
51498,0.001447,74.125.24.0-255,1484,85130,17,232732
51499,0.001453,74.125.24.0-255,1484,86614,17,232732
51500,0.001456,172.31.36.0-255,66,86680,17,232732
51501,0.001471,74.125.24.0-255,1484,88164,17,232732
51502,0.001477,74.125.24.0-255,4320,92484,17,232732
51503,0.001479,172.31.36.0-255,66,92550,17,232732
51504,0.001495,74.125.24.0-255,1484,94034,17,232732
51505,0.001529,74.125.24.0-255,5738,99772,17,232732
51506,0.001532,172.31.36.0-255,66,99838,17,232732
51507,0.001555,74.125.24.0-255,7156,106994,17,232732
51508,0.001559,172.31.36.0-255,66,107060,17,232732
51509,0.00161,74.125.24.0-255,2902,109962,17,232732
51510,0.001613,172.31.36.0-255,66,110028,17,232732
51511,0.001641,172.31.36.0-255,66,110094,17,232732
51512,0.001689,172.31.36.0-255,66,110160,17,232732
51513,0.001703,172.31.36.0-255,66,110226,17,232732
51514,0.001713,172.31.36.0-255,66,110292,17,232732
51515,0.001716,74.125.24.0-255,1484,111776,17,232732
51516,0.00172,74.125.24.0-255,2902,114678,17,232732
51517,0.001722,172.31.36.0-255,66,114744,17,232732
51518,0.001728,74.125.24.0-255,5738,120482,17,232732
51519,0.001731,172.31.36.0-255,66,120548,17,232732
51520,0.001737,74.125.24.0-255,5738,126286,17,232732
51521,0.001739,172.31.36.0-255,66,126352,17,232732
51522,0.001745,74.125.24.0-255,7156,133508,17,232732
51523,0.001748,172.31.36.0-255,66,133574,17,232732
51524,0.001806,172.31.36.0-255,66,133640,17,232732
51525,0.001822,74.125.24.0-255,2902,136542,17,232732
51526,0.001824,172.31.36.0-255,66,136608,17,232732
51527,0.001846,172.31.36.0-255,66,136674,17,232732
51528,0.001858,172.31.36.0-255,66,136740,17,232732
51529,0.001872,74.125.24.0-255,1484,138224,17,232732
51530,0.001904,172.31.36.0-255,66,138290,17,232732
51531,0.001933,74.125.24.0-255,1484,139774,17,232732
51532,0.001953,74.125.24.0-255,2902,142676,17,232732
51533,0.001955,172.31.36.0-255,66,142742,17,232732
51534,0.001961,74.125.24.0-255,5738,148480,17,232732
51535,0.001963,172.31.36.0-255,66,148546,17,232732
51536,0.001975,74.125.24.0-255,4320,152866,17,232732
51537,0.001977,172.31.36.0-255,66,152932,17,232732
51538,0.001989,74.125.24.0-255,1484,154416,17,232732
51539,0.002001,74.125.24.0-255,5738,160154,17,232732
51540,0.002003,172.31.36.0-255,66,160220,17,232732
51541,0.002031,74.125.24.0-255,7156,167376,17,232732
51542,0.002033,172.31.36.0-255,66,167442,17,232732
51543,0.002039,74.125.24.0-255,5020,172462,17,232732
51544,0.002041,172.31.36.0-255,66,172528,17,232732
51545,0.00207,74.125.24.0-255,1484,174012,17,232732
51546,0.002073,74.125.24.0-255,1484,175496,17,232732
51547,0.002075,172.31.36.0-255,66,175562,17,232732
51548,0.002091,74.125.24.0-255,1484,177046,17,232732
51549,0.002096,74.125.24.0-255,2902,179948,17,232732
51550,0.002098,172.31.36.0-255,66,180014,17,232732
51551,0.002118,74.125.24.0-255,2902,182916,17,232732
51552,0.00212,172.31.36.0-255,66,182982,17,232732
51553,0.002134,172.31.36.0-255,66,183048,17,232732
51554,0.002139,74.125.24.0-255,4320,187368,17,232732
51555,0.002141,172.31.36.0-255,66,187434,17,232732
51556,0.002172,74.125.24.0-255,6438,193872,17,232732
51557,0.002176,172.31.36.0-255,66,193938,17,232732
51558,0.002265,74.125.24.0-255,1484,195422,17,232732
51559,0.00228,74.125.24.0-255,2902,198324,17,232732
51560,0.002282,172.31.36.0-255,66,198390,17,232732
51561,0.002287,74.125.24.0-255,2902,201292,17,232732
51562,0.002289,172.31.36.0-255,66,201358,17,232732
51563,0.002303,74.125.24.0-255,2902,204260,17,232732
51564,0.002306,172.31.36.0-255,66,204326,17,232732
51565,0.002312,74.125.24.0-255,7156,211482,17,232732
51566,0.002315,172.31.36.0-255,66,211548,17,232732
51567,0.002355,172.31.36.0-255,66,211614,17,232732
51568,0.002376,74.125.24.0-255,5020,216634,17,232732
51569,0.002379,172.31.36.0-255,66,216700,17,232732
51570,0.002382,74.125.24.0-255,1484,218184,17,232732
51571,0.002385,74.125.24.0-255,1484,219668,17,232732
51572,0.002387,172.31.36.0-255,66,219734,17,232732
51573,0.002396,172.31.36.0-255,66,219800,17,232732
51574,0.002399,74.125.24.0-255,1484,221284,17,232732
51575,0.002425,74.125.24.0-255,5738,227022,17,232732
51576,0.002427,172.31.36.0-255,66,227088,17,232732
51577,0.002461,172.31.36.0-255,66,227154,17,232732
51578,0.002491,74.125.24.0-255,766,227920,17,232732
51579,0.002506,172.31.36.0-255,66,227986,17,232732
51580,0.002522,172.31.36.0-255,66,228052,17,232732
51581,0.002586,172.31.36.0-255,66,228118,17,232732
51582,0.002589,74.125.24.0-255,105,228223,17,232732
51583,0.007128,172.31.36.0-255,66,228289,17,232732
51584,0.007155,172.31.36.0-255,105,228394,17,232732
51585,0.009186,74.125.24.0-255,66,228460,17,232732
51586,0.031727,172.31.36.0-255,172,228632,17,232732
51587,0.031761,172.31.36.0-255,1117,229749,17,232732
51588,0.031796,172.31.36.0-255,1514,231263,17,232732
51589,0.031798,172.31.36.0-255,1271,232534,17,232732
51590,0.033289,104.244.42.0-255,66,232600,17,232732
51591,0.033326,104.244.42.0-255,66,232666,17,232732
51592,0.033371,104.244.42.0-255,66,232732,17,232732
51593,0.0,172.217.194.0-255,153,153,17,364800
51594,1.6e-05,172.31.36.0-255,66,219,17,364800
51595,2.3e-05,172.217.194.0-255,1484,1703,17,364800
51596,2.6e-05,172.31.36.0-255,66,1769,17,364800
51597,3.2e-05,172.217.194.0-255,2902,4671,17,364800
51598,3.4e-05,172.31.36.0-255,66,4737,17,364800
51599,5.2e-05,172.217.194.0-255,7156,11893,17,364800
51600,5.6e-05,172.31.36.0-255,66,11959,17,364800
51601,6.1e-05,172.217.194.0-255,1994,13953,17,364800
51602,6.4e-05,172.31.36.0-255,66,14019,17,364800
51603,0.000103,172.217.194.0-255,7156,21175,17,364800
51604,0.000108,172.31.36.0-255,66,21241,17,364800
51605,0.00012,172.31.36.0-255,66,21307,17,364800
51606,0.000148,172.217.194.0-255,1125,22432,17,364800
51607,0.000151,172.31.36.0-255,66,22498,17,364800
51608,0.000243,172.217.194.0-255,1484,23982,17,364800
51609,0.000248,172.31.36.0-255,66,24048,17,364800
51610,0.000256,172.217.194.0-255,2902,26950,17,364800
51611,0.000259,172.31.36.0-255,66,27016,17,364800
51612,0.000269,172.217.194.0-255,2902,29918,17,364800
51613,0.000271,172.31.36.0-255,66,29984,17,364800
51614,0.000296,172.217.194.0-255,2902,32886,17,364800
51615,0.0003,172.31.36.0-255,66,32952,17,364800
51616,0.000313,172.217.194.0-255,4320,37272,17,364800
51617,0.000316,172.31.36.0-255,66,37338,17,364800
51618,0.000343,172.217.194.0-255,2543,39881,17,364800
51619,0.000346,172.31.36.0-255,66,39947,17,364800
51620,0.000353,172.217.194.0-255,7156,47103,17,364800
51621,0.000357,172.31.36.0-255,66,47169,17,364800
51622,0.000369,172.217.194.0-255,7156,54325,17,364800
51623,0.000372,172.31.36.0-255,66,54391,17,364800
51624,0.000402,172.217.194.0-255,2543,56934,17,364800
51625,0.000407,172.31.36.0-255,66,57000,17,364800
51626,0.000524,172.217.194.0-255,646,57646,17,364800
51627,0.000627,172.217.194.0-255,1484,59130,17,364800
51628,0.000631,172.31.36.0-255,66,59196,17,364800
51629,0.000635,172.217.194.0-255,1484,60680,17,364800
51630,0.000663,172.217.194.0-255,1484,62164,17,364800
51631,0.000666,172.31.36.0-255,66,62230,17,364800
51632,0.000673,172.217.194.0-255,5738,67968,17,364800
51633,0.000676,172.31.36.0-255,66,68034,17,364800
51634,0.000687,172.217.194.0-255,2902,70936,17,364800
51635,0.00069,172.31.36.0-255,66,71002,17,364800
51636,0.000734,172.31.36.0-255,66,71068,17,364800
51637,0.000741,172.217.194.0-255,7156,78224,17,364800
51638,0.000746,172.31.36.0-255,66,78290,17,364800
51639,0.000764,172.217.194.0-255,3602,81892,17,364800
51640,0.000767,172.31.36.0-255,66,81958,17,364800
51641,0.001833,172.217.194.0-255,1484,83442,17,364800
51642,0.001843,172.217.194.0-255,2902,86344,17,364800
51643,0.001848,172.31.36.0-255,66,86410,17,364800
51644,0.001857,172.217.194.0-255,5738,92148,17,364800
51645,0.001859,172.31.36.0-255,66,92214,17,364800
51646,0.001906,172.31.36.0-255,66,92280,17,364800
51647,0.001938,172.31.36.0-255,66,92346,17,364800
51648,0.001953,172.217.194.0-255,2184,94530,17,364800
51649,0.001956,172.31.36.0-255,66,94596,17,364800
51650,0.00214,172.217.194.0-255,1484,96080,17,364800
51651,0.002146,172.217.194.0-255,2902,98982,17,364800
51652,0.002148,172.31.36.0-255,66,99048,17,364800
51653,0.002153,172.217.194.0-255,4320,103368,17,364800
51654,0.002155,172.31.36.0-255,66,103434,17,364800
51655,0.002184,172.217.194.0-255,1484,104918,17,364800
51656,0.002197,172.31.36.0-255,66,104984,17,364800
51657,0.002253,172.217.194.0-255,5738,110722,17,364800
51658,0.002256,172.31.36.0-255,66,110788,17,364800
51659,0.002282,172.217.194.0-255,5020,115808,17,364800
51660,0.002284,172.31.36.0-255,66,115874,17,364800
51661,0.004497,172.217.194.0-255,4320,120194,17,364800
51662,0.004503,172.31.36.0-255,66,120260,17,364800
51663,0.004531,172.217.194.0-255,1484,121744,17,364800
51664,0.006808,172.217.194.0-255,4320,126064,17,364800
51665,0.006813,172.31.36.0-255,66,126130,17,364800
51666,0.009084,172.217.194.0-255,4320,130450,17,364800
51667,0.009091,172.31.36.0-255,66,130516,17,364800
51668,0.009117,172.217.194.0-255,1484,132000,17,364800
51669,0.011295,172.217.194.0-255,4320,136320,17,364800
51670,0.011302,172.31.36.0-255,66,136386,17,364800
51671,0.013579,172.217.194.0-255,5738,142124,17,364800
51672,0.013587,172.31.36.0-255,66,142190,17,364800
51673,0.015857,172.217.194.0-255,5738,147928,17,364800
51674,0.015866,172.31.36.0-255,66,147994,17,364800
51675,0.018106,172.217.194.0-255,5738,153732,17,364800
51676,0.018112,172.31.36.0-255,66,153798,17,364800
51677,0.020356,172.217.194.0-255,5738,159536,17,364800
51678,0.020363,172.31.36.0-255,66,159602,17,364800
51679,0.022651,172.217.194.0-255,5738,165340,17,364800
51680,0.022657,172.31.36.0-255,66,165406,17,364800
51681,0.024868,172.217.194.0-255,5738,171144,17,364800
51682,0.024874,172.31.36.0-255,66,171210,17,364800
51683,0.027074,172.217.194.0-255,5738,176948,17,364800
51684,0.027079,172.31.36.0-255,66,177014,17,364800
51685,0.027371,172.31.36.0-255,188,177202,17,364800
51686,0.027408,172.31.36.0-255,961,178163,17,364800
51687,0.027473,172.31.36.0-255,1514,179677,17,364800
51688,0.027475,172.31.36.0-255,1514,181191,17,364800
51689,0.027476,172.31.36.0-255,1514,182705,17,364800
51690,0.027477,172.31.36.0-255,1205,183910,17,364800
51691,0.028939,104.244.42.0-255,66,183976,17,364800
51692,0.029119,104.244.42.0-255,66,184042,17,364800
51693,0.029121,104.244.42.0-255,66,184108,17,364800
51694,0.029124,104.244.42.0-255,66,184174,17,364800
51695,0.029272,172.217.194.0-255,2902,187076,17,364800
51696,0.029275,172.31.36.0-255,66,187142,17,364800
51697,0.029313,172.217.194.0-255,2902,190044,17,364800
51698,0.029316,172.31.36.0-255,66,190110,17,364800
51699,0.030167,104.244.42.0-255,108,190218,17,364800
51700,0.03019,172.31.36.0-255,66,190284,17,364800
51701,0.031528,172.217.194.0-255,5738,196022,17,364800
51702,0.031531,172.31.36.0-255,66,196088,17,364800
51703,0.033827,172.217.194.0-255,5738,201826,17,364800
51704,0.033834,172.31.36.0-255,66,201892,17,364800
51705,0.036135,172.217.194.0-255,5738,207630,17,364800
51706,0.03614,172.31.36.0-255,66,207696,17,364800
51707,0.038408,172.217.194.0-255,5738,213434,17,364800
51708,0.038413,172.31.36.0-255,66,213500,17,364800
51709,0.040619,172.217.194.0-255,5738,219238,17,364800
51710,0.040624,172.31.36.0-255,66,219304,17,364800
51711,0.042878,172.217.194.0-255,5738,225042,17,364800
51712,0.042882,172.31.36.0-255,66,225108,17,364800
51713,0.045107,172.217.194.0-255,4320,229428,17,364800
51714,0.045111,172.31.36.0-255,66,229494,17,364800
51715,0.045141,172.217.194.0-255,1484,230978,17,364800
51716,0.047364,172.217.194.0-255,4320,235298,17,364800
51717,0.04737,172.31.36.0-255,66,235364,17,364800
51718,0.049594,172.217.194.0-255,5738,241102,17,364800
51719,0.0496,172.31.36.0-255,66,241168,17,364800
51720,0.051835,172.217.194.0-255,5738,246906,17,364800
51721,0.051841,172.31.36.0-255,66,246972,17,364800
51722,0.054093,172.217.194.0-255,5738,252710,17,364800
51723,0.054099,172.31.36.0-255,66,252776,17,364800
51724,0.056303,172.217.194.0-255,5738,258514,17,364800
51725,0.056308,172.31.36.0-255,66,258580,17,364800
51726,0.058563,172.217.194.0-255,5738,264318,17,364800
51727,0.058568,172.31.36.0-255,66,264384,17,364800
51728,0.060783,172.217.194.0-255,4320,268704,17,364800
51729,0.060789,172.31.36.0-255,66,268770,17,364800
51730,0.060824,172.217.194.0-255,1484,270254,17,364800
51731,0.063049,172.217.194.0-255,4320,274574,17,364800
51732,0.063053,172.31.36.0-255,66,274640,17,364800
51733,0.065283,172.217.194.0-255,5738,280378,17,364800
51734,0.065289,172.31.36.0-255,66,280444,17,364800
51735,0.067556,172.217.194.0-255,5738,286182,17,364800
51736,0.067561,172.31.36.0-255,66,286248,17,364800
51737,0.069813,172.217.194.0-255,5738,291986,17,364800
51738,0.069819,172.31.36.0-255,66,292052,17,364800
51739,0.072066,172.217.194.0-255,5738,297790,17,364800
51740,0.072071,172.31.36.0-255,66,297856,17,364800
51741,0.074305,172.217.194.0-255,5738,303594,17,364800
51742,0.074312,172.31.36.0-255,66,303660,17,364800
51743,0.076527,172.217.194.0-255,5738,309398,17,364800
51744,0.076533,172.31.36.0-255,66,309464,17,364800
51745,0.078741,172.217.194.0-255,5738,315202,17,364800
51746,0.078746,172.31.36.0-255,66,315268,17,364800
51747,0.081034,172.217.194.0-255,5738,321006,17,364800
51748,0.081039,172.31.36.0-255,66,321072,17,364800
51749,0.083267,172.217.194.0-255,5738,326810,17,364800
51750,0.083273,172.31.36.0-255,66,326876,17,364800
51751,0.0855,172.217.194.0-255,5738,332614,17,364800
51752,0.085506,172.31.36.0-255,66,332680,17,364800
51753,0.087737,172.217.194.0-255,5738,338418,17,364800
51754,0.087742,172.31.36.0-255,66,338484,17,364800
51755,0.090023,172.217.194.0-255,4320,342804,17,364800
51756,0.090028,172.31.36.0-255,66,342870,17,364800
51757,0.090059,172.217.194.0-255,1484,344354,17,364800
51758,0.09226,172.217.194.0-255,4320,348674,17,364800
51759,0.092266,172.31.36.0-255,66,348740,17,364800
51760,0.094505,172.217.194.0-255,4320,353060,17,364800
51761,0.094511,172.31.36.0-255,66,353126,17,364800
51762,0.094542,172.217.194.0-255,1484,354610,17,364800
51763,0.096738,172.217.194.0-255,4320,358930,17,364800
51764,0.096743,172.31.36.0-255,66,358996,17,364800
51765,0.099038,172.217.194.0-255,5738,364734,17,364800
51766,0.099045,172.31.36.0-255,66,364800,17,364800
51767,0.0,74.125.24.0-255,152,152,17,311191
51768,2.1e-05,172.31.36.0-255,66,218,17,311191
51769,2.8e-05,74.125.24.0-255,1484,1702,17,311191
51770,3.3e-05,172.31.36.0-255,66,1768,17,311191
51771,3.9e-05,74.125.24.0-255,2902,4670,17,311191
51772,4.2e-05,172.31.36.0-255,66,4736,17,311191
51773,5e-05,74.125.24.0-255,7156,11892,17,311191
51774,5.2e-05,172.31.36.0-255,66,11958,17,311191
51775,5.6e-05,74.125.24.0-255,2076,14034,17,311191
51776,5.9e-05,172.31.36.0-255,66,14100,17,311191
51777,0.000278,74.125.24.0-255,1484,15584,17,311191
51778,0.000283,172.31.36.0-255,66,15650,17,311191
51779,0.000289,74.125.24.0-255,2902,18552,17,311191
51780,0.000292,172.31.36.0-255,66,18618,17,311191
51781,0.000306,74.125.24.0-255,2902,21520,17,311191
51782,0.000308,172.31.36.0-255,66,21586,17,311191
51783,0.000334,74.125.24.0-255,2902,24488,17,311191
51784,0.000337,172.31.36.0-255,66,24554,17,311191
51785,0.000342,74.125.24.0-255,2902,27456,17,311191
51786,0.000344,172.31.36.0-255,66,27522,17,311191
51787,0.000347,74.125.24.0-255,1484,29006,17,311191
51788,0.000349,172.31.36.0-255,66,29072,17,311191
51789,0.000369,74.125.24.0-255,2543,31615,17,311191
51790,0.000372,172.31.36.0-255,66,31681,17,311191
51791,0.000458,74.125.24.0-255,1484,33165,17,311191
51792,0.000462,172.31.36.0-255,66,33231,17,311191
51793,0.000469,74.125.24.0-255,2902,36133,17,311191
51794,0.000471,172.31.36.0-255,66,36199,17,311191
51795,0.000476,74.125.24.0-255,4320,40519,17,311191
51796,0.000479,172.31.36.0-255,66,40585,17,311191
51797,0.000498,74.125.24.0-255,1484,42069,17,311191
51798,0.000501,172.31.36.0-255,66,42135,17,311191
51799,0.000506,74.125.24.0-255,2902,45037,17,311191
51800,0.000521,172.31.36.0-255,66,45103,17,311191
51801,0.000534,74.125.24.0-255,5738,50841,17,311191
51802,0.000539,172.31.36.0-255,66,50907,17,311191
51803,0.000551,74.125.24.0-255,5379,56286,17,311191
51804,0.000559,74.125.24.0-255,5738,62024,17,311191
51805,0.000574,74.125.24.0-255,3961,65985,17,311191
51806,0.000592,172.31.36.0-255,66,66051,17,311191
51807,0.000861,74.125.24.0-255,647,66698,17,311191
51808,0.00089,74.125.24.0-255,1484,68182,17,311191
51809,0.000894,172.31.36.0-255,66,68248,17,311191
51810,0.000913,74.125.24.0-255,4320,72568,17,311191
51811,0.000918,172.31.36.0-255,66,72634,17,311191
51812,0.000942,74.125.24.0-255,5738,78372,17,311191
51813,0.000958,172.31.36.0-255,66,78438,17,311191
51814,0.000964,74.125.24.0-255,4320,82758,17,311191
51815,0.00097,74.125.24.0-255,5738,88496,17,311191
51816,0.000984,74.125.24.0-255,4320,92816,17,311191
51817,0.000988,172.31.36.0-255,66,92882,17,311191
51818,0.001006,74.125.24.0-255,4320,97202,17,311191
51819,0.001018,172.31.36.0-255,66,97268,17,311191
51820,0.001028,74.125.24.0-255,3602,100870,17,311191
51821,0.001039,172.31.36.0-255,66,100936,17,311191
51822,0.001088,74.125.24.0-255,1484,102420,17,311191
51823,0.001092,74.125.24.0-255,2902,105322,17,311191
51824,0.001109,74.125.24.0-255,1484,106806,17,311191
51825,0.001118,172.31.36.0-255,66,106872,17,311191
51826,0.001136,74.125.24.0-255,2902,109774,17,311191
51827,0.001143,74.125.24.0-255,5738,115512,17,311191
51828,0.001146,74.125.24.0-255,1484,116996,17,311191
51829,0.001154,172.31.36.0-255,66,117062,17,311191
51830,0.001176,74.125.24.0-255,1484,118546,17,311191
51831,0.001201,74.125.24.0-255,6438,124984,17,311191
51832,0.001209,172.31.36.0-255,66,125050,17,311191
51833,0.001365,74.125.24.0-255,1484,126534,17,311191
51834,0.001399,74.125.24.0-255,2902,129436,17,311191
51835,0.001403,172.31.36.0-255,66,129502,17,311191
51836,0.001408,74.125.24.0-255,2902,132404,17,311191
51837,0.001415,172.31.36.0-255,66,132470,17,311191
51838,0.001425,74.125.24.0-255,2902,135372,17,311191
51839,0.001427,74.125.24.0-255,1484,136856,17,311191
51840,0.001432,172.31.36.0-255,66,136922,17,311191
51841,0.001441,74.125.24.0-255,2902,139824,17,311191
51842,0.001466,172.31.36.0-255,66,139890,17,311191
51843,0.001499,74.125.24.0-255,1484,141374,17,311191
51844,0.001503,74.125.24.0-255,1484,142858,17,311191
51845,0.00151,172.31.36.0-255,66,142924,17,311191
51846,0.001524,74.125.24.0-255,1484,144408,17,311191
51847,0.001531,74.125.24.0-255,5738,150146,17,311191
51848,0.001544,74.125.24.0-255,2902,153048,17,311191
51849,0.001552,172.31.36.0-255,66,153114,17,311191
51850,0.001594,74.125.24.0-255,6438,159552,17,311191
51851,0.001605,172.31.36.0-255,66,159618,17,311191
51852,0.001797,74.125.24.0-255,1484,161102,17,311191
51853,0.001803,74.125.24.0-255,2902,164004,17,311191
51854,0.001806,172.31.36.0-255,66,164070,17,311191
51855,0.001811,74.125.24.0-255,2902,166972,17,311191
51856,0.001828,74.125.24.0-255,2902,169874,17,311191
51857,0.001862,74.125.24.0-255,1484,171358,17,311191
51858,0.001903,172.31.36.0-255,66,171424,17,311191
51859,0.001993,74.125.24.0-255,1484,172908,17,311191
51860,0.002009,74.125.24.0-255,2902,175810,17,311191
51861,0.002013,74.125.24.0-255,2902,178712,17,311191
51862,0.002022,172.31.36.0-255,66,178778,17,311191
51863,0.002035,74.125.24.0-255,2902,181680,17,311191
51864,0.002041,74.125.24.0-255,4320,186000,17,311191
51865,0.002055,74.125.24.0-255,2902,188902,17,311191
51866,0.00208,74.125.24.0-255,5020,193922,17,311191
51867,0.002086,172.31.36.0-255,66,193988,17,311191
51868,0.002105,74.125.24.0-255,1484,195472,17,311191
51869,0.002125,74.125.24.0-255,2902,198374,17,311191
51870,0.002128,74.125.24.0-255,1484,199858,17,311191
51871,0.002139,172.31.36.0-255,66,199924,17,311191
51872,0.002149,74.125.24.0-255,4320,204244,17,311191
51873,0.002152,74.125.24.0-255,1484,205728,17,311191
51874,0.002161,172.31.36.0-255,66,205794,17,311191
51875,0.002183,74.125.24.0-255,5738,211532,17,311191
51876,0.002212,74.125.24.0-255,1484,213016,17,311191
51877,0.00225,74.125.24.0-255,4320,217336,17,311191
51878,0.002276,74.125.24.0-255,7156,224492,17,311191
51879,0.002302,74.125.24.0-255,3602,228094,17,311191
51880,0.00232,74.125.24.0-255,7156,235250,17,311191
51881,0.002325,74.125.24.0-255,5738,240988,17,311191
51882,0.002349,74.125.24.0-255,2902,243890,17,311191
51883,0.002355,74.125.24.0-255,5020,248910,17,311191
51884,0.002395,74.125.24.0-255,4320,253230,17,311191
51885,0.002422,74.125.24.0-255,1484,254714,17,311191
51886,0.002459,74.125.24.0-255,6438,261152,17,311191
51887,0.007211,172.31.36.0-255,66,261218,17,311191
51888,0.00932,74.125.24.0-255,4320,265538,17,311191
51889,0.009326,172.31.36.0-255,66,265604,17,311191
51890,0.009345,74.125.24.0-255,1484,267088,17,311191
51891,0.011401,74.125.24.0-255,4320,271408,17,311191
51892,0.011407,172.31.36.0-255,66,271474,17,311191
51893,0.013504,74.125.24.0-255,5738,277212,17,311191
51894,0.018777,172.31.36.0-255,66,277278,17,311191
51895,0.020891,74.125.24.0-255,5738,283016,17,311191
51896,0.020904,172.31.36.0-255,66,283082,17,311191
51897,0.022977,74.125.24.0-255,5738,288820,17,311191
51898,0.022986,172.31.36.0-255,66,288886,17,311191
51899,0.025086,74.125.24.0-255,5738,294624,17,311191
51900,0.025093,172.31.36.0-255,66,294690,17,311191
51901,0.02721,74.125.24.0-255,5738,300428,17,311191
51902,0.027218,172.31.36.0-255,66,300494,17,311191
51903,0.029309,74.125.24.0-255,5738,306232,17,311191
51904,0.029316,172.31.36.0-255,66,306298,17,311191
51905,0.030597,172.31.36.0-255,172,306470,17,311191
51906,0.030626,172.31.36.0-255,1116,307586,17,311191
51907,0.030688,172.31.36.0-255,1514,309100,17,311191
51908,0.03069,172.31.36.0-255,1272,310372,17,311191
51909,0.031392,74.125.24.0-255,210,310582,17,311191
51910,0.031503,172.31.36.0-255,66,310648,17,311191
51911,0.031537,172.31.36.0-255,105,310753,17,311191
51912,0.03219,104.244.42.0-255,66,310819,17,311191
51913,0.032226,104.244.42.0-255,66,310885,17,311191
51914,0.032253,104.244.42.0-255,66,310951,17,311191
51915,0.032955,104.244.42.0-255,108,311059,17,311191
51916,0.032963,172.31.36.0-255,66,311125,17,311191
51917,0.033618,74.125.24.0-255,66,311191,17,311191
51918,0.0,74.125.200.0-255,152,152,17,377885
51919,1.5e-05,172.31.36.0-255,66,218,17,377885
51920,2.2e-05,74.125.200.0-255,1484,1702,17,377885
51921,2.7e-05,172.31.36.0-255,66,1768,17,377885
51922,3.3e-05,74.125.200.0-255,2902,4670,17,377885
51923,3.6e-05,172.31.36.0-255,66,4736,17,377885
51924,6.1e-05,74.125.200.0-255,4320,9056,17,377885
51925,6.4e-05,172.31.36.0-255,66,9122,17,377885
51926,9.2e-05,74.125.200.0-255,4924,14046,17,377885
51927,9.4e-05,172.31.36.0-255,66,14112,17,377885
51928,0.000262,74.125.200.0-255,1484,15596,17,377885
51929,0.000268,172.31.36.0-255,66,15662,17,377885
51930,0.000272,74.125.200.0-255,1484,17146,17,377885
51931,0.000274,172.31.36.0-255,66,17212,17,377885
51932,0.000289,74.125.200.0-255,1484,18696,17,377885
51933,0.000291,172.31.36.0-255,66,18762,17,377885
51934,0.000314,74.125.200.0-255,4320,23082,17,377885
51935,0.000317,172.31.36.0-255,66,23148,17,377885
51936,0.000335,74.125.200.0-255,1484,24632,17,377885
51937,0.000337,172.31.36.0-255,66,24698,17,377885
51938,0.000345,74.125.200.0-255,6797,31495,17,377885
51939,0.000348,172.31.36.0-255,66,31561,17,377885
51940,0.000361,74.125.200.0-255,1484,33045,17,377885
51941,0.000363,172.31.36.0-255,66,33111,17,377885
51942,0.000367,74.125.200.0-255,1484,34595,17,377885
51943,0.000369,172.31.36.0-255,66,34661,17,377885
51944,0.00039,74.125.200.0-255,1484,36145,17,377885
51945,0.000392,172.31.36.0-255,66,36211,17,377885
51946,0.000414,74.125.200.0-255,5738,41949,17,377885
51947,0.000416,172.31.36.0-255,66,42015,17,377885
51948,0.00042,74.125.200.0-255,1484,43499,17,377885
51949,0.000421,172.31.36.0-255,66,43565,17,377885
51950,0.000426,74.125.200.0-255,2902,46467,17,377885
51951,0.000428,172.31.36.0-255,66,46533,17,377885
51952,0.000459,74.125.200.0-255,5738,52271,17,377885
51953,0.000461,172.31.36.0-255,66,52337,17,377885
51954,0.000466,74.125.200.0-255,2902,55239,17,377885
51955,0.000468,172.31.36.0-255,66,55305,17,377885
51956,0.000485,74.125.200.0-255,4320,59625,17,377885
51957,0.000488,172.31.36.0-255,66,59691,17,377885
51958,0.000507,74.125.200.0-255,1484,61175,17,377885
51959,0.00053,74.125.200.0-255,5020,66195,17,377885
51960,0.000534,172.31.36.0-255,66,66261,17,377885
51961,0.00067,74.125.200.0-255,645,66906,17,377885
51962,0.001048,172.31.36.0-255,66,66972,17,377885
51963,0.001059,74.125.200.0-255,1484,68456,17,377885
51964,0.001079,74.125.200.0-255,2902,71358,17,377885
51965,0.001082,172.31.36.0-255,66,71424,17,377885
51966,0.001089,74.125.200.0-255,5738,77162,17,377885
51967,0.001091,172.31.36.0-255,66,77228,17,377885
51968,0.001121,74.125.200.0-255,7156,84384,17,377885
51969,0.00114,172.31.36.0-255,66,84450,17,377885
51970,0.001167,74.125.200.0-255,5738,90188,17,377885
51971,0.00117,172.31.36.0-255,66,90254,17,377885
51972,0.001175,74.125.200.0-255,4320,94574,17,377885
51973,0.001177,172.31.36.0-255,66,94640,17,377885
51974,0.001196,74.125.200.0-255,6438,101078,17,377885
51975,0.001198,172.31.36.0-255,66,101144,17,377885
51976,0.00124,74.125.200.0-255,1484,102628,17,377885
51977,0.001245,74.125.200.0-255,2902,105530,17,377885
51978,0.001248,172.31.36.0-255,66,105596,17,377885
51979,0.001263,74.125.200.0-255,1484,107080,17,377885
51980,0.001277,74.125.200.0-255,2902,109982,17,377885
51981,0.001279,172.31.36.0-255,66,110048,17,377885
51982,0.001286,74.125.200.0-255,5738,115786,17,377885
51983,0.001288,172.31.36.0-255,66,115852,17,377885
51984,0.001301,74.125.200.0-255,2902,118754,17,377885
51985,0.001303,172.31.36.0-255,66,118820,17,377885
51986,0.001336,172.31.36.0-255,66,118886,17,377885
51987,0.001343,74.125.200.0-255,5738,124624,17,377885
51988,0.001345,172.31.36.0-255,66,124690,17,377885
51989,0.001382,74.125.200.0-255,4320,129010,17,377885
51990,0.001386,172.31.36.0-255,66,129076,17,377885
51991,0.001423,172.31.36.0-255,66,129142,17,377885
51992,0.001428,74.125.200.0-255,4320,133462,17,377885
51993,0.00143,172.31.36.0-255,66,133528,17,377885
51994,0.001462,172.31.36.0-255,66,133594,17,377885
51995,0.001481,74.125.200.0-255,2184,135778,17,377885
51996,0.001484,172.31.36.0-255,66,135844,17,377885
51997,0.001489,74.125.200.0-255,2902,138746,17,377885
51998,0.001491,172.31.36.0-255,66,138812,17,377885
51999,0.001525,74.125.200.0-255,7156,145968,17,377885
52000,0.001529,172.31.36.0-255,66,146034,17,377885
52001,0.001533,74.125.200.0-255,2902,148936,17,377885
52002,0.001536,172.31.36.0-255,66,149002,17,377885
52003,0.001567,172.31.36.0-255,66,149068,17,377885
52004,0.001573,74.125.200.0-255,5738,154806,17,377885
52005,0.001575,172.31.36.0-255,66,154872,17,377885
52006,0.001593,74.125.200.0-255,3602,158474,17,377885
52007,0.001595,172.31.36.0-255,66,158540,17,377885
52008,0.002146,74.125.200.0-255,1484,160024,17,377885
52009,0.002153,74.125.200.0-255,2902,162926,17,377885
52010,0.002159,172.31.36.0-255,66,162992,17,377885
52011,0.002163,74.125.200.0-255,1484,164476,17,377885
52012,0.002183,74.125.200.0-255,2902,167378,17,377885
52013,0.002186,172.31.36.0-255,66,167444,17,377885
52014,0.002203,74.125.200.0-255,1484,168928,17,377885
52015,0.002223,74.125.200.0-255,4320,173248,17,377885
52016,0.002226,172.31.36.0-255,66,173314,17,377885
52017,0.002257,74.125.200.0-255,4320,177634,17,377885
52018,0.00226,172.31.36.0-255,66,177700,17,377885
52019,0.00228,74.125.200.0-255,2902,180602,17,377885
52020,0.002282,172.31.36.0-255,66,180668,17,377885
52021,0.002288,74.125.200.0-255,4320,184988,17,377885
52022,0.00229,172.31.36.0-255,66,185054,17,377885
52023,0.00231,74.125.200.0-255,5738,190792,17,377885
52024,0.002312,172.31.36.0-255,66,190858,17,377885
52025,0.002316,74.125.200.0-255,2184,193042,17,377885
52026,0.002319,172.31.36.0-255,66,193108,17,377885
52027,0.004637,74.125.200.0-255,5738,198846,17,377885
52028,0.004644,172.31.36.0-255,66,198912,17,377885
52029,0.006984,74.125.200.0-255,5738,204650,17,377885
52030,0.006991,172.31.36.0-255,66,204716,17,377885
52031,0.009303,74.125.200.0-255,5738,210454,17,377885
52032,0.00931,172.31.36.0-255,66,210520,17,377885
52033,0.011651,74.125.200.0-255,5738,216258,17,377885
52034,0.011663,172.31.36.0-255,66,216324,17,377885
52035,0.013998,74.125.200.0-255,5738,222062,17,377885
52036,0.014007,172.31.36.0-255,66,222128,17,377885
52037,0.016347,74.125.200.0-255,5738,227866,17,377885
52038,0.016358,172.31.36.0-255,66,227932,17,377885
52039,0.018688,74.125.200.0-255,5738,233670,17,377885
52040,0.018697,172.31.36.0-255,66,233736,17,377885
52041,0.021027,74.125.200.0-255,5738,239474,17,377885
52042,0.021035,172.31.36.0-255,66,239540,17,377885
52043,0.023364,74.125.200.0-255,5738,245278,17,377885
52044,0.023372,172.31.36.0-255,66,245344,17,377885
52045,0.025694,74.125.200.0-255,5738,251082,17,377885
52046,0.025701,172.31.36.0-255,66,251148,17,377885
52047,0.028014,74.125.200.0-255,5738,256886,17,377885
52048,0.028022,172.31.36.0-255,66,256952,17,377885
52049,0.030205,172.31.36.0-255,172,257124,17,377885
52050,0.030236,172.31.36.0-255,1118,258242,17,377885
52051,0.030297,172.31.36.0-255,1514,259756,17,377885
52052,0.030299,172.31.36.0-255,1270,261026,17,377885
52053,0.030339,74.125.200.0-255,4320,265346,17,377885
52054,0.030345,172.31.36.0-255,66,265412,17,377885
52055,0.030363,74.125.200.0-255,1484,266896,17,377885
52056,0.031737,104.244.42.0-255,66,266962,17,377885
52057,0.031764,104.244.42.0-255,66,267028,17,377885
52058,0.031871,104.244.42.0-255,66,267094,17,377885
52059,0.032663,74.125.200.0-255,4320,271414,17,377885
52060,0.032669,172.31.36.0-255,66,271480,17,377885
52061,0.035005,74.125.200.0-255,5738,277218,17,377885
52062,0.035012,172.31.36.0-255,66,277284,17,377885
52063,0.037328,74.125.200.0-255,5738,283022,17,377885
52064,0.037334,172.31.36.0-255,66,283088,17,377885
52065,0.039665,74.125.200.0-255,5738,288826,17,377885
52066,0.039672,172.31.36.0-255,66,288892,17,377885
52067,0.042012,74.125.200.0-255,5738,294630,17,377885
52068,0.042019,172.31.36.0-255,66,294696,17,377885
52069,0.044342,74.125.200.0-255,5738,300434,17,377885
52070,0.044349,172.31.36.0-255,66,300500,17,377885
52071,0.046675,74.125.200.0-255,5738,306238,17,377885
52072,0.046682,172.31.36.0-255,66,306304,17,377885
52073,0.049007,74.125.200.0-255,5738,312042,17,377885
52074,0.049014,172.31.36.0-255,66,312108,17,377885
52075,0.051342,74.125.200.0-255,5738,317846,17,377885
52076,0.051349,172.31.36.0-255,66,317912,17,377885
52077,0.053681,74.125.200.0-255,5738,323650,17,377885
52078,0.053688,172.31.36.0-255,66,323716,17,377885
52079,0.056006,74.125.200.0-255,4320,328036,17,377885
52080,0.056013,172.31.36.0-255,66,328102,17,377885
52081,0.056033,74.125.200.0-255,1484,329586,17,377885
52082,0.058338,74.125.200.0-255,4320,333906,17,377885
52083,0.058345,172.31.36.0-255,66,333972,17,377885
52084,0.060672,74.125.200.0-255,5738,339710,17,377885
52085,0.060678,172.31.36.0-255,66,339776,17,377885
52086,0.063003,74.125.200.0-255,5738,345514,17,377885
52087,0.063009,172.31.36.0-255,66,345580,17,377885
52088,0.065332,74.125.200.0-255,5738,351318,17,377885
52089,0.065339,172.31.36.0-255,66,351384,17,377885
52090,0.067687,74.125.200.0-255,5738,357122,17,377885
52091,0.067694,172.31.36.0-255,66,357188,17,377885
52092,0.070027,74.125.200.0-255,5738,362926,17,377885
52093,0.070034,172.31.36.0-255,66,362992,17,377885
52094,0.072365,74.125.200.0-255,5738,368730,17,377885
52095,0.072372,172.31.36.0-255,66,368796,17,377885
52096,0.074721,74.125.200.0-255,5738,374534,17,377885
52097,0.074729,172.31.36.0-255,66,374600,17,377885
52098,0.077062,74.125.200.0-255,3048,377648,17,377885
52099,0.077069,172.31.36.0-255,66,377714,17,377885
52100,0.077264,172.31.36.0-255,105,377819,17,377885
52101,0.079547,74.125.200.0-255,66,377885,17,377885
52102,0.0,74.125.24.0-255,153,153,17,377783
52103,2.9e-05,172.31.36.0-255,66,219,17,377783
52104,3.5e-05,74.125.24.0-255,1484,1703,17,377783
52105,3.8e-05,172.31.36.0-255,66,1769,17,377783
52106,4.3e-05,74.125.24.0-255,2902,4671,17,377783
52107,5.4e-05,172.31.36.0-255,66,4737,17,377783
52108,6e-05,74.125.24.0-255,7156,11893,17,377783
52109,6.3e-05,172.31.36.0-255,66,11959,17,377783
52110,0.000101,74.125.24.0-255,2074,14033,17,377783
52111,0.000104,172.31.36.0-255,66,14099,17,377783
52112,0.000108,74.125.24.0-255,2902,17001,17,377783
52113,0.000111,172.31.36.0-255,66,17067,17,377783
52114,0.000113,74.125.24.0-255,1484,18551,17,377783
52115,0.000115,172.31.36.0-255,66,18617,17,377783
52116,0.000143,74.125.24.0-255,5738,24355,17,377783
52117,0.000147,172.31.36.0-255,66,24421,17,377783
52118,0.00018,74.125.24.0-255,6797,31218,17,377783
52119,0.000183,172.31.36.0-255,66,31284,17,377783
52120,0.000344,74.125.24.0-255,1484,32768,17,377783
52121,0.000348,172.31.36.0-255,66,32834,17,377783
52122,0.000354,74.125.24.0-255,2902,35736,17,377783
52123,0.000356,172.31.36.0-255,66,35802,17,377783
52124,0.000386,74.125.24.0-255,5738,41540,17,377783
52125,0.000389,172.31.36.0-255,66,41606,17,377783
52126,0.000418,74.125.24.0-255,4320,45926,17,377783
52127,0.00042,172.31.36.0-255,66,45992,17,377783
52128,0.000449,74.125.24.0-255,2543,48535,17,377783
52129,0.000452,172.31.36.0-255,66,48601,17,377783
52130,0.000516,74.125.24.0-255,1484,50085,17,377783
52131,0.000519,172.31.36.0-255,66,50151,17,377783
52132,0.000524,74.125.24.0-255,2902,53053,17,377783
52133,0.000526,172.31.36.0-255,66,53119,17,377783
52134,0.000554,74.125.24.0-255,5738,58857,17,377783
52135,0.000557,172.31.36.0-255,66,58923,17,377783
52136,0.000579,74.125.24.0-255,6797,65720,17,377783
52137,0.000582,172.31.36.0-255,66,65786,17,377783
52138,0.000979,74.125.24.0-255,647,66433,17,377783
52139,0.001031,172.31.36.0-255,66,66499,17,377783
52140,0.001144,74.125.24.0-255,1484,67983,17,377783
52141,0.001153,74.125.24.0-255,2902,70885,17,377783
52142,0.001156,172.31.36.0-255,66,70951,17,377783
52143,0.001181,74.125.24.0-255,5738,76689,17,377783
52144,0.001183,172.31.36.0-255,66,76755,17,377783
52145,0.001188,74.125.24.0-255,2902,79657,17,377783
52146,0.001189,172.31.36.0-255,66,79723,17,377783
52147,0.001225,172.31.36.0-255,66,79789,17,377783
52148,0.001248,172.31.36.0-255,66,79855,17,377783
52149,0.001627,74.125.24.0-255,1484,81339,17,377783
52150,0.001636,74.125.24.0-255,2902,84241,17,377783
52151,0.001639,172.31.36.0-255,66,84307,17,377783
52152,0.001645,74.125.24.0-255,2902,87209,17,377783
52153,0.001647,172.31.36.0-255,66,87275,17,377783
52154,0.001672,74.125.24.0-255,2902,90177,17,377783
52155,0.001678,172.31.36.0-255,66,90243,17,377783
52156,0.001684,74.125.24.0-255,5738,95981,17,377783
52157,0.001687,172.31.36.0-255,66,96047,17,377783
52158,0.001709,74.125.24.0-255,4320,100367,17,377783
52159,0.001711,172.31.36.0-255,66,100433,17,377783
52160,0.001722,172.31.36.0-255,66,100499,17,377783
52161,0.001754,74.125.24.0-255,2902,103401,17,377783
52162,0.001756,172.31.36.0-255,66,103467,17,377783
52163,0.001761,74.125.24.0-255,2184,105651,17,377783
52164,0.001762,172.31.36.0-255,66,105717,17,377783
52165,0.001812,74.125.24.0-255,1484,107201,17,377783
52166,0.00183,74.125.24.0-255,2902,110103,17,377783
52167,0.001835,172.31.36.0-255,66,110169,17,377783
52168,0.001866,74.125.24.0-255,5738,115907,17,377783
52169,0.001869,172.31.36.0-255,66,115973,17,377783
52170,0.001898,74.125.24.0-255,7156,123129,17,377783
52171,0.001901,172.31.36.0-255,66,123195,17,377783
52172,0.001926,74.125.24.0-255,2902,126097,17,377783
52173,0.001928,172.31.36.0-255,66,126163,17,377783
52174,0.001948,74.125.24.0-255,5738,131901,17,377783
52175,0.001953,172.31.36.0-255,66,131967,17,377783
52176,0.001981,74.125.24.0-255,5738,137705,17,377783
52177,0.001984,172.31.36.0-255,66,137771,17,377783
52178,0.001988,74.125.24.0-255,2184,139955,17,377783
52179,0.00199,172.31.36.0-255,66,140021,17,377783
52180,0.001994,74.125.24.0-255,2902,142923,17,377783
52181,0.001997,172.31.36.0-255,66,142989,17,377783
52182,0.002023,74.125.24.0-255,7156,150145,17,377783
52183,0.002026,172.31.36.0-255,66,150211,17,377783
52184,0.002031,74.125.24.0-255,4320,154531,17,377783
52185,0.002033,172.31.36.0-255,66,154597,17,377783
52186,0.002066,74.125.24.0-255,4320,158917,17,377783
52187,0.002069,172.31.36.0-255,66,158983,17,377783
52188,0.002084,172.31.36.0-255,66,159049,17,377783
52189,0.004365,74.125.24.0-255,5738,164787,17,377783
52190,0.00437,172.31.36.0-255,66,164853,17,377783
52191,0.006624,74.125.24.0-255,5738,170591,17,377783
52192,0.006632,172.31.36.0-255,66,170657,17,377783
52193,0.008902,74.125.24.0-255,5738,176395,17,377783
52194,0.008913,172.31.36.0-255,66,176461,17,377783
52195,0.011162,74.125.24.0-255,5738,182199,17,377783
52196,0.01117,172.31.36.0-255,66,182265,17,377783
52197,0.013449,74.125.24.0-255,5738,188003,17,377783
52198,0.013465,172.31.36.0-255,66,188069,17,377783
52199,0.015715,74.125.24.0-255,5738,193807,17,377783
52200,0.015725,172.31.36.0-255,66,193873,17,377783
52201,0.018007,74.125.24.0-255,5738,199611,17,377783
52202,0.018017,172.31.36.0-255,66,199677,17,377783
52203,0.02029,74.125.24.0-255,4320,203997,17,377783
52204,0.020294,172.31.36.0-255,66,204063,17,377783
52205,0.020311,74.125.24.0-255,1484,205547,17,377783
52206,0.02253,74.125.24.0-255,4320,209867,17,377783
52207,0.022533,172.31.36.0-255,66,209933,17,377783
52208,0.024756,74.125.24.0-255,5738,215671,17,377783
52209,0.024763,172.31.36.0-255,66,215737,17,377783
52210,0.027016,74.125.24.0-255,5738,221475,17,377783
52211,0.027028,172.31.36.0-255,66,221541,17,377783
52212,0.029264,74.125.24.0-255,5738,227279,17,377783
52213,0.029272,172.31.36.0-255,66,227345,17,377783
52214,0.030447,172.31.36.0-255,190,227535,17,377783
52215,0.030489,172.31.36.0-255,1116,228651,17,377783
52216,0.030564,172.31.36.0-255,1514,230165,17,377783
52217,0.030567,172.31.36.0-255,1272,231437,17,377783
52218,0.031536,74.125.24.0-255,5738,237175,17,377783
52219,0.031544,172.31.36.0-255,66,237241,17,377783
52220,0.031992,104.244.42.0-255,66,237307,17,377783
52221,0.032047,104.244.42.0-255,66,237373,17,377783
52222,0.032144,104.244.42.0-255,66,237439,17,377783
52223,0.033785,74.125.24.0-255,5738,243177,17,377783
52224,0.033791,172.31.36.0-255,66,243243,17,377783
52225,0.036047,74.125.24.0-255,5738,248981,17,377783
52226,0.036054,172.31.36.0-255,66,249047,17,377783
52227,0.038322,74.125.24.0-255,5738,254785,17,377783
52228,0.038328,172.31.36.0-255,66,254851,17,377783
52229,0.040591,74.125.24.0-255,5738,260589,17,377783
52230,0.040597,172.31.36.0-255,66,260655,17,377783
52231,0.042867,74.125.24.0-255,5738,266393,17,377783
52232,0.042874,172.31.36.0-255,66,266459,17,377783
52233,0.045147,74.125.24.0-255,5738,272197,17,377783
52234,0.045153,172.31.36.0-255,66,272263,17,377783
52235,0.04745,74.125.24.0-255,5738,278001,17,377783
52236,0.047457,172.31.36.0-255,66,278067,17,377783
52237,0.049736,74.125.24.0-255,5738,283805,17,377783
52238,0.049741,172.31.36.0-255,66,283871,17,377783
52239,0.051981,74.125.24.0-255,5738,289609,17,377783
52240,0.051988,172.31.36.0-255,66,289675,17,377783
52241,0.054288,74.125.24.0-255,5738,295413,17,377783
52242,0.054295,172.31.36.0-255,66,295479,17,377783
52243,0.05652,74.125.24.0-255,5738,301217,17,377783
52244,0.056527,172.31.36.0-255,66,301283,17,377783
52245,0.058777,74.125.24.0-255,5738,307021,17,377783
52246,0.058787,172.31.36.0-255,66,307087,17,377783
52247,0.061021,74.125.24.0-255,5738,312825,17,377783
52248,0.061029,172.31.36.0-255,66,312891,17,377783
52249,0.063288,74.125.24.0-255,5738,318629,17,377783
52250,0.063295,172.31.36.0-255,66,318695,17,377783
52251,0.065554,74.125.24.0-255,5738,324433,17,377783
52252,0.065562,172.31.36.0-255,66,324499,17,377783
52253,0.067793,74.125.24.0-255,5738,330237,17,377783
52254,0.0678,172.31.36.0-255,66,330303,17,377783
52255,0.070048,74.125.24.0-255,5738,336041,17,377783
52256,0.070053,172.31.36.0-255,66,336107,17,377783
52257,0.072296,74.125.24.0-255,5738,341845,17,377783
52258,0.072302,172.31.36.0-255,66,341911,17,377783
52259,0.07457,74.125.24.0-255,5738,347649,17,377783
52260,0.074577,172.31.36.0-255,66,347715,17,377783
52261,0.076835,74.125.24.0-255,5738,353453,17,377783
52262,0.076842,172.31.36.0-255,66,353519,17,377783
52263,0.07909,74.125.24.0-255,5738,359257,17,377783
52264,0.079097,172.31.36.0-255,66,359323,17,377783
52265,0.081346,74.125.24.0-255,5738,365061,17,377783
52266,0.081353,172.31.36.0-255,66,365127,17,377783
52267,0.083611,74.125.24.0-255,5738,370865,17,377783
52268,0.083618,172.31.36.0-255,66,370931,17,377783
52269,0.085877,74.125.24.0-255,5738,376669,17,377783
52270,0.085884,172.31.36.0-255,66,376735,17,377783
52271,0.088128,74.125.24.0-255,811,377546,17,377783
52272,0.08827,172.31.36.0-255,66,377612,17,377783
52273,0.088309,172.31.36.0-255,105,377717,17,377783
52274,0.09056,74.125.24.0-255,66,377783,17,377783
52275,0.0,172.217.194.0-255,153,153,17,282124
52276,3.5e-05,172.31.36.0-255,66,219,17,282124
52277,4.1e-05,172.217.194.0-255,1484,1703,17,282124
52278,4.6e-05,172.31.36.0-255,66,1769,17,282124
52279,5.1e-05,172.217.194.0-255,2902,4671,17,282124
52280,6.2e-05,172.31.36.0-255,66,4737,17,282124
52281,6.9e-05,172.217.194.0-255,5738,10475,17,282124
52282,7.2e-05,172.31.36.0-255,66,10541,17,282124
52283,7.7e-05,172.217.194.0-255,3458,13999,17,282124
52284,8e-05,172.31.36.0-255,66,14065,17,282124
52285,0.000109,172.217.194.0-255,4320,18385,17,282124
52286,0.000112,172.31.36.0-255,66,18451,17,282124
52287,0.000125,172.217.194.0-255,7156,25607,17,282124
52288,0.000127,172.31.36.0-255,66,25673,17,282124
52289,0.000172,172.31.36.0-255,66,25739,17,282124
52290,0.000209,172.217.194.0-255,2543,28282,17,282124
52291,0.000213,172.31.36.0-255,66,28348,17,282124
52292,0.000224,172.31.36.0-255,66,28414,17,282124
52293,0.000699,172.217.194.0-255,1484,29898,17,282124
52294,0.000704,172.31.36.0-255,66,29964,17,282124
52295,0.000712,172.217.194.0-255,2902,32866,17,282124
52296,0.000714,172.31.36.0-255,66,32932,17,282124
52297,0.000726,172.217.194.0-255,5738,38670,17,282124
52298,0.000728,172.31.36.0-255,66,38736,17,282124
52299,0.000731,172.217.194.0-255,1484,40220,17,282124
52300,0.000732,172.31.36.0-255,66,40286,17,282124
52301,0.000782,172.31.36.0-255,66,40352,17,282124
52302,0.000811,172.31.36.0-255,66,40418,17,282124
52303,0.001817,172.217.194.0-255,1484,41902,17,282124
52304,0.001825,172.217.194.0-255,2902,44804,17,282124
52305,0.00183,172.31.36.0-255,66,44870,17,282124
52306,0.001837,172.217.194.0-255,5738,50608,17,282124
52307,0.001839,172.31.36.0-255,66,50674,17,282124
52308,0.001856,172.217.194.0-255,2902,53576,17,282124
52309,0.001858,172.31.36.0-255,66,53642,17,282124
52310,0.001891,172.31.36.0-255,66,53708,17,282124
52311,0.001901,172.31.36.0-255,66,53774,17,282124
52312,0.001925,172.217.194.0-255,2184,55958,17,282124
52313,0.001927,172.31.36.0-255,66,56024,17,282124
52314,0.001971,172.217.194.0-255,1484,57508,17,282124
52315,0.001976,172.217.194.0-255,2902,60410,17,282124
52316,0.001979,172.31.36.0-255,66,60476,17,282124
52317,0.001983,172.217.194.0-255,2902,63378,17,282124
52318,0.001985,172.31.36.0-255,66,63444,17,282124
52319,0.002006,172.217.194.0-255,2902,66346,17,282124
52320,0.002009,172.31.36.0-255,66,66412,17,282124
52321,0.002017,172.217.194.0-255,2902,69314,17,282124
52322,0.00202,172.31.36.0-255,66,69380,17,282124
52323,0.002064,172.31.36.0-255,66,69446,17,282124
52324,0.002074,172.31.36.0-255,66,69512,17,282124
52325,0.002084,172.217.194.0-255,5738,75250,17,282124
52326,0.002087,172.31.36.0-255,66,75316,17,282124
52327,0.002127,172.217.194.0-255,5020,80336,17,282124
52328,0.00213,172.31.36.0-255,66,80402,17,282124
52329,0.002141,172.31.36.0-255,66,80468,17,282124
52330,0.002159,172.31.36.0-255,66,80534,17,282124
52331,0.002235,172.217.194.0-255,1484,82018,17,282124
52332,0.002249,172.217.194.0-255,2902,84920,17,282124
52333,0.002252,172.31.36.0-255,66,84986,17,282124
52334,0.002257,172.217.194.0-255,4320,89306,17,282124
52335,0.002259,172.31.36.0-255,66,89372,17,282124
52336,0.002276,172.217.194.0-255,1484,90856,17,282124
52337,0.002292,172.31.36.0-255,66,90922,17,282124
52338,0.002324,172.217.194.0-255,4320,95242,17,282124
52339,0.002327,172.31.36.0-255,66,95308,17,282124
52340,0.002337,172.31.36.0-255,66,95374,17,282124
52341,0.002345,172.217.194.0-255,766,96140,17,282124
52342,0.003612,172.31.36.0-255,66,96206,17,282124
52343,0.004655,172.217.194.0-255,4320,100526,17,282124
52344,0.004662,172.31.36.0-255,66,100592,17,282124
52345,0.005942,172.217.194.0-255,1484,102076,17,282124
52346,0.006984,172.217.194.0-255,4320,106396,17,282124
52347,0.006993,172.31.36.0-255,66,106462,17,282124
52348,0.00931,172.217.194.0-255,5738,112200,17,282124
52349,0.009319,172.31.36.0-255,66,112266,17,282124
52350,0.011665,172.217.194.0-255,5738,118004,17,282124
52351,0.011675,172.31.36.0-255,66,118070,17,282124
52352,0.014037,172.217.194.0-255,5738,123808,17,282124
52353,0.014047,172.31.36.0-255,66,123874,17,282124
52354,0.016392,172.217.194.0-255,5738,129612,17,282124
52355,0.016401,172.31.36.0-255,66,129678,17,282124
52356,0.018765,172.217.194.0-255,5738,135416,17,282124
52357,0.018775,172.31.36.0-255,66,135482,17,282124
52358,0.021072,172.217.194.0-255,5738,141220,17,282124
52359,0.021082,172.31.36.0-255,66,141286,17,282124
52360,0.023415,172.217.194.0-255,5738,147024,17,282124
52361,0.023423,172.31.36.0-255,66,147090,17,282124
52362,0.025719,172.217.194.0-255,5738,152828,17,282124
52363,0.025726,172.31.36.0-255,66,152894,17,282124
52364,0.028057,172.217.194.0-255,5738,158632,17,282124
52365,0.028064,172.31.36.0-255,66,158698,17,282124
52366,0.028306,172.31.36.0-255,172,158870,17,282124
52367,0.028335,172.31.36.0-255,1116,159986,17,282124
52368,0.028449,172.31.36.0-255,1514,161500,17,282124
52369,0.028451,172.31.36.0-255,1272,162772,17,282124
52370,0.029827,104.244.42.0-255,66,162838,17,282124
52371,0.029913,104.244.42.0-255,66,162904,17,282124
52372,0.030017,104.244.42.0-255,66,162970,17,282124
52373,0.030413,172.217.194.0-255,5738,168708,17,282124
52374,0.030418,172.31.36.0-255,66,168774,17,282124
52375,0.032784,172.217.194.0-255,5738,174512,17,282124
52376,0.032791,172.31.36.0-255,66,174578,17,282124
52377,0.035089,172.217.194.0-255,5738,180316,17,282124
52378,0.035094,172.31.36.0-255,66,180382,17,282124
52379,0.037412,172.217.194.0-255,5738,186120,17,282124
52380,0.037419,172.31.36.0-255,66,186186,17,282124
52381,0.039731,172.217.194.0-255,5738,191924,17,282124
52382,0.039738,172.31.36.0-255,66,191990,17,282124
52383,0.042058,172.217.194.0-255,5738,197728,17,282124
52384,0.042064,172.31.36.0-255,66,197794,17,282124
52385,0.04441,172.217.194.0-255,5738,203532,17,282124
52386,0.044419,172.31.36.0-255,66,203598,17,282124
52387,0.046711,172.217.194.0-255,5738,209336,17,282124
52388,0.046717,172.31.36.0-255,66,209402,17,282124
52389,0.04902,172.217.194.0-255,5738,215140,17,282124
52390,0.049029,172.31.36.0-255,66,215206,17,282124
52391,0.051322,172.217.194.0-255,5738,220944,17,282124
52392,0.051331,172.31.36.0-255,66,221010,17,282124
52393,0.053687,172.217.194.0-255,5738,226748,17,282124
52394,0.053696,172.31.36.0-255,66,226814,17,282124
52395,0.056012,172.217.194.0-255,5738,232552,17,282124
52396,0.056019,172.31.36.0-255,66,232618,17,282124
52397,0.058339,172.217.194.0-255,5738,238356,17,282124
52398,0.058346,172.31.36.0-255,66,238422,17,282124
52399,0.060642,172.217.194.0-255,5738,244160,17,282124
52400,0.06065,172.31.36.0-255,66,244226,17,282124
52401,0.062975,172.217.194.0-255,5738,249964,17,282124
52402,0.062982,172.31.36.0-255,66,250030,17,282124
52403,0.065372,172.217.194.0-255,5738,255768,17,282124
52404,0.065379,172.31.36.0-255,66,255834,17,282124
52405,0.067689,172.217.194.0-255,5738,261572,17,282124
52406,0.067696,172.31.36.0-255,66,261638,17,282124
52407,0.070075,172.217.194.0-255,5738,267376,17,282124
52408,0.070081,172.31.36.0-255,66,267442,17,282124
52409,0.072408,172.217.194.0-255,2902,270344,17,282124
52410,0.072415,172.31.36.0-255,66,270410,17,282124
52411,0.072445,172.217.194.0-255,2902,273312,17,282124
52412,0.072447,172.31.36.0-255,66,273378,17,282124
52413,0.074723,172.217.194.0-255,2902,276280,17,282124
52414,0.074736,172.31.36.0-255,66,276346,17,282124
52415,0.074766,172.217.194.0-255,2902,279248,17,282124
52416,0.074769,172.31.36.0-255,66,279314,17,282124
52417,0.077085,172.217.194.0-255,2573,281887,17,282124
52418,0.077094,172.31.36.0-255,66,281953,17,282124
52419,0.077291,172.31.36.0-255,105,282058,17,282124
52420,0.079541,172.217.194.0-255,66,282124,17,282124
52421,0.0,74.125.24.0-255,148,148,17,219424
52422,3.4e-05,172.31.36.0-255,66,214,17,219424
52423,4.2e-05,74.125.24.0-255,1484,1698,17,219424
52424,4.7e-05,172.31.36.0-255,66,1764,17,219424
52425,5.4e-05,74.125.24.0-255,2902,4666,17,219424
52426,5.8e-05,172.31.36.0-255,66,4732,17,219424
52427,7.4e-05,74.125.24.0-255,7156,11888,17,219424
52428,7.7e-05,172.31.36.0-255,66,11954,17,219424
52429,8.8e-05,172.31.36.0-255,66,12020,17,219424
52430,9.7e-05,172.31.36.0-255,66,12086,17,219424
52431,0.000102,74.125.24.0-255,2902,14988,17,219424
52432,0.000106,172.31.36.0-255,66,15054,17,219424
52433,0.000153,172.31.36.0-255,66,15120,17,219424
52434,0.000179,74.125.24.0-255,4320,19440,17,219424
52435,0.000181,172.31.36.0-255,66,19506,17,219424
52436,0.000218,172.31.36.0-255,66,19572,17,219424
52437,0.000221,74.125.24.0-255,131,19703,17,219424
52438,0.000225,172.31.36.0-255,66,19769,17,219424
52439,0.000363,74.125.24.0-255,1484,21253,17,219424
52440,0.000367,172.31.36.0-255,66,21319,17,219424
52441,0.000373,74.125.24.0-255,2902,24221,17,219424
52442,0.000376,172.31.36.0-255,66,24287,17,219424
52443,0.000409,74.125.24.0-255,5738,30025,17,219424
52444,0.000414,172.31.36.0-255,66,30091,17,219424
52445,0.000426,172.31.36.0-255,66,30157,17,219424
52446,0.000452,74.125.24.0-255,1484,31641,17,219424
52447,0.000455,172.31.36.0-255,66,31707,17,219424
52448,0.000503,172.31.36.0-255,66,31773,17,219424
52449,0.000853,74.125.24.0-255,1484,33257,17,219424
52450,0.000859,74.125.24.0-255,2902,36159,17,219424
52451,0.000862,172.31.36.0-255,66,36225,17,219424
52452,0.000894,74.125.24.0-255,5738,41963,17,219424
52453,0.000897,172.31.36.0-255,66,42029,17,219424
52454,0.000903,74.125.24.0-255,4320,46349,17,219424
52455,0.000911,172.31.36.0-255,66,46415,17,219424
52456,0.000955,74.125.24.0-255,5738,52153,17,219424
52457,0.000957,172.31.36.0-255,66,52219,17,219424
52458,0.000959,74.125.24.0-255,2902,55121,17,219424
52459,0.000963,172.31.36.0-255,66,55187,17,219424
52460,0.000973,74.125.24.0-255,2184,57371,17,219424
52461,0.000984,74.125.24.0-255,5738,63109,17,219424
52462,0.00099,172.31.36.0-255,66,63175,17,219424
52463,0.001022,172.31.36.0-255,66,63241,17,219424
52464,0.00104,74.125.24.0-255,1484,64725,17,219424
52465,0.001046,74.125.24.0-255,5738,70463,17,219424
52466,0.001053,172.31.36.0-255,66,70529,17,219424
52467,0.001076,74.125.24.0-255,5738,76267,17,219424
52468,0.001087,172.31.36.0-255,66,76333,17,219424
52469,0.001091,74.125.24.0-255,3602,79935,17,219424
52470,0.0011,172.31.36.0-255,66,80001,17,219424
52471,0.001133,74.125.24.0-255,1484,81485,17,219424
52472,0.001151,74.125.24.0-255,2902,84387,17,219424
52473,0.001156,74.125.24.0-255,4320,88707,17,219424
52474,0.00116,172.31.36.0-255,66,88773,17,219424
52475,0.001189,74.125.24.0-255,1484,90257,17,219424
52476,0.001195,74.125.24.0-255,4320,94577,17,219424
52477,0.001214,172.31.36.0-255,66,94643,17,219424
52478,0.001238,74.125.24.0-255,4320,98963,17,219424
52479,0.001245,172.31.36.0-255,66,99029,17,219424
52480,0.001265,74.125.24.0-255,7156,106185,17,219424
52481,0.001269,172.31.36.0-255,66,106251,17,219424
52482,0.001274,74.125.24.0-255,4320,110571,17,219424
52483,0.001279,74.125.24.0-255,3602,114173,17,219424
52484,0.001287,172.31.36.0-255,66,114239,17,219424
52485,0.001436,74.125.24.0-255,1484,115723,17,219424
52486,0.001442,74.125.24.0-255,2902,118625,17,219424
52487,0.001445,172.31.36.0-255,66,118691,17,219424
52488,0.001481,74.125.24.0-255,5738,124429,17,219424
52489,0.001489,172.31.36.0-255,66,124495,17,219424
52490,0.001493,172.31.36.0-255,66,124561,17,219424
52491,0.001547,172.31.36.0-255,66,124627,17,219424
52492,0.00184,74.125.24.0-255,1484,126111,17,219424
52493,0.001845,74.125.24.0-255,2902,129013,17,219424
52494,0.001848,172.31.36.0-255,66,129079,17,219424
52495,0.001855,74.125.24.0-255,5738,134817,17,219424
52496,0.001868,172.31.36.0-255,66,134883,17,219424
52497,0.001874,74.125.24.0-255,5738,140621,17,219424
52498,0.001882,172.31.36.0-255,66,140687,17,219424
52499,0.001924,74.125.24.0-255,7156,147843,17,219424
52500,0.001946,74.125.24.0-255,2184,150027,17,219424
52501,0.001987,74.125.24.0-255,7156,157183,17,219424
52502,0.00202,74.125.24.0-255,1484,158667,17,219424
52503,0.002071,74.125.24.0-255,2184,160851,17,219424
52504,0.002103,74.125.24.0-255,7156,168007,17,219424
52505,0.002146,74.125.24.0-255,5738,173745,17,219424
52506,0.006185,172.31.36.0-255,66,173811,17,219424
52507,0.008298,74.125.24.0-255,5738,179549,17,219424
52508,0.008305,172.31.36.0-255,66,179615,17,219424
52509,0.010375,74.125.24.0-255,5738,185353,17,219424
52510,0.010382,172.31.36.0-255,66,185419,17,219424
52511,0.012463,74.125.24.0-255,5738,191157,17,219424
52512,0.01247,172.31.36.0-255,66,191223,17,219424
52513,0.014551,74.125.24.0-255,5738,196961,17,219424
52514,0.016021,172.31.36.0-255,66,197027,17,219424
52515,0.0181,74.125.24.0-255,5738,202765,17,219424
52516,0.01811,172.31.36.0-255,66,202831,17,219424
52517,0.020202,74.125.24.0-255,5738,208569,17,219424
52518,0.02021,172.31.36.0-255,66,208635,17,219424
52519,0.022261,74.125.24.0-255,3234,211869,17,219424
52520,0.022268,172.31.36.0-255,66,211935,17,219424
52521,0.022452,172.31.36.0-255,105,212040,17,219424
52522,0.024525,74.125.24.0-255,66,212106,17,219424
52523,0.030663,172.31.36.0-255,172,212278,17,219424
52524,0.030695,172.31.36.0-255,1116,213394,17,219424
52525,0.030742,172.31.36.0-255,1514,214908,17,219424
52526,0.030744,172.31.36.0-255,1514,216422,17,219424
52527,0.030745,172.31.36.0-255,1514,217936,17,219424
52528,0.030746,172.31.36.0-255,1050,218986,17,219424
52529,0.032179,104.244.42.0-255,66,219052,17,219424
52530,0.032226,104.244.42.0-255,66,219118,17,219424
52531,0.032258,104.244.42.0-255,66,219184,17,219424
52532,0.032261,104.244.42.0-255,66,219250,17,219424
52533,0.032978,104.244.42.0-255,108,219358,17,219424
52534,0.032999,172.31.36.0-255,66,219424,17,219424
52535,0.0,74.125.68.0-255,150,150,17,399526
52536,2.2e-05,172.31.36.0-255,66,216,17,399526
52537,2.9e-05,74.125.68.0-255,1484,1700,17,399526
52538,3.3e-05,172.31.36.0-255,66,1766,17,399526
52539,3.8e-05,74.125.68.0-255,2902,4668,17,399526
52540,4.1e-05,172.31.36.0-255,66,4734,17,399526
52541,4.5e-05,74.125.68.0-255,1484,6218,17,399526
52542,4.7e-05,172.31.36.0-255,66,6284,17,399526
52543,7.3e-05,74.125.68.0-255,4320,10604,17,399526
52544,7.6e-05,172.31.36.0-255,66,10670,17,399526
52545,7.9e-05,74.125.68.0-255,1484,12154,17,399526
52546,8.1e-05,172.31.36.0-255,66,12220,17,399526
52547,0.000109,74.125.68.0-255,2046,14266,17,399526
52548,0.000112,172.31.36.0-255,66,14332,17,399526
52549,0.000265,74.125.68.0-255,1484,15816,17,399526
52550,0.000269,172.31.36.0-255,66,15882,17,399526
52551,0.000274,74.125.68.0-255,1484,17366,17,399526
52552,0.000276,172.31.36.0-255,66,17432,17,399526
52553,0.000291,74.125.68.0-255,1484,18916,17,399526
52554,0.000293,172.31.36.0-255,66,18982,17,399526
52555,0.000323,74.125.68.0-255,5738,24720,17,399526
52556,0.000326,172.31.36.0-255,66,24786,17,399526
52557,0.000342,74.125.68.0-255,6797,31583,17,399526
52558,0.000345,172.31.36.0-255,66,31649,17,399526
52559,0.000362,74.125.68.0-255,1484,33133,17,399526
52560,0.000364,172.31.36.0-255,66,33199,17,399526
52561,0.000384,74.125.68.0-255,2902,36101,17,399526
52562,0.000386,172.31.36.0-255,66,36167,17,399526
52563,0.000412,74.125.68.0-255,4320,40487,17,399526
52564,0.000415,172.31.36.0-255,66,40553,17,399526
52565,0.000434,74.125.68.0-255,1484,42037,17,399526
52566,0.000436,172.31.36.0-255,66,42103,17,399526
52567,0.000459,74.125.68.0-255,4320,46423,17,399526
52568,0.000464,74.125.68.0-255,2902,49325,17,399526
52569,0.000477,74.125.68.0-255,1484,50809,17,399526
52570,0.000492,74.125.68.0-255,5738,56547,17,399526
52571,0.000514,74.125.68.0-255,2902,59449,17,399526
52572,0.000533,74.125.68.0-255,5738,65187,17,399526
52573,0.000548,74.125.68.0-255,766,65953,17,399526
52574,0.000556,172.31.36.0-255,66,66019,17,399526
52575,0.00062,74.125.68.0-255,709,66728,17,399526
52576,0.000938,74.125.68.0-255,1484,68212,17,399526
52577,0.000942,74.125.68.0-255,1484,69696,17,399526
52578,0.000956,74.125.68.0-255,1484,71180,17,399526
52579,0.00096,74.125.68.0-255,2902,74082,17,399526
52580,0.000969,172.31.36.0-255,66,74148,17,399526
52581,0.000979,74.125.68.0-255,4320,78468,17,399526
52582,0.000984,172.31.36.0-255,66,78534,17,399526
52583,0.000993,74.125.68.0-255,2902,81436,17,399526
52584,0.001008,74.125.68.0-255,5738,87174,17,399526
52585,0.001025,172.31.36.0-255,66,87240,17,399526
52586,0.001046,172.31.36.0-255,66,87306,17,399526
52587,0.001082,74.125.68.0-255,2902,90208,17,399526
52588,0.001092,172.31.36.0-255,66,90274,17,399526
52589,0.00113,74.125.68.0-255,2184,92458,17,399526
52590,0.001141,172.31.36.0-255,66,92524,17,399526
52591,0.001257,74.125.68.0-255,1484,94008,17,399526
52592,0.001271,74.125.68.0-255,1484,95492,17,399526
52593,0.001275,172.31.36.0-255,66,95558,17,399526
52594,0.001292,74.125.68.0-255,1484,97042,17,399526
52595,0.001298,74.125.68.0-255,5738,102780,17,399526
52596,0.001312,172.31.36.0-255,66,102846,17,399526
52597,0.001328,74.125.68.0-255,5738,108584,17,399526
52598,0.001346,74.125.68.0-255,7156,115740,17,399526
52599,0.001354,172.31.36.0-255,66,115806,17,399526
52600,0.001392,74.125.68.0-255,4320,120126,17,399526
52601,0.001398,172.31.36.0-255,66,120192,17,399526
52602,0.001409,74.125.68.0-255,5738,125930,17,399526
52603,0.001412,74.125.68.0-255,766,126696,17,399526
52604,0.001433,172.31.36.0-255,66,126762,17,399526
52605,0.00152,74.125.68.0-255,1484,128246,17,399526
52606,0.001536,74.125.68.0-255,2902,131148,17,399526
52607,0.001539,172.31.36.0-255,66,131214,17,399526
52608,0.001561,74.125.68.0-255,5738,136952,17,399526
52609,0.00157,172.31.36.0-255,66,137018,17,399526
52610,0.001598,172.31.36.0-255,66,137084,17,399526
52611,0.001617,74.125.68.0-255,7156,144240,17,399526
52612,0.001628,172.31.36.0-255,66,144306,17,399526
52613,0.001637,74.125.68.0-255,2902,147208,17,399526
52614,0.001643,172.31.36.0-255,66,147274,17,399526
52615,0.001662,74.125.68.0-255,2902,150176,17,399526
52616,0.001682,172.31.36.0-255,66,150242,17,399526
52617,0.00169,74.125.68.0-255,2184,152426,17,399526
52618,0.001696,172.31.36.0-255,66,152492,17,399526
52619,0.001737,74.125.68.0-255,1484,153976,17,399526
52620,0.001776,74.125.68.0-255,2902,156878,17,399526
52621,0.001779,74.125.68.0-255,1484,158362,17,399526
52622,0.001786,172.31.36.0-255,66,158428,17,399526
52623,0.001817,74.125.68.0-255,2902,161330,17,399526
52624,0.001828,74.125.68.0-255,1484,162814,17,399526
52625,0.001838,172.31.36.0-255,66,162880,17,399526
52626,0.001842,74.125.68.0-255,2902,165782,17,399526
52627,0.001847,172.31.36.0-255,66,165848,17,399526
52628,0.001888,74.125.68.0-255,2902,168750,17,399526
52629,0.001894,172.31.36.0-255,66,168816,17,399526
52630,0.00191,74.125.68.0-255,4320,173136,17,399526
52631,0.001924,74.125.68.0-255,2902,176038,17,399526
52632,0.001928,172.31.36.0-255,66,176104,17,399526
52633,0.001938,74.125.68.0-255,2184,178288,17,399526
52634,0.001975,172.31.36.0-255,66,178354,17,399526
52635,0.001988,74.125.68.0-255,1484,179838,17,399526
52636,0.002013,74.125.68.0-255,2902,182740,17,399526
52637,0.002015,74.125.68.0-255,1484,184224,17,399526
52638,0.002019,172.31.36.0-255,66,184290,17,399526
52639,0.002024,172.31.36.0-255,66,184356,17,399526
52640,0.002037,74.125.68.0-255,4320,188676,17,399526
52641,0.00204,74.125.68.0-255,1484,190160,17,399526
52642,0.002076,172.31.36.0-255,66,190226,17,399526
52643,0.0041,74.125.68.0-255,4320,194546,17,399526
52644,0.004107,172.31.36.0-255,66,194612,17,399526
52645,0.004125,74.125.68.0-255,1484,196096,17,399526
52646,0.006143,74.125.68.0-255,4320,200416,17,399526
52647,0.009438,172.31.36.0-255,66,200482,17,399526
52648,0.011465,74.125.68.0-255,5738,206220,17,399526
52649,0.011474,172.31.36.0-255,66,206286,17,399526
52650,0.013506,74.125.68.0-255,5738,212024,17,399526
52651,0.014089,172.31.36.0-255,66,212090,17,399526
52652,0.016119,74.125.68.0-255,5738,217828,17,399526
52653,0.016128,172.31.36.0-255,66,217894,17,399526
52654,0.018153,74.125.68.0-255,5738,223632,17,399526
52655,0.018161,172.31.36.0-255,66,223698,17,399526
52656,0.0202,74.125.68.0-255,5738,229436,17,399526
52657,0.020207,172.31.36.0-255,66,229502,17,399526
52658,0.022238,74.125.68.0-255,5738,235240,17,399526
52659,0.022247,172.31.36.0-255,66,235306,17,399526
52660,0.024273,74.125.68.0-255,5738,241044,17,399526
52661,0.024281,172.31.36.0-255,66,241110,17,399526
52662,0.026315,74.125.68.0-255,5738,246848,17,399526
52663,0.026323,172.31.36.0-255,66,246914,17,399526
52664,0.028345,74.125.68.0-255,5738,252652,17,399526
52665,0.028352,172.31.36.0-255,66,252718,17,399526
52666,0.030375,74.125.68.0-255,5738,258456,17,399526
52667,0.030382,172.31.36.0-255,66,258522,17,399526
52668,0.032408,74.125.68.0-255,5738,264260,17,399526
52669,0.032414,172.31.36.0-255,66,264326,17,399526
52670,0.033,172.31.36.0-255,267,264593,17,399526
52671,0.033032,172.31.36.0-255,1115,265708,17,399526
52672,0.033078,172.31.36.0-255,1514,267222,17,399526
52673,0.03308,172.31.36.0-255,1273,268495,17,399526
52674,0.034436,74.125.68.0-255,5738,274233,17,399526
52675,0.034443,172.31.36.0-255,66,274299,17,399526
52676,0.034547,104.244.42.0-255,66,274365,17,399526
52677,0.034765,104.244.42.0-255,66,274431,17,399526
52678,0.034771,104.244.42.0-255,66,274497,17,399526
52679,0.036478,74.125.68.0-255,5738,280235,17,399526
52680,0.036483,172.31.36.0-255,66,280301,17,399526
52681,0.038512,74.125.68.0-255,5738,286039,17,399526
52682,0.038519,172.31.36.0-255,66,286105,17,399526
52683,0.040546,74.125.68.0-255,4320,290425,17,399526
52684,0.040552,172.31.36.0-255,66,290491,17,399526
52685,0.040569,74.125.68.0-255,1484,291975,17,399526
52686,0.042582,74.125.68.0-255,4320,296295,17,399526
52687,0.042595,172.31.36.0-255,66,296361,17,399526
52688,0.04464,74.125.68.0-255,5738,302099,17,399526
52689,0.04469,172.31.36.0-255,66,302165,17,399526
52690,0.046736,74.125.68.0-255,5738,307903,17,399526
52691,0.046744,172.31.36.0-255,66,307969,17,399526
52692,0.048791,74.125.68.0-255,5738,313707,17,399526
52693,0.048797,172.31.36.0-255,66,313773,17,399526
52694,0.050834,74.125.68.0-255,5738,319511,17,399526
52695,0.050841,172.31.36.0-255,66,319577,17,399526
52696,0.052872,74.125.68.0-255,5738,325315,17,399526
52697,0.05288,172.31.36.0-255,66,325381,17,399526
52698,0.054908,74.125.68.0-255,5738,331119,17,399526
52699,0.054914,172.31.36.0-255,66,331185,17,399526
52700,0.056945,74.125.68.0-255,5738,336923,17,399526
52701,0.056952,172.31.36.0-255,66,336989,17,399526
52702,0.058975,74.125.68.0-255,5738,342727,17,399526
52703,0.058981,172.31.36.0-255,66,342793,17,399526
52704,0.061006,74.125.68.0-255,5738,348531,17,399526
52705,0.061014,172.31.36.0-255,66,348597,17,399526
52706,0.06305,74.125.68.0-255,5738,354335,17,399526
52707,0.063057,172.31.36.0-255,66,354401,17,399526
52708,0.065087,74.125.68.0-255,5738,360139,17,399526
52709,0.065093,172.31.36.0-255,66,360205,17,399526
52710,0.067163,74.125.68.0-255,5738,365943,17,399526
52711,0.067169,172.31.36.0-255,66,366009,17,399526
52712,0.069202,74.125.68.0-255,5738,371747,17,399526
52713,0.069209,172.31.36.0-255,66,371813,17,399526
52714,0.071232,74.125.68.0-255,5738,377551,17,399526
52715,0.071238,172.31.36.0-255,66,377617,17,399526
52716,0.073264,74.125.68.0-255,5738,383355,17,399526
52717,0.073271,172.31.36.0-255,66,383421,17,399526
52718,0.075298,74.125.68.0-255,5738,389159,17,399526
52719,0.075305,172.31.36.0-255,66,389225,17,399526
52720,0.077328,74.125.68.0-255,5738,394963,17,399526
52721,0.077335,172.31.36.0-255,66,395029,17,399526
52722,0.079352,74.125.68.0-255,4260,399289,17,399526
52723,0.079359,172.31.36.0-255,66,399355,17,399526
52724,0.079545,172.31.36.0-255,105,399460,17,399526
52725,0.081527,74.125.68.0-255,66,399526,17,399526
52726,0.0,74.125.24.0-255,153,153,17,320035
52727,2.5e-05,172.31.36.0-255,66,219,17,320035
52728,3.2e-05,74.125.24.0-255,1484,1703,17,320035
52729,3.7e-05,172.31.36.0-255,66,1769,17,320035
52730,4.3e-05,74.125.24.0-255,2902,4671,17,320035
52731,4.7e-05,172.31.36.0-255,66,4737,17,320035
52732,5.5e-05,74.125.24.0-255,7156,11893,17,320035
52733,5.7e-05,172.31.36.0-255,66,11959,17,320035
52734,6.2e-05,74.125.24.0-255,2056,14015,17,320035
52735,6.5e-05,172.31.36.0-255,66,14081,17,320035
52736,0.000213,74.125.24.0-255,1484,15565,17,320035
52737,0.000218,172.31.36.0-255,66,15631,17,320035
52738,0.000224,74.125.24.0-255,2902,18533,17,320035
52739,0.000228,172.31.36.0-255,66,18599,17,320035
52740,0.000258,74.125.24.0-255,5738,24337,17,320035
52741,0.000261,172.31.36.0-255,66,24403,17,320035
52742,0.000297,74.125.24.0-255,4320,28723,17,320035
52743,0.0003,172.31.36.0-255,66,28789,17,320035
52744,0.000315,74.125.24.0-255,2543,31332,17,320035
52745,0.000317,172.31.36.0-255,66,31398,17,320035
52746,0.000368,74.125.24.0-255,1484,32882,17,320035
52747,0.00037,172.31.36.0-255,66,32948,17,320035
52748,0.000375,74.125.24.0-255,2902,35850,17,320035
52749,0.000378,172.31.36.0-255,66,35916,17,320035
52750,0.000417,74.125.24.0-255,5738,41654,17,320035
52751,0.00042,172.31.36.0-255,66,41720,17,320035
52752,0.000467,74.125.24.0-255,6797,48517,17,320035
52753,0.000469,172.31.36.0-255,66,48583,17,320035
52754,0.002218,74.125.24.0-255,1484,50067,17,320035
52755,0.002226,172.31.36.0-255,66,50133,17,320035
52756,0.002236,74.125.24.0-255,2902,53035,17,320035
52757,0.002239,172.31.36.0-255,66,53101,17,320035
52758,0.002246,74.125.24.0-255,5738,58839,17,320035
52759,0.002272,74.125.24.0-255,1484,60323,17,320035
52760,0.002291,74.125.24.0-255,5379,65702,17,320035
52761,0.002293,74.125.24.0-255,1484,67186,17,320035
52762,0.002313,74.125.24.0-255,5738,72924,17,320035
52763,0.002316,172.31.36.0-255,66,72990,17,320035
52764,0.002325,74.125.24.0-255,1484,74474,17,320035
52765,0.00233,172.31.36.0-255,66,74540,17,320035
52766,0.002341,74.125.24.0-255,2902,77442,17,320035
52767,0.002361,74.125.24.0-255,5958,83400,17,320035
52768,0.00238,74.125.24.0-255,4320,87720,17,320035
52769,0.002387,74.125.24.0-255,5738,93458,17,320035
52770,0.002403,172.31.36.0-255,66,93524,17,320035
52771,0.00242,74.125.24.0-255,4320,97844,17,320035
52772,0.002431,172.31.36.0-255,66,97910,17,320035
52773,0.00244,74.125.24.0-255,2543,100453,17,320035
52774,0.002446,172.31.36.0-255,66,100519,17,320035
52775,0.004999,74.125.24.0-255,4320,104839,17,320035
52776,0.005006,172.31.36.0-255,66,104905,17,320035
52777,0.005025,74.125.24.0-255,1484,106389,17,320035
52778,0.007617,74.125.24.0-255,4320,110709,17,320035
52779,0.007624,172.31.36.0-255,66,110775,17,320035
52780,0.010162,74.125.24.0-255,5738,116513,17,320035
52781,0.01022,172.31.36.0-255,66,116579,17,320035
52782,0.012815,74.125.24.0-255,5738,122317,17,320035
52783,0.012834,172.31.36.0-255,66,122383,17,320035
52784,0.015383,74.125.24.0-255,5738,128121,17,320035
52785,0.016254,172.31.36.0-255,66,128187,17,320035
52786,0.01882,74.125.24.0-255,5738,133925,17,320035
52787,0.018837,172.31.36.0-255,66,133991,17,320035
52788,0.020283,172.31.36.0-255,172,134163,17,320035
52789,0.020328,172.31.36.0-255,1118,135281,17,320035
52790,0.020385,172.31.36.0-255,1514,136795,17,320035
52791,0.020388,172.31.36.0-255,1270,138065,17,320035
52792,0.021409,74.125.24.0-255,5738,143803,17,320035
52793,0.021416,172.31.36.0-255,66,143869,17,320035
52794,0.021845,104.244.42.0-255,66,143935,17,320035
52795,0.021899,104.244.42.0-255,66,144001,17,320035
52796,0.021953,104.244.42.0-255,66,144067,17,320035
52797,0.023967,74.125.24.0-255,5738,149805,17,320035
52798,0.023973,172.31.36.0-255,66,149871,17,320035
52799,0.026537,74.125.24.0-255,5738,155609,17,320035
52800,0.026543,172.31.36.0-255,66,155675,17,320035
52801,0.029116,74.125.24.0-255,5738,161413,17,320035
52802,0.029125,172.31.36.0-255,66,161479,17,320035
52803,0.031675,74.125.24.0-255,5738,167217,17,320035
52804,0.031684,172.31.36.0-255,66,167283,17,320035
52805,0.034267,74.125.24.0-255,5738,173021,17,320035
52806,0.034274,172.31.36.0-255,66,173087,17,320035
52807,0.036834,74.125.24.0-255,5738,178825,17,320035
52808,0.036842,172.31.36.0-255,66,178891,17,320035
52809,0.039401,74.125.24.0-255,5738,184629,17,320035
52810,0.039409,172.31.36.0-255,66,184695,17,320035
52811,0.041979,74.125.24.0-255,5738,190433,17,320035
52812,0.041986,172.31.36.0-255,66,190499,17,320035
52813,0.04452,74.125.24.0-255,5738,196237,17,320035
52814,0.044527,172.31.36.0-255,66,196303,17,320035
52815,0.047096,74.125.24.0-255,5738,202041,17,320035
52816,0.047103,172.31.36.0-255,66,202107,17,320035
52817,0.049654,74.125.24.0-255,5738,207845,17,320035
52818,0.049661,172.31.36.0-255,66,207911,17,320035
52819,0.052202,74.125.24.0-255,5738,213649,17,320035
52820,0.052212,172.31.36.0-255,66,213715,17,320035
52821,0.054747,74.125.24.0-255,5738,219453,17,320035
52822,0.054754,172.31.36.0-255,66,219519,17,320035
52823,0.057351,74.125.24.0-255,5738,225257,17,320035
52824,0.057357,172.31.36.0-255,66,225323,17,320035
52825,0.059927,74.125.24.0-255,5738,231061,17,320035
52826,0.059933,172.31.36.0-255,66,231127,17,320035
52827,0.062473,74.125.24.0-255,5738,236865,17,320035
52828,0.06248,172.31.36.0-255,66,236931,17,320035
52829,0.065032,74.125.24.0-255,2902,239833,17,320035
52830,0.065039,172.31.36.0-255,66,239899,17,320035
52831,0.065057,74.125.24.0-255,2902,242801,17,320035
52832,0.065088,172.31.36.0-255,66,242867,17,320035
52833,0.067585,74.125.24.0-255,2902,245769,17,320035
52834,0.067592,172.31.36.0-255,66,245835,17,320035
52835,0.067655,74.125.24.0-255,2902,248737,17,320035
52836,0.067685,172.31.36.0-255,66,248803,17,320035
52837,0.070148,74.125.24.0-255,2902,251705,17,320035
52838,0.070155,172.31.36.0-255,66,251771,17,320035
52839,0.070242,74.125.24.0-255,2902,254673,17,320035
52840,0.070264,172.31.36.0-255,66,254739,17,320035
52841,0.07271,74.125.24.0-255,2902,257641,17,320035
52842,0.072718,172.31.36.0-255,66,257707,17,320035
52843,0.072804,74.125.24.0-255,2902,260609,17,320035
52844,0.072824,172.31.36.0-255,66,260675,17,320035
52845,0.075295,74.125.24.0-255,2902,263577,17,320035
52846,0.075301,172.31.36.0-255,66,263643,17,320035
52847,0.075407,74.125.24.0-255,2902,266545,17,320035
52848,0.075411,172.31.36.0-255,66,266611,17,320035
52849,0.077838,74.125.24.0-255,2902,269513,17,320035
52850,0.077845,172.31.36.0-255,66,269579,17,320035
52851,0.078007,74.125.24.0-255,2902,272481,17,320035
52852,0.078013,172.31.36.0-255,66,272547,17,320035
52853,0.080411,74.125.24.0-255,2902,275449,17,320035
52854,0.080419,172.31.36.0-255,66,275515,17,320035
52855,0.080532,74.125.24.0-255,2902,278417,17,320035
52856,0.080537,172.31.36.0-255,66,278483,17,320035
52857,0.082963,74.125.24.0-255,2902,281385,17,320035
52858,0.082971,172.31.36.0-255,66,281451,17,320035
52859,0.083081,74.125.24.0-255,2902,284353,17,320035
52860,0.083086,172.31.36.0-255,66,284419,17,320035
52861,0.085518,74.125.24.0-255,2902,287321,17,320035
52862,0.085526,172.31.36.0-255,66,287387,17,320035
52863,0.085591,74.125.24.0-255,2902,290289,17,320035
52864,0.085629,172.31.36.0-255,66,290355,17,320035
52865,0.088086,74.125.24.0-255,2902,293257,17,320035
52866,0.088092,172.31.36.0-255,66,293323,17,320035
52867,0.088168,74.125.24.0-255,2902,296225,17,320035
52868,0.0882,172.31.36.0-255,66,296291,17,320035
52869,0.090659,74.125.24.0-255,2902,299193,17,320035
52870,0.090666,172.31.36.0-255,66,299259,17,320035
52871,0.090756,74.125.24.0-255,2902,302161,17,320035
52872,0.09076,172.31.36.0-255,66,302227,17,320035
52873,0.093241,74.125.24.0-255,2902,305129,17,320035
52874,0.09325,172.31.36.0-255,66,305195,17,320035
52875,0.093301,74.125.24.0-255,2902,308097,17,320035
52876,0.093315,172.31.36.0-255,66,308163,17,320035
52877,0.095823,74.125.24.0-255,2902,311065,17,320035
52878,0.095831,172.31.36.0-255,66,311131,17,320035
52879,0.095862,74.125.24.0-255,2902,314033,17,320035
52880,0.095881,172.31.36.0-255,66,314099,17,320035
52881,0.098393,74.125.24.0-255,2902,317001,17,320035
52882,0.098401,172.31.36.0-255,66,317067,17,320035
52883,0.098425,74.125.24.0-255,2902,319969,17,320035
52884,0.098461,172.31.36.0-255,66,320035,17,320035
52885,0.0,74.125.24.0-255,153,153,17,342761
52886,3.6e-05,172.31.36.0-255,66,219,17,342761
52887,4.3e-05,74.125.24.0-255,1484,1703,17,342761
52888,4.7e-05,172.31.36.0-255,66,1769,17,342761
52889,5.2e-05,74.125.24.0-255,2902,4671,17,342761
52890,5.5e-05,172.31.36.0-255,66,4737,17,342761
52891,6.8e-05,74.125.24.0-255,4320,9057,17,342761
52892,7.2e-05,172.31.36.0-255,66,9123,17,342761
52893,7.8e-05,74.125.24.0-255,4854,13977,17,342761
52894,8.1e-05,172.31.36.0-255,66,14043,17,342761
52895,0.000284,74.125.24.0-255,1484,15527,17,342761
52896,0.000291,172.31.36.0-255,66,15593,17,342761
52897,0.000297,74.125.24.0-255,2902,18495,17,342761
52898,0.000299,172.31.36.0-255,66,18561,17,342761
52899,0.000335,74.125.24.0-255,5738,24299,17,342761
52900,0.000339,172.31.36.0-255,66,24365,17,342761
52901,0.000375,74.125.24.0-255,6797,31162,17,342761
52902,0.000379,172.31.36.0-255,66,31228,17,342761
52903,0.000387,74.125.24.0-255,7156,38384,17,342761
52904,0.000389,172.31.36.0-255,66,38450,17,342761
52905,0.000402,74.125.24.0-255,4320,42770,17,342761
52906,0.000404,172.31.36.0-255,66,42836,17,342761
52907,0.000437,74.125.24.0-255,5379,48215,17,342761
52908,0.000441,172.31.36.0-255,66,48281,17,342761
52909,0.000478,74.125.24.0-255,1484,49765,17,342761
52910,0.000481,172.31.36.0-255,66,49831,17,342761
52911,0.000508,74.125.24.0-255,2902,52733,17,342761
52912,0.000511,172.31.36.0-255,66,52799,17,342761
52913,0.000517,74.125.24.0-255,4320,57119,17,342761
52914,0.000518,172.31.36.0-255,66,57185,17,342761
52915,0.00056,74.125.24.0-255,5738,62923,17,342761
52916,0.000563,172.31.36.0-255,66,62989,17,342761
52917,0.000589,74.125.24.0-255,2543,65532,17,342761
52918,0.000592,172.31.36.0-255,66,65598,17,342761
52919,0.000622,74.125.24.0-255,645,66243,17,342761
52920,0.000771,172.31.36.0-255,66,66309,17,342761
52921,0.001303,74.125.24.0-255,1484,67793,17,342761
52922,0.001321,74.125.24.0-255,2902,70695,17,342761
52923,0.001325,172.31.36.0-255,66,70761,17,342761
52924,0.001331,74.125.24.0-255,5738,76499,17,342761
52925,0.001333,172.31.36.0-255,66,76565,17,342761
52926,0.001373,172.31.36.0-255,66,76631,17,342761
52927,0.001379,74.125.24.0-255,5738,82369,17,342761
52928,0.001381,172.31.36.0-255,66,82435,17,342761
52929,0.00141,74.125.24.0-255,5020,87455,17,342761
52930,0.001412,172.31.36.0-255,66,87521,17,342761
52931,0.001464,74.125.24.0-255,2902,90423,17,342761
52932,0.001467,172.31.36.0-255,66,90489,17,342761
52933,0.001496,74.125.24.0-255,2902,93391,17,342761
52934,0.001499,172.31.36.0-255,66,93457,17,342761
52935,0.001505,74.125.24.0-255,7156,100613,17,342761
52936,0.001507,172.31.36.0-255,66,100679,17,342761
52937,0.001524,172.31.36.0-255,66,100745,17,342761
52938,0.00153,74.125.24.0-255,6438,107183,17,342761
52939,0.001532,172.31.36.0-255,66,107249,17,342761
52940,0.001888,74.125.24.0-255,1484,108733,17,342761
52941,0.001907,74.125.24.0-255,2902,111635,17,342761
52942,0.001911,172.31.36.0-255,66,111701,17,342761
52943,0.001917,74.125.24.0-255,5738,117439,17,342761
52944,0.001919,172.31.36.0-255,66,117505,17,342761
52945,0.001949,74.125.24.0-255,7156,124661,17,342761
52946,0.001953,172.31.36.0-255,66,124727,17,342761
52947,0.001968,172.31.36.0-255,66,124793,17,342761
52948,0.001978,74.125.24.0-255,2184,126977,17,342761
52949,0.00198,172.31.36.0-255,66,127043,17,342761
52950,0.002011,74.125.24.0-255,1484,128527,17,342761
52951,0.002031,74.125.24.0-255,2902,131429,17,342761
52952,0.002034,172.31.36.0-255,66,131495,17,342761
52953,0.002041,74.125.24.0-255,5738,137233,17,342761
52954,0.002043,172.31.36.0-255,66,137299,17,342761
52955,0.002119,172.31.36.0-255,66,137365,17,342761
52956,0.002127,74.125.24.0-255,7156,144521,17,342761
52957,0.002129,172.31.36.0-255,66,144587,17,342761
52958,0.002139,74.125.24.0-255,3602,148189,17,342761
52959,0.002142,172.31.36.0-255,66,148255,17,342761
52960,0.002147,74.125.24.0-255,4320,152575,17,342761
52961,0.00215,172.31.36.0-255,66,152641,17,342761
52962,0.00219,172.31.36.0-255,66,152707,17,342761
52963,0.002205,172.31.36.0-255,66,152773,17,342761
52964,0.002208,74.125.24.0-255,1484,154257,17,342761
52965,0.002243,74.125.24.0-255,3602,157859,17,342761
52966,0.002246,172.31.36.0-255,66,157925,17,342761
52967,0.004448,74.125.24.0-255,5738,163663,17,342761
52968,0.004453,172.31.36.0-255,66,163729,17,342761
52969,0.006661,74.125.24.0-255,5738,169467,17,342761
52970,0.006669,172.31.36.0-255,66,169533,17,342761
52971,0.008859,74.125.24.0-255,4320,173853,17,342761
52972,0.008866,172.31.36.0-255,66,173919,17,342761
52973,0.0089,74.125.24.0-255,1484,175403,17,342761
52974,0.011087,74.125.24.0-255,4320,179723,17,342761
52975,0.011094,172.31.36.0-255,66,179789,17,342761
52976,0.013321,74.125.24.0-255,5738,185527,17,342761
52977,0.013333,172.31.36.0-255,66,185593,17,342761
52978,0.015568,74.125.24.0-255,5738,191331,17,342761
52979,0.015579,172.31.36.0-255,66,191397,17,342761
52980,0.017812,74.125.24.0-255,5738,197135,17,342761
52981,0.01782,172.31.36.0-255,66,197201,17,342761
52982,0.020065,74.125.24.0-255,5738,202939,17,342761
52983,0.020072,172.31.36.0-255,66,203005,17,342761
52984,0.022295,74.125.24.0-255,5738,208743,17,342761
52985,0.022302,172.31.36.0-255,66,208809,17,342761
52986,0.02452,74.125.24.0-255,5738,214547,17,342761
52987,0.024527,172.31.36.0-255,66,214613,17,342761
52988,0.026756,74.125.24.0-255,5738,220351,17,342761
52989,0.026765,172.31.36.0-255,66,220417,17,342761
52990,0.028953,74.125.24.0-255,5738,226155,17,342761
52991,0.028961,172.31.36.0-255,66,226221,17,342761
52992,0.030605,172.31.36.0-255,172,226393,17,342761
52993,0.030654,172.31.36.0-255,1118,227511,17,342761
52994,0.030711,172.31.36.0-255,1514,229025,17,342761
52995,0.030713,172.31.36.0-255,1270,230295,17,342761
52996,0.031199,74.125.24.0-255,5738,236033,17,342761
52997,0.031206,172.31.36.0-255,66,236099,17,342761
52998,0.032159,104.244.42.0-255,66,236165,17,342761
52999,0.032259,104.244.42.0-255,66,236231,17,342761
53000,0.032309,104.244.42.0-255,66,236297,17,342761
53001,0.033393,74.125.24.0-255,5738,242035,17,342761
53002,0.0334,172.31.36.0-255,66,242101,17,342761
53003,0.035616,74.125.24.0-255,5738,247839,17,342761
53004,0.035623,172.31.36.0-255,66,247905,17,342761
53005,0.035887,104.244.42.0-255,108,248013,17,342761
53006,0.035895,172.31.36.0-255,66,248079,17,342761
53007,0.037862,74.125.24.0-255,5738,253817,17,342761
53008,0.037869,172.31.36.0-255,66,253883,17,342761
53009,0.040069,74.125.24.0-255,5738,259621,17,342761
53010,0.040076,172.31.36.0-255,66,259687,17,342761
53011,0.042267,74.125.24.0-255,5738,265425,17,342761
53012,0.042274,172.31.36.0-255,66,265491,17,342761
53013,0.04449,74.125.24.0-255,5738,271229,17,342761
53014,0.044496,172.31.36.0-255,66,271295,17,342761
53015,0.046696,74.125.24.0-255,5738,277033,17,342761
53016,0.046703,172.31.36.0-255,66,277099,17,342761
53017,0.048937,74.125.24.0-255,5738,282837,17,342761
53018,0.048947,172.31.36.0-255,66,282903,17,342761
53019,0.051169,74.125.24.0-255,5738,288641,17,342761
53020,0.051177,172.31.36.0-255,66,288707,17,342761
53021,0.05337,74.125.24.0-255,5738,294445,17,342761
53022,0.053377,172.31.36.0-255,66,294511,17,342761
53023,0.055588,74.125.24.0-255,5738,300249,17,342761
53024,0.055596,172.31.36.0-255,66,300315,17,342761
53025,0.057824,74.125.24.0-255,5738,306053,17,342761
53026,0.057832,172.31.36.0-255,66,306119,17,342761
53027,0.060031,74.125.24.0-255,5738,311857,17,342761
53028,0.060039,172.31.36.0-255,66,311923,17,342761
53029,0.062266,74.125.24.0-255,5738,317661,17,342761
53030,0.062273,172.31.36.0-255,66,317727,17,342761
53031,0.064468,74.125.24.0-255,5738,323465,17,342761
53032,0.064475,172.31.36.0-255,66,323531,17,342761
53033,0.06667,74.125.24.0-255,5738,329269,17,342761
53034,0.066676,172.31.36.0-255,66,329335,17,342761
53035,0.068872,74.125.24.0-255,5738,335073,17,342761
53036,0.068879,172.31.36.0-255,66,335139,17,342761
53037,0.071133,74.125.24.0-255,5738,340877,17,342761
53038,0.07114,172.31.36.0-255,66,340943,17,342761
53039,0.073348,74.125.24.0-255,1581,342524,17,342761
53040,0.073355,172.31.36.0-255,66,342590,17,342761
53041,0.073534,172.31.36.0-255,105,342695,17,342761
53042,0.075797,74.125.24.0-255,66,342761,17,342761
53043,0.0,172.217.194.0-255,153,153,17,223568
53044,3.3e-05,172.31.36.0-255,66,219,17,223568
53045,4.1e-05,172.217.194.0-255,1484,1703,17,223568
53046,4.5e-05,172.31.36.0-255,66,1769,17,223568
53047,4.8e-05,172.217.194.0-255,1484,3253,17,223568
53048,5e-05,172.31.36.0-255,66,3319,17,223568
53049,8.8e-05,172.217.194.0-255,1484,4803,17,223568
53050,9.1e-05,172.31.36.0-255,66,4869,17,223568
53051,9.9e-05,172.217.194.0-255,5738,10607,17,223568
53052,0.000101,172.31.36.0-255,66,10673,17,223568
53053,0.000106,172.217.194.0-255,3522,14195,17,223568
53054,0.000113,172.31.36.0-255,66,14261,17,223568
53055,0.00029,172.217.194.0-255,1484,15745,17,223568
53056,0.000294,172.31.36.0-255,66,15811,17,223568
53057,0.000299,172.217.194.0-255,1484,17295,17,223568
53058,0.000301,172.31.36.0-255,66,17361,17,223568
53059,0.000326,172.217.194.0-255,1484,18845,17,223568
53060,0.000329,172.31.36.0-255,66,18911,17,223568
53061,0.000334,172.217.194.0-255,2902,21813,17,223568
53062,0.000339,172.31.36.0-255,66,21879,17,223568
53063,0.000346,172.217.194.0-255,7156,29035,17,223568
53064,0.000349,172.31.36.0-255,66,29101,17,223568
53065,0.000387,172.217.194.0-255,5379,34480,17,223568
53066,0.000391,172.31.36.0-255,66,34546,17,223568
53067,0.000398,172.217.194.0-255,5738,40284,17,223568
53068,0.0004,172.31.36.0-255,66,40350,17,223568
53069,0.000424,172.31.36.0-255,66,40416,17,223568
53070,0.000445,172.217.194.0-255,1484,41900,17,223568
53071,0.000449,172.217.194.0-255,2902,44802,17,223568
53072,0.000449,172.31.36.0-255,66,44868,17,223568
53073,0.000453,172.31.36.0-255,66,44934,17,223568
53074,0.000479,172.217.194.0-255,4320,49254,17,223568
53075,0.000482,172.31.36.0-255,66,49320,17,223568
53076,0.000495,172.217.194.0-255,5020,54340,17,223568
53077,0.000498,172.31.36.0-255,66,54406,17,223568
53078,0.0005,172.217.194.0-255,340,54746,17,223568
53079,0.000503,172.31.36.0-255,66,54812,17,223568
53080,0.000545,172.217.194.0-255,118,54930,17,223568
53081,0.000799,172.31.36.0-255,66,54996,17,223568
53082,0.00122,172.217.194.0-255,1484,56480,17,223568
53083,0.001227,172.31.36.0-255,66,56546,17,223568
53084,0.001236,172.217.194.0-255,2902,59448,17,223568
53085,0.001238,172.31.36.0-255,66,59514,17,223568
53086,0.001252,172.217.194.0-255,5738,65252,17,223568
53087,0.001283,172.217.194.0-255,2902,68154,17,223568
53088,0.001308,172.217.194.0-255,1484,69638,17,223568
53089,0.001351,172.217.194.0-255,1484,71122,17,223568
53090,0.001373,172.217.194.0-255,5738,76860,17,223568
53091,0.00141,172.217.194.0-255,4320,81180,17,223568
53092,0.001452,172.217.194.0-255,1484,82664,17,223568
53093,0.001473,172.217.194.0-255,5738,88402,17,223568
53094,0.001496,172.217.194.0-255,6753,95155,17,223568
53095,0.001536,172.217.194.0-255,1484,96639,17,223568
53096,0.001541,172.217.194.0-255,2902,99541,17,223568
53097,0.001576,172.217.194.0-255,2902,102443,17,223568
53098,0.001586,172.217.194.0-255,1484,103927,17,223568
53099,0.001597,172.217.194.0-255,1484,105411,17,223568
53100,0.001602,172.217.194.0-255,2902,108313,17,223568
53101,0.00162,172.217.194.0-255,4320,112633,17,223568
53102,0.001656,172.217.194.0-255,1484,114117,17,223568
53103,0.001688,172.217.194.0-255,2184,116301,17,223568
53104,0.001866,172.217.194.0-255,1484,117785,17,223568
53105,0.00187,172.217.194.0-255,2902,120687,17,223568
53106,0.001874,172.217.194.0-255,2902,123589,17,223568
53107,0.00189,172.217.194.0-255,2902,126491,17,223568
53108,0.001894,172.217.194.0-255,2902,129393,17,223568
53109,0.001946,172.217.194.0-255,1484,130877,17,223568
53110,0.00196,172.217.194.0-255,4320,135197,17,223568
53111,0.001979,172.217.194.0-255,4320,139517,17,223568
53112,0.001988,172.217.194.0-255,766,140283,17,223568
53113,0.002,172.217.194.0-255,1484,141767,17,223568
53114,0.002019,172.217.194.0-255,1484,143251,17,223568
53115,0.002034,172.217.194.0-255,1484,144735,17,223568
53116,0.002039,172.217.194.0-255,5738,150473,17,223568
53117,0.002044,172.217.194.0-255,4320,154793,17,223568
53118,0.002093,172.217.194.0-255,1484,156277,17,223568
53119,0.002114,172.217.194.0-255,7156,163433,17,223568
53120,0.002128,172.217.194.0-255,2184,165617,17,223568
53121,0.002144,172.217.194.0-255,2902,168519,17,223568
53122,0.002209,172.217.194.0-255,2902,171421,17,223568
53123,0.002337,172.217.194.0-255,4320,175741,17,223568
53124,0.002392,172.217.194.0-255,1484,177225,17,223568
53125,0.002421,172.217.194.0-255,4320,181545,17,223568
53126,0.002438,172.217.194.0-255,3602,185147,17,223568
53127,0.002464,172.217.194.0-255,4320,189467,17,223568
53128,0.002527,172.217.194.0-255,6438,195905,17,223568
53129,0.002609,172.217.194.0-255,2902,198807,17,223568
53130,0.002646,172.217.194.0-255,2902,201709,17,223568
53131,0.002657,172.217.194.0-255,2902,204611,17,223568
53132,0.00273,172.217.194.0-255,5020,209631,17,223568
53133,0.002843,172.217.194.0-255,2902,212533,17,223568
53134,0.002892,172.217.194.0-255,1484,214017,17,223568
53135,0.002909,172.217.194.0-255,4858,218875,17,223568
53136,0.007274,172.31.36.0-255,66,218941,17,223568
53137,0.010201,172.31.36.0-255,105,219046,17,223568
53138,0.01287,172.217.194.0-255,66,219112,17,223568
53139,0.029612,172.31.36.0-255,182,219294,17,223568
53140,0.029644,172.31.36.0-255,1117,220411,17,223568
53141,0.029682,172.31.36.0-255,1514,221925,17,223568
53142,0.029683,172.31.36.0-255,1271,223196,17,223568
53143,0.031178,104.244.42.0-255,66,223262,17,223568
53144,0.031198,104.244.42.0-255,66,223328,17,223568
53145,0.031267,104.244.42.0-255,66,223394,17,223568
53146,0.035489,104.244.42.0-255,108,223502,17,223568
53147,0.035513,172.31.36.0-255,66,223568,17,223568
53148,0.0,74.125.130.0-255,143,143,17,380740
53149,3.3e-05,172.31.36.0-255,66,209,17,380740
53150,4e-05,74.125.130.0-255,1484,1693,17,380740
53151,4.5e-05,172.31.36.0-255,66,1759,17,380740
53152,5e-05,74.125.130.0-255,2902,4661,17,380740
53153,5.2e-05,172.31.36.0-255,66,4727,17,380740
53154,5.9e-05,74.125.130.0-255,7156,11883,17,380740
53155,6.2e-05,172.31.36.0-255,66,11949,17,380740
53156,6.9e-05,74.125.130.0-255,5738,17687,17,380740
53157,7.2e-05,172.31.36.0-255,66,17753,17,380740
53158,9.5e-05,74.125.130.0-255,2031,19784,17,380740
53159,9.8e-05,172.31.36.0-255,66,19850,17,380740
53160,0.000112,172.31.36.0-255,66,19916,17,380740
53161,0.000249,74.125.130.0-255,1484,21400,17,380740
53162,0.000253,172.31.36.0-255,66,21466,17,380740
53163,0.000259,74.125.130.0-255,2902,24368,17,380740
53164,0.000261,172.31.36.0-255,66,24434,17,380740
53165,0.000276,74.125.130.0-255,5738,30172,17,380740
53166,0.000282,172.31.36.0-255,66,30238,17,380740
53167,0.000299,74.125.130.0-255,4320,34558,17,380740
53168,0.000303,172.31.36.0-255,66,34624,17,380740
53169,0.000327,74.125.130.0-255,2543,37167,17,380740
53170,0.00033,172.31.36.0-255,66,37233,17,380740
53171,0.000337,74.125.130.0-255,7156,44389,17,380740
53172,0.000339,172.31.36.0-255,66,44455,17,380740
53173,0.000363,74.125.130.0-255,7156,51611,17,380740
53174,0.000367,172.31.36.0-255,66,51677,17,380740
53175,0.000385,74.125.130.0-255,2793,54470,17,380740
53176,0.000388,172.31.36.0-255,66,54536,17,380740
53177,0.000788,74.125.130.0-255,123,54659,17,380740
53178,0.000793,172.31.36.0-255,66,54725,17,380740
53179,0.000827,74.125.130.0-255,1484,56209,17,380740
53180,0.000845,74.125.130.0-255,2902,59111,17,380740
53181,0.000848,74.125.130.0-255,1484,60595,17,380740
53182,0.000857,172.31.36.0-255,66,60661,17,380740
53183,0.00086,74.125.130.0-255,2902,63563,17,380740
53184,0.000873,172.31.36.0-255,66,63629,17,380740
53185,0.000878,74.125.130.0-255,4320,67949,17,380740
53186,0.000899,74.125.130.0-255,4320,72269,17,380740
53187,0.000903,172.31.36.0-255,66,72335,17,380740
53188,0.000948,74.125.130.0-255,5738,78073,17,380740
53189,0.000953,74.125.130.0-255,2902,80975,17,380740
53190,0.000956,172.31.36.0-255,66,81041,17,380740
53191,0.000961,172.31.36.0-255,66,81107,17,380740
53192,0.000971,74.125.130.0-255,4320,85427,17,380740
53193,0.00098,172.31.36.0-255,66,85493,17,380740
53194,0.000998,74.125.130.0-255,3602,89095,17,380740
53195,0.001007,172.31.36.0-255,66,89161,17,380740
53196,0.001025,74.125.130.0-255,379,89540,17,380740
53197,0.001155,172.31.36.0-255,66,89606,17,380740
53198,0.00133,74.125.130.0-255,1484,91090,17,380740
53199,0.001339,74.125.130.0-255,2902,93992,17,380740
53200,0.001362,74.125.130.0-255,5738,99730,17,380740
53201,0.001376,74.125.130.0-255,2902,102632,17,380740
53202,0.001401,74.125.130.0-255,5738,108370,17,380740
53203,0.001413,74.125.130.0-255,1484,109854,17,380740
53204,0.001441,74.125.130.0-255,3602,113456,17,380740
53205,0.001468,74.125.130.0-255,2902,116358,17,380740
53206,0.001484,74.125.130.0-255,1484,117842,17,380740
53207,0.001487,74.125.130.0-255,1484,119326,17,380740
53208,0.001512,74.125.130.0-255,2902,122228,17,380740
53209,0.001529,74.125.130.0-255,5738,127966,17,380740
53210,0.00154,74.125.130.0-255,2902,130868,17,380740
53211,0.001546,74.125.130.0-255,5738,136606,17,380740
53212,0.001563,74.125.130.0-255,2184,138790,17,380740
53213,0.001889,74.125.130.0-255,1484,140274,17,380740
53214,0.001896,74.125.130.0-255,1484,141758,17,380740
53215,0.001906,74.125.130.0-255,1484,143242,17,380740
53216,0.001918,74.125.130.0-255,1484,144726,17,380740
53217,0.001939,74.125.130.0-255,2902,147628,17,380740
53218,0.001945,74.125.130.0-255,5738,153366,17,380740
53219,0.001951,74.125.130.0-255,5738,159104,17,380740
53220,0.001974,74.125.130.0-255,7156,166260,17,380740
53221,0.001995,74.125.130.0-255,6438,172698,17,380740
53222,0.006714,172.31.36.0-255,66,172764,17,380740
53223,0.009323,74.125.130.0-255,5738,178502,17,380740
53224,0.009331,172.31.36.0-255,66,178568,17,380740
53225,0.011889,74.125.130.0-255,5738,184306,17,380740
53226,0.011897,172.31.36.0-255,66,184372,17,380740
53227,0.014455,74.125.130.0-255,5738,190110,17,380740
53228,0.014466,172.31.36.0-255,66,190176,17,380740
53229,0.017033,74.125.130.0-255,5738,195914,17,380740
53230,0.017043,172.31.36.0-255,66,195980,17,380740
53231,0.019591,74.125.130.0-255,5738,201718,17,380740
53232,0.0196,172.31.36.0-255,66,201784,17,380740
53233,0.022168,74.125.130.0-255,5738,207522,17,380740
53234,0.022175,172.31.36.0-255,66,207588,17,380740
53235,0.024729,74.125.130.0-255,5738,213326,17,380740
53236,0.024737,172.31.36.0-255,66,213392,17,380740
53237,0.027289,74.125.130.0-255,5738,219130,17,380740
53238,0.027294,172.31.36.0-255,66,219196,17,380740
53239,0.027498,172.31.36.0-255,172,219368,17,380740
53240,0.02753,172.31.36.0-255,1116,220484,17,380740
53241,0.027564,172.31.36.0-255,1514,221998,17,380740
53242,0.027566,172.31.36.0-255,1514,223512,17,380740
53243,0.027573,172.31.36.0-255,1514,225026,17,380740
53244,0.027574,172.31.36.0-255,1050,226076,17,380740
53245,0.029056,104.244.42.0-255,66,226142,17,380740
53246,0.029087,104.244.42.0-255,66,226208,17,380740
53247,0.029139,104.244.42.0-255,66,226274,17,380740
53248,0.029143,104.244.42.0-255,66,226340,17,380740
53249,0.029836,74.125.130.0-255,5738,232078,17,380740
53250,0.02984,172.31.36.0-255,66,232144,17,380740
53251,0.032439,74.125.130.0-255,5738,237882,17,380740
53252,0.032445,172.31.36.0-255,66,237948,17,380740
53253,0.035001,74.125.130.0-255,5738,243686,17,380740
53254,0.035006,172.31.36.0-255,66,243752,17,380740
53255,0.037591,74.125.130.0-255,5738,249490,17,380740
53256,0.037597,172.31.36.0-255,66,249556,17,380740
53257,0.040156,74.125.130.0-255,5738,255294,17,380740
53258,0.040161,172.31.36.0-255,66,255360,17,380740
53259,0.042719,74.125.130.0-255,5738,261098,17,380740
53260,0.042743,172.31.36.0-255,66,261164,17,380740
53261,0.04533,74.125.130.0-255,5738,266902,17,380740
53262,0.045337,172.31.36.0-255,66,266968,17,380740
53263,0.04788,74.125.130.0-255,5738,272706,17,380740
53264,0.047885,172.31.36.0-255,66,272772,17,380740
53265,0.050428,74.125.130.0-255,4320,277092,17,380740
53266,0.050433,172.31.36.0-255,66,277158,17,380740
53267,0.05046,74.125.130.0-255,1484,278642,17,380740
53268,0.052992,74.125.130.0-255,4320,282962,17,380740
53269,0.052997,172.31.36.0-255,66,283028,17,380740
53270,0.055545,74.125.130.0-255,4320,287348,17,380740
53271,0.055552,172.31.36.0-255,66,287414,17,380740
53272,0.055582,74.125.130.0-255,1484,288898,17,380740
53273,0.05811,74.125.130.0-255,4320,293218,17,380740
53274,0.058115,172.31.36.0-255,66,293284,17,380740
53275,0.060666,74.125.130.0-255,5738,299022,17,380740
53276,0.060725,172.31.36.0-255,66,299088,17,380740
53277,0.063289,74.125.130.0-255,5738,304826,17,380740
53278,0.063296,172.31.36.0-255,66,304892,17,380740
53279,0.065851,74.125.130.0-255,5738,310630,17,380740
53280,0.065857,172.31.36.0-255,66,310696,17,380740
53281,0.068424,74.125.130.0-255,5738,316434,17,380740
53282,0.068428,172.31.36.0-255,66,316500,17,380740
53283,0.070989,74.125.130.0-255,5738,322238,17,380740
53284,0.070996,172.31.36.0-255,66,322304,17,380740
53285,0.073553,74.125.130.0-255,4320,326624,17,380740
53286,0.073558,172.31.36.0-255,66,326690,17,380740
53287,0.073587,74.125.130.0-255,1484,328174,17,380740
53288,0.076106,74.125.130.0-255,4320,332494,17,380740
53289,0.076111,172.31.36.0-255,66,332560,17,380740
53290,0.078662,74.125.130.0-255,5738,338298,17,380740
53291,0.078715,172.31.36.0-255,66,338364,17,380740
53292,0.081271,74.125.130.0-255,5738,344102,17,380740
53293,0.081277,172.31.36.0-255,66,344168,17,380740
53294,0.083826,74.125.130.0-255,4320,348488,17,380740
53295,0.083832,172.31.36.0-255,66,348554,17,380740
53296,0.083862,74.125.130.0-255,1484,350038,17,380740
53297,0.086376,74.125.130.0-255,4320,354358,17,380740
53298,0.086381,172.31.36.0-255,66,354424,17,380740
53299,0.088932,74.125.130.0-255,4320,358744,17,380740
53300,0.088938,172.31.36.0-255,66,358810,17,380740
53301,0.088968,74.125.130.0-255,1484,360294,17,380740
53302,0.091496,74.125.130.0-255,4320,364614,17,380740
53303,0.091502,172.31.36.0-255,66,364680,17,380740
53304,0.094051,74.125.130.0-255,5738,370418,17,380740
53305,0.094109,172.31.36.0-255,66,370484,17,380740
53306,0.096658,74.125.130.0-255,4320,374804,17,380740
53307,0.096665,172.31.36.0-255,66,374870,17,380740
53308,0.096681,74.125.130.0-255,1484,376354,17,380740
53309,0.099211,74.125.130.0-255,4320,380674,17,380740
53310,0.099216,172.31.36.0-255,66,380740,17,380740
53311,0.0,74.125.24.0-255,153,153,17,154265
53312,2.3e-05,172.31.36.0-255,66,219,17,154265
53313,5.2e-05,74.125.24.0-255,1484,1703,17,154265
53314,5.6e-05,172.31.36.0-255,66,1769,17,154265
53315,6.2e-05,74.125.24.0-255,2902,4671,17,154265
53316,6.5e-05,172.31.36.0-255,66,4737,17,154265
53317,6.8e-05,74.125.24.0-255,1484,6221,17,154265
53318,7.1e-05,172.31.36.0-255,66,6287,17,154265
53319,7.8e-05,74.125.24.0-255,5738,12025,17,154265
53320,8.1e-05,172.31.36.0-255,66,12091,17,154265
53321,0.000121,172.31.36.0-255,66,12157,17,154265
53322,0.000144,74.125.24.0-255,1484,13641,17,154265
53323,0.000147,172.31.36.0-255,66,13707,17,154265
53324,0.000168,74.125.24.0-255,3961,17668,17,154265
53325,0.000172,172.31.36.0-255,66,17734,17,154265
53326,0.00021,74.125.24.0-255,1484,19218,17,154265
53327,0.000213,172.31.36.0-255,66,19284,17,154265
53328,0.000217,74.125.24.0-255,1484,20768,17,154265
53329,0.000219,172.31.36.0-255,66,20834,17,154265
53330,0.000238,74.125.24.0-255,1484,22318,17,154265
53331,0.00024,172.31.36.0-255,66,22384,17,154265
53332,0.00025,74.125.24.0-255,5738,28122,17,154265
53333,0.000254,172.31.36.0-255,66,28188,17,154265
53334,0.000267,172.31.36.0-255,66,28254,17,154265
53335,0.00034,74.125.24.0-255,5738,33992,17,154265
53336,0.000346,172.31.36.0-255,66,34058,17,154265
53337,0.000382,172.31.36.0-255,66,34124,17,154265
53338,0.000385,74.125.24.0-255,128,34252,17,154265
53339,0.000386,172.31.36.0-255,66,34318,17,154265
53340,0.0005,74.125.24.0-255,1484,35802,17,154265
53341,0.000522,74.125.24.0-255,2902,38704,17,154265
53342,0.000526,172.31.36.0-255,66,38770,17,154265
53343,0.000533,74.125.24.0-255,5738,44508,17,154265
53344,0.000536,172.31.36.0-255,66,44574,17,154265
53345,0.000544,74.125.24.0-255,1484,46058,17,154265
53346,0.000587,172.31.36.0-255,66,46124,17,154265
53347,0.000594,74.125.24.0-255,7156,53280,17,154265
53348,0.000597,172.31.36.0-255,66,53346,17,154265
53349,0.00063,74.125.24.0-255,3602,56948,17,154265
53350,0.000634,172.31.36.0-255,66,57014,17,154265
53351,0.000662,74.125.24.0-255,1484,58498,17,154265
53352,0.000665,74.125.24.0-255,1484,59982,17,154265
53353,0.000668,172.31.36.0-255,66,60048,17,154265
53354,0.000695,74.125.24.0-255,1484,61532,17,154265
53355,0.000702,74.125.24.0-255,5738,67270,17,154265
53356,0.000705,172.31.36.0-255,66,67336,17,154265
53357,0.000712,74.125.24.0-255,5738,73074,17,154265
53358,0.000715,172.31.36.0-255,66,73140,17,154265
53359,0.000745,74.125.24.0-255,2249,75389,17,154265
53360,0.000753,172.31.36.0-255,66,75455,17,154265
53361,0.000757,172.31.36.0-255,66,75521,17,154265
53362,0.000795,172.31.36.0-255,66,75587,17,154265
53363,0.00083,172.31.36.0-255,66,75653,17,154265
53364,0.000838,74.125.24.0-255,5020,80673,17,154265
53365,0.00084,172.31.36.0-255,66,80739,17,154265
53366,0.000851,172.31.36.0-255,66,80805,17,154265
53367,0.000865,172.31.36.0-255,66,80871,17,154265
53368,0.000877,172.31.36.0-255,66,80937,17,154265
53369,0.000908,74.125.24.0-255,2184,83121,17,154265
53370,0.000913,172.31.36.0-255,66,83187,17,154265
53371,0.001337,74.125.24.0-255,1484,84671,17,154265
53372,0.001354,74.125.24.0-255,2902,87573,17,154265
53373,0.001357,172.31.36.0-255,66,87639,17,154265
53374,0.001363,74.125.24.0-255,4320,91959,17,154265
53375,0.001366,172.31.36.0-255,66,92025,17,154265
53376,0.00139,74.125.24.0-255,1484,93509,17,154265
53377,0.001411,172.31.36.0-255,66,93575,17,154265
53378,0.001414,74.125.24.0-255,1484,95059,17,154265
53379,0.001446,172.31.36.0-255,66,95125,17,154265
53380,0.001752,74.125.24.0-255,1484,96609,17,154265
53381,0.001758,74.125.24.0-255,2902,99511,17,154265
53382,0.001762,172.31.36.0-255,66,99577,17,154265
53383,0.001767,74.125.24.0-255,2902,102479,17,154265
53384,0.001769,172.31.36.0-255,66,102545,17,154265
53385,0.001794,74.125.24.0-255,2902,105447,17,154265
53386,0.001797,172.31.36.0-255,66,105513,17,154265
53387,0.001804,74.125.24.0-255,5738,111251,17,154265
53388,0.001809,172.31.36.0-255,66,111317,17,154265
53389,0.001838,74.125.24.0-255,7156,118473,17,154265
53390,0.001841,172.31.36.0-255,66,118539,17,154265
53391,0.001853,172.31.36.0-255,66,118605,17,154265
53392,0.001917,74.125.24.0-255,1484,120089,17,154265
53393,0.001923,74.125.24.0-255,2902,122991,17,154265
53394,0.001927,74.125.24.0-255,2902,125893,17,154265
53395,0.001927,172.31.36.0-255,66,125959,17,154265
53396,0.001931,172.31.36.0-255,66,126025,17,154265
53397,0.001965,74.125.24.0-255,2902,128927,17,154265
53398,0.001968,172.31.36.0-255,66,128993,17,154265
53399,0.001983,172.31.36.0-255,66,129059,17,154265
53400,0.001994,172.31.36.0-255,66,129125,17,154265
53401,0.002022,74.125.24.0-255,7156,136281,17,154265
53402,0.002026,172.31.36.0-255,66,136347,17,154265
53403,0.002065,172.31.36.0-255,66,136413,17,154265
53404,0.002072,74.125.24.0-255,7156,143569,17,154265
53405,0.002075,172.31.36.0-255,66,143635,17,154265
53406,0.002161,172.31.36.0-255,66,143701,17,154265
53407,0.002184,172.31.36.0-255,66,143767,17,154265
53408,0.002189,74.125.24.0-255,4320,148087,17,154265
53409,0.002192,172.31.36.0-255,66,148153,17,154265
53410,0.002244,172.31.36.0-255,66,148219,17,154265
53411,0.002261,172.31.36.0-255,66,148285,17,154265
53412,0.002271,172.31.36.0-255,66,148351,17,154265
53413,0.002274,74.125.24.0-255,592,148943,17,154265
53414,0.004516,74.125.24.0-255,105,149048,17,154265
53415,0.007667,172.31.36.0-255,66,149114,17,154265
53416,0.007693,172.31.36.0-255,105,149219,17,154265
53417,0.009918,74.125.24.0-255,66,149285,17,154265
53418,0.032942,172.31.36.0-255,172,149457,17,154265
53419,0.03297,172.31.36.0-255,1119,150576,17,154265
53420,0.033015,172.31.36.0-255,1514,152090,17,154265
53421,0.033017,172.31.36.0-255,1514,153604,17,154265
53422,0.033018,172.31.36.0-255,397,154001,17,154265
53423,0.034519,104.244.42.0-255,66,154067,17,154265
53424,0.034527,104.244.42.0-255,66,154133,17,154265
53425,0.034601,104.244.42.0-255,66,154199,17,154265
53426,0.034604,104.244.42.0-255,66,154265,17,154265
53427,0.0,172.217.194.0-255,153,153,17,183291
53428,1.6e-05,172.31.36.0-255,66,219,17,183291
53429,2.2e-05,172.217.194.0-255,1484,1703,17,183291
53430,2.6e-05,172.31.36.0-255,66,1769,17,183291
53431,3.2e-05,172.217.194.0-255,2902,4671,17,183291
53432,4.3e-05,172.31.36.0-255,66,4737,17,183291
53433,5.2e-05,172.217.194.0-255,7156,11893,17,183291
53434,5.5e-05,172.31.36.0-255,66,11959,17,183291
53435,6.1e-05,172.217.194.0-255,3457,15416,17,183291
53436,6.4e-05,172.31.36.0-255,66,15482,17,183291
53437,0.000108,172.31.36.0-255,66,15548,17,183291
53438,0.000112,172.217.194.0-255,2543,18091,17,183291
53439,0.000115,172.31.36.0-255,66,18157,17,183291
53440,0.000206,172.217.194.0-255,1484,19641,17,183291
53441,0.00021,172.31.36.0-255,66,19707,17,183291
53442,0.000214,172.217.194.0-255,2902,22609,17,183291
53443,0.000217,172.31.36.0-255,66,22675,17,183291
53444,0.000238,172.217.194.0-255,5738,28413,17,183291
53445,0.00024,172.31.36.0-255,66,28479,17,183291
53446,0.000281,172.31.36.0-255,66,28545,17,183291
53447,0.00033,172.31.36.0-255,66,28611,17,183291
53448,0.000353,172.217.194.0-255,402,29013,17,183291
53449,0.000355,172.31.36.0-255,66,29079,17,183291
53450,0.00042,172.217.194.0-255,1484,30563,17,183291
53451,0.000423,172.31.36.0-255,66,30629,17,183291
53452,0.00043,172.217.194.0-255,2902,33531,17,183291
53453,0.000432,172.31.36.0-255,66,33597,17,183291
53454,0.000443,172.217.194.0-255,5738,39335,17,183291
53455,0.000445,172.31.36.0-255,66,39401,17,183291
53456,0.000483,172.31.36.0-255,66,39467,17,183291
53457,0.000509,172.217.194.0-255,2902,42369,17,183291
53458,0.000512,172.31.36.0-255,66,42435,17,183291
53459,0.000547,172.31.36.0-255,66,42501,17,183291
53460,0.000551,172.217.194.0-255,1484,43985,17,183291
53461,0.000573,172.217.194.0-255,2902,46887,17,183291
53462,0.000576,172.31.36.0-255,66,46953,17,183291
53463,0.000582,172.217.194.0-255,5738,52691,17,183291
53464,0.000585,172.31.36.0-255,66,52757,17,183291
53465,0.000618,172.31.36.0-255,66,52823,17,183291
53466,0.000655,172.217.194.0-255,7156,59979,17,183291
53467,0.000658,172.31.36.0-255,66,60045,17,183291
53468,0.000681,172.217.194.0-255,3602,63647,17,183291
53469,0.000683,172.31.36.0-255,66,63713,17,183291
53470,0.000716,172.217.194.0-255,1484,65197,17,183291
53471,0.00072,172.217.194.0-255,1484,66681,17,183291
53472,0.000722,172.31.36.0-255,66,66747,17,183291
53473,0.000748,172.217.194.0-255,1484,68231,17,183291
53474,0.000755,172.217.194.0-255,5738,73969,17,183291
53475,0.000757,172.31.36.0-255,66,74035,17,183291
53476,0.000784,172.217.194.0-255,4320,78355,17,183291
53477,0.000786,172.31.36.0-255,66,78421,17,183291
53478,0.000815,172.217.194.0-255,2902,81323,17,183291
53479,0.000818,172.31.36.0-255,66,81389,17,183291
53480,0.000828,172.31.36.0-255,66,81455,17,183291
53481,0.000845,172.31.36.0-255,66,81521,17,183291
53482,0.000968,172.217.194.0-255,1484,83005,17,183291
53483,0.000985,172.217.194.0-255,2902,85907,17,183291
53484,0.000989,172.31.36.0-255,66,85973,17,183291
53485,0.001012,172.217.194.0-255,5738,91711,17,183291
53486,0.001015,172.31.36.0-255,66,91777,17,183291
53487,0.001051,172.31.36.0-255,66,91843,17,183291
53488,0.00108,172.217.194.0-255,4320,96163,17,183291
53489,0.001084,172.31.36.0-255,66,96229,17,183291
53490,0.001118,172.31.36.0-255,66,96295,17,183291
53491,0.001121,172.217.194.0-255,766,97061,17,183291
53492,0.001151,172.217.194.0-255,1484,98545,17,183291
53493,0.001154,172.31.36.0-255,66,98611,17,183291
53494,0.001159,172.217.194.0-255,2902,101513,17,183291
53495,0.001161,172.31.36.0-255,66,101579,17,183291
53496,0.001173,172.217.194.0-255,5738,107317,17,183291
53497,0.001176,172.31.36.0-255,66,107383,17,183291
53498,0.001189,172.31.36.0-255,66,107449,17,183291
53499,0.001214,172.217.194.0-255,1484,108933,17,183291
53500,0.001216,172.217.194.0-255,1484,110417,17,183291
53501,0.001219,172.217.194.0-255,1484,111901,17,183291
53502,0.001224,172.31.36.0-255,66,111967,17,183291
53503,0.001272,172.31.36.0-255,66,112033,17,183291
53504,0.001276,172.217.194.0-255,1484,113517,17,183291
53505,0.001301,172.31.36.0-255,66,113583,17,183291
53506,0.001307,172.217.194.0-255,5020,118603,17,183291
53507,0.00131,172.31.36.0-255,66,118669,17,183291
53508,0.001353,172.31.36.0-255,66,118735,17,183291
53509,0.001402,172.31.36.0-255,66,118801,17,183291
53510,0.001407,172.217.194.0-255,3602,122403,17,183291
53511,0.001409,172.31.36.0-255,66,122469,17,183291
53512,0.001485,172.217.194.0-255,1484,123953,17,183291
53513,0.00149,172.217.194.0-255,2902,126855,17,183291
53514,0.001493,172.31.36.0-255,66,126921,17,183291
53515,0.001523,172.217.194.0-255,5738,132659,17,183291
53516,0.001527,172.31.36.0-255,66,132725,17,183291
53517,0.001572,172.217.194.0-255,4320,137045,17,183291
53518,0.001574,172.31.36.0-255,66,137111,17,183291
53519,0.001608,172.217.194.0-255,5738,142849,17,183291
53520,0.001612,172.31.36.0-255,66,142915,17,183291
53521,0.001625,172.31.36.0-255,66,142981,17,183291
53522,0.001629,172.217.194.0-255,2184,145165,17,183291
53523,0.001631,172.31.36.0-255,66,145231,17,183291
53524,0.001635,172.217.194.0-255,2902,148133,17,183291
53525,0.001638,172.31.36.0-255,66,148199,17,183291
53526,0.001645,172.217.194.0-255,7156,155355,17,183291
53527,0.001647,172.31.36.0-255,66,155421,17,183291
53528,0.001653,172.217.194.0-255,5738,161159,17,183291
53529,0.001656,172.31.36.0-255,66,161225,17,183291
53530,0.00166,172.217.194.0-255,2902,164127,17,183291
53531,0.001663,172.31.36.0-255,66,164193,17,183291
53532,0.001714,172.31.36.0-255,66,164259,17,183291
53533,0.001719,172.217.194.0-255,3602,167861,17,183291
53534,0.001721,172.31.36.0-255,66,167927,17,183291
53535,0.001726,172.217.194.0-255,4320,172247,17,183291
53536,0.001729,172.31.36.0-255,66,172313,17,183291
53537,0.00174,172.31.36.0-255,66,172379,17,183291
53538,0.001746,172.217.194.0-255,4320,176699,17,183291
53539,0.001748,172.31.36.0-255,66,176765,17,183291
53540,0.001787,172.31.36.0-255,66,176831,17,183291
53541,0.001791,172.217.194.0-255,1484,178315,17,183291
53542,0.001826,172.31.36.0-255,66,178381,17,183291
53543,0.001829,172.217.194.0-255,97,178478,17,183291
53544,0.001862,172.217.194.0-255,105,178583,17,183291
53545,0.009428,172.31.36.0-255,66,178649,17,183291
53546,0.009473,172.31.36.0-255,105,178754,17,183291
53547,0.011461,172.217.194.0-255,105,178859,17,183291
53548,0.011471,172.31.36.0-255,78,178937,17,183291
53549,0.011703,172.217.194.0-255,66,179003,17,183291
53550,0.030646,172.31.36.0-255,188,179191,17,183291
53551,0.030682,172.31.36.0-255,961,180152,17,183291
53552,0.030749,172.31.36.0-255,1514,181666,17,183291
53553,0.030751,172.31.36.0-255,1427,183093,17,183291
53554,0.03225,104.244.42.0-255,66,183159,17,183291
53555,0.032291,104.244.42.0-255,66,183225,17,183291
53556,0.032355,104.244.42.0-255,66,183291,17,183291
53557,0.0,74.125.68.0-255,153,153,17,284267
53558,2.3e-05,172.31.36.0-255,66,219,17,284267
53559,3e-05,74.125.68.0-255,1484,1703,17,284267
53560,3.4e-05,172.31.36.0-255,66,1769,17,284267
53561,4.1e-05,74.125.68.0-255,2902,4671,17,284267
53562,4.5e-05,172.31.36.0-255,66,4737,17,284267
53563,8e-05,74.125.68.0-255,5738,10475,17,284267
53564,8.3e-05,172.31.36.0-255,66,10541,17,284267
53565,0.000173,74.125.68.0-255,3503,14044,17,284267
53566,0.000177,172.31.36.0-255,66,14110,17,284267
53567,0.000414,74.125.68.0-255,1484,15594,17,284267
53568,0.00042,172.31.36.0-255,66,15660,17,284267
53569,0.000436,74.125.68.0-255,2902,18562,17,284267
53570,0.00044,172.31.36.0-255,66,18628,17,284267
53571,0.000459,74.125.68.0-255,5738,24366,17,284267
53572,0.000462,172.31.36.0-255,66,24432,17,284267
53573,0.000552,74.125.68.0-255,2902,27334,17,284267
53574,0.000556,172.31.36.0-255,66,27400,17,284267
53575,0.000603,74.125.68.0-255,3961,31361,17,284267
53576,0.000607,172.31.36.0-255,66,31427,17,284267
53577,0.000672,74.125.68.0-255,5738,37165,17,284267
53578,0.000676,172.31.36.0-255,66,37231,17,284267
53579,0.000695,74.125.68.0-255,2902,40133,17,284267
53580,0.000697,172.31.36.0-255,66,40199,17,284267
53581,0.000844,74.125.68.0-255,5738,45937,17,284267
53582,0.000848,172.31.36.0-255,66,46003,17,284267
53583,0.000866,74.125.68.0-255,2543,48546,17,284267
53584,0.000868,172.31.36.0-255,66,48612,17,284267
53585,0.00148,74.125.68.0-255,1484,50096,17,284267
53586,0.001487,172.31.36.0-255,66,50162,17,284267
53587,0.001497,74.125.68.0-255,2902,53064,17,284267
53588,0.0015,172.31.36.0-255,66,53130,17,284267
53589,0.001539,74.125.68.0-255,5738,58868,17,284267
53590,0.001542,172.31.36.0-255,66,58934,17,284267
53591,0.001637,74.125.68.0-255,4320,63254,17,284267
53592,0.001641,172.31.36.0-255,66,63320,17,284267
53593,0.001661,74.125.68.0-255,2543,65863,17,284267
53594,0.001663,172.31.36.0-255,66,65929,17,284267
53595,0.001776,74.125.68.0-255,7156,73085,17,284267
53596,0.001781,172.31.36.0-255,66,73151,17,284267
53597,0.001892,172.31.36.0-255,66,73217,17,284267
53598,0.002039,74.125.68.0-255,4320,77537,17,284267
53599,0.002043,172.31.36.0-255,66,77603,17,284267
53600,0.002075,172.31.36.0-255,66,77669,17,284267
53601,0.002327,74.125.68.0-255,288,77957,17,284267
53602,0.002366,74.125.68.0-255,1484,79441,17,284267
53603,0.002369,172.31.36.0-255,66,79507,17,284267
53604,0.002406,172.31.36.0-255,66,79573,17,284267
53605,0.002721,74.125.68.0-255,5738,85311,17,284267
53606,0.002725,172.31.36.0-255,66,85377,17,284267
53607,0.002752,172.31.36.0-255,66,85443,17,284267
53608,0.002975,172.31.36.0-255,66,85509,17,284267
53609,0.003018,172.31.36.0-255,66,85575,17,284267
53610,0.003619,74.125.68.0-255,5738,91313,17,284267
53611,0.003621,172.31.36.0-255,66,91379,17,284267
53612,0.003663,172.31.36.0-255,66,91445,17,284267
53613,0.00659,172.31.36.0-255,66,91511,17,284267
53614,0.009225,74.125.68.0-255,5738,97249,17,284267
53615,0.009232,172.31.36.0-255,66,97315,17,284267
53616,0.011854,74.125.68.0-255,5738,103053,17,284267
53617,0.011863,172.31.36.0-255,66,103119,17,284267
53618,0.014504,74.125.68.0-255,5738,108857,17,284267
53619,0.014516,172.31.36.0-255,66,108923,17,284267
53620,0.017143,74.125.68.0-255,5738,114661,17,284267
53621,0.017151,172.31.36.0-255,66,114727,17,284267
53622,0.01977,74.125.68.0-255,5738,120465,17,284267
53623,0.019778,172.31.36.0-255,66,120531,17,284267
53624,0.022422,74.125.68.0-255,5738,126269,17,284267
53625,0.022431,172.31.36.0-255,66,126335,17,284267
53626,0.025068,74.125.68.0-255,5738,132073,17,284267
53627,0.02508,172.31.36.0-255,66,132139,17,284267
53628,0.027702,74.125.68.0-255,1484,133623,17,284267
53629,0.027763,74.125.68.0-255,4320,137943,17,284267
53630,0.027769,172.31.36.0-255,66,138009,17,284267
53631,0.028623,172.31.36.0-255,164,138173,17,284267
53632,0.028655,172.31.36.0-255,1124,139297,17,284267
53633,0.028713,172.31.36.0-255,1514,140811,17,284267
53634,0.028715,172.31.36.0-255,1264,142075,17,284267
53635,0.030158,104.244.42.0-255,66,142141,17,284267
53636,0.03021,104.244.42.0-255,66,142207,17,284267
53637,0.030251,104.244.42.0-255,66,142273,17,284267
53638,0.030391,74.125.68.0-255,5738,148011,17,284267
53639,0.030397,172.31.36.0-255,66,148077,17,284267
53640,0.033032,74.125.68.0-255,5738,153815,17,284267
53641,0.033039,172.31.36.0-255,66,153881,17,284267
53642,0.035662,74.125.68.0-255,5738,159619,17,284267
53643,0.035668,172.31.36.0-255,66,159685,17,284267
53644,0.038318,74.125.68.0-255,5738,165423,17,284267
53645,0.038325,172.31.36.0-255,66,165489,17,284267
53646,0.040959,74.125.68.0-255,5738,171227,17,284267
53647,0.040965,172.31.36.0-255,66,171293,17,284267
53648,0.043598,74.125.68.0-255,5738,177031,17,284267
53649,0.043603,172.31.36.0-255,66,177097,17,284267
53650,0.046224,74.125.68.0-255,5738,182835,17,284267
53651,0.046232,172.31.36.0-255,66,182901,17,284267
53652,0.04886,74.125.68.0-255,5738,188639,17,284267
53653,0.04887,172.31.36.0-255,66,188705,17,284267
53654,0.051517,74.125.68.0-255,5738,194443,17,284267
53655,0.051524,172.31.36.0-255,66,194509,17,284267
53656,0.054168,74.125.68.0-255,5738,200247,17,284267
53657,0.054175,172.31.36.0-255,66,200313,17,284267
53658,0.05681,74.125.68.0-255,5738,206051,17,284267
53659,0.056817,172.31.36.0-255,66,206117,17,284267
53660,0.059455,74.125.68.0-255,5738,211855,17,284267
53661,0.059462,172.31.36.0-255,66,211921,17,284267
53662,0.062099,74.125.68.0-255,5738,217659,17,284267
53663,0.062106,172.31.36.0-255,66,217725,17,284267
53664,0.064771,74.125.68.0-255,5738,223463,17,284267
53665,0.064781,172.31.36.0-255,66,223529,17,284267
53666,0.067409,74.125.68.0-255,5738,229267,17,284267
53667,0.067415,172.31.36.0-255,66,229333,17,284267
53668,0.070053,74.125.68.0-255,5738,235071,17,284267
53669,0.07006,172.31.36.0-255,66,235137,17,284267
53670,0.0727,74.125.68.0-255,5738,240875,17,284267
53671,0.072706,172.31.36.0-255,66,240941,17,284267
53672,0.075344,74.125.68.0-255,5738,246679,17,284267
53673,0.075351,172.31.36.0-255,66,246745,17,284267
53674,0.077984,74.125.68.0-255,5738,252483,17,284267
53675,0.077991,172.31.36.0-255,66,252549,17,284267
53676,0.080614,74.125.68.0-255,5738,258287,17,284267
53677,0.080621,172.31.36.0-255,66,258353,17,284267
53678,0.083252,74.125.68.0-255,5738,264091,17,284267
53679,0.083259,172.31.36.0-255,66,264157,17,284267
53680,0.085882,74.125.68.0-255,5738,269895,17,284267
53681,0.085889,172.31.36.0-255,66,269961,17,284267
53682,0.088536,74.125.68.0-255,5738,275699,17,284267
53683,0.088543,172.31.36.0-255,66,275765,17,284267
53684,0.091173,74.125.68.0-255,5738,281503,17,284267
53685,0.09118,172.31.36.0-255,66,281569,17,284267
53686,0.093805,74.125.68.0-255,2461,284030,17,284267
53687,0.093812,172.31.36.0-255,66,284096,17,284267
53688,0.093979,172.31.36.0-255,105,284201,17,284267
53689,0.096559,74.125.68.0-255,66,284267,17,284267
53690,0.0,172.217.194.0-255,143,143,17,300626
53691,2.1e-05,172.31.36.0-255,66,209,17,300626
53692,2.8e-05,172.217.194.0-255,1484,1693,17,300626
53693,3.3e-05,172.31.36.0-255,66,1759,17,300626
53694,4e-05,172.217.194.0-255,2902,4661,17,300626
53695,4.3e-05,172.31.36.0-255,66,4727,17,300626
53696,5.2e-05,172.217.194.0-255,7156,11883,17,300626
53697,5.5e-05,172.31.36.0-255,66,11949,17,300626
53698,6e-05,172.217.194.0-255,2075,14024,17,300626
53699,6.2e-05,172.31.36.0-255,66,14090,17,300626
53700,0.000448,172.217.194.0-255,1484,15574,17,300626
53701,0.000454,172.31.36.0-255,66,15640,17,300626
53702,0.000461,172.217.194.0-255,2902,18542,17,300626
53703,0.000464,172.31.36.0-255,66,18608,17,300626
53704,0.000468,172.217.194.0-255,1484,20092,17,300626
53705,0.000469,172.31.36.0-255,66,20158,17,300626
53706,0.000476,172.217.194.0-255,4320,24478,17,300626
53707,0.000478,172.31.36.0-255,66,24544,17,300626
53708,0.000497,172.217.194.0-255,1484,26028,17,300626
53709,0.000499,172.31.36.0-255,66,26094,17,300626
53710,0.000538,172.217.194.0-255,5379,31473,17,300626
53711,0.000542,172.31.36.0-255,66,31539,17,300626
53712,0.000686,172.217.194.0-255,1484,33023,17,300626
53713,0.00069,172.31.36.0-255,66,33089,17,300626
53714,0.000696,172.217.194.0-255,2902,35991,17,300626
53715,0.000698,172.31.36.0-255,66,36057,17,300626
53716,0.000701,172.217.194.0-255,1484,37541,17,300626
53717,0.000703,172.31.36.0-255,66,37607,17,300626
53718,0.000733,172.217.194.0-255,4320,41927,17,300626
53719,0.000736,172.31.36.0-255,66,41993,17,300626
53720,0.000743,172.217.194.0-255,5738,47731,17,300626
53721,0.000745,172.31.36.0-255,66,47797,17,300626
53722,0.00076,172.31.36.0-255,66,47863,17,300626
53723,0.000763,172.217.194.0-255,1484,49347,17,300626
53724,0.000779,172.217.194.0-255,2816,52163,17,300626
53725,0.000782,172.31.36.0-255,66,52229,17,300626
53726,0.001008,172.217.194.0-255,122,52351,17,300626
53727,0.001098,172.31.36.0-255,66,52417,17,300626
53728,0.001116,172.217.194.0-255,1484,53901,17,300626
53729,0.001136,172.217.194.0-255,2902,56803,17,300626
53730,0.001139,172.31.36.0-255,66,56869,17,300626
53731,0.001147,172.217.194.0-255,5738,62607,17,300626
53732,0.001149,172.31.36.0-255,66,62673,17,300626
53733,0.001166,172.217.194.0-255,1484,64157,17,300626
53734,0.001203,172.31.36.0-255,66,64223,17,300626
53735,0.00123,172.217.194.0-255,2902,67125,17,300626
53736,0.001233,172.31.36.0-255,66,67191,17,300626
53737,0.001257,172.217.194.0-255,6797,73988,17,300626
53738,0.00126,172.31.36.0-255,66,74054,17,300626
53739,0.002557,172.217.194.0-255,1484,75538,17,300626
53740,0.002569,172.217.194.0-255,2902,78440,17,300626
53741,0.002574,172.31.36.0-255,66,78506,17,300626
53742,0.002582,172.217.194.0-255,5738,84244,17,300626
53743,0.002584,172.31.36.0-255,66,84310,17,300626
53744,0.00259,172.217.194.0-255,2902,87212,17,300626
53745,0.002591,172.31.36.0-255,66,87278,17,300626
53746,0.002621,172.31.36.0-255,66,87344,17,300626
53747,0.002659,172.31.36.0-255,66,87410,17,300626
53748,0.005298,172.217.194.0-255,5738,93148,17,300626
53749,0.005302,172.31.36.0-255,66,93214,17,300626
53750,0.007946,172.217.194.0-255,5738,98952,17,300626
53751,0.007954,172.31.36.0-255,66,99018,17,300626
53752,0.010615,172.217.194.0-255,5738,104756,17,300626
53753,0.010624,172.31.36.0-255,66,104822,17,300626
53754,0.013271,172.217.194.0-255,5738,110560,17,300626
53755,0.013279,172.31.36.0-255,66,110626,17,300626
53756,0.015909,172.217.194.0-255,5738,116364,17,300626
53757,0.015918,172.31.36.0-255,66,116430,17,300626
53758,0.018602,172.217.194.0-255,5738,122168,17,300626
53759,0.018614,172.31.36.0-255,66,122234,17,300626
53760,0.021295,172.217.194.0-255,5738,127972,17,300626
53761,0.021304,172.31.36.0-255,66,128038,17,300626
53762,0.023967,172.217.194.0-255,5738,133776,17,300626
53763,0.023976,172.31.36.0-255,66,133842,17,300626
53764,0.026634,172.217.194.0-255,5738,139580,17,300626
53765,0.026642,172.31.36.0-255,66,139646,17,300626
53766,0.029273,172.217.194.0-255,5738,145384,17,300626
53767,0.02928,172.31.36.0-255,66,145450,17,300626
53768,0.030269,172.31.36.0-255,172,145622,17,300626
53769,0.030302,172.31.36.0-255,1118,146740,17,300626
53770,0.03036,172.31.36.0-255,1514,148254,17,300626
53771,0.030362,172.31.36.0-255,1270,149524,17,300626
53772,0.031867,104.244.42.0-255,66,149590,17,300626
53773,0.031896,104.244.42.0-255,66,149656,17,300626
53774,0.031953,172.217.194.0-255,5738,155394,17,300626
53775,0.031959,172.31.36.0-255,66,155460,17,300626
53776,0.031981,104.244.42.0-255,66,155526,17,300626
53777,0.034652,172.217.194.0-255,5738,161264,17,300626
53778,0.034659,172.31.36.0-255,66,161330,17,300626
53779,0.037372,172.217.194.0-255,5738,167068,17,300626
53780,0.037378,172.31.36.0-255,66,167134,17,300626
53781,0.040028,172.217.194.0-255,5738,172872,17,300626
53782,0.040037,172.31.36.0-255,66,172938,17,300626
53783,0.042692,172.217.194.0-255,5738,178676,17,300626
53784,0.042699,172.31.36.0-255,66,178742,17,300626
53785,0.045342,172.217.194.0-255,5738,184480,17,300626
53786,0.045349,172.31.36.0-255,66,184546,17,300626
53787,0.047996,172.217.194.0-255,5738,190284,17,300626
53788,0.048004,172.31.36.0-255,66,190350,17,300626
53789,0.050673,172.217.194.0-255,5738,196088,17,300626
53790,0.050681,172.31.36.0-255,66,196154,17,300626
53791,0.053374,172.217.194.0-255,5738,201892,17,300626
53792,0.053384,172.31.36.0-255,66,201958,17,300626
53793,0.056073,172.217.194.0-255,5738,207696,17,300626
53794,0.056084,172.31.36.0-255,66,207762,17,300626
53795,0.058766,172.217.194.0-255,5738,213500,17,300626
53796,0.058776,172.31.36.0-255,66,213566,17,300626
53797,0.061438,172.217.194.0-255,5738,219304,17,300626
53798,0.061446,172.31.36.0-255,66,219370,17,300626
53799,0.064115,172.217.194.0-255,5738,225108,17,300626
53800,0.064123,172.31.36.0-255,66,225174,17,300626
53801,0.066769,172.217.194.0-255,5738,230912,17,300626
53802,0.066776,172.31.36.0-255,66,230978,17,300626
53803,0.069481,172.217.194.0-255,5738,236716,17,300626
53804,0.069487,172.31.36.0-255,66,236782,17,300626
53805,0.072136,172.217.194.0-255,5738,242520,17,300626
53806,0.072142,172.31.36.0-255,66,242586,17,300626
53807,0.074789,172.217.194.0-255,5738,248324,17,300626
53808,0.074797,172.31.36.0-255,66,248390,17,300626
53809,0.07748,172.217.194.0-255,5738,254128,17,300626
53810,0.077488,172.31.36.0-255,66,254194,17,300626
53811,0.080158,172.217.194.0-255,5738,259932,17,300626
53812,0.080164,172.31.36.0-255,66,259998,17,300626
53813,0.082833,172.217.194.0-255,5738,265736,17,300626
53814,0.082841,172.31.36.0-255,66,265802,17,300626
53815,0.08549,172.217.194.0-255,5738,271540,17,300626
53816,0.085498,172.31.36.0-255,66,271606,17,300626
53817,0.088171,172.217.194.0-255,5738,277344,17,300626
53818,0.088178,172.31.36.0-255,66,277410,17,300626
53819,0.09088,172.217.194.0-255,5738,283148,17,300626
53820,0.090886,172.31.36.0-255,66,283214,17,300626
53821,0.093573,172.217.194.0-255,5738,288952,17,300626
53822,0.09358,172.31.36.0-255,66,289018,17,300626
53823,0.096224,172.217.194.0-255,5738,294756,17,300626
53824,0.096232,172.31.36.0-255,66,294822,17,300626
53825,0.098878,172.217.194.0-255,5738,300560,17,300626
53826,0.098885,172.31.36.0-255,66,300626,17,300626
53827,0.0,172.217.194.0-255,150,150,17,192068
53828,3.6e-05,172.31.36.0-255,66,216,17,192068
53829,4.3e-05,172.217.194.0-255,1484,1700,17,192068
53830,4.8e-05,172.31.36.0-255,66,1766,17,192068
53831,5.3e-05,172.217.194.0-255,2902,4668,17,192068
53832,6.5e-05,172.31.36.0-255,66,4734,17,192068
53833,7.2e-05,172.217.194.0-255,7156,11890,17,192068
53834,7.5e-05,172.31.36.0-255,66,11956,17,192068
53835,7.8e-05,172.217.194.0-255,2032,13988,17,192068
53836,8.1e-05,172.31.36.0-255,66,14054,17,192068
53837,0.000166,172.217.194.0-255,1484,15538,17,192068
53838,0.000171,172.31.36.0-255,66,15604,17,192068
53839,0.000203,172.217.194.0-255,2902,18506,17,192068
53840,0.000206,172.31.36.0-255,66,18572,17,192068
53841,0.000212,172.217.194.0-255,5738,24310,17,192068
53842,0.000216,172.31.36.0-255,66,24376,17,192068
53843,0.000285,172.217.194.0-255,6797,31173,17,192068
53844,0.000289,172.31.36.0-255,66,31239,17,192068
53845,0.000602,172.217.194.0-255,1484,32723,17,192068
53846,0.000607,172.31.36.0-255,66,32789,17,192068
53847,0.000614,172.217.194.0-255,2902,35691,17,192068
53848,0.000616,172.31.36.0-255,66,35757,17,192068
53849,0.00065,172.217.194.0-255,5738,41495,17,192068
53850,0.000655,172.31.36.0-255,66,41561,17,192068
53851,0.000659,172.217.194.0-255,2902,44463,17,192068
53852,0.000662,172.31.36.0-255,66,44529,17,192068
53853,0.000688,172.217.194.0-255,3961,48490,17,192068
53854,0.000697,172.31.36.0-255,66,48556,17,192068
53855,0.000834,172.217.194.0-255,1484,50040,17,192068
53856,0.000839,172.31.36.0-255,66,50106,17,192068
53857,0.000845,172.217.194.0-255,2902,53008,17,192068
53858,0.000846,172.31.36.0-255,66,53074,17,192068
53859,0.00086,172.217.194.0-255,5738,58812,17,192068
53860,0.000864,172.217.194.0-255,1484,60296,17,192068
53861,0.000898,172.217.194.0-255,2902,63198,17,192068
53862,0.000908,172.217.194.0-255,2834,66032,17,192068
53863,0.001145,172.217.194.0-255,386,66418,17,192068
53864,0.001353,172.217.194.0-255,1484,67902,17,192068
53865,0.001366,172.217.194.0-255,2902,70804,17,192068
53866,0.001391,172.217.194.0-255,4320,75124,17,192068
53867,0.001396,172.217.194.0-255,2902,78026,17,192068
53868,0.001414,172.217.194.0-255,5738,83764,17,192068
53869,0.001435,172.217.194.0-255,2902,86666,17,192068
53870,0.002228,172.217.194.0-255,1484,88150,17,192068
53871,0.002233,172.217.194.0-255,2902,91052,17,192068
53872,0.002259,172.217.194.0-255,5738,96790,17,192068
53873,0.002263,172.217.194.0-255,2902,99692,17,192068
53874,0.002279,172.217.194.0-255,1484,101176,17,192068
53875,0.002285,172.217.194.0-255,5738,106914,17,192068
53876,0.002305,172.217.194.0-255,2902,109816,17,192068
53877,0.002324,172.217.194.0-255,2184,112000,17,192068
53878,0.002939,172.217.194.0-255,1484,113484,17,192068
53879,0.002957,172.217.194.0-255,2902,116386,17,192068
53880,0.002968,172.217.194.0-255,1484,117870,17,192068
53881,0.002987,172.217.194.0-255,2902,120772,17,192068
53882,0.002998,172.217.194.0-255,1484,122256,17,192068
53883,0.003001,172.217.194.0-255,1484,123740,17,192068
53884,0.003017,172.217.194.0-255,1484,125224,17,192068
53885,0.003034,172.217.194.0-255,4320,129544,17,192068
53886,0.003037,172.217.194.0-255,1484,131028,17,192068
53887,0.003063,172.217.194.0-255,766,131794,17,192068
53888,0.003442,172.217.194.0-255,1484,133278,17,192068
53889,0.003449,172.217.194.0-255,2902,136180,17,192068
53890,0.003452,172.217.194.0-255,1484,137664,17,192068
53891,0.003466,172.217.194.0-255,4320,141984,17,192068
53892,0.003495,172.217.194.0-255,7156,149140,17,192068
53893,0.003513,172.217.194.0-255,5738,154878,17,192068
53894,0.003519,172.217.194.0-255,5738,160616,17,192068
53895,0.003534,172.217.194.0-255,2902,163518,17,192068
53896,0.003552,172.217.194.0-255,4320,167838,17,192068
53897,0.003566,172.217.194.0-255,3602,171440,17,192068
53898,0.003635,172.31.36.0-255,66,171506,17,192068
53899,0.00365,172.217.194.0-255,6438,177944,17,192068
53900,0.003652,172.217.194.0-255,1484,179428,17,192068
53901,0.003675,172.31.36.0-255,66,179494,17,192068
53902,0.003723,172.31.36.0-255,66,179560,17,192068
53903,0.00373,172.217.194.0-255,1484,181044,17,192068
53904,0.003758,172.31.36.0-255,66,181110,17,192068
53905,0.003776,172.31.36.0-255,66,181176,17,192068
53906,0.003792,172.217.194.0-255,2184,183360,17,192068
53907,0.003803,172.31.36.0-255,66,183426,17,192068
53908,0.003825,172.31.36.0-255,66,183492,17,192068
53909,0.00383,172.31.36.0-255,66,183558,17,192068
53910,0.003868,172.217.194.0-255,3602,187160,17,192068
53911,0.003887,172.31.36.0-255,66,187226,17,192068
53912,0.003949,172.31.36.0-255,66,187292,17,192068
53913,0.003967,172.31.36.0-255,66,187358,17,192068
53914,0.004011,172.217.194.0-255,97,187455,17,192068
53915,0.004013,172.217.194.0-255,105,187560,17,192068
53916,0.004029,172.31.36.0-255,66,187626,17,192068
53917,0.006866,172.31.36.0-255,105,187731,17,192068
53918,0.009212,172.217.194.0-255,66,187797,17,192068
53919,0.028974,172.31.36.0-255,171,187968,17,192068
53920,0.029001,172.31.36.0-255,1140,189108,17,192068
53921,0.029063,172.31.36.0-255,1514,190622,17,192068
53922,0.029065,172.31.36.0-255,1248,191870,17,192068
53923,0.030511,104.244.42.0-255,66,191936,17,192068
53924,0.030539,104.244.42.0-255,66,192002,17,192068
53925,0.030608,104.244.42.0-255,66,192068,17,192068
53926,0.0,74.125.24.0-255,143,143,17,306521
53927,3.6e-05,172.31.36.0-255,66,209,17,306521
53928,4.4e-05,74.125.24.0-255,1484,1693,17,306521
53929,4.8e-05,172.31.36.0-255,66,1759,17,306521
53930,5.3e-05,74.125.24.0-255,2902,4661,17,306521
53931,5.5e-05,172.31.36.0-255,66,4727,17,306521
53932,6.3e-05,74.125.24.0-255,7156,11883,17,306521
53933,6.6e-05,172.31.36.0-255,66,11949,17,306521
53934,0.000107,172.31.36.0-255,66,12015,17,306521
53935,0.000114,74.125.24.0-255,6797,18812,17,306521
53936,0.000116,172.31.36.0-255,66,18878,17,306521
53937,0.000164,74.125.24.0-255,1484,20362,17,306521
53938,0.000168,172.31.36.0-255,66,20428,17,306521
53939,0.000173,74.125.24.0-255,2902,23330,17,306521
53940,0.000175,172.31.36.0-255,66,23396,17,306521
53941,0.00018,74.125.24.0-255,5738,29134,17,306521
53942,0.000184,172.31.36.0-255,66,29200,17,306521
53943,0.000225,172.31.36.0-255,66,29266,17,306521
53944,0.000229,74.125.24.0-255,1484,30750,17,306521
53945,0.000231,172.31.36.0-255,66,30816,17,306521
53946,0.000265,74.125.24.0-255,5738,36554,17,306521
53947,0.000269,172.31.36.0-255,66,36620,17,306521
53948,0.000282,74.125.24.0-255,3933,40553,17,306521
53949,0.000284,172.31.36.0-255,66,40619,17,306521
53950,0.000287,74.125.24.0-255,110,40729,17,306521
53951,0.000288,172.31.36.0-255,66,40795,17,306521
53952,0.000452,74.125.24.0-255,332,41127,17,306521
53953,0.000456,172.31.36.0-255,66,41193,17,306521
53954,0.002198,74.125.24.0-255,1484,42677,17,306521
53955,0.002205,172.31.36.0-255,66,42743,17,306521
53956,0.002215,74.125.24.0-255,2902,45645,17,306521
53957,0.002217,172.31.36.0-255,66,45711,17,306521
53958,0.002223,74.125.24.0-255,5738,51449,17,306521
53959,0.002226,172.31.36.0-255,66,51515,17,306521
53960,0.002244,74.125.24.0-255,1484,52999,17,306521
53961,0.002267,172.31.36.0-255,66,53065,17,306521
53962,0.00228,74.125.24.0-255,3961,57026,17,306521
53963,0.002282,172.31.36.0-255,66,57092,17,306521
53964,0.002311,74.125.24.0-255,2902,59994,17,306521
53965,0.002313,172.31.36.0-255,66,60060,17,306521
53966,0.002332,74.125.24.0-255,6797,66857,17,306521
53967,0.002335,172.31.36.0-255,66,66923,17,306521
53968,0.004607,74.125.24.0-255,4320,71243,17,306521
53969,0.00461,172.31.36.0-255,66,71309,17,306521
53970,0.004624,74.125.24.0-255,1484,72793,17,306521
53971,0.006905,74.125.24.0-255,4320,77113,17,306521
53972,0.006912,172.31.36.0-255,66,77179,17,306521
53973,0.009268,74.125.24.0-255,5738,82917,17,306521
53974,0.009277,172.31.36.0-255,66,82983,17,306521
53975,0.01161,74.125.24.0-255,5738,88721,17,306521
53976,0.011618,172.31.36.0-255,66,88787,17,306521
53977,0.013947,74.125.24.0-255,5738,94525,17,306521
53978,0.013954,172.31.36.0-255,66,94591,17,306521
53979,0.016262,74.125.24.0-255,5738,100329,17,306521
53980,0.01627,172.31.36.0-255,66,100395,17,306521
53981,0.018553,74.125.24.0-255,5738,106133,17,306521
53982,0.018565,172.31.36.0-255,66,106199,17,306521
53983,0.020897,74.125.24.0-255,5738,111937,17,306521
53984,0.020906,172.31.36.0-255,66,112003,17,306521
53985,0.023229,74.125.24.0-255,5738,117741,17,306521
53986,0.023235,172.31.36.0-255,66,117807,17,306521
53987,0.025587,74.125.24.0-255,5738,123545,17,306521
53988,0.025593,172.31.36.0-255,66,123611,17,306521
53989,0.027962,74.125.24.0-255,5738,129349,17,306521
53990,0.027973,172.31.36.0-255,66,129415,17,306521
53991,0.030305,74.125.24.0-255,5738,135153,17,306521
53992,0.030313,172.31.36.0-255,66,135219,17,306521
53993,0.031091,172.31.36.0-255,172,135391,17,306521
53994,0.031145,172.31.36.0-255,1117,136508,17,306521
53995,0.031218,172.31.36.0-255,1514,138022,17,306521
53996,0.03122,172.31.36.0-255,1271,139293,17,306521
53997,0.032652,104.244.42.0-255,66,139359,17,306521
53998,0.03266,74.125.24.0-255,5738,145097,17,306521
53999,0.032664,172.31.36.0-255,66,145163,17,306521
54000,0.032704,104.244.42.0-255,66,145229,17,306521
54001,0.032804,104.244.42.0-255,66,145295,17,306521
54002,0.035019,74.125.24.0-255,5738,151033,17,306521
54003,0.035025,172.31.36.0-255,66,151099,17,306521
54004,0.037366,74.125.24.0-255,5738,156837,17,306521
54005,0.037374,172.31.36.0-255,66,156903,17,306521
54006,0.039664,74.125.24.0-255,4320,161223,17,306521
54007,0.03967,172.31.36.0-255,66,161289,17,306521
54008,0.039696,74.125.24.0-255,1484,162773,17,306521
54009,0.041989,74.125.24.0-255,4320,167093,17,306521
54010,0.041995,172.31.36.0-255,66,167159,17,306521
54011,0.044296,74.125.24.0-255,5738,172897,17,306521
54012,0.044302,172.31.36.0-255,66,172963,17,306521
54013,0.046667,74.125.24.0-255,5738,178701,17,306521
54014,0.046672,172.31.36.0-255,66,178767,17,306521
54015,0.049,74.125.24.0-255,5738,184505,17,306521
54016,0.049008,172.31.36.0-255,66,184571,17,306521
54017,0.051304,74.125.24.0-255,5738,190309,17,306521
54018,0.051312,172.31.36.0-255,66,190375,17,306521
54019,0.053647,74.125.24.0-255,5738,196113,17,306521
54020,0.05366,172.31.36.0-255,66,196179,17,306521
54021,0.056006,74.125.24.0-255,5738,201917,17,306521
54022,0.056012,172.31.36.0-255,66,201983,17,306521
54023,0.058358,74.125.24.0-255,5738,207721,17,306521
54024,0.058364,172.31.36.0-255,66,207787,17,306521
54025,0.060696,74.125.24.0-255,5738,213525,17,306521
54026,0.060702,172.31.36.0-255,66,213591,17,306521
54027,0.063027,74.125.24.0-255,5738,219329,17,306521
54028,0.063032,172.31.36.0-255,66,219395,17,306521
54029,0.065352,74.125.24.0-255,5738,225133,17,306521
54030,0.065359,172.31.36.0-255,66,225199,17,306521
54031,0.067664,74.125.24.0-255,5738,230937,17,306521
54032,0.06767,172.31.36.0-255,66,231003,17,306521
54033,0.070028,74.125.24.0-255,5738,236741,17,306521
54034,0.070036,172.31.36.0-255,66,236807,17,306521
54035,0.072349,74.125.24.0-255,5738,242545,17,306521
54036,0.072357,172.31.36.0-255,66,242611,17,306521
54037,0.074646,74.125.24.0-255,5738,248349,17,306521
54038,0.074652,172.31.36.0-255,66,248415,17,306521
54039,0.076967,74.125.24.0-255,5738,254153,17,306521
54040,0.076973,172.31.36.0-255,66,254219,17,306521
54041,0.079289,74.125.24.0-255,5738,259957,17,306521
54042,0.079309,172.31.36.0-255,66,260023,17,306521
54043,0.08164,74.125.24.0-255,5738,265761,17,306521
54044,0.081646,172.31.36.0-255,66,265827,17,306521
54045,0.083998,74.125.24.0-255,5738,271565,17,306521
54046,0.084003,172.31.36.0-255,66,271631,17,306521
54047,0.08633,74.125.24.0-255,5738,277369,17,306521
54048,0.08634,172.31.36.0-255,66,277435,17,306521
54049,0.088654,74.125.24.0-255,5738,283173,17,306521
54050,0.088659,172.31.36.0-255,66,283239,17,306521
54051,0.090973,74.125.24.0-255,5738,288977,17,306521
54052,0.09098,172.31.36.0-255,66,289043,17,306521
54053,0.093309,74.125.24.0-255,5738,294781,17,306521
54054,0.093315,172.31.36.0-255,66,294847,17,306521
54055,0.095628,74.125.24.0-255,1484,296331,17,306521
54056,0.095665,74.125.24.0-255,4320,300651,17,306521
54057,0.095669,172.31.36.0-255,66,300717,17,306521
54058,0.09796,74.125.24.0-255,5738,306455,17,306521
54059,0.097966,172.31.36.0-255,66,306521,17,306521
54060,0.0,74.125.200.0-255,218,218,17,348195
54061,2.5e-05,172.31.36.0-255,66,284,17,348195
54062,3.2e-05,74.125.200.0-255,1484,1768,17,348195
54063,3.6e-05,172.31.36.0-255,66,1834,17,348195
54064,5.3e-05,74.125.200.0-255,4320,6154,17,348195
54065,5.6e-05,172.31.36.0-255,66,6220,17,348195
54066,6.4e-05,74.125.200.0-255,7156,13376,17,348195
54067,6.7e-05,172.31.36.0-255,66,13442,17,348195
54068,7.4e-05,74.125.200.0-255,5738,19180,17,348195
54069,7.6e-05,172.31.36.0-255,66,19246,17,348195
54070,0.0001,74.125.200.0-255,1803,21049,17,348195
54071,0.000106,172.31.36.0-255,66,21115,17,348195
54072,0.000113,74.125.200.0-255,4320,25435,17,348195
54073,0.000115,172.31.36.0-255,66,25501,17,348195
54074,0.000122,74.125.200.0-255,5379,30880,17,348195
54075,0.000125,172.31.36.0-255,66,30946,17,348195
54076,0.000204,74.125.200.0-255,1484,32430,17,348195
54077,0.000207,172.31.36.0-255,66,32496,17,348195
54078,0.000212,74.125.200.0-255,2902,35398,17,348195
54079,0.000214,172.31.36.0-255,66,35464,17,348195
54080,0.000237,74.125.200.0-255,1484,36948,17,348195
54081,0.000239,172.31.36.0-255,66,37014,17,348195
54082,0.000247,74.125.200.0-255,1484,38498,17,348195
54083,0.000251,172.31.36.0-255,66,38564,17,348195
54084,0.000271,74.125.200.0-255,1484,40048,17,348195
54085,0.000274,172.31.36.0-255,66,40114,17,348195
54086,0.000299,74.125.200.0-255,4320,44434,17,348195
54087,0.000302,172.31.36.0-255,66,44500,17,348195
54088,0.000327,74.125.200.0-255,1484,45984,17,348195
54089,0.00033,172.31.36.0-255,66,46050,17,348195
54090,0.000345,74.125.200.0-255,4320,50370,17,348195
54091,0.000352,172.31.36.0-255,66,50436,17,348195
54092,0.000355,74.125.200.0-255,1484,51920,17,348195
54093,0.000362,74.125.200.0-255,2902,54822,17,348195
54094,0.000364,172.31.36.0-255,66,54888,17,348195
54095,0.000371,74.125.200.0-255,5738,60626,17,348195
54096,0.000373,172.31.36.0-255,66,60692,17,348195
54097,0.0004,74.125.200.0-255,4320,65012,17,348195
54098,0.000402,172.31.36.0-255,66,65078,17,348195
54099,0.000427,74.125.200.0-255,766,65844,17,348195
54100,0.00043,74.125.200.0-255,448,66292,17,348195
54101,0.000483,74.125.200.0-255,1484,67776,17,348195
54102,0.000486,172.31.36.0-255,66,67842,17,348195
54103,0.000491,74.125.200.0-255,1484,69326,17,348195
54104,0.000512,74.125.200.0-255,1484,70810,17,348195
54105,0.000515,172.31.36.0-255,66,70876,17,348195
54106,0.000521,74.125.200.0-255,5738,76614,17,348195
54107,0.000523,172.31.36.0-255,66,76680,17,348195
54108,0.000527,74.125.200.0-255,1484,78164,17,348195
54109,0.000555,74.125.200.0-255,7156,85320,17,348195
54110,0.000558,172.31.36.0-255,66,85386,17,348195
54111,0.000587,74.125.200.0-255,1484,86870,17,348195
54112,0.0006,172.31.36.0-255,66,86936,17,348195
54113,0.000603,74.125.200.0-255,1484,88420,17,348195
54114,0.000629,74.125.200.0-255,766,89186,17,348195
54115,0.000631,172.31.36.0-255,66,89252,17,348195
54116,0.000658,74.125.200.0-255,329,89581,17,348195
54117,0.000684,74.125.200.0-255,1484,91065,17,348195
54118,0.000687,172.31.36.0-255,66,91131,17,348195
54119,0.000707,74.125.200.0-255,4320,95451,17,348195
54120,0.000709,172.31.36.0-255,66,95517,17,348195
54121,0.000746,172.31.36.0-255,66,95583,17,348195
54122,0.000752,74.125.200.0-255,4320,99903,17,348195
54123,0.000754,172.31.36.0-255,66,99969,17,348195
54124,0.000782,172.31.36.0-255,66,100035,17,348195
54125,0.000806,74.125.200.0-255,1484,101519,17,348195
54126,0.000809,74.125.200.0-255,766,102285,17,348195
54127,0.000811,172.31.36.0-255,66,102351,17,348195
54128,0.000891,74.125.200.0-255,1484,103835,17,348195
54129,0.000895,74.125.200.0-255,1484,105319,17,348195
54130,0.000897,172.31.36.0-255,66,105385,17,348195
54131,0.000909,74.125.200.0-255,1484,106869,17,348195
54132,0.000918,74.125.200.0-255,2902,109771,17,348195
54133,0.00092,172.31.36.0-255,66,109837,17,348195
54134,0.000945,74.125.200.0-255,2902,112739,17,348195
54135,0.000947,172.31.36.0-255,66,112805,17,348195
54136,0.000954,74.125.200.0-255,5738,118543,17,348195
54137,0.000956,172.31.36.0-255,66,118609,17,348195
54138,0.000986,74.125.200.0-255,1484,120093,17,348195
54139,0.000998,172.31.36.0-255,66,120159,17,348195
54140,0.001011,172.31.36.0-255,66,120225,17,348195
54141,0.001569,74.125.200.0-255,1484,121709,17,348195
54142,0.001589,74.125.200.0-255,2902,124611,17,348195
54143,0.001593,172.31.36.0-255,66,124677,17,348195
54144,0.001598,74.125.200.0-255,2902,127579,17,348195
54145,0.0016,172.31.36.0-255,66,127645,17,348195
54146,0.001648,74.125.200.0-255,1484,129129,17,348195
54147,0.001674,74.125.200.0-255,2902,132031,17,348195
54148,0.001677,172.31.36.0-255,66,132097,17,348195
54149,0.001687,172.31.36.0-255,66,132163,17,348195
54150,0.0017,74.125.200.0-255,2902,135065,17,348195
54151,0.001702,172.31.36.0-255,66,135131,17,348195
54152,0.001709,74.125.200.0-255,5738,140869,17,348195
54153,0.001711,172.31.36.0-255,66,140935,17,348195
54154,0.001743,74.125.200.0-255,5020,145955,17,348195
54155,0.001747,172.31.36.0-255,66,146021,17,348195
54156,0.002136,74.125.200.0-255,1484,147505,17,348195
54157,0.002154,74.125.200.0-255,1484,148989,17,348195
54158,0.002158,172.31.36.0-255,66,149055,17,348195
54159,0.002163,74.125.200.0-255,2902,151957,17,348195
54160,0.002166,172.31.36.0-255,66,152023,17,348195
54161,0.002196,74.125.200.0-255,5738,157761,17,348195
54162,0.002198,172.31.36.0-255,66,157827,17,348195
54163,0.002228,74.125.200.0-255,5738,163565,17,348195
54164,0.002231,172.31.36.0-255,66,163631,17,348195
54165,0.002235,74.125.200.0-255,2902,166533,17,348195
54166,0.002237,172.31.36.0-255,66,166599,17,348195
54167,0.002259,74.125.200.0-255,4320,170919,17,348195
54168,0.002265,172.31.36.0-255,66,170985,17,348195
54169,0.002273,74.125.200.0-255,7156,178141,17,348195
54170,0.002276,172.31.36.0-255,66,178207,17,348195
54171,0.002298,74.125.200.0-255,2184,180391,17,348195
54172,0.0023,172.31.36.0-255,66,180457,17,348195
54173,0.002426,74.125.200.0-255,1484,181941,17,348195
54174,0.002442,74.125.200.0-255,2902,184843,17,348195
54175,0.002445,172.31.36.0-255,66,184909,17,348195
54176,0.002467,74.125.200.0-255,5738,190647,17,348195
54177,0.00247,172.31.36.0-255,66,190713,17,348195
54178,0.002483,74.125.200.0-255,7156,197869,17,348195
54179,0.002485,172.31.36.0-255,66,197935,17,348195
54180,0.002523,172.31.36.0-255,66,198001,17,348195
54181,0.002553,74.125.200.0-255,5738,203739,17,348195
54182,0.002555,172.31.36.0-255,66,203805,17,348195
54183,0.002571,172.31.36.0-255,66,203871,17,348195
54184,0.00508,74.125.200.0-255,5738,209609,17,348195
54185,0.005088,172.31.36.0-255,66,209675,17,348195
54186,0.007612,74.125.200.0-255,5738,215413,17,348195
54187,0.00762,172.31.36.0-255,66,215479,17,348195
54188,0.010145,74.125.200.0-255,5738,221217,17,348195
54189,0.01015,172.31.36.0-255,66,221283,17,348195
54190,0.012665,74.125.200.0-255,5738,227021,17,348195
54191,0.012673,172.31.36.0-255,66,227087,17,348195
54192,0.015188,74.125.200.0-255,5738,232825,17,348195
54193,0.015196,172.31.36.0-255,66,232891,17,348195
54194,0.017716,74.125.200.0-255,5738,238629,17,348195
54195,0.017726,172.31.36.0-255,66,238695,17,348195
54196,0.020256,74.125.200.0-255,5738,244433,17,348195
54197,0.020264,172.31.36.0-255,66,244499,17,348195
54198,0.022782,74.125.200.0-255,5738,250237,17,348195
54199,0.02279,172.31.36.0-255,66,250303,17,348195
54200,0.025318,74.125.200.0-255,4320,254623,17,348195
54201,0.025324,172.31.36.0-255,66,254689,17,348195
54202,0.025348,74.125.200.0-255,1484,256173,17,348195
54203,0.027848,74.125.200.0-255,4320,260493,17,348195
54204,0.027855,172.31.36.0-255,66,260559,17,348195
54205,0.030374,74.125.200.0-255,5738,266297,17,348195
54206,0.03038,172.31.36.0-255,66,266363,17,348195
54207,0.030908,172.31.36.0-255,172,266535,17,348195
54208,0.03094,172.31.36.0-255,1116,267651,17,348195
54209,0.031056,172.31.36.0-255,1514,269165,17,348195
54210,0.031059,172.31.36.0-255,1272,270437,17,348195
54211,0.03248,104.244.42.0-255,66,270503,17,348195
54212,0.032488,104.244.42.0-255,66,270569,17,348195
54213,0.032626,104.244.42.0-255,66,270635,17,348195
54214,0.032897,74.125.200.0-255,1484,272119,17,348195
54215,0.032923,74.125.200.0-255,4320,276439,17,348195
54216,0.032929,172.31.36.0-255,66,276505,17,348195
54217,0.035454,74.125.200.0-255,5738,282243,17,348195
54218,0.035461,172.31.36.0-255,66,282309,17,348195
54219,0.038015,74.125.200.0-255,5738,288047,17,348195
54220,0.038022,172.31.36.0-255,66,288113,17,348195
54221,0.040554,74.125.200.0-255,5738,293851,17,348195
54222,0.040563,172.31.36.0-255,66,293917,17,348195
54223,0.043093,74.125.200.0-255,5738,299655,17,348195
54224,0.0431,172.31.36.0-255,66,299721,17,348195
54225,0.045629,74.125.200.0-255,5738,305459,17,348195
54226,0.045636,172.31.36.0-255,66,305525,17,348195
54227,0.048174,74.125.200.0-255,5738,311263,17,348195
54228,0.04818,172.31.36.0-255,66,311329,17,348195
54229,0.050705,74.125.200.0-255,5738,317067,17,348195
54230,0.050711,172.31.36.0-255,66,317133,17,348195
54231,0.053275,74.125.200.0-255,5738,322871,17,348195
54232,0.053283,172.31.36.0-255,66,322937,17,348195
54233,0.05581,74.125.200.0-255,5738,328675,17,348195
54234,0.055817,172.31.36.0-255,66,328741,17,348195
54235,0.058336,74.125.200.0-255,5738,334479,17,348195
54236,0.058343,172.31.36.0-255,66,334545,17,348195
54237,0.060876,74.125.200.0-255,5738,340283,17,348195
54238,0.060886,172.31.36.0-255,66,340349,17,348195
54239,0.063416,74.125.200.0-255,5738,346087,17,348195
54240,0.063424,172.31.36.0-255,66,346153,17,348195
54241,0.065957,74.125.200.0-255,1805,347958,17,348195
54242,0.065964,172.31.36.0-255,66,348024,17,348195
54243,0.066142,172.31.36.0-255,105,348129,17,348195
54244,0.068635,74.125.200.0-255,66,348195,17,348195
54245,0.0,74.125.24.0-255,150,150,17,303294
54246,3.6e-05,172.31.36.0-255,66,216,17,303294
54247,4.4e-05,74.125.24.0-255,1484,1700,17,303294
54248,4.8e-05,172.31.36.0-255,66,1766,17,303294
54249,5.4e-05,74.125.24.0-255,2902,4668,17,303294
54250,5.7e-05,172.31.36.0-255,66,4734,17,303294
54251,6.5e-05,74.125.24.0-255,7156,11890,17,303294
54252,6.7e-05,172.31.36.0-255,66,11956,17,303294
54253,7.4e-05,74.125.24.0-255,6291,18247,17,303294
54254,7.6e-05,172.31.36.0-255,66,18313,17,303294
54255,0.000123,172.31.36.0-255,66,18379,17,303294
54256,0.000347,74.125.24.0-255,1484,19863,17,303294
54257,0.000354,172.31.36.0-255,66,19929,17,303294
54258,0.00036,74.125.24.0-255,2902,22831,17,303294
54259,0.000362,172.31.36.0-255,66,22897,17,303294
54260,0.000365,74.125.24.0-255,1484,24381,17,303294
54261,0.000367,172.31.36.0-255,66,24447,17,303294
54262,0.000395,74.125.24.0-255,4320,28767,17,303294
54263,0.000398,172.31.36.0-255,66,28833,17,303294
54264,0.000416,74.125.24.0-255,7156,35989,17,303294
54265,0.000419,172.31.36.0-255,66,36055,17,303294
54266,0.000446,74.125.24.0-255,6797,42852,17,303294
54267,0.000449,172.31.36.0-255,66,42918,17,303294
54268,0.000453,74.125.24.0-255,1484,44402,17,303294
54269,0.000457,74.125.24.0-255,4320,48722,17,303294
54270,0.000457,172.31.36.0-255,66,48788,17,303294
54271,0.000461,172.31.36.0-255,66,48854,17,303294
54272,0.000474,74.125.24.0-255,3961,52815,17,303294
54273,0.000478,172.31.36.0-255,66,52881,17,303294
54274,0.000858,74.125.24.0-255,646,53527,17,303294
54275,0.000863,172.31.36.0-255,66,53593,17,303294
54276,0.000974,74.125.24.0-255,1484,55077,17,303294
54277,0.000984,74.125.24.0-255,2902,57979,17,303294
54278,0.000989,172.31.36.0-255,66,58045,17,303294
54279,0.000996,74.125.24.0-255,5738,63783,17,303294
54280,0.000998,172.31.36.0-255,66,63849,17,303294
54281,0.001024,74.125.24.0-255,6797,70646,17,303294
54282,0.001028,172.31.36.0-255,66,70712,17,303294
54283,0.001055,74.125.24.0-255,7156,77868,17,303294
54284,0.001059,172.31.36.0-255,66,77934,17,303294
54285,0.001088,74.125.24.0-255,7156,85090,17,303294
54286,0.001091,172.31.36.0-255,66,85156,17,303294
54287,0.001096,74.125.24.0-255,2543,87699,17,303294
54288,0.001099,172.31.36.0-255,66,87765,17,303294
54289,0.001222,74.125.24.0-255,1484,89249,17,303294
54290,0.001228,74.125.24.0-255,1484,90733,17,303294
54291,0.001233,172.31.36.0-255,66,90799,17,303294
54292,0.001256,74.125.24.0-255,1484,92283,17,303294
54293,0.001264,74.125.24.0-255,5738,98021,17,303294
54294,0.001266,172.31.36.0-255,66,98087,17,303294
54295,0.001272,74.125.24.0-255,2902,100989,17,303294
54296,0.001273,172.31.36.0-255,66,101055,17,303294
54297,0.001299,172.31.36.0-255,66,101121,17,303294
54298,0.001388,74.125.24.0-255,7156,108277,17,303294
54299,0.001396,172.31.36.0-255,66,108343,17,303294
54300,0.001419,74.125.24.0-255,3602,111945,17,303294
54301,0.001422,172.31.36.0-255,66,112011,17,303294
54302,0.001519,74.125.24.0-255,1484,113495,17,303294
54303,0.001524,74.125.24.0-255,2902,116397,17,303294
54304,0.001528,172.31.36.0-255,66,116463,17,303294
54305,0.00155,74.125.24.0-255,5738,122201,17,303294
54306,0.001554,172.31.36.0-255,66,122267,17,303294
54307,0.001564,74.125.24.0-255,1484,123751,17,303294
54308,0.001594,172.31.36.0-255,66,123817,17,303294
54309,0.001605,172.31.36.0-255,66,123883,17,303294
54310,0.001636,74.125.24.0-255,2184,126067,17,303294
54311,0.001639,172.31.36.0-255,66,126133,17,303294
54312,0.001728,74.125.24.0-255,1484,127617,17,303294
54313,0.001747,74.125.24.0-255,2902,130519,17,303294
54314,0.00175,172.31.36.0-255,66,130585,17,303294
54315,0.001756,74.125.24.0-255,5738,136323,17,303294
54316,0.001759,172.31.36.0-255,66,136389,17,303294
54317,0.001795,74.125.24.0-255,7156,143545,17,303294
54318,0.001799,172.31.36.0-255,66,143611,17,303294
54319,0.001816,74.125.24.0-255,2902,146513,17,303294
54320,0.001819,172.31.36.0-255,66,146579,17,303294
54321,0.001824,74.125.24.0-255,4320,150899,17,303294
54322,0.001827,172.31.36.0-255,66,150965,17,303294
54323,0.001857,74.125.24.0-255,7156,158121,17,303294
54324,0.00186,172.31.36.0-255,66,158187,17,303294
54325,0.001871,172.31.36.0-255,66,158253,17,303294
54326,0.001882,172.31.36.0-255,66,158319,17,303294
54327,0.001938,172.31.36.0-255,66,158385,17,303294
54328,0.001959,74.125.24.0-255,1484,159869,17,303294
54329,0.001964,74.125.24.0-255,2902,162771,17,303294
54330,0.001966,172.31.36.0-255,66,162837,17,303294
54331,0.001971,74.125.24.0-255,4320,167157,17,303294
54332,0.001973,172.31.36.0-255,66,167223,17,303294
54333,0.001988,74.125.24.0-255,1484,168707,17,303294
54334,0.002015,172.31.36.0-255,66,168773,17,303294
54335,0.002023,172.31.36.0-255,66,168839,17,303294
54336,0.002027,74.125.24.0-255,2184,171023,17,303294
54337,0.002029,172.31.36.0-255,66,171089,17,303294
54338,0.002051,74.125.24.0-255,2902,173991,17,303294
54339,0.002053,172.31.36.0-255,66,174057,17,303294
54340,0.002072,74.125.24.0-255,7156,181213,17,303294
54341,0.002074,172.31.36.0-255,66,181279,17,303294
54342,0.002096,74.125.24.0-255,1484,182763,17,303294
54343,0.002127,172.31.36.0-255,66,182829,17,303294
54344,0.002137,172.31.36.0-255,66,182895,17,303294
54345,0.002154,74.125.24.0-255,3602,186497,17,303294
54346,0.002156,172.31.36.0-255,66,186563,17,303294
54347,0.004406,74.125.24.0-255,1484,188047,17,303294
54348,0.004428,74.125.24.0-255,4320,192367,17,303294
54349,0.004434,172.31.36.0-255,66,192433,17,303294
54350,0.00672,74.125.24.0-255,5738,198171,17,303294
54351,0.00673,172.31.36.0-255,66,198237,17,303294
54352,0.009,74.125.24.0-255,5738,203975,17,303294
54353,0.009016,172.31.36.0-255,66,204041,17,303294
54354,0.011277,74.125.24.0-255,5738,209779,17,303294
54355,0.011292,172.31.36.0-255,66,209845,17,303294
54356,0.013573,74.125.24.0-255,5738,215583,17,303294
54357,0.013587,172.31.36.0-255,66,215649,17,303294
54358,0.015842,74.125.24.0-255,5738,221387,17,303294
54359,0.015849,172.31.36.0-255,66,221453,17,303294
54360,0.018109,74.125.24.0-255,5738,227191,17,303294
54361,0.018115,172.31.36.0-255,66,227257,17,303294
54362,0.020372,74.125.24.0-255,5738,232995,17,303294
54363,0.02038,172.31.36.0-255,66,233061,17,303294
54364,0.022659,74.125.24.0-255,5738,238799,17,303294
54365,0.022668,172.31.36.0-255,66,238865,17,303294
54366,0.024923,74.125.24.0-255,5738,244603,17,303294
54367,0.024932,172.31.36.0-255,66,244669,17,303294
54368,0.027189,74.125.24.0-255,5738,250407,17,303294
54369,0.027196,172.31.36.0-255,66,250473,17,303294
54370,0.028634,172.31.36.0-255,176,250649,17,303294
54371,0.028666,172.31.36.0-255,1118,251767,17,303294
54372,0.028713,172.31.36.0-255,1514,253281,17,303294
54373,0.028715,172.31.36.0-255,1270,254551,17,303294
54374,0.02946,74.125.24.0-255,5738,260289,17,303294
54375,0.029467,172.31.36.0-255,66,260355,17,303294
54376,0.030175,104.244.42.0-255,66,260421,17,303294
54377,0.030195,104.244.42.0-255,66,260487,17,303294
54378,0.030276,104.244.42.0-255,66,260553,17,303294
54379,0.031709,74.125.24.0-255,5738,266291,17,303294
54380,0.031715,172.31.36.0-255,66,266357,17,303294
54381,0.033954,74.125.24.0-255,5738,272095,17,303294
54382,0.03396,172.31.36.0-255,66,272161,17,303294
54383,0.036215,74.125.24.0-255,5738,277899,17,303294
54384,0.036223,172.31.36.0-255,66,277965,17,303294
54385,0.03846,74.125.24.0-255,5738,283703,17,303294
54386,0.038468,172.31.36.0-255,66,283769,17,303294
54387,0.040709,74.125.24.0-255,5738,289507,17,303294
54388,0.040715,172.31.36.0-255,66,289573,17,303294
54389,0.042943,74.125.24.0-255,4320,293893,17,303294
54390,0.042964,172.31.36.0-255,66,293959,17,303294
54391,0.042982,74.125.24.0-255,1484,295443,17,303294
54392,0.04522,74.125.24.0-255,4320,299763,17,303294
54393,0.045225,172.31.36.0-255,66,299829,17,303294
54394,0.047464,74.125.24.0-255,3228,303057,17,303294
54395,0.047469,172.31.36.0-255,66,303123,17,303294
54396,0.047655,172.31.36.0-255,105,303228,17,303294
54397,0.049876,74.125.24.0-255,66,303294,17,303294
54398,0.0,74.125.200.0-255,153,153,17,260811
54399,1.8e-05,172.31.36.0-255,66,219,17,260811
54400,2.4e-05,74.125.200.0-255,1484,1703,17,260811
54401,3e-05,172.31.36.0-255,66,1769,17,260811
54402,3.3e-05,74.125.200.0-255,1484,3253,17,260811
54403,3.6e-05,172.31.36.0-255,66,3319,17,260811
54404,4.2e-05,74.125.200.0-255,2902,6221,17,260811
54405,4.5e-05,172.31.36.0-255,66,6287,17,260811
54406,7.4e-05,74.125.200.0-255,5738,12025,17,260811
54407,7.8e-05,172.31.36.0-255,66,12091,17,260811
54408,0.000134,74.125.200.0-255,2037,14128,17,260811
54409,0.000137,172.31.36.0-255,66,14194,17,260811
54410,0.00017,74.125.200.0-255,4320,18514,17,260811
54411,0.000173,172.31.36.0-255,66,18580,17,260811
54412,0.000189,74.125.200.0-255,4320,22900,17,260811
54413,0.000192,172.31.36.0-255,66,22966,17,260811
54414,0.000272,74.125.200.0-255,7156,30122,17,260811
54415,0.000278,172.31.36.0-255,66,30188,17,260811
54416,0.000301,74.125.200.0-255,1125,31313,17,260811
54417,0.000303,172.31.36.0-255,66,31379,17,260811
54418,0.000372,74.125.200.0-255,4320,35699,17,260811
54419,0.000375,172.31.36.0-255,66,35765,17,260811
54420,0.000394,74.125.200.0-255,4320,40085,17,260811
54421,0.000397,172.31.36.0-255,66,40151,17,260811
54422,0.000484,74.125.200.0-255,5738,45889,17,260811
54423,0.000488,172.31.36.0-255,66,45955,17,260811
54424,0.000507,74.125.200.0-255,3961,49916,17,260811
54425,0.00051,172.31.36.0-255,66,49982,17,260811
54426,0.000607,74.125.200.0-255,5738,55720,17,260811
54427,0.000612,172.31.36.0-255,66,55786,17,260811
54428,0.000642,172.31.36.0-255,66,55852,17,260811
54429,0.00078,74.125.200.0-255,648,56500,17,260811
54430,0.000804,74.125.200.0-255,4320,60820,17,260811
54431,0.000816,172.31.36.0-255,66,60886,17,260811
54432,0.00082,74.125.200.0-255,2902,63788,17,260811
54433,0.000824,172.31.36.0-255,66,63854,17,260811
54434,0.000904,74.125.200.0-255,7156,71010,17,260811
54435,0.000916,74.125.200.0-255,2902,73912,17,260811
54436,0.000924,172.31.36.0-255,66,73978,17,260811
54437,0.001025,74.125.200.0-255,5738,79716,17,260811
54438,0.001028,172.31.36.0-255,66,79782,17,260811
54439,0.001069,172.31.36.0-255,66,79848,17,260811
54440,0.00126,74.125.200.0-255,2902,82750,17,260811
54441,0.001264,172.31.36.0-255,66,82816,17,260811
54442,0.001334,172.31.36.0-255,66,82882,17,260811
54443,0.00146,172.31.36.0-255,66,82948,17,260811
54444,0.001494,172.31.36.0-255,66,83014,17,260811
54445,0.001661,74.125.200.0-255,1484,84498,17,260811
54446,0.001688,172.31.36.0-255,66,84564,17,260811
54447,0.001714,172.31.36.0-255,66,84630,17,260811
54448,0.00173,172.31.36.0-255,66,84696,17,260811
54449,0.002102,74.125.200.0-255,4320,89016,17,260811
54450,0.002106,172.31.36.0-255,66,89082,17,260811
54451,0.002152,74.125.200.0-255,4320,93402,17,260811
54452,0.002435,74.125.200.0-255,7156,100558,17,260811
54453,0.002491,74.125.200.0-255,7138,107696,17,260811
54454,0.010896,74.125.200.0-255,1484,109180,17,260811
54455,0.012362,172.31.36.0-255,66,109246,17,260811
54456,0.014305,74.125.200.0-255,5738,114984,17,260811
54457,0.01432,172.31.36.0-255,66,115050,17,260811
54458,0.016297,74.125.200.0-255,5738,120788,17,260811
54459,0.016309,172.31.36.0-255,66,120854,17,260811
54460,0.018237,74.125.200.0-255,5738,126592,17,260811
54461,0.018245,172.31.36.0-255,66,126658,17,260811
54462,0.020168,74.125.200.0-255,5738,132396,17,260811
54463,0.021861,172.31.36.0-255,66,132462,17,260811
54464,0.0238,74.125.200.0-255,5738,138200,17,260811
54465,0.023809,172.31.36.0-255,66,138266,17,260811
54466,0.025764,74.125.200.0-255,5738,144004,17,260811
54467,0.025772,172.31.36.0-255,66,144070,17,260811
54468,0.027693,74.125.200.0-255,5738,149808,17,260811
54469,0.027701,172.31.36.0-255,66,149874,17,260811
54470,0.029632,74.125.200.0-255,5738,155612,17,260811
54471,0.029639,172.31.36.0-255,66,155678,17,260811
54472,0.031561,74.125.200.0-255,5738,161416,17,260811
54473,0.031569,172.31.36.0-255,66,161482,17,260811
54474,0.033486,74.125.200.0-255,5738,167220,17,260811
54475,0.033492,172.31.36.0-255,66,167286,17,260811
54476,0.03543,74.125.200.0-255,5738,173024,17,260811
54477,0.035437,172.31.36.0-255,66,173090,17,260811
54478,0.037358,74.125.200.0-255,5738,178828,17,260811
54479,0.037366,172.31.36.0-255,66,178894,17,260811
54480,0.039292,74.125.200.0-255,5738,184632,17,260811
54481,0.0393,172.31.36.0-255,66,184698,17,260811
54482,0.041226,74.125.200.0-255,5738,190436,17,260811
54483,0.041234,172.31.36.0-255,66,190502,17,260811
54484,0.043153,74.125.200.0-255,5738,196240,17,260811
54485,0.04316,172.31.36.0-255,66,196306,17,260811
54486,0.043661,172.31.36.0-255,172,196478,17,260811
54487,0.043694,172.31.36.0-255,1117,197595,17,260811
54488,0.043757,172.31.36.0-255,1514,199109,17,260811
54489,0.043759,172.31.36.0-255,1514,200623,17,260811
54490,0.043763,172.31.36.0-255,1514,202137,17,260811
54491,0.043765,172.31.36.0-255,1049,203186,17,260811
54492,0.045088,74.125.200.0-255,5738,208924,17,260811
54493,0.045095,172.31.36.0-255,66,208990,17,260811
54494,0.045188,104.244.42.0-255,66,209056,17,260811
54495,0.045242,104.244.42.0-255,66,209122,17,260811
54496,0.045325,104.244.42.0-255,66,209188,17,260811
54497,0.04533,104.244.42.0-255,66,209254,17,260811
54498,0.047031,74.125.200.0-255,5738,214992,17,260811
54499,0.047038,172.31.36.0-255,66,215058,17,260811
54500,0.048987,74.125.200.0-255,5738,220796,17,260811
54501,0.048994,172.31.36.0-255,66,220862,17,260811
54502,0.050926,74.125.200.0-255,5738,226600,17,260811
54503,0.050932,172.31.36.0-255,66,226666,17,260811
54504,0.052916,74.125.200.0-255,5738,232404,17,260811
54505,0.052924,172.31.36.0-255,66,232470,17,260811
54506,0.054848,74.125.200.0-255,4320,236790,17,260811
54507,0.054854,172.31.36.0-255,66,236856,17,260811
54508,0.054874,74.125.200.0-255,1484,238340,17,260811
54509,0.056771,74.125.200.0-255,4320,242660,17,260811
54510,0.056778,172.31.36.0-255,66,242726,17,260811
54511,0.058718,74.125.200.0-255,5738,248464,17,260811
54512,0.058771,172.31.36.0-255,66,248530,17,260811
54513,0.060697,74.125.200.0-255,5738,254268,17,260811
54514,0.060703,172.31.36.0-255,66,254334,17,260811
54515,0.062633,74.125.200.0-255,5738,260072,17,260811
54516,0.06264,172.31.36.0-255,66,260138,17,260811
54517,0.064542,74.125.200.0-255,436,260574,17,260811
54518,0.064673,172.31.36.0-255,66,260640,17,260811
54519,0.064708,172.31.36.0-255,105,260745,17,260811
54520,0.066599,74.125.200.0-255,66,260811,17,260811
